date,county,fips,population,confirmed_cases,reported_cases,probable_cases,reported_and_probable_cases,reported_deaths
2021-10-17,Alameda,1,1643700,117413,117423,2860,120283,1376
2021-10-17,Alpine,3,1148,103,103,0,103,0
2021-10-17,Amador,5,37829,5340,5341,62,5403,64
2021-10-17,Butte,7,227075,19897,19897,3751,23648,265
2021-10-17,Calaveras,9,45235,3805,3805,46,3851,80
2021-10-17,Colusa,11,21464,2441,2442,586,3028,18
2021-10-17,Contra Costa,13,1133247,97483,97485,2127,99612,995
2021-10-17,Del Norte,15,27424,3526,3526,45,3571,41
2021-10-17,El Dorado,17,186661,15438,15438,1645,17083,149
2021-10-17,Fresno,19,978130,133429,133429,11689,145118,2063
2021-10-17,Glenn,21,27897,3364,3364,972,4336,32
2021-10-17,Humboldt,23,135768,8688,8690,481,9171,104
2021-10-17,Imperial,25,180216,32515,32520,3271,35791,764
2021-10-17,Inyo,27,18085,2000,2000,35,2035,40
2021-10-17,Kern,29,883053,122081,122085,20441,142526,1603
2021-10-17,Kings,31,150075,30634,30636,1946,32582,315
2021-10-17,Lake,33,64148,6437,6437,128,6565,104
2021-10-17,Lassen,35,31185,6605,6605,327,6932,26
2021-10-17,Los Angeles,37,10098052,1412141,1412371,55569,1467940,26443
2021-10-17,Madera,39,155013,21867,21869,1811,23680,277
2021-10-17,Marin,41,260295,17206,17211,433,17644,243
2021-10-17,Mariposa,43,17540,1150,1150,31,1181,5
2021-10-17,Mendocino,45,87422,7148,7148,428,7576,82
2021-10-17,Merced,47,269075,40529,40531,1516,42047,579
2021-10-17,Modoc,49,8938,498,498,177,675,5
2021-10-17,Mono,51,14174,1640,1640,16,1656,3
2021-10-17,Monterey,53,433212,47369,47369,3402,50771,583
2021-10-17,Napa,55,140530,12752,12753,102,12855,100
2021-10-17,Nevada,57,99092,8789,8794,300,9094,90
2021-10-17,Orange,59,3164182,301413,301414,14628,316042,5524
2021-10-17,Placer,61,380077,35559,35559,3558,39117,420
2021-10-17,Plumas,63,18699,1571,1571,33,1604,6
2021-10-17,Riverside,65,2383286,353443,353500,16907,370407,5008
2021-10-17,Sacramento,67,1510023,154078,154080,4357,158437,2213
2021-10-17,San Benito,69,59416,7248,7250,163,7413,71
2021-10-17,San Bernardino,71,2135413,346479,346524,10887,357411,5597
2021-10-17,San Diego,73,3302833,364675,364675,0,364675,4163
2021-10-17,San Francisco,75,870044,51618,51625,2595,54220,644
2021-10-17,San Joaquin,77,732212,96942,96950,5300,102250,1721
2021-10-17,San Luis Obispo,79,281455,28593,28604,1193,29797,331
2021-10-17,San Mateo,81,765935,52534,52541,1429,53970,571
2021-10-17,Santa Barbara,83,443738,43344,43344,1660,45004,522
2021-10-17,Santa Clara,85,1922200,143755,143768,1236,145004,1895
2021-10-17,Santa Cruz,87,273765,19861,19861,1067,20928,218
2021-10-17,Shasta,89,179085,20116,20116,3428,23544,312
2021-10-17,Sierra,91,2930,165,165,16,181,0
2021-10-17,Siskiyou,93,43540,3204,3204,1254,4458,42
2021-10-17,Solano,95,438530,44711,44722,1176,45898,340
2021-10-17,Sonoma,97,501317,40297,40306,516,40822,392
2021-10-17,Stanislaus,99,539301,76335,76354,8499,84853,1145
2021-10-17,Sutter,101,95872,13538,13543,304,13847,172
2021-10-17,Tehama,103,63373,8014,8015,1391,9406,107
2021-10-17,Trinity,105,12862,686,686,181,867,11
2021-10-17,Tulare,107,460477,65057,65057,14456,79513,958
2021-10-17,Tuolumne,109,53932,6735,6735,73,6808,89
2021-10-17,Ventura,111,848112,96454,96458,4341,100799,1165
2021-10-17,Yolo,113,214977,19171,19171,1069,20240,248
2021-10-17,Yuba,115,75493,9769,9771,237,10008,82
2021-10-16,Alameda,1,1643700,117413,117027,2860,119887,1365
2021-10-16,Alpine,3,1148,103,102,0,102,0
2021-10-16,Amador,5,37829,5340,5310,62,5372,64
2021-10-16,Butte,7,227075,19897,19612,3751,23363,260
2021-10-16,Calaveras,9,45235,3805,3771,46,3817,80
2021-10-16,Colusa,11,21464,2441,2431,586,3017,18
2021-10-16,Contra Costa,13,1133247,97483,97107,2127,99234,982
2021-10-16,Del Norte,15,27424,3526,3516,45,3561,41
2021-10-16,El Dorado,17,186661,15438,15315,1645,16960,149
2021-10-16,Fresno,19,978130,133429,132433,11689,144122,2051
2021-10-16,Glenn,21,27897,3364,3331,972,4303,26
2021-10-16,Humboldt,23,135768,8688,8621,481,9102,104
2021-10-16,Imperial,25,180216,32515,32368,3271,35639,764
2021-10-16,Inyo,27,18085,2000,1932,35,1967,39
2021-10-16,Kern,29,883053,122081,121354,20441,141795,1590
2021-10-16,Kings,31,150075,30634,30418,1946,32364,314
2021-10-16,Lake,33,64148,6437,6378,128,6506,104
2021-10-16,Lassen,35,31185,6605,6559,327,6886,26
2021-10-16,Los Angeles,37,10098052,1412141,1409418,55569,1464987,26398
2021-10-16,Madera,39,155013,21867,21707,1811,23518,277
2021-10-16,Marin,41,260295,17206,17148,433,17581,243
2021-10-16,Mariposa,43,17540,1150,1096,31,1127,5
2021-10-16,Mendocino,45,87422,7148,7099,428,7527,82
2021-10-16,Merced,47,269075,40529,40265,1516,41781,577
2021-10-16,Modoc,49,8938,498,492,177,669,5
2021-10-16,Mono,51,14174,1640,1628,16,1644,3
2021-10-16,Monterey,53,433212,47369,47293,3402,50695,582
2021-10-16,Napa,55,140530,12752,12706,102,12808,100
2021-10-16,Nevada,57,99092,8789,8739,300,9039,90
2021-10-16,Orange,59,3164182,301413,300722,14628,315350,5509
2021-10-16,Placer,61,380077,35559,35343,3558,38901,412
2021-10-16,Plumas,63,18699,1571,1542,33,1575,6
2021-10-16,Riverside,65,2383286,353443,352435,16907,369342,4990
2021-10-16,Sacramento,67,1510023,154078,153264,4357,157621,2192
2021-10-16,San Benito,69,59416,7248,7210,163,7373,71
2021-10-16,San Bernardino,71,2135413,346479,345418,10887,356305,5566
2021-10-16,San Diego,73,3302833,364675,363109,0,363109,4151
2021-10-16,San Francisco,75,870044,51618,51436,2595,54031,645
2021-10-16,San Joaquin,77,732212,96942,96507,5300,101807,1708
2021-10-16,San Luis Obispo,79,281455,28593,28460,1193,29653,329
2021-10-16,San Mateo,81,765935,52534,52399,1429,53828,569
2021-10-16,Santa Barbara,83,443738,43344,43175,1660,44835,521
2021-10-16,Santa Clara,85,1922200,143755,143282,1236,144518,1890
2021-10-16,Santa Cruz,87,273765,19861,19794,1067,20861,218
2021-10-16,Shasta,89,179085,20116,19932,3428,23360,309
2021-10-16,Sierra,91,2930,165,160,16,176,0
2021-10-16,Siskiyou,93,43540,3204,3173,1254,4427,42
2021-10-16,Solano,95,438530,44711,44585,1176,45761,334
2021-10-16,Sonoma,97,501317,40297,40195,516,40711,390
2021-10-16,Stanislaus,99,539301,76335,75868,8499,84367,1142
2021-10-16,Sutter,101,95872,13538,13471,304,13775,169
2021-10-16,Tehama,103,63373,8014,7907,1391,9298,104
2021-10-16,Trinity,105,12862,686,679,181,860,11
2021-10-16,Tulare,107,460477,65057,64489,14456,78945,951
2021-10-16,Tuolumne,109,53932,6735,6666,73,6739,89
2021-10-16,Ventura,111,848112,96454,96181,4341,100522,1164
2021-10-16,Yolo,113,214977,19171,19078,1069,20147,247
2021-10-16,Yuba,115,75493,9769,9705,237,9942,82
2021-10-15,Alameda,1,1643700,117405,117027,2860,119887,1365
2021-10-15,Alpine,3,1148,103,102,0,102,0
2021-10-15,Amador,5,37829,5339,5310,62,5372,64
2021-10-15,Butte,7,227075,19896,19612,3751,23363,260
2021-10-15,Calaveras,9,45235,3805,3771,46,3817,80
2021-10-15,Colusa,11,21464,2441,2431,586,3017,18
2021-10-15,Contra Costa,13,1133247,97474,97107,2127,99234,982
2021-10-15,Del Norte,15,27424,3525,3516,45,3561,41
2021-10-15,El Dorado,17,186661,15438,15315,1645,16960,149
2021-10-15,Fresno,19,978130,133404,132433,11689,144122,2051
2021-10-15,Glenn,21,27897,3363,3331,972,4303,26
2021-10-15,Humboldt,23,135768,8688,8621,481,9102,104
2021-10-15,Imperial,25,180216,32513,32368,3271,35639,764
2021-10-15,Inyo,27,18085,1992,1932,35,1967,39
2021-10-15,Kern,29,883053,122067,121354,20441,141795,1590
2021-10-15,Kings,31,150075,30627,30418,1946,32364,314
2021-10-15,Lake,33,64148,6436,6378,128,6506,104
2021-10-15,Lassen,35,31185,6605,6559,327,6886,26
2021-10-15,Los Angeles,37,10098052,1412120,1409418,55569,1464987,26398
2021-10-15,Madera,39,155013,21858,21707,1811,23518,277
2021-10-15,Marin,41,260295,17206,17148,433,17581,243
2021-10-15,Mariposa,43,17540,1149,1096,31,1127,5
2021-10-15,Mendocino,45,87422,7147,7099,428,7527,82
2021-10-15,Merced,47,269075,40528,40265,1516,41781,577
2021-10-15,Modoc,49,8938,498,492,177,669,5
2021-10-15,Mono,51,14174,1640,1628,16,1644,3
2021-10-15,Monterey,53,433212,47365,47293,3402,50695,582
2021-10-15,Napa,55,140530,12752,12706,102,12808,100
2021-10-15,Nevada,57,99092,8789,8739,300,9039,90
2021-10-15,Orange,59,3164182,301393,300722,14628,315350,5509
2021-10-15,Placer,61,380077,35549,35343,3558,38901,412
2021-10-15,Plumas,63,18699,1571,1542,33,1575,6
2021-10-15,Riverside,65,2383286,353432,352435,16907,369342,4990
2021-10-15,Sacramento,67,1510023,154058,153264,4357,157621,2192
2021-10-15,San Benito,69,59416,7246,7210,163,7373,71
2021-10-15,San Bernardino,71,2135413,346463,345418,10887,356305,5566
2021-10-15,San Diego,73,3302833,364645,363109,0,363109,4151
2021-10-15,San Francisco,75,870044,51611,51436,2595,54031,645
2021-10-15,San Joaquin,77,732212,96925,96507,5300,101807,1708
2021-10-15,San Luis Obispo,79,281455,28588,28460,1193,29653,329
2021-10-15,San Mateo,81,765935,52529,52399,1429,53828,569
2021-10-15,Santa Barbara,83,443738,43337,43175,1660,44835,521
2021-10-15,Santa Clara,85,1922200,143747,143282,1236,144518,1890
2021-10-15,Santa Cruz,87,273765,19861,19794,1067,20861,218
2021-10-15,Shasta,89,179085,20116,19932,3428,23360,309
2021-10-15,Sierra,91,2930,165,160,16,176,0
2021-10-15,Siskiyou,93,43540,3203,3173,1254,4427,42
2021-10-15,Solano,95,438530,44710,44585,1176,45761,334
2021-10-15,Sonoma,97,501317,40295,40195,516,40711,390
2021-10-15,Stanislaus,99,539301,76323,75868,8499,84367,1142
2021-10-15,Sutter,101,95872,13530,13471,304,13775,169
2021-10-15,Tehama,103,63373,8014,7907,1391,9298,104
2021-10-15,Trinity,105,12862,686,679,181,860,11
2021-10-15,Tulare,107,460477,65043,64489,14456,78945,951
2021-10-15,Tuolumne,109,53932,6728,6666,73,6739,89
2021-10-15,Ventura,111,848112,96442,96181,4341,100522,1164
2021-10-15,Yolo,113,214977,19170,19078,1069,20147,247
2021-10-15,Yuba,115,75493,9763,9705,237,9942,82
2021-10-14,Alameda,1,1643700,117349,117027,2860,119887,1365
2021-10-14,Alpine,3,1148,103,102,0,102,0
2021-10-14,Amador,5,37829,5335,5310,62,5372,64
2021-10-14,Butte,7,227075,19865,19612,3751,23363,260
2021-10-14,Calaveras,9,45235,3804,3771,46,3817,80
2021-10-14,Colusa,11,21464,2438,2431,586,3017,18
2021-10-14,Contra Costa,13,1133247,97422,97107,2127,99234,982
2021-10-14,Del Norte,15,27424,3523,3516,45,3561,41
2021-10-14,El Dorado,17,186661,15415,15315,1645,16960,149
2021-10-14,Fresno,19,978130,133307,132433,11689,144122,2051
2021-10-14,Glenn,21,27897,3362,3331,972,4303,26
2021-10-14,Humboldt,23,135768,8682,8621,481,9102,104
2021-10-14,Imperial,25,180216,32469,32368,3271,35639,764
2021-10-14,Inyo,27,18085,1988,1932,35,1967,39
2021-10-14,Kern,29,883053,122013,121354,20441,141795,1590
2021-10-14,Kings,31,150075,30608,30418,1946,32364,314
2021-10-14,Lake,33,64148,6436,6378,128,6506,104
2021-10-14,Lassen,35,31185,6601,6559,327,6886,26
2021-10-14,Los Angeles,37,10098052,1411708,1409418,55569,1464987,26398
2021-10-14,Madera,39,155013,21842,21707,1811,23518,277
2021-10-14,Marin,41,260295,17198,17148,433,17581,243
2021-10-14,Mariposa,43,17540,1149,1096,31,1127,5
2021-10-14,Mendocino,45,87422,7144,7099,428,7527,82
2021-10-14,Merced,47,269075,40496,40265,1516,41781,577
2021-10-14,Modoc,49,8938,498,492,177,669,5
2021-10-14,Mono,51,14174,1640,1628,16,1644,3
2021-10-14,Monterey,53,433212,47358,47293,3402,50695,582
2021-10-14,Napa,55,140530,12747,12706,102,12808,100
2021-10-14,Nevada,57,99092,8786,8739,300,9039,90
2021-10-14,Orange,59,3164182,301298,300722,14628,315350,5509
2021-10-14,Placer,61,380077,35511,35343,3558,38901,412
2021-10-14,Plumas,63,18699,1566,1542,33,1575,6
2021-10-14,Riverside,65,2383286,353265,352435,16907,369342,4990
2021-10-14,Sacramento,67,1510023,153961,153264,4357,157621,2192
2021-10-14,San Benito,69,59416,7237,7210,163,7373,71
2021-10-14,San Bernardino,71,2135413,346255,345418,10887,356305,5566
2021-10-14,San Diego,73,3302833,364450,363109,0,363109,4151
2021-10-14,San Francisco,75,870044,51585,51436,2595,54031,645
2021-10-14,San Joaquin,77,732212,96856,96507,5300,101807,1708
2021-10-14,San Luis Obispo,79,281455,28582,28460,1193,29653,329
2021-10-14,San Mateo,81,765935,52508,52399,1429,53828,569
2021-10-14,Santa Barbara,83,443738,43317,43175,1660,44835,521
2021-10-14,Santa Clara,85,1922200,143665,143282,1236,144518,1890
2021-10-14,Santa Cruz,87,273765,19855,19794,1067,20861,218
2021-10-14,Shasta,89,179085,20113,19932,3428,23360,309
2021-10-14,Sierra,91,2930,165,160,16,176,0
2021-10-14,Siskiyou,93,43540,3201,3173,1254,4427,42
2021-10-14,Solano,95,438530,44686,44585,1176,45761,334
2021-10-14,Sonoma,97,501317,40275,40195,516,40711,390
2021-10-14,Stanislaus,99,539301,76252,75868,8499,84367,1142
2021-10-14,Sutter,101,95872,13527,13471,304,13775,169
2021-10-14,Tehama,103,63373,8008,7907,1391,9298,104
2021-10-14,Trinity,105,12862,686,679,181,860,11
2021-10-14,Tulare,107,460477,64997,64489,14456,78945,951
2021-10-14,Tuolumne,109,53932,6721,6666,73,6739,89
2021-10-14,Ventura,111,848112,96414,96181,4341,100522,1164
2021-10-14,Yolo,113,214977,19160,19078,1069,20147,247
2021-10-14,Yuba,115,75493,9755,9705,237,9942,82
2021-10-13,Alameda,1,1643700,117250,116914,2860,119774,1360
2021-10-13,Alpine,3,1148,103,102,0,102,0
2021-10-13,Amador,5,37829,5331,5305,62,5367,63
2021-10-13,Butte,7,227075,19823,19546,3751,23297,257
2021-10-13,Calaveras,9,45235,3801,3756,46,3802,79
2021-10-13,Colusa,11,21464,2435,2430,586,3016,18
2021-10-13,Contra Costa,13,1133247,97313,96975,2127,99102,969
2021-10-13,Del Norte,15,27424,3519,3512,45,3557,39
2021-10-13,El Dorado,17,186661,15398,15302,1645,16947,149
2021-10-13,Fresno,19,978130,133013,132055,11689,143744,2048
2021-10-13,Glenn,21,27897,3355,3327,972,4299,26
2021-10-13,Humboldt,23,135768,8674,8604,481,9085,102
2021-10-13,Imperial,25,180216,32430,32317,3271,35588,762
2021-10-13,Inyo,27,18085,1958,1907,35,1942,39
2021-10-13,Kern,29,883053,121872,120956,20441,141397,1586
2021-10-13,Kings,31,150075,30550,30246,1946,32192,312
2021-10-13,Lake,33,64148,6419,6371,128,6499,103
2021-10-13,Lassen,35,31185,6595,6535,327,6862,25
2021-10-13,Los Angeles,37,10098052,1410870,1408384,55569,1463953,26379
2021-10-13,Madera,39,155013,21810,21609,1811,23420,277
2021-10-13,Marin,41,260295,17190,17137,433,17570,243
2021-10-13,Mariposa,43,17540,1141,1090,31,1121,5
2021-10-13,Mendocino,45,87422,7138,7088,428,7516,82
2021-10-13,Merced,47,269075,40423,40164,1516,41680,577
2021-10-13,Modoc,49,8938,496,490,177,667,5
2021-10-13,Mono,51,14174,1639,1612,16,1628,3
2021-10-13,Monterey,53,433212,47342,47273,3402,50675,582
2021-10-13,Napa,55,140530,12738,12695,102,12797,100
2021-10-13,Nevada,57,99092,8773,8725,300,9025,90
2021-10-13,Orange,59,3164182,301121,300468,14628,315096,5503
2021-10-13,Placer,61,380077,35456,35254,3558,38812,412
2021-10-13,Plumas,63,18699,1551,1514,33,1547,6
2021-10-13,Riverside,65,2383286,352992,352044,16907,368951,4978
2021-10-13,Sacramento,67,1510023,153703,153141,4357,157498,2182
2021-10-13,San Benito,69,59416,7230,7196,163,7359,71
2021-10-13,San Bernardino,71,2135413,346014,344951,10887,355838,5562
2021-10-13,San Diego,73,3302833,364099,362564,0,362564,4141
2021-10-13,San Francisco,75,870044,51552,51379,2595,53974,644
2021-10-13,San Joaquin,77,732212,96741,96343,5300,101643,1696
2021-10-13,San Luis Obispo,79,281455,28541,28397,1193,29590,330
2021-10-13,San Mateo,81,765935,52481,52352,1429,53781,569
2021-10-13,Santa Barbara,83,443738,43274,43109,1660,44769,518
2021-10-13,Santa Clara,85,1922200,143563,143064,1236,144300,1886
2021-10-13,Santa Cruz,87,273765,19838,19763,1067,20830,217
2021-10-13,Shasta,89,179085,20074,19802,3428,23230,307
2021-10-13,Sierra,91,2930,165,155,16,171,0
2021-10-13,Siskiyou,93,43540,3198,3173,1254,4427,42
2021-10-13,Solano,95,438530,44653,44558,1176,45734,334
2021-10-13,Sonoma,97,501317,40253,40122,516,40638,390
2021-10-13,Stanislaus,99,539301,76141,75698,8499,84197,1136
2021-10-13,Sutter,101,95872,13507,13458,304,13762,169
2021-10-13,Tehama,103,63373,7977,7849,1391,9240,103
2021-10-13,Trinity,105,12862,685,677,181,858,11
2021-10-13,Tulare,107,460477,64849,64297,14456,78753,945
2021-10-13,Tuolumne,109,53932,6707,6644,73,6717,89
2021-10-13,Ventura,111,848112,96338,96099,4341,100440,1162
2021-10-13,Yolo,113,214977,19133,19023,1069,20092,247
2021-10-13,Yuba,115,75493,9735,9690,237,9927,80
2021-10-12,Alameda,1,1643700,117151,116813,2860,119673,1357
2021-10-12,Alpine,3,1148,103,102,0,102,0
2021-10-12,Amador,5,37829,5323,5301,62,5363,63
2021-10-12,Butte,7,227075,19769,19506,3751,23257,256
2021-10-12,Calaveras,9,45235,3793,3750,46,3796,75
2021-10-12,Colusa,11,21464,2433,2428,586,3014,18
2021-10-12,Contra Costa,13,1133247,97215,96894,2127,99021,960
2021-10-12,Del Norte,15,27424,3516,3511,45,3556,39
2021-10-12,El Dorado,17,186661,15367,15287,1645,16932,148
2021-10-12,Fresno,19,978130,132690,131848,11689,143537,2042
2021-10-12,Glenn,21,27897,3346,3321,972,4293,26
2021-10-12,Humboldt,23,135768,8653,8587,481,9068,102
2021-10-12,Imperial,25,180216,32385,32267,3271,35538,762
2021-10-12,Inyo,27,18085,1942,1889,35,1924,39
2021-10-12,Kern,29,883053,121654,120826,20441,141267,1580
2021-10-12,Kings,31,150075,30518,30200,1946,32146,312
2021-10-12,Lake,33,64148,6412,6372,128,6500,97
2021-10-12,Lassen,35,31185,6579,6526,327,6853,25
2021-10-12,Los Angeles,37,10098052,1409912,1407462,55569,1463031,26362
2021-10-12,Madera,39,155013,21752,21574,1811,23385,277
2021-10-12,Marin,41,260295,17175,17126,433,17559,242
2021-10-12,Mariposa,43,17540,1129,1088,31,1119,5
2021-10-12,Mendocino,45,87422,7114,7077,428,7505,82
2021-10-12,Merced,47,269075,40339,40113,1516,41629,567
2021-10-12,Modoc,49,8938,492,485,177,662,5
2021-10-12,Mono,51,14174,1636,1608,16,1624,3
2021-10-12,Monterey,53,433212,47321,47254,3402,50656,582
2021-10-12,Napa,55,140530,12729,12671,102,12773,97
2021-10-12,Nevada,57,99092,8763,8720,300,9020,89
2021-10-12,Orange,59,3164182,300887,300256,14628,314884,5499
2021-10-12,Placer,61,380077,35409,35214,3558,38772,404
2021-10-12,Plumas,63,18699,1525,1488,33,1521,6
2021-10-12,Riverside,65,2383286,352695,351771,16907,368678,4973
2021-10-12,Sacramento,67,1510023,153376,152935,4357,157292,2170
2021-10-12,San Benito,69,59416,7217,7193,163,7356,71
2021-10-12,San Bernardino,71,2135413,345802,344788,10887,355675,5563
2021-10-12,San Diego,73,3302833,363729,362256,0,362256,4137
2021-10-12,San Francisco,75,870044,51499,51301,2595,53896,643
2021-10-12,San Joaquin,77,732212,96634,96237,5300,101537,1690
2021-10-12,San Luis Obispo,79,281455,28490,28379,1193,29572,327
2021-10-12,San Mateo,81,765935,52444,52328,1429,53757,569
2021-10-12,Santa Barbara,83,443738,43234,43076,1660,44736,515
2021-10-12,Santa Clara,85,1922200,143473,142954,1236,144190,1882
2021-10-12,Santa Cruz,87,273765,19825,19757,1067,20824,218
2021-10-12,Shasta,89,179085,20016,19731,3428,23159,304
2021-10-12,Sierra,91,2930,164,153,16,169,0
2021-10-12,Siskiyou,93,43540,3191,3166,1254,4420,42
2021-10-12,Solano,95,438530,44622,44516,1176,45692,329
2021-10-12,Sonoma,97,501317,40225,40105,516,40621,390
2021-10-12,Stanislaus,99,539301,76024,75589,8499,84088,1126
2021-10-12,Sutter,101,95872,13487,13436,304,13740,168
2021-10-12,Tehama,103,63373,7946,7820,1391,9211,103
2021-10-12,Trinity,105,12862,683,676,181,857,11
2021-10-12,Tulare,107,460477,64696,64216,14456,78672,944
2021-10-12,Tuolumne,109,53932,6696,6637,73,6710,89
2021-10-12,Ventura,111,848112,96233,96022,4341,100363,1160
2021-10-12,Yolo,113,214977,19102,18987,1069,20056,247
2021-10-12,Yuba,115,75493,9725,9676,237,9913,70
2021-10-11,Alameda,1,1643700,117066,116759,2860,119619,1358
2021-10-11,Alpine,3,1148,102,102,0,102,0
2021-10-11,Amador,5,37829,5318,5286,62,5348,62
2021-10-11,Butte,7,227075,19712,19452,3750,23202,253
2021-10-11,Calaveras,9,45235,3779,3750,46,3796,75
2021-10-11,Colusa,11,21464,2431,2427,582,3009,18
2021-10-11,Contra Costa,13,1133247,97101,96832,2127,98959,960
2021-10-11,Del Norte,15,27424,3513,3510,40,3550,39
2021-10-11,El Dorado,17,186661,15346,15273,1645,16918,146
2021-10-11,Fresno,19,978130,132395,131703,11689,143392,2036
2021-10-11,Glenn,21,27897,3331,3308,972,4280,26
2021-10-11,Humboldt,23,135768,8631,8571,479,9050,101
2021-10-11,Imperial,25,180216,32344,32207,3270,35477,762
2021-10-11,Inyo,27,18085,1930,1862,35,1897,39
2021-10-11,Kern,29,883053,121476,120684,20439,141123,1575
2021-10-11,Kings,31,150075,30454,30180,1941,32121,309
2021-10-11,Lake,33,64148,6398,6361,128,6489,97
2021-10-11,Lassen,35,31185,6565,6499,327,6826,25
2021-10-11,Los Angeles,37,10098052,1409046,1406826,55561,1462387,26346
2021-10-11,Madera,39,155013,21693,21555,1811,23366,272
2021-10-11,Marin,41,260295,17161,17121,430,17551,242
2021-10-11,Mariposa,43,17540,1104,1083,31,1114,5
2021-10-11,Mendocino,45,87422,7098,7064,428,7492,82
2021-10-11,Merced,47,269075,40219,40064,1509,41573,566
2021-10-11,Modoc,49,8938,489,482,174,656,5
2021-10-11,Mono,51,14174,1624,1604,16,1620,3
2021-10-11,Monterey,53,433212,47298,47241,3401,50642,580
2021-10-11,Napa,55,140530,12713,12654,102,12756,96
2021-10-11,Nevada,57,99092,8747,8716,300,9016,90
2021-10-11,Orange,59,3164182,300710,299941,14628,314569,5499
2021-10-11,Placer,61,380077,35359,35173,3544,38717,404
2021-10-11,Plumas,63,18699,1509,1469,33,1502,6
2021-10-11,Riverside,65,2383286,352421,351444,16906,368350,4973
2021-10-11,Sacramento,67,1510023,153019,152681,4351,157032,2169
2021-10-11,San Benito,69,59416,7196,7184,163,7347,71
2021-10-11,San Bernardino,71,2135413,345523,344594,10886,355480,5549
2021-10-11,San Diego,73,3302833,363347,361712,0,361712,4124
2021-10-11,San Francisco,75,870044,51445,51275,2595,53870,643
2021-10-11,San Joaquin,77,732212,96507,96152,5298,101450,1681
2021-10-11,San Luis Obispo,79,281455,28438,28355,1193,29548,327
2021-10-11,San Mateo,81,765935,52402,52298,1429,53727,569
2021-10-11,Santa Barbara,83,443738,43193,43018,1659,44677,515
2021-10-11,Santa Clara,85,1922200,143350,142836,1236,144072,1882
2021-10-11,Santa Cruz,87,273765,19805,19745,1067,20812,217
2021-10-11,Shasta,89,179085,19960,19662,3427,23089,295
2021-10-11,Sierra,91,2930,159,147,16,163,0
2021-10-11,Siskiyou,93,43540,3183,3159,1246,4405,42
2021-10-11,Solano,95,438530,44589,44474,1176,45650,329
2021-10-11,Sonoma,97,501317,40195,40067,516,40583,390
2021-10-11,Stanislaus,99,539301,75880,75478,8490,83968,1118
2021-10-11,Sutter,101,95872,13470,13427,300,13727,165
2021-10-11,Tehama,103,63373,7903,7795,1384,9179,102
2021-10-11,Trinity,105,12862,680,675,181,856,11
2021-10-11,Tulare,107,460477,64544,64094,14455,78549,942
2021-10-11,Tuolumne,109,53932,6676,6602,73,6675,89
2021-10-11,Ventura,111,848112,96140,95876,4341,100217,1160
2021-10-11,Yolo,113,214977,19063,18977,1069,20046,247
2021-10-11,Yuba,115,75493,9709,9657,225,9882,69
2021-10-10,Alameda,1,1643700,116982,116679,2855,119534,1358
2021-10-10,Alpine,3,1148,102,102,0,102,0
2021-10-10,Amador,5,37829,5309,5278,62,5340,62
2021-10-10,Butte,7,227075,19659,19430,3739,23169,253
2021-10-10,Calaveras,9,45235,3772,3747,45,3792,75
2021-10-10,Colusa,11,21464,2431,2425,582,3007,18
2021-10-10,Contra Costa,13,1133247,97023,96760,2127,98887,960
2021-10-10,Del Norte,15,27424,3511,3507,40,3547,39
2021-10-10,El Dorado,17,186661,15323,15250,1643,16893,146
2021-10-10,Fresno,19,978130,132087,131434,11680,143114,2035
2021-10-10,Glenn,21,27897,3327,3297,970,4267,26
2021-10-10,Humboldt,23,135768,8618,8554,477,9031,101
2021-10-10,Imperial,25,180216,32277,32167,3266,35433,762
2021-10-10,Inyo,27,18085,1918,1857,35,1892,39
2021-10-10,Kern,29,883053,121259,120552,20414,140966,1573
2021-10-10,Kings,31,150075,30393,30122,1916,32038,308
2021-10-10,Lake,33,64148,6389,6349,128,6477,97
2021-10-10,Lassen,35,31185,6549,6495,327,6822,26
2021-10-10,Los Angeles,37,10098052,1408126,1406034,55514,1461548,26338
2021-10-10,Madera,39,155013,21656,21486,1799,23285,272
2021-10-10,Marin,41,260295,17149,17112,430,17542,242
2021-10-10,Mariposa,43,17540,1101,1074,31,1105,5
2021-10-10,Mendocino,45,87422,7089,7060,420,7480,81
2021-10-10,Merced,47,269075,40153,40036,1497,41533,566
2021-10-10,Modoc,49,8938,489,482,174,656,5
2021-10-10,Mono,51,14174,1622,1596,16,1612,3
2021-10-10,Monterey,53,433212,47282,47228,3401,50629,580
2021-10-10,Napa,55,140530,12693,12641,101,12742,96
2021-10-10,Nevada,57,99092,8739,8689,300,8989,90
2021-10-10,Orange,59,3164182,300488,299787,14609,314396,5499
2021-10-10,Placer,61,380077,35295,35128,3539,38667,404
2021-10-10,Plumas,63,18699,1491,1468,31,1499,6
2021-10-10,Riverside,65,2383286,352135,351248,16890,368138,4973
2021-10-10,Sacramento,67,1510023,152714,152405,4318,156723,2178
2021-10-10,San Benito,69,59416,7192,7180,162,7342,71
2021-10-10,San Bernardino,71,2135413,345301,344423,10885,355308,5551
2021-10-10,San Diego,73,3302833,362933,361038,0,361038,4113
2021-10-10,San Francisco,75,870044,51412,51216,2589,53805,643
2021-10-10,San Joaquin,77,732212,96349,96084,5273,101357,1681
2021-10-10,San Luis Obispo,79,281455,28418,28343,1193,29536,326
2021-10-10,San Mateo,81,765935,52370,52273,1429,53702,569
2021-10-10,Santa Barbara,83,443738,43163,42987,1657,44644,515
2021-10-10,Santa Clara,85,1922200,143213,142768,1233,144001,1881
2021-10-10,Santa Cruz,87,273765,19791,19727,1067,20794,217
2021-10-10,Shasta,89,179085,19881,19635,3423,23058,296
2021-10-10,Sierra,91,2930,158,147,16,163,0
2021-10-10,Siskiyou,93,43540,3175,3155,1242,4397,42
2021-10-10,Solano,95,438530,44552,44431,1175,45606,329
2021-10-10,Sonoma,97,501317,40168,40027,516,40543,390
2021-10-10,Stanislaus,99,539301,75730,75403,8482,83885,1118
2021-10-10,Sutter,101,95872,13455,13412,295,13707,165
2021-10-10,Tehama,103,63373,7864,7764,1372,9136,102
2021-10-10,Trinity,105,12862,680,669,179,848,11
2021-10-10,Tulare,107,460477,64404,63930,14395,78325,940
2021-10-10,Tuolumne,109,53932,6662,6580,72,6652,89
2021-10-10,Ventura,111,848112,96056,95829,4339,100168,1160
2021-10-10,Yolo,113,214977,19036,18952,1069,20021,247
2021-10-10,Yuba,115,75493,9699,9641,222,9863,69
2021-10-09,Alameda,1,1643700,116919,116253,2855,119108,1356
2021-10-09,Alpine,3,1148,102,102,0,102,0
2021-10-09,Amador,5,37829,5309,5237,61,5298,62
2021-10-09,Butte,7,227075,19640,19277,3737,23014,250
2021-10-09,Calaveras,9,45235,3772,3716,45,3761,75
2021-10-09,Colusa,11,21464,2429,2419,582,3001,18
2021-10-09,Contra Costa,13,1133247,96965,96378,2119,98497,958
2021-10-09,Del Norte,15,27424,3510,3495,40,3535,39
2021-10-09,El Dorado,17,186661,15312,15153,1641,16794,144
2021-10-09,Fresno,19,978130,131992,130508,11670,142178,2018
2021-10-09,Glenn,21,27897,3321,3277,969,4246,26
2021-10-09,Humboldt,23,135768,8607,8448,476,8924,97
2021-10-09,Imperial,25,180216,32250,31989,3261,35250,760
2021-10-09,Inyo,27,18085,1912,1808,35,1843,39
2021-10-09,Kern,29,883053,121156,119795,20404,140199,1559
2021-10-09,Kings,31,150075,30352,29894,1914,31808,308
2021-10-09,Lake,33,64148,6387,6283,128,6411,97
2021-10-09,Lassen,35,31185,6544,6442,327,6769,25
2021-10-09,Los Angeles,37,10098052,1407764,1402810,55492,1458302,26280
2021-10-09,Madera,39,155013,21639,21313,1790,23103,271
2021-10-09,Marin,41,260295,17144,17049,430,17479,242
2021-10-09,Mariposa,43,17540,1097,1042,31,1073,5
2021-10-09,Mendocino,45,87422,7084,7011,420,7431,82
2021-10-09,Merced,47,269075,40138,39784,1497,41281,565
2021-10-09,Modoc,49,8938,487,477,174,651,5
2021-10-09,Mono,51,14174,1622,1577,16,1593,3
2021-10-09,Monterey,53,433212,47270,47168,3401,50569,577
2021-10-09,Napa,55,140530,12690,12586,101,12687,96
2021-10-09,Nevada,57,99092,8731,8613,300,8913,90
2021-10-09,Orange,59,3164182,300360,299089,14587,313676,5457
2021-10-09,Placer,61,380077,35268,34877,3535,38412,393
2021-10-09,Plumas,63,18699,1485,1418,29,1447,6
2021-10-09,Riverside,65,2383286,351945,350082,16882,366964,4965
2021-10-09,Sacramento,67,1510023,152508,151566,4300,155866,2160
2021-10-09,San Benito,69,59416,7185,7123,162,7285,71
2021-10-09,San Bernardino,71,2135413,345178,343452,10883,354335,5556
2021-10-09,San Diego,73,3302833,362697,359909,0,359909,4111
2021-10-09,San Francisco,75,870044,51379,50960,2586,53546,643
2021-10-09,San Joaquin,77,732212,96297,95606,5267,100873,1669
2021-10-09,San Luis Obispo,79,281455,28412,28197,1193,29390,324
2021-10-09,San Mateo,81,765935,52345,52121,1428,53549,569
2021-10-09,Santa Barbara,83,443738,43140,42735,1657,44392,514
2021-10-09,Santa Clara,85,1922200,143111,142298,1231,143529,1873
2021-10-09,Santa Cruz,87,273765,19786,19635,1067,20702,217
2021-10-09,Shasta,89,179085,19850,19437,3420,22857,290
2021-10-09,Sierra,91,2930,155,141,16,157,0
2021-10-09,Siskiyou,93,43540,3174,3124,1242,4366,42
2021-10-09,Solano,95,438530,44537,44265,1174,45439,329
2021-10-09,Sonoma,97,501317,40142,39848,516,40364,387
2021-10-09,Stanislaus,99,539301,75656,74899,8470,83369,1114
2021-10-09,Sutter,101,95872,13449,13314,295,13609,165
2021-10-09,Tehama,103,63373,7852,7670,1366,9036,99
2021-10-09,Trinity,105,12862,680,660,179,839,11
2021-10-09,Tulare,107,460477,64322,63398,14380,77778,932
2021-10-09,Tuolumne,109,53932,6651,6521,72,6593,89
2021-10-09,Ventura,111,848112,96004,95542,4335,99877,1158
2021-10-09,Yolo,113,214977,19021,18850,1066,19916,247
2021-10-09,Yuba,115,75493,9688,9551,222,9773,69
2021-10-08,Alameda,1,1643700,116854,116253,2855,119108,1356
2021-10-08,Alpine,3,1148,102,102,0,102,0
2021-10-08,Amador,5,37829,5297,5237,61,5298,62
2021-10-08,Butte,7,227075,19615,19277,3731,23008,250
2021-10-08,Calaveras,9,45235,3770,3716,45,3761,75
2021-10-08,Colusa,11,21464,2427,2419,582,3001,18
2021-10-08,Contra Costa,13,1133247,96928,96378,2117,98495,958
2021-10-08,Del Norte,15,27424,3509,3495,40,3535,39
2021-10-08,El Dorado,17,186661,15298,15153,1640,16793,144
2021-10-08,Fresno,19,978130,131820,130508,11658,142166,2018
2021-10-08,Glenn,21,27897,3313,3277,968,4245,26
2021-10-08,Humboldt,23,135768,8599,8448,476,8924,97
2021-10-08,Imperial,25,180216,32227,31989,3257,35246,760
2021-10-08,Inyo,27,18085,1899,1808,35,1843,39
2021-10-08,Kern,29,883053,121029,119795,20392,140187,1559
2021-10-08,Kings,31,150075,30261,29894,1913,31807,308
2021-10-08,Lake,33,64148,6382,6283,128,6411,97
2021-10-08,Lassen,35,31185,6535,6442,327,6769,25
2021-10-08,Los Angeles,37,10098052,1407219,1402810,55465,1458275,26280
2021-10-08,Madera,39,155013,21602,21313,1786,23099,271
2021-10-08,Marin,41,260295,17134,17049,429,17478,242
2021-10-08,Mariposa,43,17540,1092,1042,29,1071,5
2021-10-08,Mendocino,45,87422,7074,7011,420,7431,82
2021-10-08,Merced,47,269075,40123,39784,1493,41277,565
2021-10-08,Modoc,49,8938,487,477,174,651,5
2021-10-08,Mono,51,14174,1620,1577,16,1593,3
2021-10-08,Monterey,53,433212,47251,47168,3396,50564,577
2021-10-08,Napa,55,140530,12679,12586,101,12687,96
2021-10-08,Nevada,57,99092,8720,8613,300,8913,90
2021-10-08,Orange,59,3164182,300240,299089,14573,313662,5457
2021-10-08,Placer,61,380077,35241,34877,3522,38399,393
2021-10-08,Plumas,63,18699,1476,1418,29,1447,6
2021-10-08,Riverside,65,2383286,351714,350082,16872,366954,4965
2021-10-08,Sacramento,67,1510023,152345,151566,4291,155857,2160
2021-10-08,San Benito,69,59416,7181,7123,162,7285,71
2021-10-08,San Bernardino,71,2135413,344996,343452,10881,354333,5556
2021-10-08,San Diego,73,3302833,362418,359909,0,359909,4111
2021-10-08,San Francisco,75,870044,51341,50960,2575,53535,643
2021-10-08,San Joaquin,77,732212,96242,95606,5260,100866,1669
2021-10-08,San Luis Obispo,79,281455,28395,28197,1193,29390,324
2021-10-08,San Mateo,81,765935,52328,52121,1428,53549,569
2021-10-08,Santa Barbara,83,443738,43115,42735,1656,44391,514
2021-10-08,Santa Clara,85,1922200,143004,142298,1231,143529,1873
2021-10-08,Santa Cruz,87,273765,19774,19635,1067,20702,217
2021-10-08,Shasta,89,179085,19816,19437,3417,22854,290
2021-10-08,Sierra,91,2930,154,141,16,157,0
2021-10-08,Siskiyou,93,43540,3168,3124,1241,4365,42
2021-10-08,Solano,95,438530,44509,44265,1172,45437,329
2021-10-08,Sonoma,97,501317,40112,39848,516,40364,387
2021-10-08,Stanislaus,99,539301,75595,74899,8463,83362,1114
2021-10-08,Sutter,101,95872,13439,13314,295,13609,165
2021-10-08,Tehama,103,63373,7839,7670,1361,9031,99
2021-10-08,Trinity,105,12862,679,660,179,839,11
2021-10-08,Tulare,107,460477,64238,63398,14358,77756,932
2021-10-08,Tuolumne,109,53932,6632,6521,72,6593,89
2021-10-08,Ventura,111,848112,95960,95542,4330,99872,1158
2021-10-08,Yolo,113,214977,19008,18850,1065,19915,247
2021-10-08,Yuba,115,75493,9667,9551,219,9770,69
2021-10-07,Alameda,1,1643700,116749,116253,2854,119107,1356
2021-10-07,Alpine,3,1148,102,102,0,102,0
2021-10-07,Amador,5,37829,5292,5237,61,5298,62
2021-10-07,Butte,7,227075,19575,19277,3725,23002,250
2021-10-07,Calaveras,9,45235,3762,3716,45,3761,75
2021-10-07,Colusa,11,21464,2426,2419,582,3001,18
2021-10-07,Contra Costa,13,1133247,96815,96378,2113,98491,958
2021-10-07,Del Norte,15,27424,3505,3495,40,3535,39
2021-10-07,El Dorado,17,186661,15266,15153,1638,16791,144
2021-10-07,Fresno,19,978130,131559,130508,11635,142143,2018
2021-10-07,Glenn,21,27897,3307,3277,965,4242,26
2021-10-07,Humboldt,23,135768,8576,8448,476,8924,97
2021-10-07,Imperial,25,180216,32152,31989,3244,35233,760
2021-10-07,Inyo,27,18085,1881,1808,35,1843,39
2021-10-07,Kern,29,883053,120844,119795,20348,140143,1559
2021-10-07,Kings,31,150075,30205,29894,1907,31801,308
2021-10-07,Lake,33,64148,6373,6283,128,6411,97
2021-10-07,Lassen,35,31185,6524,6442,326,6768,25
2021-10-07,Los Angeles,37,10098052,1406383,1402810,55409,1458219,26280
2021-10-07,Madera,39,155013,21540,21313,1776,23089,271
2021-10-07,Marin,41,260295,17116,17049,429,17478,242
2021-10-07,Mariposa,43,17540,1083,1042,29,1071,5
2021-10-07,Mendocino,45,87422,7066,7011,415,7426,82
2021-10-07,Merced,47,269075,40068,39784,1479,41263,565
2021-10-07,Modoc,49,8938,484,477,173,650,5
2021-10-07,Mono,51,14174,1613,1577,16,1593,3
2021-10-07,Monterey,53,433212,47233,47168,3389,50557,577
2021-10-07,Napa,55,140530,12665,12586,101,12687,96
2021-10-07,Nevada,57,99092,8698,8613,299,8912,90
2021-10-07,Orange,59,3164182,300036,299089,14562,313651,5457
2021-10-07,Placer,61,380077,35184,34877,3516,38393,393
2021-10-07,Plumas,63,18699,1460,1418,29,1447,6
2021-10-07,Riverside,65,2383286,351430,350082,16866,366948,4965
2021-10-07,Sacramento,67,1510023,152055,151566,4264,155830,2160
2021-10-07,San Benito,69,59416,7164,7123,160,7283,71
2021-10-07,San Bernardino,71,2135413,344750,343452,10880,354332,5556
2021-10-07,San Diego,73,3302833,362063,359909,0,359909,4111
2021-10-07,San Francisco,75,870044,51274,50960,2570,53530,643
2021-10-07,San Joaquin,77,732212,96101,95606,5249,100855,1669
2021-10-07,San Luis Obispo,79,281455,28358,28197,1192,29389,324
2021-10-07,San Mateo,81,765935,52295,52121,1426,53547,569
2021-10-07,Santa Barbara,83,443738,43053,42735,1650,44385,514
2021-10-07,Santa Clara,85,1922200,142870,142298,1223,143521,1873
2021-10-07,Santa Cruz,87,273765,19758,19635,1066,20701,217
2021-10-07,Shasta,89,179085,19746,19437,3401,22838,290
2021-10-07,Sierra,91,2930,154,141,16,157,0
2021-10-07,Siskiyou,93,43540,3167,3124,1240,4364,42
2021-10-07,Solano,95,438530,44473,44265,1170,45435,329
2021-10-07,Sonoma,97,501317,40079,39848,515,40363,387
2021-10-07,Stanislaus,99,539301,75456,74899,8446,83345,1114
2021-10-07,Sutter,101,95872,13421,13314,295,13609,165
2021-10-07,Tehama,103,63373,7809,7670,1359,9029,99
2021-10-07,Trinity,105,12862,678,660,179,839,11
2021-10-07,Tulare,107,460477,64099,63398,14334,77732,932
2021-10-07,Tuolumne,109,53932,6616,6521,72,6593,89
2021-10-07,Ventura,111,848112,95880,95542,4328,99870,1158
2021-10-07,Yolo,113,214977,18981,18850,1061,19911,247
2021-10-07,Yuba,115,75493,9639,9551,213,9764,69
2021-10-06,Alameda,1,1643700,116618,116058,2851,118909,1353
2021-10-06,Alpine,3,1148,102,102,0,102,0
2021-10-06,Amador,5,37829,5289,5205,61,5266,62
2021-10-06,Butte,7,227075,19519,19208,3717,22925,247
2021-10-06,Calaveras,9,45235,3755,3669,45,3714,75
2021-10-06,Colusa,11,21464,2426,2414,579,2993,18
2021-10-06,Contra Costa,13,1133247,96699,96184,2110,98294,953
2021-10-06,Del Norte,15,27424,3503,3490,37,3527,39
2021-10-06,El Dorado,17,186661,15241,15078,1636,16714,140
2021-10-06,Fresno,19,978130,131286,130074,11602,141676,2008
2021-10-06,Glenn,21,27897,3297,3270,961,4231,26
2021-10-06,Humboldt,23,135768,8562,8416,471,8887,94
2021-10-06,Imperial,25,180216,32102,31930,3236,35166,760
2021-10-06,Inyo,27,18085,1867,1806,33,1839,39
2021-10-06,Kern,29,883053,120627,119491,20308,139799,1552
2021-10-06,Kings,31,150075,30149,29785,1899,31684,308
2021-10-06,Lake,33,64148,6359,6271,128,6399,97
2021-10-06,Lassen,35,31185,6510,6429,325,6754,25
2021-10-06,Los Angeles,37,10098052,1405497,1401675,55370,1457045,26252
2021-10-06,Madera,39,155013,21495,21230,1769,22999,269
2021-10-06,Marin,41,260295,17107,17042,428,17470,242
2021-10-06,Mariposa,43,17540,1077,1036,29,1065,5
2021-10-06,Mendocino,45,87422,7057,6986,414,7400,81
2021-10-06,Merced,47,269075,39995,39666,1475,41141,563
2021-10-06,Modoc,49,8938,484,477,171,648,5
2021-10-06,Mono,51,14174,1601,1568,16,1584,3
2021-10-06,Monterey,53,433212,47205,47136,3386,50522,577
2021-10-06,Napa,55,140530,12644,12552,99,12651,96
2021-10-06,Nevada,57,99092,8686,8582,298,8880,90
2021-10-06,Orange,59,3164182,299822,298785,14547,313332,5448
2021-10-06,Placer,61,380077,35139,34764,3509,38273,390
2021-10-06,Plumas,63,18699,1436,1383,29,1412,6
2021-10-06,Riverside,65,2383286,351118,349645,16853,366498,4953
2021-10-06,Sacramento,67,1510023,151803,151164,4233,155397,2141
2021-10-06,San Benito,69,59416,7151,7108,160,7268,69
2021-10-06,San Bernardino,71,2135413,344503,343022,10875,353897,5551
2021-10-06,San Diego,73,3302833,361604,359564,0,359564,4104
2021-10-06,San Francisco,75,870044,51213,50894,2566,53460,641
2021-10-06,San Joaquin,77,732212,95970,95418,5240,100658,1658
2021-10-06,San Luis Obispo,79,281455,28320,28170,1189,29359,323
2021-10-06,San Mateo,81,765935,52251,52056,1419,53475,569
2021-10-06,Santa Barbara,83,443738,42971,42687,1649,44336,513
2021-10-06,Santa Clara,85,1922200,142734,142124,1221,143345,1872
2021-10-06,Santa Cruz,87,273765,19730,19604,1064,20668,217
2021-10-06,Shasta,89,179085,19685,19325,3385,22710,287
2021-10-06,Sierra,91,2930,152,138,16,154,0
2021-10-06,Siskiyou,93,43540,3159,3116,1234,4350,42
2021-10-06,Solano,95,438530,44444,44185,1168,45353,328
2021-10-06,Sonoma,97,501317,40029,39787,515,40302,383
2021-10-06,Stanislaus,99,539301,75327,74699,8439,83138,1114
2021-10-06,Sutter,101,95872,13401,13284,292,13576,164
2021-10-06,Tehama,103,63373,7775,7629,1354,8983,99
2021-10-06,Trinity,105,12862,675,656,179,835,11
2021-10-06,Tulare,107,460477,63943,63198,14283,77481,926
2021-10-06,Tuolumne,109,53932,6595,6486,72,6558,89
2021-10-06,Ventura,111,848112,95794,95449,4322,99771,1158
2021-10-06,Yolo,113,214977,18951,18815,1058,19873,247
2021-10-06,Yuba,115,75493,9620,9520,213,9733,69
2021-10-05,Alameda,1,1643700,116490,115968,2845,118813,1350
2021-10-05,Alpine,3,1148,102,102,0,102,0
2021-10-05,Amador,5,37829,5270,5194,60,5254,61
2021-10-05,Butte,7,227075,19475,19137,3704,22841,246
2021-10-05,Calaveras,9,45235,3738,3657,45,3702,73
2021-10-05,Colusa,11,21464,2420,2414,579,2993,18
2021-10-05,Contra Costa,13,1133247,96591,96108,2104,98212,941
2021-10-05,Del Norte,15,27424,3500,3485,37,3522,39
2021-10-05,El Dorado,17,186661,15201,15052,1631,16683,140
2021-10-05,Fresno,19,978130,130952,129957,11571,141528,1987
2021-10-05,Glenn,21,27897,3292,3270,958,4228,26
2021-10-05,Humboldt,23,135768,8528,8398,468,8866,94
2021-10-05,Imperial,25,180216,32059,31909,3233,35142,759
2021-10-05,Inyo,27,18085,1851,1800,33,1833,39
2021-10-05,Kern,29,883053,120375,119260,20227,139487,1540
2021-10-05,Kings,31,150075,30077,29749,1891,31640,301
2021-10-05,Lake,33,64148,6343,6264,128,6392,97
2021-10-05,Lassen,35,31185,6493,6417,324,6741,25
2021-10-05,Los Angeles,37,10098052,1404424,1400300,55326,1455626,26223
2021-10-05,Madera,39,155013,21450,21183,1761,22944,269
2021-10-05,Marin,41,260295,17095,17024,428,17452,242
2021-10-05,Mariposa,43,17540,1061,1033,26,1059,5
2021-10-05,Mendocino,45,87422,7039,6972,407,7379,79
2021-10-05,Merced,47,269075,39931,39608,1464,41072,562
2021-10-05,Modoc,49,8938,481,475,170,645,5
2021-10-05,Mono,51,14174,1594,1565,16,1581,3
2021-10-05,Monterey,53,433212,47192,47087,3375,50462,573
2021-10-05,Napa,55,140530,12621,12533,99,12632,96
2021-10-05,Nevada,57,99092,8659,8576,298,8874,90
2021-10-05,Orange,59,3164182,299561,298589,14519,313108,5441
2021-10-05,Placer,61,380077,35065,34728,3502,38230,382
2021-10-05,Plumas,63,18699,1410,1357,29,1386,6
2021-10-05,Riverside,65,2383286,350789,349365,16837,366202,4942
2021-10-05,Sacramento,67,1510023,151549,151111,4198,155309,2126
2021-10-05,San Benito,69,59416,7132,7103,158,7261,69
2021-10-05,San Bernardino,71,2135413,344193,342711,10868,353579,5557
2021-10-05,San Diego,73,3302833,361079,359194,0,359194,4092
2021-10-05,San Francisco,75,870044,51124,50826,2562,53388,641
2021-10-05,San Joaquin,77,732212,95826,95276,5218,100494,1651
2021-10-05,San Luis Obispo,79,281455,28273,28113,1186,29299,324
2021-10-05,San Mateo,81,765935,52213,52008,1418,53426,569
2021-10-05,Santa Barbara,83,443738,42896,42595,1643,44238,511
2021-10-05,Santa Clara,85,1922200,142579,141971,1214,143185,1873
2021-10-05,Santa Cruz,87,273765,19690,19582,1062,20644,216
2021-10-05,Shasta,89,179085,19629,19285,3371,22656,286
2021-10-05,Sierra,91,2930,148,136,16,152,0
2021-10-05,Siskiyou,93,43540,3148,3107,1233,4340,42
2021-10-05,Solano,95,438530,44378,44149,1167,45316,325
2021-10-05,Sonoma,97,501317,39976,39756,510,40266,383
2021-10-05,Stanislaus,99,539301,75170,74599,8426,83025,1114
2021-10-05,Sutter,101,95872,13373,13270,290,13560,164
2021-10-05,Tehama,103,63373,7744,7607,1346,8953,98
2021-10-05,Trinity,105,12862,672,655,179,834,11
2021-10-05,Tulare,107,460477,63753,63093,14234,77327,920
2021-10-05,Tuolumne,109,53932,6580,6473,71,6544,89
2021-10-05,Ventura,111,848112,95695,95351,4321,99672,1155
2021-10-05,Yolo,113,214977,18920,18782,1055,19837,245
2021-10-05,Yuba,115,75493,9595,9504,210,9714,69
2021-10-04,Alameda,1,1643700,116338,115845,2843,118688,1347
2021-10-04,Alpine,3,1148,102,102,0,102,0
2021-10-04,Amador,5,37829,5260,5163,59,5222,61
2021-10-04,Butte,7,227075,19402,19081,3697,22778,245
2021-10-04,Calaveras,9,45235,3731,3641,45,3686,73
2021-10-04,Colusa,11,21464,2419,2414,579,2993,18
2021-10-04,Contra Costa,13,1133247,96458,95958,2100,98058,937
2021-10-04,Del Norte,15,27424,3498,3485,33,3518,39
2021-10-04,El Dorado,17,186661,15157,15031,1626,16657,138
2021-10-04,Fresno,19,978130,130648,129665,11549,141214,1978
2021-10-04,Glenn,21,27897,3283,3270,952,4222,26
2021-10-04,Humboldt,23,135768,8496,8355,460,8815,94
2021-10-04,Imperial,25,180216,32015,31866,3226,35092,757
2021-10-04,Inyo,27,18085,1838,1792,30,1822,39
2021-10-04,Kern,29,883053,120105,118984,20118,139102,1531
2021-10-04,Kings,31,150075,29987,29702,1887,31589,303
2021-10-04,Lake,33,64148,6332,6248,128,6376,97
2021-10-04,Lassen,35,31185,6479,6405,324,6729,25
2021-10-04,Los Angeles,37,10098052,1403372,1399604,55275,1454879,26186
2021-10-04,Madera,39,155013,21390,21126,1751,22877,266
2021-10-04,Marin,41,260295,17080,17008,427,17435,242
2021-10-04,Mariposa,43,17540,1052,1024,26,1050,5
2021-10-04,Mendocino,45,87422,7024,6947,403,7350,79
2021-10-04,Merced,47,269075,39825,39565,1452,41017,558
2021-10-04,Modoc,49,8938,480,473,170,643,5
2021-10-04,Mono,51,14174,1585,1561,16,1577,3
2021-10-04,Monterey,53,433212,47177,47058,3367,50425,571
2021-10-04,Napa,55,140530,12597,12506,99,12605,96
2021-10-04,Nevada,57,99092,8640,8563,297,8860,90
2021-10-04,Orange,59,3164182,299282,298165,14490,312655,5438
2021-10-04,Placer,61,380077,34980,34630,3478,38108,379
2021-10-04,Plumas,63,18699,1385,1329,29,1358,6
2021-10-04,Riverside,65,2383286,350424,348828,16827,365655,4923
2021-10-04,Sacramento,67,1510023,151235,150887,4172,155059,2115
2021-10-04,San Benito,69,59416,7120,7099,158,7257,69
2021-10-04,San Bernardino,71,2135413,343850,342418,10854,353272,5551
2021-10-04,San Diego,73,3302833,360556,358525,0,358525,4090
2021-10-04,San Francisco,75,870044,51028,50798,2558,53356,638
2021-10-04,San Joaquin,77,732212,95641,95198,5197,100395,1649
2021-10-04,San Luis Obispo,79,281455,28230,28090,1180,29270,323
2021-10-04,San Mateo,81,765935,52162,51958,1411,53369,569
2021-10-04,Santa Barbara,83,443738,42824,42585,1642,44227,511
2021-10-04,Santa Clara,85,1922200,142440,141840,1210,143050,1869
2021-10-04,Santa Cruz,87,273765,19667,19559,1061,20620,216
2021-10-04,Shasta,89,179085,19531,19170,3355,22525,279
2021-10-04,Sierra,91,2930,142,136,16,152,0
2021-10-04,Siskiyou,93,43540,3140,3103,1218,4321,42
2021-10-04,Solano,95,438530,44323,44092,1165,45257,322
2021-10-04,Sonoma,97,501317,39917,39720,509,40229,381
2021-10-04,Stanislaus,99,539301,75026,74444,8408,82852,1106
2021-10-04,Sutter,101,95872,13348,13261,290,13551,164
2021-10-04,Tehama,103,63373,7705,7585,1342,8927,95
2021-10-04,Trinity,105,12862,671,649,177,826,11
2021-10-04,Tulare,107,460477,63577,62957,14169,77126,920
2021-10-04,Tuolumne,109,53932,6554,6442,71,6513,89
2021-10-04,Ventura,111,848112,95611,95170,4314,99484,1153
2021-10-04,Yolo,113,214977,18882,18761,1049,19810,242
2021-10-04,Yuba,115,75493,9558,9481,208,9689,68
2021-10-03,Alameda,1,1643700,116206,115751,2837,118588,1349
2021-10-03,Alpine,3,1148,102,102,0,102,0
2021-10-03,Amador,5,37829,5242,5160,57,5217,61
2021-10-03,Butte,7,227075,19327,19066,3679,22745,245
2021-10-03,Calaveras,9,45235,3714,3632,45,3677,73
2021-10-03,Colusa,11,21464,2418,2413,576,2989,18
2021-10-03,Contra Costa,13,1133247,96332,95890,2092,97982,937
2021-10-03,Del Norte,15,27424,3492,3483,32,3515,39
2021-10-03,El Dorado,17,186661,15099,15014,1623,16637,139
2021-10-03,Fresno,19,978130,130298,129365,11524,140889,1978
2021-10-03,Glenn,21,27897,3272,3266,944,4210,26
2021-10-03,Humboldt,23,135768,8453,8352,456,8808,94
2021-10-03,Imperial,25,180216,31951,31844,3219,35063,757
2021-10-03,Inyo,27,18085,1819,1788,29,1817,39
2021-10-03,Kern,29,883053,119806,118851,20011,138862,1535
2021-10-03,Kings,31,150075,29895,29623,1878,31501,300
2021-10-03,Lake,33,64148,6311,6239,128,6367,97
2021-10-03,Lassen,35,31185,6457,6400,323,6723,25
2021-10-03,Los Angeles,37,10098052,1402173,1398790,55234,1454024,26179
2021-10-03,Madera,39,155013,21321,21066,1741,22807,266
2021-10-03,Marin,41,260295,17058,16995,422,17417,242
2021-10-03,Mariposa,43,17540,1044,1011,26,1037,5
2021-10-03,Mendocino,45,87422,7004,6939,393,7332,79
2021-10-03,Merced,47,269075,39715,39516,1437,40953,558
2021-10-03,Modoc,49,8938,479,472,169,641,5
2021-10-03,Mono,51,14174,1574,1554,16,1570,3
2021-10-03,Monterey,53,433212,47159,47049,3352,50401,571
2021-10-03,Napa,55,140530,12570,12489,97,12586,96
2021-10-03,Nevada,57,99092,8605,8545,297,8842,90
2021-10-03,Orange,59,3164182,299019,298027,14475,312502,5447
2021-10-03,Placer,61,380077,34846,34596,3464,38060,379
2021-10-03,Plumas,63,18699,1356,1328,29,1357,6
2021-10-03,Riverside,65,2383286,350014,348593,16809,365402,4924
2021-10-03,Sacramento,67,1510023,150952,150664,4143,154807,2120
2021-10-03,San Benito,69,59416,7111,7095,158,7253,69
2021-10-03,San Bernardino,71,2135413,343460,342302,10849,353151,5555
2021-10-03,San Diego,73,3302833,359999,358153,0,358153,4081
2021-10-03,San Francisco,75,870044,50941,50733,2551,53284,638
2021-10-03,San Joaquin,77,732212,95457,95133,5190,100323,1649
2021-10-03,San Luis Obispo,79,281455,28172,28065,1177,29242,325
2021-10-03,San Mateo,81,765935,52111,51923,1399,53322,569
2021-10-03,Santa Barbara,83,443738,42737,42550,1634,44184,511
2021-10-03,Santa Clara,85,1922200,142273,141737,1202,142939,1869
2021-10-03,Santa Cruz,87,273765,19628,19548,1059,20607,216
2021-10-03,Shasta,89,179085,19427,19132,3324,22456,279
2021-10-03,Sierra,91,2930,139,136,16,152,0
2021-10-03,Siskiyou,93,43540,3127,3096,1208,4304,42
2021-10-03,Solano,95,438530,44267,44051,1164,45215,322
2021-10-03,Sonoma,97,501317,39854,39679,509,40188,381
2021-10-03,Stanislaus,99,539301,74843,74366,8391,82757,1106
2021-10-03,Sutter,101,95872,13334,13248,286,13534,164
2021-10-03,Tehama,103,63373,7660,7564,1335,8899,94
2021-10-03,Trinity,105,12862,668,647,175,822,11
2021-10-03,Tulare,107,460477,63390,62860,14096,76956,924
2021-10-03,Tuolumne,109,53932,6526,6430,69,6499,89
2021-10-03,Ventura,111,848112,95503,95108,4311,99419,1153
2021-10-03,Yolo,113,214977,18852,18720,1045,19765,242
2021-10-03,Yuba,115,75493,9541,9462,207,9669,68
2021-10-02,Alameda,1,1643700,116107,115185,2834,118019,1343
2021-10-02,Alpine,3,1148,102,102,0,102,0
2021-10-02,Amador,5,37829,5233,5105,57,5162,61
2021-10-02,Butte,7,227075,19296,18911,3673,22584,243
2021-10-02,Calaveras,9,45235,3709,3585,45,3630,72
2021-10-02,Colusa,11,21464,2418,2403,574,2977,18
2021-10-02,Contra Costa,13,1133247,96264,95369,2088,97457,933
2021-10-02,Del Norte,15,27424,3487,3468,32,3500,39
2021-10-02,El Dorado,17,186661,15078,14887,1621,16508,136
2021-10-02,Fresno,19,978130,130155,128450,11516,139966,1964
2021-10-02,Glenn,21,27897,3272,3234,944,4178,26
2021-10-02,Humboldt,23,135768,8435,8244,455,8699,94
2021-10-02,Imperial,25,180216,31919,31674,3216,34890,757
2021-10-02,Inyo,27,18085,1810,1746,29,1775,39
2021-10-02,Kern,29,883053,119679,117962,19938,137900,1524
2021-10-02,Kings,31,150075,29845,29339,1875,31214,301
2021-10-02,Lake,33,64148,6302,6191,128,6319,97
2021-10-02,Lassen,35,31185,6452,6360,323,6683,25
2021-10-02,Los Angeles,37,10098052,1401632,1395070,55202,1450272,26126
2021-10-02,Madera,39,155013,21302,20931,1732,22663,266
2021-10-02,Marin,41,260295,17053,16936,420,17356,242
2021-10-02,Mariposa,43,17540,1044,967,26,993,5
2021-10-02,Mendocino,45,87422,6995,6869,393,7262,78
2021-10-02,Merced,47,269075,39691,39196,1434,40630,552
2021-10-02,Modoc,49,8938,477,468,169,637,5
2021-10-02,Mono,51,14174,1572,1540,16,1556,3
2021-10-02,Monterey,53,433212,47115,46964,3343,50307,571
2021-10-02,Napa,55,140530,12560,12433,97,12530,96
2021-10-02,Nevada,57,99092,8594,8474,296,8770,87
2021-10-02,Orange,59,3164182,298863,297307,14457,311764,5435
2021-10-02,Placer,61,380077,34781,34377,3455,37832,381
2021-10-02,Plumas,63,18699,1352,1298,29,1327,6
2021-10-02,Riverside,65,2383286,349779,347227,16797,364024,4895
2021-10-02,Sacramento,67,1510023,150787,149897,4136,154033,2099
2021-10-02,San Benito,69,59416,7104,7055,158,7213,69
2021-10-02,San Bernardino,71,2135413,343283,341212,10801,352013,5540
2021-10-02,San Diego,73,3302833,359701,356454,0,356454,4078
2021-10-02,San Francisco,75,870044,50894,50393,2545,52938,634
2021-10-02,San Joaquin,77,732212,95394,94599,5184,99783,1646
2021-10-02,San Luis Obispo,79,281455,28150,27915,1177,29092,323
2021-10-02,San Mateo,81,765935,52074,51767,1396,53163,573
2021-10-02,Santa Barbara,83,443738,42697,42423,1634,44057,508
2021-10-02,Santa Clara,85,1922200,142159,141231,1200,142431,1862
2021-10-02,Santa Cruz,87,273765,19613,19461,1059,20520,214
2021-10-02,Shasta,89,179085,19384,18912,3316,22228,270
2021-10-02,Sierra,91,2930,138,131,16,147,0
2021-10-02,Siskiyou,93,43540,3126,3053,1205,4258,42
2021-10-02,Solano,95,438530,44223,43800,1163,44963,321
2021-10-02,Sonoma,97,501317,39824,39497,508,40005,382
2021-10-02,Stanislaus,99,539301,74757,73859,8380,82239,1099
2021-10-02,Sutter,101,95872,13325,13160,285,13445,160
2021-10-02,Tehama,103,63373,7646,7453,1334,8787,93
2021-10-02,Trinity,105,12862,665,625,175,800,10
2021-10-02,Tulare,107,460477,63318,62247,14067,76314,908
2021-10-02,Tuolumne,109,53932,6513,6369,69,6438,89
2021-10-02,Ventura,111,848112,95435,94854,4303,99157,1148
2021-10-02,Yolo,113,214977,18828,18640,1041,19681,242
2021-10-02,Yuba,115,75493,9524,9370,207,9577,66
2021-10-01,Alameda,1,1643700,116036,115185,2828,118013,1343
2021-10-01,Alpine,3,1148,102,102,0,102,0
2021-10-01,Amador,5,37829,5213,5105,57,5162,61
2021-10-01,Butte,7,227075,19261,18911,3667,22578,243
2021-10-01,Calaveras,9,45235,3699,3585,45,3630,72
2021-10-01,Colusa,11,21464,2416,2403,574,2977,18
2021-10-01,Contra Costa,13,1133247,96168,95369,2085,97454,933
2021-10-01,Del Norte,15,27424,3484,3468,31,3499,39
2021-10-01,El Dorado,17,186661,15063,14887,1619,16506,136
2021-10-01,Fresno,19,978130,129976,128450,11506,139956,1964
2021-10-01,Glenn,21,27897,3272,3234,942,4176,26
2021-10-01,Humboldt,23,135768,8421,8244,454,8698,94
2021-10-01,Imperial,25,180216,31902,31674,3209,34883,757
2021-10-01,Inyo,27,18085,1801,1746,29,1775,39
2021-10-01,Kern,29,883053,119534,117962,19889,137851,1524
2021-10-01,Kings,31,150075,29813,29339,1869,31208,301
2021-10-01,Lake,33,64148,6293,6191,128,6319,97
2021-10-01,Lassen,35,31185,6442,6360,320,6680,25
2021-10-01,Los Angeles,37,10098052,1400941,1395070,55154,1450224,26126
2021-10-01,Madera,39,155013,21257,20931,1726,22657,266
2021-10-01,Marin,41,260295,17038,16936,419,17355,242
2021-10-01,Mariposa,43,17540,1037,967,26,993,5
2021-10-01,Mendocino,45,87422,6984,6869,393,7262,78
2021-10-01,Merced,47,269075,39654,39196,1423,40619,552
2021-10-01,Modoc,49,8938,476,468,169,637,5
2021-10-01,Mono,51,14174,1570,1540,16,1556,3
2021-10-01,Monterey,53,433212,47099,46964,3338,50302,571
2021-10-01,Napa,55,140530,12549,12433,95,12528,96
2021-10-01,Nevada,57,99092,8581,8474,295,8769,87
2021-10-01,Orange,59,3164182,298687,297307,14443,311750,5435
2021-10-01,Placer,61,380077,34745,34377,3453,37830,381
2021-10-01,Plumas,63,18699,1349,1298,29,1327,6
2021-10-01,Riverside,65,2383286,349495,347227,16791,364018,4895
2021-10-01,Sacramento,67,1510023,150639,149897,4126,154023,2099
2021-10-01,San Benito,69,59416,7101,7055,156,7211,69
2021-10-01,San Bernardino,71,2135413,343088,341212,10796,352008,5540
2021-10-01,San Diego,73,3302833,359347,356454,0,356454,4078
2021-10-01,San Francisco,75,870044,50852,50393,2543,52936,634
2021-10-01,San Joaquin,77,732212,95333,94599,5183,99782,1646
2021-10-01,San Luis Obispo,79,281455,28131,27915,1175,29090,323
2021-10-01,San Mateo,81,765935,52040,51767,1388,53155,573
2021-10-01,Santa Barbara,83,443738,42664,42423,1634,44057,508
2021-10-01,Santa Clara,85,1922200,142065,141231,1198,142429,1862
2021-10-01,Santa Cruz,87,273765,19600,19461,1058,20519,214
2021-10-01,Shasta,89,179085,19328,18912,3310,22222,270
2021-10-01,Sierra,91,2930,138,131,16,147,0
2021-10-01,Siskiyou,93,43540,3125,3053,1201,4254,42
2021-10-01,Solano,95,438530,44171,43800,1158,44958,321
2021-10-01,Sonoma,97,501317,39795,39497,507,40004,382
2021-10-01,Stanislaus,99,539301,74676,73859,8368,82227,1099
2021-10-01,Sutter,101,95872,13309,13160,283,13443,160
2021-10-01,Tehama,103,63373,7638,7453,1332,8785,93
2021-10-01,Trinity,105,12862,663,625,175,800,10
2021-10-01,Tulare,107,460477,63220,62247,14030,76277,908
2021-10-01,Tuolumne,109,53932,6496,6369,69,6438,89
2021-10-01,Ventura,111,848112,95373,94854,4296,99150,1148
2021-10-01,Yolo,113,214977,18806,18640,1038,19678,242
2021-10-01,Yuba,115,75493,9503,9370,207,9577,66
2021-09-30,Alameda,1,1643700,115894,115185,2825,118010,1343
2021-09-30,Alpine,3,1148,102,102,0,102,0
2021-09-30,Amador,5,37829,5202,5105,57,5162,61
2021-09-30,Butte,7,227075,19215,18911,3658,22569,243
2021-09-30,Calaveras,9,45235,3685,3585,45,3630,72
2021-09-30,Colusa,11,21464,2414,2403,573,2976,18
2021-09-30,Contra Costa,13,1133247,96067,95369,2081,97450,933
2021-09-30,Del Norte,15,27424,3480,3468,29,3497,39
2021-09-30,El Dorado,17,186661,15039,14887,1614,16501,136
2021-09-30,Fresno,19,978130,129705,128450,11480,139930,1964
2021-09-30,Glenn,21,27897,3262,3234,942,4176,26
2021-09-30,Humboldt,23,135768,8389,8244,450,8694,94
2021-09-30,Imperial,25,180216,31854,31674,3206,34880,757
2021-09-30,Inyo,27,18085,1791,1746,29,1775,39
2021-09-30,Kern,29,883053,119297,117962,19816,137778,1524
2021-09-30,Kings,31,150075,29731,29339,1865,31204,301
2021-09-30,Lake,33,64148,6275,6191,128,6319,97
2021-09-30,Lassen,35,31185,6431,6360,319,6679,25
2021-09-30,Los Angeles,37,10098052,1399833,1395070,55097,1450167,26126
2021-09-30,Madera,39,155013,21177,20931,1713,22644,266
2021-09-30,Marin,41,260295,17018,16936,418,17354,242
2021-09-30,Mariposa,43,17540,1016,967,26,993,5
2021-09-30,Mendocino,45,87422,6974,6869,384,7253,78
2021-09-30,Merced,47,269075,39558,39196,1420,40616,552
2021-09-30,Modoc,49,8938,476,468,168,636,5
2021-09-30,Mono,51,14174,1561,1540,16,1556,3
2021-09-30,Monterey,53,433212,47082,46964,3314,50278,571
2021-09-30,Napa,55,140530,12530,12433,95,12528,96
2021-09-30,Nevada,57,99092,8564,8474,295,8769,87
2021-09-30,Orange,59,3164182,298427,297307,14412,311719,5435
2021-09-30,Placer,61,380077,34695,34377,3432,37809,381
2021-09-30,Plumas,63,18699,1333,1298,29,1327,6
2021-09-30,Riverside,65,2383286,349075,347227,16774,364001,4895
2021-09-30,Sacramento,67,1510023,150389,149897,4099,153996,2099
2021-09-30,San Benito,69,59416,7095,7055,156,7211,69
2021-09-30,San Bernardino,71,2135413,342788,341212,10781,351993,5540
2021-09-30,San Diego,73,3302833,358879,356454,0,356454,4078
2021-09-30,San Francisco,75,870044,50779,50393,2540,52933,634
2021-09-30,San Joaquin,77,732212,95213,94599,5176,99775,1646
2021-09-30,San Luis Obispo,79,281455,28088,27915,1172,29087,323
2021-09-30,San Mateo,81,765935,51999,51767,1385,53152,573
2021-09-30,Santa Barbara,83,443738,42611,42423,1633,44056,508
2021-09-30,Santa Clara,85,1922200,141924,141231,1197,142428,1862
2021-09-30,Santa Cruz,87,273765,19568,19461,1056,20517,214
2021-09-30,Shasta,89,179085,19263,18912,3295,22207,270
2021-09-30,Sierra,91,2930,137,131,16,147,0
2021-09-30,Siskiyou,93,43540,3117,3053,1196,4249,42
2021-09-30,Solano,95,438530,44125,43800,1156,44956,321
2021-09-30,Sonoma,97,501317,39747,39497,507,40004,382
2021-09-30,Stanislaus,99,539301,74527,73859,8352,82211,1099
2021-09-30,Sutter,101,95872,13288,13160,283,13443,160
2021-09-30,Tehama,103,63373,7598,7453,1320,8773,93
2021-09-30,Trinity,105,12862,659,625,175,800,10
2021-09-30,Tulare,107,460477,63056,62247,13966,76213,908
2021-09-30,Tuolumne,109,53932,6474,6369,69,6438,89
2021-09-30,Ventura,111,848112,95270,94854,4290,99144,1148
2021-09-30,Yolo,113,214977,18768,18640,1034,19674,242
2021-09-30,Yuba,115,75493,9483,9370,206,9576,66
2021-09-29,Alameda,1,1643700,115756,114998,2821,117819,1339
2021-09-29,Alpine,3,1148,102,101,0,101,0
2021-09-29,Amador,5,37829,5180,5058,57,5115,61
2021-09-29,Butte,7,227075,19159,18835,3651,22486,242
2021-09-29,Calaveras,9,45235,3667,3553,44,3597,72
2021-09-29,Colusa,11,21464,2413,2401,573,2974,18
2021-09-29,Contra Costa,13,1133247,95953,95213,2074,97287,929
2021-09-29,Del Norte,15,27424,3474,3467,29,3496,39
2021-09-29,El Dorado,17,186661,15009,14834,1608,16442,136
2021-09-29,Fresno,19,978130,129403,128068,11458,139526,1957
2021-09-29,Glenn,21,27897,3255,3213,940,4153,26
2021-09-29,Humboldt,23,135768,8366,8203,449,8652,94
2021-09-29,Imperial,25,180216,31792,31600,3200,34800,757
2021-09-29,Inyo,27,18085,1781,1740,28,1768,39
2021-09-29,Kern,29,883053,119063,117605,19739,137344,1513
2021-09-29,Kings,31,150075,29651,29195,1850,31045,299
2021-09-29,Lake,33,64148,6258,6164,128,6292,97
2021-09-29,Lassen,35,31185,6419,6347,318,6665,25
2021-09-29,Los Angeles,37,10098052,1398672,1393617,55029,1448646,26098
2021-09-29,Madera,39,155013,21133,20818,1699,22517,266
2021-09-29,Marin,41,260295,17001,16921,416,17337,242
2021-09-29,Mariposa,43,17540,1003,963,26,989,5
2021-09-29,Mendocino,45,87422,6962,6821,376,7197,78
2021-09-29,Merced,47,269075,39465,39026,1407,40433,552
2021-09-29,Modoc,49,8938,474,468,168,636,5
2021-09-29,Mono,51,14174,1560,1527,16,1543,3
2021-09-29,Monterey,53,433212,47052,46917,3293,50210,571
2021-09-29,Napa,55,140530,12511,12416,92,12508,96
2021-09-29,Nevada,57,99092,8551,8434,295,8729,87
2021-09-29,Orange,59,3164182,298174,296936,14379,311315,5429
2021-09-29,Placer,61,380077,34633,34271,3409,37680,379
2021-09-29,Plumas,63,18699,1315,1289,29,1318,6
2021-09-29,Riverside,65,2383286,348630,346558,16764,363322,4886
2021-09-29,Sacramento,67,1510023,150145,149686,4086,153772,2099
2021-09-29,San Benito,69,59416,7084,7039,156,7195,69
2021-09-29,San Bernardino,71,2135413,342474,340672,10768,351440,5539
2021-09-29,San Diego,73,3302833,358398,355899,0,355899,4066
2021-09-29,San Francisco,75,870044,50693,50286,2537,52823,629
2021-09-29,San Joaquin,77,732212,95063,94356,5159,99515,1645
2021-09-29,San Luis Obispo,79,281455,28041,27800,1167,28967,323
2021-09-29,San Mateo,81,765935,51950,51673,1378,53051,573
2021-09-29,Santa Barbara,83,443738,42540,42328,1630,43958,507
2021-09-29,Santa Clara,85,1922200,141798,141036,1194,142230,1861
2021-09-29,Santa Cruz,87,273765,19551,19425,1054,20479,214
2021-09-29,Shasta,89,179085,19194,18805,3285,22090,271
2021-09-29,Sierra,91,2930,133,130,16,146,0
2021-09-29,Siskiyou,93,43540,3105,3043,1189,4232,42
2021-09-29,Solano,95,438530,44071,43724,1149,44873,321
2021-09-29,Sonoma,97,501317,39689,39426,506,39932,370
2021-09-29,Stanislaus,99,539301,74400,73634,8338,81972,1096
2021-09-29,Sutter,101,95872,13261,13135,280,13415,155
2021-09-29,Tehama,103,63373,7564,7409,1305,8714,88
2021-09-29,Trinity,105,12862,656,616,175,791,10
2021-09-29,Tulare,107,460477,62892,62046,13905,75951,908
2021-09-29,Tuolumne,109,53932,6457,6336,68,6404,89
2021-09-29,Ventura,111,848112,95173,94753,4287,99040,1144
2021-09-29,Yolo,113,214977,18736,18587,1030,19617,239
2021-09-29,Yuba,115,75493,9452,9351,202,9553,66
2021-09-28,Alameda,1,1643700,115598,114869,2816,117685,1333
2021-09-28,Alpine,3,1148,102,101,0,101,0
2021-09-28,Amador,5,37829,5159,5049,57,5106,61
2021-09-28,Butte,7,227075,19108,18764,3638,22402,241
2021-09-28,Calaveras,9,45235,3647,3530,44,3574,72
2021-09-28,Colusa,11,21464,2410,2399,571,2970,18
2021-09-28,Contra Costa,13,1133247,95811,95115,2069,97184,929
2021-09-28,Del Norte,15,27424,3472,3462,29,3491,39
2021-09-28,El Dorado,17,186661,14962,14793,1604,16397,133
2021-09-28,Fresno,19,978130,129063,127877,11424,139301,1948
2021-09-28,Glenn,21,27897,3249,3205,939,4144,26
2021-09-28,Humboldt,23,135768,8323,8159,447,8606,91
2021-09-28,Imperial,25,180216,31750,31543,3196,34739,757
2021-09-28,Inyo,27,18085,1768,1708,27,1735,39
2021-09-28,Kern,29,883053,118802,117420,19642,137062,1506
2021-09-28,Kings,31,150075,29557,29141,1839,30980,295
2021-09-28,Lake,33,64148,6243,6155,128,6283,95
2021-09-28,Lassen,35,31185,6414,6340,315,6655,25
2021-09-28,Los Angeles,37,10098052,1397438,1392445,54960,1447405,26068
2021-09-28,Madera,39,155013,21081,20764,1686,22450,266
2021-09-28,Marin,41,260295,16983,16887,414,17301,242
2021-09-28,Mariposa,43,17540,998,952,26,978,5
2021-09-28,Mendocino,45,87422,6941,6804,374,7178,78
2021-09-28,Merced,47,269075,39374,38953,1393,40346,551
2021-09-28,Modoc,49,8938,473,467,168,635,5
2021-09-28,Mono,51,14174,1550,1527,16,1543,3
2021-09-28,Monterey,53,433212,47025,46859,3279,50138,571
2021-09-28,Napa,55,140530,12495,12388,91,12479,96
2021-09-28,Nevada,57,99092,8529,8409,294,8703,84
2021-09-28,Orange,59,3164182,297940,296596,14354,310950,5421
2021-09-28,Placer,61,380077,34568,34187,3391,37578,370
2021-09-28,Plumas,63,18699,1305,1276,28,1304,6
2021-09-28,Riverside,65,2383286,348172,346096,16746,362842,4874
2021-09-28,Sacramento,67,1510023,149866,149310,4056,153366,2086
2021-09-28,San Benito,69,59416,7067,7028,155,7183,69
2021-09-28,San Bernardino,71,2135413,342125,340342,10748,351090,5540
2021-09-28,San Diego,73,3302833,357859,355373,0,355373,4054
2021-09-28,San Francisco,75,870044,50596,50234,2531,52765,627
2021-09-28,San Joaquin,77,732212,94914,94194,5151,99345,1639
2021-09-28,San Luis Obispo,79,281455,28006,27755,1162,28917,321
2021-09-28,San Mateo,81,765935,51912,51620,1373,52993,571
2021-09-28,Santa Barbara,83,443738,42469,42226,1626,43852,506
2021-09-28,Santa Clara,85,1922200,141632,140886,1186,142072,1858
2021-09-28,Santa Cruz,87,273765,19520,19324,1053,20377,214
2021-09-28,Shasta,89,179085,19136,18701,3270,21971,267
2021-09-28,Sierra,91,2930,132,130,15,145,0
2021-09-28,Siskiyou,93,43540,3094,3032,1183,4215,42
2021-09-28,Solano,95,438530,44001,43652,1146,44798,316
2021-09-28,Sonoma,97,501317,39644,39395,505,39900,370
2021-09-28,Stanislaus,99,539301,74235,73528,8327,81855,1094
2021-09-28,Sutter,101,95872,13242,13102,276,13378,155
2021-09-28,Tehama,103,63373,7543,7382,1291,8673,88
2021-09-28,Trinity,105,12862,653,613,175,788,10
2021-09-28,Tulare,107,460477,62733,61916,13845,75761,905
2021-09-28,Tuolumne,109,53932,6432,6308,68,6376,89
2021-09-28,Ventura,111,848112,95055,94632,4283,98915,1143
2021-09-28,Yolo,113,214977,18710,18564,1027,19591,239
2021-09-28,Yuba,115,75493,9433,9323,201,9524,66
2021-09-27,Alameda,1,1643700,115417,114731,2809,117540,1327
2021-09-27,Alpine,3,1148,102,101,0,101,0
2021-09-27,Amador,5,37829,5145,5017,57,5074,59
2021-09-27,Butte,7,227075,19048,18687,3622,22309,239
2021-09-27,Calaveras,9,45235,3627,3514,43,3557,70
2021-09-27,Colusa,11,21464,2409,2393,570,2963,18
2021-09-27,Contra Costa,13,1133247,95679,94979,2061,97040,924
2021-09-27,Del Norte,15,27424,3470,3468,27,3495,37
2021-09-27,El Dorado,17,186661,14925,14764,1596,16360,132
2021-09-27,Fresno,19,978130,128730,127475,11395,138870,1942
2021-09-27,Glenn,21,27897,3235,3189,935,4124,26
2021-09-27,Humboldt,23,135768,8284,8118,446,8564,91
2021-09-27,Imperial,25,180216,31686,31491,3189,34680,756
2021-09-27,Inyo,27,18085,1756,1698,27,1725,39
2021-09-27,Kern,29,883053,118531,117064,19541,136605,1503
2021-09-27,Kings,31,150075,29460,28998,1827,30825,297
2021-09-27,Lake,33,64148,6224,6126,128,6254,95
2021-09-27,Lassen,35,31185,6399,6327,311,6638,25
2021-09-27,Los Angeles,37,10098052,1396195,1391538,54892,1446430,26040
2021-09-27,Madera,39,155013,21018,20691,1678,22369,262
2021-09-27,Marin,41,260295,16961,16861,414,17275,242
2021-09-27,Mariposa,43,17540,988,931,26,957,5
2021-09-27,Mendocino,45,87422,6917,6761,367,7128,74
2021-09-27,Merced,47,269075,39279,38840,1391,40231,548
2021-09-27,Modoc,49,8938,472,465,166,631,5
2021-09-27,Mono,51,14174,1535,1525,16,1541,3
2021-09-27,Monterey,53,433212,46985,46811,3266,50077,571
2021-09-27,Napa,55,140530,12471,12354,90,12444,95
2021-09-27,Nevada,57,99092,8505,8379,291,8670,84
2021-09-27,Orange,59,3164182,297640,296334,14324,310658,5409
2021-09-27,Placer,61,380077,34483,34087,3387,37474,370
2021-09-27,Plumas,63,18699,1297,1269,28,1297,6
2021-09-27,Riverside,65,2383286,347729,345529,16735,362264,4864
2021-09-27,Sacramento,67,1510023,149553,149096,4037,153133,2076
2021-09-27,San Benito,69,59416,7050,7017,155,7172,67
2021-09-27,San Bernardino,71,2135413,341725,339952,10729,350681,5544
2021-09-27,San Diego,73,3302833,357214,354755,0,354755,4054
2021-09-27,San Francisco,75,870044,50514,50157,2527,52684,622
2021-09-27,San Joaquin,77,732212,94734,94085,5146,99231,1633
2021-09-27,San Luis Obispo,79,281455,27953,27674,1159,28833,320
2021-09-27,San Mateo,81,765935,51847,51552,1364,52916,571
2021-09-27,Santa Barbara,83,443738,42403,42012,1622,43634,505
2021-09-27,Santa Clara,85,1922200,141448,140802,1177,141979,1853
2021-09-27,Santa Cruz,87,273765,19497,19292,1052,20344,214
2021-09-27,Shasta,89,179085,19062,18599,3242,21841,267
2021-09-27,Sierra,91,2930,132,128,15,143,0
2021-09-27,Siskiyou,93,43540,3081,3015,1180,4195,42
2021-09-27,Solano,95,438530,43930,43582,1141,44723,314
2021-09-27,Sonoma,97,501317,39593,39347,505,39852,370
2021-09-27,Stanislaus,99,539301,74078,73370,8313,81683,1091
2021-09-27,Sutter,101,95872,13212,13082,272,13354,155
2021-09-27,Tehama,103,63373,7501,7345,1280,8625,88
2021-09-27,Trinity,105,12862,642,605,174,779,9
2021-09-27,Tulare,107,460477,62535,61708,13773,75481,904
2021-09-27,Tuolumne,109,53932,6414,6264,68,6332,89
2021-09-27,Ventura,111,848112,94933,94477,4279,98756,1138
2021-09-27,Yolo,113,214977,18679,18524,1026,19550,239
2021-09-27,Yuba,115,75493,9398,9292,197,9489,64
2021-09-26,Alameda,1,1643700,115222,114601,2804,117405,1326
2021-09-26,Alpine,3,1148,101,101,0,101,0
2021-09-26,Amador,5,37829,5114,5001,56,5057,59
2021-09-26,Butte,7,227075,18969,18634,3603,22237,238
2021-09-26,Calaveras,9,45235,3605,3505,43,3548,70
2021-09-26,Colusa,11,21464,2403,2392,567,2959,18
2021-09-26,Contra Costa,13,1133247,95508,94877,2049,96926,924
2021-09-26,Del Norte,15,27424,3465,3466,26,3492,37
2021-09-26,El Dorado,17,186661,14884,14738,1588,16326,132
2021-09-26,Fresno,19,978130,128390,127235,11363,138598,1939
2021-09-26,Glenn,21,27897,3222,3182,935,4117,26
2021-09-26,Humboldt,23,135768,8249,8098,444,8542,91
2021-09-26,Imperial,25,180216,31627,31462,3188,34650,756
2021-09-26,Inyo,27,18085,1741,1685,27,1712,39
2021-09-26,Kern,29,883053,118196,116927,19433,136360,1502
2021-09-26,Kings,31,150075,29358,28930,1815,30745,293
2021-09-26,Lake,33,64148,6208,6113,128,6241,95
2021-09-26,Lassen,35,31185,6391,6319,306,6625,25
2021-09-26,Los Angeles,37,10098052,1394798,1390577,54820,1445397,26035
2021-09-26,Madera,39,155013,20946,20629,1659,22288,262
2021-09-26,Marin,41,260295,16937,16860,414,17274,242
2021-09-26,Mariposa,43,17540,983,929,26,955,5
2021-09-26,Mendocino,45,87422,6886,6744,352,7096,74
2021-09-26,Merced,47,269075,39115,38717,1387,40104,548
2021-09-26,Modoc,49,8938,472,465,165,630,5
2021-09-26,Mono,51,14174,1533,1516,16,1532,3
2021-09-26,Monterey,53,433212,46939,46792,3252,50044,571
2021-09-26,Napa,55,140530,12447,12340,89,12429,95
2021-09-26,Nevada,57,99092,8475,8356,289,8645,84
2021-09-26,Orange,59,3164182,297320,296085,14295,310380,5409
2021-09-26,Placer,61,380077,34389,34043,3377,37420,370
2021-09-26,Plumas,63,18699,1280,1268,28,1296,6
2021-09-26,Riverside,65,2383286,347206,345257,16721,361978,4864
2021-09-26,Sacramento,67,1510023,149150,148745,4017,152762,2071
2021-09-26,San Benito,69,59416,7033,7012,154,7166,67
2021-09-26,San Bernardino,71,2135413,341274,339771,10717,350488,5545
2021-09-26,San Diego,73,3302833,356604,354414,0,354414,4051
2021-09-26,San Francisco,75,870044,50390,50092,2517,52609,622
2021-09-26,San Joaquin,77,732212,94532,93935,5131,99066,1633
2021-09-26,San Luis Obispo,79,281455,27884,27624,1154,28778,319
2021-09-26,San Mateo,81,765935,51795,51496,1350,52846,571
2021-09-26,Santa Barbara,83,443738,42318,41946,1618,43564,505
2021-09-26,Santa Clara,85,1922200,141250,140667,1172,141839,1852
2021-09-26,Santa Cruz,87,273765,19473,19279,1052,20331,214
2021-09-26,Shasta,89,179085,18955,18566,3220,21786,266
2021-09-26,Sierra,91,2930,132,128,15,143,0
2021-09-26,Siskiyou,93,43540,3067,2998,1169,4167,42
2021-09-26,Solano,95,438530,43864,43537,1140,44677,314
2021-09-26,Sonoma,97,501317,39536,39302,505,39807,370
2021-09-26,Stanislaus,99,539301,73876,73243,8289,81532,1091
2021-09-26,Sutter,101,95872,13176,13045,271,13316,155
2021-09-26,Tehama,103,63373,7442,7323,1271,8594,88
2021-09-26,Trinity,105,12862,639,591,174,765,9
2021-09-26,Tulare,107,460477,62316,61560,13694,75254,904
2021-09-26,Tuolumne,109,53932,6387,6236,66,6302,89
2021-09-26,Ventura,111,848112,94807,94391,4275,98666,1138
2021-09-26,Yolo,113,214977,18644,18496,1018,19514,239
2021-09-26,Yuba,115,75493,9371,9275,197,9472,64
2021-09-25,Alameda,1,1643700,115148,114014,2801,116815,1324
2021-09-25,Alpine,3,1148,101,101,0,101,0
2021-09-25,Amador,5,37829,5101,4934,55,4989,59
2021-09-25,Butte,7,227075,18941,18396,3590,21986,236
2021-09-25,Calaveras,9,45235,3601,3461,43,3504,70
2021-09-25,Colusa,11,21464,2401,2387,565,2952,16
2021-09-25,Contra Costa,13,1133247,95438,94337,2045,96382,924
2021-09-25,Del Norte,15,27424,3464,3404,26,3430,35
2021-09-25,El Dorado,17,186661,14861,14641,1584,16225,130
2021-09-25,Fresno,19,978130,128251,126299,11355,137654,1927
2021-09-25,Glenn,21,27897,3220,3144,934,4078,25
2021-09-25,Humboldt,23,135768,8232,8014,442,8456,88
2021-09-25,Imperial,25,180216,31601,31280,3187,34467,755
2021-09-25,Inyo,27,18085,1733,1657,27,1684,39
2021-09-25,Kern,29,883053,118044,116021,19364,135385,1485
2021-09-25,Kings,31,150075,29308,28636,1812,30448,293
2021-09-25,Lake,33,64148,6203,6046,126,6172,92
2021-09-25,Lassen,35,31185,6379,6248,305,6553,25
2021-09-25,Los Angeles,37,10098052,1394128,1386417,54778,1441195,25964
2021-09-25,Madera,39,155013,20921,20432,1652,22084,262
2021-09-25,Marin,41,260295,16927,16802,412,17214,242
2021-09-25,Mariposa,43,17540,978,906,26,932,5
2021-09-25,Mendocino,45,87422,6867,6657,351,7008,74
2021-09-25,Merced,47,269075,39070,38393,1386,39779,546
2021-09-25,Modoc,49,8938,472,460,165,625,5
2021-09-25,Mono,51,14174,1532,1501,16,1517,3
2021-09-25,Monterey,53,433212,46914,46653,3245,49898,567
2021-09-25,Napa,55,140530,12428,12266,89,12355,95
2021-09-25,Nevada,57,99092,8458,8285,289,8574,84
2021-09-25,Orange,59,3164182,297149,294514,14279,308793,5374
2021-09-25,Placer,61,380077,34323,33764,3374,37138,367
2021-09-25,Plumas,63,18699,1278,1238,28,1266,6
2021-09-25,Riverside,65,2383286,346888,343463,16713,360176,4843
2021-09-25,Sacramento,67,1510023,148974,147728,4006,151734,2049
2021-09-25,San Benito,69,59416,7028,6965,154,7119,67
2021-09-25,San Bernardino,71,2135413,341045,338413,10703,349116,5540
2021-09-25,San Diego,73,3302833,356261,352017,0,352017,4039
2021-09-25,San Francisco,75,870044,50345,49840,2516,52356,615
2021-09-25,San Joaquin,77,732212,94448,93273,5130,98403,1628
2021-09-25,San Luis Obispo,79,281455,27846,27447,1149,28596,318
2021-09-25,San Mateo,81,765935,51743,51266,1339,52605,568
2021-09-25,Santa Barbara,83,443738,42260,41728,1618,43346,505
2021-09-25,Santa Clara,85,1922200,141139,140023,1169,141192,1844
2021-09-25,Santa Cruz,87,273765,19457,19200,1050,20250,214
2021-09-25,Shasta,89,179085,18910,18256,3210,21466,262
2021-09-25,Sierra,91,2930,131,127,15,142,0
2021-09-25,Siskiyou,93,43540,3060,2956,1159,4115,41
2021-09-25,Solano,95,438530,43823,43331,1137,44468,312
2021-09-25,Sonoma,97,501317,39498,39112,505,39617,369
2021-09-25,Stanislaus,99,539301,73765,72628,8275,80903,1091
2021-09-25,Sutter,101,95872,13158,12976,268,13244,154
2021-09-25,Tehama,103,63373,7430,7200,1270,8470,86
2021-09-25,Trinity,105,12862,639,576,174,750,9
2021-09-25,Tulare,107,460477,62235,60909,13644,74553,898
2021-09-25,Tuolumne,109,53932,6377,6168,66,6234,89
2021-09-25,Ventura,111,848112,94749,94059,4272,98331,1129
2021-09-25,Yolo,113,214977,18622,18393,1017,19410,239
2021-09-25,Yuba,115,75493,9351,9191,197,9388,61
2021-09-24,Alameda,1,1643700,115045,114014,2796,116810,1324
2021-09-24,Alpine,3,1148,101,101,0,101,0
2021-09-24,Amador,5,37829,5071,4934,55,4989,59
2021-09-24,Butte,7,227075,18891,18396,3580,21976,236
2021-09-24,Calaveras,9,45235,3594,3461,42,3503,70
2021-09-24,Colusa,11,21464,2399,2387,564,2951,16
2021-09-24,Contra Costa,13,1133247,95331,94337,2041,96378,924
2021-09-24,Del Norte,15,27424,3461,3404,26,3430,35
2021-09-24,El Dorado,17,186661,14844,14641,1581,16222,130
2021-09-24,Fresno,19,978130,128066,126299,11345,137644,1927
2021-09-24,Glenn,21,27897,3215,3144,934,4078,25
2021-09-24,Humboldt,23,135768,8213,8014,439,8453,88
2021-09-24,Imperial,25,180216,31562,31280,3186,34466,755
2021-09-24,Inyo,27,18085,1724,1657,27,1684,39
2021-09-24,Kern,29,883053,117906,116021,19299,135320,1485
2021-09-24,Kings,31,150075,29266,28636,1807,30443,293
2021-09-24,Lake,33,64148,6195,6046,126,6172,92
2021-09-24,Lassen,35,31185,6371,6248,304,6552,25
2021-09-24,Los Angeles,37,10098052,1393298,1386417,54734,1441151,25964
2021-09-24,Madera,39,155013,20891,20432,1644,22076,262
2021-09-24,Marin,41,260295,16913,16802,411,17213,242
2021-09-24,Mariposa,43,17540,966,906,26,932,5
2021-09-24,Mendocino,45,87422,6854,6657,351,7008,74
2021-09-24,Merced,47,269075,39027,38393,1385,39778,546
2021-09-24,Modoc,49,8938,472,460,164,624,5
2021-09-24,Mono,51,14174,1529,1501,16,1517,3
2021-09-24,Monterey,53,433212,46899,46653,3233,49886,567
2021-09-24,Napa,55,140530,12410,12266,89,12355,95
2021-09-24,Nevada,57,99092,8443,8285,287,8572,84
2021-09-24,Orange,59,3164182,296956,294514,14262,308776,5374
2021-09-24,Placer,61,380077,34271,33764,3361,37125,367
2021-09-24,Plumas,63,18699,1275,1238,28,1266,6
2021-09-24,Riverside,65,2383286,346554,343463,16702,360165,4843
2021-09-24,Sacramento,67,1510023,148784,147728,4001,151729,2049
2021-09-24,San Benito,69,59416,7023,6965,154,7119,67
2021-09-24,San Bernardino,71,2135413,340781,338413,10693,349106,5540
2021-09-24,San Diego,73,3302833,355910,352017,0,352017,4039
2021-09-24,San Francisco,75,870044,50281,49840,2508,52348,615
2021-09-24,San Joaquin,77,732212,94337,93273,5128,98401,1628
2021-09-24,San Luis Obispo,79,281455,27814,27447,1144,28591,318
2021-09-24,San Mateo,81,765935,51690,51266,1332,52598,568
2021-09-24,Santa Barbara,83,443738,42222,41728,1617,43345,505
2021-09-24,Santa Clara,85,1922200,141030,140023,1168,141191,1844
2021-09-24,Santa Cruz,87,273765,19434,19200,1049,20249,214
2021-09-24,Shasta,89,179085,18858,18256,3196,21452,262
2021-09-24,Sierra,91,2930,130,127,15,142,0
2021-09-24,Siskiyou,93,43540,3051,2956,1153,4109,41
2021-09-24,Solano,95,438530,43786,43331,1135,44466,312
2021-09-24,Sonoma,97,501317,39466,39112,504,39616,369
2021-09-24,Stanislaus,99,539301,73652,72628,8261,80889,1091
2021-09-24,Sutter,101,95872,13139,12976,267,13243,154
2021-09-24,Tehama,103,63373,7418,7200,1267,8467,86
2021-09-24,Trinity,105,12862,636,576,173,749,9
2021-09-24,Tulare,107,460477,62145,60909,13599,74508,898
2021-09-24,Tuolumne,109,53932,6348,6168,66,6234,89
2021-09-24,Ventura,111,848112,94673,94059,4265,98324,1129
2021-09-24,Yolo,113,214977,18590,18393,1014,19407,239
2021-09-24,Yuba,115,75493,9332,9191,197,9388,61
2021-09-23,Alameda,1,1643700,114894,114014,2791,116805,1324
2021-09-23,Alpine,3,1148,101,101,0,101,0
2021-09-23,Amador,5,37829,5058,4934,55,4989,59
2021-09-23,Butte,7,227075,18829,18396,3552,21948,236
2021-09-23,Calaveras,9,45235,3573,3461,42,3503,70
2021-09-23,Colusa,11,21464,2397,2387,562,2949,16
2021-09-23,Contra Costa,13,1133247,95189,94337,2033,96370,924
2021-09-23,Del Norte,15,27424,3452,3404,25,3429,35
2021-09-23,El Dorado,17,186661,14818,14641,1576,16217,130
2021-09-23,Fresno,19,978130,127786,126299,11331,137630,1927
2021-09-23,Glenn,21,27897,3200,3144,931,4075,25
2021-09-23,Humboldt,23,135768,8189,8014,438,8452,88
2021-09-23,Imperial,25,180216,31529,31280,3186,34466,755
2021-09-23,Inyo,27,18085,1710,1657,27,1684,39
2021-09-23,Kern,29,883053,117649,116021,19219,135240,1485
2021-09-23,Kings,31,150075,29160,28636,1797,30433,293
2021-09-23,Lake,33,64148,6185,6046,126,6172,92
2021-09-23,Lassen,35,31185,6362,6248,299,6547,25
2021-09-23,Los Angeles,37,10098052,1392150,1386417,54668,1441085,25964
2021-09-23,Madera,39,155013,20810,20432,1640,22072,262
2021-09-23,Marin,41,260295,16898,16802,410,17212,242
2021-09-23,Mariposa,43,17540,953,906,26,932,5
2021-09-23,Mendocino,45,87422,6833,6657,349,7006,74
2021-09-23,Merced,47,269075,38926,38393,1380,39773,546
2021-09-23,Modoc,49,8938,471,460,164,624,5
2021-09-23,Mono,51,14174,1527,1501,16,1517,3
2021-09-23,Monterey,53,433212,46860,46653,3213,49866,567
2021-09-23,Napa,55,140530,12393,12266,89,12355,95
2021-09-23,Nevada,57,99092,8417,8285,287,8572,84
2021-09-23,Orange,59,3164182,296665,294514,14243,308757,5374
2021-09-23,Placer,61,380077,34201,33764,3354,37118,367
2021-09-23,Plumas,63,18699,1256,1238,28,1266,6
2021-09-23,Riverside,65,2383286,346102,343463,16694,360157,4843
2021-09-23,Sacramento,67,1510023,148446,147728,3977,151705,2049
2021-09-23,San Benito,69,59416,7012,6965,154,7119,67
2021-09-23,San Bernardino,71,2135413,340421,338413,10677,349090,5540
2021-09-23,San Diego,73,3302833,355461,352017,0,352017,4039
2021-09-23,San Francisco,75,870044,50211,49840,2503,52343,615
2021-09-23,San Joaquin,77,732212,94173,93273,5117,98390,1628
2021-09-23,San Luis Obispo,79,281455,27772,27447,1142,28589,318
2021-09-23,San Mateo,81,765935,51625,51266,1323,52589,568
2021-09-23,Santa Barbara,83,443738,42144,41728,1613,43341,505
2021-09-23,Santa Clara,85,1922200,140879,140023,1161,141184,1844
2021-09-23,Santa Cruz,87,273765,19404,19200,1049,20249,214
2021-09-23,Shasta,89,179085,18779,18256,3179,21435,262
2021-09-23,Sierra,91,2930,130,127,15,142,0
2021-09-23,Siskiyou,93,43540,3047,2956,1143,4099,41
2021-09-23,Solano,95,438530,43721,43331,1132,44463,312
2021-09-23,Sonoma,97,501317,39408,39112,501,39613,369
2021-09-23,Stanislaus,99,539301,73497,72628,8232,80860,1091
2021-09-23,Sutter,101,95872,13110,12976,267,13243,154
2021-09-23,Tehama,103,63373,7381,7200,1261,8461,86
2021-09-23,Trinity,105,12862,622,576,172,748,9
2021-09-23,Tulare,107,460477,61968,60909,13542,74451,898
2021-09-23,Tuolumne,109,53932,6323,6168,65,6233,89
2021-09-23,Ventura,111,848112,94571,94059,4258,98317,1129
2021-09-23,Yolo,113,214977,18561,18393,1009,19402,239
2021-09-23,Yuba,115,75493,9304,9191,196,9387,61
2021-09-22,Alameda,1,1643700,114739,113862,2787,116649,1322
2021-09-22,Alpine,3,1148,101,100,0,100,0
2021-09-22,Amador,5,37829,5043,4915,55,4970,59
2021-09-22,Butte,7,227075,18769,18337,3534,21871,235
2021-09-22,Calaveras,9,45235,3558,3448,42,3490,70
2021-09-22,Colusa,11,21464,2392,2384,561,2945,16
2021-09-22,Contra Costa,13,1133247,95007,94209,2023,96232,924
2021-09-22,Del Norte,15,27424,3441,3386,25,3411,35
2021-09-22,El Dorado,17,186661,14783,14605,1568,16173,127
2021-09-22,Fresno,19,978130,127537,126006,11315,137321,1908
2021-09-22,Glenn,21,27897,3194,3138,930,4068,25
2021-09-22,Humboldt,23,135768,8166,7998,430,8428,80
2021-09-22,Imperial,25,180216,31477,31243,3179,34422,755
2021-09-22,Inyo,27,18085,1700,1651,27,1678,39
2021-09-22,Kern,29,883053,117409,115757,19098,134855,1477
2021-09-22,Kings,31,150075,29078,28589,1791,30380,292
2021-09-22,Lake,33,64148,6171,6035,126,6161,93
2021-09-22,Lassen,35,31185,6344,6209,295,6504,25
2021-09-22,Los Angeles,37,10098052,1390899,1384719,54608,1439327,25930
2021-09-22,Madera,39,155013,20754,20382,1633,22015,262
2021-09-22,Marin,41,260295,16888,16782,407,17189,242
2021-09-22,Mariposa,43,17540,947,901,26,927,5
2021-09-22,Mendocino,45,87422,6806,6624,343,6967,70
2021-09-22,Merced,47,269075,38791,38305,1378,39683,541
2021-09-22,Modoc,49,8938,468,458,164,622,5
2021-09-22,Mono,51,14174,1518,1496,15,1511,3
2021-09-22,Monterey,53,433212,46816,46615,3200,49815,566
2021-09-22,Napa,55,140530,12369,12248,88,12336,95
2021-09-22,Nevada,57,99092,8395,8273,287,8560,84
2021-09-22,Orange,59,3164182,296406,294214,14230,308444,5366
2021-09-22,Placer,61,380077,34111,33661,3341,37002,367
2021-09-22,Plumas,63,18699,1243,1230,28,1258,6
2021-09-22,Riverside,65,2383286,345566,342946,16671,359617,4830
2021-09-22,Sacramento,67,1510023,148142,147533,3946,151479,2043
2021-09-22,San Benito,69,59416,7001,6961,152,7113,67
2021-09-22,San Bernardino,71,2135413,340023,337938,10669,348607,5528
2021-09-22,San Diego,73,3302833,355005,351132,0,351132,4027
2021-09-22,San Francisco,75,870044,50128,49734,2498,52232,610
2021-09-22,San Joaquin,77,732212,93946,93010,5093,98103,1626
2021-09-22,San Luis Obispo,79,281455,27724,27398,1139,28537,315
2021-09-22,San Mateo,81,765935,51558,51197,1313,52510,568
2021-09-22,Santa Barbara,83,443738,42082,41678,1612,43290,504
2021-09-22,Santa Clara,85,1922200,140713,139803,1155,140958,1844
2021-09-22,Santa Cruz,87,273765,19367,19177,1049,20226,214
2021-09-22,Shasta,89,179085,18692,18153,3168,21321,260
2021-09-22,Sierra,91,2930,130,127,15,142,0
2021-09-22,Siskiyou,93,43540,3030,2947,1134,4081,41
2021-09-22,Solano,95,438530,43660,43269,1131,44400,312
2021-09-22,Sonoma,97,501317,39355,39063,500,39563,369
2021-09-22,Stanislaus,99,539301,73333,72355,8214,80569,1091
2021-09-22,Sutter,101,95872,13090,12960,264,13224,153
2021-09-22,Tehama,103,63373,7354,7173,1255,8428,86
2021-09-22,Trinity,105,12862,621,572,172,744,9
2021-09-22,Tulare,107,460477,61758,60776,13467,74243,896
2021-09-22,Tuolumne,109,53932,6302,6155,64,6219,89
2021-09-22,Ventura,111,848112,94466,93978,4251,98229,1122
2021-09-22,Yolo,113,214977,18522,18342,1001,19343,239
2021-09-22,Yuba,115,75493,9275,9169,191,9360,61
2021-09-21,Alameda,1,1643700,114589,113765,2786,116551,1321
2021-09-21,Alpine,3,1148,101,100,0,100,0
2021-09-21,Amador,5,37829,5021,4897,55,4952,59
2021-09-21,Butte,7,227075,18675,18229,3490,21719,232
2021-09-21,Calaveras,9,45235,3540,3437,42,3479,70
2021-09-21,Colusa,11,21464,2389,2378,560,2938,16
2021-09-21,Contra Costa,13,1133247,94814,94101,2007,96108,924
2021-09-21,Del Norte,15,27424,3431,3378,25,3403,34
2021-09-21,El Dorado,17,186661,14754,14578,1561,16139,127
2021-09-21,Fresno,19,978130,127193,125789,11300,137089,1892
2021-09-21,Glenn,21,27897,3186,3134,921,4055,25
2021-09-21,Humboldt,23,135768,8134,7955,425,8380,80
2021-09-21,Imperial,25,180216,31418,31185,3179,34364,755
2021-09-21,Inyo,27,18085,1690,1646,27,1673,39
2021-09-21,Kern,29,883053,117116,115534,18983,134517,1467
2021-09-21,Kings,31,150075,28990,28545,1783,30328,291
2021-09-21,Lake,33,64148,6150,6013,126,6139,90
2021-09-21,Lassen,35,31185,6326,6159,291,6450,25
2021-09-21,Los Angeles,37,10098052,1389520,1383277,54544,1437821,25893
2021-09-21,Madera,39,155013,20692,20317,1621,21938,262
2021-09-21,Marin,41,260295,16873,16748,406,17154,242
2021-09-21,Mariposa,43,17540,942,894,25,919,5
2021-09-21,Mendocino,45,87422,6765,6580,332,6912,68
2021-09-21,Merced,47,269075,38661,38225,1375,39600,539
2021-09-21,Modoc,49,8938,465,458,164,622,5
2021-09-21,Mono,51,14174,1516,1495,13,1508,3
2021-09-21,Monterey,53,433212,46756,46583,3182,49765,565
2021-09-21,Napa,55,140530,12349,12238,88,12326,95
2021-09-21,Nevada,57,99092,8369,8259,284,8543,84
2021-09-21,Orange,59,3164182,296083,293898,14200,308098,5357
2021-09-21,Placer,61,380077,34008,33609,3330,36939,365
2021-09-21,Plumas,63,18699,1240,1225,28,1253,5
2021-09-21,Riverside,65,2383286,345001,342460,16645,359105,4817
2021-09-21,Sacramento,67,1510023,147755,147378,3912,151290,2027
2021-09-21,San Benito,69,59416,6990,6950,151,7101,67
2021-09-21,San Bernardino,71,2135413,339579,337387,10651,348038,5520
2021-09-21,San Diego,73,3302833,354408,350265,0,350265,4021
2021-09-21,San Francisco,75,870044,50038,49653,2493,52146,609
2021-09-21,San Joaquin,77,732212,93716,92762,5081,97843,1621
2021-09-21,San Luis Obispo,79,281455,27666,27318,1135,28453,314
2021-09-21,San Mateo,81,765935,51495,51136,1305,52441,568
2021-09-21,Santa Barbara,83,443738,42015,41644,1607,43251,503
2021-09-21,Santa Clara,85,1922200,140502,139657,1151,140808,1843
2021-09-21,Santa Cruz,87,273765,19339,19140,1048,20188,212
2021-09-21,Shasta,89,179085,18568,18027,3145,21172,258
2021-09-21,Sierra,91,2930,130,127,15,142,0
2021-09-21,Siskiyou,93,43540,3018,2927,1119,4046,36
2021-09-21,Solano,95,438530,43590,43220,1131,44351,311
2021-09-21,Sonoma,97,501317,39303,39042,500,39542,369
2021-09-21,Stanislaus,99,539301,73149,72211,8195,80406,1091
2021-09-21,Sutter,101,95872,13067,12930,261,13191,153
2021-09-21,Tehama,103,63373,7309,7151,1249,8400,85
2021-09-21,Trinity,105,12862,610,572,170,742,9
2021-09-21,Tulare,107,460477,61542,60607,13406,74013,896
2021-09-21,Tuolumne,109,53932,6271,6139,64,6203,89
2021-09-21,Ventura,111,848112,94363,93818,4245,98063,1120
2021-09-21,Yolo,113,214977,18485,18313,997,19310,239
2021-09-21,Yuba,115,75493,9247,9135,191,9326,61
2021-09-20,Alameda,1,1643700,114413,113637,2783,116420,1320
2021-09-20,Alpine,3,1148,101,100,0,100,0
2021-09-20,Amador,5,37829,5003,4883,54,4937,59
2021-09-20,Butte,7,227075,18593,18135,3470,21605,231
2021-09-20,Calaveras,9,45235,3518,3395,41,3436,66
2021-09-20,Colusa,11,21464,2387,2376,557,2933,16
2021-09-20,Contra Costa,13,1133247,94666,93919,2000,95919,924
2021-09-20,Del Norte,15,27424,3423,3374,24,3398,34
2021-09-20,El Dorado,17,186661,14719,14545,1551,16096,127
2021-09-20,Fresno,19,978130,126787,125287,11281,136568,1889
2021-09-20,Glenn,21,27897,3175,3112,918,4030,25
2021-09-20,Humboldt,23,135768,8098,7938,420,8358,80
2021-09-20,Imperial,25,180216,31335,31146,3178,34324,755
2021-09-20,Inyo,27,18085,1682,1641,26,1667,39
2021-09-20,Kern,29,883053,116777,115271,18845,134116,1459
2021-09-20,Kings,31,150075,28903,28471,1777,30248,285
2021-09-20,Lake,33,64148,6136,5984,125,6109,87
2021-09-20,Lassen,35,31185,6297,6132,290,6422,25
2021-09-20,Los Angeles,37,10098052,1388060,1382206,54460,1436666,25858
2021-09-20,Madera,39,155013,20641,20203,1613,21816,257
2021-09-20,Marin,41,260295,16849,16732,404,17136,242
2021-09-20,Mariposa,43,17540,931,887,25,912,5
2021-09-20,Mendocino,45,87422,6731,6568,327,6895,67
2021-09-20,Merced,47,269075,38552,38144,1366,39510,536
2021-09-20,Modoc,49,8938,464,457,162,619,5
2021-09-20,Mono,51,14174,1511,1480,13,1493,3
2021-09-20,Monterey,53,433212,46723,46506,3156,49662,565
2021-09-20,Napa,55,140530,12324,12209,87,12296,95
2021-09-20,Nevada,57,99092,8349,8228,282,8510,84
2021-09-20,Orange,59,3164182,295750,293642,14180,307822,5354
2021-09-20,Placer,61,380077,33916,33531,3315,36846,364
2021-09-20,Plumas,63,18699,1234,1211,28,1239,5
2021-09-20,Riverside,65,2383286,344501,341961,16631,358592,4802
2021-09-20,Sacramento,67,1510023,147384,147016,3882,150898,2016
2021-09-20,San Benito,69,59416,6981,6947,150,7097,67
2021-09-20,San Bernardino,71,2135413,339186,337059,10636,347695,5507
2021-09-20,San Diego,73,3302833,353737,349579,0,349579,4009
2021-09-20,San Francisco,75,870044,49936,49559,2487,52046,605
2021-09-20,San Joaquin,77,732212,93474,92614,5073,97687,1615
2021-09-20,San Luis Obispo,79,281455,27593,27259,1126,28385,313
2021-09-20,San Mateo,81,765935,51419,51100,1295,52395,567
2021-09-20,Santa Barbara,83,443738,41924,41589,1603,43192,500
2021-09-20,Santa Clara,85,1922200,140302,139578,1150,140728,1841
2021-09-20,Santa Cruz,87,273765,19307,19121,1048,20169,211
2021-09-20,Shasta,89,179085,18472,17893,3116,21009,258
2021-09-20,Sierra,91,2930,128,126,15,141,0
2021-09-20,Siskiyou,93,43540,2998,2902,1105,4007,35
2021-09-20,Solano,95,438530,43524,43152,1124,44276,312
2021-09-20,Sonoma,97,501317,39260,38991,500,39491,369
2021-09-20,Stanislaus,99,539301,72948,72031,8180,80211,1091
2021-09-20,Sutter,101,95872,13032,12896,256,13152,153
2021-09-20,Tehama,103,63373,7271,7121,1237,8358,84
2021-09-20,Trinity,105,12862,605,568,169,737,7
2021-09-20,Tulare,107,460477,61338,60302,13350,73652,896
2021-09-20,Tuolumne,109,53932,6246,6113,63,6176,89
2021-09-20,Ventura,111,848112,94246,93700,4235,97935,1120
2021-09-20,Yolo,113,214977,18441,18287,995,19282,239
2021-09-20,Yuba,115,75493,9211,9107,189,9296,61
2021-09-19,Alameda,1,1643700,114206,113446,2778,116224,1320
2021-09-19,Alpine,3,1148,100,100,0,100,0
2021-09-19,Amador,5,37829,4964,4875,53,4928,59
2021-09-19,Butte,7,227075,18500,18063,3449,21512,230
2021-09-19,Calaveras,9,45235,3493,3390,38,3428,66
2021-09-19,Colusa,11,21464,2385,2375,554,2929,16
2021-09-19,Contra Costa,13,1133247,94482,93788,1990,95778,924
2021-09-19,Del Norte,15,27424,3396,3344,23,3367,34
2021-09-19,El Dorado,17,186661,14667,14512,1543,16055,127
2021-09-19,Fresno,19,978130,126392,124985,11258,136243,1888
2021-09-19,Glenn,21,27897,3165,3102,913,4015,25
2021-09-19,Humboldt,23,135768,8053,7914,418,8332,80
2021-09-19,Imperial,25,180216,31266,31122,3175,34297,755
2021-09-19,Inyo,27,18085,1673,1639,26,1665,39
2021-09-19,Kern,29,883053,116465,115074,18740,133814,1459
2021-09-19,Kings,31,150075,28777,28416,1768,30184,284
2021-09-19,Lake,33,64148,6105,5962,125,6087,87
2021-09-19,Lassen,35,31185,6280,6129,284,6413,25
2021-09-19,Los Angeles,37,10098052,1386226,1381200,54310,1435510,25852
2021-09-19,Madera,39,155013,20563,20161,1601,21762,257
2021-09-19,Marin,41,260295,16820,16711,402,17113,242
2021-09-19,Mariposa,43,17540,923,881,25,906,5
2021-09-19,Mendocino,45,87422,6686,6538,321,6859,67
2021-09-19,Merced,47,269075,38395,38068,1359,39427,535
2021-09-19,Modoc,49,8938,461,457,160,617,5
2021-09-19,Mono,51,14174,1507,1480,13,1493,3
2021-09-19,Monterey,53,433212,46681,46486,3143,49629,565
2021-09-19,Napa,55,140530,12303,12190,85,12275,95
2021-09-19,Nevada,57,99092,8321,8203,280,8483,84
2021-09-19,Orange,59,3164182,295392,293258,14162,307420,5354
2021-09-19,Placer,61,380077,33803,33406,3297,36703,364
2021-09-19,Plumas,63,18699,1221,1211,28,1239,5
2021-09-19,Riverside,65,2383286,343908,341566,16620,358186,4804
2021-09-19,Sacramento,67,1510023,147031,146603,3835,150438,2012
2021-09-19,San Benito,69,59416,6962,6942,150,7092,67
2021-09-19,San Bernardino,71,2135413,338702,336688,10623,347311,5506
2021-09-19,San Diego,73,3302833,353031,349225,0,349225,4006
2021-09-19,San Francisco,75,870044,49829,49458,2479,51937,605
2021-09-19,San Joaquin,77,732212,93179,92467,5063,97530,1615
2021-09-19,San Luis Obispo,79,281455,27493,27208,1117,28325,313
2021-09-19,San Mateo,81,765935,51333,51028,1280,52308,567
2021-09-19,Santa Barbara,83,443738,41824,41512,1603,43115,500
2021-09-19,Santa Clara,85,1922200,140117,139410,1145,140555,1841
2021-09-19,Santa Cruz,87,273765,19269,19096,1048,20144,211
2021-09-19,Shasta,89,179085,18358,17813,3081,20894,258
2021-09-19,Sierra,91,2930,127,126,15,141,0
2021-09-19,Siskiyou,93,43540,2973,2882,1096,3978,35
2021-09-19,Solano,95,438530,43439,43056,1119,44175,312
2021-09-19,Sonoma,97,501317,39189,38956,496,39452,369
2021-09-19,Stanislaus,99,539301,72702,71830,8159,79989,1091
2021-09-19,Sutter,101,95872,13005,12868,250,13118,153
2021-09-19,Tehama,103,63373,7213,7081,1225,8306,84
2021-09-19,Trinity,105,12862,594,562,167,729,7
2021-09-19,Tulare,107,460477,61079,60160,13256,73416,896
2021-09-19,Tuolumne,109,53932,6205,6097,63,6160,89
2021-09-19,Ventura,111,848112,94090,93491,4229,97720,1120
2021-09-19,Yolo,113,214977,18391,18238,989,19227,239
2021-09-19,Yuba,115,75493,9185,9087,188,9275,61
2021-09-18,Alameda,1,1643700,114109,113300,2777,116077,1320
2021-09-18,Alpine,3,1148,100,100,0,100,0
2021-09-18,Amador,5,37829,4954,4850,53,4903,59
2021-09-18,Butte,7,227075,18465,17961,3432,21393,230
2021-09-18,Calaveras,9,45235,3487,3361,37,3398,66
2021-09-18,Colusa,11,21464,2385,2373,553,2926,16
2021-09-18,Contra Costa,13,1133247,94393,93656,1987,95643,924
2021-09-18,Del Norte,15,27424,3388,3326,21,3347,34
2021-09-18,El Dorado,17,186661,14643,14472,1539,16011,127
2021-09-18,Fresno,19,978130,126252,124771,11244,136015,1889
2021-09-18,Glenn,21,27897,3160,3086,912,3998,25
2021-09-18,Humboldt,23,135768,8040,7881,416,8297,80
2021-09-18,Imperial,25,180216,31243,31096,3174,34270,755
2021-09-18,Inyo,27,18085,1667,1636,26,1662,39
2021-09-18,Kern,29,883053,116311,114781,18675,133456,1459
2021-09-18,Kings,31,150075,28728,28330,1763,30093,285
2021-09-18,Lake,33,64148,6088,5936,124,6060,87
2021-09-18,Lassen,35,31185,6270,6121,281,6402,25
2021-09-18,Los Angeles,37,10098052,1385488,1379880,54258,1434138,25849
2021-09-18,Madera,39,155013,20520,20126,1592,21718,257
2021-09-18,Marin,41,260295,16803,16685,401,17086,242
2021-09-18,Mariposa,43,17540,920,871,25,896,5
2021-09-18,Mendocino,45,87422,6665,6523,321,6844,67
2021-09-18,Merced,47,269075,38359,37977,1355,39332,535
2021-09-18,Modoc,49,8938,461,457,159,616,5
2021-09-18,Mono,51,14174,1505,1480,13,1493,3
2021-09-18,Monterey,53,433212,46649,46466,3134,49600,565
2021-09-18,Napa,55,140530,12291,12168,85,12253,95
2021-09-18,Nevada,57,99092,8304,8183,280,8463,84
2021-09-18,Orange,59,3164182,295200,293005,14151,307156,5354
2021-09-18,Placer,61,380077,33732,33309,3294,36603,364
2021-09-18,Plumas,63,18699,1221,1204,28,1232,5
2021-09-18,Riverside,65,2383286,343522,341136,16608,357744,4802
2021-09-18,Sacramento,67,1510023,146846,146162,3827,149989,2016
2021-09-18,San Benito,69,59416,6957,6937,150,7087,67
2021-09-18,San Bernardino,71,2135413,338437,336380,10611,346991,5501
2021-09-18,San Diego,73,3302833,352638,348848,0,348848,4006
2021-09-18,San Francisco,75,870044,49767,49359,2473,51832,605
2021-09-18,San Joaquin,77,732212,93073,92242,5054,97296,1615
2021-09-18,San Luis Obispo,79,281455,27456,27181,1115,28296,313
2021-09-18,San Mateo,81,765935,51284,50961,1276,52237,567
2021-09-18,Santa Barbara,83,443738,41761,41465,1603,43068,500
2021-09-18,Santa Clara,85,1922200,139998,139233,1142,140375,1841
2021-09-18,Santa Cruz,87,273765,19249,19079,1048,20127,211
2021-09-18,Shasta,89,179085,18295,17777,3063,20840,258
2021-09-18,Sierra,91,2930,126,125,15,140,0
2021-09-18,Siskiyou,93,43540,2970,2875,1090,3965,35
2021-09-18,Solano,95,438530,43400,42966,1116,44082,312
2021-09-18,Sonoma,97,501317,39156,38891,494,39385,369
2021-09-18,Stanislaus,99,539301,72555,71587,8140,79727,1091
2021-09-18,Sutter,101,95872,12991,12829,250,13079,153
2021-09-18,Tehama,103,63373,7200,7055,1217,8272,84
2021-09-18,Trinity,105,12862,592,561,167,728,7
2021-09-18,Tulare,107,460477,61004,60003,13202,73205,896
2021-09-18,Tuolumne,109,53932,6190,6069,63,6132,89
2021-09-18,Ventura,111,848112,94019,93424,4224,97648,1120
2021-09-18,Yolo,113,214977,18364,18213,983,19196,239
2021-09-18,Yuba,115,75493,9171,9061,187,9248,61
2021-09-17,Alameda,1,1643700,113989,113070,2775,115845,1320
2021-09-17,Alpine,3,1148,100,99,0,99,0
2021-09-17,Amador,5,37829,4938,4835,52,4887,58
2021-09-17,Butte,7,227075,18413,17870,3421,21291,230
2021-09-17,Calaveras,9,45235,3475,3338,36,3374,66
2021-09-17,Colusa,11,21464,2383,2369,548,2917,16
2021-09-17,Contra Costa,13,1133247,94292,93485,1984,95469,924
2021-09-17,Del Norte,15,27424,3383,3311,19,3330,34
2021-09-17,El Dorado,17,186661,14624,14421,1536,15957,127
2021-09-17,Fresno,19,978130,126038,124296,11235,135531,1882
2021-09-17,Glenn,21,27897,3145,3072,911,3983,25
2021-09-17,Humboldt,23,135768,8019,7850,416,8266,80
2021-09-17,Imperial,25,180216,31216,31031,3173,34204,755
2021-09-17,Inyo,27,18085,1659,1634,26,1660,39
2021-09-17,Kern,29,883053,116120,114303,18581,132884,1456
2021-09-17,Kings,31,150075,28663,28240,1761,30001,281
2021-09-17,Lake,33,64148,6075,5915,124,6039,87
2021-09-17,Lassen,35,31185,6255,6080,279,6359,25
2021-09-17,Los Angeles,37,10098052,1384533,1377905,54186,1432091,25820
2021-09-17,Madera,39,155013,20469,20040,1582,21622,257
2021-09-17,Marin,41,260295,16790,16658,399,17057,242
2021-09-17,Mariposa,43,17540,918,869,25,894,5
2021-09-17,Mendocino,45,87422,6646,6498,321,6819,67
2021-09-17,Merced,47,269075,38321,37803,1354,39157,533
2021-09-17,Modoc,49,8938,461,456,159,615,5
2021-09-17,Mono,51,14174,1501,1457,13,1470,3
2021-09-17,Monterey,53,433212,46629,46421,3130,49551,564
2021-09-17,Napa,55,140530,12269,12153,85,12238,95
2021-09-17,Nevada,57,99092,8289,8157,280,8437,84
2021-09-17,Orange,59,3164182,294993,292685,14135,306820,5346
2021-09-17,Placer,61,380077,33669,33188,3283,36471,362
2021-09-17,Plumas,63,18699,1217,1192,27,1219,5
2021-09-17,Riverside,65,2383286,343117,340445,16598,357043,4792
2021-09-17,Sacramento,67,1510023,146647,145985,3816,149801,1999
2021-09-17,San Benito,69,59416,6954,6929,150,7079,67
2021-09-17,San Bernardino,71,2135413,338085,335810,10604,346414,5488
2021-09-17,San Diego,73,3302833,352211,348098,0,348098,4002
2021-09-17,San Francisco,75,870044,49717,49249,2466,51715,605
2021-09-17,San Joaquin,77,732212,92939,91977,5047,97024,1610
2021-09-17,San Luis Obispo,79,281455,27423,27102,1104,28206,311
2021-09-17,San Mateo,81,765935,51235,50854,1270,52124,564
2021-09-17,Santa Barbara,83,443738,41699,41354,1603,42957,498
2021-09-17,Santa Clara,85,1922200,139851,138939,1141,140080,1838
2021-09-17,Santa Cruz,87,273765,19224,19039,1048,20087,211
2021-09-17,Shasta,89,179085,18223,17617,3050,20667,254
2021-09-17,Sierra,91,2930,126,124,15,139,0
2021-09-17,Siskiyou,93,43540,2956,2852,1089,3941,35
2021-09-17,Solano,95,438530,43338,42898,1112,44010,312
2021-09-17,Sonoma,97,501317,39118,38808,493,39301,369
2021-09-17,Stanislaus,99,539301,72449,71408,8125,79533,1091
2021-09-17,Sutter,101,95872,12975,12799,248,13047,153
2021-09-17,Tehama,103,63373,7176,7020,1207,8227,84
2021-09-17,Trinity,105,12862,587,556,166,722,7
2021-09-17,Tulare,107,460477,60892,59689,13166,72855,895
2021-09-17,Tuolumne,109,53932,6172,6047,62,6109,89
2021-09-17,Ventura,111,848112,93899,93273,4221,97494,1116
2021-09-17,Yolo,113,214977,18334,18177,979,19156,239
2021-09-17,Yuba,115,75493,9144,9019,186,9205,61
2021-09-16,Alameda,1,1643700,113811,112770,2771,115541,1318
2021-09-16,Alpine,3,1148,100,99,0,99,0
2021-09-16,Amador,5,37829,4918,4819,52,4871,58
2021-09-16,Butte,7,227075,18339,17750,3407,21157,230
2021-09-16,Calaveras,9,45235,3441,3313,36,3349,66
2021-09-16,Colusa,11,21464,2381,2363,546,2909,16
2021-09-16,Contra Costa,13,1133247,94121,93213,1974,95187,917
2021-09-16,Del Norte,15,27424,3365,3285,19,3304,34
2021-09-16,El Dorado,17,186661,14584,14372,1528,15900,127
2021-09-16,Fresno,19,978130,125684,123853,11206,135059,1868
2021-09-16,Glenn,21,27897,3134,3068,909,3977,24
2021-09-16,Humboldt,23,135768,7985,7809,406,8215,80
2021-09-16,Imperial,25,180216,31174,30966,3164,34130,753
2021-09-16,Inyo,27,18085,1657,1623,26,1649,39
2021-09-16,Kern,29,883053,115850,113828,18514,132342,1448
2021-09-16,Kings,31,150075,28577,28114,1752,29866,280
2021-09-16,Lake,33,64148,6051,5890,122,6012,87
2021-09-16,Lassen,35,31185,6221,6028,272,6300,25
2021-09-16,Los Angeles,37,10098052,1383183,1376277,54116,1430393,25796
2021-09-16,Madera,39,155013,20393,19974,1576,21550,257
2021-09-16,Marin,41,260295,16763,16625,398,17023,242
2021-09-16,Mariposa,43,17540,912,849,25,874,6
2021-09-16,Mendocino,45,87422,6614,6445,312,6757,67
2021-09-16,Merced,47,269075,38212,37675,1351,39026,532
2021-09-16,Modoc,49,8938,459,455,159,614,5
2021-09-16,Mono,51,14174,1492,1449,13,1462,3
2021-09-16,Monterey,53,433212,46582,46342,3116,49458,562
2021-09-16,Napa,55,140530,12244,12115,81,12196,95
2021-09-16,Nevada,57,99092,8261,8121,279,8400,84
2021-09-16,Orange,59,3164182,294659,292183,14118,306301,5340
2021-09-16,Placer,61,380077,33574,33037,3261,36298,354
2021-09-16,Plumas,63,18699,1207,1178,27,1205,5
2021-09-16,Riverside,65,2383286,342587,339770,16583,356353,4786
2021-09-16,Sacramento,67,1510023,146291,145754,3783,149537,1996
2021-09-16,San Benito,69,59416,6941,6913,149,7062,67
2021-09-16,San Bernardino,71,2135413,337662,335129,10598,345727,5474
2021-09-16,San Diego,73,3302833,351590,347472,0,347472,3994
2021-09-16,San Francisco,75,870044,49633,49133,2455,51588,605
2021-09-16,San Joaquin,77,732212,92707,91650,5000,96650,1608
2021-09-16,San Luis Obispo,79,281455,27351,27044,1100,28144,310
2021-09-16,San Mateo,81,765935,51176,50773,1253,52026,564
2021-09-16,Santa Barbara,83,443738,41646,41272,1600,42872,497
2021-09-16,Santa Clara,85,1922200,139700,138685,1137,139822,1835
2021-09-16,Santa Cruz,87,273765,19196,19011,1048,20059,211
2021-09-16,Shasta,89,179085,18101,17438,3015,20453,251
2021-09-16,Sierra,91,2930,126,123,15,138,0
2021-09-16,Siskiyou,93,43540,2938,2819,1081,3900,35
2021-09-16,Solano,95,438530,43269,42792,1106,43898,312
2021-09-16,Sonoma,97,501317,39055,38707,492,39199,369
2021-09-16,Stanislaus,99,539301,72215,71105,8109,79214,1091
2021-09-16,Sutter,101,95872,12931,12729,242,12971,152
2021-09-16,Tehama,103,63373,7138,6953,1196,8149,83
2021-09-16,Trinity,105,12862,584,547,165,712,7
2021-09-16,Tulare,107,460477,60669,59459,13091,72550,894
2021-09-16,Tuolumne,109,53932,6152,5999,61,6060,89
2021-09-16,Ventura,111,848112,93744,93087,4219,97306,1110
2021-09-16,Yolo,113,214977,18302,18135,977,19112,239
2021-09-16,Yuba,115,75493,9110,8981,183,9164,61
2021-09-15,Alameda,1,1643700,113641,112498,2762,115260,1317
2021-09-15,Alpine,3,1148,100,99,0,99,0
2021-09-15,Amador,5,37829,4910,4792,52,4844,58
2021-09-15,Butte,7,227075,18240,17664,3392,21056,228
2021-09-15,Calaveras,9,45235,3408,3293,34,3327,66
2021-09-15,Colusa,11,21464,2379,2352,543,2895,16
2021-09-15,Contra Costa,13,1133247,93941,92989,1962,94951,913
2021-09-15,Del Norte,15,27424,3352,3271,17,3288,34
2021-09-15,El Dorado,17,186661,14559,14309,1520,15829,127
2021-09-15,Fresno,19,978130,125306,123370,11169,134539,1867
2021-09-15,Glenn,21,27897,3121,3051,905,3956,20
2021-09-15,Humboldt,23,135768,7950,7754,401,8155,52
2021-09-15,Imperial,25,180216,31119,30891,3161,34052,753
2021-09-15,Inyo,27,18085,1653,1614,26,1640,39
2021-09-15,Kern,29,883053,115503,113546,18414,131960,1434
2021-09-15,Kings,31,150075,28498,27991,1742,29733,279
2021-09-15,Lake,33,64148,6019,5852,121,5973,85
2021-09-15,Lassen,35,31185,6161,6018,267,6285,25
2021-09-15,Los Angeles,37,10098052,1381740,1374307,54040,1428347,25767
2021-09-15,Madera,39,155013,20319,19880,1570,21450,257
2021-09-15,Marin,41,260295,16728,16592,393,16985,242
2021-09-15,Mariposa,43,17540,901,843,25,868,5
2021-09-15,Mendocino,45,87422,6583,6399,307,6706,66
2021-09-15,Merced,47,269075,38087,37508,1349,38857,529
2021-09-15,Modoc,49,8938,459,454,159,613,5
2021-09-15,Mono,51,14174,1488,1445,13,1458,3
2021-09-15,Monterey,53,433212,46517,46317,3099,49416,562
2021-09-15,Napa,55,140530,12223,12082,81,12163,95
2021-09-15,Nevada,57,99092,8238,8081,276,8357,84
2021-09-15,Orange,59,3164182,294343,291834,14103,305937,5328
2021-09-15,Placer,61,380077,33466,32860,3238,36098,352
2021-09-15,Plumas,63,18699,1198,1164,26,1190,5
2021-09-15,Riverside,65,2383286,342005,339077,16559,355636,4769
2021-09-15,Sacramento,67,1510023,145871,145202,3749,148951,1981
2021-09-15,San Benito,69,59416,6938,6902,149,7051,67
2021-09-15,San Bernardino,71,2135413,337202,334556,10585,345141,5470
2021-09-15,San Diego,73,3302833,350959,346933,0,346933,3983
2021-09-15,San Francisco,75,870044,49526,48999,2449,51448,605
2021-09-15,San Joaquin,77,732212,92437,91322,4957,96279,1607
2021-09-15,San Luis Obispo,79,281455,27268,26943,1094,28037,306
2021-09-15,San Mateo,81,765935,51098,50691,1247,51938,564
2021-09-15,Santa Barbara,83,443738,41546,41077,1596,42673,497
2021-09-15,Santa Clara,85,1922200,139526,138410,1133,139543,1833
2021-09-15,Santa Cruz,87,273765,19160,18984,1046,20030,210
2021-09-15,Shasta,89,179085,17990,17317,2992,20309,250
2021-09-15,Sierra,91,2930,126,123,15,138,0
2021-09-15,Siskiyou,93,43540,2919,2804,1049,3853,35
2021-09-15,Solano,95,438530,43197,42682,1101,43783,312
2021-09-15,Sonoma,97,501317,38997,38629,492,39121,369
2021-09-15,Stanislaus,99,539301,71995,70852,8088,78940,1091
2021-09-15,Sutter,101,95872,12898,12699,237,12936,151
2021-09-15,Tehama,103,63373,7097,6894,1186,8080,79
2021-09-15,Trinity,105,12862,582,541,163,704,7
2021-09-15,Tulare,107,460477,60412,59149,13027,72176,890
2021-09-15,Tuolumne,109,53932,6126,5969,61,6030,89
2021-09-15,Ventura,111,848112,93604,92960,4215,97175,1109
2021-09-15,Yolo,113,214977,18269,18064,969,19033,239
2021-09-15,Yuba,115,75493,9077,8953,183,9136,61
2021-09-14,Alameda,1,1643700,113434,112329,2756,115085,1316
2021-09-14,Alpine,3,1148,100,98,0,98,0
2021-09-14,Amador,5,37829,4890,4790,52,4842,57
2021-09-14,Butte,7,227075,18106,17516,3364,20880,226
2021-09-14,Calaveras,9,45235,3385,3280,31,3311,66
2021-09-14,Colusa,11,21464,2375,2344,539,2883,16
2021-09-14,Contra Costa,13,1133247,93743,92822,1953,94775,908
2021-09-14,Del Norte,15,27424,3336,3252,16,3268,32
2021-09-14,El Dorado,17,186661,14507,14247,1512,15759,123
2021-09-14,Fresno,19,978130,124833,123151,11132,134283,1856
2021-09-14,Glenn,21,27897,3101,3045,901,3946,20
2021-09-14,Humboldt,23,135768,7916,7717,396,8113,52
2021-09-14,Imperial,25,180216,31067,30845,3158,34003,752
2021-09-14,Inyo,27,18085,1644,1605,26,1631,39
2021-09-14,Kern,29,883053,115126,113250,18289,131539,1428
2021-09-14,Kings,31,150075,28422,27955,1732,29687,278
2021-09-14,Lake,33,64148,5987,5845,121,5966,83
2021-09-14,Lassen,35,31185,6147,5977,262,6239,25
2021-09-14,Los Angeles,37,10098052,1379949,1372831,53951,1426782,25729
2021-09-14,Madera,39,155013,20237,19800,1563,21363,254
2021-09-14,Marin,41,260295,16701,16584,391,16975,242
2021-09-14,Mariposa,43,17540,890,834,24,858,5
2021-09-14,Mendocino,45,87422,6548,6372,295,6667,65
2021-09-14,Merced,47,269075,37933,37430,1346,38776,526
2021-09-14,Modoc,49,8938,458,453,159,612,5
2021-09-14,Mono,51,14174,1476,1440,13,1453,4
2021-09-14,Monterey,53,433212,46487,46224,3074,49298,558
2021-09-14,Napa,55,140530,12190,12070,80,12150,91
2021-09-14,Nevada,57,99092,8204,8056,276,8332,83
2021-09-14,Orange,59,3164182,293962,291423,14082,305505,5319
2021-09-14,Placer,61,380077,33341,32735,3217,35952,350
2021-09-14,Plumas,63,18699,1192,1148,26,1174,5
2021-09-14,Riverside,65,2383286,341365,338534,16528,355062,4748
2021-09-14,Sacramento,67,1510023,145508,145051,3699,148750,1977
2021-09-14,San Benito,69,59416,6929,6887,148,7035,64
2021-09-14,San Bernardino,71,2135413,336702,333968,10559,344527,5465
2021-09-14,San Diego,73,3302833,350288,346204,0,346204,3966
2021-09-14,San Francisco,75,870044,49405,48998,2434,51432,603
2021-09-14,San Joaquin,77,732212,92197,91128,4948,96076,1596
2021-09-14,San Luis Obispo,79,281455,27195,26845,1089,27934,304
2021-09-14,San Mateo,81,765935,51009,50602,1235,51837,564
2021-09-14,Santa Barbara,83,443738,41452,40783,1587,42370,495
2021-09-14,Santa Clara,85,1922200,139296,138321,1128,139449,1828
2021-09-14,Santa Cruz,87,273765,19120,18965,1044,20009,210
2021-09-14,Shasta,89,179085,17860,17152,2972,20124,246
2021-09-14,Sierra,91,2930,126,123,15,138,0
2021-09-14,Siskiyou,93,43540,2894,2756,1033,3789,35
2021-09-14,Solano,95,438530,43115,42599,1098,43697,307
2021-09-14,Sonoma,97,501317,38929,38595,488,39083,369
2021-09-14,Stanislaus,99,539301,71737,70697,8061,78758,1091
2021-09-14,Sutter,101,95872,12856,12670,230,12900,149
2021-09-14,Tehama,103,63373,7043,6859,1175,8034,80
2021-09-14,Trinity,105,12862,576,538,162,700,7
2021-09-14,Tulare,107,460477,60161,58961,12958,71919,888
2021-09-14,Tuolumne,109,53932,6104,5951,60,6011,89
2021-09-14,Ventura,111,848112,93419,92841,4199,97040,1107
2021-09-14,Yolo,113,214977,18225,18039,963,19002,239
2021-09-14,Yuba,115,75493,9042,8928,183,9111,61
2021-09-13,Alameda,1,1643700,113218,112159,2751,114910,1309
2021-09-13,Alpine,3,1148,99,98,0,98,0
2021-09-13,Amador,5,37829,4872,4761,52,4813,56
2021-09-13,Butte,7,227075,17981,17393,3341,20734,225
2021-09-13,Calaveras,9,45235,3355,3253,29,3282,65
2021-09-13,Colusa,11,21464,2365,2346,534,2880,16
2021-09-13,Contra Costa,13,1133247,93496,92658,1948,94606,908
2021-09-13,Del Norte,15,27424,3301,3232,16,3248,28
2021-09-13,El Dorado,17,186661,14447,14194,1503,15697,119
2021-09-13,Fresno,19,978130,124369,122650,11088,133738,1853
2021-09-13,Glenn,21,27897,3094,3026,892,3918,20
2021-09-13,Humboldt,23,135768,7885,7659,393,8052,52
2021-09-13,Imperial,25,180216,31013,30802,3156,33958,751
2021-09-13,Inyo,27,18085,1637,1602,26,1628,39
2021-09-13,Kern,29,883053,114744,112930,18162,131092,1424
2021-09-13,Kings,31,150075,28313,27858,1720,29578,275
2021-09-13,Lake,33,64148,5965,5809,121,5930,82
2021-09-13,Lassen,35,31185,6111,5953,261,6214,25
2021-09-13,Los Angeles,37,10098052,1378178,1371423,53878,1425301,25703
2021-09-13,Madera,39,155013,20166,19735,1556,21291,252
2021-09-13,Marin,41,260295,16666,16557,390,16947,242
2021-09-13,Mariposa,43,17540,876,825,24,849,5
2021-09-13,Mendocino,45,87422,6515,6323,285,6608,61
2021-09-13,Merced,47,269075,37790,37291,1342,38633,521
2021-09-13,Modoc,49,8938,457,451,159,610,5
2021-09-13,Mono,51,14174,1470,1435,13,1448,3
2021-09-13,Monterey,53,433212,46406,46188,3052,49240,558
2021-09-13,Napa,55,140530,12172,12039,80,12119,91
2021-09-13,Nevada,57,99092,8178,8021,274,8295,83
2021-09-13,Orange,59,3164182,293545,291128,14069,305197,5312
2021-09-13,Placer,61,380077,33178,32617,3200,35817,343
2021-09-13,Plumas,63,18699,1179,1142,26,1168,5
2021-09-13,Riverside,65,2383286,340721,337876,16510,354386,4731
2021-09-13,Sacramento,67,1510023,145028,144537,3666,148203,1956
2021-09-13,San Benito,69,59416,6914,6867,147,7014,64
2021-09-13,San Bernardino,71,2135413,336219,333613,10535,344148,5441
2021-09-13,San Diego,73,3302833,349496,345647,0,345647,3961
2021-09-13,San Francisco,75,870044,49277,48914,2427,51341,603
2021-09-13,San Joaquin,77,732212,91913,90966,4887,95853,1581
2021-09-13,San Luis Obispo,79,281455,27099,26805,1086,27891,300
2021-09-13,San Mateo,81,765935,50931,50525,1221,51746,564
2021-09-13,Santa Barbara,83,443738,41338,40661,1580,42241,494
2021-09-13,Santa Clara,85,1922200,139055,138152,1122,139274,1820
2021-09-13,Santa Cruz,87,273765,19079,18917,1043,19960,210
2021-09-13,Shasta,89,179085,17731,17033,2931,19964,243
2021-09-13,Sierra,91,2930,126,123,15,138,0
2021-09-13,Siskiyou,93,43540,2879,2745,1021,3766,35
2021-09-13,Solano,95,438530,43016,42501,1094,43595,306
2021-09-13,Sonoma,97,501317,38862,38513,485,38998,368
2021-09-13,Stanislaus,99,539301,71487,70477,8021,78498,1091
2021-09-13,Sutter,101,95872,12798,12624,226,12850,145
2021-09-13,Tehama,103,63373,6979,6803,1163,7966,79
2021-09-13,Trinity,105,12862,574,533,160,693,7
2021-09-13,Tulare,107,460477,59875,58768,12891,71659,887
2021-09-13,Tuolumne,109,53932,6074,5909,60,5969,89
2021-09-13,Ventura,111,848112,93248,92679,4189,96868,1107
2021-09-13,Yolo,113,214977,18184,17974,958,18932,239
2021-09-13,Yuba,115,75493,8997,8884,182,9066,61
2021-09-12,Alameda,1,1643700,112955,111961,2747,114708,1309
2021-09-12,Alpine,3,1148,99,98,0,98,0
2021-09-12,Amador,5,37829,4851,4752,52,4804,56
2021-09-12,Butte,7,227075,17840,17257,3292,20549,221
2021-09-12,Calaveras,9,45235,3323,3236,25,3261,65
2021-09-12,Colusa,11,21464,2363,2344,533,2877,16
2021-09-12,Contra Costa,13,1133247,93227,92498,1936,94434,908
2021-09-12,Del Norte,15,27424,3268,3200,16,3216,28
2021-09-12,El Dorado,17,186661,14375,14167,1486,15653,119
2021-09-12,Fresno,19,978130,123853,122407,11050,133457,1853
2021-09-12,Glenn,21,27897,3074,3016,884,3900,20
2021-09-12,Humboldt,23,135768,7815,7636,382,8018,52
2021-09-12,Imperial,25,180216,30951,30790,3150,33940,751
2021-09-12,Inyo,27,18085,1627,1596,26,1622,39
2021-09-12,Kern,29,883053,114337,112602,17999,130601,1424
2021-09-12,Kings,31,150075,28202,27764,1703,29467,274
2021-09-12,Lake,33,64148,5925,5781,121,5902,82
2021-09-12,Lassen,35,31185,6074,5943,251,6194,25
2021-09-12,Los Angeles,37,10098052,1376183,1365968,53793,1419761,25630
2021-09-12,Madera,39,155013,20079,19691,1544,21235,252
2021-09-12,Marin,41,260295,16643,16526,390,16916,242
2021-09-12,Mariposa,43,17540,865,811,24,835,5
2021-09-12,Mendocino,45,87422,6474,6283,277,6560,61
2021-09-12,Merced,47,269075,37628,37172,1331,38503,521
2021-09-12,Modoc,49,8938,457,451,158,609,5
2021-09-12,Mono,51,14174,1459,1431,13,1444,3
2021-09-12,Monterey,53,433212,46326,46167,3024,49191,558
2021-09-12,Napa,55,140530,12142,12011,80,12091,91
2021-09-12,Nevada,57,99092,8139,7987,271,8258,83
2021-09-12,Orange,59,3164182,293086,290718,14045,304763,5312
2021-09-12,Placer,61,380077,33026,32520,3174,35694,343
2021-09-12,Plumas,63,18699,1159,1138,26,1164,5
2021-09-12,Riverside,65,2383286,340037,337332,16477,353809,4731
2021-09-12,Sacramento,67,1510023,144536,144030,3627,147657,1959
2021-09-12,San Benito,69,59416,6894,6852,146,6998,64
2021-09-12,San Bernardino,71,2135413,335611,333049,10521,343570,5439
2021-09-12,San Diego,73,3302833,348667,345058,0,345058,3942
2021-09-12,San Francisco,75,870044,49166,48819,2419,51238,603
2021-09-12,San Joaquin,77,732212,91585,90730,4872,95602,1581
2021-09-12,San Luis Obispo,79,281455,26982,26729,1073,27802,299
2021-09-12,San Mateo,81,765935,50835,50432,1207,51639,564
2021-09-12,Santa Barbara,83,443738,41232,40600,1573,42173,494
2021-09-12,Santa Clara,85,1922200,138806,137899,1118,139017,1820
2021-09-12,Santa Cruz,87,273765,19047,18892,1042,19934,210
2021-09-12,Shasta,89,179085,17565,16957,2872,19829,243
2021-09-12,Sierra,91,2930,126,123,15,138,0
2021-09-12,Siskiyou,93,43540,2852,2730,1006,3736,35
2021-09-12,Solano,95,438530,42912,42409,1089,43498,306
2021-09-12,Sonoma,97,501317,38787,38456,483,38939,368
2021-09-12,Stanislaus,99,539301,71191,70184,7983,78167,1091
2021-09-12,Sutter,101,95872,12756,12589,220,12809,145
2021-09-12,Tehama,103,63373,6910,6732,1149,7881,79
2021-09-12,Trinity,105,12862,570,529,158,687,7
2021-09-12,Tulare,107,460477,59520,58582,12826,71408,887
2021-09-12,Tuolumne,109,53932,6041,5888,60,5948,89
2021-09-12,Ventura,111,848112,93123,92496,4185,96681,1107
2021-09-12,Yolo,113,214977,18119,17943,950,18893,239
2021-09-12,Yuba,115,75493,8960,8842,182,9024,61
2021-09-11,Alameda,1,1643700,112829,111715,2745,114460,1309
2021-09-11,Alpine,3,1148,99,98,0,98,0
2021-09-11,Amador,5,37829,4838,4728,51,4779,56
2021-09-11,Butte,7,227075,17759,17218,3265,20483,221
2021-09-11,Calaveras,9,45235,3320,3208,24,3232,65
2021-09-11,Colusa,11,21464,2362,2338,530,2868,16
2021-09-11,Contra Costa,13,1133247,93108,92269,1931,94200,908
2021-09-11,Del Norte,15,27424,3253,3184,16,3200,28
2021-09-11,El Dorado,17,186661,14356,14117,1479,15596,119
2021-09-11,Fresno,19,978130,123677,122224,11028,133252,1853
2021-09-11,Glenn,21,27897,3070,3007,882,3889,20
2021-09-11,Humboldt,23,135768,7793,7615,379,7994,52
2021-09-11,Imperial,25,180216,30926,30760,3146,33906,751
2021-09-11,Inyo,27,18085,1624,1590,26,1616,39
2021-09-11,Kern,29,883053,114092,112205,17878,130083,1424
2021-09-11,Kings,31,150075,28155,27631,1697,29328,275
2021-09-11,Lake,33,64148,5905,5761,121,5882,82
2021-09-11,Lassen,35,31185,6060,5930,247,6177,25
2021-09-11,Los Angeles,37,10098052,1375267,1365831,53728,1419559,25630
2021-09-11,Madera,39,155013,20026,19648,1538,21186,252
2021-09-11,Marin,41,260295,16615,16496,389,16885,242
2021-09-11,Mariposa,43,17540,860,799,24,823,5
2021-09-11,Mendocino,45,87422,6450,6257,277,6534,61
2021-09-11,Merced,47,269075,37581,37042,1328,38370,521
2021-09-11,Modoc,49,8938,457,449,158,607,5
2021-09-11,Mono,51,14174,1455,1431,13,1444,3
2021-09-11,Monterey,53,433212,46295,46140,3016,49156,558
2021-09-11,Napa,55,140530,12120,11991,80,12071,91
2021-09-11,Nevada,57,99092,8124,7967,271,8238,83
2021-09-11,Orange,59,3164182,292793,290429,14028,304457,5306
2021-09-11,Placer,61,380077,32943,32414,3163,35577,344
2021-09-11,Plumas,63,18699,1156,1112,25,1137,5
2021-09-11,Riverside,65,2383286,339603,336585,16463,353048,4731
2021-09-11,Sacramento,67,1510023,144247,143557,3613,147170,1955
2021-09-11,San Benito,69,59416,6881,6844,146,6990,64
2021-09-11,San Bernardino,71,2135413,335272,332512,10510,343022,5430
2021-09-11,San Diego,73,3302833,348176,344355,0,344355,3942
2021-09-11,San Francisco,75,870044,49110,48660,2413,51073,603
2021-09-11,San Joaquin,77,732212,91445,90482,4869,95351,1581
2021-09-11,San Luis Obispo,79,281455,26936,26651,1072,27723,299
2021-09-11,San Mateo,81,765935,50771,50341,1205,51546,564
2021-09-11,Santa Barbara,83,443738,41158,40451,1573,42024,494
2021-09-11,Santa Clara,85,1922200,138658,137659,1115,138774,1820
2021-09-11,Santa Cruz,87,273765,19020,18865,1042,19907,210
2021-09-11,Shasta,89,179085,17472,16877,2850,19727,243
2021-09-11,Sierra,91,2930,126,123,15,138,0
2021-09-11,Siskiyou,93,43540,2835,2717,1003,3720,35
2021-09-11,Solano,95,438530,42862,42344,1086,43430,306
2021-09-11,Sonoma,97,501317,38740,38399,481,38880,368
2021-09-11,Stanislaus,99,539301,71067,69974,7967,77941,1091
2021-09-11,Sutter,101,95872,12730,12538,217,12755,145
2021-09-11,Tehama,103,63373,6893,6703,1144,7847,79
2021-09-11,Trinity,105,12862,563,526,158,684,7
2021-09-11,Tulare,107,460477,59409,58321,12778,71099,889
2021-09-11,Tuolumne,109,53932,6022,5879,57,5936,89
2021-09-11,Ventura,111,848112,93038,92328,4180,96508,1107
2021-09-11,Yolo,113,214977,18094,17906,945,18851,239
2021-09-11,Yuba,115,75493,8935,8813,182,8995,61
2021-09-10,Alameda,1,1643700,112638,111386,2744,114130,1306
2021-09-10,Alpine,3,1148,98,97,0,97,0
2021-09-10,Amador,5,37829,4826,4706,51,4757,56
2021-09-10,Butte,7,227075,17683,17051,3247,20298,222
2021-09-10,Calaveras,9,45235,3314,3183,24,3207,65
2021-09-10,Colusa,11,21464,2358,2327,527,2854,16
2021-09-10,Contra Costa,13,1133247,92989,92024,1929,93953,908
2021-09-10,Del Norte,15,27424,3238,3128,15,3143,28
2021-09-10,El Dorado,17,186661,14326,14051,1474,15525,119
2021-09-10,Fresno,19,978130,123356,121659,11009,132668,1846
2021-09-10,Glenn,21,27897,3065,2977,882,3859,20
2021-09-10,Humboldt,23,135768,7760,7543,375,7918,52
2021-09-10,Imperial,25,180216,30902,30716,3144,33860,751
2021-09-10,Inyo,27,18085,1620,1590,26,1616,39
2021-09-10,Kern,29,883053,113838,111832,17758,129590,1419
2021-09-10,Kings,31,150075,28082,27473,1689,29162,274
2021-09-10,Lake,33,64148,5889,5713,119,5832,79
2021-09-10,Lassen,35,31185,6052,5914,244,6158,25
2021-09-10,Los Angeles,37,10098052,1374094,1365709,53659,1419368,25630
2021-09-10,Madera,39,155013,19980,19520,1533,21053,252
2021-09-10,Marin,41,260295,16596,16458,386,16844,242
2021-09-10,Mariposa,43,17540,855,795,24,819,5
2021-09-10,Mendocino,45,87422,6419,6184,276,6460,61
2021-09-10,Merced,47,269075,37531,36884,1328,38212,521
2021-09-10,Modoc,49,8938,457,448,158,606,5
2021-09-10,Mono,51,14174,1452,1422,13,1435,3
2021-09-10,Monterey,53,433212,46267,46084,2997,49081,557
2021-09-10,Napa,55,140530,12096,11948,80,12028,90
2021-09-10,Nevada,57,99092,8106,7932,270,8202,83
2021-09-10,Orange,59,3164182,292489,290022,14018,304040,5302
2021-09-10,Placer,61,380077,32843,32264,3149,35413,343
2021-09-10,Plumas,63,18699,1153,1111,25,1136,5
2021-09-10,Riverside,65,2383286,339129,335988,16456,352444,4720
2021-09-10,Sacramento,67,1510023,143900,143244,3604,146848,1950
2021-09-10,San Benito,69,59416,6877,6824,146,6970,64
2021-09-10,San Bernardino,71,2135413,334855,331894,10501,342395,5422
2021-09-10,San Diego,73,3302833,347613,343173,0,343173,3941
2021-09-10,San Francisco,75,870044,49032,48518,2404,50922,602
2021-09-10,San Joaquin,77,732212,91271,90208,4862,95070,1573
2021-09-10,San Luis Obispo,79,281455,26903,26526,1070,27596,299
2021-09-10,San Mateo,81,765935,50714,50251,1199,51450,564
2021-09-10,Santa Barbara,83,443738,41105,40321,1570,41891,492
2021-09-10,Santa Clara,85,1922200,138479,137337,1114,138451,1817
2021-09-10,Santa Cruz,87,273765,19002,18785,1041,19826,210
2021-09-10,Shasta,89,179085,17379,16667,2822,19489,242
2021-09-10,Sierra,91,2930,126,117,15,132,0
2021-09-10,Siskiyou,93,43540,2823,2702,999,3701,35
2021-09-10,Solano,95,438530,42789,42230,1078,43308,305
2021-09-10,Sonoma,97,501317,38683,38271,480,38751,368
2021-09-10,Stanislaus,99,539301,70908,69617,7944,77561,1091
2021-09-10,Sutter,101,95872,12696,12468,217,12685,145
2021-09-10,Tehama,103,63373,6862,6652,1139,7791,77
2021-09-10,Trinity,105,12862,559,524,158,682,7
2021-09-10,Tulare,107,460477,59264,57930,12733,70663,883
2021-09-10,Tuolumne,109,53932,6005,5842,56,5898,89
2021-09-10,Ventura,111,848112,92943,92145,4175,96320,1104
2021-09-10,Yolo,113,214977,18071,17825,940,18765,239
2021-09-10,Yuba,115,75493,8917,8760,181,8941,62
2021-09-09,Alameda,1,1643700,112423,111014,2736,113750,1306
2021-09-09,Alpine,3,1148,98,94,0,94,0
2021-09-09,Amador,5,37829,4805,4698,50,4748,56
2021-09-09,Butte,7,227075,17534,16874,3223,20097,221
2021-09-09,Calaveras,9,45235,3280,3165,24,3189,65
2021-09-09,Colusa,11,21464,2351,2321,525,2846,16
2021-09-09,Contra Costa,13,1133247,92780,91687,1924,93611,904
2021-09-09,Del Norte,15,27424,3215,3102,15,3117,28
2021-09-09,El Dorado,17,186661,14269,13970,1464,15434,119
2021-09-09,Fresno,19,978130,122883,121040,10979,132019,1838
2021-09-09,Glenn,21,27897,3052,2947,875,3822,20
2021-09-09,Humboldt,23,135768,7711,7471,368,7839,52
2021-09-09,Imperial,25,180216,30865,30661,3141,33802,751
2021-09-09,Inyo,27,18085,1613,1586,26,1612,39
2021-09-09,Kern,29,883053,113489,111390,17598,128988,1414
2021-09-09,Kings,31,150075,27982,27282,1678,28960,273
2021-09-09,Lake,33,64148,5865,5638,117,5755,79
2021-09-09,Lassen,35,31185,6004,5860,238,6098,25
2021-09-09,Los Angeles,37,10098052,1372298,1363735,53583,1417318,25583
2021-09-09,Madera,39,155013,19907,19401,1521,20922,252
2021-09-09,Marin,41,260295,16572,16416,383,16799,242
2021-09-09,Mariposa,43,17540,841,779,23,802,5
2021-09-09,Mendocino,45,87422,6387,6089,267,6356,61
2021-09-09,Merced,47,269075,37379,36634,1317,37951,516
2021-09-09,Modoc,49,8938,457,448,158,606,5
2021-09-09,Mono,51,14174,1446,1420,13,1433,3
2021-09-09,Monterey,53,433212,46226,45991,2974,48965,556
2021-09-09,Napa,55,140530,12065,11878,80,11958,90
2021-09-09,Nevada,57,99092,8068,7855,270,8125,82
2021-09-09,Orange,59,3164182,292090,289109,13991,303100,5299
2021-09-09,Placer,61,380077,32725,32048,3133,35181,342
2021-09-09,Plumas,63,18699,1142,1098,24,1122,5
2021-09-09,Riverside,65,2383286,338493,334774,16438,351212,4701
2021-09-09,Sacramento,67,1510023,143418,142728,3558,146286,1929
2021-09-09,San Benito,69,59416,6867,6820,145,6965,64
2021-09-09,San Bernardino,71,2135413,334292,331040,10488,341528,5417
2021-09-09,San Diego,73,3302833,346882,342149,0,342149,3929
2021-09-09,San Francisco,75,870044,48922,48404,2391,50795,597
2021-09-09,San Joaquin,77,732212,90999,89874,4829,94703,1570
2021-09-09,San Luis Obispo,79,281455,26821,26472,1067,27539,296
2021-09-09,San Mateo,81,765935,50604,50143,1187,51330,561
2021-09-09,Santa Barbara,83,443738,41000,40180,1565,41745,490
2021-09-09,Santa Clara,85,1922200,138261,137017,1110,138127,1816
2021-09-09,Santa Cruz,87,273765,18956,18728,1041,19769,210
2021-09-09,Shasta,89,179085,17234,16401,2778,19179,238
2021-09-09,Sierra,91,2930,126,115,15,130,0
2021-09-09,Siskiyou,93,43540,2801,2683,984,3667,35
2021-09-09,Solano,95,438530,42682,42081,1074,43155,303
2021-09-09,Sonoma,97,501317,38616,38171,479,38650,360
2021-09-09,Stanislaus,99,539301,70620,69178,7919,77097,1074
2021-09-09,Sutter,101,95872,12641,12396,215,12611,144
2021-09-09,Tehama,103,63373,6798,6554,1132,7686,75
2021-09-09,Trinity,105,12862,553,523,156,679,6
2021-09-09,Tulare,107,460477,59018,57564,12674,70238,879
2021-09-09,Tuolumne,109,53932,5977,5802,55,5857,89
2021-09-09,Ventura,111,848112,92795,91610,4164,95774,1098
2021-09-09,Yolo,113,214977,18016,17724,937,18661,239
2021-09-09,Yuba,115,75493,8871,8707,178,8885,55
2021-09-08,Alameda,1,1643700,112165,110781,2732,113513,1305
2021-09-08,Alpine,3,1148,98,94,0,94,0
2021-09-08,Amador,5,37829,4793,4693,50,4743,56
2021-09-08,Butte,7,227075,17398,16775,3198,19973,220
2021-09-08,Calaveras,9,45235,3261,3157,24,3181,63
2021-09-08,Colusa,11,21464,2349,2308,523,2831,16
2021-09-08,Contra Costa,13,1133247,92511,91471,1918,93389,900
2021-09-08,Del Norte,15,27424,3191,3085,15,3100,25
2021-09-08,El Dorado,17,186661,14190,13928,1443,15371,119
2021-09-08,Fresno,19,978130,122394,120644,10931,131575,1831
2021-09-08,Glenn,21,27897,3033,2942,863,3805,20
2021-09-08,Humboldt,23,135768,7668,7438,359,7797,52
2021-09-08,Imperial,25,180216,30832,30609,3128,33737,751
2021-09-08,Inyo,27,18085,1602,1580,26,1606,39
2021-09-08,Kern,29,883053,113094,110933,17458,128391,1409
2021-09-08,Kings,31,150075,27853,27235,1664,28899,267
2021-09-08,Lake,33,64148,5835,5618,116,5734,79
2021-09-08,Lassen,35,31185,5986,5848,230,6078,25
2021-09-08,Los Angeles,37,10098052,1370294,1362029,53487,1415516,25533
2021-09-08,Madera,39,155013,19847,19352,1508,20860,252
2021-09-08,Marin,41,260295,16544,16386,382,16768,242
2021-09-08,Mariposa,43,17540,829,777,22,799,5
2021-09-08,Mendocino,45,87422,6342,6069,258,6327,61
2021-09-08,Merced,47,269075,37223,36500,1308,37808,516
2021-09-08,Modoc,49,8938,457,448,158,606,5
2021-09-08,Mono,51,14174,1443,1418,13,1431,3
2021-09-08,Monterey,53,433212,46188,45959,2956,48915,554
2021-09-08,Napa,55,140530,12030,11842,78,11920,90
2021-09-08,Nevada,57,99092,8032,7843,269,8112,82
2021-09-08,Orange,59,3164182,291692,288511,13972,302483,5290
2021-09-08,Placer,61,380077,32587,31852,3116,34968,337
2021-09-08,Plumas,63,18699,1138,1072,23,1095,5
2021-09-08,Riverside,65,2383286,337735,334037,16410,350447,4683
2021-09-08,Sacramento,67,1510023,142947,142448,3509,145957,1921
2021-09-08,San Benito,69,59416,6850,6800,144,6944,64
2021-09-08,San Bernardino,71,2135413,333691,330279,10471,340750,5411
2021-09-08,San Diego,73,3302833,345945,341437,0,341437,3926
2021-09-08,San Francisco,75,870044,48782,48263,2388,50651,589
2021-09-08,San Joaquin,77,732212,90727,89631,4797,94428,1561
2021-09-08,San Luis Obispo,79,281455,26727,26303,1062,27365,294
2021-09-08,San Mateo,81,765935,50507,50051,1184,51235,561
2021-09-08,Santa Barbara,83,443738,40890,40000,1560,41560,490
2021-09-08,Santa Clara,85,1922200,138040,136836,1104,137940,1810
2021-09-08,Santa Cruz,87,273765,18919,18699,1041,19740,210
2021-09-08,Shasta,89,179085,17081,16227,2734,18961,234
2021-09-08,Sierra,91,2930,126,113,15,128,0
2021-09-08,Siskiyou,93,43540,2769,2643,974,3617,35
2021-09-08,Solano,95,438530,42592,41971,1071,43042,302
2021-09-08,Sonoma,97,501317,38534,38075,478,38553,360
2021-09-08,Stanislaus,99,539301,70375,68945,7885,76830,1074
2021-09-08,Sutter,101,95872,12576,12349,212,12561,144
2021-09-08,Tehama,103,63373,6728,6520,1114,7634,75
2021-09-08,Trinity,105,12862,550,520,152,672,6
2021-09-08,Tulare,107,460477,58694,57425,12618,70043,876
2021-09-08,Tuolumne,109,53932,5945,5783,53,5836,89
2021-09-08,Ventura,111,848112,92631,91345,4145,95490,1096
2021-09-08,Yolo,113,214977,17937,17680,932,18612,239
2021-09-08,Yuba,115,75493,8828,8675,176,8851,55
2021-09-07,Alameda,1,1643700,111863,110550,2725,113275,1301
2021-09-07,Alpine,3,1148,97,94,0,94,0
2021-09-07,Amador,5,37829,4766,4679,50,4729,53
2021-09-07,Butte,7,227075,17240,16723,3157,19880,220
2021-09-07,Calaveras,9,45235,3219,3140,22,3162,63
2021-09-07,Colusa,11,21464,2338,2306,522,2828,16
2021-09-07,Contra Costa,13,1133247,92251,91167,1912,93079,891
2021-09-07,Del Norte,15,27424,3178,3081,15,3096,24
2021-09-07,El Dorado,17,186661,14120,13892,1428,15320,119
2021-09-07,Fresno,19,978130,121850,120268,10879,131147,1828
2021-09-07,Glenn,21,27897,3013,2937,855,3792,20
2021-09-07,Humboldt,23,135768,7610,7397,342,7739,52
2021-09-07,Imperial,25,180216,30793,30584,3120,33704,751
2021-09-07,Inyo,27,18085,1596,1579,25,1604,39
2021-09-07,Kern,29,883053,112664,110674,17293,127967,1408
2021-09-07,Kings,31,150075,27728,27169,1646,28815,267
2021-09-07,Lake,33,64148,5793,5597,109,5706,78
2021-09-07,Lassen,35,31185,5968,5842,224,6066,21
2021-09-07,Los Angeles,37,10098052,1368136,1360407,53386,1413793,25486
2021-09-07,Madera,39,155013,19760,19316,1502,20818,249
2021-09-07,Marin,41,260295,16506,16363,382,16745,242
2021-09-07,Mariposa,43,17540,814,771,22,793,5
2021-09-07,Mendocino,45,87422,6286,6036,247,6283,61
2021-09-07,Merced,47,269075,37050,36400,1303,37703,513
2021-09-07,Modoc,49,8938,455,449,158,607,5
2021-09-07,Mono,51,14174,1434,1416,13,1429,3
2021-09-07,Monterey,53,433212,46122,45911,2924,48835,543
2021-09-07,Napa,55,140530,11989,11814,78,11892,90
2021-09-07,Nevada,57,99092,8004,7829,269,8098,82
2021-09-07,Orange,59,3164182,291265,288225,13945,302170,5274
2021-09-07,Placer,61,380077,32438,31710,3087,34797,337
2021-09-07,Plumas,63,18699,1121,1071,23,1094,5
2021-09-07,Riverside,65,2383286,336949,333390,16390,349780,4666
2021-09-07,Sacramento,67,1510023,142398,142364,3463,145827,1905
2021-09-07,San Benito,69,59416,6832,6786,144,6930,64
2021-09-07,San Bernardino,71,2135413,332954,329962,10443,340405,5407
2021-09-07,San Diego,73,3302833,344936,340709,0,340709,3922
2021-09-07,San Francisco,75,870044,48644,48175,2380,50555,589
2021-09-07,San Joaquin,77,732212,90395,89468,4783,94251,1548
2021-09-07,San Luis Obispo,79,281455,26609,26253,1053,27306,287
2021-09-07,San Mateo,81,765935,50419,49913,1178,51091,561
2021-09-07,Santa Barbara,83,443738,40765,39957,1555,41512,489
2021-09-07,Santa Clara,85,1922200,137760,136631,1097,137728,1807
2021-09-07,Santa Cruz,87,273765,18871,18669,1038,19707,210
2021-09-07,Shasta,89,179085,16927,16096,2680,18776,226
2021-09-07,Sierra,91,2930,126,111,15,126,0
2021-09-07,Siskiyou,93,43540,2744,2607,956,3563,34
2021-09-07,Solano,95,438530,42473,41862,1067,42929,300
2021-09-07,Sonoma,97,501317,38450,38013,475,38488,358
2021-09-07,Stanislaus,99,539301,70088,68831,7862,76693,1074
2021-09-07,Sutter,101,95872,12502,12310,206,12516,138
2021-09-07,Tehama,103,63373,6667,6482,1093,7575,74
2021-09-07,Trinity,105,12862,545,517,152,669,6
2021-09-07,Tulare,107,460477,58341,57228,12537,69765,874
2021-09-07,Tuolumne,109,53932,5909,5759,52,5811,88
2021-09-07,Ventura,111,848112,92413,91246,4138,95384,1093
2021-09-07,Yolo,113,214977,17868,17653,927,18580,235
2021-09-07,Yuba,115,75493,8785,8642,171,8813,55
2021-09-06,Alameda,1,1643700,111555,110357,2716,113073,1301
2021-09-06,Alpine,3,1148,95,94,0,94,0
2021-09-06,Amador,5,37829,4750,4648,49,4697,53
2021-09-06,Butte,7,227075,17048,16588,3108,19696,218
2021-09-06,Calaveras,9,45235,3201,3122,22,3144,63
2021-09-06,Colusa,11,21464,2331,2306,516,2822,16
2021-09-06,Contra Costa,13,1133247,91957,90971,1902,92873,891
2021-09-06,Del Norte,15,27424,3138,3037,14,3051,24
2021-09-06,El Dorado,17,186661,14053,13848,1411,15259,119
2021-09-06,Fresno,19,978130,121281,119738,10818,130556,1828
2021-09-06,Glenn,21,27897,2980,2912,840,3752,20
2021-09-06,Humboldt,23,135768,7535,7320,324,7644,52
2021-09-06,Imperial,25,180216,30730,30576,3115,33691,751
2021-09-06,Inyo,27,18085,1590,1578,10,1588,39
2021-09-06,Kern,29,883053,112157,110347,17103,127450,1408
2021-09-06,Kings,31,150075,27586,27094,1628,28722,264
2021-09-06,Lake,33,64148,5730,5548,102,5650,78
2021-09-06,Lassen,35,31185,5942,5822,213,6035,21
2021-09-06,Los Angeles,37,10098052,1365854,1359348,53266,1412614,25477
2021-09-06,Madera,39,155013,19656,19191,1484,20675,249
2021-09-06,Marin,41,260295,16466,16356,382,16738,242
2021-09-06,Mariposa,43,17540,802,764,22,786,5
2021-09-06,Mendocino,45,87422,6219,5984,233,6217,61
2021-09-06,Merced,47,269075,36836,36300,1296,37596,513
2021-09-06,Modoc,49,8938,452,449,158,607,5
2021-09-06,Mono,51,14174,1431,1416,13,1429,3
2021-09-06,Monterey,53,433212,46058,45833,2879,48712,541
2021-09-06,Napa,55,140530,11946,11792,77,11869,90
2021-09-06,Nevada,57,99092,7956,7748,267,8015,82
2021-09-06,Orange,59,3164182,290779,287948,13892,301840,5274
2021-09-06,Placer,61,380077,32263,31595,3048,34643,337
2021-09-06,Plumas,63,18699,1098,1068,21,1089,5
2021-09-06,Riverside,65,2383286,336134,333052,16369,349421,4666
2021-09-06,Sacramento,67,1510023,141768,141730,3396,145126,1905
2021-09-06,San Benito,69,59416,6809,6777,141,6918,64
2021-09-06,San Bernardino,71,2135413,332072,329693,10412,340105,5398
2021-09-06,San Diego,73,3302833,343924,340222,0,340222,3922
2021-09-06,San Francisco,75,870044,48508,48120,2374,50494,589
2021-09-06,San Joaquin,77,732212,90063,89293,4762,94055,1548
2021-09-06,San Luis Obispo,79,281455,26481,26183,1050,27233,286
2021-09-06,San Mateo,81,765935,50308,49859,1161,51020,561
2021-09-06,Santa Barbara,83,443738,40635,39876,1546,41422,489
2021-09-06,Santa Clara,85,1922200,137474,136458,1094,137552,1807
2021-09-06,Santa Cruz,87,273765,18818,18615,1035,19650,210
2021-09-06,Shasta,89,179085,16747,15985,2625,18610,226
2021-09-06,Sierra,91,2930,126,109,15,124,0
2021-09-06,Siskiyou,93,43540,2701,2595,922,3517,34
2021-09-06,Solano,95,438530,42334,41774,1060,42834,300
2021-09-06,Sonoma,97,501317,38335,37929,474,38403,358
2021-09-06,Stanislaus,99,539301,69715,68596,7821,76417,1074
2021-09-06,Sutter,101,95872,12440,12238,197,12435,138
2021-09-06,Tehama,103,63373,6592,6413,1063,7476,74
2021-09-06,Trinity,105,12862,542,515,150,665,6
2021-09-06,Tulare,107,460477,57988,57068,12455,69523,874
2021-09-06,Tuolumne,109,53932,5874,5697,52,5749,88
2021-09-06,Ventura,111,848112,92227,91132,4128,95260,1093
2021-09-06,Yolo,113,214977,17784,17576,921,18497,235
2021-09-06,Yuba,115,75493,8735,8584,167,8751,55
2021-09-05,Alameda,1,1643700,111364,110173,2713,112886,1301
2021-09-05,Alpine,3,1148,95,94,0,94,0
2021-09-05,Amador,5,37829,4738,4642,49,4691,53
2021-09-05,Butte,7,227075,16960,16504,3078,19582,218
2021-09-05,Calaveras,9,45235,3194,3106,22,3128,63
2021-09-05,Colusa,11,21464,2323,2305,514,2819,16
2021-09-05,Contra Costa,13,1133247,91773,90862,1896,92758,891
2021-09-05,Del Norte,15,27424,3118,3023,14,3037,24
2021-09-05,El Dorado,17,186661,14024,13827,1397,15224,119
2021-09-05,Fresno,19,978130,120983,119384,10786,130170,1828
2021-09-05,Glenn,21,27897,2972,2899,837,3736,20
2021-09-05,Humboldt,23,135768,7502,7312,321,7633,52
2021-09-05,Imperial,25,180216,30701,30548,3113,33661,751
2021-09-05,Inyo,27,18085,1587,1572,10,1582,39
2021-09-05,Kern,29,883053,111861,110073,16937,127010,1408
2021-09-05,Kings,31,150075,27510,26989,1624,28613,264
2021-09-05,Lake,33,64148,5711,5525,102,5627,78
2021-09-05,Lassen,35,31185,5921,5820,209,6029,21
2021-09-05,Los Angeles,37,10098052,1364609,1357748,53191,1410939,25465
2021-09-05,Madera,39,155013,19613,19155,1475,20630,249
2021-09-05,Marin,41,260295,16447,16342,381,16723,242
2021-09-05,Mariposa,43,17540,798,761,22,783,5
2021-09-05,Mendocino,45,87422,6185,5965,233,6198,61
2021-09-05,Merced,47,269075,36760,36243,1295,37538,513
2021-09-05,Modoc,49,8938,452,447,158,605,5
2021-09-05,Mono,51,14174,1431,1416,13,1429,3
2021-09-05,Monterey,53,433212,46034,45795,2866,48661,540
2021-09-05,Napa,55,140530,11921,11770,77,11847,90
2021-09-05,Nevada,57,99092,7934,7722,266,7988,82
2021-09-05,Orange,59,3164182,290493,287614,13878,301492,5274
2021-09-05,Placer,61,380077,32132,31487,3034,34521,337
2021-09-05,Plumas,63,18699,1093,1067,21,1088,5
2021-09-05,Riverside,65,2383286,335684,332604,16357,348961,4654
2021-09-05,Sacramento,67,1510023,141337,141276,3375,144651,1905
2021-09-05,San Benito,69,59416,6808,6764,141,6905,64
2021-09-05,San Bernardino,71,2135413,331689,329062,10398,339460,5392
2021-09-05,San Diego,73,3302833,343364,339427,0,339427,3914
2021-09-05,San Francisco,75,870044,48432,48035,2369,50404,589
2021-09-05,San Joaquin,77,732212,89900,89121,4749,93870,1548
2021-09-05,San Luis Obispo,79,281455,26434,26098,1049,27147,285
2021-09-05,San Mateo,81,765935,50244,49809,1156,50965,561
2021-09-05,Santa Barbara,83,443738,40569,39762,1544,41306,489
2021-09-05,Santa Clara,85,1922200,137268,136146,1092,137238,1807
2021-09-05,Santa Cruz,87,273765,18799,18588,1033,19621,210
2021-09-05,Shasta,89,179085,16667,15960,2599,18559,226
2021-09-05,Sierra,91,2930,125,109,15,124,0
2021-09-05,Siskiyou,93,43540,2685,2585,907,3492,34
2021-09-05,Solano,95,438530,42241,41687,1055,42742,300
2021-09-05,Sonoma,97,501317,38254,37881,473,38354,358
2021-09-05,Stanislaus,99,539301,69565,68434,7797,76231,1074
2021-09-05,Sutter,101,95872,12410,12179,191,12370,138
2021-09-05,Tehama,103,63373,6574,6400,1060,7460,74
2021-09-05,Trinity,105,12862,535,505,149,654,6
2021-09-05,Tulare,107,460477,57821,56915,12410,69325,874
2021-09-05,Tuolumne,109,53932,5862,5688,52,5740,88
2021-09-05,Ventura,111,848112,92098,91004,4122,95126,1093
2021-09-05,Yolo,113,214977,17749,17557,915,18472,235
2021-09-05,Yuba,115,75493,8710,8521,165,8686,55
2021-09-04,Alameda,1,1643700,111239,109944,2706,112650,1301
2021-09-04,Alpine,3,1148,95,94,0,94,0
2021-09-04,Amador,5,37829,4720,4637,48,4685,53
2021-09-04,Butte,7,227075,16905,16403,3058,19461,218
2021-09-04,Calaveras,9,45235,3183,3087,21,3108,63
2021-09-04,Colusa,11,21464,2321,2301,514,2815,16
2021-09-04,Contra Costa,13,1133247,91660,90623,1893,92516,891
2021-09-04,Del Norte,15,27424,3107,2984,14,2998,24
2021-09-04,El Dorado,17,186661,13998,13782,1389,15171,119
2021-09-04,Fresno,19,978130,120791,119033,10772,129805,1828
2021-09-04,Glenn,21,27897,2967,2878,833,3711,20
2021-09-04,Humboldt,23,135768,7471,7298,315,7613,52
2021-09-04,Imperial,25,180216,30678,30526,3111,33637,751
2021-09-04,Inyo,27,18085,1585,1571,10,1581,39
2021-09-04,Kern,29,883053,111616,109751,16806,126557,1408
2021-09-04,Kings,31,150075,27422,26896,1618,28514,263
2021-09-04,Lake,33,64148,5693,5507,102,5609,78
2021-09-04,Lassen,35,31185,5906,5814,201,6015,21
2021-09-04,Los Angeles,37,10098052,1363705,1355634,53131,1408765,25454
2021-09-04,Madera,39,155013,19579,19112,1469,20581,249
2021-09-04,Marin,41,260295,16431,16319,380,16699,242
2021-09-04,Mariposa,43,17540,793,759,22,781,5
2021-09-04,Mendocino,45,87422,6149,5933,233,6166,61
2021-09-04,Merced,47,269075,36715,36083,1292,37375,513
2021-09-04,Modoc,49,8938,452,447,158,605,5
2021-09-04,Mono,51,14174,1431,1417,13,1430,3
2021-09-04,Monterey,53,433212,46012,45756,2853,48609,540
2021-09-04,Napa,55,140530,11896,11760,74,11834,90
2021-09-04,Nevada,57,99092,7919,7691,265,7956,82
2021-09-04,Orange,59,3164182,290231,287244,13858,301102,5274
2021-09-04,Placer,61,380077,32027,31374,3016,34390,337
2021-09-04,Plumas,63,18699,1088,1067,21,1088,5
2021-09-04,Riverside,65,2383286,335214,331958,16345,348303,4654
2021-09-04,Sacramento,67,1510023,141040,140735,3366,144101,1896
2021-09-04,San Benito,69,59416,6799,6758,141,6899,64
2021-09-04,San Bernardino,71,2135413,331357,328425,10385,338810,5393
2021-09-04,San Diego,73,3302833,342931,338748,0,338748,3914
2021-09-04,San Francisco,75,870044,48360,47937,2356,50293,589
2021-09-04,San Joaquin,77,732212,89787,88846,4743,93589,1548
2021-09-04,San Luis Obispo,79,281455,26403,26020,1049,27069,285
2021-09-04,San Mateo,81,765935,50195,49721,1148,50869,560
2021-09-04,Santa Barbara,83,443738,40503,39667,1542,41209,489
2021-09-04,Santa Clara,85,1922200,137083,135845,1089,136934,1806
2021-09-04,Santa Cruz,87,273765,18781,18579,1029,19608,210
2021-09-04,Shasta,89,179085,16587,15924,2573,18497,226
2021-09-04,Sierra,91,2930,123,108,15,123,0
2021-09-04,Siskiyou,93,43540,2660,2563,895,3458,34
2021-09-04,Solano,95,438530,42168,41614,1053,42667,300
2021-09-04,Sonoma,97,501317,38221,37809,473,38282,358
2021-09-04,Stanislaus,99,539301,69407,68210,7776,75986,1074
2021-09-04,Sutter,101,95872,12369,12137,190,12327,138
2021-09-04,Tehama,103,63373,6558,6367,1044,7411,74
2021-09-04,Trinity,105,12862,533,497,149,646,6
2021-09-04,Tulare,107,460477,57714,56719,12367,69086,874
2021-09-04,Tuolumne,109,53932,5844,5667,50,5717,88
2021-09-04,Ventura,111,848112,91973,90904,4120,95024,1090
2021-09-04,Yolo,113,214977,17715,17522,911,18433,235
2021-09-04,Yuba,115,75493,8682,8475,164,8639,55
2021-09-03,Alameda,1,1643700,111098,109636,2705,112341,1301
2021-09-03,Alpine,3,1148,95,94,0,94,0
2021-09-03,Amador,5,37829,4698,4614,48,4662,53
2021-09-03,Butte,7,227075,16816,16259,3028,19287,215
2021-09-03,Calaveras,9,45235,3173,3069,21,3090,63
2021-09-03,Colusa,11,21464,2316,2295,513,2808,16
2021-09-03,Contra Costa,13,1133247,91509,90299,1890,92189,886
2021-09-03,Del Norte,15,27424,3079,2943,13,2956,24
2021-09-03,El Dorado,17,186661,13965,13710,1385,15095,119
2021-09-03,Fresno,19,978130,120461,118508,10758,129266,1822
2021-09-03,Glenn,21,27897,2961,2867,826,3693,20
2021-09-03,Humboldt,23,135768,7447,7194,310,7504,52
2021-09-03,Imperial,25,180216,30654,30475,3106,33581,751
2021-09-03,Inyo,27,18085,1580,1567,10,1577,39
2021-09-03,Kern,29,883053,111403,109296,16689,125985,1407
2021-09-03,Kings,31,150075,27339,26753,1613,28366,263
2021-09-03,Lake,33,64148,5673,5479,100,5579,78
2021-09-03,Lassen,35,31185,5889,5789,196,5985,21
2021-09-03,Los Angeles,37,10098052,1362417,1351185,53061,1404246,25384
2021-09-03,Madera,39,155013,19497,19021,1461,20482,247
2021-09-03,Marin,41,260295,16409,16293,379,16672,242
2021-09-03,Mariposa,43,17540,785,753,22,775,5
2021-09-03,Mendocino,45,87422,6114,5891,232,6123,61
2021-09-03,Merced,47,269075,36661,35941,1284,37225,512
2021-09-03,Modoc,49,8938,452,445,158,603,5
2021-09-03,Mono,51,14174,1430,1410,13,1423,3
2021-09-03,Monterey,53,433212,45985,45707,2838,48545,540
2021-09-03,Napa,55,140530,11875,11733,74,11807,89
2021-09-03,Nevada,57,99092,7887,7632,264,7896,82
2021-09-03,Orange,59,3164182,289910,286818,13830,300648,5253
2021-09-03,Placer,61,380077,31920,31238,2991,34229,335
2021-09-03,Plumas,63,18699,1081,1057,21,1078,5
2021-09-03,Riverside,65,2383286,334682,331011,16328,347339,4653
2021-09-03,Sacramento,67,1510023,140683,139982,3351,143333,1886
2021-09-03,San Benito,69,59416,6793,6746,141,6887,64
2021-09-03,San Bernardino,71,2135413,330946,327599,10374,337973,5381
2021-09-03,San Diego,73,3302833,342305,337627,0,337627,3911
2021-09-03,San Francisco,75,870044,48288,47822,2347,50169,589
2021-09-03,San Joaquin,77,732212,89639,88366,4738,93104,1540
2021-09-03,San Luis Obispo,79,281455,26329,25917,1047,26964,283
2021-09-03,San Mateo,81,765935,50114,49617,1132,50749,560
2021-09-03,Santa Barbara,83,443738,40437,39507,1539,41046,489
2021-09-03,Santa Clara,85,1922200,136880,135522,1085,136607,1801
2021-09-03,Santa Cruz,87,273765,18756,18532,1029,19561,210
2021-09-03,Shasta,89,179085,16514,15778,2548,18326,226
2021-09-03,Sierra,91,2930,121,105,15,120,0
2021-09-03,Siskiyou,93,43540,2648,2529,881,3410,34
2021-09-03,Solano,95,438530,42094,41457,1050,42507,300
2021-09-03,Sonoma,97,501317,38159,37699,473,38172,358
2021-09-03,Stanislaus,99,539301,69231,67887,7754,75641,1074
2021-09-03,Sutter,101,95872,12330,12073,189,12262,139
2021-09-03,Tehama,103,63373,6526,6334,1036,7370,72
2021-09-03,Trinity,105,12862,532,490,144,634,6
2021-09-03,Tulare,107,460477,57586,56401,12314,68715,872
2021-09-03,Tuolumne,109,53932,5802,5630,50,5680,88
2021-09-03,Ventura,111,848112,91832,90742,4116,94858,1088
2021-09-03,Yolo,113,214977,17692,17446,905,18351,235
2021-09-03,Yuba,115,75493,8651,8412,163,8575,55
2021-09-02,Alameda,1,1643700,110842,109377,2701,112078,1301
2021-09-02,Alpine,3,1148,94,92,0,92,0
2021-09-02,Amador,5,37829,4682,4606,48,4654,53
2021-09-02,Butte,7,227075,16696,16154,3005,19159,215
2021-09-02,Calaveras,9,45235,3162,3042,20,3062,62
2021-09-02,Colusa,11,21464,2313,2290,511,2801,16
2021-09-02,Contra Costa,13,1133247,91329,90038,1882,91920,886
2021-09-02,Del Norte,15,27424,3049,2891,13,2904,24
2021-09-02,El Dorado,17,186661,13908,13641,1357,14998,119
2021-09-02,Fresno,19,978130,119975,117974,10721,128695,1804
2021-09-02,Glenn,21,27897,2938,2855,822,3677,20
2021-09-02,Humboldt,23,135768,7400,7141,298,7439,52
2021-09-02,Imperial,25,180216,30611,30449,3102,33551,751
2021-09-02,Inyo,27,18085,1575,1564,9,1573,39
2021-09-02,Kern,29,883053,110992,108930,16540,125470,1404
2021-09-02,Kings,31,150075,27247,26638,1603,28241,263
2021-09-02,Lake,33,64148,5643,5432,95,5527,78
2021-09-02,Lassen,35,31185,5875,5747,189,5936,21
2021-09-02,Los Angeles,37,10098052,1360636,1351105,52965,1404070,25382
2021-09-02,Madera,39,155013,19406,18937,1445,20382,247
2021-09-02,Marin,41,260295,16396,16244,377,16621,242
2021-09-02,Mariposa,43,17540,779,745,19,764,5
2021-09-02,Mendocino,45,87422,6072,5848,229,6077,61
2021-09-02,Merced,47,269075,36501,35820,1276,37096,508
2021-09-02,Modoc,49,8938,452,437,158,595,5
2021-09-02,Mono,51,14174,1430,1409,13,1422,3
2021-09-02,Monterey,53,433212,45933,45648,2811,48459,539
2021-09-02,Napa,55,140530,11846,11684,74,11758,88
2021-09-02,Nevada,57,99092,7835,7575,263,7838,82
2021-09-02,Orange,59,3164182,289456,286326,13802,300128,5240
2021-09-02,Placer,61,380077,31782,31067,2961,34028,330
2021-09-02,Plumas,63,18699,1070,1045,20,1065,5
2021-09-02,Riverside,65,2383286,333969,330190,16302,346492,4644
2021-09-02,Sacramento,67,1510023,140110,139274,3315,142589,1882
2021-09-02,San Benito,69,59416,6788,6734,140,6874,64
2021-09-02,San Bernardino,71,2135413,330336,326940,10299,337239,5369
2021-09-02,San Diego,73,3302833,341349,336382,0,336382,3909
2021-09-02,San Francisco,75,870044,48182,47674,2341,50015,587
2021-09-02,San Joaquin,77,732212,89373,88056,4714,92770,1540
2021-09-02,San Luis Obispo,79,281455,26246,25851,1042,26893,283
2021-09-02,San Mateo,81,765935,50025,49490,1119,50609,558
2021-09-02,Santa Barbara,83,443738,40347,39386,1525,40911,486
2021-09-02,Santa Clara,85,1922200,136583,135216,1080,136296,1799
2021-09-02,Santa Cruz,87,273765,18723,18473,1027,19500,210
2021-09-02,Shasta,89,179085,16378,15670,2517,18187,224
2021-09-02,Sierra,91,2930,121,105,15,120,0
2021-09-02,Siskiyou,93,43540,2629,2513,851,3364,34
2021-09-02,Solano,95,438530,41988,41293,1047,42340,294
2021-09-02,Sonoma,97,501317,38082,37558,473,38031,352
2021-09-02,Stanislaus,99,539301,68980,67576,7732,75308,1074
2021-09-02,Sutter,101,95872,12260,11995,185,12180,138
2021-09-02,Tehama,103,63373,6466,6265,1016,7281,72
2021-09-02,Trinity,105,12862,528,484,142,626,6
2021-09-02,Tulare,107,460477,57360,56105,12259,68364,872
2021-09-02,Tuolumne,109,53932,5747,5578,50,5628,88
2021-09-02,Ventura,111,848112,91643,90610,4109,94719,1084
2021-09-02,Yolo,113,214977,17625,17357,894,18251,235
2021-09-02,Yuba,115,75493,8592,8363,163,8526,55
2021-09-01,Alameda,1,1643700,110571,109075,2697,111772,1299
2021-09-01,Alpine,3,1148,94,92,0,92,0
2021-09-01,Amador,5,37829,4666,4599,47,4646,53
2021-09-01,Butte,7,227075,16584,16046,2972,19018,215
2021-09-01,Calaveras,9,45235,3147,3023,20,3043,59
2021-09-01,Colusa,11,21464,2309,2281,511,2792,16
2021-09-01,Contra Costa,13,1133247,91102,89834,1871,91705,877
2021-09-01,Del Norte,15,27424,3017,2860,13,2873,24
2021-09-01,El Dorado,17,186661,13854,13577,1329,14906,119
2021-09-01,Fresno,19,978130,119488,117492,10670,128162,1800
2021-09-01,Glenn,21,27897,2911,2846,812,3658,20
2021-09-01,Humboldt,23,135768,7352,7090,291,7381,52
2021-09-01,Imperial,25,180216,30574,30393,3098,33491,750
2021-09-01,Inyo,27,18085,1572,1561,7,1568,39
2021-09-01,Kern,29,883053,110571,108449,16394,124843,1400
2021-09-01,Kings,31,150075,27134,26443,1591,28034,263
2021-09-01,Lake,33,64148,5601,5396,90,5486,77
2021-09-01,Lassen,35,31185,5853,5731,185,5916,21
2021-09-01,Los Angeles,37,10098052,1358494,1348589,52858,1401447,25341
2021-09-01,Madera,39,155013,19328,18852,1431,20283,247
2021-09-01,Marin,41,260295,16375,16224,372,16596,240
2021-09-01,Mariposa,43,17540,771,735,19,754,5
2021-09-01,Mendocino,45,87422,6032,5821,224,6045,59
2021-09-01,Merced,47,269075,36329,35686,1269,36955,500
2021-09-01,Modoc,49,8938,447,436,156,592,5
2021-09-01,Mono,51,14174,1430,1400,13,1413,3
2021-09-01,Monterey,53,433212,45864,45590,2785,48375,539
2021-09-01,Napa,55,140530,11815,11653,74,11727,88
2021-09-01,Nevada,57,99092,7782,7508,262,7770,82
2021-09-01,Orange,59,3164182,288992,285840,13764,299604,5233
2021-09-01,Placer,61,380077,31629,30902,2947,33849,330
2021-09-01,Plumas,63,18699,1064,1033,20,1053,5
2021-09-01,Riverside,65,2383286,333157,329388,16266,345654,4634
2021-09-01,Sacramento,67,1510023,139503,138499,3272,141771,1875
2021-09-01,San Benito,69,59416,6771,6716,140,6856,64
2021-09-01,San Bernardino,71,2135413,329691,326250,10268,336518,5364
2021-09-01,San Diego,73,3302833,340310,335302,0,335302,3908
2021-09-01,San Francisco,75,870044,48077,47538,2331,49869,584
2021-09-01,San Joaquin,77,732212,89052,87640,4693,92333,1540
2021-09-01,San Luis Obispo,79,281455,26150,25691,1037,26728,283
2021-09-01,San Mateo,81,765935,49920,49394,1105,50499,558
2021-09-01,Santa Barbara,83,443738,40230,39263,1508,40771,483
2021-09-01,Santa Clara,85,1922200,136320,134855,1075,135930,1796
2021-09-01,Santa Cruz,87,273765,18676,18453,1025,19478,210
2021-09-01,Shasta,89,179085,16250,15552,2473,18025,221
2021-09-01,Sierra,91,2930,120,98,15,113,0
2021-09-01,Siskiyou,93,43540,2600,2482,829,3311,34
2021-09-01,Solano,95,438530,41844,41194,1042,42236,293
2021-09-01,Sonoma,97,501317,37987,37454,472,37926,352
2021-09-01,Stanislaus,99,539301,68689,67287,7708,74995,1075
2021-09-01,Sutter,101,95872,12196,11945,178,12123,136
2021-09-01,Tehama,103,63373,6432,6228,1001,7229,72
2021-09-01,Trinity,105,12862,527,482,139,621,5
2021-09-01,Tulare,107,460477,57077,55768,12222,67990,870
2021-09-01,Tuolumne,109,53932,5707,5553,50,5603,88
2021-09-01,Ventura,111,848112,91418,90471,4093,94564,1089
2021-09-01,Yolo,113,214977,17572,17264,887,18151,235
2021-09-01,Yuba,115,75493,8529,8308,163,8471,55
2021-08-31,Alameda,1,1643700,110262,108837,2690,111527,1297
2021-08-31,Alpine,3,1148,92,92,0,92,0
2021-08-31,Amador,5,37829,4645,4555,47,4602,53
2021-08-31,Butte,7,227075,16446,15896,2932,18828,216
2021-08-31,Calaveras,9,45235,3109,3008,20,3028,59
2021-08-31,Colusa,11,21464,2308,2275,509,2784,16
2021-08-31,Contra Costa,13,1133247,90811,89546,1860,91406,871
2021-08-31,Del Norte,15,27424,2980,2830,13,2843,19
2021-08-31,El Dorado,17,186661,13784,13539,1311,14850,119
2021-08-31,Fresno,19,978130,118920,117155,10605,127760,1801
2021-08-31,Glenn,21,27897,2895,2829,798,3627,20
2021-08-31,Humboldt,23,135768,7276,7030,277,7307,52
2021-08-31,Imperial,25,180216,30538,30348,3090,33438,750
2021-08-31,Inyo,27,18085,1568,1550,7,1557,39
2021-08-31,Kern,29,883053,110071,108151,16210,124361,1393
2021-08-31,Kings,31,150075,26995,26405,1576,27981,260
2021-08-31,Lake,33,64148,5558,5359,87,5446,74
2021-08-31,Lassen,35,31185,5827,5702,182,5884,21
2021-08-31,Los Angeles,37,10098052,1356072,1346686,52773,1399459,25303
2021-08-31,Madera,39,155013,19237,18811,1415,20226,247
2021-08-31,Marin,41,260295,16346,16215,369,16584,240
2021-08-31,Mariposa,43,17540,762,732,19,751,5
2021-08-31,Mendocino,45,87422,5992,5777,222,5999,59
2021-08-31,Merced,47,269075,36161,35512,1264,36776,498
2021-08-31,Modoc,49,8938,446,436,156,592,5
2021-08-31,Mono,51,14174,1414,1398,13,1411,3
2021-08-31,Monterey,53,433212,45800,45550,2752,48302,539
2021-08-31,Napa,55,140530,11768,11618,74,11692,88
2021-08-31,Nevada,57,99092,7716,7460,262,7722,82
2021-08-31,Orange,59,3164182,288407,285310,13726,299036,5229
2021-08-31,Placer,61,380077,31439,30745,2908,33653,325
2021-08-31,Plumas,63,18699,1061,1018,19,1037,5
2021-08-31,Riverside,65,2383286,332184,328556,16233,344789,4627
2021-08-31,Sacramento,67,1510023,138840,137879,3237,141116,1863
2021-08-31,San Benito,69,59416,6759,6694,138,6832,64
2021-08-31,San Bernardino,71,2135413,328958,325446,10249,335695,5350
2021-08-31,San Diego,73,3302833,339040,334377,0,334377,3888
2021-08-31,San Francisco,75,870044,47938,47440,2308,49748,581
2021-08-31,San Joaquin,77,732212,88612,87365,4678,92043,1540
2021-08-31,San Luis Obispo,79,281455,26025,25518,1033,26551,282
2021-08-31,San Mateo,81,765935,49815,49299,1098,50397,556
2021-08-31,Santa Barbara,83,443738,40084,39091,1500,40591,481
2021-08-31,Santa Clara,85,1922200,135973,134637,1071,135708,1793
2021-08-31,Santa Cruz,87,273765,18635,18419,1022,19441,210
2021-08-31,Shasta,89,179085,16097,15368,2445,17813,220
2021-08-31,Sierra,91,2930,117,95,15,110,0
2021-08-31,Siskiyou,93,43540,2584,2435,814,3249,33
2021-08-31,Solano,95,438530,41712,41067,1035,42102,289
2021-08-31,Sonoma,97,501317,37893,37379,471,37850,352
2021-08-31,Stanislaus,99,539301,68325,67004,7672,74676,1075
2021-08-31,Sutter,101,95872,12129,11901,174,12075,136
2021-08-31,Tehama,103,63373,6384,6169,971,7140,72
2021-08-31,Trinity,105,12862,521,480,138,618,3
2021-08-31,Tulare,107,460477,56742,55567,12149,67716,870
2021-08-31,Tuolumne,109,53932,5671,5516,50,5566,88
2021-08-31,Ventura,111,848112,91206,90292,4082,94374,1081
2021-08-31,Yolo,113,214977,17495,17205,878,18083,234
2021-08-31,Yuba,115,75493,8476,8253,163,8416,54
2021-08-30,Alameda,1,1643700,109935,107734,2679,110413,1296
2021-08-30,Alpine,3,1148,92,92,0,92,0
2021-08-30,Amador,5,37829,4634,4507,47,4554,53
2021-08-30,Butte,7,227075,16295,15719,2898,18617,214
2021-08-30,Calaveras,9,45235,3090,2975,20,2995,59
2021-08-30,Colusa,11,21464,2300,2271,505,2776,16
2021-08-30,Contra Costa,13,1133247,90553,87679,1849,89528,872
2021-08-30,Del Norte,15,27424,2938,2796,12,2808,11
2021-08-30,El Dorado,17,186661,13715,13217,1294,14511,119
2021-08-30,Fresno,19,978130,118358,115867,10544,126411,1790
2021-08-30,Glenn,21,27897,2884,2804,795,3599,20
2021-08-30,Humboldt,23,135768,7222,6930,270,7200,52
2021-08-30,Imperial,25,180216,30501,30311,3085,33396,750
2021-08-30,Inyo,27,18085,1563,1544,7,1551,39
2021-08-30,Kern,29,883053,109598,107615,16040,123655,1389
2021-08-30,Kings,31,150075,26879,26236,1561,27797,259
2021-08-30,Lake,33,64148,5524,5323,83,5406,74
2021-08-30,Lassen,35,31185,5805,5667,176,5843,21
2021-08-30,Los Angeles,37,10098052,1353619,1344949,52683,1397632,25269
2021-08-30,Madera,39,155013,19156,18622,1398,20020,247
2021-08-30,Marin,41,260295,16315,16160,369,16529,240
2021-08-30,Mariposa,43,17540,756,715,18,733,5
2021-08-30,Mendocino,45,87422,5960,5721,218,5939,55
2021-08-30,Merced,47,269075,36032,35335,1262,36597,497
2021-08-30,Modoc,49,8938,444,436,155,591,5
2021-08-30,Mono,51,14174,1414,1390,13,1403,3
2021-08-30,Monterey,53,433212,45747,45463,2726,48189,539
2021-08-30,Napa,55,140530,11718,11579,72,11651,87
2021-08-30,Nevada,57,99092,7657,7356,260,7616,82
2021-08-30,Orange,59,3164182,287836,284750,13680,298430,5223
2021-08-30,Placer,61,380077,31282,29825,2883,32708,319
2021-08-30,Plumas,63,18699,1045,998,19,1017,5
2021-08-30,Riverside,65,2383286,331287,327593,16203,343796,4623
2021-08-30,Sacramento,67,1510023,138189,134571,3192,137763,1847
2021-08-30,San Benito,69,59416,6750,6663,138,6801,64
2021-08-30,San Bernardino,71,2135413,328284,324870,10219,335089,5348
2021-08-30,San Diego,73,3302833,337759,333011,0,333011,3885
2021-08-30,San Francisco,75,870044,47802,46966,2290,49256,581
2021-08-30,San Joaquin,77,732212,88285,86203,4662,90865,1528
2021-08-30,San Luis Obispo,79,281455,25901,25422,1026,26448,280
2021-08-30,San Mateo,81,765935,49698,48839,1081,49920,554
2021-08-30,Santa Barbara,83,443738,39937,38998,1494,40492,481
2021-08-30,Santa Clara,85,1922200,135650,133281,1063,134344,1789
2021-08-30,Santa Cruz,87,273765,18580,18326,1018,19344,210
2021-08-30,Shasta,89,179085,15967,15238,2401,17639,217
2021-08-30,Sierra,91,2930,115,91,15,106,0
2021-08-30,Siskiyou,93,43540,2571,2411,803,3214,33
2021-08-30,Solano,95,438530,41572,39986,1031,41017,290
2021-08-30,Sonoma,97,501317,37790,36764,471,37235,352
2021-08-30,Stanislaus,99,539301,67981,66173,7643,73816,1074
2021-08-30,Sutter,101,95872,12058,11791,167,11958,136
2021-08-30,Tehama,103,63373,6299,6085,941,7026,71
2021-08-30,Trinity,105,12862,511,468,135,603,3
2021-08-30,Tulare,107,460477,56432,55140,12070,67210,870
2021-08-30,Tuolumne,109,53932,5625,5492,50,5542,74
2021-08-30,Ventura,111,848112,90986,90149,4073,94222,1082
2021-08-30,Yolo,113,214977,17433,17071,874,17945,231
2021-08-30,Yuba,115,75493,8403,8129,162,8291,54
2021-08-29,Alameda,1,1643700,109596,107494,2664,110158,1296
2021-08-29,Alpine,3,1148,92,92,0,92,0
2021-08-29,Amador,5,37829,4620,4501,47,4548,53
2021-08-29,Butte,7,227075,16133,15602,2854,18456,214
2021-08-29,Calaveras,9,45235,3054,2970,20,2990,59
2021-08-29,Colusa,11,21464,2290,2260,499,2759,16
2021-08-29,Contra Costa,13,1133247,90257,87439,1845,89284,872
2021-08-29,Del Norte,15,27424,2896,2752,12,2764,11
2021-08-29,El Dorado,17,186661,13661,13166,1283,14449,119
2021-08-29,Fresno,19,978130,117768,115502,10496,125998,1790
2021-08-29,Glenn,21,27897,2868,2778,789,3567,20
2021-08-29,Humboldt,23,135768,7177,6922,255,7177,52
2021-08-29,Imperial,25,180216,30440,30293,3075,33368,750
2021-08-29,Inyo,27,18085,1553,1543,6,1549,39
2021-08-29,Kern,29,883053,109157,107324,15864,123188,1389
2021-08-29,Kings,31,150075,26721,26143,1546,27689,259
2021-08-29,Lake,33,64148,5484,5293,73,5366,74
2021-08-29,Lassen,35,31185,5782,5666,172,5838,21
2021-08-29,Los Angeles,37,10098052,1350868,1342541,52567,1395108,25263
2021-08-29,Madera,39,155013,19070,18594,1382,19976,247
2021-08-29,Marin,41,260295,16285,16134,366,16500,240
2021-08-29,Mariposa,43,17540,750,709,17,726,5
2021-08-29,Mendocino,45,87422,5904,5689,205,5894,55
2021-08-29,Merced,47,269075,35794,35250,1252,36502,497
2021-08-29,Modoc,49,8938,441,436,155,591,5
2021-08-29,Mono,51,14174,1408,1387,13,1400,3
2021-08-29,Monterey,53,433212,45664,45424,2681,48105,539
2021-08-29,Napa,55,140530,11687,11552,72,11624,87
2021-08-29,Nevada,57,99092,7601,7294,259,7553,82
2021-08-29,Orange,59,3164182,287227,284432,13643,298075,5223
2021-08-29,Placer,61,380077,31108,29674,2839,32513,319
2021-08-29,Plumas,63,18699,1034,996,19,1015,5
2021-08-29,Riverside,65,2383286,330430,326987,16182,343169,4623
2021-08-29,Sacramento,67,1510023,137450,133981,3144,137125,1843
2021-08-29,San Benito,69,59416,6723,6646,138,6784,64
2021-08-29,San Bernardino,71,2135413,327498,324266,10183,334449,5347
2021-08-29,San Diego,73,3302833,336648,332014,0,332014,3880
2021-08-29,San Francisco,75,870044,47671,46885,2273,49158,581
2021-08-29,San Joaquin,77,732212,87842,85922,4646,90568,1528
2021-08-29,San Luis Obispo,79,281455,25705,25288,1021,26309,280
2021-08-29,San Mateo,81,765935,49591,48737,1071,49808,554
2021-08-29,Santa Barbara,83,443738,39772,38900,1490,40390,481
2021-08-29,Santa Clara,85,1922200,135299,132979,1058,134037,1789
2021-08-29,Santa Cruz,87,273765,18533,18285,1016,19301,210
2021-08-29,Shasta,89,179085,15815,15198,2374,17572,217
2021-08-29,Sierra,91,2930,113,91,15,106,0
2021-08-29,Siskiyou,93,43540,2526,2407,782,3189,33
2021-08-29,Solano,95,438530,41425,39887,1026,40913,290
2021-08-29,Sonoma,97,501317,37654,36650,467,37117,352
2021-08-29,Stanislaus,99,539301,67633,65956,7610,73566,1074
2021-08-29,Sutter,101,95872,12000,11719,160,11879,136
2021-08-29,Tehama,103,63373,6220,6040,915,6955,71
2021-08-29,Trinity,105,12862,509,468,131,599,3
2021-08-29,Tulare,107,460477,56096,54974,11984,66958,870
2021-08-29,Tuolumne,109,53932,5600,5478,49,5527,74
2021-08-29,Ventura,111,848112,90736,90114,4066,94180,1082
2021-08-29,Yolo,113,214977,17337,17015,862,17877,231
2021-08-29,Yuba,115,75493,8339,8042,162,8204,54
2021-08-28,Alameda,1,1643700,109436,107007,2655,109662,1296
2021-08-28,Alpine,3,1148,92,92,0,92,0
2021-08-28,Amador,5,37829,4601,4484,47,4531,53
2021-08-28,Butte,7,227075,16075,15487,2825,18312,214
2021-08-28,Calaveras,9,45235,3046,2926,20,2946,59
2021-08-28,Colusa,11,21464,2286,2252,497,2749,16
2021-08-28,Contra Costa,13,1133247,90045,86938,1842,88780,872
2021-08-28,Del Norte,15,27424,2870,2734,11,2745,11
2021-08-28,El Dorado,17,186661,13622,13089,1277,14366,119
2021-08-28,Fresno,19,978130,117529,115079,10471,125550,1792
2021-08-28,Glenn,21,27897,2861,2773,782,3555,20
2021-08-28,Humboldt,23,135768,7142,6887,250,7137,52
2021-08-28,Imperial,25,180216,30414,30260,3071,33331,750
2021-08-28,Inyo,27,18085,1551,1539,6,1545,39
2021-08-28,Kern,29,883053,108922,107012,15718,122730,1389
2021-08-28,Kings,31,150075,26654,26059,1543,27602,257
2021-08-28,Lake,33,64148,5462,5267,69,5336,74
2021-08-28,Lassen,35,31185,5767,5665,171,5836,21
2021-08-28,Los Angeles,37,10098052,1349680,1337097,52492,1389589,25234
2021-08-28,Madera,39,155013,19020,18553,1367,19920,247
2021-08-28,Marin,41,260295,16270,16106,366,16472,240
2021-08-28,Mariposa,43,17540,748,704,17,721,5
2021-08-28,Mendocino,45,87422,5879,5658,205,5863,55
2021-08-28,Merced,47,269075,35744,35108,1248,36356,497
2021-08-28,Modoc,49,8938,441,436,154,590,5
2021-08-28,Mono,51,14174,1405,1385,13,1398,3
2021-08-28,Monterey,53,433212,45628,45394,2670,48064,539
2021-08-28,Napa,55,140530,11664,11512,71,11583,88
2021-08-28,Nevada,57,99092,7577,7238,257,7495,82
2021-08-28,Orange,59,3164182,286869,283953,13614,297567,5222
2021-08-28,Placer,61,380077,31000,29428,2827,32255,319
2021-08-28,Plumas,63,18699,1028,991,19,1010,5
2021-08-28,Riverside,65,2383286,329842,326222,16172,342394,4623
2021-08-28,Sacramento,67,1510023,137062,132985,3127,136112,1844
2021-08-28,San Benito,69,59416,6716,6636,138,6774,64
2021-08-28,San Bernardino,71,2135413,327055,323672,10174,333846,5348
2021-08-28,San Diego,73,3302833,336062,331330,0,331330,3880
2021-08-28,San Francisco,75,870044,47597,46654,2266,48920,581
2021-08-28,San Joaquin,77,732212,87678,85481,4640,90121,1527
2021-08-28,San Luis Obispo,79,281455,25639,25138,1016,26154,280
2021-08-28,San Mateo,81,765935,49521,48575,1063,49638,554
2021-08-28,Santa Barbara,83,443738,39701,38780,1489,40269,481
2021-08-28,Santa Clara,85,1922200,135092,132488,1056,133544,1789
2021-08-28,Santa Cruz,87,273765,18516,18240,1013,19253,210
2021-08-28,Shasta,89,179085,15713,15147,2355,17502,217
2021-08-28,Sierra,91,2930,109,91,15,106,0
2021-08-28,Siskiyou,93,43540,2518,2402,770,3172,33
2021-08-28,Solano,95,438530,41376,39610,1025,40635,290
2021-08-28,Sonoma,97,501317,37581,36466,465,36931,352
2021-08-28,Stanislaus,99,539301,67472,65670,7591,73261,1074
2021-08-28,Sutter,101,95872,11979,11669,159,11828,136
2021-08-28,Tehama,103,63373,6198,6004,904,6908,71
2021-08-28,Trinity,105,12862,505,463,130,593,3
2021-08-28,Tulare,107,460477,55968,54746,11937,66683,870
2021-08-28,Tuolumne,109,53932,5584,5469,49,5518,74
2021-08-28,Ventura,111,848112,90630,89934,4065,93999,1081
2021-08-28,Yolo,113,214977,17303,16907,854,17761,231
2021-08-28,Yuba,115,75493,8306,7985,161,8146,55
2021-08-27,Alameda,1,1643700,109230,106622,2652,109274,1296
2021-08-27,Alpine,3,1148,92,92,0,92,0
2021-08-27,Amador,5,37829,4585,4458,46,4504,53
2021-08-27,Butte,7,227075,15997,15277,2803,18080,214
2021-08-27,Calaveras,9,45235,3033,2903,20,2923,59
2021-08-27,Colusa,11,21464,2281,2240,495,2735,16
2021-08-27,Contra Costa,13,1133247,89847,86386,1840,88226,872
2021-08-27,Del Norte,15,27424,2838,2695,11,2706,11
2021-08-27,El Dorado,17,186661,13583,12968,1273,14241,119
2021-08-27,Fresno,19,978130,117095,114481,10456,124937,1774
2021-08-27,Glenn,21,27897,2846,2754,773,3527,20
2021-08-27,Humboldt,23,135768,7110,6782,246,7028,52
2021-08-27,Imperial,25,180216,30394,30201,3068,33269,750
2021-08-27,Inyo,27,18085,1550,1529,6,1535,39
2021-08-27,Kern,29,883053,108629,106570,15607,122177,1385
2021-08-27,Kings,31,150075,26578,25957,1541,27498,257
2021-08-27,Lake,33,64148,5438,5228,67,5295,74
2021-08-27,Lassen,35,31185,5752,5646,166,5812,21
2021-08-27,Los Angeles,37,10098052,1348173,1337006,52429,1389435,25230
2021-08-27,Madera,39,155013,18964,18476,1354,19830,247
2021-08-27,Marin,41,260295,16254,16055,364,16419,240
2021-08-27,Mariposa,43,17540,742,690,17,707,5
2021-08-27,Mendocino,45,87422,5848,5602,204,5806,55
2021-08-27,Merced,47,269075,35691,34906,1244,36150,495
2021-08-27,Modoc,49,8938,441,434,154,588,5
2021-08-27,Mono,51,14174,1396,1385,13,1398,3
2021-08-27,Monterey,53,433212,45589,45337,2653,47990,539
2021-08-27,Napa,55,140530,11630,11460,71,11531,87
2021-08-27,Nevada,57,99092,7536,7169,255,7424,82
2021-08-27,Orange,59,3164182,286508,283407,13582,296989,5206
2021-08-27,Placer,61,380077,30868,29157,2807,31964,320
2021-08-27,Plumas,63,18699,1023,984,19,1003,5
2021-08-27,Riverside,65,2383286,329326,325379,16158,341537,4622
2021-08-27,Sacramento,67,1510023,136631,131921,3114,135035,1838
2021-08-27,San Benito,69,59416,6710,6622,138,6760,64
2021-08-27,San Bernardino,71,2135413,326529,322893,10157,333050,5342
2021-08-27,San Diego,73,3302833,335280,330162,0,330162,3877
2021-08-27,San Francisco,75,870044,47524,46456,2245,48701,581
2021-08-27,San Joaquin,77,732212,87497,84949,4627,89576,1524
2021-08-27,San Luis Obispo,79,281455,25591,24952,1013,25965,280
2021-08-27,San Mateo,81,765935,49449,48424,1056,49480,553
2021-08-27,Santa Barbara,83,443738,39609,38675,1486,40161,480
2021-08-27,Santa Clara,85,1922200,134863,132011,1054,133065,1783
2021-08-27,Santa Cruz,87,273765,18477,18163,1009,19172,210
2021-08-27,Shasta,89,179085,15633,14996,2339,17335,217
2021-08-27,Sierra,91,2930,108,91,15,106,0
2021-08-27,Siskiyou,93,43540,2503,2358,756,3114,33
2021-08-27,Solano,95,438530,41287,39347,1020,40367,287
2021-08-27,Sonoma,97,501317,37507,36326,464,36790,342
2021-08-27,Stanislaus,99,539301,67263,65167,7560,72727,1061
2021-08-27,Sutter,101,95872,11933,11590,157,11747,135
2021-08-27,Tehama,103,63373,6174,5964,894,6858,71
2021-08-27,Trinity,105,12862,505,458,129,587,3
2021-08-27,Tulare,107,460477,55832,54443,11891,66334,870
2021-08-27,Tuolumne,109,53932,5552,5438,49,5487,74
2021-08-27,Ventura,111,848112,90518,89774,4060,93834,1076
2021-08-27,Yolo,113,214977,17264,16805,849,17654,231
2021-08-27,Yuba,115,75493,8249,7926,161,8087,54
2021-08-26,Alameda,1,1643700,108950,106146,2641,108787,1296
2021-08-26,Alpine,3,1148,92,92,0,92,0
2021-08-26,Amador,5,37829,4570,4442,45,4487,53
2021-08-26,Butte,7,227075,15863,15159,2766,17925,214
2021-08-26,Calaveras,9,45235,3024,2873,20,2893,59
2021-08-26,Colusa,11,21464,2275,2234,492,2726,16
2021-08-26,Contra Costa,13,1133247,89489,85808,1833,87641,866
2021-08-26,Del Norte,15,27424,2802,2625,11,2636,8
2021-08-26,El Dorado,17,186661,13517,12863,1258,14121,118
2021-08-26,Fresno,19,978130,116595,113854,10418,124272,1770
2021-08-26,Glenn,21,27897,2828,2740,765,3505,20
2021-08-26,Humboldt,23,135768,7052,6695,236,6931,53
2021-08-26,Imperial,25,180216,30345,30121,3059,33180,748
2021-08-26,Inyo,27,18085,1540,1521,5,1526,39
2021-08-26,Kern,29,883053,108205,106051,15459,121510,1380
2021-08-26,Kings,31,150075,26456,25838,1533,27371,260
2021-08-26,Lake,33,64148,5392,5196,64,5260,74
2021-08-26,Lassen,35,31185,5741,5626,164,5790,21
2021-08-26,Los Angeles,37,10098052,1345944,1334372,52327,1386699,25199
2021-08-26,Madera,39,155013,18893,18393,1342,19735,247
2021-08-26,Marin,41,260295,16225,15983,361,16344,240
2021-08-26,Mariposa,43,17540,732,677,17,694,5
2021-08-26,Mendocino,45,87422,5812,5533,199,5732,55
2021-08-26,Merced,47,269075,35524,34755,1229,35984,495
2021-08-26,Modoc,49,8938,441,433,154,587,5
2021-08-26,Mono,51,14174,1394,1385,13,1398,3
2021-08-26,Monterey,53,433212,45534,45265,2625,47890,539
2021-08-26,Napa,55,140530,11608,11394,70,11464,87
2021-08-26,Nevada,57,99092,7478,7086,253,7339,80
2021-08-26,Orange,59,3164182,286021,282814,13566,296380,5200
2021-08-26,Placer,61,380077,30698,28898,2782,31680,319
2021-08-26,Plumas,63,18699,1016,971,18,989,5
2021-08-26,Riverside,65,2383286,328536,324486,16135,340621,4615
2021-08-26,Sacramento,67,1510023,136090,130977,3070,134047,1827
2021-08-26,San Benito,69,59416,6701,6604,138,6742,64
2021-08-26,San Bernardino,71,2135413,325874,322100,10134,332234,5339
2021-08-26,San Diego,73,3302833,334249,328276,0,328276,3869
2021-08-26,San Francisco,75,870044,47402,46288,2235,48523,581
2021-08-26,San Joaquin,77,732212,87122,84429,4611,89040,1513
2021-08-26,San Luis Obispo,79,281455,25443,24831,1007,25838,278
2021-08-26,San Mateo,81,765935,49329,48263,1047,49310,553
2021-08-26,Santa Barbara,83,443738,39527,38566,1485,40051,479
2021-08-26,Santa Clara,85,1922200,134537,131443,1048,132491,1782
2021-08-26,Santa Cruz,87,273765,18417,18072,1007,19079,210
2021-08-26,Shasta,89,179085,15511,14891,2311,17202,217
2021-08-26,Sierra,91,2930,106,90,15,105,0
2021-08-26,Siskiyou,93,43540,2483,2342,741,3083,33
2021-08-26,Solano,95,438530,41142,39027,1012,40039,286
2021-08-26,Sonoma,97,501317,37417,36102,464,36566,337
2021-08-26,Stanislaus,99,539301,66944,64785,7534,72319,1061
2021-08-26,Sutter,101,95872,11873,11499,154,11653,135
2021-08-26,Tehama,103,63373,6115,5913,880,6793,68
2021-08-26,Trinity,105,12862,500,450,127,577,3
2021-08-26,Tulare,107,460477,55577,54157,11838,65995,870
2021-08-26,Tuolumne,109,53932,5532,5387,49,5436,74
2021-08-26,Ventura,111,848112,90350,89595,4051,93646,1080
2021-08-26,Yolo,113,214977,17200,16727,838,17565,231
2021-08-26,Yuba,115,75493,8176,7834,159,7993,54
2021-08-25,Alameda,1,1643700,108624,105636,2633,108269,1296
2021-08-25,Alpine,3,1148,92,92,0,92,0
2021-08-25,Amador,5,37829,4555,4415,45,4460,53
2021-08-25,Butte,7,227075,15759,15039,2723,17762,214
2021-08-25,Calaveras,9,45235,3004,2851,20,2871,59
2021-08-25,Colusa,11,21464,2269,2227,483,2710,16
2021-08-25,Contra Costa,13,1133247,89108,85322,1827,87149,863
2021-08-25,Del Norte,15,27424,2758,2573,11,2584,8
2021-08-25,El Dorado,17,186661,13457,12787,1242,14029,118
2021-08-25,Fresno,19,978130,116059,113384,10377,123761,1761
2021-08-25,Glenn,21,27897,2807,2728,754,3482,20
2021-08-25,Humboldt,23,135768,6987,6653,226,6879,52
2021-08-25,Imperial,25,180216,30308,30085,3054,33139,748
2021-08-25,Inyo,27,18085,1536,1518,5,1523,39
2021-08-25,Kern,29,883053,107778,105687,15298,120985,1379
2021-08-25,Kings,31,150075,26349,25676,1526,27202,258
2021-08-25,Lake,33,64148,5362,5163,61,5224,74
2021-08-25,Lassen,35,31185,5726,5583,163,5746,21
2021-08-25,Los Angeles,37,10098052,1343358,1331400,52237,1383637,25170
2021-08-25,Madera,39,155013,18828,18311,1325,19636,247
2021-08-25,Marin,41,260295,16203,15938,356,16294,240
2021-08-25,Mariposa,43,17540,726,676,17,693,5
2021-08-25,Mendocino,45,87422,5778,5486,194,5680,53
2021-08-25,Merced,47,269075,35387,34600,1224,35824,492
2021-08-25,Modoc,49,8938,441,433,154,587,5
2021-08-25,Mono,51,14174,1390,1382,13,1395,3
2021-08-25,Monterey,53,433212,45472,45196,2598,47794,539
2021-08-25,Napa,55,140530,11574,11348,69,11417,87
2021-08-25,Nevada,57,99092,7412,7000,252,7252,77
2021-08-25,Orange,59,3164182,285501,282061,13535,295596,5193
2021-08-25,Placer,61,380077,30530,28740,2750,31490,319
2021-08-25,Plumas,63,18699,1000,962,18,980,5
2021-08-25,Riverside,65,2383286,327694,323548,16112,339660,4610
2021-08-25,Sacramento,67,1510023,135386,130046,3029,133075,1827
2021-08-25,San Benito,69,59416,6680,6587,137,6724,64
2021-08-25,San Bernardino,71,2135413,325183,321228,10115,331343,5337
2021-08-25,San Diego,73,3302833,332968,327166,0,327166,3859
2021-08-25,San Francisco,75,870044,47257,46107,2225,48332,578
2021-08-25,San Joaquin,77,732212,86743,84002,4600,88602,1510
2021-08-25,San Luis Obispo,79,281455,25250,24607,1004,25611,276
2021-08-25,San Mateo,81,765935,49221,48153,1029,49182,553
2021-08-25,Santa Barbara,83,443738,39399,38450,1485,39935,479
2021-08-25,Santa Clara,85,1922200,134167,130995,1045,132040,1783
2021-08-25,Santa Cruz,87,273765,18357,17987,1004,18991,210
2021-08-25,Shasta,89,179085,15383,14752,2277,17029,217
2021-08-25,Sierra,91,2930,103,90,15,105,0
2021-08-25,Siskiyou,93,43540,2438,2322,722,3044,33
2021-08-25,Solano,95,438530,40979,38848,1002,39850,286
2021-08-25,Sonoma,97,501317,37294,35986,461,36447,336
2021-08-25,Stanislaus,99,539301,66653,64441,7500,71941,1061
2021-08-25,Sutter,101,95872,11805,11451,150,11601,134
2021-08-25,Tehama,103,63373,6062,5861,864,6725,68
2021-08-25,Trinity,105,12862,494,450,126,576,3
2021-08-25,Tulare,107,460477,55294,53877,11769,65646,866
2021-08-25,Tuolumne,109,53932,5506,5354,49,5403,74
2021-08-25,Ventura,111,848112,90175,89379,4038,93417,1068
2021-08-25,Yolo,113,214977,17136,16667,828,17495,231
2021-08-25,Yuba,115,75493,8110,7771,158,7929,54
2021-08-24,Alameda,1,1643700,108286,105319,2622,107941,1296
2021-08-24,Alpine,3,1148,92,92,0,92,0
2021-08-24,Amador,5,37829,4536,4380,45,4425,50
2021-08-24,Butte,7,227075,15608,14964,2688,17652,214
2021-08-24,Calaveras,9,45235,2962,2811,20,2831,59
2021-08-24,Colusa,11,21464,2261,2221,479,2700,16
2021-08-24,Contra Costa,13,1133247,88745,84963,1820,86783,857
2021-08-24,Del Norte,15,27424,2731,2543,11,2554,8
2021-08-24,El Dorado,17,186661,13381,12732,1226,13958,118
2021-08-24,Fresno,19,978130,115454,113024,10332,123356,1761
2021-08-24,Glenn,21,27897,2793,2717,746,3463,20
2021-08-24,Humboldt,23,135768,6925,6585,213,6798,52
2021-08-24,Imperial,25,180216,30247,30045,3047,33092,748
2021-08-24,Inyo,27,18085,1531,1512,5,1517,39
2021-08-24,Kern,29,883053,107322,105399,15128,120527,1375
2021-08-24,Kings,31,150075,26227,25629,1510,27139,258
2021-08-24,Lake,33,64148,5327,5135,61,5196,72
2021-08-24,Lassen,35,31185,5711,5576,161,5737,21
2021-08-24,Los Angeles,37,10098052,1340516,1328777,52134,1380911,25135
2021-08-24,Madera,39,155013,18753,18251,1308,19559,247
2021-08-24,Marin,41,260295,16167,15900,353,16253,240
2021-08-24,Mariposa,43,17540,719,670,17,687,5
2021-08-24,Mendocino,45,87422,5735,5416,187,5603,52
2021-08-24,Merced,47,269075,35218,34490,1215,35705,491
2021-08-24,Modoc,49,8938,441,432,154,586,5
2021-08-24,Mono,51,14174,1388,1382,13,1395,3
2021-08-24,Monterey,53,433212,45420,45126,2567,47693,539
2021-08-24,Napa,55,140530,11542,11299,67,11366,85
2021-08-24,Nevada,57,99092,7345,6981,248,7229,77
2021-08-24,Orange,59,3164182,284904,281461,13509,294970,5187
2021-08-24,Placer,61,380077,30328,28618,2708,31326,318
2021-08-24,Plumas,63,18699,990,953,18,971,5
2021-08-24,Riverside,65,2383286,326822,322620,16080,338700,4605
2021-08-24,Sacramento,67,1510023,134718,129542,2976,132518,1812
2021-08-24,San Benito,69,59416,6667,6576,137,6713,64
2021-08-24,San Bernardino,71,2135413,324431,320300,10086,330386,5328
2021-08-24,San Diego,73,3302833,331502,325823,0,325823,3851
2021-08-24,San Francisco,75,870044,47087,46010,2206,48216,574
2021-08-24,San Joaquin,77,732212,86307,83684,4577,88261,1508
2021-08-24,San Luis Obispo,79,281455,25075,24443,993,25436,274
2021-08-24,San Mateo,81,765935,49085,48050,1016,49066,553
2021-08-24,Santa Barbara,83,443738,39271,38307,1484,39791,478
2021-08-24,Santa Clara,85,1922200,133738,130763,1040,131803,1779
2021-08-24,Santa Cruz,87,273765,18284,17928,997,18925,209
2021-08-24,Shasta,89,179085,15275,14664,2245,16909,217
2021-08-24,Sierra,91,2930,101,90,15,105,0
2021-08-24,Siskiyou,93,43540,2418,2294,707,3001,33
2021-08-24,Solano,95,438530,40774,38724,990,39714,283
2021-08-24,Sonoma,97,501317,37167,35849,459,36308,336
2021-08-24,Stanislaus,99,539301,66297,64195,7455,71650,1058
2021-08-24,Sutter,101,95872,11738,11384,147,11531,134
2021-08-24,Tehama,103,63373,6020,5826,849,6675,67
2021-08-24,Trinity,105,12862,484,446,118,564,3
2021-08-24,Tulare,107,460477,54944,53702,11681,65383,856
2021-08-24,Tuolumne,109,53932,5475,5287,49,5336,74
2021-08-24,Ventura,111,848112,89999,89167,4027,93194,1068
2021-08-24,Yolo,113,214977,17062,16492,815,17307,231
2021-08-24,Yuba,115,75493,8027,7723,156,7879,54
2021-08-23,Alameda,1,1643700,107880,104922,2609,107531,1294
2021-08-23,Alpine,3,1148,92,91,0,91,0
2021-08-23,Amador,5,37829,4522,4369,45,4414,50
2021-08-23,Butte,7,227075,15464,14847,2652,17499,211
2021-08-23,Calaveras,9,45235,2927,2803,20,2823,59
2021-08-23,Colusa,11,21464,2257,2206,476,2682,16
2021-08-23,Contra Costa,13,1133247,88368,84651,1814,86465,857
2021-08-23,Del Norte,15,27424,2685,2499,11,2510,8
2021-08-23,El Dorado,17,186661,13279,12684,1204,13888,118
2021-08-23,Fresno,19,978130,114895,112445,10292,122737,1759
2021-08-23,Glenn,21,27897,2775,2696,739,3435,20
2021-08-23,Humboldt,23,135768,6852,6498,197,6695,52
2021-08-23,Imperial,25,180216,30196,30011,3044,33055,748
2021-08-23,Inyo,27,18085,1524,1509,5,1514,39
2021-08-23,Kern,29,883053,106871,104995,14968,119963,1375
2021-08-23,Kings,31,150075,26096,25465,1503,26968,257
2021-08-23,Lake,33,64148,5288,5099,59,5158,69
2021-08-23,Lassen,35,31185,5699,5562,161,5723,21
2021-08-23,Los Angeles,37,10098052,1337593,1326412,52006,1378418,25096
2021-08-23,Madera,39,155013,18668,18155,1295,19450,246
2021-08-23,Marin,41,260295,16119,15856,349,16205,240
2021-08-23,Mariposa,43,17540,709,645,17,662,5
2021-08-23,Mendocino,45,87422,5668,5374,180,5554,51
2021-08-23,Merced,47,269075,35035,34322,1210,35532,488
2021-08-23,Modoc,49,8938,438,431,153,584,6
2021-08-23,Mono,51,14174,1386,1384,13,1397,3
2021-08-23,Monterey,53,433212,45342,45047,2534,47581,538
2021-08-23,Napa,55,140530,11504,11257,67,11324,85
2021-08-23,Nevada,57,99092,7266,6930,246,7176,77
2021-08-23,Orange,59,3164182,284273,280891,13475,294366,5181
2021-08-23,Placer,61,380077,30133,28540,2670,31210,314
2021-08-23,Plumas,63,18699,981,934,18,952,5
2021-08-23,Riverside,65,2383286,325910,321650,16054,337704,4598
2021-08-23,Sacramento,67,1510023,133949,128969,2901,131870,1807
2021-08-23,San Benito,69,59416,6649,6562,135,6697,64
2021-08-23,San Bernardino,71,2135413,323630,319577,10046,329623,5324
2021-08-23,San Diego,73,3302833,330045,324536,0,324536,3848
2021-08-23,San Francisco,75,870044,46940,45945,2190,48135,573
2021-08-23,San Joaquin,77,732212,85883,83466,4560,88026,1499
2021-08-23,San Luis Obispo,79,281455,24894,24317,991,25308,274
2021-08-23,San Mateo,81,765935,48953,47935,1005,48940,553
2021-08-23,Santa Barbara,83,443738,39094,38181,1482,39663,478
2021-08-23,Santa Clara,85,1922200,133339,130489,1035,131524,1778
2021-08-23,Santa Cruz,87,273765,18228,17871,994,18865,209
2021-08-23,Shasta,89,179085,15150,14537,2205,16742,216
2021-08-23,Sierra,91,2930,101,90,15,105,0
2021-08-23,Siskiyou,93,43540,2397,2274,686,2960,33
2021-08-23,Solano,95,438530,40626,38612,982,39594,283
2021-08-23,Sonoma,97,501317,37048,35769,457,36226,336
2021-08-23,Stanislaus,99,539301,65944,63922,7415,71337,1058
2021-08-23,Sutter,101,95872,11650,11314,139,11453,133
2021-08-23,Tehama,103,63373,5967,5805,831,6636,67
2021-08-23,Trinity,105,12862,481,435,115,550,3
2021-08-23,Tulare,107,460477,54639,53370,11609,64979,856
2021-08-23,Tuolumne,109,53932,5433,5240,49,5289,73
2021-08-23,Ventura,111,848112,89786,88960,4015,92975,1063
2021-08-23,Yolo,113,214977,16975,16445,799,17244,226
2021-08-23,Yuba,115,75493,7956,7653,154,7807,54
2021-08-22,Alameda,1,1643700,107438,104539,2568,107107,1294
2021-08-22,Alpine,3,1148,92,91,0,91,0
2021-08-22,Amador,5,37829,4493,4349,45,4394,50
2021-08-22,Butte,7,227075,15325,14791,2613,17404,211
2021-08-22,Calaveras,9,45235,2886,2771,20,2791,59
2021-08-22,Colusa,11,21464,2249,2201,470,2671,16
2021-08-22,Contra Costa,13,1133247,87827,84371,1799,86170,857
2021-08-22,Del Norte,15,27424,2630,2455,11,2466,8
2021-08-22,El Dorado,17,186661,13173,12629,1184,13813,118
2021-08-22,Fresno,19,978130,114297,112057,10235,122292,1759
2021-08-22,Glenn,21,27897,2754,2678,724,3402,20
2021-08-22,Humboldt,23,135768,6775,6483,179,6662,52
2021-08-22,Imperial,25,180216,30138,29993,3040,33033,748
2021-08-22,Inyo,27,18085,1518,1505,5,1510,39
2021-08-22,Kern,29,883053,106347,104691,14811,119502,1375
2021-08-22,Kings,31,150075,25943,25391,1485,26876,257
2021-08-22,Lake,33,64148,5242,5069,56,5125,69
2021-08-22,Lassen,35,31185,5667,5556,156,5712,21
2021-08-22,Los Angeles,37,10098052,1334298,1324151,51873,1376024,25089
2021-08-22,Madera,39,155013,18550,18120,1284,19404,246
2021-08-22,Marin,41,260295,16067,15822,342,16164,240
2021-08-22,Mariposa,43,17540,699,638,15,653,5
2021-08-22,Mendocino,45,87422,5610,5336,180,5516,51
2021-08-22,Merced,47,269075,34832,34234,1201,35435,488
2021-08-22,Modoc,49,8938,437,431,153,584,6
2021-08-22,Mono,51,14174,1385,1378,13,1391,3
2021-08-22,Monterey,53,433212,45255,45017,2508,47525,538
2021-08-22,Napa,55,140530,11460,11231,67,11298,85
2021-08-22,Nevada,57,99092,7192,6864,244,7108,77
2021-08-22,Orange,59,3164182,283590,280390,13430,293820,5181
2021-08-22,Placer,61,380077,29924,28395,2632,31027,314
2021-08-22,Plumas,63,18699,958,923,17,940,5
2021-08-22,Riverside,65,2383286,324887,320836,16004,336840,4594
2021-08-22,Sacramento,67,1510023,133173,128231,2854,131085,1802
2021-08-22,San Benito,69,59416,6633,6550,135,6685,64
2021-08-22,San Bernardino,71,2135413,322664,318839,10010,328849,5324
2021-08-22,San Diego,73,3302833,328715,323591,0,323591,3848
2021-08-22,San Francisco,75,870044,46781,45831,2172,48003,573
2021-08-22,San Joaquin,77,732212,85433,83121,4548,87669,1498
2021-08-22,San Luis Obispo,79,281455,24689,24250,984,25234,274
2021-08-22,San Mateo,81,765935,48810,47821,966,48787,553
2021-08-22,Santa Barbara,83,443738,38917,38099,1473,39572,478
2021-08-22,Santa Clara,85,1922200,132922,130189,1028,131217,1778
2021-08-22,Santa Cruz,87,273765,18167,17823,989,18812,209
2021-08-22,Shasta,89,179085,15012,14478,2170,16648,216
2021-08-22,Sierra,91,2930,101,87,15,102,0
2021-08-22,Siskiyou,93,43540,2368,2261,668,2929,33
2021-08-22,Solano,95,438530,40433,38489,969,39458,283
2021-08-22,Sonoma,97,501317,36893,35676,455,36131,336
2021-08-22,Stanislaus,99,539301,65583,63683,7340,71023,1058
2021-08-22,Sutter,101,95872,11568,11251,135,11386,133
2021-08-22,Tehama,103,63373,5927,5791,811,6602,67
2021-08-22,Trinity,105,12862,474,433,113,546,3
2021-08-22,Tulare,107,460477,54322,53220,11523,64743,856
2021-08-22,Tuolumne,109,53932,5391,5214,49,5263,73
2021-08-22,Ventura,111,848112,89580,88791,3999,92790,1063
2021-08-22,Yolo,113,214977,16874,16374,789,17163,226
2021-08-22,Yuba,115,75493,7883,7626,153,7779,54
2021-08-21,Alameda,1,1643700,107243,104281,2560,106841,1294
2021-08-21,Alpine,3,1148,92,91,0,91,0
2021-08-21,Amador,5,37829,4483,4338,43,4381,50
2021-08-21,Butte,7,227075,15255,14714,2590,17304,211
2021-08-21,Calaveras,9,45235,2873,2744,20,2764,59
2021-08-21,Colusa,11,21464,2244,2192,465,2657,16
2021-08-21,Contra Costa,13,1133247,87572,84136,1793,85929,857
2021-08-21,Del Norte,15,27424,2608,2409,11,2420,8
2021-08-21,El Dorado,17,186661,13130,12590,1180,13770,118
2021-08-21,Fresno,19,978130,114104,111765,10226,121991,1759
2021-08-21,Glenn,21,27897,2744,2654,717,3371,20
2021-08-21,Humboldt,23,135768,6739,6446,171,6617,52
2021-08-21,Imperial,25,180216,30095,29976,3037,33013,748
2021-08-21,Inyo,27,18085,1515,1500,5,1505,39
2021-08-21,Kern,29,883053,106091,104443,14683,119126,1375
2021-08-21,Kings,31,150075,25870,25313,1480,26793,257
2021-08-21,Lake,33,64148,5222,5055,54,5109,69
2021-08-21,Lassen,35,31185,5653,5553,156,5709,21
2021-08-21,Los Angeles,37,10098052,1333019,1321308,51784,1373092,25080
2021-08-21,Madera,39,155013,18513,18067,1278,19345,246
2021-08-21,Marin,41,260295,16033,15775,340,16115,240
2021-08-21,Mariposa,43,17540,689,634,15,649,5
2021-08-21,Mendocino,45,87422,5565,5307,179,5486,51
2021-08-21,Merced,47,269075,34728,34148,1196,35344,488
2021-08-21,Modoc,49,8938,437,430,153,583,6
2021-08-21,Mono,51,14174,1385,1378,13,1391,3
2021-08-21,Monterey,53,433212,45217,44969,2493,47462,538
2021-08-21,Napa,55,140530,11425,11211,67,11278,85
2021-08-21,Nevada,57,99092,7148,6810,243,7053,77
2021-08-21,Orange,59,3164182,283144,279855,13399,293254,5181
2021-08-21,Placer,61,380077,29789,28289,2607,30896,314
2021-08-21,Plumas,63,18699,956,916,16,932,5
2021-08-21,Riverside,65,2383286,324308,320086,15990,336076,4594
2021-08-21,Sacramento,67,1510023,132679,127751,2842,130593,1809
2021-08-21,San Benito,69,59416,6623,6542,134,6676,64
2021-08-21,San Bernardino,71,2135413,322215,318293,9989,328282,5324
2021-08-21,San Diego,73,3302833,328049,322620,0,322620,3848
2021-08-21,San Francisco,75,870044,46688,45637,2157,47794,573
2021-08-21,San Joaquin,77,732212,85222,82825,4543,87368,1498
2021-08-21,San Luis Obispo,79,281455,24635,24169,984,25153,273
2021-08-21,San Mateo,81,765935,48719,47685,960,48645,553
2021-08-21,Santa Barbara,83,443738,38837,37951,1469,39420,478
2021-08-21,Santa Clara,85,1922200,132657,129911,1024,130935,1778
2021-08-21,Santa Cruz,87,273765,18130,17763,984,18747,209
2021-08-21,Shasta,89,179085,14938,14417,2156,16573,217
2021-08-21,Sierra,91,2930,96,85,15,100,0
2021-08-21,Siskiyou,93,43540,2355,2246,656,2902,33
2021-08-21,Solano,95,438530,40325,38423,959,39382,281
2021-08-21,Sonoma,97,501317,36807,35582,454,36036,336
2021-08-21,Stanislaus,99,539301,65390,63512,7322,70834,1058
2021-08-21,Sutter,101,95872,11524,11204,133,11337,133
2021-08-21,Tehama,103,63373,5903,5757,804,6561,67
2021-08-21,Trinity,105,12862,469,431,111,542,3
2021-08-21,Tulare,107,460477,54178,53045,11478,64523,857
2021-08-21,Tuolumne,109,53932,5360,5193,49,5242,73
2021-08-21,Ventura,111,848112,89437,88558,3985,92543,1063
2021-08-21,Yolo,113,214977,16828,16322,783,17105,226
2021-08-21,Yuba,115,75493,7837,7580,152,7732,54
2021-08-20,Alameda,1,1643700,106998,103812,2550,106362,1294
2021-08-20,Alpine,3,1148,92,91,0,91,0
2021-08-20,Amador,5,37829,4457,4323,43,4366,50
2021-08-20,Butte,7,227075,15183,14617,2569,17186,211
2021-08-20,Calaveras,9,45235,2858,2717,20,2737,59
2021-08-20,Colusa,11,21464,2239,2178,463,2641,16
2021-08-20,Contra Costa,13,1133247,87298,83721,1786,85507,857
2021-08-20,Del Norte,15,27424,2576,2316,11,2327,8
2021-08-20,El Dorado,17,186661,13092,12495,1172,13667,118
2021-08-20,Fresno,19,978130,113754,111315,10208,121523,1759
2021-08-20,Glenn,21,27897,2737,2642,712,3354,20
2021-08-20,Humboldt,23,135768,6688,6349,166,6515,52
2021-08-20,Imperial,25,180216,30072,29934,3037,32971,747
2021-08-20,Inyo,27,18085,1509,1495,5,1500,39
2021-08-20,Kern,29,883053,105808,104048,14551,118599,1373
2021-08-20,Kings,31,150075,25805,25241,1477,26718,256
2021-08-20,Lake,33,64148,5207,5024,51,5075,69
2021-08-20,Lassen,35,31185,5633,5539,156,5695,21
2021-08-20,Los Angeles,37,10098052,1331158,1317541,51685,1369226,25049
2021-08-20,Madera,39,155013,18466,18018,1262,19280,246
2021-08-20,Marin,41,260295,16015,15727,337,16064,240
2021-08-20,Mariposa,43,17540,684,630,15,645,5
2021-08-20,Mendocino,45,87422,5520,5241,177,5418,51
2021-08-20,Merced,47,269075,34662,34035,1191,35226,486
2021-08-20,Modoc,49,8938,437,429,153,582,6
2021-08-20,Mono,51,14174,1384,1368,13,1381,3
2021-08-20,Monterey,53,433212,45187,44890,2479,47369,538
2021-08-20,Napa,55,140530,11393,11152,67,11219,83
2021-08-20,Nevada,57,99092,7107,6753,236,6989,77
2021-08-20,Orange,59,3164182,282709,279193,13377,292570,5179
2021-08-20,Placer,61,380077,29693,28156,2579,30735,313
2021-08-20,Plumas,63,18699,949,908,16,924,5
2021-08-20,Riverside,65,2383286,323613,319072,15958,335030,4594
2021-08-20,Sacramento,67,1510023,132203,127226,2824,130050,1797
2021-08-20,San Benito,69,59416,6609,6508,134,6642,64
2021-08-20,San Bernardino,71,2135413,321602,317372,9959,327331,5322
2021-08-20,San Diego,73,3302833,327145,321102,0,321102,3846
2021-08-20,San Francisco,75,870044,46599,45432,2137,47569,573
2021-08-20,San Joaquin,77,732212,84997,82419,4532,86951,1496
2021-08-20,San Luis Obispo,79,281455,24558,23986,980,24966,273
2021-08-20,San Mateo,81,765935,48610,47561,949,48510,551
2021-08-20,Santa Barbara,83,443738,38753,37794,1463,39257,477
2021-08-20,Santa Clara,85,1922200,132376,129510,1019,130529,1774
2021-08-20,Santa Cruz,87,273765,18090,17701,981,18682,209
2021-08-20,Shasta,89,179085,14859,14277,2136,16413,215
2021-08-20,Sierra,91,2930,94,83,15,98,0
2021-08-20,Siskiyou,93,43540,2339,2226,651,2877,33
2021-08-20,Solano,95,438530,40185,38214,948,39162,277
2021-08-20,Sonoma,97,501317,36739,35416,454,35870,336
2021-08-20,Stanislaus,99,539301,65188,63219,7301,70520,1047
2021-08-20,Sutter,101,95872,11468,11136,132,11268,133
2021-08-20,Tehama,103,63373,5887,5730,792,6522,66
2021-08-20,Trinity,105,12862,469,422,110,532,3
2021-08-20,Tulare,107,460477,54045,52855,11435,64290,856
2021-08-20,Tuolumne,109,53932,5336,5153,48,5201,73
2021-08-20,Ventura,111,848112,89274,88285,3982,92267,1061
2021-08-20,Yolo,113,214977,16775,16236,777,17013,225
2021-08-20,Yuba,115,75493,7797,7523,152,7675,54
2021-08-19,Alameda,1,1643700,106547,103276,2525,105801,1294
2021-08-19,Alpine,3,1148,92,91,0,91,0
2021-08-19,Amador,5,37829,4450,4317,42,4359,50
2021-08-19,Butte,7,227075,15050,14518,2539,17057,211
2021-08-19,Calaveras,9,45235,2839,2673,20,2693,59
2021-08-19,Colusa,11,21464,2230,2167,459,2626,16
2021-08-19,Contra Costa,13,1133247,86862,83296,1772,85068,852
2021-08-19,Del Norte,15,27424,2528,2257,11,2268,8
2021-08-19,El Dorado,17,186661,13010,12410,1151,13561,118
2021-08-19,Fresno,19,978130,113318,110947,10172,121119,1759
2021-08-19,Glenn,21,27897,2718,2629,705,3334,20
2021-08-19,Humboldt,23,135768,6627,6246,160,6406,52
2021-08-19,Imperial,25,180216,30026,29865,3031,32896,747
2021-08-19,Inyo,27,18085,1502,1494,5,1499,39
2021-08-19,Kern,29,883053,105414,103731,14407,118138,1371
2021-08-19,Kings,31,150075,25674,25128,1464,26592,256
2021-08-19,Lake,33,64148,5177,4991,47,5038,69
2021-08-19,Lassen,35,31185,5615,5520,155,5675,21
2021-08-19,Los Angeles,37,10098052,1328198,1314453,51540,1365993,25020
2021-08-19,Madera,39,155013,18402,17947,1250,19197,246
2021-08-19,Marin,41,260295,15982,15672,333,16005,240
2021-08-19,Mariposa,43,17540,670,618,15,633,5
2021-08-19,Mendocino,45,87422,5487,5167,175,5342,51
2021-08-19,Merced,47,269075,34527,33851,1177,35028,486
2021-08-19,Modoc,49,8938,437,427,153,580,6
2021-08-19,Mono,51,14174,1380,1349,13,1362,3
2021-08-19,Monterey,53,433212,45124,44821,2459,47280,538
2021-08-19,Napa,55,140530,11341,11104,67,11171,83
2021-08-19,Nevada,57,99092,7041,6695,234,6929,77
2021-08-19,Orange,59,3164182,282082,278562,13325,291887,5172
2021-08-19,Placer,61,380077,29514,27953,2561,30514,313
2021-08-19,Plumas,63,18699,939,896,16,912,5
2021-08-19,Riverside,65,2383286,322586,318056,15926,333982,4589
2021-08-19,Sacramento,67,1510023,131514,126720,2786,129506,1801
2021-08-19,San Benito,69,59416,6591,6493,132,6625,64
2021-08-19,San Bernardino,71,2135413,320780,316398,9934,326332,5318
2021-08-19,San Diego,73,3302833,325880,319582,0,319582,3839
2021-08-19,San Francisco,75,870044,46440,45220,2119,47339,571
2021-08-19,San Joaquin,77,732212,84556,82047,4499,86546,1491
2021-08-19,San Luis Obispo,79,281455,24418,23878,972,24850,271
2021-08-19,San Mateo,81,765935,48477,47431,940,48371,551
2021-08-19,Santa Barbara,83,443738,38612,37693,1459,39152,477
2021-08-19,Santa Clara,85,1922200,131985,129133,1012,130145,1774
2021-08-19,Santa Cruz,87,273765,18028,17644,974,18618,209
2021-08-19,Shasta,89,179085,14735,14200,2113,16313,214
2021-08-19,Sierra,91,2930,90,83,15,98,0
2021-08-19,Siskiyou,93,43540,2325,2218,639,2857,33
2021-08-19,Solano,95,438530,40033,38025,937,38962,273
2021-08-19,Sonoma,97,501317,36651,35233,453,35686,336
2021-08-19,Stanislaus,99,539301,64833,62928,7251,70179,1047
2021-08-19,Sutter,101,95872,11387,11057,130,11187,133
2021-08-19,Tehama,103,63373,5851,5683,764,6447,66
2021-08-19,Trinity,105,12862,465,414,108,522,3
2021-08-19,Tulare,107,460477,53813,52685,11369,64054,856
2021-08-19,Tuolumne,109,53932,5300,5112,47,5159,64
2021-08-19,Ventura,111,848112,89076,88073,3967,92040,1060
2021-08-19,Yolo,113,214977,16691,16153,768,16921,225
2021-08-19,Yuba,115,75493,7746,7458,151,7609,51
2021-08-18,Alameda,1,1643700,106144,102696,2494,105190,1294
2021-08-18,Alpine,3,1148,91,91,0,91,0
2021-08-18,Amador,5,37829,4433,4279,41,4320,50
2021-08-18,Butte,7,227075,14939,14426,2512,16938,208
2021-08-18,Calaveras,9,45235,2797,2643,19,2662,59
2021-08-18,Colusa,11,21464,2223,2160,454,2614,16
2021-08-18,Contra Costa,13,1133247,86368,82767,1766,84533,851
2021-08-18,Del Norte,15,27424,2471,2219,11,2230,8
2021-08-18,El Dorado,17,186661,12925,12306,1136,13442,118
2021-08-18,Fresno,19,978130,112865,110523,10129,120652,1759
2021-08-18,Glenn,21,27897,2691,2623,698,3321,20
2021-08-18,Humboldt,23,135768,6557,6195,154,6349,52
2021-08-18,Imperial,25,180216,29994,29821,3028,32849,746
2021-08-18,Inyo,27,18085,1499,1494,5,1499,39
2021-08-18,Kern,29,883053,105069,103440,14309,117749,1370
2021-08-18,Kings,31,150075,25566,24984,1457,26441,256
2021-08-18,Lake,33,64148,5136,4957,46,5003,69
2021-08-18,Lassen,35,31185,5596,5506,154,5660,21
2021-08-18,Los Angeles,37,10098052,1325069,1311477,51406,1362883,24984
2021-08-18,Madera,39,155013,18345,17871,1243,19114,246
2021-08-18,Marin,41,260295,15944,15610,330,15940,240
2021-08-18,Mariposa,43,17540,658,615,15,630,5
2021-08-18,Mendocino,45,87422,5436,5129,172,5301,51
2021-08-18,Merced,47,269075,34362,33708,1169,34877,484
2021-08-18,Modoc,49,8938,437,427,152,579,6
2021-08-18,Mono,51,14174,1377,1344,13,1357,3
2021-08-18,Monterey,53,433212,45054,44735,2429,47164,532
2021-08-18,Napa,55,140530,11303,11060,66,11126,83
2021-08-18,Nevada,57,99092,6974,6633,234,6867,76
2021-08-18,Orange,59,3164182,281443,277795,13269,291064,5168
2021-08-18,Placer,61,380077,29293,27741,2531,30272,312
2021-08-18,Plumas,63,18699,930,874,16,890,5
2021-08-18,Riverside,65,2383286,321584,317107,15890,332997,4585
2021-08-18,Sacramento,67,1510023,130751,125599,2751,128350,1781
2021-08-18,San Benito,69,59416,6580,6481,131,6612,64
2021-08-18,San Bernardino,71,2135413,319980,315477,9914,325391,5304
2021-08-18,San Diego,73,3302833,324539,318152,0,318152,3834
2021-08-18,San Francisco,75,870044,46243,44957,2103,47060,568
2021-08-18,San Joaquin,77,732212,84112,81601,4477,86078,1491
2021-08-18,San Luis Obispo,79,281455,24270,23726,960,24686,270
2021-08-18,San Mateo,81,765935,48317,47255,929,48184,551
2021-08-18,Santa Barbara,83,443738,38481,37599,1452,39051,475
2021-08-18,Santa Clara,85,1922200,131622,128563,1008,129571,1773
2021-08-18,Santa Cruz,87,273765,17974,17566,968,18534,209
2021-08-18,Shasta,89,179085,14636,14087,2095,16182,213
2021-08-18,Sierra,91,2930,89,83,15,98,0
2021-08-18,Siskiyou,93,43540,2296,2204,627,2831,33
2021-08-18,Solano,95,438530,39830,37812,925,38737,271
2021-08-18,Sonoma,97,501317,36508,35063,452,35515,333
2021-08-18,Stanislaus,99,539301,64484,62613,7221,69834,1047
2021-08-18,Sutter,101,95872,11315,11004,125,11129,130
2021-08-18,Tehama,103,63373,5815,5653,754,6407,66
2021-08-18,Trinity,105,12862,458,409,106,515,3
2021-08-18,Tulare,107,460477,53572,52486,11299,63785,856
2021-08-18,Tuolumne,109,53932,5264,5081,47,5128,64
2021-08-18,Ventura,111,848112,88846,87835,3956,91791,1055
2021-08-18,Yolo,113,214977,16610,16047,748,16795,225
2021-08-18,Yuba,115,75493,7681,7391,151,7542,51
2021-08-17,Alameda,1,1643700,105732,102379,2480,104859,1290
2021-08-17,Alpine,3,1148,91,91,0,91,0
2021-08-17,Amador,5,37829,4404,4266,41,4307,50
2021-08-17,Butte,7,227075,14834,14357,2477,16834,206
2021-08-17,Calaveras,9,45235,2756,2624,19,2643,59
2021-08-17,Colusa,11,21464,2214,2156,450,2606,16
2021-08-17,Contra Costa,13,1133247,85919,82482,1756,84238,848
2021-08-17,Del Norte,15,27424,2419,2188,11,2199,8
2021-08-17,El Dorado,17,186661,12839,12242,1121,13363,118
2021-08-17,Fresno,19,978130,112387,110263,10078,120341,1755
2021-08-17,Glenn,21,27897,2677,2608,690,3298,20
2021-08-17,Humboldt,23,135768,6478,6155,151,6306,52
2021-08-17,Imperial,25,180216,29943,29768,3024,32792,746
2021-08-17,Inyo,27,18085,1496,1492,5,1497,39
2021-08-17,Kern,29,883053,104676,103048,14182,117230,1367
2021-08-17,Kings,31,150075,25458,24930,1446,26376,254
2021-08-17,Lake,33,64148,5093,4930,40,4970,68
2021-08-17,Lassen,35,31185,5579,5499,152,5651,21
2021-08-17,Los Angeles,37,10098052,1321545,1307999,51272,1359271,24952
2021-08-17,Madera,39,155013,18271,17838,1223,19061,246
2021-08-17,Marin,41,260295,15889,15570,330,15900,240
2021-08-17,Mariposa,43,17540,650,609,14,623,5
2021-08-17,Mendocino,45,87422,5381,5097,172,5269,51
2021-08-17,Merced,47,269075,34214,33508,1159,34667,482
2021-08-17,Modoc,49,8938,434,424,150,574,6
2021-08-17,Mono,51,14174,1371,1341,13,1354,3
2021-08-17,Monterey,53,433212,44977,44672,2413,47085,528
2021-08-17,Napa,55,140530,11262,11007,65,11072,83
2021-08-17,Nevada,57,99092,6899,6605,232,6837,75
2021-08-17,Orange,59,3164182,280808,277121,13234,290355,5164
2021-08-17,Placer,61,380077,29081,27634,2501,30135,312
2021-08-17,Plumas,63,18699,919,860,16,876,5
2021-08-17,Riverside,65,2383286,320569,316051,15853,331904,4582
2021-08-17,Sacramento,67,1510023,129971,125151,2709,127860,1774
2021-08-17,San Benito,69,59416,6561,6470,131,6601,64
2021-08-17,San Bernardino,71,2135413,319048,314402,9870,324272,5302
2021-08-17,San Diego,73,3302833,322924,317058,0,317058,3824
2021-08-17,San Francisco,75,870044,46048,44820,2092,46912,567
2021-08-17,San Joaquin,77,732212,83644,81300,4458,85758,1489
2021-08-17,San Luis Obispo,79,281455,24111,23556,957,24513,268
2021-08-17,San Mateo,81,765935,48171,47127,913,48040,551
2021-08-17,Santa Barbara,83,443738,38327,37478,1445,38923,475
2021-08-17,Santa Clara,85,1922200,131219,128354,1003,129357,1773
2021-08-17,Santa Cruz,87,273765,17888,17528,966,18494,209
2021-08-17,Shasta,89,179085,14507,14012,2077,16089,214
2021-08-17,Sierra,91,2930,88,82,15,97,0
2021-08-17,Siskiyou,93,43540,2281,2183,613,2796,33
2021-08-17,Solano,95,438530,39617,37662,915,38577,269
2021-08-17,Sonoma,97,501317,36359,34943,448,35391,333
2021-08-17,Stanislaus,99,539301,64134,62385,7167,69552,1047
2021-08-17,Sutter,101,95872,11242,10973,124,11097,130
2021-08-17,Tehama,103,63373,5781,5612,731,6343,66
2021-08-17,Trinity,105,12862,453,406,103,509,3
2021-08-17,Tulare,107,460477,53304,52362,11231,63593,856
2021-08-17,Tuolumne,109,53932,5221,5042,46,5088,64
2021-08-17,Ventura,111,848112,88607,87601,3935,91536,1053
2021-08-17,Yolo,113,214977,16520,15975,733,16708,225
2021-08-17,Yuba,115,75493,7611,7355,151,7506,51
2021-08-16,Alameda,1,1643700,105234,102052,2467,104519,1287
2021-08-16,Alpine,3,1148,91,91,0,91,0
2021-08-16,Amador,5,37829,4394,4235,41,4276,50
2021-08-16,Butte,7,227075,14715,14283,2443,16726,206
2021-08-16,Calaveras,9,45235,2695,2609,19,2628,57
2021-08-16,Colusa,11,21464,2203,2147,446,2593,16
2021-08-16,Contra Costa,13,1133247,85380,82070,1746,83816,848
2021-08-16,Del Norte,15,27424,2348,2125,11,2136,8
2021-08-16,El Dorado,17,186661,12738,12139,1107,13246,118
2021-08-16,Fresno,19,978130,111889,109623,10035,119658,1753
2021-08-16,Glenn,21,27897,2658,2593,684,3277,20
2021-08-16,Humboldt,23,135768,6408,6064,128,6192,52
2021-08-16,Imperial,25,180216,29905,29737,3009,32746,746
2021-08-16,Inyo,27,18085,1493,1490,5,1495,39
2021-08-16,Kern,29,883053,104306,102690,14057,116747,1367
2021-08-16,Kings,31,150075,25358,24817,1436,26253,254
2021-08-16,Lake,33,64148,5066,4898,39,4937,68
2021-08-16,Lassen,35,31185,5562,5481,144,5625,21
2021-08-16,Los Angeles,37,10098052,1318166,1305330,51118,1356448,24923
2021-08-16,Madera,39,155013,18195,17756,1204,18960,246
2021-08-16,Marin,41,260295,15829,15497,329,15826,239
2021-08-16,Mariposa,43,17540,633,597,14,611,5
2021-08-16,Mendocino,45,87422,5325,5037,170,5207,49
2021-08-16,Merced,47,269075,34007,33364,1156,34520,481
2021-08-16,Modoc,49,8938,432,421,149,570,5
2021-08-16,Mono,51,14174,1362,1339,13,1352,3
2021-08-16,Monterey,53,433212,44916,44595,2383,46978,527
2021-08-16,Napa,55,140530,11233,10946,65,11011,83
2021-08-16,Nevada,57,99092,6846,6535,231,6766,74
2021-08-16,Orange,59,3164182,280019,275985,13186,289171,5161
2021-08-16,Placer,61,380077,28901,27384,2467,29851,306
2021-08-16,Plumas,63,18699,909,851,16,867,5
2021-08-16,Riverside,65,2383286,319479,314774,15815,330589,4582
2021-08-16,Sacramento,67,1510023,129176,124554,2667,127221,1762
2021-08-16,San Benito,69,59416,6537,6452,131,6583,64
2021-08-16,San Bernardino,71,2135413,318091,313617,9844,323461,5301
2021-08-16,San Diego,73,3302833,321321,315348,0,315348,3824
2021-08-16,San Francisco,75,870044,45851,44681,2075,46756,567
2021-08-16,San Joaquin,77,732212,83146,81087,4440,85527,1488
2021-08-16,San Luis Obispo,79,281455,23962,23452,948,24400,265
2021-08-16,San Mateo,81,765935,48008,47024,892,47916,548
2021-08-16,Santa Barbara,83,443738,38160,37358,1440,38798,475
2021-08-16,Santa Clara,85,1922200,130756,127978,997,128975,1773
2021-08-16,Santa Cruz,87,273765,17827,17491,959,18450,209
2021-08-16,Shasta,89,179085,14418,13862,2058,15920,211
2021-08-16,Sierra,91,2930,85,82,15,97,0
2021-08-16,Siskiyou,93,43540,2264,2169,593,2762,33
2021-08-16,Solano,95,438530,39345,37436,901,38337,263
2021-08-16,Sonoma,97,501317,36188,34844,446,35290,333
2021-08-16,Stanislaus,99,539301,63772,62033,7127,69160,1039
2021-08-16,Sutter,101,95872,11173,10902,123,11025,130
2021-08-16,Tehama,103,63373,5718,5565,727,6292,66
2021-08-16,Trinity,105,12862,447,400,102,502,3
2021-08-16,Tulare,107,460477,53063,52162,11156,63318,856
2021-08-16,Tuolumne,109,53932,5182,4984,45,5029,64
2021-08-16,Ventura,111,848112,88357,86954,3917,90871,1052
2021-08-16,Yolo,113,214977,16423,15922,725,16647,225
2021-08-16,Yuba,115,75493,7527,7314,150,7464,51
2021-08-15,Alameda,1,1643700,104748,101660,2450,104110,1287
2021-08-15,Alpine,3,1148,91,91,0,91,0
2021-08-15,Amador,5,37829,4367,4231,41,4272,49
2021-08-15,Butte,7,227075,14590,14263,2419,16682,206
2021-08-15,Calaveras,9,45235,2648,2599,19,2618,57
2021-08-15,Colusa,11,21464,2192,2140,436,2576,16
2021-08-15,Contra Costa,13,1133247,84899,81781,1729,83510,848
2021-08-15,Del Norte,15,27424,2281,2060,11,2071,8
2021-08-15,El Dorado,17,186661,12604,12057,1091,13148,118
2021-08-15,Fresno,19,978130,111416,109382,9975,119357,1753
2021-08-15,Glenn,21,27897,2634,2592,672,3264,20
2021-08-15,Humboldt,23,135768,6335,6024,121,6145,52
2021-08-15,Imperial,25,180216,29840,29711,3002,32713,746
2021-08-15,Inyo,27,18085,1492,1489,5,1494,39
2021-08-15,Kern,29,883053,103865,102524,13941,116465,1367
2021-08-15,Kings,31,150075,25210,24736,1426,26162,254
2021-08-15,Lake,33,64148,5007,4886,38,4924,68
2021-08-15,Lassen,35,31185,5546,5482,142,5624,21
2021-08-15,Los Angeles,37,10098052,1314651,1302882,50942,1353824,24918
2021-08-15,Madera,39,155013,18107,17714,1192,18906,246
2021-08-15,Marin,41,260295,15771,15461,327,15788,239
2021-08-15,Mariposa,43,17540,626,591,14,605,5
2021-08-15,Mendocino,45,87422,5268,5022,164,5186,49
2021-08-15,Merced,47,269075,33763,33305,1145,34450,481
2021-08-15,Modoc,49,8938,430,421,149,570,5
2021-08-15,Mono,51,14174,1354,1334,13,1347,3
2021-08-15,Monterey,53,433212,44804,44567,2351,46918,527
2021-08-15,Napa,55,140530,11178,10919,65,10984,83
2021-08-15,Nevada,57,99092,6759,6486,231,6717,74
2021-08-15,Orange,59,3164182,279246,275447,13148,288595,5161
2021-08-15,Placer,61,380077,28678,27220,2418,29638,306
2021-08-15,Plumas,63,18699,898,850,16,866,5
2021-08-15,Riverside,65,2383286,318342,314133,15781,329914,4582
2021-08-15,Sacramento,67,1510023,128375,123924,2634,126558,1761
2021-08-15,San Benito,69,59416,6519,6446,130,6576,64
2021-08-15,San Bernardino,71,2135413,317012,313120,9814,322934,5301
2021-08-15,San Diego,73,3302833,319839,314247,0,314247,3824
2021-08-15,San Francisco,75,870044,45627,44531,2052,46583,567
2021-08-15,San Joaquin,77,732212,82662,80832,4412,85244,1488
2021-08-15,San Luis Obispo,79,281455,23766,23404,938,24342,265
2021-08-15,San Mateo,81,765935,47847,46897,871,47768,548
2021-08-15,Santa Barbara,83,443738,37992,37276,1433,38709,475
2021-08-15,Santa Clara,85,1922200,130325,127715,991,128706,1773
2021-08-15,Santa Cruz,87,273765,17758,17440,951,18391,209
2021-08-15,Shasta,89,179085,14315,13835,2032,15867,211
2021-08-15,Sierra,91,2930,84,82,14,96,0
2021-08-15,Siskiyou,93,43540,2243,2169,579,2748,33
2021-08-15,Solano,95,438530,39106,37320,890,38210,263
2021-08-15,Sonoma,97,501317,35994,34706,438,35144,333
2021-08-15,Stanislaus,99,539301,63382,61795,7054,68849,1039
2021-08-15,Sutter,101,95872,11082,10863,123,10986,130
2021-08-15,Tehama,103,63373,5669,5550,721,6271,66
2021-08-15,Trinity,105,12862,444,400,100,500,3
2021-08-15,Tulare,107,460477,52807,52046,11095,63141,856
2021-08-15,Tuolumne,109,53932,5144,4934,44,4978,64
2021-08-15,Ventura,111,848112,88049,86797,3903,90700,1052
2021-08-15,Yolo,113,214977,16329,15873,714,16587,225
2021-08-15,Yuba,115,75493,7448,7265,149,7414,51
2021-08-14,Alameda,1,1643700,104539,101305,2447,103752,1287
2021-08-14,Alpine,3,1148,91,91,0,91,0
2021-08-14,Amador,5,37829,4349,4206,41,4247,49
2021-08-14,Butte,7,227075,14553,14192,2403,16595,206
2021-08-14,Calaveras,9,45235,2643,2579,19,2598,57
2021-08-14,Colusa,11,21464,2182,2134,432,2566,16
2021-08-14,Contra Costa,13,1133247,84651,81458,1721,83179,848
2021-08-14,Del Norte,15,27424,2254,2015,11,2026,8
2021-08-14,El Dorado,17,186661,12568,12019,1082,13101,118
2021-08-14,Fresno,19,978130,111257,109056,9959,119015,1753
2021-08-14,Glenn,21,27897,2623,2583,670,3253,20
2021-08-14,Humboldt,23,135768,6281,5998,117,6115,52
2021-08-14,Imperial,25,180216,29812,29671,3002,32673,746
2021-08-14,Inyo,27,18085,1490,1487,5,1492,39
2021-08-14,Kern,29,883053,103672,102306,13844,116150,1367
2021-08-14,Kings,31,150075,25116,24647,1417,26064,254
2021-08-14,Lake,33,64148,4990,4850,37,4887,68
2021-08-14,Lassen,35,31185,5539,5475,141,5616,21
2021-08-14,Los Angeles,37,10098052,1312897,1299346,50801,1350147,24911
2021-08-14,Madera,39,155013,18060,17691,1188,18879,246
2021-08-14,Marin,41,260295,15737,15441,326,15767,239
2021-08-14,Mariposa,43,17540,622,584,14,598,5
2021-08-14,Mendocino,45,87422,5232,4977,161,5138,49
2021-08-14,Merced,47,269075,33699,33234,1139,34373,481
2021-08-14,Modoc,49,8938,430,421,149,570,5
2021-08-14,Mono,51,14174,1352,1332,13,1345,3
2021-08-14,Monterey,53,433212,44765,44514,2343,46857,527
2021-08-14,Napa,55,140530,11148,10878,64,10942,83
2021-08-14,Nevada,57,99092,6724,6419,230,6649,74
2021-08-14,Orange,59,3164182,278813,274732,13125,287857,5161
2021-08-14,Placer,61,380077,28532,27115,2393,29508,306
2021-08-14,Plumas,63,18699,889,849,16,865,5
2021-08-14,Riverside,65,2383286,317630,313264,15759,329023,4582
2021-08-14,Sacramento,67,1510023,127891,123438,2617,126055,1758
2021-08-14,San Benito,69,59416,6506,6428,130,6558,64
2021-08-14,San Bernardino,71,2135413,316463,312142,9793,321935,5301
2021-08-14,San Diego,73,3302833,319165,313589,0,313589,3824
2021-08-14,San Francisco,75,870044,45501,44353,2031,46384,567
2021-08-14,San Joaquin,77,732212,82446,80585,4398,84983,1488
2021-08-14,San Luis Obispo,79,281455,23707,23328,935,24263,265
2021-08-14,San Mateo,81,765935,47740,46792,859,47651,548
2021-08-14,Santa Barbara,83,443738,37899,37118,1429,38547,475
2021-08-14,Santa Clara,85,1922200,130045,127432,988,128420,1772
2021-08-14,Santa Cruz,87,273765,17719,17384,950,18334,209
2021-08-14,Shasta,89,179085,14238,13813,2011,15824,211
2021-08-14,Sierra,91,2930,84,81,14,95,0
2021-08-14,Siskiyou,93,43540,2233,2160,569,2729,33
2021-08-14,Solano,95,438530,39019,37237,878,38115,263
2021-08-14,Sonoma,97,501317,35871,34606,436,35042,333
2021-08-14,Stanislaus,99,539301,63193,61564,7018,68582,1039
2021-08-14,Sutter,101,95872,11037,10808,122,10930,130
2021-08-14,Tehama,103,63373,5645,5530,717,6247,66
2021-08-14,Trinity,105,12862,439,399,100,499,3
2021-08-14,Tulare,107,460477,52672,51951,11049,63000,856
2021-08-14,Tuolumne,109,53932,5109,4924,44,4968,64
2021-08-14,Ventura,111,848112,87893,86569,3883,90452,1052
2021-08-14,Yolo,113,214977,16284,15815,705,16520,225
2021-08-14,Yuba,115,75493,7399,7223,149,7372,51
2021-08-13,Alameda,1,1643700,104240,100930,2437,103367,1284
2021-08-13,Alpine,3,1148,91,91,0,91,0
2021-08-13,Amador,5,37829,4321,4169,41,4210,49
2021-08-13,Butte,7,227075,14482,14100,2387,16487,206
2021-08-13,Calaveras,9,45235,2634,2564,19,2583,57
2021-08-13,Colusa,11,21464,2175,2123,427,2550,16
2021-08-13,Contra Costa,13,1133247,84338,81046,1713,82759,848
2021-08-13,Del Norte,15,27424,2213,1973,11,1984,8
2021-08-13,El Dorado,17,186661,12529,11951,1069,13020,118
2021-08-13,Fresno,19,978130,110970,108638,9940,118578,1753
2021-08-13,Glenn,21,27897,2612,2574,668,3242,20
2021-08-13,Humboldt,23,135768,6235,5882,113,5995,52
2021-08-13,Imperial,25,180216,29784,29654,3001,32655,745
2021-08-13,Inyo,27,18085,1489,1484,5,1489,39
2021-08-13,Kern,29,883053,103462,102029,13734,115763,1364
2021-08-13,Kings,31,150075,25032,24531,1409,25940,253
2021-08-13,Lake,33,64148,4967,4811,36,4847,68
2021-08-13,Lassen,35,31185,5531,5455,140,5595,21
2021-08-13,Los Angeles,37,10098052,1310592,1295406,50665,1346071,24891
2021-08-13,Madera,39,155013,18011,17614,1181,18795,246
2021-08-13,Marin,41,260295,15707,15380,326,15706,239
2021-08-13,Mariposa,43,17540,616,577,14,591,5
2021-08-13,Mendocino,45,87422,5185,4924,159,5083,49
2021-08-13,Merced,47,269075,33651,33111,1136,34247,480
2021-08-13,Modoc,49,8938,429,421,148,569,5
2021-08-13,Mono,51,14174,1349,1331,13,1344,3
2021-08-13,Monterey,53,433212,44712,44450,2335,46785,527
2021-08-13,Napa,55,140530,11112,10830,64,10894,83
2021-08-13,Nevada,57,99092,6685,6356,229,6585,74
2021-08-13,Orange,59,3164182,278320,274004,13077,287081,5159
2021-08-13,Placer,61,380077,28432,26987,2364,29351,306
2021-08-13,Plumas,63,18699,875,842,16,858,5
2021-08-13,Riverside,65,2383286,316889,312408,15733,328141,4581
2021-08-13,Sacramento,67,1510023,127426,122868,2589,125457,1758
2021-08-13,San Benito,69,59416,6500,6422,128,6550,64
2021-08-13,San Bernardino,71,2135413,315800,311378,9773,321151,5301
2021-08-13,San Diego,73,3302833,318118,312293,0,312293,3821
2021-08-13,San Francisco,75,870044,45366,44196,2006,46202,567
2021-08-13,San Joaquin,77,732212,82232,80232,4383,84615,1481
2021-08-13,San Luis Obispo,79,281455,23646,23226,932,24158,265
2021-08-13,San Mateo,81,765935,47632,46660,850,47510,548
2021-08-13,Santa Barbara,83,443738,37816,37023,1425,38448,474
2021-08-13,Santa Clara,85,1922200,129757,126958,983,127941,1769
2021-08-13,Santa Cruz,87,273765,17680,17332,943,18275,209
2021-08-13,Shasta,89,179085,14173,13698,1997,15695,211
2021-08-13,Sierra,91,2930,83,81,14,95,0
2021-08-13,Siskiyou,93,43540,2224,2147,565,2712,33
2021-08-13,Solano,95,438530,38888,37104,870,37974,264
2021-08-13,Sonoma,97,501317,35766,34464,436,34900,333
2021-08-13,Stanislaus,99,539301,63011,61294,6982,68276,1039
2021-08-13,Sutter,101,95872,10993,10751,121,10872,130
2021-08-13,Tehama,103,63373,5620,5496,715,6211,66
2021-08-13,Trinity,105,12862,436,392,100,492,3
2021-08-13,Tulare,107,460477,52568,51770,10973,62743,856
2021-08-13,Tuolumne,109,53932,5076,4899,44,4943,64
2021-08-13,Ventura,111,848112,87728,86368,3869,90237,1052
2021-08-13,Yolo,113,214977,16231,15761,695,16456,225
2021-08-13,Yuba,115,75493,7362,7184,149,7333,51
2021-08-12,Alameda,1,1643700,103737,100472,2424,102896,1284
2021-08-12,Alpine,3,1148,91,91,0,91,0
2021-08-12,Amador,5,37829,4291,4161,40,4201,49
2021-08-12,Butte,7,227075,14405,14006,2368,16374,206
2021-08-12,Calaveras,9,45235,2614,2531,19,2550,57
2021-08-12,Colusa,11,21464,2170,2111,426,2537,17
2021-08-12,Contra Costa,13,1133247,83857,80738,1704,82442,846
2021-08-12,Del Norte,15,27424,2141,1923,11,1934,8
2021-08-12,El Dorado,17,186661,12416,11880,1061,12941,118
2021-08-12,Fresno,19,978130,110552,108193,9886,118079,1753
2021-08-12,Glenn,21,27897,2604,2559,661,3220,20
2021-08-12,Humboldt,23,135768,6166,5845,109,5954,52
2021-08-12,Imperial,25,180216,29727,29585,2995,32580,745
2021-08-12,Inyo,27,18085,1487,1483,5,1488,39
2021-08-12,Kern,29,883053,103179,101698,13650,115348,1364
2021-08-12,Kings,31,150075,24933,24423,1399,25822,252
2021-08-12,Lake,33,64148,4942,4774,35,4809,68
2021-08-12,Lassen,35,31185,5510,5428,139,5567,21
2021-08-12,Los Angeles,37,10098052,1307419,1291875,50527,1342402,24874
2021-08-12,Madera,39,155013,17947,17564,1173,18737,246
2021-08-12,Marin,41,260295,15658,15277,322,15599,239
2021-08-12,Mariposa,43,17540,607,568,13,581,5
2021-08-12,Mendocino,45,87422,5155,4873,153,5026,49
2021-08-12,Merced,47,269075,33527,32960,1131,34091,480
2021-08-12,Modoc,49,8938,428,423,148,571,5
2021-08-12,Mono,51,14174,1345,1325,13,1338,3
2021-08-12,Monterey,53,433212,44647,44383,2307,46690,527
2021-08-12,Napa,55,140530,11063,10780,63,10843,83
2021-08-12,Nevada,57,99092,6624,6283,229,6512,74
2021-08-12,Orange,59,3164182,277645,273167,13023,286190,5158
2021-08-12,Placer,61,380077,28228,26856,2340,29196,306
2021-08-12,Plumas,63,18699,867,829,16,845,5
2021-08-12,Riverside,65,2383286,315881,311304,15699,327003,4575
2021-08-12,Sacramento,67,1510023,126661,122222,2557,124779,1758
2021-08-12,San Benito,69,59416,6484,6398,125,6523,64
2021-08-12,San Bernardino,71,2135413,314932,310420,9742,320162,5297
2021-08-12,San Diego,73,3302833,316743,310596,0,310596,3821
2021-08-12,San Francisco,75,870044,45162,43774,1989,45763,564
2021-08-12,San Joaquin,77,732212,81840,79945,4359,84304,1479
2021-08-12,San Luis Obispo,79,281455,23548,23101,919,24020,264
2021-08-12,San Mateo,81,765935,47499,46435,834,47269,548
2021-08-12,Santa Barbara,83,443738,37682,36881,1414,38295,473
2021-08-12,Santa Clara,85,1922200,129307,126614,977,127591,1769
2021-08-12,Santa Cruz,87,273765,17617,17261,941,18202,209
2021-08-12,Shasta,89,179085,14086,13621,1971,15592,211
2021-08-12,Sierra,91,2930,83,81,14,95,0
2021-08-12,Siskiyou,93,43540,2217,2134,555,2689,33
2021-08-12,Solano,95,438530,38663,36980,862,37842,262
2021-08-12,Sonoma,97,501317,35618,34299,433,34732,333
2021-08-12,Stanislaus,99,539301,62735,61026,6934,67960,1039
2021-08-12,Sutter,101,95872,10932,10695,119,10814,130
2021-08-12,Tehama,103,63373,5592,5462,705,6167,66
2021-08-12,Trinity,105,12862,432,386,99,485,3
2021-08-12,Tulare,107,460477,52423,51632,10921,62553,856
2021-08-12,Tuolumne,109,53932,5029,4845,42,4887,64
2021-08-12,Ventura,111,848112,87492,86106,3845,89951,1052
2021-08-12,Yolo,113,214977,16161,15686,682,16368,224
2021-08-12,Yuba,115,75493,7312,7128,148,7276,51
2021-08-11,Alameda,1,1643700,103202,100040,2419,102459,1281
2021-08-11,Alpine,3,1148,91,91,0,91,0
2021-08-11,Amador,5,37829,4267,4127,39,4166,49
2021-08-11,Butte,7,227075,14298,13905,2343,16248,206
2021-08-11,Calaveras,9,45235,2590,2505,19,2524,57
2021-08-11,Colusa,11,21464,2160,2101,424,2525,16
2021-08-11,Contra Costa,13,1133247,83359,80275,1690,81965,843
2021-08-11,Del Norte,15,27424,2083,1893,11,1904,8
2021-08-11,El Dorado,17,186661,12303,11799,1050,12849,119
2021-08-11,Fresno,19,978130,110095,107773,9850,117623,1751
2021-08-11,Glenn,21,27897,2596,2547,654,3201,20
2021-08-11,Humboldt,23,135768,6119,5765,108,5873,52
2021-08-11,Imperial,25,180216,29684,29565,2991,32556,745
2021-08-11,Inyo,27,18085,1487,1483,5,1488,39
2021-08-11,Kern,29,883053,102868,101448,13536,114984,1363
2021-08-11,Kings,31,150075,24820,24304,1390,25694,250
2021-08-11,Lake,33,64148,4905,4713,34,4747,68
2021-08-11,Lassen,35,31185,5501,5408,137,5545,21
2021-08-11,Los Angeles,37,10098052,1304127,1288238,50334,1338572,24851
2021-08-11,Madera,39,155013,17897,17511,1163,18674,245
2021-08-11,Marin,41,260295,15609,15235,322,15557,239
2021-08-11,Mariposa,43,17540,597,554,12,566,5
2021-08-11,Mendocino,45,87422,5086,4796,145,4941,49
2021-08-11,Merced,47,269075,33394,32802,1126,33928,479
2021-08-11,Modoc,49,8938,428,421,148,569,5
2021-08-11,Mono,51,14174,1341,1320,13,1333,3
2021-08-11,Monterey,53,433212,44557,44314,2280,46594,527
2021-08-11,Napa,55,140530,11022,10732,63,10795,83
2021-08-11,Nevada,57,99092,6570,6172,226,6398,74
2021-08-11,Orange,59,3164182,276801,272212,12986,285198,5155
2021-08-11,Placer,61,380077,28016,26687,2314,29001,305
2021-08-11,Plumas,63,18699,860,824,16,840,5
2021-08-11,Riverside,65,2383286,314896,310265,15655,325920,4570
2021-08-11,Sacramento,67,1510023,125860,121603,2515,124118,1757
2021-08-11,San Benito,69,59416,6471,6381,125,6506,64
2021-08-11,San Bernardino,71,2135413,314040,309498,9721,319219,5296
2021-08-11,San Diego,73,3302833,315267,309406,0,309406,3818
2021-08-11,San Francisco,75,870044,44942,43555,1979,45534,564
2021-08-11,San Joaquin,77,732212,81438,79641,4335,83976,1478
2021-08-11,San Luis Obispo,79,281455,23445,22920,913,23833,264
2021-08-11,San Mateo,81,765935,47346,46300,820,47120,548
2021-08-11,Santa Barbara,83,443738,37522,36699,1404,38103,472
2021-08-11,Santa Clara,85,1922200,128828,126301,968,127269,1769
2021-08-11,Santa Cruz,87,273765,17551,17191,938,18129,209
2021-08-11,Shasta,89,179085,14013,13546,1954,15500,211
2021-08-11,Sierra,91,2930,82,81,14,95,0
2021-08-11,Siskiyou,93,43540,2203,2124,548,2672,33
2021-08-11,Solano,95,438530,38436,36862,848,37710,262
2021-08-11,Sonoma,97,501317,35443,34188,428,34616,333
2021-08-11,Stanislaus,99,539301,62393,60767,6904,67671,1037
2021-08-11,Sutter,101,95872,10861,10628,119,10747,130
2021-08-11,Tehama,103,63373,5563,5410,688,6098,66
2021-08-11,Trinity,105,12862,430,385,99,484,3
2021-08-11,Tulare,107,460477,52257,51464,10871,62335,854
2021-08-11,Tuolumne,109,53932,4997,4794,42,4836,64
2021-08-11,Ventura,111,848112,87238,85863,3823,89686,1051
2021-08-11,Yolo,113,214977,16088,15593,668,16261,218
2021-08-11,Yuba,115,75493,7253,7063,147,7210,53
2021-08-10,Alameda,1,1643700,102721,99771,2411,102182,1281
2021-08-10,Alpine,3,1148,91,91,0,91,0
2021-08-10,Amador,5,37829,4251,4093,39,4132,49
2021-08-10,Butte,7,227075,14214,13853,2321,16174,205
2021-08-10,Calaveras,9,45235,2568,2491,17,2508,57
2021-08-10,Colusa,11,21464,2147,2088,416,2504,16
2021-08-10,Contra Costa,13,1133247,82821,80018,1680,81698,840
2021-08-10,Del Norte,15,27424,2040,1870,11,1881,8
2021-08-10,El Dorado,17,186661,12204,11734,1040,12774,117
2021-08-10,Fresno,19,978130,109645,107616,9813,117429,1747
2021-08-10,Glenn,21,27897,2583,2538,647,3185,20
2021-08-10,Humboldt,23,135768,6065,5718,105,5823,52
2021-08-10,Imperial,25,180216,29648,29522,2985,32507,745
2021-08-10,Inyo,27,18085,1487,1482,5,1487,39
2021-08-10,Kern,29,883053,102545,101254,13433,114687,1359
2021-08-10,Kings,31,150075,24692,24252,1374,25626,251
2021-08-10,Lake,33,64148,4865,4700,33,4733,67
2021-08-10,Lassen,35,31185,5483,5401,137,5538,21
2021-08-10,Los Angeles,37,10098052,1300414,1285140,50163,1335303,24821
2021-08-10,Madera,39,155013,17824,17481,1156,18637,245
2021-08-10,Marin,41,260295,15562,15194,322,15516,239
2021-08-10,Mariposa,43,17540,584,550,12,562,5
2021-08-10,Mendocino,45,87422,5041,4775,142,4917,49
2021-08-10,Merced,47,269075,33247,32721,1118,33839,477
2021-08-10,Modoc,49,8938,427,421,148,569,5
2021-08-10,Mono,51,14174,1336,1320,13,1333,3
2021-08-10,Monterey,53,433212,44507,44259,2254,46513,527
2021-08-10,Napa,55,140530,10966,10703,62,10765,83
2021-08-10,Nevada,57,99092,6504,6151,225,6376,73
2021-08-10,Orange,59,3164182,275938,271688,12945,284633,5155
2021-08-10,Placer,61,380077,27794,26561,2270,28831,305
2021-08-10,Plumas,63,18699,851,816,16,832,5
2021-08-10,Riverside,65,2383286,313783,309529,15629,325158,4564
2021-08-10,Sacramento,67,1510023,125011,121159,2486,123645,1755
2021-08-10,San Benito,69,59416,6457,6371,125,6496,64
2021-08-10,San Bernardino,71,2135413,313118,308672,9704,318376,5295
2021-08-10,San Diego,73,3302833,313612,308288,0,308288,3815
2021-08-10,San Francisco,75,870044,44700,43389,1950,45339,564
2021-08-10,San Joaquin,77,732212,81046,79391,4319,83710,1478
2021-08-10,San Luis Obispo,79,281455,23319,22776,911,23687,264
2021-08-10,San Mateo,81,765935,47184,46184,802,46986,548
2021-08-10,Santa Barbara,83,443738,37358,36574,1397,37971,472
2021-08-10,Santa Clara,85,1922200,128366,126019,959,126978,1770
2021-08-10,Santa Cruz,87,273765,17468,17142,936,18078,209
2021-08-10,Shasta,89,179085,13936,13461,1929,15390,211
2021-08-10,Sierra,91,2930,82,76,14,90,0
2021-08-10,Siskiyou,93,43540,2195,2088,540,2628,33
2021-08-10,Solano,95,438530,38200,36767,839,37606,262
2021-08-10,Sonoma,97,501317,35298,34054,425,34479,333
2021-08-10,Stanislaus,99,539301,62046,60605,6867,67472,1037
2021-08-10,Sutter,101,95872,10796,10569,119,10688,130
2021-08-10,Tehama,103,63373,5534,5392,683,6075,66
2021-08-10,Trinity,105,12862,430,384,99,483,3
2021-08-10,Tulare,107,460477,52095,51390,10819,62209,854
2021-08-10,Tuolumne,109,53932,4969,4780,41,4821,64
2021-08-10,Ventura,111,848112,86952,85714,3802,89516,1051
2021-08-10,Yolo,113,214977,16003,15568,656,16224,218
2021-08-10,Yuba,115,75493,7203,7028,147,7175,50
2021-08-09,Alameda,1,1643700,102176,99496,2407,101903,1276
2021-08-09,Alpine,3,1148,91,91,0,91,0
2021-08-09,Amador,5,37829,4225,4078,39,4117,48
2021-08-09,Butte,7,227075,14119,13813,2289,16102,205
2021-08-09,Calaveras,9,45235,2539,2472,17,2489,57
2021-08-09,Colusa,11,21464,2137,2075,408,2483,16
2021-08-09,Contra Costa,13,1133247,82277,79740,1669,81409,840
2021-08-09,Del Norte,15,27424,1972,1848,11,1859,8
2021-08-09,El Dorado,17,186661,12098,11672,1026,12698,117
2021-08-09,Fresno,19,978130,109155,107310,9787,117097,1747
2021-08-09,Glenn,21,27897,2572,2532,637,3169,20
2021-08-09,Humboldt,23,135768,5975,5632,103,5735,52
2021-08-09,Imperial,25,180216,29604,29512,2981,32493,745
2021-08-09,Inyo,27,18085,1487,1481,5,1486,39
2021-08-09,Kern,29,883053,102236,101069,13344,114413,1359
2021-08-09,Kings,31,150075,24586,24155,1357,25512,250
2021-08-09,Lake,33,64148,4830,4670,31,4701,66
2021-08-09,Lassen,35,31185,5461,5393,136,5529,21
2021-08-09,Los Angeles,37,10098052,1296426,1282891,49966,1332857,24798
2021-08-09,Madera,39,155013,17765,17429,1138,18567,245
2021-08-09,Marin,41,260295,15509,15154,321,15475,239
2021-08-09,Mariposa,43,17540,570,545,12,557,5
2021-08-09,Mendocino,45,87422,4990,4732,134,4866,49
2021-08-09,Merced,47,269075,33101,32666,1114,33780,477
2021-08-09,Modoc,49,8938,427,419,148,567,5
2021-08-09,Mono,51,14174,1333,1337,13,1350,3
2021-08-09,Monterey,53,433212,44443,44190,2229,46419,527
2021-08-09,Napa,55,140530,10919,10679,62,10741,83
2021-08-09,Nevada,57,99092,6433,6088,224,6312,73
2021-08-09,Orange,59,3164182,274917,271036,12914,283950,5153
2021-08-09,Placer,61,380077,27575,26457,2237,28694,305
2021-08-09,Plumas,63,18699,835,803,16,819,5
2021-08-09,Riverside,65,2383286,312707,308678,15609,324287,4562
2021-08-09,Sacramento,67,1510023,124190,120812,2462,123274,1748
2021-08-09,San Benito,69,59416,6437,6359,123,6482,63
2021-08-09,San Bernardino,71,2135413,312137,308038,9681,317719,5295
2021-08-09,San Diego,73,3302833,311944,306855,0,306855,3811
2021-08-09,San Francisco,75,870044,44460,43261,1930,45191,564
2021-08-09,San Joaquin,77,732212,80665,79198,4302,83500,1469
2021-08-09,San Luis Obispo,79,281455,23182,22695,902,23597,264
2021-08-09,San Mateo,81,765935,47029,46040,782,46822,548
2021-08-09,Santa Barbara,83,443738,37175,36474,1390,37864,470
2021-08-09,Santa Clara,85,1922200,127862,125791,948,126739,2187
2021-08-09,Santa Cruz,87,273765,17407,17082,936,18018,209
2021-08-09,Shasta,89,179085,13819,13397,1918,15315,210
2021-08-09,Sierra,91,2930,81,75,14,89,0
2021-08-09,Siskiyou,93,43540,2184,2047,522,2569,32
2021-08-09,Solano,95,438530,37935,36653,836,37489,262
2021-08-09,Sonoma,97,501317,35118,33933,423,34356,333
2021-08-09,Stanislaus,99,539301,61767,60410,6825,67235,1037
2021-08-09,Sutter,101,95872,10748,10525,116,10641,129
2021-08-09,Tehama,103,63373,5491,5373,681,6054,66
2021-08-09,Trinity,105,12862,429,378,98,476,3
2021-08-09,Tulare,107,460477,51938,51274,10753,62027,854
2021-08-09,Tuolumne,109,53932,4927,4745,41,4786,64
2021-08-09,Ventura,111,848112,86678,85514,3791,89305,1047
2021-08-09,Yolo,113,214977,15925,15521,635,16156,218
2021-08-09,Yuba,115,75493,7146,6994,147,7141,50
2021-08-08,Alameda,1,1643700,101621,99135,2399,101534,1276
2021-08-08,Alpine,3,1148,91,91,0,91,0
2021-08-08,Amador,5,37829,4191,4057,38,4095,48
2021-08-08,Butte,7,227075,14033,13791,2270,16061,205
2021-08-08,Calaveras,9,45235,2506,2462,17,2479,57
2021-08-08,Colusa,11,21464,2120,2070,401,2471,16
2021-08-08,Contra Costa,13,1133247,81753,79454,1662,81116,840
2021-08-08,Del Norte,15,27424,1926,1810,11,1821,8
2021-08-08,El Dorado,17,186661,11982,11631,1015,12646,117
2021-08-08,Fresno,19,978130,108718,107078,9764,116842,1747
2021-08-08,Glenn,21,27897,2562,2527,632,3159,20
2021-08-08,Humboldt,23,135768,5884,5571,103,5674,52
2021-08-08,Imperial,25,180216,29580,29485,2971,32456,745
2021-08-08,Inyo,27,18085,1487,1481,5,1486,39
2021-08-08,Kern,29,883053,101918,100909,13228,114137,1359
2021-08-08,Kings,31,150075,24473,24095,1348,25443,250
2021-08-08,Lake,33,64148,4781,4636,30,4666,66
2021-08-08,Lassen,35,31185,5446,5391,135,5526,21
2021-08-08,Los Angeles,37,10098052,1292200,1279982,49778,1329760,24793
2021-08-08,Madera,39,155013,17689,17398,1122,18520,245
2021-08-08,Marin,41,260295,15460,15124,319,15443,239
2021-08-08,Mariposa,43,17540,566,538,12,550,5
2021-08-08,Mendocino,45,87422,4928,4702,120,4822,49
2021-08-08,Merced,47,269075,32955,32634,1103,33737,477
2021-08-08,Modoc,49,8938,426,419,147,566,5
2021-08-08,Mono,51,14174,1329,1336,13,1349,3
2021-08-08,Monterey,53,433212,44382,44171,2208,46379,527
2021-08-08,Napa,55,140530,10883,10668,61,10729,83
2021-08-08,Nevada,57,99092,6347,6009,221,6230,73
2021-08-08,Orange,59,3164182,274016,270532,12876,283408,5153
2021-08-08,Placer,61,380077,27368,26332,2195,28527,305
2021-08-08,Plumas,63,18699,826,803,16,819,5
2021-08-08,Riverside,65,2383286,311588,308042,15583,323625,4562
2021-08-08,Sacramento,67,1510023,123367,120109,2450,122559,1744
2021-08-08,San Benito,69,59416,6420,6350,122,6472,63
2021-08-08,San Bernardino,71,2135413,310993,307378,9649,317027,5295
2021-08-08,San Diego,73,3302833,310596,305983,0,305983,3811
2021-08-08,San Francisco,75,870044,44206,43098,1904,45002,564
2021-08-08,San Joaquin,77,732212,80217,79002,4286,83288,1469
2021-08-08,San Luis Obispo,79,281455,23008,22668,894,23562,263
2021-08-08,San Mateo,81,765935,46852,45927,767,46694,548
2021-08-08,Santa Barbara,83,443738,36999,36417,1383,37800,470
2021-08-08,Santa Clara,85,1922200,127412,125553,942,126495,2187
2021-08-08,Santa Cruz,87,273765,17333,17035,930,17965,209
2021-08-08,Shasta,89,179085,13734,13381,1909,15290,210
2021-08-08,Sierra,91,2930,81,74,14,88,0
2021-08-08,Siskiyou,93,43540,2168,2041,517,2558,32
2021-08-08,Solano,95,438530,37705,36551,834,37385,262
2021-08-08,Sonoma,97,501317,34872,33805,422,34227,333
2021-08-08,Stanislaus,99,539301,61426,60269,6782,67051,1037
2021-08-08,Sutter,101,95872,10688,10481,115,10596,129
2021-08-08,Tehama,103,63373,5453,5359,678,6037,66
2021-08-08,Trinity,105,12862,424,378,98,476,3
2021-08-08,Tulare,107,460477,51757,51220,10693,61913,854
2021-08-08,Tuolumne,109,53932,4888,4731,41,4772,64
2021-08-08,Ventura,111,848112,86387,85382,3781,89163,1047
2021-08-08,Yolo,113,214977,15834,15477,628,16105,218
2021-08-08,Yuba,115,75493,7107,6967,147,7114,50
2021-08-07,Alameda,1,1643700,101377,98812,2394,101206,1276
2021-08-07,Alpine,3,1148,91,91,0,91,0
2021-08-07,Amador,5,37829,4174,4041,37,4078,48
2021-08-07,Butte,7,227075,13982,13714,2258,15972,205
2021-08-07,Calaveras,9,45235,2496,2446,17,2463,57
2021-08-07,Colusa,11,21464,2115,2067,393,2460,16
2021-08-07,Contra Costa,13,1133247,81458,79168,1658,80826,840
2021-08-07,Del Norte,15,27424,1894,1791,11,1802,8
2021-08-07,El Dorado,17,186661,11932,11575,1005,12580,117
2021-08-07,Fresno,19,978130,108519,106861,9741,116602,1747
2021-08-07,Glenn,21,27897,2556,2515,630,3145,20
2021-08-07,Humboldt,23,135768,5833,5510,100,5610,52
2021-08-07,Imperial,25,180216,29561,29470,2971,32441,745
2021-08-07,Inyo,27,18085,1485,1476,5,1481,39
2021-08-07,Kern,29,883053,101762,100693,13172,113865,1359
2021-08-07,Kings,31,150075,24415,24048,1342,25390,250
2021-08-07,Lake,33,64148,4760,4613,30,4643,66
2021-08-07,Lassen,35,31185,5442,5386,135,5521,21
2021-08-07,Los Angeles,37,10098052,1290207,1276853,49620,1326473,24786
2021-08-07,Madera,39,155013,17658,17366,1116,18482,245
2021-08-07,Marin,41,260295,15427,15085,317,15402,239
2021-08-07,Mariposa,43,17540,563,530,12,542,5
2021-08-07,Mendocino,45,87422,4891,4690,118,4808,49
2021-08-07,Merced,47,269075,32891,32569,1101,33670,477
2021-08-07,Modoc,49,8938,426,419,147,566,5
2021-08-07,Mono,51,14174,1327,1329,13,1342,3
2021-08-07,Monterey,53,433212,44334,44124,2199,46323,527
2021-08-07,Napa,55,140530,10862,10658,60,10718,83
2021-08-07,Nevada,57,99092,6297,5967,219,6186,73
2021-08-07,Orange,59,3164182,273434,269900,12855,282755,5153
2021-08-07,Placer,61,380077,27188,26244,2186,28430,305
2021-08-07,Plumas,63,18699,822,801,16,817,5
2021-08-07,Riverside,65,2383286,310916,307326,15574,322900,4562
2021-08-07,Sacramento,67,1510023,122876,119636,2445,122081,1744
2021-08-07,San Benito,69,59416,6410,6332,122,6454,63
2021-08-07,San Bernardino,71,2135413,310405,306663,9631,316294,5295
2021-08-07,San Diego,73,3302833,309845,304974,0,304974,3811
2021-08-07,San Francisco,75,870044,44046,42926,1877,44803,564
2021-08-07,San Joaquin,77,732212,80053,78769,4272,83041,1469
2021-08-07,San Luis Obispo,79,281455,22942,22579,893,23472,263
2021-08-07,San Mateo,81,765935,46736,45804,756,46560,548
2021-08-07,Santa Barbara,83,443738,36903,36303,1376,37679,470
2021-08-07,Santa Clara,85,1922200,127142,125196,936,126132,2188
2021-08-07,Santa Cruz,87,273765,17291,16994,928,17922,209
2021-08-07,Shasta,89,179085,13679,13361,1901,15262,210
2021-08-07,Sierra,91,2930,81,74,14,88,0
2021-08-07,Siskiyou,93,43540,2156,2039,515,2554,32
2021-08-07,Solano,95,438530,37589,36458,826,37284,262
2021-08-07,Sonoma,97,501317,34749,33716,422,34138,333
2021-08-07,Stanislaus,99,539301,61240,60093,6758,66851,1037
2021-08-07,Sutter,101,95872,10651,10447,115,10562,129
2021-08-07,Tehama,103,63373,5443,5343,673,6016,66
2021-08-07,Trinity,105,12862,420,377,97,474,3
2021-08-07,Tulare,107,460477,51671,51133,10655,61788,854
2021-08-07,Tuolumne,109,53932,4858,4721,41,4762,64
2021-08-07,Ventura,111,848112,86210,85232,3765,88997,1047
2021-08-07,Yolo,113,214977,15793,15423,620,16043,218
2021-08-07,Yuba,115,75493,7083,6937,145,7082,50
2021-08-06,Alameda,1,1643700,101045,98487,2387,100874,1275
2021-08-06,Alpine,3,1148,91,91,0,91,0
2021-08-06,Amador,5,37829,4153,4002,37,4039,48
2021-08-06,Butte,7,227075,13935,13626,2246,15872,205
2021-08-06,Calaveras,9,45235,2486,2419,17,2436,57
2021-08-06,Colusa,11,21464,2109,2045,387,2432,16
2021-08-06,Contra Costa,13,1133247,81164,78796,1652,80448,840
2021-08-06,Del Norte,15,27424,1869,1755,11,1766,8
2021-08-06,El Dorado,17,186661,11884,11498,993,12491,117
2021-08-06,Fresno,19,978130,108259,106542,9719,116261,1747
2021-08-06,Glenn,21,27897,2541,2504,628,3132,20
2021-08-06,Humboldt,23,135768,5782,5421,97,5518,52
2021-08-06,Imperial,25,180216,29550,29404,2967,32371,745
2021-08-06,Inyo,27,18085,1482,1471,5,1476,39
2021-08-06,Kern,29,883053,101585,100427,13086,113513,1359
2021-08-06,Kings,31,150075,24358,23974,1338,25312,250
2021-08-06,Lake,33,64148,4737,4557,30,4587,66
2021-08-06,Lassen,35,31185,5422,5368,133,5501,21
2021-08-06,Los Angeles,37,10098052,1287730,1273081,49469,1322550,24772
2021-08-06,Madera,39,155013,17619,17324,1109,18433,245
2021-08-06,Marin,41,260295,15395,15051,317,15368,239
2021-08-06,Mariposa,43,17540,554,511,12,523,5
2021-08-06,Mendocino,45,87422,4850,4649,117,4766,49
2021-08-06,Merced,47,269075,32831,32456,1098,33554,477
2021-08-06,Modoc,49,8938,426,419,147,566,5
2021-08-06,Mono,51,14174,1325,1328,13,1341,3
2021-08-06,Monterey,53,433212,44276,44058,2175,46233,527
2021-08-06,Napa,55,140530,10835,10620,60,10680,83
2021-08-06,Nevada,57,99092,6241,5874,219,6093,73
2021-08-06,Orange,59,3164182,272874,269077,12839,281916,5151
2021-08-06,Placer,61,380077,27062,26086,2163,28249,305
2021-08-06,Plumas,63,18699,813,795,16,811,5
2021-08-06,Riverside,65,2383286,310204,306304,15563,321867,4562
2021-08-06,Sacramento,67,1510023,122402,119169,2425,121594,1740
2021-08-06,San Benito,69,59416,6393,6315,122,6437,63
2021-08-06,San Bernardino,71,2135413,309704,305806,9623,315429,5286
2021-08-06,San Diego,73,3302833,308814,303691,0,303691,3810
2021-08-06,San Francisco,75,870044,43894,42659,1854,44513,565
2021-08-06,San Joaquin,77,732212,79906,78405,4260,82665,1469
2021-08-06,San Luis Obispo,79,281455,22876,22472,888,23360,263
2021-08-06,San Mateo,81,765935,46604,45665,741,46406,548
2021-08-06,Santa Barbara,83,443738,36814,36208,1371,37579,470
2021-08-06,Santa Clara,85,1922200,126853,124767,931,125698,2185
2021-08-06,Santa Cruz,87,273765,17249,16924,924,17848,207
2021-08-06,Shasta,89,179085,13613,13284,1895,15179,210
2021-08-06,Sierra,91,2930,81,73,14,87,0
2021-08-06,Siskiyou,93,43540,2146,2030,511,2541,32
2021-08-06,Solano,95,438530,37480,36351,818,37169,262
2021-08-06,Sonoma,97,501317,34662,33594,421,34015,333
2021-08-06,Stanislaus,99,539301,61088,59854,6739,66593,1037
2021-08-06,Sutter,101,95872,10608,10391,115,10506,128
2021-08-06,Tehama,103,63373,5420,5325,672,5997,66
2021-08-06,Trinity,105,12862,419,371,96,467,3
2021-08-06,Tulare,107,460477,51573,51018,10606,61624,854
2021-08-06,Tuolumne,109,53932,4831,4674,41,4715,64
2021-08-06,Ventura,111,848112,86043,85046,3753,88799,1047
2021-08-06,Yolo,113,214977,15741,15299,613,15912,218
2021-08-06,Yuba,115,75493,7060,6904,145,7049,50
2021-08-05,Alameda,1,1643700,100541,98052,2383,100435,1275
2021-08-05,Alpine,3,1148,91,91,0,91,0
2021-08-05,Amador,5,37829,4133,3992,37,4029,48
2021-08-05,Butte,7,227075,13881,13564,2224,15788,206
2021-08-05,Calaveras,9,45235,2468,2397,17,2414,57
2021-08-05,Colusa,11,21464,2097,2036,383,2419,16
2021-08-05,Contra Costa,13,1133247,80737,78514,1644,80158,840
2021-08-05,Del Norte,15,27424,1842,1731,11,1742,8
2021-08-05,El Dorado,17,186661,11799,11408,982,12390,117
2021-08-05,Fresno,19,978130,107890,106219,9683,115902,1747
2021-08-05,Glenn,21,27897,2536,2494,625,3119,20
2021-08-05,Humboldt,23,135768,5708,5328,96,5424,52
2021-08-05,Imperial,25,180216,29519,29383,2963,32346,745
2021-08-05,Inyo,27,18085,1478,1468,5,1473,38
2021-08-05,Kern,29,883053,101364,100091,13002,113093,1358
2021-08-05,Kings,31,150075,24273,23906,1333,25239,249
2021-08-05,Lake,33,64148,4698,4490,28,4518,66
2021-08-05,Lassen,35,31185,5414,5344,133,5477,21
2021-08-05,Los Angeles,37,10098052,1284528,1269445,49339,1318784,24756
2021-08-05,Madera,39,155013,17579,17301,1102,18403,245
2021-08-05,Marin,41,260295,15352,15005,313,15318,239
2021-08-05,Mariposa,43,17540,543,504,11,515,5
2021-08-05,Mendocino,45,87422,4808,4597,107,4704,49
2021-08-05,Merced,47,269075,32764,32381,1087,33468,477
2021-08-05,Modoc,49,8938,425,418,147,565,5
2021-08-05,Mono,51,14174,1315,1309,13,1322,3
2021-08-05,Monterey,53,433212,44224,43992,2153,46145,527
2021-08-05,Napa,55,140530,10799,10591,58,10649,83
2021-08-05,Nevada,57,99092,6160,5778,216,5994,73
2021-08-05,Orange,59,3164182,272105,268329,12818,281147,5149
2021-08-05,Placer,61,380077,26866,25965,2133,28098,305
2021-08-05,Plumas,63,18699,807,787,15,802,5
2021-08-05,Riverside,65,2383286,309285,305415,15535,320950,4562
2021-08-05,Sacramento,67,1510023,121690,118590,2414,121004,1739
2021-08-05,San Benito,69,59416,6375,6305,122,6427,63
2021-08-05,San Bernardino,71,2135413,308872,304956,9602,314558,5284
2021-08-05,San Diego,73,3302833,307537,302220,0,302220,3806
2021-08-05,San Francisco,75,870044,43688,42301,1841,44142,564
2021-08-05,San Joaquin,77,732212,79546,78151,4244,82395,1468
2021-08-05,San Luis Obispo,79,281455,22763,22362,883,23245,263
2021-08-05,San Mateo,81,765935,46443,45554,728,46282,548
2021-08-05,Santa Barbara,83,443738,36709,36112,1368,37480,470
2021-08-05,Santa Clara,85,1922200,126522,124490,931,125421,2185
2021-08-05,Santa Cruz,87,273765,17206,16867,921,17788,207
2021-08-05,Shasta,89,179085,13556,13217,1886,15103,210
2021-08-05,Sierra,91,2930,76,73,14,87,0
2021-08-05,Siskiyou,93,43540,2126,2024,500,2524,32
2021-08-05,Solano,95,438530,37306,36250,811,37061,262
2021-08-05,Sonoma,97,501317,34526,33455,420,33875,330
2021-08-05,Stanislaus,99,539301,60842,59692,6700,66392,1037
2021-08-05,Sutter,101,95872,10553,10349,115,10464,127
2021-08-05,Tehama,103,63373,5402,5305,668,5973,66
2021-08-05,Trinity,105,12862,413,367,96,463,3
2021-08-05,Tulare,107,460477,51458,50889,10546,61435,854
2021-08-05,Tuolumne,109,53932,4801,4619,41,4660,64
2021-08-05,Ventura,111,848112,85794,84837,3740,88577,1047
2021-08-05,Yolo,113,214977,15680,15250,602,15852,218
2021-08-05,Yuba,115,75493,7017,6872,143,7015,50
2021-08-04,Alameda,1,1643700,100037,97477,2371,99848,1274
2021-08-04,Alpine,3,1148,91,91,0,91,0
2021-08-04,Amador,5,37829,4103,3962,36,3998,48
2021-08-04,Butte,7,227075,13816,13509,2206,15715,205
2021-08-04,Calaveras,9,45235,2445,2374,17,2391,57
2021-08-04,Colusa,11,21464,2085,2025,377,2402,16
2021-08-04,Contra Costa,13,1133247,80221,77966,1638,79604,840
2021-08-04,Del Norte,15,27424,1819,1701,11,1712,8
2021-08-04,El Dorado,17,186661,11721,11319,971,12290,117
2021-08-04,Fresno,19,978130,107526,105899,9646,115545,1747
2021-08-04,Glenn,21,27897,2529,2487,624,3111,20
2021-08-04,Humboldt,23,135768,5632,5271,95,5366,52
2021-08-04,Imperial,25,180216,29471,29375,2961,32336,745
2021-08-04,Inyo,27,18085,1477,1465,5,1470,38
2021-08-04,Kern,29,883053,101114,99868,12917,112785,1358
2021-08-04,Kings,31,150075,24204,23840,1325,25165,250
2021-08-04,Lake,33,64148,4667,4423,22,4445,65
2021-08-04,Lassen,35,31185,5405,5340,133,5473,21
2021-08-04,Los Angeles,37,10098052,1281064,1265788,49175,1314963,24737
2021-08-04,Madera,39,155013,17544,17251,1095,18346,245
2021-08-04,Marin,41,260295,15305,14950,312,15262,239
2021-08-04,Mariposa,43,17540,528,497,11,508,5
2021-08-04,Mendocino,45,87422,4784,4560,103,4663,49
2021-08-04,Merced,47,269075,32626,32274,1084,33358,476
2021-08-04,Modoc,49,8938,425,416,147,563,5
2021-08-04,Mono,51,14174,1312,1307,13,1320,3
2021-08-04,Monterey,53,433212,44165,43926,2136,46062,526
2021-08-04,Napa,55,140530,10761,10544,58,10602,82
2021-08-04,Nevada,57,99092,6095,5702,215,5917,73
2021-08-04,Orange,59,3164182,271243,267199,12793,279992,5146
2021-08-04,Placer,61,380077,26655,25688,2112,27800,305
2021-08-04,Plumas,63,18699,800,784,15,799,5
2021-08-04,Riverside,65,2383286,308360,304272,15508,319780,4562
2021-08-04,Sacramento,67,1510023,120946,117882,2385,120267,1736
2021-08-04,San Benito,69,59416,6360,6300,122,6422,63
2021-08-04,San Bernardino,71,2135413,308022,304164,9583,313747,5285
2021-08-04,San Diego,73,3302833,306017,301100,0,301100,3805
2021-08-04,San Francisco,75,870044,43439,41913,1824,43737,562
2021-08-04,San Joaquin,77,732212,79193,77846,4232,82078,1466
2021-08-04,San Luis Obispo,79,281455,22656,22245,877,23122,262
2021-08-04,San Mateo,81,765935,46275,45392,719,46111,548
2021-08-04,Santa Barbara,83,443738,36582,36013,1359,37372,470
2021-08-04,Santa Clara,85,1922200,126130,124127,924,125051,2183
2021-08-04,Santa Cruz,87,273765,17144,16820,914,17734,208
2021-08-04,Shasta,89,179085,13504,13134,1875,15009,211
2021-08-04,Sierra,91,2930,76,73,14,87,0
2021-08-04,Siskiyou,93,43540,2106,2010,495,2505,32
2021-08-04,Solano,95,438530,37110,36025,802,36827,262
2021-08-04,Sonoma,97,501317,34355,33311,418,33729,330
2021-08-04,Stanislaus,99,539301,60602,59396,6671,66067,1037
2021-08-04,Sutter,101,95872,10516,10294,115,10409,127
2021-08-04,Tehama,103,63373,5376,5281,664,5945,66
2021-08-04,Trinity,105,12862,411,362,93,455,3
2021-08-04,Tulare,107,460477,51350,50797,10500,61297,855
2021-08-04,Tuolumne,109,53932,4776,4584,41,4625,64
2021-08-04,Ventura,111,848112,85538,84406,3718,88124,1047
2021-08-04,Yolo,113,214977,15603,15189,589,15778,215
2021-08-04,Yuba,115,75493,6977,6827,142,6969,50
2021-08-03,Alameda,1,1643700,99582,97275,2366,99641,1270
2021-08-03,Alpine,3,1148,91,91,0,91,0
2021-08-03,Amador,5,37829,4068,3953,36,3989,48
2021-08-03,Butte,7,227075,13751,13468,2191,15659,205
2021-08-03,Calaveras,9,45235,2421,2356,17,2373,57
2021-08-03,Colusa,11,21464,2072,2023,371,2394,16
2021-08-03,Contra Costa,13,1133247,79737,77739,1632,79371,836
2021-08-03,Del Norte,15,27424,1788,1691,10,1701,8
2021-08-03,El Dorado,17,186661,11631,11255,962,12217,117
2021-08-03,Fresno,19,978130,107167,105732,9614,115346,1746
2021-08-03,Glenn,21,27897,2522,2481,620,3101,20
2021-08-03,Humboldt,23,135768,5566,5199,90,5289,52
2021-08-03,Imperial,25,180216,29449,29333,2954,32287,745
2021-08-03,Inyo,27,18085,1474,1459,5,1464,38
2021-08-03,Kern,29,883053,100853,99708,12837,112545,1358
2021-08-03,Kings,31,150075,24116,23780,1318,25098,249
2021-08-03,Lake,33,64148,4611,4408,18,4426,66
2021-08-03,Lassen,35,31185,5395,5341,133,5474,21
2021-08-03,Los Angeles,37,10098052,1277347,1262678,48998,1311676,24721
2021-08-03,Madera,39,155013,17506,17220,1079,18299,245
2021-08-03,Marin,41,260295,15256,14906,309,15215,243
2021-08-03,Mariposa,43,17540,517,495,11,506,5
2021-08-03,Mendocino,45,87422,4735,4546,101,4647,49
2021-08-03,Merced,47,269075,32543,32197,1082,33279,476
2021-08-03,Modoc,49,8938,425,416,147,563,5
2021-08-03,Mono,51,14174,1306,1303,13,1316,3
2021-08-03,Monterey,53,433212,44105,43872,2119,45991,525
2021-08-03,Napa,55,140530,10718,10527,57,10584,82
2021-08-03,Nevada,57,99092,6014,5685,214,5899,73
2021-08-03,Orange,59,3164182,270505,266649,12762,279411,5146
2021-08-03,Placer,61,380077,26457,25624,2086,27710,305
2021-08-03,Plumas,63,18699,794,779,15,794,5
2021-08-03,Riverside,65,2383286,307435,303499,15482,318981,4562
2021-08-03,Sacramento,67,1510023,120229,117591,2363,119954,1732
2021-08-03,San Benito,69,59416,6344,6284,121,6405,63
2021-08-03,San Bernardino,71,2135413,307107,303386,9563,312949,5265
2021-08-03,San Diego,73,3302833,304569,300189,0,300189,3803
2021-08-03,San Francisco,75,870044,43158,41758,1800,43558,562
2021-08-03,San Joaquin,77,732212,78846,77615,4213,81828,1461
2021-08-03,San Luis Obispo,79,281455,22521,22166,871,23037,264
2021-08-03,San Mateo,81,765935,46097,45255,699,45954,548
2021-08-03,Santa Barbara,83,443738,36463,35912,1353,37265,469
2021-08-03,Santa Clara,85,1922200,125708,123914,919,124833,2183
2021-08-03,Santa Cruz,87,273765,17077,16778,911,17689,207
2021-08-03,Shasta,89,179085,13430,13091,1865,14956,211
2021-08-03,Sierra,91,2930,76,72,14,86,0
2021-08-03,Siskiyou,93,43540,2095,1998,490,2488,32
2021-08-03,Solano,95,438530,36900,35953,790,36743,261
2021-08-03,Sonoma,97,501317,34172,33243,417,33660,330
2021-08-03,Stanislaus,99,539301,60370,59282,6651,65933,1037
2021-08-03,Sutter,101,95872,10476,10263,115,10378,127
2021-08-03,Tehama,103,63373,5351,5269,659,5928,66
2021-08-03,Trinity,105,12862,407,361,90,451,3
2021-08-03,Tulare,107,460477,51255,50729,10452,61181,854
2021-08-03,Tuolumne,109,53932,4741,4563,41,4604,64
2021-08-03,Ventura,111,848112,85302,84270,3695,87965,1046
2021-08-03,Yolo,113,214977,15515,15149,574,15723,215
2021-08-03,Yuba,115,75493,6941,6781,142,6923,50
2021-08-02,Alameda,1,1643700,99038,96954,2360,99314,1270
2021-08-02,Alpine,3,1148,91,91,0,91,0
2021-08-02,Amador,5,37829,4048,3927,36,3963,48
2021-08-02,Butte,7,227075,13674,13442,2172,15614,205
2021-08-02,Calaveras,9,45235,2391,2347,17,2364,57
2021-08-02,Colusa,11,21464,2060,2019,368,2387,16
2021-08-02,Contra Costa,13,1133247,79230,77516,1617,79133,836
2021-08-02,Del Norte,15,27424,1760,1653,10,1663,8
2021-08-02,El Dorado,17,186661,11526,11226,948,12174,116
2021-08-02,Fresno,19,978130,106823,105471,9577,115048,1744
2021-08-02,Glenn,21,27897,2514,2477,618,3095,20
2021-08-02,Humboldt,23,135768,5481,5161,88,5249,52
2021-08-02,Imperial,25,180216,29415,29302,2951,32253,743
2021-08-02,Inyo,27,18085,1468,1455,5,1460,38
2021-08-02,Kern,29,883053,100598,99556,12743,112299,1357
2021-08-02,Kings,31,150075,24047,23722,1311,25033,249
2021-08-02,Lake,33,64148,4569,4375,18,4393,66
2021-08-02,Lassen,35,31185,5373,5338,131,5469,21
2021-08-02,Los Angeles,37,10098052,1273640,1260807,48785,1309592,24705
2021-08-02,Madera,39,155013,17463,17158,1065,18223,245
2021-08-02,Marin,41,260295,15213,14859,306,15165,239
2021-08-02,Mariposa,43,17540,508,490,11,501,5
2021-08-02,Mendocino,45,87422,4695,4512,98,4610,49
2021-08-02,Merced,47,269075,32445,32163,1078,33241,474
2021-08-02,Modoc,49,8938,425,415,147,562,5
2021-08-02,Mono,51,14174,1302,1296,13,1309,3
2021-08-02,Monterey,53,433212,44047,43842,2109,45951,525
2021-08-02,Napa,55,140530,10675,10490,54,10544,82
2021-08-02,Nevada,57,99092,5943,5611,213,5824,73
2021-08-02,Orange,59,3164182,269597,266050,12717,278767,5146
2021-08-02,Placer,61,380077,26311,25516,2050,27566,306
2021-08-02,Plumas,63,18699,787,762,15,777,5
2021-08-02,Riverside,65,2383286,306499,302756,15466,318222,4562
2021-08-02,Sacramento,67,1510023,119525,117183,2342,119525,1728
2021-08-02,San Benito,69,59416,6325,6276,120,6396,63
2021-08-02,San Bernardino,71,2135413,306233,303000,9529,312529,5253
2021-08-02,San Diego,73,3302833,303077,299021,0,299021,3798
2021-08-02,San Francisco,75,870044,42866,41553,1771,43324,562
2021-08-02,San Joaquin,77,732212,78507,77447,4186,81633,1461
2021-08-02,San Luis Obispo,79,281455,22428,22093,865,22958,261
2021-08-02,San Mateo,81,765935,45933,45154,676,45830,548
2021-08-02,Santa Barbara,83,443738,36326,35851,1346,37197,469
2021-08-02,Santa Clara,85,1922200,125238,123655,911,124566,2183
2021-08-02,Santa Cruz,87,273765,17020,16746,907,17653,207
2021-08-02,Shasta,89,179085,13367,13049,1851,14900,212
2021-08-02,Sierra,91,2930,76,71,14,85,0
2021-08-02,Siskiyou,93,43540,2084,1992,476,2468,31
2021-08-02,Solano,95,438530,36657,35852,781,36633,260
2021-08-02,Sonoma,97,501317,33945,33132,412,33544,330
2021-08-02,Stanislaus,99,539301,60137,59160,6636,65796,1037
2021-08-02,Sutter,101,95872,10430,10220,115,10335,127
2021-08-02,Tehama,103,63373,5327,5260,655,5915,66
2021-08-02,Trinity,105,12862,402,359,89,448,3
2021-08-02,Tulare,107,460477,51154,50640,10375,61015,854
2021-08-02,Tuolumne,109,53932,4675,4524,41,4565,64
2021-08-02,Ventura,111,848112,85119,84143,3671,87814,1044
2021-08-02,Yolo,113,214977,15417,15072,555,15627,215
2021-08-02,Yuba,115,75493,6899,6743,142,6885,50
2021-08-01,Alameda,1,1643700,98510,96775,2355,99130,1270
2021-08-01,Alpine,3,1148,91,91,0,91,0
2021-08-01,Amador,5,37829,4011,3923,35,3958,48
2021-08-01,Butte,7,227075,13594,13406,2155,15561,205
2021-08-01,Calaveras,9,45235,2366,2341,17,2358,57
2021-08-01,Colusa,11,21464,2049,2014,366,2380,16
2021-08-01,Contra Costa,13,1133247,78794,77360,1609,78969,836
2021-08-01,Del Norte,15,27424,1730,1642,10,1652,8
2021-08-01,El Dorado,17,186661,11425,11189,937,12126,116
2021-08-01,Fresno,19,978130,106498,105339,9531,114870,1744
2021-08-01,Glenn,21,27897,2508,2476,616,3092,20
2021-08-01,Humboldt,23,135768,5405,5118,84,5202,52
2021-08-01,Imperial,25,180216,29380,29297,2947,32244,743
2021-08-01,Inyo,27,18085,1466,1454,5,1459,38
2021-08-01,Kern,29,883053,100323,99396,12666,112062,1357
2021-08-01,Kings,31,150075,23959,23700,1305,25005,249
2021-08-01,Lake,33,64148,4490,4356,18,4374,66
2021-08-01,Lassen,35,31185,5361,5336,129,5465,21
2021-08-01,Los Angeles,37,10098052,1269969,1258461,48555,1307016,24700
2021-08-01,Madera,39,155013,17406,17146,1060,18206,245
2021-08-01,Marin,41,260295,15140,14844,305,15149,239
2021-08-01,Mariposa,43,17540,501,482,11,493,5
2021-08-01,Mendocino,45,87422,4649,4476,94,4570,49
2021-08-01,Merced,47,269075,32357,32144,1074,33218,474
2021-08-01,Modoc,49,8938,424,413,147,560,5
2021-08-01,Mono,51,14174,1299,1294,13,1307,3
2021-08-01,Monterey,53,433212,44001,43808,2094,45902,525
2021-08-01,Napa,55,140530,10629,10473,52,10525,82
2021-08-01,Nevada,57,99092,5859,5561,212,5773,73
2021-08-01,Orange,59,3164182,268802,265467,12673,278140,5146
2021-08-01,Placer,61,380077,26097,25464,2020,27484,306
2021-08-01,Plumas,63,18699,781,761,15,776,5
2021-08-01,Riverside,65,2383286,305570,302256,15446,317702,4562
2021-08-01,Sacramento,67,1510023,118807,116923,2325,119248,1727
2021-08-01,San Benito,69,59416,6308,6271,120,6391,63
2021-08-01,San Bernardino,71,2135413,305301,302542,9517,312059,5248
2021-08-01,San Diego,73,3302833,301882,298002,0,298002,3798
2021-08-01,San Francisco,75,870044,42529,41432,1757,43189,562
2021-08-01,San Joaquin,77,732212,78141,77338,4159,81497,1461
2021-08-01,San Luis Obispo,79,281455,22325,22083,860,22943,261
2021-08-01,San Mateo,81,765935,45762,45036,660,45696,548
2021-08-01,Santa Barbara,83,443738,36206,35809,1342,37151,469
2021-08-01,Santa Clara,85,1922200,124828,123511,902,124413,2183
2021-08-01,Santa Cruz,87,273765,16944,16709,897,17606,207
2021-08-01,Shasta,89,179085,13296,13036,1842,14878,212
2021-08-01,Sierra,91,2930,74,71,14,85,0
2021-08-01,Siskiyou,93,43540,2078,1989,470,2459,31
2021-08-01,Solano,95,438530,36440,35800,774,36574,260
2021-08-01,Sonoma,97,501317,33753,33076,409,33485,330
2021-08-01,Stanislaus,99,539301,59898,59078,6615,65693,1037
2021-08-01,Sutter,101,95872,10375,10198,112,10310,127
2021-08-01,Tehama,103,63373,5311,5252,650,5902,66
2021-08-01,Trinity,105,12862,399,359,88,447,3
2021-08-01,Tulare,107,460477,50999,50600,10310,60910,854
2021-08-01,Tuolumne,109,53932,4637,4489,41,4530,64
2021-08-01,Ventura,111,848112,84895,84040,3656,87696,1044
2021-08-01,Yolo,113,214977,15346,15042,545,15587,215
2021-08-01,Yuba,115,75493,6861,6721,142,6863,50
2021-07-31,Alameda,1,1643700,98201,95279,2349,97628,1265
2021-07-31,Alpine,3,1148,91,89,0,89,0
2021-07-31,Amador,5,37829,3991,3877,35,3912,48
2021-07-31,Butte,7,227075,13563,13235,2134,15369,205
2021-07-31,Calaveras,9,45235,2359,2294,17,2311,57
2021-07-31,Colusa,11,21464,2043,2006,364,2370,16
2021-07-31,Contra Costa,13,1133247,78515,75866,1607,77473,832
2021-07-31,Del Norte,15,27424,1707,1576,10,1586,8
2021-07-31,El Dorado,17,186661,11372,11017,931,11948,116
2021-07-31,Fresno,19,978130,106340,104639,9516,114155,1744
2021-07-31,Glenn,21,27897,2503,2465,612,3077,20
2021-07-31,Humboldt,23,135768,5350,4978,83,5061,52
2021-07-31,Imperial,25,180216,29363,29164,2944,32108,743
2021-07-31,Inyo,27,18085,1463,1442,5,1447,38
2021-07-31,Kern,29,883053,100160,98903,12605,111508,1357
2021-07-31,Kings,31,150075,23907,23548,1300,24848,248
2021-07-31,Lake,33,64148,4466,4238,17,4255,66
2021-07-31,Lassen,35,31185,5355,5320,129,5449,21
2021-07-31,Los Angeles,37,10098052,1267790,1248545,48403,1296948,24691
2021-07-31,Madera,39,155013,17373,17058,1055,18113,245
2021-07-31,Marin,41,260295,15096,14701,304,15005,239
2021-07-31,Mariposa,43,17540,492,470,11,481,5
2021-07-31,Mendocino,45,87422,4624,4400,91,4491,49
2021-07-31,Merced,47,269075,32310,31959,1068,33027,474
2021-07-31,Modoc,49,8938,424,413,147,560,5
2021-07-31,Mono,51,14174,1298,1287,13,1300,3
2021-07-31,Monterey,53,433212,43964,43720,2084,45804,525
2021-07-31,Napa,55,140530,10609,10401,51,10452,82
2021-07-31,Nevada,57,99092,5820,5373,211,5584,72
2021-07-31,Orange,59,3164182,268235,263446,12651,276097,5144
2021-07-31,Placer,61,380077,25962,25104,2013,27117,306
2021-07-31,Plumas,63,18699,778,743,15,758,5
2021-07-31,Riverside,65,2383286,304954,300315,15436,315751,4554
2021-07-31,Sacramento,67,1510023,118407,115259,2319,117578,1720
2021-07-31,San Benito,69,59416,6297,6251,120,6371,63
2021-07-31,San Bernardino,71,2135413,304730,300726,9514,310240,5240
2021-07-31,San Diego,73,3302833,301204,295054,0,295054,3798
2021-07-31,San Francisco,75,870044,42313,40412,1732,42144,562
2021-07-31,San Joaquin,77,732212,77976,76575,4147,80722,1443
2021-07-31,San Luis Obispo,79,281455,22270,21922,858,22780,260
2021-07-31,San Mateo,81,765935,45615,44622,648,45270,548
2021-07-31,Santa Barbara,83,443738,36127,35531,1340,36871,467
2021-07-31,Santa Clara,85,1922200,124571,122614,900,123514,2099
2021-07-31,Santa Cruz,87,273765,16905,16576,896,17472,207
2021-07-31,Shasta,89,179085,13260,12918,1834,14752,212
2021-07-31,Sierra,91,2930,74,68,14,82,0
2021-07-31,Siskiyou,93,43540,2069,1976,464,2440,31
2021-07-31,Solano,95,438530,36341,35340,768,36108,263
2021-07-31,Sonoma,97,501317,33628,32601,409,33010,329
2021-07-31,Stanislaus,99,539301,59739,58586,6594,65180,1035
2021-07-31,Sutter,101,95872,10339,10068,111,10179,127
2021-07-31,Tehama,103,63373,5296,5216,647,5863,66
2021-07-31,Trinity,105,12862,398,354,87,441,3
2021-07-31,Tulare,107,460477,50916,50409,10252,60661,854
2021-07-31,Tuolumne,109,53932,4598,4362,41,4403,64
2021-07-31,Ventura,111,848112,84740,83509,3639,87148,1044
2021-07-31,Yolo,113,214977,15299,14863,533,15396,215
2021-07-31,Yuba,115,75493,6838,6615,141,6756,50
2021-07-30,Alameda,1,1643700,97868,95279,2344,97623,1265
2021-07-30,Alpine,3,1148,91,89,0,89,0
2021-07-30,Amador,5,37829,3968,3877,35,3912,48
2021-07-30,Butte,7,227075,13508,13235,2121,15356,205
2021-07-30,Calaveras,9,45235,2354,2294,17,2311,57
2021-07-30,Colusa,11,21464,2039,2006,362,2368,16
2021-07-30,Contra Costa,13,1133247,78273,75866,1603,77469,832
2021-07-30,Del Norte,15,27424,1689,1576,10,1586,8
2021-07-30,El Dorado,17,186661,11340,11017,924,11941,116
2021-07-30,Fresno,19,978130,106145,104639,9504,114143,1744
2021-07-30,Glenn,21,27897,2498,2465,611,3076,20
2021-07-30,Humboldt,23,135768,5286,4978,80,5058,52
2021-07-30,Imperial,25,180216,29349,29164,2941,32105,743
2021-07-30,Inyo,27,18085,1462,1442,5,1447,38
2021-07-30,Kern,29,883053,100036,98903,12556,111459,1357
2021-07-30,Kings,31,150075,23866,23548,1296,24844,248
2021-07-30,Lake,33,64148,4438,4238,17,4255,66
2021-07-30,Lassen,35,31185,5351,5320,129,5449,21
2021-07-30,Los Angeles,37,10098052,1265479,1248545,48246,1296791,24691
2021-07-30,Madera,39,155013,17332,17058,1051,18109,245
2021-07-30,Marin,41,260295,15062,14701,304,15005,239
2021-07-30,Mariposa,43,17540,489,470,11,481,5
2021-07-30,Mendocino,45,87422,4594,4400,90,4490,49
2021-07-30,Merced,47,269075,32270,31959,1063,33022,474
2021-07-30,Modoc,49,8938,422,413,147,560,5
2021-07-30,Mono,51,14174,1292,1287,13,1300,3
2021-07-30,Monterey,53,433212,43932,43720,2074,45794,525
2021-07-30,Napa,55,140530,10587,10401,50,10451,82
2021-07-30,Nevada,57,99092,5762,5373,211,5584,72
2021-07-30,Orange,59,3164182,267608,263446,12622,276068,5144
2021-07-30,Placer,61,380077,25874,25104,1995,27099,306
2021-07-30,Plumas,63,18699,773,743,15,758,5
2021-07-30,Riverside,65,2383286,304317,300315,15424,315739,4554
2021-07-30,Sacramento,67,1510023,117967,115259,2315,117574,1720
2021-07-30,San Benito,69,59416,6290,6251,120,6371,63
2021-07-30,San Bernardino,71,2135413,304216,300726,9509,310235,5240
2021-07-30,San Diego,73,3302833,300434,295054,0,295054,3798
2021-07-30,San Francisco,75,870044,42100,40412,1716,42128,562
2021-07-30,San Joaquin,77,732212,77823,76575,4140,80715,1443
2021-07-30,San Luis Obispo,79,281455,22234,21922,854,22776,260
2021-07-30,San Mateo,81,765935,45492,44622,632,45254,548
2021-07-30,Santa Barbara,83,443738,36059,35531,1334,36865,467
2021-07-30,Santa Clara,85,1922200,124345,122614,898,123512,2099
2021-07-30,Santa Cruz,87,273765,16879,16576,894,17470,207
2021-07-30,Shasta,89,179085,13213,12918,1834,14752,212
2021-07-30,Sierra,91,2930,73,68,14,82,0
2021-07-30,Siskiyou,93,43540,2060,1976,463,2439,31
2021-07-30,Solano,95,438530,36251,35340,752,36092,263
2021-07-30,Sonoma,97,501317,33534,32601,409,33010,329
2021-07-30,Stanislaus,99,539301,59594,58586,6573,65159,1035
2021-07-30,Sutter,101,95872,10303,10068,111,10179,127
2021-07-30,Tehama,103,63373,5285,5216,647,5863,66
2021-07-30,Trinity,105,12862,398,354,87,441,3
2021-07-30,Tulare,107,460477,50873,50409,10215,60624,854
2021-07-30,Tuolumne,109,53932,4580,4362,41,4403,64
2021-07-30,Ventura,111,848112,84578,83509,3622,87131,1044
2021-07-30,Yolo,113,214977,15238,14863,529,15392,215
2021-07-30,Yuba,115,75493,6802,6615,140,6755,50
2021-07-29,Alameda,1,1643700,97448,95279,2339,97618,1265
2021-07-29,Alpine,3,1148,91,89,0,89,0
2021-07-29,Amador,5,37829,3949,3877,35,3912,48
2021-07-29,Butte,7,227075,13460,13235,2113,15348,205
2021-07-29,Calaveras,9,45235,2334,2294,17,2311,57
2021-07-29,Colusa,11,21464,2032,2006,362,2368,16
2021-07-29,Contra Costa,13,1133247,77835,75866,1599,77465,832
2021-07-29,Del Norte,15,27424,1665,1576,10,1586,8
2021-07-29,El Dorado,17,186661,11274,11017,912,11929,116
2021-07-29,Fresno,19,978130,105883,104639,9477,114116,1744
2021-07-29,Glenn,21,27897,2488,2465,610,3075,20
2021-07-29,Humboldt,23,135768,5225,4978,78,5056,52
2021-07-29,Imperial,25,180216,29304,29164,2939,32103,743
2021-07-29,Inyo,27,18085,1458,1442,5,1447,38
2021-07-29,Kern,29,883053,99829,98903,12478,111381,1357
2021-07-29,Kings,31,150075,23823,23548,1291,24839,248
2021-07-29,Lake,33,64148,4403,4238,17,4255,66
2021-07-29,Lassen,35,31185,5343,5320,126,5446,21
2021-07-29,Los Angeles,37,10098052,1262407,1248545,48054,1296599,24691
2021-07-29,Madera,39,155013,17287,17058,1046,18104,245
2021-07-29,Marin,41,260295,15018,14701,304,15005,239
2021-07-29,Mariposa,43,17540,485,470,11,481,5
2021-07-29,Mendocino,45,87422,4571,4400,88,4488,49
2021-07-29,Merced,47,269075,32215,31959,1063,33022,474
2021-07-29,Modoc,49,8938,422,413,147,560,5
2021-07-29,Mono,51,14174,1289,1287,13,1300,3
2021-07-29,Monterey,53,433212,43883,43720,2063,45783,525
2021-07-29,Napa,55,140530,10555,10401,48,10449,82
2021-07-29,Nevada,57,99092,5710,5373,211,5584,72
2021-07-29,Orange,59,3164182,266903,263446,12587,276033,5144
2021-07-29,Placer,61,380077,25752,25104,1979,27083,306
2021-07-29,Plumas,63,18699,765,743,15,758,5
2021-07-29,Riverside,65,2383286,303611,300315,15400,315715,4554
2021-07-29,Sacramento,67,1510023,117418,115259,2301,117560,1720
2021-07-29,San Benito,69,59416,6279,6251,120,6371,63
2021-07-29,San Bernardino,71,2135413,303580,300726,9498,310224,5240
2021-07-29,San Diego,73,3302833,299373,295054,0,295054,3798
2021-07-29,San Francisco,75,870044,41855,40412,1692,42104,562
2021-07-29,San Joaquin,77,732212,77567,76575,4132,80707,1443
2021-07-29,San Luis Obispo,79,281455,22179,21922,852,22774,260
2021-07-29,San Mateo,81,765935,45365,44622,622,45244,548
2021-07-29,Santa Barbara,83,443738,35974,35531,1332,36863,467
2021-07-29,Santa Clara,85,1922200,124049,122614,895,123509,2099
2021-07-29,Santa Cruz,87,273765,16826,16576,892,17468,207
2021-07-29,Shasta,89,179085,13160,12918,1825,14743,212
2021-07-29,Sierra,91,2930,73,68,14,82,0
2021-07-29,Siskiyou,93,43540,2055,1976,461,2437,31
2021-07-29,Solano,95,438530,36096,35340,742,36082,263
2021-07-29,Sonoma,97,501317,33360,32601,407,33008,329
2021-07-29,Stanislaus,99,539301,59420,58586,6555,65141,1035
2021-07-29,Sutter,101,95872,10257,10068,110,10178,127
2021-07-29,Tehama,103,63373,5273,5216,641,5857,66
2021-07-29,Trinity,105,12862,396,354,86,440,3
2021-07-29,Tulare,107,460477,50785,50409,10173,60582,854
2021-07-29,Tuolumne,109,53932,4542,4362,40,4402,64
2021-07-29,Ventura,111,848112,84409,83509,3615,87124,1044
2021-07-29,Yolo,113,214977,15171,14863,516,15379,215
2021-07-29,Yuba,115,75493,6754,6615,139,6754,50
2021-07-28,Alameda,1,1643700,96981,94965,2331,97296,1262
2021-07-28,Alpine,3,1148,91,89,0,89,0
2021-07-28,Amador,5,37829,3935,3870,35,3905,48
2021-07-28,Butte,7,227075,13404,13184,2101,15285,205
2021-07-28,Calaveras,9,45235,2319,2289,17,2306,57
2021-07-28,Colusa,11,21464,2028,2001,361,2362,16
2021-07-28,Contra Costa,13,1133247,77351,75487,1591,77078,832
2021-07-28,Del Norte,15,27424,1634,1545,10,1555,8
2021-07-28,El Dorado,17,186661,11227,10967,903,11870,116
2021-07-28,Fresno,19,978130,105637,104458,9457,113915,1744
2021-07-28,Glenn,21,27897,2484,2464,607,3071,20
2021-07-28,Humboldt,23,135768,5174,4946,77,5023,52
2021-07-28,Imperial,25,180216,29257,29096,2939,32035,743
2021-07-28,Inyo,27,18085,1452,1439,4,1443,38
2021-07-28,Kern,29,883053,99676,98781,12426,111207,1352
2021-07-28,Kings,31,150075,23759,23503,1281,24784,248
2021-07-28,Lake,33,64148,4357,4191,15,4206,65
2021-07-28,Lassen,35,31185,5335,5318,126,5444,21
2021-07-28,Los Angeles,37,10098052,1259259,1245485,47879,1293364,24673
2021-07-28,Madera,39,155013,17246,17024,1040,18064,245
2021-07-28,Marin,41,260295,14964,14652,304,14956,239
2021-07-28,Mariposa,43,17540,478,469,11,480,5
2021-07-28,Mendocino,45,87422,4543,4377,88,4465,49
2021-07-28,Merced,47,269075,32151,31886,1059,32945,474
2021-07-28,Modoc,49,8938,420,413,147,560,5
2021-07-28,Mono,51,14174,1289,1286,13,1299,3
2021-07-28,Monterey,53,433212,43836,43668,2053,45721,524
2021-07-28,Napa,55,140530,10515,10376,46,10422,82
2021-07-28,Nevada,57,99092,5656,5320,211,5531,72
2021-07-28,Orange,59,3164182,266115,262735,12556,275291,5143
2021-07-28,Placer,61,380077,25608,24978,1963,26941,306
2021-07-28,Plumas,63,18699,760,754,15,769,5
2021-07-28,Riverside,65,2383286,302843,299611,15378,314989,4554
2021-07-28,Sacramento,67,1510023,116772,114665,2279,116944,1714
2021-07-28,San Benito,69,59416,6268,6236,120,6356,63
2021-07-28,San Bernardino,71,2135413,302949,300121,9485,309606,5236
2021-07-28,San Diego,73,3302833,298090,294176,0,294176,3798
2021-07-28,San Francisco,75,870044,41520,40144,1665,41809,561
2021-07-28,San Joaquin,77,732212,77318,76312,4101,80413,1443
2021-07-28,San Luis Obispo,79,281455,22119,21865,851,22716,260
2021-07-28,San Mateo,81,765935,45218,44477,612,45089,547
2021-07-28,Santa Barbara,83,443738,35899,35431,1327,36758,467
2021-07-28,Santa Clara,85,1922200,123788,122345,893,123238,2099
2021-07-28,Santa Cruz,87,273765,16788,16551,891,17442,207
2021-07-28,Shasta,89,179085,13115,12882,1814,14696,212
2021-07-28,Sierra,91,2930,69,67,14,81,0
2021-07-28,Siskiyou,93,43540,2046,1971,458,2429,31
2021-07-28,Solano,95,438530,35928,35204,734,35938,262
2021-07-28,Sonoma,97,501317,33217,32434,404,32838,328
2021-07-28,Stanislaus,99,539301,59221,58427,6542,64969,1035
2021-07-28,Sutter,101,95872,10225,10033,109,10142,126
2021-07-28,Tehama,103,63373,5261,5209,638,5847,66
2021-07-28,Trinity,105,12862,395,352,86,438,3
2021-07-28,Tulare,107,460477,50697,50363,10124,60487,854
2021-07-28,Tuolumne,109,53932,4504,4313,40,4353,64
2021-07-28,Ventura,111,848112,84218,83360,3599,86959,1043
2021-07-28,Yolo,113,214977,15101,14801,509,15310,215
2021-07-28,Yuba,115,75493,6721,6591,139,6730,51
2021-07-27,Alameda,1,1643700,96572,94682,2321,97003,1256
2021-07-27,Alpine,3,1148,91,89,0,89,0
2021-07-27,Amador,5,37829,3919,3861,35,3896,48
2021-07-27,Butte,7,227075,13357,13127,2090,15217,205
2021-07-27,Calaveras,9,45235,2307,2280,17,2297,57
2021-07-27,Colusa,11,21464,2020,1999,360,2359,16
2021-07-27,Contra Costa,13,1133247,76862,75227,1587,76814,830
2021-07-27,Del Norte,15,27424,1614,1538,10,1548,8
2021-07-27,El Dorado,17,186661,11167,10941,893,11834,116
2021-07-27,Fresno,19,978130,105345,104288,9432,113720,1746
2021-07-27,Glenn,21,27897,2476,2460,605,3065,20
2021-07-27,Humboldt,23,135768,5120,4925,76,5001,52
2021-07-27,Imperial,25,180216,29212,29048,2938,31986,743
2021-07-27,Inyo,27,18085,1450,1430,4,1434,38
2021-07-27,Kern,29,883053,99508,98724,12367,111091,1352
2021-07-27,Kings,31,150075,23704,23463,1270,24733,248
2021-07-27,Lake,33,64148,4318,4157,15,4172,65
2021-07-27,Lassen,35,31185,5329,5315,126,5441,21
2021-07-27,Los Angeles,37,10098052,1255835,1243336,47702,1291038,24658
2021-07-27,Madera,39,155013,17194,16998,1034,18032,245
2021-07-27,Marin,41,260295,14918,14631,301,14932,239
2021-07-27,Mariposa,43,17540,475,468,11,479,5
2021-07-27,Mendocino,45,87422,4519,4371,88,4459,49
2021-07-27,Merced,47,269075,32085,31825,1055,32880,473
2021-07-27,Modoc,49,8938,419,413,147,560,5
2021-07-27,Mono,51,14174,1285,1288,13,1301,3
2021-07-27,Monterey,53,433212,43796,43646,2042,45688,523
2021-07-27,Napa,55,140530,10485,10354,46,10400,82
2021-07-27,Nevada,57,99092,5578,5305,209,5514,72
2021-07-27,Orange,59,3164182,265380,262193,12531,274724,5143
2021-07-27,Placer,61,380077,25447,24916,1937,26853,306
2021-07-27,Plumas,63,18699,757,752,15,767,5
2021-07-27,Riverside,65,2383286,302111,299160,15359,314519,4554
2021-07-27,Sacramento,67,1510023,116176,114413,2269,116682,1710
2021-07-27,San Benito,69,59416,6259,6229,120,6349,63
2021-07-27,San Bernardino,71,2135413,302243,299593,9463,309056,5236
2021-07-27,San Diego,73,3302833,296997,293408,0,293408,3798
2021-07-27,San Francisco,75,870044,41162,39939,1646,41585,561
2021-07-27,San Joaquin,77,732212,77058,76166,4080,80246,1442
2021-07-27,San Luis Obispo,79,281455,22065,21803,841,22644,260
2021-07-27,San Mateo,81,765935,45068,44378,607,44985,547
2021-07-27,Santa Barbara,83,443738,35800,35355,1325,36680,467
2021-07-27,Santa Clara,85,1922200,123494,122154,891,123045,2099
2021-07-27,Santa Cruz,87,273765,16742,16523,890,17413,207
2021-07-27,Shasta,89,179085,13065,12846,1801,14647,212
2021-07-27,Sierra,91,2930,69,65,14,79,0
2021-07-27,Siskiyou,93,43540,2041,1964,455,2419,31
2021-07-27,Solano,95,438530,35801,35093,724,35817,261
2021-07-27,Sonoma,97,501317,33073,32367,402,32769,328
2021-07-27,Stanislaus,99,539301,59050,58333,6527,64860,1033
2021-07-27,Sutter,101,95872,10184,9998,109,10107,115
2021-07-27,Tehama,103,63373,5240,5192,635,5827,66
2021-07-27,Trinity,105,12862,394,351,86,437,3
2021-07-27,Tulare,107,460477,50631,50324,10092,60416,854
2021-07-27,Tuolumne,109,53932,4452,4282,40,4322,64
2021-07-27,Ventura,111,848112,84013,83189,3586,86775,1043
2021-07-27,Yolo,113,214977,15028,14759,503,15262,215
2021-07-27,Yuba,115,75493,6699,6564,137,6701,51
2021-07-26,Alameda,1,1643700,96118,94436,2313,96749,1259
2021-07-26,Alpine,3,1148,91,89,0,89,0
2021-07-26,Amador,5,37829,3909,3854,35,3889,48
2021-07-26,Butte,7,227075,13304,13082,2077,15159,203
2021-07-26,Calaveras,9,45235,2302,2276,17,2293,57
2021-07-26,Colusa,11,21464,2013,1996,358,2354,16
2021-07-26,Contra Costa,13,1133247,76362,74854,1580,76434,830
2021-07-26,Del Norte,15,27424,1594,1530,10,1540,8
2021-07-26,El Dorado,17,186661,11105,10899,890,11789,116
2021-07-26,Fresno,19,978130,105143,104143,9409,113552,1742
2021-07-26,Glenn,21,27897,2474,2461,604,3065,20
2021-07-26,Humboldt,23,135768,5081,4906,74,4980,52
2021-07-26,Imperial,25,180216,29172,29034,2938,31972,743
2021-07-26,Inyo,27,18085,1445,1429,4,1433,38
2021-07-26,Kern,29,883053,99343,98633,12301,110934,1351
2021-07-26,Kings,31,150075,23655,23426,1266,24692,247
2021-07-26,Lake,33,64148,4297,4133,15,4148,65
2021-07-26,Lassen,35,31185,5324,5314,126,5440,21
2021-07-26,Los Angeles,37,10098052,1252525,1241527,47530,1289057,24647
2021-07-26,Madera,39,155013,17167,16971,1024,17995,245
2021-07-26,Marin,41,260295,14861,14579,300,14879,239
2021-07-26,Mariposa,43,17540,474,467,11,478,5
2021-07-26,Mendocino,45,87422,4499,4354,88,4442,49
2021-07-26,Merced,47,269075,32001,31774,1052,32826,473
2021-07-26,Modoc,49,8938,419,413,147,560,5
2021-07-26,Mono,51,14174,1284,1286,13,1299,3
2021-07-26,Monterey,53,433212,43753,43595,2028,45623,521
2021-07-26,Napa,55,140530,10462,10332,46,10378,82
2021-07-26,Nevada,57,99092,5491,5280,209,5489,72
2021-07-26,Orange,59,3164182,264747,261803,12510,274313,5142
2021-07-26,Placer,61,380077,25314,24842,1916,26758,304
2021-07-26,Plumas,63,18699,753,750,15,765,5
2021-07-26,Riverside,65,2383286,301420,298626,15342,313968,4553
2021-07-26,Sacramento,67,1510023,115590,113986,2251,116237,1705
2021-07-26,San Benito,69,59416,6253,6222,120,6342,63
2021-07-26,San Bernardino,71,2135413,301627,299238,9449,308687,5237
2021-07-26,San Diego,73,3302833,295884,292688,0,292688,3793
2021-07-26,San Francisco,75,870044,40809,39800,1616,41416,561
2021-07-26,San Joaquin,77,732212,76823,76033,4075,80108,1440
2021-07-26,San Luis Obispo,79,281455,22016,21752,838,22590,260
2021-07-26,San Mateo,81,765935,44922,44297,596,44893,547
2021-07-26,Santa Barbara,83,443738,35728,35311,1313,36624,467
2021-07-26,Santa Clara,85,1922200,123183,121978,882,122860,2099
2021-07-26,Santa Cruz,87,273765,16703,16493,887,17380,207
2021-07-26,Shasta,89,179085,13016,12819,1788,14607,211
2021-07-26,Sierra,91,2930,68,65,14,79,0
2021-07-26,Siskiyou,93,43540,2038,1962,453,2415,31
2021-07-26,Solano,95,438530,35652,34990,716,35706,259
2021-07-26,Sonoma,97,501317,32937,32283,400,32683,328
2021-07-26,Stanislaus,99,539301,58905,58219,6512,64731,1033
2021-07-26,Sutter,101,95872,10144,9963,106,10069,115
2021-07-26,Tehama,103,63373,5230,5183,631,5814,66
2021-07-26,Trinity,105,12862,394,351,85,436,3
2021-07-26,Tulare,107,460477,50568,50265,10058,60323,854
2021-07-26,Tuolumne,109,53932,4422,4271,40,4311,64
2021-07-26,Ventura,111,848112,83842,83072,3571,86643,1041
2021-07-26,Yolo,113,214977,14969,14727,490,15217,215
2021-07-26,Yuba,115,75493,6665,6538,136,6674,51
2021-07-25,Alameda,1,1643700,95632,94146,2308,96454,1259
2021-07-25,Alpine,3,1148,89,89,0,89,0
2021-07-25,Amador,5,37829,3894,3848,35,3883,48
2021-07-25,Butte,7,227075,13265,13074,2066,15140,203
2021-07-25,Calaveras,9,45235,2291,2275,17,2292,57
2021-07-25,Colusa,11,21464,2004,1996,354,2350,16
2021-07-25,Contra Costa,13,1133247,75877,74634,1566,76200,830
2021-07-25,Del Norte,15,27424,1574,1526,10,1536,8
2021-07-25,El Dorado,17,186661,11047,10878,887,11765,116
2021-07-25,Fresno,19,978130,104902,104019,9393,113412,1742
2021-07-25,Glenn,21,27897,2465,2461,602,3063,20
2021-07-25,Humboldt,23,135768,5022,4892,72,4964,52
2021-07-25,Imperial,25,180216,29136,29037,2938,31975,743
2021-07-25,Inyo,27,18085,1440,1427,4,1431,38
2021-07-25,Kern,29,883053,99172,98503,12228,110731,1351
2021-07-25,Kings,31,150075,23602,23396,1262,24658,247
2021-07-25,Lake,33,64148,4244,4109,14,4123,65
2021-07-25,Lassen,35,31185,5320,5314,126,5440,21
2021-07-25,Los Angeles,37,10098052,1249139,1239596,47351,1286947,24643
2021-07-25,Madera,39,155013,17131,16947,1017,17964,245
2021-07-25,Marin,41,260295,14810,14558,297,14855,239
2021-07-25,Mariposa,43,17540,471,465,11,476,5
2021-07-25,Mendocino,45,87422,4469,4335,86,4421,49
2021-07-25,Merced,47,269075,31929,31760,1051,32811,473
2021-07-25,Modoc,49,8938,419,413,147,560,5
2021-07-25,Mono,51,14174,1282,1286,13,1299,3
2021-07-25,Monterey,53,433212,43714,43590,2020,45610,521
2021-07-25,Napa,55,140530,10425,10316,45,10361,82
2021-07-25,Nevada,57,99092,5426,5256,206,5462,72
2021-07-25,Orange,59,3164182,264050,261351,12485,273836,5142
2021-07-25,Placer,61,380077,25195,24755,1895,26650,304
2021-07-25,Plumas,63,18699,751,750,15,765,5
2021-07-25,Riverside,65,2383286,300654,298181,15324,313505,4553
2021-07-25,Sacramento,67,1510023,115049,113611,2233,115844,1704
2021-07-25,San Benito,69,59416,6246,6217,120,6337,63
2021-07-25,San Bernardino,71,2135413,300974,298982,9443,308425,5237
2021-07-25,San Diego,73,3302833,294812,290626,0,290626,3793
2021-07-25,San Francisco,75,870044,40471,39663,1589,41252,561
2021-07-25,San Joaquin,77,732212,76569,75926,4055,79981,1440
2021-07-25,San Luis Obispo,79,281455,21945,21741,835,22576,260
2021-07-25,San Mateo,81,765935,44758,44189,590,44779,547
2021-07-25,Santa Barbara,83,443738,35651,35261,1310,36571,467
2021-07-25,Santa Clara,85,1922200,122853,121800,876,122676,2099
2021-07-25,Santa Cruz,87,273765,16656,16474,886,17360,207
2021-07-25,Shasta,89,179085,12969,12815,1783,14598,211
2021-07-25,Sierra,91,2930,68,65,14,79,0
2021-07-25,Siskiyou,93,43540,2030,1963,450,2413,31
2021-07-25,Solano,95,438530,35466,34863,713,35576,259
2021-07-25,Sonoma,97,501317,32810,32202,396,32598,328
2021-07-25,Stanislaus,99,539301,58738,58154,6507,64661,1033
2021-07-25,Sutter,101,95872,10090,9937,104,10041,115
2021-07-25,Tehama,103,63373,5214,5181,630,5811,66
2021-07-25,Trinity,105,12862,392,351,83,434,3
2021-07-25,Tulare,107,460477,50493,50221,10019,60240,854
2021-07-25,Tuolumne,109,53932,4370,4267,40,4307,64
2021-07-25,Ventura,111,848112,83628,82986,3549,86535,1041
2021-07-25,Yolo,113,214977,14910,14693,475,15168,215
2021-07-25,Yuba,115,75493,6633,6519,136,6655,51
2021-07-24,Alameda,1,1643700,95356,93170,2303,95473,1259
2021-07-24,Alpine,3,1148,89,89,0,89,0
2021-07-24,Amador,5,37829,3885,3816,35,3851,48
2021-07-24,Butte,7,227075,13235,12982,2064,15046,203
2021-07-24,Calaveras,9,45235,2287,2267,17,2284,57
2021-07-24,Colusa,11,21464,2003,1992,352,2344,16
2021-07-24,Contra Costa,13,1133247,75652,73682,1563,75245,830
2021-07-24,Del Norte,15,27424,1563,1497,10,1507,8
2021-07-24,El Dorado,17,186661,11013,10773,884,11657,116
2021-07-24,Fresno,19,978130,104784,103637,9384,113021,1736
2021-07-24,Glenn,21,27897,2464,2457,602,3059,20
2021-07-24,Humboldt,23,135768,4988,4780,71,4851,52
2021-07-24,Imperial,25,180216,29116,28996,2938,31934,742
2021-07-24,Inyo,27,18085,1437,1424,4,1428,38
2021-07-24,Kern,29,883053,99093,98261,12204,110465,1350
2021-07-24,Kings,31,150075,23571,23304,1259,24563,246
2021-07-24,Lake,33,64148,4221,3963,14,3977,64
2021-07-24,Lassen,35,31185,5319,5311,126,5437,21
2021-07-24,Los Angeles,37,10098052,1247381,1232164,47228,1279392,24623
2021-07-24,Madera,39,155013,17107,16885,1015,17900,245
2021-07-24,Marin,41,260295,14772,14454,297,14751,238
2021-07-24,Mariposa,43,17540,471,453,11,464,5
2021-07-24,Mendocino,45,87422,4444,4293,86,4379,49
2021-07-24,Merced,47,269075,31907,31661,1050,32711,473
2021-07-24,Modoc,49,8938,419,413,147,560,5
2021-07-24,Mono,51,14174,1280,1284,13,1297,3
2021-07-24,Monterey,53,433212,43689,43525,2013,45538,521
2021-07-24,Napa,55,140530,10409,10230,45,10275,81
2021-07-24,Nevada,57,99092,5393,5183,206,5389,72
2021-07-24,Orange,59,3164182,263587,259973,12472,272445,5141
2021-07-24,Placer,61,380077,25111,24530,1889,26419,303
2021-07-24,Plumas,63,18699,750,737,15,752,4
2021-07-24,Riverside,65,2383286,300186,296912,15314,312226,4552
2021-07-24,Sacramento,67,1510023,114739,112438,2229,114667,1698
2021-07-24,San Benito,69,59416,6242,6200,119,6319,63
2021-07-24,San Bernardino,71,2135413,300580,297899,9434,307333,5236
2021-07-24,San Diego,73,3302833,294346,289368,0,289368,3788
2021-07-24,San Francisco,75,870044,40309,38954,1572,40526,561
2021-07-24,San Joaquin,77,732212,76442,75461,4044,79505,1436
2021-07-24,San Luis Obispo,79,281455,21913,21616,833,22449,260
2021-07-24,San Mateo,81,765935,44641,43880,584,44464,542
2021-07-24,Santa Barbara,83,443738,35593,35071,1305,36376,465
2021-07-24,Santa Clara,85,1922200,122641,121092,875,121967,2099
2021-07-24,Santa Cruz,87,273765,16634,16416,886,17302,207
2021-07-24,Shasta,89,179085,12941,12759,1780,14539,211
2021-07-24,Sierra,91,2930,67,64,14,78,0
2021-07-24,Siskiyou,93,43540,2030,1951,450,2401,31
2021-07-24,Solano,95,438530,35374,34499,704,35203,259
2021-07-24,Sonoma,97,501317,32686,31928,393,32321,327
2021-07-24,Stanislaus,99,539301,58646,57879,6494,64373,1030
2021-07-24,Sutter,101,95872,10063,9890,104,9994,115
2021-07-24,Tehama,103,63373,5207,5166,628,5794,65
2021-07-24,Trinity,105,12862,392,345,83,428,3
2021-07-24,Tulare,107,460477,50450,50104,10000,60104,854
2021-07-24,Tuolumne,109,53932,4344,4216,40,4256,64
2021-07-24,Ventura,111,848112,83501,82687,3532,86219,1041
2021-07-24,Yolo,113,214977,14874,14557,472,15029,214
2021-07-24,Yuba,115,75493,6614,6449,136,6585,51
2021-07-23,Alameda,1,1643700,95109,93170,2297,95467,1259
2021-07-23,Alpine,3,1148,89,89,0,89,0
2021-07-23,Amador,5,37829,3878,3816,35,3851,48
2021-07-23,Butte,7,227075,13206,12982,2056,15038,203
2021-07-23,Calaveras,9,45235,2285,2267,17,2284,57
2021-07-23,Colusa,11,21464,2002,1992,352,2344,16
2021-07-23,Contra Costa,13,1133247,75395,73682,1553,75235,830
2021-07-23,Del Norte,15,27424,1555,1497,10,1507,8
2021-07-23,El Dorado,17,186661,10985,10773,880,11653,116
2021-07-23,Fresno,19,978130,104654,103637,9373,113010,1736
2021-07-23,Glenn,21,27897,2462,2457,599,3056,20
2021-07-23,Humboldt,23,135768,4968,4780,69,4849,52
2021-07-23,Imperial,25,180216,29104,28996,2938,31934,742
2021-07-23,Inyo,27,18085,1434,1424,4,1428,38
2021-07-23,Kern,29,883053,99010,98261,12177,110438,1350
2021-07-23,Kings,31,150075,23540,23304,1256,24560,246
2021-07-23,Lake,33,64148,4191,3963,14,3977,64
2021-07-23,Lassen,35,31185,5317,5311,126,5437,21
2021-07-23,Los Angeles,37,10098052,1245462,1232164,47140,1279304,24623
2021-07-23,Madera,39,155013,17077,16885,1011,17896,245
2021-07-23,Marin,41,260295,14735,14454,295,14749,238
2021-07-23,Mariposa,43,17540,468,453,11,464,5
2021-07-23,Mendocino,45,87422,4431,4293,86,4379,49
2021-07-23,Merced,47,269075,31881,31661,1050,32711,473
2021-07-23,Modoc,49,8938,419,413,147,560,5
2021-07-23,Mono,51,14174,1279,1284,13,1297,3
2021-07-23,Monterey,53,433212,43664,43525,2013,45538,521
2021-07-23,Napa,55,140530,10388,10230,45,10275,81
2021-07-23,Nevada,57,99092,5348,5183,206,5389,72
2021-07-23,Orange,59,3164182,263134,259973,12449,272422,5141
2021-07-23,Placer,61,380077,25029,24530,1873,26403,303
2021-07-23,Plumas,63,18699,748,737,15,752,4
2021-07-23,Riverside,65,2383286,299721,296912,15302,312214,4552
2021-07-23,Sacramento,67,1510023,114388,112438,2227,114665,1698
2021-07-23,San Benito,69,59416,6236,6200,119,6319,63
2021-07-23,San Bernardino,71,2135413,300199,297899,9425,307324,5236
2021-07-23,San Diego,73,3302833,293749,289368,0,289368,3788
2021-07-23,San Francisco,75,870044,40129,38954,1557,40511,561
2021-07-23,San Joaquin,77,732212,76342,75461,4029,79490,1436
2021-07-23,San Luis Obispo,79,281455,21876,21616,832,22448,260
2021-07-23,San Mateo,81,765935,44534,43880,579,44459,542
2021-07-23,Santa Barbara,83,443738,35529,35071,1304,36375,465
2021-07-23,Santa Clara,85,1922200,122423,121092,871,121963,2099
2021-07-23,Santa Cruz,87,273765,16610,16416,885,17301,207
2021-07-23,Shasta,89,179085,12914,12759,1777,14536,211
2021-07-23,Sierra,91,2930,67,64,14,78,0
2021-07-23,Siskiyou,93,43540,2028,1951,450,2401,31
2021-07-23,Solano,95,438530,35281,34499,700,35199,259
2021-07-23,Sonoma,97,501317,32593,31928,392,32320,327
2021-07-23,Stanislaus,99,539301,58565,57879,6484,64363,1030
2021-07-23,Sutter,101,95872,10034,9890,104,9994,115
2021-07-23,Tehama,103,63373,5198,5166,628,5794,65
2021-07-23,Trinity,105,12862,391,345,82,427,3
2021-07-23,Tulare,107,460477,50405,50104,9974,60078,854
2021-07-23,Tuolumne,109,53932,4322,4216,40,4256,64
2021-07-23,Ventura,111,848112,83340,82687,3513,86200,1041
2021-07-23,Yolo,113,214977,14835,14557,465,15022,214
2021-07-23,Yuba,115,75493,6588,6449,136,6585,51
2021-07-22,Alameda,1,1643700,94746,93170,2292,95462,1259
2021-07-22,Alpine,3,1148,89,89,0,89,0
2021-07-22,Amador,5,37829,3869,3816,35,3851,48
2021-07-22,Butte,7,227075,13172,12982,2046,15028,203
2021-07-22,Calaveras,9,45235,2282,2267,17,2284,57
2021-07-22,Colusa,11,21464,2000,1992,350,2342,16
2021-07-22,Contra Costa,13,1133247,75059,73682,1549,75231,830
2021-07-22,Del Norte,15,27424,1539,1497,10,1507,8
2021-07-22,El Dorado,17,186661,10951,10773,872,11645,116
2021-07-22,Fresno,19,978130,104524,103637,9363,113000,1736
2021-07-22,Glenn,21,27897,2459,2457,598,3055,20
2021-07-22,Humboldt,23,135768,4937,4780,66,4846,52
2021-07-22,Imperial,25,180216,29074,28996,2938,31934,742
2021-07-22,Inyo,27,18085,1432,1424,4,1428,38
2021-07-22,Kern,29,883053,98898,98261,12132,110393,1350
2021-07-22,Kings,31,150075,23501,23304,1254,24558,246
2021-07-22,Lake,33,64148,4140,3963,14,3977,64
2021-07-22,Lassen,35,31185,5314,5311,126,5437,21
2021-07-22,Los Angeles,37,10098052,1243072,1232164,46977,1279141,24623
2021-07-22,Madera,39,155013,17042,16885,1009,17894,245
2021-07-22,Marin,41,260295,14694,14454,294,14748,238
2021-07-22,Mariposa,43,17540,461,453,11,464,5
2021-07-22,Mendocino,45,87422,4418,4293,85,4378,49
2021-07-22,Merced,47,269075,31839,31661,1048,32709,473
2021-07-22,Modoc,49,8938,419,413,147,560,5
2021-07-22,Mono,51,14174,1278,1284,13,1297,3
2021-07-22,Monterey,53,433212,43635,43525,2007,45532,521
2021-07-22,Napa,55,140530,10370,10230,45,10275,81
2021-07-22,Nevada,57,99092,5322,5183,205,5388,72
2021-07-22,Orange,59,3164182,262583,259973,12440,272413,5141
2021-07-22,Placer,61,380077,24935,24530,1860,26390,303
2021-07-22,Plumas,63,18699,747,737,15,752,4
2021-07-22,Riverside,65,2383286,299212,296912,15280,312192,4552
2021-07-22,Sacramento,67,1510023,113963,112438,2218,114656,1698
2021-07-22,San Benito,69,59416,6228,6200,119,6319,63
2021-07-22,San Bernardino,71,2135413,299800,297899,9409,307308,5236
2021-07-22,San Diego,73,3302833,293033,289368,0,289368,3788
2021-07-22,San Francisco,75,870044,39917,38954,1544,40498,561
2021-07-22,San Joaquin,77,732212,76200,75461,4015,79476,1436
2021-07-22,San Luis Obispo,79,281455,21840,21616,828,22444,260
2021-07-22,San Mateo,81,765935,44423,43880,574,44454,542
2021-07-22,Santa Barbara,83,443738,35468,35071,1302,36373,465
2021-07-22,Santa Clara,85,1922200,122180,121092,868,121960,2099
2021-07-22,Santa Cruz,87,273765,16573,16416,885,17301,207
2021-07-22,Shasta,89,179085,12890,12759,1773,14532,211
2021-07-22,Sierra,91,2930,65,64,14,78,0
2021-07-22,Siskiyou,93,43540,2025,1951,450,2401,31
2021-07-22,Solano,95,438530,35134,34499,692,35191,259
2021-07-22,Sonoma,97,501317,32484,31928,390,32318,327
2021-07-22,Stanislaus,99,539301,58437,57879,6471,64350,1030
2021-07-22,Sutter,101,95872,10013,9890,104,9994,115
2021-07-22,Tehama,103,63373,5192,5166,628,5794,65
2021-07-22,Trinity,105,12862,391,345,82,427,3
2021-07-22,Tulare,107,460477,50362,50104,9946,60050,854
2021-07-22,Tuolumne,109,53932,4310,4216,40,4256,64
2021-07-22,Ventura,111,848112,83205,82687,3500,86187,1041
2021-07-22,Yolo,113,214977,14798,14557,464,15021,214
2021-07-22,Yuba,115,75493,6557,6449,136,6585,51
2021-07-21,Alameda,1,1643700,94419,92840,2286,95126,1256
2021-07-21,Alpine,3,1148,89,89,0,89,0
2021-07-21,Amador,5,37829,3856,3813,35,3848,48
2021-07-21,Butte,7,227075,13131,12939,2041,14980,203
2021-07-21,Calaveras,9,45235,2281,2257,17,2274,57
2021-07-21,Colusa,11,21464,1996,1988,349,2337,16
2021-07-21,Contra Costa,13,1133247,74794,73320,1540,74860,827
2021-07-21,Del Norte,15,27424,1529,1492,10,1502,8
2021-07-21,El Dorado,17,186661,10916,10742,867,11609,116
2021-07-21,Fresno,19,978130,104379,103504,9353,112857,1736
2021-07-21,Glenn,21,27897,2457,2455,597,3052,20
2021-07-21,Humboldt,23,135768,4903,4763,64,4827,52
2021-07-21,Imperial,25,180216,29062,28964,2935,31899,742
2021-07-21,Inyo,27,18085,1432,1423,4,1427,38
2021-07-21,Kern,29,883053,98782,98152,12090,110242,1350
2021-07-21,Kings,31,150075,23473,23270,1250,24520,246
2021-07-21,Lake,33,64148,4075,3896,14,3910,64
2021-07-21,Lassen,35,31185,5311,5310,126,5436,21
2021-07-21,Los Angeles,37,10098052,1240599,1229598,46851,1276449,24609
2021-07-21,Madera,39,155013,17023,16858,1006,17864,245
2021-07-21,Marin,41,260295,14645,14427,294,14721,238
2021-07-21,Mariposa,43,17540,457,449,11,460,5
2021-07-21,Mendocino,45,87422,4400,4274,85,4359,49
2021-07-21,Merced,47,269075,31800,31607,1043,32650,473
2021-07-21,Modoc,49,8938,419,413,147,560,5
2021-07-21,Mono,51,14174,1275,1282,13,1295,3
2021-07-21,Monterey,53,433212,43605,43502,2003,45505,515
2021-07-21,Napa,55,140530,10345,10209,45,10254,81
2021-07-21,Nevada,57,99092,5287,5152,205,5357,72
2021-07-21,Orange,59,3164182,262037,259615,12408,272023,5139
2021-07-21,Placer,61,380077,24826,24441,1849,26290,303
2021-07-21,Plumas,63,18699,747,736,15,751,4
2021-07-21,Riverside,65,2383286,298699,296419,15263,311682,4552
2021-07-21,Sacramento,67,1510023,113554,112043,2207,114250,1696
2021-07-21,San Benito,69,59416,6218,6196,119,6315,63
2021-07-21,San Bernardino,71,2135413,299346,297519,9401,306920,5230
2021-07-21,San Diego,73,3302833,292187,288682,0,288682,3787
2021-07-21,San Francisco,75,870044,39692,38699,1539,40238,559
2021-07-21,San Joaquin,77,732212,76011,75288,4003,79291,1434
2021-07-21,San Luis Obispo,79,281455,21804,21579,825,22404,260
2021-07-21,San Mateo,81,765935,44331,43755,570,44325,542
2021-07-21,Santa Barbara,83,443738,35411,34998,1284,36282,465
2021-07-21,Santa Clara,85,1922200,121971,120838,865,121703,2099
2021-07-21,Santa Cruz,87,273765,16539,16407,885,17292,207
2021-07-21,Shasta,89,179085,12858,12751,1769,14520,211
2021-07-21,Sierra,91,2930,65,64,14,78,0
2021-07-21,Siskiyou,93,43540,2023,1943,448,2391,31
2021-07-21,Solano,95,438530,34979,34374,687,35061,258
2021-07-21,Sonoma,97,501317,32368,31789,390,32179,327
2021-07-21,Stanislaus,99,539301,58335,57774,6462,64236,1028
2021-07-21,Sutter,101,95872,9989,9862,104,9966,113
2021-07-21,Tehama,103,63373,5188,5161,628,5789,65
2021-07-21,Trinity,105,12862,390,345,81,426,3
2021-07-21,Tulare,107,460477,50303,50066,9919,59985,854
2021-07-21,Tuolumne,109,53932,4273,4156,40,4196,64
2021-07-21,Ventura,111,848112,83083,82573,3488,86061,1041
2021-07-21,Yolo,113,214977,14757,14525,463,14988,213
2021-07-21,Yuba,115,75493,6529,6425,136,6561,52
2021-07-20,Alameda,1,1643700,94038,92625,2273,94898,1256
2021-07-20,Alpine,3,1148,89,89,0,89,0
2021-07-20,Amador,5,37829,3845,3807,35,3842,48
2021-07-20,Butte,7,227075,13094,12916,2036,14952,203
2021-07-20,Calaveras,9,45235,2278,2249,17,2266,57
2021-07-20,Colusa,11,21464,1996,1985,349,2334,16
2021-07-20,Contra Costa,13,1133247,74509,73143,1521,74664,825
2021-07-20,Del Norte,15,27424,1519,1490,10,1500,8
2021-07-20,El Dorado,17,186661,10875,10727,861,11588,116
2021-07-20,Fresno,19,978130,104243,103438,9330,112768,1736
2021-07-20,Glenn,21,27897,2457,2453,597,3050,20
2021-07-20,Humboldt,23,135768,4859,4735,62,4797,52
2021-07-20,Imperial,25,180216,29042,28933,2935,31868,742
2021-07-20,Inyo,27,18085,1428,1420,4,1424,36
2021-07-20,Kern,29,883053,98674,98082,12061,110143,1350
2021-07-20,Kings,31,150075,23432,23254,1246,24500,246
2021-07-20,Lake,33,64148,4050,3871,14,3885,64
2021-07-20,Lassen,35,31185,5311,5306,126,5432,21
2021-07-20,Los Angeles,37,10098052,1237831,1227404,46692,1274096,24603
2021-07-20,Madera,39,155013,17002,16856,1002,17858,245
2021-07-20,Marin,41,260295,14611,14396,291,14687,234
2021-07-20,Mariposa,43,17540,456,448,11,459,5
2021-07-20,Mendocino,45,87422,4383,4259,85,4344,49
2021-07-20,Merced,47,269075,31762,31578,1035,32613,473
2021-07-20,Modoc,49,8938,419,413,147,560,5
2021-07-20,Mono,51,14174,1271,1281,13,1294,3
2021-07-20,Monterey,53,433212,43574,43481,2000,45481,515
2021-07-20,Napa,55,140530,10322,10191,45,10236,81
2021-07-20,Nevada,57,99092,5268,5148,204,5352,72
2021-07-20,Orange,59,3164182,261489,259303,12375,271678,5139
2021-07-20,Placer,61,380077,24740,24408,1823,26231,303
2021-07-20,Plumas,63,18699,745,736,15,751,4
2021-07-20,Riverside,65,2383286,298164,296118,15249,311367,4543
2021-07-20,Sacramento,67,1510023,113116,111796,2177,113973,1695
2021-07-20,San Benito,69,59416,6211,6196,119,6315,63
2021-07-20,San Bernardino,71,2135413,298925,297222,9376,306598,5231
2021-07-20,San Diego,73,3302833,291270,288209,0,288209,3786
2021-07-20,San Francisco,75,870044,39436,38536,1528,40064,558
2021-07-20,San Joaquin,77,732212,75839,75198,3990,79188,1433
2021-07-20,San Luis Obispo,79,281455,21759,21556,824,22380,259
2021-07-20,San Mateo,81,765935,44215,43670,568,44238,542
2021-07-20,Santa Barbara,83,443738,35341,34935,1277,36212,462
2021-07-20,Santa Clara,85,1922200,121714,120704,863,121567,2098
2021-07-20,Santa Cruz,87,273765,16510,16399,885,17284,207
2021-07-20,Shasta,89,179085,12832,12734,1764,14498,211
2021-07-20,Sierra,91,2930,65,64,14,78,0
2021-07-20,Siskiyou,93,43540,2019,1931,447,2378,31
2021-07-20,Solano,95,438530,34852,34337,680,35017,258
2021-07-20,Sonoma,97,501317,32250,31763,389,32152,326
2021-07-20,Stanislaus,99,539301,58219,57706,6456,64162,1028
2021-07-20,Sutter,101,95872,9963,9854,101,9955,114
2021-07-20,Tehama,103,63373,5186,5153,628,5781,65
2021-07-20,Trinity,105,12862,388,344,80,424,3
2021-07-20,Tulare,107,460477,50262,50047,9901,59948,854
2021-07-20,Tuolumne,109,53932,4254,4156,40,4196,64
2021-07-20,Ventura,111,848112,82930,82504,3471,85975,1041
2021-07-20,Yolo,113,214977,14694,14495,460,14955,213
2021-07-20,Yuba,115,75493,6504,6393,134,6527,52
2021-07-19,Alameda,1,1643700,93666,92357,2257,94614,1256
2021-07-19,Alpine,3,1148,89,89,0,89,0
2021-07-19,Amador,5,37829,3841,3802,35,3837,48
2021-07-19,Butte,7,227075,13049,12901,2030,14931,202
2021-07-19,Calaveras,9,45235,2277,2245,17,2262,57
2021-07-19,Colusa,11,21464,1994,1981,348,2329,16
2021-07-19,Contra Costa,13,1133247,74199,72935,1500,74435,825
2021-07-19,Del Norte,15,27424,1507,1484,10,1494,8
2021-07-19,El Dorado,17,186661,10845,10703,853,11556,114
2021-07-19,Fresno,19,978130,104118,103350,9313,112663,1731
2021-07-19,Glenn,21,27897,2457,2452,596,3048,20
2021-07-19,Humboldt,23,135768,4829,4719,60,4779,52
2021-07-19,Imperial,25,180216,29016,28888,2935,31823,742
2021-07-19,Inyo,27,18085,1427,1417,4,1421,36
2021-07-19,Kern,29,883053,98563,97999,12025,110024,1349
2021-07-19,Kings,31,150075,23400,23221,1240,24461,246
2021-07-19,Lake,33,64148,4014,3848,14,3862,64
2021-07-19,Lassen,35,31185,5310,5305,126,5431,21
2021-07-19,Los Angeles,37,10098052,1235253,1225946,46503,1272449,24600
2021-07-19,Madera,39,155013,16979,16846,999,17845,244
2021-07-19,Marin,41,260295,14576,14369,288,14657,234
2021-07-19,Mariposa,43,17540,450,447,11,458,5
2021-07-19,Mendocino,45,87422,4365,4251,85,4336,49
2021-07-19,Merced,47,269075,31698,31565,1028,32593,472
2021-07-19,Modoc,49,8938,419,413,147,560,5
2021-07-19,Mono,51,14174,1269,1280,13,1293,3
2021-07-19,Monterey,53,433212,43550,43436,1999,45435,515
2021-07-19,Napa,55,140530,10297,10180,43,10223,81
2021-07-19,Nevada,57,99092,5240,5133,203,5336,72
2021-07-19,Orange,59,3164182,260974,258927,12340,271267,5138
2021-07-19,Placer,61,380077,24640,24359,1801,26160,303
2021-07-19,Plumas,63,18699,745,730,15,745,4
2021-07-19,Riverside,65,2383286,297674,295736,15211,310947,4543
2021-07-19,Sacramento,67,1510023,112758,111470,2151,113621,1696
2021-07-19,San Benito,69,59416,6208,6193,119,6312,63
2021-07-19,San Bernardino,71,2135413,298556,296929,9356,306285,5235
2021-07-19,San Diego,73,3302833,290382,287695,0,287695,3786
2021-07-19,San Francisco,75,870044,39168,38463,1514,39977,560
2021-07-19,San Joaquin,77,732212,75673,75086,3984,79070,1431
2021-07-19,San Luis Obispo,79,281455,21714,21531,820,22351,259
2021-07-19,San Mateo,81,765935,44070,43563,559,44122,542
2021-07-19,Santa Barbara,83,443738,35269,34904,1274,36178,461
2021-07-19,Santa Clara,85,1922200,121456,120554,862,121416,2098
2021-07-19,Santa Cruz,87,273765,16494,16387,885,17272,207
2021-07-19,Shasta,89,179085,12814,12723,1762,14485,209
2021-07-19,Sierra,91,2930,64,64,14,78,0
2021-07-19,Siskiyou,93,43540,2014,1927,445,2372,31
2021-07-19,Solano,95,438530,34683,34262,669,34931,261
2021-07-19,Sonoma,97,501317,32127,31713,388,32101,325
2021-07-19,Stanislaus,99,539301,58118,57644,6445,64089,1027
2021-07-19,Sutter,101,95872,9947,9834,101,9935,114
2021-07-19,Tehama,103,63373,5179,5152,626,5778,65
2021-07-19,Trinity,105,12862,388,344,79,423,3
2021-07-19,Tulare,107,460477,50217,49994,9882,59876,855
2021-07-19,Tuolumne,109,53932,4243,4151,40,4191,64
2021-07-19,Ventura,111,848112,82834,82409,3449,85858,1041
2021-07-19,Yolo,113,214977,14663,14439,458,14897,213
2021-07-19,Yuba,115,75493,6480,6370,134,6504,52
2021-07-18,Alameda,1,1643700,93314,92162,2242,94404,1256
2021-07-18,Alpine,3,1148,89,89,0,89,0
2021-07-18,Amador,5,37829,3830,3799,35,3834,48
2021-07-18,Butte,7,227075,13008,12888,2024,14912,202
2021-07-18,Calaveras,9,45235,2276,2243,17,2260,57
2021-07-18,Colusa,11,21464,1994,1981,347,2328,16
2021-07-18,Contra Costa,13,1133247,73884,72849,1482,74331,825
2021-07-18,Del Norte,15,27424,1498,1482,10,1492,8
2021-07-18,El Dorado,17,186661,10807,10687,845,11532,114
2021-07-18,Fresno,19,978130,103966,103298,9294,112592,1731
2021-07-18,Glenn,21,27897,2456,2452,595,3047,20
2021-07-18,Humboldt,23,135768,4793,4714,60,4774,52
2021-07-18,Imperial,25,180216,28980,28877,2934,31811,742
2021-07-18,Inyo,27,18085,1423,1417,4,1421,36
2021-07-18,Kern,29,883053,98437,97963,11983,109946,1349
2021-07-18,Kings,31,150075,23379,23203,1236,24439,246
2021-07-18,Lake,33,64148,3978,3825,14,3839,64
2021-07-18,Lassen,35,31185,5310,5305,126,5431,21
2021-07-18,Los Angeles,37,10098052,1232591,1224691,46320,1271011,24598
2021-07-18,Madera,39,155013,16954,16838,995,17833,244
2021-07-18,Marin,41,260295,14540,14358,286,14644,234
2021-07-18,Mariposa,43,17540,449,447,11,458,5
2021-07-18,Mendocino,45,87422,4345,4246,85,4331,49
2021-07-18,Merced,47,269075,31667,31537,1026,32563,471
2021-07-18,Modoc,49,8938,419,413,147,560,5
2021-07-18,Mono,51,14174,1268,1280,13,1293,3
2021-07-18,Monterey,53,433212,43532,43422,1990,45412,515
2021-07-18,Napa,55,140530,10280,10174,40,10214,81
2021-07-18,Nevada,57,99092,5214,5124,203,5327,72
2021-07-18,Orange,59,3164182,260491,258724,12310,271034,5138
2021-07-18,Placer,61,380077,24576,24313,1775,26088,303
2021-07-18,Plumas,63,18699,745,730,15,745,4
2021-07-18,Riverside,65,2383286,297182,295522,15170,310692,4543
2021-07-18,Sacramento,67,1510023,112332,111255,2120,113375,1696
2021-07-18,San Benito,69,59416,6200,6191,119,6310,63
2021-07-18,San Bernardino,71,2135413,298073,296739,9340,306079,5233
2021-07-18,San Diego,73,3302833,289567,286287,0,286287,3786
2021-07-18,San Francisco,75,870044,38937,38367,1502,39869,560
2021-07-18,San Joaquin,77,732212,75499,74997,3971,78968,1431
2021-07-18,San Luis Obispo,79,281455,21678,21527,817,22344,259
2021-07-18,San Mateo,81,765935,43956,43506,553,44059,542
2021-07-18,Santa Barbara,83,443738,35204,34880,1272,36152,461
2021-07-18,Santa Clara,85,1922200,121243,120438,854,121292,2098
2021-07-18,Santa Cruz,87,273765,16462,16372,884,17256,207
2021-07-18,Shasta,89,179085,12789,12714,1758,14472,209
2021-07-18,Sierra,91,2930,64,64,14,78,0
2021-07-18,Siskiyou,93,43540,2008,1927,440,2367,31
2021-07-18,Solano,95,438530,34564,34215,665,34880,261
2021-07-18,Sonoma,97,501317,32023,31675,387,32062,325
2021-07-18,Stanislaus,99,539301,58007,57600,6420,64020,1028
2021-07-18,Sutter,101,95872,9915,9826,100,9926,114
2021-07-18,Tehama,103,63373,5176,5150,625,5775,65
2021-07-18,Trinity,105,12862,388,344,79,423,3
2021-07-18,Tulare,107,460477,50165,49985,9859,59844,855
2021-07-18,Tuolumne,109,53932,4225,4149,40,4189,64
2021-07-18,Ventura,111,848112,82723,82361,3423,85784,1041
2021-07-18,Yolo,113,214977,14606,14425,452,14877,213
2021-07-18,Yuba,115,75493,6439,6357,134,6491,52
2021-07-17,Alameda,1,1643700,93095,91346,2229,93575,1255
2021-07-17,Alpine,3,1148,89,89,0,89,0
2021-07-17,Amador,5,37829,3821,3785,35,3820,48
2021-07-17,Butte,7,227075,12995,12824,2019,14843,202
2021-07-17,Calaveras,9,45235,2270,2237,17,2254,57
2021-07-17,Colusa,11,21464,1991,1976,347,2323,16
2021-07-17,Contra Costa,13,1133247,73704,72254,1468,73722,824
2021-07-17,Del Norte,15,27424,1490,1475,10,1485,8
2021-07-17,El Dorado,17,186661,10780,10622,841,11463,114
2021-07-17,Fresno,19,978130,103894,103055,9280,112335,1730
2021-07-17,Glenn,21,27897,2455,2451,595,3046,20
2021-07-17,Humboldt,23,135768,4780,4654,59,4713,52
2021-07-17,Imperial,25,180216,28964,28840,2934,31774,742
2021-07-17,Inyo,27,18085,1423,1416,4,1420,36
2021-07-17,Kern,29,883053,98381,97796,11946,109742,1348
2021-07-17,Kings,31,150075,23358,23163,1235,24398,246
2021-07-17,Lake,33,64148,3953,3760,14,3774,64
2021-07-17,Lassen,35,31185,5310,5302,126,5428,21
2021-07-17,Los Angeles,37,10098052,1231087,1219733,46171,1265904,24582
2021-07-17,Madera,39,155013,16946,16804,995,17799,240
2021-07-17,Marin,41,260295,14522,14297,284,14581,234
2021-07-17,Mariposa,43,17540,449,445,11,456,5
2021-07-17,Mendocino,45,87422,4333,4209,85,4294,49
2021-07-17,Merced,47,269075,31646,31451,1022,32473,471
2021-07-17,Modoc,49,8938,419,412,147,559,5
2021-07-17,Mono,51,14174,1266,1277,13,1290,3
2021-07-17,Monterey,53,433212,43510,43367,1983,45350,515
2021-07-17,Napa,55,140530,10264,10129,40,10169,81
2021-07-17,Nevada,57,99092,5199,5066,203,5269,72
2021-07-17,Orange,59,3164182,260184,257805,12271,270076,5136
2021-07-17,Placer,61,380077,24509,24169,1761,25930,303
2021-07-17,Plumas,63,18699,740,721,15,736,4
2021-07-17,Riverside,65,2383286,296875,294751,15138,309889,4542
2021-07-17,Sacramento,67,1510023,112098,110432,2098,112530,1694
2021-07-17,San Benito,69,59416,6194,6181,119,6300,63
2021-07-17,San Bernardino,71,2135413,297846,296048,9321,305369,5218
2021-07-17,San Diego,73,3302833,289161,285698,0,285698,3786
2021-07-17,San Francisco,75,870044,38817,37978,1498,39476,560
2021-07-17,San Joaquin,77,732212,75413,74695,3963,78658,1430
2021-07-17,San Luis Obispo,79,281455,21652,21462,816,22278,258
2021-07-17,San Mateo,81,765935,43886,43324,551,43875,542
2021-07-17,Santa Barbara,83,443738,35164,34769,1270,36039,461
2021-07-17,Santa Clara,85,1922200,121071,119980,851,120831,2097
2021-07-17,Santa Cruz,87,273765,16455,16337,884,17221,207
2021-07-17,Shasta,89,179085,12774,12683,1753,14436,210
2021-07-17,Sierra,91,2930,64,62,14,76,0
2021-07-17,Siskiyou,93,43540,2003,1922,437,2359,29
2021-07-17,Solano,95,438530,34500,34015,657,34672,263
2021-07-17,Sonoma,97,501317,31956,31536,386,31922,322
2021-07-17,Stanislaus,99,539301,57929,57400,6406,63806,1028
2021-07-17,Sutter,101,95872,9905,9778,100,9878,114
2021-07-17,Tehama,103,63373,5173,5145,625,5770,64
2021-07-17,Trinity,105,12862,387,341,79,420,3
2021-07-17,Tulare,107,460477,50144,49937,9847,59784,854
2021-07-17,Tuolumne,109,53932,4215,4131,40,4171,64
2021-07-17,Ventura,111,848112,82656,82125,3411,85536,1041
2021-07-17,Yolo,113,214977,14577,14356,444,14800,213
2021-07-17,Yuba,115,75493,6428,6309,134,6443,52
2021-07-16,Alameda,1,1643700,92861,91346,2217,93563,1255
2021-07-16,Alpine,3,1148,89,89,0,89,0
2021-07-16,Amador,5,37829,3818,3785,35,3820,48
2021-07-16,Butte,7,227075,12970,12824,2016,14840,202
2021-07-16,Calaveras,9,45235,2270,2237,17,2254,57
2021-07-16,Colusa,11,21464,1989,1976,346,2322,16
2021-07-16,Contra Costa,13,1133247,73517,72254,1462,73716,824
2021-07-16,Del Norte,15,27424,1488,1475,10,1485,8
2021-07-16,El Dorado,17,186661,10761,10622,840,11462,114
2021-07-16,Fresno,19,978130,103842,103055,9261,112316,1730
2021-07-16,Glenn,21,27897,2455,2451,595,3046,20
2021-07-16,Humboldt,23,135768,4758,4654,59,4713,52
2021-07-16,Imperial,25,180216,28952,28840,2934,31774,742
2021-07-16,Inyo,27,18085,1421,1416,4,1420,36
2021-07-16,Kern,29,883053,98319,97796,11906,109702,1348
2021-07-16,Kings,31,150075,23335,23163,1232,24395,246
2021-07-16,Lake,33,64148,3926,3760,14,3774,64
2021-07-16,Lassen,35,31185,5309,5302,126,5428,21
2021-07-16,Los Angeles,37,10098052,1229599,1219733,46023,1265756,24582
2021-07-16,Madera,39,155013,16928,16804,995,17799,240
2021-07-16,Marin,41,260295,14498,14297,281,14578,234
2021-07-16,Mariposa,43,17540,449,445,11,456,5
2021-07-16,Mendocino,45,87422,4324,4209,84,4293,49
2021-07-16,Merced,47,269075,31624,31451,1020,32471,471
2021-07-16,Modoc,49,8938,419,412,147,559,5
2021-07-16,Mono,51,14174,1265,1277,13,1290,3
2021-07-16,Monterey,53,433212,43488,43367,1982,45349,515
2021-07-16,Napa,55,140530,10240,10129,39,10168,81
2021-07-16,Nevada,57,99092,5189,5066,203,5269,72
2021-07-16,Orange,59,3164182,259911,257805,12231,270036,5136
2021-07-16,Placer,61,380077,24457,24169,1755,25924,303
2021-07-16,Plumas,63,18699,739,721,15,736,4
2021-07-16,Riverside,65,2383286,296599,294751,15112,309863,4542
2021-07-16,Sacramento,67,1510023,111883,110432,2086,112518,1694
2021-07-16,San Benito,69,59416,6192,6181,119,6300,63
2021-07-16,San Bernardino,71,2135413,297572,296048,9304,305352,5218
2021-07-16,San Diego,73,3302833,288715,285698,0,285698,3786
2021-07-16,San Francisco,75,870044,38699,37978,1492,39470,560
2021-07-16,San Joaquin,77,732212,75319,74695,3960,78655,1430
2021-07-16,San Luis Obispo,79,281455,21635,21462,816,22278,258
2021-07-16,San Mateo,81,765935,43834,43324,549,43873,542
2021-07-16,Santa Barbara,83,443738,35126,34769,1270,36039,461
2021-07-16,Santa Clara,85,1922200,120923,119980,843,120823,2097
2021-07-16,Santa Cruz,87,273765,16442,16337,883,17220,207
2021-07-16,Shasta,89,179085,12764,12683,1752,14435,210
2021-07-16,Sierra,91,2930,64,62,14,76,0
2021-07-16,Siskiyou,93,43540,2001,1922,435,2357,29
2021-07-16,Solano,95,438530,34436,34015,649,34664,263
2021-07-16,Sonoma,97,501317,31904,31536,383,31919,322
2021-07-16,Stanislaus,99,539301,57881,57400,6393,63793,1028
2021-07-16,Sutter,101,95872,9893,9778,100,9878,114
2021-07-16,Tehama,103,63373,5171,5145,625,5770,64
2021-07-16,Trinity,105,12862,387,341,78,419,3
2021-07-16,Tulare,107,460477,50120,49937,9837,59774,854
2021-07-16,Tuolumne,109,53932,4209,4131,40,4171,64
2021-07-16,Ventura,111,848112,82592,82125,3404,85529,1041
2021-07-16,Yolo,113,214977,14551,14356,440,14796,213
2021-07-16,Yuba,115,75493,6406,6309,134,6443,52
2021-07-15,Alameda,1,1643700,92565,91346,2208,93554,1255
2021-07-15,Alpine,3,1148,89,89,0,89,0
2021-07-15,Amador,5,37829,3815,3785,35,3820,48
2021-07-15,Butte,7,227075,12944,12824,2014,14838,202
2021-07-15,Calaveras,9,45235,2268,2237,17,2254,57
2021-07-15,Colusa,11,21464,1988,1976,345,2321,16
2021-07-15,Contra Costa,13,1133247,73304,72254,1454,73708,824
2021-07-15,Del Norte,15,27424,1485,1475,10,1485,8
2021-07-15,El Dorado,17,186661,10734,10622,838,11460,114
2021-07-15,Fresno,19,978130,103746,103055,9240,112295,1730
2021-07-15,Glenn,21,27897,2455,2451,595,3046,20
2021-07-15,Humboldt,23,135768,4739,4654,58,4712,52
2021-07-15,Imperial,25,180216,28929,28840,2934,31774,742
2021-07-15,Inyo,27,18085,1421,1416,4,1420,36
2021-07-15,Kern,29,883053,98249,97796,11878,109674,1348
2021-07-15,Kings,31,150075,23298,23163,1229,24392,246
2021-07-15,Lake,33,64148,3887,3760,14,3774,64
2021-07-15,Lassen,35,31185,5308,5302,126,5428,21
2021-07-15,Los Angeles,37,10098052,1227633,1219733,45858,1265591,24582
2021-07-15,Madera,39,155013,16906,16804,991,17795,240
2021-07-15,Marin,41,260295,14474,14297,281,14578,234
2021-07-15,Mariposa,43,17540,449,445,11,456,5
2021-07-15,Mendocino,45,87422,4316,4209,83,4292,49
2021-07-15,Merced,47,269075,31594,31451,1020,32471,471
2021-07-15,Modoc,49,8938,419,412,147,559,5
2021-07-15,Mono,51,14174,1265,1277,13,1290,3
2021-07-15,Monterey,53,433212,43459,43367,1979,45346,515
2021-07-15,Napa,55,140530,10215,10129,38,10167,81
2021-07-15,Nevada,57,99092,5171,5066,202,5268,72
2021-07-15,Orange,59,3164182,259559,257805,12210,270015,5136
2021-07-15,Placer,61,380077,24398,24169,1738,25907,303
2021-07-15,Plumas,63,18699,738,721,15,736,4
2021-07-15,Riverside,65,2383286,296278,294751,15096,309847,4542
2021-07-15,Sacramento,67,1510023,111583,110432,2069,112501,1694
2021-07-15,San Benito,69,59416,6190,6181,119,6300,63
2021-07-15,San Bernardino,71,2135413,297266,296048,9290,305338,5218
2021-07-15,San Diego,73,3302833,288083,285698,0,285698,3786
2021-07-15,San Francisco,75,870044,38549,37978,1483,39461,560
2021-07-15,San Joaquin,77,732212,75203,74695,3955,78650,1430
2021-07-15,San Luis Obispo,79,281455,21602,21462,815,22277,258
2021-07-15,San Mateo,81,765935,43730,43324,545,43869,542
2021-07-15,Santa Barbara,83,443738,35073,34769,1269,36038,461
2021-07-15,Santa Clara,85,1922200,120801,119980,840,120820,2097
2021-07-15,Santa Cruz,87,273765,16429,16337,883,17220,207
2021-07-15,Shasta,89,179085,12756,12683,1747,14430,210
2021-07-15,Sierra,91,2930,64,62,14,76,0
2021-07-15,Siskiyou,93,43540,2000,1922,435,2357,29
2021-07-15,Solano,95,438530,34362,34015,643,34658,263
2021-07-15,Sonoma,97,501317,31842,31536,383,31919,322
2021-07-15,Stanislaus,99,539301,57813,57400,6380,63780,1028
2021-07-15,Sutter,101,95872,9873,9778,100,9878,114
2021-07-15,Tehama,103,63373,5165,5145,624,5769,64
2021-07-15,Trinity,105,12862,387,341,78,419,3
2021-07-15,Tulare,107,460477,50099,49937,9820,59757,854
2021-07-15,Tuolumne,109,53932,4197,4131,40,4171,64
2021-07-15,Ventura,111,848112,82515,82125,3399,85524,1041
2021-07-15,Yolo,113,214977,14525,14356,439,14795,213
2021-07-15,Yuba,115,75493,6391,6309,134,6443,52
2021-07-14,Alameda,1,1643700,92307,91092,2189,93281,1255
2021-07-14,Alpine,3,1148,89,89,0,89,0
2021-07-14,Amador,5,37829,3807,3784,35,3819,48
2021-07-14,Butte,7,227075,12917,12813,2007,14820,202
2021-07-14,Calaveras,9,45235,2260,2234,17,2251,57
2021-07-14,Colusa,11,21464,1985,1974,345,2319,16
2021-07-14,Contra Costa,13,1133247,73079,72091,1441,73532,823
2021-07-14,Del Norte,15,27424,1484,1472,10,1482,8
2021-07-14,El Dorado,17,186661,10708,10598,835,11433,114
2021-07-14,Fresno,19,978130,103667,102966,9229,112195,1728
2021-07-14,Glenn,21,27897,2455,2449,595,3044,20
2021-07-14,Humboldt,23,135768,4716,4644,56,4700,52
2021-07-14,Imperial,25,180216,28899,28822,2934,31756,742
2021-07-14,Inyo,27,18085,1420,1415,4,1419,36
2021-07-14,Kern,29,883053,98186,97736,11852,109588,1346
2021-07-14,Kings,31,150075,23285,23142,1229,24371,246
2021-07-14,Lake,33,64148,3854,3739,14,3753,63
2021-07-14,Lassen,35,31185,5307,5298,126,5424,21
2021-07-14,Los Angeles,37,10098052,1225631,1218265,45711,1263976,24578
2021-07-14,Madera,39,155013,16894,16786,989,17775,240
2021-07-14,Marin,41,260295,14440,14269,279,14548,233
2021-07-14,Mariposa,43,17540,447,445,11,456,5
2021-07-14,Mendocino,45,87422,4303,4193,83,4276,49
2021-07-14,Merced,47,269075,31557,31412,1017,32429,471
2021-07-14,Modoc,49,8938,419,412,147,559,4
2021-07-14,Mono,51,14174,1265,1278,13,1291,3
2021-07-14,Monterey,53,433212,43436,43347,1976,45323,504
2021-07-14,Napa,55,140530,10193,10121,38,10159,81
2021-07-14,Nevada,57,99092,5152,5058,202,5260,72
2021-07-14,Orange,59,3164182,259241,257558,12181,269739,5137
2021-07-14,Placer,61,380077,24347,24125,1726,25851,303
2021-07-14,Plumas,63,18699,731,719,15,734,4
2021-07-14,Riverside,65,2383286,295953,294511,15079,309590,4542
2021-07-14,Sacramento,67,1510023,111256,110193,2047,112240,1688
2021-07-14,San Benito,69,59416,6187,6177,119,6296,63
2021-07-14,San Bernardino,71,2135413,296968,295820,9274,305094,5193
2021-07-14,San Diego,73,3302833,287516,285269,0,285269,3786
2021-07-14,San Francisco,75,870044,38409,37836,1476,39312,559
2021-07-14,San Joaquin,77,732212,75112,74599,3946,78545,1416
2021-07-14,San Luis Obispo,79,281455,21580,21444,813,22257,258
2021-07-14,San Mateo,81,765935,43633,43249,541,43790,542
2021-07-14,Santa Barbara,83,443738,35033,34719,1267,35986,461
2021-07-14,Santa Clara,85,1922200,120651,119844,837,120681,2098
2021-07-14,Santa Cruz,87,273765,16415,16326,883,17209,207
2021-07-14,Shasta,89,179085,12736,12669,1744,14413,209
2021-07-14,Sierra,91,2930,64,62,14,76,0
2021-07-14,Siskiyou,93,43540,1993,1922,432,2354,29
2021-07-14,Solano,95,438530,34290,33948,643,34591,268
2021-07-14,Sonoma,97,501317,31790,31470,383,31853,322
2021-07-14,Stanislaus,99,539301,57738,57340,6368,63708,1028
2021-07-14,Sutter,101,95872,9850,9766,100,9866,114
2021-07-14,Tehama,103,63373,5163,5142,624,5766,64
2021-07-14,Trinity,105,12862,387,341,78,419,3
2021-07-14,Tulare,107,460477,50083,49908,9805,59713,853
2021-07-14,Tuolumne,109,53932,4194,4128,39,4167,64
2021-07-14,Ventura,111,848112,82422,82041,3387,85428,1040
2021-07-14,Yolo,113,214977,14492,14332,436,14768,213
2021-07-14,Yuba,115,75493,6373,6294,134,6428,52
2021-07-13,Alameda,1,1643700,92039,90874,2178,93052,1255
2021-07-13,Alpine,3,1148,89,89,0,89,0
2021-07-13,Amador,5,37829,3800,3783,35,3818,48
2021-07-13,Butte,7,227075,12904,12802,2005,14807,202
2021-07-13,Calaveras,9,45235,2256,2230,17,2247,57
2021-07-13,Colusa,11,21464,1983,1972,341,2313,16
2021-07-13,Contra Costa,13,1133247,72855,71963,1432,73395,823
2021-07-13,Del Norte,15,27424,1482,1471,10,1481,8
2021-07-13,El Dorado,17,186661,10690,10581,832,11413,114
2021-07-13,Fresno,19,978130,103591,102909,9220,112129,1727
2021-07-13,Glenn,21,27897,2453,2448,595,3043,20
2021-07-13,Humboldt,23,135768,4701,4634,56,4690,51
2021-07-13,Imperial,25,180216,28888,28792,2934,31726,741
2021-07-13,Inyo,27,18085,1419,1415,4,1419,36
2021-07-13,Kern,29,883053,98098,97698,11813,109511,1346
2021-07-13,Kings,31,150075,23267,23132,1229,24361,246
2021-07-13,Lake,33,64148,3827,3719,13,3732,63
2021-07-13,Lassen,35,31185,5305,5292,126,5418,21
2021-07-13,Los Angeles,37,10098052,1223794,1217184,45537,1262721,24569
2021-07-13,Madera,39,155013,16885,16773,985,17758,240
2021-07-13,Marin,41,260295,14411,14254,278,14532,233
2021-07-13,Mariposa,43,17540,446,443,11,454,5
2021-07-13,Mendocino,45,87422,4296,4185,83,4268,49
2021-07-13,Merced,47,269075,31536,31379,1014,32393,471
2021-07-13,Modoc,49,8938,419,411,146,557,4
2021-07-13,Mono,51,14174,1264,1277,13,1290,3
2021-07-13,Monterey,53,433212,43418,43333,1972,45305,504
2021-07-13,Napa,55,140530,10172,10118,38,10156,81
2021-07-13,Nevada,57,99092,5127,5053,202,5255,72
2021-07-13,Orange,59,3164182,258908,257339,12150,269489,5136
2021-07-13,Placer,61,380077,24300,24091,1713,25804,303
2021-07-13,Plumas,63,18699,730,716,15,731,4
2021-07-13,Riverside,65,2383286,295631,294302,15052,309354,4541
2021-07-13,Sacramento,67,1510023,110953,109990,2026,112016,1687
2021-07-13,San Benito,69,59416,6185,6173,119,6292,63
2021-07-13,San Bernardino,71,2135413,296684,295596,9252,304848,5183
2021-07-13,San Diego,73,3302833,286974,284997,0,284997,3785
2021-07-13,San Francisco,75,870044,38265,37725,1469,39194,559
2021-07-13,San Joaquin,77,732212,74995,74500,3942,78442,1417
2021-07-13,San Luis Obispo,79,281455,21554,21423,810,22233,258
2021-07-13,San Mateo,81,765935,43565,43180,540,43720,542
2021-07-13,Santa Barbara,83,443738,34984,34679,1264,35943,461
2021-07-13,Santa Clara,85,1922200,120496,119727,833,120560,2098
2021-07-13,Santa Cruz,87,273765,16406,16315,881,17196,207
2021-07-13,Shasta,89,179085,12723,12659,1737,14396,209
2021-07-13,Sierra,91,2930,64,62,14,76,0
2021-07-13,Siskiyou,93,43540,1992,1916,430,2346,29
2021-07-13,Solano,95,438530,34228,33918,637,34555,268
2021-07-13,Sonoma,97,501317,31731,31431,383,31814,322
2021-07-13,Stanislaus,99,539301,57670,57282,6353,63635,1028
2021-07-13,Sutter,101,95872,9832,9752,99,9851,114
2021-07-13,Tehama,103,63373,5156,5144,624,5768,64
2021-07-13,Trinity,105,12862,387,341,77,418,3
2021-07-13,Tulare,107,460477,50059,49891,9789,59680,853
2021-07-13,Tuolumne,109,53932,4186,4122,38,4160,64
2021-07-13,Ventura,111,848112,82339,81982,3361,85343,1040
2021-07-13,Yolo,113,214977,14464,14320,429,14749,213
2021-07-13,Yuba,115,75493,6357,6279,134,6413,52
2021-07-12,Alameda,1,1643700,91783,90720,2169,92889,1254
2021-07-12,Alpine,3,1148,89,89,0,89,0
2021-07-12,Amador,5,37829,3793,3781,35,3816,47
2021-07-12,Butte,7,227075,12884,12796,2003,14799,202
2021-07-12,Calaveras,9,45235,2253,2228,17,2245,57
2021-07-12,Colusa,11,21464,1979,1971,339,2310,16
2021-07-12,Contra Costa,13,1133247,72654,71833,1427,73260,823
2021-07-12,Del Norte,15,27424,1479,1469,10,1479,8
2021-07-12,El Dorado,17,186661,10661,10569,829,11398,114
2021-07-12,Fresno,19,978130,103498,102853,9208,112061,1728
2021-07-12,Glenn,21,27897,2453,2446,595,3041,20
2021-07-12,Humboldt,23,135768,4685,4621,56,4677,51
2021-07-12,Imperial,25,180216,28858,28789,2934,31723,741
2021-07-12,Inyo,27,18085,1419,1415,4,1419,36
2021-07-12,Kern,29,883053,98029,97660,11789,109449,1346
2021-07-12,Kings,31,150075,23247,23124,1227,24351,246
2021-07-12,Lake,33,64148,3806,3706,13,3719,63
2021-07-12,Lassen,35,31185,5304,5292,126,5418,21
2021-07-12,Los Angeles,37,10098052,1222019,1216230,45392,1261622,24559
2021-07-12,Madera,39,155013,16875,16772,985,17757,240
2021-07-12,Marin,41,260295,14386,14238,277,14515,233
2021-07-12,Mariposa,43,17540,446,442,11,453,5
2021-07-12,Mendocino,45,87422,4285,4175,83,4258,49
2021-07-12,Merced,47,269075,31505,31374,1013,32387,471
2021-07-12,Modoc,49,8938,418,411,146,557,4
2021-07-12,Mono,51,14174,1262,1275,13,1288,3
2021-07-12,Monterey,53,433212,43397,43315,1968,45283,504
2021-07-12,Napa,55,140530,10154,10104,37,10141,81
2021-07-12,Nevada,57,99092,5104,5046,202,5248,72
2021-07-12,Orange,59,3164182,258556,257171,12125,269296,5136
2021-07-12,Placer,61,380077,24251,24052,1707,25759,302
2021-07-12,Plumas,63,18699,730,716,15,731,4
2021-07-12,Riverside,65,2383286,295322,294108,15022,309130,4541
2021-07-12,Sacramento,67,1510023,110737,109849,2003,111852,1685
2021-07-12,San Benito,69,59416,6182,6166,119,6285,63
2021-07-12,San Bernardino,71,2135413,296419,295447,9238,304685,5171
2021-07-12,San Diego,73,3302833,286510,284648,0,284648,3785
2021-07-12,San Francisco,75,870044,38118,37656,1465,39121,559
2021-07-12,San Joaquin,77,732212,74901,74424,3931,78355,1415
2021-07-12,San Luis Obispo,79,281455,21535,21408,809,22217,258
2021-07-12,San Mateo,81,765935,43472,43138,533,43671,542
2021-07-12,Santa Barbara,83,443738,34942,34664,1262,35926,461
2021-07-12,Santa Clara,85,1922200,120332,119634,830,120464,2098
2021-07-12,Santa Cruz,87,273765,16381,16310,880,17190,207
2021-07-12,Shasta,89,179085,12715,12648,1734,14382,208
2021-07-12,Sierra,91,2930,64,62,14,76,0
2021-07-12,Siskiyou,93,43540,1987,1916,425,2341,29
2021-07-12,Solano,95,438530,34142,33859,628,34487,268
2021-07-12,Sonoma,97,501317,31683,31377,382,31759,322
2021-07-12,Stanislaus,99,539301,57597,57243,6346,63589,1028
2021-07-12,Sutter,101,95872,9815,9736,98,9834,114
2021-07-12,Tehama,103,63373,5151,5138,623,5761,63
2021-07-12,Trinity,105,12862,383,340,75,415,3
2021-07-12,Tulare,107,460477,50032,49882,9775,59657,853
2021-07-12,Tuolumne,109,53932,4182,4116,38,4154,64
2021-07-12,Ventura,111,848112,82239,81919,3339,85258,1040
2021-07-12,Yolo,113,214977,14435,14303,425,14728,213
2021-07-12,Yuba,115,75493,6342,6266,134,6400,52
2021-07-11,Alameda,1,1643700,91456,90597,2154,92751,1254
2021-07-11,Alpine,3,1148,89,89,0,89,0
2021-07-11,Amador,5,37829,3791,3779,35,3814,47
2021-07-11,Butte,7,227075,12864,12794,1996,14790,202
2021-07-11,Calaveras,9,45235,2245,2226,16,2242,57
2021-07-11,Colusa,11,21464,1979,1971,338,2309,16
2021-07-11,Contra Costa,13,1133247,72445,71744,1420,73164,823
2021-07-11,Del Norte,15,27424,1475,1467,9,1476,8
2021-07-11,El Dorado,17,186661,10632,10554,827,11381,114
2021-07-11,Fresno,19,978130,103403,102813,9189,112002,1728
2021-07-11,Glenn,21,27897,2452,2446,595,3041,20
2021-07-11,Humboldt,23,135768,4672,4611,55,4666,51
2021-07-11,Imperial,25,180216,28840,28787,2933,31720,741
2021-07-11,Inyo,27,18085,1417,1415,4,1419,36
2021-07-11,Kern,29,883053,97956,97637,11773,109410,1346
2021-07-11,Kings,31,150075,23216,23116,1224,24340,246
2021-07-11,Lake,33,64148,3775,3699,13,3712,63
2021-07-11,Lassen,35,31185,5301,5291,126,5417,21
2021-07-11,Los Angeles,37,10098052,1220282,1215182,45229,1260411,24558
2021-07-11,Madera,39,155013,16857,16766,984,17750,240
2021-07-11,Marin,41,260295,14361,14231,277,14508,233
2021-07-11,Mariposa,43,17540,445,442,11,453,5
2021-07-11,Mendocino,45,87422,4266,4167,83,4250,49
2021-07-11,Merced,47,269075,31481,31366,1007,32373,471
2021-07-11,Modoc,49,8938,417,411,146,557,4
2021-07-11,Mono,51,14174,1262,1275,13,1288,3
2021-07-11,Monterey,53,433212,43379,43307,1963,45270,504
2021-07-11,Napa,55,140530,10150,10100,37,10137,81
2021-07-11,Nevada,57,99092,5093,5035,201,5236,72
2021-07-11,Orange,59,3164182,258245,257009,12095,269104,5136
2021-07-11,Placer,61,380077,24195,24017,1695,25712,302
2021-07-11,Plumas,63,18699,730,716,15,731,4
2021-07-11,Riverside,65,2383286,295058,293969,15002,308971,4541
2021-07-11,Sacramento,67,1510023,110465,109696,1992,111688,1685
2021-07-11,San Benito,69,59416,6177,6163,119,6282,63
2021-07-11,San Bernardino,71,2135413,296113,295342,9214,304556,5167
2021-07-11,San Diego,73,3302833,286097,283819,0,283819,3784
2021-07-11,San Francisco,75,870044,37991,37596,1459,39055,559
2021-07-11,San Joaquin,77,732212,74786,74376,3914,78290,1415
2021-07-11,San Luis Obispo,79,281455,21501,21403,808,22211,258
2021-07-11,San Mateo,81,765935,43392,43107,526,43633,542
2021-07-11,Santa Barbara,83,443738,34896,34646,1262,35908,461
2021-07-11,Santa Clara,85,1922200,120178,119549,829,120378,2098
2021-07-11,Santa Cruz,87,273765,16365,16303,880,17183,207
2021-07-11,Shasta,89,179085,12698,12647,1732,14379,208
2021-07-11,Sierra,91,2930,64,62,14,76,0
2021-07-11,Siskiyou,93,43540,1983,1915,423,2338,29
2021-07-11,Solano,95,438530,34064,33837,624,34461,268
2021-07-11,Sonoma,97,501317,31600,31352,382,31734,322
2021-07-11,Stanislaus,99,539301,57524,57230,6333,63563,1028
2021-07-11,Sutter,101,95872,9801,9728,98,9826,114
2021-07-11,Tehama,103,63373,5148,5138,623,5761,63
2021-07-11,Trinity,105,12862,382,340,75,415,3
2021-07-11,Tulare,107,460477,50008,49877,9754,59631,853
2021-07-11,Tuolumne,109,53932,4176,4116,38,4154,64
2021-07-11,Ventura,111,848112,82167,81875,3319,85194,1040
2021-07-11,Yolo,113,214977,14411,14285,417,14702,213
2021-07-11,Yuba,115,75493,6332,6260,134,6394,52
2021-07-10,Alameda,1,1643700,91306,90090,2150,92240,1252
2021-07-10,Alpine,3,1148,89,89,0,89,0
2021-07-10,Amador,5,37829,3785,3773,35,3808,47
2021-07-10,Butte,7,227075,12853,12764,1993,14757,202
2021-07-10,Calaveras,9,45235,2244,2214,16,2230,57
2021-07-10,Colusa,11,21464,1977,1969,338,2307,16
2021-07-10,Contra Costa,13,1133247,72346,71376,1419,72795,821
2021-07-10,Del Norte,15,27424,1473,1451,9,1460,8
2021-07-10,El Dorado,17,186661,10616,10508,823,11331,114
2021-07-10,Fresno,19,978130,103370,102675,9182,111857,1730
2021-07-10,Glenn,21,27897,2449,2440,594,3034,20
2021-07-10,Humboldt,23,135768,4663,4574,55,4629,51
2021-07-10,Imperial,25,180216,28827,28729,2933,31662,741
2021-07-10,Inyo,27,18085,1416,1415,4,1419,36
2021-07-10,Kern,29,883053,97917,97538,11755,109293,1346
2021-07-10,Kings,31,150075,23209,23090,1223,24313,246
2021-07-10,Lake,33,64148,3758,3667,13,3680,63
2021-07-10,Lassen,35,31185,5301,5290,126,5416,21
2021-07-10,Los Angeles,37,10098052,1219267,1212043,45124,1257167,24542
2021-07-10,Madera,39,155013,16851,16744,981,17725,241
2021-07-10,Marin,41,260295,14347,14194,277,14471,233
2021-07-10,Mariposa,43,17540,445,442,11,453,5
2021-07-10,Mendocino,45,87422,4259,4153,82,4235,49
2021-07-10,Merced,47,269075,31468,31328,1007,32335,470
2021-07-10,Modoc,49,8938,417,410,146,556,4
2021-07-10,Mono,51,14174,1262,1275,13,1288,3
2021-07-10,Monterey,53,433212,43365,43251,1961,45212,499
2021-07-10,Napa,55,140530,10138,10077,37,10114,81
2021-07-10,Nevada,57,99092,5084,5000,201,5201,72
2021-07-10,Orange,59,3164182,258073,256438,12080,268518,5135
2021-07-10,Placer,61,380077,24164,23916,1685,25601,302
2021-07-10,Plumas,63,18699,729,717,15,732,4
2021-07-10,Riverside,65,2383286,294872,293474,14987,308461,4541
2021-07-10,Sacramento,67,1510023,110313,109091,1987,111078,1682
2021-07-10,San Benito,69,59416,6172,6141,119,6260,63
2021-07-10,San Bernardino,71,2135413,295926,294932,9202,304134,5117
2021-07-10,San Diego,73,3302833,285807,283577,0,283577,3783
2021-07-10,San Francisco,75,870044,37908,37338,1454,38792,559
2021-07-10,San Joaquin,77,732212,74729,74150,3907,78057,1412
2021-07-10,San Luis Obispo,79,281455,21490,21375,807,22182,258
2021-07-10,San Mateo,81,765935,43342,42948,524,43472,542
2021-07-10,Santa Barbara,83,443738,34870,34595,1262,35857,460
2021-07-10,Santa Clara,85,1922200,120075,119330,826,120156,2094
2021-07-10,Santa Cruz,87,273765,16358,16286,880,17166,207
2021-07-10,Shasta,89,179085,12686,12623,1727,14350,206
2021-07-10,Sierra,91,2930,64,61,14,75,0
2021-07-10,Siskiyou,93,43540,1981,1909,420,2329,29
2021-07-10,Solano,95,438530,34024,33678,618,34296,268
2021-07-10,Sonoma,97,501317,31548,31231,382,31613,317
2021-07-10,Stanislaus,99,539301,57483,57104,6323,63427,1026
2021-07-10,Sutter,101,95872,9788,9692,98,9790,114
2021-07-10,Tehama,103,63373,5145,5131,623,5754,63
2021-07-10,Trinity,105,12862,382,341,75,416,3
2021-07-10,Tulare,107,460477,49998,49850,9748,59598,853
2021-07-10,Tuolumne,109,53932,4174,4114,38,4152,64
2021-07-10,Ventura,111,848112,82122,81713,3301,85014,1039
2021-07-10,Yolo,113,214977,14390,14250,414,14664,213
2021-07-10,Yuba,115,75493,6322,6238,134,6372,52
2021-07-09,Alameda,1,1643700,91155,90090,2144,92234,1252
2021-07-09,Alpine,3,1148,89,89,0,89,0
2021-07-09,Amador,5,37829,3784,3773,35,3808,47
2021-07-09,Butte,7,227075,12842,12764,1991,14755,202
2021-07-09,Calaveras,9,45235,2242,2214,16,2230,57
2021-07-09,Colusa,11,21464,1976,1969,338,2307,16
2021-07-09,Contra Costa,13,1133247,72221,71376,1418,72794,821
2021-07-09,Del Norte,15,27424,1469,1451,9,1460,8
2021-07-09,El Dorado,17,186661,10601,10508,822,11330,114
2021-07-09,Fresno,19,978130,103314,102675,9175,111850,1730
2021-07-09,Glenn,21,27897,2448,2440,592,3032,20
2021-07-09,Humboldt,23,135768,4644,4574,55,4629,51
2021-07-09,Imperial,25,180216,28819,28729,2932,31661,741
2021-07-09,Inyo,27,18085,1415,1415,4,1419,36
2021-07-09,Kern,29,883053,97879,97538,11742,109280,1346
2021-07-09,Kings,31,150075,23199,23090,1222,24312,246
2021-07-09,Lake,33,64148,3744,3667,13,3680,63
2021-07-09,Lassen,35,31185,5299,5290,125,5415,21
2021-07-09,Los Angeles,37,10098052,1218267,1212043,45047,1257090,24542
2021-07-09,Madera,39,155013,16842,16744,980,17724,241
2021-07-09,Marin,41,260295,14327,14194,275,14469,233
2021-07-09,Mariposa,43,17540,445,442,11,453,5
2021-07-09,Mendocino,45,87422,4252,4153,82,4235,49
2021-07-09,Merced,47,269075,31453,31328,1007,32335,470
2021-07-09,Modoc,49,8938,417,410,146,556,4
2021-07-09,Mono,51,14174,1262,1275,13,1288,3
2021-07-09,Monterey,53,433212,43356,43251,1961,45212,499
2021-07-09,Napa,55,140530,10131,10077,37,10114,81
2021-07-09,Nevada,57,99092,5075,5000,201,5201,72
2021-07-09,Orange,59,3164182,257870,256438,12065,268503,5135
2021-07-09,Placer,61,380077,24142,23916,1679,25595,302
2021-07-09,Plumas,63,18699,727,717,15,732,4
2021-07-09,Riverside,65,2383286,294685,293474,14973,308447,4541
2021-07-09,Sacramento,67,1510023,110161,109091,1979,111070,1682
2021-07-09,San Benito,69,59416,6170,6141,119,6260,63
2021-07-09,San Bernardino,71,2135413,295777,294932,9195,304127,5117
2021-07-09,San Diego,73,3302833,285521,283577,0,283577,3783
2021-07-09,San Francisco,75,870044,37830,37338,1447,38785,559
2021-07-09,San Joaquin,77,732212,74657,74150,3899,78049,1412
2021-07-09,San Luis Obispo,79,281455,21478,21375,807,22182,258
2021-07-09,San Mateo,81,765935,43297,42948,519,43467,542
2021-07-09,Santa Barbara,83,443738,34850,34595,1261,35856,460
2021-07-09,Santa Clara,85,1922200,119964,119330,826,120156,2094
2021-07-09,Santa Cruz,87,273765,16355,16286,880,17166,207
2021-07-09,Shasta,89,179085,12680,12623,1722,14345,206
2021-07-09,Sierra,91,2930,64,61,14,75,0
2021-07-09,Siskiyou,93,43540,1979,1909,419,2328,29
2021-07-09,Solano,95,438530,33989,33678,614,34292,268
2021-07-09,Sonoma,97,501317,31512,31231,382,31613,317
2021-07-09,Stanislaus,99,539301,57441,57104,6321,63425,1026
2021-07-09,Sutter,101,95872,9779,9692,98,9790,114
2021-07-09,Tehama,103,63373,5143,5131,623,5754,63
2021-07-09,Trinity,105,12862,381,341,72,413,3
2021-07-09,Tulare,107,460477,49985,49850,9742,59592,853
2021-07-09,Tuolumne,109,53932,4171,4114,38,4152,64
2021-07-09,Ventura,111,848112,82067,81713,3292,85005,1039
2021-07-09,Yolo,113,214977,14375,14250,410,14660,213
2021-07-09,Yuba,115,75493,6309,6238,134,6372,52
2021-07-08,Alameda,1,1643700,90945,90090,2139,92229,1252
2021-07-08,Alpine,3,1148,89,89,0,89,0
2021-07-08,Amador,5,37829,3782,3773,35,3808,47
2021-07-08,Butte,7,227075,12829,12764,1988,14752,202
2021-07-08,Calaveras,9,45235,2237,2214,15,2229,57
2021-07-08,Colusa,11,21464,1976,1969,338,2307,16
2021-07-08,Contra Costa,13,1133247,72093,71376,1413,72789,821
2021-07-08,Del Norte,15,27424,1467,1451,9,1460,8
2021-07-08,El Dorado,17,186661,10584,10508,817,11325,114
2021-07-08,Fresno,19,978130,103254,102675,9163,111838,1730
2021-07-08,Glenn,21,27897,2448,2440,592,3032,20
2021-07-08,Humboldt,23,135768,4629,4574,54,4628,51
2021-07-08,Imperial,25,180216,28806,28729,2931,31660,741
2021-07-08,Inyo,27,18085,1415,1415,4,1419,36
2021-07-08,Kern,29,883053,97835,97538,11724,109262,1346
2021-07-08,Kings,31,150075,23190,23090,1222,24312,246
2021-07-08,Lake,33,64148,3730,3667,13,3680,63
2021-07-08,Lassen,35,31185,5296,5290,125,5415,21
2021-07-08,Los Angeles,37,10098052,1217060,1212043,44950,1256993,24542
2021-07-08,Madera,39,155013,16827,16744,980,17724,241
2021-07-08,Marin,41,260295,14312,14194,275,14469,233
2021-07-08,Mariposa,43,17540,444,442,11,453,5
2021-07-08,Mendocino,45,87422,4249,4153,82,4235,49
2021-07-08,Merced,47,269075,31439,31328,1005,32333,470
2021-07-08,Modoc,49,8938,417,410,146,556,4
2021-07-08,Mono,51,14174,1262,1275,13,1288,3
2021-07-08,Monterey,53,433212,43336,43251,1955,45206,499
2021-07-08,Napa,55,140530,10127,10077,37,10114,81
2021-07-08,Nevada,57,99092,5069,5000,201,5201,72
2021-07-08,Orange,59,3164182,257678,256438,12044,268482,5135
2021-07-08,Placer,61,380077,24104,23916,1671,25587,302
2021-07-08,Plumas,63,18699,726,717,15,732,4
2021-07-08,Riverside,65,2383286,294484,293474,14957,308431,4541
2021-07-08,Sacramento,67,1510023,109942,109091,1972,111063,1682
2021-07-08,San Benito,69,59416,6167,6141,119,6260,63
2021-07-08,San Bernardino,71,2135413,295603,294932,9186,304118,5117
2021-07-08,San Diego,73,3302833,285193,283577,0,283577,3783
2021-07-08,San Francisco,75,870044,37752,37338,1442,38780,559
2021-07-08,San Joaquin,77,732212,74569,74150,3888,78038,1412
2021-07-08,San Luis Obispo,79,281455,21466,21375,804,22179,258
2021-07-08,San Mateo,81,765935,43247,42948,518,43466,542
2021-07-08,Santa Barbara,83,443738,34824,34595,1259,35854,460
2021-07-08,Santa Clara,85,1922200,119871,119330,825,120155,2094
2021-07-08,Santa Cruz,87,273765,16349,16286,880,17166,207
2021-07-08,Shasta,89,179085,12674,12623,1718,14341,206
2021-07-08,Sierra,91,2930,64,61,14,75,0
2021-07-08,Siskiyou,93,43540,1974,1909,416,2325,29
2021-07-08,Solano,95,438530,33937,33678,606,34284,268
2021-07-08,Sonoma,97,501317,31481,31231,381,31612,317
2021-07-08,Stanislaus,99,539301,57407,57104,6316,63420,1026
2021-07-08,Sutter,101,95872,9764,9692,96,9788,114
2021-07-08,Tehama,103,63373,5140,5131,622,5753,63
2021-07-08,Trinity,105,12862,381,341,72,413,3
2021-07-08,Tulare,107,460477,49968,49850,9732,59582,853
2021-07-08,Tuolumne,109,53932,4169,4114,38,4152,64
2021-07-08,Ventura,111,848112,82003,81713,3275,84988,1039
2021-07-08,Yolo,113,214977,14357,14250,408,14658,213
2021-07-08,Yuba,115,75493,6301,6238,134,6372,52
2021-07-07,Alameda,1,1643700,90761,89995,2133,92128,1253
2021-07-07,Alpine,3,1148,89,89,0,89,0
2021-07-07,Amador,5,37829,3777,3770,35,3805,47
2021-07-07,Butte,7,227075,12816,12750,1983,14733,202
2021-07-07,Calaveras,9,45235,2233,2212,15,2227,57
2021-07-07,Colusa,11,21464,1972,1969,338,2307,16
2021-07-07,Contra Costa,13,1133247,71949,71308,1411,72719,821
2021-07-07,Del Norte,15,27424,1462,1446,9,1455,8
2021-07-07,El Dorado,17,186661,10564,10494,815,11309,114
2021-07-07,Fresno,19,978130,103204,102639,9155,111794,1729
2021-07-07,Glenn,21,27897,2448,2441,592,3033,20
2021-07-07,Humboldt,23,135768,4615,4566,54,4620,51
2021-07-07,Imperial,25,180216,28799,28701,2931,31632,740
2021-07-07,Inyo,27,18085,1414,1415,4,1419,36
2021-07-07,Kern,29,883053,97793,97507,11708,109215,1348
2021-07-07,Kings,31,150075,23177,23085,1219,24304,245
2021-07-07,Lake,33,64148,3711,3660,13,3673,63
2021-07-07,Lassen,35,31185,5296,5286,125,5411,21
2021-07-07,Los Angeles,37,10098052,1215889,1211316,44839,1256155,24531
2021-07-07,Madera,39,155013,16817,16733,978,17711,241
2021-07-07,Marin,41,260295,14292,14183,274,14457,233
2021-07-07,Mariposa,43,17540,442,442,11,453,5
2021-07-07,Mendocino,45,87422,4240,4145,82,4227,49
2021-07-07,Merced,47,269075,31424,31317,1005,32322,470
2021-07-07,Modoc,49,8938,417,410,146,556,4
2021-07-07,Mono,51,14174,1261,1274,13,1287,3
2021-07-07,Monterey,53,433212,43312,43233,1953,45186,494
2021-07-07,Napa,55,140530,10116,10078,37,10115,81
2021-07-07,Nevada,57,99092,5062,4996,201,5197,72
2021-07-07,Orange,59,3164182,257451,256301,12020,268321,5132
2021-07-07,Placer,61,380077,24066,23901,1661,25562,302
2021-07-07,Plumas,63,18699,726,710,15,725,4
2021-07-07,Riverside,65,2383286,294270,293331,14945,308276,4538
2021-07-07,Sacramento,67,1510023,109753,108954,1964,110918,1682
2021-07-07,San Benito,69,59416,6162,6137,119,6256,63
2021-07-07,San Bernardino,71,2135413,295431,294787,9179,303966,5087
2021-07-07,San Diego,73,3302833,284875,283377,0,283377,3782
2021-07-07,San Francisco,75,870044,37660,37284,1439,38723,558
2021-07-07,San Joaquin,77,732212,74493,74095,3872,77967,1410
2021-07-07,San Luis Obispo,79,281455,21457,21360,802,22162,258
2021-07-07,San Mateo,81,765935,43192,42908,515,43423,542
2021-07-07,Santa Barbara,83,443738,34798,34582,1259,35841,460
2021-07-07,Santa Clara,85,1922200,119773,119250,824,120074,2094
2021-07-07,Santa Cruz,87,273765,16340,16279,879,17158,207
2021-07-07,Shasta,89,179085,12666,12613,1715,14328,206
2021-07-07,Sierra,91,2930,64,60,14,74,0
2021-07-07,Siskiyou,93,43540,1968,1908,412,2320,29
2021-07-07,Solano,95,438530,33889,33659,599,34258,268
2021-07-07,Sonoma,97,501317,31434,31172,381,31553,316
2021-07-07,Stanislaus,99,539301,57362,57102,6311,63413,1028
2021-07-07,Sutter,101,95872,9754,9683,96,9779,114
2021-07-07,Tehama,103,63373,5139,5129,622,5751,63
2021-07-07,Trinity,105,12862,381,341,72,413,3
2021-07-07,Tulare,107,460477,49964,49835,9723,59558,853
2021-07-07,Tuolumne,109,53932,4165,4115,37,4152,64
2021-07-07,Ventura,111,848112,81960,81608,3260,84868,1036
2021-07-07,Yolo,113,214977,14347,14236,405,14641,213
2021-07-07,Yuba,115,75493,6285,6233,134,6367,51
2021-07-06,Alameda,1,1643700,90566,89918,2124,92042,1253
2021-07-06,Alpine,3,1148,89,89,0,89,0
2021-07-06,Amador,5,37829,3776,3768,34,3802,47
2021-07-06,Butte,7,227075,12803,12744,1980,14724,201
2021-07-06,Calaveras,9,45235,2233,2211,15,2226,55
2021-07-06,Colusa,11,21464,1971,1967,335,2302,16
2021-07-06,Contra Costa,13,1133247,71820,71262,1409,72671,820
2021-07-06,Del Norte,15,27424,1458,1445,9,1454,8
2021-07-06,El Dorado,17,186661,10546,10484,814,11298,113
2021-07-06,Fresno,19,978130,103152,102616,9145,111761,1727
2021-07-06,Glenn,21,27897,2447,2438,592,3030,20
2021-07-06,Humboldt,23,135768,4601,4565,53,4618,49
2021-07-06,Imperial,25,180216,28784,28693,2929,31622,739
2021-07-06,Inyo,27,18085,1414,1412,4,1416,36
2021-07-06,Kern,29,883053,97752,97491,11697,109188,1346
2021-07-06,Kings,31,150075,23169,23077,1218,24295,245
2021-07-06,Lake,33,64148,3701,3659,13,3672,63
2021-07-06,Lassen,35,31185,5295,5288,124,5412,21
2021-07-06,Los Angeles,37,10098052,1214682,1210965,44739,1255704,24525
2021-07-06,Madera,39,155013,16807,16730,978,17708,241
2021-07-06,Marin,41,260295,14278,14181,274,14455,233
2021-07-06,Mariposa,43,17540,442,442,11,453,5
2021-07-06,Mendocino,45,87422,4233,4143,82,4225,49
2021-07-06,Merced,47,269075,31407,31317,1004,32321,470
2021-07-06,Modoc,49,8938,417,411,146,557,4
2021-07-06,Mono,51,14174,1259,1274,13,1287,3
2021-07-06,Monterey,53,433212,43290,43224,1952,45176,494
2021-07-06,Napa,55,140530,10105,10081,37,10118,81
2021-07-06,Nevada,57,99092,5053,4988,201,5189,72
2021-07-06,Orange,59,3164182,257210,256227,12003,268230,5129
2021-07-06,Placer,61,380077,24026,23876,1655,25531,302
2021-07-06,Plumas,63,18699,725,708,15,723,4
2021-07-06,Riverside,65,2383286,294064,293227,14926,308153,4539
2021-07-06,Sacramento,67,1510023,109544,108850,1956,110806,1679
2021-07-06,San Benito,69,59416,6158,6137,119,6256,63
2021-07-06,San Bernardino,71,2135413,295256,294712,9166,303878,5056
2021-07-06,San Diego,73,3302833,284520,283278,0,283278,3782
2021-07-06,San Francisco,75,870044,37544,37251,1436,38687,558
2021-07-06,San Joaquin,77,732212,74424,74019,3860,77879,1410
2021-07-06,San Luis Obispo,79,281455,21440,21354,801,22155,257
2021-07-06,San Mateo,81,765935,43117,42895,515,43410,541
2021-07-06,Santa Barbara,83,443738,34780,34572,1257,35829,460
2021-07-06,Santa Clara,85,1922200,119655,119194,821,120015,2095
2021-07-06,Santa Cruz,87,273765,16335,16274,878,17152,207
2021-07-06,Shasta,89,179085,12656,12606,1713,14319,205
2021-07-06,Sierra,91,2930,63,60,14,74,0
2021-07-06,Siskiyou,93,43540,1965,1905,408,2313,29
2021-07-06,Solano,95,438530,33839,33619,596,34215,268
2021-07-06,Sonoma,97,501317,31370,31130,380,31510,316
2021-07-06,Stanislaus,99,539301,57300,57120,6299,63419,1029
2021-07-06,Sutter,101,95872,9745,9674,95,9769,114
2021-07-06,Tehama,103,63373,5136,5126,621,5747,63
2021-07-06,Trinity,105,12862,381,341,72,413,3
2021-07-06,Tulare,107,460477,49949,49826,9712,59538,853
2021-07-06,Tuolumne,109,53932,4163,4113,37,4150,64
2021-07-06,Ventura,111,848112,81920,81534,3234,84768,1033
2021-07-06,Yolo,113,214977,14326,14227,400,14627,213
2021-07-06,Yuba,115,75493,6274,6231,134,6365,51
2021-07-05,Alameda,1,1643700,90389,89892,2118,92010,1253
2021-07-05,Alpine,3,1148,89,89,0,89,0
2021-07-05,Amador,5,37829,3774,3768,34,3802,47
2021-07-05,Butte,7,227075,12795,12740,1970,14710,201
2021-07-05,Calaveras,9,45235,2231,2211,15,2226,55
2021-07-05,Colusa,11,21464,1969,1966,334,2300,16
2021-07-05,Contra Costa,13,1133247,71694,71235,1409,72644,820
2021-07-05,Del Norte,15,27424,1454,1446,9,1455,8
2021-07-05,El Dorado,17,186661,10521,10481,814,11295,113
2021-07-05,Fresno,19,978130,103095,102592,9127,111719,1727
2021-07-05,Glenn,21,27897,2444,2438,590,3028,20
2021-07-05,Humboldt,23,135768,4587,4563,53,4616,49
2021-07-05,Imperial,25,180216,28766,28689,2929,31618,739
2021-07-05,Inyo,27,18085,1414,1412,4,1416,36
2021-07-05,Kern,29,883053,97704,97479,11676,109155,1346
2021-07-05,Kings,31,150075,23161,23065,1215,24280,245
2021-07-05,Lake,33,64148,3683,3645,13,3658,63
2021-07-05,Lassen,35,31185,5292,5288,123,5411,21
2021-07-05,Los Angeles,37,10098052,1213504,1210653,44632,1255285,24522
2021-07-05,Madera,39,155013,16797,16722,977,17699,241
2021-07-05,Marin,41,260295,14256,14178,274,14452,233
2021-07-05,Mariposa,43,17540,442,441,11,452,5
2021-07-05,Mendocino,45,87422,4228,4139,82,4221,49
2021-07-05,Merced,47,269075,31387,31312,1004,32316,470
2021-07-05,Modoc,49,8938,417,410,146,556,4
2021-07-05,Mono,51,14174,1259,1273,13,1286,3
2021-07-05,Monterey,53,433212,43270,43218,1947,45165,494
2021-07-05,Napa,55,140530,10099,10074,37,10111,81
2021-07-05,Nevada,57,99092,5035,4980,200,5180,72
2021-07-05,Orange,59,3164182,257008,256173,11984,268157,5129
2021-07-05,Placer,61,380077,23980,23867,1647,25514,302
2021-07-05,Plumas,63,18699,724,708,15,723,4
2021-07-05,Riverside,65,2383286,293871,293193,14913,308106,4539
2021-07-05,Sacramento,67,1510023,109363,108758,1948,110706,1679
2021-07-05,San Benito,69,59416,6151,6137,119,6256,63
2021-07-05,San Bernardino,71,2135413,295097,294647,9159,303806,5037
2021-07-05,San Diego,73,3302833,284160,282834,0,282834,3782
2021-07-05,San Francisco,75,870044,37457,37237,1431,38668,558
2021-07-05,San Joaquin,77,732212,74354,73999,3854,77853,1410
2021-07-05,San Luis Obispo,79,281455,21427,21351,800,22151,257
2021-07-05,San Mateo,81,765935,43065,42876,512,43388,541
2021-07-05,Santa Barbara,83,443738,34760,34569,1257,35826,460
2021-07-05,Santa Clara,85,1922200,119551,119184,819,120003,2095
2021-07-05,Santa Cruz,87,273765,16325,16273,877,17150,208
2021-07-05,Shasta,89,179085,12647,12603,1711,14314,205
2021-07-05,Sierra,91,2930,63,60,14,74,0
2021-07-05,Siskiyou,93,43540,1964,1904,406,2310,29
2021-07-05,Solano,95,438530,33770,33612,590,34202,268
2021-07-05,Sonoma,97,501317,31317,31116,379,31495,316
2021-07-05,Stanislaus,99,539301,57264,57109,6289,63398,1029
2021-07-05,Sutter,101,95872,9733,9667,95,9762,114
2021-07-05,Tehama,103,63373,5135,5125,621,5746,63
2021-07-05,Trinity,105,12862,380,341,71,412,3
2021-07-05,Tulare,107,460477,49931,49818,9709,59527,853
2021-07-05,Tuolumne,109,53932,4159,4112,37,4149,64
2021-07-05,Ventura,111,848112,81871,81519,3214,84733,1033
2021-07-05,Yolo,113,214977,14308,14225,391,14616,213
2021-07-05,Yuba,115,75493,6266,6223,134,6357,51
2021-07-04,Alameda,1,1643700,90223,89683,2113,91796,1253
2021-07-04,Alpine,3,1148,89,89,0,89,0
2021-07-04,Amador,5,37829,3773,3758,34,3792,46
2021-07-04,Butte,7,227075,12785,12684,1970,14654,201
2021-07-04,Calaveras,9,45235,2231,2200,15,2215,55
2021-07-04,Colusa,11,21464,1969,1969,334,2303,15
2021-07-04,Contra Costa,13,1133247,71588,70941,1404,72345,818
2021-07-04,Del Norte,15,27424,1451,1439,9,1448,8
2021-07-04,El Dorado,17,186661,10512,10433,813,11246,113
2021-07-04,Fresno,19,978130,103051,102512,9108,111620,1727
2021-07-04,Glenn,21,27897,2442,2442,589,3031,20
2021-07-04,Humboldt,23,135768,4579,4530,53,4583,49
2021-07-04,Imperial,25,180216,28760,28661,2929,31590,739
2021-07-04,Inyo,27,18085,1414,1412,4,1416,35
2021-07-04,Kern,29,883053,97686,97421,11667,109088,1347
2021-07-04,Kings,31,150075,23154,23051,1215,24266,245
2021-07-04,Lake,33,64148,3673,3623,13,3636,62
2021-07-04,Lassen,35,31185,5291,5277,123,5400,20
2021-07-04,Los Angeles,37,10098052,1212660,1208705,44538,1253243,24506
2021-07-04,Madera,39,155013,16785,16696,975,17671,240
2021-07-04,Marin,41,260295,14242,14143,274,14417,233
2021-07-04,Mariposa,43,17540,442,441,11,452,5
2021-07-04,Mendocino,45,87422,4218,4122,82,4204,49
2021-07-04,Merced,47,269075,31376,31297,1004,32301,469
2021-07-04,Modoc,49,8938,417,410,146,556,4
2021-07-04,Mono,51,14174,1259,1275,13,1288,3
2021-07-04,Monterey,53,433212,43254,43212,1946,45158,492
2021-07-04,Napa,55,140530,10091,10045,36,10081,81
2021-07-04,Nevada,57,99092,5026,4966,200,5166,72
2021-07-04,Orange,59,3164182,256833,255823,11963,267786,5126
2021-07-04,Placer,61,380077,23943,23764,1640,25404,299
2021-07-04,Plumas,63,18699,724,707,15,722,4
2021-07-04,Riverside,65,2383286,293713,293260,14905,308165,4536
2021-07-04,Sacramento,67,1510023,109199,108257,1943,110200,1676
2021-07-04,San Benito,69,59416,6144,6108,119,6227,63
2021-07-04,San Bernardino,71,2135413,294935,294294,9152,303446,5003
2021-07-04,San Diego,73,3302833,283936,282692,0,282692,3780
2021-07-04,San Francisco,75,870044,37402,37107,1425,38532,558
2021-07-04,San Joaquin,77,732212,74287,73841,3845,77686,1409
2021-07-04,San Luis Obispo,79,281455,21421,21330,799,22129,256
2021-07-04,San Mateo,81,765935,43031,42691,512,43203,541
2021-07-04,Santa Barbara,83,443738,34738,34526,1256,35782,456
2021-07-04,Santa Clara,85,1922200,119461,118966,818,119784,2090
2021-07-04,Santa Cruz,87,273765,16314,16254,877,17131,208
2021-07-04,Shasta,89,179085,12643,12582,1710,14292,204
2021-07-04,Sierra,91,2930,62,60,14,74,0
2021-07-04,Siskiyou,93,43540,1960,1899,405,2304,29
2021-07-04,Solano,95,438530,33729,33486,588,34074,268
2021-07-04,Sonoma,97,501317,31287,31000,378,31378,316
2021-07-04,Stanislaus,99,539301,57241,57018,6283,63301,1018
2021-07-04,Sutter,101,95872,9722,9644,95,9739,114
2021-07-04,Tehama,103,63373,5131,5124,621,5745,63
2021-07-04,Trinity,105,12862,379,341,71,412,3
2021-07-04,Tulare,107,460477,49921,49789,9706,59495,853
2021-07-04,Tuolumne,109,53932,4151,4113,37,4150,64
2021-07-04,Ventura,111,848112,81814,81425,3203,84628,1033
2021-07-04,Yolo,113,214977,14289,14188,388,14576,213
2021-07-04,Yuba,115,75493,6258,6197,134,6331,51
2021-07-03,Alameda,1,1643700,90139,89683,2106,91789,1253
2021-07-03,Alpine,3,1148,89,89,0,89,0
2021-07-03,Amador,5,37829,3773,3758,34,3792,46
2021-07-03,Butte,7,227075,12781,12684,1969,14653,201
2021-07-03,Calaveras,9,45235,2230,2200,15,2215,55
2021-07-03,Colusa,11,21464,1969,1969,333,2302,15
2021-07-03,Contra Costa,13,1133247,71529,70941,1401,72342,818
2021-07-03,Del Norte,15,27424,1448,1439,9,1448,8
2021-07-03,El Dorado,17,186661,10505,10433,811,11244,113
2021-07-03,Fresno,19,978130,103026,102512,9099,111611,1727
2021-07-03,Glenn,21,27897,2442,2442,589,3031,20
2021-07-03,Humboldt,23,135768,4574,4530,53,4583,49
2021-07-03,Imperial,25,180216,28750,28661,2929,31590,739
2021-07-03,Inyo,27,18085,1414,1412,4,1416,35
2021-07-03,Kern,29,883053,97666,97421,11659,109080,1347
2021-07-03,Kings,31,150075,23154,23051,1214,24265,245
2021-07-03,Lake,33,64148,3663,3623,13,3636,62
2021-07-03,Lassen,35,31185,5290,5277,123,5400,20
2021-07-03,Los Angeles,37,10098052,1212234,1208705,44508,1253213,24506
2021-07-03,Madera,39,155013,16777,16696,972,17668,240
2021-07-03,Marin,41,260295,14238,14143,274,14417,233
2021-07-03,Mariposa,43,17540,442,441,11,452,5
2021-07-03,Mendocino,45,87422,4217,4122,82,4204,49
2021-07-03,Merced,47,269075,31363,31297,1003,32300,469
2021-07-03,Modoc,49,8938,416,410,146,556,4
2021-07-03,Mono,51,14174,1258,1275,13,1288,3
2021-07-03,Monterey,53,433212,43242,43212,1943,45155,492
2021-07-03,Napa,55,140530,10086,10045,36,10081,81
2021-07-03,Nevada,57,99092,5012,4966,200,5166,72
2021-07-03,Orange,59,3164182,256749,255823,11955,267778,5126
2021-07-03,Placer,61,380077,23924,23764,1637,25401,299
2021-07-03,Plumas,63,18699,724,707,15,722,4
2021-07-03,Riverside,65,2383286,293621,293260,14901,308161,4536
2021-07-03,Sacramento,67,1510023,109124,108257,1940,110197,1676
2021-07-03,San Benito,69,59416,6137,6108,119,6227,63
2021-07-03,San Bernardino,71,2135413,294848,294294,9149,303443,5003
2021-07-03,San Diego,73,3302833,283805,282692,0,282692,3780
2021-07-03,San Francisco,75,870044,37361,37107,1422,38529,558
2021-07-03,San Joaquin,77,732212,74252,73841,3839,77680,1409
2021-07-03,San Luis Obispo,79,281455,21409,21330,799,22129,256
2021-07-03,San Mateo,81,765935,43006,42691,511,43202,541
2021-07-03,Santa Barbara,83,443738,34729,34526,1255,35781,456
2021-07-03,Santa Clara,85,1922200,119415,118966,818,119784,2090
2021-07-03,Santa Cruz,87,273765,16307,16254,877,17131,208
2021-07-03,Shasta,89,179085,12639,12582,1708,14290,204
2021-07-03,Sierra,91,2930,62,60,14,74,0
2021-07-03,Siskiyou,93,43540,1959,1899,404,2303,29
2021-07-03,Solano,95,438530,33687,33486,588,34074,268
2021-07-03,Sonoma,97,501317,31253,31000,378,31378,316
2021-07-03,Stanislaus,99,539301,57227,57018,6275,63293,1018
2021-07-03,Sutter,101,95872,9712,9644,95,9739,114
2021-07-03,Tehama,103,63373,5129,5124,621,5745,63
2021-07-03,Trinity,105,12862,379,341,71,412,3
2021-07-03,Tulare,107,460477,49915,49789,9700,59489,853
2021-07-03,Tuolumne,109,53932,4150,4113,37,4150,64
2021-07-03,Ventura,111,848112,81784,81425,3195,84620,1033
2021-07-03,Yolo,113,214977,14279,14188,385,14573,213
2021-07-03,Yuba,115,75493,6252,6197,134,6331,51
2021-07-02,Alameda,1,1643700,90057,89683,2105,91788,1253
2021-07-02,Alpine,3,1148,89,89,0,89,0
2021-07-02,Amador,5,37829,3771,3758,34,3792,46
2021-07-02,Butte,7,227075,12774,12684,1969,14653,201
2021-07-02,Calaveras,9,45235,2229,2200,15,2215,55
2021-07-02,Colusa,11,21464,1968,1969,332,2301,15
2021-07-02,Contra Costa,13,1133247,71460,70941,1397,72338,818
2021-07-02,Del Norte,15,27424,1448,1439,9,1448,8
2021-07-02,El Dorado,17,186661,10497,10433,811,11244,113
2021-07-02,Fresno,19,978130,102997,102512,9093,111605,1727
2021-07-02,Glenn,21,27897,2441,2442,588,3030,20
2021-07-02,Humboldt,23,135768,4571,4530,52,4582,49
2021-07-02,Imperial,25,180216,28744,28661,2928,31589,739
2021-07-02,Inyo,27,18085,1414,1412,4,1416,35
2021-07-02,Kern,29,883053,97648,97421,11650,109071,1347
2021-07-02,Kings,31,150075,23144,23051,1214,24265,245
2021-07-02,Lake,33,64148,3657,3623,13,3636,62
2021-07-02,Lassen,35,31185,5290,5277,123,5400,20
2021-07-02,Los Angeles,37,10098052,1211760,1208705,44469,1253174,24506
2021-07-02,Madera,39,155013,16768,16696,971,17667,240
2021-07-02,Marin,41,260295,14233,14143,274,14417,233
2021-07-02,Mariposa,43,17540,442,441,11,452,5
2021-07-02,Mendocino,45,87422,4213,4122,81,4203,49
2021-07-02,Merced,47,269075,31354,31297,1003,32300,469
2021-07-02,Modoc,49,8938,416,410,146,556,4
2021-07-02,Mono,51,14174,1257,1275,13,1288,3
2021-07-02,Monterey,53,433212,43234,43212,1942,45154,492
2021-07-02,Napa,55,140530,10081,10045,36,10081,81
2021-07-02,Nevada,57,99092,5003,4966,200,5166,72
2021-07-02,Orange,59,3164182,256636,255823,11948,267771,5126
2021-07-02,Placer,61,380077,23907,23764,1630,25394,299
2021-07-02,Plumas,63,18699,724,707,15,722,4
2021-07-02,Riverside,65,2383286,293524,293260,14896,308156,4536
2021-07-02,Sacramento,67,1510023,109043,108257,1939,110196,1676
2021-07-02,San Benito,69,59416,6134,6108,119,6227,63
2021-07-02,San Bernardino,71,2135413,294755,294294,9147,303441,5003
2021-07-02,San Diego,73,3302833,283660,282692,0,282692,3780
2021-07-02,San Francisco,75,870044,37313,37107,1420,38527,558
2021-07-02,San Joaquin,77,732212,74220,73841,3833,77674,1409
2021-07-02,San Luis Obispo,79,281455,21403,21330,798,22128,256
2021-07-02,San Mateo,81,765935,42970,42691,511,43202,541
2021-07-02,Santa Barbara,83,443738,34720,34526,1255,35781,456
2021-07-02,Santa Clara,85,1922200,119337,118966,818,119784,2090
2021-07-02,Santa Cruz,87,273765,16303,16254,877,17131,208
2021-07-02,Shasta,89,179085,12635,12582,1708,14290,204
2021-07-02,Sierra,91,2930,61,60,14,74,0
2021-07-02,Siskiyou,93,43540,1956,1899,403,2302,29
2021-07-02,Solano,95,438530,33662,33486,588,34074,268
2021-07-02,Sonoma,97,501317,31230,31000,378,31378,316
2021-07-02,Stanislaus,99,539301,57205,57018,6274,63292,1018
2021-07-02,Sutter,101,95872,9707,9644,95,9739,114
2021-07-02,Tehama,103,63373,5127,5124,619,5743,63
2021-07-02,Trinity,105,12862,379,341,71,412,3
2021-07-02,Tulare,107,460477,49905,49789,9692,59481,853
2021-07-02,Tuolumne,109,53932,4147,4113,37,4150,64
2021-07-02,Ventura,111,848112,81741,81425,3187,84612,1033
2021-07-02,Yolo,113,214977,14264,14188,383,14571,213
2021-07-02,Yuba,115,75493,6244,6197,134,6331,51
2021-07-01,Alameda,1,1643700,89953,89683,2103,91786,1253
2021-07-01,Alpine,3,1148,89,89,0,89,0
2021-07-01,Amador,5,37829,3770,3758,34,3792,46
2021-07-01,Butte,7,227075,12762,12684,1967,14651,201
2021-07-01,Calaveras,9,45235,2227,2200,15,2215,55
2021-07-01,Colusa,11,21464,1968,1969,330,2299,15
2021-07-01,Contra Costa,13,1133247,71389,70941,1396,72337,818
2021-07-01,Del Norte,15,27424,1447,1439,9,1448,8
2021-07-01,El Dorado,17,186661,10485,10433,811,11244,113
2021-07-01,Fresno,19,978130,102958,102512,9088,111600,1727
2021-07-01,Glenn,21,27897,2441,2442,588,3030,20
2021-07-01,Humboldt,23,135768,4569,4530,52,4582,49
2021-07-01,Imperial,25,180216,28727,28661,2928,31589,739
2021-07-01,Inyo,27,18085,1414,1412,4,1416,35
2021-07-01,Kern,29,883053,97622,97421,11639,109060,1347
2021-07-01,Kings,31,150075,23130,23051,1214,24265,245
2021-07-01,Lake,33,64148,3654,3623,13,3636,62
2021-07-01,Lassen,35,31185,5288,5277,123,5400,20
2021-07-01,Los Angeles,37,10098052,1211163,1208705,44413,1253118,24506
2021-07-01,Madera,39,155013,16759,16696,970,17666,240
2021-07-01,Marin,41,260295,14229,14143,274,14417,233
2021-07-01,Mariposa,43,17540,442,441,11,452,5
2021-07-01,Mendocino,45,87422,4209,4122,80,4202,49
2021-07-01,Merced,47,269075,31348,31297,1003,32300,469
2021-07-01,Modoc,49,8938,416,410,146,556,4
2021-07-01,Mono,51,14174,1256,1275,13,1288,3
2021-07-01,Monterey,53,433212,43226,43212,1938,45150,492
2021-07-01,Napa,55,140530,10074,10045,36,10081,81
2021-07-01,Nevada,57,99092,4998,4966,200,5166,72
2021-07-01,Orange,59,3164182,256518,255823,11928,267751,5126
2021-07-01,Placer,61,380077,23889,23764,1627,25391,299
2021-07-01,Plumas,63,18699,721,707,13,720,4
2021-07-01,Riverside,65,2383286,293415,293260,14888,308148,4536
2021-07-01,Sacramento,67,1510023,108922,108257,1932,110189,1676
2021-07-01,San Benito,69,59416,6130,6108,119,6227,63
2021-07-01,San Bernardino,71,2135413,294633,294294,9141,303435,5003
2021-07-01,San Diego,73,3302833,283482,282692,0,282692,3780
2021-07-01,San Francisco,75,870044,37277,37107,1418,38525,558
2021-07-01,San Joaquin,77,732212,74169,73841,3829,77670,1409
2021-07-01,San Luis Obispo,79,281455,21388,21330,797,22127,256
2021-07-01,San Mateo,81,765935,42942,42691,510,43201,541
2021-07-01,Santa Barbara,83,443738,34709,34526,1255,35781,456
2021-07-01,Santa Clara,85,1922200,119288,118966,818,119784,2090
2021-07-01,Santa Cruz,87,273765,16299,16254,876,17130,208
2021-07-01,Shasta,89,179085,12627,12582,1707,14289,204
2021-07-01,Sierra,91,2930,61,60,14,74,0
2021-07-01,Siskiyou,93,43540,1956,1899,403,2302,29
2021-07-01,Solano,95,438530,33621,33486,587,34073,268
2021-07-01,Sonoma,97,501317,31185,31000,378,31378,316
2021-07-01,Stanislaus,99,539301,57182,57018,6270,63288,1018
2021-07-01,Sutter,101,95872,9698,9644,95,9739,114
2021-07-01,Tehama,103,63373,5127,5124,618,5742,63
2021-07-01,Trinity,105,12862,379,341,71,412,3
2021-07-01,Tulare,107,460477,49896,49789,9685,59474,853
2021-07-01,Tuolumne,109,53932,4140,4113,37,4150,64
2021-07-01,Ventura,111,848112,81710,81425,3176,84601,1033
2021-07-01,Yolo,113,214977,14249,14188,381,14569,213
2021-07-01,Yuba,115,75493,6237,6197,134,6331,51
2021-06-30,Alameda,1,1643700,89867,89597,2097,91694,1256
2021-06-30,Alpine,3,1148,89,89,0,89,0
2021-06-30,Amador,5,37829,3768,3756,34,3790,46
2021-06-30,Butte,7,227075,12755,12676,1958,14634,201
2021-06-30,Calaveras,9,45235,2222,2198,15,2213,55
2021-06-30,Colusa,11,21464,1966,1967,327,2294,15
2021-06-30,Contra Costa,13,1133247,71325,70869,1393,72262,818
2021-06-30,Del Norte,15,27424,1442,1435,9,1444,8
2021-06-30,El Dorado,17,186661,10466,10420,811,11231,113
2021-06-30,Fresno,19,978130,102922,102490,9085,111575,1727
2021-06-30,Glenn,21,27897,2439,2440,588,3028,20
2021-06-30,Humboldt,23,135768,4553,4522,50,4572,49
2021-06-30,Imperial,25,180216,28719,28651,2928,31579,739
2021-06-30,Inyo,27,18085,1414,1409,4,1413,35
2021-06-30,Kern,29,883053,97584,97267,11627,108894,1348
2021-06-30,Kings,31,150075,23125,23038,1213,24251,245
2021-06-30,Lake,33,64148,3641,3601,13,3614,56
2021-06-30,Lassen,35,31185,5283,5269,123,5392,20
2021-06-30,Los Angeles,37,10098052,1210496,1208246,44368,1252614,24499
2021-06-30,Madera,39,155013,16752,16688,968,17656,240
2021-06-30,Marin,41,260295,14221,14133,272,14405,232
2021-06-30,Mariposa,43,17540,441,441,11,452,5
2021-06-30,Mendocino,45,87422,4199,4115,80,4195,49
2021-06-30,Merced,47,269075,31338,31286,1003,32289,469
2021-06-30,Modoc,49,8938,416,410,146,556,4
2021-06-30,Mono,51,14174,1256,1275,13,1288,3
2021-06-30,Monterey,53,433212,43221,43209,1936,45145,492
2021-06-30,Napa,55,140530,10066,10039,36,10075,81
2021-06-30,Nevada,57,99092,4987,4958,200,5158,72
2021-06-30,Orange,59,3164182,256390,255764,11918,267682,5125
2021-06-30,Placer,61,380077,23865,23721,1623,25344,299
2021-06-30,Plumas,63,18699,721,705,13,718,4
2021-06-30,Riverside,65,2383286,293303,293280,14876,308156,4535
2021-06-30,Sacramento,67,1510023,108784,108137,1927,110064,1676
2021-06-30,San Benito,69,59416,6126,6105,119,6224,63
2021-06-30,San Bernardino,71,2135413,294483,294211,9135,303346,4975
2021-06-30,San Diego,73,3302833,283346,282583,0,282583,3780
2021-06-30,San Francisco,75,870044,37228,37065,1413,38478,558
2021-06-30,San Joaquin,77,732212,74108,73777,3827,77604,1409
2021-06-30,San Luis Obispo,79,281455,21375,21326,796,22122,256
2021-06-30,San Mateo,81,765935,42905,42599,509,43108,537
2021-06-30,Santa Barbara,83,443738,34693,34521,1255,35776,456
2021-06-30,Santa Clara,85,1922200,119241,118930,815,119745,2090
2021-06-30,Santa Cruz,87,273765,16293,16250,876,17126,208
2021-06-30,Shasta,89,179085,12621,12564,1707,14271,204
2021-06-30,Sierra,91,2930,61,60,14,74,0
2021-06-30,Siskiyou,93,43540,1954,1900,400,2300,29
2021-06-30,Solano,95,438530,33583,33453,585,34038,268
2021-06-30,Sonoma,97,501317,31155,30947,378,31325,316
2021-06-30,Stanislaus,99,539301,57160,56997,6269,63266,1018
2021-06-30,Sutter,101,95872,9688,9638,95,9733,114
2021-06-30,Tehama,103,63373,5125,5124,618,5742,63
2021-06-30,Trinity,105,12862,379,341,71,412,3
2021-06-30,Tulare,107,460477,49885,49764,9674,59438,853
2021-06-30,Tuolumne,109,53932,4137,4112,37,4149,64
2021-06-30,Ventura,111,848112,81667,81392,3171,84563,1032
2021-06-30,Yolo,113,214977,14243,14178,378,14556,213
2021-06-30,Yuba,115,75493,6229,6191,134,6325,51
2021-06-29,Alameda,1,1643700,89764,89519,2096,91615,1257
2021-06-29,Alpine,3,1148,89,89,0,89,0
2021-06-29,Amador,5,37829,3764,3754,34,3788,46
2021-06-29,Butte,7,227075,12747,12669,1958,14627,201
2021-06-29,Calaveras,9,45235,2216,2198,15,2213,55
2021-06-29,Colusa,11,21464,1964,1967,327,2294,15
2021-06-29,Contra Costa,13,1133247,71251,70775,1393,72168,817
2021-06-29,Del Norte,15,27424,1441,1435,9,1444,8
2021-06-29,El Dorado,17,186661,10453,10403,807,11210,113
2021-06-29,Fresno,19,978130,102889,102464,9082,111546,1725
2021-06-29,Glenn,21,27897,2438,2439,588,3027,20
2021-06-29,Humboldt,23,135768,4549,4514,49,4563,49
2021-06-29,Imperial,25,180216,28710,28645,2927,31572,737
2021-06-29,Inyo,27,18085,1414,1408,4,1412,35
2021-06-29,Kern,29,883053,97563,97173,11621,108794,1347
2021-06-29,Kings,31,150075,23116,23035,1212,24247,245
2021-06-29,Lake,33,64148,3635,3594,13,3607,56
2021-06-29,Lassen,35,31185,5276,5268,123,5391,20
2021-06-29,Los Angeles,37,10098052,1209894,1207895,44332,1252227,24498
2021-06-29,Madera,39,155013,16748,16680,967,17647,240
2021-06-29,Marin,41,260295,14209,14127,272,14399,232
2021-06-29,Mariposa,43,17540,441,441,11,452,5
2021-06-29,Mendocino,45,87422,4196,4107,79,4186,49
2021-06-29,Merced,47,269075,31326,31277,1003,32280,469
2021-06-29,Modoc,49,8938,415,408,146,554,3
2021-06-29,Mono,51,14174,1256,1275,13,1288,3
2021-06-29,Monterey,53,433212,43211,43196,1934,45130,471
2021-06-29,Napa,55,140530,10060,10033,36,10069,81
2021-06-29,Nevada,57,99092,4980,4952,200,5152,72
2021-06-29,Orange,59,3164182,256291,255686,11903,267589,5124
2021-06-29,Placer,61,380077,23846,23693,1621,25314,299
2021-06-29,Plumas,63,18699,721,704,13,717,4
2021-06-29,Riverside,65,2383286,293204,292962,14868,307830,4524
2021-06-29,Sacramento,67,1510023,108631,108067,1924,109991,1677
2021-06-29,San Benito,69,59416,6115,6099,119,6218,63
2021-06-29,San Bernardino,71,2135413,294373,294118,9133,303251,4940
2021-06-29,San Diego,73,3302833,283192,282499,0,282499,3780
2021-06-29,San Francisco,75,870044,37190,37041,1410,38451,558
2021-06-29,San Joaquin,77,732212,74060,73724,3824,77548,1409
2021-06-29,San Luis Obispo,79,281455,21366,21324,794,22118,256
2021-06-29,San Mateo,81,765935,42873,42540,507,43047,540
2021-06-29,Santa Barbara,83,443738,34683,34507,1254,35761,455
2021-06-29,Santa Clara,85,1922200,119186,118893,814,119707,2090
2021-06-29,Santa Cruz,87,273765,16287,16249,876,17125,208
2021-06-29,Shasta,89,179085,12609,12564,1706,14270,204
2021-06-29,Sierra,91,2930,61,59,14,73,0
2021-06-29,Siskiyou,93,43540,1951,1897,396,2293,29
2021-06-29,Solano,95,438530,33550,33440,583,34023,268
2021-06-29,Sonoma,97,501317,31113,30950,376,31326,316
2021-06-29,Stanislaus,99,539301,57132,56980,6262,63242,1018
2021-06-29,Sutter,101,95872,9677,9634,95,9729,114
2021-06-29,Tehama,103,63373,5125,5124,618,5742,63
2021-06-29,Trinity,105,12862,379,341,71,412,3
2021-06-29,Tulare,107,460477,49872,49751,9669,59420,852
2021-06-29,Tuolumne,109,53932,4135,4111,37,4148,64
2021-06-29,Ventura,111,848112,81629,81363,3165,84528,1032
2021-06-29,Yolo,113,214977,14231,14171,377,14548,213
2021-06-29,Yuba,115,75493,6219,6188,134,6322,51
2021-06-28,Alameda,1,1643700,89671,89638,2094,91732,1259
2021-06-28,Alpine,3,1148,89,89,0,89,0
2021-06-28,Amador,5,37829,3763,3753,34,3787,46
2021-06-28,Butte,7,227075,12738,12697,1956,14653,198
2021-06-28,Calaveras,9,45235,2213,2203,15,2218,55
2021-06-28,Colusa,11,21464,1963,1974,326,2300,15
2021-06-28,Contra Costa,13,1133247,71177,70807,1391,72198,816
2021-06-28,Del Norte,15,27424,1441,1436,9,1445,8
2021-06-28,El Dorado,17,186661,10443,10422,803,11225,115
2021-06-28,Fresno,19,978130,102859,103121,9080,112201,1727
2021-06-28,Glenn,21,27897,2438,2439,588,3027,20
2021-06-28,Humboldt,23,135768,4542,4520,48,4568,49
2021-06-28,Imperial,25,180216,28702,28981,2926,31907,741
2021-06-28,Inyo,27,18085,1411,1407,4,1411,35
2021-06-28,Kern,29,883053,97544,97252,11616,108868,1348
2021-06-28,Kings,31,150075,23110,23134,1212,24346,246
2021-06-28,Lake,33,64148,3627,3591,13,3604,56
2021-06-28,Lassen,35,31185,5274,5268,123,5391,20
2021-06-28,Los Angeles,37,10098052,1209379,1207714,44294,1252008,24496
2021-06-28,Madera,39,155013,16738,16683,966,17649,240
2021-06-28,Marin,41,260295,14194,14186,272,14458,232
2021-06-28,Mariposa,43,17540,441,440,11,451,5
2021-06-28,Mendocino,45,87422,4187,4102,78,4180,49
2021-06-28,Merced,47,269075,31314,31277,1003,32280,469
2021-06-28,Modoc,49,8938,415,411,145,556,3
2021-06-28,Mono,51,14174,1256,1276,13,1289,3
2021-06-28,Monterey,53,433212,43207,43202,1933,45135,462
2021-06-28,Napa,55,140530,10051,10050,35,10085,81
2021-06-28,Nevada,57,99092,4976,4951,200,5151,72
2021-06-28,Orange,59,3164182,256203,255755,11889,267644,5123
2021-06-28,Placer,61,380077,23826,23756,1616,25372,299
2021-06-28,Plumas,63,18699,719,704,13,717,4
2021-06-28,Riverside,65,2383286,293079,292647,14855,307502,4507
2021-06-28,Sacramento,67,1510023,108497,108342,1919,110261,1675
2021-06-28,San Benito,69,59416,6113,6101,119,6220,63
2021-06-28,San Bernardino,71,2135413,294271,294151,9128,303279,4928
2021-06-28,San Diego,73,3302833,283029,282417,0,282417,3780
2021-06-28,San Francisco,75,870044,37154,37372,1408,38780,559
2021-06-28,San Joaquin,77,732212,74011,73973,3819,77792,1411
2021-06-28,San Luis Obispo,79,281455,21362,21340,793,22133,256
2021-06-28,San Mateo,81,765935,42840,42927,506,43433,540
2021-06-28,Santa Barbara,83,443738,34676,34534,1252,35786,455
2021-06-28,Santa Clara,85,1922200,119122,120377,813,121190,2103
2021-06-28,Santa Cruz,87,273765,16282,16245,876,17121,208
2021-06-28,Shasta,89,179085,12605,12642,1704,14346,203
2021-06-28,Sierra,91,2930,61,58,14,72,0
2021-06-28,Siskiyou,93,43540,1950,1896,396,2292,29
2021-06-28,Solano,95,438530,33514,33524,581,34105,267
2021-06-28,Sonoma,97,501317,31076,31137,375,31512,315
2021-06-28,Stanislaus,99,539301,57113,57047,6258,63305,1018
2021-06-28,Sutter,101,95872,9673,9682,95,9777,114
2021-06-28,Tehama,103,63373,5123,5122,618,5740,63
2021-06-28,Trinity,105,12862,379,341,71,412,3
2021-06-28,Tulare,107,460477,49863,49751,9664,59415,850
2021-06-28,Tuolumne,109,53932,4128,4121,37,4158,64
2021-06-28,Ventura,111,848112,81572,81393,3160,84553,1032
2021-06-28,Yolo,113,214977,14222,14199,374,14573,213
2021-06-28,Yuba,115,75493,6214,6207,134,6341,51
2021-06-27,Alameda,1,1643700,89585,89611,2090,91701,1259
2021-06-27,Alpine,3,1148,89,89,0,89,0
2021-06-27,Amador,5,37829,3762,3752,34,3786,46
2021-06-27,Butte,7,227075,12729,12696,1955,14651,198
2021-06-27,Calaveras,9,45235,2212,2203,15,2218,55
2021-06-27,Colusa,11,21464,1963,1974,325,2299,15
2021-06-27,Contra Costa,13,1133247,71091,70762,1387,72149,816
2021-06-27,Del Norte,15,27424,1438,1436,9,1445,8
2021-06-27,El Dorado,17,186661,10431,10418,800,11218,115
2021-06-27,Fresno,19,978130,102830,103110,9078,112188,1727
2021-06-27,Glenn,21,27897,2437,2439,587,3026,20
2021-06-27,Humboldt,23,135768,4530,4513,45,4558,49
2021-06-27,Imperial,25,180216,28688,28987,2926,31913,741
2021-06-27,Inyo,27,18085,1411,1407,4,1411,35
2021-06-27,Kern,29,883053,97519,97249,11609,108858,1348
2021-06-27,Kings,31,150075,23100,23132,1212,24344,246
2021-06-27,Lake,33,64148,3620,3581,13,3594,56
2021-06-27,Lassen,35,31185,5273,5265,123,5388,20
2021-06-27,Los Angeles,37,10098052,1208835,1207461,44254,1251715,24493
2021-06-27,Madera,39,155013,16730,16680,966,17646,240
2021-06-27,Marin,41,260295,14185,14182,272,14454,232
2021-06-27,Mariposa,43,17540,441,440,11,451,5
2021-06-27,Mendocino,45,87422,4180,4100,78,4178,49
2021-06-27,Merced,47,269075,31302,31266,1003,32269,469
2021-06-27,Modoc,49,8938,415,411,145,556,3
2021-06-27,Mono,51,14174,1256,1279,13,1292,3
2021-06-27,Monterey,53,433212,43194,43199,1933,45132,462
2021-06-27,Napa,55,140530,10045,10046,35,10081,81
2021-06-27,Nevada,57,99092,4970,4946,200,5146,72
2021-06-27,Orange,59,3164182,256090,255710,11878,267588,5123
2021-06-27,Placer,61,380077,23793,23731,1613,25344,299
2021-06-27,Plumas,63,18699,719,704,13,717,4
2021-06-27,Riverside,65,2383286,292976,292641,14849,307490,4507
2021-06-27,Sacramento,67,1510023,108364,108279,1915,110194,1675
2021-06-27,San Benito,69,59416,6107,6101,119,6220,63
2021-06-27,San Bernardino,71,2135413,294160,294115,9126,303241,4927
2021-06-27,San Diego,73,3302833,282889,282359,0,282359,3780
2021-06-27,San Francisco,75,870044,37117,37360,1407,38767,559
2021-06-27,San Joaquin,77,732212,73975,73960,3817,77777,1411
2021-06-27,San Luis Obispo,79,281455,21355,21340,792,22132,256
2021-06-27,San Mateo,81,765935,42811,42925,503,43428,539
2021-06-27,Santa Barbara,83,443738,34662,34533,1249,35782,455
2021-06-27,Santa Clara,85,1922200,119070,120352,811,121163,2103
2021-06-27,Santa Cruz,87,273765,16273,16241,876,17117,208
2021-06-27,Shasta,89,179085,12599,12640,1702,14342,203
2021-06-27,Sierra,91,2930,61,58,14,72,0
2021-06-27,Siskiyou,93,43540,1948,1896,395,2291,29
2021-06-27,Solano,95,438530,33486,33516,581,34097,267
2021-06-27,Sonoma,97,501317,31038,31129,375,31504,315
2021-06-27,Stanislaus,99,539301,57066,57021,6255,63276,1018
2021-06-27,Sutter,101,95872,9667,9678,95,9773,114
2021-06-27,Tehama,103,63373,5119,5122,618,5740,63
2021-06-27,Trinity,105,12862,379,341,70,411,3
2021-06-27,Tulare,107,460477,49851,49749,9657,59406,850
2021-06-27,Tuolumne,109,53932,4126,4121,37,4158,64
2021-06-27,Ventura,111,848112,81538,81361,3151,84512,1032
2021-06-27,Yolo,113,214977,14207,14194,370,14564,213
2021-06-27,Yuba,115,75493,6208,6205,134,6339,51
2021-06-26,Alameda,1,1643700,89528,89560,2089,91649,1259
2021-06-26,Alpine,3,1148,89,89,0,89,0
2021-06-26,Amador,5,37829,3762,3748,34,3782,46
2021-06-26,Butte,7,227075,12725,12693,1952,14645,198
2021-06-26,Calaveras,9,45235,2210,2202,15,2217,55
2021-06-26,Colusa,11,21464,1963,1973,325,2298,15
2021-06-26,Contra Costa,13,1133247,71048,70712,1386,72098,816
2021-06-26,Del Norte,15,27424,1437,1432,9,1441,8
2021-06-26,El Dorado,17,186661,10423,10414,799,11213,115
2021-06-26,Fresno,19,978130,102810,103091,9076,112167,1727
2021-06-26,Glenn,21,27897,2435,2441,587,3028,20
2021-06-26,Humboldt,23,135768,4527,4509,45,4554,49
2021-06-26,Imperial,25,180216,28684,28970,2926,31896,741
2021-06-26,Inyo,27,18085,1411,1407,4,1411,35
2021-06-26,Kern,29,883053,97493,97239,11600,108839,1348
2021-06-26,Kings,31,150075,23096,23128,1211,24339,246
2021-06-26,Lake,33,64148,3609,3576,13,3589,56
2021-06-26,Lassen,35,31185,5270,5263,123,5386,20
2021-06-26,Los Angeles,37,10098052,1208533,1207198,44218,1251416,24490
2021-06-26,Madera,39,155013,16723,16679,965,17644,240
2021-06-26,Marin,41,260295,14176,14180,272,14452,232
2021-06-26,Mariposa,43,17540,441,440,11,451,5
2021-06-26,Mendocino,45,87422,4178,4096,78,4174,49
2021-06-26,Merced,47,269075,31296,31259,1002,32261,469
2021-06-26,Modoc,49,8938,415,411,145,556,3
2021-06-26,Mono,51,14174,1256,1279,13,1292,3
2021-06-26,Monterey,53,433212,43191,43192,1933,45125,462
2021-06-26,Napa,55,140530,10039,10043,35,10078,81
2021-06-26,Nevada,57,99092,4965,4939,200,5139,72
2021-06-26,Orange,59,3164182,256014,255640,11871,267511,5123
2021-06-26,Placer,61,380077,23779,23702,1611,25313,299
2021-06-26,Plumas,63,18699,719,704,13,717,4
2021-06-26,Riverside,65,2383286,292919,292480,14843,307323,4505
2021-06-26,Sacramento,67,1510023,108294,108179,1913,110092,1675
2021-06-26,San Benito,69,59416,6103,6100,119,6219,63
2021-06-26,San Bernardino,71,2135413,294068,294034,9121,303155,4928
2021-06-26,San Diego,73,3302833,282804,282263,0,282263,3780
2021-06-26,San Francisco,75,870044,37085,37348,1406,38754,559
2021-06-26,San Joaquin,77,732212,73946,73928,3816,77744,1411
2021-06-26,San Luis Obispo,79,281455,21354,21330,791,22121,256
2021-06-26,San Mateo,81,765935,42790,42898,503,43401,539
2021-06-26,Santa Barbara,83,443738,34653,34525,1249,35774,455
2021-06-26,Santa Clara,85,1922200,119037,120321,811,121132,2103
2021-06-26,Santa Cruz,87,273765,16270,16239,876,17115,208
2021-06-26,Shasta,89,179085,12595,12635,1698,14333,203
2021-06-26,Sierra,91,2930,61,58,14,72,0
2021-06-26,Siskiyou,93,43540,1947,1896,394,2290,29
2021-06-26,Solano,95,438530,33468,33489,579,34068,267
2021-06-26,Sonoma,97,501317,31011,31088,375,31463,315
2021-06-26,Stanislaus,99,539301,57045,57006,6253,63259,1018
2021-06-26,Sutter,101,95872,9666,9669,95,9764,114
2021-06-26,Tehama,103,63373,5119,5119,618,5737,63
2021-06-26,Trinity,105,12862,379,341,70,411,3
2021-06-26,Tulare,107,460477,49845,49745,9657,59402,850
2021-06-26,Tuolumne,109,53932,4126,4121,37,4158,64
2021-06-26,Ventura,111,848112,81514,81352,3150,84502,1032
2021-06-26,Yolo,113,214977,14198,14184,370,14554,213
2021-06-26,Yuba,115,75493,6205,6200,134,6334,51
2021-06-25,Alameda,1,1643700,89462,89453,2085,91538,1271
2021-06-25,Alpine,3,1148,89,89,0,89,0
2021-06-25,Amador,5,37829,3761,3746,34,3780,46
2021-06-25,Butte,7,227075,12720,12682,1949,14631,198
2021-06-25,Calaveras,9,45235,2209,2201,15,2216,55
2021-06-25,Colusa,11,21464,1963,1972,325,2297,15
2021-06-25,Contra Costa,13,1133247,71012,70659,1386,72045,815
2021-06-25,Del Norte,15,27424,1437,1426,9,1435,8
2021-06-25,El Dorado,17,186661,10415,10406,796,11202,115
2021-06-25,Fresno,19,978130,102793,103073,9072,112145,1727
2021-06-25,Glenn,21,27897,2435,2441,587,3028,20
2021-06-25,Humboldt,23,135768,4521,4503,43,4546,49
2021-06-25,Imperial,25,180216,28681,28968,2926,31894,740
2021-06-25,Inyo,27,18085,1410,1406,4,1410,35
2021-06-25,Kern,29,883053,97474,97182,11596,108778,1347
2021-06-25,Kings,31,150075,23090,23118,1211,24329,246
2021-06-25,Lake,33,64148,3603,3571,13,3584,56
2021-06-25,Lassen,35,31185,5269,5259,123,5382,20
2021-06-25,Los Angeles,37,10098052,1208257,1206909,44200,1251109,24483
2021-06-25,Madera,39,155013,16720,16670,965,17635,240
2021-06-25,Marin,41,260295,14173,14179,272,14451,232
2021-06-25,Mariposa,43,17540,441,440,11,451,5
2021-06-25,Mendocino,45,87422,4175,4089,78,4167,49
2021-06-25,Merced,47,269075,31288,31256,1002,32258,467
2021-06-25,Modoc,49,8938,415,411,145,556,3
2021-06-25,Mono,51,14174,1256,1279,13,1292,3
2021-06-25,Monterey,53,433212,43186,43184,1932,45116,462
2021-06-25,Napa,55,140530,10034,10037,35,10072,81
2021-06-25,Nevada,57,99092,4962,4932,200,5132,72
2021-06-25,Orange,59,3164182,255944,255574,11868,267442,5119
2021-06-25,Placer,61,380077,23760,23672,1610,25282,299
2021-06-25,Plumas,63,18699,719,702,12,714,4
2021-06-25,Riverside,65,2383286,292852,291663,14837,306500,4490
2021-06-25,Sacramento,67,1510023,108220,108034,1910,109944,1673
2021-06-25,San Benito,69,59416,6099,6098,119,6217,63
2021-06-25,San Bernardino,71,2135413,294013,293941,9119,303060,4911
2021-06-25,San Diego,73,3302833,282744,282157,0,282157,3779
2021-06-25,San Francisco,75,870044,37062,37338,1405,38743,559
2021-06-25,San Joaquin,77,732212,73913,73860,3814,77674,1410
2021-06-25,San Luis Obispo,79,281455,21351,21325,790,22115,256
2021-06-25,San Mateo,81,765935,42772,42849,503,43352,537
2021-06-25,Santa Barbara,83,443738,34645,34518,1248,35766,454
2021-06-25,Santa Clara,85,1922200,119017,120272,811,121083,2103
2021-06-25,Santa Cruz,87,273765,16267,16230,874,17104,208
2021-06-25,Shasta,89,179085,12585,12633,1697,14330,202
2021-06-25,Sierra,91,2930,61,58,14,72,0
2021-06-25,Siskiyou,93,43540,1946,1894,394,2288,29
2021-06-25,Solano,95,438530,33448,33449,579,34028,267
2021-06-25,Sonoma,97,501317,30988,31043,375,31418,314
2021-06-25,Stanislaus,99,539301,57026,56973,6246,63219,1018
2021-06-25,Sutter,101,95872,9659,9664,95,9759,114
2021-06-25,Tehama,103,63373,5118,5119,618,5737,63
2021-06-25,Trinity,105,12862,379,338,70,408,3
2021-06-25,Tulare,107,460477,49839,49731,9653,59384,850
2021-06-25,Tuolumne,109,53932,4125,4121,37,4158,64
2021-06-25,Ventura,111,848112,81485,81342,3144,84486,1032
2021-06-25,Yolo,113,214977,14192,14172,370,14542,213
2021-06-25,Yuba,115,75493,6201,6195,134,6329,51
2021-06-24,Alameda,1,1643700,89391,89358,2081,91439,1268
2021-06-24,Alpine,3,1148,89,89,0,89,0
2021-06-24,Amador,5,37829,3757,3745,34,3779,46
2021-06-24,Butte,7,227075,12714,12673,1947,14620,198
2021-06-24,Calaveras,9,45235,2205,2202,15,2217,55
2021-06-24,Colusa,11,21464,1962,1972,325,2297,15
2021-06-24,Contra Costa,13,1133247,70953,70590,1386,71976,813
2021-06-24,Del Norte,15,27424,1436,1421,9,1430,8
2021-06-24,El Dorado,17,186661,10408,10402,796,11198,115
2021-06-24,Fresno,19,978130,102773,103061,9069,112130,1727
2021-06-24,Glenn,21,27897,2434,2439,587,3026,20
2021-06-24,Humboldt,23,135768,4516,4493,43,4536,49
2021-06-24,Imperial,25,180216,28678,28981,2926,31907,740
2021-06-24,Inyo,27,18085,1409,1406,4,1410,35
2021-06-24,Kern,29,883053,97455,97129,11583,108712,1346
2021-06-24,Kings,31,150075,23086,23114,1209,24323,246
2021-06-24,Lake,33,64148,3597,3571,13,3584,56
2021-06-24,Lassen,35,31185,5268,5258,123,5381,20
2021-06-24,Los Angeles,37,10098052,1207934,1206590,44176,1250766,24480
2021-06-24,Madera,39,155013,16709,16662,965,17627,240
2021-06-24,Marin,41,260295,14169,14180,272,14452,232
2021-06-24,Mariposa,43,17540,441,440,11,451,5
2021-06-24,Mendocino,45,87422,4167,4085,78,4163,49
2021-06-24,Merced,47,269075,31277,31248,1002,32250,466
2021-06-24,Modoc,49,8938,415,411,145,556,3
2021-06-24,Mono,51,14174,1256,1276,13,1289,3
2021-06-24,Monterey,53,433212,43179,43180,1932,45112,451
2021-06-24,Napa,55,140530,10032,10036,35,10071,80
2021-06-24,Nevada,57,99092,4960,4927,200,5127,72
2021-06-24,Orange,59,3164182,255880,255520,11860,267380,5117
2021-06-24,Placer,61,380077,23735,23659,1608,25267,299
2021-06-24,Plumas,63,18699,718,702,12,714,4
2021-06-24,Riverside,65,2383286,292772,291067,14826,305893,4473
2021-06-24,Sacramento,67,1510023,108132,107965,1908,109873,1672
2021-06-24,San Benito,69,59416,6096,6098,119,6217,63
2021-06-24,San Bernardino,71,2135413,293944,293895,9114,303009,4898
2021-06-24,San Diego,73,3302833,282639,282053,0,282053,3778
2021-06-24,San Francisco,75,870044,37040,37320,1403,38723,559
2021-06-24,San Joaquin,77,732212,73865,73814,3814,77628,1408
2021-06-24,San Luis Obispo,79,281455,21345,21326,790,22116,256
2021-06-24,San Mateo,81,765935,42746,42814,502,43316,542
2021-06-24,Santa Barbara,83,443738,34639,34512,1247,35759,454
2021-06-24,Santa Clara,85,1922200,118987,120274,810,121084,2103
2021-06-24,Santa Cruz,87,273765,16266,16227,874,17101,208
2021-06-24,Shasta,89,179085,12580,12629,1693,14322,202
2021-06-24,Sierra,91,2930,61,58,14,72,0
2021-06-24,Siskiyou,93,43540,1946,1892,394,2286,28
2021-06-24,Solano,95,438530,33426,33432,577,34009,267
2021-06-24,Sonoma,97,501317,30959,31020,375,31395,314
2021-06-24,Stanislaus,99,539301,56994,56946,6245,63191,1018
2021-06-24,Sutter,101,95872,9652,9660,95,9755,113
2021-06-24,Tehama,103,63373,5115,5115,618,5733,63
2021-06-24,Trinity,105,12862,378,338,70,408,3
2021-06-24,Tulare,107,460477,49829,49730,9650,59380,850
2021-06-24,Tuolumne,109,53932,4123,4120,37,4157,64
2021-06-24,Ventura,111,848112,81457,81332,3143,84475,1032
2021-06-24,Yolo,113,214977,14184,14169,366,14535,213
2021-06-24,Yuba,115,75493,6196,6195,134,6329,51
2021-06-23,Alameda,1,1643700,89319,89338,2080,91418,1266
2021-06-23,Alpine,3,1148,89,88,0,88,0
2021-06-23,Amador,5,37829,3755,3743,34,3777,46
2021-06-23,Butte,7,227075,12707,12666,1947,14613,198
2021-06-23,Calaveras,9,45235,2204,2199,15,2214,55
2021-06-23,Colusa,11,21464,1961,1972,325,2297,15
2021-06-23,Contra Costa,13,1133247,70888,70526,1385,71911,813
2021-06-23,Del Norte,15,27424,1432,1418,9,1427,8
2021-06-23,El Dorado,17,186661,10399,10395,793,11188,115
2021-06-23,Fresno,19,978130,102743,103020,9067,112087,1724
2021-06-23,Glenn,21,27897,2434,2437,586,3023,20
2021-06-23,Humboldt,23,135768,4507,4490,43,4533,48
2021-06-23,Imperial,25,180216,28671,28908,2926,31834,740
2021-06-23,Inyo,27,18085,1409,1406,4,1410,35
2021-06-23,Kern,29,883053,97428,97078,11569,108647,1345
2021-06-23,Kings,31,150075,23079,23105,1207,24312,245
2021-06-23,Lake,33,64148,3588,3566,13,3579,53
2021-06-23,Lassen,35,31185,5265,5257,123,5380,20
2021-06-23,Los Angeles,37,10098052,1207597,1206358,44165,1250523,24472
2021-06-23,Madera,39,155013,16704,16660,965,17625,240
2021-06-23,Marin,41,260295,14163,14177,272,14449,230
2021-06-23,Mariposa,43,17540,441,439,11,450,5
2021-06-23,Mendocino,45,87422,4163,4078,78,4156,49
2021-06-23,Merced,47,269075,31268,31260,1002,32262,465
2021-06-23,Modoc,49,8938,413,407,145,552,3
2021-06-23,Mono,51,14174,1256,1279,13,1292,3
2021-06-23,Monterey,53,433212,43170,43166,1932,45098,439
2021-06-23,Napa,55,140530,10023,10032,35,10067,80
2021-06-23,Nevada,57,99092,4957,4924,200,5124,72
2021-06-23,Orange,59,3164182,255815,255479,11851,267330,5116
2021-06-23,Placer,61,380077,23707,23630,1601,25231,299
2021-06-23,Plumas,63,18699,717,701,12,713,4
2021-06-23,Riverside,65,2383286,292689,290343,14824,305167,4462
2021-06-23,Sacramento,67,1510023,108038,107868,1903,109771,1671
2021-06-23,San Benito,69,59416,6092,6097,119,6216,63
2021-06-23,San Bernardino,71,2135413,293867,293816,9109,302925,4886
2021-06-23,San Diego,73,3302833,282539,281937,0,281937,3777
2021-06-23,San Francisco,75,870044,37016,37304,1402,38706,559
2021-06-23,San Joaquin,77,732212,73826,73764,3812,77576,1405
2021-06-23,San Luis Obispo,79,281455,21341,21323,789,22112,257
2021-06-23,San Mateo,81,765935,42730,42756,502,43258,542
2021-06-23,Santa Barbara,83,443738,34629,34505,1247,35752,454
2021-06-23,Santa Clara,85,1922200,118958,120233,810,121043,2098
2021-06-23,Santa Cruz,87,273765,16262,16215,874,17089,209
2021-06-23,Shasta,89,179085,12573,12604,1691,14295,202
2021-06-23,Sierra,91,2930,61,57,14,71,0
2021-06-23,Siskiyou,93,43540,1944,1892,394,2286,28
2021-06-23,Solano,95,438530,33382,33408,577,33985,267
2021-06-23,Sonoma,97,501317,30919,30959,373,31332,314
2021-06-23,Stanislaus,99,539301,56961,56926,6244,63170,1017
2021-06-23,Sutter,101,95872,9646,9653,95,9748,113
2021-06-23,Tehama,103,63373,5115,5119,617,5736,63
2021-06-23,Trinity,105,12862,378,338,70,408,3
2021-06-23,Tulare,107,460477,49823,49711,9645,59356,850
2021-06-23,Tuolumne,109,53932,4120,4120,37,4157,64
2021-06-23,Ventura,111,848112,81434,81312,3140,84452,1032
2021-06-23,Yolo,113,214977,14174,14161,366,14527,212
2021-06-23,Yuba,115,75493,6193,6190,134,6324,51
2021-06-22,Alameda,1,1643700,89251,89308,2080,91388,1263
2021-06-22,Alpine,3,1148,89,88,0,88,0
2021-06-22,Amador,5,37829,3752,3743,34,3777,46
2021-06-22,Butte,7,227075,12703,12662,1945,14607,198
2021-06-22,Calaveras,9,45235,2203,2198,15,2213,55
2021-06-22,Colusa,11,21464,1960,1971,325,2296,15
2021-06-22,Contra Costa,13,1133247,70832,70480,1384,71864,813
2021-06-22,Del Norte,15,27424,1429,1417,9,1426,8
2021-06-22,El Dorado,17,186661,10394,10380,792,11172,113
2021-06-22,Fresno,19,978130,102724,102996,9063,112059,1724
2021-06-22,Glenn,21,27897,2433,2435,584,3019,19
2021-06-22,Humboldt,23,135768,4497,4483,43,4526,42
2021-06-22,Imperial,25,180216,28666,28880,2926,31806,740
2021-06-22,Inyo,27,18085,1409,1405,4,1409,35
2021-06-22,Kern,29,883053,97415,97013,11565,108578,1342
2021-06-22,Kings,31,150075,23071,23098,1206,24304,245
2021-06-22,Lake,33,64148,3586,3564,13,3577,45
2021-06-22,Lassen,35,31185,5260,5254,123,5377,20
2021-06-22,Los Angeles,37,10098052,1207284,1206146,44153,1250299,24461
2021-06-22,Madera,39,155013,16699,16652,965,17617,240
2021-06-22,Marin,41,260295,14161,14174,272,14446,230
2021-06-22,Mariposa,43,17540,441,439,11,450,5
2021-06-22,Mendocino,45,87422,4157,4072,78,4150,49
2021-06-22,Merced,47,269075,31257,31267,1002,32269,464
2021-06-22,Modoc,49,8938,412,405,144,549,3
2021-06-22,Mono,51,14174,1256,1277,13,1290,3
2021-06-22,Monterey,53,433212,43167,43162,1931,45093,427
2021-06-22,Napa,55,140530,10018,10029,35,10064,80
2021-06-22,Nevada,57,99092,4951,4923,200,5123,72
2021-06-22,Orange,59,3164182,255748,255452,11840,267292,5114
2021-06-22,Placer,61,380077,23686,23603,1601,25204,299
2021-06-22,Plumas,63,18699,717,697,12,709,4
2021-06-22,Riverside,65,2383286,292628,289839,14820,304659,4456
2021-06-22,Sacramento,67,1510023,107937,107801,1898,109699,1670
2021-06-22,San Benito,69,59416,6091,6098,119,6217,63
2021-06-22,San Bernardino,71,2135413,293788,293770,9103,302873,4873
2021-06-22,San Diego,73,3302833,282435,281867,0,281867,3771
2021-06-22,San Francisco,75,870044,37002,37287,1402,38689,556
2021-06-22,San Joaquin,77,732212,73796,73723,3811,77534,1405
2021-06-22,San Luis Obispo,79,281455,21338,21321,788,22109,257
2021-06-22,San Mateo,81,765935,42716,42725,496,43221,542
2021-06-22,Santa Barbara,83,443738,34618,34500,1246,35746,454
2021-06-22,Santa Clara,85,1922200,118926,120194,810,121004,2095
2021-06-22,Santa Cruz,87,273765,16257,16218,874,17092,209
2021-06-22,Shasta,89,179085,12563,12616,1687,14303,202
2021-06-22,Sierra,91,2930,60,57,14,71,0
2021-06-22,Siskiyou,93,43540,1944,1892,394,2286,28
2021-06-22,Solano,95,438530,33364,33397,576,33973,267
2021-06-22,Sonoma,97,501317,30879,30933,373,31306,314
2021-06-22,Stanislaus,99,539301,56941,56915,6242,63157,1017
2021-06-22,Sutter,101,95872,9639,9649,95,9744,113
2021-06-22,Tehama,103,63373,5113,5118,616,5734,63
2021-06-22,Trinity,105,12862,376,337,70,407,3
2021-06-22,Tulare,107,460477,49815,49706,9640,59346,850
2021-06-22,Tuolumne,109,53932,4118,4119,37,4156,64
2021-06-22,Ventura,111,848112,81420,81300,3139,84439,1032
2021-06-22,Yolo,113,214977,14169,14157,364,14521,212
2021-06-22,Yuba,115,75493,6189,6181,134,6315,51
2021-06-21,Alameda,1,1643700,89191,89281,2079,91360,1262
2021-06-21,Alpine,3,1148,89,88,0,88,0
2021-06-21,Amador,5,37829,3746,3742,34,3776,46
2021-06-21,Butte,7,227075,12697,12668,1943,14611,195
2021-06-21,Calaveras,9,45235,2202,2194,15,2209,55
2021-06-21,Colusa,11,21464,1959,1970,324,2294,15
2021-06-21,Contra Costa,13,1133247,70761,70439,1382,71821,813
2021-06-21,Del Norte,15,27424,1425,1416,9,1425,8
2021-06-21,El Dorado,17,186661,10388,10375,791,11166,113
2021-06-21,Fresno,19,978130,102705,102971,9060,112031,1724
2021-06-21,Glenn,21,27897,2432,2433,584,3017,19
2021-06-21,Humboldt,23,135768,4488,4478,42,4520,42
2021-06-21,Imperial,25,180216,28662,28855,2926,31781,740
2021-06-21,Inyo,27,18085,1408,1405,4,1409,35
2021-06-21,Kern,29,883053,97386,96995,11556,108551,1342
2021-06-21,Kings,31,150075,23064,23091,1203,24294,245
2021-06-21,Lake,33,64148,3580,3563,13,3576,45
2021-06-21,Lassen,35,31185,5258,5233,123,5356,19
2021-06-21,Los Angeles,37,10098052,1206997,1205994,44128,1250122,24459
2021-06-21,Madera,39,155013,16690,16647,964,17611,240
2021-06-21,Marin,41,260295,14157,14173,272,14445,230
2021-06-21,Mariposa,43,17540,441,439,11,450,5
2021-06-21,Mendocino,45,87422,4154,4085,78,4163,49
2021-06-21,Merced,47,269075,31247,31264,1001,32265,465
2021-06-21,Modoc,49,8938,412,405,144,549,3
2021-06-21,Mono,51,14174,1256,1277,13,1290,3
2021-06-21,Monterey,53,433212,43164,43157,1931,45088,427
2021-06-21,Napa,55,140530,10014,10028,35,10063,80
2021-06-21,Nevada,57,99092,4947,4921,200,5121,72
2021-06-21,Orange,59,3164182,255678,255400,11832,267232,5113
2021-06-21,Placer,61,380077,23661,23577,1601,25178,298
2021-06-21,Plumas,63,18699,715,697,12,709,4
2021-06-21,Riverside,65,2383286,292554,289797,14815,304612,4456
2021-06-21,Sacramento,67,1510023,107826,107757,1897,109654,1669
2021-06-21,San Benito,69,59416,6087,6098,119,6217,63
2021-06-21,San Bernardino,71,2135413,293700,293736,9098,302834,4850
2021-06-21,San Diego,73,3302833,282329,281811,0,281811,3771
2021-06-21,San Francisco,75,870044,36986,37275,1401,38676,556
2021-06-21,San Joaquin,77,732212,73755,73687,3810,77497,1405
2021-06-21,San Luis Obispo,79,281455,21329,21316,788,22104,257
2021-06-21,San Mateo,81,765935,42699,42685,495,43180,542
2021-06-21,Santa Barbara,83,443738,34613,34492,1246,35738,455
2021-06-21,Santa Clara,85,1922200,118893,120192,809,121001,2093
2021-06-21,Santa Cruz,87,273765,16255,16212,874,17086,208
2021-06-21,Shasta,89,179085,12550,12617,1684,14301,201
2021-06-21,Sierra,91,2930,60,57,14,71,0
2021-06-21,Siskiyou,93,43540,1944,1892,394,2286,27
2021-06-21,Solano,95,438530,33341,33383,574,33957,266
2021-06-21,Sonoma,97,501317,30858,30912,373,31285,314
2021-06-21,Stanislaus,99,539301,56911,56891,6237,63128,1017
2021-06-21,Sutter,101,95872,9638,9649,95,9744,113
2021-06-21,Tehama,103,63373,5113,5115,615,5730,63
2021-06-21,Trinity,105,12862,376,337,70,407,3
2021-06-21,Tulare,107,460477,49805,49689,9634,59323,849
2021-06-21,Tuolumne,109,53932,4114,4119,37,4156,63
2021-06-21,Ventura,111,848112,81392,81291,3135,84426,1031
2021-06-21,Yolo,113,214977,14163,14165,364,14529,212
2021-06-21,Yuba,115,75493,6188,6172,134,6306,51
2021-06-20,Alameda,1,1643700,89128,89255,2079,91334,1263
2021-06-20,Alpine,3,1148,89,88,0,88,0
2021-06-20,Amador,5,37829,3743,3740,34,3774,46
2021-06-20,Butte,7,227075,12690,12668,1942,14610,194
2021-06-20,Calaveras,9,45235,2200,2193,15,2208,55
2021-06-20,Colusa,11,21464,1959,1970,324,2294,15
2021-06-20,Contra Costa,13,1133247,70705,70401,1380,71781,813
2021-06-20,Del Norte,15,27424,1421,1416,9,1425,8
2021-06-20,El Dorado,17,186661,10374,10372,789,11161,113
2021-06-20,Fresno,19,978130,102665,102947,9056,112003,1724
2021-06-20,Glenn,21,27897,2432,2434,583,3017,19
2021-06-20,Humboldt,23,135768,4482,4472,42,4514,42
2021-06-20,Imperial,25,180216,28653,28855,2926,31781,740
2021-06-20,Inyo,27,18085,1407,1405,4,1409,35
2021-06-20,Kern,29,883053,97365,96985,11544,108529,1342
2021-06-20,Kings,31,150075,23059,23088,1201,24289,245
2021-06-20,Lake,33,64148,3578,3563,13,3576,45
2021-06-20,Lassen,35,31185,5255,5230,123,5353,19
2021-06-20,Los Angeles,37,10098052,1206701,1205874,44118,1249992,24456
2021-06-20,Madera,39,155013,16682,16638,962,17600,240
2021-06-20,Marin,41,260295,14154,14166,272,14438,230
2021-06-20,Mariposa,43,17540,439,439,11,450,5
2021-06-20,Mendocino,45,87422,4147,4080,78,4158,49
2021-06-20,Merced,47,269075,31234,31265,1001,32266,465
2021-06-20,Modoc,49,8938,412,405,144,549,3
2021-06-20,Mono,51,14174,1256,1275,13,1288,3
2021-06-20,Monterey,53,433212,43155,43156,1930,45086,427
2021-06-20,Napa,55,140530,10007,10026,34,10060,80
2021-06-20,Nevada,57,99092,4940,4919,200,5119,72
2021-06-20,Orange,59,3164182,255616,255377,11819,267196,5113
2021-06-20,Placer,61,380077,23628,23562,1597,25159,298
2021-06-20,Plumas,63,18699,714,697,12,709,4
2021-06-20,Riverside,65,2383286,292479,289770,14805,304575,4456
2021-06-20,Sacramento,67,1510023,107718,107700,1894,109594,1669
2021-06-20,San Benito,69,59416,6087,6098,119,6217,63
2021-06-20,San Bernardino,71,2135413,293602,293713,9094,302807,4845
2021-06-20,San Diego,73,3302833,282223,281750,0,281750,3771
2021-06-20,San Francisco,75,870044,36964,37269,1401,38670,556
2021-06-20,San Joaquin,77,732212,73712,73676,3802,77478,1405
2021-06-20,San Luis Obispo,79,281455,21327,21313,788,22101,257
2021-06-20,San Mateo,81,765935,42670,42681,495,43176,542
2021-06-20,Santa Barbara,83,443738,34604,34487,1246,35733,455
2021-06-20,Santa Clara,85,1922200,118858,120163,809,120972,2093
2021-06-20,Santa Cruz,87,273765,16248,16210,874,17084,208
2021-06-20,Shasta,89,179085,12545,12617,1682,14299,201
2021-06-20,Sierra,91,2930,60,57,14,71,0
2021-06-20,Siskiyou,93,43540,1943,1891,394,2285,27
2021-06-20,Solano,95,438530,33319,33361,572,33933,266
2021-06-20,Sonoma,97,501317,30812,30884,369,31253,314
2021-06-20,Stanislaus,99,539301,56876,56868,6236,63104,1017
2021-06-20,Sutter,101,95872,9635,9645,95,9740,113
2021-06-20,Tehama,103,63373,5109,5115,615,5730,63
2021-06-20,Trinity,105,12862,376,337,70,407,3
2021-06-20,Tulare,107,460477,49796,49685,9632,59317,849
2021-06-20,Tuolumne,109,53932,4111,4117,37,4154,63
2021-06-20,Ventura,111,848112,81376,81282,3133,84415,1031
2021-06-20,Yolo,113,214977,14156,14160,364,14524,212
2021-06-20,Yuba,115,75493,6181,6167,134,6301,51
2021-06-19,Alameda,1,1643700,89095,89202,2079,91281,1263
2021-06-19,Alpine,3,1148,89,88,0,88,0
2021-06-19,Amador,5,37829,3741,3739,34,3773,46
2021-06-19,Butte,7,227075,12686,12659,1942,14601,194
2021-06-19,Calaveras,9,45235,2200,2192,15,2207,55
2021-06-19,Colusa,11,21464,1959,1969,324,2293,15
2021-06-19,Contra Costa,13,1133247,70674,70334,1379,71713,813
2021-06-19,Del Norte,15,27424,1420,1416,9,1425,8
2021-06-19,El Dorado,17,186661,10373,10363,788,11151,113
2021-06-19,Fresno,19,978130,102652,102922,9053,111975,1724
2021-06-19,Glenn,21,27897,2431,2434,582,3016,19
2021-06-19,Humboldt,23,135768,4471,4463,42,4505,42
2021-06-19,Imperial,25,180216,28652,28813,2926,31739,740
2021-06-19,Inyo,27,18085,1407,1405,4,1409,35
2021-06-19,Kern,29,883053,97349,96966,11540,108506,1342
2021-06-19,Kings,31,150075,23056,23086,1201,24287,245
2021-06-19,Lake,33,64148,3574,3563,13,3576,45
2021-06-19,Lassen,35,31185,5254,5225,123,5348,19
2021-06-19,Los Angeles,37,10098052,1206504,1205602,44103,1249705,24454
2021-06-19,Madera,39,155013,16680,16632,962,17594,240
2021-06-19,Marin,41,260295,14146,14152,272,14424,230
2021-06-19,Mariposa,43,17540,439,439,11,450,5
2021-06-19,Mendocino,45,87422,4141,4077,78,4155,49
2021-06-19,Merced,47,269075,31232,31256,1001,32257,465
2021-06-19,Modoc,49,8938,411,402,144,546,3
2021-06-19,Mono,51,14174,1256,1275,13,1288,3
2021-06-19,Monterey,53,433212,43149,43153,1930,45083,427
2021-06-19,Napa,55,140530,10003,10025,34,10059,80
2021-06-19,Nevada,57,99092,4935,4910,200,5110,72
2021-06-19,Orange,59,3164182,255571,255329,11815,267144,5112
2021-06-19,Placer,61,380077,23612,23537,1594,25131,298
2021-06-19,Plumas,63,18699,713,697,12,709,4
2021-06-19,Riverside,65,2383286,292433,289720,14805,304525,4456
2021-06-19,Sacramento,67,1510023,107674,107631,1891,109522,1669
2021-06-19,San Benito,69,59416,6086,6098,119,6217,63
2021-06-19,San Bernardino,71,2135413,293559,293673,9091,302764,4844
2021-06-19,San Diego,73,3302833,282163,281682,0,281682,3771
2021-06-19,San Francisco,75,870044,36952,37256,1400,38656,556
2021-06-19,San Joaquin,77,732212,73696,73652,3798,77450,1405
2021-06-19,San Luis Obispo,79,281455,21325,21308,788,22096,257
2021-06-19,San Mateo,81,765935,42652,42646,493,43139,542
2021-06-19,Santa Barbara,83,443738,34602,34472,1246,35718,455
2021-06-19,Santa Clara,85,1922200,118835,120110,808,120918,2093
2021-06-19,Santa Cruz,87,273765,16244,16206,874,17080,208
2021-06-19,Shasta,89,179085,12543,12615,1681,14296,201
2021-06-19,Sierra,91,2930,60,57,14,71,0
2021-06-19,Siskiyou,93,43540,1943,1891,393,2284,27
2021-06-19,Solano,95,438530,33309,33341,571,33912,266
2021-06-19,Sonoma,97,501317,30771,30841,368,31209,314
2021-06-19,Stanislaus,99,539301,56857,56847,6233,63080,1017
2021-06-19,Sutter,101,95872,9632,9645,95,9740,113
2021-06-19,Tehama,103,63373,5108,5115,615,5730,63
2021-06-19,Trinity,105,12862,376,337,70,407,3
2021-06-19,Tulare,107,460477,49789,49681,9627,59308,849
2021-06-19,Tuolumne,109,53932,4111,4117,37,4154,63
2021-06-19,Ventura,111,848112,81363,81270,3132,84402,1031
2021-06-19,Yolo,113,214977,14152,14156,363,14519,212
2021-06-19,Yuba,115,75493,6180,6157,134,6291,51
2021-06-18,Alameda,1,1643700,89058,89123,2079,91202,1263
2021-06-18,Alpine,3,1148,89,88,0,88,0
2021-06-18,Amador,5,37829,3741,3739,34,3773,46
2021-06-18,Butte,7,227075,12683,12653,1939,14592,194
2021-06-18,Calaveras,9,45235,2200,2191,15,2206,55
2021-06-18,Colusa,11,21464,1958,1969,324,2293,15
2021-06-18,Contra Costa,13,1133247,70632,70271,1377,71648,813
2021-06-18,Del Norte,15,27424,1420,1415,9,1424,8
2021-06-18,El Dorado,17,186661,10371,10348,786,11134,113
2021-06-18,Fresno,19,978130,102636,102894,9051,111945,1722
2021-06-18,Glenn,21,27897,2430,2430,582,3012,19
2021-06-18,Humboldt,23,135768,4463,4450,42,4492,42
2021-06-18,Imperial,25,180216,28650,28809,2926,31735,740
2021-06-18,Inyo,27,18085,1407,1405,4,1409,35
2021-06-18,Kern,29,883053,97338,96948,11534,108482,1341
2021-06-18,Kings,31,150075,23051,23082,1201,24283,245
2021-06-18,Lake,33,64148,3570,3563,13,3576,45
2021-06-18,Lassen,35,31185,5253,5224,123,5347,19
2021-06-18,Los Angeles,37,10098052,1206349,1205472,44085,1249557,24451
2021-06-18,Madera,39,155013,16674,16625,962,17587,241
2021-06-18,Marin,41,260295,14143,14147,272,14419,230
2021-06-18,Mariposa,43,17540,439,439,11,450,5
2021-06-18,Mendocino,45,87422,4136,4068,78,4146,49
2021-06-18,Merced,47,269075,31230,31262,1001,32263,464
2021-06-18,Modoc,49,8938,411,402,144,546,3
2021-06-18,Mono,51,14174,1255,1275,12,1287,3
2021-06-18,Monterey,53,433212,43146,43148,1930,45078,427
2021-06-18,Napa,55,140530,9999,10021,34,10055,80
2021-06-18,Nevada,57,99092,4927,4903,200,5103,72
2021-06-18,Orange,59,3164182,255535,255274,11812,267086,5108
2021-06-18,Placer,61,380077,23603,23500,1591,25091,298
2021-06-18,Plumas,63,18699,713,697,12,709,4
2021-06-18,Riverside,65,2383286,292385,289676,14804,304480,4457
2021-06-18,Sacramento,67,1510023,107627,107570,1891,109461,1669
2021-06-18,San Benito,69,59416,6085,6097,119,6216,63
2021-06-18,San Bernardino,71,2135413,293517,293629,9086,302715,4826
2021-06-18,San Diego,73,3302833,282087,281608,0,281608,3771
2021-06-18,San Francisco,75,870044,36943,37246,1400,38646,556
2021-06-18,San Joaquin,77,732212,73678,73623,3796,77419,1403
2021-06-18,San Luis Obispo,79,281455,21321,21301,787,22088,257
2021-06-18,San Mateo,81,765935,42641,42630,492,43122,542
2021-06-18,Santa Barbara,83,443738,34592,34469,1246,35715,455
2021-06-18,Santa Clara,85,1922200,118814,120081,807,120888,2093
2021-06-18,Santa Cruz,87,273765,16240,16202,874,17076,208
2021-06-18,Shasta,89,179085,12539,12607,1679,14286,201
2021-06-18,Sierra,91,2930,59,57,14,71,0
2021-06-18,Siskiyou,93,43540,1943,1890,393,2283,27
2021-06-18,Solano,95,438530,33295,33323,571,33894,266
2021-06-18,Sonoma,97,501317,30754,30816,366,31182,313
2021-06-18,Stanislaus,99,539301,56842,56803,6231,63034,1012
2021-06-18,Sutter,101,95872,9629,9643,95,9738,113
2021-06-18,Tehama,103,63373,5106,5114,615,5729,63
2021-06-18,Trinity,105,12862,376,337,69,406,3
2021-06-18,Tulare,107,460477,49787,49664,9620,59284,849
2021-06-18,Tuolumne,109,53932,4109,4116,37,4153,63
2021-06-18,Ventura,111,848112,81353,81256,3128,84384,1031
2021-06-18,Yolo,113,214977,14149,14148,361,14509,212
2021-06-18,Yuba,115,75493,6174,6150,134,6284,51
2021-06-17,Alameda,1,1643700,89012,89087,2079,91166,1262
2021-06-17,Alpine,3,1148,89,88,0,88,0
2021-06-17,Amador,5,37829,3739,3731,34,3765,46
2021-06-17,Butte,7,227075,12673,12644,1938,14582,194
2021-06-17,Calaveras,9,45235,2199,2189,15,2204,55
2021-06-17,Colusa,11,21464,1957,1969,324,2293,15
2021-06-17,Contra Costa,13,1133247,70593,70190,1374,71564,810
2021-06-17,Del Norte,15,27424,1418,1413,9,1422,8
2021-06-17,El Dorado,17,186661,10361,10341,786,11127,113
2021-06-17,Fresno,19,978130,102610,102867,9047,111914,1722
2021-06-17,Glenn,21,27897,2430,2430,582,3012,19
2021-06-17,Humboldt,23,135768,4454,4438,42,4480,42
2021-06-17,Imperial,25,180216,28642,28801,2926,31727,741
2021-06-17,Inyo,27,18085,1407,1405,4,1409,35
2021-06-17,Kern,29,883053,97324,96840,11527,108367,1340
2021-06-17,Kings,31,150075,23047,23078,1200,24278,245
2021-06-17,Lake,33,64148,3567,3563,9,3572,45
2021-06-17,Lassen,35,31185,5249,5223,123,5346,19
2021-06-17,Los Angeles,37,10098052,1206139,1205301,44055,1249356,24444
2021-06-17,Madera,39,155013,16669,16618,962,17580,241
2021-06-17,Marin,41,260295,14143,14141,272,14413,229
2021-06-17,Mariposa,43,17540,439,439,11,450,5
2021-06-17,Mendocino,45,87422,4129,4054,78,4132,49
2021-06-17,Merced,47,269075,31225,31262,1001,32263,464
2021-06-17,Modoc,49,8938,410,401,144,545,3
2021-06-17,Mono,51,14174,1254,1275,12,1287,3
2021-06-17,Monterey,53,433212,43139,43140,1930,45070,416
2021-06-17,Napa,55,140530,9999,10014,34,10048,80
2021-06-17,Nevada,57,99092,4923,4898,200,5098,72
2021-06-17,Orange,59,3164182,255491,255240,11800,267040,5109
2021-06-17,Placer,61,380077,23587,23461,1589,25050,298
2021-06-17,Plumas,63,18699,712,697,12,709,4
2021-06-17,Riverside,65,2383286,292332,289627,14801,304428,4458
2021-06-17,Sacramento,67,1510023,107563,107492,1889,109381,1666
2021-06-17,San Benito,69,59416,6085,6097,119,6216,63
2021-06-17,San Bernardino,71,2135413,293480,293560,9086,302646,4811
2021-06-17,San Diego,73,3302833,282010,281531,0,281531,3771
2021-06-17,San Francisco,75,870044,36932,37243,1399,38642,556
2021-06-17,San Joaquin,77,732212,73655,73560,3791,77351,1403
2021-06-17,San Luis Obispo,79,281455,21319,21297,787,22084,257
2021-06-17,San Mateo,81,765935,42635,42615,492,43107,542
2021-06-17,Santa Barbara,83,443738,34586,34466,1246,35712,453
2021-06-17,Santa Clara,85,1922200,118789,120032,806,120838,2093
2021-06-17,Santa Cruz,87,273765,16236,16197,874,17071,208
2021-06-17,Shasta,89,179085,12531,12597,1679,14276,201
2021-06-17,Sierra,91,2930,59,56,14,70,0
2021-06-17,Siskiyou,93,43540,1942,1889,393,2282,27
2021-06-17,Solano,95,438530,33275,33296,569,33865,266
2021-06-17,Sonoma,97,501317,30723,30793,366,31159,323
2021-06-17,Stanislaus,99,539301,56811,56752,6225,62977,1012
2021-06-17,Sutter,101,95872,9626,9629,95,9724,113
2021-06-17,Tehama,103,63373,5105,5112,613,5725,63
2021-06-17,Trinity,105,12862,375,337,69,406,3
2021-06-17,Tulare,107,460477,49782,49649,9612,59261,849
2021-06-17,Tuolumne,109,53932,4108,4116,37,4153,63
2021-06-17,Ventura,111,848112,81344,81248,3125,84373,1030
2021-06-17,Yolo,113,214977,14141,14141,361,14502,212
2021-06-17,Yuba,115,75493,6165,6140,134,6274,51
2021-06-16,Alameda,1,1643700,88961,89045,2075,91120,1265
2021-06-16,Alpine,3,1148,89,88,0,88,0
2021-06-16,Amador,5,37829,3738,3730,34,3764,46
2021-06-16,Butte,7,227075,12671,12635,1936,14571,194
2021-06-16,Calaveras,9,45235,2197,2188,15,2203,55
2021-06-16,Colusa,11,21464,1957,1967,324,2291,15
2021-06-16,Contra Costa,13,1133247,70541,70136,1373,71509,810
2021-06-16,Del Norte,15,27424,1415,1413,9,1422,8
2021-06-16,El Dorado,17,186661,10355,10334,785,11119,113
2021-06-16,Fresno,19,978130,102580,102842,9043,111885,1722
2021-06-16,Glenn,21,27897,2430,2430,582,3012,19
2021-06-16,Humboldt,23,135768,4445,4427,41,4468,42
2021-06-16,Imperial,25,180216,28639,28796,2926,31722,741
2021-06-16,Inyo,27,18085,1406,1405,4,1409,35
2021-06-16,Kern,29,883053,97303,96789,11518,108307,1339
2021-06-16,Kings,31,150075,23046,23072,1199,24271,245
2021-06-16,Lake,33,64148,3567,3562,9,3571,45
2021-06-16,Lassen,35,31185,5246,5216,123,5339,19
2021-06-16,Los Angeles,37,10098052,1205916,1205102,44043,1249145,24439
2021-06-16,Madera,39,155013,16665,16603,962,17565,240
2021-06-16,Marin,41,260295,14141,14137,272,14409,229
2021-06-16,Mariposa,43,17540,439,437,11,448,5
2021-06-16,Mendocino,45,87422,4121,4041,78,4119,49
2021-06-16,Merced,47,269075,31217,31250,1001,32251,463
2021-06-16,Modoc,49,8938,409,383,143,526,3
2021-06-16,Mono,51,14174,1254,1275,12,1287,3
2021-06-16,Monterey,53,433212,43136,43122,1930,45052,416
2021-06-16,Napa,55,140530,9995,10011,34,10045,80
2021-06-16,Nevada,57,99092,4918,4894,200,5094,72
2021-06-16,Orange,59,3164182,255442,255188,11793,266981,5109
2021-06-16,Placer,61,380077,23577,23425,1585,25010,298
2021-06-16,Plumas,63,18699,712,697,12,709,4
2021-06-16,Riverside,65,2383286,292271,289539,14799,304338,4457
2021-06-16,Sacramento,67,1510023,107492,107422,1885,109307,1665
2021-06-16,San Benito,69,59416,6085,6090,119,6209,63
2021-06-16,San Bernardino,71,2135413,293431,293499,9084,302583,4797
2021-06-16,San Diego,73,3302833,281932,281423,0,281423,3770
2021-06-16,San Francisco,75,870044,36919,37222,1397,38619,555
2021-06-16,San Joaquin,77,732212,73618,73530,3787,77317,1399
2021-06-16,San Luis Obispo,79,281455,21314,21294,787,22081,257
2021-06-16,San Mateo,81,765935,42620,42601,492,43093,542
2021-06-16,Santa Barbara,83,443738,34580,34459,1246,35705,460
2021-06-16,Santa Clara,85,1922200,118757,119982,806,120788,2087
2021-06-16,Santa Cruz,87,273765,16233,16187,874,17061,208
2021-06-16,Shasta,89,179085,12526,12592,1678,14270,200
2021-06-16,Sierra,91,2930,59,56,14,70,0
2021-06-16,Siskiyou,93,43540,1941,1886,392,2278,26
2021-06-16,Solano,95,438530,33246,33276,569,33845,266
2021-06-16,Sonoma,97,501317,30687,30741,366,31107,323
2021-06-16,Stanislaus,99,539301,56780,56738,6223,62961,984
2021-06-16,Sutter,101,95872,9622,9620,95,9715,113
2021-06-16,Tehama,103,63373,5103,5106,613,5719,63
2021-06-16,Trinity,105,12862,374,332,69,401,3
2021-06-16,Tulare,107,460477,49777,49578,9608,59186,849
2021-06-16,Tuolumne,109,53932,4108,4110,37,4147,63
2021-06-16,Ventura,111,848112,81330,81229,3123,84352,1029
2021-06-16,Yolo,113,214977,14132,14135,360,14495,212
2021-06-16,Yuba,115,75493,6155,6134,134,6268,51
2021-06-15,Alameda,1,1643700,88919,89008,2075,91083,1262
2021-06-15,Alpine,3,1148,89,88,0,88,0
2021-06-15,Amador,5,37829,3735,3723,34,3757,46
2021-06-15,Butte,7,227075,12663,12620,1935,14555,194
2021-06-15,Calaveras,9,45235,2196,2188,15,2203,55
2021-06-15,Colusa,11,21464,1957,1967,322,2289,15
2021-06-15,Contra Costa,13,1133247,70479,70101,1373,71474,810
2021-06-15,Del Norte,15,27424,1414,1411,9,1420,8
2021-06-15,El Dorado,17,186661,10346,10330,785,11115,113
2021-06-15,Fresno,19,978130,102550,102828,9042,111870,1722
2021-06-15,Glenn,21,27897,2429,2426,582,3008,19
2021-06-15,Humboldt,23,135768,4436,4414,40,4454,42
2021-06-15,Imperial,25,180216,28633,28789,2926,31715,741
2021-06-15,Inyo,27,18085,1406,1405,4,1409,35
2021-06-15,Kern,29,883053,97275,96782,11508,108290,1338
2021-06-15,Kings,31,150075,23040,23070,1197,24267,245
2021-06-15,Lake,33,64148,3566,3559,9,3568,45
2021-06-15,Lassen,35,31185,5245,5211,123,5334,19
2021-06-15,Los Angeles,37,10098052,1205688,1204926,44034,1248960,24435
2021-06-15,Madera,39,155013,16658,16600,961,17561,240
2021-06-15,Marin,41,260295,14133,14135,272,14407,229
2021-06-15,Mariposa,43,17540,439,437,11,448,5
2021-06-15,Mendocino,45,87422,4114,4034,78,4112,49
2021-06-15,Merced,47,269075,31211,31244,1001,32245,461
2021-06-15,Modoc,49,8938,408,383,143,526,3
2021-06-15,Mono,51,14174,1254,1275,12,1287,3
2021-06-15,Monterey,53,433212,43130,43118,1930,45048,416
2021-06-15,Napa,55,140530,9993,10010,34,10044,80
2021-06-15,Nevada,57,99092,4915,4888,200,5088,72
2021-06-15,Orange,59,3164182,255405,255127,11784,266911,5105
2021-06-15,Placer,61,380077,23555,23396,1584,24980,298
2021-06-15,Plumas,63,18699,711,697,12,709,4
2021-06-15,Riverside,65,2383286,292214,289508,14795,304303,4455
2021-06-15,Sacramento,67,1510023,107418,107370,1878,109248,1662
2021-06-15,San Benito,69,59416,6084,6089,119,6208,63
2021-06-15,San Bernardino,71,2135413,293381,293463,9080,302543,4790
2021-06-15,San Diego,73,3302833,281848,281375,0,281375,3770
2021-06-15,San Francisco,75,870044,36910,37210,1396,38606,555
2021-06-15,San Joaquin,77,732212,73579,73494,3783,77277,1399
2021-06-15,San Luis Obispo,79,281455,21309,21293,786,22079,257
2021-06-15,San Mateo,81,765935,42607,42593,492,43085,543
2021-06-15,Santa Barbara,83,443738,34575,34451,1246,35697,460
2021-06-15,Santa Clara,85,1922200,118719,119963,806,120769,2086
2021-06-15,Santa Cruz,87,273765,16226,16180,874,17054,208
2021-06-15,Shasta,89,179085,12520,12583,1678,14261,201
2021-06-15,Sierra,91,2930,58,55,14,69,0
2021-06-15,Siskiyou,93,43540,1940,1887,392,2279,26
2021-06-15,Solano,95,438530,33227,33264,569,33833,266
2021-06-15,Sonoma,97,501317,30648,30707,365,31072,323
2021-06-15,Stanislaus,99,539301,56751,56724,6219,62943,979
2021-06-15,Sutter,101,95872,9613,9616,95,9711,113
2021-06-15,Tehama,103,63373,5101,5102,613,5715,63
2021-06-15,Trinity,105,12862,373,332,69,401,3
2021-06-15,Tulare,107,460477,49771,49561,9604,59165,848
2021-06-15,Tuolumne,109,53932,4108,4111,37,4148,63
2021-06-15,Ventura,111,848112,81319,81215,3120,84335,1029
2021-06-15,Yolo,113,214977,14128,14127,358,14485,212
2021-06-15,Yuba,115,75493,6144,6130,134,6264,51
2021-06-14,Alameda,1,1643700,88868,88966,2074,91040,1264
2021-06-14,Alpine,3,1148,89,88,0,88,0
2021-06-14,Amador,5,37829,3734,3722,34,3756,46
2021-06-14,Butte,7,227075,12652,12613,1931,14544,194
2021-06-14,Calaveras,9,45235,2194,2190,15,2205,55
2021-06-14,Colusa,11,21464,1956,1966,322,2288,15
2021-06-14,Contra Costa,13,1133247,70426,70069,1371,71440,810
2021-06-14,Del Norte,15,27424,1414,1411,9,1420,8
2021-06-14,El Dorado,17,186661,10337,10327,784,11111,113
2021-06-14,Fresno,19,978130,102528,102812,9041,111853,1719
2021-06-14,Glenn,21,27897,2429,2426,582,3008,19
2021-06-14,Humboldt,23,135768,4428,4407,39,4446,42
2021-06-14,Imperial,25,180216,28621,28836,2926,31762,741
2021-06-14,Inyo,27,18085,1405,1405,4,1409,35
2021-06-14,Kern,29,883053,97256,96760,11497,108257,1337
2021-06-14,Kings,31,150075,23038,23071,1195,24266,245
2021-06-14,Lake,33,64148,3565,3557,9,3566,45
2021-06-14,Lassen,35,31185,5242,5209,122,5331,19
2021-06-14,Los Angeles,37,10098052,1205456,1204748,44024,1248772,24434
2021-06-14,Madera,39,155013,16653,16597,960,17557,240
2021-06-14,Marin,41,260295,14131,14133,272,14405,229
2021-06-14,Mariposa,43,17540,438,437,11,448,5
2021-06-14,Mendocino,45,87422,4108,4028,78,4106,49
2021-06-14,Merced,47,269075,31202,31241,1000,32241,461
2021-06-14,Modoc,49,8938,399,382,141,523,3
2021-06-14,Mono,51,14174,1254,1275,12,1287,3
2021-06-14,Monterey,53,433212,43127,43110,1930,45040,415
2021-06-14,Napa,55,140530,9989,10000,34,10034,80
2021-06-14,Nevada,57,99092,4908,4885,200,5085,72
2021-06-14,Orange,59,3164182,255367,255069,11780,266849,5103
2021-06-14,Placer,61,380077,23530,23379,1583,24962,298
2021-06-14,Plumas,63,18699,711,696,12,708,4
2021-06-14,Riverside,65,2383286,292163,289476,14793,304269,4453
2021-06-14,Sacramento,67,1510023,107366,107334,1872,109206,1661
2021-06-14,San Benito,69,59416,6084,6087,119,6206,63
2021-06-14,San Bernardino,71,2135413,293326,293446,9076,302522,4790
2021-06-14,San Diego,73,3302833,281743,281314,0,281314,3770
2021-06-14,San Francisco,75,870044,36897,37206,1396,38602,555
2021-06-14,San Joaquin,77,732212,73550,73453,3783,77236,1398
2021-06-14,San Luis Obispo,79,281455,21307,21302,786,22088,256
2021-06-14,San Mateo,81,765935,42593,42619,491,43110,543
2021-06-14,Santa Barbara,83,443738,34572,34449,1246,35695,460
2021-06-14,Santa Clara,85,1922200,118688,119957,805,120762,2085
2021-06-14,Santa Cruz,87,273765,16224,16175,874,17049,208
2021-06-14,Shasta,89,179085,12510,12561,1675,14236,201
2021-06-14,Sierra,91,2930,57,55,14,69,0
2021-06-14,Siskiyou,93,43540,1940,1886,392,2278,26
2021-06-14,Solano,95,438530,33209,33243,568,33811,266
2021-06-14,Sonoma,97,501317,30616,30679,364,31043,323
2021-06-14,Stanislaus,99,539301,56714,56689,6218,62907,975
2021-06-14,Sutter,101,95872,9610,9607,95,9702,112
2021-06-14,Tehama,103,63373,5099,5102,613,5715,63
2021-06-14,Trinity,105,12862,373,332,69,401,3
2021-06-14,Tulare,107,460477,49767,49538,9600,59138,848
2021-06-14,Tuolumne,109,53932,4105,4108,37,4145,63
2021-06-14,Ventura,111,848112,81309,81209,3120,84329,1028
2021-06-14,Yolo,113,214977,14120,14123,358,14481,212
2021-06-14,Yuba,115,75493,6137,6127,134,6261,50
2021-06-13,Alameda,1,1643700,88812,88947,2072,91019,1264
2021-06-13,Alpine,3,1148,88,88,0,88,0
2021-06-13,Amador,5,37829,3730,3721,34,3755,46
2021-06-13,Butte,7,227075,12641,12586,1928,14514,194
2021-06-13,Calaveras,9,45235,2194,2189,15,2204,55
2021-06-13,Colusa,11,21464,1956,1965,321,2286,15
2021-06-13,Contra Costa,13,1133247,70372,70040,1369,71409,810
2021-06-13,Del Norte,15,27424,1412,1412,9,1421,8
2021-06-13,El Dorado,17,186661,10328,10324,784,11108,113
2021-06-13,Fresno,19,978130,102498,102795,9036,111831,1719
2021-06-13,Glenn,21,27897,2428,2425,580,3005,19
2021-06-13,Humboldt,23,135768,4415,4401,39,4440,42
2021-06-13,Imperial,25,180216,28612,28800,2926,31726,741
2021-06-13,Inyo,27,18085,1405,1405,4,1409,35
2021-06-13,Kern,29,883053,97233,96743,11484,108227,1337
2021-06-13,Kings,31,150075,23033,23069,1194,24263,245
2021-06-13,Lake,33,64148,3565,3556,9,3565,45
2021-06-13,Lassen,35,31185,5237,5209,122,5331,19
2021-06-13,Los Angeles,37,10098052,1205196,1204614,44011,1248625,24433
2021-06-13,Madera,39,155013,16639,16590,960,17550,240
2021-06-13,Marin,41,260295,14125,14126,272,14398,229
2021-06-13,Mariposa,43,17540,438,434,11,445,5
2021-06-13,Mendocino,45,87422,4101,4026,78,4104,49
2021-06-13,Merced,47,269075,31195,31240,1000,32240,461
2021-06-13,Modoc,49,8938,397,382,139,521,3
2021-06-13,Mono,51,14174,1254,1275,12,1287,3
2021-06-13,Monterey,53,433212,43119,43108,1930,45038,415
2021-06-13,Napa,55,140530,9983,9995,34,10029,80
2021-06-13,Nevada,57,99092,4903,4883,200,5083,72
2021-06-13,Orange,59,3164182,255314,255043,11778,266821,5103
2021-06-13,Placer,61,380077,23503,23365,1581,24946,295
2021-06-13,Plumas,63,18699,710,696,12,708,4
2021-06-13,Riverside,65,2383286,292096,289447,14790,304237,4453
2021-06-13,Sacramento,67,1510023,107292,107289,1869,109158,1658
2021-06-13,San Benito,69,59416,6084,6086,119,6205,63
2021-06-13,San Bernardino,71,2135413,293275,293416,9070,302486,4788
2021-06-13,San Diego,73,3302833,281664,281268,0,281268,3770
2021-06-13,San Francisco,75,870044,36886,37197,1396,38593,555
2021-06-13,San Joaquin,77,732212,73519,73438,3781,77219,1398
2021-06-13,San Luis Obispo,79,281455,21301,21298,785,22083,256
2021-06-13,San Mateo,81,765935,42579,42611,491,43102,542
2021-06-13,Santa Barbara,83,443738,34561,34449,1245,35694,460
2021-06-13,Santa Clara,85,1922200,118664,119946,805,120751,2085
2021-06-13,Santa Cruz,87,273765,16217,16172,874,17046,208
2021-06-13,Shasta,89,179085,12501,12560,1674,14234,201
2021-06-13,Sierra,91,2930,57,55,14,69,0
2021-06-13,Siskiyou,93,43540,1939,1885,392,2277,26
2021-06-13,Solano,95,438530,33187,33234,568,33802,266
2021-06-13,Sonoma,97,501317,30581,30663,362,31025,323
2021-06-13,Stanislaus,99,539301,56687,56671,6217,62888,975
2021-06-13,Sutter,101,95872,9603,9603,95,9698,112
2021-06-13,Tehama,103,63373,5097,5100,613,5713,63
2021-06-13,Trinity,105,12862,372,332,69,401,3
2021-06-13,Tulare,107,460477,49758,49537,9595,59132,848
2021-06-13,Tuolumne,109,53932,4103,4107,36,4143,63
2021-06-13,Ventura,111,848112,81295,81201,3120,84321,1028
2021-06-13,Yolo,113,214977,14113,14120,356,14476,212
2021-06-13,Yuba,115,75493,6130,6125,134,6259,50
2021-06-12,Alameda,1,1643700,88783,88901,2072,90973,1271
2021-06-12,Alpine,3,1148,88,88,0,88,0
2021-06-12,Amador,5,37829,3729,3721,34,3755,46
2021-06-12,Butte,7,227075,12637,12576,1928,14504,194
2021-06-12,Calaveras,9,45235,2194,2189,15,2204,55
2021-06-12,Colusa,11,21464,1956,1965,321,2286,15
2021-06-12,Contra Costa,13,1133247,70341,69989,1366,71355,810
2021-06-12,Del Norte,15,27424,1412,1412,9,1421,8
2021-06-12,El Dorado,17,186661,10323,10320,783,11103,113
2021-06-12,Fresno,19,978130,102488,102783,9035,111818,1720
2021-06-12,Glenn,21,27897,2426,2425,580,3005,19
2021-06-12,Humboldt,23,135768,4407,4396,39,4435,42
2021-06-12,Imperial,25,180216,28609,28799,2926,31725,741
2021-06-12,Inyo,27,18085,1405,1405,4,1409,35
2021-06-12,Kern,29,883053,97218,96731,11480,108211,1337
2021-06-12,Kings,31,150075,23031,23067,1194,24261,245
2021-06-12,Lake,33,64148,3564,3552,9,3561,45
2021-06-12,Lassen,35,31185,5237,5208,122,5330,19
2021-06-12,Los Angeles,37,10098052,1205060,1204439,44003,1248442,24434
2021-06-12,Madera,39,155013,16635,16586,960,17546,240
2021-06-12,Marin,41,260295,14122,14121,272,14393,229
2021-06-12,Mariposa,43,17540,438,434,11,445,5
2021-06-12,Mendocino,45,87422,4098,4024,78,4102,49
2021-06-12,Merced,47,269075,31192,31236,1000,32236,461
2021-06-12,Modoc,49,8938,396,382,139,521,3
2021-06-12,Mono,51,14174,1254,1275,12,1287,3
2021-06-12,Monterey,53,433212,43114,43103,1930,45033,415
2021-06-12,Napa,55,140530,9979,9986,34,10020,80
2021-06-12,Nevada,57,99092,4897,4878,200,5078,72
2021-06-12,Orange,59,3164182,255285,255004,11776,266780,5103
2021-06-12,Placer,61,380077,23485,23345,1581,24926,295
2021-06-12,Plumas,63,18699,710,696,12,708,4
2021-06-12,Riverside,65,2383286,292054,289413,14787,304200,4453
2021-06-12,Sacramento,67,1510023,107232,107199,1866,109065,1658
2021-06-12,San Benito,69,59416,6082,6083,119,6202,63
2021-06-12,San Bernardino,71,2135413,293242,293375,9068,302443,4788
2021-06-12,San Diego,73,3302833,281607,281203,0,281203,3770
2021-06-12,San Francisco,75,870044,36876,37189,1396,38585,555
2021-06-12,San Joaquin,77,732212,73500,73413,3780,77193,1398
2021-06-12,San Luis Obispo,79,281455,21298,21293,785,22078,256
2021-06-12,San Mateo,81,765935,42574,42604,491,43095,542
2021-06-12,Santa Barbara,83,443738,34557,34450,1245,35695,460
2021-06-12,Santa Clara,85,1922200,118624,119894,805,120699,2085
2021-06-12,Santa Cruz,87,273765,16209,16170,874,17044,208
2021-06-12,Shasta,89,179085,12498,12556,1673,14229,201
2021-06-12,Sierra,91,2930,57,55,14,69,0
2021-06-12,Siskiyou,93,43540,1938,1884,392,2276,25
2021-06-12,Solano,95,438530,33178,33219,568,33787,266
2021-06-12,Sonoma,97,501317,30553,30647,361,31008,323
2021-06-12,Stanislaus,99,539301,56670,56649,6216,62865,974
2021-06-12,Sutter,101,95872,9599,9603,95,9698,112
2021-06-12,Tehama,103,63373,5097,5099,612,5711,63
2021-06-12,Trinity,105,12862,372,332,69,401,3
2021-06-12,Tulare,107,460477,49753,49533,9588,59121,848
2021-06-12,Tuolumne,109,53932,4102,4105,36,4141,63
2021-06-12,Ventura,111,848112,81283,81197,3120,84317,1028
2021-06-12,Yolo,113,214977,14110,14118,354,14472,212
2021-06-12,Yuba,115,75493,6125,6120,134,6254,50
2021-06-11,Alameda,1,1643700,88755,88844,2072,90916,1278
2021-06-11,Alpine,3,1148,88,88,0,88,0
2021-06-11,Amador,5,37829,3729,3710,34,3744,46
2021-06-11,Butte,7,227075,12633,12576,1926,14502,194
2021-06-11,Calaveras,9,45235,2194,2188,15,2203,55
2021-06-11,Colusa,11,21464,1955,1964,321,2285,15
2021-06-11,Contra Costa,13,1133247,70308,69940,1364,71304,808
2021-06-11,Del Norte,15,27424,1412,1409,9,1418,8
2021-06-11,El Dorado,17,186661,10320,10316,783,11099,113
2021-06-11,Fresno,19,978130,102470,102770,9034,111804,1720
2021-06-11,Glenn,21,27897,2426,2425,580,3005,19
2021-06-11,Humboldt,23,135768,4403,4389,39,4428,42
2021-06-11,Imperial,25,180216,28604,28793,2926,31719,741
2021-06-11,Inyo,27,18085,1405,1405,4,1409,35
2021-06-11,Kern,29,883053,97206,96718,11475,108193,1340
2021-06-11,Kings,31,150075,23027,23069,1193,24262,245
2021-06-11,Lake,33,64148,3563,3550,9,3559,45
2021-06-11,Lassen,35,31185,5236,5204,122,5326,18
2021-06-11,Los Angeles,37,10098052,1204915,1204259,43989,1248248,24434
2021-06-11,Madera,39,155013,16632,16582,960,17542,240
2021-06-11,Marin,41,260295,14119,14116,272,14388,229
2021-06-11,Mariposa,43,17540,438,434,11,445,5
2021-06-11,Mendocino,45,87422,4095,4022,78,4100,49
2021-06-11,Merced,47,269075,31187,31231,1000,32231,461
2021-06-11,Modoc,49,8938,396,382,138,520,3
2021-06-11,Mono,51,14174,1254,1274,12,1286,3
2021-06-11,Monterey,53,433212,43110,43097,1930,45027,415
2021-06-11,Napa,55,140530,9976,9977,34,10011,80
2021-06-11,Nevada,57,99092,4895,4873,200,5073,72
2021-06-11,Orange,59,3164182,255259,254975,11772,266747,5101
2021-06-11,Placer,61,380077,23480,23330,1581,24911,294
2021-06-11,Plumas,63,18699,710,696,12,708,4
2021-06-11,Riverside,65,2383286,292016,289376,14783,304159,4451
2021-06-11,Sacramento,67,1510023,107172,107119,1865,108984,1659
2021-06-11,San Benito,69,59416,6081,6082,119,6201,63
2021-06-11,San Bernardino,71,2135413,293205,293335,9064,302399,4788
2021-06-11,San Diego,73,3302833,281567,281144,0,281144,3768
2021-06-11,San Francisco,75,870044,36871,37177,1396,38573,555
2021-06-11,San Joaquin,77,732212,73483,73347,3777,77124,1397
2021-06-11,San Luis Obispo,79,281455,21297,21288,785,22073,256
2021-06-11,San Mateo,81,765935,42560,42585,491,43076,542
2021-06-11,Santa Barbara,83,443738,34554,34438,1245,35683,460
2021-06-11,Santa Clara,85,1922200,118605,119860,805,120665,2083
2021-06-11,Santa Cruz,87,273765,16201,16164,874,17038,208
2021-06-11,Shasta,89,179085,12490,12550,1671,14221,201
2021-06-11,Sierra,91,2930,57,55,14,69,0
2021-06-11,Siskiyou,93,43540,1937,1882,392,2274,25
2021-06-11,Solano,95,438530,33158,33179,567,33746,266
2021-06-11,Sonoma,97,501317,30535,30624,361,30985,323
2021-06-11,Stanislaus,99,539301,56644,56617,6212,62829,974
2021-06-11,Sutter,101,95872,9596,9600,94,9694,112
2021-06-11,Tehama,103,63373,5096,5099,612,5711,63
2021-06-11,Trinity,105,12862,372,331,69,400,3
2021-06-11,Tulare,107,460477,49747,49516,9587,59103,848
2021-06-11,Tuolumne,109,53932,4099,4104,36,4140,63
2021-06-11,Ventura,111,848112,81273,81189,3120,84309,1026
2021-06-11,Yolo,113,214977,14103,14111,350,14461,212
2021-06-11,Yuba,115,75493,6121,6113,134,6247,50
2021-06-10,Alameda,1,1643700,88710,88806,2071,90877,1275
2021-06-10,Alpine,3,1148,88,88,0,88,0
2021-06-10,Amador,5,37829,3725,3709,34,3743,46
2021-06-10,Butte,7,227075,12616,12565,1926,14491,194
2021-06-10,Calaveras,9,45235,2194,2188,15,2203,55
2021-06-10,Colusa,11,21464,1953,1964,321,2285,15
2021-06-10,Contra Costa,13,1133247,70254,69876,1364,71240,807
2021-06-10,Del Norte,15,27424,1412,1405,9,1414,8
2021-06-10,El Dorado,17,186661,10313,10314,779,11093,113
2021-06-10,Fresno,19,978130,102445,102724,9033,111757,1717
2021-06-10,Glenn,21,27897,2426,2425,580,3005,19
2021-06-10,Humboldt,23,135768,4395,4384,39,4423,42
2021-06-10,Imperial,25,180216,28598,28779,2926,31705,739
2021-06-10,Inyo,27,18085,1405,1405,4,1409,35
2021-06-10,Kern,29,883053,97192,96706,11470,108176,1336
2021-06-10,Kings,31,150075,23026,23067,1193,24260,245
2021-06-10,Lake,33,64148,3558,3550,9,3559,45
2021-06-10,Lassen,35,31185,5234,5201,122,5323,18
2021-06-10,Los Angeles,37,10098052,1204752,1204110,43972,1248082,24440
2021-06-10,Madera,39,155013,16625,16581,960,17541,240
2021-06-10,Marin,41,260295,14116,14118,272,14390,229
2021-06-10,Mariposa,43,17540,436,434,11,445,5
2021-06-10,Mendocino,45,87422,4090,4016,78,4094,48
2021-06-10,Merced,47,269075,31179,31231,997,32228,461
2021-06-10,Modoc,49,8938,395,381,138,519,3
2021-06-10,Mono,51,14174,1253,1274,12,1286,3
2021-06-10,Monterey,53,433212,43104,43090,1930,45020,415
2021-06-10,Napa,55,140530,9975,9974,34,10008,80
2021-06-10,Nevada,57,99092,4890,4866,200,5066,72
2021-06-10,Orange,59,3164182,255231,254950,11765,266715,5097
2021-06-10,Placer,61,380077,23466,23296,1581,24877,293
2021-06-10,Plumas,63,18699,710,696,12,708,4
2021-06-10,Riverside,65,2383286,291975,289335,14777,304112,4450
2021-06-10,Sacramento,67,1510023,107110,107049,1865,108914,1658
2021-06-10,San Benito,69,59416,6081,6079,119,6198,63
2021-06-10,San Bernardino,71,2135413,293165,293281,9061,302342,4782
2021-06-10,San Diego,73,3302833,281509,281052,0,281052,3766
2021-06-10,San Francisco,75,870044,36861,37159,1394,38553,552
2021-06-10,San Joaquin,77,732212,73449,73276,3776,77052,1393
2021-06-10,San Luis Obispo,79,281455,21294,21280,785,22065,256
2021-06-10,San Mateo,81,765935,42553,42562,491,43053,666
2021-06-10,Santa Barbara,83,443738,34550,34434,1245,35679,460
2021-06-10,Santa Clara,85,1922200,118570,119832,804,120636,2075
2021-06-10,Santa Cruz,87,273765,16200,16159,874,17033,208
2021-06-10,Shasta,89,179085,12480,12536,1670,14206,201
2021-06-10,Sierra,91,2930,56,55,14,69,0
2021-06-10,Siskiyou,93,43540,1937,1881,392,2273,25
2021-06-10,Solano,95,438530,33141,33150,566,33716,265
2021-06-10,Sonoma,97,501317,30499,30571,359,30930,323
2021-06-10,Stanislaus,99,539301,56623,56588,6207,62795,974
2021-06-10,Sutter,101,95872,9589,9594,94,9688,112
2021-06-10,Tehama,103,63373,5096,5096,612,5708,63
2021-06-10,Trinity,105,12862,372,331,69,400,3
2021-06-10,Tulare,107,460477,49739,49503,9587,59090,848
2021-06-10,Tuolumne,109,53932,4099,4100,36,4136,63
2021-06-10,Ventura,111,848112,81262,81172,3119,84291,1026
2021-06-10,Yolo,113,214977,14100,14107,350,14457,212
2021-06-10,Yuba,115,75493,6117,6112,134,6246,50
2021-06-09,Alameda,1,1643700,88664,88762,2069,90831,1271
2021-06-09,Alpine,3,1148,88,88,0,88,0
2021-06-09,Amador,5,37829,3721,3706,34,3740,46
2021-06-09,Butte,7,227075,12610,12555,1924,14479,194
2021-06-09,Calaveras,9,45235,2192,2184,15,2199,55
2021-06-09,Colusa,11,21464,1953,1962,320,2282,15
2021-06-09,Contra Costa,13,1133247,70217,69829,1363,71192,803
2021-06-09,Del Norte,15,27424,1409,1403,9,1412,8
2021-06-09,El Dorado,17,186661,10310,10312,778,11090,113
2021-06-09,Fresno,19,978130,102426,102690,9028,111718,1717
2021-06-09,Glenn,21,27897,2425,2424,580,3004,19
2021-06-09,Humboldt,23,135768,4390,4379,38,4417,42
2021-06-09,Imperial,25,180216,28595,28754,2926,31680,739
2021-06-09,Inyo,27,18085,1405,1405,4,1409,35
2021-06-09,Kern,29,883053,97179,96697,11460,108157,1328
2021-06-09,Kings,31,150075,23024,23061,1193,24254,245
2021-06-09,Lake,33,64148,3555,3541,9,3550,45
2021-06-09,Lassen,35,31185,5233,5200,122,5322,18
2021-06-09,Los Angeles,37,10098052,1204568,1203955,43961,1247916,24432
2021-06-09,Madera,39,155013,16620,16580,960,17540,240
2021-06-09,Marin,41,260295,14111,14114,272,14386,229
2021-06-09,Mariposa,43,17540,436,434,11,445,5
2021-06-09,Mendocino,45,87422,4084,4008,78,4086,47
2021-06-09,Merced,47,269075,31175,31225,997,32222,461
2021-06-09,Modoc,49,8938,393,377,137,514,3
2021-06-09,Mono,51,14174,1253,1274,12,1286,3
2021-06-09,Monterey,53,433212,43097,43082,1930,45012,415
2021-06-09,Napa,55,140530,9969,9971,34,10005,80
2021-06-09,Nevada,57,99092,4880,4863,199,5062,72
2021-06-09,Orange,59,3164182,255187,254893,11761,266654,5080
2021-06-09,Placer,61,380077,23448,23237,1581,24818,293
2021-06-09,Plumas,63,18699,709,697,12,709,4
2021-06-09,Riverside,65,2383286,291931,289299,14775,304074,4450
2021-06-09,Sacramento,67,1510023,107047,106971,1862,108833,1657
2021-06-09,San Benito,69,59416,6077,6078,119,6197,63
2021-06-09,San Bernardino,71,2135413,293125,293222,9061,302283,4782
2021-06-09,San Diego,73,3302833,281444,280941,0,280941,3765
2021-06-09,San Francisco,75,870044,36848,37143,1393,38536,552
2021-06-09,San Joaquin,77,732212,73424,73232,3775,77007,1392
2021-06-09,San Luis Obispo,79,281455,21293,21259,785,22044,256
2021-06-09,San Mateo,81,765935,42537,42502,490,42992,666
2021-06-09,Santa Barbara,83,443738,34539,34422,1245,35667,460
2021-06-09,Santa Clara,85,1922200,118532,119793,803,120596,2068
2021-06-09,Santa Cruz,87,273765,16197,16155,874,17029,208
2021-06-09,Shasta,89,179085,12470,12521,1668,14189,201
2021-06-09,Sierra,91,2930,55,55,14,69,0
2021-06-09,Siskiyou,93,43540,1936,1871,392,2263,25
2021-06-09,Solano,95,438530,33125,33137,565,33702,264
2021-06-09,Sonoma,97,501317,30477,30540,359,30899,323
2021-06-09,Stanislaus,99,539301,56603,56560,6204,62764,974
2021-06-09,Sutter,101,95872,9580,9586,93,9679,111
2021-06-09,Tehama,103,63373,5095,5093,612,5705,63
2021-06-09,Trinity,105,12862,371,331,69,400,3
2021-06-09,Tulare,107,460477,49735,49496,9585,59081,847
2021-06-09,Tuolumne,109,53932,4096,4100,36,4136,63
2021-06-09,Ventura,111,848112,81252,81154,3118,84272,1026
2021-06-09,Yolo,113,214977,14098,14102,349,14451,212
2021-06-09,Yuba,115,75493,6113,6109,134,6243,50
2021-06-08,Alameda,1,1643700,88616,88731,2069,90800,1267
2021-06-08,Alpine,3,1148,88,88,0,88,0
2021-06-08,Amador,5,37829,3720,3704,34,3738,46
2021-06-08,Butte,7,227075,12604,12540,1921,14461,194
2021-06-08,Calaveras,9,45235,2191,2181,15,2196,55
2021-06-08,Colusa,11,21464,1953,1961,320,2281,15
2021-06-08,Contra Costa,13,1133247,70168,69762,1362,71124,803
2021-06-08,Del Norte,15,27424,1407,1402,9,1411,8
2021-06-08,El Dorado,17,186661,10305,10306,776,11082,113
2021-06-08,Fresno,19,978130,102401,102680,9026,111706,1717
2021-06-08,Glenn,21,27897,2424,2423,580,3003,19
2021-06-08,Humboldt,23,135768,4385,4363,38,4401,42
2021-06-08,Imperial,25,180216,28586,28752,2926,31678,738
2021-06-08,Inyo,27,18085,1405,1405,4,1409,35
2021-06-08,Kern,29,883053,97160,96671,11453,108124,1325
2021-06-08,Kings,31,150075,23023,23036,1193,24229,245
2021-06-08,Lake,33,64148,3554,3540,9,3549,45
2021-06-08,Lassen,35,31185,5233,5200,122,5322,18
2021-06-08,Los Angeles,37,10098052,1204374,1203794,43949,1247743,24426
2021-06-08,Madera,39,155013,16614,16579,959,17538,240
2021-06-08,Marin,41,260295,14109,14111,271,14382,229
2021-06-08,Mariposa,43,17540,436,434,11,445,5
2021-06-08,Mendocino,45,87422,4077,4002,78,4080,47
2021-06-08,Merced,47,269075,31167,31225,997,32222,461
2021-06-08,Modoc,49,8938,387,377,136,513,3
2021-06-08,Mono,51,14174,1253,1274,12,1286,3
2021-06-08,Monterey,53,433212,43091,43078,1929,45007,415
2021-06-08,Napa,55,140530,9965,9962,34,9996,80
2021-06-08,Nevada,57,99092,4875,4861,199,5060,72
2021-06-08,Orange,59,3164182,255147,254852,11754,266606,5078
2021-06-08,Placer,61,380077,23430,23209,1577,24786,293
2021-06-08,Plumas,63,18699,709,692,12,704,4
2021-06-08,Riverside,65,2383286,291897,289268,14766,304034,4452
2021-06-08,Sacramento,67,1510023,106986,106901,1859,108760,1654
2021-06-08,San Benito,69,59416,6075,6076,119,6195,63
2021-06-08,San Bernardino,71,2135413,293077,293186,9057,302243,4778
2021-06-08,San Diego,73,3302833,281382,280879,0,280879,3764
2021-06-08,San Francisco,75,870044,36833,37134,1392,38526,552
2021-06-08,San Joaquin,77,732212,73380,73186,3770,76956,1390
2021-06-08,San Luis Obispo,79,281455,21287,21251,784,22035,255
2021-06-08,San Mateo,81,765935,42524,42488,490,42978,663
2021-06-08,Santa Barbara,83,443738,34535,34418,1245,35663,459
2021-06-08,Santa Clara,85,1922200,118513,119770,802,120572,2068
2021-06-08,Santa Cruz,87,273765,16194,16160,874,17034,208
2021-06-08,Shasta,89,179085,12455,12498,1668,14166,201
2021-06-08,Sierra,91,2930,55,55,14,69,0
2021-06-08,Siskiyou,93,43540,1934,1870,390,2260,21
2021-06-08,Solano,95,438530,33104,33130,565,33695,259
2021-06-08,Sonoma,97,501317,30450,30523,357,30880,323
2021-06-08,Stanislaus,99,539301,56576,56548,6202,62750,973
2021-06-08,Sutter,101,95872,9577,9581,93,9674,111
2021-06-08,Tehama,103,63373,5092,5093,612,5705,63
2021-06-08,Trinity,105,12862,371,330,68,398,3
2021-06-08,Tulare,107,460477,49724,49485,9579,59064,847
2021-06-08,Tuolumne,109,53932,4093,4099,36,4135,63
2021-06-08,Ventura,111,848112,81236,81142,3117,84259,1026
2021-06-08,Yolo,113,214977,14093,14099,348,14447,212
2021-06-08,Yuba,115,75493,6111,6103,134,6237,50
2021-06-07,Alameda,1,1643700,88558,88688,2069,90757,1267
2021-06-07,Alpine,3,1148,88,88,0,88,0
2021-06-07,Amador,5,37829,3710,3697,34,3731,46
2021-06-07,Butte,7,227075,12597,12533,1920,14453,194
2021-06-07,Calaveras,9,45235,2190,2181,15,2196,55
2021-06-07,Colusa,11,21464,1952,1960,320,2280,15
2021-06-07,Contra Costa,13,1133247,70112,69718,1361,71079,817
2021-06-07,Del Norte,15,27424,1407,1401,9,1410,8
2021-06-07,El Dorado,17,186661,10300,10305,776,11081,113
2021-06-07,Fresno,19,978130,102373,102659,9019,111678,1717
2021-06-07,Glenn,21,27897,2424,2423,580,3003,19
2021-06-07,Humboldt,23,135768,4377,4354,38,4392,42
2021-06-07,Imperial,25,180216,28584,28754,2926,31680,738
2021-06-07,Inyo,27,18085,1405,1404,4,1408,35
2021-06-07,Kern,29,883053,97144,96645,11447,108092,1324
2021-06-07,Kings,31,150075,23019,23023,1193,24216,244
2021-06-07,Lake,33,64148,3552,3540,9,3549,45
2021-06-07,Lassen,35,31185,5228,5198,122,5320,18
2021-06-07,Los Angeles,37,10098052,1204153,1203664,43934,1247598,24413
2021-06-07,Madera,39,155013,16607,16572,959,17531,240
2021-06-07,Marin,41,260295,14105,14108,270,14378,229
2021-06-07,Mariposa,43,17540,436,434,11,445,5
2021-06-07,Mendocino,45,87422,4071,3998,78,4076,47
2021-06-07,Merced,47,269075,31155,31212,996,32208,459
2021-06-07,Modoc,49,8938,386,375,133,508,3
2021-06-07,Mono,51,14174,1253,1275,12,1287,3
2021-06-07,Monterey,53,433212,43084,43077,1929,45006,415
2021-06-07,Napa,55,140530,9956,9962,34,9996,80
2021-06-07,Nevada,57,99092,4873,4860,199,5059,72
2021-06-07,Orange,59,3164182,255107,254808,11747,266555,5073
2021-06-07,Placer,61,380077,23412,23176,1575,24751,293
2021-06-07,Plumas,63,18699,709,692,12,704,4
2021-06-07,Riverside,65,2383286,291854,289232,14763,303995,4451
2021-06-07,Sacramento,67,1510023,106907,106841,1855,108696,1655
2021-06-07,San Benito,69,59416,6074,6074,119,6193,63
2021-06-07,San Bernardino,71,2135413,293039,293129,9056,302185,4775
2021-06-07,San Diego,73,3302833,281300,280808,0,280808,3764
2021-06-07,San Francisco,75,870044,36817,37122,1392,38514,552
2021-06-07,San Joaquin,77,732212,73335,73130,3763,76893,1388
2021-06-07,San Luis Obispo,79,281455,21274,21252,784,22036,255
2021-06-07,San Mateo,81,765935,42508,42479,490,42969,664
2021-06-07,Santa Barbara,83,443738,34529,34407,1245,35652,459
2021-06-07,Santa Clara,85,1922200,118486,119743,802,120545,2066
2021-06-07,Santa Cruz,87,273765,16192,16159,874,17033,208
2021-06-07,Shasta,89,179085,12441,12483,1663,14146,200
2021-06-07,Sierra,91,2930,55,55,14,69,0
2021-06-07,Siskiyou,93,43540,1934,1869,390,2259,21
2021-06-07,Solano,95,438530,33082,33124,564,33688,258
2021-06-07,Sonoma,97,501317,30414,30504,356,30860,323
2021-06-07,Stanislaus,99,539301,56543,56521,6199,62720,972
2021-06-07,Sutter,101,95872,9573,9571,93,9664,111
2021-06-07,Tehama,103,63373,5088,5092,612,5704,63
2021-06-07,Trinity,105,12862,371,329,68,397,3
2021-06-07,Tulare,107,460477,49718,49471,9578,59049,847
2021-06-07,Tuolumne,109,53932,4092,4098,36,4134,63
2021-06-07,Ventura,111,848112,81219,81137,3116,84253,1025
2021-06-07,Yolo,113,214977,14088,14097,347,14444,211
2021-06-07,Yuba,115,75493,6109,6099,131,6230,49
2021-06-06,Alameda,1,1643700,88519,88636,2068,90704,1267
2021-06-06,Alpine,3,1148,88,88,0,88,0
2021-06-06,Amador,5,37829,3707,3696,34,3730,46
2021-06-06,Butte,7,227075,12586,12527,1919,14446,194
2021-06-06,Calaveras,9,45235,2189,2181,15,2196,55
2021-06-06,Colusa,11,21464,1950,1959,320,2279,15
2021-06-06,Contra Costa,13,1133247,70047,69659,1359,71018,817
2021-06-06,Del Norte,15,27424,1402,1401,8,1409,8
2021-06-06,El Dorado,17,186661,10293,10294,776,11070,113
2021-06-06,Fresno,19,978130,102340,102642,9016,111658,1717
2021-06-06,Glenn,21,27897,2423,2423,580,3003,19
2021-06-06,Humboldt,23,135768,4366,4353,38,4391,42
2021-06-06,Imperial,25,180216,28578,28762,2926,31688,738
2021-06-06,Inyo,27,18085,1404,1404,4,1408,35
2021-06-06,Kern,29,883053,97126,96623,11440,108063,1324
2021-06-06,Kings,31,150075,23013,23021,1193,24214,244
2021-06-06,Lake,33,64148,3552,3535,9,3544,45
2021-06-06,Lassen,35,31185,5226,5191,122,5313,18
2021-06-06,Los Angeles,37,10098052,1203956,1203539,43922,1247461,24410
2021-06-06,Madera,39,155013,16601,16567,959,17526,240
2021-06-06,Marin,41,260295,14099,14106,269,14375,229
2021-06-06,Mariposa,43,17540,435,435,11,446,5
2021-06-06,Mendocino,45,87422,4067,3993,78,4071,47
2021-06-06,Merced,47,269075,31147,31215,996,32211,459
2021-06-06,Modoc,49,8938,386,375,132,507,3
2021-06-06,Mono,51,14174,1253,1275,12,1287,3
2021-06-06,Monterey,53,433212,43079,43078,1929,45007,415
2021-06-06,Napa,55,140530,9950,9963,34,9997,80
2021-06-06,Nevada,57,99092,4866,4854,198,5052,72
2021-06-06,Orange,59,3164182,255073,254782,11742,266524,5073
2021-06-06,Placer,61,380077,23387,23156,1571,24727,293
2021-06-06,Plumas,63,18699,709,692,12,704,4
2021-06-06,Riverside,65,2383286,291820,289201,14758,303959,4451
2021-06-06,Sacramento,67,1510023,106821,106749,1854,108603,1655
2021-06-06,San Benito,69,59416,6068,6074,119,6193,63
2021-06-06,San Bernardino,71,2135413,292987,293117,9047,302164,4773
2021-06-06,San Diego,73,3302833,281220,280743,0,280743,3764
2021-06-06,San Francisco,75,870044,36805,37118,1391,38509,552
2021-06-06,San Joaquin,77,732212,73303,73105,3759,76864,1388
2021-06-06,San Luis Obispo,79,281455,21271,21246,784,22030,255
2021-06-06,San Mateo,81,765935,42491,42457,490,42947,664
2021-06-06,Santa Barbara,83,443738,34525,34403,1244,35647,459
2021-06-06,Santa Clara,85,1922200,118464,119711,802,120513,2066
2021-06-06,Santa Cruz,87,273765,16191,16158,874,17032,208
2021-06-06,Shasta,89,179085,12426,12478,1659,14137,200
2021-06-06,Sierra,91,2930,55,55,14,69,0
2021-06-06,Siskiyou,93,43540,1931,1869,390,2259,21
2021-06-06,Solano,95,438530,33055,33093,564,33657,258
2021-06-06,Sonoma,97,501317,30383,30478,355,30833,323
2021-06-06,Stanislaus,99,539301,56500,56486,6196,62682,972
2021-06-06,Sutter,101,95872,9566,9567,93,9660,111
2021-06-06,Tehama,103,63373,5084,5092,611,5703,63
2021-06-06,Trinity,105,12862,371,328,68,396,3
2021-06-06,Tulare,107,460477,49711,49466,9572,59038,847
2021-06-06,Tuolumne,109,53932,4090,4097,36,4133,63
2021-06-06,Ventura,111,848112,81208,81130,3113,84243,1025
2021-06-06,Yolo,113,214977,14080,14089,346,14435,210
2021-06-06,Yuba,115,75493,6101,6096,131,6227,49
2021-06-05,Alameda,1,1643700,88488,88612,2067,90679,1268
2021-06-05,Alpine,3,1148,88,88,0,88,0
2021-06-05,Amador,5,37829,3707,3694,34,3728,46
2021-06-05,Butte,7,227075,12580,12514,1918,14432,194
2021-06-05,Calaveras,9,45235,2189,2181,15,2196,55
2021-06-05,Colusa,11,21464,1950,1959,320,2279,15
2021-06-05,Contra Costa,13,1133247,70018,69601,1359,70960,817
2021-06-05,Del Norte,15,27424,1402,1400,8,1408,8
2021-06-05,El Dorado,17,186661,10291,10288,775,11063,113
2021-06-05,Fresno,19,978130,102331,102626,9016,111642,1717
2021-06-05,Glenn,21,27897,2422,2423,580,3003,19
2021-06-05,Humboldt,23,135768,4361,4346,38,4384,42
2021-06-05,Imperial,25,180216,28575,28764,2926,31690,738
2021-06-05,Inyo,27,18085,1404,1405,4,1409,35
2021-06-05,Kern,29,883053,97114,96597,11435,108032,1324
2021-06-05,Kings,31,150075,23010,23017,1193,24210,244
2021-06-05,Lake,33,64148,3549,3534,9,3543,45
2021-06-05,Lassen,35,31185,5225,5191,122,5313,18
2021-06-05,Los Angeles,37,10098052,1203830,1203338,43912,1247250,24411
2021-06-05,Madera,39,155013,16597,16563,959,17522,240
2021-06-05,Marin,41,260295,14097,14101,269,14370,229
2021-06-05,Mariposa,43,17540,435,435,11,446,5
2021-06-05,Mendocino,45,87422,4064,3989,78,4067,47
2021-06-05,Merced,47,269075,31145,31212,996,32208,459
2021-06-05,Modoc,49,8938,386,375,131,506,3
2021-06-05,Mono,51,14174,1253,1274,12,1286,3
2021-06-05,Monterey,53,433212,43075,43071,1928,44999,415
2021-06-05,Napa,55,140530,9945,9960,34,9994,80
2021-06-05,Nevada,57,99092,4864,4849,198,5047,72
2021-06-05,Orange,59,3164182,255049,254752,11739,266491,5069
2021-06-05,Placer,61,380077,23372,23133,1570,24703,293
2021-06-05,Plumas,63,18699,709,692,12,704,4
2021-06-05,Riverside,65,2383286,291785,289157,14754,303911,4451
2021-06-05,Sacramento,67,1510023,106770,106688,1851,108539,1655
2021-06-05,San Benito,69,59416,6066,6074,119,6193,63
2021-06-05,San Bernardino,71,2135413,292953,293081,9045,302126,4772
2021-06-05,San Diego,73,3302833,281179,280676,0,280676,3764
2021-06-05,San Francisco,75,870044,36796,37111,1391,38502,552
2021-06-05,San Joaquin,77,732212,73287,73078,3752,76830,1388
2021-06-05,San Luis Obispo,79,281455,21268,21236,784,22020,255
2021-06-05,San Mateo,81,765935,42481,42433,490,42923,664
2021-06-05,Santa Barbara,83,443738,34522,34399,1243,35642,459
2021-06-05,Santa Clara,85,1922200,118442,119676,800,120476,2066
2021-06-05,Santa Cruz,87,273765,16191,16154,874,17028,208
2021-06-05,Shasta,89,179085,12417,12472,1658,14130,200
2021-06-05,Sierra,91,2930,55,55,14,69,0
2021-06-05,Siskiyou,93,43540,1931,1867,390,2257,21
2021-06-05,Solano,95,438530,33040,33074,564,33638,257
2021-06-05,Sonoma,97,501317,30356,30450,353,30803,323
2021-06-05,Stanislaus,99,539301,56479,56463,6194,62657,973
2021-06-05,Sutter,101,95872,9563,9559,93,9652,111
2021-06-05,Tehama,103,63373,5083,5092,610,5702,63
2021-06-05,Trinity,105,12862,371,328,68,396,3
2021-06-05,Tulare,107,460477,49706,49463,9571,59034,847
2021-06-05,Tuolumne,109,53932,4088,4098,36,4134,63
2021-06-05,Ventura,111,848112,81199,81119,3111,84230,1025
2021-06-05,Yolo,113,214977,14078,14088,346,14434,210
2021-06-05,Yuba,115,75493,6100,6087,131,6218,49
2021-06-04,Alameda,1,1643700,88461,88585,2065,90650,1263
2021-06-04,Alpine,3,1148,88,88,0,88,0
2021-06-04,Amador,5,37829,3707,3690,34,3724,46
2021-06-04,Butte,7,227075,12569,12494,1915,14409,193
2021-06-04,Calaveras,9,45235,2189,2179,15,2194,55
2021-06-04,Colusa,11,21464,1950,1959,320,2279,15
2021-06-04,Contra Costa,13,1133247,69983,69540,1356,70896,816
2021-06-04,Del Norte,15,27424,1402,1398,8,1406,8
2021-06-04,El Dorado,17,186661,10287,10284,773,11057,112
2021-06-04,Fresno,19,978130,102315,102601,9016,111617,1712
2021-06-04,Glenn,21,27897,2422,2423,579,3002,19
2021-06-04,Humboldt,23,135768,4356,4327,38,4365,42
2021-06-04,Imperial,25,180216,28571,28753,2926,31679,738
2021-06-04,Inyo,27,18085,1404,1404,4,1408,35
2021-06-04,Kern,29,883053,97096,96573,11433,108006,1327
2021-06-04,Kings,31,150075,23010,23002,1193,24195,244
2021-06-04,Lake,33,64148,3547,3528,9,3537,45
2021-06-04,Lassen,35,31185,5225,5180,122,5302,18
2021-06-04,Los Angeles,37,10098052,1203709,1203106,43902,1247008,24400
2021-06-04,Madera,39,155013,16595,16557,959,17516,240
2021-06-04,Marin,41,260295,14096,14099,268,14367,229
2021-06-04,Mariposa,43,17540,435,435,11,446,5
2021-06-04,Mendocino,45,87422,4055,3983,78,4061,47
2021-06-04,Merced,47,269075,31140,31204,995,32199,459
2021-06-04,Modoc,49,8938,384,375,131,506,3
2021-06-04,Mono,51,14174,1253,1275,12,1287,3
2021-06-04,Monterey,53,433212,43071,43068,1928,44996,415
2021-06-04,Napa,55,140530,9941,9958,34,9992,80
2021-06-04,Nevada,57,99092,4860,4844,198,5042,72
2021-06-04,Orange,59,3164182,255013,254730,11736,266466,5059
2021-06-04,Placer,61,380077,23357,23110,1569,24679,293
2021-06-04,Plumas,63,18699,709,691,12,703,4
2021-06-04,Riverside,65,2383286,291759,289098,14750,303848,4452
2021-06-04,Sacramento,67,1510023,106718,106616,1849,108465,1654
2021-06-04,San Benito,69,59416,6064,6073,119,6192,63
2021-06-04,San Bernardino,71,2135413,292928,293056,9043,302099,4768
2021-06-04,San Diego,73,3302833,281137,280556,0,280556,3763
2021-06-04,San Francisco,75,870044,36791,37079,1390,38469,551
2021-06-04,San Joaquin,77,732212,73268,73039,3750,76789,1388
2021-06-04,San Luis Obispo,79,281455,21265,21234,783,22017,255
2021-06-04,San Mateo,81,765935,42469,42413,490,42903,478
2021-06-04,Santa Barbara,83,443738,34516,34402,1242,35644,459
2021-06-04,Santa Clara,85,1922200,118413,119619,800,120419,2065
2021-06-04,Santa Cruz,87,273765,16189,16150,874,17024,207
2021-06-04,Shasta,89,179085,12411,12458,1653,14111,200
2021-06-04,Sierra,91,2930,55,55,14,69,0
2021-06-04,Siskiyou,93,43540,1930,1865,390,2255,21
2021-06-04,Solano,95,438530,33029,33058,564,33622,256
2021-06-04,Sonoma,97,501317,30335,30411,353,30764,323
2021-06-04,Stanislaus,99,539301,56456,56442,6191,62633,973
2021-06-04,Sutter,101,95872,9558,9554,93,9647,111
2021-06-04,Tehama,103,63373,5078,5090,610,5700,63
2021-06-04,Trinity,105,12862,371,328,68,396,3
2021-06-04,Tulare,107,460477,49697,49452,9569,59021,847
2021-06-04,Tuolumne,109,53932,4087,4095,36,4131,63
2021-06-04,Ventura,111,848112,81192,81104,3109,84213,1023
2021-06-04,Yolo,113,214977,14076,14083,346,14429,210
2021-06-04,Yuba,115,75493,6097,6084,131,6215,49
2021-06-03,Alameda,1,1643700,88423,88555,2062,90617,1257
2021-06-03,Alpine,3,1148,88,88,0,88,0
2021-06-03,Amador,5,37829,3699,3688,34,3722,46
2021-06-03,Butte,7,227075,12565,12478,1914,14392,193
2021-06-03,Calaveras,9,45235,2189,2179,15,2194,55
2021-06-03,Colusa,11,21464,1950,1957,319,2276,15
2021-06-03,Contra Costa,13,1133247,69929,69500,1351,70851,816
2021-06-03,Del Norte,15,27424,1400,1397,8,1405,8
2021-06-03,El Dorado,17,186661,10281,10284,770,11054,112
2021-06-03,Fresno,19,978130,102299,102566,9015,111581,1709
2021-06-03,Glenn,21,27897,2422,2421,579,3000,19
2021-06-03,Humboldt,23,135768,4348,4314,38,4352,42
2021-06-03,Imperial,25,180216,28559,28737,2926,31663,738
2021-06-03,Inyo,27,18085,1404,1404,4,1408,35
2021-06-03,Kern,29,883053,97069,96507,11419,107926,1326
2021-06-03,Kings,31,150075,23006,22982,1193,24175,244
2021-06-03,Lake,33,64148,3545,3526,9,3535,45
2021-06-03,Lassen,35,31185,5216,5177,122,5299,12
2021-06-03,Los Angeles,37,10098052,1203535,1202923,43894,1246817,24386
2021-06-03,Madera,39,155013,16589,16554,959,17513,240
2021-06-03,Marin,41,260295,14091,14095,268,14363,230
2021-06-03,Mariposa,43,17540,435,435,11,446,5
2021-06-03,Mendocino,45,87422,4048,3978,78,4056,47
2021-06-03,Merced,47,269075,31136,31199,995,32194,459
2021-06-03,Modoc,49,8938,383,376,130,506,3
2021-06-03,Mono,51,14174,1253,1275,12,1287,3
2021-06-03,Monterey,53,433212,43068,43063,1928,44991,415
2021-06-03,Napa,55,140530,9934,9957,34,9991,81
2021-06-03,Nevada,57,99092,4856,4837,198,5035,72
2021-06-03,Orange,59,3164182,254985,254676,11726,266402,5056
2021-06-03,Placer,61,380077,23348,23100,1568,24668,293
2021-06-03,Plumas,63,18699,709,691,12,703,4
2021-06-03,Riverside,65,2383286,291705,289035,14746,303781,4447
2021-06-03,Sacramento,67,1510023,106640,106526,1847,108373,1654
2021-06-03,San Benito,69,59416,6064,6073,119,6192,63
2021-06-03,San Bernardino,71,2135413,292896,293021,9042,302063,4762
2021-06-03,San Diego,73,3302833,281074,280430,0,280430,3761
2021-06-03,San Francisco,75,870044,36785,37072,1390,38462,551
2021-06-03,San Joaquin,77,732212,73240,72989,3746,76735,1388
2021-06-03,San Luis Obispo,79,281455,21260,21224,783,22007,255
2021-06-03,San Mateo,81,765935,42456,42396,490,42886,467
2021-06-03,Santa Barbara,83,443738,34513,34391,1242,35633,459
2021-06-03,Santa Clara,85,1922200,118391,119592,798,120390,2058
2021-06-03,Santa Cruz,87,273765,16187,16144,874,17018,207
2021-06-03,Shasta,89,179085,12396,12441,1651,14092,199
2021-06-03,Sierra,91,2930,55,55,14,69,0
2021-06-03,Siskiyou,93,43540,1930,1862,389,2251,21
2021-06-03,Solano,95,438530,33015,33019,564,33583,256
2021-06-03,Sonoma,97,501317,30313,30383,352,30735,322
2021-06-03,Stanislaus,99,539301,56426,56401,6184,62585,973
2021-06-03,Sutter,101,95872,9549,9539,93,9632,111
2021-06-03,Tehama,103,63373,5078,5087,610,5697,63
2021-06-03,Trinity,105,12862,371,328,68,396,3
2021-06-03,Tulare,107,460477,49694,49442,9565,59007,848
2021-06-03,Tuolumne,109,53932,4085,4095,36,4131,63
2021-06-03,Ventura,111,848112,81180,81078,3107,84185,1023
2021-06-03,Yolo,113,214977,14072,14078,343,14421,210
2021-06-03,Yuba,115,75493,6090,6077,131,6208,49
2021-06-02,Alameda,1,1643700,88378,88525,2060,90585,1254
2021-06-02,Alpine,3,1148,88,88,0,88,0
2021-06-02,Amador,5,37829,3697,3687,34,3721,46
2021-06-02,Butte,7,227075,12545,12432,1911,14343,193
2021-06-02,Calaveras,9,45235,2187,2174,14,2188,55
2021-06-02,Colusa,11,21464,1949,1957,319,2276,15
2021-06-02,Contra Costa,13,1133247,69878,69455,1349,70804,814
2021-06-02,Del Norte,15,27424,1398,1395,8,1403,8
2021-06-02,El Dorado,17,186661,10277,10275,770,11045,110
2021-06-02,Fresno,19,978130,102276,102547,9012,111559,1707
2021-06-02,Glenn,21,27897,2422,2421,579,3000,19
2021-06-02,Humboldt,23,135768,4333,4302,38,4340,42
2021-06-02,Imperial,25,180216,28554,28737,2924,31661,738
2021-06-02,Inyo,27,18085,1403,1403,4,1407,35
2021-06-02,Kern,29,883053,97043,96481,11410,107891,1326
2021-06-02,Kings,31,150075,23004,22981,1193,24174,244
2021-06-02,Lake,33,64148,3540,3522,9,3531,45
2021-06-02,Lassen,35,31185,5215,5177,122,5299,6
2021-06-02,Los Angeles,37,10098052,1203334,1202760,43885,1246645,24375
2021-06-02,Madera,39,155013,16581,16550,959,17509,240
2021-06-02,Marin,41,260295,14089,14091,268,14359,229
2021-06-02,Mariposa,43,17540,435,434,11,445,5
2021-06-02,Mendocino,45,87422,4042,3970,78,4048,47
2021-06-02,Merced,47,269075,31123,31195,994,32189,458
2021-06-02,Modoc,49,8938,382,375,129,504,3
2021-06-02,Mono,51,14174,1253,1275,12,1287,3
2021-06-02,Monterey,53,433212,43066,43056,1928,44984,380
2021-06-02,Napa,55,140530,9933,9953,34,9987,82
2021-06-02,Nevada,57,99092,4853,4833,198,5031,72
2021-06-02,Orange,59,3164182,254940,254637,11722,266359,5055
2021-06-02,Placer,61,380077,23327,23058,1566,24624,293
2021-06-02,Plumas,63,18699,709,690,12,702,4
2021-06-02,Riverside,65,2383286,291650,289012,14736,303748,4445
2021-06-02,Sacramento,67,1510023,106576,106435,1840,108275,1649
2021-06-02,San Benito,69,59416,6063,6073,119,6192,63
2021-06-02,San Bernardino,71,2135413,292849,293004,9037,302041,4760
2021-06-02,San Diego,73,3302833,280994,280347,0,280347,3760
2021-06-02,San Francisco,75,870044,36765,37050,1389,38439,550
2021-06-02,San Joaquin,77,732212,73209,72893,3743,76636,1387
2021-06-02,San Luis Obispo,79,281455,21253,21214,782,21996,255
2021-06-02,San Mateo,81,765935,42446,42383,489,42872,464
2021-06-02,Santa Barbara,83,443738,34506,34381,1242,35623,456
2021-06-02,Santa Clara,85,1922200,118363,119553,797,120350,2058
2021-06-02,Santa Cruz,87,273765,16184,16144,874,17018,207
2021-06-02,Shasta,89,179085,12378,12426,1648,14074,199
2021-06-02,Sierra,91,2930,55,55,14,69,0
2021-06-02,Siskiyou,93,43540,1930,1861,387,2248,21
2021-06-02,Solano,95,438530,33003,33007,563,33570,256
2021-06-02,Sonoma,97,501317,30294,30359,347,30706,322
2021-06-02,Stanislaus,99,539301,56397,56377,6179,62556,973
2021-06-02,Sutter,101,95872,9546,9533,93,9626,111
2021-06-02,Tehama,103,63373,5075,5081,610,5691,63
2021-06-02,Trinity,105,12862,369,328,68,396,3
2021-06-02,Tulare,107,460477,49686,49434,9561,58995,846
2021-06-02,Tuolumne,109,53932,4085,4095,36,4131,63
2021-06-02,Ventura,111,848112,81155,81033,3107,84140,1020
2021-06-02,Yolo,113,214977,14069,14074,342,14416,210
2021-06-02,Yuba,115,75493,6084,6072,131,6203,48
2021-06-01,Alameda,1,1643700,88345,88472,2058,90530,1253
2021-06-01,Alpine,3,1148,88,88,0,88,0
2021-06-01,Amador,5,37829,3695,3687,34,3721,46
2021-06-01,Butte,7,227075,12531,12427,1910,14337,193
2021-06-01,Calaveras,9,45235,2185,2173,14,2187,55
2021-06-01,Colusa,11,21464,1948,1955,318,2273,15
2021-06-01,Contra Costa,13,1133247,69821,69404,1349,70753,813
2021-06-01,Del Norte,15,27424,1397,1394,8,1402,8
2021-06-01,El Dorado,17,186661,10271,10271,770,11041,110
2021-06-01,Fresno,19,978130,102252,102534,9009,111543,1706
2021-06-01,Glenn,21,27897,2422,2422,579,3001,18
2021-06-01,Humboldt,23,135768,4323,4299,38,4337,42
2021-06-01,Imperial,25,180216,28550,28722,2923,31645,736
2021-06-01,Inyo,27,18085,1403,1403,4,1407,35
2021-06-01,Kern,29,883053,97016,96477,11402,107879,1319
2021-06-01,Kings,31,150075,23000,22977,1193,24170,244
2021-06-01,Lake,33,64148,3539,3523,9,3532,45
2021-06-01,Lassen,35,31185,5208,5172,122,5294,6
2021-06-01,Los Angeles,37,10098052,1203101,1202673,43872,1246545,24367
2021-06-01,Madera,39,155013,16572,16549,958,17507,240
2021-06-01,Marin,41,260295,14087,14081,268,14349,229
2021-06-01,Mariposa,43,17540,435,431,11,442,5
2021-06-01,Mendocino,45,87422,4035,3966,78,4044,47
2021-06-01,Merced,47,269075,31114,31195,994,32189,456
2021-06-01,Modoc,49,8938,381,375,129,504,3
2021-06-01,Mono,51,14174,1253,1275,12,1287,3
2021-06-01,Monterey,53,433212,43060,43051,1928,44979,379
2021-06-01,Napa,55,140530,9931,9949,34,9983,82
2021-06-01,Nevada,57,99092,4848,4825,198,5023,72
2021-06-01,Orange,59,3164182,254905,254603,11714,266317,5051
2021-06-01,Placer,61,380077,23297,23021,1564,24585,293
2021-06-01,Plumas,63,18699,708,690,12,702,4
2021-06-01,Riverside,65,2383286,291599,288996,14730,303726,4442
2021-06-01,Sacramento,67,1510023,106504,106330,1838,108168,1644
2021-06-01,San Benito,69,59416,6062,6073,118,6191,63
2021-06-01,San Bernardino,71,2135413,292826,292990,9036,302026,4758
2021-06-01,San Diego,73,3302833,280890,280305,0,280305,3756
2021-06-01,San Francisco,75,870044,36749,37031,1389,38420,550
2021-06-01,San Joaquin,77,732212,73177,72858,3741,76599,1383
2021-06-01,San Luis Obispo,79,281455,21248,21217,782,21999,256
2021-06-01,San Mateo,81,765935,42429,42383,488,42871,462
2021-06-01,Santa Barbara,83,443738,34503,34374,1242,35616,456
2021-06-01,Santa Clara,85,1922200,118335,119528,797,120325,2057
2021-06-01,Santa Cruz,87,273765,16180,16143,873,17016,207
2021-06-01,Shasta,89,179085,12369,12409,1643,14052,199
2021-06-01,Sierra,91,2930,55,55,14,69,0
2021-06-01,Siskiyou,93,43540,1924,1860,386,2246,21
2021-06-01,Solano,95,438530,32978,32974,562,33536,256
2021-06-01,Sonoma,97,501317,30255,30324,346,30670,322
2021-06-01,Stanislaus,99,539301,56373,56348,6177,62525,973
2021-06-01,Sutter,101,95872,9539,9528,93,9621,111
2021-06-01,Tehama,103,63373,5073,5079,610,5689,63
2021-06-01,Trinity,105,12862,368,328,67,395,3
2021-06-01,Tulare,107,460477,49678,49419,9557,58976,845
2021-06-01,Tuolumne,109,53932,4085,4094,36,4130,63
2021-06-01,Ventura,111,848112,81139,81018,3106,84124,1021
2021-06-01,Yolo,113,214977,14064,14067,341,14408,210
2021-06-01,Yuba,115,75493,6080,6067,131,6198,48
2021-05-31,Alameda,1,1643700,88308,88458,2054,90512,1253
2021-05-31,Alpine,3,1148,88,88,0,88,0
2021-05-31,Amador,5,37829,3689,3687,34,3721,46
2021-05-31,Butte,7,227075,12518,12429,1910,14339,193
2021-05-31,Calaveras,9,45235,2184,2171,14,2185,55
2021-05-31,Colusa,11,21464,1948,1956,317,2273,15
2021-05-31,Contra Costa,13,1133247,69784,69390,1347,70737,813
2021-05-31,Del Norte,15,27424,1394,1394,8,1402,8
2021-05-31,El Dorado,17,186661,10265,10271,768,11039,110
2021-05-31,Fresno,19,978130,102216,102507,9008,111515,1706
2021-05-31,Glenn,21,27897,2421,2422,578,3000,18
2021-05-31,Humboldt,23,135768,4311,4295,38,4333,42
2021-05-31,Imperial,25,180216,28544,28732,2920,31652,736
2021-05-31,Inyo,27,18085,1402,1403,4,1407,35
2021-05-31,Kern,29,883053,96980,96457,11393,107850,1319
2021-05-31,Kings,31,150075,22996,22977,1193,24170,244
2021-05-31,Lake,33,64148,3534,3523,9,3532,45
2021-05-31,Lassen,35,31185,5206,5172,121,5293,6
2021-05-31,Los Angeles,37,10098052,1202860,1202567,43864,1246431,24364
2021-05-31,Madera,39,155013,16571,16543,957,17500,240
2021-05-31,Marin,41,260295,14085,14080,267,14347,229
2021-05-31,Mariposa,43,17540,435,430,11,441,5
2021-05-31,Mendocino,45,87422,4026,3961,78,4039,47
2021-05-31,Merced,47,269075,31109,31194,994,32188,456
2021-05-31,Modoc,49,8938,380,374,129,503,3
2021-05-31,Mono,51,14174,1253,1275,12,1287,3
2021-05-31,Monterey,53,433212,43056,43051,1928,44979,379
2021-05-31,Napa,55,140530,9924,9948,34,9982,82
2021-05-31,Nevada,57,99092,4838,4823,197,5020,72
2021-05-31,Orange,59,3164182,254878,254572,11707,266279,5051
2021-05-31,Placer,61,380077,23270,23019,1559,24578,293
2021-05-31,Plumas,63,18699,707,690,12,702,4
2021-05-31,Riverside,65,2383286,291542,288970,14717,303687,4442
2021-05-31,Sacramento,67,1510023,106407,106278,1832,108110,1644
2021-05-31,San Benito,69,59416,6062,6072,118,6190,63
2021-05-31,San Bernardino,71,2135413,292778,292973,9035,302008,4758
2021-05-31,San Diego,73,3302833,280786,280254,0,280254,3756
2021-05-31,San Francisco,75,870044,36734,37022,1388,38410,550
2021-05-31,San Joaquin,77,732212,73130,72856,3734,76590,1383
2021-05-31,San Luis Obispo,79,281455,21240,21215,782,21997,256
2021-05-31,San Mateo,81,765935,42413,42389,488,42877,442
2021-05-31,Santa Barbara,83,443738,34490,34369,1240,35609,456
2021-05-31,Santa Clara,85,1922200,118291,119515,797,120312,2057
2021-05-31,Santa Cruz,87,273765,16177,16139,873,17012,207
2021-05-31,Shasta,89,179085,12353,12408,1640,14048,199
2021-05-31,Sierra,91,2930,55,55,14,69,0
2021-05-31,Siskiyou,93,43540,1923,1856,385,2241,21
2021-05-31,Solano,95,438530,32927,32973,562,33535,256
2021-05-31,Sonoma,97,501317,30212,30314,346,30660,322
2021-05-31,Stanislaus,99,539301,56322,56335,6174,62509,973
2021-05-31,Sutter,101,95872,9520,9523,93,9616,111
2021-05-31,Tehama,103,63373,5071,5076,609,5685,63
2021-05-31,Trinity,105,12862,368,328,67,395,3
2021-05-31,Tulare,107,460477,49667,49404,9552,58956,845
2021-05-31,Tuolumne,109,53932,4083,4095,36,4131,63
2021-05-31,Ventura,111,848112,81124,81017,3103,84120,1021
2021-05-31,Yolo,113,214977,14060,14064,341,14405,210
2021-05-31,Yuba,115,75493,6074,6063,128,6191,48
2021-05-30,Alameda,1,1643700,88283,88429,2054,90483,1253
2021-05-30,Alpine,3,1148,88,88,0,88,0
2021-05-30,Amador,5,37829,3685,3685,34,3719,46
2021-05-30,Butte,7,227075,12508,12427,1908,14335,190
2021-05-30,Calaveras,9,45235,2180,2166,14,2180,55
2021-05-30,Colusa,11,21464,1948,1954,317,2271,15
2021-05-30,Contra Costa,13,1133247,69750,69381,1345,70726,813
2021-05-30,Del Norte,15,27424,1393,1393,8,1401,8
2021-05-30,El Dorado,17,186661,10262,10271,768,11039,110
2021-05-30,Fresno,19,978130,102199,102499,9004,111503,1706
2021-05-30,Glenn,21,27897,2421,2422,577,2999,18
2021-05-30,Humboldt,23,135768,4302,4291,38,4329,42
2021-05-30,Imperial,25,180216,28539,28732,2919,31651,736
2021-05-30,Inyo,27,18085,1402,1403,4,1407,35
2021-05-30,Kern,29,883053,96964,96443,11390,107833,1319
2021-05-30,Kings,31,150075,22995,22974,1192,24166,244
2021-05-30,Lake,33,64148,3534,3517,9,3526,45
2021-05-30,Lassen,35,31185,5204,5171,121,5292,6
2021-05-30,Los Angeles,37,10098052,1202756,1202425,43857,1246282,24360
2021-05-30,Madera,39,155013,16567,16538,957,17495,240
2021-05-30,Marin,41,260295,14081,14083,266,14349,229
2021-05-30,Mariposa,43,17540,435,430,11,441,5
2021-05-30,Mendocino,45,87422,4019,3955,78,4033,47
2021-05-30,Merced,47,269075,31105,31189,993,32182,456
2021-05-30,Modoc,49,8938,380,374,129,503,3
2021-05-30,Mono,51,14174,1253,1275,12,1287,3
2021-05-30,Monterey,53,433212,43053,43049,1928,44977,379
2021-05-30,Napa,55,140530,9923,9948,34,9982,82
2021-05-30,Nevada,57,99092,4832,4818,197,5015,72
2021-05-30,Orange,59,3164182,254854,254559,11706,266265,5051
2021-05-30,Placer,61,380077,23264,23016,1559,24575,293
2021-05-30,Plumas,63,18699,705,690,12,702,4
2021-05-30,Riverside,65,2383286,291521,288961,14715,303676,4442
2021-05-30,Sacramento,67,1510023,106362,106252,1830,108082,1644
2021-05-30,San Benito,69,59416,6062,6072,118,6190,63
2021-05-30,San Bernardino,71,2135413,292752,292981,9034,302015,4758
2021-05-30,San Diego,73,3302833,280730,280209,0,280209,3756
2021-05-30,San Francisco,75,870044,36716,37016,1387,38403,550
2021-05-30,San Joaquin,77,732212,73113,72853,3733,76586,1383
2021-05-30,San Luis Obispo,79,281455,21232,21211,781,21992,256
2021-05-30,San Mateo,81,765935,42404,42386,488,42874,439
2021-05-30,Santa Barbara,83,443738,34486,34369,1239,35608,456
2021-05-30,Santa Clara,85,1922200,118269,119510,793,120303,2057
2021-05-30,Santa Cruz,87,273765,16175,16140,873,17013,207
2021-05-30,Shasta,89,179085,12351,12408,1637,14045,199
2021-05-30,Sierra,91,2930,55,55,14,69,0
2021-05-30,Siskiyou,93,43540,1923,1856,385,2241,21
2021-05-30,Solano,95,438530,32916,32952,561,33513,256
2021-05-30,Sonoma,97,501317,30196,30310,344,30654,322
2021-05-30,Stanislaus,99,539301,56303,56323,6173,62496,973
2021-05-30,Sutter,101,95872,9519,9519,92,9611,111
2021-05-30,Tehama,103,63373,5071,5073,609,5682,63
2021-05-30,Trinity,105,12862,368,328,67,395,3
2021-05-30,Tulare,107,460477,49660,49397,9543,58940,845
2021-05-30,Tuolumne,109,53932,4083,4094,36,4130,63
2021-05-30,Ventura,111,848112,81121,81012,3101,84113,1021
2021-05-30,Yolo,113,214977,14055,14059,340,14399,210
2021-05-30,Yuba,115,75493,6067,6063,127,6190,48
2021-05-29,Alameda,1,1643700,88260,88433,2052,90485,1253
2021-05-29,Alpine,3,1148,88,88,0,88,0
2021-05-29,Amador,5,37829,3684,3683,34,3717,46
2021-05-29,Butte,7,227075,12502,12425,1908,14333,190
2021-05-29,Calaveras,9,45235,2179,2166,14,2180,55
2021-05-29,Colusa,11,21464,1945,1954,317,2271,15
2021-05-29,Contra Costa,13,1133247,69717,69351,1345,70696,813
2021-05-29,Del Norte,15,27424,1393,1391,8,1399,8
2021-05-29,El Dorado,17,186661,10261,10269,766,11035,110
2021-05-29,Fresno,19,978130,102187,102470,9001,111471,1706
2021-05-29,Glenn,21,27897,2421,2422,576,2998,18
2021-05-29,Humboldt,23,135768,4296,4283,38,4321,42
2021-05-29,Imperial,25,180216,28536,28729,2918,31647,736
2021-05-29,Inyo,27,18085,1402,1404,4,1408,35
2021-05-29,Kern,29,883053,96954,96424,11376,107800,1319
2021-05-29,Kings,31,150075,22994,22970,1191,24161,244
2021-05-29,Lake,33,64148,3534,3515,9,3524,45
2021-05-29,Lassen,35,31185,5204,5171,121,5292,6
2021-05-29,Los Angeles,37,10098052,1202633,1202264,43854,1246118,24359
2021-05-29,Madera,39,155013,16565,16535,957,17492,240
2021-05-29,Marin,41,260295,14077,14071,265,14336,229
2021-05-29,Mariposa,43,17540,434,428,11,439,5
2021-05-29,Mendocino,45,87422,4013,3952,78,4030,47
2021-05-29,Merced,47,269075,31094,31187,993,32180,456
2021-05-29,Modoc,49,8938,380,374,129,503,3
2021-05-29,Mono,51,14174,1253,1275,12,1287,3
2021-05-29,Monterey,53,433212,43051,43042,1928,44970,379
2021-05-29,Napa,55,140530,9920,9948,34,9982,82
2021-05-29,Nevada,57,99092,4831,4816,197,5013,72
2021-05-29,Orange,59,3164182,254832,254537,11696,266233,5049
2021-05-29,Placer,61,380077,23250,23009,1558,24567,293
2021-05-29,Plumas,63,18699,705,689,12,701,4
2021-05-29,Riverside,65,2383286,291501,288908,14714,303622,4442
2021-05-29,Sacramento,67,1510023,106333,106218,1829,108047,1643
2021-05-29,San Benito,69,59416,6061,6072,118,6190,63
2021-05-29,San Bernardino,71,2135413,292720,292961,9033,301994,4757
2021-05-29,San Diego,73,3302833,280671,280151,0,280151,3756
2021-05-29,San Francisco,75,870044,36707,37008,1387,38395,550
2021-05-29,San Joaquin,77,732212,73097,72827,3731,76558,1383
2021-05-29,San Luis Obispo,79,281455,21230,21201,781,21982,256
2021-05-29,San Mateo,81,765935,42397,42375,487,42862,439
2021-05-29,Santa Barbara,83,443738,34482,34367,1239,35606,456
2021-05-29,Santa Clara,85,1922200,118245,119498,792,120290,2056
2021-05-29,Santa Cruz,87,273765,16174,16137,873,17010,207
2021-05-29,Shasta,89,179085,12343,12401,1636,14037,199
2021-05-29,Sierra,91,2930,55,55,14,69,0
2021-05-29,Siskiyou,93,43540,1918,1856,385,2241,21
2021-05-29,Solano,95,438530,32907,32917,561,33478,256
2021-05-29,Sonoma,97,501317,30173,30298,343,30641,322
2021-05-29,Stanislaus,99,539301,56283,56305,6171,62476,974
2021-05-29,Sutter,101,95872,9515,9516,92,9608,111
2021-05-29,Tehama,103,63373,5070,5070,609,5679,63
2021-05-29,Trinity,105,12862,368,328,67,395,3
2021-05-29,Tulare,107,460477,49650,49392,9539,58931,845
2021-05-29,Tuolumne,109,53932,4083,4093,36,4129,63
2021-05-29,Ventura,111,848112,81113,81008,3101,84109,1021
2021-05-29,Yolo,113,214977,14054,14055,340,14395,210
2021-05-29,Yuba,115,75493,6067,6059,127,6186,48
2021-05-28,Alameda,1,1643700,88236,88391,2048,90439,1261
2021-05-28,Alpine,3,1148,88,88,0,88,0
2021-05-28,Amador,5,37829,3684,3680,34,3714,46
2021-05-28,Butte,7,227075,12499,12407,1907,14314,190
2021-05-28,Calaveras,9,45235,2178,2165,14,2179,55
2021-05-28,Colusa,11,21464,1945,1954,315,2269,15
2021-05-28,Contra Costa,13,1133247,69681,69290,1344,70634,813
2021-05-28,Del Norte,15,27424,1392,1390,8,1398,8
2021-05-28,El Dorado,17,186661,10258,10265,766,11031,110
2021-05-28,Fresno,19,978130,102173,102437,9001,111438,1705
2021-05-28,Glenn,21,27897,2421,2419,576,2995,18
2021-05-28,Humboldt,23,135768,4290,4265,38,4303,42
2021-05-28,Imperial,25,180216,28533,28722,2918,31640,736
2021-05-28,Inyo,27,18085,1402,1404,4,1408,35
2021-05-28,Kern,29,883053,96937,96396,11368,107764,1320
2021-05-28,Kings,31,150075,22992,22962,1191,24153,244
2021-05-28,Lake,33,64148,3532,3515,9,3524,45
2021-05-28,Lassen,35,31185,5204,5169,121,5290,6
2021-05-28,Los Angeles,37,10098052,1202525,1202103,43842,1245945,24357
2021-05-28,Madera,39,155013,16563,16530,957,17487,240
2021-05-28,Marin,41,260295,14076,14063,264,14327,229
2021-05-28,Mariposa,43,17540,434,428,11,439,5
2021-05-28,Mendocino,45,87422,4008,3947,78,4025,47
2021-05-28,Merced,47,269075,31091,31176,993,32169,455
2021-05-28,Modoc,49,8938,380,374,129,503,3
2021-05-28,Mono,51,14174,1253,1274,12,1286,3
2021-05-28,Monterey,53,433212,43050,43036,1928,44964,379
2021-05-28,Napa,55,140530,9920,9941,34,9975,82
2021-05-28,Nevada,57,99092,4829,4813,197,5010,71
2021-05-28,Orange,59,3164182,254814,254494,11694,266188,5047
2021-05-28,Placer,61,380077,23240,22987,1556,24543,293
2021-05-28,Plumas,63,18699,703,688,12,700,4
2021-05-28,Riverside,65,2383286,291479,288872,14712,303584,4442
2021-05-28,Sacramento,67,1510023,106275,106131,1828,107959,1642
2021-05-28,San Benito,69,59416,6061,6074,118,6192,63
2021-05-28,San Bernardino,71,2135413,292697,292905,9033,301938,4757
2021-05-28,San Diego,73,3302833,280609,280043,0,280043,3756
2021-05-28,San Francisco,75,870044,36701,36987,1387,38374,546
2021-05-28,San Joaquin,77,732212,73067,72793,3729,76522,1383
2021-05-28,San Luis Obispo,79,281455,21226,21190,779,21969,256
2021-05-28,San Mateo,81,765935,42391,42364,487,42851,439
2021-05-28,Santa Barbara,83,443738,34481,34371,1238,35609,455
2021-05-28,Santa Clara,85,1922200,118221,119462,792,120254,2056
2021-05-28,Santa Cruz,87,273765,16173,16129,873,17002,207
2021-05-28,Shasta,89,179085,12334,12383,1633,14016,198
2021-05-28,Sierra,91,2930,55,54,14,68,0
2021-05-28,Siskiyou,93,43540,1916,1850,385,2235,19
2021-05-28,Solano,95,438530,32892,32892,561,33453,256
2021-05-28,Sonoma,97,501317,30154,30270,343,30613,321
2021-05-28,Stanislaus,99,539301,56260,56278,6168,62446,974
2021-05-28,Sutter,101,95872,9511,9511,92,9603,111
2021-05-28,Tehama,103,63373,5064,5064,609,5673,63
2021-05-28,Trinity,105,12862,368,328,67,395,3
2021-05-28,Tulare,107,460477,49644,49375,9529,58904,846
2021-05-28,Tuolumne,109,53932,4083,4090,36,4126,63
2021-05-28,Ventura,111,848112,81102,80985,3100,84085,1021
2021-05-28,Yolo,113,214977,14050,14050,339,14389,210
2021-05-28,Yuba,115,75493,6065,6050,126,6176,48
2021-05-27,Alameda,1,1643700,88200,88342,2047,90389,1274
2021-05-27,Alpine,3,1148,88,88,0,88,0
2021-05-27,Amador,5,37829,3682,3680,34,3714,46
2021-05-27,Butte,7,227075,12494,12401,1906,14307,190
2021-05-27,Calaveras,9,45235,2177,2163,14,2177,55
2021-05-27,Colusa,11,21464,1942,1952,315,2267,15
2021-05-27,Contra Costa,13,1133247,69639,69245,1342,70587,813
2021-05-27,Del Norte,15,27424,1392,1388,8,1396,8
2021-05-27,El Dorado,17,186661,10257,10248,766,11014,112
2021-05-27,Fresno,19,978130,102157,102413,8998,111411,1704
2021-05-27,Glenn,21,27897,2421,2415,576,2991,18
2021-05-27,Humboldt,23,135768,4282,4260,38,4298,42
2021-05-27,Imperial,25,180216,28522,28728,2918,31646,736
2021-05-27,Inyo,27,18085,1402,1404,4,1408,35
2021-05-27,Kern,29,883053,96921,96364,11360,107724,1322
2021-05-27,Kings,31,150075,22989,22953,1191,24144,245
2021-05-27,Lake,33,64148,3527,3509,9,3518,45
2021-05-27,Lassen,35,31185,5203,5170,120,5290,6
2021-05-27,Los Angeles,37,10098052,1202364,1201927,43826,1245753,24348
2021-05-27,Madera,39,155013,16554,16527,957,17484,240
2021-05-27,Marin,41,260295,14072,14061,264,14325,229
2021-05-27,Mariposa,43,17540,432,427,11,438,5
2021-05-27,Mendocino,45,87422,4002,3945,78,4023,47
2021-05-27,Merced,47,269075,31079,31161,993,32154,455
2021-05-27,Modoc,49,8938,379,374,129,503,3
2021-05-27,Mono,51,14174,1253,1276,12,1288,3
2021-05-27,Monterey,53,433212,43044,43032,1928,44960,379
2021-05-27,Napa,55,140530,9919,9934,34,9968,82
2021-05-27,Nevada,57,99092,4825,4807,195,5002,71
2021-05-27,Orange,59,3164182,254778,254438,11689,266127,5059
2021-05-27,Placer,61,380077,23231,22966,1556,24522,293
2021-05-27,Plumas,63,18699,703,687,12,699,4
2021-05-27,Riverside,65,2383286,291444,288835,14707,303542,4443
2021-05-27,Sacramento,67,1510023,106201,106015,1826,107841,1642
2021-05-27,San Benito,69,59416,6060,6074,118,6192,63
2021-05-27,San Bernardino,71,2135413,292659,292755,9031,301786,4756
2021-05-27,San Diego,73,3302833,280535,279960,0,279960,3756
2021-05-27,San Francisco,75,870044,36696,36980,1383,38363,546
2021-05-27,San Joaquin,77,732212,73035,72714,3725,76439,1388
2021-05-27,San Luis Obispo,79,281455,21223,21171,779,21950,256
2021-05-27,San Mateo,81,765935,42382,42345,487,42832,436
2021-05-27,Santa Barbara,83,443738,34477,34355,1238,35593,456
2021-05-27,Santa Clara,85,1922200,118202,119452,792,120244,2053
2021-05-27,Santa Cruz,87,273765,16170,16134,873,17007,207
2021-05-27,Shasta,89,179085,12323,12380,1633,14013,202
2021-05-27,Sierra,91,2930,55,54,14,68,0
2021-05-27,Siskiyou,93,43540,1913,1846,385,2231,18
2021-05-27,Solano,95,438530,32851,32855,560,33415,257
2021-05-27,Sonoma,97,501317,30127,30253,339,30592,321
2021-05-27,Stanislaus,99,539301,56232,56207,6167,62374,974
2021-05-27,Sutter,101,95872,9507,9501,92,9593,111
2021-05-27,Tehama,103,63373,5061,5064,609,5673,63
2021-05-27,Trinity,105,12862,368,328,67,395,3
2021-05-27,Tulare,107,460477,49630,49366,9520,58886,840
2021-05-27,Tuolumne,109,53932,4082,4090,36,4126,66
2021-05-27,Ventura,111,848112,81089,80965,3097,84062,1023
2021-05-27,Yolo,113,214977,14047,14036,338,14374,213
2021-05-27,Yuba,115,75493,6060,6040,125,6165,48
2021-05-26,Alameda,1,1643700,88171,88297,2047,90344,1266
2021-05-26,Alpine,3,1148,88,88,0,88,0
2021-05-26,Amador,5,37829,3682,3679,34,3713,46
2021-05-26,Butte,7,227075,12485,12332,1905,14237,190
2021-05-26,Calaveras,9,45235,2175,2154,14,2168,55
2021-05-26,Colusa,11,21464,1941,1952,315,2267,15
2021-05-26,Contra Costa,13,1133247,69602,69210,1342,70552,812
2021-05-26,Del Norte,15,27424,1392,1386,7,1393,8
2021-05-26,El Dorado,17,186661,10253,10242,765,11007,112
2021-05-26,Fresno,19,978130,102125,102374,8993,111367,1702
2021-05-26,Glenn,21,27897,2420,2415,576,2991,18
2021-05-26,Humboldt,23,135768,4277,4246,38,4284,42
2021-05-26,Imperial,25,180216,28517,28712,2916,31628,734
2021-05-26,Inyo,27,18085,1402,1403,4,1407,36
2021-05-26,Kern,29,883053,96897,96343,11352,107695,1320
2021-05-26,Kings,31,150075,22985,22950,1190,24140,245
2021-05-26,Lake,33,64148,3526,3508,9,3517,45
2021-05-26,Lassen,35,31185,5202,5164,120,5284,6
2021-05-26,Los Angeles,37,10098052,1202200,1198100,43808,1241908,24221
2021-05-26,Madera,39,155013,16552,16520,957,17477,240
2021-05-26,Marin,41,260295,14069,14061,263,14324,227
2021-05-26,Mariposa,43,17540,432,427,11,438,5
2021-05-26,Mendocino,45,87422,3996,3938,78,4016,47
2021-05-26,Merced,47,269075,31070,31139,993,32132,455
2021-05-26,Modoc,49,8938,379,371,128,499,3
2021-05-26,Mono,51,14174,1253,1274,12,1286,3
2021-05-26,Monterey,53,433212,43038,43018,1927,44945,379
2021-05-26,Napa,55,140530,9912,9932,32,9964,82
2021-05-26,Nevada,57,99092,4820,4803,195,4998,70
2021-05-26,Orange,59,3164182,254743,254368,11685,266053,5058
2021-05-26,Placer,61,380077,23207,22940,1556,24496,293
2021-05-26,Plumas,63,18699,702,685,12,697,4
2021-05-26,Riverside,65,2383286,291398,288782,14700,303482,4443
2021-05-26,Sacramento,67,1510023,106115,105919,1822,107741,1637
2021-05-26,San Benito,69,59416,6060,6074,118,6192,63
2021-05-26,San Bernardino,71,2135413,292622,292662,9030,301692,4755
2021-05-26,San Diego,73,3302833,280460,279859,0,279859,3755
2021-05-26,San Francisco,75,870044,36684,36954,1383,38337,546
2021-05-26,San Joaquin,77,732212,72994,72681,3722,76403,1388
2021-05-26,San Luis Obispo,79,281455,21218,21163,779,21942,256
2021-05-26,San Mateo,81,765935,42373,42331,486,42817,436
2021-05-26,Santa Barbara,83,443738,34468,34348,1238,35586,459
2021-05-26,Santa Clara,85,1922200,118175,119421,791,120212,2031
2021-05-26,Santa Cruz,87,273765,16169,16139,873,17012,207
2021-05-26,Shasta,89,179085,12309,12357,1630,13987,202
2021-05-26,Sierra,91,2930,55,54,14,68,0
2021-05-26,Siskiyou,93,43540,1911,1847,383,2230,18
2021-05-26,Solano,95,438530,32815,32831,560,33391,257
2021-05-26,Sonoma,97,501317,30101,30230,339,30569,321
2021-05-26,Stanislaus,99,539301,56210,56193,6164,62357,974
2021-05-26,Sutter,101,95872,9502,9495,92,9587,112
2021-05-26,Tehama,103,63373,5060,5054,606,5660,63
2021-05-26,Trinity,105,12862,368,328,67,395,3
2021-05-26,Tulare,107,460477,49623,49352,9516,58868,839
2021-05-26,Tuolumne,109,53932,4078,4088,35,4123,66
2021-05-26,Ventura,111,848112,81066,80944,3094,84038,1023
2021-05-26,Yolo,113,214977,14044,14025,338,14363,213
2021-05-26,Yuba,115,75493,6055,6036,125,6161,49
2021-05-25,Alameda,1,1643700,88142,88237,2047,90284,1263
2021-05-25,Alpine,3,1148,88,88,0,88,0
2021-05-25,Amador,5,37829,3677,3676,34,3710,46
2021-05-25,Butte,7,227075,12474,12295,1904,14199,189
2021-05-25,Calaveras,9,45235,2173,2148,14,2162,55
2021-05-25,Colusa,11,21464,1940,1949,315,2264,15
2021-05-25,Contra Costa,13,1133247,69549,69167,1337,70504,809
2021-05-25,Del Norte,15,27424,1392,1385,7,1392,8
2021-05-25,El Dorado,17,186661,10246,10240,764,11004,112
2021-05-25,Fresno,19,978130,102103,102329,8993,111322,1701
2021-05-25,Glenn,21,27897,2419,2414,575,2989,17
2021-05-25,Humboldt,23,135768,4270,4231,36,4267,42
2021-05-25,Imperial,25,180216,28510,28586,2916,31502,735
2021-05-25,Inyo,27,18085,1402,1402,4,1406,36
2021-05-25,Kern,29,883053,96866,96319,11338,107657,1319
2021-05-25,Kings,31,150075,22979,22944,1189,24133,245
2021-05-25,Lake,33,64148,3525,3508,9,3517,44
2021-05-25,Lassen,35,31185,5198,5164,120,5284,6
2021-05-25,Los Angeles,37,10098052,1202026,1197940,43789,1241729,24212
2021-05-25,Madera,39,155013,16547,16519,956,17475,240
2021-05-25,Marin,41,260295,14063,14053,263,14316,227
2021-05-25,Mariposa,43,17540,431,427,11,438,5
2021-05-25,Mendocino,45,87422,3991,3928,78,4006,47
2021-05-25,Merced,47,269075,31049,31132,993,32125,455
2021-05-25,Modoc,49,8938,378,367,128,495,3
2021-05-25,Mono,51,14174,1253,1274,12,1286,3
2021-05-25,Monterey,53,433212,43034,43012,1926,44938,379
2021-05-25,Napa,55,140530,9910,9926,32,9958,82
2021-05-25,Nevada,57,99092,4814,4795,195,4990,70
2021-05-25,Orange,59,3164182,254714,254321,11684,266005,5057
2021-05-25,Placer,61,380077,23196,22920,1554,24474,292
2021-05-25,Plumas,63,18699,702,684,12,696,4
2021-05-25,Riverside,65,2383286,291359,288725,14697,303422,4443
2021-05-25,Sacramento,67,1510023,106034,105828,1818,107646,1633
2021-05-25,San Benito,69,59416,6060,6073,118,6191,63
2021-05-25,San Bernardino,71,2135413,292567,292485,9029,301514,4755
2021-05-25,San Diego,73,3302833,280381,279786,0,279786,3753
2021-05-25,San Francisco,75,870044,36661,36939,1383,38322,546
2021-05-25,San Joaquin,77,732212,72954,72628,3718,76346,1387
2021-05-25,San Luis Obispo,79,281455,21215,21153,779,21932,256
2021-05-25,San Mateo,81,765935,42363,42268,486,42754,435
2021-05-25,Santa Barbara,83,443738,34465,34337,1238,35575,459
2021-05-25,Santa Clara,85,1922200,118150,119393,790,120183,2032
2021-05-25,Santa Cruz,87,273765,16164,16141,873,17014,207
2021-05-25,Shasta,89,179085,12299,12328,1627,13955,202
2021-05-25,Sierra,91,2930,54,54,14,68,0
2021-05-25,Siskiyou,93,43540,1910,1845,382,2227,18
2021-05-25,Solano,95,438530,32797,32817,559,33376,256
2021-05-25,Sonoma,97,501317,30072,30207,338,30545,321
2021-05-25,Stanislaus,99,539301,56173,56168,6162,62330,974
2021-05-25,Sutter,101,95872,9498,9495,92,9587,112
2021-05-25,Tehama,103,63373,5058,5048,605,5653,63
2021-05-25,Trinity,105,12862,368,328,66,394,3
2021-05-25,Tulare,107,460477,49613,49326,9508,58834,838
2021-05-25,Tuolumne,109,53932,4078,4084,35,4119,66
2021-05-25,Ventura,111,848112,81048,80905,3094,83999,1022
2021-05-25,Yolo,113,214977,14037,14018,336,14354,213
2021-05-25,Yuba,115,75493,6048,6028,125,6153,49
2021-05-24,Alameda,1,1643700,88080,88182,2046,90228,1263
2021-05-24,Alpine,3,1148,88,88,0,88,0
2021-05-24,Amador,5,37829,3675,3675,34,3709,46
2021-05-24,Butte,7,227075,12461,12279,1901,14180,189
2021-05-24,Calaveras,9,45235,2172,2146,14,2160,54
2021-05-24,Colusa,11,21464,1940,1949,315,2264,15
2021-05-24,Contra Costa,13,1133247,69510,69107,1333,70440,809
2021-05-24,Del Norte,15,27424,1391,1384,7,1391,8
2021-05-24,El Dorado,17,186661,10236,10227,763,10990,112
2021-05-24,Fresno,19,978130,102063,102289,8991,111280,1698
2021-05-24,Glenn,21,27897,2419,2413,575,2988,17
2021-05-24,Humboldt,23,135768,4263,4225,36,4261,42
2021-05-24,Imperial,25,180216,28508,28575,2916,31491,735
2021-05-24,Inyo,27,18085,1402,1402,4,1406,36
2021-05-24,Kern,29,883053,96839,96296,11333,107629,1319
2021-05-24,Kings,31,150075,22975,22940,1189,24129,246
2021-05-24,Lake,33,64148,3523,3506,9,3515,43
2021-05-24,Lassen,35,31185,5194,5163,120,5283,6
2021-05-24,Los Angeles,37,10098052,1201854,1197782,43774,1241556,24201
2021-05-24,Madera,39,155013,16544,16513,955,17468,239
2021-05-24,Marin,41,260295,14061,14051,263,14314,227
2021-05-24,Mariposa,43,17540,430,427,11,438,5
2021-05-24,Mendocino,45,87422,3989,3919,78,3997,47
2021-05-24,Merced,47,269075,31039,31128,992,32120,455
2021-05-24,Modoc,49,8938,378,366,127,493,3
2021-05-24,Mono,51,14174,1253,1270,12,1282,3
2021-05-24,Monterey,53,433212,43029,43005,1925,44930,379
2021-05-24,Napa,55,140530,9910,9924,32,9956,82
2021-05-24,Nevada,57,99092,4811,4790,195,4985,70
2021-05-24,Orange,59,3164182,254680,254287,11674,265961,5056
2021-05-24,Placer,61,380077,23176,22895,1553,24448,292
2021-05-24,Plumas,63,18699,701,683,12,695,4
2021-05-24,Riverside,65,2383286,291306,288669,14686,303355,4442
2021-05-24,Sacramento,67,1510023,105919,105716,1817,107533,1632
2021-05-24,San Benito,69,59416,6060,6072,118,6190,63
2021-05-24,San Bernardino,71,2135413,292529,292343,9028,301371,4747
2021-05-24,San Diego,73,3302833,280272,279715,0,279715,3749
2021-05-24,San Francisco,75,870044,36642,36934,1382,38316,547
2021-05-24,San Joaquin,77,732212,72922,72586,3717,76303,1371
2021-05-24,San Luis Obispo,79,281455,21197,21146,778,21924,256
2021-05-24,San Mateo,81,765935,42353,42249,486,42735,433
2021-05-24,Santa Barbara,83,443738,34460,34322,1238,35560,459
2021-05-24,Santa Clara,85,1922200,118118,119358,790,120148,2030
2021-05-24,Santa Cruz,87,273765,16159,16135,873,17008,207
2021-05-24,Shasta,89,179085,12283,12315,1624,13939,201
2021-05-24,Sierra,91,2930,54,54,14,68,0
2021-05-24,Siskiyou,93,43540,1907,1840,382,2222,17
2021-05-24,Solano,95,438530,32773,32792,558,33350,254
2021-05-24,Sonoma,97,501317,30057,30187,338,30525,321
2021-05-24,Stanislaus,99,539301,56139,56128,6158,62286,974
2021-05-24,Sutter,101,95872,9492,9486,92,9578,113
2021-05-24,Tehama,103,63373,5055,5043,603,5646,63
2021-05-24,Trinity,105,12862,368,328,66,394,3
2021-05-24,Tulare,107,460477,49606,49318,9504,58822,838
2021-05-24,Tuolumne,109,53932,4078,4083,35,4118,65
2021-05-24,Ventura,111,848112,81035,80876,3092,83968,1022
2021-05-24,Yolo,113,214977,14020,14012,333,14345,213
2021-05-24,Yuba,115,75493,6039,6022,125,6147,49
2021-05-23,Alameda,1,1643700,88009,88157,2043,90200,1263
2021-05-23,Alpine,3,1148,88,88,0,88,0
2021-05-23,Amador,5,37829,3674,3673,34,3707,46
2021-05-23,Butte,7,227075,12447,12271,1900,14171,189
2021-05-23,Calaveras,9,45235,2162,2144,14,2158,54
2021-05-23,Colusa,11,21464,1940,1949,313,2262,15
2021-05-23,Contra Costa,13,1133247,69464,69075,1331,70406,809
2021-05-23,Del Norte,15,27424,1387,1383,7,1390,8
2021-05-23,El Dorado,17,186661,10230,10222,763,10985,112
2021-05-23,Fresno,19,978130,102019,102270,8986,111256,1698
2021-05-23,Glenn,21,27897,2417,2413,575,2988,17
2021-05-23,Humboldt,23,135768,4245,4216,36,4252,42
2021-05-23,Imperial,25,180216,28502,28569,2915,31484,735
2021-05-23,Inyo,27,18085,1402,1402,4,1406,36
2021-05-23,Kern,29,883053,96817,96282,11324,107606,1319
2021-05-23,Kings,31,150075,22962,22939,1187,24126,246
2021-05-23,Lake,33,64148,3520,3504,9,3513,43
2021-05-23,Lassen,35,31185,5190,5163,119,5282,6
2021-05-23,Los Angeles,37,10098052,1201672,1197633,43760,1241393,24197
2021-05-23,Madera,39,155013,16539,16504,954,17458,239
2021-05-23,Marin,41,260295,14052,14048,263,14311,227
2021-05-23,Mariposa,43,17540,430,427,11,438,5
2021-05-23,Mendocino,45,87422,3983,3913,77,3990,47
2021-05-23,Merced,47,269075,31029,31118,992,32110,455
2021-05-23,Modoc,49,8938,374,366,127,493,3
2021-05-23,Mono,51,14174,1252,1270,12,1282,3
2021-05-23,Monterey,53,433212,43019,43003,1925,44928,379
2021-05-23,Napa,55,140530,9906,9923,32,9955,82
2021-05-23,Nevada,57,99092,4801,4790,195,4985,70
2021-05-23,Orange,59,3164182,254642,254277,11667,265944,5050
2021-05-23,Placer,61,380077,23157,22888,1553,24441,292
2021-05-23,Plumas,63,18699,700,683,12,695,4
2021-05-23,Riverside,65,2383286,291239,288641,14682,303323,4442
2021-05-23,Sacramento,67,1510023,105801,105663,1815,107478,1632
2021-05-23,San Benito,69,59416,6059,6072,118,6190,63
2021-05-23,San Bernardino,71,2135413,292479,292327,9026,301353,4747
2021-05-23,San Diego,73,3302833,280182,279690,0,279690,3751
2021-05-23,San Francisco,75,870044,36631,36927,1381,38308,547
2021-05-23,San Joaquin,77,732212,72873,72571,3715,76286,1371
2021-05-23,San Luis Obispo,79,281455,21187,21141,777,21918,256
2021-05-23,San Mateo,81,765935,42336,42248,486,42734,433
2021-05-23,Santa Barbara,83,443738,34453,34319,1238,35557,459
2021-05-23,Santa Clara,85,1922200,118094,119333,790,120123,2030
2021-05-23,Santa Cruz,87,273765,16156,16130,873,17003,207
2021-05-23,Shasta,89,179085,12266,12313,1621,13934,201
2021-05-23,Sierra,91,2930,54,54,14,68,0
2021-05-23,Siskiyou,93,43540,1902,1826,375,2201,17
2021-05-23,Solano,95,438530,32755,32780,557,33337,254
2021-05-23,Sonoma,97,501317,30028,30168,337,30505,321
2021-05-23,Stanislaus,99,539301,56088,56104,6155,62259,974
2021-05-23,Sutter,101,95872,9483,9479,92,9571,113
2021-05-23,Tehama,103,63373,5048,5041,601,5642,63
2021-05-23,Trinity,105,12862,368,328,66,394,3
2021-05-23,Tulare,107,460477,49592,49310,9500,58810,838
2021-05-23,Tuolumne,109,53932,4075,4081,35,4116,65
2021-05-23,Ventura,111,848112,81005,80872,3091,83963,1022
2021-05-23,Yolo,113,214977,14008,14004,330,14334,213
2021-05-23,Yuba,115,75493,6034,6017,125,6142,49
2021-05-22,Alameda,1,1643700,87984,88101,2042,90143,1263
2021-05-22,Alpine,3,1148,88,88,0,88,0
2021-05-22,Amador,5,37829,3673,3672,34,3706,46
2021-05-22,Butte,7,227075,12435,12265,1899,14164,189
2021-05-22,Calaveras,9,45235,2160,2141,14,2155,54
2021-05-22,Colusa,11,21464,1936,1949,312,2261,15
2021-05-22,Contra Costa,13,1133247,69431,69004,1330,70334,809
2021-05-22,Del Norte,15,27424,1386,1381,7,1388,8
2021-05-22,El Dorado,17,186661,10225,10215,763,10978,112
2021-05-22,Fresno,19,978130,102005,102238,8984,111222,1698
2021-05-22,Glenn,21,27897,2417,2412,575,2987,17
2021-05-22,Humboldt,23,135768,4236,4194,35,4229,42
2021-05-22,Imperial,25,180216,28493,28574,2915,31489,735
2021-05-22,Inyo,27,18085,1402,1402,4,1406,36
2021-05-22,Kern,29,883053,96805,96260,11317,107577,1319
2021-05-22,Kings,31,150075,22962,22936,1187,24123,246
2021-05-22,Lake,33,64148,3517,3502,9,3511,43
2021-05-22,Lassen,35,31185,5190,5163,119,5282,6
2021-05-22,Los Angeles,37,10098052,1201567,1197454,43751,1241205,24192
2021-05-22,Madera,39,155013,16536,16503,954,17457,239
2021-05-22,Marin,41,260295,14049,14043,263,14306,227
2021-05-22,Mariposa,43,17540,430,427,11,438,5
2021-05-22,Mendocino,45,87422,3977,3908,77,3985,47
2021-05-22,Merced,47,269075,31019,31099,992,32091,455
2021-05-22,Modoc,49,8938,374,366,127,493,3
2021-05-22,Mono,51,14174,1250,1270,12,1282,3
2021-05-22,Monterey,53,433212,43013,42998,1925,44923,379
2021-05-22,Napa,55,140530,9904,9918,32,9950,82
2021-05-22,Nevada,57,99092,4794,4787,194,4981,70
2021-05-22,Orange,59,3164182,254621,254238,11661,265899,5048
2021-05-22,Placer,61,380077,23143,22865,1552,24417,292
2021-05-22,Plumas,63,18699,699,683,12,695,4
2021-05-22,Riverside,65,2383286,291209,288580,14681,303261,4442
2021-05-22,Sacramento,67,1510023,105727,105551,1812,107363,1632
2021-05-22,San Benito,69,59416,6059,6071,118,6189,63
2021-05-22,San Bernardino,71,2135413,292453,292292,9026,301318,4747
2021-05-22,San Diego,73,3302833,280123,279614,0,279614,3751
2021-05-22,San Francisco,75,870044,36621,36906,1379,38285,547
2021-05-22,San Joaquin,77,732212,72851,72528,3712,76240,1371
2021-05-22,San Luis Obispo,79,281455,21179,21134,776,21910,256
2021-05-22,San Mateo,81,765935,42326,42218,486,42704,433
2021-05-22,Santa Barbara,83,443738,34449,34313,1237,35550,459
2021-05-22,Santa Clara,85,1922200,118071,119292,790,120082,2030
2021-05-22,Santa Cruz,87,273765,16156,16125,873,16998,207
2021-05-22,Shasta,89,179085,12260,12307,1618,13925,201
2021-05-22,Sierra,91,2930,54,54,14,68,0
2021-05-22,Siskiyou,93,43540,1901,1824,374,2198,17
2021-05-22,Solano,95,438530,32742,32753,557,33310,254
2021-05-22,Sonoma,97,501317,30015,30154,337,30491,321
2021-05-22,Stanislaus,99,539301,56063,56069,6153,62222,974
2021-05-22,Sutter,101,95872,9478,9476,92,9568,113
2021-05-22,Tehama,103,63373,5047,5036,601,5637,63
2021-05-22,Trinity,105,12862,368,328,66,394,3
2021-05-22,Tulare,107,460477,49586,49299,9495,58794,838
2021-05-22,Tuolumne,109,53932,4075,4078,35,4113,65
2021-05-22,Ventura,111,848112,81001,80859,3091,83950,1022
2021-05-22,Yolo,113,214977,14006,13997,330,14327,213
2021-05-22,Yuba,115,75493,6031,6010,125,6135,49
2021-05-21,Alameda,1,1643700,87957,88041,2041,90082,1263
2021-05-21,Alpine,3,1148,88,88,0,88,0
2021-05-21,Amador,5,37829,3670,3672,34,3706,46
2021-05-21,Butte,7,227075,12428,12236,1897,14133,188
2021-05-21,Calaveras,9,45235,2158,2138,14,2152,54
2021-05-21,Colusa,11,21464,1936,1947,312,2259,15
2021-05-21,Contra Costa,13,1133247,69388,68965,1329,70294,810
2021-05-21,Del Norte,15,27424,1385,1376,7,1383,8
2021-05-21,El Dorado,17,186661,10221,10204,763,10967,112
2021-05-21,Fresno,19,978130,101977,102189,8982,111171,1698
2021-05-21,Glenn,21,27897,2417,2408,575,2983,17
2021-05-21,Humboldt,23,135768,4229,4175,35,4210,42
2021-05-21,Imperial,25,180216,28486,28572,2914,31486,732
2021-05-21,Inyo,27,18085,1402,1402,4,1406,36
2021-05-21,Kern,29,883053,96791,96233,11310,107543,1318
2021-05-21,Kings,31,150075,22962,22927,1187,24114,246
2021-05-21,Lake,33,64148,3515,3500,9,3509,43
2021-05-21,Lassen,35,31185,5189,5161,119,5280,6
2021-05-21,Los Angeles,37,10098052,1201457,1197263,43742,1241005,24180
2021-05-21,Madera,39,155013,16535,16500,953,17453,238
2021-05-21,Marin,41,260295,14044,14042,263,14305,227
2021-05-21,Mariposa,43,17540,429,427,11,438,5
2021-05-21,Mendocino,45,87422,3971,3897,77,3974,47
2021-05-21,Merced,47,269075,31011,31076,992,32068,455
2021-05-21,Modoc,49,8938,374,365,127,492,3
2021-05-21,Mono,51,14174,1250,1269,12,1281,3
2021-05-21,Monterey,53,433212,43011,42995,1925,44920,379
2021-05-21,Napa,55,140530,9900,9913,32,9945,82
2021-05-21,Nevada,57,99092,4793,4779,194,4973,70
2021-05-21,Orange,59,3164182,254602,254171,11658,265829,5042
2021-05-21,Placer,61,380077,23135,22853,1552,24405,292
2021-05-21,Plumas,63,18699,699,683,11,694,4
2021-05-21,Riverside,65,2383286,291182,288499,14674,303173,4442
2021-05-21,Sacramento,67,1510023,105660,105476,1809,107285,1632
2021-05-21,San Benito,69,59416,6059,6068,118,6186,63
2021-05-21,San Bernardino,71,2135413,292422,292205,9023,301228,4744
2021-05-21,San Diego,73,3302833,280052,279554,0,279554,3748
2021-05-21,San Francisco,75,870044,36615,36879,1379,38258,546
2021-05-21,San Joaquin,77,732212,72832,72467,3710,76177,1371
2021-05-21,San Luis Obispo,79,281455,21173,21128,773,21901,256
2021-05-21,San Mateo,81,765935,42313,42163,485,42648,432
2021-05-21,Santa Barbara,83,443738,34444,34302,1237,35539,459
2021-05-21,Santa Clara,85,1922200,118044,119247,790,120037,2029
2021-05-21,Santa Cruz,87,273765,16152,16120,873,16993,207
2021-05-21,Shasta,89,179085,12243,12289,1616,13905,201
2021-05-21,Sierra,91,2930,54,54,14,68,0
2021-05-21,Siskiyou,93,43540,1900,1815,374,2189,16
2021-05-21,Solano,95,438530,32727,32742,557,33299,254
2021-05-21,Sonoma,97,501317,30002,30126,337,30463,321
2021-05-21,Stanislaus,99,539301,56032,56036,6151,62187,975
2021-05-21,Sutter,101,95872,9476,9470,92,9562,113
2021-05-21,Tehama,103,63373,5041,5030,601,5631,63
2021-05-21,Trinity,105,12862,368,329,65,394,3
2021-05-21,Tulare,107,460477,49581,49271,9493,58764,838
2021-05-21,Tuolumne,109,53932,4073,4079,35,4114,65
2021-05-21,Ventura,111,848112,80993,80821,3088,83909,1021
2021-05-21,Yolo,113,214977,13999,13983,330,14313,213
2021-05-21,Yuba,115,75493,6025,6006,125,6131,49
2021-05-20,Alameda,1,1643700,87910,87975,2040,90015,1264
2021-05-20,Alpine,3,1148,88,88,0,88,0
2021-05-20,Amador,5,37829,3669,3671,34,3705,46
2021-05-20,Butte,7,227075,12421,12220,1894,14114,188
2021-05-20,Calaveras,9,45235,2154,2138,14,2152,54
2021-05-20,Colusa,11,21464,1935,1946,310,2256,15
2021-05-20,Contra Costa,13,1133247,69343,68913,1327,70240,809
2021-05-20,Del Norte,15,27424,1385,1373,7,1380,8
2021-05-20,El Dorado,17,186661,10212,10188,763,10951,112
2021-05-20,Fresno,19,978130,101956,102135,8980,111115,1696
2021-05-20,Glenn,21,27897,2414,2406,575,2981,17
2021-05-20,Humboldt,23,135768,4212,4162,35,4197,42
2021-05-20,Imperial,25,180216,28481,28551,2914,31465,732
2021-05-20,Inyo,27,18085,1402,1402,4,1406,36
2021-05-20,Kern,29,883053,96770,96204,11303,107507,1317
2021-05-20,Kings,31,150075,22960,22922,1187,24109,246
2021-05-20,Lake,33,64148,3512,3500,9,3509,43
2021-05-20,Lassen,35,31185,5187,5160,118,5278,6
2021-05-20,Los Angeles,37,10098052,1201303,1197073,43731,1240804,24168
2021-05-20,Madera,39,155013,16529,16499,951,17450,238
2021-05-20,Marin,41,260295,14040,14036,262,14298,227
2021-05-20,Mariposa,43,17540,429,426,11,437,5
2021-05-20,Mendocino,45,87422,3964,3897,77,3974,47
2021-05-20,Merced,47,269075,30998,31046,991,32037,454
2021-05-20,Modoc,49,8938,374,365,127,492,3
2021-05-20,Mono,51,14174,1249,1269,12,1281,3
2021-05-20,Monterey,53,433212,43005,42984,1924,44908,379
2021-05-20,Napa,55,140530,9897,9913,32,9945,82
2021-05-20,Nevada,57,99092,4792,4775,194,4969,70
2021-05-20,Orange,59,3164182,254558,254127,11655,265782,5038
2021-05-20,Placer,61,380077,23123,22823,1550,24373,292
2021-05-20,Plumas,63,18699,697,682,11,693,4
2021-05-20,Riverside,65,2383286,291137,288453,14669,303122,4442
2021-05-20,Sacramento,67,1510023,105565,105414,1805,107219,1629
2021-05-20,San Benito,69,59416,6058,6067,118,6185,63
2021-05-20,San Bernardino,71,2135413,292376,292153,9022,301175,4728
2021-05-20,San Diego,73,3302833,279964,279490,0,279490,3749
2021-05-20,San Francisco,75,870044,36606,36860,1379,38239,546
2021-05-20,San Joaquin,77,732212,72794,72388,3709,76097,1371
2021-05-20,San Luis Obispo,79,281455,21161,21095,771,21866,256
2021-05-20,San Mateo,81,765935,42299,42152,483,42635,432
2021-05-20,Santa Barbara,83,443738,34440,34293,1237,35530,459
2021-05-20,Santa Clara,85,1922200,118023,119222,790,120012,2029
2021-05-20,Santa Cruz,87,273765,16147,16119,873,16992,207
2021-05-20,Shasta,89,179085,12231,12266,1612,13878,200
2021-05-20,Sierra,91,2930,54,54,14,68,0
2021-05-20,Siskiyou,93,43540,1893,1811,373,2184,16
2021-05-20,Solano,95,438530,32712,32725,557,33282,253
2021-05-20,Sonoma,97,501317,29985,30107,336,30443,321
2021-05-20,Stanislaus,99,539301,56001,55979,6149,62128,970
2021-05-20,Sutter,101,95872,9472,9467,92,9559,113
2021-05-20,Tehama,103,63373,5039,5029,601,5630,63
2021-05-20,Trinity,105,12862,368,329,64,393,3
2021-05-20,Tulare,107,460477,49570,49217,9490,58707,837
2021-05-20,Tuolumne,109,53932,4072,4077,35,4112,65
2021-05-20,Ventura,111,848112,80982,80800,3088,83888,1019
2021-05-20,Yolo,113,214977,13994,13973,330,14303,211
2021-05-20,Yuba,115,75493,6016,6002,125,6127,49
2021-05-19,Alameda,1,1643700,87869,87889,2038,89927,1260
2021-05-19,Alpine,3,1148,88,88,0,88,0
2021-05-19,Amador,5,37829,3669,3669,34,3703,46
2021-05-19,Butte,7,227075,12411,12198,1894,14092,188
2021-05-19,Calaveras,9,45235,2150,2132,14,2146,54
2021-05-19,Colusa,11,21464,1935,1945,308,2253,15
2021-05-19,Contra Costa,13,1133247,69296,68836,1327,70163,808
2021-05-19,Del Norte,15,27424,1383,1371,7,1378,8
2021-05-19,El Dorado,17,186661,10207,10179,762,10941,112
2021-05-19,Fresno,19,978130,101927,102085,8976,111061,1693
2021-05-19,Glenn,21,27897,2414,2404,575,2979,17
2021-05-19,Humboldt,23,135768,4202,4143,35,4178,42
2021-05-19,Imperial,25,180216,28472,28550,2914,31464,732
2021-05-19,Inyo,27,18085,1402,1402,4,1406,36
2021-05-19,Kern,29,883053,96743,96173,11295,107468,1316
2021-05-19,Kings,31,150075,22954,22919,1187,24106,246
2021-05-19,Lake,33,64148,3512,3497,9,3506,43
2021-05-19,Lassen,35,31185,5186,5157,118,5275,6
2021-05-19,Los Angeles,37,10098052,1201111,1196856,43716,1240572,24143
2021-05-19,Madera,39,155013,16526,16496,951,17447,238
2021-05-19,Marin,41,260295,14036,14033,260,14293,227
2021-05-19,Mariposa,43,17540,429,425,11,436,5
2021-05-19,Mendocino,45,87422,3960,3886,77,3963,47
2021-05-19,Merced,47,269075,30982,31044,991,32035,452
2021-05-19,Modoc,49,8938,374,364,125,489,3
2021-05-19,Mono,51,14174,1249,1266,12,1278,3
2021-05-19,Monterey,53,433212,43000,42973,1923,44896,379
2021-05-19,Napa,55,140530,9894,9906,32,9938,82
2021-05-19,Nevada,57,99092,4790,4769,194,4963,70
2021-05-19,Orange,59,3164182,254522,254087,11645,265732,5035
2021-05-19,Placer,61,380077,23105,22784,1544,24328,291
2021-05-19,Plumas,63,18699,697,682,11,693,4
2021-05-19,Riverside,65,2383286,291092,288398,14667,303065,4442
2021-05-19,Sacramento,67,1510023,105488,105225,1804,107029,1629
2021-05-19,San Benito,69,59416,6057,6064,118,6182,63
2021-05-19,San Bernardino,71,2135413,292330,292078,9019,301097,4725
2021-05-19,San Diego,73,3302833,279880,279345,0,279345,3746
2021-05-19,San Francisco,75,870044,36593,36835,1378,38213,546
2021-05-19,San Joaquin,77,732212,72751,72338,3704,76042,1369
2021-05-19,San Luis Obispo,79,281455,21153,21085,770,21855,256
2021-05-19,San Mateo,81,765935,42292,42126,483,42609,429
2021-05-19,Santa Barbara,83,443738,34432,34292,1237,35529,459
2021-05-19,Santa Clara,85,1922200,117984,119176,789,119965,2015
2021-05-19,Santa Cruz,87,273765,16143,16121,872,16993,207
2021-05-19,Shasta,89,179085,12213,12233,1608,13841,200
2021-05-19,Sierra,91,2930,54,54,14,68,0
2021-05-19,Siskiyou,93,43540,1890,1803,372,2175,16
2021-05-19,Solano,95,438530,32685,32678,555,33233,253
2021-05-19,Sonoma,97,501317,29970,30080,336,30416,321
2021-05-19,Stanislaus,99,539301,55979,55912,6144,62056,967
2021-05-19,Sutter,101,95872,9465,9459,91,9550,113
2021-05-19,Tehama,103,63373,5031,5026,598,5624,63
2021-05-19,Trinity,105,12862,368,329,64,393,3
2021-05-19,Tulare,107,460477,49558,49163,9485,58648,837
2021-05-19,Tuolumne,109,53932,4072,4074,35,4109,64
2021-05-19,Ventura,111,848112,80966,80747,3087,83834,1019
2021-05-19,Yolo,113,214977,13988,13961,329,14290,211
2021-05-19,Yuba,115,75493,6012,5993,125,6118,49
2021-05-18,Alameda,1,1643700,87796,87816,2038,89854,1254
2021-05-18,Alpine,3,1148,88,88,0,88,0
2021-05-18,Amador,5,37829,3669,3669,34,3703,46
2021-05-18,Butte,7,227075,12399,12164,1891,14055,191
2021-05-18,Calaveras,9,45235,2146,2131,14,2145,54
2021-05-18,Colusa,11,21464,1935,1943,308,2251,14
2021-05-18,Contra Costa,13,1133247,69239,68750,1326,70076,808
2021-05-18,Del Norte,15,27424,1380,1371,7,1378,8
2021-05-18,El Dorado,17,186661,10196,10169,761,10930,112
2021-05-18,Fresno,19,978130,101891,102056,8973,111029,1690
2021-05-18,Glenn,21,27897,2408,2403,574,2977,17
2021-05-18,Humboldt,23,135768,4183,4132,35,4167,42
2021-05-18,Imperial,25,180216,28466,28538,2912,31450,730
2021-05-18,Inyo,27,18085,1402,1401,4,1405,36
2021-05-18,Kern,29,883053,96709,96128,11281,107409,1315
2021-05-18,Kings,31,150075,22948,22916,1187,24103,247
2021-05-18,Lake,33,64148,3510,3495,9,3504,43
2021-05-18,Lassen,35,31185,5185,5157,117,5274,6
2021-05-18,Los Angeles,37,10098052,1200934,1196668,43703,1240371,24133
2021-05-18,Madera,39,155013,16516,16491,951,17442,238
2021-05-18,Marin,41,260295,14033,14026,260,14286,227
2021-05-18,Mariposa,43,17540,429,424,11,435,5
2021-05-18,Mendocino,45,87422,3949,3877,76,3953,47
2021-05-18,Merced,47,269075,30964,31036,991,32027,452
2021-05-18,Modoc,49,8938,373,364,125,489,3
2021-05-18,Mono,51,14174,1248,1265,12,1277,3
2021-05-18,Monterey,53,433212,42994,43001,1923,44924,379
2021-05-18,Napa,55,140530,9894,9905,32,9937,82
2021-05-18,Nevada,57,99092,4783,4762,194,4956,70
2021-05-18,Orange,59,3164182,254482,254041,11635,265676,5031
2021-05-18,Placer,61,380077,23073,22726,1540,24266,291
2021-05-18,Plumas,63,18699,697,682,11,693,4
2021-05-18,Riverside,65,2383286,291040,288354,14660,303014,4438
2021-05-18,Sacramento,67,1510023,105389,105083,1802,106885,1629
2021-05-18,San Benito,69,59416,6056,6065,118,6183,63
2021-05-18,San Bernardino,71,2135413,292279,292014,9014,301028,4722
2021-05-18,San Diego,73,3302833,279772,279254,0,279254,3742
2021-05-18,San Francisco,75,870044,36573,36818,1378,38196,546
2021-05-18,San Joaquin,77,732212,72705,72282,3700,75982,1368
2021-05-18,San Luis Obispo,79,281455,21143,21080,768,21848,256
2021-05-18,San Mateo,81,765935,42280,42099,482,42581,428
2021-05-18,Santa Barbara,83,443738,34423,34278,1237,35515,459
2021-05-18,Santa Clara,85,1922200,117957,119171,789,119960,2014
2021-05-18,Santa Cruz,87,273765,16135,16137,872,17009,207
2021-05-18,Shasta,89,179085,12195,12197,1602,13799,200
2021-05-18,Sierra,91,2930,54,54,14,68,0
2021-05-18,Siskiyou,93,43540,1889,1799,372,2171,16
2021-05-18,Solano,95,438530,32660,32644,555,33199,253
2021-05-18,Sonoma,97,501317,29950,30054,335,30389,321
2021-05-18,Stanislaus,99,539301,55941,55860,6144,62004,959
2021-05-18,Sutter,101,95872,9457,9453,91,9544,113
2021-05-18,Tehama,103,63373,5027,5020,595,5615,63
2021-05-18,Trinity,105,12862,368,329,63,392,3
2021-05-18,Tulare,107,460477,49550,49142,9480,58622,836
2021-05-18,Tuolumne,109,53932,4070,4073,35,4108,64
2021-05-18,Ventura,111,848112,80951,80726,3084,83810,1017
2021-05-18,Yolo,113,214977,13981,13951,328,14279,211
2021-05-18,Yuba,115,75493,6008,5989,124,6113,49
2021-05-17,Alameda,1,1643700,87744,87766,2035,89801,1253
2021-05-17,Alpine,3,1148,88,88,0,88,0
2021-05-17,Amador,5,37829,3666,3668,34,3702,46
2021-05-17,Butte,7,227075,12391,12144,1891,14035,192
2021-05-17,Calaveras,9,45235,2146,2131,14,2145,53
2021-05-17,Colusa,11,21464,1935,1943,308,2251,14
2021-05-17,Contra Costa,13,1133247,69184,68720,1325,70045,805
2021-05-17,Del Norte,15,27424,1375,1369,7,1376,8
2021-05-17,El Dorado,17,186661,10179,10163,761,10924,112
2021-05-17,Fresno,19,978130,101848,102013,8966,110979,1690
2021-05-17,Glenn,21,27897,2408,2401,574,2975,17
2021-05-17,Humboldt,23,135768,4172,4112,35,4147,42
2021-05-17,Imperial,25,180216,28461,28533,2910,31443,729
2021-05-17,Inyo,27,18085,1402,1401,4,1405,36
2021-05-17,Kern,29,883053,96680,96095,11264,107359,1315
2021-05-17,Kings,31,150075,22945,22918,1187,24105,246
2021-05-17,Lake,33,64148,3505,3489,9,3498,43
2021-05-17,Lassen,35,31185,5182,5156,116,5272,6
2021-05-17,Los Angeles,37,10098052,1200761,1196556,43697,1240253,24123
2021-05-17,Madera,39,155013,16512,16486,951,17437,238
2021-05-17,Marin,41,260295,14027,14021,260,14281,227
2021-05-17,Mariposa,43,17540,428,423,11,434,5
2021-05-17,Mendocino,45,87422,3940,3868,76,3944,46
2021-05-17,Merced,47,269075,30949,31031,991,32022,450
2021-05-17,Modoc,49,8938,372,362,125,487,3
2021-05-17,Mono,51,14174,1244,1265,12,1277,3
2021-05-17,Monterey,53,433212,42987,42995,1923,44918,379
2021-05-17,Napa,55,140530,9893,9894,32,9926,82
2021-05-17,Nevada,57,99092,4779,4761,193,4954,70
2021-05-17,Orange,59,3164182,254437,253993,11628,265621,5031
2021-05-17,Placer,61,380077,23048,22706,1533,24239,289
2021-05-17,Plumas,63,18699,697,682,11,693,4
2021-05-17,Riverside,65,2383286,290975,288304,14656,302960,4433
2021-05-17,Sacramento,67,1510023,105283,105035,1800,106835,1629
2021-05-17,San Benito,69,59416,6053,6067,118,6185,63
2021-05-17,San Bernardino,71,2135413,292232,291989,9006,300995,4724
2021-05-17,San Diego,73,3302833,279640,279146,0,279146,3742
2021-05-17,San Francisco,75,870044,36561,36816,1376,38192,546
2021-05-17,San Joaquin,77,732212,72667,72234,3697,75931,1359
2021-05-17,San Luis Obispo,79,281455,21134,21079,766,21845,256
2021-05-17,San Mateo,81,765935,42252,42083,482,42565,428
2021-05-17,Santa Barbara,83,443738,34416,34275,1237,35512,459
2021-05-17,Santa Clara,85,1922200,117920,119116,787,119903,2015
2021-05-17,Santa Cruz,87,273765,16132,16151,872,17023,206
2021-05-17,Shasta,89,179085,12173,12163,1601,13764,200
2021-05-17,Sierra,91,2930,54,54,14,68,0
2021-05-17,Siskiyou,93,43540,1880,1795,369,2164,15
2021-05-17,Solano,95,438530,32642,32627,555,33182,253
2021-05-17,Sonoma,97,501317,29929,30043,334,30377,321
2021-05-17,Stanislaus,99,539301,55890,55839,6137,61976,951
2021-05-17,Sutter,101,95872,9450,9447,91,9538,113
2021-05-17,Tehama,103,63373,5024,5016,594,5610,63
2021-05-17,Trinity,105,12862,368,328,63,391,3
2021-05-17,Tulare,107,460477,49528,49107,9473,58580,836
2021-05-17,Tuolumne,109,53932,4070,4071,35,4106,64
2021-05-17,Ventura,111,848112,80931,80699,3084,83783,1017
2021-05-17,Yolo,113,214977,13975,13941,328,14269,211
2021-05-17,Yuba,115,75493,6000,5987,124,6111,49
2021-05-16,Alameda,1,1643700,87681,87743,2035,89778,1253
2021-05-16,Alpine,3,1148,88,88,0,88,0
2021-05-16,Amador,5,37829,3665,3667,34,3701,46
2021-05-16,Butte,7,227075,12377,12140,1891,14031,192
2021-05-16,Calaveras,9,45235,2144,2129,14,2143,53
2021-05-16,Colusa,11,21464,1933,1943,308,2251,14
2021-05-16,Contra Costa,13,1133247,69116,68694,1322,70016,805
2021-05-16,Del Norte,15,27424,1372,1365,7,1372,8
2021-05-16,El Dorado,17,186661,10163,10159,760,10919,112
2021-05-16,Fresno,19,978130,101804,101987,8961,110948,1690
2021-05-16,Glenn,21,27897,2408,2401,573,2974,17
2021-05-16,Humboldt,23,135768,4158,4104,35,4139,42
2021-05-16,Imperial,25,180216,28450,28516,2909,31425,729
2021-05-16,Inyo,27,18085,1402,1401,4,1405,36
2021-05-16,Kern,29,883053,96647,96083,11243,107326,1315
2021-05-16,Kings,31,150075,22941,22918,1184,24102,246
2021-05-16,Lake,33,64148,3502,3489,9,3498,43
2021-05-16,Lassen,35,31185,5181,5156,116,5272,6
2021-05-16,Los Angeles,37,10098052,1200543,1196397,43679,1240076,24120
2021-05-16,Madera,39,155013,16508,16483,948,17431,238
2021-05-16,Marin,41,260295,14024,14015,260,14275,227
2021-05-16,Mariposa,43,17540,428,423,11,434,5
2021-05-16,Mendocino,45,87422,3930,3863,76,3939,46
2021-05-16,Merced,47,269075,30926,31023,991,32014,450
2021-05-16,Modoc,49,8938,372,362,125,487,3
2021-05-16,Mono,51,14174,1244,1265,12,1277,3
2021-05-16,Monterey,53,433212,42982,42991,1923,44914,379
2021-05-16,Napa,55,140530,9890,9891,32,9923,82
2021-05-16,Nevada,57,99092,4775,4755,193,4948,70
2021-05-16,Orange,59,3164182,254404,253962,11625,265587,5031
2021-05-16,Placer,61,380077,23016,22696,1527,24223,289
2021-05-16,Plumas,63,18699,696,682,11,693,4
2021-05-16,Riverside,65,2383286,290903,288259,14647,302906,4433
2021-05-16,Sacramento,67,1510023,105168,105013,1798,106811,1628
2021-05-16,San Benito,69,59416,6052,6067,117,6184,63
2021-05-16,San Bernardino,71,2135413,292157,291940,9004,300944,4724
2021-05-16,San Diego,73,3302833,279522,279099,0,279099,3742
2021-05-16,San Francisco,75,870044,36540,36808,1375,38183,546
2021-05-16,San Joaquin,77,732212,72619,72218,3692,75910,1359
2021-05-16,San Luis Obispo,79,281455,21127,21072,765,21837,256
2021-05-16,San Mateo,81,765935,42241,42063,481,42544,428
2021-05-16,Santa Barbara,83,443738,34409,34270,1237,35507,459
2021-05-16,Santa Clara,85,1922200,117891,119098,786,119884,2015
2021-05-16,Santa Cruz,87,273765,16130,16143,872,17015,206
2021-05-16,Shasta,89,179085,12157,12156,1597,13753,200
2021-05-16,Sierra,91,2930,54,54,14,68,0
2021-05-16,Siskiyou,93,43540,1876,1790,368,2158,15
2021-05-16,Solano,95,438530,32608,32619,553,33172,253
2021-05-16,Sonoma,97,501317,29910,30033,334,30367,321
2021-05-16,Stanislaus,99,539301,55835,55814,6125,61939,951
2021-05-16,Sutter,101,95872,9443,9445,91,9536,113
2021-05-16,Tehama,103,63373,5020,5013,593,5606,63
2021-05-16,Trinity,105,12862,368,328,63,391,3
2021-05-16,Tulare,107,460477,49512,49091,9469,58560,837
2021-05-16,Tuolumne,109,53932,4066,4070,35,4105,64
2021-05-16,Ventura,111,848112,80900,80689,3084,83773,1017
2021-05-16,Yolo,113,214977,13960,13938,328,14266,211
2021-05-16,Yuba,115,75493,5997,5987,124,6111,49
2021-05-15,Alameda,1,1643700,87655,87677,2034,89711,1252
2021-05-15,Alpine,3,1148,88,88,0,88,0
2021-05-15,Amador,5,37829,3665,3666,34,3700,46
2021-05-15,Butte,7,227075,12370,12095,1890,13985,192
2021-05-15,Calaveras,9,45235,2143,2126,14,2140,53
2021-05-15,Colusa,11,21464,1933,1941,306,2247,14
2021-05-15,Contra Costa,13,1133247,69070,68658,1322,69980,805
2021-05-15,Del Norte,15,27424,1367,1359,7,1366,8
2021-05-15,El Dorado,17,186661,10151,10156,759,10915,112
2021-05-15,Fresno,19,978130,101768,101957,8958,110915,1690
2021-05-15,Glenn,21,27897,2408,2400,573,2973,17
2021-05-15,Humboldt,23,135768,4148,4080,35,4115,42
2021-05-15,Imperial,25,180216,28447,28504,2908,31412,729
2021-05-15,Inyo,27,18085,1402,1402,4,1406,36
2021-05-15,Kern,29,883053,96634,96061,11227,107288,1315
2021-05-15,Kings,31,150075,22940,22913,1184,24097,246
2021-05-15,Lake,33,64148,3501,3485,9,3494,43
2021-05-15,Lassen,35,31185,5177,5156,115,5271,6
2021-05-15,Los Angeles,37,10098052,1200422,1196255,43665,1239920,24115
2021-05-15,Madera,39,155013,16505,16482,948,17430,238
2021-05-15,Marin,41,260295,14020,14012,260,14272,227
2021-05-15,Mariposa,43,17540,428,423,11,434,5
2021-05-15,Mendocino,45,87422,3927,3861,76,3937,46
2021-05-15,Merced,47,269075,30905,31012,991,32003,450
2021-05-15,Modoc,49,8938,372,362,125,487,3
2021-05-15,Mono,51,14174,1244,1265,12,1277,3
2021-05-15,Monterey,53,433212,42978,42982,1923,44905,379
2021-05-15,Napa,55,140530,9887,9887,32,9919,82
2021-05-15,Nevada,57,99092,4774,4755,193,4948,70
2021-05-15,Orange,59,3164182,254377,253919,11618,265537,5030
2021-05-15,Placer,61,380077,22995,22688,1527,24215,289
2021-05-15,Plumas,63,18699,696,681,11,692,4
2021-05-15,Riverside,65,2383286,290861,288203,14642,302845,4433
2021-05-15,Sacramento,67,1510023,105095,104929,1795,106724,1628
2021-05-15,San Benito,69,59416,6052,6066,117,6183,63
2021-05-15,San Bernardino,71,2135413,292116,291892,9002,300894,4724
2021-05-15,San Diego,73,3302833,279451,278991,0,278991,3737
2021-05-15,San Francisco,75,870044,36524,36795,1373,38168,546
2021-05-15,San Joaquin,77,732212,72593,72197,3690,75887,1359
2021-05-15,San Luis Obispo,79,281455,21124,21061,764,21825,256
2021-05-15,San Mateo,81,765935,42225,42059,481,42540,428
2021-05-15,Santa Barbara,83,443738,34402,34259,1237,35496,459
2021-05-15,Santa Clara,85,1922200,117871,119060,786,119846,2016
2021-05-15,Santa Cruz,87,273765,16126,16137,872,17009,206
2021-05-15,Shasta,89,179085,12145,12152,1594,13746,200
2021-05-15,Sierra,91,2930,54,54,14,68,0
2021-05-15,Siskiyou,93,43540,1870,1788,366,2154,15
2021-05-15,Solano,95,438530,32599,32604,552,33156,253
2021-05-15,Sonoma,97,501317,29891,30020,334,30354,321
2021-05-15,Stanislaus,99,539301,55803,55795,6118,61913,952
2021-05-15,Sutter,101,95872,9441,9436,91,9527,113
2021-05-15,Tehama,103,63373,5016,5012,591,5603,63
2021-05-15,Trinity,105,12862,368,328,63,391,3
2021-05-15,Tulare,107,460477,49503,49080,9464,58544,837
2021-05-15,Tuolumne,109,53932,4064,4064,35,4099,63
2021-05-15,Ventura,111,848112,80889,80662,3084,83746,1017
2021-05-15,Yolo,113,214977,13953,13932,327,14259,211
2021-05-15,Yuba,115,75493,5994,5979,124,6103,49
2021-05-14,Alameda,1,1643700,87621,87621,2032,89653,1249
2021-05-14,Alpine,3,1148,88,88,0,88,0
2021-05-14,Amador,5,37829,3665,3665,34,3699,46
2021-05-14,Butte,7,227075,12361,12076,1887,13963,192
2021-05-14,Calaveras,9,45235,2139,2121,14,2135,53
2021-05-14,Colusa,11,21464,1932,1940,305,2245,14
2021-05-14,Contra Costa,13,1133247,69028,68589,1320,69909,806
2021-05-14,Del Norte,15,27424,1367,1355,7,1362,8
2021-05-14,El Dorado,17,186661,10144,10143,758,10901,113
2021-05-14,Fresno,19,978130,101739,101917,8952,110869,1688
2021-05-14,Glenn,21,27897,2407,2398,573,2971,17
2021-05-14,Humboldt,23,135768,4140,4050,35,4085,37
2021-05-14,Imperial,25,180216,28440,28485,2907,31392,728
2021-05-14,Inyo,27,18085,1402,1400,4,1404,36
2021-05-14,Kern,29,883053,96604,96033,11218,107251,1311
2021-05-14,Kings,31,150075,22939,22910,1184,24094,246
2021-05-14,Lake,33,64148,3497,3483,9,3492,43
2021-05-14,Lassen,35,31185,5177,5154,115,5269,6
2021-05-14,Los Angeles,37,10098052,1200290,1196038,43660,1239698,24101
2021-05-14,Madera,39,155013,16502,16474,948,17422,238
2021-05-14,Marin,41,260295,14016,14010,260,14270,227
2021-05-14,Mariposa,43,17540,428,422,11,433,5
2021-05-14,Mendocino,45,87422,3925,3855,76,3931,46
2021-05-14,Merced,47,269075,30895,31010,991,32001,450
2021-05-14,Modoc,49,8938,372,362,125,487,3
2021-05-14,Mono,51,14174,1243,1265,12,1277,3
2021-05-14,Monterey,53,433212,42973,42973,1923,44896,380
2021-05-14,Napa,55,140530,9884,9883,32,9915,82
2021-05-14,Nevada,57,99092,4769,4745,193,4938,70
2021-05-14,Orange,59,3164182,254344,253855,11611,265466,5028
2021-05-14,Placer,61,380077,22976,22660,1521,24181,287
2021-05-14,Plumas,63,18699,695,680,11,691,4
2021-05-14,Riverside,65,2383286,290810,288140,14639,302779,4433
2021-05-14,Sacramento,67,1510023,105007,104828,1794,106622,1627
2021-05-14,San Benito,69,59416,6052,6064,117,6181,63
2021-05-14,San Bernardino,71,2135413,292068,291834,9002,300836,4721
2021-05-14,San Diego,73,3302833,279379,278853,0,278853,3732
2021-05-14,San Francisco,75,870044,36515,36771,1369,38140,545
2021-05-14,San Joaquin,77,732212,72560,72160,3683,75843,1359
2021-05-14,San Luis Obispo,79,281455,21121,21051,763,21814,256
2021-05-14,San Mateo,81,765935,42214,42041,481,42522,428
2021-05-14,Santa Barbara,83,443738,34392,34243,1237,35480,456
2021-05-14,Santa Clara,85,1922200,117842,119006,786,119792,2014
2021-05-14,Santa Cruz,87,273765,16121,16130,872,17002,207
2021-05-14,Shasta,89,179085,12139,12130,1589,13719,200
2021-05-14,Sierra,91,2930,54,54,14,68,0
2021-05-14,Siskiyou,93,43540,1863,1779,365,2144,14
2021-05-14,Solano,95,438530,32579,32585,551,33136,252
2021-05-14,Sonoma,97,501317,29873,30007,334,30341,321
2021-05-14,Stanislaus,99,539301,55767,55752,6112,61864,950
2021-05-14,Sutter,101,95872,9432,9433,89,9522,113
2021-05-14,Tehama,103,63373,5009,5005,591,5596,63
2021-05-14,Trinity,105,12862,368,328,63,391,3
2021-05-14,Tulare,107,460477,49487,49060,9458,58518,836
2021-05-14,Tuolumne,109,53932,4064,4060,35,4095,63
2021-05-14,Ventura,111,848112,80875,80628,3084,83712,1014
2021-05-14,Yolo,113,214977,13948,13922,323,14245,210
2021-05-14,Yuba,115,75493,5990,5970,124,6094,47
2021-05-13,Alameda,1,1643700,87576,87557,2031,89588,1250
2021-05-13,Alpine,3,1148,88,88,0,88,0
2021-05-13,Amador,5,37829,3665,3662,34,3696,46
2021-05-13,Butte,7,227075,12348,12051,1886,13937,196
2021-05-13,Calaveras,9,45235,2139,2120,14,2134,53
2021-05-13,Colusa,11,21464,1931,1939,301,2240,14
2021-05-13,Contra Costa,13,1133247,68980,68522,1319,69841,806
2021-05-13,Del Norte,15,27424,1365,1354,7,1361,8
2021-05-13,El Dorado,17,186661,10142,10133,758,10891,112
2021-05-13,Fresno,19,978130,101710,101862,8951,110813,1687
2021-05-13,Glenn,21,27897,2406,2395,573,2968,17
2021-05-13,Humboldt,23,135768,4122,4027,35,4062,37
2021-05-13,Imperial,25,180216,28425,28468,2905,31373,729
2021-05-13,Inyo,27,18085,1402,1400,4,1404,36
2021-05-13,Kern,29,883053,96581,95996,11199,107195,1311
2021-05-13,Kings,31,150075,22938,22904,1184,24088,246
2021-05-13,Lake,33,64148,3495,3479,9,3488,43
2021-05-13,Lassen,35,31185,5177,5152,114,5266,6
2021-05-13,Los Angeles,37,10098052,1200101,1195504,43646,1239150,24083
2021-05-13,Madera,39,155013,16495,16467,948,17415,238
2021-05-13,Marin,41,260295,14011,14004,258,14262,227
2021-05-13,Mariposa,43,17540,428,422,11,433,5
2021-05-13,Mendocino,45,87422,3921,3846,76,3922,46
2021-05-13,Merced,47,269075,30887,30989,991,31980,450
2021-05-13,Modoc,49,8938,372,362,125,487,3
2021-05-13,Mono,51,14174,1243,1265,12,1277,3
2021-05-13,Monterey,53,433212,42959,42966,1922,44888,380
2021-05-13,Napa,55,140530,9877,9877,32,9909,82
2021-05-13,Nevada,57,99092,4765,4743,192,4935,70
2021-05-13,Orange,59,3164182,254301,253778,11609,265387,5026
2021-05-13,Placer,61,380077,22951,22668,1514,24182,288
2021-05-13,Plumas,63,18699,695,680,11,691,4
2021-05-13,Riverside,65,2383286,290750,288067,14636,302703,4433
2021-05-13,Sacramento,67,1510023,104922,104711,1792,106503,1626
2021-05-13,San Benito,69,59416,6050,6062,117,6179,63
2021-05-13,San Bernardino,71,2135413,292003,291765,9002,300767,4722
2021-05-13,San Diego,73,3302833,279265,278592,0,278592,3729
2021-05-13,San Francisco,75,870044,36491,36741,1367,38108,544
2021-05-13,San Joaquin,77,732212,72518,72096,3679,75775,1357
2021-05-13,San Luis Obispo,79,281455,21106,21043,762,21805,255
2021-05-13,San Mateo,81,765935,42196,42059,481,42540,426
2021-05-13,Santa Barbara,83,443738,34380,34242,1237,35479,456
2021-05-13,Santa Clara,85,1922200,117816,118952,786,119738,2013
2021-05-13,Santa Cruz,87,273765,16115,16129,872,17001,208
2021-05-13,Shasta,89,179085,12119,12111,1585,13696,200
2021-05-13,Sierra,91,2930,54,54,14,68,0
2021-05-13,Siskiyou,93,43540,1856,1769,362,2131,14
2021-05-13,Solano,95,438530,32566,32548,549,33097,252
2021-05-13,Sonoma,97,501317,29848,29991,334,30325,321
2021-05-13,Stanislaus,99,539301,55730,55678,6106,61784,949
2021-05-13,Sutter,101,95872,9428,9431,87,9518,112
2021-05-13,Tehama,103,63373,5004,4997,591,5588,63
2021-05-13,Trinity,105,12862,368,327,62,389,3
2021-05-13,Tulare,107,460477,49462,49032,9449,58481,837
2021-05-13,Tuolumne,109,53932,4063,4059,35,4094,63
2021-05-13,Ventura,111,848112,80845,80615,3083,83698,1012
2021-05-13,Yolo,113,214977,13939,13914,321,14235,210
2021-05-13,Yuba,115,75493,5981,5962,124,6086,47
2021-05-12,Alameda,1,1643700,87542,87482,2029,89511,1261
2021-05-12,Alpine,3,1148,88,88,0,88,0
2021-05-12,Amador,5,37829,3665,3658,34,3692,46
2021-05-12,Butte,7,227075,12338,12026,1886,13912,199
2021-05-12,Calaveras,9,45235,2136,2119,14,2133,53
2021-05-12,Colusa,11,21464,1929,1939,300,2239,14
2021-05-12,Contra Costa,13,1133247,68921,68462,1313,69775,805
2021-05-12,Del Norte,15,27424,1363,1352,7,1359,8
2021-05-12,El Dorado,17,186661,10133,10123,758,10881,112
2021-05-12,Fresno,19,978130,101662,101838,8940,110778,1688
2021-05-12,Glenn,21,27897,2403,2391,573,2964,17
2021-05-12,Humboldt,23,135768,4094,3982,35,4017,37
2021-05-12,Imperial,25,180216,28407,28443,2902,31345,726
2021-05-12,Inyo,27,18085,1402,1400,4,1404,36
2021-05-12,Kern,29,883053,96546,95955,11191,107146,1310
2021-05-12,Kings,31,150075,22936,22896,1184,24080,246
2021-05-12,Lake,33,64148,3493,3476,9,3485,43
2021-05-12,Lassen,35,31185,5175,5151,114,5265,6
2021-05-12,Los Angeles,37,10098052,1199921,1195318,43629,1238947,24067
2021-05-12,Madera,39,155013,16491,16462,947,17409,238
2021-05-12,Marin,41,260295,14006,13997,258,14255,227
2021-05-12,Mariposa,43,17540,428,422,11,433,5
2021-05-12,Mendocino,45,87422,3911,3836,76,3912,46
2021-05-12,Merced,47,269075,30871,30941,991,31932,450
2021-05-12,Modoc,49,8938,371,362,125,487,3
2021-05-12,Mono,51,14174,1243,1265,12,1277,3
2021-05-12,Monterey,53,433212,42947,42950,1921,44871,380
2021-05-12,Napa,55,140530,9871,9870,32,9902,82
2021-05-12,Nevada,57,99092,4761,4738,192,4930,70
2021-05-12,Orange,59,3164182,254250,253587,11606,265193,5024
2021-05-12,Placer,61,380077,22933,22652,1507,24159,288
2021-05-12,Plumas,63,18699,695,681,11,692,4
2021-05-12,Riverside,65,2383286,290680,287830,14631,302461,4431
2021-05-12,Sacramento,67,1510023,104825,104592,1791,106383,1621
2021-05-12,San Benito,69,59416,6050,6062,117,6179,63
2021-05-12,San Bernardino,71,2135413,291958,291505,8997,300502,4715
2021-05-12,San Diego,73,3302833,279161,278402,0,278402,3729
2021-05-12,San Francisco,75,870044,36472,36720,1366,38086,544
2021-05-12,San Joaquin,77,732212,72464,72043,3675,75718,1356
2021-05-12,San Luis Obispo,79,281455,21096,21021,762,21783,255
2021-05-12,San Mateo,81,765935,42187,42038,479,42517,426
2021-05-12,Santa Barbara,83,443738,34373,34218,1237,35455,456
2021-05-12,Santa Clara,85,1922200,117773,118897,786,119683,2005
2021-05-12,Santa Cruz,87,273765,16109,16123,872,16995,207
2021-05-12,Shasta,89,179085,12099,12092,1583,13675,200
2021-05-12,Sierra,91,2930,54,54,14,68,0
2021-05-12,Siskiyou,93,43540,1852,1760,360,2120,13
2021-05-12,Solano,95,438530,32542,32519,549,33068,252
2021-05-12,Sonoma,97,501317,29836,29976,334,30310,320
2021-05-12,Stanislaus,99,539301,55691,55632,6097,61729,919
2021-05-12,Sutter,101,95872,9425,9427,87,9514,112
2021-05-12,Tehama,103,63373,5000,4989,591,5580,62
2021-05-12,Trinity,105,12862,368,327,62,389,3
2021-05-12,Tulare,107,460477,49446,49001,9441,58442,838
2021-05-12,Tuolumne,109,53932,4062,4056,35,4091,63
2021-05-12,Ventura,111,848112,80826,80577,3083,83660,1010
2021-05-12,Yolo,113,214977,13932,13910,320,14230,210
2021-05-12,Yuba,115,75493,5978,5956,124,6080,47
2021-05-11,Alameda,1,1643700,87478,87413,2025,89438,1290
2021-05-11,Alpine,3,1148,88,88,0,88,0
2021-05-11,Amador,5,37829,3663,3657,34,3691,46
2021-05-11,Butte,7,227075,12323,12008,1883,13891,199
2021-05-11,Calaveras,9,45235,2136,2118,14,2132,52
2021-05-11,Colusa,11,21464,1928,1939,300,2239,14
2021-05-11,Contra Costa,13,1133247,68861,68406,1312,69718,806
2021-05-11,Del Norte,15,27424,1361,1347,7,1354,8
2021-05-11,El Dorado,17,186661,10127,10108,757,10865,112
2021-05-11,Fresno,19,978130,101617,101792,8934,110726,1686
2021-05-11,Glenn,21,27897,2402,2387,572,2959,17
2021-05-11,Humboldt,23,135768,4073,3964,34,3998,37
2021-05-11,Imperial,25,180216,28399,28413,2898,31311,722
2021-05-11,Inyo,27,18085,1401,1402,4,1406,36
2021-05-11,Kern,29,883053,96520,95938,11177,107115,1310
2021-05-11,Kings,31,150075,22928,22887,1184,24071,246
2021-05-11,Lake,33,64148,3493,3473,9,3482,43
2021-05-11,Lassen,35,31185,5173,5148,114,5262,6
2021-05-11,Los Angeles,37,10098052,1199686,1195100,43616,1238716,24048
2021-05-11,Madera,39,155013,16488,16459,947,17406,238
2021-05-11,Marin,41,260295,13999,13987,258,14245,227
2021-05-11,Mariposa,43,17540,428,421,11,432,5
2021-05-11,Mendocino,45,87422,3903,3821,76,3897,46
2021-05-11,Merced,47,269075,30862,30893,991,31884,449
2021-05-11,Modoc,49,8938,371,362,124,486,3
2021-05-11,Mono,51,14174,1243,1265,12,1277,3
2021-05-11,Monterey,53,433212,42939,42934,1920,44854,380
2021-05-11,Napa,55,140530,9864,9870,32,9902,81
2021-05-11,Nevada,57,99092,4757,4737,192,4929,70
2021-05-11,Orange,59,3164182,254187,253545,11598,265143,5017
2021-05-11,Placer,61,380077,22912,22615,1503,24118,287
2021-05-11,Plumas,63,18699,693,679,11,690,4
2021-05-11,Riverside,65,2383286,290620,287757,14626,302383,4429
2021-05-11,Sacramento,67,1510023,104728,104496,1788,106284,1616
2021-05-11,San Benito,69,59416,6047,6058,117,6175,63
2021-05-11,San Bernardino,71,2135413,291898,291421,8995,300416,4707
2021-05-11,San Diego,73,3302833,279026,278308,0,278308,3725
2021-05-11,San Francisco,75,870044,36452,36707,1366,38073,543
2021-05-11,San Joaquin,77,732212,72416,71999,3672,75671,1356
2021-05-11,San Luis Obispo,79,281455,21089,21008,760,21768,255
2021-05-11,San Mateo,81,765935,42168,41985,478,42463,425
2021-05-11,Santa Barbara,83,443738,34364,34207,1237,35444,456
2021-05-11,Santa Clara,85,1922200,117727,118857,785,119642,2005
2021-05-11,Santa Cruz,87,273765,16105,16113,872,16985,206
2021-05-11,Shasta,89,179085,12076,12050,1577,13627,200
2021-05-11,Sierra,91,2930,54,54,14,68,0
2021-05-11,Siskiyou,93,43540,1843,1756,358,2114,13
2021-05-11,Solano,95,438530,32525,32499,547,33046,250
2021-05-11,Sonoma,97,501317,29820,29966,334,30300,318
2021-05-11,Stanislaus,99,539301,55642,55589,6093,61682,909
2021-05-11,Sutter,101,95872,9418,9417,87,9504,112
2021-05-11,Tehama,103,63373,4996,4985,590,5575,62
2021-05-11,Trinity,105,12862,368,327,61,388,3
2021-05-11,Tulare,107,460477,49420,48974,9426,58400,837
2021-05-11,Tuolumne,109,53932,4061,4056,35,4091,63
2021-05-11,Ventura,111,848112,80802,80544,3080,83624,1008
2021-05-11,Yolo,113,214977,13919,13902,317,14219,210
2021-05-11,Yuba,115,75493,5969,5950,124,6074,46
2021-05-10,Alameda,1,1643700,87407,87366,2024,89390,1284
2021-05-10,Alpine,3,1148,88,88,0,88,0
2021-05-10,Amador,5,37829,3662,3657,34,3691,46
2021-05-10,Butte,7,227075,12308,11993,1877,13870,199
2021-05-10,Calaveras,9,45235,2129,2118,14,2132,52
2021-05-10,Colusa,11,21464,1928,1939,300,2239,14
2021-05-10,Contra Costa,13,1133247,68798,68357,1312,69669,806
2021-05-10,Del Norte,15,27424,1358,1339,7,1346,8
2021-05-10,El Dorado,17,186661,10113,10093,757,10850,113
2021-05-10,Fresno,19,978130,101586,101755,8928,110683,1682
2021-05-10,Glenn,21,27897,2401,2384,570,2954,17
2021-05-10,Humboldt,23,135768,4043,3961,34,3995,36
2021-05-10,Imperial,25,180216,28385,28397,2894,31291,722
2021-05-10,Inyo,27,18085,1401,1401,4,1405,36
2021-05-10,Kern,29,883053,96477,95920,11162,107082,1310
2021-05-10,Kings,31,150075,22917,22884,1183,24067,246
2021-05-10,Lake,33,64148,3485,3471,9,3480,43
2021-05-10,Lassen,35,31185,5170,5148,113,5261,5
2021-05-10,Los Angeles,37,10098052,1199432,1194976,43598,1238574,24030
2021-05-10,Madera,39,155013,16478,16450,947,17397,238
2021-05-10,Marin,41,260295,13996,13981,258,14239,228
2021-05-10,Mariposa,43,17540,427,420,11,431,5
2021-05-10,Mendocino,45,87422,3897,3818,76,3894,46
2021-05-10,Merced,47,269075,30852,30880,991,31871,448
2021-05-10,Modoc,49,8938,371,361,124,485,3
2021-05-10,Mono,51,14174,1243,1265,12,1277,3
2021-05-10,Monterey,53,433212,42933,42927,1915,44842,380
2021-05-10,Napa,55,140530,9862,9860,32,9892,81
2021-05-10,Nevada,57,99092,4750,4735,192,4927,70
2021-05-10,Orange,59,3164182,254135,253484,11592,265076,5008
2021-05-10,Placer,61,380077,22891,22590,1500,24090,286
2021-05-10,Plumas,63,18699,692,679,11,690,4
2021-05-10,Riverside,65,2383286,290555,287689,14619,302308,4427
2021-05-10,Sacramento,67,1510023,104615,104378,1783,106161,1613
2021-05-10,San Benito,69,59416,6046,6058,117,6175,63
2021-05-10,San Bernardino,71,2135413,291847,291360,8994,300354,4707
2021-05-10,San Diego,73,3302833,278861,278183,0,278183,3725
2021-05-10,San Francisco,75,870044,36433,36683,1366,38049,543
2021-05-10,San Joaquin,77,732212,72379,71954,3657,75611,1356
2021-05-10,San Luis Obispo,79,281455,21071,20993,759,21752,256
2021-05-10,San Mateo,81,765935,42149,41926,478,42404,424
2021-05-10,Santa Barbara,83,443738,34357,34201,1237,35438,456
2021-05-10,Santa Clara,85,1922200,117669,118822,784,119606,2003
2021-05-10,Santa Cruz,87,273765,16099,16114,872,16986,206
2021-05-10,Shasta,89,179085,12062,12036,1573,13609,200
2021-05-10,Sierra,91,2930,54,54,14,68,0
2021-05-10,Siskiyou,93,43540,1833,1752,356,2108,13
2021-05-10,Solano,95,438530,32505,32466,545,33011,250
2021-05-10,Sonoma,97,501317,29805,29955,333,30288,318
2021-05-10,Stanislaus,99,539301,55567,55541,6087,61628,898
2021-05-10,Sutter,101,95872,9412,9412,87,9499,111
2021-05-10,Tehama,103,63373,4992,4980,590,5570,62
2021-05-10,Trinity,105,12862,368,327,59,386,3
2021-05-10,Tulare,107,460477,49396,48956,9420,58376,837
2021-05-10,Tuolumne,109,53932,4057,4054,35,4089,63
2021-05-10,Ventura,111,848112,80786,80501,3078,83579,1008
2021-05-10,Yolo,113,214977,13907,13898,315,14213,209
2021-05-10,Yuba,115,75493,5967,5942,124,6066,46
2021-05-09,Alameda,1,1643700,87336,87292,2021,89313,1284
2021-05-09,Alpine,3,1148,88,88,0,88,0
2021-05-09,Amador,5,37829,3660,3655,34,3689,46
2021-05-09,Butte,7,227075,12289,11985,1873,13858,199
2021-05-09,Calaveras,9,45235,2128,2116,14,2130,52
2021-05-09,Colusa,11,21464,1927,1940,300,2240,14
2021-05-09,Contra Costa,13,1133247,68734,68302,1310,69612,806
2021-05-09,Del Norte,15,27424,1351,1338,7,1345,8
2021-05-09,El Dorado,17,186661,10099,10089,754,10843,113
2021-05-09,Fresno,19,978130,101548,101729,8919,110648,1682
2021-05-09,Glenn,21,27897,2394,2382,567,2949,17
2021-05-09,Humboldt,23,135768,4023,3950,34,3984,36
2021-05-09,Imperial,25,180216,28362,28388,2887,31275,722
2021-05-09,Inyo,27,18085,1401,1401,3,1404,36
2021-05-09,Kern,29,883053,96449,95903,11151,107054,1310
2021-05-09,Kings,31,150075,22908,22878,1183,24061,246
2021-05-09,Lake,33,64148,3481,3471,9,3480,43
2021-05-09,Lassen,35,31185,5168,5147,113,5260,5
2021-05-09,Los Angeles,37,10098052,1199174,1194820,43583,1238403,24026
2021-05-09,Madera,39,155013,16469,16444,941,17385,238
2021-05-09,Marin,41,260295,13985,13979,257,14236,228
2021-05-09,Mariposa,43,17540,424,420,11,431,5
2021-05-09,Mendocino,45,87422,3887,3814,76,3890,46
2021-05-09,Merced,47,269075,30829,30883,991,31874,448
2021-05-09,Modoc,49,8938,371,360,124,484,3
2021-05-09,Mono,51,14174,1243,1264,12,1276,3
2021-05-09,Monterey,53,433212,42916,42918,1915,44833,380
2021-05-09,Napa,55,140530,9851,9857,32,9889,81
2021-05-09,Nevada,57,99092,4743,4727,192,4919,70
2021-05-09,Orange,59,3164182,254083,253451,11584,265035,5008
2021-05-09,Placer,61,380077,22865,22566,1497,24063,286
2021-05-09,Plumas,63,18699,691,679,11,690,4
2021-05-09,Riverside,65,2383286,290477,287644,14613,302257,4427
2021-05-09,Sacramento,67,1510023,104471,104309,1776,106085,1612
2021-05-09,San Benito,69,59416,6044,6056,117,6173,63
2021-05-09,San Bernardino,71,2135413,291765,291337,8988,300325,4707
2021-05-09,San Diego,73,3302833,278694,277950,0,277950,3725
2021-05-09,San Francisco,75,870044,36407,36669,1364,38033,543
2021-05-09,San Joaquin,77,732212,72335,71927,3656,75583,1356
2021-05-09,San Luis Obispo,79,281455,21061,20999,759,21758,256
2021-05-09,San Mateo,81,765935,42120,41903,478,42381,424
2021-05-09,Santa Barbara,83,443738,34344,34196,1236,35432,456
2021-05-09,Santa Clara,85,1922200,117615,118798,783,119581,2003
2021-05-09,Santa Cruz,87,273765,16093,16094,872,16966,206
2021-05-09,Shasta,89,179085,12032,12034,1568,13602,200
2021-05-09,Sierra,91,2930,54,54,14,68,0
2021-05-09,Siskiyou,93,43540,1827,1741,353,2094,13
2021-05-09,Solano,95,438530,32466,32434,542,32976,250
2021-05-09,Sonoma,97,501317,29790,29953,332,30285,318
2021-05-09,Stanislaus,99,539301,55500,55511,6083,61594,898
2021-05-09,Sutter,101,95872,9406,9413,87,9500,111
2021-05-09,Tehama,103,63373,4987,4979,590,5569,62
2021-05-09,Trinity,105,12862,368,327,59,386,3
2021-05-09,Tulare,107,460477,49369,48948,9415,58363,837
2021-05-09,Tuolumne,109,53932,4056,4053,35,4088,63
2021-05-09,Ventura,111,848112,80771,80487,3077,83564,1008
2021-05-09,Yolo,113,214977,13896,13897,314,14211,209
2021-05-09,Yuba,115,75493,5961,5934,124,6058,46
2021-05-08,Alameda,1,1643700,87294,87213,2017,89230,1284
2021-05-08,Alpine,3,1148,88,88,0,88,0
2021-05-08,Amador,5,37829,3658,3652,34,3686,46
2021-05-08,Butte,7,227075,12277,11962,1872,13834,199
2021-05-08,Calaveras,9,45235,2127,2114,14,2128,52
2021-05-08,Colusa,11,21464,1927,1939,300,2239,14
2021-05-08,Contra Costa,13,1133247,68701,68223,1308,69531,803
2021-05-08,Del Norte,15,27424,1348,1335,7,1342,8
2021-05-08,El Dorado,17,186661,10085,10079,754,10833,113
2021-05-08,Fresno,19,978130,101513,101676,8914,110590,1682
2021-05-08,Glenn,21,27897,2392,2382,565,2947,17
2021-05-08,Humboldt,23,135768,4007,3939,34,3973,36
2021-05-08,Imperial,25,180216,28354,28373,2887,31260,721
2021-05-08,Inyo,27,18085,1401,1402,3,1405,36
2021-05-08,Kern,29,883053,96425,95880,11138,107018,1310
2021-05-08,Kings,31,150075,22905,22872,1182,24054,246
2021-05-08,Lake,33,64148,3480,3470,9,3479,43
2021-05-08,Lassen,35,31185,5167,5145,113,5258,5
2021-05-08,Los Angeles,37,10098052,1199026,1194584,43567,1238151,24022
2021-05-08,Madera,39,155013,16465,16442,941,17383,238
2021-05-08,Marin,41,260295,13982,13974,256,14230,228
2021-05-08,Mariposa,43,17540,424,420,11,431,5
2021-05-08,Mendocino,45,87422,3882,3810,75,3885,46
2021-05-08,Merced,47,269075,30820,30876,991,31867,448
2021-05-08,Modoc,49,8938,371,360,123,483,3
2021-05-08,Mono,51,14174,1243,1262,12,1274,3
2021-05-08,Monterey,53,433212,42911,42914,1914,44828,380
2021-05-08,Napa,55,140530,9844,9853,32,9885,81
2021-05-08,Nevada,57,99092,4740,4716,192,4908,70
2021-05-08,Orange,59,3164182,254047,253412,11581,264993,5006
2021-05-08,Placer,61,380077,22847,22547,1495,24042,286
2021-05-08,Plumas,63,18699,690,679,11,690,4
2021-05-08,Riverside,65,2383286,290435,287574,14611,302185,4427
2021-05-08,Sacramento,67,1510023,104387,104208,1772,105980,1610
2021-05-08,San Benito,69,59416,6043,6048,117,6165,63
2021-05-08,San Bernardino,71,2135413,291721,291296,8988,300284,4707
2021-05-08,San Diego,73,3302833,278610,277760,0,277760,3725
2021-05-08,San Francisco,75,870044,36384,36642,1364,38006,543
2021-05-08,San Joaquin,77,732212,72306,71869,3647,75516,1356
2021-05-08,San Luis Obispo,79,281455,21050,20992,759,21751,256
2021-05-08,San Mateo,81,765935,42109,41871,478,42349,424
2021-05-08,Santa Barbara,83,443738,34331,34185,1236,35421,456
2021-05-08,Santa Clara,85,1922200,117584,118751,783,119534,2003
2021-05-08,Santa Cruz,87,273765,16090,16089,872,16961,206
2021-05-08,Shasta,89,179085,12022,12030,1564,13594,200
2021-05-08,Sierra,91,2930,54,54,14,68,0
2021-05-08,Siskiyou,93,43540,1826,1741,349,2090,13
2021-05-08,Solano,95,438530,32441,32395,540,32935,249
2021-05-08,Sonoma,97,501317,29777,29942,332,30274,318
2021-05-08,Stanislaus,99,539301,55467,55467,6079,61546,898
2021-05-08,Sutter,101,95872,9403,9413,87,9500,111
2021-05-08,Tehama,103,63373,4985,4977,590,5567,62
2021-05-08,Trinity,105,12862,368,327,59,386,3
2021-05-08,Tulare,107,460477,49355,48929,9405,58334,837
2021-05-08,Tuolumne,109,53932,4055,4050,35,4085,63
2021-05-08,Ventura,111,848112,80760,80481,3074,83555,1008
2021-05-08,Yolo,113,214977,13893,13894,313,14207,209
2021-05-08,Yuba,115,75493,5953,5928,124,6052,46
2021-05-07,Alameda,1,1643700,87243,87128,2016,89144,1280
2021-05-07,Alpine,3,1148,88,88,0,88,0
2021-05-07,Amador,5,37829,3655,3651,34,3685,46
2021-05-07,Butte,7,227075,12259,11943,1867,13810,199
2021-05-07,Calaveras,9,45235,2125,2114,14,2128,52
2021-05-07,Colusa,11,21464,1927,1937,300,2237,14
2021-05-07,Contra Costa,13,1133247,68655,68156,1306,69462,804
2021-05-07,Del Norte,15,27424,1343,1329,7,1336,8
2021-05-07,El Dorado,17,186661,10072,10065,752,10817,112
2021-05-07,Fresno,19,978130,101481,101625,8913,110538,1684
2021-05-07,Glenn,21,27897,2389,2381,564,2945,17
2021-05-07,Humboldt,23,135768,3992,3919,34,3953,36
2021-05-07,Imperial,25,180216,28346,28352,2886,31238,721
2021-05-07,Inyo,27,18085,1401,1402,3,1405,36
2021-05-07,Kern,29,883053,96412,95839,11126,106965,1308
2021-05-07,Kings,31,150075,22904,22857,1181,24038,246
2021-05-07,Lake,33,64148,3478,3467,9,3476,43
2021-05-07,Lassen,35,31185,5166,5144,112,5256,5
2021-05-07,Los Angeles,37,10098052,1198856,1194294,43557,1237851,24008
2021-05-07,Madera,39,155013,16460,16439,941,17380,238
2021-05-07,Marin,41,260295,13978,13968,256,14224,228
2021-05-07,Mariposa,43,17540,423,419,11,430,5
2021-05-07,Mendocino,45,87422,3876,3805,75,3880,46
2021-05-07,Merced,47,269075,30817,30862,991,31853,446
2021-05-07,Modoc,49,8938,371,360,123,483,3
2021-05-07,Mono,51,14174,1242,1261,12,1273,3
2021-05-07,Monterey,53,433212,42905,42909,1912,44821,380
2021-05-07,Napa,55,140530,9843,9849,32,9881,81
2021-05-07,Nevada,57,99092,4736,4704,192,4896,70
2021-05-07,Orange,59,3164182,254010,253338,11571,264909,5000
2021-05-07,Placer,61,380077,22827,22524,1492,24016,286
2021-05-07,Plumas,63,18699,690,678,11,689,4
2021-05-07,Riverside,65,2383286,290378,287479,14610,302089,4426
2021-05-07,Sacramento,67,1510023,104314,104068,1767,105835,1609
2021-05-07,San Benito,69,59416,6042,6048,117,6165,63
2021-05-07,San Bernardino,71,2135413,291679,291185,8983,300168,4697
2021-05-07,San Diego,73,3302833,278526,277534,0,277534,3718
2021-05-07,San Francisco,75,870044,36371,36616,1363,37979,543
2021-05-07,San Joaquin,77,732212,72266,71804,3645,75449,1351
2021-05-07,San Luis Obispo,79,281455,21043,20979,759,21738,256
2021-05-07,San Mateo,81,765935,42093,41844,478,42322,424
2021-05-07,Santa Barbara,83,443738,34321,34166,1236,35402,453
2021-05-07,Santa Clara,85,1922200,117551,118691,782,119473,2002
2021-05-07,Santa Cruz,87,273765,16087,16074,872,16946,206
2021-05-07,Shasta,89,179085,12000,12005,1562,13567,200
2021-05-07,Sierra,91,2930,54,54,14,68,0
2021-05-07,Siskiyou,93,43540,1823,1723,349,2072,13
2021-05-07,Solano,95,438530,32414,32352,538,32890,249
2021-05-07,Sonoma,97,501317,29759,29925,330,30255,318
2021-05-07,Stanislaus,99,539301,55426,55407,6073,61480,896
2021-05-07,Sutter,101,95872,9403,9407,86,9493,111
2021-05-07,Tehama,103,63373,4978,4974,590,5564,57
2021-05-07,Trinity,105,12862,368,327,59,386,3
2021-05-07,Tulare,107,460477,49338,48913,9400,58313,837
2021-05-07,Tuolumne,109,53932,4053,4048,35,4083,63
2021-05-07,Ventura,111,848112,80736,80444,3074,83518,1008
2021-05-07,Yolo,113,214977,13888,13875,312,14187,209
2021-05-07,Yuba,115,75493,5943,5910,124,6034,46
2021-05-06,Alameda,1,1643700,87165,87028,2012,89040,1278
2021-05-06,Alpine,3,1148,88,88,0,88,0
2021-05-06,Amador,5,37829,3653,3650,34,3684,46
2021-05-06,Butte,7,227075,12239,11929,1862,13791,198
2021-05-06,Calaveras,9,45235,2124,2111,14,2125,52
2021-05-06,Colusa,11,21464,1927,1935,300,2235,14
2021-05-06,Contra Costa,13,1133247,68600,68076,1303,69379,802
2021-05-06,Del Norte,15,27424,1335,1324,7,1331,6
2021-05-06,El Dorado,17,186661,10065,10048,752,10800,112
2021-05-06,Fresno,19,978130,101440,101536,8907,110443,1680
2021-05-06,Glenn,21,27897,2388,2380,563,2943,17
2021-05-06,Humboldt,23,135768,3968,3898,33,3931,36
2021-05-06,Imperial,25,180216,28335,28311,2885,31196,720
2021-05-06,Inyo,27,18085,1401,1401,3,1404,36
2021-05-06,Kern,29,883053,96387,95801,11109,106910,1307
2021-05-06,Kings,31,150075,22897,22848,1180,24028,246
2021-05-06,Lake,33,64148,3477,3465,9,3474,43
2021-05-06,Lassen,35,31185,5165,5143,112,5255,1
2021-05-06,Los Angeles,37,10098052,1198616,1193954,43540,1237494,23991
2021-05-06,Madera,39,155013,16452,16430,941,17371,238
2021-05-06,Marin,41,260295,13974,13956,256,14212,228
2021-05-06,Mariposa,43,17540,422,419,11,430,5
2021-05-06,Mendocino,45,87422,3865,3802,75,3877,46
2021-05-06,Merced,47,269075,30802,30863,990,31853,444
2021-05-06,Modoc,49,8938,371,360,123,483,3
2021-05-06,Mono,51,14174,1240,1261,12,1273,3
2021-05-06,Monterey,53,433212,42890,42899,1912,44811,379
2021-05-06,Napa,55,140530,9837,9843,32,9875,81
2021-05-06,Nevada,57,99092,4735,4687,192,4879,70
2021-05-06,Orange,59,3164182,253943,253286,11564,264850,4991
2021-05-06,Placer,61,380077,22806,22493,1492,23985,286
2021-05-06,Plumas,63,18699,690,678,11,689,4
2021-05-06,Riverside,65,2383286,290305,287399,14605,302004,4422
2021-05-06,Sacramento,67,1510023,104198,103956,1764,105720,1609
2021-05-06,San Benito,69,59416,6041,6045,117,6162,63
2021-05-06,San Bernardino,71,2135413,291607,291085,8982,300067,4683
2021-05-06,San Diego,73,3302833,278402,277324,0,277324,3716
2021-05-06,San Francisco,75,870044,36356,36599,1363,37962,543
2021-05-06,San Joaquin,77,732212,72211,71729,3642,75371,1350
2021-05-06,San Luis Obispo,79,281455,21031,20965,757,21722,256
2021-05-06,San Mateo,81,765935,42075,41802,477,42279,424
2021-05-06,Santa Barbara,83,443738,34308,34152,1236,35388,453
2021-05-06,Santa Clara,85,1922200,117510,118591,782,119373,2001
2021-05-06,Santa Cruz,87,273765,16080,16050,872,16922,206
2021-05-06,Shasta,89,179085,11978,11983,1556,13539,199
2021-05-06,Sierra,91,2930,54,54,14,68,0
2021-05-06,Siskiyou,93,43540,1814,1711,347,2058,12
2021-05-06,Solano,95,438530,32388,32320,530,32850,249
2021-05-06,Sonoma,97,501317,29751,29911,330,30241,318
2021-05-06,Stanislaus,99,539301,55370,55323,6070,61393,834
2021-05-06,Sutter,101,95872,9397,9396,86,9482,111
2021-05-06,Tehama,103,63373,4973,4970,590,5560,53
2021-05-06,Trinity,105,12862,368,327,59,386,3
2021-05-06,Tulare,107,460477,49315,48890,9385,58275,836
2021-05-06,Tuolumne,109,53932,4049,4047,35,4082,63
2021-05-06,Ventura,111,848112,80705,80411,3071,83482,1005
2021-05-06,Yolo,113,214977,13880,13871,308,14179,209
2021-05-06,Yuba,115,75493,5931,5901,124,6025,46
2021-05-05,Alameda,1,1643700,87104,86950,2010,88960,1278
2021-05-05,Alpine,3,1148,88,88,0,88,0
2021-05-05,Amador,5,37829,3650,3650,34,3684,46
2021-05-05,Butte,7,227075,12221,11907,1859,13766,198
2021-05-05,Calaveras,9,45235,2120,2103,14,2117,52
2021-05-05,Colusa,11,21464,1926,1933,300,2233,14
2021-05-05,Contra Costa,13,1133247,68535,67997,1298,69295,803
2021-05-05,Del Norte,15,27424,1332,1317,7,1324,6
2021-05-05,El Dorado,17,186661,10054,10020,751,10771,111
2021-05-05,Fresno,19,978130,101391,101491,8898,110389,1680
2021-05-05,Glenn,21,27897,2385,2380,562,2942,17
2021-05-05,Humboldt,23,135768,3949,3886,32,3918,36
2021-05-05,Imperial,25,180216,28294,28295,2878,31173,720
2021-05-05,Inyo,27,18085,1400,1401,3,1404,36
2021-05-05,Kern,29,883053,96345,95753,11104,106857,1304
2021-05-05,Kings,31,150075,22891,22840,1179,24019,246
2021-05-05,Lake,33,64148,3474,3458,9,3467,43
2021-05-05,Lassen,35,31185,5165,5143,111,5254,1
2021-05-05,Los Angeles,37,10098052,1198351,1193608,43527,1237135,23977
2021-05-05,Madera,39,155013,16450,16423,941,17364,235
2021-05-05,Marin,41,260295,13966,13950,255,14205,228
2021-05-05,Mariposa,43,17540,422,418,11,429,5
2021-05-05,Mendocino,45,87422,3861,3799,75,3874,46
2021-05-05,Merced,47,269075,30781,30844,990,31834,444
2021-05-05,Modoc,49,8938,370,361,122,483,3
2021-05-05,Mono,51,14174,1240,1260,12,1272,3
2021-05-05,Monterey,53,433212,42877,42870,1909,44779,379
2021-05-05,Napa,55,140530,9831,9833,32,9865,81
2021-05-05,Nevada,57,99092,4732,4666,192,4858,70
2021-05-05,Orange,59,3164182,253888,253237,11559,264796,4978
2021-05-05,Placer,61,380077,22774,22362,1488,23850,287
2021-05-05,Plumas,63,18699,690,677,11,688,4
2021-05-05,Riverside,65,2383286,290216,287353,14595,301948,4414
2021-05-05,Sacramento,67,1510023,104108,103476,1759,105235,1607
2021-05-05,San Benito,69,59416,6032,6046,117,6163,63
2021-05-05,San Bernardino,71,2135413,291533,291008,8978,299986,4677
2021-05-05,San Diego,73,3302833,278265,277098,0,277098,3716
2021-05-05,San Francisco,75,870044,36341,36577,1362,37939,543
2021-05-05,San Joaquin,77,732212,72159,71638,3639,75277,1345
2021-05-05,San Luis Obispo,79,281455,21023,20958,757,21715,256
2021-05-05,San Mateo,81,765935,42044,41755,476,42231,415
2021-05-05,Santa Barbara,83,443738,34294,34139,1235,35374,453
2021-05-05,Santa Clara,85,1922200,117480,118482,778,119260,1992
2021-05-05,Santa Cruz,87,273765,16074,16013,872,16885,207
2021-05-05,Shasta,89,179085,11962,11939,1552,13491,200
2021-05-05,Sierra,91,2930,54,54,14,68,0
2021-05-05,Siskiyou,93,43540,1797,1706,339,2045,11
2021-05-05,Solano,95,438530,32353,32250,528,32778,249
2021-05-05,Sonoma,97,501317,29738,29879,330,30209,318
2021-05-05,Stanislaus,99,539301,55312,55231,6068,61299,807
2021-05-05,Sutter,101,95872,9391,9387,86,9473,111
2021-05-05,Tehama,103,63373,4970,4968,590,5558,53
2021-05-05,Trinity,105,12862,368,326,59,385,3
2021-05-05,Tulare,107,460477,49293,48875,9375,58250,835
2021-05-05,Tuolumne,109,53932,4046,4040,35,4075,63
2021-05-05,Ventura,111,848112,80676,80372,3067,83439,1005
2021-05-05,Yolo,113,214977,13876,13846,306,14152,209
2021-05-05,Yuba,115,75493,5921,5895,123,6018,44
2021-05-04,Alameda,1,1643700,87012,86894,2010,88904,1277
2021-05-04,Alpine,3,1148,88,88,0,88,0
2021-05-04,Amador,5,37829,3650,3650,34,3684,46
2021-05-04,Butte,7,227075,12197,11883,1857,13740,198
2021-05-04,Calaveras,9,45235,2115,2100,14,2114,52
2021-05-04,Colusa,11,21464,1925,1933,300,2233,14
2021-05-04,Contra Costa,13,1133247,68456,67931,1294,69225,799
2021-05-04,Del Norte,15,27424,1332,1314,7,1321,6
2021-05-04,El Dorado,17,186661,10043,10009,747,10756,110
2021-05-04,Fresno,19,978130,101337,101451,8891,110342,1677
2021-05-04,Glenn,21,27897,2382,2379,559,2938,17
2021-05-04,Humboldt,23,135768,3923,3877,32,3909,36
2021-05-04,Imperial,25,180216,28274,28276,2874,31150,720
2021-05-04,Inyo,27,18085,1400,1399,3,1402,36
2021-05-04,Kern,29,883053,96311,95720,11085,106805,1301
2021-05-04,Kings,31,150075,22877,22822,1176,23998,246
2021-05-04,Lake,33,64148,3473,3454,9,3463,43
2021-05-04,Lassen,35,31185,5164,5142,111,5253,1
2021-05-04,Los Angeles,37,10098052,1198062,1193453,43515,1236968,23957
2021-05-04,Madera,39,155013,16449,16418,941,17359,235
2021-05-04,Marin,41,260295,13959,13935,255,14190,228
2021-05-04,Mariposa,43,17540,422,418,11,429,5
2021-05-04,Mendocino,45,87422,3856,3794,75,3869,46
2021-05-04,Merced,47,269075,30764,30829,990,31819,444
2021-05-04,Modoc,49,8938,369,360,122,482,3
2021-05-04,Mono,51,14174,1240,1260,12,1272,3
2021-05-04,Monterey,53,433212,42865,42845,1908,44753,380
2021-05-04,Napa,55,140530,9822,9824,32,9856,81
2021-05-04,Nevada,57,99092,4725,4656,192,4848,70
2021-05-04,Orange,59,3164182,253821,253177,11549,264726,4977
2021-05-04,Placer,61,380077,22745,22326,1485,23811,287
2021-05-04,Plumas,63,18699,689,675,11,686,4
2021-05-04,Riverside,65,2383286,290133,287285,14588,301873,4411
2021-05-04,Sacramento,67,1510023,103979,103383,1754,105137,1604
2021-05-04,San Benito,69,59416,6031,6039,117,6156,63
2021-05-04,San Bernardino,71,2135413,291454,290934,8971,299905,4668
2021-05-04,San Diego,73,3302833,278099,276879,0,276879,3713
2021-05-04,San Francisco,75,870044,36323,36550,1362,37912,541
2021-05-04,San Joaquin,77,732212,72098,71582,3635,75217,1342
2021-05-04,San Luis Obispo,79,281455,21018,20923,755,21678,255
2021-05-04,San Mateo,81,765935,42018,41708,476,42184,415
2021-05-04,Santa Barbara,83,443738,34278,34131,1235,35366,453
2021-05-04,Santa Clara,85,1922200,117417,118431,777,119208,1988
2021-05-04,Santa Cruz,87,273765,16068,16005,872,16877,207
2021-05-04,Shasta,89,179085,11942,11923,1546,13469,198
2021-05-04,Sierra,91,2930,54,54,14,68,0
2021-05-04,Siskiyou,93,43540,1790,1694,337,2031,11
2021-05-04,Solano,95,438530,32312,32220,526,32746,249
2021-05-04,Sonoma,97,501317,29719,29867,329,30196,318
2021-05-04,Stanislaus,99,539301,55257,55165,6065,61230,807
2021-05-04,Sutter,101,95872,9386,9375,86,9461,111
2021-05-04,Tehama,103,63373,4968,4959,589,5548,53
2021-05-04,Trinity,105,12862,368,326,59,385,3
2021-05-04,Tulare,107,460477,49267,48857,9365,58222,835
2021-05-04,Tuolumne,109,53932,4044,4041,35,4076,61
2021-05-04,Ventura,111,848112,80647,80351,3065,83416,1005
2021-05-04,Yolo,113,214977,13863,13820,304,14124,208
2021-05-04,Yuba,115,75493,5915,5891,123,6014,44
2021-05-03,Alameda,1,1643700,86935,86845,2004,88849,1272
2021-05-03,Alpine,3,1148,88,88,0,88,0
2021-05-03,Amador,5,37829,3650,3651,34,3685,46
2021-05-03,Butte,7,227075,12187,11864,1853,13717,198
2021-05-03,Calaveras,9,45235,2114,2099,14,2113,50
2021-05-03,Colusa,11,21464,1924,1931,298,2229,14
2021-05-03,Contra Costa,13,1133247,68397,67895,1290,69185,799
2021-05-03,Del Norte,15,27424,1327,1306,6,1312,6
2021-05-03,El Dorado,17,186661,10025,9984,742,10726,110
2021-05-03,Fresno,19,978130,101284,101405,8880,110285,1678
2021-05-03,Glenn,21,27897,2382,2375,558,2933,17
2021-05-03,Humboldt,23,135768,3908,3865,32,3897,36
2021-05-03,Imperial,25,180216,28252,28280,2871,31151,720
2021-05-03,Inyo,27,18085,1399,1398,3,1401,36
2021-05-03,Kern,29,883053,96275,95693,11072,106765,1299
2021-05-03,Kings,31,150075,22868,22821,1176,23997,246
2021-05-03,Lake,33,64148,3471,3446,9,3455,43
2021-05-03,Lassen,35,31185,5163,5142,111,5253,1
2021-05-03,Los Angeles,37,10098052,1197798,1193261,43486,1236747,23942
2021-05-03,Madera,39,155013,16445,16414,940,17354,235
2021-05-03,Marin,41,260295,13953,13927,255,14182,228
2021-05-03,Mariposa,43,17540,422,418,11,429,5
2021-05-03,Mendocino,45,87422,3849,3792,75,3867,46
2021-05-03,Merced,47,269075,30753,30814,988,31802,444
2021-05-03,Modoc,49,8938,369,360,122,482,3
2021-05-03,Mono,51,14174,1240,1259,12,1271,3
2021-05-03,Monterey,53,433212,42855,42837,1906,44743,380
2021-05-03,Napa,55,140530,9817,9815,32,9847,81
2021-05-03,Nevada,57,99092,4717,4650,192,4842,70
2021-05-03,Orange,59,3164182,253762,253107,11540,264647,4968
2021-05-03,Placer,61,380077,22714,22289,1480,23769,287
2021-05-03,Plumas,63,18699,688,675,11,686,4
2021-05-03,Riverside,65,2383286,290061,287233,14587,301820,4412
2021-05-03,Sacramento,67,1510023,103826,103303,1746,105049,1602
2021-05-03,San Benito,69,59416,6030,6038,117,6155,63
2021-05-03,San Bernardino,71,2135413,291387,290886,8968,299854,4659
2021-05-03,San Diego,73,3302833,277936,276693,0,276693,3712
2021-05-03,San Francisco,75,870044,36298,36538,1361,37899,541
2021-05-03,San Joaquin,77,732212,72047,71504,3632,75136,1325
2021-05-03,San Luis Obispo,79,281455,21002,20915,752,21667,254
2021-05-03,San Mateo,81,765935,41995,41689,475,42164,413
2021-05-03,Santa Barbara,83,443738,34266,34119,1235,35354,453
2021-05-03,Santa Clara,85,1922200,117363,118373,776,119149,1988
2021-05-03,Santa Cruz,87,273765,16065,16000,872,16872,207
2021-05-03,Shasta,89,179085,11919,11890,1541,13431,197
2021-05-03,Sierra,91,2930,54,54,14,68,0
2021-05-03,Siskiyou,93,43540,1784,1683,331,2014,11
2021-05-03,Solano,95,438530,32271,32201,525,32726,249
2021-05-03,Sonoma,97,501317,29707,29855,326,30181,318
2021-05-03,Stanislaus,99,539301,55193,55116,6054,61170,774
2021-05-03,Sutter,101,95872,9374,9370,86,9456,111
2021-05-03,Tehama,103,63373,4959,4952,589,5541,53
2021-05-03,Trinity,105,12862,368,326,59,385,3
2021-05-03,Tulare,107,460477,49250,48844,9354,58198,835
2021-05-03,Tuolumne,109,53932,4043,4038,35,4073,61
2021-05-03,Ventura,111,848112,80625,80291,3065,83356,1005
2021-05-03,Yolo,113,214977,13850,13809,302,14111,208
2021-05-03,Yuba,115,75493,5910,5880,123,6003,44
2021-05-02,Alameda,1,1643700,86850,86784,2003,88787,1272
2021-05-02,Alpine,3,1148,88,88,0,88,0
2021-05-02,Amador,5,37829,3650,3650,34,3684,46
2021-05-02,Butte,7,227075,12163,11859,1849,13708,198
2021-05-02,Calaveras,9,45235,2110,2098,14,2112,50
2021-05-02,Colusa,11,21464,1923,1931,297,2228,14
2021-05-02,Contra Costa,13,1133247,68311,67843,1287,69130,800
2021-05-02,Del Norte,15,27424,1320,1305,6,1311,6
2021-05-02,El Dorado,17,186661,10010,9962,741,10703,110
2021-05-02,Fresno,19,978130,101213,101372,8870,110242,1678
2021-05-02,Glenn,21,27897,2381,2374,556,2930,17
2021-05-02,Humboldt,23,135768,3896,3858,31,3889,36
2021-05-02,Imperial,25,180216,28218,28275,2862,31137,721
2021-05-02,Inyo,27,18085,1397,1398,3,1401,36
2021-05-02,Kern,29,883053,96217,95668,11065,106733,1299
2021-05-02,Kings,31,150075,22850,22816,1175,23991,246
2021-05-02,Lake,33,64148,3469,3443,9,3452,43
2021-05-02,Lassen,35,31185,5162,5142,110,5252,1
2021-05-02,Los Angeles,37,10098052,1197452,1193056,43462,1236518,23943
2021-05-02,Madera,39,155013,16439,16410,940,17350,235
2021-05-02,Marin,41,260295,13943,13917,255,14172,228
2021-05-02,Mariposa,43,17540,422,419,11,430,5
2021-05-02,Mendocino,45,87422,3844,3787,75,3862,46
2021-05-02,Merced,47,269075,30731,30793,986,31779,444
2021-05-02,Modoc,49,8938,369,360,122,482,3
2021-05-02,Mono,51,14174,1239,1259,12,1271,3
2021-05-02,Monterey,53,433212,42842,42837,1904,44741,380
2021-05-02,Napa,55,140530,9813,9805,32,9837,81
2021-05-02,Nevada,57,99092,4701,4635,192,4827,70
2021-05-02,Orange,59,3164182,253687,253025,11527,264552,4968
2021-05-02,Placer,61,380077,22685,22264,1477,23741,287
2021-05-02,Plumas,63,18699,688,675,11,686,4
2021-05-02,Riverside,65,2383286,289962,287197,14577,301774,4412
2021-05-02,Sacramento,67,1510023,103691,103153,1739,104892,1602
2021-05-02,San Benito,69,59416,6025,6037,117,6154,63
2021-05-02,San Bernardino,71,2135413,291288,290859,8966,299825,4655
2021-05-02,San Diego,73,3302833,277740,276521,0,276521,3712
2021-05-02,San Francisco,75,870044,36272,36522,1361,37883,541
2021-05-02,San Joaquin,77,732212,71983,71447,3625,75072,1325
2021-05-02,San Luis Obispo,79,281455,20982,20910,751,21661,254
2021-05-02,San Mateo,81,765935,41979,41656,474,42130,412
2021-05-02,Santa Barbara,83,443738,34252,34106,1235,35341,453
2021-05-02,Santa Clara,85,1922200,117289,118321,776,119097,1988
2021-05-02,Santa Cruz,87,273765,16060,15995,871,16866,207
2021-05-02,Shasta,89,179085,11903,11885,1533,13418,197
2021-05-02,Sierra,91,2930,54,54,14,68,0
2021-05-02,Siskiyou,93,43540,1773,1661,330,1991,11
2021-05-02,Solano,95,438530,32232,32151,521,32672,249
2021-05-02,Sonoma,97,501317,29684,29842,326,30168,318
2021-05-02,Stanislaus,99,539301,55120,55057,6047,61104,774
2021-05-02,Sutter,101,95872,9367,9363,86,9449,111
2021-05-02,Tehama,103,63373,4954,4950,587,5537,53
2021-05-02,Trinity,105,12862,368,326,59,385,3
2021-05-02,Tulare,107,460477,49232,48834,9346,58180,835
2021-05-02,Tuolumne,109,53932,4040,4038,35,4073,61
2021-05-02,Ventura,111,848112,80588,80284,3064,83348,1005
2021-05-02,Yolo,113,214977,13838,13799,301,14100,208
2021-05-02,Yuba,115,75493,5900,5879,123,6002,44
2021-05-01,Alameda,1,1643700,86806,86704,2000,88704,1270
2021-05-01,Alpine,3,1148,88,88,0,88,0
2021-05-01,Amador,5,37829,3650,3650,34,3684,46
2021-05-01,Butte,7,227075,12149,11845,1844,13689,198
2021-05-01,Calaveras,9,45235,2108,2096,14,2110,50
2021-05-01,Colusa,11,21464,1922,1931,297,2228,14
2021-05-01,Contra Costa,13,1133247,68259,67779,1284,69063,800
2021-05-01,Del Norte,15,27424,1319,1292,6,1298,6
2021-05-01,El Dorado,17,186661,9996,9944,739,10683,110
2021-05-01,Fresno,19,978130,101168,101326,8864,110190,1678
2021-05-01,Glenn,21,27897,2378,2369,555,2924,17
2021-05-01,Humboldt,23,135768,3882,3845,31,3876,36
2021-05-01,Imperial,25,180216,28211,28262,2862,31124,721
2021-05-01,Inyo,27,18085,1397,1397,3,1400,36
2021-05-01,Kern,29,883053,96190,95645,11053,106698,1299
2021-05-01,Kings,31,150075,22848,22797,1173,23970,246
2021-05-01,Lake,33,64148,3467,3441,9,3450,43
2021-05-01,Lassen,35,31185,5160,5142,110,5252,1
2021-05-01,Los Angeles,37,10098052,1197285,1192781,43447,1236228,23946
2021-05-01,Madera,39,155013,16435,16408,940,17348,235
2021-05-01,Marin,41,260295,13936,13902,255,14157,228
2021-05-01,Mariposa,43,17540,422,418,11,429,5
2021-05-01,Mendocino,45,87422,3842,3782,75,3857,46
2021-05-01,Merced,47,269075,30713,30771,986,31757,444
2021-05-01,Modoc,49,8938,369,361,122,483,3
2021-05-01,Mono,51,14174,1239,1258,12,1270,3
2021-05-01,Monterey,53,433212,42836,42828,1904,44732,379
2021-05-01,Napa,55,140530,9810,9800,32,9832,81
2021-05-01,Nevada,57,99092,4696,4625,192,4817,70
2021-05-01,Orange,59,3164182,253644,252969,11516,264485,4964
2021-05-01,Placer,61,380077,22659,22240,1475,23715,287
2021-05-01,Plumas,63,18699,687,675,11,686,4
2021-05-01,Riverside,65,2383286,289923,287129,14575,301704,4412
2021-05-01,Sacramento,67,1510023,103612,103043,1738,104781,1602
2021-05-01,San Benito,69,59416,6022,6030,117,6147,63
2021-05-01,San Bernardino,71,2135413,291247,290802,8965,299767,4652
2021-05-01,San Diego,73,3302833,277616,276367,0,276367,3706
2021-05-01,San Francisco,75,870044,36257,36496,1361,37857,541
2021-05-01,San Joaquin,77,732212,71935,71389,3623,75012,1325
2021-05-01,San Luis Obispo,79,281455,20977,20896,751,21647,254
2021-05-01,San Mateo,81,765935,41950,41617,473,42090,411
2021-05-01,Santa Barbara,83,443738,34247,34085,1234,35319,453
2021-05-01,Santa Clara,85,1922200,117238,118265,774,119039,1988
2021-05-01,Santa Cruz,87,273765,16057,15984,871,16855,207
2021-05-01,Shasta,89,179085,11883,11878,1525,13403,197
2021-05-01,Sierra,91,2930,54,53,14,67,0
2021-05-01,Siskiyou,93,43540,1765,1653,329,1982,11
2021-05-01,Solano,95,438530,32202,32124,513,32637,249
2021-05-01,Sonoma,97,501317,29681,29835,326,30161,318
2021-05-01,Stanislaus,99,539301,55085,55005,6041,61046,774
2021-05-01,Sutter,101,95872,9364,9358,86,9444,110
2021-05-01,Tehama,103,63373,4953,4950,586,5536,53
2021-05-01,Trinity,105,12862,368,326,58,384,3
2021-05-01,Tulare,107,460477,49225,48818,9340,58158,835
2021-05-01,Tuolumne,109,53932,4034,4035,35,4070,61
2021-05-01,Ventura,111,848112,80570,80268,3064,83332,1005
2021-05-01,Yolo,113,214977,13831,13784,299,14083,208
2021-05-01,Yuba,115,75493,5898,5875,123,5998,44
2021-04-30,Alameda,1,1643700,86744,86602,1997,88599,1268
2021-04-30,Alpine,3,1148,88,88,0,88,0
2021-04-30,Amador,5,37829,3648,3650,34,3684,46
2021-04-30,Butte,7,227075,12130,11812,1840,13652,197
2021-04-30,Calaveras,9,45235,2107,2087,14,2101,50
2021-04-30,Colusa,11,21464,1922,1931,296,2227,14
2021-04-30,Contra Costa,13,1133247,68211,67684,1281,68965,800
2021-04-30,Del Norte,15,27424,1307,1276,6,1282,6
2021-04-30,El Dorado,17,186661,9982,9906,739,10645,110
2021-04-30,Fresno,19,978130,101122,101263,8860,110123,1670
2021-04-30,Glenn,21,27897,2377,2369,555,2924,17
2021-04-30,Humboldt,23,135768,3869,3834,31,3865,36
2021-04-30,Imperial,25,180216,28202,28244,2859,31103,721
2021-04-30,Inyo,27,18085,1397,1397,3,1400,36
2021-04-30,Kern,29,883053,96174,95605,11048,106653,1298
2021-04-30,Kings,31,150075,22845,22793,1172,23965,246
2021-04-30,Lake,33,64148,3463,3440,9,3449,43
2021-04-30,Lassen,35,31185,5159,5140,110,5250,1
2021-04-30,Los Angeles,37,10098052,1197078,1192393,43433,1235826,23919
2021-04-30,Madera,39,155013,16429,16395,940,17335,235
2021-04-30,Marin,41,260295,13928,13895,253,14148,228
2021-04-30,Mariposa,43,17540,422,417,11,428,5
2021-04-30,Mendocino,45,87422,3838,3777,75,3852,46
2021-04-30,Merced,47,269075,30700,30740,985,31725,444
2021-04-30,Modoc,49,8938,368,360,122,482,3
2021-04-30,Mono,51,14174,1239,1258,12,1270,3
2021-04-30,Monterey,53,433212,42822,42810,1903,44713,379
2021-04-30,Napa,55,140530,9806,9792,32,9824,81
2021-04-30,Nevada,57,99092,4688,4608,192,4800,70
2021-04-30,Orange,59,3164182,253589,252883,11510,264393,4956
2021-04-30,Placer,61,380077,22640,22190,1471,23661,287
2021-04-30,Plumas,63,18699,687,677,11,688,4
2021-04-30,Riverside,65,2383286,289869,287030,14568,301598,4412
2021-04-30,Sacramento,67,1510023,103511,102864,1734,104598,1596
2021-04-30,San Benito,69,59416,6018,6024,116,6140,63
2021-04-30,San Bernardino,71,2135413,291188,290704,8964,299668,4640
2021-04-30,San Diego,73,3302833,277522,276157,0,276157,3702
2021-04-30,San Francisco,75,870044,36246,36453,1360,37813,538
2021-04-30,San Joaquin,77,732212,71884,71311,3620,74931,1306
2021-04-30,San Luis Obispo,79,281455,20971,20884,751,21635,255
2021-04-30,San Mateo,81,765935,41935,41583,472,42055,380
2021-04-30,Santa Barbara,83,443738,34234,34061,1234,35295,451
2021-04-30,Santa Clara,85,1922200,117180,118170,770,118940,1988
2021-04-30,Santa Cruz,87,273765,16052,15975,870,16845,207
2021-04-30,Shasta,89,179085,11862,11848,1522,13370,197
2021-04-30,Sierra,91,2930,54,53,14,67,0
2021-04-30,Siskiyou,93,43540,1754,1628,326,1954,11
2021-04-30,Solano,95,438530,32170,32050,510,32560,249
2021-04-30,Sonoma,97,501317,29671,29816,324,30140,318
2021-04-30,Stanislaus,99,539301,55034,54938,6038,60976,774
2021-04-30,Sutter,101,95872,9362,9353,86,9439,110
2021-04-30,Tehama,103,63373,4951,4944,586,5530,53
2021-04-30,Trinity,105,12862,368,326,58,384,3
2021-04-30,Tulare,107,460477,49216,48797,9323,58120,836
2021-04-30,Tuolumne,109,53932,4033,4033,35,4068,61
2021-04-30,Ventura,111,848112,80530,80232,3059,83291,1004
2021-04-30,Yolo,113,214977,13818,13756,299,14055,208
2021-04-30,Yuba,115,75493,5890,5870,123,5993,44
2021-04-29,Alameda,1,1643700,86679,86490,1995,88485,1263
2021-04-29,Alpine,3,1148,88,88,0,88,0
2021-04-29,Amador,5,37829,3648,3649,34,3683,46
2021-04-29,Butte,7,227075,12115,11787,1838,13625,196
2021-04-29,Calaveras,9,45235,2104,2082,14,2096,50
2021-04-29,Colusa,11,21464,1922,1929,296,2225,14
2021-04-29,Contra Costa,13,1133247,68156,67606,1278,68884,795
2021-04-29,Del Norte,15,27424,1303,1271,6,1277,6
2021-04-29,El Dorado,17,186661,9963,9884,736,10620,107
2021-04-29,Fresno,19,978130,101068,101189,8850,110039,1667
2021-04-29,Glenn,21,27897,2374,2369,555,2924,17
2021-04-29,Humboldt,23,135768,3855,3815,31,3846,36
2021-04-29,Imperial,25,180216,28190,28235,2858,31093,720
2021-04-29,Inyo,27,18085,1397,1396,3,1399,36
2021-04-29,Kern,29,883053,96141,95547,11045,106592,1295
2021-04-29,Kings,31,150075,22835,22777,1167,23944,245
2021-04-29,Lake,33,64148,3455,3438,9,3447,43
2021-04-29,Lassen,35,31185,5159,5140,110,5250,1
2021-04-29,Los Angeles,37,10098052,1196803,1192068,43412,1235480,23899
2021-04-29,Madera,39,155013,16424,16383,939,17322,235
2021-04-29,Marin,41,260295,13924,13884,245,14129,228
2021-04-29,Mariposa,43,17540,421,416,11,427,5
2021-04-29,Mendocino,45,87422,3832,3774,75,3849,46
2021-04-29,Merced,47,269075,30680,30706,985,31691,444
2021-04-29,Modoc,49,8938,368,360,122,482,3
2021-04-29,Mono,51,14174,1237,1259,12,1271,3
2021-04-29,Monterey,53,433212,42806,42797,1902,44699,379
2021-04-29,Napa,55,140530,9792,9789,32,9821,81
2021-04-29,Nevada,57,99092,4677,4590,192,4782,70
2021-04-29,Orange,59,3164182,253520,252823,11495,264318,4934
2021-04-29,Placer,61,380077,22615,22161,1469,23630,286
2021-04-29,Plumas,63,18699,686,676,11,687,4
2021-04-29,Riverside,65,2383286,289802,286947,14564,301511,4409
2021-04-29,Sacramento,67,1510023,103379,102686,1724,104410,1593
2021-04-29,San Benito,69,59416,6017,6023,116,6139,63
2021-04-29,San Bernardino,71,2135413,291115,290606,8959,299565,4609
2021-04-29,San Diego,73,3302833,277373,275961,0,275961,3700
2021-04-29,San Francisco,75,870044,36220,36412,1360,37772,537
2021-04-29,San Joaquin,77,732212,71818,71225,3616,74841,1301
2021-04-29,San Luis Obispo,79,281455,20960,20876,751,21627,255
2021-04-29,San Mateo,81,765935,41907,41538,471,42009,358
2021-04-29,Santa Barbara,83,443738,34218,34039,1232,35271,448
2021-04-29,Santa Clara,85,1922200,117125,118082,768,118850,1984
2021-04-29,Santa Cruz,87,273765,16046,15961,870,16831,205
2021-04-29,Shasta,89,179085,11832,11836,1513,13349,193
2021-04-29,Sierra,91,2930,54,53,14,67,0
2021-04-29,Siskiyou,93,43540,1745,1615,323,1938,11
2021-04-29,Solano,95,438530,32130,32002,505,32507,248
2021-04-29,Sonoma,97,501317,29656,29785,321,30106,318
2021-04-29,Stanislaus,99,539301,54967,54836,6033,60869,774
2021-04-29,Sutter,101,95872,9355,9346,86,9432,110
2021-04-29,Tehama,103,63373,4943,4939,586,5525,53
2021-04-29,Trinity,105,12862,368,326,58,384,3
2021-04-29,Tulare,107,460477,49200,48785,9310,58095,832
2021-04-29,Tuolumne,109,53932,4032,4030,35,4065,58
2021-04-29,Ventura,111,848112,80496,80188,3057,83245,1002
2021-04-29,Yolo,113,214977,13798,13745,298,14043,205
2021-04-29,Yuba,115,75493,5880,5865,123,5988,44
2021-04-28,Alameda,1,1643700,86607,86390,1991,88381,1260
2021-04-28,Alpine,3,1148,88,88,0,88,0
2021-04-28,Amador,5,37829,3648,3646,34,3680,46
2021-04-28,Butte,7,227075,12095,11762,1833,13595,196
2021-04-28,Calaveras,9,45235,2100,2078,13,2091,50
2021-04-28,Colusa,11,21464,1919,1927,295,2222,14
2021-04-28,Contra Costa,13,1133247,68096,67539,1277,68816,795
2021-04-28,Del Norte,15,27424,1295,1267,6,1273,6
2021-04-28,El Dorado,17,186661,9939,9873,736,10609,107
2021-04-28,Fresno,19,978130,101021,101161,8839,110000,1666
2021-04-28,Glenn,21,27897,2371,2368,555,2923,17
2021-04-28,Humboldt,23,135768,3839,3796,31,3827,36
2021-04-28,Imperial,25,180216,28176,28177,2857,31034,720
2021-04-28,Inyo,27,18085,1397,1396,2,1398,36
2021-04-28,Kern,29,883053,96111,95494,11036,106530,1295
2021-04-28,Kings,31,150075,22824,22767,1164,23931,245
2021-04-28,Lake,33,64148,3452,3433,9,3442,43
2021-04-28,Lassen,35,31185,5159,5138,110,5248,1
2021-04-28,Los Angeles,37,10098052,1196508,1191729,43385,1235114,23858
2021-04-28,Madera,39,155013,16420,16372,939,17311,235
2021-04-28,Marin,41,260295,13913,13866,245,14111,227
2021-04-28,Mariposa,43,17540,418,415,11,426,5
2021-04-28,Mendocino,45,87422,3826,3770,73,3843,46
2021-04-28,Merced,47,269075,30661,30649,985,31634,443
2021-04-28,Modoc,49,8938,368,360,122,482,3
2021-04-28,Mono,51,14174,1237,1258,12,1270,3
2021-04-28,Monterey,53,433212,42801,42776,1902,44678,379
2021-04-28,Napa,55,140530,9781,9777,32,9809,81
2021-04-28,Nevada,57,99092,4658,4570,192,4762,70
2021-04-28,Orange,59,3164182,253442,252747,11480,264227,4931
2021-04-28,Placer,61,380077,22588,22115,1468,23583,285
2021-04-28,Plumas,63,18699,686,676,11,687,4
2021-04-28,Riverside,65,2383286,289746,286868,14559,301427,4407
2021-04-28,Sacramento,67,1510023,103256,102613,1720,104333,1591
2021-04-28,San Benito,69,59416,6015,6021,116,6137,63
2021-04-28,San Bernardino,71,2135413,291040,290548,8947,299495,4582
2021-04-28,San Diego,73,3302833,277218,275821,0,275821,3698
2021-04-28,San Francisco,75,870044,36191,36382,1359,37741,534
2021-04-28,San Joaquin,77,732212,71738,71171,3608,74779,1301
2021-04-28,San Luis Obispo,79,281455,20952,20851,751,21602,255
2021-04-28,San Mateo,81,765935,41882,41498,469,41967,358
2021-04-28,Santa Barbara,83,443738,34204,34003,1232,35235,448
2021-04-28,Santa Clara,85,1922200,117056,117997,765,118762,1969
2021-04-28,Santa Cruz,87,273765,16042,15943,869,16812,205
2021-04-28,Shasta,89,179085,11817,11815,1505,13320,192
2021-04-28,Sierra,91,2930,54,51,14,65,0
2021-04-28,Siskiyou,93,43540,1732,1603,321,1924,11
2021-04-28,Solano,95,438530,32098,31982,501,32483,248
2021-04-28,Sonoma,97,501317,29642,29773,317,30090,318
2021-04-28,Stanislaus,99,539301,54912,54745,6029,60774,774
2021-04-28,Sutter,101,95872,9350,9343,86,9429,110
2021-04-28,Tehama,103,63373,4937,4930,585,5515,53
2021-04-28,Trinity,105,12862,368,326,58,384,3
2021-04-28,Tulare,107,460477,49183,48754,9294,58048,832
2021-04-28,Tuolumne,109,53932,4029,4029,35,4064,58
2021-04-28,Ventura,111,848112,80461,80172,3054,83226,1000
2021-04-28,Yolo,113,214977,13783,13721,297,14018,205
2021-04-28,Yuba,115,75493,5874,5857,123,5980,44
2021-04-27,Alameda,1,1643700,86510,86301,1986,88287,1260
2021-04-27,Alpine,3,1148,88,88,0,88,0
2021-04-27,Amador,5,37829,3648,3645,34,3679,46
2021-04-27,Butte,7,227075,12070,11738,1827,13565,196
2021-04-27,Calaveras,9,45235,2097,2076,13,2089,50
2021-04-27,Colusa,11,21464,1918,1926,295,2221,14
2021-04-27,Contra Costa,13,1133247,68027,67470,1273,68743,791
2021-04-27,Del Norte,15,27424,1283,1266,6,1272,6
2021-04-27,El Dorado,17,186661,9910,9866,733,10599,106
2021-04-27,Fresno,19,978130,100958,101138,8827,109965,1663
2021-04-27,Glenn,21,27897,2371,2368,555,2923,17
2021-04-27,Humboldt,23,135768,3827,3780,31,3811,35
2021-04-27,Imperial,25,180216,28160,28149,2851,31000,720
2021-04-27,Inyo,27,18085,1397,1396,2,1398,36
2021-04-27,Kern,29,883053,96056,95466,11023,106489,1295
2021-04-27,Kings,31,150075,22810,22759,1161,23920,244
2021-04-27,Lake,33,64148,3451,3431,9,3440,43
2021-04-27,Lassen,35,31185,5159,5137,110,5247,1
2021-04-27,Los Angeles,37,10098052,1196189,1191504,43354,1234858,23825
2021-04-27,Madera,39,155013,16413,16365,939,17304,235
2021-04-27,Marin,41,260295,13892,13855,244,14099,227
2021-04-27,Mariposa,43,17540,417,413,11,424,5
2021-04-27,Mendocino,45,87422,3822,3765,73,3838,46
2021-04-27,Merced,47,269075,30621,30620,985,31605,443
2021-04-27,Modoc,49,8938,367,360,122,482,3
2021-04-27,Mono,51,14174,1237,1257,12,1269,3
2021-04-27,Monterey,53,433212,42783,42752,1899,44651,379
2021-04-27,Napa,55,140530,9774,9774,32,9806,81
2021-04-27,Nevada,57,99092,4643,4557,192,4749,70
2021-04-27,Orange,59,3164182,253374,252667,11474,264141,4925
2021-04-27,Placer,61,380077,22557,22050,1465,23515,285
2021-04-27,Plumas,63,18699,685,675,11,686,4
2021-04-27,Riverside,65,2383286,289673,286820,14554,301374,4405
2021-04-27,Sacramento,67,1510023,103129,102595,1710,104305,1589
2021-04-27,San Benito,69,59416,6010,6016,116,6132,63
2021-04-27,San Bernardino,71,2135413,290971,290461,8942,299403,4575
2021-04-27,San Diego,73,3302833,277062,275685,0,275685,3692
2021-04-27,San Francisco,75,870044,36163,36358,1358,37716,533
2021-04-27,San Joaquin,77,732212,71685,71104,3603,74707,1301
2021-04-27,San Luis Obispo,79,281455,20945,20841,751,21592,255
2021-04-27,San Mateo,81,765935,41848,41474,468,41942,358
2021-04-27,Santa Barbara,83,443738,34180,33973,1231,35204,448
2021-04-27,Santa Clara,85,1922200,117006,117945,764,118709,1969
2021-04-27,Santa Cruz,87,273765,16035,15905,868,16773,205
2021-04-27,Shasta,89,179085,11790,11802,1498,13300,192
2021-04-27,Sierra,91,2930,54,51,14,65,0
2021-04-27,Siskiyou,93,43540,1717,1597,320,1917,11
2021-04-27,Solano,95,438530,32050,31964,500,32464,248
2021-04-27,Sonoma,97,501317,29623,29761,316,30077,318
2021-04-27,Stanislaus,99,539301,54842,54695,6021,60716,752
2021-04-27,Sutter,101,95872,9345,9342,86,9428,110
2021-04-27,Tehama,103,63373,4934,4922,581,5503,53
2021-04-27,Trinity,105,12862,368,326,58,384,3
2021-04-27,Tulare,107,460477,49167,48744,9284,58028,832
2021-04-27,Tuolumne,109,53932,4026,4028,35,4063,58
2021-04-27,Ventura,111,848112,80432,80152,3052,83204,1000
2021-04-27,Yolo,113,214977,13770,13697,295,13992,205
2021-04-27,Yuba,115,75493,5874,5853,123,5976,44
2021-04-26,Alameda,1,1643700,86419,86230,1982,88212,1256
2021-04-26,Alpine,3,1148,88,88,0,88,0
2021-04-26,Amador,5,37829,3647,3645,34,3679,46
2021-04-26,Butte,7,227075,12046,11720,1823,13543,196
2021-04-26,Calaveras,9,45235,2088,2074,13,2087,50
2021-04-26,Colusa,11,21464,1918,1925,294,2219,14
2021-04-26,Contra Costa,13,1133247,67959,67392,1270,68662,789
2021-04-26,Del Norte,15,27424,1274,1263,6,1269,6
2021-04-26,El Dorado,17,186661,9889,9849,732,10581,106
2021-04-26,Fresno,19,978130,100903,101099,8814,109913,1662
2021-04-26,Glenn,21,27897,2369,2367,555,2922,17
2021-04-26,Humboldt,23,135768,3817,3764,30,3794,35
2021-04-26,Imperial,25,180216,28147,28148,2848,30996,720
2021-04-26,Inyo,27,18085,1396,1396,2,1398,36
2021-04-26,Kern,29,883053,96030,95429,11016,106445,1295
2021-04-26,Kings,31,150075,22807,22756,1158,23914,244
2021-04-26,Lake,33,64148,3446,3428,9,3437,43
2021-04-26,Lassen,35,31185,5159,5138,110,5248,1
2021-04-26,Los Angeles,37,10098052,1195866,1191253,43333,1234586,23802
2021-04-26,Madera,39,155013,16401,16353,938,17291,231
2021-04-26,Marin,41,260295,13877,13849,244,14093,227
2021-04-26,Mariposa,43,17540,416,410,11,421,5
2021-04-26,Mendocino,45,87422,3820,3757,73,3830,46
2021-04-26,Merced,47,269075,30604,30611,982,31593,443
2021-04-26,Modoc,49,8938,367,360,122,482,3
2021-04-26,Mono,51,14174,1237,1258,12,1270,3
2021-04-26,Monterey,53,433212,42767,42740,1898,44638,379
2021-04-26,Napa,55,140530,9762,9769,32,9801,79
2021-04-26,Nevada,57,99092,4622,4548,192,4740,70
2021-04-26,Orange,59,3164182,253289,252592,11462,264054,4919
2021-04-26,Placer,61,380077,22528,22032,1460,23492,285
2021-04-26,Plumas,63,18699,685,670,11,681,4
2021-04-26,Riverside,65,2383286,289612,286724,14545,301269,4401
2021-04-26,Sacramento,67,1510023,102957,102459,1696,104155,1587
2021-04-26,San Benito,69,59416,6008,6013,116,6129,63
2021-04-26,San Bernardino,71,2135413,290919,290394,8940,299334,4572
2021-04-26,San Diego,73,3302833,276888,275541,0,275541,3692
2021-04-26,San Francisco,75,870044,36136,36330,1356,37686,532
2021-04-26,San Joaquin,77,732212,71619,71050,3595,74645,1301
2021-04-26,San Luis Obispo,79,281455,20937,20830,750,21580,255
2021-04-26,San Mateo,81,765935,41818,41457,468,41925,357
2021-04-26,Santa Barbara,83,443738,34149,33948,1231,35179,448
2021-04-26,Santa Clara,85,1922200,116907,117874,760,118634,1968
2021-04-26,Santa Cruz,87,273765,16026,15877,868,16745,205
2021-04-26,Shasta,89,179085,11773,11787,1491,13278,192
2021-04-26,Sierra,91,2930,53,51,14,65,0
2021-04-26,Siskiyou,93,43540,1707,1592,316,1908,11
2021-04-26,Solano,95,438530,32005,31913,498,32411,247
2021-04-26,Sonoma,97,501317,29600,29755,314,30069,318
2021-04-26,Stanislaus,99,539301,54752,54638,6015,60653,744
2021-04-26,Sutter,101,95872,9340,9328,86,9414,110
2021-04-26,Tehama,103,63373,4929,4920,578,5498,53
2021-04-26,Trinity,105,12862,368,326,58,384,3
2021-04-26,Tulare,107,460477,49147,48735,9274,58009,831
2021-04-26,Tuolumne,109,53932,4025,4024,35,4059,58
2021-04-26,Ventura,111,848112,80407,80137,3049,83186,999
2021-04-26,Yolo,113,214977,13750,13684,292,13976,205
2021-04-26,Yuba,115,75493,5872,5851,123,5974,44
2021-04-25,Alameda,1,1643700,86312,86162,1975,88137,1256
2021-04-25,Alpine,3,1148,88,87,0,87,0
2021-04-25,Amador,5,37829,3646,3643,34,3677,46
2021-04-25,Butte,7,227075,12017,11709,1816,13525,196
2021-04-25,Calaveras,9,45235,2082,2072,12,2084,50
2021-04-25,Colusa,11,21464,1917,1924,294,2218,14
2021-04-25,Contra Costa,13,1133247,67867,67316,1269,68585,789
2021-04-25,Del Norte,15,27424,1268,1259,6,1265,6
2021-04-25,El Dorado,17,186661,9873,9837,730,10567,106
2021-04-25,Fresno,19,978130,100845,101061,8802,109863,1662
2021-04-25,Glenn,21,27897,2369,2366,555,2921,17
2021-04-25,Humboldt,23,135768,3804,3751,30,3781,35
2021-04-25,Imperial,25,180216,28122,28136,2844,30980,720
2021-04-25,Inyo,27,18085,1396,1396,2,1398,36
2021-04-25,Kern,29,883053,95967,95398,11001,106399,1295
2021-04-25,Kings,31,150075,22793,22755,1156,23911,244
2021-04-25,Lake,33,64148,3444,3427,9,3436,43
2021-04-25,Lassen,35,31185,5157,5138,110,5248,1
2021-04-25,Los Angeles,37,10098052,1195535,1190970,43311,1234281,23799
2021-04-25,Madera,39,155013,16389,16346,938,17284,231
2021-04-25,Marin,41,260295,13868,13852,244,14096,227
2021-04-25,Mariposa,43,17540,416,410,11,421,5
2021-04-25,Mendocino,45,87422,3813,3757,73,3830,46
2021-04-25,Merced,47,269075,30569,30586,982,31568,443
2021-04-25,Modoc,49,8938,367,360,122,482,3
2021-04-25,Mono,51,14174,1237,1257,12,1269,3
2021-04-25,Monterey,53,433212,42754,42737,1896,44633,379
2021-04-25,Napa,55,140530,9757,9762,32,9794,79
2021-04-25,Nevada,57,99092,4610,4536,192,4728,70
2021-04-25,Orange,59,3164182,253211,252531,11455,263986,4919
2021-04-25,Placer,61,380077,22481,22011,1452,23463,285
2021-04-25,Plumas,63,18699,684,670,11,681,4
2021-04-25,Riverside,65,2383286,289519,286651,14539,301190,4401
2021-04-25,Sacramento,67,1510023,102788,102319,1686,104005,1587
2021-04-25,San Benito,69,59416,6006,6014,115,6129,63
2021-04-25,San Bernardino,71,2135413,290844,290357,8932,299289,4571
2021-04-25,San Diego,73,3302833,276675,275412,0,275412,3692
2021-04-25,San Francisco,75,870044,36106,36310,1356,37666,532
2021-04-25,San Joaquin,77,732212,71524,70987,3585,74572,1301
2021-04-25,San Luis Obispo,79,281455,20918,20820,748,21568,255
2021-04-25,San Mateo,81,765935,41784,41465,467,41932,356
2021-04-25,Santa Barbara,83,443738,34123,33931,1231,35162,448
2021-04-25,Santa Clara,85,1922200,116828,117778,758,118536,1968
2021-04-25,Santa Cruz,87,273765,16020,15868,866,16734,205
2021-04-25,Shasta,89,179085,11750,11784,1486,13270,192
2021-04-25,Sierra,91,2930,53,51,14,65,0
2021-04-25,Siskiyou,93,43540,1696,1580,314,1894,11
2021-04-25,Solano,95,438530,31958,31864,490,32354,247
2021-04-25,Sonoma,97,501317,29582,29756,314,30070,318
2021-04-25,Stanislaus,99,539301,54657,54543,6006,60549,744
2021-04-25,Sutter,101,95872,9334,9326,86,9412,110
2021-04-25,Tehama,103,63373,4925,4916,576,5492,53
2021-04-25,Trinity,105,12862,368,326,58,384,3
2021-04-25,Tulare,107,460477,49132,48728,9260,57988,831
2021-04-25,Tuolumne,109,53932,4023,4022,35,4057,58
2021-04-25,Ventura,111,848112,80383,80110,3049,83159,999
2021-04-25,Yolo,113,214977,13728,13667,290,13957,205
2021-04-25,Yuba,115,75493,5869,5849,122,5971,44
2021-04-24,Alameda,1,1643700,86258,86016,1973,87989,1257
2021-04-24,Alpine,3,1148,88,86,0,86,0
2021-04-24,Amador,5,37829,3645,3640,34,3674,46
2021-04-24,Butte,7,227075,12001,11678,1814,13492,196
2021-04-24,Calaveras,9,45235,2079,2067,12,2079,50
2021-04-24,Colusa,11,21464,1916,1921,294,2215,14
2021-04-24,Contra Costa,13,1133247,67798,67222,1267,68489,789
2021-04-24,Del Norte,15,27424,1263,1255,6,1261,6
2021-04-24,El Dorado,17,186661,9862,9814,729,10543,106
2021-04-24,Fresno,19,978130,100814,100991,8796,109787,1662
2021-04-24,Glenn,21,27897,2369,2363,555,2918,17
2021-04-24,Humboldt,23,135768,3790,3722,30,3752,35
2021-04-24,Imperial,25,180216,28115,28124,2843,30967,720
2021-04-24,Inyo,27,18085,1395,1396,2,1398,36
2021-04-24,Kern,29,883053,95949,95365,10990,106355,1295
2021-04-24,Kings,31,150075,22790,22749,1156,23905,244
2021-04-24,Lake,33,64148,3443,3426,9,3435,43
2021-04-24,Lassen,35,31185,5156,5137,110,5247,1
2021-04-24,Los Angeles,37,10098052,1195313,1190603,43291,1233894,23802
2021-04-24,Madera,39,155013,16386,16338,938,17276,231
2021-04-24,Marin,41,260295,13860,13847,244,14091,227
2021-04-24,Mariposa,43,17540,416,409,11,420,5
2021-04-24,Mendocino,45,87422,3811,3754,72,3826,46
2021-04-24,Merced,47,269075,30549,30559,982,31541,443
2021-04-24,Modoc,49,8938,367,360,122,482,3
2021-04-24,Mono,51,14174,1237,1256,12,1268,3
2021-04-24,Monterey,53,433212,42742,42727,1895,44622,379
2021-04-24,Napa,55,140530,9751,9756,32,9788,79
2021-04-24,Nevada,57,99092,4603,4522,192,4714,70
2021-04-24,Orange,59,3164182,253167,252441,11450,263891,4910
2021-04-24,Placer,61,380077,22469,21983,1451,23434,285
2021-04-24,Plumas,63,18699,683,670,11,681,4
2021-04-24,Riverside,65,2383286,289451,286552,14535,301087,4400
2021-04-24,Sacramento,67,1510023,102704,102179,1679,103858,1587
2021-04-24,San Benito,69,59416,6004,6007,115,6122,63
2021-04-24,San Bernardino,71,2135413,290797,290264,8930,299194,4568
2021-04-24,San Diego,73,3302833,276571,275252,0,275252,3688
2021-04-24,San Francisco,75,870044,36077,36285,1352,37637,532
2021-04-24,San Joaquin,77,732212,71481,70911,3581,74492,1301
2021-04-24,San Luis Obispo,79,281455,20908,20797,747,21544,255
2021-04-24,San Mateo,81,765935,41771,41424,465,41889,355
2021-04-24,Santa Barbara,83,443738,34108,33911,1230,35141,448
2021-04-24,Santa Clara,85,1922200,116773,117674,756,118430,1968
2021-04-24,Santa Cruz,87,273765,16012,15840,866,16706,205
2021-04-24,Shasta,89,179085,11732,11770,1483,13253,192
2021-04-24,Sierra,91,2930,53,51,14,65,0
2021-04-24,Siskiyou,93,43540,1686,1574,313,1887,11
2021-04-24,Solano,95,438530,31935,31821,488,32309,247
2021-04-24,Sonoma,97,501317,29580,29739,314,30053,318
2021-04-24,Stanislaus,99,539301,54608,54455,6003,60458,744
2021-04-24,Sutter,101,95872,9331,9316,86,9402,110
2021-04-24,Tehama,103,63373,4920,4907,576,5483,53
2021-04-24,Trinity,105,12862,368,326,58,384,3
2021-04-24,Tulare,107,460477,49121,48705,9250,57955,830
2021-04-24,Tuolumne,109,53932,4019,4020,35,4055,58
2021-04-24,Ventura,111,848112,80370,80097,3047,83144,999
2021-04-24,Yolo,113,214977,13717,13653,290,13943,205
2021-04-24,Yuba,115,75493,5867,5837,122,5959,44
2021-04-23,Alameda,1,1643700,86187,85935,1971,87906,1256
2021-04-23,Alpine,3,1148,87,86,0,86,0
2021-04-23,Amador,5,37829,3644,3637,34,3671,46
2021-04-23,Butte,7,227075,11980,11672,1809,13481,196
2021-04-23,Calaveras,9,45235,2077,2064,12,2076,50
2021-04-23,Colusa,11,21464,1915,1921,294,2215,14
2021-04-23,Contra Costa,13,1133247,67744,67164,1263,68427,785
2021-04-23,Del Norte,15,27424,1262,1254,6,1260,6
2021-04-23,El Dorado,17,186661,9845,9788,726,10514,106
2021-04-23,Fresno,19,978130,100774,100928,8789,109717,1662
2021-04-23,Glenn,21,27897,2369,2361,554,2915,17
2021-04-23,Humboldt,23,135768,3779,3698,30,3728,35
2021-04-23,Imperial,25,180216,28100,28108,2842,30950,720
2021-04-23,Inyo,27,18085,1395,1395,2,1397,36
2021-04-23,Kern,29,883053,95924,95330,10985,106315,1295
2021-04-23,Kings,31,150075,22787,22735,1156,23891,244
2021-04-23,Lake,33,64148,3441,3425,9,3434,43
2021-04-23,Lassen,35,31185,5156,5141,110,5251,1
2021-04-23,Los Angeles,37,10098052,1195051,1190264,43265,1233529,23785
2021-04-23,Madera,39,155013,16377,16328,938,17266,231
2021-04-23,Marin,41,260295,13855,13838,244,14082,227
2021-04-23,Mariposa,43,17540,415,405,11,416,5
2021-04-23,Mendocino,45,87422,3809,3745,71,3816,46
2021-04-23,Merced,47,269075,30531,30530,982,31512,443
2021-04-23,Modoc,49,8938,367,360,122,482,3
2021-04-23,Mono,51,14174,1235,1256,12,1268,3
2021-04-23,Monterey,53,433212,42736,42722,1895,44617,377
2021-04-23,Napa,55,140530,9745,9752,32,9784,79
2021-04-23,Nevada,57,99092,4594,4510,192,4702,70
2021-04-23,Orange,59,3164182,253124,252399,11443,263842,4904
2021-04-23,Placer,61,380077,22446,21959,1450,23409,282
2021-04-23,Plumas,63,18699,682,670,11,681,4
2021-04-23,Riverside,65,2383286,289394,286456,14529,300985,4399
2021-04-23,Sacramento,67,1510023,102617,102041,1676,103717,1586
2021-04-23,San Benito,69,59416,6002,6005,115,6120,63
2021-04-23,San Bernardino,71,2135413,290747,290189,8928,299117,4568
2021-04-23,San Diego,73,3302833,276432,275097,0,275097,3684
2021-04-23,San Francisco,75,870044,36060,36252,1351,37603,532
2021-04-23,San Joaquin,77,732212,71425,70840,3578,74418,1295
2021-04-23,San Luis Obispo,79,281455,20899,20781,746,21527,255
2021-04-23,San Mateo,81,765935,41744,41386,465,41851,355
2021-04-23,Santa Barbara,83,443738,34098,33895,1228,35123,447
2021-04-23,Santa Clara,85,1922200,116712,117593,755,118348,1965
2021-04-23,Santa Cruz,87,273765,16005,15802,866,16668,205
2021-04-23,Shasta,89,179085,11725,11759,1482,13241,192
2021-04-23,Sierra,91,2930,53,51,14,65,0
2021-04-23,Siskiyou,93,43540,1674,1567,311,1878,11
2021-04-23,Solano,95,438530,31903,31784,484,32268,247
2021-04-23,Sonoma,97,501317,29567,29727,314,30041,318
2021-04-23,Stanislaus,99,539301,54545,54391,5995,60386,744
2021-04-23,Sutter,101,95872,9329,9312,86,9398,110
2021-04-23,Tehama,103,63373,4917,4906,576,5482,53
2021-04-23,Trinity,105,12862,368,326,58,384,3
2021-04-23,Tulare,107,460477,49104,48694,9242,57936,829
2021-04-23,Tuolumne,109,53932,4018,4020,35,4055,58
2021-04-23,Ventura,111,848112,80351,80095,3047,83142,996
2021-04-23,Yolo,113,214977,13706,13647,289,13936,205
2021-04-23,Yuba,115,75493,5864,5828,122,5950,44
2021-04-22,Alameda,1,1643700,86095,85829,1970,87799,1253
2021-04-22,Alpine,3,1148,87,86,0,86,0
2021-04-22,Amador,5,37829,3643,3633,34,3667,46
2021-04-22,Butte,7,227075,11966,11656,1806,13462,196
2021-04-22,Calaveras,9,45235,2075,2059,12,2071,50
2021-04-22,Colusa,11,21464,1913,1920,292,2212,14
2021-04-22,Contra Costa,13,1133247,67673,67029,1257,68286,782
2021-04-22,Del Norte,15,27424,1257,1252,6,1258,6
2021-04-22,El Dorado,17,186661,9834,9773,723,10496,106
2021-04-22,Fresno,19,978130,100730,100864,8778,109642,1657
2021-04-22,Glenn,21,27897,2368,2361,554,2915,17
2021-04-22,Humboldt,23,135768,3770,3680,30,3710,35
2021-04-22,Imperial,25,180216,28078,28096,2839,30935,720
2021-04-22,Inyo,27,18085,1394,1394,2,1396,36
2021-04-22,Kern,29,883053,95881,95292,10970,106262,1299
2021-04-22,Kings,31,150075,22777,22725,1156,23881,243
2021-04-22,Lake,33,64148,3439,3423,9,3432,43
2021-04-22,Lassen,35,31185,5156,5155,110,5265,1
2021-04-22,Los Angeles,37,10098052,1194734,1189878,43241,1233119,23762
2021-04-22,Madera,39,155013,16358,16316,938,17254,231
2021-04-22,Marin,41,260295,13847,13832,244,14076,227
2021-04-22,Mariposa,43,17540,414,403,11,414,5
2021-04-22,Mendocino,45,87422,3803,3729,71,3800,46
2021-04-22,Merced,47,269075,30496,30490,981,31471,443
2021-04-22,Modoc,49,8938,367,360,122,482,3
2021-04-22,Mono,51,14174,1235,1254,12,1266,3
2021-04-22,Monterey,53,433212,42729,42708,1893,44601,377
2021-04-22,Napa,55,140530,9735,9734,32,9766,79
2021-04-22,Nevada,57,99092,4585,4504,190,4694,70
2021-04-22,Orange,59,3164182,253053,252307,11431,263738,4898
2021-04-22,Placer,61,380077,22416,21916,1446,23362,282
2021-04-22,Plumas,63,18699,681,670,11,681,4
2021-04-22,Riverside,65,2383286,289300,286362,14520,300882,4398
2021-04-22,Sacramento,67,1510023,102468,101870,1666,103536,1585
2021-04-22,San Benito,69,59416,5998,5998,115,6113,63
2021-04-22,San Bernardino,71,2135413,290674,290125,8920,299045,4571
2021-04-22,San Diego,73,3302833,276266,275913,0,275913,3684
2021-04-22,San Francisco,75,870044,36038,36218,1348,37566,532
2021-04-22,San Joaquin,77,732212,71366,70751,3572,74323,1295
2021-04-22,San Luis Obispo,79,281455,20885,20761,746,21507,255
2021-04-22,San Mateo,81,765935,41717,41345,463,41808,355
2021-04-22,Santa Barbara,83,443738,34075,33870,1227,35097,446
2021-04-22,Santa Clara,85,1922200,116623,117457,751,118208,1954
2021-04-22,Santa Cruz,87,273765,16002,15737,865,16602,205
2021-04-22,Shasta,89,179085,11710,11738,1479,13217,192
2021-04-22,Sierra,91,2930,53,51,14,65,0
2021-04-22,Siskiyou,93,43540,1670,1564,310,1874,11
2021-04-22,Solano,95,438530,31857,31731,481,32212,247
2021-04-22,Sonoma,97,501317,29553,29705,310,30015,318
2021-04-22,Stanislaus,99,539301,54472,54313,5989,60302,744
2021-04-22,Sutter,101,95872,9325,9302,86,9388,110
2021-04-22,Tehama,103,63373,4911,4896,572,5468,53
2021-04-22,Trinity,105,12862,368,326,58,384,3
2021-04-22,Tulare,107,460477,49085,48669,9232,57901,828
2021-04-22,Tuolumne,109,53932,4014,4020,35,4055,58
2021-04-22,Ventura,111,848112,80326,80073,3045,83118,996
2021-04-22,Yolo,113,214977,13685,13616,289,13905,205
2021-04-22,Yuba,115,75493,5853,5825,122,5947,44
2021-04-21,Alameda,1,1643700,86014,85762,1968,87730,1249
2021-04-21,Alpine,3,1148,87,86,0,86,0
2021-04-21,Amador,5,37829,3640,3632,34,3666,46
2021-04-21,Butte,7,227075,11946,11643,1804,13447,196
2021-04-21,Calaveras,9,45235,2064,2057,12,2069,50
2021-04-21,Colusa,11,21464,1911,1920,291,2211,14
2021-04-21,Contra Costa,13,1133247,67607,66981,1256,68237,782
2021-04-21,Del Norte,15,27424,1253,1252,6,1258,6
2021-04-21,El Dorado,17,186661,9817,9760,721,10481,106
2021-04-21,Fresno,19,978130,100674,100838,8772,109610,1654
2021-04-21,Glenn,21,27897,2367,2361,554,2915,17
2021-04-21,Humboldt,23,135768,3750,3642,30,3672,35
2021-04-21,Imperial,25,180216,28066,28052,2838,30890,719
2021-04-21,Inyo,27,18085,1394,1392,2,1394,36
2021-04-21,Kern,29,883053,95837,95257,10960,106217,1297
2021-04-21,Kings,31,150075,22770,22713,1155,23868,243
2021-04-21,Lake,33,64148,3436,3421,9,3430,43
2021-04-21,Lassen,35,31185,5155,5156,110,5266,1
2021-04-21,Los Angeles,37,10098052,1194398,1189530,43217,1232747,23729
2021-04-21,Madera,39,155013,16353,16309,938,17247,231
2021-04-21,Marin,41,260295,13832,13822,244,14066,227
2021-04-21,Mariposa,43,17540,413,402,11,413,5
2021-04-21,Mendocino,45,87422,3801,3729,71,3800,46
2021-04-21,Merced,47,269075,30475,30471,980,31451,442
2021-04-21,Modoc,49,8938,367,360,122,482,3
2021-04-21,Mono,51,14174,1235,1254,12,1266,3
2021-04-21,Monterey,53,433212,42714,42699,1891,44590,377
2021-04-21,Napa,55,140530,9729,9727,32,9759,79
2021-04-21,Nevada,57,99092,4571,4499,190,4689,70
2021-04-21,Orange,59,3164182,252978,252243,11418,263661,4889
2021-04-21,Placer,61,380077,22386,21896,1441,23337,282
2021-04-21,Plumas,63,18699,681,670,11,681,4
2021-04-21,Riverside,65,2383286,289207,286299,14513,300812,4388
2021-04-21,Sacramento,67,1510023,102342,101803,1660,103463,1579
2021-04-21,San Benito,69,59416,5995,5998,115,6113,63
2021-04-21,San Bernardino,71,2135413,290599,290049,8918,298967,4572
2021-04-21,San Diego,73,3302833,276058,275632,0,275632,3681
2021-04-21,San Francisco,75,870044,36018,36194,1347,37541,529
2021-04-21,San Joaquin,77,732212,71312,70687,3561,74248,1295
2021-04-21,San Luis Obispo,79,281455,20870,20724,745,21469,255
2021-04-21,San Mateo,81,765935,41685,41318,462,41780,355
2021-04-21,Santa Barbara,83,443738,34056,33830,1226,35056,445
2021-04-21,Santa Clara,85,1922200,116547,117318,745,118063,1946
2021-04-21,Santa Cruz,87,273765,15993,15698,865,16563,204
2021-04-21,Shasta,89,179085,11691,11722,1477,13199,192
2021-04-21,Sierra,91,2930,53,51,14,65,0
2021-04-21,Siskiyou,93,43540,1663,1557,310,1867,11
2021-04-21,Solano,95,438530,31818,31712,480,32192,244
2021-04-21,Sonoma,97,501317,29541,29697,308,30005,318
2021-04-21,Stanislaus,99,539301,54411,54290,5983,60273,742
2021-04-21,Sutter,101,95872,9317,9297,86,9383,110
2021-04-21,Tehama,103,63373,4904,4893,571,5464,53
2021-04-21,Trinity,105,12862,368,326,58,384,3
2021-04-21,Tulare,107,460477,49070,48653,9219,57872,828
2021-04-21,Tuolumne,109,53932,4011,4019,35,4054,58
2021-04-21,Ventura,111,848112,80294,80039,3042,83081,996
2021-04-21,Yolo,113,214977,13665,13606,288,13894,200
2021-04-21,Yuba,115,75493,5846,5822,121,5943,44
2021-04-20,Alameda,1,1643700,85920,85652,1966,87618,1248
2021-04-20,Alpine,3,1148,86,85,0,85,0
2021-04-20,Amador,5,37829,3639,3631,34,3665,46
2021-04-20,Butte,7,227075,11928,11619,1802,13421,196
2021-04-20,Calaveras,9,45235,2062,2053,12,2065,50
2021-04-20,Colusa,11,21464,1911,1915,290,2205,14
2021-04-20,Contra Costa,13,1133247,67523,66889,1253,68142,782
2021-04-20,Del Norte,15,27424,1252,1250,6,1256,6
2021-04-20,El Dorado,17,186661,9789,9743,719,10462,106
2021-04-20,Fresno,19,978130,100616,100768,8763,109531,1650
2021-04-20,Glenn,21,27897,2365,2359,553,2912,17
2021-04-20,Humboldt,23,135768,3729,3612,30,3642,35
2021-04-20,Imperial,25,180216,28047,28024,2835,30859,719
2021-04-20,Inyo,27,18085,1394,1393,2,1395,36
2021-04-20,Kern,29,883053,95801,95223,10943,106166,1295
2021-04-20,Kings,31,150075,22764,22693,1152,23845,243
2021-04-20,Lake,33,64148,3434,3418,9,3427,43
2021-04-20,Lassen,35,31185,5155,5155,110,5265,1
2021-04-20,Los Angeles,37,10098052,1194055,1189256,43187,1232443,23694
2021-04-20,Madera,39,155013,16347,16301,938,17239,231
2021-04-20,Marin,41,260295,13818,13807,244,14051,227
2021-04-20,Mariposa,43,17540,412,402,11,413,5
2021-04-20,Mendocino,45,87422,3800,3726,71,3797,46
2021-04-20,Merced,47,269075,30447,30439,980,31419,441
2021-04-20,Modoc,49,8938,367,359,122,481,3
2021-04-20,Mono,51,14174,1234,1254,12,1266,3
2021-04-20,Monterey,53,433212,42703,42663,1888,44551,363
2021-04-20,Napa,55,140530,9725,9711,32,9743,79
2021-04-20,Nevada,57,99092,4554,4485,189,4674,70
2021-04-20,Orange,59,3164182,252889,252134,11407,263541,4887
2021-04-20,Placer,61,380077,22352,21846,1437,23283,282
2021-04-20,Plumas,63,18699,680,670,11,681,4
2021-04-20,Riverside,65,2383286,289114,286194,14507,300701,4388
2021-04-20,Sacramento,67,1510023,102204,101629,1652,103281,1574
2021-04-20,San Benito,69,59416,5992,5988,115,6103,63
2021-04-20,San Bernardino,71,2135413,290519,289905,8915,298820,4569
2021-04-20,San Diego,73,3302833,275828,275369,0,275369,3674
2021-04-20,San Francisco,75,870044,35999,36117,1346,37463,529
2021-04-20,San Joaquin,77,732212,71239,70590,3552,74142,1289
2021-04-20,San Luis Obispo,79,281455,20847,20691,737,21428,254
2021-04-20,San Mateo,81,765935,41654,41251,462,41713,355
2021-04-20,Santa Barbara,83,443738,34038,33803,1226,35029,445
2021-04-20,Santa Clara,85,1922200,116450,117228,740,117968,1944
2021-04-20,Santa Cruz,87,273765,15981,15647,865,16512,204
2021-04-20,Shasta,89,179085,11675,11677,1474,13151,189
2021-04-20,Sierra,91,2930,53,51,14,65,0
2021-04-20,Siskiyou,93,43540,1655,1551,309,1860,10
2021-04-20,Solano,95,438530,31763,31673,476,32149,243
2021-04-20,Sonoma,97,501317,29532,29676,306,29982,311
2021-04-20,Stanislaus,99,539301,54346,54236,5970,60206,735
2021-04-20,Sutter,101,95872,9313,9279,86,9365,109
2021-04-20,Tehama,103,63373,4899,4887,570,5457,52
2021-04-20,Trinity,105,12862,368,326,58,384,3
2021-04-20,Tulare,107,460477,49050,48650,9208,57858,831
2021-04-20,Tuolumne,109,53932,4011,4014,35,4049,58
2021-04-20,Ventura,111,848112,80266,80018,3040,83058,995
2021-04-20,Yolo,113,214977,13646,13581,286,13867,200
2021-04-20,Yuba,115,75493,5836,5814,121,5935,44
2021-04-19,Alameda,1,1643700,85798,85583,1963,87546,1247
2021-04-19,Alpine,3,1148,86,85,0,85,0
2021-04-19,Amador,5,37829,3638,3629,34,3663,46
2021-04-19,Butte,7,227075,11909,11601,1797,13398,196
2021-04-19,Calaveras,9,45235,2059,2050,12,2062,50
2021-04-19,Colusa,11,21464,1911,1913,289,2202,14
2021-04-19,Contra Costa,13,1133247,67446,66833,1250,68083,782
2021-04-19,Del Norte,15,27424,1250,1247,6,1253,6
2021-04-19,El Dorado,17,186661,9773,9726,714,10440,106
2021-04-19,Fresno,19,978130,100548,100702,8751,109453,1646
2021-04-19,Glenn,21,27897,2365,2358,552,2910,17
2021-04-19,Humboldt,23,135768,3709,3602,28,3630,35
2021-04-19,Imperial,25,180216,28026,27995,2835,30830,719
2021-04-19,Inyo,27,18085,1394,1392,2,1394,36
2021-04-19,Kern,29,883053,95772,95162,10928,106090,1290
2021-04-19,Kings,31,150075,22748,22688,1152,23840,243
2021-04-19,Lake,33,64148,3433,3416,9,3425,43
2021-04-19,Lassen,35,31185,5154,5156,110,5266,1
2021-04-19,Los Angeles,37,10098052,1193679,1188945,43160,1232105,23666
2021-04-19,Madera,39,155013,16336,16289,937,17226,231
2021-04-19,Marin,41,260295,13807,13804,243,14047,226
2021-04-19,Mariposa,43,17540,411,401,11,412,5
2021-04-19,Mendocino,45,87422,3798,3722,71,3793,46
2021-04-19,Merced,47,269075,30418,30422,979,31401,441
2021-04-19,Modoc,49,8938,367,359,122,481,3
2021-04-19,Mono,51,14174,1233,1254,12,1266,3
2021-04-19,Monterey,53,433212,42690,42642,1883,44525,356
2021-04-19,Napa,55,140530,9717,9680,32,9712,79
2021-04-19,Nevada,57,99092,4538,4477,189,4666,70
2021-04-19,Orange,59,3164182,252771,252013,11393,263406,4883
2021-04-19,Placer,61,380077,22329,21814,1433,23247,282
2021-04-19,Plumas,63,18699,680,665,11,676,4
2021-04-19,Riverside,65,2383286,289022,286087,14497,300584,4371
2021-04-19,Sacramento,67,1510023,102071,101482,1640,103122,1572
2021-04-19,San Benito,69,59416,5984,5989,115,6104,63
2021-04-19,San Bernardino,71,2135413,290435,289738,8909,298647,4561
2021-04-19,San Diego,73,3302833,275580,275113,0,275113,3674
2021-04-19,San Francisco,75,870044,35964,36094,1343,37437,529
2021-04-19,San Joaquin,77,732212,71160,70514,3544,74058,1289
2021-04-19,San Luis Obispo,79,281455,20821,20669,731,21400,254
2021-04-19,San Mateo,81,765935,41621,41226,461,41687,355
2021-04-19,Santa Barbara,83,443738,34024,33786,1226,35012,446
2021-04-19,Santa Clara,85,1922200,116339,117099,736,117835,1944
2021-04-19,Santa Cruz,87,273765,15969,15600,865,16465,204
2021-04-19,Shasta,89,179085,11660,11662,1466,13128,189
2021-04-19,Sierra,91,2930,53,51,14,65,0
2021-04-19,Siskiyou,93,43540,1645,1544,309,1853,10
2021-04-19,Solano,95,438530,31725,31643,471,32114,239
2021-04-19,Sonoma,97,501317,29513,29667,306,29973,311
2021-04-19,Stanislaus,99,539301,54270,54179,5966,60145,728
2021-04-19,Sutter,101,95872,9302,9269,86,9355,109
2021-04-19,Tehama,103,63373,4894,4878,570,5448,52
2021-04-19,Trinity,105,12862,368,326,58,384,3
2021-04-19,Tulare,107,460477,49034,48630,9195,57825,831
2021-04-19,Tuolumne,109,53932,4010,4010,35,4045,58
2021-04-19,Ventura,111,848112,80240,80000,3038,83038,996
2021-04-19,Yolo,113,214977,13634,13572,283,13855,200
2021-04-19,Yuba,115,75493,5829,5804,120,5924,44
2021-04-18,Alameda,1,1643700,85684,85481,1956,87437,1247
2021-04-18,Alpine,3,1148,86,85,0,85,0
2021-04-18,Amador,5,37829,3635,3627,34,3661,46
2021-04-18,Butte,7,227075,11891,11591,1792,13383,196
2021-04-18,Calaveras,9,45235,2055,2047,12,2059,50
2021-04-18,Colusa,11,21464,1907,1912,288,2200,14
2021-04-18,Contra Costa,13,1133247,67342,66750,1245,67995,782
2021-04-18,Del Norte,15,27424,1250,1240,6,1246,6
2021-04-18,El Dorado,17,186661,9750,9710,712,10422,106
2021-04-18,Fresno,19,978130,100491,100621,8745,109366,1646
2021-04-18,Glenn,21,27897,2360,2358,552,2910,17
2021-04-18,Humboldt,23,135768,3681,3590,28,3618,35
2021-04-18,Imperial,25,180216,28011,27991,2830,30821,719
2021-04-18,Inyo,27,18085,1393,1392,2,1394,36
2021-04-18,Kern,29,883053,95738,95129,10911,106040,1290
2021-04-18,Kings,31,150075,22739,22685,1152,23837,243
2021-04-18,Lake,33,64148,3432,3413,9,3422,43
2021-04-18,Lassen,35,31185,5151,5156,110,5266,1
2021-04-18,Los Angeles,37,10098052,1193227,1188620,43134,1231754,23648
2021-04-18,Madera,39,155013,16325,16277,936,17213,231
2021-04-18,Marin,41,260295,13800,13801,242,14043,226
2021-04-18,Mariposa,43,17540,410,400,10,410,5
2021-04-18,Mendocino,45,87422,3795,3722,71,3793,46
2021-04-18,Merced,47,269075,30381,30405,977,31382,441
2021-04-18,Modoc,49,8938,367,359,122,481,3
2021-04-18,Mono,51,14174,1233,1254,12,1266,3
2021-04-18,Monterey,53,433212,42678,42638,1882,44520,356
2021-04-18,Napa,55,140530,9701,9674,32,9706,79
2021-04-18,Nevada,57,99092,4523,4464,189,4653,70
2021-04-18,Orange,59,3164182,252656,251940,11385,263325,4883
2021-04-18,Placer,61,380077,22286,21783,1426,23209,282
2021-04-18,Plumas,63,18699,679,665,11,676,4
2021-04-18,Riverside,65,2383286,288933,286043,14492,300535,4371
2021-04-18,Sacramento,67,1510023,101895,101354,1634,102988,1572
2021-04-18,San Benito,69,59416,5982,5989,115,6104,63
2021-04-18,San Bernardino,71,2135413,290343,289691,8901,298592,4556
2021-04-18,San Diego,73,3302833,275301,274961,0,274961,3674
2021-04-18,San Francisco,75,870044,35929,36073,1339,37412,525
2021-04-18,San Joaquin,77,732212,71079,70466,3536,74002,1289
2021-04-18,San Luis Obispo,79,281455,20800,20656,724,21380,254
2021-04-18,San Mateo,81,765935,41592,41201,460,41661,352
2021-04-18,Santa Barbara,83,443738,33990,33769,1225,34994,446
2021-04-18,Santa Clara,85,1922200,116212,116996,721,117717,1944
2021-04-18,Santa Cruz,87,273765,15959,15580,864,16444,204
2021-04-18,Shasta,89,179085,11639,11658,1463,13121,189
2021-04-18,Sierra,91,2930,53,51,14,65,0
2021-04-18,Siskiyou,93,43540,1634,1538,307,1845,10
2021-04-18,Solano,95,438530,31675,31606,470,32076,239
2021-04-18,Sonoma,97,501317,29497,29660,304,29964,311
2021-04-18,Stanislaus,99,539301,54190,54132,5957,60089,728
2021-04-18,Sutter,101,95872,9288,9261,86,9347,109
2021-04-18,Tehama,103,63373,4885,4877,569,5446,52
2021-04-18,Trinity,105,12862,368,326,58,384,3
2021-04-18,Tulare,107,460477,49022,48618,9189,57807,829
2021-04-18,Tuolumne,109,53932,4009,4008,34,4042,58
2021-04-18,Ventura,111,848112,80210,79984,3034,83018,996
2021-04-18,Yolo,113,214977,13622,13562,281,13843,200
2021-04-18,Yuba,115,75493,5822,5804,120,5924,44
2021-04-17,Alameda,1,1643700,85611,85367,1952,87319,1247
2021-04-17,Alpine,3,1148,86,85,0,85,0
2021-04-17,Amador,5,37829,3633,3625,34,3659,46
2021-04-17,Butte,7,227075,11871,11573,1788,13361,196
2021-04-17,Calaveras,9,45235,2052,2045,12,2057,50
2021-04-17,Colusa,11,21464,1907,1912,288,2200,14
2021-04-17,Contra Costa,13,1133247,67294,66657,1237,67894,782
2021-04-17,Del Norte,15,27424,1250,1238,6,1244,6
2021-04-17,El Dorado,17,186661,9735,9692,709,10401,106
2021-04-17,Fresno,19,978130,100459,100562,8738,109300,1646
2021-04-17,Glenn,21,27897,2360,2357,552,2909,17
2021-04-17,Humboldt,23,135768,3658,3579,28,3607,35
2021-04-17,Imperial,25,180216,28000,27987,2829,30816,719
2021-04-17,Inyo,27,18085,1390,1392,2,1394,36
2021-04-17,Kern,29,883053,95720,95102,10908,106010,1290
2021-04-17,Kings,31,150075,22734,22678,1151,23829,243
2021-04-17,Lake,33,64148,3431,3409,9,3418,43
2021-04-17,Lassen,35,31185,5151,5154,110,5264,1
2021-04-17,Los Angeles,37,10098052,1192972,1188262,43101,1231363,23653
2021-04-17,Madera,39,155013,16321,16260,935,17195,231
2021-04-17,Marin,41,260295,13796,13797,241,14038,226
2021-04-17,Mariposa,43,17540,409,398,10,408,5
2021-04-17,Mendocino,45,87422,3792,3721,71,3792,46
2021-04-17,Merced,47,269075,30366,30392,975,31367,441
2021-04-17,Modoc,49,8938,367,357,122,479,3
2021-04-17,Mono,51,14174,1233,1253,12,1265,3
2021-04-17,Monterey,53,433212,42669,42630,1880,44510,356
2021-04-17,Napa,55,140530,9697,9666,32,9698,79
2021-04-17,Nevada,57,99092,4515,4457,189,4646,70
2021-04-17,Orange,59,3164182,252587,251873,11374,263247,4878
2021-04-17,Placer,61,380077,22264,21736,1421,23157,282
2021-04-17,Plumas,63,18699,678,666,11,677,4
2021-04-17,Riverside,65,2383286,288864,285963,14484,300447,4371
2021-04-17,Sacramento,67,1510023,101785,101172,1622,102794,1572
2021-04-17,San Benito,69,59416,5976,5986,115,6101,63
2021-04-17,San Bernardino,71,2135413,290289,289624,8898,298522,4555
2021-04-17,San Diego,73,3302833,275154,274812,0,274812,3674
2021-04-17,San Francisco,75,870044,35908,36032,1336,37368,523
2021-04-17,San Joaquin,77,732212,71040,70372,3525,73897,1288
2021-04-17,San Luis Obispo,79,281455,20789,20642,719,21361,254
2021-04-17,San Mateo,81,765935,41569,41157,460,41617,352
2021-04-17,Santa Barbara,83,443738,33959,33738,1223,34961,446
2021-04-17,Santa Clara,85,1922200,116121,116887,718,117605,1944
2021-04-17,Santa Cruz,87,273765,15953,15571,864,16435,204
2021-04-17,Shasta,89,179085,11624,11647,1462,13109,189
2021-04-17,Sierra,91,2930,53,51,14,65,0
2021-04-17,Siskiyou,93,43540,1629,1539,306,1845,10
2021-04-17,Solano,95,438530,31644,31541,467,32008,239
2021-04-17,Sonoma,97,501317,29490,29637,304,29941,311
2021-04-17,Stanislaus,99,539301,54153,54058,5952,60010,728
2021-04-17,Sutter,101,95872,9282,9252,86,9338,109
2021-04-17,Tehama,103,63373,4879,4875,568,5443,52
2021-04-17,Trinity,105,12862,368,326,58,384,3
2021-04-17,Tulare,107,460477,49010,48603,9185,57788,829
2021-04-17,Tuolumne,109,53932,4007,4005,34,4039,58
2021-04-17,Ventura,111,848112,80190,79964,3034,82998,996
2021-04-17,Yolo,113,214977,13612,13580,281,13861,200
2021-04-17,Yuba,115,75493,5817,5802,119,5921,44
2021-04-16,Alameda,1,1643700,85531,85243,1950,87193,1245
2021-04-16,Alpine,3,1148,86,85,0,85,0
2021-04-16,Amador,5,37829,3628,3621,34,3655,46
2021-04-16,Butte,7,227075,11859,11549,1786,13335,196
2021-04-16,Calaveras,9,45235,2050,2042,12,2054,50
2021-04-16,Colusa,11,21464,1905,1911,288,2199,14
2021-04-16,Contra Costa,13,1133247,67239,66569,1234,67803,782
2021-04-16,Del Norte,15,27424,1249,1237,6,1243,6
2021-04-16,El Dorado,17,186661,9715,9665,705,10370,106
2021-04-16,Fresno,19,978130,100410,100500,8731,109231,1643
2021-04-16,Glenn,21,27897,2360,2355,552,2907,17
2021-04-16,Humboldt,23,135768,3637,3570,27,3597,35
2021-04-16,Imperial,25,180216,27990,27962,2828,30790,719
2021-04-16,Inyo,27,18085,1390,1392,2,1394,36
2021-04-16,Kern,29,883053,95691,95066,10905,105971,1288
2021-04-16,Kings,31,150075,22731,22667,1149,23816,243
2021-04-16,Lake,33,64148,3425,3406,9,3415,43
2021-04-16,Lassen,35,31185,5150,5155,110,5265,1
2021-04-16,Los Angeles,37,10098052,1192674,1187818,43062,1230880,23627
2021-04-16,Madera,39,155013,16316,16250,933,17183,231
2021-04-16,Marin,41,260295,13793,13788,241,14029,226
2021-04-16,Mariposa,43,17540,408,396,9,405,5
2021-04-16,Mendocino,45,87422,3790,3719,71,3790,46
2021-04-16,Merced,47,269075,30351,30355,975,31330,438
2021-04-16,Modoc,49,8938,367,355,122,477,3
2021-04-16,Mono,51,14174,1233,1253,12,1265,3
2021-04-16,Monterey,53,433212,42658,42620,1878,44498,351
2021-04-16,Napa,55,140530,9689,9653,32,9685,79
2021-04-16,Nevada,57,99092,4506,4443,189,4632,70
2021-04-16,Orange,59,3164182,252524,251770,11365,263135,4873
2021-04-16,Placer,61,380077,22236,21680,1415,23095,282
2021-04-16,Plumas,63,18699,677,665,11,676,4
2021-04-16,Riverside,65,2383286,288788,285818,14482,300300,4369
2021-04-16,Sacramento,67,1510023,101686,100993,1618,102611,1572
2021-04-16,San Benito,69,59416,5974,5982,115,6097,63
2021-04-16,San Bernardino,71,2135413,290241,289424,8896,298320,4550
2021-04-16,San Diego,73,3302833,275000,274567,0,274567,3662
2021-04-16,San Francisco,75,870044,35883,35993,1332,37325,517
2021-04-16,San Joaquin,77,732212,70974,70280,3516,73796,1288
2021-04-16,San Luis Obispo,79,281455,20777,20623,718,21341,253
2021-04-16,San Mateo,81,765935,41540,41107,459,41566,352
2021-04-16,Santa Barbara,83,443738,33941,33703,1223,34926,446
2021-04-16,Santa Clara,85,1922200,116021,116693,715,117408,1941
2021-04-16,Santa Cruz,87,273765,15951,15539,864,16403,204
2021-04-16,Shasta,89,179085,11612,11623,1460,13083,189
2021-04-16,Sierra,91,2930,53,51,14,65,0
2021-04-16,Siskiyou,93,43540,1625,1530,304,1834,10
2021-04-16,Solano,95,438530,31605,31470,464,31934,239
2021-04-16,Sonoma,97,501317,29479,29617,304,29921,311
2021-04-16,Stanislaus,99,539301,54105,53983,5950,59933,728
2021-04-16,Sutter,101,95872,9276,9247,86,9333,109
2021-04-16,Tehama,103,63373,4878,4866,568,5434,52
2021-04-16,Trinity,105,12862,368,326,58,384,3
2021-04-16,Tulare,107,460477,48999,48583,9182,57765,830
2021-04-16,Tuolumne,109,53932,4004,4005,34,4039,58
2021-04-16,Ventura,111,848112,80165,79942,3029,82971,994
2021-04-16,Yolo,113,214977,13599,13559,279,13838,198
2021-04-16,Yuba,115,75493,5814,5795,118,5913,44
2021-04-15,Alameda,1,1643700,85424,85089,1948,87037,1246
2021-04-15,Alpine,3,1148,86,85,0,85,0
2021-04-15,Amador,5,37829,3627,3616,34,3650,46
2021-04-15,Butte,7,227075,11844,11529,1782,13311,196
2021-04-15,Calaveras,9,45235,2049,2039,12,2051,50
2021-04-15,Colusa,11,21464,1903,1909,287,2196,14
2021-04-15,Contra Costa,13,1133247,67165,66480,1230,67710,781
2021-04-15,Del Norte,15,27424,1242,1235,6,1241,6
2021-04-15,El Dorado,17,186661,9702,9639,703,10342,106
2021-04-15,Fresno,19,978130,100351,100431,8724,109155,1642
2021-04-15,Glenn,21,27897,2360,2354,552,2906,17
2021-04-15,Humboldt,23,135768,3615,3561,27,3588,35
2021-04-15,Imperial,25,180216,27962,27920,2825,30745,718
2021-04-15,Inyo,27,18085,1390,1393,2,1395,36
2021-04-15,Kern,29,883053,95660,94989,10890,105879,1289
2021-04-15,Kings,31,150075,22717,22648,1149,23797,242
2021-04-15,Lake,33,64148,3424,3399,9,3408,43
2021-04-15,Lassen,35,31185,5149,5152,110,5262,1
2021-04-15,Los Angeles,37,10098052,1192281,1187274,43022,1230296,23598
2021-04-15,Madera,39,155013,16301,16234,933,17167,231
2021-04-15,Marin,41,260295,13789,13783,240,14023,226
2021-04-15,Mariposa,43,17540,406,395,9,404,5
2021-04-15,Mendocino,45,87422,3789,3714,71,3785,46
2021-04-15,Merced,47,269075,30325,30325,974,31299,437
2021-04-15,Modoc,49,8938,367,355,122,477,3
2021-04-15,Mono,51,14174,1232,1253,12,1265,3
2021-04-15,Monterey,53,433212,42648,42604,1876,44480,347
2021-04-15,Napa,55,140530,9681,9645,32,9677,79
2021-04-15,Nevada,57,99092,4494,4434,188,4622,70
2021-04-15,Orange,59,3164182,252429,251679,11352,263031,4857
2021-04-15,Placer,61,380077,22207,21614,1408,23022,281
2021-04-15,Plumas,63,18699,675,665,11,676,4
2021-04-15,Riverside,65,2383286,288688,285698,14475,300173,4363
2021-04-15,Sacramento,67,1510023,101558,100782,1604,102386,1570
2021-04-15,San Benito,69,59416,5971,5969,114,6083,63
2021-04-15,San Bernardino,71,2135413,290152,289288,8888,298176,4544
2021-04-15,San Diego,73,3302833,274754,274250,0,274250,3653
2021-04-15,San Francisco,75,870044,35865,35947,1329,37276,510
2021-04-15,San Joaquin,77,732212,70893,70189,3508,73697,1288
2021-04-15,San Luis Obispo,79,281455,20761,20591,715,21306,253
2021-04-15,San Mateo,81,765935,41501,41050,458,41508,352
2021-04-15,Santa Barbara,83,443738,33923,33672,1219,34891,446
2021-04-15,Santa Clara,85,1922200,115915,116602,711,117313,1927
2021-04-15,Santa Cruz,87,273765,15941,15509,864,16373,203
2021-04-15,Shasta,89,179085,11598,11597,1456,13053,191
2021-04-15,Sierra,91,2930,53,51,14,65,0
2021-04-15,Siskiyou,93,43540,1619,1524,304,1828,10
2021-04-15,Solano,95,438530,31567,31394,463,31857,239
2021-04-15,Sonoma,97,501317,29465,29587,304,29891,311
2021-04-15,Stanislaus,99,539301,54051,53918,5942,59860,728
2021-04-15,Sutter,101,95872,9269,9237,86,9323,109
2021-04-15,Tehama,103,63373,4876,4854,567,5421,52
2021-04-15,Trinity,105,12862,368,326,58,384,3
2021-04-15,Tulare,107,460477,48978,48556,9182,57738,829
2021-04-15,Tuolumne,109,53932,4004,4003,34,4037,57
2021-04-15,Ventura,111,848112,80146,79917,3027,82944,989
2021-04-15,Yolo,113,214977,13580,13547,277,13824,198
2021-04-15,Yuba,115,75493,5811,5788,118,5906,44
2021-04-14,Alameda,1,1643700,85325,85009,1947,86956,1247
2021-04-14,Alpine,3,1148,86,85,0,85,0
2021-04-14,Amador,5,37829,3626,3613,34,3647,46
2021-04-14,Butte,7,227075,11831,11513,1781,13294,196
2021-04-14,Calaveras,9,45235,2047,2037,12,2049,50
2021-04-14,Colusa,11,21464,1903,1905,287,2192,14
2021-04-14,Contra Costa,13,1133247,67079,66400,1224,67624,781
2021-04-14,Del Norte,15,27424,1242,1228,6,1234,6
2021-04-14,El Dorado,17,186661,9687,9625,698,10323,106
2021-04-14,Fresno,19,978130,100294,100376,8711,109087,1640
2021-04-14,Glenn,21,27897,2360,2353,552,2905,17
2021-04-14,Humboldt,23,135768,3594,3551,26,3577,35
2021-04-14,Imperial,25,180216,27941,27907,2822,30729,718
2021-04-14,Inyo,27,18085,1390,1392,2,1394,36
2021-04-14,Kern,29,883053,95635,94947,10883,105830,1287
2021-04-14,Kings,31,150075,22708,22641,1147,23788,243
2021-04-14,Lake,33,64148,3419,3396,9,3405,43
2021-04-14,Lassen,35,31185,5148,5151,110,5261,1
2021-04-14,Los Angeles,37,10098052,1191886,1186821,42972,1229793,23579
2021-04-14,Madera,39,155013,16292,16218,933,17151,231
2021-04-14,Marin,41,260295,13787,13768,239,14007,226
2021-04-14,Mariposa,43,17540,405,394,9,403,5
2021-04-14,Mendocino,45,87422,3784,3711,71,3782,46
2021-04-14,Merced,47,269075,30307,30296,974,31270,436
2021-04-14,Modoc,49,8938,367,355,122,477,3
2021-04-14,Mono,51,14174,1232,1252,12,1264,3
2021-04-14,Monterey,53,433212,42632,42595,1872,44467,347
2021-04-14,Napa,55,140530,9670,9643,32,9675,79
2021-04-14,Nevada,57,99092,4487,4421,188,4609,70
2021-04-14,Orange,59,3164182,252323,251568,11332,262900,4849
2021-04-14,Placer,61,380077,22174,21575,1407,22982,280
2021-04-14,Plumas,63,18699,675,665,11,676,4
2021-04-14,Riverside,65,2383286,288578,285583,14469,300052,4358
2021-04-14,Sacramento,67,1510023,101385,100645,1590,102235,1570
2021-04-14,San Benito,69,59416,5969,5960,114,6074,62
2021-04-14,San Bernardino,71,2135413,290085,289078,8885,297963,4523
2021-04-14,San Diego,73,3302833,274543,273969,0,273969,3648
2021-04-14,San Francisco,75,870044,35827,35898,1328,37226,510
2021-04-14,San Joaquin,77,732212,70823,70095,3502,73597,1288
2021-04-14,San Luis Obispo,79,281455,20738,20561,705,21266,253
2021-04-14,San Mateo,81,765935,41461,40982,455,41437,352
2021-04-14,Santa Barbara,83,443738,33894,33650,1219,34869,445
2021-04-14,Santa Clara,85,1922200,115798,116488,708,117196,1922
2021-04-14,Santa Cruz,87,273765,15931,15481,864,16345,203
2021-04-14,Shasta,89,179085,11572,11581,1454,13035,190
2021-04-14,Sierra,91,2930,53,51,14,65,0
2021-04-14,Siskiyou,93,43540,1611,1518,303,1821,10
2021-04-14,Solano,95,438530,31515,31357,455,31812,239
2021-04-14,Sonoma,97,501317,29457,29572,302,29874,311
2021-04-14,Stanislaus,99,539301,53980,53836,5933,59769,727
2021-04-14,Sutter,101,95872,9261,9230,86,9316,106
2021-04-14,Tehama,103,63373,4871,4853,565,5418,52
2021-04-14,Trinity,105,12862,368,326,58,384,3
2021-04-14,Tulare,107,460477,48952,48527,9179,57706,827
2021-04-14,Tuolumne,109,53932,4003,3997,34,4031,57
2021-04-14,Ventura,111,848112,80110,79891,3025,82916,986
2021-04-14,Yolo,113,214977,13564,13530,275,13805,198
2021-04-14,Yuba,115,75493,5809,5778,118,5896,44
2021-04-13,Alameda,1,1643700,85219,84921,1942,86863,1239
2021-04-13,Alpine,3,1148,86,85,0,85,0
2021-04-13,Amador,5,37829,3623,3609,34,3643,46
2021-04-13,Butte,7,227075,11813,11497,1778,13275,196
2021-04-13,Calaveras,9,45235,2044,2035,12,2047,50
2021-04-13,Colusa,11,21464,1901,1905,285,2190,14
2021-04-13,Contra Costa,13,1133247,66989,66304,1224,67528,778
2021-04-13,Del Norte,15,27424,1237,1221,6,1227,6
2021-04-13,El Dorado,17,186661,9661,9609,696,10305,106
2021-04-13,Fresno,19,978130,100214,100357,8705,109062,1636
2021-04-13,Glenn,21,27897,2359,2351,552,2903,17
2021-04-13,Humboldt,23,135768,3577,3540,26,3566,35
2021-04-13,Imperial,25,180216,27923,27887,2813,30700,718
2021-04-13,Inyo,27,18085,1390,1391,2,1393,36
2021-04-13,Kern,29,883053,95591,94908,10871,105779,1285
2021-04-13,Kings,31,150075,22692,22636,1146,23782,243
2021-04-13,Lake,33,64148,3416,3390,9,3399,43
2021-04-13,Lassen,35,31185,5147,5147,110,5257,1
2021-04-13,Los Angeles,37,10098052,1191437,1186482,42926,1229408,23526
2021-04-13,Madera,39,155013,16282,16207,931,17138,231
2021-04-13,Marin,41,260295,13779,13760,238,13998,224
2021-04-13,Mariposa,43,17540,404,394,6,400,5
2021-04-13,Mendocino,45,87422,3778,3702,71,3773,46
2021-04-13,Merced,47,269075,30276,30276,972,31248,435
2021-04-13,Modoc,49,8938,367,355,122,477,3
2021-04-13,Mono,51,14174,1232,1251,12,1263,3
2021-04-13,Monterey,53,433212,42621,42577,1872,44449,347
2021-04-13,Napa,55,140530,9660,9627,32,9659,79
2021-04-13,Nevada,57,99092,4475,4415,188,4603,69
2021-04-13,Orange,59,3164182,252227,251491,11314,262805,4836
2021-04-13,Placer,61,380077,22137,21534,1404,22938,280
2021-04-13,Plumas,63,18699,674,665,11,676,4
2021-04-13,Riverside,65,2383286,288461,285505,14462,299967,4348
2021-04-13,Sacramento,67,1510023,101210,100551,1585,102136,1569
2021-04-13,San Benito,69,59416,5966,5946,114,6060,62
2021-04-13,San Bernardino,71,2135413,289969,288929,8879,297808,4521
2021-04-13,San Diego,73,3302833,274289,273709,0,273709,3623
2021-04-13,San Francisco,75,870044,35791,35869,1324,37193,506
2021-04-13,San Joaquin,77,732212,70715,70034,3494,73528,1288
2021-04-13,San Luis Obispo,79,281455,20711,20536,695,21231,253
2021-04-13,San Mateo,81,765935,41416,40955,455,41410,353
2021-04-13,Santa Barbara,83,443738,33872,33613,1216,34829,444
2021-04-13,Santa Clara,85,1922200,115669,116363,706,117069,1923
2021-04-13,Santa Cruz,87,273765,15924,15449,864,16313,203
2021-04-13,Shasta,89,179085,11552,11536,1451,12987,189
2021-04-13,Sierra,91,2930,53,51,14,65,0
2021-04-13,Siskiyou,93,43540,1603,1511,299,1810,10
2021-04-13,Solano,95,438530,31467,31335,451,31786,239
2021-04-13,Sonoma,97,501317,29449,29544,301,29845,311
2021-04-13,Stanislaus,99,539301,53908,53797,5923,59720,722
2021-04-13,Sutter,101,95872,9257,9226,86,9312,106
2021-04-13,Tehama,103,63373,4864,4850,562,5412,52
2021-04-13,Trinity,105,12862,368,326,58,384,3
2021-04-13,Tulare,107,460477,48940,48511,9175,57686,825
2021-04-13,Tuolumne,109,53932,4001,3995,34,4029,57
2021-04-13,Ventura,111,848112,80078,79854,3023,82877,986
2021-04-13,Yolo,113,214977,13552,13516,274,13790,198
2021-04-13,Yuba,115,75493,5800,5776,118,5894,44
2021-04-12,Alameda,1,1643700,85116,84817,1940,86757,1238
2021-04-12,Alpine,3,1148,86,85,0,85,0
2021-04-12,Amador,5,37829,3622,3607,34,3641,46
2021-04-12,Butte,7,227075,11798,11488,1774,13262,193
2021-04-12,Calaveras,9,45235,2042,2033,12,2045,50
2021-04-12,Colusa,11,21464,1899,1904,283,2187,14
2021-04-12,Contra Costa,13,1133247,66908,66176,1224,67400,777
2021-04-12,Del Norte,15,27424,1234,1216,6,1222,6
2021-04-12,El Dorado,17,186661,9644,9588,694,10282,106
2021-04-12,Fresno,19,978130,100153,100277,8681,108958,1633
2021-04-12,Glenn,21,27897,2358,2349,552,2901,17
2021-04-12,Humboldt,23,135768,3563,3533,25,3558,35
2021-04-12,Imperial,25,180216,27893,27851,2808,30659,717
2021-04-12,Inyo,27,18085,1390,1390,2,1392,36
2021-04-12,Kern,29,883053,95556,94861,10859,105720,1283
2021-04-12,Kings,31,150075,22684,22621,1145,23766,241
2021-04-12,Lake,33,64148,3412,3380,9,3389,43
2021-04-12,Lassen,35,31185,5146,5147,110,5257,1
2021-04-12,Los Angeles,37,10098052,1190942,1186145,42884,1229029,23505
2021-04-12,Madera,39,155013,16271,16174,929,17103,231
2021-04-12,Marin,41,260295,13767,13751,235,13986,224
2021-04-12,Mariposa,43,17540,403,394,6,400,5
2021-04-12,Mendocino,45,87422,3777,3699,71,3770,46
2021-04-12,Merced,47,269075,30244,30261,970,31231,435
2021-04-12,Modoc,49,8938,365,352,122,474,3
2021-04-12,Mono,51,14174,1232,1251,12,1263,3
2021-04-12,Monterey,53,433212,42607,42555,1870,44425,346
2021-04-12,Napa,55,140530,9646,9603,32,9635,80
2021-04-12,Nevada,57,99092,4464,4408,188,4596,69
2021-04-12,Orange,59,3164182,252141,251350,11293,262643,4826
2021-04-12,Placer,61,380077,22088,21475,1399,22874,278
2021-04-12,Plumas,63,18699,672,666,11,677,4
2021-04-12,Riverside,65,2383286,288354,285361,14456,299817,4336
2021-04-12,Sacramento,67,1510023,101037,100394,1580,101974,1566
2021-04-12,San Benito,69,59416,5958,5942,113,6055,62
2021-04-12,San Bernardino,71,2135413,289863,288736,8867,297603,4493
2021-04-12,San Diego,73,3302833,274030,273431,0,273431,3621
2021-04-12,San Francisco,75,870044,35758,35841,1322,37163,506
2021-04-12,San Joaquin,77,732212,70644,69968,3485,73453,1288
2021-04-12,San Luis Obispo,79,281455,20667,20515,681,21196,253
2021-04-12,San Mateo,81,765935,41374,40920,451,41371,353
2021-04-12,Santa Barbara,83,443738,33841,33606,1216,34822,444
2021-04-12,Santa Clara,85,1922200,115541,116252,704,116956,1923
2021-04-12,Santa Cruz,87,273765,15905,15406,864,16270,203
2021-04-12,Shasta,89,179085,11535,11509,1447,12956,189
2021-04-12,Sierra,91,2930,53,51,14,65,0
2021-04-12,Siskiyou,93,43540,1592,1511,297,1808,7
2021-04-12,Solano,95,438530,31426,31305,448,31753,238
2021-04-12,Sonoma,97,501317,29421,29500,301,29801,310
2021-04-12,Stanislaus,99,539301,53843,53722,5916,59638,707
2021-04-12,Sutter,101,95872,9246,9221,86,9307,106
2021-04-12,Tehama,103,63373,4855,4834,558,5392,52
2021-04-12,Trinity,105,12862,368,324,58,382,3
2021-04-12,Tulare,107,460477,48920,48495,9165,57660,824
2021-04-12,Tuolumne,109,53932,3997,3993,34,4027,57
2021-04-12,Ventura,111,848112,80045,79818,3021,82839,985
2021-04-12,Yolo,113,214977,13538,13510,273,13783,198
2021-04-12,Yuba,115,75493,5794,5773,118,5891,43
2021-04-11,Alameda,1,1643700,84979,84756,1935,86691,1238
2021-04-11,Alpine,3,1148,86,85,0,85,0
2021-04-11,Amador,5,37829,3620,3605,34,3639,46
2021-04-11,Butte,7,227075,11763,11487,1771,13258,193
2021-04-11,Calaveras,9,45235,2037,2036,12,2048,50
2021-04-11,Colusa,11,21464,1898,1904,282,2186,14
2021-04-11,Contra Costa,13,1133247,66799,66107,1221,67328,777
2021-04-11,Del Norte,15,27424,1228,1214,6,1220,6
2021-04-11,El Dorado,17,186661,9630,9575,691,10266,106
2021-04-11,Fresno,19,978130,100087,100230,8669,108899,1633
2021-04-11,Glenn,21,27897,2354,2348,551,2899,17
2021-04-11,Humboldt,23,135768,3554,3523,25,3548,35
2021-04-11,Imperial,25,180216,27869,27841,2806,30647,717
2021-04-11,Inyo,27,18085,1390,1390,2,1392,36
2021-04-11,Kern,29,883053,95498,94830,10850,105680,1283
2021-04-11,Kings,31,150075,22675,22618,1142,23760,241
2021-04-11,Lake,33,64148,3408,3377,9,3386,43
2021-04-11,Lassen,35,31185,5142,5147,110,5257,1
2021-04-11,Los Angeles,37,10098052,1190434,1185757,42840,1228597,23503
2021-04-11,Madera,39,155013,16253,16166,927,17093,231
2021-04-11,Marin,41,260295,13761,13741,233,13974,226
2021-04-11,Mariposa,43,17540,403,394,6,400,5
2021-04-11,Mendocino,45,87422,3775,3696,71,3767,46
2021-04-11,Merced,47,269075,30206,30249,969,31218,435
2021-04-11,Modoc,49,8938,364,352,120,472,3
2021-04-11,Mono,51,14174,1231,1250,12,1262,3
2021-04-11,Monterey,53,433212,42600,42547,1863,44410,346
2021-04-11,Napa,55,140530,9635,9592,32,9624,80
2021-04-11,Nevada,57,99092,4450,4394,188,4582,69
2021-04-11,Orange,59,3164182,252016,251233,11280,262513,4826
2021-04-11,Placer,61,380077,22031,21458,1394,22852,278
2021-04-11,Plumas,63,18699,672,666,11,677,4
2021-04-11,Riverside,65,2383286,288226,285269,14445,299714,4336
2021-04-11,Sacramento,67,1510023,100868,100296,1567,101863,1566
2021-04-11,San Benito,69,59416,5950,5941,112,6053,62
2021-04-11,San Bernardino,71,2135413,289750,288686,8860,297546,4492
2021-04-11,San Diego,73,3302833,273733,273287,0,273287,3621
2021-04-11,San Francisco,75,870044,35722,35815,1319,37134,498
2021-04-11,San Joaquin,77,732212,70556,69939,3474,73413,1288
2021-04-11,San Luis Obispo,79,281455,20641,20501,678,21179,253
2021-04-11,San Mateo,81,765935,41316,40901,450,41351,353
2021-04-11,Santa Barbara,83,443738,33807,33591,1215,34806,444
2021-04-11,Santa Clara,85,1922200,115406,116161,701,116862,1923
2021-04-11,Santa Cruz,87,273765,15893,15382,864,16246,203
2021-04-11,Shasta,89,179085,11491,11504,1446,12950,189
2021-04-11,Sierra,91,2930,53,51,14,65,0
2021-04-11,Siskiyou,93,43540,1586,1509,293,1802,7
2021-04-11,Solano,95,438530,31374,31268,444,31712,238
2021-04-11,Sonoma,97,501317,29395,29496,297,29793,310
2021-04-11,Stanislaus,99,539301,53761,53683,5906,59589,707
2021-04-11,Sutter,101,95872,9237,9222,86,9308,106
2021-04-11,Tehama,103,63373,4852,4832,556,5388,52
2021-04-11,Trinity,105,12862,368,324,58,382,3
2021-04-11,Tulare,107,460477,48906,48479,9158,57637,824
2021-04-11,Tuolumne,109,53932,3995,3993,34,4027,57
2021-04-11,Ventura,111,848112,79999,79800,3014,82814,985
2021-04-11,Yolo,113,214977,13517,13496,271,13767,198
2021-04-11,Yuba,115,75493,5784,5768,118,5886,43
2021-04-10,Alameda,1,1643700,84914,84626,1935,86561,1238
2021-04-10,Alpine,3,1148,86,85,0,85,0
2021-04-10,Amador,5,37829,3618,3603,34,3637,46
2021-04-10,Butte,7,227075,11752,11482,1770,13252,193
2021-04-10,Calaveras,9,45235,2037,2032,12,2044,50
2021-04-10,Colusa,11,21464,1898,1902,282,2184,14
2021-04-10,Contra Costa,13,1133247,66738,66001,1218,67219,778
2021-04-10,Del Norte,15,27424,1225,1212,6,1218,6
2021-04-10,El Dorado,17,186661,9618,9549,688,10237,106
2021-04-10,Fresno,19,978130,100054,100135,8662,108797,1633
2021-04-10,Glenn,21,27897,2354,2343,551,2894,17
2021-04-10,Humboldt,23,135768,3544,3508,25,3533,35
2021-04-10,Imperial,25,180216,27855,27816,2806,30622,717
2021-04-10,Inyo,27,18085,1390,1387,2,1389,36
2021-04-10,Kern,29,883053,95484,94802,10844,105646,1284
2021-04-10,Kings,31,150075,22671,22614,1140,23754,241
2021-04-10,Lake,33,64148,3403,3368,9,3377,43
2021-04-10,Lassen,35,31185,5142,5146,109,5255,1
2021-04-10,Los Angeles,37,10098052,1190164,1185246,42820,1228066,23493
2021-04-10,Madera,39,155013,16245,16143,926,17069,231
2021-04-10,Marin,41,260295,13756,13731,233,13964,226
2021-04-10,Mariposa,43,17540,400,393,6,399,5
2021-04-10,Mendocino,45,87422,3773,3696,71,3767,46
2021-04-10,Merced,47,269075,30185,30225,969,31194,435
2021-04-10,Modoc,49,8938,364,352,120,472,3
2021-04-10,Mono,51,14174,1231,1249,12,1261,3
2021-04-10,Monterey,53,433212,42589,42527,1862,44389,346
2021-04-10,Napa,55,140530,9628,9569,32,9601,79
2021-04-10,Nevada,57,99092,4443,4379,188,4567,69
2021-04-10,Orange,59,3164182,251923,251139,11271,262410,4818
2021-04-10,Placer,61,380077,22000,21402,1388,22790,278
2021-04-10,Plumas,63,18699,672,666,11,677,4
2021-04-10,Riverside,65,2383286,288147,285082,14437,299519,4336
2021-04-10,Sacramento,67,1510023,100766,100048,1565,101613,1566
2021-04-10,San Benito,69,59416,5939,5932,111,6043,62
2021-04-10,San Bernardino,71,2135413,289686,288590,8853,297443,4489
2021-04-10,San Diego,73,3302833,273517,273058,0,273058,3613
2021-04-10,San Francisco,75,870044,35692,35774,1315,37089,498
2021-04-10,San Joaquin,77,732212,70521,69852,3464,73316,1288
2021-04-10,San Luis Obispo,79,281455,20626,20461,676,21137,253
2021-04-10,San Mateo,81,765935,41283,40878,450,41328,350
2021-04-10,Santa Barbara,83,443738,33779,33541,1213,34754,444
2021-04-10,Santa Clara,85,1922200,115310,116015,700,116715,1923
2021-04-10,Santa Cruz,87,273765,15887,15360,864,16224,203
2021-04-10,Shasta,89,179085,11483,11492,1442,12934,189
2021-04-10,Sierra,91,2930,53,51,14,65,0
2021-04-10,Siskiyou,93,43540,1583,1512,293,1805,7
2021-04-10,Solano,95,438530,31340,31218,440,31658,238
2021-04-10,Sonoma,97,501317,29380,29469,296,29765,310
2021-04-10,Stanislaus,99,539301,53727,53596,5898,59494,707
2021-04-10,Sutter,101,95872,9235,9214,86,9300,106
2021-04-10,Tehama,103,63373,4850,4820,554,5374,52
2021-04-10,Trinity,105,12862,368,324,58,382,3
2021-04-10,Tulare,107,460477,48897,48470,9152,57622,824
2021-04-10,Tuolumne,109,53932,3992,3991,34,4025,57
2021-04-10,Ventura,111,848112,79971,79758,3012,82770,985
2021-04-10,Yolo,113,214977,13508,13494,270,13764,198
2021-04-10,Yuba,115,75493,5781,5757,117,5874,43
2021-04-09,Alameda,1,1643700,84841,84404,1927,86331,1237
2021-04-09,Alpine,3,1148,86,85,0,85,0
2021-04-09,Amador,5,37829,3617,3600,34,3634,46
2021-04-09,Butte,7,227075,11742,11454,1769,13223,193
2021-04-09,Calaveras,9,45235,2036,2028,12,2040,50
2021-04-09,Colusa,11,21464,1898,1898,282,2180,14
2021-04-09,Contra Costa,13,1133247,66645,65857,1212,67069,777
2021-04-09,Del Norte,15,27424,1224,1207,6,1213,6
2021-04-09,El Dorado,17,186661,9595,9528,684,10212,106
2021-04-09,Fresno,19,978130,100020,100027,8657,108684,1630
2021-04-09,Glenn,21,27897,2354,2337,551,2888,17
2021-04-09,Humboldt,23,135768,3534,3496,25,3521,35
2021-04-09,Imperial,25,180216,27840,27764,2804,30568,717
2021-04-09,Inyo,27,18085,1389,1386,2,1388,36
2021-04-09,Kern,29,883053,95446,94675,10842,105517,1282
2021-04-09,Kings,31,150075,22662,22595,1137,23732,242
2021-04-09,Lake,33,64148,3399,3362,9,3371,43
2021-04-09,Lassen,35,31185,5142,5140,109,5249,1
2021-04-09,Los Angeles,37,10098052,1189799,1184501,42788,1227289,23458
2021-04-09,Madera,39,155013,16242,16118,926,17044,231
2021-04-09,Marin,41,260295,13749,13721,233,13954,226
2021-04-09,Mariposa,43,17540,400,393,6,399,5
2021-04-09,Mendocino,45,87422,3771,3693,71,3764,46
2021-04-09,Merced,47,269075,30156,30179,968,31147,435
2021-04-09,Modoc,49,8938,363,352,120,472,3
2021-04-09,Mono,51,14174,1231,1247,12,1259,3
2021-04-09,Monterey,53,433212,42580,42481,1858,44339,344
2021-04-09,Napa,55,140530,9609,9574,32,9606,80
2021-04-09,Nevada,57,99092,4435,4373,188,4561,69
2021-04-09,Orange,59,3164182,251849,250852,11266,262118,4813
2021-04-09,Placer,61,380077,21969,21327,1380,22707,278
2021-04-09,Plumas,63,18699,671,666,11,677,4
2021-04-09,Riverside,65,2383286,288064,284562,14431,298993,4325
2021-04-09,Sacramento,67,1510023,100611,99722,1557,101279,1564
2021-04-09,San Benito,69,59416,5934,5925,110,6035,62
2021-04-09,San Bernardino,71,2135413,289618,288000,8849,296849,4467
2021-04-09,San Diego,73,3302833,273319,272697,0,272697,3600
2021-04-09,San Francisco,75,870044,35650,35716,1310,37026,497
2021-04-09,San Joaquin,77,732212,70458,69675,3452,73127,1281
2021-04-09,San Luis Obispo,79,281455,20613,20427,675,21102,252
2021-04-09,San Mateo,81,765935,41248,40800,449,41249,350
2021-04-09,Santa Barbara,83,443738,33756,33424,1210,34634,444
2021-04-09,Santa Clara,85,1922200,115226,115749,698,116447,1923
2021-04-09,Santa Cruz,87,273765,15882,15331,864,16195,203
2021-04-09,Shasta,89,179085,11473,11478,1439,12917,188
2021-04-09,Sierra,91,2930,53,51,14,65,0
2021-04-09,Siskiyou,93,43540,1580,1510,292,1802,7
2021-04-09,Solano,95,438530,31307,31166,435,31601,238
2021-04-09,Sonoma,97,501317,29367,29433,296,29729,310
2021-04-09,Stanislaus,99,539301,53672,53504,5889,59393,705
2021-04-09,Sutter,101,95872,9228,9201,86,9287,106
2021-04-09,Tehama,103,63373,4844,4806,554,5360,52
2021-04-09,Trinity,105,12862,367,324,58,382,3
2021-04-09,Tulare,107,460477,48893,48430,9146,57576,824
2021-04-09,Tuolumne,109,53932,3991,3986,34,4020,57
2021-04-09,Ventura,111,848112,79943,79698,3012,82710,987
2021-04-09,Yolo,113,214977,13497,13478,268,13746,198
2021-04-09,Yuba,115,75493,5774,5754,117,5871,43
2021-04-08,Alameda,1,1643700,84740,84213,1923,86136,1232
2021-04-08,Alpine,3,1148,86,85,0,85,0
2021-04-08,Amador,5,37829,3613,3595,34,3629,46
2021-04-08,Butte,7,227075,11731,11414,1768,13182,193
2021-04-08,Calaveras,9,45235,2034,2027,12,2039,50
2021-04-08,Colusa,11,21464,1897,1897,282,2179,14
2021-04-08,Contra Costa,13,1133247,66536,65706,1209,66915,775
2021-04-08,Del Norte,15,27424,1218,1201,6,1207,6
2021-04-08,El Dorado,17,186661,9579,9513,678,10191,106
2021-04-08,Fresno,19,978130,99957,99935,8650,108585,1627
2021-04-08,Glenn,21,27897,2352,2337,551,2888,17
2021-04-08,Humboldt,23,135768,3524,3486,25,3511,35
2021-04-08,Imperial,25,180216,27813,27744,2801,30545,713
2021-04-08,Inyo,27,18085,1388,1386,2,1388,36
2021-04-08,Kern,29,883053,95401,94493,10828,105321,1281
2021-04-08,Kings,31,150075,22656,22589,1134,23723,243
2021-04-08,Lake,33,64148,3392,3360,9,3369,43
2021-04-08,Lassen,35,31185,5141,5136,109,5245,1
2021-04-08,Los Angeles,37,10098052,1189301,1184443,42749,1227192,23416
2021-04-08,Madera,39,155013,16230,16103,926,17029,231
2021-04-08,Marin,41,260295,13742,13704,233,13937,226
2021-04-08,Mariposa,43,17540,399,393,6,399,5
2021-04-08,Mendocino,45,87422,3769,3690,71,3761,45
2021-04-08,Merced,47,269075,30134,30163,968,31131,430
2021-04-08,Modoc,49,8938,363,352,120,472,3
2021-04-08,Mono,51,14174,1229,1247,12,1259,3
2021-04-08,Monterey,53,433212,42559,42437,1853,44290,342
2021-04-08,Napa,55,140530,9592,9569,32,9601,80
2021-04-08,Nevada,57,99092,4424,4367,188,4555,69
2021-04-08,Orange,59,3164182,251742,250529,11250,261779,4797
2021-04-08,Placer,61,380077,21929,21258,1371,22629,277
2021-04-08,Plumas,63,18699,671,665,11,676,4
2021-04-08,Riverside,65,2383286,287953,283853,14426,298279,4296
2021-04-08,Sacramento,67,1510023,100469,99319,1545,100864,1561
2021-04-08,San Benito,69,59416,5931,5914,108,6022,62
2021-04-08,San Bernardino,71,2135413,289519,287190,8846,296036,4445
2021-04-08,San Diego,73,3302833,273090,272495,0,272495,3592
2021-04-08,San Francisco,75,870044,35627,35657,1309,36966,494
2021-04-08,San Joaquin,77,732212,70388,69479,3446,72925,1279
2021-04-08,San Luis Obispo,79,281455,20594,20402,672,21074,252
2021-04-08,San Mateo,81,765935,41208,40749,449,41198,350
2021-04-08,Santa Barbara,83,443738,33732,33309,1209,34518,444
2021-04-08,Santa Clara,85,1922200,115120,115487,697,116184,1905
2021-04-08,Santa Cruz,87,273765,15876,15296,864,16160,203
2021-04-08,Shasta,89,179085,11463,11466,1435,12901,186
2021-04-08,Sierra,91,2930,53,51,14,65,0
2021-04-08,Siskiyou,93,43540,1577,1511,292,1803,7
2021-04-08,Solano,95,438530,31258,31120,435,31555,238
2021-04-08,Sonoma,97,501317,29347,29410,295,29705,310
2021-04-08,Stanislaus,99,539301,53594,53401,5879,59280,706
2021-04-08,Sutter,101,95872,9224,9195,86,9281,106
2021-04-08,Tehama,103,63373,4840,4802,554,5356,52
2021-04-08,Trinity,105,12862,367,324,58,382,3
2021-04-08,Tulare,107,460477,48880,48409,9134,57543,821
2021-04-08,Tuolumne,109,53932,3991,3986,34,4020,57
2021-04-08,Ventura,111,848112,79906,79626,3008,82634,986
2021-04-08,Yolo,113,214977,13488,13468,267,13735,198
2021-04-08,Yuba,115,75493,5770,5743,117,5860,43
2021-04-07,Alameda,1,1643700,84656,84130,1919,86049,1224
2021-04-07,Alpine,3,1148,86,85,0,85,0
2021-04-07,Amador,5,37829,3610,3590,34,3624,46
2021-04-07,Butte,7,227075,11727,11405,1766,13171,193
2021-04-07,Calaveras,9,45235,2030,2022,12,2034,50
2021-04-07,Colusa,11,21464,1893,1894,281,2175,14
2021-04-07,Contra Costa,13,1133247,66450,65619,1208,66827,775
2021-04-07,Del Norte,15,27424,1216,1198,6,1204,6
2021-04-07,El Dorado,17,186661,9558,9500,673,10173,106
2021-04-07,Fresno,19,978130,99892,99865,8640,108505,1627
2021-04-07,Glenn,21,27897,2349,2337,550,2887,17
2021-04-07,Humboldt,23,135768,3512,3484,25,3509,35
2021-04-07,Imperial,25,180216,27789,27704,2795,30499,713
2021-04-07,Inyo,27,18085,1387,1386,2,1388,36
2021-04-07,Kern,29,883053,95365,94456,10813,105269,1275
2021-04-07,Kings,31,150075,22654,22589,1134,23723,243
2021-04-07,Lake,33,64148,3390,3358,9,3367,43
2021-04-07,Lassen,35,31185,5141,5137,109,5246,1
2021-04-07,Los Angeles,37,10098052,1188869,1183862,42724,1226586,23372
2021-04-07,Madera,39,155013,16211,16090,925,17015,231
2021-04-07,Marin,41,260295,13731,13688,231,13919,225
2021-04-07,Mariposa,43,17540,398,391,6,397,5
2021-04-07,Mendocino,45,87422,3768,3691,71,3762,45
2021-04-07,Merced,47,269075,30110,30132,964,31096,430
2021-04-07,Modoc,49,8938,363,351,120,471,3
2021-04-07,Mono,51,14174,1229,1246,12,1258,3
2021-04-07,Monterey,53,433212,42541,42427,1852,44279,341
2021-04-07,Napa,55,140530,9578,9556,32,9588,80
2021-04-07,Nevada,57,99092,4418,4364,188,4552,69
2021-04-07,Orange,59,3164182,251620,250378,11226,261604,4778
2021-04-07,Placer,61,380077,21883,21227,1363,22590,276
2021-04-07,Plumas,63,18699,671,665,11,676,4
2021-04-07,Riverside,65,2383286,287843,283749,14416,298165,4285
2021-04-07,Sacramento,67,1510023,100303,99202,1539,100741,1544
2021-04-07,San Benito,69,59416,5926,5912,107,6019,62
2021-04-07,San Bernardino,71,2135413,289399,286978,8841,295819,4433
2021-04-07,San Diego,73,3302833,272865,272195,0,272195,3588
2021-04-07,San Francisco,75,870044,35587,35618,1305,36923,493
2021-04-07,San Joaquin,77,732212,70319,69375,3441,72816,1278
2021-04-07,San Luis Obispo,79,281455,20568,20373,669,21042,252
2021-04-07,San Mateo,81,765935,41164,40693,449,41142,350
2021-04-07,Santa Barbara,83,443738,33707,33289,1206,34495,444
2021-04-07,Santa Clara,85,1922200,114990,115311,695,116006,1900
2021-04-07,Santa Cruz,87,273765,15866,15275,863,16138,203
2021-04-07,Shasta,89,179085,11451,11456,1430,12886,184
2021-04-07,Sierra,91,2930,53,51,14,65,0
2021-04-07,Siskiyou,93,43540,1571,1512,291,1803,7
2021-04-07,Solano,95,438530,31208,31097,434,31531,238
2021-04-07,Sonoma,97,501317,29329,29394,294,29688,310
2021-04-07,Stanislaus,99,539301,53526,53344,5869,59213,686
2021-04-07,Sutter,101,95872,9221,9188,86,9274,106
2021-04-07,Tehama,103,63373,4833,4802,551,5353,52
2021-04-07,Trinity,105,12862,367,322,58,380,3
2021-04-07,Tulare,107,460477,48867,48386,9122,57508,820
2021-04-07,Tuolumne,109,53932,3990,3982,34,4016,57
2021-04-07,Ventura,111,848112,79872,79595,3006,82601,986
2021-04-07,Yolo,113,214977,13472,13450,265,13715,198
2021-04-07,Yuba,115,75493,5766,5737,117,5854,43
2021-04-06,Alameda,1,1643700,84544,84091,1914,86005,1223
2021-04-06,Alpine,3,1148,86,85,0,85,0
2021-04-06,Amador,5,37829,3609,3587,34,3621,45
2021-04-06,Butte,7,227075,11712,11396,1765,13161,193
2021-04-06,Calaveras,9,45235,2027,2021,12,2033,50
2021-04-06,Colusa,11,21464,1891,1894,279,2173,14
2021-04-06,Contra Costa,13,1133247,66373,65575,1207,66782,774
2021-04-06,Del Norte,15,27424,1211,1197,6,1203,6
2021-04-06,El Dorado,17,186661,9529,9489,671,10160,106
2021-04-06,Fresno,19,978130,99828,99814,8634,108448,1626
2021-04-06,Glenn,21,27897,2348,2335,550,2885,17
2021-04-06,Humboldt,23,135768,3503,3477,25,3502,35
2021-04-06,Imperial,25,180216,27756,27661,2785,30446,713
2021-04-06,Inyo,27,18085,1387,1379,2,1381,36
2021-04-06,Kern,29,883053,95321,94422,10807,105229,1259
2021-04-06,Kings,31,150075,22648,22587,1134,23721,240
2021-04-06,Lake,33,64148,3387,3358,9,3367,43
2021-04-06,Lassen,35,31185,5139,5137,109,5246,1
2021-04-06,Los Angeles,37,10098052,1188364,1183499,42679,1226178,23323
2021-04-06,Madera,39,155013,16192,16085,920,17005,230
2021-04-06,Marin,41,260295,13722,13675,228,13903,224
2021-04-06,Mariposa,43,17540,398,390,6,396,5
2021-04-06,Mendocino,45,87422,3766,3686,71,3757,45
2021-04-06,Merced,47,269075,30081,30100,959,31059,430
2021-04-06,Modoc,49,8938,362,351,120,471,3
2021-04-06,Mono,51,14174,1229,1246,12,1258,3
2021-04-06,Monterey,53,433212,42532,42412,1851,44263,341
2021-04-06,Napa,55,140530,9559,9509,32,9541,78
2021-04-06,Nevada,57,99092,4408,4356,186,4542,69
2021-04-06,Orange,59,3164182,251513,250304,11211,261515,4771
2021-04-06,Placer,61,380077,21836,21184,1360,22544,276
2021-04-06,Plumas,63,18699,671,665,11,676,4
2021-04-06,Riverside,65,2383286,287666,283622,14405,298027,4264
2021-04-06,Sacramento,67,1510023,100095,99110,1529,100639,1537
2021-04-06,San Benito,69,59416,5917,5907,107,6014,62
2021-04-06,San Bernardino,71,2135413,289288,286792,8831,295623,4428
2021-04-06,San Diego,73,3302833,272603,271867,0,271867,3585
2021-04-06,San Francisco,75,870044,35544,35572,1305,36877,488
2021-04-06,San Joaquin,77,732212,70236,69316,3428,72744,1278
2021-04-06,San Luis Obispo,79,281455,20547,20350,665,21015,252
2021-04-06,San Mateo,81,765935,41116,40649,448,41097,350
2021-04-06,Santa Barbara,83,443738,33689,33257,1205,34462,443
2021-04-06,Santa Clara,85,1922200,114820,115184,693,115877,1900
2021-04-06,Santa Cruz,87,273765,15856,15252,863,16115,203
2021-04-06,Shasta,89,179085,11430,11443,1428,12871,184
2021-04-06,Sierra,91,2930,53,51,14,65,0
2021-04-06,Siskiyou,93,43540,1567,1510,288,1798,7
2021-04-06,Solano,95,438530,31161,31078,433,31511,237
2021-04-06,Sonoma,97,501317,29304,29386,292,29678,311
2021-04-06,Stanislaus,99,539301,53468,53304,5863,59167,686
2021-04-06,Sutter,101,95872,9211,9179,86,9265,106
2021-04-06,Tehama,103,63373,4824,4798,551,5349,52
2021-04-06,Trinity,105,12862,367,321,58,379,3
2021-04-06,Tulare,107,460477,48824,48372,9118,57490,819
2021-04-06,Tuolumne,109,53932,3990,3981,34,4015,57
2021-04-06,Ventura,111,848112,79835,79556,3004,82560,983
2021-04-06,Yolo,113,214977,13459,13443,264,13707,198
2021-04-06,Yuba,115,75493,5762,5733,116,5849,43
2021-04-05,Alameda,1,1643700,84426,84007,1909,85916,1219
2021-04-05,Alpine,3,1148,86,85,0,85,0
2021-04-05,Amador,5,37829,3606,3584,34,3618,45
2021-04-05,Butte,7,227075,11697,11384,1763,13147,193
2021-04-05,Calaveras,9,45235,2023,2019,12,2031,50
2021-04-05,Colusa,11,21464,1891,1894,278,2172,14
2021-04-05,Contra Costa,13,1133247,66306,65457,1205,66662,774
2021-04-05,Del Norte,15,27424,1209,1189,6,1195,6
2021-04-05,El Dorado,17,186661,9514,9463,671,10134,106
2021-04-05,Fresno,19,978130,99741,99755,8625,108380,1622
2021-04-05,Glenn,21,27897,2347,2335,550,2885,17
2021-04-05,Humboldt,23,135768,3494,3475,25,3500,35
2021-04-05,Imperial,25,180216,27725,27604,2779,30383,710
2021-04-05,Inyo,27,18085,1384,1377,2,1379,36
2021-04-05,Kern,29,883053,95267,94401,10781,105182,1249
2021-04-05,Kings,31,150075,22644,22580,1134,23714,239
2021-04-05,Lake,33,64148,3379,3359,9,3368,43
2021-04-05,Lassen,35,31185,5139,5138,108,5246,1
2021-04-05,Los Angeles,37,10098052,1187830,1183200,42627,1225827,23302
2021-04-05,Madera,39,155013,16178,16065,919,16984,230
2021-04-05,Marin,41,260295,13708,13666,224,13890,221
2021-04-05,Mariposa,43,17540,398,390,6,396,5
2021-04-05,Mendocino,45,87422,3764,3687,71,3758,45
2021-04-05,Merced,47,269075,30054,30068,958,31026,427
2021-04-05,Modoc,49,8938,360,346,120,466,3
2021-04-05,Mono,51,14174,1229,1246,12,1258,3
2021-04-05,Monterey,53,433212,42519,42396,1847,44243,341
2021-04-05,Napa,55,140530,9536,9492,32,9524,78
2021-04-05,Nevada,57,99092,4397,4346,186,4532,69
2021-04-05,Orange,59,3164182,251399,250177,11187,261364,4759
2021-04-05,Placer,61,380077,21790,21133,1352,22485,276
2021-04-05,Plumas,63,18699,671,666,11,677,4
2021-04-05,Riverside,65,2383286,287535,283549,14393,297942,4237
2021-04-05,Sacramento,67,1510023,99934,98908,1521,100429,1533
2021-04-05,San Benito,69,59416,5911,5904,107,6011,61
2021-04-05,San Bernardino,71,2135413,289176,286597,8828,295425,4425
2021-04-05,San Diego,73,3302833,272355,271655,0,271655,3583
2021-04-05,San Francisco,75,870044,35514,35538,1305,36843,488
2021-04-05,San Joaquin,77,732212,70149,69214,3418,72632,1268
2021-04-05,San Luis Obispo,79,281455,20510,20333,665,20998,252
2021-04-05,San Mateo,81,765935,41073,40609,447,41056,350
2021-04-05,Santa Barbara,83,443738,33656,33235,1205,34440,443
2021-04-05,Santa Clara,85,1922200,114655,115091,690,115781,1893
2021-04-05,Santa Cruz,87,273765,15849,15228,863,16091,201
2021-04-05,Shasta,89,179085,11411,11435,1423,12858,184
2021-04-05,Sierra,91,2930,53,50,14,64,0
2021-04-05,Siskiyou,93,43540,1564,1509,286,1795,7
2021-04-05,Solano,95,438530,31121,31026,431,31457,237
2021-04-05,Sonoma,97,501317,29272,29361,290,29651,311
2021-04-05,Stanislaus,99,539301,53388,53238,5860,59098,686
2021-04-05,Sutter,101,95872,9204,9169,86,9255,106
2021-04-05,Tehama,103,63373,4818,4794,551,5345,52
2021-04-05,Trinity,105,12862,366,321,58,379,3
2021-04-05,Tulare,107,460477,48812,48356,9111,57467,818
2021-04-05,Tuolumne,109,53932,3989,3980,34,4014,57
2021-04-05,Ventura,111,848112,79805,79549,3000,82549,983
2021-04-05,Yolo,113,214977,13445,13427,263,13690,198
2021-04-05,Yuba,115,75493,5757,5728,115,5843,43
2021-04-04,Alameda,1,1643700,84308,83951,1904,85855,1219
2021-04-04,Alpine,3,1148,86,85,0,85,0
2021-04-04,Amador,5,37829,3600,3582,34,3616,45
2021-04-04,Butte,7,227075,11682,11375,1762,13137,193
2021-04-04,Calaveras,9,45235,2019,2020,12,2032,50
2021-04-04,Colusa,11,21464,1890,1893,278,2171,14
2021-04-04,Contra Costa,13,1133247,66200,65408,1200,66608,774
2021-04-04,Del Norte,15,27424,1201,1186,6,1192,6
2021-04-04,El Dorado,17,186661,9495,9455,667,10122,106
2021-04-04,Fresno,19,978130,99667,99702,8612,108314,1622
2021-04-04,Glenn,21,27897,2344,2335,549,2884,17
2021-04-04,Humboldt,23,135768,3483,3472,25,3497,35
2021-04-04,Imperial,25,180216,27669,27588,2777,30365,710
2021-04-04,Inyo,27,18085,1380,1377,2,1379,36
2021-04-04,Kern,29,883053,95226,94388,10757,105145,1247
2021-04-04,Kings,31,150075,22642,22580,1133,23713,239
2021-04-04,Lake,33,64148,3373,3355,8,3363,43
2021-04-04,Lassen,35,31185,5138,5138,108,5246,1
2021-04-04,Los Angeles,37,10098052,1187291,1182872,42579,1225451,23301
2021-04-04,Madera,39,155013,16152,16052,915,16967,230
2021-04-04,Marin,41,260295,13695,13663,223,13886,221
2021-04-04,Mariposa,43,17540,398,390,6,396,5
2021-04-04,Mendocino,45,87422,3761,3684,71,3755,45
2021-04-04,Merced,47,269075,30011,30048,955,31003,427
2021-04-04,Modoc,49,8938,360,346,120,466,3
2021-04-04,Mono,51,14174,1228,1245,12,1257,3
2021-04-04,Monterey,53,433212,42502,42391,1846,44237,341
2021-04-04,Napa,55,140530,9524,9486,32,9518,78
2021-04-04,Nevada,57,99092,4385,4337,185,4522,69
2021-04-04,Orange,59,3164182,251263,250117,11172,261289,4759
2021-04-04,Placer,61,380077,21745,21104,1334,22438,276
2021-04-04,Plumas,63,18699,671,666,11,677,4
2021-04-04,Riverside,65,2383286,287410,283537,14389,297926,4237
2021-04-04,Sacramento,67,1510023,99734,98821,1513,100334,1531
2021-04-04,San Benito,69,59416,5901,5901,103,6004,61
2021-04-04,San Bernardino,71,2135413,289033,286561,8820,295381,4423
2021-04-04,San Diego,73,3302833,272044,271528,0,271528,3583
2021-04-04,San Francisco,75,870044,35460,35525,1302,36827,488
2021-04-04,San Joaquin,77,732212,70048,69147,3406,72553,1268
2021-04-04,San Luis Obispo,79,281455,20478,20328,657,20985,252
2021-04-04,San Mateo,81,765935,41030,40587,444,41031,350
2021-04-04,Santa Barbara,83,443738,33620,33213,1205,34418,443
2021-04-04,Santa Clara,85,1922200,114489,114976,683,115659,1893
2021-04-04,Santa Cruz,87,273765,15840,15219,863,16082,201
2021-04-04,Shasta,89,179085,11385,11433,1422,12855,184
2021-04-04,Sierra,91,2930,53,50,14,64,0
2021-04-04,Siskiyou,93,43540,1561,1509,282,1791,7
2021-04-04,Solano,95,438530,31074,31002,429,31431,237
2021-04-04,Sonoma,97,501317,29240,29340,288,29628,311
2021-04-04,Stanislaus,99,539301,53295,53181,5852,59033,686
2021-04-04,Sutter,101,95872,9197,9164,86,9250,106
2021-04-04,Tehama,103,63373,4806,4792,550,5342,52
2021-04-04,Trinity,105,12862,364,321,58,379,3
2021-04-04,Tulare,107,460477,48797,48343,9103,57446,818
2021-04-04,Tuolumne,109,53932,3981,3980,34,4014,57
2021-04-04,Ventura,111,848112,79762,79526,2999,82525,983
2021-04-04,Yolo,113,214977,13424,13425,262,13687,198
2021-04-04,Yuba,115,75493,5750,5722,115,5837,43
2021-04-03,Alameda,1,1643700,84240,83861,1902,85763,1218
2021-04-03,Alpine,3,1148,86,85,0,85,0
2021-04-03,Amador,5,37829,3597,3577,34,3611,45
2021-04-03,Butte,7,227075,11678,11359,1758,13117,193
2021-04-03,Calaveras,9,45235,2017,2019,12,2031,50
2021-04-03,Colusa,11,21464,1890,1891,278,2169,14
2021-04-03,Contra Costa,13,1133247,66128,65338,1200,66538,774
2021-04-03,Del Norte,15,27424,1196,1183,6,1189,6
2021-04-03,El Dorado,17,186661,9486,9448,665,10113,106
2021-04-03,Fresno,19,978130,99610,99602,8607,108209,1622
2021-04-03,Glenn,21,27897,2344,2334,548,2882,17
2021-04-03,Humboldt,23,135768,3481,3467,25,3492,35
2021-04-03,Imperial,25,180216,27654,27572,2773,30345,710
2021-04-03,Inyo,27,18085,1379,1376,2,1378,36
2021-04-03,Kern,29,883053,95203,94369,10739,105108,1243
2021-04-03,Kings,31,150075,22640,22580,1133,23713,239
2021-04-03,Lake,33,64148,3372,3350,8,3358,43
2021-04-03,Lassen,35,31185,5137,5136,108,5244,1
2021-04-03,Los Angeles,37,10098052,1186993,1182402,42560,1224962,23301
2021-04-03,Madera,39,155013,16143,16051,913,16964,230
2021-04-03,Marin,41,260295,13687,13658,222,13880,221
2021-04-03,Mariposa,43,17540,398,390,5,395,5
2021-04-03,Mendocino,45,87422,3760,3684,71,3755,45
2021-04-03,Merced,47,269075,29996,30031,955,30986,427
2021-04-03,Modoc,49,8938,360,346,120,466,3
2021-04-03,Mono,51,14174,1228,1245,12,1257,3
2021-04-03,Monterey,53,433212,42489,42376,1844,44220,341
2021-04-03,Napa,55,140530,9515,9473,32,9505,78
2021-04-03,Nevada,57,99092,4381,4323,185,4508,69
2021-04-03,Orange,59,3164182,251184,249982,11153,261135,4755
2021-04-03,Placer,61,380077,21714,21060,1330,22390,276
2021-04-03,Plumas,63,18699,671,666,11,677,4
2021-04-03,Riverside,65,2383286,287333,283423,14386,297809,4237
2021-04-03,Sacramento,67,1510023,99626,98660,1507,100167,1531
2021-04-03,San Benito,69,59416,5898,5893,102,5995,61
2021-04-03,San Bernardino,71,2135413,288966,286473,8814,295287,4422
2021-04-03,San Diego,73,3302833,271875,271335,0,271335,3571
2021-04-03,San Francisco,75,870044,35442,35488,1300,36788,489
2021-04-03,San Joaquin,77,732212,70007,69100,3390,72490,1268
2021-04-03,San Luis Obispo,79,281455,20459,20301,657,20958,252
2021-04-03,San Mateo,81,765935,41005,40560,444,41004,350
2021-04-03,Santa Barbara,83,443738,33594,33172,1204,34376,443
2021-04-03,Santa Clara,85,1922200,114380,114865,681,115546,1893
2021-04-03,Santa Cruz,87,273765,15833,15205,863,16068,201
2021-04-03,Shasta,89,179085,11377,11418,1422,12840,184
2021-04-03,Sierra,91,2930,53,50,14,64,0
2021-04-03,Siskiyou,93,43540,1560,1509,282,1791,7
2021-04-03,Solano,95,438530,31053,30970,426,31396,237
2021-04-03,Sonoma,97,501317,29224,29315,287,29602,311
2021-04-03,Stanislaus,99,539301,53260,53137,5846,58983,686
2021-04-03,Sutter,101,95872,9191,9158,86,9244,106
2021-04-03,Tehama,103,63373,4799,4788,550,5338,52
2021-04-03,Trinity,105,12862,364,321,58,379,3
2021-04-03,Tulare,107,460477,48787,48327,9099,57426,818
2021-04-03,Tuolumne,109,53932,3981,3980,34,4014,57
2021-04-03,Ventura,111,848112,79741,79489,2997,82486,983
2021-04-03,Yolo,113,214977,13418,13414,262,13676,198
2021-04-03,Yuba,115,75493,5744,5716,115,5831,43
2021-04-02,Alameda,1,1643700,84167,83776,1897,85673,1217
2021-04-02,Alpine,3,1148,86,85,0,85,0
2021-04-02,Amador,5,37829,3593,3573,33,3606,45
2021-04-02,Butte,7,227075,11669,11350,1758,13108,193
2021-04-02,Calaveras,9,45235,2017,2010,12,2022,50
2021-04-02,Colusa,11,21464,1890,1891,278,2169,14
2021-04-02,Contra Costa,13,1133247,66064,65299,1199,66498,774
2021-04-02,Del Norte,15,27424,1193,1174,6,1180,6
2021-04-02,El Dorado,17,186661,9473,9437,662,10099,106
2021-04-02,Fresno,19,978130,99556,99551,8596,108147,1620
2021-04-02,Glenn,21,27897,2344,2331,548,2879,17
2021-04-02,Humboldt,23,135768,3477,3465,25,3490,35
2021-04-02,Imperial,25,180216,27643,27553,2765,30318,710
2021-04-02,Inyo,27,18085,1379,1377,2,1379,36
2021-04-02,Kern,29,883053,95186,94348,10735,105083,1233
2021-04-02,Kings,31,150075,22640,22571,1130,23701,239
2021-04-02,Lake,33,64148,3370,3348,8,3356,43
2021-04-02,Lassen,35,31185,5137,5134,108,5242,1
2021-04-02,Los Angeles,37,10098052,1186684,1181682,42536,1224218,23264
2021-04-02,Madera,39,155013,16134,16036,912,16948,230
2021-04-02,Marin,41,260295,13679,13649,222,13871,221
2021-04-02,Mariposa,43,17540,396,390,5,395,5
2021-04-02,Mendocino,45,87422,3757,3682,71,3753,45
2021-04-02,Merced,47,269075,29972,29998,955,30953,426
2021-04-02,Modoc,49,8938,357,346,120,466,3
2021-04-02,Mono,51,14174,1228,1246,12,1258,3
2021-04-02,Monterey,53,433212,42479,42359,1841,44200,341
2021-04-02,Napa,55,140530,9500,9453,32,9485,78
2021-04-02,Nevada,57,99092,4377,4323,185,4508,69
2021-04-02,Orange,59,3164182,251088,249891,11140,261031,4748
2021-04-02,Placer,61,380077,21679,21035,1323,22358,275
2021-04-02,Plumas,63,18699,671,666,11,677,4
2021-04-02,Riverside,65,2383286,287249,283328,14378,297706,4213
2021-04-02,Sacramento,67,1510023,99519,98648,1500,100148,1527
2021-04-02,San Benito,69,59416,5896,5888,100,5988,61
2021-04-02,San Bernardino,71,2135413,288893,286308,8810,295118,4417
2021-04-02,San Diego,73,3302833,271688,271036,0,271036,3568
2021-04-02,San Francisco,75,870044,35408,35451,1297,36748,488
2021-04-02,San Joaquin,77,732212,69943,68996,3374,72370,1268
2021-04-02,San Luis Obispo,79,281455,20442,20271,656,20927,252
2021-04-02,San Mateo,81,765935,40963,40514,444,40958,350
2021-04-02,Santa Barbara,83,443738,33566,33145,1204,34349,443
2021-04-02,Santa Clara,85,1922200,114269,114777,679,115456,1882
2021-04-02,Santa Cruz,87,273765,15825,15216,863,16079,202
2021-04-02,Shasta,89,179085,11372,11377,1414,12791,181
2021-04-02,Sierra,91,2930,53,50,14,64,0
2021-04-02,Siskiyou,93,43540,1560,1508,281,1789,7
2021-04-02,Solano,95,438530,31025,30951,423,31374,237
2021-04-02,Sonoma,97,501317,29203,29288,286,29574,311
2021-04-02,Stanislaus,99,539301,53215,53073,5839,58912,687
2021-04-02,Sutter,101,95872,9183,9131,86,9217,106
2021-04-02,Tehama,103,63373,4792,4775,549,5324,52
2021-04-02,Trinity,105,12862,364,320,58,378,3
2021-04-02,Tulare,107,460477,48781,48306,9093,57399,818
2021-04-02,Tuolumne,109,53932,3978,3980,34,4014,57
2021-04-02,Ventura,111,848112,79713,79434,2995,82429,982
2021-04-02,Yolo,113,214977,13408,13381,262,13643,197
2021-04-02,Yuba,115,75493,5741,5709,115,5824,44
2021-04-01,Alameda,1,1643700,84084,83574,1892,85466,1216
2021-04-01,Alpine,3,1148,86,85,0,85,0
2021-04-01,Amador,5,37829,3589,3558,33,3591,45
2021-04-01,Butte,7,227075,11651,11328,1756,13084,193
2021-04-01,Calaveras,9,45235,2016,2006,12,2018,50
2021-04-01,Colusa,11,21464,1887,1890,278,2168,14
2021-04-01,Contra Costa,13,1133247,66004,65176,1197,66373,771
2021-04-01,Del Norte,15,27424,1188,1138,6,1144,6
2021-04-01,El Dorado,17,186661,9464,9393,658,10051,106
2021-04-01,Fresno,19,978130,99504,99317,8588,107905,1616
2021-04-01,Glenn,21,27897,2344,2322,547,2869,17
2021-04-01,Humboldt,23,135768,3473,3464,25,3489,35
2021-04-01,Imperial,25,180216,27613,27520,2759,30279,710
2021-04-01,Inyo,27,18085,1378,1374,2,1376,36
2021-04-01,Kern,29,883053,95152,94244,10721,104965,1233
2021-04-01,Kings,31,150075,22633,22560,1129,23689,239
2021-04-01,Lake,33,64148,3365,3337,8,3345,43
2021-04-01,Lassen,35,31185,5136,5132,108,5240,1
2021-04-01,Los Angeles,37,10098052,1186197,1181101,42509,1223610,23220
2021-04-01,Madera,39,155013,16118,16023,912,16935,230
2021-04-01,Marin,41,260295,13669,13635,222,13857,221
2021-04-01,Mariposa,43,17540,394,389,5,394,5
2021-04-01,Mendocino,45,87422,3757,3680,71,3751,45
2021-04-01,Merced,47,269075,29938,29820,955,30775,425
2021-04-01,Modoc,49,8938,356,346,120,466,3
2021-04-01,Mono,51,14174,1228,1245,12,1257,3
2021-04-01,Monterey,53,433212,42471,42324,1839,44163,339
2021-04-01,Napa,55,140530,9488,9410,32,9442,78
2021-04-01,Nevada,57,99092,4367,4288,184,4472,68
2021-04-01,Orange,59,3164182,250969,249617,11123,260740,4742
2021-04-01,Placer,61,380077,21642,20909,1311,22220,274
2021-04-01,Plumas,63,18699,671,664,11,675,4
2021-04-01,Riverside,65,2383286,287147,283128,14376,297504,4193
2021-04-01,Sacramento,67,1510023,99376,97952,1486,99438,1521
2021-04-01,San Benito,69,59416,5888,5878,99,5977,61
2021-04-01,San Bernardino,71,2135413,288777,286086,8802,294888,4404
2021-04-01,San Diego,73,3302833,271464,270540,0,270540,3555
2021-04-01,San Francisco,75,870044,35388,35386,1293,36679,488
2021-04-01,San Joaquin,77,732212,69860,68802,3366,72168,1262
2021-04-01,San Luis Obispo,79,281455,20414,20235,655,20890,252
2021-04-01,San Mateo,81,765935,40922,40454,444,40898,350
2021-04-01,Santa Barbara,83,443738,33521,33096,1199,34295,443
2021-04-01,Santa Clara,85,1922200,114156,114606,678,115284,1874
2021-04-01,Santa Cruz,87,273765,15810,15271,863,16134,202
2021-04-01,Shasta,89,179085,11357,11355,1408,12763,181
2021-04-01,Sierra,91,2930,53,50,14,64,0
2021-04-01,Siskiyou,93,43540,1558,1507,280,1787,7
2021-04-01,Solano,95,438530,30992,30850,420,31270,237
2021-04-01,Sonoma,97,501317,29172,29241,279,29520,311
2021-04-01,Stanislaus,99,539301,53152,52825,5833,58658,687
2021-04-01,Sutter,101,95872,9171,9105,86,9191,106
2021-04-01,Tehama,103,63373,4786,4764,546,5310,52
2021-04-01,Trinity,105,12862,364,319,58,377,3
2021-04-01,Tulare,107,460477,48758,48279,9083,57362,817
2021-04-01,Tuolumne,109,53932,3977,3978,34,4012,57
2021-04-01,Ventura,111,848112,79689,79369,2994,82363,977
2021-04-01,Yolo,113,214977,13395,13342,262,13604,197
2021-04-01,Yuba,115,75493,5736,5694,115,5809,44
2021-03-31,Alameda,1,1643700,84002,83475,1887,85362,1215
2021-03-31,Alpine,3,1148,86,85,0,85,0
2021-03-31,Amador,5,37829,3586,3556,33,3589,45
2021-03-31,Butte,7,227075,11641,11321,1753,13074,193
2021-03-31,Calaveras,9,45235,2012,2005,12,2017,50
2021-03-31,Colusa,11,21464,1887,1890,278,2168,14
2021-03-31,Contra Costa,13,1133247,65919,65109,1196,66305,769
2021-03-31,Del Norte,15,27424,1179,1129,6,1135,6
2021-03-31,El Dorado,17,186661,9447,9390,658,10048,106
2021-03-31,Fresno,19,978130,99414,99240,8572,107812,1616
2021-03-31,Glenn,21,27897,2339,2318,545,2863,17
2021-03-31,Humboldt,23,135768,3467,3460,25,3485,35
2021-03-31,Imperial,25,180216,27593,27506,2758,30264,710
2021-03-31,Inyo,27,18085,1375,1373,2,1375,35
2021-03-31,Kern,29,883053,95111,94205,10712,104917,1229
2021-03-31,Kings,31,150075,22630,22540,1129,23669,239
2021-03-31,Lake,33,64148,3361,3332,8,3340,43
2021-03-31,Lassen,35,31185,5132,5132,108,5240,1
2021-03-31,Los Angeles,37,10098052,1185736,1180538,42467,1223005,23171
2021-03-31,Madera,39,155013,16104,16015,910,16925,229
2021-03-31,Marin,41,260295,13658,13624,222,13846,221
2021-03-31,Mariposa,43,17540,394,389,5,394,5
2021-03-31,Mendocino,45,87422,3751,3675,71,3746,45
2021-03-31,Merced,47,269075,29909,29780,955,30735,423
2021-03-31,Modoc,49,8938,356,346,120,466,3
2021-03-31,Mono,51,14174,1228,1245,12,1257,3
2021-03-31,Monterey,53,433212,42454,42309,1837,44146,338
2021-03-31,Napa,55,140530,9470,9401,32,9433,78
2021-03-31,Nevada,57,99092,4361,4283,184,4467,68
2021-03-31,Orange,59,3164182,250858,249518,11108,260626,4731
2021-03-31,Placer,61,380077,21592,20885,1303,22188,271
2021-03-31,Plumas,63,18699,670,663,11,674,4
2021-03-31,Riverside,65,2383286,287048,283006,14365,297371,4171
2021-03-31,Sacramento,67,1510023,99199,97760,1478,99238,1519
2021-03-31,San Benito,69,59416,5878,5875,99,5974,61
2021-03-31,San Bernardino,71,2135413,288681,285916,8799,294715,4356
2021-03-31,San Diego,73,3302833,271233,270288,0,270288,3555
2021-03-31,San Francisco,75,870044,35344,35347,1291,36638,474
2021-03-31,San Joaquin,77,732212,69772,68685,3349,72034,1259
2021-03-31,San Luis Obispo,79,281455,20393,20215,654,20869,251
2021-03-31,San Mateo,81,765935,40892,40423,444,40867,350
2021-03-31,Santa Barbara,83,443738,33490,33052,1197,34249,443
2021-03-31,Santa Clara,85,1922200,114029,114499,678,115177,1874
2021-03-31,Santa Cruz,87,273765,15798,15295,862,16157,201
2021-03-31,Shasta,89,179085,11345,11327,1400,12727,179
2021-03-31,Sierra,91,2930,53,50,14,64,0
2021-03-31,Siskiyou,93,43540,1557,1505,280,1785,7
2021-03-31,Solano,95,438530,30946,30824,419,31243,235
2021-03-31,Sonoma,97,501317,29145,29216,279,29495,311
2021-03-31,Stanislaus,99,539301,53084,52782,5821,58603,687
2021-03-31,Sutter,101,95872,9160,9111,86,9197,106
2021-03-31,Tehama,103,63373,4781,4762,543,5305,52
2021-03-31,Trinity,105,12862,364,319,58,377,3
2021-03-31,Tulare,107,460477,48739,48261,9066,57327,816
2021-03-31,Tuolumne,109,53932,3977,3976,34,4010,57
2021-03-31,Ventura,111,848112,79657,79326,2990,82316,969
2021-03-31,Yolo,113,214977,13377,13359,261,13620,197
2021-03-31,Yuba,115,75493,5729,5686,115,5801,44
2021-03-30,Alameda,1,1643700,83902,83395,1884,85279,1211
2021-03-30,Alpine,3,1148,86,85,0,85,0
2021-03-30,Amador,5,37829,3583,3551,33,3584,45
2021-03-30,Butte,7,227075,11628,11296,1750,13046,193
2021-03-30,Calaveras,9,45235,2008,1997,12,2009,50
2021-03-30,Colusa,11,21464,1886,1890,277,2167,14
2021-03-30,Contra Costa,13,1133247,65831,65041,1194,66235,767
2021-03-30,Del Norte,15,27424,1171,1118,5,1123,6
2021-03-30,El Dorado,17,186661,9428,9381,655,10036,105
2021-03-30,Fresno,19,978130,99351,99156,8560,107716,1609
2021-03-30,Glenn,21,27897,2338,2310,543,2853,17
2021-03-30,Humboldt,23,135768,3464,3461,25,3486,35
2021-03-30,Imperial,25,180216,27564,27471,2756,30227,706
2021-03-30,Inyo,27,18085,1375,1374,2,1376,35
2021-03-30,Kern,29,883053,95070,94151,10703,104854,1221
2021-03-30,Kings,31,150075,22626,22530,1127,23657,238
2021-03-30,Lake,33,64148,3355,3330,8,3338,43
2021-03-30,Lassen,35,31185,5132,5132,108,5240,1
2021-03-30,Los Angeles,37,10098052,1185246,1180044,42442,1222486,23136
2021-03-30,Madera,39,155013,16094,16003,907,16910,229
2021-03-30,Marin,41,260295,13649,13611,214,13825,221
2021-03-30,Mariposa,43,17540,394,388,5,393,5
2021-03-30,Mendocino,45,87422,3749,3670,71,3741,45
2021-03-30,Merced,47,269075,29873,29731,955,30686,423
2021-03-30,Modoc,49,8938,355,346,120,466,3
2021-03-30,Mono,51,14174,1227,1245,12,1257,3
2021-03-30,Monterey,53,433212,42428,42308,1834,44142,338
2021-03-30,Napa,55,140530,9455,9391,32,9423,78
2021-03-30,Nevada,57,99092,4349,4266,183,4449,68
2021-03-30,Orange,59,3164182,250730,249412,11080,260492,4727
2021-03-30,Placer,61,380077,21552,20866,1296,22162,271
2021-03-30,Plumas,63,18699,670,661,11,672,4
2021-03-30,Riverside,65,2383286,286929,282930,14356,297286,4154
2021-03-30,Sacramento,67,1510023,99063,97718,1474,99192,1516
2021-03-30,San Benito,69,59416,5872,5870,99,5969,61
2021-03-30,San Bernardino,71,2135413,288574,285758,8789,294547,4343
2021-03-30,San Diego,73,3302833,270996,269998,0,269998,3555
2021-03-30,San Francisco,75,870044,35294,35325,1290,36615,474
2021-03-30,San Joaquin,77,732212,69685,68613,3337,71950,1232
2021-03-30,San Luis Obispo,79,281455,20373,20194,654,20848,251
2021-03-30,San Mateo,81,765935,40847,40377,444,40821,349
2021-03-30,Santa Barbara,83,443738,33465,33016,1197,34213,441
2021-03-30,Santa Clara,85,1922200,113906,114413,677,115090,1873
2021-03-30,Santa Cruz,87,273765,15792,15278,862,16140,201
2021-03-30,Shasta,89,179085,11337,11316,1399,12715,184
2021-03-30,Sierra,91,2930,53,50,14,64,0
2021-03-30,Siskiyou,93,43540,1556,1501,280,1781,7
2021-03-30,Solano,95,438530,30917,30802,418,31220,232
2021-03-30,Sonoma,97,501317,29114,29198,279,29477,311
2021-03-30,Stanislaus,99,539301,53006,52690,5813,58503,677
2021-03-30,Sutter,101,95872,9156,9107,85,9192,106
2021-03-30,Tehama,103,63373,4772,4748,542,5290,52
2021-03-30,Trinity,105,12862,364,316,58,374,3
2021-03-30,Tulare,107,460477,48726,48249,9056,57305,815
2021-03-30,Tuolumne,109,53932,3972,3972,34,4006,57
2021-03-30,Ventura,111,848112,79613,79282,2987,82269,958
2021-03-30,Yolo,113,214977,13364,13353,261,13614,195
2021-03-30,Yuba,115,75493,5718,5679,109,5788,42
2021-03-29,Alameda,1,1643700,83801,83338,1883,85221,1211
2021-03-29,Alpine,3,1148,86,85,0,85,0
2021-03-29,Amador,5,37829,3577,3549,33,3582,45
2021-03-29,Butte,7,227075,11619,11291,1747,13038,191
2021-03-29,Calaveras,9,45235,2004,1998,12,2010,50
2021-03-29,Colusa,11,21464,1886,1889,276,2165,14
2021-03-29,Contra Costa,13,1133247,65763,64971,1193,66164,767
2021-03-29,Del Norte,15,27424,1166,1116,4,1120,6
2021-03-29,El Dorado,17,186661,9408,9374,649,10023,105
2021-03-29,Fresno,19,978130,99268,99085,8548,107633,1606
2021-03-29,Glenn,21,27897,2332,2310,543,2853,17
2021-03-29,Humboldt,23,135768,3459,3459,25,3484,34
2021-03-29,Imperial,25,180216,27544,27442,2752,30194,704
2021-03-29,Inyo,27,18085,1375,1372,2,1374,35
2021-03-29,Kern,29,883053,95022,94098,10682,104780,1220
2021-03-29,Kings,31,150075,22614,22522,1125,23647,238
2021-03-29,Lake,33,64148,3352,3325,8,3333,43
2021-03-29,Lassen,35,31185,5132,5131,108,5239,1
2021-03-29,Los Angeles,37,10098052,1184755,1179736,42401,1222137,23108
2021-03-29,Madera,39,155013,16074,15987,905,16892,210
2021-03-29,Marin,41,260295,13637,13600,210,13810,220
2021-03-29,Mariposa,43,17540,393,388,5,393,5
2021-03-29,Mendocino,45,87422,3746,3667,71,3738,45
2021-03-29,Merced,47,269075,29849,29699,955,30654,422
2021-03-29,Modoc,49,8938,354,344,120,464,3
2021-03-29,Mono,51,14174,1226,1243,12,1255,3
2021-03-29,Monterey,53,433212,42412,42305,1829,44134,337
2021-03-29,Napa,55,140530,9439,9379,32,9411,78
2021-03-29,Nevada,57,99092,4342,4258,183,4441,68
2021-03-29,Orange,59,3164182,250618,249295,11068,260363,4713
2021-03-29,Placer,61,380077,21517,20827,1290,22117,267
2021-03-29,Plumas,63,18699,669,660,11,671,4
2021-03-29,Riverside,65,2383286,286840,282867,14354,297221,4133
2021-03-29,Sacramento,67,1510023,98870,97577,1466,99043,1514
2021-03-29,San Benito,69,59416,5865,5865,99,5964,61
2021-03-29,San Bernardino,71,2135413,288477,285615,8785,294400,4335
2021-03-29,San Diego,73,3302833,270730,269771,0,269771,3547
2021-03-29,San Francisco,75,870044,35260,35291,1286,36577,474
2021-03-29,San Joaquin,77,732212,69599,68537,3323,71860,1211
2021-03-29,San Luis Obispo,79,281455,20338,20176,652,20828,250
2021-03-29,San Mateo,81,765935,40805,40357,443,40800,348
2021-03-29,Santa Barbara,83,443738,33431,32983,1196,34179,439
2021-03-29,Santa Clara,85,1922200,113800,114335,672,115007,1871
2021-03-29,Santa Cruz,87,273765,15781,15249,861,16110,201
2021-03-29,Shasta,89,179085,11319,11313,1397,12710,183
2021-03-29,Sierra,91,2930,53,50,14,64,0
2021-03-29,Siskiyou,93,43540,1555,1497,279,1776,6
2021-03-29,Solano,95,438530,30878,30762,416,31178,232
2021-03-29,Sonoma,97,501317,29091,29184,276,29460,310
2021-03-29,Stanislaus,99,539301,52922,52614,5805,58419,677
2021-03-29,Sutter,101,95872,9149,9105,85,9190,106
2021-03-29,Tehama,103,63373,4764,4742,541,5283,52
2021-03-29,Trinity,105,12862,364,314,58,372,3
2021-03-29,Tulare,107,460477,48699,48226,9045,57271,815
2021-03-29,Tuolumne,109,53932,3970,3969,34,4003,57
2021-03-29,Ventura,111,848112,79572,79252,2986,82238,956
2021-03-29,Yolo,113,214977,13346,13346,261,13607,195
2021-03-29,Yuba,115,75493,5711,5671,108,5779,42
2021-03-28,Alameda,1,1643700,83679,83239,1881,85120,1212
2021-03-28,Alpine,3,1148,86,85,0,85,0
2021-03-28,Amador,5,37829,3573,3541,33,3574,45
2021-03-28,Butte,7,227075,11606,11285,1745,13030,191
2021-03-28,Calaveras,9,45235,2001,1995,12,2007,50
2021-03-28,Colusa,11,21464,1885,1889,276,2165,14
2021-03-28,Contra Costa,13,1133247,65689,64878,1189,66067,767
2021-03-28,Del Norte,15,27424,1159,1107,2,1109,6
2021-03-28,El Dorado,17,186661,9393,9371,647,10018,105
2021-03-28,Fresno,19,978130,99186,99004,8536,107540,1606
2021-03-28,Glenn,21,27897,2329,2309,541,2850,17
2021-03-28,Humboldt,23,135768,3456,3452,24,3476,34
2021-03-28,Imperial,25,180216,27516,27426,2749,30175,704
2021-03-28,Inyo,27,18085,1374,1372,2,1374,35
2021-03-28,Kern,29,883053,94979,94084,10670,104754,1219
2021-03-28,Kings,31,150075,22610,22514,1121,23635,238
2021-03-28,Lake,33,64148,3347,3320,8,3328,43
2021-03-28,Lassen,35,31185,5132,5131,107,5238,1
2021-03-28,Los Angeles,37,10098052,1184206,1179316,42339,1221655,23101
2021-03-28,Madera,39,155013,16059,15973,904,16877,210
2021-03-28,Marin,41,260295,13624,13594,208,13802,221
2021-03-28,Mariposa,43,17540,393,388,5,393,5
2021-03-28,Mendocino,45,87422,3744,3666,71,3737,45
2021-03-28,Merced,47,269075,29792,29679,955,30634,422
2021-03-28,Modoc,49,8938,354,344,120,464,3
2021-03-28,Mono,51,14174,1225,1242,12,1254,3
2021-03-28,Monterey,53,433212,42389,42294,1825,44119,337
2021-03-28,Napa,55,140530,9425,9368,32,9400,78
2021-03-28,Nevada,57,99092,4328,4239,183,4422,68
2021-03-28,Orange,59,3164182,250465,249238,11056,260294,4713
2021-03-28,Placer,61,380077,21474,20796,1283,22079,267
2021-03-28,Plumas,63,18699,667,657,11,668,4
2021-03-28,Riverside,65,2383286,286737,282811,14346,297157,4132
2021-03-28,Sacramento,67,1510023,98696,97425,1460,98885,1514
2021-03-28,San Benito,69,59416,5860,5862,99,5961,61
2021-03-28,San Bernardino,71,2135413,288359,285570,8774,294344,4332
2021-03-28,San Diego,73,3302833,270457,269476,0,269476,3547
2021-03-28,San Francisco,75,870044,35213,35286,1282,36568,474
2021-03-28,San Joaquin,77,732212,69474,68459,3304,71763,1211
2021-03-28,San Luis Obispo,79,281455,20303,20172,649,20821,250
2021-03-28,San Mateo,81,765935,40760,40305,442,40747,348
2021-03-28,Santa Barbara,83,443738,33392,32953,1195,34148,439
2021-03-28,Santa Clara,85,1922200,113701,114232,668,114900,1871
2021-03-28,Santa Cruz,87,273765,15767,15238,860,16098,201
2021-03-28,Shasta,89,179085,11293,11308,1386,12694,183
2021-03-28,Sierra,91,2930,53,50,14,64,0
2021-03-28,Siskiyou,93,43540,1555,1497,278,1775,6
2021-03-28,Solano,95,438530,30841,30719,414,31133,232
2021-03-28,Sonoma,97,501317,29055,29161,273,29434,310
2021-03-28,Stanislaus,99,539301,52835,52567,5790,58357,678
2021-03-28,Sutter,101,95872,9140,9094,85,9179,106
2021-03-28,Tehama,103,63373,4754,4740,536,5276,52
2021-03-28,Trinity,105,12862,362,314,57,371,3
2021-03-28,Tulare,107,460477,48670,48218,9039,57257,815
2021-03-28,Tuolumne,109,53932,3968,3969,33,4002,57
2021-03-28,Ventura,111,848112,79520,79222,2982,82204,956
2021-03-28,Yolo,113,214977,13328,13325,260,13585,194
2021-03-28,Yuba,115,75493,5707,5662,108,5770,42
2021-03-27,Alameda,1,1643700,83607,83169,1877,85046,1211
2021-03-27,Alpine,3,1148,86,85,0,85,0
2021-03-27,Amador,5,37829,3568,3538,33,3571,45
2021-03-27,Butte,7,227075,11599,11278,1744,13022,191
2021-03-27,Calaveras,9,45235,2001,1992,12,2004,50
2021-03-27,Colusa,11,21464,1885,1889,276,2165,14
2021-03-27,Contra Costa,13,1133247,65620,64804,1186,65990,767
2021-03-27,Del Norte,15,27424,1149,1104,2,1106,6
2021-03-27,El Dorado,17,186661,9379,9367,647,10014,105
2021-03-27,Fresno,19,978130,99134,98901,8531,107432,1606
2021-03-27,Glenn,21,27897,2328,2308,541,2849,17
2021-03-27,Humboldt,23,135768,3451,3442,24,3466,34
2021-03-27,Imperial,25,180216,27504,27406,2746,30152,704
2021-03-27,Inyo,27,18085,1372,1372,2,1374,35
2021-03-27,Kern,29,883053,94961,94041,10656,104697,1217
2021-03-27,Kings,31,150075,22607,22502,1121,23623,238
2021-03-27,Lake,33,64148,3345,3317,8,3325,43
2021-03-27,Lassen,35,31185,5132,5129,107,5236,1
2021-03-27,Los Angeles,37,10098052,1183893,1178831,42310,1221141,23103
2021-03-27,Madera,39,155013,16052,15968,902,16870,210
2021-03-27,Marin,41,260295,13619,13579,208,13787,222
2021-03-27,Mariposa,43,17540,393,386,5,391,5
2021-03-27,Mendocino,45,87422,3743,3666,71,3737,45
2021-03-27,Merced,47,269075,29759,29647,953,30600,422
2021-03-27,Modoc,49,8938,354,344,120,464,3
2021-03-27,Mono,51,14174,1223,1241,12,1253,3
2021-03-27,Monterey,53,433212,42379,42271,1825,44096,337
2021-03-27,Napa,55,140530,9413,9360,32,9392,78
2021-03-27,Nevada,57,99092,4318,4231,183,4414,68
2021-03-27,Orange,59,3164182,250371,249160,11040,260200,4698
2021-03-27,Placer,61,380077,21454,20717,1276,21993,267
2021-03-27,Plumas,63,18699,666,655,11,666,4
2021-03-27,Riverside,65,2383286,286675,282707,14338,297045,4132
2021-03-27,Sacramento,67,1510023,98606,97247,1458,98705,1513
2021-03-27,San Benito,69,59416,5858,5862,97,5959,61
2021-03-27,San Bernardino,71,2135413,288297,285480,8772,294252,4325
2021-03-27,San Diego,73,3302833,270287,269271,0,269271,3540
2021-03-27,San Francisco,75,870044,35189,35244,1280,36524,474
2021-03-27,San Joaquin,77,732212,69414,68365,3295,71660,1211
2021-03-27,San Luis Obispo,79,281455,20292,20153,646,20799,250
2021-03-27,San Mateo,81,765935,40737,40264,442,40706,348
2021-03-27,Santa Barbara,83,443738,33369,32921,1195,34116,439
2021-03-27,Santa Clara,85,1922200,113604,114124,666,114790,1871
2021-03-27,Santa Cruz,87,273765,15761,15215,860,16075,201
2021-03-27,Shasta,89,179085,11282,11288,1384,12672,183
2021-03-27,Sierra,91,2930,53,50,14,64,0
2021-03-27,Siskiyou,93,43540,1555,1497,278,1775,6
2021-03-27,Solano,95,438530,30813,30669,413,31082,232
2021-03-27,Sonoma,97,501317,29040,29133,271,29404,310
2021-03-27,Stanislaus,99,539301,52772,52497,5781,58278,678
2021-03-27,Sutter,101,95872,9132,9093,85,9178,106
2021-03-27,Tehama,103,63373,4748,4738,534,5272,52
2021-03-27,Trinity,105,12862,362,313,57,370,3
2021-03-27,Tulare,107,460477,48654,48203,9031,57234,813
2021-03-27,Tuolumne,109,53932,3965,3968,33,4001,57
2021-03-27,Ventura,111,848112,79493,79184,2980,82164,956
2021-03-27,Yolo,113,214977,13323,13317,259,13576,194
2021-03-27,Yuba,115,75493,5705,5657,108,5765,42
2021-03-26,Alameda,1,1643700,83545,83043,1875,84918,1208
2021-03-26,Alpine,3,1148,86,85,0,85,0
2021-03-26,Amador,5,37829,3563,3532,33,3565,45
2021-03-26,Butte,7,227075,11589,11278,1744,13022,191
2021-03-26,Calaveras,9,45235,2000,1989,12,2001,50
2021-03-26,Colusa,11,21464,1885,1889,276,2165,14
2021-03-26,Contra Costa,13,1133247,65560,64699,1184,65883,761
2021-03-26,Del Norte,15,27424,1146,1101,2,1103,6
2021-03-26,El Dorado,17,186661,9374,9353,647,10000,105
2021-03-26,Fresno,19,978130,99073,98731,8519,107250,1601
2021-03-26,Glenn,21,27897,2328,2307,540,2847,17
2021-03-26,Humboldt,23,135768,3449,3431,24,3455,34
2021-03-26,Imperial,25,180216,27480,27374,2746,30120,701
2021-03-26,Inyo,27,18085,1371,1369,2,1371,35
2021-03-26,Kern,29,883053,94935,93949,10649,104598,1211
2021-03-26,Kings,31,150075,22599,22493,1119,23612,239
2021-03-26,Lake,33,64148,3344,3314,8,3322,43
2021-03-26,Lassen,35,31185,5131,5131,107,5238,1
2021-03-26,Los Angeles,37,10098052,1183558,1178213,42295,1220508,23080
2021-03-26,Madera,39,155013,16042,15952,902,16854,210
2021-03-26,Marin,41,260295,13613,13553,203,13756,221
2021-03-26,Mariposa,43,17540,393,386,5,391,5
2021-03-26,Mendocino,45,87422,3742,3664,71,3735,45
2021-03-26,Merced,47,269075,29736,29613,951,30564,419
2021-03-26,Modoc,49,8938,354,344,120,464,3
2021-03-26,Mono,51,14174,1222,1236,12,1248,3
2021-03-26,Monterey,53,433212,42366,42241,1821,44062,338
2021-03-26,Napa,55,140530,9403,9349,32,9381,78
2021-03-26,Nevada,57,99092,4298,4222,183,4405,83
2021-03-26,Orange,59,3164182,250308,248995,11026,260021,4671
2021-03-26,Placer,61,380077,21428,20679,1274,21953,259
2021-03-26,Plumas,63,18699,665,654,11,665,4
2021-03-26,Riverside,65,2383286,286597,282602,14332,296934,4109
2021-03-26,Sacramento,67,1510023,98506,97040,1453,98493,1509
2021-03-26,San Benito,69,59416,5855,5855,97,5952,61
2021-03-26,San Bernardino,71,2135413,288242,285313,8769,294082,4288
2021-03-26,San Diego,73,3302833,270109,269045,0,269045,3525
2021-03-26,San Francisco,75,870044,35164,35186,1280,36466,472
2021-03-26,San Joaquin,77,732212,69352,68249,3290,71539,1202
2021-03-26,San Luis Obispo,79,281455,20279,20118,646,20764,250
2021-03-26,San Mateo,81,765935,40702,40199,442,40641,348
2021-03-26,Santa Barbara,83,443738,33339,32895,1195,34090,439
2021-03-26,Santa Clara,85,1922200,113506,113959,665,114624,1868
2021-03-26,Santa Cruz,87,273765,15747,15199,859,16058,201
2021-03-26,Shasta,89,179085,11273,11276,1378,12654,182
2021-03-26,Sierra,91,2930,53,50,14,64,0
2021-03-26,Siskiyou,93,43540,1555,1493,277,1770,6
2021-03-26,Solano,95,438530,30788,30640,413,31053,205
2021-03-26,Sonoma,97,501317,29024,29101,268,29369,310
2021-03-26,Stanislaus,99,539301,52704,52420,5777,58197,678
2021-03-26,Sutter,101,95872,9130,9082,85,9167,104
2021-03-26,Tehama,103,63373,4747,4722,533,5255,51
2021-03-26,Trinity,105,12862,362,311,57,368,3
2021-03-26,Tulare,107,460477,48640,48179,9022,57201,813
2021-03-26,Tuolumne,109,53932,3964,3965,33,3998,57
2021-03-26,Ventura,111,848112,79460,79122,2978,82100,953
2021-03-26,Yolo,113,214977,13315,13299,257,13556,194
2021-03-26,Yuba,115,75493,5695,5653,108,5761,42
2021-03-25,Alameda,1,1643700,83447,82945,1873,84818,1206
2021-03-25,Alpine,3,1148,86,84,0,84,0
2021-03-25,Amador,5,37829,3561,3530,33,3563,45
2021-03-25,Butte,7,227075,11579,11270,1744,13014,188
2021-03-25,Calaveras,9,45235,1995,1982,12,1994,50
2021-03-25,Colusa,11,21464,1885,1888,276,2164,14
2021-03-25,Contra Costa,13,1133247,65493,64606,1180,65786,757
2021-03-25,Del Norte,15,27424,1140,1095,2,1097,6
2021-03-25,El Dorado,17,186661,9364,9331,647,9978,105
2021-03-25,Fresno,19,978130,98957,98602,8504,107106,1593
2021-03-25,Glenn,21,27897,2327,2302,539,2841,17
2021-03-25,Humboldt,23,135768,3444,3423,24,3447,34
2021-03-25,Imperial,25,180216,27464,27352,2745,30097,699
2021-03-25,Inyo,27,18085,1371,1369,2,1371,35
2021-03-25,Kern,29,883053,94903,93857,10644,104501,1206
2021-03-25,Kings,31,150075,22588,22472,1119,23591,237
2021-03-25,Lake,33,64148,3339,3312,8,3320,43
2021-03-25,Lassen,35,31185,5131,5129,107,5236,1
2021-03-25,Los Angeles,37,10098052,1183131,1177490,42257,1219747,23051
2021-03-25,Madera,39,155013,16023,15937,900,16837,210
2021-03-25,Marin,41,260295,13604,13538,200,13738,219
2021-03-25,Mariposa,43,17540,393,386,5,391,5
2021-03-25,Mendocino,45,87422,3741,3664,71,3735,45
2021-03-25,Merced,47,269075,29702,29576,942,30518,416
2021-03-25,Modoc,49,8938,354,343,120,463,3
2021-03-25,Mono,51,14174,1222,1235,12,1247,3
2021-03-25,Monterey,53,433212,42345,42220,1816,44036,336
2021-03-25,Napa,55,140530,9384,9321,32,9353,78
2021-03-25,Nevada,57,99092,4280,4202,181,4383,84
2021-03-25,Orange,59,3164182,250195,248871,11005,259876,4655
2021-03-25,Placer,61,380077,21389,20639,1267,21906,252
2021-03-25,Plumas,63,18699,665,654,11,665,4
2021-03-25,Riverside,65,2383286,286500,282492,14321,296813,4078
2021-03-25,Sacramento,67,1510023,98362,96823,1450,98273,1505
2021-03-25,San Benito,69,59416,5852,5850,97,5947,61
2021-03-25,San Bernardino,71,2135413,288161,285134,8764,293898,4222
2021-03-25,San Diego,73,3302833,269882,268623,0,268623,3520
2021-03-25,San Francisco,75,870044,35125,35154,1278,36432,468
2021-03-25,San Joaquin,77,732212,69256,68089,3241,71330,1196
2021-03-25,San Luis Obispo,79,281455,20262,20076,645,20721,250
2021-03-25,San Mateo,81,765935,40662,40147,442,40589,348
2021-03-25,Santa Barbara,83,443738,33312,32857,1194,34051,439
2021-03-25,Santa Clara,85,1922200,113403,113877,663,114540,1868
2021-03-25,Santa Cruz,87,273765,15726,15170,859,16029,201
2021-03-25,Shasta,89,179085,11256,11262,1376,12638,181
2021-03-25,Sierra,91,2930,53,50,14,64,0
2021-03-25,Siskiyou,93,43540,1553,1491,276,1767,6
2021-03-25,Solano,95,438530,30728,30583,411,30994,193
2021-03-25,Sonoma,97,501317,28990,29060,264,29324,310
2021-03-25,Stanislaus,99,539301,52637,52321,5770,58091,678
2021-03-25,Sutter,101,95872,9121,9069,85,9154,104
2021-03-25,Tehama,103,63373,4745,4719,532,5251,52
2021-03-25,Trinity,105,12862,362,310,57,367,3
2021-03-25,Tulare,107,460477,48615,48148,9009,57157,811
2021-03-25,Tuolumne,109,53932,3963,3962,33,3995,57
2021-03-25,Ventura,111,848112,79420,79045,2974,82019,952
2021-03-25,Yolo,113,214977,13308,13287,257,13544,194
2021-03-25,Yuba,115,75493,5689,5647,102,5749,42
2021-03-24,Alameda,1,1643700,83352,82871,1869,84740,1199
2021-03-24,Alpine,3,1148,86,84,0,84,0
2021-03-24,Amador,5,37829,3555,3529,33,3562,45
2021-03-24,Butte,7,227075,11569,11252,1740,12992,187
2021-03-24,Calaveras,9,45235,1991,1975,12,1987,50
2021-03-24,Colusa,11,21464,1885,1886,275,2161,14
2021-03-24,Contra Costa,13,1133247,65413,64539,1179,65718,755
2021-03-24,Del Norte,15,27424,1135,1087,2,1089,6
2021-03-24,El Dorado,17,186661,9358,9319,646,9965,105
2021-03-24,Fresno,19,978130,98868,98437,8489,106926,1585
2021-03-24,Glenn,21,27897,2326,2297,538,2835,17
2021-03-24,Humboldt,23,135768,3441,3414,24,3438,34
2021-03-24,Imperial,25,180216,27455,27325,2745,30070,699
2021-03-24,Inyo,27,18085,1371,1368,2,1370,35
2021-03-24,Kern,29,883053,94855,93800,10635,104435,1198
2021-03-24,Kings,31,150075,22573,22456,1117,23573,237
2021-03-24,Lake,33,64148,3335,3307,8,3315,43
2021-03-24,Lassen,35,31185,5129,5130,106,5236,1
2021-03-24,Los Angeles,37,10098052,1182659,1177015,42220,1219235,22993
2021-03-24,Madera,39,155013,16014,15918,899,16817,210
2021-03-24,Marin,41,260295,13591,13526,198,13724,219
2021-03-24,Mariposa,43,17540,393,384,5,389,5
2021-03-24,Mendocino,45,87422,3738,3660,71,3731,45
2021-03-24,Merced,47,269075,29661,29525,942,30467,415
2021-03-24,Modoc,49,8938,353,341,120,461,3
2021-03-24,Mono,51,14174,1221,1243,12,1255,3
2021-03-24,Monterey,53,433212,42323,42201,1813,44014,335
2021-03-24,Napa,55,140530,9364,9310,32,9342,78
2021-03-24,Nevada,57,99092,4266,4191,180,4371,85
2021-03-24,Orange,59,3164182,250079,248775,10986,259761,4638
2021-03-24,Placer,61,380077,21359,20606,1259,21865,250
2021-03-24,Plumas,63,18699,663,652,11,663,4
2021-03-24,Riverside,65,2383286,286417,282410,14319,296729,4058
2021-03-24,Sacramento,67,1510023,98188,96628,1438,98066,1500
2021-03-24,San Benito,69,59416,5851,5847,97,5944,61
2021-03-24,San Bernardino,71,2135413,288074,284983,8763,293746,4170
2021-03-24,San Diego,73,3302833,269667,268413,0,268413,3509
2021-03-24,San Francisco,75,870044,35097,35103,1275,36378,462
2021-03-24,San Joaquin,77,732212,69185,67978,3229,71207,1196
2021-03-24,San Luis Obispo,79,281455,20232,20021,644,20665,250
2021-03-24,San Mateo,81,765935,40612,40083,442,40525,348
2021-03-24,Santa Barbara,83,443738,33285,32810,1194,34004,438
2021-03-24,Santa Clara,85,1922200,113289,113757,659,114416,1851
2021-03-24,Santa Cruz,87,273765,15713,15138,857,15995,202
2021-03-24,Shasta,89,179085,11237,11243,1374,12617,181
2021-03-24,Sierra,91,2930,53,50,14,64,0
2021-03-24,Siskiyou,93,43540,1551,1490,276,1766,6
2021-03-24,Solano,95,438530,30691,30552,410,30962,178
2021-03-24,Sonoma,97,501317,28971,29034,259,29293,310
2021-03-24,Stanislaus,99,539301,52561,52259,5762,58021,677
2021-03-24,Sutter,101,95872,9105,9049,85,9134,104
2021-03-24,Tehama,103,63373,4739,4719,531,5250,49
2021-03-24,Trinity,105,12862,361,310,57,367,3
2021-03-24,Tulare,107,460477,48605,48109,8996,57105,808
2021-03-24,Tuolumne,109,53932,3962,3961,33,3994,57
2021-03-24,Ventura,111,848112,79368,78993,2967,81960,944
2021-03-24,Yolo,113,214977,13297,13269,257,13526,194
2021-03-24,Yuba,115,75493,5683,5634,99,5733,42
2021-03-23,Alameda,1,1643700,83250,82799,1865,84664,1190
2021-03-23,Alpine,3,1148,86,84,0,84,0
2021-03-23,Amador,5,37829,3549,3524,33,3557,45
2021-03-23,Butte,7,227075,11558,11227,1739,12966,187
2021-03-23,Calaveras,9,45235,1991,1971,12,1983,50
2021-03-23,Colusa,11,21464,1883,1885,274,2159,14
2021-03-23,Contra Costa,13,1133247,65314,64491,1178,65669,750
2021-03-23,Del Norte,15,27424,1130,1082,2,1084,6
2021-03-23,El Dorado,17,186661,9348,9318,644,9962,105
2021-03-23,Fresno,19,978130,98757,98362,8464,106826,1575
2021-03-23,Glenn,21,27897,2321,2293,536,2829,17
2021-03-23,Humboldt,23,135768,3432,3405,24,3429,34
2021-03-23,Imperial,25,180216,27447,27320,2745,30065,699
2021-03-23,Inyo,27,18085,1369,1364,2,1366,35
2021-03-23,Kern,29,883053,94748,93728,10628,104356,1191
2021-03-23,Kings,31,150075,22562,22439,1115,23554,237
2021-03-23,Lake,33,64148,3333,3294,8,3302,43
2021-03-23,Lassen,35,31185,5129,5130,106,5236,1
2021-03-23,Los Angeles,37,10098052,1182147,1176572,42180,1218752,22904
2021-03-23,Madera,39,155013,15998,15908,898,16806,210
2021-03-23,Marin,41,260295,13568,13514,196,13710,221
2021-03-23,Mariposa,43,17540,392,384,5,389,5
2021-03-23,Mendocino,45,87422,3736,3652,71,3723,45
2021-03-23,Merced,47,269075,29629,29485,942,30427,415
2021-03-23,Modoc,49,8938,352,342,120,462,3
2021-03-23,Mono,51,14174,1220,1263,12,1275,3
2021-03-23,Monterey,53,433212,42312,42180,1811,43991,335
2021-03-23,Napa,55,140530,9339,9299,32,9331,78
2021-03-23,Nevada,57,99092,4247,4179,179,4358,89
2021-03-23,Orange,59,3164182,249953,248661,10967,259628,4626
2021-03-23,Placer,61,380077,21324,20567,1255,21822,248
2021-03-23,Plumas,63,18699,663,652,11,663,4
2021-03-23,Riverside,65,2383286,286323,282317,14311,296628,4035
2021-03-23,Sacramento,67,1510023,97996,96521,1433,97954,1496
2021-03-23,San Benito,69,59416,5846,5845,96,5941,61
2021-03-23,San Bernardino,71,2135413,287991,284875,8755,293630,4134
2021-03-23,San Diego,73,3302833,269422,268156,0,268156,3498
2021-03-23,San Francisco,75,870044,35040,35071,1268,36339,462
2021-03-23,San Joaquin,77,732212,69089,67903,3211,71114,1182
2021-03-23,San Luis Obispo,79,281455,20192,20009,643,20652,250
2021-03-23,San Mateo,81,765935,40555,40032,441,40473,348
2021-03-23,Santa Barbara,83,443738,33247,32771,1193,33964,438
2021-03-23,Santa Clara,85,1922200,113172,113645,656,114301,1848
2021-03-23,Santa Cruz,87,273765,15698,15106,857,15963,201
2021-03-23,Shasta,89,179085,11224,11234,1373,12607,175
2021-03-23,Sierra,91,2930,53,50,14,64,0
2021-03-23,Siskiyou,93,43540,1546,1485,274,1759,6
2021-03-23,Solano,95,438530,30650,30524,409,30933,178
2021-03-23,Sonoma,97,501317,28935,29020,257,29277,310
2021-03-23,Stanislaus,99,539301,52461,52148,5754,57902,677
2021-03-23,Sutter,101,95872,9097,9039,85,9124,104
2021-03-23,Tehama,103,63373,4728,4707,530,5237,46
2021-03-23,Trinity,105,12862,361,310,57,367,3
2021-03-23,Tulare,107,460477,48578,48095,8979,57074,808
2021-03-23,Tuolumne,109,53932,3959,3957,33,3990,57
2021-03-23,Ventura,111,848112,79307,78930,2964,81894,932
2021-03-23,Yolo,113,214977,13286,13255,257,13512,194
2021-03-23,Yuba,115,75493,5678,5628,99,5727,42
2021-03-22,Alameda,1,1643700,83158,82748,1859,84607,1189
2021-03-22,Alpine,3,1148,85,83,0,83,0
2021-03-22,Amador,5,37829,3541,3522,33,3555,44
2021-03-22,Butte,7,227075,11549,11211,1737,12948,185
2021-03-22,Calaveras,9,45235,1988,1963,12,1975,49
2021-03-22,Colusa,11,21464,1882,1885,273,2158,13
2021-03-22,Contra Costa,13,1133247,65219,64432,1176,65608,740
2021-03-22,Del Norte,15,27424,1124,1082,2,1084,6
2021-03-22,El Dorado,17,186661,9332,9310,641,9951,105
2021-03-22,Fresno,19,978130,98661,98276,8450,106726,1556
2021-03-22,Glenn,21,27897,2313,2291,536,2827,17
2021-03-22,Humboldt,23,135768,3427,3403,24,3427,34
2021-03-22,Imperial,25,180216,27432,27302,2741,30043,699
2021-03-22,Inyo,27,18085,1366,1363,2,1365,35
2021-03-22,Kern,29,883053,94678,93675,10611,104286,1178
2021-03-22,Kings,31,150075,22549,22433,1110,23543,236
2021-03-22,Lake,33,64148,3332,3290,8,3298,43
2021-03-22,Lassen,35,31185,5127,5129,106,5235,1
2021-03-22,Los Angeles,37,10098052,1181642,1176205,42145,1218350,22843
2021-03-22,Madera,39,155013,15983,15904,898,16802,210
2021-03-22,Marin,41,260295,13559,13501,195,13696,221
2021-03-22,Mariposa,43,17540,391,381,5,386,5
2021-03-22,Mendocino,45,87422,3734,3653,71,3724,45
2021-03-22,Merced,47,269075,29586,29468,939,30407,413
2021-03-22,Modoc,49,8938,350,342,120,462,3
2021-03-22,Mono,51,14174,1215,1263,12,1275,3
2021-03-22,Monterey,53,433212,42295,42161,1809,43970,335
2021-03-22,Napa,55,140530,9328,9288,32,9320,77
2021-03-22,Nevada,57,99092,4237,4174,174,4348,89
2021-03-22,Orange,59,3164182,249803,248517,10932,259449,4599
2021-03-22,Placer,61,380077,21288,20543,1250,21793,242
2021-03-22,Plumas,63,18699,663,652,11,663,4
2021-03-22,Riverside,65,2383286,286230,282242,14300,296542,4009
2021-03-22,Sacramento,67,1510023,97819,96385,1423,97808,1493
2021-03-22,San Benito,69,59416,5843,5844,95,5939,61
2021-03-22,San Bernardino,71,2135413,287901,284771,8742,293513,4107
2021-03-22,San Diego,73,3302833,269211,267913,0,267913,3494
2021-03-22,San Francisco,75,870044,34998,35040,1264,36304,462
2021-03-22,San Joaquin,77,732212,68998,67815,3192,71007,1182
2021-03-22,San Luis Obispo,79,281455,20168,20000,642,20642,250
2021-03-22,San Mateo,81,765935,40505,40024,439,40463,348
2021-03-22,Santa Barbara,83,443738,33202,32756,1190,33946,437
2021-03-22,Santa Clara,85,1922200,113053,113575,656,114231,1845
2021-03-22,Santa Cruz,87,273765,15686,15077,856,15933,201
2021-03-22,Shasta,89,179085,11210,11218,1372,12590,150
2021-03-22,Sierra,91,2930,53,50,14,64,0
2021-03-22,Siskiyou,93,43540,1545,1487,273,1760,5
2021-03-22,Solano,95,438530,30611,30490,405,30895,171
2021-03-22,Sonoma,97,501317,28906,29010,253,29263,310
2021-03-22,Stanislaus,99,539301,52377,52083,5749,57832,677
2021-03-22,Sutter,101,95872,9084,9024,85,9109,104
2021-03-22,Tehama,103,63373,4720,4704,530,5234,45
2021-03-22,Trinity,105,12862,361,310,57,367,3
2021-03-22,Tulare,107,460477,48563,48074,8958,57032,807
2021-03-22,Tuolumne,109,53932,3956,3954,33,3987,57
2021-03-22,Ventura,111,848112,79259,78890,2961,81851,927
2021-03-22,Yolo,113,214977,13274,13243,256,13499,190
2021-03-22,Yuba,115,75493,5667,5627,97,5724,42
2021-03-21,Alameda,1,1643700,83070,82684,1855,84539,1187
2021-03-21,Alpine,3,1148,85,83,0,83,0
2021-03-21,Amador,5,37829,3537,3519,33,3552,44
2021-03-21,Butte,7,227075,11533,11208,1731,12939,185
2021-03-21,Calaveras,9,45235,1985,1962,12,1974,49
2021-03-21,Colusa,11,21464,1882,1885,273,2158,13
2021-03-21,Contra Costa,13,1133247,65137,64382,1172,65554,740
2021-03-21,Del Norte,15,27424,1109,1076,2,1078,6
2021-03-21,El Dorado,17,186661,9322,9302,636,9938,105
2021-03-21,Fresno,19,978130,98549,98211,8426,106637,1556
2021-03-21,Glenn,21,27897,2310,2288,535,2823,17
2021-03-21,Humboldt,23,135768,3422,3402,24,3426,34
2021-03-21,Imperial,25,180216,27415,27267,2732,29999,699
2021-03-21,Inyo,27,18085,1366,1363,2,1365,35
2021-03-21,Kern,29,883053,94614,93649,10599,104248,1170
2021-03-21,Kings,31,150075,22532,22422,1109,23531,236
2021-03-21,Lake,33,64148,3328,3286,8,3294,43
2021-03-21,Lassen,35,31185,5127,5129,106,5235,1
2021-03-21,Los Angeles,37,10098052,1181119,1175684,42094,1217778,22834
2021-03-21,Madera,39,155013,15964,15895,896,16791,210
2021-03-21,Marin,41,260295,13543,13495,194,13689,220
2021-03-21,Mariposa,43,17540,391,381,5,386,5
2021-03-21,Mendocino,45,87422,3731,3651,71,3722,45
2021-03-21,Merced,47,269075,29526,29446,933,30379,413
2021-03-21,Modoc,49,8938,350,341,120,461,3
2021-03-21,Mono,51,14174,1210,1263,12,1275,3
2021-03-21,Monterey,53,433212,42270,42153,1806,43959,335
2021-03-21,Napa,55,140530,9308,9282,32,9314,77
2021-03-21,Nevada,57,99092,4224,4169,174,4343,89
2021-03-21,Orange,59,3164182,249671,248442,10904,259346,4598
2021-03-21,Placer,61,380077,21252,20520,1242,21762,242
2021-03-21,Plumas,63,18699,663,653,11,664,4
2021-03-21,Riverside,65,2383286,286125,282187,14288,296475,4009
2021-03-21,Sacramento,67,1510023,97624,96269,1415,97684,1489
2021-03-21,San Benito,69,59416,5837,5842,95,5937,61
2021-03-21,San Bernardino,71,2135413,287813,284732,8735,293467,4094
2021-03-21,San Diego,73,3302833,268951,267724,0,267724,3494
2021-03-21,San Francisco,75,870044,34951,35012,1257,36269,460
2021-03-21,San Joaquin,77,732212,68876,67729,3174,70903,1182
2021-03-21,San Luis Obispo,79,281455,20136,19979,640,20619,250
2021-03-21,San Mateo,81,765935,40460,39988,438,40426,344
2021-03-21,Santa Barbara,83,443738,33163,32743,1188,33931,437
2021-03-21,Santa Clara,85,1922200,112924,113487,653,114140,1840
2021-03-21,Santa Cruz,87,273765,15679,15064,856,15920,199
2021-03-21,Shasta,89,179085,11190,11215,1371,12586,150
2021-03-21,Sierra,91,2930,53,50,14,64,0
2021-03-21,Siskiyou,93,43540,1545,1486,272,1758,5
2021-03-21,Solano,95,438530,30571,30474,402,30876,171
2021-03-21,Sonoma,97,501317,28878,28986,252,29238,310
2021-03-21,Stanislaus,99,539301,52287,52014,5748,57762,677
2021-03-21,Sutter,101,95872,9071,9021,85,9106,104
2021-03-21,Tehama,103,63373,4716,4701,530,5231,45
2021-03-21,Trinity,105,12862,359,310,57,367,3
2021-03-21,Tulare,107,460477,48547,48060,8946,57006,807
2021-03-21,Tuolumne,109,53932,3954,3953,33,3986,57
2021-03-21,Ventura,111,848112,79195,78863,2956,81819,927
2021-03-21,Yolo,113,214977,13253,13235,256,13491,190
2021-03-21,Yuba,115,75493,5657,5624,97,5721,42
2021-03-20,Alameda,1,1643700,83001,82614,1853,84467,1178
2021-03-20,Alpine,3,1148,85,83,0,83,0
2021-03-20,Amador,5,37829,3535,3518,33,3551,44
2021-03-20,Butte,7,227075,11527,11199,1729,12928,185
2021-03-20,Calaveras,9,45235,1981,1961,12,1973,49
2021-03-20,Colusa,11,21464,1882,1883,273,2156,12
2021-03-20,Contra Costa,13,1133247,65077,64313,1172,65485,713
2021-03-20,Del Norte,15,27424,1108,1075,2,1077,6
2021-03-20,El Dorado,17,186661,9316,9290,636,9926,105
2021-03-20,Fresno,19,978130,98489,98112,8419,106531,1532
2021-03-20,Glenn,21,27897,2309,2288,533,2821,17
2021-03-20,Humboldt,23,135768,3415,3399,24,3423,33
2021-03-20,Imperial,25,180216,27409,27239,2730,29969,695
2021-03-20,Inyo,27,18085,1366,1362,2,1364,35
2021-03-20,Kern,29,883053,94585,93606,10594,104200,1155
2021-03-20,Kings,31,150075,22527,22415,1108,23523,236
2021-03-20,Lake,33,64148,3324,3280,8,3288,43
2021-03-20,Lassen,35,31185,5127,5128,106,5234,1
2021-03-20,Los Angeles,37,10098052,1180824,1175290,42066,1217356,22810
2021-03-20,Madera,39,155013,15956,15891,895,16786,210
2021-03-20,Marin,41,260295,13531,13470,190,13660,220
2021-03-20,Mariposa,43,17540,390,381,5,386,5
2021-03-20,Mendocino,45,87422,3730,3639,71,3710,43
2021-03-20,Merced,47,269075,29495,29411,930,30341,412
2021-03-20,Modoc,49,8938,349,341,120,461,3
2021-03-20,Mono,51,14174,1210,1256,12,1268,3
2021-03-20,Monterey,53,433212,42261,42146,1806,43952,334
2021-03-20,Napa,55,140530,9300,9274,32,9306,77
2021-03-20,Nevada,57,99092,4213,4164,173,4337,89
2021-03-20,Orange,59,3164182,249590,248348,10891,259239,4522
2021-03-20,Placer,61,380077,21230,20505,1240,21745,242
2021-03-20,Plumas,63,18699,660,652,11,663,4
2021-03-20,Riverside,65,2383286,286052,282081,14284,296365,4000
2021-03-20,Sacramento,67,1510023,97514,96126,1411,97537,1488
2021-03-20,San Benito,69,59416,5833,5840,95,5935,61
2021-03-20,San Bernardino,71,2135413,287749,284690,8731,293421,3965
2021-03-20,San Diego,73,3302833,268780,267532,0,267532,3493
2021-03-20,San Francisco,75,870044,34928,34968,1250,36218,453
2021-03-20,San Joaquin,77,732212,68835,67662,3167,70829,1161
2021-03-20,San Luis Obispo,79,281455,20120,19951,634,20585,250
2021-03-20,San Mateo,81,765935,40426,39958,437,40395,344
2021-03-20,Santa Barbara,83,443738,33139,32723,1187,33910,434
2021-03-20,Santa Clara,85,1922200,112832,113384,652,114036,1799
2021-03-20,Santa Cruz,87,273765,15663,15053,856,15909,199
2021-03-20,Shasta,89,179085,11184,11211,1371,12582,147
2021-03-20,Sierra,91,2930,53,50,14,64,0
2021-03-20,Siskiyou,93,43540,1545,1483,272,1755,5
2021-03-20,Solano,95,438530,30541,30439,402,30841,170
2021-03-20,Sonoma,97,501317,28863,28962,251,29213,309
2021-03-20,Stanislaus,99,539301,52231,51925,5740,57665,673
2021-03-20,Sutter,101,95872,9063,9014,85,9099,103
2021-03-20,Tehama,103,63373,4711,4696,528,5224,33
2021-03-20,Trinity,105,12862,358,310,57,367,3
2021-03-20,Tulare,107,460477,48532,48030,8929,56959,804
2021-03-20,Tuolumne,109,53932,3951,3950,33,3983,57
2021-03-20,Ventura,111,848112,79158,78818,2954,81772,922
2021-03-20,Yolo,113,214977,13249,13226,256,13482,190
2021-03-20,Yuba,115,75493,5654,5621,96,5717,42
2021-03-19,Alameda,1,1643700,82928,82499,1851,84350,1187
2021-03-19,Alpine,3,1148,84,82,0,82,0
2021-03-19,Amador,5,37829,3532,3515,33,3548,44
2021-03-19,Butte,7,227075,11518,11191,1726,12917,185
2021-03-19,Calaveras,9,45235,1980,1957,12,1969,49
2021-03-19,Colusa,11,21464,1881,1883,273,2156,12
2021-03-19,Contra Costa,13,1133247,65018,64195,1169,65364,737
2021-03-19,Del Norte,15,27424,1102,1071,0,1071,6
2021-03-19,El Dorado,17,186661,9307,9274,636,9910,105
2021-03-19,Fresno,19,978130,98408,97969,8404,106373,1527
2021-03-19,Glenn,21,27897,2309,2282,533,2815,17
2021-03-19,Humboldt,23,135768,3406,3388,24,3412,33
2021-03-19,Imperial,25,180216,27398,27218,2725,29943,695
2021-03-19,Inyo,27,18085,1364,1356,2,1358,35
2021-03-19,Kern,29,883053,94552,93534,10581,104115,1152
2021-03-19,Kings,31,150075,22518,22369,1105,23474,235
2021-03-19,Lake,33,64148,3318,3262,8,3270,43
2021-03-19,Lassen,35,31185,5127,5126,106,5232,1
2021-03-19,Los Angeles,37,10098052,1180489,1174818,42050,1216868,22752
2021-03-19,Madera,39,155013,15949,15877,894,16771,210
2021-03-19,Marin,41,260295,13519,13441,190,13631,220
2021-03-19,Mariposa,43,17540,389,380,5,385,5
2021-03-19,Mendocino,45,87422,3729,3639,71,3710,45
2021-03-19,Merced,47,269075,29466,29376,929,30305,412
2021-03-19,Modoc,49,8938,349,341,120,461,3
2021-03-19,Mono,51,14174,1208,1244,12,1256,3
2021-03-19,Monterey,53,433212,42252,42125,1804,43929,335
2021-03-19,Napa,55,140530,9288,9256,32,9288,77
2021-03-19,Nevada,57,99092,4202,4156,173,4329,88
2021-03-19,Orange,59,3164182,249491,248146,10878,259024,4501
2021-03-19,Placer,61,380077,21212,20451,1238,21689,242
2021-03-19,Plumas,63,18699,660,650,11,661,4
2021-03-19,Riverside,65,2383286,285970,281937,14279,296216,3989
2021-03-19,Sacramento,67,1510023,97412,95934,1408,97342,1486
2021-03-19,San Benito,69,59416,5833,5845,95,5940,61
2021-03-19,San Bernardino,71,2135413,287677,284501,8729,293230,4017
2021-03-19,San Diego,73,3302833,268645,267173,0,267173,3491
2021-03-19,San Francisco,75,870044,34882,34936,1247,36183,461
2021-03-19,San Joaquin,77,732212,68765,67515,3153,70668,1180
2021-03-19,San Luis Obispo,79,281455,20100,19913,632,20545,249
2021-03-19,San Mateo,81,765935,40402,39893,437,40330,344
2021-03-19,Santa Barbara,83,443738,33110,32685,1186,33871,435
2021-03-19,Santa Clara,85,1922200,112758,113232,651,113883,1797
2021-03-19,Santa Cruz,87,273765,15656,15026,856,15882,199
2021-03-19,Shasta,89,179085,11177,11104,1369,12473,103
2021-03-19,Sierra,91,2930,52,49,14,63,0
2021-03-19,Siskiyou,93,43540,1545,1480,271,1751,5
2021-03-19,Solano,95,438530,30511,30395,400,30795,172
2021-03-19,Sonoma,97,501317,28842,28932,249,29181,292
2021-03-19,Stanislaus,99,539301,52173,51755,5736,57491,679
2021-03-19,Sutter,101,95872,9061,9005,85,9090,103
2021-03-19,Tehama,103,63373,4703,4685,528,5213,33
2021-03-19,Trinity,105,12862,358,310,57,367,3
2021-03-19,Tulare,107,460477,48509,47989,8906,56895,805
2021-03-19,Tuolumne,109,53932,3948,3946,33,3979,57
2021-03-19,Ventura,111,848112,79120,78753,2949,81702,920
2021-03-19,Yolo,113,214977,13241,13197,256,13453,189
2021-03-19,Yuba,115,75493,5651,5615,95,5710,42
2021-03-18,Alameda,1,1643700,82844,82419,1848,84267,1189
2021-03-18,Alpine,3,1148,84,82,0,82,0
2021-03-18,Amador,5,37829,3528,3513,33,3546,44
2021-03-18,Butte,7,227075,11507,11179,1724,12903,185
2021-03-18,Calaveras,9,45235,1978,1954,12,1966,49
2021-03-18,Colusa,11,21464,1881,1882,273,2155,12
2021-03-18,Contra Costa,13,1133247,64945,64103,1166,65269,739
2021-03-18,Del Norte,15,27424,1093,1059,0,1059,6
2021-03-18,El Dorado,17,186661,9294,9261,635,9896,105
2021-03-18,Fresno,19,978130,98313,97856,8388,106244,1527
2021-03-18,Glenn,21,27897,2305,2275,532,2807,17
2021-03-18,Humboldt,23,135768,3398,3381,24,3405,34
2021-03-18,Imperial,25,180216,27382,27190,2719,29909,695
2021-03-18,Inyo,27,18085,1361,1354,2,1356,35
2021-03-18,Kern,29,883053,94495,93458,10565,104023,1158
2021-03-18,Kings,31,150075,22511,22354,1104,23458,235
2021-03-18,Lake,33,64148,3315,3260,8,3268,43
2021-03-18,Lassen,35,31185,5126,5126,106,5232,1
2021-03-18,Los Angeles,37,10098052,1180060,1174205,42019,1216224,22689
2021-03-18,Madera,39,155013,15937,15860,892,16752,211
2021-03-18,Marin,41,260295,13501,13435,189,13624,219
2021-03-18,Mariposa,43,17540,387,380,5,385,5
2021-03-18,Mendocino,45,87422,3719,3630,71,3701,45
2021-03-18,Merced,47,269075,29431,29317,929,30246,410
2021-03-18,Modoc,49,8938,349,341,120,461,3
2021-03-18,Mono,51,14174,1204,1215,12,1227,3
2021-03-18,Monterey,53,433212,42238,42105,1804,43909,335
2021-03-18,Napa,55,140530,9279,9243,32,9275,77
2021-03-18,Nevada,57,99092,4195,4154,173,4327,74
2021-03-18,Orange,59,3164182,249388,248050,10865,258915,4514
2021-03-18,Placer,61,380077,21179,20421,1235,21656,243
2021-03-18,Plumas,63,18699,658,648,11,659,4
2021-03-18,Riverside,65,2383286,285891,281789,14272,296061,3957
2021-03-18,Sacramento,67,1510023,97261,95819,1404,97223,1481
2021-03-18,San Benito,69,59416,5831,5842,95,5937,61
2021-03-18,San Bernardino,71,2135413,287598,284294,8699,292993,4076
2021-03-18,San Diego,73,3302833,268493,266752,0,266752,3478
2021-03-18,San Francisco,75,870044,34844,34904,1246,36150,461
2021-03-18,San Joaquin,77,732212,68665,67301,3141,70442,1169
2021-03-18,San Luis Obispo,79,281455,20071,19894,631,20525,249
2021-03-18,San Mateo,81,765935,40361,39874,437,40311,344
2021-03-18,Santa Barbara,83,443738,33068,32640,1186,33826,434
2021-03-18,Santa Clara,85,1922200,112641,113119,647,113766,1808
2021-03-18,Santa Cruz,87,273765,15646,14998,856,15854,198
2021-03-18,Shasta,89,179085,11163,11059,1367,12426,100
2021-03-18,Sierra,91,2930,52,49,14,63,0
2021-03-18,Siskiyou,93,43540,1542,1480,270,1750,5
2021-03-18,Solano,95,438530,30469,30352,397,30749,172
2021-03-18,Sonoma,97,501317,28820,28915,247,29162,292
2021-03-18,Stanislaus,99,539301,52101,51615,5732,57347,682
2021-03-18,Sutter,101,95872,9049,8999,85,9084,103
2021-03-18,Tehama,103,63373,4697,4683,527,5210,35
2021-03-18,Trinity,105,12862,358,310,57,367,3
2021-03-18,Tulare,107,460477,48490,47964,8892,56856,805
2021-03-18,Tuolumne,109,53932,3948,3942,33,3975,57
2021-03-18,Ventura,111,848112,79064,78697,2949,81646,918
2021-03-18,Yolo,113,214977,13228,13183,256,13439,191
2021-03-18,Yuba,115,75493,5647,5612,95,5707,42
2021-03-17,Alameda,1,1643700,82768,82353,1843,84196,1185
2021-03-17,Alpine,3,1148,84,82,0,82,0
2021-03-17,Amador,5,37829,3526,3511,33,3544,44
2021-03-17,Butte,7,227075,11498,11170,1722,12892,185
2021-03-17,Calaveras,9,45235,1977,1946,12,1958,49
2021-03-17,Colusa,11,21464,1880,1882,273,2155,12
2021-03-17,Contra Costa,13,1133247,64875,64026,1165,65191,737
2021-03-17,Del Norte,15,27424,1089,1053,0,1053,6
2021-03-17,El Dorado,17,186661,9284,9252,635,9887,105
2021-03-17,Fresno,19,978130,98203,97727,8369,106096,1507
2021-03-17,Glenn,21,27897,2298,2269,531,2800,17
2021-03-17,Humboldt,23,135768,3390,3365,24,3389,33
2021-03-17,Imperial,25,180216,27365,27168,2717,29885,691
2021-03-17,Inyo,27,18085,1359,1351,2,1353,35
2021-03-17,Kern,29,883053,94439,93392,10551,103943,1149
2021-03-17,Kings,31,150075,22495,22336,1103,23439,233
2021-03-17,Lake,33,64148,3308,3251,8,3259,43
2021-03-17,Lassen,35,31185,5125,5125,106,5231,1
2021-03-17,Los Angeles,37,10098052,1179613,1173416,41985,1215401,22602
2021-03-17,Madera,39,155013,15930,15835,891,16726,214
2021-03-17,Marin,41,260295,13483,13428,188,13616,218
2021-03-17,Mariposa,43,17540,387,379,5,384,5
2021-03-17,Mendocino,45,87422,3715,3625,71,3696,44
2021-03-17,Merced,47,269075,29403,29250,925,30175,408
2021-03-17,Modoc,49,8938,349,341,120,461,3
2021-03-17,Mono,51,14174,1202,1212,12,1224,3
2021-03-17,Monterey,53,433212,42219,42061,1801,43862,334
2021-03-17,Napa,55,140530,9264,9219,32,9251,76
2021-03-17,Nevada,57,99092,4185,4145,173,4318,74
2021-03-17,Orange,59,3164182,249270,247943,10837,258780,4502
2021-03-17,Placer,61,380077,21152,20369,1233,21602,243
2021-03-17,Plumas,63,18699,657,645,11,656,4
2021-03-17,Riverside,65,2383286,285779,281649,14264,295913,3925
2021-03-17,Sacramento,67,1510023,97134,95650,1398,97048,1477
2021-03-17,San Benito,69,59416,5828,5841,95,5936,61
2021-03-17,San Bernardino,71,2135413,287483,284170,8694,292864,4049
2021-03-17,San Diego,73,3302833,268282,266313,0,266313,3470
2021-03-17,San Francisco,75,870044,34809,34873,1245,36118,457
2021-03-17,San Joaquin,77,732212,68583,67093,3125,70218,1164
2021-03-17,San Luis Obispo,79,281455,20048,19858,627,20485,249
2021-03-17,San Mateo,81,765935,40331,39838,436,40274,344
2021-03-17,Santa Barbara,83,443738,33048,32585,1185,33770,433
2021-03-17,Santa Clara,85,1922200,112548,112983,646,113629,1805
2021-03-17,Santa Cruz,87,273765,15638,14967,856,15823,199
2021-03-17,Shasta,89,179085,11158,11045,1364,12409,100
2021-03-17,Sierra,91,2930,52,49,14,63,0
2021-03-17,Siskiyou,93,43540,1541,1479,268,1747,5
2021-03-17,Solano,95,438530,30443,30320,395,30715,171
2021-03-17,Sonoma,97,501317,28796,28877,246,29123,292
2021-03-17,Stanislaus,99,539301,52028,51524,5725,57249,682
2021-03-17,Sutter,101,95872,9039,8982,85,9067,103
2021-03-17,Tehama,103,63373,4691,4670,527,5197,34
2021-03-17,Trinity,105,12862,358,308,57,365,3
2021-03-17,Tulare,107,460477,48470,47929,8882,56811,805
2021-03-17,Tuolumne,109,53932,3945,3938,33,3971,57
2021-03-17,Ventura,111,848112,79009,78648,2946,81594,916
2021-03-17,Yolo,113,214977,13213,13169,255,13424,190
2021-03-17,Yuba,115,75493,5644,5603,95,5698,42
2021-03-16,Alameda,1,1643700,82653,82259,1841,84100,1177
2021-03-16,Alpine,3,1148,84,82,0,82,0
2021-03-16,Amador,5,37829,3524,3510,33,3543,44
2021-03-16,Butte,7,227075,11486,11154,1721,12875,184
2021-03-16,Calaveras,9,45235,1972,1945,12,1957,49
2021-03-16,Colusa,11,21464,1879,1882,273,2155,12
2021-03-16,Contra Costa,13,1133247,64794,63951,1161,65112,736
2021-03-16,Del Norte,15,27424,1081,1048,0,1048,6
2021-03-16,El Dorado,17,186661,9268,9249,635,9884,105
2021-03-16,Fresno,19,978130,98070,97638,8345,105983,1498
2021-03-16,Glenn,21,27897,2290,2267,527,2794,17
2021-03-16,Humboldt,23,135768,3386,3351,24,3375,33
2021-03-16,Imperial,25,180216,27354,27143,2715,29858,689
2021-03-16,Inyo,27,18085,1358,1346,2,1348,35
2021-03-16,Kern,29,883053,94374,93340,10535,103875,1144
2021-03-16,Kings,31,150075,22459,22320,1102,23422,233
2021-03-16,Lake,33,64148,3300,3246,8,3254,43
2021-03-16,Lassen,35,31185,5124,5126,106,5232,1
2021-03-16,Los Angeles,37,10098052,1179083,1172676,41945,1214621,22527
2021-03-16,Madera,39,155013,15914,15822,888,16710,214
2021-03-16,Marin,41,260295,13465,13419,188,13607,218
2021-03-16,Mariposa,43,17540,384,379,5,384,5
2021-03-16,Mendocino,45,87422,3710,3623,71,3694,44
2021-03-16,Merced,47,269075,29350,29198,924,30122,407
2021-03-16,Modoc,49,8938,349,341,120,461,3
2021-03-16,Mono,51,14174,1201,1207,12,1219,3
2021-03-16,Monterey,53,433212,42200,42023,1801,43824,334
2021-03-16,Napa,55,140530,9254,9209,32,9241,75
2021-03-16,Nevada,57,99092,4176,4132,172,4304,67
2021-03-16,Orange,59,3164182,249134,247843,10817,258660,4479
2021-03-16,Placer,61,380077,21119,20339,1228,21567,240
2021-03-16,Plumas,63,18699,656,643,11,654,4
2021-03-16,Riverside,65,2383286,285673,281540,14252,295792,3893
2021-03-16,Sacramento,67,1510023,96992,95522,1395,96917,1466
2021-03-16,San Benito,69,59416,5823,5831,95,5926,61
2021-03-16,San Bernardino,71,2135413,287349,283980,8686,292666,4032
2021-03-16,San Diego,73,3302833,268050,265903,0,265903,3462
2021-03-16,San Francisco,75,870044,34780,34833,1240,36073,456
2021-03-16,San Joaquin,77,732212,68481,66856,3111,69967,1163
2021-03-16,San Luis Obispo,79,281455,20019,19832,625,20457,248
2021-03-16,San Mateo,81,765935,40297,39806,435,40241,344
2021-03-16,Santa Barbara,83,443738,33016,32556,1184,33740,433
2021-03-16,Santa Clara,85,1922200,112430,112845,643,113488,1797
2021-03-16,Santa Cruz,87,273765,15632,14926,856,15782,199
2021-03-16,Shasta,89,179085,11142,11035,1361,12396,100
2021-03-16,Sierra,91,2930,51,49,14,63,0
2021-03-16,Siskiyou,93,43540,1537,1477,268,1745,5
2021-03-16,Solano,95,438530,30409,30298,394,30692,171
2021-03-16,Sonoma,97,501317,28765,28850,244,29094,291
2021-03-16,Stanislaus,99,539301,51948,51410,5718,57128,683
2021-03-16,Sutter,101,95872,9031,8970,85,9055,102
2021-03-16,Tehama,103,63373,4687,4660,526,5186,34
2021-03-16,Trinity,105,12862,358,308,56,364,3
2021-03-16,Tulare,107,460477,48422,47895,8873,56768,803
2021-03-16,Tuolumne,109,53932,3942,3938,33,3971,57
2021-03-16,Ventura,111,848112,78942,78671,2939,81610,916
2021-03-16,Yolo,113,214977,13198,13162,254,13416,190
2021-03-16,Yuba,115,75493,5641,5596,94,5690,42
2021-03-15,Alameda,1,1643700,82565,82159,1841,84000,1167
2021-03-15,Alpine,3,1148,84,82,0,82,0
2021-03-15,Amador,5,37829,3523,3506,33,3539,44
2021-03-15,Butte,7,227075,11473,11141,1717,12858,185
2021-03-15,Calaveras,9,45235,1968,1941,12,1953,49
2021-03-15,Colusa,11,21464,1879,1883,273,2156,12
2021-03-15,Contra Costa,13,1133247,64732,63847,1160,65007,732
2021-03-15,Del Norte,15,27424,1078,1048,0,1048,6
2021-03-15,El Dorado,17,186661,9262,9235,634,9869,103
2021-03-15,Fresno,19,978130,97944,97520,8329,105849,1496
2021-03-15,Glenn,21,27897,2285,2261,524,2785,15
2021-03-15,Humboldt,23,135768,3380,3337,24,3361,32
2021-03-15,Imperial,25,180216,27333,27122,2713,29835,684
2021-03-15,Inyo,27,18085,1358,1346,2,1348,35
2021-03-15,Kern,29,883053,94314,93266,10528,103794,1141
2021-03-15,Kings,31,150075,22442,22294,1097,23391,233
2021-03-15,Lake,33,64148,3288,3237,8,3245,43
2021-03-15,Lassen,35,31185,5124,5125,106,5231,1
2021-03-15,Los Angeles,37,10098052,1178524,1172445,41904,1214349,22477
2021-03-15,Madera,39,155013,15903,15806,886,16692,214
2021-03-15,Marin,41,260295,13459,13408,187,13595,218
2021-03-15,Mariposa,43,17540,384,376,5,381,5
2021-03-15,Mendocino,45,87422,3706,3615,71,3686,44
2021-03-15,Merced,47,269075,29310,29169,923,30092,407
2021-03-15,Modoc,49,8938,349,340,120,460,3
2021-03-15,Mono,51,14174,1200,1206,12,1218,3
2021-03-15,Monterey,53,433212,42172,42011,1798,43809,333
2021-03-15,Napa,55,140530,9243,9196,32,9228,75
2021-03-15,Nevada,57,99092,4171,4123,171,4294,66
2021-03-15,Orange,59,3164182,249022,247697,10797,258494,4481
2021-03-15,Placer,61,380077,21096,20308,1228,21536,238
2021-03-15,Plumas,63,18699,656,642,11,653,4
2021-03-15,Riverside,65,2383286,285530,281367,14240,295607,3856
2021-03-15,Sacramento,67,1510023,96838,95414,1389,96803,1463
2021-03-15,San Benito,69,59416,5820,5831,95,5926,61
2021-03-15,San Bernardino,71,2135413,287256,283815,8677,292492,4004
2021-03-15,San Diego,73,3302833,267799,265646,0,265646,3452
2021-03-15,San Francisco,75,870044,34744,34820,1236,36056,456
2021-03-15,San Joaquin,77,732212,68377,66622,3098,69720,1140
2021-03-15,San Luis Obispo,79,281455,19989,19813,620,20433,247
2021-03-15,San Mateo,81,765935,40244,39765,435,40200,344
2021-03-15,Santa Barbara,83,443738,32994,32529,1182,33711,431
2021-03-15,Santa Clara,85,1922200,112329,112729,641,113370,1798
2021-03-15,Santa Cruz,87,273765,15626,14899,854,15753,200
2021-03-15,Shasta,89,179085,11126,11019,1356,12375,92
2021-03-15,Sierra,91,2930,51,49,14,63,0
2021-03-15,Siskiyou,93,43540,1537,1475,268,1743,5
2021-03-15,Solano,95,438530,30380,30258,393,30651,171
2021-03-15,Sonoma,97,501317,28747,28814,241,29055,285
2021-03-15,Stanislaus,99,539301,51871,51357,5711,57068,683
2021-03-15,Sutter,101,95872,9025,8962,85,9047,102
2021-03-15,Tehama,103,63373,4677,4650,525,5175,34
2021-03-15,Trinity,105,12862,358,308,56,364,3
2021-03-15,Tulare,107,460477,48392,47857,8858,56715,800
2021-03-15,Tuolumne,109,53932,3940,3937,32,3969,57
2021-03-15,Ventura,111,848112,78888,78626,2938,81564,910
2021-03-15,Yolo,113,214977,13179,13131,252,13383,190
2021-03-15,Yuba,115,75493,5636,5585,93,5678,42
2021-03-14,Alameda,1,1643700,82479,82116,1838,83954,1168
2021-03-14,Alpine,3,1148,84,82,0,82,0
2021-03-14,Amador,5,37829,3518,3504,33,3537,44
2021-03-14,Butte,7,227075,11460,11140,1713,12853,185
2021-03-14,Calaveras,9,45235,1964,1939,12,1951,49
2021-03-14,Colusa,11,21464,1879,1883,273,2156,12
2021-03-14,Contra Costa,13,1133247,64628,63808,1158,64966,731
2021-03-14,Del Norte,15,27424,1064,1048,0,1048,6
2021-03-14,El Dorado,17,186661,9252,9231,634,9865,103
2021-03-14,Fresno,19,978130,97837,97461,8310,105771,1496
2021-03-14,Glenn,21,27897,2280,2260,521,2781,15
2021-03-14,Humboldt,23,135768,3366,3335,24,3359,32
2021-03-14,Imperial,25,180216,27315,27122,2709,29831,685
2021-03-14,Inyo,27,18085,1354,1346,2,1348,35
2021-03-14,Kern,29,883053,94234,93252,10508,103760,1141
2021-03-14,Kings,31,150075,22424,22292,1094,23386,232
2021-03-14,Lake,33,64148,3283,3237,8,3245,43
2021-03-14,Lassen,35,31185,5122,5125,106,5231,1
2021-03-14,Los Angeles,37,10098052,1177957,1172100,41865,1213965,22476
2021-03-14,Madera,39,155013,15878,15804,886,16690,214
2021-03-14,Marin,41,260295,13443,13405,185,13590,218
2021-03-14,Mariposa,43,17540,382,376,5,381,5
2021-03-14,Mendocino,45,87422,3701,3613,71,3684,44
2021-03-14,Merced,47,269075,29242,29149,919,30068,407
2021-03-14,Modoc,49,8938,349,340,120,460,3
2021-03-14,Mono,51,14174,1194,1206,12,1218,3
2021-03-14,Monterey,53,433212,42150,42007,1794,43801,333
2021-03-14,Napa,55,140530,9225,9194,32,9226,75
2021-03-14,Nevada,57,99092,4165,4122,169,4291,66
2021-03-14,Orange,59,3164182,248887,247656,10775,258431,4460
2021-03-14,Placer,61,380077,21063,20288,1220,21508,238
2021-03-14,Plumas,63,18699,654,642,11,653,4
2021-03-14,Riverside,65,2383286,285378,281332,14230,295562,3845
2021-03-14,Sacramento,67,1510023,96662,95343,1384,96727,1462
2021-03-14,San Benito,69,59416,5811,5829,95,5924,61
2021-03-14,San Bernardino,71,2135413,287133,283791,8666,292457,3996
2021-03-14,San Diego,73,3302833,267564,265468,0,265468,3452
2021-03-14,San Francisco,75,870044,34706,34810,1232,36042,455
2021-03-14,San Joaquin,77,732212,68249,66563,3081,69644,1140
2021-03-14,San Luis Obispo,79,281455,19961,19806,619,20425,247
2021-03-14,San Mateo,81,765935,40205,39744,435,40179,342
2021-03-14,Santa Barbara,83,443738,32950,32514,1180,33694,431
2021-03-14,Santa Clara,85,1922200,112201,112648,640,113288,1796
2021-03-14,Santa Cruz,87,273765,15609,14887,852,15739,200
2021-03-14,Shasta,89,179085,11110,11019,1349,12368,92
2021-03-14,Sierra,91,2930,51,49,14,63,0
2021-03-14,Siskiyou,93,43540,1533,1473,267,1740,5
2021-03-14,Solano,95,438530,30348,30230,388,30618,171
2021-03-14,Sonoma,97,501317,28713,28798,237,29035,284
2021-03-14,Stanislaus,99,539301,51751,51306,5702,57008,690
2021-03-14,Sutter,101,95872,9009,8958,85,9043,102
2021-03-14,Tehama,103,63373,4665,4650,524,5174,34
2021-03-14,Trinity,105,12862,357,308,55,363,3
2021-03-14,Tulare,107,460477,48359,47845,8837,56682,800
2021-03-14,Tuolumne,109,53932,3938,3937,32,3969,57
2021-03-14,Ventura,111,848112,78835,78611,2932,81543,910
2021-03-14,Yolo,113,214977,13157,13128,248,13376,189
2021-03-14,Yuba,115,75493,5626,5583,93,5676,42
2021-03-13,Alameda,1,1643700,82419,82010,1838,83848,1168
2021-03-13,Alpine,3,1148,84,82,0,82,0
2021-03-13,Amador,5,37829,3515,3504,33,3537,44
2021-03-13,Butte,7,227075,11450,11131,1712,12843,185
2021-03-13,Calaveras,9,45235,1960,1939,12,1951,49
2021-03-13,Colusa,11,21464,1879,1882,273,2155,12
2021-03-13,Contra Costa,13,1133247,64568,63689,1158,64847,731
2021-03-13,Del Norte,15,27424,1060,1041,0,1041,6
2021-03-13,El Dorado,17,186661,9244,9221,634,9855,103
2021-03-13,Fresno,19,978130,97778,97324,8290,105614,1495
2021-03-13,Glenn,21,27897,2279,2260,520,2780,15
2021-03-13,Humboldt,23,135768,3359,3325,24,3349,32
2021-03-13,Imperial,25,180216,27310,27099,2704,29803,677
2021-03-13,Inyo,27,18085,1353,1344,2,1346,35
2021-03-13,Kern,29,883053,94195,93197,10501,103698,1140
2021-03-13,Kings,31,150075,22408,22265,1093,23358,232
2021-03-13,Lake,33,64148,3276,3234,7,3241,43
2021-03-13,Lassen,35,31185,5122,5125,106,5231,1
2021-03-13,Los Angeles,37,10098052,1177642,1171505,41821,1213326,22451
2021-03-13,Madera,39,155013,15866,15780,886,16666,214
2021-03-13,Marin,41,260295,13437,13391,183,13574,218
2021-03-13,Mariposa,43,17540,381,376,5,381,5
2021-03-13,Mendocino,45,87422,3697,3611,71,3682,44
2021-03-13,Merced,47,269075,29211,29106,919,30025,406
2021-03-13,Modoc,49,8938,349,340,119,459,3
2021-03-13,Mono,51,14174,1194,1207,12,1219,3
2021-03-13,Monterey,53,433212,42140,41989,1792,43781,332
2021-03-13,Napa,55,140530,9219,9190,32,9222,75
2021-03-13,Nevada,57,99092,4158,4111,168,4279,66
2021-03-13,Orange,59,3164182,248807,247514,10759,258273,4423
2021-03-13,Placer,61,380077,21043,20238,1217,21455,239
2021-03-13,Plumas,63,18699,652,642,11,653,4
2021-03-13,Riverside,65,2383286,285291,281191,14222,295413,3848
2021-03-13,Sacramento,67,1510023,96576,95192,1382,96574,1461
2021-03-13,San Benito,69,59416,5808,5823,95,5918,61
2021-03-13,San Bernardino,71,2135413,287080,283727,8659,292386,3972
2021-03-13,San Diego,73,3302833,267409,265270,0,265270,3444
2021-03-13,San Francisco,75,870044,34689,34784,1223,36007,455
2021-03-13,San Joaquin,77,732212,68193,66480,3059,69539,1141
2021-03-13,San Luis Obispo,79,281455,19943,19789,618,20407,247
2021-03-13,San Mateo,81,765935,40178,39689,434,40123,341
2021-03-13,Santa Barbara,83,443738,32925,32486,1179,33665,431
2021-03-13,Santa Clara,85,1922200,112116,112531,639,113170,1790
2021-03-13,Santa Cruz,87,273765,15602,14875,852,15727,199
2021-03-13,Shasta,89,179085,11102,11021,1346,12367,108
2021-03-13,Sierra,91,2930,50,49,14,63,0
2021-03-13,Siskiyou,93,43540,1532,1470,267,1737,5
2021-03-13,Solano,95,438530,30331,30198,388,30586,171
2021-03-13,Sonoma,97,501317,28693,28762,233,28995,285
2021-03-13,Stanislaus,99,539301,51701,51257,5697,56954,695
2021-03-13,Sutter,101,95872,9002,8948,85,9033,102
2021-03-13,Tehama,103,63373,4663,4647,524,5171,33
2021-03-13,Trinity,105,12862,357,306,55,361,3
2021-03-13,Tulare,107,460477,48334,47818,8828,56646,798
2021-03-13,Tuolumne,109,53932,3935,3937,32,3969,57
2021-03-13,Ventura,111,848112,78786,78693,2932,81625,906
2021-03-13,Yolo,113,214977,13149,13087,247,13334,189
2021-03-13,Yuba,115,75493,5625,5577,93,5670,42
2021-03-12,Alameda,1,1643700,82341,81898,1837,83735,1164
2021-03-12,Alpine,3,1148,84,82,0,82,0
2021-03-12,Amador,5,37829,3512,3503,33,3536,44
2021-03-12,Butte,7,227075,11440,11126,1710,12836,184
2021-03-12,Calaveras,9,45235,1958,1916,12,1928,49
2021-03-12,Colusa,11,21464,1879,1883,273,2156,12
2021-03-12,Contra Costa,13,1133247,64493,63583,1157,64740,728
2021-03-12,Del Norte,15,27424,1054,1033,0,1033,6
2021-03-12,El Dorado,17,186661,9235,9219,634,9853,103
2021-03-12,Fresno,19,978130,97683,97185,8277,105462,1489
2021-03-12,Glenn,21,27897,2278,2258,519,2777,15
2021-03-12,Humboldt,23,135768,3354,3315,24,3339,32
2021-03-12,Imperial,25,180216,27299,27071,2702,29773,677
2021-03-12,Inyo,27,18085,1351,1339,2,1341,35
2021-03-12,Kern,29,883053,94160,93142,10483,103625,1132
2021-03-12,Kings,31,150075,22389,22233,1093,23326,232
2021-03-12,Lake,33,64148,3270,3226,6,3232,43
2021-03-12,Lassen,35,31185,5122,5125,105,5230,1
2021-03-12,Los Angeles,37,10098052,1177246,1170860,41804,1212664,22409
2021-03-12,Madera,39,155013,15854,15761,883,16644,214
2021-03-12,Marin,41,260295,13430,13375,183,13558,218
2021-03-12,Mariposa,43,17540,379,376,5,381,5
2021-03-12,Mendocino,45,87422,3694,3605,71,3676,43
2021-03-12,Merced,47,269075,29180,29064,919,29983,403
2021-03-12,Modoc,49,8938,349,340,119,459,3
2021-03-12,Mono,51,14174,1193,1206,12,1218,3
2021-03-12,Monterey,53,433212,42126,41964,1787,43751,329
2021-03-12,Napa,55,140530,9210,9180,32,9212,75
2021-03-12,Nevada,57,99092,4148,4101,168,4269,66
2021-03-12,Orange,59,3164182,248715,247388,10748,258136,4401
2021-03-12,Placer,61,380077,21010,20210,1212,21422,239
2021-03-12,Plumas,63,18699,651,641,11,652,4
2021-03-12,Riverside,65,2383286,285193,281037,14214,295251,3854
2021-03-12,Sacramento,67,1510023,96453,95061,1375,96436,1460
2021-03-12,San Benito,69,59416,5805,5817,95,5912,61
2021-03-12,San Bernardino,71,2135413,287022,283558,8654,292212,3917
2021-03-12,San Diego,73,3302833,267246,264886,0,264886,3434
2021-03-12,San Francisco,75,870044,34668,34758,1220,35978,452
2021-03-12,San Joaquin,77,732212,68123,66482,3049,69531,1144
2021-03-12,San Luis Obispo,79,281455,19929,19769,616,20385,247
2021-03-12,San Mateo,81,765935,40142,39638,432,40070,341
2021-03-12,Santa Barbara,83,443738,32902,32457,1176,33633,429
2021-03-12,Santa Clara,85,1922200,112022,112396,638,113034,1766
2021-03-12,Santa Cruz,87,273765,15590,14846,850,15696,195
2021-03-12,Shasta,89,179085,11094,11143,1344,12487,153
2021-03-12,Sierra,91,2930,50,49,14,63,0
2021-03-12,Siskiyou,93,43540,1532,1468,266,1734,5
2021-03-12,Solano,95,438530,30312,30180,387,30567,171
2021-03-12,Sonoma,97,501317,28666,28714,233,28947,285
2021-03-12,Stanislaus,99,539301,51643,51146,5690,56836,701
2021-03-12,Sutter,101,95872,8996,8940,85,9025,101
2021-03-12,Tehama,103,63373,4659,4638,523,5161,33
2021-03-12,Trinity,105,12862,356,306,54,360,3
2021-03-12,Tulare,107,460477,48310,47772,8821,56593,798
2021-03-12,Tuolumne,109,53932,3934,3936,32,3968,57
2021-03-12,Ventura,111,848112,78743,78698,2928,81626,899
2021-03-12,Yolo,113,214977,13139,13061,240,13301,189
2021-03-12,Yuba,115,75493,5618,5563,92,5655,42
2021-03-11,Alameda,1,1643700,82248,81809,1832,83641,1164
2021-03-11,Alpine,3,1148,84,78,0,78,0
2021-03-11,Amador,5,37829,3511,3498,33,3531,42
2021-03-11,Butte,7,227075,11429,11110,1708,12818,185
2021-03-11,Calaveras,9,45235,1955,1915,12,1927,49
2021-03-11,Colusa,11,21464,1879,1883,273,2156,12
2021-03-11,Contra Costa,13,1133247,64420,63469,1155,64624,728
2021-03-11,Del Norte,15,27424,1049,1027,0,1027,6
2021-03-11,El Dorado,17,186661,9221,9211,634,9845,101
2021-03-11,Fresno,19,978130,97568,97026,8250,105276,1481
2021-03-11,Glenn,21,27897,2275,2255,519,2774,15
2021-03-11,Humboldt,23,135768,3337,3302,24,3326,32
2021-03-11,Imperial,25,180216,27292,27045,2698,29743,675
2021-03-11,Inyo,27,18085,1346,1335,2,1337,35
2021-03-11,Kern,29,883053,94105,93052,10444,103496,1121
2021-03-11,Kings,31,150075,22374,22183,1090,23273,230
2021-03-11,Lake,33,64148,3266,3214,6,3220,42
2021-03-11,Lassen,35,31185,5121,5124,105,5229,1
2021-03-11,Los Angeles,37,10098052,1176717,1170111,41770,1211881,22316
2021-03-11,Madera,39,155013,15843,15725,881,16606,214
2021-03-11,Marin,41,260295,13418,13356,182,13538,217
2021-03-11,Mariposa,43,17540,379,376,5,381,5
2021-03-11,Mendocino,45,87422,3687,3604,71,3675,42
2021-03-11,Merced,47,269075,29131,29001,918,29919,401
2021-03-11,Modoc,49,8938,349,340,119,459,3
2021-03-11,Mono,51,14174,1192,1206,12,1218,3
2021-03-11,Monterey,53,433212,42103,41936,1781,43717,329
2021-03-11,Napa,55,140530,9197,9173,32,9205,75
2021-03-11,Nevada,57,99092,4136,4085,166,4251,66
2021-03-11,Orange,59,3164182,248577,247217,10732,257949,4373
2021-03-11,Placer,61,380077,20966,20178,1209,21387,239
2021-03-11,Plumas,63,18699,650,640,11,651,4
2021-03-11,Riverside,65,2383286,285028,280881,14201,295082,3842
2021-03-11,Sacramento,67,1510023,96313,94912,1372,96284,1455
2021-03-11,San Benito,69,59416,5802,5816,95,5911,61
2021-03-11,San Bernardino,71,2135413,286926,283312,8648,291960,3869
2021-03-11,San Diego,73,3302833,267082,264524,0,264524,3422
2021-03-11,San Francisco,75,870044,34632,34722,1214,35936,452
2021-03-11,San Joaquin,77,732212,68011,66522,3041,69563,1157
2021-03-11,San Luis Obispo,79,281455,19904,19748,615,20363,247
2021-03-11,San Mateo,81,765935,40104,39590,431,40021,341
2021-03-11,Santa Barbara,83,443738,32875,32408,1173,33581,430
2021-03-11,Santa Clara,85,1922200,111892,112246,635,112881,1765
2021-03-11,Santa Cruz,87,273765,15578,14812,849,15661,193
2021-03-11,Shasta,89,179085,11084,11139,1339,12478,158
2021-03-11,Sierra,91,2930,50,48,14,62,0
2021-03-11,Siskiyou,93,43540,1529,1466,266,1732,5
2021-03-11,Solano,95,438530,30285,30138,386,30524,171
2021-03-11,Sonoma,97,501317,28636,28677,233,28910,285
2021-03-11,Stanislaus,99,539301,51559,51038,5682,56720,707
2021-03-11,Sutter,101,95872,8990,8933,85,9018,101
2021-03-11,Tehama,103,63373,4650,4632,522,5154,33
2021-03-11,Trinity,105,12862,355,304,53,357,3
2021-03-11,Tulare,107,460477,48274,47709,8809,56518,797
2021-03-11,Tuolumne,109,53932,3932,3934,32,3966,57
2021-03-11,Ventura,111,848112,78693,78697,2923,81620,889
2021-03-11,Yolo,113,214977,13121,13041,238,13279,190
2021-03-11,Yuba,115,75493,5614,5553,92,5645,42
2021-03-10,Alameda,1,1643700,82140,81701,1826,83527,1160
2021-03-10,Alpine,3,1148,83,78,0,78,0
2021-03-10,Amador,5,37829,3509,3496,33,3529,42
2021-03-10,Butte,7,227075,11419,11096,1708,12804,185
2021-03-10,Calaveras,9,45235,1951,1913,12,1925,48
2021-03-10,Colusa,11,21464,1879,1882,273,2155,12
2021-03-10,Contra Costa,13,1133247,64321,63372,1151,64523,725
2021-03-10,Del Norte,15,27424,1047,1020,0,1020,5
2021-03-10,El Dorado,17,186661,9209,9203,634,9837,100
2021-03-10,Fresno,19,978130,97463,96866,8233,105099,1471
2021-03-10,Glenn,21,27897,2272,2253,517,2770,15
2021-03-10,Humboldt,23,135768,3327,3296,23,3319,32
2021-03-10,Imperial,25,180216,27277,27051,2698,29749,675
2021-03-10,Inyo,27,18085,1346,1328,2,1330,35
2021-03-10,Kern,29,883053,94039,92965,10421,103386,1102
2021-03-10,Kings,31,150075,22355,22166,1088,23254,226
2021-03-10,Lake,33,64148,3256,3207,6,3213,42
2021-03-10,Lassen,35,31185,5121,5120,105,5225,1
2021-03-10,Los Angeles,37,10098052,1176174,1169079,41740,1210819,22199
2021-03-10,Madera,39,155013,15822,15705,878,16583,212
2021-03-10,Marin,41,260295,13408,13348,181,13529,216
2021-03-10,Mariposa,43,17540,379,376,5,381,5
2021-03-10,Mendocino,45,87422,3682,3602,71,3673,42
2021-03-10,Merced,47,269075,29094,28927,916,29843,401
2021-03-10,Modoc,49,8938,348,338,119,457,3
2021-03-10,Mono,51,14174,1189,1204,12,1216,3
2021-03-10,Monterey,53,433212,42081,41920,1777,43697,329
2021-03-10,Napa,55,140530,9188,9165,32,9197,75
2021-03-10,Nevada,57,99092,4132,4074,166,4240,66
2021-03-10,Orange,59,3164182,248433,247075,10710,257785,4342
2021-03-10,Placer,61,380077,20931,20144,1203,21347,239
2021-03-10,Plumas,63,18699,649,639,11,650,4
2021-03-10,Riverside,65,2383286,284891,280708,14187,294895,3822
2021-03-10,Sacramento,67,1510023,96183,94796,1366,96162,1452
2021-03-10,San Benito,69,59416,5793,5811,95,5906,61
2021-03-10,San Bernardino,71,2135413,286837,283140,8641,291781,3841
2021-03-10,San Diego,73,3302833,266861,264094,0,264094,3413
2021-03-10,San Francisco,75,870044,34598,34688,1205,35893,450
2021-03-10,San Joaquin,77,732212,67910,66483,3023,69506,1156
2021-03-10,San Luis Obispo,79,281455,19880,19710,611,20321,247
2021-03-10,San Mateo,81,765935,40080,39571,431,40002,338
2021-03-10,Santa Barbara,83,443738,32848,32356,1170,33526,429
2021-03-10,Santa Clara,85,1922200,111786,112103,631,112734,1759
2021-03-10,Santa Cruz,87,273765,15563,14790,848,15638,192
2021-03-10,Shasta,89,179085,11074,11125,1336,12461,155
2021-03-10,Sierra,91,2930,50,48,14,62,0
2021-03-10,Siskiyou,93,43540,1527,1458,266,1724,5
2021-03-10,Solano,95,438530,30255,30111,385,30496,170
2021-03-10,Sonoma,97,501317,28601,28638,232,28870,286
2021-03-10,Stanislaus,99,539301,51470,50968,5668,56636,706
2021-03-10,Sutter,101,95872,8979,8918,85,9003,101
2021-03-10,Tehama,103,63373,4640,4623,522,5145,33
2021-03-10,Trinity,105,12862,355,304,53,357,3
2021-03-10,Tulare,107,460477,48226,47659,8790,56449,793
2021-03-10,Tuolumne,109,53932,3931,3931,32,3963,57
2021-03-10,Ventura,111,848112,78616,78609,2921,81530,878
2021-03-10,Yolo,113,214977,13098,13021,237,13258,189
2021-03-10,Yuba,115,75493,5600,5545,91,5636,42
2021-03-09,Alameda,1,1643700,82055,81618,1826,83444,1151
2021-03-09,Alpine,3,1148,83,78,0,78,0
2021-03-09,Amador,5,37829,3507,3494,33,3527,42
2021-03-09,Butte,7,227075,11406,11092,1706,12798,185
2021-03-09,Calaveras,9,45235,1949,1913,12,1925,48
2021-03-09,Colusa,11,21464,1879,1880,273,2153,11
2021-03-09,Contra Costa,13,1133247,64228,63314,1149,64463,723
2021-03-09,Del Norte,15,27424,1039,1017,0,1017,5
2021-03-09,El Dorado,17,186661,9202,9198,634,9832,98
2021-03-09,Fresno,19,978130,97344,96744,8207,104951,1463
2021-03-09,Glenn,21,27897,2268,2251,515,2766,15
2021-03-09,Humboldt,23,135768,3315,3288,22,3310,32
2021-03-09,Imperial,25,180216,27268,27045,2694,29739,675
2021-03-09,Inyo,27,18085,1344,1324,2,1326,35
2021-03-09,Kern,29,883053,93960,92924,10403,103327,1088
2021-03-09,Kings,31,150075,22330,22143,1086,23229,226
2021-03-09,Lake,33,64148,3250,3202,6,3208,42
2021-03-09,Lassen,35,31185,5121,5120,105,5225,1
2021-03-09,Los Angeles,37,10098052,1175582,1167967,41704,1209671,22080
2021-03-09,Madera,39,155013,15811,15701,875,16576,211
2021-03-09,Marin,41,260295,13390,13335,179,13514,214
2021-03-09,Mariposa,43,17540,379,376,5,381,5
2021-03-09,Mendocino,45,87422,3678,3595,71,3666,42
2021-03-09,Merced,47,269075,29033,28876,915,29791,399
2021-03-09,Modoc,49,8938,348,338,118,456,3
2021-03-09,Mono,51,14174,1188,1203,12,1215,3
2021-03-09,Monterey,53,433212,42063,41894,1768,43662,329
2021-03-09,Napa,55,140530,9174,9155,32,9187,75
2021-03-09,Nevada,57,99092,4124,4062,166,4228,66
2021-03-09,Orange,59,3164182,248291,246989,10689,257678,4310
2021-03-09,Placer,61,380077,20888,20122,1199,21321,239
2021-03-09,Plumas,63,18699,646,639,11,650,4
2021-03-09,Riverside,65,2383286,284763,280562,14181,294743,3821
2021-03-09,Sacramento,67,1510023,96015,94720,1360,96080,1442
2021-03-09,San Benito,69,59416,5789,5800,95,5895,61
2021-03-09,San Bernardino,71,2135413,286722,282971,8634,291605,3823
2021-03-09,San Diego,73,3302833,266628,263745,0,263745,3405
2021-03-09,San Francisco,75,870044,34568,34654,1201,35855,450
2021-03-09,San Joaquin,77,732212,67782,66383,3013,69396,1150
2021-03-09,San Luis Obispo,79,281455,19862,19672,604,20276,245
2021-03-09,San Mateo,81,765935,40033,39535,429,39964,336
2021-03-09,Santa Barbara,83,443738,32807,32314,1168,33482,428
2021-03-09,Santa Clara,85,1922200,111675,111963,626,112589,1756
2021-03-09,Santa Cruz,87,273765,15542,14764,846,15610,188
2021-03-09,Shasta,89,179085,11068,11113,1330,12443,155
2021-03-09,Sierra,91,2930,50,48,14,62,0
2021-03-09,Siskiyou,93,43540,1523,1447,264,1711,5
2021-03-09,Solano,95,438530,30219,30090,383,30473,169
2021-03-09,Sonoma,97,501317,28551,28601,229,28830,284
2021-03-09,Stanislaus,99,539301,51376,50884,5659,56543,703
2021-03-09,Sutter,101,95872,8966,8914,85,8999,101
2021-03-09,Tehama,103,63373,4632,4620,521,5141,33
2021-03-09,Trinity,105,12862,355,304,53,357,3
2021-03-09,Tulare,107,460477,48200,47637,8767,56404,792
2021-03-09,Tuolumne,109,53932,3929,3929,32,3961,56
2021-03-09,Ventura,111,848112,78546,78526,2918,81444,863
2021-03-09,Yolo,113,214977,13087,13015,236,13251,189
2021-03-09,Yuba,115,75493,5593,5539,91,5630,42
2021-03-08,Alameda,1,1643700,81941,81543,1825,83368,1142
2021-03-08,Alpine,3,1148,83,78,0,78,0
2021-03-08,Amador,5,37829,3504,3490,33,3523,42
2021-03-08,Butte,7,227075,11391,11082,1705,12787,185
2021-03-08,Calaveras,9,45235,1948,1909,12,1921,48
2021-03-08,Colusa,11,21464,1879,1877,273,2150,11
2021-03-08,Contra Costa,13,1133247,64135,63240,1149,64389,719
2021-03-08,Del Norte,15,27424,1034,1012,0,1012,5
2021-03-08,El Dorado,17,186661,9199,9188,633,9821,97
2021-03-08,Fresno,19,978130,97249,96665,8183,104848,1442
2021-03-08,Glenn,21,27897,2267,2249,515,2764,15
2021-03-08,Humboldt,23,135768,3301,3278,22,3300,31
2021-03-08,Imperial,25,180216,27261,27033,2691,29724,663
2021-03-08,Inyo,27,18085,1342,1320,2,1322,35
2021-03-08,Kern,29,883053,93893,92857,10382,103239,1087
2021-03-08,Kings,31,150075,22310,22130,1082,23212,226
2021-03-08,Lake,33,64148,3238,3195,6,3201,42
2021-03-08,Lassen,35,31185,5121,5119,105,5224,1
2021-03-08,Los Angeles,37,10098052,1174967,1163409,41670,1205079,21868
2021-03-08,Madera,39,155013,15801,15691,873,16564,211
2021-03-08,Marin,41,260295,13370,13328,177,13505,214
2021-03-08,Mariposa,43,17540,379,376,5,381,5
2021-03-08,Mendocino,45,87422,3676,3590,70,3660,42
2021-03-08,Merced,47,269075,28972,28841,914,29755,398
2021-03-08,Modoc,49,8938,348,338,118,456,3
2021-03-08,Mono,51,14174,1187,1200,12,1212,3
2021-03-08,Monterey,53,433212,42042,41863,1767,43630,328
2021-03-08,Napa,55,140530,9171,9146,32,9178,75
2021-03-08,Nevada,57,99092,4116,4059,166,4225,66
2021-03-08,Orange,59,3164182,248120,246900,10657,257557,4243
2021-03-08,Placer,61,380077,20854,20102,1188,21290,239
2021-03-08,Plumas,63,18699,645,635,11,646,4
2021-03-08,Riverside,65,2383286,284623,280463,14172,294635,3783
2021-03-08,Sacramento,67,1510023,95843,94654,1355,96009,1438
2021-03-08,San Benito,69,59416,5786,5797,95,5892,61
2021-03-08,San Bernardino,71,2135413,286616,282894,8626,291520,3811
2021-03-08,San Diego,73,3302833,266387,263272,0,263272,3390
2021-03-08,San Francisco,75,870044,34541,34634,1197,35831,446
2021-03-08,San Joaquin,77,732212,67667,66307,3004,69311,1139
2021-03-08,San Luis Obispo,79,281455,19822,19656,600,20256,245
2021-03-08,San Mateo,81,765935,39984,39492,427,39919,335
2021-03-08,Santa Barbara,83,443738,32775,32293,1168,33461,427
2021-03-08,Santa Clara,85,1922200,111548,111882,624,112506,1756
2021-03-08,Santa Cruz,87,273765,15522,14729,846,15575,188
2021-03-08,Shasta,89,179085,11060,11088,1325,12413,155
2021-03-08,Sierra,91,2930,50,48,14,62,0
2021-03-08,Siskiyou,93,43540,1522,1440,264,1704,5
2021-03-08,Solano,95,438530,30179,30068,380,30448,169
2021-03-08,Sonoma,97,501317,28507,28571,228,28799,284
2021-03-08,Stanislaus,99,539301,51296,50825,5654,56479,690
2021-03-08,Sutter,101,95872,8963,8905,85,8990,100
2021-03-08,Tehama,103,63373,4629,4615,520,5135,33
2021-03-08,Trinity,105,12862,354,302,53,355,3
2021-03-08,Tulare,107,460477,48162,47587,8740,56327,791
2021-03-08,Tuolumne,109,53932,3928,3921,32,3953,56
2021-03-08,Ventura,111,848112,78475,78526,2910,81436,852
2021-03-08,Yolo,113,214977,13064,13000,235,13235,189
2021-03-08,Yuba,115,75493,5583,5530,91,5621,42
2021-03-07,Alameda,1,1643700,81822,81413,1824,83237,1145
2021-03-07,Alpine,3,1148,83,78,0,78,0
2021-03-07,Amador,5,37829,3501,3489,33,3522,42
2021-03-07,Butte,7,227075,11376,11075,1704,12779,185
2021-03-07,Calaveras,9,45235,1947,1906,12,1918,48
2021-03-07,Colusa,11,21464,1878,1876,273,2149,11
2021-03-07,Contra Costa,13,1133247,64038,63148,1146,64294,719
2021-03-07,Del Norte,15,27424,1029,1010,0,1010,5
2021-03-07,El Dorado,17,186661,9197,9184,632,9816,97
2021-03-07,Fresno,19,978130,97075,96549,8158,104707,1442
2021-03-07,Glenn,21,27897,2265,2244,515,2759,15
2021-03-07,Humboldt,23,135768,3291,3274,22,3296,31
2021-03-07,Imperial,25,180216,27252,27019,2689,29708,658
2021-03-07,Inyo,27,18085,1339,1320,2,1322,35
2021-03-07,Kern,29,883053,93807,92746,10349,103095,1086
2021-03-07,Kings,31,150075,22290,22103,1080,23183,224
2021-03-07,Lake,33,64148,3232,3192,6,3198,42
2021-03-07,Lassen,35,31185,5120,5119,105,5224,1
2021-03-07,Los Angeles,37,10098052,1174248,1162749,41630,1204379,21857
2021-03-07,Madera,39,155013,15782,15675,873,16548,211
2021-03-07,Marin,41,260295,13362,13313,175,13488,214
2021-03-07,Mariposa,43,17540,378,376,5,381,5
2021-03-07,Mendocino,45,87422,3673,3581,70,3651,42
2021-03-07,Merced,47,269075,28900,28829,910,29739,399
2021-03-07,Modoc,49,8938,348,338,118,456,3
2021-03-07,Mono,51,14174,1185,1199,12,1211,3
2021-03-07,Monterey,53,433212,42021,41858,1764,43622,328
2021-03-07,Napa,55,140530,9161,9137,32,9169,75
2021-03-07,Nevada,57,99092,4102,4052,165,4217,66
2021-03-07,Orange,59,3164182,247931,246771,10630,257401,4218
2021-03-07,Placer,61,380077,20816,20070,1184,21254,239
2021-03-07,Plumas,63,18699,644,635,11,646,4
2021-03-07,Riverside,65,2383286,284478,280379,14162,294541,3779
2021-03-07,Sacramento,67,1510023,95666,94513,1347,95860,1437
2021-03-07,San Benito,69,59416,5779,5795,95,5890,61
2021-03-07,San Bernardino,71,2135413,286467,282860,8620,291480,3810
2021-03-07,San Diego,73,3302833,266105,262965,0,262965,3390
2021-03-07,San Francisco,75,870044,34507,34594,1192,35786,445
2021-03-07,San Joaquin,77,732212,67532,66252,2990,69242,1139
2021-03-07,San Luis Obispo,79,281455,19784,19614,598,20212,245
2021-03-07,San Mateo,81,765935,39944,39436,424,39860,329
2021-03-07,Santa Barbara,83,443738,32728,32218,1167,33385,425
2021-03-07,Santa Clara,85,1922200,111402,111745,620,112365,1752
2021-03-07,Santa Cruz,87,273765,15500,14715,845,15560,189
2021-03-07,Shasta,89,179085,11047,11083,1317,12400,156
2021-03-07,Sierra,91,2930,49,48,14,62,0
2021-03-07,Siskiyou,93,43540,1519,1435,260,1695,5
2021-03-07,Solano,95,438530,30142,30027,380,30407,169
2021-03-07,Sonoma,97,501317,28456,28533,226,28759,284
2021-03-07,Stanislaus,99,539301,51164,50783,5636,56419,699
2021-03-07,Sutter,101,95872,8953,8900,85,8985,100
2021-03-07,Tehama,103,63373,4619,4614,517,5131,33
2021-03-07,Trinity,105,12862,354,302,53,355,3
2021-03-07,Tulare,107,460477,48105,47569,8707,56276,790
2021-03-07,Tuolumne,109,53932,3927,3922,32,3954,56
2021-03-07,Ventura,111,848112,78377,78487,2906,81393,851
2021-03-07,Yolo,113,214977,13045,12988,235,13223,189
2021-03-07,Yuba,115,75493,5579,5516,91,5607,42
2021-03-06,Alameda,1,1643700,81768,81310,1823,83133,1143
2021-03-06,Alpine,3,1148,83,78,0,78,0
2021-03-06,Amador,5,37829,3497,3487,33,3520,42
2021-03-06,Butte,7,227075,11372,11065,1703,12768,185
2021-03-06,Calaveras,9,45235,1943,1904,12,1916,48
2021-03-06,Colusa,11,21464,1876,1874,273,2147,11
2021-03-06,Contra Costa,13,1133247,63978,63040,1142,64182,719
2021-03-06,Del Norte,15,27424,1024,1000,0,1000,5
2021-03-06,El Dorado,17,186661,9193,9166,632,9798,97
2021-03-06,Fresno,19,978130,96984,96366,8143,104509,1440
2021-03-06,Glenn,21,27897,2265,2241,515,2756,15
2021-03-06,Humboldt,23,135768,3281,3260,22,3282,31
2021-03-06,Imperial,25,180216,27248,27009,2684,29693,658
2021-03-06,Inyo,27,18085,1336,1312,2,1314,35
2021-03-06,Kern,29,883053,93761,92684,10327,103011,1082
2021-03-06,Kings,31,150075,22273,22094,1080,23174,224
2021-03-06,Lake,33,64148,3230,3189,6,3195,42
2021-03-06,Lassen,35,31185,5120,5119,105,5224,1
2021-03-06,Los Angeles,37,10098052,1173815,1161745,41598,1203343,21843
2021-03-06,Madera,39,155013,15773,15646,871,16517,211
2021-03-06,Marin,41,260295,13353,13289,175,13464,213
2021-03-06,Mariposa,43,17540,378,376,5,381,5
2021-03-06,Mendocino,45,87422,3671,3579,70,3649,42
2021-03-06,Merced,47,269075,28858,28771,910,29681,399
2021-03-06,Modoc,49,8938,347,338,118,456,3
2021-03-06,Mono,51,14174,1184,1198,12,1210,3
2021-03-06,Monterey,53,433212,42016,41838,1761,43599,327
2021-03-06,Napa,55,140530,9153,9129,32,9161,75
2021-03-06,Nevada,57,99092,4096,4044,165,4209,66
2021-03-06,Orange,59,3164182,247840,246634,10616,257250,4165
2021-03-06,Placer,61,380077,20793,20030,1182,21212,239
2021-03-06,Plumas,63,18699,644,634,11,645,4
2021-03-06,Riverside,65,2383286,284387,280225,14153,294378,3781
2021-03-06,Sacramento,67,1510023,95578,94332,1338,95670,1436
2021-03-06,San Benito,69,59416,5774,5793,95,5888,61
2021-03-06,San Bernardino,71,2135413,286383,282737,8617,291354,3791
2021-03-06,San Diego,73,3302833,265918,262778,0,262778,3385
2021-03-06,San Francisco,75,870044,34477,34560,1187,35747,435
2021-03-06,San Joaquin,77,732212,67458,66162,2979,69141,1138
2021-03-06,San Luis Obispo,79,281455,19765,19592,595,20187,245
2021-03-06,San Mateo,81,765935,39920,39384,424,39808,329
2021-03-06,Santa Barbara,83,443738,32697,32176,1166,33342,424
2021-03-06,Santa Clara,85,1922200,111306,111570,618,112188,1749
2021-03-06,Santa Cruz,87,273765,15489,14701,845,15546,188
2021-03-06,Shasta,89,179085,11038,11076,1315,12391,158
2021-03-06,Sierra,91,2930,49,48,14,62,0
2021-03-06,Siskiyou,93,43540,1517,1432,260,1692,5
2021-03-06,Solano,95,438530,30113,30000,379,30379,169
2021-03-06,Sonoma,97,501317,28434,28484,224,28708,284
2021-03-06,Stanislaus,99,539301,51095,50691,5629,56320,711
2021-03-06,Sutter,101,95872,8947,8887,85,8972,100
2021-03-06,Tehama,103,63373,4619,4610,515,5125,33
2021-03-06,Trinity,105,12862,354,302,53,355,3
2021-03-06,Tulare,107,460477,48074,47515,8677,56192,789
2021-03-06,Tuolumne,109,53932,3925,3920,32,3952,56
2021-03-06,Ventura,111,848112,78322,78439,2905,81344,848
2021-03-06,Yolo,113,214977,13039,12951,235,13186,189
2021-03-06,Yuba,115,75493,5570,5504,91,5595,42
2021-03-05,Alameda,1,1643700,81681,81215,1821,83036,1141
2021-03-05,Alpine,3,1148,83,78,0,78,0
2021-03-05,Amador,5,37829,3496,3484,33,3517,42
2021-03-05,Butte,7,227075,11361,11050,1702,12752,185
2021-03-05,Calaveras,9,45235,1939,1902,12,1914,48
2021-03-05,Colusa,11,21464,1876,1874,273,2147,11
2021-03-05,Contra Costa,13,1133247,63898,62886,1139,64025,711
2021-03-05,Del Norte,15,27424,1020,995,0,995,5
2021-03-05,El Dorado,17,186661,9188,9150,631,9781,97
2021-03-05,Fresno,19,978130,96878,96184,8122,104306,1432
2021-03-05,Glenn,21,27897,2260,2241,515,2756,15
2021-03-05,Humboldt,23,135768,3274,3234,22,3256,31
2021-03-05,Imperial,25,180216,27238,26970,2675,29645,651
2021-03-05,Inyo,27,18085,1332,1309,2,1311,35
2021-03-05,Kern,29,883053,93723,92601,10313,102914,1076
2021-03-05,Kings,31,150075,22256,22063,1078,23141,224
2021-03-05,Lake,33,64148,3228,3185,6,3191,42
2021-03-05,Lassen,35,31185,5120,5117,103,5220,1
2021-03-05,Los Angeles,37,10098052,1173330,1160688,41564,1202252,21745
2021-03-05,Madera,39,155013,15763,15624,869,16493,211
2021-03-05,Marin,41,260295,13340,13275,174,13449,215
2021-03-05,Mariposa,43,17540,378,375,5,380,4
2021-03-05,Mendocino,45,87422,3668,3577,70,3647,42
2021-03-05,Merced,47,269075,28824,28734,909,29643,399
2021-03-05,Modoc,49,8938,347,337,118,455,3
2021-03-05,Mono,51,14174,1183,1197,12,1209,3
2021-03-05,Monterey,53,433212,42003,41802,1761,43563,325
2021-03-05,Napa,55,140530,9145,9109,32,9141,75
2021-03-05,Nevada,57,99092,4092,4033,165,4198,66
2021-03-05,Orange,59,3164182,247726,246489,10603,257092,4108
2021-03-05,Placer,61,380077,20767,19973,1178,21151,239
2021-03-05,Plumas,63,18699,644,635,11,646,4
2021-03-05,Riverside,65,2383286,284277,280075,14147,294222,3781
2021-03-05,Sacramento,67,1510023,95479,94182,1331,95513,1430
2021-03-05,San Benito,69,59416,5771,5790,95,5885,61
2021-03-05,San Bernardino,71,2135413,286290,282640,8613,291253,3774
2021-03-05,San Diego,73,3302833,265686,262357,0,262357,3371
2021-03-05,San Francisco,75,870044,34437,34526,1183,35709,430
2021-03-05,San Joaquin,77,732212,67380,66041,2967,69008,1133
2021-03-05,San Luis Obispo,79,281455,19743,19557,593,20150,244
2021-03-05,San Mateo,81,765935,39888,39305,424,39729,326
2021-03-05,Santa Barbara,83,443738,32662,32139,1161,33300,424
2021-03-05,Santa Clara,85,1922200,111210,111384,618,112002,1745
2021-03-05,Santa Cruz,87,273765,15478,14694,845,15539,188
2021-03-05,Shasta,89,179085,11026,11062,1309,12371,148
2021-03-05,Sierra,91,2930,49,48,14,62,0
2021-03-05,Siskiyou,93,43540,1513,1429,259,1688,5
2021-03-05,Solano,95,438530,30096,29951,377,30328,168
2021-03-05,Sonoma,97,501317,28407,28417,224,28641,279
2021-03-05,Stanislaus,99,539301,51044,50606,5619,56225,721
2021-03-05,Sutter,101,95872,8940,8876,85,8961,100
2021-03-05,Tehama,103,63373,4610,4606,515,5121,33
2021-03-05,Trinity,105,12862,354,302,53,355,3
2021-03-05,Tulare,107,460477,48047,47469,8656,56125,789
2021-03-05,Tuolumne,109,53932,3923,3917,32,3949,56
2021-03-05,Ventura,111,848112,78255,78368,2903,81271,839
2021-03-05,Yolo,113,214977,13027,12920,234,13154,188
2021-03-05,Yuba,115,75493,5558,5496,91,5587,42
2021-03-04,Alameda,1,1643700,81569,81115,1821,82936,1136
2021-03-04,Alpine,3,1148,83,78,0,78,0
2021-03-04,Amador,5,37829,3495,3480,33,3513,42
2021-03-04,Butte,7,227075,11354,11033,1701,12734,185
2021-03-04,Calaveras,9,45235,1938,1896,12,1908,48
2021-03-04,Colusa,11,21464,1874,1873,268,2141,11
2021-03-04,Contra Costa,13,1133247,63800,62789,1136,63925,708
2021-03-04,Del Norte,15,27424,1012,989,0,989,5
2021-03-04,El Dorado,17,186661,9173,9133,631,9764,97
2021-03-04,Fresno,19,978130,96717,96023,8104,104127,1422
2021-03-04,Glenn,21,27897,2256,2236,512,2748,15
2021-03-04,Humboldt,23,135768,3261,3212,22,3234,31
2021-03-04,Imperial,25,180216,27227,26946,2671,29617,646
2021-03-04,Inyo,27,18085,1329,1300,2,1302,35
2021-03-04,Kern,29,883053,93636,92525,10293,102818,1070
2021-03-04,Kings,31,150075,22231,22025,1075,23100,224
2021-03-04,Lake,33,64148,3220,3181,6,3187,42
2021-03-04,Lassen,35,31185,5120,5116,103,5219,1
2021-03-04,Los Angeles,37,10098052,1172720,1159405,41514,1200919,21610
2021-03-04,Madera,39,155013,15729,15596,865,16461,208
2021-03-04,Marin,41,260295,13323,13240,171,13411,215
2021-03-04,Mariposa,43,17540,378,376,5,381,4
2021-03-04,Mendocino,45,87422,3665,3569,70,3639,42
2021-03-04,Merced,47,269075,28774,28671,907,29578,396
2021-03-04,Modoc,49,8938,346,336,118,454,3
2021-03-04,Mono,51,14174,1183,1197,12,1209,3
2021-03-04,Monterey,53,433212,41983,41771,1758,43529,325
2021-03-04,Napa,55,140530,9137,9094,32,9126,74
2021-03-04,Nevada,57,99092,4082,4020,165,4185,66
2021-03-04,Orange,59,3164182,247572,246354,10584,256938,4096
2021-03-04,Placer,61,380077,20735,19900,1172,21072,239
2021-03-04,Plumas,63,18699,644,634,11,645,4
2021-03-04,Riverside,65,2383286,284151,279871,14134,294005,3766
2021-03-04,Sacramento,67,1510023,95346,93982,1328,95310,1426
2021-03-04,San Benito,69,59416,5771,5781,95,5876,61
2021-03-04,San Bernardino,71,2135413,286161,282407,8609,291016,3757
2021-03-04,San Diego,73,3302833,265427,261858,0,261858,3359
2021-03-04,San Francisco,75,870044,34403,34480,1180,35660,426
2021-03-04,San Joaquin,77,732212,67287,65931,2957,68888,1129
2021-03-04,San Luis Obispo,79,281455,19705,19520,591,20111,243
2021-03-04,San Mateo,81,765935,39844,39225,423,39648,322
2021-03-04,Santa Barbara,83,443738,32625,32090,1160,33250,423
2021-03-04,Santa Clara,85,1922200,111077,111194,615,111809,1723
2021-03-04,Santa Cruz,87,273765,15459,14669,845,15514,186
2021-03-04,Shasta,89,179085,11023,11050,1300,12350,150
2021-03-04,Sierra,91,2930,49,48,14,62,0
2021-03-04,Siskiyou,93,43540,1507,1427,259,1686,5
2021-03-04,Solano,95,438530,30069,29905,376,30281,168
2021-03-04,Sonoma,97,501317,28352,28379,223,28602,279
2021-03-04,Stanislaus,99,539301,50955,50521,5610,56131,731
2021-03-04,Sutter,101,95872,8928,8849,85,8934,100
2021-03-04,Tehama,103,63373,4604,4604,515,5119,33
2021-03-04,Trinity,105,12862,354,302,53,355,3
2021-03-04,Tulare,107,460477,48003,47398,8630,56028,784
2021-03-04,Tuolumne,109,53932,3917,3916,32,3948,56
2021-03-04,Ventura,111,848112,78168,78184,2901,81085,831
2021-03-04,Yolo,113,214977,13007,12895,234,13129,189
2021-03-04,Yuba,115,75493,5546,5483,91,5574,41
2021-03-03,Alameda,1,1643700,81449,80972,1819,82791,1127
2021-03-03,Alpine,3,1148,83,77,0,77,0
2021-03-03,Amador,5,37829,3493,3478,32,3510,42
2021-03-03,Butte,7,227075,11347,11014,1700,12714,184
2021-03-03,Calaveras,9,45235,1935,1893,12,1905,48
2021-03-03,Colusa,11,21464,1873,1873,268,2141,11
2021-03-03,Contra Costa,13,1133247,63702,62668,1133,63801,708
2021-03-03,Del Norte,15,27424,1009,988,0,988,5
2021-03-03,El Dorado,17,186661,9163,9121,631,9752,97
2021-03-03,Fresno,19,978130,96573,95893,8086,103979,1415
2021-03-03,Glenn,21,27897,2256,2233,512,2745,15
2021-03-03,Humboldt,23,135768,3249,3196,22,3218,30
2021-03-03,Imperial,25,180216,27209,26939,2666,29605,640
2021-03-03,Inyo,27,18085,1321,1294,2,1296,35
2021-03-03,Kern,29,883053,93562,92434,10275,102709,1063
2021-03-03,Kings,31,150075,22215,22009,1074,23083,223
2021-03-03,Lake,33,64148,3213,3175,6,3181,40
2021-03-03,Lassen,35,31185,5120,5115,103,5218,1
2021-03-03,Los Angeles,37,10098052,1172083,1157911,41471,1199382,21500
2021-03-03,Madera,39,155013,15710,15553,859,16412,203
2021-03-03,Marin,41,260295,13310,13216,171,13387,214
2021-03-03,Mariposa,43,17540,377,376,5,381,4
2021-03-03,Mendocino,45,87422,3657,3564,70,3634,42
2021-03-03,Merced,47,269075,28721,28625,907,29532,393
2021-03-03,Modoc,49,8938,346,333,117,450,3
2021-03-03,Mono,51,14174,1183,1191,12,1203,3
2021-03-03,Monterey,53,433212,41950,41731,1755,43486,325
2021-03-03,Napa,55,140530,9129,9090,32,9122,72
2021-03-03,Nevada,57,99092,4072,4009,165,4174,66
2021-03-03,Orange,59,3164182,247428,246120,10567,256687,4072
2021-03-03,Placer,61,380077,20709,19851,1169,21020,239
2021-03-03,Plumas,63,18699,643,631,11,642,4
2021-03-03,Riverside,65,2383286,284022,279626,14129,293755,3735
2021-03-03,Sacramento,67,1510023,95187,93819,1319,95138,1419
2021-03-03,San Benito,69,59416,5770,5774,95,5869,61
2021-03-03,San Bernardino,71,2135413,286020,282138,8602,290740,3664
2021-03-03,San Diego,73,3302833,265165,261350,0,261350,3342
2021-03-03,San Francisco,75,870044,34372,34443,1177,35620,426
2021-03-03,San Joaquin,77,732212,67176,65855,2950,68805,1115
2021-03-03,San Luis Obispo,79,281455,19680,19479,587,20066,241
2021-03-03,San Mateo,81,765935,39798,39189,422,39611,319
2021-03-03,Santa Barbara,83,443738,32588,32027,1160,33187,421
2021-03-03,Santa Clara,85,1922200,110922,110991,613,111604,1720
2021-03-03,Santa Cruz,87,273765,15448,14645,845,15490,185
2021-03-03,Shasta,89,179085,11013,11023,1293,12316,150
2021-03-03,Sierra,91,2930,49,48,14,62,0
2021-03-03,Siskiyou,93,43540,1505,1424,259,1683,5
2021-03-03,Solano,95,438530,30033,29866,375,30241,167
2021-03-03,Sonoma,97,501317,28312,28307,222,28529,279
2021-03-03,Stanislaus,99,539301,50878,50438,5602,56040,730
2021-03-03,Sutter,101,95872,8919,8840,85,8925,99
2021-03-03,Tehama,103,63373,4601,4601,515,5116,32
2021-03-03,Trinity,105,12862,354,302,53,355,3
2021-03-03,Tulare,107,460477,47953,47348,8599,55947,778
2021-03-03,Tuolumne,109,53932,3915,3914,31,3945,56
2021-03-03,Ventura,111,848112,78085,78057,2895,80952,822
2021-03-03,Yolo,113,214977,12994,12890,234,13124,189
2021-03-03,Yuba,115,75493,5533,5479,91,5570,41
2021-03-02,Alameda,1,1643700,81332,80904,1817,82721,1116
2021-03-02,Alpine,3,1148,83,77,0,77,0
2021-03-02,Amador,5,37829,3491,3474,32,3506,42
2021-03-02,Butte,7,227075,11337,11007,1698,12705,182
2021-03-02,Calaveras,9,45235,1928,1890,12,1902,48
2021-03-02,Colusa,11,21464,1873,1872,267,2139,11
2021-03-02,Contra Costa,13,1133247,63591,62557,1128,63685,694
2021-03-02,Del Norte,15,27424,1002,983,0,983,5
2021-03-02,El Dorado,17,186661,9155,9116,631,9747,98
2021-03-02,Fresno,19,978130,96429,95785,8057,103842,1410
2021-03-02,Glenn,21,27897,2250,2232,511,2743,15
2021-03-02,Humboldt,23,135768,3230,3184,22,3206,30
2021-03-02,Imperial,25,180216,27199,26926,2664,29590,637
2021-03-02,Inyo,27,18085,1317,1292,2,1294,35
2021-03-02,Kern,29,883053,93457,92313,10246,102559,1046
2021-03-02,Kings,31,150075,22163,21999,1072,23071,217
2021-03-02,Lake,33,64148,3207,3169,6,3175,40
2021-03-02,Lassen,35,31185,5115,5115,102,5217,1
2021-03-02,Los Angeles,37,10098052,1171445,1156826,41423,1198249,21395
2021-03-02,Madera,39,155013,15690,15523,857,16380,194
2021-03-02,Marin,41,260295,13287,13186,170,13356,214
2021-03-02,Mariposa,43,17540,377,376,5,381,4
2021-03-02,Mendocino,45,87422,3654,3562,69,3631,41
2021-03-02,Merced,47,269075,28664,28598,907,29505,389
2021-03-02,Modoc,49,8938,346,332,117,449,3
2021-03-02,Mono,51,14174,1182,1191,12,1203,3
2021-03-02,Monterey,53,433212,41923,41716,1753,43469,325
2021-03-02,Napa,55,140530,9117,9080,32,9112,71
2021-03-02,Nevada,57,99092,4063,3983,163,4146,66
2021-03-02,Orange,59,3164182,247282,246004,10551,256555,4037
2021-03-02,Placer,61,380077,20654,19828,1166,20994,239
2021-03-02,Plumas,63,18699,641,628,11,639,4
2021-03-02,Riverside,65,2383286,283856,279486,14121,293607,3721
2021-03-02,Sacramento,67,1510023,95020,93690,1318,95008,1411
2021-03-02,San Benito,69,59416,5763,5770,95,5865,60
2021-03-02,San Bernardino,71,2135413,285886,281919,8595,290514,3604
2021-03-02,San Diego,73,3302833,264921,260998,0,260998,3317
2021-03-02,San Francisco,75,870044,34331,34387,1173,35560,424
2021-03-02,San Joaquin,77,732212,67069,65769,2930,68699,1111
2021-03-02,San Luis Obispo,79,281455,19648,19452,586,20038,241
2021-03-02,San Mateo,81,765935,39746,39148,421,39569,317
2021-03-02,Santa Barbara,83,443738,32540,31964,1156,33120,416
2021-03-02,Santa Clara,85,1922200,110744,110832,612,111444,1706
2021-03-02,Santa Cruz,87,273765,15434,14611,843,15454,185
2021-03-02,Shasta,89,179085,10999,11012,1282,12294,149
2021-03-02,Sierra,91,2930,49,48,14,62,0
2021-03-02,Siskiyou,93,43540,1501,1412,257,1669,5
2021-03-02,Solano,95,438530,30000,29827,373,30200,167
2021-03-02,Sonoma,97,501317,28258,28261,222,28483,279
2021-03-02,Stanislaus,99,539301,50791,50359,5588,55947,724
2021-03-02,Sutter,101,95872,8910,8832,85,8917,99
2021-03-02,Tehama,103,63373,4599,4597,515,5112,32
2021-03-02,Trinity,105,12862,354,301,53,354,3
2021-03-02,Tulare,107,460477,47896,47326,8574,55900,783
2021-03-02,Tuolumne,109,53932,3911,3908,31,3939,53
2021-03-02,Ventura,111,848112,77994,77952,2891,80843,780
2021-03-02,Yolo,113,214977,12977,12867,234,13101,189
2021-03-02,Yuba,115,75493,5525,5475,91,5566,41
2021-03-01,Alameda,1,1643700,81206,80805,1815,82620,1105
2021-03-01,Alpine,3,1148,81,77,0,77,0
2021-03-01,Amador,5,37829,3488,3469,32,3501,42
2021-03-01,Butte,7,227075,11321,10981,1693,12674,180
2021-03-01,Calaveras,9,45235,1922,1885,12,1897,46
2021-03-01,Colusa,11,21464,1872,1871,267,2138,11
2021-03-01,Contra Costa,13,1133247,63482,62458,1127,63585,694
2021-03-01,Del Norte,15,27424,997,982,0,982,5
2021-03-01,El Dorado,17,186661,9131,9085,631,9716,98
2021-03-01,Fresno,19,978130,96292,95677,8034,103711,1405
2021-03-01,Glenn,21,27897,2245,2232,510,2742,15
2021-03-01,Humboldt,23,135768,3211,3179,22,3201,30
2021-03-01,Imperial,25,180216,27189,26913,2656,29569,636
2021-03-01,Inyo,27,18085,1314,1285,2,1287,35
2021-03-01,Kern,29,883053,93370,92219,10220,102439,1041
2021-03-01,Kings,31,150075,22146,21988,1066,23054,217
2021-03-01,Lake,33,64148,3202,3164,6,3170,40
2021-03-01,Lassen,35,31185,5113,5111,102,5213,1
2021-03-01,Los Angeles,37,10098052,1170795,1155984,41377,1197361,21293
2021-03-01,Madera,39,155013,15661,15505,846,16351,194
2021-03-01,Marin,41,260295,13261,13161,169,13330,214
2021-03-01,Mariposa,43,17540,377,375,5,380,4
2021-03-01,Mendocino,45,87422,3647,3561,69,3630,41
2021-03-01,Merced,47,269075,28619,28575,903,29478,385
2021-03-01,Modoc,49,8938,343,331,116,447,3
2021-03-01,Mono,51,14174,1181,1192,12,1204,3
2021-03-01,Monterey,53,433212,41898,41697,1751,43448,324
2021-03-01,Napa,55,140530,9108,9056,32,9088,70
2021-03-01,Nevada,57,99092,4044,3979,163,4142,66
2021-03-01,Orange,59,3164182,247091,245852,10536,256388,3976
2021-03-01,Placer,61,380077,20616,19803,1163,20966,239
2021-03-01,Plumas,63,18699,641,628,11,639,4
2021-03-01,Riverside,65,2383286,283641,279323,14112,293435,3680
2021-03-01,Sacramento,67,1510023,94875,93546,1316,94862,1401
2021-03-01,San Benito,69,59416,5758,5772,95,5867,57
2021-03-01,San Bernardino,71,2135413,285742,281685,8591,290276,3603
2021-03-01,San Diego,73,3302833,264606,260622,0,260622,3303
2021-03-01,San Francisco,75,870044,34287,34318,1165,35483,424
2021-03-01,San Joaquin,77,732212,66962,65699,2918,68617,1097
2021-03-01,San Luis Obispo,79,281455,19626,19429,584,20013,239
2021-03-01,San Mateo,81,765935,39694,39096,420,39516,314
2021-03-01,Santa Barbara,83,443738,32498,31909,1155,33064,413
2021-03-01,Santa Clara,85,1922200,110586,110684,609,111293,1704
2021-03-01,Santa Cruz,87,273765,15415,14575,842,15417,185
2021-03-01,Shasta,89,179085,10987,10990,1279,12269,149
2021-03-01,Sierra,91,2930,49,48,14,62,0
2021-03-01,Siskiyou,93,43540,1497,1408,255,1663,5
2021-03-01,Solano,95,438530,29957,29779,372,30151,166
2021-03-01,Sonoma,97,501317,28211,28222,220,28442,278
2021-03-01,Stanislaus,99,539301,50717,50293,5581,55874,722
2021-03-01,Sutter,101,95872,8898,8825,85,8910,99
2021-03-01,Tehama,103,63373,4595,4595,515,5110,32
2021-03-01,Trinity,105,12862,354,298,52,350,3
2021-03-01,Tulare,107,460477,47859,47275,8539,55814,781
2021-03-01,Tuolumne,109,53932,3908,3907,31,3938,53
2021-03-01,Ventura,111,848112,77912,77849,2890,80739,775
2021-03-01,Yolo,113,214977,12960,12854,232,13086,188
2021-03-01,Yuba,115,75493,5513,5466,91,5557,41
2021-02-28,Alameda,1,1643700,81083,80727,1813,82540,1105
2021-02-28,Alpine,3,1148,81,77,0,77,0
2021-02-28,Amador,5,37829,3483,3466,31,3497,42
2021-02-28,Butte,7,227075,11306,10970,1693,12663,180
2021-02-28,Calaveras,9,45235,1916,1881,12,1893,46
2021-02-28,Colusa,11,21464,1872,1871,266,2137,11
2021-02-28,Contra Costa,13,1133247,63355,62386,1122,63508,694
2021-02-28,Del Norte,15,27424,995,981,0,981,5
2021-02-28,El Dorado,17,186661,9120,9082,631,9713,98
2021-02-28,Fresno,19,978130,96113,95548,7999,103547,1405
2021-02-28,Glenn,21,27897,2243,2230,508,2738,15
2021-02-28,Humboldt,23,135768,3188,3179,22,3201,30
2021-02-28,Imperial,25,180216,27163,26909,2649,29558,636
2021-02-28,Inyo,27,18085,1309,1282,2,1284,35
2021-02-28,Kern,29,883053,93256,92169,10198,102367,1012
2021-02-28,Kings,31,150075,22125,21967,1065,23032,217
2021-02-28,Lake,33,64148,3197,3164,6,3170,40
2021-02-28,Lassen,35,31185,5112,5106,102,5208,1
2021-02-28,Los Angeles,37,10098052,1170019,1155141,41313,1196454,21261
2021-02-28,Madera,39,155013,15619,15496,843,16339,199
2021-02-28,Marin,41,260295,13238,13152,167,13319,214
2021-02-28,Mariposa,43,17540,377,374,5,379,4
2021-02-28,Mendocino,45,87422,3641,3558,69,3627,41
2021-02-28,Merced,47,269075,28556,28546,902,29448,384
2021-02-28,Modoc,49,8938,343,331,116,447,3
2021-02-28,Mono,51,14174,1178,1192,12,1204,3
2021-02-28,Monterey,53,433212,41866,41683,1750,43433,323
2021-02-28,Napa,55,140530,9089,9053,32,9085,70
2021-02-28,Nevada,57,99092,4031,3972,163,4135,66
2021-02-28,Orange,59,3164182,246892,245706,10528,256234,3970
2021-02-28,Placer,61,380077,20570,19775,1161,20936,239
2021-02-28,Plumas,63,18699,641,628,11,639,4
2021-02-28,Riverside,65,2383286,283421,279214,14101,293315,3661
2021-02-28,Sacramento,67,1510023,94691,93463,1311,94774,1398
2021-02-28,San Benito,69,59416,5747,5772,95,5867,57
2021-02-28,San Bernardino,71,2135413,285606,281620,8578,290198,3595
2021-02-28,San Diego,73,3302833,264310,260353,0,260353,3303
2021-02-28,San Francisco,75,870044,34246,34291,1158,35449,417
2021-02-28,San Joaquin,77,732212,66854,65662,2909,68571,1097
2021-02-28,San Luis Obispo,79,281455,19591,19422,581,20003,237
2021-02-28,San Mateo,81,765935,39641,39059,419,39478,314
2021-02-28,Santa Barbara,83,443738,32446,31877,1155,33032,413
2021-02-28,Santa Clara,85,1922200,110388,110556,606,111162,1704
2021-02-28,Santa Cruz,87,273765,15386,14571,839,15410,185
2021-02-28,Shasta,89,179085,10966,10990,1275,12265,149
2021-02-28,Sierra,91,2930,49,48,14,62,0
2021-02-28,Siskiyou,93,43540,1489,1408,254,1662,5
2021-02-28,Solano,95,438530,29901,29758,367,30125,166
2021-02-28,Sonoma,97,501317,28149,28193,219,28412,279
2021-02-28,Stanislaus,99,539301,50627,50228,5566,55794,728
2021-02-28,Sutter,101,95872,8883,8825,85,8910,99
2021-02-28,Tehama,103,63373,4588,4590,515,5105,32
2021-02-28,Trinity,105,12862,354,298,52,350,3
2021-02-28,Tulare,107,460477,47797,47258,8507,55765,780
2021-02-28,Tuolumne,109,53932,3903,3905,31,3936,53
2021-02-28,Ventura,111,848112,77801,77749,2887,80636,775
2021-02-28,Yolo,113,214977,12938,12851,232,13083,188
2021-02-28,Yuba,115,75493,5503,5461,91,5552,41
2021-02-27,Alameda,1,1643700,81009,80565,1811,82376,1108
2021-02-27,Alpine,3,1148,81,77,0,77,0
2021-02-27,Amador,5,37829,3481,3463,31,3494,42
2021-02-27,Butte,7,227075,11294,10962,1693,12655,180
2021-02-27,Calaveras,9,45235,1914,1875,12,1887,46
2021-02-27,Colusa,11,21464,1871,1869,266,2135,11
2021-02-27,Contra Costa,13,1133247,63284,62248,1119,63367,693
2021-02-27,Del Norte,15,27424,993,978,0,978,5
2021-02-27,El Dorado,17,186661,9116,9072,631,9703,98
2021-02-27,Fresno,19,978130,96040,95393,7985,103378,1400
2021-02-27,Glenn,21,27897,2243,2225,507,2732,15
2021-02-27,Humboldt,23,135768,3182,3167,22,3189,30
2021-02-27,Imperial,25,180216,27155,26903,2648,29551,633
2021-02-27,Inyo,27,18085,1306,1275,2,1277,35
2021-02-27,Kern,29,883053,93196,92053,10182,102235,996
2021-02-27,Kings,31,150075,22115,21955,1062,23017,216
2021-02-27,Lake,33,64148,3194,3156,6,3162,40
2021-02-27,Lassen,35,31185,5112,5106,102,5208,1
2021-02-27,Los Angeles,37,10098052,1169514,1154275,41283,1195558,21158
2021-02-27,Madera,39,155013,15602,15467,842,16309,199
2021-02-27,Marin,41,260295,13214,13134,167,13301,214
2021-02-27,Mariposa,43,17540,377,374,5,379,4
2021-02-27,Mendocino,45,87422,3638,3555,69,3624,41
2021-02-27,Merced,47,269075,28515,28501,893,29394,384
2021-02-27,Modoc,49,8938,343,331,115,446,3
2021-02-27,Mono,51,14174,1176,1191,12,1203,3
2021-02-27,Monterey,53,433212,41857,41665,1750,43415,322
2021-02-27,Napa,55,140530,9078,9038,32,9070,71
2021-02-27,Nevada,57,99092,4025,3960,163,4123,66
2021-02-27,Orange,59,3164182,246766,245542,10516,256058,3960
2021-02-27,Placer,61,380077,20534,19726,1158,20884,239
2021-02-27,Plumas,63,18699,641,628,11,639,4
2021-02-27,Riverside,65,2383286,283312,279048,14091,293139,3663
2021-02-27,Sacramento,67,1510023,94609,93281,1300,94581,1396
2021-02-27,San Benito,69,59416,5746,5767,94,5861,57
2021-02-27,San Bernardino,71,2135413,285529,281471,8571,290042,3527
2021-02-27,San Diego,73,3302833,264121,260091,0,260091,3284
2021-02-27,San Francisco,75,870044,34213,34260,1155,35415,413
2021-02-27,San Joaquin,77,732212,66808,65578,2907,68485,1100
2021-02-27,San Luis Obispo,79,281455,19570,19411,580,19991,237
2021-02-27,San Mateo,81,765935,39600,38998,418,39416,313
2021-02-27,Santa Barbara,83,443738,32412,31805,1154,32959,411
2021-02-27,Santa Clara,85,1922200,110241,110361,604,110965,1703
2021-02-27,Santa Cruz,87,273765,15377,14552,838,15390,185
2021-02-27,Shasta,89,179085,10960,10985,1271,12256,149
2021-02-27,Sierra,91,2930,49,48,14,62,0
2021-02-27,Siskiyou,93,43540,1487,1407,253,1660,5
2021-02-27,Solano,95,438530,29873,29718,366,30084,165
2021-02-27,Sonoma,97,501317,28105,28141,213,28354,281
2021-02-27,Stanislaus,99,539301,50573,50147,5556,55703,733
2021-02-27,Sutter,101,95872,8878,8820,85,8905,99
2021-02-27,Tehama,103,63373,4585,4584,515,5099,32
2021-02-27,Trinity,105,12862,354,298,52,350,3
2021-02-27,Tulare,107,460477,47761,47209,8480,55689,770
2021-02-27,Tuolumne,109,53932,3900,3899,31,3930,53
2021-02-27,Ventura,111,848112,77729,77623,2884,80507,771
2021-02-27,Yolo,113,214977,12926,12834,232,13066,188
2021-02-27,Yuba,115,75493,5500,5450,91,5541,39
2021-02-26,Alameda,1,1643700,80914,80387,1806,82193,1106
2021-02-26,Alpine,3,1148,81,77,0,77,0
2021-02-26,Amador,5,37829,3475,3457,31,3488,42
2021-02-26,Butte,7,227075,11284,10941,1692,12633,180
2021-02-26,Calaveras,9,45235,1913,1873,12,1885,46
2021-02-26,Colusa,11,21464,1871,1865,266,2131,11
2021-02-26,Contra Costa,13,1133247,63202,62114,1119,63233,685
2021-02-26,Del Norte,15,27424,989,968,0,968,5
2021-02-26,El Dorado,17,186661,9111,9038,629,9667,98
2021-02-26,Fresno,19,978130,95937,95202,7977,103179,1391
2021-02-26,Glenn,21,27897,2240,2220,507,2727,15
2021-02-26,Humboldt,23,135768,3176,3152,22,3174,30
2021-02-26,Imperial,25,180216,27147,26888,2646,29534,631
2021-02-26,Inyo,27,18085,1304,1271,2,1273,34
2021-02-26,Kern,29,883053,93117,91884,10166,102050,997
2021-02-26,Kings,31,150075,22099,21917,1059,22976,216
2021-02-26,Lake,33,64148,3189,3153,6,3159,40
2021-02-26,Lassen,35,31185,5112,5102,102,5204,1
2021-02-26,Los Angeles,37,10098052,1168946,1153131,41220,1194351,21070
2021-02-26,Madera,39,155013,15586,15436,840,16276,199
2021-02-26,Marin,41,260295,13200,13091,167,13258,214
2021-02-26,Mariposa,43,17540,377,375,5,380,4
2021-02-26,Mendocino,45,87422,3633,3549,69,3618,41
2021-02-26,Merced,47,269075,28483,28455,892,29347,382
2021-02-26,Modoc,49,8938,342,330,115,445,3
2021-02-26,Mono,51,14174,1174,1191,12,1203,3
2021-02-26,Monterey,53,433212,41831,41607,1750,43357,322
2021-02-26,Napa,55,140530,9072,9014,32,9046,70
2021-02-26,Nevada,57,99092,4014,3952,163,4115,66
2021-02-26,Orange,59,3164182,246626,245278,10506,255784,3918
2021-02-26,Placer,61,380077,20508,19712,1152,20864,239
2021-02-26,Plumas,63,18699,641,628,11,639,4
2021-02-26,Riverside,65,2383286,283168,278772,14085,292857,3653
2021-02-26,Sacramento,67,1510023,94486,93180,1297,94477,1390
2021-02-26,San Benito,69,59416,5745,5759,94,5853,57
2021-02-26,San Bernardino,71,2135413,285428,281132,8569,289701,3461
2021-02-26,San Diego,73,3302833,263894,259641,0,259641,3271
2021-02-26,San Francisco,75,870044,34183,34213,1150,35363,413
2021-02-26,San Joaquin,77,732212,66727,65492,2901,68393,1070
2021-02-26,San Luis Obispo,79,281455,19554,19359,578,19937,234
2021-02-26,San Mateo,81,765935,39554,38922,418,39340,313
2021-02-26,Santa Barbara,83,443738,32369,31724,1153,32877,410
2021-02-26,Santa Clara,85,1922200,110111,110168,602,110770,1700
2021-02-26,Santa Cruz,87,273765,15365,14528,837,15365,185
2021-02-26,Shasta,89,179085,10954,10972,1261,12233,149
2021-02-26,Sierra,91,2930,49,47,14,61,0
2021-02-26,Siskiyou,93,43540,1487,1401,253,1654,5
2021-02-26,Solano,95,438530,29839,29651,365,30016,165
2021-02-26,Sonoma,97,501317,28077,28063,212,28275,280
2021-02-26,Stanislaus,99,539301,50517,50054,5548,55602,737
2021-02-26,Sutter,101,95872,8869,8806,85,8891,99
2021-02-26,Tehama,103,63373,4583,4581,515,5096,32
2021-02-26,Trinity,105,12862,353,298,52,350,3
2021-02-26,Tulare,107,460477,47726,47135,8449,55584,770
2021-02-26,Tuolumne,109,53932,3899,3896,31,3927,53
2021-02-26,Ventura,111,848112,77629,77534,2882,80416,765
2021-02-26,Yolo,113,214977,12919,12816,232,13048,188
2021-02-26,Yuba,115,75493,5495,5438,91,5529,39
2021-02-25,Alameda,1,1643700,80793,80181,1805,81986,1093
2021-02-25,Alpine,3,1148,81,77,0,77,0
2021-02-25,Amador,5,37829,3472,3448,31,3479,41
2021-02-25,Butte,7,227075,11263,10922,1687,12609,178
2021-02-25,Calaveras,9,45235,1905,1868,12,1880,46
2021-02-25,Colusa,11,21464,1868,1863,265,2128,11
2021-02-25,Contra Costa,13,1133247,63100,61910,1119,63029,686
2021-02-25,Del Norte,15,27424,979,966,0,966,5
2021-02-25,El Dorado,17,186661,9095,9012,629,9641,98
2021-02-25,Fresno,19,978130,95794,95015,7955,102970,1377
2021-02-25,Glenn,21,27897,2237,2219,506,2725,15
2021-02-25,Humboldt,23,135768,3169,3129,21,3150,30
2021-02-25,Imperial,25,180216,27141,26855,2642,29497,628
2021-02-25,Inyo,27,18085,1298,1264,2,1266,33
2021-02-25,Kern,29,883053,93002,91735,10139,101874,992
2021-02-25,Kings,31,150075,22090,21900,1056,22956,216
2021-02-25,Lake,33,64148,3180,3141,6,3147,40
2021-02-25,Lassen,35,31185,5111,5097,100,5197,1
2021-02-25,Los Angeles,37,10098052,1168209,1151846,41160,1193006,20931
2021-02-25,Madera,39,155013,15551,15414,836,16250,194
2021-02-25,Marin,41,260295,13176,13067,167,13234,214
2021-02-25,Mariposa,43,17540,377,375,5,380,4
2021-02-25,Mendocino,45,87422,3628,3542,69,3611,41
2021-02-25,Merced,47,269075,28433,28383,891,29274,382
2021-02-25,Modoc,49,8938,342,329,115,444,3
2021-02-25,Mono,51,14174,1173,1190,12,1202,3
2021-02-25,Monterey,53,433212,41806,41564,1745,43309,321
2021-02-25,Napa,55,140530,9046,8998,32,9030,70
2021-02-25,Nevada,57,99092,3997,3940,162,4102,66
2021-02-25,Orange,59,3164182,246452,245000,10496,255496,3882
2021-02-25,Placer,61,380077,20467,19661,1150,20811,239
2021-02-25,Plumas,63,18699,641,626,11,637,4
2021-02-25,Riverside,65,2383286,282983,278544,14061,292605,3646
2021-02-25,Sacramento,67,1510023,94327,92961,1284,94245,1386
2021-02-25,San Benito,69,59416,5740,5752,94,5846,58
2021-02-25,San Bernardino,71,2135413,285295,280946,8560,289506,3409
2021-02-25,San Diego,73,3302833,263599,258979,0,258979,3260
2021-02-25,San Francisco,75,870044,34141,34138,1147,35285,408
2021-02-25,San Joaquin,77,732212,66644,65389,2890,68279,1047
2021-02-25,San Luis Obispo,79,281455,19533,19335,576,19911,234
2021-02-25,San Mateo,81,765935,39508,38872,418,39290,300
2021-02-25,Santa Barbara,83,443738,32293,31631,1152,32783,408
2021-02-25,Santa Clara,85,1922200,109947,109923,601,110524,1677
2021-02-25,Santa Cruz,87,273765,15347,14492,835,15327,185
2021-02-25,Shasta,89,179085,10942,10947,1256,12203,148
2021-02-25,Sierra,91,2930,49,47,14,61,0
2021-02-25,Siskiyou,93,43540,1483,1390,250,1640,4
2021-02-25,Solano,95,438530,29807,29616,365,29981,161
2021-02-25,Sonoma,97,501317,28023,28004,209,28213,278
2021-02-25,Stanislaus,99,539301,50428,49964,5537,55501,738
2021-02-25,Sutter,101,95872,8855,8789,84,8873,99
2021-02-25,Tehama,103,63373,4579,4578,513,5091,32
2021-02-25,Trinity,105,12862,353,297,52,349,3
2021-02-25,Tulare,107,460477,47678,47052,8421,55473,765
2021-02-25,Tuolumne,109,53932,3896,3894,31,3925,53
2021-02-25,Ventura,111,848112,77524,77395,2876,80271,751
2021-02-25,Yolo,113,214977,12902,12787,232,13019,188
2021-02-25,Yuba,115,75493,5487,5429,91,5520,39
2021-02-24,Alameda,1,1643700,80670,80070,1801,81871,1082
2021-02-24,Alpine,3,1148,80,77,0,77,0
2021-02-24,Amador,5,37829,3467,3444,31,3475,41
2021-02-24,Butte,7,227075,11251,10915,1683,12598,178
2021-02-24,Calaveras,9,45235,1902,1864,12,1876,31
2021-02-24,Colusa,11,21464,1866,1863,265,2128,11
2021-02-24,Contra Costa,13,1133247,62992,61776,1119,62895,663
2021-02-24,Del Norte,15,27424,978,960,0,960,5
2021-02-24,El Dorado,17,186661,9083,8993,629,9622,98
2021-02-24,Fresno,19,978130,95648,94794,7938,102732,1369
2021-02-24,Glenn,21,27897,2235,2210,506,2716,14
2021-02-24,Humboldt,23,135768,3157,3123,21,3144,29
2021-02-24,Imperial,25,180216,27126,26843,2638,29481,596
2021-02-24,Inyo,27,18085,1293,1253,2,1255,32
2021-02-24,Kern,29,883053,92869,91525,10123,101648,992
2021-02-24,Kings,31,150075,22067,21871,1052,22923,216
2021-02-24,Lake,33,64148,3173,3134,6,3140,40
2021-02-24,Lassen,35,31185,5107,5095,99,5194,1
2021-02-24,Los Angeles,37,10098052,1167455,1150322,41110,1191432,20817
2021-02-24,Madera,39,155013,15524,15390,836,16226,194
2021-02-24,Marin,41,260295,13153,13044,166,13210,214
2021-02-24,Mariposa,43,17540,377,374,5,379,4
2021-02-24,Mendocino,45,87422,3621,3540,69,3609,41
2021-02-24,Merced,47,269075,28394,28295,888,29183,383
2021-02-24,Modoc,49,8938,341,329,115,444,3
2021-02-24,Mono,51,14174,1171,1189,12,1201,3
2021-02-24,Monterey,53,433212,41780,41495,1743,43238,320
2021-02-24,Napa,55,140530,9029,8976,32,9008,70
2021-02-24,Nevada,57,99092,3987,3927,162,4089,66
2021-02-24,Orange,59,3164182,246237,244743,10482,255225,3835
2021-02-24,Placer,61,380077,20429,19648,1144,20792,239
2021-02-24,Plumas,63,18699,639,626,11,637,4
2021-02-24,Riverside,65,2383286,282762,278293,14051,292344,3603
2021-02-24,Sacramento,67,1510023,94174,92742,1279,94021,1375
2021-02-24,San Benito,69,59416,5739,5743,94,5837,57
2021-02-24,San Bernardino,71,2135413,285145,280583,8556,289139,3360
2021-02-24,San Diego,73,3302833,263306,258460,0,258460,3230
2021-02-24,San Francisco,75,870044,34096,34061,1143,35204,406
2021-02-24,San Joaquin,77,732212,66534,65274,2887,68161,1019
2021-02-24,San Luis Obispo,79,281455,19510,19309,574,19883,233
2021-02-24,San Mateo,81,765935,39471,38763,417,39180,300
2021-02-24,Santa Barbara,83,443738,32242,31563,1149,32712,405
2021-02-24,Santa Clara,85,1922200,109795,109671,600,110271,1674
2021-02-24,Santa Cruz,87,273765,15326,14458,835,15293,185
2021-02-24,Shasta,89,179085,10927,10922,1253,12175,148
2021-02-24,Sierra,91,2930,49,47,14,61,0
2021-02-24,Siskiyou,93,43540,1476,1385,246,1631,4
2021-02-24,Solano,95,438530,29768,29577,362,29939,158
2021-02-24,Sonoma,97,501317,27958,27954,205,28159,278
2021-02-24,Stanislaus,99,539301,50359,49851,5528,55379,732
2021-02-24,Sutter,101,95872,8845,8778,84,8862,99
2021-02-24,Tehama,103,63373,4575,4566,513,5079,31
2021-02-24,Trinity,105,12862,353,294,51,345,3
2021-02-24,Tulare,107,460477,47624,46976,8390,55366,759
2021-02-24,Tuolumne,109,53932,3893,3887,31,3918,53
2021-02-24,Ventura,111,848112,77417,77238,2874,80112,718
2021-02-24,Yolo,113,214977,12889,12760,227,12987,188
2021-02-24,Yuba,115,75493,5476,5425,89,5514,39
2021-02-23,Alameda,1,1643700,80532,79948,1797,81745,1070
2021-02-23,Alpine,3,1148,79,77,0,77,0
2021-02-23,Amador,5,37829,3465,3440,31,3471,41
2021-02-23,Butte,7,227075,11236,10887,1679,12566,176
2021-02-23,Calaveras,9,45235,1901,1863,12,1875,21
2021-02-23,Colusa,11,21464,1863,1862,265,2127,11
2021-02-23,Contra Costa,13,1133247,62858,61613,1117,62730,661
2021-02-23,Del Norte,15,27424,976,953,0,953,3
2021-02-23,El Dorado,17,186661,9070,8969,629,9598,96
2021-02-23,Fresno,19,978130,95487,94741,7924,102665,1356
2021-02-23,Glenn,21,27897,2233,2209,506,2715,14
2021-02-23,Humboldt,23,135768,3140,3108,21,3129,29
2021-02-23,Imperial,25,180216,27106,26816,2633,29449,591
2021-02-23,Inyo,27,18085,1289,1250,2,1252,32
2021-02-23,Kern,29,883053,92732,91390,10094,101484,982
2021-02-23,Kings,31,150075,22052,21839,1048,22887,216
2021-02-23,Lake,33,64148,3165,3121,6,3127,40
2021-02-23,Lassen,35,31185,5104,5092,99,5191,1
2021-02-23,Los Angeles,37,10098052,1166593,1148965,41053,1190018,19887
2021-02-23,Madera,39,155013,15510,15352,830,16182,193
2021-02-23,Marin,41,260295,13133,13015,165,13180,214
2021-02-23,Mariposa,43,17540,377,374,5,379,4
2021-02-23,Mendocino,45,87422,3619,3540,68,3608,41
2021-02-23,Merced,47,269075,28306,28209,887,29096,381
2021-02-23,Modoc,49,8938,340,328,114,442,3
2021-02-23,Mono,51,14174,1171,1189,12,1201,3
2021-02-23,Monterey,53,433212,41739,41439,1737,43176,317
2021-02-23,Napa,55,140530,9018,8967,32,8999,70
2021-02-23,Nevada,57,99092,3979,3912,162,4074,66
2021-02-23,Orange,59,3164182,246041,244566,10465,255031,3843
2021-02-23,Placer,61,380077,20403,19608,1140,20748,238
2021-02-23,Plumas,63,18699,638,626,11,637,4
2021-02-23,Riverside,65,2383286,282530,278075,14038,292113,3599
2021-02-23,Sacramento,67,1510023,94017,92632,1273,93905,1370
2021-02-23,San Benito,69,59416,5733,5731,93,5824,57
2021-02-23,San Bernardino,71,2135413,284957,280279,8549,288828,3283
2021-02-23,San Diego,73,3302833,262931,257802,0,257802,3218
2021-02-23,San Francisco,75,870044,34047,33994,1142,35136,405
2021-02-23,San Joaquin,77,732212,66436,65141,2879,68020,1004
2021-02-23,San Luis Obispo,79,281455,19481,19233,573,19806,230
2021-02-23,San Mateo,81,765935,39410,38662,417,39079,299
2021-02-23,Santa Barbara,83,443738,32189,31483,1147,32630,402
2021-02-23,Santa Clara,85,1922200,109599,109449,596,110045,1661
2021-02-23,Santa Cruz,87,273765,15299,14435,831,15266,178
2021-02-23,Shasta,89,179085,10915,10903,1249,12152,146
2021-02-23,Sierra,91,2930,49,47,14,61,0
2021-02-23,Siskiyou,93,43540,1471,1380,244,1624,4
2021-02-23,Solano,95,438530,29728,29545,359,29904,154
2021-02-23,Sonoma,97,501317,27915,27882,202,28084,278
2021-02-23,Stanislaus,99,539301,50283,49749,5510,55259,722
2021-02-23,Sutter,101,95872,8832,8766,84,8850,98
2021-02-23,Tehama,103,63373,4571,4556,512,5068,30
2021-02-23,Trinity,105,12862,353,292,50,342,3
2021-02-23,Tulare,107,460477,47545,46937,8354,55291,757
2021-02-23,Tuolumne,109,53932,3889,3864,31,3895,53
2021-02-23,Ventura,111,848112,77301,77093,2865,79958,689
2021-02-23,Yolo,113,214977,12860,12729,227,12956,188
2021-02-23,Yuba,115,75493,5463,5417,88,5505,38
2021-02-22,Alameda,1,1643700,80380,79796,1794,81590,1062
2021-02-22,Alpine,3,1148,79,77,0,77,0
2021-02-22,Amador,5,37829,3460,3438,31,3469,39
2021-02-22,Butte,7,227075,11224,10855,1673,12528,176
2021-02-22,Calaveras,9,45235,1898,1862,12,1874,21
2021-02-22,Colusa,11,21464,1863,1860,265,2125,11
2021-02-22,Contra Costa,13,1133247,62723,61478,1115,62593,661
2021-02-22,Del Norte,15,27424,975,948,0,948,3
2021-02-22,El Dorado,17,186661,9053,8940,629,9569,96
2021-02-22,Fresno,19,978130,95324,94584,7905,102489,1351
2021-02-22,Glenn,21,27897,2227,2207,504,2711,14
2021-02-22,Humboldt,23,135768,3128,3095,21,3116,29
2021-02-22,Imperial,25,180216,27083,26778,2625,29403,590
2021-02-22,Inyo,27,18085,1284,1248,2,1250,32
2021-02-22,Kern,29,883053,92617,91201,10070,101271,982
2021-02-22,Kings,31,150075,22031,21801,1045,22846,214
2021-02-22,Lake,33,64148,3159,3107,6,3113,40
2021-02-22,Lassen,35,31185,5104,5088,98,5186,1
2021-02-22,Los Angeles,37,10098052,1165722,1147541,40995,1188536,19730
2021-02-22,Madera,39,155013,15485,15325,826,16151,193
2021-02-22,Marin,41,260295,13109,12991,162,13153,213
2021-02-22,Mariposa,43,17540,376,374,5,379,4
2021-02-22,Mendocino,45,87422,3613,3535,68,3603,41
2021-02-22,Merced,47,269075,28238,28166,885,29051,379
2021-02-22,Modoc,49,8938,340,329,114,443,3
2021-02-22,Mono,51,14174,1167,1189,12,1201,3
2021-02-22,Monterey,53,433212,41688,41397,1730,43127,311
2021-02-22,Napa,55,140530,8991,8950,32,8982,69
2021-02-22,Nevada,57,99092,3970,3900,160,4060,66
2021-02-22,Orange,59,3164182,245804,244118,10447,254565,3843
2021-02-22,Placer,61,380077,20366,19587,1132,20719,238
2021-02-22,Plumas,63,18699,638,625,11,636,4
2021-02-22,Riverside,65,2383286,282271,277730,14029,291759,3567
2021-02-22,Sacramento,67,1510023,93851,92476,1263,93739,1359
2021-02-22,San Benito,69,59416,5731,5723,93,5816,57
2021-02-22,San Bernardino,71,2135413,284777,279984,8536,288520,3259
2021-02-22,San Diego,73,3302833,262522,257348,0,257348,3189
2021-02-22,San Francisco,75,870044,33988,33947,1136,35083,405
2021-02-22,San Joaquin,77,732212,66335,65060,2866,67926,1001
2021-02-22,San Luis Obispo,79,281455,19444,19198,571,19769,229
2021-02-22,San Mateo,81,765935,39353,38542,414,38956,282
2021-02-22,Santa Barbara,83,443738,32124,31421,1144,32565,399
2021-02-22,Santa Clara,85,1922200,109388,109213,584,109797,1655
2021-02-22,Santa Cruz,87,273765,15273,14417,831,15248,176
2021-02-22,Shasta,89,179085,10900,10872,1244,12116,145
2021-02-22,Sierra,91,2930,49,47,14,61,0
2021-02-22,Siskiyou,93,43540,1465,1373,243,1616,4
2021-02-22,Solano,95,438530,29689,29508,358,29866,150
2021-02-22,Sonoma,97,501317,27870,27845,201,28046,278
2021-02-22,Stanislaus,99,539301,50179,49630,5489,55119,722
2021-02-22,Sutter,101,95872,8824,8698,84,8782,98
2021-02-22,Tehama,103,63373,4562,4550,512,5062,30
2021-02-22,Trinity,105,12862,353,287,49,336,3
2021-02-22,Tulare,107,460477,47484,46879,8321,55200,751
2021-02-22,Tuolumne,109,53932,3885,3856,31,3887,53
2021-02-22,Ventura,111,848112,77174,76947,2859,79806,677
2021-02-22,Yolo,113,214977,12834,12689,226,12915,183
2021-02-22,Yuba,115,75493,5460,5404,87,5491,38
2021-02-21,Alameda,1,1643700,80182,79649,1789,81438,1061
2021-02-21,Alpine,3,1148,79,77,0,77,0
2021-02-21,Amador,5,37829,3452,3435,31,3466,39
2021-02-21,Butte,7,227075,11201,10855,1671,12526,176
2021-02-21,Calaveras,9,45235,1897,1860,12,1872,21
2021-02-21,Colusa,11,21464,1862,1860,261,2121,11
2021-02-21,Contra Costa,13,1133247,62558,61364,1112,62476,661
2021-02-21,Del Norte,15,27424,969,942,0,942,3
2021-02-21,El Dorado,17,186661,9035,8927,628,9555,96
2021-02-21,Fresno,19,978130,95178,94374,7886,102260,1349
2021-02-21,Glenn,21,27897,2225,2201,502,2703,14
2021-02-21,Humboldt,23,135768,3116,3096,21,3117,29
2021-02-21,Imperial,25,180216,27064,26779,2621,29400,590
2021-02-21,Inyo,27,18085,1278,1232,2,1234,32
2021-02-21,Kern,29,883053,92492,91141,10031,101172,980
2021-02-21,Kings,31,150075,21997,21784,1042,22826,213
2021-02-21,Lake,33,64148,3151,3100,6,3106,40
2021-02-21,Lassen,35,31185,5096,5077,98,5175,1
2021-02-21,Los Angeles,37,10098052,1164695,1146756,40940,1187696,19711
2021-02-21,Madera,39,155013,15454,15298,823,16121,192
2021-02-21,Marin,41,260295,13079,12968,162,13130,212
2021-02-21,Mariposa,43,17540,376,373,5,378,4
2021-02-21,Mendocino,45,87422,3608,3535,68,3603,41
2021-02-21,Merced,47,269075,28148,28106,873,28979,379
2021-02-21,Modoc,49,8938,337,329,114,443,3
2021-02-21,Mono,51,14174,1167,1189,12,1201,3
2021-02-21,Monterey,53,433212,41633,41373,1719,43092,309
2021-02-21,Napa,55,140530,8976,8929,32,8961,69
2021-02-21,Nevada,57,99092,3957,3895,160,4055,66
2021-02-21,Orange,59,3164182,245507,243985,10427,254412,3801
2021-02-21,Placer,61,380077,20329,19553,1128,20681,238
2021-02-21,Plumas,63,18699,638,625,11,636,4
2021-02-21,Riverside,65,2383286,282040,277555,14016,291571,3564
2021-02-21,Sacramento,67,1510023,93639,92288,1249,93537,1354
2021-02-21,San Benito,69,59416,5721,5716,90,5806,57
2021-02-21,San Bernardino,71,2135413,284530,279870,8522,288392,3247
2021-02-21,San Diego,73,3302833,262088,257027,0,257027,3190
2021-02-21,San Francisco,75,870044,33923,33891,1132,35023,405
2021-02-21,San Joaquin,77,732212,66186,64997,2853,67850,1001
2021-02-21,San Luis Obispo,79,281455,19412,19178,569,19747,229
2021-02-21,San Mateo,81,765935,39292,38448,410,38858,282
2021-02-21,Santa Barbara,83,443738,32062,31374,1141,32515,399
2021-02-21,Santa Clara,85,1922200,109163,108992,574,109566,1654
2021-02-21,Santa Cruz,87,273765,15249,14401,830,15231,176
2021-02-21,Shasta,89,179085,10885,10867,1239,12106,145
2021-02-21,Sierra,91,2930,49,47,14,61,0
2021-02-21,Siskiyou,93,43540,1459,1371,243,1614,4
2021-02-21,Solano,95,438530,29632,29471,357,29828,150
2021-02-21,Sonoma,97,501317,27804,27793,193,27986,278
2021-02-21,Stanislaus,99,539301,50055,49527,5472,54999,726
2021-02-21,Sutter,101,95872,8806,8687,83,8770,97
2021-02-21,Tehama,103,63373,4550,4547,512,5059,30
2021-02-21,Trinity,105,12862,351,286,49,335,3
2021-02-21,Tulare,107,460477,47417,46830,8284,55114,749
2021-02-21,Tuolumne,109,53932,3871,3828,31,3859,53
2021-02-21,Ventura,111,848112,77026,76862,2845,79707,677
2021-02-21,Yolo,113,214977,12803,12670,226,12896,183
2021-02-21,Yuba,115,75493,5452,5396,86,5482,38
2021-02-20,Alameda,1,1643700,80089,79496,1785,81281,1055
2021-02-20,Alpine,3,1148,79,77,0,77,0
2021-02-20,Amador,5,37829,3450,3432,31,3463,39
2021-02-20,Butte,7,227075,11193,10838,1669,12507,176
2021-02-20,Calaveras,9,45235,1896,1858,12,1870,21
2021-02-20,Colusa,11,21464,1861,1858,261,2119,11
2021-02-20,Contra Costa,13,1133247,62469,61205,1110,62315,663
2021-02-20,Del Norte,15,27424,965,937,0,937,3
2021-02-20,El Dorado,17,186661,9024,8911,628,9539,96
2021-02-20,Fresno,19,978130,95091,94234,7867,102101,1341
2021-02-20,Glenn,21,27897,2222,2199,501,2700,14
2021-02-20,Humboldt,23,135768,3108,3073,21,3094,29
2021-02-20,Imperial,25,180216,27056,26771,2621,29392,590
2021-02-20,Inyo,27,18085,1274,1226,2,1228,32
2021-02-20,Kern,29,883053,92421,91025,9997,101022,968
2021-02-20,Kings,31,150075,21979,21773,1041,22814,212
2021-02-20,Lake,33,64148,3144,3089,6,3095,40
2021-02-20,Lassen,35,31185,5094,5067,98,5165,1
2021-02-20,Los Angeles,37,10098052,1164133,1145594,40896,1186490,19630
2021-02-20,Madera,39,155013,15434,15274,822,16096,191
2021-02-20,Marin,41,260295,13058,12945,160,13105,211
2021-02-20,Mariposa,43,17540,376,372,5,377,4
2021-02-20,Mendocino,45,87422,3606,3533,68,3601,40
2021-02-20,Merced,47,269075,28103,28066,871,28937,379
2021-02-20,Modoc,49,8938,337,328,114,442,3
2021-02-20,Mono,51,14174,1166,1187,12,1199,3
2021-02-20,Monterey,53,433212,41613,41313,1717,43030,309
2021-02-20,Napa,55,140530,8967,8910,32,8942,69
2021-02-20,Nevada,57,99092,3947,3887,159,4046,66
2021-02-20,Orange,59,3164182,245341,243761,10411,254172,3755
2021-02-20,Placer,61,380077,20288,19509,1124,20633,236
2021-02-20,Plumas,63,18699,638,626,11,637,4
2021-02-20,Riverside,65,2383286,281889,277267,14004,291271,3559
2021-02-20,Sacramento,67,1510023,93514,92057,1247,93304,1352
2021-02-20,San Benito,69,59416,5709,5709,90,5799,57
2021-02-20,San Bernardino,71,2135413,284430,279608,8517,288125,3203
2021-02-20,San Diego,73,3302833,261846,256510,0,256510,3188
2021-02-20,San Francisco,75,870044,33880,33820,1123,34943,399
2021-02-20,San Joaquin,77,732212,66114,64916,2848,67764,1001
2021-02-20,San Luis Obispo,79,281455,19389,19138,567,19705,229
2021-02-20,San Mateo,81,765935,39248,38371,409,38780,282
2021-02-20,Santa Barbara,83,443738,32028,31289,1139,32428,396
2021-02-20,Santa Clara,85,1922200,108987,108728,571,109299,1649
2021-02-20,Santa Cruz,87,273765,15238,14378,828,15206,176
2021-02-20,Shasta,89,179085,10871,10850,1234,12084,146
2021-02-20,Sierra,91,2930,49,47,14,61,0
2021-02-20,Siskiyou,93,43540,1456,1366,243,1609,4
2021-02-20,Solano,95,438530,29617,29440,355,29795,150
2021-02-20,Sonoma,97,501317,27775,27703,190,27893,278
2021-02-20,Stanislaus,99,539301,50000,49445,5459,54904,733
2021-02-20,Sutter,101,95872,8800,8681,83,8764,97
2021-02-20,Tehama,103,63373,4549,4545,512,5057,30
2021-02-20,Trinity,105,12862,350,285,48,333,3
2021-02-20,Tulare,107,460477,47381,46769,8262,55031,739
2021-02-20,Tuolumne,109,53932,3866,3823,31,3854,53
2021-02-20,Ventura,111,848112,76930,76757,2842,79599,671
2021-02-20,Yolo,113,214977,12789,12639,225,12864,183
2021-02-20,Yuba,115,75493,5449,5386,86,5472,38
2021-02-19,Alameda,1,1643700,79982,79318,1781,81099,1047
2021-02-19,Alpine,3,1148,79,77,0,77,0
2021-02-19,Amador,5,37829,3446,3427,31,3458,39
2021-02-19,Butte,7,227075,11183,10823,1664,12487,176
2021-02-19,Calaveras,9,45235,1895,1856,12,1868,21
2021-02-19,Colusa,11,21464,1861,1858,261,2119,11
2021-02-19,Contra Costa,13,1133247,62361,61017,1108,62125,651
2021-02-19,Del Norte,15,27424,960,932,0,932,2
2021-02-19,El Dorado,17,186661,9015,8882,627,9509,96
2021-02-19,Fresno,19,978130,94961,93973,7848,101821,1330
2021-02-19,Glenn,21,27897,2217,2199,500,2699,14
2021-02-19,Humboldt,23,135768,3096,3037,21,3058,29
2021-02-19,Imperial,25,180216,27051,26751,2618,29369,589
2021-02-19,Inyo,27,18085,1269,1212,2,1214,32
2021-02-19,Kern,29,883053,92352,90807,9954,100761,963
2021-02-19,Kings,31,150075,21965,21724,1038,22762,211
2021-02-19,Lake,33,64148,3138,3078,6,3084,40
2021-02-19,Lassen,35,31185,5093,5057,98,5155,1
2021-02-19,Los Angeles,37,10098052,1163388,1143828,40852,1184680,19498
2021-02-19,Madera,39,155013,15417,15222,820,16042,188
2021-02-19,Marin,41,260295,13034,12919,158,13077,210
2021-02-19,Mariposa,43,17540,376,371,5,376,4
2021-02-19,Mendocino,45,87422,3604,3526,68,3594,39
2021-02-19,Merced,47,269075,28072,27985,868,28853,376
2021-02-19,Modoc,49,8938,337,328,114,442,3
2021-02-19,Mono,51,14174,1166,1186,12,1198,3
2021-02-19,Monterey,53,433212,41584,41209,1713,42922,309
2021-02-19,Napa,55,140530,8956,8899,32,8931,69
2021-02-19,Nevada,57,99092,3941,3863,159,4022,66
2021-02-19,Orange,59,3164182,245162,243397,10397,253794,3715
2021-02-19,Placer,61,380077,20266,19457,1124,20581,236
2021-02-19,Plumas,63,18699,636,624,11,635,4
2021-02-19,Riverside,65,2383286,281718,276941,13987,290928,3541
2021-02-19,Sacramento,67,1510023,93393,91815,1243,93058,1351
2021-02-19,San Benito,69,59416,5704,5699,90,5789,57
2021-02-19,San Bernardino,71,2135413,284304,279209,8511,287720,3117
2021-02-19,San Diego,73,3302833,261556,255799,0,255799,3169
2021-02-19,San Francisco,75,870044,33832,33746,1117,34863,387
2021-02-19,San Joaquin,77,732212,66043,64774,2839,67613,988
2021-02-19,San Luis Obispo,79,281455,19359,19061,565,19626,230
2021-02-19,San Mateo,81,765935,39190,38256,407,38663,282
2021-02-19,Santa Barbara,83,443738,31964,31204,1138,32342,392
2021-02-19,Santa Clara,85,1922200,108774,108400,569,108969,1634
2021-02-19,Santa Cruz,87,273765,15223,14354,828,15182,176
2021-02-19,Shasta,89,179085,10859,10833,1231,12064,140
2021-02-19,Sierra,91,2930,49,47,14,61,0
2021-02-19,Siskiyou,93,43540,1452,1363,241,1604,4
2021-02-19,Solano,95,438530,29586,29383,354,29737,150
2021-02-19,Sonoma,97,501317,27727,27595,188,27783,280
2021-02-19,Stanislaus,99,539301,49939,49282,5443,54725,739
2021-02-19,Sutter,101,95872,8790,8665,83,8748,96
2021-02-19,Tehama,103,63373,4547,4535,512,5047,30
2021-02-19,Trinity,105,12862,349,282,45,327,3
2021-02-19,Tulare,107,460477,47337,46662,8234,54896,736
2021-02-19,Tuolumne,109,53932,3860,3817,30,3847,52
2021-02-19,Ventura,111,848112,76850,76582,2839,79421,667
2021-02-19,Yolo,113,214977,12773,12606,225,12831,183
2021-02-19,Yuba,115,75493,5439,5376,86,5462,38
2021-02-18,Alameda,1,1643700,79835,79111,1774,80885,1012
2021-02-18,Alpine,3,1148,79,77,0,77,0
2021-02-18,Amador,5,37829,3442,3417,30,3447,38
2021-02-18,Butte,7,227075,11164,10791,1661,12452,175
2021-02-18,Calaveras,9,45235,1890,1873,12,1885,21
2021-02-18,Colusa,11,21464,1859,1856,259,2115,11
2021-02-18,Contra Costa,13,1133247,62249,60868,1107,61975,640
2021-02-18,Del Norte,15,27424,955,929,0,929,2
2021-02-18,El Dorado,17,186661,9001,8850,626,9476,94
2021-02-18,Fresno,19,978130,94791,93734,7820,101554,1323
2021-02-18,Glenn,21,27897,2211,2195,500,2695,14
2021-02-18,Humboldt,23,135768,3084,3023,21,3044,29
2021-02-18,Imperial,25,180216,27025,26731,2613,29344,591
2021-02-18,Inyo,27,18085,1265,1213,1,1214,32
2021-02-18,Kern,29,883053,92195,90655,9924,100579,961
2021-02-18,Kings,31,150075,21944,21648,1036,22684,211
2021-02-18,Lake,33,64148,3130,3066,6,3072,40
2021-02-18,Lassen,35,31185,5084,5052,98,5150,1
2021-02-18,Los Angeles,37,10098052,1162433,1141930,40783,1182713,19358
2021-02-18,Madera,39,155013,15396,15175,815,15990,188
2021-02-18,Marin,41,260295,13020,12895,158,13053,209
2021-02-18,Mariposa,43,17540,375,369,5,374,4
2021-02-18,Mendocino,45,87422,3601,3519,67,3586,39
2021-02-18,Merced,47,269075,28022,27870,862,28732,372
2021-02-18,Modoc,49,8938,335,327,113,440,3
2021-02-18,Mono,51,14174,1166,1182,12,1194,3
2021-02-18,Monterey,53,433212,41521,41091,1704,42795,307
2021-02-18,Napa,55,140530,8939,8877,32,8909,68
2021-02-18,Nevada,57,99092,3932,3836,158,3994,66
2021-02-18,Orange,59,3164182,244944,243098,10378,253476,3673
2021-02-18,Placer,61,380077,20240,19429,1123,20552,232
2021-02-18,Plumas,63,18699,636,624,11,635,4
2021-02-18,Riverside,65,2383286,281439,276595,13966,290561,3510
2021-02-18,Sacramento,67,1510023,93230,91476,1237,92713,1334
2021-02-18,San Benito,69,59416,5701,5697,89,5786,58
2021-02-18,San Bernardino,71,2135413,284094,278887,8497,287384,3066
2021-02-18,San Diego,73,3302833,261203,254987,0,254987,3135
2021-02-18,San Francisco,75,870044,33774,33650,1114,34764,386
2021-02-18,San Joaquin,77,732212,65958,64634,2828,67462,982
2021-02-18,San Luis Obispo,79,281455,19317,18987,562,19549,230
2021-02-18,San Mateo,81,765935,39128,38185,403,38588,282
2021-02-18,Santa Barbara,83,443738,31885,31054,1130,32184,387
2021-02-18,Santa Clara,85,1922200,108548,108210,566,108776,1605
2021-02-18,Santa Cruz,87,273765,15197,14314,828,15142,176
2021-02-18,Shasta,89,179085,10839,10811,1228,12039,139
2021-02-18,Sierra,91,2930,48,47,14,61,0
2021-02-18,Siskiyou,93,43540,1447,1359,240,1599,4
2021-02-18,Solano,95,438530,29559,29349,353,29702,150
2021-02-18,Sonoma,97,501317,27659,27512,187,27699,281
2021-02-18,Stanislaus,99,539301,49842,49150,5428,54578,738
2021-02-18,Sutter,101,95872,8782,8654,83,8737,96
2021-02-18,Tehama,103,63373,4544,4528,511,5039,30
2021-02-18,Trinity,105,12862,348,282,45,327,3
2021-02-18,Tulare,107,460477,47278,46591,8192,54783,728
2021-02-18,Tuolumne,109,53932,3823,3811,30,3841,52
2021-02-18,Ventura,111,848112,76719,76442,2829,79271,659
2021-02-18,Yolo,113,214977,12746,12549,222,12771,183
2021-02-18,Yuba,115,75493,5422,5358,86,5444,38
2021-02-17,Alameda,1,1643700,79673,78895,1772,80667,1002
2021-02-17,Alpine,3,1148,79,77,0,77,0
2021-02-17,Amador,5,37829,3438,3415,30,3445,38
2021-02-17,Butte,7,227075,11146,10770,1658,12428,174
2021-02-17,Calaveras,9,45235,1890,1876,12,1888,21
2021-02-17,Colusa,11,21464,1856,1854,259,2113,10
2021-02-17,Contra Costa,13,1133247,62108,60723,1104,61827,635
2021-02-17,Del Norte,15,27424,949,920,0,920,2
2021-02-17,El Dorado,17,186661,8989,8847,626,9473,94
2021-02-17,Fresno,19,978130,94658,93555,7794,101349,1307
2021-02-17,Glenn,21,27897,2211,2189,499,2688,14
2021-02-17,Humboldt,23,135768,3069,3006,21,3027,29
2021-02-17,Imperial,25,180216,27010,26726,2611,29337,580
2021-02-17,Inyo,27,18085,1257,1197,1,1198,32
2021-02-17,Kern,29,883053,92076,90454,9877,100331,962
2021-02-17,Kings,31,150075,21907,21617,1032,22649,211
2021-02-17,Lake,33,64148,3119,3057,2,3059,38
2021-02-17,Lassen,35,31185,5079,5052,97,5149,1
2021-02-17,Los Angeles,37,10098052,1161387,1139786,40716,1180502,19213
2021-02-17,Madera,39,155013,15370,15135,806,15941,177
2021-02-17,Marin,41,260295,12994,12881,158,13039,207
2021-02-17,Mariposa,43,17540,375,368,4,372,4
2021-02-17,Mendocino,45,87422,3599,3494,66,3560,39
2021-02-17,Merced,47,269075,27968,27824,853,28677,372
2021-02-17,Modoc,49,8938,335,327,113,440,3
2021-02-17,Mono,51,14174,1166,1180,12,1192,3
2021-02-17,Monterey,53,433212,41467,41014,1692,42706,304
2021-02-17,Napa,55,140530,8925,8865,32,8897,68
2021-02-17,Nevada,57,99092,3913,3822,155,3977,52
2021-02-17,Orange,59,3164182,244678,242716,10345,253061,3626
2021-02-17,Placer,61,380077,20207,19405,1118,20523,230
2021-02-17,Plumas,63,18699,635,623,11,634,4
2021-02-17,Riverside,65,2383286,281164,276289,13943,290232,3491
2021-02-17,Sacramento,67,1510023,93075,91309,1230,92539,1326
2021-02-17,San Benito,69,59416,5695,5661,89,5750,57
2021-02-17,San Bernardino,71,2135413,283890,278461,8477,286938,3020
2021-02-17,San Diego,73,3302833,260827,254177,0,254177,3099
2021-02-17,San Francisco,75,870044,33697,33558,1109,34667,379
2021-02-17,San Joaquin,77,732212,65857,64556,2821,67377,979
2021-02-17,San Luis Obispo,79,281455,19272,18964,562,19526,230
2021-02-17,San Mateo,81,765935,39063,38124,401,38525,282
2021-02-17,Santa Barbara,83,443738,31818,30927,1129,32056,384
2021-02-17,Santa Clara,85,1922200,108316,107949,564,108513,1592
2021-02-17,Santa Cruz,87,273765,15164,14268,825,15093,174
2021-02-17,Shasta,89,179085,10819,10770,1227,11997,139
2021-02-17,Sierra,91,2930,48,47,14,61,0
2021-02-17,Siskiyou,93,43540,1441,1352,237,1589,4
2021-02-17,Solano,95,438530,29504,29288,353,29641,149
2021-02-17,Sonoma,97,501317,27586,27408,182,27590,281
2021-02-17,Stanislaus,99,539301,49733,49050,5412,54462,730
2021-02-17,Sutter,101,95872,8772,8681,83,8764,95
2021-02-17,Tehama,103,63373,4540,4511,510,5021,30
2021-02-17,Trinity,105,12862,348,277,43,320,3
2021-02-17,Tulare,107,460477,47217,46495,8161,54656,726
2021-02-17,Tuolumne,109,53932,3814,3806,30,3836,49
2021-02-17,Ventura,111,848112,76594,76234,2822,79056,646
2021-02-17,Yolo,113,214977,12729,12506,220,12726,182
2021-02-17,Yuba,115,75493,5413,5345,86,5431,38
2021-02-16,Alameda,1,1643700,79499,78756,1768,80524,997
2021-02-16,Alpine,3,1148,79,76,0,76,0
2021-02-16,Amador,5,37829,3431,3413,30,3443,39
2021-02-16,Butte,7,227075,11120,10748,1655,12403,164
2021-02-16,Calaveras,9,45235,1888,1872,12,1884,21
2021-02-16,Colusa,11,21464,1853,1852,257,2109,10
2021-02-16,Contra Costa,13,1133247,61960,60564,1099,61663,631
2021-02-16,Del Norte,15,27424,941,913,0,913,2
2021-02-16,El Dorado,17,186661,8979,8836,625,9461,94
2021-02-16,Fresno,19,978130,94486,93363,7763,101126,1293
2021-02-16,Glenn,21,27897,2202,2189,494,2683,14
2021-02-16,Humboldt,23,135768,3045,2994,21,3015,29
2021-02-16,Imperial,25,180216,26997,26711,2607,29318,580
2021-02-16,Inyo,27,18085,1249,1191,1,1192,32
2021-02-16,Kern,29,883053,91944,90267,9844,100111,959
2021-02-16,Kings,31,150075,21861,21583,1028,22611,206
2021-02-16,Lake,33,64148,3110,3041,2,3043,38
2021-02-16,Lassen,35,31185,5067,5047,97,5144,1
2021-02-16,Los Angeles,37,10098052,1160143,1138262,40652,1178914,19044
2021-02-16,Madera,39,155013,15331,15120,802,15922,172
2021-02-16,Marin,41,260295,12970,12832,158,12990,205
2021-02-16,Mariposa,43,17540,375,367,4,371,4
2021-02-16,Mendocino,45,87422,3595,3489,66,3555,39
2021-02-16,Merced,47,269075,27896,27724,846,28570,368
2021-02-16,Modoc,49,8938,335,326,113,439,3
2021-02-16,Mono,51,14174,1166,1180,12,1192,3
2021-02-16,Monterey,53,433212,41393,40962,1683,42645,303
2021-02-16,Napa,55,140530,8912,8854,32,8886,66
2021-02-16,Nevada,57,99092,3900,3774,154,3928,47
2021-02-16,Orange,59,3164182,244356,242382,10329,252711,3612
2021-02-16,Placer,61,380077,20175,19367,1115,20482,230
2021-02-16,Plumas,63,18699,635,619,11,630,4
2021-02-16,Riverside,65,2383286,280863,275954,13920,289874,3471
2021-02-16,Sacramento,67,1510023,92820,91246,1223,92469,1305
2021-02-16,San Benito,69,59416,5687,5659,88,5747,56
2021-02-16,San Bernardino,71,2135413,283668,277947,8466,286413,2978
2021-02-16,San Diego,73,3302833,260364,253638,0,253638,3042
2021-02-16,San Francisco,75,870044,33627,33491,1104,34595,373
2021-02-16,San Joaquin,77,732212,65737,64448,2817,67265,979
2021-02-16,San Luis Obispo,79,281455,19227,18925,559,19484,229
2021-02-16,San Mateo,81,765935,39004,38041,399,38440,277
2021-02-16,Santa Barbara,83,443738,31745,30865,1125,31990,378
2021-02-16,Santa Clara,85,1922200,108063,107754,561,108315,1591
2021-02-16,Santa Cruz,87,273765,15145,14256,823,15079,174
2021-02-16,Shasta,89,179085,10803,10736,1225,11961,139
2021-02-16,Sierra,91,2930,48,47,14,61,0
2021-02-16,Siskiyou,93,43540,1437,1351,237,1588,4
2021-02-16,Solano,95,438530,29464,29246,352,29598,148
2021-02-16,Sonoma,97,501317,27523,27380,176,27556,279
2021-02-16,Stanislaus,99,539301,49615,48927,5395,54322,716
2021-02-16,Sutter,101,95872,8749,8671,83,8754,95
2021-02-16,Tehama,103,63373,4531,4501,509,5010,30
2021-02-16,Trinity,105,12862,344,275,43,318,3
2021-02-16,Tulare,107,460477,47153,46444,8115,54559,716
2021-02-16,Tuolumne,109,53932,3812,3796,30,3826,49
2021-02-16,Ventura,111,848112,76449,76043,2818,78861,631
2021-02-16,Yolo,113,214977,12698,12457,220,12677,175
2021-02-16,Yuba,115,75493,5406,5332,85,5417,38
2021-02-15,Alameda,1,1643700,79299,78647,1757,80404,996
2021-02-15,Alpine,3,1148,79,76,0,76,0
2021-02-15,Amador,5,37829,3427,3409,30,3439,39
2021-02-15,Butte,7,227075,11102,10723,1651,12374,155
2021-02-15,Calaveras,9,45235,1885,1871,12,1883,21
2021-02-15,Colusa,11,21464,1853,1849,253,2102,10
2021-02-15,Contra Costa,13,1133247,61785,60444,1092,61536,631
2021-02-15,Del Norte,15,27424,937,913,0,913,2
2021-02-15,El Dorado,17,186661,8962,8816,625,9441,94
2021-02-15,Fresno,19,978130,94287,93231,7726,100957,1288
2021-02-15,Glenn,21,27897,2199,2185,491,2676,14
2021-02-15,Humboldt,23,135768,3038,2997,21,3018,29
2021-02-15,Imperial,25,180216,26979,26700,2602,29302,580
2021-02-15,Inyo,27,18085,1230,1184,1,1185,32
2021-02-15,Kern,29,883053,91800,90181,9811,99992,959
2021-02-15,Kings,31,150075,21816,21574,1024,22598,205
2021-02-15,Lake,33,64148,3096,3030,1,3031,38
2021-02-15,Lassen,35,31185,5065,5047,96,5143,1
2021-02-15,Los Angeles,37,10098052,1158755,1137164,40589,1177753,18925
2021-02-15,Madera,39,155013,15300,15108,801,15909,106
2021-02-15,Marin,41,260295,12950,12810,155,12965,203
2021-02-15,Mariposa,43,17540,373,367,4,371,4
2021-02-15,Mendocino,45,87422,3583,3481,66,3547,39
2021-02-15,Merced,47,269075,27821,27656,839,28495,368
2021-02-15,Modoc,49,8938,335,326,113,439,3
2021-02-15,Mono,51,14174,1163,1178,12,1190,3
2021-02-15,Monterey,53,433212,41331,40911,1669,42580,302
2021-02-15,Napa,55,140530,8898,8837,32,8869,57
2021-02-15,Nevada,57,99092,3883,3767,153,3920,47
2021-02-15,Orange,59,3164182,244037,242176,10302,252478,3586
2021-02-15,Placer,61,380077,20148,19361,1114,20475,230
2021-02-15,Plumas,63,18699,635,620,11,631,4
2021-02-15,Riverside,65,2383286,280517,275771,13905,289676,3468
2021-02-15,Sacramento,67,1510023,92493,91091,1218,92309,1304
2021-02-15,San Benito,69,59416,5678,5649,88,5737,56
2021-02-15,San Bernardino,71,2135413,283414,277869,8457,286326,2945
2021-02-15,San Diego,73,3302833,259852,252940,0,252940,3037
2021-02-15,San Francisco,75,870044,33554,33454,1096,34550,373
2021-02-15,San Joaquin,77,732212,65572,64382,2810,67192,979
2021-02-15,San Luis Obispo,79,281455,19174,18891,557,19448,227
2021-02-15,San Mateo,81,765935,38927,37969,396,38365,277
2021-02-15,Santa Barbara,83,443738,31644,30810,1122,31932,378
2021-02-15,Santa Clara,85,1922200,107829,107630,559,108189,1588
2021-02-15,Santa Cruz,87,273765,15113,14239,820,15059,175
2021-02-15,Shasta,89,179085,10783,10730,1220,11950,139
2021-02-15,Sierra,91,2930,48,47,14,61,0
2021-02-15,Siskiyou,93,43540,1429,1345,236,1581,4
2021-02-15,Solano,95,438530,29409,29225,352,29577,148
2021-02-15,Sonoma,97,501317,27436,27359,172,27531,276
2021-02-15,Stanislaus,99,539301,49491,48808,5381,54189,716
2021-02-15,Sutter,101,95872,8734,8652,83,8735,95
2021-02-15,Tehama,103,63373,4520,4492,507,4999,30
2021-02-15,Trinity,105,12862,343,274,43,317,3
2021-02-15,Tulare,107,460477,47080,46344,8074,54418,715
2021-02-15,Tuolumne,109,53932,3802,3794,30,3824,49
2021-02-15,Ventura,111,848112,76293,75889,2815,78704,629
2021-02-15,Yolo,113,214977,12662,12412,213,12625,175
2021-02-15,Yuba,115,75493,5389,5320,84,5404,38
2021-02-14,Alameda,1,1643700,79142,78442,1756,80198,995
2021-02-14,Alpine,3,1148,79,76,0,76,0
2021-02-14,Amador,5,37829,3422,3398,30,3428,39
2021-02-14,Butte,7,227075,11078,10717,1646,12363,155
2021-02-14,Calaveras,9,45235,1882,1866,12,1878,21
2021-02-14,Colusa,11,21464,1849,1845,250,2095,10
2021-02-14,Contra Costa,13,1133247,61637,60272,1089,61361,631
2021-02-14,Del Norte,15,27424,933,911,0,911,2
2021-02-14,El Dorado,17,186661,8933,8790,624,9414,94
2021-02-14,Fresno,19,978130,94123,93065,7701,100766,1287
2021-02-14,Glenn,21,27897,2197,2184,491,2675,14
2021-02-14,Humboldt,23,135768,3025,2992,21,3013,29
2021-02-14,Imperial,25,180216,26971,26696,2601,29297,580
2021-02-14,Inyo,27,18085,1224,1177,1,1178,32
2021-02-14,Kern,29,883053,91642,90038,9756,99794,959
2021-02-14,Kings,31,150075,21790,21538,1022,22560,205
2021-02-14,Lake,33,64148,3087,3030,1,3031,38
2021-02-14,Lassen,35,31185,5061,5037,96,5133,1
2021-02-14,Los Angeles,37,10098052,1157418,1135450,40501,1175951,18898
2021-02-14,Madera,39,155013,15268,15089,797,15886,106
2021-02-14,Marin,41,260295,12926,12784,155,12939,201
2021-02-14,Mariposa,43,17540,373,365,4,369,4
2021-02-14,Mendocino,45,87422,3578,3475,66,3541,39
2021-02-14,Merced,47,269075,27744,27601,833,28434,368
2021-02-14,Modoc,49,8938,335,326,113,439,3
2021-02-14,Mono,51,14174,1162,1180,12,1192,3
2021-02-14,Monterey,53,433212,41282,40842,1665,42507,302
2021-02-14,Napa,55,140530,8878,8826,32,8858,57
2021-02-14,Nevada,57,99092,3867,3761,153,3914,47
2021-02-14,Orange,59,3164182,243731,241859,10281,252140,3564
2021-02-14,Placer,61,380077,20110,19313,1109,20422,230
2021-02-14,Plumas,63,18699,634,620,11,631,4
2021-02-14,Riverside,65,2383286,280203,275518,13884,289402,3471
2021-02-14,Sacramento,67,1510023,92286,90856,1214,92070,1304
2021-02-14,San Benito,69,59416,5670,5641,87,5728,56
2021-02-14,San Bernardino,71,2135413,283096,277664,8438,286102,2929
2021-02-14,San Diego,73,3302833,259360,252247,0,252247,3037
2021-02-14,San Francisco,75,870044,33482,33374,1086,34460,372
2021-02-14,San Joaquin,77,732212,65473,64243,2796,67039,979
2021-02-14,San Luis Obispo,79,281455,19136,18868,554,19422,225
2021-02-14,San Mateo,81,765935,38843,37859,396,38255,277
2021-02-14,Santa Barbara,83,443738,31552,30744,1118,31862,377
2021-02-14,Santa Clara,85,1922200,107629,107412,555,107967,1582
2021-02-14,Santa Cruz,87,273765,15085,14225,815,15040,175
2021-02-14,Shasta,89,179085,10753,10720,1214,11934,139
2021-02-14,Sierra,91,2930,48,47,14,61,0
2021-02-14,Siskiyou,93,43540,1425,1340,236,1576,4
2021-02-14,Solano,95,438530,29371,29150,348,29498,148
2021-02-14,Sonoma,97,501317,27359,27266,170,27436,276
2021-02-14,Stanislaus,99,539301,49385,48672,5365,54037,716
2021-02-14,Sutter,101,95872,8711,8642,83,8725,95
2021-02-14,Tehama,103,63373,4512,4490,505,4995,30
2021-02-14,Trinity,105,12862,343,272,43,315,3
2021-02-14,Tulare,107,460477,47005,46263,8019,54282,715
2021-02-14,Tuolumne,109,53932,3801,3764,30,3794,49
2021-02-14,Ventura,111,848112,76118,75742,2804,78546,629
2021-02-14,Yolo,113,214977,12633,12399,212,12611,175
2021-02-14,Yuba,115,75493,5379,5314,84,5398,38
2021-02-13,Alameda,1,1643700,79024,78246,1753,79999,995
2021-02-13,Alpine,3,1148,79,76,0,76,0
2021-02-13,Amador,5,37829,3419,3387,30,3417,38
2021-02-13,Butte,7,227075,11062,10699,1645,12344,155
2021-02-13,Calaveras,9,45235,1878,1863,12,1875,21
2021-02-13,Colusa,11,21464,1849,1837,250,2087,10
2021-02-13,Contra Costa,13,1133247,61517,60100,1089,61189,629
2021-02-13,Del Norte,15,27424,931,908,0,908,2
2021-02-13,El Dorado,17,186661,8922,8758,623,9381,93
2021-02-13,Fresno,19,978130,94015,92807,7677,100484,1287
2021-02-13,Glenn,21,27897,2196,2182,491,2673,14
2021-02-13,Humboldt,23,135768,3012,2974,20,2994,29
2021-02-13,Imperial,25,180216,26964,26680,2599,29279,580
2021-02-13,Inyo,27,18085,1220,1168,1,1169,32
2021-02-13,Kern,29,883053,91554,89915,9730,99645,957
2021-02-13,Kings,31,150075,21775,21513,1020,22533,205
2021-02-13,Lake,33,64148,3081,3025,1,3026,37
2021-02-13,Lassen,35,31185,5058,5028,96,5124,1
2021-02-13,Los Angeles,37,10098052,1156562,1133752,40451,1174203,18822
2021-02-13,Madera,39,155013,15259,15053,792,15845,106
2021-02-13,Marin,41,260295,12905,12757,155,12912,201
2021-02-13,Mariposa,43,17540,373,365,4,369,4
2021-02-13,Mendocino,45,87422,3568,3466,66,3532,38
2021-02-13,Merced,47,269075,27700,27541,830,28371,368
2021-02-13,Modoc,49,8938,335,325,113,438,3
2021-02-13,Mono,51,14174,1162,1176,12,1188,3
2021-02-13,Monterey,53,433212,41251,40731,1663,42394,301
2021-02-13,Napa,55,140530,8869,8809,32,8841,57
2021-02-13,Nevada,57,99092,3858,3742,152,3894,47
2021-02-13,Orange,59,3164182,243527,241545,10260,251805,3520
2021-02-13,Placer,61,380077,20090,19214,1109,20323,230
2021-02-13,Plumas,63,18699,634,616,11,627,4
2021-02-13,Riverside,65,2383286,279975,275276,13874,289150,3462
2021-02-13,Sacramento,67,1510023,92118,90401,1211,91612,1302
2021-02-13,San Benito,69,59416,5656,5633,87,5720,56
2021-02-13,San Bernardino,71,2135413,282944,277405,8426,285831,2899
2021-02-13,San Diego,73,3302833,259030,251679,0,251679,3009
2021-02-13,San Francisco,75,870044,33433,33291,1075,34366,364
2021-02-13,San Joaquin,77,732212,65405,64105,2786,66891,977
2021-02-13,San Luis Obispo,79,281455,19108,18803,549,19352,225
2021-02-13,San Mateo,81,765935,38790,37745,396,38141,277
2021-02-13,Santa Barbara,83,443738,31501,30594,1116,31710,374
2021-02-13,Santa Clara,85,1922200,107444,107125,551,107676,1570
2021-02-13,Santa Cruz,87,273765,15058,14198,814,15012,173
2021-02-13,Shasta,89,179085,10741,10713,1209,11922,139
2021-02-13,Sierra,91,2930,48,47,14,61,0
2021-02-13,Siskiyou,93,43540,1422,1336,236,1572,4
2021-02-13,Solano,95,438530,29335,29084,348,29432,148
2021-02-13,Sonoma,97,501317,27313,27157,168,27325,276
2021-02-13,Stanislaus,99,539301,49316,48568,5359,53927,697
2021-02-13,Sutter,101,95872,8699,8626,83,8709,94
2021-02-13,Tehama,103,63373,4503,4484,504,4988,30
2021-02-13,Trinity,105,12862,342,272,42,314,3
2021-02-13,Tulare,107,460477,46961,46162,7982,54144,709
2021-02-13,Tuolumne,109,53932,3800,3752,30,3782,49
2021-02-13,Ventura,111,848112,75981,75481,2798,78279,618
2021-02-13,Yolo,113,214977,12621,12374,211,12585,175
2021-02-13,Yuba,115,75493,5371,5289,84,5373,38
2021-02-12,Alameda,1,1643700,78889,77958,1747,79705,974
2021-02-12,Alpine,3,1148,79,76,0,76,0
2021-02-12,Amador,5,37829,3415,3381,30,3411,38
2021-02-12,Butte,7,227075,11047,10655,1638,12293,155
2021-02-12,Calaveras,9,45235,1875,1860,12,1872,21
2021-02-12,Colusa,11,21464,1849,1836,250,2086,10
2021-02-12,Contra Costa,13,1133247,61367,59878,1085,60963,620
2021-02-12,Del Norte,15,27424,921,901,0,901,2
2021-02-12,El Dorado,17,186661,8906,8725,620,9345,92
2021-02-12,Fresno,19,978130,93868,92520,7656,100176,1273
2021-02-12,Glenn,21,27897,2193,2175,491,2666,14
2021-02-12,Humboldt,23,135768,3004,2961,20,2981,29
2021-02-12,Imperial,25,180216,26955,26646,2597,29243,585
2021-02-12,Inyo,27,18085,1214,1156,1,1157,32
2021-02-12,Kern,29,883053,91444,89532,9694,99226,949
2021-02-12,Kings,31,150075,21744,21462,1014,22476,202
2021-02-12,Lake,33,64148,3077,3012,1,3013,36
2021-02-12,Lassen,35,31185,5056,5015,96,5111,1
2021-02-12,Los Angeles,37,10098052,1155359,1131185,40380,1171565,18637
2021-02-12,Madera,39,155013,15232,15022,789,15811,106
2021-02-12,Marin,41,260295,12879,12720,155,12875,200
2021-02-12,Mariposa,43,17540,372,365,4,369,4
2021-02-12,Mendocino,45,87422,3566,3447,66,3513,38
2021-02-12,Merced,47,269075,27649,27453,827,28280,367
2021-02-12,Modoc,49,8938,335,324,113,437,3
2021-02-12,Mono,51,14174,1161,1172,12,1184,3
2021-02-12,Monterey,53,433212,41204,40633,1654,42287,297
2021-02-12,Napa,55,140530,8857,8785,32,8817,55
2021-02-12,Nevada,57,99092,3853,3728,152,3880,47
2021-02-12,Orange,59,3164182,243290,241075,10244,251319,3505
2021-02-12,Placer,61,380077,20050,19174,1104,20278,230
2021-02-12,Plumas,63,18699,633,614,11,625,4
2021-02-12,Riverside,65,2383286,279701,274792,13856,288648,3438
2021-02-12,Sacramento,67,1510023,91914,90252,1210,91462,1295
2021-02-12,San Benito,69,59416,5640,5622,86,5708,56
2021-02-12,San Bernardino,71,2135413,282752,276890,8415,285305,2827
2021-02-12,San Diego,73,3302833,258648,250788,0,250788,2979
2021-02-12,San Francisco,75,870044,33373,33179,1071,34250,359
2021-02-12,San Joaquin,77,732212,65311,63966,2778,66744,975
2021-02-12,San Luis Obispo,79,281455,19067,18687,548,19235,224
2021-02-12,San Mateo,81,765935,38718,37560,396,37956,254
2021-02-12,Santa Barbara,83,443738,31430,30454,1111,31565,372
2021-02-12,Santa Clara,85,1922200,107275,106759,548,107307,1543
2021-02-12,Santa Cruz,87,273765,15038,14147,814,14961,170
2021-02-12,Shasta,89,179085,10723,10693,1199,11892,142
2021-02-12,Sierra,91,2930,47,45,14,59,0
2021-02-12,Siskiyou,93,43540,1418,1324,233,1557,4
2021-02-12,Solano,95,438530,29303,28996,345,29341,147
2021-02-12,Sonoma,97,501317,27257,27064,164,27228,275
2021-02-12,Stanislaus,99,539301,49233,48418,5334,53752,697
2021-02-12,Sutter,101,95872,8685,8609,83,8692,93
2021-02-12,Tehama,103,63373,4495,4470,503,4973,27
2021-02-12,Trinity,105,12862,342,269,42,311,3
2021-02-12,Tulare,107,460477,46883,46016,7955,53971,710
2021-02-12,Tuolumne,109,53932,3798,3736,29,3765,49
2021-02-12,Ventura,111,848112,75814,75210,2790,78000,605
2021-02-12,Yolo,113,214977,12601,12340,211,12551,175
2021-02-12,Yuba,115,75493,5363,5274,84,5358,38
2021-02-11,Alameda,1,1643700,78661,77564,1742,79306,960
2021-02-11,Alpine,3,1148,78,76,0,76,0
2021-02-11,Amador,5,37829,3411,3368,30,3398,35
2021-02-11,Butte,7,227075,11023,10624,1636,12260,155
2021-02-11,Calaveras,9,45235,1872,1856,12,1868,21
2021-02-11,Colusa,11,21464,1844,1823,248,2071,10
2021-02-11,Contra Costa,13,1133247,61200,59633,1081,60714,605
2021-02-11,Del Norte,15,27424,916,894,0,894,2
2021-02-11,El Dorado,17,186661,8885,8698,620,9318,92
2021-02-11,Fresno,19,978130,93714,92168,7629,99797,1255
2021-02-11,Glenn,21,27897,2191,2166,489,2655,14
2021-02-11,Humboldt,23,135768,2991,2954,19,2973,29
2021-02-11,Imperial,25,180216,26932,26545,2595,29140,578
2021-02-11,Inyo,27,18085,1205,1144,1,1145,32
2021-02-11,Kern,29,883053,91257,89224,9647,98871,941
2021-02-11,Kings,31,150075,21714,21373,1011,22384,202
2021-02-11,Lake,33,64148,3067,3002,1,3003,36
2021-02-11,Lassen,35,31185,5045,5004,93,5097,1
2021-02-11,Los Angeles,37,10098052,1153733,1128437,40308,1168745,18500
2021-02-11,Madera,39,155013,15211,14984,787,15771,106
2021-02-11,Marin,41,260295,12842,12682,155,12837,200
2021-02-11,Mariposa,43,17540,372,361,4,365,4
2021-02-11,Mendocino,45,87422,3559,3420,66,3486,38
2021-02-11,Merced,47,269075,27584,27325,823,28148,363
2021-02-11,Modoc,49,8938,334,317,113,430,3
2021-02-11,Mono,51,14174,1157,1173,12,1185,3
2021-02-11,Monterey,53,433212,41096,40469,1647,42116,295
2021-02-11,Napa,55,140530,8836,8777,32,8809,55
2021-02-11,Nevada,57,99092,3837,3720,152,3872,47
2021-02-11,Orange,59,3164182,242926,240590,10220,250810,3476
2021-02-11,Placer,61,380077,20010,19118,1103,20221,224
2021-02-11,Plumas,63,18699,632,592,11,603,4
2021-02-11,Riverside,65,2383286,279336,274313,13841,288154,3394
2021-02-11,Sacramento,67,1510023,91668,89988,1204,91192,1286
2021-02-11,San Benito,69,59416,5631,5609,86,5695,56
2021-02-11,San Bernardino,71,2135413,282435,276349,8401,284750,2774
2021-02-11,San Diego,73,3302833,258097,249971,0,249971,2955
2021-02-11,San Francisco,75,870044,33290,33076,1059,34135,356
2021-02-11,San Joaquin,77,732212,65141,63719,2767,66486,971
2021-02-11,San Luis Obispo,79,281455,19002,18615,544,19159,219
2021-02-11,San Mateo,81,765935,38628,37439,393,37832,253
2021-02-11,Santa Barbara,83,443738,31337,30375,1106,31481,370
2021-02-11,Santa Clara,85,1922200,107019,106392,542,106934,1507
2021-02-11,Santa Cruz,87,273765,15016,14088,808,14896,165
2021-02-11,Shasta,89,179085,10699,10672,1195,11867,140
2021-02-11,Sierra,91,2930,47,45,14,59,0
2021-02-11,Siskiyou,93,43540,1403,1320,233,1553,4
2021-02-11,Solano,95,438530,29251,28885,345,29230,138
2021-02-11,Sonoma,97,501317,27174,26971,161,27132,272
2021-02-11,Stanislaus,99,539301,49089,48205,5323,53528,697
2021-02-11,Sutter,101,95872,8671,8590,82,8672,93
2021-02-11,Tehama,103,63373,4489,4463,503,4966,26
2021-02-11,Trinity,105,12862,342,269,42,311,3
2021-02-11,Tulare,107,460477,46791,45897,7910,53807,706
2021-02-11,Tuolumne,109,53932,3761,3716,29,3745,48
2021-02-11,Ventura,111,848112,75613,74959,2781,77740,590
2021-02-11,Yolo,113,214977,12578,12303,209,12512,173
2021-02-11,Yuba,115,75493,5349,5261,82,5343,38
2021-02-10,Alameda,1,1643700,78456,77344,1740,79084,944
2021-02-10,Alpine,3,1148,78,76,0,76,0
2021-02-10,Amador,5,37829,3399,3348,30,3378,35
2021-02-10,Butte,7,227075,10997,10594,1635,12229,155
2021-02-10,Calaveras,9,45235,1870,1850,12,1862,21
2021-02-10,Colusa,11,21464,1837,1815,246,2061,10
2021-02-10,Contra Costa,13,1133247,61028,59488,1079,60567,590
2021-02-10,Del Norte,15,27424,910,888,0,888,2
2021-02-10,El Dorado,17,186661,8855,8682,616,9298,87
2021-02-10,Fresno,19,978130,93542,91876,7603,99479,1247
2021-02-10,Glenn,21,27897,2189,2160,487,2647,14
2021-02-10,Humboldt,23,135768,2983,2924,19,2943,29
2021-02-10,Imperial,25,180216,26892,26522,2592,29114,578
2021-02-10,Inyo,27,18085,1193,1138,1,1139,30
2021-02-10,Kern,29,883053,91053,88933,9590,98523,926
2021-02-10,Kings,31,150075,21672,21294,1007,22301,197
2021-02-10,Lake,33,64148,3054,2975,1,2976,36
2021-02-10,Lassen,35,31185,5041,4993,93,5086,1
2021-02-10,Los Angeles,37,10098052,1151993,1125437,40174,1165611,18338
2021-02-10,Madera,39,155013,15173,14925,785,15710,105
2021-02-10,Marin,41,260295,12805,12651,155,12806,199
2021-02-10,Mariposa,43,17540,370,360,4,364,4
2021-02-10,Mendocino,45,87422,3544,3395,66,3461,38
2021-02-10,Merced,47,269075,27502,27246,812,28058,359
2021-02-10,Modoc,49,8938,333,315,111,426,3
2021-02-10,Mono,51,14174,1153,1170,12,1182,3
2021-02-10,Monterey,53,433212,41017,40366,1633,41999,288
2021-02-10,Napa,55,140530,8817,8769,32,8801,55
2021-02-10,Nevada,57,99092,3822,3693,150,3843,47
2021-02-10,Orange,59,3164182,242508,239974,10188,250162,3439
2021-02-10,Placer,61,380077,19970,19062,1098,20160,220
2021-02-10,Plumas,63,18699,629,589,11,600,2
2021-02-10,Riverside,65,2383286,278923,273721,13831,287552,3374
2021-02-10,Sacramento,67,1510023,91420,89653,1199,90852,1275
2021-02-10,San Benito,69,59416,5617,5591,86,5677,55
2021-02-10,San Bernardino,71,2135413,282077,275616,8383,283999,2696
2021-02-10,San Diego,73,3302833,257516,248858,0,248858,2904
2021-02-10,San Francisco,75,870044,33208,32955,1056,34011,351
2021-02-10,San Joaquin,77,732212,65000,63484,2753,66237,954
2021-02-10,San Luis Obispo,79,281455,18923,18549,542,19091,216
2021-02-10,San Mateo,81,765935,38538,37323,393,37716,245
2021-02-10,Santa Barbara,83,443738,31248,30216,1101,31317,359
2021-02-10,Santa Clara,85,1922200,106781,106048,539,106587,1489
2021-02-10,Santa Cruz,87,273765,14981,14007,805,14812,165
2021-02-10,Shasta,89,179085,10675,10645,1192,11837,142
2021-02-10,Sierra,91,2930,47,45,14,59,0
2021-02-10,Siskiyou,93,43540,1398,1314,232,1546,4
2021-02-10,Solano,95,438530,29176,28835,343,29178,137
2021-02-10,Sonoma,97,501317,27083,26881,159,27040,271
2021-02-10,Stanislaus,99,539301,48975,48016,5305,53321,696
2021-02-10,Sutter,101,95872,8654,8571,82,8653,93
2021-02-10,Tehama,103,63373,4481,4445,503,4948,23
2021-02-10,Trinity,105,12862,340,268,42,310,3
2021-02-10,Tulare,107,460477,46676,45782,7870,53652,696
2021-02-10,Tuolumne,109,53932,3753,3691,29,3720,48
2021-02-10,Ventura,111,848112,75387,74651,2763,77414,580
2021-02-10,Yolo,113,214977,12552,12276,208,12484,174
2021-02-10,Yuba,115,75493,5331,5241,82,5323,38
2021-02-09,Alameda,1,1643700,78191,77018,1737,78755,936
2021-02-09,Alpine,3,1148,78,76,0,76,0
2021-02-09,Amador,5,37829,3391,3347,30,3377,35
2021-02-09,Butte,7,227075,10970,10563,1633,12196,153
2021-02-09,Calaveras,9,45235,1864,1847,12,1859,21
2021-02-09,Colusa,11,21464,1828,1812,241,2053,10
2021-02-09,Contra Costa,13,1133247,60840,59307,1073,60380,583
2021-02-09,Del Norte,15,27424,904,886,0,886,2
2021-02-09,El Dorado,17,186661,8829,8663,615,9278,87
2021-02-09,Fresno,19,978130,93307,91730,7569,99299,1211
2021-02-09,Glenn,21,27897,2185,2156,486,2642,14
2021-02-09,Humboldt,23,135768,2975,2904,19,2923,29
2021-02-09,Imperial,25,180216,26864,26509,2589,29098,568
2021-02-09,Inyo,27,18085,1185,1137,1,1138,30
2021-02-09,Kern,29,883053,90806,88684,9542,98226,920
2021-02-09,Kings,31,150075,21631,21275,1005,22280,196
2021-02-09,Lake,33,64148,3043,2955,1,2956,36
2021-02-09,Lassen,35,31185,5034,4983,93,5076,1
2021-02-09,Los Angeles,37,10098052,1150031,1122745,40083,1162828,18198
2021-02-09,Madera,39,155013,15153,14912,782,15694,105
2021-02-09,Marin,41,260295,12772,12623,154,12777,197
2021-02-09,Mariposa,43,17540,368,355,4,359,4
2021-02-09,Mendocino,45,87422,3526,3369,66,3435,38
2021-02-09,Merced,47,269075,27404,27166,807,27973,354
2021-02-09,Modoc,49,8938,332,316,111,427,3
2021-02-09,Mono,51,14174,1152,1167,12,1179,3
2021-02-09,Monterey,53,433212,40908,40279,1622,41901,285
2021-02-09,Napa,55,140530,8804,8749,32,8781,55
2021-02-09,Nevada,57,99092,3806,3687,150,3837,44
2021-02-09,Orange,59,3164182,242093,239169,10155,249324,3406
2021-02-09,Placer,61,380077,19907,19008,1090,20098,220
2021-02-09,Plumas,63,18699,629,584,11,595,2
2021-02-09,Riverside,65,2383286,278436,273465,13816,287281,3334
2021-02-09,Sacramento,67,1510023,91110,89378,1196,90574,1265
2021-02-09,San Benito,69,59416,5605,5566,85,5651,54
2021-02-09,San Bernardino,71,2135413,281703,274998,8369,283367,2613
2021-02-09,San Diego,73,3302833,256860,248048,0,248048,2853
2021-02-09,San Francisco,75,870044,33129,32782,1046,33828,349
2021-02-09,San Joaquin,77,732212,64826,63341,2748,66089,937
2021-02-09,San Luis Obispo,79,281455,18864,18489,541,19030,216
2021-02-09,San Mateo,81,765935,38408,37227,392,37619,235
2021-02-09,Santa Barbara,83,443738,31138,30118,1094,31212,351
2021-02-09,Santa Clara,85,1922200,106474,105762,536,106298,1463
2021-02-09,Santa Cruz,87,273765,14931,13958,800,14758,162
2021-02-09,Shasta,89,179085,10649,10595,1190,11785,139
2021-02-09,Sierra,91,2930,47,44,14,58,0
2021-02-09,Siskiyou,93,43540,1391,1306,229,1535,4
2021-02-09,Solano,95,438530,29100,28769,339,29108,131
2021-02-09,Sonoma,97,501317,26991,26826,157,26983,267
2021-02-09,Stanislaus,99,539301,48814,47906,5289,53195,679
2021-02-09,Sutter,101,95872,8637,8541,82,8623,92
2021-02-09,Tehama,103,63373,4474,4416,501,4917,22
2021-02-09,Trinity,105,12862,340,266,42,308,3
2021-02-09,Tulare,107,460477,46546,45704,7811,53515,686
2021-02-09,Tuolumne,109,53932,3733,3673,29,3702,48
2021-02-09,Ventura,111,848112,75137,74333,2755,77088,567
2021-02-09,Yolo,113,214977,12509,12220,207,12427,174
2021-02-09,Yuba,115,75493,5322,5235,82,5317,35
2021-02-08,Alameda,1,1643700,77923,76735,1732,78467,924
2021-02-08,Alpine,3,1148,78,73,0,73,0
2021-02-08,Amador,5,37829,3384,3344,29,3373,33
2021-02-08,Butte,7,227075,10947,10524,1630,12154,152
2021-02-08,Calaveras,9,45235,1859,1840,12,1852,21
2021-02-08,Colusa,11,21464,1820,1802,237,2039,10
2021-02-08,Contra Costa,13,1133247,60632,59039,1071,60110,567
2021-02-08,Del Norte,15,27424,901,885,0,885,2
2021-02-08,El Dorado,17,186661,8798,8627,613,9240,86
2021-02-08,Fresno,19,978130,93094,91430,7541,98971,1207
2021-02-08,Glenn,21,27897,2178,2148,484,2632,14
2021-02-08,Humboldt,23,135768,2967,2902,19,2921,29
2021-02-08,Imperial,25,180216,26845,26526,2587,29113,567
2021-02-08,Inyo,27,18085,1172,1126,1,1127,30
2021-02-08,Kern,29,883053,90591,88380,9483,97863,920
2021-02-08,Kings,31,150075,21569,21232,1002,22234,195
2021-02-08,Lake,33,64148,3024,2949,1,2950,36
2021-02-08,Lassen,35,31185,5021,4976,93,5069,1
2021-02-08,Los Angeles,37,10098052,1147943,1120179,39960,1160139,17977
2021-02-08,Madera,39,155013,15117,14887,775,15662,93
2021-02-08,Marin,41,260295,12743,12591,154,12745,194
2021-02-08,Mariposa,43,17540,368,355,4,359,4
2021-02-08,Mendocino,45,87422,3512,3355,66,3421,38
2021-02-08,Merced,47,269075,27320,27082,802,27884,346
2021-02-08,Modoc,49,8938,330,318,111,429,3
2021-02-08,Mono,51,14174,1152,1165,12,1177,3
2021-02-08,Monterey,53,433212,40785,40186,1603,41789,283
2021-02-08,Napa,55,140530,8789,8719,32,8751,55
2021-02-08,Nevada,57,99092,3794,3671,150,3821,44
2021-02-08,Orange,59,3164182,241625,238715,10131,248846,3361
2021-02-08,Placer,61,380077,19864,18944,1083,20027,211
2021-02-08,Plumas,63,18699,628,584,11,595,2
2021-02-08,Riverside,65,2383286,277877,272904,13792,286696,3301
2021-02-08,Sacramento,67,1510023,90822,89267,1193,90460,1247
2021-02-08,San Benito,69,59416,5600,5553,84,5637,52
2021-02-08,San Bernardino,71,2135413,281302,274661,8363,283024,2587
2021-02-08,San Diego,73,3302833,256118,247259,0,247259,2821
2021-02-08,San Francisco,75,870044,33034,32679,1038,33717,348
2021-02-08,San Joaquin,77,732212,64665,63148,2738,65886,929
2021-02-08,San Luis Obispo,79,281455,18807,18421,536,18957,214
2021-02-08,San Mateo,81,765935,38299,37084,392,37476,232
2021-02-08,Santa Barbara,83,443738,31025,29978,1087,31065,340
2021-02-08,Santa Clara,85,1922200,106149,105413,528,105941,1456
2021-02-08,Santa Cruz,87,273765,14892,13921,793,14714,161
2021-02-08,Shasta,89,179085,10623,10574,1184,11758,137
2021-02-08,Sierra,91,2930,47,44,14,58,0
2021-02-08,Siskiyou,93,43540,1388,1303,229,1532,4
2021-02-08,Solano,95,438530,29037,28644,337,28981,130
2021-02-08,Sonoma,97,501317,26903,26760,156,26916,259
2021-02-08,Stanislaus,99,539301,48662,47704,5260,52964,679
2021-02-08,Sutter,101,95872,8618,8526,82,8608,92
2021-02-08,Tehama,103,63373,4459,4403,499,4902,22
2021-02-08,Trinity,105,12862,338,266,42,308,3
2021-02-08,Tulare,107,460477,46440,45617,7770,53387,673
2021-02-08,Tuolumne,109,53932,3725,3647,29,3676,48
2021-02-08,Ventura,111,848112,74880,74068,2749,76817,565
2021-02-08,Yolo,113,214977,12477,12169,206,12375,162
2021-02-08,Yuba,115,75493,5306,5215,82,5297,35
2021-02-07,Alameda,1,1643700,77620,76500,1723,78223,924
2021-02-07,Alpine,3,1148,75,72,0,72,0
2021-02-07,Amador,5,37829,3363,3343,29,3372,33
2021-02-07,Butte,7,227075,10914,10513,1620,12133,152
2021-02-07,Calaveras,9,45235,1851,1837,12,1849,21
2021-02-07,Colusa,11,21464,1809,1795,235,2030,10
2021-02-07,Contra Costa,13,1133247,60396,58836,1065,59901,566
2021-02-07,Del Norte,15,27424,897,881,0,881,2
2021-02-07,El Dorado,17,186661,8769,8596,611,9207,86
2021-02-07,Fresno,19,978130,92870,91184,7501,98685,1207
2021-02-07,Glenn,21,27897,2174,2141,480,2621,14
2021-02-07,Humboldt,23,135768,2946,2895,19,2914,28
2021-02-07,Imperial,25,180216,26819,26518,2580,29098,567
2021-02-07,Inyo,27,18085,1161,1124,1,1125,27
2021-02-07,Kern,29,883053,90346,88146,9426,97572,920
2021-02-07,Kings,31,150075,21509,21180,999,22179,192
2021-02-07,Lake,33,64148,3008,2940,1,2941,36
2021-02-07,Lassen,35,31185,5010,4973,93,5066,1
2021-02-07,Los Angeles,37,10098052,1145198,1117551,39828,1157379,17889
2021-02-07,Madera,39,155013,15083,14850,771,15621,93
2021-02-07,Marin,41,260295,12709,12571,152,12723,194
2021-02-07,Mariposa,43,17540,367,355,4,359,4
2021-02-07,Mendocino,45,87422,3495,3348,66,3414,38
2021-02-07,Merced,47,269075,27209,26977,790,27767,346
2021-02-07,Modoc,49,8938,330,317,107,424,3
2021-02-07,Mono,51,14174,1149,1165,12,1177,3
2021-02-07,Monterey,53,433212,40649,40113,1582,41695,283
2021-02-07,Napa,55,140530,8766,8701,32,8733,55
2021-02-07,Nevada,57,99092,3783,3643,150,3793,44
2021-02-07,Orange,59,3164182,241027,238155,10099,248254,3336
2021-02-07,Placer,61,380077,19816,18903,1070,19973,211
2021-02-07,Plumas,63,18699,628,584,11,595,2
2021-02-07,Riverside,65,2383286,277365,272301,13770,286071,3267
2021-02-07,Sacramento,67,1510023,90489,88919,1184,90103,1246
2021-02-07,San Benito,69,59416,5581,5548,83,5631,52
2021-02-07,San Bernardino,71,2135413,280717,274316,8340,282656,2587
2021-02-07,San Diego,73,3302833,255332,246561,0,246561,2821
2021-02-07,San Francisco,75,870044,32914,32609,1026,33635,348
2021-02-07,San Joaquin,77,732212,64394,63051,2722,65773,929
2021-02-07,San Luis Obispo,79,281455,18735,18349,529,18878,214
2021-02-07,San Mateo,81,765935,38165,36984,390,37374,232
2021-02-07,Santa Barbara,83,443738,30889,29815,1076,30891,340
2021-02-07,Santa Clara,85,1922200,105809,105118,518,105636,1450
2021-02-07,Santa Cruz,87,273765,14838,13887,789,14676,161
2021-02-07,Shasta,89,179085,10603,10570,1176,11746,137
2021-02-07,Sierra,91,2930,47,43,14,57,0
2021-02-07,Siskiyou,93,43540,1381,1295,227,1522,4
2021-02-07,Solano,95,438530,28927,28567,336,28903,130
2021-02-07,Sonoma,97,501317,26798,26684,152,26836,257
2021-02-07,Stanislaus,99,539301,48471,47551,5228,52779,679
2021-02-07,Sutter,101,95872,8591,8515,82,8597,92
2021-02-07,Tehama,103,63373,4445,4396,497,4893,22
2021-02-07,Trinity,105,12862,335,264,40,304,3
2021-02-07,Tulare,107,460477,46319,45520,7690,53210,671
2021-02-07,Tuolumne,109,53932,3701,3619,28,3647,48
2021-02-07,Ventura,111,848112,74572,73759,2736,76495,561
2021-02-07,Yolo,113,214977,12432,12135,206,12341,162
2021-02-07,Yuba,115,75493,5291,5198,80,5278,35
2021-02-06,Alameda,1,1643700,77462,76170,1712,77882,922
2021-02-06,Alpine,3,1148,75,72,0,72,0
2021-02-06,Amador,5,37829,3357,3306,29,3335,33
2021-02-06,Butte,7,227075,10897,10480,1616,12096,150
2021-02-06,Calaveras,9,45235,1849,1832,12,1844,21
2021-02-06,Colusa,11,21464,1807,1791,234,2025,10
2021-02-06,Contra Costa,13,1133247,60250,58567,1059,59626,566
2021-02-06,Del Norte,15,27424,893,879,0,879,2
2021-02-06,El Dorado,17,186661,8762,8575,607,9182,86
2021-02-06,Fresno,19,978130,92760,90944,7479,98423,1207
2021-02-06,Glenn,21,27897,2173,2136,478,2614,14
2021-02-06,Humboldt,23,135768,2935,2880,19,2899,28
2021-02-06,Imperial,25,180216,26809,26514,2579,29093,567
2021-02-06,Inyo,27,18085,1158,1113,1,1114,27
2021-02-06,Kern,29,883053,90195,87919,9379,97298,912
2021-02-06,Kings,31,150075,21479,21156,999,22155,190
2021-02-06,Lake,33,64148,3003,2920,1,2921,34
2021-02-06,Lassen,35,31185,5006,4964,92,5056,1
2021-02-06,Los Angeles,37,10098052,1143849,1114718,39727,1154445,17793
2021-02-06,Madera,39,155013,15062,14807,769,15576,93
2021-02-06,Marin,41,260295,12690,12531,151,12682,194
2021-02-06,Mariposa,43,17540,366,355,3,358,4
2021-02-06,Mendocino,45,87422,3477,3316,65,3381,38
2021-02-06,Merced,47,269075,27124,26881,782,27663,346
2021-02-06,Modoc,49,8938,330,313,107,420,3
2021-02-06,Mono,51,14174,1148,1159,12,1171,3
2021-02-06,Monterey,53,433212,40593,39995,1574,41569,282
2021-02-06,Napa,55,140530,8753,8639,32,8671,55
2021-02-06,Nevada,57,99092,3771,3624,150,3774,43
2021-02-06,Orange,59,3164182,240666,237391,10063,247454,3293
2021-02-06,Placer,61,380077,19779,18836,1067,19903,211
2021-02-06,Plumas,63,18699,628,584,11,595,2
2021-02-06,Riverside,65,2383286,277006,271741,13750,285491,3243
2021-02-06,Sacramento,67,1510023,90271,88532,1175,89707,1237
2021-02-06,San Benito,69,59416,5563,5516,83,5599,52
2021-02-06,San Bernardino,71,2135413,280413,273718,8317,282035,2564
2021-02-06,San Diego,73,3302833,254836,245331,0,245331,2812
2021-02-06,San Francisco,75,870044,32842,32437,1015,33452,346
2021-02-06,San Joaquin,77,732212,64317,62840,2709,65549,906
2021-02-06,San Luis Obispo,79,281455,18693,18284,525,18809,214
2021-02-06,San Mateo,81,765935,38097,36824,387,37211,232
2021-02-06,Santa Barbara,83,443738,30814,29645,1074,30719,337
2021-02-06,Santa Clara,85,1922200,105588,104639,513,105152,1439
2021-02-06,Santa Cruz,87,273765,14807,13845,785,14630,161
2021-02-06,Shasta,89,179085,10592,10561,1174,11735,137
2021-02-06,Sierra,91,2930,47,43,14,57,0
2021-02-06,Siskiyou,93,43540,1378,1289,226,1515,4
2021-02-06,Solano,95,438530,28891,28446,335,28781,129
2021-02-06,Sonoma,97,501317,26762,26564,150,26714,257
2021-02-06,Stanislaus,99,539301,48373,47325,5212,52537,679
2021-02-06,Sutter,101,95872,8583,8485,82,8567,92
2021-02-06,Tehama,103,63373,4438,4380,495,4875,22
2021-02-06,Trinity,105,12862,335,263,40,303,3
2021-02-06,Tulare,107,460477,46254,45349,7640,52989,664
2021-02-06,Tuolumne,109,53932,3694,3612,28,3640,48
2021-02-06,Ventura,111,848112,74392,73431,2730,76161,552
2021-02-06,Yolo,113,214977,12409,12061,206,12267,161
2021-02-06,Yuba,115,75493,5281,5177,79,5256,35
2021-02-05,Alameda,1,1643700,77236,75716,1709,77425,916
2021-02-05,Alpine,3,1148,75,72,0,72,0
2021-02-05,Amador,5,37829,3352,3299,28,3327,33
2021-02-05,Butte,7,227075,10879,10421,1610,12031,150
2021-02-05,Calaveras,9,45235,1844,1818,12,1830,21
2021-02-05,Colusa,11,21464,1803,1785,234,2019,10
2021-02-05,Contra Costa,13,1133247,60089,58195,1057,59252,560
2021-02-05,Del Norte,15,27424,892,874,0,874,2
2021-02-05,El Dorado,17,186661,8742,8527,605,9132,86
2021-02-05,Fresno,19,978130,92556,90513,7458,97971,1194
2021-02-05,Glenn,21,27897,2167,2122,473,2595,14
2021-02-05,Humboldt,23,135768,2925,2857,19,2876,28
2021-02-05,Imperial,25,180216,26790,26474,2579,29053,557
2021-02-05,Inyo,27,18085,1154,1104,1,1105,27
2021-02-05,Kern,29,883053,90027,87470,9311,96781,906
2021-02-05,Kings,31,150075,21442,21021,995,22016,190
2021-02-05,Lake,33,64148,2991,2906,1,2907,33
2021-02-05,Lassen,35,31185,5002,4936,92,5028,1
2021-02-05,Los Angeles,37,10098052,1141759,1110384,39585,1149969,17608
2021-02-05,Madera,39,155013,15028,14752,764,15516,95
2021-02-05,Marin,41,260295,12655,12479,151,12630,193
2021-02-05,Mariposa,43,17540,366,352,3,355,4
2021-02-05,Mendocino,45,87422,3463,3272,65,3337,38
2021-02-05,Merced,47,269075,27064,26760,781,27541,345
2021-02-05,Modoc,49,8938,330,312,107,419,3
2021-02-05,Mono,51,14174,1147,1157,12,1169,3
2021-02-05,Monterey,53,433212,40529,39840,1563,41403,281
2021-02-05,Napa,55,140530,8739,8598,32,8630,55
2021-02-05,Nevada,57,99092,3768,3607,150,3757,43
2021-02-05,Orange,59,3164182,240244,236335,10034,246369,3260
2021-02-05,Placer,61,380077,19744,18756,1065,19821,211
2021-02-05,Plumas,63,18699,626,578,11,589,2
2021-02-05,Riverside,65,2383286,276600,270666,13731,284397,3235
2021-02-05,Sacramento,67,1510023,90092,87992,1168,89160,1231
2021-02-05,San Benito,69,59416,5552,5502,83,5585,51
2021-02-05,San Bernardino,71,2135413,280075,272938,8300,281238,2495
2021-02-05,San Diego,73,3302833,254260,244066,0,244066,2777
2021-02-05,San Francisco,75,870044,32753,32229,1003,33232,337
2021-02-05,San Joaquin,77,732212,64169,62565,2701,65266,902
2021-02-05,San Luis Obispo,79,281455,18632,18152,521,18673,213
2021-02-05,San Mateo,81,765935,38012,36582,386,36968,227
2021-02-05,Santa Barbara,83,443738,30721,29455,1059,30514,334
2021-02-05,Santa Clara,85,1922200,105339,104112,511,104623,1421
2021-02-05,Santa Cruz,87,273765,14786,13776,783,14559,161
2021-02-05,Shasta,89,179085,10576,10507,1167,11674,136
2021-02-05,Sierra,91,2930,47,42,14,56,0
2021-02-05,Siskiyou,93,43540,1371,1276,224,1500,4
2021-02-05,Solano,95,438530,28841,28283,335,28618,127
2021-02-05,Sonoma,97,501317,26694,26423,147,26570,252
2021-02-05,Stanislaus,99,539301,48231,47024,5194,52218,678
2021-02-05,Sutter,101,95872,8563,8443,82,8525,92
2021-02-05,Tehama,103,63373,4430,4355,495,4850,22
2021-02-05,Trinity,105,12862,334,260,40,300,3
2021-02-05,Tulare,107,460477,46178,45138,7590,52728,663
2021-02-05,Tuolumne,109,53932,3668,3595,28,3623,45
2021-02-05,Ventura,111,848112,74147,72953,2719,75672,546
2021-02-05,Yolo,113,214977,12390,12025,201,12226,162
2021-02-05,Yuba,115,75493,5264,5145,79,5224,35
2021-02-04,Alameda,1,1643700,76951,75422,1703,77125,899
2021-02-04,Alpine,3,1148,74,72,0,72,0
2021-02-04,Amador,5,37829,3349,3288,28,3316,33
2021-02-04,Butte,7,227075,10847,10386,1600,11986,147
2021-02-04,Calaveras,9,45235,1844,1808,12,1820,21
2021-02-04,Colusa,11,21464,1799,1777,232,2009,10
2021-02-04,Contra Costa,13,1133247,59899,57991,1053,59044,550
2021-02-04,Del Norte,15,27424,886,870,0,870,2
2021-02-04,El Dorado,17,186661,8716,8490,602,9092,86
2021-02-04,Fresno,19,978130,92343,90126,7430,97556,1114
2021-02-04,Glenn,21,27897,2163,2102,473,2575,14
2021-02-04,Humboldt,23,135768,2915,2827,19,2846,28
2021-02-04,Imperial,25,180216,26744,26411,2576,28987,556
2021-02-04,Inyo,27,18085,1142,1084,1,1085,27
2021-02-04,Kern,29,883053,89755,87156,9232,96388,898
2021-02-04,Kings,31,150075,21392,20918,987,21905,187
2021-02-04,Lake,33,64148,2979,2882,1,2883,34
2021-02-04,Lassen,35,31185,4999,4927,92,5019,1
2021-02-04,Los Angeles,37,10098052,1138972,1106323,39454,1145777,17396
2021-02-04,Madera,39,155013,14999,14706,760,15466,95
2021-02-04,Marin,41,260295,12619,12431,151,12582,192
2021-02-04,Mariposa,43,17540,366,348,3,351,4
2021-02-04,Mendocino,45,87422,3445,3240,63,3303,38
2021-02-04,Merced,47,269075,26971,26629,778,27407,345
2021-02-04,Modoc,49,8938,330,309,107,416,3
2021-02-04,Mono,51,14174,1145,1153,12,1165,3
2021-02-04,Monterey,53,433212,40421,39619,1545,41164,279
2021-02-04,Napa,55,140530,8710,8573,32,8605,55
2021-02-04,Nevada,57,99092,3748,3590,149,3739,37
2021-02-04,Orange,59,3164182,239602,235677,9992,245669,3238
2021-02-04,Placer,61,380077,19684,18711,1056,19767,210
2021-02-04,Plumas,63,18699,623,562,11,573,2
2021-02-04,Riverside,65,2383286,275861,269851,13691,283542,3230
2021-02-04,Sacramento,67,1510023,89789,87658,1156,88814,1222
2021-02-04,San Benito,69,59416,5538,5488,82,5570,51
2021-02-04,San Bernardino,71,2135413,279527,272223,8280,280503,2409
2021-02-04,San Diego,73,3302833,253472,242613,0,242613,2738
2021-02-04,San Francisco,75,870044,32640,32116,994,33110,326
2021-02-04,San Joaquin,77,732212,63943,62374,2693,65067,883
2021-02-04,San Luis Obispo,79,281455,18566,18058,518,18576,211
2021-02-04,San Mateo,81,765935,37892,36437,383,36820,226
2021-02-04,Santa Barbara,83,443738,30589,29344,1041,30385,322
2021-02-04,Santa Clara,85,1922200,104990,103781,508,104289,1404
2021-02-04,Santa Cruz,87,273765,14753,13713,775,14488,156
2021-02-04,Shasta,89,179085,10549,10466,1162,11628,131
2021-02-04,Sierra,91,2930,47,42,14,56,0
2021-02-04,Siskiyou,93,43540,1362,1273,224,1497,4
2021-02-04,Solano,95,438530,28738,28192,334,28526,120
2021-02-04,Sonoma,97,501317,26612,26276,143,26419,249
2021-02-04,Stanislaus,99,539301,48070,46822,5172,51994,678
2021-02-04,Sutter,101,95872,8543,8401,82,8483,92
2021-02-04,Tehama,103,63373,4414,4327,495,4822,21
2021-02-04,Trinity,105,12862,333,260,39,299,3
2021-02-04,Tulare,107,460477,46054,44983,7523,52506,656
2021-02-04,Tuolumne,109,53932,3628,3585,28,3613,45
2021-02-04,Ventura,111,848112,73815,72595,2706,75301,537
2021-02-04,Yolo,113,214977,12356,11982,200,12182,161
2021-02-04,Yuba,115,75493,5238,5135,79,5214,34
2021-02-03,Alameda,1,1643700,76617,74968,1699,76667,880
2021-02-03,Alpine,3,1148,74,72,0,72,0
2021-02-03,Amador,5,37829,3345,3281,28,3309,33
2021-02-03,Butte,7,227075,10811,10355,1593,11948,144
2021-02-03,Calaveras,9,45235,1834,1799,11,1810,21
2021-02-03,Colusa,11,21464,1794,1773,231,2004,10
2021-02-03,Contra Costa,13,1133247,59659,57762,1041,58803,537
2021-02-03,Del Norte,15,27424,881,869,0,869,2
2021-02-03,El Dorado,17,186661,8696,8428,601,9029,86
2021-02-03,Fresno,19,978130,92126,89748,7390,97138,1015
2021-02-03,Glenn,21,27897,2154,2098,471,2569,14
2021-02-03,Humboldt,23,135768,2905,2800,19,2819,27
2021-02-03,Imperial,25,180216,26710,26363,2570,28933,547
2021-02-03,Inyo,27,18085,1132,1071,1,1072,27
2021-02-03,Kern,29,883053,89513,86771,9191,95962,877
2021-02-03,Kings,31,150075,21333,20831,983,21814,172
2021-02-03,Lake,33,64148,2962,2869,1,2870,33
2021-02-03,Lassen,35,31185,4988,4910,92,5002,1
2021-02-03,Los Angeles,37,10098052,1135907,1101890,39321,1141211,17163
2021-02-03,Madera,39,155013,14961,14605,758,15363,94
2021-02-03,Marin,41,260295,12585,12406,151,12557,190
2021-02-03,Mariposa,43,17540,365,347,3,350,4
2021-02-03,Mendocino,45,87422,3419,3236,62,3298,38
2021-02-03,Merced,47,269075,26855,26520,773,27293,343
2021-02-03,Modoc,49,8938,329,308,107,415,3
2021-02-03,Mono,51,14174,1138,1146,12,1158,3
2021-02-03,Monterey,53,433212,40293,39500,1527,41027,279
2021-02-03,Napa,55,140530,8675,8534,32,8566,54
2021-02-03,Nevada,57,99092,3734,3572,149,3721,35
2021-02-03,Orange,59,3164182,238859,234738,9960,244698,3189
2021-02-03,Placer,61,380077,19628,18646,1054,19700,210
2021-02-03,Plumas,63,18699,623,559,11,570,2
2021-02-03,Riverside,65,2383286,275137,269019,13659,282678,3195
2021-02-03,Sacramento,67,1510023,89466,87415,1151,88566,1212
2021-02-03,San Benito,69,59416,5520,5463,79,5542,51
2021-02-03,San Bernardino,71,2135413,279046,271477,8255,279732,2308
2021-02-03,San Diego,73,3302833,252571,241015,0,241015,2683
2021-02-03,San Francisco,75,870044,32510,31983,989,32972,325
2021-02-03,San Joaquin,77,732212,63718,61976,2682,64658,880
2021-02-03,San Luis Obispo,79,281455,18489,17922,515,18437,206
2021-02-03,San Mateo,81,765935,37754,36227,379,36606,225
2021-02-03,Santa Barbara,83,443738,30443,29121,1031,30152,315
2021-02-03,Santa Clara,85,1922200,104675,103278,504,103782,1364
2021-02-03,Santa Cruz,87,273765,14699,13611,767,14378,154
2021-02-03,Shasta,89,179085,10506,10422,1157,11579,130
2021-02-03,Sierra,91,2930,47,42,14,56,0
2021-02-03,Siskiyou,93,43540,1351,1268,223,1491,4
2021-02-03,Solano,95,438530,28616,28057,334,28391,119
2021-02-03,Sonoma,97,501317,26529,26155,142,26297,248
2021-02-03,Stanislaus,99,539301,47896,46598,5152,51750,662
2021-02-03,Sutter,101,95872,8518,8379,82,8461,90
2021-02-03,Tehama,103,63373,4392,4309,492,4801,21
2021-02-03,Trinity,105,12862,333,260,38,298,3
2021-02-03,Tulare,107,460477,45887,44838,7463,52301,640
2021-02-03,Tuolumne,109,53932,3617,3568,28,3596,45
2021-02-03,Ventura,111,848112,73479,72124,2695,74819,526
2021-02-03,Yolo,113,214977,12332,11933,199,12132,161
2021-02-03,Yuba,115,75493,5220,5124,79,5203,34
2021-02-02,Alameda,1,1643700,76272,74642,1684,76326,869
2021-02-02,Alpine,3,1148,74,72,0,72,0
2021-02-02,Amador,5,37829,3314,3275,28,3303,33
2021-02-02,Butte,7,227075,10784,10307,1585,11892,141
2021-02-02,Calaveras,9,45235,1826,1786,11,1797,21
2021-02-02,Colusa,11,21464,1786,1769,226,1995,9
2021-02-02,Contra Costa,13,1133247,59380,57551,1036,58587,536
2021-02-02,Del Norte,15,27424,875,868,0,868,2
2021-02-02,El Dorado,17,186661,8656,8405,601,9006,84
2021-02-02,Fresno,19,978130,91824,89542,7355,96897,1009
2021-02-02,Glenn,21,27897,2143,2090,467,2557,14
2021-02-02,Humboldt,23,135768,2894,2784,19,2803,25
2021-02-02,Imperial,25,180216,26659,26317,2565,28882,535
2021-02-02,Inyo,27,18085,1129,1074,1,1075,27
2021-02-02,Kern,29,883053,89212,86485,9114,95599,867
2021-02-02,Kings,31,150075,21256,20785,974,21759,172
2021-02-02,Lake,33,64148,2942,2857,1,2858,33
2021-02-02,Lassen,35,31185,4981,4908,92,5000,1
2021-02-02,Los Angeles,37,10098052,1132538,1097573,39151,1136724,16913
2021-02-02,Madera,39,155013,14911,14595,753,15348,94
2021-02-02,Marin,41,260295,12556,12367,151,12518,189
2021-02-02,Mariposa,43,17540,362,345,3,348,4
2021-02-02,Mendocino,45,87422,3386,3210,62,3272,38
2021-02-02,Merced,47,269075,26759,26427,765,27192,340
2021-02-02,Modoc,49,8938,324,306,107,413,3
2021-02-02,Mono,51,14174,1136,1147,12,1159,3
2021-02-02,Monterey,53,433212,40158,39371,1513,40884,278
2021-02-02,Napa,55,140530,8646,8505,32,8537,53
2021-02-02,Nevada,57,99092,3719,3548,149,3697,20
2021-02-02,Orange,59,3164182,238061,233783,9924,243707,3152
2021-02-02,Placer,61,380077,19569,18615,1050,19665,205
2021-02-02,Plumas,63,18699,623,560,11,571,2
2021-02-02,Riverside,65,2383286,274301,267901,13625,281526,3169
2021-02-02,Sacramento,67,1510023,89174,87107,1140,88247,1202
2021-02-02,San Benito,69,59416,5506,5444,78,5522,50
2021-02-02,San Bernardino,71,2135413,278374,270486,8223,278709,2244
2021-02-02,San Diego,73,3302833,251534,240047,0,240047,2629
2021-02-02,San Francisco,75,870044,32354,31788,978,32766,324
2021-02-02,San Joaquin,77,732212,63499,61708,2667,64375,878
2021-02-02,San Luis Obispo,79,281455,18395,17811,513,18324,201
2021-02-02,San Mateo,81,765935,37590,36004,373,36377,225
2021-02-02,Santa Barbara,83,443738,30274,28951,1024,29975,304
2021-02-02,Santa Clara,85,1922200,104212,102872,499,103371,1349
2021-02-02,Santa Cruz,87,273765,14640,13572,763,14335,150
2021-02-02,Shasta,89,179085,10481,10371,1145,11516,128
2021-02-02,Sierra,91,2930,47,42,14,56,0
2021-02-02,Siskiyou,93,43540,1344,1252,220,1472,4
2021-02-02,Solano,95,438530,28520,27963,330,28293,118
2021-02-02,Sonoma,97,501317,26412,26054,142,26196,247
2021-02-02,Stanislaus,99,539301,47677,46306,5121,51427,641
2021-02-02,Sutter,101,95872,8495,8340,82,8422,89
2021-02-02,Tehama,103,63373,4379,4289,490,4779,21
2021-02-02,Trinity,105,12862,333,260,38,298,3
2021-02-02,Tulare,107,460477,45733,44720,7395,52115,625
2021-02-02,Tuolumne,109,53932,3605,3548,28,3576,39
2021-02-02,Ventura,111,848112,73061,71557,2685,74242,514
2021-02-02,Yolo,113,214977,12285,11886,192,12078,158
2021-02-02,Yuba,115,75493,5202,5111,79,5190,34
2021-02-01,Alameda,1,1643700,75917,74374,1678,76052,858
2021-02-01,Alpine,3,1148,74,72,0,72,0
2021-02-01,Amador,5,37829,3303,3234,28,3262,32
2021-02-01,Butte,7,227075,10742,10263,1581,11844,141
2021-02-01,Calaveras,9,45235,1807,1785,11,1796,21
2021-02-01,Colusa,11,21464,1781,1763,217,1980,9
2021-02-01,Contra Costa,13,1133247,59135,57324,1035,58359,531
2021-02-01,Del Norte,15,27424,872,865,0,865,2
2021-02-01,El Dorado,17,186661,8617,8337,601,8938,83
2021-02-01,Fresno,19,978130,91495,89272,7317,96589,994
2021-02-01,Glenn,21,27897,2128,2086,459,2545,14
2021-02-01,Humboldt,23,135768,2872,2773,18,2791,25
2021-02-01,Imperial,25,180216,26616,26224,2563,28787,530
2021-02-01,Inyo,27,18085,1119,1072,1,1073,27
2021-02-01,Kern,29,883053,88817,86170,9044,95214,862
2021-02-01,Kings,31,150075,21166,20746,965,21711,172
2021-02-01,Lake,33,64148,2926,2843,1,2844,33
2021-02-01,Lassen,35,31185,4961,4907,92,4999,1
2021-02-01,Los Angeles,37,10098052,1128732,1094341,38973,1133314,16695
2021-02-01,Madera,39,155013,14876,14572,750,15322,94
2021-02-01,Marin,41,260295,12518,12341,150,12491,188
2021-02-01,Mariposa,43,17540,360,344,3,347,4
2021-02-01,Mendocino,45,87422,3353,3192,62,3254,37
2021-02-01,Merced,47,269075,26633,26282,756,27038,337
2021-02-01,Modoc,49,8938,318,303,103,406,1
2021-02-01,Mono,51,14174,1133,1145,12,1157,3
2021-02-01,Monterey,53,433212,39977,39196,1491,40687,278
2021-02-01,Napa,55,140530,8614,8449,32,8481,52
2021-02-01,Nevada,57,99092,3702,3535,148,3683,20
2021-02-01,Orange,59,3164182,237152,233155,9879,243034,3100
2021-02-01,Placer,61,380077,19502,18574,1043,19617,204
2021-02-01,Plumas,63,18699,621,554,11,565,2
2021-02-01,Riverside,65,2383286,273393,267025,13586,280611,3092
2021-02-01,Sacramento,67,1510023,88777,86856,1128,87984,1193
2021-02-01,San Benito,69,59416,5488,5432,78,5510,48
2021-02-01,San Bernardino,71,2135413,277685,270012,8181,278193,2172
2021-02-01,San Diego,73,3302833,250312,239121,0,239121,2619
2021-02-01,San Francisco,75,870044,32221,31703,965,32668,324
2021-02-01,San Joaquin,77,732212,63295,61542,2656,64198,877
2021-02-01,San Luis Obispo,79,281455,18277,17690,505,18195,199
2021-02-01,San Mateo,81,765935,37441,35843,373,36216,220
2021-02-01,Santa Barbara,83,443738,30105,28837,1016,29853,297
2021-02-01,Santa Clara,85,1922200,103797,102462,498,102960,1343
2021-02-01,Santa Cruz,87,273765,14587,13524,761,14285,149
2021-02-01,Shasta,89,179085,10456,10329,1139,11468,112
2021-02-01,Sierra,91,2930,47,42,14,56,0
2021-02-01,Siskiyou,93,43540,1337,1238,217,1455,4
2021-02-01,Solano,95,438530,28415,27844,329,28173,117
2021-02-01,Sonoma,97,501317,26323,26011,141,26152,243
2021-02-01,Stanislaus,99,539301,47419,46112,5093,51205,642
2021-02-01,Sutter,101,95872,8455,8313,82,8395,89
2021-02-01,Tehama,103,63373,4355,4263,490,4753,21
2021-02-01,Trinity,105,12862,331,260,38,298,3
2021-02-01,Tulare,107,460477,45589,44569,7313,51882,618
2021-02-01,Tuolumne,109,53932,3597,3534,28,3562,39
2021-02-01,Ventura,111,848112,72654,71104,2669,73773,502
2021-02-01,Yolo,113,214977,12241,11824,184,12008,151
2021-02-01,Yuba,115,75493,5189,5084,78,5162,33
2021-01-31,Alameda,1,1643700,75489,73979,1670,75649,857
2021-01-31,Alpine,3,1148,74,72,0,72,0
2021-01-31,Amador,5,37829,3293,3212,26,3238,32
2021-01-31,Butte,7,227075,10700,10215,1570,11785,140
2021-01-31,Calaveras,9,45235,1786,1778,11,1789,21
2021-01-31,Colusa,11,21464,1774,1754,212,1966,9
2021-01-31,Contra Costa,13,1133247,58804,57079,1035,58114,531
2021-01-31,Del Norte,15,27424,870,865,0,865,2
2021-01-31,El Dorado,17,186661,8581,8317,598,8915,83
2021-01-31,Fresno,19,978130,91181,88852,7265,96117,994
2021-01-31,Glenn,21,27897,2117,2083,458,2541,14
2021-01-31,Humboldt,23,135768,2856,2767,18,2785,25
2021-01-31,Imperial,25,180216,26545,26206,2553,28759,530
2021-01-31,Inyo,27,18085,1106,1072,1,1073,27
2021-01-31,Kern,29,883053,88323,85872,8955,94827,861
2021-01-31,Kings,31,150075,21083,20709,952,21661,172
2021-01-31,Lake,33,64148,2905,2826,1,2827,33
2021-01-31,Lassen,35,31185,4945,4900,92,4992,1
2021-01-31,Los Angeles,37,10098052,1124129,1090304,38761,1129065,16609
2021-01-31,Madera,39,155013,14822,14496,742,15238,94
2021-01-31,Marin,41,260295,12471,12297,146,12443,185
2021-01-31,Mariposa,43,17540,358,344,3,347,4
2021-01-31,Mendocino,45,87422,3330,3181,61,3242,37
2021-01-31,Merced,47,269075,26489,26222,751,26973,337
2021-01-31,Modoc,49,8938,315,304,101,405,1
2021-01-31,Mono,51,14174,1130,1146,12,1158,3
2021-01-31,Monterey,53,433212,39798,39035,1463,40498,278
2021-01-31,Napa,55,140530,8572,8404,32,8436,52
2021-01-31,Nevada,57,99092,3680,3518,146,3664,20
2021-01-31,Orange,59,3164182,236138,232347,9838,242185,3053
2021-01-31,Placer,61,380077,19428,18506,1031,19537,204
2021-01-31,Plumas,63,18699,620,554,11,565,2
2021-01-31,Riverside,65,2383286,272423,266145,13540,279685,3074
2021-01-31,Sacramento,67,1510023,88336,86560,1112,87672,1186
2021-01-31,San Benito,69,59416,5466,5425,76,5501,48
2021-01-31,San Bernardino,71,2135413,276647,269533,8148,277681,2156
2021-01-31,San Diego,73,3302833,248999,238039,0,238039,2619
2021-01-31,San Francisco,75,870044,32034,31563,953,32516,323
2021-01-31,San Joaquin,77,732212,62891,61379,2646,64025,877
2021-01-31,San Luis Obispo,79,281455,18143,17615,500,18115,199
2021-01-31,San Mateo,81,765935,37250,35659,370,36029,219
2021-01-31,Santa Barbara,83,443738,29866,28570,1007,29577,297
2021-01-31,Santa Clara,85,1922200,103248,101986,489,102475,1330
2021-01-31,Santa Cruz,87,273765,14492,13469,747,14216,149
2021-01-31,Shasta,89,179085,10411,10313,1130,11443,112
2021-01-31,Sierra,91,2930,46,43,14,57,0
2021-01-31,Siskiyou,93,43540,1327,1238,217,1455,4
2021-01-31,Solano,95,438530,28285,27678,329,28007,118
2021-01-31,Sonoma,97,501317,26222,25925,140,26065,243
2021-01-31,Stanislaus,99,539301,47136,45971,5052,51023,642
2021-01-31,Sutter,101,95872,8410,8289,82,8371,89
2021-01-31,Tehama,103,63373,4335,4256,489,4745,21
2021-01-31,Trinity,105,12862,329,260,38,298,3
2021-01-31,Tulare,107,460477,45422,44440,7231,51671,618
2021-01-31,Tuolumne,109,53932,3558,3519,28,3547,39
2021-01-31,Ventura,111,848112,72059,70635,2656,73291,502
2021-01-31,Yolo,113,214977,12180,11771,178,11949,151
2021-01-31,Yuba,115,75493,5169,5071,77,5148,33
2021-01-30,Alameda,1,1643700,75286,73622,1665,75287,850
2021-01-30,Alpine,3,1148,74,72,0,72,0
2021-01-30,Amador,5,37829,3289,3181,26,3207,32
2021-01-30,Butte,7,227075,10665,10177,1561,11738,139
2021-01-30,Calaveras,9,45235,1774,1763,11,1774,21
2021-01-30,Colusa,11,21464,1772,1748,212,1960,9
2021-01-30,Contra Costa,13,1133247,58619,56763,1031,57794,531
2021-01-30,Del Norte,15,27424,869,865,0,865,2
2021-01-30,El Dorado,17,186661,8561,8299,597,8896,83
2021-01-30,Fresno,19,978130,91004,88476,7245,95721,964
2021-01-30,Glenn,21,27897,2114,2074,456,2530,14
2021-01-30,Humboldt,23,135768,2845,2742,18,2760,24
2021-01-30,Imperial,25,180216,26524,26160,2552,28712,530
2021-01-30,Inyo,27,18085,1102,1068,1,1069,27
2021-01-30,Kern,29,883053,88122,85572,8889,94461,848
2021-01-30,Kings,31,150075,21013,20605,946,21551,169
2021-01-30,Lake,33,64148,2899,2809,1,2810,33
2021-01-30,Lassen,35,31185,4942,4890,92,4982,1
2021-01-30,Los Angeles,37,10098052,1121766,1084763,38614,1123377,16484
2021-01-30,Madera,39,155013,14780,14443,737,15180,94
2021-01-30,Marin,41,260295,12443,12225,145,12370,185
2021-01-30,Mariposa,43,17540,356,344,3,347,4
2021-01-30,Mendocino,45,87422,3316,3153,60,3213,36
2021-01-30,Merced,47,269075,26414,26078,750,26828,335
2021-01-30,Modoc,49,8938,315,303,101,404,1
2021-01-30,Mono,51,14174,1130,1143,12,1155,3
2021-01-30,Monterey,53,433212,39737,38847,1460,40307,277
2021-01-30,Napa,55,140530,8556,8342,32,8374,52
2021-01-30,Nevada,57,99092,3661,3499,146,3645,20
2021-01-30,Orange,59,3164182,235594,231358,9799,241157,3013
2021-01-30,Placer,61,380077,19377,18430,1025,19455,205
2021-01-30,Plumas,63,18699,618,554,11,565,2
2021-01-30,Riverside,65,2383286,271833,265137,13507,278644,3061
2021-01-30,Sacramento,67,1510023,88142,86388,1106,87494,1184
2021-01-30,San Benito,69,59416,5448,5401,75,5476,48
2021-01-30,San Bernardino,71,2135413,276234,268660,8129,276789,2122
2021-01-30,San Diego,73,3302833,248241,236765,0,236765,2603
2021-01-30,San Francisco,75,870044,31934,31427,949,32376,316
2021-01-30,San Joaquin,77,732212,62757,61120,2636,63756,864
2021-01-30,San Luis Obispo,79,281455,18065,17522,497,18019,198
2021-01-30,San Mateo,81,765935,37111,35451,369,35820,219
2021-01-30,Santa Barbara,83,443738,29725,28342,1003,29345,296
2021-01-30,Santa Clara,85,1922200,102898,101471,486,101957,1307
2021-01-30,Santa Cruz,87,273765,14452,13383,746,14129,149
2021-01-30,Shasta,89,179085,10393,10283,1126,11409,112
2021-01-30,Sierra,91,2930,46,43,14,57,0
2021-01-30,Siskiyou,93,43540,1325,1236,215,1451,4
2021-01-30,Solano,95,438530,28202,27511,327,27838,118
2021-01-30,Sonoma,97,501317,26172,25810,137,25947,243
2021-01-30,Stanislaus,99,539301,47007,45697,5028,50725,642
2021-01-30,Sutter,101,95872,8394,8226,82,8308,87
2021-01-30,Tehama,103,63373,4321,4229,488,4717,21
2021-01-30,Trinity,105,12862,329,259,38,297,3
2021-01-30,Tulare,107,460477,45288,44203,7193,51396,615
2021-01-30,Tuolumne,109,53932,3554,3508,28,3536,36
2021-01-30,Ventura,111,848112,71748,69931,2639,72570,493
2021-01-30,Yolo,113,214977,12167,11698,176,11874,151
2021-01-30,Yuba,115,75493,5159,5042,76,5118,33
2021-01-29,Alameda,1,1643700,75008,73210,1658,74868,841
2021-01-29,Alpine,3,1148,74,72,0,72,0
2021-01-29,Amador,5,37829,3277,3134,25,3159,32
2021-01-29,Butte,7,227075,10634,10122,1551,11673,138
2021-01-29,Calaveras,9,45235,1770,1757,11,1768,21
2021-01-29,Colusa,11,21464,1768,1734,211,1945,8
2021-01-29,Contra Costa,13,1133247,58445,56318,1029,57347,529
2021-01-29,Del Norte,15,27424,868,865,0,865,2
2021-01-29,El Dorado,17,186661,8544,8231,596,8827,83
2021-01-29,Fresno,19,978130,90791,87936,7206,95142,962
2021-01-29,Glenn,21,27897,2109,2061,455,2516,14
2021-01-29,Humboldt,23,135768,2832,2707,18,2725,24
2021-01-29,Imperial,25,180216,26509,26045,2549,28594,521
2021-01-29,Inyo,27,18085,1090,1048,1,1049,27
2021-01-29,Kern,29,883053,87897,85044,8836,93880,836
2021-01-29,Kings,31,150075,20974,20466,941,21407,169
2021-01-29,Lake,33,64148,2890,2792,1,2793,32
2021-01-29,Lassen,35,31185,4939,4874,92,4966,1
2021-01-29,Los Angeles,37,10098052,1118302,1078329,38457,1116786,16190
2021-01-29,Madera,39,155013,14729,14377,737,15114,94
2021-01-29,Marin,41,260295,12400,12145,144,12289,185
2021-01-29,Mariposa,43,17540,355,342,3,345,4
2021-01-29,Mendocino,45,87422,3307,3131,59,3190,36
2021-01-29,Merced,47,269075,26339,25865,746,26611,334
2021-01-29,Modoc,49,8938,314,297,101,398,1
2021-01-29,Mono,51,14174,1128,1139,12,1151,3
2021-01-29,Monterey,53,433212,39616,38539,1451,39990,277
2021-01-29,Napa,55,140530,8524,8276,32,8308,52
2021-01-29,Nevada,57,99092,3652,3487,145,3632,20
2021-01-29,Orange,59,3164182,234914,229917,9760,239677,2967
2021-01-29,Placer,61,380077,19321,18367,1021,19388,203
2021-01-29,Plumas,63,18699,617,548,11,559,2
2021-01-29,Riverside,65,2383286,271042,263504,13472,276976,3008
2021-01-29,Sacramento,67,1510023,87888,86320,1102,87422,1169
2021-01-29,San Benito,69,59416,5440,5386,75,5461,48
2021-01-29,San Bernardino,71,2135413,275721,267490,8087,275577,2095
2021-01-29,San Diego,73,3302833,247300,234637,0,234637,2571
2021-01-29,San Francisco,75,870044,31794,31294,940,32234,307
2021-01-29,San Joaquin,77,732212,62609,60899,2621,63520,858
2021-01-29,San Luis Obispo,79,281455,18005,17440,492,17932,193
2021-01-29,San Mateo,81,765935,36978,35223,366,35589,218
2021-01-29,Santa Barbara,83,443738,29595,28105,997,29102,291
2021-01-29,Santa Clara,85,1922200,102532,101010,484,101494,1273
2021-01-29,Santa Cruz,87,273765,14398,13311,743,14054,148
2021-01-29,Shasta,89,179085,10376,10220,1122,11342,112
2021-01-29,Sierra,91,2930,46,43,14,57,0
2021-01-29,Siskiyou,93,43540,1324,1227,215,1442,4
2021-01-29,Solano,95,438530,28116,27352,324,27676,116
2021-01-29,Sonoma,97,501317,26109,25710,136,25846,243
2021-01-29,Stanislaus,99,539301,46858,45466,5008,50474,642
2021-01-29,Sutter,101,95872,8375,8181,82,8263,87
2021-01-29,Tehama,103,63373,4308,4191,486,4677,20
2021-01-29,Trinity,105,12862,329,260,38,298,3
2021-01-29,Tulare,107,460477,45183,43925,7151,51076,606
2021-01-29,Tuolumne,109,53932,3544,3483,28,3511,36
2021-01-29,Ventura,111,848112,71324,69511,2625,72136,484
2021-01-29,Yolo,113,214977,12130,11612,175,11787,151
2021-01-29,Yuba,115,75493,5143,5018,76,5094,32
2021-01-28,Alameda,1,1643700,74571,72758,1650,74408,833
2021-01-28,Alpine,3,1148,74,72,0,72,0
2021-01-28,Amador,5,37829,3240,3124,25,3149,31
2021-01-28,Butte,7,227075,10593,10037,1540,11577,138
2021-01-28,Calaveras,9,45235,1761,1747,10,1757,21
2021-01-28,Colusa,11,21464,1761,1731,207,1938,8
2021-01-28,Contra Costa,13,1133247,58201,55999,1019,57018,525
2021-01-28,Del Norte,15,27424,867,862,0,862,2
2021-01-28,El Dorado,17,186661,8531,8198,591,8789,79
2021-01-28,Fresno,19,978130,90505,87401,7156,94557,949
2021-01-28,Glenn,21,27897,2104,2043,446,2489,14
2021-01-28,Humboldt,23,135768,2815,2686,18,2704,24
2021-01-28,Imperial,25,180216,26465,25984,2542,28526,517
2021-01-28,Inyo,27,18085,1085,1039,1,1040,27
2021-01-28,Kern,29,883053,87570,84708,8749,93457,817
2021-01-28,Kings,31,150075,20915,20328,936,21264,167
2021-01-28,Lake,33,64148,2875,2772,1,2773,32
2021-01-28,Lassen,35,31185,4933,4865,92,4957,1
2021-01-28,Los Angeles,37,10098052,1114420,1072412,38254,1110666,15967
2021-01-28,Madera,39,155013,14673,14301,733,15034,94
2021-01-28,Marin,41,260295,12347,12079,143,12222,183
2021-01-28,Mariposa,43,17540,355,334,3,337,4
2021-01-28,Mendocino,45,87422,3290,3110,59,3169,36
2021-01-28,Merced,47,269075,26215,25620,737,26357,328
2021-01-28,Modoc,49,8938,313,297,101,398,0
2021-01-28,Mono,51,14174,1126,1131,12,1143,3
2021-01-28,Monterey,53,433212,39413,38312,1433,39745,274
2021-01-28,Napa,55,140530,8476,8233,32,8265,50
2021-01-28,Nevada,57,99092,3637,3452,144,3596,19
2021-01-28,Orange,59,3164182,233936,228636,9729,238365,2860
2021-01-28,Placer,61,380077,19252,18246,1018,19264,198
2021-01-28,Plumas,63,18699,616,547,11,558,2
2021-01-28,Riverside,65,2383286,270279,262342,13422,275764,2981
2021-01-28,Sacramento,67,1510023,87522,85698,1091,86789,1149
2021-01-28,San Benito,69,59416,5422,5344,74,5418,47
2021-01-28,San Bernardino,71,2135413,275027,266456,8065,274521,2057
2021-01-28,San Diego,73,3302833,246151,232967,0,232967,2534
2021-01-28,San Francisco,75,870044,31656,31193,924,32117,290
2021-01-28,San Joaquin,77,732212,62344,60627,2605,63232,854
2021-01-28,San Luis Obispo,79,281455,17906,17279,490,17769,189
2021-01-28,San Mateo,81,765935,36809,34931,350,35281,218
2021-01-28,Santa Barbara,83,443738,29376,27674,984,28658,284
2021-01-28,Santa Clara,85,1922200,102067,100470,481,100951,1219
2021-01-28,Santa Cruz,87,273765,14309,13188,737,13925,145
2021-01-28,Shasta,89,179085,10342,10176,1114,11290,110
2021-01-28,Sierra,91,2930,46,43,14,57,0
2021-01-28,Siskiyou,93,43540,1317,1218,213,1431,4
2021-01-28,Solano,95,438530,27956,27163,323,27486,114
2021-01-28,Sonoma,97,501317,26016,25564,136,25700,236
2021-01-28,Stanislaus,99,539301,46640,45162,4983,50145,640
2021-01-28,Sutter,101,95872,8327,8136,82,8218,85
2021-01-28,Tehama,103,63373,4289,4163,483,4646,20
2021-01-28,Trinity,105,12862,327,260,38,298,3
2021-01-28,Tulare,107,460477,45027,43742,7070,50812,595
2021-01-28,Tuolumne,109,53932,3530,3472,28,3500,32
2021-01-28,Ventura,111,848112,70814,68896,2606,71502,475
2021-01-28,Yolo,113,214977,12088,11500,170,11670,151
2021-01-28,Yuba,115,75493,5127,4994,75,5069,32
2021-01-27,Alameda,1,1643700,74139,72188,1641,73829,815
2021-01-27,Alpine,3,1148,74,72,0,72,0
2021-01-27,Amador,5,37829,3224,3116,25,3141,31
2021-01-27,Butte,7,227075,10554,9988,1528,11516,138
2021-01-27,Calaveras,9,45235,1753,1737,10,1747,21
2021-01-27,Colusa,11,21464,1755,1724,205,1929,8
2021-01-27,Contra Costa,13,1133247,57902,55578,1016,56594,507
2021-01-27,Del Norte,15,27424,866,859,0,859,2
2021-01-27,El Dorado,17,186661,8506,8141,590,8731,76
2021-01-27,Fresno,19,978130,90211,86886,7115,94001,938
2021-01-27,Glenn,21,27897,2101,2042,444,2486,14
2021-01-27,Humboldt,23,135768,2793,2630,18,2648,24
2021-01-27,Imperial,25,180216,26411,25861,2529,28390,504
2021-01-27,Inyo,27,18085,1081,1023,1,1024,27
2021-01-27,Kern,29,883053,87258,84244,8679,92923,809
2021-01-27,Kings,31,150075,20809,20211,928,21139,167
2021-01-27,Lake,33,64148,2855,2750,1,2751,32
2021-01-27,Lassen,35,31185,4927,4851,92,4943,1
2021-01-27,Los Angeles,37,10098052,1109661,1066569,38037,1104606,15757
2021-01-27,Madera,39,155013,14633,14194,728,14922,86
2021-01-27,Marin,41,260295,12310,12028,142,12170,180
2021-01-27,Mariposa,43,17540,355,333,3,336,4
2021-01-27,Mendocino,45,87422,3270,3095,59,3154,36
2021-01-27,Merced,47,269075,26056,25439,726,26165,315
2021-01-27,Modoc,49,8938,313,297,98,395,0
2021-01-27,Mono,51,14174,1124,1131,12,1143,3
2021-01-27,Monterey,53,433212,39211,38139,1414,39553,268
2021-01-27,Napa,55,140530,8405,8187,32,8219,46
2021-01-27,Nevada,57,99092,3615,3431,144,3575,18
2021-01-27,Orange,59,3164182,232814,227110,9674,236784,2832
2021-01-27,Placer,61,380077,19181,18106,1007,19113,198
2021-01-27,Plumas,63,18699,616,544,11,555,2
2021-01-27,Riverside,65,2383286,269108,260796,13369,274165,2931
2021-01-27,Sacramento,67,1510023,87156,85428,1080,86508,1142
2021-01-27,San Benito,69,59416,5407,5284,74,5358,47
2021-01-27,San Bernardino,71,2135413,274177,265153,8036,273189,2019
2021-01-27,San Diego,73,3302833,244822,231478,0,231478,2465
2021-01-27,San Francisco,75,870044,31514,31082,917,31999,287
2021-01-27,San Joaquin,77,732212,62075,60131,2581,62712,853
2021-01-27,San Luis Obispo,79,281455,17799,17119,486,17605,188
2021-01-27,San Mateo,81,765935,36656,34619,346,34965,216
2021-01-27,Santa Barbara,83,443738,29202,27435,978,28413,282
2021-01-27,Santa Clara,85,1922200,101664,99732,477,100209,1184
2021-01-27,Santa Cruz,87,273765,14239,13111,734,13845,143
2021-01-27,Shasta,89,179085,10308,10106,1108,11214,105
2021-01-27,Sierra,91,2930,46,44,14,58,0
2021-01-27,Siskiyou,93,43540,1311,1214,210,1424,4
2021-01-27,Solano,95,438530,27779,26982,316,27298,112
2021-01-27,Sonoma,97,501317,25918,25361,136,25497,237
2021-01-27,Stanislaus,99,539301,46455,44874,4955,49829,624
2021-01-27,Sutter,101,95872,8284,8093,82,8175,83
2021-01-27,Tehama,103,63373,4264,4133,479,4612,20
2021-01-27,Trinity,105,12862,327,260,38,298,3
2021-01-27,Tulare,107,460477,44842,43462,6996,50458,583
2021-01-27,Tuolumne,109,53932,3520,3464,28,3492,32
2021-01-27,Ventura,111,848112,70341,68291,2581,70872,468
2021-01-27,Yolo,113,214977,12041,11427,166,11593,151
2021-01-27,Yuba,115,75493,5111,4968,75,5043,32
2021-01-26,Alameda,1,1643700,73757,71851,1623,73474,789
2021-01-26,Alpine,3,1148,74,72,0,72,0
2021-01-26,Amador,5,37829,3213,3113,25,3138,31
2021-01-26,Butte,7,227075,10512,9943,1522,11465,136
2021-01-26,Calaveras,9,45235,1744,1723,10,1733,21
2021-01-26,Colusa,11,21464,1748,1719,202,1921,8
2021-01-26,Contra Costa,13,1133247,57621,55337,1009,56346,491
2021-01-26,Del Norte,15,27424,865,856,0,856,2
2021-01-26,El Dorado,17,186661,8481,8115,587,8702,71
2021-01-26,Fresno,19,978130,89855,86673,7070,93743,923
2021-01-26,Glenn,21,27897,2091,2034,440,2474,13
2021-01-26,Humboldt,23,135768,2771,2612,17,2629,24
2021-01-26,Imperial,25,180216,26341,25812,2514,28326,498
2021-01-26,Inyo,27,18085,1074,1018,1,1019,27
2021-01-26,Kern,29,883053,86833,83868,8600,92468,790
2021-01-26,Kings,31,150075,20751,20156,923,21079,159
2021-01-26,Lake,33,64148,2846,2748,1,2749,32
2021-01-26,Lassen,35,31185,4921,4844,92,4936,1
2021-01-26,Los Angeles,37,10098052,1104414,1060492,37820,1098312,15458
2021-01-26,Madera,39,155013,14576,14130,722,14852,86
2021-01-26,Marin,41,260295,12265,11993,140,12133,179
2021-01-26,Mariposa,43,17540,353,332,3,335,3
2021-01-26,Mendocino,45,87422,3244,3076,58,3134,36
2021-01-26,Merced,47,269075,25916,25359,719,26078,309
2021-01-26,Modoc,49,8938,306,291,97,388,0
2021-01-26,Mono,51,14174,1123,1120,12,1132,3
2021-01-26,Monterey,53,433212,39013,37963,1393,39356,255
2021-01-26,Napa,55,140530,8348,8145,32,8177,43
2021-01-26,Nevada,57,99092,3608,3410,143,3553,18
2021-01-26,Orange,59,3164182,231686,225987,9629,235616,2760
2021-01-26,Placer,61,380077,19107,18016,1005,19021,193
2021-01-26,Plumas,63,18699,614,536,11,547,2
2021-01-26,Riverside,65,2383286,267777,259399,13307,272706,2898
2021-01-26,Sacramento,67,1510023,86802,85062,1073,86135,1127
2021-01-26,San Benito,69,59416,5393,5251,73,5324,45
2021-01-26,San Bernardino,71,2135413,273189,263736,7991,271727,1970
2021-01-26,San Diego,73,3302833,243331,230063,0,230063,2421
2021-01-26,San Francisco,75,870044,31384,30874,896,31770,286
2021-01-26,San Joaquin,77,732212,61821,59889,2564,62453,847
2021-01-26,San Luis Obispo,79,281455,17718,17016,483,17499,186
2021-01-26,San Mateo,81,765935,36461,34441,335,34776,213
2021-01-26,Santa Barbara,83,443738,29030,27321,966,28287,273
2021-01-26,Santa Clara,85,1922200,101188,99215,472,99687,1171
2021-01-26,Santa Cruz,87,273765,14174,13045,728,13773,134
2021-01-26,Shasta,89,179085,10273,10036,1100,11136,103
2021-01-26,Sierra,91,2930,46,43,14,57,0
2021-01-26,Siskiyou,93,43540,1297,1208,208,1416,4
2021-01-26,Solano,95,438530,27623,26858,310,27168,110
2021-01-26,Sonoma,97,501317,25797,25273,134,25407,236
2021-01-26,Stanislaus,99,539301,46272,44703,4912,49615,599
2021-01-26,Sutter,101,95872,8242,8067,82,8149,83
2021-01-26,Tehama,103,63373,4233,4115,479,4594,20
2021-01-26,Trinity,105,12862,327,260,38,298,3
2021-01-26,Tulare,107,460477,44641,43394,6924,50318,579
2021-01-26,Tuolumne,109,53932,3510,3451,28,3479,30
2021-01-26,Ventura,111,848112,69810,67526,2554,70080,448
2021-01-26,Yolo,113,214977,11996,11361,163,11524,148
2021-01-26,Yuba,115,75493,5086,4944,73,5017,31
2021-01-25,Alameda,1,1643700,73317,71255,1613,72868,780
2021-01-25,Alpine,3,1148,74,72,0,72,0
2021-01-25,Amador,5,37829,3173,3074,25,3099,30
2021-01-25,Butte,7,227075,10447,9865,1514,11379,133
2021-01-25,Calaveras,9,45235,1729,1713,10,1723,21
2021-01-25,Colusa,11,21464,1736,1709,198,1907,8
2021-01-25,Contra Costa,13,1133247,57259,54989,1002,55991,488
2021-01-25,Del Norte,15,27424,864,855,0,855,2
2021-01-25,El Dorado,17,186661,8457,8060,587,8647,66
2021-01-25,Fresno,19,978130,89487,86336,7037,93373,913
2021-01-25,Glenn,21,27897,2080,2028,440,2468,13
2021-01-25,Humboldt,23,135768,2737,2587,17,2604,24
2021-01-25,Imperial,25,180216,26291,25745,2505,28250,491
2021-01-25,Inyo,27,18085,1068,1015,1,1016,27
2021-01-25,Kern,29,883053,86442,83401,8507,91908,787
2021-01-25,Kings,31,150075,20631,20067,919,20986,159
2021-01-25,Lake,33,64148,2827,2729,1,2730,32
2021-01-25,Lassen,35,31185,4895,4835,92,4927,1
2021-01-25,Los Angeles,37,10098052,1098491,1055181,37586,1092767,15163
2021-01-25,Madera,39,155013,14522,14068,718,14786,86
2021-01-25,Marin,41,260295,12212,11923,136,12059,177
2021-01-25,Mariposa,43,17540,350,331,3,334,3
2021-01-25,Mendocino,45,87422,3233,3054,58,3112,35
2021-01-25,Merced,47,269075,25777,25181,710,25891,305
2021-01-25,Modoc,49,8938,305,288,93,381,0
2021-01-25,Mono,51,14174,1120,1114,11,1125,3
2021-01-25,Monterey,53,433212,38756,37726,1372,39098,255
2021-01-25,Napa,55,140530,8314,8057,31,8088,43
2021-01-25,Nevada,57,99092,3594,3365,143,3508,18
2021-01-25,Orange,59,3164182,230484,225105,9588,234693,2696
2021-01-25,Placer,61,380077,19014,17936,990,18926,193
2021-01-25,Plumas,63,18699,611,533,11,544,2
2021-01-25,Riverside,65,2383286,266098,258082,13252,271334,2789
2021-01-25,Sacramento,67,1510023,86350,84653,1065,85718,1118
2021-01-25,San Benito,69,59416,5356,5238,72,5310,43
2021-01-25,San Bernardino,71,2135413,272239,263174,7953,271127,1947
2021-01-25,San Diego,73,3302833,241721,228630,0,228630,2375
2021-01-25,San Francisco,75,870044,31236,30734,873,31607,288
2021-01-25,San Joaquin,77,732212,61527,59291,2534,61825,838
2021-01-25,San Luis Obispo,79,281455,17583,16868,478,17346,179
2021-01-25,San Mateo,81,765935,36227,34187,328,34515,213
2021-01-25,Santa Barbara,83,443738,28800,27065,955,28020,269
2021-01-25,Santa Clara,85,1922200,100617,98647,464,99111,1143
2021-01-25,Santa Cruz,87,273765,14088,12973,722,13695,133
2021-01-25,Shasta,89,179085,10232,9991,1089,11080,103
2021-01-25,Sierra,91,2930,46,42,14,56,0
2021-01-25,Siskiyou,93,43540,1289,1205,205,1410,4
2021-01-25,Solano,95,438530,27454,26648,309,26957,109
2021-01-25,Sonoma,97,501317,25686,25160,132,25292,233
2021-01-25,Stanislaus,99,539301,46029,44293,4869,49162,599
2021-01-25,Sutter,101,95872,8199,8023,82,8105,83
2021-01-25,Tehama,103,63373,4205,4082,475,4557,20
2021-01-25,Trinity,105,12862,327,262,38,300,3
2021-01-25,Tulare,107,460477,44427,43124,6817,49941,578
2021-01-25,Tuolumne,109,53932,3501,3422,28,3450,29
2021-01-25,Ventura,111,848112,69167,66910,2536,69446,439
2021-01-25,Yolo,113,214977,11909,11276,161,11437,140
2021-01-25,Yuba,115,75493,5062,4900,71,4971,31
2021-01-24,Alameda,1,1643700,72811,70823,1601,72424,780
2021-01-24,Alpine,3,1148,74,72,0,72,0
2021-01-24,Amador,5,37829,3140,3054,25,3079,30
2021-01-24,Butte,7,227075,10363,9820,1495,11315,133
2021-01-24,Calaveras,9,45235,1716,1704,10,1714,21
2021-01-24,Colusa,11,21464,1725,1689,192,1881,8
2021-01-24,Contra Costa,13,1133247,56870,54694,989,55683,488
2021-01-24,Del Norte,15,27424,859,855,0,855,2
2021-01-24,El Dorado,17,186661,8423,8003,583,8586,66
2021-01-24,Fresno,19,978130,89050,85808,6997,92805,911
2021-01-24,Glenn,21,27897,2073,2026,438,2464,13
2021-01-24,Humboldt,23,135768,2698,2562,17,2579,24
2021-01-24,Imperial,25,180216,26197,25707,2475,28182,488
2021-01-24,Inyo,27,18085,1052,1007,1,1008,27
2021-01-24,Kern,29,883053,86003,83125,8394,91519,785
2021-01-24,Kings,31,150075,20505,19988,901,20889,159
2021-01-24,Lake,33,64148,2809,2724,0,2724,32
2021-01-24,Lassen,35,31185,4884,4828,89,4917,1
2021-01-24,Los Angeles,37,10098052,1092131,1048757,37266,1086023,15119
2021-01-24,Madera,39,155013,14430,14000,712,14712,86
2021-01-24,Marin,41,260295,12146,11872,134,12006,177
2021-01-24,Mariposa,43,17540,346,322,3,325,3
2021-01-24,Mendocino,45,87422,3212,3037,57,3094,33
2021-01-24,Merced,47,269075,25564,25047,702,25749,305
2021-01-24,Modoc,49,8938,305,285,93,378,0
2021-01-24,Mono,51,14174,1113,1113,11,1124,3
2021-01-24,Monterey,53,433212,38484,37527,1339,38866,254
2021-01-24,Napa,55,140530,8272,8005,31,8036,43
2021-01-24,Nevada,57,99092,3552,3349,141,3490,18
2021-01-24,Orange,59,3164182,229056,223853,9522,233375,2632
2021-01-24,Placer,61,380077,18903,17839,970,18809,193
2021-01-24,Plumas,63,18699,608,532,11,543,2
2021-01-24,Riverside,65,2383286,264498,256767,13173,269940,2761
2021-01-24,Sacramento,67,1510023,85776,84110,1058,85168,1112
2021-01-24,San Benito,69,59416,5314,5223,69,5292,43
2021-01-24,San Bernardino,71,2135413,270918,262370,7895,270265,1935
2021-01-24,San Diego,73,3302833,240031,227193,0,227193,2375
2021-01-24,San Francisco,75,870044,31047,30559,850,31409,275
2021-01-24,San Joaquin,77,732212,61103,59021,2518,61539,838
2021-01-24,San Luis Obispo,79,281455,17462,16758,475,17233,179
2021-01-24,San Mateo,81,765935,35983,33956,323,34279,213
2021-01-24,Santa Barbara,83,443738,28487,26735,945,27680,269
2021-01-24,Santa Clara,85,1922200,99965,98103,460,98563,1109
2021-01-24,Santa Cruz,87,273765,14003,12905,713,13618,133
2021-01-24,Shasta,89,179085,10161,9978,1080,11058,103
2021-01-24,Sierra,91,2930,45,42,14,56,0
2021-01-24,Siskiyou,93,43540,1282,1195,205,1400,4
2021-01-24,Solano,95,438530,27266,26515,305,26820,109
2021-01-24,Sonoma,97,501317,25496,25045,131,25176,233
2021-01-24,Stanislaus,99,539301,45719,44031,4810,48841,599
2021-01-24,Sutter,101,95872,8131,7980,81,8061,83
2021-01-24,Tehama,103,63373,4165,4062,467,4529,20
2021-01-24,Trinity,105,12862,327,262,38,300,3
2021-01-24,Tulare,107,460477,44215,43006,6718,49724,577
2021-01-24,Tuolumne,109,53932,3491,3416,28,3444,29
2021-01-24,Ventura,111,848112,68451,66347,2512,68859,439
2021-01-24,Yolo,113,214977,11824,11210,157,11367,140
2021-01-24,Yuba,115,75493,5022,4875,70,4945,31
2021-01-23,Alameda,1,1643700,72568,70080,1592,71672,780
2021-01-23,Alpine,3,1148,74,72,0,72,0
2021-01-23,Amador,5,37829,3137,3049,25,3074,30
2021-01-23,Butte,7,227075,10333,9757,1490,11247,133
2021-01-23,Calaveras,9,45235,1714,1695,10,1705,21
2021-01-23,Colusa,11,21464,1721,1672,191,1863,8
2021-01-23,Contra Costa,13,1133247,56659,54162,981,55143,487
2021-01-23,Del Norte,15,27424,858,855,0,855,2
2021-01-23,El Dorado,17,186661,8407,7984,581,8565,66
2021-01-23,Fresno,19,978130,88867,85274,6966,92240,910
2021-01-23,Glenn,21,27897,2070,2015,434,2449,13
2021-01-23,Humboldt,23,135768,2679,2493,16,2509,23
2021-01-23,Imperial,25,180216,26166,25581,2466,28047,487
2021-01-23,Inyo,27,18085,1043,987,1,988,27
2021-01-23,Kern,29,883053,85761,82602,8319,90921,783
2021-01-23,Kings,31,150075,20461,19904,899,20803,159
2021-01-23,Lake,33,64148,2801,2673,0,2673,32
2021-01-23,Lassen,35,31185,4883,4816,86,4902,1
2021-01-23,Los Angeles,37,10098052,1088933,1040961,37097,1078058,15034
2021-01-23,Madera,39,155013,14394,13858,710,14568,86
2021-01-23,Marin,41,260295,12090,11796,132,11928,177
2021-01-23,Mariposa,43,17540,346,323,3,326,3
2021-01-23,Mendocino,45,87422,3198,2991,57,3048,32
2021-01-23,Merced,47,269075,25472,24787,688,25475,303
2021-01-23,Modoc,49,8938,305,285,93,378,0
2021-01-23,Mono,51,14174,1111,1111,11,1122,3
2021-01-23,Monterey,53,433212,38402,37165,1334,38499,253
2021-01-23,Napa,55,140530,8247,7893,31,7924,43
2021-01-23,Nevada,57,99092,3541,3332,140,3472,18
2021-01-23,Orange,59,3164182,228289,221722,9479,231201,2618
2021-01-23,Placer,61,380077,18854,17617,965,18582,193
2021-01-23,Plumas,63,18699,607,528,11,539,2
2021-01-23,Riverside,65,2383286,263624,253636,13117,266753,2733
2021-01-23,Sacramento,67,1510023,85549,83408,1055,84463,1108
2021-01-23,San Benito,69,59416,5290,5166,68,5234,43
2021-01-23,San Bernardino,71,2135413,270376,260381,7861,268242,1922
2021-01-23,San Diego,73,3302833,238973,225556,0,225556,2344
2021-01-23,San Francisco,75,870044,30942,30308,820,31128,268
2021-01-23,San Joaquin,77,732212,60981,58164,2507,60671,836
2021-01-23,San Luis Obispo,79,281455,17399,16652,472,17124,176
2021-01-23,San Mateo,81,765935,35806,33696,312,34008,213
2021-01-23,Santa Barbara,83,443738,28306,26234,936,27170,264
2021-01-23,Santa Clara,85,1922200,99610,97189,459,97648,1086
2021-01-23,Santa Cruz,87,273765,13945,12771,710,13481,127
2021-01-23,Shasta,89,179085,10131,9951,1079,11030,103
2021-01-23,Sierra,91,2930,45,41,14,55,0
2021-01-23,Siskiyou,93,43540,1272,1190,204,1394,4
2021-01-23,Solano,95,438530,27172,26261,303,26564,107
2021-01-23,Sonoma,97,501317,25420,24790,131,24921,232
2021-01-23,Stanislaus,99,539301,45557,43723,4780,48503,599
2021-01-23,Sutter,101,95872,8113,7943,80,8023,80
2021-01-23,Tehama,103,63373,4146,4006,466,4472,20
2021-01-23,Trinity,105,12862,327,262,38,300,3
2021-01-23,Tulare,107,460477,44067,42661,6653,49314,575
2021-01-23,Tuolumne,109,53932,3484,3407,28,3435,29
2021-01-23,Ventura,111,848112,68005,65581,2487,68068,438
2021-01-23,Yolo,113,214977,11782,11087,153,11240,141
2021-01-23,Yuba,115,75493,5011,4831,68,4899,30
2021-01-22,Alameda,1,1643700,72242,69693,1586,71279,751
2021-01-22,Alpine,3,1148,74,71,0,71,0
2021-01-22,Amador,5,37829,3132,3042,25,3067,30
2021-01-22,Butte,7,227075,10284,9711,1477,11188,133
2021-01-22,Calaveras,9,45235,1707,1672,10,1682,21
2021-01-22,Colusa,11,21464,1719,1668,191,1859,7
2021-01-22,Contra Costa,13,1133247,56419,53887,975,54862,485
2021-01-22,Del Norte,15,27424,857,852,0,852,2
2021-01-22,El Dorado,17,186661,8374,7877,578,8455,64
2021-01-22,Fresno,19,978130,88532,84744,6935,91679,892
2021-01-22,Glenn,21,27897,2066,1985,429,2414,13
2021-01-22,Humboldt,23,135768,2655,2452,16,2468,23
2021-01-22,Imperial,25,180216,26131,25562,2451,28013,474
2021-01-22,Inyo,27,18085,1032,961,1,962,26
2021-01-22,Kern,29,883053,85465,82101,8244,90345,771
2021-01-22,Kings,31,150075,20385,19760,895,20655,159
2021-01-22,Lake,33,64148,2789,2681,0,2681,32
2021-01-22,Lassen,35,31185,4875,4765,85,4850,1
2021-01-22,Los Angeles,37,10098052,1084501,1031177,36896,1068073,14777
2021-01-22,Madera,39,155013,14333,13781,709,14490,86
2021-01-22,Marin,41,260295,12053,11769,130,11899,177
2021-01-22,Mariposa,43,17540,346,323,3,326,3
2021-01-22,Mendocino,45,87422,3173,2994,56,3050,32
2021-01-22,Merced,47,269075,25349,24616,680,25296,290
2021-01-22,Modoc,49,8938,305,285,93,378,0
2021-01-22,Mono,51,14174,1111,1108,11,1119,3
2021-01-22,Monterey,53,433212,38248,36909,1328,38237,253
2021-01-22,Napa,55,140530,8201,7828,31,7859,40
2021-01-22,Nevada,57,99092,3516,3296,139,3435,18
2021-01-22,Orange,59,3164182,227342,220384,9430,229814,2542
2021-01-22,Placer,61,380077,18799,17636,950,18586,193
2021-01-22,Plumas,63,18699,605,522,11,533,2
2021-01-22,Riverside,65,2383286,262501,252440,13049,265489,2710
2021-01-22,Sacramento,67,1510023,85219,82861,1047,83908,1094
2021-01-22,San Benito,69,59416,5265,5143,68,5211,43
2021-01-22,San Bernardino,71,2135413,269553,259121,7826,266947,1849
2021-01-22,San Diego,73,3302833,237734,222576,0,222576,2301
2021-01-22,San Francisco,75,870044,30831,30027,799,30826,266
2021-01-22,San Joaquin,77,732212,60799,58485,2494,60979,812
2021-01-22,San Luis Obispo,79,281455,17310,16336,469,16805,172
2021-01-22,San Mateo,81,765935,35586,33401,309,33710,211
2021-01-22,Santa Barbara,83,443738,28106,25989,925,26914,256
2021-01-22,Santa Clara,85,1922200,99169,96435,456,96891,1062
2021-01-22,Santa Cruz,87,273765,13888,12687,705,13392,123
2021-01-22,Shasta,89,179085,10112,9866,1077,10943,103
2021-01-22,Sierra,91,2930,45,40,14,54,0
2021-01-22,Siskiyou,93,43540,1268,1182,202,1384,4
2021-01-22,Solano,95,438530,27083,26048,301,26349,107
2021-01-22,Sonoma,97,501317,25341,24659,131,24790,232
2021-01-22,Stanislaus,99,539301,45402,43489,4743,48232,599
2021-01-22,Sutter,101,95872,8087,7878,80,7958,80
2021-01-22,Tehama,103,63373,4127,3993,465,4458,19
2021-01-22,Trinity,105,12862,326,263,38,301,3
2021-01-22,Tulare,107,460477,43890,42307,6580,48887,573
2021-01-22,Tuolumne,109,53932,3455,3379,28,3407,29
2021-01-22,Ventura,111,848112,67499,64404,2470,66874,426
2021-01-22,Yolo,113,214977,11748,11014,145,11159,141
2021-01-22,Yuba,115,75493,4987,4789,66,4855,29
2021-01-21,Alameda,1,1643700,71800,69314,1569,70883,739
2021-01-21,Alpine,3,1148,74,71,0,71,0
2021-01-21,Amador,5,37829,3110,3038,25,3063,29
2021-01-21,Butte,7,227075,10213,9643,1470,11113,130
2021-01-21,Calaveras,9,45235,1698,1647,10,1657,21
2021-01-21,Colusa,11,21464,1712,1662,188,1850,7
2021-01-21,Contra Costa,13,1133247,56006,53595,961,54556,478
2021-01-21,Del Norte,15,27424,855,850,0,850,2
2021-01-21,El Dorado,17,186661,8325,7823,575,8398,58
2021-01-21,Fresno,19,978130,88129,84137,6894,91031,889
2021-01-21,Glenn,21,27897,2057,1964,425,2389,13
2021-01-21,Humboldt,23,135768,2633,2423,16,2439,23
2021-01-21,Imperial,25,180216,26040,25509,2434,27943,463
2021-01-21,Inyo,27,18085,1023,946,1,947,26
2021-01-21,Kern,29,883053,85053,81328,8123,89451,769
2021-01-21,Kings,31,150075,20315,19633,876,20509,158
2021-01-21,Lake,33,64148,2773,2669,0,2669,32
2021-01-21,Lassen,35,31185,4869,4763,85,4848,1
2021-01-21,Los Angeles,37,10098052,1077873,1023055,36558,1059613,14537
2021-01-21,Madera,39,155013,14266,13664,701,14365,86
2021-01-21,Marin,41,260295,11996,11732,128,11860,173
2021-01-21,Mariposa,43,17540,342,322,3,325,3
2021-01-21,Mendocino,45,87422,3150,2967,54,3021,32
2021-01-21,Merced,47,269075,25194,24426,674,25100,245
2021-01-21,Modoc,49,8938,302,284,92,376,0
2021-01-21,Mono,51,14174,1106,1104,11,1115,3
2021-01-21,Monterey,53,433212,37968,36149,1317,37466,253
2021-01-21,Napa,55,140530,8137,7774,31,7805,40
2021-01-21,Nevada,57,99092,3487,3274,138,3412,18
2021-01-21,Orange,59,3164182,225966,218867,9372,228239,2540
2021-01-21,Placer,61,380077,18715,17553,946,18499,190
2021-01-21,Plumas,63,18699,601,518,11,529,2
2021-01-21,Riverside,65,2383286,260786,251007,12967,263974,2676
2021-01-21,Sacramento,67,1510023,84740,82303,1027,83330,1084
2021-01-21,San Benito,69,59416,5232,5100,62,5162,43
2021-01-21,San Bernardino,71,2135413,268206,257754,7758,265512,1832
2021-01-21,San Diego,73,3302833,235959,219729,0,219729,2222
2021-01-21,San Francisco,75,870044,30655,29801,765,30566,266
2021-01-21,San Joaquin,77,732212,60490,58270,2473,60743,806
2021-01-21,San Luis Obispo,79,281455,17224,16153,461,16614,169
2021-01-21,San Mateo,81,765935,35340,33156,295,33451,210
2021-01-21,Santa Barbara,83,443738,27823,25654,911,26565,253
2021-01-21,Santa Clara,85,1922200,98548,96028,448,96476,1062
2021-01-21,Santa Cruz,87,273765,13804,12548,695,13243,119
2021-01-21,Shasta,89,179085,10070,9795,1059,10854,98
2021-01-21,Sierra,91,2930,45,40,14,54,0
2021-01-21,Siskiyou,93,43540,1265,1178,199,1377,4
2021-01-21,Solano,95,438530,26902,25885,297,26182,106
2021-01-21,Sonoma,97,501317,25199,24440,129,24569,230
2021-01-21,Stanislaus,99,539301,45098,43223,4697,47920,599
2021-01-21,Sutter,101,95872,8053,7822,80,7902,80
2021-01-21,Tehama,103,63373,4092,3938,465,4403,19
2021-01-21,Trinity,105,12862,326,261,38,299,3
2021-01-21,Tulare,107,460477,43685,42082,6499,48581,569
2021-01-21,Tuolumne,109,53932,3445,3365,28,3393,29
2021-01-21,Ventura,111,848112,66807,63995,2448,66443,420
2021-01-21,Yolo,113,214977,11656,10940,137,11077,141
2021-01-21,Yuba,115,75493,4955,4757,65,4822,29
2021-01-20,Alameda,1,1643700,71280,68785,1554,70339,702
2021-01-20,Alpine,3,1148,74,71,0,71,0
2021-01-20,Amador,5,37829,3079,3036,25,3061,29
2021-01-20,Butte,7,227075,10156,9582,1459,11041,130
2021-01-20,Calaveras,9,45235,1677,1637,9,1646,21
2021-01-20,Colusa,11,21464,1696,1630,183,1813,7
2021-01-20,Contra Costa,13,1133247,55551,53108,955,54063,461
2021-01-20,Del Norte,15,27424,854,848,0,848,2
2021-01-20,El Dorado,17,186661,8279,7785,571,8356,53
2021-01-20,Fresno,19,978130,87708,83591,6841,90432,872
2021-01-20,Glenn,21,27897,2039,1955,422,2377,13
2021-01-20,Humboldt,23,135768,2590,2390,16,2406,22
2021-01-20,Imperial,25,180216,25973,25380,2396,27776,461
2021-01-20,Inyo,27,18085,1013,901,1,902,26
2021-01-20,Kern,29,883053,84603,80701,8018,88719,754
2021-01-20,Kings,31,150075,20226,19522,867,20389,146
2021-01-20,Lake,33,64148,2750,2646,0,2646,31
2021-01-20,Lassen,35,31185,4861,4758,83,4841,1
2021-01-20,Los Angeles,37,10098052,1070405,1015608,36263,1051871,14299
2021-01-20,Madera,39,155013,14201,13585,696,14281,86
2021-01-20,Marin,41,260295,11942,11684,126,11810,171
2021-01-20,Mariposa,43,17540,340,322,3,325,3
2021-01-20,Mendocino,45,87422,3135,2957,54,3011,32
2021-01-20,Merced,47,269075,25020,24220,653,24873,243
2021-01-20,Modoc,49,8938,301,282,92,374,0
2021-01-20,Mono,51,14174,1099,1105,10,1115,3
2021-01-20,Monterey,53,433212,37652,35960,1294,37254,249
2021-01-20,Napa,55,140530,8068,7731,30,7761,40
2021-01-20,Nevada,57,99092,3455,3238,138,3376,18
2021-01-20,Orange,59,3164182,224430,216893,9306,226199,2500
2021-01-20,Placer,61,380077,18612,17455,927,18382,186
2021-01-20,Plumas,63,18699,599,512,11,523,2
2021-01-20,Riverside,65,2383286,258778,248686,12880,261566,2615
2021-01-20,Sacramento,67,1510023,84175,81687,1016,82703,1072
2021-01-20,San Benito,69,59416,5202,5036,61,5097,35
2021-01-20,San Bernardino,71,2135413,266846,255921,7705,263626,1801
2021-01-20,San Diego,73,3302833,234106,218553,0,218553,2174
2021-01-20,San Francisco,75,870044,30459,29665,744,30409,262
2021-01-20,San Joaquin,77,732212,60087,58025,2464,60489,783
2021-01-20,San Luis Obispo,79,281455,17042,15936,452,16388,164
2021-01-20,San Mateo,81,765935,35116,32929,294,33223,210
2021-01-20,Santa Barbara,83,443738,27509,25312,898,26210,248
2021-01-20,Santa Clara,85,1922200,97868,94995,447,95442,1040
2021-01-20,Santa Cruz,87,273765,13698,12460,681,13141,107
2021-01-20,Shasta,89,179085,10018,9697,1048,10745,98
2021-01-20,Sierra,91,2930,45,40,14,54,0
2021-01-20,Siskiyou,93,43540,1259,1163,198,1361,4
2021-01-20,Solano,95,438530,26708,25659,293,25952,106
2021-01-20,Sonoma,97,501317,25052,24262,127,24389,223
2021-01-20,Stanislaus,99,539301,44808,42955,4650,47605,585
2021-01-20,Sutter,101,95872,8001,7772,78,7850,80
2021-01-20,Tehama,103,63373,4067,3892,464,4356,19
2021-01-20,Trinity,105,12862,326,260,38,298,3
2021-01-20,Tulare,107,460477,43433,41799,6400,48199,559
2021-01-20,Tuolumne,109,53932,3431,3355,27,3382,29
2021-01-20,Ventura,111,848112,65851,63413,2419,65832,395
2021-01-20,Yolo,113,214977,11585,10852,134,10986,141
2021-01-20,Yuba,115,75493,4928,4729,65,4794,29
2021-01-19,Alameda,1,1643700,70617,68434,1544,69978,680
2021-01-19,Alpine,3,1148,74,71,0,71,0
2021-01-19,Amador,5,37829,3070,3024,25,3049,28
2021-01-19,Butte,7,227075,10091,9528,1445,10973,129
2021-01-19,Calaveras,9,45235,1661,1621,8,1629,21
2021-01-19,Colusa,11,21464,1674,1617,175,1792,7
2021-01-19,Contra Costa,13,1133247,55055,52730,942,53672,448
2021-01-19,Del Norte,15,27424,853,843,0,843,2
2021-01-19,El Dorado,17,186661,8218,7743,563,8306,47
2021-01-19,Fresno,19,978130,87192,83200,6789,89989,857
2021-01-19,Glenn,21,27897,2028,1948,416,2364,13
2021-01-19,Humboldt,23,135768,2566,2359,13,2372,22
2021-01-19,Imperial,25,180216,25894,25333,2378,27711,452
2021-01-19,Inyo,27,18085,1006,891,1,892,26
2021-01-19,Kern,29,883053,84016,80272,7911,88183,742
2021-01-19,Kings,31,150075,20087,19375,855,20230,143
2021-01-19,Lake,33,64148,2736,2625,0,2625,31
2021-01-19,Lassen,35,31185,4854,4753,83,4836,1
2021-01-19,Los Angeles,37,10098052,1061760,1010375,35977,1046352,14014
2021-01-19,Madera,39,155013,14084,13528,688,14216,86
2021-01-19,Marin,41,260295,11884,11654,122,11776,169
2021-01-19,Mariposa,43,17540,340,322,3,325,3
2021-01-19,Mendocino,45,87422,3118,2930,54,2984,32
2021-01-19,Merced,47,269075,24806,24108,647,24755,242
2021-01-19,Modoc,49,8938,300,281,92,373,0
2021-01-19,Mono,51,14174,1098,1106,10,1116,3
2021-01-19,Monterey,53,433212,37325,35840,1270,37110,248
2021-01-19,Napa,55,140530,8009,7672,30,7702,38
2021-01-19,Nevada,57,99092,3437,3216,136,3352,18
2021-01-19,Orange,59,3164182,222693,215244,9238,224482,2468
2021-01-19,Placer,61,380077,18512,17348,917,18265,182
2021-01-19,Plumas,63,18699,592,509,11,520,2
2021-01-19,Riverside,65,2383286,256719,246248,12801,259049,2585
2021-01-19,Sacramento,67,1510023,83643,81183,996,82179,1053
2021-01-19,San Benito,69,59416,5156,4988,60,5048,35
2021-01-19,San Bernardino,71,2135413,265087,253651,7645,261296,1777
2021-01-19,San Diego,73,3302833,231687,216833,0,216833,2109
2021-01-19,San Francisco,75,870044,30242,29502,711,30213,261
2021-01-19,San Joaquin,77,732212,59705,57655,2449,60104,782
2021-01-19,San Luis Obispo,79,281455,16779,15855,449,16304,161
2021-01-19,San Mateo,81,765935,34831,32730,282,33012,208
2021-01-19,Santa Barbara,83,443738,27129,24991,879,25870,236
2021-01-19,Santa Clara,85,1922200,97083,94483,445,94928,1010
2021-01-19,Santa Cruz,87,273765,13583,12410,671,13081,106
2021-01-19,Shasta,89,179085,9982,9614,1038,10652,93
2021-01-19,Sierra,91,2930,45,40,12,52,0
2021-01-19,Siskiyou,93,43540,1251,1149,197,1346,4
2021-01-19,Solano,95,438530,26461,25520,293,25813,106
2021-01-19,Sonoma,97,501317,24873,24133,125,24258,223
2021-01-19,Stanislaus,99,539301,44457,42723,4592,47315,561
2021-01-19,Sutter,101,95872,7950,7709,72,7781,80
2021-01-19,Tehama,103,63373,4033,3876,462,4338,19
2021-01-19,Trinity,105,12862,325,260,38,298,3
2021-01-19,Tulare,107,460477,43159,41559,6298,47857,549
2021-01-19,Tuolumne,109,53932,3404,3328,27,3355,29
2021-01-19,Ventura,111,848112,65173,62656,2392,65048,383
2021-01-19,Yolo,113,214977,11503,10789,134,10923,134
2021-01-19,Yuba,115,75493,4894,4695,64,4759,29
2021-01-18,Alameda,1,1643700,69936,67938,1526,69464,680
2021-01-18,Alpine,3,1148,74,71,0,71,0
2021-01-18,Amador,5,37829,3056,3016,25,3041,28
2021-01-18,Butte,7,227075,10004,9474,1433,10907,129
2021-01-18,Calaveras,9,45235,1639,1617,7,1624,21
2021-01-18,Colusa,11,21464,1657,1608,170,1778,7
2021-01-18,Contra Costa,13,1133247,54533,52323,934,53257,448
2021-01-18,Del Norte,15,27424,852,840,0,840,2
2021-01-18,El Dorado,17,186661,8149,7707,561,8268,47
2021-01-18,Fresno,19,978130,86584,82485,6720,89205,857
2021-01-18,Glenn,21,27897,2011,1935,412,2347,13
2021-01-18,Humboldt,23,135768,2528,2343,13,2356,22
2021-01-18,Imperial,25,180216,25826,25317,2351,27668,452
2021-01-18,Inyo,27,18085,994,872,1,873,26
2021-01-18,Kern,29,883053,83377,79930,7818,87748,740
2021-01-18,Kings,31,150075,19919,19267,842,20109,141
2021-01-18,Lake,33,64148,2719,2591,0,2591,30
2021-01-18,Lassen,35,31185,4818,4749,82,4831,1
2021-01-18,Los Angeles,37,10098052,1052282,1002614,35677,1038291,13828
2021-01-18,Madera,39,155013,13970,13443,680,14123,85
2021-01-18,Marin,41,260295,11834,11607,120,11727,165
2021-01-18,Mariposa,43,17540,337,320,2,322,3
2021-01-18,Mendocino,45,87422,3095,2919,54,2973,31
2021-01-18,Merced,47,269075,24562,23927,630,24557,242
2021-01-18,Modoc,49,8938,297,281,89,370,0
2021-01-18,Mono,51,14174,1095,1101,10,1111,3
2021-01-18,Monterey,53,433212,36852,35549,1252,36801,247
2021-01-18,Napa,55,140530,7935,7601,30,7631,38
2021-01-18,Nevada,57,99092,3399,3199,135,3334,17
2021-01-18,Orange,59,3164182,220784,213866,9179,223045,2405
2021-01-18,Placer,61,380077,18395,17263,907,18170,182
2021-01-18,Plumas,63,18699,588,506,11,517,2
2021-01-18,Riverside,65,2383286,254443,244151,12709,256860,2568
2021-01-18,Sacramento,67,1510023,82967,80546,980,81526,1046
2021-01-18,San Benito,69,59416,5105,4963,58,5021,35
2021-01-18,San Bernardino,71,2135413,263294,252808,7587,260395,1775
2021-01-18,San Diego,73,3302833,229045,214335,0,214335,2103
2021-01-18,San Francisco,75,870044,30035,29321,687,30008,259
2021-01-18,San Joaquin,77,732212,59182,57405,2426,59831,782
2021-01-18,San Luis Obispo,79,281455,16592,15742,439,16181,158
2021-01-18,San Mateo,81,765935,34516,32515,263,32778,208
2021-01-18,Santa Barbara,83,443738,26756,24638,865,25503,235
2021-01-18,Santa Clara,85,1922200,96185,93688,441,94129,992
2021-01-18,Santa Cruz,87,273765,13451,12298,658,12956,106
2021-01-18,Shasta,89,179085,9944,9600,1026,10626,92
2021-01-18,Sierra,91,2930,44,40,12,52,0
2021-01-18,Siskiyou,93,43540,1239,1144,195,1339,4
2021-01-18,Solano,95,438530,26175,25344,288,25632,105
2021-01-18,Sonoma,97,501317,24599,24068,124,24192,223
2021-01-18,Stanislaus,99,539301,44100,42413,4542,46955,562
2021-01-18,Sutter,101,95872,7893,7680,69,7749,78
2021-01-18,Tehama,103,63373,3985,3854,455,4309,19
2021-01-18,Trinity,105,12862,325,260,38,298,3
2021-01-18,Tulare,107,460477,42873,41196,6179,47375,549
2021-01-18,Tuolumne,109,53932,3381,3318,26,3344,28
2021-01-18,Ventura,111,848112,64744,61859,2369,64228,379
2021-01-18,Yolo,113,214977,11370,10620,131,10751,134
2021-01-18,Yuba,115,75493,4866,4671,62,4733,29
2021-01-17,Alameda,1,1643700,69361,67375,1506,68881,676
2021-01-17,Alpine,3,1148,74,71,0,71,0
2021-01-17,Amador,5,37829,3049,3001,25,3026,28
2021-01-17,Butte,7,227075,9932,9411,1411,10822,129
2021-01-17,Calaveras,9,45235,1626,1608,7,1615,21
2021-01-17,Colusa,11,21464,1644,1588,164,1752,7
2021-01-17,Contra Costa,13,1133247,54041,51932,927,52859,447
2021-01-17,Del Norte,15,27424,852,838,0,838,2
2021-01-17,El Dorado,17,186661,8093,7659,548,8207,47
2021-01-17,Fresno,19,978130,86029,82039,6643,88682,857
2021-01-17,Glenn,21,27897,1999,1924,407,2331,9
2021-01-17,Humboldt,23,135768,2490,2322,11,2333,22
2021-01-17,Imperial,25,180216,25754,25253,2306,27559,451
2021-01-17,Inyo,27,18085,988,864,1,865,26
2021-01-17,Kern,29,883053,82829,79489,7732,87221,738
2021-01-17,Kings,31,150075,19783,19201,828,20029,131
2021-01-17,Lake,33,64148,2701,2572,0,2572,30
2021-01-17,Lassen,35,31185,4810,4740,81,4821,1
2021-01-17,Los Angeles,37,10098052,1045686,993028,35248,1028276,13741
2021-01-17,Madera,39,155013,13878,13328,674,14002,85
2021-01-17,Marin,41,260295,11782,11552,118,11670,164
2021-01-17,Mariposa,43,17540,337,319,2,321,3
2021-01-17,Mendocino,45,87422,3067,2912,53,2965,31
2021-01-17,Merced,47,269075,24345,23800,617,24417,242
2021-01-17,Modoc,49,8938,296,279,89,368,0
2021-01-17,Mono,51,14174,1089,1091,9,1100,3
2021-01-17,Monterey,53,433212,36620,35340,1227,36567,244
2021-01-17,Napa,55,140530,7879,7521,30,7551,38
2021-01-17,Nevada,57,99092,3374,3176,133,3309,17
2021-01-17,Orange,59,3164182,218789,212389,9100,221489,2359
2021-01-17,Placer,61,380077,18275,17194,891,18085,181
2021-01-17,Plumas,63,18699,587,505,10,515,2
2021-01-17,Riverside,65,2383286,252356,242206,12584,254790,2534
2021-01-17,Sacramento,67,1510023,82374,80154,966,81120,1045
2021-01-17,San Benito,69,59416,5067,4941,58,4999,35
2021-01-17,San Bernardino,71,2135413,261162,251487,7498,258985,1775
2021-01-17,San Diego,73,3302833,226852,211785,0,211785,2103
2021-01-17,San Francisco,75,870044,29846,29139,648,29787,255
2021-01-17,San Joaquin,77,732212,58816,57094,2410,59504,780
2021-01-17,San Luis Obispo,79,281455,16470,15658,430,16088,157
2021-01-17,San Mateo,81,765935,34265,32186,238,32424,208
2021-01-17,Santa Barbara,83,443738,26309,24401,849,25250,235
2021-01-17,Santa Clara,85,1922200,95426,92752,439,93191,976
2021-01-17,Santa Cruz,87,273765,13339,12196,655,12851,106
2021-01-17,Shasta,89,179085,9886,9588,1018,10606,92
2021-01-17,Sierra,91,2930,44,38,11,49,0
2021-01-17,Siskiyou,93,43540,1232,1136,192,1328,4
2021-01-17,Solano,95,438530,25944,25216,286,25502,105
2021-01-17,Sonoma,97,501317,24429,23871,124,23995,223
2021-01-17,Stanislaus,99,539301,43783,42221,4491,46712,562
2021-01-17,Sutter,101,95872,7830,7604,67,7671,77
2021-01-17,Tehama,103,63373,3956,3837,450,4287,18
2021-01-17,Trinity,105,12862,325,261,38,299,3
2021-01-17,Tulare,107,460477,42588,41016,6051,47067,549
2021-01-17,Tuolumne,109,53932,3364,3287,26,3313,27
2021-01-17,Ventura,111,848112,63901,61257,2321,63578,376
2021-01-17,Yolo,113,214977,11269,10519,130,10649,134
2021-01-17,Yuba,115,75493,4815,4640,60,4700,28
2021-01-16,Alameda,1,1643700,69055,66583,1492,68075,673
2021-01-16,Alpine,3,1148,74,71,0,71,0
2021-01-16,Amador,5,37829,3046,2986,25,3011,28
2021-01-16,Butte,7,227075,9902,9359,1391,10750,129
2021-01-16,Calaveras,9,45235,1612,1596,7,1603,21
2021-01-16,Colusa,11,21464,1632,1578,164,1742,7
2021-01-16,Contra Costa,13,1133247,53783,51363,918,52281,443
2021-01-16,Del Norte,15,27424,847,833,0,833,2
2021-01-16,El Dorado,17,186661,8071,7575,547,8122,47
2021-01-16,Fresno,19,978130,85758,81294,6589,87883,846
2021-01-16,Glenn,21,27897,1995,1894,403,2297,9
2021-01-16,Humboldt,23,135768,2470,2294,9,2303,22
2021-01-16,Imperial,25,180216,25721,25140,2298,27438,451
2021-01-16,Inyo,27,18085,984,845,1,846,25
2021-01-16,Kern,29,883053,82466,78865,7677,86542,733
2021-01-16,Kings,31,150075,19727,19072,825,19897,131
2021-01-16,Lake,33,64148,2692,2504,0,2504,30
2021-01-16,Lassen,35,31185,4800,4719,81,4800,1
2021-01-16,Los Angeles,37,10098052,1041622,982684,34999,1017683,13654
2021-01-16,Madera,39,155013,13814,13193,670,13863,85
2021-01-16,Marin,41,260295,11739,11482,118,11600,164
2021-01-16,Mariposa,43,17540,336,317,2,319,3
2021-01-16,Mendocino,45,87422,3053,2890,51,2941,31
2021-01-16,Merced,47,269075,24256,23478,605,24083,242
2021-01-16,Modoc,49,8938,296,278,89,367,0
2021-01-16,Mono,51,14174,1088,1079,9,1088,3
2021-01-16,Monterey,53,433212,36523,34972,1209,36181,243
2021-01-16,Napa,55,140530,7840,7356,30,7386,39
2021-01-16,Nevada,57,99092,3341,3144,133,3277,17
2021-01-16,Orange,59,3164182,217755,210111,9041,219152,2312
2021-01-16,Placer,61,380077,18216,16995,889,17884,177
2021-01-16,Plumas,63,18699,585,502,10,512,2
2021-01-16,Riverside,65,2383286,251008,239412,12463,251875,2506
2021-01-16,Sacramento,67,1510023,82001,79122,948,80070,1033
2021-01-16,San Benito,69,59416,5031,4875,58,4933,35
2021-01-16,San Bernardino,71,2135413,260400,249401,7432,256833,1755
2021-01-16,San Diego,73,3302833,225556,209895,0,209895,2065
2021-01-16,San Francisco,75,870044,29720,28853,616,29469,244
2021-01-16,San Joaquin,77,732212,58575,56642,2377,59019,776
2021-01-16,San Luis Obispo,79,281455,16370,15466,428,15894,152
2021-01-16,San Mateo,81,765935,34100,31805,232,32037,208
2021-01-16,Santa Barbara,83,443738,26115,24088,841,24929,229
2021-01-16,Santa Clara,85,1922200,94965,91584,432,92016,954
2021-01-16,Santa Cruz,87,273765,13280,12026,653,12679,106
2021-01-16,Shasta,89,179085,9853,9547,1014,10561,92
2021-01-16,Sierra,91,2930,43,38,11,49,0
2021-01-16,Siskiyou,93,43540,1227,1124,192,1316,4
2021-01-16,Solano,95,438530,25839,24732,279,25011,103
2021-01-16,Sonoma,97,501317,24347,23607,123,23730,223
2021-01-16,Stanislaus,99,539301,43594,41809,4441,46250,562
2021-01-16,Sutter,101,95872,7798,7560,67,7627,76
2021-01-16,Tehama,103,63373,3943,3783,450,4233,18
2021-01-16,Trinity,105,12862,325,261,38,299,3
2021-01-16,Tulare,107,460477,42402,40655,5975,46630,542
2021-01-16,Tuolumne,109,53932,3357,3269,26,3295,27
2021-01-16,Ventura,111,848112,63349,60368,2291,62659,369
2021-01-16,Yolo,113,214977,11220,10406,129,10535,134
2021-01-16,Yuba,115,75493,4784,4602,60,4662,27
2021-01-15,Alameda,1,1643700,68633,65416,1481,66897,672
2021-01-15,Alpine,3,1148,74,71,0,71,0
2021-01-15,Amador,5,37829,3039,2953,25,2978,28
2021-01-15,Butte,7,227075,9864,9233,1373,10606,129
2021-01-15,Calaveras,9,45235,1605,1538,7,1545,21
2021-01-15,Colusa,11,21464,1621,1541,160,1701,7
2021-01-15,Contra Costa,13,1133247,53456,50408,911,51319,428
2021-01-15,Del Norte,15,27424,843,828,0,828,2
2021-01-15,El Dorado,17,186661,8023,7439,538,7977,47
2021-01-15,Fresno,19,978130,85220,79950,6555,86505,832
2021-01-15,Glenn,21,27897,1990,1824,401,2225,9
2021-01-15,Humboldt,23,135768,2443,2218,8,2226,22
2021-01-15,Imperial,25,180216,25687,24944,2292,27236,446
2021-01-15,Inyo,27,18085,966,814,1,815,25
2021-01-15,Kern,29,883053,82057,77873,7612,85485,719
2021-01-15,Kings,31,150075,19620,18661,817,19478,131
2021-01-15,Lake,33,64148,2664,2434,0,2434,28
2021-01-15,Lassen,35,31185,4789,4693,79,4772,1
2021-01-15,Los Angeles,37,10098052,1034608,968979,34696,1003675,13404
2021-01-15,Madera,39,155013,13725,12883,667,13550,85
2021-01-15,Marin,41,260295,11689,11310,118,11428,160
2021-01-15,Mariposa,43,17540,334,307,2,309,3
2021-01-15,Mendocino,45,87422,3042,2835,51,2886,31
2021-01-15,Merced,47,269075,24143,23060,601,23661,239
2021-01-15,Modoc,49,8938,296,278,87,365,0
2021-01-15,Mono,51,14174,1085,1057,9,1066,3
2021-01-15,Monterey,53,433212,36314,34460,1149,35609,243
2021-01-15,Napa,55,140530,7778,7231,30,7261,38
2021-01-15,Nevada,57,99092,3328,3099,129,3228,17
2021-01-15,Orange,59,3164182,216392,207129,8989,216118,2254
2021-01-15,Placer,61,380077,18115,16712,879,17591,173
2021-01-15,Plumas,63,18699,582,499,10,509,2
2021-01-15,Riverside,65,2383286,249176,235235,12384,247619,2458
2021-01-15,Sacramento,67,1510023,81583,80279,940,81219,1023
2021-01-15,San Benito,69,59416,4987,4766,56,4822,35
2021-01-15,San Bernardino,71,2135413,259248,246182,7374,253556,1726
2021-01-15,San Diego,73,3302833,223808,206868,0,206868,2037
2021-01-15,San Francisco,75,870044,29550,28574,594,29168,242
2021-01-15,San Joaquin,77,732212,58345,55885,2362,58247,748
2021-01-15,San Luis Obispo,79,281455,16236,15129,422,15551,148
2021-01-15,San Mateo,81,765935,33855,31291,228,31519,208
2021-01-15,Santa Barbara,83,443738,25840,23487,829,24316,226
2021-01-15,Santa Clara,85,1922200,94315,90103,427,90530,942
2021-01-15,Santa Cruz,87,273765,13171,11776,638,12414,105
2021-01-15,Shasta,89,179085,9814,9459,1006,10465,91
2021-01-15,Sierra,91,2930,42,36,10,46,0
2021-01-15,Siskiyou,93,43540,1223,1119,191,1310,4
2021-01-15,Solano,95,438530,25690,24222,276,24498,103
2021-01-15,Sonoma,97,501317,24219,23204,123,23327,222
2021-01-15,Stanislaus,99,539301,43351,41178,4403,45581,562
2021-01-15,Sutter,101,95872,7751,7484,66,7550,75
2021-01-15,Tehama,103,63373,3922,3714,449,4163,17
2021-01-15,Trinity,105,12862,325,262,38,300,3
2021-01-15,Tulare,107,460477,42151,39951,5890,45841,535
2021-01-15,Tuolumne,109,53932,3341,3231,26,3257,27
2021-01-15,Ventura,111,848112,62605,59061,2257,61318,353
2021-01-15,Yolo,113,214977,11161,10240,128,10368,134
2021-01-15,Yuba,115,75493,4763,4549,60,4609,27
2021-01-14,Alameda,1,1643700,67998,64364,1466,65830,686
2021-01-14,Alpine,3,1148,74,71,0,71,0
2021-01-14,Amador,5,37829,3033,2940,25,2965,28
2021-01-14,Butte,7,227075,9780,9127,1351,10478,129
2021-01-14,Calaveras,9,45235,1588,1513,7,1520,21
2021-01-14,Colusa,11,21464,1606,1535,157,1692,7
2021-01-14,Contra Costa,13,1133247,52900,49545,894,50439,415
2021-01-14,Del Norte,15,27424,837,821,0,821,2
2021-01-14,El Dorado,17,186661,7950,7321,529,7850,45
2021-01-14,Fresno,19,978130,84586,79033,6481,85514,814
2021-01-14,Glenn,21,27897,1977,1798,396,2194,9
2021-01-14,Humboldt,23,135768,2400,2169,8,2177,22
2021-01-14,Imperial,25,180216,25580,24882,2253,27135,447
2021-01-14,Inyo,27,18085,959,790,1,791,25
2021-01-14,Kern,29,883053,81392,77070,7509,84579,705
2021-01-14,Kings,31,150075,19491,18405,811,19216,108
2021-01-14,Lake,33,64148,2622,2378,0,2378,27
2021-01-14,Lassen,35,31185,4779,4673,77,4750,1
2021-01-14,Los Angeles,37,10098052,1024628,954652,34296,988948,13147
2021-01-14,Madera,39,155013,13608,12742,656,13398,85
2021-01-14,Marin,41,260295,11614,11155,117,11272,159
2021-01-14,Mariposa,43,17540,331,302,2,304,3
2021-01-14,Mendocino,45,87422,3028,2801,49,2850,31
2021-01-14,Merced,47,269075,23915,22780,591,23371,239
2021-01-14,Modoc,49,8938,296,273,87,360,0
2021-01-14,Mono,51,14174,1077,1020,9,1029,3
2021-01-14,Monterey,53,433212,35907,34105,1131,35236,242
2021-01-14,Napa,55,140530,7693,7117,30,7147,38
2021-01-14,Nevada,57,99092,3301,3075,127,3202,17
2021-01-14,Orange,59,3164182,214469,204442,8898,213340,2162
2021-01-14,Placer,61,380077,17954,16488,871,17359,169
2021-01-14,Plumas,63,18699,574,496,10,506,2
2021-01-14,Riverside,65,2383286,246559,231684,12282,243966,2357
2021-01-14,Sacramento,67,1510023,80946,79137,915,80052,1007
2021-01-14,San Benito,69,59416,4953,4678,55,4733,35
2021-01-14,San Bernardino,71,2135413,257290,243379,7298,250677,1750
2021-01-14,San Diego,73,3302833,221418,204173,0,204173,2005
2021-01-14,San Francisco,75,870044,29308,28200,541,28741,238
2021-01-14,San Joaquin,77,732212,57833,55058,2347,57405,739
2021-01-14,San Luis Obispo,79,281455,16077,14851,412,15263,146
2021-01-14,San Mateo,81,765935,33487,30694,219,30913,208
2021-01-14,Santa Barbara,83,443738,25433,23126,802,23928,219
2021-01-14,Santa Clara,85,1922200,93424,88505,420,88925,910
2021-01-14,Santa Cruz,87,273765,13024,11583,622,12205,109
2021-01-14,Shasta,89,179085,9766,9334,989,10323,90
2021-01-14,Sierra,91,2930,42,35,9,44,0
2021-01-14,Siskiyou,93,43540,1212,1108,188,1296,3
2021-01-14,Solano,95,438530,25429,23782,272,24054,103
2021-01-14,Sonoma,97,501317,23983,22910,123,23033,202
2021-01-14,Stanislaus,99,539301,43032,40597,4360,44957,574
2021-01-14,Sutter,101,95872,7692,7416,63,7479,74
2021-01-14,Tehama,103,63373,3892,3664,445,4109,17
2021-01-14,Trinity,105,12862,325,261,37,298,3
2021-01-14,Tulare,107,460477,41770,39565,5777,45342,533
2021-01-14,Tuolumne,109,53932,3320,3215,26,3241,28
2021-01-14,Ventura,111,848112,61733,57941,2219,60160,347
2021-01-14,Yolo,113,214977,11050,10097,122,10219,135
2021-01-14,Yuba,115,75493,4731,4496,60,4556,27
2021-01-13,Alameda,1,1643700,67253,63568,1447,65015,690
2021-01-13,Alpine,3,1148,74,71,0,71,0
2021-01-13,Amador,5,37829,3019,2914,25,2939,26
2021-01-13,Butte,7,227075,9701,9013,1336,10349,126
2021-01-13,Calaveras,9,45235,1566,1493,7,1500,21
2021-01-13,Colusa,11,21464,1594,1524,152,1676,7
2021-01-13,Contra Costa,13,1133247,52324,48877,881,49758,403
2021-01-13,Del Norte,15,27424,833,820,0,820,2
2021-01-13,El Dorado,17,186661,7857,7247,521,7768,43
2021-01-13,Fresno,19,978130,83879,78278,6429,84707,804
2021-01-13,Glenn,21,27897,1963,1792,388,2180,9
2021-01-13,Humboldt,23,135768,2368,2114,8,2122,22
2021-01-13,Imperial,25,180216,25453,24717,2220,26937,463
2021-01-13,Inyo,27,18085,947,785,1,786,25
2021-01-13,Kern,29,883053,80728,76049,7418,83467,704
2021-01-13,Kings,31,150075,19326,18121,785,18906,108
2021-01-13,Lake,33,64148,2577,2305,0,2305,27
2021-01-13,Lassen,35,31185,4772,4663,76,4739,1
2021-01-13,Los Angeles,37,10098052,1013895,937985,33865,971850,12873
2021-01-13,Madera,39,155013,13484,12570,650,13220,85
2021-01-13,Marin,41,260295,11557,11039,117,11156,161
2021-01-13,Mariposa,43,17540,329,304,2,306,3
2021-01-13,Mendocino,45,87422,3008,2790,49,2839,31
2021-01-13,Merced,47,269075,23675,22497,579,23076,241
2021-01-13,Modoc,49,8938,295,274,84,358,0
2021-01-13,Mono,51,14174,1073,1017,9,1026,3
2021-01-13,Monterey,53,433212,35490,33748,1106,34854,241
2021-01-13,Napa,55,140530,7579,7028,30,7058,36
2021-01-13,Nevada,57,99092,3278,3037,123,3160,17
2021-01-13,Orange,59,3164182,212394,201158,8829,209987,2172
2021-01-13,Placer,61,380077,17828,16272,857,17129,172
2021-01-13,Plumas,63,18699,572,490,10,500,2
2021-01-13,Riverside,65,2383286,243434,228192,12158,240350,2278
2021-01-13,Sacramento,67,1510023,80292,78268,908,79176,996
2021-01-13,San Benito,69,59416,4898,4583,54,4637,35
2021-01-13,San Bernardino,71,2135413,254918,240191,7222,247413,1759
2021-01-13,San Diego,73,3302833,218805,201578,0,201578,1952
2021-01-13,San Francisco,75,870044,29069,27863,517,28380,238
2021-01-13,San Joaquin,77,732212,57208,54373,2315,56688,738
2021-01-13,San Luis Obispo,79,281455,15924,14625,401,15026,140
2021-01-13,San Mateo,81,765935,33145,30195,217,30412,207
2021-01-13,Santa Barbara,83,443738,25003,22714,776,23490,216
2021-01-13,Santa Clara,85,1922200,92449,87187,417,87604,911
2021-01-13,Santa Cruz,87,273765,12851,11423,608,12031,110
2021-01-13,Shasta,89,179085,9703,9180,974,10154,93
2021-01-13,Sierra,91,2930,42,33,9,42,0
2021-01-13,Siskiyou,93,43540,1206,1102,184,1286,3
2021-01-13,Solano,95,438530,25150,23503,271,23774,105
2021-01-13,Sonoma,97,501317,23739,22610,122,22732,206
2021-01-13,Stanislaus,99,539301,42635,40167,4304,44471,574
2021-01-13,Sutter,101,95872,7646,7350,62,7412,73
2021-01-13,Tehama,103,63373,3843,3589,440,4029,17
2021-01-13,Trinity,105,12862,325,260,37,297,3
2021-01-13,Tulare,107,460477,41365,39129,5668,44797,522
2021-01-13,Tuolumne,109,53932,3306,3196,26,3222,28
2021-01-13,Ventura,111,848112,60720,56453,2181,58634,338
2021-01-13,Yolo,113,214977,10949,9933,118,10051,135
2021-01-13,Yuba,115,75493,4689,4448,57,4505,27
2021-01-12,Alameda,1,1643700,66445,62642,1427,64069,677
2021-01-12,Alpine,3,1148,74,71,0,71,0
2021-01-12,Amador,5,37829,3002,2897,25,2922,26
2021-01-12,Butte,7,227075,9617,8883,1315,10198,124
2021-01-12,Calaveras,9,45235,1529,1475,7,1482,21
2021-01-12,Colusa,11,21464,1582,1510,149,1659,7
2021-01-12,Contra Costa,13,1133247,51678,48242,865,49107,399
2021-01-12,Del Norte,15,27424,829,816,0,816,2
2021-01-12,El Dorado,17,186661,7774,7156,510,7666,41
2021-01-12,Fresno,19,978130,83015,77651,6361,84012,796
2021-01-12,Glenn,21,27897,1935,1781,382,2163,9
2021-01-12,Humboldt,23,135768,2314,2077,7,2084,22
2021-01-12,Imperial,25,180216,25366,24566,2177,26743,457
2021-01-12,Inyo,27,18085,930,773,1,774,25
2021-01-12,Kern,29,883053,80027,75320,7315,82635,689
2021-01-12,Kings,31,150075,19118,18072,772,18844,108
2021-01-12,Lake,33,64148,2529,2260,0,2260,27
2021-01-12,Lassen,35,31185,4750,4659,74,4733,1
2021-01-12,Los Angeles,37,10098052,1002275,926295,33439,959734,12610
2021-01-12,Madera,39,155013,13343,12485,642,13127,85
2021-01-12,Marin,41,260295,11448,10960,117,11077,157
2021-01-12,Mariposa,43,17540,327,302,2,304,3
2021-01-12,Mendocino,45,87422,2988,2762,45,2807,31
2021-01-12,Merced,47,269075,23425,22172,556,22728,239
2021-01-12,Modoc,49,8938,293,274,84,358,0
2021-01-12,Mono,51,14174,1064,1008,9,1017,3
2021-01-12,Monterey,53,433212,34991,33381,1084,34465,240
2021-01-12,Napa,55,140530,7496,6936,30,6966,36
2021-01-12,Nevada,57,99092,3250,3014,121,3135,17
2021-01-12,Orange,59,3164182,210105,198260,8741,207001,2142
2021-01-12,Placer,61,380077,17647,16087,851,16938,163
2021-01-12,Plumas,63,18699,566,483,10,493,2
2021-01-12,Riverside,65,2383286,240318,225580,12013,237593,2266
2021-01-12,Sacramento,67,1510023,79548,77201,899,78100,985
2021-01-12,San Benito,69,59416,4831,4515,54,4569,35
2021-01-12,San Bernardino,71,2135413,252349,237008,7147,244155,1739
2021-01-12,San Diego,73,3302833,215895,198317,0,198317,1898
2021-01-12,San Francisco,75,870044,28793,27531,481,28012,238
2021-01-12,San Joaquin,77,732212,56558,53630,2284,55914,725
2021-01-12,San Luis Obispo,79,281455,15678,14367,393,14760,132
2021-01-12,San Mateo,81,765935,32754,29747,205,29952,206
2021-01-12,Santa Barbara,83,443738,24594,22182,748,22930,209
2021-01-12,Santa Clara,85,1922200,91388,86075,408,86483,904
2021-01-12,Santa Cruz,87,273765,12636,11267,591,11858,110
2021-01-12,Shasta,89,179085,9630,9086,961,10047,84
2021-01-12,Sierra,91,2930,40,33,8,41,0
2021-01-12,Siskiyou,93,43540,1196,1091,178,1269,3
2021-01-12,Solano,95,438530,24847,23160,266,23426,102
2021-01-12,Sonoma,97,501317,23436,22403,122,22525,205
2021-01-12,Stanislaus,99,539301,42184,39615,4268,43883,571
2021-01-12,Sutter,101,95872,7583,7276,61,7337,73
2021-01-12,Tehama,103,63373,3808,3567,436,4003,17
2021-01-12,Trinity,105,12862,325,258,37,295,3
2021-01-12,Tulare,107,460477,40913,38797,5546,44343,509
2021-01-12,Tuolumne,109,53932,3272,3178,26,3204,28
2021-01-12,Ventura,111,848112,59748,55342,2148,57490,324
2021-01-12,Yolo,113,214977,10813,9857,107,9964,133
2021-01-12,Yuba,115,75493,4649,4389,57,4446,27
2021-01-11,Alameda,1,1643700,65594,61949,1409,63358,652
2021-01-11,Alpine,3,1148,74,70,0,70,0
2021-01-11,Amador,5,37829,2988,2867,25,2892,24
2021-01-11,Butte,7,227075,9505,8757,1297,10054,119
2021-01-11,Calaveras,9,45235,1511,1460,7,1467,21
2021-01-11,Colusa,11,21464,1564,1494,145,1639,7
2021-01-11,Contra Costa,13,1133247,51005,47728,855,48583,398
2021-01-11,Del Norte,15,27424,825,810,0,810,2
2021-01-11,El Dorado,17,186661,7682,6987,500,7487,36
2021-01-11,Fresno,19,978130,82137,76581,6281,82862,775
2021-01-11,Glenn,21,27897,1906,1763,373,2136,9
2021-01-11,Humboldt,23,135768,2274,2069,7,2076,22
2021-01-11,Imperial,25,180216,25252,24418,2141,26559,453
2021-01-11,Inyo,27,18085,912,763,1,764,25
2021-01-11,Kern,29,883053,79175,74489,7211,81700,682
2021-01-11,Kings,31,150075,18854,17909,764,18673,108
2021-01-11,Lake,33,64148,2479,2205,0,2205,26
2021-01-11,Lassen,35,31185,4727,4647,73,4720,1
2021-01-11,Los Angeles,37,10098052,989124,914434,32946,947380,12304
2021-01-11,Madera,39,155013,13210,12366,631,12997,85
2021-01-11,Marin,41,260295,11352,10814,114,10928,156
2021-01-11,Mariposa,43,17540,320,296,2,298,3
2021-01-11,Mendocino,45,87422,2961,2728,45,2773,31
2021-01-11,Merced,47,269075,23101,21884,542,22426,238
2021-01-11,Modoc,49,8938,292,271,83,354,0
2021-01-11,Mono,51,14174,1058,1006,9,1015,3
2021-01-11,Monterey,53,433212,34456,32858,1020,33878,239
2021-01-11,Napa,55,140530,7394,6822,30,6852,36
2021-01-11,Nevada,57,99092,3223,2980,121,3101,17
2021-01-11,Orange,59,3164182,207539,196340,8638,204978,2113
2021-01-11,Placer,61,380077,17467,15919,838,16757,163
2021-01-11,Plumas,63,18699,562,477,10,487,2
2021-01-11,Riverside,65,2383286,236824,222907,11857,234764,2222
2021-01-11,Sacramento,67,1510023,78629,76009,882,76891,974
2021-01-11,San Benito,69,59416,4754,4482,47,4529,34
2021-01-11,San Bernardino,71,2135413,249525,235543,7045,242588,1739
2021-01-11,San Diego,73,3302833,212630,194793,0,194793,1857
2021-01-11,San Francisco,75,870044,28522,27264,457,27721,238
2021-01-11,San Joaquin,77,732212,55945,53002,2254,55256,725
2021-01-11,San Luis Obispo,79,281455,15308,14213,385,14598,126
2021-01-11,San Mateo,81,765935,32312,29355,192,29547,206
2021-01-11,Santa Barbara,83,443738,24157,21740,731,22471,200
2021-01-11,Santa Clara,85,1922200,90189,84851,399,85250,877
2021-01-11,Santa Cruz,87,273765,12459,11093,565,11658,106
2021-01-11,Shasta,89,179085,9532,8977,947,9924,81
2021-01-11,Sierra,91,2930,39,33,8,41,0
2021-01-11,Siskiyou,93,43540,1188,1087,175,1262,3
2021-01-11,Solano,95,438530,24527,22893,261,23154,101
2021-01-11,Sonoma,97,501317,23190,22191,122,22313,205
2021-01-11,Stanislaus,99,539301,41694,39149,4214,43363,571
2021-01-11,Sutter,101,95872,7526,7204,60,7264,71
2021-01-11,Tehama,103,63373,3744,3524,413,3937,17
2021-01-11,Trinity,105,12862,325,256,37,293,2
2021-01-11,Tulare,107,460477,40515,38380,5454,43834,497
2021-01-11,Tuolumne,109,53932,3261,3165,26,3191,27
2021-01-11,Ventura,111,848112,58613,54202,2122,56324,320
2021-01-11,Yolo,113,214977,10599,9699,105,9804,129
2021-01-11,Yuba,115,75493,4611,4349,50,4399,27
2021-01-10,Alameda,1,1643700,64622,61111,1380,62491,650
2021-01-10,Alpine,3,1148,74,70,0,70,0
2021-01-10,Amador,5,37829,2964,2861,25,2886,24
2021-01-10,Butte,7,227075,9388,8665,1270,9935,119
2021-01-10,Calaveras,9,45235,1486,1449,7,1456,21
2021-01-10,Colusa,11,21464,1540,1478,143,1621,7
2021-01-10,Contra Costa,13,1133247,50218,47109,837,47946,398
2021-01-10,Del Norte,15,27424,822,809,0,809,2
2021-01-10,El Dorado,17,186661,7595,6904,482,7386,36
2021-01-10,Fresno,19,978130,81325,75621,6159,81780,775
2021-01-10,Glenn,21,27897,1882,1746,366,2112,9
2021-01-10,Humboldt,23,135768,2212,2049,7,2056,22
2021-01-10,Imperial,25,180216,25092,24233,2085,26318,453
2021-01-10,Inyo,27,18085,884,748,1,749,25
2021-01-10,Kern,29,883053,78351,73712,7077,80789,679
2021-01-10,Kings,31,150075,18636,17812,756,18568,108
2021-01-10,Lake,33,64148,2428,2174,0,2174,26
2021-01-10,Lassen,35,31185,4705,4642,72,4714,1
2021-01-10,Los Angeles,37,10098052,974591,901783,32286,934069,12170
2021-01-10,Madera,39,155013,13023,12179,616,12795,85
2021-01-10,Marin,41,260295,11233,10737,112,10849,155
2021-01-10,Mariposa,43,17540,320,291,2,293,3
2021-01-10,Mendocino,45,87422,2930,2706,42,2748,31
2021-01-10,Merced,47,269075,22826,21691,532,22223,238
2021-01-10,Modoc,49,8938,292,271,81,352,0
2021-01-10,Mono,51,14174,1041,965,9,974,3
2021-01-10,Monterey,53,433212,34016,32571,989,33560,237
2021-01-10,Napa,55,140530,7290,6687,28,6715,36
2021-01-10,Nevada,57,99092,3204,2959,117,3076,17
2021-01-10,Orange,59,3164182,204788,193766,8515,202281,2104
2021-01-10,Placer,61,380077,17291,15779,816,16595,163
2021-01-10,Plumas,63,18699,552,477,10,487,2
2021-01-10,Riverside,65,2383286,233484,219486,11666,231152,2216
2021-01-10,Sacramento,67,1510023,77674,75394,852,76246,965
2021-01-10,San Benito,69,59416,4660,4434,46,4480,34
2021-01-10,San Bernardino,71,2135413,245924,232171,6941,239112,1736
2021-01-10,San Diego,73,3302833,208976,191886,0,191886,1857
2021-01-10,San Francisco,75,870044,28141,27054,421,27475,238
2021-01-10,San Joaquin,77,732212,55084,52535,2221,54756,725
2021-01-10,San Luis Obispo,79,281455,14980,13968,371,14339,122
2021-01-10,San Mateo,81,765935,31823,28972,177,29149,206
2021-01-10,Santa Barbara,83,443738,23615,21290,706,21996,200
2021-01-10,Santa Clara,85,1922200,89012,83779,388,84167,858
2021-01-10,Santa Cruz,87,273765,12248,10951,542,11493,106
2021-01-10,Shasta,89,179085,9422,8936,930,9866,81
2021-01-10,Sierra,91,2930,38,32,8,40,0
2021-01-10,Siskiyou,93,43540,1182,1075,172,1247,3
2021-01-10,Solano,95,438530,24127,22621,258,22879,101
2021-01-10,Sonoma,97,501317,22918,21925,122,22047,204
2021-01-10,Stanislaus,99,539301,41134,38809,4132,42941,571
2021-01-10,Sutter,101,95872,7465,7133,57,7190,71
2021-01-10,Tehama,103,63373,3672,3504,400,3904,17
2021-01-10,Trinity,105,12862,325,253,36,289,2
2021-01-10,Tulare,107,460477,40103,38012,5317,43329,497
2021-01-10,Tuolumne,109,53932,3227,3143,25,3168,27
2021-01-10,Ventura,111,848112,57346,53095,2076,55171,319
2021-01-10,Yolo,113,214977,10450,9610,104,9714,129
2021-01-10,Yuba,115,75493,4559,4300,47,4347,27
2021-01-09,Alameda,1,1643700,64116,60125,1362,61487,649
2021-01-09,Alpine,3,1148,74,70,0,70,0
2021-01-09,Amador,5,37829,2957,2809,25,2834,24
2021-01-09,Butte,7,227075,9307,8552,1246,9798,118
2021-01-09,Calaveras,9,45235,1475,1425,7,1432,21
2021-01-09,Colusa,11,21464,1534,1468,142,1610,7
2021-01-09,Contra Costa,13,1133247,49872,46406,823,47229,393
2021-01-09,Del Norte,15,27424,820,802,0,802,2
2021-01-09,El Dorado,17,186661,7563,6800,479,7279,36
2021-01-09,Fresno,19,978130,80917,74816,6117,80933,773
2021-01-09,Glenn,21,27897,1867,1707,361,2068,9
2021-01-09,Humboldt,23,135768,2194,2026,7,2033,22
2021-01-09,Imperial,25,180216,25025,24028,2070,26098,448
2021-01-09,Inyo,27,18085,874,734,1,735,25
2021-01-09,Kern,29,883053,77893,73015,6997,80012,677
2021-01-09,Kings,31,150075,18541,17679,752,18431,108
2021-01-09,Lake,33,64148,2394,2144,0,2144,26
2021-01-09,Lassen,35,31185,4693,4613,71,4684,1
2021-01-09,Los Angeles,37,10098052,969067,887949,31825,919774,12011
2021-01-09,Madera,39,155013,12938,12063,611,12674,85
2021-01-09,Marin,41,260295,11169,10634,111,10745,154
2021-01-09,Mariposa,43,17540,317,287,2,289,3
2021-01-09,Mendocino,45,87422,2912,2664,42,2706,31
2021-01-09,Merced,47,269075,22685,21357,522,21879,237
2021-01-09,Modoc,49,8938,292,271,80,351,0
2021-01-09,Mono,51,14174,1036,964,9,973,3
2021-01-09,Monterey,53,433212,33873,31948,980,32928,235
2021-01-09,Napa,55,140530,7220,6594,25,6619,36
2021-01-09,Nevada,57,99092,3182,2932,114,3046,17
2021-01-09,Orange,59,3164182,203290,191004,8423,199427,2034
2021-01-09,Placer,61,380077,17191,15609,814,16423,162
2021-01-09,Plumas,63,18699,550,477,10,487,2
2021-01-09,Riverside,65,2383286,231780,216076,11518,227594,2201
2021-01-09,Sacramento,67,1510023,77150,74482,847,75329,953
2021-01-09,San Benito,69,59416,4611,4335,46,4381,34
2021-01-09,San Bernardino,71,2135413,244747,228857,6871,235728,1714
2021-01-09,San Diego,73,3302833,207284,188598,0,188598,1824
2021-01-09,San Francisco,75,870044,27967,26708,376,27084,235
2021-01-09,San Joaquin,77,732212,54738,51927,2200,54127,724
2021-01-09,San Luis Obispo,79,281455,14857,13647,360,14007,121
2021-01-09,San Mateo,81,765935,31526,28512,170,28682,205
2021-01-09,Santa Barbara,83,443738,23407,20971,697,21668,197
2021-01-09,Santa Clara,85,1922200,88171,82269,376,82645,808
2021-01-09,Santa Cruz,87,273765,12151,10717,537,11254,107
2021-01-09,Shasta,89,179085,9389,8893,926,9819,81
2021-01-09,Sierra,91,2930,36,32,8,40,0
2021-01-09,Siskiyou,93,43540,1179,1062,168,1230,3
2021-01-09,Solano,95,438530,23972,22226,257,22483,101
2021-01-09,Sonoma,97,501317,22799,21393,122,21515,202
2021-01-09,Stanislaus,99,539301,40842,38403,4090,42493,567
2021-01-09,Sutter,101,95872,7429,7072,56,7128,69
2021-01-09,Tehama,103,63373,3643,3451,388,3839,15
2021-01-09,Trinity,105,12862,325,252,36,288,2
2021-01-09,Tulare,107,460477,39861,37684,5243,42927,496
2021-01-09,Tuolumne,109,53932,3219,3117,24,3141,26
2021-01-09,Ventura,111,848112,56519,51988,2049,54037,306
2021-01-09,Yolo,113,214977,10379,9524,101,9625,129
2021-01-09,Yuba,115,75493,4531,4265,47,4312,27
2021-01-08,Alameda,1,1643700,63573,59172,1351,60523,646
2021-01-08,Alpine,3,1148,74,70,0,70,0
2021-01-08,Amador,5,37829,2950,2792,25,2817,24
2021-01-08,Butte,7,227075,9248,8430,1230,9660,115
2021-01-08,Calaveras,9,45235,1462,1385,7,1392,21
2021-01-08,Colusa,11,21464,1521,1448,141,1589,7
2021-01-08,Contra Costa,13,1133247,49346,45667,819,46486,381
2021-01-08,Del Norte,15,27424,818,795,0,795,2
2021-01-08,El Dorado,17,186661,7493,6690,467,7157,36
2021-01-08,Fresno,19,978130,80104,73689,6052,79741,771
2021-01-08,Glenn,21,27897,1851,1680,357,2037,9
2021-01-08,Humboldt,23,135768,2170,1988,7,1995,22
2021-01-08,Imperial,25,180216,24959,23751,2055,25806,446
2021-01-08,Inyo,27,18085,860,682,1,683,24
2021-01-08,Kern,29,883053,77333,71978,6925,78903,674
2021-01-08,Kings,31,150075,18413,17441,747,18188,108
2021-01-08,Lake,33,64148,2367,2098,0,2098,26
2021-01-08,Lassen,35,31185,4685,4598,69,4667,1
2021-01-08,Los Angeles,37,10098052,958310,871188,31370,902558,11796
2021-01-08,Madera,39,155013,12787,11846,602,12448,85
2021-01-08,Marin,41,260295,11074,10531,110,10641,153
2021-01-08,Mariposa,43,17540,316,273,2,275,3
2021-01-08,Mendocino,45,87422,2893,2634,39,2673,31
2021-01-08,Merced,47,269075,22490,20862,517,21379,236
2021-01-08,Modoc,49,8938,292,266,80,346,0
2021-01-08,Mono,51,14174,1026,951,9,960,3
2021-01-08,Monterey,53,433212,33608,31543,967,32510,224
2021-01-08,Napa,55,140530,7150,6544,25,6569,32
2021-01-08,Nevada,57,99092,3160,2888,114,3002,17
2021-01-08,Orange,59,3164182,201300,186608,8337,194945,1991
2021-01-08,Placer,61,380077,17064,15401,807,16208,161
2021-01-08,Plumas,63,18699,544,465,10,475,2
2021-01-08,Riverside,65,2383286,229422,212122,11380,223502,2184
2021-01-08,Sacramento,67,1510023,76574,73245,841,74086,939
2021-01-08,San Benito,69,59416,4573,4225,45,4270,33
2021-01-08,San Bernardino,71,2135413,242862,224267,6798,231065,1703
2021-01-08,San Diego,73,3302833,204750,185060,0,185060,1771
2021-01-08,San Francisco,75,870044,27720,26378,351,26729,207
2021-01-08,San Joaquin,77,732212,54400,50990,2169,53159,710
2021-01-08,San Luis Obispo,79,281455,14724,13286,346,13632,119
2021-01-08,San Mateo,81,765935,31176,28072,167,28239,204
2021-01-08,Santa Barbara,83,443738,23129,20461,688,21149,189
2021-01-08,Santa Clara,85,1922200,87147,80561,373,80934,789
2021-01-08,Santa Cruz,87,273765,12012,10486,527,11013,106
2021-01-08,Shasta,89,179085,9339,8772,911,9683,81
2021-01-08,Sierra,91,2930,36,31,8,39,0
2021-01-08,Siskiyou,93,43540,1176,1027,167,1194,3
2021-01-08,Solano,95,438530,23804,21832,257,22089,100
2021-01-08,Sonoma,97,501317,22660,21178,122,21300,201
2021-01-08,Stanislaus,99,539301,40541,37858,4053,41911,566
2021-01-08,Sutter,101,95872,7379,6982,56,7038,68
2021-01-08,Tehama,103,63373,3620,3406,383,3789,15
2021-01-08,Trinity,105,12862,325,247,36,283,2
2021-01-08,Tulare,107,460477,39597,36946,5126,42072,491
2021-01-08,Tuolumne,109,53932,3210,3099,24,3123,19
2021-01-08,Ventura,111,848112,55656,50553,2024,52577,294
2021-01-08,Yolo,113,214977,10292,9391,97,9488,129
2021-01-08,Yuba,115,75493,4489,4195,46,4241,26
2021-01-07,Alameda,1,1643700,62629,57921,1323,59244,632
2021-01-07,Alpine,3,1148,72,70,0,70,0
2021-01-07,Amador,5,37829,2937,2740,24,2764,24
2021-01-07,Butte,7,227075,9152,8278,1201,9479,112
2021-01-07,Calaveras,9,45235,1445,1342,6,1348,21
2021-01-07,Colusa,11,21464,1509,1420,134,1554,7
2021-01-07,Contra Costa,13,1133247,48569,44756,802,45558,376
2021-01-07,Del Norte,15,27424,816,791,0,791,2
2021-01-07,El Dorado,17,186661,7394,6545,453,6998,36
2021-01-07,Fresno,19,978130,79152,72557,5947,78504,765
2021-01-07,Glenn,21,27897,1835,1639,348,1987,9
2021-01-07,Humboldt,23,135768,2143,1954,7,1961,22
2021-01-07,Imperial,25,180216,24766,23608,2002,25610,431
2021-01-07,Inyo,27,18085,847,656,1,657,20
2021-01-07,Kern,29,883053,76479,70953,6773,77726,660
2021-01-07,Kings,31,150075,18285,17238,738,17976,108
2021-01-07,Lake,33,64148,2312,2054,0,2054,26
2021-01-07,Lassen,35,31185,4680,4581,67,4648,1
2021-01-07,Los Angeles,37,10098052,943451,853187,30807,883994,11480
2021-01-07,Madera,39,155013,12631,11644,590,12234,76
2021-01-07,Marin,41,260295,10983,10364,108,10472,153
2021-01-07,Mariposa,43,17540,314,264,2,266,3
2021-01-07,Mendocino,45,87422,2838,2585,35,2620,30
2021-01-07,Merced,47,269075,22169,20510,502,21012,234
2021-01-07,Modoc,49,8938,292,265,80,345,0
2021-01-07,Mono,51,14174,1015,905,9,914,3
2021-01-07,Monterey,53,433212,33079,30903,946,31849,222
2021-01-07,Napa,55,140530,7040,6408,25,6433,32
2021-01-07,Nevada,57,99092,3126,2847,109,2956,17
2021-01-07,Orange,59,3164182,198468,181922,8233,190155,1974
2021-01-07,Placer,61,380077,16881,15155,777,15932,144
2021-01-07,Plumas,63,18699,542,454,10,464,2
2021-01-07,Riverside,65,2383286,226091,208177,11190,219367,2156
2021-01-07,Sacramento,67,1510023,75669,72342,820,73162,919
2021-01-07,San Benito,69,59416,4511,4112,41,4153,33
2021-01-07,San Bernardino,71,2135413,239329,219691,6714,226405,1666
2021-01-07,San Diego,73,3302833,201446,180510,0,180510,1738
2021-01-07,San Francisco,75,870044,27386,25885,334,26219,202
2021-01-07,San Joaquin,77,732212,53715,50156,2137,52293,689
2021-01-07,San Luis Obispo,79,281455,14486,12810,332,13142,118
2021-01-07,San Mateo,81,765935,30665,27494,163,27657,201
2021-01-07,Santa Barbara,83,443738,22711,19931,674,20605,187
2021-01-07,Santa Clara,85,1922200,85928,78808,369,79177,775
2021-01-07,Santa Cruz,87,273765,11803,10228,520,10748,104
2021-01-07,Shasta,89,179085,9252,8612,903,9515,81
2021-01-07,Sierra,91,2930,36,31,8,39,0
2021-01-07,Siskiyou,93,43540,1171,1010,165,1175,3
2021-01-07,Solano,95,438530,23409,21384,253,21637,100
2021-01-07,Sonoma,97,501317,22399,20857,121,20978,200
2021-01-07,Stanislaus,99,539301,40116,37296,4001,41297,553
2021-01-07,Sutter,101,95872,7320,6890,55,6945,65
2021-01-07,Tehama,103,63373,3596,3330,376,3706,15
2021-01-07,Trinity,105,12862,325,247,36,283,2
2021-01-07,Tulare,107,460477,39194,36397,4982,41379,482
2021-01-07,Tuolumne,109,53932,3190,3068,23,3091,14
2021-01-07,Ventura,111,848112,54496,49083,1995,51078,288
2021-01-07,Yolo,113,214977,10154,9207,95,9302,128
2021-01-07,Yuba,115,75493,4447,4128,46,4174,25
2021-01-06,Alameda,1,1643700,61758,57081,1293,58374,616
2021-01-06,Alpine,3,1148,72,70,0,70,0
2021-01-06,Amador,5,37829,2916,2717,23,2740,24
2021-01-06,Butte,7,227075,9041,8147,1182,9329,110
2021-01-06,Calaveras,9,45235,1420,1321,6,1327,21
2021-01-06,Colusa,11,21464,1489,1385,128,1513,7
2021-01-06,Contra Costa,13,1133247,47767,44054,784,44838,358
2021-01-06,Del Norte,15,27424,810,780,0,780,2
2021-01-06,El Dorado,17,186661,7283,6397,440,6837,35
2021-01-06,Fresno,19,978130,78310,71404,5844,77248,752
2021-01-06,Glenn,21,27897,1811,1622,342,1964,9
2021-01-06,Humboldt,23,135768,2117,1912,7,1919,22
2021-01-06,Imperial,25,180216,24513,23400,1961,25361,431
2021-01-06,Inyo,27,18085,831,630,1,631,20
2021-01-06,Kern,29,883053,75540,69893,6635,76528,646
2021-01-06,Kings,31,150075,18091,17019,715,17734,108
2021-01-06,Lake,33,64148,2274,2033,0,2033,26
2021-01-06,Lassen,35,31185,4668,4560,63,4623,1
2021-01-06,Los Angeles,37,10098052,927564,835052,30080,865132,11285
2021-01-06,Madera,39,155013,12497,11407,584,11991,67
2021-01-06,Marin,41,260295,10856,10282,107,10389,153
2021-01-06,Mariposa,43,17540,311,259,2,261,3
2021-01-06,Mendocino,45,87422,2808,2561,35,2596,30
2021-01-06,Merced,47,269075,21826,20258,486,20744,232
2021-01-06,Modoc,49,8938,292,263,80,343,0
2021-01-06,Mono,51,14174,984,905,9,914,3
2021-01-06,Monterey,53,433212,32490,30387,910,31297,222
2021-01-06,Napa,55,140530,6910,6342,25,6367,32
2021-01-06,Nevada,57,99092,3106,2805,109,2914,15
2021-01-06,Orange,59,3164182,195023,177686,8090,185776,1935
2021-01-06,Placer,61,380077,16695,14940,758,15698,134
2021-01-06,Plumas,63,18699,534,445,10,455,2
2021-01-06,Riverside,65,2383286,222084,203714,10971,214685,2121
2021-01-06,Sacramento,67,1510023,74650,71572,803,72375,909
2021-01-06,San Benito,69,59416,4434,4031,40,4071,32
2021-01-06,San Bernardino,71,2135413,235624,215286,6599,221885,1634
2021-01-06,San Diego,73,3302833,197951,176660,0,176660,1691
2021-01-06,San Francisco,75,870044,27015,25424,324,25748,199
2021-01-06,San Joaquin,77,732212,52954,49286,2095,51381,673
2021-01-06,San Luis Obispo,79,281455,14089,12305,325,12630,115
2021-01-06,San Mateo,81,765935,30242,27050,160,27210,200
2021-01-06,Santa Barbara,83,443738,22231,19453,662,20115,177
2021-01-06,Santa Clara,85,1922200,84525,77485,362,77847,746
2021-01-06,Santa Cruz,87,273765,11585,9954,500,10454,97
2021-01-06,Shasta,89,179085,9181,8482,896,9378,78
2021-01-06,Sierra,91,2930,35,31,8,39,0
2021-01-06,Siskiyou,93,43540,1159,998,161,1159,3
2021-01-06,Solano,95,438530,23021,21102,250,21352,99
2021-01-06,Sonoma,97,501317,22094,20558,121,20679,196
2021-01-06,Stanislaus,99,539301,39521,36751,3939,40690,553
2021-01-06,Sutter,101,95872,7238,6839,54,6893,59
2021-01-06,Tehama,103,63373,3569,3306,370,3676,15
2021-01-06,Trinity,105,12862,325,246,36,282,2
2021-01-06,Tulare,107,460477,38632,35882,4871,40753,465
2021-01-06,Tuolumne,109,53932,3170,3008,23,3031,14
2021-01-06,Ventura,111,848112,53252,47428,1970,49398,280
2021-01-06,Yolo,113,214977,9993,9083,92,9175,127
2021-01-06,Yuba,115,75493,4400,4097,46,4143,25
2021-01-05,Alameda,1,1643700,60606,56432,1256,57688,602
2021-01-05,Alpine,3,1148,72,70,0,70,0
2021-01-05,Amador,5,37829,2876,2695,23,2718,24
2021-01-05,Butte,7,227075,8902,8008,1155,9163,107
2021-01-05,Calaveras,9,45235,1371,1292,6,1298,21
2021-01-05,Colusa,11,21464,1464,1376,122,1498,7
2021-01-05,Contra Costa,13,1133247,46885,43442,773,44215,353
2021-01-05,Del Norte,15,27424,803,770,0,770,2
2021-01-05,El Dorado,17,186661,7165,6270,419,6689,32
2021-01-05,Fresno,19,978130,77082,70971,5748,76719,741
2021-01-05,Glenn,21,27897,1786,1608,330,1938,9
2021-01-05,Humboldt,23,135768,2080,1884,7,1891,22
2021-01-05,Imperial,25,180216,24350,23165,1912,25077,421
2021-01-05,Inyo,27,18085,817,627,1,628,20
2021-01-05,Kern,29,883053,74469,68257,6489,74746,624
2021-01-05,Kings,31,150075,17893,16860,691,17551,108
2021-01-05,Lake,33,64148,2226,2015,0,2015,25
2021-01-05,Lassen,35,31185,4654,4554,59,4613,1
2021-01-05,Los Angeles,37,10098052,908901,823783,29389,853172,11028
2021-01-05,Madera,39,155013,12321,11359,571,11930,67
2021-01-05,Marin,41,260295,10706,10214,105,10319,151
2021-01-05,Mariposa,43,17540,305,257,2,259,3
2021-01-05,Mendocino,45,87422,2773,2501,35,2536,30
2021-01-05,Merced,47,269075,21476,20051,473,20524,230
2021-01-05,Modoc,49,8938,292,254,80,334,0
2021-01-05,Mono,51,14174,978,896,9,905,3
2021-01-05,Monterey,53,433212,31918,30045,873,30918,213
2021-01-05,Napa,55,140530,6823,6264,25,6289,29
2021-01-05,Nevada,57,99092,3078,2781,108,2889,15
2021-01-05,Orange,59,3164182,191380,174869,7891,182760,1918
2021-01-05,Placer,61,380077,16464,14723,734,15457,133
2021-01-05,Plumas,63,18699,527,428,10,438,2
2021-01-05,Riverside,65,2383286,217970,200439,10768,211207,2069
2021-01-05,Sacramento,67,1510023,73719,70677,775,71452,888
2021-01-05,San Benito,69,59416,4331,3961,38,3999,28
2021-01-05,San Bernardino,71,2135413,231698,212522,6482,219004,1615
2021-01-05,San Diego,73,3302833,193815,172845,0,172845,1654
2021-01-05,San Francisco,75,870044,26649,24989,305,25294,196
2021-01-05,San Joaquin,77,732212,52081,48969,2052,51021,663
2021-01-05,San Luis Obispo,79,281455,13690,12027,315,12342,106
2021-01-05,San Mateo,81,765935,29757,26486,158,26644,198
2021-01-05,Santa Barbara,83,443738,21798,19063,651,19714,172
2021-01-05,Santa Clara,85,1922200,82992,76355,348,76703,729
2021-01-05,Santa Cruz,87,273765,11313,9753,475,10228,93
2021-01-05,Shasta,89,179085,9075,8345,876,9221,73
2021-01-05,Sierra,91,2930,35,31,8,39,0
2021-01-05,Siskiyou,93,43540,1147,985,159,1144,3
2021-01-05,Solano,95,438530,22615,20860,245,21105,97
2021-01-05,Sonoma,97,501317,21730,20247,120,20367,194
2021-01-05,Stanislaus,99,539301,38978,36363,3891,40254,553
2021-01-05,Sutter,101,95872,7139,6769,53,6822,59
2021-01-05,Tehama,103,63373,3512,3255,366,3621,9
2021-01-05,Trinity,105,12862,325,246,36,282,2
2021-01-05,Tulare,107,460477,38017,35585,4730,40315,455
2021-01-05,Tuolumne,109,53932,3146,2996,18,3014,13
2021-01-05,Ventura,111,848112,52005,46456,1947,48403,264
2021-01-05,Yolo,113,214977,9819,8980,91,9071,127
2021-01-05,Yuba,115,75493,4342,4053,45,4098,21
2021-01-04,Alameda,1,1643700,59367,55899,1223,57122,583
2021-01-04,Alpine,3,1148,72,68,0,68,0
2021-01-04,Amador,5,37829,2836,2596,23,2619,24
2021-01-04,Butte,7,227075,8744,7893,1131,9024,105
2021-01-04,Calaveras,9,45235,1331,1276,5,1281,21
2021-01-04,Colusa,11,21464,1439,1368,108,1476,7
2021-01-04,Contra Costa,13,1133247,46033,43019,747,43766,353
2021-01-04,Del Norte,15,27424,794,770,0,770,2
2021-01-04,El Dorado,17,186661,7031,6152,403,6555,27
2021-01-04,Fresno,19,978130,75824,69871,5647,75518,726
2021-01-04,Glenn,21,27897,1755,1590,322,1912,9
2021-01-04,Humboldt,23,135768,2044,1845,7,1852,22
2021-01-04,Imperial,25,180216,24199,23035,1858,24893,420
2021-01-04,Inyo,27,18085,790,623,1,624,20
2021-01-04,Kern,29,883053,73394,67418,6283,73701,623
2021-01-04,Kings,31,150075,17622,16801,664,17465,108
2021-01-04,Lake,33,64148,2184,1984,0,1984,25
2021-01-04,Lassen,35,31185,4632,4550,58,4608,1
2021-01-04,Los Angeles,37,10098052,888888,813022,28472,841494,10790
2021-01-04,Madera,39,155013,12100,11204,549,11753,67
2021-01-04,Marin,41,260295,10571,10115,102,10217,151
2021-01-04,Mariposa,43,17540,299,253,2,255,3
2021-01-04,Mendocino,45,87422,2733,2460,31,2491,28
2021-01-04,Merced,47,269075,21062,19804,454,20258,230
2021-01-04,Modoc,49,8938,276,250,78,328,0
2021-01-04,Mono,51,14174,967,895,9,904,3
2021-01-04,Monterey,53,433212,31265,29659,850,30509,212
2021-01-04,Napa,55,140530,6682,6187,25,6212,29
2021-01-04,Nevada,57,99092,3041,2765,103,2868,15
2021-01-04,Orange,59,3164182,187496,172458,7759,180217,1918
2021-01-04,Placer,61,380077,16190,14622,720,15342,133
2021-01-04,Plumas,63,18699,517,419,10,429,1
2021-01-04,Riverside,65,2383286,213497,196809,10553,207362,2066
2021-01-04,Sacramento,67,1510023,72660,70164,765,70929,870
2021-01-04,San Benito,69,59416,4218,3914,38,3952,28
2021-01-04,San Bernardino,71,2135413,227492,210868,6317,217185,1615
2021-01-04,San Diego,73,3302833,189247,171031,0,171031,1598
2021-01-04,San Francisco,75,870044,26264,24753,298,25051,191
2021-01-04,San Joaquin,77,732212,51181,48644,2010,50654,661
2021-01-04,San Luis Obispo,79,281455,13204,11945,307,12252,96
2021-01-04,San Mateo,81,765935,29195,26150,153,26303,198
2021-01-04,Santa Barbara,83,443738,21282,18735,618,19353,165
2021-01-04,Santa Clara,85,1922200,81238,75297,341,75638,727
2021-01-04,Santa Cruz,87,273765,11026,9680,458,10138,85
2021-01-04,Shasta,89,179085,8970,8224,860,9084,72
2021-01-04,Sierra,91,2930,34,30,8,38,0
2021-01-04,Siskiyou,93,43540,1131,980,154,1134,3
2021-01-04,Solano,95,438530,22110,20588,238,20826,97
2021-01-04,Sonoma,97,501317,21388,20210,119,20329,194
2021-01-04,Stanislaus,99,539301,38417,36141,3833,39974,553
2021-01-04,Sutter,101,95872,7041,6712,52,6764,56
2021-01-04,Tehama,103,63373,3439,3190,360,3550,9
2021-01-04,Trinity,105,12862,322,245,36,281,2
2021-01-04,Tulare,107,460477,37460,35060,4622,39682,455
2021-01-04,Tuolumne,109,53932,3121,2987,18,3005,13
2021-01-04,Ventura,111,848112,50504,45014,1928,46942,255
2021-01-04,Yolo,113,214977,9623,8834,85,8919,121
2021-01-04,Yuba,115,75493,4283,4023,45,4068,21
2021-01-03,Alameda,1,1643700,58140,55082,1192,56274,580
2021-01-03,Alpine,3,1148,70,68,0,68,0
2021-01-03,Amador,5,37829,2772,2565,23,2588,24
2021-01-03,Butte,7,227075,8554,7837,1076,8913,105
2021-01-03,Calaveras,9,45235,1295,1249,3,1252,21
2021-01-03,Colusa,11,21464,1410,1337,102,1439,7
2021-01-03,Contra Costa,13,1133247,45140,42432,722,43154,352
2021-01-03,Del Norte,15,27424,782,768,0,768,2
2021-01-03,El Dorado,17,186661,6903,6034,386,6420,27
2021-01-03,Fresno,19,978130,74680,69326,5522,74848,719
2021-01-03,Glenn,21,27897,1730,1581,311,1892,9
2021-01-03,Humboldt,23,135768,2007,1833,7,1840,21
2021-01-03,Imperial,25,180216,23947,22951,1772,24723,419
2021-01-03,Inyo,27,18085,773,615,1,616,20
2021-01-03,Kern,29,883053,72142,66895,6099,72994,609
2021-01-03,Kings,31,150075,17355,16593,630,17223,108
2021-01-03,Lake,33,64148,2131,1976,0,1976,24
2021-01-03,Lassen,35,31185,4599,4531,57,4588,1
2021-01-03,Los Angeles,37,10098052,866989,792168,27367,819535,10633
2021-01-03,Madera,39,155013,11875,11152,525,11677,67
2021-01-03,Marin,41,260295,10421,10034,97,10131,150
2021-01-03,Mariposa,43,17540,292,248,2,250,3
2021-01-03,Mendocino,45,87422,2693,2445,30,2475,24
2021-01-03,Merced,47,269075,20592,19600,427,20027,230
2021-01-03,Modoc,49,8938,272,245,77,322,0
2021-01-03,Mono,51,14174,942,893,9,902,3
2021-01-03,Monterey,53,433212,30676,29357,813,30170,191
2021-01-03,Napa,55,140530,6581,6094,25,6119,29
2021-01-03,Nevada,57,99092,2982,2742,101,2843,15
2021-01-03,Orange,59,3164182,183325,169881,7563,177444,1919
2021-01-03,Placer,61,380077,15943,14319,695,15014,133
2021-01-03,Plumas,63,18699,504,416,10,426,1
2021-01-03,Riverside,65,2383286,208719,195048,10277,205325,2005
2021-01-03,Sacramento,67,1510023,71459,68558,744,69302,859
2021-01-03,San Benito,69,59416,4119,3882,37,3919,28
2021-01-03,San Bernardino,71,2135413,222208,208294,6139,214433,1592
2021-01-03,San Diego,73,3302833,183992,168018,0,168018,1592
2021-01-03,San Francisco,75,870044,25766,24588,280,24868,193
2021-01-03,San Joaquin,77,732212,50080,47899,1947,49846,661
2021-01-03,San Luis Obispo,79,281455,12735,11636,298,11934,95
2021-01-03,San Mateo,81,765935,28603,25770,147,25917,196
2021-01-03,Santa Barbara,83,443738,20565,18267,601,18868,164
2021-01-03,Santa Clara,85,1922200,79685,74534,335,74869,720
2021-01-03,Santa Cruz,87,273765,10725,9528,439,9967,84
2021-01-03,Shasta,89,179085,8844,8192,818,9010,72
2021-01-03,Sierra,91,2930,34,30,8,38,0
2021-01-03,Siskiyou,93,43540,1099,976,144,1120,3
2021-01-03,Solano,95,438530,21577,20105,233,20338,97
2021-01-03,Sonoma,97,501317,20998,19982,115,20097,193
2021-01-03,Stanislaus,99,539301,37730,35762,3749,39511,553
2021-01-03,Sutter,101,95872,6943,6664,51,6715,53
2021-01-03,Tehama,103,63373,3379,3176,351,3527,9
2021-01-03,Trinity,105,12862,319,243,35,278,2
2021-01-03,Tulare,107,460477,36907,34747,4475,39222,455
2021-01-03,Tuolumne,109,53932,3059,2978,15,2993,13
2021-01-03,Ventura,111,848112,48680,43748,1910,45658,254
2021-01-03,Yolo,113,214977,9463,8674,81,8755,121
2021-01-03,Yuba,115,75493,4229,3966,44,4010,20
2021-01-02,Alameda,1,1643700,57535,54518,1162,55680,581
2021-01-02,Alpine,3,1148,70,68,0,68,0
2021-01-02,Amador,5,37829,2753,2540,23,2563,24
2021-01-02,Butte,7,227075,8446,7750,1055,8805,105
2021-01-02,Calaveras,9,45235,1276,1230,3,1233,21
2021-01-02,Colusa,11,21464,1400,1332,101,1433,7
2021-01-02,Contra Costa,13,1133247,44617,41993,710,42703,352
2021-01-02,Del Norte,15,27424,780,764,0,764,2
2021-01-02,El Dorado,17,186661,6848,5959,382,6341,27
2021-01-02,Fresno,19,978130,74149,68740,5407,74147,717
2021-01-02,Glenn,21,27897,1715,1546,310,1856,9
2021-01-02,Humboldt,23,135768,1983,1815,7,1822,21
2021-01-02,Imperial,25,180216,23869,22867,1732,24599,420
2021-01-02,Inyo,27,18085,760,609,1,610,20
2021-01-02,Kern,29,883053,71426,66457,5989,72446,610
2021-01-02,Kings,31,150075,17263,16515,626,17141,108
2021-01-02,Lake,33,64148,2095,1925,0,1925,24
2021-01-02,Lassen,35,31185,4588,4457,56,4513,1
2021-01-02,Los Angeles,37,10098052,858720,791892,26629,818521,10633
2021-01-02,Madera,39,155013,11766,11039,513,11552,67
2021-01-02,Marin,41,260295,10376,9924,94,10018,151
2021-01-02,Mariposa,43,17540,285,243,2,245,3
2021-01-02,Mendocino,45,87422,2651,2428,29,2457,24
2021-01-02,Merced,47,269075,20451,19395,410,19805,230
2021-01-02,Modoc,49,8938,271,245,77,322,0
2021-01-02,Mono,51,14174,932,884,9,893,3
2021-01-02,Monterey,53,433212,30469,28991,802,29793,191
2021-01-02,Napa,55,140530,6522,5994,25,6019,29
2021-01-02,Nevada,57,99092,2955,2706,97,2803,15
2021-01-02,Orange,59,3164182,181142,168457,7409,175866,1918
2021-01-02,Placer,61,380077,15769,14182,685,14867,133
2021-01-02,Plumas,63,18699,501,413,10,423,1
2021-01-02,Riverside,65,2383286,206151,192069,10033,202102,2008
2021-01-02,Sacramento,67,1510023,70817,67810,729,68539,858
2021-01-02,San Benito,69,59416,4039,3829,37,3866,28
2021-01-02,San Bernardino,71,2135413,220595,206939,6005,212944,1597
2021-01-02,San Diego,73,3302833,181400,164498,0,164498,1592
2021-01-02,San Francisco,75,870044,25506,24414,273,24687,194
2021-01-02,San Joaquin,77,732212,49716,47310,1915,49225,662
2021-01-02,San Luis Obispo,79,281455,12601,11467,293,11760,95
2021-01-02,San Mateo,81,765935,28267,25483,139,25622,196
2021-01-02,Santa Barbara,83,443738,20281,18135,597,18732,164
2021-01-02,Santa Clara,85,1922200,78517,73662,328,73990,720
2021-01-02,Santa Cruz,87,273765,10574,9340,430,9770,85
2021-01-02,Shasta,89,179085,8778,8154,806,8960,72
2021-01-02,Sierra,91,2930,34,28,8,36,0
2021-01-02,Siskiyou,93,43540,1088,949,142,1091,3
2021-01-02,Solano,95,438530,21381,19805,223,20028,97
2021-01-02,Sonoma,97,501317,20840,19761,115,19876,194
2021-01-02,Stanislaus,99,539301,37417,35431,3680,39111,553
2021-01-02,Sutter,101,95872,6888,6621,51,6672,53
2021-01-02,Tehama,103,63373,3354,3146,347,3493,9
2021-01-02,Trinity,105,12862,316,243,35,278,2
2021-01-02,Tulare,107,460477,36590,34479,4405,38884,455
2021-01-02,Tuolumne,109,53932,3045,2942,13,2955,13
2021-01-02,Ventura,111,848112,47530,43397,1875,45272,254
2021-01-02,Yolo,113,214977,9369,8571,79,8650,122
2021-01-02,Yuba,115,75493,4191,3930,43,3973,21
2021-01-01,Alameda,1,1643700,56893,53518,1145,54663,579
2021-01-01,Alpine,3,1148,70,68,0,68,0
2021-01-01,Amador,5,37829,2727,2513,21,2534,24
2021-01-01,Butte,7,227075,8345,7589,1030,8619,105
2021-01-01,Calaveras,9,45235,1261,1186,3,1189,21
2021-01-01,Colusa,11,21464,1391,1314,99,1413,7
2021-01-01,Contra Costa,13,1133247,44143,41412,688,42100,351
2021-01-01,Del Norte,15,27424,774,758,0,758,2
2021-01-01,El Dorado,17,186661,6759,5832,371,6203,27
2021-01-01,Fresno,19,978130,73083,67484,5319,72803,717
2021-01-01,Glenn,21,27897,1699,1520,307,1827,9
2021-01-01,Humboldt,23,135768,1945,1783,7,1790,21
2021-01-01,Imperial,25,180216,23785,22715,1680,24395,418
2021-01-01,Inyo,27,18085,736,606,1,607,20
2021-01-01,Kern,29,883053,70603,65571,5877,71448,609
2021-01-01,Kings,31,150075,17080,16358,620,16978,108
2021-01-01,Lake,33,64148,2065,1888,0,1888,24
2021-01-01,Lassen,35,31185,4582,4377,56,4433,1
2021-01-01,Los Angeles,37,10098052,844599,775578,25899,801477,10515
2021-01-01,Madera,39,155013,11607,10752,504,11256,66
2021-01-01,Marin,41,260295,10269,9821,94,9915,148
2021-01-01,Mariposa,43,17540,277,236,2,238,3
2021-01-01,Mendocino,45,87422,2597,2400,29,2429,24
2021-01-01,Merced,47,269075,20267,19118,394,19512,229
2021-01-01,Modoc,49,8938,271,241,77,318,0
2021-01-01,Mono,51,14174,914,884,9,893,3
2021-01-01,Monterey,53,433212,30239,28465,794,29259,191
2021-01-01,Napa,55,140530,6436,5899,25,5924,28
2021-01-01,Nevada,57,99092,2931,2663,97,2760,15
2021-01-01,Orange,59,3164182,178357,165440,7258,172698,1893
2021-01-01,Placer,61,380077,15605,13987,667,14654,133
2021-01-01,Plumas,63,18699,496,412,10,422,1
2021-01-01,Riverside,65,2383286,202945,188674,9752,198426,1990
2021-01-01,Sacramento,67,1510023,70216,66956,711,67667,848
2021-01-01,San Benito,69,59416,4003,3773,37,3810,28
2021-01-01,San Bernardino,71,2135413,217778,203651,5866,209517,1590
2021-01-01,San Diego,73,3302833,178340,160071,0,160071,1592
2021-01-01,San Francisco,75,870044,25231,24145,262,24407,187
2021-01-01,San Joaquin,77,732212,49435,46640,1867,48507,657
2021-01-01,San Luis Obispo,79,281455,12379,11160,285,11445,94
2021-01-01,San Mateo,81,765935,27818,25041,135,25176,194
2021-01-01,Santa Barbara,83,443738,19962,17759,587,18346,164
2021-01-01,Santa Clara,85,1922200,77250,71904,323,72227,680
2021-01-01,Santa Cruz,87,273765,10397,9146,418,9564,84
2021-01-01,Shasta,89,179085,8696,8102,789,8891,72
2021-01-01,Sierra,91,2930,34,26,8,34,0
2021-01-01,Siskiyou,93,43540,1074,944,137,1081,3
2021-01-01,Solano,95,438530,21169,19393,221,19614,97
2021-01-01,Sonoma,97,501317,20651,19513,115,19628,189
2021-01-01,Stanislaus,99,539301,37141,34978,3612,38590,553
2021-01-01,Sutter,101,95872,6832,6553,50,6603,52
2021-01-01,Tehama,103,63373,3298,3079,338,3417,9
2021-01-01,Trinity,105,12862,316,243,35,278,2
2021-01-01,Tulare,107,460477,36186,33994,4303,38297,454
2021-01-01,Tuolumne,109,53932,3029,2909,13,2922,13
2021-01-01,Ventura,111,848112,46037,42026,1847,43873,253
2021-01-01,Yolo,113,214977,9257,8461,77,8538,120
2021-01-01,Yuba,115,75493,4132,3845,42,3887,19
2020-12-31,Alameda,1,1643700,56379,52475,1113,53588,579
2020-12-31,Alpine,3,1148,70,66,0,66,0
2020-12-31,Amador,5,37829,2713,2493,21,2514,24
2020-12-31,Butte,7,227075,8272,7405,1011,8416,105
2020-12-31,Calaveras,9,45235,1249,1161,3,1164,21
2020-12-31,Colusa,11,21464,1383,1301,96,1397,7
2020-12-31,Contra Costa,13,1133247,43771,40512,673,41185,336
2020-12-31,Del Norte,15,27424,773,748,0,748,2
2020-12-31,El Dorado,17,186661,6707,5662,362,6024,26
2020-12-31,Fresno,19,978130,72666,66442,5255,71697,711
2020-12-31,Glenn,21,27897,1679,1484,302,1786,9
2020-12-31,Humboldt,23,135768,1928,1713,7,1720,21
2020-12-31,Imperial,25,180216,23721,22494,1664,24158,417
2020-12-31,Inyo,27,18085,728,591,1,592,20
2020-12-31,Kern,29,883053,70138,64904,5782,70686,609
2020-12-31,Kings,31,150075,17005,16077,612,16689,108
2020-12-31,Lake,33,64148,2053,1848,0,1848,23
2020-12-31,Lassen,35,31185,4576,4340,55,4395,1
2020-12-31,Los Angeles,37,10098052,839325,755844,25405,781249,10320
2020-12-31,Madera,39,155013,11540,10609,493,11102,64
2020-12-31,Marin,41,260295,10228,9731,93,9824,148
2020-12-31,Mariposa,43,17540,275,217,2,219,3
2020-12-31,Mendocino,45,87422,2582,2367,25,2392,24
2020-12-31,Merced,47,269075,20180,18808,384,19192,226
2020-12-31,Modoc,49,8938,271,238,77,315,0
2020-12-31,Mono,51,14174,907,868,9,877,3
2020-12-31,Monterey,53,433212,30051,27720,782,28502,188
2020-12-31,Napa,55,140530,6373,5801,25,5826,28
2020-12-31,Nevada,57,99092,2908,2619,95,2714,15
2020-12-31,Orange,59,3164182,176478,161586,7122,168708,1866
2020-12-31,Placer,61,380077,15455,13708,664,14372,126
2020-12-31,Plumas,63,18699,491,401,9,410,1
2020-12-31,Riverside,65,2383286,201424,184193,9587,193780,1958
2020-12-31,Sacramento,67,1510023,69699,65817,699,66516,830
2020-12-31,San Benito,69,59416,3981,3673,37,3710,28
2020-12-31,San Bernardino,71,2135413,216222,199115,5793,204908,1586
2020-12-31,San Diego,73,3302833,176578,155593,0,155593,1534
2020-12-31,San Francisco,75,870044,25006,23740,254,23994,183
2020-12-31,San Joaquin,77,732212,49131,45764,1826,47590,646
2020-12-31,San Luis Obispo,79,281455,12269,10846,285,11131,89
2020-12-31,San Mateo,81,765935,27488,24570,129,24699,192
2020-12-31,Santa Barbara,83,443738,19720,17434,580,18014,161
2020-12-31,Santa Clara,85,1922200,76486,70032,318,70350,665
2020-12-31,Santa Cruz,87,273765,10279,8909,405,9314,84
2020-12-31,Shasta,89,179085,8631,7996,779,8775,69
2020-12-31,Sierra,91,2930,34,26,8,34,0
2020-12-31,Siskiyou,93,43540,1058,940,134,1074,3
2020-12-31,Solano,95,438530,20942,18942,220,19162,97
2020-12-31,Sonoma,97,501317,20535,19129,114,19243,188
2020-12-31,Stanislaus,99,539301,36847,34398,3556,37954,552
2020-12-31,Sutter,101,95872,6802,6432,49,6481,51
2020-12-31,Tehama,103,63373,3269,3036,337,3373,9
2020-12-31,Trinity,105,12862,315,241,35,276,2
2020-12-31,Tulare,107,460477,36025,33412,4249,37661,446
2020-12-31,Tuolumne,109,53932,3021,2902,13,2915,12
2020-12-31,Ventura,111,848112,45531,40854,1829,42683,251
2020-12-31,Yolo,113,214977,9173,8295,76,8371,117
2020-12-31,Yuba,115,75493,4093,3799,41,3840,18
2020-12-30,Alameda,1,1643700,55619,50158,1062,51220,573
2020-12-30,Alpine,3,1148,70,66,0,66,0
2020-12-30,Amador,5,37829,2693,2418,20,2438,24
2020-12-30,Butte,7,227075,8113,7140,995,8135,103
2020-12-30,Calaveras,9,45235,1224,1135,3,1138,21
2020-12-30,Colusa,11,21464,1367,1289,90,1379,7
2020-12-30,Contra Costa,13,1133247,43188,39601,661,40262,337
2020-12-30,Del Norte,15,27424,768,726,0,726,2
2020-12-30,El Dorado,17,186661,6608,5595,350,5945,27
2020-12-30,Fresno,19,978130,71825,65566,5091,70657,711
2020-12-30,Glenn,21,27897,1650,1471,289,1760,9
2020-12-30,Humboldt,23,135768,1894,1654,7,1661,22
2020-12-30,Imperial,25,180216,23555,22098,1586,23684,412
2020-12-30,Inyo,27,18085,721,572,1,573,20
2020-12-30,Kern,29,883053,69417,63292,5631,68923,604
2020-12-30,Kings,31,150075,16886,15862,604,16466,108
2020-12-30,Lake,33,64148,2030,1731,0,1731,23
2020-12-30,Lassen,35,31185,4567,4300,55,4355,1
2020-12-30,Los Angeles,37,10098052,828497,741907,24676,766583,10046
2020-12-30,Madera,39,155013,11431,10249,482,10731,65
2020-12-30,Marin,41,260295,10141,9569,86,9655,148
2020-12-30,Mariposa,43,17540,271,214,2,216,3
2020-12-30,Mendocino,45,87422,2564,2291,22,2313,24
2020-12-30,Merced,47,269075,19888,18519,374,18893,225
2020-12-30,Modoc,49,8938,268,234,77,311,0
2020-12-30,Mono,51,14174,904,868,9,877,3
2020-12-30,Monterey,53,433212,29444,26977,759,27736,186
2020-12-30,Napa,55,140530,6267,5754,25,5779,28
2020-12-30,Nevada,57,99092,2873,2595,93,2688,15
2020-12-30,Orange,59,3164182,173823,153951,6929,160880,1863
2020-12-30,Placer,61,380077,15203,13540,652,14192,127
2020-12-30,Plumas,63,18699,486,397,9,406,1
2020-12-30,Riverside,65,2383286,198490,176402,9396,185798,1919
2020-12-30,Sacramento,67,1510023,68828,64119,681,64800,847
2020-12-30,San Benito,69,59416,3900,3464,33,3497,29
2020-12-30,San Bernardino,71,2135413,213646,192648,5704,198352,1591
2020-12-30,San Diego,73,3302833,172946,152510,0,152510,1472
2020-12-30,San Francisco,75,870044,24715,23099,248,23347,182
2020-12-30,San Joaquin,77,732212,48444,44465,1783,46248,634
2020-12-30,San Luis Obispo,79,281455,12001,10542,277,10819,89
2020-12-30,San Mateo,81,765935,27056,24150,125,24275,190
2020-12-30,Santa Barbara,83,443738,19329,16895,556,17451,161
2020-12-30,Santa Clara,85,1922200,75220,67218,314,67532,661
2020-12-30,Santa Cruz,87,273765,10086,8787,395,9182,86
2020-12-30,Shasta,89,179085,8519,7818,765,8583,69
2020-12-30,Sierra,91,2930,34,25,8,33,0
2020-12-30,Siskiyou,93,43540,1051,913,124,1037,3
2020-12-30,Solano,95,438530,20546,18300,217,18517,96
2020-12-30,Sonoma,97,501317,20276,18947,114,19061,191
2020-12-30,Stanislaus,99,539301,36367,33730,3482,37212,526
2020-12-30,Sutter,101,95872,6741,6328,48,6376,51
2020-12-30,Tehama,103,63373,3225,2969,333,3302,9
2020-12-30,Trinity,105,12862,314,231,35,266,2
2020-12-30,Tulare,107,460477,35474,32413,4184,36597,430
2020-12-30,Tuolumne,109,53932,3008,2772,11,2783,12
2020-12-30,Ventura,111,848112,44244,39039,1804,40843,251
2020-12-30,Yolo,113,214977,9067,8067,73,8140,117
2020-12-30,Yuba,115,75493,4025,3612,41,3653,18
2020-12-29,Alameda,1,1643700,54561,50946,1026,51972,552
2020-12-29,Alpine,3,1148,70,65,0,65,0
2020-12-29,Amador,5,37829,2641,2388,19,2407,23
2020-12-29,Butte,7,227075,7942,7178,971,8149,98
2020-12-29,Calaveras,9,45235,1178,1111,2,1113,21
2020-12-29,Colusa,11,21464,1346,1272,85,1357,7
2020-12-29,Contra Costa,13,1133247,42384,39225,630,39855,325
2020-12-29,Del Norte,15,27424,761,724,0,724,2
2020-12-29,El Dorado,17,186661,6480,5551,335,5886,22
2020-12-29,Fresno,19,978130,70456,65149,4929,70078,688
2020-12-29,Glenn,21,27897,1616,1454,282,1736,9
2020-12-29,Humboldt,23,135768,1846,1616,7,1623,19
2020-12-29,Imperial,25,180216,23347,22105,1495,23600,407
2020-12-29,Inyo,27,18085,704,571,1,572,19
2020-12-29,Kern,29,883053,68258,63096,5454,68550,589
2020-12-29,Kings,31,150075,16717,15777,592,16369,108
2020-12-29,Lake,33,64148,1998,1805,0,1805,22
2020-12-29,Lassen,35,31185,4552,4288,55,4343,1
2020-12-29,Los Angeles,37,10098052,808374,731907,23771,755678,9786
2020-12-29,Madera,39,155013,11117,10251,466,10717,64
2020-12-29,Marin,41,260295,9989,9595,83,9678,146
2020-12-29,Mariposa,43,17540,263,212,2,214,3
2020-12-29,Mendocino,45,87422,2521,2249,21,2270,24
2020-12-29,Merced,47,269075,19538,18464,359,18823,221
2020-12-29,Modoc,49,8938,265,232,77,309,0
2020-12-29,Mono,51,14174,895,868,9,877,3
2020-12-29,Monterey,53,433212,28809,26894,731,27625,185
2020-12-29,Napa,55,140530,6147,5663,25,5688,28
2020-12-29,Nevada,57,99092,2825,2550,92,2642,15
2020-12-29,Orange,59,3164182,170033,154411,6756,161167,1839
2020-12-29,Placer,61,380077,14966,13392,629,14021,126
2020-12-29,Plumas,63,18699,477,395,9,404,1
2020-12-29,Riverside,65,2383286,193913,177624,9130,186754,1904
2020-12-29,Sacramento,67,1510023,67791,65078,666,65744,820
2020-12-29,San Benito,69,59416,3781,3474,32,3506,25
2020-12-29,San Bernardino,71,2135413,208826,190476,5565,196041,1557
2020-12-29,San Diego,73,3302833,168725,150062,0,150062,1435
2020-12-29,San Francisco,75,870044,24378,22996,239,23235,178
2020-12-29,San Joaquin,77,732212,47529,44699,1727,46426,622
2020-12-29,San Luis Obispo,79,281455,11707,10387,269,10656,80
2020-12-29,San Mateo,81,765935,26514,23773,112,23885,189
2020-12-29,Santa Barbara,83,443738,18867,16797,530,17327,155
2020-12-29,Santa Clara,85,1922200,73676,67581,311,67892,621
2020-12-29,Santa Cruz,87,273765,9816,8492,386,8878,84
2020-12-29,Shasta,89,179085,8414,7782,750,8532,65
2020-12-29,Sierra,91,2930,32,24,7,31,0
2020-12-29,Siskiyou,93,43540,1036,926,122,1048,3
2020-12-29,Solano,95,438530,20165,18412,212,18624,96
2020-12-29,Sonoma,97,501317,19939,18790,112,18902,187
2020-12-29,Stanislaus,99,539301,35869,33775,3418,37193,508
2020-12-29,Sutter,101,95872,6673,6302,48,6350,50
2020-12-29,Tehama,103,63373,3158,2962,318,3280,9
2020-12-29,Trinity,105,12862,314,241,35,276,2
2020-12-29,Tulare,107,460477,34816,32545,4052,36597,419
2020-12-29,Tuolumne,109,53932,2966,2797,11,2808,12
2020-12-29,Ventura,111,848112,42991,38669,1776,40445,235
2020-12-29,Yolo,113,214977,8938,8124,71,8195,111
2020-12-29,Yuba,115,75493,3945,3723,41,3764,18
2020-12-28,Alameda,1,1643700,53526,50405,1003,51408,551
2020-12-28,Alpine,3,1148,69,65,0,65,0
2020-12-28,Amador,5,37829,2571,2255,19,2274,23
2020-12-28,Butte,7,227075,7776,7053,941,7994,86
2020-12-28,Calaveras,9,45235,1156,1102,2,1104,21
2020-12-28,Colusa,11,21464,1322,1255,71,1326,7
2020-12-28,Contra Costa,13,1133247,41453,38872,603,39475,324
2020-12-28,Del Norte,15,27424,751,718,0,718,2
2020-12-28,El Dorado,17,186661,6323,5441,323,5764,18
2020-12-28,Fresno,19,978130,69190,64274,4773,69047,679
2020-12-28,Glenn,21,27897,1582,1435,270,1705,9
2020-12-28,Humboldt,23,135768,1811,1579,7,1586,19
2020-12-28,Imperial,25,180216,23085,22003,1418,23421,405
2020-12-28,Inyo,27,18085,697,569,1,570,19
2020-12-28,Kern,29,883053,67197,62392,5245,67637,579
2020-12-28,Kings,31,150075,16501,15733,574,16307,108
2020-12-28,Lake,33,64148,1956,1785,0,1785,22
2020-12-28,Lassen,35,31185,4445,4284,54,4338,1
2020-12-28,Los Angeles,37,10098052,786109,720699,22919,743618,9544
2020-12-28,Madera,39,155013,10943,10123,443,10566,64
2020-12-28,Marin,41,260295,9880,9546,76,9622,145
2020-12-28,Mariposa,43,17540,239,211,2,213,3
2020-12-28,Mendocino,45,87422,2486,2214,21,2235,23
2020-12-28,Merced,47,269075,19217,18245,341,18586,213
2020-12-28,Modoc,49,8938,260,220,76,296,0
2020-12-28,Mono,51,14174,891,848,9,857,3
2020-12-28,Monterey,53,433212,27976,26529,718,27247,182
2020-12-28,Napa,55,140530,6038,5576,25,5601,26
2020-12-28,Nevada,57,99092,2778,2532,87,2619,15
2020-12-28,Orange,59,3164182,165929,152089,6573,158662,1839
2020-12-28,Placer,61,380077,14625,13234,601,13835,126
2020-12-28,Plumas,63,18699,473,391,9,400,0
2020-12-28,Riverside,65,2383286,189076,174029,8821,182850,1855
2020-12-28,Sacramento,67,1510023,66563,64322,641,64963,813
2020-12-28,San Benito,69,59416,3710,3429,31,3460,24
2020-12-28,San Bernardino,71,2135413,203739,188919,5443,194362,1552
2020-12-28,San Diego,73,3302833,163987,147528,0,147528,1404
2020-12-28,San Francisco,75,870044,24017,22726,233,22959,178
2020-12-28,San Joaquin,77,732212,46594,44172,1695,45867,618
2020-12-28,San Luis Obispo,79,281455,11357,10260,264,10524,76
2020-12-28,San Mateo,81,765935,26041,23467,109,23576,189
2020-12-28,Santa Barbara,83,443738,18409,16579,516,17095,155
2020-12-28,Santa Clara,85,1922200,72187,66418,304,66722,619
2020-12-28,Santa Cruz,87,273765,9549,8310,376,8686,81
2020-12-28,Shasta,89,179085,8295,7688,737,8425,65
2020-12-28,Sierra,91,2930,29,24,7,31,0
2020-12-28,Siskiyou,93,43540,1021,915,116,1031,3
2020-12-28,Solano,95,438530,19591,18171,206,18377,96
2020-12-28,Sonoma,97,501317,19593,18667,110,18777,185
2020-12-28,Stanislaus,99,539301,35324,33473,3352,36825,507
2020-12-28,Sutter,101,95872,6590,6253,48,6301,49
2020-12-28,Tehama,103,63373,3105,2934,309,3243,9
2020-12-28,Trinity,105,12862,312,240,35,275,2
2020-12-28,Tulare,107,460477,34134,32010,3940,35950,404
2020-12-28,Tuolumne,109,53932,2950,2777,11,2788,12
2020-12-28,Ventura,111,848112,41324,37151,1726,38877,230
2020-12-28,Yolo,113,214977,8783,8031,70,8101,111
2020-12-28,Yuba,115,75493,3883,3679,40,3719,18
2020-12-27,Alameda,1,1643700,52287,49764,974,50738,551
2020-12-27,Alpine,3,1148,67,65,0,65,0
2020-12-27,Amador,5,37829,2450,2218,19,2237,23
2020-12-27,Butte,7,227075,7622,7016,904,7920,86
2020-12-27,Calaveras,9,45235,1111,1097,2,1099,21
2020-12-27,Colusa,11,21464,1297,1253,68,1321,7
2020-12-27,Contra Costa,13,1133247,40532,38428,573,39001,324
2020-12-27,Del Norte,15,27424,728,712,0,712,2
2020-12-27,El Dorado,17,186661,6110,5388,297,5685,18
2020-12-27,Fresno,19,978130,67948,63811,4559,68370,679
2020-12-27,Glenn,21,27897,1556,1434,255,1689,9
2020-12-27,Humboldt,23,135768,1768,1575,7,1582,17
2020-12-27,Imperial,25,180216,22799,21934,1299,23233,405
2020-12-27,Inyo,27,18085,675,565,1,566,18
2020-12-27,Kern,29,883053,65926,61914,5072,66986,568
2020-12-27,Kings,31,150075,16265,15593,539,16132,108
2020-12-27,Lake,33,64148,1902,1769,0,1769,22
2020-12-27,Lassen,35,31185,4368,4230,47,4277,1
2020-12-27,Los Angeles,37,10098052,764712,707260,21973,729233,9476
2020-12-27,Madera,39,155013,10685,10005,433,10438,64
2020-12-27,Marin,41,260295,9758,9477,71,9548,144
2020-12-27,Mariposa,43,17540,232,208,2,210,3
2020-12-27,Mendocino,45,87422,2438,2209,21,2230,23
2020-12-27,Merced,47,269075,18849,18075,326,18401,213
2020-12-27,Modoc,49,8938,251,221,72,293,0
2020-12-27,Mono,51,14174,872,849,9,858,3
2020-12-27,Monterey,53,433212,27435,26322,701,27023,181
2020-12-27,Napa,55,140530,5903,5496,25,5521,26
2020-12-27,Nevada,57,99092,2742,2519,87,2606,15
2020-12-27,Orange,59,3164182,161545,149276,6378,155654,1839
2020-12-27,Placer,61,380077,14337,13017,568,13585,126
2020-12-27,Plumas,63,18699,467,390,9,399,0
2020-12-27,Riverside,65,2383286,184256,171995,8504,180499,1836
2020-12-27,Sacramento,67,1510023,65361,63416,615,64031,811
2020-12-27,San Benito,69,59416,3624,3394,31,3425,24
2020-12-27,San Bernardino,71,2135413,198682,186776,5295,192071,1551
2020-12-27,San Diego,73,3302833,159582,145777,0,145777,1402
2020-12-27,San Francisco,75,870044,23668,22514,224,22738,178
2020-12-27,San Joaquin,77,732212,45557,43529,1642,45171,618
2020-12-27,San Luis Obispo,79,281455,10950,10154,259,10413,76
2020-12-27,San Mateo,81,765935,25475,23136,105,23241,187
2020-12-27,Santa Barbara,83,443738,17891,16364,487,16851,155
2020-12-27,Santa Clara,85,1922200,70567,65288,298,65586,619
2020-12-27,Santa Cruz,87,273765,9281,8234,368,8602,81
2020-12-27,Shasta,89,179085,8171,7671,713,8384,65
2020-12-27,Sierra,91,2930,29,24,6,30,0
2020-12-27,Siskiyou,93,43540,1010,914,111,1025,3
2020-12-27,Solano,95,438530,19098,17840,200,18040,96
2020-12-27,Sonoma,97,501317,19304,18487,109,18596,185
2020-12-27,Stanislaus,99,539301,34724,33076,3256,36332,506
2020-12-27,Sutter,101,95872,6508,6218,46,6264,48
2020-12-27,Tehama,103,63373,3034,2922,291,3213,9
2020-12-27,Trinity,105,12862,308,240,33,273,2
2020-12-27,Tulare,107,460477,33539,31864,3818,35682,400
2020-12-27,Tuolumne,109,53932,2843,2750,9,2759,12
2020-12-27,Ventura,111,848112,40264,36661,1671,38332,230
2020-12-27,Yolo,113,214977,8592,7919,64,7983,111
2020-12-27,Yuba,115,75493,3821,3665,38,3703,18
2020-12-26,Alameda,1,1643700,51681,49084,961,50045,551
2020-12-26,Alpine,3,1148,67,65,0,65,0
2020-12-26,Amador,5,37829,2436,2189,19,2208,23
2020-12-26,Butte,7,227075,7528,6968,882,7850,86
2020-12-26,Calaveras,9,45235,1105,1084,2,1086,21
2020-12-26,Colusa,11,21464,1287,1240,68,1308,7
2020-12-26,Contra Costa,13,1133247,40070,38008,559,38567,324
2020-12-26,Del Norte,15,27424,722,709,0,709,2
2020-12-26,El Dorado,17,186661,6055,5279,293,5572,18
2020-12-26,Fresno,19,978130,67481,63080,4494,67574,679
2020-12-26,Glenn,21,27897,1535,1413,249,1662,9
2020-12-26,Humboldt,23,135768,1730,1545,7,1552,17
2020-12-26,Imperial,25,180216,22710,21734,1246,22980,405
2020-12-26,Inyo,27,18085,662,554,1,555,18
2020-12-26,Kern,29,883053,65263,61174,4912,66086,564
2020-12-26,Kings,31,150075,16147,15517,534,16051,108
2020-12-26,Lake,33,64148,1859,1710,0,1710,22
2020-12-26,Lassen,35,31185,4347,3981,47,4028,1
2020-12-26,Los Angeles,37,10098052,756209,694149,21433,715582,9424
2020-12-26,Madera,39,155013,10611,9908,419,10327,64
2020-12-26,Marin,41,260295,9722,9413,70,9483,143
2020-12-26,Mariposa,43,17540,231,206,2,208,3
2020-12-26,Mendocino,45,87422,2392,2194,21,2215,23
2020-12-26,Merced,47,269075,18692,17890,321,18211,213
2020-12-26,Modoc,49,8938,248,222,72,294,0
2020-12-26,Mono,51,14174,866,850,9,859,3
2020-12-26,Monterey,53,433212,27302,26010,692,26702,182
2020-12-26,Napa,55,140530,5845,5427,25,5452,26
2020-12-26,Nevada,57,99092,2714,2480,87,2567,15
2020-12-26,Orange,59,3164182,159351,147304,6281,153585,1838
2020-12-26,Placer,61,380077,14171,12816,552,13368,122
2020-12-26,Plumas,63,18699,464,381,9,390,0
2020-12-26,Riverside,65,2383286,181821,169360,8339,177699,1834
2020-12-26,Sacramento,67,1510023,64739,62435,605,63040,807
2020-12-26,San Benito,69,59416,3551,3330,31,3361,24
2020-12-26,San Bernardino,71,2135413,197041,185111,5207,190318,1551
2020-12-26,San Diego,73,3302833,157060,142644,0,142644,1402
2020-12-26,San Francisco,75,870044,23435,22319,223,22542,177
2020-12-26,San Joaquin,77,732212,45171,42887,1593,44480,618
2020-12-26,San Luis Obispo,79,281455,10864,9945,253,10198,76
2020-12-26,San Mateo,81,765935,25137,22908,99,23007,187
2020-12-26,Santa Barbara,83,443738,17654,16159,481,16640,155
2020-12-26,Santa Clara,85,1922200,69505,64185,295,64480,618
2020-12-26,Santa Cruz,87,273765,9157,8113,358,8471,81
2020-12-26,Shasta,89,179085,8112,7641,700,8341,65
2020-12-26,Sierra,91,2930,29,24,6,30,0
2020-12-26,Siskiyou,93,43540,1004,909,106,1015,2
2020-12-26,Solano,95,438530,18858,17528,200,17728,96
2020-12-26,Sonoma,97,501317,19103,18261,107,18368,184
2020-12-26,Stanislaus,99,539301,34434,32678,3205,35883,505
2020-12-26,Sutter,101,95872,6449,6121,46,6167,48
2020-12-26,Tehama,103,63373,3007,2884,286,3170,9
2020-12-26,Trinity,105,12862,308,237,32,269,2
2020-12-26,Tulare,107,460477,33242,31665,3764,35429,398
2020-12-26,Tuolumne,109,53932,2832,2703,9,2712,12
2020-12-26,Ventura,111,848112,39303,36064,1636,37700,230
2020-12-26,Yolo,113,214977,8490,7785,61,7846,111
2020-12-26,Yuba,115,75493,3794,3599,38,3637,18
2020-12-25,Alameda,1,1643700,51122,48365,946,49311,542
2020-12-25,Alpine,3,1148,67,64,0,64,0
2020-12-25,Amador,5,37829,2393,2172,19,2191,23
2020-12-25,Butte,7,227075,7431,6873,861,7734,85
2020-12-25,Calaveras,9,45235,1102,1062,2,1064,21
2020-12-25,Colusa,11,21464,1275,1219,67,1286,7
2020-12-25,Contra Costa,13,1133247,39598,37480,533,38013,324
2020-12-25,Del Norte,15,27424,719,692,0,692,2
2020-12-25,El Dorado,17,186661,5991,5170,278,5448,16
2020-12-25,Fresno,19,978130,66623,62251,4406,66657,679
2020-12-25,Glenn,21,27897,1520,1390,241,1631,9
2020-12-25,Humboldt,23,135768,1692,1532,7,1539,16
2020-12-25,Imperial,25,180216,22620,21646,1234,22880,405
2020-12-25,Inyo,27,18085,653,546,1,547,18
2020-12-25,Kern,29,883053,64540,60417,4760,65177,562
2020-12-25,Kings,31,150075,16037,15460,529,15989,108
2020-12-25,Lake,33,64148,1839,1669,0,1669,20
2020-12-25,Lassen,35,31185,4332,3926,47,3973,1
2020-12-25,Los Angeles,37,10098052,742599,665600,20724,686324,9292
2020-12-25,Madera,39,155013,10441,9770,411,10181,64
2020-12-25,Marin,41,260295,9674,9375,67,9442,143
2020-12-25,Mariposa,43,17540,225,203,2,205,3
2020-12-25,Mendocino,45,87422,2350,2176,21,2197,23
2020-12-25,Merced,47,269075,18532,17726,314,18040,213
2020-12-25,Modoc,49,8938,247,221,72,293,0
2020-12-25,Mono,51,14174,864,843,9,852,3
2020-12-25,Monterey,53,433212,27031,25788,683,26471,182
2020-12-25,Napa,55,140530,5765,5351,25,5376,26
2020-12-25,Nevada,57,99092,2688,2458,85,2543,15
2020-12-25,Orange,59,3164182,156673,144542,6081,150623,1814
2020-12-25,Placer,61,380077,13990,12660,529,13189,122
2020-12-25,Plumas,63,18699,457,381,9,390,0
2020-12-25,Riverside,65,2383286,178571,166690,8013,174703,1825
2020-12-25,Sacramento,67,1510023,64045,61630,578,62208,796
2020-12-25,San Benito,69,59416,3513,3281,29,3310,24
2020-12-25,San Bernardino,71,2135413,194404,181812,5087,186899,1546
2020-12-25,San Diego,73,3302833,154581,139958,0,139958,1402
2020-12-25,San Francisco,75,870044,23159,22130,218,22348,175
2020-12-25,San Joaquin,77,732212,44867,42089,1534,43623,614
2020-12-25,San Luis Obispo,79,281455,10681,9749,246,9995,76
2020-12-25,San Mateo,81,765935,24814,22568,96,22664,187
2020-12-25,Santa Barbara,83,443738,17430,15936,473,16409,155
2020-12-25,Santa Clara,85,1922200,68390,63173,286,63459,612
2020-12-25,Santa Cruz,87,273765,9016,8018,334,8352,81
2020-12-25,Shasta,89,179085,8039,7612,677,8289,65
2020-12-25,Sierra,91,2930,29,24,5,29,0
2020-12-25,Siskiyou,93,43540,998,905,103,1008,2
2020-12-25,Solano,95,438530,18688,17280,198,17478,96
2020-12-25,Sonoma,97,501317,18926,18035,105,18140,184
2020-12-25,Stanislaus,99,539301,34144,32290,3156,35446,498
2020-12-25,Sutter,101,95872,6390,6051,45,6096,47
2020-12-25,Tehama,103,63373,2962,2839,272,3111,9
2020-12-25,Trinity,105,12862,305,236,32,268,2
2020-12-25,Tulare,107,460477,32859,31323,3696,35019,398
2020-12-25,Tuolumne,109,53932,2813,2674,9,2683,12
2020-12-25,Ventura,111,848112,38149,35514,1585,37099,230
2020-12-25,Yolo,113,214977,8393,7700,59,7759,111
2020-12-25,Yuba,115,75493,3759,3549,37,3586,17
2020-12-24,Alameda,1,1643700,50795,47527,925,48452,541
2020-12-24,Alpine,3,1148,67,64,0,64,0
2020-12-24,Amador,5,37829,2381,2145,19,2164,23
2020-12-24,Butte,7,227075,7393,6716,846,7562,84
2020-12-24,Calaveras,9,45235,1098,1032,2,1034,21
2020-12-24,Colusa,11,21464,1270,1188,66,1254,7
2020-12-24,Contra Costa,13,1133247,39353,36623,521,37144,311
2020-12-24,Del Norte,15,27424,719,678,0,678,2
2020-12-24,El Dorado,17,186661,5965,5042,270,5312,16
2020-12-24,Fresno,19,978130,66400,61435,4392,65827,663
2020-12-24,Glenn,21,27897,1509,1363,233,1596,9
2020-12-24,Humboldt,23,135768,1669,1516,7,1523,16
2020-12-24,Imperial,25,180216,22571,21545,1225,22770,402
2020-12-24,Inyo,27,18085,651,532,1,533,17
2020-12-24,Kern,29,883053,64253,59601,4747,64348,556
2020-12-24,Kings,31,150075,15997,15211,528,15739,108
2020-12-24,Lake,33,64148,1824,1629,0,1629,20
2020-12-24,Lassen,35,31185,4319,3894,47,3941,1
2020-12-24,Los Angeles,37,10098052,738454,664840,20454,685294,9288
2020-12-24,Madera,39,155013,10403,9547,404,9951,63
2020-12-24,Marin,41,260295,9641,9287,67,9354,143
2020-12-24,Mariposa,43,17540,221,197,2,199,3
2020-12-24,Mendocino,45,87422,2340,2150,21,2171,23
2020-12-24,Merced,47,269075,18461,17485,310,17795,212
2020-12-24,Modoc,49,8938,247,220,71,291,0
2020-12-24,Mono,51,14174,862,817,9,826,3
2020-12-24,Monterey,53,433212,26927,25131,676,25807,180
2020-12-24,Napa,55,140530,5711,5265,25,5290,26
2020-12-24,Nevada,57,99092,2664,2429,85,2514,15
2020-12-24,Orange,59,3164182,155196,141205,6029,147234,1775
2020-12-24,Placer,61,380077,13912,12457,522,12979,121
2020-12-24,Plumas,63,18699,454,376,9,385,0
2020-12-24,Riverside,65,2383286,177664,162435,7974,170409,1816
2020-12-24,Sacramento,67,1510023,63770,60596,576,61172,788
2020-12-24,San Benito,69,59416,3483,3183,29,3212,24
2020-12-24,San Bernardino,71,2135413,193397,176866,5053,181919,1533
2020-12-24,San Diego,73,3302833,153499,136952,0,136952,1382
2020-12-24,San Francisco,75,870044,22994,21830,215,22045,175
2020-12-24,San Joaquin,77,732212,44707,41324,1515,42839,611
2020-12-24,San Luis Obispo,79,281455,10612,9504,244,9748,77
2020-12-24,San Mateo,81,765935,24616,22093,96,22189,186
2020-12-24,Santa Barbara,83,443738,17326,15644,465,16109,153
2020-12-24,Santa Clara,85,1922200,67788,61742,279,62021,591
2020-12-24,Santa Cruz,87,273765,8945,7856,322,8178,82
2020-12-24,Shasta,89,179085,7999,7540,659,8199,65
2020-12-24,Sierra,91,2930,27,23,2,25,0
2020-12-24,Siskiyou,93,43540,994,900,96,996,2
2020-12-24,Solano,95,438530,18547,16872,193,17065,96
2020-12-24,Sonoma,97,501317,18828,17710,105,17815,183
2020-12-24,Stanislaus,99,539301,33950,31848,3131,34979,498
2020-12-24,Sutter,101,95872,6349,5960,44,6004,47
2020-12-24,Tehama,103,63373,2946,2779,272,3051,9
2020-12-24,Trinity,105,12862,304,235,32,267,2
2020-12-24,Tulare,107,460477,32744,30827,3669,34496,390
2020-12-24,Tuolumne,109,53932,2805,2653,9,2662,12
2020-12-24,Ventura,111,848112,37871,34400,1578,35978,224
2020-12-24,Yolo,113,214977,8352,7566,59,7625,113
2020-12-24,Yuba,115,75493,3734,3483,37,3520,16
2020-12-23,Alameda,1,1643700,50230,46753,897,47650,537
2020-12-23,Alpine,3,1148,67,64,0,64,0
2020-12-23,Amador,5,37829,2313,2108,18,2126,23
2020-12-23,Butte,7,227075,7307,6588,818,7406,84
2020-12-23,Calaveras,9,45235,1091,1002,1,1003,21
2020-12-23,Colusa,11,21464,1259,1167,66,1233,7
2020-12-23,Contra Costa,13,1133247,38955,36190,507,36697,311
2020-12-23,Del Norte,15,27424,712,670,0,670,2
2020-12-23,El Dorado,17,186661,5891,4967,261,5228,14
2020-12-23,Fresno,19,978130,65794,60488,4324,64812,654
2020-12-23,Glenn,21,27897,1495,1349,229,1578,9
2020-12-23,Humboldt,23,135768,1644,1458,7,1465,16
2020-12-23,Imperial,25,180216,22477,21323,1195,22518,399
2020-12-23,Inyo,27,18085,639,517,1,518,17
2020-12-23,Kern,29,883053,63741,58656,4648,63304,549
2020-12-23,Kings,31,150075,15919,14923,525,15448,105
2020-12-23,Lake,33,64148,1810,1595,0,1595,20
2020-12-23,Lassen,35,31185,4309,3865,44,3909,1
2020-12-23,Los Angeles,37,10098052,729467,651958,19882,671840,9146
2020-12-23,Madera,39,155013,10246,9371,390,9761,63
2020-12-23,Marin,41,260295,9583,9199,64,9263,142
2020-12-23,Mariposa,43,17540,219,194,2,196,3
2020-12-23,Mendocino,45,87422,2328,2121,21,2142,23
2020-12-23,Merced,47,269075,18305,17250,303,17553,203
2020-12-23,Modoc,49,8938,243,197,70,267,0
2020-12-23,Mono,51,14174,860,814,9,823,3
2020-12-23,Monterey,53,433212,26629,24856,670,25526,176
2020-12-23,Napa,55,140530,5643,5172,25,5197,25
2020-12-23,Nevada,57,99092,2619,2406,84,2490,15
2020-12-23,Orange,59,3164182,152752,138050,5858,143908,1771
2020-12-23,Placer,61,380077,13706,12213,514,12727,111
2020-12-23,Plumas,63,18699,447,369,9,378,0
2020-12-23,Riverside,65,2383286,175435,158110,7806,165916,1790
2020-12-23,Sacramento,67,1510023,63125,59661,561,60222,779
2020-12-23,San Benito,69,59416,3428,3073,27,3100,24
2020-12-23,San Bernardino,71,2135413,191369,172888,4984,177872,1509
2020-12-23,San Diego,73,3302833,151077,134695,0,134695,1350
2020-12-23,San Francisco,75,870044,22771,21498,212,21710,174
2020-12-23,San Joaquin,77,732212,44183,35664,1473,37137,602
2020-12-23,San Luis Obispo,79,281455,10471,9267,238,9505,74
2020-12-23,San Mateo,81,765935,24313,21780,94,21874,186
2020-12-23,Santa Barbara,83,443738,17119,15399,435,15834,152
2020-12-23,Santa Clara,85,1922200,66882,60455,274,60729,579
2020-12-23,Santa Cruz,87,273765,8785,7637,304,7941,75
2020-12-23,Shasta,89,179085,7926,7487,652,8139,66
2020-12-23,Sierra,91,2930,27,23,0,23,0
2020-12-23,Siskiyou,93,43540,974,891,93,984,2
2020-12-23,Solano,95,438530,18340,16626,188,16814,95
2020-12-23,Sonoma,97,501317,18624,17397,105,17502,182
2020-12-23,Stanislaus,99,539301,33609,31492,3074,34566,499
2020-12-23,Sutter,101,95872,6283,5871,44,5915,46
2020-12-23,Tehama,103,63373,2926,2737,268,3005,9
2020-12-23,Trinity,105,12862,304,234,32,266,2
2020-12-23,Tulare,107,460477,32450,30315,3627,33942,385
2020-12-23,Tuolumne,109,53932,2765,2540,9,2549,12
2020-12-23,Ventura,111,848112,37482,33377,1544,34921,216
2020-12-23,Yolo,113,214977,8274,7508,57,7565,112
2020-12-23,Yuba,115,75493,3683,3438,36,3474,14
2020-12-22,Alameda,1,1643700,49345,45751,864,46615,534
2020-12-22,Alpine,3,1148,67,64,0,64,0
2020-12-22,Amador,5,37829,2302,1839,18,1857,23
2020-12-22,Butte,7,227075,7180,6467,801,7268,85
2020-12-22,Calaveras,9,45235,1064,988,0,988,21
2020-12-22,Colusa,11,21464,1236,1150,62,1212,7
2020-12-22,Contra Costa,13,1133247,38332,35681,494,36175,301
2020-12-22,Del Norte,15,27424,706,666,0,666,2
2020-12-22,El Dorado,17,186661,5770,4885,247,5132,12
2020-12-22,Fresno,19,978130,64767,59640,4211,63851,640
2020-12-22,Glenn,21,27897,1472,1337,218,1555,9
2020-12-22,Humboldt,23,135768,1610,1440,7,1447,16
2020-12-22,Imperial,25,180216,22289,21128,1151,22279,398
2020-12-22,Inyo,27,18085,618,506,1,507,17
2020-12-22,Kern,29,883053,62798,57816,4501,62317,547
2020-12-22,Kings,31,150075,15780,14855,518,15373,102
2020-12-22,Lake,33,64148,1786,1569,0,1569,20
2020-12-22,Lassen,35,31185,4167,3848,42,3890,1
2020-12-22,Los Angeles,37,10098052,712283,635931,19150,655081,9013
2020-12-22,Madera,39,155013,10128,9187,374,9561,63
2020-12-22,Marin,41,260295,9520,9115,63,9178,142
2020-12-22,Mariposa,43,17540,216,194,2,196,3
2020-12-22,Mendocino,45,87422,2295,2092,21,2113,23
2020-12-22,Merced,47,269075,18060,17012,299,17311,201
2020-12-22,Modoc,49,8938,235,182,69,251,0
2020-12-22,Mono,51,14174,850,786,9,795,3
2020-12-22,Monterey,53,433212,25966,24152,649,24801,176
2020-12-22,Napa,55,140530,5556,5059,25,5084,23
2020-12-22,Nevada,57,99092,2592,2367,83,2450,14
2020-12-22,Orange,59,3164182,149415,134850,5682,140532,1774
2020-12-22,Placer,61,380077,13475,11943,493,12436,105
2020-12-22,Plumas,63,18699,441,360,9,369,0
2020-12-22,Riverside,65,2383286,171659,155059,7524,162583,1777
2020-12-22,Sacramento,67,1510023,62200,57966,541,58507,772
2020-12-22,San Benito,69,59416,3351,2998,27,3025,24
2020-12-22,San Bernardino,71,2135413,186807,169266,4830,174096,1500
2020-12-22,San Diego,73,3302833,147725,132097,0,132097,1311
2020-12-22,San Francisco,75,870044,22502,21232,208,21440,174
2020-12-22,San Joaquin,77,732212,43430,39423,1425,40848,592
2020-12-22,San Luis Obispo,79,281455,10128,9174,233,9407,69
2020-12-22,San Mateo,81,765935,23985,21382,78,21460,186
2020-12-22,Santa Barbara,83,443738,16858,15189,425,15614,150
2020-12-22,Santa Clara,85,1922200,65716,59192,267,59459,569
2020-12-22,Santa Cruz,87,273765,8607,7471,277,7748,72
2020-12-22,Shasta,89,179085,7847,7371,635,8006,64
2020-12-22,Sierra,91,2930,27,23,0,23,0
2020-12-22,Siskiyou,93,43540,969,880,90,970,2
2020-12-22,Solano,95,438530,17936,16229,185,16414,95
2020-12-22,Sonoma,97,501317,18306,17216,105,17321,180
2020-12-22,Stanislaus,99,539301,33232,30914,3000,33914,499
2020-12-22,Sutter,101,95872,6222,5791,43,5834,46
2020-12-22,Tehama,103,63373,2879,2688,260,2948,9
2020-12-22,Trinity,105,12862,304,231,32,263,2
2020-12-22,Tulare,107,460477,31988,30025,3555,33580,377
2020-12-22,Tuolumne,109,53932,2710,2526,9,2535,12
2020-12-22,Ventura,111,848112,36721,32488,1497,33985,213
2020-12-22,Yolo,113,214977,8160,7388,56,7444,113
2020-12-22,Yuba,115,75493,3633,3379,36,3415,14
2020-12-21,Alameda,1,1643700,48445,44756,835,45591,518
2020-12-21,Alpine,3,1148,66,64,0,64,0
2020-12-21,Amador,5,37829,2225,1815,18,1833,23
2020-12-21,Butte,7,227075,7025,6335,777,7112,81
2020-12-21,Calaveras,9,45235,1034,963,0,963,21
2020-12-21,Colusa,11,21464,1209,1135,57,1192,7
2020-12-21,Contra Costa,13,1133247,37585,35207,457,35664,300
2020-12-21,Del Norte,15,27424,695,660,0,660,2
2020-12-21,El Dorado,17,186661,5624,4805,233,5038,10
2020-12-21,Fresno,19,978130,63621,58568,4059,62627,634
2020-12-21,Glenn,21,27897,1440,1323,210,1533,9
2020-12-21,Humboldt,23,135768,1586,1419,7,1426,16
2020-12-21,Imperial,25,180216,22019,20994,1107,22101,395
2020-12-21,Inyo,27,18085,597,482,1,483,17
2020-12-21,Kern,29,883053,61909,56836,4361,61197,541
2020-12-21,Kings,31,150075,15531,14760,502,15262,100
2020-12-21,Lake,33,64148,1732,1538,0,1538,20
2020-12-21,Lassen,35,31185,4007,3798,40,3838,1
2020-12-21,Los Angeles,37,10098052,693286,624129,18432,642561,8918
2020-12-21,Madera,39,155013,9934,9069,354,9423,63
2020-12-21,Marin,41,260295,9451,9035,63,9098,142
2020-12-21,Mariposa,43,17540,211,186,2,188,3
2020-12-21,Mendocino,45,87422,2265,2066,20,2086,23
2020-12-21,Merced,47,269075,17813,16710,282,16992,198
2020-12-21,Modoc,49,8938,221,181,68,249,0
2020-12-21,Mono,51,14174,838,781,9,790,3
2020-12-21,Monterey,53,433212,25434,23673,635,24308,174
2020-12-21,Napa,55,140530,5468,4952,25,4977,23
2020-12-21,Nevada,57,99092,2559,2337,83,2420,13
2020-12-21,Orange,59,3164182,146014,130444,5524,135968,1772
2020-12-21,Placer,61,380077,13250,11715,473,12188,105
2020-12-21,Plumas,63,18699,437,353,9,362,0
2020-12-21,Riverside,65,2383286,167468,151713,7180,158893,1743
2020-12-21,Sacramento,67,1510023,61184,57064,524,57588,759
2020-12-21,San Benito,69,59416,3282,2921,27,2948,22
2020-12-21,San Bernardino,71,2135413,182036,165086,4654,169740,1476
2020-12-21,San Diego,73,3302833,144279,129716,0,129716,1284
2020-12-21,San Francisco,75,870044,22220,21086,204,21290,174
2020-12-21,San Joaquin,77,732212,42635,38811,1372,40183,586
2020-12-21,San Luis Obispo,79,281455,9940,9006,228,9234,64
2020-12-21,San Mateo,81,765935,23579,21035,74,21109,185
2020-12-21,Santa Barbara,83,443738,16587,14988,420,15408,149
2020-12-21,Santa Clara,85,1922200,64524,57699,255,57954,570
2020-12-21,Santa Cruz,87,273765,8394,7315,263,7578,69
2020-12-21,Shasta,89,179085,7782,7299,625,7924,64
2020-12-21,Sierra,91,2930,24,23,0,23,0
2020-12-21,Siskiyou,93,43540,961,878,89,967,2
2020-12-21,Solano,95,438530,17465,15878,181,16059,95
2020-12-21,Sonoma,97,501317,18031,17075,101,17176,176
2020-12-21,Stanislaus,99,539301,32776,30437,2925,33362,499
2020-12-21,Sutter,101,95872,6126,5708,43,5751,46
2020-12-21,Tehama,103,63373,2812,2656,252,2908,9
2020-12-21,Trinity,105,12862,302,226,31,257,2
2020-12-21,Tulare,107,460477,31501,29482,3462,32944,373
2020-12-21,Tuolumne,109,53932,2685,2423,7,2430,12
2020-12-21,Ventura,111,848112,35640,31759,1460,33219,212
2020-12-21,Yolo,113,214977,8014,7266,52,7318,109
2020-12-21,Yuba,115,75493,3574,3329,36,3365,14
2020-12-20,Alameda,1,1643700,47564,44004,813,44817,516
2020-12-20,Alpine,3,1148,66,64,0,64,0
2020-12-20,Amador,5,37829,2167,1771,17,1788,23
2020-12-20,Butte,7,227075,6879,6228,739,6967,81
2020-12-20,Calaveras,9,45235,1010,926,0,926,21
2020-12-20,Colusa,11,21464,1182,1121,49,1170,7
2020-12-20,Contra Costa,13,1133247,36999,34798,439,35237,301
2020-12-20,Del Norte,15,27424,673,652,0,652,2
2020-12-20,El Dorado,17,186661,5497,4697,224,4921,10
2020-12-20,Fresno,19,978130,62640,57616,3916,61532,634
2020-12-20,Glenn,21,27897,1431,1295,203,1498,9
2020-12-20,Humboldt,23,135768,1549,1386,6,1392,15
2020-12-20,Imperial,25,180216,21776,20882,1000,21882,395
2020-12-20,Inyo,27,18085,583,476,1,477,17
2020-12-20,Kern,29,883053,60812,55983,4201,60184,540
2020-12-20,Kings,31,150075,15313,14629,482,15111,100
2020-12-20,Lake,33,64148,1686,1463,0,1463,20
2020-12-20,Lassen,35,31185,3953,3669,38,3707,1
2020-12-20,Los Angeles,37,10098052,675292,612975,17654,630629,8862
2020-12-20,Madera,39,155013,9724,8871,345,9216,63
2020-12-20,Marin,41,260295,9354,8948,59,9007,142
2020-12-20,Mariposa,43,17540,210,179,2,181,3
2020-12-20,Mendocino,45,87422,2240,2033,20,2053,23
2020-12-20,Merced,47,269075,17496,16435,275,16710,198
2020-12-20,Modoc,49,8938,221,181,66,247,0
2020-12-20,Mono,51,14174,817,774,9,783,3
2020-12-20,Monterey,53,433212,24960,23250,591,23841,173
2020-12-20,Napa,55,140530,5346,4865,23,4888,23
2020-12-20,Nevada,57,99092,2513,2289,77,2366,13
2020-12-20,Orange,59,3164182,142526,128780,5370,134150,1763
2020-12-20,Placer,61,380077,13018,11496,454,11950,105
2020-12-20,Plumas,63,18699,429,347,9,356,0
2020-12-20,Riverside,65,2383286,163289,148714,6879,155593,1742
2020-12-20,Sacramento,67,1510023,60190,56017,505,56522,755
2020-12-20,San Benito,69,59416,3210,2885,26,2911,21
2020-12-20,San Bernardino,71,2135413,177077,162810,4492,167302,1458
2020-12-20,San Diego,73,3302833,140566,126465,0,126465,1280
2020-12-20,San Francisco,75,870044,21905,20937,200,21137,174
2020-12-20,San Joaquin,77,732212,41799,38268,1307,39575,587
2020-12-20,San Luis Obispo,79,281455,9647,8881,221,9102,63
2020-12-20,San Mateo,81,765935,23143,20764,70,20834,185
2020-12-20,Santa Barbara,83,443738,16272,14817,399,15216,148
2020-12-20,Santa Clara,85,1922200,63122,56860,249,57109,566
2020-12-20,Santa Cruz,87,273765,8189,7178,250,7428,69
2020-12-20,Shasta,89,179085,7667,7256,611,7867,64
2020-12-20,Sierra,91,2930,24,22,0,22,0
2020-12-20,Siskiyou,93,43540,951,870,88,958,2
2020-12-20,Solano,95,438530,17087,15533,170,15703,95
2020-12-20,Sonoma,97,501317,17756,16802,100,16902,175
2020-12-20,Stanislaus,99,539301,32255,29995,2822,32817,498
2020-12-20,Sutter,101,95872,6039,5601,43,5644,43
2020-12-20,Tehama,103,63373,2764,2602,232,2834,9
2020-12-20,Trinity,105,12862,297,221,30,251,2
2020-12-20,Tulare,107,460477,30987,29078,3361,32439,373
2020-12-20,Tuolumne,109,53932,2573,2152,6,2158,12
2020-12-20,Ventura,111,848112,34937,31335,1425,32760,210
2020-12-20,Yolo,113,214977,7860,7121,49,7170,109
2020-12-20,Yuba,115,75493,3526,3254,34,3288,12
2020-12-19,Alameda,1,1643700,47120,43109,807,43916,516
2020-12-19,Alpine,3,1148,66,64,0,64,0
2020-12-19,Amador,5,37829,2143,1754,17,1771,23
2020-12-19,Butte,7,227075,6779,6118,715,6833,81
2020-12-19,Calaveras,9,45235,992,900,0,900,21
2020-12-19,Colusa,11,21464,1174,1096,47,1143,7
2020-12-19,Contra Costa,13,1133247,36689,34321,423,34744,301
2020-12-19,Del Norte,15,27424,671,641,0,641,2
2020-12-19,El Dorado,17,186661,5431,4588,215,4803,10
2020-12-19,Fresno,19,978130,62319,55428,3846,59274,634
2020-12-19,Glenn,21,27897,1396,1286,202,1488,9
2020-12-19,Humboldt,23,135768,1532,1357,6,1363,15
2020-12-19,Imperial,25,180216,21689,20711,949,21660,395
2020-12-19,Inyo,27,18085,576,475,1,476,17
2020-12-19,Kern,29,883053,60331,55118,4089,59207,540
2020-12-19,Kings,31,150075,15234,14474,480,14954,100
2020-12-19,Lake,33,64148,1652,1438,0,1438,20
2020-12-19,Lassen,35,31185,3925,3595,38,3633,1
2020-12-19,Los Angeles,37,10098052,668257,599888,17096,616984,8804
2020-12-19,Madera,39,155013,9633,8717,333,9050,63
2020-12-19,Marin,41,260295,9315,8864,59,8923,142
2020-12-19,Mariposa,43,17540,208,177,2,179,3
2020-12-19,Mendocino,45,87422,2215,2008,20,2028,23
2020-12-19,Merced,47,269075,17358,16230,266,16496,198
2020-12-19,Modoc,49,8938,218,181,66,247,0
2020-12-19,Mono,51,14174,813,766,9,775,3
2020-12-19,Monterey,53,433212,24849,22799,585,23384,172
2020-12-19,Napa,55,140530,5284,4772,23,4795,23
2020-12-19,Nevada,57,99092,2491,2260,77,2337,13
2020-12-19,Orange,59,3164182,140610,125574,5213,130787,1733
2020-12-19,Placer,61,380077,12865,11246,448,11694,105
2020-12-19,Plumas,63,18699,426,343,9,352,0
2020-12-19,Riverside,65,2383286,161325,146703,6637,153340,1737
2020-12-19,Sacramento,67,1510023,59659,55169,490,55659,746
2020-12-19,San Benito,69,59416,3164,2820,25,2845,21
2020-12-19,San Bernardino,71,2135413,175529,159883,4380,164263,1433
2020-12-19,San Diego,73,3302833,138800,122972,0,122972,1280
2020-12-19,San Francisco,75,870044,21755,20643,199,20842,174
2020-12-19,San Joaquin,77,732212,41400,37340,1252,38592,586
2020-12-19,San Luis Obispo,79,281455,9577,8788,218,9006,63
2020-12-19,San Mateo,81,765935,22933,20393,63,20456,182
2020-12-19,Santa Barbara,83,443738,16117,14667,391,15058,148
2020-12-19,Santa Clara,85,1922200,62313,55540,244,55784,558
2020-12-19,Santa Cruz,87,273765,8087,7054,244,7298,68
2020-12-19,Shasta,89,179085,7614,7221,599,7820,63
2020-12-19,Sierra,91,2930,24,23,0,23,0
2020-12-19,Siskiyou,93,43540,948,853,87,940,2
2020-12-19,Solano,95,438530,16921,15204,166,15370,95
2020-12-19,Sonoma,97,501317,17648,16553,100,16653,175
2020-12-19,Stanislaus,99,539301,31936,29555,2750,32305,498
2020-12-19,Sutter,101,95872,5981,5506,43,5549,41
2020-12-19,Tehama,103,63373,2713,2574,229,2803,9
2020-12-19,Trinity,105,12862,297,219,30,249,2
2020-12-19,Tulare,107,460477,30769,28734,3293,32027,375
2020-12-19,Tuolumne,109,53932,2560,2107,6,2113,12
2020-12-19,Ventura,111,848112,34657,30843,1395,32238,209
2020-12-19,Yolo,113,214977,7791,7025,48,7073,109
2020-12-19,Yuba,115,75493,3494,3168,34,3202,11
2020-12-18,Alameda,1,1643700,46584,42196,790,42986,515
2020-12-18,Alpine,3,1148,66,64,0,64,0
2020-12-18,Amador,5,37829,2126,1727,15,1742,20
2020-12-18,Butte,7,227075,6696,5891,688,6579,81
2020-12-18,Calaveras,9,45235,983,870,0,870,21
2020-12-18,Colusa,11,21464,1165,1068,47,1115,7
2020-12-18,Contra Costa,13,1133247,36408,33610,409,34019,300
2020-12-18,Del Norte,15,27424,666,627,0,627,2
2020-12-18,El Dorado,17,186661,5370,4494,204,4698,10
2020-12-18,Fresno,19,978130,61493,52643,3782,56425,613
2020-12-18,Glenn,21,27897,1380,1264,196,1460,9
2020-12-18,Humboldt,23,135768,1517,1331,6,1337,15
2020-12-18,Imperial,25,180216,21611,20430,902,21332,393
2020-12-18,Inyo,27,18085,556,454,1,455,17
2020-12-18,Kern,29,883053,59674,54220,4003,58223,533
2020-12-18,Kings,31,150075,15109,14284,474,14758,98
2020-12-18,Lake,33,64148,1641,1397,0,1397,20
2020-12-18,Lassen,35,31185,3917,3486,38,3524,1
2020-12-18,Los Angeles,37,10098052,656179,586413,16573,602986,8744
2020-12-18,Madera,39,155013,9531,8609,328,8937,63
2020-12-18,Marin,41,260295,9232,8799,59,8858,142
2020-12-18,Mariposa,43,17540,205,176,2,178,3
2020-12-18,Mendocino,45,87422,2197,1977,20,1997,24
2020-12-18,Merced,47,269075,17277,15956,263,16219,195
2020-12-18,Modoc,49,8938,218,179,66,245,0
2020-12-18,Mono,51,14174,807,731,9,740,3
2020-12-18,Monterey,53,433212,24557,22336,579,22915,165
2020-12-18,Napa,55,140530,5236,4688,23,4711,23
2020-12-18,Nevada,57,99092,2474,2220,76,2296,13
2020-12-18,Orange,59,3164182,138181,121681,5054,126735,1725
2020-12-18,Placer,61,380077,12701,10995,440,11435,104
2020-12-18,Plumas,63,18699,420,336,9,345,0
2020-12-18,Riverside,65,2383286,158507,142375,6363,148738,1733
2020-12-18,Sacramento,67,1510023,59031,53980,472,54452,736
2020-12-18,San Benito,69,59416,3116,2744,25,2769,21
2020-12-18,San Bernardino,71,2135413,173236,154272,4245,158517,1430
2020-12-18,San Diego,73,3302833,136626,120463,0,120463,1253
2020-12-18,San Francisco,75,870044,21588,20315,193,20508,173
2020-12-18,San Joaquin,77,732212,41044,36484,1219,37703,559
2020-12-18,San Luis Obispo,79,281455,9478,8598,213,8811,62
2020-12-18,San Mateo,81,765935,22618,19971,59,20030,182
2020-12-18,Santa Barbara,83,443738,15977,14361,378,14739,148
2020-12-18,Santa Clara,85,1922200,61446,53992,231,54223,539
2020-12-18,Santa Cruz,87,273765,7972,6838,236,7074,68
2020-12-18,Shasta,89,179085,7578,7114,587,7701,62
2020-12-18,Sierra,91,2930,24,23,0,23,0
2020-12-18,Siskiyou,93,43540,946,840,87,927,2
2020-12-18,Solano,95,438530,16769,14667,162,14829,95
2020-12-18,Sonoma,97,501317,17528,16261,100,16361,173
2020-12-18,Stanislaus,99,539301,31667,28967,2711,31678,490
2020-12-18,Sutter,101,95872,5897,5399,43,5442,39
2020-12-18,Tehama,103,63373,2696,2523,220,2743,9
2020-12-18,Trinity,105,12862,296,215,30,245,2
2020-12-18,Tulare,107,460477,30503,28322,3207,31529,370
2020-12-18,Tuolumne,109,53932,2549,2067,6,2073,12
2020-12-18,Ventura,111,848112,34156,29907,1351,31258,209
2020-12-18,Yolo,113,214977,7723,6901,47,6948,109
2020-12-18,Yuba,115,75493,3436,3097,34,3131,11
2020-12-17,Alameda,1,1643700,45783,41548,757,42305,508
2020-12-17,Alpine,3,1148,66,64,0,64,0
2020-12-17,Amador,5,37829,2078,1703,13,1716,19
2020-12-17,Butte,7,227075,6572,5746,668,6414,78
2020-12-17,Calaveras,9,45235,960,848,0,848,21
2020-12-17,Colusa,11,21464,1154,1053,45,1098,7
2020-12-17,Contra Costa,13,1133247,35887,33006,374,33380,293
2020-12-17,Del Norte,15,27424,661,583,0,583,1
2020-12-17,El Dorado,17,186661,5226,4327,191,4518,9
2020-12-17,Fresno,19,978130,60635,49918,3654,53572,597
2020-12-17,Glenn,21,27897,1356,1244,189,1433,9
2020-12-17,Humboldt,23,135768,1484,1322,6,1328,14
2020-12-17,Imperial,25,180216,21452,20208,825,21033,391
2020-12-17,Inyo,27,18085,538,450,1,451,16
2020-12-17,Kern,29,883053,58725,53683,3862,57545,526
2020-12-17,Kings,31,150075,15010,14057,458,14515,98
2020-12-17,Lake,33,64148,1616,1374,0,1374,20
2020-12-17,Lassen,35,31185,3881,3417,38,3455,1
2020-12-17,Los Angeles,37,10098052,640606,571093,15985,587078,8657
2020-12-17,Madera,39,155013,9415,8465,323,8788,62
2020-12-17,Marin,41,260295,9175,8721,56,8777,142
2020-12-17,Mariposa,43,17540,201,172,2,174,3
2020-12-17,Mendocino,45,87422,2163,1942,20,1962,23
2020-12-17,Merced,47,269075,17014,15648,255,15903,192
2020-12-17,Modoc,49,8938,215,179,66,245,0
2020-12-17,Mono,51,14174,798,718,9,727,3
2020-12-17,Monterey,53,433212,24038,21951,564,22515,163
2020-12-17,Napa,55,140530,5124,4612,23,4635,23
2020-12-17,Nevada,57,99092,2433,2173,73,2246,13
2020-12-17,Orange,59,3164182,134814,118367,4918,123285,1725
2020-12-17,Placer,61,380077,12433,10756,426,11182,99
2020-12-17,Plumas,63,18699,411,324,9,333,0
2020-12-17,Riverside,65,2383286,154655,139325,6139,145464,1696
2020-12-17,Sacramento,67,1510023,58129,53189,449,53638,721
2020-12-17,San Benito,69,59416,3047,2645,24,2669,20
2020-12-17,San Bernardino,71,2135413,169319,149838,4121,153959,1425
2020-12-17,San Diego,73,3302833,133832,116852,0,116852,1239
2020-12-17,San Francisco,75,870044,21299,19939,188,20127,170
2020-12-17,San Joaquin,77,732212,40316,35894,1182,37076,554
2020-12-17,San Luis Obispo,79,281455,9358,8365,211,8576,59
2020-12-17,San Mateo,81,765935,22245,19647,59,19706,181
2020-12-17,Santa Barbara,83,443738,15744,14207,371,14578,147
2020-12-17,Santa Clara,85,1922200,60278,52559,224,52783,527
2020-12-17,Santa Cruz,87,273765,7817,6687,221,6908,64
2020-12-17,Shasta,89,179085,7500,7000,568,7568,62
2020-12-17,Sierra,91,2930,23,23,0,23,0
2020-12-17,Siskiyou,93,43540,939,827,86,913,2
2020-12-17,Solano,95,438530,16462,14361,160,14521,96
2020-12-17,Sonoma,97,501317,17256,15993,99,16092,171
2020-12-17,Stanislaus,99,539301,31244,28582,2652,31234,489
2020-12-17,Sutter,101,95872,5798,5309,42,5351,39
2020-12-17,Tehama,103,63373,2648,2480,214,2694,9
2020-12-17,Trinity,105,12862,292,213,30,243,2
2020-12-17,Tulare,107,460477,30110,27852,3126,30978,358
2020-12-17,Tuolumne,109,53932,2238,1992,6,1998,11
2020-12-17,Ventura,111,848112,33548,29404,1313,30717,208
2020-12-17,Yolo,113,214977,7599,6800,46,6846,105
2020-12-17,Yuba,115,75493,3377,3035,32,3067,12
2020-12-16,Alameda,1,1643700,44929,40751,730,41481,497
2020-12-16,Alpine,3,1148,66,64,0,64,0
2020-12-16,Amador,5,37829,2031,1693,12,1705,19
2020-12-16,Butte,7,227075,6383,5659,638,6297,76
2020-12-16,Calaveras,9,45235,925,821,0,821,21
2020-12-16,Colusa,11,21464,1141,1038,40,1078,7
2020-12-16,Contra Costa,13,1133247,35331,32429,351,32780,293
2020-12-16,Del Norte,15,27424,659,575,0,575,1
2020-12-16,El Dorado,17,186661,5105,4237,180,4417,9
2020-12-16,Fresno,19,978130,59681,49173,3550,52723,584
2020-12-16,Glenn,21,27897,1338,1236,178,1414,9
2020-12-16,Humboldt,23,135768,1452,1308,5,1313,12
2020-12-16,Imperial,25,180216,21273,19980,753,20733,388
2020-12-16,Inyo,27,18085,525,444,1,445,16
2020-12-16,Kern,29,883053,57853,52896,3726,56622,522
2020-12-16,Kings,31,150075,14831,13734,440,14174,99
2020-12-16,Lake,33,64148,1576,1363,0,1363,20
2020-12-16,Lassen,35,31185,3848,3396,37,3433,1
2020-12-16,Los Angeles,37,10098052,624146,557907,15281,573188,8561
2020-12-16,Madera,39,155013,9290,8278,315,8593,62
2020-12-16,Marin,41,260295,9105,8641,56,8697,142
2020-12-16,Mariposa,43,17540,198,175,2,177,3
2020-12-16,Mendocino,45,87422,2127,1929,20,1949,23
2020-12-16,Merced,47,269075,16727,15443,251,15694,190
2020-12-16,Modoc,49,8938,212,178,66,244,0
2020-12-16,Mono,51,14174,781,702,9,711,3
2020-12-16,Monterey,53,433212,23481,21107,553,21660,163
2020-12-16,Napa,55,140530,5026,4544,23,4567,23
2020-12-16,Nevada,57,99092,2397,2149,71,2220,13
2020-12-16,Orange,59,3164182,131349,115260,4738,119998,1712
2020-12-16,Placer,61,380077,12202,10554,404,10958,96
2020-12-16,Plumas,63,18699,402,319,9,328,0
2020-12-16,Riverside,65,2383286,150544,135751,5881,141632,1664
2020-12-16,Sacramento,67,1510023,57158,52166,422,52588,715
2020-12-16,San Benito,69,59416,2957,2582,24,2606,20
2020-12-16,San Bernardino,71,2135413,164716,143565,3982,147547,1403
2020-12-16,San Diego,73,3302833,130733,114248,0,114248,1217
2020-12-16,San Francisco,75,870044,21041,19624,187,19811,170
2020-12-16,San Joaquin,77,732212,39492,35010,1140,36150,547
2020-12-16,San Luis Obispo,79,281455,9163,8252,202,8454,58
2020-12-16,San Mateo,81,765935,21919,19292,55,19347,179
2020-12-16,Santa Barbara,83,443738,15502,13966,358,14324,144
2020-12-16,Santa Clara,85,1922200,59037,51502,221,51723,523
2020-12-16,Santa Cruz,87,273765,7632,6536,209,6745,63
2020-12-16,Shasta,89,179085,7428,6914,546,7460,62
2020-12-16,Sierra,91,2930,23,23,0,23,0
2020-12-16,Siskiyou,93,43540,931,818,86,904,2
2020-12-16,Solano,95,438530,15997,14157,155,14312,96
2020-12-16,Sonoma,97,501317,17000,15768,99,15867,170
2020-12-16,Stanislaus,99,539301,30741,28279,2578,30857,489
2020-12-16,Sutter,101,95872,5718,5223,42,5265,39
2020-12-16,Tehama,103,63373,2617,2441,188,2629,9
2020-12-16,Trinity,105,12862,287,212,30,242,2
2020-12-16,Tulare,107,460477,29697,27500,3020,30520,352
2020-12-16,Tuolumne,109,53932,2192,1941,6,1947,11
2020-12-16,Ventura,111,848112,32776,28566,1268,29834,203
2020-12-16,Yolo,113,214977,7470,6649,45,6694,103
2020-12-16,Yuba,115,75493,3291,2980,31,3011,11
2020-12-15,Alameda,1,1643700,44073,40026,707,40733,492
2020-12-15,Alpine,3,1148,66,64,0,64,0
2020-12-15,Amador,5,37829,1918,1669,10,1679,19
2020-12-15,Butte,7,227075,6247,5565,606,6171,75
2020-12-15,Calaveras,9,45235,893,799,0,799,21
2020-12-15,Colusa,11,21464,1128,1026,39,1065,7
2020-12-15,Contra Costa,13,1133247,34678,31423,335,31758,281
2020-12-15,Del Norte,15,27424,648,564,0,564,1
2020-12-15,El Dorado,17,186661,4999,4113,164,4277,9
2020-12-15,Fresno,19,978130,58314,47316,3411,50727,574
2020-12-15,Glenn,21,27897,1325,1207,161,1368,9
2020-12-15,Humboldt,23,135768,1432,1276,5,1281,12
2020-12-15,Imperial,25,180216,21055,19756,671,20427,380
2020-12-15,Inyo,27,18085,512,394,1,395,16
2020-12-15,Kern,29,883053,56841,52002,3621,55623,511
2020-12-15,Kings,31,150075,14667,13652,421,14073,97
2020-12-15,Lake,33,64148,1551,1341,0,1341,21
2020-12-15,Lassen,35,31185,3676,3378,36,3414,1
2020-12-15,Los Angeles,37,10098052,607847,536258,14606,550864,8429
2020-12-15,Madera,39,155013,9134,8118,306,8424,60
2020-12-15,Marin,41,260295,8998,8528,54,8582,141
2020-12-15,Mariposa,43,17540,194,171,2,173,3
2020-12-15,Mendocino,45,87422,2100,1883,20,1903,24
2020-12-15,Merced,47,269075,16424,15120,247,15367,190
2020-12-15,Modoc,49,8938,210,179,66,245,0
2020-12-15,Mono,51,14174,765,702,9,711,3
2020-12-15,Monterey,53,433212,22882,19905,490,20395,161
2020-12-15,Napa,55,140530,4922,4440,23,4463,23
2020-12-15,Nevada,57,99092,2364,2117,69,2186,11
2020-12-15,Orange,59,3164182,127694,112893,4581,117474,1689
2020-12-15,Placer,61,380077,11973,10301,382,10683,95
2020-12-15,Plumas,63,18699,397,313,9,322,0
2020-12-15,Riverside,65,2383286,146496,131822,5595,137417,1624
2020-12-15,Sacramento,67,1510023,56143,51076,409,51485,703
2020-12-15,San Benito,69,59416,2877,2520,23,2543,19
2020-12-15,San Bernardino,71,2135413,160276,137548,3819,141367,1351
2020-12-15,San Diego,73,3302833,127172,111441,0,111441,1194
2020-12-15,San Francisco,75,870044,20732,19283,184,19467,171
2020-12-15,San Joaquin,77,732212,38568,33849,1103,34952,537
2020-12-15,San Luis Obispo,79,281455,9054,8074,199,8273,55
2020-12-15,San Mateo,81,765935,21508,18907,53,18960,178
2020-12-15,Santa Barbara,83,443738,15282,13782,349,14131,144
2020-12-15,Santa Clara,85,1922200,57603,50311,217,50528,505
2020-12-15,Santa Cruz,87,273765,7448,6361,193,6554,59
2020-12-15,Shasta,89,179085,7371,6794,520,7314,54
2020-12-15,Sierra,91,2930,23,23,0,23,0
2020-12-15,Siskiyou,93,43540,922,812,85,897,2
2020-12-15,Solano,95,438530,15648,13796,155,13951,95
2020-12-15,Sonoma,97,501317,16778,15406,99,15505,167
2020-12-15,Stanislaus,99,539301,30231,27823,2491,30314,485
2020-12-15,Sutter,101,95872,5621,5080,41,5121,36
2020-12-15,Tehama,103,63373,2580,2392,183,2575,9
2020-12-15,Trinity,105,12862,281,213,28,241,1
2020-12-15,Tulare,107,460477,29202,27026,2929,29955,342
2020-12-15,Tuolumne,109,53932,2161,1874,6,1880,8
2020-12-15,Ventura,111,848112,32155,27936,1220,29156,201
2020-12-15,Yolo,113,214977,7347,6531,43,6574,104
2020-12-15,Yuba,115,75493,3197,2891,30,2921,11
2020-12-14,Alameda,1,1643700,43180,39252,687,39939,487
2020-12-14,Alpine,3,1148,66,63,0,63,0
2020-12-14,Amador,5,37829,1846,1609,10,1619,19
2020-12-14,Butte,7,227075,6079,5202,589,5791,75
2020-12-14,Calaveras,9,45235,855,718,0,718,21
2020-12-14,Colusa,11,21464,1104,949,38,987,7
2020-12-14,Contra Costa,13,1133247,33980,30594,320,30914,281
2020-12-14,Del Norte,15,27424,642,560,0,560,1
2020-12-14,El Dorado,17,186661,4843,4018,147,4165,9
2020-12-14,Fresno,19,978130,57296,44726,3224,47950,560
2020-12-14,Glenn,21,27897,1299,1186,153,1339,9
2020-12-14,Humboldt,23,135768,1419,1256,5,1261,9
2020-12-14,Imperial,25,180216,20817,19608,589,20197,379
2020-12-14,Inyo,27,18085,498,382,1,383,16
2020-12-14,Kern,29,883053,55810,50538,3494,54032,510
2020-12-14,Kings,31,150075,14484,13491,392,13883,97
2020-12-14,Lake,33,64148,1500,1301,0,1301,21
2020-12-14,Lassen,35,31185,3577,2905,33,2938,1
2020-12-14,Los Angeles,37,10098052,590292,524668,13940,538608,8340
2020-12-14,Madera,39,155013,8862,8011,297,8308,60
2020-12-14,Marin,41,260295,8913,8475,52,8527,141
2020-12-14,Mariposa,43,17540,193,171,2,173,3
2020-12-14,Mendocino,45,87422,2079,1845,20,1865,24
2020-12-14,Merced,47,269075,16022,14572,233,14805,189
2020-12-14,Modoc,49,8938,204,180,64,244,0
2020-12-14,Mono,51,14174,757,685,9,694,3
2020-12-14,Monterey,53,433212,22365,19154,483,19637,155
2020-12-14,Napa,55,140530,4829,4289,23,4312,22
2020-12-14,Nevada,57,99092,2325,2070,66,2136,11
2020-12-14,Orange,59,3164182,123819,108602,4439,113041,1688
2020-12-14,Placer,61,380077,11681,9551,371,9922,95
2020-12-14,Plumas,63,18699,385,309,9,318,0
2020-12-14,Riverside,65,2383286,142385,123715,5325,129040,1588
2020-12-14,Sacramento,67,1510023,55035,50304,383,50687,691
2020-12-14,San Benito,69,59416,2810,2467,22,2489,19
2020-12-14,San Bernardino,71,2135413,155855,129151,3681,132832,1347
2020-12-14,San Diego,73,3302833,123441,109578,0,109578,1162
2020-12-14,San Francisco,75,870044,20356,18904,182,19086,171
2020-12-14,San Joaquin,77,732212,37728,32522,1054,33576,534
2020-12-14,San Luis Obispo,79,281455,8807,7791,193,7984,52
2020-12-14,San Mateo,81,765935,21008,18361,51,18412,178
2020-12-14,Santa Barbara,83,443738,15013,13587,342,13929,144
2020-12-14,Santa Clara,85,1922200,56042,49180,205,49385,502
2020-12-14,Santa Cruz,87,273765,7262,6049,177,6226,54
2020-12-14,Shasta,89,179085,7283,6665,502,7167,54
2020-12-14,Sierra,91,2930,23,21,0,21,0
2020-12-14,Siskiyou,93,43540,899,764,79,843,2
2020-12-14,Solano,95,438530,15284,13352,153,13505,93
2020-12-14,Sonoma,97,501317,16471,14807,98,14905,167
2020-12-14,Stanislaus,99,539301,29700,27311,2440,29751,485
2020-12-14,Sutter,101,95872,5511,5001,34,5035,35
2020-12-14,Tehama,103,63373,2533,2344,180,2524,9
2020-12-14,Trinity,105,12862,278,205,26,231,1
2020-12-14,Tulare,107,460477,28730,25735,2832,28567,341
2020-12-14,Tuolumne,109,53932,2104,1647,6,1653,8
2020-12-14,Ventura,111,848112,31235,27436,1157,28593,202
2020-12-14,Yolo,113,214977,7186,6389,42,6431,95
2020-12-14,Yuba,115,75493,3135,2851,30,2881,11
2020-12-13,Alameda,1,1643700,41989,38064,660,38724,486
2020-12-13,Alpine,3,1148,66,63,0,63,0
2020-12-13,Amador,5,37829,1790,1457,9,1466,19
2020-12-13,Butte,7,227075,5930,5103,544,5647,75
2020-12-13,Calaveras,9,45235,819,710,0,710,21
2020-12-13,Colusa,11,21464,1088,945,34,979,7
2020-12-13,Contra Costa,13,1133247,33252,29667,312,29979,281
2020-12-13,Del Norte,15,27424,589,542,0,542,1
2020-12-13,El Dorado,17,186661,4744,3770,135,3905,9
2020-12-13,Fresno,19,978130,56194,44114,3056,47170,559
2020-12-13,Glenn,21,27897,1286,1171,142,1313,9
2020-12-13,Humboldt,23,135768,1396,1238,4,1242,9
2020-12-13,Imperial,25,180216,20534,19472,449,19921,379
2020-12-13,Inyo,27,18085,477,380,1,381,16
2020-12-13,Kern,29,883053,54790,49051,3332,52383,510
2020-12-13,Kings,31,150075,14207,13357,371,13728,97
2020-12-13,Lake,33,64148,1457,1271,0,1271,21
2020-12-13,Lassen,35,31185,3470,2867,28,2895,1
2020-12-13,Los Angeles,37,10098052,572766,517472,13192,530664,8294
2020-12-13,Madera,39,155013,8678,7909,282,8191,60
2020-12-13,Marin,41,260295,8792,8409,52,8461,141
2020-12-13,Mariposa,43,17540,189,167,2,169,3
2020-12-13,Mendocino,45,87422,2045,1793,20,1813,24
2020-12-13,Merced,47,269075,15673,14384,230,14614,189
2020-12-13,Modoc,49,8938,192,179,58,237,0
2020-12-13,Mono,51,14174,741,675,9,684,3
2020-12-13,Monterey,53,433212,21943,18913,467,19380,153
2020-12-13,Napa,55,140530,4723,4194,23,4217,22
2020-12-13,Nevada,57,99092,2274,2030,64,2094,11
2020-12-13,Orange,59,3164182,119905,104768,4253,109021,1688
2020-12-13,Placer,61,380077,11371,9405,353,9758,95
2020-12-13,Plumas,63,18699,379,291,9,300,0
2020-12-13,Riverside,65,2383286,138272,119691,5047,124738,1581
2020-12-13,Sacramento,67,1510023,53774,49480,352,49832,682
2020-12-13,San Benito,69,59416,2738,2408,21,2429,19
2020-12-13,San Bernardino,71,2135413,150974,126718,3512,130230,1333
2020-12-13,San Diego,73,3302833,119846,107372,0,107372,1162
2020-12-13,San Francisco,75,870044,20012,18686,172,18858,167
2020-12-13,San Joaquin,77,732212,36926,32170,1011,33181,534
2020-12-13,San Luis Obispo,79,281455,8615,7625,185,7810,52
2020-12-13,San Mateo,81,765935,20518,18090,45,18135,177
2020-12-13,Santa Barbara,83,443738,14749,13249,325,13574,144
2020-12-13,Santa Clara,85,1922200,54615,47920,196,48116,499
2020-12-13,Santa Cruz,87,273765,7014,5986,166,6152,54
2020-12-13,Shasta,89,179085,7209,6647,476,7123,54
2020-12-13,Sierra,91,2930,23,21,0,21,0
2020-12-13,Siskiyou,93,43540,887,762,74,836,2
2020-12-13,Solano,95,438530,14845,13276,150,13426,93
2020-12-13,Sonoma,97,501317,16156,14495,97,14592,167
2020-12-13,Stanislaus,99,539301,29139,26569,2373,28942,485
2020-12-13,Sutter,101,95872,5384,4798,29,4827,34
2020-12-13,Tehama,103,63373,2489,2325,163,2488,9
2020-12-13,Trinity,105,12862,274,204,25,229,1
2020-12-13,Tulare,107,460477,28239,25496,2739,28235,340
2020-12-13,Tuolumne,109,53932,2041,1611,6,1617,8
2020-12-13,Ventura,111,848112,30236,26588,1091,27679,202
2020-12-13,Yolo,113,214977,7004,6265,35,6300,95
2020-12-13,Yuba,115,75493,3070,2754,27,2781,11
2020-12-12,Alameda,1,1643700,41553,37027,639,37666,486
2020-12-12,Alpine,3,1148,66,63,0,63,0
2020-12-12,Amador,5,37829,1762,1236,8,1244,19
2020-12-12,Butte,7,227075,5858,4972,531,5503,73
2020-12-12,Calaveras,9,45235,809,708,0,708,21
2020-12-12,Colusa,11,21464,1068,945,32,977,7
2020-12-12,Contra Costa,13,1133247,32909,29506,302,29808,281
2020-12-12,Del Norte,15,27424,581,529,0,529,1
2020-12-12,El Dorado,17,186661,4669,3706,117,3823,9
2020-12-12,Fresno,19,978130,55844,43756,2996,46752,559
2020-12-12,Glenn,21,27897,1278,1143,138,1281,8
2020-12-12,Humboldt,23,135768,1377,1208,4,1212,9
2020-12-12,Imperial,25,180216,20452,18947,388,19335,379
2020-12-12,Inyo,27,18085,473,380,1,381,16
2020-12-12,Kern,29,883053,54275,48194,3240,51434,507
2020-12-12,Kings,31,150075,14120,13205,366,13571,96
2020-12-12,Lake,33,64148,1441,1232,0,1232,21
2020-12-12,Lassen,35,31185,3448,2866,24,2890,1
2020-12-12,Los Angeles,37,10098052,566020,504317,12655,516972,8269
2020-12-12,Madera,39,155013,8555,7765,279,8044,59
2020-12-12,Marin,41,260295,8736,8363,51,8414,141
2020-12-12,Mariposa,43,17540,188,164,2,166,3
2020-12-12,Mendocino,45,87422,2009,1771,20,1791,24
2020-12-12,Merced,47,269075,15583,14181,226,14407,188
2020-12-12,Modoc,49,8938,191,169,55,224,0
2020-12-12,Mono,51,14174,734,640,9,649,3
2020-12-12,Monterey,53,433212,21832,18596,438,19034,151
2020-12-12,Napa,55,140530,4679,4113,23,4136,22
2020-12-12,Nevada,57,99092,2256,1981,62,2043,10
2020-12-12,Orange,59,3164182,118036,100468,4096,104564,1674
2020-12-12,Placer,61,380077,11214,9390,347,9737,95
2020-12-12,Plumas,63,18699,373,291,9,300,0
2020-12-12,Riverside,65,2383286,136226,118335,4829,123164,1579
2020-12-12,Sacramento,67,1510023,53192,48319,337,48656,673
2020-12-12,San Benito,69,59416,2682,2355,21,2376,19
2020-12-12,San Bernardino,71,2135413,149355,125741,3400,129141,1321
2020-12-12,San Diego,73,3302833,118226,104958,0,104958,1151
2020-12-12,San Francisco,75,870044,19823,18413,168,18581,167
2020-12-12,San Joaquin,77,732212,36601,32200,978,33178,534
2020-12-12,San Luis Obispo,79,281455,8520,7462,176,7638,50
2020-12-12,San Mateo,81,765935,20298,17574,44,17618,177
2020-12-12,Santa Barbara,83,443738,14597,13174,317,13491,144
2020-12-12,Santa Clara,85,1922200,53661,45892,193,46085,498
2020-12-12,Santa Cruz,87,273765,6915,5905,156,6061,54
2020-12-12,Shasta,89,179085,7174,6551,458,7009,54
2020-12-12,Sierra,91,2930,23,21,0,21,0
2020-12-12,Siskiyou,93,43540,885,762,71,833,2
2020-12-12,Solano,95,438530,14648,12748,143,12891,93
2020-12-12,Sonoma,97,501317,16036,14466,97,14563,166
2020-12-12,Stanislaus,99,539301,28838,26246,2316,28562,483
2020-12-12,Sutter,101,95872,5322,4717,29,4746,32
2020-12-12,Tehama,103,63373,2473,2252,157,2409,9
2020-12-12,Trinity,105,12862,272,204,23,227,1
2020-12-12,Tulare,107,460477,27978,25333,2679,28012,341
2020-12-12,Tuolumne,109,53932,1998,1536,6,1542,8
2020-12-12,Ventura,111,848112,29792,25955,1058,27013,202
2020-12-12,Yolo,113,214977,6921,6116,33,6149,95
2020-12-12,Yuba,115,75493,3043,2692,26,2718,10
2020-12-11,Alameda,1,1643700,40984,36281,627,36908,482
2020-12-11,Alpine,3,1148,66,63,0,63,0
2020-12-11,Amador,5,37829,1746,1213,8,1221,19
2020-12-11,Butte,7,227075,5787,4941,510,5451,73
2020-12-11,Calaveras,9,45235,793,697,0,697,21
2020-12-11,Colusa,11,21464,1058,923,30,953,7
2020-12-11,Contra Costa,13,1133247,32480,29036,298,29334,282
2020-12-11,Del Norte,15,27424,575,505,0,505,1
2020-12-11,El Dorado,17,186661,4588,3669,102,3771,9
2020-12-11,Fresno,19,978130,54835,43071,2929,46000,550
2020-12-11,Glenn,21,27897,1262,1135,133,1268,8
2020-12-11,Humboldt,23,135768,1359,1190,4,1194,9
2020-12-11,Imperial,25,180216,20365,18599,340,18939,377
2020-12-11,Inyo,27,18085,461,372,1,373,16
2020-12-11,Kern,29,883053,53602,47664,3174,50838,502
2020-12-11,Kings,31,150075,13978,13118,360,13478,94
2020-12-11,Lake,33,64148,1429,1205,0,1205,21
2020-12-11,Lassen,35,31185,3437,2790,22,2812,1
2020-12-11,Los Angeles,37,10098052,554264,493592,12224,505816,8198
2020-12-11,Madera,39,155013,8465,7648,269,7917,59
2020-12-11,Marin,41,260295,8640,8317,50,8367,141
2020-12-11,Mariposa,43,17540,187,164,2,166,3
2020-12-11,Mendocino,45,87422,1986,1769,20,1789,24
2020-12-11,Merced,47,269075,15464,14038,218,14256,186
2020-12-11,Modoc,49,8938,191,168,54,222,0
2020-12-11,Mono,51,14174,725,631,9,640,3
2020-12-11,Monterey,53,433212,21531,18421,433,18854,150
2020-12-11,Napa,55,140530,4623,4054,23,4077,22
2020-12-11,Nevada,57,99092,2239,1959,59,2018,10
2020-12-11,Orange,59,3164182,115737,98357,3990,102347,1656
2020-12-11,Placer,61,380077,11056,8904,331,9235,93
2020-12-11,Plumas,63,18699,365,286,9,295,0
2020-12-11,Riverside,65,2383286,133175,115329,4598,119927,1573
2020-12-11,Sacramento,67,1510023,52527,47468,328,47796,669
2020-12-11,San Benito,69,59416,2631,2319,21,2340,19
2020-12-11,San Bernardino,71,2135413,146675,123092,3274,126366,1313
2020-12-11,San Diego,73,3302833,116269,102468,0,102468,1137
2020-12-11,San Francisco,75,870044,19593,18246,167,18413,165
2020-12-11,San Joaquin,77,732212,36258,32044,949,32993,534
2020-12-11,San Luis Obispo,79,281455,8360,7415,173,7588,49
2020-12-11,San Mateo,81,765935,20026,17240,33,17273,177
2020-12-11,Santa Barbara,83,443738,14455,12997,309,13306,144
2020-12-11,Santa Clara,85,1922200,52654,45101,183,45284,494
2020-12-11,Santa Cruz,87,273765,6803,5764,145,5909,50
2020-12-11,Shasta,89,179085,7129,6459,451,6910,54
2020-12-11,Sierra,91,2930,23,19,0,19,0
2020-12-11,Siskiyou,93,43540,878,753,68,821,2
2020-12-11,Solano,95,438530,14462,12554,139,12693,92
2020-12-11,Sonoma,97,501317,15870,14298,94,14392,166
2020-12-11,Stanislaus,99,539301,28572,25928,2270,28198,464
2020-12-11,Sutter,101,95872,5258,4600,28,4628,30
2020-12-11,Tehama,103,63373,2444,2232,153,2385,9
2020-12-11,Trinity,105,12862,270,204,22,226,1
2020-12-11,Tulare,107,460477,27622,24953,2629,27582,338
2020-12-11,Tuolumne,109,53932,1983,1510,6,1516,8
2020-12-11,Ventura,111,848112,29187,24999,1035,26034,202
2020-12-11,Yolo,113,214977,6816,6006,31,6037,95
2020-12-11,Yuba,115,75493,2982,2649,25,2674,10
2020-12-10,Alameda,1,1643700,40215,35686,605,36291,477
2020-12-10,Alpine,3,1148,66,63,0,63,0
2020-12-10,Amador,5,37829,1689,1191,8,1199,18
2020-12-10,Butte,7,227075,5671,4863,483,5346,72
2020-12-10,Calaveras,9,45235,774,684,0,684,21
2020-12-10,Colusa,11,21464,1035,909,25,934,7
2020-12-10,Contra Costa,13,1133247,31798,28413,292,28705,276
2020-12-10,Del Norte,15,27424,566,501,0,501,1
2020-12-10,El Dorado,17,186661,4470,3557,97,3654,9
2020-12-10,Fresno,19,978130,53857,42461,2782,45243,540
2020-12-10,Glenn,21,27897,1242,1126,124,1250,8
2020-12-10,Humboldt,23,135768,1339,1140,4,1144,9
2020-12-10,Imperial,25,180216,20151,18333,259,18592,370
2020-12-10,Inyo,27,18085,440,365,1,366,15
2020-12-10,Kern,29,883053,52623,47176,3004,50180,499
2020-12-10,Kings,31,150075,13827,12993,354,13347,92
2020-12-10,Lake,33,64148,1388,1167,0,1167,21
2020-12-10,Lassen,35,31185,3415,2764,18,2782,0
2020-12-10,Los Angeles,37,10098052,540354,480354,11667,492021,8149
2020-12-10,Madera,39,155013,8360,7445,254,7699,59
2020-12-10,Marin,41,260295,8594,8245,49,8294,140
2020-12-10,Mariposa,43,17540,186,160,2,162,3
2020-12-10,Mendocino,45,87422,1960,1748,17,1765,24
2020-12-10,Merced,47,269075,15218,13756,215,13971,186
2020-12-10,Modoc,49,8938,186,165,52,217,0
2020-12-10,Mono,51,14174,719,601,9,610,3
2020-12-10,Monterey,53,433212,21054,18266,423,18689,145
2020-12-10,Napa,55,140530,4537,3974,22,3996,22
2020-12-10,Nevada,57,99092,2202,1919,59,1978,10
2020-12-10,Orange,59,3164182,112655,95297,3818,99115,1651
2020-12-10,Placer,61,380077,10806,8906,312,9218,90
2020-12-10,Plumas,63,18699,354,281,9,290,0
2020-12-10,Riverside,65,2383286,129504,112794,4320,117114,1552
2020-12-10,Sacramento,67,1510023,51633,46471,307,46778,664
2020-12-10,San Benito,69,59416,2572,2268,20,2288,19
2020-12-10,San Bernardino,71,2135413,142468,120186,3085,123271,1306
2020-12-10,San Diego,73,3302833,113745,99601,0,99601,1114
2020-12-10,San Francisco,75,870044,19279,17945,159,18104,164
2020-12-10,San Joaquin,77,732212,35626,31228,918,32146,534
2020-12-10,San Luis Obispo,79,281455,8196,7245,162,7407,49
2020-12-10,San Mateo,81,765935,19584,16701,23,16724,177
2020-12-10,Santa Barbara,83,443738,14279,12788,299,13087,143
2020-12-10,Santa Clara,85,1922200,51519,43939,167,44106,491
2020-12-10,Santa Cruz,87,273765,6630,5645,131,5776,48
2020-12-10,Shasta,89,179085,7060,6312,425,6737,53
2020-12-10,Sierra,91,2930,23,18,0,18,0
2020-12-10,Siskiyou,93,43540,868,712,67,779,2
2020-12-10,Solano,95,438530,14095,12017,133,12150,90
2020-12-10,Sonoma,97,501317,15615,14282,93,14375,167
2020-12-10,Stanislaus,99,539301,28104,25582,2200,27782,464
2020-12-10,Sutter,101,95872,5127,4528,26,4554,27
2020-12-10,Tehama,103,63373,2396,2190,142,2332,9
2020-12-10,Trinity,105,12862,267,202,21,223,1
2020-12-10,Tulare,107,460477,27174,24506,2563,27069,337
2020-12-10,Tuolumne,109,53932,1724,1451,6,1457,8
2020-12-10,Ventura,111,848112,28335,24075,991,25066,202
2020-12-10,Yolo,113,214977,6696,5896,30,5926,95
2020-12-10,Yuba,115,75493,2918,2604,24,2628,10
2020-12-09,Alameda,1,1643700,39372,35047,583,35630,470
2020-12-09,Alpine,3,1148,66,58,0,58,0
2020-12-09,Amador,5,37829,1646,1121,8,1129,19
2020-12-09,Butte,7,227075,5530,4733,460,5193,70
2020-12-09,Calaveras,9,45235,746,670,0,670,21
2020-12-09,Colusa,11,21464,1020,896,24,920,7
2020-12-09,Contra Costa,13,1133247,31094,28308,280,28588,273
2020-12-09,Del Norte,15,27424,552,481,0,481,2
2020-12-09,El Dorado,17,186661,4334,3449,89,3538,8
2020-12-09,Fresno,19,978130,52861,41954,2623,44577,533
2020-12-09,Glenn,21,27897,1228,1107,118,1225,8
2020-12-09,Humboldt,23,135768,1307,1086,4,1090,10
2020-12-09,Imperial,25,180216,19893,17757,220,17977,368
2020-12-09,Inyo,27,18085,427,356,1,357,15
2020-12-09,Kern,29,883053,51468,46379,2857,49236,494
2020-12-09,Kings,31,150075,13682,12716,345,13061,92
2020-12-09,Lake,33,64148,1361,1158,0,1158,20
2020-12-09,Lassen,35,31185,3346,2331,16,2347,0
2020-12-09,Los Angeles,37,10098052,526931,467971,11093,479064,8075
2020-12-09,Madera,39,155013,8248,7216,249,7465,59
2020-12-09,Marin,41,260295,8535,8182,48,8230,138
2020-12-09,Mariposa,43,17540,184,154,2,156,3
2020-12-09,Mendocino,45,87422,1934,1703,16,1719,24
2020-12-09,Merced,47,269075,14980,13588,207,13795,183
2020-12-09,Modoc,49,8938,181,146,43,189,0
2020-12-09,Mono,51,14174,704,601,9,610,3
2020-12-09,Monterey,53,433212,20660,17891,414,18305,143
2020-12-09,Napa,55,140530,4452,3858,21,3879,21
2020-12-09,Nevada,57,99092,2149,1864,59,1923,10
2020-12-09,Orange,59,3164182,109571,93763,3644,97407,1629
2020-12-09,Placer,61,380077,10538,8588,298,8886,85
2020-12-09,Plumas,63,18699,346,271,9,280,0
2020-12-09,Riverside,65,2383286,125820,110376,4108,114484,1543
2020-12-09,Sacramento,67,1510023,50573,45284,280,45564,659
2020-12-09,San Benito,69,59416,2493,2217,17,2234,19
2020-12-09,San Bernardino,71,2135413,138206,114516,2881,117397,1305
2020-12-09,San Diego,73,3302833,110769,97551,0,97551,1103
2020-12-09,San Francisco,75,870044,18977,17628,158,17786,163
2020-12-09,San Joaquin,77,732212,34804,30539,892,31431,531
2020-12-09,San Luis Obispo,79,281455,7978,7105,154,7259,47
2020-12-09,San Mateo,81,765935,19132,16422,22,16444,175
2020-12-09,Santa Barbara,83,443738,14079,12630,290,12920,142
2020-12-09,Santa Clara,85,1922200,50375,42912,151,43063,489
2020-12-09,Santa Cruz,87,273765,6472,5527,115,5642,47
2020-12-09,Shasta,89,179085,6995,6105,410,6515,52
2020-12-09,Sierra,91,2930,23,18,0,18,0
2020-12-09,Siskiyou,93,43540,857,713,66,779,2
2020-12-09,Solano,95,438530,13749,11862,124,11986,90
2020-12-09,Sonoma,97,501317,15359,13994,90,14084,164
2020-12-09,Stanislaus,99,539301,27606,25157,2138,27295,463
2020-12-09,Sutter,101,95872,5014,4418,22,4440,24
2020-12-09,Tehama,103,63373,2361,2102,139,2241,9
2020-12-09,Trinity,105,12862,259,199,20,219,0
2020-12-09,Tulare,107,460477,26578,24124,2481,26605,334
2020-12-09,Tuolumne,109,53932,1683,1319,6,1325,8
2020-12-09,Ventura,111,848112,27475,23830,947,24777,201
2020-12-09,Yolo,113,214977,6569,5760,29,5789,95
2020-12-09,Yuba,115,75493,2850,2513,23,2536,10
2020-12-08,Alameda,1,1643700,38476,34373,566,34939,469
2020-12-08,Alpine,3,1148,65,53,0,53,0
2020-12-08,Amador,5,37829,1360,1043,8,1051,17
2020-12-08,Butte,7,227075,5374,4651,416,5067,70
2020-12-08,Calaveras,9,45235,722,657,0,657,21
2020-12-08,Colusa,11,21464,1003,875,23,898,6
2020-12-08,Contra Costa,13,1133247,30392,27926,264,28190,270
2020-12-08,Del Norte,15,27424,537,465,0,465,2
2020-12-08,El Dorado,17,186661,4210,3296,77,3373,8
2020-12-08,Fresno,19,978130,51606,41574,2454,44028,529
2020-12-08,Glenn,21,27897,1208,1094,110,1204,8
2020-12-08,Humboldt,23,135768,1281,1059,4,1063,10
2020-12-08,Imperial,25,180216,19375,17568,211,17779,363
2020-12-08,Inyo,27,18085,404,333,1,334,15
2020-12-08,Kern,29,883053,50177,45116,2698,47814,487
2020-12-08,Kings,31,150075,13530,12623,334,12957,90
2020-12-08,Lake,33,64148,1320,1127,0,1127,20
2020-12-08,Lassen,35,31185,3190,2165,16,2181,0
2020-12-08,Los Angeles,37,10098052,514286,459738,10591,470329,8004
2020-12-08,Madera,39,155013,8116,7082,236,7318,59
2020-12-08,Marin,41,260295,8453,8099,47,8146,137
2020-12-08,Mariposa,43,17540,180,150,2,152,2
2020-12-08,Mendocino,45,87422,1892,1666,16,1682,23
2020-12-08,Merced,47,269075,14672,13380,206,13586,181
2020-12-08,Modoc,49,8938,173,138,40,178,0
2020-12-08,Mono,51,14174,685,597,9,606,3
2020-12-08,Monterey,53,433212,20093,17752,407,18159,134
2020-12-08,Napa,55,140530,4364,3778,20,3798,22
2020-12-08,Nevada,57,99092,2095,1809,56,1865,11
2020-12-08,Orange,59,3164182,106364,91406,3474,94880,1629
2020-12-08,Placer,61,380077,10268,8224,292,8516,82
2020-12-08,Plumas,63,18699,336,258,9,267,0
2020-12-08,Riverside,65,2383286,122483,107620,3921,111541,1514
2020-12-08,Sacramento,67,1510023,49506,44635,262,44897,649
2020-12-08,San Benito,69,59416,2437,2180,17,2197,18
2020-12-08,San Bernardino,71,2135413,133864,110676,2753,113429,1301
2020-12-08,San Diego,73,3302833,107399,95447,0,95447,1088
2020-12-08,San Francisco,75,870044,18668,17384,154,17538,162
2020-12-08,San Joaquin,77,732212,33912,30225,859,31084,530
2020-12-08,San Luis Obispo,79,281455,7849,6903,143,7046,45
2020-12-08,San Mateo,81,765935,18734,16305,22,16327,175
2020-12-08,Santa Barbara,83,443738,13895,12516,280,12796,141
2020-12-08,Santa Clara,85,1922200,49070,41309,140,41449,484
2020-12-08,Santa Cruz,87,273765,6295,5374,111,5485,45
2020-12-08,Shasta,89,179085,6886,5946,402,6348,50
2020-12-08,Sierra,91,2930,22,18,0,18,0
2020-12-08,Siskiyou,93,43540,843,704,64,768,2
2020-12-08,Solano,95,438530,13346,11669,122,11791,89
2020-12-08,Sonoma,97,501317,15098,13601,89,13690,164
2020-12-08,Stanislaus,99,539301,27122,24793,2073,26866,461
2020-12-08,Sutter,101,95872,4916,4342,21,4363,24
2020-12-08,Tehama,103,63373,2278,2057,129,2186,9
2020-12-08,Trinity,105,12862,254,198,19,217,0
2020-12-08,Tulare,107,460477,25982,23607,2415,26022,330
2020-12-08,Tuolumne,109,53932,1654,1264,6,1270,7
2020-12-08,Ventura,111,848112,26813,23665,903,24568,195
2020-12-08,Yolo,113,214977,6438,5560,29,5589,90
2020-12-08,Yuba,115,75493,2774,2477,23,2500,10
2020-12-07,Alameda,1,1643700,37614,33887,530,34417,466
2020-12-07,Alpine,3,1148,64,53,0,53,0
2020-12-07,Amador,5,37829,1285,993,7,1000,17
2020-12-07,Butte,7,227075,5238,4604,394,4998,67
2020-12-07,Calaveras,9,45235,690,606,0,606,21
2020-12-07,Colusa,11,21464,978,825,21,846,6
2020-12-07,Contra Costa,13,1133247,29779,27307,251,27558,270
2020-12-07,Del Norte,15,27424,525,424,0,424,2
2020-12-07,El Dorado,17,186661,4030,3275,70,3345,8
2020-12-07,Fresno,19,978130,50140,41098,2326,43424,526
2020-12-07,Glenn,21,27897,1189,1085,104,1189,8
2020-12-07,Humboldt,23,135768,1246,1023,4,1027,9
2020-12-07,Imperial,25,180216,18955,17234,199,17433,364
2020-12-07,Inyo,27,18085,389,333,1,334,15
2020-12-07,Kern,29,883053,49158,44409,2553,46962,486
2020-12-07,Kings,31,150075,13390,12412,321,12733,90
2020-12-07,Lake,33,64148,1291,1090,0,1090,20
2020-12-07,Lassen,35,31185,3093,2167,16,2183,0
2020-12-07,Los Angeles,37,10098052,500665,451052,10124,461176,7937
2020-12-07,Madera,39,155013,7852,6935,230,7165,59
2020-12-07,Marin,41,260295,8396,8049,46,8095,136
2020-12-07,Mariposa,43,17540,177,146,2,148,2
2020-12-07,Mendocino,45,87422,1857,1638,14,1652,23
2020-12-07,Merced,47,269075,14312,13250,196,13446,179
2020-12-07,Modoc,49,8938,166,128,37,165,0
2020-12-07,Mono,51,14174,675,590,9,599,3
2020-12-07,Monterey,53,433212,19612,17746,395,18141,132
2020-12-07,Napa,55,140530,4273,3684,20,3704,21
2020-12-07,Nevada,57,99092,2046,1777,55,1832,11
2020-12-07,Orange,59,3164182,103105,89793,3357,93150,1628
2020-12-07,Placer,61,380077,9943,7911,278,8189,82
2020-12-07,Plumas,63,18699,325,256,5,261,0
2020-12-07,Riverside,65,2383286,119297,102363,3728,106091,1491
2020-12-07,Sacramento,67,1510023,48414,43419,244,43663,638
2020-12-07,San Benito,69,59416,2386,2165,16,2181,18
2020-12-07,San Bernardino,71,2135413,129928,108161,2625,110786,1295
2020-12-07,San Diego,73,3302833,104611,94171,0,94171,1062
2020-12-07,San Francisco,75,870044,18378,17220,146,17366,161
2020-12-07,San Joaquin,77,732212,33037,28188,832,29020,530
2020-12-07,San Luis Obispo,79,281455,7667,6782,136,6918,45
2020-12-07,San Mateo,81,765935,18294,16029,21,16050,175
2020-12-07,Santa Barbara,83,443738,13654,12362,269,12631,141
2020-12-07,Santa Clara,85,1922200,47688,40621,130,40751,484
2020-12-07,Santa Cruz,87,273765,6131,5152,104,5256,41
2020-12-07,Shasta,89,179085,6763,5742,387,6129,50
2020-12-07,Sierra,91,2930,20,18,0,18,0
2020-12-07,Siskiyou,93,43540,817,652,63,715,2
2020-12-07,Solano,95,438530,13007,11354,118,11472,89
2020-12-07,Sonoma,97,501317,14811,13376,89,13465,164
2020-12-07,Stanislaus,99,539301,26568,24479,2019,26498,454
2020-12-07,Sutter,101,95872,4775,4106,21,4127,24
2020-12-07,Tehama,103,63373,2226,2030,123,2153,9
2020-12-07,Trinity,105,12862,251,194,19,213,0
2020-12-07,Tulare,107,460477,25460,22760,2353,25113,328
2020-12-07,Tuolumne,109,53932,1571,1256,5,1261,7
2020-12-07,Ventura,111,848112,26229,23354,866,24220,191
2020-12-07,Yolo,113,214977,6276,5537,28,5565,90
2020-12-07,Yuba,115,75493,2705,2428,21,2449,10
2020-12-06,Alameda,1,1643700,36644,33477,507,33984,465
2020-12-06,Alpine,3,1148,60,53,0,53,0
2020-12-06,Amador,5,37829,1223,952,6,958,17
2020-12-06,Butte,7,227075,5088,4527,358,4885,67
2020-12-06,Calaveras,9,45235,671,606,0,606,21
2020-12-06,Colusa,11,21464,961,824,18,842,6
2020-12-06,Contra Costa,13,1133247,29173,26566,243,26809,270
2020-12-06,Del Norte,15,27424,488,414,0,414,2
2020-12-06,El Dorado,17,186661,3893,3086,65,3151,8
2020-12-06,Fresno,19,978130,49192,40869,2206,43075,526
2020-12-06,Glenn,21,27897,1179,1067,100,1167,8
2020-12-06,Humboldt,23,135768,1221,1004,4,1008,9
2020-12-06,Imperial,25,180216,18643,16922,189,17111,364
2020-12-06,Inyo,27,18085,376,333,1,334,15
2020-12-06,Kern,29,883053,48175,43899,2374,46273,486
2020-12-06,Kings,31,150075,13121,12056,303,12359,90
2020-12-06,Lake,33,64148,1252,1075,0,1075,20
2020-12-06,Lassen,35,31185,2989,2168,14,2182,0
2020-12-06,Los Angeles,37,10098052,487136,443230,9651,452881,7910
2020-12-06,Madera,39,155013,7681,6826,222,7048,59
2020-12-06,Marin,41,260295,8317,8013,44,8057,136
2020-12-06,Mariposa,43,17540,176,144,2,146,2
2020-12-06,Mendocino,45,87422,1816,1614,14,1628,23
2020-12-06,Merced,47,269075,13977,12928,187,13115,179
2020-12-06,Modoc,49,8938,153,125,29,154,0
2020-12-06,Mono,51,14174,652,586,8,594,3
2020-12-06,Monterey,53,433212,18994,17426,385,17811,130
2020-12-06,Napa,55,140530,4161,3644,20,3664,21
2020-12-06,Nevada,57,99092,1988,1710,52,1762,10
2020-12-06,Orange,59,3164182,100047,87737,3222,90959,1627
2020-12-06,Placer,61,380077,9669,7837,256,8093,82
2020-12-06,Plumas,63,18699,312,254,4,258,0
2020-12-06,Riverside,65,2383286,116222,100088,3493,103581,1482
2020-12-06,Sacramento,67,1510023,47172,42808,229,43037,638
2020-12-06,San Benito,69,59416,2349,2135,16,2151,18
2020-12-06,San Bernardino,71,2135413,125800,106927,2461,109388,1286
2020-12-06,San Diego,73,3302833,101581,92173,0,92173,1062
2020-12-06,San Francisco,75,870044,18056,17107,138,17245,161
2020-12-06,San Joaquin,77,732212,32206,28188,804,28992,530
2020-12-06,San Luis Obispo,79,281455,7500,6723,132,6855,45
2020-12-06,San Mateo,81,765935,17790,15855,18,15873,175
2020-12-06,Santa Barbara,83,443738,13424,12252,261,12513,141
2020-12-06,Santa Clara,85,1922200,46314,39112,124,39236,482
2020-12-06,Santa Cruz,87,273765,5959,5069,98,5167,40
2020-12-06,Shasta,89,179085,6622,5743,365,6108,49
2020-12-06,Sierra,91,2930,20,17,0,17,0
2020-12-06,Siskiyou,93,43540,799,652,61,713,2
2020-12-06,Solano,95,438530,12719,11354,108,11462,88
2020-12-06,Sonoma,97,501317,14521,13238,88,13326,164
2020-12-06,Stanislaus,99,539301,26017,24036,1953,25989,454
2020-12-06,Sutter,101,95872,4661,4009,20,4029,21
2020-12-06,Tehama,103,63373,2170,1982,112,2094,9
2020-12-06,Trinity,105,12862,245,181,18,199,0
2020-12-06,Tulare,107,460477,24942,22756,2281,25037,327
2020-12-06,Tuolumne,109,53932,1474,1210,5,1215,7
2020-12-06,Ventura,111,848112,25686,23035,839,23874,191
2020-12-06,Yolo,113,214977,6117,5465,23,5488,90
2020-12-06,Yuba,115,75493,2661,2340,20,2360,10
2020-12-05,Alameda,1,1643700,36285,32781,496,33277,465
2020-12-05,Alpine,3,1148,59,53,0,53,0
2020-12-05,Amador,5,37829,1199,847,6,853,17
2020-12-05,Butte,7,227075,5019,4455,339,4794,66
2020-12-05,Calaveras,9,45235,660,606,0,606,21
2020-12-05,Colusa,11,21464,944,825,15,840,6
2020-12-05,Contra Costa,13,1133247,28880,26217,236,26453,270
2020-12-05,Del Norte,15,27424,482,408,0,408,2
2020-12-05,El Dorado,17,186661,3829,3061,60,3121,8
2020-12-05,Fresno,19,978130,48872,40568,2150,42718,525
2020-12-05,Glenn,21,27897,1166,1056,94,1150,8
2020-12-05,Humboldt,23,135768,1188,979,4,983,9
2020-12-05,Imperial,25,180216,18481,16544,187,16731,362
2020-12-05,Inyo,27,18085,371,332,1,333,15
2020-12-05,Kern,29,883053,47716,43332,2284,45616,484
2020-12-05,Kings,31,150075,13042,11898,300,12198,90
2020-12-05,Lake,33,64148,1227,1069,0,1069,20
2020-12-05,Lassen,35,31185,2798,2168,12,2180,0
2020-12-05,Los Angeles,37,10098052,481365,433120,9309,442429,7888
2020-12-05,Madera,39,155013,7592,6619,215,6834,59
2020-12-05,Marin,41,260295,8291,7961,44,8005,136
2020-12-05,Mariposa,43,17540,171,143,2,145,2
2020-12-05,Mendocino,45,87422,1777,1585,14,1599,23
2020-12-05,Merced,47,269075,13872,12747,176,12923,180
2020-12-05,Modoc,49,8938,153,118,28,146,0
2020-12-05,Mono,51,14174,648,554,8,562,3
2020-12-05,Monterey,53,433212,18848,17077,381,17458,127
2020-12-05,Napa,55,140530,4091,3565,20,3585,21
2020-12-05,Nevada,57,99092,1974,1642,50,1692,10
2020-12-05,Orange,59,3164182,98590,85735,3126,88861,1612
2020-12-05,Placer,61,380077,9551,7811,247,8058,78
2020-12-05,Plumas,63,18699,305,246,1,247,0
2020-12-05,Riverside,65,2383286,114624,98612,3304,101916,1477
2020-12-05,Sacramento,67,1510023,46508,41878,214,42092,625
2020-12-05,San Benito,69,59416,2308,2073,16,2089,18
2020-12-05,San Bernardino,71,2135413,124283,105382,2323,107705,1283
2020-12-05,San Diego,73,3302833,100232,90470,0,90470,1055
2020-12-05,San Francisco,75,870044,17872,16786,134,16920,161
2020-12-05,San Joaquin,77,732212,31947,28105,769,28874,523
2020-12-05,San Luis Obispo,79,281455,7433,6623,129,6752,44
2020-12-05,San Mateo,81,765935,17533,15512,18,15530,175
2020-12-05,Santa Barbara,83,443738,13324,12107,255,12362,141
2020-12-05,Santa Clara,85,1922200,45579,38339,119,38458,474
2020-12-05,Santa Cruz,87,273765,5885,4997,96,5093,40
2020-12-05,Shasta,89,179085,6561,5653,354,6007,49
2020-12-05,Sierra,91,2930,20,17,0,17,0
2020-12-05,Siskiyou,93,43540,791,649,60,709,2
2020-12-05,Solano,95,438530,12550,11351,106,11457,87
2020-12-05,Sonoma,97,501317,14425,13137,88,13225,164
2020-12-05,Stanislaus,99,539301,25712,23662,1917,25579,454
2020-12-05,Sutter,101,95872,4594,3937,20,3957,20
2020-12-05,Tehama,103,63373,2156,1926,110,2036,9
2020-12-05,Trinity,105,12862,244,177,18,195,0
2020-12-05,Tulare,107,460477,24732,22660,2219,24879,324
2020-12-05,Tuolumne,109,53932,1418,1180,5,1185,7
2020-12-05,Ventura,111,848112,25317,22710,823,23533,191
2020-12-05,Yolo,113,214977,6039,5351,22,5373,90
2020-12-05,Yuba,115,75493,2625,2275,20,2295,10
2020-12-04,Alameda,1,1643700,35735,31871,483,32354,465
2020-12-04,Alpine,3,1148,59,53,0,53,0
2020-12-04,Amador,5,37829,1185,766,3,769,16
2020-12-04,Butte,7,227075,4948,4336,317,4653,65
2020-12-04,Calaveras,9,45235,655,585,0,585,21
2020-12-04,Colusa,11,21464,930,790,14,804,6
2020-12-04,Contra Costa,13,1133247,28539,25705,224,25929,264
2020-12-04,Del Norte,15,27424,471,401,0,401,2
2020-12-04,El Dorado,17,186661,3741,2933,57,2990,7
2020-12-04,Fresno,19,978130,48164,40108,2081,42189,522
2020-12-04,Glenn,21,27897,1160,1017,86,1103,8
2020-12-04,Humboldt,23,135768,1170,960,4,964,9
2020-12-04,Imperial,25,180216,18238,16484,187,16671,362
2020-12-04,Inyo,27,18085,363,324,1,325,15
2020-12-04,Kern,29,883053,47168,42497,2178,44675,485
2020-12-04,Kings,31,150075,12949,11767,294,12061,88
2020-12-04,Lake,33,64148,1199,1018,0,1018,20
2020-12-04,Lassen,35,31185,2791,2167,10,2177,0
2020-12-04,Los Angeles,37,10098052,472779,424164,8997,433161,7845
2020-12-04,Madera,39,155013,7503,6479,212,6691,58
2020-12-04,Marin,41,260295,8241,7896,42,7938,136
2020-12-04,Mariposa,43,17540,171,136,2,138,2
2020-12-04,Mendocino,45,87422,1758,1563,13,1576,23
2020-12-04,Merced,47,269075,13757,12474,168,12642,177
2020-12-04,Modoc,49,8938,153,115,28,143,0
2020-12-04,Mono,51,14174,643,549,8,557,3
2020-12-04,Monterey,53,433212,18643,16737,372,17109,127
2020-12-04,Napa,55,140530,4038,3432,20,3452,19
2020-12-04,Nevada,57,99092,1949,1560,47,1607,10
2020-12-04,Orange,59,3164182,96673,83738,3057,86795,1597
2020-12-04,Placer,61,380077,9424,7461,233,7694,76
2020-12-04,Plumas,63,18699,298,232,0,232,0
2020-12-04,Riverside,65,2383286,112434,95255,3142,98397,1475
2020-12-04,Sacramento,67,1510023,45747,41061,197,41258,618
2020-12-04,San Benito,69,59416,2280,2006,16,2022,17
2020-12-04,San Bernardino,71,2135413,122016,102418,2213,104631,1290
2020-12-04,San Diego,73,3302833,98750,88183,0,88183,1047
2020-12-04,San Francisco,75,870044,17683,16499,133,16632,161
2020-12-04,San Joaquin,77,732212,31511,27806,731,28537,522
2020-12-04,San Luis Obispo,79,281455,7348,6473,126,6599,42
2020-12-04,San Mateo,81,765935,17245,15112,17,15129,173
2020-12-04,Santa Barbara,83,443738,13218,11947,247,12194,141
2020-12-04,Santa Clara,85,1922200,44661,37465,113,37578,468
2020-12-04,Santa Cruz,87,273765,5800,4985,94,5079,32
2020-12-04,Shasta,89,179085,6473,5439,344,5783,49
2020-12-04,Sierra,91,2930,19,17,0,17,0
2020-12-04,Siskiyou,93,43540,784,639,57,696,2
2020-12-04,Solano,95,438530,12404,11037,103,11140,87
2020-12-04,Sonoma,97,501317,14277,12962,87,13049,164
2020-12-04,Stanislaus,99,539301,25447,23206,1871,25077,448
2020-12-04,Sutter,101,95872,4522,3791,15,3806,20
2020-12-04,Tehama,103,63373,2117,1876,104,1980,9
2020-12-04,Trinity,105,12862,242,172,18,190,0
2020-12-04,Tulare,107,460477,24451,22273,2145,24418,322
2020-12-04,Tuolumne,109,53932,1387,1134,5,1139,7
2020-12-04,Ventura,111,848112,24941,22024,805,22829,189
2020-12-04,Yolo,113,214977,5965,5294,21,5315,87
2020-12-04,Yuba,115,75493,2582,2225,19,2244,10
2020-12-03,Alameda,1,1643700,34977,31184,464,31648,465
2020-12-03,Alpine,3,1148,58,53,0,53,0
2020-12-03,Amador,5,37829,1134,653,3,656,16
2020-12-03,Butte,7,227075,4854,4305,296,4601,65
2020-12-03,Calaveras,9,45235,636,572,0,572,21
2020-12-03,Colusa,11,21464,917,774,14,788,6
2020-12-03,Contra Costa,13,1133247,28041,25464,216,25680,265
2020-12-03,Del Norte,15,27424,467,388,0,388,2
2020-12-03,El Dorado,17,186661,3615,2740,55,2795,6
2020-12-03,Fresno,19,978130,47417,39680,2006,41686,516
2020-12-03,Glenn,21,27897,1143,997,77,1074,8
2020-12-03,Humboldt,23,135768,1140,923,4,927,9
2020-12-03,Imperial,25,180216,18033,16436,176,16612,359
2020-12-03,Inyo,27,18085,360,321,1,322,15
2020-12-03,Kern,29,883053,46327,42062,2073,44135,483
2020-12-03,Kings,31,150075,12850,11658,281,11939,87
2020-12-03,Lake,33,64148,1185,991,0,991,20
2020-12-03,Lassen,35,31185,2751,2128,9,2137,0
2020-12-03,Los Angeles,37,10098052,462710,415805,8616,424421,7787
2020-12-03,Madera,39,155013,7382,6398,208,6606,58
2020-12-03,Marin,41,260295,8182,7861,38,7899,136
2020-12-03,Mariposa,43,17540,167,132,2,134,2
2020-12-03,Mendocino,45,87422,1742,1547,9,1556,23
2020-12-03,Merced,47,269075,13511,12310,160,12470,177
2020-12-03,Modoc,49,8938,151,114,28,142,0
2020-12-03,Mono,51,14174,622,527,8,535,3
2020-12-03,Monterey,53,433212,18181,16218,361,16579,125
2020-12-03,Napa,55,140530,3925,3360,20,3380,19
2020-12-03,Nevada,57,99092,1872,1472,46,1518,10
2020-12-03,Orange,59,3164182,94159,82187,2984,85171,1591
2020-12-03,Placer,61,380077,9220,7270,217,7487,73
2020-12-03,Plumas,63,18699,284,223,0,223,0
2020-12-03,Riverside,65,2383286,109688,92489,2969,95458,1461
2020-12-03,Sacramento,67,1510023,44699,40280,184,40464,614
2020-12-03,San Benito,69,59416,2236,1967,16,1983,16
2020-12-03,San Bernardino,71,2135413,118698,100787,2124,102911,1283
2020-12-03,San Diego,73,3302833,96942,86144,0,86144,1040
2020-12-03,San Francisco,75,870044,17461,16236,132,16368,161
2020-12-03,San Joaquin,77,732212,30791,27239,682,27921,522
2020-12-03,San Luis Obispo,79,281455,7180,6388,125,6513,42
2020-12-03,San Mateo,81,765935,16894,14909,16,14925,173
2020-12-03,Santa Barbara,83,443738,13090,11829,241,12070,141
2020-12-03,Santa Clara,85,1922200,43465,36621,107,36728,465
2020-12-03,Santa Cruz,87,273765,5658,4850,90,4940,28
2020-12-03,Shasta,89,179085,6364,5330,337,5667,48
2020-12-03,Sierra,91,2930,19,17,0,17,0
2020-12-03,Siskiyou,93,43540,769,629,54,683,2
2020-12-03,Solano,95,438530,12193,10857,100,10957,87
2020-12-03,Sonoma,97,501317,14033,12772,86,12858,164
2020-12-03,Stanislaus,99,539301,25042,22821,1819,24640,447
2020-12-03,Sutter,101,95872,4439,3727,14,3741,20
2020-12-03,Tehama,103,63373,2066,1832,95,1927,9
2020-12-03,Trinity,105,12862,240,166,18,184,0
2020-12-03,Tulare,107,460477,24056,21993,2051,24044,321
2020-12-03,Tuolumne,109,53932,1346,1105,5,1110,7
2020-12-03,Ventura,111,848112,24238,21555,790,22345,187
2020-12-03,Yolo,113,214977,5827,5069,21,5090,87
2020-12-03,Yuba,115,75493,2513,2182,17,2199,10
2020-12-02,Alameda,1,1643700,34355,30697,452,31149,463
2020-12-02,Alpine,3,1148,57,52,0,52,0
2020-12-02,Amador,5,37829,1062,585,3,588,16
2020-12-02,Butte,7,227075,4732,4243,286,4529,65
2020-12-02,Calaveras,9,45235,619,553,0,553,21
2020-12-02,Colusa,11,21464,901,756,13,769,6
2020-12-02,Contra Costa,13,1133247,27584,25147,203,25350,264
2020-12-02,Del Norte,15,27424,453,384,0,384,2
2020-12-02,El Dorado,17,186661,3515,2638,49,2687,5
2020-12-02,Fresno,19,978130,46672,39324,1896,41220,507
2020-12-02,Glenn,21,27897,1126,995,69,1064,7
2020-12-02,Humboldt,23,135768,1114,899,4,903,9
2020-12-02,Imperial,25,180216,17609,16360,167,16527,356
2020-12-02,Inyo,27,18085,353,314,1,315,15
2020-12-02,Kern,29,883053,45437,41660,1968,43628,479
2020-12-02,Kings,31,150075,12497,11531,267,11798,86
2020-12-02,Lake,33,64148,1156,971,0,971,20
2020-12-02,Lassen,35,31185,2692,2115,9,2124,0
2020-12-02,Los Angeles,37,10098052,452696,408289,8258,416547,7739
2020-12-02,Madera,39,155013,7259,6370,200,6570,57
2020-12-02,Marin,41,260295,8136,7819,36,7855,136
2020-12-02,Mariposa,43,17540,164,131,2,133,2
2020-12-02,Mendocino,45,87422,1709,1524,9,1533,23
2020-12-02,Merced,47,269075,13269,12168,153,12321,173
2020-12-02,Modoc,49,8938,148,113,28,141,0
2020-12-02,Mono,51,14174,613,520,8,528,3
2020-12-02,Monterey,53,433212,17704,16064,322,16386,121
2020-12-02,Napa,55,140530,3822,3298,19,3317,19
2020-12-02,Nevada,57,99092,1810,1430,45,1475,9
2020-12-02,Orange,59,3164182,91967,81046,2903,83949,1569
2020-12-02,Placer,61,380077,8993,6941,202,7143,73
2020-12-02,Plumas,63,18699,271,218,0,218,0
2020-12-02,Riverside,65,2383286,106977,90089,2780,92869,1451
2020-12-02,Sacramento,67,1510023,43669,39334,173,39507,597
2020-12-02,San Benito,69,59416,2172,1921,16,1937,16
2020-12-02,San Bernardino,71,2135413,115145,98567,2007,100574,1240
2020-12-02,San Diego,73,3302833,95028,84640,0,84640,1035
2020-12-02,San Francisco,75,870044,17223,16058,130,16188,157
2020-12-02,San Joaquin,77,732212,30170,26740,658,27398,519
2020-12-02,San Luis Obispo,79,281455,7082,6324,122,6446,42
2020-12-02,San Mateo,81,765935,16532,14757,15,14772,170
2020-12-02,Santa Barbara,83,443738,12939,11705,228,11933,140
2020-12-02,Santa Clara,85,1922200,42349,35878,106,35984,458
2020-12-02,Santa Cruz,87,273765,5526,4766,87,4853,27
2020-12-02,Shasta,89,179085,6240,5188,320,5508,47
2020-12-02,Sierra,91,2930,19,17,0,17,0
2020-12-02,Siskiyou,93,43540,753,624,52,676,1
2020-12-02,Solano,95,438530,11948,10701,96,10797,87
2020-12-02,Sonoma,97,501317,13793,12635,85,12720,163
2020-12-02,Stanislaus,99,539301,24547,22615,1759,24374,448
2020-12-02,Sutter,101,95872,4278,3604,14,3618,18
2020-12-02,Tehama,103,63373,2023,1800,79,1879,9
2020-12-02,Trinity,105,12862,233,165,18,183,0
2020-12-02,Tulare,107,460477,23680,21789,1964,23753,321
2020-12-02,Tuolumne,109,53932,1306,1076,5,1081,7
2020-12-02,Ventura,111,848112,23830,21208,771,21979,186
2020-12-02,Yolo,113,214977,5716,5053,20,5073,87
2020-12-02,Yuba,115,75493,2436,2119,16,2135,10
2020-12-01,Alameda,1,1643700,33669,30252,440,30692,460
2020-12-01,Alpine,3,1148,57,41,0,41,0
2020-12-01,Amador,5,37829,915,575,2,577,16
2020-12-01,Butte,7,227075,4628,4177,270,4447,65
2020-12-01,Calaveras,9,45235,601,544,0,544,21
2020-12-01,Colusa,11,21464,884,747,13,760,6
2020-12-01,Contra Costa,13,1133247,27011,24788,195,24983,264
2020-12-01,Del Norte,15,27424,425,357,0,357,2
2020-12-01,El Dorado,17,186661,3370,2542,44,2586,4
2020-12-01,Fresno,19,978130,45774,39004,1811,40815,505
2020-12-01,Glenn,21,27897,1105,989,65,1054,7
2020-12-01,Humboldt,23,135768,1083,886,4,890,9
2020-12-01,Imperial,25,180216,17296,16278,164,16442,356
2020-12-01,Inyo,27,18085,346,304,1,305,15
2020-12-01,Kern,29,883053,44637,41345,1833,43178,478
2020-12-01,Kings,31,150075,12184,11415,251,11666,86
2020-12-01,Lake,33,64148,1138,969,0,969,19
2020-12-01,Lassen,35,31185,2526,2047,8,2055,0
2020-12-01,Los Angeles,37,10098052,442357,403266,7916,411182,7704
2020-12-01,Madera,39,155013,7143,6270,191,6461,57
2020-12-01,Marin,41,260295,8066,7787,35,7822,136
2020-12-01,Mariposa,43,17540,159,128,2,130,2
2020-12-01,Mendocino,45,87422,1675,1497,9,1506,23
2020-12-01,Merced,47,269075,13026,12032,144,12176,172
2020-12-01,Modoc,49,8938,143,113,24,137,0
2020-12-01,Mono,51,14174,603,520,8,528,3
2020-12-01,Monterey,53,433212,17197,15835,312,16147,121
2020-12-01,Napa,55,140530,3738,3124,18,3142,19
2020-12-01,Nevada,57,99092,1748,1411,44,1455,9
2020-12-01,Orange,59,3164182,89871,79468,2812,82280,1567
2020-12-01,Placer,61,380077,8670,6794,195,6989,72
2020-12-01,Plumas,63,18699,259,201,0,201,0
2020-12-01,Riverside,65,2383286,104182,88530,2612,91142,1448
2020-12-01,Sacramento,67,1510023,42622,38966,168,39134,589
2020-12-01,San Benito,69,59416,2117,1888,16,1904,15
2020-12-01,San Bernardino,71,2135413,111679,95854,1876,97730,1220
2020-12-01,San Diego,73,3302833,92771,83423,0,83423,1019
2020-12-01,San Francisco,75,870044,16942,15797,126,15923,157
2020-12-01,San Joaquin,77,732212,29368,26432,636,27068,514
2020-12-01,San Luis Obispo,79,281455,6942,6264,117,6381,40
2020-12-01,San Mateo,81,765935,16207,14495,15,14510,170
2020-12-01,Santa Barbara,83,443738,12799,11611,219,11830,140
2020-12-01,Santa Clara,85,1922200,41093,35397,101,35498,452
2020-12-01,Santa Cruz,87,273765,5370,4638,79,4717,27
2020-12-01,Shasta,89,179085,6112,5077,298,5375,47
2020-12-01,Sierra,91,2930,19,17,0,17,0
2020-12-01,Siskiyou,93,43540,739,608,48,656,1
2020-12-01,Solano,95,438530,11690,10604,90,10694,87
2020-12-01,Sonoma,97,501317,13588,12491,82,12573,163
2020-12-01,Stanislaus,99,539301,24092,22351,1702,24053,447
2020-12-01,Sutter,101,95872,4137,3538,14,3552,17
2020-12-01,Tehama,103,63373,1964,1773,70,1843,9
2020-12-01,Trinity,105,12862,224,165,17,182,0
2020-12-01,Tulare,107,460477,23228,21645,1889,23534,319
2020-12-01,Tuolumne,109,53932,1270,1052,2,1054,7
2020-12-01,Ventura,111,848112,23217,20604,749,21353,186
2020-12-01,Yolo,113,214977,5576,4928,20,4948,86
2020-12-01,Yuba,115,75493,2370,2088,15,2103,10
2020-11-30,Alameda,1,1643700,32853,29972,422,30394,457
2020-11-30,Alpine,3,1148,55,41,0,41,0
2020-11-30,Amador,5,37829,874,559,2,561,16
2020-11-30,Butte,7,227075,4511,4148,253,4401,65
2020-11-30,Calaveras,9,45235,579,478,0,478,21
2020-11-30,Colusa,11,21464,857,737,10,747,6
2020-11-30,Contra Costa,13,1133247,26435,24365,191,24556,264
2020-11-30,Del Norte,15,27424,402,339,0,339,2
2020-11-30,El Dorado,17,186661,3196,2488,39,2527,4
2020-11-30,Fresno,19,978130,44667,38712,1691,40403,500
2020-11-30,Glenn,21,27897,1082,954,60,1014,5
2020-11-30,Humboldt,23,135768,1036,870,4,874,9
2020-11-30,Imperial,25,180216,17044,16212,139,16351,356
2020-11-30,Inyo,27,18085,341,304,1,305,15
2020-11-30,Kern,29,883053,43880,40941,1690,42631,473
2020-11-30,Kings,31,150075,12038,11346,234,11580,85
2020-11-30,Lake,33,64148,1107,939,0,939,18
2020-11-30,Lassen,35,31185,2433,1793,8,1801,0
2020-11-30,Los Angeles,37,10098052,431712,396202,7568,403770,7658
2020-11-30,Madera,39,155013,6975,6210,177,6387,57
2020-11-30,Marin,41,260295,8024,7764,34,7798,136
2020-11-30,Mariposa,43,17540,152,123,2,125,2
2020-11-30,Mendocino,45,87422,1648,1482,9,1491,23
2020-11-30,Merced,47,269075,12752,11913,133,12046,172
2020-11-30,Modoc,49,8938,133,113,24,137,0
2020-11-30,Mono,51,14174,581,519,8,527,3
2020-11-30,Monterey,53,433212,16768,15837,304,16141,119
2020-11-30,Napa,55,140530,3639,3091,17,3108,18
2020-11-30,Nevada,57,99092,1661,1347,41,1388,9
2020-11-30,Orange,59,3164182,87766,78711,2715,81426,1568
2020-11-30,Placer,61,380077,8375,6575,182,6757,72
2020-11-30,Plumas,63,18699,248,192,0,192,0
2020-11-30,Riverside,65,2383286,101196,87722,2458,90180,1446
2020-11-30,Sacramento,67,1510023,41544,37834,160,37994,586
2020-11-30,San Benito,69,59416,2068,1875,15,1890,15
2020-11-30,San Bernardino,71,2135413,107954,92704,1757,94461,1220
2020-11-30,San Diego,73,3302833,90411,82045,0,82045,997
2020-11-30,San Francisco,75,870044,16644,15638,123,15761,157
2020-11-30,San Joaquin,77,732212,28664,25742,609,26351,509
2020-11-30,San Luis Obispo,79,281455,6807,6224,115,6339,36
2020-11-30,San Mateo,81,765935,15846,14276,15,14291,170
2020-11-30,Santa Barbara,83,443738,12621,11572,212,11784,140
2020-11-30,Santa Clara,85,1922200,39886,35019,100,35119,451
2020-11-30,Santa Cruz,87,273765,5231,4558,75,4633,26
2020-11-30,Shasta,89,179085,5971,4933,264,5197,44
2020-11-30,Sierra,91,2930,19,16,0,16,0
2020-11-30,Siskiyou,93,43540,730,605,44,649,1
2020-11-30,Solano,95,438530,11428,10392,85,10477,87
2020-11-30,Sonoma,97,501317,13342,12232,78,12310,163
2020-11-30,Stanislaus,99,539301,23634,22110,1657,23767,446
2020-11-30,Sutter,101,95872,3980,3430,13,3443,16
2020-11-30,Tehama,103,63373,1916,1724,64,1788,9
2020-11-30,Trinity,105,12862,218,162,17,179,0
2020-11-30,Tulare,107,460477,22844,20833,1793,22626,319
2020-11-30,Tuolumne,109,53932,1225,1027,2,1029,7
2020-11-30,Ventura,111,848112,22458,20308,733,21041,180
2020-11-30,Yolo,113,214977,5464,4894,20,4914,81
2020-11-30,Yuba,115,75493,2309,2028,13,2041,10
2020-11-29,Alameda,1,1643700,32068,29918,400,30318,457
2020-11-29,Alpine,3,1148,52,41,0,41,0
2020-11-29,Amador,5,37829,723,548,2,550,16
2020-11-29,Butte,7,227075,4413,4008,231,4239,65
2020-11-29,Calaveras,9,45235,547,478,0,478,21
2020-11-29,Colusa,11,21464,828,723,6,729,6
2020-11-29,Contra Costa,13,1133247,25932,24165,185,24350,264
2020-11-29,Del Norte,15,27424,396,339,0,339,2
2020-11-29,El Dorado,17,186661,3066,2447,38,2485,4
2020-11-29,Fresno,19,978130,43719,38568,1615,40183,500
2020-11-29,Glenn,21,27897,1059,951,58,1009,4
2020-11-29,Humboldt,23,135768,1007,856,4,860,9
2020-11-29,Imperial,25,180216,16817,16138,110,16248,356
2020-11-29,Inyo,27,18085,326,289,1,290,15
2020-11-29,Kern,29,883053,43122,40596,1539,42135,473
2020-11-29,Kings,31,150075,11890,11247,214,11461,85
2020-11-29,Lake,33,64148,1083,927,0,927,18
2020-11-29,Lassen,35,31185,2330,1793,8,1801,0
2020-11-29,Los Angeles,37,10098052,421342,391162,7249,398411,7642
2020-11-29,Madera,39,155013,6832,6184,171,6355,57
2020-11-29,Marin,41,260295,7958,7739,32,7771,135
2020-11-29,Mariposa,43,17540,148,123,2,125,2
2020-11-29,Mendocino,45,87422,1614,1473,9,1482,23
2020-11-29,Merced,47,269075,12513,11773,124,11897,172
2020-11-29,Modoc,49,8938,129,105,22,127,0
2020-11-29,Mono,51,14174,558,515,8,523,3
2020-11-29,Monterey,53,433212,16457,15621,297,15918,119
2020-11-29,Napa,55,140530,3534,3090,16,3106,18
2020-11-29,Nevada,57,99092,1580,1311,39,1350,9
2020-11-29,Orange,59,3164182,85745,78057,2666,80723,1567
2020-11-29,Placer,61,380077,8089,6535,168,6703,72
2020-11-29,Plumas,63,18699,243,191,0,191,0
2020-11-29,Riverside,65,2383286,98815,87383,2302,89685,1442
2020-11-29,Sacramento,67,1510023,40467,37415,152,37567,585
2020-11-29,San Benito,69,59416,2024,1860,15,1875,15
2020-11-29,San Bernardino,71,2135413,104616,92052,1652,93704,1223
2020-11-29,San Diego,73,3302833,88000,81086,0,81086,997
2020-11-29,San Francisco,75,870044,16364,15571,116,15687,153
2020-11-29,San Joaquin,77,732212,27923,25740,603,26343,509
2020-11-29,San Luis Obispo,79,281455,6685,6145,115,6260,36
2020-11-29,San Mateo,81,765935,15512,14177,15,14192,169
2020-11-29,Santa Barbara,83,443738,12467,11520,208,11728,140
2020-11-29,Santa Clara,85,1922200,38681,34234,94,34328,451
2020-11-29,Santa Cruz,87,273765,5072,4490,73,4563,26
2020-11-29,Shasta,89,179085,5799,4935,232,5167,43
2020-11-29,Sierra,91,2930,19,16,0,16,0
2020-11-29,Siskiyou,93,43540,707,590,42,632,1
2020-11-29,Solano,95,438530,11196,10393,81,10474,87
2020-11-29,Sonoma,97,501317,13089,12052,74,12126,163
2020-11-29,Stanislaus,99,539301,23142,21701,1617,23318,446
2020-11-29,Sutter,101,95872,3863,3297,13,3310,16
2020-11-29,Tehama,103,63373,1865,1710,48,1758,9
2020-11-29,Trinity,105,12862,215,159,16,175,0
2020-11-29,Tulare,107,460477,22485,20793,1708,22501,319
2020-11-29,Tuolumne,109,53932,1189,988,2,990,7
2020-11-29,Ventura,111,848112,21774,19952,720,20672,179
2020-11-29,Yolo,113,214977,5326,4830,19,4849,80
2020-11-29,Yuba,115,75493,2253,1959,13,1972,10
2020-11-28,Alameda,1,1643700,31759,29368,395,29763,456
2020-11-28,Alpine,3,1148,52,41,0,41,0
2020-11-28,Amador,5,37829,646,536,2,538,16
2020-11-28,Butte,7,227075,4355,3894,227,4121,65
2020-11-28,Calaveras,9,45235,543,478,0,478,21
2020-11-28,Colusa,11,21464,819,711,4,715,6
2020-11-28,Contra Costa,13,1133247,25598,23798,181,23979,264
2020-11-28,Del Norte,15,27424,386,328,0,328,2
2020-11-28,El Dorado,17,186661,2998,2415,32,2447,4
2020-11-28,Fresno,19,978130,43375,38288,1575,39863,500
2020-11-28,Glenn,21,27897,1048,925,54,979,4
2020-11-28,Humboldt,23,135768,973,844,4,848,9
2020-11-28,Imperial,25,180216,16753,16019,108,16127,356
2020-11-28,Inyo,27,18085,318,289,1,290,15
2020-11-28,Kern,29,883053,42761,40255,1450,41705,473
2020-11-28,Kings,31,150075,11826,11070,205,11275,85
2020-11-28,Lake,33,64148,1068,920,0,920,18
2020-11-28,Lassen,35,31185,2263,1714,8,1722,0
2020-11-28,Los Angeles,37,10098052,416435,386194,7087,393281,7625
2020-11-28,Madera,39,155013,6730,6119,164,6283,57
2020-11-28,Marin,41,260295,7929,7696,28,7724,135
2020-11-28,Mariposa,43,17540,145,120,2,122,2
2020-11-28,Mendocino,45,87422,1583,1458,9,1467,22
2020-11-28,Merced,47,269075,12416,11688,117,11805,172
2020-11-28,Modoc,49,8938,126,103,22,125,0
2020-11-28,Mono,51,14174,552,505,8,513,3
2020-11-28,Monterey,53,433212,16291,15328,293,15621,118
2020-11-28,Napa,55,140530,3483,3033,15,3048,18
2020-11-28,Nevada,57,99092,1552,1272,37,1309,9
2020-11-28,Orange,59,3164182,84649,76882,2618,79500,1568
2020-11-28,Placer,61,380077,7930,6497,165,6662,70
2020-11-28,Plumas,63,18699,236,188,0,188,0
2020-11-28,Riverside,65,2383286,97413,86854,2195,89049,1440
2020-11-28,Sacramento,67,1510023,39886,36905,148,37053,580
2020-11-28,San Benito,69,59416,1978,1835,15,1850,15
2020-11-28,San Bernardino,71,2135413,103223,91183,1548,92731,1224
2020-11-28,San Diego,73,3302833,86747,80020,0,80020,997
2020-11-28,San Francisco,75,870044,16187,15450,108,15558,153
2020-11-28,San Joaquin,77,732212,27727,25742,588,26330,509
2020-11-28,San Luis Obispo,79,281455,6615,6106,111,6217,36
2020-11-28,San Mateo,81,765935,15322,14040,15,14055,169
2020-11-28,Santa Barbara,83,443738,12365,11481,203,11684,140
2020-11-28,Santa Clara,85,1922200,37935,33701,92,33793,449
2020-11-28,Santa Cruz,87,273765,4995,4426,73,4499,26
2020-11-28,Shasta,89,179085,5721,4882,225,5107,43
2020-11-28,Sierra,91,2930,19,16,0,16,0
2020-11-28,Siskiyou,93,43540,697,558,39,597,1
2020-11-28,Solano,95,438530,11077,10252,79,10331,87
2020-11-28,Sonoma,97,501317,12986,12008,64,12072,162
2020-11-28,Stanislaus,99,539301,22907,21574,1580,23154,446
2020-11-28,Sutter,101,95872,3779,3244,13,3257,15
2020-11-28,Tehama,103,63373,1849,1678,44,1722,9
2020-11-28,Trinity,105,12862,213,157,14,171,0
2020-11-28,Tulare,107,460477,22296,20701,1660,22361,319
2020-11-28,Tuolumne,109,53932,1167,976,2,978,7
2020-11-28,Ventura,111,848112,21476,19510,710,20220,179
2020-11-28,Yolo,113,214977,5252,4739,17,4756,80
2020-11-28,Yuba,115,75493,2199,1912,13,1925,10
2020-11-27,Alameda,1,1643700,31321,29064,384,29448,450
2020-11-27,Alpine,3,1148,52,41,0,41,0
2020-11-27,Amador,5,37829,599,498,1,499,16
2020-11-27,Butte,7,227075,4314,3894,221,4115,65
2020-11-27,Calaveras,9,45235,534,478,0,478,21
2020-11-27,Colusa,11,21464,802,694,2,696,6
2020-11-27,Contra Costa,13,1133247,25339,23463,175,23638,264
2020-11-27,Del Norte,15,27424,380,307,0,307,2
2020-11-27,El Dorado,17,186661,2926,2238,29,2267,4
2020-11-27,Fresno,19,978130,42969,37994,1515,39509,500
2020-11-27,Glenn,21,27897,1035,891,49,940,4
2020-11-27,Humboldt,23,135768,954,795,3,798,9
2020-11-27,Imperial,25,180216,16686,15960,98,16058,356
2020-11-27,Inyo,27,18085,312,289,1,290,15
2020-11-27,Kern,29,883053,42343,39707,1374,41081,473
2020-11-27,Kings,31,150075,11740,10667,187,10854,85
2020-11-27,Lake,33,64148,1032,909,0,909,18
2020-11-27,Lassen,35,31185,2251,1714,8,1722,0
2020-11-27,Los Angeles,37,10098052,409939,382740,6920,389660,7606
2020-11-27,Madera,39,155013,6658,6050,158,6208,57
2020-11-27,Marin,41,260295,7886,7660,28,7688,135
2020-11-27,Mariposa,43,17540,143,118,2,120,2
2020-11-27,Mendocino,45,87422,1568,1387,8,1395,22
2020-11-27,Merced,47,269075,12310,11550,110,11660,172
2020-11-27,Modoc,49,8938,125,100,22,122,0
2020-11-27,Mono,51,14174,548,498,8,506,3
2020-11-27,Monterey,53,433212,16124,14753,293,15046,113
2020-11-27,Napa,55,140530,3443,2988,15,3003,18
2020-11-27,Nevada,57,99092,1522,1184,35,1219,9
2020-11-27,Orange,59,3164182,83364,75151,2579,77730,1568
2020-11-27,Placer,61,380077,7773,6283,155,6438,68
2020-11-27,Plumas,63,18699,233,188,0,188,0
2020-11-27,Riverside,65,2383286,95813,85769,2033,87802,1440
2020-11-27,Sacramento,67,1510023,39265,36579,144,36723,579
2020-11-27,San Benito,69,59416,1944,1805,14,1819,15
2020-11-27,San Bernardino,71,2135413,101716,90254,1465,91719,1224
2020-11-27,San Diego,73,3302833,85554,78161,0,78161,996
2020-11-27,San Francisco,75,870044,16031,15377,106,15483,153
2020-11-27,San Joaquin,77,732212,27507,25741,567,26308,509
2020-11-27,San Luis Obispo,79,281455,6532,6039,108,6147,36
2020-11-27,San Mateo,81,765935,15120,13872,14,13886,169
2020-11-27,Santa Barbara,83,443738,12272,11340,200,11540,140
2020-11-27,Santa Clara,85,1922200,37259,32935,85,33020,449
2020-11-27,Santa Cruz,87,273765,4924,4358,71,4429,26
2020-11-27,Shasta,89,179085,5644,4710,212,4922,43
2020-11-27,Sierra,91,2930,18,16,0,16,0
2020-11-27,Siskiyou,93,43540,682,554,36,590,1
2020-11-27,Solano,95,438530,10958,10044,76,10120,87
2020-11-27,Sonoma,97,501317,12854,11924,62,11986,162
2020-11-27,Stanislaus,99,539301,22681,21185,1549,22734,446
2020-11-27,Sutter,101,95872,3713,3101,12,3113,15
2020-11-27,Tehama,103,63373,1821,1649,40,1689,9
2020-11-27,Trinity,105,12862,209,151,14,165,0
2020-11-27,Tulare,107,460477,22110,20634,1601,22235,319
2020-11-27,Tuolumne,109,53932,1135,881,2,883,7
2020-11-27,Ventura,111,848112,21154,19379,688,20067,179
2020-11-27,Yolo,113,214977,5203,4737,17,4754,79
2020-11-27,Yuba,115,75493,2170,1864,12,1876,10
2020-11-26,Alameda,1,1643700,30909,28797,365,29162,447
2020-11-26,Alpine,3,1148,52,41,0,41,0
2020-11-26,Amador,5,37829,591,488,1,489,16
2020-11-26,Butte,7,227075,4251,3894,216,4110,65
2020-11-26,Calaveras,9,45235,506,478,0,478,21
2020-11-26,Colusa,11,21464,788,694,2,696,6
2020-11-26,Contra Costa,13,1133247,25005,23468,169,23637,264
2020-11-26,Del Norte,15,27424,369,307,0,307,2
2020-11-26,El Dorado,17,186661,2845,2217,27,2244,4
2020-11-26,Fresno,19,978130,42568,37724,1469,39193,500
2020-11-26,Glenn,21,27897,1020,892,46,938,4
2020-11-26,Humboldt,23,135768,931,795,2,797,9
2020-11-26,Imperial,25,180216,16578,15722,93,15815,355
2020-11-26,Inyo,27,18085,311,289,1,290,15
2020-11-26,Kern,29,883053,41906,39123,1302,40425,471
2020-11-26,Kings,31,150075,11685,10475,174,10649,85
2020-11-26,Lake,33,64148,1019,890,0,890,18
2020-11-26,Lassen,35,31185,2236,1714,8,1722,0
2020-11-26,Los Angeles,37,10098052,404805,378340,6670,385010,7581
2020-11-26,Madera,39,155013,6584,6003,152,6155,57
2020-11-26,Marin,41,260295,7849,7610,28,7638,135
2020-11-26,Mariposa,43,17540,138,116,2,118,2
2020-11-26,Mendocino,45,87422,1554,1387,6,1393,22
2020-11-26,Merced,47,269075,12162,11440,108,11548,172
2020-11-26,Modoc,49,8938,123,100,22,122,0
2020-11-26,Mono,51,14174,540,485,8,493,2
2020-11-26,Monterey,53,433212,15888,14750,285,15035,113
2020-11-26,Napa,55,140530,3379,2988,15,3003,18
2020-11-26,Nevada,57,99092,1476,1184,35,1219,9
2020-11-26,Orange,59,3164182,82002,74264,2512,76776,1563
2020-11-26,Placer,61,380077,7608,6278,146,6424,68
2020-11-26,Plumas,63,18699,225,188,0,188,0
2020-11-26,Riverside,65,2383286,94224,85774,1899,87673,1440
2020-11-26,Sacramento,67,1510023,38622,35854,136,35990,580
2020-11-26,San Benito,69,59416,1917,1769,14,1783,15
2020-11-26,San Bernardino,71,2135413,100074,89727,1369,91096,1223
2020-11-26,San Diego,73,3302833,83944,76359,0,76359,996
2020-11-26,San Francisco,75,870044,15894,15156,103,15259,153
2020-11-26,San Joaquin,77,732212,27254,25738,553,26291,509
2020-11-26,San Luis Obispo,79,281455,6439,5964,105,6069,36
2020-11-26,San Mateo,81,765935,14933,13715,12,13727,169
2020-11-26,Santa Barbara,83,443738,12191,11277,199,11476,139
2020-11-26,Santa Clara,85,1922200,36618,32411,76,32487,446
2020-11-26,Santa Cruz,87,273765,4794,4269,65,4334,26
2020-11-26,Shasta,89,179085,5563,4712,200,4912,43
2020-11-26,Sierra,91,2930,18,15,0,15,0
2020-11-26,Siskiyou,93,43540,672,526,35,561,1
2020-11-26,Solano,95,438530,10815,9941,74,10015,87
2020-11-26,Sonoma,97,501317,12706,11922,60,11982,162
2020-11-26,Stanislaus,99,539301,22453,21186,1505,22691,445
2020-11-26,Sutter,101,95872,3619,3101,11,3112,15
2020-11-26,Tehama,103,63373,1780,1612,36,1648,9
2020-11-26,Trinity,105,12862,205,139,14,153,0
2020-11-26,Tulare,107,460477,21876,20649,1532,22181,319
2020-11-26,Tuolumne,109,53932,1107,871,2,873,7
2020-11-26,Ventura,111,848112,20658,19058,673,19731,179
2020-11-26,Yolo,113,214977,5115,4566,17,4583,76
2020-11-26,Yuba,115,75493,2112,1865,10,1875,10
2020-11-25,Alameda,1,1643700,30693,28378,357,28735,447
2020-11-25,Alpine,3,1148,52,41,0,41,0
2020-11-25,Amador,5,37829,581,484,1,485,16
2020-11-25,Butte,7,227075,4221,3848,213,4061,64
2020-11-25,Calaveras,9,45235,503,475,0,475,21
2020-11-25,Colusa,11,21464,771,693,2,695,6
2020-11-25,Contra Costa,13,1133247,24850,23307,168,23475,263
2020-11-25,Del Norte,15,27424,368,304,0,304,2
2020-11-25,El Dorado,17,186661,2809,2154,27,2181,4
2020-11-25,Fresno,19,978130,42336,37349,1447,38796,494
2020-11-25,Glenn,21,27897,1003,891,44,935,4
2020-11-25,Humboldt,23,135768,923,777,2,779,9
2020-11-25,Imperial,25,180216,16508,15640,91,15731,355
2020-11-25,Inyo,27,18085,309,289,1,290,15
2020-11-25,Kern,29,883053,41750,38878,1283,40161,467
2020-11-25,Kings,31,150075,11650,10417,170,10587,85
2020-11-25,Lake,33,64148,1002,878,0,878,18
2020-11-25,Lassen,35,31185,2194,1701,8,1709,0
2020-11-25,Los Angeles,37,10098052,401786,373919,6558,380477,7545
2020-11-25,Madera,39,155013,6562,5989,149,6138,57
2020-11-25,Marin,41,260295,7822,7601,27,7628,135
2020-11-25,Mariposa,43,17540,137,114,2,116,2
2020-11-25,Mendocino,45,87422,1535,1373,6,1379,22
2020-11-25,Merced,47,269075,12104,11346,108,11454,172
2020-11-25,Modoc,49,8938,123,96,22,118,0
2020-11-25,Mono,51,14174,535,487,8,495,2
2020-11-25,Monterey,53,433212,15771,14695,283,14978,113
2020-11-25,Napa,55,140530,3346,2945,15,2960,17
2020-11-25,Nevada,57,99092,1458,1170,33,1203,9
2020-11-25,Orange,59,3164182,81250,73014,2492,75506,1551
2020-11-25,Placer,61,380077,7533,6221,145,6366,68
2020-11-25,Plumas,63,18699,220,183,0,183,0
2020-11-25,Riverside,65,2383286,93687,85077,1877,86954,1438
2020-11-25,Sacramento,67,1510023,38282,35687,133,35820,574
2020-11-25,San Benito,69,59416,1895,1764,14,1778,15
2020-11-25,San Bernardino,71,2135413,99236,88469,1339,89808,1225
2020-11-25,San Diego,73,3302833,83291,75307,0,75307,988
2020-11-25,San Francisco,75,870044,15789,15053,101,15154,153
2020-11-25,San Joaquin,77,732212,27129,25556,540,26096,515
2020-11-25,San Luis Obispo,79,281455,6396,5913,104,6017,34
2020-11-25,San Mateo,81,765935,14818,13614,12,13626,170
2020-11-25,Santa Barbara,83,443738,12141,11183,199,11382,138
2020-11-25,Santa Clara,85,1922200,36171,32032,75,32107,442
2020-11-25,Santa Cruz,87,273765,4743,4202,63,4265,25
2020-11-25,Shasta,89,179085,5517,4588,193,4781,43
2020-11-25,Sierra,91,2930,18,15,0,15,0
2020-11-25,Siskiyou,93,43540,665,499,35,534,1
2020-11-25,Solano,95,438530,10710,9832,73,9905,87
2020-11-25,Sonoma,97,501317,12643,11775,59,11834,162
2020-11-25,Stanislaus,99,539301,22324,21022,1476,22498,445
2020-11-25,Sutter,101,95872,3575,3064,11,3075,14
2020-11-25,Tehama,103,63373,1768,1587,32,1619,9
2020-11-25,Trinity,105,12862,203,135,14,149,0
2020-11-25,Tulare,107,460477,21786,20528,1500,22028,318
2020-11-25,Tuolumne,109,53932,1090,842,2,844,7
2020-11-25,Ventura,111,848112,20565,18914,667,19581,179
2020-11-25,Yolo,113,214977,5079,4527,17,4544,76
2020-11-25,Yuba,115,75493,2086,1840,10,1850,10
2020-11-24,Alameda,1,1643700,30215,28030,346,28376,444
2020-11-24,Alpine,3,1148,52,41,0,41,0
2020-11-24,Amador,5,37829,556,470,1,471,16
2020-11-24,Butte,7,227075,4135,3798,205,4003,63
2020-11-24,Calaveras,9,45235,496,466,0,466,21
2020-11-24,Colusa,11,21464,753,682,2,684,6
2020-11-24,Contra Costa,13,1133247,24496,23072,162,23234,259
2020-11-24,Del Norte,15,27424,358,298,0,298,2
2020-11-24,El Dorado,17,186661,2704,2005,26,2031,4
2020-11-24,Fresno,19,978130,41935,37021,1368,38389,493
2020-11-24,Glenn,21,27897,985,883,40,923,4
2020-11-24,Humboldt,23,135768,904,774,2,776,9
2020-11-24,Imperial,25,180216,16406,15600,84,15684,355
2020-11-24,Inyo,27,18085,308,282,1,283,15
2020-11-24,Kern,29,883053,41279,38551,1204,39755,465
2020-11-24,Kings,31,150075,11383,10338,157,10495,85
2020-11-24,Lake,33,64148,986,872,0,872,18
2020-11-24,Lassen,35,31185,2172,1657,8,1665,0
2020-11-24,Los Angeles,37,10098052,395482,370008,6317,376325,7501
2020-11-24,Madera,39,155013,6479,5881,142,6023,57
2020-11-24,Marin,41,260295,7775,7591,27,7618,135
2020-11-24,Mariposa,43,17540,127,114,1,115,2
2020-11-24,Mendocino,45,87422,1513,1346,5,1351,22
2020-11-24,Merced,47,269075,11915,11268,103,11371,171
2020-11-24,Modoc,49,8938,119,91,22,113,0
2020-11-24,Mono,51,14174,531,483,8,491,2
2020-11-24,Monterey,53,433212,15513,14354,271,14625,113
2020-11-24,Napa,55,140530,3280,2904,15,2919,17
2020-11-24,Nevada,57,99092,1395,1156,30,1186,9
2020-11-24,Orange,59,3164182,79808,71975,2407,74382,1547
2020-11-24,Placer,61,380077,7352,6147,138,6285,67
2020-11-24,Plumas,63,18699,217,180,0,180,0
2020-11-24,Riverside,65,2383286,91937,83685,1746,85431,1420
2020-11-24,Sacramento,67,1510023,37603,35097,126,35223,568
2020-11-24,San Benito,69,59416,1864,1740,13,1753,15
2020-11-24,San Bernardino,71,2135413,96907,86645,1232,87877,1226
2020-11-24,San Diego,73,3302833,81885,74363,0,74363,984
2020-11-24,San Francisco,75,870044,15594,14874,98,14972,153
2020-11-24,San Joaquin,77,732212,26815,25318,509,25827,517
2020-11-24,San Luis Obispo,79,281455,6333,5805,103,5908,34
2020-11-24,San Mateo,81,765935,14609,13558,11,13569,170
2020-11-24,Santa Barbara,83,443738,12035,11154,197,11351,138
2020-11-24,Santa Clara,85,1922200,35385,31564,71,31635,438
2020-11-24,Santa Cruz,87,273765,4631,4132,62,4194,25
2020-11-24,Shasta,89,179085,5417,4410,174,4584,43
2020-11-24,Sierra,91,2930,18,15,0,15,0
2020-11-24,Siskiyou,93,43540,647,473,32,505,1
2020-11-24,Solano,95,438530,10539,9716,72,9788,86
2020-11-24,Sonoma,97,501317,12463,11644,56,11700,162
2020-11-24,Stanislaus,99,539301,22083,20830,1432,22262,438
2020-11-24,Sutter,101,95872,3469,2974,11,2985,14
2020-11-24,Tehama,103,63373,1718,1565,27,1592,9
2020-11-24,Trinity,105,12862,197,129,14,143,0
2020-11-24,Tulare,107,460477,21540,20319,1434,21753,315
2020-11-24,Tuolumne,109,53932,1061,832,2,834,7
2020-11-24,Ventura,111,848112,20184,18637,655,19292,179
2020-11-24,Yolo,113,214977,4995,4420,17,4437,76
2020-11-24,Yuba,115,75493,2035,1804,8,1812,10
2020-11-23,Alameda,1,1643700,29803,27718,333,28051,444
2020-11-23,Alpine,3,1148,50,41,0,41,0
2020-11-23,Amador,5,37829,515,457,1,458,16
2020-11-23,Butte,7,227075,4071,3765,199,3964,61
2020-11-23,Calaveras,9,45235,479,434,0,434,21
2020-11-23,Colusa,11,21464,739,662,2,664,6
2020-11-23,Contra Costa,13,1133247,24225,22674,156,22830,260
2020-11-23,Del Norte,15,27424,336,296,0,296,2
2020-11-23,El Dorado,17,186661,2584,2005,25,2030,4
2020-11-23,Fresno,19,978130,41489,36688,1306,37994,488
2020-11-23,Glenn,21,27897,959,853,40,893,4
2020-11-23,Humboldt,23,135768,891,746,2,748,9
2020-11-23,Imperial,25,180216,16236,15104,78,15182,355
2020-11-23,Inyo,27,18085,301,279,1,280,15
2020-11-23,Kern,29,883053,40768,38245,1139,39384,463
2020-11-23,Kings,31,150075,10964,10204,149,10353,85
2020-11-23,Lake,33,64148,963,840,0,840,18
2020-11-23,Lassen,35,31185,2092,1271,7,1278,0
2020-11-23,Los Angeles,37,10098052,389401,366374,6058,372432,7447
2020-11-23,Madera,39,155013,6354,5787,137,5924,56
2020-11-23,Marin,41,260295,7733,7543,27,7570,135
2020-11-23,Mariposa,43,17540,126,97,1,98,2
2020-11-23,Mendocino,45,87422,1483,1330,5,1335,22
2020-11-23,Merced,47,269075,11728,11148,100,11248,169
2020-11-23,Modoc,49,8938,105,91,21,112,0
2020-11-23,Mono,51,14174,518,480,8,488,2
2020-11-23,Monterey,53,433212,15235,14265,264,14529,112
2020-11-23,Napa,55,140530,3214,2811,14,2825,17
2020-11-23,Nevada,57,99092,1306,1087,30,1117,9
2020-11-23,Orange,59,3164182,78406,71074,2360,73434,1546
2020-11-23,Placer,61,380077,7149,5999,137,6136,66
2020-11-23,Plumas,63,18699,213,172,0,172,0
2020-11-23,Riverside,65,2383286,90158,82175,1684,83859,1415
2020-11-23,Sacramento,67,1510023,37043,34141,117,34258,556
2020-11-23,San Benito,69,59416,1835,1729,12,1741,15
2020-11-23,San Bernardino,71,2135413,94801,84387,1168,85555,1224
2020-11-23,San Diego,73,3302833,80423,72817,0,72817,968
2020-11-23,San Francisco,75,870044,15435,14646,96,14742,153
2020-11-23,San Joaquin,77,732212,26466,24622,505,25127,517
2020-11-23,San Luis Obispo,79,281455,6251,5772,101,5873,34
2020-11-23,San Mateo,81,765935,14417,13364,11,13375,170
2020-11-23,Santa Barbara,83,443738,11927,10944,193,11137,137
2020-11-23,Santa Clara,85,1922200,34735,31064,67,31131,435
2020-11-23,Santa Cruz,87,273765,4522,4003,57,4060,25
2020-11-23,Shasta,89,179085,5300,4100,162,4262,43
2020-11-23,Sierra,91,2930,17,15,0,15,0
2020-11-23,Siskiyou,93,43540,620,460,31,491,0
2020-11-23,Solano,95,438530,10382,9394,69,9463,86
2020-11-23,Sonoma,97,501317,12290,11507,52,11559,160
2020-11-23,Stanislaus,99,539301,21792,20487,1399,21886,436
2020-11-23,Sutter,101,95872,3331,2840,10,2850,14
2020-11-23,Tehama,103,63373,1670,1526,24,1550,9
2020-11-23,Trinity,105,12862,191,120,12,132,0
2020-11-23,Tulare,107,460477,21253,19818,1360,21178,315
2020-11-23,Tuolumne,109,53932,1021,774,2,776,7
2020-11-23,Ventura,111,848112,19809,18480,643,19123,179
2020-11-23,Yolo,113,214977,4915,4265,16,4281,75
2020-11-23,Yuba,115,75493,1968,1702,8,1710,10
2020-11-22,Alameda,1,1643700,29369,27472,321,27793,444
2020-11-22,Alpine,3,1148,47,41,0,41,0
2020-11-22,Amador,5,37829,503,450,1,451,16
2020-11-22,Butte,7,227075,4022,3712,189,3901,61
2020-11-22,Calaveras,9,45235,467,434,0,434,21
2020-11-22,Colusa,11,21464,721,642,2,644,6
2020-11-22,Contra Costa,13,1133247,23920,22407,151,22558,260
2020-11-22,Del Norte,15,27424,312,271,0,271,2
2020-11-22,El Dorado,17,186661,2474,1917,22,1939,4
2020-11-22,Fresno,19,978130,41009,36315,1247,37562,488
2020-11-22,Glenn,21,27897,939,832,34,866,4
2020-11-22,Humboldt,23,135768,875,729,2,731,9
2020-11-22,Imperial,25,180216,16032,15109,32,15141,355
2020-11-22,Inyo,27,18085,294,279,1,280,15
2020-11-22,Kern,29,883053,40191,37904,1102,39006,463
2020-11-22,Kings,31,150075,10863,10035,140,10175,85
2020-11-22,Lake,33,64148,941,834,0,834,18
2020-11-22,Lassen,35,31185,1927,1211,6,1217,0
2020-11-22,Los Angeles,37,10098052,383131,360341,5797,366138,7438
2020-11-22,Madera,39,155013,6274,5745,126,5871,56
2020-11-22,Marin,41,260295,7698,7506,26,7532,135
2020-11-22,Mariposa,43,17540,125,95,1,96,2
2020-11-22,Mendocino,45,87422,1459,1285,3,1288,22
2020-11-22,Merced,47,269075,11579,10939,100,11039,169
2020-11-22,Modoc,49,8938,104,87,19,106,0
2020-11-22,Mono,51,14174,503,481,8,489,2
2020-11-22,Monterey,53,433212,14994,13887,258,14145,111
2020-11-22,Napa,55,140530,3133,2778,14,2792,17
2020-11-22,Nevada,57,99092,1248,1052,30,1082,9
2020-11-22,Orange,59,3164182,76995,69913,2320,72233,1546
2020-11-22,Placer,61,380077,6932,5880,127,6007,66
2020-11-22,Plumas,63,18699,200,172,0,172,0
2020-11-22,Riverside,65,2383286,88570,81565,1622,83187,1409
2020-11-22,Sacramento,67,1510023,36311,33421,104,33525,555
2020-11-22,San Benito,69,59416,1806,1704,12,1716,15
2020-11-22,San Bernardino,71,2135413,92461,83505,1093,84598,1224
2020-11-22,San Diego,73,3302833,78688,71649,0,71649,968
2020-11-22,San Francisco,75,870044,15264,14515,95,14610,153
2020-11-22,San Joaquin,77,732212,26170,24619,492,25111,517
2020-11-22,San Luis Obispo,79,281455,6149,5664,100,5764,34
2020-11-22,San Mateo,81,765935,14213,13228,11,13239,170
2020-11-22,Santa Barbara,83,443738,11792,10946,187,11133,137
2020-11-22,Santa Clara,85,1922200,34058,30633,65,30698,434
2020-11-22,Santa Cruz,87,273765,4440,3896,50,3946,25
2020-11-22,Shasta,89,179085,5143,4100,143,4243,43
2020-11-22,Sierra,91,2930,17,13,0,13,0
2020-11-22,Siskiyou,93,43540,588,411,31,442,0
2020-11-22,Solano,95,438530,10212,9363,65,9428,86
2020-11-22,Sonoma,97,501317,12132,11415,50,11465,159
2020-11-22,Stanislaus,99,539301,21468,20223,1365,21588,436
2020-11-22,Sutter,101,95872,3213,2677,10,2687,13
2020-11-22,Tehama,103,63373,1636,1457,19,1476,9
2020-11-22,Trinity,105,12862,187,114,12,126,0
2020-11-22,Tulare,107,460477,21005,19818,1287,21105,314
2020-11-22,Tuolumne,109,53932,995,689,2,691,7
2020-11-22,Ventura,111,848112,19448,18105,631,18736,179
2020-11-22,Yolo,113,214977,4815,4206,16,4222,75
2020-11-22,Yuba,115,75493,1915,1672,8,1680,10
2020-11-21,Alameda,1,1643700,29185,27424,319,27743,444
2020-11-21,Alpine,3,1148,47,41,0,41,0
2020-11-21,Amador,5,37829,489,450,1,451,16
2020-11-21,Butte,7,227075,3974,3664,186,3850,61
2020-11-21,Calaveras,9,45235,461,434,0,434,21
2020-11-21,Colusa,11,21464,712,642,2,644,6
2020-11-21,Contra Costa,13,1133247,23766,22338,149,22487,260
2020-11-21,Del Norte,15,27424,307,271,0,271,2
2020-11-21,El Dorado,17,186661,2425,1900,21,1921,4
2020-11-21,Fresno,19,978130,40754,35973,1214,37187,482
2020-11-21,Glenn,21,27897,934,829,32,861,4
2020-11-21,Humboldt,23,135768,865,728,2,730,9
2020-11-21,Imperial,25,180216,15954,15053,32,15085,355
2020-11-21,Inyo,27,18085,292,283,1,284,15
2020-11-21,Kern,29,883053,39941,37403,1064,38467,463
2020-11-21,Kings,31,150075,10815,10019,136,10155,85
2020-11-21,Lake,33,64148,928,832,0,832,18
2020-11-21,Lassen,35,31185,1859,1211,6,1217,0
2020-11-21,Los Angeles,37,10098052,379969,357754,5643,363397,7428
2020-11-21,Madera,39,155013,6237,5706,126,5832,56
2020-11-21,Marin,41,260295,7675,7488,25,7513,134
2020-11-21,Mariposa,43,17540,125,92,1,93,2
2020-11-21,Mendocino,45,87422,1428,1282,3,1285,22
2020-11-21,Merced,47,269075,11518,10849,99,10948,169
2020-11-21,Modoc,49,8938,100,87,18,105,0
2020-11-21,Mono,51,14174,498,469,8,477,2
2020-11-21,Monterey,53,433212,14896,13886,252,14138,110
2020-11-21,Napa,55,140530,3099,2757,14,2771,17
2020-11-21,Nevada,57,99092,1236,1018,29,1047,9
2020-11-21,Orange,59,3164182,76192,69021,2289,71310,1543
2020-11-21,Placer,61,380077,6821,5778,124,5902,65
2020-11-21,Plumas,63,18699,195,172,0,172,0
2020-11-21,Riverside,65,2383286,87798,80676,1573,82249,1407
2020-11-21,Sacramento,67,1510023,35919,33133,96,33229,548
2020-11-21,San Benito,69,59416,1787,1691,12,1703,15
2020-11-21,San Bernardino,71,2135413,91590,83206,1012,84218,1222
2020-11-21,San Diego,73,3302833,77909,70711,0,70711,966
2020-11-21,San Francisco,75,870044,15161,14445,94,14539,153
2020-11-21,San Joaquin,77,732212,26038,24620,476,25096,517
2020-11-21,San Luis Obispo,79,281455,6097,5618,97,5715,34
2020-11-21,San Mateo,81,765935,14111,13138,11,13149,170
2020-11-21,Santa Barbara,83,443738,11741,10922,184,11106,137
2020-11-21,Santa Clara,85,1922200,33676,30377,62,30439,433
2020-11-21,Santa Cruz,87,273765,4384,3898,49,3947,25
2020-11-21,Shasta,89,179085,5070,4095,140,4235,42
2020-11-21,Sierra,91,2930,17,13,0,13,0
2020-11-21,Siskiyou,93,43540,572,403,31,434,0
2020-11-21,Solano,95,438530,10123,9290,61,9351,86
2020-11-21,Sonoma,97,501317,12057,11394,48,11442,158
2020-11-21,Stanislaus,99,539301,21325,20111,1340,21451,435
2020-11-21,Sutter,101,95872,3153,2615,9,2624,13
2020-11-21,Tehama,103,63373,1616,1435,18,1453,9
2020-11-21,Trinity,105,12862,184,110,11,121,0
2020-11-21,Tulare,107,460477,20879,19752,1253,21005,313
2020-11-21,Tuolumne,109,53932,976,690,2,692,7
2020-11-21,Ventura,111,848112,19285,18040,621,18661,177
2020-11-21,Yolo,113,214977,4739,4147,15,4162,75
2020-11-21,Yuba,115,75493,1883,1643,8,1651,10
2020-11-20,Alameda,1,1643700,28974,27221,311,27532,444
2020-11-20,Alpine,3,1148,47,20,0,20,0
2020-11-20,Amador,5,37829,485,446,1,447,16
2020-11-20,Butte,7,227075,3942,3618,182,3800,60
2020-11-20,Calaveras,9,45235,449,424,0,424,21
2020-11-20,Colusa,11,21464,704,631,1,632,6
2020-11-20,Contra Costa,13,1133247,23580,22116,144,22260,260
2020-11-20,Del Norte,15,27424,303,264,0,264,2
2020-11-20,El Dorado,17,186661,2330,1868,19,1887,4
2020-11-20,Fresno,19,978130,40463,35635,1181,36816,480
2020-11-20,Glenn,21,27897,922,826,30,856,4
2020-11-20,Humboldt,23,135768,856,714,1,715,9
2020-11-20,Imperial,25,180216,15892,14864,28,14892,353
2020-11-20,Inyo,27,18085,290,262,1,263,15
2020-11-20,Kern,29,883053,39650,37143,1038,38181,462
2020-11-20,Kings,31,150075,10768,9903,134,10037,85
2020-11-20,Lake,33,64148,919,820,0,820,18
2020-11-20,Lassen,35,31185,1774,1212,5,1217,0
2020-11-20,Los Angeles,37,10098052,376090,353554,5476,359030,7398
2020-11-20,Madera,39,155013,6145,5635,124,5759,54
2020-11-20,Marin,41,260295,7651,7467,24,7491,134
2020-11-20,Mariposa,43,17540,117,89,1,90,2
2020-11-20,Mendocino,45,87422,1408,1269,3,1272,22
2020-11-20,Merced,47,269075,11432,10729,99,10828,167
2020-11-20,Modoc,49,8938,100,83,18,101,0
2020-11-20,Mono,51,14174,496,469,8,477,2
2020-11-20,Monterey,53,433212,14771,13738,243,13981,110
2020-11-20,Napa,55,140530,3069,2718,14,2732,17
2020-11-20,Nevada,57,99092,1218,990,28,1018,9
2020-11-20,Orange,59,3164182,75361,68212,2248,70460,1532
2020-11-20,Placer,61,380077,6690,5687,108,5795,66
2020-11-20,Plumas,63,18699,193,163,0,163,0
2020-11-20,Riverside,65,2383286,86791,79613,1505,81118,1405
2020-11-20,Sacramento,67,1510023,35538,32832,86,32918,549
2020-11-20,San Benito,69,59416,1775,1668,12,1680,15
2020-11-20,San Bernardino,71,2135413,90226,81203,928,82131,1220
2020-11-20,San Diego,73,3302833,76912,69233,0,69233,960
2020-11-20,San Francisco,75,870044,15057,14327,93,14420,153
2020-11-20,San Joaquin,77,732212,25886,24460,462,24922,515
2020-11-20,San Luis Obispo,79,281455,6043,5524,94,5618,34
2020-11-20,San Mateo,81,765935,13978,12980,10,12990,169
2020-11-20,Santa Barbara,83,443738,11684,10825,178,11003,136
2020-11-20,Santa Clara,85,1922200,33255,30002,56,30058,431
2020-11-20,Santa Cruz,87,273765,4317,3815,49,3864,25
2020-11-20,Shasta,89,179085,4996,3861,135,3996,42
2020-11-20,Sierra,91,2930,17,12,0,12,0
2020-11-20,Siskiyou,93,43540,559,387,29,416,0
2020-11-20,Solano,95,438530,10032,9216,58,9274,85
2020-11-20,Sonoma,97,501317,11973,11316,47,11363,158
2020-11-20,Stanislaus,99,539301,21171,19889,1313,21202,433
2020-11-20,Sutter,101,95872,3103,2580,9,2589,13
2020-11-20,Tehama,103,63373,1602,1410,14,1424,9
2020-11-20,Trinity,105,12862,183,102,11,113,0
2020-11-20,Tulare,107,460477,20748,19568,1212,20780,311
2020-11-20,Tuolumne,109,53932,937,662,2,664,7
2020-11-20,Ventura,111,848112,19118,17741,593,18334,175
2020-11-20,Yolo,113,214977,4661,4081,14,4095,74
2020-11-20,Yuba,115,75493,1855,1611,8,1619,10
2020-11-19,Alameda,1,1643700,28629,26971,302,27273,441
2020-11-19,Alpine,3,1148,44,20,0,20,0
2020-11-19,Amador,5,37829,481,436,1,437,16
2020-11-19,Butte,7,227075,3893,3576,175,3751,60
2020-11-19,Calaveras,9,45235,440,417,0,417,21
2020-11-19,Colusa,11,21464,686,621,1,622,6
2020-11-19,Contra Costa,13,1133247,23310,21886,141,22027,259
2020-11-19,Del Norte,15,27424,295,251,0,251,2
2020-11-19,El Dorado,17,186661,2256,1825,18,1843,4
2020-11-19,Fresno,19,978130,40018,35278,1122,36400,478
2020-11-19,Glenn,21,27897,900,806,29,835,4
2020-11-19,Humboldt,23,135768,836,693,1,694,9
2020-11-19,Imperial,25,180216,15682,14507,28,14535,349
2020-11-19,Inyo,27,18085,288,262,1,263,15
2020-11-19,Kern,29,883053,39231,36779,994,37773,459
2020-11-19,Kings,31,150075,10621,9763,126,9889,85
2020-11-19,Lake,33,64148,905,809,0,809,18
2020-11-19,Lassen,35,31185,1657,1201,3,1204,0
2020-11-19,Los Angeles,37,10098052,371082,349493,5298,354791,7365
2020-11-19,Madera,39,155013,6073,5540,117,5657,54
2020-11-19,Marin,41,260295,7620,7451,24,7475,134
2020-11-19,Mariposa,43,17540,110,88,0,88,2
2020-11-19,Mendocino,45,87422,1387,1237,3,1240,23
2020-11-19,Merced,47,269075,11291,10634,93,10727,167
2020-11-19,Modoc,49,8938,97,82,18,100,0
2020-11-19,Mono,51,14174,488,468,8,476,2
2020-11-19,Monterey,53,433212,14556,13369,232,13601,108
2020-11-19,Napa,55,140530,3015,2641,14,2655,17
2020-11-19,Nevada,57,99092,1177,945,27,972,9
2020-11-19,Orange,59,3164182,74098,66998,2201,69199,1530
2020-11-19,Placer,61,380077,6501,5612,107,5719,65
2020-11-19,Plumas,63,18699,188,158,0,158,0
2020-11-19,Riverside,65,2383286,85321,78535,1433,79968,1402
2020-11-19,Sacramento,67,1510023,35021,32367,84,32451,546
2020-11-19,San Benito,69,59416,1752,1643,12,1655,15
2020-11-19,San Bernardino,71,2135413,88336,79244,844,80088,1215
2020-11-19,San Diego,73,3302833,75664,68142,0,68142,952
2020-11-19,San Francisco,75,870044,14900,14178,87,14265,153
2020-11-19,San Joaquin,77,732212,25567,24270,450,24720,516
2020-11-19,San Luis Obispo,79,281455,5967,5410,91,5501,34
2020-11-19,San Mateo,81,765935,13840,12714,10,12724,169
2020-11-19,Santa Barbara,83,443738,11604,10741,175,10916,136
2020-11-19,Santa Clara,85,1922200,32696,29630,55,29685,424
2020-11-19,Santa Cruz,87,273765,4226,3679,47,3726,25
2020-11-19,Shasta,89,179085,4859,3685,124,3809,42
2020-11-19,Sierra,91,2930,17,11,0,11,0
2020-11-19,Siskiyou,93,43540,534,360,28,388,0
2020-11-19,Solano,95,438530,9895,9093,54,9147,84
2020-11-19,Sonoma,97,501317,11803,11205,45,11250,156
2020-11-19,Stanislaus,99,539301,20929,19736,1271,21007,433
2020-11-19,Sutter,101,95872,3006,2509,9,2518,13
2020-11-19,Tehama,103,63373,1569,1373,11,1384,9
2020-11-19,Trinity,105,12862,177,97,11,108,0
2020-11-19,Tulare,107,460477,20527,19384,1145,20529,304
2020-11-19,Tuolumne,109,53932,905,602,2,604,7
2020-11-19,Ventura,111,848112,18765,17300,580,17880,174
2020-11-19,Yolo,113,214977,4566,3973,14,3987,72
2020-11-19,Yuba,115,75493,1815,1568,8,1576,10
2020-11-18,Alameda,1,1643700,28367,26610,298,26908,440
2020-11-18,Alpine,3,1148,43,16,0,16,0
2020-11-18,Amador,5,37829,476,430,1,431,16
2020-11-18,Butte,7,227075,3840,3537,162,3699,59
2020-11-18,Calaveras,9,45235,434,409,0,409,21
2020-11-18,Colusa,11,21464,673,611,1,612,6
2020-11-18,Contra Costa,13,1133247,23043,21685,137,21822,258
2020-11-18,Del Norte,15,27424,281,240,0,240,2
2020-11-18,El Dorado,17,186661,2169,1799,17,1816,4
2020-11-18,Fresno,19,978130,39581,34997,1068,36065,474
2020-11-18,Glenn,21,27897,884,803,27,830,4
2020-11-18,Humboldt,23,135768,822,690,1,691,9
2020-11-18,Imperial,25,180216,15459,14428,27,14455,348
2020-11-18,Inyo,27,18085,286,262,1,263,15
2020-11-18,Kern,29,883053,38845,36537,941,37478,456
2020-11-18,Kings,31,150075,10473,9696,123,9819,85
2020-11-18,Lake,33,64148,892,802,0,802,18
2020-11-18,Lassen,35,31185,1557,1124,3,1127,0
2020-11-18,Los Angeles,37,10098052,366225,344675,5105,349780,7338
2020-11-18,Madera,39,155013,5986,5519,105,5624,54
2020-11-18,Marin,41,260295,7596,7435,24,7459,134
2020-11-18,Mariposa,43,17540,107,88,0,88,2
2020-11-18,Mendocino,45,87422,1367,1237,3,1240,23
2020-11-18,Merced,47,269075,11176,10536,91,10627,166
2020-11-18,Modoc,49,8938,94,77,18,95,0
2020-11-18,Mono,51,14174,483,468,8,476,2
2020-11-18,Monterey,53,433212,14364,13340,217,13557,108
2020-11-18,Napa,55,140530,2968,2607,14,2621,17
2020-11-18,Nevada,57,99092,1138,933,25,958,9
2020-11-18,Orange,59,3164182,73005,66381,2177,68558,1521
2020-11-18,Placer,61,380077,6325,5543,102,5645,64
2020-11-18,Plumas,63,18699,183,143,0,143,0
2020-11-18,Riverside,65,2383286,83857,77739,1332,79071,1387
2020-11-18,Sacramento,67,1510023,34396,31816,76,31892,541
2020-11-18,San Benito,69,59416,1727,1632,11,1643,15
2020-11-18,San Bernardino,71,2135413,86581,77400,761,78161,1206
2020-11-18,San Diego,73,3302833,74372,67243,0,67243,945
2020-11-18,San Francisco,75,870044,14756,14057,85,14142,153
2020-11-18,San Joaquin,77,732212,25300,24146,435,24581,517
2020-11-18,San Luis Obispo,79,281455,5892,5322,90,5412,34
2020-11-18,San Mateo,81,765935,13687,12631,9,12640,169
2020-11-18,Santa Barbara,83,443738,11525,10684,168,10852,136
2020-11-18,Santa Clara,85,1922200,32231,29285,50,29335,421
2020-11-18,Santa Cruz,87,273765,4134,3618,45,3663,25
2020-11-18,Shasta,89,179085,4723,3547,120,3667,42
2020-11-18,Sierra,91,2930,17,11,0,11,0
2020-11-18,Siskiyou,93,43540,502,351,27,378,0
2020-11-18,Solano,95,438530,9763,8994,52,9046,84
2020-11-18,Sonoma,97,501317,11696,11129,42,11171,155
2020-11-18,Stanislaus,99,539301,20687,19609,1246,20855,431
2020-11-18,Sutter,101,95872,2888,2442,9,2451,13
2020-11-18,Tehama,103,63373,1530,1338,11,1349,8
2020-11-18,Trinity,105,12862,167,95,11,106,0
2020-11-18,Tulare,107,460477,20321,19286,1090,20376,306
2020-11-18,Tuolumne,109,53932,869,590,2,592,7
2020-11-18,Ventura,111,848112,18440,17169,566,17735,173
2020-11-18,Yolo,113,214977,4492,3929,14,3943,71
2020-11-18,Yuba,115,75493,1761,1540,8,1548,10
2020-11-17,Alameda,1,1643700,28043,26425,288,26713,439
2020-11-17,Alpine,3,1148,41,12,0,12,0
2020-11-17,Amador,5,37829,465,423,1,424,16
2020-11-17,Butte,7,227075,3798,3500,152,3652,59
2020-11-17,Calaveras,9,45235,419,405,0,405,21
2020-11-17,Colusa,11,21464,662,606,0,606,6
2020-11-17,Contra Costa,13,1133247,22770,21557,132,21689,256
2020-11-17,Del Norte,15,27424,276,233,0,233,2
2020-11-17,El Dorado,17,186661,2110,1758,17,1775,4
2020-11-17,Fresno,19,978130,38986,34765,1008,35773,472
2020-11-17,Glenn,21,27897,873,795,26,821,4
2020-11-17,Humboldt,23,135768,800,685,1,686,9
2020-11-17,Imperial,25,180216,15224,14204,26,14230,346
2020-11-17,Inyo,27,18085,285,263,1,264,15
2020-11-17,Kern,29,883053,38395,36164,888,37052,455
2020-11-17,Kings,31,150075,10400,9653,116,9769,85
2020-11-17,Lake,33,64148,872,792,0,792,18
2020-11-17,Lassen,35,31185,1478,1124,3,1127,0
2020-11-17,Los Angeles,37,10098052,361285,340933,4937,345870,7302
2020-11-17,Madera,39,155013,5897,5485,98,5583,54
2020-11-17,Marin,41,260295,7564,7404,23,7427,134
2020-11-17,Mariposa,43,17540,104,87,0,87,2
2020-11-17,Mendocino,45,87422,1346,1216,3,1219,23
2020-11-17,Merced,47,269075,11032,10457,85,10542,162
2020-11-17,Modoc,49,8938,88,71,17,88,0
2020-11-17,Mono,51,14174,478,459,8,467,2
2020-11-17,Monterey,53,433212,14136,13220,207,13427,108
2020-11-17,Napa,55,140530,2914,2568,14,2582,17
2020-11-17,Nevada,57,99092,1097,918,24,942,9
2020-11-17,Orange,59,3164182,71858,65757,2146,67903,1519
2020-11-17,Placer,61,380077,6165,5435,96,5531,63
2020-11-17,Plumas,63,18699,175,142,0,142,0
2020-11-17,Riverside,65,2383286,82480,77079,1241,78320,1379
2020-11-17,Sacramento,67,1510023,33802,31341,72,31413,538
2020-11-17,San Benito,69,59416,1712,1611,4,1615,15
2020-11-17,San Bernardino,71,2135413,84770,76134,669,76803,1188
2020-11-17,San Diego,73,3302833,73120,66321,0,66321,933
2020-11-17,San Francisco,75,870044,14590,13952,84,14036,153
2020-11-17,San Joaquin,77,732212,25028,23997,416,24413,516
2020-11-17,San Luis Obispo,79,281455,5797,5235,90,5325,34
2020-11-17,San Mateo,81,765935,13525,12491,8,12499,169
2020-11-17,Santa Barbara,83,443738,11438,10597,162,10759,136
2020-11-17,Santa Clara,85,1922200,31683,29013,49,29062,419
2020-11-17,Santa Cruz,87,273765,4050,3548,42,3590,25
2020-11-17,Shasta,89,179085,4563,3457,107,3564,40
2020-11-17,Sierra,91,2930,15,11,0,11,0
2020-11-17,Siskiyou,93,43540,454,333,26,359,0
2020-11-17,Solano,95,438530,9618,8905,51,8956,84
2020-11-17,Sonoma,97,501317,11562,11084,40,11124,155
2020-11-17,Stanislaus,99,539301,20464,19466,1217,20683,425
2020-11-17,Sutter,101,95872,2805,2370,8,2378,12
2020-11-17,Tehama,103,63373,1480,1290,11,1301,7
2020-11-17,Trinity,105,12862,154,83,11,94,0
2020-11-17,Tulare,107,460477,20103,19176,1026,20202,305
2020-11-17,Tuolumne,109,53932,831,568,2,570,7
2020-11-17,Ventura,111,848112,18167,16797,547,17344,173
2020-11-17,Yolo,113,214977,4315,3887,13,3900,70
2020-11-17,Yuba,115,75493,1713,1519,8,1527,10
2020-11-16,Alameda,1,1643700,27696,26063,283,26346,436
2020-11-16,Alpine,3,1148,38,12,0,12,0
2020-11-16,Amador,5,37829,457,414,1,415,16
2020-11-16,Butte,7,227075,3759,3490,143,3633,58
2020-11-16,Calaveras,9,45235,412,402,0,402,21
2020-11-16,Colusa,11,21464,653,601,0,601,6
2020-11-16,Contra Costa,13,1133247,22503,21386,127,21513,256
2020-11-16,Del Norte,15,27424,269,225,0,225,2
2020-11-16,El Dorado,17,186661,2049,1694,15,1709,4
2020-11-16,Fresno,19,978130,38501,34593,951,35544,471
2020-11-16,Glenn,21,27897,861,786,25,811,4
2020-11-16,Humboldt,23,135768,782,660,1,661,9
2020-11-16,Imperial,25,180216,14977,14111,26,14137,346
2020-11-16,Inyo,27,18085,282,263,1,264,15
2020-11-16,Kern,29,883053,38003,36049,844,36893,455
2020-11-16,Kings,31,150075,10134,9569,112,9681,85
2020-11-16,Lake,33,64148,860,784,0,784,18
2020-11-16,Lassen,35,31185,1297,1124,3,1127,0
2020-11-16,Los Angeles,37,10098052,356558,338778,4747,343525,7277
2020-11-16,Madera,39,155013,5811,5433,91,5524,54
2020-11-16,Marin,41,260295,7535,7359,23,7382,134
2020-11-16,Mariposa,43,17540,101,86,0,86,2
2020-11-16,Mendocino,45,87422,1321,1209,3,1212,23
2020-11-16,Merced,47,269075,10894,10399,82,10481,162
2020-11-16,Modoc,49,8938,86,71,17,88,0
2020-11-16,Mono,51,14174,476,453,8,461,2
2020-11-16,Monterey,53,433212,13893,13089,194,13283,107
2020-11-16,Napa,55,140530,2838,2536,14,2550,17
2020-11-16,Nevada,57,99092,1054,889,22,911,9
2020-11-16,Orange,59,3164182,70762,65396,2131,67527,1519
2020-11-16,Placer,61,380077,6045,5387,87,5474,63
2020-11-16,Plumas,63,18699,168,127,0,127,0
2020-11-16,Riverside,65,2383286,81112,76449,1173,77622,1379
2020-11-16,Sacramento,67,1510023,33162,30954,65,31019,534
2020-11-16,San Benito,69,59416,1694,1603,3,1606,15
2020-11-16,San Bernardino,71,2135413,82946,74401,597,74998,1186
2020-11-16,San Diego,73,3302833,71812,65603,0,65603,926
2020-11-16,San Francisco,75,870044,14431,13847,81,13928,153
2020-11-16,San Joaquin,77,732212,24741,23515,406,23921,513
2020-11-16,San Luis Obispo,79,281455,5693,5161,85,5246,34
2020-11-16,San Mateo,81,765935,13365,12398,8,12406,169
2020-11-16,Santa Barbara,83,443738,11374,10565,158,10723,135
2020-11-16,Santa Clara,85,1922200,31116,28673,47,28720,419
2020-11-16,Santa Cruz,87,273765,3977,3520,42,3562,25
2020-11-16,Shasta,89,179085,4413,3284,102,3386,37
2020-11-16,Sierra,91,2930,15,11,0,11,0
2020-11-16,Siskiyou,93,43540,427,294,26,320,0
2020-11-16,Solano,95,438530,9420,8827,51,8878,84
2020-11-16,Sonoma,97,501317,11471,10961,39,11000,155
2020-11-16,Stanislaus,99,539301,20228,19333,1189,20522,425
2020-11-16,Sutter,101,95872,2698,2322,8,2330,12
2020-11-16,Tehama,103,63373,1435,1261,7,1268,7
2020-11-16,Trinity,105,12862,146,67,11,78,0
2020-11-16,Tulare,107,460477,19927,18891,969,19860,305
2020-11-16,Tuolumne,109,53932,795,543,2,545,7
2020-11-16,Ventura,111,848112,17829,16691,539,17230,172
2020-11-16,Yolo,113,214977,4218,3858,13,3871,70
2020-11-16,Yuba,115,75493,1677,1500,7,1507,10
2020-11-15,Alameda,1,1643700,27376,25879,277,26156,436
2020-11-15,Alpine,3,1148,36,12,0,12,0
2020-11-15,Amador,5,37829,445,409,1,410,16
2020-11-15,Butte,7,227075,3706,3452,133,3585,58
2020-11-15,Calaveras,9,45235,399,386,0,386,21
2020-11-15,Colusa,11,21464,644,601,0,601,6
2020-11-15,Contra Costa,13,1133247,22204,21179,126,21305,256
2020-11-15,Del Norte,15,27424,253,224,0,224,2
2020-11-15,El Dorado,17,186661,1987,1683,14,1697,4
2020-11-15,Fresno,19,978130,37993,34297,911,35208,471
2020-11-15,Glenn,21,27897,849,783,24,807,4
2020-11-15,Humboldt,23,135768,754,653,1,654,9
2020-11-15,Imperial,25,180216,14740,13940,26,13966,346
2020-11-15,Inyo,27,18085,272,263,1,264,15
2020-11-15,Kern,29,883053,37600,35911,808,36719,455
2020-11-15,Kings,31,150075,9941,9533,108,9641,85
2020-11-15,Lake,33,64148,851,777,0,777,17
2020-11-15,Lassen,35,31185,1250,1124,3,1127,0
2020-11-15,Los Angeles,37,10098052,351526,336035,4566,340601,7271
2020-11-15,Madera,39,155013,5714,5391,85,5476,54
2020-11-15,Marin,41,260295,7509,7347,23,7370,133
2020-11-15,Mariposa,43,17540,98,86,0,86,2
2020-11-15,Mendocino,45,87422,1302,1197,3,1200,22
2020-11-15,Merced,47,269075,10760,10350,82,10432,162
2020-11-15,Modoc,49,8938,85,68,17,85,0
2020-11-15,Mono,51,14174,474,453,8,461,2
2020-11-15,Monterey,53,433212,13696,12999,181,13180,107
2020-11-15,Napa,55,140530,2779,2509,12,2521,17
2020-11-15,Nevada,57,99092,999,859,22,881,9
2020-11-15,Orange,59,3164182,69723,65008,2112,67120,1519
2020-11-15,Placer,61,380077,5892,5330,79,5409,63
2020-11-15,Plumas,63,18699,162,127,0,127,0
2020-11-15,Riverside,65,2383286,79793,75531,1112,76643,1374
2020-11-15,Sacramento,67,1510023,32537,30601,61,30662,534
2020-11-15,San Benito,69,59416,1669,1589,2,1591,15
2020-11-15,San Bernardino,71,2135413,80804,73769,515,74284,1185
2020-11-15,San Diego,73,3302833,70313,64770,0,64770,926
2020-11-15,San Francisco,75,870044,14254,13757,80,13837,153
2020-11-15,San Joaquin,77,732212,24532,23516,390,23906,513
2020-11-15,San Luis Obispo,79,281455,5570,5120,82,5202,34
2020-11-15,San Mateo,81,765935,13188,12348,8,12356,169
2020-11-15,Santa Barbara,83,443738,11279,10516,156,10672,135
2020-11-15,Santa Clara,85,1922200,30662,28289,46,28335,418
2020-11-15,Santa Cruz,87,273765,3839,3439,41,3480,25
2020-11-15,Shasta,89,179085,4239,3290,93,3383,37
2020-11-15,Sierra,91,2930,15,11,0,11,0
2020-11-15,Siskiyou,93,43540,408,294,26,320,0
2020-11-15,Solano,95,438530,9259,8713,48,8761,84
2020-11-15,Sonoma,97,501317,11351,10833,38,10871,154
2020-11-15,Stanislaus,99,539301,19957,19228,1162,20390,425
2020-11-15,Sutter,101,95872,2609,2230,8,2238,12
2020-11-15,Tehama,103,63373,1384,1222,6,1228,7
2020-11-15,Trinity,105,12862,138,67,10,77,0
2020-11-15,Tulare,107,460477,19710,18891,914,19805,305
2020-11-15,Tuolumne,109,53932,754,486,2,488,7
2020-11-15,Ventura,111,848112,17555,16564,531,17095,172
2020-11-15,Yolo,113,214977,4115,3819,12,3831,67
2020-11-15,Yuba,115,75493,1636,1470,6,1476,10
2020-11-14,Alameda,1,1643700,27110,25714,274,25988,435
2020-11-14,Alpine,3,1148,36,12,0,12,0
2020-11-14,Amador,5,37829,436,404,0,404,16
2020-11-14,Butte,7,227075,3670,3434,119,3553,58
2020-11-14,Calaveras,9,45235,398,386,0,386,21
2020-11-14,Colusa,11,21464,632,601,0,601,6
2020-11-14,Contra Costa,13,1133247,22065,20975,119,21094,256
2020-11-14,Del Norte,15,27424,247,219,0,219,2
2020-11-14,El Dorado,17,186661,1943,1648,14,1662,4
2020-11-14,Fresno,19,978130,37743,33969,876,34845,471
2020-11-14,Glenn,21,27897,840,772,21,793,3
2020-11-14,Humboldt,23,135768,739,643,1,644,9
2020-11-14,Imperial,25,180216,14647,13932,25,13957,346
2020-11-14,Inyo,27,18085,271,263,1,264,15
2020-11-14,Kern,29,883053,37390,35626,789,36415,454
2020-11-14,Kings,31,150075,9906,9490,105,9595,85
2020-11-14,Lake,33,64148,842,773,0,773,17
2020-11-14,Lassen,35,31185,1236,833,3,836,0
2020-11-14,Los Angeles,37,10098052,348826,333021,4452,337473,7269
2020-11-14,Madera,39,155013,5684,5371,83,5454,54
2020-11-14,Marin,41,260295,7493,7325,23,7348,133
2020-11-14,Mariposa,43,17540,97,86,0,86,2
2020-11-14,Mendocino,45,87422,1286,1181,3,1184,22
2020-11-14,Merced,47,269075,10704,10286,80,10366,161
2020-11-14,Modoc,49,8938,84,64,16,80,0
2020-11-14,Mono,51,14174,474,453,8,461,2
2020-11-14,Monterey,53,433212,13600,12854,171,13025,105
2020-11-14,Napa,55,140530,2745,2473,12,2485,17
2020-11-14,Nevada,57,99092,983,835,22,857,9
2020-11-14,Orange,59,3164182,69103,64340,2099,66439,1517
2020-11-14,Placer,61,380077,5816,5215,73,5288,63
2020-11-14,Plumas,63,18699,157,128,0,128,0
2020-11-14,Riverside,65,2383286,79055,74910,1071,75981,1373
2020-11-14,Sacramento,67,1510023,32211,30298,60,30358,532
2020-11-14,San Benito,69,59416,1654,1573,2,1575,15
2020-11-14,San Bernardino,71,2135413,79872,72868,482,73350,1184
2020-11-14,San Diego,73,3302833,69548,63715,0,63715,926
2020-11-14,San Francisco,75,870044,14167,13661,79,13740,153
2020-11-14,San Joaquin,77,732212,24441,23516,382,23898,511
2020-11-14,San Luis Obispo,79,281455,5507,5073,76,5149,34
2020-11-14,San Mateo,81,765935,13080,12293,8,12301,169
2020-11-14,Santa Barbara,83,443738,11225,10482,154,10636,135
2020-11-14,Santa Clara,85,1922200,30377,27962,44,28006,416
2020-11-14,Santa Cruz,87,273765,3784,3402,41,3443,25
2020-11-14,Shasta,89,179085,4154,3195,91,3286,37
2020-11-14,Sierra,91,2930,15,11,0,11,0
2020-11-14,Siskiyou,93,43540,395,292,26,318,0
2020-11-14,Solano,95,438530,9179,8655,47,8702,84
2020-11-14,Sonoma,97,501317,11298,10769,38,10807,154
2020-11-14,Stanislaus,99,539301,19815,19068,1140,20208,424
2020-11-14,Sutter,101,95872,2565,2182,8,2190,12
2020-11-14,Tehama,103,63373,1363,1206,5,1211,7
2020-11-14,Trinity,105,12862,133,67,10,77,0
2020-11-14,Tulare,107,460477,19616,18853,885,19738,305
2020-11-14,Tuolumne,109,53932,726,448,2,450,7
2020-11-14,Ventura,111,848112,17410,16297,519,16816,172
2020-11-14,Yolo,113,214977,4073,3765,10,3775,65
2020-11-14,Yuba,115,75493,1607,1453,6,1459,10
2020-11-13,Alameda,1,1643700,26894,25515,269,25784,434
2020-11-13,Alpine,3,1148,36,12,0,12,0
2020-11-13,Amador,5,37829,433,397,0,397,16
2020-11-13,Butte,7,227075,3646,3402,110,3512,58
2020-11-13,Calaveras,9,45235,394,378,0,378,21
2020-11-13,Colusa,11,21464,624,598,0,598,6
2020-11-13,Contra Costa,13,1133247,21893,20799,119,20918,256
2020-11-13,Del Norte,15,27424,245,208,0,208,2
2020-11-13,El Dorado,17,186661,1898,1611,13,1624,4
2020-11-13,Fresno,19,978130,37496,33693,862,34555,470
2020-11-13,Glenn,21,27897,826,755,17,772,3
2020-11-13,Humboldt,23,135768,724,638,1,639,9
2020-11-13,Imperial,25,180216,14577,13790,24,13814,341
2020-11-13,Inyo,27,18085,270,262,1,263,15
2020-11-13,Kern,29,883053,37189,35431,772,36203,453
2020-11-13,Kings,31,150075,9847,9428,104,9532,85
2020-11-13,Lake,33,64148,836,770,0,770,17
2020-11-13,Lassen,35,31185,1227,832,3,835,0
2020-11-13,Los Angeles,37,10098052,345706,329364,4338,333702,7248
2020-11-13,Madera,39,155013,5644,5340,82,5422,54
2020-11-13,Marin,41,260295,7480,7307,22,7329,133
2020-11-13,Mariposa,43,17540,95,86,0,86,2
2020-11-13,Mendocino,45,87422,1274,1173,3,1176,22
2020-11-13,Merced,47,269075,10649,10185,77,10262,159
2020-11-13,Modoc,49,8938,84,63,14,77,0
2020-11-13,Mono,51,14174,474,448,7,455,2
2020-11-13,Monterey,53,433212,13405,12681,159,12840,104
2020-11-13,Napa,55,140530,2706,2440,12,2452,17
2020-11-13,Nevada,57,99092,964,798,22,820,9
2020-11-13,Orange,59,3164182,68503,63804,2080,65884,1514
2020-11-13,Placer,61,380077,5711,5122,67,5189,63
2020-11-13,Plumas,63,18699,151,125,0,125,0
2020-11-13,Riverside,65,2383286,78318,74138,1043,75181,1372
2020-11-13,Sacramento,67,1510023,31894,29787,55,29842,524
2020-11-13,San Benito,69,59416,1642,1553,1,1554,15
2020-11-13,San Bernardino,71,2135413,78826,71895,460,72355,1184
2020-11-13,San Diego,73,3302833,68701,62978,0,62978,921
2020-11-13,San Francisco,75,870044,14074,13516,77,13593,146
2020-11-13,San Joaquin,77,732212,24346,23314,375,23689,510
2020-11-13,San Luis Obispo,79,281455,5440,4960,73,5033,34
2020-11-13,San Mateo,81,765935,12987,12182,8,12190,169
2020-11-13,Santa Barbara,83,443738,11173,10405,152,10557,134
2020-11-13,Santa Clara,85,1922200,30050,27609,42,27651,415
2020-11-13,Santa Cruz,87,273765,3711,3343,41,3384,25
2020-11-13,Shasta,89,179085,4069,2983,88,3071,37
2020-11-13,Sierra,91,2930,15,11,0,11,0
2020-11-13,Siskiyou,93,43540,390,280,25,305,0
2020-11-13,Solano,95,438530,9088,8525,47,8572,84
2020-11-13,Sonoma,97,501317,11237,10685,36,10721,151
2020-11-13,Stanislaus,99,539301,19692,18936,1110,20046,422
2020-11-13,Sutter,101,95872,2519,2121,7,2128,12
2020-11-13,Tehama,103,63373,1335,1167,5,1172,7
2020-11-13,Trinity,105,12862,131,64,10,74,0
2020-11-13,Tulare,107,460477,19494,18714,842,19556,305
2020-11-13,Tuolumne,109,53932,693,427,2,429,7
2020-11-13,Ventura,111,848112,17265,16172,504,16676,171
2020-11-13,Yolo,113,214977,4022,3716,10,3726,65
2020-11-13,Yuba,115,75493,1580,1435,6,1441,10
2020-11-12,Alameda,1,1643700,26627,25345,269,25614,432
2020-11-12,Alpine,3,1148,35,12,0,12,0
2020-11-12,Amador,5,37829,432,392,0,392,16
2020-11-12,Butte,7,227075,3597,3347,107,3454,58
2020-11-12,Calaveras,9,45235,389,373,0,373,21
2020-11-12,Colusa,11,21464,619,591,0,591,6
2020-11-12,Contra Costa,13,1133247,21685,20619,117,20736,255
2020-11-12,Del Norte,15,27424,238,203,0,203,2
2020-11-12,El Dorado,17,186661,1852,1573,9,1582,4
2020-11-12,Fresno,19,978130,37151,33459,819,34278,468
2020-11-12,Glenn,21,27897,807,727,17,744,3
2020-11-12,Humboldt,23,135768,711,625,1,626,9
2020-11-12,Imperial,25,180216,14412,13619,24,13643,341
2020-11-12,Inyo,27,18085,269,255,1,256,15
2020-11-12,Kern,29,883053,36925,35207,755,35962,451
2020-11-12,Kings,31,150075,9781,9335,102,9437,85
2020-11-12,Lake,33,64148,827,764,0,764,17
2020-11-12,Lassen,35,31185,1158,832,2,834,0
2020-11-12,Los Angeles,37,10098052,341970,327001,4235,331236,7223
2020-11-12,Madera,39,155013,5610,5273,77,5350,54
2020-11-12,Marin,41,260295,7451,7268,22,7290,133
2020-11-12,Mariposa,43,17540,93,84,0,84,2
2020-11-12,Mendocino,45,87422,1255,1142,3,1145,22
2020-11-12,Merced,47,269075,10535,10107,74,10181,158
2020-11-12,Modoc,49,8938,84,63,14,77,0
2020-11-12,Mono,51,14174,473,442,7,449,2
2020-11-12,Monterey,53,433212,13285,12489,144,12633,100
2020-11-12,Napa,55,140530,2644,2398,12,2410,16
2020-11-12,Nevada,57,99092,941,780,21,801,9
2020-11-12,Orange,59,3164182,67758,63232,2059,65291,1514
2020-11-12,Placer,61,380077,5601,5044,57,5101,62
2020-11-12,Plumas,63,18699,147,121,0,121,0
2020-11-12,Riverside,65,2383286,77393,73381,998,74379,1362
2020-11-12,Sacramento,67,1510023,31405,29459,48,29507,520
2020-11-12,San Benito,69,59416,1622,1525,1,1526,15
2020-11-12,San Bernardino,71,2135413,77462,70758,421,71179,1183
2020-11-12,San Diego,73,3302833,67722,62336,0,62336,918
2020-11-12,San Francisco,75,870044,13975,13289,76,13365,146
2020-11-12,San Joaquin,77,732212,24152,23002,354,23356,509
2020-11-12,San Luis Obispo,79,281455,5376,4898,72,4970,33
2020-11-12,San Mateo,81,765935,12864,12086,7,12093,169
2020-11-12,Santa Barbara,83,443738,11111,10325,146,10471,134
2020-11-12,Santa Clara,85,1922200,29675,27261,41,27302,414
2020-11-12,Santa Cruz,87,273765,3628,3317,39,3356,25
2020-11-12,Shasta,89,179085,3931,2825,77,2902,37
2020-11-12,Sierra,91,2930,15,11,0,11,0
2020-11-12,Siskiyou,93,43540,373,275,20,295,0
2020-11-12,Solano,95,438530,8988,8417,46,8463,85
2020-11-12,Sonoma,97,501317,11135,10602,35,10637,151
2020-11-12,Stanislaus,99,539301,19527,18787,1078,19865,422
2020-11-12,Sutter,101,95872,2435,2075,7,2082,12
2020-11-12,Tehama,103,63373,1308,1117,5,1122,7
2020-11-12,Trinity,105,12862,124,62,10,72,0
2020-11-12,Tulare,107,460477,19382,18545,805,19350,305
2020-11-12,Tuolumne,109,53932,654,353,2,355,7
2020-11-12,Ventura,111,848112,17016,16013,497,16510,158
2020-11-12,Yolo,113,214977,3978,3646,10,3656,63
2020-11-12,Yuba,115,75493,1545,1410,6,1416,10
2020-11-11,Alameda,1,1643700,26385,25140,267,25407,429
2020-11-11,Alpine,3,1148,30,12,0,12,0
2020-11-11,Amador,5,37829,425,389,0,389,16
2020-11-11,Butte,7,227075,3572,3348,93,3441,58
2020-11-11,Calaveras,9,45235,379,373,0,373,21
2020-11-11,Colusa,11,21464,613,591,0,591,6
2020-11-11,Contra Costa,13,1133247,21466,20452,115,20567,255
2020-11-11,Del Norte,15,27424,231,203,0,203,2
2020-11-11,El Dorado,17,186661,1806,1564,8,1572,4
2020-11-11,Fresno,19,978130,36832,33287,785,34072,468
2020-11-11,Glenn,21,27897,791,722,16,738,3
2020-11-11,Humboldt,23,135768,697,623,1,624,9
2020-11-11,Imperial,25,180216,14241,13623,22,13645,340
2020-11-11,Inyo,27,18085,267,255,1,256,15
2020-11-11,Kern,29,883053,36652,35014,737,35751,449
2020-11-11,Kings,31,150075,9675,9263,99,9362,85
2020-11-11,Lake,33,64148,817,763,0,763,17
2020-11-11,Lassen,35,31185,1133,831,2,833,0
2020-11-11,Los Angeles,37,10098052,338614,324567,4142,328709,7220
2020-11-11,Madera,39,155013,5576,5248,74,5322,54
2020-11-11,Marin,41,260295,7428,7268,22,7290,133
2020-11-11,Mariposa,43,17540,93,84,0,84,2
2020-11-11,Mendocino,45,87422,1243,1142,3,1145,22
2020-11-11,Merced,47,269075,10464,10074,72,10146,157
2020-11-11,Modoc,49,8938,80,62,13,75,0
2020-11-11,Mono,51,14174,471,443,7,450,2
2020-11-11,Monterey,53,433212,13143,12417,140,12557,100
2020-11-11,Napa,55,140530,2595,2365,9,2374,15
2020-11-11,Nevada,57,99092,899,741,21,762,9
2020-11-11,Orange,59,3164182,67121,62929,2036,64965,1506
2020-11-11,Placer,61,380077,5518,4981,49,5030,60
2020-11-11,Plumas,63,18699,145,111,0,111,0
2020-11-11,Riverside,65,2383286,76492,72953,952,73905,1361
2020-11-11,Sacramento,67,1510023,30951,28968,46,29014,520
2020-11-11,San Benito,69,59416,1608,1512,1,1513,15
2020-11-11,San Bernardino,71,2135413,76178,70374,392,70766,1182
2020-11-11,San Diego,73,3302833,66787,61746,0,61746,918
2020-11-11,San Francisco,75,870044,13867,13287,74,13361,146
2020-11-11,San Joaquin,77,732212,23993,23001,348,23349,509
2020-11-11,San Luis Obispo,79,281455,5301,4832,69,4901,33
2020-11-11,San Mateo,81,765935,12749,12008,7,12015,169
2020-11-11,Santa Barbara,83,443738,11046,10278,146,10424,134
2020-11-11,Santa Clara,85,1922200,29321,27075,40,27115,413
2020-11-11,Santa Cruz,87,273765,3560,3247,39,3286,25
2020-11-11,Shasta,89,179085,3808,2766,67,2833,36
2020-11-11,Sierra,91,2930,13,11,0,11,0
2020-11-11,Siskiyou,93,43540,342,261,17,278,0
2020-11-11,Solano,95,438530,8871,8353,43,8396,85
2020-11-11,Sonoma,97,501317,11061,10498,35,10533,150
2020-11-11,Stanislaus,99,539301,19389,18671,1046,19717,422
2020-11-11,Sutter,101,95872,2387,2049,6,2055,12
2020-11-11,Tehama,103,63373,1266,1105,4,1109,7
2020-11-11,Trinity,105,12862,115,62,10,72,0
2020-11-11,Tulare,107,460477,19252,18500,774,19274,305
2020-11-11,Tuolumne,109,53932,598,354,2,356,7
2020-11-11,Ventura,111,848112,16801,15801,483,16284,158
2020-11-11,Yolo,113,214977,3927,3606,10,3616,63
2020-11-11,Yuba,115,75493,1530,1400,6,1406,10
2020-11-10,Alameda,1,1643700,26155,25008,264,25272,424
2020-11-10,Alpine,3,1148,30,9,0,9,0
2020-11-10,Amador,5,37829,419,384,0,384,16
2020-11-10,Butte,7,227075,3536,3327,89,3416,58
2020-11-10,Calaveras,9,45235,374,367,0,367,21
2020-11-10,Colusa,11,21464,606,590,0,590,6
2020-11-10,Contra Costa,13,1133247,21260,20326,112,20438,255
2020-11-10,Del Norte,15,27424,225,196,0,196,2
2020-11-10,El Dorado,17,186661,1745,1551,8,1559,4
2020-11-10,Fresno,19,978130,36564,33024,747,33771,465
2020-11-10,Glenn,21,27897,783,719,12,731,3
2020-11-10,Humboldt,23,135768,680,610,1,611,9
2020-11-10,Imperial,25,180216,14111,13570,22,13592,338
2020-11-10,Inyo,27,18085,266,252,1,253,14
2020-11-10,Kern,29,883053,36375,34858,718,35576,448
2020-11-10,Kings,31,150075,9628,9236,92,9328,85
2020-11-10,Lake,33,64148,807,762,0,762,16
2020-11-10,Lassen,35,31185,1118,830,2,832,0
2020-11-10,Los Angeles,37,10098052,335369,322569,4022,326591,7205
2020-11-10,Madera,39,155013,5534,5229,68,5297,54
2020-11-10,Marin,41,260295,7409,7259,22,7281,133
2020-11-10,Mariposa,43,17540,91,84,0,84,2
2020-11-10,Mendocino,45,87422,1235,1137,3,1140,22
2020-11-10,Merced,47,269075,10402,9992,66,10058,157
2020-11-10,Modoc,49,8938,78,61,13,74,0
2020-11-10,Mono,51,14174,469,443,7,450,2
2020-11-10,Monterey,53,433212,13005,12335,132,12467,100
2020-11-10,Napa,55,140530,2557,2341,7,2348,15
2020-11-10,Nevada,57,99092,883,734,21,755,9
2020-11-10,Orange,59,3164182,66572,62597,2025,64622,1504
2020-11-10,Placer,61,380077,5438,4902,48,4950,60
2020-11-10,Plumas,63,18699,141,108,0,108,0
2020-11-10,Riverside,65,2383286,75851,72316,926,73242,1359
2020-11-10,Sacramento,67,1510023,30541,28677,43,28720,519
2020-11-10,San Benito,69,59416,1593,1508,1,1509,15
2020-11-10,San Bernardino,71,2135413,75009,69666,357,70023,1182
2020-11-10,San Diego,73,3302833,65897,61085,0,61085,915
2020-11-10,San Francisco,75,870044,13750,13210,74,13284,146
2020-11-10,San Joaquin,77,732212,23829,22865,341,23206,508
2020-11-10,San Luis Obispo,79,281455,5239,4780,65,4845,33
2020-11-10,San Mateo,81,765935,12648,11939,7,11946,169
2020-11-10,Santa Barbara,83,443738,10979,10252,142,10394,134
2020-11-10,Santa Clara,85,1922200,28980,26917,38,26955,409
2020-11-10,Santa Cruz,87,273765,3496,3221,39,3260,25
2020-11-10,Shasta,89,179085,3666,2686,59,2745,36
2020-11-10,Sierra,91,2930,12,10,0,10,0
2020-11-10,Siskiyou,93,43540,326,263,16,279,0
2020-11-10,Solano,95,438530,8773,8299,43,8342,85
2020-11-10,Sonoma,97,501317,10974,10414,35,10449,150
2020-11-10,Stanislaus,99,539301,19256,18592,1022,19614,420
2020-11-10,Sutter,101,95872,2292,2035,5,2040,12
2020-11-10,Tehama,103,63373,1240,1099,3,1102,7
2020-11-10,Trinity,105,12862,106,62,9,71,0
2020-11-10,Tulare,107,460477,19138,18430,750,19180,305
2020-11-10,Tuolumne,109,53932,550,353,2,355,7
2020-11-10,Ventura,111,848112,16618,15625,481,16106,158
2020-11-10,Yolo,113,214977,3865,3573,10,3583,63
2020-11-10,Yuba,115,75493,1507,1392,6,1398,10
2020-11-09,Alameda,1,1643700,25906,24899,260,25159,424
2020-11-09,Alpine,3,1148,28,6,0,6,0
2020-11-09,Amador,5,37829,410,380,0,380,16
2020-11-09,Butte,7,227075,3491,3301,80,3381,57
2020-11-09,Calaveras,9,45235,370,360,0,360,21
2020-11-09,Colusa,11,21464,600,583,0,583,6
2020-11-09,Contra Costa,13,1133247,21087,20193,110,20303,255
2020-11-09,Del Norte,15,27424,219,195,0,195,2
2020-11-09,El Dorado,17,186661,1704,1515,8,1523,4
2020-11-09,Fresno,19,978130,36255,32755,703,33458,465
2020-11-09,Glenn,21,27897,777,714,9,723,3
2020-11-09,Humboldt,23,135768,667,607,1,608,9
2020-11-09,Imperial,25,180216,13994,13508,21,13529,338
2020-11-09,Inyo,27,18085,266,252,1,253,14
2020-11-09,Kern,29,883053,36147,34764,679,35443,448
2020-11-09,Kings,31,150075,9558,9141,90,9231,84
2020-11-09,Lake,33,64148,798,755,0,755,16
2020-11-09,Lassen,35,31185,1022,799,2,801,0
2020-11-09,Los Angeles,37,10098052,332278,320370,3941,324311,7180
2020-11-09,Madera,39,155013,5488,5209,65,5274,54
2020-11-09,Marin,41,260295,7383,7237,21,7258,131
2020-11-09,Mariposa,43,17540,91,84,0,84,2
2020-11-09,Mendocino,45,87422,1223,1132,3,1135,22
2020-11-09,Merced,47,269075,10299,9922,63,9985,157
2020-11-09,Modoc,49,8938,74,54,12,66,0
2020-11-09,Mono,51,14174,466,352,7,359,2
2020-11-09,Monterey,53,433212,12859,12148,124,12272,98
2020-11-09,Napa,55,140530,2514,2309,7,2316,15
2020-11-09,Nevada,57,99092,846,729,20,749,9
2020-11-09,Orange,59,3164182,65932,62335,2014,64349,1501
2020-11-09,Placer,61,380077,5354,4843,36,4879,60
2020-11-09,Plumas,63,18699,134,102,0,102,0
2020-11-09,Riverside,65,2383286,75070,72059,892,72951,1346
2020-11-09,Sacramento,67,1510023,30069,28200,43,28243,516
2020-11-09,San Benito,69,59416,1584,1506,1,1507,15
2020-11-09,San Bernardino,71,2135413,73958,69015,317,69332,1182
2020-11-09,San Diego,73,3302833,65042,60572,0,60572,908
2020-11-09,San Francisco,75,870044,13631,12984,71,13055,146
2020-11-09,San Joaquin,77,732212,23664,22512,336,22848,505
2020-11-09,San Luis Obispo,79,281455,5155,4746,62,4808,32
2020-11-09,San Mateo,81,765935,12541,11857,7,11864,169
2020-11-09,Santa Barbara,83,443738,10922,10214,136,10350,134
2020-11-09,Santa Clara,85,1922200,28585,26693,38,26731,409
2020-11-09,Santa Cruz,87,273765,3438,3194,39,3233,25
2020-11-09,Shasta,89,179085,3511,2581,50,2631,36
2020-11-09,Sierra,91,2930,10,10,0,10,0
2020-11-09,Siskiyou,93,43540,315,257,14,271,0
2020-11-09,Solano,95,438530,8657,8254,42,8296,85
2020-11-09,Sonoma,97,501317,10866,10310,35,10345,150
2020-11-09,Stanislaus,99,539301,19106,18482,1003,19485,418
2020-11-09,Sutter,101,95872,2224,2010,4,2014,12
2020-11-09,Tehama,103,63373,1204,1071,2,1073,7
2020-11-09,Trinity,105,12862,102,46,9,55,0
2020-11-09,Tulare,107,460477,19018,18272,718,18990,304
2020-11-09,Tuolumne,109,53932,496,346,2,348,7
2020-11-09,Ventura,111,848112,16416,15568,478,16046,156
2020-11-09,Yolo,113,214977,3805,3522,9,3531,62
2020-11-09,Yuba,115,75493,1474,1380,6,1386,10
2020-11-08,Alameda,1,1643700,25678,24731,260,24991,424
2020-11-08,Alpine,3,1148,25,6,0,6,0
2020-11-08,Amador,5,37829,403,376,0,376,16
2020-11-08,Butte,7,227075,3453,3285,74,3359,57
2020-11-08,Calaveras,9,45235,368,360,0,360,21
2020-11-08,Colusa,11,21464,597,583,0,583,6
2020-11-08,Contra Costa,13,1133247,20916,20031,108,20139,254
2020-11-08,Del Norte,15,27424,210,195,0,195,2
2020-11-08,El Dorado,17,186661,1666,1502,8,1510,4
2020-11-08,Fresno,19,978130,35922,32619,665,33284,465
2020-11-08,Glenn,21,27897,771,707,8,715,3
2020-11-08,Humboldt,23,135768,651,605,1,606,9
2020-11-08,Imperial,25,180216,13878,13428,21,13449,338
2020-11-08,Inyo,27,18085,262,252,1,253,14
2020-11-08,Kern,29,883053,35929,34644,662,35306,448
2020-11-08,Kings,31,150075,9425,9026,87,9113,84
2020-11-08,Lake,33,64148,790,754,0,754,16
2020-11-08,Lassen,35,31185,874,799,2,801,0
2020-11-08,Los Angeles,37,10098052,329158,318960,3867,322827,7176
2020-11-08,Madera,39,155013,5420,5196,62,5258,54
2020-11-08,Marin,41,260295,7363,7227,21,7248,131
2020-11-08,Mariposa,43,17540,91,83,0,83,2
2020-11-08,Mendocino,45,87422,1214,1129,3,1132,22
2020-11-08,Merced,47,269075,10224,9885,61,9946,157
2020-11-08,Modoc,49,8938,70,54,12,66,0
2020-11-08,Mono,51,14174,460,352,7,359,2
2020-11-08,Monterey,53,433212,12715,12122,112,12234,98
2020-11-08,Napa,55,140530,2474,2274,7,2281,15
2020-11-08,Nevada,57,99092,830,715,20,735,9
2020-11-08,Orange,59,3164182,65345,62034,2000,64034,1501
2020-11-08,Placer,61,380077,5253,4800,31,4831,60
2020-11-08,Plumas,63,18699,129,102,0,102,0
2020-11-08,Riverside,65,2383286,74419,71442,848,72290,1345
2020-11-08,Sacramento,67,1510023,29508,28059,39,28098,515
2020-11-08,San Benito,69,59416,1569,1496,1,1497,15
2020-11-08,San Bernardino,71,2135413,72717,68412,278,68690,1182
2020-11-08,San Diego,73,3302833,64197,60199,0,60199,908
2020-11-08,San Francisco,75,870044,13500,12985,66,13051,146
2020-11-08,San Joaquin,77,732212,23472,22514,331,22845,505
2020-11-08,San Luis Obispo,79,281455,5089,4698,57,4755,32
2020-11-08,San Mateo,81,765935,12422,11783,7,11790,169
2020-11-08,Santa Barbara,83,443738,10852,10180,134,10314,134
2020-11-08,Santa Clara,85,1922200,28211,26442,37,26479,410
2020-11-08,Santa Cruz,87,273765,3381,3134,39,3173,25
2020-11-08,Shasta,89,179085,3375,2582,44,2626,36
2020-11-08,Sierra,91,2930,10,7,0,7,0
2020-11-08,Siskiyou,93,43540,303,246,13,259,0
2020-11-08,Solano,95,438530,8536,8132,41,8173,85
2020-11-08,Sonoma,97,501317,10759,10229,35,10264,149
2020-11-08,Stanislaus,99,539301,18934,18413,980,19393,418
2020-11-08,Sutter,101,95872,2167,1980,4,1984,12
2020-11-08,Tehama,103,63373,1180,1054,2,1056,7
2020-11-08,Trinity,105,12862,99,46,9,55,0
2020-11-08,Tulare,107,460477,18878,18272,685,18957,304
2020-11-08,Tuolumne,109,53932,469,341,2,343,7
2020-11-08,Ventura,111,848112,16221,15504,470,15974,156
2020-11-08,Yolo,113,214977,3742,3492,9,3501,61
2020-11-08,Yuba,115,75493,1453,1369,6,1375,10
2020-11-07,Alameda,1,1643700,25568,24578,258,24836,424
2020-11-07,Alpine,3,1148,25,6,0,6,0
2020-11-07,Amador,5,37829,400,375,0,375,16
2020-11-07,Butte,7,227075,3441,3277,69,3346,57
2020-11-07,Calaveras,9,45235,366,360,0,360,21
2020-11-07,Colusa,11,21464,597,583,0,583,6
2020-11-07,Contra Costa,13,1133247,20814,19943,107,20050,254
2020-11-07,Del Norte,15,27424,206,194,0,194,2
2020-11-07,El Dorado,17,186661,1641,1495,7,1502,4
2020-11-07,Fresno,19,978130,35769,32497,644,33141,465
2020-11-07,Glenn,21,27897,763,707,8,715,3
2020-11-07,Humboldt,23,135768,640,590,1,591,9
2020-11-07,Imperial,25,180216,13820,13388,20,13408,338
2020-11-07,Inyo,27,18085,260,252,1,253,14
2020-11-07,Kern,29,883053,35775,34513,651,35164,448
2020-11-07,Kings,31,150075,9392,9005,82,9087,84
2020-11-07,Lake,33,64148,786,751,0,751,16
2020-11-07,Lassen,35,31185,858,799,2,801,0
2020-11-07,Los Angeles,37,10098052,327657,316756,3792,320548,7174
2020-11-07,Madera,39,155013,5398,5177,60,5237,54
2020-11-07,Marin,41,260295,7352,7215,21,7236,131
2020-11-07,Mariposa,43,17540,91,81,0,81,2
2020-11-07,Mendocino,45,87422,1204,1118,3,1121,22
2020-11-07,Merced,47,269075,10192,9855,57,9912,157
2020-11-07,Modoc,49,8938,70,51,12,63,0
2020-11-07,Mono,51,14174,457,352,7,359,2
2020-11-07,Monterey,53,433212,12646,12030,108,12138,98
2020-11-07,Napa,55,140530,2444,2260,6,2266,15
2020-11-07,Nevada,57,99092,814,710,20,730,9
2020-11-07,Orange,59,3164182,65059,62038,1993,64031,1505
2020-11-07,Placer,61,380077,5191,4745,31,4776,60
2020-11-07,Plumas,63,18699,127,94,0,94,0
2020-11-07,Riverside,65,2383286,74025,71153,819,71972,1345
2020-11-07,Sacramento,67,1510023,29258,27773,39,27812,515
2020-11-07,San Benito,69,59416,1557,1489,1,1490,15
2020-11-07,San Bernardino,71,2135413,72202,67935,267,68202,1182
2020-11-07,San Diego,73,3302833,63685,59682,0,59682,909
2020-11-07,San Francisco,75,870044,13439,12980,65,13045,146
2020-11-07,San Joaquin,77,732212,23364,22517,324,22841,505
2020-11-07,San Luis Obispo,79,281455,5040,4668,54,4722,32
2020-11-07,San Mateo,81,765935,12359,11711,7,11718,169
2020-11-07,Santa Barbara,83,443738,10810,10157,132,10289,134
2020-11-07,Santa Clara,85,1922200,28006,26244,36,26280,410
2020-11-07,Santa Cruz,87,273765,3343,3130,39,3169,25
2020-11-07,Shasta,89,179085,3306,2547,42,2589,36
2020-11-07,Sierra,91,2930,10,7,0,7,0
2020-11-07,Siskiyou,93,43540,299,241,13,254,0
2020-11-07,Solano,95,438530,8484,8066,41,8107,85
2020-11-07,Sonoma,97,501317,10713,10200,35,10235,149
2020-11-07,Stanislaus,99,539301,18826,18386,962,19348,418
2020-11-07,Sutter,101,95872,2127,1973,4,1977,12
2020-11-07,Tehama,103,63373,1156,1043,2,1045,7
2020-11-07,Trinity,105,12862,99,42,8,50,0
2020-11-07,Tulare,107,460477,18823,18229,667,18896,304
2020-11-07,Tuolumne,109,53932,458,327,2,329,7
2020-11-07,Ventura,111,848112,16161,15364,465,15829,156
2020-11-07,Yolo,113,214977,3711,3486,9,3495,61
2020-11-07,Yuba,115,75493,1438,1349,6,1355,10
2020-11-06,Alameda,1,1643700,25436,24389,256,24645,420
2020-11-06,Alpine,3,1148,25,6,0,6,0
2020-11-06,Amador,5,37829,398,369,0,369,16
2020-11-06,Butte,7,227075,3416,3254,61,3315,57
2020-11-06,Calaveras,9,45235,365,359,0,359,21
2020-11-06,Colusa,11,21464,595,580,0,580,6
2020-11-06,Contra Costa,13,1133247,20665,19744,107,19851,252
2020-11-06,Del Norte,15,27424,203,194,0,194,2
2020-11-06,El Dorado,17,186661,1615,1475,7,1482,4
2020-11-06,Fresno,19,978130,35581,32278,627,32905,460
2020-11-06,Glenn,21,27897,757,707,7,714,3
2020-11-06,Humboldt,23,135768,637,587,1,588,9
2020-11-06,Imperial,25,180216,13767,13230,20,13250,338
2020-11-06,Inyo,27,18085,258,246,1,247,14
2020-11-06,Kern,29,883053,35612,34360,632,34992,443
2020-11-06,Kings,31,150075,9369,8883,79,8962,83
2020-11-06,Lake,33,64148,785,741,0,741,16
2020-11-06,Lassen,35,31185,850,794,2,796,0
2020-11-06,Los Angeles,37,10098052,325689,314356,3736,318092,7160
2020-11-06,Madera,39,155013,5382,5136,59,5195,54
2020-11-06,Marin,41,260295,7331,7184,21,7205,131
2020-11-06,Mariposa,43,17540,90,79,0,79,2
2020-11-06,Mendocino,45,87422,1199,1113,3,1116,22
2020-11-06,Merced,47,269075,10153,9778,53,9831,157
2020-11-06,Modoc,49,8938,70,48,12,60,0
2020-11-06,Mono,51,14174,452,308,7,315,1
2020-11-06,Monterey,53,433212,12529,11914,107,12021,96
2020-11-06,Napa,55,140530,2419,2189,6,2195,15
2020-11-06,Nevada,57,99092,801,692,19,711,9
2020-11-06,Orange,59,3164182,64756,61049,1984,63033,1494
2020-11-06,Placer,61,380077,5116,4680,31,4711,60
2020-11-06,Plumas,63,18699,122,90,0,90,0
2020-11-06,Riverside,65,2383286,73578,70409,775,71184,1341
2020-11-06,Sacramento,67,1510023,28968,27489,37,27526,514
2020-11-06,San Benito,69,59416,1548,1479,1,1480,15
2020-11-06,San Bernardino,71,2135413,71608,66740,246,66986,1179
2020-11-06,San Diego,73,3302833,63162,59143,0,59143,907
2020-11-06,San Francisco,75,870044,13370,12825,63,12888,146
2020-11-06,San Joaquin,77,732212,23278,22424,314,22738,502
2020-11-06,San Luis Obispo,79,281455,4976,4531,48,4579,32
2020-11-06,San Mateo,81,765935,12284,11587,7,11594,168
2020-11-06,Santa Barbara,83,443738,10774,10118,127,10245,133
2020-11-06,Santa Clara,85,1922200,27763,25831,36,25867,402
2020-11-06,Santa Cruz,87,273765,3306,3063,39,3102,25
2020-11-06,Shasta,89,179085,3234,2475,40,2515,35
2020-11-06,Sierra,91,2930,9,7,0,7,0
2020-11-06,Siskiyou,93,43540,286,237,12,249,0
2020-11-06,Solano,95,438530,8419,7959,41,8000,85
2020-11-06,Sonoma,97,501317,10663,10142,35,10177,149
2020-11-06,Stanislaus,99,539301,18738,18250,953,19203,417
2020-11-06,Sutter,101,95872,2100,1937,2,1939,12
2020-11-06,Tehama,103,63373,1135,1024,2,1026,6
2020-11-06,Trinity,105,12862,96,41,8,49,0
2020-11-06,Tulare,107,460477,18761,18136,640,18776,300
2020-11-06,Tuolumne,109,53932,437,316,2,318,5
2020-11-06,Ventura,111,848112,16075,15222,462,15684,154
2020-11-06,Yolo,113,214977,3682,3420,9,3429,62
2020-11-06,Yuba,115,75493,1425,1335,6,1341,10
2020-11-05,Alameda,1,1643700,25258,24270,256,24526,420
2020-11-05,Alpine,3,1148,25,6,0,6,0
2020-11-05,Amador,5,37829,395,363,0,363,16
2020-11-05,Butte,7,227075,3393,3239,55,3294,57
2020-11-05,Calaveras,9,45235,358,333,0,333,19
2020-11-05,Colusa,11,21464,591,574,0,574,6
2020-11-05,Contra Costa,13,1133247,20483,19656,105,19761,252
2020-11-05,Del Norte,15,27424,201,192,0,192,2
2020-11-05,El Dorado,17,186661,1591,1466,7,1473,4
2020-11-05,Fresno,19,978130,35345,32056,604,32660,460
2020-11-05,Glenn,21,27897,737,702,7,709,3
2020-11-05,Humboldt,23,135768,626,581,1,582,9
2020-11-05,Imperial,25,180216,13675,13178,19,13197,337
2020-11-05,Inyo,27,18085,258,247,1,248,14
2020-11-05,Kern,29,883053,35412,34232,618,34850,443
2020-11-05,Kings,31,150075,9214,8846,76,8922,83
2020-11-05,Lake,33,64148,781,739,0,739,16
2020-11-05,Lassen,35,31185,819,782,2,784,0
2020-11-05,Los Angeles,37,10098052,323338,312381,3680,316061,7146
2020-11-05,Madera,39,155013,5343,5129,56,5185,54
2020-11-05,Marin,41,260295,7309,7171,21,7192,131
2020-11-05,Mariposa,43,17540,89,79,0,79,2
2020-11-05,Mendocino,45,87422,1187,1112,3,1115,22
2020-11-05,Merced,47,269075,10094,9753,48,9801,155
2020-11-05,Modoc,49,8938,69,47,11,58,0
2020-11-05,Mono,51,14174,450,307,7,314,1
2020-11-05,Monterey,53,433212,12421,11784,103,11887,96
2020-11-05,Napa,55,140530,2392,2158,6,2164,15
2020-11-05,Nevada,57,99092,779,687,18,705,9
2020-11-05,Orange,59,3164182,64310,60740,1974,62714,1484
2020-11-05,Placer,61,380077,5049,4627,26,4653,60
2020-11-05,Plumas,63,18699,114,90,0,90,0
2020-11-05,Riverside,65,2383286,72868,70094,715,70809,1338
2020-11-05,Sacramento,67,1510023,28585,27232,36,27268,512
2020-11-05,San Benito,69,59416,1533,1477,1,1478,15
2020-11-05,San Bernardino,71,2135413,70783,66407,231,66638,1174
2020-11-05,San Diego,73,3302833,62536,58659,0,58659,904
2020-11-05,San Francisco,75,870044,13258,12726,62,12788,146
2020-11-05,San Joaquin,77,732212,23115,22318,309,22627,502
2020-11-05,San Luis Obispo,79,281455,4908,4459,46,4505,32
2020-11-05,San Mateo,81,765935,12190,11535,7,11542,168
2020-11-05,Santa Barbara,83,443738,10730,10080,122,10202,133
2020-11-05,Santa Clara,85,1922200,27495,25651,36,25687,402
2020-11-05,Santa Cruz,87,273765,3268,3023,39,3062,25
2020-11-05,Shasta,89,179085,3144,2401,39,2440,34
2020-11-05,Sierra,91,2930,9,6,0,6,0
2020-11-05,Siskiyou,93,43540,275,228,12,240,0
2020-11-05,Solano,95,438530,8336,7842,41,7883,85
2020-11-05,Sonoma,97,501317,10551,10064,34,10098,145
2020-11-05,Stanislaus,99,539301,18624,18194,940,19134,417
2020-11-05,Sutter,101,95872,2068,1925,2,1927,12
2020-11-05,Tehama,103,63373,1113,1015,2,1017,6
2020-11-05,Trinity,105,12862,82,41,8,49,0
2020-11-05,Tulare,107,460477,18676,18049,608,18657,301
2020-11-05,Tuolumne,109,53932,408,312,2,314,5
2020-11-05,Ventura,111,848112,15909,15113,451,15564,155
2020-11-05,Yolo,113,214977,3632,3391,9,3400,61
2020-11-05,Yuba,115,75493,1407,1322,6,1328,10
2020-11-04,Alameda,1,1643700,25080,24172,254,24426,418
2020-11-04,Alpine,3,1148,21,5,0,5,0
2020-11-04,Amador,5,37829,392,362,0,362,16
2020-11-04,Butte,7,227075,3367,3218,52,3270,57
2020-11-04,Calaveras,9,45235,355,290,0,290,19
2020-11-04,Colusa,11,21464,589,571,0,571,6
2020-11-04,Contra Costa,13,1133247,20317,19472,101,19573,251
2020-11-04,Del Norte,15,27424,197,188,0,188,2
2020-11-04,El Dorado,17,186661,1576,1448,4,1452,4
2020-11-04,Fresno,19,978130,35115,31952,575,32527,457
2020-11-04,Glenn,21,27897,733,701,6,707,3
2020-11-04,Humboldt,23,135768,617,571,1,572,9
2020-11-04,Imperial,25,180216,13577,13087,19,13106,335
2020-11-04,Inyo,27,18085,257,247,1,248,14
2020-11-04,Kern,29,883053,35258,34027,606,34633,439
2020-11-04,Kings,31,150075,9180,8817,74,8891,83
2020-11-04,Lake,33,64148,774,735,0,735,16
2020-11-04,Lassen,35,31185,814,781,2,783,0
2020-11-04,Los Angeles,37,10098052,321037,310456,3591,314047,7124
2020-11-04,Madera,39,155013,5323,5083,52,5135,54
2020-11-04,Marin,41,260295,7297,7157,21,7178,131
2020-11-04,Mariposa,43,17540,89,79,0,79,2
2020-11-04,Mendocino,45,87422,1169,1089,3,1092,22
2020-11-04,Merced,47,269075,10044,9717,46,9763,153
2020-11-04,Modoc,49,8938,59,47,11,58,0
2020-11-04,Mono,51,14174,447,237,6,243,1
2020-11-04,Monterey,53,433212,12217,11743,96,11839,96
2020-11-04,Napa,55,140530,2338,2133,6,2139,15
2020-11-04,Nevada,57,99092,760,675,18,693,9
2020-11-04,Orange,59,3164182,63877,60463,1950,62413,1483
2020-11-04,Placer,61,380077,4971,4526,23,4549,60
2020-11-04,Plumas,63,18699,112,88,0,88,0
2020-11-04,Riverside,65,2383286,72253,69562,654,70216,1335
2020-11-04,Sacramento,67,1510023,28238,27005,35,27040,510
2020-11-04,San Benito,69,59416,1518,1464,1,1465,15
2020-11-04,San Bernardino,71,2135413,69988,65891,206,66097,1169
2020-11-04,San Diego,73,3302833,61891,58126,0,58126,904
2020-11-04,San Francisco,75,870044,13174,12649,59,12708,146
2020-11-04,San Joaquin,77,732212,22978,22197,296,22493,500
2020-11-04,San Luis Obispo,79,281455,4841,4389,44,4433,32
2020-11-04,San Mateo,81,765935,12095,11456,7,11463,168
2020-11-04,Santa Barbara,83,443738,10692,10026,121,10147,132
2020-11-04,Santa Clara,85,1922200,27232,25487,36,25523,393
2020-11-04,Santa Cruz,87,273765,3231,2997,39,3036,25
2020-11-04,Shasta,89,179085,3013,2321,34,2355,34
2020-11-04,Sierra,91,2930,9,6,0,6,0
2020-11-04,Siskiyou,93,43540,266,222,12,234,0
2020-11-04,Solano,95,438530,8237,7733,41,7774,85
2020-11-04,Sonoma,97,501317,10457,9965,34,9999,142
2020-11-04,Stanislaus,99,539301,18508,18114,924,19038,416
2020-11-04,Sutter,101,95872,2034,1916,2,1918,12
2020-11-04,Tehama,103,63373,1089,997,2,999,6
2020-11-04,Trinity,105,12862,80,37,8,45,0
2020-11-04,Tulare,107,460477,18568,17952,580,18532,298
2020-11-04,Tuolumne,109,53932,386,310,2,312,5
2020-11-04,Ventura,111,848112,15769,14936,447,15383,155
2020-11-04,Yolo,113,214977,3591,3361,9,3370,62
2020-11-04,Yuba,115,75493,1386,1312,6,1318,10
2020-11-03,Alameda,1,1643700,24896,24055,252,24307,418
2020-11-03,Alpine,3,1148,20,4,0,4,0
2020-11-03,Amador,5,37829,387,361,0,361,16
2020-11-03,Butte,7,227075,3344,3211,46,3257,57
2020-11-03,Calaveras,9,45235,351,287,0,287,19
2020-11-03,Colusa,11,21464,584,572,0,572,6
2020-11-03,Contra Costa,13,1133247,20162,19416,101,19517,250
2020-11-03,Del Norte,15,27424,196,187,0,187,2
2020-11-03,El Dorado,17,186661,1554,1445,3,1448,4
2020-11-03,Fresno,19,978130,34849,31856,550,32406,457
2020-11-03,Glenn,21,27897,727,698,6,704,3
2020-11-03,Humboldt,23,135768,611,570,1,571,8
2020-11-03,Imperial,25,180216,13488,13044,18,13062,335
2020-11-03,Inyo,27,18085,256,244,1,245,14
2020-11-03,Kern,29,883053,35068,33957,594,34551,439
2020-11-03,Kings,31,150075,9017,8783,69,8852,83
2020-11-03,Lake,33,64148,764,732,0,732,16
2020-11-03,Lassen,35,31185,805,782,2,784,0
2020-11-03,Los Angeles,37,10098052,318587,308812,3516,312328,7104
2020-11-03,Madera,39,155013,5286,5058,51,5109,54
2020-11-03,Marin,41,260295,7277,7147,20,7167,131
2020-11-03,Mariposa,43,17540,88,79,0,79,2
2020-11-03,Mendocino,45,87422,1154,1084,3,1087,22
2020-11-03,Merced,47,269075,9991,9713,45,9758,153
2020-11-03,Modoc,49,8938,57,47,9,56,0
2020-11-03,Mono,51,14174,443,210,6,216,1
2020-11-03,Monterey,53,433212,12149,11703,89,11792,94
2020-11-03,Napa,55,140530,2302,2130,6,2136,15
2020-11-03,Nevada,57,99092,740,670,17,687,9
2020-11-03,Orange,59,3164182,63449,60283,1939,62222,1477
2020-11-03,Placer,61,380077,4897,4514,23,4537,60
2020-11-03,Plumas,63,18699,109,86,0,86,0
2020-11-03,Riverside,65,2383286,71637,69300,626,69926,1325
2020-11-03,Sacramento,67,1510023,27856,26841,34,26875,510
2020-11-03,San Benito,69,59416,1508,1463,1,1464,15
2020-11-03,San Bernardino,71,2135413,69181,65320,202,65522,1159
2020-11-03,San Diego,73,3302833,61215,57722,0,57722,901
2020-11-03,San Francisco,75,870044,13051,12585,58,12643,146
2020-11-03,San Joaquin,77,732212,22844,22109,290,22399,500
2020-11-03,San Luis Obispo,79,281455,4758,4371,42,4413,32
2020-11-03,San Mateo,81,765935,12001,11406,7,11413,162
2020-11-03,Santa Barbara,83,443738,10638,10008,115,10123,132
2020-11-03,Santa Clara,85,1922200,26957,25386,35,25421,393
2020-11-03,Santa Cruz,87,273765,3181,2980,38,3018,25
2020-11-03,Shasta,89,179085,2918,2288,28,2316,33
2020-11-03,Sierra,91,2930,7,6,0,6,0
2020-11-03,Siskiyou,93,43540,262,219,11,230,0
2020-11-03,Solano,95,438530,8154,7691,41,7732,85
2020-11-03,Sonoma,97,501317,10355,9906,34,9940,142
2020-11-03,Stanislaus,99,539301,18390,18080,911,18991,416
2020-11-03,Sutter,101,95872,2001,1914,2,1916,12
2020-11-03,Tehama,103,63373,1068,988,2,990,6
2020-11-03,Trinity,105,12862,74,36,7,43,0
2020-11-03,Tulare,107,460477,18465,17890,552,18442,297
2020-11-03,Tuolumne,109,53932,363,302,2,304,5
2020-11-03,Ventura,111,848112,15642,14816,440,15256,155
2020-11-03,Yolo,113,214977,3540,3343,9,3352,61
2020-11-03,Yuba,115,75493,1373,1295,6,1301,10
2020-11-02,Alameda,1,1643700,24700,23991,249,24240,419
2020-11-02,Alpine,3,1148,17,4,0,4,0
2020-11-02,Amador,5,37829,379,357,0,357,16
2020-11-02,Butte,7,227075,3324,3198,43,3241,57
2020-11-02,Calaveras,9,45235,351,282,0,282,18
2020-11-02,Colusa,11,21464,579,571,0,571,6
2020-11-02,Contra Costa,13,1133247,20008,19339,100,19439,250
2020-11-02,Del Norte,15,27424,193,175,0,175,2
2020-11-02,El Dorado,17,186661,1530,1405,3,1408,4
2020-11-02,Fresno,19,978130,34582,31738,533,32271,451
2020-11-02,Glenn,21,27897,721,692,5,697,3
2020-11-02,Humboldt,23,135768,602,569,1,570,8
2020-11-02,Imperial,25,180216,13408,13004,17,13021,334
2020-11-02,Inyo,27,18085,253,243,1,244,14
2020-11-02,Kern,29,883053,34911,33834,584,34418,437
2020-11-02,Kings,31,150075,8987,8654,66,8720,82
2020-11-02,Lake,33,64148,758,728,0,728,17
2020-11-02,Lassen,35,31185,797,782,2,784,0
2020-11-02,Los Angeles,37,10098052,316243,307620,3435,311055,7079
2020-11-02,Madera,39,155013,5256,5033,50,5083,54
2020-11-02,Marin,41,260295,7259,7132,19,7151,125
2020-11-02,Mariposa,43,17540,88,79,0,79,2
2020-11-02,Mendocino,45,87422,1140,1076,3,1079,21
2020-11-02,Merced,47,269075,9929,9664,39,9703,152
2020-11-02,Modoc,49,8938,54,45,5,50,0
2020-11-02,Mono,51,14174,441,211,6,217,1
2020-11-02,Monterey,53,433212,12042,11602,86,11688,93
2020-11-02,Napa,55,140530,2260,2081,6,2087,15
2020-11-02,Nevada,57,99092,724,656,17,673,9
2020-11-02,Orange,59,3164182,63046,59996,1921,61917,1474
2020-11-02,Placer,61,380077,4828,4461,21,4482,60
2020-11-02,Plumas,63,18699,101,86,0,86,0
2020-11-02,Riverside,65,2383286,71006,68833,585,69418,1321
2020-11-02,Sacramento,67,1510023,27516,26676,32,26708,508
2020-11-02,San Benito,69,59416,1496,1459,1,1460,15
2020-11-02,San Bernardino,71,2135413,68325,64629,195,64824,1157
2020-11-02,San Diego,73,3302833,60492,57429,0,57429,891
2020-11-02,San Francisco,75,870044,12954,12436,57,12493,145
2020-11-02,San Joaquin,77,732212,22705,21919,281,22200,500
2020-11-02,San Luis Obispo,79,281455,4657,4303,39,4342,31
2020-11-02,San Mateo,81,765935,11892,11328,7,11335,161
2020-11-02,Santa Barbara,83,443738,10597,9985,110,10095,130
2020-11-02,Santa Clara,85,1922200,26668,25222,35,25257,387
2020-11-02,Santa Cruz,87,273765,3139,2943,38,2981,25
2020-11-02,Shasta,89,179085,2813,2174,24,2198,33
2020-11-02,Sierra,91,2930,7,6,0,6,0
2020-11-02,Siskiyou,93,43540,252,216,11,227,0
2020-11-02,Solano,95,438530,8036,7665,41,7706,84
2020-11-02,Sonoma,97,501317,10271,9796,33,9829,140
2020-11-02,Stanislaus,99,539301,18294,18005,902,18907,412
2020-11-02,Sutter,101,95872,1977,1895,2,1897,12
2020-11-02,Tehama,103,63373,1045,971,2,973,6
2020-11-02,Trinity,105,12862,70,30,7,37,0
2020-11-02,Tulare,107,460477,18374,17774,530,18304,299
2020-11-02,Tuolumne,109,53932,343,302,2,304,5
2020-11-02,Ventura,111,848112,15507,14767,420,15187,156
2020-11-02,Yolo,113,214977,3491,3318,9,3327,61
2020-11-02,Yuba,115,75493,1360,1280,6,1286,10
2020-11-01,Alameda,1,1643700,24538,23892,247,24139,419
2020-11-01,Alpine,3,1148,11,4,0,4,0
2020-11-01,Amador,5,37829,376,352,0,352,16
2020-11-01,Butte,7,227075,3301,3185,41,3226,57
2020-11-01,Calaveras,9,45235,350,282,0,282,18
2020-11-01,Colusa,11,21464,577,567,0,567,6
2020-11-01,Contra Costa,13,1133247,19834,19246,99,19345,250
2020-11-01,Del Norte,15,27424,189,175,0,175,2
2020-11-01,El Dorado,17,186661,1514,1394,3,1397,4
2020-11-01,Fresno,19,978130,34328,31613,515,32128,451
2020-11-01,Glenn,21,27897,712,688,3,691,3
2020-11-01,Humboldt,23,135768,594,568,1,569,8
2020-11-01,Imperial,25,180216,13317,12969,15,12984,334
2020-11-01,Inyo,27,18085,251,241,1,242,14
2020-11-01,Kern,29,883053,34731,33760,473,34233,437
2020-11-01,Kings,31,150075,8949,8641,65,8706,82
2020-11-01,Lake,33,64148,752,727,0,727,17
2020-11-01,Lassen,35,31185,797,782,2,784,0
2020-11-01,Los Angeles,37,10098052,313683,306217,3337,309554,7077
2020-11-01,Madera,39,155013,5209,5019,48,5067,54
2020-11-01,Marin,41,260295,7242,7124,19,7143,125
2020-11-01,Mariposa,43,17540,84,79,0,79,2
2020-11-01,Mendocino,45,87422,1127,1074,3,1077,21
2020-11-01,Merced,47,269075,9868,9626,39,9665,152
2020-11-01,Modoc,49,8938,53,45,5,50,0
2020-11-01,Mono,51,14174,411,211,5,216,1
2020-11-01,Monterey,53,433212,11934,11587,83,11670,93
2020-11-01,Napa,55,140530,2226,2067,6,2073,15
2020-11-01,Nevada,57,99092,708,646,16,662,9
2020-11-01,Orange,59,3164182,62644,59733,1893,61626,1475
2020-11-01,Placer,61,380077,4763,4422,20,4442,58
2020-11-01,Plumas,63,18699,96,86,0,86,0
2020-11-01,Riverside,65,2383286,70377,68493,549,69042,1319
2020-11-01,Sacramento,67,1510023,27198,26442,32,26474,508
2020-11-01,San Benito,69,59416,1481,1451,1,1452,15
2020-11-01,San Bernardino,71,2135413,67485,64339,175,64514,1157
2020-11-01,San Diego,73,3302833,59804,57122,0,57122,891
2020-11-01,San Francisco,75,870044,12832,12436,52,12488,145
2020-11-01,San Joaquin,77,732212,22577,21919,274,22193,500
2020-11-01,San Luis Obispo,79,281455,4577,4303,38,4341,31
2020-11-01,San Mateo,81,765935,11812,11280,7,11287,160
2020-11-01,Santa Barbara,83,443738,10546,9969,94,10063,130
2020-11-01,Santa Clara,85,1922200,26391,25090,35,25125,386
2020-11-01,Santa Cruz,87,273765,3086,2921,38,2959,25
2020-11-01,Shasta,89,179085,2677,2172,23,2195,33
2020-11-01,Sierra,91,2930,7,6,0,6,0
2020-11-01,Siskiyou,93,43540,247,205,11,216,0
2020-11-01,Solano,95,438530,7946,7591,41,7632,84
2020-11-01,Sonoma,97,501317,10179,9688,33,9721,140
2020-11-01,Stanislaus,99,539301,18193,17961,882,18843,412
2020-11-01,Sutter,101,95872,1951,1888,1,1889,12
2020-11-01,Tehama,103,63373,1028,965,2,967,5
2020-11-01,Trinity,105,12862,68,30,6,36,0
2020-11-01,Tulare,107,460477,18262,17774,499,18273,299
2020-11-01,Tuolumne,109,53932,321,295,2,297,5
2020-11-01,Ventura,111,848112,15361,14686,385,15071,156
2020-11-01,Yolo,113,214977,3442,3303,9,3312,60
2020-11-01,Yuba,115,75493,1343,1273,6,1279,10
2020-10-31,Alameda,1,1643700,24423,23780,243,24023,416
2020-10-31,Alpine,3,1148,11,4,0,4,0
2020-10-31,Amador,5,37829,372,347,0,347,16
2020-10-31,Butte,7,227075,3288,3172,39,3211,57
2020-10-31,Calaveras,9,45235,350,280,0,280,18
2020-10-31,Colusa,11,21464,575,555,0,555,6
2020-10-31,Contra Costa,13,1133247,19728,19161,99,19260,249
2020-10-31,Del Norte,15,27424,188,175,0,175,2
2020-10-31,El Dorado,17,186661,1505,1390,3,1393,4
2020-10-31,Fresno,19,978130,34192,31558,511,32069,451
2020-10-31,Glenn,21,27897,710,678,3,681,3
2020-10-31,Humboldt,23,135768,591,561,1,562,8
2020-10-31,Imperial,25,180216,13275,12912,15,12927,334
2020-10-31,Inyo,27,18085,250,241,1,242,14
2020-10-31,Kern,29,883053,34628,33666,463,34129,437
2020-10-31,Kings,31,150075,8928,8612,63,8675,82
2020-10-31,Lake,33,64148,748,724,0,724,16
2020-10-31,Lassen,35,31185,792,782,2,784,0
2020-10-31,Los Angeles,37,10098052,312314,304704,3292,307996,7073
2020-10-31,Madera,39,155013,5192,5013,45,5058,54
2020-10-31,Marin,41,260295,7226,7112,19,7131,125
2020-10-31,Mariposa,43,17540,84,79,0,79,2
2020-10-31,Mendocino,45,87422,1119,1066,3,1069,21
2020-10-31,Merced,47,269075,9835,9597,38,9635,151
2020-10-31,Modoc,49,8938,52,34,4,38,0
2020-10-31,Mono,51,14174,262,194,4,198,1
2020-10-31,Monterey,53,433212,11866,11539,79,11618,93
2020-10-31,Napa,55,140530,2207,2040,6,2046,15
2020-10-31,Nevada,57,99092,690,644,16,660,9
2020-10-31,Orange,59,3164182,62385,59488,1875,61363,1473
2020-10-31,Placer,61,380077,4714,4374,19,4393,58
2020-10-31,Plumas,63,18699,95,85,0,85,0
2020-10-31,Riverside,65,2383286,70021,68178,526,68704,1319
2020-10-31,Sacramento,67,1510023,26998,26316,30,26346,507
2020-10-31,San Benito,69,59416,1474,1448,1,1449,15
2020-10-31,San Bernardino,71,2135413,67060,64016,165,64181,1157
2020-10-31,San Diego,73,3302833,59351,56769,0,56769,891
2020-10-31,San Francisco,75,870044,12758,12438,51,12489,145
2020-10-31,San Joaquin,77,732212,22502,21918,266,22184,500
2020-10-31,San Luis Obispo,79,281455,4508,4285,35,4320,31
2020-10-31,San Mateo,81,765935,11760,11253,7,11260,160
2020-10-31,Santa Barbara,83,443738,10518,9957,86,10043,130
2020-10-31,Santa Clara,85,1922200,26223,24957,35,24992,379
2020-10-31,Santa Cruz,87,273765,3051,2895,37,2932,25
2020-10-31,Shasta,89,179085,2627,2122,22,2144,33
2020-10-31,Sierra,91,2930,7,6,0,6,0
2020-10-31,Siskiyou,93,43540,245,200,11,211,0
2020-10-31,Solano,95,438530,7882,7545,41,7586,84
2020-10-31,Sonoma,97,501317,10126,9648,33,9681,140
2020-10-31,Stanislaus,99,539301,18131,17920,865,18785,412
2020-10-31,Sutter,101,95872,1942,1876,1,1877,12
2020-10-31,Tehama,103,63373,1018,953,2,955,5
2020-10-31,Trinity,105,12862,65,30,6,36,0
2020-10-31,Tulare,107,460477,18213,17758,491,18249,299
2020-10-31,Tuolumne,109,53932,315,290,2,292,5
2020-10-31,Ventura,111,848112,15278,14635,366,15001,155
2020-10-31,Yolo,113,214977,3407,3290,9,3299,60
2020-10-31,Yuba,115,75493,1327,1260,5,1265,10
2020-10-30,Alameda,1,1643700,24344,23676,240,23916,401
2020-10-30,Alpine,3,1148,11,4,0,4,0
2020-10-30,Amador,5,37829,372,344,0,344,16
2020-10-30,Butte,7,227075,3283,3160,39,3199,57
2020-10-30,Calaveras,9,45235,349,279,0,279,18
2020-10-30,Colusa,11,21464,573,554,0,554,6
2020-10-30,Contra Costa,13,1133247,19656,19074,99,19173,249
2020-10-30,Del Norte,15,27424,187,175,0,175,2
2020-10-30,El Dorado,17,186661,1492,1386,3,1389,4
2020-10-30,Fresno,19,978130,34072,31409,503,31912,446
2020-10-30,Glenn,21,27897,704,674,2,676,3
2020-10-30,Humboldt,23,135768,590,561,1,562,7
2020-10-30,Imperial,25,180216,13234,12853,15,12868,334
2020-10-30,Inyo,27,18085,249,241,1,242,14
2020-10-30,Kern,29,883053,34535,33583,462,34045,437
2020-10-30,Kings,31,150075,8918,8564,61,8625,82
2020-10-30,Lake,33,64148,748,720,0,720,16
2020-10-30,Lassen,35,31185,786,777,2,779,0
2020-10-30,Los Angeles,37,10098052,310881,303425,3253,306678,7060
2020-10-30,Madera,39,155013,5180,4991,43,5034,54
2020-10-30,Marin,41,260295,7206,7097,19,7116,125
2020-10-30,Mariposa,43,17540,84,78,0,78,2
2020-10-30,Mendocino,45,87422,1117,1062,3,1065,21
2020-10-30,Merced,47,269075,9803,9539,38,9577,150
2020-10-30,Modoc,49,8938,51,34,3,37,0
2020-10-30,Mono,51,14174,261,193,4,197,1
2020-10-30,Monterey,53,433212,11804,11491,73,11564,92
2020-10-30,Napa,55,140530,2189,2028,6,2034,15
2020-10-30,Nevada,57,99092,684,634,16,650,9
2020-10-30,Orange,59,3164182,62144,59334,1862,61196,1469
2020-10-30,Placer,61,380077,4667,4335,19,4354,58
2020-10-30,Plumas,63,18699,92,80,0,80,0
2020-10-30,Riverside,65,2383286,69680,67752,506,68258,1317
2020-10-30,Sacramento,67,1510023,26851,26147,30,26177,505
2020-10-30,San Benito,69,59416,1468,1440,1,1441,15
2020-10-30,San Bernardino,71,2135413,66644,63512,164,63676,1156
2020-10-30,San Diego,73,3302833,58946,56387,0,56387,888
2020-10-30,San Francisco,75,870044,12703,12384,51,12435,145
2020-10-30,San Joaquin,77,732212,22436,21849,259,22108,500
2020-10-30,San Luis Obispo,79,281455,4465,4256,35,4291,31
2020-10-30,San Mateo,81,765935,11701,11207,7,11214,159
2020-10-30,Santa Barbara,83,443738,10495,9937,86,10023,128
2020-10-30,Santa Clara,85,1922200,26074,24811,35,24846,378
2020-10-30,Santa Cruz,87,273765,3033,2874,37,2911,25
2020-10-30,Shasta,89,179085,2583,2048,21,2069,32
2020-10-30,Sierra,91,2930,7,6,0,6,0
2020-10-30,Siskiyou,93,43540,245,192,11,203,0
2020-10-30,Solano,95,438530,7821,7497,41,7538,84
2020-10-30,Sonoma,97,501317,10052,9602,32,9634,140
2020-10-30,Stanislaus,99,539301,18084,17861,848,18709,410
2020-10-30,Sutter,101,95872,1929,1860,1,1861,12
2020-10-30,Tehama,103,63373,1014,932,2,934,5
2020-10-30,Trinity,105,12862,65,29,6,35,0
2020-10-30,Tulare,107,460477,18170,17682,473,18155,299
2020-10-30,Tuolumne,109,53932,308,286,2,288,4
2020-10-30,Ventura,111,848112,15207,14578,351,14929,154
2020-10-30,Yolo,113,214977,3390,3263,9,3272,60
2020-10-30,Yuba,115,75493,1319,1256,5,1261,10
2020-10-29,Alameda,1,1643700,24181,23530,239,23769,401
2020-10-29,Alpine,3,1148,8,4,0,4,0
2020-10-29,Amador,5,37829,368,338,0,338,16
2020-10-29,Butte,7,227075,3265,3143,38,3181,57
2020-10-29,Calaveras,9,45235,347,278,0,278,13
2020-10-29,Colusa,11,21464,569,552,0,552,6
2020-10-29,Contra Costa,13,1133247,19557,18933,98,19031,249
2020-10-29,Del Norte,15,27424,185,174,0,174,2
2020-10-29,El Dorado,17,186661,1470,1370,3,1373,4
2020-10-29,Fresno,19,978130,33917,31321,495,31816,445
2020-10-29,Glenn,21,27897,702,673,2,675,3
2020-10-29,Humboldt,23,135768,585,559,1,560,7
2020-10-29,Imperial,25,180216,13190,12769,15,12784,334
2020-10-29,Inyo,27,18085,247,238,1,239,14
2020-10-29,Kern,29,883053,34433,33460,457,33917,437
2020-10-29,Kings,31,150075,8764,8502,60,8562,82
2020-10-29,Lake,33,64148,745,702,0,702,16
2020-10-29,Lassen,35,31185,785,772,2,774,0
2020-10-29,Los Angeles,37,10098052,309261,302246,3200,305446,7046
2020-10-29,Madera,39,155013,5151,4970,41,5011,53
2020-10-29,Marin,41,260295,7192,7083,19,7102,125
2020-10-29,Mariposa,43,17540,82,78,0,78,2
2020-10-29,Mendocino,45,87422,1111,1058,3,1061,21
2020-10-29,Merced,47,269075,9750,9496,38,9534,150
2020-10-29,Modoc,49,8938,49,31,3,34,0
2020-10-29,Mono,51,14174,254,176,4,180,1
2020-10-29,Monterey,53,433212,11723,11425,71,11496,92
2020-10-29,Napa,55,140530,2165,2009,6,2015,15
2020-10-29,Nevada,57,99092,677,632,16,648,9
2020-10-29,Orange,59,3164182,61876,59046,1842,60888,1464
2020-10-29,Placer,61,380077,4622,4270,17,4287,58
2020-10-29,Plumas,63,18699,90,69,0,69,0
2020-10-29,Riverside,65,2383286,69303,67268,477,67745,1304
2020-10-29,Sacramento,67,1510023,26639,25978,29,26007,507
2020-10-29,San Benito,69,59416,1463,1431,1,1432,15
2020-10-29,San Bernardino,71,2135413,66076,62968,154,63122,1150
2020-10-29,San Diego,73,3302833,58482,55916,0,55916,885
2020-10-29,San Francisco,75,870044,12624,12312,51,12363,145
2020-10-29,San Joaquin,77,732212,22353,21736,246,21982,498
2020-10-29,San Luis Obispo,79,281455,4435,4223,33,4256,31
2020-10-29,San Mateo,81,765935,11655,11145,7,11152,157
2020-10-29,Santa Barbara,83,443738,10462,9902,84,9986,128
2020-10-29,Santa Clara,85,1922200,25922,24614,35,24649,377
2020-10-29,Santa Cruz,87,273765,3008,2850,37,2887,24
2020-10-29,Shasta,89,179085,2520,2008,21,2029,32
2020-10-29,Sierra,91,2930,6,6,0,6,0
2020-10-29,Siskiyou,93,43540,229,185,11,196,0
2020-10-29,Solano,95,438530,7758,7453,41,7494,78
2020-10-29,Sonoma,97,501317,9988,9533,32,9565,140
2020-10-29,Stanislaus,99,539301,18031,17790,826,18616,410
2020-10-29,Sutter,101,95872,1921,1852,1,1853,12
2020-10-29,Tehama,103,63373,996,925,2,927,5
2020-10-29,Trinity,105,12862,60,28,6,34,0
2020-10-29,Tulare,107,460477,18093,17627,453,18080,299
2020-10-29,Tuolumne,109,53932,303,279,2,281,4
2020-10-29,Ventura,111,848112,15117,14486,346,14832,154
2020-10-29,Yolo,113,214977,3361,3246,9,3255,60
2020-10-29,Yuba,115,75493,1308,1248,5,1253,10
2020-10-28,Alameda,1,1643700,24081,23468,238,23706,400
2020-10-28,Alpine,3,1148,7,4,0,4,0
2020-10-28,Amador,5,37829,365,337,0,337,16
2020-10-28,Butte,7,227075,3249,3134,35,3169,56
2020-10-28,Calaveras,9,45235,346,278,0,278,13
2020-10-28,Colusa,11,21464,566,551,0,551,6
2020-10-28,Contra Costa,13,1133247,19470,18828,97,18925,246
2020-10-28,Del Norte,15,27424,182,173,0,173,2
2020-10-28,El Dorado,17,186661,1458,1363,3,1366,4
2020-10-28,Fresno,19,978130,33798,31195,489,31684,444
2020-10-28,Glenn,21,27897,698,673,2,675,3
2020-10-28,Humboldt,23,135768,581,559,1,560,7
2020-10-28,Imperial,25,180216,13141,12730,15,12745,333
2020-10-28,Inyo,27,18085,247,238,1,239,14
2020-10-28,Kern,29,883053,34331,33424,438,33862,436
2020-10-28,Kings,31,150075,8742,8486,59,8545,82
2020-10-28,Lake,33,64148,742,700,0,700,15
2020-10-28,Lassen,35,31185,781,771,2,773,0
2020-10-28,Los Angeles,37,10098052,307803,300726,3158,303884,7031
2020-10-28,Madera,39,155013,5135,4954,40,4994,53
2020-10-28,Marin,41,260295,7181,7079,19,7098,126
2020-10-28,Mariposa,43,17540,82,78,0,78,2
2020-10-28,Mendocino,45,87422,1110,1037,3,1040,20
2020-10-28,Merced,47,269075,9724,9480,37,9517,150
2020-10-28,Modoc,49,8938,48,31,2,33,0
2020-10-28,Mono,51,14174,236,176,4,180,1
2020-10-28,Monterey,53,433212,11665,11330,69,11399,89
2020-10-28,Napa,55,140530,2139,1998,5,2003,15
2020-10-28,Nevada,57,99092,669,629,16,645,9
2020-10-28,Orange,59,3164182,61613,58801,1826,60627,1459
2020-10-28,Placer,61,380077,4566,4236,17,4253,57
2020-10-28,Plumas,63,18699,89,67,0,67,0
2020-10-28,Riverside,65,2383286,68905,67003,453,67456,1302
2020-10-28,Sacramento,67,1510023,26442,25838,28,25866,506
2020-10-28,San Benito,69,59416,1455,1429,1,1430,15
2020-10-28,San Bernardino,71,2135413,65617,62778,149,62927,1154
2020-10-28,San Diego,73,3302833,58099,55556,0,55556,881
2020-10-28,San Francisco,75,870044,12566,12261,50,12311,145
2020-10-28,San Joaquin,77,732212,22270,21707,234,21941,498
2020-10-28,San Luis Obispo,79,281455,4394,4197,30,4227,31
2020-10-28,San Mateo,81,765935,11591,11101,7,11108,157
2020-10-28,Santa Barbara,83,443738,10438,9872,82,9954,127
2020-10-28,Santa Clara,85,1922200,25778,24503,35,24538,375
2020-10-28,Santa Cruz,87,273765,2977,2836,37,2873,24
2020-10-28,Shasta,89,179085,2440,1996,20,2016,31
2020-10-28,Sierra,91,2930,6,6,0,6,0
2020-10-28,Siskiyou,93,43540,226,182,10,192,0
2020-10-28,Solano,95,438530,7699,7362,41,7403,77
2020-10-28,Sonoma,97,501317,9897,9457,27,9484,140
2020-10-28,Stanislaus,99,539301,17966,17765,817,18582,409
2020-10-28,Sutter,101,95872,1912,1840,1,1841,12
2020-10-28,Tehama,103,63373,985,921,2,923,5
2020-10-28,Trinity,105,12862,55,28,6,34,0
2020-10-28,Tulare,107,460477,18037,17569,435,18004,297
2020-10-28,Tuolumne,109,53932,300,277,2,279,4
2020-10-28,Ventura,111,848112,15044,14409,337,14746,153
2020-10-28,Yolo,113,214977,3337,3230,9,3239,60
2020-10-28,Yuba,115,75493,1296,1245,5,1250,10
2020-10-27,Alameda,1,1643700,23970,23365,235,23600,400
2020-10-27,Alpine,3,1148,7,3,0,3,0
2020-10-27,Amador,5,37829,362,335,0,335,16
2020-10-27,Butte,7,227075,3233,3107,32,3139,56
2020-10-27,Calaveras,9,45235,344,277,0,277,13
2020-10-27,Colusa,11,21464,561,549,0,549,6
2020-10-27,Contra Costa,13,1133247,19365,18766,97,18863,246
2020-10-27,Del Norte,15,27424,179,173,0,173,2
2020-10-27,El Dorado,17,186661,1445,1351,3,1354,4
2020-10-27,Fresno,19,978130,33682,31096,484,31580,442
2020-10-27,Glenn,21,27897,696,667,1,668,3
2020-10-27,Humboldt,23,135768,578,559,1,560,7
2020-10-27,Imperial,25,180216,13092,12680,15,12695,333
2020-10-27,Inyo,27,18085,247,231,1,232,14
2020-10-27,Kern,29,883053,34214,33328,434,33762,436
2020-10-27,Kings,31,150075,8711,8411,59,8470,83
2020-10-27,Lake,33,64148,739,700,0,700,15
2020-10-27,Lassen,35,31185,779,764,2,766,0
2020-10-27,Los Angeles,37,10098052,306423,299438,3127,302565,7008
2020-10-27,Madera,39,155013,5105,4942,39,4981,53
2020-10-27,Marin,41,260295,7165,7070,19,7089,126
2020-10-27,Mariposa,43,17540,81,78,0,78,2
2020-10-27,Mendocino,45,87422,1103,1033,2,1035,20
2020-10-27,Merced,47,269075,9684,9449,37,9486,150
2020-10-27,Modoc,49,8938,46,31,2,33,0
2020-10-27,Mono,51,14174,222,169,4,173,1
2020-10-27,Monterey,53,433212,11609,11261,67,11328,88
2020-10-27,Napa,55,140530,2123,1979,5,1984,15
2020-10-27,Nevada,57,99092,663,622,16,638,8
2020-10-27,Orange,59,3164182,61343,58550,1809,60359,1448
2020-10-27,Placer,61,380077,4518,4197,15,4212,57
2020-10-27,Plumas,63,18699,86,63,0,63,0
2020-10-27,Riverside,65,2383286,68552,66699,408,67107,1299
2020-10-27,Sacramento,67,1510023,26256,25701,27,25728,501
2020-10-27,San Benito,69,59416,1450,1428,1,1429,15
2020-10-27,San Bernardino,71,2135413,65157,62357,138,62495,1154
2020-10-27,San Diego,73,3302833,57626,55226,0,55226,877
2020-10-27,San Francisco,75,870044,12492,12218,49,12267,140
2020-10-27,San Joaquin,77,732212,22179,21637,225,21862,496
2020-10-27,San Luis Obispo,79,281455,4367,4148,26,4174,31
2020-10-27,San Mateo,81,765935,11542,11074,7,11081,156
2020-10-27,Santa Barbara,83,443738,10409,9874,81,9955,125
2020-10-27,Santa Clara,85,1922200,25636,24368,35,24403,367
2020-10-27,Santa Cruz,87,273765,2947,2815,36,2851,24
2020-10-27,Shasta,89,179085,2353,1962,20,1982,29
2020-10-27,Sierra,91,2930,6,6,0,6,0
2020-10-27,Siskiyou,93,43540,217,181,10,191,0
2020-10-27,Solano,95,438530,7630,7298,41,7339,77
2020-10-27,Sonoma,97,501317,9830,9389,27,9416,140
2020-10-27,Stanislaus,99,539301,17899,17720,809,18529,408
2020-10-27,Sutter,101,95872,1899,1832,1,1833,12
2020-10-27,Tehama,103,63373,971,913,2,915,5
2020-10-27,Trinity,105,12862,52,28,6,34,0
2020-10-27,Tulare,107,460477,17974,17520,412,17932,296
2020-10-27,Tuolumne,109,53932,296,275,2,277,4
2020-10-27,Ventura,111,848112,14961,14347,330,14677,153
2020-10-27,Yolo,113,214977,3323,3216,9,3225,58
2020-10-27,Yuba,115,75493,1283,1235,5,1240,10
2020-10-26,Alameda,1,1643700,23858,23284,234,23518,398
2020-10-26,Alpine,3,1148,5,3,0,3,0
2020-10-26,Amador,5,37829,358,331,0,331,16
2020-10-26,Butte,7,227075,3221,3095,30,3125,56
2020-10-26,Calaveras,9,45235,340,274,0,274,13
2020-10-26,Colusa,11,21464,559,548,0,548,6
2020-10-26,Contra Costa,13,1133247,19269,18718,96,18814,245
2020-10-26,Del Norte,15,27424,179,171,0,171,2
2020-10-26,El Dorado,17,186661,1431,1336,3,1339,4
2020-10-26,Fresno,19,978130,33570,30969,477,31446,441
2020-10-26,Glenn,21,27897,689,660,1,661,3
2020-10-26,Humboldt,23,135768,570,554,1,555,7
2020-10-26,Imperial,25,180216,13038,12654,12,12666,333
2020-10-26,Inyo,27,18085,247,226,1,227,14
2020-10-26,Kern,29,883053,34130,33233,429,33662,432
2020-10-26,Kings,31,150075,8689,8264,57,8321,82
2020-10-26,Lake,33,64148,737,697,0,697,15
2020-10-26,Lassen,35,31185,776,764,2,766,0
2020-10-26,Los Angeles,37,10098052,304997,297961,3084,301045,6979
2020-10-26,Madera,39,155013,5084,4922,38,4960,53
2020-10-26,Marin,41,260295,7159,7064,18,7082,104
2020-10-26,Mariposa,43,17540,81,77,0,77,2
2020-10-26,Mendocino,45,87422,1095,1026,2,1028,20
2020-10-26,Merced,47,269075,9637,9375,36,9411,150
2020-10-26,Modoc,49,8938,44,28,0,28,0
2020-10-26,Mono,51,14174,216,167,4,171,1
2020-10-26,Monterey,53,433212,11559,11207,63,11270,87
2020-10-26,Napa,55,140530,2091,1966,5,1971,14
2020-10-26,Nevada,57,99092,656,618,16,634,8
2020-10-26,Orange,59,3164182,61140,58377,1789,60166,1442
2020-10-26,Placer,61,380077,4475,4161,14,4175,57
2020-10-26,Plumas,63,18699,84,63,0,63,0
2020-10-26,Riverside,65,2383286,68098,66475,385,66860,1294
2020-10-26,Sacramento,67,1510023,26073,25555,25,25580,496
2020-10-26,San Benito,69,59416,1442,1424,1,1425,15
2020-10-26,San Bernardino,71,2135413,64685,61871,137,62008,1153
2020-10-26,San Diego,73,3302833,57235,54957,0,54957,870
2020-10-26,San Francisco,75,870044,12432,12072,49,12121,138
2020-10-26,San Joaquin,77,732212,22096,21459,219,21678,495
2020-10-26,San Luis Obispo,79,281455,4342,4133,26,4159,31
2020-10-26,San Mateo,81,765935,11498,11037,7,11044,156
2020-10-26,Santa Barbara,83,443738,10386,9827,81,9908,122
2020-10-26,Santa Clara,85,1922200,25446,24258,34,24292,365
2020-10-26,Santa Cruz,87,273765,2921,2808,36,2844,24
2020-10-26,Shasta,89,179085,2300,1889,20,1909,29
2020-10-26,Sierra,91,2930,6,6,0,6,0
2020-10-26,Siskiyou,93,43540,209,179,10,189,0
2020-10-26,Solano,95,438530,7550,7271,41,7312,62
2020-10-26,Sonoma,97,501317,9750,9315,27,9342,140
2020-10-26,Stanislaus,99,539301,17849,17666,799,18465,400
2020-10-26,Sutter,101,95872,1891,1817,1,1818,12
2020-10-26,Tehama,103,63373,951,892,2,894,5
2020-10-26,Trinity,105,12862,51,26,6,32,0
2020-10-26,Tulare,107,460477,17897,17432,389,17821,296
2020-10-26,Tuolumne,109,53932,287,271,2,273,4
2020-10-26,Ventura,111,848112,14891,14330,327,14657,154
2020-10-26,Yolo,113,214977,3303,3206,9,3215,58
2020-10-26,Yuba,115,75493,1267,1226,5,1231,10
2020-10-25,Alameda,1,1643700,23752,23192,234,23426,398
2020-10-25,Alpine,3,1148,4,3,0,3,0
2020-10-25,Amador,5,37829,347,330,0,330,16
2020-10-25,Butte,7,227075,3202,3087,30,3117,56
2020-10-25,Calaveras,9,45235,339,274,0,274,13
2020-10-25,Colusa,11,21464,555,548,0,548,6
2020-10-25,Contra Costa,13,1133247,19168,18640,96,18736,245
2020-10-25,Del Norte,15,27424,175,171,0,171,2
2020-10-25,El Dorado,17,186661,1416,1328,3,1331,4
2020-10-25,Fresno,19,978130,33441,30858,466,31324,441
2020-10-25,Glenn,21,27897,686,652,1,653,3
2020-10-25,Humboldt,23,135768,567,554,1,555,7
2020-10-25,Imperial,25,180216,12988,12572,12,12584,333
2020-10-25,Inyo,27,18085,244,226,1,227,14
2020-10-25,Kern,29,883053,34023,33185,425,33610,432
2020-10-25,Kings,31,150075,8656,8246,55,8301,82
2020-10-25,Lake,33,64148,720,695,0,695,15
2020-10-25,Lassen,35,31185,773,764,2,766,0
2020-10-25,Los Angeles,37,10098052,303426,297110,3044,300154,6973
2020-10-25,Madera,39,155013,5054,4909,33,4942,53
2020-10-25,Marin,41,260295,7149,7052,18,7070,102
2020-10-25,Mariposa,43,17540,81,77,0,77,2
2020-10-25,Mendocino,45,87422,1088,1024,2,1026,20
2020-10-25,Merced,47,269075,9572,9352,34,9386,150
2020-10-25,Modoc,49,8938,39,28,0,28,0
2020-10-25,Mono,51,14174,208,167,4,171,1
2020-10-25,Monterey,53,433212,11476,11182,58,11240,87
2020-10-25,Napa,55,140530,2061,1962,5,1967,14
2020-10-25,Nevada,57,99092,648,616,16,632,8
2020-10-25,Orange,59,3164182,60851,58185,1779,59964,1443
2020-10-25,Placer,61,380077,4423,4140,14,4154,57
2020-10-25,Plumas,63,18699,84,63,0,63,0
2020-10-25,Riverside,65,2383286,67646,66192,369,66561,1289
2020-10-25,Sacramento,67,1510023,25858,25445,22,25467,496
2020-10-25,San Benito,69,59416,1435,1423,1,1424,15
2020-10-25,San Bernardino,71,2135413,64146,61551,129,61680,1153
2020-10-25,San Diego,73,3302833,56772,54599,0,54599,870
2020-10-25,San Francisco,75,870044,12359,12072,49,12121,137
2020-10-25,San Joaquin,77,732212,21989,21459,210,21669,495
2020-10-25,San Luis Obispo,79,281455,4300,4126,24,4150,31
2020-10-25,San Mateo,81,765935,11453,10987,7,10994,156
2020-10-25,Santa Barbara,83,443738,10366,9814,81,9895,122
2020-10-25,Santa Clara,85,1922200,25259,24087,34,24121,365
2020-10-25,Santa Cruz,87,273765,2894,2789,36,2825,24
2020-10-25,Shasta,89,179085,2236,1889,20,1909,29
2020-10-25,Sierra,91,2930,6,6,0,6,0
2020-10-25,Siskiyou,93,43540,206,176,10,186,0
2020-10-25,Solano,95,438530,7473,7197,41,7238,60
2020-10-25,Sonoma,97,501317,9657,9235,26,9261,140
2020-10-25,Stanislaus,99,539301,17792,17641,789,18430,400
2020-10-25,Sutter,101,95872,1873,1811,1,1812,12
2020-10-25,Tehama,103,63373,934,880,2,882,5
2020-10-25,Trinity,105,12862,47,26,6,32,0
2020-10-25,Tulare,107,460477,17825,17431,379,17810,296
2020-10-25,Tuolumne,109,53932,282,271,2,273,4
2020-10-25,Ventura,111,848112,14798,14300,321,14621,154
2020-10-25,Yolo,113,214977,3282,3190,9,3199,58
2020-10-25,Yuba,115,75493,1259,1219,5,1224,10
2020-10-24,Alameda,1,1643700,23682,23099,231,23330,398
2020-10-24,Alpine,3,1148,4,3,0,3,0
2020-10-24,Amador,5,37829,346,328,0,328,16
2020-10-24,Butte,7,227075,3193,3078,30,3108,56
2020-10-24,Calaveras,9,45235,337,274,0,274,13
2020-10-24,Colusa,11,21464,550,548,0,548,6
2020-10-24,Contra Costa,13,1133247,19101,18567,96,18663,244
2020-10-24,Del Norte,15,27424,174,171,0,171,2
2020-10-24,El Dorado,17,186661,1400,1317,3,1320,4
2020-10-24,Fresno,19,978130,33380,30752,462,31214,441
2020-10-24,Glenn,21,27897,683,650,1,651,3
2020-10-24,Humboldt,23,135768,565,553,1,554,7
2020-10-24,Imperial,25,180216,12961,12469,12,12481,333
2020-10-24,Inyo,27,18085,244,226,1,227,14
2020-10-24,Kern,29,883053,33965,33105,420,33525,432
2020-10-24,Kings,31,150075,8646,8228,54,8282,82
2020-10-24,Lake,33,64148,715,696,0,696,15
2020-10-24,Lassen,35,31185,772,764,2,766,0
2020-10-24,Los Angeles,37,10098052,302609,296323,3020,299343,6969
2020-10-24,Madera,39,155013,5041,4898,32,4930,53
2020-10-24,Marin,41,260295,7140,7042,18,7060,102
2020-10-24,Mariposa,43,17540,81,77,0,77,2
2020-10-24,Mendocino,45,87422,1076,1022,2,1024,20
2020-10-24,Merced,47,269075,9548,9351,34,9385,150
2020-10-24,Modoc,49,8938,38,28,0,28,0
2020-10-24,Mono,51,14174,194,167,4,171,1
2020-10-24,Monterey,53,433212,11409,11153,57,11210,87
2020-10-24,Napa,55,140530,2044,1957,5,1962,14
2020-10-24,Nevada,57,99092,644,608,16,624,8
2020-10-24,Orange,59,3164182,60698,57928,1768,59696,1441
2020-10-24,Placer,61,380077,4393,4093,14,4107,57
2020-10-24,Plumas,63,18699,78,63,0,63,0
2020-10-24,Riverside,65,2383286,67437,65902,355,66257,1288
2020-10-24,Sacramento,67,1510023,25777,25372,22,25394,496
2020-10-24,San Benito,69,59416,1430,1417,1,1418,15
2020-10-24,San Bernardino,71,2135413,63906,61351,121,61472,1153
2020-10-24,San Diego,73,3302833,56495,54330,0,54330,868
2020-10-24,San Francisco,75,870044,12301,12073,48,12121,137
2020-10-24,San Joaquin,77,732212,21937,21458,205,21663,495
2020-10-24,San Luis Obispo,79,281455,4275,4119,23,4142,31
2020-10-24,San Mateo,81,765935,11414,10942,7,10949,155
2020-10-24,Santa Barbara,83,443738,10349,9781,81,9862,122
2020-10-24,Santa Clara,85,1922200,25172,23978,34,24012,365
2020-10-24,Santa Cruz,87,273765,2875,2775,36,2811,24
2020-10-24,Shasta,89,179085,2191,1878,20,1898,29
2020-10-24,Sierra,91,2930,6,6,0,6,0
2020-10-24,Siskiyou,93,43540,205,174,10,184,0
2020-10-24,Solano,95,438530,7420,7189,41,7230,60
2020-10-24,Sonoma,97,501317,9623,9179,26,9205,140
2020-10-24,Stanislaus,99,539301,17749,17574,772,18346,400
2020-10-24,Sutter,101,95872,1864,1804,1,1805,12
2020-10-24,Tehama,103,63373,926,872,2,874,5
2020-10-24,Trinity,105,12862,47,25,6,31,0
2020-10-24,Tulare,107,460477,17803,17406,367,17773,295
2020-10-24,Tuolumne,109,53932,279,269,2,271,4
2020-10-24,Ventura,111,848112,14745,14240,320,14560,154
2020-10-24,Yolo,113,214977,3271,3164,9,3173,57
2020-10-24,Yuba,115,75493,1256,1210,5,1215,10
2020-10-23,Alameda,1,1643700,23610,23047,229,23276,393
2020-10-23,Alpine,3,1148,4,3,0,3,0
2020-10-23,Amador,5,37829,345,324,0,324,16
2020-10-23,Butte,7,227075,3184,3059,30,3089,55
2020-10-23,Calaveras,9,45235,336,273,0,273,13
2020-10-23,Colusa,11,21464,550,547,0,547,6
2020-10-23,Contra Costa,13,1133247,19030,18483,95,18578,244
2020-10-23,Del Norte,15,27424,174,171,0,171,2
2020-10-23,El Dorado,17,186661,1391,1310,3,1313,4
2020-10-23,Fresno,19,978130,33313,30590,458,31048,441
2020-10-23,Glenn,21,27897,680,644,1,645,3
2020-10-23,Humboldt,23,135768,563,553,1,554,7
2020-10-23,Imperial,25,180216,12930,12398,12,12410,333
2020-10-23,Inyo,27,18085,243,226,1,227,14
2020-10-23,Kern,29,883053,33897,33077,415,33492,431
2020-10-23,Kings,31,150075,8637,8218,54,8272,82
2020-10-23,Lake,33,64148,713,689,0,689,15
2020-10-23,Lassen,35,31185,771,764,2,766,0
2020-10-23,Los Angeles,37,10098052,301530,294287,2989,297276,6956
2020-10-23,Madera,39,155013,5036,4888,32,4920,53
2020-10-23,Marin,41,260295,7127,7029,18,7047,102
2020-10-23,Mariposa,43,17540,81,77,0,77,2
2020-10-23,Mendocino,45,87422,1073,1019,2,1021,20
2020-10-23,Merced,47,269075,9534,9327,34,9361,149
2020-10-23,Modoc,49,8938,38,28,0,28,0
2020-10-23,Mono,51,14174,193,159,4,163,1
2020-10-23,Monterey,53,433212,11362,11099,53,11152,86
2020-10-23,Napa,55,140530,2036,1942,5,1947,14
2020-10-23,Nevada,57,99092,641,604,16,620,8
2020-10-23,Orange,59,3164182,60527,57595,1753,59348,1430
2020-10-23,Placer,61,380077,4347,4073,14,4087,57
2020-10-23,Plumas,63,18699,75,63,0,63,0
2020-10-23,Riverside,65,2383286,67198,65512,347,65859,1279
2020-10-23,Sacramento,67,1510023,25670,25224,22,25246,496
2020-10-23,San Benito,69,59416,1428,1412,1,1413,15
2020-10-23,San Bernardino,71,2135413,63622,60854,111,60965,1150
2020-10-23,San Diego,73,3302833,56189,53944,0,53944,867
2020-10-23,San Francisco,75,870044,12270,12015,48,12063,137
2020-10-23,San Joaquin,77,732212,21881,21361,199,21560,495
2020-10-23,San Luis Obispo,79,281455,4249,4102,23,4125,31
2020-10-23,San Mateo,81,765935,11365,10872,7,10879,155
2020-10-23,Santa Barbara,83,443738,10333,9751,81,9832,121
2020-10-23,Santa Clara,85,1922200,25070,23822,34,23856,364
2020-10-23,Santa Cruz,87,273765,2861,2757,36,2793,24
2020-10-23,Shasta,89,179085,2155,1846,19,1865,29
2020-10-23,Sierra,91,2930,6,6,0,6,0
2020-10-23,Siskiyou,93,43540,201,172,10,182,0
2020-10-23,Solano,95,438530,7389,7174,41,7215,59
2020-10-23,Sonoma,97,501317,9567,9112,26,9138,139
2020-10-23,Stanislaus,99,539301,17712,17496,764,18260,395
2020-10-23,Sutter,101,95872,1857,1797,1,1798,12
2020-10-23,Tehama,103,63373,917,862,2,864,5
2020-10-23,Trinity,105,12862,47,26,6,32,0
2020-10-23,Tulare,107,460477,17758,17334,355,17689,295
2020-10-23,Tuolumne,109,53932,277,254,2,256,4
2020-10-23,Ventura,111,848112,14716,14192,320,14512,155
2020-10-23,Yolo,113,214977,3258,3140,9,3149,57
2020-10-23,Yuba,115,75493,1252,1206,5,1211,10
2020-10-22,Alameda,1,1643700,23509,22915,229,23144,393
2020-10-22,Alpine,3,1148,4,3,0,3,0
2020-10-22,Amador,5,37829,341,317,0,317,16
2020-10-22,Butte,7,227075,3174,3046,28,3074,55
2020-10-22,Calaveras,9,45235,333,273,0,273,13
2020-10-22,Colusa,11,21464,550,547,0,547,6
2020-10-22,Contra Costa,13,1133247,18958,18393,95,18488,243
2020-10-22,Del Norte,15,27424,173,168,0,168,2
2020-10-22,El Dorado,17,186661,1381,1308,3,1311,4
2020-10-22,Fresno,19,978130,33204,30471,450,30921,438
2020-10-22,Glenn,21,27897,673,643,1,644,3
2020-10-22,Humboldt,23,135768,562,548,1,549,7
2020-10-22,Imperial,25,180216,12877,12311,12,12323,333
2020-10-22,Inyo,27,18085,240,220,1,221,14
2020-10-22,Kern,29,883053,33816,32991,412,33403,431
2020-10-22,Kings,31,150075,8386,8201,54,8255,82
2020-10-22,Lake,33,64148,709,678,0,678,15
2020-10-22,Lassen,35,31185,768,764,2,766,0
2020-10-22,Los Angeles,37,10098052,300157,291599,2929,294528,6935
2020-10-22,Madera,39,155013,5015,4847,32,4879,52
2020-10-22,Marin,41,260295,7121,7014,18,7032,102
2020-10-22,Mariposa,43,17540,81,77,0,77,2
2020-10-22,Mendocino,45,87422,1068,1016,2,1018,20
2020-10-22,Merced,47,269075,9506,9323,34,9357,149
2020-10-22,Modoc,49,8938,34,26,0,26,0
2020-10-22,Mono,51,14174,188,156,4,160,1
2020-10-22,Monterey,53,433212,11303,11059,50,11109,84
2020-10-22,Napa,55,140530,2021,1928,5,1933,14
2020-10-22,Nevada,57,99092,635,600,16,616,8
2020-10-22,Orange,59,3164182,60313,57418,1736,59154,1422
2020-10-22,Placer,61,380077,4297,4036,14,4050,57
2020-10-22,Plumas,63,18699,72,62,0,62,0
2020-10-22,Riverside,65,2383286,66864,65104,327,65431,1279
2020-10-22,Sacramento,67,1510023,25533,25054,22,25076,492
2020-10-22,San Benito,69,59416,1424,1403,1,1404,15
2020-10-22,San Bernardino,71,2135413,63222,60402,98,60500,1149
2020-10-22,San Diego,73,3302833,55804,53514,0,53514,866
2020-10-22,San Francisco,75,870044,12212,11991,46,12037,137
2020-10-22,San Joaquin,77,732212,21807,21282,193,21475,495
2020-10-22,San Luis Obispo,79,281455,4233,4081,23,4104,31
2020-10-22,San Mateo,81,765935,11309,10796,7,10803,155
2020-10-22,Santa Barbara,83,443738,10299,9710,79,9789,120
2020-10-22,Santa Clara,85,1922200,24915,23621,34,23655,363
2020-10-22,Santa Cruz,87,273765,2843,2738,35,2773,24
2020-10-22,Shasta,89,179085,2109,1799,19,1818,29
2020-10-22,Sierra,91,2930,6,6,0,6,0
2020-10-22,Siskiyou,93,43540,201,169,10,179,0
2020-10-22,Solano,95,438530,7343,7116,41,7157,59
2020-10-22,Sonoma,97,501317,9501,9052,25,9077,139
2020-10-22,Stanislaus,99,539301,17659,17440,751,18191,395
2020-10-22,Sutter,101,95872,1843,1794,1,1795,12
2020-10-22,Tehama,103,63373,906,852,2,854,5
2020-10-22,Trinity,105,12862,46,26,6,32,0
2020-10-22,Tulare,107,460477,17692,17265,342,17607,293
2020-10-22,Tuolumne,109,53932,275,252,2,254,4
2020-10-22,Ventura,111,848112,14669,14124,318,14442,154
2020-10-22,Yolo,113,214977,3246,3116,9,3125,58
2020-10-22,Yuba,115,75493,1245,1199,5,1204,10
2020-10-21,Alameda,1,1643700,23421,22853,227,23080,392
2020-10-21,Alpine,3,1148,4,3,0,3,0
2020-10-21,Amador,5,37829,336,313,0,313,16
2020-10-21,Butte,7,227075,3162,3041,28,3069,55
2020-10-21,Calaveras,9,45235,332,272,0,272,13
2020-10-21,Colusa,11,21464,550,546,0,546,6
2020-10-21,Contra Costa,13,1133247,18884,18299,95,18394,243
2020-10-21,Del Norte,15,27424,173,169,0,169,2
2020-10-21,El Dorado,17,186661,1369,1305,2,1307,4
2020-10-21,Fresno,19,978130,33108,30328,448,30776,433
2020-10-21,Glenn,21,27897,668,640,1,641,3
2020-10-21,Humboldt,23,135768,561,548,1,549,7
2020-10-21,Imperial,25,180216,12820,12210,12,12222,331
2020-10-21,Inyo,27,18085,236,220,1,221,14
2020-10-21,Kern,29,883053,33742,32956,410,33366,430
2020-10-21,Kings,31,150075,8359,8186,54,8240,80
2020-10-21,Lake,33,64148,708,676,0,676,15
2020-10-21,Lassen,35,31185,767,764,2,766,0
2020-10-21,Los Angeles,37,10098052,298821,288096,2886,290982,6923
2020-10-21,Madera,39,155013,4990,4831,32,4863,52
2020-10-21,Marin,41,260295,7112,7002,18,7020,102
2020-10-21,Mariposa,43,17540,81,77,0,77,2
2020-10-21,Mendocino,45,87422,1066,1011,2,1013,21
2020-10-21,Merced,47,269075,9482,9319,32,9351,149
2020-10-21,Modoc,49,8938,33,26,0,26,0
2020-10-21,Mono,51,14174,186,156,4,160,1
2020-10-21,Monterey,53,433212,11265,11005,49,11054,83
2020-10-21,Napa,55,140530,2005,1918,5,1923,13
2020-10-21,Nevada,57,99092,629,597,16,613,8
2020-10-21,Orange,59,3164182,60101,57189,1725,58914,1409
2020-10-21,Placer,61,380077,4261,4007,14,4021,56
2020-10-21,Plumas,63,18699,69,58,0,58,0
2020-10-21,Riverside,65,2383286,66571,64778,301,65079,1278
2020-10-21,Sacramento,67,1510023,25341,24908,22,24930,490
2020-10-21,San Benito,69,59416,1423,1401,1,1402,14
2020-10-21,San Bernardino,71,2135413,62816,59948,91,60039,1141
2020-10-21,San Diego,73,3302833,55452,53279,0,53279,863
2020-10-21,San Francisco,75,870044,12163,11976,45,12021,137
2020-10-21,San Joaquin,77,732212,21731,21201,187,21388,495
2020-10-21,San Luis Obispo,79,281455,4219,4055,21,4076,31
2020-10-21,San Mateo,81,765935,11260,10730,7,10737,155
2020-10-21,Santa Barbara,83,443738,10281,9681,78,9759,121
2020-10-21,Santa Clara,85,1922200,24790,23537,34,23571,361
2020-10-21,Santa Cruz,87,273765,2820,2729,35,2764,24
2020-10-21,Shasta,89,179085,2072,1777,19,1796,27
2020-10-21,Sierra,91,2930,6,6,0,6,0
2020-10-21,Siskiyou,93,43540,197,169,10,179,0
2020-10-21,Solano,95,438530,7298,7088,41,7129,59
2020-10-21,Sonoma,97,501317,9421,8987,25,9012,138
2020-10-21,Stanislaus,99,539301,17610,17419,742,18161,392
2020-10-21,Sutter,101,95872,1828,1786,1,1787,12
2020-10-21,Tehama,103,63373,890,824,2,826,5
2020-10-21,Trinity,105,12862,43,25,6,31,0
2020-10-21,Tulare,107,460477,17656,17204,328,17532,292
2020-10-21,Tuolumne,109,53932,274,251,2,253,4
2020-10-21,Ventura,111,848112,14606,14050,315,14365,153
2020-10-21,Yolo,113,214977,3227,3095,9,3104,58
2020-10-21,Yuba,115,75493,1236,1194,5,1199,10
2020-10-20,Alameda,1,1643700,23318,22750,223,22973,391
2020-10-20,Alpine,3,1148,4,3,0,3,0
2020-10-20,Amador,5,37829,335,313,0,313,16
2020-10-20,Butte,7,227075,3150,3027,28,3055,56
2020-10-20,Calaveras,9,45235,331,273,0,273,13
2020-10-20,Colusa,11,21464,547,546,0,546,6
2020-10-20,Contra Costa,13,1133247,18792,18246,95,18341,241
2020-10-20,Del Norte,15,27424,172,169,0,169,2
2020-10-20,El Dorado,17,186661,1363,1295,2,1297,4
2020-10-20,Fresno,19,978130,33005,30220,442,30662,431
2020-10-20,Glenn,21,27897,663,638,1,639,3
2020-10-20,Humboldt,23,135768,557,545,1,546,7
2020-10-20,Imperial,25,180216,12751,12114,12,12126,330
2020-10-20,Inyo,27,18085,236,218,1,219,14
2020-10-20,Kern,29,883053,33667,32889,397,33286,429
2020-10-20,Kings,31,150075,8341,8178,53,8231,80
2020-10-20,Lake,33,64148,706,675,0,675,15
2020-10-20,Lassen,35,31185,766,757,2,759,0
2020-10-20,Los Angeles,37,10098052,297333,287727,2833,290560,6891
2020-10-20,Madera,39,155013,4973,4823,32,4855,52
2020-10-20,Marin,41,260295,7097,6994,18,7012,101
2020-10-20,Mariposa,43,17540,80,77,0,77,2
2020-10-20,Mendocino,45,87422,1064,1004,2,1006,21
2020-10-20,Merced,47,269075,9460,9323,32,9355,149
2020-10-20,Modoc,49,8938,32,26,0,26,0
2020-10-20,Mono,51,14174,186,156,4,160,1
2020-10-20,Monterey,53,433212,11222,10942,46,10988,81
2020-10-20,Napa,55,140530,1986,1912,5,1917,13
2020-10-20,Nevada,57,99092,620,596,16,612,8
2020-10-20,Orange,59,3164182,59837,56914,1716,58630,1397
2020-10-20,Placer,61,380077,4223,3997,14,4011,56
2020-10-20,Plumas,63,18699,66,53,0,53,0
2020-10-20,Riverside,65,2383286,66190,64452,289,64741,1275
2020-10-20,Sacramento,67,1510023,25215,24767,21,24788,485
2020-10-20,San Benito,69,59416,1420,1398,1,1399,14
2020-10-20,San Bernardino,71,2135413,62438,59571,86,59657,1109
2020-10-20,San Diego,73,3302833,55116,53004,0,53004,857
2020-10-20,San Francisco,75,870044,12116,12013,44,12057,126
2020-10-20,San Joaquin,77,732212,21653,21173,176,21349,490
2020-10-20,San Luis Obispo,79,281455,4201,4043,20,4063,31
2020-10-20,San Mateo,81,765935,11214,10659,7,10666,155
2020-10-20,Santa Barbara,83,443738,10252,9664,76,9740,121
2020-10-20,Santa Clara,85,1922200,24654,23406,34,23440,358
2020-10-20,Santa Cruz,87,273765,2797,2710,35,2745,23
2020-10-20,Shasta,89,179085,2049,1747,19,1766,20
2020-10-20,Sierra,91,2930,6,6,0,6,0
2020-10-20,Siskiyou,93,43540,189,168,10,178,0
2020-10-20,Solano,95,438530,7249,7044,41,7085,57
2020-10-20,Sonoma,97,501317,9358,8904,23,8927,135
2020-10-20,Stanislaus,99,539301,17556,17367,738,18105,393
2020-10-20,Sutter,101,95872,1819,1783,1,1784,12
2020-10-20,Tehama,103,63373,875,813,2,815,5
2020-10-20,Trinity,105,12862,42,25,6,31,0
2020-10-20,Tulare,107,460477,17590,17156,322,17478,289
2020-10-20,Tuolumne,109,53932,272,250,2,252,4
2020-10-20,Ventura,111,848112,14542,13980,313,14293,152
2020-10-20,Yolo,113,214977,3204,3083,9,3092,56
2020-10-20,Yuba,115,75493,1226,1191,5,1196,10
2020-10-19,Alameda,1,1643700,23209,22647,222,22869,392
2020-10-19,Alpine,3,1148,4,3,0,3,0
2020-10-19,Amador,5,37829,329,313,0,313,16
2020-10-19,Butte,7,227075,3139,3026,28,3054,55
2020-10-19,Calaveras,9,45235,330,268,0,268,13
2020-10-19,Colusa,11,21464,547,544,0,544,6
2020-10-19,Contra Costa,13,1133247,18694,18173,95,18268,239
2020-10-19,Del Norte,15,27424,169,167,0,167,2
2020-10-19,El Dorado,17,186661,1342,1287,2,1289,4
2020-10-19,Fresno,19,978130,32897,30152,436,30588,431
2020-10-19,Glenn,21,27897,658,635,0,635,3
2020-10-19,Humboldt,23,135768,557,543,1,544,7
2020-10-19,Imperial,25,180216,12697,12036,11,12047,330
2020-10-19,Inyo,27,18085,235,218,1,219,14
2020-10-19,Kern,29,883053,33592,32840,394,33234,428
2020-10-19,Kings,31,150075,8323,8173,53,8226,80
2020-10-19,Lake,33,64148,703,673,0,673,15
2020-10-19,Lassen,35,31185,765,757,2,759,0
2020-10-19,Los Angeles,37,10098052,295851,287119,2793,289912,6858
2020-10-19,Madera,39,155013,4958,4787,32,4819,52
2020-10-19,Marin,41,260295,7079,6981,18,6999,100
2020-10-19,Mariposa,43,17540,80,77,0,77,2
2020-10-19,Mendocino,45,87422,1059,1001,2,1003,21
2020-10-19,Merced,47,269075,9436,9305,27,9332,148
2020-10-19,Modoc,49,8938,31,26,0,26,0
2020-10-19,Mono,51,14174,181,156,4,160,1
2020-10-19,Monterey,53,433212,11161,10907,46,10953,80
2020-10-19,Napa,55,140530,1972,1892,5,1897,12
2020-10-19,Nevada,57,99092,617,590,16,606,8
2020-10-19,Orange,59,3164182,59552,56652,1702,58354,1396
2020-10-19,Placer,61,380077,4175,3962,14,3976,49
2020-10-19,Plumas,63,18699,64,52,0,52,0
2020-10-19,Riverside,65,2383286,65760,64016,272,64288,1272
2020-10-19,Sacramento,67,1510023,25076,24542,21,24563,483
2020-10-19,San Benito,69,59416,1413,1395,1,1396,14
2020-10-19,San Bernardino,71,2135413,61989,59265,78,59343,1100
2020-10-19,San Diego,73,3302833,54730,52739,0,52739,853
2020-10-19,San Francisco,75,870044,12072,11879,44,11923,126
2020-10-19,San Joaquin,77,732212,21578,20930,168,21098,489
2020-10-19,San Luis Obispo,79,281455,4185,4016,20,4036,31
2020-10-19,San Mateo,81,765935,11168,10568,7,10575,154
2020-10-19,Santa Barbara,83,443738,10217,9632,76,9708,121
2020-10-19,Santa Clara,85,1922200,24503,23301,34,23335,352
2020-10-19,Santa Cruz,87,273765,2780,2705,35,2740,19
2020-10-19,Shasta,89,179085,2005,1709,18,1727,20
2020-10-19,Sierra,91,2930,6,6,0,6,0
2020-10-19,Siskiyou,93,43540,182,167,10,177,0
2020-10-19,Solano,95,438530,7208,7003,41,7044,57
2020-10-19,Sonoma,97,501317,9271,8830,23,8853,135
2020-10-19,Stanislaus,99,539301,17504,17342,728,18070,390
2020-10-19,Sutter,101,95872,1814,1773,1,1774,12
2020-10-19,Tehama,103,63373,872,793,2,795,5
2020-10-19,Trinity,105,12862,40,23,6,29,0
2020-10-19,Tulare,107,460477,17541,17047,314,17361,291
2020-10-19,Tuolumne,109,53932,270,247,2,249,4
2020-10-19,Ventura,111,848112,14476,13930,310,14240,152
2020-10-19,Yolo,113,214977,3191,3069,9,3078,56
2020-10-19,Yuba,115,75493,1219,1183,5,1188,10
2020-10-18,Alameda,1,1643700,23105,22546,221,22767,392
2020-10-18,Alpine,3,1148,4,3,0,3,0
2020-10-18,Amador,5,37829,317,313,0,313,16
2020-10-18,Butte,7,227075,3126,3019,28,3047,55
2020-10-18,Calaveras,9,45235,329,267,0,267,13
2020-10-18,Colusa,11,21464,545,544,0,544,6
2020-10-18,Contra Costa,13,1133247,18595,18120,95,18215,237
2020-10-18,Del Norte,15,27424,169,167,0,167,2
2020-10-18,El Dorado,17,186661,1333,1283,2,1285,4
2020-10-18,Fresno,19,978130,32773,30051,428,30479,430
2020-10-18,Glenn,21,27897,656,634,0,634,3
2020-10-18,Humboldt,23,135768,554,540,1,541,7
2020-10-18,Imperial,25,180216,12635,11987,10,11997,330
2020-10-18,Inyo,27,18085,232,215,1,216,14
2020-10-18,Kern,29,883053,33519,32799,387,33186,428
2020-10-18,Kings,31,150075,8308,8159,53,8212,80
2020-10-18,Lake,33,64148,696,670,0,670,15
2020-10-18,Lassen,35,31185,765,757,2,759,0
2020-10-18,Los Angeles,37,10098052,294147,286187,2745,288932,6857
2020-10-18,Madera,39,155013,4933,4770,31,4801,52
2020-10-18,Marin,41,260295,7058,6969,18,6987,99
2020-10-18,Mariposa,43,17540,80,77,0,77,2
2020-10-18,Mendocino,45,87422,1057,988,2,990,21
2020-10-18,Merced,47,269075,9401,9292,27,9319,148
2020-10-18,Modoc,49,8938,30,26,0,26,0
2020-10-18,Mono,51,14174,176,155,4,159,1
2020-10-18,Monterey,53,433212,11109,10872,46,10918,80
2020-10-18,Napa,55,140530,1959,1882,5,1887,12
2020-10-18,Nevada,57,99092,611,582,16,598,8
2020-10-18,Orange,59,3164182,59253,56394,1686,58080,1396
2020-10-18,Placer,61,380077,4127,3938,14,3952,49
2020-10-18,Plumas,63,18699,62,52,0,52,0
2020-10-18,Riverside,65,2383286,65450,63765,249,64014,1270
2020-10-18,Sacramento,67,1510023,24921,24425,21,24446,482
2020-10-18,San Benito,69,59416,1406,1395,1,1396,14
2020-10-18,San Bernardino,71,2135413,61490,58893,71,58964,1098
2020-10-18,San Diego,73,3302833,54341,52359,0,52359,853
2020-10-18,San Francisco,75,870044,12033,11878,44,11922,126
2020-10-18,San Joaquin,77,732212,21496,20931,155,21086,489
2020-10-18,San Luis Obispo,79,281455,4154,4009,18,4027,31
2020-10-18,San Mateo,81,765935,11109,10503,7,10510,154
2020-10-18,Santa Barbara,83,443738,10178,9608,75,9683,121
2020-10-18,Santa Clara,85,1922200,24329,23169,34,23203,352
2020-10-18,Santa Cruz,87,273765,2766,2692,35,2727,19
2020-10-18,Shasta,89,179085,1980,1708,18,1726,20
2020-10-18,Sierra,91,2930,6,6,0,6,0
2020-10-18,Siskiyou,93,43540,181,167,10,177,0
2020-10-18,Solano,95,438530,7161,6962,41,7003,57
2020-10-18,Sonoma,97,501317,9195,8781,21,8802,134
2020-10-18,Stanislaus,99,539301,17448,17290,719,18009,390
2020-10-18,Sutter,101,95872,1805,1764,1,1765,12
2020-10-18,Tehama,103,63373,840,774,2,776,5
2020-10-18,Trinity,105,12862,40,20,6,26,0
2020-10-18,Tulare,107,460477,17449,17048,304,17352,290
2020-10-18,Tuolumne,109,53932,265,245,2,247,4
2020-10-18,Ventura,111,848112,14397,13901,309,14210,151
2020-10-18,Yolo,113,214977,3152,3059,9,3068,55
2020-10-18,Yuba,115,75493,1208,1176,5,1181,10
2020-10-17,Alameda,1,1643700,23059,22394,219,22613,398
2020-10-17,Alpine,3,1148,4,3,0,3,0
2020-10-17,Amador,5,37829,315,309,0,309,16
2020-10-17,Butte,7,227075,3118,3012,26,3038,55
2020-10-17,Calaveras,9,45235,329,267,0,267,13
2020-10-17,Colusa,11,21464,544,544,0,544,6
2020-10-17,Contra Costa,13,1133247,18542,18005,95,18100,237
2020-10-17,Del Norte,15,27424,169,167,0,167,2
2020-10-17,El Dorado,17,186661,1329,1277,2,1279,4
2020-10-17,Fresno,19,978130,32719,29911,426,30337,430
2020-10-17,Glenn,21,27897,653,633,0,633,3
2020-10-17,Humboldt,23,135768,551,535,1,536,7
2020-10-17,Imperial,25,180216,12607,11962,10,11972,330
2020-10-17,Inyo,27,18085,227,212,1,213,14
2020-10-17,Kern,29,883053,33468,32710,384,33094,428
2020-10-17,Kings,31,150075,8302,8151,52,8203,80
2020-10-17,Lake,33,64148,693,663,0,663,15
2020-10-17,Lassen,35,31185,765,757,2,759,0
2020-10-17,Los Angeles,37,10098052,293395,285858,2717,288575,6844
2020-10-17,Madera,39,155013,4927,4759,31,4790,53
2020-10-17,Marin,41,260295,7055,6958,18,6976,99
2020-10-17,Mariposa,43,17540,79,77,0,77,2
2020-10-17,Mendocino,45,87422,1050,977,2,979,21
2020-10-17,Merced,47,269075,9387,9275,27,9302,148
2020-10-17,Modoc,49,8938,30,26,0,26,0
2020-10-17,Mono,51,14174,175,155,4,159,1
2020-10-17,Monterey,53,433212,11069,10807,45,10852,80
2020-10-17,Napa,55,140530,1952,1866,5,1871,12
2020-10-17,Nevada,57,99092,610,580,16,596,8
2020-10-17,Orange,59,3164182,59113,56197,1677,57874,1396
2020-10-17,Placer,61,380077,4100,3898,14,3912,49
2020-10-17,Plumas,63,18699,62,52,0,52,0
2020-10-17,Riverside,65,2383286,65253,63171,238,63409,1270
2020-10-17,Sacramento,67,1510023,24836,24304,21,24325,482
2020-10-17,San Benito,69,59416,1402,1389,1,1390,14
2020-10-17,San Bernardino,71,2135413,61220,58415,67,58482,1097
2020-10-17,San Diego,73,3302833,54116,51986,0,51986,853
2020-10-17,San Francisco,75,870044,12005,11877,43,11920,126
2020-10-17,San Joaquin,77,732212,21442,20932,149,21081,489
2020-10-17,San Luis Obispo,79,281455,4139,3979,18,3997,31
2020-10-17,San Mateo,81,765935,11081,10423,7,10430,153
2020-10-17,Santa Barbara,83,443738,10159,9588,73,9661,121
2020-10-17,Santa Clara,85,1922200,24240,22997,34,23031,349
2020-10-17,Santa Cruz,87,273765,2752,2680,35,2715,19
2020-10-17,Shasta,89,179085,1954,1679,18,1697,20
2020-10-17,Sierra,91,2930,6,6,0,6,0
2020-10-17,Siskiyou,93,43540,180,167,10,177,0
2020-10-17,Solano,95,438530,7135,6929,41,6970,57
2020-10-17,Sonoma,97,501317,9152,8725,21,8746,134
2020-10-17,Stanislaus,99,539301,17409,17232,709,17941,390
2020-10-17,Sutter,101,95872,1803,1762,1,1763,12
2020-10-17,Tehama,103,63373,824,764,2,766,5
2020-10-17,Trinity,105,12862,40,20,6,26,0
2020-10-17,Tulare,107,460477,17419,16995,295,17290,290
2020-10-17,Tuolumne,109,53932,265,241,2,243,4
2020-10-17,Ventura,111,848112,14352,13845,306,14151,151
2020-10-17,Yolo,113,214977,3137,3045,7,3052,55
2020-10-17,Yuba,115,75493,1203,1164,5,1169,10
2020-10-16,Alameda,1,1643700,23005,22315,219,22534,397
2020-10-16,Alpine,3,1148,4,3,0,3,0
2020-10-16,Amador,5,37829,315,309,0,309,16
2020-10-16,Butte,7,227075,3107,3004,26,3030,54
2020-10-16,Calaveras,9,45235,329,267,0,267,13
2020-10-16,Colusa,11,21464,543,544,0,544,6
2020-10-16,Contra Costa,13,1133247,18489,17956,95,18051,237
2020-10-16,Del Norte,15,27424,169,166,0,166,2
2020-10-16,El Dorado,17,186661,1323,1273,2,1275,4
2020-10-16,Fresno,19,978130,32644,29796,424,30220,427
2020-10-16,Glenn,21,27897,648,632,0,632,3
2020-10-16,Humboldt,23,135768,551,533,1,534,7
2020-10-16,Imperial,25,180216,12567,11885,10,11895,330
2020-10-16,Inyo,27,18085,223,212,1,213,14
2020-10-16,Kern,29,883053,33425,32660,382,33042,428
2020-10-16,Kings,31,150075,8293,8146,51,8197,80
2020-10-16,Lake,33,64148,691,644,0,644,14
2020-10-16,Lassen,35,31185,765,757,2,759,0
2020-10-16,Los Angeles,37,10098052,292335,284988,2694,287682,6835
2020-10-16,Madera,39,155013,4915,4736,30,4766,53
2020-10-16,Marin,41,260295,7045,6933,18,6951,99
2020-10-16,Mariposa,43,17540,79,76,0,76,2
2020-10-16,Mendocino,45,87422,1043,974,2,976,21
2020-10-16,Merced,47,269075,9370,9246,27,9273,148
2020-10-16,Modoc,49,8938,30,26,0,26,0
2020-10-16,Mono,51,14174,173,155,4,159,1
2020-10-16,Monterey,53,433212,11035,10727,45,10772,79
2020-10-16,Napa,55,140530,1943,1855,5,1860,12
2020-10-16,Nevada,57,99092,608,579,16,595,8
2020-10-16,Orange,59,3164182,58937,56091,1670,57761,1388
2020-10-16,Placer,61,380077,4080,3864,14,3878,49
2020-10-16,Plumas,63,18699,61,52,0,52,0
2020-10-16,Riverside,65,2383286,65028,62986,237,63223,1267
2020-10-16,Sacramento,67,1510023,24741,24144,21,24165,479
2020-10-16,San Benito,69,59416,1399,1388,1,1389,14
2020-10-16,San Bernardino,71,2135413,60952,58233,67,58300,1069
2020-10-16,San Diego,73,3302833,53875,51785,0,51785,850
2020-10-16,San Francisco,75,870044,11983,11840,42,11882,126
2020-10-16,San Joaquin,77,732212,21397,20910,148,21058,489
2020-10-16,San Luis Obispo,79,281455,4125,3952,18,3970,32
2020-10-16,San Mateo,81,765935,11056,10405,7,10412,153
2020-10-16,Santa Barbara,83,443738,10141,9549,73,9622,119
2020-10-16,Santa Clara,85,1922200,24154,22920,34,22954,345
2020-10-16,Santa Cruz,87,273765,2739,2666,35,2701,20
2020-10-16,Shasta,89,179085,1932,1660,18,1678,20
2020-10-16,Sierra,91,2930,6,6,0,6,0
2020-10-16,Siskiyou,93,43540,178,167,10,177,0
2020-10-16,Solano,95,438530,7112,6879,41,6920,55
2020-10-16,Sonoma,97,501317,9096,8652,21,8673,133
2020-10-16,Stanislaus,99,539301,17376,17201,701,17902,366
2020-10-16,Sutter,101,95872,1795,1756,1,1757,12
2020-10-16,Tehama,103,63373,823,737,2,739,3
2020-10-16,Trinity,105,12862,40,20,6,26,0
2020-10-16,Tulare,107,460477,17387,16965,287,17252,290
2020-10-16,Tuolumne,109,53932,262,237,2,239,4
2020-10-16,Ventura,111,848112,14309,13805,301,14106,152
2020-10-16,Yolo,113,214977,3128,3030,7,3037,55
2020-10-16,Yuba,115,75493,1203,1155,5,1160,10
2020-10-15,Alameda,1,1643700,22937,22267,218,22485,390
2020-10-15,Alpine,3,1148,4,3,0,3,0
2020-10-15,Amador,5,37829,315,309,0,309,16
2020-10-15,Butte,7,227075,3095,3000,25,3025,54
2020-10-15,Calaveras,9,45235,327,267,0,267,13
2020-10-15,Colusa,11,21464,542,543,0,543,6
2020-10-15,Contra Costa,13,1133247,18422,17893,94,17987,237
2020-10-15,Del Norte,15,27424,169,164,0,164,2
2020-10-15,El Dorado,17,186661,1318,1265,2,1267,4
2020-10-15,Fresno,19,978130,32551,29727,422,30149,425
2020-10-15,Glenn,21,27897,643,632,0,632,3
2020-10-15,Humboldt,23,135768,547,531,1,532,7
2020-10-15,Imperial,25,180216,12526,11820,9,11829,330
2020-10-15,Inyo,27,18085,223,210,1,211,14
2020-10-15,Kern,29,883053,33345,32593,379,32972,427
2020-10-15,Kings,31,150075,8278,8134,51,8185,80
2020-10-15,Lake,33,64148,689,642,0,642,14
2020-10-15,Lassen,35,31185,764,752,2,754,0
2020-10-15,Los Angeles,37,10098052,291058,284019,2655,286674,6807
2020-10-15,Madera,39,155013,4903,4723,29,4752,50
2020-10-15,Marin,41,260295,7037,6912,18,6930,99
2020-10-15,Mariposa,43,17540,79,76,0,76,2
2020-10-15,Mendocino,45,87422,1038,963,2,965,21
2020-10-15,Merced,47,269075,9343,9213,27,9240,147
2020-10-15,Modoc,49,8938,30,26,0,26,0
2020-10-15,Mono,51,14174,173,155,4,159,1
2020-10-15,Monterey,53,433212,10968,10677,44,10721,79
2020-10-15,Napa,55,140530,1930,1842,5,1847,12
2020-10-15,Nevada,57,99092,604,575,16,591,8
2020-10-15,Orange,59,3164182,58721,55952,1658,57610,1379
2020-10-15,Placer,61,380077,4052,3848,14,3862,48
2020-10-15,Plumas,63,18699,58,52,0,52,0
2020-10-15,Riverside,65,2383286,64697,62819,234,63053,1266
2020-10-15,Sacramento,67,1510023,24623,24068,21,24089,474
2020-10-15,San Benito,69,59416,1396,1384,1,1385,14
2020-10-15,San Bernardino,71,2135413,60615,58068,67,58135,1067
2020-10-15,San Diego,73,3302833,53591,51472,0,51472,847
2020-10-15,San Francisco,75,870044,11955,11808,39,11847,126
2020-10-15,San Joaquin,77,732212,21324,20880,142,21022,487
2020-10-15,San Luis Obispo,79,281455,4110,3934,18,3952,32
2020-10-15,San Mateo,81,765935,11016,10340,7,10347,152
2020-10-15,Santa Barbara,83,443738,10117,9526,72,9598,117
2020-10-15,Santa Clara,85,1922200,24037,22808,34,22842,343
2020-10-15,Santa Cruz,87,273765,2725,2656,35,2691,13
2020-10-15,Shasta,89,179085,1921,1635,18,1653,20
2020-10-15,Sierra,91,2930,6,6,0,6,0
2020-10-15,Siskiyou,93,43540,174,166,10,176,0
2020-10-15,Solano,95,438530,7073,6830,41,6871,55
2020-10-15,Sonoma,97,501317,9004,8571,21,8592,133
2020-10-15,Stanislaus,99,539301,17338,17151,687,17838,366
2020-10-15,Sutter,101,95872,1792,1752,1,1753,12
2020-10-15,Tehama,103,63373,796,726,2,728,3
2020-10-15,Trinity,105,12862,40,20,6,26,0
2020-10-15,Tulare,107,460477,17327,16918,271,17189,289
2020-10-15,Tuolumne,109,53932,260,236,2,238,4
2020-10-15,Ventura,111,848112,14253,13750,296,14046,152
2020-10-15,Yolo,113,214977,3108,3014,7,3021,55
2020-10-15,Yuba,115,75493,1196,1151,5,1156,10
2020-10-14,Alameda,1,1643700,22840,22227,217,22444,398
2020-10-14,Alpine,3,1148,4,3,0,3,0
2020-10-14,Amador,5,37829,313,308,0,308,16
2020-10-14,Butte,7,227075,3087,2995,25,3020,54
2020-10-14,Calaveras,9,45235,327,266,0,266,12
2020-10-14,Colusa,11,21464,542,543,0,543,6
2020-10-14,Contra Costa,13,1133247,18365,17820,92,17912,236
2020-10-14,Del Norte,15,27424,168,163,0,163,2
2020-10-14,El Dorado,17,186661,1312,1264,2,1266,4
2020-10-14,Fresno,19,978130,32439,29650,417,30067,424
2020-10-14,Glenn,21,27897,642,629,0,629,3
2020-10-14,Humboldt,23,135768,544,531,1,532,7
2020-10-14,Imperial,25,180216,12489,11765,8,11773,330
2020-10-14,Inyo,27,18085,222,209,1,210,14
2020-10-14,Kern,29,883053,33271,32528,376,32904,425
2020-10-14,Kings,31,150075,8261,8118,50,8168,80
2020-10-14,Lake,33,64148,688,642,0,642,14
2020-10-14,Lassen,35,31185,762,752,2,754,0
2020-10-14,Los Angeles,37,10098052,289747,282918,2608,285526,6786
2020-10-14,Madera,39,155013,4888,4713,28,4741,50
2020-10-14,Marin,41,260295,7031,6907,18,6925,99
2020-10-14,Mariposa,43,17540,78,76,0,76,2
2020-10-14,Mendocino,45,87422,1032,955,2,957,21
2020-10-14,Merced,47,269075,9318,9201,25,9226,147
2020-10-14,Modoc,49,8938,30,27,0,27,0
2020-10-14,Mono,51,14174,173,155,4,159,1
2020-10-14,Monterey,53,433212,10917,10616,44,10660,78
2020-10-14,Napa,55,140530,1913,1837,5,1842,12
2020-10-14,Nevada,57,99092,602,573,16,589,7
2020-10-14,Orange,59,3164182,58510,55756,1647,57403,1348
2020-10-14,Placer,61,380077,4029,3829,14,3843,48
2020-10-14,Plumas,63,18699,54,52,0,52,0
2020-10-14,Riverside,65,2383286,64414,62607,233,62840,1261
2020-10-14,Sacramento,67,1510023,24480,24013,21,24034,472
2020-10-14,San Benito,69,59416,1394,1381,0,1381,14
2020-10-14,San Bernardino,71,2135413,60289,57774,65,57839,1063
2020-10-14,San Diego,73,3302833,53273,51329,0,51329,844
2020-10-14,San Francisco,75,870044,11923,11783,38,11821,123
2020-10-14,San Joaquin,77,732212,21245,20845,128,20973,487
2020-10-14,San Luis Obispo,79,281455,4087,3901,17,3918,32
2020-10-14,San Mateo,81,765935,10965,10309,7,10316,132
2020-10-14,Santa Barbara,83,443738,10082,9509,72,9581,117
2020-10-14,Santa Clara,85,1922200,23889,22735,34,22769,343
2020-10-14,Santa Cruz,87,273765,2715,2618,35,2653,13
2020-10-14,Shasta,89,179085,1883,1553,18,1571,20
2020-10-14,Sierra,91,2930,6,6,0,6,0
2020-10-14,Siskiyou,93,43540,174,166,10,176,0
2020-10-14,Solano,95,438530,7017,6786,41,6827,55
2020-10-14,Sonoma,97,501317,8951,8514,21,8535,133
2020-10-14,Stanislaus,99,539301,17293,17105,684,17789,365
2020-10-14,Sutter,101,95872,1783,1747,1,1748,12
2020-10-14,Tehama,103,63373,785,721,2,723,3
2020-10-14,Trinity,105,12862,39,20,6,26,0
2020-10-14,Tulare,107,460477,17265,16863,258,17121,287
2020-10-14,Tuolumne,109,53932,259,236,2,238,4
2020-10-14,Ventura,111,848112,14200,13697,292,13989,152
2020-10-14,Yolo,113,214977,3090,3007,7,3014,55
2020-10-14,Yuba,115,75493,1188,1147,5,1152,10
2020-10-13,Alameda,1,1643700,22736,22185,215,22400,389
2020-10-13,Alpine,3,1148,4,3,0,3,0
2020-10-13,Amador,5,37829,311,306,0,306,16
2020-10-13,Butte,7,227075,3078,2992,25,3017,54
2020-10-13,Calaveras,9,45235,323,262,0,262,12
2020-10-13,Colusa,11,21464,542,541,0,541,6
2020-10-13,Contra Costa,13,1133247,18307,17783,92,17875,234
2020-10-13,Del Norte,15,27424,168,163,0,163,2
2020-10-13,El Dorado,17,186661,1303,1262,2,1264,4
2020-10-13,Fresno,19,978130,32319,29579,413,29992,424
2020-10-13,Glenn,21,27897,641,629,0,629,3
2020-10-13,Humboldt,23,135768,542,523,1,524,7
2020-10-13,Imperial,25,180216,12454,11727,8,11735,327
2020-10-13,Inyo,27,18085,219,207,1,208,14
2020-10-13,Kern,29,883053,33197,32497,374,32871,419
2020-10-13,Kings,31,150075,8252,8111,50,8161,80
2020-10-13,Lake,33,64148,685,639,0,639,12
2020-10-13,Lassen,35,31185,760,752,2,754,0
2020-10-13,Los Angeles,37,10098052,288472,281716,2565,284281,6767
2020-10-13,Madera,39,155013,4870,4700,28,4728,50
2020-10-13,Marin,41,260295,7009,6900,18,6918,97
2020-10-13,Mariposa,43,17540,78,76,0,76,2
2020-10-13,Mendocino,45,87422,1023,950,2,952,21
2020-10-13,Merced,47,269075,9301,9181,25,9206,146
2020-10-13,Modoc,49,8938,29,28,0,28,0
2020-10-13,Mono,51,14174,173,155,3,158,1
2020-10-13,Monterey,53,433212,10856,10574,43,10617,78
2020-10-13,Napa,55,140530,1904,1825,5,1830,12
2020-10-13,Nevada,57,99092,596,572,16,588,7
2020-10-13,Orange,59,3164182,58298,55515,1633,57148,1326
2020-10-13,Placer,61,380077,3992,3825,14,3839,48
2020-10-13,Plumas,63,18699,52,51,0,51,0
2020-10-13,Riverside,65,2383286,64095,62279,231,62510,1254
2020-10-13,Sacramento,67,1510023,24402,23930,21,23951,466
2020-10-13,San Benito,69,59416,1386,1380,0,1380,14
2020-10-13,San Bernardino,71,2135413,59950,57411,64,57475,1061
2020-10-13,San Diego,73,3302833,52981,51026,0,51026,840
2020-10-13,San Francisco,75,870044,11888,11659,38,11697,122
2020-10-13,San Joaquin,77,732212,21183,20822,124,20946,481
2020-10-13,San Luis Obispo,79,281455,4076,3892,16,3908,32
2020-10-13,San Mateo,81,765935,10922,10286,7,10293,130
2020-10-13,Santa Barbara,83,443738,10051,9489,72,9561,117
2020-10-13,Santa Clara,85,1922200,23763,22678,34,22712,343
2020-10-13,Santa Cruz,87,273765,2697,2603,35,2638,13
2020-10-13,Shasta,89,179085,1859,1606,18,1624,20
2020-10-13,Sierra,91,2930,6,6,0,6,0
2020-10-13,Siskiyou,93,43540,173,163,10,173,0
2020-10-13,Solano,95,438530,6982,6761,41,6802,55
2020-10-13,Sonoma,97,501317,8868,8456,21,8477,133
2020-10-13,Stanislaus,99,539301,17248,17082,679,17761,362
2020-10-13,Sutter,101,95872,1774,1748,1,1749,12
2020-10-13,Tehama,103,63373,777,717,2,719,3
2020-10-13,Trinity,105,12862,35,19,5,24,0
2020-10-13,Tulare,107,460477,17207,16822,250,17072,286
2020-10-13,Tuolumne,109,53932,257,235,2,237,4
2020-10-13,Ventura,111,848112,14147,13645,287,13932,151
2020-10-13,Yolo,113,214977,3082,2983,6,2989,55
2020-10-13,Yuba,115,75493,1183,1143,5,1148,10
2020-10-12,Alameda,1,1643700,22657,22126,214,22340,389
2020-10-12,Alpine,3,1148,4,3,0,3,0
2020-10-12,Amador,5,37829,310,305,0,305,16
2020-10-12,Butte,7,227075,3072,2975,25,3000,54
2020-10-12,Calaveras,9,45235,323,262,0,262,12
2020-10-12,Colusa,11,21464,542,541,0,541,6
2020-10-12,Contra Costa,13,1133247,18232,17728,92,17820,233
2020-10-12,Del Norte,15,27424,168,161,0,161,2
2020-10-12,El Dorado,17,186661,1300,1254,2,1256,4
2020-10-12,Fresno,19,978130,32186,29523,409,29932,421
2020-10-12,Glenn,21,27897,640,626,0,626,3
2020-10-12,Humboldt,23,135768,539,522,1,523,7
2020-10-12,Imperial,25,180216,12415,11689,8,11697,328
2020-10-12,Inyo,27,18085,216,201,1,202,14
2020-10-12,Kern,29,883053,33104,32425,371,32796,419
2020-10-12,Kings,31,150075,8246,8106,49,8155,80
2020-10-12,Lake,33,64148,679,633,0,633,12
2020-10-12,Lassen,35,31185,760,752,2,754,0
2020-10-12,Los Angeles,37,10098052,287259,280961,2534,283495,6747
2020-10-12,Madera,39,155013,4851,4689,28,4717,50
2020-10-12,Marin,41,260295,6992,6886,18,6904,97
2020-10-12,Mariposa,43,17540,78,76,0,76,2
2020-10-12,Mendocino,45,87422,1017,947,2,949,21
2020-10-12,Merced,47,269075,9280,9141,25,9166,146
2020-10-12,Modoc,49,8938,29,27,0,27,0
2020-10-12,Mono,51,14174,173,154,3,157,1
2020-10-12,Monterey,53,433212,10790,10473,43,10516,77
2020-10-12,Napa,55,140530,1896,1819,5,1824,11
2020-10-12,Nevada,57,99092,592,570,16,586,7
2020-10-12,Orange,59,3164182,58068,55373,1623,56996,1326
2020-10-12,Placer,61,380077,3959,3808,13,3821,48
2020-10-12,Plumas,63,18699,52,51,0,51,0
2020-10-12,Riverside,65,2383286,63783,62279,228,62507,1254
2020-10-12,Sacramento,67,1510023,24295,23807,21,23828,466
2020-10-12,San Benito,69,59416,1383,1376,0,1376,13
2020-10-12,San Bernardino,71,2135413,59581,57235,64,57299,1061
2020-10-12,San Diego,73,3302833,52691,50748,0,50748,826
2020-10-12,San Francisco,75,870044,11856,11659,38,11697,122
2020-10-12,San Joaquin,77,732212,21120,20701,118,20819,480
2020-10-12,San Luis Obispo,79,281455,4052,3874,16,3890,32
2020-10-12,San Mateo,81,765935,10874,10262,7,10269,130
2020-10-12,Santa Barbara,83,443738,10014,9462,72,9534,117
2020-10-12,Santa Clara,85,1922200,23648,22578,34,22612,343
2020-10-12,Santa Cruz,87,273765,2680,2590,35,2625,13
2020-10-12,Shasta,89,179085,1834,1515,18,1533,20
2020-10-12,Sierra,91,2930,6,6,0,6,0
2020-10-12,Siskiyou,93,43540,172,162,10,172,0
2020-10-12,Solano,95,438530,6943,6742,41,6783,55
2020-10-12,Sonoma,97,501317,8797,8377,21,8398,133
2020-10-12,Stanislaus,99,539301,17199,17051,670,17721,361
2020-10-12,Sutter,101,95872,1766,1741,1,1742,12
2020-10-12,Tehama,103,63373,761,708,2,710,3
2020-10-12,Trinity,105,12862,34,19,5,24,0
2020-10-12,Tulare,107,460477,17155,16742,243,16985,286
2020-10-12,Tuolumne,109,53932,252,234,2,236,4
2020-10-12,Ventura,111,848112,14085,13617,283,13900,151
2020-10-12,Yolo,113,214977,3067,2964,6,2970,55
2020-10-12,Yuba,115,75493,1172,1141,5,1146,10
2020-10-11,Alameda,1,1643700,22568,22057,210,22267,392
2020-10-11,Alpine,3,1148,4,3,0,3,0
2020-10-11,Amador,5,37829,308,305,0,305,16
2020-10-11,Butte,7,227075,3064,2967,24,2991,54
2020-10-11,Calaveras,9,45235,321,262,0,262,12
2020-10-11,Colusa,11,21464,540,541,0,541,6
2020-10-11,Contra Costa,13,1133247,18150,17678,92,17770,233
2020-10-11,Del Norte,15,27424,166,161,0,161,2
2020-10-11,El Dorado,17,186661,1291,1242,2,1244,4
2020-10-11,Fresno,19,978130,32049,29419,402,29821,421
2020-10-11,Glenn,21,27897,638,625,0,625,3
2020-10-11,Humboldt,23,135768,538,521,1,522,7
2020-10-11,Imperial,25,180216,12355,11614,8,11622,328
2020-10-11,Inyo,27,18085,212,201,1,202,14
2020-10-11,Kern,29,883053,33017,32399,364,32763,418
2020-10-11,Kings,31,150075,8229,8094,48,8142,80
2020-10-11,Lake,33,64148,666,631,0,631,12
2020-10-11,Lassen,35,31185,759,752,2,754,0
2020-10-11,Los Angeles,37,10098052,285823,280190,2492,282682,6745
2020-10-11,Madera,39,155013,4823,4680,27,4707,50
2020-10-11,Marin,41,260295,6983,6870,18,6888,97
2020-10-11,Mariposa,43,17540,78,76,0,76,2
2020-10-11,Mendocino,45,87422,1010,944,2,946,21
2020-10-11,Merced,47,269075,9262,9124,25,9149,146
2020-10-11,Modoc,49,8938,29,27,0,27,0
2020-10-11,Mono,51,14174,173,154,3,157,1
2020-10-11,Monterey,53,433212,10739,10445,41,10486,77
2020-10-11,Napa,55,140530,1880,1811,5,1816,11
2020-10-11,Nevada,57,99092,590,569,16,585,7
2020-10-11,Orange,59,3164182,57839,55202,1617,56819,1326
2020-10-11,Placer,61,380077,3938,3787,13,3800,48
2020-10-11,Plumas,63,18699,52,51,0,51,0
2020-10-11,Riverside,65,2383286,63494,62112,224,62336,1254
2020-10-11,Sacramento,67,1510023,24155,23778,21,23799,466
2020-10-11,San Benito,69,59416,1382,1374,0,1374,13
2020-10-11,San Bernardino,71,2135413,59128,56997,64,57061,1061
2020-10-11,San Diego,73,3302833,52342,50553,0,50553,826
2020-10-11,San Francisco,75,870044,11813,11659,38,11697,122
2020-10-11,San Joaquin,77,732212,21045,20700,108,20808,480
2020-10-11,San Luis Obispo,79,281455,4035,3874,15,3889,32
2020-10-11,San Mateo,81,765935,10843,10240,7,10247,130
2020-10-11,Santa Barbara,83,443738,9984,9440,71,9511,117
2020-10-11,Santa Clara,85,1922200,23506,22487,33,22520,336
2020-10-11,Santa Cruz,87,273765,2666,2578,35,2613,13
2020-10-11,Shasta,89,179085,1804,1515,17,1532,20
2020-10-11,Sierra,91,2930,6,6,0,6,0
2020-10-11,Siskiyou,93,43540,171,162,10,172,0
2020-10-11,Solano,95,438530,6889,6685,41,6726,53
2020-10-11,Sonoma,97,501317,8740,8319,21,8340,133
2020-10-11,Stanislaus,99,539301,17136,17007,653,17660,360
2020-10-11,Sutter,101,95872,1763,1742,1,1743,12
2020-10-11,Tehama,103,63373,737,702,2,704,3
2020-10-11,Trinity,105,12862,34,19,5,24,0
2020-10-11,Tulare,107,460477,17092,16741,235,16976,286
2020-10-11,Tuolumne,109,53932,248,234,2,236,4
2020-10-11,Ventura,111,848112,14024,13604,278,13882,151
2020-10-11,Yolo,113,214977,3037,2952,6,2958,55
2020-10-11,Yuba,115,75493,1160,1137,5,1142,10
2020-10-10,Alameda,1,1643700,22518,21979,209,22188,398
2020-10-10,Alpine,3,1148,4,3,0,3,0
2020-10-10,Amador,5,37829,307,304,0,304,16
2020-10-10,Butte,7,227075,3059,2962,23,2985,54
2020-10-10,Calaveras,9,45235,320,262,0,262,12
2020-10-10,Colusa,11,21464,540,541,0,541,6
2020-10-10,Contra Costa,13,1133247,18114,17566,91,17657,233
2020-10-10,Del Norte,15,27424,166,161,0,161,2
2020-10-10,El Dorado,17,186661,1289,1240,2,1242,4
2020-10-10,Fresno,19,978130,31986,29286,400,29686,421
2020-10-10,Glenn,21,27897,638,623,0,623,3
2020-10-10,Humboldt,23,135768,535,518,1,519,7
2020-10-10,Imperial,25,180216,12340,11591,8,11599,327
2020-10-10,Inyo,27,18085,209,201,1,202,14
2020-10-10,Kern,29,883053,32980,32338,364,32702,418
2020-10-10,Kings,31,150075,8225,8078,48,8126,80
2020-10-10,Lake,33,64148,665,630,0,630,11
2020-10-10,Lassen,35,31185,759,752,2,754,0
2020-10-10,Los Angeles,37,10098052,285103,279213,2458,281671,6743
2020-10-10,Madera,39,155013,4810,4662,27,4689,50
2020-10-10,Marin,41,260295,6974,6852,18,6870,97
2020-10-10,Mariposa,43,17540,78,76,0,76,2
2020-10-10,Mendocino,45,87422,1003,935,2,937,21
2020-10-10,Merced,47,269075,9256,9105,24,9129,146
2020-10-10,Modoc,49,8938,29,27,0,27,0
2020-10-10,Mono,51,14174,173,154,3,157,1
2020-10-10,Monterey,53,433212,10706,10410,41,10451,75
2020-10-10,Napa,55,140530,1873,1804,5,1809,11
2020-10-10,Nevada,57,99092,587,564,16,580,6
2020-10-10,Orange,59,3164182,57718,54965,1612,56577,1324
2020-10-10,Placer,61,380077,3921,3757,13,3770,48
2020-10-10,Plumas,63,18699,52,51,0,51,0
2020-10-10,Riverside,65,2383286,63291,61845,221,62066,1254
2020-10-10,Sacramento,67,1510023,24089,23689,21,23710,466
2020-10-10,San Benito,69,59416,1380,1370,0,1370,13
2020-10-10,San Bernardino,71,2135413,58966,56683,64,56747,1061
2020-10-10,San Diego,73,3302833,52112,50145,0,50145,825
2020-10-10,San Francisco,75,870044,11792,11663,38,11701,122
2020-10-10,San Joaquin,77,732212,21017,20700,104,20804,481
2020-10-10,San Luis Obispo,79,281455,4015,3832,15,3847,32
2020-10-10,San Mateo,81,765935,10806,10218,7,10225,130
2020-10-10,Santa Barbara,83,443738,9973,9417,71,9488,116
2020-10-10,Santa Clara,85,1922200,23414,22354,33,22387,330
2020-10-10,Santa Cruz,87,273765,2652,2572,35,2607,13
2020-10-10,Shasta,89,179085,1787,1473,17,1490,20
2020-10-10,Sierra,91,2930,6,6,0,6,0
2020-10-10,Siskiyou,93,43540,171,161,10,171,0
2020-10-10,Solano,95,438530,6863,6655,41,6696,53
2020-10-10,Sonoma,97,501317,8720,8235,21,8256,133
2020-10-10,Stanislaus,99,539301,17101,16960,645,17605,360
2020-10-10,Sutter,101,95872,1760,1735,1,1736,12
2020-10-10,Tehama,103,63373,730,693,2,695,3
2020-10-10,Trinity,105,12862,34,19,5,24,0
2020-10-10,Tulare,107,460477,17058,16709,230,16939,286
2020-10-10,Tuolumne,109,53932,248,233,2,235,4
2020-10-10,Ventura,111,848112,13999,13520,278,13798,151
2020-10-10,Yolo,113,214977,3028,2939,6,2945,55
2020-10-10,Yuba,115,75493,1158,1134,5,1139,10
2020-10-09,Alameda,1,1643700,22470,21924,209,22133,399
2020-10-09,Alpine,3,1148,4,3,0,3,0
2020-10-09,Amador,5,37829,307,303,0,303,16
2020-10-09,Butte,7,227075,3056,2956,23,2979,51
2020-10-09,Calaveras,9,45235,318,262,0,262,11
2020-10-09,Colusa,11,21464,540,541,0,541,6
2020-10-09,Contra Costa,13,1133247,18064,17487,91,17578,229
2020-10-09,Del Norte,15,27424,165,161,0,161,2
2020-10-09,El Dorado,17,186661,1285,1234,2,1236,4
2020-10-09,Fresno,19,978130,31913,29208,398,29606,417
2020-10-09,Glenn,21,27897,633,617,0,617,3
2020-10-09,Humboldt,23,135768,533,516,1,517,7
2020-10-09,Imperial,25,180216,12313,11516,8,11524,330
2020-10-09,Inyo,27,18085,206,200,1,201,14
2020-10-09,Kern,29,883053,32937,32237,362,32599,417
2020-10-09,Kings,31,150075,8218,7993,46,8039,80
2020-10-09,Lake,33,64148,655,610,0,610,11
2020-10-09,Lassen,35,31185,759,751,2,753,0
2020-10-09,Los Angeles,37,10098052,283971,278039,2433,280472,6715
2020-10-09,Madera,39,155013,4800,4646,27,4673,50
2020-10-09,Marin,41,260295,6960,6838,18,6856,96
2020-10-09,Mariposa,43,17540,78,76,0,76,2
2020-10-09,Mendocino,45,87422,993,933,2,935,20
2020-10-09,Merced,47,269075,9242,9095,24,9119,145
2020-10-09,Modoc,49,8938,29,27,0,27,0
2020-10-09,Mono,51,14174,173,154,3,157,1
2020-10-09,Monterey,53,433212,10672,10369,41,10410,75
2020-10-09,Napa,55,140530,1863,1795,5,1800,11
2020-10-09,Nevada,57,99092,582,561,16,577,6
2020-10-09,Orange,59,3164182,57549,54746,1606,56352,1305
2020-10-09,Placer,61,380077,3908,3737,13,3750,48
2020-10-09,Plumas,63,18699,52,50,0,50,0
2020-10-09,Riverside,65,2383286,63055,61529,220,61749,1252
2020-10-09,Sacramento,67,1510023,24019,23606,21,23627,457
2020-10-09,San Benito,69,59416,1375,1367,0,1367,13
2020-10-09,San Bernardino,71,2135413,58726,56434,64,56498,1057
2020-10-09,San Diego,73,3302833,51836,49825,0,49825,821
2020-10-09,San Francisco,75,870044,11762,11620,38,11658,120
2020-10-09,San Joaquin,77,732212,20988,20648,94,20742,481
2020-10-09,San Luis Obispo,79,281455,3996,3810,15,3825,32
2020-10-09,San Mateo,81,765935,10778,10140,7,10147,130
2020-10-09,Santa Barbara,83,443738,9945,9396,71,9467,116
2020-10-09,Santa Clara,85,1922200,23312,22251,32,22283,328
2020-10-09,Santa Cruz,87,273765,2643,2555,35,2590,13
2020-10-09,Shasta,89,179085,1760,1353,16,1369,20
2020-10-09,Sierra,91,2930,6,6,0,6,0
2020-10-09,Siskiyou,93,43540,169,156,10,166,0
2020-10-09,Solano,95,438530,6824,6614,41,6655,53
2020-10-09,Sonoma,97,501317,8666,8133,21,8154,133
2020-10-09,Stanislaus,99,539301,17078,16904,636,17540,362
2020-10-09,Sutter,101,95872,1756,1732,1,1733,12
2020-10-09,Tehama,103,63373,724,682,2,684,3
2020-10-09,Trinity,105,12862,34,25,5,30,0
2020-10-09,Tulare,107,460477,17018,16644,221,16865,286
2020-10-09,Tuolumne,109,53932,245,230,2,232,4
2020-10-09,Ventura,111,848112,13963,13469,275,13744,151
2020-10-09,Yolo,113,214977,3021,2928,6,2934,55
2020-10-09,Yuba,115,75493,1157,1129,5,1134,10
2020-10-08,Alameda,1,1643700,22390,21826,208,22034,395
2020-10-08,Alpine,3,1148,4,3,0,3,0
2020-10-08,Amador,5,37829,306,302,0,302,16
2020-10-08,Butte,7,227075,3046,2935,23,2958,51
2020-10-08,Calaveras,9,45235,317,262,0,262,11
2020-10-08,Colusa,11,21464,540,539,0,539,6
2020-10-08,Contra Costa,13,1133247,18004,17418,90,17508,228
2020-10-08,Del Norte,15,27424,165,151,0,151,2
2020-10-08,El Dorado,17,186661,1284,1230,2,1232,4
2020-10-08,Fresno,19,978130,31808,29111,398,29509,416
2020-10-08,Glenn,21,27897,630,616,0,616,3
2020-10-08,Humboldt,23,135768,529,515,1,516,7
2020-10-08,Imperial,25,180216,12274,11405,8,11413,330
2020-10-08,Inyo,27,18085,203,199,1,200,14
2020-10-08,Kern,29,883053,32879,32169,357,32526,411
2020-10-08,Kings,31,150075,8212,7968,46,8014,80
2020-10-08,Lake,33,64148,650,604,0,604,11
2020-10-08,Lassen,35,31185,754,751,2,753,0
2020-10-08,Los Angeles,37,10098052,282774,276763,2392,279155,6699
2020-10-08,Madera,39,155013,4781,4637,27,4664,50
2020-10-08,Marin,41,260295,6946,6810,18,6828,96
2020-10-08,Mariposa,43,17540,78,76,0,76,2
2020-10-08,Mendocino,45,87422,988,930,2,932,20
2020-10-08,Merced,47,269075,9222,9069,24,9093,144
2020-10-08,Modoc,49,8938,29,27,0,27,0
2020-10-08,Mono,51,14174,173,153,3,156,1
2020-10-08,Monterey,53,433212,10605,10343,41,10384,75
2020-10-08,Napa,55,140530,1848,1779,5,1784,11
2020-10-08,Nevada,57,99092,579,556,16,572,6
2020-10-08,Orange,59,3164182,57355,54523,1594,56117,1293
2020-10-08,Placer,61,380077,3890,3715,13,3728,48
2020-10-08,Plumas,63,18699,52,50,0,50,0
2020-10-08,Riverside,65,2383286,62787,61105,218,61323,1244
2020-10-08,Sacramento,67,1510023,23911,23482,21,23503,454
2020-10-08,San Benito,69,59416,1370,1367,0,1367,13
2020-10-08,San Bernardino,71,2135413,58363,56152,64,56216,1048
2020-10-08,San Diego,73,3302833,51556,49468,0,49468,819
2020-10-08,San Francisco,75,870044,11725,11608,38,11646,115
2020-10-08,San Joaquin,77,732212,20937,20576,89,20665,478
2020-10-08,San Luis Obispo,79,281455,3980,3785,15,3800,32
2020-10-08,San Mateo,81,765935,10746,10044,7,10051,130
2020-10-08,Santa Barbara,83,443738,9915,9374,71,9445,116
2020-10-08,Santa Clara,85,1922200,23210,22095,32,22127,323
2020-10-08,Santa Cruz,87,273765,2631,2535,35,2570,13
2020-10-08,Shasta,89,179085,1726,1305,16,1321,20
2020-10-08,Sierra,91,2930,6,6,0,6,0
2020-10-08,Siskiyou,93,43540,169,156,10,166,0
2020-10-08,Solano,95,438530,6800,6556,41,6597,53
2020-10-08,Sonoma,97,501317,8600,8063,21,8084,132
2020-10-08,Stanislaus,99,539301,17032,16821,628,17449,360
2020-10-08,Sutter,101,95872,1756,1725,1,1726,12
2020-10-08,Tehama,103,63373,715,676,2,678,3
2020-10-08,Trinity,105,12862,34,25,5,30,0
2020-10-08,Tulare,107,460477,16957,16573,212,16785,283
2020-10-08,Tuolumne,109,53932,244,230,2,232,4
2020-10-08,Ventura,111,848112,13916,13399,272,13671,151
2020-10-08,Yolo,113,214977,3004,2914,6,2920,55
2020-10-08,Yuba,115,75493,1152,1126,5,1131,10
2020-10-07,Alameda,1,1643700,22313,21736,208,21944,395
2020-10-07,Alpine,3,1148,4,3,0,3,0
2020-10-07,Amador,5,37829,306,302,0,302,16
2020-10-07,Butte,7,227075,3034,2927,23,2950,47
2020-10-07,Calaveras,9,45235,315,262,0,262,11
2020-10-07,Colusa,11,21464,539,539,0,539,6
2020-10-07,Contra Costa,13,1133247,17933,17346,89,17435,225
2020-10-07,Del Norte,15,27424,164,149,0,149,2
2020-10-07,El Dorado,17,186661,1276,1219,2,1221,4
2020-10-07,Fresno,19,978130,31686,29069,393,29462,413
2020-10-07,Glenn,21,27897,630,615,0,615,3
2020-10-07,Humboldt,23,135768,526,512,1,513,7
2020-10-07,Imperial,25,180216,12237,11289,8,11297,330
2020-10-07,Inyo,27,18085,203,199,1,200,14
2020-10-07,Kern,29,883053,32806,32068,356,32424,410
2020-10-07,Kings,31,150075,8197,7948,46,7994,80
2020-10-07,Lake,33,64148,649,599,0,599,11
2020-10-07,Lassen,35,31185,754,751,2,753,0
2020-10-07,Los Angeles,37,10098052,281601,275559,2354,277913,6681
2020-10-07,Madera,39,155013,4761,4618,27,4645,50
2020-10-07,Marin,41,260295,6919,6790,18,6808,95
2020-10-07,Mariposa,43,17540,78,75,0,75,2
2020-10-07,Mendocino,45,87422,982,927,2,929,19
2020-10-07,Merced,47,269075,9185,9045,23,9068,144
2020-10-07,Modoc,49,8938,29,27,0,27,0
2020-10-07,Mono,51,14174,172,153,2,155,1
2020-10-07,Monterey,53,433212,10546,10272,41,10313,75
2020-10-07,Napa,55,140530,1835,1774,5,1779,11
2020-10-07,Nevada,57,99092,575,552,16,568,6
2020-10-07,Orange,59,3164182,57136,54332,1584,55916,1277
2020-10-07,Placer,61,380077,3874,3693,13,3706,48
2020-10-07,Plumas,63,18699,52,50,0,50,0
2020-10-07,Riverside,65,2383286,62440,60857,214,61071,1241
2020-10-07,Sacramento,67,1510023,23815,23380,21,23401,452
2020-10-07,San Benito,69,59416,1367,1363,0,1363,13
2020-10-07,San Bernardino,71,2135413,58015,55738,63,55801,1043
2020-10-07,San Diego,73,3302833,51240,49177,0,49177,813
2020-10-07,San Francisco,75,870044,11690,11551,38,11589,115
2020-10-07,San Joaquin,77,732212,20885,20527,81,20608,478
2020-10-07,San Luis Obispo,79,281455,3950,3749,15,3764,32
2020-10-07,San Mateo,81,765935,10704,9980,7,9987,130
2020-10-07,Santa Barbara,83,443738,9887,9350,70,9420,116
2020-10-07,Santa Clara,85,1922200,23083,21993,32,22025,320
2020-10-07,Santa Cruz,87,273765,2619,2518,35,2553,14
2020-10-07,Shasta,89,179085,1683,1268,16,1284,20
2020-10-07,Sierra,91,2930,6,6,0,6,0
2020-10-07,Siskiyou,93,43540,167,154,10,164,0
2020-10-07,Solano,95,438530,6765,6526,41,6567,53
2020-10-07,Sonoma,97,501317,8523,7993,21,8014,130
2020-10-07,Stanislaus,99,539301,16997,16786,622,17408,357
2020-10-07,Sutter,101,95872,1752,1723,1,1724,12
2020-10-07,Tehama,103,63373,706,666,2,668,3
2020-10-07,Trinity,105,12862,32,25,5,30,0
2020-10-07,Tulare,107,460477,16916,16483,203,16686,282
2020-10-07,Tuolumne,109,53932,244,227,2,229,3
2020-10-07,Ventura,111,848112,13866,13333,266,13599,150
2020-10-07,Yolo,113,214977,2978,2904,6,2910,55
2020-10-07,Yuba,115,75493,1146,1120,5,1125,10
2020-10-06,Alameda,1,1643700,22223,21698,206,21904,385
2020-10-06,Alpine,3,1148,4,3,0,3,0
2020-10-06,Amador,5,37829,304,301,0,301,16
2020-10-06,Butte,7,227075,3027,2925,23,2948,47
2020-10-06,Calaveras,9,45235,315,261,0,261,11
2020-10-06,Colusa,11,21464,538,538,0,538,6
2020-10-06,Contra Costa,13,1133247,17854,17295,89,17384,219
2020-10-06,Del Norte,15,27424,164,144,0,144,2
2020-10-06,El Dorado,17,186661,1272,1211,2,1213,4
2020-10-06,Fresno,19,978130,31544,29022,390,29412,412
2020-10-06,Glenn,21,27897,627,604,0,604,3
2020-10-06,Humboldt,23,135768,523,508,1,509,7
2020-10-06,Imperial,25,180216,12199,11196,8,11204,327
2020-10-06,Inyo,27,18085,201,198,1,199,14
2020-10-06,Kern,29,883053,32729,32006,354,32360,407
2020-10-06,Kings,31,150075,8181,7943,46,7989,81
2020-10-06,Lake,33,64148,643,596,0,596,11
2020-10-06,Lassen,35,31185,754,743,2,745,0
2020-10-06,Los Angeles,37,10098052,280369,274115,2301,276416,6657
2020-10-06,Madera,39,155013,4749,4608,27,4635,50
2020-10-06,Marin,41,260295,6905,6766,18,6784,91
2020-10-06,Mariposa,43,17540,78,75,0,75,2
2020-10-06,Mendocino,45,87422,975,920,2,922,19
2020-10-06,Merced,47,269075,9149,9034,22,9056,143
2020-10-06,Modoc,49,8938,29,26,0,26,0
2020-10-06,Mono,51,14174,172,153,2,155,1
2020-10-06,Monterey,53,433212,10490,10235,40,10275,72
2020-10-06,Napa,55,140530,1829,1770,5,1775,11
2020-10-06,Nevada,57,99092,573,551,16,567,6
2020-10-06,Orange,59,3164182,56921,54203,1576,55779,1273
2020-10-06,Placer,61,380077,3852,3680,13,3693,48
2020-10-06,Plumas,63,18699,52,49,0,49,0
2020-10-06,Riverside,65,2383286,62176,60593,211,60804,1238
2020-10-06,Sacramento,67,1510023,23728,23322,21,23343,442
2020-10-06,San Benito,69,59416,1366,1358,0,1358,12
2020-10-06,San Bernardino,71,2135413,57700,55416,62,55478,1040
2020-10-06,San Diego,73,3302833,50903,48823,0,48823,806
2020-10-06,San Francisco,75,870044,11664,11513,37,11550,115
2020-10-06,San Joaquin,77,732212,20845,20481,78,20559,477
2020-10-06,San Luis Obispo,79,281455,3915,3723,15,3738,32
2020-10-06,San Mateo,81,765935,10671,9934,7,9941,129
2020-10-06,Santa Barbara,83,443738,9858,9331,69,9400,116
2020-10-06,Santa Clara,85,1922200,22988,21914,32,21946,320
2020-10-06,Santa Cruz,87,273765,2597,2510,35,2545,12
2020-10-06,Shasta,89,179085,1643,1242,16,1258,18
2020-10-06,Sierra,91,2930,6,6,0,6,0
2020-10-06,Siskiyou,93,43540,167,154,10,164,0
2020-10-06,Solano,95,438530,6719,6506,41,6547,52
2020-10-06,Sonoma,97,501317,8431,7895,21,7916,130
2020-10-06,Stanislaus,99,539301,16952,16759,616,17375,354
2020-10-06,Sutter,101,95872,1750,1722,1,1723,12
2020-10-06,Tehama,103,63373,697,660,2,662,3
2020-10-06,Trinity,105,12862,32,25,5,30,0
2020-10-06,Tulare,107,460477,16874,16456,195,16651,280
2020-10-06,Tuolumne,109,53932,243,227,2,229,2
2020-10-06,Ventura,111,848112,13799,13242,261,13503,150
2020-10-06,Yolo,113,214977,2964,2899,6,2905,56
2020-10-06,Yuba,115,75493,1145,1114,5,1119,10
2020-10-05,Alameda,1,1643700,22135,21637,203,21840,383
2020-10-05,Alpine,3,1148,4,2,0,2,0
2020-10-05,Amador,5,37829,304,299,0,299,16
2020-10-05,Butte,7,227075,3017,2910,23,2933,46
2020-10-05,Calaveras,9,45235,315,259,0,259,11
2020-10-05,Colusa,11,21464,538,537,0,537,6
2020-10-05,Contra Costa,13,1133247,17777,17250,89,17339,216
2020-10-05,Del Norte,15,27424,161,142,0,142,2
2020-10-05,El Dorado,17,186661,1268,1202,2,1204,4
2020-10-05,Fresno,19,978130,31427,29136,390,29526,408
2020-10-05,Glenn,21,27897,625,603,0,603,3
2020-10-05,Humboldt,23,135768,522,506,1,507,6
2020-10-05,Imperial,25,180216,12160,11169,8,11177,327
2020-10-05,Inyo,27,18085,201,197,1,198,14
2020-10-05,Kern,29,883053,32649,31933,350,32283,404
2020-10-05,Kings,31,150075,8084,7932,46,7978,80
2020-10-05,Lake,33,64148,639,592,0,592,10
2020-10-05,Lassen,35,31185,753,743,2,745,0
2020-10-05,Los Angeles,37,10098052,279289,273200,2257,275457,6632
2020-10-05,Madera,39,155013,4741,4598,25,4623,50
2020-10-05,Marin,41,260295,6888,6751,18,6769,91
2020-10-05,Mariposa,43,17540,78,75,0,75,2
2020-10-05,Mendocino,45,87422,967,913,2,915,19
2020-10-05,Merced,47,269075,9130,9021,21,9042,143
2020-10-05,Modoc,49,8938,29,26,0,26,0
2020-10-05,Mono,51,14174,172,152,2,154,1
2020-10-05,Monterey,53,433212,10443,10187,40,10227,72
2020-10-05,Napa,55,140530,1819,1760,5,1765,11
2020-10-05,Nevada,57,99092,570,550,15,565,6
2020-10-05,Orange,59,3164182,56706,54103,1561,55664,1271
2020-10-05,Placer,61,380077,3826,3670,13,3683,46
2020-10-05,Plumas,63,18699,51,49,0,49,0
2020-10-05,Riverside,65,2383286,61857,60454,207,60661,1232
2020-10-05,Sacramento,67,1510023,23624,23207,21,23228,438
2020-10-05,San Benito,69,59416,1363,1356,0,1356,12
2020-10-05,San Bernardino,71,2135413,57393,55100,62,55162,1031
2020-10-05,San Diego,73,3302833,50567,48662,0,48662,803
2020-10-05,San Francisco,75,870044,11625,11476,34,11510,110
2020-10-05,San Joaquin,77,732212,20774,20319,75,20394,476
2020-10-05,San Luis Obispo,79,281455,3889,3710,15,3725,32
2020-10-05,San Mateo,81,765935,10644,9896,7,9903,128
2020-10-05,Santa Barbara,83,443738,9836,9309,69,9378,116
2020-10-05,Santa Clara,85,1922200,22873,21861,32,21893,319
2020-10-05,Santa Cruz,87,273765,2585,2492,35,2527,9
2020-10-05,Shasta,89,179085,1610,1158,16,1174,18
2020-10-05,Sierra,91,2930,6,6,0,6,0
2020-10-05,Siskiyou,93,43540,167,153,10,163,0
2020-10-05,Solano,95,438530,6680,6475,41,6516,52
2020-10-05,Sonoma,97,501317,8339,7817,21,7838,130
2020-10-05,Stanislaus,99,539301,16917,16730,609,17339,351
2020-10-05,Sutter,101,95872,1742,1719,1,1720,12
2020-10-05,Tehama,103,63373,689,642,2,644,3
2020-10-05,Trinity,105,12862,32,22,5,27,0
2020-10-05,Tulare,107,460477,16816,16343,191,16534,278
2020-10-05,Tuolumne,109,53932,240,226,2,228,2
2020-10-05,Ventura,111,848112,13732,13224,239,13463,149
2020-10-05,Yolo,113,214977,2945,2889,6,2895,56
2020-10-05,Yuba,115,75493,1132,1108,5,1113,9
2020-10-04,Alameda,1,1643700,22039,21597,203,21800,383
2020-10-04,Alpine,3,1148,4,2,0,2,0
2020-10-04,Amador,5,37829,302,297,0,297,16
2020-10-04,Butte,7,227075,3003,2903,23,2926,46
2020-10-04,Calaveras,9,45235,315,259,0,259,11
2020-10-04,Colusa,11,21464,537,537,0,537,6
2020-10-04,Contra Costa,13,1133247,17712,17192,89,17281,214
2020-10-04,Del Norte,15,27424,157,142,0,142,2
2020-10-04,El Dorado,17,186661,1264,1196,2,1198,4
2020-10-04,Fresno,19,978130,31304,29065,390,29455,408
2020-10-04,Glenn,21,27897,623,601,0,601,3
2020-10-04,Humboldt,23,135768,521,506,1,507,6
2020-10-04,Imperial,25,180216,12120,11127,8,11135,327
2020-10-04,Inyo,27,18085,198,195,1,196,14
2020-10-04,Kern,29,883053,32575,31906,348,32254,404
2020-10-04,Kings,31,150075,8069,7919,46,7965,80
2020-10-04,Lake,33,64148,625,589,0,589,10
2020-10-04,Lassen,35,31185,753,743,2,745,0
2020-10-04,Los Angeles,37,10098052,277907,272822,2206,275028,6625
2020-10-04,Madera,39,155013,4725,4587,25,4612,50
2020-10-04,Marin,41,260295,6868,6741,18,6759,91
2020-10-04,Mariposa,43,17540,78,75,0,75,2
2020-10-04,Mendocino,45,87422,954,905,2,907,18
2020-10-04,Merced,47,269075,9105,9006,21,9027,140
2020-10-04,Modoc,49,8938,29,26,0,26,0
2020-10-04,Mono,51,14174,171,152,1,153,1
2020-10-04,Monterey,53,433212,10402,10141,39,10180,72
2020-10-04,Napa,55,140530,1807,1759,5,1764,11
2020-10-04,Nevada,57,99092,566,547,14,561,6
2020-10-04,Orange,59,3164182,56470,53966,1552,55518,1270
2020-10-04,Placer,61,380077,3805,3664,13,3677,46
2020-10-04,Plumas,63,18699,51,49,0,49,0
2020-10-04,Riverside,65,2383286,61571,60251,202,60453,1226
2020-10-04,Sacramento,67,1510023,23511,23162,21,23183,438
2020-10-04,San Benito,69,59416,1363,1355,0,1355,12
2020-10-04,San Bernardino,71,2135413,56949,55100,62,55162,1031
2020-10-04,San Diego,73,3302833,50201,48438,0,48438,803
2020-10-04,San Francisco,75,870044,11593,11474,32,11506,110
2020-10-04,San Joaquin,77,732212,20697,20320,69,20389,476
2020-10-04,San Luis Obispo,79,281455,3864,3688,15,3703,31
2020-10-04,San Mateo,81,765935,10583,9858,7,9865,128
2020-10-04,Santa Barbara,83,443738,9810,9276,67,9343,116
2020-10-04,Santa Clara,85,1922200,22737,21780,32,21812,316
2020-10-04,Santa Cruz,87,273765,2569,2483,35,2518,9
2020-10-04,Shasta,89,179085,1512,1158,15,1173,18
2020-10-04,Sierra,91,2930,6,6,0,6,0
2020-10-04,Siskiyou,93,43540,167,153,10,163,0
2020-10-04,Solano,95,438530,6629,6445,41,6486,52
2020-10-04,Sonoma,97,501317,8251,7794,21,7815,129
2020-10-04,Stanislaus,99,539301,16867,16711,600,17311,351
2020-10-04,Sutter,101,95872,1737,1711,1,1712,11
2020-10-04,Tehama,103,63373,674,637,2,639,3
2020-10-04,Trinity,105,12862,32,21,5,26,0
2020-10-04,Tulare,107,460477,16742,16343,179,16522,278
2020-10-04,Tuolumne,109,53932,238,226,2,228,2
2020-10-04,Ventura,111,848112,13650,13197,222,13419,149
2020-10-04,Yolo,113,214977,2934,2875,6,2881,56
2020-10-04,Yuba,115,75493,1128,1103,5,1108,9
2020-10-03,Alameda,1,1643700,21993,21510,202,21712,386
2020-10-03,Alpine,3,1148,4,2,0,2,0
2020-10-03,Amador,5,37829,301,296,0,296,16
2020-10-03,Butte,7,227075,2997,2894,23,2917,46
2020-10-03,Calaveras,9,45235,315,259,0,259,11
2020-10-03,Colusa,11,21464,536,537,0,537,6
2020-10-03,Contra Costa,13,1133247,17662,17087,87,17174,213
2020-10-03,Del Norte,15,27424,153,142,0,142,2
2020-10-03,El Dorado,17,186661,1257,1188,2,1190,4
2020-10-03,Fresno,19,978130,31245,28975,389,29364,408
2020-10-03,Glenn,21,27897,621,601,0,601,3
2020-10-03,Humboldt,23,135768,520,504,1,505,6
2020-10-03,Imperial,25,180216,12097,11090,8,11098,327
2020-10-03,Inyo,27,18085,198,194,1,195,14
2020-10-03,Kern,29,883053,32525,31864,345,32209,403
2020-10-03,Kings,31,150075,8065,7887,46,7933,80
2020-10-03,Lake,33,64148,615,588,0,588,10
2020-10-03,Lassen,35,31185,753,743,2,745,0
2020-10-03,Los Angeles,37,10098052,277203,271869,2176,274045,6620
2020-10-03,Madera,39,155013,4708,4565,25,4590,50
2020-10-03,Marin,41,260295,6862,6728,18,6746,91
2020-10-03,Mariposa,43,17540,78,75,0,75,2
2020-10-03,Mendocino,45,87422,952,898,2,900,18
2020-10-03,Merced,47,269075,9092,8986,21,9007,139
2020-10-03,Modoc,49,8938,29,26,0,26,0
2020-10-03,Mono,51,14174,171,152,1,153,1
2020-10-03,Monterey,53,433212,10368,10092,36,10128,72
2020-10-03,Napa,55,140530,1803,1752,5,1757,11
2020-10-03,Nevada,57,99092,564,544,14,558,6
2020-10-03,Orange,59,3164182,56353,53573,1547,55120,1268
2020-10-03,Placer,61,380077,3794,3648,13,3661,47
2020-10-03,Plumas,63,18699,51,48,0,48,0
2020-10-03,Riverside,65,2383286,61416,59991,201,60192,1226
2020-10-03,Sacramento,67,1510023,23459,23076,21,23097,437
2020-10-03,San Benito,69,59416,1363,1351,0,1351,12
2020-10-03,San Bernardino,71,2135413,56777,55004,62,55066,1031
2020-10-03,San Diego,73,3302833,49970,48202,0,48202,798
2020-10-03,San Francisco,75,870044,11568,11475,30,11505,110
2020-10-03,San Joaquin,77,732212,20671,20322,69,20391,476
2020-10-03,San Luis Obispo,79,281455,3840,3670,15,3685,31
2020-10-03,San Mateo,81,765935,10557,9822,6,9828,128
2020-10-03,Santa Barbara,83,443738,9797,9256,67,9323,116
2020-10-03,Santa Clara,85,1922200,22657,21672,32,21704,309
2020-10-03,Santa Cruz,87,273765,2561,2476,35,2511,9
2020-10-03,Shasta,89,179085,1484,1117,14,1131,18
2020-10-03,Sierra,91,2930,6,6,0,6,0
2020-10-03,Siskiyou,93,43540,167,152,10,162,0
2020-10-03,Solano,95,438530,6603,6419,41,6460,52
2020-10-03,Sonoma,97,501317,8208,7747,21,7768,129
2020-10-03,Stanislaus,99,539301,16834,16645,596,17241,351
2020-10-03,Sutter,101,95872,1733,1705,1,1706,11
2020-10-03,Tehama,103,63373,668,630,2,632,3
2020-10-03,Trinity,105,12862,32,15,5,20,0
2020-10-03,Tulare,107,460477,16700,16322,174,16496,278
2020-10-03,Tuolumne,109,53932,237,224,2,226,2
2020-10-03,Ventura,111,848112,13611,13150,218,13368,148
2020-10-03,Yolo,113,214977,2927,2863,6,2869,56
2020-10-03,Yuba,115,75493,1120,1097,5,1102,8
2020-10-02,Alameda,1,1643700,21939,21404,201,21605,382
2020-10-02,Alpine,3,1148,4,2,0,2,0
2020-10-02,Amador,5,37829,300,296,0,296,16
2020-10-02,Butte,7,227075,2987,2879,23,2902,46
2020-10-02,Calaveras,9,45235,314,259,0,259,11
2020-10-02,Colusa,11,21464,535,537,0,537,6
2020-10-02,Contra Costa,13,1133247,17619,17002,87,17089,213
2020-10-02,Del Norte,15,27424,152,141,0,141,2
2020-10-02,El Dorado,17,186661,1250,1168,2,1170,4
2020-10-02,Fresno,19,978130,31162,28855,389,29244,403
2020-10-02,Glenn,21,27897,616,594,0,594,3
2020-10-02,Humboldt,23,135768,519,503,1,504,6
2020-10-02,Imperial,25,180216,12075,11024,8,11032,327
2020-10-02,Inyo,27,18085,196,191,1,192,14
2020-10-02,Kern,29,883053,32473,31790,343,32133,399
2020-10-02,Kings,31,150075,8056,7716,46,7762,79
2020-10-02,Lake,33,64148,609,579,0,579,10
2020-10-02,Lassen,35,31185,753,742,2,744,0
2020-10-02,Los Angeles,37,10098052,276302,270935,2147,273082,6602
2020-10-02,Madera,39,155013,4699,4537,25,4562,49
2020-10-02,Marin,41,260295,6845,6717,18,6735,91
2020-10-02,Mariposa,43,17540,78,75,0,75,2
2020-10-02,Mendocino,45,87422,948,883,2,885,18
2020-10-02,Merced,47,269075,9082,8961,21,8982,139
2020-10-02,Modoc,49,8938,29,26,0,26,0
2020-10-02,Mono,51,14174,171,150,1,151,1
2020-10-02,Monterey,53,433212,10334,9997,36,10033,71
2020-10-02,Napa,55,140530,1797,1737,5,1742,11
2020-10-02,Nevada,57,99092,561,543,14,557,6
2020-10-02,Orange,59,3164182,56222,53299,1540,54839,1262
2020-10-02,Placer,61,380077,3774,3612,13,3625,46
2020-10-02,Plumas,63,18699,51,48,0,48,0
2020-10-02,Riverside,65,2383286,61195,59673,198,59871,1223
2020-10-02,Sacramento,67,1510023,23396,22818,21,22839,436
2020-10-02,San Benito,69,59416,1359,1347,0,1347,12
2020-10-02,San Bernardino,71,2135413,56590,54613,62,54675,1028
2020-10-02,San Diego,73,3302833,49718,47793,0,47793,794
2020-10-02,San Francisco,75,870044,11545,11398,30,11428,110
2020-10-02,San Joaquin,77,732212,20638,20235,67,20302,474
2020-10-02,San Luis Obispo,79,281455,3817,3654,15,3669,31
2020-10-02,San Mateo,81,765935,10516,9745,6,9751,128
2020-10-02,Santa Barbara,83,443738,9775,9234,67,9301,116
2020-10-02,Santa Clara,85,1922200,22576,21545,32,21577,305
2020-10-02,Santa Cruz,87,273765,2544,2463,35,2498,9
2020-10-02,Shasta,89,179085,1449,1046,14,1060,18
2020-10-02,Sierra,91,2930,6,6,0,6,0
2020-10-02,Siskiyou,93,43540,167,151,10,161,0
2020-10-02,Solano,95,438530,6573,6385,41,6426,52
2020-10-02,Sonoma,97,501317,8151,7662,21,7683,125
2020-10-02,Stanislaus,99,539301,16793,16609,587,17196,349
2020-10-02,Sutter,101,95872,1732,1693,1,1694,11
2020-10-02,Tehama,103,63373,663,619,2,621,3
2020-10-02,Trinity,105,12862,32,15,5,20,0
2020-10-02,Tulare,107,460477,16660,16245,167,16412,278
2020-10-02,Tuolumne,109,53932,235,225,2,227,2
2020-10-02,Ventura,111,848112,13574,13120,212,13332,146
2020-10-02,Yolo,113,214977,2922,2845,6,2851,55
2020-10-02,Yuba,115,75493,1118,1090,5,1095,8
2020-10-01,Alameda,1,1643700,21879,21349,197,21546,383
2020-10-01,Alpine,3,1148,4,2,0,2,0
2020-10-01,Amador,5,37829,300,294,0,294,16
2020-10-01,Butte,7,227075,2979,2865,23,2888,45
2020-10-01,Calaveras,9,45235,314,257,0,257,11
2020-10-01,Colusa,11,21464,535,536,0,536,6
2020-10-01,Contra Costa,13,1133247,17557,16898,87,16985,211
2020-10-01,Del Norte,15,27424,147,140,0,140,2
2020-10-01,El Dorado,17,186661,1246,1162,1,1163,4
2020-10-01,Fresno,19,978130,31082,28796,387,29183,397
2020-10-01,Glenn,21,27897,612,593,0,593,3
2020-10-01,Humboldt,23,135768,519,499,1,500,6
2020-10-01,Imperial,25,180216,12032,10928,8,10936,325
2020-10-01,Inyo,27,18085,196,191,1,192,14
2020-10-01,Kern,29,883053,32410,31678,337,32015,399
2020-10-01,Kings,31,150075,8045,7688,43,7731,79
2020-10-01,Lake,33,64148,603,572,0,572,11
2020-10-01,Lassen,35,31185,750,742,2,744,0
2020-10-01,Los Angeles,37,10098052,275263,271513,2110,273623,6621
2020-10-01,Madera,39,155013,4676,4508,25,4533,48
2020-10-01,Marin,41,260295,6831,6710,18,6728,92
2020-10-01,Mariposa,43,17540,78,76,0,76,2
2020-10-01,Mendocino,45,87422,943,874,2,876,19
2020-10-01,Merced,47,269075,9054,8942,21,8963,138
2020-10-01,Modoc,49,8938,29,26,0,26,0
2020-10-01,Mono,51,14174,169,150,1,151,1
2020-10-01,Monterey,53,433212,10258,9958,36,9994,71
2020-10-01,Napa,55,140530,1789,1729,5,1734,11
2020-10-01,Nevada,57,99092,560,543,14,557,6
2020-10-01,Orange,59,3164182,56057,53088,1527,54615,1257
2020-10-01,Placer,61,380077,3746,3599,13,3612,45
2020-10-01,Plumas,63,18699,51,48,0,48,0
2020-10-01,Riverside,65,2383286,60945,59293,191,59484,1223
2020-10-01,Sacramento,67,1510023,23286,22714,20,22734,433
2020-10-01,San Benito,69,59416,1357,1346,0,1346,12
2020-10-01,San Bernardino,71,2135413,56296,54350,60,54410,1021
2020-10-01,San Diego,73,3302833,49436,47487,0,47487,792
2020-10-01,San Francisco,75,870044,11514,11284,28,11312,110
2020-10-01,San Joaquin,77,732212,20590,20204,64,20268,471
2020-10-01,San Luis Obispo,79,281455,3790,3625,15,3640,31
2020-10-01,San Mateo,81,765935,10471,9681,6,9687,128
2020-10-01,Santa Barbara,83,443738,9733,9215,67,9282,118
2020-10-01,Santa Clara,85,1922200,22475,21398,32,21430,305
2020-10-01,Santa Cruz,87,273765,2529,2418,35,2453,10
2020-10-01,Shasta,89,179085,1398,991,14,1005,18
2020-10-01,Sierra,91,2930,6,6,0,6,0
2020-10-01,Siskiyou,93,43540,164,150,10,160,0
2020-10-01,Solano,95,438530,6535,6352,41,6393,52
2020-10-01,Sonoma,97,501317,8084,7569,21,7590,125
2020-10-01,Stanislaus,99,539301,16760,16555,581,17136,346
2020-10-01,Sutter,101,95872,1727,1684,1,1685,11
2020-10-01,Tehama,103,63373,653,606,2,608,3
2020-10-01,Trinity,105,12862,32,15,5,20,0
2020-10-01,Tulare,107,460477,16587,16182,164,16346,275
2020-10-01,Tuolumne,109,53932,235,223,2,225,2
2020-10-01,Ventura,111,848112,13525,13057,196,13253,146
2020-10-01,Yolo,113,214977,2904,2833,6,2839,55
2020-10-01,Yuba,115,75493,1114,1082,5,1087,8
2020-09-30,Alameda,1,1643700,21802,21271,193,21464,380
2020-09-30,Alpine,3,1148,4,2,0,2,0
2020-09-30,Amador,5,37829,300,294,0,294,16
2020-09-30,Butte,7,227075,2971,2858,23,2881,44
2020-09-30,Calaveras,9,45235,313,258,0,258,11
2020-09-30,Colusa,11,21464,534,534,0,534,6
2020-09-30,Contra Costa,13,1133247,17488,16819,87,16906,211
2020-09-30,Del Norte,15,27424,146,140,0,140,2
2020-09-30,El Dorado,17,186661,1234,1157,1,1158,4
2020-09-30,Fresno,19,978130,30991,28706,384,29090,395
2020-09-30,Glenn,21,27897,607,592,0,592,3
2020-09-30,Humboldt,23,135768,517,497,1,498,6
2020-09-30,Imperial,25,180216,12007,10868,8,10876,287
2020-09-30,Inyo,27,18085,196,189,0,189,14
2020-09-30,Kern,29,883053,32335,31601,336,31937,398
2020-09-30,Kings,31,150075,8016,7685,43,7728,79
2020-09-30,Lake,33,64148,597,567,0,567,10
2020-09-30,Lassen,35,31185,747,742,2,744,0
2020-09-30,Los Angeles,37,10098052,274026,270260,2076,272336,6568
2020-09-30,Madera,39,155013,4667,4477,25,4502,47
2020-09-30,Marin,41,260295,6807,6700,17,6717,91
2020-09-30,Mariposa,43,17540,78,76,0,76,2
2020-09-30,Mendocino,45,87422,937,867,2,869,17
2020-09-30,Merced,47,269075,9034,8926,21,8947,136
2020-09-30,Modoc,49,8938,29,26,0,26,0
2020-09-30,Mono,51,14174,169,150,1,151,1
2020-09-30,Monterey,53,433212,10208,9898,35,9933,70
2020-09-30,Napa,55,140530,1775,1728,5,1733,11
2020-09-30,Nevada,57,99092,558,540,14,554,6
2020-09-30,Orange,59,3164182,55865,52916,1512,54428,1251
2020-09-30,Placer,61,380077,3725,3585,13,3598,43
2020-09-30,Plumas,63,18699,51,48,0,48,0
2020-09-30,Riverside,65,2383286,60593,59074,186,59260,1220
2020-09-30,Sacramento,67,1510023,23183,22613,20,22633,429
2020-09-30,San Benito,69,59416,1354,1342,0,1342,12
2020-09-30,San Bernardino,71,2135413,56018,53988,60,54048,1018
2020-09-30,San Diego,73,3302833,49134,47182,0,47182,783
2020-09-30,San Francisco,75,870044,11484,11247,28,11275,106
2020-09-30,San Joaquin,77,732212,20507,20150,62,20212,461
2020-09-30,San Luis Obispo,79,281455,3765,3597,15,3612,31
2020-09-30,San Mateo,81,765935,10429,9634,6,9640,128
2020-09-30,Santa Barbara,83,443738,9708,9186,67,9253,115
2020-09-30,Santa Clara,85,1922200,22370,21318,32,21350,302
2020-09-30,Santa Cruz,87,273765,2516,2405,35,2440,10
2020-09-30,Shasta,89,179085,1342,976,13,989,17
2020-09-30,Sierra,91,2930,6,6,0,6,0
2020-09-30,Siskiyou,93,43540,162,150,10,160,0
2020-09-30,Solano,95,438530,6493,6315,41,6356,51
2020-09-30,Sonoma,97,501317,7995,7494,21,7515,125
2020-09-30,Stanislaus,99,539301,16713,16531,575,17106,343
2020-09-30,Sutter,101,95872,1711,1680,1,1681,10
2020-09-30,Tehama,103,63373,647,594,2,596,3
2020-09-30,Trinity,105,12862,29,15,5,20,0
2020-09-30,Tulare,107,460477,16521,16117,157,16274,274
2020-09-30,Tuolumne,109,53932,233,224,2,226,2
2020-09-30,Ventura,111,848112,13490,12968,180,13148,145
2020-09-30,Yolo,113,214977,2891,2822,6,2828,55
2020-09-30,Yuba,115,75493,1111,1075,5,1080,8
2020-09-29,Alameda,1,1643700,21726,21241,189,21430,374
2020-09-29,Alpine,3,1148,4,2,0,2,0
2020-09-29,Amador,5,37829,298,294,0,294,16
2020-09-29,Butte,7,227075,2957,2848,23,2871,44
2020-09-29,Calaveras,9,45235,311,261,0,261,11
2020-09-29,Colusa,11,21464,534,534,0,534,6
2020-09-29,Contra Costa,13,1133247,17433,16716,85,16801,209
2020-09-29,Del Norte,15,27424,142,142,0,142,2
2020-09-29,El Dorado,17,186661,1225,1151,1,1152,4
2020-09-29,Fresno,19,978130,30896,28621,383,29004,394
2020-09-29,Glenn,21,27897,603,589,0,589,3
2020-09-29,Humboldt,23,135768,515,497,1,498,6
2020-09-29,Imperial,25,180216,11973,10811,8,10819,283
2020-09-29,Inyo,27,18085,195,188,0,188,14
2020-09-29,Kern,29,883053,32280,31534,335,31869,397
2020-09-29,Kings,31,150075,7960,7681,42,7723,78
2020-09-29,Lake,33,64148,595,566,0,566,11
2020-09-29,Lassen,35,31185,747,741,2,743,0
2020-09-29,Los Angeles,37,10098052,272808,269246,2046,271292,6545
2020-09-29,Madera,39,155013,4643,4453,25,4478,47
2020-09-29,Marin,41,260295,6786,6692,17,6709,91
2020-09-29,Mariposa,43,17540,78,74,0,74,2
2020-09-29,Mendocino,45,87422,927,854,2,856,17
2020-09-29,Merced,47,269075,9021,8892,19,8911,136
2020-09-29,Modoc,49,8938,29,26,0,26,0
2020-09-29,Mono,51,14174,169,149,1,150,1
2020-09-29,Monterey,53,433212,10153,9826,33,9859,70
2020-09-29,Napa,55,140530,1772,1727,5,1732,11
2020-09-29,Nevada,57,99092,553,539,14,553,6
2020-09-29,Orange,59,3164182,55679,52755,1501,54256,1231
2020-09-29,Placer,61,380077,3704,3570,13,3583,42
2020-09-29,Plumas,63,18699,51,48,0,48,0
2020-09-29,Riverside,65,2383286,60264,58863,177,59040,1208
2020-09-29,Sacramento,67,1510023,23062,22547,20,22567,425
2020-09-29,San Benito,69,59416,1349,1341,0,1341,12
2020-09-29,San Bernardino,71,2135413,55710,53753,60,53813,1012
2020-09-29,San Diego,73,3302833,48859,46987,0,46987,781
2020-09-29,San Francisco,75,870044,11448,11142,28,11170,104
2020-09-29,San Joaquin,77,732212,20442,20094,60,20154,454
2020-09-29,San Luis Obispo,79,281455,3745,3581,15,3596,31
2020-09-29,San Mateo,81,765935,10382,9619,6,9625,127
2020-09-29,Santa Barbara,83,443738,9688,9149,66,9215,114
2020-09-29,Santa Clara,85,1922200,22236,21233,31,21264,302
2020-09-29,Santa Cruz,87,273765,2501,2383,34,2417,10
2020-09-29,Shasta,89,179085,1281,943,13,956,17
2020-09-29,Sierra,91,2930,6,6,0,6,0
2020-09-29,Siskiyou,93,43540,156,150,10,160,0
2020-09-29,Solano,95,438530,6459,6303,41,6344,51
2020-09-29,Sonoma,97,501317,7923,7426,21,7447,125
2020-09-29,Stanislaus,99,539301,16683,16505,569,17074,341
2020-09-29,Sutter,101,95872,1705,1677,1,1678,10
2020-09-29,Tehama,103,63373,629,585,2,587,2
2020-09-29,Trinity,105,12862,29,16,5,21,0
2020-09-29,Tulare,107,460477,16458,16055,148,16203,270
2020-09-29,Tuolumne,109,53932,233,224,2,226,2
2020-09-29,Ventura,111,848112,13435,12875,177,13052,145
2020-09-29,Yolo,113,214977,2878,2818,6,2824,55
2020-09-29,Yuba,115,75493,1109,1071,5,1076,8
2020-09-28,Alameda,1,1643700,21641,21133,189,21322,370
2020-09-28,Alpine,3,1148,4,2,0,2,0
2020-09-28,Amador,5,37829,296,294,0,294,16
2020-09-28,Butte,7,227075,2942,2837,23,2860,44
2020-09-28,Calaveras,9,45235,311,257,0,257,11
2020-09-28,Colusa,11,21464,533,531,0,531,6
2020-09-28,Contra Costa,13,1133247,17368,16653,85,16738,195
2020-09-28,Del Norte,15,27424,142,138,0,138,2
2020-09-28,El Dorado,17,186661,1218,1144,1,1145,4
2020-09-28,Fresno,19,978130,30814,28517,375,28892,389
2020-09-28,Glenn,21,27897,601,585,0,585,3
2020-09-28,Humboldt,23,135768,509,495,1,496,6
2020-09-28,Imperial,25,180216,11939,10777,8,10785,283
2020-09-28,Inyo,27,18085,194,188,0,188,14
2020-09-28,Kern,29,883053,32215,31481,331,31812,395
2020-09-28,Kings,31,150075,7819,7661,40,7701,78
2020-09-28,Lake,33,64148,591,559,0,559,10
2020-09-28,Lassen,35,31185,746,737,2,739,0
2020-09-28,Los Angeles,37,10098052,271694,268404,2015,270419,6508
2020-09-28,Madera,39,155013,4622,4438,25,4463,47
2020-09-28,Marin,41,260295,6770,6676,17,6693,91
2020-09-28,Mariposa,43,17540,78,74,0,74,2
2020-09-28,Mendocino,45,87422,912,850,2,852,17
2020-09-28,Merced,47,269075,8993,8869,19,8888,136
2020-09-28,Modoc,49,8938,29,26,0,26,0
2020-09-28,Mono,51,14174,169,148,1,149,1
2020-09-28,Monterey,53,433212,10089,9780,31,9811,69
2020-09-28,Napa,55,140530,1760,1705,5,1710,11
2020-09-28,Nevada,57,99092,545,538,14,552,6
2020-09-28,Orange,59,3164182,55474,52633,1492,54125,1196
2020-09-28,Placer,61,380077,3683,3572,13,3585,42
2020-09-28,Plumas,63,18699,50,48,0,48,0
2020-09-28,Riverside,65,2383286,59965,58570,168,58738,1198
2020-09-28,Sacramento,67,1510023,22914,22392,20,22412,423
2020-09-28,San Benito,69,59416,1346,1336,0,1336,11
2020-09-28,San Bernardino,71,2135413,55367,53501,60,53561,988
2020-09-28,San Diego,73,3302833,48541,46736,0,46736,776
2020-09-28,San Francisco,75,870044,11414,11114,28,11142,100
2020-09-28,San Joaquin,77,732212,20393,19982,59,20041,448
2020-09-28,San Luis Obispo,79,281455,3724,3567,15,3582,31
2020-09-28,San Mateo,81,765935,10332,9582,6,9588,127
2020-09-28,Santa Barbara,83,443738,9670,9121,66,9187,114
2020-09-28,Santa Clara,85,1922200,22120,21180,31,21211,271
2020-09-28,Santa Cruz,87,273765,2491,2359,34,2393,9
2020-09-28,Shasta,89,179085,1227,883,10,893,17
2020-09-28,Sierra,91,2930,6,6,0,6,0
2020-09-28,Siskiyou,93,43540,156,149,10,159,0
2020-09-28,Solano,95,438530,6423,6254,41,6295,51
2020-09-28,Sonoma,97,501317,7847,7369,21,7390,125
2020-09-28,Stanislaus,99,539301,16643,16467,563,17030,336
2020-09-28,Sutter,101,95872,1698,1676,1,1677,10
2020-09-28,Tehama,103,63373,621,579,2,581,2
2020-09-28,Trinity,105,12862,29,16,5,21,0
2020-09-28,Tulare,107,460477,16406,15918,142,16060,270
2020-09-28,Tuolumne,109,53932,233,225,2,227,2
2020-09-28,Ventura,111,848112,13359,12812,170,12982,139
2020-09-28,Yolo,113,214977,2861,2809,6,2815,55
2020-09-28,Yuba,115,75493,1106,1062,5,1067,7
2020-09-27,Alameda,1,1643700,21561,21077,184,21261,370
2020-09-27,Alpine,3,1148,4,2,0,2,0
2020-09-27,Amador,5,37829,296,291,0,291,16
2020-09-27,Butte,7,227075,2931,2833,22,2855,44
2020-09-27,Calaveras,9,45235,310,257,0,257,11
2020-09-27,Colusa,11,21464,532,531,0,531,6
2020-09-27,Contra Costa,13,1133247,17266,16596,84,16680,195
2020-09-27,Del Norte,15,27424,142,138,0,138,2
2020-09-27,El Dorado,17,186661,1203,1130,1,1131,4
2020-09-27,Fresno,19,978130,30709,28441,374,28815,389
2020-09-27,Glenn,21,27897,597,576,0,576,3
2020-09-27,Humboldt,23,135768,507,492,1,493,6
2020-09-27,Imperial,25,180216,11905,10743,8,10751,283
2020-09-27,Inyo,27,18085,192,188,0,188,14
2020-09-27,Kern,29,883053,32096,31462,328,31790,395
2020-09-27,Kings,31,150075,7799,7641,40,7681,78
2020-09-27,Lake,33,64148,587,555,0,555,10
2020-09-27,Lassen,35,31185,746,737,2,739,0
2020-09-27,Los Angeles,37,10098052,270518,267754,1993,269747,6507
2020-09-27,Madera,39,155013,4593,4416,25,4441,47
2020-09-27,Marin,41,260295,6760,6663,17,6680,91
2020-09-27,Mariposa,43,17540,78,74,0,74,2
2020-09-27,Mendocino,45,87422,906,846,2,848,17
2020-09-27,Merced,47,269075,8959,8853,19,8872,136
2020-09-27,Modoc,49,8938,29,26,0,26,0
2020-09-27,Mono,51,14174,169,148,1,149,1
2020-09-27,Monterey,53,433212,10029,9724,30,9754,69
2020-09-27,Napa,55,140530,1755,1690,5,1695,11
2020-09-27,Nevada,57,99092,544,537,14,551,6
2020-09-27,Orange,59,3164182,55200,52458,1482,53940,1195
2020-09-27,Placer,61,380077,3670,3562,13,3575,42
2020-09-27,Plumas,63,18699,50,48,0,48,0
2020-09-27,Riverside,65,2383286,59669,58509,160,58669,1191
2020-09-27,Sacramento,67,1510023,22817,22356,19,22375,422
2020-09-27,San Benito,69,59416,1346,1331,0,1331,11
2020-09-27,San Bernardino,71,2135413,54931,53127,60,53187,988
2020-09-27,San Diego,73,3302833,48197,46612,0,46612,776
2020-09-27,San Francisco,75,870044,11362,11114,28,11142,100
2020-09-27,San Joaquin,77,732212,20333,19981,59,20040,448
2020-09-27,San Luis Obispo,79,281455,3703,3562,15,3577,31
2020-09-27,San Mateo,81,765935,10264,9566,6,9572,127
2020-09-27,Santa Barbara,83,443738,9649,9090,65,9155,114
2020-09-27,Santa Clara,85,1922200,22011,21091,31,21122,271
2020-09-27,Santa Cruz,87,273765,2469,2359,34,2393,9
2020-09-27,Shasta,89,179085,1184,883,9,892,17
2020-09-27,Sierra,91,2930,6,6,0,6,0
2020-09-27,Siskiyou,93,43540,155,149,10,159,0
2020-09-27,Solano,95,438530,6388,6211,41,6252,51
2020-09-27,Sonoma,97,501317,7766,7336,21,7357,124
2020-09-27,Stanislaus,99,539301,16593,16448,556,17004,336
2020-09-27,Sutter,101,95872,1691,1672,1,1673,10
2020-09-27,Tehama,103,63373,604,573,2,575,2
2020-09-27,Trinity,105,12862,29,16,5,21,0
2020-09-27,Tulare,107,460477,16330,15918,132,16050,270
2020-09-27,Tuolumne,109,53932,232,224,2,226,2
2020-09-27,Ventura,111,848112,13274,12775,161,12936,139
2020-09-27,Yolo,113,214977,2847,2796,6,2802,55
2020-09-27,Yuba,115,75493,1096,1059,5,1064,7
2020-09-26,Alameda,1,1643700,21503,21019,183,21202,370
2020-09-26,Alpine,3,1148,4,2,0,2,0
2020-09-26,Amador,5,37829,295,291,0,291,16
2020-09-26,Butte,7,227075,2923,2827,22,2849,44
2020-09-26,Calaveras,9,45235,310,257,0,257,11
2020-09-26,Colusa,11,21464,532,529,0,529,6
2020-09-26,Contra Costa,13,1133247,17224,16508,84,16592,194
2020-09-26,Del Norte,15,27424,142,138,0,138,2
2020-09-26,El Dorado,17,186661,1198,1127,1,1128,4
2020-09-26,Fresno,19,978130,30642,28336,374,28710,389
2020-09-26,Glenn,21,27897,597,576,0,576,3
2020-09-26,Humboldt,23,135768,507,491,1,492,6
2020-09-26,Imperial,25,180216,11888,10721,8,10729,283
2020-09-26,Inyo,27,18085,191,187,0,187,14
2020-09-26,Kern,29,883053,32045,31410,328,31738,394
2020-09-26,Kings,31,150075,7787,7537,40,7577,78
2020-09-26,Lake,33,64148,584,549,0,549,10
2020-09-26,Lassen,35,31185,746,737,2,739,0
2020-09-26,Los Angeles,37,10098052,269883,266931,1976,268907,6497
2020-09-26,Madera,39,155013,4577,4410,25,4435,47
2020-09-26,Marin,41,260295,6747,6641,17,6658,91
2020-09-26,Mariposa,43,17540,77,74,0,74,2
2020-09-26,Mendocino,45,87422,901,836,2,838,17
2020-09-26,Merced,47,269075,8947,8841,18,8859,136
2020-09-26,Modoc,49,8938,29,26,0,26,0
2020-09-26,Mono,51,14174,169,148,1,149,1
2020-09-26,Monterey,53,433212,10002,9651,30,9681,68
2020-09-26,Napa,55,140530,1753,1681,5,1686,11
2020-09-26,Nevada,57,99092,544,534,14,548,6
2020-09-26,Orange,59,3164182,55060,52203,1476,53679,1194
2020-09-26,Placer,61,380077,3657,3551,13,3564,42
2020-09-26,Plumas,63,18699,49,48,0,48,0
2020-09-26,Riverside,65,2383286,59534,58076,158,58234,1190
2020-09-26,Sacramento,67,1510023,22760,22269,19,22288,421
2020-09-26,San Benito,69,59416,1344,1325,0,1325,11
2020-09-26,San Bernardino,71,2135413,54797,53122,60,53182,988
2020-09-26,San Diego,73,3302833,47992,46333,0,46333,775
2020-09-26,San Francisco,75,870044,11334,11113,28,11141,100
2020-09-26,San Joaquin,77,732212,20297,19982,57,20039,449
2020-09-26,San Luis Obispo,79,281455,3686,3546,15,3561,31
2020-09-26,San Mateo,81,765935,10230,9509,6,9515,127
2020-09-26,Santa Barbara,83,443738,9638,9061,65,9126,114
2020-09-26,Santa Clara,85,1922200,21940,20967,30,20997,270
2020-09-26,Santa Cruz,87,273765,2461,2336,34,2370,9
2020-09-26,Shasta,89,179085,1134,856,8,864,17
2020-09-26,Sierra,91,2930,6,6,0,6,0
2020-09-26,Siskiyou,93,43540,154,149,10,159,0
2020-09-26,Solano,95,438530,6369,6209,41,6250,51
2020-09-26,Sonoma,97,501317,7741,7285,20,7305,124
2020-09-26,Stanislaus,99,539301,16568,16421,547,16968,336
2020-09-26,Sutter,101,95872,1686,1662,1,1663,10
2020-09-26,Tehama,103,63373,592,560,2,562,2
2020-09-26,Trinity,105,12862,27,16,5,21,0
2020-09-26,Tulare,107,460477,16306,15881,130,16011,270
2020-09-26,Tuolumne,109,53932,232,223,2,225,2
2020-09-26,Ventura,111,848112,13242,12729,159,12888,137
2020-09-26,Yolo,113,214977,2845,2789,6,2795,55
2020-09-26,Yuba,115,75493,1092,1056,5,1061,7
2020-09-25,Alameda,1,1643700,21449,20911,183,21094,367
2020-09-25,Alpine,3,1148,4,2,0,2,0
2020-09-25,Amador,5,37829,295,289,0,289,16
2020-09-25,Butte,7,227075,2918,2819,22,2841,43
2020-09-25,Calaveras,9,45235,310,257,0,257,11
2020-09-25,Colusa,11,21464,532,528,0,528,6
2020-09-25,Contra Costa,13,1133247,17165,16401,84,16485,194
2020-09-25,Del Norte,15,27424,142,138,0,138,2
2020-09-25,El Dorado,17,186661,1194,1104,1,1105,4
2020-09-25,Fresno,19,978130,30583,28199,373,28572,385
2020-09-25,Glenn,21,27897,595,570,0,570,3
2020-09-25,Humboldt,23,135768,506,489,1,490,5
2020-09-25,Imperial,25,180216,11870,10681,8,10689,283
2020-09-25,Inyo,27,18085,189,187,0,187,14
2020-09-25,Kern,29,883053,31992,31333,326,31659,393
2020-09-25,Kings,31,150075,7782,7450,40,7490,77
2020-09-25,Lake,33,64148,583,539,0,539,9
2020-09-25,Lassen,35,31185,746,737,2,739,0
2020-09-25,Los Angeles,37,10098052,269095,265713,1962,267675,6483
2020-09-25,Madera,39,155013,4558,4369,25,4394,48
2020-09-25,Marin,41,260295,6744,6622,17,6639,90
2020-09-25,Mariposa,43,17540,77,74,0,74,2
2020-09-25,Mendocino,45,87422,886,819,2,821,17
2020-09-25,Merced,47,269075,8931,8830,18,8848,135
2020-09-25,Modoc,49,8938,29,26,0,26,0
2020-09-25,Mono,51,14174,169,149,1,150,1
2020-09-25,Monterey,53,433212,9950,9581,30,9611,68
2020-09-25,Napa,55,140530,1751,1669,5,1674,11
2020-09-25,Nevada,57,99092,542,529,14,543,6
2020-09-25,Orange,59,3164182,54933,52031,1467,53498,1184
2020-09-25,Placer,61,380077,3646,3527,13,3540,41
2020-09-25,Plumas,63,18699,49,48,0,48,0
2020-09-25,Riverside,65,2383286,59358,57783,153,57936,1183
2020-09-25,Sacramento,67,1510023,22682,22132,19,22151,418
2020-09-25,San Benito,69,59416,1343,1318,0,1318,11
2020-09-25,San Bernardino,71,2135413,54643,52814,60,52874,987
2020-09-25,San Diego,73,3302833,47790,46003,0,46003,775
2020-09-25,San Francisco,75,870044,11300,11066,27,11093,100
2020-09-25,San Joaquin,77,732212,20245,19909,57,19966,449
2020-09-25,San Luis Obispo,79,281455,3676,3512,15,3527,31
2020-09-25,San Mateo,81,765935,10194,9447,6,9453,127
2020-09-25,Santa Barbara,83,443738,9614,9026,65,9091,114
2020-09-25,Santa Clara,85,1922200,21877,20812,29,20841,265
2020-09-25,Santa Cruz,87,273765,2449,2309,33,2342,9
2020-09-25,Shasta,89,179085,1100,806,8,814,16
2020-09-25,Sierra,91,2930,6,6,0,6,0
2020-09-25,Siskiyou,93,43540,154,149,10,159,0
2020-09-25,Solano,95,438530,6353,6179,41,6220,50
2020-09-25,Sonoma,97,501317,7701,7202,20,7222,124
2020-09-25,Stanislaus,99,539301,16550,16381,545,16926,326
2020-09-25,Sutter,101,95872,1683,1655,1,1656,10
2020-09-25,Tehama,103,63373,584,546,2,548,2
2020-09-25,Trinity,105,12862,27,15,5,20,0
2020-09-25,Tulare,107,460477,16267,15815,127,15942,267
2020-09-25,Tuolumne,109,53932,232,223,2,225,2
2020-09-25,Ventura,111,848112,13200,12664,156,12820,137
2020-09-25,Yolo,113,214977,2837,2784,6,2790,55
2020-09-25,Yuba,115,75493,1087,1049,5,1054,5
2020-09-24,Alameda,1,1643700,21374,20838,180,21018,364
2020-09-24,Alpine,3,1148,4,2,0,2,0
2020-09-24,Amador,5,37829,295,288,0,288,16
2020-09-24,Butte,7,227075,2907,2803,22,2825,43
2020-09-24,Calaveras,9,45235,310,258,0,258,11
2020-09-24,Colusa,11,21464,532,523,0,523,6
2020-09-24,Contra Costa,13,1133247,17083,16252,84,16336,192
2020-09-24,Del Norte,15,27424,138,137,0,137,2
2020-09-24,El Dorado,17,186661,1185,1093,1,1094,4
2020-09-24,Fresno,19,978130,30478,28106,369,28475,375
2020-09-24,Glenn,21,27897,591,567,0,567,3
2020-09-24,Humboldt,23,135768,503,482,1,483,5
2020-09-24,Imperial,25,180216,11846,10622,8,10630,283
2020-09-24,Inyo,27,18085,189,187,0,187,13
2020-09-24,Kern,29,883053,31929,31273,324,31597,388
2020-09-24,Kings,31,150075,7766,7428,40,7468,76
2020-09-24,Lake,33,64148,574,531,0,531,9
2020-09-24,Lassen,35,31185,745,737,2,739,0
2020-09-24,Los Angeles,37,10098052,268051,264374,1943,266317,6452
2020-09-24,Madera,39,155013,4539,4344,25,4369,48
2020-09-24,Marin,41,260295,6716,6588,17,6605,85
2020-09-24,Mariposa,43,17540,77,74,0,74,2
2020-09-24,Mendocino,45,87422,882,810,2,812,17
2020-09-24,Merced,47,269075,8902,8813,17,8830,135
2020-09-24,Modoc,49,8938,29,24,0,24,0
2020-09-24,Mono,51,14174,169,149,1,150,1
2020-09-24,Monterey,53,433212,9884,9544,27,9571,67
2020-09-24,Napa,55,140530,1739,1661,5,1666,11
2020-09-24,Nevada,57,99092,541,527,14,541,6
2020-09-24,Orange,59,3164182,54725,51749,1450,53199,1164
2020-09-24,Placer,61,380077,3631,3514,13,3527,41
2020-09-24,Plumas,63,18699,49,48,0,48,0
2020-09-24,Riverside,65,2383286,59090,57491,147,57638,1172
2020-09-24,Sacramento,67,1510023,22556,21985,19,22004,417
2020-09-24,San Benito,69,59416,1341,1308,0,1308,11
2020-09-24,San Bernardino,71,2135413,54308,52455,60,52515,988
2020-09-24,San Diego,73,3302833,47521,45598,0,45598,773
2020-09-24,San Francisco,75,870044,11253,10992,27,11019,99
2020-09-24,San Joaquin,77,732212,20208,19851,56,19907,444
2020-09-24,San Luis Obispo,79,281455,3660,3480,15,3495,31
2020-09-24,San Mateo,81,765935,10146,9376,6,9382,127
2020-09-24,Santa Barbara,83,443738,9563,8988,64,9052,114
2020-09-24,Santa Clara,85,1922200,21789,20689,29,20718,262
2020-09-24,Santa Cruz,87,273765,2429,2300,31,2331,9
2020-09-24,Shasta,89,179085,1063,773,5,778,14
2020-09-24,Sierra,91,2930,6,6,0,6,0
2020-09-24,Siskiyou,93,43540,154,149,10,159,0
2020-09-24,Solano,95,438530,6320,6137,41,6178,49
2020-09-24,Sonoma,97,501317,7620,7163,20,7183,122
2020-09-24,Stanislaus,99,539301,16513,16326,540,16866,326
2020-09-24,Sutter,101,95872,1680,1646,1,1647,10
2020-09-24,Tehama,103,63373,581,540,2,542,2
2020-09-24,Trinity,105,12862,27,15,5,20,0
2020-09-24,Tulare,107,460477,16202,15754,126,15880,267
2020-09-24,Tuolumne,109,53932,232,224,2,226,2
2020-09-24,Ventura,111,848112,13118,12617,155,12772,138
2020-09-24,Yolo,113,214977,2830,2776,6,2782,55
2020-09-24,Yuba,115,75493,1082,1042,5,1047,5
2020-09-23,Alameda,1,1643700,21306,20718,179,20897,361
2020-09-23,Alpine,3,1148,4,2,0,2,0
2020-09-23,Amador,5,37829,294,288,0,288,16
2020-09-23,Butte,7,227075,2899,2790,22,2812,43
2020-09-23,Calaveras,9,45235,309,258,0,258,11
2020-09-23,Colusa,11,21464,531,521,0,521,6
2020-09-23,Contra Costa,13,1133247,17019,16167,83,16250,192
2020-09-23,Del Norte,15,27424,136,137,0,137,2
2020-09-23,El Dorado,17,186661,1171,1088,1,1089,4
2020-09-23,Fresno,19,978130,30384,28019,366,28385,371
2020-09-23,Glenn,21,27897,584,561,0,561,3
2020-09-23,Humboldt,23,135768,499,477,1,478,5
2020-09-23,Imperial,25,180216,11820,10587,8,10595,284
2020-09-23,Inyo,27,18085,188,177,0,177,13
2020-09-23,Kern,29,883053,31885,31172,322,31494,387
2020-09-23,Kings,31,150075,7744,7406,40,7446,76
2020-09-23,Lake,33,64148,569,519,0,519,9
2020-09-23,Lassen,35,31185,745,736,2,738,0
2020-09-23,Los Angeles,37,10098052,267006,263318,1913,265231,6421
2020-09-23,Madera,39,155013,4524,4311,25,4336,48
2020-09-23,Marin,41,260295,6697,6567,17,6584,85
2020-09-23,Mariposa,43,17540,77,74,0,74,2
2020-09-23,Mendocino,45,87422,881,801,1,802,17
2020-09-23,Merced,47,269075,8881,8785,16,8801,134
2020-09-23,Modoc,49,8938,29,24,0,24,0
2020-09-23,Mono,51,14174,169,149,1,150,1
2020-09-23,Monterey,53,433212,9815,9452,27,9479,67
2020-09-23,Napa,55,140530,1730,1653,5,1658,11
2020-09-23,Nevada,57,99092,540,523,14,537,6
2020-09-23,Orange,59,3164182,54497,51658,1443,53101,1155
2020-09-23,Placer,61,380077,3619,3506,13,3519,41
2020-09-23,Plumas,63,18699,49,48,0,48,0
2020-09-23,Riverside,65,2383286,58787,57257,144,57401,1165
2020-09-23,Sacramento,67,1510023,22479,21821,19,21840,415
2020-09-23,San Benito,69,59416,1335,1305,0,1305,10
2020-09-23,San Bernardino,71,2135413,54014,52132,59,52191,973
2020-09-23,San Diego,73,3302833,47245,45427,0,45427,767
2020-09-23,San Francisco,75,870044,11204,10926,27,10953,95
2020-09-23,San Joaquin,77,732212,20155,19785,56,19841,439
2020-09-23,San Luis Obispo,79,281455,3642,3447,15,3462,31
2020-09-23,San Mateo,81,765935,10106,9351,6,9357,127
2020-09-23,Santa Barbara,83,443738,9535,8952,64,9016,112
2020-09-23,Santa Clara,85,1922200,21679,20575,26,20601,260
2020-09-23,Santa Cruz,87,273765,2410,2283,31,2314,9
2020-09-23,Shasta,89,179085,1024,756,4,760,14
2020-09-23,Sierra,91,2930,6,6,0,6,0
2020-09-23,Siskiyou,93,43540,154,149,10,159,0
2020-09-23,Solano,95,438530,6295,6123,41,6164,50
2020-09-23,Sonoma,97,501317,7544,7091,20,7111,122
2020-09-23,Stanislaus,99,539301,16483,16271,537,16808,317
2020-09-23,Sutter,101,95872,1676,1646,1,1647,10
2020-09-23,Tehama,103,63373,575,533,2,535,2
2020-09-23,Trinity,105,12862,27,15,5,20,0
2020-09-23,Tulare,107,460477,16138,15664,124,15788,266
2020-09-23,Tuolumne,109,53932,232,223,2,225,2
2020-09-23,Ventura,111,848112,13063,12591,152,12743,137
2020-09-23,Yolo,113,214977,2812,2766,6,2772,55
2020-09-23,Yuba,115,75493,1080,1038,5,1043,5
2020-09-22,Alameda,1,1643700,21227,20607,177,20784,355
2020-09-22,Alpine,3,1148,3,2,0,2,0
2020-09-22,Amador,5,37829,293,287,0,287,16
2020-09-22,Butte,7,227075,2894,2776,22,2798,43
2020-09-22,Calaveras,9,45235,309,258,0,258,11
2020-09-22,Colusa,11,21464,529,518,0,518,6
2020-09-22,Contra Costa,13,1133247,16929,16090,83,16173,190
2020-09-22,Del Norte,15,27424,136,137,0,137,2
2020-09-22,El Dorado,17,186661,1152,1076,1,1077,4
2020-09-22,Fresno,19,978130,30290,27944,363,28307,369
2020-09-22,Glenn,21,27897,581,560,0,560,3
2020-09-22,Humboldt,23,135768,498,476,1,477,5
2020-09-22,Imperial,25,180216,11791,10529,8,10537,284
2020-09-22,Inyo,27,18085,188,177,0,177,13
2020-09-22,Kern,29,883053,31817,31110,315,31425,383
2020-09-22,Kings,31,150075,7687,7395,39,7434,76
2020-09-22,Lake,33,64148,561,516,0,516,9
2020-09-22,Lassen,35,31185,744,736,2,738,0
2020-09-22,Los Angeles,37,10098052,265930,262117,1884,264001,6394
2020-09-22,Madera,39,155013,4508,4303,25,4328,47
2020-09-22,Marin,41,260295,6683,6561,17,6578,84
2020-09-22,Mariposa,43,17540,77,74,0,74,2
2020-09-22,Mendocino,45,87422,861,794,1,795,18
2020-09-22,Merced,47,269075,8851,8769,16,8785,132
2020-09-22,Modoc,49,8938,29,24,0,24,0
2020-09-22,Mono,51,14174,168,149,1,150,1
2020-09-22,Monterey,53,433212,9757,9393,27,9420,67
2020-09-22,Napa,55,140530,1713,1652,5,1657,11
2020-09-22,Nevada,57,99092,540,523,14,537,6
2020-09-22,Orange,59,3164182,54247,51528,1435,52963,1132
2020-09-22,Placer,61,380077,3606,3492,13,3505,40
2020-09-22,Plumas,63,18699,49,48,0,48,0
2020-09-22,Riverside,65,2383286,58301,57066,140,57206,1162
2020-09-22,Sacramento,67,1510023,22360,21745,19,21764,410
2020-09-22,San Benito,69,59416,1330,1305,0,1305,10
2020-09-22,San Bernardino,71,2135413,53741,51899,59,51958,971
2020-09-22,San Diego,73,3302833,46938,45149,0,45149,765
2020-09-22,San Francisco,75,870044,11160,10893,26,10919,95
2020-09-22,San Joaquin,77,732212,20108,19755,55,19810,426
2020-09-22,San Luis Obispo,79,281455,3625,3420,15,3435,31
2020-09-22,San Mateo,81,765935,10068,9291,6,9297,127
2020-09-22,Santa Barbara,83,443738,9505,8927,63,8990,111
2020-09-22,Santa Clara,85,1922200,21561,20514,26,20540,253
2020-09-22,Santa Cruz,87,273765,2386,2264,31,2295,8
2020-09-22,Shasta,89,179085,989,723,4,727,14
2020-09-22,Sierra,91,2930,6,6,0,6,0
2020-09-22,Siskiyou,93,43540,154,149,10,159,0
2020-09-22,Solano,95,438530,6264,6107,41,6148,48
2020-09-22,Sonoma,97,501317,7465,7068,19,7087,117
2020-09-22,Stanislaus,99,539301,16461,16231,529,16760,316
2020-09-22,Sutter,101,95872,1670,1638,1,1639,10
2020-09-22,Tehama,103,63373,567,529,2,531,2
2020-09-22,Trinity,105,12862,27,15,5,20,0
2020-09-22,Tulare,107,460477,16072,15616,120,15736,263
2020-09-22,Tuolumne,109,53932,231,224,2,226,1
2020-09-22,Ventura,111,848112,13012,12507,148,12655,136
2020-09-22,Yolo,113,214977,2805,2763,6,2769,54
2020-09-22,Yuba,115,75493,1071,1035,5,1040,5
2020-09-21,Alameda,1,1643700,21148,20501,176,20677,343
2020-09-21,Alpine,3,1148,3,2,0,2,0
2020-09-21,Amador,5,37829,291,286,0,286,16
2020-09-21,Butte,7,227075,2881,2769,22,2791,41
2020-09-21,Calaveras,9,45235,307,256,0,256,10
2020-09-21,Colusa,11,21464,528,517,0,517,6
2020-09-21,Contra Costa,13,1133247,16841,16008,83,16091,189
2020-09-21,Del Norte,15,27424,136,132,0,132,2
2020-09-21,El Dorado,17,186661,1143,1074,1,1075,4
2020-09-21,Fresno,19,978130,30188,27843,356,28199,362
2020-09-21,Glenn,21,27897,577,556,0,556,3
2020-09-21,Humboldt,23,135768,494,473,1,474,5
2020-09-21,Imperial,25,180216,11760,10521,8,10529,284
2020-09-21,Inyo,27,18085,187,177,0,177,12
2020-09-21,Kern,29,883053,31746,31031,313,31344,379
2020-09-21,Kings,31,150075,7575,7297,37,7334,76
2020-09-21,Lake,33,64148,556,508,0,508,8
2020-09-21,Lassen,35,31185,742,735,2,737,0
2020-09-21,Los Angeles,37,10098052,264845,261418,1839,263257,6360
2020-09-21,Madera,39,155013,4497,4275,24,4299,47
2020-09-21,Marin,41,260295,6672,6538,16,6554,84
2020-09-21,Mariposa,43,17540,76,74,0,74,2
2020-09-21,Mendocino,45,87422,846,778,0,778,18
2020-09-21,Merced,47,269075,8832,8749,14,8763,128
2020-09-21,Modoc,49,8938,29,22,0,22,0
2020-09-21,Mono,51,14174,168,147,1,148,1
2020-09-21,Monterey,53,433212,9693,9331,24,9355,66
2020-09-21,Napa,55,140530,1702,1641,5,1646,11
2020-09-21,Nevada,57,99092,538,515,14,529,6
2020-09-21,Orange,59,3164182,54027,51363,1428,52791,1110
2020-09-21,Placer,61,380077,3595,3473,13,3486,40
2020-09-21,Plumas,63,18699,49,47,0,47,0
2020-09-21,Riverside,65,2383286,58028,57001,132,57133,1153
2020-09-21,Sacramento,67,1510023,22178,21568,19,21587,404
2020-09-21,San Benito,69,59416,1328,1298,0,1298,10
2020-09-21,San Bernardino,71,2135413,53455,51654,59,51713,970
2020-09-21,San Diego,73,3302833,46655,44927,0,44927,760
2020-09-21,San Francisco,75,870044,11112,10743,26,10769,95
2020-09-21,San Joaquin,77,732212,20050,19579,55,19634,423
2020-09-21,San Luis Obispo,79,281455,3598,3406,15,3421,27
2020-09-21,San Mateo,81,765935,10016,9239,6,9245,127
2020-09-21,Santa Barbara,83,443738,9477,8911,63,8974,110
2020-09-21,Santa Clara,85,1922200,21460,20432,26,20458,252
2020-09-21,Santa Cruz,87,273765,2369,2257,29,2286,8
2020-09-21,Shasta,89,179085,939,696,4,700,14
2020-09-21,Sierra,91,2930,6,6,0,6,0
2020-09-21,Siskiyou,93,43540,154,146,10,156,0
2020-09-21,Solano,95,438530,6240,6019,41,6060,46
2020-09-21,Sonoma,97,501317,7389,7017,19,7036,117
2020-09-21,Stanislaus,99,539301,16431,16186,529,16715,310
2020-09-21,Sutter,101,95872,1663,1634,1,1635,10
2020-09-21,Tehama,103,63373,548,513,2,515,2
2020-09-21,Trinity,105,12862,27,15,5,20,0
2020-09-21,Tulare,107,460477,15998,15528,111,15639,260
2020-09-21,Tuolumne,109,53932,231,221,2,223,1
2020-09-21,Ventura,111,848112,12930,12477,142,12619,133
2020-09-21,Yolo,113,214977,2799,2752,6,2758,54
2020-09-21,Yuba,115,75493,1067,1033,5,1038,1
2020-09-20,Alameda,1,1643700,21048,20425,173,20598,343
2020-09-20,Alpine,3,1148,3,2,0,2,0
2020-09-20,Amador,5,37829,290,286,0,286,16
2020-09-20,Butte,7,227075,2869,2764,22,2786,39
2020-09-20,Calaveras,9,45235,303,256,0,256,10
2020-09-20,Colusa,11,21464,526,510,0,510,6
2020-09-20,Contra Costa,13,1133247,16707,15917,82,15999,189
2020-09-20,Del Norte,15,27424,134,132,0,132,2
2020-09-20,El Dorado,17,186661,1128,1073,1,1074,4
2020-09-20,Fresno,19,978130,30074,27769,350,28119,362
2020-09-20,Glenn,21,27897,573,550,0,550,3
2020-09-20,Humboldt,23,135768,494,472,1,473,5
2020-09-20,Imperial,25,180216,11733,10496,7,10503,284
2020-09-20,Inyo,27,18085,187,177,0,177,12
2020-09-20,Kern,29,883053,31663,30992,309,31301,379
2020-09-20,Kings,31,150075,7528,7159,36,7195,76
2020-09-20,Lake,33,64148,544,492,0,492,8
2020-09-20,Lassen,35,31185,742,735,2,737,0
2020-09-20,Los Angeles,37,10098052,263612,260770,1810,262580,6347
2020-09-20,Madera,39,155013,4477,4257,24,4281,47
2020-09-20,Marin,41,260295,6646,6533,16,6549,83
2020-09-20,Mariposa,43,17540,76,74,0,74,2
2020-09-20,Mendocino,45,87422,834,765,0,765,18
2020-09-20,Merced,47,269075,8805,8745,14,8759,128
2020-09-20,Modoc,49,8938,27,22,0,22,0
2020-09-20,Mono,51,14174,167,147,1,148,1
2020-09-20,Monterey,53,433212,9615,9312,24,9336,65
2020-09-20,Napa,55,140530,1693,1626,5,1631,11
2020-09-20,Nevada,57,99092,535,511,14,525,6
2020-09-20,Orange,59,3164182,53788,51233,1416,52649,1110
2020-09-20,Placer,61,380077,3580,3452,13,3465,40
2020-09-20,Plumas,63,18699,49,47,0,47,0
2020-09-20,Riverside,65,2383286,57828,56783,126,56909,1147
2020-09-20,Sacramento,67,1510023,21991,21394,18,21412,401
2020-09-20,San Benito,69,59416,1317,1291,0,1291,9
2020-09-20,San Bernardino,71,2135413,53135,51559,57,51616,970
2020-09-20,San Diego,73,3302833,46282,44579,0,44579,760
2020-09-20,San Francisco,75,870044,11058,10743,26,10769,95
2020-09-20,San Joaquin,77,732212,19986,19578,47,19625,423
2020-09-20,San Luis Obispo,79,281455,3570,3393,15,3408,27
2020-09-20,San Mateo,81,765935,9949,9198,6,9204,127
2020-09-20,Santa Barbara,83,443738,9443,8880,62,8942,110
2020-09-20,Santa Clara,85,1922200,21340,20330,25,20355,252
2020-09-20,Santa Cruz,87,273765,2349,2199,29,2228,8
2020-09-20,Shasta,89,179085,898,696,3,699,14
2020-09-20,Sierra,91,2930,6,6,0,6,0
2020-09-20,Siskiyou,93,43540,154,146,10,156,0
2020-09-20,Solano,95,438530,6196,6020,41,6061,46
2020-09-20,Sonoma,97,501317,7285,6954,19,6973,117
2020-09-20,Stanislaus,99,539301,16400,16159,522,16681,310
2020-09-20,Sutter,101,95872,1657,1624,1,1625,10
2020-09-20,Tehama,103,63373,535,509,2,511,2
2020-09-20,Trinity,105,12862,27,15,5,20,0
2020-09-20,Tulare,107,460477,15914,15528,105,15633,260
2020-09-20,Tuolumne,109,53932,231,221,2,223,1
2020-09-20,Ventura,111,848112,12865,12406,138,12544,133
2020-09-20,Yolo,113,214977,2791,2745,6,2751,54
2020-09-20,Yuba,115,75493,1060,1029,5,1034,1
2020-09-19,Alameda,1,1643700,20997,20349,170,20519,343
2020-09-19,Alpine,3,1148,3,2,0,2,0
2020-09-19,Amador,5,37829,290,285,0,285,16
2020-09-19,Butte,7,227075,2863,2748,22,2770,38
2020-09-19,Calaveras,9,45235,303,256,0,256,10
2020-09-19,Colusa,11,21464,526,507,0,507,6
2020-09-19,Contra Costa,13,1133247,16644,15783,82,15865,186
2020-09-19,Del Norte,15,27424,133,132,0,132,2
2020-09-19,El Dorado,17,186661,1122,1068,0,1068,4
2020-09-19,Fresno,19,978130,30001,27668,350,28018,362
2020-09-19,Glenn,21,27897,570,547,0,547,3
2020-09-19,Humboldt,23,135768,493,471,1,472,5
2020-09-19,Imperial,25,180216,11718,10496,7,10503,284
2020-09-19,Inyo,27,18085,187,177,0,177,12
2020-09-19,Kern,29,883053,31609,30886,306,31192,379
2020-09-19,Kings,31,150075,7522,7130,36,7166,76
2020-09-19,Lake,33,64148,544,465,0,465,8
2020-09-19,Lassen,35,31185,742,731,2,733,0
2020-09-19,Los Angeles,37,10098052,262989,259801,1794,261595,6325
2020-09-19,Madera,39,155013,4454,4237,24,4261,47
2020-09-19,Marin,41,260295,6639,6513,15,6528,81
2020-09-19,Mariposa,43,17540,76,74,0,74,2
2020-09-19,Mendocino,45,87422,831,750,0,750,18
2020-09-19,Merced,47,269075,8794,8717,13,8730,128
2020-09-19,Modoc,49,8938,27,22,0,22,0
2020-09-19,Mono,51,14174,167,147,1,148,1
2020-09-19,Monterey,53,433212,9573,9237,24,9261,65
2020-09-19,Napa,55,140530,1685,1614,5,1619,11
2020-09-19,Nevada,57,99092,533,505,14,519,6
2020-09-19,Orange,59,3164182,53659,50999,1409,52408,1105
2020-09-19,Placer,61,380077,3572,3412,13,3425,40
2020-09-19,Plumas,63,18699,49,47,0,47,0
2020-09-19,Riverside,65,2383286,57704,56562,125,56687,1147
2020-09-19,Sacramento,67,1510023,21937,21297,18,21315,396
2020-09-19,San Benito,69,59416,1313,1276,0,1276,9
2020-09-19,San Bernardino,71,2135413,52979,51353,55,51408,971
2020-09-19,San Diego,73,3302833,46054,44295,0,44295,773
2020-09-19,San Francisco,75,870044,11025,10741,26,10767,95
2020-09-19,San Joaquin,77,732212,19949,19580,47,19627,424
2020-09-19,San Luis Obispo,79,281455,3549,3369,15,3384,27
2020-09-19,San Mateo,81,765935,9918,9158,6,9164,127
2020-09-19,Santa Barbara,83,443738,9422,8862,62,8924,106
2020-09-19,Santa Clara,85,1922200,21251,20170,25,20195,251
2020-09-19,Santa Cruz,87,273765,2335,2198,29,2227,8
2020-09-19,Shasta,89,179085,871,687,3,690,14
2020-09-19,Sierra,91,2930,6,6,0,6,0
2020-09-19,Siskiyou,93,43540,154,146,10,156,0
2020-09-19,Solano,95,438530,6180,5998,41,6039,46
2020-09-19,Sonoma,97,501317,7251,6905,19,6924,117
2020-09-19,Stanislaus,99,539301,16360,16109,515,16624,313
2020-09-19,Sutter,101,95872,1656,1602,1,1603,10
2020-09-19,Tehama,103,63373,530,498,2,500,2
2020-09-19,Trinity,105,12862,27,15,5,20,0
2020-09-19,Tulare,107,460477,15865,15485,102,15587,260
2020-09-19,Tuolumne,109,53932,231,217,2,219,1
2020-09-19,Ventura,111,848112,12833,12328,138,12466,133
2020-09-19,Yolo,113,214977,2783,2739,6,2745,54
2020-09-19,Yuba,115,75493,1053,1023,5,1028,1
2020-09-18,Alameda,1,1643700,20932,20222,164,20386,341
2020-09-18,Alpine,3,1148,3,2,0,2,0
2020-09-18,Amador,5,37829,290,285,0,285,16
2020-09-18,Butte,7,227075,2861,2738,22,2760,37
2020-09-18,Calaveras,9,45235,303,255,0,255,9
2020-09-18,Colusa,11,21464,526,504,0,504,6
2020-09-18,Contra Costa,13,1133247,16559,15667,82,15749,185
2020-09-18,Del Norte,15,27424,133,131,0,131,2
2020-09-18,El Dorado,17,186661,1109,1063,0,1063,4
2020-09-18,Fresno,19,978130,29936,27560,350,27910,359
2020-09-18,Glenn,21,27897,567,541,0,541,3
2020-09-18,Humboldt,23,135768,490,470,1,471,5
2020-09-18,Imperial,25,180216,11703,10460,7,10467,283
2020-09-18,Inyo,27,18085,187,177,0,177,12
2020-09-18,Kern,29,883053,31551,30742,303,31045,373
2020-09-18,Kings,31,150075,7512,7062,36,7098,74
2020-09-18,Lake,33,64148,538,458,0,458,8
2020-09-18,Lassen,35,31185,741,731,2,733,0
2020-09-18,Los Angeles,37,10098052,262215,258488,1774,260262,6324
2020-09-18,Madera,39,155013,4442,4211,24,4235,45
2020-09-18,Marin,41,260295,6624,6475,15,6490,81
2020-09-18,Mariposa,43,17540,76,74,0,74,2
2020-09-18,Mendocino,45,87422,823,739,0,739,18
2020-09-18,Merced,47,269075,8782,8691,12,8703,127
2020-09-18,Modoc,49,8938,27,22,0,22,0
2020-09-18,Mono,51,14174,165,147,1,148,1
2020-09-18,Monterey,53,433212,9531,9183,24,9207,64
2020-09-18,Napa,55,140530,1679,1604,5,1609,11
2020-09-18,Nevada,57,99092,530,504,14,518,6
2020-09-18,Orange,59,3164182,53512,50733,1397,52130,1107
2020-09-18,Placer,61,380077,3561,3389,13,3402,40
2020-09-18,Plumas,63,18699,49,45,0,45,0
2020-09-18,Riverside,65,2383286,57584,56248,121,56369,1143
2020-09-18,Sacramento,67,1510023,21852,21105,18,21123,391
2020-09-18,San Benito,69,59416,1305,1257,0,1257,8
2020-09-18,San Bernardino,71,2135413,52836,51106,54,51160,970
2020-09-18,San Diego,73,3302833,45804,44009,0,44009,757
2020-09-18,San Francisco,75,870044,10987,10644,25,10669,95
2020-09-18,San Joaquin,77,732212,19906,19531,45,19576,423
2020-09-18,San Luis Obispo,79,281455,3525,3328,15,3343,27
2020-09-18,San Mateo,81,765935,9878,9062,6,9068,127
2020-09-18,Santa Barbara,83,443738,9400,8824,62,8886,107
2020-09-18,Santa Clara,85,1922200,21154,20058,25,20083,252
2020-09-18,Santa Cruz,87,273765,2314,2180,28,2208,8
2020-09-18,Shasta,89,179085,836,668,3,671,14
2020-09-18,Sierra,91,2930,6,6,0,6,0
2020-09-18,Siskiyou,93,43540,153,146,10,156,0
2020-09-18,Solano,95,438530,6164,5961,41,6002,46
2020-09-18,Sonoma,97,501317,7203,6856,19,6875,114
2020-09-18,Stanislaus,99,539301,16332,16042,509,16551,277
2020-09-18,Sutter,101,95872,1648,1586,1,1587,10
2020-09-18,Tehama,103,63373,530,490,2,492,2
2020-09-18,Trinity,105,12862,27,15,4,19,0
2020-09-18,Tulare,107,460477,15832,15435,98,15533,259
2020-09-18,Tuolumne,109,53932,230,216,2,218,1
2020-09-18,Ventura,111,848112,12772,12236,134,12370,133
2020-09-18,Yolo,113,214977,2777,2732,6,2738,54
2020-09-18,Yuba,115,75493,1049,1020,5,1025,1
2020-09-17,Alameda,1,1643700,20834,20146,164,20310,339
2020-09-17,Alpine,3,1148,3,2,0,2,0
2020-09-17,Amador,5,37829,288,284,0,284,16
2020-09-17,Butte,7,227075,2843,2720,22,2742,38
2020-09-17,Calaveras,9,45235,303,254,0,254,9
2020-09-17,Colusa,11,21464,524,499,0,499,6
2020-09-17,Contra Costa,13,1133247,16469,15576,82,15658,184
2020-09-17,Del Norte,15,27424,133,131,0,131,2
2020-09-17,El Dorado,17,186661,1100,1057,0,1057,4
2020-09-17,Fresno,19,978130,29827,27487,345,27832,355
2020-09-17,Glenn,21,27897,566,541,0,541,3
2020-09-17,Humboldt,23,135768,484,466,1,467,5
2020-09-17,Imperial,25,180216,11686,10436,7,10443,281
2020-09-17,Inyo,27,18085,187,176,0,176,12
2020-09-17,Kern,29,883053,31490,30627,296,30923,372
2020-09-17,Kings,31,150075,7441,7015,36,7051,72
2020-09-17,Lake,33,64148,528,433,0,433,8
2020-09-17,Lassen,35,31185,739,731,2,733,0
2020-09-17,Los Angeles,37,10098052,261272,257246,1759,259005,6318
2020-09-17,Madera,39,155013,4408,4152,24,4176,45
2020-09-17,Marin,41,260295,6603,6457,15,6472,81
2020-09-17,Mariposa,43,17540,75,74,0,74,2
2020-09-17,Mendocino,45,87422,812,737,0,737,18
2020-09-17,Merced,47,269075,8763,8671,12,8683,119
2020-09-17,Modoc,49,8938,27,22,0,22,0
2020-09-17,Mono,51,14174,165,147,1,148,1
2020-09-17,Monterey,53,433212,9469,9113,23,9136,62
2020-09-17,Napa,55,140530,1668,1592,5,1597,11
2020-09-17,Nevada,57,99092,528,494,14,508,6
2020-09-17,Orange,59,3164182,53333,50537,1383,51920,1098
2020-09-17,Placer,61,380077,3541,3368,13,3381,40
2020-09-17,Plumas,63,18699,49,45,0,45,0
2020-09-17,Riverside,65,2383286,57359,56007,118,56125,1134
2020-09-17,Sacramento,67,1510023,21619,20895,18,20913,385
2020-09-17,San Benito,69,59416,1302,1252,0,1252,8
2020-09-17,San Bernardino,71,2135413,52635,50770,54,50824,904
2020-09-17,San Diego,73,3302833,45525,43621,0,43621,754
2020-09-17,San Francisco,75,870044,10893,10564,25,10589,95
2020-09-17,San Joaquin,77,732212,19847,19439,45,19484,416
2020-09-17,San Luis Obispo,79,281455,3498,3299,15,3314,27
2020-09-17,San Mateo,81,765935,9836,8984,6,8990,127
2020-09-17,Santa Barbara,83,443738,9376,8779,62,8841,107
2020-09-17,Santa Clara,85,1922200,21039,19825,25,19850,254
2020-09-17,Santa Cruz,87,273765,2298,2155,28,2183,7
2020-09-17,Shasta,89,179085,797,660,3,663,12
2020-09-17,Sierra,91,2930,6,6,0,6,0
2020-09-17,Siskiyou,93,43540,153,146,10,156,0
2020-09-17,Solano,95,438530,6141,5915,41,5956,44
2020-09-17,Sonoma,97,501317,7139,6754,19,6773,114
2020-09-17,Stanislaus,99,539301,16299,15984,505,16489,277
2020-09-17,Sutter,101,95872,1643,1572,1,1573,10
2020-09-17,Tehama,103,63373,516,487,2,489,2
2020-09-17,Trinity,105,12862,27,15,4,19,0
2020-09-17,Tulare,107,460477,15779,15344,96,15440,258
2020-09-17,Tuolumne,109,53932,229,214,2,216,1
2020-09-17,Ventura,111,848112,12687,12167,130,12297,130
2020-09-17,Yolo,113,214977,2768,2724,6,2730,53
2020-09-17,Yuba,115,75493,1045,1015,5,1020,1
2020-09-16,Alameda,1,1643700,20738,20009,162,20171,333
2020-09-16,Alpine,3,1148,3,2,0,2,0
2020-09-16,Amador,5,37829,288,284,0,284,16
2020-09-16,Butte,7,227075,2833,2704,22,2726,38
2020-09-16,Calaveras,9,45235,303,254,0,254,9
2020-09-16,Colusa,11,21464,522,497,0,497,6
2020-09-16,Contra Costa,13,1133247,16383,15473,82,15555,183
2020-09-16,Del Norte,15,27424,133,131,0,131,2
2020-09-16,El Dorado,17,186661,1092,1049,0,1049,4
2020-09-16,Fresno,19,978130,29721,27381,343,27724,343
2020-09-16,Glenn,21,27897,564,539,0,539,3
2020-09-16,Humboldt,23,135768,483,455,1,456,4
2020-09-16,Imperial,25,180216,11663,10401,7,10408,277
2020-09-16,Inyo,27,18085,186,176,0,176,12
2020-09-16,Kern,29,883053,31430,30570,295,30865,371
2020-09-16,Kings,31,150075,7416,7002,34,7036,71
2020-09-16,Lake,33,64148,517,417,0,417,6
2020-09-16,Lassen,35,31185,738,730,2,732,0
2020-09-16,Los Angeles,37,10098052,260275,256101,1740,257841,6299
2020-09-16,Madera,39,155013,4385,4138,24,4162,45
2020-09-16,Marin,41,260295,6576,6430,15,6445,77
2020-09-16,Mariposa,43,17540,75,74,0,74,2
2020-09-16,Mendocino,45,87422,803,727,0,727,18
2020-09-16,Merced,47,269075,8742,8646,12,8658,118
2020-09-16,Modoc,49,8938,27,22,0,22,0
2020-09-16,Mono,51,14174,165,147,1,148,1
2020-09-16,Monterey,53,433212,9415,8997,23,9020,62
2020-09-16,Napa,55,140530,1654,1587,5,1592,11
2020-09-16,Nevada,57,99092,523,495,13,508,6
2020-09-16,Orange,59,3164182,53133,50414,1374,51788,1096
2020-09-16,Placer,61,380077,3523,3351,13,3364,39
2020-09-16,Plumas,63,18699,49,45,0,45,0
2020-09-16,Riverside,65,2383286,57167,55811,110,55921,1127
2020-09-16,Sacramento,67,1510023,21524,20610,18,20628,377
2020-09-16,San Benito,69,59416,1294,1244,0,1244,8
2020-09-16,San Bernardino,71,2135413,52409,50509,54,50563,907
2020-09-16,San Diego,73,3302833,45234,43447,0,43447,748
2020-09-16,San Francisco,75,870044,10846,10502,25,10527,90
2020-09-16,San Joaquin,77,732212,19793,19377,44,19421,409
2020-09-16,San Luis Obispo,79,281455,3469,3285,15,3300,28
2020-09-16,San Mateo,81,765935,9771,8944,6,8950,127
2020-09-16,Santa Barbara,83,443738,9344,8764,62,8826,107
2020-09-16,Santa Clara,85,1922200,20920,19684,25,19709,253
2020-09-16,Santa Cruz,87,273765,2257,2089,27,2116,7
2020-09-16,Shasta,89,179085,771,635,3,638,11
2020-09-16,Sierra,91,2930,6,6,0,6,0
2020-09-16,Siskiyou,93,43540,152,145,10,155,0
2020-09-16,Solano,95,438530,6111,5899,41,5940,44
2020-09-16,Sonoma,97,501317,7078,6731,19,6750,104
2020-09-16,Stanislaus,99,539301,16251,15897,497,16394,263
2020-09-16,Sutter,101,95872,1630,1567,1,1568,10
2020-09-16,Tehama,103,63373,508,485,2,487,2
2020-09-16,Trinity,105,12862,27,15,4,19,0
2020-09-16,Tulare,107,460477,15737,15314,88,15402,258
2020-09-16,Tuolumne,109,53932,228,210,2,212,1
2020-09-16,Ventura,111,848112,12619,12073,129,12202,130
2020-09-16,Yolo,113,214977,2761,2709,6,2715,53
2020-09-16,Yuba,115,75493,1043,1000,5,1005,1
2020-09-15,Alameda,1,1643700,20632,19931,159,20090,327
2020-09-15,Alpine,3,1148,3,2,0,2,0
2020-09-15,Amador,5,37829,287,282,0,282,16
2020-09-15,Butte,7,227075,2820,2695,20,2715,38
2020-09-15,Calaveras,9,45235,303,248,0,248,5
2020-09-15,Colusa,11,21464,516,497,0,497,6
2020-09-15,Contra Costa,13,1133247,16280,15423,81,15504,180
2020-09-15,Del Norte,15,27424,133,129,0,129,2
2020-09-15,El Dorado,17,186661,1087,1046,0,1046,4
2020-09-15,Fresno,19,978130,29615,27312,338,27650,343
2020-09-15,Glenn,21,27897,563,531,0,531,3
2020-09-15,Humboldt,23,135768,481,456,1,457,4
2020-09-15,Imperial,25,180216,11638,10376,7,10383,277
2020-09-15,Inyo,27,18085,186,176,0,176,12
2020-09-15,Kern,29,883053,31317,30429,292,30721,368
2020-09-15,Kings,31,150075,7258,6977,34,7011,70
2020-09-15,Lake,33,64148,503,416,0,416,4
2020-09-15,Lassen,35,31185,734,719,2,721,0
2020-09-15,Los Angeles,37,10098052,259161,255048,1715,256763,6269
2020-09-15,Madera,39,155013,4366,4122,24,4146,45
2020-09-15,Marin,41,260295,6545,6423,15,6438,77
2020-09-15,Mariposa,43,17540,75,74,0,74,2
2020-09-15,Mendocino,45,87422,785,724,0,724,18
2020-09-15,Merced,47,269075,8712,8633,12,8645,114
2020-09-15,Modoc,49,8938,26,21,0,21,0
2020-09-15,Mono,51,14174,165,147,1,148,1
2020-09-15,Monterey,53,433212,9366,8943,23,8966,62
2020-09-15,Napa,55,140530,1640,1580,5,1585,11
2020-09-15,Nevada,57,99092,518,494,13,507,6
2020-09-15,Orange,59,3164182,52951,50294,1359,51653,1088
2020-09-15,Placer,61,380077,3499,3331,13,3344,38
2020-09-15,Plumas,63,18699,49,44,0,44,0
2020-09-15,Riverside,65,2383286,56875,55569,100,55669,1118
2020-09-15,Sacramento,67,1510023,21381,20487,18,20505,372
2020-09-15,San Benito,69,59416,1287,1237,0,1237,7
2020-09-15,San Bernardino,71,2135413,52193,50333,53,50386,904
2020-09-15,San Diego,73,3302833,44916,43183,0,43183,742
2020-09-15,San Francisco,75,870044,10788,10414,25,10439,90
2020-09-15,San Joaquin,77,732212,19741,19313,44,19357,401
2020-09-15,San Luis Obispo,79,281455,3448,3262,15,3277,28
2020-09-15,San Mateo,81,765935,9701,8895,6,8901,127
2020-09-15,Santa Barbara,83,443738,9319,8724,61,8785,104
2020-09-15,Santa Clara,85,1922200,20784,19610,25,19635,252
2020-09-15,Santa Cruz,87,273765,2231,2079,26,2105,7
2020-09-15,Shasta,89,179085,759,627,3,630,11
2020-09-15,Sierra,91,2930,6,6,0,6,0
2020-09-15,Siskiyou,93,43540,152,143,10,153,0
2020-09-15,Solano,95,438530,6077,5878,41,5919,45
2020-09-15,Sonoma,97,501317,7039,6701,19,6720,104
2020-09-15,Stanislaus,99,539301,16203,15880,495,16375,260
2020-09-15,Sutter,101,95872,1618,1556,1,1557,10
2020-09-15,Tehama,103,63373,496,484,2,486,2
2020-09-15,Trinity,105,12862,27,15,4,19,0
2020-09-15,Tulare,107,460477,15660,15203,86,15289,254
2020-09-15,Tuolumne,109,53932,228,209,2,211,1
2020-09-15,Ventura,111,848112,12567,11932,128,12060,128
2020-09-15,Yolo,113,214977,2757,2708,6,2714,53
2020-09-15,Yuba,115,75493,1037,991,4,995,1
2020-09-14,Alameda,1,1643700,20505,19851,158,20009,306
2020-09-14,Alpine,3,1148,3,2,0,2,0
2020-09-14,Amador,5,37829,285,281,0,281,16
2020-09-14,Butte,7,227075,2803,2642,20,2662,37
2020-09-14,Calaveras,9,45235,303,244,0,244,3
2020-09-14,Colusa,11,21464,515,486,0,486,6
2020-09-14,Contra Costa,13,1133247,16155,15354,80,15434,174
2020-09-14,Del Norte,15,27424,130,116,0,116,2
2020-09-14,El Dorado,17,186661,1083,1039,0,1039,3
2020-09-14,Fresno,19,978130,29530,27232,335,27567,344
2020-09-14,Glenn,21,27897,555,521,0,521,3
2020-09-14,Humboldt,23,135768,478,437,1,438,4
2020-09-14,Imperial,25,180216,11618,10340,7,10347,273
2020-09-14,Inyo,27,18085,186,176,0,176,12
2020-09-14,Kern,29,883053,31231,30344,289,30633,368
2020-09-14,Kings,31,150075,7176,6950,34,6984,70
2020-09-14,Lake,33,64148,483,407,0,407,4
2020-09-14,Lassen,35,31185,734,719,2,721,0
2020-09-14,Los Angeles,37,10098052,258129,254622,1686,256308,6226
2020-09-14,Madera,39,155013,4352,4104,24,4128,45
2020-09-14,Marin,41,260295,6524,6409,15,6424,70
2020-09-14,Mariposa,43,17540,75,74,0,74,2
2020-09-14,Mendocino,45,87422,768,710,0,710,17
2020-09-14,Merced,47,269075,8693,8593,12,8605,112
2020-09-14,Modoc,49,8938,26,21,0,21,0
2020-09-14,Mono,51,14174,165,147,1,148,1
2020-09-14,Monterey,53,433212,9295,8845,22,8867,61
2020-09-14,Napa,55,140530,1623,1576,5,1581,11
2020-09-14,Nevada,57,99092,513,489,13,502,6
2020-09-14,Orange,59,3164182,52792,50149,1343,51492,1079
2020-09-14,Placer,61,380077,3478,3302,13,3315,38
2020-09-14,Plumas,63,18699,48,42,0,42,0
2020-09-14,Riverside,65,2383286,56656,55488,94,55582,1113
2020-09-14,Sacramento,67,1510023,21188,20377,17,20394,367
2020-09-14,San Benito,69,59416,1272,1233,0,1233,7
2020-09-14,San Bernardino,71,2135413,51970,50163,52,50215,895
2020-09-14,San Diego,73,3302833,44605,42889,0,42889,734
2020-09-14,San Francisco,75,870044,10722,10255,23,10278,90
2020-09-14,San Joaquin,77,732212,19666,19111,43,19154,397
2020-09-14,San Luis Obispo,79,281455,3423,3248,15,3263,25
2020-09-14,San Mateo,81,765935,9639,8847,6,8853,127
2020-09-14,Santa Barbara,83,443738,9293,8692,61,8753,104
2020-09-14,Santa Clara,85,1922200,20596,19545,25,19570,247
2020-09-14,Santa Cruz,87,273765,2211,2016,23,2039,7
2020-09-14,Shasta,89,179085,737,584,3,587,10
2020-09-14,Sierra,91,2930,6,6,0,6,0
2020-09-14,Siskiyou,93,43540,151,143,10,153,0
2020-09-14,Solano,95,438530,6042,5834,41,5875,44
2020-09-14,Sonoma,97,501317,6976,6630,19,6649,102
2020-09-14,Stanislaus,99,539301,16158,15812,492,16304,253
2020-09-14,Sutter,101,95872,1607,1549,1,1550,10
2020-09-14,Tehama,103,63373,493,475,2,477,1
2020-09-14,Trinity,105,12862,26,14,4,18,0
2020-09-14,Tulare,107,460477,15591,15096,80,15176,254
2020-09-14,Tuolumne,109,53932,227,208,2,210,1
2020-09-14,Ventura,111,848112,12466,11903,125,12028,125
2020-09-14,Yolo,113,214977,2746,2687,6,2693,53
2020-09-14,Yuba,115,75493,1029,977,4,981,1
2020-09-13,Alameda,1,1643700,20399,19815,155,19970,306
2020-09-13,Alpine,3,1148,3,2,0,2,0
2020-09-13,Amador,5,37829,282,279,0,279,16
2020-09-13,Butte,7,227075,2781,2640,20,2660,37
2020-09-13,Calaveras,9,45235,302,246,0,246,3
2020-09-13,Colusa,11,21464,511,486,0,486,6
2020-09-13,Contra Costa,13,1133247,16049,15284,79,15363,172
2020-09-13,Del Norte,15,27424,127,116,0,116,1
2020-09-13,El Dorado,17,186661,1078,1035,0,1035,2
2020-09-13,Fresno,19,978130,29423,27196,327,27523,345
2020-09-13,Glenn,21,27897,551,517,0,517,3
2020-09-13,Humboldt,23,135768,478,434,1,435,4
2020-09-13,Imperial,25,180216,11581,10304,7,10311,273
2020-09-13,Inyo,27,18085,186,176,0,176,12
2020-09-13,Kern,29,883053,31138,30277,283,30560,368
2020-09-13,Kings,31,150075,7157,6937,34,6971,70
2020-09-13,Lake,33,64148,464,397,0,397,4
2020-09-13,Lassen,35,31185,731,719,2,721,0
2020-09-13,Los Angeles,37,10098052,256983,253950,1670,255620,6203
2020-09-13,Madera,39,155013,4295,4090,24,4114,45
2020-09-13,Marin,41,260295,6503,6395,15,6410,70
2020-09-13,Mariposa,43,17540,75,74,0,74,2
2020-09-13,Mendocino,45,87422,761,707,0,707,17
2020-09-13,Merced,47,269075,8659,8575,12,8587,112
2020-09-13,Modoc,49,8938,26,21,0,21,0
2020-09-13,Mono,51,14174,165,147,1,148,1
2020-09-13,Monterey,53,433212,9213,8826,21,8847,61
2020-09-13,Napa,55,140530,1616,1563,5,1568,11
2020-09-13,Nevada,57,99092,505,486,13,499,6
2020-09-13,Orange,59,3164182,52579,50061,1336,51397,1075
2020-09-13,Placer,61,380077,3448,3291,13,3304,38
2020-09-13,Plumas,63,18699,48,42,0,42,0
2020-09-13,Riverside,65,2383286,56449,55235,83,55318,1108
2020-09-13,Sacramento,67,1510023,20840,20279,17,20296,367
2020-09-13,San Benito,69,59416,1264,1217,0,1217,7
2020-09-13,San Bernardino,71,2135413,51685,49968,52,50020,895
2020-09-13,San Diego,73,3302833,44280,42681,0,42681,734
2020-09-13,San Francisco,75,870044,10644,10254,23,10277,90
2020-09-13,San Joaquin,77,732212,19594,19110,42,19152,396
2020-09-13,San Luis Obispo,79,281455,3387,3240,15,3255,24
2020-09-13,San Mateo,81,765935,9578,8811,6,8817,127
2020-09-13,Santa Barbara,83,443738,9256,8690,61,8751,104
2020-09-13,Santa Clara,85,1922200,20460,19456,24,19480,245
2020-09-13,Santa Cruz,87,273765,2178,2016,21,2037,7
2020-09-13,Shasta,89,179085,725,583,3,586,10
2020-09-13,Sierra,91,2930,6,6,0,6,0
2020-09-13,Siskiyou,93,43540,151,143,9,152,0
2020-09-13,Solano,95,438530,5996,5810,41,5851,43
2020-09-13,Sonoma,97,501317,6911,6592,19,6611,95
2020-09-13,Stanislaus,99,539301,16095,15759,480,16239,253
2020-09-13,Sutter,101,95872,1595,1539,1,1540,10
2020-09-13,Tehama,103,63373,489,476,2,478,1
2020-09-13,Trinity,105,12862,26,14,4,18,0
2020-09-13,Tulare,107,460477,15519,15098,79,15177,254
2020-09-13,Tuolumne,109,53932,224,208,2,210,1
2020-09-13,Ventura,111,848112,12361,11855,124,11979,123
2020-09-13,Yolo,113,214977,2734,2675,6,2681,53
2020-09-13,Yuba,115,75493,1024,967,4,971,1
2020-09-12,Alameda,1,1643700,20340,19758,155,19913,307
2020-09-12,Alpine,3,1148,3,2,0,2,0
2020-09-12,Amador,5,37829,281,278,0,278,16
2020-09-12,Butte,7,227075,2774,2629,19,2648,37
2020-09-12,Calaveras,9,45235,300,246,0,246,3
2020-09-12,Colusa,11,21464,507,486,0,486,6
2020-09-12,Contra Costa,13,1133247,15976,15135,78,15213,174
2020-09-12,Del Norte,15,27424,126,116,0,116,1
2020-09-12,El Dorado,17,186661,1071,1034,0,1034,2
2020-09-12,Fresno,19,978130,29353,27076,326,27402,345
2020-09-12,Glenn,21,27897,550,517,0,517,3
2020-09-12,Humboldt,23,135768,477,430,1,431,4
2020-09-12,Imperial,25,180216,11569,10305,7,10312,273
2020-09-12,Inyo,27,18085,186,177,0,177,12
2020-09-12,Kern,29,883053,31072,30202,283,30485,368
2020-09-12,Kings,31,150075,7147,6895,34,6929,70
2020-09-12,Lake,33,64148,458,393,0,393,4
2020-09-12,Lassen,35,31185,731,719,2,721,0
2020-09-12,Los Angeles,37,10098052,256424,253156,1649,254805,6193
2020-09-12,Madera,39,155013,4284,4058,24,4082,43
2020-09-12,Marin,41,260295,6494,6393,15,6408,69
2020-09-12,Mariposa,43,17540,75,72,0,72,2
2020-09-12,Mendocino,45,87422,758,700,0,700,17
2020-09-12,Merced,47,269075,8650,8533,12,8545,112
2020-09-12,Modoc,49,8938,25,21,0,21,0
2020-09-12,Mono,51,14174,165,147,1,148,1
2020-09-12,Monterey,53,433212,9177,8743,21,8764,61
2020-09-12,Napa,55,140530,1613,1556,5,1561,11
2020-09-12,Nevada,57,99092,504,482,13,495,6
2020-09-12,Orange,59,3164182,52465,49895,1332,51227,1078
2020-09-12,Placer,61,380077,3431,3280,13,3293,38
2020-09-12,Plumas,63,18699,48,42,0,42,0
2020-09-12,Riverside,65,2383286,56322,55058,78,55136,1108
2020-09-12,Sacramento,67,1510023,20772,20184,17,20201,367
2020-09-12,San Benito,69,59416,1261,1208,0,1208,7
2020-09-12,San Bernardino,71,2135413,51594,49945,51,49996,896
2020-09-12,San Diego,73,3302833,44086,42416,0,42416,747
2020-09-12,San Francisco,75,870044,10599,10257,23,10280,90
2020-09-12,San Joaquin,77,732212,19566,19108,42,19150,396
2020-09-12,San Luis Obispo,79,281455,3361,3220,15,3235,24
2020-09-12,San Mateo,81,765935,9533,8759,6,8765,127
2020-09-12,Santa Barbara,83,443738,9241,8642,61,8703,104
2020-09-12,Santa Clara,85,1922200,20376,19330,24,19354,237
2020-09-12,Santa Cruz,87,273765,2166,2016,21,2037,7
2020-09-12,Shasta,89,179085,713,569,3,572,10
2020-09-12,Sierra,91,2930,6,6,0,6,0
2020-09-12,Siskiyou,93,43540,151,141,9,150,0
2020-09-12,Solano,95,438530,5972,5772,41,5813,43
2020-09-12,Sonoma,97,501317,6887,6531,19,6550,95
2020-09-12,Stanislaus,99,539301,16063,15675,477,16152,253
2020-09-12,Sutter,101,95872,1589,1529,1,1530,10
2020-09-12,Tehama,103,63373,486,471,2,473,1
2020-09-12,Trinity,105,12862,26,15,4,19,0
2020-09-12,Tulare,107,460477,15474,15018,78,15096,254
2020-09-12,Tuolumne,109,53932,224,208,2,210,1
2020-09-12,Ventura,111,848112,12310,11759,122,11881,123
2020-09-12,Yolo,113,214977,2727,2646,6,2652,53
2020-09-12,Yuba,115,75493,1020,963,4,967,1
2020-09-11,Alameda,1,1643700,20285,19625,154,19779,298
2020-09-11,Alpine,3,1148,3,2,0,2,0
2020-09-11,Amador,5,37829,281,277,0,277,16
2020-09-11,Butte,7,227075,2763,2605,19,2624,37
2020-09-11,Calaveras,9,45235,299,242,0,242,1
2020-09-11,Colusa,11,21464,506,484,0,484,6
2020-09-11,Contra Costa,13,1133247,15923,15001,75,15076,173
2020-09-11,Del Norte,15,27424,126,115,0,115,1
2020-09-11,El Dorado,17,186661,1068,1024,0,1024,2
2020-09-11,Fresno,19,978130,29273,26917,325,27242,344
2020-09-11,Glenn,21,27897,545,515,0,515,3
2020-09-11,Humboldt,23,135768,475,426,1,427,4
2020-09-11,Imperial,25,180216,11551,10286,7,10293,273
2020-09-11,Inyo,27,18085,186,176,0,176,12
2020-09-11,Kern,29,883053,31005,30059,282,30341,365
2020-09-11,Kings,31,150075,7130,6770,34,6804,70
2020-09-11,Lake,33,64148,451,382,0,382,4
2020-09-11,Lassen,35,31185,731,719,2,721,0
2020-09-11,Los Angeles,37,10098052,255743,252057,1638,253695,6172
2020-09-11,Madera,39,155013,4265,4018,24,4042,43
2020-09-11,Marin,41,260295,6491,6364,15,6379,69
2020-09-11,Mariposa,43,17540,75,72,0,72,2
2020-09-11,Mendocino,45,87422,747,700,0,700,17
2020-09-11,Merced,47,269075,8629,8489,12,8501,109
2020-09-11,Modoc,49,8938,25,21,0,21,0
2020-09-11,Mono,51,14174,165,145,1,146,1
2020-09-11,Monterey,53,433212,9129,8595,21,8616,61
2020-09-11,Napa,55,140530,1602,1543,5,1548,11
2020-09-11,Nevada,57,99092,497,483,13,496,6
2020-09-11,Orange,59,3164182,52338,49755,1319,51074,1068
2020-09-11,Placer,61,380077,3416,3254,13,3267,37
2020-09-11,Plumas,63,18699,48,42,0,42,0
2020-09-11,Riverside,65,2383286,56189,54717,75,54792,1099
2020-09-11,Sacramento,67,1510023,20685,20012,17,20029,358
2020-09-11,San Benito,69,59416,1251,1202,0,1202,7
2020-09-11,San Bernardino,71,2135413,51494,49682,51,49733,871
2020-09-11,San Diego,73,3302833,43866,41971,0,41971,730
2020-09-11,San Francisco,75,870044,10550,10133,22,10155,89
2020-09-11,San Joaquin,77,732212,19519,19019,42,19061,391
2020-09-11,San Luis Obispo,79,281455,3343,3190,15,3205,24
2020-09-11,San Mateo,81,765935,9491,8611,6,8617,127
2020-09-11,Santa Barbara,83,443738,9207,8592,60,8652,103
2020-09-11,Santa Clara,85,1922200,20287,19065,24,19089,234
2020-09-11,Santa Cruz,87,273765,2149,1997,21,2018,7
2020-09-11,Shasta,89,179085,703,568,3,571,10
2020-09-11,Sierra,91,2930,6,6,0,6,0
2020-09-11,Siskiyou,93,43540,150,139,9,148,0
2020-09-11,Solano,95,438530,5955,5742,41,5783,42
2020-09-11,Sonoma,97,501317,6842,6469,19,6488,91
2020-09-11,Stanislaus,99,539301,16025,15613,474,16087,253
2020-09-11,Sutter,101,95872,1579,1505,1,1506,11
2020-09-11,Tehama,103,63373,483,466,2,468,1
2020-09-11,Trinity,105,12862,26,16,4,20,0
2020-09-11,Tulare,107,460477,15443,14932,76,15008,251
2020-09-11,Tuolumne,109,53932,224,208,2,210,1
2020-09-11,Ventura,111,848112,12256,11700,120,11820,123
2020-09-11,Yolo,113,214977,2716,2632,6,2638,53
2020-09-11,Yuba,115,75493,1012,946,4,950,1
2020-09-10,Alameda,1,1643700,20211,19509,154,19663,292
2020-09-10,Alpine,3,1148,3,2,0,2,0
2020-09-10,Amador,5,37829,280,277,0,277,16
2020-09-10,Butte,7,227075,2746,2590,19,2609,37
2020-09-10,Calaveras,9,45235,299,244,0,244,1
2020-09-10,Colusa,11,21464,504,482,0,482,6
2020-09-10,Contra Costa,13,1133247,15853,14909,75,14984,172
2020-09-10,Del Norte,15,27424,125,112,0,112,1
2020-09-10,El Dorado,17,186661,1065,1020,0,1020,2
2020-09-10,Fresno,19,978130,29152,26783,325,27108,338
2020-09-10,Glenn,21,27897,535,511,0,511,3
2020-09-10,Humboldt,23,135768,464,422,1,423,4
2020-09-10,Imperial,25,180216,11535,10251,7,10258,270
2020-09-10,Inyo,27,18085,185,176,0,176,11
2020-09-10,Kern,29,883053,30922,29988,278,30266,363
2020-09-10,Kings,31,150075,7100,6739,34,6773,70
2020-09-10,Lake,33,64148,444,377,0,377,4
2020-09-10,Lassen,35,31185,730,716,2,718,0
2020-09-10,Los Angeles,37,10098052,254765,251003,1616,252619,6132
2020-09-10,Madera,39,155013,4247,3979,24,4003,43
2020-09-10,Marin,41,260295,6480,6344,15,6359,68
2020-09-10,Mariposa,43,17540,75,72,0,72,2
2020-09-10,Mendocino,45,87422,737,697,0,697,16
2020-09-10,Merced,47,269075,8583,8461,12,8473,109
2020-09-10,Modoc,49,8938,25,21,0,21,0
2020-09-10,Mono,51,14174,165,145,1,146,1
2020-09-10,Monterey,53,433212,9059,8570,21,8591,59
2020-09-10,Napa,55,140530,1596,1536,5,1541,11
2020-09-10,Nevada,57,99092,493,478,13,491,6
2020-09-10,Orange,59,3164182,52175,49617,1312,50929,1057
2020-09-10,Placer,61,380077,3397,3233,13,3246,37
2020-09-10,Plumas,63,18699,48,42,0,42,0
2020-09-10,Riverside,65,2383286,55871,54417,72,54489,1091
2020-09-10,Sacramento,67,1510023,20565,19618,15,19633,354
2020-09-10,San Benito,69,59416,1245,1201,0,1201,5
2020-09-10,San Bernardino,71,2135413,51305,49467,50,49517,867
2020-09-10,San Diego,73,3302833,43600,41610,0,41610,725
2020-09-10,San Francisco,75,870044,10473,10082,22,10104,89
2020-09-10,San Joaquin,77,732212,19466,18854,42,18896,389
2020-09-10,San Luis Obispo,79,281455,3330,3161,15,3176,24
2020-09-10,San Mateo,81,765935,9445,8529,6,8535,125
2020-09-10,Santa Barbara,83,443738,9163,8552,60,8612,100
2020-09-10,Santa Clara,85,1922200,20173,18870,24,18894,231
2020-09-10,Santa Cruz,87,273765,2134,1986,19,2005,7
2020-09-10,Shasta,89,179085,692,566,3,569,10
2020-09-10,Sierra,91,2930,6,6,0,6,0
2020-09-10,Siskiyou,93,43540,150,137,9,146,0
2020-09-10,Solano,95,438530,5915,5696,41,5737,42
2020-09-10,Sonoma,97,501317,6793,6424,19,6443,91
2020-09-10,Stanislaus,99,539301,15971,15509,469,15978,243
2020-09-10,Sutter,101,95872,1567,1494,1,1495,11
2020-09-10,Tehama,103,63373,476,466,2,468,1
2020-09-10,Trinity,105,12862,26,15,4,19,0
2020-09-10,Tulare,107,460477,15388,14860,73,14933,250
2020-09-10,Tuolumne,109,53932,223,205,2,207,1
2020-09-10,Ventura,111,848112,12163,11600,113,11713,122
2020-09-10,Yolo,113,214977,2711,2612,6,2618,53
2020-09-10,Yuba,115,75493,1006,941,4,945,1
2020-09-09,Alameda,1,1643700,20132,19399,153,19552,289
2020-09-09,Alpine,3,1148,3,2,0,2,0
2020-09-09,Amador,5,37829,279,276,0,276,16
2020-09-09,Butte,7,227075,2729,2561,19,2580,37
2020-09-09,Calaveras,9,45235,299,242,0,242,1
2020-09-09,Colusa,11,21464,499,479,0,479,6
2020-09-09,Contra Costa,13,1133247,15767,14816,75,14891,171
2020-09-09,Del Norte,15,27424,121,109,0,109,1
2020-09-09,El Dorado,17,186661,1064,1020,0,1020,2
2020-09-09,Fresno,19,978130,29049,26724,320,27044,329
2020-09-09,Glenn,21,27897,532,508,0,508,3
2020-09-09,Humboldt,23,135768,462,420,1,421,4
2020-09-09,Imperial,25,180216,11514,10233,7,10240,268
2020-09-09,Inyo,27,18085,184,173,0,173,2
2020-09-09,Kern,29,883053,30824,29925,275,30200,355
2020-09-09,Kings,31,150075,7082,6721,34,6755,72
2020-09-09,Lake,33,64148,436,371,0,371,4
2020-09-09,Lassen,35,31185,729,714,2,716,0
2020-09-09,Los Angeles,37,10098052,253883,249876,1597,251473,6091
2020-09-09,Madera,39,155013,4222,3926,24,3950,43
2020-09-09,Marin,41,260295,6461,6321,15,6336,68
2020-09-09,Mariposa,43,17540,74,72,0,72,2
2020-09-09,Mendocino,45,87422,729,695,0,695,16
2020-09-09,Merced,47,269075,8557,8441,12,8453,107
2020-09-09,Modoc,49,8938,24,20,0,20,0
2020-09-09,Mono,51,14174,165,145,1,146,1
2020-09-09,Monterey,53,433212,8987,8527,21,8548,59
2020-09-09,Napa,55,140530,1586,1531,5,1536,11
2020-09-09,Nevada,57,99092,489,476,13,489,6
2020-09-09,Orange,59,3164182,51996,49394,1304,50698,1054
2020-09-09,Placer,61,380077,3377,3222,13,3235,36
2020-09-09,Plumas,63,18699,46,42,0,42,0
2020-09-09,Riverside,65,2383286,55642,54320,69,54389,1081
2020-09-09,Sacramento,67,1510023,20459,19474,15,19489,347
2020-09-09,San Benito,69,59416,1241,1199,0,1199,5
2020-09-09,San Bernardino,71,2135413,51107,49264,50,49314,866
2020-09-09,San Diego,73,3302833,43311,41326,0,41326,721
2020-09-09,San Francisco,75,870044,10423,9996,21,10017,86
2020-09-09,San Joaquin,77,732212,19402,18799,41,18840,388
2020-09-09,San Luis Obispo,79,281455,3312,3131,15,3146,24
2020-09-09,San Mateo,81,765935,9384,8478,6,8484,125
2020-09-09,Santa Barbara,83,443738,9120,8528,60,8588,97
2020-09-09,Santa Clara,85,1922200,20041,18759,24,18783,228
2020-09-09,Santa Cruz,87,273765,2111,1967,19,1986,7
2020-09-09,Shasta,89,179085,680,562,3,565,10
2020-09-09,Sierra,91,2930,6,6,0,6,0
2020-09-09,Siskiyou,93,43540,148,137,9,146,0
2020-09-09,Solano,95,438530,5883,5680,41,5721,36
2020-09-09,Sonoma,97,501317,6726,6397,19,6416,92
2020-09-09,Stanislaus,99,539301,15933,15469,456,15925,243
2020-09-09,Sutter,101,95872,1559,1487,1,1488,11
2020-09-09,Tehama,103,63373,473,462,2,464,1
2020-09-09,Trinity,105,12862,26,14,4,18,0
2020-09-09,Tulare,107,460477,15339,14787,68,14855,249
2020-09-09,Tuolumne,109,53932,222,204,2,206,1
2020-09-09,Ventura,111,848112,12075,11497,110,11607,121
2020-09-09,Yolo,113,214977,2700,2604,6,2610,53
2020-09-09,Yuba,115,75493,1001,936,4,940,1
2020-09-08,Alameda,1,1643700,20022,19293,153,19446,288
2020-09-08,Alpine,3,1148,3,2,0,2,0
2020-09-08,Amador,5,37829,279,276,0,276,16
2020-09-08,Butte,7,227075,2711,2453,19,2472,36
2020-09-08,Calaveras,9,45235,297,233,0,233,1
2020-09-08,Colusa,11,21464,497,475,0,475,6
2020-09-08,Contra Costa,13,1133247,15639,14740,72,14812,171
2020-09-08,Del Norte,15,27424,121,109,0,109,2
2020-09-08,El Dorado,17,186661,1061,1011,0,1011,2
2020-09-08,Fresno,19,978130,28930,26640,316,26956,329
2020-09-08,Glenn,21,27897,528,492,0,492,3
2020-09-08,Humboldt,23,135768,460,420,1,421,4
2020-09-08,Imperial,25,180216,11498,10198,7,10205,267
2020-09-08,Inyo,27,18085,184,169,0,169,2
2020-09-08,Kern,29,883053,30739,29850,273,30123,351
2020-09-08,Kings,31,150075,7044,6658,34,6692,72
2020-09-08,Lake,33,64148,426,370,0,370,4
2020-09-08,Lassen,35,31185,729,710,2,712,0
2020-09-08,Los Angeles,37,10098052,252948,249217,1569,250786,6034
2020-09-08,Madera,39,155013,4198,3904,24,3928,43
2020-09-08,Marin,41,260295,6430,6313,15,6328,68
2020-09-08,Mariposa,43,17540,74,72,0,72,2
2020-09-08,Mendocino,45,87422,722,690,0,690,16
2020-09-08,Merced,47,269075,8534,8381,12,8393,104
2020-09-08,Modoc,49,8938,24,20,0,20,0
2020-09-08,Mono,51,14174,165,145,1,146,1
2020-09-08,Monterey,53,433212,8902,8491,21,8512,59
2020-09-08,Napa,55,140530,1582,1518,5,1523,11
2020-09-08,Nevada,57,99092,489,470,13,483,6
2020-09-08,Orange,59,3164182,51855,49214,1300,50514,1044
2020-09-08,Placer,61,380077,3363,3205,13,3218,36
2020-09-08,Plumas,63,18699,46,42,0,42,0
2020-09-08,Riverside,65,2383286,55430,54168,66,54234,1069
2020-09-08,Sacramento,67,1510023,20224,19411,15,19426,347
2020-09-08,San Benito,69,59416,1234,1188,0,1188,5
2020-09-08,San Bernardino,71,2135413,50918,49034,49,49083,856
2020-09-08,San Diego,73,3302833,42995,41079,0,41079,709
2020-09-08,San Francisco,75,870044,10350,9821,21,9842,86
2020-09-08,San Joaquin,77,732212,19324,18550,41,18591,388
2020-09-08,San Luis Obispo,79,281455,3298,3120,15,3135,23
2020-09-08,San Mateo,81,765935,9309,8460,6,8466,125
2020-09-08,Santa Barbara,83,443738,9086,8488,59,8547,96
2020-09-08,Santa Clara,85,1922200,19864,18645,24,18669,228
2020-09-08,Santa Cruz,87,273765,2083,1903,19,1922,7
2020-09-08,Shasta,89,179085,672,556,3,559,10
2020-09-08,Sierra,91,2930,6,6,0,6,0
2020-09-08,Siskiyou,93,43540,146,136,9,145,0
2020-09-08,Solano,95,438530,5846,5654,41,5695,36
2020-09-08,Sonoma,97,501317,6657,6356,19,6375,92
2020-09-08,Stanislaus,99,539301,15869,15415,444,15859,238
2020-09-08,Sutter,101,95872,1544,1473,1,1474,11
2020-09-08,Tehama,103,63373,469,458,2,460,1
2020-09-08,Trinity,105,12862,25,13,4,17,0
2020-09-08,Tulare,107,460477,15259,14635,67,14702,249
2020-09-08,Tuolumne,109,53932,221,197,2,199,1
2020-09-08,Ventura,111,848112,12007,11475,108,11583,118
2020-09-08,Yolo,113,214977,2690,2580,6,2586,53
2020-09-08,Yuba,115,75493,989,923,4,927,1
2020-09-07,Alameda,1,1643700,19901,19188,148,19336,281
2020-09-07,Alpine,3,1148,3,2,0,2,0
2020-09-07,Amador,5,37829,279,276,0,276,16
2020-09-07,Butte,7,227075,2678,2450,18,2468,30
2020-09-07,Calaveras,9,45235,287,234,0,234,1
2020-09-07,Colusa,11,21464,496,475,0,475,6
2020-09-07,Contra Costa,13,1133247,15526,14637,69,14706,172
2020-09-07,Del Norte,15,27424,121,109,0,109,2
2020-09-07,El Dorado,17,186661,1050,1011,0,1011,2
2020-09-07,Fresno,19,978130,28837,26565,312,26877,329
2020-09-07,Glenn,21,27897,523,488,0,488,3
2020-09-07,Humboldt,23,135768,451,416,1,417,4
2020-09-07,Imperial,25,180216,11467,10199,7,10206,267
2020-09-07,Inyo,27,18085,184,169,0,169,2
2020-09-07,Kern,29,883053,30618,29790,268,30058,348
2020-09-07,Kings,31,150075,6920,6630,34,6664,72
2020-09-07,Lake,33,64148,403,367,0,367,2
2020-09-07,Lassen,35,31185,729,709,2,711,0
2020-09-07,Los Angeles,37,10098052,251903,248804,1546,250350,6030
2020-09-07,Madera,39,155013,4167,3889,24,3913,43
2020-09-07,Marin,41,260295,6400,6296,15,6311,67
2020-09-07,Mariposa,43,17540,74,72,0,72,2
2020-09-07,Mendocino,45,87422,714,687,0,687,16
2020-09-07,Merced,47,269075,8487,8381,12,8393,104
2020-09-07,Modoc,49,8938,23,20,0,20,0
2020-09-07,Mono,51,14174,165,145,1,146,1
2020-09-07,Monterey,53,433212,8823,8463,21,8484,57
2020-09-07,Napa,55,140530,1570,1514,5,1519,11
2020-09-07,Nevada,57,99092,487,469,13,482,6
2020-09-07,Orange,59,3164182,51684,49132,1296,50428,1042
2020-09-07,Placer,61,380077,3332,3188,12,3200,36
2020-09-07,Plumas,63,18699,45,42,0,42,0
2020-09-07,Riverside,65,2383286,55155,54178,60,54238,1069
2020-09-07,Sacramento,67,1510023,19982,19292,15,19307,345
2020-09-07,San Benito,69,59416,1228,1180,0,1180,4
2020-09-07,San Bernardino,71,2135413,50694,49043,49,49092,821
2020-09-07,San Diego,73,3302833,42595,40868,0,40868,708
2020-09-07,San Francisco,75,870044,10300,9813,20,9833,85
2020-09-07,San Joaquin,77,732212,19243,18552,39,18591,386
2020-09-07,San Luis Obispo,79,281455,3261,3116,15,3131,23
2020-09-07,San Mateo,81,765935,9227,8409,6,8415,125
2020-09-07,Santa Barbara,83,443738,9044,8479,59,8538,95
2020-09-07,Santa Clara,85,1922200,19706,18596,23,18619,226
2020-09-07,Santa Cruz,87,273765,2055,1902,19,1921,7
2020-09-07,Shasta,89,179085,662,556,3,559,10
2020-09-07,Sierra,91,2930,6,6,0,6,0
2020-09-07,Siskiyou,93,43540,145,133,9,142,0
2020-09-07,Solano,95,438530,5781,5640,41,5681,36
2020-09-07,Sonoma,97,501317,6590,6268,19,6287,85
2020-09-07,Stanislaus,99,539301,15804,15343,431,15774,236
2020-09-07,Sutter,101,95872,1527,1468,1,1469,11
2020-09-07,Tehama,103,63373,466,453,2,455,1
2020-09-07,Trinity,105,12862,25,13,4,17,0
2020-09-07,Tulare,107,460477,15153,14637,65,14702,249
2020-09-07,Tuolumne,109,53932,220,196,2,198,1
2020-09-07,Ventura,111,848112,11914,11463,106,11569,118
2020-09-07,Yolo,113,214977,2673,2565,5,2570,53
2020-09-07,Yuba,115,75493,973,923,3,926,1
2020-09-06,Alameda,1,1643700,19843,19029,146,19175,281
2020-09-06,Alpine,3,1148,3,2,0,2,0
2020-09-06,Amador,5,37829,277,275,0,275,16
2020-09-06,Butte,7,227075,2669,2446,18,2464,30
2020-09-06,Calaveras,9,45235,287,235,0,235,1
2020-09-06,Colusa,11,21464,492,475,0,475,6
2020-09-06,Contra Costa,13,1133247,15446,14565,68,14633,171
2020-09-06,Del Norte,15,27424,121,109,0,109,2
2020-09-06,El Dorado,17,186661,1048,1008,0,1008,2
2020-09-06,Fresno,19,978130,28773,26471,310,26781,329
2020-09-06,Glenn,21,27897,517,474,0,474,3
2020-09-06,Humboldt,23,135768,448,404,1,405,4
2020-09-06,Imperial,25,180216,11450,10152,7,10159,267
2020-09-06,Inyo,27,18085,184,169,0,169,2
2020-09-06,Kern,29,883053,30563,29699,264,29963,348
2020-09-06,Kings,31,150075,6900,6561,33,6594,72
2020-09-06,Lake,33,64148,400,362,0,362,2
2020-09-06,Lassen,35,31185,729,709,2,711,0
2020-09-06,Los Angeles,37,10098052,251275,248316,1530,249846,6004
2020-09-06,Madera,39,155013,4123,3867,24,3891,42
2020-09-06,Marin,41,260295,6388,6276,15,6291,67
2020-09-06,Mariposa,43,17540,74,72,0,72,2
2020-09-06,Mendocino,45,87422,713,672,0,672,16
2020-09-06,Merced,47,269075,8467,8327,12,8339,104
2020-09-06,Modoc,49,8938,23,20,0,20,0
2020-09-06,Mono,51,14174,164,145,1,146,1
2020-09-06,Monterey,53,433212,8784,8403,20,8423,56
2020-09-06,Napa,55,140530,1566,1501,3,1504,11
2020-09-06,Nevada,57,99092,487,467,13,480,6
2020-09-06,Orange,59,3164182,51571,48931,1291,50222,1042
2020-09-06,Placer,61,380077,3315,3169,12,3181,36
2020-09-06,Plumas,63,18699,44,42,0,42,0
2020-09-06,Riverside,65,2383286,55039,53970,58,54028,1069
2020-09-06,Sacramento,67,1510023,19887,19128,15,19143,340
2020-09-06,San Benito,69,59416,1226,1178,0,1178,4
2020-09-06,San Bernardino,71,2135413,50585,48923,49,48972,823
2020-09-06,San Diego,73,3302833,42347,40652,0,40652,707
2020-09-06,San Francisco,75,870044,10226,9813,20,9833,85
2020-09-06,San Joaquin,77,732212,19194,18558,39,18597,386
2020-09-06,San Luis Obispo,79,281455,3250,3101,15,3116,23
2020-09-06,San Mateo,81,765935,9174,8387,6,8393,125
2020-09-06,Santa Barbara,83,443738,9015,8434,59,8493,95
2020-09-06,Santa Clara,85,1922200,19605,18495,23,18518,207
2020-09-06,Santa Cruz,87,273765,2048,1902,19,1921,7
2020-09-06,Shasta,89,179085,656,550,3,553,10
2020-09-06,Sierra,91,2930,6,6,0,6,0
2020-09-06,Siskiyou,93,43540,145,132,9,141,0
2020-09-06,Solano,95,438530,5755,5619,41,5660,37
2020-09-06,Sonoma,97,501317,6561,6212,19,6231,85
2020-09-06,Stanislaus,99,539301,15761,15288,426,15714,236
2020-09-06,Sutter,101,95872,1514,1451,1,1452,11
2020-09-06,Tehama,103,63373,465,455,2,457,1
2020-09-06,Trinity,105,12862,24,13,4,17,0
2020-09-06,Tulare,107,460477,15110,14636,64,14700,249
2020-09-06,Tuolumne,109,53932,217,194,2,196,1
2020-09-06,Ventura,111,848112,11872,11315,105,11420,118
2020-09-06,Yolo,113,214977,2660,2556,5,2561,53
2020-09-06,Yuba,115,75493,965,913,3,916,1
2020-09-05,Alameda,1,1643700,19796,18973,144,19117,279
2020-09-05,Alpine,3,1148,3,2,0,2,0
2020-09-05,Amador,5,37829,277,274,0,274,16
2020-09-05,Butte,7,227075,2653,2406,17,2423,30
2020-09-05,Calaveras,9,45235,287,237,0,237,1
2020-09-05,Colusa,11,21464,488,472,0,472,6
2020-09-05,Contra Costa,13,1133247,15370,14456,66,14522,173
2020-09-05,Del Norte,15,27424,121,109,0,109,2
2020-09-05,El Dorado,17,186661,1048,1007,0,1007,2
2020-09-05,Fresno,19,978130,28705,26325,310,26635,331
2020-09-05,Glenn,21,27897,516,474,0,474,3
2020-09-05,Humboldt,23,135768,446,402,1,403,4
2020-09-05,Imperial,25,180216,11433,10151,7,10158,268
2020-09-05,Inyo,27,18085,184,169,0,169,2
2020-09-05,Kern,29,883053,30503,29645,260,29905,347
2020-09-05,Kings,31,150075,6891,6518,33,6551,66
2020-09-05,Lake,33,64148,397,359,0,359,2
2020-09-05,Lassen,35,31185,729,709,2,711,0
2020-09-05,Los Angeles,37,10098052,250741,247572,1517,249089,6001
2020-09-05,Madera,39,155013,4082,3851,24,3875,42
2020-09-05,Marin,41,260295,6381,6259,15,6274,66
2020-09-05,Mariposa,43,17540,74,72,0,72,2
2020-09-05,Mendocino,45,87422,712,658,0,658,16
2020-09-05,Merced,47,269075,8435,8297,10,8307,104
2020-09-05,Modoc,49,8938,23,19,0,19,0
2020-09-05,Mono,51,14174,164,145,1,146,1
2020-09-05,Monterey,53,433212,8754,8301,20,8321,56
2020-09-05,Napa,55,140530,1560,1484,3,1487,11
2020-09-05,Nevada,57,99092,484,461,13,474,6
2020-09-05,Orange,59,3164182,51469,48726,1286,50012,1039
2020-09-05,Placer,61,380077,3305,3141,12,3153,35
2020-09-05,Plumas,63,18699,44,42,0,42,0
2020-09-05,Riverside,65,2383286,54933,53780,58,53838,1066
2020-09-05,Sacramento,67,1510023,19797,18955,15,18970,339
2020-09-05,San Benito,69,59416,1224,1153,0,1153,4
2020-09-05,San Bernardino,71,2135413,50510,48800,48,48848,825
2020-09-05,San Diego,73,3302833,42155,40344,0,40344,717
2020-09-05,San Francisco,75,870044,10193,9812,19,9831,85
2020-09-05,San Joaquin,77,732212,19166,18557,39,18596,386
2020-09-05,San Luis Obispo,79,281455,3240,3083,15,3098,23
2020-09-05,San Mateo,81,765935,9129,8352,6,8358,124
2020-09-05,Santa Barbara,83,443738,8998,8404,59,8463,96
2020-09-05,Santa Clara,85,1922200,19520,18311,23,18334,207
2020-09-05,Santa Cruz,87,273765,2040,1904,19,1923,7
2020-09-05,Shasta,89,179085,655,544,3,547,10
2020-09-05,Sierra,91,2930,6,6,0,6,0
2020-09-05,Siskiyou,93,43540,144,131,9,140,0
2020-09-05,Solano,95,438530,5743,5579,41,5620,37
2020-09-05,Sonoma,97,501317,6528,6149,19,6168,85
2020-09-05,Stanislaus,99,539301,15713,15198,422,15620,236
2020-09-05,Sutter,101,95872,1507,1445,1,1446,11
2020-09-05,Tehama,103,63373,464,447,2,449,1
2020-09-05,Trinity,105,12862,24,13,4,17,0
2020-09-05,Tulare,107,460477,15054,14576,62,14638,249
2020-09-05,Tuolumne,109,53932,217,194,2,196,1
2020-09-05,Ventura,111,848112,11830,11254,105,11359,118
2020-09-05,Yolo,113,214977,2650,2534,5,2539,53
2020-09-05,Yuba,115,75493,959,902,3,905,1
2020-09-04,Alameda,1,1643700,19728,18843,142,18985,276
2020-09-04,Alpine,3,1148,3,2,0,2,0
2020-09-04,Amador,5,37829,276,274,0,274,16
2020-09-04,Butte,7,227075,2630,2325,17,2342,28
2020-09-04,Calaveras,9,45235,285,237,0,237,1
2020-09-04,Colusa,11,21464,486,467,0,467,6
2020-09-04,Contra Costa,13,1133247,15290,14355,65,14420,164
2020-09-04,Del Norte,15,27424,121,109,0,109,2
2020-09-04,El Dorado,17,186661,1044,992,0,992,2
2020-09-04,Fresno,19,978130,28600,26147,309,26456,321
2020-09-04,Glenn,21,27897,508,463,0,463,3
2020-09-04,Humboldt,23,135768,441,390,1,391,4
2020-09-04,Imperial,25,180216,11424,10136,7,10143,267
2020-09-04,Inyo,27,18085,184,169,0,169,2
2020-09-04,Kern,29,883053,30435,29526,257,29783,345
2020-09-04,Kings,31,150075,6878,6259,33,6292,66
2020-09-04,Lake,33,64148,397,347,0,347,2
2020-09-04,Lassen,35,31185,729,708,2,710,0
2020-09-04,Los Angeles,37,10098052,250169,246396,1496,247892,5977
2020-09-04,Madera,39,155013,4069,3838,24,3862,42
2020-09-04,Marin,41,260295,6369,6251,15,6266,66
2020-09-04,Mariposa,43,17540,74,72,0,72,2
2020-09-04,Mendocino,45,87422,710,646,0,646,16
2020-09-04,Merced,47,269075,8415,8214,10,8224,104
2020-09-04,Modoc,49,8938,23,15,0,15,0
2020-09-04,Mono,51,14174,164,145,1,146,1
2020-09-04,Monterey,53,433212,8709,8208,20,8228,56
2020-09-04,Napa,55,140530,1551,1475,3,1478,11
2020-09-04,Nevada,57,99092,481,455,13,468,6
2020-09-04,Orange,59,3164182,51345,48488,1279,49767,1031
2020-09-04,Placer,61,380077,3293,3101,12,3113,35
2020-09-04,Plumas,63,18699,44,42,0,42,0
2020-09-04,Riverside,65,2383286,54820,53606,53,53659,1066
2020-09-04,Sacramento,67,1510023,19709,18765,15,18780,337
2020-09-04,San Benito,69,59416,1215,1137,0,1137,4
2020-09-04,San Bernardino,71,2135413,50418,48497,48,48545,800
2020-09-04,San Diego,73,3302833,41925,39901,0,39901,701
2020-09-04,San Francisco,75,870044,10153,9694,18,9712,85
2020-09-04,San Joaquin,77,732212,19112,18438,39,18477,376
2020-09-04,San Luis Obispo,79,281455,3225,3049,14,3063,21
2020-09-04,San Mateo,81,765935,9085,8275,6,8281,122
2020-09-04,Santa Barbara,83,443738,8967,8340,59,8399,96
2020-09-04,Santa Clara,85,1922200,19412,18074,23,18097,209
2020-09-04,Santa Cruz,87,273765,2023,1896,18,1914,7
2020-09-04,Shasta,89,179085,652,536,3,539,10
2020-09-04,Sierra,91,2930,6,6,0,6,0
2020-09-04,Siskiyou,93,43540,144,129,9,138,0
2020-09-04,Solano,95,438530,5730,5552,41,5593,37
2020-09-04,Sonoma,97,501317,6463,6050,19,6069,85
2020-09-04,Stanislaus,99,539301,15678,15074,413,15487,233
2020-09-04,Sutter,101,95872,1491,1425,1,1426,11
2020-09-04,Tehama,103,63373,460,442,2,444,1
2020-09-04,Trinity,105,12862,24,13,4,17,0
2020-09-04,Tulare,107,460477,15026,14501,58,14559,247
2020-09-04,Tuolumne,109,53932,217,193,2,195,1
2020-09-04,Ventura,111,848112,11788,11171,105,11276,114
2020-09-04,Yolo,113,214977,2635,2495,5,2500,53
2020-09-04,Yuba,115,75493,954,884,3,887,1
2020-09-03,Alameda,1,1643700,19625,18687,142,18829,275
2020-09-03,Alpine,3,1148,3,2,0,2,0
2020-09-03,Amador,5,37829,276,274,0,274,16
2020-09-03,Butte,7,227075,2585,2274,17,2291,27
2020-09-03,Calaveras,9,45235,284,238,0,238,1
2020-09-03,Colusa,11,21464,484,464,0,464,6
2020-09-03,Contra Costa,13,1133247,15183,14206,62,14268,159
2020-09-03,Del Norte,15,27424,118,109,0,109,2
2020-09-03,El Dorado,17,186661,1040,983,0,983,2
2020-09-03,Fresno,19,978130,28482,25978,303,26281,313
2020-09-03,Glenn,21,27897,504,460,0,460,3
2020-09-03,Humboldt,23,135768,436,390,1,391,4
2020-09-03,Imperial,25,180216,11404,10083,7,10090,255
2020-09-03,Inyo,27,18085,182,171,0,171,3
2020-09-03,Kern,29,883053,30343,29426,243,29669,340
2020-09-03,Kings,31,150075,6798,6200,33,6233,64
2020-09-03,Lake,33,64148,388,347,0,347,2
2020-09-03,Lassen,35,31185,729,707,2,709,0
2020-09-03,Los Angeles,37,10098052,249293,245026,1474,246500,5931
2020-09-03,Madera,39,155013,4050,3780,24,3804,43
2020-09-03,Marin,41,260295,6350,6175,15,6190,66
2020-09-03,Mariposa,43,17540,74,71,0,71,2
2020-09-03,Mendocino,45,87422,701,638,0,638,16
2020-09-03,Merced,47,269075,8373,8136,10,8146,105
2020-09-03,Modoc,49,8938,23,14,0,14,0
2020-09-03,Mono,51,14174,163,144,1,145,1
2020-09-03,Monterey,53,433212,8655,8128,20,8148,56
2020-09-03,Napa,55,140530,1544,1466,3,1469,10
2020-09-03,Nevada,57,99092,478,453,13,466,6
2020-09-03,Orange,59,3164182,51158,48226,1263,49489,1009
2020-09-03,Placer,61,380077,3275,3069,12,3081,34
2020-09-03,Plumas,63,18699,44,39,0,39,0
2020-09-03,Riverside,65,2383286,54640,53341,49,53390,1052
2020-09-03,Sacramento,67,1510023,19581,18553,14,18567,328
2020-09-03,San Benito,69,59416,1204,1121,0,1121,4
2020-09-03,San Bernardino,71,2135413,50253,48165,48,48213,800
2020-09-03,San Diego,73,3302833,41611,39448,0,39448,700
2020-09-03,San Francisco,75,870044,10087,9636,16,9652,84
2020-09-03,San Joaquin,77,732212,19035,18331,39,18370,371
2020-09-03,San Luis Obispo,79,281455,3208,3023,14,3037,21
2020-09-03,San Mateo,81,765935,9011,8211,6,8217,122
2020-09-03,Santa Barbara,83,443738,8920,8277,59,8336,96
2020-09-03,Santa Clara,85,1922200,19232,17879,23,17902,208
2020-09-03,Santa Cruz,87,273765,2008,1870,18,1888,7
2020-09-03,Shasta,89,179085,647,535,3,538,10
2020-09-03,Sierra,91,2930,6,6,0,6,0
2020-09-03,Siskiyou,93,43540,144,128,9,137,0
2020-09-03,Solano,95,438530,5710,5499,40,5539,36
2020-09-03,Sonoma,97,501317,6401,5997,19,6016,62
2020-09-03,Stanislaus,99,539301,15626,14985,409,15394,217
2020-09-03,Sutter,101,95872,1481,1412,1,1413,11
2020-09-03,Tehama,103,63373,456,436,2,438,1
2020-09-03,Trinity,105,12862,23,13,4,17,0
2020-09-03,Tulare,107,460477,14960,14408,57,14465,244
2020-09-03,Tuolumne,109,53932,217,193,2,195,1
2020-09-03,Ventura,111,848112,11671,11109,102,11211,112
2020-09-03,Yolo,113,214977,2619,2475,5,2480,53
2020-09-03,Yuba,115,75493,947,867,3,870,1
2020-09-02,Alameda,1,1643700,19507,18522,139,18661,260
2020-09-02,Alpine,3,1148,3,2,0,2,0
2020-09-02,Amador,5,37829,276,245,0,245,14
2020-09-02,Butte,7,227075,2539,2241,17,2258,27
2020-09-02,Calaveras,9,45235,283,235,0,235,1
2020-09-02,Colusa,11,21464,480,460,0,460,6
2020-09-02,Contra Costa,13,1133247,15095,14097,59,14156,159
2020-09-02,Del Norte,15,27424,117,109,0,109,2
2020-09-02,El Dorado,17,186661,1036,975,0,975,2
2020-09-02,Fresno,19,978130,28335,25785,300,26085,292
2020-09-02,Glenn,21,27897,499,457,0,457,3
2020-09-02,Humboldt,23,135768,433,381,1,382,4
2020-09-02,Imperial,25,180216,11388,9832,7,9839,255
2020-09-02,Inyo,27,18085,182,171,0,171,3
2020-09-02,Kern,29,883053,30251,29288,237,29525,335
2020-09-02,Kings,31,150075,6713,6142,33,6175,64
2020-09-02,Lake,33,64148,384,342,0,342,2
2020-09-02,Lassen,35,31185,727,706,2,708,0
2020-09-02,Los Angeles,37,10098052,248351,243999,1447,245446,5887
2020-09-02,Madera,39,155013,4030,3735,24,3759,41
2020-09-02,Marin,41,260295,6335,6131,15,6146,66
2020-09-02,Mariposa,43,17540,74,71,0,71,2
2020-09-02,Mendocino,45,87422,691,636,0,636,15
2020-09-02,Merced,47,269075,8342,8097,9,8106,103
2020-09-02,Modoc,49,8938,22,11,0,11,0
2020-09-02,Mono,51,14174,163,145,1,146,1
2020-09-02,Monterey,53,433212,8591,8070,20,8090,56
2020-09-02,Napa,55,140530,1532,1454,3,1457,10
2020-09-02,Nevada,57,99092,472,452,12,464,6
2020-09-02,Orange,59,3164182,50976,47871,1255,49126,994
2020-09-02,Placer,61,380077,3250,3047,11,3058,33
2020-09-02,Plumas,63,18699,44,39,0,39,0
2020-09-02,Riverside,65,2383286,54438,52923,46,52969,1032
2020-09-02,Sacramento,67,1510023,19347,18355,14,18369,316
2020-09-02,San Benito,69,59416,1191,1107,0,1107,4
2020-09-02,San Bernardino,71,2135413,50090,47766,47,47813,794
2020-09-02,San Diego,73,3302833,41291,39123,0,39123,695
2020-09-02,San Francisco,75,870044,10018,9587,16,9603,84
2020-09-02,San Joaquin,77,732212,18954,18194,38,18232,352
2020-09-02,San Luis Obispo,79,281455,3182,3002,13,3015,21
2020-09-02,San Mateo,81,765935,8954,8148,6,8154,122
2020-09-02,Santa Barbara,83,443738,8865,8206,58,8264,94
2020-09-02,Santa Clara,85,1922200,19079,17673,23,17696,206
2020-09-02,Santa Cruz,87,273765,1985,1850,18,1868,7
2020-09-02,Shasta,89,179085,646,531,3,534,10
2020-09-02,Sierra,91,2930,6,6,0,6,0
2020-09-02,Siskiyou,93,43540,143,127,9,136,0
2020-09-02,Solano,95,438530,5682,5463,40,5503,36
2020-09-02,Sonoma,97,501317,6339,5846,19,5865,62
2020-09-02,Stanislaus,99,539301,15556,14854,402,15256,220
2020-09-02,Sutter,101,95872,1466,1401,1,1402,10
2020-09-02,Tehama,103,63373,453,429,2,431,1
2020-09-02,Trinity,105,12862,23,13,4,17,0
2020-09-02,Tulare,107,460477,14894,14298,56,14354,244
2020-09-02,Tuolumne,109,53932,217,190,2,192,1
2020-09-02,Ventura,111,848112,11584,11031,101,11132,111
2020-09-02,Yolo,113,214977,2598,2449,5,2454,54
2020-09-02,Yuba,115,75493,940,856,3,859,1
2020-09-01,Alameda,1,1643700,19367,18382,136,18518,248
2020-09-01,Alpine,3,1148,3,2,0,2,0
2020-09-01,Amador,5,37829,275,244,0,244,13
2020-09-01,Butte,7,227075,2483,2146,16,2162,26
2020-09-01,Calaveras,9,45235,275,228,0,228,1
2020-09-01,Colusa,11,21464,476,454,0,454,6
2020-09-01,Contra Costa,13,1133247,15001,13998,57,14055,158
2020-09-01,Del Norte,15,27424,116,108,0,108,2
2020-09-01,El Dorado,17,186661,1028,972,0,972,2
2020-09-01,Fresno,19,978130,28191,25542,296,25838,290
2020-09-01,Glenn,21,27897,492,449,0,449,3
2020-09-01,Humboldt,23,135768,427,378,1,379,4
2020-09-01,Imperial,25,180216,11362,9782,7,9789,250
2020-09-01,Inyo,27,18085,182,171,0,171,3
2020-09-01,Kern,29,883053,30161,29162,232,29394,332
2020-09-01,Kings,31,150075,6682,6088,33,6121,62
2020-09-01,Lake,33,64148,381,341,0,341,2
2020-09-01,Lassen,35,31185,724,706,2,708,0
2020-09-01,Los Angeles,37,10098052,247247,242633,1420,244053,5832
2020-09-01,Madera,39,155013,4001,3703,23,3726,41
2020-09-01,Marin,41,260295,6320,6102,15,6117,67
2020-09-01,Mariposa,43,17540,73,72,0,72,2
2020-09-01,Mendocino,45,87422,676,626,0,626,15
2020-09-01,Merced,47,269075,8289,8046,8,8054,103
2020-09-01,Modoc,49,8938,20,10,0,10,0
2020-09-01,Mono,51,14174,163,145,1,146,1
2020-09-01,Monterey,53,433212,8483,7926,20,7946,56
2020-09-01,Napa,55,140530,1517,1446,3,1449,10
2020-09-01,Nevada,57,99092,466,450,12,462,6
2020-09-01,Orange,59,3164182,50811,47671,1236,48907,976
2020-09-01,Placer,61,380077,3228,3013,11,3024,33
2020-09-01,Plumas,63,18699,44,39,0,39,0
2020-09-01,Riverside,65,2383286,54219,52785,45,52830,1027
2020-09-01,Sacramento,67,1510023,19163,18217,13,18230,305
2020-09-01,San Benito,69,59416,1179,1089,0,1089,4
2020-09-01,San Bernardino,71,2135413,49883,47371,47,47418,786
2020-09-01,San Diego,73,3302833,40933,38873,0,38873,688
2020-09-01,San Francisco,75,870044,9949,9492,16,9508,83
2020-09-01,San Joaquin,77,732212,18872,17915,37,17952,341
2020-09-01,San Luis Obispo,79,281455,3156,2970,13,2983,21
2020-09-01,San Mateo,81,765935,8874,8132,6,8138,122
2020-09-01,Santa Barbara,83,443738,8815,8142,57,8199,93
2020-09-01,Santa Clara,85,1922200,18901,17319,23,17342,204
2020-09-01,Santa Cruz,87,273765,1961,1752,18,1770,7
2020-09-01,Shasta,89,179085,638,527,3,530,9
2020-09-01,Sierra,91,2930,6,6,0,6,0
2020-09-01,Siskiyou,93,43540,140,128,8,136,0
2020-09-01,Solano,95,438530,5656,5438,40,5478,34
2020-09-01,Sonoma,97,501317,6249,5733,19,5752,60
2020-09-01,Stanislaus,99,539301,15481,14784,392,15176,212
2020-09-01,Sutter,101,95872,1455,1389,1,1390,10
2020-09-01,Tehama,103,63373,449,422,2,424,1
2020-09-01,Trinity,105,12862,23,13,4,17,0
2020-09-01,Tulare,107,460477,14812,14156,56,14212,241
2020-09-01,Tuolumne,109,53932,211,183,2,185,1
2020-09-01,Ventura,111,848112,11510,10899,95,10994,108
2020-09-01,Yolo,113,214977,2581,2440,5,2445,51
2020-09-01,Yuba,115,75493,931,841,3,844,1
2020-08-31,Alameda,1,1643700,19223,18148,136,18284,248
2020-08-31,Alpine,3,1148,3,2,0,2,0
2020-08-31,Amador,5,37829,275,243,0,243,13
2020-08-31,Butte,7,227075,2420,2069,16,2085,26
2020-08-31,Calaveras,9,45235,270,212,0,212,1
2020-08-31,Colusa,11,21464,475,443,0,443,6
2020-08-31,Contra Costa,13,1133247,14874,13902,54,13956,153
2020-08-31,Del Norte,15,27424,116,108,0,108,2
2020-08-31,El Dorado,17,186661,1021,965,0,965,2
2020-08-31,Fresno,19,978130,27971,25185,290,25475,290
2020-08-31,Glenn,21,27897,480,437,0,437,3
2020-08-31,Humboldt,23,135768,425,374,1,375,4
2020-08-31,Imperial,25,180216,11331,9759,7,9766,250
2020-08-31,Inyo,27,18085,181,160,0,160,3
2020-08-31,Kern,29,883053,30063,29067,231,29298,318
2020-08-31,Kings,31,150075,6414,6037,33,6070,62
2020-08-31,Lake,33,64148,365,341,0,341,2
2020-08-31,Lassen,35,31185,721,706,2,708,0
2020-08-31,Los Angeles,37,10098052,246133,241793,1392,243185,5787
2020-08-31,Madera,39,155013,3978,3662,22,3684,35
2020-08-31,Marin,41,260295,6283,6074,15,6089,67
2020-08-31,Mariposa,43,17540,73,69,0,69,2
2020-08-31,Mendocino,45,87422,664,618,0,618,15
2020-08-31,Merced,47,269075,8227,7991,8,7999,79
2020-08-31,Modoc,49,8938,18,10,0,10,0
2020-08-31,Mono,51,14174,163,145,1,146,1
2020-08-31,Monterey,53,433212,8376,7839,20,7859,56
2020-08-31,Napa,55,140530,1509,1434,3,1437,10
2020-08-31,Nevada,57,99092,464,447,12,459,6
2020-08-31,Orange,59,3164182,50613,47392,1207,48599,965
2020-08-31,Placer,61,380077,3177,2989,11,3000,33
2020-08-31,Plumas,63,18699,43,39,0,39,0
2020-08-31,Riverside,65,2383286,53999,52508,43,52551,1020
2020-08-31,Sacramento,67,1510023,18928,17999,13,18012,303
2020-08-31,San Benito,69,59416,1163,1080,0,1080,4
2020-08-31,San Bernardino,71,2135413,49673,47370,46,47416,755
2020-08-31,San Diego,73,3302833,40566,38606,0,38606,682
2020-08-31,San Francisco,75,870044,9870,9293,13,9306,83
2020-08-31,San Joaquin,77,732212,18785,17807,36,17843,338
2020-08-31,San Luis Obispo,79,281455,3133,2951,12,2963,21
2020-08-31,San Mateo,81,765935,8804,8065,6,8071,122
2020-08-31,Santa Barbara,83,443738,8768,8124,57,8181,94
2020-08-31,Santa Clara,85,1922200,18712,17211,23,17234,202
2020-08-31,Santa Cruz,87,273765,1936,1742,18,1760,7
2020-08-31,Shasta,89,179085,633,528,3,531,9
2020-08-31,Sierra,91,2930,6,6,0,6,0
2020-08-31,Siskiyou,93,43540,139,127,8,135,0
2020-08-31,Solano,95,438530,5624,5302,39,5341,34
2020-08-31,Sonoma,97,501317,6174,5650,19,5669,60
2020-08-31,Stanislaus,99,539301,15408,14685,382,15067,213
2020-08-31,Sutter,101,95872,1440,1365,1,1366,10
2020-08-31,Tehama,103,63373,446,421,2,423,1
2020-08-31,Trinity,105,12862,23,13,4,17,0
2020-08-31,Tulare,107,460477,14725,13985,55,14040,237
2020-08-31,Tuolumne,109,53932,211,178,2,180,1
2020-08-31,Ventura,111,848112,11427,10866,94,10960,108
2020-08-31,Yolo,113,214977,2563,2423,5,2428,51
2020-08-31,Yuba,115,75493,917,830,3,833,1
2020-08-30,Alameda,1,1643700,19099,18099,133,18232,248
2020-08-30,Alpine,3,1148,3,2,0,2,0
2020-08-30,Amador,5,37829,274,240,0,240,13
2020-08-30,Butte,7,227075,2340,1988,16,2004,26
2020-08-30,Calaveras,9,45235,261,211,0,211,1
2020-08-30,Colusa,11,21464,474,440,0,440,6
2020-08-30,Contra Costa,13,1133247,14735,13780,54,13834,150
2020-08-30,Del Norte,15,27424,115,108,0,108,2
2020-08-30,El Dorado,17,186661,1011,962,0,962,2
2020-08-30,Fresno,19,978130,27847,24963,289,25252,291
2020-08-30,Glenn,21,27897,473,437,0,437,3
2020-08-30,Humboldt,23,135768,414,362,1,363,4
2020-08-30,Imperial,25,180216,11312,9703,7,9710,250
2020-08-30,Inyo,27,18085,181,160,0,160,3
2020-08-30,Kern,29,883053,29970,28987,231,29218,317
2020-08-30,Kings,31,150075,6368,6000,33,6033,62
2020-08-30,Lake,33,64148,360,334,0,334,2
2020-08-30,Lassen,35,31185,719,706,2,708,0
2020-08-30,Los Angeles,37,10098052,244981,240775,1358,242133,5772
2020-08-30,Madera,39,155013,3949,3626,22,3648,33
2020-08-30,Marin,41,260295,6253,6060,15,6075,66
2020-08-30,Mariposa,43,17540,73,69,0,69,2
2020-08-30,Mendocino,45,87422,658,611,0,611,13
2020-08-30,Merced,47,269075,8152,7960,8,7968,79
2020-08-30,Modoc,49,8938,13,10,0,10,0
2020-08-30,Mono,51,14174,163,145,1,146,1
2020-08-30,Monterey,53,433212,8293,7816,20,7836,54
2020-08-30,Napa,55,140530,1497,1423,3,1426,10
2020-08-30,Nevada,57,99092,461,445,12,457,6
2020-08-30,Orange,59,3164182,50419,47283,1192,48475,965
2020-08-30,Placer,61,380077,3144,2961,11,2972,32
2020-08-30,Plumas,63,18699,42,39,0,39,0
2020-08-30,Riverside,65,2383286,53820,52227,41,52268,1017
2020-08-30,Sacramento,67,1510023,18748,17751,13,17764,300
2020-08-30,San Benito,69,59416,1153,1071,0,1071,4
2020-08-30,San Bernardino,71,2135413,49417,47201,46,47247,755
2020-08-30,San Diego,73,3302833,40168,38302,0,38302,682
2020-08-30,San Francisco,75,870044,9772,9294,10,9304,83
2020-08-30,San Joaquin,77,732212,18668,17637,35,17672,338
2020-08-30,San Luis Obispo,79,281455,3108,2934,12,2946,21
2020-08-30,San Mateo,81,765935,8727,8013,5,8018,122
2020-08-30,Santa Barbara,83,443738,8708,8088,57,8145,93
2020-08-30,Santa Clara,85,1922200,18536,17045,23,17068,202
2020-08-30,Santa Cruz,87,273765,1910,1743,18,1761,7
2020-08-30,Shasta,89,179085,630,525,3,528,9
2020-08-30,Sierra,91,2930,6,6,0,6,0
2020-08-30,Siskiyou,93,43540,137,125,8,133,0
2020-08-30,Solano,95,438530,5580,5303,39,5342,34
2020-08-30,Sonoma,97,501317,6116,5590,19,5609,60
2020-08-30,Stanislaus,99,539301,15337,14580,373,14953,209
2020-08-30,Sutter,101,95872,1418,1351,1,1352,10
2020-08-30,Tehama,103,63373,437,419,2,421,1
2020-08-30,Trinity,105,12862,23,13,4,17,0
2020-08-30,Tulare,107,460477,14630,13985,54,14039,236
2020-08-30,Tuolumne,109,53932,207,178,2,180,1
2020-08-30,Ventura,111,848112,11315,10775,89,10864,108
2020-08-30,Yolo,113,214977,2535,2391,4,2395,51
2020-08-30,Yuba,115,75493,903,832,3,835,1
2020-08-29,Alameda,1,1643700,19032,17888,133,18021,250
2020-08-29,Alpine,3,1148,3,2,0,2,0
2020-08-29,Amador,5,37829,274,239,0,239,13
2020-08-29,Butte,7,227075,2309,1948,16,1964,26
2020-08-29,Calaveras,9,45235,257,211,0,211,1
2020-08-29,Colusa,11,21464,471,440,0,440,6
2020-08-29,Contra Costa,13,1133247,14662,13663,53,13716,159
2020-08-29,Del Norte,15,27424,115,108,0,108,1
2020-08-29,El Dorado,17,186661,1008,958,0,958,2
2020-08-29,Fresno,19,978130,27792,24821,289,25110,291
2020-08-29,Glenn,21,27897,467,437,0,437,3
2020-08-29,Humboldt,23,135768,411,363,1,364,4
2020-08-29,Imperial,25,180216,11297,9698,7,9705,250
2020-08-29,Inyo,27,18085,181,160,0,160,3
2020-08-29,Kern,29,883053,29929,28947,230,29177,317
2020-08-29,Kings,31,150075,6353,5906,33,5939,62
2020-08-29,Lake,33,64148,359,329,0,329,2
2020-08-29,Lassen,35,31185,719,706,2,708,0
2020-08-29,Los Angeles,37,10098052,244326,239815,1345,241160,5762
2020-08-29,Madera,39,155013,3940,3605,21,3626,33
2020-08-29,Marin,41,260295,6241,6007,15,6022,64
2020-08-29,Mariposa,43,17540,73,69,0,69,2
2020-08-29,Mendocino,45,87422,653,596,0,596,13
2020-08-29,Merced,47,269075,8122,7867,8,7875,79
2020-08-29,Modoc,49,8938,13,9,0,9,0
2020-08-29,Mono,51,14174,163,145,1,146,1
2020-08-29,Monterey,53,433212,8248,7680,20,7700,53
2020-08-29,Napa,55,140530,1494,1413,3,1416,10
2020-08-29,Nevada,57,99092,461,442,12,454,5
2020-08-29,Orange,59,3164182,50313,47007,1181,48188,960
2020-08-29,Placer,61,380077,3128,2935,11,2946,32
2020-08-29,Plumas,63,18699,41,39,0,39,0
2020-08-29,Riverside,65,2383286,53709,51918,39,51957,1016
2020-08-29,Sacramento,67,1510023,18677,17588,13,17601,291
2020-08-29,San Benito,69,59416,1144,1045,0,1045,4
2020-08-29,San Bernardino,71,2135413,49303,46849,46,46895,755
2020-08-29,San Diego,73,3302833,39902,38049,0,38049,694
2020-08-29,San Francisco,75,870044,9744,9291,9,9300,83
2020-08-29,San Joaquin,77,732212,18624,17493,35,17528,335
2020-08-29,San Luis Obispo,79,281455,3084,2917,12,2929,21
2020-08-29,San Mateo,81,765935,8685,7928,5,7933,122
2020-08-29,Santa Barbara,83,443738,8682,8052,56,8108,93
2020-08-29,Santa Clara,85,1922200,18439,16898,22,16920,202
2020-08-29,Santa Cruz,87,273765,1898,1746,18,1764,7
2020-08-29,Shasta,89,179085,622,522,3,525,9
2020-08-29,Sierra,91,2930,6,6,0,6,0
2020-08-29,Siskiyou,93,43540,137,121,8,129,0
2020-08-29,Solano,95,438530,5559,5303,39,5342,34
2020-08-29,Sonoma,97,501317,6082,5537,19,5556,60
2020-08-29,Stanislaus,99,539301,15288,14479,363,14842,208
2020-08-29,Sutter,101,95872,1413,1333,1,1334,9
2020-08-29,Tehama,103,63373,436,417,2,419,1
2020-08-29,Trinity,105,12862,23,11,4,15,0
2020-08-29,Tulare,107,460477,14592,13890,53,13943,236
2020-08-29,Tuolumne,109,53932,207,178,2,180,1
2020-08-29,Ventura,111,848112,11275,10705,89,10794,108
2020-08-29,Yolo,113,214977,2517,2357,4,2361,51
2020-08-29,Yuba,115,75493,894,822,3,825,1
2020-08-28,Alameda,1,1643700,18949,17729,132,17861,237
2020-08-28,Alpine,3,1148,3,2,0,2,0
2020-08-28,Amador,5,37829,274,234,0,234,13
2020-08-28,Butte,7,227075,2279,1886,16,1902,25
2020-08-28,Calaveras,9,45235,255,207,0,207,1
2020-08-28,Colusa,11,21464,470,441,0,441,6
2020-08-28,Contra Costa,13,1133247,14591,13522,52,13574,158
2020-08-28,Del Norte,15,27424,115,107,0,107,1
2020-08-28,El Dorado,17,186661,1002,949,0,949,2
2020-08-28,Fresno,19,978130,27658,24612,289,24901,282
2020-08-28,Glenn,21,27897,460,429,0,429,3
2020-08-28,Humboldt,23,135768,407,362,1,363,4
2020-08-28,Imperial,25,180216,11283,9656,7,9663,241
2020-08-28,Inyo,27,18085,180,160,0,160,2
2020-08-28,Kern,29,883053,29882,28744,230,28974,306
2020-08-28,Kings,31,150075,6346,5829,32,5861,62
2020-08-28,Lake,33,64148,354,320,0,320,2
2020-08-28,Lassen,35,31185,719,704,2,706,0
2020-08-28,Los Angeles,37,10098052,243517,238544,1320,239864,5740
2020-08-28,Madera,39,155013,3921,3552,21,3573,33
2020-08-28,Marin,41,260295,6219,5991,15,6006,63
2020-08-28,Mariposa,43,17540,73,67,0,67,2
2020-08-28,Mendocino,45,87422,648,588,0,588,11
2020-08-28,Merced,47,269075,8092,7803,8,7811,77
2020-08-28,Modoc,49,8938,13,6,0,6,0
2020-08-28,Mono,51,14174,163,145,1,146,1
2020-08-28,Monterey,53,433212,8191,7591,20,7611,53
2020-08-28,Napa,55,140530,1486,1403,3,1406,10
2020-08-28,Nevada,57,99092,460,438,12,450,5
2020-08-28,Orange,59,3164182,50213,46696,1166,47862,942
2020-08-28,Placer,61,380077,3117,2891,11,2902,32
2020-08-28,Plumas,63,18699,41,39,0,39,0
2020-08-28,Riverside,65,2383286,53578,51510,36,51546,1008
2020-08-28,Sacramento,67,1510023,18579,17119,13,17132,283
2020-08-28,San Benito,69,59416,1128,1016,0,1016,3
2020-08-28,San Bernardino,71,2135413,49186,46553,46,46599,754
2020-08-28,San Diego,73,3302833,39672,37786,0,37786,676
2020-08-28,San Francisco,75,870044,9690,9135,9,9144,83
2020-08-28,San Joaquin,77,732212,18571,17114,34,17148,314
2020-08-28,San Luis Obispo,79,281455,3067,2849,12,2861,20
2020-08-28,San Mateo,81,765935,8638,7783,5,7788,121
2020-08-28,Santa Barbara,83,443738,8648,8001,56,8057,92
2020-08-28,Santa Clara,85,1922200,18308,16696,22,16718,201
2020-08-28,Santa Cruz,87,273765,1886,1747,18,1765,7
2020-08-28,Shasta,89,179085,618,516,3,519,9
2020-08-28,Sierra,91,2930,6,6,0,6,0
2020-08-28,Siskiyou,93,43540,135,119,8,127,0
2020-08-28,Solano,95,438530,5540,5219,39,5258,34
2020-08-28,Sonoma,97,501317,6047,5425,18,5443,58
2020-08-28,Stanislaus,99,539301,15246,14176,359,14535,190
2020-08-28,Sutter,101,95872,1403,1308,1,1309,9
2020-08-28,Tehama,103,63373,431,410,2,412,1
2020-08-28,Trinity,105,12862,23,11,4,15,0
2020-08-28,Tulare,107,460477,14546,13776,53,13829,236
2020-08-28,Tuolumne,109,53932,207,176,2,178,1
2020-08-28,Ventura,111,848112,11239,10606,87,10693,103
2020-08-28,Yolo,113,214977,2508,2323,4,2327,51
2020-08-28,Yuba,115,75493,885,810,3,813,1
2020-08-27,Alameda,1,1643700,18805,17584,129,17713,234
2020-08-27,Alpine,3,1148,3,2,0,2,0
2020-08-27,Amador,5,37829,273,233,0,233,13
2020-08-27,Butte,7,227075,2213,1803,15,1818,25
2020-08-27,Calaveras,9,45235,249,204,0,204,1
2020-08-27,Colusa,11,21464,468,438,0,438,6
2020-08-27,Contra Costa,13,1133247,14491,13379,51,13430,158
2020-08-27,Del Norte,15,27424,115,107,0,107,1
2020-08-27,El Dorado,17,186661,998,942,0,942,2
2020-08-27,Fresno,19,978130,27476,24367,285,24652,272
2020-08-27,Glenn,21,27897,452,429,0,429,3
2020-08-27,Humboldt,23,135768,399,358,1,359,4
2020-08-27,Imperial,25,180216,11256,9608,7,9615,235
2020-08-27,Inyo,27,18085,180,157,0,157,2
2020-08-27,Kern,29,883053,29810,28635,221,28856,294
2020-08-27,Kings,31,150075,6324,5759,32,5791,62
2020-08-27,Lake,33,64148,352,314,0,314,2
2020-08-27,Lassen,35,31185,719,703,2,705,0
2020-08-27,Los Angeles,37,10098052,242506,237103,1302,238405,5704
2020-08-27,Madera,39,155013,3895,3465,21,3486,33
2020-08-27,Marin,41,260295,6195,5929,15,5944,62
2020-08-27,Mariposa,43,17540,73,67,0,67,2
2020-08-27,Mendocino,45,87422,639,581,0,581,10
2020-08-27,Merced,47,269075,8048,7765,8,7773,75
2020-08-27,Modoc,49,8938,11,5,0,5,0
2020-08-27,Mono,51,14174,163,145,1,146,1
2020-08-27,Monterey,53,433212,8097,7501,20,7521,52
2020-08-27,Napa,55,140530,1480,1397,3,1400,10
2020-08-27,Nevada,57,99092,457,435,12,447,5
2020-08-27,Orange,59,3164182,50056,46449,1155,47604,935
2020-08-27,Placer,61,380077,3086,2869,11,2880,32
2020-08-27,Plumas,63,18699,40,39,0,39,0
2020-08-27,Riverside,65,2383286,53371,51306,33,51339,999
2020-08-27,Sacramento,67,1510023,18380,16875,13,16888,281
2020-08-27,San Benito,69,59416,1112,987,0,987,3
2020-08-27,San Bernardino,71,2135413,48960,46345,46,46391,751
2020-08-27,San Diego,73,3302833,39401,37501,0,37501,673
2020-08-27,San Francisco,75,870044,9624,9014,9,9023,83
2020-08-27,San Joaquin,77,732212,18491,16989,34,17023,314
2020-08-27,San Luis Obispo,79,281455,3042,2808,12,2820,20
2020-08-27,San Mateo,81,765935,8529,7728,5,7733,121
2020-08-27,Santa Barbara,83,443738,8610,7934,56,7990,92
2020-08-27,Santa Clara,85,1922200,18125,16495,22,16517,199
2020-08-27,Santa Cruz,87,273765,1869,1734,18,1752,7
2020-08-27,Shasta,89,179085,612,512,3,515,9
2020-08-27,Sierra,91,2930,6,6,0,6,0
2020-08-27,Siskiyou,93,43540,135,118,8,126,0
2020-08-27,Solano,95,438530,5502,5167,39,5206,34
2020-08-27,Sonoma,97,501317,5935,5357,18,5375,58
2020-08-27,Stanislaus,99,539301,15166,14080,355,14435,186
2020-08-27,Sutter,101,95872,1383,1296,1,1297,9
2020-08-27,Tehama,103,63373,426,398,2,400,1
2020-08-27,Trinity,105,12862,23,11,4,15,0
2020-08-27,Tulare,107,460477,14454,13666,52,13718,231
2020-08-27,Tuolumne,109,53932,202,174,2,176,1
2020-08-27,Ventura,111,848112,11176,10483,83,10566,102
2020-08-27,Yolo,113,214977,2484,2293,4,2297,51
2020-08-27,Yuba,115,75493,874,807,3,810,1
2020-08-26,Alameda,1,1643700,18644,17373,129,17502,233
2020-08-26,Alpine,3,1148,3,2,0,2,0
2020-08-26,Amador,5,37829,273,229,0,229,13
2020-08-26,Butte,7,227075,2146,1765,13,1778,25
2020-08-26,Calaveras,9,45235,241,201,0,201,1
2020-08-26,Colusa,11,21464,462,433,0,433,5
2020-08-26,Contra Costa,13,1133247,14353,13248,51,13299,157
2020-08-26,Del Norte,15,27424,114,86,0,86,1
2020-08-26,El Dorado,17,186661,996,938,0,938,2
2020-08-26,Fresno,19,978130,27328,24071,283,24354,255
2020-08-26,Glenn,21,27897,450,429,0,429,3
2020-08-26,Humboldt,23,135768,387,357,1,358,4
2020-08-26,Imperial,25,180216,11234,9453,7,9460,227
2020-08-26,Inyo,27,18085,177,157,0,157,2
2020-08-26,Kern,29,883053,29672,28507,217,28724,286
2020-08-26,Kings,31,150075,6304,5720,32,5752,62
2020-08-26,Lake,33,64148,348,308,0,308,2
2020-08-26,Lassen,35,31185,719,702,2,704,0
2020-08-26,Los Angeles,37,10098052,241472,235499,1269,236768,5665
2020-08-26,Madera,39,155013,3866,3458,21,3479,32
2020-08-26,Marin,41,260295,6178,5887,15,5902,56
2020-08-26,Mariposa,43,17540,73,68,0,68,2
2020-08-26,Mendocino,45,87422,628,581,0,581,10
2020-08-26,Merced,47,269075,8015,7720,8,7728,74
2020-08-26,Modoc,49,8938,8,5,0,5,0
2020-08-26,Mono,51,14174,163,141,1,142,1
2020-08-26,Monterey,53,433212,8004,7439,20,7459,51
2020-08-26,Napa,55,140530,1467,1382,3,1385,10
2020-08-26,Nevada,57,99092,454,432,12,444,2
2020-08-26,Orange,59,3164182,49872,46157,1140,47297,905
2020-08-26,Placer,61,380077,3064,2846,9,2855,32
2020-08-26,Plumas,63,18699,39,39,0,39,0
2020-08-26,Riverside,65,2383286,53129,51138,33,51171,987
2020-08-26,Sacramento,67,1510023,18217,16708,13,16721,271
2020-08-26,San Benito,69,59416,1097,978,0,978,3
2020-08-26,San Bernardino,71,2135413,48751,45840,46,45886,743
2020-08-26,San Diego,73,3302833,39063,37224,0,37224,668
2020-08-26,San Francisco,75,870044,9549,8938,9,8947,81
2020-08-26,San Joaquin,77,732212,18402,16845,33,16878,309
2020-08-26,San Luis Obispo,79,281455,3014,2761,12,2773,20
2020-08-26,San Mateo,81,765935,8462,7655,5,7660,121
2020-08-26,Santa Barbara,83,443738,8577,7904,56,7960,90
2020-08-26,Santa Clara,85,1922200,17948,16283,22,16305,198
2020-08-26,Santa Cruz,87,273765,1858,1726,18,1744,7
2020-08-26,Shasta,89,179085,607,511,3,514,9
2020-08-26,Sierra,91,2930,6,6,0,6,0
2020-08-26,Siskiyou,93,43540,132,109,8,117,0
2020-08-26,Solano,95,438530,5478,5131,38,5169,34
2020-08-26,Sonoma,97,501317,5861,5283,18,5301,58
2020-08-26,Stanislaus,99,539301,15089,13964,349,14313,186
2020-08-26,Sutter,101,95872,1365,1275,1,1276,9
2020-08-26,Tehama,103,63373,423,396,2,398,1
2020-08-26,Trinity,105,12862,23,10,4,14,0
2020-08-26,Tulare,107,460477,14387,13568,52,13620,232
2020-08-26,Tuolumne,109,53932,201,172,2,174,1
2020-08-26,Ventura,111,848112,11105,10412,76,10488,100
2020-08-26,Yolo,113,214977,2461,2279,4,2283,49
2020-08-26,Yuba,115,75493,859,779,3,782,1
2020-08-25,Alameda,1,1643700,18487,17278,129,17407,232
2020-08-25,Alpine,3,1148,3,2,0,2,0
2020-08-25,Amador,5,37829,273,227,0,227,13
2020-08-25,Butte,7,227075,2079,1718,13,1731,24
2020-08-25,Calaveras,9,45235,239,196,0,196,1
2020-08-25,Colusa,11,21464,455,430,0,430,5
2020-08-25,Contra Costa,13,1133247,14215,13181,50,13231,156
2020-08-25,Del Norte,15,27424,113,83,0,83,1
2020-08-25,El Dorado,17,186661,993,928,0,928,2
2020-08-25,Fresno,19,978130,27139,23932,282,24214,250
2020-08-25,Glenn,21,27897,447,429,0,429,3
2020-08-25,Humboldt,23,135768,382,342,1,343,4
2020-08-25,Imperial,25,180216,11206,9381,7,9388,217
2020-08-25,Inyo,27,18085,175,144,0,144,1
2020-08-25,Kern,29,883053,29535,28416,217,28633,285
2020-08-25,Kings,31,150075,6147,5702,32,5734,59
2020-08-25,Lake,33,64148,343,304,0,304,2
2020-08-25,Lassen,35,31185,718,692,2,694,0
2020-08-25,Los Angeles,37,10098052,240150,233961,1222,235183,5612
2020-08-25,Madera,39,155013,3851,3446,20,3466,32
2020-08-25,Marin,41,260295,6140,5860,15,5875,56
2020-08-25,Mariposa,43,17540,73,67,0,67,2
2020-08-25,Mendocino,45,87422,620,571,0,571,10
2020-08-25,Merced,47,269075,7948,7693,7,7700,69
2020-08-25,Modoc,49,8938,8,5,0,5,0
2020-08-25,Mono,51,14174,163,129,1,130,1
2020-08-25,Monterey,53,433212,7924,7333,20,7353,51
2020-08-25,Napa,55,140530,1460,1374,3,1377,10
2020-08-25,Nevada,57,99092,451,430,12,442,2
2020-08-25,Orange,59,3164182,49678,45737,1123,46860,902
2020-08-25,Placer,61,380077,3045,2829,6,2835,31
2020-08-25,Plumas,63,18699,39,39,0,39,0
2020-08-25,Riverside,65,2383286,52900,50889,33,50922,981
2020-08-25,Sacramento,67,1510023,18065,16601,13,16614,265
2020-08-25,San Benito,69,59416,1081,973,0,973,3
2020-08-25,San Bernardino,71,2135413,48516,45544,46,45590,727
2020-08-25,San Diego,73,3302833,38784,36996,0,36996,665
2020-08-25,San Francisco,75,870044,9472,8848,9,8857,81
2020-08-25,San Joaquin,77,732212,18275,16795,33,16828,306
2020-08-25,San Luis Obispo,79,281455,2956,2731,10,2741,20
2020-08-25,San Mateo,81,765935,8402,7636,5,7641,120
2020-08-25,Santa Barbara,83,443738,8525,7854,56,7910,90
2020-08-25,Santa Clara,85,1922200,17776,16199,22,16221,194
2020-08-25,Santa Cruz,87,273765,1839,1708,18,1726,7
2020-08-25,Shasta,89,179085,603,511,3,514,9
2020-08-25,Sierra,91,2930,6,6,0,6,0
2020-08-25,Siskiyou,93,43540,131,109,8,117,0
2020-08-25,Solano,95,438530,5417,5114,38,5152,34
2020-08-25,Sonoma,97,501317,5776,5148,18,5166,56
2020-08-25,Stanislaus,99,539301,14981,13886,338,14224,182
2020-08-25,Sutter,101,95872,1348,1259,1,1260,9
2020-08-25,Tehama,103,63373,420,394,2,396,1
2020-08-25,Trinity,105,12862,21,10,4,14,0
2020-08-25,Tulare,107,460477,14284,13514,51,13565,224
2020-08-25,Tuolumne,109,53932,199,172,2,174,1
2020-08-25,Ventura,111,848112,11020,10313,71,10384,99
2020-08-25,Yolo,113,214977,2448,2254,4,2258,50
2020-08-25,Yuba,115,75493,849,775,3,778,1
2020-08-24,Alameda,1,1643700,18293,16913,128,17041,231
2020-08-24,Alpine,3,1148,3,2,0,2,0
2020-08-24,Amador,5,37829,271,227,0,227,13
2020-08-24,Butte,7,227075,1995,1649,13,1662,23
2020-08-24,Calaveras,9,45235,229,187,0,187,1
2020-08-24,Colusa,11,21464,451,425,0,425,5
2020-08-24,Contra Costa,13,1133247,14099,12906,48,12954,153
2020-08-24,Del Norte,15,27424,113,80,0,80,1
2020-08-24,El Dorado,17,186661,985,908,0,908,2
2020-08-24,Fresno,19,978130,26954,23618,275,23893,235
2020-08-24,Glenn,21,27897,445,421,0,421,2
2020-08-24,Humboldt,23,135768,378,340,1,341,4
2020-08-24,Imperial,25,180216,11172,9323,7,9330,210
2020-08-24,Inyo,27,18085,171,144,0,144,2
2020-08-24,Kern,29,883053,29438,28157,211,28368,277
2020-08-24,Kings,31,150075,6059,5652,32,5684,60
2020-08-24,Lake,33,64148,329,302,0,302,2
2020-08-24,Lassen,35,31185,718,693,2,695,0
2020-08-24,Los Angeles,37,10098052,238785,233036,1200,234236,5562
2020-08-24,Madera,39,155013,3824,3418,20,3438,32
2020-08-24,Marin,41,260295,6077,5834,15,5849,56
2020-08-24,Mariposa,43,17540,71,66,0,66,2
2020-08-24,Mendocino,45,87422,605,550,0,550,10
2020-08-24,Merced,47,269075,7870,7605,7,7612,69
2020-08-24,Modoc,49,8938,8,5,0,5,0
2020-08-24,Mono,51,14174,163,129,1,130,1
2020-08-24,Monterey,53,433212,7815,7212,19,7231,50
2020-08-24,Napa,55,140530,1447,1358,3,1361,10
2020-08-24,Nevada,57,99092,446,423,12,435,2
2020-08-24,Orange,59,3164182,49487,45536,1112,46648,887
2020-08-24,Placer,61,380077,2999,2793,6,2799,31
2020-08-24,Plumas,63,18699,39,37,0,37,0
2020-08-24,Riverside,65,2383286,52623,50496,33,50529,975
2020-08-24,Sacramento,67,1510023,17867,16318,13,16331,249
2020-08-24,San Benito,69,59416,1060,961,0,961,3
2020-08-24,San Bernardino,71,2135413,48252,45199,45,45244,720
2020-08-24,San Diego,73,3302833,38496,36729,0,36729,660
2020-08-24,San Francisco,75,870044,9389,8621,9,8630,81
2020-08-24,San Joaquin,77,732212,18134,16565,32,16597,305
2020-08-24,San Luis Obispo,79,281455,2928,2705,10,2715,20
2020-08-24,San Mateo,81,765935,8335,7502,5,7507,120
2020-08-24,Santa Barbara,83,443738,8484,7784,56,7840,90
2020-08-24,Santa Clara,85,1922200,17572,16049,22,16071,192
2020-08-24,Santa Cruz,87,273765,1819,1627,17,1644,6
2020-08-24,Shasta,89,179085,601,505,3,508,9
2020-08-24,Sierra,91,2930,6,6,0,6,0
2020-08-24,Siskiyou,93,43540,127,107,8,115,0
2020-08-24,Solano,95,438530,5368,4979,36,5015,32
2020-08-24,Sonoma,97,501317,5674,5071,18,5089,56
2020-08-24,Stanislaus,99,539301,14883,13521,323,13844,171
2020-08-24,Sutter,101,95872,1329,1219,1,1220,9
2020-08-24,Tehama,103,63373,415,388,2,390,1
2020-08-24,Trinity,105,12862,21,10,4,14,0
2020-08-24,Tulare,107,460477,14177,13360,50,13410,223
2020-08-24,Tuolumne,109,53932,198,170,2,172,1
2020-08-24,Ventura,111,848112,10940,10261,68,10329,99
2020-08-24,Yolo,113,214977,2413,2239,4,2243,47
2020-08-24,Yuba,115,75493,832,750,3,753,1
2020-08-23,Alameda,1,1643700,18070,16786,128,16914,231
2020-08-23,Alpine,3,1148,3,2,0,2,0
2020-08-23,Amador,5,37829,268,227,0,227,13
2020-08-23,Butte,7,227075,1881,1637,13,1650,23
2020-08-23,Calaveras,9,45235,219,187,0,187,1
2020-08-23,Colusa,11,21464,444,424,0,424,5
2020-08-23,Contra Costa,13,1133247,13939,12642,48,12690,153
2020-08-23,Del Norte,15,27424,113,80,0,80,1
2020-08-23,El Dorado,17,186661,972,901,0,901,2
2020-08-23,Fresno,19,978130,26752,23414,270,23684,235
2020-08-23,Glenn,21,27897,438,421,0,421,2
2020-08-23,Humboldt,23,135768,376,341,1,342,4
2020-08-23,Imperial,25,180216,11144,9243,7,9250,210
2020-08-23,Inyo,27,18085,168,144,0,144,2
2020-08-23,Kern,29,883053,29290,28028,205,28233,277
2020-08-23,Kings,31,150075,6017,5628,32,5660,60
2020-08-23,Lake,33,64148,325,299,0,299,2
2020-08-23,Lassen,35,31185,717,693,2,695,0
2020-08-23,Los Angeles,37,10098052,237187,231833,1123,232956,5549
2020-08-23,Madera,39,155013,3792,3401,19,3420,32
2020-08-23,Marin,41,260295,6037,5807,14,5821,50
2020-08-23,Mariposa,43,17540,71,66,0,66,2
2020-08-23,Mendocino,45,87422,601,550,0,550,10
2020-08-23,Merced,47,269075,7801,7574,6,7580,69
2020-08-23,Modoc,49,8938,7,5,0,5,0
2020-08-23,Mono,51,14174,163,129,1,130,1
2020-08-23,Monterey,53,433212,7725,7173,19,7192,50
2020-08-23,Napa,55,140530,1435,1348,3,1351,10
2020-08-23,Nevada,57,99092,441,421,12,433,2
2020-08-23,Orange,59,3164182,49251,45267,1099,46366,887
2020-08-23,Placer,61,380077,2960,2772,6,2778,31
2020-08-23,Plumas,63,18699,39,37,0,37,0
2020-08-23,Riverside,65,2383286,52354,50293,31,50324,955
2020-08-23,Sacramento,67,1510023,17643,16084,12,16096,243
2020-08-23,San Benito,69,59416,1047,938,0,938,3
2020-08-23,San Bernardino,71,2135413,47983,45010,45,45055,719
2020-08-23,San Diego,73,3302833,38175,36542,0,36542,660
2020-08-23,San Francisco,75,870044,9294,8564,8,8572,80
2020-08-23,San Joaquin,77,732212,18001,16069,31,16100,305
2020-08-23,San Luis Obispo,79,281455,2886,2679,10,2689,20
2020-08-23,San Mateo,81,765935,8240,7450,5,7455,120
2020-08-23,Santa Barbara,83,443738,8416,7725,56,7781,90
2020-08-23,Santa Clara,85,1922200,17378,15912,20,15932,191
2020-08-23,Santa Cruz,87,273765,1793,1627,17,1644,6
2020-08-23,Shasta,89,179085,596,501,3,504,9
2020-08-23,Sierra,91,2930,6,6,0,6,0
2020-08-23,Siskiyou,93,43540,122,107,8,115,0
2020-08-23,Solano,95,438530,5310,4977,34,5011,32
2020-08-23,Sonoma,97,501317,5586,5018,18,5036,56
2020-08-23,Stanislaus,99,539301,14749,13483,299,13782,171
2020-08-23,Sutter,101,95872,1307,1203,1,1204,9
2020-08-23,Tehama,103,63373,405,381,2,383,1
2020-08-23,Trinity,105,12862,21,10,4,14,0
2020-08-23,Tulare,107,460477,14047,13303,46,13349,223
2020-08-23,Tuolumne,109,53932,194,164,2,166,1
2020-08-23,Ventura,111,848112,10840,10126,63,10189,99
2020-08-23,Yolo,113,214977,2385,2210,4,2214,47
2020-08-23,Yuba,115,75493,811,750,3,753,1
2020-08-22,Alameda,1,1643700,17976,16648,127,16775,231
2020-08-22,Alpine,3,1148,3,2,0,2,0
2020-08-22,Amador,5,37829,267,224,0,224,13
2020-08-22,Butte,7,227075,1831,1618,13,1631,22
2020-08-22,Calaveras,9,45235,216,187,0,187,1
2020-08-22,Colusa,11,21464,440,419,0,419,5
2020-08-22,Contra Costa,13,1133247,13852,12522,48,12570,153
2020-08-22,Del Norte,15,27424,112,80,0,80,1
2020-08-22,El Dorado,17,186661,970,900,0,900,2
2020-08-22,Fresno,19,978130,26655,23197,269,23466,235
2020-08-22,Glenn,21,27897,437,421,0,421,2
2020-08-22,Humboldt,23,135768,366,334,1,335,4
2020-08-22,Imperial,25,180216,11136,9244,7,9251,210
2020-08-22,Inyo,27,18085,168,144,0,144,1
2020-08-22,Kern,29,883053,29236,27807,205,28012,277
2020-08-22,Kings,31,150075,6008,5447,32,5479,60
2020-08-22,Lake,33,64148,323,291,0,291,2
2020-08-22,Lassen,35,31185,717,693,2,695,0
2020-08-22,Los Angeles,37,10098052,236530,230858,1104,231962,5540
2020-08-22,Madera,39,155013,3773,3330,19,3349,32
2020-08-22,Marin,41,260295,6025,5789,14,5803,49
2020-08-22,Mariposa,43,17540,71,66,0,66,2
2020-08-22,Mendocino,45,87422,598,529,0,529,10
2020-08-22,Merced,47,269075,7773,7493,6,7499,69
2020-08-22,Modoc,49,8938,7,5,0,5,0
2020-08-22,Mono,51,14174,163,129,1,130,1
2020-08-22,Monterey,53,433212,7677,7081,19,7100,50
2020-08-22,Napa,55,140530,1430,1328,3,1331,11
2020-08-22,Nevada,57,99092,441,411,12,423,2
2020-08-22,Orange,59,3164182,49109,45131,1093,46224,885
2020-08-22,Placer,61,380077,2946,2734,6,2740,30
2020-08-22,Plumas,63,18699,39,37,0,37,0
2020-08-22,Riverside,65,2383286,52205,49944,30,49974,953
2020-08-22,Sacramento,67,1510023,17532,15516,12,15528,239
2020-08-22,San Benito,69,59416,1031,912,0,912,3
2020-08-22,San Bernardino,71,2135413,47854,44803,44,44847,719
2020-08-22,San Diego,73,3302833,37993,36205,0,36205,673
2020-08-22,San Francisco,75,870044,9234,8568,8,8576,80
2020-08-22,San Joaquin,77,732212,17945,16068,31,16099,305
2020-08-22,San Luis Obispo,79,281455,2861,2660,10,2670,20
2020-08-22,San Mateo,81,765935,8193,7361,5,7366,120
2020-08-22,Santa Barbara,83,443738,8390,7685,56,7741,90
2020-08-22,Santa Clara,85,1922200,17271,15590,20,15610,190
2020-08-22,Santa Cruz,87,273765,1777,1628,16,1644,6
2020-08-22,Shasta,89,179085,594,493,3,496,9
2020-08-22,Sierra,91,2930,6,6,0,6,0
2020-08-22,Siskiyou,93,43540,122,106,8,114,0
2020-08-22,Solano,95,438530,5280,4944,33,4977,32
2020-08-22,Sonoma,97,501317,5540,4891,18,4909,57
2020-08-22,Stanislaus,99,539301,14701,13380,280,13660,170
2020-08-22,Sutter,101,95872,1300,1189,1,1190,8
2020-08-22,Tehama,103,63373,404,368,2,370,1
2020-08-22,Trinity,105,12862,21,8,4,12,0
2020-08-22,Tulare,107,460477,13980,13196,46,13242,222
2020-08-22,Tuolumne,109,53932,192,162,2,164,1
2020-08-22,Ventura,111,848112,10785,9959,61,10020,99
2020-08-22,Yolo,113,214977,2369,2188,4,2192,47
2020-08-22,Yuba,115,75493,799,738,3,741,1
2020-08-21,Alameda,1,1643700,17885,16413,127,16540,232
2020-08-21,Alpine,3,1148,3,2,0,2,0
2020-08-21,Amador,5,37829,266,223,0,223,11
2020-08-21,Butte,7,227075,1792,1582,13,1595,19
2020-08-21,Calaveras,9,45235,216,182,0,182,1
2020-08-21,Colusa,11,21464,438,418,0,418,5
2020-08-21,Contra Costa,13,1133247,13762,12333,47,12380,149
2020-08-21,Del Norte,15,27424,112,78,0,78,1
2020-08-21,El Dorado,17,186661,966,885,0,885,2
2020-08-21,Fresno,19,978130,26485,22840,268,23108,232
2020-08-21,Glenn,21,27897,433,418,0,418,2
2020-08-21,Humboldt,23,135768,363,331,1,332,4
2020-08-21,Imperial,25,180216,11120,9166,7,9173,204
2020-08-21,Inyo,27,18085,168,144,0,144,1
2020-08-21,Kern,29,883053,29177,27567,203,27770,269
2020-08-21,Kings,31,150075,5986,5391,32,5423,60
2020-08-21,Lake,33,64148,321,281,0,281,2
2020-08-21,Lassen,35,31185,717,693,2,695,0
2020-08-21,Los Angeles,37,10098052,235654,229235,1082,230317,5494
2020-08-21,Madera,39,155013,3743,3271,19,3290,31
2020-08-21,Marin,41,260295,6005,5762,14,5776,49
2020-08-21,Mariposa,43,17540,71,66,0,66,2
2020-08-21,Mendocino,45,87422,588,505,0,505,10
2020-08-21,Merced,47,269075,7744,7357,6,7363,69
2020-08-21,Modoc,49,8938,7,5,0,5,0
2020-08-21,Mono,51,14174,163,128,1,129,1
2020-08-21,Monterey,53,433212,7605,6974,19,6993,49
2020-08-21,Napa,55,140530,1421,1317,3,1320,10
2020-08-21,Nevada,57,99092,440,406,12,418,2
2020-08-21,Orange,59,3164182,48968,44625,1085,45710,875
2020-08-21,Placer,61,380077,2930,2698,5,2703,30
2020-08-21,Plumas,63,18699,39,36,0,36,0
2020-08-21,Riverside,65,2383286,52012,49409,30,49439,932
2020-08-21,Sacramento,67,1510023,17409,15247,12,15259,237
2020-08-21,San Benito,69,59416,1021,891,0,891,3
2020-08-21,San Bernardino,71,2135413,47734,44249,44,44293,668
2020-08-21,San Diego,73,3302833,37789,35914,0,35914,652
2020-08-21,San Francisco,75,870044,9184,8375,8,8383,80
2020-08-21,San Joaquin,77,732212,17862,15888,29,15917,301
2020-08-21,San Luis Obispo,79,281455,2838,2640,10,2650,19
2020-08-21,San Mateo,81,765935,8135,7253,5,7258,120
2020-08-21,Santa Barbara,83,443738,8349,7645,56,7701,86
2020-08-21,Santa Clara,85,1922200,17119,15399,20,15419,190
2020-08-21,Santa Cruz,87,273765,1765,1617,16,1633,6
2020-08-21,Shasta,89,179085,594,486,3,489,9
2020-08-21,Sierra,91,2930,6,6,0,6,0
2020-08-21,Siskiyou,93,43540,122,103,6,109,0
2020-08-21,Solano,95,438530,5257,4891,32,4923,32
2020-08-21,Sonoma,97,501317,5470,4816,18,4834,57
2020-08-21,Stanislaus,99,539301,14632,13282,265,13547,161
2020-08-21,Sutter,101,95872,1287,1173,1,1174,8
2020-08-21,Tehama,103,63373,402,357,2,359,1
2020-08-21,Trinity,105,12862,21,8,4,12,0
2020-08-21,Tulare,107,460477,13908,13002,45,13047,217
2020-08-21,Tuolumne,109,53932,184,161,2,163,1
2020-08-21,Ventura,111,848112,10721,9865,59,9924,98
2020-08-21,Yolo,113,214977,2354,2164,4,2168,46
2020-08-21,Yuba,115,75493,795,717,3,720,1
2020-08-20,Alameda,1,1643700,17726,16174,127,16301,229
2020-08-20,Alpine,3,1148,3,2,0,2,0
2020-08-20,Amador,5,37829,264,222,0,222,11
2020-08-20,Butte,7,227075,1741,1549,13,1562,18
2020-08-20,Calaveras,9,45235,213,179,0,179,1
2020-08-20,Colusa,11,21464,436,415,0,415,5
2020-08-20,Contra Costa,13,1133247,13634,12108,46,12154,144
2020-08-20,Del Norte,15,27424,112,78,0,78,1
2020-08-20,El Dorado,17,186661,962,881,0,881,2
2020-08-20,Fresno,19,978130,26303,22535,263,22798,228
2020-08-20,Glenn,21,27897,428,414,0,414,2
2020-08-20,Humboldt,23,135768,358,318,1,319,4
2020-08-20,Imperial,25,180216,11101,9086,7,9093,196
2020-08-20,Inyo,27,18085,167,144,0,144,1
2020-08-20,Kern,29,883053,29009,27337,192,27529,267
2020-08-20,Kings,31,150075,5946,5347,31,5378,59
2020-08-20,Lake,33,64148,316,280,0,280,2
2020-08-20,Lassen,35,31185,716,693,2,695,0
2020-08-20,Los Angeles,37,10098052,234419,227492,1063,228555,5445
2020-08-20,Madera,39,155013,3717,3197,19,3216,31
2020-08-20,Marin,41,260295,5987,5745,14,5759,47
2020-08-20,Mariposa,43,17540,71,67,0,67,2
2020-08-20,Mendocino,45,87422,577,497,0,497,10
2020-08-20,Merced,47,269075,7669,7173,6,7179,68
2020-08-20,Modoc,49,8938,7,5,0,5,0
2020-08-20,Mono,51,14174,163,128,1,129,1
2020-08-20,Monterey,53,433212,7534,6892,19,6911,47
2020-08-20,Napa,55,140530,1413,1306,3,1309,10
2020-08-20,Nevada,57,99092,439,401,12,413,2
2020-08-20,Orange,59,3164182,48741,44299,1074,45373,849
2020-08-20,Placer,61,380077,2914,2681,5,2686,30
2020-08-20,Plumas,63,18699,39,36,0,36,0
2020-08-20,Riverside,65,2383286,51795,48953,29,48982,927
2020-08-20,Sacramento,67,1510023,17166,14992,12,15004,231
2020-08-20,San Benito,69,59416,1008,866,0,866,3
2020-08-20,San Bernardino,71,2135413,47477,43627,44,43671,665
2020-08-20,San Diego,73,3302833,37569,35610,0,35610,644
2020-08-20,San Francisco,75,870044,9098,8262,8,8270,72
2020-08-20,San Joaquin,77,732212,17769,15778,29,15807,297
2020-08-20,San Luis Obispo,79,281455,2818,2590,10,2600,19
2020-08-20,San Mateo,81,765935,8069,7188,5,7193,120
2020-08-20,Santa Barbara,83,443738,8311,7571,56,7627,81
2020-08-20,Santa Clara,85,1922200,16947,15162,20,15182,190
2020-08-20,Santa Cruz,87,273765,1752,1581,16,1597,6
2020-08-20,Shasta,89,179085,593,478,3,481,9
2020-08-20,Sierra,91,2930,6,6,0,6,0
2020-08-20,Siskiyou,93,43540,121,102,1,103,0
2020-08-20,Solano,95,438530,5213,4843,32,4875,31
2020-08-20,Sonoma,97,501317,5398,4737,18,4755,54
2020-08-20,Stanislaus,99,539301,14536,13120,256,13376,161
2020-08-20,Sutter,101,95872,1263,1158,1,1159,8
2020-08-20,Tehama,103,63373,396,350,2,352,1
2020-08-20,Trinity,105,12862,21,8,4,12,0
2020-08-20,Tulare,107,460477,13800,12907,44,12951,217
2020-08-20,Tuolumne,109,53932,180,159,2,161,1
2020-08-20,Ventura,111,848112,10608,9744,58,9802,93
2020-08-20,Yolo,113,214977,2332,2150,4,2154,47
2020-08-20,Yuba,115,75493,778,709,3,712,1
2020-08-19,Alameda,1,1643700,17568,15874,126,16000,226
2020-08-19,Alpine,3,1148,3,2,0,2,0
2020-08-19,Amador,5,37829,263,219,0,219,9
2020-08-19,Butte,7,227075,1698,1517,13,1530,16
2020-08-19,Calaveras,9,45235,210,177,0,177,1
2020-08-19,Colusa,11,21464,435,415,0,415,5
2020-08-19,Contra Costa,13,1133247,13522,11895,44,11939,142
2020-08-19,Del Norte,15,27424,112,78,0,78,1
2020-08-19,El Dorado,17,186661,956,870,0,870,2
2020-08-19,Fresno,19,978130,26113,22167,255,22422,221
2020-08-19,Glenn,21,27897,426,414,0,414,2
2020-08-19,Humboldt,23,135768,355,316,1,317,4
2020-08-19,Imperial,25,180216,11073,9041,7,9048,192
2020-08-19,Inyo,27,18085,165,140,0,140,1
2020-08-19,Kern,29,883053,28892,27142,188,27330,263
2020-08-19,Kings,31,150075,5774,5301,31,5332,59
2020-08-19,Lake,33,64148,313,277,0,277,2
2020-08-19,Lassen,35,31185,708,693,2,695,0
2020-08-19,Los Angeles,37,10098052,233137,226006,1023,227029,5399
2020-08-19,Madera,39,155013,3683,3158,17,3175,30
2020-08-19,Marin,41,260295,5963,5723,13,5736,46
2020-08-19,Mariposa,43,17540,71,64,0,64,2
2020-08-19,Mendocino,45,87422,561,495,0,495,8
2020-08-19,Merced,47,269075,7542,7082,3,7085,66
2020-08-19,Modoc,49,8938,7,5,0,5,0
2020-08-19,Mono,51,14174,163,128,1,129,1
2020-08-19,Monterey,53,433212,7432,6693,19,6712,45
2020-08-19,Napa,55,140530,1408,1293,3,1296,10
2020-08-19,Nevada,57,99092,432,398,12,410,2
2020-08-19,Orange,59,3164182,48536,43938,1070,45008,829
2020-08-19,Placer,61,380077,2891,2659,5,2664,28
2020-08-19,Plumas,63,18699,39,36,0,36,0
2020-08-19,Riverside,65,2383286,51547,48741,28,48769,922
2020-08-19,Sacramento,67,1510023,16983,14764,12,14776,229
2020-08-19,San Benito,69,59416,991,853,0,853,3
2020-08-19,San Bernardino,71,2135413,47178,43224,43,43267,661
2020-08-19,San Diego,73,3302833,37320,35378,0,35378,638
2020-08-19,San Francisco,75,870044,9033,8236,8,8244,72
2020-08-19,San Joaquin,77,732212,17642,15677,28,15705,296
2020-08-19,San Luis Obispo,79,281455,2779,2553,10,2563,19
2020-08-19,San Mateo,81,765935,8001,7146,5,7151,119
2020-08-19,Santa Barbara,83,443738,8262,7499,56,7555,80
2020-08-19,Santa Clara,85,1922200,16802,14994,20,15014,189
2020-08-19,Santa Cruz,87,273765,1726,1554,16,1570,6
2020-08-19,Shasta,89,179085,589,475,3,478,9
2020-08-19,Sierra,91,2930,6,6,0,6,0
2020-08-19,Siskiyou,93,43540,120,103,1,104,0
2020-08-19,Solano,95,438530,5172,4807,32,4839,31
2020-08-19,Sonoma,97,501317,5319,4614,18,4632,54
2020-08-19,Stanislaus,99,539301,14434,13084,234,13318,160
2020-08-19,Sutter,101,95872,1229,1146,1,1147,8
2020-08-19,Tehama,103,63373,390,342,2,344,1
2020-08-19,Trinity,105,12862,20,8,4,12,0
2020-08-19,Tulare,107,460477,13702,12756,44,12800,217
2020-08-19,Tuolumne,109,53932,177,159,2,161,1
2020-08-19,Ventura,111,848112,10516,9587,56,9643,91
2020-08-19,Yolo,113,214977,2309,2126,4,2130,47
2020-08-19,Yuba,115,75493,766,701,3,704,1
2020-08-18,Alameda,1,1643700,17392,15627,123,15750,223
2020-08-18,Alpine,3,1148,3,2,0,2,0
2020-08-18,Amador,5,37829,262,215,0,215,9
2020-08-18,Butte,7,227075,1665,1491,13,1504,16
2020-08-18,Calaveras,9,45235,206,174,0,174,1
2020-08-18,Colusa,11,21464,434,415,0,415,5
2020-08-18,Contra Costa,13,1133247,13402,11689,42,11731,141
2020-08-18,Del Norte,15,27424,111,78,0,78,0
2020-08-18,El Dorado,17,186661,951,866,0,866,2
2020-08-18,Fresno,19,978130,25894,21798,249,22047,212
2020-08-18,Glenn,21,27897,426,407,0,407,2
2020-08-18,Humboldt,23,135768,353,315,1,316,4
2020-08-18,Imperial,25,180216,11039,8968,7,8975,189
2020-08-18,Inyo,27,18085,164,140,0,140,1
2020-08-18,Kern,29,883053,28740,26978,183,27161,263
2020-08-18,Kings,31,150075,5746,5269,30,5299,58
2020-08-18,Lake,33,64148,310,274,0,274,2
2020-08-18,Lassen,35,31185,708,693,2,695,0
2020-08-18,Los Angeles,37,10098052,231859,224218,984,225202,5339
2020-08-18,Madera,39,155013,3655,3125,17,3142,28
2020-08-18,Marin,41,260295,5933,5708,13,5721,47
2020-08-18,Mariposa,43,17540,71,61,0,61,2
2020-08-18,Mendocino,45,87422,552,468,0,468,8
2020-08-18,Merced,47,269075,7494,6940,3,6943,66
2020-08-18,Modoc,49,8938,7,5,0,5,0
2020-08-18,Mono,51,14174,162,129,1,130,1
2020-08-18,Monterey,53,433212,7341,6691,18,6709,44
2020-08-18,Napa,55,140530,1405,1274,3,1277,10
2020-08-18,Nevada,57,99092,425,389,12,401,2
2020-08-18,Orange,59,3164182,48311,43659,1054,44713,809
2020-08-18,Placer,61,380077,2865,2644,4,2648,28
2020-08-18,Plumas,63,18699,39,34,0,34,0
2020-08-18,Riverside,65,2383286,51218,48447,28,48475,917
2020-08-18,Sacramento,67,1510023,16754,14610,11,14621,222
2020-08-18,San Benito,69,59416,971,836,0,836,3
2020-08-18,San Bernardino,71,2135413,46897,42827,42,42869,648
2020-08-18,San Diego,73,3302833,37028,35164,0,35164,633
2020-08-18,San Francisco,75,870044,8948,8016,8,8024,72
2020-08-18,San Joaquin,77,732212,17525,15509,27,15536,290
2020-08-18,San Luis Obispo,79,281455,2755,2535,9,2544,18
2020-08-18,San Mateo,81,765935,7939,7074,5,7079,119
2020-08-18,Santa Barbara,83,443738,8220,7472,56,7528,81
2020-08-18,Santa Clara,85,1922200,16629,14786,19,14805,184
2020-08-18,Santa Cruz,87,273765,1713,1509,16,1525,6
2020-08-18,Shasta,89,179085,585,468,3,471,9
2020-08-18,Sierra,91,2930,6,6,0,6,0
2020-08-18,Siskiyou,93,43540,119,103,1,104,0
2020-08-18,Solano,95,438530,5145,4700,32,4732,31
2020-08-18,Sonoma,97,501317,5250,4506,18,4524,48
2020-08-18,Stanislaus,99,539301,14336,12935,218,13153,149
2020-08-18,Sutter,101,95872,1210,1126,1,1127,8
2020-08-18,Tehama,103,63373,380,333,2,335,1
2020-08-18,Trinity,105,12862,19,8,4,12,0
2020-08-18,Tulare,107,460477,13570,12637,41,12678,212
2020-08-18,Tuolumne,109,53932,174,159,2,161,1
2020-08-18,Ventura,111,848112,10426,9536,51,9587,89
2020-08-18,Yolo,113,214977,2286,2102,4,2106,47
2020-08-18,Yuba,115,75493,758,679,3,682,1
2020-08-17,Alameda,1,1643700,17202,15454,121,15575,221
2020-08-17,Alpine,3,1148,3,2,0,2,0
2020-08-17,Amador,5,37829,262,215,0,215,9
2020-08-17,Butte,7,227075,1620,1463,13,1476,15
2020-08-17,Calaveras,9,45235,202,167,0,167,1
2020-08-17,Colusa,11,21464,431,408,0,408,5
2020-08-17,Contra Costa,13,1133247,13264,11442,42,11484,141
2020-08-17,Del Norte,15,27424,107,77,0,77,0
2020-08-17,El Dorado,17,186661,948,846,0,846,2
2020-08-17,Fresno,19,978130,25688,21316,242,21558,211
2020-08-17,Glenn,21,27897,425,402,0,402,2
2020-08-17,Humboldt,23,135768,349,302,1,303,4
2020-08-17,Imperial,25,180216,10998,8897,7,8904,188
2020-08-17,Inyo,27,18085,156,124,0,124,1
2020-08-17,Kern,29,883053,28592,26773,172,26945,249
2020-08-17,Kings,31,150075,5708,5249,30,5279,58
2020-08-17,Lake,33,64148,305,270,0,270,2
2020-08-17,Lassen,35,31185,708,666,2,668,0
2020-08-17,Los Angeles,37,10098052,230344,223418,933,224351,5282
2020-08-17,Madera,39,155013,3612,3050,16,3066,26
2020-08-17,Marin,41,260295,5910,5683,12,5695,46
2020-08-17,Mariposa,43,17540,71,61,0,61,2
2020-08-17,Mendocino,45,87422,534,454,0,454,8
2020-08-17,Merced,47,269075,7398,6814,3,6817,66
2020-08-17,Modoc,49,8938,7,5,0,5,0
2020-08-17,Mono,51,14174,162,126,1,127,1
2020-08-17,Monterey,53,433212,7242,6553,18,6571,44
2020-08-17,Napa,55,140530,1384,1255,3,1258,10
2020-08-17,Nevada,57,99092,420,383,12,395,2
2020-08-17,Orange,59,3164182,48100,43621,1043,44664,804
2020-08-17,Placer,61,380077,2840,2609,4,2613,28
2020-08-17,Plumas,63,18699,39,33,0,33,0
2020-08-17,Riverside,65,2383286,50889,48062,26,48088,916
2020-08-17,Sacramento,67,1510023,16530,14333,11,14344,219
2020-08-17,San Benito,69,59416,956,822,0,822,2
2020-08-17,San Bernardino,71,2135413,46555,42005,42,42047,604
2020-08-17,San Diego,73,3302833,36762,34962,0,34962,626
2020-08-17,San Francisco,75,870044,8876,7600,8,7608,72
2020-08-17,San Joaquin,77,732212,17361,15323,26,15349,280
2020-08-17,San Luis Obispo,79,281455,2722,2527,9,2536,18
2020-08-17,San Mateo,81,765935,7882,6987,4,6991,118
2020-08-17,Santa Barbara,83,443738,8178,7438,56,7494,80
2020-08-17,Santa Clara,85,1922200,16409,14546,19,14565,183
2020-08-17,Santa Cruz,87,273765,1697,1453,15,1468,6
2020-08-17,Shasta,89,179085,579,467,3,470,9
2020-08-17,Sierra,91,2930,6,6,0,6,0
2020-08-17,Siskiyou,93,43540,118,103,0,103,0
2020-08-17,Solano,95,438530,5088,4479,32,4511,31
2020-08-17,Sonoma,97,501317,5161,4402,16,4418,48
2020-08-17,Stanislaus,99,539301,14211,12745,211,12956,148
2020-08-17,Sutter,101,95872,1194,1071,1,1072,8
2020-08-17,Tehama,103,63373,371,324,2,326,1
2020-08-17,Trinity,105,12862,19,8,4,12,0
2020-08-17,Tulare,107,460477,13457,12487,40,12527,210
2020-08-17,Tuolumne,109,53932,171,157,2,159,1
2020-08-17,Ventura,111,848112,10304,9490,46,9536,89
2020-08-17,Yolo,113,214977,2259,2083,4,2087,47
2020-08-17,Yuba,115,75493,743,647,3,650,1
2020-08-16,Alameda,1,1643700,16912,15338,121,15459,221
2020-08-16,Alpine,3,1148,3,2,0,2,0
2020-08-16,Amador,5,37829,259,215,0,215,9
2020-08-16,Butte,7,227075,1582,1432,13,1445,15
2020-08-16,Calaveras,9,45235,195,167,0,167,1
2020-08-16,Colusa,11,21464,429,407,0,407,5
2020-08-16,Contra Costa,13,1133247,13078,11255,42,11297,140
2020-08-16,Del Norte,15,27424,103,77,0,77,0
2020-08-16,El Dorado,17,186661,936,843,0,843,2
2020-08-16,Fresno,19,978130,25469,21010,238,21248,211
2020-08-16,Glenn,21,27897,423,400,0,400,2
2020-08-16,Humboldt,23,135768,347,301,1,302,4
2020-08-16,Imperial,25,180216,10954,8883,7,8890,188
2020-08-16,Inyo,27,18085,149,125,0,125,1
2020-08-16,Kern,29,883053,28392,26520,164,26684,249
2020-08-16,Kings,31,150075,5677,5146,30,5176,58
2020-08-16,Lake,33,64148,301,269,0,269,2
2020-08-16,Lassen,35,31185,708,666,2,668,0
2020-08-16,Los Angeles,37,10098052,228777,222236,902,223138,5263
2020-08-16,Madera,39,155013,3567,3013,16,3029,26
2020-08-16,Marin,41,260295,5884,5664,12,5676,46
2020-08-16,Mariposa,43,17540,71,61,0,61,2
2020-08-16,Mendocino,45,87422,526,451,0,451,8
2020-08-16,Merced,47,269075,7316,6744,3,6747,66
2020-08-16,Modoc,49,8938,7,5,0,5,0
2020-08-16,Mono,51,14174,162,126,1,127,1
2020-08-16,Monterey,53,433212,7144,6516,17,6533,44
2020-08-16,Napa,55,140530,1366,1241,2,1243,10
2020-08-16,Nevada,57,99092,409,379,12,391,2
2020-08-16,Orange,59,3164182,47850,43303,1032,44335,803
2020-08-16,Placer,61,380077,2811,2583,3,2586,28
2020-08-16,Plumas,63,18699,39,33,0,33,0
2020-08-16,Riverside,65,2383286,50558,47669,26,47695,910
2020-08-16,Sacramento,67,1510023,16289,14210,11,14221,219
2020-08-16,San Benito,69,59416,927,815,0,815,2
2020-08-16,San Bernardino,71,2135413,46132,41724,41,41765,603
2020-08-16,San Diego,73,3302833,36499,34680,0,34680,626
2020-08-16,San Francisco,75,870044,8788,7602,8,7610,72
2020-08-16,San Joaquin,77,732212,17159,15288,26,15314,280
2020-08-16,San Luis Obispo,79,281455,2693,2494,9,2503,17
2020-08-16,San Mateo,81,765935,7806,6942,4,6946,118
2020-08-16,Santa Barbara,83,443738,8129,7368,56,7424,79
2020-08-16,Santa Clara,85,1922200,16211,14329,19,14348,183
2020-08-16,Santa Cruz,87,273765,1670,1449,14,1463,6
2020-08-16,Shasta,89,179085,572,465,3,468,9
2020-08-16,Sierra,91,2930,6,6,0,6,0
2020-08-16,Siskiyou,93,43540,117,102,0,102,0
2020-08-16,Solano,95,438530,5028,4479,32,4511,31
2020-08-16,Sonoma,97,501317,5057,4329,16,4345,46
2020-08-16,Stanislaus,99,539301,14056,12668,198,12866,148
2020-08-16,Sutter,101,95872,1176,1071,1,1072,8
2020-08-16,Tehama,103,63373,362,318,2,320,1
2020-08-16,Trinity,105,12862,18,8,4,12,0
2020-08-16,Tulare,107,460477,13325,12334,36,12370,211
2020-08-16,Tuolumne,109,53932,171,156,2,158,1
2020-08-16,Ventura,111,848112,10195,9408,42,9450,89
2020-08-16,Yolo,113,214977,2240,2057,4,2061,47
2020-08-16,Yuba,115,75493,734,647,2,649,1
2020-08-15,Alameda,1,1643700,16835,15165,121,15286,221
2020-08-15,Alpine,3,1148,3,2,0,2,0
2020-08-15,Amador,5,37829,259,210,0,210,9
2020-08-15,Butte,7,227075,1560,1409,13,1422,15
2020-08-15,Calaveras,9,45235,193,167,0,167,1
2020-08-15,Colusa,11,21464,428,401,0,401,5
2020-08-15,Contra Costa,13,1133247,12982,11106,42,11148,138
2020-08-15,Del Norte,15,27424,103,77,0,77,0
2020-08-15,El Dorado,17,186661,931,838,0,838,2
2020-08-15,Fresno,19,978130,25353,20603,236,20839,211
2020-08-15,Glenn,21,27897,423,398,0,398,2
2020-08-15,Humboldt,23,135768,346,301,1,302,4
2020-08-15,Imperial,25,180216,10934,8794,7,8801,188
2020-08-15,Inyo,27,18085,149,123,0,123,1
2020-08-15,Kern,29,883053,28304,26338,164,26502,249
2020-08-15,Kings,31,150075,5659,5039,30,5069,56
2020-08-15,Lake,33,64148,299,268,0,268,2
2020-08-15,Lassen,35,31185,708,666,2,668,0
2020-08-15,Los Angeles,37,10098052,228024,221043,893,221936,5252
2020-08-15,Madera,39,155013,3517,2950,16,2966,26
2020-08-15,Marin,41,260295,5877,5628,12,5640,46
2020-08-15,Mariposa,43,17540,71,61,0,61,2
2020-08-15,Mendocino,45,87422,522,444,0,444,8
2020-08-15,Merced,47,269075,7282,6656,3,6659,66
2020-08-15,Modoc,49,8938,7,5,0,5,0
2020-08-15,Mono,51,14174,162,126,1,127,1
2020-08-15,Monterey,53,433212,7099,6162,17,6179,44
2020-08-15,Napa,55,140530,1356,1232,2,1234,10
2020-08-15,Nevada,57,99092,409,376,12,388,2
2020-08-15,Orange,59,3164182,47737,42811,1021,43832,801
2020-08-15,Placer,61,380077,2789,2551,3,2554,27
2020-08-15,Plumas,63,18699,39,33,0,33,0
2020-08-15,Riverside,65,2383286,50407,46720,26,46746,910
2020-08-15,Sacramento,67,1510023,16179,14018,11,14029,219
2020-08-15,San Benito,69,59416,914,805,0,805,2
2020-08-15,San Bernardino,71,2135413,45981,41231,39,41270,602
2020-08-15,San Diego,73,3302833,36333,34346,0,34346,639
2020-08-15,San Francisco,75,870044,8724,7601,8,7609,69
2020-08-15,San Joaquin,77,732212,17086,15113,26,15139,280
2020-08-15,San Luis Obispo,79,281455,2676,2461,9,2470,17
2020-08-15,San Mateo,81,765935,7769,6860,4,6864,118
2020-08-15,Santa Barbara,83,443738,8101,7338,56,7394,79
2020-08-15,Santa Clara,85,1922200,16115,14105,19,14124,183
2020-08-15,Santa Cruz,87,273765,1649,1449,14,1463,6
2020-08-15,Shasta,89,179085,569,458,3,461,9
2020-08-15,Sierra,91,2930,6,6,0,6,0
2020-08-15,Siskiyou,93,43540,116,100,0,100,0
2020-08-15,Solano,95,438530,5006,4477,32,4509,31
2020-08-15,Sonoma,97,501317,5002,4134,16,4150,45
2020-08-15,Stanislaus,99,539301,13993,12541,196,12737,149
2020-08-15,Sutter,101,95872,1165,1046,1,1047,8
2020-08-15,Tehama,103,63373,361,312,2,314,1
2020-08-15,Trinity,105,12862,16,6,4,10,0
2020-08-15,Tulare,107,460477,13287,12262,36,12298,211
2020-08-15,Tuolumne,109,53932,171,155,2,157,1
2020-08-15,Ventura,111,848112,10137,9379,40,9419,89
2020-08-15,Yolo,113,214977,2228,2031,4,2035,46
2020-08-15,Yuba,115,75493,730,623,2,625,1
2020-08-14,Alameda,1,1643700,16696,14909,121,15030,221
2020-08-14,Alpine,3,1148,3,2,0,2,0
2020-08-14,Amador,5,37829,259,209,0,209,9
2020-08-14,Butte,7,227075,1551,1384,13,1397,15
2020-08-14,Calaveras,9,45235,189,165,0,165,1
2020-08-14,Colusa,11,21464,426,399,0,399,5
2020-08-14,Contra Costa,13,1133247,12870,10893,42,10935,137
2020-08-14,Del Norte,15,27424,103,76,0,76,0
2020-08-14,El Dorado,17,186661,923,827,0,827,2
2020-08-14,Fresno,19,978130,25219,19900,236,20136,208
2020-08-14,Glenn,21,27897,421,395,0,395,2
2020-08-14,Humboldt,23,135768,340,294,1,295,4
2020-08-14,Imperial,25,180216,10910,8756,7,8763,185
2020-08-14,Inyo,27,18085,148,115,0,115,1
2020-08-14,Kern,29,883053,28200,25893,163,26056,249
2020-08-14,Kings,31,150075,5645,4953,30,4983,56
2020-08-14,Lake,33,64148,290,267,0,267,2
2020-08-14,Lassen,35,31185,708,665,2,667,0
2020-08-14,Los Angeles,37,10098052,226861,219083,875,219958,5222
2020-08-14,Madera,39,155013,3487,2876,16,2892,26
2020-08-14,Marin,41,260295,5866,5601,12,5613,46
2020-08-14,Mariposa,43,17540,70,61,0,61,2
2020-08-14,Mendocino,45,87422,513,432,0,432,8
2020-08-14,Merced,47,269075,7253,6466,3,6469,67
2020-08-14,Modoc,49,8938,7,5,0,5,0
2020-08-14,Mono,51,14174,162,126,1,127,1
2020-08-14,Monterey,53,433212,7048,6121,17,6138,41
2020-08-14,Napa,55,140530,1346,1230,2,1232,10
2020-08-14,Nevada,57,99092,405,377,12,389,2
2020-08-14,Orange,59,3164182,47588,42399,1007,43406,798
2020-08-14,Placer,61,380077,2770,2546,3,2549,26
2020-08-14,Plumas,63,18699,38,33,0,33,0
2020-08-14,Riverside,65,2383286,50178,46456,26,46482,891
2020-08-14,Sacramento,67,1510023,16029,13645,11,13656,212
2020-08-14,San Benito,69,59416,897,783,0,783,2
2020-08-14,San Bernardino,71,2135413,45795,40442,39,40481,594
2020-08-14,San Diego,73,3302833,36139,34067,0,34067,622
2020-08-14,San Francisco,75,870044,8665,7467,8,7475,69
2020-08-14,San Joaquin,77,732212,16987,14925,26,14951,276
2020-08-14,San Luis Obispo,79,281455,2661,2422,9,2431,17
2020-08-14,San Mateo,81,765935,7710,6655,4,6659,118
2020-08-14,Santa Barbara,83,443738,8051,7302,56,7358,77
2020-08-14,Santa Clara,85,1922200,15949,13785,18,13803,183
2020-08-14,Santa Cruz,87,273765,1627,1418,13,1431,6
2020-08-14,Shasta,89,179085,564,446,3,449,9
2020-08-14,Sierra,91,2930,6,5,0,5,0
2020-08-14,Siskiyou,93,43540,116,98,0,98,0
2020-08-14,Solano,95,438530,4985,4421,32,4453,31
2020-08-14,Sonoma,97,501317,4943,4087,13,4100,45
2020-08-14,Stanislaus,99,539301,13916,12379,192,12571,140
2020-08-14,Sutter,101,95872,1157,1039,1,1040,8
2020-08-14,Tehama,103,63373,357,305,2,307,1
2020-08-14,Trinity,105,12862,16,6,4,10,0
2020-08-14,Tulare,107,460477,13210,12009,36,12045,211
2020-08-14,Tuolumne,109,53932,170,155,2,157,1
2020-08-14,Ventura,111,848112,10062,9313,40,9353,89
2020-08-14,Yolo,113,214977,2214,1991,4,1995,45
2020-08-14,Yuba,115,75493,714,606,2,608,1
2020-08-13,Alameda,1,1643700,16422,14385,121,14506,218
2020-08-13,Alpine,3,1148,3,2,0,2,0
2020-08-13,Amador,5,37829,259,198,0,198,8
2020-08-13,Butte,7,227075,1526,1345,13,1358,15
2020-08-13,Calaveras,9,45235,187,162,0,162,1
2020-08-13,Colusa,11,21464,426,395,0,395,5
2020-08-13,Contra Costa,13,1133247,12716,10545,41,10586,136
2020-08-13,Del Norte,15,27424,102,74,0,74,0
2020-08-13,El Dorado,17,186661,918,803,0,803,2
2020-08-13,Fresno,19,978130,24995,19157,229,19386,201
2020-08-13,Glenn,21,27897,417,392,0,392,1
2020-08-13,Humboldt,23,135768,332,281,1,282,4
2020-08-13,Imperial,25,180216,10879,8640,7,8647,170
2020-08-13,Inyo,27,18085,144,97,0,97,1
2020-08-13,Kern,29,883053,28033,25472,160,25632,242
2020-08-13,Kings,31,150075,5611,4824,30,4854,52
2020-08-13,Lake,33,64148,285,263,0,263,2
2020-08-13,Lassen,35,31185,708,652,2,654,0
2020-08-13,Los Angeles,37,10098052,225452,216497,855,217352,5179
2020-08-13,Madera,39,155013,3444,2675,15,2690,25
2020-08-13,Marin,41,260295,5850,5503,12,5515,44
2020-08-13,Mariposa,43,17540,69,61,0,61,2
2020-08-13,Mendocino,45,87422,508,401,0,401,8
2020-08-13,Merced,47,269075,7135,5945,3,5948,63
2020-08-13,Modoc,49,8938,7,5,0,5,0
2020-08-13,Mono,51,14174,162,124,1,125,1
2020-08-13,Monterey,53,433212,6965,5925,17,5942,38
2020-08-13,Napa,55,140530,1337,1179,2,1181,10
2020-08-13,Nevada,57,99092,401,362,12,374,1
2020-08-13,Orange,59,3164182,47349,42019,995,43014,773
2020-08-13,Placer,61,380077,2749,2460,3,2463,26
2020-08-13,Plumas,63,18699,38,32,0,32,0
2020-08-13,Riverside,65,2383286,49885,45327,26,45353,885
2020-08-13,Sacramento,67,1510023,15829,13237,11,13248,197
2020-08-13,San Benito,69,59416,868,757,0,757,2
2020-08-13,San Bernardino,71,2135413,45401,39395,38,39433,591
2020-08-13,San Diego,73,3302833,35903,33661,0,33661,627
2020-08-13,San Francisco,75,870044,8571,7277,8,7285,69
2020-08-13,San Joaquin,77,732212,16833,14537,25,14562,261
2020-08-13,San Luis Obispo,79,281455,2640,2283,9,2292,16
2020-08-13,San Mateo,81,765935,7648,6503,4,6507,117
2020-08-13,Santa Barbara,83,443738,8006,7129,55,7184,74
2020-08-13,Santa Clara,85,1922200,15726,13257,18,13275,182
2020-08-13,Santa Cruz,87,273765,1602,1383,13,1396,6
2020-08-13,Shasta,89,179085,560,428,3,431,9
2020-08-13,Sierra,91,2930,6,5,0,5,0
2020-08-13,Siskiyou,93,43540,116,95,0,95,0
2020-08-13,Solano,95,438530,4948,4305,32,4337,31
2020-08-13,Sonoma,97,501317,4869,3902,13,3915,45
2020-08-13,Stanislaus,99,539301,13786,11953,176,12129,136
2020-08-13,Sutter,101,95872,1136,992,1,993,8
2020-08-13,Tehama,103,63373,348,302,2,304,1
2020-08-13,Trinity,105,12862,16,6,4,10,0
2020-08-13,Tulare,107,460477,13067,11692,33,11725,210
2020-08-13,Tuolumne,109,53932,169,152,2,154,1
2020-08-13,Ventura,111,848112,9973,9114,40,9154,90
2020-08-13,Yolo,113,214977,2187,1938,4,1942,44
2020-08-13,Yuba,115,75493,698,568,2,570,1
2020-08-12,Alameda,1,1643700,16209,14214,121,14335,215
2020-08-12,Alpine,3,1148,3,2,0,2,0
2020-08-12,Amador,5,37829,256,197,0,197,8
2020-08-12,Butte,7,227075,1498,1317,13,1330,15
2020-08-12,Calaveras,9,45235,184,157,0,157,1
2020-08-12,Colusa,11,21464,421,394,0,394,5
2020-08-12,Contra Costa,13,1133247,12572,10304,39,10343,134
2020-08-12,Del Norte,15,27424,101,74,0,74,0
2020-08-12,El Dorado,17,186661,900,794,0,794,2
2020-08-12,Fresno,19,978130,24765,18690,223,18913,194
2020-08-12,Glenn,21,27897,414,388,0,388,1
2020-08-12,Humboldt,23,135768,325,281,1,282,4
2020-08-12,Imperial,25,180216,10857,8566,7,8573,167
2020-08-12,Inyo,27,18085,127,97,0,97,1
2020-08-12,Kern,29,883053,27842,25191,158,25349,232
2020-08-12,Kings,31,150075,5572,4736,30,4766,50
2020-08-12,Lake,33,64148,283,253,0,253,2
2020-08-12,Lassen,35,31185,707,651,2,653,0
2020-08-12,Los Angeles,37,10098052,223995,214542,839,215381,5119
2020-08-12,Madera,39,155013,3410,2681,14,2695,23
2020-08-12,Marin,41,260295,5828,5423,12,5435,44
2020-08-12,Mariposa,43,17540,69,61,0,61,2
2020-08-12,Mendocino,45,87422,489,386,0,386,9
2020-08-12,Merced,47,269075,7073,5777,3,5780,66
2020-08-12,Modoc,49,8938,7,5,0,5,0
2020-08-12,Mono,51,14174,161,124,1,125,1
2020-08-12,Monterey,53,433212,6861,5919,17,5936,38
2020-08-12,Napa,55,140530,1327,1161,2,1163,10
2020-08-12,Nevada,57,99092,396,357,12,369,1
2020-08-12,Orange,59,3164182,47098,41576,970,42546,754
2020-08-12,Placer,61,380077,2716,2417,3,2420,25
2020-08-12,Plumas,63,18699,38,31,0,31,0
2020-08-12,Riverside,65,2383286,49536,44747,26,44773,867
2020-08-12,Sacramento,67,1510023,15614,12528,11,12539,189
2020-08-12,San Benito,69,59416,855,751,0,751,2
2020-08-12,San Bernardino,71,2135413,45059,38811,37,38848,589
2020-08-12,San Diego,73,3302833,35694,33395,0,33395,608
2020-08-12,San Francisco,75,870044,8487,7194,8,7202,66
2020-08-12,San Joaquin,77,732212,16690,14154,25,14179,253
2020-08-12,San Luis Obispo,79,281455,2615,2263,9,2272,15
2020-08-12,San Mateo,81,765935,7570,6427,4,6431,117
2020-08-12,Santa Barbara,83,443738,7946,7049,53,7102,74
2020-08-12,Santa Clara,85,1922200,15550,13002,18,13020,182
2020-08-12,Santa Cruz,87,273765,1573,1382,12,1394,6
2020-08-12,Shasta,89,179085,556,417,3,420,9
2020-08-12,Sierra,91,2930,5,4,0,4,0
2020-08-12,Siskiyou,93,43540,115,90,0,90,0
2020-08-12,Solano,95,438530,4903,4258,32,4290,31
2020-08-12,Sonoma,97,501317,4795,3847,13,3860,47
2020-08-12,Stanislaus,99,539301,13648,11682,167,11849,136
2020-08-12,Sutter,101,95872,1112,987,1,988,7
2020-08-12,Tehama,103,63373,338,289,2,291,1
2020-08-12,Trinity,105,12862,15,6,4,10,0
2020-08-12,Tulare,107,460477,12939,11460,33,11493,211
2020-08-12,Tuolumne,109,53932,168,150,2,152,1
2020-08-12,Ventura,111,848112,9888,9005,39,9044,87
2020-08-12,Yolo,113,214977,2163,1921,4,1925,44
2020-08-12,Yuba,115,75493,676,549,1,550,1
2020-08-11,Alameda,1,1643700,15951,13960,118,14078,204
2020-08-11,Alpine,3,1148,3,2,0,2,0
2020-08-11,Amador,5,37829,250,187,0,187,3
2020-08-11,Butte,7,227075,1471,1296,13,1309,15
2020-08-11,Calaveras,9,45235,182,161,0,161,1
2020-08-11,Colusa,11,21464,416,390,0,390,5
2020-08-11,Contra Costa,13,1133247,12383,10012,37,10049,131
2020-08-11,Del Norte,15,27424,100,73,0,73,0
2020-08-11,El Dorado,17,186661,893,786,0,786,2
2020-08-11,Fresno,19,978130,24445,18344,220,18564,187
2020-08-11,Glenn,21,27897,412,380,0,380,1
2020-08-11,Humboldt,23,135768,320,283,1,284,4
2020-08-11,Imperial,25,180216,10801,8518,7,8525,165
2020-08-11,Inyo,27,18085,122,97,0,97,1
2020-08-11,Kern,29,883053,27508,25042,155,25197,230
2020-08-11,Kings,31,150075,5386,4696,30,4726,50
2020-08-11,Lake,33,64148,280,243,0,243,2
2020-08-11,Lassen,35,31185,701,605,2,607,0
2020-08-11,Los Angeles,37,10098052,222494,212421,814,213235,5065
2020-08-11,Madera,39,155013,3356,2673,14,2687,22
2020-08-11,Marin,41,260295,5800,5287,11,5298,44
2020-08-11,Mariposa,43,17540,68,60,0,60,2
2020-08-11,Mendocino,45,87422,479,385,0,385,9
2020-08-11,Merced,47,269075,6978,5322,2,5324,65
2020-08-11,Modoc,49,8938,7,5,0,5,0
2020-08-11,Mono,51,14174,161,124,1,125,1
2020-08-11,Monterey,53,433212,6753,5624,17,5641,36
2020-08-11,Napa,55,140530,1316,1143,1,1144,11
2020-08-11,Nevada,57,99092,393,358,12,370,1
2020-08-11,Orange,59,3164182,46879,41205,947,42152,742
2020-08-11,Placer,61,380077,2684,2393,3,2396,24
2020-08-11,Plumas,63,18699,38,31,0,31,0
2020-08-11,Riverside,65,2383286,49177,44237,26,44263,836
2020-08-11,Sacramento,67,1510023,15327,12298,10,12308,182
2020-08-11,San Benito,69,59416,843,750,0,750,2
2020-08-11,San Bernardino,71,2135413,44718,38467,36,38503,584
2020-08-11,San Diego,73,3302833,35427,33159,0,33159,602
2020-08-11,San Francisco,75,870044,8391,6988,8,6996,66
2020-08-11,San Joaquin,77,732212,16513,13997,20,14017,251
2020-08-11,San Luis Obispo,79,281455,2558,2234,9,2243,15
2020-08-11,San Mateo,81,765935,7495,6339,4,6343,117
2020-08-11,Santa Barbara,83,443738,7896,6942,53,6995,70
2020-08-11,Santa Clara,85,1922200,15329,12920,18,12938,183
2020-08-11,Santa Cruz,87,273765,1550,1352,12,1364,4
2020-08-11,Shasta,89,179085,552,416,3,419,9
2020-08-11,Sierra,91,2930,5,4,0,4,0
2020-08-11,Siskiyou,93,43540,115,90,0,90,0
2020-08-11,Solano,95,438530,4855,4206,31,4237,31
2020-08-11,Sonoma,97,501317,4701,3752,13,3765,45
2020-08-11,Stanislaus,99,539301,13544,11592,155,11747,128
2020-08-11,Sutter,101,95872,1090,964,1,965,7
2020-08-11,Tehama,103,63373,334,289,2,291,1
2020-08-11,Trinity,105,12862,15,5,4,9,0
2020-08-11,Tulare,107,460477,12814,11392,32,11424,201
2020-08-11,Tuolumne,109,53932,164,146,2,148,1
2020-08-11,Ventura,111,848112,9820,8953,38,8991,88
2020-08-11,Yolo,113,214977,2141,1912,4,1916,44
2020-08-11,Yuba,115,75493,665,540,1,541,1
2020-08-10,Alameda,1,1643700,15710,13420,117,13537,203
2020-08-10,Alpine,3,1148,3,2,0,2,0
2020-08-10,Amador,5,37829,249,172,0,172,2
2020-08-10,Butte,7,227075,1447,1174,12,1186,15
2020-08-10,Calaveras,9,45235,172,121,0,121,1
2020-08-10,Colusa,11,21464,414,387,0,387,4
2020-08-10,Contra Costa,13,1133247,12230,9454,35,9489,130
2020-08-10,Del Norte,15,27424,98,69,0,69,0
2020-08-10,El Dorado,17,186661,881,771,0,771,2
2020-08-10,Fresno,19,978130,24164,17978,219,18197,183
2020-08-10,Glenn,21,27897,409,381,0,381,1
2020-08-10,Humboldt,23,135768,314,277,1,278,4
2020-08-10,Imperial,25,180216,10757,8465,7,8472,165
2020-08-10,Inyo,27,18085,122,97,0,97,1
2020-08-10,Kern,29,883053,27282,24499,154,24653,215
2020-08-10,Kings,31,150075,5280,4588,30,4618,50
2020-08-10,Lake,33,64148,273,239,0,239,2
2020-08-10,Lassen,35,31185,701,588,2,590,0
2020-08-10,Los Angeles,37,10098052,220913,211035,796,211831,5003
2020-08-10,Madera,39,155013,3323,2365,13,2378,22
2020-08-10,Marin,41,260295,5755,5242,10,5252,44
2020-08-10,Mariposa,43,17540,68,57,0,57,2
2020-08-10,Mendocino,45,87422,455,364,0,364,1
2020-08-10,Merced,47,269075,6897,4913,2,4915,51
2020-08-10,Modoc,49,8938,7,5,0,5,0
2020-08-10,Mono,51,14174,161,123,1,124,1
2020-08-10,Monterey,53,433212,6643,5358,17,5375,34
2020-08-10,Napa,55,140530,1298,1084,1,1085,8
2020-08-10,Nevada,57,99092,385,356,12,368,1
2020-08-10,Orange,59,3164182,46611,40445,929,41374,721
2020-08-10,Placer,61,380077,2645,2298,3,2301,21
2020-08-10,Plumas,63,18699,38,27,0,27,0
2020-08-10,Riverside,65,2383286,48791,43296,25,43321,830
2020-08-10,Sacramento,67,1510023,15014,12059,10,12069,168
2020-08-10,San Benito,69,59416,830,743,0,743,2
2020-08-10,San Bernardino,71,2135413,44341,37367,34,37401,579
2020-08-10,San Diego,73,3302833,35161,32977,0,32977,594
2020-08-10,San Francisco,75,870044,8300,6816,7,6823,66
2020-08-10,San Joaquin,77,732212,16331,13308,20,13328,240
2020-08-10,San Luis Obispo,79,281455,2459,2208,9,2217,15
2020-08-10,San Mateo,81,765935,7418,6222,4,6226,117
2020-08-10,Santa Barbara,83,443738,7841,6869,53,6922,66
2020-08-10,Santa Clara,85,1922200,15069,12615,18,12633,182
2020-08-10,Santa Cruz,87,273765,1530,1239,11,1250,4
2020-08-10,Shasta,89,179085,548,384,3,387,9
2020-08-10,Sierra,91,2930,5,3,0,3,0
2020-08-10,Siskiyou,93,43540,112,88,0,88,0
2020-08-10,Solano,95,438530,4795,4101,31,4132,31
2020-08-10,Sonoma,97,501317,4532,3640,9,3649,42
2020-08-10,Stanislaus,99,539301,13363,10855,138,10993,106
2020-08-10,Sutter,101,95872,1065,865,1,866,7
2020-08-10,Tehama,103,63373,327,282,2,284,1
2020-08-10,Trinity,105,12862,13,5,4,9,0
2020-08-10,Tulare,107,460477,12641,10750,30,10780,194
2020-08-10,Tuolumne,109,53932,164,143,1,144,1
2020-08-10,Ventura,111,848112,9736,8851,37,8888,85
2020-08-10,Yolo,113,214977,2118,1840,4,1844,45
2020-08-10,Yuba,115,75493,648,527,1,528,1
2020-08-09,Alameda,1,1643700,15432,13241,115,13356,203
2020-08-09,Alpine,3,1148,3,2,0,2,0
2020-08-09,Amador,5,37829,244,153,0,153,2
2020-08-09,Butte,7,227075,1403,1155,12,1167,15
2020-08-09,Calaveras,9,45235,167,122,0,122,1
2020-08-09,Colusa,11,21464,410,371,0,371,4
2020-08-09,Contra Costa,13,1133247,12003,9214,33,9247,130
2020-08-09,Del Norte,15,27424,98,69,0,69,0
2020-08-09,El Dorado,17,186661,873,748,0,748,2
2020-08-09,Fresno,19,978130,23856,17846,215,18061,183
2020-08-09,Glenn,21,27897,407,354,0,354,1
2020-08-09,Humboldt,23,135768,308,279,1,280,4
2020-08-09,Imperial,25,180216,10713,8310,6,8316,165
2020-08-09,Inyo,27,18085,117,86,0,86,1
2020-08-09,Kern,29,883053,27026,23680,154,23834,215
2020-08-09,Kings,31,150075,5237,4446,29,4475,50
2020-08-09,Lake,33,64148,266,225,0,225,2
2020-08-09,Lassen,35,31185,695,589,2,591,0
2020-08-09,Los Angeles,37,10098052,218851,208810,773,209583,4984
2020-08-09,Madera,39,155013,3264,2322,10,2332,22
2020-08-09,Marin,41,260295,5712,5204,10,5214,44
2020-08-09,Mariposa,43,17540,66,56,0,56,2
2020-08-09,Mendocino,45,87422,445,283,0,283,1
2020-08-09,Merced,47,269075,6799,4735,1,4736,51
2020-08-09,Modoc,49,8938,7,4,0,4,0
2020-08-09,Mono,51,14174,160,113,1,114,1
2020-08-09,Monterey,53,433212,6519,5199,17,5216,34
2020-08-09,Napa,55,140530,1279,1062,1,1063,8
2020-08-09,Nevada,57,99092,377,332,12,344,1
2020-08-09,Orange,59,3164182,46313,39244,914,40158,722
2020-08-09,Placer,61,380077,2617,2211,3,2214,20
2020-08-09,Plumas,63,18699,38,27,0,27,0
2020-08-09,Riverside,65,2383286,48447,41894,24,41918,828
2020-08-09,Sacramento,67,1510023,14736,11301,10,11311,167
2020-08-09,San Benito,69,59416,811,687,0,687,2
2020-08-09,San Bernardino,71,2135413,43866,36092,34,36126,579
2020-08-09,San Diego,73,3302833,34870,32749,0,32749,594
2020-08-09,San Francisco,75,870044,8185,6820,7,6827,66
2020-08-09,San Joaquin,77,732212,16126,12933,19,12952,240
2020-08-09,San Luis Obispo,79,281455,2423,2124,9,2133,15
2020-08-09,San Mateo,81,765935,7323,6094,4,6098,117
2020-08-09,Santa Barbara,83,443738,7754,6669,53,6722,66
2020-08-09,Santa Clara,85,1922200,14799,11878,18,11896,181
2020-08-09,Santa Cruz,87,273765,1506,1246,11,1257,4
2020-08-09,Shasta,89,179085,544,361,3,364,9
2020-08-09,Sierra,91,2930,5,3,0,3,0
2020-08-09,Siskiyou,93,43540,111,74,0,74,0
2020-08-09,Solano,95,438530,4742,3954,30,3984,31
2020-08-09,Sonoma,97,501317,4396,3531,7,3538,41
2020-08-09,Stanislaus,99,539301,13154,10264,124,10388,106
2020-08-09,Sutter,101,95872,1031,857,1,858,7
2020-08-09,Tehama,103,63373,319,265,2,267,1
2020-08-09,Trinity,105,12862,13,5,4,9,0
2020-08-09,Tulare,107,460477,12449,10630,27,10657,194
2020-08-09,Tuolumne,109,53932,161,143,1,144,1
2020-08-09,Ventura,111,848112,9589,8633,36,8669,85
2020-08-09,Yolo,113,214977,2087,1765,4,1769,44
2020-08-09,Yuba,115,75493,628,442,1,443,1
2020-08-08,Alameda,1,1643700,15322,13087,115,13202,204
2020-08-08,Alpine,3,1148,3,2,0,2,0
2020-08-08,Amador,5,37829,244,139,0,139,2
2020-08-08,Butte,7,227075,1385,1140,12,1152,15
2020-08-08,Calaveras,9,45235,166,122,0,122,1
2020-08-08,Colusa,11,21464,409,368,0,368,4
2020-08-08,Contra Costa,13,1133247,11894,9104,33,9137,129
2020-08-08,Del Norte,15,27424,97,69,0,69,0
2020-08-08,El Dorado,17,186661,866,734,0,734,2
2020-08-08,Fresno,19,978130,23720,17538,213,17751,183
2020-08-08,Glenn,21,27897,407,344,0,344,1
2020-08-08,Humboldt,23,135768,305,277,1,278,4
2020-08-08,Imperial,25,180216,10698,8213,6,8219,165
2020-08-08,Inyo,27,18085,113,86,0,86,1
2020-08-08,Kern,29,883053,26912,22803,154,22957,215
2020-08-08,Kings,31,150075,5223,4367,29,4396,49
2020-08-08,Lake,33,64148,264,221,0,221,2
2020-08-08,Lassen,35,31185,695,589,2,591,0
2020-08-08,Los Angeles,37,10098052,217963,206971,762,207733,4974
2020-08-08,Madera,39,155013,3233,2275,10,2285,22
2020-08-08,Marin,41,260295,5692,5118,10,5128,44
2020-08-08,Mariposa,43,17540,65,55,0,55,2
2020-08-08,Mendocino,45,87422,443,264,0,264,1
2020-08-08,Merced,47,269075,6759,4570,1,4571,51
2020-08-08,Modoc,49,8938,7,4,0,4,0
2020-08-08,Mono,51,14174,160,113,1,114,1
2020-08-08,Monterey,53,433212,6461,5101,17,5118,33
2020-08-08,Napa,55,140530,1271,1062,1,1063,8
2020-08-08,Nevada,57,99092,375,325,12,337,1
2020-08-08,Orange,59,3164182,46188,38688,905,39593,718
2020-08-08,Placer,61,380077,2600,2153,3,2156,20
2020-08-08,Plumas,63,18699,38,27,0,27,0
2020-08-08,Riverside,65,2383286,48243,41412,24,41436,823
2020-08-08,Sacramento,67,1510023,14606,11144,10,11154,166
2020-08-08,San Benito,69,59416,803,684,0,684,2
2020-08-08,San Bernardino,71,2135413,43670,35691,33,35724,531
2020-08-08,San Diego,73,3302833,34681,32332,0,32332,593
2020-08-08,San Francisco,75,870044,8119,6820,7,6827,66
2020-08-08,San Joaquin,77,732212,16045,12559,18,12577,240
2020-08-08,San Luis Obispo,79,281455,2400,2081,9,2090,15
2020-08-08,San Mateo,81,765935,7264,6021,4,6025,117
2020-08-08,Santa Barbara,83,443738,7716,6598,53,6651,66
2020-08-08,Santa Clara,85,1922200,14647,11615,18,11633,181
2020-08-08,Santa Cruz,87,273765,1492,1247,11,1258,4
2020-08-08,Shasta,89,179085,542,343,3,346,9
2020-08-08,Sierra,91,2930,5,3,0,3,0
2020-08-08,Siskiyou,93,43540,111,73,0,73,0
2020-08-08,Solano,95,438530,4721,3889,29,3918,31
2020-08-08,Sonoma,97,501317,4364,3399,7,3406,41
2020-08-08,Stanislaus,99,539301,13079,9963,118,10081,105
2020-08-08,Sutter,101,95872,1021,830,1,831,7
2020-08-08,Tehama,103,63373,318,251,2,253,1
2020-08-08,Trinity,105,12862,13,5,4,9,0
2020-08-08,Tulare,107,460477,12373,10505,27,10532,192
2020-08-08,Tuolumne,109,53932,161,143,1,144,1
2020-08-08,Ventura,111,848112,9535,8462,35,8497,85
2020-08-08,Yolo,113,214977,2074,1725,4,1729,44
2020-08-08,Yuba,115,75493,619,430,1,431,1
2020-08-07,Alameda,1,1643700,15213,12805,115,12920,204
2020-08-07,Alpine,3,1148,3,2,0,2,0
2020-08-07,Amador,5,37829,242,125,0,125,2
2020-08-07,Butte,7,227075,1367,1092,12,1104,13
2020-08-07,Calaveras,9,45235,166,119,0,119,1
2020-08-07,Colusa,11,21464,408,358,0,358,4
2020-08-07,Contra Costa,13,1133247,11745,8810,33,8843,126
2020-08-07,Del Norte,15,27424,97,69,0,69,0
2020-08-07,El Dorado,17,186661,861,724,0,724,2
2020-08-07,Fresno,19,978130,23560,17290,213,17503,171
2020-08-07,Glenn,21,27897,406,339,0,339,1
2020-08-07,Humboldt,23,135768,301,274,1,275,4
2020-08-07,Imperial,25,180216,10673,8085,6,8091,164
2020-08-07,Inyo,27,18085,112,81,0,81,1
2020-08-07,Kern,29,883053,26786,22143,151,22294,206
2020-08-07,Kings,31,150075,5206,4315,29,4344,48
2020-08-07,Lake,33,64148,262,215,0,215,1
2020-08-07,Lassen,35,31185,694,588,2,590,0
2020-08-07,Los Angeles,37,10098052,216506,204406,750,205156,4924
2020-08-07,Madera,39,155013,3201,2245,10,2255,20
2020-08-07,Marin,41,260295,5663,5094,10,5104,43
2020-08-07,Mariposa,43,17540,65,53,0,53,2
2020-08-07,Mendocino,45,87422,429,262,0,262,1
2020-08-07,Merced,47,269075,6716,4358,1,4359,30
2020-08-07,Modoc,49,8938,7,4,0,4,0
2020-08-07,Mono,51,14174,160,112,1,113,1
2020-08-07,Monterey,53,433212,6386,5041,17,5058,33
2020-08-07,Napa,55,140530,1266,1055,1,1056,8
2020-08-07,Nevada,57,99092,372,324,12,336,1
2020-08-07,Orange,59,3164182,45976,38459,888,39347,701
2020-08-07,Placer,61,380077,2583,2078,3,2081,20
2020-08-07,Plumas,63,18699,38,25,0,25,0
2020-08-07,Riverside,65,2383286,47979,40902,23,40925,810
2020-08-07,Sacramento,67,1510023,14461,10798,10,10808,160
2020-08-07,San Benito,69,59416,797,647,0,647,2
2020-08-07,San Bernardino,71,2135413,43424,35200,32,35232,524
2020-08-07,San Diego,73,3302833,34496,31781,0,31781,586
2020-08-07,San Francisco,75,870044,8041,6765,7,6772,66
2020-08-07,San Joaquin,77,732212,15961,12392,18,12410,223
2020-08-07,San Luis Obispo,79,281455,2369,2050,9,2059,14
2020-08-07,San Mateo,81,765935,7205,5948,4,5952,117
2020-08-07,Santa Barbara,83,443738,7665,6509,53,6562,66
2020-08-07,Santa Clara,85,1922200,14448,11409,18,11427,180
2020-08-07,Santa Cruz,87,273765,1474,1234,11,1245,5
2020-08-07,Shasta,89,179085,537,342,3,345,9
2020-08-07,Sierra,91,2930,5,3,0,3,0
2020-08-07,Siskiyou,93,43540,108,73,0,73,0
2020-08-07,Solano,95,438530,4689,3844,28,3872,31
2020-08-07,Sonoma,97,501317,4300,3329,7,3336,34
2020-08-07,Stanislaus,99,539301,12958,9665,107,9772,98
2020-08-07,Sutter,101,95872,1017,807,1,808,6
2020-08-07,Tehama,103,63373,314,246,2,248,1
2020-08-07,Trinity,105,12862,12,5,4,9,0
2020-08-07,Tulare,107,460477,12296,10292,27,10319,195
2020-08-07,Tuolumne,109,53932,160,136,1,137,1
2020-08-07,Ventura,111,848112,9475,8356,33,8389,84
2020-08-07,Yolo,113,214977,2048,1689,4,1693,37
2020-08-07,Yuba,115,75493,614,413,1,414,1
2020-08-06,Alameda,1,1643700,14992,12474,114,12588,200
2020-08-06,Alpine,3,1148,3,2,0,2,0
2020-08-06,Amador,5,37829,228,125,0,125,0
2020-08-06,Butte,7,227075,1348,1060,12,1072,13
2020-08-06,Calaveras,9,45235,164,117,0,117,1
2020-08-06,Colusa,11,21464,405,358,0,358,3
2020-08-06,Contra Costa,13,1133247,11551,8583,32,8615,124
2020-08-06,Del Norte,15,27424,97,69,0,69,0
2020-08-06,El Dorado,17,186661,850,703,0,703,1
2020-08-06,Fresno,19,978130,23265,17031,205,17236,161
2020-08-06,Glenn,21,27897,401,332,0,332,1
2020-08-06,Humboldt,23,135768,296,266,1,267,4
2020-08-06,Imperial,25,180216,10630,8064,6,8070,163
2020-08-06,Inyo,27,18085,104,83,0,83,1
2020-08-06,Kern,29,883053,26550,21843,150,21993,197
2020-08-06,Kings,31,150075,5146,4264,27,4291,47
2020-08-06,Lake,33,64148,259,209,0,209,1
2020-08-06,Lassen,35,31185,692,588,2,590,0
2020-08-06,Los Angeles,37,10098052,214427,201372,733,202105,4874
2020-08-06,Madera,39,155013,3153,2240,9,2249,19
2020-08-06,Marin,41,260295,5631,5058,10,5068,43
2020-08-06,Mariposa,43,17540,64,52,0,52,2
2020-08-06,Mendocino,45,87422,415,260,0,260,1
2020-08-06,Merced,47,269075,6615,4235,1,4236,30
2020-08-06,Modoc,49,8938,7,4,0,4,0
2020-08-06,Mono,51,14174,159,111,1,112,1
2020-08-06,Monterey,53,433212,6277,5001,16,5017,33
2020-08-06,Napa,55,140530,1252,1032,1,1033,8
2020-08-06,Nevada,57,99092,367,321,12,333,1
2020-08-06,Orange,59,3164182,45684,38399,883,39282,694
2020-08-06,Placer,61,380077,2556,2045,3,2048,20
2020-08-06,Plumas,63,18699,37,25,0,25,0
2020-08-06,Riverside,65,2383286,47584,40269,23,40292,781
2020-08-06,Sacramento,67,1510023,14230,10548,10,10558,153
2020-08-06,San Benito,69,59416,789,626,0,626,2
2020-08-06,San Bernardino,71,2135413,43021,34819,32,34851,516
2020-08-06,San Diego,73,3302833,34229,31129,0,31129,583
2020-08-06,San Francisco,75,870044,7948,6737,6,6743,60
2020-08-06,San Joaquin,77,732212,15802,12269,18,12287,203
2020-08-06,San Luis Obispo,79,281455,2345,2000,9,2009,13
2020-08-06,San Mateo,81,765935,7106,5885,4,5889,117
2020-08-06,Santa Barbara,83,443738,7605,6620,53,6673,65
2020-08-06,Santa Clara,85,1922200,14219,11280,18,11298,178
2020-08-06,Santa Cruz,87,273765,1453,1215,11,1226,4
2020-08-06,Shasta,89,179085,528,343,3,346,9
2020-08-06,Sierra,91,2930,5,3,0,3,0
2020-08-06,Siskiyou,93,43540,108,73,0,73,0
2020-08-06,Solano,95,438530,4646,3784,28,3812,29
2020-08-06,Sonoma,97,501317,4236,3259,7,3266,33
2020-08-06,Stanislaus,99,539301,12809,9566,90,9656,98
2020-08-06,Sutter,101,95872,986,797,1,798,6
2020-08-06,Tehama,103,63373,311,242,2,244,1
2020-08-06,Trinity,105,12862,10,5,4,9,0
2020-08-06,Tulare,107,460477,12137,10169,27,10196,195
2020-08-06,Tuolumne,109,53932,159,136,1,137,1
2020-08-06,Ventura,111,848112,9364,8245,30,8275,80
2020-08-06,Yolo,113,214977,2024,1662,4,1666,36
2020-08-06,Yuba,115,75493,605,407,0,407,1
2020-08-05,Alameda,1,1643700,14779,12140,113,12253,193
2020-08-05,Alpine,3,1148,3,2,0,2,0
2020-08-05,Amador,5,37829,218,123,0,123,0
2020-08-05,Butte,7,227075,1314,1038,12,1050,13
2020-08-05,Calaveras,9,45235,161,116,0,116,1
2020-08-05,Colusa,11,21464,401,354,0,354,3
2020-08-05,Contra Costa,13,1133247,11387,8362,32,8394,122
2020-08-05,Del Norte,15,27424,96,69,0,69,0
2020-08-05,El Dorado,17,186661,842,692,0,692,1
2020-08-05,Fresno,19,978130,23023,16625,198,16823,159
2020-08-05,Glenn,21,27897,398,330,0,330,1
2020-08-05,Humboldt,23,135768,294,249,1,250,4
2020-08-05,Imperial,25,180216,10595,8036,6,8042,163
2020-08-05,Inyo,27,18085,102,62,0,62,1
2020-08-05,Kern,29,883053,26362,21540,145,21685,194
2020-08-05,Kings,31,150075,5101,4192,25,4217,47
2020-08-05,Lake,33,64148,252,209,0,209,1
2020-08-05,Lassen,35,31185,645,557,2,559,0
2020-08-05,Los Angeles,37,10098052,212509,198355,712,199067,4832
2020-08-05,Madera,39,155013,3111,2172,9,2181,19
2020-08-05,Marin,41,260295,5599,5036,10,5046,43
2020-08-05,Mariposa,43,17540,64,52,0,52,2
2020-08-05,Mendocino,45,87422,403,248,0,248,1
2020-08-05,Merced,47,269075,6480,4119,1,4120,30
2020-08-05,Modoc,49,8938,7,3,0,3,0
2020-08-05,Mono,51,14174,159,104,1,105,1
2020-08-05,Monterey,53,433212,6162,4936,16,4952,32
2020-08-05,Napa,55,140530,1240,1020,1,1021,8
2020-08-05,Nevada,57,99092,358,327,12,339,2
2020-08-05,Orange,59,3164182,45375,37907,876,38783,663
2020-08-05,Placer,61,380077,2515,1989,3,1992,18
2020-08-05,Plumas,63,18699,36,25,0,25,0
2020-08-05,Riverside,65,2383286,47193,39454,21,39475,761
2020-08-05,Sacramento,67,1510023,14011,10261,9,10270,151
2020-08-05,San Benito,69,59416,780,613,0,613,2
2020-08-05,San Bernardino,71,2135413,42558,34442,30,34472,504
2020-08-05,San Diego,73,3302833,34005,30866,0,30866,578
2020-08-05,San Francisco,75,870044,7855,6701,6,6707,60
2020-08-05,San Joaquin,77,732212,15639,12148,18,12166,199
2020-08-05,San Luis Obispo,79,281455,2322,1928,9,1937,13
2020-08-05,San Mateo,81,765935,7010,5695,4,5699,116
2020-08-05,Santa Barbara,83,443738,7544,6597,53,6650,63
2020-08-05,Santa Clara,85,1922200,13984,11074,18,11092,176
2020-08-05,Santa Cruz,87,273765,1433,1192,9,1201,4
2020-08-05,Shasta,89,179085,522,338,3,341,9
2020-08-05,Sierra,91,2930,5,3,0,3,0
2020-08-05,Siskiyou,93,43540,104,72,0,72,0
2020-08-05,Solano,95,438530,4595,3750,27,3777,29
2020-08-05,Sonoma,97,501317,4154,3173,7,3180,33
2020-08-05,Stanislaus,99,539301,12650,9408,85,9493,97
2020-08-05,Sutter,101,95872,975,780,1,781,6
2020-08-05,Tehama,103,63373,308,231,2,233,1
2020-08-05,Trinity,105,12862,10,5,4,9,0
2020-08-05,Tulare,107,460477,11997,9924,27,9951,192
2020-08-05,Tuolumne,109,53932,159,137,1,138,0
2020-08-05,Ventura,111,848112,9256,8162,27,8189,75
2020-08-05,Yolo,113,214977,1996,1634,4,1638,36
2020-08-05,Yuba,115,75493,588,400,0,400,1
2020-08-04,Alameda,1,1643700,14562,11983,112,12095,192
2020-08-04,Alpine,3,1148,3,2,0,2,0
2020-08-04,Amador,5,37829,203,123,0,123,0
2020-08-04,Butte,7,227075,1290,1011,12,1023,10
2020-08-04,Calaveras,9,45235,157,116,0,116,1
2020-08-04,Colusa,11,21464,396,354,0,354,3
2020-08-04,Contra Costa,13,1133247,11221,8210,32,8242,122
2020-08-04,Del Norte,15,27424,94,69,0,69,0
2020-08-04,El Dorado,17,186661,832,668,0,668,1
2020-08-04,Fresno,19,978130,22740,16272,190,16462,154
2020-08-04,Glenn,21,27897,397,325,0,325,1
2020-08-04,Humboldt,23,135768,284,241,1,242,4
2020-08-04,Imperial,25,180216,10558,7974,6,7980,163
2020-08-04,Inyo,27,18085,88,59,0,59,1
2020-08-04,Kern,29,883053,26078,21403,145,21548,190
2020-08-04,Kings,31,150075,5040,4163,25,4188,47
2020-08-04,Lake,33,64148,252,206,0,206,1
2020-08-04,Lassen,35,31185,642,556,2,558,0
2020-08-04,Los Angeles,37,10098052,210545,196014,681,196695,4764
2020-08-04,Madera,39,155013,3068,2161,4,2165,19
2020-08-04,Marin,41,260295,5568,5020,9,5029,43
2020-08-04,Mariposa,43,17540,64,51,0,51,2
2020-08-04,Mendocino,45,87422,378,248,0,248,1
2020-08-04,Merced,47,269075,6366,4085,1,4086,30
2020-08-04,Modoc,49,8938,7,3,0,3,0
2020-08-04,Mono,51,14174,158,104,0,104,1
2020-08-04,Monterey,53,433212,6048,4892,16,4908,32
2020-08-04,Napa,55,140530,1227,994,0,994,8
2020-08-04,Nevada,57,99092,357,322,12,334,2
2020-08-04,Orange,59,3164182,45001,37844,871,38715,659
2020-08-04,Placer,61,380077,2476,1964,3,1967,17
2020-08-04,Plumas,63,18699,36,25,0,25,0
2020-08-04,Riverside,65,2383286,46808,38991,20,39011,743
2020-08-04,Sacramento,67,1510023,13792,10205,9,10214,146
2020-08-04,San Benito,69,59416,764,608,0,608,2
2020-08-04,San Bernardino,71,2135413,42013,34215,29,34244,495
2020-08-04,San Diego,73,3302833,33712,30518,0,30518,568
2020-08-04,San Francisco,75,870044,7768,6568,6,6574,60
2020-08-04,San Joaquin,77,732212,15510,12087,15,12102,189
2020-08-04,San Luis Obispo,79,281455,2292,1886,9,1895,13
2020-08-04,San Mateo,81,765935,6904,5690,4,5694,116
2020-08-04,Santa Barbara,83,443738,7484,6591,53,6644,61
2020-08-04,Santa Clara,85,1922200,13684,10986,18,11004,175
2020-08-04,Santa Cruz,87,273765,1414,1202,9,1211,4
2020-08-04,Shasta,89,179085,516,335,3,338,9
2020-08-04,Sierra,91,2930,5,1,0,1,0
2020-08-04,Siskiyou,93,43540,102,71,0,71,0
2020-08-04,Solano,95,438530,4524,3690,27,3717,29
2020-08-04,Sonoma,97,501317,4087,3108,7,3115,33
2020-08-04,Stanislaus,99,539301,12481,9359,77,9436,97
2020-08-04,Sutter,101,95872,961,761,1,762,6
2020-08-04,Tehama,103,63373,301,226,2,228,1
2020-08-04,Trinity,105,12862,10,5,4,9,0
2020-08-04,Tulare,107,460477,11817,9866,27,9893,192
2020-08-04,Tuolumne,109,53932,158,127,1,128,0
2020-08-04,Ventura,111,848112,9148,8134,25,8159,75
2020-08-04,Yolo,113,214977,1970,1626,4,1630,37
2020-08-04,Yuba,115,75493,573,398,0,398,1
2020-08-03,Alameda,1,1643700,14379,11817,108,11925,189
2020-08-03,Alpine,3,1148,3,2,0,2,0
2020-08-03,Amador,5,37829,199,119,0,119,0
2020-08-03,Butte,7,227075,1244,989,11,1000,9
2020-08-03,Calaveras,9,45235,154,117,0,117,1
2020-08-03,Colusa,11,21464,392,336,0,336,2
2020-08-03,Contra Costa,13,1133247,11025,8069,28,8097,120
2020-08-03,Del Norte,15,27424,90,68,0,68,0
2020-08-03,El Dorado,17,186661,821,645,0,645,1
2020-08-03,Fresno,19,978130,22446,15945,184,16129,151
2020-08-03,Glenn,21,27897,390,316,0,316,1
2020-08-03,Humboldt,23,135768,277,234,1,235,4
2020-08-03,Imperial,25,180216,10504,7953,6,7959,161
2020-08-03,Inyo,27,18085,85,57,0,57,1
2020-08-03,Kern,29,883053,25711,21285,138,21423,176
2020-08-03,Kings,31,150075,4928,4107,25,4132,47
2020-08-03,Lake,33,64148,245,201,0,201,1
2020-08-03,Lassen,35,31185,642,555,2,557,0
2020-08-03,Los Angeles,37,10098052,208502,194103,650,194753,4706
2020-08-03,Madera,39,155013,3019,2143,3,2146,18
2020-08-03,Marin,41,260295,5521,5001,9,5010,43
2020-08-03,Mariposa,43,17540,63,52,0,52,2
2020-08-03,Mendocino,45,87422,355,248,0,248,1
2020-08-03,Merced,47,269075,6244,4028,1,4029,29
2020-08-03,Modoc,49,8938,7,2,0,2,0
2020-08-03,Mono,51,14174,158,104,0,104,1
2020-08-03,Monterey,53,433212,5897,4806,13,4819,28
2020-08-03,Napa,55,140530,1212,973,0,973,8
2020-08-03,Nevada,57,99092,352,315,12,327,2
2020-08-03,Orange,59,3164182,44607,37705,862,38567,651
2020-08-03,Placer,61,380077,2421,1947,2,1949,16
2020-08-03,Plumas,63,18699,36,25,0,25,0
2020-08-03,Riverside,65,2383286,46340,38642,20,38662,740
2020-08-03,Sacramento,67,1510023,13595,10143,9,10152,142
2020-08-03,San Benito,69,59416,752,603,0,603,2
2020-08-03,San Bernardino,71,2135413,41486,33979,28,34007,444
2020-08-03,San Diego,73,3302833,33399,30228,0,30228,565
2020-08-03,San Francisco,75,870044,7674,6319,6,6325,60
2020-08-03,San Joaquin,77,732212,15312,12007,14,12021,189
2020-08-03,San Luis Obispo,79,281455,2250,1863,6,1869,14
2020-08-03,San Mateo,81,765935,6823,5661,4,5665,115
2020-08-03,Santa Barbara,83,443738,7440,6580,53,6633,59
2020-08-03,Santa Clara,85,1922200,13408,10747,18,10765,172
2020-08-03,Santa Cruz,87,273765,1394,1154,9,1163,4
2020-08-03,Shasta,89,179085,509,322,3,325,9
2020-08-03,Sierra,91,2930,5,1,0,1,0
2020-08-03,Siskiyou,93,43540,98,67,0,67,0
2020-08-03,Solano,95,438530,4455,3610,26,3636,29
2020-08-03,Sonoma,97,501317,3988,3079,6,3085,33
2020-08-03,Stanislaus,99,539301,12274,9308,69,9377,96
2020-08-03,Sutter,101,95872,937,713,1,714,6
2020-08-03,Tehama,103,63373,293,225,2,227,1
2020-08-03,Trinity,105,12862,10,5,4,9,0
2020-08-03,Tulare,107,460477,11633,9703,27,9730,188
2020-08-03,Tuolumne,109,53932,158,123,1,124,0
2020-08-03,Ventura,111,848112,9062,8084,23,8107,74
2020-08-03,Yolo,113,214977,1935,1598,3,1601,37
2020-08-03,Yuba,115,75493,549,393,0,393,1
2020-08-02,Alameda,1,1643700,14135,11696,94,11790,188
2020-08-02,Alpine,3,1148,3,2,0,2,0
2020-08-02,Amador,5,37829,194,117,0,117,0
2020-08-02,Butte,7,227075,1209,987,11,998,9
2020-08-02,Calaveras,9,45235,151,116,0,116,1
2020-08-02,Colusa,11,21464,387,335,0,335,2
2020-08-02,Contra Costa,13,1133247,10787,7995,28,8023,118
2020-08-02,Del Norte,15,27424,89,68,0,68,0
2020-08-02,El Dorado,17,186661,811,643,0,643,1
2020-08-02,Fresno,19,978130,22171,15759,177,15936,151
2020-08-02,Glenn,21,27897,389,315,0,315,1
2020-08-02,Humboldt,23,135768,272,232,1,233,4
2020-08-02,Imperial,25,180216,10441,7919,6,7925,157
2020-08-02,Inyo,27,18085,84,45,0,45,1
2020-08-02,Kern,29,883053,25413,21162,136,21298,176
2020-08-02,Kings,31,150075,4866,3964,24,3988,47
2020-08-02,Lake,33,64148,240,201,0,201,1
2020-08-02,Lassen,35,31185,642,555,2,557,0
2020-08-02,Los Angeles,37,10098052,206402,192480,632,193112,4698
2020-08-02,Madera,39,155013,2953,2123,1,2124,18
2020-08-02,Marin,41,260295,5486,4985,9,4994,43
2020-08-02,Mariposa,43,17540,61,52,0,52,2
2020-08-02,Mendocino,45,87422,345,247,0,247,1
2020-08-02,Merced,47,269075,6103,4011,1,4012,29
2020-08-02,Modoc,49,8938,7,2,0,2,0
2020-08-02,Mono,51,14174,151,104,0,104,1
2020-08-02,Monterey,53,433212,5772,4698,13,4711,28
2020-08-02,Napa,55,140530,1197,956,0,956,8
2020-08-02,Nevada,57,99092,349,314,12,326,2
2020-08-02,Orange,59,3164182,44226,37266,851,38117,651
2020-08-02,Placer,61,380077,2381,1920,2,1922,15
2020-08-02,Plumas,63,18699,36,25,0,25,0
2020-08-02,Riverside,65,2383286,45907,38507,20,38527,735
2020-08-02,Sacramento,67,1510023,13310,10099,9,10108,142
2020-08-02,San Benito,69,59416,738,599,0,599,2
2020-08-02,San Bernardino,71,2135413,40886,33643,28,33671,443
2020-08-02,San Diego,73,3302833,33060,29885,0,29885,565
2020-08-02,San Francisco,75,870044,7556,6297,6,6303,60
2020-08-02,San Joaquin,77,732212,15026,11937,12,11949,189
2020-08-02,San Luis Obispo,79,281455,2188,1821,6,1827,14
2020-08-02,San Mateo,81,765935,6708,5618,4,5622,115
2020-08-02,Santa Barbara,83,443738,7349,6532,53,6585,59
2020-08-02,Santa Clara,85,1922200,13190,10577,18,10595,172
2020-08-02,Santa Cruz,87,273765,1374,1162,9,1171,4
2020-08-02,Shasta,89,179085,505,318,3,321,9
2020-08-02,Sierra,91,2930,4,1,0,1,0
2020-08-02,Siskiyou,93,43540,98,65,0,65,0
2020-08-02,Solano,95,438530,4396,3609,26,3635,29
2020-08-02,Sonoma,97,501317,3904,3005,6,3011,33
2020-08-02,Stanislaus,99,539301,12059,9277,63,9340,96
2020-08-02,Sutter,101,95872,902,714,1,715,6
2020-08-02,Tehama,103,63373,287,222,2,224,1
2020-08-02,Trinity,105,12862,10,5,4,9,0
2020-08-02,Tulare,107,460477,11424,9593,27,9620,188
2020-08-02,Tuolumne,109,53932,155,123,1,124,0
2020-08-02,Ventura,111,848112,8920,8014,23,8037,73
2020-08-02,Yolo,113,214977,1911,1588,3,1591,37
2020-08-02,Yuba,115,75493,529,393,0,393,1
2020-08-01,Alameda,1,1643700,14023,11590,94,11684,188
2020-08-01,Alpine,3,1148,3,2,0,2,0
2020-08-01,Amador,5,37829,190,109,0,109,0
2020-08-01,Butte,7,227075,1195,976,11,987,9
2020-08-01,Calaveras,9,45235,147,116,0,116,1
2020-08-01,Colusa,11,21464,386,327,0,327,2
2020-08-01,Contra Costa,13,1133247,10654,7867,27,7894,116
2020-08-01,Del Norte,15,27424,89,68,0,68,0
2020-08-01,El Dorado,17,186661,808,637,0,637,1
2020-08-01,Fresno,19,978130,22034,15448,177,15625,149
2020-08-01,Glenn,21,27897,388,311,0,311,1
2020-08-01,Humboldt,23,135768,271,232,1,233,4
2020-08-01,Imperial,25,180216,10405,7919,6,7925,156
2020-08-01,Inyo,27,18085,82,45,0,45,1
2020-08-01,Kern,29,883053,25253,20796,132,20928,176
2020-08-01,Kings,31,150075,4840,3948,24,3972,47
2020-08-01,Lake,33,64148,238,194,0,194,1
2020-08-01,Lassen,35,31185,641,555,2,557,0
2020-08-01,Los Angeles,37,10098052,205512,191023,604,191627,4674
2020-08-01,Madera,39,155013,2914,2103,1,2104,18
2020-08-01,Marin,41,260295,5472,4945,8,4953,43
2020-08-01,Mariposa,43,17540,61,50,0,50,2
2020-08-01,Mendocino,45,87422,338,243,0,243,1
2020-08-01,Merced,47,269075,6055,3972,1,3973,29
2020-08-01,Modoc,49,8938,7,2,0,2,0
2020-08-01,Mono,51,14174,150,104,0,104,1
2020-08-01,Monterey,53,433212,5705,4611,12,4623,28
2020-08-01,Napa,55,140530,1188,923,0,923,8
2020-08-01,Nevada,57,99092,345,305,12,317,2
2020-08-01,Orange,59,3164182,43999,36703,845,37548,648
2020-08-01,Placer,61,380077,2348,1891,2,1893,14
2020-08-01,Plumas,63,18699,35,25,0,25,0
2020-08-01,Riverside,65,2383286,45695,38216,19,38235,704
2020-08-01,Sacramento,67,1510023,13153,10044,9,10053,141
2020-08-01,San Benito,69,59416,727,579,0,579,2
2020-08-01,San Bernardino,71,2135413,40651,32947,28,32975,440
2020-08-01,San Diego,73,3302833,32843,29579,0,29579,565
2020-08-01,San Francisco,75,870044,7494,6296,6,6302,60
2020-08-01,San Joaquin,77,732212,14954,11807,11,11818,189
2020-08-01,San Luis Obispo,79,281455,2161,1798,6,1804,13
2020-08-01,San Mateo,81,765935,6653,5520,4,5524,115
2020-08-01,Santa Barbara,83,443738,7309,6465,53,6518,59
2020-08-01,Santa Clara,85,1922200,13039,10281,18,10299,171
2020-08-01,Santa Cruz,87,273765,1358,1164,9,1173,4
2020-08-01,Shasta,89,179085,500,312,3,315,9
2020-08-01,Sierra,91,2930,3,1,0,1,0
2020-08-01,Siskiyou,93,43540,98,64,0,64,0
2020-08-01,Solano,95,438530,4362,3591,25,3616,29
2020-08-01,Sonoma,97,501317,3858,2890,6,2896,29
2020-08-01,Stanislaus,99,539301,11941,9221,55,9276,96
2020-08-01,Sutter,101,95872,898,714,1,715,6
2020-08-01,Tehama,103,63373,284,220,2,222,1
2020-08-01,Trinity,105,12862,10,5,4,9,0
2020-08-01,Tulare,107,460477,11356,9520,27,9547,188
2020-08-01,Tuolumne,109,53932,155,123,1,124,0
2020-08-01,Ventura,111,848112,8874,7819,23,7842,73
2020-08-01,Yolo,113,214977,1901,1557,3,1560,37
2020-08-01,Yuba,115,75493,524,387,0,387,1
2020-07-31,Alameda,1,1643700,13892,11441,94,11535,187
2020-07-31,Alpine,3,1148,3,2,0,2,0
2020-07-31,Amador,5,37829,189,98,0,98,0
2020-07-31,Butte,7,227075,1172,925,11,936,7
2020-07-31,Calaveras,9,45235,147,112,0,112,1
2020-07-31,Colusa,11,21464,376,319,0,319,2
2020-07-31,Contra Costa,13,1133247,10506,7697,26,7723,113
2020-07-31,Del Norte,15,27424,88,68,0,68,0
2020-07-31,El Dorado,17,186661,797,616,0,616,1
2020-07-31,Fresno,19,978130,21815,15083,177,15260,133
2020-07-31,Glenn,21,27897,381,304,0,304,1
2020-07-31,Humboldt,23,135768,264,229,1,230,4
2020-07-31,Imperial,25,180216,10373,7886,6,7892,155
2020-07-31,Inyo,27,18085,72,45,0,45,1
2020-07-31,Kern,29,883053,25012,20061,127,20188,173
2020-07-31,Kings,31,150075,4812,3807,24,3831,45
2020-07-31,Lake,33,64148,237,191,0,191,1
2020-07-31,Lassen,35,31185,636,544,2,546,0
2020-07-31,Los Angeles,37,10098052,203904,188688,591,189279,4628
2020-07-31,Madera,39,155013,2867,2036,1,2037,19
2020-07-31,Marin,41,260295,5428,4885,5,4890,43
2020-07-31,Mariposa,43,17540,61,49,0,49,2
2020-07-31,Mendocino,45,87422,323,232,0,232,1
2020-07-31,Merced,47,269075,5972,3789,1,3790,30
2020-07-31,Modoc,49,8938,6,0,0,0,0
2020-07-31,Mono,51,14174,149,104,0,104,1
2020-07-31,Monterey,53,433212,5613,4493,12,4505,24
2020-07-31,Napa,55,140530,1176,897,0,897,7
2020-07-31,Nevada,57,99092,343,302,12,314,2
2020-07-31,Orange,59,3164182,43699,36196,829,37025,620
2020-07-31,Placer,61,380077,2324,1853,2,1855,14
2020-07-31,Plumas,63,18699,34,25,0,25,0
2020-07-31,Riverside,65,2383286,45305,37612,19,37631,694
2020-07-31,Sacramento,67,1510023,12972,9872,9,9881,132
2020-07-31,San Benito,69,59416,719,567,0,567,2
2020-07-31,San Bernardino,71,2135413,40322,32332,27,32359,434
2020-07-31,San Diego,73,3302833,32609,29050,0,29050,561
2020-07-31,San Francisco,75,870044,7395,6126,6,6132,60
2020-07-31,San Joaquin,77,732212,14818,11561,11,11572,177
2020-07-31,San Luis Obispo,79,281455,2091,1746,6,1752,12
2020-07-31,San Mateo,81,765935,6581,5416,4,5420,115
2020-07-31,Santa Barbara,83,443738,7242,6375,53,6428,58
2020-07-31,Santa Clara,85,1922200,12818,9863,18,9881,171
2020-07-31,Santa Cruz,87,273765,1335,1118,9,1127,4
2020-07-31,Shasta,89,179085,490,305,3,308,9
2020-07-31,Sierra,91,2930,3,1,0,1,0
2020-07-31,Siskiyou,93,43540,96,61,0,61,0
2020-07-31,Solano,95,438530,4315,3510,24,3534,29
2020-07-31,Sonoma,97,501317,3800,2745,6,2751,27
2020-07-31,Stanislaus,99,539301,11834,9061,50,9111,94
2020-07-31,Sutter,101,95872,893,714,1,715,6
2020-07-31,Tehama,103,63373,281,213,2,215,1
2020-07-31,Trinity,105,12862,10,5,4,9,0
2020-07-31,Tulare,107,460477,11235,9365,27,9392,184
2020-07-31,Tuolumne,109,53932,155,120,1,121,0
2020-07-31,Ventura,111,848112,8799,7521,23,7544,71
2020-07-31,Yolo,113,214977,1875,1522,3,1525,38
2020-07-31,Yuba,115,75493,515,369,0,369,1
2020-07-30,Alameda,1,1643700,13693,11303,52,11355,185
2020-07-30,Alpine,3,1148,3,2,0,2,0
2020-07-30,Amador,5,37829,171,97,0,97,0
2020-07-30,Butte,7,227075,1156,915,11,926,7
2020-07-30,Calaveras,9,45235,143,111,0,111,1
2020-07-30,Colusa,11,21464,373,315,0,315,2
2020-07-30,Contra Costa,13,1133247,10321,7615,25,7640,112
2020-07-30,Del Norte,15,27424,88,68,0,68,0
2020-07-30,El Dorado,17,186661,790,608,0,608,1
2020-07-30,Fresno,19,978130,21480,14793,171,14964,133
2020-07-30,Glenn,21,27897,374,297,0,297,1
2020-07-30,Humboldt,23,135768,262,228,1,229,4
2020-07-30,Imperial,25,180216,10314,7849,6,7855,151
2020-07-30,Inyo,27,18085,68,44,0,44,1
2020-07-30,Kern,29,883053,24719,19552,123,19675,171
2020-07-30,Kings,31,150075,4708,3785,24,3809,43
2020-07-30,Lake,33,64148,231,181,0,181,1
2020-07-30,Lassen,35,31185,633,544,2,546,0
2020-07-30,Los Angeles,37,10098052,201869,186177,558,186735,4564
2020-07-30,Madera,39,155013,2797,2007,1,2008,18
2020-07-30,Marin,41,260295,5386,4835,4,4839,39
2020-07-30,Mariposa,43,17540,61,49,0,49,1
2020-07-30,Mendocino,45,87422,316,232,0,232,1
2020-07-30,Merced,47,269075,5807,3695,1,3696,30
2020-07-30,Modoc,49,8938,6,0,0,0,0
2020-07-30,Mono,51,14174,148,104,0,104,1
2020-07-30,Monterey,53,433212,5501,4352,12,4364,24
2020-07-30,Napa,55,140530,1159,874,0,874,7
2020-07-30,Nevada,57,99092,338,292,12,304,2
2020-07-30,Orange,59,3164182,43285,36105,804,36909,607
2020-07-30,Placer,61,380077,2270,1821,2,1823,14
2020-07-30,Plumas,63,18699,33,25,0,25,0
2020-07-30,Riverside,65,2383286,44764,37308,19,37327,685
2020-07-30,Sacramento,67,1510023,12751,9704,9,9713,126
2020-07-30,San Benito,69,59416,706,558,0,558,2
2020-07-30,San Bernardino,71,2135413,39798,32010,27,32037,427
2020-07-30,San Diego,73,3302833,32262,28670,0,28670,558
2020-07-30,San Francisco,75,870044,7295,6107,6,6113,59
2020-07-30,San Joaquin,77,732212,14623,11435,11,11446,161
2020-07-30,San Luis Obispo,79,281455,2056,1703,6,1709,12
2020-07-30,San Mateo,81,765935,6486,5369,4,5373,115
2020-07-30,Santa Barbara,83,443738,7162,6273,53,6326,52
2020-07-30,Santa Clara,85,1922200,12580,9708,17,9725,170
2020-07-30,Santa Cruz,87,273765,1308,1087,9,1096,4
2020-07-30,Shasta,89,179085,486,306,3,309,8
2020-07-30,Sierra,91,2930,3,1,0,1,0
2020-07-30,Siskiyou,93,43540,95,60,0,60,0
2020-07-30,Solano,95,438530,4264,3463,24,3487,29
2020-07-30,Sonoma,97,501317,3728,2684,6,2690,25
2020-07-30,Stanislaus,99,539301,11621,8890,42,8932,94
2020-07-30,Sutter,101,95872,874,698,1,699,6
2020-07-30,Tehama,103,63373,278,208,2,210,1
2020-07-30,Trinity,105,12862,10,4,4,8,0
2020-07-30,Tulare,107,460477,11106,9167,27,9194,177
2020-07-30,Tuolumne,109,53932,154,119,1,120,0
2020-07-30,Ventura,111,848112,8687,7304,21,7325,69
2020-07-30,Yolo,113,214977,1854,1511,3,1514,37
2020-07-30,Yuba,115,75493,502,362,0,362,1
2020-07-29,Alameda,1,1643700,13474,11177,47,11224,180
2020-07-29,Alpine,3,1148,3,2,0,2,0
2020-07-29,Amador,5,37829,163,80,0,80,0
2020-07-29,Butte,7,227075,1130,889,9,898,7
2020-07-29,Calaveras,9,45235,137,107,0,107,1
2020-07-29,Colusa,11,21464,369,302,0,302,2
2020-07-29,Contra Costa,13,1133247,10118,7520,25,7545,108
2020-07-29,Del Norte,15,27424,88,68,0,68,0
2020-07-29,El Dorado,17,186661,780,588,0,588,1
2020-07-29,Fresno,19,978130,21189,14312,171,14483,125
2020-07-29,Glenn,21,27897,367,294,0,294,1
2020-07-29,Humboldt,23,135768,259,221,1,222,4
2020-07-29,Imperial,25,180216,10266,7825,6,7831,147
2020-07-29,Inyo,27,18085,63,44,0,44,1
2020-07-29,Kern,29,883053,24381,19073,120,19193,162
2020-07-29,Kings,31,150075,4660,3755,24,3779,43
2020-07-29,Lake,33,64148,229,179,0,179,1
2020-07-29,Lassen,35,31185,618,513,2,515,0
2020-07-29,Los Angeles,37,10098052,199835,183600,541,184141,4523
2020-07-29,Madera,39,155013,2743,1941,1,1942,18
2020-07-29,Marin,41,260295,5348,4747,4,4751,34
2020-07-29,Mariposa,43,17540,60,47,0,47,1
2020-07-29,Mendocino,45,87422,308,228,0,228,0
2020-07-29,Merced,47,269075,5667,3605,1,3606,25
2020-07-29,Modoc,49,8938,5,0,0,0,0
2020-07-29,Mono,51,14174,145,102,0,102,1
2020-07-29,Monterey,53,433212,5402,4252,12,4264,24
2020-07-29,Napa,55,140530,1131,866,0,866,7
2020-07-29,Nevada,57,99092,334,288,12,300,1
2020-07-29,Orange,59,3164182,42851,35339,792,36131,589
2020-07-29,Placer,61,380077,2238,1798,2,1800,14
2020-07-29,Plumas,63,18699,33,25,0,25,0
2020-07-29,Riverside,65,2383286,44173,36968,19,36987,678
2020-07-29,Sacramento,67,1510023,12508,9538,9,9547,122
2020-07-29,San Benito,69,59416,691,537,0,537,2
2020-07-29,San Bernardino,71,2135413,39309,31168,26,31194,417
2020-07-29,San Diego,73,3302833,31937,28289,0,28289,552
2020-07-29,San Francisco,75,870044,7201,6041,6,6047,56
2020-07-29,San Joaquin,77,732212,14375,11249,8,11257,154
2020-07-29,San Luis Obispo,79,281455,2036,1673,6,1679,11
2020-07-29,San Mateo,81,765935,6398,5305,4,5309,114
2020-07-29,Santa Barbara,83,443738,7092,6215,53,6268,31
2020-07-29,Santa Clara,85,1922200,12372,9567,17,9584,165
2020-07-29,Santa Cruz,87,273765,1284,1051,9,1060,4
2020-07-29,Shasta,89,179085,474,297,3,300,8
2020-07-29,Sierra,91,2930,2,1,0,1,0
2020-07-29,Siskiyou,93,43540,93,58,0,58,0
2020-07-29,Solano,95,438530,4210,3380,24,3404,29
2020-07-29,Sonoma,97,501317,3651,2598,6,2604,26
2020-07-29,Stanislaus,99,539301,11400,8745,36,8781,94
2020-07-29,Sutter,101,95872,846,678,1,679,6
2020-07-29,Tehama,103,63373,274,206,2,208,1
2020-07-29,Trinity,105,12862,10,4,4,8,0
2020-07-29,Tulare,107,460477,10935,9028,27,9055,156
2020-07-29,Tuolumne,109,53932,154,118,1,119,0
2020-07-29,Ventura,111,848112,8582,7161,21,7182,68
2020-07-29,Yolo,113,214977,1828,1488,3,1491,36
2020-07-29,Yuba,115,75493,486,350,0,350,1
2020-07-28,Alameda,1,1643700,13249,10875,46,10921,180
2020-07-28,Alpine,3,1148,3,2,0,2,0
2020-07-28,Amador,5,37829,153,77,0,77,0
2020-07-28,Butte,7,227075,1095,857,9,866,7
2020-07-28,Calaveras,9,45235,136,105,0,105,1
2020-07-28,Colusa,11,21464,363,290,0,290,2
2020-07-28,Contra Costa,13,1133247,9896,7426,25,7451,107
2020-07-28,Del Norte,15,27424,87,68,0,68,0
2020-07-28,El Dorado,17,186661,765,558,0,558,1
2020-07-28,Fresno,19,978130,20855,13933,165,14098,125
2020-07-28,Glenn,21,27897,365,289,0,289,1
2020-07-28,Humboldt,23,135768,258,218,1,219,4
2020-07-28,Imperial,25,180216,10230,7804,6,7810,145
2020-07-28,Inyo,27,18085,61,43,0,43,1
2020-07-28,Kern,29,883053,24018,18834,114,18948,155
2020-07-28,Kings,31,150075,4614,3721,24,3745,41
2020-07-28,Lake,33,64148,225,179,0,179,1
2020-07-28,Lassen,35,31185,612,508,2,510,0
2020-07-28,Los Angeles,37,10098052,197601,179107,519,179626,4435
2020-07-28,Madera,39,155013,2677,1889,1,1890,18
2020-07-28,Marin,41,260295,5279,4698,4,4702,23
2020-07-28,Mariposa,43,17540,58,45,0,45,1
2020-07-28,Mendocino,45,87422,297,222,0,222,0
2020-07-28,Merced,47,269075,5522,3446,1,3447,23
2020-07-28,Modoc,49,8938,4,0,0,0,0
2020-07-28,Mono,51,14174,144,102,0,102,1
2020-07-28,Monterey,53,433212,5281,4047,12,4059,22
2020-07-28,Napa,55,140530,1109,824,0,824,6
2020-07-28,Nevada,57,99092,329,278,12,290,1
2020-07-28,Orange,59,3164182,42393,34832,778,35610,582
2020-07-28,Placer,61,380077,2205,1759,2,1761,14
2020-07-28,Plumas,63,18699,33,22,0,22,0
2020-07-28,Riverside,65,2383286,43574,36458,19,36477,668
2020-07-28,Sacramento,67,1510023,12257,9429,9,9438,117
2020-07-28,San Benito,69,59416,681,503,0,503,2
2020-07-28,San Bernardino,71,2135413,38788,30493,26,30519,412
2020-07-28,San Diego,73,3302833,31587,28007,0,28007,547
2020-07-28,San Francisco,75,870044,7088,5888,6,5894,56
2020-07-28,San Joaquin,77,732212,14092,10958,6,10964,141
2020-07-28,San Luis Obispo,79,281455,2005,1636,6,1642,9
2020-07-28,San Mateo,81,765935,6324,5171,4,5175,114
2020-07-28,Santa Barbara,83,443738,7029,6110,51,6161,31
2020-07-28,Santa Clara,85,1922200,12137,9307,17,9324,165
2020-07-28,Santa Cruz,87,273765,1257,1018,9,1027,4
2020-07-28,Shasta,89,179085,462,275,3,278,8
2020-07-28,Sierra,91,2930,2,1,0,1,0
2020-07-28,Siskiyou,93,43540,89,57,0,57,0
2020-07-28,Solano,95,438530,4163,3292,23,3315,29
2020-07-28,Sonoma,97,501317,3578,2553,6,2559,20
2020-07-28,Stanislaus,99,539301,11180,8492,27,8519,92
2020-07-28,Sutter,101,95872,809,653,0,653,2
2020-07-28,Tehama,103,63373,269,199,2,201,1
2020-07-28,Trinity,105,12862,10,3,4,7,0
2020-07-28,Tulare,107,460477,10748,8787,27,8814,96
2020-07-28,Tuolumne,109,53932,153,116,1,117,0
2020-07-28,Ventura,111,848112,8456,7045,20,7065,68
2020-07-28,Yolo,113,214977,1800,1459,3,1462,36
2020-07-28,Yuba,115,75493,469,333,0,333,1
2020-07-27,Alameda,1,1643700,13022,10645,43,10688,176
2020-07-27,Alpine,3,1148,3,2,0,2,0
2020-07-27,Amador,5,37829,148,72,0,72,0
2020-07-27,Butte,7,227075,1068,843,9,852,7
2020-07-27,Calaveras,9,45235,132,103,0,103,1
2020-07-27,Colusa,11,21464,356,271,0,271,2
2020-07-27,Contra Costa,13,1133247,9674,7256,25,7281,104
2020-07-27,Del Norte,15,27424,86,67,0,67,0
2020-07-27,El Dorado,17,186661,753,548,0,548,1
2020-07-27,Fresno,19,978130,20509,13485,159,13644,117
2020-07-27,Glenn,21,27897,363,277,0,277,1
2020-07-27,Humboldt,23,135768,253,218,1,219,4
2020-07-27,Imperial,25,180216,10180,7789,6,7795,144
2020-07-27,Inyo,27,18085,61,43,0,43,1
2020-07-27,Kern,29,883053,23516,17994,108,18102,148
2020-07-27,Kings,31,150075,4365,3685,24,3709,39
2020-07-27,Lake,33,64148,221,176,0,176,1
2020-07-27,Lassen,35,31185,612,503,2,505,0
2020-07-27,Los Angeles,37,10098052,195150,176351,498,176849,4379
2020-07-27,Madera,39,155013,2612,1793,1,1794,17
2020-07-27,Marin,41,260295,5191,4669,4,4673,22
2020-07-27,Mariposa,43,17540,58,43,0,43,1
2020-07-27,Mendocino,45,87422,284,209,0,209,0
2020-07-27,Merced,47,269075,5382,3292,1,3293,23
2020-07-27,Modoc,49,8938,3,0,0,0,0
2020-07-27,Mono,51,14174,140,99,0,99,1
2020-07-27,Monterey,53,433212,5091,3960,12,3972,21
2020-07-27,Napa,55,140530,1094,769,0,769,6
2020-07-27,Nevada,57,99092,325,268,12,280,1
2020-07-27,Orange,59,3164182,41953,34649,762,35411,566
2020-07-27,Placer,61,380077,2155,1679,2,1681,12
2020-07-27,Plumas,63,18699,33,22,0,22,0
2020-07-27,Riverside,65,2383286,42896,35822,19,35841,667
2020-07-27,Sacramento,67,1510023,11962,9091,9,9100,114
2020-07-27,San Benito,69,59416,666,498,0,498,2
2020-07-27,San Bernardino,71,2135413,38197,29928,26,29954,401
2020-07-27,San Diego,73,3302833,31213,27509,0,27509,533
2020-07-27,San Francisco,75,870044,7001,5825,6,5831,55
2020-07-27,San Joaquin,77,732212,13801,10728,6,10734,129
2020-07-27,San Luis Obispo,79,281455,1960,1612,6,1618,9
2020-07-27,San Mateo,81,765935,6215,5108,4,5112,113
2020-07-27,Santa Barbara,83,443738,6948,6026,49,6075,30
2020-07-27,Santa Clara,85,1922200,11870,9157,16,9173,166
2020-07-27,Santa Cruz,87,273765,1235,984,9,993,4
2020-07-27,Shasta,89,179085,455,275,3,278,8
2020-07-27,Sierra,91,2930,2,1,0,1,0
2020-07-27,Siskiyou,93,43540,87,54,0,54,0
2020-07-27,Solano,95,438530,4096,3198,22,3220,29
2020-07-27,Sonoma,97,501317,3487,2504,6,2510,20
2020-07-27,Stanislaus,99,539301,10953,8288,19,8307,84
2020-07-27,Sutter,101,95872,783,620,0,620,2
2020-07-27,Tehama,103,63373,261,192,2,194,1
2020-07-27,Trinity,105,12862,10,3,4,7,0
2020-07-27,Tulare,107,460477,10530,8462,27,8489,172
2020-07-27,Tuolumne,109,53932,150,115,1,116,0
2020-07-27,Ventura,111,848112,8328,6998,20,7018,68
2020-07-27,Yolo,113,214977,1755,1439,3,1442,33
2020-07-27,Yuba,115,75493,449,328,0,328,1
2020-07-26,Alameda,1,1643700,12784,10489,43,10532,176
2020-07-26,Alpine,3,1148,3,2,0,2,0
2020-07-26,Amador,5,37829,142,67,0,67,0
2020-07-26,Butte,7,227075,1032,822,9,831,5
2020-07-26,Calaveras,9,45235,129,103,0,103,1
2020-07-26,Colusa,11,21464,347,270,0,270,2
2020-07-26,Contra Costa,13,1133247,9437,7095,25,7120,104
2020-07-26,Del Norte,15,27424,84,67,0,67,0
2020-07-26,El Dorado,17,186661,735,539,0,539,1
2020-07-26,Fresno,19,978130,20118,13209,151,13360,117
2020-07-26,Glenn,21,27897,355,265,0,265,1
2020-07-26,Humboldt,23,135768,247,214,1,215,4
2020-07-26,Imperial,25,180216,10107,7781,6,7787,144
2020-07-26,Inyo,27,18085,56,43,0,43,1
2020-07-26,Kern,29,883053,22992,17394,105,17499,148
2020-07-26,Kings,31,150075,4306,3591,24,3615,39
2020-07-26,Lake,33,64148,213,174,0,174,1
2020-07-26,Lassen,35,31185,571,503,2,505,0
2020-07-26,Los Angeles,37,10098052,192576,174322,478,174800,4364
2020-07-26,Madera,39,155013,2525,1744,1,1745,17
2020-07-26,Marin,41,260295,5145,4595,4,4599,22
2020-07-26,Mariposa,43,17540,56,43,0,43,1
2020-07-26,Mendocino,45,87422,275,206,0,206,0
2020-07-26,Merced,47,269075,5202,3251,1,3252,23
2020-07-26,Modoc,49,8938,3,0,0,0,0
2020-07-26,Mono,51,14174,136,82,0,82,1
2020-07-26,Monterey,53,433212,4925,3901,12,3913,21
2020-07-26,Napa,55,140530,1075,769,0,769,6
2020-07-26,Nevada,57,99092,322,261,12,273,1
2020-07-26,Orange,59,3164182,41428,34352,731,35083,564
2020-07-26,Placer,61,380077,2087,1628,2,1630,12
2020-07-26,Plumas,63,18699,33,22,0,22,0
2020-07-26,Riverside,65,2383286,42337,35636,19,35655,665
2020-07-26,Sacramento,67,1510023,11658,8972,9,8981,114
2020-07-26,San Benito,69,59416,654,495,0,495,2
2020-07-26,San Bernardino,71,2135413,37560,29545,24,29569,400
2020-07-26,San Diego,73,3302833,30818,26986,0,26986,533
2020-07-26,San Francisco,75,870044,6893,5823,6,5829,55
2020-07-26,San Joaquin,77,732212,13509,10637,6,10643,129
2020-07-26,San Luis Obispo,79,281455,1917,1565,6,1571,8
2020-07-26,San Mateo,81,765935,6109,5078,4,5082,113
2020-07-26,Santa Barbara,83,443738,6846,5939,49,5988,30
2020-07-26,Santa Clara,85,1922200,11640,8986,16,9002,166
2020-07-26,Santa Cruz,87,273765,1208,970,9,979,4
2020-07-26,Shasta,89,179085,448,265,3,268,8
2020-07-26,Sierra,91,2930,2,1,0,1,0
2020-07-26,Siskiyou,93,43540,85,54,0,54,0
2020-07-26,Solano,95,438530,4016,3197,20,3217,29
2020-07-26,Sonoma,97,501317,3398,2503,5,2508,20
2020-07-26,Stanislaus,99,539301,10693,8228,17,8245,84
2020-07-26,Sutter,101,95872,769,612,0,612,2
2020-07-26,Tehama,103,63373,254,175,2,177,1
2020-07-26,Trinity,105,12862,10,3,4,7,0
2020-07-26,Tulare,107,460477,10323,8392,27,8419,172
2020-07-26,Tuolumne,109,53932,145,113,1,114,0
2020-07-26,Ventura,111,848112,8122,6844,20,6864,67
2020-07-26,Yolo,113,214977,1724,1408,3,1411,33
2020-07-26,Yuba,115,75493,430,313,0,313,1
2020-07-25,Alameda,1,1643700,12687,10361,41,10402,176
2020-07-25,Alpine,3,1148,3,2,0,2,0
2020-07-25,Amador,5,37829,139,67,0,67,0
2020-07-25,Butte,7,227075,1023,810,9,819,5
2020-07-25,Calaveras,9,45235,125,103,0,103,1
2020-07-25,Colusa,11,21464,340,265,0,265,2
2020-07-25,Contra Costa,13,1133247,9292,6920,25,6945,104
2020-07-25,Del Norte,15,27424,84,67,0,67,0
2020-07-25,El Dorado,17,186661,724,528,0,528,1
2020-07-25,Fresno,19,978130,19932,12866,151,13017,117
2020-07-25,Glenn,21,27897,353,260,0,260,1
2020-07-25,Humboldt,23,135768,244,212,1,213,4
2020-07-25,Imperial,25,180216,10081,7727,6,7733,144
2020-07-25,Inyo,27,18085,55,43,0,43,1
2020-07-25,Kern,29,883053,22774,16910,104,17014,148
2020-07-25,Kings,31,150075,4289,3516,24,3540,39
2020-07-25,Lake,33,64148,211,173,0,173,1
2020-07-25,Lassen,35,31185,571,503,2,505,0
2020-07-25,Los Angeles,37,10098052,191445,172611,470,173081,4357
2020-07-25,Madera,39,155013,2493,1724,1,1725,17
2020-07-25,Marin,41,260295,5129,4562,4,4566,22
2020-07-25,Mariposa,43,17540,55,43,0,43,1
2020-07-25,Mendocino,45,87422,269,190,0,190,0
2020-07-25,Merced,47,269075,5123,3176,1,3177,23
2020-07-25,Modoc,49,8938,3,0,0,0,0
2020-07-25,Mono,51,14174,136,82,0,82,1
2020-07-25,Monterey,53,433212,4848,3805,12,3817,21
2020-07-25,Napa,55,140530,1062,746,0,746,6
2020-07-25,Nevada,57,99092,320,257,12,269,1
2020-07-25,Orange,59,3164182,41208,33978,709,34687,561
2020-07-25,Placer,61,380077,2070,1596,2,1598,12
2020-07-25,Plumas,63,18699,33,22,0,22,0
2020-07-25,Riverside,65,2383286,42068,34921,19,34940,655
2020-07-25,Sacramento,67,1510023,11510,8674,9,8683,113
2020-07-25,San Benito,69,59416,638,492,0,492,2
2020-07-25,San Bernardino,71,2135413,37281,29265,24,29289,394
2020-07-25,San Diego,73,3302833,30557,26703,0,26703,533
2020-07-25,San Francisco,75,870044,6835,5644,6,5650,55
2020-07-25,San Joaquin,77,732212,13383,10347,6,10353,129
2020-07-25,San Luis Obispo,79,281455,1897,1530,5,1535,8
2020-07-25,San Mateo,81,765935,6046,5023,4,5027,113
2020-07-25,Santa Barbara,83,443738,6811,5880,49,5929,30
2020-07-25,Santa Clara,85,1922200,11506,8767,16,8783,166
2020-07-25,Santa Cruz,87,273765,1191,939,9,948,4
2020-07-25,Shasta,89,179085,443,263,1,264,8
2020-07-25,Sierra,91,2930,2,1,0,1,0
2020-07-25,Siskiyou,93,43540,83,54,0,54,0
2020-07-25,Solano,95,438530,3976,3107,18,3125,29
2020-07-25,Sonoma,97,501317,3359,2412,5,2417,20
2020-07-25,Stanislaus,99,539301,10590,7994,14,8008,84
2020-07-25,Sutter,101,95872,750,603,0,603,2
2020-07-25,Tehama,103,63373,253,169,2,171,1
2020-07-25,Trinity,105,12862,10,3,4,7,0
2020-07-25,Tulare,107,460477,10223,8310,27,8337,172
2020-07-25,Tuolumne,109,53932,144,99,1,100,0
2020-07-25,Ventura,111,848112,8049,6662,20,6682,62
2020-07-25,Yolo,113,214977,1709,1357,3,1360,35
2020-07-25,Yuba,115,75493,424,312,0,312,1
2020-07-24,Alameda,1,1643700,12545,10216,38,10254,176
2020-07-24,Alpine,3,1148,3,2,0,2,0
2020-07-24,Amador,5,37829,137,66,0,66,0
2020-07-24,Butte,7,227075,1011,751,9,760,5
2020-07-24,Calaveras,9,45235,121,102,0,102,0
2020-07-24,Colusa,11,21464,337,255,0,255,2
2020-07-24,Contra Costa,13,1133247,9146,6814,25,6839,100
2020-07-24,Del Norte,15,27424,84,66,0,66,0
2020-07-24,El Dorado,17,186661,702,516,0,516,1
2020-07-24,Fresno,19,978130,19706,12564,151,12715,115
2020-07-24,Glenn,21,27897,350,251,0,251,1
2020-07-24,Humboldt,23,135768,241,210,1,211,4
2020-07-24,Imperial,25,180216,10059,7686,6,7692,141
2020-07-24,Inyo,27,18085,55,41,0,41,1
2020-07-24,Kern,29,883053,22533,16124,104,16228,143
2020-07-24,Kings,31,150075,4260,3471,24,3495,39
2020-07-24,Lake,33,64148,209,167,0,167,1
2020-07-24,Lassen,35,31185,571,503,2,505,0
2020-07-24,Los Angeles,37,10098052,189426,169078,457,169535,4302
2020-07-24,Madera,39,155013,2460,1679,1,1680,16
2020-07-24,Marin,41,260295,5102,4517,4,4521,22
2020-07-24,Mariposa,43,17540,55,41,0,41,1
2020-07-24,Mendocino,45,87422,262,188,0,188,0
2020-07-24,Merced,47,269075,5038,3100,1,3101,23
2020-07-24,Modoc,49,8938,3,0,0,0,0
2020-07-24,Mono,51,14174,135,82,0,82,1
2020-07-24,Monterey,53,433212,4776,3748,12,3760,21
2020-07-24,Napa,55,140530,1049,741,0,741,6
2020-07-24,Nevada,57,99092,317,255,12,267,1
2020-07-24,Orange,59,3164182,40921,33530,693,34223,557
2020-07-24,Placer,61,380077,2040,1551,2,1553,12
2020-07-24,Plumas,63,18699,33,22,0,22,0
2020-07-24,Riverside,65,2383286,41645,34513,18,34531,631
2020-07-24,Sacramento,67,1510023,11325,8570,9,8579,110
2020-07-24,San Benito,69,59416,631,485,0,485,2
2020-07-24,San Bernardino,71,2135413,36909,28990,24,29014,386
2020-07-24,San Diego,73,3302833,30257,26100,0,26100,524
2020-07-24,San Francisco,75,870044,6741,5611,6,5617,55
2020-07-24,San Joaquin,77,732212,13235,10190,6,10196,118
2020-07-24,San Luis Obispo,79,281455,1873,1476,5,1481,8
2020-07-24,San Mateo,81,765935,5983,4954,4,4958,112
2020-07-24,Santa Barbara,83,443738,6757,5776,47,5823,30
2020-07-24,Santa Clara,85,1922200,11342,8658,16,8674,165
2020-07-24,Santa Cruz,87,273765,1171,930,9,939,4
2020-07-24,Shasta,89,179085,435,262,1,263,8
2020-07-24,Sierra,91,2930,2,1,0,1,0
2020-07-24,Siskiyou,93,43540,83,53,0,53,0
2020-07-24,Solano,95,438530,3940,3062,15,3077,29
2020-07-24,Sonoma,97,501317,3306,2345,5,2350,20
2020-07-24,Stanislaus,99,539301,10418,7861,11,7872,82
2020-07-24,Sutter,101,95872,739,593,0,593,2
2020-07-24,Tehama,103,63373,245,170,2,172,1
2020-07-24,Trinity,105,12862,9,3,4,7,0
2020-07-24,Tulare,107,460477,10129,8167,25,8192,167
2020-07-24,Tuolumne,109,53932,138,99,1,100,0
2020-07-24,Ventura,111,848112,7964,6553,20,6573,60
2020-07-24,Yolo,113,214977,1695,1329,3,1332,35
2020-07-24,Yuba,115,75493,409,307,0,307,1
2020-07-23,Alameda,1,1643700,12306,9924,38,9962,171
2020-07-23,Alpine,3,1148,3,2,0,2,0
2020-07-23,Amador,5,37829,120,61,0,61,0
2020-07-23,Butte,7,227075,996,726,9,735,5
2020-07-23,Calaveras,9,45235,114,102,0,102,0
2020-07-23,Colusa,11,21464,329,242,0,242,2
2020-07-23,Contra Costa,13,1133247,8945,6619,23,6642,98
2020-07-23,Del Norte,15,27424,84,66,0,66,0
2020-07-23,El Dorado,17,186661,691,491,0,491,1
2020-07-23,Fresno,19,978130,19350,12164,148,12312,112
2020-07-23,Glenn,21,27897,345,246,0,246,1
2020-07-23,Humboldt,23,135768,240,208,1,209,4
2020-07-23,Imperial,25,180216,10009,7604,6,7610,138
2020-07-23,Inyo,27,18085,53,38,0,38,1
2020-07-23,Kern,29,883053,22126,14491,100,14591,128
2020-07-23,Kings,31,150075,4152,3371,24,3395,39
2020-07-23,Lake,33,64148,200,160,0,160,1
2020-07-23,Lassen,35,31185,568,503,2,505,0
2020-07-23,Los Angeles,37,10098052,186879,167198,431,167629,4265
2020-07-23,Madera,39,155013,2393,1659,1,1660,13
2020-07-23,Marin,41,260295,5050,4423,4,4427,22
2020-07-23,Mariposa,43,17540,55,40,0,40,1
2020-07-23,Mendocino,45,87422,252,178,0,178,0
2020-07-23,Merced,47,269075,4882,2972,1,2973,22
2020-07-23,Modoc,49,8938,3,0,0,0,0
2020-07-23,Mono,51,14174,131,82,0,82,1
2020-07-23,Monterey,53,433212,4659,3655,12,3667,21
2020-07-23,Napa,55,140530,1025,713,0,713,5
2020-07-23,Nevada,57,99092,314,247,12,259,1
2020-07-23,Orange,59,3164182,40425,32863,663,33526,544
2020-07-23,Placer,61,380077,1996,1519,2,1521,12
2020-07-23,Plumas,63,18699,32,21,0,21,0
2020-07-23,Riverside,65,2383286,41040,33833,18,33851,630
2020-07-23,Sacramento,67,1510023,11095,8222,9,8231,108
2020-07-23,San Benito,69,59416,616,478,0,478,2
2020-07-23,San Bernardino,71,2135413,36390,28121,23,28144,369
2020-07-23,San Diego,73,3302833,29883,25109,0,25109,505
2020-07-23,San Francisco,75,870044,6639,5543,6,5549,55
2020-07-23,San Joaquin,77,732212,13016,9861,6,9867,111
2020-07-23,San Luis Obispo,79,281455,1847,1438,5,1443,7
2020-07-23,San Mateo,81,765935,5878,4895,4,4899,113
2020-07-23,Santa Barbara,83,443738,6683,5628,47,5675,30
2020-07-23,Santa Clara,85,1922200,11124,8458,16,8474,165
2020-07-23,Santa Cruz,87,273765,1135,887,9,896,3
2020-07-23,Shasta,89,179085,424,254,1,255,9
2020-07-23,Sierra,91,2930,2,1,0,1,0
2020-07-23,Siskiyou,93,43540,81,53,0,53,0
2020-07-23,Solano,95,438530,3876,2962,13,2975,29
2020-07-23,Sonoma,97,501317,3230,2289,5,2294,18
2020-07-23,Stanislaus,99,539301,10176,7603,11,7614,71
2020-07-23,Sutter,101,95872,706,570,0,570,2
2020-07-23,Tehama,103,63373,239,158,2,160,1
2020-07-23,Trinity,105,12862,8,3,4,7,0
2020-07-23,Tulare,107,460477,9940,7898,25,7923,168
2020-07-23,Tuolumne,109,53932,138,93,1,94,0
2020-07-23,Ventura,111,848112,7840,6303,20,6323,56
2020-07-23,Yolo,113,214977,1677,1279,3,1282,35
2020-07-23,Yuba,115,75493,389,297,0,297,1
2020-07-22,Alameda,1,1643700,12087,9678,37,9715,169
2020-07-22,Alpine,3,1148,3,2,0,2,0
2020-07-22,Amador,5,37829,118,58,0,58,0
2020-07-22,Butte,7,227075,961,694,8,702,5
2020-07-22,Calaveras,9,45235,114,98,0,98,0
2020-07-22,Colusa,11,21464,322,236,0,236,0
2020-07-22,Contra Costa,13,1133247,8719,6401,23,6424,98
2020-07-22,Del Norte,15,27424,84,66,0,66,0
2020-07-22,El Dorado,17,186661,678,466,0,466,1
2020-07-22,Fresno,19,978130,18990,11756,142,11898,110
2020-07-22,Glenn,21,27897,339,236,0,236,1
2020-07-22,Humboldt,23,135768,238,201,1,202,4
2020-07-22,Imperial,25,180216,9950,7533,6,7539,134
2020-07-22,Inyo,27,18085,49,38,0,38,1
2020-07-22,Kern,29,883053,21693,13513,93,13606,127
2020-07-22,Kings,31,150075,4098,3271,24,3295,38
2020-07-22,Lake,33,64148,197,160,0,160,1
2020-07-22,Lassen,35,31185,565,500,2,502,0
2020-07-22,Los Angeles,37,10098052,184218,165242,408,165650,4218
2020-07-22,Madera,39,155013,2318,1578,1,1579,10
2020-07-22,Marin,41,260295,4994,4373,4,4377,23
2020-07-22,Mariposa,43,17540,55,38,0,38,1
2020-07-22,Mendocino,45,87422,245,166,0,166,0
2020-07-22,Merced,47,269075,4755,2828,1,2829,15
2020-07-22,Modoc,49,8938,3,0,0,0,0
2020-07-22,Mono,51,14174,128,82,0,82,1
2020-07-22,Monterey,53,433212,4558,3533,12,3545,20
2020-07-22,Napa,55,140530,1003,687,0,687,5
2020-07-22,Nevada,57,99092,308,239,11,250,1
2020-07-22,Orange,59,3164182,39926,32047,654,32701,522
2020-07-22,Placer,61,380077,1939,1469,2,1471,12
2020-07-22,Plumas,63,18699,31,20,0,20,0
2020-07-22,Riverside,65,2383286,40406,33093,18,33111,612
2020-07-22,Sacramento,67,1510023,10830,8028,8,8036,106
2020-07-22,San Benito,69,59416,602,465,0,465,2
2020-07-22,San Bernardino,71,2135413,35870,26820,23,26843,348
2020-07-22,San Diego,73,3302833,29495,25109,0,25109,505
2020-07-22,San Francisco,75,870044,6535,5473,5,5478,53
2020-07-22,San Joaquin,77,732212,12740,9628,6,9634,102
2020-07-22,San Luis Obispo,79,281455,1803,1373,5,1378,7
2020-07-22,San Mateo,81,765935,5789,4796,4,4800,112
2020-07-22,Santa Barbara,83,443738,6596,5508,45,5553,29
2020-07-22,Santa Clara,85,1922200,10879,8266,16,8282,166
2020-07-22,Santa Cruz,87,273765,1112,866,9,875,3
2020-07-22,Shasta,89,179085,414,246,1,247,9
2020-07-22,Sierra,91,2930,1,1,0,1,0
2020-07-22,Siskiyou,93,43540,80,52,0,52,0
2020-07-22,Solano,95,438530,3815,2839,12,2851,29
2020-07-22,Sonoma,97,501317,3153,2255,5,2260,17
2020-07-22,Stanislaus,99,539301,10005,7401,11,7412,71
2020-07-22,Sutter,101,95872,682,551,0,551,2
2020-07-22,Tehama,103,63373,231,155,2,157,1
2020-07-22,Trinity,105,12862,8,3,4,7,0
2020-07-22,Tulare,107,460477,9707,7640,25,7665,167
2020-07-22,Tuolumne,109,53932,134,91,1,92,0
2020-07-22,Ventura,111,848112,7713,6223,18,6241,56
2020-07-22,Yolo,113,214977,1634,1233,3,1236,34
2020-07-22,Yuba,115,75493,374,288,0,288,1
2020-07-21,Alameda,1,1643700,11873,9390,37,9427,166
2020-07-21,Alpine,3,1148,3,2,0,2,0
2020-07-21,Amador,5,37829,113,55,0,55,0
2020-07-21,Butte,7,227075,916,659,7,666,5
2020-07-21,Calaveras,9,45235,109,96,0,96,0
2020-07-21,Colusa,11,21464,298,227,0,227,0
2020-07-21,Contra Costa,13,1133247,8477,6210,23,6233,98
2020-07-21,Del Norte,15,27424,84,66,0,66,0
2020-07-21,El Dorado,17,186661,670,440,0,440,1
2020-07-21,Fresno,19,978130,18591,11412,136,11548,107
2020-07-21,Glenn,21,27897,332,229,0,229,1
2020-07-21,Humboldt,23,135768,236,198,1,199,4
2020-07-21,Imperial,25,180216,9901,7458,6,7464,128
2020-07-21,Inyo,27,18085,48,38,0,38,1
2020-07-21,Kern,29,883053,21271,11998,87,12085,119
2020-07-21,Kings,31,150075,4034,3187,24,3211,38
2020-07-21,Lake,33,64148,197,157,0,157,1
2020-07-21,Lassen,35,31185,563,474,2,476,0
2020-07-21,Los Angeles,37,10098052,181214,162205,386,162591,4159
2020-07-21,Madera,39,155013,2253,1508,1,1509,10
2020-07-21,Marin,41,260295,4922,4318,4,4322,21
2020-07-21,Mariposa,43,17540,54,37,0,37,1
2020-07-21,Mendocino,45,87422,234,160,0,160,0
2020-07-21,Merced,47,269075,4576,2725,1,2726,15
2020-07-21,Modoc,49,8938,3,0,0,0,0
2020-07-21,Mono,51,14174,124,79,0,79,1
2020-07-21,Monterey,53,433212,4426,3404,11,3415,20
2020-07-21,Napa,55,140530,976,660,0,660,5
2020-07-21,Nevada,57,99092,306,228,9,237,1
2020-07-21,Orange,59,3164182,39430,31356,620,31976,515
2020-07-21,Placer,61,380077,1899,1413,2,1415,11
2020-07-21,Plumas,63,18699,31,19,0,19,0
2020-07-21,Riverside,65,2383286,39705,32231,18,32249,583
2020-07-21,Sacramento,67,1510023,10558,7789,7,7796,102
2020-07-21,San Benito,69,59416,591,444,0,444,2
2020-07-21,San Bernardino,71,2135413,35225,25323,22,25345,343
2020-07-21,San Diego,73,3302833,29046,24522,0,24522,487
2020-07-21,San Francisco,75,870044,6426,5377,5,5382,53
2020-07-21,San Joaquin,77,732212,12415,9150,6,9156,99
2020-07-21,San Luis Obispo,79,281455,1755,1338,5,1343,7
2020-07-21,San Mateo,81,765935,5697,4733,4,4737,111
2020-07-21,Santa Barbara,83,443738,6514,5422,44,5466,29
2020-07-21,Santa Clara,85,1922200,10616,7989,16,8005,164
2020-07-21,Santa Cruz,87,273765,1079,835,9,844,3
2020-07-21,Shasta,89,179085,406,241,1,242,9
2020-07-21,Sierra,91,2930,1,1,0,1,0
2020-07-21,Siskiyou,93,43540,80,48,0,48,0
2020-07-21,Solano,95,438530,3742,2727,12,2739,27
2020-07-21,Sonoma,97,501317,3096,2200,5,2205,17
2020-07-21,Stanislaus,99,539301,9741,6984,11,6995,69
2020-07-21,Sutter,101,95872,666,533,0,533,2
2020-07-21,Tehama,103,63373,221,150,2,152,1
2020-07-21,Trinity,105,12862,8,2,4,6,0
2020-07-21,Tulare,107,460477,9504,7447,25,7472,167
2020-07-21,Tuolumne,109,53932,132,75,1,76,0
2020-07-21,Ventura,111,848112,7581,6131,18,6149,55
2020-07-21,Yolo,113,214977,1581,1204,3,1207,34
2020-07-21,Yuba,115,75493,368,269,0,269,1
2020-07-20,Alameda,1,1643700,11619,9244,36,9280,162
2020-07-20,Alpine,3,1148,3,2,0,2,0
2020-07-20,Amador,5,37829,110,53,0,53,0
2020-07-20,Butte,7,227075,878,586,7,593,4
2020-07-20,Calaveras,9,45235,106,90,0,90,0
2020-07-20,Colusa,11,21464,287,217,0,217,0
2020-07-20,Contra Costa,13,1133247,8269,5823,23,5846,97
2020-07-20,Del Norte,15,27424,84,61,0,61,0
2020-07-20,El Dorado,17,186661,647,407,0,407,0
2020-07-20,Fresno,19,978130,18150,10891,135,11026,106
2020-07-20,Glenn,21,27897,324,225,0,225,1
2020-07-20,Humboldt,23,135768,229,194,1,195,4
2020-07-20,Imperial,25,180216,9861,7337,6,7343,124
2020-07-20,Inyo,27,18085,46,38,0,38,1
2020-07-20,Kern,29,883053,20761,10908,83,10991,118
2020-07-20,Kings,31,150075,3986,3093,24,3117,37
2020-07-20,Lake,33,64148,194,147,0,147,1
2020-07-20,Lassen,35,31185,561,474,2,476,0
2020-07-20,Los Angeles,37,10098052,178244,159202,358,159560,4108
2020-07-20,Madera,39,155013,2178,1433,1,1434,10
2020-07-20,Marin,41,260295,4841,4255,4,4259,21
2020-07-20,Mariposa,43,17540,53,36,0,36,1
2020-07-20,Mendocino,45,87422,221,153,0,153,0
2020-07-20,Merced,47,269075,4406,2584,1,2585,15
2020-07-20,Modoc,49,8938,3,0,0,0,0
2020-07-20,Mono,51,14174,118,78,0,78,1
2020-07-20,Monterey,53,433212,4320,3205,11,3216,19
2020-07-20,Napa,55,140530,939,632,0,632,5
2020-07-20,Nevada,57,99092,298,218,9,227,1
2020-07-20,Orange,59,3164182,38823,30337,589,30926,507
2020-07-20,Placer,61,380077,1851,1364,2,1366,11
2020-07-20,Plumas,63,18699,30,17,0,17,0
2020-07-20,Riverside,65,2383286,38877,31163,18,31181,581
2020-07-20,Sacramento,67,1510023,10230,7369,7,7376,99
2020-07-20,San Benito,69,59416,573,433,0,433,2
2020-07-20,San Bernardino,71,2135413,34415,24226,21,24247,338
2020-07-20,San Diego,73,3302833,28604,24137,0,24137,478
2020-07-20,San Francisco,75,870044,6305,5090,5,5095,53
2020-07-20,San Joaquin,77,732212,12058,8583,6,8589,97
2020-07-20,San Luis Obispo,79,281455,1715,1282,5,1287,6
2020-07-20,San Mateo,81,765935,5596,4609,4,4613,111
2020-07-20,Santa Barbara,83,443738,6392,5266,42,5308,29
2020-07-20,Santa Clara,85,1922200,10387,7711,15,7726,164
2020-07-20,Santa Cruz,87,273765,1047,758,9,767,3
2020-07-20,Shasta,89,179085,391,233,1,234,9
2020-07-20,Sierra,91,2930,1,1,0,1,0
2020-07-20,Siskiyou,93,43540,76,42,0,42,0
2020-07-20,Solano,95,438530,3659,2537,12,2549,26
2020-07-20,Sonoma,97,501317,2989,2148,5,2153,17
2020-07-20,Stanislaus,99,539301,9458,6835,11,6846,58
2020-07-20,Sutter,101,95872,633,507,0,507,2
2020-07-20,Tehama,103,63373,211,146,2,148,1
2020-07-20,Trinity,105,12862,8,2,4,6,0
2020-07-20,Tulare,107,460477,9270,6974,25,6999,166
2020-07-20,Tuolumne,109,53932,131,75,1,76,0
2020-07-20,Ventura,111,848112,7448,5912,18,5930,52
2020-07-20,Yolo,113,214977,1541,1155,3,1158,30
2020-07-20,Yuba,115,75493,348,258,0,258,1
2020-07-19,Alameda,1,1643700,11381,9227,30,9257,162
2020-07-19,Alpine,3,1148,3,2,0,2,0
2020-07-19,Amador,5,37829,103,51,0,51,0
2020-07-19,Butte,7,227075,853,555,7,562,4
2020-07-19,Calaveras,9,45235,104,89,0,89,0
2020-07-19,Colusa,11,21464,279,187,0,187,0
2020-07-19,Contra Costa,13,1133247,7978,5691,21,5712,95
2020-07-19,Del Norte,15,27424,83,61,0,61,0
2020-07-19,El Dorado,17,186661,629,385,0,385,0
2020-07-19,Fresno,19,978130,17629,10639,123,10762,106
2020-07-19,Glenn,21,27897,310,215,0,215,0
2020-07-19,Humboldt,23,135768,221,195,1,196,4
2020-07-19,Imperial,25,180216,9770,7280,6,7286,124
2020-07-19,Inyo,27,18085,42,38,0,38,1
2020-07-19,Kern,29,883053,20144,10094,76,10170,115
2020-07-19,Kings,31,150075,3900,3035,24,3059,37
2020-07-19,Lake,33,64148,189,144,0,144,1
2020-07-19,Lassen,35,31185,542,474,2,476,0
2020-07-19,Los Angeles,37,10098052,174802,156039,335,156374,4100
2020-07-19,Madera,39,155013,2101,1301,1,1302,10
2020-07-19,Marin,41,260295,4786,4172,4,4176,21
2020-07-19,Mariposa,43,17540,49,35,0,35,1
2020-07-19,Mendocino,45,87422,216,137,0,137,0
2020-07-19,Merced,47,269075,4199,2460,1,2461,15
2020-07-19,Modoc,49,8938,3,0,0,0,0
2020-07-19,Mono,51,14174,107,63,0,63,1
2020-07-19,Monterey,53,433212,4200,3079,11,3090,18
2020-07-19,Napa,55,140530,910,612,0,612,5
2020-07-19,Nevada,57,99092,292,210,9,219,1
2020-07-19,Orange,59,3164182,38260,29941,576,30517,505
2020-07-19,Placer,61,380077,1803,1246,2,1248,11
2020-07-19,Plumas,63,18699,30,17,0,17,0
2020-07-19,Riverside,65,2383286,38174,30340,18,30358,581
2020-07-19,Sacramento,67,1510023,9844,6985,7,6992,97
2020-07-19,San Benito,69,59416,557,412,0,412,2
2020-07-19,San Bernardino,71,2135413,33645,23928,21,23949,337
2020-07-19,San Diego,73,3302833,28104,23684,0,23684,478
2020-07-19,San Francisco,75,870044,6158,5094,5,5099,52
2020-07-19,San Joaquin,77,732212,11653,8308,6,8314,93
2020-07-19,San Luis Obispo,79,281455,1671,1262,4,1266,6
2020-07-19,San Mateo,81,765935,5489,4522,4,4526,110
2020-07-19,Santa Barbara,83,443738,6287,5145,39,5184,29
2020-07-19,Santa Clara,85,1922200,10143,7403,15,7418,164
2020-07-19,Santa Cruz,87,273765,1003,753,9,762,3
2020-07-19,Shasta,89,179085,378,218,1,219,9
2020-07-19,Sierra,91,2930,1,1,0,1,0
2020-07-19,Siskiyou,93,43540,74,42,0,42,0
2020-07-19,Solano,95,438530,3555,2551,12,2563,26
2020-07-19,Sonoma,97,501317,2888,2074,5,2079,17
2020-07-19,Stanislaus,99,539301,9162,6508,11,6519,58
2020-07-19,Sutter,101,95872,602,480,0,480,2
2020-07-19,Tehama,103,63373,207,138,2,140,1
2020-07-19,Trinity,105,12862,8,2,4,6,0
2020-07-19,Tulare,107,460477,9021,6856,25,6881,166
2020-07-19,Tuolumne,109,53932,126,75,1,76,0
2020-07-19,Ventura,111,848112,7258,5706,18,5724,52
2020-07-19,Yolo,113,214977,1501,1127,3,1130,30
2020-07-19,Yuba,115,75493,328,240,0,240,1
2020-07-18,Alameda,1,1643700,11245,9089,28,9117,162
2020-07-18,Alpine,3,1148,3,2,0,2,0
2020-07-18,Amador,5,37829,99,49,0,49,0
2020-07-18,Butte,7,227075,844,551,7,558,4
2020-07-18,Calaveras,9,45235,100,89,0,89,0
2020-07-18,Colusa,11,21464,274,182,0,182,0
2020-07-18,Contra Costa,13,1133247,7843,5617,21,5638,95
2020-07-18,Del Norte,15,27424,83,61,0,61,0
2020-07-18,El Dorado,17,186661,626,385,0,385,0
2020-07-18,Fresno,19,978130,17380,10381,121,10502,106
2020-07-18,Glenn,21,27897,304,212,0,212,0
2020-07-18,Humboldt,23,135768,218,189,1,190,4
2020-07-18,Imperial,25,180216,9739,7268,6,7274,124
2020-07-18,Inyo,27,18085,42,38,0,38,1
2020-07-18,Kern,29,883053,19841,9250,73,9323,114
2020-07-18,Kings,31,150075,3862,2996,23,3019,37
2020-07-18,Lake,33,64148,186,142,0,142,1
2020-07-18,Lassen,35,31185,541,474,2,476,0
2020-07-18,Los Angeles,37,10098052,173356,153265,320,153585,4088
2020-07-18,Madera,39,155013,2055,1260,1,1261,9
2020-07-18,Marin,41,260295,4757,4089,4,4093,21
2020-07-18,Mariposa,43,17540,49,35,0,35,1
2020-07-18,Mendocino,45,87422,209,137,0,137,0
2020-07-18,Merced,47,269075,4080,2424,1,2425,15
2020-07-18,Modoc,49,8938,3,0,0,0,0
2020-07-18,Mono,51,14174,105,54,0,54,1
2020-07-18,Monterey,53,433212,4133,3020,11,3031,17
2020-07-18,Napa,55,140530,899,609,0,609,5
2020-07-18,Nevada,57,99092,288,204,8,212,1
2020-07-18,Orange,59,3164182,37941,29603,554,30157,493
2020-07-18,Placer,61,380077,1779,1233,2,1235,11
2020-07-18,Plumas,63,18699,30,17,0,17,0
2020-07-18,Riverside,65,2383286,37822,30245,17,30262,581
2020-07-18,Sacramento,67,1510023,9601,6739,7,6746,95
2020-07-18,San Benito,69,59416,542,407,0,407,2
2020-07-18,San Bernardino,71,2135413,33186,23680,21,23701,336
2020-07-18,San Diego,73,3302833,27801,23116,0,23116,478
2020-07-18,San Francisco,75,870044,6056,5051,5,5056,52
2020-07-18,San Joaquin,77,732212,11441,8118,6,8124,93
2020-07-18,San Luis Obispo,79,281455,1638,1234,4,1238,6
2020-07-18,San Mateo,81,765935,5429,4488,4,4492,110
2020-07-18,Santa Barbara,83,443738,6227,5110,37,5147,29
2020-07-18,Santa Clara,85,1922200,9993,7255,14,7269,164
2020-07-18,Santa Cruz,87,273765,986,751,9,760,3
2020-07-18,Shasta,89,179085,369,216,1,217,9
2020-07-18,Sierra,91,2930,1,1,0,1,0
2020-07-18,Siskiyou,93,43540,70,42,0,42,0
2020-07-18,Solano,95,438530,3514,2503,12,2515,26
2020-07-18,Sonoma,97,501317,2837,2019,5,2024,15
2020-07-18,Stanislaus,99,539301,9027,6344,11,6355,58
2020-07-18,Sutter,101,95872,596,473,0,473,2
2020-07-18,Tehama,103,63373,202,136,2,138,1
2020-07-18,Trinity,105,12862,8,2,4,6,0
2020-07-18,Tulare,107,460477,8930,6810,24,6834,167
2020-07-18,Tuolumne,109,53932,123,75,1,76,0
2020-07-18,Ventura,111,848112,7176,5630,18,5648,52
2020-07-18,Yolo,113,214977,1473,1077,3,1080,30
2020-07-18,Yuba,115,75493,317,237,0,237,1
2020-07-17,Alameda,1,1643700,11105,8893,27,8920,160
2020-07-17,Alpine,3,1148,3,1,0,1,0
2020-07-17,Amador,5,37829,97,48,0,48,0
2020-07-17,Butte,7,227075,830,497,7,504,4
2020-07-17,Calaveras,9,45235,98,86,0,86,0
2020-07-17,Colusa,11,21464,272,146,0,146,0
2020-07-17,Contra Costa,13,1133247,7695,5483,21,5504,93
2020-07-17,Del Norte,15,27424,82,60,0,60,0
2020-07-17,El Dorado,17,186661,610,368,0,368,0
2020-07-17,Fresno,19,978130,17082,9954,121,10075,104
2020-07-17,Glenn,21,27897,297,203,0,203,0
2020-07-17,Humboldt,23,135768,217,185,1,186,4
2020-07-17,Imperial,25,180216,9717,7193,6,7199,120
2020-07-17,Inyo,27,18085,42,38,0,38,1
2020-07-17,Kern,29,883053,19521,8291,71,8362,113
2020-07-17,Kings,31,150075,3824,2978,23,3001,37
2020-07-17,Lake,33,64148,184,139,0,139,1
2020-07-17,Lassen,35,31185,522,391,2,393,0
2020-07-17,Los Angeles,37,10098052,170986,150481,307,150788,4052
2020-07-17,Madera,39,155013,2011,1214,1,1215,9
2020-07-17,Marin,41,260295,4720,3839,4,3843,21
2020-07-17,Mariposa,43,17540,47,35,0,35,1
2020-07-17,Mendocino,45,87422,201,126,0,126,0
2020-07-17,Merced,47,269075,4004,2328,1,2329,12
2020-07-17,Modoc,49,8938,2,0,0,0,0
2020-07-17,Mono,51,14174,100,54,0,54,1
2020-07-17,Monterey,53,433212,4004,2922,11,2933,18
2020-07-17,Napa,55,140530,885,598,0,598,5
2020-07-17,Nevada,57,99092,281,200,8,208,1
2020-07-17,Orange,59,3164182,37479,28962,520,29482,485
2020-07-17,Placer,61,380077,1751,1207,2,1209,11
2020-07-17,Plumas,63,18699,27,16,0,16,0
2020-07-17,Riverside,65,2383286,37223,29639,17,29656,580
2020-07-17,Sacramento,67,1510023,9356,6563,7,6570,95
2020-07-17,San Benito,69,59416,527,399,0,399,2
2020-07-17,San Bernardino,71,2135413,32668,23057,21,23078,322
2020-07-17,San Diego,73,3302833,27413,22491,0,22491,472
2020-07-17,San Francisco,75,870044,5962,4967,5,4972,52
2020-07-17,San Joaquin,77,732212,11196,7925,6,7931,86
2020-07-17,San Luis Obispo,79,281455,1602,1190,4,1194,6
2020-07-17,San Mateo,81,765935,5333,4407,4,4411,110
2020-07-17,Santa Barbara,83,443738,6154,5001,36,5037,29
2020-07-17,Santa Clara,85,1922200,9776,7080,14,7094,164
2020-07-17,Santa Cruz,87,273765,964,716,9,725,3
2020-07-17,Shasta,89,179085,357,213,1,214,8
2020-07-17,Sierra,91,2930,1,1,0,1,0
2020-07-17,Siskiyou,93,43540,69,40,0,40,0
2020-07-17,Solano,95,438530,3465,2452,12,2464,26
2020-07-17,Sonoma,97,501317,2789,1982,5,1987,15
2020-07-17,Stanislaus,99,539301,8853,6220,11,6231,56
2020-07-17,Sutter,101,95872,583,458,0,458,2
2020-07-17,Tehama,103,63373,198,128,2,130,1
2020-07-17,Trinity,105,12862,8,2,4,6,0
2020-07-17,Tulare,107,460477,8794,6671,24,6695,166
2020-07-17,Tuolumne,109,53932,122,73,1,74,0
2020-07-17,Ventura,111,848112,7093,5451,18,5469,51
2020-07-17,Yolo,113,214977,1449,1055,3,1058,30
2020-07-17,Yuba,115,75493,307,231,0,231,1
2020-07-16,Alameda,1,1643700,10871,8719,21,8740,153
2020-07-16,Alpine,3,1148,3,1,0,1,0
2020-07-16,Amador,5,37829,94,46,0,46,0
2020-07-16,Butte,7,227075,793,465,6,471,4
2020-07-16,Calaveras,9,45235,96,82,0,82,0
2020-07-16,Colusa,11,21464,263,140,0,140,0
2020-07-16,Contra Costa,13,1133247,7483,5338,15,5353,91
2020-07-16,Del Norte,15,27424,82,60,0,60,0
2020-07-16,El Dorado,17,186661,593,357,0,357,0
2020-07-16,Fresno,19,978130,16571,9481,112,9593,101
2020-07-16,Glenn,21,27897,288,190,0,190,0
2020-07-16,Humboldt,23,135768,215,184,1,185,4
2020-07-16,Imperial,25,180216,9622,7148,6,7154,113
2020-07-16,Inyo,27,18085,42,38,0,38,1
2020-07-16,Kern,29,883053,18999,7435,69,7504,112
2020-07-16,Kings,31,150075,3658,2937,23,2960,37
2020-07-16,Lake,33,64148,179,128,0,128,1
2020-07-16,Lassen,35,31185,521,355,2,357,0
2020-07-16,Los Angeles,37,10098052,167736,147759,283,148042,3994
2020-07-16,Madera,39,155013,1947,1192,1,1193,8
2020-07-16,Marin,41,260295,4648,3546,4,3550,21
2020-07-16,Mariposa,43,17540,45,34,0,34,1
2020-07-16,Mendocino,45,87422,196,121,0,121,0
2020-07-16,Merced,47,269075,3842,2228,1,2229,12
2020-07-16,Modoc,49,8938,1,0,0,0,0
2020-07-16,Mono,51,14174,97,53,0,53,1
2020-07-16,Monterey,53,433212,3899,2857,10,2867,18
2020-07-16,Napa,55,140530,856,581,0,581,5
2020-07-16,Nevada,57,99092,278,191,8,199,1
2020-07-16,Orange,59,3164182,36778,28525,482,29007,471
2020-07-16,Placer,61,380077,1701,1168,2,1170,11
2020-07-16,Plumas,63,18699,25,16,0,16,0
2020-07-16,Riverside,65,2383286,36478,28904,16,28920,577
2020-07-16,Sacramento,67,1510023,9041,6440,7,6447,91
2020-07-16,San Benito,69,59416,510,389,0,389,2
2020-07-16,San Bernardino,71,2135413,31811,22355,19,22374,321
2020-07-16,San Diego,73,3302833,26926,21857,0,21857,465
2020-07-16,San Francisco,75,870044,5821,4838,5,4843,52
2020-07-16,San Joaquin,77,732212,10833,7713,6,7719,82
2020-07-16,San Luis Obispo,79,281455,1558,1146,4,1150,6
2020-07-16,San Mateo,81,765935,5229,4336,4,4340,110
2020-07-16,Santa Barbara,83,443738,6058,4872,35,4907,28
2020-07-16,Santa Clara,85,1922200,9496,6990,12,7002,164
2020-07-16,Santa Cruz,87,273765,923,698,9,707,3
2020-07-16,Shasta,89,179085,342,208,1,209,7
2020-07-16,Sierra,91,2930,1,1,0,1,0
2020-07-16,Siskiyou,93,43540,66,39,0,39,0
2020-07-16,Solano,95,438530,3371,2372,12,2384,25
2020-07-16,Sonoma,97,501317,2698,1954,5,1959,14
2020-07-16,Stanislaus,99,539301,8571,6077,10,6087,56
2020-07-16,Sutter,101,95872,567,444,0,444,2
2020-07-16,Tehama,103,63373,188,126,2,128,1
2020-07-16,Trinity,105,12862,8,2,3,5,0
2020-07-16,Tulare,107,460477,8578,6467,23,6490,163
2020-07-16,Tuolumne,109,53932,117,71,1,72,0
2020-07-16,Ventura,111,848112,6931,5231,18,5249,50
2020-07-16,Yolo,113,214977,1407,1034,3,1037,29
2020-07-16,Yuba,115,75493,289,221,0,221,1
2020-07-15,Alameda,1,1643700,10669,8615,15,8630,153
2020-07-15,Alpine,3,1148,3,1,0,1,0
2020-07-15,Amador,5,37829,73,44,0,44,0
2020-07-15,Butte,7,227075,752,420,6,426,4
2020-07-15,Calaveras,9,45235,96,75,0,75,0
2020-07-15,Colusa,11,21464,258,135,0,135,0
2020-07-15,Contra Costa,13,1133247,7252,5246,15,5261,90
2020-07-15,Del Norte,15,27424,81,60,0,60,0
2020-07-15,El Dorado,17,186661,569,339,0,339,0
2020-07-15,Fresno,19,978130,16098,9124,105,9229,101
2020-07-15,Glenn,21,27897,279,184,0,184,0
2020-07-15,Humboldt,23,135768,213,181,1,182,4
2020-07-15,Imperial,25,180216,9555,7110,6,7116,110
2020-07-15,Inyo,27,18085,42,36,0,36,1
2020-07-15,Kern,29,883053,18379,7155,66,7221,108
2020-07-15,Kings,31,150075,3597,2906,23,2929,37
2020-07-15,Lake,33,64148,177,122,0,122,1
2020-07-15,Lassen,35,31185,517,319,2,321,0
2020-07-15,Los Angeles,37,10098052,164271,143343,268,143611,3946
2020-07-15,Madera,39,155013,1878,1147,1,1148,4
2020-07-15,Marin,41,260295,4593,3458,4,3462,21
2020-07-15,Mariposa,43,17540,45,34,0,34,1
2020-07-15,Mendocino,45,87422,193,119,0,119,0
2020-07-15,Merced,47,269075,3692,2156,1,2157,12
2020-07-15,Modoc,49,8938,1,0,0,0,0
2020-07-15,Mono,51,14174,95,52,0,52,1
2020-07-15,Monterey,53,433212,3788,2780,10,2790,18
2020-07-15,Napa,55,140530,830,573,0,573,5
2020-07-15,Nevada,57,99092,274,185,6,191,1
2020-07-15,Orange,59,3164182,35975,27718,447,28165,454
2020-07-15,Placer,61,380077,1645,1145,2,1147,11
2020-07-15,Plumas,63,18699,25,16,0,16,0
2020-07-15,Riverside,65,2383286,35699,28492,14,28506,568
2020-07-15,Sacramento,67,1510023,8664,6217,7,6224,91
2020-07-15,San Benito,69,59416,501,388,0,388,2
2020-07-15,San Bernardino,71,2135413,31025,21508,19,21527,317
2020-07-15,San Diego,73,3302833,26459,21448,0,21448,448
2020-07-15,San Francisco,75,870044,5707,4757,5,4762,50
2020-07-15,San Joaquin,77,732212,10400,7381,5,7386,75
2020-07-15,San Luis Obispo,79,281455,1515,1097,4,1101,6
2020-07-15,San Mateo,81,765935,5116,4258,4,4262,109
2020-07-15,Santa Barbara,83,443738,5942,4733,35,4768,28
2020-07-15,Santa Clara,85,1922200,9193,6900,12,6912,164
2020-07-15,Santa Cruz,87,273765,887,660,8,668,3
2020-07-15,Shasta,89,179085,333,193,1,194,7
2020-07-15,Sierra,91,2930,1,1,0,1,0
2020-07-15,Siskiyou,93,43540,65,38,0,38,0
2020-07-15,Solano,95,438530,3277,2343,12,2355,25
2020-07-15,Sonoma,97,501317,2601,1920,5,1925,14
2020-07-15,Stanislaus,99,539301,8274,5777,10,5787,56
2020-07-15,Sutter,101,95872,541,433,0,433,2
2020-07-15,Tehama,103,63373,180,126,2,128,1
2020-07-15,Trinity,105,12862,7,2,3,5,0
2020-07-15,Tulare,107,460477,8365,6320,22,6342,156
2020-07-15,Tuolumne,109,53932,110,68,1,69,0
2020-07-15,Ventura,111,848112,6754,5087,18,5105,50
2020-07-15,Yolo,113,214977,1374,1002,3,1005,27
2020-07-15,Yuba,115,75493,277,221,0,221,1
2020-07-14,Alameda,1,1643700,10328,8388,9,8397,151
2020-07-14,Alpine,3,1148,3,1,0,1,0
2020-07-14,Amador,5,37829,69,44,0,44,0
2020-07-14,Butte,7,227075,706,382,6,388,4
2020-07-14,Calaveras,9,45235,94,74,0,74,0
2020-07-14,Colusa,11,21464,248,128,0,128,0
2020-07-14,Contra Costa,13,1133247,7016,5110,13,5123,90
2020-07-14,Del Norte,15,27424,80,60,0,60,0
2020-07-14,El Dorado,17,186661,554,324,0,324,0
2020-07-14,Fresno,19,978130,15678,8941,101,9042,98
2020-07-14,Glenn,21,27897,269,177,0,177,0
2020-07-14,Humboldt,23,135768,210,175,1,176,4
2020-07-14,Imperial,25,180216,9428,7095,6,7101,109
2020-07-14,Inyo,27,18085,42,35,0,35,1
2020-07-14,Kern,29,883053,17620,6979,54,7033,107
2020-07-14,Kings,31,150075,3530,2867,22,2889,37
2020-07-14,Lake,33,64148,171,120,0,120,1
2020-07-14,Lassen,35,31185,500,263,2,265,0
2020-07-14,Los Angeles,37,10098052,161135,140632,237,140869,3900
2020-07-14,Madera,39,155013,1804,1118,1,1119,4
2020-07-14,Marin,41,260295,4479,3451,4,3455,21
2020-07-14,Mariposa,43,17540,41,32,0,32,1
2020-07-14,Mendocino,45,87422,185,110,0,110,0
2020-07-14,Merced,47,269075,3513,2084,1,2085,12
2020-07-14,Modoc,49,8938,1,0,0,0,0
2020-07-14,Mono,51,14174,85,48,0,48,1
2020-07-14,Monterey,53,433212,3674,2724,10,2734,18
2020-07-14,Napa,55,140530,774,557,0,557,4
2020-07-14,Nevada,57,99092,257,180,5,185,1
2020-07-14,Orange,59,3164182,35094,26915,400,27315,432
2020-07-14,Placer,61,380077,1588,1122,2,1124,11
2020-07-14,Plumas,63,18699,24,14,0,14,0
2020-07-14,Riverside,65,2383286,34944,27850,13,27863,547
2020-07-14,Sacramento,67,1510023,8311,5978,7,5985,87
2020-07-14,San Benito,69,59416,482,360,0,360,2
2020-07-14,San Bernardino,71,2135413,30176,20489,19,20508,316
2020-07-14,San Diego,73,3302833,25840,20887,0,20887,436
2020-07-14,San Francisco,75,870044,5557,4659,4,4663,50
2020-07-14,San Joaquin,77,732212,9973,7143,5,7148,75
2020-07-14,San Luis Obispo,79,281455,1477,1060,4,1064,5
2020-07-14,San Mateo,81,765935,5023,4173,4,4177,108
2020-07-14,Santa Barbara,83,443738,5818,4641,33,4674,28
2020-07-14,Santa Clara,85,1922200,8866,6686,9,6695,164
2020-07-14,Santa Cruz,87,273765,848,639,8,647,3
2020-07-14,Shasta,89,179085,324,190,1,191,7
2020-07-14,Sierra,91,2930,1,1,0,1,0
2020-07-14,Siskiyou,93,43540,64,38,0,38,0
2020-07-14,Solano,95,438530,3177,2266,10,2276,25
2020-07-14,Sonoma,97,501317,2509,1866,5,1871,14
2020-07-14,Stanislaus,99,539301,7900,5631,9,5640,53
2020-07-14,Sutter,101,95872,522,405,0,405,2
2020-07-14,Tehama,103,63373,168,123,2,125,1
2020-07-14,Trinity,105,12862,7,2,3,5,0
2020-07-14,Tulare,107,460477,8119,6199,22,6221,156
2020-07-14,Tuolumne,109,53932,105,68,1,69,0
2020-07-14,Ventura,111,848112,6593,4950,18,4968,50
2020-07-14,Yolo,113,214977,1326,966,3,969,27
2020-07-14,Yuba,115,75493,260,210,0,210,1
2020-07-13,Alameda,1,1643700,10020,8115,9,8124,148
2020-07-13,Alpine,3,1148,3,1,0,1,0
2020-07-13,Amador,5,37829,65,42,0,42,0
2020-07-13,Butte,7,227075,671,354,6,360,4
2020-07-13,Calaveras,9,45235,86,63,0,63,0
2020-07-13,Colusa,11,21464,242,116,0,116,0
2020-07-13,Contra Costa,13,1133247,6742,4882,11,4893,88
2020-07-13,Del Norte,15,27424,74,59,0,59,0
2020-07-13,El Dorado,17,186661,523,298,0,298,0
2020-07-13,Fresno,19,978130,15251,8666,97,8763,95
2020-07-13,Glenn,21,27897,262,168,0,168,0
2020-07-13,Humboldt,23,135768,205,174,1,175,4
2020-07-13,Imperial,25,180216,9343,7052,6,7058,109
2020-07-13,Inyo,27,18085,41,35,0,35,1
2020-07-13,Kern,29,883053,16935,6808,50,6858,107
2020-07-13,Kings,31,150075,3479,2824,22,2846,37
2020-07-13,Lake,33,64148,166,118,0,118,1
2020-07-13,Lassen,35,31185,495,237,2,239,0
2020-07-13,Los Angeles,37,10098052,157897,136368,223,136591,3829
2020-07-13,Madera,39,155013,1735,1059,1,1060,4
2020-07-13,Marin,41,260295,4376,3402,4,3406,21
2020-07-13,Mariposa,43,17540,40,31,0,31,1
2020-07-13,Mendocino,45,87422,181,87,0,87,0
2020-07-13,Merced,47,269075,3364,2007,1,2008,12
2020-07-13,Modoc,49,8938,1,0,0,0,0
2020-07-13,Mono,51,14174,81,47,0,47,1
2020-07-13,Monterey,53,433212,3551,2613,7,2620,18
2020-07-13,Napa,55,140530,738,534,0,534,4
2020-07-13,Nevada,57,99092,243,172,5,177,1
2020-07-13,Orange,59,3164182,34231,25978,369,26347,423
2020-07-13,Placer,61,380077,1541,1096,2,1098,11
2020-07-13,Plumas,63,18699,22,14,0,14,0
2020-07-13,Riverside,65,2383286,34018,27136,11,27147,545
2020-07-13,Sacramento,67,1510023,8016,5747,7,5754,85
2020-07-13,San Benito,69,59416,469,343,0,343,2
2020-07-13,San Bernardino,71,2135413,29300,19610,16,19626,313
2020-07-13,San Diego,73,3302833,25273,20348,0,20348,422
2020-07-13,San Francisco,75,870044,5429,4534,3,4537,50
2020-07-13,San Joaquin,77,732212,9556,6927,5,6932,71
2020-07-13,San Luis Obispo,79,281455,1446,989,4,993,5
2020-07-13,San Mateo,81,765935,4892,4057,4,4061,108
2020-07-13,Santa Barbara,83,443738,5704,4441,32,4473,28
2020-07-13,Santa Clara,85,1922200,8543,6488,8,6496,164
2020-07-13,Santa Cruz,87,273765,810,574,8,582,3
2020-07-13,Shasta,89,179085,313,185,1,186,6
2020-07-13,Sierra,91,2930,1,1,0,1,0
2020-07-13,Siskiyou,93,43540,60,37,0,37,0
2020-07-13,Solano,95,438530,3065,2046,10,2056,23
2020-07-13,Sonoma,97,501317,2398,1818,5,1823,14
2020-07-13,Stanislaus,99,539301,7597,5324,7,5331,53
2020-07-13,Sutter,101,95872,484,379,0,379,2
2020-07-13,Tehama,103,63373,155,112,2,114,1
2020-07-13,Trinity,105,12862,7,2,3,5,0
2020-07-13,Tulare,107,460477,7858,5930,20,5950,147
2020-07-13,Tuolumne,109,53932,97,56,1,57,0
2020-07-13,Ventura,111,848112,6403,4800,15,4815,50
2020-07-13,Yolo,113,214977,1281,941,3,944,27
2020-07-13,Yuba,115,75493,245,194,0,194,1
2020-07-12,Alameda,1,1643700,9749,8056,9,8065,148
2020-07-12,Alpine,3,1148,3,1,0,1,0
2020-07-12,Amador,5,37829,55,40,0,40,0
2020-07-12,Butte,7,227075,621,341,6,347,4
2020-07-12,Calaveras,9,45235,86,62,0,62,0
2020-07-12,Colusa,11,21464,208,116,0,116,0
2020-07-12,Contra Costa,13,1133247,6470,4708,9,4717,88
2020-07-12,Del Norte,15,27424,63,59,0,59,0
2020-07-12,El Dorado,17,186661,501,290,0,290,0
2020-07-12,Fresno,19,978130,14826,8407,94,8501,95
2020-07-12,Glenn,21,27897,249,166,0,166,0
2020-07-12,Humboldt,23,135768,201,174,1,175,4
2020-07-12,Imperial,25,180216,9223,6999,6,7005,109
2020-07-12,Inyo,27,18085,39,35,0,35,1
2020-07-12,Kern,29,883053,16192,6662,47,6709,105
2020-07-12,Kings,31,150075,3417,2779,22,2801,34
2020-07-12,Lake,33,64148,157,114,0,114,1
2020-07-12,Lassen,35,31185,488,237,2,239,0
2020-07-12,Los Angeles,37,10098052,154475,133830,194,134024,3816
2020-07-12,Madera,39,155013,1680,1025,1,1026,4
2020-07-12,Marin,41,260295,4299,3358,4,3362,21
2020-07-12,Mariposa,43,17540,39,31,0,31,1
2020-07-12,Mendocino,45,87422,162,88,0,88,0
2020-07-12,Merced,47,269075,3234,1908,1,1909,12
2020-07-12,Modoc,49,8938,1,0,0,0,0
2020-07-12,Mono,51,14174,71,45,0,45,1
2020-07-12,Monterey,53,433212,3436,2521,7,2528,18
2020-07-12,Napa,55,140530,706,519,0,519,4
2020-07-12,Nevada,57,99092,233,166,5,171,1
2020-07-12,Orange,59,3164182,33357,25399,360,25759,422
2020-07-12,Placer,61,380077,1484,1058,2,1060,11
2020-07-12,Plumas,63,18699,21,14,0,14,0
2020-07-12,Riverside,65,2383286,33260,26404,11,26415,542
2020-07-12,Sacramento,67,1510023,7707,5515,6,5521,85
2020-07-12,San Benito,69,59416,454,324,0,324,2
2020-07-12,San Bernardino,71,2135413,28390,19042,11,19053,312
2020-07-12,San Diego,73,3302833,24646,19929,0,19929,422
2020-07-12,San Francisco,75,870044,5280,4535,3,4538,50
2020-07-12,San Joaquin,77,732212,9194,6703,5,6708,71
2020-07-12,San Luis Obispo,79,281455,1399,972,4,976,5
2020-07-12,San Mateo,81,765935,4774,3988,4,3992,108
2020-07-12,Santa Barbara,83,443738,5574,4353,31,4384,28
2020-07-12,Santa Clara,85,1922200,8305,6252,8,6260,164
2020-07-12,Santa Cruz,87,273765,768,573,6,579,3
2020-07-12,Shasta,89,179085,307,173,1,174,6
2020-07-12,Sierra,91,2930,1,1,0,1,0
2020-07-12,Siskiyou,93,43540,58,36,0,36,0
2020-07-12,Solano,95,438530,2940,2037,10,2047,23
2020-07-12,Sonoma,97,501317,2303,1743,5,1748,13
2020-07-12,Stanislaus,99,539301,7293,5177,7,5184,53
2020-07-12,Sutter,101,95872,466,362,0,362,2
2020-07-12,Tehama,103,63373,148,111,2,113,1
2020-07-12,Trinity,105,12862,7,2,3,5,0
2020-07-12,Tulare,107,460477,7603,5864,19,5883,146
2020-07-12,Tuolumne,109,53932,89,52,1,53,0
2020-07-12,Ventura,111,848112,6187,4724,14,4738,50
2020-07-12,Yolo,113,214977,1240,889,3,892,27
2020-07-12,Yuba,115,75493,234,188,0,188,1
2020-07-11,Alameda,1,1643700,9647,7845,9,7854,148
2020-07-11,Alpine,3,1148,3,1,0,1,0
2020-07-11,Amador,5,37829,51,37,0,37,0
2020-07-11,Butte,7,227075,605,325,6,331,4
2020-07-11,Calaveras,9,45235,83,62,0,62,0
2020-07-11,Colusa,11,21464,203,110,0,110,0
2020-07-11,Contra Costa,13,1133247,6353,4650,9,4659,87
2020-07-11,Del Norte,15,27424,63,59,0,59,0
2020-07-11,El Dorado,17,186661,490,283,0,283,0
2020-07-11,Fresno,19,978130,14566,8086,92,8178,95
2020-07-11,Glenn,21,27897,241,161,0,161,0
2020-07-11,Humboldt,23,135768,200,174,1,175,4
2020-07-11,Imperial,25,180216,9184,6884,6,6890,109
2020-07-11,Inyo,27,18085,39,35,0,35,1
2020-07-11,Kern,29,883053,15836,6509,46,6555,103
2020-07-11,Kings,31,150075,3390,2753,22,2775,33
2020-07-11,Lake,33,64148,156,110,0,110,1
2020-07-11,Lassen,35,31185,487,237,2,239,0
2020-07-11,Los Angeles,37,10098052,152757,130479,184,130663,3802
2020-07-11,Madera,39,155013,1639,988,1,989,4
2020-07-11,Marin,41,260295,4271,3191,4,3195,21
2020-07-11,Mariposa,43,17540,39,31,0,31,1
2020-07-11,Mendocino,45,87422,158,88,0,88,0
2020-07-11,Merced,47,269075,3153,1851,1,1852,12
2020-07-11,Modoc,49,8938,1,0,0,0,0
2020-07-11,Mono,51,14174,68,45,0,45,1
2020-07-11,Monterey,53,433212,3347,2376,6,2382,18
2020-07-11,Napa,55,140530,694,509,0,509,4
2020-07-11,Nevada,57,99092,224,163,4,167,1
2020-07-11,Orange,59,3164182,32980,24430,346,24776,422
2020-07-11,Placer,61,380077,1449,1029,2,1031,11
2020-07-11,Plumas,63,18699,21,12,0,12,0
2020-07-11,Riverside,65,2383286,32868,25994,11,26005,538
2020-07-11,Sacramento,67,1510023,7533,5367,6,5373,84
2020-07-11,San Benito,69,59416,439,314,0,314,2
2020-07-11,San Bernardino,71,2135413,27953,18907,11,18918,310
2020-07-11,San Diego,73,3302833,24261,19371,0,19371,422
2020-07-11,San Francisco,75,870044,5184,4430,2,4432,50
2020-07-11,San Joaquin,77,732212,9016,6518,5,6523,72
2020-07-11,San Luis Obispo,79,281455,1351,930,4,934,4
2020-07-11,San Mateo,81,765935,4706,3956,4,3960,108
2020-07-11,Santa Barbara,83,443738,5505,4283,30,4313,28
2020-07-11,Santa Clara,85,1922200,8145,5959,8,5967,164
2020-07-11,Santa Cruz,87,273765,737,571,6,577,3
2020-07-11,Shasta,89,179085,300,168,1,169,6
2020-07-11,Sierra,91,2930,1,1,0,1,0
2020-07-11,Siskiyou,93,43540,58,36,0,36,0
2020-07-11,Solano,95,438530,2899,2034,10,2044,23
2020-07-11,Sonoma,97,501317,2266,1690,5,1695,13
2020-07-11,Stanislaus,99,539301,7152,4911,7,4918,51
2020-07-11,Sutter,101,95872,450,352,0,352,2
2020-07-11,Tehama,103,63373,146,111,2,113,1
2020-07-11,Trinity,105,12862,7,2,3,5,0
2020-07-11,Tulare,107,460477,7497,5780,19,5799,149
2020-07-11,Tuolumne,109,53932,87,50,1,51,0
2020-07-11,Ventura,111,848112,6091,4545,13,4558,49
2020-07-11,Yolo,113,214977,1210,833,3,836,27
2020-07-11,Yuba,115,75493,224,175,0,175,1
2020-07-10,Alameda,1,1643700,9490,7551,9,7560,147
2020-07-10,Alpine,3,1148,3,1,0,1,0
2020-07-10,Amador,5,37829,47,37,0,37,0
2020-07-10,Butte,7,227075,594,318,6,324,4
2020-07-10,Calaveras,9,45235,83,61,0,61,0
2020-07-10,Colusa,11,21464,197,103,0,103,0
2020-07-10,Contra Costa,13,1133247,6210,4482,9,4491,86
2020-07-10,Del Norte,15,27424,63,57,0,57,0
2020-07-10,El Dorado,17,186661,472,266,0,266,0
2020-07-10,Fresno,19,978130,14234,7760,89,7849,93
2020-07-10,Glenn,21,27897,236,157,0,157,0
2020-07-10,Humboldt,23,135768,199,168,1,169,4
2020-07-10,Imperial,25,180216,9139,6878,6,6884,98
2020-07-10,Inyo,27,18085,39,35,0,35,1
2020-07-10,Kern,29,883053,15403,6344,45,6389,102
2020-07-10,Kings,31,150075,3355,2707,22,2729,33
2020-07-10,Lake,33,64148,149,104,0,104,1
2020-07-10,Lassen,35,31185,486,235,2,237,0
2020-07-10,Los Angeles,37,10098052,150339,127503,178,127681,3750
2020-07-10,Madera,39,155013,1593,914,1,915,4
2020-07-10,Marin,41,260295,4208,3101,4,3105,21
2020-07-10,Mariposa,43,17540,38,31,0,31,1
2020-07-10,Mendocino,45,87422,150,88,0,88,0
2020-07-10,Merced,47,269075,3074,1802,1,1803,12
2020-07-10,Modoc,49,8938,1,0,0,0,0
2020-07-10,Mono,51,14174,67,45,0,45,1
2020-07-10,Monterey,53,433212,3268,2285,6,2291,18
2020-07-10,Napa,55,140530,683,496,0,496,4
2020-07-10,Nevada,57,99092,219,161,4,165,1
2020-07-10,Orange,59,3164182,32393,23692,342,24034,416
2020-07-10,Placer,61,380077,1408,1002,2,1004,11
2020-07-10,Plumas,63,18699,19,12,0,12,0
2020-07-10,Riverside,65,2383286,32350,25481,11,25492,533
2020-07-10,Sacramento,67,1510023,7276,5181,6,5187,81
2020-07-10,San Benito,69,59416,430,302,0,302,2
2020-07-10,San Bernardino,71,2135413,27427,18242,11,18253,308
2020-07-10,San Diego,73,3302833,23880,18862,0,18862,420
2020-07-10,San Francisco,75,870044,5093,4305,2,4307,50
2020-07-10,San Joaquin,77,732212,8783,6225,5,6230,67
2020-07-10,San Luis Obispo,79,281455,1313,891,4,895,4
2020-07-10,San Mateo,81,765935,4641,3844,4,3848,107
2020-07-10,Santa Barbara,83,443738,5408,4177,29,4206,28
2020-07-10,Santa Clara,85,1922200,7921,5819,8,5827,164
2020-07-10,Santa Cruz,87,273765,710,540,6,546,3
2020-07-10,Shasta,89,179085,296,158,1,159,6
2020-07-10,Sierra,91,2930,1,1,0,1,0
2020-07-10,Siskiyou,93,43540,58,31,0,31,0
2020-07-10,Solano,95,438530,2852,1950,10,1960,23
2020-07-10,Sonoma,97,501317,2219,1606,4,1610,13
2020-07-10,Stanislaus,99,539301,6982,4781,7,4788,46
2020-07-10,Sutter,101,95872,443,338,0,338,2
2020-07-10,Tehama,103,63373,145,107,2,109,1
2020-07-10,Trinity,105,12862,7,2,3,5,0
2020-07-10,Tulare,107,460477,7360,5677,19,5696,150
2020-07-10,Tuolumne,109,53932,86,49,1,50,0
2020-07-10,Ventura,111,848112,5979,4416,13,4429,48
2020-07-10,Yolo,113,214977,1186,794,3,797,27
2020-07-10,Yuba,115,75493,210,164,0,164,1
2020-07-09,Alameda,1,1643700,9254,7433,9,7442,146
2020-07-09,Alpine,3,1148,3,1,0,1,0
2020-07-09,Amador,5,37829,44,36,0,36,0
2020-07-09,Butte,7,227075,563,295,6,301,4
2020-07-09,Calaveras,9,45235,82,59,0,59,0
2020-07-09,Colusa,11,21464,189,97,0,97,0
2020-07-09,Contra Costa,13,1133247,5966,4388,9,4397,86
2020-07-09,Del Norte,15,27424,63,57,0,57,0
2020-07-09,El Dorado,17,186661,448,255,0,255,0
2020-07-09,Fresno,19,978130,13778,7385,87,7472,90
2020-07-09,Glenn,21,27897,226,150,0,150,0
2020-07-09,Humboldt,23,135768,196,166,1,167,4
2020-07-09,Imperial,25,180216,9043,6778,6,6784,87
2020-07-09,Inyo,27,18085,37,35,0,35,1
2020-07-09,Kern,29,883053,14758,6100,43,6143,95
2020-07-09,Kings,31,150075,3292,2686,21,2707,33
2020-07-09,Lake,33,64148,146,99,0,99,1
2020-07-09,Lassen,35,31185,430,221,2,223,0
2020-07-09,Los Angeles,37,10098052,147073,125062,151,125213,3698
2020-07-09,Madera,39,155013,1516,850,1,851,4
2020-07-09,Marin,41,260295,4056,2975,4,2979,20
2020-07-09,Mariposa,43,17540,38,32,0,32,1
2020-07-09,Mendocino,45,87422,146,88,0,88,0
2020-07-09,Merced,47,269075,2941,1728,1,1729,11
2020-07-09,Modoc,49,8938,1,0,0,0,0
2020-07-09,Mono,51,14174,63,45,0,45,1
2020-07-09,Monterey,53,433212,3143,2223,6,2229,17
2020-07-09,Napa,55,140530,666,468,0,468,4
2020-07-09,Nevada,57,99092,213,156,4,160,1
2020-07-09,Orange,59,3164182,31424,22960,324,23284,407
2020-07-09,Placer,61,380077,1363,982,2,984,11
2020-07-09,Plumas,63,18699,19,12,0,12,0
2020-07-09,Riverside,65,2383286,31456,24980,11,24991,529
2020-07-09,Sacramento,67,1510023,6951,4950,6,4956,81
2020-07-09,San Benito,69,59416,414,295,0,295,2
2020-07-09,San Bernardino,71,2135413,26556,17339,10,17349,307
2020-07-09,San Diego,73,3302833,23288,18404,0,18404,415
2020-07-09,San Francisco,75,870044,4961,4143,2,4145,50
2020-07-09,San Joaquin,77,732212,8424,6004,5,6009,66
2020-07-09,San Luis Obispo,79,281455,1274,869,4,873,3
2020-07-09,San Mateo,81,765935,4514,3792,4,3796,106
2020-07-09,Santa Barbara,83,443738,5275,4068,29,4097,28
2020-07-09,Santa Clara,85,1922200,7664,5638,8,5646,164
2020-07-09,Santa Cruz,87,273765,683,526,6,532,3
2020-07-09,Shasta,89,179085,290,155,1,156,5
2020-07-09,Sierra,91,2930,1,1,0,1,0
2020-07-09,Siskiyou,93,43540,54,31,0,31,0
2020-07-09,Solano,95,438530,2754,1892,10,1902,23
2020-07-09,Sonoma,97,501317,2133,1584,4,1588,13
2020-07-09,Stanislaus,99,539301,6666,4633,6,4639,46
2020-07-09,Sutter,101,95872,426,321,0,321,2
2020-07-09,Tehama,103,63373,140,102,2,104,1
2020-07-09,Trinity,105,12862,7,2,3,5,0
2020-07-09,Tulare,107,460477,7143,5501,17,5518,146
2020-07-09,Tuolumne,109,53932,85,47,1,48,0
2020-07-09,Ventura,111,848112,5811,4278,13,4291,47
2020-07-09,Yolo,113,214977,1139,764,3,767,27
2020-07-09,Yuba,115,75493,193,152,0,152,1
2020-07-08,Alameda,1,1643700,8961,7335,9,7344,142
2020-07-08,Alpine,3,1148,3,1,0,1,0
2020-07-08,Amador,5,37829,41,35,0,35,0
2020-07-08,Butte,7,227075,526,281,6,287,3
2020-07-08,Calaveras,9,45235,76,58,0,58,0
2020-07-08,Colusa,11,21464,176,90,0,90,0
2020-07-08,Contra Costa,13,1133247,5720,4268,7,4275,84
2020-07-08,Del Norte,15,27424,61,57,0,57,0
2020-07-08,El Dorado,17,186661,427,248,0,248,0
2020-07-08,Fresno,19,978130,13363,7102,81,7183,86
2020-07-08,Glenn,21,27897,215,146,0,146,0
2020-07-08,Humboldt,23,135768,193,162,1,163,4
2020-07-08,Imperial,25,180216,8955,6727,6,6733,76
2020-07-08,Inyo,27,18085,37,35,0,35,1
2020-07-08,Kern,29,883053,14180,5873,42,5915,91
2020-07-08,Kings,31,150075,3232,2629,19,2648,33
2020-07-08,Lake,33,64148,139,97,0,97,1
2020-07-08,Lassen,35,31185,334,221,2,223,0
2020-07-08,Los Angeles,37,10098052,143861,123462,122,123584,3650
2020-07-08,Madera,39,155013,1446,828,1,829,4
2020-07-08,Marin,41,260295,3957,2756,4,2760,17
2020-07-08,Mariposa,43,17540,38,31,0,31,1
2020-07-08,Mendocino,45,87422,133,84,0,84,0
2020-07-08,Merced,47,269075,2822,1578,1,1579,11
2020-07-08,Modoc,49,8938,1,0,0,0,0
2020-07-08,Mono,51,14174,60,45,0,45,1
2020-07-08,Monterey,53,433212,3025,2182,5,2187,17
2020-07-08,Napa,55,140530,643,468,0,468,4
2020-07-08,Nevada,57,99092,204,156,4,160,1
2020-07-08,Orange,59,3164182,30472,22088,319,22407,378
2020-07-08,Placer,61,380077,1318,948,2,950,11
2020-07-08,Plumas,63,18699,19,12,0,12,0
2020-07-08,Riverside,65,2383286,30492,24042,10,24052,508
2020-07-08,Sacramento,67,1510023,6662,4799,6,4805,80
2020-07-08,San Benito,69,59416,398,282,0,282,2
2020-07-08,San Bernardino,71,2135413,25706,16510,9,16519,296
2020-07-08,San Diego,73,3302833,22721,17844,0,17844,406
2020-07-08,San Francisco,75,870044,4872,4093,2,4095,50
2020-07-08,San Joaquin,77,732212,8082,5759,5,5764,61
2020-07-08,San Luis Obispo,79,281455,1223,825,4,829,2
2020-07-08,San Mateo,81,765935,4393,3733,4,3737,106
2020-07-08,Santa Barbara,83,443738,5156,3985,29,4014,28
2020-07-08,Santa Clara,85,1922200,7431,5510,8,5518,164
2020-07-08,Santa Cruz,87,273765,650,509,5,514,3
2020-07-08,Shasta,89,179085,281,148,1,149,6
2020-07-08,Sierra,91,2930,1,1,0,1,0
2020-07-08,Siskiyou,93,43540,54,31,0,31,0
2020-07-08,Solano,95,438530,2638,1821,10,1831,23
2020-07-08,Sonoma,97,501317,2059,1495,4,1499,9
2020-07-08,Stanislaus,99,539301,6366,4344,6,4350,46
2020-07-08,Sutter,101,95872,401,298,0,298,2
2020-07-08,Tehama,103,63373,134,100,2,102,1
2020-07-08,Trinity,105,12862,6,2,3,5,0
2020-07-08,Tulare,107,460477,6951,5307,12,5319,138
2020-07-08,Tuolumne,109,53932,81,42,1,43,0
2020-07-08,Ventura,111,848112,5646,4139,13,4152,47
2020-07-08,Yolo,113,214977,1096,727,3,730,26
2020-07-08,Yuba,115,75493,180,145,0,145,1
2020-07-07,Alameda,1,1643700,8642,7097,9,7106,141
2020-07-07,Alpine,3,1148,3,1,0,1,0
2020-07-07,Amador,5,37829,41,33,0,33,0
2020-07-07,Butte,7,227075,482,269,6,275,3
2020-07-07,Calaveras,9,45235,74,58,0,58,0
2020-07-07,Colusa,11,21464,143,84,0,84,0
2020-07-07,Contra Costa,13,1133247,5482,4131,6,4137,84
2020-07-07,Del Norte,15,27424,61,57,0,57,0
2020-07-07,El Dorado,17,186661,407,244,0,244,0
2020-07-07,Fresno,19,978130,12910,6738,81,6819,84
2020-07-07,Glenn,21,27897,206,145,0,145,0
2020-07-07,Humboldt,23,135768,190,150,1,151,4
2020-07-07,Imperial,25,180216,8856,6678,6,6684,51
2020-07-07,Inyo,27,18085,36,32,0,32,1
2020-07-07,Kern,29,883053,13481,5645,38,5683,88
2020-07-07,Kings,31,150075,3171,2623,15,2638,33
2020-07-07,Lake,33,64148,129,94,0,94,1
2020-07-07,Lassen,35,31185,263,219,2,221,0
2020-07-07,Los Angeles,37,10098052,140293,121026,114,121140,3588
2020-07-07,Madera,39,155013,1402,794,1,795,4
2020-07-07,Marin,41,260295,3868,2627,4,2631,17
2020-07-07,Mariposa,43,17540,38,31,0,31,1
2020-07-07,Mendocino,45,87422,125,82,0,82,0
2020-07-07,Merced,47,269075,2648,1531,1,1532,10
2020-07-07,Modoc,49,8938,1,0,0,0,0
2020-07-07,Mono,51,14174,59,42,0,42,1
2020-07-07,Monterey,53,433212,2882,2166,5,2171,17
2020-07-07,Napa,55,140530,624,459,0,459,4
2020-07-07,Nevada,57,99092,198,150,4,154,1
2020-07-07,Orange,59,3164182,29461,21741,305,22046,373
2020-07-07,Placer,61,380077,1277,930,2,932,11
2020-07-07,Plumas,63,18699,17,12,0,12,0
2020-07-07,Riverside,65,2383286,29478,23279,10,23289,499
2020-07-07,Sacramento,67,1510023,6320,4592,6,4598,76
2020-07-07,San Benito,69,59416,380,274,0,274,2
2020-07-07,San Bernardino,71,2135413,24838,16004,8,16012,277
2020-07-07,San Diego,73,3302833,22007,17580,0,17580,399
2020-07-07,San Francisco,75,870044,4780,4045,1,4046,50
2020-07-07,San Joaquin,77,732212,7741,5547,5,5552,59
2020-07-07,San Luis Obispo,79,281455,1162,795,4,799,2
2020-07-07,San Mateo,81,765935,4278,3691,4,3695,106
2020-07-07,Santa Barbara,83,443738,5028,3866,28,3894,27
2020-07-07,Santa Clara,85,1922200,7161,5438,8,5446,164
2020-07-07,Santa Cruz,87,273765,616,502,4,506,2
2020-07-07,Shasta,89,179085,268,144,1,145,6
2020-07-07,Sierra,91,2930,1,1,0,1,0
2020-07-07,Siskiyou,93,43540,53,30,0,30,0
2020-07-07,Solano,95,438530,2527,1776,9,1785,22
2020-07-07,Sonoma,97,501317,1988,1473,4,1477,8
2020-07-07,Stanislaus,99,539301,6027,4101,6,4107,46
2020-07-07,Sutter,101,95872,375,273,0,273,2
2020-07-07,Tehama,103,63373,125,95,2,97,1
2020-07-07,Trinity,105,12862,6,2,3,5,0
2020-07-07,Tulare,107,460477,6773,5189,10,5199,137
2020-07-07,Tuolumne,109,53932,75,40,1,41,0
2020-07-07,Ventura,111,848112,5477,3992,11,4003,46
2020-07-07,Yolo,113,214977,1028,706,3,709,26
2020-07-07,Yuba,115,75493,160,138,0,138,1
2020-07-06,Alameda,1,1643700,8404,6970,9,6979,141
2020-07-06,Alpine,3,1148,2,1,0,1,0
2020-07-06,Amador,5,37829,39,33,0,33,0
2020-07-06,Butte,7,227075,426,257,6,263,2
2020-07-06,Calaveras,9,45235,71,45,0,45,0
2020-07-06,Colusa,11,21464,134,80,0,80,0
2020-07-06,Contra Costa,13,1133247,5252,3901,5,3906,83
2020-07-06,Del Norte,15,27424,60,57,0,57,0
2020-07-06,El Dorado,17,186661,392,232,0,232,0
2020-07-06,Fresno,19,978130,12443,6364,74,6438,82
2020-07-06,Glenn,21,27897,198,129,0,129,0
2020-07-06,Humboldt,23,135768,188,148,1,149,3
2020-07-06,Imperial,25,180216,8737,6443,6,6449,47
2020-07-06,Inyo,27,18085,36,32,0,32,1
2020-07-06,Kern,29,883053,12675,5491,36,5527,82
2020-07-06,Kings,31,150075,3122,2583,9,2592,33
2020-07-06,Lake,33,64148,122,93,0,93,1
2020-07-06,Lassen,35,31185,261,219,2,221,0
2020-07-06,Los Angeles,37,10098052,136680,116707,100,116807,3541
2020-07-06,Madera,39,155013,1332,734,1,735,4
2020-07-06,Marin,41,260295,3628,2136,4,2140,17
2020-07-06,Mariposa,43,17540,36,31,0,31,1
2020-07-06,Mendocino,45,87422,108,72,0,72,0
2020-07-06,Merced,47,269075,2497,1396,1,1397,10
2020-07-06,Modoc,49,8938,1,0,0,0,0
2020-07-06,Mono,51,14174,58,40,0,40,1
2020-07-06,Monterey,53,433212,2794,2078,5,2083,15
2020-07-06,Napa,55,140530,606,454,0,454,4
2020-07-06,Nevada,57,99092,192,146,4,150,1
2020-07-06,Orange,59,3164182,28403,20167,267,20434,372
2020-07-06,Placer,61,380077,1216,904,2,906,11
2020-07-06,Plumas,63,18699,17,11,0,11,0
2020-07-06,Riverside,65,2383286,28428,22485,10,22495,477
2020-07-06,Sacramento,67,1510023,5968,4420,6,4426,71
2020-07-06,San Benito,69,59416,365,264,0,264,2
2020-07-06,San Bernardino,71,2135413,23983,15346,8,15354,272
2020-07-06,San Diego,73,3302833,21294,17002,0,17002,387
2020-07-06,San Francisco,75,870044,4659,3861,1,3862,50
2020-07-06,San Joaquin,77,732212,7371,5104,5,5109,57
2020-07-06,San Luis Obispo,79,281455,1105,751,4,755,2
2020-07-06,San Mateo,81,765935,4186,3650,4,3654,106
2020-07-06,Santa Barbara,83,443738,4891,3763,27,3790,27
2020-07-06,Santa Clara,85,1922200,6891,5369,8,5377,165
2020-07-06,Santa Cruz,87,273765,594,466,3,469,2
2020-07-06,Shasta,89,179085,258,143,1,144,6
2020-07-06,Sierra,91,2930,1,1,0,1,0
2020-07-06,Siskiyou,93,43540,49,30,0,30,0
2020-07-06,Solano,95,438530,2394,1668,9,1677,22
2020-07-06,Sonoma,97,501317,1924,1369,4,1373,8
2020-07-06,Stanislaus,99,539301,5625,3983,6,3989,46
2020-07-06,Sutter,101,95872,348,250,0,250,2
2020-07-06,Tehama,103,63373,122,95,2,97,1
2020-07-06,Trinity,105,12862,5,2,3,5,0
2020-07-06,Tulare,107,460477,6569,5039,8,5047,136
2020-07-06,Tuolumne,109,53932,72,30,1,31,0
2020-07-06,Ventura,111,848112,5284,3912,11,3923,44
2020-07-06,Yolo,113,214977,972,685,3,688,26
2020-07-06,Yuba,115,75493,146,124,0,124,1
2020-07-05,Alameda,1,1643700,8152,6861,9,6870,141
2020-07-05,Alpine,3,1148,2,1,0,1,0
2020-07-05,Amador,5,37829,37,31,0,31,0
2020-07-05,Butte,7,227075,391,248,6,254,2
2020-07-05,Calaveras,9,45235,69,45,0,45,0
2020-07-05,Colusa,11,21464,124,79,0,79,0
2020-07-05,Contra Costa,13,1133247,5012,3665,4,3669,80
2020-07-05,Del Norte,15,27424,60,57,0,57,0
2020-07-05,El Dorado,17,186661,374,227,0,227,0
2020-07-05,Fresno,19,978130,11878,6186,72,6258,82
2020-07-05,Glenn,21,27897,195,129,0,129,0
2020-07-05,Humboldt,23,135768,184,147,1,148,3
2020-07-05,Imperial,25,180216,8603,6441,6,6447,47
2020-07-05,Inyo,27,18085,35,32,0,32,1
2020-07-05,Kern,29,883053,11965,5351,36,5387,82
2020-07-05,Kings,31,150075,3039,2546,8,2554,31
2020-07-05,Lake,33,64148,122,92,0,92,1
2020-07-05,Lassen,35,31185,255,219,2,221,0
2020-07-05,Los Angeles,37,10098052,133460,115133,94,115227,3495
2020-07-05,Madera,39,155013,1253,564,1,565,4
2020-07-05,Marin,41,260295,3445,2080,4,2084,17
2020-07-05,Mariposa,43,17540,36,31,0,31,1
2020-07-05,Mendocino,45,87422,105,72,0,72,0
2020-07-05,Merced,47,269075,2352,1340,1,1341,10
2020-07-05,Modoc,49,8938,1,0,0,0,0
2020-07-05,Mono,51,14174,54,39,0,39,1
2020-07-05,Monterey,53,433212,2691,1994,5,1999,15
2020-07-05,Napa,55,140530,576,450,0,450,4
2020-07-05,Nevada,57,99092,186,141,4,145,1
2020-07-05,Orange,59,3164182,27461,19430,252,19682,372
2020-07-05,Placer,61,380077,1160,855,2,857,11
2020-07-05,Plumas,63,18699,16,11,0,11,0
2020-07-05,Riverside,65,2383286,27570,21511,10,21521,474
2020-07-05,Sacramento,67,1510023,5651,4265,2,4267,71
2020-07-05,San Benito,69,59416,346,258,0,258,2
2020-07-05,San Bernardino,71,2135413,23105,15026,8,15034,270
2020-07-05,San Diego,73,3302833,20606,16728,0,16728,387
2020-07-05,San Francisco,75,870044,4541,3861,1,3862,50
2020-07-05,San Joaquin,77,732212,7052,5015,5,5020,57
2020-07-05,San Luis Obispo,79,281455,1025,730,4,734,2
2020-07-05,San Mateo,81,765935,4075,3575,4,3579,106
2020-07-05,Santa Barbara,83,443738,4744,3671,24,3695,27
2020-07-05,Santa Clara,85,1922200,6602,5237,8,5245,162
2020-07-05,Santa Cruz,87,273765,576,467,1,468,2
2020-07-05,Shasta,89,179085,252,138,1,139,6
2020-07-05,Sierra,91,2930,1,1,0,1,0
2020-07-05,Siskiyou,93,43540,45,30,0,30,0
2020-07-05,Solano,95,438530,2274,1547,9,1556,22
2020-07-05,Sonoma,97,501317,1843,1369,4,1373,8
2020-07-05,Stanislaus,99,539301,5294,3777,6,3783,45
2020-07-05,Sutter,101,95872,320,241,0,241,2
2020-07-05,Tehama,103,63373,120,95,2,97,1
2020-07-05,Trinity,105,12862,5,2,3,5,0
2020-07-05,Tulare,107,460477,6310,4981,6,4987,135
2020-07-05,Tuolumne,109,53932,67,30,1,31,0
2020-07-05,Ventura,111,848112,5081,3866,11,3877,44
2020-07-05,Yolo,113,214977,932,644,3,647,26
2020-07-05,Yuba,115,75493,136,115,0,115,1
2020-07-04,Alameda,1,1643700,8040,6737,9,6746,141
2020-07-04,Alpine,3,1148,2,1,0,1,0
2020-07-04,Amador,5,37829,36,31,0,31,0
2020-07-04,Butte,7,227075,373,224,6,230,2
2020-07-04,Calaveras,9,45235,69,45,0,45,0
2020-07-04,Colusa,11,21464,123,76,0,76,0
2020-07-04,Contra Costa,13,1133247,4865,3583,4,3587,80
2020-07-04,Del Norte,15,27424,60,50,0,50,0
2020-07-04,El Dorado,17,186661,354,211,0,211,0
2020-07-04,Fresno,19,978130,11562,5999,70,6069,82
2020-07-04,Glenn,21,27897,188,128,0,128,0
2020-07-04,Humboldt,23,135768,177,144,1,145,3
2020-07-04,Imperial,25,180216,8555,6441,6,6447,47
2020-07-04,Inyo,27,18085,35,32,0,32,1
2020-07-04,Kern,29,883053,11661,5231,36,5267,81
2020-07-04,Kings,31,150075,2996,2509,8,2517,31
2020-07-04,Lake,33,64148,114,86,0,86,1
2020-07-04,Lassen,35,31185,255,219,2,221,0
2020-07-04,Los Angeles,37,10098052,131644,107256,83,107339,3462
2020-07-04,Madera,39,155013,1207,568,1,569,4
2020-07-04,Marin,41,260295,3416,1962,4,1966,17
2020-07-04,Mariposa,43,17540,36,28,0,28,1
2020-07-04,Mendocino,45,87422,105,72,0,72,0
2020-07-04,Merced,47,269075,2249,1252,1,1253,10
2020-07-04,Modoc,49,8938,1,0,0,0,0
2020-07-04,Mono,51,14174,54,37,0,37,1
2020-07-04,Monterey,53,433212,2611,1878,5,1883,15
2020-07-04,Napa,55,140530,567,426,0,426,4
2020-07-04,Nevada,57,99092,183,125,4,129,1
2020-07-04,Orange,59,3164182,27029,19247,237,19484,372
2020-07-04,Placer,61,380077,1125,796,2,798,11
2020-07-04,Plumas,63,18699,16,11,0,11,0
2020-07-04,Riverside,65,2383286,27202,21508,10,21518,474
2020-07-04,Sacramento,67,1510023,5484,4039,2,4041,71
2020-07-04,San Benito,69,59416,333,255,0,255,2
2020-07-04,San Bernardino,71,2135413,22678,14636,8,14644,270
2020-07-04,San Diego,73,3302833,20146,16166,0,16166,387
2020-07-04,San Francisco,75,870044,4449,3861,1,3862,50
2020-07-04,San Joaquin,77,732212,6839,4807,5,4812,57
2020-07-04,San Luis Obispo,79,281455,985,699,4,703,2
2020-07-04,San Mateo,81,765935,4012,3532,4,3536,106
2020-07-04,Santa Barbara,83,443738,4669,3520,22,3542,27
2020-07-04,Santa Clara,85,1922200,6410,5045,8,5053,161
2020-07-04,Santa Cruz,87,273765,566,466,1,467,2
2020-07-04,Shasta,89,179085,249,135,1,136,6
2020-07-04,Sierra,91,2930,1,1,0,1,0
2020-07-04,Siskiyou,93,43540,38,30,0,30,0
2020-07-04,Solano,95,438530,2238,1548,9,1557,22
2020-07-04,Sonoma,97,501317,1817,1370,4,1374,8
2020-07-04,Stanislaus,99,539301,5136,3572,6,3578,44
2020-07-04,Sutter,101,95872,301,225,0,225,2
2020-07-04,Tehama,103,63373,117,92,2,94,1
2020-07-04,Trinity,105,12862,5,2,3,5,0
2020-07-04,Tulare,107,460477,6198,4802,5,4807,135
2020-07-04,Tuolumne,109,53932,63,30,1,31,0
2020-07-04,Ventura,111,848112,4957,3687,11,3698,44
2020-07-04,Yolo,113,214977,907,615,3,618,26
2020-07-04,Yuba,115,75493,129,102,0,102,1
2020-07-03,Alameda,1,1643700,7919,6486,9,6495,141
2020-07-03,Alpine,3,1148,2,1,0,1,0
2020-07-03,Amador,5,37829,36,25,0,25,0
2020-07-03,Butte,7,227075,361,212,6,218,2
2020-07-03,Calaveras,9,45235,69,44,0,44,0
2020-07-03,Colusa,11,21464,117,70,0,70,0
2020-07-03,Contra Costa,13,1133247,4731,3447,4,3451,78
2020-07-03,Del Norte,15,27424,60,50,0,50,0
2020-07-03,El Dorado,17,186661,342,201,0,201,0
2020-07-03,Fresno,19,978130,11257,5783,68,5851,81
2020-07-03,Glenn,21,27897,183,122,0,122,0
2020-07-03,Humboldt,23,135768,173,143,1,144,3
2020-07-03,Imperial,25,180216,8507,6345,6,6351,47
2020-07-03,Inyo,27,18085,35,32,0,32,1
2020-07-03,Kern,29,883053,11400,5213,36,5249,81
2020-07-03,Kings,31,150075,2960,2492,8,2500,31
2020-07-03,Lake,33,64148,107,83,0,83,0
2020-07-03,Lassen,35,31185,255,219,2,221,0
2020-07-03,Los Angeles,37,10098052,130127,107236,79,107315,3461
2020-07-03,Madera,39,155013,1162,565,1,566,4
2020-07-03,Marin,41,260295,3387,1776,4,1780,17
2020-07-03,Mariposa,43,17540,36,28,0,28,1
2020-07-03,Mendocino,45,87422,104,72,0,72,0
2020-07-03,Merced,47,269075,2183,1188,1,1189,10
2020-07-03,Modoc,49,8938,1,0,0,0,0
2020-07-03,Mono,51,14174,54,37,0,37,1
2020-07-03,Monterey,53,433212,2540,1804,5,1809,15
2020-07-03,Napa,55,140530,549,388,0,388,4
2020-07-03,Nevada,57,99092,182,125,4,129,1
2020-07-03,Orange,59,3164182,26638,18819,228,19047,366
2020-07-03,Placer,61,380077,1098,745,2,747,11
2020-07-03,Plumas,63,18699,16,11,0,11,0
2020-07-03,Riverside,65,2383286,26896,21171,10,21181,472
2020-07-03,Sacramento,67,1510023,5348,3711,2,3713,71
2020-07-03,San Benito,69,59416,326,243,0,243,2
2020-07-03,San Bernardino,71,2135413,22289,14040,8,14048,269
2020-07-03,San Diego,73,3302833,19690,15698,0,15698,387
2020-07-03,San Francisco,75,870044,4402,3781,1,3782,50
2020-07-03,San Joaquin,77,732212,6701,4416,4,4420,56
2020-07-03,San Luis Obispo,79,281455,950,676,4,680,2
2020-07-03,San Mateo,81,765935,3955,3439,4,3443,106
2020-07-03,Santa Barbara,83,443738,4582,3406,21,3427,27
2020-07-03,Santa Clara,85,1922200,6299,4820,8,4828,161
2020-07-03,Santa Cruz,87,273765,553,436,1,437,2
2020-07-03,Shasta,89,179085,241,113,1,114,6
2020-07-03,Sierra,91,2930,1,1,0,1,0
2020-07-03,Siskiyou,93,43540,35,30,0,30,0
2020-07-03,Solano,95,438530,2194,1496,8,1504,22
2020-07-03,Sonoma,97,501317,1769,1282,4,1286,8
2020-07-03,Stanislaus,99,539301,5011,3021,6,3027,43
2020-07-03,Sutter,101,95872,291,205,0,205,2
2020-07-03,Tehama,103,63373,115,89,2,91,1
2020-07-03,Trinity,105,12862,5,2,3,5,0
2020-07-03,Tulare,107,460477,6084,4656,5,4661,134
2020-07-03,Tuolumne,109,53932,61,27,1,28,0
2020-07-03,Ventura,111,848112,4861,3536,11,3547,44
2020-07-03,Yolo,113,214977,873,586,3,589,25
2020-07-03,Yuba,115,75493,124,96,0,96,1
2020-07-02,Alameda,1,1643700,7793,6386,9,6395,139
2020-07-02,Alpine,3,1148,2,1,0,1,0
2020-07-02,Amador,5,37829,35,23,0,23,0
2020-07-02,Butte,7,227075,344,199,6,205,2
2020-07-02,Calaveras,9,45235,65,42,0,42,0
2020-07-02,Colusa,11,21464,109,60,0,60,0
2020-07-02,Contra Costa,13,1133247,4548,3347,4,3351,77
2020-07-02,Del Norte,15,27424,59,50,0,50,0
2020-07-02,El Dorado,17,186661,331,193,0,193,0
2020-07-02,Fresno,19,978130,10800,5402,67,5469,78
2020-07-02,Glenn,21,27897,177,114,0,114,0
2020-07-02,Humboldt,23,135768,169,138,1,139,3
2020-07-02,Imperial,25,180216,8404,6236,6,6242,47
2020-07-02,Inyo,27,18085,35,29,0,29,1
2020-07-02,Kern,29,883053,10865,5036,34,5070,78
2020-07-02,Kings,31,150075,2910,2419,8,2427,31
2020-07-02,Lake,33,64148,104,81,0,81,0
2020-07-02,Lassen,35,31185,253,218,2,220,0
2020-07-02,Los Angeles,37,10098052,128108,107144,55,107199,3458
2020-07-02,Madera,39,155013,1094,548,1,549,4
2020-07-02,Marin,41,260295,3302,1706,4,1710,17
2020-07-02,Mariposa,43,17540,35,28,0,28,1
2020-07-02,Mendocino,45,87422,100,71,0,71,0
2020-07-02,Merced,47,269075,2086,1122,1,1123,10
2020-07-02,Modoc,49,8938,1,0,0,0,0
2020-07-02,Mono,51,14174,54,37,0,37,1
2020-07-02,Monterey,53,433212,2480,1796,5,1801,15
2020-07-02,Napa,55,140530,532,352,0,352,4
2020-07-02,Nevada,57,99092,176,118,4,122,1
2020-07-02,Orange,59,3164182,25876,17056,215,17271,360
2020-07-02,Placer,61,380077,1073,740,2,742,11
2020-07-02,Plumas,63,18699,15,8,0,8,0
2020-07-02,Riverside,65,2383286,26325,20253,10,20263,458
2020-07-02,Sacramento,67,1510023,5114,3587,2,3589,70
2020-07-02,San Benito,69,59416,318,236,0,236,2
2020-07-02,San Bernardino,71,2135413,21753,13185,8,13193,260
2020-07-02,San Diego,73,3302833,19228,15208,0,15208,377
2020-07-02,San Francisco,75,870044,4307,3676,1,3677,50
2020-07-02,San Joaquin,77,732212,6354,4243,4,4247,56
2020-07-02,San Luis Obispo,79,281455,905,659,4,663,2
2020-07-02,San Mateo,81,765935,3874,3390,4,3394,107
2020-07-02,Santa Barbara,83,443738,4482,3385,19,3404,27
2020-07-02,Santa Clara,85,1922200,6173,4722,8,4730,160
2020-07-02,Santa Cruz,87,273765,530,414,1,415,2
2020-07-02,Shasta,89,179085,238,110,1,111,5
2020-07-02,Sierra,91,2930,1,1,0,1,0
2020-07-02,Siskiyou,93,43540,35,30,0,30,0
2020-07-02,Solano,95,438530,2111,1429,8,1437,21
2020-07-02,Sonoma,97,501317,1711,1244,4,1248,6
2020-07-02,Stanislaus,99,539301,4839,2850,6,2856,41
2020-07-02,Sutter,101,95872,279,195,0,195,2
2020-07-02,Tehama,103,63373,113,86,2,88,1
2020-07-02,Trinity,105,12862,5,2,3,5,0
2020-07-02,Tulare,107,460477,5918,4559,4,4563,132
2020-07-02,Tuolumne,109,53932,58,23,1,24,0
2020-07-02,Ventura,111,848112,4705,3394,11,3405,42
2020-07-02,Yolo,113,214977,841,554,3,557,24
2020-07-02,Yuba,115,75493,114,93,0,93,1
2020-07-01,Alameda,1,1643700,7572,6125,9,6134,137
2020-07-01,Alpine,3,1148,2,1,0,1,0
2020-07-01,Amador,5,37829,34,22,0,22,0
2020-07-01,Butte,7,227075,319,185,6,191,2
2020-07-01,Calaveras,9,45235,63,37,0,37,0
2020-07-01,Colusa,11,21464,103,53,0,53,0
2020-07-01,Contra Costa,13,1133247,4336,3259,4,3263,76
2020-07-01,Del Norte,15,27424,59,50,0,50,0
2020-07-01,El Dorado,17,186661,304,183,0,183,0
2020-07-01,Fresno,19,978130,10367,5111,65,5176,76
2020-07-01,Glenn,21,27897,170,110,0,110,0
2020-07-01,Humboldt,23,135768,164,134,0,134,3
2020-07-01,Imperial,25,180216,8306,6150,6,6156,46
2020-07-01,Inyo,27,18085,34,30,0,30,1
2020-07-01,Kern,29,883053,10234,4853,31,4884,78
2020-07-01,Kings,31,150075,2842,2360,8,2368,30
2020-07-01,Lake,33,64148,103,75,0,75,0
2020-07-01,Lassen,35,31185,252,217,2,219,0
2020-07-01,Los Angeles,37,10098052,124904,105325,44,105369,3408
2020-07-01,Madera,39,155013,1053,519,1,520,4
2020-07-01,Marin,41,260295,3145,1636,4,1640,17
2020-07-01,Mariposa,43,17540,35,29,0,29,1
2020-07-01,Mendocino,45,87422,96,70,0,70,0
2020-07-01,Merced,47,269075,1986,1052,1,1053,10
2020-07-01,Modoc,49,8938,1,0,0,0,0
2020-07-01,Mono,51,14174,51,37,0,37,1
2020-07-01,Monterey,53,433212,2373,1703,5,1708,15
2020-07-01,Napa,55,140530,509,347,0,347,4
2020-07-01,Nevada,57,99092,166,115,4,119,1
2020-07-01,Orange,59,3164182,24992,15662,193,15855,343
2020-07-01,Placer,61,380077,1024,713,2,715,11
2020-07-01,Plumas,63,18699,13,8,0,8,0
2020-07-01,Riverside,65,2383286,25484,19537,10,19547,457
2020-07-01,Sacramento,67,1510023,4863,3425,2,3427,64
2020-07-01,San Benito,69,59416,309,219,0,219,2
2020-07-01,San Bernardino,71,2135413,20855,12712,8,12720,253
2020-07-01,San Diego,73,3302833,18670,14624,0,14624,372
2020-07-01,San Francisco,75,870044,4214,3626,1,3627,50
2020-07-01,San Joaquin,77,732212,5995,3990,4,3994,54
2020-07-01,San Luis Obispo,79,281455,879,613,4,617,1
2020-07-01,San Mateo,81,765935,3812,3326,4,3330,84
2020-07-01,Santa Barbara,83,443738,4362,3268,18,3286,27
2020-07-01,Santa Clara,85,1922200,5987,4547,7,4554,159
2020-07-01,Santa Cruz,87,273765,509,398,0,398,2
2020-07-01,Shasta,89,179085,233,104,1,105,5
2020-07-01,Sierra,91,2930,1,1,0,1,0
2020-07-01,Siskiyou,93,43540,35,28,0,28,0
2020-07-01,Solano,95,438530,2022,1350,8,1358,21
2020-07-01,Sonoma,97,501317,1615,1178,4,1182,6
2020-07-01,Stanislaus,99,539301,4559,2619,6,2625,41
2020-07-01,Sutter,101,95872,266,188,0,188,2
2020-07-01,Tehama,103,63373,106,80,2,82,1
2020-07-01,Trinity,105,12862,5,2,2,4,0
2020-07-01,Tulare,107,460477,5740,4359,4,4363,128
2020-07-01,Tuolumne,109,53932,55,17,1,18,0
2020-07-01,Ventura,111,848112,4562,3224,9,3233,41
2020-07-01,Yolo,113,214977,791,526,3,529,24
2020-07-01,Yuba,115,75493,109,57,0,57,1
2020-06-30,Alameda,1,1643700,7323,5959,7,5966,137
2020-06-30,Alpine,3,1148,2,1,0,1,0
2020-06-30,Amador,5,37829,34,21,0,21,0
2020-06-30,Butte,7,227075,302,163,6,169,2
2020-06-30,Calaveras,9,45235,58,31,0,31,0
2020-06-30,Colusa,11,21464,94,33,0,33,0
2020-06-30,Contra Costa,13,1133247,4130,3140,4,3144,75
2020-06-30,Del Norte,15,27424,59,48,0,48,0
2020-06-30,El Dorado,17,186661,291,175,0,175,0
2020-06-30,Fresno,19,978130,9920,4826,61,4887,75
2020-06-30,Glenn,21,27897,165,96,0,96,0
2020-06-30,Humboldt,23,135768,160,132,0,132,3
2020-06-30,Imperial,25,180216,8209,5968,6,5974,45
2020-06-30,Inyo,27,18085,34,30,0,30,1
2020-06-30,Kern,29,883053,9585,4721,27,4748,75
2020-06-30,Kings,31,150075,2793,2315,5,2320,30
2020-06-30,Lake,33,64148,95,56,0,56,0
2020-06-30,Lassen,35,31185,245,215,2,217,0
2020-06-30,Los Angeles,37,10098052,121312,103640,41,103681,3378
2020-06-30,Madera,39,155013,996,475,1,476,4
2020-06-30,Marin,41,260295,3074,1614,4,1618,17
2020-06-30,Mariposa,43,17540,34,27,0,27,1
2020-06-30,Mendocino,45,87422,91,65,0,65,0
2020-06-30,Merced,47,269075,1849,970,1,971,10
2020-06-30,Modoc,49,8938,1,0,0,0,0
2020-06-30,Mono,51,14174,49,36,0,36,1
2020-06-30,Monterey,53,433212,2275,1657,5,1662,15
2020-06-30,Napa,55,140530,484,342,0,342,4
2020-06-30,Nevada,57,99092,158,113,4,117,1
2020-06-30,Orange,59,3164182,24062,14354,183,14537,335
2020-06-30,Placer,61,380077,998,667,2,669,11
2020-06-30,Plumas,63,18699,12,8,0,8,0
2020-06-30,Riverside,65,2383286,24767,18656,10,18666,449
2020-06-30,Sacramento,67,1510023,4573,3246,2,3248,64
2020-06-30,San Benito,69,59416,298,200,0,200,2
2020-06-30,San Bernardino,71,2135413,19870,12375,8,12383,249
2020-06-30,San Diego,73,3302833,17967,14150,0,14150,365
2020-06-30,San Francisco,75,870044,4108,3555,1,3556,50
2020-06-30,San Joaquin,77,732212,5621,3744,4,3748,52
2020-06-30,San Luis Obispo,79,281455,843,583,4,587,1
2020-06-30,San Mateo,81,765935,3735,3268,4,3272,84
2020-06-30,Santa Barbara,83,443738,4245,3102,18,3120,25
2020-06-30,Santa Clara,85,1922200,5787,4346,7,4353,157
2020-06-30,Santa Cruz,87,273765,484,379,0,379,2
2020-06-30,Shasta,89,179085,217,100,1,101,5
2020-06-30,Sierra,91,2930,1,1,0,1,0
2020-06-30,Siskiyou,93,43540,34,26,0,26,0
2020-06-30,Solano,95,438530,1930,1256,8,1264,21
2020-06-30,Sonoma,97,501317,1550,1122,4,1126,6
2020-06-30,Stanislaus,99,539301,4262,2578,6,2584,41
2020-06-30,Sutter,101,95872,243,168,0,168,2
2020-06-30,Tehama,103,63373,104,75,2,77,1
2020-06-30,Trinity,105,12862,5,2,2,4,0
2020-06-30,Tulare,107,460477,5533,4207,4,4211,117
2020-06-30,Tuolumne,109,53932,51,16,1,17,0
2020-06-30,Ventura,111,848112,4428,3030,9,3039,40
2020-06-30,Yolo,113,214977,753,515,3,518,24
2020-06-30,Yuba,115,75493,105,55,0,55,1
2020-06-29,Alameda,1,1643700,7113,5766,7,5773,135
2020-06-29,Alpine,3,1148,2,1,0,1,0
2020-06-29,Amador,5,37829,31,20,0,20,0
2020-06-29,Butte,7,227075,281,157,6,163,2
2020-06-29,Calaveras,9,45235,56,30,0,30,0
2020-06-29,Colusa,11,21464,89,17,0,17,0
2020-06-29,Contra Costa,13,1133247,3967,2976,3,2979,75
2020-06-29,Del Norte,15,27424,59,47,0,47,0
2020-06-29,El Dorado,17,186661,277,163,0,163,0
2020-06-29,Fresno,19,978130,9572,4531,60,4591,74
2020-06-29,Glenn,21,27897,156,77,0,77,0
2020-06-29,Humboldt,23,135768,159,128,0,128,3
2020-06-29,Imperial,25,180216,8078,5512,6,5518,45
2020-06-29,Inyo,27,18085,33,29,0,29,1
2020-06-29,Kern,29,883053,8922,4613,25,4638,73
2020-06-29,Kings,31,150075,2729,2280,5,2285,20
2020-06-29,Lake,33,64148,88,53,0,53,0
2020-06-29,Lassen,35,31185,237,77,2,79,0
2020-06-29,Los Angeles,37,10098052,118263,100846,35,100881,3337
2020-06-29,Madera,39,155013,939,422,1,423,4
2020-06-29,Marin,41,260295,2998,1517,4,1521,17
2020-06-29,Mariposa,43,17540,32,25,0,25,1
2020-06-29,Mendocino,45,87422,88,63,0,63,0
2020-06-29,Merced,47,269075,1743,848,1,849,10
2020-06-29,Modoc,49,8938,1,0,0,0,0
2020-06-29,Mono,51,14174,47,35,0,35,1
2020-06-29,Monterey,53,433212,2203,1614,5,1619,14
2020-06-29,Napa,55,140530,463,317,0,317,4
2020-06-29,Nevada,57,99092,155,107,3,110,1
2020-06-29,Orange,59,3164182,23071,13682,167,13849,324
2020-06-29,Placer,61,380077,959,628,2,630,11
2020-06-29,Plumas,63,18699,12,6,0,6,0
2020-06-29,Riverside,65,2383286,23734,17683,10,17693,432
2020-06-29,Sacramento,67,1510023,4291,2985,2,2987,62
2020-06-29,San Benito,69,59416,283,193,0,193,2
2020-06-29,San Bernardino,71,2135413,18908,11643,8,11651,245
2020-06-29,San Diego,73,3302833,17391,13834,0,13834,361
2020-06-29,San Francisco,75,870044,4031,3389,1,3390,50
2020-06-29,San Joaquin,77,732212,5263,3202,4,3206,52
2020-06-29,San Luis Obispo,79,281455,809,544,4,548,1
2020-06-29,San Mateo,81,765935,3681,3170,4,3174,84
2020-06-29,Santa Barbara,83,443738,4135,2933,17,2950,25
2020-06-29,Santa Clara,85,1922200,5615,4231,7,4238,157
2020-06-29,Santa Cruz,87,273765,466,348,0,348,2
2020-06-29,Shasta,89,179085,209,94,1,95,5
2020-06-29,Sierra,91,2930,1,1,0,1,0
2020-06-29,Siskiyou,93,43540,34,25,0,25,0
2020-06-29,Solano,95,438530,1828,1077,8,1085,21
2020-06-29,Sonoma,97,501317,1478,1103,4,1107,5
2020-06-29,Stanislaus,99,539301,4056,2400,5,2405,36
2020-06-29,Sutter,101,95872,221,152,0,152,2
2020-06-29,Tehama,103,63373,100,63,2,65,1
2020-06-29,Trinity,105,12862,5,2,2,4,0
2020-06-29,Tulare,107,460477,5379,3906,4,3910,117
2020-06-29,Tuolumne,109,53932,47,16,1,17,0
2020-06-29,Ventura,111,848112,4281,2794,9,2803,40
2020-06-29,Yolo,113,214977,720,483,3,486,24
2020-06-29,Yuba,115,75493,92,55,0,55,1
2020-06-28,Alameda,1,1643700,6854,5698,7,5705,135
2020-06-28,Alpine,3,1148,2,1,0,1,0
2020-06-28,Amador,5,37829,29,20,0,20,0
2020-06-28,Butte,7,227075,262,150,6,156,2
2020-06-28,Calaveras,9,45235,51,30,0,30,0
2020-06-28,Colusa,11,21464,74,17,0,17,0
2020-06-28,Contra Costa,13,1133247,3777,2803,3,2806,73
2020-06-28,Del Norte,15,27424,58,47,0,47,0
2020-06-28,El Dorado,17,186661,265,162,0,162,0
2020-06-28,Fresno,19,978130,9211,4365,60,4425,74
2020-06-28,Glenn,21,27897,148,77,0,77,0
2020-06-28,Humboldt,23,135768,156,127,0,127,3
2020-06-28,Imperial,25,180216,7889,5513,6,5519,45
2020-06-28,Inyo,27,18085,33,29,0,29,1
2020-06-28,Kern,29,883053,8369,4541,23,4564,72
2020-06-28,Kings,31,150075,2670,2234,5,2239,18
2020-06-28,Lake,33,64148,84,53,0,53,0
2020-06-28,Lassen,35,31185,237,77,2,79,0
2020-06-28,Los Angeles,37,10098052,115059,98003,31,98034,3316
2020-06-28,Madera,39,155013,892,424,1,425,4
2020-06-28,Marin,41,260295,2652,1473,4,1477,17
2020-06-28,Mariposa,43,17540,32,24,0,24,1
2020-06-28,Mendocino,45,87422,86,63,0,63,0
2020-06-28,Merced,47,269075,1630,814,1,815,10
2020-06-28,Modoc,49,8938,1,0,0,0,0
2020-06-28,Mono,51,14174,47,35,0,35,1
2020-06-28,Monterey,53,433212,2121,1560,5,1565,13
2020-06-28,Napa,55,140530,429,307,0,307,4
2020-06-28,Nevada,57,99092,144,102,3,105,1
2020-06-28,Orange,59,3164182,22096,13213,149,13362,324
2020-06-28,Placer,61,380077,919,618,2,620,11
2020-06-28,Plumas,63,18699,11,6,0,6,0
2020-06-28,Riverside,65,2383286,22907,16848,9,16857,432
2020-06-28,Sacramento,67,1510023,4063,2803,2,2805,63
2020-06-28,San Benito,69,59416,272,190,0,190,2
2020-06-28,San Bernardino,71,2135413,18154,11344,7,11351,245
2020-06-28,San Diego,73,3302833,16846,13333,0,13333,361
2020-06-28,San Francisco,75,870044,3952,3388,1,3389,50
2020-06-28,San Joaquin,77,732212,4928,3201,4,3205,52
2020-06-28,San Luis Obispo,79,281455,770,531,4,535,1
2020-06-28,San Mateo,81,765935,3603,3124,4,3128,84
2020-06-28,Santa Barbara,83,443738,3990,2872,17,2889,25
2020-06-28,Santa Clara,85,1922200,5455,4131,7,4138,156
2020-06-28,Santa Cruz,87,273765,443,349,0,349,2
2020-06-28,Shasta,89,179085,196,89,0,89,5
2020-06-28,Sierra,91,2930,1,1,0,1,0
2020-06-28,Siskiyou,93,43540,34,25,0,25,0
2020-06-28,Solano,95,438530,1753,1077,8,1085,21
2020-06-28,Sonoma,97,501317,1424,1084,4,1088,5
2020-06-28,Stanislaus,99,539301,3850,2376,5,2381,36
2020-06-28,Sutter,101,95872,195,145,0,145,2
2020-06-28,Tehama,103,63373,93,63,2,65,1
2020-06-28,Trinity,105,12862,5,2,2,4,0
2020-06-28,Tulare,107,460477,5214,3812,4,3816,117
2020-06-28,Tuolumne,109,53932,42,14,1,15,0
2020-06-28,Ventura,111,848112,4123,2650,9,2659,40
2020-06-28,Yolo,113,214977,685,468,3,471,24
2020-06-28,Yuba,115,75493,88,39,0,39,1
2020-06-27,Alameda,1,1643700,6759,5581,7,5588,135
2020-06-27,Alpine,3,1148,2,1,0,1,0
2020-06-27,Amador,5,37829,27,20,0,20,0
2020-06-27,Butte,7,227075,254,137,6,143,2
2020-06-27,Calaveras,9,45235,49,30,0,30,0
2020-06-27,Colusa,11,21464,68,17,0,17,0
2020-06-27,Contra Costa,13,1133247,3682,2717,2,2719,72
2020-06-27,Del Norte,15,27424,58,47,0,47,0
2020-06-27,El Dorado,17,186661,259,159,0,159,0
2020-06-27,Fresno,19,978130,8965,4238,60,4298,74
2020-06-27,Glenn,21,27897,144,77,0,77,0
2020-06-27,Humboldt,23,135768,154,127,0,127,3
2020-06-27,Imperial,25,180216,7827,5513,6,5519,45
2020-06-27,Inyo,27,18085,33,29,0,29,1
2020-06-27,Kern,29,883053,8106,4411,22,4433,70
2020-06-27,Kings,31,150075,2644,2187,5,2192,18
2020-06-27,Lake,33,64148,81,42,0,42,0
2020-06-27,Lassen,35,31185,237,33,2,35,0
2020-06-27,Los Angeles,37,10098052,113318,95341,28,95369,3291
2020-06-27,Madera,39,155013,849,427,0,427,4
2020-06-27,Marin,41,260295,2607,1423,4,1427,17
2020-06-27,Mariposa,43,17540,31,22,0,22,1
2020-06-27,Mendocino,45,87422,86,63,0,63,0
2020-06-27,Merced,47,269075,1572,807,0,807,10
2020-06-27,Modoc,49,8938,1,0,0,0,0
2020-06-27,Mono,51,14174,46,35,0,35,1
2020-06-27,Monterey,53,433212,2057,1455,5,1460,12
2020-06-27,Napa,55,140530,419,282,0,282,3
2020-06-27,Nevada,57,99092,140,102,2,104,1
2020-06-27,Orange,59,3164182,21587,12951,144,13095,320
2020-06-27,Placer,61,380077,898,584,2,586,10
2020-06-27,Plumas,63,18699,11,6,0,6,0
2020-06-27,Riverside,65,2383286,22518,16209,9,16218,432
2020-06-27,Sacramento,67,1510023,3945,2685,2,2687,63
2020-06-27,San Benito,69,59416,265,182,0,182,2
2020-06-27,San Bernardino,71,2135413,17776,11238,7,11245,243
2020-06-27,San Diego,73,3302833,16481,12836,0,12836,360
2020-06-27,San Francisco,75,870044,3897,3332,1,3333,49
2020-06-27,San Joaquin,77,732212,4763,2995,4,2999,52
2020-06-27,San Luis Obispo,79,281455,746,505,4,509,1
2020-06-27,San Mateo,81,765935,3546,3083,4,3087,83
2020-06-27,Santa Barbara,83,443738,3918,2799,17,2816,25
2020-06-27,Santa Clara,85,1922200,5350,4006,7,4013,157
2020-06-27,Santa Cruz,87,273765,436,347,0,347,2
2020-06-27,Shasta,89,179085,191,87,0,87,5
2020-06-27,Sierra,91,2930,1,1,0,1,0
2020-06-27,Siskiyou,93,43540,34,25,0,25,0
2020-06-27,Solano,95,438530,1720,1076,8,1084,21
2020-06-27,Sonoma,97,501317,1393,1004,4,1008,5
2020-06-27,Stanislaus,99,539301,3750,2164,5,2169,36
2020-06-27,Sutter,101,95872,188,141,0,141,2
2020-06-27,Tehama,103,63373,90,63,2,65,1
2020-06-27,Trinity,105,12862,5,2,2,4,0
2020-06-27,Tulare,107,460477,5118,3810,4,3814,117
2020-06-27,Tuolumne,109,53932,41,13,1,14,0
2020-06-27,Ventura,111,848112,4024,2471,9,2480,40
2020-06-27,Yolo,113,214977,660,432,3,435,24
2020-06-27,Yuba,115,75493,80,39,0,39,1
2020-06-26,Alameda,1,1643700,6673,5502,6,5508,132
2020-06-26,Alpine,3,1148,2,1,0,1,0
2020-06-26,Amador,5,37829,26,20,0,20,0
2020-06-26,Butte,7,227075,239,135,6,141,2
2020-06-26,Calaveras,9,45235,47,30,0,30,0
2020-06-26,Colusa,11,21464,63,17,0,17,0
2020-06-26,Contra Costa,13,1133247,3569,2676,2,2678,72
2020-06-26,Del Norte,15,27424,57,47,0,47,0
2020-06-26,El Dorado,17,186661,251,159,0,159,0
2020-06-26,Fresno,19,978130,8739,4166,60,4226,74
2020-06-26,Glenn,21,27897,137,71,0,71,0
2020-06-26,Humboldt,23,135768,152,126,0,126,3
2020-06-26,Imperial,25,180216,7763,5400,6,5406,44
2020-06-26,Inyo,27,18085,32,29,0,29,1
2020-06-26,Kern,29,883053,7774,4366,22,4388,70
2020-06-26,Kings,31,150075,2612,2176,4,2180,18
2020-06-26,Lake,33,64148,80,42,0,42,0
2020-06-26,Lassen,35,31185,236,30,2,32,0
2020-06-26,Los Angeles,37,10098052,111153,93328,28,93356,3275
2020-06-26,Madera,39,155013,817,409,0,409,4
2020-06-26,Marin,41,260295,2571,1406,4,1410,17
2020-06-26,Mariposa,43,17540,30,21,0,21,1
2020-06-26,Mendocino,45,87422,83,63,0,63,0
2020-06-26,Merced,47,269075,1526,797,0,797,10
2020-06-26,Modoc,49,8938,1,0,0,0,0
2020-06-26,Mono,51,14174,45,35,0,35,1
2020-06-26,Monterey,53,433212,2005,1449,5,1454,12
2020-06-26,Napa,55,140530,409,277,0,277,3
2020-06-26,Nevada,57,99092,136,101,1,102,1
2020-06-26,Orange,59,3164182,20911,12659,141,12800,320
2020-06-26,Placer,61,380077,871,584,2,586,10
2020-06-26,Plumas,63,18699,11,6,0,6,0
2020-06-26,Riverside,65,2383286,22056,15858,9,15867,430
2020-06-26,Sacramento,67,1510023,3781,2687,2,2689,63
2020-06-26,San Benito,69,59416,261,176,0,176,2
2020-06-26,San Bernardino,71,2135413,17399,11111,7,11118,243
2020-06-26,San Diego,73,3302833,16116,12402,0,12402,358
2020-06-26,San Francisco,75,870044,3841,3330,1,3331,49
2020-06-26,San Joaquin,77,732212,4549,2943,4,2947,52
2020-06-26,San Luis Obispo,79,281455,731,498,4,502,1
2020-06-26,San Mateo,81,765935,3494,3055,4,3059,83
2020-06-26,Santa Barbara,83,443738,3828,2784,15,2799,25
2020-06-26,Santa Clara,85,1922200,5249,3968,7,3975,156
2020-06-26,Santa Cruz,87,273765,429,344,0,344,2
2020-06-26,Shasta,89,179085,184,86,0,86,5
2020-06-26,Sierra,91,2930,1,1,0,1,0
2020-06-26,Siskiyou,93,43540,33,24,0,24,0
2020-06-26,Solano,95,438530,1678,1068,8,1076,21
2020-06-26,Sonoma,97,501317,1361,977,4,981,5
2020-06-26,Stanislaus,99,539301,3637,2157,5,2162,36
2020-06-26,Sutter,101,95872,181,138,0,138,2
2020-06-26,Tehama,103,63373,87,63,2,65,1
2020-06-26,Trinity,105,12862,5,2,2,4,0
2020-06-26,Tulare,107,460477,5029,3720,4,3724,117
2020-06-26,Tuolumne,109,53932,39,10,1,11,0
2020-06-26,Ventura,111,848112,3938,2444,9,2453,40
2020-06-26,Yolo,113,214977,636,418,3,421,24
2020-06-26,Yuba,115,75493,74,38,0,38,1
2020-06-25,Alameda,1,1643700,6482,5398,6,5404,130
2020-06-25,Alpine,3,1148,2,1,0,1,0
2020-06-25,Amador,5,37829,25,18,0,18,0
2020-06-25,Butte,7,227075,234,127,6,133,1
2020-06-25,Calaveras,9,45235,42,26,0,26,0
2020-06-25,Colusa,11,21464,53,14,0,14,0
2020-06-25,Contra Costa,13,1133247,3384,2591,2,2593,71
2020-06-25,Del Norte,15,27424,55,47,0,47,0
2020-06-25,El Dorado,17,186661,243,150,0,150,0
2020-06-25,Fresno,19,978130,8426,3938,59,3997,71
2020-06-25,Glenn,21,27897,132,59,0,59,0
2020-06-25,Humboldt,23,135768,151,121,0,121,3
2020-06-25,Imperial,25,180216,7635,5192,6,5198,44
2020-06-25,Inyo,27,18085,29,27,0,27,1
2020-06-25,Kern,29,883053,7349,4236,19,4255,69
2020-06-25,Kings,31,150075,2560,2110,4,2114,17
2020-06-25,Lake,33,64148,79,42,0,42,0
2020-06-25,Lassen,35,31185,230,13,2,15,0
2020-06-25,Los Angeles,37,10098052,108387,91524,28,91552,3239
2020-06-25,Madera,39,155013,773,380,0,380,4
2020-06-25,Marin,41,260295,2469,1321,4,1325,17
2020-06-25,Mariposa,43,17540,29,20,0,20,1
2020-06-25,Mendocino,45,87422,80,61,0,61,0
2020-06-25,Merced,47,269075,1439,747,0,747,10
2020-06-25,Modoc,49,8938,1,0,0,0,0
2020-06-25,Mono,51,14174,44,35,0,35,1
2020-06-25,Monterey,53,433212,1917,1426,4,1430,12
2020-06-25,Napa,55,140530,391,260,0,260,3
2020-06-25,Nevada,57,99092,128,92,1,93,1
2020-06-25,Orange,59,3164182,19987,12221,139,12360,311
2020-06-25,Placer,61,380077,821,574,2,576,10
2020-06-25,Plumas,63,18699,10,6,0,6,0
2020-06-25,Riverside,65,2383286,21302,15224,9,15233,427
2020-06-25,Sacramento,67,1510023,3560,2519,2,2521,62
2020-06-25,San Benito,69,59416,253,174,0,174,2
2020-06-25,San Bernardino,71,2135413,16647,10590,7,10597,242
2020-06-25,San Diego,73,3302833,15577,11963,0,11963,352
2020-06-25,San Francisco,75,870044,3776,3252,1,3253,48
2020-06-25,San Joaquin,77,732212,4277,2803,4,2807,50
2020-06-25,San Luis Obispo,79,281455,699,473,4,477,1
2020-06-25,San Mateo,81,765935,3426,2996,4,3000,82
2020-06-25,Santa Barbara,83,443738,3722,2622,14,2636,25
2020-06-25,Santa Clara,85,1922200,5101,3871,7,3878,156
2020-06-25,Santa Cruz,87,273765,417,335,0,335,2
2020-06-25,Shasta,89,179085,174,84,0,84,5
2020-06-25,Sierra,91,2930,1,1,0,1,0
2020-06-25,Siskiyou,93,43540,32,24,0,24,0
2020-06-25,Solano,95,438530,1625,1034,8,1042,21
2020-06-25,Sonoma,97,501317,1314,953,3,956,5
2020-06-25,Stanislaus,99,539301,3425,2130,5,2135,36
2020-06-25,Sutter,101,95872,169,126,0,126,2
2020-06-25,Tehama,103,63373,83,59,2,61,1
2020-06-25,Trinity,105,12862,5,2,2,4,0
2020-06-25,Tulare,107,460477,4899,3656,4,3660,117
2020-06-25,Tuolumne,109,53932,38,10,1,11,0
2020-06-25,Ventura,111,848112,3756,2346,8,2354,40
2020-06-25,Yolo,113,214977,606,397,3,400,24
2020-06-25,Yuba,115,75493,63,38,0,38,1
2020-06-24,Alameda,1,1643700,6320,5242,6,5248,123
2020-06-24,Alpine,3,1148,2,1,0,1,0
2020-06-24,Amador,5,37829,23,16,0,16,0
2020-06-24,Butte,7,227075,217,119,6,125,1
2020-06-24,Calaveras,9,45235,40,26,0,26,0
2020-06-24,Colusa,11,21464,44,11,0,11,0
2020-06-24,Contra Costa,13,1133247,3229,2520,2,2522,66
2020-06-24,Del Norte,15,27424,49,47,0,47,0
2020-06-24,El Dorado,17,186661,227,149,0,149,0
2020-06-24,Fresno,19,978130,8095,3765,59,3824,71
2020-06-24,Glenn,21,27897,124,54,0,54,0
2020-06-24,Humboldt,23,135768,151,117,0,117,3
2020-06-24,Imperial,25,180216,7517,5138,6,5144,38
2020-06-24,Inyo,27,18085,29,28,0,28,1
2020-06-24,Kern,29,883053,6956,4155,17,4172,67
2020-06-24,Kings,31,150075,2498,2063,4,2067,16
2020-06-24,Lake,33,64148,66,40,0,40,0
2020-06-24,Lassen,35,31185,229,9,2,11,0
2020-06-24,Los Angeles,37,10098052,105629,89566,28,89594,3186
2020-06-24,Madera,39,155013,752,373,0,373,4
2020-06-24,Marin,41,260295,2241,1261,4,1265,17
2020-06-24,Mariposa,43,17540,28,19,0,19,1
2020-06-24,Mendocino,45,87422,80,60,0,60,0
2020-06-24,Merced,47,269075,1353,696,0,696,8
2020-06-24,Modoc,49,8938,1,0,0,0,0
2020-06-24,Mono,51,14174,42,35,0,35,1
2020-06-24,Monterey,53,433212,1840,1407,4,1411,12
2020-06-24,Napa,55,140530,373,258,0,258,3
2020-06-24,Nevada,57,99092,122,92,1,93,1
2020-06-24,Orange,59,3164182,18993,11804,120,11924,303
2020-06-24,Placer,61,380077,782,548,2,550,10
2020-06-24,Plumas,63,18699,10,6,0,6,0
2020-06-24,Riverside,65,2383286,20456,14946,9,14955,410
2020-06-24,Sacramento,67,1510023,3355,2446,2,2448,62
2020-06-24,San Benito,69,59416,249,171,0,171,2
2020-06-24,San Bernardino,71,2135413,15836,10211,6,10217,239
2020-06-24,San Diego,73,3302833,15077,11628,0,11628,347
2020-06-24,San Francisco,75,870044,3713,3216,1,3217,48
2020-06-24,San Joaquin,77,732212,4055,2680,4,2684,49
2020-06-24,San Luis Obispo,79,281455,668,461,3,464,1
2020-06-24,San Mateo,81,765935,3369,2964,4,2968,82
2020-06-24,Santa Barbara,83,443738,3602,2569,12,2581,22
2020-06-24,Santa Clara,85,1922200,4970,3812,7,3819,155
2020-06-24,Santa Cruz,87,273765,405,329,0,329,2
2020-06-24,Shasta,89,179085,166,83,0,83,5
2020-06-24,Sierra,91,2930,1,1,0,1,0
2020-06-24,Siskiyou,93,43540,31,24,0,24,0
2020-06-24,Solano,95,438530,1535,979,7,986,21
2020-06-24,Sonoma,97,501317,1265,933,3,936,4
2020-06-24,Stanislaus,99,539301,3246,2039,5,2044,36
2020-06-24,Sutter,101,95872,156,118,0,118,2
2020-06-24,Tehama,103,63373,81,55,2,57,1
2020-06-24,Trinity,105,12862,5,2,2,4,0
2020-06-24,Tulare,107,460477,4747,3541,4,3545,116
2020-06-24,Tuolumne,109,53932,33,9,1,10,0
2020-06-24,Ventura,111,848112,3415,2314,8,2322,42
2020-06-24,Yolo,113,214977,571,376,3,379,24
2020-06-24,Yuba,115,75493,57,37,0,37,1
2020-06-23,Alameda,1,1643700,6139,5159,6,5165,121
2020-06-23,Alpine,3,1148,2,1,0,1,0
2020-06-23,Amador,5,37829,22,13,0,13,0
2020-06-23,Butte,7,227075,199,111,6,117,1
2020-06-23,Calaveras,9,45235,40,26,0,26,0
2020-06-23,Colusa,11,21464,40,7,0,7,0
2020-06-23,Contra Costa,13,1133247,3103,2453,2,2455,60
2020-06-23,Del Norte,15,27424,48,46,0,46,0
2020-06-23,El Dorado,17,186661,218,142,0,142,0
2020-06-23,Fresno,19,978130,7445,3569,57,3626,67
2020-06-23,Glenn,21,27897,120,47,0,47,0
2020-06-23,Humboldt,23,135768,151,110,0,110,3
2020-06-23,Imperial,25,180216,7354,5025,6,5031,38
2020-06-23,Inyo,27,18085,29,26,0,26,1
2020-06-23,Kern,29,883053,6589,4087,14,4101,64
2020-06-23,Kings,31,150075,2433,1727,4,1731,16
2020-06-23,Lake,33,64148,60,40,0,40,0
2020-06-23,Lassen,35,31185,225,9,2,11,0
2020-06-23,Los Angeles,37,10098052,102693,88433,26,88459,3152
2020-06-23,Madera,39,155013,713,369,0,369,4
2020-06-23,Marin,41,260295,1973,1139,4,1143,17
2020-06-23,Mariposa,43,17540,26,18,0,18,1
2020-06-23,Mendocino,45,87422,79,61,0,61,0
2020-06-23,Merced,47,269075,1256,656,0,656,8
2020-06-23,Modoc,49,8938,1,0,0,0,0
2020-06-23,Mono,51,14174,42,35,0,35,1
2020-06-23,Monterey,53,433212,1770,1346,4,1350,12
2020-06-23,Napa,55,140530,358,230,0,230,3
2020-06-23,Nevada,57,99092,116,81,1,82,1
2020-06-23,Orange,59,3164182,18023,11071,117,11188,278
2020-06-23,Placer,61,380077,754,525,2,527,10
2020-06-23,Plumas,63,18699,9,6,0,6,0
2020-06-23,Riverside,65,2383286,19437,14469,9,14478,406
2020-06-23,Sacramento,67,1510023,3178,2374,2,2376,62
2020-06-23,San Benito,69,59416,235,167,0,167,2
2020-06-23,San Bernardino,71,2135413,15052,9771,6,9777,229
2020-06-23,San Diego,73,3302833,14557,11296,0,11296,341
2020-06-23,San Francisco,75,870044,3640,3177,1,3178,48
2020-06-23,San Joaquin,77,732212,3796,2502,4,2506,48
2020-06-23,San Luis Obispo,79,281455,637,445,3,448,1
2020-06-23,San Mateo,81,765935,3304,2907,4,2911,81
2020-06-23,Santa Barbara,83,443738,3506,2498,12,2510,22
2020-06-23,Santa Clara,85,1922200,4824,3700,7,3707,155
2020-06-23,Santa Cruz,87,273765,395,313,0,313,2
2020-06-23,Shasta,89,179085,157,81,0,81,5
2020-06-23,Sierra,91,2930,1,1,0,1,0
2020-06-23,Siskiyou,93,43540,29,24,0,24,0
2020-06-23,Solano,95,438530,1478,941,6,947,21
2020-06-23,Sonoma,97,501317,1212,912,3,915,4
2020-06-23,Stanislaus,99,539301,3070,1850,5,1855,35
2020-06-23,Sutter,101,95872,146,112,0,112,2
2020-06-23,Tehama,103,63373,79,50,2,52,1
2020-06-23,Trinity,105,12862,5,2,2,4,0
2020-06-23,Tulare,107,460477,4625,3456,4,3460,111
2020-06-23,Tuolumne,109,53932,28,9,1,10,0
2020-06-23,Ventura,111,848112,3255,2209,7,2216,40
2020-06-23,Yolo,113,214977,545,350,0,350,24
2020-06-23,Yuba,115,75493,54,35,0,35,1
2020-06-22,Alameda,1,1643700,5988,4944,6,4950,121
2020-06-22,Alpine,3,1148,2,1,0,1,0
2020-06-22,Amador,5,37829,19,12,0,12,0
2020-06-22,Butte,7,227075,180,104,6,110,1
2020-06-22,Calaveras,9,45235,38,20,0,20,0
2020-06-22,Colusa,11,21464,37,7,0,7,0
2020-06-22,Contra Costa,13,1133247,2961,2363,2,2365,60
2020-06-22,Del Norte,15,27424,48,46,0,46,0
2020-06-22,El Dorado,17,186661,209,137,0,137,0
2020-06-22,Fresno,19,978130,6913,3425,57,3482,67
2020-06-22,Glenn,21,27897,111,40,0,40,0
2020-06-22,Humboldt,23,135768,148,110,0,110,3
2020-06-22,Imperial,25,180216,7198,4700,6,4706,38
2020-06-22,Inyo,27,18085,29,26,0,26,1
2020-06-22,Kern,29,883053,6237,3982,12,3994,60
2020-06-22,Kings,31,150075,2385,1513,4,1517,13
2020-06-22,Lake,33,64148,54,37,0,37,0
2020-06-22,Lassen,35,31185,115,7,2,9,0
2020-06-22,Los Angeles,37,10098052,99797,85925,25,85950,3117
2020-06-22,Madera,39,155013,688,333,0,333,4
2020-06-22,Marin,41,260295,1716,1029,4,1033,17
2020-06-22,Mariposa,43,17540,25,18,0,18,1
2020-06-22,Mendocino,45,87422,74,48,0,48,0
2020-06-22,Merced,47,269075,1167,619,0,619,8
2020-06-22,Modoc,49,8938,1,0,0,0,0
2020-06-22,Mono,51,14174,42,34,0,34,1
2020-06-22,Monterey,53,433212,1709,1293,4,1297,12
2020-06-22,Napa,55,140530,334,222,0,222,3
2020-06-22,Nevada,57,99092,111,79,1,80,1
2020-06-22,Orange,59,3164182,17093,10711,115,10826,275
2020-06-22,Placer,61,380077,729,512,2,514,9
2020-06-22,Plumas,63,18699,7,6,0,6,0
2020-06-22,Riverside,65,2383286,18464,13948,9,13957,403
2020-06-22,Sacramento,67,1510023,2964,2243,2,2245,62
2020-06-22,San Benito,69,59416,226,164,0,164,2
2020-06-22,San Bernardino,71,2135413,14276,9133,6,9139,229
2020-06-22,San Diego,73,3302833,14066,11098,0,11098,338
2020-06-22,San Francisco,75,870044,3547,3000,1,3001,47
2020-06-22,San Joaquin,77,732212,3549,2332,4,2336,48
2020-06-22,San Luis Obispo,79,281455,605,422,3,425,1
2020-06-22,San Mateo,81,765935,3231,2813,4,2817,81
2020-06-22,Santa Barbara,83,443738,3414,2447,12,2459,21
2020-06-22,Santa Clara,85,1922200,4664,3580,7,3587,155
2020-06-22,Santa Cruz,87,273765,382,290,0,290,3
2020-06-22,Shasta,89,179085,154,77,0,77,5
2020-06-22,Sierra,91,2930,1,1,0,1,0
2020-06-22,Siskiyou,93,43540,29,23,0,23,0
2020-06-22,Solano,95,438530,1400,784,5,789,21
2020-06-22,Sonoma,97,501317,1167,860,1,861,4
2020-06-22,Stanislaus,99,539301,2885,1784,5,1789,35
2020-06-22,Sutter,101,95872,137,100,0,100,2
2020-06-22,Tehama,103,63373,75,38,2,40,1
2020-06-22,Trinity,105,12862,5,2,2,4,0
2020-06-22,Tulare,107,460477,4488,3185,4,3189,111
2020-06-22,Tuolumne,109,53932,19,8,1,9,0
2020-06-22,Ventura,111,848112,3106,2065,7,2072,39
2020-06-22,Yolo,113,214977,518,333,0,333,24
2020-06-22,Yuba,115,75493,49,36,0,36,1
2020-06-21,Alameda,1,1643700,5792,4835,6,4841,121
2020-06-21,Alpine,3,1148,2,1,0,1,0
2020-06-21,Amador,5,37829,14,12,0,12,0
2020-06-21,Butte,7,227075,166,97,6,103,1
2020-06-21,Calaveras,9,45235,38,20,0,20,0
2020-06-21,Colusa,11,21464,29,7,0,7,0
2020-06-21,Contra Costa,13,1133247,2835,2282,2,2284,60
2020-06-21,Del Norte,15,27424,47,46,0,46,0
2020-06-21,El Dorado,17,186661,200,132,0,132,0
2020-06-21,Fresno,19,978130,6343,3296,56,3352,67
2020-06-21,Glenn,21,27897,102,40,0,40,0
2020-06-21,Humboldt,23,135768,143,108,0,108,3
2020-06-21,Imperial,25,180216,7015,4701,6,4707,38
2020-06-21,Inyo,27,18085,27,26,0,26,1
2020-06-21,Kern,29,883053,5945,3918,11,3929,60
2020-06-21,Kings,31,150075,2322,1334,4,1338,11
2020-06-21,Lake,33,64148,49,36,0,36,0
2020-06-21,Lassen,35,31185,22,7,2,9,0
2020-06-21,Los Angeles,37,10098052,96918,83383,25,83408,3101
2020-06-21,Madera,39,155013,654,319,0,319,4
2020-06-21,Marin,41,260295,1559,907,4,911,17
2020-06-21,Mariposa,43,17540,22,18,0,18,1
2020-06-21,Mendocino,45,87422,71,48,0,48,0
2020-06-21,Merced,47,269075,1072,577,0,577,8
2020-06-21,Modoc,49,8938,1,0,0,0,0
2020-06-21,Mono,51,14174,42,34,0,34,1
2020-06-21,Monterey,53,433212,1636,1227,4,1231,12
2020-06-21,Napa,55,140530,319,218,0,218,3
2020-06-21,Nevada,57,99092,108,79,1,80,1
2020-06-21,Orange,59,3164182,16256,10563,111,10674,275
2020-06-21,Placer,61,380077,690,498,2,500,9
2020-06-21,Plumas,63,18699,7,6,0,6,0
2020-06-21,Riverside,65,2383286,17759,13528,8,13536,402
2020-06-21,Sacramento,67,1510023,2764,2156,2,2158,62
2020-06-21,San Benito,69,59416,212,151,0,151,2
2020-06-21,San Bernardino,71,2135413,13500,8925,5,8930,229
2020-06-21,San Diego,73,3302833,13521,10796,0,10796,338
2020-06-21,San Francisco,75,870044,3441,3000,1,3001,47
2020-06-21,San Joaquin,77,732212,3313,2188,4,2192,48
2020-06-21,San Luis Obispo,79,281455,580,418,3,421,1
2020-06-21,San Mateo,81,765935,3173,2781,4,2785,81
2020-06-21,Santa Barbara,83,443738,3307,2430,11,2441,21
2020-06-21,Santa Clara,85,1922200,4526,3514,7,3521,154
2020-06-21,Santa Cruz,87,273765,372,290,0,290,3
2020-06-21,Shasta,89,179085,144,75,0,75,5
2020-06-21,Sierra,91,2930,1,1,0,1,0
2020-06-21,Siskiyou,93,43540,29,23,0,23,0
2020-06-21,Solano,95,438530,1300,783,4,787,21
2020-06-21,Sonoma,97,501317,1117,836,1,837,4
2020-06-21,Stanislaus,99,539301,2699,1688,5,1693,35
2020-06-21,Sutter,101,95872,129,96,0,96,2
2020-06-21,Tehama,103,63373,64,35,2,37,1
2020-06-21,Trinity,105,12862,5,2,2,4,0
2020-06-21,Tulare,107,460477,4320,3173,4,3177,111
2020-06-21,Tuolumne,109,53932,17,8,1,9,0
2020-06-21,Ventura,111,848112,2928,2021,7,2028,39
2020-06-21,Yolo,113,214977,486,323,0,323,24
2020-06-21,Yuba,115,75493,45,35,0,35,1
2020-06-20,Alameda,1,1643700,5730,4758,6,4764,119
2020-06-20,Alpine,3,1148,2,1,0,1,0
2020-06-20,Amador,5,37829,14,12,0,12,0
2020-06-20,Butte,7,227075,159,94,6,100,1
2020-06-20,Calaveras,9,45235,38,20,0,20,0
2020-06-20,Colusa,11,21464,26,7,0,7,0
2020-06-20,Contra Costa,13,1133247,2777,2231,2,2233,54
2020-06-20,Del Norte,15,27424,47,46,0,46,0
2020-06-20,El Dorado,17,186661,195,130,0,130,0
2020-06-20,Fresno,19,978130,6218,3222,54,3276,67
2020-06-20,Glenn,21,27897,97,40,0,40,0
2020-06-20,Humboldt,23,135768,143,108,0,108,3
2020-06-20,Imperial,25,180216,6934,4616,6,4622,37
2020-06-20,Inyo,27,18085,27,26,0,26,1
2020-06-20,Kern,29,883053,5781,3836,11,3847,59
2020-06-20,Kings,31,150075,2298,1331,4,1335,9
2020-06-20,Lake,33,64148,49,37,0,37,0
2020-06-20,Lassen,35,31185,21,7,2,9,0
2020-06-20,Los Angeles,37,10098052,95346,81604,24,81628,3093
2020-06-20,Madera,39,155013,621,321,0,321,4
2020-06-20,Marin,41,260295,1539,879,4,883,17
2020-06-20,Mariposa,43,17540,22,18,0,18,1
2020-06-20,Mendocino,45,87422,70,48,0,48,0
2020-06-20,Merced,47,269075,1032,566,0,566,8
2020-06-20,Modoc,49,8938,1,0,0,0,0
2020-06-20,Mono,51,14174,42,34,0,34,1
2020-06-20,Monterey,53,433212,1600,1181,4,1185,12
2020-06-20,Napa,55,140530,310,212,0,212,3
2020-06-20,Nevada,57,99092,105,73,1,74,1
2020-06-20,Orange,59,3164182,15909,10284,107,10391,273
2020-06-20,Placer,61,380077,666,483,2,485,9
2020-06-20,Plumas,63,18699,6,6,0,6,0
2020-06-20,Riverside,65,2383286,17460,13021,8,13029,402
2020-06-20,Sacramento,67,1510023,2695,2069,2,2071,63
2020-06-20,San Benito,69,59416,208,139,0,139,2
2020-06-20,San Bernardino,71,2135413,13138,8718,5,8723,229
2020-06-20,San Diego,73,3302833,13198,10486,0,10486,338
2020-06-20,San Francisco,75,870044,3398,2999,1,3000,47
2020-06-20,San Joaquin,77,732212,3230,2046,4,2050,48
2020-06-20,San Luis Obispo,79,281455,567,405,3,408,1
2020-06-20,San Mateo,81,765935,3125,2755,4,2759,81
2020-06-20,Santa Barbara,83,443738,3251,2358,10,2368,21
2020-06-20,Santa Clara,85,1922200,4454,3435,7,3442,154
2020-06-20,Santa Cruz,87,273765,370,287,0,287,3
2020-06-20,Shasta,89,179085,138,66,0,66,5
2020-06-20,Sierra,91,2930,1,1,0,1,0
2020-06-20,Siskiyou,93,43540,28,22,0,22,0
2020-06-20,Solano,95,438530,1276,784,4,788,21
2020-06-20,Sonoma,97,501317,1081,806,1,807,4
2020-06-20,Stanislaus,99,539301,2591,1598,5,1603,35
2020-06-20,Sutter,101,95872,127,89,0,89,2
2020-06-20,Tehama,103,63373,62,35,2,37,1
2020-06-20,Trinity,105,12862,5,2,2,4,0
2020-06-20,Tulare,107,460477,4247,3172,4,3176,111
2020-06-20,Tuolumne,109,53932,14,8,1,9,0
2020-06-20,Ventura,111,848112,2863,1946,7,1953,37
2020-06-20,Yolo,113,214977,470,309,0,309,24
2020-06-20,Yuba,115,75493,43,34,0,34,1
2020-06-19,Alameda,1,1643700,5659,4646,6,4652,119
2020-06-19,Alpine,3,1148,2,1,0,1,0
2020-06-19,Amador,5,37829,14,12,0,12,0
2020-06-19,Butte,7,227075,154,91,6,97,1
2020-06-19,Calaveras,9,45235,37,20,0,20,0
2020-06-19,Colusa,11,21464,24,7,0,7,0
2020-06-19,Contra Costa,13,1133247,2697,2106,2,2108,54
2020-06-19,Del Norte,15,27424,47,46,0,46,0
2020-06-19,El Dorado,17,186661,186,124,0,124,0
2020-06-19,Fresno,19,978130,6056,3109,52,3161,61
2020-06-19,Glenn,21,27897,91,40,0,40,0
2020-06-19,Humboldt,23,135768,141,106,0,106,3
2020-06-19,Imperial,25,180216,6843,4504,6,4510,36
2020-06-19,Inyo,27,18085,27,26,0,26,1
2020-06-19,Kern,29,883053,5558,3742,10,3752,57
2020-06-19,Kings,31,150075,2277,1285,4,1289,9
2020-06-19,Lake,33,64148,46,36,0,36,0
2020-06-19,Lassen,35,31185,20,7,2,9,0
2020-06-19,Los Angeles,37,10098052,93366,79572,24,79596,3047
2020-06-19,Madera,39,155013,602,300,0,300,4
2020-06-19,Marin,41,260295,1510,829,4,833,17
2020-06-19,Mariposa,43,17540,21,18,0,18,1
2020-06-19,Mendocino,45,87422,69,48,0,48,0
2020-06-19,Merced,47,269075,987,529,0,529,8
2020-06-19,Modoc,49,8938,1,0,0,0,0
2020-06-19,Mono,51,14174,42,34,0,34,1
2020-06-19,Monterey,53,433212,1571,1159,4,1163,12
2020-06-19,Napa,55,140530,300,209,0,209,3
2020-06-19,Nevada,57,99092,102,71,1,72,1
2020-06-19,Orange,59,3164182,15384,9972,99,10071,260
2020-06-19,Placer,61,380077,648,464,2,466,9
2020-06-19,Plumas,63,18699,6,5,0,5,0
2020-06-19,Riverside,65,2383286,17054,12710,8,12718,398
2020-06-19,Sacramento,67,1510023,2611,1976,2,1978,64
2020-06-19,San Benito,69,59416,207,136,0,136,2
2020-06-19,San Bernardino,71,2135413,12732,8454,4,8458,226
2020-06-19,San Diego,73,3302833,12835,10352,0,10352,332
2020-06-19,San Francisco,75,870044,3343,2968,1,2969,47
2020-06-19,San Joaquin,77,732212,3107,1969,4,1973,48
2020-06-19,San Luis Obispo,79,281455,552,392,3,395,1
2020-06-19,San Mateo,81,765935,3086,2713,4,2717,81
2020-06-19,Santa Barbara,83,443738,3178,2284,8,2292,21
2020-06-19,Santa Clara,85,1922200,4379,3376,7,3383,154
2020-06-19,Santa Cruz,87,273765,360,283,0,283,3
2020-06-19,Shasta,89,179085,134,58,0,58,5
2020-06-19,Sierra,91,2930,1,1,0,1,0
2020-06-19,Siskiyou,93,43540,28,21,0,21,0
2020-06-19,Solano,95,438530,1238,755,4,759,21
2020-06-19,Sonoma,97,501317,1054,803,1,804,4
2020-06-19,Stanislaus,99,539301,2481,1549,5,1554,35
2020-06-19,Sutter,101,95872,126,89,0,89,2
2020-06-19,Tehama,103,63373,61,35,2,37,1
2020-06-19,Trinity,105,12862,5,2,2,4,0
2020-06-19,Tulare,107,460477,4175,3053,4,3057,107
2020-06-19,Tuolumne,109,53932,13,8,1,9,0
2020-06-19,Ventura,111,848112,2779,1865,7,1872,37
2020-06-19,Yolo,113,214977,451,303,0,303,24
2020-06-19,Yuba,115,75493,42,33,0,33,1
2020-06-18,Alameda,1,1643700,5530,4589,6,4595,118
2020-06-18,Alpine,3,1148,2,1,0,1,0
2020-06-18,Amador,5,37829,13,12,0,12,0
2020-06-18,Butte,7,227075,149,88,6,94,1
2020-06-18,Calaveras,9,45235,37,20,0,20,0
2020-06-18,Colusa,11,21464,20,7,0,7,0
2020-06-18,Contra Costa,13,1133247,2591,2072,2,2074,53
2020-06-18,Del Norte,15,27424,47,46,0,46,0
2020-06-18,El Dorado,17,186661,182,121,0,121,0
2020-06-18,Fresno,19,978130,5789,2947,51,2998,57
2020-06-18,Glenn,21,27897,82,35,0,35,0
2020-06-18,Humboldt,23,135768,140,106,0,106,3
2020-06-18,Imperial,25,180216,6694,4366,6,4372,36
2020-06-18,Inyo,27,18085,26,25,0,25,1
2020-06-18,Kern,29,883053,5340,3634,10,3644,57
2020-06-18,Kings,31,150075,2218,1141,4,1145,8
2020-06-18,Lake,33,64148,45,36,0,36,0
2020-06-18,Lassen,35,31185,19,5,2,7,0
2020-06-18,Los Angeles,37,10098052,91100,78244,24,78268,3009
2020-06-18,Madera,39,155013,567,288,0,288,4
2020-06-18,Marin,41,260295,1447,819,4,823,17
2020-06-18,Mariposa,43,17540,19,18,0,18,1
2020-06-18,Mendocino,45,87422,65,45,0,45,0
2020-06-18,Merced,47,269075,934,486,0,486,7
2020-06-18,Modoc,49,8938,1,0,0,0,0
2020-06-18,Mono,51,14174,42,34,0,34,1
2020-06-18,Monterey,53,433212,1504,1127,4,1131,12
2020-06-18,Napa,55,140530,285,205,0,205,3
2020-06-18,Nevada,57,99092,98,68,1,69,1
2020-06-18,Orange,59,3164182,14728,9597,80,9677,255
2020-06-18,Placer,61,380077,626,457,2,459,9
2020-06-18,Plumas,63,18699,6,5,0,5,0
2020-06-18,Riverside,65,2383286,16441,12410,8,12418,392
2020-06-18,Sacramento,67,1510023,2496,1938,2,1940,63
2020-06-18,San Benito,69,59416,201,134,0,134,2
2020-06-18,San Bernardino,71,2135413,12096,8141,4,8145,226
2020-06-18,San Diego,73,3302833,12413,10094,0,10094,331
2020-06-18,San Francisco,75,870044,3294,2951,1,2952,47
2020-06-18,San Joaquin,77,732212,2955,1908,4,1912,47
2020-06-18,San Luis Obispo,79,281455,533,378,3,381,1
2020-06-18,San Mateo,81,765935,3047,2674,4,2678,78
2020-06-18,Santa Barbara,83,443738,3104,2201,8,2209,19
2020-06-18,Santa Clara,85,1922200,4279,3338,7,3345,152
2020-06-18,Santa Cruz,87,273765,343,275,0,275,3
2020-06-18,Shasta,89,179085,123,51,0,51,4
2020-06-18,Sierra,91,2930,1,1,0,1,0
2020-06-18,Siskiyou,93,43540,28,18,0,18,0
2020-06-18,Solano,95,438530,1200,735,4,739,21
2020-06-18,Sonoma,97,501317,1012,789,1,790,4
2020-06-18,Stanislaus,99,539301,2347,1495,5,1500,35
2020-06-18,Sutter,101,95872,122,85,0,85,2
2020-06-18,Tehama,103,63373,56,31,2,33,1
2020-06-18,Trinity,105,12862,5,2,2,4,0
2020-06-18,Tulare,107,460477,4055,3005,4,3009,107
2020-06-18,Tuolumne,109,53932,12,8,1,9,0
2020-06-18,Ventura,111,848112,2653,1781,7,1788,37
2020-06-18,Yolo,113,214977,418,294,0,294,24
2020-06-18,Yuba,115,75493,41,32,0,32,1
2020-06-17,Alameda,1,1643700,5407,4485,6,4491,117
2020-06-17,Alpine,3,1148,2,1,0,1,0
2020-06-17,Amador,5,37829,12,10,0,10,0
2020-06-17,Butte,7,227075,140,81,6,87,1
2020-06-17,Calaveras,9,45235,37,20,0,20,0
2020-06-17,Colusa,11,21464,19,7,0,7,0
2020-06-17,Contra Costa,13,1133247,2494,2020,2,2022,45
2020-06-17,Del Norte,15,27424,47,45,0,45,0
2020-06-17,El Dorado,17,186661,175,116,0,116,0
2020-06-17,Fresno,19,978130,5565,2801,49,2850,56
2020-06-17,Glenn,21,27897,75,31,0,31,0
2020-06-17,Humboldt,23,135768,138,105,0,105,3
2020-06-17,Imperial,25,180216,6522,4108,6,4114,36
2020-06-17,Inyo,27,18085,25,25,0,25,1
2020-06-17,Kern,29,883053,5139,3547,10,3557,56
2020-06-17,Kings,31,150075,2188,1097,4,1101,7
2020-06-17,Lake,33,64148,44,32,0,32,0
2020-06-17,Lassen,35,31185,15,5,2,7,0
2020-06-17,Los Angeles,37,10098052,88793,77166,24,77190,2973
2020-06-17,Madera,39,155013,545,258,0,258,4
2020-06-17,Marin,41,260295,1255,771,3,774,17
2020-06-17,Mariposa,43,17540,18,18,0,18,1
2020-06-17,Mendocino,45,87422,63,42,0,42,0
2020-06-17,Merced,47,269075,862,460,0,460,7
2020-06-17,Modoc,49,8938,1,0,0,0,0
2020-06-17,Mono,51,14174,42,34,0,34,1
2020-06-17,Monterey,53,433212,1452,1077,4,1081,12
2020-06-17,Napa,55,140530,270,202,0,202,3
2020-06-17,Nevada,57,99092,94,57,1,58,1
2020-06-17,Orange,59,3164182,14125,9278,75,9353,230
2020-06-17,Placer,61,380077,604,427,2,429,9
2020-06-17,Plumas,63,18699,6,5,0,5,0
2020-06-17,Riverside,65,2383286,15808,11859,8,11867,370
2020-06-17,Sacramento,67,1510023,2388,1889,2,1891,63
2020-06-17,San Benito,69,59416,196,116,0,116,2
2020-06-17,San Bernardino,71,2135413,11544,7670,4,7674,225
2020-06-17,San Diego,73,3302833,12034,9856,0,9856,327
2020-06-17,San Francisco,75,870044,3255,2906,1,2907,46
2020-06-17,San Joaquin,77,732212,2783,1825,4,1829,46
2020-06-17,San Luis Obispo,79,281455,516,362,3,365,1
2020-06-17,San Mateo,81,765935,3000,2649,4,2653,78
2020-06-17,Santa Barbara,83,443738,3031,2147,6,2153,19
2020-06-17,Santa Clara,85,1922200,4188,3264,6,3270,148
2020-06-17,Santa Cruz,87,273765,337,265,0,265,2
2020-06-17,Shasta,89,179085,121,51,0,51,4
2020-06-17,Sierra,91,2930,1,1,0,1,0
2020-06-17,Siskiyou,93,43540,27,16,0,16,0
2020-06-17,Solano,95,438530,1150,722,4,726,21
2020-06-17,Sonoma,97,501317,986,748,1,749,4
2020-06-17,Stanislaus,99,539301,2224,1387,5,1392,35
2020-06-17,Sutter,101,95872,116,79,0,79,2
2020-06-17,Tehama,103,63373,41,24,2,26,1
2020-06-17,Trinity,105,12862,5,2,2,4,0
2020-06-17,Tulare,107,460477,3946,2882,4,2886,106
2020-06-17,Tuolumne,109,53932,12,7,1,8,0
2020-06-17,Ventura,111,848112,2553,1729,7,1736,37
2020-06-17,Yolo,113,214977,398,277,0,277,24
2020-06-17,Yuba,115,75493,40,30,0,30,1
2020-06-16,Alameda,1,1643700,5291,4428,6,4434,113
2020-06-16,Alpine,3,1148,2,1,0,1,0
2020-06-16,Amador,5,37829,12,10,0,10,0
2020-06-16,Butte,7,227075,136,79,6,85,1
2020-06-16,Calaveras,9,45235,34,19,0,19,0
2020-06-16,Colusa,11,21464,16,7,0,7,0
2020-06-16,Contra Costa,13,1133247,2403,1971,1,1972,45
2020-06-16,Del Norte,15,27424,47,45,0,45,0
2020-06-16,El Dorado,17,186661,169,115,0,115,0
2020-06-16,Fresno,19,978130,5328,2731,48,2779,50
2020-06-16,Glenn,21,27897,71,30,0,30,0
2020-06-16,Humboldt,23,135768,135,105,0,105,3
2020-06-16,Imperial,25,180216,6362,3939,6,3945,36
2020-06-16,Inyo,27,18085,25,24,0,24,1
2020-06-16,Kern,29,883053,4915,3496,10,3506,55
2020-06-16,Kings,31,150075,2142,1044,4,1048,6
2020-06-16,Lake,33,64148,44,31,0,31,0
2020-06-16,Lassen,35,31185,12,5,2,7,0
2020-06-16,Los Angeles,37,10098052,86471,75051,24,75075,2942
2020-06-16,Madera,39,155013,519,239,0,239,3
2020-06-16,Marin,41,260295,1202,725,3,728,17
2020-06-16,Mariposa,43,17540,18,17,0,17,1
2020-06-16,Mendocino,45,87422,62,35,0,35,0
2020-06-16,Merced,47,269075,814,436,0,436,7
2020-06-16,Modoc,49,8938,1,0,0,0,0
2020-06-16,Mono,51,14174,42,34,0,34,1
2020-06-16,Monterey,53,433212,1404,1019,4,1023,12
2020-06-16,Napa,55,140530,255,196,0,196,3
2020-06-16,Nevada,57,99092,91,53,1,54,1
2020-06-16,Orange,59,3164182,13542,9163,73,9236,223
2020-06-16,Placer,61,380077,570,392,2,394,9
2020-06-16,Plumas,63,18699,6,5,0,5,0
2020-06-16,Riverside,65,2383286,15133,11638,8,11646,364
2020-06-16,Sacramento,67,1510023,2278,1825,2,1827,60
2020-06-16,San Benito,69,59416,188,110,0,110,2
2020-06-16,San Bernardino,71,2135413,11002,7463,4,7467,225
2020-06-16,San Diego,73,3302833,11672,9732,0,9732,323
2020-06-16,San Francisco,75,870044,3204,2893,1,2894,46
2020-06-16,San Joaquin,77,732212,2631,1718,4,1722,47
2020-06-16,San Luis Obispo,79,281455,493,343,3,346,1
2020-06-16,San Mateo,81,765935,2946,2618,4,2622,77
2020-06-16,Santa Barbara,83,443738,2964,2090,6,2096,16
2020-06-16,Santa Clara,85,1922200,4081,3228,5,3233,148
2020-06-16,Santa Cruz,87,273765,321,257,0,257,2
2020-06-16,Shasta,89,179085,112,51,0,51,4
2020-06-16,Sierra,91,2930,1,1,0,1,0
2020-06-16,Siskiyou,93,43540,26,15,0,15,0
2020-06-16,Solano,95,438530,1060,694,4,698,19
2020-06-16,Sonoma,97,501317,954,739,1,740,4
2020-06-16,Stanislaus,99,539301,2071,1278,5,1283,36
2020-06-16,Sutter,101,95872,109,73,0,73,2
2020-06-16,Tehama,103,63373,37,24,2,26,1
2020-06-16,Trinity,105,12862,5,2,2,4,0
2020-06-16,Tulare,107,460477,3828,2802,4,2806,96
2020-06-16,Tuolumne,109,53932,12,7,1,8,0
2020-06-16,Ventura,111,848112,2452,1676,7,1683,37
2020-06-16,Yolo,113,214977,374,262,0,262,24
2020-06-16,Yuba,115,75493,39,29,0,29,1
2020-06-15,Alameda,1,1643700,5166,4323,6,4329,112
2020-06-15,Alpine,3,1148,2,1,0,1,0
2020-06-15,Amador,5,37829,12,10,0,10,0
2020-06-15,Butte,7,227075,128,78,6,84,1
2020-06-15,Calaveras,9,45235,34,18,0,18,0
2020-06-15,Colusa,11,21464,14,7,0,7,0
2020-06-15,Contra Costa,13,1133247,2326,1918,1,1919,43
2020-06-15,Del Norte,15,27424,47,45,0,45,0
2020-06-15,El Dorado,17,186661,159,114,0,114,0
2020-06-15,Fresno,19,978130,5116,2616,47,2663,48
2020-06-15,Glenn,21,27897,66,21,0,21,0
2020-06-15,Humboldt,23,135768,133,105,0,105,3
2020-06-15,Imperial,25,180216,6187,3726,6,3732,36
2020-06-15,Inyo,27,18085,25,23,0,23,1
2020-06-15,Kern,29,883053,4691,3417,10,3427,55
2020-06-15,Kings,31,150075,2065,1022,4,1026,6
2020-06-15,Lake,33,64148,44,31,0,31,0
2020-06-15,Lassen,35,31185,12,5,2,7,0
2020-06-15,Los Angeles,37,10098052,84283,73705,24,73729,2908
2020-06-15,Madera,39,155013,497,203,0,203,3
2020-06-15,Marin,41,260295,1035,708,3,711,17
2020-06-15,Mariposa,43,17540,18,17,0,17,1
2020-06-15,Mendocino,45,87422,53,33,0,33,0
2020-06-15,Merced,47,269075,768,414,0,414,7
2020-06-15,Modoc,49,8938,1,0,0,0,0
2020-06-15,Mono,51,14174,42,34,0,34,1
2020-06-15,Monterey,53,433212,1338,998,4,1002,12
2020-06-15,Napa,55,140530,247,187,0,187,3
2020-06-15,Nevada,57,99092,85,52,1,53,1
2020-06-15,Orange,59,3164182,12976,8944,66,9010,212
2020-06-15,Placer,61,380077,549,386,2,388,9
2020-06-15,Plumas,63,18699,6,4,0,4,0
2020-06-15,Riverside,65,2383286,14511,11376,8,11384,364
2020-06-15,Sacramento,67,1510023,2163,1791,2,1793,60
2020-06-15,San Benito,69,59416,182,108,0,108,2
2020-06-15,San Bernardino,71,2135413,10497,7189,4,7193,224
2020-06-15,San Diego,73,3302833,11332,9612,0,9612,320
2020-06-15,San Francisco,75,870044,3160,2833,1,2834,45
2020-06-15,San Joaquin,77,732212,2495,1667,4,1671,43
2020-06-15,San Luis Obispo,79,281455,480,332,3,335,1
2020-06-15,San Mateo,81,765935,2899,2591,4,2595,75
2020-06-15,Santa Barbara,83,443738,2896,2054,6,2060,16
2020-06-15,Santa Clara,85,1922200,3981,3204,5,3209,148
2020-06-15,Santa Cruz,87,273765,310,254,0,254,2
2020-06-15,Shasta,89,179085,106,50,0,50,4
2020-06-15,Sierra,91,2930,1,1,0,1,0
2020-06-15,Siskiyou,93,43540,25,14,0,14,0
2020-06-15,Solano,95,438530,1000,638,4,642,19
2020-06-15,Sonoma,97,501317,925,726,1,727,4
2020-06-15,Stanislaus,99,539301,1954,1253,5,1258,35
2020-06-15,Sutter,101,95872,99,71,0,71,2
2020-06-15,Tehama,103,63373,37,17,2,19,1
2020-06-15,Trinity,105,12862,4,2,2,4,0
2020-06-15,Tulare,107,460477,3714,2662,4,2666,96
2020-06-15,Tuolumne,109,53932,11,7,1,8,0
2020-06-15,Ventura,111,848112,2371,1656,7,1663,37
2020-06-15,Yolo,113,214977,354,255,0,255,24
2020-06-15,Yuba,115,75493,39,28,0,28,1
2020-06-14,Alameda,1,1643700,5021,4271,6,4277,112
2020-06-14,Alpine,3,1148,2,1,0,1,0
2020-06-14,Amador,5,37829,12,10,0,10,0
2020-06-14,Butte,7,227075,121,78,6,84,1
2020-06-14,Calaveras,9,45235,33,18,0,18,0
2020-06-14,Colusa,11,21464,13,7,0,7,0
2020-06-14,Contra Costa,13,1133247,2257,1893,1,1894,43
2020-06-14,Del Norte,15,27424,47,45,0,45,0
2020-06-14,El Dorado,17,186661,155,110,0,110,0
2020-06-14,Fresno,19,978130,4931,2585,46,2631,48
2020-06-14,Glenn,21,27897,51,21,0,21,0
2020-06-14,Humboldt,23,135768,129,105,0,105,3
2020-06-14,Imperial,25,180216,5955,3730,6,3736,36
2020-06-14,Inyo,27,18085,24,23,0,23,1
2020-06-14,Kern,29,883053,4480,3328,10,3338,55
2020-06-14,Kings,31,150075,2014,1022,4,1026,6
2020-06-14,Lake,33,64148,41,31,0,31,0
2020-06-14,Lassen,35,31185,12,5,2,7,0
2020-06-14,Los Angeles,37,10098052,81956,72932,24,72956,2887
2020-06-14,Madera,39,155013,479,203,0,203,3
2020-06-14,Marin,41,260295,870,689,2,691,17
2020-06-14,Mariposa,43,17540,18,16,0,16,1
2020-06-14,Mendocino,45,87422,50,33,0,33,0
2020-06-14,Merced,47,269075,717,403,0,403,7
2020-06-14,Modoc,49,8938,1,0,0,0,0
2020-06-14,Mono,51,14174,42,34,0,34,1
2020-06-14,Monterey,53,433212,1277,949,4,953,12
2020-06-14,Napa,55,140530,225,181,0,181,3
2020-06-14,Nevada,57,99092,81,52,1,53,1
2020-06-14,Orange,59,3164182,12550,8744,63,8807,211
2020-06-14,Placer,61,380077,523,369,2,371,9
2020-06-14,Plumas,63,18699,5,4,0,4,0
2020-06-14,Riverside,65,2383286,14068,11218,8,11226,364
2020-06-14,Sacramento,67,1510023,2078,1750,2,1752,60
2020-06-14,San Benito,69,59416,171,104,0,104,2
2020-06-14,San Bernardino,71,2135413,9956,7015,4,7019,224
2020-06-14,San Diego,73,3302833,10957,9442,0,9442,319
2020-06-14,San Francisco,75,870044,3120,2834,1,2835,45
2020-06-14,San Joaquin,77,732212,2344,1603,4,1607,43
2020-06-14,San Luis Obispo,79,281455,465,330,3,333,1
2020-06-14,San Mateo,81,765935,2842,2571,4,2575,75
2020-06-14,Santa Barbara,83,443738,2819,2049,6,2055,17
2020-06-14,Santa Clara,85,1922200,3888,3178,5,3183,148
2020-06-14,Santa Cruz,87,273765,296,254,0,254,2
2020-06-14,Shasta,89,179085,100,48,0,48,4
2020-06-14,Sierra,91,2930,1,1,0,1,0
2020-06-14,Siskiyou,93,43540,24,13,0,13,0
2020-06-14,Solano,95,438530,951,638,4,642,19
2020-06-14,Sonoma,97,501317,897,724,1,725,4
2020-06-14,Stanislaus,99,539301,1806,1159,5,1164,35
2020-06-14,Sutter,101,95872,94,63,0,63,2
2020-06-14,Tehama,103,63373,34,17,2,19,1
2020-06-14,Trinity,105,12862,4,2,2,4,0
2020-06-14,Tulare,107,460477,3582,2646,4,2650,96
2020-06-14,Tuolumne,109,53932,11,7,1,8,0
2020-06-14,Ventura,111,848112,2273,1610,6,1616,37
2020-06-14,Yolo,113,214977,338,254,0,254,24
2020-06-14,Yuba,115,75493,38,28,0,28,1
2020-06-13,Alameda,1,1643700,4958,4196,6,4202,112
2020-06-13,Alpine,3,1148,2,1,0,1,0
2020-06-13,Amador,5,37829,11,10,0,10,0
2020-06-13,Butte,7,227075,112,72,6,78,1
2020-06-13,Calaveras,9,45235,31,18,0,18,0
2020-06-13,Colusa,11,21464,12,7,0,7,0
2020-06-13,Contra Costa,13,1133247,2221,1868,1,1869,43
2020-06-13,Del Norte,15,27424,47,45,0,45,0
2020-06-13,El Dorado,17,186661,151,110,0,110,0
2020-06-13,Fresno,19,978130,4833,2499,46,2545,48
2020-06-13,Glenn,21,27897,49,21,0,21,0
2020-06-13,Humboldt,23,135768,128,104,0,104,3
2020-06-13,Imperial,25,180216,5882,3646,6,3652,36
2020-06-13,Inyo,27,18085,24,23,0,23,1
2020-06-13,Kern,29,883053,4371,3239,10,3249,55
2020-06-13,Kings,31,150075,1994,1023,4,1027,6
2020-06-13,Lake,33,64148,40,29,0,29,0
2020-06-13,Lassen,35,31185,12,5,2,7,0
2020-06-13,Los Angeles,37,10098052,80917,71938,23,71961,2874
2020-06-13,Madera,39,155013,475,203,0,203,3
2020-06-13,Marin,41,260295,839,677,2,679,17
2020-06-13,Mariposa,43,17540,18,16,0,16,1
2020-06-13,Mendocino,45,87422,50,33,0,33,0
2020-06-13,Merced,47,269075,699,376,0,376,7
2020-06-13,Modoc,49,8938,1,0,0,0,0
2020-06-13,Mono,51,14174,42,35,0,35,1
2020-06-13,Monterey,53,433212,1239,900,4,904,11
2020-06-13,Napa,55,140530,222,171,0,171,3
2020-06-13,Nevada,57,99092,79,52,1,53,1
2020-06-13,Orange,59,3164182,12307,8581,59,8640,211
2020-06-13,Placer,61,380077,506,346,2,348,9
2020-06-13,Plumas,63,18699,5,4,0,4,0
2020-06-13,Riverside,65,2383286,13788,10931,8,10939,364
2020-06-13,Sacramento,67,1510023,2024,1713,2,1715,60
2020-06-13,San Benito,69,59416,164,99,0,99,2
2020-06-13,San Bernardino,71,2135413,9731,6885,4,6889,224
2020-06-13,San Diego,73,3302833,10785,9316,0,9316,319
2020-06-13,San Francisco,75,870044,3100,2834,1,2835,44
2020-06-13,San Joaquin,77,732212,2263,1461,4,1465,43
2020-06-13,San Luis Obispo,79,281455,454,326,3,329,1
2020-06-13,San Mateo,81,765935,2819,2551,4,2555,75
2020-06-13,Santa Barbara,83,443738,2761,1999,6,2005,15
2020-06-13,Santa Clara,85,1922200,3846,3141,5,3146,148
2020-06-13,Santa Cruz,87,273765,290,254,0,254,2
2020-06-13,Shasta,89,179085,98,48,0,48,4
2020-06-13,Sierra,91,2930,1,1,0,1,0
2020-06-13,Siskiyou,93,43540,24,13,0,13,0
2020-06-13,Solano,95,438530,923,637,4,641,19
2020-06-13,Sonoma,97,501317,882,711,1,712,4
2020-06-13,Stanislaus,99,539301,1749,1122,5,1127,33
2020-06-13,Sutter,101,95872,93,62,0,62,2
2020-06-13,Tehama,103,63373,33,17,2,19,1
2020-06-13,Trinity,105,12862,4,2,2,4,0
2020-06-13,Tulare,107,460477,3550,2626,4,2630,96
2020-06-13,Tuolumne,109,53932,10,7,1,8,0
2020-06-13,Ventura,111,848112,2227,1567,6,1573,37
2020-06-13,Yolo,113,214977,317,251,0,251,24
2020-06-13,Yuba,115,75493,38,28,0,28,1
2020-06-12,Alameda,1,1643700,4885,4167,6,4173,109
2020-06-12,Alpine,3,1148,2,1,0,1,0
2020-06-12,Amador,5,37829,11,10,0,10,0
2020-06-12,Butte,7,227075,108,71,6,77,1
2020-06-12,Calaveras,9,45235,28,18,0,18,0
2020-06-12,Colusa,11,21464,12,7,0,7,0
2020-06-12,Contra Costa,13,1133247,2184,1827,1,1828,43
2020-06-12,Del Norte,15,27424,47,45,0,45,0
2020-06-12,El Dorado,17,186661,151,110,0,110,0
2020-06-12,Fresno,19,978130,4697,2428,46,2474,47
2020-06-12,Glenn,21,27897,46,21,0,21,0
2020-06-12,Humboldt,23,135768,126,105,0,105,3
2020-06-12,Imperial,25,180216,5798,3543,6,3549,36
2020-06-12,Inyo,27,18085,24,23,0,23,1
2020-06-12,Kern,29,883053,4254,3152,10,3162,54
2020-06-12,Kings,31,150075,1981,987,4,991,6
2020-06-12,Lake,33,64148,39,29,0,29,0
2020-06-12,Lassen,35,31185,12,5,2,7,0
2020-06-12,Los Angeles,37,10098052,79509,70385,23,70408,2814
2020-06-12,Madera,39,155013,450,187,0,187,3
2020-06-12,Marin,41,260295,836,649,2,651,17
2020-06-12,Mariposa,43,17540,18,16,0,16,1
2020-06-12,Mendocino,45,87422,50,33,0,33,0
2020-06-12,Merced,47,269075,664,372,0,372,7
2020-06-12,Modoc,49,8938,1,0,0,0,0
2020-06-12,Mono,51,14174,39,35,0,35,1
2020-06-12,Monterey,53,433212,1198,864,3,867,11
2020-06-12,Napa,55,140530,219,162,0,162,3
2020-06-12,Nevada,57,99092,73,52,1,53,1
2020-06-12,Orange,59,3164182,12002,8440,58,8498,203
2020-06-12,Placer,61,380077,490,333,2,335,9
2020-06-12,Plumas,63,18699,5,4,0,4,0
2020-06-12,Riverside,65,2383286,13451,10616,8,10624,364
2020-06-12,Sacramento,67,1510023,1969,1702,2,1704,60
2020-06-12,San Benito,69,59416,157,96,0,96,2
2020-06-12,San Bernardino,71,2135413,9463,6707,4,6711,223
2020-06-12,San Diego,73,3302833,10615,9132,0,9132,313
2020-06-12,San Francisco,75,870044,3066,2823,1,2824,44
2020-06-12,San Joaquin,77,732212,2183,1406,4,1410,43
2020-06-12,San Luis Obispo,79,281455,438,321,3,324,1
2020-06-12,San Mateo,81,765935,2784,2533,4,2537,75
2020-06-12,Santa Barbara,83,443738,2707,1969,6,1975,14
2020-06-12,Santa Clara,85,1922200,3804,3099,5,3104,149
2020-06-12,Santa Cruz,87,273765,282,251,0,251,2
2020-06-12,Shasta,89,179085,91,48,0,48,5
2020-06-12,Sierra,91,2930,1,1,0,1,0
2020-06-12,Siskiyou,93,43540,24,13,0,13,0
2020-06-12,Solano,95,438530,909,620,4,624,19
2020-06-12,Sonoma,97,501317,863,696,1,697,4
2020-06-12,Stanislaus,99,539301,1690,1092,5,1097,33
2020-06-12,Sutter,101,95872,92,56,0,56,2
2020-06-12,Tehama,103,63373,32,13,2,15,1
2020-06-12,Trinity,105,12862,4,2,2,4,0
2020-06-12,Tulare,107,460477,3496,2552,4,2556,95
2020-06-12,Tuolumne,109,53932,10,7,1,8,0
2020-06-12,Ventura,111,848112,2175,1534,6,1540,35
2020-06-12,Yolo,113,214977,305,243,0,243,24
2020-06-12,Yuba,115,75493,36,27,0,27,1
2020-06-11,Alameda,1,1643700,4755,4073,5,4078,108
2020-06-11,Alpine,3,1148,2,1,0,1,0
2020-06-11,Amador,5,37829,10,10,0,10,0
2020-06-11,Butte,7,227075,102,72,6,78,1
2020-06-11,Calaveras,9,45235,27,16,0,16,0
2020-06-11,Colusa,11,21464,12,7,0,7,0
2020-06-11,Contra Costa,13,1133247,2131,1797,1,1798,43
2020-06-11,Del Norte,15,27424,47,45,0,45,0
2020-06-11,El Dorado,17,186661,143,109,0,109,0
2020-06-11,Fresno,19,978130,4542,2338,46,2384,45
2020-06-11,Glenn,21,27897,42,21,0,21,0
2020-06-11,Humboldt,23,135768,122,113,0,113,3
2020-06-11,Imperial,25,180216,5641,3463,6,3469,36
2020-06-11,Inyo,27,18085,22,23,0,23,1
2020-06-11,Kern,29,883053,4102,3047,8,3055,54
2020-06-11,Kings,31,150075,1947,963,4,967,6
2020-06-11,Lake,33,64148,39,28,0,28,0
2020-06-11,Lassen,35,31185,12,5,2,7,0
2020-06-11,Los Angeles,37,10098052,77842,68807,22,68829,2800
2020-06-11,Madera,39,155013,432,178,0,178,3
2020-06-11,Marin,41,260295,788,637,2,639,17
2020-06-11,Mariposa,43,17540,18,16,0,16,1
2020-06-11,Mendocino,45,87422,41,35,0,35,0
2020-06-11,Merced,47,269075,624,370,0,370,7
2020-06-11,Modoc,49,8938,1,0,0,0,0
2020-06-11,Mono,51,14174,39,35,0,35,1
2020-06-11,Monterey,53,433212,1151,813,3,816,11
2020-06-11,Napa,55,140530,210,162,0,162,3
2020-06-11,Nevada,57,99092,67,50,1,51,1
2020-06-11,Orange,59,3164182,11694,8304,57,8361,188
2020-06-11,Placer,61,380077,470,321,2,323,9
2020-06-11,Plumas,63,18699,5,4,0,4,0
2020-06-11,Riverside,65,2383286,13099,10014,8,10022,361
2020-06-11,Sacramento,67,1510023,1921,1669,2,1671,60
2020-06-11,San Benito,69,59416,151,94,0,94,2
2020-06-11,San Bernardino,71,2135413,9166,6509,4,6513,221
2020-06-11,San Diego,73,3302833,10385,9000,0,9000,308
2020-06-11,San Francisco,75,870044,3037,2766,1,2767,44
2020-06-11,San Joaquin,77,732212,2071,1351,4,1355,43
2020-06-11,San Luis Obispo,79,281455,424,307,3,310,1
2020-06-11,San Mateo,81,765935,2746,2499,4,2503,74
2020-06-11,Santa Barbara,83,443738,2642,1895,6,1901,14
2020-06-11,Santa Clara,85,1922200,3738,3049,5,3054,149
2020-06-11,Santa Cruz,87,273765,278,247,0,247,2
2020-06-11,Shasta,89,179085,84,47,0,47,5
2020-06-11,Sierra,91,2930,1,1,0,1,0
2020-06-11,Siskiyou,93,43540,24,14,0,14,0
2020-06-11,Solano,95,438530,883,616,4,620,19
2020-06-11,Sonoma,97,501317,840,682,1,683,4
2020-06-11,Stanislaus,99,539301,1599,1062,5,1067,30
2020-06-11,Sutter,101,95872,89,56,0,56,2
2020-06-11,Tehama,103,63373,27,10,2,12,1
2020-06-11,Trinity,105,12862,3,2,2,4,0
2020-06-11,Tulare,107,460477,3399,2473,4,2477,95
2020-06-11,Tuolumne,109,53932,10,7,1,8,0
2020-06-11,Ventura,111,848112,2098,1491,6,1497,34
2020-06-11,Yolo,113,214977,297,230,0,230,24
2020-06-11,Yuba,115,75493,36,27,0,27,1
2020-06-10,Alameda,1,1643700,4655,4027,4,4031,107
2020-06-10,Alpine,3,1148,2,1,0,1,0
2020-06-10,Amador,5,37829,10,10,0,10,0
2020-06-10,Butte,7,227075,99,71,6,77,1
2020-06-10,Calaveras,9,45235,27,16,0,16,0
2020-06-10,Colusa,11,21464,11,7,0,7,0
2020-06-10,Contra Costa,13,1133247,2087,1778,1,1779,43
2020-06-10,Del Norte,15,27424,47,45,0,45,0
2020-06-10,El Dorado,17,186661,140,109,0,109,0
2020-06-10,Fresno,19,978130,4366,2324,46,2370,45
2020-06-10,Glenn,21,27897,39,21,0,21,0
2020-06-10,Humboldt,23,135768,118,112,0,112,3
2020-06-10,Imperial,25,180216,5493,3454,6,3460,36
2020-06-10,Inyo,27,18085,22,23,0,23,1
2020-06-10,Kern,29,883053,3977,3000,8,3008,54
2020-06-10,Kings,31,150075,1900,952,3,955,6
2020-06-10,Lake,33,64148,39,28,0,28,0
2020-06-10,Lassen,35,31185,12,5,2,7,0
2020-06-10,Los Angeles,37,10098052,76321,67018,22,67040,2752
2020-06-10,Madera,39,155013,418,176,0,176,3
2020-06-10,Marin,41,260295,756,633,2,635,17
2020-06-10,Mariposa,43,17540,17,16,0,16,1
2020-06-10,Mendocino,45,87422,40,35,0,35,0
2020-06-10,Merced,47,269075,591,370,0,370,7
2020-06-10,Modoc,49,8938,1,0,0,0,0
2020-06-10,Mono,51,14174,39,35,0,35,1
2020-06-10,Monterey,53,433212,1097,791,3,794,11
2020-06-10,Napa,55,140530,207,159,0,159,3
2020-06-10,Nevada,57,99092,65,50,1,51,1
2020-06-10,Orange,59,3164182,11418,8222,54,8276,184
2020-06-10,Placer,61,380077,444,309,2,311,9
2020-06-10,Plumas,63,18699,5,4,0,4,0
2020-06-10,Riverside,65,2383286,12776,9857,8,9865,361
2020-06-10,Sacramento,67,1510023,1882,1643,2,1645,59
2020-06-10,San Benito,69,59416,142,94,0,94,2
2020-06-10,San Bernardino,71,2135413,8874,6438,4,6442,219
2020-06-10,San Diego,73,3302833,10221,8839,0,8839,305
2020-06-10,San Francisco,75,870044,3012,2774,1,2775,44
2020-06-10,San Joaquin,77,732212,1942,1282,4,1286,41
2020-06-10,San Luis Obispo,79,281455,405,306,3,309,1
2020-06-10,San Mateo,81,765935,2705,2492,4,2496,74
2020-06-10,Santa Barbara,83,443738,2586,1878,6,1884,13
2020-06-10,Santa Clara,85,1922200,3687,3032,5,3037,149
2020-06-10,Santa Cruz,87,273765,274,242,0,242,2
2020-06-10,Shasta,89,179085,79,45,0,45,5
2020-06-10,Sierra,91,2930,1,1,0,1,0
2020-06-10,Siskiyou,93,43540,24,14,0,14,0
2020-06-10,Solano,95,438530,847,608,4,612,19
2020-06-10,Sonoma,97,501317,822,673,1,674,4
2020-06-10,Stanislaus,99,539301,1509,1030,5,1035,29
2020-06-10,Sutter,101,95872,88,56,0,56,2
2020-06-10,Tehama,103,63373,25,10,2,12,1
2020-06-10,Trinity,105,12862,3,2,2,4,0
2020-06-10,Tulare,107,460477,3307,2455,4,2459,95
2020-06-10,Tuolumne,109,53932,10,7,1,8,0
2020-06-10,Ventura,111,848112,2052,1446,5,1451,34
2020-06-10,Yolo,113,214977,289,226,0,226,24
2020-06-10,Yuba,115,75493,35,27,0,27,1
2020-06-09,Alameda,1,1643700,4545,3963,4,3967,103
2020-06-09,Alpine,3,1148,2,1,0,1,0
2020-06-09,Amador,5,37829,10,10,0,10,0
2020-06-09,Butte,7,227075,98,70,6,76,1
2020-06-09,Calaveras,9,45235,27,16,0,16,0
2020-06-09,Colusa,11,21464,10,7,0,7,0
2020-06-09,Contra Costa,13,1133247,2046,1744,1,1745,42
2020-06-09,Del Norte,15,27424,47,45,0,45,0
2020-06-09,El Dorado,17,186661,134,108,0,108,0
2020-06-09,Fresno,19,978130,4214,2278,46,2324,43
2020-06-09,Glenn,21,27897,38,19,0,19,0
2020-06-09,Humboldt,23,135768,116,113,0,113,2
2020-06-09,Imperial,25,180216,5341,3067,6,3073,36
2020-06-09,Inyo,27,18085,22,22,0,22,1
2020-06-09,Kern,29,883053,3850,2920,8,2928,51
2020-06-09,Kings,31,150075,1868,934,3,937,6
2020-06-09,Lake,33,64148,39,28,0,28,0
2020-06-09,Lassen,35,31185,12,5,2,7,0
2020-06-09,Los Angeles,37,10098052,74663,65827,22,65849,2692
2020-06-09,Madera,39,155013,403,172,0,172,3
2020-06-09,Marin,41,260295,720,616,2,618,17
2020-06-09,Mariposa,43,17540,17,16,0,16,1
2020-06-09,Mendocino,45,87422,36,35,0,35,0
2020-06-09,Merced,47,269075,562,349,0,349,7
2020-06-09,Modoc,49,8938,1,0,0,0,0
2020-06-09,Mono,51,14174,39,35,0,35,1
2020-06-09,Monterey,53,433212,1056,772,3,775,11
2020-06-09,Napa,55,140530,197,156,0,156,3
2020-06-09,Nevada,57,99092,57,50,1,51,1
2020-06-09,Orange,59,3164182,11177,7991,52,8043,174
2020-06-09,Placer,61,380077,431,301,2,303,9
2020-06-09,Plumas,63,18699,5,4,0,4,0
2020-06-09,Riverside,65,2383286,12398,9511,8,9519,354
2020-06-09,Sacramento,67,1510023,1828,1625,2,1627,59
2020-06-09,San Benito,69,59416,136,95,0,95,2
2020-06-09,San Bernardino,71,2135413,8550,6268,3,6271,217
2020-06-09,San Diego,73,3302833,10036,8731,0,8731,301
2020-06-09,San Francisco,75,870044,2987,2749,1,2750,44
2020-06-09,San Joaquin,77,732212,1836,1240,4,1244,41
2020-06-09,San Luis Obispo,79,281455,392,301,2,303,1
2020-06-09,San Mateo,81,765935,2674,2463,4,2467,74
2020-06-09,Santa Barbara,83,443738,2524,1854,6,1860,13
2020-06-09,Santa Clara,85,1922200,3620,3006,5,3011,147
2020-06-09,Santa Cruz,87,273765,268,237,0,237,2
2020-06-09,Shasta,89,179085,75,44,0,44,4
2020-06-09,Sierra,91,2930,1,1,0,1,0
2020-06-09,Siskiyou,93,43540,19,10,0,10,0
2020-06-09,Solano,95,438530,812,596,4,600,18
2020-06-09,Sonoma,97,501317,799,661,1,662,4
2020-06-09,Stanislaus,99,539301,1408,993,5,998,25
2020-06-09,Sutter,101,95872,85,56,0,56,2
2020-06-09,Tehama,103,63373,25,9,2,11,1
2020-06-09,Trinity,105,12862,3,2,2,4,0
2020-06-09,Tulare,107,460477,3241,2393,4,2397,91
2020-06-09,Tuolumne,109,53932,10,8,1,9,0
2020-06-09,Ventura,111,848112,1986,1407,5,1412,34
2020-06-09,Yolo,113,214977,278,226,0,226,24
2020-06-09,Yuba,115,75493,34,27,0,27,1
2020-06-08,Alameda,1,1643700,4465,3937,4,3941,103
2020-06-08,Alpine,3,1148,2,1,0,1,0
2020-06-08,Amador,5,37829,10,10,0,10,0
2020-06-08,Butte,7,227075,94,68,6,74,1
2020-06-08,Calaveras,9,45235,27,16,0,16,0
2020-06-08,Colusa,11,21464,9,7,0,7,0
2020-06-08,Contra Costa,13,1133247,2003,1714,1,1715,41
2020-06-08,Del Norte,15,27424,47,45,0,45,0
2020-06-08,El Dorado,17,186661,130,107,0,107,0
2020-06-08,Fresno,19,978130,4089,2194,45,2239,42
2020-06-08,Glenn,21,27897,36,17,0,17,0
2020-06-08,Humboldt,23,135768,116,112,0,112,2
2020-06-08,Imperial,25,180216,5189,3051,6,3057,21
2020-06-08,Inyo,27,18085,22,22,0,22,1
2020-06-08,Kern,29,883053,3719,2853,8,2861,49
2020-06-08,Kings,31,150075,1792,892,3,895,6
2020-06-08,Lake,33,64148,39,28,0,28,0
2020-06-08,Lassen,35,31185,12,4,2,6,0
2020-06-08,Los Angeles,37,10098052,73201,64634,22,64656,2640
2020-06-08,Madera,39,155013,373,154,0,154,3
2020-06-08,Marin,41,260295,679,596,2,598,17
2020-06-08,Mariposa,43,17540,16,16,0,16,1
2020-06-08,Mendocino,45,87422,34,32,0,32,0
2020-06-08,Merced,47,269075,528,331,0,331,7
2020-06-08,Modoc,49,8938,1,0,0,0,0
2020-06-08,Mono,51,14174,39,35,0,35,1
2020-06-08,Monterey,53,433212,1005,751,2,753,10
2020-06-08,Napa,55,140530,181,151,0,151,3
2020-06-08,Nevada,57,99092,56,50,1,51,1
2020-06-08,Orange,59,3164182,10925,7786,51,7837,160
2020-06-08,Placer,61,380077,414,290,2,292,9
2020-06-08,Plumas,63,18699,5,4,0,4,0
2020-06-08,Riverside,65,2383286,12029,9246,8,9254,347
2020-06-08,Sacramento,67,1510023,1778,1591,2,1593,59
2020-06-08,San Benito,69,59416,129,93,0,93,2
2020-06-08,San Bernardino,71,2135413,8229,6122,3,6125,214
2020-06-08,San Diego,73,3302833,9879,8621,0,8621,296
2020-06-08,San Francisco,75,870044,2960,2715,1,2716,43
2020-06-08,San Joaquin,77,732212,1729,1198,4,1202,40
2020-06-08,San Luis Obispo,79,281455,386,300,2,302,1
2020-06-08,San Mateo,81,765935,2643,2431,3,2434,74
2020-06-08,Santa Barbara,83,443738,2461,1824,6,1830,13
2020-06-08,Santa Clara,85,1922200,3575,2971,5,2976,146
2020-06-08,Santa Cruz,87,273765,267,234,0,234,2
2020-06-08,Shasta,89,179085,71,43,0,43,4
2020-06-08,Sierra,91,2930,1,1,0,1,0
2020-06-08,Siskiyou,93,43540,19,8,0,8,0
2020-06-08,Solano,95,438530,785,560,4,564,19
2020-06-08,Sonoma,97,501317,783,654,1,655,4
2020-06-08,Stanislaus,99,539301,1326,956,5,961,28
2020-06-08,Sutter,101,95872,78,55,0,55,2
2020-06-08,Tehama,103,63373,19,8,2,10,1
2020-06-08,Trinity,105,12862,3,2,2,4,0
2020-06-08,Tulare,107,460477,3158,2301,4,2305,91
2020-06-08,Tuolumne,109,53932,9,8,1,9,0
2020-06-08,Ventura,111,848112,1928,1382,5,1387,30
2020-06-08,Yolo,113,214977,267,228,0,228,24
2020-06-08,Yuba,115,75493,32,27,0,27,1
2020-06-07,Alameda,1,1643700,4352,3866,4,3870,102
2020-06-07,Alpine,3,1148,2,1,0,1,0
2020-06-07,Amador,5,37829,10,10,0,10,0
2020-06-07,Butte,7,227075,92,64,5,69,1
2020-06-07,Calaveras,9,45235,25,16,0,16,0
2020-06-07,Colusa,11,21464,9,7,0,7,0
2020-06-07,Contra Costa,13,1133247,1952,1653,0,1653,38
2020-06-07,Del Norte,15,27424,45,45,0,45,0
2020-06-07,El Dorado,17,186661,130,104,0,104,0
2020-06-07,Fresno,19,978130,3959,2144,45,2189,41
2020-06-07,Glenn,21,27897,29,16,0,16,0
2020-06-07,Humboldt,23,135768,116,112,0,112,2
2020-06-07,Imperial,25,180216,5037,3048,6,3054,19
2020-06-07,Inyo,27,18085,22,21,0,21,1
2020-06-07,Kern,29,883053,3589,2771,8,2779,46
2020-06-07,Kings,31,150075,1743,882,3,885,6
2020-06-07,Lake,33,64148,36,28,0,28,0
2020-06-07,Lassen,35,31185,11,4,2,6,0
2020-06-07,Los Angeles,37,10098052,71499,63750,22,63772,2629
2020-06-07,Madera,39,155013,356,149,0,149,3
2020-06-07,Marin,41,260295,665,584,2,586,17
2020-06-07,Mariposa,43,17540,16,16,0,16,1
2020-06-07,Mendocino,45,87422,34,32,0,32,0
2020-06-07,Merced,47,269075,495,318,0,318,7
2020-06-07,Modoc,49,8938,1,0,0,0,0
2020-06-07,Mono,51,14174,39,35,0,35,1
2020-06-07,Monterey,53,433212,958,732,2,734,10
2020-06-07,Napa,55,140530,173,142,0,142,3
2020-06-07,Nevada,57,99092,55,50,1,51,1
2020-06-07,Orange,59,3164182,10668,7643,49,7692,158
2020-06-07,Placer,61,380077,392,273,2,275,9
2020-06-07,Plumas,63,18699,5,4,0,4,0
2020-06-07,Riverside,65,2383286,11733,9105,8,9113,344
2020-06-07,Sacramento,67,1510023,1732,1568,2,1570,59
2020-06-07,San Benito,69,59416,126,92,0,92,2
2020-06-07,San Bernardino,71,2135413,7945,6033,3,6036,214
2020-06-07,San Diego,73,3302833,9700,8478,0,8478,296
2020-06-07,San Francisco,75,870044,2916,2674,0,2674,43
2020-06-07,San Joaquin,77,732212,1628,1126,4,1130,37
2020-06-07,San Luis Obispo,79,281455,376,296,2,298,1
2020-06-07,San Mateo,81,765935,2616,2399,3,2402,73
2020-06-07,Santa Barbara,83,443738,2400,1818,6,1824,13
2020-06-07,Santa Clara,85,1922200,3524,2947,5,2952,146
2020-06-07,Santa Cruz,87,273765,259,230,0,230,2
2020-06-07,Shasta,89,179085,70,41,0,41,4
2020-06-07,Sierra,91,2930,1,1,0,1,0
2020-06-07,Siskiyou,93,43540,19,8,0,8,0
2020-06-07,Solano,95,438530,762,560,4,564,19
2020-06-07,Sonoma,97,501317,752,639,1,640,4
2020-06-07,Stanislaus,99,539301,1246,905,5,910,28
2020-06-07,Sutter,101,95872,70,55,0,55,2
2020-06-07,Tehama,103,63373,16,8,2,10,1
2020-06-07,Trinity,105,12862,2,2,2,4,0
2020-06-07,Tulare,107,460477,3036,2219,4,2223,90
2020-06-07,Tuolumne,109,53932,9,4,1,5,0
2020-06-07,Ventura,111,848112,1863,1337,5,1342,30
2020-06-07,Yolo,113,214977,257,224,0,224,24
2020-06-07,Yuba,115,75493,32,27,0,27,1
2020-06-06,Alameda,1,1643700,4307,3801,4,3805,102
2020-06-06,Alpine,3,1148,2,1,0,1,0
2020-06-06,Amador,5,37829,10,10,0,10,0
2020-06-06,Butte,7,227075,91,63,5,68,1
2020-06-06,Calaveras,9,45235,23,16,0,16,0
2020-06-06,Colusa,11,21464,9,7,0,7,0
2020-06-06,Contra Costa,13,1133247,1931,1619,0,1619,37
2020-06-06,Del Norte,15,27424,45,45,0,45,0
2020-06-06,El Dorado,17,186661,127,104,0,104,0
2020-06-06,Fresno,19,978130,3905,2117,45,2162,41
2020-06-06,Glenn,21,27897,27,16,0,16,0
2020-06-06,Humboldt,23,135768,116,112,0,112,2
2020-06-06,Imperial,25,180216,4961,3047,6,3053,19
2020-06-06,Inyo,27,18085,22,21,0,21,1
2020-06-06,Kern,29,883053,3519,2695,8,2703,46
2020-06-06,Kings,31,150075,1724,882,3,885,6
2020-06-06,Lake,33,64148,36,28,0,28,0
2020-06-06,Lassen,35,31185,11,4,2,6,0
2020-06-06,Los Angeles,37,10098052,70752,62269,22,62291,2607
2020-06-06,Madera,39,155013,347,149,0,149,3
2020-06-06,Marin,41,260295,660,556,2,558,17
2020-06-06,Mariposa,43,17540,16,16,0,16,1
2020-06-06,Mendocino,45,87422,34,32,0,32,0
2020-06-06,Merced,47,269075,493,315,0,315,7
2020-06-06,Modoc,49,8938,1,0,0,0,0
2020-06-06,Mono,51,14174,39,35,0,35,1
2020-06-06,Monterey,53,433212,934,679,2,681,10
2020-06-06,Napa,55,140530,167,136,0,136,3
2020-06-06,Nevada,57,99092,54,50,1,51,1
2020-06-06,Orange,59,3164182,10509,7576,48,7624,157
2020-06-06,Placer,61,380077,381,270,2,272,9
2020-06-06,Plumas,63,18699,5,4,0,4,0
2020-06-06,Riverside,65,2383286,11554,8935,8,8943,345
2020-06-06,Sacramento,67,1510023,1709,1533,2,1535,59
2020-06-06,San Benito,69,59416,116,92,0,92,2
2020-06-06,San Bernardino,71,2135413,7797,5946,3,5949,214
2020-06-06,San Diego,73,3302833,9579,8347,0,8347,296
2020-06-06,San Francisco,75,870044,2901,2674,0,2674,43
2020-06-06,San Joaquin,77,732212,1588,1076,4,1080,37
2020-06-06,San Luis Obispo,79,281455,370,295,2,297,1
2020-06-06,San Mateo,81,765935,2601,2342,3,2345,72
2020-06-06,Santa Barbara,83,443738,2360,1815,6,1821,13
2020-06-06,Santa Clara,85,1922200,3483,2934,5,2939,144
2020-06-06,Santa Cruz,87,273765,257,226,0,226,2
2020-06-06,Shasta,89,179085,70,40,0,40,4
2020-06-06,Sierra,91,2930,1,1,0,1,0
2020-06-06,Siskiyou,93,43540,17,8,0,8,0
2020-06-06,Solano,95,438530,747,560,4,564,19
2020-06-06,Sonoma,97,501317,740,622,1,623,4
2020-06-06,Stanislaus,99,539301,1212,858,5,863,27
2020-06-06,Sutter,101,95872,70,51,0,51,2
2020-06-06,Tehama,103,63373,15,8,2,10,1
2020-06-06,Trinity,105,12862,2,2,1,3,0
2020-06-06,Tulare,107,460477,3003,2213,4,2217,90
2020-06-06,Tuolumne,109,53932,9,4,1,5,0
2020-06-06,Ventura,111,848112,1839,1303,5,1308,30
2020-06-06,Yolo,113,214977,255,223,0,223,24
2020-06-06,Yuba,115,75493,32,27,0,27,1
2020-06-05,Alameda,1,1643700,4256,3734,4,3738,102
2020-06-05,Alpine,3,1148,2,1,0,1,0
2020-06-05,Amador,5,37829,10,10,0,10,0
2020-06-05,Butte,7,227075,88,61,5,66,1
2020-06-05,Calaveras,9,45235,22,16,0,16,0
2020-06-05,Colusa,11,21464,9,7,0,7,0
2020-06-05,Contra Costa,13,1133247,1916,1575,0,1575,37
2020-06-05,Del Norte,15,27424,45,45,0,45,0
2020-06-05,El Dorado,17,186661,126,101,0,101,0
2020-06-05,Fresno,19,978130,3841,2051,44,2095,38
2020-06-05,Glenn,21,27897,25,16,0,16,0
2020-06-05,Humboldt,23,135768,115,111,0,111,2
2020-06-05,Imperial,25,180216,4855,2778,6,2784,19
2020-06-05,Inyo,27,18085,22,21,0,21,1
2020-06-05,Kern,29,883053,3430,2624,8,2632,46
2020-06-05,Kings,31,150075,1709,865,3,868,6
2020-06-05,Lake,33,64148,35,28,0,28,0
2020-06-05,Lassen,35,31185,10,4,2,6,0
2020-06-05,Los Angeles,37,10098052,69605,60955,22,60977,2553
2020-06-05,Madera,39,155013,325,144,0,144,3
2020-06-05,Marin,41,260295,651,546,2,548,17
2020-06-05,Mariposa,43,17540,16,16,0,16,1
2020-06-05,Mendocino,45,87422,34,32,0,32,0
2020-06-05,Merced,47,269075,491,309,0,309,7
2020-06-05,Modoc,49,8938,1,0,0,0,0
2020-06-05,Mono,51,14174,39,35,0,35,1
2020-06-05,Monterey,53,433212,902,649,2,651,10
2020-06-05,Napa,55,140530,164,123,0,123,3
2020-06-05,Nevada,57,99092,54,50,1,51,1
2020-06-05,Orange,59,3164182,10314,7391,46,7437,153
2020-06-05,Placer,61,380077,371,265,2,267,9
2020-06-05,Plumas,63,18699,5,4,0,4,0
2020-06-05,Riverside,65,2383286,11294,8700,8,8708,345
2020-06-05,Sacramento,67,1510023,1687,1514,2,1516,59
2020-06-05,San Benito,69,59416,114,92,0,92,2
2020-06-05,San Bernardino,71,2135413,7615,5869,2,5871,212
2020-06-05,San Diego,73,3302833,9464,8182,0,8182,294
2020-06-05,San Francisco,75,870044,2883,2675,0,2675,43
2020-06-05,San Joaquin,77,732212,1509,1046,4,1050,36
2020-06-05,San Luis Obispo,79,281455,363,293,2,295,1
2020-06-05,San Mateo,81,765935,2576,2331,3,2334,72
2020-06-05,Santa Barbara,83,443738,2324,1795,6,1801,13
2020-06-05,Santa Clara,85,1922200,3458,2902,5,2907,144
2020-06-05,Santa Cruz,87,273765,254,222,0,222,2
2020-06-05,Shasta,89,179085,69,40,0,40,4
2020-06-05,Sierra,91,2930,1,1,0,1,0
2020-06-05,Siskiyou,93,43540,15,8,0,8,0
2020-06-05,Solano,95,438530,740,558,4,562,19
2020-06-05,Sonoma,97,501317,719,618,1,619,4
2020-06-05,Stanislaus,99,539301,1179,842,5,847,27
2020-06-05,Sutter,101,95872,70,49,0,49,2
2020-06-05,Tehama,103,63373,15,7,2,9,1
2020-06-05,Trinity,105,12862,2,1,1,2,0
2020-06-05,Tulare,107,460477,2954,2180,4,2184,90
2020-06-05,Tuolumne,109,53932,9,4,1,5,0
2020-06-05,Ventura,111,848112,1806,1274,5,1279,30
2020-06-05,Yolo,113,214977,254,216,0,216,24
2020-06-05,Yuba,115,75493,32,27,0,27,1
2020-06-04,Alameda,1,1643700,4157,3643,4,3647,99
2020-06-04,Alpine,3,1148,2,1,0,1,0
2020-06-04,Amador,5,37829,10,10,0,10,0
2020-06-04,Butte,7,227075,84,57,4,61,1
2020-06-04,Calaveras,9,45235,22,15,0,15,0
2020-06-04,Colusa,11,21464,9,7,0,7,0
2020-06-04,Contra Costa,13,1133247,1858,1551,0,1551,37
2020-06-04,Del Norte,15,27424,45,45,0,45,0
2020-06-04,El Dorado,17,186661,124,101,0,101,0
2020-06-04,Fresno,19,978130,3735,2007,44,2051,35
2020-06-04,Glenn,21,27897,22,16,0,16,0
2020-06-04,Humboldt,23,135768,115,109,0,109,2
2020-06-04,Imperial,25,180216,4672,2631,6,2637,19
2020-06-04,Inyo,27,18085,22,20,0,20,1
2020-06-04,Kern,29,883053,3314,2530,8,2538,46
2020-06-04,Kings,31,150075,1639,842,3,845,6
2020-06-04,Lake,33,64148,34,27,0,27,0
2020-06-04,Lassen,35,31185,8,4,2,6,0
2020-06-04,Los Angeles,37,10098052,68137,59596,22,59618,2515
2020-06-04,Madera,39,155013,317,127,0,127,3
2020-06-04,Marin,41,260295,629,533,2,535,14
2020-06-04,Mariposa,43,17540,16,16,0,16,1
2020-06-04,Mendocino,45,87422,34,29,0,29,0
2020-06-04,Merced,47,269075,471,304,0,304,7
2020-06-04,Modoc,49,8938,1,0,0,0,0
2020-06-04,Mono,51,14174,39,35,0,35,1
2020-06-04,Monterey,53,433212,867,621,1,622,10
2020-06-04,Napa,55,140530,160,117,0,117,3
2020-06-04,Nevada,57,99092,53,49,1,50,1
2020-06-04,Orange,59,3164182,10063,7192,45,7237,148
2020-06-04,Placer,61,380077,354,256,2,258,9
2020-06-04,Plumas,63,18699,4,4,0,4,0
2020-06-04,Riverside,65,2383286,11016,8473,8,8481,341
2020-06-04,Sacramento,67,1510023,1660,1492,2,1494,58
2020-06-04,San Benito,69,59416,112,88,0,88,2
2020-06-04,San Bernardino,71,2135413,7347,5726,2,5728,207
2020-06-04,San Diego,73,3302833,9301,7942,0,7942,288
2020-06-04,San Francisco,75,870044,2850,2636,0,2636,43
2020-06-04,San Joaquin,77,732212,1447,1016,4,1020,36
2020-06-04,San Luis Obispo,79,281455,355,288,2,290,1
2020-06-04,San Mateo,81,765935,2550,2284,3,2287,72
2020-06-04,Santa Barbara,83,443738,2285,1750,6,1756,13
2020-06-04,Santa Clara,85,1922200,3426,2871,5,2876,144
2020-06-04,Santa Cruz,87,273765,248,218,0,218,2
2020-06-04,Shasta,89,179085,63,40,0,40,4
2020-06-04,Sierra,91,2930,1,1,0,1,0
2020-06-04,Siskiyou,93,43540,14,8,0,8,0
2020-06-04,Solano,95,438530,723,551,4,555,19
2020-06-04,Sonoma,97,501317,700,591,1,592,4
2020-06-04,Stanislaus,99,539301,1103,806,5,811,28
2020-06-04,Sutter,101,95872,65,46,0,46,2
2020-06-04,Tehama,103,63373,14,6,2,8,1
2020-06-04,Trinity,105,12862,2,1,1,2,0
2020-06-04,Tulare,107,460477,2838,2086,4,2090,90
2020-06-04,Tuolumne,109,53932,8,4,1,5,0
2020-06-04,Ventura,111,848112,1763,1236,5,1241,30
2020-06-04,Yolo,113,214977,249,216,0,216,24
2020-06-04,Yuba,115,75493,31,27,0,27,1
2020-06-03,Alameda,1,1643700,4098,3589,3,3592,99
2020-06-03,Alpine,3,1148,2,1,0,1,0
2020-06-03,Amador,5,37829,10,10,0,10,0
2020-06-03,Butte,7,227075,82,53,4,57,1
2020-06-03,Calaveras,9,45235,21,15,0,15,0
2020-06-03,Colusa,11,21464,9,7,0,7,0
2020-06-03,Contra Costa,13,1133247,1810,1511,0,1511,37
2020-06-03,Del Norte,15,27424,45,39,0,39,0
2020-06-03,El Dorado,17,186661,121,90,0,90,0
2020-06-03,Fresno,19,978130,3639,1943,44,1987,35
2020-06-03,Glenn,21,27897,22,16,0,16,0
2020-06-03,Humboldt,23,135768,115,103,0,103,2
2020-06-03,Imperial,25,180216,4500,2540,6,2546,19
2020-06-03,Inyo,27,18085,22,20,0,20,1
2020-06-03,Kern,29,883053,3219,2452,8,2460,44
2020-06-03,Kings,31,150075,1574,744,3,747,6
2020-06-03,Lake,33,64148,32,26,0,26,0
2020-06-03,Lassen,35,31185,8,4,2,6,0
2020-06-03,Los Angeles,37,10098052,66530,58166,22,58188,2472
2020-06-03,Madera,39,155013,309,117,0,117,3
2020-06-03,Marin,41,260295,611,527,2,529,14
2020-06-03,Mariposa,43,17540,16,16,0,16,1
2020-06-03,Mendocino,45,87422,33,29,0,29,0
2020-06-03,Merced,47,269075,457,299,0,299,7
2020-06-03,Modoc,49,8938,1,0,0,0,0
2020-06-03,Mono,51,14174,39,35,0,35,1
2020-06-03,Monterey,53,433212,839,592,1,593,10
2020-06-03,Napa,55,140530,159,116,0,116,3
2020-06-03,Nevada,57,99092,52,43,1,44,1
2020-06-03,Orange,59,3164182,9836,6939,44,6983,145
2020-06-03,Placer,61,380077,336,243,2,245,9
2020-06-03,Plumas,63,18699,4,4,0,4,0
2020-06-03,Riverside,65,2383286,10741,8208,8,8216,335
2020-06-03,Sacramento,67,1510023,1630,1457,2,1459,58
2020-06-03,San Benito,69,59416,106,88,0,88,2
2020-06-03,San Bernardino,71,2135413,7124,5565,2,5567,203
2020-06-03,San Diego,73,3302833,9153,7800,0,7800,283
2020-06-03,San Francisco,75,870044,2819,2608,0,2608,43
2020-06-03,San Joaquin,77,732212,1382,1004,4,1008,35
2020-06-03,San Luis Obispo,79,281455,350,279,2,281,1
2020-06-03,San Mateo,81,765935,2522,2243,3,2246,71
2020-06-03,Santa Barbara,83,443738,2242,1722,6,1728,12
2020-06-03,Santa Clara,85,1922200,3386,2836,5,2841,144
2020-06-03,Santa Cruz,87,273765,242,217,0,217,2
2020-06-03,Shasta,89,179085,60,40,0,40,4
2020-06-03,Sierra,91,2930,1,1,0,1,0
2020-06-03,Siskiyou,93,43540,13,8,0,8,0
2020-06-03,Solano,95,438530,698,543,2,545,18
2020-06-03,Sonoma,97,501317,688,578,1,579,4
2020-06-03,Stanislaus,99,539301,1063,780,5,785,27
2020-06-03,Sutter,101,95872,57,45,0,45,2
2020-06-03,Tehama,103,63373,14,6,2,8,1
2020-06-03,Trinity,105,12862,2,1,1,2,0
2020-06-03,Tulare,107,460477,2769,2041,4,2045,88
2020-06-03,Tuolumne,109,53932,6,4,1,5,0
2020-06-03,Ventura,111,848112,1699,1202,5,1207,30
2020-06-03,Yolo,113,214977,245,213,0,213,24
2020-06-03,Yuba,115,75493,31,27,0,27,1
2020-06-02,Alameda,1,1643700,4022,3517,3,3520,99
2020-06-02,Alpine,3,1148,2,1,0,1,0
2020-06-02,Amador,5,37829,10,10,0,10,0
2020-06-02,Butte,7,227075,78,51,3,54,1
2020-06-02,Calaveras,9,45235,21,15,0,15,0
2020-06-02,Colusa,11,21464,9,7,0,7,0
2020-06-02,Contra Costa,13,1133247,1778,1505,0,1505,37
2020-06-02,Del Norte,15,27424,45,39,0,39,0
2020-06-02,El Dorado,17,186661,120,88,0,88,0
2020-06-02,Fresno,19,978130,3527,1917,44,1961,34
2020-06-02,Glenn,21,27897,21,16,0,16,0
2020-06-02,Humboldt,23,135768,115,101,0,101,2
2020-06-02,Imperial,25,180216,4307,2459,6,2465,19
2020-06-02,Inyo,27,18085,20,20,0,20,1
2020-06-02,Kern,29,883053,3120,2406,6,2412,41
2020-06-02,Kings,31,150075,1546,720,3,723,5
2020-06-02,Lake,33,64148,32,25,0,25,0
2020-06-02,Lassen,35,31185,7,4,2,6,0
2020-06-02,Los Angeles,37,10098052,65129,57144,22,57166,2430
2020-06-02,Madera,39,155013,288,110,0,110,2
2020-06-02,Marin,41,260295,584,509,2,511,14
2020-06-02,Mariposa,43,17540,16,16,0,16,1
2020-06-02,Mendocino,45,87422,33,29,0,29,0
2020-06-02,Merced,47,269075,441,297,0,297,6
2020-06-02,Modoc,49,8938,1,0,0,0,0
2020-06-02,Mono,51,14174,39,35,0,35,1
2020-06-02,Monterey,53,433212,809,582,1,583,10
2020-06-02,Napa,55,140530,150,116,0,116,3
2020-06-02,Nevada,57,99092,51,41,1,42,1
2020-06-02,Orange,59,3164182,9635,6790,43,6833,142
2020-06-02,Placer,61,380077,322,226,2,228,9
2020-06-02,Plumas,63,18699,4,4,0,4,0
2020-06-02,Riverside,65,2383286,10446,8091,7,8098,330
2020-06-02,Sacramento,67,1510023,1601,1428,2,1430,58
2020-06-02,San Benito,69,59416,105,86,0,86,2
2020-06-02,San Bernardino,71,2135413,6918,5438,2,5440,202
2020-06-02,San Diego,73,3302833,9007,7676,0,7676,276
2020-06-02,San Francisco,75,870044,2784,2554,0,2554,43
2020-06-02,San Joaquin,77,732212,1316,985,4,989,35
2020-06-02,San Luis Obispo,79,281455,345,275,2,277,1
2020-06-02,San Mateo,81,765935,2487,2203,3,2206,71
2020-06-02,Santa Barbara,83,443738,2197,1703,6,1709,12
2020-06-02,Santa Clara,85,1922200,3336,2819,5,2824,144
2020-06-02,Santa Cruz,87,273765,237,215,0,215,2
2020-06-02,Shasta,89,179085,59,38,0,38,4
2020-06-02,Sierra,91,2930,1,1,0,1,0
2020-06-02,Siskiyou,93,43540,12,8,0,8,0
2020-06-02,Solano,95,438530,683,537,1,538,18
2020-06-02,Sonoma,97,501317,677,571,1,572,4
2020-06-02,Stanislaus,99,539301,1004,772,5,777,27
2020-06-02,Sutter,101,95872,54,43,0,43,2
2020-06-02,Tehama,103,63373,14,6,2,8,1
2020-06-02,Trinity,105,12862,2,1,1,2,0
2020-06-02,Tulare,107,460477,2689,2012,4,2016,86
2020-06-02,Tuolumne,109,53932,6,4,1,5,0
2020-06-02,Ventura,111,848112,1649,1178,5,1183,30
2020-06-02,Yolo,113,214977,243,213,0,213,24
2020-06-02,Yuba,115,75493,31,27,0,27,1
2020-06-01,Alameda,1,1643700,3957,3460,3,3463,98
2020-06-01,Alpine,3,1148,2,1,0,1,0
2020-06-01,Amador,5,37829,10,10,0,10,0
2020-06-01,Butte,7,227075,77,50,2,52,1
2020-06-01,Calaveras,9,45235,21,15,0,15,0
2020-06-01,Colusa,11,21464,9,7,0,7,0
2020-06-01,Contra Costa,13,1133247,1742,1486,0,1486,37
2020-06-01,Del Norte,15,27424,45,38,0,38,0
2020-06-01,El Dorado,17,186661,118,88,0,88,0
2020-06-01,Fresno,19,978130,3432,1854,42,1896,33
2020-06-01,Glenn,21,27897,21,16,0,16,0
2020-06-01,Humboldt,23,135768,115,98,0,98,2
2020-06-01,Imperial,25,180216,4084,2366,6,2372,14
2020-06-01,Inyo,27,18085,20,20,0,20,1
2020-06-01,Kern,29,883053,3037,2366,6,2372,38
2020-06-01,Kings,31,150075,1278,703,3,706,4
2020-06-01,Lake,33,64148,32,22,0,22,0
2020-06-01,Lassen,35,31185,7,4,2,6,0
2020-06-01,Los Angeles,37,10098052,63664,55899,22,55921,2367
2020-06-01,Madera,39,155013,276,103,0,103,2
2020-06-01,Marin,41,260295,543,495,2,497,14
2020-06-01,Mariposa,43,17540,16,16,0,16,1
2020-06-01,Mendocino,45,87422,33,28,0,28,0
2020-06-01,Merced,47,269075,422,289,0,289,6
2020-06-01,Modoc,49,8938,1,0,0,0,0
2020-06-01,Mono,51,14174,39,35,0,35,1
2020-06-01,Monterey,53,433212,784,554,1,555,10
2020-06-01,Napa,55,140530,147,114,0,114,3
2020-06-01,Nevada,57,99092,51,41,1,42,1
2020-06-01,Orange,59,3164182,9439,6640,42,6682,135
2020-06-01,Placer,61,380077,310,218,2,220,9
2020-06-01,Plumas,63,18699,4,4,0,4,0
2020-06-01,Riverside,65,2383286,9995,7921,7,7928,322
2020-06-01,Sacramento,67,1510023,1562,1415,2,1417,58
2020-06-01,San Benito,69,59416,102,86,0,86,2
2020-06-01,San Bernardino,71,2135413,6712,5310,2,5312,202
2020-06-01,San Diego,73,3302833,8827,7556,0,7556,269
2020-06-01,San Francisco,75,870044,2747,2546,0,2546,43
2020-06-01,San Joaquin,77,732212,1251,957,4,961,35
2020-06-01,San Luis Obispo,79,281455,341,275,2,277,1
2020-06-01,San Mateo,81,765935,2457,2190,3,2193,71
2020-06-01,Santa Barbara,83,443738,2156,1671,5,1676,10
2020-06-01,Santa Clara,85,1922200,3297,2797,4,2801,142
2020-06-01,Santa Cruz,87,273765,233,215,0,215,2
2020-06-01,Shasta,89,179085,59,38,0,38,4
2020-06-01,Sierra,91,2930,1,1,0,1,0
2020-06-01,Siskiyou,93,43540,12,7,0,7,0
2020-06-01,Solano,95,438530,659,529,1,530,17
2020-06-01,Sonoma,97,501317,661,565,1,566,4
2020-06-01,Stanislaus,99,539301,967,758,5,763,27
2020-06-01,Sutter,101,95872,49,43,0,43,2
2020-06-01,Tehama,103,63373,11,5,2,7,1
2020-06-01,Trinity,105,12862,1,1,1,2,0
2020-06-01,Tulare,107,460477,2575,1976,4,1980,84
2020-06-01,Tuolumne,109,53932,5,4,1,5,0
2020-06-01,Ventura,111,848112,1599,1163,5,1168,29
2020-06-01,Yolo,113,214977,240,212,0,212,24
2020-06-01,Yuba,115,75493,30,26,0,26,1
2020-05-31,Alameda,1,1643700,3851,3362,3,3365,98
2020-05-31,Alpine,3,1148,2,1,0,1,0
2020-05-31,Amador,5,37829,10,10,0,10,0
2020-05-31,Butte,7,227075,75,51,2,53,0
2020-05-31,Calaveras,9,45235,18,15,0,15,0
2020-05-31,Colusa,11,21464,9,5,0,5,0
2020-05-31,Contra Costa,13,1133247,1708,1458,0,1458,37
2020-05-31,Del Norte,15,27424,45,37,0,37,0
2020-05-31,El Dorado,17,186661,114,88,0,88,0
2020-05-31,Fresno,19,978130,3271,1780,40,1820,31
2020-05-31,Glenn,21,27897,20,16,0,16,0
2020-05-31,Humboldt,23,135768,113,98,0,98,2
2020-05-31,Imperial,25,180216,3817,2197,6,2203,14
2020-05-31,Inyo,27,18085,20,20,0,20,1
2020-05-31,Kern,29,883053,2902,2300,6,2306,38
2020-05-31,Kings,31,150075,1241,703,3,706,3
2020-05-31,Lake,33,64148,32,19,0,19,0
2020-05-31,Lassen,35,31185,7,4,2,6,0
2020-05-31,Los Angeles,37,10098052,62375,54925,22,54947,2344
2020-05-31,Madera,39,155013,258,101,0,101,2
2020-05-31,Marin,41,260295,533,486,2,488,14
2020-05-31,Mariposa,43,17540,16,16,0,16,1
2020-05-31,Mendocino,45,87422,33,24,0,24,0
2020-05-31,Merced,47,269075,395,288,0,288,6
2020-05-31,Modoc,49,8938,0,0,0,0,0
2020-05-31,Mono,51,14174,39,34,0,34,1
2020-05-31,Monterey,53,433212,711,545,1,546,10
2020-05-31,Napa,55,140530,145,114,0,114,3
2020-05-31,Nevada,57,99092,50,41,1,42,1
2020-05-31,Orange,59,3164182,9228,6532,41,6573,135
2020-05-31,Placer,61,380077,287,215,2,217,9
2020-05-31,Plumas,63,18699,4,4,0,4,0
2020-05-31,Riverside,65,2383286,9739,7704,7,7711,321
2020-05-31,Sacramento,67,1510023,1531,1398,2,1400,57
2020-05-31,San Benito,69,59416,96,85,0,85,2
2020-05-31,San Bernardino,71,2135413,6444,5185,2,5187,198
2020-05-31,San Diego,73,3302833,8633,7483,0,7483,269
2020-05-31,San Francisco,75,870044,2711,2501,0,2501,43
2020-05-31,San Joaquin,77,732212,1186,888,4,892,34
2020-05-31,San Luis Obispo,79,281455,331,271,2,273,1
2020-05-31,San Mateo,81,765935,2411,2169,3,2172,71
2020-05-31,Santa Barbara,83,443738,2100,1662,5,1667,9
2020-05-31,Santa Clara,85,1922200,3253,2785,4,2789,142
2020-05-31,Santa Cruz,87,273765,230,210,0,210,2
2020-05-31,Shasta,89,179085,57,38,0,38,4
2020-05-31,Sierra,91,2930,1,1,0,1,0
2020-05-31,Siskiyou,93,43540,11,7,0,7,0
2020-05-31,Solano,95,438530,633,512,1,513,6
2020-05-31,Sonoma,97,501317,641,555,1,556,4
2020-05-31,Stanislaus,99,539301,913,738,5,743,27
2020-05-31,Sutter,101,95872,47,42,0,42,2
2020-05-31,Tehama,103,63373,10,4,2,6,1
2020-05-31,Trinity,105,12862,1,1,1,2,0
2020-05-31,Tulare,107,460477,2503,1884,4,1888,82
2020-05-31,Tuolumne,109,53932,5,4,1,5,0
2020-05-31,Ventura,111,848112,1544,1151,5,1156,30
2020-05-31,Yolo,113,214977,234,211,0,211,24
2020-05-31,Yuba,115,75493,30,26,0,26,1
2020-05-30,Alameda,1,1643700,3825,3304,3,3307,96
2020-05-30,Alpine,3,1148,2,1,0,1,0
2020-05-30,Amador,5,37829,10,10,0,10,0
2020-05-30,Butte,7,227075,74,44,2,46,0
2020-05-30,Calaveras,9,45235,17,15,0,15,0
2020-05-30,Colusa,11,21464,8,5,0,5,0
2020-05-30,Contra Costa,13,1133247,1693,1429,0,1429,37
2020-05-30,Del Norte,15,27424,45,37,0,37,0
2020-05-30,El Dorado,17,186661,113,86,0,86,0
2020-05-30,Fresno,19,978130,3210,1744,39,1783,31
2020-05-30,Glenn,21,27897,19,16,0,16,0
2020-05-30,Humboldt,23,135768,112,98,0,98,2
2020-05-30,Imperial,25,180216,3727,2091,6,2097,14
2020-05-30,Inyo,27,18085,20,20,0,20,1
2020-05-30,Kern,29,883053,2833,2217,6,2223,38
2020-05-30,Kings,31,150075,1227,703,3,706,3
2020-05-30,Lake,33,64148,31,18,0,18,0
2020-05-30,Lassen,35,31185,7,4,2,6,0
2020-05-30,Los Angeles,37,10098052,61839,53627,22,53649,2319
2020-05-30,Madera,39,155013,253,101,0,101,2
2020-05-30,Marin,41,260295,533,462,2,464,14
2020-05-30,Mariposa,43,17540,16,16,0,16,1
2020-05-30,Mendocino,45,87422,33,24,0,24,0
2020-05-30,Merced,47,269075,394,285,0,285,6
2020-05-30,Modoc,49,8938,0,0,0,0,0
2020-05-30,Mono,51,14174,39,34,0,34,1
2020-05-30,Monterey,53,433212,695,520,1,521,10
2020-05-30,Napa,55,140530,143,113,0,113,3
2020-05-30,Nevada,57,99092,50,41,1,42,1
2020-05-30,Orange,59,3164182,9073,6354,41,6395,134
2020-05-30,Placer,61,380077,279,199,1,200,9
2020-05-30,Plumas,63,18699,4,4,0,4,0
2020-05-30,Riverside,65,2383286,9595,7492,7,7499,316
2020-05-30,Sacramento,67,1510023,1520,1384,2,1386,57
2020-05-30,San Benito,69,59416,95,85,0,85,2
2020-05-30,San Bernardino,71,2135413,6335,5122,2,5124,198
2020-05-30,San Diego,73,3302833,8540,7387,0,7387,269
2020-05-30,San Francisco,75,870044,2686,2496,0,2496,41
2020-05-30,San Joaquin,77,732212,1148,888,4,892,34
2020-05-30,San Luis Obispo,79,281455,326,270,2,272,1
2020-05-30,San Mateo,81,765935,2387,2129,3,2132,71
2020-05-30,Santa Barbara,83,443738,2073,1660,5,1665,9
2020-05-30,Santa Clara,85,1922200,3237,2741,4,2745,141
2020-05-30,Santa Cruz,87,273765,230,206,0,206,2
2020-05-30,Shasta,89,179085,57,36,0,36,4
2020-05-30,Sierra,91,2930,1,1,0,1,0
2020-05-30,Siskiyou,93,43540,10,7,0,7,0
2020-05-30,Solano,95,438530,626,512,1,513,6
2020-05-30,Sonoma,97,501317,631,551,1,552,4
2020-05-30,Stanislaus,99,539301,896,712,5,717,27
2020-05-30,Sutter,101,95872,46,40,0,40,2
2020-05-30,Tehama,103,63373,10,4,2,6,1
2020-05-30,Trinity,105,12862,1,1,1,2,0
2020-05-30,Tulare,107,460477,2466,1879,4,1883,81
2020-05-30,Tuolumne,109,53932,5,4,1,5,0
2020-05-30,Ventura,111,848112,1527,1116,5,1121,30
2020-05-30,Yolo,113,214977,230,210,0,210,24
2020-05-30,Yuba,115,75493,30,25,0,25,1
2020-05-29,Alameda,1,1643700,3790,3209,3,3212,96
2020-05-29,Alpine,3,1148,2,1,0,1,0
2020-05-29,Amador,5,37829,10,10,0,10,0
2020-05-29,Butte,7,227075,70,41,2,43,0
2020-05-29,Calaveras,9,45235,17,15,0,15,0
2020-05-29,Colusa,11,21464,8,5,0,5,0
2020-05-29,Contra Costa,13,1133247,1677,1411,0,1411,37
2020-05-29,Del Norte,15,27424,45,37,0,37,0
2020-05-29,El Dorado,17,186661,112,85,0,85,0
2020-05-29,Fresno,19,978130,3161,1687,39,1726,31
2020-05-29,Glenn,21,27897,19,14,0,14,0
2020-05-29,Humboldt,23,135768,111,98,0,98,2
2020-05-29,Imperial,25,180216,3609,1607,6,1613,14
2020-05-29,Inyo,27,18085,20,20,0,20,1
2020-05-29,Kern,29,883053,2775,2128,6,2134,36
2020-05-29,Kings,31,150075,1216,693,3,696,3
2020-05-29,Lake,33,64148,30,17,0,17,0
2020-05-29,Lassen,35,31185,7,0,2,2,0
2020-05-29,Los Angeles,37,10098052,60883,51578,22,51600,2273
2020-05-29,Madera,39,155013,238,98,0,98,2
2020-05-29,Marin,41,260295,525,448,2,450,14
2020-05-29,Mariposa,43,17540,16,16,0,16,1
2020-05-29,Mendocino,45,87422,31,25,0,25,0
2020-05-29,Merced,47,269075,389,285,0,285,7
2020-05-29,Modoc,49,8938,0,0,0,0,0
2020-05-29,Mono,51,14174,38,34,0,34,1
2020-05-29,Monterey,53,433212,665,479,1,480,10
2020-05-29,Napa,55,140530,140,113,0,113,3
2020-05-29,Nevada,57,99092,50,41,1,42,1
2020-05-29,Orange,59,3164182,8878,6176,39,6215,133
2020-05-29,Placer,61,380077,261,199,1,200,9
2020-05-29,Plumas,63,18699,4,4,0,4,0
2020-05-29,Riverside,65,2383286,9409,7376,7,7383,313
2020-05-29,Sacramento,67,1510023,1497,1360,2,1362,57
2020-05-29,San Benito,69,59416,95,84,0,84,2
2020-05-29,San Bernardino,71,2135413,6227,4983,2,4985,196
2020-05-29,San Diego,73,3302833,8417,7242,0,7242,266
2020-05-29,San Francisco,75,870044,2662,2453,0,2453,41
2020-05-29,San Joaquin,77,732212,1111,855,4,859,34
2020-05-29,San Luis Obispo,79,281455,322,270,2,272,1
2020-05-29,San Mateo,81,765935,2371,2103,3,2106,71
2020-05-29,Santa Barbara,83,443738,2041,1656,5,1661,9
2020-05-29,Santa Clara,85,1922200,3209,2707,4,2711,141
2020-05-29,Santa Cruz,87,273765,227,203,0,203,2
2020-05-29,Shasta,89,179085,57,36,0,36,4
2020-05-29,Sierra,91,2930,1,1,0,1,0
2020-05-29,Siskiyou,93,43540,10,7,0,7,0
2020-05-29,Solano,95,438530,618,498,1,499,6
2020-05-29,Sonoma,97,501317,620,537,1,538,4
2020-05-29,Stanislaus,99,539301,866,698,5,703,27
2020-05-29,Sutter,101,95872,44,40,0,40,2
2020-05-29,Tehama,103,63373,9,4,2,6,1
2020-05-29,Trinity,105,12862,1,1,1,2,0
2020-05-29,Tulare,107,460477,2428,1852,4,1856,80
2020-05-29,Tuolumne,109,53932,5,4,1,5,0
2020-05-29,Ventura,111,848112,1504,1093,5,1098,29
2020-05-29,Yolo,113,214977,226,211,0,211,24
2020-05-29,Yuba,115,75493,29,25,0,25,1
2020-05-28,Alameda,1,1643700,3691,3083,3,3086,94
2020-05-28,Alpine,3,1148,2,1,0,1,0
2020-05-28,Amador,5,37829,10,10,0,10,0
2020-05-28,Butte,7,227075,69,40,2,42,0
2020-05-28,Calaveras,9,45235,16,15,0,15,0
2020-05-28,Colusa,11,21464,8,5,0,5,0
2020-05-28,Contra Costa,13,1133247,1638,1392,0,1392,37
2020-05-28,Del Norte,15,27424,45,37,0,37,0
2020-05-28,El Dorado,17,186661,109,82,0,82,0
2020-05-28,Fresno,19,978130,3081,1653,38,1691,31
2020-05-28,Glenn,21,27897,18,14,0,14,0
2020-05-28,Humboldt,23,135768,110,97,0,97,2
2020-05-28,Imperial,25,180216,3414,1430,6,1436,14
2020-05-28,Inyo,27,18085,20,20,0,20,1
2020-05-28,Kern,29,883053,2697,2069,6,2075,36
2020-05-28,Kings,31,150075,879,626,3,629,3
2020-05-28,Lake,33,64148,29,17,0,17,0
2020-05-28,Lassen,35,31185,7,0,2,2,0
2020-05-28,Los Angeles,37,10098052,59305,49861,22,49883,2222
2020-05-28,Madera,39,155013,220,93,0,93,2
2020-05-28,Marin,41,260295,500,443,2,445,14
2020-05-28,Mariposa,43,17540,16,16,0,16,1
2020-05-28,Mendocino,45,87422,29,24,0,24,0
2020-05-28,Merced,47,269075,380,283,0,283,7
2020-05-28,Modoc,49,8938,0,0,0,0,0
2020-05-28,Mono,51,14174,38,34,0,34,1
2020-05-28,Monterey,53,433212,633,471,1,472,10
2020-05-28,Napa,55,140530,137,113,0,113,3
2020-05-28,Nevada,57,99092,45,41,1,42,1
2020-05-28,Orange,59,3164182,8682,6045,39,6084,130
2020-05-28,Placer,61,380077,254,196,1,197,9
2020-05-28,Plumas,63,18699,4,4,0,4,0
2020-05-28,Riverside,65,2383286,9007,7240,7,7247,304
2020-05-28,Sacramento,67,1510023,1477,1339,2,1341,57
2020-05-28,San Benito,69,59416,94,82,0,82,2
2020-05-28,San Bernardino,71,2135413,6062,4831,2,4833,191
2020-05-28,San Diego,73,3302833,8260,7102,0,7102,260
2020-05-28,San Francisco,75,870044,2628,2417,0,2417,40
2020-05-28,San Joaquin,77,732212,1076,840,4,844,34
2020-05-28,San Luis Obispo,79,281455,319,267,2,269,1
2020-05-28,San Mateo,81,765935,2344,2070,3,2073,71
2020-05-28,Santa Barbara,83,443738,1994,1642,4,1646,9
2020-05-28,Santa Clara,85,1922200,3170,2698,4,2702,140
2020-05-28,Santa Cruz,87,273765,226,201,0,201,2
2020-05-28,Shasta,89,179085,55,36,0,36,4
2020-05-28,Sierra,91,2930,1,1,0,1,0
2020-05-28,Siskiyou,93,43540,8,6,0,6,0
2020-05-28,Solano,95,438530,601,489,1,490,6
2020-05-28,Sonoma,97,501317,598,529,1,530,4
2020-05-28,Stanislaus,99,539301,825,684,5,689,27
2020-05-28,Sutter,101,95872,44,40,0,40,2
2020-05-28,Tehama,103,63373,9,4,2,6,1
2020-05-28,Trinity,105,12862,1,1,1,2,0
2020-05-28,Tulare,107,460477,2392,1832,4,1836,79
2020-05-28,Tuolumne,109,53932,5,4,1,5,0
2020-05-28,Ventura,111,848112,1474,1083,5,1088,29
2020-05-28,Yolo,113,214977,223,206,0,206,22
2020-05-28,Yuba,115,75493,28,24,0,24,1
2020-05-27,Alameda,1,1643700,3609,3037,3,3040,94
2020-05-27,Alpine,3,1148,2,1,0,1,0
2020-05-27,Amador,5,37829,10,10,0,10,0
2020-05-27,Butte,7,227075,66,40,1,41,0
2020-05-27,Calaveras,9,45235,15,15,0,15,0
2020-05-27,Colusa,11,21464,8,5,0,5,0
2020-05-27,Contra Costa,13,1133247,1598,1373,0,1373,37
2020-05-27,Del Norte,15,27424,45,34,0,34,0
2020-05-27,El Dorado,17,186661,108,82,0,82,0
2020-05-27,Fresno,19,978130,2993,1620,38,1658,27
2020-05-27,Glenn,21,27897,18,14,0,14,0
2020-05-27,Humboldt,23,135768,110,86,0,86,2
2020-05-27,Imperial,25,180216,3234,1369,6,1375,14
2020-05-27,Inyo,27,18085,20,20,0,20,1
2020-05-27,Kern,29,883053,2632,1999,6,2005,37
2020-05-27,Kings,31,150075,852,586,3,589,3
2020-05-27,Lake,33,64148,29,13,0,13,0
2020-05-27,Lassen,35,31185,7,0,2,2,0
2020-05-27,Los Angeles,37,10098052,57927,48711,22,48733,2177
2020-05-27,Madera,39,155013,211,91,0,91,2
2020-05-27,Marin,41,260295,471,439,2,441,14
2020-05-27,Mariposa,43,17540,16,16,0,16,1
2020-05-27,Mendocino,45,87422,28,21,0,21,0
2020-05-27,Merced,47,269075,376,278,0,278,7
2020-05-27,Modoc,49,8938,0,0,0,0,0
2020-05-27,Mono,51,14174,38,34,0,34,1
2020-05-27,Monterey,53,433212,593,443,1,444,8
2020-05-27,Napa,55,140530,132,112,0,112,3
2020-05-27,Nevada,57,99092,44,41,1,42,1
2020-05-27,Orange,59,3164182,8526,5849,39,5888,121
2020-05-27,Placer,61,380077,235,196,1,197,9
2020-05-27,Plumas,63,18699,4,4,0,4,0
2020-05-27,Riverside,65,2383286,8628,7156,7,7163,299
2020-05-27,Sacramento,67,1510023,1449,1318,2,1320,50
2020-05-27,San Benito,69,59416,91,74,0,74,2
2020-05-27,San Bernardino,71,2135413,5878,4708,2,4710,183
2020-05-27,San Diego,73,3302833,8110,6985,0,6985,255
2020-05-27,San Francisco,75,870044,2599,2394,0,2394,40
2020-05-27,San Joaquin,77,732212,1035,825,4,829,34
2020-05-27,San Luis Obispo,79,281455,314,266,2,268,1
2020-05-27,San Mateo,81,765935,2304,2045,3,2048,71
2020-05-27,Santa Barbara,83,443738,1975,1629,4,1633,9
2020-05-27,Santa Clara,85,1922200,3138,2680,4,2684,140
2020-05-27,Santa Cruz,87,273765,222,202,0,202,2
2020-05-27,Shasta,89,179085,52,36,0,36,4
2020-05-27,Sierra,91,2930,1,1,0,1,0
2020-05-27,Siskiyou,93,43540,8,6,0,6,0
2020-05-27,Solano,95,438530,581,477,1,478,5
2020-05-27,Sonoma,97,501317,584,521,1,522,4
2020-05-27,Stanislaus,99,539301,800,675,5,680,27
2020-05-27,Sutter,101,95872,43,40,0,40,2
2020-05-27,Tehama,103,63373,9,3,2,5,1
2020-05-27,Trinity,105,12862,1,1,1,2,0
2020-05-27,Tulare,107,460477,2340,1817,4,1821,77
2020-05-27,Tuolumne,109,53932,5,4,1,5,0
2020-05-27,Ventura,111,848112,1452,1065,5,1070,28
2020-05-27,Yolo,113,214977,222,204,0,204,22
2020-05-27,Yuba,115,75493,28,24,0,24,1
2020-05-26,Alameda,1,1643700,3516,2956,3,2959,92
2020-05-26,Alpine,3,1148,2,1,0,1,0
2020-05-26,Amador,5,37829,10,10,0,10,0
2020-05-26,Butte,7,227075,64,37,1,38,0
2020-05-26,Calaveras,9,45235,15,13,0,13,0
2020-05-26,Colusa,11,21464,8,4,0,4,0
2020-05-26,Contra Costa,13,1133247,1563,1352,0,1352,37
2020-05-26,Del Norte,15,27424,44,30,0,30,0
2020-05-26,El Dorado,17,186661,104,79,0,79,0
2020-05-26,Fresno,19,978130,2908,1496,38,1534,22
2020-05-26,Glenn,21,27897,16,12,0,12,0
2020-05-26,Humboldt,23,135768,108,81,0,81,2
2020-05-26,Imperial,25,180216,3018,1369,6,1375,14
2020-05-26,Inyo,27,18085,20,20,0,20,1
2020-05-26,Kern,29,883053,2554,1890,6,1896,31
2020-05-26,Kings,31,150075,784,449,2,451,2
2020-05-26,Lake,33,64148,27,12,0,12,0
2020-05-26,Lassen,35,31185,6,0,2,2,0
2020-05-26,Los Angeles,37,10098052,56459,47760,22,47782,2121
2020-05-26,Madera,39,155013,195,83,0,83,2
2020-05-26,Marin,41,260295,459,424,2,426,14
2020-05-26,Mariposa,43,17540,16,16,0,16,1
2020-05-26,Mendocino,45,87422,26,20,0,20,0
2020-05-26,Merced,47,269075,362,266,0,266,7
2020-05-26,Modoc,49,8938,0,1,0,1,0
2020-05-26,Mono,51,14174,37,34,0,34,1
2020-05-26,Monterey,53,433212,565,424,0,424,8
2020-05-26,Napa,55,140530,127,109,0,109,3
2020-05-26,Nevada,57,99092,43,41,1,42,1
2020-05-26,Orange,59,3164182,8258,5651,38,5689,115
2020-05-26,Placer,61,380077,230,188,1,189,9
2020-05-26,Plumas,63,18699,4,4,0,4,0
2020-05-26,Riverside,65,2383286,8181,6917,7,6924,284
2020-05-26,Sacramento,67,1510023,1423,1298,2,1300,50
2020-05-26,San Benito,69,59416,86,69,0,69,2
2020-05-26,San Bernardino,71,2135413,5710,4430,2,4432,175
2020-05-26,San Diego,73,3302833,7967,6884,0,6884,249
2020-05-26,San Francisco,75,870044,2566,2363,0,2363,40
2020-05-26,San Joaquin,77,732212,988,760,4,764,33
2020-05-26,San Luis Obispo,79,281455,312,260,2,262,1
2020-05-26,San Mateo,81,765935,2266,1967,2,1969,71
2020-05-26,Santa Barbara,83,443738,1951,1590,4,1594,9
2020-05-26,Santa Clara,85,1922200,3105,2659,4,2663,139
2020-05-26,Santa Cruz,87,273765,220,197,0,197,2
2020-05-26,Shasta,89,179085,52,36,0,36,4
2020-05-26,Sierra,91,2930,1,1,0,1,0
2020-05-26,Siskiyou,93,43540,7,6,0,6,0
2020-05-26,Solano,95,438530,563,470,1,471,5
2020-05-26,Sonoma,97,501317,576,509,0,509,4
2020-05-26,Stanislaus,99,539301,779,663,5,668,27
2020-05-26,Sutter,101,95872,42,39,0,39,2
2020-05-26,Tehama,103,63373,8,2,2,4,1
2020-05-26,Trinity,105,12862,1,1,1,2,0
2020-05-26,Tulare,107,460477,2284,1768,4,1772,76
2020-05-26,Tuolumne,109,53932,5,2,1,3,0
2020-05-26,Ventura,111,848112,1418,1033,3,1036,27
2020-05-26,Yolo,113,214977,216,198,0,198,22
2020-05-26,Yuba,115,75493,27,24,0,24,1
2020-05-25,Alameda,1,1643700,3423,2900,2,2902,92
2020-05-25,Alpine,3,1148,2,1,0,1,0
2020-05-25,Amador,5,37829,10,10,0,10,0
2020-05-25,Butte,7,227075,61,37,1,38,0
2020-05-25,Calaveras,9,45235,15,13,0,13,0
2020-05-25,Colusa,11,21464,7,4,0,4,0
2020-05-25,Contra Costa,13,1133247,1530,1348,0,1348,37
2020-05-25,Del Norte,15,27424,44,20,0,20,0
2020-05-25,El Dorado,17,186661,96,78,0,78,0
2020-05-25,Fresno,19,978130,2805,1496,35,1531,22
2020-05-25,Glenn,21,27897,16,12,0,12,0
2020-05-25,Humboldt,23,135768,107,81,0,81,2
2020-05-25,Imperial,25,180216,2807,1369,6,1375,14
2020-05-25,Inyo,27,18085,19,20,0,20,1
2020-05-25,Kern,29,883053,2483,1890,6,1896,31
2020-05-25,Kings,31,150075,755,447,2,449,2
2020-05-25,Lake,33,64148,25,13,0,13,0
2020-05-25,Lassen,35,31185,6,0,2,2,0
2020-05-25,Los Angeles,37,10098052,54643,45952,22,45974,2094
2020-05-25,Madera,39,155013,183,83,0,83,2
2020-05-25,Marin,41,260295,441,415,2,417,14
2020-05-25,Mariposa,43,17540,16,15,0,15,1
2020-05-25,Mendocino,45,87422,23,19,0,19,0
2020-05-25,Merced,47,269075,355,262,0,262,6
2020-05-25,Modoc,49,8938,0,1,0,1,0
2020-05-25,Mono,51,14174,37,34,0,34,1
2020-05-25,Monterey,53,433212,535,418,0,418,8
2020-05-25,Napa,55,140530,127,107,0,107,3
2020-05-25,Nevada,57,99092,43,41,1,42,1
2020-05-25,Orange,59,3164182,8038,5601,37,5638,115
2020-05-25,Placer,61,380077,227,186,1,187,9
2020-05-25,Plumas,63,18699,4,4,0,4,0
2020-05-25,Riverside,65,2383286,7950,6900,7,6907,284
2020-05-25,Sacramento,67,1510023,1403,1290,1,1291,50
2020-05-25,San Benito,69,59416,85,70,0,70,2
2020-05-25,San Bernardino,71,2135413,5520,4393,2,4395,175
2020-05-25,San Diego,73,3302833,7791,6799,0,6799,249
2020-05-25,San Francisco,75,870044,2529,2358,0,2358,40
2020-05-25,San Joaquin,77,732212,962,760,4,764,33
2020-05-25,San Luis Obispo,79,281455,310,260,2,262,1
2020-05-25,San Mateo,81,765935,2230,1938,2,1940,71
2020-05-25,Santa Barbara,83,443738,1934,1590,4,1594,9
2020-05-25,Santa Clara,85,1922200,3073,2647,4,2651,139
2020-05-25,Santa Cruz,87,273765,218,191,0,191,2
2020-05-25,Shasta,89,179085,51,36,0,36,4
2020-05-25,Sierra,91,2930,1,1,0,1,0
2020-05-25,Siskiyou,93,43540,7,6,0,6,0
2020-05-25,Solano,95,438530,549,437,1,438,5
2020-05-25,Sonoma,97,501317,564,496,0,496,4
2020-05-25,Stanislaus,99,539301,749,651,5,656,27
2020-05-25,Sutter,101,95872,42,38,0,38,2
2020-05-25,Tehama,103,63373,7,2,2,4,1
2020-05-25,Trinity,105,12862,1,1,1,2,0
2020-05-25,Tulare,107,460477,2221,1747,4,1751,76
2020-05-25,Tuolumne,109,53932,5,2,1,3,0
2020-05-25,Ventura,111,848112,1378,1020,3,1023,27
2020-05-25,Yolo,113,214977,214,197,0,197,22
2020-05-25,Yuba,115,75493,26,24,0,24,1
2020-05-24,Alameda,1,1643700,3350,2830,2,2832,92
2020-05-24,Alpine,3,1148,2,1,0,1,0
2020-05-24,Amador,5,37829,10,9,0,9,0
2020-05-24,Butte,7,227075,59,35,1,36,0
2020-05-24,Calaveras,9,45235,15,13,0,13,0
2020-05-24,Colusa,11,21464,7,4,0,4,0
2020-05-24,Contra Costa,13,1133247,1502,1325,0,1325,37
2020-05-24,Del Norte,15,27424,43,16,0,16,0
2020-05-24,El Dorado,17,186661,95,76,0,76,0
2020-05-24,Fresno,19,978130,2739,1455,33,1488,22
2020-05-24,Glenn,21,27897,15,12,0,12,0
2020-05-24,Humboldt,23,135768,107,81,0,81,2
2020-05-24,Imperial,25,180216,2681,1369,6,1375,14
2020-05-24,Inyo,27,18085,19,20,0,20,1
2020-05-24,Kern,29,883053,2410,1861,5,1866,31
2020-05-24,Kings,31,150075,744,446,2,448,2
2020-05-24,Lake,33,64148,24,12,0,12,0
2020-05-24,Lassen,35,31185,5,0,2,2,0
2020-05-24,Los Angeles,37,10098052,53629,44954,22,44976,2085
2020-05-24,Madera,39,155013,178,83,0,83,2
2020-05-24,Marin,41,260295,439,401,2,403,14
2020-05-24,Mariposa,43,17540,16,15,0,15,1
2020-05-24,Mendocino,45,87422,22,19,0,19,0
2020-05-24,Merced,47,269075,354,258,0,258,6
2020-05-24,Modoc,49,8938,0,0,0,0,0
2020-05-24,Mono,51,14174,37,34,0,34,1
2020-05-24,Monterey,53,433212,507,405,0,405,8
2020-05-24,Napa,55,140530,125,104,0,104,3
2020-05-24,Nevada,57,99092,43,41,1,42,1
2020-05-24,Orange,59,3164182,7883,5439,36,5475,113
2020-05-24,Placer,61,380077,219,184,1,185,9
2020-05-24,Plumas,63,18699,4,4,0,4,0
2020-05-24,Riverside,65,2383286,7809,6571,7,6578,284
2020-05-24,Sacramento,67,1510023,1386,1283,1,1284,50
2020-05-24,San Benito,69,59416,84,67,0,67,2
2020-05-24,San Bernardino,71,2135413,5412,4262,2,4264,175
2020-05-24,San Diego,73,3302833,7648,6703,0,6703,249
2020-05-24,San Francisco,75,870044,2505,2318,0,2318,40
2020-05-24,San Joaquin,77,732212,943,760,4,764,33
2020-05-24,San Luis Obispo,79,281455,308,257,2,259,1
2020-05-24,San Mateo,81,765935,2195,1925,2,1927,71
2020-05-24,Santa Barbara,83,443738,1918,1573,4,1577,9
2020-05-24,Santa Clara,85,1922200,3053,2623,4,2627,139
2020-05-24,Santa Cruz,87,273765,215,185,0,185,2
2020-05-24,Shasta,89,179085,50,36,0,36,4
2020-05-24,Sierra,91,2930,1,1,0,1,0
2020-05-24,Siskiyou,93,43540,6,6,0,6,0
2020-05-24,Solano,95,438530,541,436,0,436,5
2020-05-24,Sonoma,97,501317,553,485,0,485,4
2020-05-24,Stanislaus,99,539301,729,634,5,639,27
2020-05-24,Sutter,101,95872,42,38,0,38,2
2020-05-24,Tehama,103,63373,5,2,2,4,1
2020-05-24,Trinity,105,12862,1,1,1,2,0
2020-05-24,Tulare,107,460477,2175,1684,4,1688,74
2020-05-24,Tuolumne,109,53932,5,2,0,2,0
2020-05-24,Ventura,111,848112,1366,982,3,985,27
2020-05-24,Yolo,113,214977,212,192,0,192,22
2020-05-24,Yuba,115,75493,26,24,0,24,1
2020-05-23,Alameda,1,1643700,3309,2783,2,2785,91
2020-05-23,Alpine,3,1148,2,1,0,1,0
2020-05-23,Amador,5,37829,10,9,0,9,0
2020-05-23,Butte,7,227075,58,34,1,35,0
2020-05-23,Calaveras,9,45235,15,13,0,13,0
2020-05-23,Colusa,11,21464,7,4,0,4,0
2020-05-23,Contra Costa,13,1133247,1491,1302,0,1302,36
2020-05-23,Del Norte,15,27424,43,10,0,10,0
2020-05-23,El Dorado,17,186661,95,74,0,74,0
2020-05-23,Fresno,19,978130,2719,1447,33,1480,21
2020-05-23,Glenn,21,27897,15,12,0,12,0
2020-05-23,Humboldt,23,135768,105,80,0,80,2
2020-05-23,Imperial,25,180216,2593,1283,6,1289,14
2020-05-23,Inyo,27,18085,19,20,0,20,1
2020-05-23,Kern,29,883053,2367,1806,5,1811,31
2020-05-23,Kings,31,150075,740,444,2,446,2
2020-05-23,Lake,33,64148,23,10,0,10,0
2020-05-23,Lassen,35,31185,5,0,2,2,0
2020-05-23,Los Angeles,37,10098052,53088,44029,22,44051,2069
2020-05-23,Madera,39,155013,174,83,0,83,2
2020-05-23,Marin,41,260295,439,393,1,394,14
2020-05-23,Mariposa,43,17540,16,15,0,15,1
2020-05-23,Mendocino,45,87422,22,13,0,13,0
2020-05-23,Merced,47,269075,351,247,0,247,6
2020-05-23,Modoc,49,8938,0,0,0,0,0
2020-05-23,Mono,51,14174,36,34,0,34,1
2020-05-23,Monterey,53,433212,493,397,0,397,8
2020-05-23,Napa,55,140530,121,101,0,101,3
2020-05-23,Nevada,57,99092,43,41,1,42,1
2020-05-23,Orange,59,3164182,7726,5313,35,5348,113
2020-05-23,Placer,61,380077,213,184,1,185,9
2020-05-23,Plumas,63,18699,4,4,0,4,0
2020-05-23,Riverside,65,2383286,7718,6460,7,6467,284
2020-05-23,Sacramento,67,1510023,1370,1275,1,1276,50
2020-05-23,San Benito,69,59416,79,67,0,67,2
2020-05-23,San Bernardino,71,2135413,5319,4172,2,4174,175
2020-05-23,San Diego,73,3302833,7557,6561,0,6561,249
2020-05-23,San Francisco,75,870044,2486,2312,0,2312,40
2020-05-23,San Joaquin,77,732212,928,759,4,763,33
2020-05-23,San Luis Obispo,79,281455,305,256,2,258,1
2020-05-23,San Mateo,81,765935,2167,1862,2,1864,71
2020-05-23,Santa Barbara,83,443738,1907,1566,4,1570,9
2020-05-23,Santa Clara,85,1922200,3040,2593,4,2597,139
2020-05-23,Santa Cruz,87,273765,213,177,0,177,2
2020-05-23,Shasta,89,179085,50,35,0,35,4
2020-05-23,Sierra,91,2930,1,1,0,1,0
2020-05-23,Siskiyou,93,43540,6,6,0,6,0
2020-05-23,Solano,95,438530,536,435,0,435,5
2020-05-23,Sonoma,97,501317,539,462,0,462,4
2020-05-23,Stanislaus,99,539301,721,625,5,630,27
2020-05-23,Sutter,101,95872,41,38,0,38,2
2020-05-23,Tehama,103,63373,5,2,2,4,1
2020-05-23,Trinity,105,12862,1,1,1,2,0
2020-05-23,Tulare,107,460477,2154,1682,4,1686,73
2020-05-23,Tuolumne,109,53932,5,2,0,2,0
2020-05-23,Ventura,111,848112,1346,961,3,964,27
2020-05-23,Yolo,113,214977,211,188,0,188,22
2020-05-23,Yuba,115,75493,26,24,0,24,1
2020-05-22,Alameda,1,1643700,3255,2722,2,2724,91
2020-05-22,Alpine,3,1148,2,1,0,1,0
2020-05-22,Amador,5,37829,10,9,0,9,0
2020-05-22,Butte,7,227075,56,34,1,35,0
2020-05-22,Calaveras,9,45235,15,13,0,13,0
2020-05-22,Colusa,11,21464,7,4,0,4,0
2020-05-22,Contra Costa,13,1133247,1479,1272,0,1272,36
2020-05-22,Del Norte,15,27424,41,9,0,9,0
2020-05-22,El Dorado,17,186661,92,74,0,74,0
2020-05-22,Fresno,19,978130,2660,1399,32,1431,20
2020-05-22,Glenn,21,27897,15,12,0,12,0
2020-05-22,Humboldt,23,135768,105,80,0,80,2
2020-05-22,Imperial,25,180216,2493,1214,6,1220,14
2020-05-22,Inyo,27,18085,19,20,0,20,1
2020-05-22,Kern,29,883053,2319,1749,5,1754,28
2020-05-22,Kings,31,150075,737,428,2,430,2
2020-05-22,Lake,33,64148,22,10,0,10,0
2020-05-22,Lassen,35,31185,3,0,2,2,0
2020-05-22,Los Angeles,37,10098052,52295,43025,22,43047,2027
2020-05-22,Madera,39,155013,170,82,0,82,2
2020-05-22,Marin,41,260295,435,372,1,373,14
2020-05-22,Mariposa,43,17540,16,15,0,15,1
2020-05-22,Mendocino,45,87422,21,13,0,13,0
2020-05-22,Merced,47,269075,351,233,0,233,6
2020-05-22,Modoc,49,8938,0,0,0,0,0
2020-05-22,Mono,51,14174,36,34,0,34,1
2020-05-22,Monterey,53,433212,482,372,0,372,8
2020-05-22,Napa,55,140530,119,97,0,97,3
2020-05-22,Nevada,57,99092,42,41,1,42,1
2020-05-22,Orange,59,3164182,7532,5144,34,5178,113
2020-05-22,Placer,61,380077,213,181,1,182,9
2020-05-22,Plumas,63,18699,4,4,0,4,0
2020-05-22,Riverside,65,2383286,7603,6351,7,6358,283
2020-05-22,Sacramento,67,1510023,1354,1262,1,1263,50
2020-05-22,San Benito,69,59416,78,64,0,64,2
2020-05-22,San Bernardino,71,2135413,5244,4107,2,4109,173
2020-05-22,San Diego,73,3302833,7471,6436,0,6436,242
2020-05-22,San Francisco,75,870044,2468,2251,0,2251,40
2020-05-22,San Joaquin,77,732212,915,747,4,751,33
2020-05-22,San Luis Obispo,79,281455,305,254,2,256,1
2020-05-22,San Mateo,81,765935,2148,1847,2,1849,71
2020-05-22,Santa Barbara,83,443738,1891,1554,4,1558,9
2020-05-22,Santa Clara,85,1922200,3022,2537,4,2541,139
2020-05-22,Santa Cruz,87,273765,210,171,0,171,2
2020-05-22,Shasta,89,179085,50,34,0,34,4
2020-05-22,Sierra,91,2930,1,0,0,0,0
2020-05-22,Siskiyou,93,43540,6,6,0,6,0
2020-05-22,Solano,95,438530,533,431,0,431,4
2020-05-22,Sonoma,97,501317,535,444,0,444,4
2020-05-22,Stanislaus,99,539301,711,616,5,621,27
2020-05-22,Sutter,101,95872,41,38,0,38,2
2020-05-22,Tehama,103,63373,5,2,1,3,1
2020-05-22,Trinity,105,12862,1,1,1,2,0
2020-05-22,Tulare,107,460477,2124,1662,4,1666,73
2020-05-22,Tuolumne,109,53932,5,2,0,2,0
2020-05-22,Ventura,111,848112,1328,937,3,940,27
2020-05-22,Yolo,113,214977,209,187,0,187,22
2020-05-22,Yuba,115,75493,26,24,0,24,1
2020-05-21,Alameda,1,1643700,3190,2606,2,2608,89
2020-05-21,Alpine,3,1148,2,1,0,1,0
2020-05-21,Amador,5,37829,10,9,0,9,0
2020-05-21,Butte,7,227075,55,31,1,32,0
2020-05-21,Calaveras,9,45235,14,13,0,13,0
2020-05-21,Colusa,11,21464,7,4,0,4,0
2020-05-21,Contra Costa,13,1133247,1443,1243,0,1243,36
2020-05-21,Del Norte,15,27424,38,9,0,9,0
2020-05-21,El Dorado,17,186661,91,67,0,67,0
2020-05-21,Fresno,19,978130,2570,1362,32,1394,20
2020-05-21,Glenn,21,27897,14,12,0,12,0
2020-05-21,Humboldt,23,135768,104,79,0,79,0
2020-05-21,Imperial,25,180216,2331,1096,6,1102,14
2020-05-21,Inyo,27,18085,19,20,0,20,1
2020-05-21,Kern,29,883053,2243,1684,4,1688,27
2020-05-21,Kings,31,150075,716,417,2,419,2
2020-05-21,Lake,33,64148,17,10,0,10,0
2020-05-21,Lassen,35,31185,3,0,2,2,0
2020-05-21,Los Angeles,37,10098052,51260,42063,22,42085,1996
2020-05-21,Madera,39,155013,167,82,0,82,2
2020-05-21,Marin,41,260295,424,359,1,360,14
2020-05-21,Mariposa,43,17540,16,15,0,15,1
2020-05-21,Mendocino,45,87422,21,12,0,12,0
2020-05-21,Merced,47,269075,340,226,0,226,6
2020-05-21,Modoc,49,8938,0,0,0,0,0
2020-05-21,Mono,51,14174,36,33,0,33,1
2020-05-21,Monterey,53,433212,471,363,0,363,8
2020-05-21,Napa,55,140530,117,96,0,96,3
2020-05-21,Nevada,57,99092,42,41,1,42,1
2020-05-21,Orange,59,3164182,7330,4975,34,5009,106
2020-05-21,Placer,61,380077,206,176,1,177,8
2020-05-21,Plumas,63,18699,4,4,0,4,0
2020-05-21,Riverside,65,2383286,7416,6245,7,6252,279
2020-05-21,Sacramento,67,1510023,1341,1258,1,1259,56
2020-05-21,San Benito,69,59416,75,61,0,61,2
2020-05-21,San Bernardino,71,2135413,5097,3950,2,3952,167
2020-05-21,San Diego,73,3302833,7335,6317,0,6317,241
2020-05-21,San Francisco,75,870044,2444,2248,0,2248,37
2020-05-21,San Joaquin,77,732212,879,730,4,734,33
2020-05-21,San Luis Obispo,79,281455,305,251,1,252,1
2020-05-21,San Mateo,81,765935,2111,1791,2,1793,74
2020-05-21,Santa Barbara,83,443738,1871,1541,4,1545,10
2020-05-21,Santa Clara,85,1922200,3002,2520,4,2524,138
2020-05-21,Santa Cruz,87,273765,202,164,0,164,3
2020-05-21,Shasta,89,179085,48,34,0,34,4
2020-05-21,Sierra,91,2930,1,0,0,0,0
2020-05-21,Siskiyou,93,43540,6,6,0,6,0
2020-05-21,Solano,95,438530,524,424,0,424,4
2020-05-21,Sonoma,97,501317,517,427,0,427,4
2020-05-21,Stanislaus,99,539301,700,602,5,607,27
2020-05-21,Sutter,101,95872,40,38,0,38,2
2020-05-21,Tehama,103,63373,4,2,1,3,1
2020-05-21,Trinity,105,12862,1,1,1,2,0
2020-05-21,Tulare,107,460477,2074,1606,4,1610,73
2020-05-21,Tuolumne,109,53932,3,2,0,2,0
2020-05-21,Ventura,111,848112,1281,907,3,910,30
2020-05-21,Yolo,113,214977,206,185,0,185,22
2020-05-21,Yuba,115,75493,26,24,0,24,1
2020-05-20,Alameda,1,1643700,3117,2554,2,2556,89
2020-05-20,Alpine,3,1148,2,1,0,1,0
2020-05-20,Amador,5,37829,10,9,0,9,0
2020-05-20,Butte,7,227075,52,30,1,31,0
2020-05-20,Calaveras,9,45235,14,13,0,13,0
2020-05-20,Colusa,11,21464,7,3,0,3,0
2020-05-20,Contra Costa,13,1133247,1413,1223,0,1223,33
2020-05-20,Del Norte,15,27424,31,9,0,9,0
2020-05-20,El Dorado,17,186661,90,67,0,67,0
2020-05-20,Fresno,19,978130,2498,1329,31,1360,17
2020-05-20,Glenn,21,27897,13,12,0,12,0
2020-05-20,Humboldt,23,135768,101,73,0,73,0
2020-05-20,Imperial,25,180216,2220,1047,6,1053,14
2020-05-20,Inyo,27,18085,19,20,0,20,1
2020-05-20,Kern,29,883053,2180,1639,3,1642,27
2020-05-20,Kings,31,150075,573,403,2,405,2
2020-05-20,Lake,33,64148,17,9,0,9,0
2020-05-20,Lassen,35,31185,2,0,2,2,0
2020-05-20,Los Angeles,37,10098052,50264,40932,22,40954,1955
2020-05-20,Madera,39,155013,165,82,0,82,2
2020-05-20,Marin,41,260295,397,348,1,349,14
2020-05-20,Mariposa,43,17540,16,15,0,15,1
2020-05-20,Mendocino,45,87422,21,12,0,12,0
2020-05-20,Merced,47,269075,333,225,0,225,6
2020-05-20,Modoc,49,8938,0,0,0,0,0
2020-05-20,Mono,51,14174,36,33,0,33,1
2020-05-20,Monterey,53,433212,457,356,0,356,8
2020-05-20,Napa,55,140530,110,93,0,93,3
2020-05-20,Nevada,57,99092,42,41,1,42,1
2020-05-20,Orange,59,3164182,7124,4866,33,4899,96
2020-05-20,Placer,61,380077,204,176,1,177,8
2020-05-20,Plumas,63,18699,4,4,0,4,0
2020-05-20,Riverside,65,2383286,7273,6090,7,6097,265
2020-05-20,Sacramento,67,1510023,1331,1244,1,1245,56
2020-05-20,San Benito,69,59416,74,61,0,61,2
2020-05-20,San Bernardino,71,2135413,4971,3771,2,3773,161
2020-05-20,San Diego,73,3302833,7218,6142,0,6142,230
2020-05-20,San Francisco,75,870044,2421,2199,0,2199,37
2020-05-20,San Joaquin,77,732212,843,713,4,717,33
2020-05-20,San Luis Obispo,79,281455,299,249,1,250,1
2020-05-20,San Mateo,81,765935,2058,1739,2,1741,74
2020-05-20,Santa Barbara,83,443738,1849,1524,4,1528,10
2020-05-20,Santa Clara,85,1922200,2982,2508,4,2512,138
2020-05-20,Santa Cruz,87,273765,199,163,0,163,3
2020-05-20,Shasta,89,179085,48,34,0,34,4
2020-05-20,Sierra,91,2930,1,0,0,0,0
2020-05-20,Siskiyou,93,43540,6,6,0,6,0
2020-05-20,Solano,95,438530,519,418,0,418,4
2020-05-20,Sonoma,97,501317,508,411,0,411,4
2020-05-20,Stanislaus,99,539301,684,584,4,588,25
2020-05-20,Sutter,101,95872,40,38,0,38,2
2020-05-20,Tehama,103,63373,4,2,1,3,1
2020-05-20,Trinity,105,12862,1,1,1,2,0
2020-05-20,Tulare,107,460477,2036,1585,4,1589,71
2020-05-20,Tuolumne,109,53932,3,2,0,2,0
2020-05-20,Ventura,111,848112,1248,879,3,882,29
2020-05-20,Yolo,113,214977,203,184,0,184,22
2020-05-20,Yuba,115,75493,26,23,0,23,1
2020-05-19,Alameda,1,1643700,3042,2493,0,2493,88
2020-05-19,Alpine,3,1148,2,1,0,1,0
2020-05-19,Amador,5,37829,10,9,0,9,0
2020-05-19,Butte,7,227075,50,25,1,26,0
2020-05-19,Calaveras,9,45235,14,13,0,13,0
2020-05-19,Colusa,11,21464,5,3,0,3,0
2020-05-19,Contra Costa,13,1133247,1390,1205,0,1205,33
2020-05-19,Del Norte,15,27424,28,8,0,8,0
2020-05-19,El Dorado,17,186661,87,67,0,67,0
2020-05-19,Fresno,19,978130,2390,1288,30,1318,15
2020-05-19,Glenn,21,27897,13,12,0,12,0
2020-05-19,Humboldt,23,135768,101,72,0,72,0
2020-05-19,Imperial,25,180216,2059,1012,6,1018,14
2020-05-19,Inyo,27,18085,19,20,0,20,1
2020-05-19,Kern,29,883053,2083,1601,3,1604,26
2020-05-19,Kings,31,150075,563,393,2,395,2
2020-05-19,Lake,33,64148,14,11,0,11,0
2020-05-19,Lassen,35,31185,2,0,2,2,0
2020-05-19,Los Angeles,37,10098052,49057,39670,22,39692,1906
2020-05-19,Madera,39,155013,162,80,0,80,2
2020-05-19,Marin,41,260295,373,340,1,341,14
2020-05-19,Mariposa,43,17540,16,15,0,15,1
2020-05-19,Mendocino,45,87422,21,12,0,12,0
2020-05-19,Merced,47,269075,325,222,0,222,5
2020-05-19,Modoc,49,8938,0,0,0,0,0
2020-05-19,Mono,51,14174,36,33,0,33,1
2020-05-19,Monterey,53,433212,445,350,0,350,8
2020-05-19,Napa,55,140530,109,93,0,93,3
2020-05-19,Nevada,57,99092,42,41,1,42,1
2020-05-19,Orange,59,3164182,6929,4746,33,4779,90
2020-05-19,Placer,61,380077,202,177,1,178,8
2020-05-19,Plumas,63,18699,4,5,0,5,0
2020-05-19,Riverside,65,2383286,7114,5963,7,5970,265
2020-05-19,Sacramento,67,1510023,1317,1239,1,1240,57
2020-05-19,San Benito,69,59416,72,59,0,59,2
2020-05-19,San Bernardino,71,2135413,4821,3656,2,3658,158
2020-05-19,San Diego,73,3302833,7074,6028,0,6028,222
2020-05-19,San Francisco,75,870044,2387,2186,0,2186,37
2020-05-19,San Joaquin,77,732212,821,705,4,709,33
2020-05-19,San Luis Obispo,79,281455,299,245,1,246,1
2020-05-19,San Mateo,81,765935,2017,1704,2,1706,71
2020-05-19,Santa Barbara,83,443738,1831,1521,4,1525,10
2020-05-19,Santa Clara,85,1922200,2934,2480,4,2484,138
2020-05-19,Santa Cruz,87,273765,188,161,0,161,3
2020-05-19,Shasta,89,179085,48,34,0,34,4
2020-05-19,Sierra,91,2930,0,0,0,0,0
2020-05-19,Siskiyou,93,43540,6,6,0,6,0
2020-05-19,Solano,95,438530,505,415,0,415,4
2020-05-19,Sonoma,97,501317,497,389,0,389,4
2020-05-19,Stanislaus,99,539301,670,582,4,586,25
2020-05-19,Sutter,101,95872,40,38,0,38,2
2020-05-19,Tehama,103,63373,4,2,1,3,1
2020-05-19,Trinity,105,12862,1,1,0,1,0
2020-05-19,Tulare,107,460477,1990,1551,4,1555,68
2020-05-19,Tuolumne,109,53932,3,2,0,2,0
2020-05-19,Ventura,111,848112,1211,861,2,863,28
2020-05-19,Yolo,113,214977,201,183,0,183,22
2020-05-19,Yuba,115,75493,26,23,0,23,1
2020-05-18,Alameda,1,1643700,2970,2442,0,2442,84
2020-05-18,Alpine,3,1148,1,1,0,1,0
2020-05-18,Amador,5,37829,10,8,0,8,0
2020-05-18,Butte,7,227075,48,24,1,25,0
2020-05-18,Calaveras,9,45235,14,13,0,13,0
2020-05-18,Colusa,11,21464,5,3,0,3,0
2020-05-18,Contra Costa,13,1133247,1359,1173,0,1173,33
2020-05-18,Del Norte,15,27424,23,8,0,8,0
2020-05-18,El Dorado,17,186661,85,67,0,67,0
2020-05-18,Fresno,19,978130,2314,1244,30,1274,14
2020-05-18,Glenn,21,27897,13,11,0,11,0
2020-05-18,Humboldt,23,135768,101,70,0,70,0
2020-05-18,Imperial,25,180216,1905,767,6,773,14
2020-05-18,Inyo,27,18085,19,20,0,20,1
2020-05-18,Kern,29,883053,2034,1566,3,1569,26
2020-05-18,Kings,31,150075,532,381,2,383,2
2020-05-18,Lake,33,64148,13,9,0,9,0
2020-05-18,Lassen,35,31185,2,0,2,2,0
2020-05-18,Los Angeles,37,10098052,48036,38477,22,38499,1825
2020-05-18,Madera,39,155013,156,74,0,74,2
2020-05-18,Marin,41,260295,360,329,1,330,14
2020-05-18,Mariposa,43,17540,16,15,0,15,1
2020-05-18,Mendocino,45,87422,16,12,0,12,0
2020-05-18,Merced,47,269075,316,217,0,217,5
2020-05-18,Modoc,49,8938,0,0,0,0,0
2020-05-18,Mono,51,14174,36,33,0,33,1
2020-05-18,Monterey,53,433212,434,345,0,345,8
2020-05-18,Napa,55,140530,105,92,0,92,3
2020-05-18,Nevada,57,99092,42,41,1,42,1
2020-05-18,Orange,59,3164182,6739,4558,30,4588,88
2020-05-18,Placer,61,380077,200,176,1,177,8
2020-05-18,Plumas,63,18699,4,5,0,5,0
2020-05-18,Riverside,65,2383286,6914,5873,7,5880,253
2020-05-18,Sacramento,67,1510023,1311,1233,0,1233,57
2020-05-18,San Benito,69,59416,70,59,0,59,2
2020-05-18,San Bernardino,71,2135413,4674,3558,2,3560,156
2020-05-18,San Diego,73,3302833,6941,5948,0,5948,211
2020-05-18,San Francisco,75,870044,2364,2183,0,2183,36
2020-05-18,San Joaquin,77,732212,809,697,4,701,33
2020-05-18,San Luis Obispo,79,281455,295,243,1,244,1
2020-05-18,San Mateo,81,765935,1979,1701,2,1703,68
2020-05-18,Santa Barbara,83,443738,1814,1501,4,1505,10
2020-05-18,Santa Clara,85,1922200,2903,2468,4,2472,137
2020-05-18,Santa Cruz,87,273765,186,160,0,160,3
2020-05-18,Shasta,89,179085,47,34,0,34,4
2020-05-18,Sierra,91,2930,0,0,0,0,0
2020-05-18,Siskiyou,93,43540,6,6,0,6,0
2020-05-18,Solano,95,438530,495,398,0,398,4
2020-05-18,Sonoma,97,501317,479,387,0,387,4
2020-05-18,Stanislaus,99,539301,658,572,4,576,25
2020-05-18,Sutter,101,95872,40,38,0,38,2
2020-05-18,Tehama,103,63373,4,2,1,3,1
2020-05-18,Trinity,105,12862,1,1,0,1,0
2020-05-18,Tulare,107,460477,1945,1491,4,1495,63
2020-05-18,Tuolumne,109,53932,3,2,0,2,0
2020-05-18,Ventura,111,848112,1189,850,1,851,27
2020-05-18,Yolo,113,214977,196,183,0,183,22
2020-05-18,Yuba,115,75493,26,23,0,23,1
2020-05-17,Alameda,1,1643700,2875,2389,0,2389,83
2020-05-17,Alpine,3,1148,1,1,0,1,0
2020-05-17,Amador,5,37829,10,8,0,8,0
2020-05-17,Butte,7,227075,48,23,1,24,0
2020-05-17,Calaveras,9,45235,14,13,0,13,0
2020-05-17,Colusa,11,21464,3,3,0,3,0
2020-05-17,Contra Costa,13,1133247,1321,1155,0,1155,33
2020-05-17,Del Norte,15,27424,23,7,0,7,0
2020-05-17,El Dorado,17,186661,85,65,0,65,0
2020-05-17,Fresno,19,978130,2215,1213,27,1240,14
2020-05-17,Glenn,21,27897,13,9,0,9,0
2020-05-17,Humboldt,23,135768,94,70,0,70,0
2020-05-17,Imperial,25,180216,1756,715,5,720,14
2020-05-17,Inyo,27,18085,19,20,0,20,1
2020-05-17,Kern,29,883053,1956,1546,3,1549,26
2020-05-17,Kings,31,150075,485,356,2,358,2
2020-05-17,Lake,33,64148,13,7,0,7,0
2020-05-17,Lassen,35,31185,2,0,2,2,0
2020-05-17,Los Angeles,37,10098052,46797,37996,22,38018,1807
2020-05-17,Madera,39,155013,154,69,0,69,2
2020-05-17,Marin,41,260295,349,315,1,316,14
2020-05-17,Mariposa,43,17540,15,15,0,15,1
2020-05-17,Mendocino,45,87422,15,10,0,10,0
2020-05-17,Merced,47,269075,305,214,0,214,5
2020-05-17,Modoc,49,8938,0,0,0,0,0
2020-05-17,Mono,51,14174,36,32,0,32,1
2020-05-17,Monterey,53,433212,414,342,0,342,8
2020-05-17,Napa,55,140530,102,89,0,89,3
2020-05-17,Nevada,57,99092,42,41,1,42,1
2020-05-17,Orange,59,3164182,6559,4466,30,4496,88
2020-05-17,Placer,61,380077,194,175,1,176,8
2020-05-17,Plumas,63,18699,4,4,0,4,0
2020-05-17,Riverside,65,2383286,6741,5776,7,5783,245
2020-05-17,Sacramento,67,1510023,1300,1224,0,1224,56
2020-05-17,San Benito,69,59416,69,59,0,59,2
2020-05-17,San Bernardino,71,2135413,4524,3467,2,3469,155
2020-05-17,San Diego,73,3302833,6809,5838,0,5838,209
2020-05-17,San Francisco,75,870044,2337,2132,0,2132,36
2020-05-17,San Joaquin,77,732212,779,688,4,692,32
2020-05-17,San Luis Obispo,79,281455,293,242,1,243,1
2020-05-17,San Mateo,81,765935,1942,1680,2,1682,68
2020-05-17,Santa Barbara,83,443738,1788,1457,4,1461,10
2020-05-17,Santa Clara,85,1922200,2865,2453,4,2457,135
2020-05-17,Santa Cruz,87,273765,175,155,0,155,3
2020-05-17,Shasta,89,179085,46,34,0,34,4
2020-05-17,Sierra,91,2930,0,0,0,0,0
2020-05-17,Siskiyou,93,43540,6,6,0,6,0
2020-05-17,Solano,95,438530,483,392,0,392,4
2020-05-17,Sonoma,97,501317,458,376,0,376,4
2020-05-17,Stanislaus,99,539301,647,566,4,570,25
2020-05-17,Sutter,101,95872,39,38,0,38,2
2020-05-17,Tehama,103,63373,3,2,1,3,1
2020-05-17,Trinity,105,12862,1,1,0,1,0
2020-05-17,Tulare,107,460477,1886,1430,3,1433,63
2020-05-17,Tuolumne,109,53932,3,2,0,2,0
2020-05-17,Ventura,111,848112,1147,838,1,839,27
2020-05-17,Yolo,113,214977,194,182,0,182,22
2020-05-17,Yuba,115,75493,26,21,0,21,1
2020-05-16,Alameda,1,1643700,2825,2327,0,2327,83
2020-05-16,Alpine,3,1148,1,1,0,1,0
2020-05-16,Amador,5,37829,10,8,0,8,0
2020-05-16,Butte,7,227075,43,22,1,23,0
2020-05-16,Calaveras,9,45235,14,13,0,13,0
2020-05-16,Colusa,11,21464,3,3,0,3,0
2020-05-16,Contra Costa,13,1133247,1303,1136,0,1136,33
2020-05-16,Del Norte,15,27424,19,4,0,4,0
2020-05-16,El Dorado,17,186661,85,65,0,65,0
2020-05-16,Fresno,19,978130,2160,1177,27,1204,14
2020-05-16,Glenn,21,27897,13,9,0,9,0
2020-05-16,Humboldt,23,135768,92,69,0,69,0
2020-05-16,Imperial,25,180216,1691,712,5,717,14
2020-05-16,Inyo,27,18085,19,20,0,20,1
2020-05-16,Kern,29,883053,1920,1509,3,1512,26
2020-05-16,Kings,31,150075,476,356,2,358,2
2020-05-16,Lake,33,64148,13,7,0,7,0
2020-05-16,Lassen,35,31185,1,0,2,2,0
2020-05-16,Los Angeles,37,10098052,46220,37352,22,37374,1778
2020-05-16,Madera,39,155013,152,70,0,70,2
2020-05-16,Marin,41,260295,345,297,1,298,14
2020-05-16,Mariposa,43,17540,15,15,0,15,1
2020-05-16,Mendocino,45,87422,15,10,0,10,0
2020-05-16,Merced,47,269075,303,201,0,201,5
2020-05-16,Modoc,49,8938,0,0,0,0,0
2020-05-16,Mono,51,14174,36,32,0,32,1
2020-05-16,Monterey,53,433212,399,329,0,329,8
2020-05-16,Napa,55,140530,102,86,0,86,3
2020-05-16,Nevada,57,99092,42,41,1,42,1
2020-05-16,Orange,59,3164182,6483,4396,30,4426,87
2020-05-16,Placer,61,380077,192,174,1,175,8
2020-05-16,Plumas,63,18699,4,4,0,4,0
2020-05-16,Riverside,65,2383286,6655,5633,7,5640,243
2020-05-16,Sacramento,67,1510023,1293,1209,0,1209,55
2020-05-16,San Benito,69,59416,64,58,0,58,2
2020-05-16,San Bernardino,71,2135413,4452,3362,2,3364,155
2020-05-16,San Diego,73,3302833,6723,5664,0,5664,209
2020-05-16,San Francisco,75,870044,2314,2094,0,2094,36
2020-05-16,San Joaquin,77,732212,771,668,4,672,32
2020-05-16,San Luis Obispo,79,281455,292,240,1,241,1
2020-05-16,San Mateo,81,765935,1927,1652,2,1654,68
2020-05-16,Santa Barbara,83,443738,1776,1422,3,1425,10
2020-05-16,Santa Clara,85,1922200,2850,2420,3,2423,135
2020-05-16,Santa Cruz,87,273765,172,154,0,154,3
2020-05-16,Shasta,89,179085,46,33,0,33,4
2020-05-16,Sierra,91,2930,0,0,0,0,0
2020-05-16,Siskiyou,93,43540,6,6,0,6,0
2020-05-16,Solano,95,438530,478,392,0,392,4
2020-05-16,Sonoma,97,501317,445,356,0,356,4
2020-05-16,Stanislaus,99,539301,638,546,4,550,24
2020-05-16,Sutter,101,95872,39,35,0,35,2
2020-05-16,Tehama,103,63373,3,2,1,3,1
2020-05-16,Trinity,105,12862,1,1,0,1,0
2020-05-16,Tulare,107,460477,1868,1426,3,1429,63
2020-05-16,Tuolumne,109,53932,3,2,0,2,0
2020-05-16,Ventura,111,848112,1122,813,1,814,25
2020-05-16,Yolo,113,214977,193,181,0,181,22
2020-05-16,Yuba,115,75493,26,21,0,21,1
2020-05-15,Alameda,1,1643700,2791,2289,0,2289,83
2020-05-15,Alpine,3,1148,1,1,0,1,0
2020-05-15,Amador,5,37829,10,8,0,8,0
2020-05-15,Butte,7,227075,41,22,1,23,0
2020-05-15,Calaveras,9,45235,14,13,0,13,0
2020-05-15,Colusa,11,21464,3,3,0,3,0
2020-05-15,Contra Costa,13,1133247,1285,1106,0,1106,33
2020-05-15,Del Norte,15,27424,14,4,0,4,0
2020-05-15,El Dorado,17,186661,85,64,0,64,0
2020-05-15,Fresno,19,978130,2094,1126,27,1153,14
2020-05-15,Glenn,21,27897,13,9,0,9,0
2020-05-15,Humboldt,23,135768,91,60,0,60,0
2020-05-15,Imperial,25,180216,1608,680,5,685,14
2020-05-15,Inyo,27,18085,19,20,0,20,1
2020-05-15,Kern,29,883053,1864,1472,3,1475,25
2020-05-15,Kings,31,150075,473,347,2,349,2
2020-05-15,Lake,33,64148,13,7,0,7,0
2020-05-15,Lassen,35,31185,1,0,2,2,0
2020-05-15,Los Angeles,37,10098052,45433,36317,22,36339,1734
2020-05-15,Madera,39,155013,151,71,0,71,2
2020-05-15,Marin,41,260295,337,295,1,296,14
2020-05-15,Mariposa,43,17540,15,15,0,15,1
2020-05-15,Mendocino,45,87422,15,10,0,10,0
2020-05-15,Merced,47,269075,300,191,0,191,5
2020-05-15,Modoc,49,8938,0,0,0,0,0
2020-05-15,Mono,51,14174,36,31,0,31,1
2020-05-15,Monterey,53,433212,393,321,0,321,8
2020-05-15,Napa,55,140530,102,83,0,83,3
2020-05-15,Nevada,57,99092,42,41,1,42,1
2020-05-15,Orange,59,3164182,6312,4281,30,4311,87
2020-05-15,Placer,61,380077,190,174,1,175,8
2020-05-15,Plumas,63,18699,4,4,0,4,0
2020-05-15,Riverside,65,2383286,6541,5496,7,5503,233
2020-05-15,Sacramento,67,1510023,1283,1203,0,1203,55
2020-05-15,San Benito,69,59416,61,57,0,57,2
2020-05-15,San Bernardino,71,2135413,4374,3225,2,3227,153
2020-05-15,San Diego,73,3302833,6616,5525,0,5525,208
2020-05-15,San Francisco,75,870044,2298,2062,0,2062,36
2020-05-15,San Joaquin,77,732212,765,656,4,660,32
2020-05-15,San Luis Obispo,79,281455,291,237,1,238,1
2020-05-15,San Mateo,81,765935,1905,1612,2,1614,68
2020-05-15,Santa Barbara,83,443738,1762,1409,3,1412,10
2020-05-15,Santa Clara,85,1922200,2824,2395,3,2398,135
2020-05-15,Santa Cruz,87,273765,171,146,0,146,3
2020-05-15,Shasta,89,179085,45,33,0,33,4
2020-05-15,Sierra,91,2930,0,0,0,0,0
2020-05-15,Siskiyou,93,43540,5,5,0,5,0
2020-05-15,Solano,95,438530,474,388,0,388,4
2020-05-15,Sonoma,97,501317,437,349,0,349,4
2020-05-15,Stanislaus,99,539301,631,540,4,544,23
2020-05-15,Sutter,101,95872,38,35,0,35,2
2020-05-15,Tehama,103,63373,3,1,1,2,1
2020-05-15,Trinity,105,12862,1,1,0,1,0
2020-05-15,Tulare,107,460477,1841,1356,3,1359,61
2020-05-15,Tuolumne,109,53932,3,2,0,2,0
2020-05-15,Ventura,111,848112,1105,789,0,789,25
2020-05-15,Yolo,113,214977,192,182,0,182,22
2020-05-15,Yuba,115,75493,26,21,0,21,1
2020-05-14,Alameda,1,1643700,2699,2255,0,2255,80
2020-05-14,Alpine,3,1148,1,1,0,1,0
2020-05-14,Amador,5,37829,10,8,0,8,0
2020-05-14,Butte,7,227075,39,22,1,23,0
2020-05-14,Calaveras,9,45235,14,13,0,13,0
2020-05-14,Colusa,11,21464,3,3,0,3,0
2020-05-14,Contra Costa,13,1133247,1259,1090,0,1090,32
2020-05-14,Del Norte,15,27424,14,4,0,4,0
2020-05-14,El Dorado,17,186661,76,59,0,59,0
2020-05-14,Fresno,19,978130,2042,1038,24,1062,12
2020-05-14,Glenn,21,27897,12,8,0,8,0
2020-05-14,Humboldt,23,135768,89,59,0,59,0
2020-05-14,Imperial,25,180216,1491,652,5,657,13
2020-05-14,Inyo,27,18085,19,20,0,20,1
2020-05-14,Kern,29,883053,1822,1430,3,1433,21
2020-05-14,Kings,31,150075,457,342,2,344,1
2020-05-14,Lake,33,64148,13,7,0,7,0
2020-05-14,Lassen,35,31185,1,0,2,2,0
2020-05-14,Los Angeles,37,10098052,44258,35427,22,35449,1693
2020-05-14,Madera,39,155013,142,69,0,69,2
2020-05-14,Marin,41,260295,319,283,1,284,14
2020-05-14,Mariposa,43,17540,15,15,0,15,0
2020-05-14,Mendocino,45,87422,14,10,0,10,0
2020-05-14,Merced,47,269075,290,182,0,182,3
2020-05-14,Modoc,49,8938,0,0,0,0,0
2020-05-14,Mono,51,14174,36,31,0,31,1
2020-05-14,Monterey,53,433212,383,317,0,317,7
2020-05-14,Napa,55,140530,100,83,0,83,3
2020-05-14,Nevada,57,99092,41,41,1,42,1
2020-05-14,Orange,59,3164182,6136,4163,28,4191,83
2020-05-14,Placer,61,380077,190,172,1,173,8
2020-05-14,Plumas,63,18699,4,4,0,4,0
2020-05-14,Riverside,65,2383286,6358,5339,7,5346,224
2020-05-14,Sacramento,67,1510023,1271,1181,0,1181,55
2020-05-14,San Benito,69,59416,59,56,0,56,2
2020-05-14,San Bernardino,71,2135413,4196,3149,2,3151,149
2020-05-14,San Diego,73,3302833,6482,5393,0,5393,200
2020-05-14,San Francisco,75,870044,2265,2029,0,2029,36
2020-05-14,San Joaquin,77,732212,750,643,4,647,31
2020-05-14,San Luis Obispo,79,281455,288,236,1,237,1
2020-05-14,San Mateo,81,765935,1873,1588,2,1590,67
2020-05-14,Santa Barbara,83,443738,1744,1395,3,1398,11
2020-05-14,Santa Clara,85,1922200,2803,2380,3,2383,134
2020-05-14,Santa Cruz,87,273765,169,145,0,145,3
2020-05-14,Shasta,89,179085,45,33,0,33,4
2020-05-14,Sierra,91,2930,0,0,0,0,0
2020-05-14,Siskiyou,93,43540,5,5,0,5,0
2020-05-14,Solano,95,438530,465,372,0,372,4
2020-05-14,Sonoma,97,501317,420,333,0,333,4
2020-05-14,Stanislaus,99,539301,612,533,4,537,23
2020-05-14,Sutter,101,95872,38,34,0,34,2
2020-05-14,Tehama,103,63373,3,1,1,2,1
2020-05-14,Trinity,105,12862,1,1,0,1,0
2020-05-14,Tulare,107,460477,1808,1317,3,1320,55
2020-05-14,Tuolumne,109,53932,3,2,0,2,0
2020-05-14,Ventura,111,848112,1077,760,0,760,25
2020-05-14,Yolo,113,214977,192,180,0,180,22
2020-05-14,Yuba,115,75493,26,21,0,21,1
2020-05-13,Alameda,1,1643700,2641,2181,0,2181,78
2020-05-13,Alpine,3,1148,1,1,0,1,0
2020-05-13,Amador,5,37829,10,8,0,8,0
2020-05-13,Butte,7,227075,39,21,1,22,0
2020-05-13,Calaveras,9,45235,14,13,0,13,0
2020-05-13,Colusa,11,21464,3,3,0,3,0
2020-05-13,Contra Costa,13,1133247,1237,1082,0,1082,32
2020-05-13,Del Norte,15,27424,13,4,0,4,0
2020-05-13,El Dorado,17,186661,75,58,0,58,0
2020-05-13,Fresno,19,978130,1950,993,24,1017,10
2020-05-13,Glenn,21,27897,11,6,0,6,0
2020-05-13,Humboldt,23,135768,83,58,0,58,0
2020-05-13,Imperial,25,180216,1421,610,5,615,11
2020-05-13,Inyo,27,18085,19,20,0,20,1
2020-05-13,Kern,29,883053,1777,1390,3,1393,19
2020-05-13,Kings,31,150075,444,314,2,316,1
2020-05-13,Lake,33,64148,13,7,0,7,0
2020-05-13,Lassen,35,31185,1,0,2,2,0
2020-05-13,Los Angeles,37,10098052,42952,34574,22,34596,1643
2020-05-13,Madera,39,155013,133,69,0,69,2
2020-05-13,Marin,41,260295,306,278,1,279,14
2020-05-13,Mariposa,43,17540,15,15,0,15,0
2020-05-13,Mendocino,45,87422,14,10,0,10,0
2020-05-13,Merced,47,269075,287,176,0,176,3
2020-05-13,Modoc,49,8938,0,0,0,0,0
2020-05-13,Mono,51,14174,35,31,0,31,1
2020-05-13,Monterey,53,433212,373,309,0,309,6
2020-05-13,Napa,55,140530,100,81,0,81,3
2020-05-13,Nevada,57,99092,41,41,1,42,1
2020-05-13,Orange,59,3164182,5890,4025,26,4051,79
2020-05-13,Placer,61,380077,189,170,1,171,8
2020-05-13,Plumas,63,18699,4,4,0,4,0
2020-05-13,Riverside,65,2383286,6235,5204,7,5211,216
2020-05-13,Sacramento,67,1510023,1256,1173,0,1173,53
2020-05-13,San Benito,69,59416,59,55,0,55,2
2020-05-13,San Bernardino,71,2135413,3941,3064,1,3065,140
2020-05-13,San Diego,73,3302833,6346,5280,0,5280,194
2020-05-13,San Francisco,75,870044,2237,2004,0,2004,35
2020-05-13,San Joaquin,77,732212,729,639,3,642,31
2020-05-13,San Luis Obispo,79,281455,286,231,1,232,1
2020-05-13,San Mateo,81,765935,1841,1550,2,1552,66
2020-05-13,Santa Barbara,83,443738,1728,1382,3,1385,10
2020-05-13,Santa Clara,85,1922200,2784,2370,3,2373,132
2020-05-13,Santa Cruz,87,273765,165,142,0,142,2
2020-05-13,Shasta,89,179085,45,32,0,32,4
2020-05-13,Sierra,91,2930,0,0,0,0,0
2020-05-13,Siskiyou,93,43540,5,5,0,5,0
2020-05-13,Solano,95,438530,452,368,0,368,4
2020-05-13,Sonoma,97,501317,410,330,0,330,4
2020-05-13,Stanislaus,99,539301,603,521,4,525,15
2020-05-13,Sutter,101,95872,38,33,0,33,2
2020-05-13,Tehama,103,63373,3,1,1,2,1
2020-05-13,Trinity,105,12862,1,2,0,2,0
2020-05-13,Tulare,107,460477,1775,1283,3,1286,54
2020-05-13,Tuolumne,109,53932,3,2,0,2,0
2020-05-13,Ventura,111,848112,1050,742,0,742,25
2020-05-13,Yolo,113,214977,190,178,0,178,22
2020-05-13,Yuba,115,75493,24,19,0,19,1
2020-05-12,Alameda,1,1643700,2578,2146,0,2146,74
2020-05-12,Alpine,3,1148,1,1,0,1,0
2020-05-12,Amador,5,37829,10,8,0,8,0
2020-05-12,Butte,7,227075,37,20,1,21,0
2020-05-12,Calaveras,9,45235,13,13,0,13,0
2020-05-12,Colusa,11,21464,3,3,0,3,0
2020-05-12,Contra Costa,13,1133247,1206,1067,0,1067,32
2020-05-12,Del Norte,15,27424,10,3,0,3,0
2020-05-12,El Dorado,17,186661,72,56,0,56,0
2020-05-12,Fresno,19,978130,1867,978,24,1002,9
2020-05-12,Glenn,21,27897,10,6,0,6,0
2020-05-12,Humboldt,23,135768,80,58,0,58,0
2020-05-12,Imperial,25,180216,1290,602,3,605,9
2020-05-12,Inyo,27,18085,19,20,0,20,1
2020-05-12,Kern,29,883053,1736,1363,3,1366,18
2020-05-12,Kings,31,150075,423,302,2,304,1
2020-05-12,Lake,33,64148,13,7,0,7,0
2020-05-12,Lassen,35,31185,1,0,2,2,0
2020-05-12,Los Angeles,37,10098052,41956,33281,21,33302,1601
2020-05-12,Madera,39,155013,129,69,0,69,2
2020-05-12,Marin,41,260295,301,274,1,275,14
2020-05-12,Mariposa,43,17540,15,15,0,15,0
2020-05-12,Mendocino,45,87422,14,10,0,10,0
2020-05-12,Merced,47,269075,276,175,0,175,3
2020-05-12,Modoc,49,8938,0,0,0,0,0
2020-05-12,Mono,51,14174,35,31,0,31,1
2020-05-12,Monterey,53,433212,366,298,0,298,6
2020-05-12,Napa,55,140530,98,80,0,80,3
2020-05-12,Nevada,57,99092,41,41,1,42,1
2020-05-12,Orange,59,3164182,5708,3843,24,3867,78
2020-05-12,Placer,61,380077,188,170,1,171,8
2020-05-12,Plumas,63,18699,4,4,0,4,0
2020-05-12,Riverside,65,2383286,6114,5134,7,5141,210
2020-05-12,Sacramento,67,1510023,1236,1166,0,1166,52
2020-05-12,San Benito,69,59416,59,55,0,55,2
2020-05-12,San Bernardino,71,2135413,3790,2997,1,2998,131
2020-05-12,San Diego,73,3302833,6202,3,0,3,0
2020-05-12,San Francisco,75,870044,2202,1981,0,1981,35
2020-05-12,San Joaquin,77,732212,714,625,3,628,30
2020-05-12,San Luis Obispo,79,281455,283,226,1,227,1
2020-05-12,San Mateo,81,765935,1815,1533,2,1535,66
2020-05-12,Santa Barbara,83,443738,1689,1377,3,1380,10
2020-05-12,Santa Clara,85,1922200,2754,2362,3,2365,131
2020-05-12,Santa Cruz,87,273765,163,141,0,141,2
2020-05-12,Shasta,89,179085,44,33,0,33,4
2020-05-12,Sierra,91,2930,0,0,0,0,0
2020-05-12,Siskiyou,93,43540,5,5,0,5,0
2020-05-12,Solano,95,438530,444,361,0,361,4
2020-05-12,Sonoma,97,501317,387,308,0,308,4
2020-05-12,Stanislaus,99,539301,596,515,4,519,15
2020-05-12,Sutter,101,95872,38,33,0,33,2
2020-05-12,Tehama,103,63373,3,1,1,2,1
2020-05-12,Trinity,105,12862,1,1,0,1,0
2020-05-12,Tulare,107,460477,1745,1261,2,1263,52
2020-05-12,Tuolumne,109,53932,3,2,0,2,0
2020-05-12,Ventura,111,848112,1013,718,0,718,20
2020-05-12,Yolo,113,214977,189,176,0,176,22
2020-05-12,Yuba,115,75493,24,19,0,19,1
2020-05-11,Alameda,1,1643700,2528,2103,0,2103,71
2020-05-11,Alpine,3,1148,1,1,0,1,0
2020-05-11,Amador,5,37829,10,8,0,8,0
2020-05-11,Butte,7,227075,36,19,1,20,0
2020-05-11,Calaveras,9,45235,13,13,0,13,0
2020-05-11,Colusa,11,21464,3,3,0,3,0
2020-05-11,Contra Costa,13,1133247,1192,1052,0,1052,32
2020-05-11,Del Norte,15,27424,8,3,0,3,0
2020-05-11,El Dorado,17,186661,72,55,0,55,0
2020-05-11,Fresno,19,978130,1781,937,22,959,8
2020-05-11,Glenn,21,27897,10,6,0,6,0
2020-05-11,Humboldt,23,135768,77,56,0,56,0
2020-05-11,Imperial,25,180216,1184,562,1,563,9
2020-05-11,Inyo,27,18085,19,20,0,20,1
2020-05-11,Kern,29,883053,1684,1331,3,1334,17
2020-05-11,Kings,31,150075,400,289,1,290,1
2020-05-11,Lake,33,64148,12,7,0,7,0
2020-05-11,Lassen,35,31185,1,0,2,2,0
2020-05-11,Los Angeles,37,10098052,40777,32279,21,32300,1553
2020-05-11,Madera,39,155013,121,68,0,68,2
2020-05-11,Marin,41,260295,292,271,1,272,14
2020-05-11,Mariposa,43,17540,15,15,0,15,0
2020-05-11,Mendocino,45,87422,14,10,0,10,0
2020-05-11,Merced,47,269075,261,158,0,158,3
2020-05-11,Modoc,49,8938,0,0,0,0,0
2020-05-11,Mono,51,14174,35,30,0,30,1
2020-05-11,Monterey,53,433212,363,286,0,286,6
2020-05-11,Napa,55,140530,92,79,0,79,2
2020-05-11,Nevada,57,99092,41,41,1,42,1
2020-05-11,Orange,59,3164182,5501,3699,20,3719,77
2020-05-11,Placer,61,380077,188,170,1,171,8
2020-05-11,Plumas,63,18699,4,4,0,4,0
2020-05-11,Riverside,65,2383286,5957,5082,7,5089,203
2020-05-11,Sacramento,67,1510023,1221,1160,0,1160,52
2020-05-11,San Benito,69,59416,57,52,0,52,2
2020-05-11,San Bernardino,71,2135413,3680,2945,1,2946,124
2020-05-11,San Diego,73,3302833,6049,5067,0,5067,175
2020-05-11,San Francisco,75,870044,2155,1974,0,1974,35
2020-05-11,San Joaquin,77,732212,704,620,3,623,30
2020-05-11,San Luis Obispo,79,281455,281,224,1,225,1
2020-05-11,San Mateo,81,765935,1789,1499,2,1501,66
2020-05-11,Santa Barbara,83,443738,1668,1372,3,1375,10
2020-05-11,Santa Clara,85,1922200,2738,2340,3,2343,129
2020-05-11,Santa Cruz,87,273765,160,140,0,140,2
2020-05-11,Shasta,89,179085,44,31,0,31,4
2020-05-11,Sierra,91,2930,0,0,0,0,0
2020-05-11,Siskiyou,93,43540,5,5,0,5,0
2020-05-11,Solano,95,438530,439,354,0,354,4
2020-05-11,Sonoma,97,501317,377,303,0,303,3
2020-05-11,Stanislaus,99,539301,586,507,4,511,14
2020-05-11,Sutter,101,95872,37,32,0,32,2
2020-05-11,Tehama,103,63373,3,1,1,2,1
2020-05-11,Trinity,105,12862,1,1,0,1,0
2020-05-11,Tulare,107,460477,1696,1203,2,1205,49
2020-05-11,Tuolumne,109,53932,3,2,0,2,0
2020-05-11,Ventura,111,848112,969,698,0,698,19
2020-05-11,Yolo,113,214977,189,174,0,174,20
2020-05-11,Yuba,115,75493,24,18,0,18,1
2020-05-10,Alameda,1,1643700,2451,2047,0,2047,71
2020-05-10,Alpine,3,1148,1,1,0,1,0
2020-05-10,Amador,5,37829,10,8,0,8,0
2020-05-10,Butte,7,227075,32,18,1,19,0
2020-05-10,Calaveras,9,45235,13,13,0,13,0
2020-05-10,Colusa,11,21464,3,3,0,3,0
2020-05-10,Contra Costa,13,1133247,1178,1046,0,1046,31
2020-05-10,Del Norte,15,27424,7,3,0,3,0
2020-05-10,El Dorado,17,186661,72,55,0,55,0
2020-05-10,Fresno,19,978130,1700,894,22,916,8
2020-05-10,Glenn,21,27897,10,6,0,6,0
2020-05-10,Humboldt,23,135768,73,56,0,56,0
2020-05-10,Imperial,25,180216,1088,509,1,510,7
2020-05-10,Inyo,27,18085,19,20,0,20,1
2020-05-10,Kern,29,883053,1634,1300,2,1302,16
2020-05-10,Kings,31,150075,387,266,1,267,1
2020-05-10,Lake,33,64148,12,7,0,7,0
2020-05-10,Lassen,35,31185,1,0,2,2,0
2020-05-10,Los Angeles,37,10098052,39517,31711,21,31732,1514
2020-05-10,Madera,39,155013,119,65,0,65,2
2020-05-10,Marin,41,260295,284,267,1,268,14
2020-05-10,Mariposa,43,17540,15,15,0,15,0
2020-05-10,Mendocino,45,87422,13,10,0,10,0
2020-05-10,Merced,47,269075,246,154,0,154,3
2020-05-10,Modoc,49,8938,0,0,0,0,0
2020-05-10,Mono,51,14174,35,27,0,27,1
2020-05-10,Monterey,53,433212,349,282,0,282,6
2020-05-10,Napa,55,140530,86,79,0,79,2
2020-05-10,Nevada,57,99092,41,41,1,42,1
2020-05-10,Orange,59,3164182,5356,3627,20,3647,76
2020-05-10,Placer,61,380077,187,168,1,169,8
2020-05-10,Plumas,63,18699,4,4,0,4,0
2020-05-10,Riverside,65,2383286,5835,4951,7,4958,193
2020-05-10,Sacramento,67,1510023,1205,1152,0,1152,52
2020-05-10,San Benito,69,59416,57,52,0,52,2
2020-05-10,San Bernardino,71,2135413,3582,2910,1,2911,121
2020-05-10,San Diego,73,3302833,5897,4928,0,4928,175
2020-05-10,San Francisco,75,870044,2137,1953,0,1953,35
2020-05-10,San Joaquin,77,732212,689,611,3,614,29
2020-05-10,San Luis Obispo,79,281455,278,218,1,219,1
2020-05-10,San Mateo,81,765935,1767,1463,2,1465,65
2020-05-10,Santa Barbara,83,443738,1647,1323,3,1326,10
2020-05-10,Santa Clara,85,1922200,2714,2331,3,2334,129
2020-05-10,Santa Cruz,87,273765,159,139,0,139,2
2020-05-10,Shasta,89,179085,44,31,0,31,4
2020-05-10,Sierra,91,2930,0,0,0,0,0
2020-05-10,Siskiyou,93,43540,5,5,0,5,0
2020-05-10,Solano,95,438530,429,322,0,322,4
2020-05-10,Sonoma,97,501317,367,290,0,290,3
2020-05-10,Stanislaus,99,539301,579,498,4,502,14
2020-05-10,Sutter,101,95872,34,31,0,31,2
2020-05-10,Tehama,103,63373,3,1,1,2,1
2020-05-10,Trinity,105,12862,1,1,0,1,0
2020-05-10,Tulare,107,460477,1628,1143,2,1145,47
2020-05-10,Tuolumne,109,53932,3,2,0,2,0
2020-05-10,Ventura,111,848112,921,690,0,690,19
2020-05-10,Yolo,113,214977,189,173,0,173,20
2020-05-10,Yuba,115,75493,23,17,0,17,1
2020-05-09,Alameda,1,1643700,2408,2011,0,2011,71
2020-05-09,Alpine,3,1148,1,1,0,1,0
2020-05-09,Amador,5,37829,9,8,0,8,0
2020-05-09,Butte,7,227075,31,18,1,19,0
2020-05-09,Calaveras,9,45235,13,13,0,13,0
2020-05-09,Colusa,11,21464,3,3,0,3,0
2020-05-09,Contra Costa,13,1133247,1164,1039,0,1039,31
2020-05-09,Del Norte,15,27424,7,3,0,3,0
2020-05-09,El Dorado,17,186661,69,54,0,54,0
2020-05-09,Fresno,19,978130,1663,861,21,882,8
2020-05-09,Glenn,21,27897,9,6,0,6,0
2020-05-09,Humboldt,23,135768,71,55,0,55,0
2020-05-09,Imperial,25,180216,1032,474,1,475,7
2020-05-09,Inyo,27,18085,19,20,0,20,1
2020-05-09,Kern,29,883053,1598,1262,1,1263,15
2020-05-09,Kings,31,150075,382,264,1,265,1
2020-05-09,Lake,33,64148,12,7,0,7,0
2020-05-09,Lassen,35,31185,1,0,2,2,0
2020-05-09,Los Angeles,37,10098052,38894,31268,21,31289,1499
2020-05-09,Madera,39,155013,118,61,0,61,2
2020-05-09,Marin,41,260295,283,261,1,262,14
2020-05-09,Mariposa,43,17540,15,15,0,15,0
2020-05-09,Mendocino,45,87422,13,10,0,10,0
2020-05-09,Merced,47,269075,242,153,0,153,3
2020-05-09,Modoc,49,8938,0,0,0,0,0
2020-05-09,Mono,51,14174,35,27,0,27,1
2020-05-09,Monterey,53,433212,342,273,0,273,6
2020-05-09,Napa,55,140530,85,78,0,78,2
2020-05-09,Nevada,57,99092,41,41,1,42,1
2020-05-09,Orange,59,3164182,5274,3506,19,3525,75
2020-05-09,Placer,61,380077,186,168,1,169,8
2020-05-09,Plumas,63,18699,4,4,0,4,0
2020-05-09,Riverside,65,2383286,5741,4871,7,4878,183
2020-05-09,Sacramento,67,1510023,1201,1150,0,1150,52
2020-05-09,San Benito,69,59416,56,52,0,52,2
2020-05-09,San Bernardino,71,2135413,3526,2825,1,2826,121
2020-05-09,San Diego,73,3302833,5785,4778,0,4778,175
2020-05-09,San Francisco,75,870044,2122,1944,0,1944,34
2020-05-09,San Joaquin,77,732212,680,605,3,608,28
2020-05-09,San Luis Obispo,79,281455,274,213,1,214,1
2020-05-09,San Mateo,81,765935,1748,1453,2,1455,65
2020-05-09,Santa Barbara,83,443738,1634,1245,3,1248,10
2020-05-09,Santa Clara,85,1922200,2703,2317,3,2320,128
2020-05-09,Santa Cruz,87,273765,158,138,0,138,2
2020-05-09,Shasta,89,179085,44,31,0,31,4
2020-05-09,Sierra,91,2930,0,0,0,0,0
2020-05-09,Siskiyou,93,43540,5,5,0,5,0
2020-05-09,Solano,95,438530,423,321,0,321,4
2020-05-09,Sonoma,97,501317,363,288,0,288,3
2020-05-09,Stanislaus,99,539301,571,491,4,495,12
2020-05-09,Sutter,101,95872,34,31,0,31,2
2020-05-09,Tehama,103,63373,2,1,1,2,1
2020-05-09,Trinity,105,12862,1,1,0,1,0
2020-05-09,Tulare,107,460477,1600,1083,2,1085,47
2020-05-09,Tuolumne,109,53932,3,2,0,2,0
2020-05-09,Ventura,111,848112,900,679,0,679,19
2020-05-09,Yolo,113,214977,189,172,0,172,18
2020-05-09,Yuba,115,75493,23,17,0,17,1
2020-05-08,Alameda,1,1643700,2365,1955,0,1955,70
2020-05-08,Alpine,3,1148,1,1,0,1,0
2020-05-08,Amador,5,37829,9,8,0,8,0
2020-05-08,Butte,7,227075,31,18,1,19,0
2020-05-08,Calaveras,9,45235,13,13,0,13,0
2020-05-08,Colusa,11,21464,3,3,0,3,0
2020-05-08,Contra Costa,13,1133247,1152,1024,0,1024,29
2020-05-08,Del Norte,15,27424,7,3,0,3,0
2020-05-08,El Dorado,17,186661,68,54,0,54,0
2020-05-08,Fresno,19,978130,1627,838,20,858,8
2020-05-08,Glenn,21,27897,8,6,0,6,0
2020-05-08,Humboldt,23,135768,68,54,0,54,0
2020-05-08,Imperial,25,180216,986,467,1,468,7
2020-05-08,Inyo,27,18085,19,20,0,20,1
2020-05-08,Kern,29,883053,1567,1214,1,1215,13
2020-05-08,Kings,31,150075,373,236,1,237,1
2020-05-08,Lake,33,64148,12,7,0,7,0
2020-05-08,Lassen,35,31185,1,0,2,2,0
2020-05-08,Los Angeles,37,10098052,38165,30357,21,30378,1447
2020-05-08,Madera,39,155013,115,57,0,57,2
2020-05-08,Marin,41,260295,283,257,1,258,14
2020-05-08,Mariposa,43,17540,15,15,0,15,0
2020-05-08,Mendocino,45,87422,13,10,0,10,0
2020-05-08,Merced,47,269075,241,151,0,151,3
2020-05-08,Modoc,49,8938,0,0,0,0,0
2020-05-08,Mono,51,14174,32,27,0,27,1
2020-05-08,Monterey,53,433212,334,265,0,265,6
2020-05-08,Napa,55,140530,84,78,0,78,2
2020-05-08,Nevada,57,99092,41,41,1,42,1
2020-05-08,Orange,59,3164182,5130,3395,19,3414,72
2020-05-08,Placer,61,380077,184,166,1,167,8
2020-05-08,Plumas,63,18699,4,4,0,4,0
2020-05-08,Riverside,65,2383286,5642,4672,7,4679,181
2020-05-08,Sacramento,67,1510023,1196,1145,0,1145,51
2020-05-08,San Benito,69,59416,56,51,0,51,2
2020-05-08,San Bernardino,71,2135413,3478,2631,1,2632,119
2020-05-08,San Diego,73,3302833,5678,4664,0,4664,169
2020-05-08,San Francisco,75,870044,2104,1890,0,1890,33
2020-05-08,San Joaquin,77,732212,673,595,3,598,28
2020-05-08,San Luis Obispo,79,281455,271,210,1,211,1
2020-05-08,San Mateo,81,765935,1663,1423,2,1425,62
2020-05-08,Santa Barbara,83,443738,1621,1054,2,1056,8
2020-05-08,Santa Clara,85,1922200,2680,2285,3,2288,128
2020-05-08,Santa Cruz,87,273765,154,137,0,137,2
2020-05-08,Shasta,89,179085,44,31,0,31,4
2020-05-08,Sierra,91,2930,0,0,0,0,0
2020-05-08,Siskiyou,93,43540,5,5,0,5,0
2020-05-08,Solano,95,438530,418,314,0,314,4
2020-05-08,Sonoma,97,501317,358,285,0,285,3
2020-05-08,Stanislaus,99,539301,557,487,4,491,12
2020-05-08,Sutter,101,95872,34,30,0,30,2
2020-05-08,Tehama,103,63373,2,1,1,2,1
2020-05-08,Trinity,105,12862,1,0,0,0,0
2020-05-08,Tulare,107,460477,1555,1050,2,1052,43
2020-05-08,Tuolumne,109,53932,3,2,0,2,0
2020-05-08,Ventura,111,848112,883,665,0,665,19
2020-05-08,Yolo,113,214977,188,172,0,172,18
2020-05-08,Yuba,115,75493,22,16,0,16,1
2020-05-07,Alameda,1,1643700,2305,1914,0,1914,68
2020-05-07,Alpine,3,1148,1,1,0,1,0
2020-05-07,Amador,5,37829,9,8,0,8,0
2020-05-07,Butte,7,227075,31,19,1,20,0
2020-05-07,Calaveras,9,45235,13,13,0,13,0
2020-05-07,Colusa,11,21464,3,3,0,3,0
2020-05-07,Contra Costa,13,1133247,1138,1005,0,1005,29
2020-05-07,Del Norte,15,27424,6,3,0,3,0
2020-05-07,El Dorado,17,186661,67,54,0,54,0
2020-05-07,Fresno,19,978130,1547,812,19,831,8
2020-05-07,Glenn,21,27897,8,5,0,5,0
2020-05-07,Humboldt,23,135768,67,54,0,54,0
2020-05-07,Imperial,25,180216,923,442,1,443,6
2020-05-07,Inyo,27,18085,19,20,0,20,1
2020-05-07,Kern,29,883053,1523,1176,1,1177,13
2020-05-07,Kings,31,150075,351,219,1,220,1
2020-05-07,Lake,33,64148,11,7,0,7,0
2020-05-07,Lassen,35,31185,1,0,2,2,0
2020-05-07,Los Angeles,37,10098052,37043,29544,21,29565,1399
2020-05-07,Madera,39,155013,111,54,0,54,2
2020-05-07,Marin,41,260295,276,252,1,253,14
2020-05-07,Mariposa,43,17540,15,15,0,15,0
2020-05-07,Mendocino,45,87422,13,10,0,10,0
2020-05-07,Merced,47,269075,233,146,0,146,3
2020-05-07,Modoc,49,8938,0,0,0,0,0
2020-05-07,Mono,51,14174,32,26,0,26,1
2020-05-07,Monterey,53,433212,326,249,0,249,6
2020-05-07,Napa,55,140530,84,78,0,78,2
2020-05-07,Nevada,57,99092,41,41,1,42,1
2020-05-07,Orange,59,3164182,4947,3283,18,3301,69
2020-05-07,Placer,61,380077,184,165,1,166,8
2020-05-07,Plumas,63,18699,4,4,0,4,0
2020-05-07,Riverside,65,2383286,5526,4608,7,4615,170
2020-05-07,Sacramento,67,1510023,1190,1139,0,1139,50
2020-05-07,San Benito,69,59416,56,50,0,50,2
2020-05-07,San Bernardino,71,2135413,3386,2522,1,2523,115
2020-05-07,San Diego,73,3302833,5521,4431,0,4431,165
2020-05-07,San Francisco,75,870044,2073,1852,0,1852,33
2020-05-07,San Joaquin,77,732212,660,583,3,586,28
2020-05-07,San Luis Obispo,79,281455,260,209,1,210,1
2020-05-07,San Mateo,81,765935,1641,1398,2,1400,58
2020-05-07,Santa Barbara,83,443738,1590,720,2,722,8
2020-05-07,Santa Clara,85,1922200,2643,2281,3,2284,127
2020-05-07,Santa Cruz,87,273765,151,136,0,136,2
2020-05-07,Shasta,89,179085,43,31,0,31,4
2020-05-07,Sierra,91,2930,0,0,0,0,0
2020-05-07,Siskiyou,93,43540,5,5,0,5,0
2020-05-07,Solano,95,438530,412,307,0,307,4
2020-05-07,Sonoma,97,501317,346,282,0,282,3
2020-05-07,Stanislaus,99,539301,548,466,4,470,10
2020-05-07,Sutter,101,95872,34,29,0,29,2
2020-05-07,Tehama,103,63373,2,1,1,2,1
2020-05-07,Trinity,105,12862,1,0,0,0,0
2020-05-07,Tulare,107,460477,1491,1001,2,1003,41
2020-05-07,Tuolumne,109,53932,3,2,0,2,0
2020-05-07,Ventura,111,848112,861,647,0,647,19
2020-05-07,Yolo,113,214977,187,172,0,172,18
2020-05-07,Yuba,115,75493,22,16,0,16,1
2020-05-06,Alameda,1,1643700,2267,1864,0,1864,67
2020-05-06,Alpine,3,1148,1,1,0,1,0
2020-05-06,Amador,5,37829,9,8,0,8,0
2020-05-06,Butte,7,227075,30,19,1,20,0
2020-05-06,Calaveras,9,45235,13,13,0,13,0
2020-05-06,Colusa,11,21464,3,3,0,3,0
2020-05-06,Contra Costa,13,1133247,1117,990,0,990,29
2020-05-06,Del Norte,15,27424,6,3,0,3,0
2020-05-06,El Dorado,17,186661,65,53,0,53,0
2020-05-06,Fresno,19,978130,1486,773,17,790,8
2020-05-06,Glenn,21,27897,8,3,0,3,0
2020-05-06,Humboldt,23,135768,66,54,0,54,0
2020-05-06,Imperial,25,180216,855,399,1,400,6
2020-05-06,Inyo,27,18085,19,20,0,20,1
2020-05-06,Kern,29,883053,1468,1112,1,1113,12
2020-05-06,Kings,31,150075,333,208,1,209,1
2020-05-06,Lake,33,64148,11,7,0,7,0
2020-05-06,Lassen,35,31185,1,0,2,2,0
2020-05-06,Los Angeles,37,10098052,36038,28687,21,28708,1347
2020-05-06,Madera,39,155013,109,55,0,55,2
2020-05-06,Marin,41,260295,269,244,1,245,14
2020-05-06,Mariposa,43,17540,15,14,0,14,0
2020-05-06,Mendocino,45,87422,13,10,0,10,0
2020-05-06,Merced,47,269075,226,140,0,140,3
2020-05-06,Modoc,49,8938,0,0,0,0,0
2020-05-06,Mono,51,14174,32,26,0,26,1
2020-05-06,Monterey,53,433212,318,246,0,246,6
2020-05-06,Napa,55,140530,83,78,0,78,2
2020-05-06,Nevada,57,99092,41,41,1,42,1
2020-05-06,Orange,59,3164182,4762,3156,17,3173,66
2020-05-06,Placer,61,380077,181,164,1,165,8
2020-05-06,Plumas,63,18699,4,4,0,4,0
2020-05-06,Riverside,65,2383286,5381,4535,7,4542,163
2020-05-06,Sacramento,67,1510023,1183,1135,0,1135,49
2020-05-06,San Benito,69,59416,55,50,0,50,2
2020-05-06,San Bernardino,71,2135413,3264,2426,0,2426,110
2020-05-06,San Diego,73,3302833,5388,4321,0,4321,158
2020-05-06,San Francisco,75,870044,2048,1804,0,1804,32
2020-05-06,San Joaquin,77,732212,647,581,3,584,28
2020-05-06,San Luis Obispo,79,281455,257,207,1,208,1
2020-05-06,San Mateo,81,765935,1610,1348,2,1350,57
2020-05-06,Santa Barbara,83,443738,1543,565,2,567,8
2020-05-06,Santa Clara,85,1922200,2627,2270,3,2273,127
2020-05-06,Santa Cruz,87,273765,147,135,0,135,2
2020-05-06,Shasta,89,179085,43,31,0,31,4
2020-05-06,Sierra,91,2930,0,0,0,0,0
2020-05-06,Siskiyou,93,43540,5,5,0,5,0
2020-05-06,Solano,95,438530,402,300,0,300,4
2020-05-06,Sonoma,97,501317,330,269,0,269,3
2020-05-06,Stanislaus,99,539301,532,434,4,438,9
2020-05-06,Sutter,101,95872,34,29,0,29,2
2020-05-06,Tehama,103,63373,2,1,1,2,1
2020-05-06,Trinity,105,12862,1,0,0,0,0
2020-05-06,Tulare,107,460477,1443,963,2,965,40
2020-05-06,Tuolumne,109,53932,3,2,0,2,0
2020-05-06,Ventura,111,848112,836,619,0,619,19
2020-05-06,Yolo,113,214977,186,172,0,172,18
2020-05-06,Yuba,115,75493,22,15,0,15,1
2020-05-05,Alameda,1,1643700,2224,1819,0,1819,67
2020-05-05,Alpine,3,1148,1,1,0,1,0
2020-05-05,Amador,5,37829,9,8,0,8,0
2020-05-05,Butte,7,227075,29,19,1,20,0
2020-05-05,Calaveras,9,45235,13,13,0,13,0
2020-05-05,Colusa,11,21464,3,3,0,3,0
2020-05-05,Contra Costa,13,1133247,1099,976,0,976,29
2020-05-05,Del Norte,15,27424,6,3,0,3,0
2020-05-05,El Dorado,17,186661,63,54,0,54,0
2020-05-05,Fresno,19,978130,1414,726,15,741,8
2020-05-05,Glenn,21,27897,8,3,0,3,0
2020-05-05,Humboldt,23,135768,63,54,0,54,0
2020-05-05,Imperial,25,180216,800,389,1,390,6
2020-05-05,Inyo,27,18085,19,20,0,20,1
2020-05-05,Kern,29,883053,1417,1084,1,1085,11
2020-05-05,Kings,31,150075,317,187,1,188,1
2020-05-05,Lake,33,64148,10,7,0,7,0
2020-05-05,Lassen,35,31185,1,0,2,2,0
2020-05-05,Los Angeles,37,10098052,34968,27867,21,27888,1289
2020-05-05,Madera,39,155013,106,53,0,53,2
2020-05-05,Marin,41,260295,263,244,1,245,14
2020-05-05,Mariposa,43,17540,15,14,0,14,0
2020-05-05,Mendocino,45,87422,13,10,0,10,0
2020-05-05,Merced,47,269075,221,141,0,141,3
2020-05-05,Modoc,49,8938,0,0,0,0,0
2020-05-05,Mono,51,14174,32,25,0,25,1
2020-05-05,Monterey,53,433212,304,240,0,240,6
2020-05-05,Napa,55,140530,83,74,0,74,2
2020-05-05,Nevada,57,99092,41,41,1,42,1
2020-05-05,Orange,59,3164182,4640,3041,17,3058,63
2020-05-05,Placer,61,380077,181,162,1,163,8
2020-05-05,Plumas,63,18699,4,4,0,4,0
2020-05-05,Riverside,65,2383286,5271,4309,7,4316,161
2020-05-05,Sacramento,67,1510023,1176,1125,0,1125,48
2020-05-05,San Benito,69,59416,54,50,0,50,2
2020-05-05,San Bernardino,71,2135413,3171,2345,0,2345,104
2020-05-05,San Diego,73,3302833,5245,4162,0,4162,150
2020-05-05,San Francisco,75,870044,2013,1779,0,1779,31
2020-05-05,San Joaquin,77,732212,638,577,3,580,26
2020-05-05,San Luis Obispo,79,281455,256,203,1,204,1
2020-05-05,San Mateo,81,765935,1578,1335,2,1337,56
2020-05-05,Santa Barbara,83,443738,1317,541,2,543,7
2020-05-05,Santa Clara,85,1922200,2585,2249,3,2252,124
2020-05-05,Santa Cruz,87,273765,144,134,0,134,2
2020-05-05,Shasta,89,179085,42,31,0,31,4
2020-05-05,Sierra,91,2930,0,0,0,0,0
2020-05-05,Siskiyou,93,43540,5,5,0,5,0
2020-05-05,Solano,95,438530,386,299,0,299,4
2020-05-05,Sonoma,97,501317,327,263,0,263,3
2020-05-05,Stanislaus,99,539301,520,430,4,434,9
2020-05-05,Sutter,101,95872,34,29,0,29,2
2020-05-05,Tehama,103,63373,2,1,1,2,1
2020-05-05,Trinity,105,12862,1,0,0,0,0
2020-05-05,Tulare,107,460477,1354,869,2,871,40
2020-05-05,Tuolumne,109,53932,3,2,0,2,0
2020-05-05,Ventura,111,848112,813,607,0,607,19
2020-05-05,Yolo,113,214977,184,171,0,171,18
2020-05-05,Yuba,115,75493,22,15,0,15,1
2020-05-04,Alameda,1,1643700,2165,1762,0,1762,65
2020-05-04,Alpine,3,1148,1,1,0,1,0
2020-05-04,Amador,5,37829,8,8,0,8,0
2020-05-04,Butte,7,227075,28,16,1,17,0
2020-05-04,Calaveras,9,45235,13,13,0,13,0
2020-05-04,Colusa,11,21464,3,3,0,3,0
2020-05-04,Contra Costa,13,1133247,1081,949,0,949,28
2020-05-04,Del Norte,15,27424,5,3,0,3,0
2020-05-04,El Dorado,17,186661,62,51,0,51,0
2020-05-04,Fresno,19,978130,1346,680,14,694,8
2020-05-04,Glenn,21,27897,8,4,0,4,0
2020-05-04,Humboldt,23,135768,61,54,0,54,0
2020-05-04,Imperial,25,180216,747,351,1,352,6
2020-05-04,Inyo,27,18085,19,20,0,20,1
2020-05-04,Kern,29,883053,1377,1047,1,1048,8
2020-05-04,Kings,31,150075,300,153,1,154,1
2020-05-04,Lake,33,64148,9,7,0,7,0
2020-05-04,Lassen,35,31185,1,0,2,2,0
2020-05-04,Los Angeles,37,10098052,33666,26243,20,26263,1235
2020-05-04,Madera,39,155013,105,52,0,52,2
2020-05-04,Marin,41,260295,258,244,1,245,13
2020-05-04,Mariposa,43,17540,15,13,0,13,0
2020-05-04,Mendocino,45,87422,13,10,0,10,0
2020-05-04,Merced,47,269075,221,138,0,138,3
2020-05-04,Modoc,49,8938,0,0,0,0,0
2020-05-04,Mono,51,14174,32,25,0,25,1
2020-05-04,Monterey,53,433212,293,237,0,237,6
2020-05-04,Napa,55,140530,83,72,0,72,2
2020-05-04,Nevada,57,99092,41,41,1,42,1
2020-05-04,Orange,59,3164182,4503,2931,16,2947,57
2020-05-04,Placer,61,380077,179,162,1,163,8
2020-05-04,Plumas,63,18699,4,4,0,4,0
2020-05-04,Riverside,65,2383286,5178,4221,7,4228,147
2020-05-04,Sacramento,67,1510023,1166,1119,0,1119,44
2020-05-04,San Benito,69,59416,52,49,0,49,2
2020-05-04,San Bernardino,71,2135413,3029,2184,0,2184,99
2020-05-04,San Diego,73,3302833,5104,4022,0,4022,144
2020-05-04,San Francisco,75,870044,1975,1760,0,1760,31
2020-05-04,San Joaquin,77,732212,624,574,3,577,26
2020-05-04,San Luis Obispo,79,281455,253,202,1,203,1
2020-05-04,San Mateo,81,765935,1553,1313,2,1315,53
2020-05-04,Santa Barbara,83,443738,1060,524,2,526,7
2020-05-04,Santa Clara,85,1922200,2571,2238,3,2241,119
2020-05-04,Santa Cruz,87,273765,143,133,0,133,2
2020-05-04,Shasta,89,179085,40,31,0,31,4
2020-05-04,Sierra,91,2930,0,0,0,0,0
2020-05-04,Siskiyou,93,43540,5,5,0,5,0
2020-05-04,Solano,95,438530,372,293,0,293,4
2020-05-04,Sonoma,97,501317,313,256,0,256,4
2020-05-04,Stanislaus,99,539301,514,422,4,426,8
2020-05-04,Sutter,101,95872,31,28,0,28,2
2020-05-04,Tehama,103,63373,2,1,1,2,1
2020-05-04,Trinity,105,12862,0,0,0,0,0
2020-05-04,Tulare,107,460477,1276,760,2,762,40
2020-05-04,Tuolumne,109,53932,3,3,0,3,0
2020-05-04,Ventura,111,848112,793,590,0,590,19
2020-05-04,Yolo,113,214977,183,171,0,171,18
2020-05-04,Yuba,115,75493,19,16,0,16,1
2020-05-03,Alameda,1,1643700,2109,1731,0,1731,64
2020-05-03,Alpine,3,1148,1,1,0,1,0
2020-05-03,Amador,5,37829,8,8,0,8,0
2020-05-03,Butte,7,227075,28,17,1,18,0
2020-05-03,Calaveras,9,45235,13,13,0,13,0
2020-05-03,Colusa,11,21464,3,3,0,3,0
2020-05-03,Contra Costa,13,1133247,1065,945,0,945,28
2020-05-03,Del Norte,15,27424,5,3,0,3,0
2020-05-03,El Dorado,17,186661,60,49,0,49,0
2020-05-03,Fresno,19,978130,1254,646,12,658,8
2020-05-03,Glenn,21,27897,7,5,0,5,0
2020-05-03,Humboldt,23,135768,60,54,0,54,0
2020-05-03,Imperial,25,180216,690,351,1,352,6
2020-05-03,Inyo,27,18085,19,20,0,20,1
2020-05-03,Kern,29,883053,1322,1025,1,1026,8
2020-05-03,Kings,31,150075,280,137,1,138,1
2020-05-03,Lake,33,64148,9,7,0,7,0
2020-05-03,Lassen,35,31185,1,0,2,2,0
2020-05-03,Los Angeles,37,10098052,32683,25708,20,25728,1210
2020-05-03,Madera,39,155013,98,46,0,46,2
2020-05-03,Marin,41,260295,253,243,1,244,13
2020-05-03,Mariposa,43,17540,15,13,0,13,0
2020-05-03,Mendocino,45,87422,13,10,0,10,0
2020-05-03,Merced,47,269075,213,134,0,134,3
2020-05-03,Modoc,49,8938,0,0,0,0,0
2020-05-03,Mono,51,14174,32,25,0,25,1
2020-05-03,Monterey,53,433212,284,235,0,235,6
2020-05-03,Napa,55,140530,83,72,0,72,2
2020-05-03,Nevada,57,99092,41,41,1,42,1
2020-05-03,Orange,59,3164182,4331,2859,15,2874,55
2020-05-03,Placer,61,380077,179,161,1,162,8
2020-05-03,Plumas,63,18699,4,4,0,4,0
2020-05-03,Riverside,65,2383286,5073,4034,7,4041,139
2020-05-03,Sacramento,67,1510023,1157,1109,0,1109,43
2020-05-03,San Benito,69,59416,52,49,0,49,2
2020-05-03,San Bernardino,71,2135413,2968,2123,0,2123,99
2020-05-03,San Diego,73,3302833,4967,3929,0,3929,142
2020-05-03,San Francisco,75,870044,1947,1692,0,1692,30
2020-05-03,San Joaquin,77,732212,617,570,3,573,26
2020-05-03,San Luis Obispo,79,281455,250,200,1,201,1
2020-05-03,San Mateo,81,765935,1525,1277,2,1279,53
2020-05-03,Santa Barbara,83,443738,692,512,2,514,7
2020-05-03,Santa Clara,85,1922200,2544,2235,3,2238,116
2020-05-03,Santa Cruz,87,273765,143,133,0,133,2
2020-05-03,Shasta,89,179085,38,31,0,31,4
2020-05-03,Sierra,91,2930,0,0,0,0,0
2020-05-03,Siskiyou,93,43540,5,5,0,5,0
2020-05-03,Solano,95,438530,362,266,0,266,4
2020-05-03,Sonoma,97,501317,304,254,0,254,4
2020-05-03,Stanislaus,99,539301,486,411,4,415,8
2020-05-03,Sutter,101,95872,30,28,0,28,2
2020-05-03,Tehama,103,63373,2,1,1,2,1
2020-05-03,Trinity,105,12862,0,0,0,0,0
2020-05-03,Tulare,107,460477,1198,736,2,738,40
2020-05-03,Tuolumne,109,53932,3,3,0,3,0
2020-05-03,Ventura,111,848112,762,583,0,583,19
2020-05-03,Yolo,113,214977,182,171,0,171,18
2020-05-03,Yuba,115,75493,19,16,0,16,1
2020-05-02,Alameda,1,1643700,2072,1678,0,1678,63
2020-05-02,Alpine,3,1148,1,1,0,1,0
2020-05-02,Amador,5,37829,8,8,0,8,0
2020-05-02,Butte,7,227075,28,17,1,18,0
2020-05-02,Calaveras,9,45235,13,13,0,13,0
2020-05-02,Colusa,11,21464,3,3,0,3,0
2020-05-02,Contra Costa,13,1133247,1048,929,0,929,28
2020-05-02,Del Norte,15,27424,5,3,0,3,0
2020-05-02,El Dorado,17,186661,60,47,0,47,0
2020-05-02,Fresno,19,978130,1231,629,11,640,8
2020-05-02,Glenn,21,27897,7,5,0,5,0
2020-05-02,Humboldt,23,135768,60,54,0,54,0
2020-05-02,Imperial,25,180216,663,345,1,346,6
2020-05-02,Inyo,27,18085,19,20,0,20,1
2020-05-02,Kern,29,883053,1296,1007,1,1008,8
2020-05-02,Kings,31,150075,277,120,1,121,1
2020-05-02,Lake,33,64148,9,7,0,7,0
2020-05-02,Lassen,35,31185,1,0,2,2,0
2020-05-02,Los Angeles,37,10098052,32155,24955,20,24975,1192
2020-05-02,Madera,39,155013,98,46,0,46,2
2020-05-02,Marin,41,260295,252,243,1,244,13
2020-05-02,Mariposa,43,17540,15,13,0,13,0
2020-05-02,Mendocino,45,87422,13,10,0,10,0
2020-05-02,Merced,47,269075,210,131,0,131,3
2020-05-02,Modoc,49,8938,0,0,0,0,0
2020-05-02,Mono,51,14174,32,25,0,25,1
2020-05-02,Monterey,53,433212,278,225,0,225,5
2020-05-02,Napa,55,140530,83,71,0,71,2
2020-05-02,Nevada,57,99092,41,41,1,42,1
2020-05-02,Orange,59,3164182,4217,2774,15,2789,52
2020-05-02,Placer,61,380077,177,150,1,151,8
2020-05-02,Plumas,63,18699,4,4,0,4,0
2020-05-02,Riverside,65,2383286,5007,3997,7,4004,137
2020-05-02,Sacramento,67,1510023,1154,1097,0,1097,43
2020-05-02,San Benito,69,59416,52,49,0,49,2
2020-05-02,San Bernardino,71,2135413,2929,2124,0,2124,99
2020-05-02,San Diego,73,3302833,4865,3844,0,3844,138
2020-05-02,San Francisco,75,870044,1924,1632,0,1632,29
2020-05-02,San Joaquin,77,732212,609,559,3,562,25
2020-05-02,San Luis Obispo,79,281455,244,193,1,194,1
2020-05-02,San Mateo,81,765935,1509,1272,2,1274,52
2020-05-02,Santa Barbara,83,443738,680,506,2,508,7
2020-05-02,Santa Clara,85,1922200,2534,2203,3,2206,115
2020-05-02,Santa Cruz,87,273765,142,131,0,131,2
2020-05-02,Shasta,89,179085,38,31,0,31,4
2020-05-02,Sierra,91,2930,0,0,0,0,0
2020-05-02,Siskiyou,93,43540,5,5,0,5,0
2020-05-02,Solano,95,438530,355,267,0,267,4
2020-05-02,Sonoma,97,501317,301,250,0,250,3
2020-05-02,Stanislaus,99,539301,478,388,4,392,8
2020-05-02,Sutter,101,95872,30,28,0,28,2
2020-05-02,Tehama,103,63373,2,1,1,2,1
2020-05-02,Trinity,105,12862,0,0,0,0,0
2020-05-02,Tulare,107,460477,1158,711,2,713,35
2020-05-02,Tuolumne,109,53932,3,3,0,3,0
2020-05-02,Ventura,111,848112,748,564,0,564,19
2020-05-02,Yolo,113,214977,182,169,0,169,17
2020-05-02,Yuba,115,75493,19,16,0,16,1
2020-05-01,Alameda,1,1643700,2035,1630,0,1630,63
2020-05-01,Alpine,3,1148,1,1,0,1,0
2020-05-01,Amador,5,37829,8,8,0,8,0
2020-05-01,Butte,7,227075,28,17,1,18,0
2020-05-01,Calaveras,9,45235,13,13,0,13,0
2020-05-01,Colusa,11,21464,3,3,0,3,0
2020-05-01,Contra Costa,13,1133247,1034,915,0,915,28
2020-05-01,Del Norte,15,27424,5,3,0,3,0
2020-05-01,El Dorado,17,186661,60,47,0,47,0
2020-05-01,Fresno,19,978130,1200,617,11,628,7
2020-05-01,Glenn,21,27897,7,4,0,4,0
2020-05-01,Humboldt,23,135768,60,54,0,54,0
2020-05-01,Imperial,25,180216,626,337,1,338,6
2020-05-01,Inyo,27,18085,19,20,0,20,1
2020-05-01,Kern,29,883053,1269,972,1,973,8
2020-05-01,Kings,31,150075,260,112,1,113,1
2020-05-01,Lake,33,64148,9,6,0,6,0
2020-05-01,Lassen,35,31185,1,0,2,2,0
2020-05-01,Los Angeles,37,10098052,31401,24306,20,24326,1155
2020-05-01,Madera,39,155013,94,46,0,46,2
2020-05-01,Marin,41,260295,252,242,1,243,13
2020-05-01,Mariposa,43,17540,15,10,0,10,0
2020-05-01,Mendocino,45,87422,13,11,0,11,0
2020-05-01,Merced,47,269075,207,131,0,131,3
2020-05-01,Modoc,49,8938,0,0,0,0,0
2020-05-01,Mono,51,14174,32,25,0,25,1
2020-05-01,Monterey,53,433212,274,222,0,222,5
2020-05-01,Napa,55,140530,83,69,0,69,2
2020-05-01,Nevada,57,99092,41,41,1,42,1
2020-05-01,Orange,59,3164182,4139,2660,14,2674,51
2020-05-01,Placer,61,380077,176,149,1,150,8
2020-05-01,Plumas,63,18699,4,4,0,4,0
2020-05-01,Riverside,65,2383286,4944,3893,7,3900,132
2020-05-01,Sacramento,67,1510023,1149,1081,0,1081,43
2020-05-01,San Benito,69,59416,52,49,0,49,2
2020-05-01,San Bernardino,71,2135413,2874,2084,0,2084,98
2020-05-01,San Diego,73,3302833,4775,3713,0,3713,134
2020-05-01,San Francisco,75,870044,1880,1552,0,1552,29
2020-05-01,San Joaquin,77,732212,605,554,3,557,25
2020-05-01,San Luis Obispo,79,281455,241,186,1,187,1
2020-05-01,San Mateo,81,765935,1487,1222,2,1224,52
2020-05-01,Santa Barbara,83,443738,672,499,2,501,7
2020-05-01,Santa Clara,85,1922200,2524,2176,3,2179,112
2020-05-01,Santa Cruz,87,273765,142,127,0,127,2
2020-05-01,Shasta,89,179085,38,31,0,31,4
2020-05-01,Sierra,91,2930,0,0,0,0,0
2020-05-01,Siskiyou,93,43540,5,5,0,5,0
2020-05-01,Solano,95,438530,347,266,0,266,4
2020-05-01,Sonoma,97,501317,298,242,0,242,3
2020-05-01,Stanislaus,99,539301,473,384,4,388,8
2020-05-01,Sutter,101,95872,30,28,0,28,2
2020-05-01,Tehama,103,63373,2,1,1,2,1
2020-05-01,Trinity,105,12862,0,0,0,0,0
2020-05-01,Tulare,107,460477,1114,685,2,687,32
2020-05-01,Tuolumne,109,53932,3,3,0,3,0
2020-05-01,Ventura,111,848112,735,556,0,556,18
2020-05-01,Yolo,113,214977,182,165,0,165,18
2020-05-01,Yuba,115,75493,19,16,0,16,1
2020-04-30,Alameda,1,1643700,1975,1599,0,1599,60
2020-04-30,Alpine,3,1148,1,1,0,1,0
2020-04-30,Amador,5,37829,8,8,0,8,0
2020-04-30,Butte,7,227075,28,16,1,17,0
2020-04-30,Calaveras,9,45235,13,13,0,13,0
2020-04-30,Colusa,11,21464,3,3,0,3,0
2020-04-30,Contra Costa,13,1133247,1012,900,0,900,25
2020-04-30,Del Norte,15,27424,4,3,0,3,0
2020-04-30,El Dorado,17,186661,60,44,0,44,0
2020-04-30,Fresno,19,978130,1136,562,8,570,7
2020-04-30,Glenn,21,27897,7,4,0,4,0
2020-04-30,Humboldt,23,135768,60,54,0,54,0
2020-04-30,Imperial,25,180216,579,322,1,323,6
2020-04-30,Inyo,27,18085,19,20,0,20,1
2020-04-30,Kern,29,883053,1238,941,1,942,8
2020-04-30,Kings,31,150075,248,87,1,88,1
2020-04-30,Lake,33,64148,9,6,0,6,0
2020-04-30,Lassen,35,31185,1,0,2,2,0
2020-04-30,Los Angeles,37,10098052,30394,23284,20,23304,1099
2020-04-30,Madera,39,155013,83,46,0,46,2
2020-04-30,Marin,41,260295,252,240,1,241,13
2020-04-30,Mariposa,43,17540,15,3,0,3,0
2020-04-30,Mendocino,45,87422,13,11,0,11,0
2020-04-30,Merced,47,269075,200,122,0,122,3
2020-04-30,Modoc,49,8938,0,0,0,0,0
2020-04-30,Mono,51,14174,31,25,0,25,1
2020-04-30,Monterey,53,433212,264,213,0,213,5
2020-04-30,Napa,55,140530,81,69,0,69,2
2020-04-30,Nevada,57,99092,41,41,1,42,1
2020-04-30,Orange,59,3164182,3924,2591,13,2604,46
2020-04-30,Placer,61,380077,175,148,1,149,8
2020-04-30,Plumas,63,18699,4,4,0,4,0
2020-04-30,Riverside,65,2383286,4844,3820,6,3826,124
2020-04-30,Sacramento,67,1510023,1143,1071,0,1071,43
2020-04-30,San Benito,69,59416,52,48,0,48,2
2020-04-30,San Bernardino,71,2135413,2673,2020,0,2020,96
2020-04-30,San Diego,73,3302833,4604,3566,0,3566,124
2020-04-30,San Francisco,75,870044,1846,1518,0,1518,26
2020-04-30,San Joaquin,77,732212,598,548,3,551,25
2020-04-30,San Luis Obispo,79,281455,238,182,1,183,1
2020-04-30,San Mateo,81,765935,1457,1194,2,1196,52
2020-04-30,Santa Barbara,83,443738,654,490,2,492,7
2020-04-30,Santa Clara,85,1922200,2488,2172,3,2175,111
2020-04-30,Santa Cruz,87,273765,141,126,0,126,2
2020-04-30,Shasta,89,179085,37,31,0,31,4
2020-04-30,Sierra,91,2930,0,0,0,0,0
2020-04-30,Siskiyou,93,43540,5,5,0,5,0
2020-04-30,Solano,95,438530,337,262,0,262,4
2020-04-30,Sonoma,97,501317,289,233,0,233,3
2020-04-30,Stanislaus,99,539301,466,378,4,382,7
2020-04-30,Sutter,101,95872,30,28,0,28,2
2020-04-30,Tehama,103,63373,1,1,1,2,1
2020-04-30,Trinity,105,12862,0,0,0,0,0
2020-04-30,Tulare,107,460477,1050,637,2,639,31
2020-04-30,Tuolumne,109,53932,3,3,0,3,0
2020-04-30,Ventura,111,848112,707,547,0,547,18
2020-04-30,Yolo,113,214977,181,164,0,164,16
2020-04-30,Yuba,115,75493,19,15,0,15,1
2020-04-29,Alameda,1,1643700,1917,1564,0,1564,60
2020-04-29,Alpine,3,1148,1,1,0,1,0
2020-04-29,Amador,5,37829,8,8,0,8,0
2020-04-29,Butte,7,227075,28,16,1,17,0
2020-04-29,Calaveras,9,45235,13,13,0,13,0
2020-04-29,Colusa,11,21464,3,3,0,3,0
2020-04-29,Contra Costa,13,1133247,993,885,0,885,25
2020-04-29,Del Norte,15,27424,4,3,0,3,0
2020-04-29,El Dorado,17,186661,58,44,0,44,0
2020-04-29,Fresno,19,978130,1084,544,8,552,7
2020-04-29,Glenn,21,27897,7,4,0,4,0
2020-04-29,Humboldt,23,135768,60,53,0,53,0
2020-04-29,Imperial,25,180216,550,300,1,301,6
2020-04-29,Inyo,27,18085,19,20,0,20,1
2020-04-29,Kern,29,883053,1195,910,1,911,6
2020-04-29,Kings,31,150075,229,80,1,81,1
2020-04-29,Lake,33,64148,9,6,0,6,0
2020-04-29,Lassen,35,31185,1,0,2,2,0
2020-04-29,Los Angeles,37,10098052,29417,22560,20,22580,1043
2020-04-29,Madera,39,155013,82,45,0,45,2
2020-04-29,Marin,41,260295,249,234,1,235,13
2020-04-29,Mariposa,43,17540,15,1,0,1,0
2020-04-29,Mendocino,45,87422,13,11,0,11,0
2020-04-29,Merced,47,269075,193,116,0,116,3
2020-04-29,Modoc,49,8938,0,0,0,0,0
2020-04-29,Mono,51,14174,31,25,0,25,1
2020-04-29,Monterey,53,433212,256,204,0,204,5
2020-04-29,Napa,55,140530,79,68,0,68,2
2020-04-29,Nevada,57,99092,41,41,1,42,1
2020-04-29,Orange,59,3164182,3792,2421,12,2433,43
2020-04-29,Placer,61,380077,173,145,1,146,8
2020-04-29,Plumas,63,18699,4,4,0,4,0
2020-04-29,Riverside,65,2383286,4768,3700,6,3706,116
2020-04-29,Sacramento,67,1510023,1121,1055,0,1055,41
2020-04-29,San Benito,69,59416,52,48,0,48,2
2020-04-29,San Bernardino,71,2135413,2586,1975,0,1975,91
2020-04-29,San Diego,73,3302833,4463,3434,0,3434,120
2020-04-29,San Francisco,75,870044,1818,1489,0,1489,23
2020-04-29,San Joaquin,77,732212,590,540,3,543,25
2020-04-29,San Luis Obispo,79,281455,236,181,1,182,1
2020-04-29,San Mateo,81,765935,1431,1170,2,1172,50
2020-04-29,Santa Barbara,83,443738,640,477,2,479,7
2020-04-29,Santa Clara,85,1922200,2468,2147,3,2150,108
2020-04-29,Santa Cruz,87,273765,140,124,0,124,2
2020-04-29,Shasta,89,179085,37,31,0,31,4
2020-04-29,Sierra,91,2930,0,0,0,0,0
2020-04-29,Siskiyou,93,43540,5,5,0,5,0
2020-04-29,Solano,95,438530,314,252,0,252,3
2020-04-29,Sonoma,97,501317,281,230,0,230,2
2020-04-29,Stanislaus,99,539301,453,374,4,378,5
2020-04-29,Sutter,101,95872,30,28,0,28,2
2020-04-29,Tehama,103,63373,1,1,1,2,1
2020-04-29,Trinity,105,12862,0,0,0,0,0
2020-04-29,Tulare,107,460477,980,615,2,617,30
2020-04-29,Tuolumne,109,53932,3,4,0,4,0
2020-04-29,Ventura,111,848112,684,530,0,530,18
2020-04-29,Yolo,113,214977,178,161,0,161,11
2020-04-29,Yuba,115,75493,19,15,0,15,1
2020-04-28,Alameda,1,1643700,1860,1525,0,1525,55
2020-04-28,Alpine,3,1148,1,1,0,1,0
2020-04-28,Amador,5,37829,8,8,0,8,0
2020-04-28,Butte,7,227075,28,16,1,17,0
2020-04-28,Calaveras,9,45235,13,13,0,13,0
2020-04-28,Colusa,11,21464,3,3,0,3,0
2020-04-28,Contra Costa,13,1133247,986,866,0,866,25
2020-04-28,Del Norte,15,27424,4,3,0,3,0
2020-04-28,El Dorado,17,186661,57,43,0,43,0
2020-04-28,Fresno,19,978130,1034,525,7,532,7
2020-04-28,Glenn,21,27897,5,4,0,4,0
2020-04-28,Humboldt,23,135768,59,53,0,53,0
2020-04-28,Imperial,25,180216,516,295,1,296,6
2020-04-28,Inyo,27,18085,19,20,0,20,1
2020-04-28,Kern,29,883053,1153,882,1,883,5
2020-04-28,Kings,31,150075,216,57,1,58,1
2020-04-28,Lake,33,64148,9,6,0,6,0
2020-04-28,Lassen,35,31185,1,0,2,2,0
2020-04-28,Los Angeles,37,10098052,28352,21029,20,21049,984
2020-04-28,Madera,39,155013,82,44,0,44,2
2020-04-28,Marin,41,260295,248,228,1,229,12
2020-04-28,Mariposa,43,17540,15,0,0,0,0
2020-04-28,Mendocino,45,87422,13,10,0,10,0
2020-04-28,Merced,47,269075,186,108,0,108,3
2020-04-28,Modoc,49,8938,0,0,0,0,0
2020-04-28,Mono,51,14174,31,25,0,25,1
2020-04-28,Monterey,53,433212,250,191,0,191,5
2020-04-28,Napa,55,140530,78,67,0,67,2
2020-04-28,Nevada,57,99092,41,41,1,42,1
2020-04-28,Orange,59,3164182,3629,2324,11,2335,42
2020-04-28,Placer,61,380077,163,143,1,144,8
2020-04-28,Plumas,63,18699,4,4,0,4,0
2020-04-28,Riverside,65,2383286,4673,3504,6,3510,113
2020-04-28,Sacramento,67,1510023,1107,1044,0,1044,41
2020-04-28,San Benito,69,59416,51,46,0,46,2
2020-04-28,San Bernardino,71,2135413,2509,1891,0,1891,89
2020-04-28,San Diego,73,3302833,4333,3316,0,3316,118
2020-04-28,San Francisco,75,870044,1783,1471,0,1471,23
2020-04-28,San Joaquin,77,732212,584,532,3,535,25
2020-04-28,San Luis Obispo,79,281455,230,172,1,173,1
2020-04-28,San Mateo,81,765935,1418,1129,2,1131,48
2020-04-28,Santa Barbara,83,443738,633,469,2,471,7
2020-04-28,Santa Clara,85,1922200,2438,2130,3,2133,106
2020-04-28,Santa Cruz,87,273765,140,123,0,123,2
2020-04-28,Shasta,89,179085,37,29,0,29,4
2020-04-28,Sierra,91,2930,0,0,0,0,0
2020-04-28,Siskiyou,93,43540,5,5,0,5,0
2020-04-28,Solano,95,438530,295,246,0,246,3
2020-04-28,Sonoma,97,501317,278,226,0,226,1
2020-04-28,Stanislaus,99,539301,437,330,4,334,5
2020-04-28,Sutter,101,95872,30,25,0,25,2
2020-04-28,Tehama,103,63373,1,1,1,2,1
2020-04-28,Trinity,105,12862,0,0,0,0,0
2020-04-28,Tulare,107,460477,886,579,2,581,30
2020-04-28,Tuolumne,109,53932,3,4,0,4,0
2020-04-28,Ventura,111,848112,666,517,0,517,17
2020-04-28,Yolo,113,214977,178,160,0,160,10
2020-04-28,Yuba,115,75493,19,15,0,15,1
2020-04-27,Alameda,1,1643700,1800,1494,0,1494,53
2020-04-27,Alpine,3,1148,1,1,0,1,0
2020-04-27,Amador,5,37829,8,8,0,8,0
2020-04-27,Butte,7,227075,27,16,1,17,0
2020-04-27,Calaveras,9,45235,13,13,0,13,0
2020-04-27,Colusa,11,21464,3,3,0,3,0
2020-04-27,Contra Costa,13,1133247,974,843,0,843,25
2020-04-27,Del Norte,15,27424,4,3,0,3,0
2020-04-27,El Dorado,17,186661,56,43,0,43,0
2020-04-27,Fresno,19,978130,931,504,6,510,7
2020-04-27,Glenn,21,27897,5,4,0,4,0
2020-04-27,Humboldt,23,135768,59,52,0,52,0
2020-04-27,Imperial,25,180216,486,290,1,291,6
2020-04-27,Inyo,27,18085,19,20,0,20,1
2020-04-27,Kern,29,883053,1115,865,1,866,4
2020-04-27,Kings,31,150075,193,48,1,49,1
2020-04-27,Lake,33,64148,8,6,0,6,0
2020-04-27,Lassen,35,31185,1,0,2,2,0
2020-04-27,Los Angeles,37,10098052,27335,20456,20,20476,931
2020-04-27,Madera,39,155013,80,42,0,42,2
2020-04-27,Marin,41,260295,243,227,1,228,12
2020-04-27,Mariposa,43,17540,14,0,0,0,0
2020-04-27,Mendocino,45,87422,13,10,0,10,0
2020-04-27,Merced,47,269075,183,108,0,108,3
2020-04-27,Modoc,49,8938,0,0,0,0,0
2020-04-27,Mono,51,14174,31,23,0,23,1
2020-04-27,Monterey,53,433212,243,185,0,185,4
2020-04-27,Napa,55,140530,75,64,0,64,2
2020-04-27,Nevada,57,99092,41,39,1,40,1
2020-04-27,Orange,59,3164182,3460,2198,11,2209,42
2020-04-27,Placer,61,380077,163,142,1,143,8
2020-04-27,Plumas,63,18699,4,4,0,4,0
2020-04-27,Riverside,65,2383286,4550,3381,6,3387,100
2020-04-27,Sacramento,67,1510023,1092,1035,0,1035,41
2020-04-27,San Benito,69,59416,49,45,0,45,2
2020-04-27,San Bernardino,71,2135413,2394,1742,0,1742,82
2020-04-27,San Diego,73,3302833,4207,3143,0,3143,113
2020-04-27,San Francisco,75,870044,1729,1453,0,1453,23
2020-04-27,San Joaquin,77,732212,578,522,3,525,25
2020-04-27,San Luis Obispo,79,281455,223,166,1,167,1
2020-04-27,San Mateo,81,765935,1396,1092,2,1094,46
2020-04-27,Santa Barbara,83,443738,620,466,2,468,7
2020-04-27,Santa Clara,85,1922200,2418,2104,2,2106,105
2020-04-27,Santa Cruz,87,273765,140,123,0,123,2
2020-04-27,Shasta,89,179085,37,29,0,29,4
2020-04-27,Sierra,91,2930,0,0,0,0,0
2020-04-27,Siskiyou,93,43540,5,5,0,5,0
2020-04-27,Solano,95,438530,295,222,0,222,3
2020-04-27,Sonoma,97,501317,269,220,0,220,1
2020-04-27,Stanislaus,99,539301,421,316,4,320,5
2020-04-27,Sutter,101,95872,29,26,0,26,2
2020-04-27,Tehama,103,63373,1,1,1,2,1
2020-04-27,Trinity,105,12862,0,0,0,0,0
2020-04-27,Tulare,107,460477,815,535,2,537,28
2020-04-27,Tuolumne,109,53932,3,3,0,3,0
2020-04-27,Ventura,111,848112,649,513,0,513,17
2020-04-27,Yolo,113,214977,175,160,0,160,9
2020-04-27,Yuba,115,75493,19,15,0,15,1
2020-04-26,Alameda,1,1643700,1739,1449,0,1449,52
2020-04-26,Alpine,3,1148,1,1,0,1,0
2020-04-26,Amador,5,37829,8,8,0,8,0
2020-04-26,Butte,7,227075,27,16,1,17,0
2020-04-26,Calaveras,9,45235,13,13,0,13,0
2020-04-26,Colusa,11,21464,3,3,0,3,0
2020-04-26,Contra Costa,13,1133247,958,830,0,830,25
2020-04-26,Del Norte,15,27424,3,3,0,3,0
2020-04-26,El Dorado,17,186661,54,41,0,41,0
2020-04-26,Fresno,19,978130,840,476,6,482,7
2020-04-26,Glenn,21,27897,5,4,0,4,0
2020-04-26,Humboldt,23,135768,59,53,0,53,0
2020-04-26,Imperial,25,180216,452,272,1,273,6
2020-04-26,Inyo,27,18085,19,20,0,20,1
2020-04-26,Kern,29,883053,1065,831,1,832,4
2020-04-26,Kings,31,150075,168,33,1,34,1
2020-04-26,Lake,33,64148,8,6,0,6,0
2020-04-26,Lassen,35,31185,1,0,2,2,0
2020-04-26,Los Angeles,37,10098052,26186,19570,20,19590,901
2020-04-26,Madera,39,155013,78,39,0,39,2
2020-04-26,Marin,41,260295,237,225,1,226,12
2020-04-26,Mariposa,43,17540,14,0,0,0,0
2020-04-26,Mendocino,45,87422,13,5,0,5,0
2020-04-26,Merced,47,269075,166,104,0,104,3
2020-04-26,Modoc,49,8938,0,0,0,0,0
2020-04-26,Mono,51,14174,31,23,0,23,1
2020-04-26,Monterey,53,433212,236,182,0,182,4
2020-04-26,Napa,55,140530,74,62,0,62,2
2020-04-26,Nevada,57,99092,41,37,1,38,1
2020-04-26,Orange,59,3164182,3295,2124,11,2135,40
2020-04-26,Placer,61,380077,163,141,1,142,8
2020-04-26,Plumas,63,18699,4,4,0,4,0
2020-04-26,Riverside,65,2383286,4409,3301,6,3307,95
2020-04-26,Sacramento,67,1510023,1083,1027,0,1027,41
2020-04-26,San Benito,69,59416,49,45,0,45,2
2020-04-26,San Bernardino,71,2135413,2297,1681,0,1681,82
2020-04-26,San Diego,73,3302833,4065,3045,0,3045,111
2020-04-26,San Francisco,75,870044,1690,1403,0,1403,23
2020-04-26,San Joaquin,77,732212,570,514,3,517,25
2020-04-26,San Luis Obispo,79,281455,220,165,1,166,1
2020-04-26,San Mateo,81,765935,1370,1070,2,1072,46
2020-04-26,Santa Barbara,83,443738,608,464,2,466,7
2020-04-26,Santa Clara,85,1922200,2399,2097,1,2098,102
2020-04-26,Santa Cruz,87,273765,140,116,0,116,2
2020-04-26,Shasta,89,179085,34,29,0,29,4
2020-04-26,Sierra,91,2930,0,0,0,0,0
2020-04-26,Siskiyou,93,43540,5,5,0,5,0
2020-04-26,Solano,95,438530,286,205,0,205,3
2020-04-26,Sonoma,97,501317,258,216,0,216,1
2020-04-26,Stanislaus,99,539301,406,294,4,298,4
2020-04-26,Sutter,101,95872,29,26,0,26,2
2020-04-26,Tehama,103,63373,1,1,1,2,1
2020-04-26,Trinity,105,12862,0,0,0,0,0
2020-04-26,Tulare,107,460477,758,497,2,499,28
2020-04-26,Tuolumne,109,53932,3,3,0,3,0
2020-04-26,Ventura,111,848112,634,509,0,509,17
2020-04-26,Yolo,113,214977,174,158,0,158,8
2020-04-26,Yuba,115,75493,18,15,0,15,1
2020-04-25,Alameda,1,1643700,1714,1396,0,1396,52
2020-04-25,Alpine,3,1148,1,1,0,1,0
2020-04-25,Amador,5,37829,8,8,0,8,0
2020-04-25,Butte,7,227075,26,16,1,17,0
2020-04-25,Calaveras,9,45235,13,12,0,12,0
2020-04-25,Colusa,11,21464,3,3,0,3,0
2020-04-25,Contra Costa,13,1133247,944,821,0,821,24
2020-04-25,Del Norte,15,27424,2,2,0,2,0
2020-04-25,El Dorado,17,186661,53,41,0,41,0
2020-04-25,Fresno,19,978130,810,459,5,464,7
2020-04-25,Glenn,21,27897,5,4,0,4,0
2020-04-25,Humboldt,23,135768,59,53,0,53,0
2020-04-25,Imperial,25,180216,435,232,1,233,6
2020-04-25,Inyo,27,18085,19,20,0,20,1
2020-04-25,Kern,29,883053,1034,802,1,803,4
2020-04-25,Kings,31,150075,156,33,1,34,1
2020-04-25,Lake,33,64148,6,6,0,6,0
2020-04-25,Lassen,35,31185,1,0,2,2,0
2020-04-25,Los Angeles,37,10098052,25552,19144,20,19164,881
2020-04-25,Madera,39,155013,75,39,0,39,2
2020-04-25,Marin,41,260295,237,215,1,216,12
2020-04-25,Mariposa,43,17540,14,0,0,0,0
2020-04-25,Mendocino,45,87422,12,5,0,5,0
2020-04-25,Merced,47,269075,166,103,0,103,3
2020-04-25,Modoc,49,8938,0,0,0,0,0
2020-04-25,Mono,51,14174,31,23,0,23,1
2020-04-25,Monterey,53,433212,234,173,0,173,4
2020-04-25,Napa,55,140530,74,60,0,60,2
2020-04-25,Nevada,57,99092,41,37,1,38,1
2020-04-25,Orange,59,3164182,3189,2047,11,2058,40
2020-04-25,Placer,61,380077,163,137,1,138,8
2020-04-25,Plumas,63,18699,4,4,0,4,0
2020-04-25,Riverside,65,2383286,4321,3037,6,3043,93
2020-04-25,Sacramento,67,1510023,1081,1015,0,1015,41
2020-04-25,San Benito,69,59416,49,45,0,45,2
2020-04-25,San Bernardino,71,2135413,2252,1675,0,1675,82
2020-04-25,San Diego,73,3302833,3965,2945,0,2945,111
2020-04-25,San Francisco,75,870044,1665,1341,0,1341,22
2020-04-25,San Joaquin,77,732212,563,497,3,500,24
2020-04-25,San Luis Obispo,79,281455,219,159,1,160,1
2020-04-25,San Mateo,81,765935,1352,1054,2,1056,46
2020-04-25,Santa Barbara,83,443738,600,457,2,459,7
2020-04-25,Santa Clara,85,1922200,2382,2045,1,2046,99
2020-04-25,Santa Cruz,87,273765,140,112,0,112,2
2020-04-25,Shasta,89,179085,34,29,0,29,4
2020-04-25,Sierra,91,2930,0,0,0,0,0
2020-04-25,Siskiyou,93,43540,5,5,0,5,0
2020-04-25,Solano,95,438530,282,203,0,203,3
2020-04-25,Sonoma,97,501317,254,199,0,199,1
2020-04-25,Stanislaus,99,539301,398,276,4,280,4
2020-04-25,Sutter,101,95872,29,24,0,24,2
2020-04-25,Tehama,103,63373,1,1,1,2,1
2020-04-25,Trinity,105,12862,0,0,0,0,0
2020-04-25,Tulare,107,460477,725,478,2,480,28
2020-04-25,Tuolumne,109,53932,3,2,0,2,0
2020-04-25,Ventura,111,848112,620,494,0,494,16
2020-04-25,Yolo,113,214977,174,157,0,157,8
2020-04-25,Yuba,115,75493,17,15,0,15,1
2020-04-24,Alameda,1,1643700,1683,1385,0,1385,50
2020-04-24,Alpine,3,1148,1,1,0,1,0
2020-04-24,Amador,5,37829,8,8,0,8,0
2020-04-24,Butte,7,227075,26,15,1,16,0
2020-04-24,Calaveras,9,45235,13,12,0,12,0
2020-04-24,Colusa,11,21464,3,3,0,3,0
2020-04-24,Contra Costa,13,1133247,935,806,0,806,23
2020-04-24,Del Norte,15,27424,2,2,0,2,0
2020-04-24,El Dorado,17,186661,52,41,0,41,0
2020-04-24,Fresno,19,978130,791,449,5,454,7
2020-04-24,Glenn,21,27897,5,4,0,4,0
2020-04-24,Humboldt,23,135768,59,53,0,53,0
2020-04-24,Imperial,25,180216,419,232,1,233,6
2020-04-24,Inyo,27,18085,19,20,0,20,0
2020-04-24,Kern,29,883053,1010,770,1,771,4
2020-04-24,Kings,31,150075,127,30,1,31,1
2020-04-24,Lake,33,64148,6,6,0,6,0
2020-04-24,Lassen,35,31185,1,0,2,2,0
2020-04-24,Los Angeles,37,10098052,24620,18553,20,18573,836
2020-04-24,Madera,39,155013,75,39,0,39,2
2020-04-24,Marin,41,260295,237,211,1,212,11
2020-04-24,Mariposa,43,17540,8,0,0,0,0
2020-04-24,Mendocino,45,87422,12,5,0,5,0
2020-04-24,Merced,47,269075,163,102,0,102,3
2020-04-24,Modoc,49,8938,0,0,0,0,0
2020-04-24,Mono,51,14174,30,23,0,23,1
2020-04-24,Monterey,53,433212,227,167,0,167,4
2020-04-24,Napa,55,140530,73,59,0,59,2
2020-04-24,Nevada,57,99092,41,36,1,37,1
2020-04-24,Orange,59,3164182,3081,1945,11,1956,39
2020-04-24,Placer,61,380077,161,137,1,138,8
2020-04-24,Plumas,63,18699,4,4,0,4,0
2020-04-24,Riverside,65,2383286,4240,3044,6,3050,87
2020-04-24,Sacramento,67,1510023,1075,1009,0,1009,41
2020-04-24,San Benito,69,59416,49,45,0,45,2
2020-04-24,San Bernardino,71,2135413,2217,1667,0,1667,80
2020-04-24,San Diego,73,3302833,3854,2828,0,2828,102
2020-04-24,San Francisco,75,870044,1607,1345,0,1345,22
2020-04-24,San Joaquin,77,732212,556,484,3,487,24
2020-04-24,San Luis Obispo,79,281455,216,151,1,152,1
2020-04-24,San Mateo,81,765935,1329,1004,2,1006,43
2020-04-24,Santa Barbara,83,443738,593,450,2,452,6
2020-04-24,Santa Clara,85,1922200,2352,2026,1,2027,98
2020-04-24,Santa Cruz,87,273765,136,111,0,111,2
2020-04-24,Shasta,89,179085,34,28,0,28,4
2020-04-24,Sierra,91,2930,0,0,0,0,0
2020-04-24,Siskiyou,93,43540,5,5,0,5,0
2020-04-24,Solano,95,438530,280,203,0,203,3
2020-04-24,Sonoma,97,501317,250,199,0,199,1
2020-04-24,Stanislaus,99,539301,395,273,4,277,4
2020-04-24,Sutter,101,95872,28,24,0,24,2
2020-04-24,Tehama,103,63373,1,1,1,2,1
2020-04-24,Trinity,105,12862,0,0,0,0,0
2020-04-24,Tulare,107,460477,697,459,2,461,27
2020-04-24,Tuolumne,109,53932,3,2,0,2,0
2020-04-24,Ventura,111,848112,611,489,0,489,16
2020-04-24,Yolo,113,214977,173,155,0,155,8
2020-04-24,Yuba,115,75493,16,15,0,15,1
2020-04-23,Alameda,1,1643700,1645,1336,0,1336,46
2020-04-23,Alpine,3,1148,1,1,0,1,0
2020-04-23,Amador,5,37829,8,8,0,8,0
2020-04-23,Butte,7,227075,25,15,1,16,0
2020-04-23,Calaveras,9,45235,13,12,0,12,0
2020-04-23,Colusa,11,21464,3,3,0,3,0
2020-04-23,Contra Costa,13,1133247,914,786,0,786,23
2020-04-23,Del Norte,15,27424,2,2,0,2,0
2020-04-23,El Dorado,17,186661,51,39,0,39,0
2020-04-23,Fresno,19,978130,753,426,5,431,7
2020-04-23,Glenn,21,27897,5,3,0,3,0
2020-04-23,Humboldt,23,135768,59,53,0,53,0
2020-04-23,Imperial,25,180216,399,181,1,182,4
2020-04-23,Inyo,27,18085,19,19,0,19,0
2020-04-23,Kern,29,883053,962,732,1,733,4
2020-04-23,Kings,31,150075,112,28,1,29,1
2020-04-23,Lake,33,64148,6,6,0,6,0
2020-04-23,Lassen,35,31185,1,0,2,2,0
2020-04-23,Los Angeles,37,10098052,23560,17548,19,17567,784
2020-04-23,Madera,39,155013,73,37,0,37,2
2020-04-23,Marin,41,260295,224,209,1,210,11
2020-04-23,Mariposa,43,17540,7,0,0,0,0
2020-04-23,Mendocino,45,87422,10,5,0,5,0
2020-04-23,Merced,47,269075,159,98,0,98,3
2020-04-23,Modoc,49,8938,0,0,0,0,0
2020-04-23,Mono,51,14174,30,23,0,23,1
2020-04-23,Monterey,53,433212,223,161,0,161,4
2020-04-23,Napa,55,140530,66,59,0,59,2
2020-04-23,Nevada,57,99092,41,36,1,37,1
2020-04-23,Orange,59,3164182,2903,1841,10,1851,37
2020-04-23,Placer,61,380077,158,136,1,137,8
2020-04-23,Plumas,63,18699,4,4,0,4,0
2020-04-23,Riverside,65,2383286,4127,2935,6,2941,78
2020-04-23,Sacramento,67,1510023,1063,978,0,978,41
2020-04-23,San Benito,69,59416,46,43,0,43,2
2020-04-23,San Bernardino,71,2135413,2152,1604,0,1604,79
2020-04-23,San Diego,73,3302833,3693,2645,0,2645,100
2020-04-23,San Francisco,75,870044,1582,1312,0,1312,21
2020-04-23,San Joaquin,77,732212,546,479,3,482,20
2020-04-23,San Luis Obispo,79,281455,212,146,1,147,1
2020-04-23,San Mateo,81,765935,1289,970,2,972,42
2020-04-23,Santa Barbara,83,443738,583,445,2,447,6
2020-04-23,Santa Clara,85,1922200,2322,1996,1,1997,95
2020-04-23,Santa Cruz,87,273765,135,110,0,110,2
2020-04-23,Shasta,89,179085,34,27,0,27,3
2020-04-23,Sierra,91,2930,0,0,0,0,0
2020-04-23,Siskiyou,93,43540,5,5,0,5,0
2020-04-23,Solano,95,438530,266,196,0,196,3
2020-04-23,Sonoma,97,501317,238,187,0,187,1
2020-04-23,Stanislaus,99,539301,391,254,4,258,4
2020-04-23,Sutter,101,95872,28,24,0,24,2
2020-04-23,Tehama,103,63373,1,1,1,2,1
2020-04-23,Trinity,105,12862,0,0,0,0,0
2020-04-23,Tulare,107,460477,668,440,2,442,25
2020-04-23,Tuolumne,109,53932,3,2,0,2,0
2020-04-23,Ventura,111,848112,597,479,0,479,16
2020-04-23,Yolo,113,214977,170,151,0,151,8
2020-04-23,Yuba,115,75493,16,15,0,15,1
2020-04-22,Alameda,1,1643700,1596,1275,0,1275,46
2020-04-22,Alpine,3,1148,1,1,0,1,0
2020-04-22,Amador,5,37829,8,7,0,7,0
2020-04-22,Butte,7,227075,24,15,1,16,0
2020-04-22,Calaveras,9,45235,13,12,0,12,0
2020-04-22,Colusa,11,21464,3,3,0,3,0
2020-04-22,Contra Costa,13,1133247,899,772,0,772,22
2020-04-22,Del Norte,15,27424,2,2,0,2,0
2020-04-22,El Dorado,17,186661,51,39,0,39,0
2020-04-22,Fresno,19,978130,716,388,5,393,7
2020-04-22,Glenn,21,27897,5,3,0,3,0
2020-04-22,Humboldt,23,135768,59,53,0,53,0
2020-04-22,Imperial,25,180216,388,170,1,171,3
2020-04-22,Inyo,27,18085,19,18,0,18,0
2020-04-22,Kern,29,883053,940,713,1,714,4
2020-04-22,Kings,31,150075,91,28,1,29,1
2020-04-22,Lake,33,64148,6,6,0,6,0
2020-04-22,Lassen,35,31185,1,0,2,2,0
2020-04-22,Los Angeles,37,10098052,22533,16400,19,16419,715
2020-04-22,Madera,39,155013,71,37,0,37,2
2020-04-22,Marin,41,260295,222,202,1,203,11
2020-04-22,Mariposa,43,17540,6,0,0,0,0
2020-04-22,Mendocino,45,87422,7,5,0,5,0
2020-04-22,Merced,47,269075,147,92,0,92,3
2020-04-22,Modoc,49,8938,0,0,0,0,0
2020-04-22,Mono,51,14174,29,23,0,23,1
2020-04-22,Monterey,53,433212,216,154,0,154,4
2020-04-22,Napa,55,140530,65,58,0,58,2
2020-04-22,Nevada,57,99092,41,36,1,37,1
2020-04-22,Orange,59,3164182,2810,1785,10,1795,36
2020-04-22,Placer,61,380077,156,133,1,134,8
2020-04-22,Plumas,63,18699,4,4,0,4,0
2020-04-22,Riverside,65,2383286,4024,2822,6,2828,76
2020-04-22,Sacramento,67,1510023,1058,959,0,959,36
2020-04-22,San Benito,69,59416,45,43,0,43,2
2020-04-22,San Bernardino,71,2135413,2089,1564,0,1564,74
2020-04-22,San Diego,73,3302833,3565,2493,0,2493,96
2020-04-22,San Francisco,75,870044,1545,1255,0,1255,21
2020-04-22,San Joaquin,77,732212,535,462,3,465,20
2020-04-22,San Luis Obispo,79,281455,203,142,1,143,1
2020-04-22,San Mateo,81,765935,1266,945,2,947,40
2020-04-22,Santa Barbara,83,443738,575,437,2,439,6
2020-04-22,Santa Clara,85,1922200,2309,1969,1,1970,95
2020-04-22,Santa Cruz,87,273765,131,106,0,106,2
2020-04-22,Shasta,89,179085,33,26,0,26,3
2020-04-22,Sierra,91,2930,0,0,0,0,0
2020-04-22,Siskiyou,93,43540,5,5,0,5,0
2020-04-22,Solano,95,438530,247,195,0,195,3
2020-04-22,Sonoma,97,501317,235,185,0,185,1
2020-04-22,Stanislaus,99,539301,334,247,4,251,4
2020-04-22,Sutter,101,95872,28,22,0,22,2
2020-04-22,Tehama,103,63373,1,1,1,2,1
2020-04-22,Trinity,105,12862,0,0,0,0,0
2020-04-22,Tulare,107,460477,635,425,2,427,23
2020-04-22,Tuolumne,109,53932,3,2,0,2,0
2020-04-22,Ventura,111,848112,587,465,0,465,15
2020-04-22,Yolo,113,214977,170,147,0,147,8
2020-04-22,Yuba,115,75493,16,15,0,15,1
2020-04-21,Alameda,1,1643700,1566,1234,0,1234,46
2020-04-21,Alpine,3,1148,1,1,0,1,0
2020-04-21,Amador,5,37829,8,7,0,7,0
2020-04-21,Butte,7,227075,23,15,1,16,0
2020-04-21,Calaveras,9,45235,12,12,0,12,0
2020-04-21,Colusa,11,21464,3,3,0,3,0
2020-04-21,Contra Costa,13,1133247,885,766,0,766,22
2020-04-21,Del Norte,15,27424,2,2,0,2,0
2020-04-21,El Dorado,17,186661,51,36,0,36,0
2020-04-21,Fresno,19,978130,682,372,5,377,7
2020-04-21,Glenn,21,27897,5,3,0,3,0
2020-04-21,Humboldt,23,135768,58,53,0,53,0
2020-04-21,Imperial,25,180216,368,165,1,166,2
2020-04-21,Inyo,27,18085,19,18,0,18,0
2020-04-21,Kern,29,883053,898,676,1,677,4
2020-04-21,Kings,31,150075,78,28,1,29,1
2020-04-21,Lake,33,64148,6,6,0,6,0
2020-04-21,Lassen,35,31185,1,0,2,2,0
2020-04-21,Los Angeles,37,10098052,21673,15096,19,15115,650
2020-04-21,Madera,39,155013,71,37,0,37,2
2020-04-21,Marin,41,260295,216,202,1,203,10
2020-04-21,Mariposa,43,17540,5,0,0,0,0
2020-04-21,Mendocino,45,87422,7,5,0,5,0
2020-04-21,Merced,47,269075,143,89,0,89,3
2020-04-21,Modoc,49,8938,0,0,0,0,0
2020-04-21,Mono,51,14174,29,23,0,23,1
2020-04-21,Monterey,53,433212,213,151,0,151,4
2020-04-21,Napa,55,140530,64,58,0,58,2
2020-04-21,Nevada,57,99092,41,36,1,37,1
2020-04-21,Orange,59,3164182,2688,1717,9,1726,36
2020-04-21,Placer,61,380077,154,133,0,133,8
2020-04-21,Plumas,63,18699,4,4,0,4,0
2020-04-21,Riverside,65,2383286,3893,2631,6,2637,68
2020-04-21,Sacramento,67,1510023,1048,941,0,941,33
2020-04-21,San Benito,69,59416,44,43,0,43,2
2020-04-21,San Bernardino,71,2135413,2028,1499,0,1499,71
2020-04-21,San Diego,73,3302833,3409,2436,0,2436,87
2020-04-21,San Francisco,75,870044,1515,1232,0,1232,20
2020-04-21,San Joaquin,77,732212,525,447,3,450,20
2020-04-21,San Luis Obispo,79,281455,199,134,1,135,1
2020-04-21,San Mateo,81,765935,1220,933,2,935,34
2020-04-21,Santa Barbara,83,443738,563,414,1,415,5
2020-04-21,Santa Clara,85,1922200,2267,1943,1,1944,91
2020-04-21,Santa Cruz,87,273765,129,104,0,104,2
2020-04-21,Shasta,89,179085,32,26,0,26,3
2020-04-21,Sierra,91,2930,0,0,0,0,0
2020-04-21,Siskiyou,93,43540,5,5,0,5,0
2020-04-21,Solano,95,438530,239,193,0,193,3
2020-04-21,Sonoma,97,501317,225,182,0,182,1
2020-04-21,Stanislaus,99,539301,315,235,4,239,4
2020-04-21,Sutter,101,95872,28,22,0,22,2
2020-04-21,Tehama,103,63373,1,1,1,2,1
2020-04-21,Trinity,105,12862,0,0,0,0,0
2020-04-21,Tulare,107,460477,600,410,2,412,23
2020-04-21,Tuolumne,109,53932,3,2,0,2,0
2020-04-21,Ventura,111,848112,575,455,0,455,14
2020-04-21,Yolo,113,214977,168,143,0,143,8
2020-04-21,Yuba,115,75493,16,15,0,15,1
2020-04-20,Alameda,1,1643700,1533,1181,0,1181,42
2020-04-20,Alpine,3,1148,1,1,0,1,0
2020-04-20,Amador,5,37829,8,7,0,7,0
2020-04-20,Butte,7,227075,23,15,1,16,0
2020-04-20,Calaveras,9,45235,12,12,0,12,0
2020-04-20,Colusa,11,21464,3,3,0,3,0
2020-04-20,Contra Costa,13,1133247,875,753,0,753,22
2020-04-20,Del Norte,15,27424,2,2,0,2,0
2020-04-20,El Dorado,17,186661,51,36,0,36,0
2020-04-20,Fresno,19,978130,664,356,5,361,7
2020-04-20,Glenn,21,27897,4,3,0,3,0
2020-04-20,Humboldt,23,135768,58,53,0,53,0
2020-04-20,Imperial,25,180216,348,149,1,150,2
2020-04-20,Inyo,27,18085,19,17,0,17,0
2020-04-20,Kern,29,883053,866,651,1,652,3
2020-04-20,Kings,31,150075,67,19,1,20,1
2020-04-20,Lake,33,64148,6,6,0,6,0
2020-04-20,Lassen,35,31185,1,0,2,2,0
2020-04-20,Los Angeles,37,10098052,20759,13787,19,13806,608
2020-04-20,Madera,39,155013,70,35,0,35,2
2020-04-20,Marin,41,260295,212,200,1,201,10
2020-04-20,Mariposa,43,17540,5,0,0,0,0
2020-04-20,Mendocino,45,87422,7,5,0,5,0
2020-04-20,Merced,47,269075,136,88,0,88,3
2020-04-20,Modoc,49,8938,0,0,0,0,0
2020-04-20,Mono,51,14174,29,23,0,23,1
2020-04-20,Monterey,53,433212,204,147,0,147,4
2020-04-20,Napa,55,140530,64,55,0,55,2
2020-04-20,Nevada,57,99092,41,34,1,35,1
2020-04-20,Orange,59,3164182,2607,1679,9,1688,33
2020-04-20,Placer,61,380077,153,132,0,132,8
2020-04-20,Plumas,63,18699,4,4,0,4,0
2020-04-20,Riverside,65,2383286,3768,2477,6,2483,61
2020-04-20,Sacramento,67,1510023,1037,924,0,924,32
2020-04-20,San Benito,69,59416,44,43,0,43,2
2020-04-20,San Bernardino,71,2135413,1941,1344,0,1344,63
2020-04-20,San Diego,73,3302833,3268,2327,0,2327,72
2020-04-20,San Francisco,75,870044,1483,1223,0,1223,19
2020-04-20,San Joaquin,77,732212,521,422,3,425,17
2020-04-20,San Luis Obispo,79,281455,185,132,1,133,1
2020-04-20,San Mateo,81,765935,1197,890,2,892,31
2020-04-20,Santa Barbara,83,443738,552,388,1,389,4
2020-04-20,Santa Clara,85,1922200,2243,1920,1,1921,84
2020-04-20,Santa Cruz,87,273765,127,102,0,102,2
2020-04-20,Shasta,89,179085,32,26,0,26,3
2020-04-20,Sierra,91,2930,0,0,0,0,0
2020-04-20,Siskiyou,93,43540,5,5,0,5,0
2020-04-20,Solano,95,438530,236,185,0,185,2
2020-04-20,Sonoma,97,501317,217,178,0,178,1
2020-04-20,Stanislaus,99,539301,301,228,4,232,3
2020-04-20,Sutter,101,95872,27,22,0,22,2
2020-04-20,Tehama,103,63373,1,1,1,2,1
2020-04-20,Trinity,105,12862,0,0,0,0,0
2020-04-20,Tulare,107,460477,589,401,2,403,20
2020-04-20,Tuolumne,109,53932,3,2,0,2,0
2020-04-20,Ventura,111,848112,563,426,0,426,13
2020-04-20,Yolo,113,214977,167,125,0,125,5
2020-04-20,Yuba,115,75493,16,15,0,15,1
2020-04-19,Alameda,1,1643700,1483,1134,0,1134,41
2020-04-19,Alpine,3,1148,1,1,0,1,0
2020-04-19,Amador,5,37829,7,7,0,7,0
2020-04-19,Butte,7,227075,22,15,1,16,0
2020-04-19,Calaveras,9,45235,12,12,0,12,0
2020-04-19,Colusa,11,21464,3,3,0,3,0
2020-04-19,Contra Costa,13,1133247,861,731,0,731,20
2020-04-19,Del Norte,15,27424,2,2,0,2,0
2020-04-19,El Dorado,17,186661,51,36,0,36,0
2020-04-19,Fresno,19,978130,628,326,5,331,7
2020-04-19,Glenn,21,27897,4,3,0,3,0
2020-04-19,Humboldt,23,135768,58,53,0,53,0
2020-04-19,Imperial,25,180216,322,144,0,144,2
2020-04-19,Inyo,27,18085,19,17,0,17,0
2020-04-19,Kern,29,883053,841,629,1,630,3
2020-04-19,Kings,31,150075,57,17,1,18,1
2020-04-19,Lake,33,64148,6,6,0,6,0
2020-04-19,Lassen,35,31185,1,0,2,2,0
2020-04-19,Los Angeles,37,10098052,19763,12299,19,12318,589
2020-04-19,Madera,39,155013,68,34,0,34,2
2020-04-19,Marin,41,260295,211,194,1,195,10
2020-04-19,Mariposa,43,17540,2,0,0,0,0
2020-04-19,Mendocino,45,87422,7,4,0,4,0
2020-04-19,Merced,47,269075,131,85,0,85,3
2020-04-19,Modoc,49,8938,0,0,0,0,0
2020-04-19,Mono,51,14174,29,23,0,23,1
2020-04-19,Monterey,53,433212,196,140,0,140,4
2020-04-19,Napa,55,140530,62,49,0,49,2
2020-04-19,Nevada,57,99092,40,34,1,35,1
2020-04-19,Orange,59,3164182,2510,1591,8,1599,32
2020-04-19,Placer,61,380077,152,131,0,131,8
2020-04-19,Plumas,63,18699,4,4,0,4,0
2020-04-19,Riverside,65,2383286,3625,2316,6,2322,56
2020-04-19,Sacramento,67,1510023,1011,912,0,912,32
2020-04-19,San Benito,69,59416,42,40,0,40,2
2020-04-19,San Bernardino,71,2135413,1878,1262,0,1262,58
2020-04-19,San Diego,73,3302833,3101,2270,0,2270,71
2020-04-19,San Francisco,75,870044,1450,1153,0,1153,19
2020-04-19,San Joaquin,77,732212,503,404,3,407,17
2020-04-19,San Luis Obispo,79,281455,180,132,1,133,1
2020-04-19,San Mateo,81,765935,1161,845,2,847,31
2020-04-19,Santa Barbara,83,443738,543,377,1,378,3
2020-04-19,Santa Clara,85,1922200,2207,1878,1,1879,81
2020-04-19,Santa Cruz,87,273765,124,98,0,98,2
2020-04-19,Shasta,89,179085,30,26,0,26,3
2020-04-19,Sierra,91,2930,0,0,0,0,0
2020-04-19,Siskiyou,93,43540,5,5,0,5,0
2020-04-19,Solano,95,438530,228,174,0,174,2
2020-04-19,Sonoma,97,501317,211,172,0,172,1
2020-04-19,Stanislaus,99,539301,293,221,4,225,3
2020-04-19,Sutter,101,95872,26,21,0,21,2
2020-04-19,Tehama,103,63373,1,1,1,2,1
2020-04-19,Trinity,105,12862,0,0,0,0,0
2020-04-19,Tulare,107,460477,544,391,2,393,17
2020-04-19,Tuolumne,109,53932,3,2,0,2,0
2020-04-19,Ventura,111,848112,555,418,0,418,13
2020-04-19,Yolo,113,214977,167,120,0,120,5
2020-04-19,Yuba,115,75493,16,15,0,15,1
2020-04-18,Alameda,1,1643700,1458,1085,0,1085,40
2020-04-18,Alpine,3,1148,1,1,0,1,0
2020-04-18,Amador,5,37829,7,7,0,7,0
2020-04-18,Butte,7,227075,21,15,1,16,0
2020-04-18,Calaveras,9,45235,12,12,0,12,0
2020-04-18,Colusa,11,21464,3,3,0,3,0
2020-04-18,Contra Costa,13,1133247,849,721,0,721,17
2020-04-18,Del Norte,15,27424,2,2,0,2,0
2020-04-18,El Dorado,17,186661,51,36,0,36,0
2020-04-18,Fresno,19,978130,608,319,5,324,7
2020-04-18,Glenn,21,27897,4,3,0,3,0
2020-04-18,Humboldt,23,135768,58,52,0,52,0
2020-04-18,Imperial,25,180216,313,137,0,137,2
2020-04-18,Inyo,27,18085,19,17,0,17,0
2020-04-18,Kern,29,883053,819,626,1,627,3
2020-04-18,Kings,31,150075,56,17,1,18,1
2020-04-18,Lake,33,64148,6,6,0,6,0
2020-04-18,Lassen,35,31185,1,0,2,2,0
2020-04-18,Los Angeles,37,10098052,19239,11984,18,12002,566
2020-04-18,Madera,39,155013,67,34,0,34,2
2020-04-18,Marin,41,260295,209,193,1,194,10
2020-04-18,Mariposa,43,17540,2,0,0,0,0
2020-04-18,Mendocino,45,87422,7,4,0,4,0
2020-04-18,Merced,47,269075,129,82,0,82,3
2020-04-18,Modoc,49,8938,0,0,0,0,0
2020-04-18,Mono,51,14174,29,22,0,22,1
2020-04-18,Monterey,53,433212,192,135,0,135,3
2020-04-18,Napa,55,140530,62,49,0,49,2
2020-04-18,Nevada,57,99092,39,34,1,35,1
2020-04-18,Orange,59,3164182,2446,1569,7,1576,32
2020-04-18,Placer,61,380077,150,130,0,130,8
2020-04-18,Plumas,63,18699,4,4,0,4,0
2020-04-18,Riverside,65,2383286,3553,2257,6,2263,56
2020-04-18,Sacramento,67,1510023,999,901,0,901,32
2020-04-18,San Benito,69,59416,42,40,0,40,2
2020-04-18,San Bernardino,71,2135413,1833,1255,0,1255,58
2020-04-18,San Diego,73,3302833,2999,2215,0,2215,71
2020-04-18,San Francisco,75,870044,1411,1144,0,1144,19
2020-04-18,San Joaquin,77,732212,494,392,3,395,17
2020-04-18,San Luis Obispo,79,281455,176,129,1,130,1
2020-04-18,San Mateo,81,765935,1139,821,2,823,31
2020-04-18,Santa Barbara,83,443738,537,372,1,373,3
2020-04-18,Santa Clara,85,1922200,2177,1862,1,1863,79
2020-04-18,Santa Cruz,87,273765,122,96,0,96,2
2020-04-18,Shasta,89,179085,30,26,0,26,3
2020-04-18,Sierra,91,2930,0,0,0,0,0
2020-04-18,Siskiyou,93,43540,5,5,0,5,0
2020-04-18,Solano,95,438530,225,175,0,175,2
2020-04-18,Sonoma,97,501317,207,168,0,168,1
2020-04-18,Stanislaus,99,539301,285,216,4,220,3
2020-04-18,Sutter,101,95872,26,21,0,21,2
2020-04-18,Tehama,103,63373,1,1,1,2,1
2020-04-18,Trinity,105,12862,0,0,0,0,0
2020-04-18,Tulare,107,460477,535,385,2,387,17
2020-04-18,Tuolumne,109,53932,3,2,0,2,0
2020-04-18,Ventura,111,848112,547,416,0,416,13
2020-04-18,Yolo,113,214977,165,118,0,118,5
2020-04-18,Yuba,115,75493,16,14,0,14,1
2020-04-17,Alameda,1,1643700,1403,1043,0,1043,40
2020-04-17,Alpine,3,1148,1,1,0,1,0
2020-04-17,Amador,5,37829,7,7,0,7,0
2020-04-17,Butte,7,227075,21,15,1,16,0
2020-04-17,Calaveras,9,45235,12,11,0,11,0
2020-04-17,Colusa,11,21464,3,3,0,3,0
2020-04-17,Contra Costa,13,1133247,840,687,0,687,15
2020-04-17,Del Norte,15,27424,2,2,0,2,0
2020-04-17,El Dorado,17,186661,51,35,0,35,0
2020-04-17,Fresno,19,978130,586,315,5,320,7
2020-04-17,Glenn,21,27897,4,3,0,3,0
2020-04-17,Humboldt,23,135768,57,52,0,52,0
2020-04-17,Imperial,25,180216,304,135,0,135,2
2020-04-17,Inyo,27,18085,19,17,0,17,0
2020-04-17,Kern,29,883053,799,612,1,613,3
2020-04-17,Kings,31,150075,54,15,1,16,1
2020-04-17,Lake,33,64148,6,6,0,6,0
2020-04-17,Lassen,35,31185,1,0,2,2,0
2020-04-17,Los Angeles,37,10098052,18596,11354,18,11372,489
2020-04-17,Madera,39,155013,67,34,0,34,2
2020-04-17,Marin,41,260295,206,189,1,190,10
2020-04-17,Mariposa,43,17540,1,0,0,0,0
2020-04-17,Mendocino,45,87422,7,4,0,4,0
2020-04-17,Merced,47,269075,128,80,0,80,3
2020-04-17,Modoc,49,8938,0,0,0,0,0
2020-04-17,Mono,51,14174,29,22,0,22,1
2020-04-17,Monterey,53,433212,187,119,0,119,3
2020-04-17,Napa,55,140530,60,46,0,46,2
2020-04-17,Nevada,57,99092,38,34,1,35,1
2020-04-17,Orange,59,3164182,2395,1496,7,1503,31
2020-04-17,Placer,61,380077,150,130,0,130,8
2020-04-17,Plumas,63,18699,4,4,0,4,0
2020-04-17,Riverside,65,2383286,3427,2080,6,2086,50
2020-04-17,Sacramento,67,1510023,992,882,0,882,32
2020-04-17,San Benito,69,59416,42,38,0,38,2
2020-04-17,San Bernardino,71,2135413,1794,1229,0,1229,57
2020-04-17,San Diego,73,3302833,2909,2160,0,2160,70
2020-04-17,San Francisco,75,870044,1385,1090,0,1090,19
2020-04-17,San Joaquin,77,732212,483,356,3,359,17
2020-04-17,San Luis Obispo,79,281455,169,116,1,117,1
2020-04-17,San Mateo,81,765935,1123,768,2,770,31
2020-04-17,Santa Barbara,83,443738,532,349,1,350,3
2020-04-17,Santa Clara,85,1922200,2149,1834,1,1835,74
2020-04-17,Santa Cruz,87,273765,121,94,0,94,2
2020-04-17,Shasta,89,179085,30,26,0,26,3
2020-04-17,Sierra,91,2930,0,0,0,0,0
2020-04-17,Siskiyou,93,43540,5,5,0,5,0
2020-04-17,Solano,95,438530,224,173,0,173,2
2020-04-17,Sonoma,97,501317,204,167,0,167,1
2020-04-17,Stanislaus,99,539301,283,201,4,205,3
2020-04-17,Sutter,101,95872,26,20,0,20,2
2020-04-17,Tehama,103,63373,1,1,1,2,1
2020-04-17,Trinity,105,12862,0,0,0,0,0
2020-04-17,Tulare,107,460477,528,370,2,372,17
2020-04-17,Tuolumne,109,53932,3,2,0,2,0
2020-04-17,Ventura,111,848112,542,398,0,398,13
2020-04-17,Yolo,113,214977,164,117,0,117,5
2020-04-17,Yuba,115,75493,16,14,0,14,1
2020-04-16,Alameda,1,1643700,1370,981,0,981,39
2020-04-16,Alpine,3,1148,1,1,0,1,0
2020-04-16,Amador,5,37829,7,7,0,7,0
2020-04-16,Butte,7,227075,20,15,1,16,0
2020-04-16,Calaveras,9,45235,12,10,0,10,0
2020-04-16,Colusa,11,21464,3,3,0,3,0
2020-04-16,Contra Costa,13,1133247,826,675,0,675,14
2020-04-16,Del Norte,15,27424,2,2,0,2,0
2020-04-16,El Dorado,17,186661,50,34,0,34,0
2020-04-16,Fresno,19,978130,557,289,5,294,7
2020-04-16,Glenn,21,27897,4,3,0,3,0
2020-04-16,Humboldt,23,135768,57,47,0,47,0
2020-04-16,Imperial,25,180216,290,132,0,132,2
2020-04-16,Inyo,27,18085,17,17,0,17,0
2020-04-16,Kern,29,883053,773,587,1,588,3
2020-04-16,Kings,31,150075,50,12,1,13,1
2020-04-16,Lake,33,64148,6,6,0,6,0
2020-04-16,Lassen,35,31185,1,0,2,2,0
2020-04-16,Los Angeles,37,10098052,17712,10786,18,10804,447
2020-04-16,Madera,39,155013,65,34,0,34,2
2020-04-16,Marin,41,260295,202,170,1,171,10
2020-04-16,Mariposa,43,17540,1,1,0,1,0
2020-04-16,Mendocino,45,87422,7,4,0,4,0
2020-04-16,Merced,47,269075,122,76,0,76,3
2020-04-16,Modoc,49,8938,0,0,0,0,0
2020-04-16,Mono,51,14174,29,22,0,22,1
2020-04-16,Monterey,53,433212,184,116,0,116,3
2020-04-16,Napa,55,140530,57,44,0,44,2
2020-04-16,Nevada,57,99092,38,34,1,35,1
2020-04-16,Orange,59,3164182,2332,1439,6,1445,28
2020-04-16,Placer,61,380077,148,129,0,129,7
2020-04-16,Plumas,63,18699,4,4,0,4,0
2020-04-16,Riverside,65,2383286,3309,1913,6,1919,45
2020-04-16,Sacramento,67,1510023,984,865,0,865,32
2020-04-16,San Benito,69,59416,42,36,0,36,2
2020-04-16,San Bernardino,71,2135413,1711,1143,0,1143,54
2020-04-16,San Diego,73,3302833,2801,2089,0,2089,63
2020-04-16,San Francisco,75,870044,1341,1039,0,1039,16
2020-04-16,San Joaquin,77,732212,468,345,3,348,17
2020-04-16,San Luis Obispo,79,281455,165,113,1,114,1
2020-04-16,San Mateo,81,765935,1094,745,2,747,29
2020-04-16,Santa Barbara,83,443738,519,331,1,332,3
2020-04-16,Santa Clara,85,1922200,2123,1789,1,1790,70
2020-04-16,Santa Cruz,87,273765,119,90,0,90,2
2020-04-16,Shasta,89,179085,30,25,0,25,3
2020-04-16,Sierra,91,2930,0,0,0,0,0
2020-04-16,Siskiyou,93,43540,5,5,0,5,0
2020-04-16,Solano,95,438530,221,162,0,162,2
2020-04-16,Sonoma,97,501317,199,145,0,145,1
2020-04-16,Stanislaus,99,539301,280,185,4,189,3
2020-04-16,Sutter,101,95872,25,21,0,21,2
2020-04-16,Tehama,103,63373,1,1,1,2,1
2020-04-16,Trinity,105,12862,0,0,0,0,0
2020-04-16,Tulare,107,460477,512,305,2,307,16
2020-04-16,Tuolumne,109,53932,3,1,0,1,0
2020-04-16,Ventura,111,848112,530,384,0,384,13
2020-04-16,Yolo,113,214977,162,98,0,98,4
2020-04-16,Yuba,115,75493,15,14,0,14,1
2020-04-15,Alameda,1,1643700,1320,915,0,915,38
2020-04-15,Alpine,3,1148,1,1,0,1,0
2020-04-15,Amador,5,37829,7,7,0,7,0
2020-04-15,Butte,7,227075,20,14,1,15,0
2020-04-15,Calaveras,9,45235,11,9,0,9,0
2020-04-15,Colusa,11,21464,3,3,0,3,0
2020-04-15,Contra Costa,13,1133247,804,645,0,645,14
2020-04-15,Del Norte,15,27424,2,2,0,2,0
2020-04-15,El Dorado,17,186661,48,33,0,33,0
2020-04-15,Fresno,19,978130,532,264,5,269,7
2020-04-15,Glenn,21,27897,4,3,0,3,0
2020-04-15,Humboldt,23,135768,57,47,0,47,0
2020-04-15,Imperial,25,180216,264,115,0,115,2
2020-04-15,Inyo,27,18085,17,12,0,12,0
2020-04-15,Kern,29,883053,751,500,1,501,3
2020-04-15,Kings,31,150075,46,12,1,13,1
2020-04-15,Lake,33,64148,6,4,0,4,0
2020-04-15,Lassen,35,31185,1,0,2,2,0
2020-04-15,Los Angeles,37,10098052,16891,10416,18,10434,394
2020-04-15,Madera,39,155013,65,30,0,30,2
2020-04-15,Marin,41,260295,199,162,1,163,10
2020-04-15,Mariposa,43,17540,0,0,0,0,0
2020-04-15,Mendocino,45,87422,6,4,0,4,0
2020-04-15,Merced,47,269075,120,74,0,74,3
2020-04-15,Modoc,49,8938,0,0,0,0,0
2020-04-15,Mono,51,14174,29,22,0,22,1
2020-04-15,Monterey,53,433212,176,106,0,106,3
2020-04-15,Napa,55,140530,55,34,0,34,2
2020-04-15,Nevada,57,99092,37,34,1,35,1
2020-04-15,Orange,59,3164182,2229,1377,6,1383,24
2020-04-15,Placer,61,380077,147,123,0,123,6
2020-04-15,Plumas,63,18699,4,4,0,4,0
2020-04-15,Riverside,65,2383286,3114,1723,6,1729,42
2020-04-15,Sacramento,67,1510023,975,839,0,839,32
2020-04-15,San Benito,69,59416,42,34,0,34,2
2020-04-15,San Bernardino,71,2135413,1641,1063,0,1063,45
2020-04-15,San Diego,73,3302833,2713,2014,0,2014,60
2020-04-15,San Francisco,75,870044,1305,1006,0,1006,16
2020-04-15,San Joaquin,77,732212,460,329,3,332,17
2020-04-15,San Luis Obispo,79,281455,158,112,1,113,1
2020-04-15,San Mateo,81,765935,1045,707,2,709,28
2020-04-15,Santa Barbara,83,443738,500,317,1,318,2
2020-04-15,Santa Clara,85,1922200,2089,1692,1,1693,69
2020-04-15,Santa Cruz,87,273765,115,92,0,92,2
2020-04-15,Shasta,89,179085,30,25,0,25,3
2020-04-15,Sierra,91,2930,0,0,0,0,0
2020-04-15,Siskiyou,93,43540,5,5,0,5,0
2020-04-15,Solano,95,438530,216,153,0,153,2
2020-04-15,Sonoma,97,501317,197,140,0,140,1
2020-04-15,Stanislaus,99,539301,273,174,4,178,3
2020-04-15,Sutter,101,95872,25,19,0,19,2
2020-04-15,Tehama,103,63373,1,1,1,2,1
2020-04-15,Trinity,105,12862,0,0,0,0,0
2020-04-15,Tulare,107,460477,495,289,2,291,14
2020-04-15,Tuolumne,109,53932,3,1,0,1,0
2020-04-15,Ventura,111,848112,515,365,0,365,13
2020-04-15,Yolo,113,214977,158,93,0,93,3
2020-04-15,Yuba,115,75493,15,15,0,15,1
2020-04-14,Alameda,1,1643700,1275,843,0,843,30
2020-04-14,Alpine,3,1148,1,1,0,1,0
2020-04-14,Amador,5,37829,7,6,0,6,0
2020-04-14,Butte,7,227075,20,13,1,14,0
2020-04-14,Calaveras,9,45235,11,5,0,5,0
2020-04-14,Colusa,11,21464,3,3,0,3,0
2020-04-14,Contra Costa,13,1133247,792,617,0,617,12
2020-04-14,Del Norte,15,27424,2,2,0,2,0
2020-04-14,El Dorado,17,186661,48,30,0,30,0
2020-04-14,Fresno,19,978130,510,244,5,249,6
2020-04-14,Glenn,21,27897,4,3,0,3,0
2020-04-14,Humboldt,23,135768,57,44,0,44,0
2020-04-14,Imperial,25,180216,244,86,0,86,2
2020-04-14,Inyo,27,18085,17,12,0,12,0
2020-04-14,Kern,29,883053,728,453,1,454,3
2020-04-14,Kings,31,150075,45,12,1,13,1
2020-04-14,Lake,33,64148,6,3,0,3,0
2020-04-14,Lassen,35,31185,1,0,2,2,0
2020-04-14,Los Angeles,37,10098052,15997,9948,17,9965,357
2020-04-14,Madera,39,155013,64,29,0,29,2
2020-04-14,Marin,41,260295,195,147,1,148,9
2020-04-14,Mariposa,43,17540,0,0,0,0,0
2020-04-14,Mendocino,45,87422,6,4,0,4,0
2020-04-14,Merced,47,269075,113,61,0,61,3
2020-04-14,Modoc,49,8938,0,0,0,0,0
2020-04-14,Mono,51,14174,29,22,0,22,1
2020-04-14,Monterey,53,433212,171,98,0,98,3
2020-04-14,Napa,55,140530,55,33,0,33,2
2020-04-14,Nevada,57,99092,37,34,1,35,1
2020-04-14,Orange,59,3164182,2126,1362,6,1368,24
2020-04-14,Placer,61,380077,146,117,0,117,5
2020-04-14,Plumas,63,18699,4,3,0,3,0
2020-04-14,Riverside,65,2383286,2979,1467,6,1473,40
2020-04-14,Sacramento,67,1510023,966,737,0,737,29
2020-04-14,San Benito,69,59416,39,34,0,34,2
2020-04-14,San Bernardino,71,2135413,1586,933,0,933,37
2020-04-14,San Diego,73,3302833,2618,1932,0,1932,53
2020-04-14,San Francisco,75,870044,1251,968,0,968,14
2020-04-14,San Joaquin,77,732212,450,280,3,283,17
2020-04-14,San Luis Obispo,79,281455,156,109,1,110,1
2020-04-14,San Mateo,81,765935,1011,681,2,683,28
2020-04-14,Santa Barbara,83,443738,475,292,1,293,2
2020-04-14,Santa Clara,85,1922200,2056,1561,1,1562,63
2020-04-14,Santa Cruz,87,273765,107,84,0,84,2
2020-04-14,Shasta,89,179085,30,24,0,24,3
2020-04-14,Sierra,91,2930,0,0,0,0,0
2020-04-14,Siskiyou,93,43540,5,5,0,5,0
2020-04-14,Solano,95,438530,213,140,0,140,2
2020-04-14,Sonoma,97,501317,193,133,0,133,1
2020-04-14,Stanislaus,99,539301,260,136,4,140,3
2020-04-14,Sutter,101,95872,24,19,0,19,2
2020-04-14,Tehama,103,63373,1,1,1,2,1
2020-04-14,Trinity,105,12862,0,0,0,0,0
2020-04-14,Tulare,107,460477,472,228,2,230,12
2020-04-14,Tuolumne,109,53932,3,0,0,0,0
2020-04-14,Ventura,111,848112,502,328,0,328,11
2020-04-14,Yolo,113,214977,154,81,0,81,3
2020-04-14,Yuba,115,75493,14,14,0,14,1
2020-04-13,Alameda,1,1643700,1236,821,0,821,23
2020-04-13,Alpine,3,1148,1,1,0,1,0
2020-04-13,Amador,5,37829,7,6,0,6,0
2020-04-13,Butte,7,227075,20,13,1,14,0
2020-04-13,Calaveras,9,45235,10,5,0,5,0
2020-04-13,Colusa,11,21464,3,3,0,3,0
2020-04-13,Contra Costa,13,1133247,776,569,0,569,12
2020-04-13,Del Norte,15,27424,2,2,0,2,0
2020-04-13,El Dorado,17,186661,46,29,0,29,0
2020-04-13,Fresno,19,978130,488,205,4,209,4
2020-04-13,Glenn,21,27897,4,3,0,3,0
2020-04-13,Humboldt,23,135768,57,44,0,44,0
2020-04-13,Imperial,25,180216,226,82,0,82,2
2020-04-13,Inyo,27,18085,17,12,0,12,0
2020-04-13,Kern,29,883053,703,346,1,347,3
2020-04-13,Kings,31,150075,41,9,1,10,0
2020-04-13,Lake,33,64148,6,3,0,3,0
2020-04-13,Lassen,35,31185,1,0,2,2,0
2020-04-13,Los Angeles,37,10098052,15283,9367,17,9384,317
2020-04-13,Madera,39,155013,62,29,0,29,2
2020-04-13,Marin,41,260295,191,144,1,145,6
2020-04-13,Mariposa,43,17540,0,0,0,0,0
2020-04-13,Mendocino,45,87422,6,4,0,4,0
2020-04-13,Merced,47,269075,112,60,0,60,3
2020-04-13,Modoc,49,8938,0,0,0,0,0
2020-04-13,Mono,51,14174,29,21,0,21,1
2020-04-13,Monterey,53,433212,165,86,0,86,3
2020-04-13,Napa,55,140530,54,30,0,30,2
2020-04-13,Nevada,57,99092,37,24,1,25,1
2020-04-13,Orange,59,3164182,2053,1313,6,1319,21
2020-04-13,Placer,61,380077,145,116,0,116,5
2020-04-13,Plumas,63,18699,4,3,0,3,0
2020-04-13,Riverside,65,2383286,2839,1460,5,1465,35
2020-04-13,Sacramento,67,1510023,954,723,0,723,25
2020-04-13,San Benito,69,59416,38,33,0,33,2
2020-04-13,San Bernardino,71,2135413,1511,920,0,920,30
2020-04-13,San Diego,73,3302833,2535,1849,0,1849,47
2020-04-13,San Francisco,75,870044,1213,948,0,948,12
2020-04-13,San Joaquin,77,732212,436,255,3,258,16
2020-04-13,San Luis Obispo,79,281455,151,106,1,107,1
2020-04-13,San Mateo,81,765935,971,679,2,681,25
2020-04-13,Santa Barbara,83,443738,456,271,0,271,2
2020-04-13,Santa Clara,85,1922200,2016,1540,1,1541,58
2020-04-13,Santa Cruz,87,273765,101,82,0,82,1
2020-04-13,Shasta,89,179085,29,24,0,24,3
2020-04-13,Sierra,91,2930,0,0,0,0,0
2020-04-13,Siskiyou,93,43540,5,5,0,5,0
2020-04-13,Solano,95,438530,210,136,0,136,2
2020-04-13,Sonoma,97,501317,186,133,0,133,1
2020-04-13,Stanislaus,99,539301,254,130,4,134,1
2020-04-13,Sutter,101,95872,24,18,0,18,2
2020-04-13,Tehama,103,63373,1,1,1,2,0
2020-04-13,Trinity,105,12862,0,0,0,0,0
2020-04-13,Tulare,107,460477,435,185,2,187,11
2020-04-13,Tuolumne,109,53932,3,0,0,0,0
2020-04-13,Ventura,111,848112,481,309,0,309,9
2020-04-13,Yolo,113,214977,148,81,0,81,3
2020-04-13,Yuba,115,75493,14,13,0,13,1
2020-04-12,Alameda,1,1643700,1193,774,0,774,23
2020-04-12,Alpine,3,1148,1,1,0,1,0
2020-04-12,Amador,5,37829,7,6,0,6,0
2020-04-12,Butte,7,227075,20,13,1,14,0
2020-04-12,Calaveras,9,45235,10,5,0,5,0
2020-04-12,Colusa,11,21464,3,3,0,3,0
2020-04-12,Contra Costa,13,1133247,764,553,0,553,12
2020-04-12,Del Norte,15,27424,2,2,0,2,0
2020-04-12,El Dorado,17,186661,46,28,0,28,0
2020-04-12,Fresno,19,978130,459,205,4,209,4
2020-04-12,Glenn,21,27897,4,3,0,3,0
2020-04-12,Humboldt,23,135768,57,43,0,43,0
2020-04-12,Imperial,25,180216,203,78,0,78,2
2020-04-12,Inyo,27,18085,15,12,0,12,0
2020-04-12,Kern,29,883053,671,319,0,319,3
2020-04-12,Kings,31,150075,39,9,1,10,0
2020-04-12,Lake,33,64148,6,3,0,3,0
2020-04-12,Lassen,35,31185,1,0,2,2,0
2020-04-12,Los Angeles,37,10098052,14572,9133,17,9150,294
2020-04-12,Madera,39,155013,61,29,0,29,2
2020-04-12,Marin,41,260295,180,138,1,139,6
2020-04-12,Mariposa,43,17540,0,0,0,0,0
2020-04-12,Mendocino,45,87422,6,4,0,4,0
2020-04-12,Merced,47,269075,106,58,0,58,3
2020-04-12,Modoc,49,8938,0,0,0,0,0
2020-04-12,Mono,51,14174,29,20,0,20,1
2020-04-12,Monterey,53,433212,151,85,0,85,3
2020-04-12,Napa,55,140530,52,29,0,29,2
2020-04-12,Nevada,57,99092,37,24,1,25,1
2020-04-12,Orange,59,3164182,1993,1283,6,1289,21
2020-04-12,Placer,61,380077,144,114,0,114,4
2020-04-12,Plumas,63,18699,4,3,0,3,0
2020-04-12,Riverside,65,2383286,2657,1330,5,1335,34
2020-04-12,Sacramento,67,1510023,917,689,0,689,25
2020-04-12,San Benito,69,59416,36,33,0,33,2
2020-04-12,San Bernardino,71,2135413,1435,827,0,827,30
2020-04-12,San Diego,73,3302833,2445,1806,0,1806,45
2020-04-12,San Francisco,75,870044,1186,886,0,886,11
2020-04-12,San Joaquin,77,732212,418,246,3,249,15
2020-04-12,San Luis Obispo,79,281455,149,102,1,103,1
2020-04-12,San Mateo,81,765935,945,664,2,666,25
2020-04-12,Santa Barbara,83,443738,431,261,0,261,2
2020-04-12,Santa Clara,85,1922200,1992,1461,1,1462,53
2020-04-12,Santa Cruz,87,273765,100,80,0,80,1
2020-04-12,Shasta,89,179085,29,24,0,24,3
2020-04-12,Sierra,91,2930,0,0,0,0,0
2020-04-12,Siskiyou,93,43540,5,5,0,5,0
2020-04-12,Solano,95,438530,204,136,0,136,2
2020-04-12,Sonoma,97,501317,183,131,0,131,1
2020-04-12,Stanislaus,99,539301,246,117,4,121,1
2020-04-12,Sutter,101,95872,23,18,0,18,2
2020-04-12,Tehama,103,63373,1,1,1,2,0
2020-04-12,Trinity,105,12862,0,0,0,0,0
2020-04-12,Tulare,107,460477,424,166,2,168,11
2020-04-12,Tuolumne,109,53932,3,0,0,0,0
2020-04-12,Ventura,111,848112,472,306,0,306,9
2020-04-12,Yolo,113,214977,135,67,0,67,3
2020-04-12,Yuba,115,75493,14,13,0,13,1
2020-04-11,Alameda,1,1643700,1152,751,0,751,23
2020-04-11,Alpine,3,1148,1,1,0,1,0
2020-04-11,Amador,5,37829,7,6,0,6,0
2020-04-11,Butte,7,227075,20,13,1,14,0
2020-04-11,Calaveras,9,45235,10,5,0,5,0
2020-04-11,Colusa,11,21464,3,3,0,3,0
2020-04-11,Contra Costa,13,1133247,755,550,0,550,12
2020-04-11,Del Norte,15,27424,2,2,0,2,0
2020-04-11,El Dorado,17,186661,45,29,0,29,0
2020-04-11,Fresno,19,978130,449,201,4,205,4
2020-04-11,Glenn,21,27897,4,3,0,3,0
2020-04-11,Humboldt,23,135768,57,38,0,38,0
2020-04-11,Imperial,25,180216,192,78,0,78,2
2020-04-11,Inyo,27,18085,15,12,0,12,0
2020-04-11,Kern,29,883053,644,304,0,304,3
2020-04-11,Kings,31,150075,36,9,1,10,0
2020-04-11,Lake,33,64148,6,3,0,3,0
2020-04-11,Lassen,35,31185,1,0,2,2,0
2020-04-11,Los Angeles,37,10098052,14102,8823,17,8840,262
2020-04-11,Madera,39,155013,60,29,0,29,2
2020-04-11,Marin,41,260295,177,136,1,137,6
2020-04-11,Mariposa,43,17540,0,0,0,0,0
2020-04-11,Mendocino,45,87422,6,4,0,4,0
2020-04-11,Merced,47,269075,103,59,0,59,3
2020-04-11,Modoc,49,8938,0,0,0,0,0
2020-04-11,Mono,51,14174,29,20,0,20,1
2020-04-11,Monterey,53,433212,145,78,0,78,3
2020-04-11,Napa,55,140530,52,29,0,29,2
2020-04-11,Nevada,57,99092,37,24,1,25,1
2020-04-11,Orange,59,3164182,1932,1267,6,1273,21
2020-04-11,Placer,61,380077,144,113,0,113,4
2020-04-11,Plumas,63,18699,4,3,0,3,0
2020-04-11,Riverside,65,2383286,2578,1260,5,1265,33
2020-04-11,Sacramento,67,1510023,906,685,0,685,25
2020-04-11,San Benito,69,59416,36,33,0,33,2
2020-04-11,San Bernardino,71,2135413,1399,826,0,826,28
2020-04-11,San Diego,73,3302833,2379,1763,0,1763,45
2020-04-11,San Francisco,75,870044,1164,860,0,860,11
2020-04-11,San Joaquin,77,732212,413,244,3,247,15
2020-04-11,San Luis Obispo,79,281455,149,100,0,100,1
2020-04-11,San Mateo,81,765935,933,662,2,664,25
2020-04-11,Santa Barbara,83,443738,423,258,0,258,2
2020-04-11,Santa Clara,85,1922200,1950,1441,1,1442,51
2020-04-11,Santa Cruz,87,273765,100,79,0,79,1
2020-04-11,Shasta,89,179085,29,24,0,24,3
2020-04-11,Sierra,91,2930,0,0,0,0,0
2020-04-11,Siskiyou,93,43540,5,5,0,5,0
2020-04-11,Solano,95,438530,200,138,0,138,2
2020-04-11,Sonoma,97,501317,181,131,0,131,1
2020-04-11,Stanislaus,99,539301,239,119,3,122,1
2020-04-11,Sutter,101,95872,23,18,0,18,2
2020-04-11,Tehama,103,63373,1,1,1,2,0
2020-04-11,Trinity,105,12862,0,0,0,0,0
2020-04-11,Tulare,107,460477,402,168,2,170,10
2020-04-11,Tuolumne,109,53932,3,0,0,0,0
2020-04-11,Ventura,111,848112,462,304,0,304,9
2020-04-11,Yolo,113,214977,132,67,0,67,3
2020-04-11,Yuba,115,75493,14,13,0,13,1
2020-04-10,Alameda,1,1643700,1111,706,0,706,21
2020-04-10,Alpine,3,1148,1,1,0,1,0
2020-04-10,Amador,5,37829,7,5,0,5,0
2020-04-10,Butte,7,227075,20,13,1,14,0
2020-04-10,Calaveras,9,45235,10,5,0,5,0
2020-04-10,Colusa,11,21464,3,3,0,3,0
2020-04-10,Contra Costa,13,1133247,742,537,0,537,10
2020-04-10,Del Norte,15,27424,2,2,0,2,0
2020-04-10,El Dorado,17,186661,45,26,0,26,0
2020-04-10,Fresno,19,978130,442,186,3,189,3
2020-04-10,Glenn,21,27897,4,3,0,3,0
2020-04-10,Humboldt,23,135768,57,36,0,36,0
2020-04-10,Imperial,25,180216,185,70,0,70,2
2020-04-10,Inyo,27,18085,13,11,0,11,0
2020-04-10,Kern,29,883053,620,272,0,272,3
2020-04-10,Kings,31,150075,33,7,1,8,0
2020-04-10,Lake,33,64148,6,3,0,3,0
2020-04-10,Lassen,35,31185,1,0,2,2,0
2020-04-10,Los Angeles,37,10098052,13589,8384,16,8400,239
2020-04-10,Madera,39,155013,59,29,0,29,2
2020-04-10,Marin,41,260295,172,128,1,129,6
2020-04-10,Mariposa,43,17540,0,0,0,0,0
2020-04-10,Mendocino,45,87422,6,4,0,4,0
2020-04-10,Merced,47,269075,100,56,0,56,3
2020-04-10,Modoc,49,8938,0,0,0,0,0
2020-04-10,Mono,51,14174,29,20,0,20,1
2020-04-10,Monterey,53,433212,134,78,0,78,3
2020-04-10,Napa,55,140530,49,28,0,28,2
2020-04-10,Nevada,57,99092,37,23,1,24,1
2020-04-10,Orange,59,3164182,1885,1167,6,1173,21
2020-04-10,Placer,61,380077,143,112,0,112,4
2020-04-10,Plumas,63,18699,4,3,0,3,0
2020-04-10,Riverside,65,2383286,2513,1162,5,1167,30
2020-04-10,Sacramento,67,1510023,897,642,0,642,24
2020-04-10,San Benito,69,59416,36,32,0,32,2
2020-04-10,San Bernardino,71,2135413,1351,779,0,779,27
2020-04-10,San Diego,73,3302833,2319,1695,0,1695,44
2020-04-10,San Francisco,75,870044,1133,797,0,797,10
2020-04-10,San Joaquin,77,732212,401,234,3,237,14
2020-04-10,San Luis Obispo,79,281455,149,97,0,97,1
2020-04-10,San Mateo,81,765935,917,642,2,644,24
2020-04-10,Santa Barbara,83,443738,411,254,0,254,2
2020-04-10,Santa Clara,85,1922200,1901,1351,1,1352,50
2020-04-10,Santa Cruz,87,273765,99,75,0,75,1
2020-04-10,Shasta,89,179085,29,24,0,24,3
2020-04-10,Sierra,91,2930,0,0,0,0,0
2020-04-10,Siskiyou,93,43540,5,5,0,5,0
2020-04-10,Solano,95,438530,197,129,0,129,2
2020-04-10,Sonoma,97,501317,180,129,0,129,1
2020-04-10,Stanislaus,99,539301,232,101,3,104,0
2020-04-10,Sutter,101,95872,23,18,0,18,2
2020-04-10,Tehama,103,63373,1,1,1,2,0
2020-04-10,Trinity,105,12862,0,0,0,0,0
2020-04-10,Tulare,107,460477,359,163,2,165,10
2020-04-10,Tuolumne,109,53932,3,0,0,0,0
2020-04-10,Ventura,111,848112,454,290,0,290,9
2020-04-10,Yolo,113,214977,130,62,0,62,3
2020-04-10,Yuba,115,75493,14,13,0,13,1
2020-04-09,Alameda,1,1643700,1061,641,0,641,17
2020-04-09,Alpine,3,1148,1,1,0,1,0
2020-04-09,Amador,5,37829,7,2,0,2,0
2020-04-09,Butte,7,227075,19,12,1,13,0
2020-04-09,Calaveras,9,45235,10,5,0,5,0
2020-04-09,Colusa,11,21464,3,3,0,3,0
2020-04-09,Contra Costa,13,1133247,699,505,0,505,7
2020-04-09,Del Norte,15,27424,2,2,0,2,0
2020-04-09,El Dorado,17,186661,44,25,0,25,0
2020-04-09,Fresno,19,978130,418,165,3,168,3
2020-04-09,Glenn,21,27897,4,2,0,2,0
2020-04-09,Humboldt,23,135768,57,36,0,36,0
2020-04-09,Imperial,25,180216,164,67,0,67,2
2020-04-09,Inyo,27,18085,12,11,0,11,0
2020-04-09,Kern,29,883053,584,241,0,241,2
2020-04-09,Kings,31,150075,31,5,1,6,0
2020-04-09,Lake,33,64148,5,1,0,1,0
2020-04-09,Lassen,35,31185,1,0,2,2,0
2020-04-09,Los Angeles,37,10098052,12962,7919,16,7935,220
2020-04-09,Madera,39,155013,59,28,0,28,2
2020-04-09,Marin,41,260295,170,126,1,127,7
2020-04-09,Mariposa,43,17540,0,0,0,0,0
2020-04-09,Mendocino,45,87422,6,4,0,4,0
2020-04-09,Merced,47,269075,97,41,0,41,3
2020-04-09,Modoc,49,8938,0,0,0,0,0
2020-04-09,Mono,51,14174,29,19,0,19,1
2020-04-09,Monterey,53,433212,116,70,0,70,3
2020-04-09,Napa,55,140530,45,27,0,27,2
2020-04-09,Nevada,57,99092,36,23,1,24,1
2020-04-09,Orange,59,3164182,1809,1105,5,1110,19
2020-04-09,Placer,61,380077,142,107,0,107,4
2020-04-09,Plumas,63,18699,4,3,0,3,0
2020-04-09,Riverside,65,2383286,2371,1083,5,1088,29
2020-04-09,Sacramento,67,1510023,874,601,0,601,21
2020-04-09,San Benito,69,59416,36,32,0,32,2
2020-04-09,San Bernardino,71,2135413,1282,717,0,717,27
2020-04-09,San Diego,73,3302833,2223,1630,0,1630,40
2020-04-09,San Francisco,75,870044,1113,748,0,748,8
2020-04-09,San Joaquin,77,732212,380,223,3,226,14
2020-04-09,San Luis Obispo,79,281455,142,93,0,93,1
2020-04-09,San Mateo,81,765935,901,630,2,632,23
2020-04-09,Santa Barbara,83,443738,401,232,0,232,2
2020-04-09,Santa Clara,85,1922200,1833,1301,1,1302,49
2020-04-09,Santa Cruz,87,273765,99,73,0,73,1
2020-04-09,Shasta,89,179085,29,22,0,22,3
2020-04-09,Sierra,91,2930,0,0,0,0,0
2020-04-09,Siskiyou,93,43540,5,4,0,4,0
2020-04-09,Solano,95,438530,188,118,0,118,2
2020-04-09,Sonoma,97,501317,176,113,0,113,1
2020-04-09,Stanislaus,99,539301,220,93,3,96,0
2020-04-09,Sutter,101,95872,23,17,0,17,2
2020-04-09,Tehama,103,63373,1,1,1,2,0
2020-04-09,Trinity,105,12862,0,0,0,0,0
2020-04-09,Tulare,107,460477,334,147,2,149,9
2020-04-09,Tuolumne,109,53932,3,0,0,0,0
2020-04-09,Ventura,111,848112,435,273,0,273,9
2020-04-09,Yolo,113,214977,121,59,0,59,3
2020-04-09,Yuba,115,75493,14,13,0,13,0
2020-04-08,Alameda,1,1643700,1020,594,0,594,15
2020-04-08,Alpine,3,1148,1,1,0,1,0
2020-04-08,Amador,5,37829,7,2,0,2,0
2020-04-08,Butte,7,227075,18,11,1,12,0
2020-04-08,Calaveras,9,45235,10,5,0,5,0
2020-04-08,Colusa,11,21464,3,3,0,3,0
2020-04-08,Contra Costa,13,1133247,686,481,0,481,7
2020-04-08,Del Norte,15,27424,2,2,0,2,0
2020-04-08,El Dorado,17,186661,44,25,0,25,0
2020-04-08,Fresno,19,978130,398,151,3,154,3
2020-04-08,Glenn,21,27897,4,2,0,2,0
2020-04-08,Humboldt,23,135768,57,40,0,40,0
2020-04-08,Imperial,25,180216,153,59,0,59,2
2020-04-08,Inyo,27,18085,12,11,0,11,0
2020-04-08,Kern,29,883053,543,198,0,198,2
2020-04-08,Kings,31,150075,31,5,1,6,0
2020-04-08,Lake,33,64148,5,1,0,1,0
2020-04-08,Lassen,35,31185,1,0,2,2,0
2020-04-08,Los Angeles,37,10098052,12361,7505,16,7521,196
2020-04-08,Madera,39,155013,58,28,0,28,2
2020-04-08,Marin,41,260295,164,125,1,126,7
2020-04-08,Mariposa,43,17540,0,0,0,0,0
2020-04-08,Mendocino,45,87422,6,4,0,4,0
2020-04-08,Merced,47,269075,82,35,0,35,1
2020-04-08,Modoc,49,8938,0,0,0,0,0
2020-04-08,Mono,51,14174,29,19,0,19,1
2020-04-08,Monterey,53,433212,107,68,0,68,3
2020-04-08,Napa,55,140530,43,21,0,21,2
2020-04-08,Nevada,57,99092,36,21,1,22,1
2020-04-08,Orange,59,3164182,1748,1034,5,1039,19
2020-04-08,Placer,61,380077,142,102,0,102,4
2020-04-08,Plumas,63,18699,4,3,0,3,0
2020-04-08,Riverside,65,2383286,2217,974,5,979,28
2020-04-08,Sacramento,67,1510023,840,565,0,565,21
2020-04-08,San Benito,69,59416,36,31,0,31,2
2020-04-08,San Bernardino,71,2135413,1225,635,0,635,22
2020-04-08,San Diego,73,3302833,2149,1532,0,1532,36
2020-04-08,San Francisco,75,870044,1045,687,0,687,7
2020-04-08,San Joaquin,77,732212,363,211,3,214,12
2020-04-08,San Luis Obispo,79,281455,140,90,0,90,1
2020-04-08,San Mateo,81,765935,886,608,2,610,22
2020-04-08,Santa Barbara,83,443738,383,221,0,221,2
2020-04-08,Santa Clara,85,1922200,1789,1257,1,1258,47
2020-04-08,Santa Cruz,87,273765,98,69,0,69,1
2020-04-08,Shasta,89,179085,29,18,0,18,3
2020-04-08,Sierra,91,2930,0,0,0,0,0
2020-04-08,Siskiyou,93,43540,5,4,0,4,0
2020-04-08,Solano,95,438530,175,111,0,111,2
2020-04-08,Sonoma,97,501317,171,107,0,107,1
2020-04-08,Stanislaus,99,539301,204,86,3,89,0
2020-04-08,Sutter,101,95872,22,17,0,17,2
2020-04-08,Tehama,103,63373,1,1,1,2,0
2020-04-08,Trinity,105,12862,0,0,0,0,0
2020-04-08,Tulare,107,460477,305,145,2,147,6
2020-04-08,Tuolumne,109,53932,3,0,0,0,0
2020-04-08,Ventura,111,848112,426,263,0,263,7
2020-04-08,Yolo,113,214977,104,56,0,56,3
2020-04-08,Yuba,115,75493,14,10,0,10,0
2020-04-07,Alameda,1,1643700,985,560,0,560,14
2020-04-07,Alpine,3,1148,1,1,0,1,0
2020-04-07,Amador,5,37829,7,2,0,2,0
2020-04-07,Butte,7,227075,17,11,1,12,0
2020-04-07,Calaveras,9,45235,9,5,0,5,0
2020-04-07,Colusa,11,21464,3,2,0,2,0
2020-04-07,Contra Costa,13,1133247,666,471,0,471,7
2020-04-07,Del Norte,15,27424,2,2,0,2,0
2020-04-07,El Dorado,17,186661,43,22,0,22,0
2020-04-07,Fresno,19,978130,383,138,3,141,3
2020-04-07,Glenn,21,27897,4,2,0,2,0
2020-04-07,Humboldt,23,135768,56,40,0,40,0
2020-04-07,Imperial,25,180216,135,53,0,53,2
2020-04-07,Inyo,27,18085,12,11,0,11,0
2020-04-07,Kern,29,883053,500,134,0,134,2
2020-04-07,Kings,31,150075,29,5,1,6,0
2020-04-07,Lake,33,64148,4,1,0,1,0
2020-04-07,Lassen,35,31185,1,0,2,2,0
2020-04-07,Los Angeles,37,10098052,11712,6885,16,6901,170
2020-04-07,Madera,39,155013,57,28,0,28,2
2020-04-07,Marin,41,260295,162,122,1,123,7
2020-04-07,Mariposa,43,17540,0,0,0,0,0
2020-04-07,Mendocino,45,87422,6,4,0,4,0
2020-04-07,Merced,47,269075,67,27,0,27,1
2020-04-07,Modoc,49,8938,0,0,0,0,0
2020-04-07,Mono,51,14174,28,18,0,18,1
2020-04-07,Monterey,53,433212,99,63,0,63,2
2020-04-07,Napa,55,140530,41,18,0,18,2
2020-04-07,Nevada,57,99092,36,20,1,21,1
2020-04-07,Orange,59,3164182,1701,971,4,975,19
2020-04-07,Placer,61,380077,137,94,0,94,3
2020-04-07,Plumas,63,18699,4,3,0,3,0
2020-04-07,Riverside,65,2383286,2061,905,5,910,25
2020-04-07,Sacramento,67,1510023,810,513,0,513,18
2020-04-07,San Benito,69,59416,36,26,0,26,2
2020-04-07,San Bernardino,71,2135413,1158,554,0,554,19
2020-04-07,San Diego,73,3302833,2072,1456,0,1456,31
2020-04-07,San Francisco,75,870044,985,636,0,636,6
2020-04-07,San Joaquin,77,732212,345,198,3,201,12
2020-04-07,San Luis Obispo,79,281455,135,87,0,87,1
2020-04-07,San Mateo,81,765935,865,573,2,575,22
2020-04-07,Santa Barbara,83,443738,368,209,0,209,2
2020-04-07,Santa Clara,85,1922200,1720,1193,1,1194,46
2020-04-07,Santa Cruz,87,273765,98,67,0,67,1
2020-04-07,Shasta,89,179085,28,16,0,16,3
2020-04-07,Sierra,91,2930,0,0,0,0,0
2020-04-07,Siskiyou,93,43540,5,4,0,4,0
2020-04-07,Solano,95,438530,170,99,0,99,1
2020-04-07,Sonoma,97,501317,168,102,0,102,1
2020-04-07,Stanislaus,99,539301,187,83,3,86,0
2020-04-07,Sutter,101,95872,22,16,0,16,2
2020-04-07,Tehama,103,63373,1,1,1,2,0
2020-04-07,Trinity,105,12862,0,0,0,0,0
2020-04-07,Tulare,107,460477,278,144,2,146,5
2020-04-07,Tuolumne,109,53932,3,1,0,1,0
2020-04-07,Ventura,111,848112,409,247,0,247,6
2020-04-07,Yolo,113,214977,97,51,0,51,2
2020-04-07,Yuba,115,75493,14,10,0,10,0
2020-04-06,Alameda,1,1643700,955,527,0,527,13
2020-04-06,Alpine,3,1148,1,1,0,1,0
2020-04-06,Amador,5,37829,6,2,0,2,0
2020-04-06,Butte,7,227075,16,11,1,12,0
2020-04-06,Calaveras,9,45235,9,4,0,4,0
2020-04-06,Colusa,11,21464,3,1,0,1,0
2020-04-06,Contra Costa,13,1133247,641,447,0,447,7
2020-04-06,Del Norte,15,27424,2,2,0,2,0
2020-04-06,El Dorado,17,186661,41,23,0,23,0
2020-04-06,Fresno,19,978130,363,122,3,125,1
2020-04-06,Glenn,21,27897,4,2,0,2,0
2020-04-06,Humboldt,23,135768,55,37,0,37,0
2020-04-06,Imperial,25,180216,128,47,0,47,1
2020-04-06,Inyo,27,18085,11,11,0,11,0
2020-04-06,Kern,29,883053,463,117,0,117,2
2020-04-06,Kings,31,150075,29,3,1,4,0
2020-04-06,Lake,33,64148,4,1,0,1,0
2020-04-06,Lassen,35,31185,1,0,2,2,0
2020-04-06,Los Angeles,37,10098052,10980,6346,16,6362,145
2020-04-06,Madera,39,155013,55,29,0,29,2
2020-04-06,Marin,41,260295,159,119,1,120,7
2020-04-06,Mariposa,43,17540,0,0,0,0,0
2020-04-06,Mendocino,45,87422,6,4,0,4,0
2020-04-06,Merced,47,269075,60,25,0,25,1
2020-04-06,Modoc,49,8938,0,0,0,0,0
2020-04-06,Mono,51,14174,28,18,0,18,1
2020-04-06,Monterey,53,433212,94,62,0,62,2
2020-04-06,Napa,55,140530,41,18,0,18,2
2020-04-06,Nevada,57,99092,36,19,1,20,1
2020-04-06,Orange,59,3164182,1657,910,3,913,17
2020-04-06,Placer,61,380077,137,90,0,90,3
2020-04-06,Plumas,63,18699,4,2,0,2,0
2020-04-06,Riverside,65,2383286,1935,854,5,859,17
2020-04-06,Sacramento,67,1510023,780,448,0,448,15
2020-04-06,San Benito,69,59416,34,25,0,25,1
2020-04-06,San Bernardino,71,2135413,1099,550,0,550,13
2020-04-06,San Diego,73,3302833,1990,1406,0,1406,19
2020-04-06,San Francisco,75,870044,945,586,0,586,6
2020-04-06,San Joaquin,77,732212,330,191,3,194,10
2020-04-06,San Luis Obispo,79,281455,133,85,0,85,1
2020-04-06,San Mateo,81,765935,847,569,2,571,20
2020-04-06,Santa Barbara,83,443738,356,189,0,189,2
2020-04-06,Santa Clara,85,1922200,1669,1128,1,1129,43
2020-04-06,Santa Cruz,87,273765,96,65,0,65,1
2020-04-06,Shasta,89,179085,28,16,0,16,3
2020-04-06,Sierra,91,2930,0,0,0,0,0
2020-04-06,Siskiyou,93,43540,4,4,0,4,0
2020-04-06,Solano,95,438530,163,95,0,95,1
2020-04-06,Sonoma,97,501317,167,102,0,102,1
2020-04-06,Stanislaus,99,539301,171,72,3,75,0
2020-04-06,Sutter,101,95872,22,14,0,14,2
2020-04-06,Tehama,103,63373,1,1,1,2,0
2020-04-06,Trinity,105,12862,0,0,0,0,0
2020-04-06,Tulare,107,460477,266,126,2,128,5
2020-04-06,Tuolumne,109,53932,3,1,0,1,0
2020-04-06,Ventura,111,848112,391,234,0,234,6
2020-04-06,Yolo,113,214977,93,43,0,43,1
2020-04-06,Yuba,115,75493,14,8,0,8,0
2020-04-05,Alameda,1,1643700,913,475,0,475,12
2020-04-05,Alpine,3,1148,1,1,0,1,0
2020-04-05,Amador,5,37829,6,2,0,2,0
2020-04-05,Butte,7,227075,16,10,1,11,0
2020-04-05,Calaveras,9,45235,9,3,0,3,0
2020-04-05,Colusa,11,21464,3,1,0,1,0
2020-04-05,Contra Costa,13,1133247,624,415,0,415,6
2020-04-05,Del Norte,15,27424,2,1,0,1,0
2020-04-05,El Dorado,17,186661,40,19,0,19,0
2020-04-05,Fresno,19,978130,330,102,3,105,1
2020-04-05,Glenn,21,27897,4,2,0,2,0
2020-04-05,Humboldt,23,135768,55,29,0,29,0
2020-04-05,Imperial,25,180216,120,42,0,42,1
2020-04-05,Inyo,27,18085,11,10,0,10,0
2020-04-05,Kern,29,883053,409,109,0,109,2
2020-04-05,Kings,31,150075,28,4,1,5,0
2020-04-05,Lake,33,64148,4,0,0,0,0
2020-04-05,Lassen,35,31185,1,0,2,2,0
2020-04-05,Los Angeles,37,10098052,10411,5892,16,5908,130
2020-04-05,Madera,39,155013,54,27,0,27,2
2020-04-05,Marin,41,260295,159,113,1,114,6
2020-04-05,Mariposa,43,17540,0,0,0,0,0
2020-04-05,Mendocino,45,87422,6,4,0,4,0
2020-04-05,Merced,47,269075,53,16,0,16,0
2020-04-05,Modoc,49,8938,0,0,0,0,0
2020-04-05,Mono,51,14174,28,18,0,18,1
2020-04-05,Monterey,53,433212,87,61,0,61,2
2020-04-05,Napa,55,140530,39,15,0,15,2
2020-04-05,Nevada,57,99092,36,19,1,20,1
2020-04-05,Orange,59,3164182,1599,820,3,823,15
2020-04-05,Placer,61,380077,134,86,0,86,3
2020-04-05,Plumas,63,18699,3,2,0,2,0
2020-04-05,Riverside,65,2383286,1806,669,5,674,17
2020-04-05,Sacramento,67,1510023,749,393,0,393,11
2020-04-05,San Benito,69,59416,34,22,0,22,1
2020-04-05,San Bernardino,71,2135413,1025,375,0,375,13
2020-04-05,San Diego,73,3302833,1908,1328,0,1328,19
2020-04-05,San Francisco,75,870044,898,559,0,559,6
2020-04-05,San Joaquin,77,732212,315,179,3,182,10
2020-04-05,San Luis Obispo,79,281455,131,83,0,83,1
2020-04-05,San Mateo,81,765935,827,528,2,530,19
2020-04-05,Santa Barbara,83,443738,336,171,0,171,1
2020-04-05,Santa Clara,85,1922200,1624,1052,1,1053,42
2020-04-05,Santa Cruz,87,273765,96,59,0,59,1
2020-04-05,Shasta,89,179085,27,11,0,11,2
2020-04-05,Sierra,91,2930,0,0,0,0,0
2020-04-05,Siskiyou,93,43540,4,3,0,3,0
2020-04-05,Solano,95,438530,159,78,0,78,1
2020-04-05,Sonoma,97,501317,165,88,0,88,1
2020-04-05,Stanislaus,99,539301,157,51,3,54,0
2020-04-05,Sutter,101,95872,22,14,0,14,1
2020-04-05,Tehama,103,63373,1,1,1,2,0
2020-04-05,Trinity,105,12862,0,0,0,0,0
2020-04-05,Tulare,107,460477,234,81,2,83,4
2020-04-05,Tuolumne,109,53932,3,1,0,1,0
2020-04-05,Ventura,111,848112,377,196,0,196,6
2020-04-05,Yolo,113,214977,75,37,0,37,2
2020-04-05,Yuba,115,75493,14,7,0,7,0
2020-04-04,Alameda,1,1643700,890,468,0,468,12
2020-04-04,Alpine,3,1148,1,1,0,1,0
2020-04-04,Amador,5,37829,5,2,0,2,0
2020-04-04,Butte,7,227075,16,10,1,11,0
2020-04-04,Calaveras,9,45235,9,3,0,3,0
2020-04-04,Colusa,11,21464,3,1,0,1,0
2020-04-04,Contra Costa,13,1133247,616,382,0,382,5
2020-04-04,Del Norte,15,27424,2,1,0,1,0
2020-04-04,El Dorado,17,186661,40,19,0,19,0
2020-04-04,Fresno,19,978130,320,102,3,105,1
2020-04-04,Glenn,21,27897,4,2,0,2,0
2020-04-04,Humboldt,23,135768,55,29,0,29,0
2020-04-04,Imperial,25,180216,119,42,0,42,1
2020-04-04,Inyo,27,18085,11,10,0,10,0
2020-04-04,Kern,29,883053,380,103,0,103,2
2020-04-04,Kings,31,150075,28,3,1,4,0
2020-04-04,Lake,33,64148,4,0,0,0,0
2020-04-04,Lassen,35,31185,1,0,2,2,0
2020-04-04,Los Angeles,37,10098052,9794,5275,16,5291,117
2020-04-04,Madera,39,155013,52,27,0,27,2
2020-04-04,Marin,41,260295,157,111,0,111,6
2020-04-04,Mariposa,43,17540,0,0,0,0,0
2020-04-04,Mendocino,45,87422,6,4,0,4,0
2020-04-04,Merced,47,269075,49,11,0,11,0
2020-04-04,Modoc,49,8938,0,0,0,0,0
2020-04-04,Mono,51,14174,28,18,0,18,1
2020-04-04,Monterey,53,433212,84,61,0,61,2
2020-04-04,Napa,55,140530,39,15,0,15,2
2020-04-04,Nevada,57,99092,36,19,1,20,1
2020-04-04,Orange,59,3164182,1557,781,2,783,15
2020-04-04,Placer,61,380077,133,87,0,87,2
2020-04-04,Plumas,63,18699,3,2,0,2,0
2020-04-04,Riverside,65,2383286,1705,652,5,657,15
2020-04-04,Sacramento,67,1510023,731,393,0,393,11
2020-04-04,San Benito,69,59416,34,22,0,22,1
2020-04-04,San Bernardino,71,2135413,977,373,0,373,13
2020-04-04,San Diego,73,3302833,1860,1211,0,1211,18
2020-04-04,San Francisco,75,870044,860,537,0,537,6
2020-04-04,San Joaquin,77,732212,292,171,3,174,10
2020-04-04,San Luis Obispo,79,281455,131,82,0,82,0
2020-04-04,San Mateo,81,765935,815,520,2,522,17
2020-04-04,Santa Barbara,83,443738,327,167,0,167,1
2020-04-04,Santa Clara,85,1922200,1573,1045,1,1046,39
2020-04-04,Santa Cruz,87,273765,96,56,0,56,1
2020-04-04,Shasta,89,179085,26,11,0,11,2
2020-04-04,Sierra,91,2930,0,0,0,0,0
2020-04-04,Siskiyou,93,43540,4,3,0,3,0
2020-04-04,Solano,95,438530,154,79,0,79,1
2020-04-04,Sonoma,97,501317,162,88,0,88,1
2020-04-04,Stanislaus,99,539301,146,51,3,54,0
2020-04-04,Sutter,101,95872,22,14,0,14,1
2020-04-04,Tehama,103,63373,1,1,1,2,0
2020-04-04,Trinity,105,12862,0,0,0,0,0
2020-04-04,Tulare,107,460477,220,79,2,81,4
2020-04-04,Tuolumne,109,53932,3,1,0,1,0
2020-04-04,Ventura,111,848112,364,194,0,194,6
2020-04-04,Yolo,113,214977,73,40,0,40,2
2020-04-04,Yuba,115,75493,13,7,0,7,0
2020-04-03,Alameda,1,1643700,854,395,0,395,11
2020-04-03,Alpine,3,1148,1,1,0,1,0
2020-04-03,Amador,5,37829,5,2,0,2,0
2020-04-03,Butte,7,227075,16,8,1,9,0
2020-04-03,Calaveras,9,45235,9,3,0,3,0
2020-04-03,Colusa,11,21464,3,1,0,1,0
2020-04-03,Contra Costa,13,1133247,593,327,0,327,5
2020-04-03,Del Norte,15,27424,2,1,0,1,0
2020-04-03,El Dorado,17,186661,38,16,0,16,0
2020-04-03,Fresno,19,978130,308,98,3,101,1
2020-04-03,Glenn,21,27897,4,2,0,2,0
2020-04-03,Humboldt,23,135768,55,34,0,34,0
2020-04-03,Imperial,25,180216,110,35,0,35,0
2020-04-03,Inyo,27,18085,11,10,0,10,0
2020-04-03,Kern,29,883053,354,87,0,87,1
2020-04-03,Kings,31,150075,26,3,1,4,0
2020-04-03,Lake,33,64148,3,0,0,0,0
2020-04-03,Lassen,35,31185,1,0,2,2,0
2020-04-03,Los Angeles,37,10098052,9179,4566,16,4582,91
2020-04-03,Madera,39,155013,51,28,0,28,2
2020-04-03,Marin,41,260295,155,106,0,106,6
2020-04-03,Mariposa,43,17540,0,0,0,0,0
2020-04-03,Mendocino,45,87422,6,4,0,4,0
2020-04-03,Merced,47,269075,46,9,0,9,0
2020-04-03,Modoc,49,8938,0,0,0,0,0
2020-04-03,Mono,51,14174,28,18,0,18,1
2020-04-03,Monterey,53,433212,81,58,0,58,2
2020-04-03,Napa,55,140530,38,13,0,13,1
2020-04-03,Nevada,57,99092,36,19,1,20,1
2020-04-03,Orange,59,3164182,1518,713,2,715,13
2020-04-03,Placer,61,380077,129,76,0,76,2
2020-04-03,Plumas,63,18699,3,2,0,2,0
2020-04-03,Riverside,65,2383286,1626,540,5,545,14
2020-04-03,Sacramento,67,1510023,709,363,0,363,11
2020-04-03,San Benito,69,59416,34,22,0,22,1
2020-04-03,San Bernardino,71,2135413,932,356,0,356,11
2020-04-03,San Diego,73,3302833,1800,1114,0,1114,17
2020-04-03,San Francisco,75,870044,835,506,0,506,6
2020-04-03,San Joaquin,77,732212,280,162,3,165,10
2020-04-03,San Luis Obispo,79,281455,131,82,0,82,0
2020-04-03,San Mateo,81,765935,798,474,2,476,13
2020-04-03,Santa Barbara,83,443738,315,154,0,154,1
2020-04-03,Santa Clara,85,1922200,1539,983,1,984,39
2020-04-03,Santa Cruz,87,273765,96,52,0,52,1
2020-04-03,Shasta,89,179085,26,10,0,10,1
2020-04-03,Sierra,91,2930,0,0,0,0,0
2020-04-03,Siskiyou,93,43540,4,3,0,3,0
2020-04-03,Solano,95,438530,146,72,0,72,1
2020-04-03,Sonoma,97,501317,162,84,0,84,1
2020-04-03,Stanislaus,99,539301,140,48,3,51,0
2020-04-03,Sutter,101,95872,22,12,0,12,1
2020-04-03,Tehama,103,63373,1,1,1,2,0
2020-04-03,Trinity,105,12862,0,0,0,0,0
2020-04-03,Tulare,107,460477,207,73,2,75,3
2020-04-03,Tuolumne,109,53932,3,1,0,1,0
2020-04-03,Ventura,111,848112,354,186,0,186,6
2020-04-03,Yolo,113,214977,72,33,0,33,1
2020-04-03,Yuba,115,75493,13,6,0,6,0
2020-04-02,Alameda,1,1643700,803,345,0,345,10
2020-04-02,Alpine,3,1148,1,1,0,1,0
2020-04-02,Amador,5,37829,5,2,0,2,0
2020-04-02,Butte,7,227075,16,7,0,7,0
2020-04-02,Calaveras,9,45235,7,3,0,3,0
2020-04-02,Colusa,11,21464,3,1,0,1,0
2020-04-02,Contra Costa,13,1133247,563,297,0,297,3
2020-04-02,Del Norte,15,27424,2,0,0,0,0
2020-04-02,El Dorado,17,186661,36,16,0,16,0
2020-04-02,Fresno,19,978130,291,92,3,95,0
2020-04-02,Glenn,21,27897,3,2,0,2,0
2020-04-02,Humboldt,23,135768,51,23,0,23,0
2020-04-02,Imperial,25,180216,106,24,0,24,0
2020-04-02,Inyo,27,18085,10,8,0,8,0
2020-04-02,Kern,29,883053,327,74,0,74,0
2020-04-02,Kings,31,150075,26,3,1,4,0
2020-04-02,Lake,33,64148,3,0,0,0,0
2020-04-02,Lassen,35,31185,1,0,2,2,0
2020-04-02,Los Angeles,37,10098052,8348,4040,16,4056,79
2020-04-02,Madera,39,155013,49,25,0,25,1
2020-04-02,Marin,41,260295,149,102,0,102,1
2020-04-02,Mariposa,43,17540,0,0,0,0,0
2020-04-02,Mendocino,45,87422,6,4,0,4,0
2020-04-02,Merced,47,269075,41,9,0,9,0
2020-04-02,Modoc,49,8938,0,0,0,0,0
2020-04-02,Mono,51,14174,28,16,0,16,1
2020-04-02,Monterey,53,433212,79,50,0,50,2
2020-04-02,Napa,55,140530,38,13,0,13,0
2020-04-02,Nevada,57,99092,35,17,1,18,0
2020-04-02,Orange,59,3164182,1466,640,2,642,12
2020-04-02,Placer,61,380077,128,72,0,72,2
2020-04-02,Plumas,63,18699,3,1,0,1,0
2020-04-02,Riverside,65,2383286,1510,438,5,443,13
2020-04-02,Sacramento,67,1510023,691,322,0,322,9
2020-04-02,San Benito,69,59416,32,18,0,18,1
2020-04-02,San Bernardino,71,2135413,877,335,0,335,8
2020-04-02,San Diego,73,3302833,1733,968,0,968,16
2020-04-02,San Francisco,75,870044,808,473,0,473,6
2020-04-02,San Joaquin,77,732212,262,148,3,151,9
2020-04-02,San Luis Obispo,79,281455,126,79,0,79,0
2020-04-02,San Mateo,81,765935,777,423,2,425,13
2020-04-02,Santa Barbara,83,443738,302,125,0,125,1
2020-04-02,Santa Clara,85,1922200,1489,908,1,909,38
2020-04-02,Santa Cruz,87,273765,94,49,0,49,1
2020-04-02,Shasta,89,179085,25,7,0,7,1
2020-04-02,Sierra,91,2930,0,0,0,0,0
2020-04-02,Siskiyou,93,43540,4,3,0,3,0
2020-04-02,Solano,95,438530,136,65,0,65,0
2020-04-02,Sonoma,97,501317,158,76,0,76,1
2020-04-02,Stanislaus,99,539301,129,40,3,43,0
2020-04-02,Sutter,101,95872,21,10,0,10,1
2020-04-02,Tehama,103,63373,1,1,1,2,0
2020-04-02,Trinity,105,12862,0,0,0,0,0
2020-04-02,Tulare,107,460477,180,64,2,66,1
2020-04-02,Tuolumne,109,53932,3,1,0,1,0
2020-04-02,Ventura,111,848112,336,178,0,178,5
2020-04-02,Yolo,113,214977,70,29,0,29,1
2020-04-02,Yuba,115,75493,10,5,0,5,0
2020-04-01,Alameda,1,1643700,777,287,0,287,8
2020-04-01,Alpine,3,1148,1,1,0,1,0
2020-04-01,Amador,5,37829,5,1,0,1,0
2020-04-01,Butte,7,227075,16,6,0,6,0
2020-04-01,Calaveras,9,45235,6,3,0,3,0
2020-04-01,Colusa,11,21464,3,1,0,1,0
2020-04-01,Contra Costa,13,1133247,519,267,0,267,3
2020-04-01,Del Norte,15,27424,2,0,0,0,0
2020-04-01,El Dorado,17,186661,35,14,0,14,0
2020-04-01,Fresno,19,978130,271,75,2,77,0
2020-04-01,Glenn,21,27897,3,2,0,2,0
2020-04-01,Humboldt,23,135768,51,19,0,19,0
2020-04-01,Imperial,25,180216,99,25,0,25,0
2020-04-01,Inyo,27,18085,10,8,0,8,0
2020-04-01,Kern,29,883053,301,53,0,53,0
2020-04-01,Kings,31,150075,24,3,1,4,0
2020-04-01,Lake,33,64148,3,0,0,0,0
2020-04-01,Lassen,35,31185,1,0,2,2,0
2020-04-01,Los Angeles,37,10098052,7695,3502,16,3518,66
2020-04-01,Madera,39,155013,47,17,0,17,1
2020-04-01,Marin,41,260295,145,87,0,87,1
2020-04-01,Mariposa,43,17540,0,0,0,0,0
2020-04-01,Mendocino,45,87422,6,4,0,4,0
2020-04-01,Merced,47,269075,38,7,0,7,0
2020-04-01,Modoc,49,8938,0,0,0,0,0
2020-04-01,Mono,51,14174,28,12,0,12,1
2020-04-01,Monterey,53,433212,78,47,0,47,2
2020-04-01,Napa,55,140530,36,11,0,11,0
2020-04-01,Nevada,57,99092,35,15,1,16,0
2020-04-01,Orange,59,3164182,1412,579,2,581,11
2020-04-01,Placer,61,380077,127,52,0,52,2
2020-04-01,Plumas,63,18699,3,1,0,1,0
2020-04-01,Riverside,65,2383286,1342,306,5,311,11
2020-04-01,Sacramento,67,1510023,659,299,0,299,8
2020-04-01,San Benito,69,59416,29,14,0,14,1
2020-04-01,San Bernardino,71,2135413,828,245,0,245,5
2020-04-01,San Diego,73,3302833,1663,851,0,851,11
2020-04-01,San Francisco,75,870044,780,432,0,432,6
2020-04-01,San Joaquin,77,732212,251,132,3,135,8
2020-04-01,San Luis Obispo,79,281455,120,69,0,69,0
2020-04-01,San Mateo,81,765935,759,354,2,356,13
2020-04-01,Santa Barbara,83,443738,284,103,0,103,0
2020-04-01,Santa Clara,85,1922200,1449,805,1,806,33
2020-04-01,Santa Cruz,87,273765,89,44,0,44,1
2020-04-01,Shasta,89,179085,24,5,0,5,1
2020-04-01,Sierra,91,2930,0,0,0,0,0
2020-04-01,Siskiyou,93,43540,4,3,0,3,0
2020-04-01,Solano,95,438530,131,57,0,57,0
2020-04-01,Sonoma,97,501317,154,60,0,60,1
2020-04-01,Stanislaus,99,539301,118,29,3,32,0
2020-04-01,Sutter,101,95872,21,9,0,9,1
2020-04-01,Tehama,103,63373,1,0,1,1,0
2020-04-01,Trinity,105,12862,0,0,0,0,0
2020-04-01,Tulare,107,460477,145,43,2,45,1
2020-04-01,Tuolumne,109,53932,3,1,0,1,0
2020-04-01,Ventura,111,848112,323,154,0,154,5
2020-04-01,Yolo,113,214977,65,22,0,22,1
2020-04-01,Yuba,115,75493,9,5,0,5,0
2020-03-31,Alameda,1,1643700,709,269,0,269,7
2020-03-31,Alpine,3,1148,1,1,0,1,0
2020-03-31,Amador,5,37829,5,1,0,1,0
2020-03-31,Butte,7,227075,16,6,0,6,0
2020-03-31,Calaveras,9,45235,6,3,0,3,0
2020-03-31,Colusa,11,21464,3,1,0,1,0
2020-03-31,Contra Costa,13,1133247,494,246,0,246,3
2020-03-31,Del Norte,15,27424,1,0,0,0,0
2020-03-31,El Dorado,17,186661,31,14,0,14,0
2020-03-31,Fresno,19,978130,246,59,2,61,0
2020-03-31,Glenn,21,27897,3,2,0,2,0
2020-03-31,Humboldt,23,135768,51,18,0,18,0
2020-03-31,Imperial,25,180216,94,17,0,17,0
2020-03-31,Inyo,27,18085,10,8,0,8,0
2020-03-31,Kern,29,883053,278,47,0,47,0
2020-03-31,Kings,31,150075,22,2,1,3,0
2020-03-31,Lake,33,64148,1,0,0,0,0
2020-03-31,Lassen,35,31185,1,0,2,2,0
2020-03-31,Los Angeles,37,10098052,7031,3001,16,3017,53
2020-03-31,Madera,39,155013,46,17,0,17,1
2020-03-31,Marin,41,260295,136,85,0,85,1
2020-03-31,Mariposa,43,17540,0,0,0,0,0
2020-03-31,Mendocino,45,87422,6,4,0,4,0
2020-03-31,Merced,47,269075,33,6,0,6,0
2020-03-31,Modoc,49,8938,0,0,0,0,0
2020-03-31,Mono,51,14174,26,12,0,12,0
2020-03-31,Monterey,53,433212,76,43,0,43,2
2020-03-31,Napa,55,140530,35,9,0,9,0
2020-03-31,Nevada,57,99092,35,15,1,16,0
2020-03-31,Orange,59,3164182,1344,506,2,508,7
2020-03-31,Placer,61,380077,120,49,0,49,2
2020-03-31,Plumas,63,18699,1,0,0,0,0
2020-03-31,Riverside,65,2383286,1195,284,5,289,8
2020-03-31,Sacramento,67,1510023,607,271,0,271,8
2020-03-31,San Benito,69,59416,29,14,0,14,1
2020-03-31,San Bernardino,71,2135413,744,193,0,193,5
2020-03-31,San Diego,73,3302833,1581,736,0,736,9
2020-03-31,San Francisco,75,870044,745,404,0,404,5
2020-03-31,San Joaquin,77,732212,235,122,3,125,7
2020-03-31,San Luis Obispo,79,281455,117,67,0,67,0
2020-03-31,San Mateo,81,765935,740,297,2,299,12
2020-03-31,Santa Barbara,83,443738,267,89,0,89,0
2020-03-31,Santa Clara,85,1922200,1400,777,1,778,30
2020-03-31,Santa Cruz,87,273765,83,40,0,40,1
2020-03-31,Shasta,89,179085,21,5,0,5,1
2020-03-31,Sierra,91,2930,0,0,0,0,0
2020-03-31,Siskiyou,93,43540,4,3,0,3,0
2020-03-31,Solano,95,438530,117,56,0,56,0
2020-03-31,Sonoma,97,501317,149,58,0,58,1
2020-03-31,Stanislaus,99,539301,103,28,3,31,0
2020-03-31,Sutter,101,95872,21,8,0,8,0
2020-03-31,Tehama,103,63373,1,0,1,1,0
2020-03-31,Trinity,105,12862,0,0,0,0,0
2020-03-31,Tulare,107,460477,124,42,2,44,1
2020-03-31,Tuolumne,109,53932,3,1,0,1,0
2020-03-31,Ventura,111,848112,312,143,0,143,4
2020-03-31,Yolo,113,214977,58,21,0,21,1
2020-03-31,Yuba,115,75493,9,5,0,5,0
2020-03-30,Alameda,1,1643700,669,250,0,250,7
2020-03-30,Alpine,3,1148,1,1,0,1,0
2020-03-30,Amador,5,37829,5,1,0,1,0
2020-03-30,Butte,7,227075,14,5,0,5,0
2020-03-30,Calaveras,9,45235,6,3,0,3,0
2020-03-30,Colusa,11,21464,3,1,0,1,0
2020-03-30,Contra Costa,13,1133247,468,212,0,212,3
2020-03-30,Del Norte,15,27424,0,0,0,0,0
2020-03-30,El Dorado,17,186661,31,11,0,11,0
2020-03-30,Fresno,19,978130,222,46,2,48,0
2020-03-30,Glenn,21,27897,3,2,0,2,0
2020-03-30,Humboldt,23,135768,49,11,0,11,0
2020-03-30,Imperial,25,180216,90,9,0,9,0
2020-03-30,Inyo,27,18085,10,5,0,5,0
2020-03-30,Kern,29,883053,245,30,0,30,0
2020-03-30,Kings,31,150075,22,1,1,2,0
2020-03-30,Lake,33,64148,1,0,0,0,0
2020-03-30,Lassen,35,31185,1,0,1,1,0
2020-03-30,Los Angeles,37,10098052,6378,2467,16,2483,44
2020-03-30,Madera,39,155013,45,14,0,14,1
2020-03-30,Marin,41,260295,129,78,0,78,0
2020-03-30,Mariposa,43,17540,0,0,0,0,0
2020-03-30,Mendocino,45,87422,5,2,0,2,0
2020-03-30,Merced,47,269075,29,6,0,6,0
2020-03-30,Modoc,49,8938,0,0,0,0,0
2020-03-30,Mono,51,14174,26,11,0,11,0
2020-03-30,Monterey,53,433212,71,41,0,41,1
2020-03-30,Napa,55,140530,34,9,0,9,0
2020-03-30,Nevada,57,99092,34,14,1,15,0
2020-03-30,Orange,59,3164182,1279,418,2,420,5
2020-03-30,Placer,61,380077,117,44,0,44,2
2020-03-30,Plumas,63,18699,1,0,0,0,0
2020-03-30,Riverside,65,2383286,1115,204,5,209,7
2020-03-30,Sacramento,67,1510023,583,238,0,238,8
2020-03-30,San Benito,69,59416,29,11,0,11,1
2020-03-30,San Bernardino,71,2135413,700,145,0,145,4
2020-03-30,San Diego,73,3302833,1511,605,0,605,7
2020-03-30,San Francisco,75,870044,705,368,0,368,5
2020-03-30,San Joaquin,77,732212,228,112,3,115,5
2020-03-30,San Luis Obispo,79,281455,115,62,0,62,0
2020-03-30,San Mateo,81,765935,716,257,2,259,11
2020-03-30,Santa Barbara,83,443738,257,79,0,79,0
2020-03-30,Santa Clara,85,1922200,1369,745,1,746,31
2020-03-30,Santa Cruz,87,273765,80,36,0,36,1
2020-03-30,Shasta,89,179085,20,4,0,4,1
2020-03-30,Sierra,91,2930,0,0,0,0,0
2020-03-30,Siskiyou,93,43540,4,2,0,2,0
2020-03-30,Solano,95,438530,111,50,0,50,0
2020-03-30,Sonoma,97,501317,146,57,0,57,1
2020-03-30,Stanislaus,99,539301,96,28,3,31,0
2020-03-30,Sutter,101,95872,20,6,0,6,0
2020-03-30,Tehama,103,63373,1,0,1,1,0
2020-03-30,Trinity,105,12862,0,0,0,0,0
2020-03-30,Tulare,107,460477,114,40,2,42,1
2020-03-30,Tuolumne,109,53932,3,1,0,1,0
2020-03-30,Ventura,111,848112,301,118,0,118,2
2020-03-30,Yolo,113,214977,56,17,0,17,1
2020-03-30,Yuba,115,75493,8,5,0,5,0
2020-03-29,Alameda,1,1643700,635,207,0,207,6
2020-03-29,Alpine,3,1148,1,0,0,0,0
2020-03-29,Amador,5,37829,5,1,0,1,0
2020-03-29,Butte,7,227075,14,4,0,4,0
2020-03-29,Calaveras,9,45235,6,2,0,2,0
2020-03-29,Colusa,11,21464,3,1,0,1,0
2020-03-29,Contra Costa,13,1133247,438,187,0,187,3
2020-03-29,Del Norte,15,27424,0,0,0,0,0
2020-03-29,El Dorado,17,186661,30,9,0,9,0
2020-03-29,Fresno,19,978130,198,31,2,33,0
2020-03-29,Glenn,21,27897,2,1,0,1,0
2020-03-29,Humboldt,23,135768,46,9,0,9,0
2020-03-29,Imperial,25,180216,84,9,0,9,0
2020-03-29,Inyo,27,18085,9,0,0,0,0
2020-03-29,Kern,29,883053,227,20,0,20,0
2020-03-29,Kings,31,150075,19,1,1,2,0
2020-03-29,Lake,33,64148,0,0,0,0,0
2020-03-29,Lassen,35,31185,1,0,1,1,0
2020-03-29,Los Angeles,37,10098052,5734,2119,16,2135,37
2020-03-29,Madera,39,155013,40,11,0,11,1
2020-03-29,Marin,41,260295,124,60,0,60,0
2020-03-29,Mariposa,43,17540,0,0,0,0,0
2020-03-29,Mendocino,45,87422,5,2,0,2,0
2020-03-29,Merced,47,269075,28,4,0,4,0
2020-03-29,Modoc,49,8938,0,0,0,0,0
2020-03-29,Mono,51,14174,26,8,0,8,0
2020-03-29,Monterey,53,433212,66,36,0,36,1
2020-03-29,Napa,55,140530,32,5,0,5,0
2020-03-29,Nevada,57,99092,32,13,1,14,0
2020-03-29,Orange,59,3164182,1206,343,2,345,2
2020-03-29,Placer,61,380077,116,35,0,35,2
2020-03-29,Plumas,63,18699,1,0,0,0,0
2020-03-29,Riverside,65,2383286,991,122,5,127,7
2020-03-29,Sacramento,67,1510023,543,217,0,217,7
2020-03-29,San Benito,69,59416,28,10,0,10,1
2020-03-29,San Bernardino,71,2135413,648,94,0,94,2
2020-03-29,San Diego,73,3302833,1439,521,0,521,7
2020-03-29,San Francisco,75,870044,661,333,0,333,5
2020-03-29,San Joaquin,77,732212,219,86,3,89,4
2020-03-29,San Luis Obispo,79,281455,110,55,0,55,0
2020-03-29,San Mateo,81,765935,691,234,2,236,12
2020-03-29,Santa Barbara,83,443738,246,52,0,52,0
2020-03-29,Santa Clara,85,1922200,1314,591,1,592,30
2020-03-29,Santa Cruz,87,273765,80,33,0,33,1
2020-03-29,Shasta,89,179085,19,4,0,4,1
2020-03-29,Sierra,91,2930,0,0,0,0,0
2020-03-29,Siskiyou,93,43540,4,2,0,2,0
2020-03-29,Solano,95,438530,103,48,0,48,0
2020-03-29,Sonoma,97,501317,144,35,0,35,1
2020-03-29,Stanislaus,99,539301,91,19,3,22,0
2020-03-29,Sutter,101,95872,17,6,0,6,0
2020-03-29,Tehama,103,63373,1,0,1,1,0
2020-03-29,Trinity,105,12862,0,0,0,0,0
2020-03-29,Tulare,107,460477,95,24,2,26,1
2020-03-29,Tuolumne,109,53932,2,1,0,1,0
2020-03-29,Ventura,111,848112,274,92,0,92,2
2020-03-29,Yolo,113,214977,51,13,0,13,1
2020-03-29,Yuba,115,75493,8,3,0,3,0
2020-03-28,Alameda,1,1643700,608,410,0,410,12
2020-03-28,Alpine,3,1148,1,0,0,0,0
2020-03-28,Amador,5,37829,5,2,0,2,0
2020-03-28,Butte,7,227075,14,8,0,8,0
2020-03-28,Calaveras,9,45235,6,4,0,4,0
2020-03-28,Colusa,11,21464,3,2,0,2,0
2020-03-28,Contra Costa,13,1133247,415,350,0,350,4
2020-03-28,Del Norte,15,27424,0,0,0,0,0
2020-03-28,El Dorado,17,186661,29,18,0,18,0
2020-03-28,Fresno,19,978130,188,62,2,64,0
2020-03-28,Glenn,21,27897,2,2,0,2,0
2020-03-28,Humboldt,23,135768,46,18,0,18,0
2020-03-28,Imperial,25,180216,79,18,0,18,0
2020-03-28,Inyo,27,18085,9,0,0,0,0
2020-03-28,Kern,29,883053,210,40,0,40,0
2020-03-28,Kings,31,150075,18,2,1,3,0
2020-03-28,Lake,33,64148,0,0,0,0,0
2020-03-28,Lassen,35,31185,1,0,1,1,0
2020-03-28,Los Angeles,37,10098052,5349,3600,15,3615,64
2020-03-28,Madera,39,155013,40,22,0,22,2
2020-03-28,Marin,41,260295,119,116,0,116,0
2020-03-28,Mariposa,43,17540,0,0,0,0,0
2020-03-28,Mendocino,45,87422,5,4,0,4,0
2020-03-28,Merced,47,269075,27,8,0,8,0
2020-03-28,Modoc,49,8938,0,0,0,0,0
2020-03-28,Mono,51,14174,24,12,0,12,0
2020-03-28,Monterey,53,433212,65,64,0,64,2
2020-03-28,Napa,55,140530,27,10,0,10,0
2020-03-28,Nevada,57,99092,32,22,1,23,0
2020-03-28,Orange,59,3164182,1170,656,2,658,4
2020-03-28,Placer,61,380077,111,70,0,70,2
2020-03-28,Plumas,63,18699,1,0,0,0,0
2020-03-28,Riverside,65,2383286,923,242,5,247,14
2020-03-28,Sacramento,67,1510023,525,406,0,406,14
2020-03-28,San Benito,69,59416,28,20,0,20,2
2020-03-28,San Bernardino,71,2135413,600,162,0,162,4
2020-03-28,San Diego,73,3302833,1380,980,0,980,14
2020-03-28,San Francisco,75,870044,637,600,0,600,6
2020-03-28,San Joaquin,77,732212,212,166,3,169,8
2020-03-28,San Luis Obispo,79,281455,108,104,0,104,0
2020-03-28,San Mateo,81,765935,671,462,2,464,17
2020-03-28,Santa Barbara,83,443738,235,98,0,98,0
2020-03-28,Santa Clara,85,1922200,1295,1174,1,1175,54
2020-03-28,Santa Cruz,87,273765,79,62,0,62,0
2020-03-28,Shasta,89,179085,19,8,0,8,2
2020-03-28,Sierra,91,2930,0,0,0,0,0
2020-03-28,Siskiyou,93,43540,4,4,0,4,0
2020-03-28,Solano,95,438530,99,96,0,96,0
2020-03-28,Sonoma,97,501317,142,70,0,70,2
2020-03-28,Stanislaus,99,539301,86,34,3,37,0
2020-03-28,Sutter,101,95872,17,6,0,6,0
2020-03-28,Tehama,103,63373,1,0,1,1,0
2020-03-28,Trinity,105,12862,0,0,0,0,0
2020-03-28,Tulare,107,460477,89,46,2,48,0
2020-03-28,Tuolumne,109,53932,2,2,0,2,0
2020-03-28,Ventura,111,848112,270,178,0,178,4
2020-03-28,Yolo,113,214977,50,26,0,26,2
2020-03-28,Yuba,115,75493,8,6,0,6,0
2020-03-27,Alameda,1,1643700,589,185,0,185,4
2020-03-27,Alpine,3,1148,1,0,0,0,0
2020-03-27,Amador,5,37829,4,1,0,1,0
2020-03-27,Butte,7,227075,12,4,0,4,0
2020-03-27,Calaveras,9,45235,6,2,0,2,0
2020-03-27,Colusa,11,21464,3,0,0,0,0
2020-03-27,Contra Costa,13,1133247,394,161,0,161,2
2020-03-27,Del Norte,15,27424,0,0,0,0,0
2020-03-27,El Dorado,17,186661,27,9,0,9,0
2020-03-27,Fresno,19,978130,176,29,1,30,0
2020-03-27,Glenn,21,27897,2,0,0,0,0
2020-03-27,Humboldt,23,135768,42,9,0,9,0
2020-03-27,Imperial,25,180216,74,9,0,9,0
2020-03-27,Inyo,27,18085,9,0,0,0,0
2020-03-27,Kern,29,883053,197,20,0,20,0
2020-03-27,Kings,31,150075,17,0,1,1,0
2020-03-27,Lake,33,64148,0,0,0,0,0
2020-03-27,Lassen,35,31185,1,0,1,1,0
2020-03-27,Los Angeles,37,10098052,4936,1474,15,1489,26
2020-03-27,Madera,39,155013,38,10,0,10,1
2020-03-27,Marin,41,260295,114,58,0,58,0
2020-03-27,Mariposa,43,17540,0,0,0,0,0
2020-03-27,Mendocino,45,87422,5,2,0,2,0
2020-03-27,Merced,47,269075,26,3,0,3,0
2020-03-27,Modoc,49,8938,0,0,0,0,0
2020-03-27,Mono,51,14174,24,6,0,6,0
2020-03-27,Monterey,53,433212,62,26,0,26,1
2020-03-27,Napa,55,140530,27,5,0,5,0
2020-03-27,Nevada,57,99092,32,6,1,7,0
2020-03-27,Orange,59,3164182,1117,299,2,301,2
2020-03-27,Placer,61,380077,108,33,0,33,1
2020-03-27,Plumas,63,18699,0,0,0,0,0
2020-03-27,Riverside,65,2383286,867,121,5,126,7
2020-03-27,Sacramento,67,1510023,502,163,0,163,6
2020-03-27,San Benito,69,59416,27,9,0,9,1
2020-03-27,San Bernardino,71,2135413,510,77,0,77,2
2020-03-27,San Diego,73,3302833,1323,419,0,419,5
2020-03-27,San Francisco,75,870044,612,285,0,285,2
2020-03-27,San Joaquin,77,732212,201,73,3,76,3
2020-03-27,San Luis Obispo,79,281455,106,46,0,46,0
2020-03-27,San Mateo,81,765935,645,213,2,215,7
2020-03-27,Santa Barbara,83,443738,219,37,0,37,0
2020-03-27,Santa Clara,85,1922200,1258,557,1,558,25
2020-03-27,Santa Cruz,87,273765,78,31,0,31,0
2020-03-27,Shasta,89,179085,16,3,0,3,1
2020-03-27,Sierra,91,2930,0,0,0,0,0
2020-03-27,Siskiyou,93,43540,4,2,0,2,0
2020-03-27,Solano,95,438530,93,48,0,48,0
2020-03-27,Sonoma,97,501317,134,35,0,35,1
2020-03-27,Stanislaus,99,539301,84,16,3,19,0
2020-03-27,Sutter,101,95872,16,2,0,2,0
2020-03-27,Tehama,103,63373,1,0,1,1,0
2020-03-27,Trinity,105,12862,0,0,0,0,0
2020-03-27,Tulare,107,460477,81,15,2,17,0
2020-03-27,Tuolumne,109,53932,2,1,0,1,0
2020-03-27,Ventura,111,848112,261,80,0,80,2
2020-03-27,Yolo,113,214977,49,13,0,13,1
2020-03-27,Yuba,115,75493,7,3,0,3,0
2020-03-26,Alameda,1,1643700,549,172,0,172,4
2020-03-26,Alpine,3,1148,1,0,0,0,0
2020-03-26,Amador,5,37829,4,1,0,1,0
2020-03-26,Butte,7,227075,12,4,0,4,0
2020-03-26,Calaveras,9,45235,6,2,0,2,0
2020-03-26,Colusa,11,21464,3,0,0,0,0
2020-03-26,Contra Costa,13,1133247,384,147,0,147,2
2020-03-26,Del Norte,15,27424,0,0,0,0,0
2020-03-26,El Dorado,17,186661,26,7,0,7,0
2020-03-26,Fresno,19,978130,167,25,1,26,0
2020-03-26,Glenn,21,27897,2,0,0,0,0
2020-03-26,Humboldt,23,135768,38,8,0,8,0
2020-03-26,Imperial,25,180216,70,8,0,8,0
2020-03-26,Inyo,27,18085,8,0,0,0,0
2020-03-26,Kern,29,883053,181,20,0,20,0
2020-03-26,Kings,31,150075,17,0,1,1,0
2020-03-26,Lake,33,64148,0,0,0,0,0
2020-03-26,Lassen,35,31185,1,0,1,1,0
2020-03-26,Los Angeles,37,10098052,4537,1075,15,1090,19
2020-03-26,Madera,39,155013,36,8,0,8,0
2020-03-26,Marin,41,260295,105,56,0,56,0
2020-03-26,Mariposa,43,17540,0,0,0,0,0
2020-03-26,Mendocino,45,87422,4,1,0,1,0
2020-03-26,Merced,47,269075,23,1,0,1,0
2020-03-26,Modoc,49,8938,0,0,0,0,0
2020-03-26,Mono,51,14174,23,5,0,5,0
2020-03-26,Monterey,53,433212,59,25,0,25,1
2020-03-26,Napa,55,140530,26,5,0,5,0
2020-03-26,Nevada,57,99092,32,7,1,8,0
2020-03-26,Orange,59,3164182,1055,279,2,281,1
2020-03-26,Placer,61,380077,104,34,0,34,1
2020-03-26,Plumas,63,18699,0,0,0,0,0
2020-03-26,Riverside,65,2383286,797,118,5,123,7
2020-03-26,Sacramento,67,1510023,469,147,0,147,5
2020-03-26,San Benito,69,59416,27,8,0,8,1
2020-03-26,San Bernardino,71,2135413,444,57,0,57,1
2020-03-26,San Diego,73,3302833,1256,299,0,299,2
2020-03-26,San Francisco,75,870044,585,261,0,261,1
2020-03-26,San Joaquin,77,732212,190,69,3,72,3
2020-03-26,San Luis Obispo,79,281455,101,38,0,38,0
2020-03-26,San Mateo,81,765935,612,122,2,124,5
2020-03-26,Santa Barbara,83,443738,203,33,0,33,0
2020-03-26,Santa Clara,85,1922200,1215,487,1,488,20
2020-03-26,Santa Cruz,87,273765,74,30,0,30,0
2020-03-26,Shasta,89,179085,16,3,0,3,1
2020-03-26,Sierra,91,2930,0,0,0,0,0
2020-03-26,Siskiyou,93,43540,4,2,0,2,0
2020-03-26,Solano,95,438530,85,41,0,41,0
2020-03-26,Sonoma,97,501317,129,33,0,33,1
2020-03-26,Stanislaus,99,539301,82,15,3,18,0
2020-03-26,Sutter,101,95872,12,2,0,2,0
2020-03-26,Tehama,103,63373,1,0,1,1,0
2020-03-26,Trinity,105,12862,0,0,0,0,0
2020-03-26,Tulare,107,460477,74,15,2,17,0
2020-03-26,Tuolumne,109,53932,2,0,0,0,0
2020-03-26,Ventura,111,848112,245,70,0,70,1
2020-03-26,Yolo,113,214977,45,13,0,13,1
2020-03-26,Yuba,115,75493,7,3,0,3,0
2020-03-25,Alameda,1,1643700,528,134,0,134,3
2020-03-25,Alpine,3,1148,1,0,0,0,0
2020-03-25,Amador,5,37829,4,1,0,1,0
2020-03-25,Butte,7,227075,12,4,0,4,0
2020-03-25,Calaveras,9,45235,6,2,0,2,0
2020-03-25,Colusa,11,21464,2,0,0,0,0
2020-03-25,Contra Costa,13,1133247,370,131,0,131,1
2020-03-25,Del Norte,15,27424,0,0,0,0,0
2020-03-25,El Dorado,17,186661,26,5,0,5,0
2020-03-25,Fresno,19,978130,151,21,1,22,0
2020-03-25,Glenn,21,27897,2,0,0,0,0
2020-03-25,Humboldt,23,135768,35,3,0,3,0
2020-03-25,Imperial,25,180216,62,8,0,8,0
2020-03-25,Inyo,27,18085,5,0,0,0,0
2020-03-25,Kern,29,883053,161,13,0,13,0
2020-03-25,Kings,31,150075,16,0,1,1,0
2020-03-25,Lake,33,64148,0,0,0,0,0
2020-03-25,Lassen,35,31185,1,0,1,1,0
2020-03-25,Los Angeles,37,10098052,4142,725,15,740,10
2020-03-25,Madera,39,155013,34,6,0,6,0
2020-03-25,Marin,41,260295,99,47,0,47,0
2020-03-25,Mariposa,43,17540,0,0,0,0,0
2020-03-25,Mendocino,45,87422,3,1,0,1,0
2020-03-25,Merced,47,269075,19,0,0,0,0
2020-03-25,Modoc,49,8938,0,0,0,0,0
2020-03-25,Mono,51,14174,22,4,0,4,0
2020-03-25,Monterey,53,433212,56,23,0,23,1
2020-03-25,Napa,55,140530,26,5,0,5,0
2020-03-25,Nevada,57,99092,31,5,1,6,0
2020-03-25,Orange,59,3164182,997,214,2,216,1
2020-03-25,Placer,61,380077,98,30,0,30,1
2020-03-25,Plumas,63,18699,0,1,0,1,0
2020-03-25,Riverside,65,2383286,726,87,5,92,5
2020-03-25,Sacramento,67,1510023,443,114,0,114,5
2020-03-25,San Benito,69,59416,26,4,0,4,1
2020-03-25,San Bernardino,71,2135413,405,46,0,46,1
2020-03-25,San Diego,73,3302833,1194,238,0,238,2
2020-03-25,San Francisco,75,870044,544,212,0,212,1
2020-03-25,San Joaquin,77,732212,177,64,3,67,2
2020-03-25,San Luis Obispo,79,281455,96,35,0,35,0
2020-03-25,San Mateo,81,765935,577,111,2,113,5
2020-03-25,Santa Barbara,83,443738,192,25,0,25,0
2020-03-25,Santa Clara,85,1922200,1171,452,1,453,20
2020-03-25,Santa Cruz,87,273765,71,26,0,26,0
2020-03-25,Shasta,89,179085,15,3,0,3,1
2020-03-25,Sierra,91,2930,0,0,0,0,0
2020-03-25,Siskiyou,93,43540,4,2,0,2,0
2020-03-25,Solano,95,438530,80,39,0,39,0
2020-03-25,Sonoma,97,501317,124,31,0,31,1
2020-03-25,Stanislaus,99,539301,75,14,3,17,0
2020-03-25,Sutter,101,95872,9,1,0,1,0
2020-03-25,Tehama,103,63373,1,0,1,1,0
2020-03-25,Trinity,105,12862,0,0,0,0,0
2020-03-25,Tulare,107,460477,64,11,2,13,0
2020-03-25,Tuolumne,109,53932,2,0,0,0,0
2020-03-25,Ventura,111,848112,229,53,0,53,1
2020-03-25,Yolo,113,214977,43,9,0,9,1
2020-03-25,Yuba,115,75493,7,2,0,2,0
2020-03-24,Alameda,1,1643700,496,96,0,96,2
2020-03-24,Alpine,3,1148,1,0,0,0,0
2020-03-24,Amador,5,37829,2,1,0,1,0
2020-03-24,Butte,7,227075,11,3,0,3,0
2020-03-24,Calaveras,9,45235,5,2,0,2,0
2020-03-24,Colusa,11,21464,2,0,0,0,0
2020-03-24,Contra Costa,13,1133247,356,108,0,108,1
2020-03-24,Del Norte,15,27424,0,0,0,0,0
2020-03-24,El Dorado,17,186661,26,3,0,3,0
2020-03-24,Fresno,19,978130,132,18,1,19,0
2020-03-24,Glenn,21,27897,2,0,0,0,0
2020-03-24,Humboldt,23,135768,33,2,0,2,0
2020-03-24,Imperial,25,180216,59,3,0,3,0
2020-03-24,Inyo,27,18085,5,0,0,0,0
2020-03-24,Kern,29,883053,143,5,0,5,0
2020-03-24,Kings,31,150075,15,0,1,1,0
2020-03-24,Lake,33,64148,0,0,0,0,0
2020-03-24,Lassen,35,31185,1,0,1,1,0
2020-03-24,Los Angeles,37,10098052,3692,633,15,648,7
2020-03-24,Madera,39,155013,33,6,0,6,0
2020-03-24,Marin,41,260295,88,44,0,44,0
2020-03-24,Mariposa,43,17540,0,0,0,0,0
2020-03-24,Mendocino,45,87422,3,1,0,1,0
2020-03-24,Merced,47,269075,17,0,0,0,0
2020-03-24,Modoc,49,8938,0,0,0,0,0
2020-03-24,Mono,51,14174,21,1,0,1,0
2020-03-24,Monterey,53,433212,52,23,0,23,1
2020-03-24,Napa,55,140530,23,2,0,2,0
2020-03-24,Nevada,57,99092,30,4,1,5,0
2020-03-24,Orange,59,3164182,935,166,2,168,0
2020-03-24,Placer,61,380077,92,22,0,22,1
2020-03-24,Plumas,63,18699,0,1,0,1,0
2020-03-24,Riverside,65,2383286,659,56,5,61,5
2020-03-24,Sacramento,67,1510023,424,93,0,93,4
2020-03-24,San Benito,69,59416,25,4,0,4,1
2020-03-24,San Bernardino,71,2135413,361,27,0,27,0
2020-03-24,San Diego,73,3302833,1127,231,0,231,2
2020-03-24,San Francisco,75,870044,512,181,0,181,1
2020-03-24,San Joaquin,77,732212,166,52,3,55,2
2020-03-24,San Luis Obispo,79,281455,94,32,0,32,0
2020-03-24,San Mateo,81,765935,536,100,2,102,2
2020-03-24,Santa Barbara,83,443738,186,20,0,20,0
2020-03-24,Santa Clara,85,1922200,1102,389,1,390,17
2020-03-24,Santa Cruz,87,273765,66,22,0,22,0
2020-03-24,Shasta,89,179085,14,3,0,3,0
2020-03-24,Sierra,91,2930,0,0,0,0,0
2020-03-24,Siskiyou,93,43540,4,2,0,2,0
2020-03-24,Solano,95,438530,78,34,0,34,0
2020-03-24,Sonoma,97,501317,117,27,0,27,1
2020-03-24,Stanislaus,99,539301,66,13,3,16,0
2020-03-24,Sutter,101,95872,9,0,0,0,0
2020-03-24,Tehama,103,63373,1,0,1,1,0
2020-03-24,Trinity,105,12862,0,0,0,0,0
2020-03-24,Tulare,107,460477,56,10,2,12,0
2020-03-24,Tuolumne,109,53932,2,0,0,0,0
2020-03-24,Ventura,111,848112,213,44,0,44,1
2020-03-24,Yolo,113,214977,39,8,0,8,0
2020-03-24,Yuba,115,75493,7,2,0,2,0
2020-03-23,Alameda,1,1643700,466,88,0,88,1
2020-03-23,Alpine,3,1148,1,0,0,0,0
2020-03-23,Amador,5,37829,2,1,0,1,0
2020-03-23,Butte,7,227075,11,2,0,2,0
2020-03-23,Calaveras,9,45235,5,2,0,2,0
2020-03-23,Colusa,11,21464,1,0,0,0,0
2020-03-23,Contra Costa,13,1133247,336,91,0,91,2
2020-03-23,Del Norte,15,27424,0,0,0,0,0
2020-03-23,El Dorado,17,186661,25,3,0,3,0
2020-03-23,Fresno,19,978130,122,10,1,11,0
2020-03-23,Glenn,21,27897,2,0,0,0,0
2020-03-23,Humboldt,23,135768,31,2,0,2,0
2020-03-23,Imperial,25,180216,55,2,0,2,0
2020-03-23,Inyo,27,18085,3,0,0,0,0
2020-03-23,Kern,29,883053,129,5,0,5,0
2020-03-23,Kings,31,150075,15,0,1,1,0
2020-03-23,Lake,33,64148,0,0,0,0,0
2020-03-23,Lassen,35,31185,1,0,1,1,0
2020-03-23,Los Angeles,37,10098052,3388,389,15,404,4
2020-03-23,Madera,39,155013,33,4,0,4,0
2020-03-23,Marin,41,260295,83,30,0,30,0
2020-03-23,Mariposa,43,17540,0,0,0,0,0
2020-03-23,Mendocino,45,87422,3,1,0,1,0
2020-03-23,Merced,47,269075,11,0,0,0,0
2020-03-23,Modoc,49,8938,0,0,0,0,0
2020-03-23,Mono,51,14174,19,1,0,1,0
2020-03-23,Monterey,53,433212,47,14,0,14,1
2020-03-23,Napa,55,140530,21,1,0,1,0
2020-03-23,Nevada,57,99092,27,2,1,3,0
2020-03-23,Orange,59,3164182,881,138,2,140,0
2020-03-23,Placer,61,380077,89,19,0,19,1
2020-03-23,Plumas,63,18699,0,0,0,0,0
2020-03-23,Riverside,65,2383286,618,39,5,44,5
2020-03-23,Sacramento,67,1510023,391,87,0,87,4
2020-03-23,San Benito,69,59416,24,4,0,4,1
2020-03-23,San Bernardino,71,2135413,331,17,0,17,0
2020-03-23,San Diego,73,3302833,1068,178,0,178,1
2020-03-23,San Francisco,75,870044,483,152,0,152,0
2020-03-23,San Joaquin,77,732212,154,37,3,40,2
2020-03-23,San Luis Obispo,79,281455,88,23,0,23,0
2020-03-23,San Mateo,81,765935,498,88,2,90,1
2020-03-23,Santa Barbara,83,443738,165,18,0,18,0
2020-03-23,Santa Clara,85,1922200,1055,336,1,337,13
2020-03-23,Santa Cruz,87,273765,64,21,0,21,0
2020-03-23,Shasta,89,179085,12,2,0,2,0
2020-03-23,Sierra,91,2930,0,0,0,0,0
2020-03-23,Siskiyou,93,43540,4,2,0,2,0
2020-03-23,Solano,95,438530,74,33,0,33,0
2020-03-23,Sonoma,97,501317,105,19,0,19,1
2020-03-23,Stanislaus,99,539301,58,10,3,13,0
2020-03-23,Sutter,101,95872,9,0,0,0,0
2020-03-23,Tehama,103,63373,1,0,1,1,0
2020-03-23,Trinity,105,12862,0,0,0,0,0
2020-03-23,Tulare,107,460477,50,9,2,11,0
2020-03-23,Tuolumne,109,53932,2,0,0,0,0
2020-03-23,Ventura,111,848112,196,30,0,30,0
2020-03-23,Yolo,113,214977,38,8,0,8,0
2020-03-23,Yuba,115,75493,7,2,0,2,0
2020-03-22,Alameda,1,1643700,427,72,0,72,1
2020-03-22,Alpine,3,1148,1,0,0,0,0
2020-03-22,Amador,5,37829,2,1,0,1,0
2020-03-22,Butte,7,227075,8,1,0,1,0
2020-03-22,Calaveras,9,45235,4,2,0,2,0
2020-03-22,Colusa,11,21464,1,0,0,0,0
2020-03-22,Contra Costa,13,1133247,309,79,0,79,1
2020-03-22,Del Norte,15,27424,0,0,0,0,0
2020-03-22,El Dorado,17,186661,23,1,0,1,0
2020-03-22,Fresno,19,978130,103,8,1,9,0
2020-03-22,Glenn,21,27897,2,0,0,0,0
2020-03-22,Humboldt,23,135768,28,1,0,1,0
2020-03-22,Imperial,25,180216,53,2,0,2,0
2020-03-22,Inyo,27,18085,1,0,0,0,0
2020-03-22,Kern,29,883053,113,3,0,3,0
2020-03-22,Kings,31,150075,13,0,1,1,0
2020-03-22,Lake,33,64148,0,0,0,0,0
2020-03-22,Lassen,35,31185,1,0,1,1,0
2020-03-22,Los Angeles,37,10098052,3065,384,15,399,3
2020-03-22,Madera,39,155013,31,4,0,4,0
2020-03-22,Marin,41,260295,73,30,0,30,0
2020-03-22,Mariposa,43,17540,0,0,0,0,0
2020-03-22,Mendocino,45,87422,3,1,0,1,0
2020-03-22,Merced,47,269075,7,0,0,0,0
2020-03-22,Modoc,49,8938,0,0,0,0,0
2020-03-22,Mono,51,14174,14,1,0,1,0
2020-03-22,Monterey,53,433212,45,14,0,14,1
2020-03-22,Napa,55,140530,17,1,0,1,0
2020-03-22,Nevada,57,99092,23,2,1,3,0
2020-03-22,Orange,59,3164182,815,102,2,104,0
2020-03-22,Placer,61,380077,87,18,0,18,1
2020-03-22,Plumas,63,18699,0,0,0,0,0
2020-03-22,Riverside,65,2383286,540,26,3,29,5
2020-03-22,Sacramento,67,1510023,360,82,0,82,4
2020-03-22,San Benito,69,59416,19,4,0,4,1
2020-03-22,San Bernardino,71,2135413,288,16,0,16,0
2020-03-22,San Diego,73,3302833,980,161,0,161,0
2020-03-22,San Francisco,75,870044,446,134,0,134,0
2020-03-22,San Joaquin,77,732212,140,30,3,33,2
2020-03-22,San Luis Obispo,79,281455,83,19,0,19,0
2020-03-22,San Mateo,81,765935,465,82,2,84,1
2020-03-22,Santa Barbara,83,443738,147,16,0,16,0
2020-03-22,Santa Clara,85,1922200,993,284,1,285,13
2020-03-22,Santa Cruz,87,273765,63,19,0,19,0
2020-03-22,Shasta,89,179085,12,1,0,1,0
2020-03-22,Sierra,91,2930,0,0,0,0,0
2020-03-22,Siskiyou,93,43540,4,2,0,2,0
2020-03-22,Solano,95,438530,65,30,0,30,0
2020-03-22,Sonoma,97,501317,100,18,0,18,1
2020-03-22,Stanislaus,99,539301,52,8,3,11,0
2020-03-22,Sutter,101,95872,8,0,0,0,0
2020-03-22,Tehama,103,63373,0,0,1,1,0
2020-03-22,Trinity,105,12862,0,0,0,0,0
2020-03-22,Tulare,107,460477,46,5,2,7,0
2020-03-22,Tuolumne,109,53932,2,0,0,0,0
2020-03-22,Ventura,111,848112,174,26,0,26,0
2020-03-22,Yolo,113,214977,32,6,0,6,0
2020-03-22,Yuba,115,75493,7,2,0,2,0
2020-03-21,Alameda,1,1643700,404,62,0,62,0
2020-03-21,Alpine,3,1148,1,0,0,0,0
2020-03-21,Amador,5,37829,2,1,0,1,0
2020-03-21,Butte,7,227075,7,1,0,1,0
2020-03-21,Calaveras,9,45235,4,2,0,2,0
2020-03-21,Colusa,11,21464,1,0,0,0,0
2020-03-21,Contra Costa,13,1133247,298,62,0,62,1
2020-03-21,Del Norte,15,27424,0,0,0,0,0
2020-03-21,El Dorado,17,186661,20,1,0,1,0
2020-03-21,Fresno,19,978130,99,8,1,9,0
2020-03-21,Glenn,21,27897,2,0,0,0,0
2020-03-21,Humboldt,23,135768,25,1,0,1,0
2020-03-21,Imperial,25,180216,49,2,0,2,0
2020-03-21,Inyo,27,18085,1,0,0,0,0
2020-03-21,Kern,29,883053,107,3,0,3,0
2020-03-21,Kings,31,150075,13,0,1,1,0
2020-03-21,Lake,33,64148,0,0,0,0,0
2020-03-21,Lassen,35,31185,1,0,1,1,0
2020-03-21,Los Angeles,37,10098052,2793,322,15,337,2
2020-03-21,Madera,39,155013,31,4,0,4,0
2020-03-21,Marin,41,260295,68,30,0,30,0
2020-03-21,Mariposa,43,17540,0,0,0,0,0
2020-03-21,Mendocino,45,87422,3,1,0,1,0
2020-03-21,Merced,47,269075,6,0,0,0,0
2020-03-21,Modoc,49,8938,0,0,0,0,0
2020-03-21,Mono,51,14174,14,1,0,1,0
2020-03-21,Monterey,53,433212,43,8,0,8,1
2020-03-21,Napa,55,140530,17,0,0,0,0
2020-03-21,Nevada,57,99092,23,2,1,3,0
2020-03-21,Orange,59,3164182,766,85,2,87,0
2020-03-21,Placer,61,380077,78,11,0,11,1
2020-03-21,Plumas,63,18699,0,0,0,0,0
2020-03-21,Riverside,65,2383286,496,20,3,23,3
2020-03-21,Sacramento,67,1510023,332,66,0,66,3
2020-03-21,San Benito,69,59416,17,4,0,4,1
2020-03-21,San Bernardino,71,2135413,268,13,0,13,0
2020-03-21,San Diego,73,3302833,903,121,0,121,0
2020-03-21,San Francisco,75,870044,410,106,0,106,0
2020-03-21,San Joaquin,77,732212,131,26,3,29,2
2020-03-21,San Luis Obispo,79,281455,79,16,0,16,0
2020-03-21,San Mateo,81,765935,427,78,2,80,1
2020-03-21,Santa Barbara,83,443738,132,8,0,8,0
2020-03-21,Santa Clara,85,1922200,932,269,1,270,10
2020-03-21,Santa Cruz,87,273765,61,17,0,17,0
2020-03-21,Shasta,89,179085,11,1,0,1,0
2020-03-21,Sierra,91,2930,0,0,0,0,0
2020-03-21,Siskiyou,93,43540,4,0,0,0,0
2020-03-21,Solano,95,438530,63,30,0,30,0
2020-03-21,Sonoma,97,501317,99,15,0,15,1
2020-03-21,Stanislaus,99,539301,46,7,3,10,0
2020-03-21,Sutter,101,95872,7,0,0,0,0
2020-03-21,Tehama,103,63373,0,0,1,1,0
2020-03-21,Trinity,105,12862,0,0,0,0,0
2020-03-21,Tulare,107,460477,42,5,2,7,0
2020-03-21,Tuolumne,109,53932,2,0,0,0,0
2020-03-21,Ventura,111,848112,166,22,0,22,0
2020-03-21,Yolo,113,214977,32,6,0,6,0
2020-03-21,Yuba,115,75493,7,1,0,1,0
2020-03-20,Alameda,1,1643700,383,42,0,42,0
2020-03-20,Alpine,3,1148,1,0,0,0,0
2020-03-20,Amador,5,37829,1,0,0,0,0
2020-03-20,Butte,7,227075,7,0,0,0,0
2020-03-20,Calaveras,9,45235,4,2,0,2,0
2020-03-20,Colusa,11,21464,1,0,0,0,0
2020-03-20,Contra Costa,13,1133247,269,52,0,52,1
2020-03-20,Del Norte,15,27424,0,0,0,0,0
2020-03-20,El Dorado,17,186661,19,1,0,1,0
2020-03-20,Fresno,19,978130,96,7,1,8,0
2020-03-20,Glenn,21,27897,1,0,0,0,0
2020-03-20,Humboldt,23,135768,25,1,0,1,0
2020-03-20,Imperial,25,180216,48,2,0,2,0
2020-03-20,Inyo,27,18085,0,0,0,0,0
2020-03-20,Kern,29,883053,92,3,0,3,0
2020-03-20,Kings,31,150075,13,0,1,1,0
2020-03-20,Lake,33,64148,0,0,0,0,0
2020-03-20,Lassen,35,31185,1,0,1,1,0
2020-03-20,Los Angeles,37,10098052,2568,267,14,281,1
2020-03-20,Madera,39,155013,30,4,0,4,0
2020-03-20,Marin,41,260295,65,30,0,30,0
2020-03-20,Mariposa,43,17540,0,0,0,0,0
2020-03-20,Mendocino,45,87422,3,1,0,1,0
2020-03-20,Merced,47,269075,6,0,0,0,0
2020-03-20,Modoc,49,8938,0,0,0,0,0
2020-03-20,Mono,51,14174,14,0,0,0,0
2020-03-20,Monterey,53,433212,42,4,0,4,0
2020-03-20,Napa,55,140530,16,0,0,0,0
2020-03-20,Nevada,57,99092,20,2,1,3,0
2020-03-20,Orange,59,3164182,719,71,2,73,2
2020-03-20,Placer,61,380077,72,9,0,9,1
2020-03-20,Plumas,63,18699,0,0,0,0,0
2020-03-20,Riverside,65,2383286,443,19,3,22,3
2020-03-20,Sacramento,67,1510023,311,56,0,56,4
2020-03-20,San Benito,69,59416,17,4,0,4,1
2020-03-20,San Bernardino,71,2135413,241,9,0,9,0
2020-03-20,San Diego,73,3302833,851,98,0,98,0
2020-03-20,San Francisco,75,870044,378,87,0,87,0
2020-03-20,San Joaquin,77,732212,116,18,3,21,2
2020-03-20,San Luis Obispo,79,281455,76,11,0,11,0
2020-03-20,San Mateo,81,765935,397,71,2,73,1
2020-03-20,Santa Barbara,83,443738,116,7,0,7,0
2020-03-20,Santa Clara,85,1922200,896,246,1,247,8
2020-03-20,Santa Cruz,87,273765,59,13,0,13,0
2020-03-20,Shasta,89,179085,10,1,0,1,0
2020-03-20,Sierra,91,2930,0,0,0,0,0
2020-03-20,Siskiyou,93,43540,4,0,0,0,0
2020-03-20,Solano,95,438530,59,29,0,29,0
2020-03-20,Sonoma,97,501317,91,7,0,7,0
2020-03-20,Stanislaus,99,539301,40,7,3,10,0
2020-03-20,Sutter,101,95872,7,0,0,0,0
2020-03-20,Tehama,103,63373,0,0,1,1,0
2020-03-20,Trinity,105,12862,0,0,0,0,0
2020-03-20,Tulare,107,460477,38,4,2,6,0
2020-03-20,Tuolumne,109,53932,2,0,0,0,0
2020-03-20,Ventura,111,848112,156,18,0,18,0
2020-03-20,Yolo,113,214977,30,5,0,5,0
2020-03-20,Yuba,115,75493,6,0,0,0,0
2020-03-19,Alameda,1,1643700,347,36,0,36,0
2020-03-19,Alpine,3,1148,1,0,0,0,0
2020-03-19,Amador,5,37829,1,0,0,0,0
2020-03-19,Butte,7,227075,5,0,0,0,0
2020-03-19,Calaveras,9,45235,4,2,0,2,0
2020-03-19,Colusa,11,21464,0,0,0,0,0
2020-03-19,Contra Costa,13,1133247,253,46,0,46,0
2020-03-19,Del Norte,15,27424,0,0,0,0,0
2020-03-19,El Dorado,17,186661,18,0,0,0,0
2020-03-19,Fresno,19,978130,87,6,1,7,0
2020-03-19,Glenn,21,27897,1,0,0,0,0
2020-03-19,Humboldt,23,135768,23,1,0,1,0
2020-03-19,Imperial,25,180216,41,2,0,2,0
2020-03-19,Inyo,27,18085,0,0,0,0,0
2020-03-19,Kern,29,883053,80,3,0,3,0
2020-03-19,Kings,31,150075,10,0,1,1,0
2020-03-19,Lake,33,64148,0,0,0,0,0
2020-03-19,Lassen,35,31185,0,0,1,1,0
2020-03-19,Los Angeles,37,10098052,2281,233,14,247,0
2020-03-19,Madera,39,155013,29,3,0,3,0
2020-03-19,Marin,41,260295,62,19,0,19,0
2020-03-19,Mariposa,43,17540,0,0,0,0,0
2020-03-19,Mendocino,45,87422,2,1,0,1,0
2020-03-19,Merced,47,269075,5,0,0,0,0
2020-03-19,Modoc,49,8938,0,0,0,0,0
2020-03-19,Mono,51,14174,12,0,0,0,0
2020-03-19,Monterey,53,433212,34,3,0,3,0
2020-03-19,Napa,55,140530,14,0,0,0,0
2020-03-19,Nevada,57,99092,18,2,1,3,0
2020-03-19,Orange,59,3164182,634,59,2,61,0
2020-03-19,Placer,61,380077,64,8,0,8,1
2020-03-19,Plumas,63,18699,0,0,0,0,0
2020-03-19,Riverside,65,2383286,355,14,2,16,3
2020-03-19,Sacramento,67,1510023,278,52,0,52,3
2020-03-19,San Benito,69,59416,14,3,0,3,0
2020-03-19,San Bernardino,71,2135413,211,7,0,7,0
2020-03-19,San Diego,73,3302833,768,68,0,68,0
2020-03-19,San Francisco,75,870044,342,80,0,80,0
2020-03-19,San Joaquin,77,732212,102,15,3,18,2
2020-03-19,San Luis Obispo,79,281455,74,6,0,6,0
2020-03-19,San Mateo,81,765935,362,58,2,60,1
2020-03-19,Santa Barbara,83,443738,101,5,0,5,0
2020-03-19,Santa Clara,85,1922200,830,183,1,184,8
2020-03-19,Santa Cruz,87,273765,56,13,0,13,0
2020-03-19,Shasta,89,179085,9,1,0,1,0
2020-03-19,Sierra,91,2930,0,0,0,0,0
2020-03-19,Siskiyou,93,43540,3,0,0,0,0
2020-03-19,Solano,95,438530,55,26,0,26,0
2020-03-19,Sonoma,97,501317,88,8,0,8,0
2020-03-19,Stanislaus,99,539301,39,7,3,10,0
2020-03-19,Sutter,101,95872,7,0,0,0,0
2020-03-19,Tehama,103,63373,0,0,0,0,0
2020-03-19,Trinity,105,12862,0,0,0,0,0
2020-03-19,Tulare,107,460477,33,3,2,5,0
2020-03-19,Tuolumne,109,53932,2,0,0,0,0
2020-03-19,Ventura,111,848112,134,15,0,15,0
2020-03-19,Yolo,113,214977,26,5,0,5,0
2020-03-19,Yuba,115,75493,5,0,0,0,0
2020-03-18,Alameda,1,1643700,319,29,0,29,0
2020-03-18,Alpine,3,1148,1,0,0,0,0
2020-03-18,Amador,5,37829,1,0,0,0,0
2020-03-18,Butte,7,227075,4,0,0,0,0
2020-03-18,Calaveras,9,45235,4,2,0,2,0
2020-03-18,Colusa,11,21464,0,0,0,0,0
2020-03-18,Contra Costa,13,1133247,232,44,0,44,0
2020-03-18,Del Norte,15,27424,0,0,0,0,0
2020-03-18,El Dorado,17,186661,17,0,0,0,0
2020-03-18,Fresno,19,978130,78,3,1,4,0
2020-03-18,Glenn,21,27897,1,0,0,0,0
2020-03-18,Humboldt,23,135768,19,1,0,1,0
2020-03-18,Imperial,25,180216,34,2,0,2,0
2020-03-18,Inyo,27,18085,0,0,0,0,0
2020-03-18,Kern,29,883053,65,1,0,1,0
2020-03-18,Kings,31,150075,8,0,1,1,0
2020-03-18,Lake,33,64148,0,0,0,0,0
2020-03-18,Lassen,35,31185,0,0,1,1,0
2020-03-18,Los Angeles,37,10098052,2042,47,14,61,0
2020-03-18,Madera,39,155013,28,2,0,2,0
2020-03-18,Marin,41,260295,58,10,0,10,0
2020-03-18,Mariposa,43,17540,0,0,0,0,0
2020-03-18,Mendocino,45,87422,2,0,0,0,0
2020-03-18,Merced,47,269075,5,0,0,0,0
2020-03-18,Modoc,49,8938,0,0,0,0,0
2020-03-18,Mono,51,14174,11,0,0,0,0
2020-03-18,Monterey,53,433212,28,1,0,1,0
2020-03-18,Napa,55,140530,11,0,0,0,0
2020-03-18,Nevada,57,99092,16,2,1,3,0
2020-03-18,Orange,59,3164182,578,38,2,40,0
2020-03-18,Placer,61,380077,57,8,0,8,1
2020-03-18,Plumas,63,18699,0,0,0,0,0
2020-03-18,Riverside,65,2383286,303,11,2,13,2
2020-03-18,Sacramento,67,1510023,255,46,0,46,3
2020-03-18,San Benito,69,59416,13,3,0,3,0
2020-03-18,San Bernardino,71,2135413,189,3,0,3,0
2020-03-18,San Diego,73,3302833,683,40,0,40,0
2020-03-18,San Francisco,75,870044,323,65,0,65,0
2020-03-18,San Joaquin,77,732212,90,14,3,17,2
2020-03-18,San Luis Obispo,79,281455,68,5,0,5,0
2020-03-18,San Mateo,81,765935,339,57,2,59,1
2020-03-18,Santa Barbara,83,443738,88,2,0,2,0
2020-03-18,Santa Clara,85,1922200,781,151,1,152,6
2020-03-18,Santa Cruz,87,273765,54,11,0,11,0
2020-03-18,Shasta,89,179085,8,1,0,1,0
2020-03-18,Sierra,91,2930,0,0,0,0,0
2020-03-18,Siskiyou,93,43540,3,0,0,0,0
2020-03-18,Solano,95,438530,51,26,0,26,0
2020-03-18,Sonoma,97,501317,79,6,0,6,0
2020-03-18,Stanislaus,99,539301,35,5,2,7,0
2020-03-18,Sutter,101,95872,5,0,0,0,0
2020-03-18,Tehama,103,63373,0,0,0,0,0
2020-03-18,Trinity,105,12862,0,0,0,0,0
2020-03-18,Tulare,107,460477,25,3,2,5,0
2020-03-18,Tuolumne,109,53932,2,0,0,0,0
2020-03-18,Ventura,111,848112,115,11,0,11,0
2020-03-18,Yolo,113,214977,23,4,0,4,0
2020-03-18,Yuba,115,75493,4,0,0,0,0
2020-03-17,Alameda,1,1643700,287,19,0,19,0
2020-03-17,Alpine,3,1148,0,0,0,0,0
2020-03-17,Amador,5,37829,1,0,0,0,0
2020-03-17,Butte,7,227075,4,0,0,0,0
2020-03-17,Calaveras,9,45235,4,2,0,2,0
2020-03-17,Colusa,11,21464,0,0,0,0,0
2020-03-17,Contra Costa,13,1133247,210,37,0,37,0
2020-03-17,Del Norte,15,27424,0,0,0,0,0
2020-03-17,El Dorado,17,186661,16,0,0,0,0
2020-03-17,Fresno,19,978130,68,2,1,3,0
2020-03-17,Glenn,21,27897,1,0,0,0,0
2020-03-17,Humboldt,23,135768,17,1,0,1,0
2020-03-17,Imperial,25,180216,28,2,0,2,0
2020-03-17,Inyo,27,18085,0,0,0,0,0
2020-03-17,Kern,29,883053,51,0,0,0,0
2020-03-17,Kings,31,150075,7,0,1,1,0
2020-03-17,Lake,33,64148,0,0,0,0,0
2020-03-17,Lassen,35,31185,0,0,1,1,0
2020-03-17,Los Angeles,37,10098052,1841,41,14,55,0
2020-03-17,Madera,39,155013,21,2,0,2,0
2020-03-17,Marin,41,260295,51,4,0,4,0
2020-03-17,Mariposa,43,17540,0,0,0,0,0
2020-03-17,Mendocino,45,87422,2,0,0,0,0
2020-03-17,Merced,47,269075,5,0,0,0,0
2020-03-17,Modoc,49,8938,0,0,0,0,0
2020-03-17,Mono,51,14174,9,0,0,0,0
2020-03-17,Monterey,53,433212,26,0,0,0,0
2020-03-17,Napa,55,140530,8,0,0,0,0
2020-03-17,Nevada,57,99092,15,1,1,2,0
2020-03-17,Orange,59,3164182,502,24,2,26,0
2020-03-17,Placer,61,380077,47,7,0,7,1
2020-03-17,Plumas,63,18699,0,0,0,0,0
2020-03-17,Riverside,65,2383286,246,11,2,13,0
2020-03-17,Sacramento,67,1510023,235,36,0,36,1
2020-03-17,San Benito,69,59416,12,2,0,2,0
2020-03-17,San Bernardino,71,2135413,161,2,0,2,0
2020-03-17,San Diego,73,3302833,616,17,0,17,0
2020-03-17,San Francisco,75,870044,297,46,0,46,0
2020-03-17,San Joaquin,77,732212,84,11,3,14,0
2020-03-17,San Luis Obispo,79,281455,61,1,0,1,0
2020-03-17,San Mateo,81,765935,307,46,2,48,1
2020-03-17,Santa Barbara,83,443738,75,0,0,0,0
2020-03-17,Santa Clara,85,1922200,724,121,1,122,4
2020-03-17,Santa Cruz,87,273765,51,10,0,10,0
2020-03-17,Shasta,89,179085,4,1,0,1,0
2020-03-17,Sierra,91,2930,0,0,0,0,0
2020-03-17,Siskiyou,93,43540,3,0,0,0,0
2020-03-17,Solano,95,438530,48,27,0,27,0
2020-03-17,Sonoma,97,501317,71,4,0,4,0
2020-03-17,Stanislaus,99,539301,32,4,2,6,0
2020-03-17,Sutter,101,95872,5,0,0,0,0
2020-03-17,Tehama,103,63373,0,0,0,0,0
2020-03-17,Trinity,105,12862,0,0,0,0,0
2020-03-17,Tulare,107,460477,22,2,2,4,0
2020-03-17,Tuolumne,109,53932,2,0,0,0,0
2020-03-17,Ventura,111,848112,98,7,0,7,0
2020-03-17,Yolo,113,214977,19,2,0,2,0
2020-03-17,Yuba,115,75493,4,0,0,0,0
2020-03-16,Alameda,1,1643700,258,17,0,17,0
2020-03-16,Alpine,3,1148,0,0,0,0,0
2020-03-16,Amador,5,37829,1,0,0,0,0
2020-03-16,Butte,7,227075,3,0,0,0,0
2020-03-16,Calaveras,9,45235,4,2,0,2,0
2020-03-16,Colusa,11,21464,0,0,0,0,0
2020-03-16,Contra Costa,13,1133247,186,36,0,36,0
2020-03-16,Del Norte,15,27424,0,0,0,0,0
2020-03-16,El Dorado,17,186661,15,0,0,0,0
2020-03-16,Fresno,19,978130,53,2,1,3,0
2020-03-16,Glenn,21,27897,0,0,0,0,0
2020-03-16,Humboldt,23,135768,13,1,0,1,0
2020-03-16,Imperial,25,180216,23,2,0,2,0
2020-03-16,Inyo,27,18085,0,0,0,0,0
2020-03-16,Kern,29,883053,43,0,0,0,0
2020-03-16,Kings,31,150075,6,0,1,1,0
2020-03-16,Lake,33,64148,0,0,0,0,0
2020-03-16,Lassen,35,31185,0,0,0,0,0
2020-03-16,Los Angeles,37,10098052,1608,43,14,57,0
2020-03-16,Madera,39,155013,20,2,0,2,0
2020-03-16,Marin,41,260295,48,4,0,4,0
2020-03-16,Mariposa,43,17540,0,0,0,0,0
2020-03-16,Mendocino,45,87422,2,0,0,0,0
2020-03-16,Merced,47,269075,5,0,0,0,0
2020-03-16,Modoc,49,8938,0,0,0,0,0
2020-03-16,Mono,51,14174,7,0,0,0,0
2020-03-16,Monterey,53,433212,25,0,0,0,0
2020-03-16,Napa,55,140530,7,0,0,0,0
2020-03-16,Nevada,57,99092,11,1,1,2,0
2020-03-16,Orange,59,3164182,420,18,2,20,0
2020-03-16,Placer,61,380077,39,7,0,7,1
2020-03-16,Plumas,63,18699,0,0,0,0,0
2020-03-16,Riverside,65,2383286,212,10,2,12,0
2020-03-16,Sacramento,67,1510023,208,34,0,34,1
2020-03-16,San Benito,69,59416,8,2,0,2,0
2020-03-16,San Bernardino,71,2135413,141,1,0,1,0
2020-03-16,San Diego,73,3302833,525,17,0,17,0
2020-03-16,San Francisco,75,870044,261,40,0,40,0
2020-03-16,San Joaquin,77,732212,74,9,3,12,0
2020-03-16,San Luis Obispo,79,281455,54,1,0,1,0
2020-03-16,San Mateo,81,765935,269,42,2,44,1
2020-03-16,Santa Barbara,83,443738,63,0,0,0,0
2020-03-16,Santa Clara,85,1922200,649,115,1,116,2
2020-03-16,Santa Cruz,87,273765,44,9,0,9,0
2020-03-16,Shasta,89,179085,4,1,0,1,0
2020-03-16,Sierra,91,2930,0,0,0,0,0
2020-03-16,Siskiyou,93,43540,2,0,0,0,0
2020-03-16,Solano,95,438530,43,27,0,27,0
2020-03-16,Sonoma,97,501317,63,4,0,4,0
2020-03-16,Stanislaus,99,539301,28,2,2,4,0
2020-03-16,Sutter,101,95872,3,0,0,0,0
2020-03-16,Tehama,103,63373,0,0,0,0,0
2020-03-16,Trinity,105,12862,0,0,0,0,0
2020-03-16,Tulare,107,460477,19,2,2,4,0
2020-03-16,Tuolumne,109,53932,2,0,0,0,0
2020-03-16,Ventura,111,848112,88,7,0,7,0
2020-03-16,Yolo,113,214977,18,2,0,2,0
2020-03-16,Yuba,115,75493,3,0,0,0,0
2020-03-15,Alameda,1,1643700,212,17,0,17,0
2020-03-15,Alpine,3,1148,0,0,0,0,0
2020-03-15,Amador,5,37829,1,0,0,0,0
2020-03-15,Butte,7,227075,3,0,0,0,0
2020-03-15,Calaveras,9,45235,2,2,0,2,0
2020-03-15,Colusa,11,21464,0,0,0,0,0
2020-03-15,Contra Costa,13,1133247,161,34,0,34,0
2020-03-15,Del Norte,15,27424,0,0,0,0,0
2020-03-15,El Dorado,17,186661,14,0,0,0,0
2020-03-15,Fresno,19,978130,33,1,1,2,0
2020-03-15,Glenn,21,27897,0,0,0,0,0
2020-03-15,Humboldt,23,135768,11,1,0,1,0
2020-03-15,Imperial,25,180216,18,2,0,2,0
2020-03-15,Inyo,27,18085,0,0,0,0,0
2020-03-15,Kern,29,883053,37,0,0,0,0
2020-03-15,Kings,31,150075,6,0,1,1,0
2020-03-15,Lake,33,64148,0,0,0,0,0
2020-03-15,Lassen,35,31185,0,0,0,0,0
2020-03-15,Los Angeles,37,10098052,1370,41,14,55,0
2020-03-15,Madera,39,155013,19,2,0,2,0
2020-03-15,Marin,41,260295,41,3,0,3,0
2020-03-15,Mariposa,43,17540,0,0,0,0,0
2020-03-15,Mendocino,45,87422,2,0,0,0,0
2020-03-15,Merced,47,269075,3,0,0,0,0
2020-03-15,Modoc,49,8938,0,0,0,0,0
2020-03-15,Mono,51,14174,6,0,0,0,0
2020-03-15,Monterey,53,433212,19,0,0,0,0
2020-03-15,Napa,55,140530,7,0,0,0,0
2020-03-15,Nevada,57,99092,11,0,1,1,0
2020-03-15,Orange,59,3164182,350,16,1,17,0
2020-03-15,Placer,61,380077,33,7,0,7,1
2020-03-15,Plumas,63,18699,0,0,0,0,0
2020-03-15,Riverside,65,2383286,167,10,2,12,0
2020-03-15,Sacramento,67,1510023,172,30,0,30,1
2020-03-15,San Benito,69,59416,8,2,0,2,0
2020-03-15,San Bernardino,71,2135413,119,0,0,0,0
2020-03-15,San Diego,73,3302833,438,16,0,16,0
2020-03-15,San Francisco,75,870044,205,31,0,31,0
2020-03-15,San Joaquin,77,732212,63,6,3,9,0
2020-03-15,San Luis Obispo,79,281455,45,1,0,1,0
2020-03-15,San Mateo,81,765935,235,29,1,30,1
2020-03-15,Santa Barbara,83,443738,53,0,0,0,0
2020-03-15,Santa Clara,85,1922200,578,79,1,80,2
2020-03-15,Santa Cruz,87,273765,38,8,0,8,0
2020-03-15,Shasta,89,179085,4,1,0,1,0
2020-03-15,Sierra,91,2930,0,0,0,0,0
2020-03-15,Siskiyou,93,43540,2,0,0,0,0
2020-03-15,Solano,95,438530,42,26,0,26,0
2020-03-15,Sonoma,97,501317,54,4,0,4,0
2020-03-15,Stanislaus,99,539301,27,2,2,4,0
2020-03-15,Sutter,101,95872,2,0,0,0,0
2020-03-15,Tehama,103,63373,0,0,0,0,0
2020-03-15,Trinity,105,12862,0,0,0,0,0
2020-03-15,Tulare,107,460477,14,2,2,4,0
2020-03-15,Tuolumne,109,53932,1,0,0,0,0
2020-03-15,Ventura,111,848112,77,5,0,5,0
2020-03-15,Yolo,113,214977,15,2,0,2,0
2020-03-15,Yuba,115,75493,2,0,0,0,0
2020-03-14,Alameda,1,1643700,193,11,0,11,0
2020-03-14,Alpine,3,1148,0,0,0,0,0
2020-03-14,Amador,5,37829,1,0,0,0,0
2020-03-14,Butte,7,227075,2,0,0,0,0
2020-03-14,Calaveras,9,45235,2,2,0,2,0
2020-03-14,Colusa,11,21464,0,0,0,0,0
2020-03-14,Contra Costa,13,1133247,139,30,0,30,0
2020-03-14,Del Norte,15,27424,0,0,0,0,0
2020-03-14,El Dorado,17,186661,12,0,0,0,0
2020-03-14,Fresno,19,978130,25,1,1,2,0
2020-03-14,Glenn,21,27897,0,0,0,0,0
2020-03-14,Humboldt,23,135768,7,1,0,1,0
2020-03-14,Imperial,25,180216,14,2,0,2,0
2020-03-14,Inyo,27,18085,0,0,0,0,0
2020-03-14,Kern,29,883053,32,0,0,0,0
2020-03-14,Kings,31,150075,6,0,1,1,0
2020-03-14,Lake,33,64148,0,0,0,0,0
2020-03-14,Lassen,35,31185,0,0,0,0,0
2020-03-14,Los Angeles,37,10098052,1192,35,14,49,0
2020-03-14,Madera,39,155013,19,2,0,2,0
2020-03-14,Marin,41,260295,37,3,0,3,0
2020-03-14,Mariposa,43,17540,0,0,0,0,0
2020-03-14,Mendocino,45,87422,2,0,0,0,0
2020-03-14,Merced,47,269075,3,0,0,0,0
2020-03-14,Modoc,49,8938,0,0,0,0,0
2020-03-14,Mono,51,14174,5,0,0,0,0
2020-03-14,Monterey,53,433212,13,0,0,0,0
2020-03-14,Napa,55,140530,5,0,0,0,0
2020-03-14,Nevada,57,99092,8,0,1,1,0
2020-03-14,Orange,59,3164182,311,14,0,14,0
2020-03-14,Placer,61,380077,29,6,0,6,1
2020-03-14,Plumas,63,18699,0,0,0,0,0
2020-03-14,Riverside,65,2383286,147,10,2,12,0
2020-03-14,Sacramento,67,1510023,150,31,0,31,1
2020-03-14,San Benito,69,59416,8,2,0,2,0
2020-03-14,San Bernardino,71,2135413,101,0,0,0,0
2020-03-14,San Diego,73,3302833,363,10,0,10,0
2020-03-14,San Francisco,75,870044,184,29,0,29,0
2020-03-14,San Joaquin,77,732212,54,6,3,9,0
2020-03-14,San Luis Obispo,79,281455,40,0,0,0,0
2020-03-14,San Mateo,81,765935,212,27,1,28,0
2020-03-14,Santa Barbara,83,443738,41,0,0,0,0
2020-03-14,Santa Clara,85,1922200,522,62,1,63,2
2020-03-14,Santa Cruz,87,273765,33,8,0,8,0
2020-03-14,Shasta,89,179085,4,1,0,1,0
2020-03-14,Sierra,91,2930,0,0,0,0,0
2020-03-14,Siskiyou,93,43540,1,0,0,0,0
2020-03-14,Solano,95,438530,40,26,0,26,0
2020-03-14,Sonoma,97,501317,41,2,0,2,0
2020-03-14,Stanislaus,99,539301,23,2,2,4,0
2020-03-14,Sutter,101,95872,2,0,0,0,0
2020-03-14,Tehama,103,63373,0,0,0,0,0
2020-03-14,Trinity,105,12862,0,0,0,0,0
2020-03-14,Tulare,107,460477,12,2,2,4,0
2020-03-14,Tuolumne,109,53932,1,0,0,0,0
2020-03-14,Ventura,111,848112,68,5,0,5,0
2020-03-14,Yolo,113,214977,15,2,0,2,0
2020-03-14,Yuba,115,75493,1,0,0,0,0
2020-03-13,Alameda,1,1643700,175,12,0,12,0
2020-03-13,Alpine,3,1148,0,0,0,0,0
2020-03-13,Amador,5,37829,1,0,0,0,0
2020-03-13,Butte,7,227075,0,0,0,0,0
2020-03-13,Calaveras,9,45235,2,2,0,2,0
2020-03-13,Colusa,11,21464,0,0,0,0,0
2020-03-13,Contra Costa,13,1133247,125,22,0,22,0
2020-03-13,Del Norte,15,27424,0,0,0,0,0
2020-03-13,El Dorado,17,186661,11,0,0,0,0
2020-03-13,Fresno,19,978130,20,1,1,2,0
2020-03-13,Glenn,21,27897,0,0,0,0,0
2020-03-13,Humboldt,23,135768,7,1,0,1,0
2020-03-13,Imperial,25,180216,13,2,0,2,0
2020-03-13,Inyo,27,18085,0,0,0,0,0
2020-03-13,Kern,29,883053,27,0,0,0,0
2020-03-13,Kings,31,150075,5,0,1,1,0
2020-03-13,Lake,33,64148,0,0,0,0,0
2020-03-13,Lassen,35,31185,0,0,0,0,0
2020-03-13,Los Angeles,37,10098052,1039,30,13,43,0
2020-03-13,Madera,39,155013,18,1,0,1,0
2020-03-13,Marin,41,260295,34,3,0,3,0
2020-03-13,Mariposa,43,17540,0,0,0,0,0
2020-03-13,Mendocino,45,87422,2,0,0,0,0
2020-03-13,Merced,47,269075,2,0,0,0,0
2020-03-13,Modoc,49,8938,0,0,0,0,0
2020-03-13,Mono,51,14174,3,0,0,0,0
2020-03-13,Monterey,53,433212,8,0,0,0,0
2020-03-13,Napa,55,140530,3,0,0,0,0
2020-03-13,Nevada,57,99092,7,0,1,1,0
2020-03-13,Orange,59,3164182,273,10,0,10,0
2020-03-13,Placer,61,380077,26,6,0,6,1
2020-03-13,Plumas,63,18699,0,0,0,0,0
2020-03-13,Riverside,65,2383286,121,5,2,7,0
2020-03-13,Sacramento,67,1510023,129,18,0,18,1
2020-03-13,San Benito,69,59416,6,2,0,2,0
2020-03-13,San Bernardino,71,2135413,94,0,0,0,0
2020-03-13,San Diego,73,3302833,313,8,0,8,0
2020-03-13,San Francisco,75,870044,170,28,0,28,0
2020-03-13,San Joaquin,77,732212,50,6,3,9,0
2020-03-13,San Luis Obispo,79,281455,32,0,0,0,0
2020-03-13,San Mateo,81,765935,191,24,1,25,0
2020-03-13,Santa Barbara,83,443738,37,0,0,0,0
2020-03-13,Santa Clara,85,1922200,460,59,1,60,1
2020-03-13,Santa Cruz,87,273765,32,7,0,7,0
2020-03-13,Shasta,89,179085,3,1,0,1,0
2020-03-13,Sierra,91,2930,0,0,0,0,0
2020-03-13,Siskiyou,93,43540,0,0,0,0,0
2020-03-13,Solano,95,438530,39,26,0,26,0
2020-03-13,Sonoma,97,501317,40,2,0,2,0
2020-03-13,Stanislaus,99,539301,18,2,2,4,0
2020-03-13,Sutter,101,95872,2,0,0,0,0
2020-03-13,Tehama,103,63373,0,0,0,0,0
2020-03-13,Trinity,105,12862,0,0,0,0,0
2020-03-13,Tulare,107,460477,9,2,2,4,0
2020-03-13,Tuolumne,109,53932,1,0,0,0,0
2020-03-13,Ventura,111,848112,54,5,0,5,0
2020-03-13,Yolo,113,214977,15,1,0,1,0
2020-03-13,Yuba,115,75493,1,0,0,0,0
2020-03-12,Alameda,1,1643700,150,9,0,9,0
2020-03-12,Alpine,3,1148,0,0,0,0,0
2020-03-12,Amador,5,37829,1,0,0,0,0
2020-03-12,Butte,7,227075,0,0,0,0,0
2020-03-12,Calaveras,9,45235,2,2,0,2,0
2020-03-12,Colusa,11,21464,0,0,0,0,0
2020-03-12,Contra Costa,13,1133247,108,18,0,18,0
2020-03-12,Del Norte,15,27424,0,0,0,0,0
2020-03-12,El Dorado,17,186661,9,0,0,0,0
2020-03-12,Fresno,19,978130,11,1,1,2,0
2020-03-12,Glenn,21,27897,0,0,0,0,0
2020-03-12,Humboldt,23,135768,6,1,0,1,0
2020-03-12,Imperial,25,180216,12,2,0,2,0
2020-03-12,Inyo,27,18085,0,0,0,0,0
2020-03-12,Kern,29,883053,18,0,0,0,0
2020-03-12,Kings,31,150075,4,0,1,1,0
2020-03-12,Lake,33,64148,0,0,0,0,0
2020-03-12,Lassen,35,31185,0,0,0,0,0
2020-03-12,Los Angeles,37,10098052,880,30,13,43,0
2020-03-12,Madera,39,155013,15,1,0,1,0
2020-03-12,Marin,41,260295,24,1,0,1,0
2020-03-12,Mariposa,43,17540,0,0,0,0,0
2020-03-12,Mendocino,45,87422,2,0,0,0,0
2020-03-12,Merced,47,269075,2,0,0,0,0
2020-03-12,Modoc,49,8938,0,0,0,0,0
2020-03-12,Mono,51,14174,3,0,0,0,0
2020-03-12,Monterey,53,433212,6,0,0,0,0
2020-03-12,Napa,55,140530,3,0,0,0,0
2020-03-12,Nevada,57,99092,4,0,1,1,0
2020-03-12,Orange,59,3164182,237,7,0,7,0
2020-03-12,Placer,61,380077,22,6,0,6,1
2020-03-12,Plumas,63,18699,0,0,0,0,0
2020-03-12,Riverside,65,2383286,98,5,1,6,0
2020-03-12,Sacramento,67,1510023,105,17,0,17,1
2020-03-12,San Benito,69,59416,5,2,0,2,0
2020-03-12,San Bernardino,71,2135413,78,0,0,0,0
2020-03-12,San Diego,73,3302833,258,9,0,9,0
2020-03-12,San Francisco,75,870044,147,20,0,20,0
2020-03-12,San Joaquin,77,732212,44,3,3,6,1
2020-03-12,San Luis Obispo,79,281455,25,0,0,0,0
2020-03-12,San Mateo,81,765935,157,21,1,22,0
2020-03-12,Santa Barbara,83,443738,25,0,0,0,0
2020-03-12,Santa Clara,85,1922200,402,51,1,52,1
2020-03-12,Santa Cruz,87,273765,29,5,0,5,0
2020-03-12,Shasta,89,179085,2,1,0,1,0
2020-03-12,Sierra,91,2930,0,0,0,0,0
2020-03-12,Siskiyou,93,43540,0,0,0,0,0
2020-03-12,Solano,95,438530,34,26,0,26,0
2020-03-12,Sonoma,97,501317,34,2,0,2,0
2020-03-12,Stanislaus,99,539301,16,2,2,4,0
2020-03-12,Sutter,101,95872,0,0,0,0,0
2020-03-12,Tehama,103,63373,0,0,0,0,0
2020-03-12,Trinity,105,12862,0,0,0,0,0
2020-03-12,Tulare,107,460477,9,1,1,2,0
2020-03-12,Tuolumne,109,53932,1,0,0,0,0
2020-03-12,Ventura,111,848112,45,3,0,3,0
2020-03-12,Yolo,113,214977,14,1,0,1,0
2020-03-12,Yuba,115,75493,1,0,0,0,0
2020-03-11,Alameda,1,1643700,118,5,0,5,0
2020-03-11,Alpine,3,1148,0,0,0,0,0
2020-03-11,Amador,5,37829,1,0,0,0,0
2020-03-11,Butte,7,227075,0,0,0,0,0
2020-03-11,Calaveras,9,45235,2,2,0,2,0
2020-03-11,Colusa,11,21464,0,0,0,0,0
2020-03-11,Contra Costa,13,1133247,93,16,0,16,0
2020-03-11,Del Norte,15,27424,0,0,0,0,0
2020-03-11,El Dorado,17,186661,8,0,0,0,0
2020-03-11,Fresno,19,978130,8,1,1,2,0
2020-03-11,Glenn,21,27897,0,0,0,0,0
2020-03-11,Humboldt,23,135768,6,1,0,1,0
2020-03-11,Imperial,25,180216,10,0,0,0,0
2020-03-11,Inyo,27,18085,0,0,0,0,0
2020-03-11,Kern,29,883053,16,0,0,0,0
2020-03-11,Kings,31,150075,3,0,1,1,0
2020-03-11,Lake,33,64148,0,0,0,0,0
2020-03-11,Lassen,35,31185,0,0,0,0,0
2020-03-11,Los Angeles,37,10098052,712,21,13,34,0
2020-03-11,Madera,39,155013,13,1,0,1,0
2020-03-11,Marin,41,260295,17,1,0,1,0
2020-03-11,Mariposa,43,17540,0,0,0,0,0
2020-03-11,Mendocino,45,87422,1,0,0,0,0
2020-03-11,Merced,47,269075,2,0,0,0,0
2020-03-11,Modoc,49,8938,0,0,0,0,0
2020-03-11,Mono,51,14174,3,0,0,0,0
2020-03-11,Monterey,53,433212,5,0,0,0,0
2020-03-11,Napa,55,140530,2,0,0,0,0
2020-03-11,Nevada,57,99092,4,0,1,1,0
2020-03-11,Orange,59,3164182,205,6,0,6,0
2020-03-11,Placer,61,380077,18,6,0,6,1
2020-03-11,Plumas,63,18699,0,0,0,0,0
2020-03-11,Riverside,65,2383286,75,4,1,5,0
2020-03-11,Sacramento,67,1510023,87,9,0,9,1
2020-03-11,San Benito,69,59416,5,2,0,2,0
2020-03-11,San Bernardino,71,2135413,71,0,0,0,0
2020-03-11,San Diego,73,3302833,208,4,0,4,0
2020-03-11,San Francisco,75,870044,122,17,0,17,0
2020-03-11,San Joaquin,77,732212,33,1,3,4,0
2020-03-11,San Luis Obispo,79,281455,22,0,0,0,0
2020-03-11,San Mateo,81,765935,139,16,0,16,0
2020-03-11,Santa Barbara,83,443738,15,0,0,0,0
2020-03-11,Santa Clara,85,1922200,362,48,1,49,1
2020-03-11,Santa Cruz,87,273765,26,2,0,2,0
2020-03-11,Shasta,89,179085,2,1,0,1,0
2020-03-11,Sierra,91,2930,0,0,0,0,0
2020-03-11,Siskiyou,93,43540,0,0,0,0,0
2020-03-11,Solano,95,438530,29,26,0,26,0
2020-03-11,Sonoma,97,501317,30,2,0,2,0
2020-03-11,Stanislaus,99,539301,16,2,2,4,0
2020-03-11,Sutter,101,95872,0,0,0,0,0
2020-03-11,Tehama,103,63373,0,0,0,0,0
2020-03-11,Trinity,105,12862,0,0,0,0,0
2020-03-11,Tulare,107,460477,8,0,1,1,0
2020-03-11,Tuolumne,109,53932,1,0,0,0,0
2020-03-11,Ventura,111,848112,37,3,0,3,0
2020-03-11,Yolo,113,214977,10,1,0,1,0
2020-03-11,Yuba,115,75493,1,0,0,0,0
2020-03-10,Alameda,1,1643700,98,4,0,4,0
2020-03-10,Alpine,3,1148,0,0,0,0,0
2020-03-10,Amador,5,37829,1,0,0,0,0
2020-03-10,Butte,7,227075,0,0,0,0,0
2020-03-10,Calaveras,9,45235,2,2,0,2,0
2020-03-10,Colusa,11,21464,0,0,0,0,0
2020-03-10,Contra Costa,13,1133247,84,11,0,11,0
2020-03-10,Del Norte,15,27424,0,0,0,0,0
2020-03-10,El Dorado,17,186661,7,0,0,0,0
2020-03-10,Fresno,19,978130,6,1,1,2,0
2020-03-10,Glenn,21,27897,0,0,0,0,0
2020-03-10,Humboldt,23,135768,6,1,0,1,0
2020-03-10,Imperial,25,180216,9,0,0,0,0
2020-03-10,Inyo,27,18085,0,0,0,0,0
2020-03-10,Kern,29,883053,11,0,0,0,0
2020-03-10,Kings,31,150075,3,0,1,1,0
2020-03-10,Lake,33,64148,0,0,0,0,0
2020-03-10,Lassen,35,31185,0,0,0,0,0
2020-03-10,Los Angeles,37,10098052,576,20,13,33,0
2020-03-10,Madera,39,155013,7,1,0,1,0
2020-03-10,Marin,41,260295,16,1,0,1,0
2020-03-10,Mariposa,43,17540,0,0,0,0,0
2020-03-10,Mendocino,45,87422,0,0,0,0,0
2020-03-10,Merced,47,269075,2,0,0,0,0
2020-03-10,Modoc,49,8938,0,0,0,0,0
2020-03-10,Mono,51,14174,3,0,0,0,0
2020-03-10,Monterey,53,433212,3,0,0,0,0
2020-03-10,Napa,55,140530,2,0,0,0,0
2020-03-10,Nevada,57,99092,3,0,1,1,0
2020-03-10,Orange,59,3164182,185,5,0,5,1
2020-03-10,Placer,61,380077,14,7,0,7,1
2020-03-10,Plumas,63,18699,0,0,0,0,0
2020-03-10,Riverside,65,2383286,56,4,1,5,0
2020-03-10,Sacramento,67,1510023,78,8,0,8,0
2020-03-10,San Benito,69,59416,5,2,0,2,0
2020-03-10,San Bernardino,71,2135413,63,0,0,0,0
2020-03-10,San Diego,73,3302833,165,3,0,3,0
2020-03-10,San Francisco,75,870044,91,16,0,16,0
2020-03-10,San Joaquin,77,732212,30,1,3,4,0
2020-03-10,San Luis Obispo,79,281455,15,0,0,0,0
2020-03-10,San Mateo,81,765935,123,11,0,11,0
2020-03-10,Santa Barbara,83,443738,11,0,0,0,0
2020-03-10,Santa Clara,85,1922200,315,45,1,46,1
2020-03-10,Santa Cruz,87,273765,22,2,0,2,0
2020-03-10,Shasta,89,179085,2,1,0,1,0
2020-03-10,Sierra,91,2930,0,0,0,0,0
2020-03-10,Siskiyou,93,43540,0,0,0,0,0
2020-03-10,Solano,95,438530,27,26,0,26,0
2020-03-10,Sonoma,97,501317,27,2,0,2,0
2020-03-10,Stanislaus,99,539301,12,0,2,2,0
2020-03-10,Sutter,101,95872,0,0,0,0,0
2020-03-10,Tehama,103,63373,0,0,0,0,0
2020-03-10,Trinity,105,12862,0,0,0,0,0
2020-03-10,Tulare,107,460477,7,0,1,1,0
2020-03-10,Tuolumne,109,53932,1,0,0,0,0
2020-03-10,Ventura,111,848112,29,1,0,1,0
2020-03-10,Yolo,113,214977,7,2,0,2,0
2020-03-10,Yuba,115,75493,1,0,0,0,0
2020-03-09,Alameda,1,1643700,71,4,0,4,0
2020-03-09,Alpine,3,1148,0,0,0,0,0
2020-03-09,Amador,5,37829,0,0,0,0,0
2020-03-09,Butte,7,227075,0,0,0,0,0
2020-03-09,Calaveras,9,45235,2,0,0,0,0
2020-03-09,Colusa,11,21464,0,0,0,0,0
2020-03-09,Contra Costa,13,1133247,72,9,0,9,0
2020-03-09,Del Norte,15,27424,0,0,0,0,0
2020-03-09,El Dorado,17,186661,5,0,0,0,0
2020-03-09,Fresno,19,978130,6,1,1,2,0
2020-03-09,Glenn,21,27897,0,0,0,0,0
2020-03-09,Humboldt,23,135768,5,1,0,1,0
2020-03-09,Imperial,25,180216,9,0,0,0,0
2020-03-09,Inyo,27,18085,0,0,0,0,0
2020-03-09,Kern,29,883053,8,0,0,0,0
2020-03-09,Kings,31,150075,2,0,1,1,0
2020-03-09,Lake,33,64148,0,0,0,0,0
2020-03-09,Lassen,35,31185,0,0,0,0,0
2020-03-09,Los Angeles,37,10098052,475,17,12,29,0
2020-03-09,Madera,39,155013,7,1,0,1,0
2020-03-09,Marin,41,260295,15,1,0,1,0
2020-03-09,Mariposa,43,17540,0,0,0,0,0
2020-03-09,Mendocino,45,87422,0,0,0,0,0
2020-03-09,Merced,47,269075,2,0,0,0,0
2020-03-09,Modoc,49,8938,0,0,0,0,0
2020-03-09,Mono,51,14174,3,0,0,0,0
2020-03-09,Monterey,53,433212,1,0,0,0,0
2020-03-09,Napa,55,140530,2,0,0,0,0
2020-03-09,Nevada,57,99092,2,0,1,1,0
2020-03-09,Orange,59,3164182,157,4,0,4,0
2020-03-09,Placer,61,380077,12,7,0,7,1
2020-03-09,Plumas,63,18699,0,0,0,0,0
2020-03-09,Riverside,65,2383286,47,4,1,5,0
2020-03-09,Sacramento,67,1510023,74,8,0,8,0
2020-03-09,San Benito,69,59416,3,2,0,2,0
2020-03-09,San Bernardino,71,2135413,52,0,0,0,0
2020-03-09,San Diego,73,3302833,126,2,0,2,0
2020-03-09,San Francisco,75,870044,71,14,0,14,0
2020-03-09,San Joaquin,77,732212,21,0,3,3,0
2020-03-09,San Luis Obispo,79,281455,15,0,0,0,0
2020-03-09,San Mateo,81,765935,109,6,0,6,0
2020-03-09,Santa Barbara,83,443738,9,0,0,0,0
2020-03-09,Santa Clara,85,1922200,271,42,1,43,1
2020-03-09,Santa Cruz,87,273765,19,2,0,2,0
2020-03-09,Shasta,89,179085,2,1,0,1,0
2020-03-09,Sierra,91,2930,0,0,0,0,0
2020-03-09,Siskiyou,93,43540,0,0,0,0,0
2020-03-09,Solano,95,438530,25,26,0,26,0
2020-03-09,Sonoma,97,501317,22,2,0,2,0
2020-03-09,Stanislaus,99,539301,12,0,2,2,0
2020-03-09,Sutter,101,95872,0,0,0,0,0
2020-03-09,Tehama,103,63373,0,0,0,0,0
2020-03-09,Trinity,105,12862,0,0,0,0,0
2020-03-09,Tulare,107,460477,7,0,1,1,0
2020-03-09,Tuolumne,109,53932,1,0,0,0,0
2020-03-09,Ventura,111,848112,25,1,0,1,0
2020-03-09,Yolo,113,214977,6,2,0,2,0
2020-03-09,Yuba,115,75493,0,0,0,0,0
2020-03-08,Alameda,1,1643700,46,4,0,4,0
2020-03-08,Alpine,3,1148,0,0,0,0,0
2020-03-08,Amador,5,37829,0,0,0,0,0
2020-03-08,Butte,7,227075,0,0,0,0,0
2020-03-08,Calaveras,9,45235,2,0,0,0,0
2020-03-08,Colusa,11,21464,0,0,0,0,0
2020-03-08,Contra Costa,13,1133247,58,9,0,9,0
2020-03-08,Del Norte,15,27424,0,0,0,0,0
2020-03-08,El Dorado,17,186661,5,0,0,0,0
2020-03-08,Fresno,19,978130,4,1,1,2,0
2020-03-08,Glenn,21,27897,0,0,0,0,0
2020-03-08,Humboldt,23,135768,5,1,0,1,0
2020-03-08,Imperial,25,180216,9,0,0,0,0
2020-03-08,Inyo,27,18085,0,0,0,0,0
2020-03-08,Kern,29,883053,8,0,0,0,0
2020-03-08,Kings,31,150075,1,0,1,1,0
2020-03-08,Lake,33,64148,0,0,0,0,0
2020-03-08,Lassen,35,31185,0,0,0,0,0
2020-03-08,Los Angeles,37,10098052,383,14,12,26,0
2020-03-08,Madera,39,155013,7,1,0,1,0
2020-03-08,Marin,41,260295,13,1,0,1,0
2020-03-08,Mariposa,43,17540,0,0,0,0,0
2020-03-08,Mendocino,45,87422,0,0,0,0,0
2020-03-08,Merced,47,269075,2,0,0,0,0
2020-03-08,Modoc,49,8938,0,0,0,0,0
2020-03-08,Mono,51,14174,3,0,0,0,0
2020-03-08,Monterey,53,433212,1,0,0,0,0
2020-03-08,Napa,55,140530,2,0,0,0,0
2020-03-08,Nevada,57,99092,1,0,1,1,0
2020-03-08,Orange,59,3164182,132,4,0,4,0
2020-03-08,Placer,61,380077,11,7,0,7,1
2020-03-08,Plumas,63,18699,0,0,0,0,0
2020-03-08,Riverside,65,2383286,40,1,1,2,0
2020-03-08,Sacramento,67,1510023,64,5,0,5,0
2020-03-08,San Benito,69,59416,3,2,0,2,0
2020-03-08,San Bernardino,71,2135413,41,0,0,0,0
2020-03-08,San Diego,73,3302833,92,2,0,2,0
2020-03-08,San Francisco,75,870044,52,9,0,9,0
2020-03-08,San Joaquin,77,732212,18,0,3,3,0
2020-03-08,San Luis Obispo,79,281455,9,0,0,0,0
2020-03-08,San Mateo,81,765935,96,4,0,4,0
2020-03-08,Santa Barbara,83,443738,6,0,0,0,0
2020-03-08,Santa Clara,85,1922200,230,36,1,37,0
2020-03-08,Santa Cruz,87,273765,17,1,0,1,0
2020-03-08,Shasta,89,179085,2,0,0,0,0
2020-03-08,Sierra,91,2930,0,0,0,0,0
2020-03-08,Siskiyou,93,43540,0,0,0,0,0
2020-03-08,Solano,95,438530,24,26,0,26,0
2020-03-08,Sonoma,97,501317,17,2,0,2,0
2020-03-08,Stanislaus,99,539301,11,0,2,2,0
2020-03-08,Sutter,101,95872,0,0,0,0,0
2020-03-08,Tehama,103,63373,0,0,0,0,0
2020-03-08,Trinity,105,12862,0,0,0,0,0
2020-03-08,Tulare,107,460477,7,0,0,0,0
2020-03-08,Tuolumne,109,53932,1,0,0,0,0
2020-03-08,Ventura,111,848112,21,1,0,1,0
2020-03-08,Yolo,113,214977,3,2,0,2,0
2020-03-08,Yuba,115,75493,0,0,0,0,0
2020-03-07,Alameda,1,1643700,41,3,0,3,0
2020-03-07,Alpine,3,1148,0,0,0,0,0
2020-03-07,Amador,5,37829,0,0,0,0,0
2020-03-07,Butte,7,227075,0,0,0,0,0
2020-03-07,Calaveras,9,45235,2,0,0,0,0
2020-03-07,Colusa,11,21464,0,0,0,0,0
2020-03-07,Contra Costa,13,1133247,55,4,0,4,0
2020-03-07,Del Norte,15,27424,0,0,0,0,0
2020-03-07,El Dorado,17,186661,4,0,0,0,0
2020-03-07,Fresno,19,978130,3,1,1,2,0
2020-03-07,Glenn,21,27897,0,0,0,0,0
2020-03-07,Humboldt,23,135768,5,1,0,1,0
2020-03-07,Imperial,25,180216,8,0,0,0,0
2020-03-07,Inyo,27,18085,0,0,0,0,0
2020-03-07,Kern,29,883053,7,0,0,0,0
2020-03-07,Kings,31,150075,1,0,1,1,0
2020-03-07,Lake,33,64148,0,0,0,0,0
2020-03-07,Lassen,35,31185,0,0,0,0,0
2020-03-07,Los Angeles,37,10098052,333,14,12,26,0
2020-03-07,Madera,39,155013,6,1,0,1,0
2020-03-07,Marin,41,260295,11,0,0,0,0
2020-03-07,Mariposa,43,17540,0,0,0,0,0
2020-03-07,Mendocino,45,87422,0,0,0,0,0
2020-03-07,Merced,47,269075,2,0,0,0,0
2020-03-07,Modoc,49,8938,0,0,0,0,0
2020-03-07,Mono,51,14174,3,0,0,0,0
2020-03-07,Monterey,53,433212,1,0,0,0,0
2020-03-07,Napa,55,140530,1,0,0,0,0
2020-03-07,Nevada,57,99092,1,0,1,1,0
2020-03-07,Orange,59,3164182,124,4,0,4,0
2020-03-07,Placer,61,380077,11,6,0,6,1
2020-03-07,Plumas,63,18699,0,0,0,0,0
2020-03-07,Riverside,65,2383286,30,0,1,1,0
2020-03-07,Sacramento,67,1510023,51,4,0,4,0
2020-03-07,San Benito,69,59416,3,2,0,2,0
2020-03-07,San Bernardino,71,2135413,39,0,0,0,0
2020-03-07,San Diego,73,3302833,74,2,0,2,0
2020-03-07,San Francisco,75,870044,46,9,0,9,0
2020-03-07,San Joaquin,77,732212,16,0,3,3,0
2020-03-07,San Luis Obispo,79,281455,6,0,0,0,0
2020-03-07,San Mateo,81,765935,86,1,0,1,0
2020-03-07,Santa Barbara,83,443738,5,0,0,0,0
2020-03-07,Santa Clara,85,1922200,201,31,1,32,0
2020-03-07,Santa Cruz,87,273765,17,1,0,1,0
2020-03-07,Shasta,89,179085,2,0,0,0,0
2020-03-07,Sierra,91,2930,0,0,0,0,0
2020-03-07,Siskiyou,93,43540,0,0,0,0,0
2020-03-07,Solano,95,438530,23,25,0,25,0
2020-03-07,Sonoma,97,501317,13,2,0,2,0
2020-03-07,Stanislaus,99,539301,10,0,2,2,0
2020-03-07,Sutter,101,95872,0,0,0,0,0
2020-03-07,Tehama,103,63373,0,0,0,0,0
2020-03-07,Trinity,105,12862,0,0,0,0,0
2020-03-07,Tulare,107,460477,4,0,0,0,0
2020-03-07,Tuolumne,109,53932,1,0,0,0,0
2020-03-07,Ventura,111,848112,18,1,0,1,0
2020-03-07,Yolo,113,214977,3,2,0,2,0
2020-03-07,Yuba,115,75493,0,0,0,0,0
2020-03-06,Alameda,1,1643700,39,3,0,3,0
2020-03-06,Alpine,3,1148,0,0,0,0,0
2020-03-06,Amador,5,37829,0,0,0,0,0
2020-03-06,Butte,7,227075,0,0,0,0,0
2020-03-06,Calaveras,9,45235,2,0,0,0,0
2020-03-06,Colusa,11,21464,0,0,0,0,0
2020-03-06,Contra Costa,13,1133247,46,4,0,4,0
2020-03-06,Del Norte,15,27424,0,0,0,0,0
2020-03-06,El Dorado,17,186661,3,0,0,0,0
2020-03-06,Fresno,19,978130,2,0,1,1,0
2020-03-06,Glenn,21,27897,0,0,0,0,0
2020-03-06,Humboldt,23,135768,4,1,0,1,0
2020-03-06,Imperial,25,180216,7,0,0,0,0
2020-03-06,Inyo,27,18085,0,0,0,0,0
2020-03-06,Kern,29,883053,6,0,0,0,0
2020-03-06,Kings,31,150075,1,0,1,1,0
2020-03-06,Lake,33,64148,0,0,0,0,0
2020-03-06,Lassen,35,31185,0,0,0,0,0
2020-03-06,Los Angeles,37,10098052,290,13,12,25,0
2020-03-06,Madera,39,155013,5,0,0,0,0
2020-03-06,Marin,41,260295,10,0,0,0,0
2020-03-06,Mariposa,43,17540,0,0,0,0,0
2020-03-06,Mendocino,45,87422,0,0,0,0,0
2020-03-06,Merced,47,269075,2,0,0,0,0
2020-03-06,Modoc,49,8938,0,0,0,0,0
2020-03-06,Mono,51,14174,1,0,0,0,0
2020-03-06,Monterey,53,433212,1,0,0,0,0
2020-03-06,Napa,55,140530,1,0,0,0,0
2020-03-06,Nevada,57,99092,1,0,1,1,0
2020-03-06,Orange,59,3164182,98,4,0,4,0
2020-03-06,Placer,61,380077,10,5,0,5,1
2020-03-06,Plumas,63,18699,0,0,0,0,0
2020-03-06,Riverside,65,2383286,30,0,1,1,0
2020-03-06,Sacramento,67,1510023,42,2,0,2,0
2020-03-06,San Benito,69,59416,3,2,0,2,0
2020-03-06,San Bernardino,71,2135413,37,0,0,0,0
2020-03-06,San Diego,73,3302833,61,2,0,2,0
2020-03-06,San Francisco,75,870044,40,2,0,2,0
2020-03-06,San Joaquin,77,732212,13,0,3,3,0
2020-03-06,San Luis Obispo,79,281455,4,0,0,0,0
2020-03-06,San Mateo,81,765935,78,1,0,1,0
2020-03-06,Santa Barbara,83,443738,3,0,0,0,0
2020-03-06,Santa Clara,85,1922200,183,20,1,21,0
2020-03-06,Santa Cruz,87,273765,15,0,0,0,0
2020-03-06,Shasta,89,179085,2,0,0,0,0
2020-03-06,Sierra,91,2930,0,0,0,0,0
2020-03-06,Siskiyou,93,43540,0,0,0,0,0
2020-03-06,Solano,95,438530,22,25,0,25,0
2020-03-06,Sonoma,97,501317,13,2,0,2,0
2020-03-06,Stanislaus,99,539301,6,0,2,2,0
2020-03-06,Sutter,101,95872,0,0,0,0,0
2020-03-06,Tehama,103,63373,0,0,0,0,0
2020-03-06,Trinity,105,12862,0,0,0,0,0
2020-03-06,Tulare,107,460477,4,0,0,0,0
2020-03-06,Tuolumne,109,53932,1,0,0,0,0
2020-03-06,Ventura,111,848112,15,1,0,1,0
2020-03-06,Yolo,113,214977,3,1,0,1,0
2020-03-06,Yuba,115,75493,0,0,0,0,0
2020-03-05,Alameda,1,1643700,34,2,0,2,0
2020-03-05,Alpine,3,1148,0,0,0,0,0
2020-03-05,Amador,5,37829,0,0,0,0,0
2020-03-05,Butte,7,227075,0,0,0,0,0
2020-03-05,Calaveras,9,45235,2,0,0,0,0
2020-03-05,Colusa,11,21464,0,0,0,0,0
2020-03-05,Contra Costa,13,1133247,39,1,0,1,0
2020-03-05,Del Norte,15,27424,0,0,0,0,0
2020-03-05,El Dorado,17,186661,1,0,0,0,0
2020-03-05,Fresno,19,978130,2,0,1,1,0
2020-03-05,Glenn,21,27897,0,0,0,0,0
2020-03-05,Humboldt,23,135768,4,1,0,1,0
2020-03-05,Imperial,25,180216,5,0,0,0,0
2020-03-05,Inyo,27,18085,0,0,0,0,0
2020-03-05,Kern,29,883053,6,0,0,0,0
2020-03-05,Kings,31,150075,1,0,1,1,0
2020-03-05,Lake,33,64148,0,0,0,0,0
2020-03-05,Lassen,35,31185,0,0,0,0,0
2020-03-05,Los Angeles,37,10098052,243,11,12,23,0
2020-03-05,Madera,39,155013,5,0,0,0,0
2020-03-05,Marin,41,260295,10,0,0,0,0
2020-03-05,Mariposa,43,17540,0,0,0,0,0
2020-03-05,Mendocino,45,87422,0,0,0,0,0
2020-03-05,Merced,47,269075,2,0,0,0,0
2020-03-05,Modoc,49,8938,0,0,0,0,0
2020-03-05,Mono,51,14174,1,0,0,0,0
2020-03-05,Monterey,53,433212,1,0,0,0,0
2020-03-05,Napa,55,140530,1,0,0,0,0
2020-03-05,Nevada,57,99092,0,0,1,1,0
2020-03-05,Orange,59,3164182,83,3,0,3,0
2020-03-05,Placer,61,380077,10,2,0,2,1
2020-03-05,Plumas,63,18699,0,0,0,0,0
2020-03-05,Riverside,65,2383286,27,0,1,1,0
2020-03-05,Sacramento,67,1510023,36,2,0,2,0
2020-03-05,San Benito,69,59416,1,2,0,2,0
2020-03-05,San Bernardino,71,2135413,32,0,0,0,0
2020-03-05,San Diego,73,3302833,54,2,0,2,0
2020-03-05,San Francisco,75,870044,30,2,0,2,0
2020-03-05,San Joaquin,77,732212,10,0,3,3,0
2020-03-05,San Luis Obispo,79,281455,4,0,0,0,0
2020-03-05,San Mateo,81,765935,65,1,0,1,0
2020-03-05,Santa Barbara,83,443738,2,0,0,0,0
2020-03-05,Santa Clara,85,1922200,162,14,1,15,0
2020-03-05,Santa Cruz,87,273765,13,0,0,0,0
2020-03-05,Shasta,89,179085,2,0,0,0,0
2020-03-05,Sierra,91,2930,0,0,0,0,0
2020-03-05,Siskiyou,93,43540,0,0,0,0,0
2020-03-05,Solano,95,438530,22,24,0,24,0
2020-03-05,Sonoma,97,501317,12,2,0,2,0
2020-03-05,Stanislaus,99,539301,5,0,2,2,0
2020-03-05,Sutter,101,95872,0,0,0,0,0
2020-03-05,Tehama,103,63373,0,0,0,0,0
2020-03-05,Trinity,105,12862,0,0,0,0,0
2020-03-05,Tulare,107,460477,4,0,0,0,0
2020-03-05,Tuolumne,109,53932,1,0,0,0,0
2020-03-05,Ventura,111,848112,13,0,0,0,0
2020-03-05,Yolo,113,214977,3,0,0,0,0
2020-03-05,Yuba,115,75493,0,0,0,0,0
2020-03-04,Alameda,1,1643700,30,2,0,2,0
2020-03-04,Alpine,3,1148,0,0,0,0,0
2020-03-04,Amador,5,37829,0,0,0,0,0
2020-03-04,Butte,7,227075,0,0,0,0,0
2020-03-04,Calaveras,9,45235,0,0,0,0,0
2020-03-04,Colusa,11,21464,0,0,0,0,0
2020-03-04,Contra Costa,13,1133247,34,1,0,1,0
2020-03-04,Del Norte,15,27424,0,0,0,0,0
2020-03-04,El Dorado,17,186661,1,0,0,0,0
2020-03-04,Fresno,19,978130,2,0,1,1,0
2020-03-04,Glenn,21,27897,0,0,0,0,0
2020-03-04,Humboldt,23,135768,1,1,0,1,0
2020-03-04,Imperial,25,180216,5,0,0,0,0
2020-03-04,Inyo,27,18085,0,0,0,0,0
2020-03-04,Kern,29,883053,6,0,0,0,0
2020-03-04,Kings,31,150075,1,0,1,1,0
2020-03-04,Lake,33,64148,0,0,0,0,0
2020-03-04,Lassen,35,31185,0,0,0,0,0
2020-03-04,Los Angeles,37,10098052,208,7,12,19,0
2020-03-04,Madera,39,155013,5,0,0,0,0
2020-03-04,Marin,41,260295,10,0,0,0,0
2020-03-04,Mariposa,43,17540,0,0,0,0,0
2020-03-04,Mendocino,45,87422,0,0,0,0,0
2020-03-04,Merced,47,269075,2,0,0,0,0
2020-03-04,Modoc,49,8938,0,0,0,0,0
2020-03-04,Mono,51,14174,1,0,0,0,0
2020-03-04,Monterey,53,433212,1,0,0,0,0
2020-03-04,Napa,55,140530,1,0,0,0,0
2020-03-04,Nevada,57,99092,0,0,1,1,0
2020-03-04,Orange,59,3164182,80,3,0,3,0
2020-03-04,Placer,61,380077,9,2,0,2,1
2020-03-04,Plumas,63,18699,0,0,0,0,0
2020-03-04,Riverside,65,2383286,23,0,1,1,0
2020-03-04,Sacramento,67,1510023,32,1,0,1,0
2020-03-04,San Benito,69,59416,1,2,0,2,0
2020-03-04,San Bernardino,71,2135413,29,0,0,0,0
2020-03-04,San Diego,73,3302833,41,2,0,2,0
2020-03-04,San Francisco,75,870044,25,0,0,0,0
2020-03-04,San Joaquin,77,732212,9,0,3,3,0
2020-03-04,San Luis Obispo,79,281455,4,0,0,0,0
2020-03-04,San Mateo,81,765935,60,1,0,1,0
2020-03-04,Santa Barbara,83,443738,2,0,0,0,0
2020-03-04,Santa Clara,85,1922200,145,12,1,13,0
2020-03-04,Santa Cruz,87,273765,13,0,0,0,0
2020-03-04,Shasta,89,179085,2,0,0,0,0
2020-03-04,Sierra,91,2930,0,0,0,0,0
2020-03-04,Siskiyou,93,43540,0,0,0,0,0
2020-03-04,Solano,95,438530,21,24,0,24,0
2020-03-04,Sonoma,97,501317,11,2,0,2,0
2020-03-04,Stanislaus,99,539301,5,0,2,2,0
2020-03-04,Sutter,101,95872,0,0,0,0,0
2020-03-04,Tehama,103,63373,0,0,0,0,0
2020-03-04,Trinity,105,12862,0,0,0,0,0
2020-03-04,Tulare,107,460477,4,0,0,0,0
2020-03-04,Tuolumne,109,53932,0,0,0,0,0
2020-03-04,Ventura,111,848112,12,0,0,0,0
2020-03-04,Yolo,113,214977,3,0,0,0,0
2020-03-04,Yuba,115,75493,0,0,0,0,0
2020-03-03,Alameda,1,1643700,24,2,0,2,0
2020-03-03,Alpine,3,1148,0,0,0,0,0
2020-03-03,Amador,5,37829,0,0,0,0,0
2020-03-03,Butte,7,227075,0,0,0,0,0
2020-03-03,Calaveras,9,45235,0,0,0,0,0
2020-03-03,Colusa,11,21464,0,0,0,0,0
2020-03-03,Contra Costa,13,1133247,30,0,0,0,0
2020-03-03,Del Norte,15,27424,0,0,0,0,0
2020-03-03,El Dorado,17,186661,1,0,0,0,0
2020-03-03,Fresno,19,978130,1,0,1,1,0
2020-03-03,Glenn,21,27897,0,0,0,0,0
2020-03-03,Humboldt,23,135768,1,1,0,1,0
2020-03-03,Imperial,25,180216,5,0,0,0,0
2020-03-03,Inyo,27,18085,0,0,0,0,0
2020-03-03,Kern,29,883053,4,0,0,0,0
2020-03-03,Kings,31,150075,1,0,1,1,0
2020-03-03,Lake,33,64148,0,0,0,0,0
2020-03-03,Lassen,35,31185,0,0,0,0,0
2020-03-03,Los Angeles,37,10098052,189,5,12,17,0
2020-03-03,Madera,39,155013,4,0,0,0,0
2020-03-03,Marin,41,260295,6,0,0,0,0
2020-03-03,Mariposa,43,17540,0,0,0,0,0
2020-03-03,Mendocino,45,87422,0,0,0,0,0
2020-03-03,Merced,47,269075,2,0,0,0,0
2020-03-03,Modoc,49,8938,0,0,0,0,0
2020-03-03,Mono,51,14174,1,0,0,0,0
2020-03-03,Monterey,53,433212,0,0,0,0,0
2020-03-03,Napa,55,140530,1,0,0,0,0
2020-03-03,Nevada,57,99092,0,0,1,1,0
2020-03-03,Orange,59,3164182,72,1,0,1,0
2020-03-03,Placer,61,380077,8,2,0,2,0
2020-03-03,Plumas,63,18699,0,0,0,0,0
2020-03-03,Riverside,65,2383286,20,0,1,1,0
2020-03-03,Sacramento,67,1510023,31,1,0,1,0
2020-03-03,San Benito,69,59416,1,2,0,2,0
2020-03-03,San Bernardino,71,2135413,26,0,0,0,0
2020-03-03,San Diego,73,3302833,34,2,0,2,0
2020-03-03,San Francisco,75,870044,23,0,0,0,0
2020-03-03,San Joaquin,77,732212,8,0,3,3,0
2020-03-03,San Luis Obispo,79,281455,2,0,0,0,0
2020-03-03,San Mateo,81,765935,53,1,0,1,0
2020-03-03,Santa Barbara,83,443738,1,0,0,0,0
2020-03-03,Santa Clara,85,1922200,130,11,1,12,0
2020-03-03,Santa Cruz,87,273765,10,0,0,0,0
2020-03-03,Shasta,89,179085,2,0,0,0,0
2020-03-03,Sierra,91,2930,0,0,0,0,0
2020-03-03,Siskiyou,93,43540,0,0,0,0,0
2020-03-03,Solano,95,438530,20,24,0,24,0
2020-03-03,Sonoma,97,501317,11,1,0,1,0
2020-03-03,Stanislaus,99,539301,5,0,2,2,0
2020-03-03,Sutter,101,95872,0,0,0,0,0
2020-03-03,Tehama,103,63373,0,0,0,0,0
2020-03-03,Trinity,105,12862,0,0,0,0,0
2020-03-03,Tulare,107,460477,4,0,0,0,0
2020-03-03,Tuolumne,109,53932,0,0,0,0,0
2020-03-03,Ventura,111,848112,11,0,0,0,0
2020-03-03,Yolo,113,214977,2,0,0,0,0
2020-03-03,Yuba,115,75493,0,0,0,0,0
2020-03-02,Alameda,1,1643700,21,1,0,1,0
2020-03-02,Alpine,3,1148,0,0,0,0,0
2020-03-02,Amador,5,37829,0,0,0,0,0
2020-03-02,Butte,7,227075,0,0,0,0,0
2020-03-02,Calaveras,9,45235,0,0,0,0,0
2020-03-02,Colusa,11,21464,0,0,0,0,0
2020-03-02,Contra Costa,13,1133247,27,0,0,0,0
2020-03-02,Del Norte,15,27424,0,0,0,0,0
2020-03-02,El Dorado,17,186661,1,0,0,0,0
2020-03-02,Fresno,19,978130,1,0,1,1,0
2020-03-02,Glenn,21,27897,0,0,0,0,0
2020-03-02,Humboldt,23,135768,1,1,0,1,0
2020-03-02,Imperial,25,180216,5,0,0,0,0
2020-03-02,Inyo,27,18085,0,0,0,0,0
2020-03-02,Kern,29,883053,4,0,0,0,0
2020-03-02,Kings,31,150075,1,0,1,1,0
2020-03-02,Lake,33,64148,0,0,0,0,0
2020-03-02,Lassen,35,31185,0,0,0,0,0
2020-03-02,Los Angeles,37,10098052,174,1,12,13,0
2020-03-02,Madera,39,155013,4,0,0,0,0
2020-03-02,Marin,41,260295,6,0,0,0,0
2020-03-02,Mariposa,43,17540,0,0,0,0,0
2020-03-02,Mendocino,45,87422,0,0,0,0,0
2020-03-02,Merced,47,269075,1,0,0,0,0
2020-03-02,Modoc,49,8938,0,0,0,0,0
2020-03-02,Mono,51,14174,1,0,0,0,0
2020-03-02,Monterey,53,433212,0,0,0,0,0
2020-03-02,Napa,55,140530,1,0,0,0,0
2020-03-02,Nevada,57,99092,0,0,1,1,0
2020-03-02,Orange,59,3164182,67,1,0,1,0
2020-03-02,Placer,61,380077,8,1,0,1,0
2020-03-02,Plumas,63,18699,0,0,0,0,0
2020-03-02,Riverside,65,2383286,19,0,1,1,0
2020-03-02,Sacramento,67,1510023,25,1,0,1,0
2020-03-02,San Benito,69,59416,1,2,0,2,0
2020-03-02,San Bernardino,71,2135413,26,0,0,0,0
2020-03-02,San Diego,73,3302833,28,2,0,2,0
2020-03-02,San Francisco,75,870044,17,0,0,0,0
2020-03-02,San Joaquin,77,732212,7,0,3,3,0
2020-03-02,San Luis Obispo,79,281455,2,0,0,0,0
2020-03-02,San Mateo,81,765935,44,1,0,1,0
2020-03-02,Santa Barbara,83,443738,1,0,0,0,0
2020-03-02,Santa Clara,85,1922200,108,7,1,8,0
2020-03-02,Santa Cruz,87,273765,9,0,0,0,0
2020-03-02,Shasta,89,179085,2,0,0,0,0
2020-03-02,Sierra,91,2930,0,0,0,0,0
2020-03-02,Siskiyou,93,43540,0,0,0,0,0
2020-03-02,Solano,95,438530,19,24,0,24,0
2020-03-02,Sonoma,97,501317,10,1,0,1,0
2020-03-02,Stanislaus,99,539301,2,0,2,2,0
2020-03-02,Sutter,101,95872,0,0,0,0,0
2020-03-02,Tehama,103,63373,0,0,0,0,0
2020-03-02,Trinity,105,12862,0,0,0,0,0
2020-03-02,Tulare,107,460477,4,0,0,0,0
2020-03-02,Tuolumne,109,53932,0,0,0,0,0
2020-03-02,Ventura,111,848112,10,0,0,0,0
2020-03-02,Yolo,113,214977,2,0,0,0,0
2020-03-02,Yuba,115,75493,0,0,0,0,0
2020-03-01,Alameda,1,1643700,20,1,0,1,0
2020-03-01,Alpine,3,1148,0,0,0,0,0
2020-03-01,Amador,5,37829,0,0,0,0,0
2020-03-01,Butte,7,227075,0,0,0,0,0
2020-03-01,Calaveras,9,45235,0,0,0,0,0
2020-03-01,Colusa,11,21464,0,0,0,0,0
2020-03-01,Contra Costa,13,1133247,24,0,0,0,0
2020-03-01,Del Norte,15,27424,0,0,0,0,0
2020-03-01,El Dorado,17,186661,1,0,0,0,0
2020-03-01,Fresno,19,978130,0,0,1,1,0
2020-03-01,Glenn,21,27897,0,0,0,0,0
2020-03-01,Humboldt,23,135768,1,1,0,1,0
2020-03-01,Imperial,25,180216,5,0,0,0,0
2020-03-01,Inyo,27,18085,0,0,0,0,0
2020-03-01,Kern,29,883053,2,0,0,0,0
2020-03-01,Kings,31,150075,1,0,1,1,0
2020-03-01,Lake,33,64148,0,0,0,0,0
2020-03-01,Lassen,35,31185,0,0,0,0,0
2020-03-01,Los Angeles,37,10098052,155,1,12,13,0
2020-03-01,Madera,39,155013,2,0,0,0,0
2020-03-01,Marin,41,260295,5,0,0,0,0
2020-03-01,Mariposa,43,17540,0,0,0,0,0
2020-03-01,Mendocino,45,87422,0,0,0,0,0
2020-03-01,Merced,47,269075,1,0,0,0,0
2020-03-01,Modoc,49,8938,0,0,0,0,0
2020-03-01,Mono,51,14174,1,0,0,0,0
2020-03-01,Monterey,53,433212,0,0,0,0,0
2020-03-01,Napa,55,140530,1,0,0,0,0
2020-03-01,Nevada,57,99092,0,0,1,1,0
2020-03-01,Orange,59,3164182,64,1,0,1,0
2020-03-01,Placer,61,380077,8,0,0,0,0
2020-03-01,Plumas,63,18699,0,0,0,0,0
2020-03-01,Riverside,65,2383286,18,0,1,1,0
2020-03-01,Sacramento,67,1510023,21,1,0,1,0
2020-03-01,San Benito,69,59416,0,2,0,2,0
2020-03-01,San Bernardino,71,2135413,24,0,0,0,0
2020-03-01,San Diego,73,3302833,21,2,0,2,0
2020-03-01,San Francisco,75,870044,13,0,0,0,0
2020-03-01,San Joaquin,77,732212,7,0,3,3,0
2020-03-01,San Luis Obispo,79,281455,2,0,0,0,0
2020-03-01,San Mateo,81,765935,36,0,0,0,0
2020-03-01,Santa Barbara,83,443738,1,0,0,0,0
2020-03-01,Santa Clara,85,1922200,95,6,1,7,0
2020-03-01,Santa Cruz,87,273765,8,0,0,0,0
2020-03-01,Shasta,89,179085,2,0,0,0,0
2020-03-01,Sierra,91,2930,0,0,0,0,0
2020-03-01,Siskiyou,93,43540,0,0,0,0,0
2020-03-01,Solano,95,438530,19,24,0,24,0
2020-03-01,Sonoma,97,501317,9,0,0,0,0
2020-03-01,Stanislaus,99,539301,2,0,2,2,0
2020-03-01,Sutter,101,95872,0,0,0,0,0
2020-03-01,Tehama,103,63373,0,0,0,0,0
2020-03-01,Trinity,105,12862,0,0,0,0,0
2020-03-01,Tulare,107,460477,4,0,0,0,0
2020-03-01,Tuolumne,109,53932,0,0,0,0,0
2020-03-01,Ventura,111,848112,8,0,0,0,0
2020-03-01,Yolo,113,214977,2,0,0,0,0
2020-03-01,Yuba,115,75493,0,0,0,0,0
2020-02-29,Alameda,1,1643700,16,0,0,0,0
2020-02-29,Alpine,3,1148,0,0,0,0,0
2020-02-29,Amador,5,37829,0,0,0,0,0
2020-02-29,Butte,7,227075,0,0,0,0,0
2020-02-29,Calaveras,9,45235,0,0,0,0,0
2020-02-29,Colusa,11,21464,0,0,0,0,0
2020-02-29,Contra Costa,13,1133247,20,0,0,0,0
2020-02-29,Del Norte,15,27424,0,0,0,0,0
2020-02-29,El Dorado,17,186661,1,0,0,0,0
2020-02-29,Fresno,19,978130,0,0,0,0,0
2020-02-29,Glenn,21,27897,0,0,0,0,0
2020-02-29,Humboldt,23,135768,1,1,0,1,0
2020-02-29,Imperial,25,180216,3,0,0,0,0
2020-02-29,Inyo,27,18085,0,0,0,0,0
2020-02-29,Kern,29,883053,2,0,0,0,0
2020-02-29,Kings,31,150075,1,0,1,1,0
2020-02-29,Lake,33,64148,0,0,0,0,0
2020-02-29,Lassen,35,31185,0,0,0,0,0
2020-02-29,Los Angeles,37,10098052,127,1,12,13,0
2020-02-29,Madera,39,155013,2,0,0,0,0
2020-02-29,Marin,41,260295,4,0,0,0,0
2020-02-29,Mariposa,43,17540,0,0,0,0,0
2020-02-29,Mendocino,45,87422,0,0,0,0,0
2020-02-29,Merced,47,269075,1,0,0,0,0
2020-02-29,Modoc,49,8938,0,0,0,0,0
2020-02-29,Mono,51,14174,1,0,0,0,0
2020-02-29,Monterey,53,433212,0,0,0,0,0
2020-02-29,Napa,55,140530,1,0,0,0,0
2020-02-29,Nevada,57,99092,0,0,1,1,0
2020-02-29,Orange,59,3164182,59,1,0,1,0
2020-02-29,Placer,61,380077,7,0,0,0,0
2020-02-29,Plumas,63,18699,0,0,0,0,0
2020-02-29,Riverside,65,2383286,15,0,1,1,0
2020-02-29,Sacramento,67,1510023,16,1,0,1,0
2020-02-29,San Benito,69,59416,0,2,0,2,0
2020-02-29,San Bernardino,71,2135413,22,0,0,0,0
2020-02-29,San Diego,73,3302833,16,2,0,2,0
2020-02-29,San Francisco,75,870044,12,0,0,0,0
2020-02-29,San Joaquin,77,732212,6,0,3,3,0
2020-02-29,San Luis Obispo,79,281455,2,0,0,0,0
2020-02-29,San Mateo,81,765935,29,0,0,0,0
2020-02-29,Santa Barbara,83,443738,0,0,0,0,0
2020-02-29,Santa Clara,85,1922200,73,3,1,4,0
2020-02-29,Santa Cruz,87,273765,8,0,0,0,0
2020-02-29,Shasta,89,179085,2,0,0,0,0
2020-02-29,Sierra,91,2930,0,0,0,0,0
2020-02-29,Siskiyou,93,43540,0,0,0,0,0
2020-02-29,Solano,95,438530,18,23,0,23,0
2020-02-29,Sonoma,97,501317,6,0,0,0,0
2020-02-29,Stanislaus,99,539301,2,0,2,2,0
2020-02-29,Sutter,101,95872,0,0,0,0,0
2020-02-29,Tehama,103,63373,0,0,0,0,0
2020-02-29,Trinity,105,12862,0,0,0,0,0
2020-02-29,Tulare,107,460477,2,0,0,0,0
2020-02-29,Tuolumne,109,53932,0,0,0,0,0
2020-02-29,Ventura,111,848112,6,0,0,0,0
2020-02-29,Yolo,113,214977,2,0,0,0,0
2020-02-29,Yuba,115,75493,0,0,0,0,0
2020-02-28,Alameda,1,1643700,14,0,0,0,0
2020-02-28,Alpine,3,1148,0,0,0,0,0
2020-02-28,Amador,5,37829,0,0,0,0,0
2020-02-28,Butte,7,227075,0,0,0,0,0
2020-02-28,Calaveras,9,45235,0,0,0,0,0
2020-02-28,Colusa,11,21464,0,0,0,0,0
2020-02-28,Contra Costa,13,1133247,20,0,0,0,0
2020-02-28,Del Norte,15,27424,0,0,0,0,0
2020-02-28,El Dorado,17,186661,0,0,0,0,0
2020-02-28,Fresno,19,978130,0,0,0,0,0
2020-02-28,Glenn,21,27897,0,0,0,0,0
2020-02-28,Humboldt,23,135768,1,1,0,1,0
2020-02-28,Imperial,25,180216,3,0,0,0,0
2020-02-28,Inyo,27,18085,0,0,0,0,0
2020-02-28,Kern,29,883053,2,0,0,0,0
2020-02-28,Kings,31,150075,1,0,1,1,0
2020-02-28,Lake,33,64148,0,0,0,0,0
2020-02-28,Lassen,35,31185,0,0,0,0,0
2020-02-28,Los Angeles,37,10098052,118,1,12,13,0
2020-02-28,Madera,39,155013,2,0,0,0,0
2020-02-28,Marin,41,260295,2,0,0,0,0
2020-02-28,Mariposa,43,17540,0,0,0,0,0
2020-02-28,Mendocino,45,87422,0,0,0,0,0
2020-02-28,Merced,47,269075,1,0,0,0,0
2020-02-28,Modoc,49,8938,0,0,0,0,0
2020-02-28,Mono,51,14174,0,0,0,0,0
2020-02-28,Monterey,53,433212,0,0,0,0,0
2020-02-28,Napa,55,140530,1,0,0,0,0
2020-02-28,Nevada,57,99092,0,0,1,1,0
2020-02-28,Orange,59,3164182,57,1,0,1,0
2020-02-28,Placer,61,380077,7,0,0,0,0
2020-02-28,Plumas,63,18699,0,0,0,0,0
2020-02-28,Riverside,65,2383286,13,0,1,1,0
2020-02-28,Sacramento,67,1510023,10,1,0,1,0
2020-02-28,San Benito,69,59416,0,2,0,2,0
2020-02-28,San Bernardino,71,2135413,22,0,0,0,0
2020-02-28,San Diego,73,3302833,13,2,0,2,0
2020-02-28,San Francisco,75,870044,10,0,0,0,0
2020-02-28,San Joaquin,77,732212,6,0,3,3,0
2020-02-28,San Luis Obispo,79,281455,2,0,0,0,0
2020-02-28,San Mateo,81,765935,24,0,0,0,0
2020-02-28,Santa Barbara,83,443738,0,0,0,0,0
2020-02-28,Santa Clara,85,1922200,69,3,1,4,0
2020-02-28,Santa Cruz,87,273765,8,0,0,0,0
2020-02-28,Shasta,89,179085,2,0,0,0,0
2020-02-28,Sierra,91,2930,0,0,0,0,0
2020-02-28,Siskiyou,93,43540,0,0,0,0,0
2020-02-28,Solano,95,438530,17,23,0,23,0
2020-02-28,Sonoma,97,501317,6,0,0,0,0
2020-02-28,Stanislaus,99,539301,2,0,2,2,0
2020-02-28,Sutter,101,95872,0,0,0,0,0
2020-02-28,Tehama,103,63373,0,0,0,0,0
2020-02-28,Trinity,105,12862,0,0,0,0,0
2020-02-28,Tulare,107,460477,2,0,0,0,0
2020-02-28,Tuolumne,109,53932,0,0,0,0,0
2020-02-28,Ventura,111,848112,6,0,0,0,0
2020-02-28,Yolo,113,214977,2,0,0,0,0
2020-02-28,Yuba,115,75493,0,0,0,0,0
2020-02-27,Alameda,1,1643700,13,0,0,0,0
2020-02-27,Alpine,3,1148,0,0,0,0,0
2020-02-27,Amador,5,37829,0,0,0,0,0
2020-02-27,Butte,7,227075,0,0,0,0,0
2020-02-27,Calaveras,9,45235,0,0,0,0,0
2020-02-27,Colusa,11,21464,0,0,0,0,0
2020-02-27,Contra Costa,13,1133247,14,0,0,0,0
2020-02-27,Del Norte,15,27424,0,0,0,0,0
2020-02-27,El Dorado,17,186661,0,0,0,0,0
2020-02-27,Fresno,19,978130,0,0,0,0,0
2020-02-27,Glenn,21,27897,0,0,0,0,0
2020-02-27,Humboldt,23,135768,1,1,0,1,0
2020-02-27,Imperial,25,180216,3,0,0,0,0
2020-02-27,Inyo,27,18085,0,0,0,0,0
2020-02-27,Kern,29,883053,2,0,0,0,0
2020-02-27,Kings,31,150075,1,0,1,1,0
2020-02-27,Lake,33,64148,0,0,0,0,0
2020-02-27,Lassen,35,31185,0,0,0,0,0
2020-02-27,Los Angeles,37,10098052,105,1,12,13,0
2020-02-27,Madera,39,155013,2,0,0,0,0
2020-02-27,Marin,41,260295,1,0,0,0,0
2020-02-27,Mariposa,43,17540,0,0,0,0,0
2020-02-27,Mendocino,45,87422,0,0,0,0,0
2020-02-27,Merced,47,269075,1,0,0,0,0
2020-02-27,Modoc,49,8938,0,0,0,0,0
2020-02-27,Mono,51,14174,0,0,0,0,0
2020-02-27,Monterey,53,433212,0,0,0,0,0
2020-02-27,Napa,55,140530,1,0,0,0,0
2020-02-27,Nevada,57,99092,0,0,1,1,0
2020-02-27,Orange,59,3164182,51,1,0,1,0
2020-02-27,Placer,61,380077,6,0,0,0,0
2020-02-27,Plumas,63,18699,0,0,0,0,0
2020-02-27,Riverside,65,2383286,12,0,1,1,0
2020-02-27,Sacramento,67,1510023,10,1,0,1,0
2020-02-27,San Benito,69,59416,0,2,0,2,0
2020-02-27,San Bernardino,71,2135413,22,0,0,0,0
2020-02-27,San Diego,73,3302833,12,2,0,2,0
2020-02-27,San Francisco,75,870044,9,0,0,0,0
2020-02-27,San Joaquin,77,732212,5,0,3,3,0
2020-02-27,San Luis Obispo,79,281455,2,0,0,0,0
2020-02-27,San Mateo,81,765935,20,0,0,0,0
2020-02-27,Santa Barbara,83,443738,0,0,0,0,0
2020-02-27,Santa Clara,85,1922200,58,2,1,3,0
2020-02-27,Santa Cruz,87,273765,6,0,0,0,0
2020-02-27,Shasta,89,179085,0,0,0,0,0
2020-02-27,Sierra,91,2930,0,0,0,0,0
2020-02-27,Siskiyou,93,43540,0,0,0,0,0
2020-02-27,Solano,95,438530,17,23,0,23,0
2020-02-27,Sonoma,97,501317,5,0,0,0,0
2020-02-27,Stanislaus,99,539301,2,0,2,2,0
2020-02-27,Sutter,101,95872,0,0,0,0,0
2020-02-27,Tehama,103,63373,0,0,0,0,0
2020-02-27,Trinity,105,12862,0,0,0,0,0
2020-02-27,Tulare,107,460477,2,0,0,0,0
2020-02-27,Tuolumne,109,53932,0,0,0,0,0
2020-02-27,Ventura,111,848112,4,0,0,0,0
2020-02-27,Yolo,113,214977,2,0,0,0,0
2020-02-27,Yuba,115,75493,0,0,0,0,0
2020-02-26,Alameda,1,1643700,13,0,0,0,0
2020-02-26,Alpine,3,1148,0,0,0,0,0
2020-02-26,Amador,5,37829,0,0,0,0,0
2020-02-26,Butte,7,227075,0,0,0,0,0
2020-02-26,Calaveras,9,45235,0,0,0,0,0
2020-02-26,Colusa,11,21464,0,0,0,0,0
2020-02-26,Contra Costa,13,1133247,13,0,0,0,0
2020-02-26,Del Norte,15,27424,0,0,0,0,0
2020-02-26,El Dorado,17,186661,0,0,0,0,0
2020-02-26,Fresno,19,978130,0,0,0,0,0
2020-02-26,Glenn,21,27897,0,0,0,0,0
2020-02-26,Humboldt,23,135768,1,1,0,1,0
2020-02-26,Imperial,25,180216,3,0,0,0,0
2020-02-26,Inyo,27,18085,0,0,0,0,0
2020-02-26,Kern,29,883053,2,0,0,0,0
2020-02-26,Kings,31,150075,1,0,1,1,0
2020-02-26,Lake,33,64148,0,0,0,0,0
2020-02-26,Lassen,35,31185,0,0,0,0,0
2020-02-26,Los Angeles,37,10098052,99,1,12,13,0
2020-02-26,Madera,39,155013,2,0,0,0,0
2020-02-26,Marin,41,260295,1,0,0,0,0
2020-02-26,Mariposa,43,17540,0,0,0,0,0
2020-02-26,Mendocino,45,87422,0,0,0,0,0
2020-02-26,Merced,47,269075,1,0,0,0,0
2020-02-26,Modoc,49,8938,0,0,0,0,0
2020-02-26,Mono,51,14174,0,0,0,0,0
2020-02-26,Monterey,53,433212,0,0,0,0,0
2020-02-26,Napa,55,140530,0,0,0,0,0
2020-02-26,Nevada,57,99092,0,0,1,1,0
2020-02-26,Orange,59,3164182,50,1,0,1,0
2020-02-26,Placer,61,380077,5,0,0,0,0
2020-02-26,Plumas,63,18699,0,0,0,0,0
2020-02-26,Riverside,65,2383286,10,0,1,1,0
2020-02-26,Sacramento,67,1510023,10,1,0,1,0
2020-02-26,San Benito,69,59416,0,2,0,2,0
2020-02-26,San Bernardino,71,2135413,20,0,0,0,0
2020-02-26,San Diego,73,3302833,11,2,0,2,0
2020-02-26,San Francisco,75,870044,9,0,0,0,0
2020-02-26,San Joaquin,77,732212,5,0,3,3,0
2020-02-26,San Luis Obispo,79,281455,2,0,0,0,0
2020-02-26,San Mateo,81,765935,18,0,0,0,0
2020-02-26,Santa Barbara,83,443738,0,0,0,0,0
2020-02-26,Santa Clara,85,1922200,50,2,1,3,0
2020-02-26,Santa Cruz,87,273765,6,0,0,0,0
2020-02-26,Shasta,89,179085,0,0,0,0,0
2020-02-26,Sierra,91,2930,0,0,0,0,0
2020-02-26,Siskiyou,93,43540,0,0,0,0,0
2020-02-26,Solano,95,438530,17,23,0,23,0
2020-02-26,Sonoma,97,501317,5,0,0,0,0
2020-02-26,Stanislaus,99,539301,2,0,2,2,0
2020-02-26,Sutter,101,95872,0,0,0,0,0
2020-02-26,Tehama,103,63373,0,0,0,0,0
2020-02-26,Trinity,105,12862,0,0,0,0,0
2020-02-26,Tulare,107,460477,2,0,0,0,0
2020-02-26,Tuolumne,109,53932,0,0,0,0,0
2020-02-26,Ventura,111,848112,4,0,0,0,0
2020-02-26,Yolo,113,214977,2,0,0,0,0
2020-02-26,Yuba,115,75493,0,0,0,0,0
2020-02-25,Alameda,1,1643700,13,0,0,0,0
2020-02-25,Alpine,3,1148,0,0,0,0,0
2020-02-25,Amador,5,37829,0,0,0,0,0
2020-02-25,Butte,7,227075,0,0,0,0,0
2020-02-25,Calaveras,9,45235,0,0,0,0,0
2020-02-25,Colusa,11,21464,0,0,0,0,0
2020-02-25,Contra Costa,13,1133247,11,0,0,0,0
2020-02-25,Del Norte,15,27424,0,0,0,0,0
2020-02-25,El Dorado,17,186661,0,0,0,0,0
2020-02-25,Fresno,19,978130,0,0,0,0,0
2020-02-25,Glenn,21,27897,0,0,0,0,0
2020-02-25,Humboldt,23,135768,1,1,0,1,0
2020-02-25,Imperial,25,180216,3,0,0,0,0
2020-02-25,Inyo,27,18085,0,0,0,0,0
2020-02-25,Kern,29,883053,2,0,0,0,0
2020-02-25,Kings,31,150075,1,0,1,1,0
2020-02-25,Lake,33,64148,0,0,0,0,0
2020-02-25,Lassen,35,31185,0,0,0,0,0
2020-02-25,Los Angeles,37,10098052,84,1,12,13,0
2020-02-25,Madera,39,155013,2,0,0,0,0
2020-02-25,Marin,41,260295,1,0,0,0,0
2020-02-25,Mariposa,43,17540,0,0,0,0,0
2020-02-25,Mendocino,45,87422,0,0,0,0,0
2020-02-25,Merced,47,269075,0,0,0,0,0
2020-02-25,Modoc,49,8938,0,0,0,0,0
2020-02-25,Mono,51,14174,0,0,0,0,0
2020-02-25,Monterey,53,433212,0,0,0,0,0
2020-02-25,Napa,55,140530,0,0,0,0,0
2020-02-25,Nevada,57,99092,0,0,1,1,0
2020-02-25,Orange,59,3164182,49,1,0,1,0
2020-02-25,Placer,61,380077,5,0,0,0,0
2020-02-25,Plumas,63,18699,0,0,0,0,0
2020-02-25,Riverside,65,2383286,10,0,1,1,0
2020-02-25,Sacramento,67,1510023,8,1,0,1,0
2020-02-25,San Benito,69,59416,0,2,0,2,0
2020-02-25,San Bernardino,71,2135413,18,0,0,0,0
2020-02-25,San Diego,73,3302833,7,2,0,2,0
2020-02-25,San Francisco,75,870044,7,0,0,0,0
2020-02-25,San Joaquin,77,732212,5,0,2,2,0
2020-02-25,San Luis Obispo,79,281455,2,0,0,0,0
2020-02-25,San Mateo,81,765935,17,0,0,0,0
2020-02-25,Santa Barbara,83,443738,0,0,0,0,0
2020-02-25,Santa Clara,85,1922200,40,2,1,3,0
2020-02-25,Santa Cruz,87,273765,5,0,0,0,0
2020-02-25,Shasta,89,179085,0,0,0,0,0
2020-02-25,Sierra,91,2930,0,0,0,0,0
2020-02-25,Siskiyou,93,43540,0,0,0,0,0
2020-02-25,Solano,95,438530,16,21,0,21,0
2020-02-25,Sonoma,97,501317,5,0,0,0,0
2020-02-25,Stanislaus,99,539301,2,0,2,2,0
2020-02-25,Sutter,101,95872,0,0,0,0,0
2020-02-25,Tehama,103,63373,0,0,0,0,0
2020-02-25,Trinity,105,12862,0,0,0,0,0
2020-02-25,Tulare,107,460477,2,0,0,0,0
2020-02-25,Tuolumne,109,53932,0,0,0,0,0
2020-02-25,Ventura,111,848112,4,0,0,0,0
2020-02-25,Yolo,113,214977,2,0,0,0,0
2020-02-25,Yuba,115,75493,0,0,0,0,0
2020-02-24,Alameda,1,1643700,13,0,0,0,0
2020-02-24,Alpine,3,1148,0,0,0,0,0
2020-02-24,Amador,5,37829,0,0,0,0,0
2020-02-24,Butte,7,227075,0,0,0,0,0
2020-02-24,Calaveras,9,45235,0,0,0,0,0
2020-02-24,Colusa,11,21464,0,0,0,0,0
2020-02-24,Contra Costa,13,1133247,9,0,0,0,0
2020-02-24,Del Norte,15,27424,0,0,0,0,0
2020-02-24,El Dorado,17,186661,0,0,0,0,0
2020-02-24,Fresno,19,978130,0,0,0,0,0
2020-02-24,Glenn,21,27897,0,0,0,0,0
2020-02-24,Humboldt,23,135768,1,1,0,1,0
2020-02-24,Imperial,25,180216,3,0,0,0,0
2020-02-24,Inyo,27,18085,0,0,0,0,0
2020-02-24,Kern,29,883053,2,0,0,0,0
2020-02-24,Kings,31,150075,1,0,1,1,0
2020-02-24,Lake,33,64148,0,0,0,0,0
2020-02-24,Lassen,35,31185,0,0,0,0,0
2020-02-24,Los Angeles,37,10098052,78,1,12,13,0
2020-02-24,Madera,39,155013,1,0,0,0,0
2020-02-24,Marin,41,260295,1,0,0,0,0
2020-02-24,Mariposa,43,17540,0,0,0,0,0
2020-02-24,Mendocino,45,87422,0,0,0,0,0
2020-02-24,Merced,47,269075,0,0,0,0,0
2020-02-24,Modoc,49,8938,0,0,0,0,0
2020-02-24,Mono,51,14174,0,0,0,0,0
2020-02-24,Monterey,53,433212,0,0,0,0,0
2020-02-24,Napa,55,140530,0,0,0,0,0
2020-02-24,Nevada,57,99092,0,0,1,1,0
2020-02-24,Orange,59,3164182,47,1,0,1,0
2020-02-24,Placer,61,380077,3,0,0,0,0
2020-02-24,Plumas,63,18699,0,0,0,0,0
2020-02-24,Riverside,65,2383286,9,0,1,1,0
2020-02-24,Sacramento,67,1510023,7,1,0,1,0
2020-02-24,San Benito,69,59416,0,2,0,2,0
2020-02-24,San Bernardino,71,2135413,18,0,0,0,0
2020-02-24,San Diego,73,3302833,7,2,0,2,0
2020-02-24,San Francisco,75,870044,6,0,0,0,0
2020-02-24,San Joaquin,77,732212,5,0,1,1,0
2020-02-24,San Luis Obispo,79,281455,2,0,0,0,0
2020-02-24,San Mateo,81,765935,13,0,0,0,0
2020-02-24,Santa Barbara,83,443738,0,0,0,0,0
2020-02-24,Santa Clara,85,1922200,38,2,1,3,0
2020-02-24,Santa Cruz,87,273765,5,0,0,0,0
2020-02-24,Shasta,89,179085,0,0,0,0,0
2020-02-24,Sierra,91,2930,0,0,0,0,0
2020-02-24,Siskiyou,93,43540,0,0,0,0,0
2020-02-24,Solano,95,438530,13,15,0,15,0
2020-02-24,Sonoma,97,501317,5,0,0,0,0
2020-02-24,Stanislaus,99,539301,2,0,2,2,0
2020-02-24,Sutter,101,95872,0,0,0,0,0
2020-02-24,Tehama,103,63373,0,0,0,0,0
2020-02-24,Trinity,105,12862,0,0,0,0,0
2020-02-24,Tulare,107,460477,2,0,0,0,0
2020-02-24,Tuolumne,109,53932,0,0,0,0,0
2020-02-24,Ventura,111,848112,4,0,0,0,0
2020-02-24,Yolo,113,214977,2,0,0,0,0
2020-02-24,Yuba,115,75493,0,0,0,0,0
2020-02-23,Alameda,1,1643700,11,0,0,0,0
2020-02-23,Alpine,3,1148,0,0,0,0,0
2020-02-23,Amador,5,37829,0,0,0,0,0
2020-02-23,Butte,7,227075,0,0,0,0,0
2020-02-23,Calaveras,9,45235,0,0,0,0,0
2020-02-23,Colusa,11,21464,0,0,0,0,0
2020-02-23,Contra Costa,13,1133247,6,0,0,0,0
2020-02-23,Del Norte,15,27424,0,0,0,0,0
2020-02-23,El Dorado,17,186661,0,0,0,0,0
2020-02-23,Fresno,19,978130,0,0,0,0,0
2020-02-23,Glenn,21,27897,0,0,0,0,0
2020-02-23,Humboldt,23,135768,1,1,0,1,0
2020-02-23,Imperial,25,180216,3,0,0,0,0
2020-02-23,Inyo,27,18085,0,0,0,0,0
2020-02-23,Kern,29,883053,2,0,0,0,0
2020-02-23,Kings,31,150075,1,0,1,1,0
2020-02-23,Lake,33,64148,0,0,0,0,0
2020-02-23,Lassen,35,31185,0,0,0,0,0
2020-02-23,Los Angeles,37,10098052,69,1,12,13,0
2020-02-23,Madera,39,155013,1,0,0,0,0
2020-02-23,Marin,41,260295,1,0,0,0,0
2020-02-23,Mariposa,43,17540,0,0,0,0,0
2020-02-23,Mendocino,45,87422,0,0,0,0,0
2020-02-23,Merced,47,269075,0,0,0,0,0
2020-02-23,Modoc,49,8938,0,0,0,0,0
2020-02-23,Mono,51,14174,0,0,0,0,0
2020-02-23,Monterey,53,433212,0,0,0,0,0
2020-02-23,Napa,55,140530,0,0,0,0,0
2020-02-23,Nevada,57,99092,0,0,1,1,0
2020-02-23,Orange,59,3164182,47,1,0,1,0
2020-02-23,Placer,61,380077,3,0,0,0,0
2020-02-23,Plumas,63,18699,0,0,0,0,0
2020-02-23,Riverside,65,2383286,9,0,0,0,0
2020-02-23,Sacramento,67,1510023,6,1,0,1,0
2020-02-23,San Benito,69,59416,0,2,0,2,0
2020-02-23,San Bernardino,71,2135413,17,0,0,0,0
2020-02-23,San Diego,73,3302833,6,2,0,2,0
2020-02-23,San Francisco,75,870044,5,0,0,0,0
2020-02-23,San Joaquin,77,732212,4,0,1,1,0
2020-02-23,San Luis Obispo,79,281455,2,0,0,0,0
2020-02-23,San Mateo,81,765935,10,0,0,0,0
2020-02-23,Santa Barbara,83,443738,0,0,0,0,0
2020-02-23,Santa Clara,85,1922200,26,2,1,3,0
2020-02-23,Santa Cruz,87,273765,2,0,0,0,0
2020-02-23,Shasta,89,179085,0,0,0,0,0
2020-02-23,Sierra,91,2930,0,0,0,0,0
2020-02-23,Siskiyou,93,43540,0,0,0,0,0
2020-02-23,Solano,95,438530,11,15,0,15,0
2020-02-23,Sonoma,97,501317,5,0,0,0,0
2020-02-23,Stanislaus,99,539301,2,0,2,2,0
2020-02-23,Sutter,101,95872,0,0,0,0,0
2020-02-23,Tehama,103,63373,0,0,0,0,0
2020-02-23,Trinity,105,12862,0,0,0,0,0
2020-02-23,Tulare,107,460477,2,0,0,0,0
2020-02-23,Tuolumne,109,53932,0,0,0,0,0
2020-02-23,Ventura,111,848112,4,0,0,0,0
2020-02-23,Yolo,113,214977,2,0,0,0,0
2020-02-23,Yuba,115,75493,0,0,0,0,0
2020-02-22,Alameda,1,1643700,10,0,0,0,0
2020-02-22,Alpine,3,1148,0,0,0,0,0
2020-02-22,Amador,5,37829,0,0,0,0,0
2020-02-22,Butte,7,227075,0,0,0,0,0
2020-02-22,Calaveras,9,45235,0,0,0,0,0
2020-02-22,Colusa,11,21464,0,0,0,0,0
2020-02-22,Contra Costa,13,1133247,5,0,0,0,0
2020-02-22,Del Norte,15,27424,0,0,0,0,0
2020-02-22,El Dorado,17,186661,0,0,0,0,0
2020-02-22,Fresno,19,978130,0,0,0,0,0
2020-02-22,Glenn,21,27897,0,0,0,0,0
2020-02-22,Humboldt,23,135768,1,1,0,1,0
2020-02-22,Imperial,25,180216,2,0,0,0,0
2020-02-22,Inyo,27,18085,0,0,0,0,0
2020-02-22,Kern,29,883053,2,0,0,0,0
2020-02-22,Kings,31,150075,1,0,1,1,0
2020-02-22,Lake,33,64148,0,0,0,0,0
2020-02-22,Lassen,35,31185,0,0,0,0,0
2020-02-22,Los Angeles,37,10098052,67,1,12,13,0
2020-02-22,Madera,39,155013,0,0,0,0,0
2020-02-22,Marin,41,260295,1,0,0,0,0
2020-02-22,Mariposa,43,17540,0,0,0,0,0
2020-02-22,Mendocino,45,87422,0,0,0,0,0
2020-02-22,Merced,47,269075,0,0,0,0,0
2020-02-22,Modoc,49,8938,0,0,0,0,0
2020-02-22,Mono,51,14174,0,0,0,0,0
2020-02-22,Monterey,53,433212,0,0,0,0,0
2020-02-22,Napa,55,140530,0,0,0,0,0
2020-02-22,Nevada,57,99092,0,0,1,1,0
2020-02-22,Orange,59,3164182,46,1,0,1,0
2020-02-22,Placer,61,380077,3,0,0,0,0
2020-02-22,Plumas,63,18699,0,0,0,0,0
2020-02-22,Riverside,65,2383286,9,0,0,0,0
2020-02-22,Sacramento,67,1510023,6,1,0,1,0
2020-02-22,San Benito,69,59416,0,2,0,2,0
2020-02-22,San Bernardino,71,2135413,15,0,0,0,0
2020-02-22,San Diego,73,3302833,5,2,0,2,0
2020-02-22,San Francisco,75,870044,3,0,0,0,0
2020-02-22,San Joaquin,77,732212,4,0,1,1,0
2020-02-22,San Luis Obispo,79,281455,2,0,0,0,0
2020-02-22,San Mateo,81,765935,8,0,0,0,0
2020-02-22,Santa Barbara,83,443738,0,0,0,0,0
2020-02-22,Santa Clara,85,1922200,23,2,1,3,0
2020-02-22,Santa Cruz,87,273765,2,0,0,0,0
2020-02-22,Shasta,89,179085,0,0,0,0,0
2020-02-22,Sierra,91,2930,0,0,0,0,0
2020-02-22,Siskiyou,93,43540,0,0,0,0,0
2020-02-22,Solano,95,438530,11,11,0,11,0
2020-02-22,Sonoma,97,501317,4,0,0,0,0
2020-02-22,Stanislaus,99,539301,2,0,2,2,0
2020-02-22,Sutter,101,95872,0,0,0,0,0
2020-02-22,Tehama,103,63373,0,0,0,0,0
2020-02-22,Trinity,105,12862,0,0,0,0,0
2020-02-22,Tulare,107,460477,2,0,0,0,0
2020-02-22,Tuolumne,109,53932,0,0,0,0,0
2020-02-22,Ventura,111,848112,4,0,0,0,0
2020-02-22,Yolo,113,214977,1,0,0,0,0
2020-02-22,Yuba,115,75493,0,0,0,0,0
2020-02-21,Alameda,1,1643700,9,0,0,0,0
2020-02-21,Alpine,3,1148,0,0,0,0,0
2020-02-21,Amador,5,37829,0,0,0,0,0
2020-02-21,Butte,7,227075,0,0,0,0,0
2020-02-21,Calaveras,9,45235,0,0,0,0,0
2020-02-21,Colusa,11,21464,0,0,0,0,0
2020-02-21,Contra Costa,13,1133247,4,0,0,0,0
2020-02-21,Del Norte,15,27424,0,0,0,0,0
2020-02-21,El Dorado,17,186661,0,0,0,0,0
2020-02-21,Fresno,19,978130,0,0,0,0,0
2020-02-21,Glenn,21,27897,0,0,0,0,0
2020-02-21,Humboldt,23,135768,1,1,0,1,0
2020-02-21,Imperial,25,180216,2,0,0,0,0
2020-02-21,Inyo,27,18085,0,0,0,0,0
2020-02-21,Kern,29,883053,2,0,0,0,0
2020-02-21,Kings,31,150075,1,0,1,1,0
2020-02-21,Lake,33,64148,0,0,0,0,0
2020-02-21,Lassen,35,31185,0,0,0,0,0
2020-02-21,Los Angeles,37,10098052,65,1,12,13,0
2020-02-21,Madera,39,155013,0,0,0,0,0
2020-02-21,Marin,41,260295,1,0,0,0,0
2020-02-21,Mariposa,43,17540,0,0,0,0,0
2020-02-21,Mendocino,45,87422,0,0,0,0,0
2020-02-21,Merced,47,269075,0,0,0,0,0
2020-02-21,Modoc,49,8938,0,0,0,0,0
2020-02-21,Mono,51,14174,0,0,0,0,0
2020-02-21,Monterey,53,433212,0,0,0,0,0
2020-02-21,Napa,55,140530,0,0,0,0,0
2020-02-21,Nevada,57,99092,0,0,1,1,0
2020-02-21,Orange,59,3164182,44,1,0,1,0
2020-02-21,Placer,61,380077,2,0,0,0,0
2020-02-21,Plumas,63,18699,0,0,0,0,0
2020-02-21,Riverside,65,2383286,9,0,0,0,0
2020-02-21,Sacramento,67,1510023,5,1,0,1,0
2020-02-21,San Benito,69,59416,0,2,0,2,0
2020-02-21,San Bernardino,71,2135413,14,0,0,0,0
2020-02-21,San Diego,73,3302833,5,2,0,2,0
2020-02-21,San Francisco,75,870044,3,0,0,0,0
2020-02-21,San Joaquin,77,732212,2,0,1,1,0
2020-02-21,San Luis Obispo,79,281455,2,0,0,0,0
2020-02-21,San Mateo,81,765935,8,0,0,0,0
2020-02-21,Santa Barbara,83,443738,0,0,0,0,0
2020-02-21,Santa Clara,85,1922200,21,2,1,3,0
2020-02-21,Santa Cruz,87,273765,2,0,0,0,0
2020-02-21,Shasta,89,179085,0,0,0,0,0
2020-02-21,Sierra,91,2930,0,0,0,0,0
2020-02-21,Siskiyou,93,43540,0,0,0,0,0
2020-02-21,Solano,95,438530,10,11,0,11,0
2020-02-21,Sonoma,97,501317,3,0,0,0,0
2020-02-21,Stanislaus,99,539301,2,0,2,2,0
2020-02-21,Sutter,101,95872,0,0,0,0,0
2020-02-21,Tehama,103,63373,0,0,0,0,0
2020-02-21,Trinity,105,12862,0,0,0,0,0
2020-02-21,Tulare,107,460477,2,0,0,0,0
2020-02-21,Tuolumne,109,53932,0,0,0,0,0
2020-02-21,Ventura,111,848112,4,0,0,0,0
2020-02-21,Yolo,113,214977,1,0,0,0,0
2020-02-21,Yuba,115,75493,0,0,0,0,0
2020-02-20,Alameda,1,1643700,7,0,0,0,0
2020-02-20,Alpine,3,1148,0,0,0,0,0
2020-02-20,Amador,5,37829,0,0,0,0,0
2020-02-20,Butte,7,227075,0,0,0,0,0
2020-02-20,Calaveras,9,45235,0,0,0,0,0
2020-02-20,Colusa,11,21464,0,0,0,0,0
2020-02-20,Contra Costa,13,1133247,3,0,0,0,0
2020-02-20,Del Norte,15,27424,0,0,0,0,0
2020-02-20,El Dorado,17,186661,0,0,0,0,0
2020-02-20,Fresno,19,978130,0,0,0,0,0
2020-02-20,Glenn,21,27897,0,0,0,0,0
2020-02-20,Humboldt,23,135768,1,1,0,1,0
2020-02-20,Imperial,25,180216,2,0,0,0,0
2020-02-20,Inyo,27,18085,0,0,0,0,0
2020-02-20,Kern,29,883053,2,0,0,0,0
2020-02-20,Kings,31,150075,1,0,1,1,0
2020-02-20,Lake,33,64148,0,0,0,0,0
2020-02-20,Lassen,35,31185,0,0,0,0,0
2020-02-20,Los Angeles,37,10098052,63,1,10,11,0
2020-02-20,Madera,39,155013,0,0,0,0,0
2020-02-20,Marin,41,260295,0,0,0,0,0
2020-02-20,Mariposa,43,17540,0,0,0,0,0
2020-02-20,Mendocino,45,87422,0,0,0,0,0
2020-02-20,Merced,47,269075,0,0,0,0,0
2020-02-20,Modoc,49,8938,0,0,0,0,0
2020-02-20,Mono,51,14174,0,0,0,0,0
2020-02-20,Monterey,53,433212,0,0,0,0,0
2020-02-20,Napa,55,140530,0,0,0,0,0
2020-02-20,Nevada,57,99092,0,0,1,1,0
2020-02-20,Orange,59,3164182,44,1,0,1,0
2020-02-20,Placer,61,380077,2,0,0,0,0
2020-02-20,Plumas,63,18699,0,0,0,0,0
2020-02-20,Riverside,65,2383286,7,0,0,0,0
2020-02-20,Sacramento,67,1510023,2,1,0,1,0
2020-02-20,San Benito,69,59416,0,2,0,2,0
2020-02-20,San Bernardino,71,2135413,13,0,0,0,0
2020-02-20,San Diego,73,3302833,5,2,0,2,0
2020-02-20,San Francisco,75,870044,3,0,0,0,0
2020-02-20,San Joaquin,77,732212,2,0,1,1,0
2020-02-20,San Luis Obispo,79,281455,2,0,0,0,0
2020-02-20,San Mateo,81,765935,7,0,0,0,0
2020-02-20,Santa Barbara,83,443738,0,0,0,0,0
2020-02-20,Santa Clara,85,1922200,17,2,1,3,0
2020-02-20,Santa Cruz,87,273765,2,0,0,0,0
2020-02-20,Shasta,89,179085,0,0,0,0,0
2020-02-20,Sierra,91,2930,0,0,0,0,0
2020-02-20,Siskiyou,93,43540,0,0,0,0,0
2020-02-20,Solano,95,438530,8,7,0,7,0
2020-02-20,Sonoma,97,501317,2,0,0,0,0
2020-02-20,Stanislaus,99,539301,2,0,2,2,0
2020-02-20,Sutter,101,95872,0,0,0,0,0
2020-02-20,Tehama,103,63373,0,0,0,0,0
2020-02-20,Trinity,105,12862,0,0,0,0,0
2020-02-20,Tulare,107,460477,2,0,0,0,0
2020-02-20,Tuolumne,109,53932,0,0,0,0,0
2020-02-20,Ventura,111,848112,4,0,0,0,0
2020-02-20,Yolo,113,214977,1,0,0,0,0
2020-02-20,Yuba,115,75493,0,0,0,0,0
2020-02-19,Alameda,1,1643700,6,0,0,0,0
2020-02-19,Alpine,3,1148,0,0,0,0,0
2020-02-19,Amador,5,37829,0,0,0,0,0
2020-02-19,Butte,7,227075,0,0,0,0,0
2020-02-19,Calaveras,9,45235,0,0,0,0,0
2020-02-19,Colusa,11,21464,0,0,0,0,0
2020-02-19,Contra Costa,13,1133247,3,0,0,0,0
2020-02-19,Del Norte,15,27424,0,0,0,0,0
2020-02-19,El Dorado,17,186661,0,0,0,0,0
2020-02-19,Fresno,19,978130,0,0,0,0,0
2020-02-19,Glenn,21,27897,0,0,0,0,0
2020-02-19,Humboldt,23,135768,1,0,0,0,0
2020-02-19,Imperial,25,180216,2,0,0,0,0
2020-02-19,Inyo,27,18085,0,0,0,0,0
2020-02-19,Kern,29,883053,2,0,0,0,0
2020-02-19,Kings,31,150075,1,0,1,1,0
2020-02-19,Lake,33,64148,0,0,0,0,0
2020-02-19,Lassen,35,31185,0,0,0,0,0
2020-02-19,Los Angeles,37,10098052,57,1,10,11,0
2020-02-19,Madera,39,155013,0,0,0,0,0
2020-02-19,Marin,41,260295,0,0,0,0,0
2020-02-19,Mariposa,43,17540,0,0,0,0,0
2020-02-19,Mendocino,45,87422,0,0,0,0,0
2020-02-19,Merced,47,269075,0,0,0,0,0
2020-02-19,Modoc,49,8938,0,0,0,0,0
2020-02-19,Mono,51,14174,0,0,0,0,0
2020-02-19,Monterey,53,433212,0,0,0,0,0
2020-02-19,Napa,55,140530,0,0,0,0,0
2020-02-19,Nevada,57,99092,0,0,1,1,0
2020-02-19,Orange,59,3164182,43,1,0,1,0
2020-02-19,Placer,61,380077,2,0,0,0,0
2020-02-19,Plumas,63,18699,0,0,0,0,0
2020-02-19,Riverside,65,2383286,5,0,0,0,0
2020-02-19,Sacramento,67,1510023,2,0,0,0,0
2020-02-19,San Benito,69,59416,0,2,0,2,0
2020-02-19,San Bernardino,71,2135413,12,0,0,0,0
2020-02-19,San Diego,73,3302833,4,2,0,2,0
2020-02-19,San Francisco,75,870044,2,0,0,0,0
2020-02-19,San Joaquin,77,732212,2,0,1,1,0
2020-02-19,San Luis Obispo,79,281455,2,0,0,0,0
2020-02-19,San Mateo,81,765935,6,0,0,0,0
2020-02-19,Santa Barbara,83,443738,0,0,0,0,0
2020-02-19,Santa Clara,85,1922200,15,2,1,3,0
2020-02-19,Santa Cruz,87,273765,0,0,0,0,0
2020-02-19,Shasta,89,179085,0,0,0,0,0
2020-02-19,Sierra,91,2930,0,0,0,0,0
2020-02-19,Siskiyou,93,43540,0,0,0,0,0
2020-02-19,Solano,95,438530,5,7,0,7,0
2020-02-19,Sonoma,97,501317,2,0,0,0,0
2020-02-19,Stanislaus,99,539301,1,0,2,2,0
2020-02-19,Sutter,101,95872,0,0,0,0,0
2020-02-19,Tehama,103,63373,0,0,0,0,0
2020-02-19,Trinity,105,12862,0,0,0,0,0
2020-02-19,Tulare,107,460477,2,0,0,0,0
2020-02-19,Tuolumne,109,53932,0,0,0,0,0
2020-02-19,Ventura,111,848112,2,0,0,0,0
2020-02-19,Yolo,113,214977,1,0,0,0,0
2020-02-19,Yuba,115,75493,0,0,0,0,0
2020-02-18,Alameda,1,1643700,6,0,0,0,0
2020-02-18,Alpine,3,1148,0,0,0,0,0
2020-02-18,Amador,5,37829,0,0,0,0,0
2020-02-18,Butte,7,227075,0,0,0,0,0
2020-02-18,Calaveras,9,45235,0,0,0,0,0
2020-02-18,Colusa,11,21464,0,0,0,0,0
2020-02-18,Contra Costa,13,1133247,3,0,0,0,0
2020-02-18,Del Norte,15,27424,0,0,0,0,0
2020-02-18,El Dorado,17,186661,0,0,0,0,0
2020-02-18,Fresno,19,978130,0,0,0,0,0
2020-02-18,Glenn,21,27897,0,0,0,0,0
2020-02-18,Humboldt,23,135768,1,0,0,0,0
2020-02-18,Imperial,25,180216,1,0,0,0,0
2020-02-18,Inyo,27,18085,0,0,0,0,0
2020-02-18,Kern,29,883053,2,0,0,0,0
2020-02-18,Kings,31,150075,1,0,1,1,0
2020-02-18,Lake,33,64148,0,0,0,0,0
2020-02-18,Lassen,35,31185,0,0,0,0,0
2020-02-18,Los Angeles,37,10098052,54,1,9,10,0
2020-02-18,Madera,39,155013,0,0,0,0,0
2020-02-18,Marin,41,260295,0,0,0,0,0
2020-02-18,Mariposa,43,17540,0,0,0,0,0
2020-02-18,Mendocino,45,87422,0,0,0,0,0
2020-02-18,Merced,47,269075,0,0,0,0,0
2020-02-18,Modoc,49,8938,0,0,0,0,0
2020-02-18,Mono,51,14174,0,0,0,0,0
2020-02-18,Monterey,53,433212,0,0,0,0,0
2020-02-18,Napa,55,140530,0,0,0,0,0
2020-02-18,Nevada,57,99092,0,0,1,1,0
2020-02-18,Orange,59,3164182,42,1,0,1,0
2020-02-18,Placer,61,380077,0,0,0,0,0
2020-02-18,Plumas,63,18699,0,0,0,0,0
2020-02-18,Riverside,65,2383286,5,0,0,0,0
2020-02-18,Sacramento,67,1510023,2,0,0,0,0
2020-02-18,San Benito,69,59416,0,2,0,2,0
2020-02-18,San Bernardino,71,2135413,12,0,0,0,0
2020-02-18,San Diego,73,3302833,4,2,0,2,0
2020-02-18,San Francisco,75,870044,2,0,0,0,0
2020-02-18,San Joaquin,77,732212,1,0,1,1,0
2020-02-18,San Luis Obispo,79,281455,2,0,0,0,0
2020-02-18,San Mateo,81,765935,5,0,0,0,0
2020-02-18,Santa Barbara,83,443738,0,0,0,0,0
2020-02-18,Santa Clara,85,1922200,14,2,1,3,0
2020-02-18,Santa Cruz,87,273765,0,0,0,0,0
2020-02-18,Shasta,89,179085,0,0,0,0,0
2020-02-18,Sierra,91,2930,0,0,0,0,0
2020-02-18,Siskiyou,93,43540,0,0,0,0,0
2020-02-18,Solano,95,438530,5,7,0,7,0
2020-02-18,Sonoma,97,501317,1,0,0,0,0
2020-02-18,Stanislaus,99,539301,1,0,2,2,0
2020-02-18,Sutter,101,95872,0,0,0,0,0
2020-02-18,Tehama,103,63373,0,0,0,0,0
2020-02-18,Trinity,105,12862,0,0,0,0,0
2020-02-18,Tulare,107,460477,2,0,0,0,0
2020-02-18,Tuolumne,109,53932,0,0,0,0,0
2020-02-18,Ventura,111,848112,2,0,0,0,0
2020-02-18,Yolo,113,214977,1,0,0,0,0
2020-02-18,Yuba,115,75493,0,0,0,0,0
2020-02-17,Alameda,1,1643700,6,0,0,0,0
2020-02-17,Alpine,3,1148,0,0,0,0,0
2020-02-17,Amador,5,37829,0,0,0,0,0
2020-02-17,Butte,7,227075,0,0,0,0,0
2020-02-17,Calaveras,9,45235,0,0,0,0,0
2020-02-17,Colusa,11,21464,0,0,0,0,0
2020-02-17,Contra Costa,13,1133247,3,0,0,0,0
2020-02-17,Del Norte,15,27424,0,0,0,0,0
2020-02-17,El Dorado,17,186661,0,0,0,0,0
2020-02-17,Fresno,19,978130,0,0,0,0,0
2020-02-17,Glenn,21,27897,0,0,0,0,0
2020-02-17,Humboldt,23,135768,1,0,0,0,0
2020-02-17,Imperial,25,180216,1,0,0,0,0
2020-02-17,Inyo,27,18085,0,0,0,0,0
2020-02-17,Kern,29,883053,2,0,0,0,0
2020-02-17,Kings,31,150075,1,0,0,0,0
2020-02-17,Lake,33,64148,0,0,0,0,0
2020-02-17,Lassen,35,31185,0,0,0,0,0
2020-02-17,Los Angeles,37,10098052,51,1,8,9,0
2020-02-17,Madera,39,155013,0,0,0,0,0
2020-02-17,Marin,41,260295,0,0,0,0,0
2020-02-17,Mariposa,43,17540,0,0,0,0,0
2020-02-17,Mendocino,45,87422,0,0,0,0,0
2020-02-17,Merced,47,269075,0,0,0,0,0
2020-02-17,Modoc,49,8938,0,0,0,0,0
2020-02-17,Mono,51,14174,0,0,0,0,0
2020-02-17,Monterey,53,433212,0,0,0,0,0
2020-02-17,Napa,55,140530,0,0,0,0,0
2020-02-17,Nevada,57,99092,0,0,1,1,0
2020-02-17,Orange,59,3164182,42,1,0,1,0
2020-02-17,Placer,61,380077,0,0,0,0,0
2020-02-17,Plumas,63,18699,0,0,0,0,0
2020-02-17,Riverside,65,2383286,5,0,0,0,0
2020-02-17,Sacramento,67,1510023,2,0,0,0,0
2020-02-17,San Benito,69,59416,0,2,0,2,0
2020-02-17,San Bernardino,71,2135413,10,0,0,0,0
2020-02-17,San Diego,73,3302833,4,2,0,2,0
2020-02-17,San Francisco,75,870044,2,0,0,0,0
2020-02-17,San Joaquin,77,732212,1,0,1,1,0
2020-02-17,San Luis Obispo,79,281455,1,0,0,0,0
2020-02-17,San Mateo,81,765935,5,0,0,0,0
2020-02-17,Santa Barbara,83,443738,0,0,0,0,0
2020-02-17,Santa Clara,85,1922200,12,2,1,3,0
2020-02-17,Santa Cruz,87,273765,0,0,0,0,0
2020-02-17,Shasta,89,179085,0,0,0,0,0
2020-02-17,Sierra,91,2930,0,0,0,0,0
2020-02-17,Siskiyou,93,43540,0,0,0,0,0
2020-02-17,Solano,95,438530,3,5,0,5,0
2020-02-17,Sonoma,97,501317,1,0,0,0,0
2020-02-17,Stanislaus,99,539301,1,0,2,2,0
2020-02-17,Sutter,101,95872,0,0,0,0,0
2020-02-17,Tehama,103,63373,0,0,0,0,0
2020-02-17,Trinity,105,12862,0,0,0,0,0
2020-02-17,Tulare,107,460477,2,0,0,0,0
2020-02-17,Tuolumne,109,53932,0,0,0,0,0
2020-02-17,Ventura,111,848112,2,0,0,0,0
2020-02-17,Yolo,113,214977,1,0,0,0,0
2020-02-17,Yuba,115,75493,0,0,0,0,0
2020-02-16,Alameda,1,1643700,5,0,0,0,0
2020-02-16,Alpine,3,1148,0,0,0,0,0
2020-02-16,Amador,5,37829,0,0,0,0,0
2020-02-16,Butte,7,227075,0,0,0,0,0
2020-02-16,Calaveras,9,45235,0,0,0,0,0
2020-02-16,Colusa,11,21464,0,0,0,0,0
2020-02-16,Contra Costa,13,1133247,3,0,0,0,0
2020-02-16,Del Norte,15,27424,0,0,0,0,0
2020-02-16,El Dorado,17,186661,0,0,0,0,0
2020-02-16,Fresno,19,978130,0,0,0,0,0
2020-02-16,Glenn,21,27897,0,0,0,0,0
2020-02-16,Humboldt,23,135768,1,0,0,0,0
2020-02-16,Imperial,25,180216,1,0,0,0,0
2020-02-16,Inyo,27,18085,0,0,0,0,0
2020-02-16,Kern,29,883053,2,0,0,0,0
2020-02-16,Kings,31,150075,1,0,0,0,0
2020-02-16,Lake,33,64148,0,0,0,0,0
2020-02-16,Lassen,35,31185,0,0,0,0,0
2020-02-16,Los Angeles,37,10098052,44,1,8,9,0
2020-02-16,Madera,39,155013,0,0,0,0,0
2020-02-16,Marin,41,260295,0,0,0,0,0
2020-02-16,Mariposa,43,17540,0,0,0,0,0
2020-02-16,Mendocino,45,87422,0,0,0,0,0
2020-02-16,Merced,47,269075,0,0,0,0,0
2020-02-16,Modoc,49,8938,0,0,0,0,0
2020-02-16,Mono,51,14174,0,0,0,0,0
2020-02-16,Monterey,53,433212,0,0,0,0,0
2020-02-16,Napa,55,140530,0,0,0,0,0
2020-02-16,Nevada,57,99092,0,0,0,0,0
2020-02-16,Orange,59,3164182,41,1,0,1,0
2020-02-16,Placer,61,380077,0,0,0,0,0
2020-02-16,Plumas,63,18699,0,0,0,0,0
2020-02-16,Riverside,65,2383286,5,0,0,0,0
2020-02-16,Sacramento,67,1510023,2,0,0,0,0
2020-02-16,San Benito,69,59416,0,2,0,2,0
2020-02-16,San Bernardino,71,2135413,9,0,0,0,0
2020-02-16,San Diego,73,3302833,4,2,0,2,0
2020-02-16,San Francisco,75,870044,2,0,0,0,0
2020-02-16,San Joaquin,77,732212,1,0,1,1,0
2020-02-16,San Luis Obispo,79,281455,1,0,0,0,0
2020-02-16,San Mateo,81,765935,4,0,0,0,0
2020-02-16,Santa Barbara,83,443738,0,0,0,0,0
2020-02-16,Santa Clara,85,1922200,10,2,1,3,0
2020-02-16,Santa Cruz,87,273765,0,0,0,0,0
2020-02-16,Shasta,89,179085,0,0,0,0,0
2020-02-16,Sierra,91,2930,0,0,0,0,0
2020-02-16,Siskiyou,93,43540,0,0,0,0,0
2020-02-16,Solano,95,438530,1,0,0,0,0
2020-02-16,Sonoma,97,501317,1,0,0,0,0
2020-02-16,Stanislaus,99,539301,1,0,2,2,0
2020-02-16,Sutter,101,95872,0,0,0,0,0
2020-02-16,Tehama,103,63373,0,0,0,0,0
2020-02-16,Trinity,105,12862,0,0,0,0,0
2020-02-16,Tulare,107,460477,2,0,0,0,0
2020-02-16,Tuolumne,109,53932,0,0,0,0,0
2020-02-16,Ventura,111,848112,2,0,0,0,0
2020-02-16,Yolo,113,214977,1,0,0,0,0
2020-02-16,Yuba,115,75493,0,0,0,0,0
2020-02-15,Alameda,1,1643700,5,0,0,0,0
2020-02-15,Alpine,3,1148,0,0,0,0,0
2020-02-15,Amador,5,37829,0,0,0,0,0
2020-02-15,Butte,7,227075,0,0,0,0,0
2020-02-15,Calaveras,9,45235,0,0,0,0,0
2020-02-15,Colusa,11,21464,0,0,0,0,0
2020-02-15,Contra Costa,13,1133247,3,0,0,0,0
2020-02-15,Del Norte,15,27424,0,0,0,0,0
2020-02-15,El Dorado,17,186661,0,0,0,0,0
2020-02-15,Fresno,19,978130,0,0,0,0,0
2020-02-15,Glenn,21,27897,0,0,0,0,0
2020-02-15,Humboldt,23,135768,1,0,0,0,0
2020-02-15,Imperial,25,180216,1,0,0,0,0
2020-02-15,Inyo,27,18085,0,0,0,0,0
2020-02-15,Kern,29,883053,2,0,0,0,0
2020-02-15,Kings,31,150075,1,0,0,0,0
2020-02-15,Lake,33,64148,0,0,0,0,0
2020-02-15,Lassen,35,31185,0,0,0,0,0
2020-02-15,Los Angeles,37,10098052,41,1,8,9,0
2020-02-15,Madera,39,155013,0,0,0,0,0
2020-02-15,Marin,41,260295,0,0,0,0,0
2020-02-15,Mariposa,43,17540,0,0,0,0,0
2020-02-15,Mendocino,45,87422,0,0,0,0,0
2020-02-15,Merced,47,269075,0,0,0,0,0
2020-02-15,Modoc,49,8938,0,0,0,0,0
2020-02-15,Mono,51,14174,0,0,0,0,0
2020-02-15,Monterey,53,433212,0,0,0,0,0
2020-02-15,Napa,55,140530,0,0,0,0,0
2020-02-15,Nevada,57,99092,0,0,0,0,0
2020-02-15,Orange,59,3164182,40,1,0,1,0
2020-02-15,Placer,61,380077,0,0,0,0,0
2020-02-15,Plumas,63,18699,0,0,0,0,0
2020-02-15,Riverside,65,2383286,4,0,0,0,0
2020-02-15,Sacramento,67,1510023,2,0,0,0,0
2020-02-15,San Benito,69,59416,0,2,0,2,0
2020-02-15,San Bernardino,71,2135413,8,0,0,0,0
2020-02-15,San Diego,73,3302833,4,2,0,2,0
2020-02-15,San Francisco,75,870044,2,0,0,0,0
2020-02-15,San Joaquin,77,732212,1,0,1,1,0
2020-02-15,San Luis Obispo,79,281455,1,0,0,0,0
2020-02-15,San Mateo,81,765935,4,0,0,0,0
2020-02-15,Santa Barbara,83,443738,0,0,0,0,0
2020-02-15,Santa Clara,85,1922200,10,2,1,3,0
2020-02-15,Santa Cruz,87,273765,0,0,0,0,0
2020-02-15,Shasta,89,179085,0,0,0,0,0
2020-02-15,Sierra,91,2930,0,0,0,0,0
2020-02-15,Siskiyou,93,43540,0,0,0,0,0
2020-02-15,Solano,95,438530,1,0,0,0,0
2020-02-15,Sonoma,97,501317,0,0,0,0,0
2020-02-15,Stanislaus,99,539301,1,0,2,2,0
2020-02-15,Sutter,101,95872,0,0,0,0,0
2020-02-15,Tehama,103,63373,0,0,0,0,0
2020-02-15,Trinity,105,12862,0,0,0,0,0
2020-02-15,Tulare,107,460477,2,0,0,0,0
2020-02-15,Tuolumne,109,53932,0,0,0,0,0
2020-02-15,Ventura,111,848112,2,0,0,0,0
2020-02-15,Yolo,113,214977,1,0,0,0,0
2020-02-15,Yuba,115,75493,0,0,0,0,0
2020-02-14,Alameda,1,1643700,4,0,0,0,0
2020-02-14,Alpine,3,1148,0,0,0,0,0
2020-02-14,Amador,5,37829,0,0,0,0,0
2020-02-14,Butte,7,227075,0,0,0,0,0
2020-02-14,Calaveras,9,45235,0,0,0,0,0
2020-02-14,Colusa,11,21464,0,0,0,0,0
2020-02-14,Contra Costa,13,1133247,3,0,0,0,0
2020-02-14,Del Norte,15,27424,0,0,0,0,0
2020-02-14,El Dorado,17,186661,0,0,0,0,0
2020-02-14,Fresno,19,978130,0,0,0,0,0
2020-02-14,Glenn,21,27897,0,0,0,0,0
2020-02-14,Humboldt,23,135768,1,0,0,0,0
2020-02-14,Imperial,25,180216,1,0,0,0,0
2020-02-14,Inyo,27,18085,0,0,0,0,0
2020-02-14,Kern,29,883053,2,0,0,0,0
2020-02-14,Kings,31,150075,1,0,0,0,0
2020-02-14,Lake,33,64148,0,0,0,0,0
2020-02-14,Lassen,35,31185,0,0,0,0,0
2020-02-14,Los Angeles,37,10098052,36,1,8,9,0
2020-02-14,Madera,39,155013,0,0,0,0,0
2020-02-14,Marin,41,260295,0,0,0,0,0
2020-02-14,Mariposa,43,17540,0,0,0,0,0
2020-02-14,Mendocino,45,87422,0,0,0,0,0
2020-02-14,Merced,47,269075,0,0,0,0,0
2020-02-14,Modoc,49,8938,0,0,0,0,0
2020-02-14,Mono,51,14174,0,0,0,0,0
2020-02-14,Monterey,53,433212,0,0,0,0,0
2020-02-14,Napa,55,140530,0,0,0,0,0
2020-02-14,Nevada,57,99092,0,0,0,0,0
2020-02-14,Orange,59,3164182,40,1,0,1,0
2020-02-14,Placer,61,380077,0,0,0,0,0
2020-02-14,Plumas,63,18699,0,0,0,0,0
2020-02-14,Riverside,65,2383286,4,0,0,0,0
2020-02-14,Sacramento,67,1510023,1,0,0,0,0
2020-02-14,San Benito,69,59416,0,2,0,2,0
2020-02-14,San Bernardino,71,2135413,8,0,0,0,0
2020-02-14,San Diego,73,3302833,3,2,0,2,0
2020-02-14,San Francisco,75,870044,2,0,0,0,0
2020-02-14,San Joaquin,77,732212,1,0,1,1,0
2020-02-14,San Luis Obispo,79,281455,0,0,0,0,0
2020-02-14,San Mateo,81,765935,3,0,0,0,0
2020-02-14,Santa Barbara,83,443738,0,0,0,0,0
2020-02-14,Santa Clara,85,1922200,8,2,1,3,0
2020-02-14,Santa Cruz,87,273765,0,0,0,0,0
2020-02-14,Shasta,89,179085,0,0,0,0,0
2020-02-14,Sierra,91,2930,0,0,0,0,0
2020-02-14,Siskiyou,93,43540,0,0,0,0,0
2020-02-14,Solano,95,438530,1,0,0,0,0
2020-02-14,Sonoma,97,501317,0,0,0,0,0
2020-02-14,Stanislaus,99,539301,1,0,2,2,0
2020-02-14,Sutter,101,95872,0,0,0,0,0
2020-02-14,Tehama,103,63373,0,0,0,0,0
2020-02-14,Trinity,105,12862,0,0,0,0,0
2020-02-14,Tulare,107,460477,2,0,0,0,0
2020-02-14,Tuolumne,109,53932,0,0,0,0,0
2020-02-14,Ventura,111,848112,2,0,0,0,0
2020-02-14,Yolo,113,214977,1,0,0,0,0
2020-02-14,Yuba,115,75493,0,0,0,0,0
2020-02-13,Alameda,1,1643700,4,0,0,0,0
2020-02-13,Alpine,3,1148,0,0,0,0,0
2020-02-13,Amador,5,37829,0,0,0,0,0
2020-02-13,Butte,7,227075,0,0,0,0,0
2020-02-13,Calaveras,9,45235,0,0,0,0,0
2020-02-13,Colusa,11,21464,0,0,0,0,0
2020-02-13,Contra Costa,13,1133247,3,0,0,0,0
2020-02-13,Del Norte,15,27424,0,0,0,0,0
2020-02-13,El Dorado,17,186661,0,0,0,0,0
2020-02-13,Fresno,19,978130,0,0,0,0,0
2020-02-13,Glenn,21,27897,0,0,0,0,0
2020-02-13,Humboldt,23,135768,1,0,0,0,0
2020-02-13,Imperial,25,180216,1,0,0,0,0
2020-02-13,Inyo,27,18085,0,0,0,0,0
2020-02-13,Kern,29,883053,2,0,0,0,0
2020-02-13,Kings,31,150075,1,0,0,0,0
2020-02-13,Lake,33,64148,0,0,0,0,0
2020-02-13,Lassen,35,31185,0,0,0,0,0
2020-02-13,Los Angeles,37,10098052,31,1,7,8,0
2020-02-13,Madera,39,155013,0,0,0,0,0
2020-02-13,Marin,41,260295,0,0,0,0,0
2020-02-13,Mariposa,43,17540,0,0,0,0,0
2020-02-13,Mendocino,45,87422,0,0,0,0,0
2020-02-13,Merced,47,269075,0,0,0,0,0
2020-02-13,Modoc,49,8938,0,0,0,0,0
2020-02-13,Mono,51,14174,0,0,0,0,0
2020-02-13,Monterey,53,433212,0,0,0,0,0
2020-02-13,Napa,55,140530,0,0,0,0,0
2020-02-13,Nevada,57,99092,0,0,0,0,0
2020-02-13,Orange,59,3164182,39,1,0,1,0
2020-02-13,Placer,61,380077,0,0,0,0,0
2020-02-13,Plumas,63,18699,0,0,0,0,0
2020-02-13,Riverside,65,2383286,4,0,0,0,0
2020-02-13,Sacramento,67,1510023,1,0,0,0,0
2020-02-13,San Benito,69,59416,0,2,0,2,0
2020-02-13,San Bernardino,71,2135413,8,0,0,0,0
2020-02-13,San Diego,73,3302833,2,2,0,2,0
2020-02-13,San Francisco,75,870044,2,0,0,0,0
2020-02-13,San Joaquin,77,732212,1,0,1,1,0
2020-02-13,San Luis Obispo,79,281455,0,0,0,0,0
2020-02-13,San Mateo,81,765935,2,0,0,0,0
2020-02-13,Santa Barbara,83,443738,0,0,0,0,0
2020-02-13,Santa Clara,85,1922200,7,2,0,2,0
2020-02-13,Santa Cruz,87,273765,0,0,0,0,0
2020-02-13,Shasta,89,179085,0,0,0,0,0
2020-02-13,Sierra,91,2930,0,0,0,0,0
2020-02-13,Siskiyou,93,43540,0,0,0,0,0
2020-02-13,Solano,95,438530,0,0,0,0,0
2020-02-13,Sonoma,97,501317,0,0,0,0,0
2020-02-13,Stanislaus,99,539301,1,0,1,1,0
2020-02-13,Sutter,101,95872,0,0,0,0,0
2020-02-13,Tehama,103,63373,0,0,0,0,0
2020-02-13,Trinity,105,12862,0,0,0,0,0
2020-02-13,Tulare,107,460477,2,0,0,0,0
2020-02-13,Tuolumne,109,53932,0,0,0,0,0
2020-02-13,Ventura,111,848112,2,0,0,0,0
2020-02-13,Yolo,113,214977,1,0,0,0,0
2020-02-13,Yuba,115,75493,0,0,0,0,0
2020-02-12,Alameda,1,1643700,4,0,0,0,0
2020-02-12,Alpine,3,1148,0,0,0,0,0
2020-02-12,Amador,5,37829,0,0,0,0,0
2020-02-12,Butte,7,227075,0,0,0,0,0
2020-02-12,Calaveras,9,45235,0,0,0,0,0
2020-02-12,Colusa,11,21464,0,0,0,0,0
2020-02-12,Contra Costa,13,1133247,3,0,0,0,0
2020-02-12,Del Norte,15,27424,0,0,0,0,0
2020-02-12,El Dorado,17,186661,0,0,0,0,0
2020-02-12,Fresno,19,978130,0,0,0,0,0
2020-02-12,Glenn,21,27897,0,0,0,0,0
2020-02-12,Humboldt,23,135768,1,0,0,0,0
2020-02-12,Imperial,25,180216,1,0,0,0,0
2020-02-12,Inyo,27,18085,0,0,0,0,0
2020-02-12,Kern,29,883053,2,0,0,0,0
2020-02-12,Kings,31,150075,1,0,0,0,0
2020-02-12,Lake,33,64148,0,0,0,0,0
2020-02-12,Lassen,35,31185,0,0,0,0,0
2020-02-12,Los Angeles,37,10098052,29,1,7,8,0
2020-02-12,Madera,39,155013,0,0,0,0,0
2020-02-12,Marin,41,260295,0,0,0,0,0
2020-02-12,Mariposa,43,17540,0,0,0,0,0
2020-02-12,Mendocino,45,87422,0,0,0,0,0
2020-02-12,Merced,47,269075,0,0,0,0,0
2020-02-12,Modoc,49,8938,0,0,0,0,0
2020-02-12,Mono,51,14174,0,0,0,0,0
2020-02-12,Monterey,53,433212,0,0,0,0,0
2020-02-12,Napa,55,140530,0,0,0,0,0
2020-02-12,Nevada,57,99092,0,0,0,0,0
2020-02-12,Orange,59,3164182,39,1,0,1,0
2020-02-12,Placer,61,380077,0,0,0,0,0
2020-02-12,Plumas,63,18699,0,0,0,0,0
2020-02-12,Riverside,65,2383286,4,0,0,0,0
2020-02-12,Sacramento,67,1510023,1,0,0,0,0
2020-02-12,San Benito,69,59416,0,2,0,2,0
2020-02-12,San Bernardino,71,2135413,8,0,0,0,0
2020-02-12,San Diego,73,3302833,2,2,0,2,0
2020-02-12,San Francisco,75,870044,2,0,0,0,0
2020-02-12,San Joaquin,77,732212,1,0,1,1,0
2020-02-12,San Luis Obispo,79,281455,0,0,0,0,0
2020-02-12,San Mateo,81,765935,2,0,0,0,0
2020-02-12,Santa Barbara,83,443738,0,0,0,0,0
2020-02-12,Santa Clara,85,1922200,6,2,0,2,0
2020-02-12,Santa Cruz,87,273765,0,0,0,0,0
2020-02-12,Shasta,89,179085,0,0,0,0,0
2020-02-12,Sierra,91,2930,0,0,0,0,0
2020-02-12,Siskiyou,93,43540,0,0,0,0,0
2020-02-12,Solano,95,438530,0,0,0,0,0
2020-02-12,Sonoma,97,501317,0,0,0,0,0
2020-02-12,Stanislaus,99,539301,1,0,1,1,0
2020-02-12,Sutter,101,95872,0,0,0,0,0
2020-02-12,Tehama,103,63373,0,0,0,0,0
2020-02-12,Trinity,105,12862,0,0,0,0,0
2020-02-12,Tulare,107,460477,2,0,0,0,0
2020-02-12,Tuolumne,109,53932,0,0,0,0,0
2020-02-12,Ventura,111,848112,2,0,0,0,0
2020-02-12,Yolo,113,214977,1,0,0,0,0
2020-02-12,Yuba,115,75493,0,0,0,0,0
2020-02-11,Alameda,1,1643700,4,0,0,0,0
2020-02-11,Alpine,3,1148,0,0,0,0,0
2020-02-11,Amador,5,37829,0,0,0,0,0
2020-02-11,Butte,7,227075,0,0,0,0,0
2020-02-11,Calaveras,9,45235,0,0,0,0,0
2020-02-11,Colusa,11,21464,0,0,0,0,0
2020-02-11,Contra Costa,13,1133247,3,0,0,0,0
2020-02-11,Del Norte,15,27424,0,0,0,0,0
2020-02-11,El Dorado,17,186661,0,0,0,0,0
2020-02-11,Fresno,19,978130,0,0,0,0,0
2020-02-11,Glenn,21,27897,0,0,0,0,0
2020-02-11,Humboldt,23,135768,1,0,0,0,0
2020-02-11,Imperial,25,180216,1,0,0,0,0
2020-02-11,Inyo,27,18085,0,0,0,0,0
2020-02-11,Kern,29,883053,2,0,0,0,0
2020-02-11,Kings,31,150075,1,0,0,0,0
2020-02-11,Lake,33,64148,0,0,0,0,0
2020-02-11,Lassen,35,31185,0,0,0,0,0
2020-02-11,Los Angeles,37,10098052,28,1,6,7,0
2020-02-11,Madera,39,155013,0,0,0,0,0
2020-02-11,Marin,41,260295,0,0,0,0,0
2020-02-11,Mariposa,43,17540,0,0,0,0,0
2020-02-11,Mendocino,45,87422,0,0,0,0,0
2020-02-11,Merced,47,269075,0,0,0,0,0
2020-02-11,Modoc,49,8938,0,0,0,0,0
2020-02-11,Mono,51,14174,0,0,0,0,0
2020-02-11,Monterey,53,433212,0,0,0,0,0
2020-02-11,Napa,55,140530,0,0,0,0,0
2020-02-11,Nevada,57,99092,0,0,0,0,0
2020-02-11,Orange,59,3164182,38,1,0,1,0
2020-02-11,Placer,61,380077,0,0,0,0,0
2020-02-11,Plumas,63,18699,0,0,0,0,0
2020-02-11,Riverside,65,2383286,4,0,0,0,0
2020-02-11,Sacramento,67,1510023,1,0,0,0,0
2020-02-11,San Benito,69,59416,0,2,0,2,0
2020-02-11,San Bernardino,71,2135413,8,0,0,0,0
2020-02-11,San Diego,73,3302833,2,1,0,1,0
2020-02-11,San Francisco,75,870044,2,0,0,0,0
2020-02-11,San Joaquin,77,732212,0,0,1,1,0
2020-02-11,San Luis Obispo,79,281455,0,0,0,0,0
2020-02-11,San Mateo,81,765935,2,0,0,0,0
2020-02-11,Santa Barbara,83,443738,0,0,0,0,0
2020-02-11,Santa Clara,85,1922200,5,2,0,2,0
2020-02-11,Santa Cruz,87,273765,0,0,0,0,0
2020-02-11,Shasta,89,179085,0,0,0,0,0
2020-02-11,Sierra,91,2930,0,0,0,0,0
2020-02-11,Siskiyou,93,43540,0,0,0,0,0
2020-02-11,Solano,95,438530,0,0,0,0,0
2020-02-11,Sonoma,97,501317,0,0,0,0,0
2020-02-11,Stanislaus,99,539301,1,0,1,1,0
2020-02-11,Sutter,101,95872,0,0,0,0,0
2020-02-11,Tehama,103,63373,0,0,0,0,0
2020-02-11,Trinity,105,12862,0,0,0,0,0
2020-02-11,Tulare,107,460477,2,0,0,0,0
2020-02-11,Tuolumne,109,53932,0,0,0,0,0
2020-02-11,Ventura,111,848112,2,0,0,0,0
2020-02-11,Yolo,113,214977,1,0,0,0,0
2020-02-11,Yuba,115,75493,0,0,0,0,0
2020-02-10,Alameda,1,1643700,4,0,0,0,0
2020-02-10,Alpine,3,1148,0,0,0,0,0
2020-02-10,Amador,5,37829,0,0,0,0,0
2020-02-10,Butte,7,227075,0,0,0,0,0
2020-02-10,Calaveras,9,45235,0,0,0,0,0
2020-02-10,Colusa,11,21464,0,0,0,0,0
2020-02-10,Contra Costa,13,1133247,3,0,0,0,0
2020-02-10,Del Norte,15,27424,0,0,0,0,0
2020-02-10,El Dorado,17,186661,0,0,0,0,0
2020-02-10,Fresno,19,978130,0,0,0,0,0
2020-02-10,Glenn,21,27897,0,0,0,0,0
2020-02-10,Humboldt,23,135768,0,0,0,0,0
2020-02-10,Imperial,25,180216,1,0,0,0,0
2020-02-10,Inyo,27,18085,0,0,0,0,0
2020-02-10,Kern,29,883053,2,0,0,0,0
2020-02-10,Kings,31,150075,1,0,0,0,0
2020-02-10,Lake,33,64148,0,0,0,0,0
2020-02-10,Lassen,35,31185,0,0,0,0,0
2020-02-10,Los Angeles,37,10098052,26,1,6,7,0
2020-02-10,Madera,39,155013,0,0,0,0,0
2020-02-10,Marin,41,260295,0,0,0,0,0
2020-02-10,Mariposa,43,17540,0,0,0,0,0
2020-02-10,Mendocino,45,87422,0,0,0,0,0
2020-02-10,Merced,47,269075,0,0,0,0,0
2020-02-10,Modoc,49,8938,0,0,0,0,0
2020-02-10,Mono,51,14174,0,0,0,0,0
2020-02-10,Monterey,53,433212,0,0,0,0,0
2020-02-10,Napa,55,140530,0,0,0,0,0
2020-02-10,Nevada,57,99092,0,0,0,0,0
2020-02-10,Orange,59,3164182,38,1,0,1,0
2020-02-10,Placer,61,380077,0,0,0,0,0
2020-02-10,Plumas,63,18699,0,0,0,0,0
2020-02-10,Riverside,65,2383286,4,0,0,0,0
2020-02-10,Sacramento,67,1510023,1,0,0,0,0
2020-02-10,San Benito,69,59416,0,2,0,2,0
2020-02-10,San Bernardino,71,2135413,7,0,0,0,0
2020-02-10,San Diego,73,3302833,2,0,0,0,0
2020-02-10,San Francisco,75,870044,2,0,0,0,0
2020-02-10,San Joaquin,77,732212,0,0,1,1,0
2020-02-10,San Luis Obispo,79,281455,0,0,0,0,0
2020-02-10,San Mateo,81,765935,2,0,0,0,0
2020-02-10,Santa Barbara,83,443738,0,0,0,0,0
2020-02-10,Santa Clara,85,1922200,5,2,0,2,0
2020-02-10,Santa Cruz,87,273765,0,0,0,0,0
2020-02-10,Shasta,89,179085,0,0,0,0,0
2020-02-10,Sierra,91,2930,0,0,0,0,0
2020-02-10,Siskiyou,93,43540,0,0,0,0,0
2020-02-10,Solano,95,438530,0,0,0,0,0
2020-02-10,Sonoma,97,501317,0,0,0,0,0
2020-02-10,Stanislaus,99,539301,1,0,0,0,0
2020-02-10,Sutter,101,95872,0,0,0,0,0
2020-02-10,Tehama,103,63373,0,0,0,0,0
2020-02-10,Trinity,105,12862,0,0,0,0,0
2020-02-10,Tulare,107,460477,2,0,0,0,0
2020-02-10,Tuolumne,109,53932,0,0,0,0,0
2020-02-10,Ventura,111,848112,2,0,0,0,0
2020-02-10,Yolo,113,214977,1,0,0,0,0
2020-02-10,Yuba,115,75493,0,0,0,0,0
2020-02-09,Alameda,1,1643700,4,0,0,0,0
2020-02-09,Alpine,3,1148,0,0,0,0,0
2020-02-09,Amador,5,37829,0,0,0,0,0
2020-02-09,Butte,7,227075,0,0,0,0,0
2020-02-09,Calaveras,9,45235,0,0,0,0,0
2020-02-09,Colusa,11,21464,0,0,0,0,0
2020-02-09,Contra Costa,13,1133247,3,0,0,0,0
2020-02-09,Del Norte,15,27424,0,0,0,0,0
2020-02-09,El Dorado,17,186661,0,0,0,0,0
2020-02-09,Fresno,19,978130,0,0,0,0,0
2020-02-09,Glenn,21,27897,0,0,0,0,0
2020-02-09,Humboldt,23,135768,0,0,0,0,0
2020-02-09,Imperial,25,180216,1,0,0,0,0
2020-02-09,Inyo,27,18085,0,0,0,0,0
2020-02-09,Kern,29,883053,2,0,0,0,0
2020-02-09,Kings,31,150075,1,0,0,0,0
2020-02-09,Lake,33,64148,0,0,0,0,0
2020-02-09,Lassen,35,31185,0,0,0,0,0
2020-02-09,Los Angeles,37,10098052,24,1,6,7,0
2020-02-09,Madera,39,155013,0,0,0,0,0
2020-02-09,Marin,41,260295,0,0,0,0,0
2020-02-09,Mariposa,43,17540,0,0,0,0,0
2020-02-09,Mendocino,45,87422,0,0,0,0,0
2020-02-09,Merced,47,269075,0,0,0,0,0
2020-02-09,Modoc,49,8938,0,0,0,0,0
2020-02-09,Mono,51,14174,0,0,0,0,0
2020-02-09,Monterey,53,433212,0,0,0,0,0
2020-02-09,Napa,55,140530,0,0,0,0,0
2020-02-09,Nevada,57,99092,0,0,0,0,0
2020-02-09,Orange,59,3164182,37,1,0,1,0
2020-02-09,Placer,61,380077,0,0,0,0,0
2020-02-09,Plumas,63,18699,0,0,0,0,0
2020-02-09,Riverside,65,2383286,4,0,0,0,0
2020-02-09,Sacramento,67,1510023,0,0,0,0,0
2020-02-09,San Benito,69,59416,0,2,0,2,0
2020-02-09,San Bernardino,71,2135413,7,0,0,0,0
2020-02-09,San Diego,73,3302833,2,0,0,0,0
2020-02-09,San Francisco,75,870044,1,0,0,0,0
2020-02-09,San Joaquin,77,732212,0,0,1,1,0
2020-02-09,San Luis Obispo,79,281455,0,0,0,0,0
2020-02-09,San Mateo,81,765935,2,0,0,0,0
2020-02-09,Santa Barbara,83,443738,0,0,0,0,0
2020-02-09,Santa Clara,85,1922200,4,2,0,2,0
2020-02-09,Santa Cruz,87,273765,0,0,0,0,0
2020-02-09,Shasta,89,179085,0,0,0,0,0
2020-02-09,Sierra,91,2930,0,0,0,0,0
2020-02-09,Siskiyou,93,43540,0,0,0,0,0
2020-02-09,Solano,95,438530,0,0,0,0,0
2020-02-09,Sonoma,97,501317,0,0,0,0,0
2020-02-09,Stanislaus,99,539301,0,0,0,0,0
2020-02-09,Sutter,101,95872,0,0,0,0,0
2020-02-09,Tehama,103,63373,0,0,0,0,0
2020-02-09,Trinity,105,12862,0,0,0,0,0
2020-02-09,Tulare,107,460477,2,0,0,0,0
2020-02-09,Tuolumne,109,53932,0,0,0,0,0
2020-02-09,Ventura,111,848112,1,0,0,0,0
2020-02-09,Yolo,113,214977,1,0,0,0,0
2020-02-09,Yuba,115,75493,0,0,0,0,0
2020-02-08,Alameda,1,1643700,3,0,0,0,0
2020-02-08,Alpine,3,1148,0,0,0,0,0
2020-02-08,Amador,5,37829,0,0,0,0,0
2020-02-08,Butte,7,227075,0,0,0,0,0
2020-02-08,Calaveras,9,45235,0,0,0,0,0
2020-02-08,Colusa,11,21464,0,0,0,0,0
2020-02-08,Contra Costa,13,1133247,2,0,0,0,0
2020-02-08,Del Norte,15,27424,0,0,0,0,0
2020-02-08,El Dorado,17,186661,0,0,0,0,0
2020-02-08,Fresno,19,978130,0,0,0,0,0
2020-02-08,Glenn,21,27897,0,0,0,0,0
2020-02-08,Humboldt,23,135768,0,0,0,0,0
2020-02-08,Imperial,25,180216,1,0,0,0,0
2020-02-08,Inyo,27,18085,0,0,0,0,0
2020-02-08,Kern,29,883053,2,0,0,0,0
2020-02-08,Kings,31,150075,1,0,0,0,0
2020-02-08,Lake,33,64148,0,0,0,0,0
2020-02-08,Lassen,35,31185,0,0,0,0,0
2020-02-08,Los Angeles,37,10098052,21,1,3,4,0
2020-02-08,Madera,39,155013,0,0,0,0,0
2020-02-08,Marin,41,260295,0,0,0,0,0
2020-02-08,Mariposa,43,17540,0,0,0,0,0
2020-02-08,Mendocino,45,87422,0,0,0,0,0
2020-02-08,Merced,47,269075,0,0,0,0,0
2020-02-08,Modoc,49,8938,0,0,0,0,0
2020-02-08,Mono,51,14174,0,0,0,0,0
2020-02-08,Monterey,53,433212,0,0,0,0,0
2020-02-08,Napa,55,140530,0,0,0,0,0
2020-02-08,Nevada,57,99092,0,0,0,0,0
2020-02-08,Orange,59,3164182,37,1,0,1,0
2020-02-08,Placer,61,380077,0,0,0,0,0
2020-02-08,Plumas,63,18699,0,0,0,0,0
2020-02-08,Riverside,65,2383286,4,0,0,0,0
2020-02-08,Sacramento,67,1510023,0,0,0,0,0
2020-02-08,San Benito,69,59416,0,2,0,2,0
2020-02-08,San Bernardino,71,2135413,7,0,0,0,0
2020-02-08,San Diego,73,3302833,1,0,0,0,0
2020-02-08,San Francisco,75,870044,1,0,0,0,0
2020-02-08,San Joaquin,77,732212,0,0,1,1,0
2020-02-08,San Luis Obispo,79,281455,0,0,0,0,0
2020-02-08,San Mateo,81,765935,2,0,0,0,0
2020-02-08,Santa Barbara,83,443738,0,0,0,0,0
2020-02-08,Santa Clara,85,1922200,4,2,0,2,0
2020-02-08,Santa Cruz,87,273765,0,0,0,0,0
2020-02-08,Shasta,89,179085,0,0,0,0,0
2020-02-08,Sierra,91,2930,0,0,0,0,0
2020-02-08,Siskiyou,93,43540,0,0,0,0,0
2020-02-08,Solano,95,438530,0,0,0,0,0
2020-02-08,Sonoma,97,501317,0,0,0,0,0
2020-02-08,Stanislaus,99,539301,0,0,0,0,0
2020-02-08,Sutter,101,95872,0,0,0,0,0
2020-02-08,Tehama,103,63373,0,0,0,0,0
2020-02-08,Trinity,105,12862,0,0,0,0,0
2020-02-08,Tulare,107,460477,2,0,0,0,0
2020-02-08,Tuolumne,109,53932,0,0,0,0,0
2020-02-08,Ventura,111,848112,1,0,0,0,0
2020-02-08,Yolo,113,214977,1,0,0,0,0
2020-02-08,Yuba,115,75493,0,0,0,0,0
2020-02-07,Alameda,1,1643700,3,0,0,0,0
2020-02-07,Alpine,3,1148,0,0,0,0,0
2020-02-07,Amador,5,37829,0,0,0,0,0
2020-02-07,Butte,7,227075,0,0,0,0,0
2020-02-07,Calaveras,9,45235,0,0,0,0,0
2020-02-07,Colusa,11,21464,0,0,0,0,0
2020-02-07,Contra Costa,13,1133247,2,0,0,0,0
2020-02-07,Del Norte,15,27424,0,0,0,0,0
2020-02-07,El Dorado,17,186661,0,0,0,0,0
2020-02-07,Fresno,19,978130,0,0,0,0,0
2020-02-07,Glenn,21,27897,0,0,0,0,0
2020-02-07,Humboldt,23,135768,0,0,0,0,0
2020-02-07,Imperial,25,180216,1,0,0,0,0
2020-02-07,Inyo,27,18085,0,0,0,0,0
2020-02-07,Kern,29,883053,2,0,0,0,0
2020-02-07,Kings,31,150075,1,0,0,0,0
2020-02-07,Lake,33,64148,0,0,0,0,0
2020-02-07,Lassen,35,31185,0,0,0,0,0
2020-02-07,Los Angeles,37,10098052,20,1,2,3,0
2020-02-07,Madera,39,155013,0,0,0,0,0
2020-02-07,Marin,41,260295,0,0,0,0,0
2020-02-07,Mariposa,43,17540,0,0,0,0,0
2020-02-07,Mendocino,45,87422,0,0,0,0,0
2020-02-07,Merced,47,269075,0,0,0,0,0
2020-02-07,Modoc,49,8938,0,0,0,0,0
2020-02-07,Mono,51,14174,0,0,0,0,0
2020-02-07,Monterey,53,433212,0,0,0,0,0
2020-02-07,Napa,55,140530,0,0,0,0,0
2020-02-07,Nevada,57,99092,0,0,0,0,0
2020-02-07,Orange,59,3164182,35,1,0,1,0
2020-02-07,Placer,61,380077,0,0,0,0,0
2020-02-07,Plumas,63,18699,0,0,0,0,0
2020-02-07,Riverside,65,2383286,4,0,0,0,0
2020-02-07,Sacramento,67,1510023,0,0,0,0,0
2020-02-07,San Benito,69,59416,0,2,0,2,0
2020-02-07,San Bernardino,71,2135413,4,0,0,0,0
2020-02-07,San Diego,73,3302833,1,0,0,0,0
2020-02-07,San Francisco,75,870044,1,0,0,0,0
2020-02-07,San Joaquin,77,732212,0,0,1,1,0
2020-02-07,San Luis Obispo,79,281455,0,0,0,0,0
2020-02-07,San Mateo,81,765935,1,0,0,0,0
2020-02-07,Santa Barbara,83,443738,0,0,0,0,0
2020-02-07,Santa Clara,85,1922200,4,2,0,2,0
2020-02-07,Santa Cruz,87,273765,0,0,0,0,0
2020-02-07,Shasta,89,179085,0,0,0,0,0
2020-02-07,Sierra,91,2930,0,0,0,0,0
2020-02-07,Siskiyou,93,43540,0,0,0,0,0
2020-02-07,Solano,95,438530,0,0,0,0,0
2020-02-07,Sonoma,97,501317,0,0,0,0,0
2020-02-07,Stanislaus,99,539301,0,0,0,0,0
2020-02-07,Sutter,101,95872,0,0,0,0,0
2020-02-07,Tehama,103,63373,0,0,0,0,0
2020-02-07,Trinity,105,12862,0,0,0,0,0
2020-02-07,Tulare,107,460477,2,0,0,0,0
2020-02-07,Tuolumne,109,53932,0,0,0,0,0
2020-02-07,Ventura,111,848112,1,0,0,0,0
2020-02-07,Yolo,113,214977,1,0,0,0,0
2020-02-07,Yuba,115,75493,0,0,0,0,0
2020-02-06,Alameda,1,1643700,3,0,0,0,0
2020-02-06,Alpine,3,1148,0,0,0,0,0
2020-02-06,Amador,5,37829,0,0,0,0,0
2020-02-06,Butte,7,227075,0,0,0,0,0
2020-02-06,Calaveras,9,45235,0,0,0,0,0
2020-02-06,Colusa,11,21464,0,0,0,0,0
2020-02-06,Contra Costa,13,1133247,2,0,0,0,0
2020-02-06,Del Norte,15,27424,0,0,0,0,0
2020-02-06,El Dorado,17,186661,0,0,0,0,0
2020-02-06,Fresno,19,978130,0,0,0,0,0
2020-02-06,Glenn,21,27897,0,0,0,0,0
2020-02-06,Humboldt,23,135768,0,0,0,0,0
2020-02-06,Imperial,25,180216,1,0,0,0,0
2020-02-06,Inyo,27,18085,0,0,0,0,0
2020-02-06,Kern,29,883053,2,0,0,0,0
2020-02-06,Kings,31,150075,0,0,0,0,0
2020-02-06,Lake,33,64148,0,0,0,0,0
2020-02-06,Lassen,35,31185,0,0,0,0,0
2020-02-06,Los Angeles,37,10098052,18,1,2,3,0
2020-02-06,Madera,39,155013,0,0,0,0,0
2020-02-06,Marin,41,260295,0,0,0,0,0
2020-02-06,Mariposa,43,17540,0,0,0,0,0
2020-02-06,Mendocino,45,87422,0,0,0,0,0
2020-02-06,Merced,47,269075,0,0,0,0,0
2020-02-06,Modoc,49,8938,0,0,0,0,0
2020-02-06,Mono,51,14174,0,0,0,0,0
2020-02-06,Monterey,53,433212,0,0,0,0,0
2020-02-06,Napa,55,140530,0,0,0,0,0
2020-02-06,Nevada,57,99092,0,0,0,0,0
2020-02-06,Orange,59,3164182,5,1,0,1,0
2020-02-06,Placer,61,380077,0,0,0,0,0
2020-02-06,Plumas,63,18699,0,0,0,0,0
2020-02-06,Riverside,65,2383286,4,0,0,0,0
2020-02-06,Sacramento,67,1510023,0,0,0,0,0
2020-02-06,San Benito,69,59416,0,2,0,2,0
2020-02-06,San Bernardino,71,2135413,4,0,0,0,0
2020-02-06,San Diego,73,3302833,1,0,0,0,0
2020-02-06,San Francisco,75,870044,1,0,0,0,0
2020-02-06,San Joaquin,77,732212,0,0,1,1,0
2020-02-06,San Luis Obispo,79,281455,0,0,0,0,0
2020-02-06,San Mateo,81,765935,1,0,0,0,0
2020-02-06,Santa Barbara,83,443738,0,0,0,0,0
2020-02-06,Santa Clara,85,1922200,4,2,0,2,0
2020-02-06,Santa Cruz,87,273765,0,0,0,0,0
2020-02-06,Shasta,89,179085,0,0,0,0,0
2020-02-06,Sierra,91,2930,0,0,0,0,0
2020-02-06,Siskiyou,93,43540,0,0,0,0,0
2020-02-06,Solano,95,438530,0,0,0,0,0
2020-02-06,Sonoma,97,501317,0,0,0,0,0
2020-02-06,Stanislaus,99,539301,0,0,0,0,0
2020-02-06,Sutter,101,95872,0,0,0,0,0
2020-02-06,Tehama,103,63373,0,0,0,0,0
2020-02-06,Trinity,105,12862,0,0,0,0,0
2020-02-06,Tulare,107,460477,2,0,0,0,0
2020-02-06,Tuolumne,109,53932,0,0,0,0,0
2020-02-06,Ventura,111,848112,1,0,0,0,0
2020-02-06,Yolo,113,214977,1,0,0,0,0
2020-02-06,Yuba,115,75493,0,0,0,0,0
2020-02-05,Alameda,1,1643700,3,0,0,0,0
2020-02-05,Alpine,3,1148,0,0,0,0,0
2020-02-05,Amador,5,37829,0,0,0,0,0
2020-02-05,Butte,7,227075,0,0,0,0,0
2020-02-05,Calaveras,9,45235,0,0,0,0,0
2020-02-05,Colusa,11,21464,0,0,0,0,0
2020-02-05,Contra Costa,13,1133247,2,0,0,0,0
2020-02-05,Del Norte,15,27424,0,0,0,0,0
2020-02-05,El Dorado,17,186661,0,0,0,0,0
2020-02-05,Fresno,19,978130,0,0,0,0,0
2020-02-05,Glenn,21,27897,0,0,0,0,0
2020-02-05,Humboldt,23,135768,0,0,0,0,0
2020-02-05,Imperial,25,180216,1,0,0,0,0
2020-02-05,Inyo,27,18085,0,0,0,0,0
2020-02-05,Kern,29,883053,1,0,0,0,0
2020-02-05,Kings,31,150075,0,0,0,0,0
2020-02-05,Lake,33,64148,0,0,0,0,0
2020-02-05,Lassen,35,31185,0,0,0,0,0
2020-02-05,Los Angeles,37,10098052,18,1,1,2,0
2020-02-05,Madera,39,155013,0,0,0,0,0
2020-02-05,Marin,41,260295,0,0,0,0,0
2020-02-05,Mariposa,43,17540,0,0,0,0,0
2020-02-05,Mendocino,45,87422,0,0,0,0,0
2020-02-05,Merced,47,269075,0,0,0,0,0
2020-02-05,Modoc,49,8938,0,0,0,0,0
2020-02-05,Mono,51,14174,0,0,0,0,0
2020-02-05,Monterey,53,433212,0,0,0,0,0
2020-02-05,Napa,55,140530,0,0,0,0,0
2020-02-05,Nevada,57,99092,0,0,0,0,0
2020-02-05,Orange,59,3164182,4,1,0,1,0
2020-02-05,Placer,61,380077,0,0,0,0,0
2020-02-05,Plumas,63,18699,0,0,0,0,0
2020-02-05,Riverside,65,2383286,4,0,0,0,0
2020-02-05,Sacramento,67,1510023,0,0,0,0,0
2020-02-05,San Benito,69,59416,0,2,0,2,0
2020-02-05,San Bernardino,71,2135413,4,0,0,0,0
2020-02-05,San Diego,73,3302833,0,0,0,0,0
2020-02-05,San Francisco,75,870044,1,0,0,0,0
2020-02-05,San Joaquin,77,732212,0,0,1,1,0
2020-02-05,San Luis Obispo,79,281455,0,0,0,0,0
2020-02-05,San Mateo,81,765935,1,0,0,0,0
2020-02-05,Santa Barbara,83,443738,0,0,0,0,0
2020-02-05,Santa Clara,85,1922200,2,2,0,2,0
2020-02-05,Santa Cruz,87,273765,0,0,0,0,0
2020-02-05,Shasta,89,179085,0,0,0,0,0
2020-02-05,Sierra,91,2930,0,0,0,0,0
2020-02-05,Siskiyou,93,43540,0,0,0,0,0
2020-02-05,Solano,95,438530,0,0,0,0,0
2020-02-05,Sonoma,97,501317,0,0,0,0,0
2020-02-05,Stanislaus,99,539301,0,0,0,0,0
2020-02-05,Sutter,101,95872,0,0,0,0,0
2020-02-05,Tehama,103,63373,0,0,0,0,0
2020-02-05,Trinity,105,12862,0,0,0,0,0
2020-02-05,Tulare,107,460477,2,0,0,0,0
2020-02-05,Tuolumne,109,53932,0,0,0,0,0
2020-02-05,Ventura,111,848112,0,0,0,0,0
2020-02-05,Yolo,113,214977,1,0,0,0,0
2020-02-05,Yuba,115,75493,0,0,0,0,0
2020-02-04,Alameda,1,1643700,3,0,0,0,0
2020-02-04,Alpine,3,1148,0,0,0,0,0
2020-02-04,Amador,5,37829,0,0,0,0,0
2020-02-04,Butte,7,227075,0,0,0,0,0
2020-02-04,Calaveras,9,45235,0,0,0,0,0
2020-02-04,Colusa,11,21464,0,0,0,0,0
2020-02-04,Contra Costa,13,1133247,2,0,0,0,0
2020-02-04,Del Norte,15,27424,0,0,0,0,0
2020-02-04,El Dorado,17,186661,0,0,0,0,0
2020-02-04,Fresno,19,978130,0,0,0,0,0
2020-02-04,Glenn,21,27897,0,0,0,0,0
2020-02-04,Humboldt,23,135768,0,0,0,0,0
2020-02-04,Imperial,25,180216,1,0,0,0,0
2020-02-04,Inyo,27,18085,0,0,0,0,0
2020-02-04,Kern,29,883053,0,0,0,0,0
2020-02-04,Kings,31,150075,0,0,0,0,0
2020-02-04,Lake,33,64148,0,0,0,0,0
2020-02-04,Lassen,35,31185,0,0,0,0,0
2020-02-04,Los Angeles,37,10098052,17,1,1,2,0
2020-02-04,Madera,39,155013,0,0,0,0,0
2020-02-04,Marin,41,260295,0,0,0,0,0
2020-02-04,Mariposa,43,17540,0,0,0,0,0
2020-02-04,Mendocino,45,87422,0,0,0,0,0
2020-02-04,Merced,47,269075,0,0,0,0,0
2020-02-04,Modoc,49,8938,0,0,0,0,0
2020-02-04,Mono,51,14174,0,0,0,0,0
2020-02-04,Monterey,53,433212,0,0,0,0,0
2020-02-04,Napa,55,140530,0,0,0,0,0
2020-02-04,Nevada,57,99092,0,0,0,0,0
2020-02-04,Orange,59,3164182,4,1,0,1,0
2020-02-04,Placer,61,380077,0,0,0,0,0
2020-02-04,Plumas,63,18699,0,0,0,0,0
2020-02-04,Riverside,65,2383286,4,0,0,0,0
2020-02-04,Sacramento,67,1510023,0,0,0,0,0
2020-02-04,San Benito,69,59416,0,2,0,2,0
2020-02-04,San Bernardino,71,2135413,3,0,0,0,0
2020-02-04,San Diego,73,3302833,0,0,0,0,0
2020-02-04,San Francisco,75,870044,1,0,0,0,0
2020-02-04,San Joaquin,77,732212,0,0,1,1,0
2020-02-04,San Luis Obispo,79,281455,0,0,0,0,0
2020-02-04,San Mateo,81,765935,0,0,0,0,0
2020-02-04,Santa Barbara,83,443738,0,0,0,0,0
2020-02-04,Santa Clara,85,1922200,2,2,0,2,0
2020-02-04,Santa Cruz,87,273765,0,0,0,0,0
2020-02-04,Shasta,89,179085,0,0,0,0,0
2020-02-04,Sierra,91,2930,0,0,0,0,0
2020-02-04,Siskiyou,93,43540,0,0,0,0,0
2020-02-04,Solano,95,438530,0,0,0,0,0
2020-02-04,Sonoma,97,501317,0,0,0,0,0
2020-02-04,Stanislaus,99,539301,0,0,0,0,0
2020-02-04,Sutter,101,95872,0,0,0,0,0
2020-02-04,Tehama,103,63373,0,0,0,0,0
2020-02-04,Trinity,105,12862,0,0,0,0,0
2020-02-04,Tulare,107,460477,2,0,0,0,0
2020-02-04,Tuolumne,109,53932,0,0,0,0,0
2020-02-04,Ventura,111,848112,0,0,0,0,0
2020-02-04,Yolo,113,214977,1,0,0,0,0
2020-02-04,Yuba,115,75493,0,0,0,0,0
2020-02-03,Alameda,1,1643700,3,0,0,0,0
2020-02-03,Alpine,3,1148,0,0,0,0,0
2020-02-03,Amador,5,37829,0,0,0,0,0
2020-02-03,Butte,7,227075,0,0,0,0,0
2020-02-03,Calaveras,9,45235,0,0,0,0,0
2020-02-03,Colusa,11,21464,0,0,0,0,0
2020-02-03,Contra Costa,13,1133247,2,0,0,0,0
2020-02-03,Del Norte,15,27424,0,0,0,0,0
2020-02-03,El Dorado,17,186661,0,0,0,0,0
2020-02-03,Fresno,19,978130,0,0,0,0,0
2020-02-03,Glenn,21,27897,0,0,0,0,0
2020-02-03,Humboldt,23,135768,0,0,0,0,0
2020-02-03,Imperial,25,180216,1,0,0,0,0
2020-02-03,Inyo,27,18085,0,0,0,0,0
2020-02-03,Kern,29,883053,0,0,0,0,0
2020-02-03,Kings,31,150075,0,0,0,0,0
2020-02-03,Lake,33,64148,0,0,0,0,0
2020-02-03,Lassen,35,31185,0,0,0,0,0
2020-02-03,Los Angeles,37,10098052,17,1,0,1,0
2020-02-03,Madera,39,155013,0,0,0,0,0
2020-02-03,Marin,41,260295,0,0,0,0,0
2020-02-03,Mariposa,43,17540,0,0,0,0,0
2020-02-03,Mendocino,45,87422,0,0,0,0,0
2020-02-03,Merced,47,269075,0,0,0,0,0
2020-02-03,Modoc,49,8938,0,0,0,0,0
2020-02-03,Mono,51,14174,0,0,0,0,0
2020-02-03,Monterey,53,433212,0,0,0,0,0
2020-02-03,Napa,55,140530,0,0,0,0,0
2020-02-03,Nevada,57,99092,0,0,0,0,0
2020-02-03,Orange,59,3164182,3,1,0,1,0
2020-02-03,Placer,61,380077,0,0,0,0,0
2020-02-03,Plumas,63,18699,0,0,0,0,0
2020-02-03,Riverside,65,2383286,4,0,0,0,0
2020-02-03,Sacramento,67,1510023,0,0,0,0,0
2020-02-03,San Benito,69,59416,0,2,0,2,0
2020-02-03,San Bernardino,71,2135413,3,0,0,0,0
2020-02-03,San Diego,73,3302833,0,0,0,0,0
2020-02-03,San Francisco,75,870044,1,0,0,0,0
2020-02-03,San Joaquin,77,732212,0,0,1,1,0
2020-02-03,San Luis Obispo,79,281455,0,0,0,0,0
2020-02-03,San Mateo,81,765935,0,0,0,0,0
2020-02-03,Santa Barbara,83,443738,0,0,0,0,0
2020-02-03,Santa Clara,85,1922200,2,2,0,2,0
2020-02-03,Santa Cruz,87,273765,0,0,0,0,0
2020-02-03,Shasta,89,179085,0,0,0,0,0
2020-02-03,Sierra,91,2930,0,0,0,0,0
2020-02-03,Siskiyou,93,43540,0,0,0,0,0
2020-02-03,Solano,95,438530,0,0,0,0,0
2020-02-03,Sonoma,97,501317,0,0,0,0,0
2020-02-03,Stanislaus,99,539301,0,0,0,0,0
2020-02-03,Sutter,101,95872,0,0,0,0,0
2020-02-03,Tehama,103,63373,0,0,0,0,0
2020-02-03,Trinity,105,12862,0,0,0,0,0
2020-02-03,Tulare,107,460477,2,0,0,0,0
2020-02-03,Tuolumne,109,53932,0,0,0,0,0
2020-02-03,Ventura,111,848112,0,0,0,0,0
2020-02-03,Yolo,113,214977,1,0,0,0,0
2020-02-03,Yuba,115,75493,0,0,0,0,0
2020-02-02,Alameda,1,1643700,3,0,0,0,0
2020-02-02,Alpine,3,1148,0,0,0,0,0
2020-02-02,Amador,5,37829,0,0,0,0,0
2020-02-02,Butte,7,227075,0,0,0,0,0
2020-02-02,Calaveras,9,45235,0,0,0,0,0
2020-02-02,Colusa,11,21464,0,0,0,0,0
2020-02-02,Contra Costa,13,1133247,1,0,0,0,0
2020-02-02,Del Norte,15,27424,0,0,0,0,0
2020-02-02,El Dorado,17,186661,0,0,0,0,0
2020-02-02,Fresno,19,978130,0,0,0,0,0
2020-02-02,Glenn,21,27897,0,0,0,0,0
2020-02-02,Humboldt,23,135768,0,0,0,0,0
2020-02-02,Imperial,25,180216,1,0,0,0,0
2020-02-02,Inyo,27,18085,0,0,0,0,0
2020-02-02,Kern,29,883053,0,0,0,0,0
2020-02-02,Kings,31,150075,0,0,0,0,0
2020-02-02,Lake,33,64148,0,0,0,0,0
2020-02-02,Lassen,35,31185,0,0,0,0,0
2020-02-02,Los Angeles,37,10098052,15,1,0,1,0
2020-02-02,Madera,39,155013,0,0,0,0,0
2020-02-02,Marin,41,260295,0,0,0,0,0
2020-02-02,Mariposa,43,17540,0,0,0,0,0
2020-02-02,Mendocino,45,87422,0,0,0,0,0
2020-02-02,Merced,47,269075,0,0,0,0,0
2020-02-02,Modoc,49,8938,0,0,0,0,0
2020-02-02,Mono,51,14174,0,0,0,0,0
2020-02-02,Monterey,53,433212,0,0,0,0,0
2020-02-02,Napa,55,140530,0,0,0,0,0
2020-02-02,Nevada,57,99092,0,0,0,0,0
2020-02-02,Orange,59,3164182,3,1,0,1,0
2020-02-02,Placer,61,380077,0,0,0,0,0
2020-02-02,Plumas,63,18699,0,0,0,0,0
2020-02-02,Riverside,65,2383286,3,0,0,0,0
2020-02-02,Sacramento,67,1510023,0,0,0,0,0
2020-02-02,San Benito,69,59416,0,2,0,2,0
2020-02-02,San Bernardino,71,2135413,2,0,0,0,0
2020-02-02,San Diego,73,3302833,0,0,0,0,0
2020-02-02,San Francisco,75,870044,1,0,0,0,0
2020-02-02,San Joaquin,77,732212,0,0,1,1,0
2020-02-02,San Luis Obispo,79,281455,0,0,0,0,0
2020-02-02,San Mateo,81,765935,0,0,0,0,0
2020-02-02,Santa Barbara,83,443738,0,0,0,0,0
2020-02-02,Santa Clara,85,1922200,2,2,0,2,0
2020-02-02,Santa Cruz,87,273765,0,0,0,0,0
2020-02-02,Shasta,89,179085,0,0,0,0,0
2020-02-02,Sierra,91,2930,0,0,0,0,0
2020-02-02,Siskiyou,93,43540,0,0,0,0,0
2020-02-02,Solano,95,438530,0,0,0,0,0
2020-02-02,Sonoma,97,501317,0,0,0,0,0
2020-02-02,Stanislaus,99,539301,0,0,0,0,0
2020-02-02,Sutter,101,95872,0,0,0,0,0
2020-02-02,Tehama,103,63373,0,0,0,0,0
2020-02-02,Trinity,105,12862,0,0,0,0,0
2020-02-02,Tulare,107,460477,2,0,0,0,0
2020-02-02,Tuolumne,109,53932,0,0,0,0,0
2020-02-02,Ventura,111,848112,0,0,0,0,0
2020-02-02,Yolo,113,214977,1,0,0,0,0
2020-02-02,Yuba,115,75493,0,0,0,0,0
2020-02-01,Alameda,1,1643700,3,0,0,0,0
2020-02-01,Alpine,3,1148,0,0,0,0,0
2020-02-01,Amador,5,37829,0,0,0,0,0
2020-02-01,Butte,7,227075,0,0,0,0,0
2020-02-01,Calaveras,9,45235,0,0,0,0,0
2020-02-01,Colusa,11,21464,0,0,0,0,0
2020-02-01,Contra Costa,13,1133247,0,0,0,0,0
2020-02-01,Del Norte,15,27424,0,0,0,0,0
2020-02-01,El Dorado,17,186661,0,0,0,0,0
2020-02-01,Fresno,19,978130,0,0,0,0,0
2020-02-01,Glenn,21,27897,0,0,0,0,0
2020-02-01,Humboldt,23,135768,0,0,0,0,0
2020-02-01,Imperial,25,180216,0,0,0,0,0
2020-02-01,Inyo,27,18085,0,0,0,0,0
2020-02-01,Kern,29,883053,0,0,0,0,0
2020-02-01,Kings,31,150075,0,0,0,0,0
2020-02-01,Lake,33,64148,0,0,0,0,0
2020-02-01,Lassen,35,31185,0,0,0,0,0
2020-02-01,Los Angeles,37,10098052,14,1,0,1,0
2020-02-01,Madera,39,155013,0,0,0,0,0
2020-02-01,Marin,41,260295,0,0,0,0,0
2020-02-01,Mariposa,43,17540,0,0,0,0,0
2020-02-01,Mendocino,45,87422,0,0,0,0,0
2020-02-01,Merced,47,269075,0,0,0,0,0
2020-02-01,Modoc,49,8938,0,0,0,0,0
2020-02-01,Mono,51,14174,0,0,0,0,0
2020-02-01,Monterey,53,433212,0,0,0,0,0
2020-02-01,Napa,55,140530,0,0,0,0,0
2020-02-01,Nevada,57,99092,0,0,0,0,0
2020-02-01,Orange,59,3164182,3,1,0,1,0
2020-02-01,Placer,61,380077,0,0,0,0,0
2020-02-01,Plumas,63,18699,0,0,0,0,0
2020-02-01,Riverside,65,2383286,2,0,0,0,0
2020-02-01,Sacramento,67,1510023,0,0,0,0,0
2020-02-01,San Benito,69,59416,0,0,0,0,0
2020-02-01,San Bernardino,71,2135413,1,0,0,0,0
2020-02-01,San Diego,73,3302833,0,0,0,0,0
2020-02-01,San Francisco,75,870044,1,0,0,0,0
2020-02-01,San Joaquin,77,732212,0,0,1,1,0
2020-02-01,San Luis Obispo,79,281455,0,0,0,0,0
2020-02-01,San Mateo,81,765935,0,0,0,0,0
2020-02-01,Santa Barbara,83,443738,0,0,0,0,0
2020-02-01,Santa Clara,85,1922200,2,1,0,1,0
2020-02-01,Santa Cruz,87,273765,0,0,0,0,0
2020-02-01,Shasta,89,179085,0,0,0,0,0
2020-02-01,Sierra,91,2930,0,0,0,0,0
2020-02-01,Siskiyou,93,43540,0,0,0,0,0
2020-02-01,Solano,95,438530,0,0,0,0,0
2020-02-01,Sonoma,97,501317,0,0,0,0,0
2020-02-01,Stanislaus,99,539301,0,0,0,0,0
2020-02-01,Sutter,101,95872,0,0,0,0,0
2020-02-01,Tehama,103,63373,0,0,0,0,0
2020-02-01,Trinity,105,12862,0,0,0,0,0
2020-02-01,Tulare,107,460477,1,0,0,0,0
2020-02-01,Tuolumne,109,53932,0,0,0,0,0
2020-02-01,Ventura,111,848112,0,0,0,0,0
2020-02-01,Yolo,113,214977,0,0,0,0,0
2020-02-01,Yuba,115,75493,0,0,0,0,0
