date,county,fips,population,confirmed_cases,reported_cases,probable_cases,reported_and_probable_cases,reported_deaths
2022-03-14,Alameda,001,1643700,253651,253629,13669,267298,1791
2022-03-14,Alpine,003,1148,122,122,1,123,0
2022-03-14,Amador,005,37829,8477,8448,652,9100,85
2022-03-14,Butte,007,227075,32821,32812,6619,39431,385
2022-03-14,Calaveras,009,45235,7246,7245,354,7599,118
2022-03-14,Colusa,011,21464,3444,3445,1077,4522,21
2022-03-14,Contra Costa,013,1133247,187016,186969,13024,199993,1265
2022-03-14,Del Norte,015,27424,5807,5807,195,6002,48
2022-03-14,El Dorado,017,186661,26569,26570,3185,29755,199
2022-03-14,Fresno,019,978130,228475,228470,21991,250461,2682
2022-03-14,Glenn,021,27897,4965,4966,1561,6527,44
2022-03-14,Humboldt,023,135768,16892,16890,2940,19830,137
2022-03-14,Imperial,025,180216,54935,54933,10922,65855,897
2022-03-14,Inyo,027,18085,4062,4062,481,4543,56
2022-03-14,Kern,029,883053,190579,190526,46221,236747,2166
2022-03-14,Kings,031,150075,51302,51293,3600,54893,437
2022-03-14,Lake,033,64148,10634,10631,897,11528,131
2022-03-14,Lassen,035,31185,8928,8927,898,9825,62
2022-03-14,Los Angeles,037,10098052,2683100,2683369,122327,2805696,31034
2022-03-14,Madera,039,155013,37278,37255,6014,43269,354
2022-03-14,Marin,041,260295,33094,33099,2192,35291,272
2022-03-14,Mariposa,043,17540,2376,2376,199,2575,6
2022-03-14,Mendocino,045,87422,12988,12992,2954,15946,117
2022-03-14,Merced,047,269075,61918,61905,8420,70325,795
2022-03-14,Modoc,049,8938,731,731,249,980,7
2022-03-14,Mono,051,14174,2961,2961,118,3079,5
2022-03-14,Monterey,053,433212,78463,78376,13235,91611,718
2022-03-14,Napa,055,140530,25654,25649,962,26611,138
2022-03-14,Nevada,057,99092,15947,15954,1201,17155,123
2022-03-14,Orange,059,3164182,543112,543099,41060,584159,6775
2022-03-14,Placer,061,380077,62394,62389,7320,69709,601
2022-03-14,Plumas,063,18699,2710,2711,355,3066,13
2022-03-14,Riverside,065,2383286,588552,588531,28010,616541,6332
2022-03-14,Sacramento,067,1510023,274695,274682,26797,301479,2899
2022-03-14,San Benito,069,59416,12846,12846,511,13357,95
2022-03-14,San Bernardino,071,2135413,559475,559505,24149,583654,6767
2022-03-14,San Diego,073,3302833,745516,745515,49600,795115,5108
2022-03-14,San Francisco,075,870044,123554,123575,8525,132100,824
2022-03-14,San Joaquin,077,732212,165690,165662,9077,174739,2142
2022-03-14,San Luis Obispo,079,281455,52043,52046,3729,55775,458
2022-03-14,San Mateo,081,765935,119564,119564,6983,126547,649
2022-03-14,Santa Barbara,083,443738,85410,85396,4813,90209,667
2022-03-14,Santa Clara,085,1922200,309619,309600,12243,321843,2223
2022-03-14,Santa Cruz,087,273765,47110,47107,1910,49017,255
2022-03-14,Shasta,089,179085,30466,30462,6171,36633,520
2022-03-14,Sierra,091,2930,273,273,42,315,4
2022-03-14,Siskiyou,093,43540,4419,4419,2746,7165,76
2022-03-14,Solano,095,438530,81237,81233,5469,86702,440
2022-03-14,Sonoma,097,501317,82725,82731,2339,85070,473
2022-03-14,Stanislaus,099,539301,118077,118088,16975,135063,1567
2022-03-14,Sutter,101,95872,20471,20478,1976,22454,217
2022-03-14,Tehama,103,63373,11993,11996,2588,14584,160
2022-03-14,Trinity,105,12862,1172,1172,292,1464,20
2022-03-14,Tulare,107,460477,104145,104121,28132,132253,1365
2022-03-14,Tuolumne,109,53932,12560,12567,569,13136,180
2022-03-14,Ventura,111,848112,172107,172107,9224,181331,1442
2022-03-14,Yolo,113,214977,36061,36059,3148,39207,308
2022-03-14,Yuba,115,75493,15747,15748,1186,16934,116
2022-03-13,Alameda,001,1643700,253651,253547,13669,267216,1792
2022-03-13,Alpine,003,1148,122,122,1,123,0
2022-03-13,Amador,005,37829,8477,8444,652,9096,85
2022-03-13,Butte,007,227075,32821,32806,6619,39425,384
2022-03-13,Calaveras,009,45235,7246,7253,354,7607,118
2022-03-13,Colusa,011,21464,3444,3444,1077,4521,21
2022-03-13,Contra Costa,013,1133247,187016,186911,13024,199935,1265
2022-03-13,Del Norte,015,27424,5807,5808,195,6003,48
2022-03-13,El Dorado,017,186661,26569,26563,3185,29748,199
2022-03-13,Fresno,019,978130,228475,228421,21991,250412,2683
2022-03-13,Glenn,021,27897,4965,4966,1561,6527,44
2022-03-13,Humboldt,023,135768,16892,16883,2940,19823,137
2022-03-13,Imperial,025,180216,54935,54934,10922,65856,897
2022-03-13,Inyo,027,18085,4062,4062,481,4543,56
2022-03-13,Kern,029,883053,190579,190495,46221,236716,2166
2022-03-13,Kings,031,150075,51302,51273,3600,54873,437
2022-03-13,Lake,033,64148,10634,10626,897,11523,131
2022-03-13,Lassen,035,31185,8928,8929,898,9827,62
2022-03-13,Los Angeles,037,10098052,2683100,2683351,122327,2805678,31034
2022-03-13,Madera,039,155013,37278,37248,6014,43262,354
2022-03-13,Marin,041,260295,33094,33083,2192,35275,272
2022-03-13,Mariposa,043,17540,2376,2376,199,2575,6
2022-03-13,Mendocino,045,87422,12988,12987,2954,15941,117
2022-03-13,Merced,047,269075,61918,61895,8420,70315,795
2022-03-13,Modoc,049,8938,731,731,249,980,7
2022-03-13,Mono,051,14174,2961,2961,118,3079,5
2022-03-13,Monterey,053,433212,78463,78366,13235,91601,718
2022-03-13,Napa,055,140530,25654,25639,962,26601,138
2022-03-13,Nevada,057,99092,15947,15959,1201,17160,123
2022-03-13,Orange,059,3164182,543112,543036,41060,584096,6774
2022-03-13,Placer,061,380077,62394,62372,7320,69692,601
2022-03-13,Plumas,063,18699,2710,2711,355,3066,13
2022-03-13,Riverside,065,2383286,588552,588487,28010,616497,6332
2022-03-13,Sacramento,067,1510023,274695,274715,26797,301512,2899
2022-03-13,San Benito,069,59416,12846,12844,511,13355,95
2022-03-13,San Bernardino,071,2135413,559475,559450,24149,583599,6767
2022-03-13,San Diego,073,3302833,745516,745515,49600,795115,5108
2022-03-13,San Francisco,075,870044,123554,123622,8525,132147,824
2022-03-13,San Joaquin,077,732212,165690,165641,9077,174718,2142
2022-03-13,San Luis Obispo,079,281455,52043,52040,3729,55769,458
2022-03-13,San Mateo,081,765935,119564,119521,6983,126504,649
2022-03-13,Santa Barbara,083,443738,85410,85453,4813,90266,667
2022-03-13,Santa Clara,085,1922200,309619,309493,12243,321736,2225
2022-03-13,Santa Cruz,087,273765,47110,47087,1910,48997,255
2022-03-13,Shasta,089,179085,30466,30457,6171,36628,520
2022-03-13,Sierra,091,2930,273,273,42,315,4
2022-03-13,Siskiyou,093,43540,4419,4418,2746,7164,76
2022-03-13,Solano,095,438530,81237,81217,5469,86686,440
2022-03-13,Sonoma,097,501317,82725,82711,2339,85050,473
2022-03-13,Stanislaus,099,539301,118077,118075,16975,135050,1567
2022-03-13,Sutter,101,95872,20471,20474,1976,22450,217
2022-03-13,Tehama,103,63373,11993,11997,2588,14585,160
2022-03-13,Trinity,105,12862,1172,1172,292,1464,20
2022-03-13,Tulare,107,460477,104145,104119,28132,132251,1365
2022-03-13,Tuolumne,109,53932,12560,12565,569,13134,180
2022-03-13,Ventura,111,848112,172107,172080,9224,181304,1442
2022-03-13,Yolo,113,214977,36061,36019,3148,39167,308
2022-03-13,Yuba,115,75493,15747,15741,1186,16927,116
2022-03-12,Alameda,001,1643700,253633,253079,13669,266748,1783
2022-03-12,Alpine,003,1148,122,122,1,123,0
2022-03-12,Amador,005,37829,8474,8427,652,9079,84
2022-03-12,Butte,007,227075,32821,32774,6619,39393,380
2022-03-12,Calaveras,009,45235,7246,7253,354,7607,118
2022-03-12,Colusa,011,21464,3444,3440,1077,4517,21
2022-03-12,Contra Costa,013,1133247,187011,186618,13024,199642,1256
2022-03-12,Del Norte,015,27424,5806,5791,195,5986,48
2022-03-12,El Dorado,017,186661,26568,26538,3185,29723,199
2022-03-12,Fresno,019,978130,228471,228041,21991,250032,2653
2022-03-12,Glenn,021,27897,4965,4955,1561,6516,44
2022-03-12,Humboldt,023,135768,16892,16862,2940,19802,137
2022-03-12,Imperial,025,180216,54934,54837,10922,65759,896
2022-03-12,Inyo,027,18085,4062,4056,481,4537,56
2022-03-12,Kern,029,883053,190577,190330,46221,236551,2162
2022-03-12,Kings,031,150075,51302,51145,3600,54745,436
2022-03-12,Lake,033,64148,10631,10594,897,11491,131
2022-03-12,Lassen,035,31185,8928,8915,898,9813,62
2022-03-12,Los Angeles,037,10098052,2683097,2678858,122327,2801185,30901
2022-03-12,Madera,039,155013,37276,37223,6014,43237,354
2022-03-12,Marin,041,260295,33092,33015,2192,35207,272
2022-03-12,Mariposa,043,17540,2376,2372,199,2571,6
2022-03-12,Mendocino,045,87422,12987,12965,2954,15919,117
2022-03-12,Merced,047,269075,61916,61840,8420,70260,795
2022-03-12,Modoc,049,8938,731,730,249,979,7
2022-03-12,Mono,051,14174,2961,2960,118,3078,5
2022-03-12,Monterey,053,433212,78460,78285,13235,91520,716
2022-03-12,Napa,055,140530,25648,25584,962,26546,138
2022-03-12,Nevada,057,99092,15947,15947,1201,17148,123
2022-03-12,Orange,059,3164182,543095,542354,41060,583414,6718
2022-03-12,Placer,061,380077,62392,62282,7320,69602,598
2022-03-12,Plumas,063,18699,2710,2707,355,3062,13
2022-03-12,Riverside,065,2383286,588551,588022,28010,616032,6317
2022-03-12,Sacramento,067,1510023,274689,274519,26797,301316,2886
2022-03-12,San Benito,069,59416,12845,12868,511,13379,95
2022-03-12,San Bernardino,071,2135413,559471,559013,24149,583162,6734
2022-03-12,San Diego,073,3302833,745516,744386,49600,793986,5090
2022-03-12,San Francisco,075,870044,123550,123610,8525,132135,823
2022-03-12,San Joaquin,077,732212,165686,165516,9077,174593,2117
2022-03-12,San Luis Obispo,079,281455,52040,51947,3729,55676,457
2022-03-12,San Mateo,081,765935,119557,119288,6983,126271,641
2022-03-12,Santa Barbara,083,443738,85406,85421,4813,90234,664
2022-03-12,Santa Clara,085,1922200,309607,308989,12243,321232,2208
2022-03-12,Santa Cruz,087,273765,47109,46982,1910,48892,254
2022-03-12,Shasta,089,179085,30466,30419,6171,36590,517
2022-03-12,Sierra,091,2930,273,273,42,315,4
2022-03-12,Siskiyou,093,43540,4419,4405,2746,7151,75
2022-03-12,Solano,095,438530,81233,81058,5469,86527,436
2022-03-12,Sonoma,097,501317,82724,82622,2339,84961,473
2022-03-12,Stanislaus,099,539301,118072,117884,16975,134859,1564
2022-03-12,Sutter,101,95872,20469,20429,1976,22405,217
2022-03-12,Tehama,103,63373,11993,11983,2588,14571,159
2022-03-12,Trinity,105,12862,1172,1172,292,1464,20
2022-03-12,Tulare,107,460477,104143,103994,28132,132126,1358
2022-03-12,Tuolumne,109,53932,12560,12476,569,13045,180
2022-03-12,Ventura,111,848112,172105,171932,9224,181156,1442
2022-03-12,Yolo,113,214977,36059,35982,3148,39130,308
2022-03-12,Yuba,115,75493,15746,15722,1186,16908,116
2022-03-11,Alameda,001,1643700,253597,253079,13669,266748,1783
2022-03-11,Alpine,003,1148,122,122,1,123,0
2022-03-11,Amador,005,37829,8472,8427,652,9079,84
2022-03-11,Butte,007,227075,32818,32774,6619,39393,380
2022-03-11,Calaveras,009,45235,7245,7253,354,7607,118
2022-03-11,Colusa,011,21464,3444,3440,1077,4517,21
2022-03-11,Contra Costa,013,1133247,186977,186618,13024,199642,1256
2022-03-11,Del Norte,015,27424,5801,5791,195,5986,48
2022-03-11,El Dorado,017,186661,26565,26538,3185,29723,199
2022-03-11,Fresno,019,978130,228436,228041,21991,250032,2653
2022-03-11,Glenn,021,27897,4965,4955,1561,6516,44
2022-03-11,Humboldt,023,135768,16886,16862,2940,19802,137
2022-03-11,Imperial,025,180216,54930,54837,10922,65759,896
2022-03-11,Inyo,027,18085,4062,4056,481,4537,56
2022-03-11,Kern,029,883053,190570,190330,46221,236551,2162
2022-03-11,Kings,031,150075,51298,51145,3600,54745,436
2022-03-11,Lake,033,64148,10629,10594,897,11491,131
2022-03-11,Lassen,035,31185,8928,8915,898,9813,62
2022-03-11,Los Angeles,037,10098052,2683083,2678858,122327,2801185,30901
2022-03-11,Madera,039,155013,37273,37223,6014,43237,354
2022-03-11,Marin,041,260295,33078,33015,2192,35207,272
2022-03-11,Mariposa,043,17540,2376,2372,199,2571,6
2022-03-11,Mendocino,045,87422,12981,12965,2954,15919,117
2022-03-11,Merced,047,269075,61912,61840,8420,70260,795
2022-03-11,Modoc,049,8938,731,730,249,979,7
2022-03-11,Mono,051,14174,2961,2960,118,3078,5
2022-03-11,Monterey,053,433212,78448,78285,13235,91520,716
2022-03-11,Napa,055,140530,25636,25584,962,26546,138
2022-03-11,Nevada,057,99092,15946,15947,1201,17148,123
2022-03-11,Orange,059,3164182,543064,542354,41060,583414,6718
2022-03-11,Placer,061,380077,62386,62282,7320,69602,598
2022-03-11,Plumas,063,18699,2710,2707,355,3062,13
2022-03-11,Riverside,065,2383286,588513,588022,28010,616032,6317
2022-03-11,Sacramento,067,1510023,274650,274519,26797,301316,2886
2022-03-11,San Benito,069,59416,12844,12868,511,13379,95
2022-03-11,San Bernardino,071,2135413,559446,559013,24149,583162,6734
2022-03-11,San Diego,073,3302833,745516,744386,49600,793986,5090
2022-03-11,San Francisco,075,870044,123504,123610,8525,132135,823
2022-03-11,San Joaquin,077,732212,165677,165516,9077,174593,2117
2022-03-11,San Luis Obispo,079,281455,52038,51947,3729,55676,457
2022-03-11,San Mateo,081,765935,119531,119288,6983,126271,641
2022-03-11,Santa Barbara,083,443738,85392,85421,4813,90234,664
2022-03-11,Santa Clara,085,1922200,309527,308989,12243,321232,2208
2022-03-11,Santa Cruz,087,273765,47091,46982,1910,48892,254
2022-03-11,Shasta,089,179085,30466,30419,6171,36590,517
2022-03-11,Sierra,091,2930,273,273,42,315,4
2022-03-11,Siskiyou,093,43540,4416,4405,2746,7151,75
2022-03-11,Solano,095,438530,81229,81058,5469,86527,436
2022-03-11,Sonoma,097,501317,82711,82622,2339,84961,473
2022-03-11,Stanislaus,099,539301,118064,117884,16975,134859,1564
2022-03-11,Sutter,101,95872,20468,20429,1976,22405,217
2022-03-11,Tehama,103,63373,11992,11983,2588,14571,159
2022-03-11,Trinity,105,12862,1172,1172,292,1464,20
2022-03-11,Tulare,107,460477,104138,103994,28132,132126,1358
2022-03-11,Tuolumne,109,53932,12557,12476,569,13045,180
2022-03-11,Ventura,111,848112,172085,171932,9224,181156,1442
2022-03-11,Yolo,113,214977,36050,35982,3148,39130,308
2022-03-11,Yuba,115,75493,15745,15722,1186,16908,116
2022-03-10,Alameda,001,1643700,253489,253079,13669,266748,1783
2022-03-10,Alpine,003,1148,122,122,1,123,0
2022-03-10,Amador,005,37829,8472,8427,652,9079,84
2022-03-10,Butte,007,227075,32806,32774,6619,39393,380
2022-03-10,Calaveras,009,45235,7242,7253,354,7607,118
2022-03-10,Colusa,011,21464,3444,3440,1077,4517,21
2022-03-10,Contra Costa,013,1133247,186905,186618,13024,199642,1256
2022-03-10,Del Norte,015,27424,5800,5791,195,5986,48
2022-03-10,El Dorado,017,186661,26554,26538,3185,29723,199
2022-03-10,Fresno,019,978130,228367,228041,21991,250032,2653
2022-03-10,Glenn,021,27897,4963,4955,1561,6516,44
2022-03-10,Humboldt,023,135768,16883,16862,2940,19802,137
2022-03-10,Imperial,025,180216,54926,54837,10922,65759,896
2022-03-10,Inyo,027,18085,4061,4056,481,4537,56
2022-03-10,Kern,029,883053,190545,190330,46221,236551,2162
2022-03-10,Kings,031,150075,51270,51145,3600,54745,436
2022-03-10,Lake,033,64148,10622,10594,897,11491,131
2022-03-10,Lassen,035,31185,8928,8915,898,9813,62
2022-03-10,Los Angeles,037,10098052,2683053,2678858,122327,2801185,30901
2022-03-10,Madera,039,155013,37267,37223,6014,43237,354
2022-03-10,Marin,041,260295,33061,33015,2192,35207,272
2022-03-10,Mariposa,043,17540,2376,2372,199,2571,6
2022-03-10,Mendocino,045,87422,12978,12965,2954,15919,117
2022-03-10,Merced,047,269075,61902,61840,8420,70260,795
2022-03-10,Modoc,049,8938,731,730,249,979,7
2022-03-10,Mono,051,14174,2961,2960,118,3078,5
2022-03-10,Monterey,053,433212,78438,78285,13235,91520,716
2022-03-10,Napa,055,140530,25627,25584,962,26546,138
2022-03-10,Nevada,057,99092,15943,15947,1201,17148,123
2022-03-10,Orange,059,3164182,542969,542354,41060,583414,6718
2022-03-10,Placer,061,380077,62370,62282,7320,69602,598
2022-03-10,Plumas,063,18699,2710,2707,355,3062,13
2022-03-10,Riverside,065,2383286,588423,588022,28010,616032,6317
2022-03-10,Sacramento,067,1510023,274583,274519,26797,301316,2886
2022-03-10,San Benito,069,59416,12843,12868,511,13379,95
2022-03-10,San Bernardino,071,2135413,559386,559013,24149,583162,6734
2022-03-10,San Diego,073,3302833,745516,744386,49600,793986,5090
2022-03-10,San Francisco,075,870044,123446,123610,8525,132135,823
2022-03-10,San Joaquin,077,732212,165653,165516,9077,174593,2117
2022-03-10,San Luis Obispo,079,281455,52021,51947,3729,55676,457
2022-03-10,San Mateo,081,765935,119489,119288,6983,126271,641
2022-03-10,Santa Barbara,083,443738,85367,85421,4813,90234,664
2022-03-10,Santa Clara,085,1922200,309428,308989,12243,321232,2208
2022-03-10,Santa Cruz,087,273765,47065,46982,1910,48892,254
2022-03-10,Shasta,089,179085,30459,30419,6171,36590,517
2022-03-10,Sierra,091,2930,273,273,42,315,4
2022-03-10,Siskiyou,093,43540,4415,4405,2746,7151,75
2022-03-10,Solano,095,438530,81201,81058,5469,86527,436
2022-03-10,Sonoma,097,501317,82697,82622,2339,84961,473
2022-03-10,Stanislaus,099,539301,118039,117884,16975,134859,1564
2022-03-10,Sutter,101,95872,20463,20429,1976,22405,217
2022-03-10,Tehama,103,63373,11991,11983,2588,14571,159
2022-03-10,Trinity,105,12862,1172,1172,292,1464,20
2022-03-10,Tulare,107,460477,104124,103994,28132,132126,1358
2022-03-10,Tuolumne,109,53932,12554,12476,569,13045,180
2022-03-10,Ventura,111,848112,172055,171932,9224,181156,1442
2022-03-10,Yolo,113,214977,36041,35982,3148,39130,308
2022-03-10,Yuba,115,75493,15739,15722,1186,16908,116
2022-03-09,Alameda,001,1643700,253368,252893,13669,266562,1781
2022-03-09,Alpine,003,1148,122,125,1,126,0
2022-03-09,Amador,005,37829,8469,8409,652,9061,84
2022-03-09,Butte,007,227075,32798,32767,6619,39386,380
2022-03-09,Calaveras,009,45235,7239,7249,354,7603,117
2022-03-09,Colusa,011,21464,3442,3439,1077,4516,21
2022-03-09,Contra Costa,013,1133247,186830,186483,13024,199507,1256
2022-03-09,Del Norte,015,27424,5796,5765,195,5960,48
2022-03-09,El Dorado,017,186661,26550,26515,3185,29700,198
2022-03-09,Fresno,019,978130,228277,227885,21991,249876,2653
2022-03-09,Glenn,021,27897,4960,4953,1561,6514,44
2022-03-09,Humboldt,023,135768,16879,16854,2940,19794,137
2022-03-09,Imperial,025,180216,54919,54764,10922,65686,894
2022-03-09,Inyo,027,18085,4061,4056,481,4537,56
2022-03-09,Kern,029,883053,190494,190254,46221,236475,2159
2022-03-09,Kings,031,150075,51257,51122,3600,54722,435
2022-03-09,Lake,033,64148,10613,10586,897,11483,130
2022-03-09,Lassen,035,31185,8928,8901,898,9799,62
2022-03-09,Los Angeles,037,10098052,2682766,2677901,122327,2800228,30842
2022-03-09,Madera,039,155013,37258,37207,6014,43221,354
2022-03-09,Marin,041,260295,33041,32967,2192,35159,272
2022-03-09,Mariposa,043,17540,2373,2372,199,2571,6
2022-03-09,Mendocino,045,87422,12972,12957,2954,15911,117
2022-03-09,Merced,047,269075,61888,61792,8420,70212,792
2022-03-09,Modoc,049,8938,730,730,249,979,7
2022-03-09,Mono,051,14174,2961,2962,118,3080,5
2022-03-09,Monterey,053,433212,78421,78258,13235,91493,716
2022-03-09,Napa,055,140530,25609,25561,962,26523,138
2022-03-09,Nevada,057,99092,15936,15938,1201,17139,123
2022-03-09,Orange,059,3164182,542848,542278,41060,583338,6700
2022-03-09,Placer,061,380077,62351,62242,7320,69562,598
2022-03-09,Plumas,063,18699,2708,2708,355,3063,13
2022-03-09,Riverside,065,2383286,588344,587833,28010,615843,6305
2022-03-09,Sacramento,067,1510023,274502,274373,26797,301170,2877
2022-03-09,San Benito,069,59416,12840,12864,511,13375,95
2022-03-09,San Bernardino,071,2135413,559315,558795,24149,582944,6723
2022-03-09,San Diego,073,3302833,745482,743956,49600,793556,5083
2022-03-09,San Francisco,075,870044,123378,123676,8525,132201,812
2022-03-09,San Joaquin,077,732212,165620,165444,9077,174521,2113
2022-03-09,San Luis Obispo,079,281455,52003,51923,3729,55652,457
2022-03-09,San Mateo,081,765935,119438,119194,6983,126177,639
2022-03-09,Santa Barbara,083,443738,85348,85382,4813,90195,661
2022-03-09,Santa Clara,085,1922200,309321,308765,12243,321008,2206
2022-03-09,Santa Cruz,087,273765,47034,46917,1910,48827,254
2022-03-09,Shasta,089,179085,30444,30407,6171,36578,493
2022-03-09,Sierra,091,2930,273,273,42,315,4
2022-03-09,Siskiyou,093,43540,4413,4403,2746,7149,75
2022-03-09,Solano,095,438530,81170,80984,5469,86453,436
2022-03-09,Sonoma,097,501317,82674,82574,2339,84913,473
2022-03-09,Stanislaus,099,539301,118001,117827,16975,134802,1541
2022-03-09,Sutter,101,95872,20451,20409,1976,22385,217
2022-03-09,Tehama,103,63373,11987,11980,2588,14568,159
2022-03-09,Trinity,105,12862,1172,1174,292,1466,20
2022-03-09,Tulare,107,460477,104103,103932,28132,132064,1350
2022-03-09,Tuolumne,109,53932,12551,12444,569,13013,180
2022-03-09,Ventura,111,848112,172015,171852,9224,181076,1448
2022-03-09,Yolo,113,214977,36020,35973,3148,39121,308
2022-03-09,Yuba,115,75493,15735,15714,1186,16900,115
2022-03-08,Alameda,001,1643700,253221,252744,13669,266413,1769
2022-03-08,Alpine,003,1148,122,125,1,126,0
2022-03-08,Amador,005,37829,8461,8407,652,9059,84
2022-03-08,Butte,007,227075,32791,32759,6619,39378,380
2022-03-08,Calaveras,009,45235,7237,7245,354,7599,117
2022-03-08,Colusa,011,21464,3440,3439,1077,4516,21
2022-03-08,Contra Costa,013,1133247,186757,186396,13024,199420,1256
2022-03-08,Del Norte,015,27424,5791,5763,195,5958,48
2022-03-08,El Dorado,017,186661,26543,26503,3185,29688,197
2022-03-08,Fresno,019,978130,228187,227808,21991,249799,2653
2022-03-08,Glenn,021,27897,4959,4944,1561,6505,43
2022-03-08,Humboldt,023,135768,16869,16837,2940,19777,137
2022-03-08,Imperial,025,180216,54904,54721,10922,65643,890
2022-03-08,Inyo,027,18085,4058,4056,481,4537,56
2022-03-08,Kern,029,883053,190426,190208,46221,236429,2154
2022-03-08,Kings,031,150075,51216,51089,3600,54689,434
2022-03-08,Lake,033,64148,10608,10571,897,11468,130
2022-03-08,Lassen,035,31185,8927,8897,898,9795,62
2022-03-08,Los Angeles,037,10098052,2682205,2677166,122327,2799493,30803
2022-03-08,Madera,039,155013,37244,37185,6014,43199,354
2022-03-08,Marin,041,260295,33007,32943,2192,35135,272
2022-03-08,Mariposa,043,17540,2372,2371,199,2570,6
2022-03-08,Mendocino,045,87422,12967,12950,2954,15904,117
2022-03-08,Merced,047,269075,61868,61767,8420,70187,791
2022-03-08,Modoc,049,8938,730,729,249,978,7
2022-03-08,Mono,051,14174,2960,2961,118,3079,5
2022-03-08,Monterey,053,433212,78404,78247,13235,91482,711
2022-03-08,Napa,055,140530,25592,25528,962,26490,137
2022-03-08,Nevada,057,99092,15928,15939,1201,17140,122
2022-03-08,Orange,059,3164182,542725,542164,41060,583224,6692
2022-03-08,Placer,061,380077,62322,62221,7320,69541,594
2022-03-08,Plumas,063,18699,2708,2703,355,3058,13
2022-03-08,Riverside,065,2383286,588250,587686,28010,615696,6294
2022-03-08,Sacramento,067,1510023,274407,274276,26797,301073,2872
2022-03-08,San Benito,069,59416,12837,12855,511,13366,94
2022-03-08,San Bernardino,071,2135413,559237,558512,24149,582661,6715
2022-03-08,San Diego,073,3302833,745274,743604,49600,793204,5077
2022-03-08,San Francisco,075,870044,123312,123675,8525,132200,807
2022-03-08,San Joaquin,077,732212,165585,165381,9077,174458,2104
2022-03-08,San Luis Obispo,079,281455,51979,51900,3729,55629,451
2022-03-08,San Mateo,081,765935,119365,119103,6983,126086,638
2022-03-08,Santa Barbara,083,443738,85324,85363,4813,90176,659
2022-03-08,Santa Clara,085,1922200,309139,308528,12243,320771,2206
2022-03-08,Santa Cruz,087,273765,47008,46875,1910,48785,254
2022-03-08,Shasta,089,179085,30429,30372,6171,36543,493
2022-03-08,Sierra,091,2930,273,273,42,315,4
2022-03-08,Siskiyou,093,43540,4409,4404,2746,7150,74
2022-03-08,Solano,095,438530,81146,80924,5469,86393,434
2022-03-08,Sonoma,097,501317,82647,82571,2339,84910,473
2022-03-08,Stanislaus,099,539301,117957,117782,16975,134757,1541
2022-03-08,Sutter,101,95872,20443,20403,1976,22379,217
2022-03-08,Tehama,103,63373,11984,11972,2588,14560,158
2022-03-08,Trinity,105,12862,1172,1174,292,1466,20
2022-03-08,Tulare,107,460477,104067,103893,28132,132025,1334
2022-03-08,Tuolumne,109,53932,12547,12427,569,12996,180
2022-03-08,Ventura,111,848112,171963,171806,9224,181030,1447
2022-03-08,Yolo,113,214977,35998,35946,3148,39094,306
2022-03-08,Yuba,115,75493,15729,15705,1186,16891,115
2022-03-07,Alameda,001,1643700,253057,252578,13669,266247,1766
2022-03-07,Alpine,003,1148,122,125,1,126,0
2022-03-07,Amador,005,37829,8458,8368,652,9020,84
2022-03-07,Butte,007,227075,32777,32734,6619,39353,378
2022-03-07,Calaveras,009,45235,7234,7242,354,7596,116
2022-03-07,Colusa,011,21464,3438,3437,1077,4514,21
2022-03-07,Contra Costa,013,1133247,186676,186087,13024,199111,1256
2022-03-07,Del Norte,015,27424,5788,5758,195,5953,48
2022-03-07,El Dorado,017,186661,26537,26487,3185,29672,196
2022-03-07,Fresno,019,978130,228107,227670,21991,249661,2653
2022-03-07,Glenn,021,27897,4953,4939,1561,6500,43
2022-03-07,Humboldt,023,135768,16857,16829,2940,19769,137
2022-03-07,Imperial,025,180216,54880,54712,10922,65634,890
2022-03-07,Inyo,027,18085,4056,4054,481,4535,56
2022-03-07,Kern,029,883053,190370,190163,46220,236383,2152
2022-03-07,Kings,031,150075,51186,51065,3598,54663,433
2022-03-07,Lake,033,64148,10597,10562,896,11458,130
2022-03-07,Lassen,035,31185,8926,8896,898,9794,62
2022-03-07,Los Angeles,037,10098052,2681447,2675497,122326,2797823,30759
2022-03-07,Madera,039,155013,37233,37164,6014,43178,354
2022-03-07,Marin,041,260295,32983,32919,2191,35110,272
2022-03-07,Mariposa,043,17540,2372,2369,199,2568,6
2022-03-07,Mendocino,045,87422,12960,12940,2954,15894,117
2022-03-07,Merced,047,269075,61828,61751,8420,70171,791
2022-03-07,Modoc,049,8938,730,729,249,978,7
2022-03-07,Mono,051,14174,2960,2960,118,3078,5
2022-03-07,Monterey,053,433212,78372,78161,13192,91353,706
2022-03-07,Napa,055,140530,25567,25500,962,26462,136
2022-03-07,Nevada,057,99092,15922,15935,1201,17136,122
2022-03-07,Orange,059,3164182,542573,542028,41051,583079,6687
2022-03-07,Placer,061,380077,62296,62215,7320,69535,591
2022-03-07,Plumas,063,18699,2708,2702,355,3057,13
2022-03-07,Riverside,065,2383286,588144,587537,28010,615547,6279
2022-03-07,Sacramento,067,1510023,274317,274079,26797,300876,2866
2022-03-07,San Benito,069,59416,12831,12843,511,13354,94
2022-03-07,San Bernardino,071,2135413,559145,558265,24143,582408,6703
2022-03-07,San Diego,073,3302833,744989,742287,49600,791887,5068
2022-03-07,San Francisco,075,870044,123228,123655,8525,132180,807
2022-03-07,San Joaquin,077,732212,165534,165343,9077,174420,2091
2022-03-07,San Luis Obispo,079,281455,51943,51874,3727,55601,448
2022-03-07,San Mateo,081,765935,119297,119035,6983,126018,630
2022-03-07,Santa Barbara,083,443738,85296,85345,4813,90158,659
2022-03-07,Santa Clara,085,1922200,308961,308517,12243,320760,2202
2022-03-07,Santa Cruz,087,273765,46962,46823,1910,48733,254
2022-03-07,Shasta,089,179085,30420,30352,6171,36523,493
2022-03-07,Sierra,091,2930,273,273,42,315,4
2022-03-07,Siskiyou,093,43540,4406,4398,2746,7144,74
2022-03-07,Solano,095,438530,81091,80886,5469,86355,435
2022-03-07,Sonoma,097,501317,82616,82530,2339,84869,473
2022-03-07,Stanislaus,099,539301,117918,117713,16973,134686,1537
2022-03-07,Sutter,101,95872,20431,20400,1976,22376,217
2022-03-07,Tehama,103,63373,11980,11966,2588,14554,158
2022-03-07,Trinity,105,12862,1171,1173,292,1465,20
2022-03-07,Tulare,107,460477,104031,103834,28131,131965,1316
2022-03-07,Tuolumne,109,53932,12540,12408,569,12977,179
2022-03-07,Ventura,111,848112,171926,171886,9223,181109,1436
2022-03-07,Yolo,113,214977,35978,35934,3148,39082,306
2022-03-07,Yuba,115,75493,15723,15701,1185,16886,115
2022-03-06,Alameda,001,1643700,252897,252460,13656,266116,1766
2022-03-06,Alpine,003,1148,122,125,1,126,0
2022-03-06,Amador,005,37829,8454,8367,649,9016,84
2022-03-06,Butte,007,227075,32770,32714,6617,39331,376
2022-03-06,Calaveras,009,45235,7232,7236,353,7589,116
2022-03-06,Colusa,011,21464,3437,3435,1076,4511,21
2022-03-06,Contra Costa,013,1133247,186569,185974,13021,198995,1256
2022-03-06,Del Norte,015,27424,5773,5744,192,5936,48
2022-03-06,El Dorado,017,186661,26528,26478,3183,29661,196
2022-03-06,Fresno,019,978130,227979,227514,21980,249494,2653
2022-03-06,Glenn,021,27897,4948,4939,1560,6499,43
2022-03-06,Humboldt,023,135768,16848,16813,2935,19748,137
2022-03-06,Imperial,025,180216,54865,54719,10913,65632,890
2022-03-06,Inyo,027,18085,4053,4053,480,4533,56
2022-03-06,Kern,029,883053,190320,190088,46206,236294,2152
2022-03-06,Kings,031,150075,51119,51050,3595,54645,432
2022-03-06,Lake,033,64148,10584,10539,895,11434,130
2022-03-06,Lassen,035,31185,8913,8887,898,9785,62
2022-03-06,Los Angeles,037,10098052,2680619,2675456,122318,2797774,30759
2022-03-06,Madera,039,155013,37207,37135,6008,43143,354
2022-03-06,Marin,041,260295,32960,32879,2190,35069,272
2022-03-06,Mariposa,043,17540,2371,2365,198,2563,6
2022-03-06,Mendocino,045,87422,12952,12923,2950,15873,116
2022-03-06,Merced,047,269075,61798,61722,8409,70131,791
2022-03-06,Modoc,049,8938,730,729,249,978,7
2022-03-06,Mono,051,14174,2960,2959,118,3077,5
2022-03-06,Monterey,053,433212,78332,78154,13159,91313,706
2022-03-06,Napa,055,140530,25535,25457,961,26418,136
2022-03-06,Nevada,057,99092,15913,15924,1200,17124,122
2022-03-06,Orange,059,3164182,542421,541903,41023,582926,6688
2022-03-06,Placer,061,380077,62266,62185,7316,69501,591
2022-03-06,Plumas,063,18699,2703,2704,355,3059,13
2022-03-06,Riverside,065,2383286,587991,587388,27993,615381,6279
2022-03-06,Sacramento,067,1510023,274194,273935,26773,300708,2869
2022-03-06,San Benito,069,59416,12820,12835,510,13345,94
2022-03-06,San Bernardino,071,2135413,559031,558139,24133,582272,6701
2022-03-06,San Diego,073,3302833,744687,742287,49568,791855,5068
2022-03-06,San Francisco,075,870044,123120,123742,8521,132263,806
2022-03-06,San Joaquin,077,732212,165464,165252,9071,174323,2091
2022-03-06,San Luis Obispo,079,281455,51907,51828,3724,55552,448
2022-03-06,San Mateo,081,765935,119228,118916,6975,125891,630
2022-03-06,Santa Barbara,083,443738,85269,85317,4809,90126,659
2022-03-06,Santa Clara,085,1922200,308721,308250,12240,320490,2201
2022-03-06,Santa Cruz,087,273765,46905,46755,1909,48664,254
2022-03-06,Shasta,089,179085,30400,30332,6156,36488,493
2022-03-06,Sierra,091,2930,273,273,42,315,4
2022-03-06,Siskiyou,093,43540,4402,4398,2743,7141,74
2022-03-06,Solano,095,438530,81041,80833,5464,86297,435
2022-03-06,Sonoma,097,501317,82580,82458,2334,84792,473
2022-03-06,Stanislaus,099,539301,117861,117680,16937,134617,1536
2022-03-06,Sutter,101,95872,20415,20390,1972,22362,217
2022-03-06,Tehama,103,63373,11973,11963,2588,14551,158
2022-03-06,Trinity,105,12862,1171,1172,291,1463,20
2022-03-06,Tulare,107,460477,103971,103794,28113,131907,1316
2022-03-06,Tuolumne,109,53932,12536,12379,568,12947,179
2022-03-06,Ventura,111,848112,171859,171819,9220,181039,1436
2022-03-06,Yolo,113,214977,35957,35882,3145,39027,306
2022-03-06,Yuba,115,75493,15717,15694,1185,16879,115
2022-03-05,Alameda,001,1643700,252801,251988,13655,265643,1760
2022-03-05,Alpine,003,1148,122,125,1,126,0
2022-03-05,Amador,005,37829,8451,8344,649,8993,83
2022-03-05,Butte,007,227075,32763,32663,6613,39276,372
2022-03-05,Calaveras,009,45235,7229,7236,353,7589,116
2022-03-05,Colusa,011,21464,3437,3433,1076,4509,21
2022-03-05,Contra Costa,013,1133247,186513,185734,13019,198753,1235
2022-03-05,Del Norte,015,27424,5770,5725,192,5917,48
2022-03-05,El Dorado,017,186661,26521,26446,3181,29627,193
2022-03-05,Fresno,019,978130,227934,227154,21979,249133,2640
2022-03-05,Glenn,021,27897,4947,4927,1560,6487,43
2022-03-05,Humboldt,023,135768,16843,16781,2935,19716,136
2022-03-05,Imperial,025,180216,54854,54650,10913,65563,880
2022-03-05,Inyo,027,18085,4052,4043,479,4522,56
2022-03-05,Kern,029,883053,190292,189817,46198,236015,2141
2022-03-05,Kings,031,150075,51112,50926,3594,54520,431
2022-03-05,Lake,033,64148,10578,10512,895,11407,130
2022-03-05,Lassen,035,31185,8904,8818,898,9716,62
2022-03-05,Los Angeles,037,10098052,2680356,2671564,122300,2793864,30608
2022-03-05,Madera,039,155013,37192,37100,6008,43108,354
2022-03-05,Marin,041,260295,32950,32829,2190,35019,272
2022-03-05,Mariposa,043,17540,2371,2363,198,2561,6
2022-03-05,Mendocino,045,87422,12949,12845,2949,15794,113
2022-03-05,Merced,047,269075,61788,61653,8409,70062,789
2022-03-05,Modoc,049,8938,730,729,249,978,7
2022-03-05,Mono,051,14174,2960,2961,118,3079,5
2022-03-05,Monterey,053,433212,78318,78028,13157,91185,704
2022-03-05,Napa,055,140530,25517,25405,960,26365,134
2022-03-05,Nevada,057,99092,15910,15907,1200,17107,122
2022-03-05,Orange,059,3164182,542314,541463,41006,582469,6638
2022-03-05,Placer,061,380077,62250,62117,7313,69430,591
2022-03-05,Plumas,063,18699,2703,2701,355,3056,13
2022-03-05,Riverside,065,2383286,587911,586785,27991,614776,6239
2022-03-05,Sacramento,067,1510023,274141,273487,26771,300258,2847
2022-03-05,San Benito,069,59416,12818,12820,510,13330,94
2022-03-05,San Bernardino,071,2135413,558980,557421,24131,581552,6641
2022-03-05,San Diego,073,3302833,744541,740747,49559,790306,5045
2022-03-05,San Francisco,075,870044,123059,123537,8520,132057,798
2022-03-05,San Joaquin,077,732212,165425,165085,9069,174154,2069
2022-03-05,San Luis Obispo,079,281455,51900,51739,3723,55462,446
2022-03-05,San Mateo,081,765935,119180,118646,6973,125619,621
2022-03-05,Santa Barbara,083,443738,85258,85249,4809,90058,655
2022-03-05,Santa Clara,085,1922200,308607,307689,12239,319928,2195
2022-03-05,Santa Cruz,087,273765,46888,46622,1909,48531,253
2022-03-05,Shasta,089,179085,30391,30282,6152,36434,492
2022-03-05,Sierra,091,2930,273,273,42,315,4
2022-03-05,Siskiyou,093,43540,4402,4389,2743,7132,74
2022-03-05,Solano,095,438530,81028,80690,5463,86153,435
2022-03-05,Sonoma,097,501317,82561,82313,2334,84647,473
2022-03-05,Stanislaus,099,539301,117837,117501,16935,134436,1531
2022-03-05,Sutter,101,95872,20408,20346,1972,22318,217
2022-03-05,Tehama,103,63373,11971,11939,2588,14527,158
2022-03-05,Trinity,105,12862,1171,1170,291,1461,20
2022-03-05,Tulare,107,460477,103957,103534,28104,131638,1305
2022-03-05,Tuolumne,109,53932,12534,12325,568,12893,178
2022-03-05,Ventura,111,848112,171820,171666,9219,180885,1436
2022-03-05,Yolo,113,214977,35947,35856,3145,39001,306
2022-03-05,Yuba,115,75493,15709,15666,1184,16850,115
2022-03-04,Alameda,001,1643700,252726,251988,13654,265642,1760
2022-03-04,Alpine,003,1148,122,125,1,126,0
2022-03-04,Amador,005,37829,8450,8344,649,8993,83
2022-03-04,Butte,007,227075,32757,32663,6606,39269,372
2022-03-04,Calaveras,009,45235,7228,7236,353,7589,116
2022-03-04,Colusa,011,21464,3436,3433,1076,4509,21
2022-03-04,Contra Costa,013,1133247,186451,185734,13017,198751,1235
2022-03-04,Del Norte,015,27424,5760,5725,191,5916,48
2022-03-04,El Dorado,017,186661,26517,26446,3181,29627,193
2022-03-04,Fresno,019,978130,227872,227154,21977,249131,2640
2022-03-04,Glenn,021,27897,4947,4927,1560,6487,43
2022-03-04,Humboldt,023,135768,16840,16781,2935,19716,136
2022-03-04,Imperial,025,180216,54848,54650,10911,65561,880
2022-03-04,Inyo,027,18085,4052,4043,479,4522,56
2022-03-04,Kern,029,883053,190253,189817,46191,236008,2141
2022-03-04,Kings,031,150075,51100,50926,3593,54519,431
2022-03-04,Lake,033,64148,10578,10512,895,11407,130
2022-03-04,Lassen,035,31185,8902,8818,898,9716,62
2022-03-04,Los Angeles,037,10098052,2679962,2671564,122284,2793848,30608
2022-03-04,Madera,039,155013,37182,37100,6008,43108,354
2022-03-04,Marin,041,260295,32930,32829,2189,35018,272
2022-03-04,Mariposa,043,17540,2366,2363,198,2561,6
2022-03-04,Mendocino,045,87422,12944,12845,2949,15794,113
2022-03-04,Merced,047,269075,61777,61653,8409,70062,789
2022-03-04,Modoc,049,8938,730,729,249,978,7
2022-03-04,Mono,051,14174,2959,2961,118,3079,5
2022-03-04,Monterey,053,433212,78300,78028,13154,91182,704
2022-03-04,Napa,055,140530,25503,25405,959,26364,134
2022-03-04,Nevada,057,99092,15906,15907,1200,17107,122
2022-03-04,Orange,059,3164182,542206,541463,40991,582454,6638
2022-03-04,Placer,061,380077,62243,62117,7312,69429,591
2022-03-04,Plumas,063,18699,2703,2701,355,3056,13
2022-03-04,Riverside,065,2383286,587825,586785,27990,614775,6239
2022-03-04,Sacramento,067,1510023,274078,273487,26765,300252,2847
2022-03-04,San Benito,069,59416,12814,12820,510,13330,94
2022-03-04,San Bernardino,071,2135413,558902,557421,24129,581550,6641
2022-03-04,San Diego,073,3302833,744312,740747,49548,790295,5045
2022-03-04,San Francisco,075,870044,123002,123537,8511,132048,798
2022-03-04,San Joaquin,077,732212,165397,165085,9069,174154,2069
2022-03-04,San Luis Obispo,079,281455,51892,51739,3721,55460,446
2022-03-04,San Mateo,081,765935,119129,118646,6971,125617,621
2022-03-04,Santa Barbara,083,443738,85238,85249,4808,90057,655
2022-03-04,Santa Clara,085,1922200,308467,307689,12238,319927,2195
2022-03-04,Santa Cruz,087,273765,46868,46622,1909,48531,253
2022-03-04,Shasta,089,179085,30383,30282,6151,36433,492
2022-03-04,Sierra,091,2930,273,273,41,314,4
2022-03-04,Siskiyou,093,43540,4400,4389,2743,7132,74
2022-03-04,Solano,095,438530,80998,80690,5460,86150,435
2022-03-04,Sonoma,097,501317,82537,82313,2333,84646,473
2022-03-04,Stanislaus,099,539301,117819,117501,16934,134435,1531
2022-03-04,Sutter,101,95872,20404,20346,1972,22318,217
2022-03-04,Tehama,103,63373,11968,11939,2588,14527,158
2022-03-04,Trinity,105,12862,1171,1170,291,1461,20
2022-03-04,Tulare,107,460477,103940,103534,28099,131633,1305
2022-03-04,Tuolumne,109,53932,12530,12325,568,12893,178
2022-03-04,Ventura,111,848112,171775,171666,9217,180883,1436
2022-03-04,Yolo,113,214977,35931,35856,3145,39001,306
2022-03-04,Yuba,115,75493,15705,15666,1184,16850,115
2022-03-03,Alameda,001,1643700,252620,251988,13641,265629,1760
2022-03-03,Alpine,003,1148,122,125,1,126,0
2022-03-03,Amador,005,37829,8449,8344,649,8993,83
2022-03-03,Butte,007,227075,32740,32663,6599,39262,372
2022-03-03,Calaveras,009,45235,7216,7236,353,7589,116
2022-03-03,Colusa,011,21464,3436,3433,1076,4509,21
2022-03-03,Contra Costa,013,1133247,186378,185734,13006,198740,1235
2022-03-03,Del Norte,015,27424,5753,5725,191,5916,48
2022-03-03,El Dorado,017,186661,26502,26446,3179,29625,193
2022-03-03,Fresno,019,978130,227742,227154,21970,249124,2640
2022-03-03,Glenn,021,27897,4945,4927,1560,6487,43
2022-03-03,Humboldt,023,135768,16827,16781,2934,19715,136
2022-03-03,Imperial,025,180216,54830,54650,10902,65552,880
2022-03-03,Inyo,027,18085,4051,4043,479,4522,56
2022-03-03,Kern,029,883053,190184,189817,46176,235993,2141
2022-03-03,Kings,031,150075,51077,50926,3590,54516,431
2022-03-03,Lake,033,64148,10571,10512,893,11405,130
2022-03-03,Lassen,035,31185,8894,8818,898,9716,62
2022-03-03,Los Angeles,037,10098052,2679301,2671564,122263,2793827,30608
2022-03-03,Madera,039,155013,37167,37100,6002,43102,354
2022-03-03,Marin,041,260295,32904,32829,2189,35018,272
2022-03-03,Mariposa,043,17540,2365,2363,198,2561,6
2022-03-03,Mendocino,045,87422,12932,12845,2946,15791,113
2022-03-03,Merced,047,269075,61759,61653,8403,70056,789
2022-03-03,Modoc,049,8938,730,729,249,978,7
2022-03-03,Mono,051,14174,2959,2961,118,3079,5
2022-03-03,Monterey,053,433212,78273,78028,13138,91166,704
2022-03-03,Napa,055,140530,25480,25405,956,26361,134
2022-03-03,Nevada,057,99092,15901,15907,1193,17100,122
2022-03-03,Orange,059,3164182,542040,541463,40961,582424,6638
2022-03-03,Placer,061,380077,62220,62117,7310,69427,591
2022-03-03,Plumas,063,18699,2702,2701,355,3056,13
2022-03-03,Riverside,065,2383286,587705,586785,27986,614771,6239
2022-03-03,Sacramento,067,1510023,273979,273487,26745,300232,2847
2022-03-03,San Benito,069,59416,12811,12820,510,13330,94
2022-03-03,San Bernardino,071,2135413,558795,557421,24122,581543,6641
2022-03-03,San Diego,073,3302833,743990,740747,49534,790281,5045
2022-03-03,San Francisco,075,870044,122930,123537,8500,132037,798
2022-03-03,San Joaquin,077,732212,165327,165085,9067,174152,2069
2022-03-03,San Luis Obispo,079,281455,51839,51739,3716,55455,446
2022-03-03,San Mateo,081,765935,119060,118646,6961,125607,621
2022-03-03,Santa Barbara,083,443738,85220,85249,4800,90049,655
2022-03-03,Santa Clara,085,1922200,308290,307689,12224,319913,2195
2022-03-03,Santa Cruz,087,273765,46819,46622,1909,48531,253
2022-03-03,Shasta,089,179085,30366,30282,6148,36430,492
2022-03-03,Sierra,091,2930,273,273,41,314,4
2022-03-03,Siskiyou,093,43540,4399,4389,2742,7131,74
2022-03-03,Solano,095,438530,80951,80690,5460,86150,435
2022-03-03,Sonoma,097,501317,82498,82313,2329,84642,473
2022-03-03,Stanislaus,099,539301,117789,117501,16928,134429,1531
2022-03-03,Sutter,101,95872,20395,20346,1972,22318,217
2022-03-03,Tehama,103,63373,11964,11939,2588,14527,158
2022-03-03,Trinity,105,12862,1170,1170,291,1461,20
2022-03-03,Tulare,107,460477,103896,103534,28087,131621,1305
2022-03-03,Tuolumne,109,53932,12520,12325,568,12893,178
2022-03-03,Ventura,111,848112,171724,171666,9216,180882,1436
2022-03-03,Yolo,113,214977,35906,35856,3133,38989,306
2022-03-03,Yuba,115,75493,15699,15666,1180,16846,115
2022-03-02,Alameda,001,1643700,252453,251886,13625,265511,1759
2022-03-02,Alpine,003,1148,122,125,1,126,0
2022-03-02,Amador,005,37829,8437,8341,649,8990,83
2022-03-02,Butte,007,227075,32727,32636,6594,39230,372
2022-03-02,Calaveras,009,45235,7214,7225,353,7578,116
2022-03-02,Colusa,011,21464,3433,3428,1076,4504,21
2022-03-02,Contra Costa,013,1133247,186289,185589,12992,198581,1236
2022-03-02,Del Norte,015,27424,5746,5708,190,5898,47
2022-03-02,El Dorado,017,186661,26490,26433,3176,29609,192
2022-03-02,Fresno,019,978130,227614,226932,21962,248894,2629
2022-03-02,Glenn,021,27897,4945,4922,1559,6481,43
2022-03-02,Humboldt,023,135768,16817,16747,2929,19676,135
2022-03-02,Imperial,025,180216,54803,54629,10893,65522,878
2022-03-02,Inyo,027,18085,4049,4041,478,4519,56
2022-03-02,Kern,029,883053,190119,189656,46154,235810,2136
2022-03-02,Kings,031,150075,51051,50819,3587,54406,431
2022-03-02,Lake,033,64148,10561,10495,889,11384,130
2022-03-02,Lassen,035,31185,8891,8811,897,9708,62
2022-03-02,Los Angeles,037,10098052,2678510,2670287,122233,2792520,30535
2022-03-02,Madera,039,155013,37149,37077,6002,43079,354
2022-03-02,Marin,041,260295,32887,32794,2188,34982,272
2022-03-02,Mariposa,043,17540,2365,2359,198,2557,6
2022-03-02,Mendocino,045,87422,12920,12832,2941,15773,112
2022-03-02,Merced,047,269075,61732,61606,8395,70001,785
2022-03-02,Modoc,049,8938,730,729,249,978,7
2022-03-02,Mono,051,14174,2958,2961,118,3079,5
2022-03-02,Monterey,053,433212,78241,77963,13119,91082,703
2022-03-02,Napa,055,140530,25431,25382,954,26336,134
2022-03-02,Nevada,057,99092,15891,15920,1193,17113,122
2022-03-02,Orange,059,3164182,541838,541230,40932,582162,6623
2022-03-02,Placer,061,380077,62202,62066,7307,69373,589
2022-03-02,Plumas,063,18699,2702,2700,353,3053,13
2022-03-02,Riverside,065,2383286,587560,586513,27976,614489,6229
2022-03-02,Sacramento,067,1510023,273871,273291,26733,300024,2837
2022-03-02,San Benito,069,59416,12800,12814,510,13324,94
2022-03-02,San Bernardino,071,2135413,558694,557082,24116,581198,6619
2022-03-02,San Diego,073,3302833,743629,739803,49494,789297,5034
2022-03-02,San Francisco,075,870044,122835,123442,8497,131939,792
2022-03-02,San Joaquin,077,732212,165269,164968,9064,174032,2063
2022-03-02,San Luis Obispo,079,281455,51799,51686,3712,55398,446
2022-03-02,San Mateo,081,765935,118976,118518,6945,125463,617
2022-03-02,Santa Barbara,083,443738,85195,85183,4799,89982,655
2022-03-02,Santa Clara,085,1922200,308075,307354,12210,319564,2184
2022-03-02,Santa Cruz,087,273765,46751,46534,1909,48443,253
2022-03-02,Shasta,089,179085,30344,30253,6140,36393,490
2022-03-02,Sierra,091,2930,273,273,41,314,4
2022-03-02,Siskiyou,093,43540,4397,4384,2740,7124,74
2022-03-02,Solano,095,438530,80890,80626,5457,86083,433
2022-03-02,Sonoma,097,501317,82453,82208,2322,84530,473
2022-03-02,Stanislaus,099,539301,117747,117411,16882,134293,1519
2022-03-02,Sutter,101,95872,20372,20317,1952,22269,216
2022-03-02,Tehama,103,63373,11959,11930,2587,14517,158
2022-03-02,Trinity,105,12862,1168,1160,291,1451,20
2022-03-02,Tulare,107,460477,103849,103451,28069,131520,1302
2022-03-02,Tuolumne,109,53932,12516,12297,568,12865,179
2022-03-02,Ventura,111,848112,171677,171770,9211,180981,1427
2022-03-02,Yolo,113,214977,35889,35799,3131,38930,305
2022-03-02,Yuba,115,75493,15686,15653,1177,16830,115
2022-03-01,Alameda,001,1643700,252295,251830,13615,265445,1749
2022-03-01,Alpine,003,1148,122,125,1,126,0
2022-03-01,Amador,005,37829,8389,8334,648,8982,83
2022-03-01,Butte,007,227075,32703,32575,6590,39165,372
2022-03-01,Calaveras,009,45235,7212,7223,352,7575,116
2022-03-01,Colusa,011,21464,3432,3423,1076,4499,21
2022-03-01,Contra Costa,013,1133247,186181,185378,12978,198356,1231
2022-03-01,Del Norte,015,27424,5743,5701,188,5889,45
2022-03-01,El Dorado,017,186661,26474,26413,3174,29587,192
2022-03-01,Fresno,019,978130,227472,226594,21952,248546,2628
2022-03-01,Glenn,021,27897,4943,4919,1558,6477,40
2022-03-01,Humboldt,023,135768,16796,16727,2923,19650,135
2022-03-01,Imperial,025,180216,54785,54570,10884,65454,875
2022-03-01,Inyo,027,18085,4045,4041,477,4518,56
2022-03-01,Kern,029,883053,190044,189365,46133,235498,2120
2022-03-01,Kings,031,150075,51030,50763,3583,54346,427
2022-03-01,Lake,033,64148,10549,10471,888,11359,128
2022-03-01,Lassen,035,31185,8887,8801,897,9698,61
2022-03-01,Los Angeles,037,10098052,2677602,2669489,122196,2791685,30486
2022-03-01,Madera,039,155013,37131,37046,5993,43039,354
2022-03-01,Marin,041,260295,32863,32764,2186,34950,272
2022-03-01,Mariposa,043,17540,2364,2357,197,2554,6
2022-03-01,Mendocino,045,87422,12908,12818,2939,15757,112
2022-03-01,Merced,047,269075,61702,61549,8377,69926,781
2022-03-01,Modoc,049,8938,730,729,249,978,7
2022-03-01,Mono,051,14174,2958,2960,118,3078,6
2022-03-01,Monterey,053,433212,78212,77911,13108,91019,696
2022-03-01,Napa,055,140530,25399,25344,954,26298,134
2022-03-01,Nevada,057,99092,15883,15916,1188,17104,121
2022-03-01,Orange,059,3164182,541632,541054,40891,581945,6612
2022-03-01,Placer,061,380077,62174,62021,7306,69327,583
2022-03-01,Plumas,063,18699,2702,2694,353,3047,13
2022-03-01,Riverside,065,2383286,587395,586184,27975,614159,6198
2022-03-01,Sacramento,067,1510023,273748,273089,26720,299809,2831
2022-03-01,San Benito,069,59416,12796,12806,510,13316,94
2022-03-01,San Bernardino,071,2135413,558562,556743,24114,580857,6588
2022-03-01,San Diego,073,3302833,743215,739136,49452,788588,5029
2022-03-01,San Francisco,075,870044,122729,123481,8493,131974,792
2022-03-01,San Joaquin,077,732212,165203,164894,9059,173953,2062
2022-03-01,San Luis Obispo,079,281455,51765,51592,3708,55300,445
2022-03-01,San Mateo,081,765935,118905,118358,6936,125294,613
2022-03-01,Santa Barbara,083,443738,85156,85134,4796,89930,654
2022-03-01,Santa Clara,085,1922200,307827,306978,12199,319177,2190
2022-03-01,Santa Cruz,087,273765,46705,46471,1906,48377,253
2022-03-01,Shasta,089,179085,30314,30227,6137,36364,489
2022-03-01,Sierra,091,2930,273,274,41,315,5
2022-03-01,Siskiyou,093,43540,4393,4384,2735,7119,74
2022-03-01,Solano,095,438530,80829,80556,5454,86010,434
2022-03-01,Sonoma,097,501317,82388,82103,2317,84420,477
2022-03-01,Stanislaus,099,539301,117696,117308,16853,134161,1521
2022-03-01,Sutter,101,95872,20358,20288,1948,22236,217
2022-03-01,Tehama,103,63373,11953,11923,2584,14507,158
2022-03-01,Trinity,105,12862,1167,1159,291,1450,20
2022-03-01,Tulare,107,460477,103769,103371,28054,131425,1302
2022-03-01,Tuolumne,109,53932,12510,12276,566,12842,175
2022-03-01,Ventura,111,848112,171609,171672,9204,180876,1427
2022-03-01,Yolo,113,214977,35861,35801,3126,38927,299
2022-03-01,Yuba,115,75493,15679,15637,1177,16814,116
2022-02-28,Alameda,001,1643700,252085,251714,13605,265319,1742
2022-02-28,Alpine,003,1148,122,125,1,126,0
2022-02-28,Amador,005,37829,8383,8308,647,8955,83
2022-02-28,Butte,007,227075,32679,32550,6585,39135,368
2022-02-28,Calaveras,009,45235,7209,7220,351,7571,110
2022-02-28,Colusa,011,21464,3430,3422,1074,4496,21
2022-02-28,Contra Costa,013,1133247,186082,185272,12959,198231,1231
2022-02-28,Del Norte,015,27424,5739,5699,187,5886,45
2022-02-28,El Dorado,017,186661,26466,26409,3169,29578,191
2022-02-28,Fresno,019,978130,227273,226519,21932,248451,2622
2022-02-28,Glenn,021,27897,4939,4918,1558,6476,40
2022-02-28,Humboldt,023,135768,16781,16717,2919,19636,135
2022-02-28,Imperial,025,180216,54760,54517,10870,65387,875
2022-02-28,Inyo,027,18085,4045,4041,477,4518,56
2022-02-28,Kern,029,883053,189951,189245,46099,235344,2115
2022-02-28,Kings,031,150075,50992,50741,3582,54323,427
2022-02-28,Lake,033,64148,10539,10468,883,11351,128
2022-02-28,Lassen,035,31185,8830,8794,897,9691,55
2022-02-28,Los Angeles,037,10098052,2676458,2666804,122136,2788940,30410
2022-02-28,Madera,039,155013,37105,37023,5976,42999,354
2022-02-28,Marin,041,260295,32839,32775,2186,34961,272
2022-02-28,Mariposa,043,17540,2361,2354,195,2549,6
2022-02-28,Mendocino,045,87422,12898,12800,2931,15731,112
2022-02-28,Merced,047,269075,61659,61519,8360,69879,781
2022-02-28,Modoc,049,8938,730,727,249,976,7
2022-02-28,Mono,051,14174,2958,2961,118,3079,5
2022-02-28,Monterey,053,433212,78146,77865,13088,90953,693
2022-02-28,Napa,055,140530,25375,25317,953,26270,129
2022-02-28,Nevada,057,99092,15877,15908,1186,17094,121
2022-02-28,Orange,059,3164182,541386,540839,40877,581716,6605
2022-02-28,Placer,061,380077,62142,61976,7299,69275,577
2022-02-28,Plumas,063,18699,2702,2691,352,3043,13
2022-02-28,Riverside,065,2383286,587208,585891,27943,613834,6179
2022-02-28,Sacramento,067,1510023,273626,273038,26699,299737,2825
2022-02-28,San Benito,069,59416,12792,12798,510,13308,94
2022-02-28,San Bernardino,071,2135413,558378,556540,24099,580639,6576
2022-02-28,San Diego,073,3302833,742841,737760,49421,787181,5018
2022-02-28,San Francisco,075,870044,122574,123402,8487,131889,792
2022-02-28,San Joaquin,077,732212,165121,164833,9050,173883,2060
2022-02-28,San Luis Obispo,079,281455,51706,51565,3701,55266,440
2022-02-28,San Mateo,081,765935,118805,118301,6928,125229,611
2022-02-28,Santa Barbara,083,443738,85115,85076,4791,89867,653
2022-02-28,Santa Clara,085,1922200,307557,306930,12180,319110,2180
2022-02-28,Santa Cruz,087,273765,46634,46447,1905,48352,253
2022-02-28,Shasta,089,179085,30291,30213,6134,36347,488
2022-02-28,Sierra,091,2930,273,273,41,314,4
2022-02-28,Siskiyou,093,43540,4391,4382,2729,7111,74
2022-02-28,Solano,095,438530,80766,80544,5443,85987,430
2022-02-28,Sonoma,097,501317,82327,82058,2313,84371,477
2022-02-28,Stanislaus,099,539301,117630,117231,16830,134061,1521
2022-02-28,Sutter,101,95872,20345,20285,1944,22229,214
2022-02-28,Tehama,103,63373,11939,11917,2583,14500,158
2022-02-28,Trinity,105,12862,1167,1160,291,1451,20
2022-02-28,Tulare,107,460477,103722,103304,28033,131337,1300
2022-02-28,Tuolumne,109,53932,12499,12247,565,12812,175
2022-02-28,Ventura,111,848112,171526,171614,9203,180817,1423
2022-02-28,Yolo,113,214977,35822,35754,3119,38873,299
2022-02-28,Yuba,115,75493,15666,15625,1176,16801,115
2022-02-27,Alameda,001,1643700,251814,251624,13598,265222,1744
2022-02-27,Alpine,003,1148,122,125,1,126,0
2022-02-27,Amador,005,37829,8379,8305,643,8948,83
2022-02-27,Butte,007,227075,32643,32551,6573,39124,368
2022-02-27,Calaveras,009,45235,7200,7214,351,7565,110
2022-02-27,Colusa,011,21464,3429,3422,1074,4496,21
2022-02-27,Contra Costa,013,1133247,185955,185185,12938,198123,1230
2022-02-27,Del Norte,015,27424,5721,5691,185,5876,45
2022-02-27,El Dorado,017,186661,26448,26410,3167,29577,191
2022-02-27,Fresno,019,978130,227073,226397,21908,248305,2621
2022-02-27,Glenn,021,27897,4937,4915,1558,6473,40
2022-02-27,Humboldt,023,135768,16760,16713,2913,19626,135
2022-02-27,Imperial,025,180216,54712,54509,10849,65358,875
2022-02-27,Inyo,027,18085,4044,4041,473,4514,56
2022-02-27,Kern,029,883053,189830,189219,46062,235281,2115
2022-02-27,Kings,031,150075,50962,50733,3580,54313,428
2022-02-27,Lake,033,64148,10520,10463,883,11346,128
2022-02-27,Lassen,035,31185,8822,8786,897,9683,55
2022-02-27,Los Angeles,037,10098052,2675187,2666789,122087,2788876,30410
2022-02-27,Madera,039,155013,37079,37009,5968,42977,354
2022-02-27,Marin,041,260295,32803,32756,2184,34940,272
2022-02-27,Mariposa,043,17540,2358,2352,195,2547,6
2022-02-27,Mendocino,045,87422,12878,12798,2918,15716,112
2022-02-27,Merced,047,269075,61609,61491,8343,69834,779
2022-02-27,Modoc,049,8938,729,727,249,976,7
2022-02-27,Mono,051,14174,2957,2960,118,3078,5
2022-02-27,Monterey,053,433212,78085,77851,13066,90917,693
2022-02-27,Napa,055,140530,25337,25316,953,26269,129
2022-02-27,Nevada,057,99092,15869,15900,1181,17081,121
2022-02-27,Orange,059,3164182,541144,540659,40845,581504,6605
2022-02-27,Placer,061,380077,62099,61965,7294,69259,577
2022-02-27,Plumas,063,18699,2698,2691,351,3042,13
2022-02-27,Riverside,065,2383286,586971,585833,27916,613749,6179
2022-02-27,Sacramento,067,1510023,273442,272927,26670,299597,2822
2022-02-27,San Benito,069,59416,12785,12798,510,13308,94
2022-02-27,San Bernardino,071,2135413,558198,556457,24088,580545,6572
2022-02-27,San Diego,073,3302833,742372,737760,49379,787139,5018
2022-02-27,San Francisco,075,870044,122453,123327,8474,131801,791
2022-02-27,San Joaquin,077,732212,165018,164814,9047,173861,2060
2022-02-27,San Luis Obispo,079,281455,51613,51564,3694,55258,439
2022-02-27,San Mateo,081,765935,118698,118244,6923,125167,611
2022-02-27,Santa Barbara,083,443738,85075,85050,4787,89837,653
2022-02-27,Santa Clara,085,1922200,307266,306756,12148,318904,2180
2022-02-27,Santa Cruz,087,273765,46573,46411,1904,48315,253
2022-02-27,Shasta,089,179085,30260,30206,6125,36331,488
2022-02-27,Sierra,091,2930,273,273,41,314,4
2022-02-27,Siskiyou,093,43540,4386,4378,2716,7094,74
2022-02-27,Solano,095,438530,80690,80515,5432,85947,430
2022-02-27,Sonoma,097,501317,82250,82041,2308,84349,476
2022-02-27,Stanislaus,099,539301,117563,117200,16803,134003,1522
2022-02-27,Sutter,101,95872,20328,20280,1939,22219,214
2022-02-27,Tehama,103,63373,11927,11915,2582,14497,158
2022-02-27,Trinity,105,12862,1166,1158,291,1449,20
2022-02-27,Tulare,107,460477,103649,103270,27975,131245,1300
2022-02-27,Tuolumne,109,53932,12485,12243,564,12807,175
2022-02-27,Ventura,111,848112,171450,171660,9201,180861,1423
2022-02-27,Yolo,113,214977,35795,35744,3114,38858,299
2022-02-27,Yuba,115,75493,15655,15619,1174,16793,113
2022-02-26,Alameda,001,1643700,251704,250867,13593,264460,1716
2022-02-26,Alpine,003,1148,122,125,1,126,0
2022-02-26,Amador,005,37829,8376,8282,642,8924,83
2022-02-26,Butte,007,227075,32629,32466,6572,39038,368
2022-02-26,Calaveras,009,45235,7200,7192,351,7543,110
2022-02-26,Colusa,011,21464,3429,3414,1074,4488,21
2022-02-26,Contra Costa,013,1133247,185886,184686,12918,197604,1209
2022-02-26,Del Norte,015,27424,5716,5639,184,5823,45
2022-02-26,El Dorado,017,186661,26438,26355,3163,29518,191
2022-02-26,Fresno,019,978130,226983,225679,21908,247587,2597
2022-02-26,Glenn,021,27897,4935,4909,1557,6466,40
2022-02-26,Humboldt,023,135768,16735,16619,2912,19531,133
2022-02-26,Imperial,025,180216,54685,54367,10847,65214,871
2022-02-26,Inyo,027,18085,4043,4034,468,4502,56
2022-02-26,Kern,029,883053,189781,188584,46044,234628,2106
2022-02-26,Kings,031,150075,50949,50579,3580,54159,423
2022-02-26,Lake,033,64148,10514,10383,883,11266,128
2022-02-26,Lassen,035,31185,8821,8761,897,9658,55
2022-02-26,Los Angeles,037,10098052,2674657,2660973,122054,2783027,30202
2022-02-26,Madera,039,155013,37065,36933,5966,42899,330
2022-02-26,Marin,041,260295,32789,32651,2182,34833,267
2022-02-26,Mariposa,043,17540,2357,2332,195,2527,6
2022-02-26,Mendocino,045,87422,12874,12762,2918,15680,111
2022-02-26,Merced,047,269075,61588,61348,8341,69689,775
2022-02-26,Modoc,049,8938,729,726,249,975,7
2022-02-26,Mono,051,14174,2957,2959,117,3076,5
2022-02-26,Monterey,053,433212,78056,77610,13061,90671,692
2022-02-26,Napa,055,140530,25322,25221,952,26173,130
2022-02-26,Nevada,057,99092,15865,15850,1179,17029,121
2022-02-26,Orange,059,3164182,541036,539992,40822,580814,6540
2022-02-26,Placer,061,380077,62082,61803,7291,69094,573
2022-02-26,Plumas,063,18699,2698,2673,350,3023,13
2022-02-26,Riverside,065,2383286,586858,584835,27909,612744,6143
2022-02-26,Sacramento,067,1510023,273345,272339,26659,298998,2793
2022-02-26,San Benito,069,59416,12781,12770,510,13280,92
2022-02-26,San Bernardino,071,2135413,558118,555668,24082,579750,6505
2022-02-26,San Diego,073,3302833,742158,736049,49361,785410,5002
2022-02-26,San Francisco,075,870044,122386,123079,8466,131545,769
2022-02-26,San Joaquin,077,732212,164985,164418,9045,173463,2048
2022-02-26,San Luis Obispo,079,281455,51599,51358,3690,55048,438
2022-02-26,San Mateo,081,765935,118644,117860,6921,124781,603
2022-02-26,Santa Barbara,083,443738,85045,84830,4787,89617,652
2022-02-26,Santa Clara,085,1922200,307113,305895,12146,318041,2166
2022-02-26,Santa Cruz,087,273765,46552,46186,1904,48090,251
2022-02-26,Shasta,089,179085,30252,30108,6118,36226,485
2022-02-26,Sierra,091,2930,273,270,41,311,1
2022-02-26,Siskiyou,093,43540,4386,4359,2714,7073,72
2022-02-26,Solano,095,438530,80655,80225,5430,85655,428
2022-02-26,Sonoma,097,501317,82215,81702,2305,84007,432
2022-02-26,Stanislaus,099,539301,117521,116896,16800,133696,1503
2022-02-26,Sutter,101,95872,20319,20230,1939,22169,214
2022-02-26,Tehama,103,63373,11920,11878,2579,14457,158
2022-02-26,Trinity,105,12862,1165,1156,291,1447,20
2022-02-26,Tulare,107,460477,103613,102983,27958,130941,1295
2022-02-26,Tuolumne,109,53932,12484,12169,564,12733,175
2022-02-26,Ventura,111,848112,171416,171292,9199,180491,1411
2022-02-26,Yolo,113,214977,35774,35615,3111,38726,296
2022-02-26,Yuba,115,75493,15644,15587,1174,16761,113
2022-02-25,Alameda,001,1643700,251579,250867,13588,264455,1716
2022-02-25,Alpine,003,1148,122,125,1,126,0
2022-02-25,Amador,005,37829,8365,8282,642,8924,83
2022-02-25,Butte,007,227075,32617,32466,6570,39036,368
2022-02-25,Calaveras,009,45235,7198,7192,351,7543,110
2022-02-25,Colusa,011,21464,3429,3414,1074,4488,21
2022-02-25,Contra Costa,013,1133247,185800,184686,12895,197581,1209
2022-02-25,Del Norte,015,27424,5706,5639,184,5823,45
2022-02-25,El Dorado,017,186661,26429,26355,3163,29518,191
2022-02-25,Fresno,019,978130,226885,225679,21901,247580,2597
2022-02-25,Glenn,021,27897,4933,4909,1557,6466,40
2022-02-25,Humboldt,023,135768,16724,16619,2912,19531,133
2022-02-25,Imperial,025,180216,54667,54367,10846,65213,871
2022-02-25,Inyo,027,18085,4042,4034,468,4502,56
2022-02-25,Kern,029,883053,189716,188584,46032,234616,2106
2022-02-25,Kings,031,150075,50934,50579,3579,54158,423
2022-02-25,Lake,033,64148,10499,10383,883,11266,128
2022-02-25,Lassen,035,31185,8819,8761,897,9658,55
2022-02-25,Los Angeles,037,10098052,2674084,2660973,122027,2783000,30202
2022-02-25,Madera,039,155013,37046,36933,5965,42898,330
2022-02-25,Marin,041,260295,32775,32651,2182,34833,267
2022-02-25,Mariposa,043,17540,2354,2332,195,2527,6
2022-02-25,Mendocino,045,87422,12872,12762,2918,15680,111
2022-02-25,Merced,047,269075,61557,61348,8337,69685,775
2022-02-25,Modoc,049,8938,729,726,249,975,7
2022-02-25,Mono,051,14174,2956,2959,117,3076,5
2022-02-25,Monterey,053,433212,78029,77610,13055,90665,692
2022-02-25,Napa,055,140530,25313,25221,952,26173,130
2022-02-25,Nevada,057,99092,15854,15850,1176,17026,121
2022-02-25,Orange,059,3164182,540904,539992,40799,580791,6540
2022-02-25,Placer,061,380077,62067,61803,7286,69089,573
2022-02-25,Plumas,063,18699,2696,2673,350,3023,13
2022-02-25,Riverside,065,2383286,586705,584835,27898,612733,6143
2022-02-25,Sacramento,067,1510023,273245,272339,26653,298992,2793
2022-02-25,San Benito,069,59416,12779,12770,510,13280,92
2022-02-25,San Bernardino,071,2135413,558016,555668,24076,579744,6505
2022-02-25,San Diego,073,3302833,741876,736049,49342,785391,5002
2022-02-25,San Francisco,075,870044,122307,123079,8463,131542,769
2022-02-25,San Joaquin,077,732212,164944,164418,9040,173458,2048
2022-02-25,San Luis Obispo,079,281455,51595,51358,3685,55043,438
2022-02-25,San Mateo,081,765935,118582,117860,6918,124778,603
2022-02-25,Santa Barbara,083,443738,85010,84830,4787,89617,652
2022-02-25,Santa Clara,085,1922200,306926,305895,12143,318038,2166
2022-02-25,Santa Cruz,087,273765,46518,46186,1902,48088,251
2022-02-25,Shasta,089,179085,30242,30108,6116,36224,485
2022-02-25,Sierra,091,2930,273,270,41,311,1
2022-02-25,Siskiyou,093,43540,4386,4359,2713,7072,72
2022-02-25,Solano,095,438530,80626,80225,5429,85654,428
2022-02-25,Sonoma,097,501317,82166,81702,2303,84005,432
2022-02-25,Stanislaus,099,539301,117493,116896,16796,133692,1503
2022-02-25,Sutter,101,95872,20310,20230,1939,22169,214
2022-02-25,Tehama,103,63373,11918,11878,2579,14457,158
2022-02-25,Trinity,105,12862,1165,1156,291,1447,20
2022-02-25,Tulare,107,460477,103577,102983,27935,130918,1295
2022-02-25,Tuolumne,109,53932,12482,12169,564,12733,175
2022-02-25,Ventura,111,848112,171366,171292,9199,180491,1411
2022-02-25,Yolo,113,214977,35759,35615,3111,38726,296
2022-02-25,Yuba,115,75493,15636,15587,1174,16761,113
2022-02-24,Alameda,001,1643700,251373,250867,13577,264444,1716
2022-02-24,Alpine,003,1148,122,125,1,126,0
2022-02-24,Amador,005,37829,8360,8282,641,8923,83
2022-02-24,Butte,007,227075,32596,32466,6563,39029,368
2022-02-24,Calaveras,009,45235,7195,7192,349,7541,110
2022-02-24,Colusa,011,21464,3428,3414,1073,4487,21
2022-02-24,Contra Costa,013,1133247,185672,184686,12886,197572,1209
2022-02-24,Del Norte,015,27424,5692,5639,183,5822,45
2022-02-24,El Dorado,017,186661,26415,26355,3163,29518,191
2022-02-24,Fresno,019,978130,226687,225679,21889,247568,2597
2022-02-24,Glenn,021,27897,4931,4909,1556,6465,40
2022-02-24,Humboldt,023,135768,16708,16619,2911,19530,133
2022-02-24,Imperial,025,180216,54628,54367,10830,65197,871
2022-02-24,Inyo,027,18085,4041,4034,467,4501,56
2022-02-24,Kern,029,883053,189574,188584,45999,234583,2106
2022-02-24,Kings,031,150075,50903,50579,3573,54152,423
2022-02-24,Lake,033,64148,10480,10383,883,11266,128
2022-02-24,Lassen,035,31185,8815,8761,896,9657,55
2022-02-24,Los Angeles,037,10098052,2672983,2660973,121988,2782961,30202
2022-02-24,Madera,039,155013,37019,36933,5963,42896,330
2022-02-24,Marin,041,260295,32754,32651,2181,34832,267
2022-02-24,Mariposa,043,17540,2348,2332,194,2526,6
2022-02-24,Mendocino,045,87422,12865,12762,2914,15676,111
2022-02-24,Merced,047,269075,61527,61348,8328,69676,775
2022-02-24,Modoc,049,8938,728,726,249,975,7
2022-02-24,Mono,051,14174,2955,2959,117,3076,5
2022-02-24,Monterey,053,433212,77975,77610,13046,90656,692
2022-02-24,Napa,055,140530,25273,25221,947,26168,130
2022-02-24,Nevada,057,99092,15840,15850,1175,17025,121
2022-02-24,Orange,059,3164182,540661,539992,40764,580756,6540
2022-02-24,Placer,061,380077,62030,61803,7284,69087,573
2022-02-24,Plumas,063,18699,2690,2673,348,3021,13
2022-02-24,Riverside,065,2383286,586455,584835,27870,612705,6143
2022-02-24,Sacramento,067,1510023,273073,272339,26634,298973,2793
2022-02-24,San Benito,069,59416,12768,12770,510,13280,92
2022-02-24,San Bernardino,071,2135413,557830,555668,24068,579736,6505
2022-02-24,San Diego,073,3302833,741469,736049,49305,785354,5002
2022-02-24,San Francisco,075,870044,122186,123079,8456,131535,769
2022-02-24,San Joaquin,077,732212,164811,164418,9035,173453,2048
2022-02-24,San Luis Obispo,079,281455,51549,51358,3685,55043,438
2022-02-24,San Mateo,081,765935,118490,117860,6911,124771,603
2022-02-24,Santa Barbara,083,443738,84947,84830,4786,89616,652
2022-02-24,Santa Clara,085,1922200,306679,305895,12129,318024,2166
2022-02-24,Santa Cruz,087,273765,46436,46186,1901,48087,251
2022-02-24,Shasta,089,179085,30223,30108,6110,36218,485
2022-02-24,Sierra,091,2930,273,270,41,311,1
2022-02-24,Siskiyou,093,43540,4383,4359,2709,7068,72
2022-02-24,Solano,095,438530,80547,80225,5426,85651,428
2022-02-24,Sonoma,097,501317,82112,81702,2298,84000,432
2022-02-24,Stanislaus,099,539301,117416,116896,16779,133675,1503
2022-02-24,Sutter,101,95872,20296,20230,1923,22153,214
2022-02-24,Tehama,103,63373,11912,11878,2578,14456,158
2022-02-24,Trinity,105,12862,1163,1156,291,1447,20
2022-02-24,Tulare,107,460477,103520,102983,27901,130884,1295
2022-02-24,Tuolumne,109,53932,12471,12169,562,12731,175
2022-02-24,Ventura,111,848112,171287,171292,9196,180488,1411
2022-02-24,Yolo,113,214977,35734,35615,3108,38723,296
2022-02-24,Yuba,115,75493,15623,15587,1174,16761,113
2022-02-23,Alameda,001,1643700,251141,247686,13559,261245,1713
2022-02-23,Alpine,003,1148,122,125,1,126,0
2022-02-23,Amador,005,37829,8343,8274,641,8915,79
2022-02-23,Butte,007,227075,32568,32417,6560,38977,367
2022-02-23,Calaveras,009,45235,7185,7182,348,7530,107
2022-02-23,Colusa,011,21464,3424,3411,1073,4484,21
2022-02-23,Contra Costa,013,1133247,185526,184013,12873,196886,1209
2022-02-23,Del Norte,015,27424,5681,5625,182,5807,45
2022-02-23,El Dorado,017,186661,26399,26317,3161,29478,189
2022-02-23,Fresno,019,978130,226493,225308,21866,247174,2596
2022-02-23,Glenn,021,27897,4927,4909,1554,6463,40
2022-02-23,Humboldt,023,135768,16693,16601,2908,19509,132
2022-02-23,Imperial,025,180216,54598,54292,10817,65109,871
2022-02-23,Inyo,027,18085,4040,4031,464,4495,54
2022-02-23,Kern,029,883053,189463,188432,45948,234380,2106
2022-02-23,Kings,031,150075,50869,50416,3571,53987,423
2022-02-23,Lake,033,64148,10462,10368,882,11250,126
2022-02-23,Lassen,035,31185,8799,8749,896,9645,55
2022-02-23,Los Angeles,037,10098052,2671715,2659569,121955,2781524,30167
2022-02-23,Madera,039,155013,36987,36876,5952,42828,330
2022-02-23,Marin,041,260295,32730,32625,2180,34805,267
2022-02-23,Mariposa,043,17540,2343,2325,193,2518,6
2022-02-23,Mendocino,045,87422,12858,12747,2910,15657,111
2022-02-23,Merced,047,269075,61498,61295,8323,69618,772
2022-02-23,Modoc,049,8938,728,723,248,971,7
2022-02-23,Mono,051,14174,2954,2960,117,3077,5
2022-02-23,Monterey,053,433212,77937,77472,13025,90497,691
2022-02-23,Napa,055,140530,25250,25185,942,26127,128
2022-02-23,Nevada,057,99092,15833,15825,1172,16997,121
2022-02-23,Orange,059,3164182,540363,539631,40740,580371,6520
2022-02-23,Placer,061,380077,61983,61758,7276,69034,573
2022-02-23,Plumas,063,18699,2686,2663,348,3011,13
2022-02-23,Riverside,065,2383286,586162,584381,27833,612214,6119
2022-02-23,Sacramento,067,1510023,272912,272057,26612,298669,2796
2022-02-23,San Benito,069,59416,12761,12756,509,13265,92
2022-02-23,San Bernardino,071,2135413,557671,555238,24053,579291,6479
2022-02-23,San Diego,073,3302833,740952,735406,49270,784676,4988
2022-02-23,San Francisco,075,870044,122059,122127,8454,130581,769
2022-02-23,San Joaquin,077,732212,164722,164257,9030,173287,2042
2022-02-23,San Luis Obispo,079,281455,51501,51264,3684,54948,434
2022-02-23,San Mateo,081,765935,118395,117585,6902,124487,603
2022-02-23,Santa Barbara,083,443738,84886,84760,4782,89542,651
2022-02-23,Santa Clara,085,1922200,306421,305484,12119,317603,2157
2022-02-23,Santa Cruz,087,273765,46367,46059,1900,47959,251
2022-02-23,Shasta,089,179085,30195,30066,6106,36172,481
2022-02-23,Sierra,091,2930,273,270,41,311,1
2022-02-23,Siskiyou,093,43540,4380,4356,2707,7063,71
2022-02-23,Solano,095,438530,80455,80103,5424,85527,427
2022-02-23,Sonoma,097,501317,82059,81594,2297,83891,432
2022-02-23,Stanislaus,099,539301,117340,116789,16746,133535,1482
2022-02-23,Sutter,101,95872,20279,20194,1919,22113,213
2022-02-23,Tehama,103,63373,11902,11863,2577,14440,154
2022-02-23,Trinity,105,12862,1163,1156,291,1447,20
2022-02-23,Tulare,107,460477,103454,102812,27871,130683,1290
2022-02-23,Tuolumne,109,53932,12461,12158,560,12718,175
2022-02-23,Ventura,111,848112,171202,171163,9189,180352,1401
2022-02-23,Yolo,113,214977,35698,35590,3101,38691,296
2022-02-23,Yuba,115,75493,15620,15571,1172,16743,113
2022-02-22,Alameda,001,1643700,250901,247434,13545,260979,1706
2022-02-22,Alpine,003,1148,122,124,1,125,0
2022-02-22,Amador,005,37829,8333,8243,641,8884,79
2022-02-22,Butte,007,227075,32534,32359,6555,38914,366
2022-02-22,Calaveras,009,45235,7175,7178,348,7526,107
2022-02-22,Colusa,011,21464,3424,3402,1071,4473,21
2022-02-22,Contra Costa,013,1133247,185374,183812,12854,196666,1201
2022-02-22,Del Norte,015,27424,5672,5611,181,5792,45
2022-02-22,El Dorado,017,186661,26389,26289,3161,29450,189
2022-02-22,Fresno,019,978130,226259,225104,21838,246942,2592
2022-02-22,Glenn,021,27897,4926,4900,1553,6453,40
2022-02-22,Humboldt,023,135768,16672,16559,2903,19462,132
2022-02-22,Imperial,025,180216,54562,54227,10808,65035,864
2022-02-22,Inyo,027,18085,4039,4026,463,4489,54
2022-02-22,Kern,029,883053,189321,188237,45911,234148,2102
2022-02-22,Kings,031,150075,50805,50359,3569,53928,423
2022-02-22,Lake,033,64148,10451,10353,880,11233,126
2022-02-22,Lassen,035,31185,8795,8730,896,9626,55
2022-02-22,Los Angeles,037,10098052,2670287,2658230,121892,2780122,30129
2022-02-22,Madera,039,155013,36955,36833,5942,42775,330
2022-02-22,Marin,041,260295,32705,32591,2179,34770,267
2022-02-22,Mariposa,043,17540,2335,2322,193,2515,6
2022-02-22,Mendocino,045,87422,12844,12714,2900,15614,110
2022-02-22,Merced,047,269075,61438,61241,8316,69557,770
2022-02-22,Modoc,049,8938,725,720,248,968,6
2022-02-22,Mono,051,14174,2954,2961,117,3078,5
2022-02-22,Monterey,053,433212,77882,77359,13007,90366,690
2022-02-22,Napa,055,140530,25221,25151,941,26092,128
2022-02-22,Nevada,057,99092,15817,15815,1171,16986,121
2022-02-22,Orange,059,3164182,540083,539390,40706,580096,6502
2022-02-22,Placer,061,380077,61946,61709,7271,68980,572
2022-02-22,Plumas,063,18699,2681,2659,346,3005,13
2022-02-22,Riverside,065,2383286,585903,583969,27811,611780,6097
2022-02-22,Sacramento,067,1510023,272725,271789,26586,298375,2775
2022-02-22,San Benito,069,59416,12750,12742,508,13250,92
2022-02-22,San Bernardino,071,2135413,557473,554903,24036,578939,6451
2022-02-22,San Diego,073,3302833,740417,734536,49220,783756,4974
2022-02-22,San Francisco,075,870044,121931,121954,8449,130403,769
2022-02-22,San Joaquin,077,732212,164603,164111,9018,173129,2040
2022-02-22,San Luis Obispo,079,281455,51416,51193,3678,54871,431
2022-02-22,San Mateo,081,765935,118300,117418,6897,124315,603
2022-02-22,Santa Barbara,083,443738,84823,84701,4776,89477,650
2022-02-22,Santa Clara,085,1922200,306141,305045,12112,317157,2155
2022-02-22,Santa Cruz,087,273765,46302,45958,1900,47858,251
2022-02-22,Shasta,089,179085,30171,30024,6101,36125,479
2022-02-22,Sierra,091,2930,273,269,40,309,0
2022-02-22,Siskiyou,093,43540,4377,4350,2702,7052,70
2022-02-22,Solano,095,438530,80380,79968,5422,85390,425
2022-02-22,Sonoma,097,501317,81992,81412,2293,83705,431
2022-02-22,Stanislaus,099,539301,117261,116676,16699,133375,1475
2022-02-22,Sutter,101,95872,20263,20164,1916,22080,210
2022-02-22,Tehama,103,63373,11894,11852,2576,14428,152
2022-02-22,Trinity,105,12862,1163,1147,290,1437,20
2022-02-22,Tulare,107,460477,103342,102717,27835,130552,1287
2022-02-22,Tuolumne,109,53932,12440,12136,559,12695,175
2022-02-22,Ventura,111,848112,171118,171064,9183,180247,1401
2022-02-22,Yolo,113,214977,35660,35527,3096,38623,292
2022-02-22,Yuba,115,75493,15611,15550,1171,16721,110
2022-02-21,Alameda,001,1643700,250613,247434,13528,260962,1704
2022-02-21,Alpine,003,1148,122,124,1,125,0
2022-02-21,Amador,005,37829,8326,8246,641,8887,79
2022-02-21,Butte,007,227075,32489,32356,6532,38888,366
2022-02-21,Calaveras,009,45235,7167,7175,348,7523,107
2022-02-21,Colusa,011,21464,3422,3401,1069,4470,21
2022-02-21,Contra Costa,013,1133247,185139,183701,12840,196541,1201
2022-02-21,Del Norte,015,27424,5653,5601,180,5781,45
2022-02-21,El Dorado,017,186661,26363,26273,3158,29431,189
2022-02-21,Fresno,019,978130,225940,224923,21778,246701,2592
2022-02-21,Glenn,021,27897,4922,4897,1553,6450,40
2022-02-21,Humboldt,023,135768,16628,16548,2896,19444,132
2022-02-21,Imperial,025,180216,54507,54208,10790,64998,864
2022-02-21,Inyo,027,18085,4035,4023,462,4485,54
2022-02-21,Kern,029,883053,189130,188188,45858,234046,2102
2022-02-21,Kings,031,150075,50739,50188,3566,53754,422
2022-02-21,Lake,033,64148,10428,10334,878,11212,126
2022-02-21,Lassen,035,31185,8787,8705,891,9596,55
2022-02-21,Los Angeles,037,10098052,2668534,2656873,121811,2778684,30108
2022-02-21,Madera,039,155013,36913,36796,5918,42714,330
2022-02-21,Marin,041,260295,32682,32570,2179,34749,258
2022-02-21,Mariposa,043,17540,2332,2321,193,2514,6
2022-02-21,Mendocino,045,87422,12819,12706,2888,15594,110
2022-02-21,Merced,047,269075,61381,61209,8299,69508,770
2022-02-21,Modoc,049,8938,724,718,248,966,6
2022-02-21,Mono,051,14174,2953,2960,117,3077,5
2022-02-21,Monterey,053,433212,77789,77354,12965,90319,690
2022-02-21,Napa,055,140530,25180,25126,941,26067,128
2022-02-21,Nevada,057,99092,15805,15810,1168,16978,121
2022-02-21,Orange,059,3164182,539737,539068,40681,579749,6502
2022-02-21,Placer,061,380077,61893,61727,7268,68995,572
2022-02-21,Plumas,063,18699,2677,2657,341,2998,13
2022-02-21,Riverside,065,2383286,585530,583712,27762,611474,6097
2022-02-21,Sacramento,067,1510023,272458,271588,26554,298142,2769
2022-02-21,San Benito,069,59416,12737,12731,508,13239,92
2022-02-21,San Bernardino,071,2135413,557234,554662,24014,578676,6441
2022-02-21,San Diego,073,3302833,739794,732298,49151,781449,4974
2022-02-21,San Francisco,075,870044,121748,121865,8444,130309,769
2022-02-21,San Joaquin,077,732212,164464,164036,9007,173043,2040
2022-02-21,San Luis Obispo,079,281455,51324,51184,3670,54854,429
2022-02-21,San Mateo,081,765935,118211,117259,6889,124148,605
2022-02-21,Santa Barbara,083,443738,84746,84626,4768,89394,650
2022-02-21,Santa Clara,085,1922200,305805,304858,12106,316964,2158
2022-02-21,Santa Cruz,087,273765,46177,45941,1899,47840,251
2022-02-21,Shasta,089,179085,30125,30004,6093,36097,479
2022-02-21,Sierra,091,2930,273,269,40,309,0
2022-02-21,Siskiyou,093,43540,4365,4337,2697,7034,70
2022-02-21,Solano,095,438530,80284,79906,5416,85322,425
2022-02-21,Sonoma,097,501317,81881,81361,2287,83648,431
2022-02-21,Stanislaus,099,539301,117151,116597,16627,133224,1475
2022-02-21,Sutter,101,95872,20236,20152,1914,22066,210
2022-02-21,Tehama,103,63373,11880,11842,2575,14417,152
2022-02-21,Trinity,105,12862,1162,1147,290,1437,20
2022-02-21,Tulare,107,460477,103242,102614,27783,130397,1287
2022-02-21,Tuolumne,109,53932,12431,12126,556,12682,175
2022-02-21,Ventura,111,848112,170982,170939,9174,180113,1401
2022-02-21,Yolo,113,214977,35617,35518,3087,38605,292
2022-02-21,Yuba,115,75493,15590,15546,1162,16708,110
2022-02-20,Alameda,001,1643700,250389,246028,13517,259545,1700
2022-02-20,Alpine,003,1148,122,124,1,125,0
2022-02-20,Amador,005,37829,8314,8203,641,8844,79
2022-02-20,Butte,007,227075,32459,32173,6527,38700,364
2022-02-20,Calaveras,009,45235,7164,7136,347,7483,107
2022-02-20,Colusa,011,21464,3419,3389,1068,4457,21
2022-02-20,Contra Costa,013,1133247,185015,182797,12835,195632,1190
2022-02-20,Del Norte,015,27424,5636,5511,179,5690,45
2022-02-20,El Dorado,017,186661,26340,26101,3157,29258,189
2022-02-20,Fresno,019,978130,225747,223594,21765,245359,2544
2022-02-20,Glenn,021,27897,4919,4881,1553,6434,39
2022-02-20,Humboldt,023,135768,16614,16393,2892,19285,132
2022-02-20,Imperial,025,180216,54448,53967,10775,64742,862
2022-02-20,Inyo,027,18085,4034,4018,461,4479,52
2022-02-20,Kern,029,883053,188998,187158,45815,232973,2095
2022-02-20,Kings,031,150075,50708,49724,3562,53286,421
2022-02-20,Lake,033,64148,10395,10184,877,11061,126
2022-02-20,Lassen,035,31185,8775,8640,891,9531,55
2022-02-20,Los Angeles,037,10098052,2667238,2642878,121736,2764614,29842
2022-02-20,Madera,039,155013,36881,36526,5913,42439,330
2022-02-20,Marin,041,260295,32663,32441,2178,34619,258
2022-02-20,Mariposa,043,17540,2326,2310,191,2501,6
2022-02-20,Mendocino,045,87422,12810,12625,2885,15510,110
2022-02-20,Merced,047,269075,61353,60886,8297,69183,769
2022-02-20,Modoc,049,8938,723,714,248,962,6
2022-02-20,Mono,051,14174,2953,2956,117,3073,5
2022-02-20,Monterey,053,433212,77730,76765,12951,89716,682
2022-02-20,Napa,055,140530,25159,24970,939,25909,127
2022-02-20,Nevada,057,99092,15794,15715,1167,16882,121
2022-02-20,Orange,059,3164182,539424,538019,40649,578668,6416
2022-02-20,Placer,061,380077,61858,61417,7259,68676,560
2022-02-20,Plumas,063,18699,2674,2646,339,2985,13
2022-02-20,Riverside,065,2383286,585241,581788,27730,609518,6087
2022-02-20,Sacramento,067,1510023,272275,270080,26527,296607,2747
2022-02-20,San Benito,069,59416,12734,12665,508,13173,92
2022-02-20,San Bernardino,071,2135413,557031,553151,23996,577147,6400
2022-02-20,San Diego,073,3302833,739203,729549,49098,778647,4947
2022-02-20,San Francisco,075,870044,121601,121197,8435,129632,756
2022-02-20,San Joaquin,077,732212,164342,163083,8996,172079,2033
2022-02-20,San Luis Obispo,079,281455,51293,50823,3666,54489,424
2022-02-20,San Mateo,081,765935,118136,116648,6881,123529,598
2022-02-20,Santa Barbara,083,443738,84697,83988,4767,88755,642
2022-02-20,Santa Clara,085,1922200,305526,303077,12098,315175,2138
2022-02-20,Santa Cruz,087,273765,46110,45532,1897,47429,250
2022-02-20,Shasta,089,179085,30094,29847,6086,35933,479
2022-02-20,Sierra,091,2930,273,269,40,309,0
2022-02-20,Siskiyou,093,43540,4359,4307,2696,7003,70
2022-02-20,Solano,095,438530,80207,78914,5412,84326,424
2022-02-20,Sonoma,097,501317,81804,80843,2286,83129,431
2022-02-20,Stanislaus,099,539301,117083,115976,16611,132587,1454
2022-02-20,Sutter,101,95872,20223,20060,1911,21971,210
2022-02-20,Tehama,103,63373,11867,11760,2572,14332,152
2022-02-20,Trinity,105,12862,1161,1130,290,1420,20
2022-02-20,Tulare,107,460477,103149,101996,27754,129750,1286
2022-02-20,Tuolumne,109,53932,12408,12036,556,12592,175
2022-02-20,Ventura,111,848112,170885,170331,9169,179500,1384
2022-02-20,Yolo,113,214977,35591,35363,3084,38447,293
2022-02-20,Yuba,115,75493,15574,15449,1161,16610,112
2022-02-19,Alameda,001,1643700,250218,246028,13515,259543,1700
2022-02-19,Alpine,003,1148,122,124,1,125,0
2022-02-19,Amador,005,37829,8310,8203,641,8844,79
2022-02-19,Butte,007,227075,32435,32173,6524,38697,364
2022-02-19,Calaveras,009,45235,7164,7136,347,7483,107
2022-02-19,Colusa,011,21464,3418,3389,1066,4455,21
2022-02-19,Contra Costa,013,1133247,184917,182797,12834,195631,1190
2022-02-19,Del Norte,015,27424,5626,5511,178,5689,45
2022-02-19,El Dorado,017,186661,26324,26101,3155,29256,189
2022-02-19,Fresno,019,978130,225628,223594,21761,245355,2544
2022-02-19,Glenn,021,27897,4916,4881,1553,6434,39
2022-02-19,Humboldt,023,135768,16598,16393,2892,19285,132
2022-02-19,Imperial,025,180216,54431,53967,10768,64735,862
2022-02-19,Inyo,027,18085,4033,4018,460,4478,52
2022-02-19,Kern,029,883053,188900,187158,45790,232948,2095
2022-02-19,Kings,031,150075,50687,49724,3560,53284,421
2022-02-19,Lake,033,64148,10386,10184,877,11061,126
2022-02-19,Lassen,035,31185,8763,8640,890,9530,55
2022-02-19,Los Angeles,037,10098052,2666481,2642878,121699,2764577,29842
2022-02-19,Madera,039,155013,36859,36526,5912,42438,330
2022-02-19,Marin,041,260295,32640,32441,2177,34618,258
2022-02-19,Mariposa,043,17540,2323,2310,191,2501,6
2022-02-19,Mendocino,045,87422,12801,12625,2885,15510,110
2022-02-19,Merced,047,269075,61307,60886,8293,69179,769
2022-02-19,Modoc,049,8938,723,714,247,961,6
2022-02-19,Mono,051,14174,2952,2956,117,3073,5
2022-02-19,Monterey,053,433212,77639,76765,12940,89705,682
2022-02-19,Napa,055,140530,25149,24970,939,25909,127
2022-02-19,Nevada,057,99092,15786,15715,1167,16882,121
2022-02-19,Orange,059,3164182,539228,538019,40627,578646,6416
2022-02-19,Placer,061,380077,61812,61417,7258,68675,560
2022-02-19,Plumas,063,18699,2673,2646,339,2985,13
2022-02-19,Riverside,065,2383286,585046,581788,27711,609499,6087
2022-02-19,Sacramento,067,1510023,272133,270080,26516,296596,2747
2022-02-19,San Benito,069,59416,12720,12665,507,13172,92
2022-02-19,San Bernardino,071,2135413,556885,553151,23990,577141,6400
2022-02-19,San Diego,073,3302833,738848,729549,49057,778606,4947
2022-02-19,San Francisco,075,870044,121514,121197,8431,129628,756
2022-02-19,San Joaquin,077,732212,164266,163083,8985,172068,2033
2022-02-19,San Luis Obispo,079,281455,51279,50823,3662,54485,424
2022-02-19,San Mateo,081,765935,118094,116648,6879,123527,598
2022-02-19,Santa Barbara,083,443738,84622,83988,4765,88753,642
2022-02-19,Santa Clara,085,1922200,305327,303077,12096,315173,2138
2022-02-19,Santa Cruz,087,273765,46073,45532,1897,47429,250
2022-02-19,Shasta,089,179085,30080,29847,6083,35930,479
2022-02-19,Sierra,091,2930,273,269,40,309,0
2022-02-19,Siskiyou,093,43540,4356,4307,2696,7003,70
2022-02-19,Solano,095,438530,80165,78914,5411,84325,424
2022-02-19,Sonoma,097,501317,81758,80843,2286,83129,431
2022-02-19,Stanislaus,099,539301,117012,115976,16605,132581,1454
2022-02-19,Sutter,101,95872,20215,20060,1911,21971,210
2022-02-19,Tehama,103,63373,11860,11760,2572,14332,152
2022-02-19,Trinity,105,12862,1159,1130,290,1420,20
2022-02-19,Tulare,107,460477,103098,101996,27725,129721,1286
2022-02-19,Tuolumne,109,53932,12400,12036,556,12592,175
2022-02-19,Ventura,111,848112,170810,170331,9166,179497,1384
2022-02-19,Yolo,113,214977,35559,35363,3080,38443,293
2022-02-19,Yuba,115,75493,15565,15449,1161,16610,112
2022-02-18,Alameda,001,1643700,250043,246028,13507,259535,1700
2022-02-18,Alpine,003,1148,121,124,1,125,0
2022-02-18,Amador,005,37829,8302,8203,639,8842,79
2022-02-18,Butte,007,227075,32414,32173,6519,38692,364
2022-02-18,Calaveras,009,45235,7158,7136,346,7482,107
2022-02-18,Colusa,011,21464,3416,3389,1066,4455,21
2022-02-18,Contra Costa,013,1133247,184813,182797,12829,195626,1190
2022-02-18,Del Norte,015,27424,5611,5511,178,5689,45
2022-02-18,El Dorado,017,186661,26312,26101,3154,29255,189
2022-02-18,Fresno,019,978130,225439,223594,21753,245347,2544
2022-02-18,Glenn,021,27897,4915,4881,1552,6433,39
2022-02-18,Humboldt,023,135768,16581,16393,2887,19280,132
2022-02-18,Imperial,025,180216,54407,53967,10757,64724,862
2022-02-18,Inyo,027,18085,4032,4018,460,4478,52
2022-02-18,Kern,029,883053,188785,187158,45744,232902,2095
2022-02-18,Kings,031,150075,50599,49724,3560,53284,421
2022-02-18,Lake,033,64148,10369,10184,875,11059,126
2022-02-18,Lassen,035,31185,8743,8640,889,9529,55
2022-02-18,Los Angeles,037,10098052,2665521,2642878,121649,2764527,29842
2022-02-18,Madera,039,155013,36833,36526,5911,42437,330
2022-02-18,Marin,041,260295,32616,32441,2175,34616,258
2022-02-18,Mariposa,043,17540,2321,2310,191,2501,6
2022-02-18,Mendocino,045,87422,12790,12625,2885,15510,110
2022-02-18,Merced,047,269075,61263,60886,8283,69169,769
2022-02-18,Modoc,049,8938,723,714,247,961,6
2022-02-18,Mono,051,14174,2952,2956,117,3073,5
2022-02-18,Monterey,053,433212,77568,76765,12934,89699,682
2022-02-18,Napa,055,140530,25131,24970,939,25909,127
2022-02-18,Nevada,057,99092,15778,15715,1167,16882,121
2022-02-18,Orange,059,3164182,538995,538019,40588,578607,6416
2022-02-18,Placer,061,380077,61784,61417,7250,68667,560
2022-02-18,Plumas,063,18699,2670,2646,339,2985,13
2022-02-18,Riverside,065,2383286,584841,581788,27701,609489,6087
2022-02-18,Sacramento,067,1510023,271929,270080,26508,296588,2747
2022-02-18,San Benito,069,59416,12712,12665,507,13172,92
2022-02-18,San Bernardino,071,2135413,556708,553151,23984,577135,6400
2022-02-18,San Diego,073,3302833,738420,729549,49034,778583,4947
2022-02-18,San Francisco,075,870044,121425,121197,8423,129620,756
2022-02-18,San Joaquin,077,732212,164199,163083,8977,172060,2033
2022-02-18,San Luis Obispo,079,281455,51263,50823,3658,54481,424
2022-02-18,San Mateo,081,765935,118027,116648,6876,123524,598
2022-02-18,Santa Barbara,083,443738,84581,83988,4763,88751,642
2022-02-18,Santa Clara,085,1922200,305086,303077,12095,315172,2138
2022-02-18,Santa Cruz,087,273765,46039,45532,1896,47428,250
2022-02-18,Shasta,089,179085,30067,29847,6082,35929,479
2022-02-18,Sierra,091,2930,273,269,40,309,0
2022-02-18,Siskiyou,093,43540,4353,4307,2694,7001,70
2022-02-18,Solano,095,438530,80094,78914,5410,84324,424
2022-02-18,Sonoma,097,501317,81700,80843,2286,83129,431
2022-02-18,Stanislaus,099,539301,116963,115976,16590,132566,1454
2022-02-18,Sutter,101,95872,20204,20060,1911,21971,210
2022-02-18,Tehama,103,63373,11849,11760,2572,14332,152
2022-02-18,Trinity,105,12862,1158,1130,289,1419,20
2022-02-18,Tulare,107,460477,103046,101996,27678,129674,1286
2022-02-18,Tuolumne,109,53932,12393,12036,555,12591,175
2022-02-18,Ventura,111,848112,170721,170331,9163,179494,1384
2022-02-18,Yolo,113,214977,35530,35363,3078,38441,293
2022-02-18,Yuba,115,75493,15551,15449,1161,16610,112
2022-02-17,Alameda,001,1643700,249766,246028,13484,259512,1700
2022-02-17,Alpine,003,1148,121,124,1,125,0
2022-02-17,Amador,005,37829,8298,8203,637,8840,79
2022-02-17,Butte,007,227075,32376,32173,6514,38687,364
2022-02-17,Calaveras,009,45235,7148,7136,343,7479,107
2022-02-17,Colusa,011,21464,3413,3389,1066,4455,21
2022-02-17,Contra Costa,013,1133247,184620,182797,12795,195592,1190
2022-02-17,Del Norte,015,27424,5587,5511,178,5689,45
2022-02-17,El Dorado,017,186661,26285,26101,3147,29248,189
2022-02-17,Fresno,019,978130,225145,223594,21729,245323,2544
2022-02-17,Glenn,021,27897,4913,4881,1549,6430,39
2022-02-17,Humboldt,023,135768,16537,16393,2886,19279,132
2022-02-17,Imperial,025,180216,54342,53967,10736,64703,862
2022-02-17,Inyo,027,18085,4031,4018,459,4477,52
2022-02-17,Kern,029,883053,188631,187158,45690,232848,2095
2022-02-17,Kings,031,150075,50532,49724,3554,53278,421
2022-02-17,Lake,033,64148,10340,10184,871,11055,126
2022-02-17,Lassen,035,31185,8728,8640,886,9526,55
2022-02-17,Los Angeles,037,10098052,2663728,2642878,121583,2764461,29842
2022-02-17,Madera,039,155013,36788,36526,5906,42432,330
2022-02-17,Marin,041,260295,32582,32441,2172,34613,258
2022-02-17,Mariposa,043,17540,2318,2310,190,2500,6
2022-02-17,Mendocino,045,87422,12773,12625,2882,15507,110
2022-02-17,Merced,047,269075,61185,60886,8265,69151,769
2022-02-17,Modoc,049,8938,722,714,247,961,6
2022-02-17,Mono,051,14174,2950,2956,117,3073,5
2022-02-17,Monterey,053,433212,77454,76765,12886,89651,682
2022-02-17,Napa,055,140530,25099,24970,937,25907,127
2022-02-17,Nevada,057,99092,15766,15715,1165,16880,121
2022-02-17,Orange,059,3164182,538661,538019,40564,578583,6416
2022-02-17,Placer,061,380077,61743,61417,7242,68659,560
2022-02-17,Plumas,063,18699,2667,2646,339,2985,13
2022-02-17,Riverside,065,2383286,584449,581788,27672,609460,6087
2022-02-17,Sacramento,067,1510023,271633,270080,26460,296540,2747
2022-02-17,San Benito,069,59416,12701,12665,507,13172,92
2022-02-17,San Bernardino,071,2135413,556409,553151,23973,577124,6400
2022-02-17,San Diego,073,3302833,737815,729549,48991,778540,4947
2022-02-17,San Francisco,075,870044,121287,121197,8413,129610,756
2022-02-17,San Joaquin,077,732212,164036,163083,8963,172046,2033
2022-02-17,San Luis Obispo,079,281455,51158,50823,3650,54473,424
2022-02-17,San Mateo,081,765935,117934,116648,6868,123516,598
2022-02-17,Santa Barbara,083,443738,84472,83988,4755,88743,642
2022-02-17,Santa Clara,085,1922200,304719,303077,12081,315158,2138
2022-02-17,Santa Cruz,087,273765,45957,45532,1894,47426,250
2022-02-17,Shasta,089,179085,30039,29847,6078,35925,479
2022-02-17,Sierra,091,2930,273,269,40,309,0
2022-02-17,Siskiyou,093,43540,4344,4307,2690,6997,70
2022-02-17,Solano,095,438530,80011,78914,5403,84317,424
2022-02-17,Sonoma,097,501317,81631,80843,2281,83124,431
2022-02-17,Stanislaus,099,539301,116859,115976,16564,132540,1454
2022-02-17,Sutter,101,95872,20189,20060,1903,21963,210
2022-02-17,Tehama,103,63373,11838,11760,2570,14330,152
2022-02-17,Trinity,105,12862,1156,1130,287,1417,20
2022-02-17,Tulare,107,460477,102921,101996,27645,129641,1286
2022-02-17,Tuolumne,109,53932,12382,12036,555,12591,175
2022-02-17,Ventura,111,848112,170582,170331,9162,179493,1384
2022-02-17,Yolo,113,214977,35492,35363,3077,38440,293
2022-02-17,Yuba,115,75493,15536,15449,1161,16610,112
2022-02-16,Alameda,001,1643700,249443,245662,13441,259103,1691
2022-02-16,Alpine,003,1148,121,124,1,125,0
2022-02-16,Amador,005,37829,8279,8197,635,8832,77
2022-02-16,Butte,007,227075,32332,32095,6502,38597,363
2022-02-16,Calaveras,009,45235,7141,7129,340,7469,107
2022-02-16,Colusa,011,21464,3408,3384,1066,4450,21
2022-02-16,Contra Costa,013,1133247,184377,182423,12755,195178,1179
2022-02-16,Del Norte,015,27424,5560,5473,173,5646,45
2022-02-16,El Dorado,017,186661,26252,26061,3142,29203,189
2022-02-16,Fresno,019,978130,224784,223056,21689,244745,2542
2022-02-16,Glenn,021,27897,4908,4873,1544,6417,39
2022-02-16,Humboldt,023,135768,16512,16342,2873,19215,132
2022-02-16,Imperial,025,180216,54270,53901,10702,64603,861
2022-02-16,Inyo,027,18085,4026,4013,457,4470,52
2022-02-16,Kern,029,883053,188411,186740,45599,232339,2084
2022-02-16,Kings,031,150075,50477,49575,3544,53119,420
2022-02-16,Lake,033,64148,10313,10145,871,11016,125
2022-02-16,Lassen,035,31185,8693,8618,886,9504,55
2022-02-16,Los Angeles,037,10098052,2661640,2640005,121495,2761500,29749
2022-02-16,Madera,039,155013,36720,36382,5891,42273,330
2022-02-16,Marin,041,260295,32546,32381,2168,34549,257
2022-02-16,Mariposa,043,17540,2316,2305,190,2495,6
2022-02-16,Mendocino,045,87422,12751,12605,2872,15477,108
2022-02-16,Merced,047,269075,61113,60776,8232,69008,767
2022-02-16,Modoc,049,8938,722,711,243,954,6
2022-02-16,Mono,051,14174,2948,2953,117,3070,5
2022-02-16,Monterey,053,433212,77300,76624,12839,89463,682
2022-02-16,Napa,055,140530,25058,24897,934,25831,128
2022-02-16,Nevada,057,99092,15747,15677,1161,16838,121
2022-02-16,Orange,059,3164182,538263,537934,40515,578449,6392
2022-02-16,Placer,061,380077,61689,61278,7227,68505,556
2022-02-16,Plumas,063,18699,2664,2644,337,2981,13
2022-02-16,Riverside,065,2383286,584036,580828,27622,608450,6064
2022-02-16,Sacramento,067,1510023,271302,269416,26400,295816,2736
2022-02-16,San Benito,069,59416,12675,12644,507,13151,92
2022-02-16,San Bernardino,071,2135413,556126,552353,23946,576299,6379
2022-02-16,San Diego,073,3302833,737043,728610,48915,777525,4931
2022-02-16,San Francisco,075,870044,121105,120987,8407,129394,756
2022-02-16,San Joaquin,077,732212,163863,162752,8952,171704,2032
2022-02-16,San Luis Obispo,079,281455,51089,50704,3636,54340,425
2022-02-16,San Mateo,081,765935,117814,116438,6850,123288,595
2022-02-16,Santa Barbara,083,443738,84393,83968,4741,88709,642
2022-02-16,Santa Clara,085,1922200,304339,302439,12044,314483,2130
2022-02-16,Santa Cruz,087,273765,45866,45274,1892,47166,250
2022-02-16,Shasta,089,179085,29999,29767,6066,35833,477
2022-02-16,Sierra,091,2930,272,269,40,309,0
2022-02-16,Siskiyou,093,43540,4337,4302,2684,6986,71
2022-02-16,Solano,095,438530,79887,78742,5396,84138,422
2022-02-16,Sonoma,097,501317,81500,80642,2272,82914,431
2022-02-16,Stanislaus,099,539301,116737,115751,16534,132285,1443
2022-02-16,Sutter,101,95872,20172,20020,1900,21920,210
2022-02-16,Tehama,103,63373,11819,11738,2568,14306,152
2022-02-16,Trinity,105,12862,1156,1130,286,1416,20
2022-02-16,Tulare,107,460477,102790,101817,27588,129405,1281
2022-02-16,Tuolumne,109,53932,12370,11991,554,12545,171
2022-02-16,Ventura,111,848112,170447,170117,9154,179271,1372
2022-02-16,Yolo,113,214977,35438,35284,3074,38358,292
2022-02-16,Yuba,115,75493,15512,15405,1158,16563,110
2022-02-15,Alameda,001,1643700,249072,245265,13409,258674,1683
2022-02-15,Alpine,003,1148,121,124,1,125,0
2022-02-15,Amador,005,37829,8267,8183,634,8817,77
2022-02-15,Butte,007,227075,32278,32011,6488,38499,361
2022-02-15,Calaveras,009,45235,7132,7115,340,7455,106
2022-02-15,Colusa,011,21464,3400,3374,1065,4439,21
2022-02-15,Contra Costa,013,1133247,184098,182041,12720,194761,1179
2022-02-15,Del Norte,015,27424,5537,5439,171,5610,45
2022-02-15,El Dorado,017,186661,26223,25988,3136,29124,189
2022-02-15,Fresno,019,978130,224397,222673,21628,244301,2543
2022-02-15,Glenn,021,27897,4899,4862,1543,6405,39
2022-02-15,Humboldt,023,135768,16467,16297,2856,19153,132
2022-02-15,Imperial,025,180216,54205,53813,10680,64493,860
2022-02-15,Inyo,027,18085,4025,4009,455,4464,52
2022-02-15,Kern,029,883053,188188,186324,45507,231831,2072
2022-02-15,Kings,031,150075,50379,49473,3534,53007,418
2022-02-15,Lake,033,64148,10276,10112,865,10977,123
2022-02-15,Lassen,035,31185,8677,8587,883,9470,55
2022-02-15,Los Angeles,037,10098052,2659399,2638266,121390,2759656,29691
2022-02-15,Madera,039,155013,36654,36260,5866,42126,330
2022-02-15,Marin,041,260295,32500,32355,2166,34521,255
2022-02-15,Mariposa,043,17540,2315,2302,190,2492,6
2022-02-15,Mendocino,045,87422,12734,12580,2851,15431,108
2022-02-15,Merced,047,269075,61027,60674,8193,68867,763
2022-02-15,Modoc,049,8938,720,710,240,950,6
2022-02-15,Mono,051,14174,2947,2952,117,3069,5
2022-02-15,Monterey,053,433212,77164,75530,12772,88302,682
2022-02-15,Napa,055,140530,25007,24832,927,25759,127
2022-02-15,Nevada,057,99092,15717,15643,1160,16803,121
2022-02-15,Orange,059,3164182,537804,537478,40470,577948,6374
2022-02-15,Placer,061,380077,61613,61170,7214,68384,554
2022-02-15,Plumas,063,18699,2659,2638,337,2975,13
2022-02-15,Riverside,065,2383286,583495,579940,27564,607504,6049
2022-02-15,Sacramento,067,1510023,270903,268950,26311,295261,2721
2022-02-15,San Benito,069,59416,12656,12616,507,13123,91
2022-02-15,San Bernardino,071,2135413,555748,551803,23922,575725,6372
2022-02-15,San Diego,073,3302833,736053,727486,48827,776313,4914
2022-02-15,San Francisco,075,870044,120918,120759,8393,129152,756
2022-02-15,San Joaquin,077,732212,163647,162518,8938,171456,2021
2022-02-15,San Luis Obispo,079,281455,50986,50534,3621,54155,419
2022-02-15,San Mateo,081,765935,117678,116253,6828,123081,595
2022-02-15,Santa Barbara,083,443738,84251,83734,4728,88462,640
2022-02-15,Santa Clara,085,1922200,303830,301831,12004,313835,2130
2022-02-15,Santa Cruz,087,273765,45760,45171,1887,47058,250
2022-02-15,Shasta,089,179085,29950,29684,6052,35736,477
2022-02-15,Sierra,091,2930,272,269,40,309,0
2022-02-15,Siskiyou,093,43540,4330,4288,2676,6964,70
2022-02-15,Solano,095,438530,79746,78626,5388,84014,426
2022-02-15,Sonoma,097,501317,81368,80433,2266,82699,431
2022-02-15,Stanislaus,099,539301,116585,115549,16496,132045,1429
2022-02-15,Sutter,101,95872,20146,19980,1896,21876,208
2022-02-15,Tehama,103,63373,11801,11717,2566,14283,151
2022-02-15,Trinity,105,12862,1150,1125,283,1408,20
2022-02-15,Tulare,107,460477,102618,101645,27523,129168,1278
2022-02-15,Tuolumne,109,53932,12348,11945,552,12497,171
2022-02-15,Ventura,111,848112,170276,169942,9145,179087,1372
2022-02-15,Yolo,113,214977,35383,35241,3064,38305,289
2022-02-15,Yuba,115,75493,15478,15372,1153,16525,109
2022-02-14,Alameda,001,1643700,248615,244315,13372,257687,1677
2022-02-14,Alpine,003,1148,121,125,1,126,0
2022-02-14,Amador,005,37829,8252,8164,629,8793,77
2022-02-14,Butte,007,227075,32217,31946,6474,38420,360
2022-02-14,Calaveras,009,45235,7118,7097,338,7435,106
2022-02-14,Colusa,011,21464,3395,3367,1060,4427,21
2022-02-14,Contra Costa,013,1133247,183799,181753,12676,194429,1167
2022-02-14,Del Norte,015,27424,5504,5426,170,5596,45
2022-02-14,El Dorado,017,186661,26187,25915,3129,29044,188
2022-02-14,Fresno,019,978130,223912,222360,21549,243909,2538
2022-02-14,Glenn,021,27897,4894,4854,1543,6397,39
2022-02-14,Humboldt,023,135768,16419,16264,2831,19095,132
2022-02-14,Imperial,025,180216,54127,53765,10642,64407,860
2022-02-14,Inyo,027,18085,4024,4010,454,4464,52
2022-02-14,Kern,029,883053,187845,186037,45395,231432,2063
2022-02-14,Kings,031,150075,50267,49395,3523,52918,419
2022-02-14,Lake,033,64148,10239,10090,862,10952,123
2022-02-14,Lassen,035,31185,8665,8539,881,9420,55
2022-02-14,Los Angeles,037,10098052,2656836,2636064,121283,2757347,29650
2022-02-14,Madera,039,155013,36585,36194,5843,42037,330
2022-02-14,Marin,041,260295,32452,32304,2163,34467,255
2022-02-14,Mariposa,043,17540,2309,2295,190,2485,6
2022-02-14,Mendocino,045,87422,12705,12541,2820,15361,108
2022-02-14,Merced,047,269075,60932,60591,8136,68727,758
2022-02-14,Modoc,049,8938,715,707,240,947,6
2022-02-14,Mono,051,14174,2946,2954,117,3071,5
2022-02-14,Monterey,053,433212,76973,75407,12684,88091,678
2022-02-14,Napa,055,140530,24948,24776,927,25703,127
2022-02-14,Nevada,057,99092,15692,15629,1159,16788,121
2022-02-14,Orange,059,3164182,537295,536924,40406,577330,6355
2022-02-14,Placer,061,380077,61521,61123,7196,68319,554
2022-02-14,Plumas,063,18699,2658,2631,335,2966,13
2022-02-14,Riverside,065,2383286,582901,579174,27494,606668,5994
2022-02-14,Sacramento,067,1510023,270436,268547,26194,294741,2717
2022-02-14,San Benito,069,59416,12632,12598,505,13103,91
2022-02-14,San Bernardino,071,2135413,555310,551338,23900,575238,6372
2022-02-14,San Diego,073,3302833,735076,723902,48744,772646,4894
2022-02-14,San Francisco,075,870044,120709,120581,8375,128956,756
2022-02-14,San Joaquin,077,732212,163407,162363,8914,171277,2018
2022-02-14,San Luis Obispo,079,281455,50860,50465,3610,54075,416
2022-02-14,San Mateo,081,765935,117508,116129,6818,122947,592
2022-02-14,Santa Barbara,083,443738,84095,83697,4716,88413,636
2022-02-14,Santa Clara,085,1922200,303286,301319,11979,313298,2127
2022-02-14,Santa Cruz,087,273765,45593,45042,1883,46925,250
2022-02-14,Shasta,089,179085,29866,29595,6033,35628,474
2022-02-14,Sierra,091,2930,272,269,40,309,0
2022-02-14,Siskiyou,093,43540,4318,4278,2662,6940,69
2022-02-14,Solano,095,438530,79558,78533,5377,83910,427
2022-02-14,Sonoma,097,501317,81205,80336,2258,82594,431
2022-02-14,Stanislaus,099,539301,116404,115426,16452,131878,1406
2022-02-14,Sutter,101,95872,20117,19957,1890,21847,209
2022-02-14,Tehama,103,63373,11777,11686,2563,14249,151
2022-02-14,Trinity,105,12862,1143,1123,283,1406,20
2022-02-14,Tulare,107,460477,102408,101448,27414,128862,1276
2022-02-14,Tuolumne,109,53932,12318,11920,549,12469,170
2022-02-14,Ventura,111,848112,170100,169725,9132,178857,1361
2022-02-14,Yolo,113,214977,35318,35112,3054,38166,286
2022-02-14,Yuba,115,75493,15445,15375,1149,16524,108
2022-02-13,Alameda,001,1643700,248081,243681,13334,257015,1677
2022-02-13,Alpine,003,1148,121,125,1,126,0
2022-02-13,Amador,005,37829,8221,8146,624,8770,77
2022-02-13,Butte,007,227075,32139,31865,6449,38314,360
2022-02-13,Calaveras,009,45235,7110,7083,335,7418,106
2022-02-13,Colusa,011,21464,3391,3366,1058,4424,21
2022-02-13,Contra Costa,013,1133247,183423,181313,12610,193923,1159
2022-02-13,Del Norte,015,27424,5466,5379,168,5547,45
2022-02-13,El Dorado,017,186661,26144,25871,3123,28994,188
2022-02-13,Fresno,019,978130,223370,221686,21498,243184,2537
2022-02-13,Glenn,021,27897,4884,4847,1540,6387,39
2022-02-13,Humboldt,023,135768,16372,16210,2804,19014,132
2022-02-13,Imperial,025,180216,54038,53658,10583,64241,860
2022-02-13,Inyo,027,18085,4018,4006,450,4456,52
2022-02-13,Kern,029,883053,187595,185640,45306,230946,2063
2022-02-13,Kings,031,150075,50131,49243,3510,52753,416
2022-02-13,Lake,033,64148,10174,10042,853,10895,123
2022-02-13,Lassen,035,31185,8639,8503,878,9381,55
2022-02-13,Los Angeles,037,10098052,2653692,2631267,121178,2752445,29595
2022-02-13,Madera,039,155013,36464,36054,5814,41868,330
2022-02-13,Marin,041,260295,32378,32222,2156,34378,255
2022-02-13,Mariposa,043,17540,2303,2292,188,2480,6
2022-02-13,Mendocino,045,87422,12674,12521,2778,15299,108
2022-02-13,Merced,047,269075,60785,60460,8083,68543,758
2022-02-13,Modoc,049,8938,713,704,233,937,6
2022-02-13,Mono,051,14174,2943,2949,117,3066,5
2022-02-13,Monterey,053,433212,76764,75295,12612,87907,678
2022-02-13,Napa,055,140530,24868,24743,924,25667,127
2022-02-13,Nevada,057,99092,15654,15590,1152,16742,121
2022-02-13,Orange,059,3164182,536648,536134,40340,576474,6355
2022-02-13,Placer,061,380077,61443,61020,7176,68196,554
2022-02-13,Plumas,063,18699,2651,2626,332,2958,13
2022-02-13,Riverside,065,2383286,582286,578363,27448,605811,5995
2022-02-13,Sacramento,067,1510023,269897,267947,26053,294000,2699
2022-02-13,San Benito,069,59416,12598,12578,504,13082,91
2022-02-13,San Bernardino,071,2135413,554782,550632,23865,574497,6367
2022-02-13,San Diego,073,3302833,733902,723902,48642,772544,4894
2022-02-13,San Francisco,075,870044,120430,120295,8363,128658,756
2022-02-13,San Joaquin,077,732212,163101,162028,8885,170913,2018
2022-02-13,San Luis Obispo,079,281455,50717,50384,3602,53986,415
2022-02-13,San Mateo,081,765935,117286,115876,6794,122670,592
2022-02-13,Santa Barbara,083,443738,83927,83547,4707,88254,635
2022-02-13,Santa Clara,085,1922200,302620,300412,11941,312353,2114
2022-02-13,Santa Cruz,087,273765,45432,44887,1882,46769,240
2022-02-13,Shasta,089,179085,29785,29531,6007,35538,474
2022-02-13,Sierra,091,2930,272,269,40,309,0
2022-02-13,Siskiyou,093,43540,4311,4264,2645,6909,69
2022-02-13,Solano,095,438530,79404,78424,5355,83779,426
2022-02-13,Sonoma,097,501317,81030,80172,2250,82422,431
2022-02-13,Stanislaus,099,539301,116197,115156,16420,131576,1406
2022-02-13,Sutter,101,95872,20076,19900,1890,21790,209
2022-02-13,Tehama,103,63373,11743,11644,2557,14201,151
2022-02-13,Trinity,105,12862,1140,1120,280,1400,20
2022-02-13,Tulare,107,460477,102152,101135,27307,128442,1276
2022-02-13,Tuolumne,109,53932,12291,11891,544,12435,170
2022-02-13,Ventura,111,848112,169904,169422,9112,178534,1361
2022-02-13,Yolo,113,214977,35247,35057,3042,38099,286
2022-02-13,Yuba,115,75493,15409,15346,1147,16493,107
2022-02-12,Alameda,001,1643700,247875,242137,13324,255461,1668
2022-02-12,Alpine,003,1148,121,124,1,125,0
2022-02-12,Amador,005,37829,8215,8091,624,8715,76
2022-02-12,Butte,007,227075,32111,31601,6444,38045,360
2022-02-12,Calaveras,009,45235,7106,7022,334,7356,106
2022-02-12,Colusa,011,21464,3387,3345,1058,4403,21
2022-02-12,Contra Costa,013,1133247,183230,180270,12606,192876,1141
2022-02-12,Del Norte,015,27424,5451,5262,168,5430,45
2022-02-12,El Dorado,017,186661,26132,25692,3122,28814,188
2022-02-12,Fresno,019,978130,223155,219909,21490,241399,2509
2022-02-12,Glenn,021,27897,4883,4818,1539,6357,39
2022-02-12,Humboldt,023,135768,16348,16058,2800,18858,132
2022-02-12,Imperial,025,180216,53988,53304,10571,63875,860
2022-02-12,Inyo,027,18085,4016,3991,450,4441,52
2022-02-12,Kern,029,883053,187488,184639,45268,229907,2037
2022-02-12,Kings,031,150075,50093,48893,3505,52398,415
2022-02-12,Lake,033,64148,10154,9926,849,10775,123
2022-02-12,Lassen,035,31185,8614,8477,878,9355,55
2022-02-12,Los Angeles,037,10098052,2652560,2616426,121101,2737527,29364
2022-02-12,Madera,039,155013,36431,35710,5808,41518,330
2022-02-12,Marin,041,260295,32353,32048,2153,34201,255
2022-02-12,Mariposa,043,17540,2303,2286,188,2474,6
2022-02-12,Mendocino,045,87422,12658,12439,2778,15217,107
2022-02-12,Merced,047,269075,60737,60187,8080,68267,758
2022-02-12,Modoc,049,8938,713,697,233,930,6
2022-02-12,Mono,051,14174,2943,2939,117,3056,5
2022-02-12,Monterey,053,433212,76707,74842,12594,87436,672
2022-02-12,Napa,055,140530,24840,24530,924,25454,124
2022-02-12,Nevada,057,99092,15643,15499,1150,16649,119
2022-02-12,Orange,059,3164182,536354,534503,40302,574805,6305
2022-02-12,Placer,061,380077,61392,60636,7174,67810,554
2022-02-12,Plumas,063,18699,2650,2617,331,2948,13
2022-02-12,Riverside,065,2383286,581939,575566,27426,602992,5961
2022-02-12,Sacramento,067,1510023,269646,266347,26035,292382,2686
2022-02-12,San Benito,069,59416,12586,12526,504,13030,91
2022-02-12,San Bernardino,071,2135413,554553,548822,23855,572677,6360
2022-02-12,San Diego,073,3302833,733391,720287,48595,768882,4854
2022-02-12,San Francisco,075,870044,120315,119113,8349,127462,740
2022-02-12,San Joaquin,077,732212,162973,161234,8880,170114,2014
2022-02-12,San Luis Obispo,079,281455,50682,50064,3598,53662,416
2022-02-12,San Mateo,081,765935,117190,115235,6786,122021,589
2022-02-12,Santa Barbara,083,443738,83830,83390,4697,88087,631
2022-02-12,Santa Clara,085,1922200,302268,298176,11934,310110,2093
2022-02-12,Santa Cruz,087,273765,45397,44447,1880,46327,239
2022-02-12,Shasta,089,179085,29758,29370,6003,35373,473
2022-02-12,Sierra,091,2930,272,268,39,307,0
2022-02-12,Siskiyou,093,43540,4305,4231,2642,6873,68
2022-02-12,Solano,095,438530,79362,77865,5352,83217,424
2022-02-12,Sonoma,097,501317,80936,79533,2248,81781,431
2022-02-12,Stanislaus,099,539301,116082,114531,16413,130944,1406
2022-02-12,Sutter,101,95872,20061,19800,1890,21690,211
2022-02-12,Tehama,103,63373,11732,11580,2556,14136,151
2022-02-12,Trinity,105,12862,1139,1115,280,1395,20
2022-02-12,Tulare,107,460477,102061,100434,27271,127705,1273
2022-02-12,Tuolumne,109,53932,12273,11754,544,12298,125
2022-02-12,Ventura,111,848112,169796,168736,9106,177842,1340
2022-02-12,Yolo,113,214977,35209,34773,3038,37811,286
2022-02-12,Yuba,115,75493,15394,15242,1146,16388,107
2022-02-11,Alameda,001,1643700,247581,242137,13313,255450,1668
2022-02-11,Alpine,003,1148,121,124,1,125,0
2022-02-11,Amador,005,37829,8203,8091,624,8715,76
2022-02-11,Butte,007,227075,32066,31601,6433,38034,360
2022-02-11,Calaveras,009,45235,7102,7022,334,7356,106
2022-02-11,Colusa,011,21464,3385,3345,1057,4402,21
2022-02-11,Contra Costa,013,1133247,183023,180270,12588,192858,1141
2022-02-11,Del Norte,015,27424,5439,5262,168,5430,45
2022-02-11,El Dorado,017,186661,26107,25692,3120,28812,188
2022-02-11,Fresno,019,978130,222853,219909,21479,241388,2509
2022-02-11,Glenn,021,27897,4879,4818,1539,6357,39
2022-02-11,Humboldt,023,135768,16319,16058,2795,18853,132
2022-02-11,Imperial,025,180216,53954,53304,10566,63870,860
2022-02-11,Inyo,027,18085,4013,3991,448,4439,52
2022-02-11,Kern,029,883053,187329,184639,45211,229850,2037
2022-02-11,Kings,031,150075,50058,48893,3504,52397,415
2022-02-11,Lake,033,64148,10127,9926,847,10773,123
2022-02-11,Lassen,035,31185,8575,8477,878,9355,55
2022-02-11,Los Angeles,037,10098052,2650931,2616426,121016,2737442,29364
2022-02-11,Madera,039,155013,36388,35710,5803,41513,330
2022-02-11,Marin,041,260295,32316,32048,2150,34198,255
2022-02-11,Mariposa,043,17540,2298,2286,188,2474,6
2022-02-11,Mendocino,045,87422,12643,12439,2778,15217,107
2022-02-11,Merced,047,269075,60687,60187,8079,68266,758
2022-02-11,Modoc,049,8938,711,697,233,930,6
2022-02-11,Mono,051,14174,2942,2939,117,3056,5
2022-02-11,Monterey,053,433212,76591,74842,12584,87426,672
2022-02-11,Napa,055,140530,24811,24530,924,25454,124
2022-02-11,Nevada,057,99092,15629,15499,1147,16646,119
2022-02-11,Orange,059,3164182,535998,534503,40235,574738,6305
2022-02-11,Placer,061,380077,61346,60636,7173,67809,554
2022-02-11,Plumas,063,18699,2646,2617,329,2946,13
2022-02-11,Riverside,065,2383286,581517,575566,27411,602977,5961
2022-02-11,Sacramento,067,1510023,269386,266347,26023,292370,2686
2022-02-11,San Benito,069,59416,12581,12526,504,13030,91
2022-02-11,San Bernardino,071,2135413,554234,548822,23842,572664,6360
2022-02-11,San Diego,073,3302833,732675,720287,48544,768831,4854
2022-02-11,San Francisco,075,870044,120197,119113,8333,127446,740
2022-02-11,San Joaquin,077,732212,162801,161234,8871,170105,2014
2022-02-11,San Luis Obispo,079,281455,50643,50064,3595,53659,416
2022-02-11,San Mateo,081,765935,117068,115235,6777,122012,589
2022-02-11,Santa Barbara,083,443738,83741,83390,4695,88085,631
2022-02-11,Santa Clara,085,1922200,301830,298176,11914,310090,2093
2022-02-11,Santa Cruz,087,273765,45303,44447,1880,46327,239
2022-02-11,Shasta,089,179085,29727,29370,5995,35365,473
2022-02-11,Sierra,091,2930,271,268,39,307,0
2022-02-11,Siskiyou,093,43540,4294,4231,2636,6867,68
2022-02-11,Solano,095,438530,79235,77865,5347,83212,424
2022-02-11,Sonoma,097,501317,80854,79533,2248,81781,431
2022-02-11,Stanislaus,099,539301,115986,114531,16404,130935,1406
2022-02-11,Sutter,101,95872,20037,19800,1888,21688,211
2022-02-11,Tehama,103,63373,11718,11580,2556,14136,151
2022-02-11,Trinity,105,12862,1138,1115,279,1394,20
2022-02-11,Tulare,107,460477,101948,100434,27211,127645,1273
2022-02-11,Tuolumne,109,53932,12256,11754,542,12296,125
2022-02-11,Ventura,111,848112,169655,168736,9101,177837,1340
2022-02-11,Yolo,113,214977,35177,34773,3035,37808,286
2022-02-11,Yuba,115,75493,15377,15242,1145,16387,107
2022-02-10,Alameda,001,1643700,247025,242137,13270,255407,1668
2022-02-10,Alpine,003,1148,121,124,1,125,0
2022-02-10,Amador,005,37829,8193,8091,617,8708,76
2022-02-10,Butte,007,227075,32013,31601,6422,38023,360
2022-02-10,Calaveras,009,45235,7089,7022,332,7354,106
2022-02-10,Colusa,011,21464,3378,3345,1055,4400,21
2022-02-10,Contra Costa,013,1133247,182657,180270,12522,192792,1141
2022-02-10,Del Norte,015,27424,5405,5262,166,5428,45
2022-02-10,El Dorado,017,186661,26066,25692,3110,28802,188
2022-02-10,Fresno,019,978130,222263,219909,21405,241314,2509
2022-02-10,Glenn,021,27897,4873,4818,1537,6355,39
2022-02-10,Humboldt,023,135768,16268,16058,2772,18830,132
2022-02-10,Imperial,025,180216,53874,53304,10521,63825,860
2022-02-10,Inyo,027,18085,4012,3991,448,4439,52
2022-02-10,Kern,029,883053,187023,184639,45094,229733,2037
2022-02-10,Kings,031,150075,49949,48893,3493,52386,415
2022-02-10,Lake,033,64148,10095,9926,845,10771,123
2022-02-10,Lassen,035,31185,8562,8477,877,9354,55
2022-02-10,Los Angeles,037,10098052,2646954,2616426,120826,2737252,29364
2022-02-10,Madera,039,155013,36285,35710,5771,41481,330
2022-02-10,Marin,041,260295,32253,32048,2137,34185,255
2022-02-10,Mariposa,043,17540,2294,2286,186,2472,6
2022-02-10,Mendocino,045,87422,12623,12439,2754,15193,107
2022-02-10,Merced,047,269075,60562,60187,8025,68212,758
2022-02-10,Modoc,049,8938,710,697,232,929,6
2022-02-10,Mono,051,14174,2940,2939,116,3055,5
2022-02-10,Monterey,053,433212,76411,74842,12505,87347,672
2022-02-10,Napa,055,140530,24743,24530,922,25452,124
2022-02-10,Nevada,057,99092,15602,15499,1146,16645,119
2022-02-10,Orange,059,3164182,535321,534503,40160,574663,6305
2022-02-10,Placer,061,380077,61258,60636,7164,67800,554
2022-02-10,Plumas,063,18699,2643,2617,322,2939,13
2022-02-10,Riverside,065,2383286,580776,575566,27353,602919,5961
2022-02-10,Sacramento,067,1510023,268866,266347,25925,292272,2686
2022-02-10,San Benito,069,59416,12560,12526,502,13028,91
2022-02-10,San Bernardino,071,2135413,553666,548822,23810,572632,6360
2022-02-10,San Diego,073,3302833,731522,720287,48427,768714,4854
2022-02-10,San Francisco,075,870044,119981,119113,8315,127428,740
2022-02-10,San Joaquin,077,732212,162478,161234,8864,170098,2014
2022-02-10,San Luis Obispo,079,281455,50543,50064,3584,53648,416
2022-02-10,San Mateo,081,765935,116839,115235,6760,121995,589
2022-02-10,Santa Barbara,083,443738,83564,83390,4688,88078,631
2022-02-10,Santa Clara,085,1922200,301148,298176,11855,310031,2093
2022-02-10,Santa Cruz,087,273765,45160,44447,1879,46326,239
2022-02-10,Shasta,089,179085,29665,29370,5975,35345,473
2022-02-10,Sierra,091,2930,271,268,39,307,0
2022-02-10,Siskiyou,093,43540,4288,4231,2623,6854,68
2022-02-10,Solano,095,438530,79037,77865,5330,83195,424
2022-02-10,Sonoma,097,501317,80718,79533,2236,81769,431
2022-02-10,Stanislaus,099,539301,115808,114531,16363,130894,1406
2022-02-10,Sutter,101,95872,19998,19800,1873,21673,211
2022-02-10,Tehama,103,63373,11686,11580,2554,14134,151
2022-02-10,Trinity,105,12862,1136,1115,278,1393,20
2022-02-10,Tulare,107,460477,101730,100434,27132,127566,1273
2022-02-10,Tuolumne,109,53932,12235,11754,537,12291,125
2022-02-10,Ventura,111,848112,169377,168736,9087,177823,1340
2022-02-10,Yolo,113,214977,35100,34773,3029,37802,286
2022-02-10,Yuba,115,75493,15349,15242,1139,16381,107
2022-02-09,Alameda,001,1643700,246483,241141,13210,254351,1668
2022-02-09,Alpine,003,1148,120,124,1,125,0
2022-02-09,Amador,005,37829,8180,8069,613,8682,76
2022-02-09,Butte,007,227075,31922,31433,6406,37839,359
2022-02-09,Calaveras,009,45235,7070,7005,328,7333,106
2022-02-09,Colusa,011,21464,3374,3331,1054,4385,21
2022-02-09,Contra Costa,013,1133247,182295,179695,12473,192168,1132
2022-02-09,Del Norte,015,27424,5354,5204,164,5368,45
2022-02-09,El Dorado,017,186661,26025,25572,3099,28671,186
2022-02-09,Fresno,019,978130,221663,218989,21332,240321,2502
2022-02-09,Glenn,021,27897,4862,4804,1536,6340,39
2022-02-09,Humboldt,023,135768,16218,15929,2746,18675,131
2022-02-09,Imperial,025,180216,53771,53102,10445,63547,858
2022-02-09,Inyo,027,18085,4007,3989,447,4436,52
2022-02-09,Kern,029,883053,186654,184068,44974,229042,2021
2022-02-09,Kings,031,150075,49836,48718,3487,52205,410
2022-02-09,Lake,033,64148,10055,9880,840,10720,124
2022-02-09,Lassen,035,31185,8533,8459,877,9336,55
2022-02-09,Los Angeles,037,10098052,2643308,2611611,120682,2732293,29263
2022-02-09,Madera,039,155013,36182,35559,5739,41298,330
2022-02-09,Marin,041,260295,32201,31965,2130,34095,255
2022-02-09,Mariposa,043,17540,2291,2279,186,2465,6
2022-02-09,Mendocino,045,87422,12590,12378,2725,15103,107
2022-02-09,Merced,047,269075,60434,59952,7968,67920,755
2022-02-09,Modoc,049,8938,706,691,231,922,6
2022-02-09,Mono,051,14174,2938,2937,116,3053,5
2022-02-09,Monterey,053,433212,76222,74500,12415,86915,670
2022-02-09,Napa,055,140530,24698,24429,917,25346,123
2022-02-09,Nevada,057,99092,15581,15446,1144,16590,119
2022-02-09,Orange,059,3164182,534677,534316,40079,574395,6263
2022-02-09,Placer,061,380077,61160,60490,7142,67632,553
2022-02-09,Plumas,063,18699,2638,2609,318,2927,13
2022-02-09,Riverside,065,2383286,580016,573907,27304,601211,5911
2022-02-09,Sacramento,067,1510023,268292,265624,25794,291418,2673
2022-02-09,San Benito,069,59416,12537,12492,502,12994,91
2022-02-09,San Bernardino,071,2135413,553056,547768,23781,571549,6349
2022-02-09,San Diego,073,3302833,730157,717896,48325,766221,4832
2022-02-09,San Francisco,075,870044,119730,118550,8300,126850,731
2022-02-09,San Joaquin,077,732212,162171,160618,8855,169473,2014
2022-02-09,San Luis Obispo,079,281455,50402,49833,3579,53412,414
2022-02-09,San Mateo,081,765935,116649,114890,6719,121609,589
2022-02-09,Santa Barbara,083,443738,83387,82830,4681,87511,629
2022-02-09,Santa Clara,085,1922200,300426,297157,11797,308954,2090
2022-02-09,Santa Cruz,087,273765,44976,44200,1872,46072,239
2022-02-09,Shasta,089,179085,29595,29215,5954,35169,471
2022-02-09,Sierra,091,2930,270,268,39,307,0
2022-02-09,Siskiyou,093,43540,4272,4217,2614,6831,68
2022-02-09,Solano,095,438530,78837,77299,5318,82617,423
2022-02-09,Sonoma,097,501317,80542,79165,2231,81396,431
2022-02-09,Stanislaus,099,539301,115557,114039,16252,130291,1406
2022-02-09,Sutter,101,95872,19956,19758,1860,21618,207
2022-02-09,Tehama,103,63373,11659,11542,2550,14092,149
2022-02-09,Trinity,105,12862,1133,1110,277,1387,20
2022-02-09,Tulare,107,460477,101506,100049,27035,127084,1271
2022-02-09,Tuolumne,109,53932,12196,11702,534,12236,95
2022-02-09,Ventura,111,848112,169142,168253,9075,177328,1325
2022-02-09,Yolo,113,214977,35027,34588,3014,37602,285
2022-02-09,Yuba,115,75493,15319,15187,1127,16314,105
2022-02-08,Alameda,001,1643700,245844,240587,13137,253724,1651
2022-02-08,Alpine,003,1148,120,124,1,125,0
2022-02-08,Amador,005,37829,8172,8050,606,8656,76
2022-02-08,Butte,007,227075,31835,31353,6381,37734,359
2022-02-08,Calaveras,009,45235,7047,6981,326,7307,101
2022-02-08,Colusa,011,21464,3364,3320,1054,4374,21
2022-02-08,Contra Costa,013,1133247,181851,179078,12394,191472,1132
2022-02-08,Del Norte,015,27424,5312,5156,160,5316,44
2022-02-08,El Dorado,017,186661,25973,25446,3090,28536,186
2022-02-08,Fresno,019,978130,220936,218416,21228,239644,2502
2022-02-08,Glenn,021,27897,4845,4784,1532,6316,39
2022-02-08,Humboldt,023,135768,16159,15865,2713,18578,130
2022-02-08,Imperial,025,180216,53648,52977,10393,63370,855
2022-02-08,Inyo,027,18085,4001,3983,446,4429,52
2022-02-08,Kern,029,883053,186322,183519,44836,228355,2010
2022-02-08,Kings,031,150075,49687,48479,3475,51954,411
2022-02-08,Lake,033,64148,10019,9806,832,10638,125
2022-02-08,Lassen,035,31185,8525,8423,870,9293,55
2022-02-08,Los Angeles,037,10098052,2639037,2611204,120487,2731691,29259
2022-02-08,Madera,039,155013,36075,35381,5679,41060,330
2022-02-08,Marin,041,260295,32114,31878,2123,34001,255
2022-02-08,Mariposa,043,17540,2289,2266,178,2444,6
2022-02-08,Mendocino,045,87422,12555,12336,2695,15031,107
2022-02-08,Merced,047,269075,60318,59789,7908,67697,751
2022-02-08,Modoc,049,8938,702,684,231,915,6
2022-02-08,Mono,051,14174,2937,2932,116,3048,5
2022-02-08,Monterey,053,433212,76019,74316,12319,86635,670
2022-02-08,Napa,055,140530,24624,24346,910,25256,121
2022-02-08,Nevada,057,99092,15550,15383,1140,16523,117
2022-02-08,Orange,059,3164182,533974,533507,40004,573511,6205
2022-02-08,Placer,061,380077,61042,60301,7127,67428,553
2022-02-08,Plumas,063,18699,2631,2596,314,2910,13
2022-02-08,Riverside,065,2383286,579157,571892,27227,599119,5908
2022-02-08,Sacramento,067,1510023,267641,264479,25622,290101,2664
2022-02-08,San Benito,069,59416,12513,12434,500,12934,91
2022-02-08,San Bernardino,071,2135413,552369,544658,23741,568399,6335
2022-02-08,San Diego,073,3302833,728559,717896,48194,766090,4832
2022-02-08,San Francisco,075,870044,119375,117942,8289,126231,731
2022-02-08,San Joaquin,077,732212,161794,160147,8837,168984,2005
2022-02-08,San Luis Obispo,079,281455,50235,49556,3547,53103,410
2022-02-08,San Mateo,081,765935,116427,114541,6689,121230,589
2022-02-08,Santa Barbara,083,443738,83203,82461,4655,87116,627
2022-02-08,Santa Clara,085,1922200,299569,295679,11747,307426,2091
2022-02-08,Santa Cruz,087,273765,44820,43884,1867,45751,239
2022-02-08,Shasta,089,179085,29509,29084,5925,35009,470
2022-02-08,Sierra,091,2930,270,267,39,306,0
2022-02-08,Siskiyou,093,43540,4261,4191,2602,6793,68
2022-02-08,Solano,095,438530,78608,77031,5304,82335,421
2022-02-08,Sonoma,097,501317,80312,78798,2212,81010,431
2022-02-08,Stanislaus,099,539301,115303,113733,16174,129907,1406
2022-02-08,Sutter,101,95872,19918,19717,1848,21565,203
2022-02-08,Tehama,103,63373,11632,11491,2540,14031,149
2022-02-08,Trinity,105,12862,1127,1110,277,1387,20
2022-02-08,Tulare,107,460477,101212,99694,26891,126585,1267
2022-02-08,Tuolumne,109,53932,12172,11665,532,12197,92
2022-02-08,Ventura,111,848112,168909,167830,9059,176889,1325
2022-02-08,Yolo,113,214977,34943,34462,3003,37465,281
2022-02-08,Yuba,115,75493,15273,15126,1105,16231,107
2022-02-07,Alameda,001,1643700,245132,238678,13075,251753,1643
2022-02-07,Alpine,003,1148,120,124,1,125,0
2022-02-07,Amador,005,37829,8144,7980,599,8579,75
2022-02-07,Butte,007,227075,31747,31184,6354,37538,355
2022-02-07,Calaveras,009,45235,7024,6910,325,7235,100
2022-02-07,Colusa,011,21464,3353,3283,1047,4330,21
2022-02-07,Contra Costa,013,1133247,181399,177767,12324,190091,1130
2022-02-07,Del Norte,015,27424,5261,5093,154,5247,44
2022-02-07,El Dorado,017,186661,25916,25257,3079,28336,185
2022-02-07,Fresno,019,978130,220092,216495,21096,237591,2493
2022-02-07,Glenn,021,27897,4839,4762,1528,6290,39
2022-02-07,Humboldt,023,135768,16083,15764,2687,18451,129
2022-02-07,Imperial,025,180216,53527,52689,10314,63003,853
2022-02-07,Inyo,027,18085,3994,3976,439,4415,51
2022-02-07,Kern,029,883053,185863,182047,44658,226705,1998
2022-02-07,Kings,031,150075,49503,48147,3458,51605,403
2022-02-07,Lake,033,64148,9971,9519,823,10342,125
2022-02-07,Lassen,035,31185,8502,8362,864,9226,55
2022-02-07,Los Angeles,037,10098052,2634617,2607438,120271,2727709,29210
2022-02-07,Madera,039,155013,35948,35083,5630,40713,330
2022-02-07,Marin,041,260295,32035,31670,2113,33783,255
2022-02-07,Mariposa,043,17540,2284,2253,174,2427,6
2022-02-07,Mendocino,045,87422,12495,12237,2657,14894,107
2022-02-07,Merced,047,269075,60190,59472,7819,67291,748
2022-02-07,Modoc,049,8938,698,679,231,910,6
2022-02-07,Mono,051,14174,2935,2917,116,3033,5
2022-02-07,Monterey,053,433212,75767,69433,12214,81647,670
2022-02-07,Napa,055,140530,24539,23237,900,24137,120
2022-02-07,Nevada,057,99092,15509,15268,1134,16402,113
2022-02-07,Orange,059,3164182,533205,531442,39920,571362,6179
2022-02-07,Placer,061,380077,60918,59894,7108,67002,546
2022-02-07,Plumas,063,18699,2622,2573,308,2881,13
2022-02-07,Riverside,065,2383286,578202,568874,27141,596015,5868
2022-02-07,Sacramento,067,1510023,266948,262834,25440,288274,2631
2022-02-07,San Benito,069,59416,12478,12285,498,12783,90
2022-02-07,San Bernardino,071,2135413,551581,542846,23704,566550,6335
2022-02-07,San Diego,073,3302833,726835,716244,48008,764252,4811
2022-02-07,San Francisco,075,870044,118978,113945,8258,122203,727
2022-02-07,San Joaquin,077,732212,161406,159358,8818,168176,1998
2022-02-07,San Luis Obispo,079,281455,50072,48994,3526,52520,406
2022-02-07,San Mateo,081,765935,116142,107060,6659,113719,589
2022-02-07,Santa Barbara,083,443738,83009,81608,4641,86249,624
2022-02-07,Santa Clara,085,1922200,298608,293360,11699,305059,2085
2022-02-07,Santa Cruz,087,273765,44605,43244,1863,45107,239
2022-02-07,Shasta,089,179085,29421,28900,5898,34798,468
2022-02-07,Sierra,091,2930,270,265,39,304,0
2022-02-07,Siskiyou,093,43540,4249,4157,2587,6744,68
2022-02-07,Solano,095,438530,78336,73934,5277,79211,420
2022-02-07,Sonoma,097,501317,80054,78296,2202,80498,431
2022-02-07,Stanislaus,099,539301,115039,113029,16075,129104,1406
2022-02-07,Sutter,101,95872,19886,19599,1820,21419,203
2022-02-07,Tehama,103,63373,11595,11418,2532,13950,146
2022-02-07,Trinity,105,12862,1123,1109,274,1383,20
2022-02-07,Tulare,107,460477,100870,98774,26743,125517,1263
2022-02-07,Tuolumne,109,53932,12124,11578,528,12106,92
2022-02-07,Ventura,111,848112,168597,166904,9046,175950,1324
2022-02-07,Yolo,113,214977,34833,34007,2987,36994,281
2022-02-07,Yuba,115,75493,15227,14998,1098,16096,105
2022-02-06,Alameda,001,1643700,244205,237188,12984,250172,1643
2022-02-06,Alpine,003,1148,120,123,1,124,0
2022-02-06,Amador,005,37829,8115,7922,586,8508,73
2022-02-06,Butte,007,227075,31621,31021,6309,37330,355
2022-02-06,Calaveras,009,45235,6994,6870,320,7190,99
2022-02-06,Colusa,011,21464,3345,3282,1046,4328,21
2022-02-06,Contra Costa,013,1133247,180751,176863,12163,189026,1128
2022-02-06,Del Norte,015,27424,5198,5038,150,5188,44
2022-02-06,El Dorado,017,186661,25846,25165,3063,28228,185
2022-02-06,Fresno,019,978130,219271,214726,20841,235567,2489
2022-02-06,Glenn,021,27897,4826,4738,1517,6255,39
2022-02-06,Humboldt,023,135768,15993,15658,2648,18306,128
2022-02-06,Imperial,025,180216,53343,52396,10256,62652,853
2022-02-06,Inyo,027,18085,3991,3970,437,4407,51
2022-02-06,Kern,029,883053,185323,181188,44410,225598,1996
2022-02-06,Kings,031,150075,49280,47669,3430,51099,401
2022-02-06,Lake,033,64148,9902,9468,805,10273,125
2022-02-06,Lassen,035,31185,8478,8326,859,9185,55
2022-02-06,Los Angeles,037,10098052,2629155,2602620,119994,2722614,29180
2022-02-06,Madera,039,155013,35758,34901,5529,40430,330
2022-02-06,Marin,041,260295,31935,31488,2098,33586,255
2022-02-06,Mariposa,043,17540,2276,2244,163,2407,6
2022-02-06,Mendocino,045,87422,12450,12169,2590,14759,107
2022-02-06,Merced,047,269075,59973,59112,7653,66765,748
2022-02-06,Modoc,049,8938,693,675,230,905,6
2022-02-06,Mono,051,14174,2930,2901,114,3015,5
2022-02-06,Monterey,053,433212,75400,67912,12041,79953,670
2022-02-06,Napa,055,140530,24421,23230,892,24122,120
2022-02-06,Nevada,057,99092,15434,15192,1122,16314,113
2022-02-06,Orange,059,3164182,532238,527906,39810,567716,6171
2022-02-06,Placer,061,380077,60720,59507,7080,66587,544
2022-02-06,Plumas,063,18699,2615,2559,300,2859,13
2022-02-06,Riverside,065,2383286,577029,568276,27058,595334,5865
2022-02-06,Sacramento,067,1510023,266077,261353,25164,286517,2631
2022-02-06,San Benito,069,59416,12423,12186,490,12676,90
2022-02-06,San Bernardino,071,2135413,550639,541103,23640,564743,6334
2022-02-06,San Diego,073,3302833,724750,709938,47769,757707,4786
2022-02-06,San Francisco,075,870044,118580,113115,8227,121342,728
2022-02-06,San Joaquin,077,732212,160846,158510,8790,167300,1997
2022-02-06,San Luis Obispo,079,281455,49848,48843,3468,52311,405
2022-02-06,San Mateo,081,765935,115800,105556,6619,112175,587
2022-02-06,Santa Barbara,083,443738,82691,81118,4602,85720,623
2022-02-06,Santa Clara,085,1922200,297482,291732,11579,303311,2075
2022-02-06,Santa Cruz,087,273765,44286,42952,1851,44803,239
2022-02-06,Shasta,089,179085,29293,28762,5848,34610,468
2022-02-06,Sierra,091,2930,270,265,39,304,0
2022-02-06,Siskiyou,093,43540,4227,4118,2559,6677,68
2022-02-06,Solano,095,438530,78037,73475,5237,78712,419
2022-02-06,Sonoma,097,501317,79711,77887,2188,80075,431
2022-02-06,Stanislaus,099,539301,114647,112521,15943,128464,1406
2022-02-06,Sutter,101,95872,19842,19523,1776,21299,203
2022-02-06,Tehama,103,63373,11554,11366,2505,13871,146
2022-02-06,Trinity,105,12862,1122,1102,273,1375,20
2022-02-06,Tulare,107,460477,100432,98260,26550,124810,1262
2022-02-06,Tuolumne,109,53932,12071,11507,509,12016,92
2022-02-06,Ventura,111,848112,168221,166235,9035,175270,1323
2022-02-06,Yolo,113,214977,34693,33784,2967,36751,281
2022-02-06,Yuba,115,75493,15178,14917,1089,16006,104
2022-02-05,Alameda,001,1643700,243812,235698,12977,248675,1638
2022-02-05,Alpine,003,1148,120,124,1,125,0
2022-02-05,Amador,005,37829,8106,7855,584,8439,71
2022-02-05,Butte,007,227075,31568,30733,6295,37028,355
2022-02-05,Calaveras,009,45235,6975,6789,320,7109,99
2022-02-05,Colusa,011,21464,3339,3234,1044,4278,21
2022-02-05,Contra Costa,013,1133247,180490,175871,12149,188020,1115
2022-02-05,Del Norte,015,27424,5174,4978,150,5128,44
2022-02-05,El Dorado,017,186661,25819,24813,3061,27874,185
2022-02-05,Fresno,019,978130,218933,213539,20826,234365,2477
2022-02-05,Glenn,021,27897,4823,4691,1510,6201,39
2022-02-05,Humboldt,023,135768,15945,15514,2644,18158,127
2022-02-05,Imperial,025,180216,53282,52153,10246,62399,853
2022-02-05,Inyo,027,18085,3988,3948,437,4385,51
2022-02-05,Kern,029,883053,185118,180296,44305,224601,1987
2022-02-05,Kings,031,150075,49202,47538,3421,50959,402
2022-02-05,Lake,033,64148,9887,9289,799,10088,124
2022-02-05,Lassen,035,31185,8468,8288,859,9147,55
2022-02-05,Los Angeles,037,10098052,2627003,2572702,119866,2692568,28947
2022-02-05,Madera,039,155013,35703,34471,5513,39984,329
2022-02-05,Marin,041,260295,31882,31299,2093,33392,255
2022-02-05,Mariposa,043,17540,2275,2222,162,2384,6
2022-02-05,Mendocino,045,87422,12424,12066,2588,14654,107
2022-02-05,Merced,047,269075,59888,58908,7650,66558,744
2022-02-05,Modoc,049,8938,692,664,230,894,6
2022-02-05,Mono,051,14174,2929,2904,114,3018,5
2022-02-05,Monterey,053,433212,75299,67342,12016,79358,666
2022-02-05,Napa,055,140530,24366,22973,891,23864,118
2022-02-05,Nevada,057,99092,15418,15002,1117,16119,113
2022-02-05,Orange,059,3164182,531782,527516,39724,567240,6134
2022-02-05,Placer,061,380077,60605,59043,7068,66111,533
2022-02-05,Plumas,063,18699,2614,2550,299,2849,13
2022-02-05,Riverside,065,2383286,576433,563991,26987,590978,5827
2022-02-05,Sacramento,067,1510023,265712,259437,25136,284573,2610
2022-02-05,San Benito,069,59416,12378,12142,490,12632,90
2022-02-05,San Bernardino,071,2135413,550140,539312,23617,562929,6322
2022-02-05,San Diego,073,3302833,723901,703957,47711,751668,4735
2022-02-05,San Francisco,075,870044,118404,112481,8199,120680,720
2022-02-05,San Joaquin,077,732212,160660,157420,8785,166205,1989
2022-02-05,San Luis Obispo,079,281455,49811,48361,3465,51826,404
2022-02-05,San Mateo,081,765935,115611,104810,6611,111421,587
2022-02-05,Santa Barbara,083,443738,82529,80478,4590,85068,617
2022-02-05,Santa Clara,085,1922200,296823,289262,11562,300824,2067
2022-02-05,Santa Cruz,087,273765,44213,42553,1848,44401,239
2022-02-05,Shasta,089,179085,29251,28604,5838,34442,466
2022-02-05,Sierra,091,2930,270,262,39,301,0
2022-02-05,Siskiyou,093,43540,4220,4106,2547,6653,67
2022-02-05,Solano,095,438530,77962,73112,5229,78341,415
2022-02-05,Sonoma,097,501317,79548,77213,2185,79398,431
2022-02-05,Stanislaus,099,539301,114443,111783,15922,127705,1406
2022-02-05,Sutter,101,95872,19812,19406,1770,21176,203
2022-02-05,Tehama,103,63373,11539,11259,2500,13759,146
2022-02-05,Trinity,105,12862,1120,1085,273,1358,20
2022-02-05,Tulare,107,460477,100288,97414,26480,123894,1254
2022-02-05,Tuolumne,109,53932,12044,11409,506,11915,91
2022-02-05,Ventura,111,848112,167995,165532,9019,174551,1308
2022-02-05,Yolo,113,214977,34609,33614,2954,36568,281
2022-02-05,Yuba,115,75493,15150,14801,1081,15882,105
2022-02-04,Alameda,001,1643700,243347,235698,12969,248667,1638
2022-02-04,Alpine,003,1148,120,124,1,125,0
2022-02-04,Amador,005,37829,8091,7855,580,8435,71
2022-02-04,Butte,007,227075,31507,30733,6285,37018,355
2022-02-04,Calaveras,009,45235,6964,6789,318,7107,99
2022-02-04,Colusa,011,21464,3334,3234,1042,4276,21
2022-02-04,Contra Costa,013,1133247,180164,175871,12125,187996,1115
2022-02-04,Del Norte,015,27424,5150,4978,150,5128,44
2022-02-04,El Dorado,017,186661,25782,24813,3056,27869,185
2022-02-04,Fresno,019,978130,218457,213539,20800,234339,2477
2022-02-04,Glenn,021,27897,4814,4691,1507,6198,39
2022-02-04,Humboldt,023,135768,15917,15514,2641,18155,127
2022-02-04,Imperial,025,180216,53209,52153,10233,62386,853
2022-02-04,Inyo,027,18085,3985,3948,435,4383,51
2022-02-04,Kern,029,883053,184893,180296,44178,224474,1987
2022-02-04,Kings,031,150075,49122,47538,3416,50954,402
2022-02-04,Lake,033,64148,9860,9289,797,10086,124
2022-02-04,Lassen,035,31185,8443,8288,859,9147,55
2022-02-04,Los Angeles,037,10098052,2624183,2572702,119744,2692446,28947
2022-02-04,Madera,039,155013,35616,34471,5504,39975,329
2022-02-04,Marin,041,260295,31822,31299,2085,33384,255
2022-02-04,Mariposa,043,17540,2273,2222,160,2382,6
2022-02-04,Mendocino,045,87422,12395,12066,2586,14652,107
2022-02-04,Merced,047,269075,59812,58908,7642,66550,744
2022-02-04,Modoc,049,8938,692,664,230,894,6
2022-02-04,Mono,051,14174,2927,2904,114,3018,5
2022-02-04,Monterey,053,433212,75121,67342,11996,79338,666
2022-02-04,Napa,055,140530,24319,22973,887,23860,118
2022-02-04,Nevada,057,99092,15382,15002,1113,16115,113
2022-02-04,Orange,059,3164182,531244,527516,39664,567180,6134
2022-02-04,Placer,061,380077,60510,59043,7059,66102,533
2022-02-04,Plumas,063,18699,2610,2550,298,2848,13
2022-02-04,Riverside,065,2383286,575721,563991,26975,590966,5827
2022-02-04,Sacramento,067,1510023,265266,259437,25119,284556,2610
2022-02-04,San Benito,069,59416,12359,12142,488,12630,90
2022-02-04,San Bernardino,071,2135413,549567,539312,23599,562911,6322
2022-02-04,San Diego,073,3302833,722796,703957,47663,751620,4735
2022-02-04,San Francisco,075,870044,118175,112481,8176,120657,720
2022-02-04,San Joaquin,077,732212,160432,157420,8777,166197,1989
2022-02-04,San Luis Obispo,079,281455,49752,48361,3458,51819,404
2022-02-04,San Mateo,081,765935,115381,104810,6596,111406,587
2022-02-04,Santa Barbara,083,443738,82381,80478,4589,85067,617
2022-02-04,Santa Clara,085,1922200,296142,289262,11541,300803,2067
2022-02-04,Santa Cruz,087,273765,44011,42553,1845,44398,239
2022-02-04,Shasta,089,179085,29202,28604,5827,34431,466
2022-02-04,Sierra,091,2930,270,262,39,301,0
2022-02-04,Siskiyou,093,43540,4212,4106,2540,6646,67
2022-02-04,Solano,095,438530,77769,73112,5193,78305,415
2022-02-04,Sonoma,097,501317,79399,77213,2110,79323,431
2022-02-04,Stanislaus,099,539301,114257,111783,15899,127682,1406
2022-02-04,Sutter,101,95872,19788,19406,1763,21169,203
2022-02-04,Tehama,103,63373,11525,11259,2499,13758,146
2022-02-04,Trinity,105,12862,1119,1085,272,1357,20
2022-02-04,Tulare,107,460477,100123,97414,26408,123822,1254
2022-02-04,Tuolumne,109,53932,12029,11409,505,11914,91
2022-02-04,Ventura,111,848112,167727,165532,9011,174543,1308
2022-02-04,Yolo,113,214977,34520,33614,2948,36562,281
2022-02-04,Yuba,115,75493,15132,14801,1081,15882,105
2022-02-03,Alameda,001,1643700,242566,235698,12906,248604,1638
2022-02-03,Alpine,003,1148,120,124,1,125,0
2022-02-03,Amador,005,37829,8070,7855,575,8430,71
2022-02-03,Butte,007,227075,31398,30733,6258,36991,355
2022-02-03,Calaveras,009,45235,6932,6789,314,7103,99
2022-02-03,Colusa,011,21464,3321,3234,1036,4270,21
2022-02-03,Contra Costa,013,1133247,179585,175871,12025,187896,1115
2022-02-03,Del Norte,015,27424,5099,4978,148,5126,44
2022-02-03,El Dorado,017,186661,25709,24813,3051,27864,185
2022-02-03,Fresno,019,978130,217524,213539,20630,234169,2477
2022-02-03,Glenn,021,27897,4796,4691,1489,6180,39
2022-02-03,Humboldt,023,135768,15841,15514,2604,18118,127
2022-02-03,Imperial,025,180216,53064,52153,10178,62331,853
2022-02-03,Inyo,027,18085,3981,3948,432,4380,51
2022-02-03,Kern,029,883053,184428,180296,43962,224258,1987
2022-02-03,Kings,031,150075,48953,47538,3408,50946,402
2022-02-03,Lake,033,64148,9803,9289,791,10080,124
2022-02-03,Lassen,035,31185,8417,8288,857,9145,55
2022-02-03,Los Angeles,037,10098052,2618566,2572702,119473,2692175,28947
2022-02-03,Madera,039,155013,35474,34471,5458,39929,329
2022-02-03,Marin,041,260295,31720,31299,2081,33380,255
2022-02-03,Mariposa,043,17540,2261,2222,157,2379,6
2022-02-03,Mendocino,045,87422,12350,12066,2562,14628,107
2022-02-03,Merced,047,269075,59657,58908,7534,66442,744
2022-02-03,Modoc,049,8938,689,664,230,894,6
2022-02-03,Mono,051,14174,2922,2904,113,3017,5
2022-02-03,Monterey,053,433212,74849,67342,11820,79162,666
2022-02-03,Napa,055,140530,24182,22973,887,23860,118
2022-02-03,Nevada,057,99092,15340,15002,1101,16103,113
2022-02-03,Orange,059,3164182,530285,527516,39568,567084,6134
2022-02-03,Placer,061,380077,60313,59043,7038,66081,533
2022-02-03,Plumas,063,18699,2595,2550,295,2845,13
2022-02-03,Riverside,065,2383286,574499,563991,26907,590898,5827
2022-02-03,Sacramento,067,1510023,264359,259437,24917,284354,2610
2022-02-03,San Benito,069,59416,12332,12142,485,12627,90
2022-02-03,San Bernardino,071,2135413,548569,539312,23562,562874,6322
2022-02-03,San Diego,073,3302833,720837,703957,47498,751455,4735
2022-02-03,San Francisco,075,870044,117838,112481,8143,120624,720
2022-02-03,San Joaquin,077,732212,159950,157420,8751,166171,1989
2022-02-03,San Luis Obispo,079,281455,49555,48361,3441,51802,404
2022-02-03,San Mateo,081,765935,115025,104810,6562,111372,587
2022-02-03,Santa Barbara,083,443738,82008,80478,4560,85038,617
2022-02-03,Santa Clara,085,1922200,294938,289262,11431,300693,2067
2022-02-03,Santa Cruz,087,273765,43667,42553,1838,44391,239
2022-02-03,Shasta,089,179085,29095,28604,5798,34402,466
2022-02-03,Sierra,091,2930,270,262,39,301,0
2022-02-03,Siskiyou,093,43540,4196,4106,2521,6627,67
2022-02-03,Solano,095,438530,77432,73112,5175,78287,415
2022-02-03,Sonoma,097,501317,79098,77213,2104,79317,431
2022-02-03,Stanislaus,099,539301,113886,111783,15823,127606,1406
2022-02-03,Sutter,101,95872,19735,19406,1754,21160,203
2022-02-03,Tehama,103,63373,11498,11259,2490,13749,146
2022-02-03,Trinity,105,12862,1118,1085,271,1356,20
2022-02-03,Tulare,107,460477,99732,97414,26255,123669,1254
2022-02-03,Tuolumne,109,53932,11985,11409,494,11903,91
2022-02-03,Ventura,111,848112,167344,165532,9001,174533,1308
2022-02-03,Yolo,113,214977,34411,33614,2934,36548,281
2022-02-03,Yuba,115,75493,15083,14801,1066,15867,105
2022-02-02,Alameda,001,1643700,241596,234300,12802,247102,1632
2022-02-02,Alpine,003,1148,120,123,1,124,0
2022-02-02,Amador,005,37829,8040,7781,565,8346,71
2022-02-02,Butte,007,227075,31290,30550,6226,36776,355
2022-02-02,Calaveras,009,45235,6904,6753,310,7063,99
2022-02-02,Colusa,011,21464,3306,3211,1035,4246,21
2022-02-02,Contra Costa,013,1133247,178995,174876,11927,186803,1113
2022-02-02,Del Norte,015,27424,5054,4924,142,5066,44
2022-02-02,El Dorado,017,186661,25639,24690,3030,27720,185
2022-02-02,Fresno,019,978130,216510,211976,20515,232491,2463
2022-02-02,Glenn,021,27897,4772,4667,1482,6149,39
2022-02-02,Humboldt,023,135768,15780,15392,2565,17957,127
2022-02-02,Imperial,025,180216,52847,51875,10031,61906,853
2022-02-02,Inyo,027,18085,3975,3944,430,4374,51
2022-02-02,Kern,029,883053,183837,179386,43739,223125,1974
2022-02-02,Kings,031,150075,48770,47061,3381,50442,401
2022-02-02,Lake,033,64148,9743,9235,784,10019,120
2022-02-02,Lassen,035,31185,8400,8258,845,9103,55
2022-02-02,Los Angeles,037,10098052,2612115,2561902,119085,2680987,28850
2022-02-02,Madera,039,155013,35291,34265,5384,39649,329
2022-02-02,Marin,041,260295,31616,31149,2070,33219,255
2022-02-02,Mariposa,043,17540,2250,2215,153,2368,6
2022-02-02,Mendocino,045,87422,12295,11996,2523,14519,105
2022-02-02,Merced,047,269075,59487,58532,7439,65971,744
2022-02-02,Modoc,049,8938,683,662,230,892,6
2022-02-02,Mono,051,14174,2911,2887,113,3000,5
2022-02-02,Monterey,053,433212,74481,66852,11658,78510,666
2022-02-02,Napa,055,140530,24059,22859,872,23731,117
2022-02-02,Nevada,057,99092,15286,14895,1077,15972,112
2022-02-02,Orange,059,3164182,529176,524418,39454,563872,6127
2022-02-02,Placer,061,380077,60117,58654,7005,65659,533
2022-02-02,Plumas,063,18699,2587,2540,291,2831,12
2022-02-02,Riverside,065,2383286,573174,561220,26856,588076,5827
2022-02-02,Sacramento,067,1510023,263370,258078,24689,282767,2602
2022-02-02,San Benito,069,59416,12294,12058,481,12539,90
2022-02-02,San Bernardino,071,2135413,547599,537485,23499,560984,6317
2022-02-02,San Diego,073,3302833,718617,703957,47321,751278,4735
2022-02-02,San Francisco,075,870044,117457,112008,8127,120135,714
2022-02-02,San Joaquin,077,732212,159362,156537,8727,165264,1986
2022-02-02,San Luis Obispo,079,281455,49359,48119,3428,51547,403
2022-02-02,San Mateo,081,765935,114652,104201,6490,110691,587
2022-02-02,Santa Barbara,083,443738,81638,79979,4527,84506,612
2022-02-02,Santa Clara,085,1922200,293789,287443,11317,298760,2051
2022-02-02,Santa Cruz,087,273765,43388,42127,1828,43955,239
2022-02-02,Shasta,089,179085,28997,28429,5751,34180,465
2022-02-02,Sierra,091,2930,270,262,39,301,0
2022-02-02,Siskiyou,093,43540,4186,4078,2494,6572,67
2022-02-02,Solano,095,438530,77076,72711,5152,77863,414
2022-02-02,Sonoma,097,501317,78786,76681,2095,78776,431
2022-02-02,Stanislaus,099,539301,113488,111167,15698,126865,1403
2022-02-02,Sutter,101,95872,19671,19290,1724,21014,203
2022-02-02,Tehama,103,63373,11444,11193,2472,13665,146
2022-02-02,Trinity,105,12862,1115,1074,269,1343,20
2022-02-02,Tulare,107,460477,99353,96820,26083,122903,1249
2022-02-02,Tuolumne,109,53932,11907,11342,491,11833,91
2022-02-02,Ventura,111,848112,166949,164905,8982,173887,1292
2022-02-02,Yolo,113,214977,34290,33332,2912,36244,281
2022-02-02,Yuba,115,75493,15018,14720,1058,15778,104
2022-02-01,Alameda,001,1643700,240482,233782,12700,246482,1620
2022-02-01,Alpine,003,1148,120,123,1,124,0
2022-02-01,Amador,005,37829,7994,7783,559,8342,73
2022-02-01,Butte,007,227075,31155,30496,6187,36683,355
2022-02-01,Calaveras,009,45235,6863,6749,306,7055,98
2022-02-01,Colusa,011,21464,3287,3202,1009,4211,21
2022-02-01,Contra Costa,013,1133247,178241,174379,11785,186164,1115
2022-02-01,Del Norte,015,27424,5012,4907,141,5048,44
2022-02-01,El Dorado,017,186661,25573,24664,3009,27673,184
2022-02-01,Fresno,019,978130,215365,211352,20366,231718,2464
2022-02-01,Glenn,021,27897,4759,4649,1472,6121,39
2022-02-01,Humboldt,023,135768,15695,15354,2535,17889,127
2022-02-01,Imperial,025,180216,52641,51675,9965,61640,846
2022-02-01,Inyo,027,18085,3964,3928,427,4355,51
2022-02-01,Kern,029,883053,183215,178987,43493,222480,1967
2022-02-01,Kings,031,150075,48514,46959,3354,50313,400
2022-02-01,Lake,033,64148,9688,9211,778,9989,119
2022-02-01,Lassen,035,31185,8379,8231,839,9070,55
2022-02-01,Los Angeles,037,10098052,2604769,2548794,118707,2667501,28752
2022-02-01,Madera,039,155013,35063,34124,5302,39426,329
2022-02-01,Marin,041,260295,31496,31099,2054,33153,255
2022-02-01,Mariposa,043,17540,2243,2210,152,2362,6
2022-02-01,Mendocino,045,87422,12234,11978,2487,14465,105
2022-02-01,Merced,047,269075,59287,58362,7316,65678,743
2022-02-01,Modoc,049,8938,676,664,230,894,6
2022-02-01,Mono,051,14174,2905,2888,113,3001,5
2022-02-01,Monterey,053,433212,74066,66553,11453,78006,665
2022-02-01,Napa,055,140530,23962,22795,854,23649,116
2022-02-01,Nevada,057,99092,15220,14863,1064,15927,112
2022-02-01,Orange,059,3164182,527932,523741,39317,563058,6108
2022-02-01,Placer,061,380077,59849,58486,6959,65445,532
2022-02-01,Plumas,063,18699,2581,2526,288,2814,12
2022-02-01,Riverside,065,2383286,571771,560010,26806,586816,5825
2022-02-01,Sacramento,067,1510023,262332,257504,24403,281907,2593
2022-02-01,San Benito,069,59416,12231,12053,478,12531,90
2022-02-01,San Bernardino,071,2135413,546402,536591,23436,560027,6311
2022-02-01,San Diego,073,3302833,716118,701009,47111,748120,4710
2022-02-01,San Francisco,075,870044,116932,111606,8105,119711,713
2022-02-01,San Joaquin,077,732212,158831,156300,8704,165004,1987
2022-02-01,San Luis Obispo,079,281455,49134,47842,3366,51208,403
2022-02-01,San Mateo,081,765935,114173,103868,6443,110311,589
2022-02-01,Santa Barbara,083,443738,81183,79659,4490,84149,608
2022-02-01,Santa Clara,085,1922200,292234,286109,11209,297318,2070
2022-02-01,Santa Cruz,087,273765,43094,41782,1814,43596,239
2022-02-01,Shasta,089,179085,28871,28382,5697,34079,465
2022-02-01,Sierra,091,2930,268,262,39,301,0
2022-02-01,Siskiyou,093,43540,4171,4072,2468,6540,66
2022-02-01,Solano,095,438530,76802,72494,5136,77630,415
2022-02-01,Sonoma,097,501317,78419,76379,2077,78456,431
2022-02-01,Stanislaus,099,539301,113074,110925,15613,126538,1403
2022-02-01,Sutter,101,95872,19603,19256,1691,20947,202
2022-02-01,Tehama,103,63373,11389,11165,2457,13622,146
2022-02-01,Trinity,105,12862,1112,1073,269,1342,19
2022-02-01,Tulare,107,460477,98881,96467,25865,122332,1247
2022-02-01,Tuolumne,109,53932,11858,11318,482,11800,91
2022-02-01,Ventura,111,848112,166455,164721,8959,173680,1293
2022-02-01,Yolo,113,214977,34152,33257,2882,36139,275
2022-02-01,Yuba,115,75493,14957,14693,1052,15745,103
2022-01-31,Alameda,001,1643700,239146,232743,12585,245328,1607
2022-01-31,Alpine,003,1148,119,123,1,124,0
2022-01-31,Amador,005,37829,7941,7682,544,8226,73
2022-01-31,Butte,007,227075,30990,30371,6149,36520,354
2022-01-31,Calaveras,009,45235,6831,6700,295,6995,96
2022-01-31,Colusa,011,21464,3275,3187,1000,4187,21
2022-01-31,Contra Costa,013,1133247,177450,173466,11656,185122,1115
2022-01-31,Del Norte,015,27424,4971,4879,133,5012,43
2022-01-31,El Dorado,017,186661,25472,24545,2982,27527,184
2022-01-31,Fresno,019,978130,213896,210589,20172,230761,2464
2022-01-31,Glenn,021,27897,4723,4641,1460,6101,39
2022-01-31,Humboldt,023,135768,15605,15308,2500,17808,126
2022-01-31,Imperial,025,180216,52433,51472,9831,61303,846
2022-01-31,Inyo,027,18085,3950,3922,422,4344,50
2022-01-31,Kern,029,883053,182466,178375,43163,221538,1967
2022-01-31,Kings,031,150075,48160,46845,3320,50165,398
2022-01-31,Lake,033,64148,9616,9141,763,9904,119
2022-01-31,Lassen,035,31185,8351,8162,835,8997,55
2022-01-31,Los Angeles,037,10098052,2596374,2541189,118285,2659474,28718
2022-01-31,Madera,039,155013,34852,33886,5207,39093,329
2022-01-31,Marin,041,260295,31366,31023,2039,33062,253
2022-01-31,Mariposa,043,17540,2233,2203,143,2346,6
2022-01-31,Mendocino,045,87422,12163,11896,2444,14340,104
2022-01-31,Merced,047,269075,59008,58198,7127,65325,740
2022-01-31,Modoc,049,8938,673,661,230,891,6
2022-01-31,Mono,051,14174,2887,2889,113,3002,5
2022-01-31,Monterey,053,433212,73633,66117,11235,77352,661
2022-01-31,Napa,055,140530,23792,22707,838,23545,113
2022-01-31,Nevada,057,99092,15137,14813,1051,15864,112
2022-01-31,Orange,059,3164182,526538,522358,39193,561551,6098
2022-01-31,Placer,061,380077,59600,58252,6923,65175,523
2022-01-31,Plumas,063,18699,2575,2513,286,2799,12
2022-01-31,Riverside,065,2383286,569928,558166,26733,584899,5785
2022-01-31,Sacramento,067,1510023,261074,256594,24116,280710,2571
2022-01-31,San Benito,069,59416,12173,11976,477,12453,90
2022-01-31,San Bernardino,071,2135413,544788,535276,23358,558634,6302
2022-01-31,San Diego,073,3302833,713209,698571,46869,745440,4686
2022-01-31,San Francisco,075,870044,116508,111119,8065,119184,712
2022-01-31,San Joaquin,077,732212,158070,155736,8673,164409,1985
2022-01-31,San Luis Obispo,079,281455,48883,47656,3307,50963,395
2022-01-31,San Mateo,081,765935,113654,103313,6385,109698,589
2022-01-31,Santa Barbara,083,443738,80662,79267,4447,83714,606
2022-01-31,Santa Clara,085,1922200,290535,284562,11102,295664,2041
2022-01-31,Santa Cruz,087,273765,42723,41630,1810,43440,239
2022-01-31,Shasta,089,179085,28741,28190,5655,33845,462
2022-01-31,Sierra,091,2930,267,261,39,300,0
2022-01-31,Siskiyou,093,43540,4154,4054,2452,6506,66
2022-01-31,Solano,095,438530,76075,72258,5089,77347,414
2022-01-31,Sonoma,097,501317,77968,76199,2064,78263,431
2022-01-31,Stanislaus,099,539301,112540,110493,15461,125954,1403
2022-01-31,Sutter,101,95872,19525,19189,1645,20834,202
2022-01-31,Tehama,103,63373,11324,11112,2426,13538,145
2022-01-31,Trinity,105,12862,1108,1071,266,1337,19
2022-01-31,Tulare,107,460477,98273,96053,25606,121659,1245
2022-01-31,Tuolumne,109,53932,11763,11278,475,11753,91
2022-01-31,Ventura,111,848112,165920,164060,8935,172995,1286
2022-01-31,Yolo,113,214977,34000,33175,2855,36030,274
2022-01-31,Yuba,115,75493,14894,14652,1031,15683,103
2022-01-30,Alameda,001,1643700,237601,231838,12435,244273,1607
2022-01-30,Alpine,003,1148,119,123,1,124,0
2022-01-30,Amador,005,37829,7889,7644,521,8165,73
2022-01-30,Butte,007,227075,30793,30255,6087,36342,354
2022-01-30,Calaveras,009,45235,6775,6676,281,6957,96
2022-01-30,Colusa,011,21464,3251,3168,988,4156,21
2022-01-30,Contra Costa,013,1133247,176495,172902,11453,184355,1102
2022-01-30,Del Norte,015,27424,4921,4833,128,4961,43
2022-01-30,El Dorado,017,186661,25353,24491,2955,27446,184
2022-01-30,Fresno,019,978130,212346,209645,19919,229564,2463
2022-01-30,Glenn,021,27897,4692,4619,1450,6069,39
2022-01-30,Humboldt,023,135768,15491,15247,2440,17687,126
2022-01-30,Imperial,025,180216,52121,51415,9638,61053,846
2022-01-30,Inyo,027,18085,3937,3921,419,4340,50
2022-01-30,Kern,029,883053,181618,177924,42835,220759,1967
2022-01-30,Kings,031,150075,47804,46654,3251,49905,398
2022-01-30,Lake,033,64148,9526,9080,741,9821,119
2022-01-30,Lassen,035,31185,8322,8158,826,8984,55
2022-01-30,Los Angeles,037,10098052,2586054,2530739,117789,2648528,28678
2022-01-30,Madera,039,155013,34553,33752,5013,38765,329
2022-01-30,Marin,041,260295,31210,30875,2024,32899,253
2022-01-30,Mariposa,043,17540,2221,2177,137,2314,6
2022-01-30,Mendocino,045,87422,12089,11860,2339,14199,104
2022-01-30,Merced,047,269075,58647,58006,6826,64832,740
2022-01-30,Modoc,049,8938,670,661,230,891,6
2022-01-30,Mono,051,14174,2883,2888,113,3001,5
2022-01-30,Monterey,053,433212,73034,65996,10944,76940,661
2022-01-30,Napa,055,140530,23624,22588,821,23409,114
2022-01-30,Nevada,057,99092,15036,14741,1035,15776,112
2022-01-30,Orange,059,3164182,524883,521334,39039,560373,6098
2022-01-30,Placer,061,380077,59220,58030,6879,64909,523
2022-01-30,Plumas,063,18699,2560,2510,271,2781,12
2022-01-30,Riverside,065,2383286,567842,557088,26633,583721,5767
2022-01-30,Sacramento,067,1510023,259606,255715,23611,279326,2572
2022-01-30,San Benito,069,59416,12107,11945,472,12417,90
2022-01-30,San Bernardino,071,2135413,543113,534050,23258,557308,6302
2022-01-30,San Diego,073,3302833,709640,687145,46451,733596,4665
2022-01-30,San Francisco,075,870044,115929,110772,8024,118796,712
2022-01-30,San Joaquin,077,732212,157080,155165,8637,163802,1985
2022-01-30,San Luis Obispo,079,281455,48488,47599,3270,50869,394
2022-01-30,San Mateo,081,765935,113074,102979,6334,109313,589
2022-01-30,Santa Barbara,083,443738,79985,79072,4384,83456,606
2022-01-30,Santa Clara,085,1922200,288537,282846,10970,293816,2035
2022-01-30,Santa Cruz,087,273765,42271,41330,1803,43133,239
2022-01-30,Shasta,089,179085,28578,28105,5568,33673,462
2022-01-30,Sierra,091,2930,267,261,39,300,0
2022-01-30,Siskiyou,093,43540,4125,4039,2401,6440,66
2022-01-30,Solano,095,438530,75552,71857,5041,76898,414
2022-01-30,Sonoma,097,501317,77444,75890,2045,77935,431
2022-01-30,Stanislaus,099,539301,111883,110111,15260,125371,1403
2022-01-30,Sutter,101,95872,19433,19108,1545,20653,202
2022-01-30,Tehama,103,63373,11253,11071,2398,13469,145
2022-01-30,Trinity,105,12862,1102,1068,266,1334,19
2022-01-30,Tulare,107,460477,97554,95676,25332,121008,1245
2022-01-30,Tuolumne,109,53932,11649,11242,438,11680,91
2022-01-30,Ventura,111,848112,165344,163521,8905,172426,1286
2022-01-30,Yolo,113,214977,33793,33043,2818,35861,274
2022-01-30,Yuba,115,75493,14801,14584,1009,15593,103
2022-01-29,Alameda,001,1643700,236949,225602,12420,238022,1605
2022-01-29,Alpine,003,1148,119,123,1,124,0
2022-01-29,Amador,005,37829,7868,7505,518,8023,73
2022-01-29,Butte,007,227075,30708,29557,6063,35620,353
2022-01-29,Calaveras,009,45235,6756,6484,280,6764,96
2022-01-29,Colusa,011,21464,3245,3107,985,4092,21
2022-01-29,Contra Costa,013,1133247,175977,168003,11424,179427,1101
2022-01-29,Del Norte,015,27424,4913,4589,126,4715,43
2022-01-29,El Dorado,017,186661,25305,24008,2951,26959,184
2022-01-29,Fresno,019,978130,211901,202691,19887,222578,2457
2022-01-29,Glenn,021,27897,4685,4516,1443,5959,39
2022-01-29,Humboldt,023,135768,15444,14812,2433,17245,126
2022-01-29,Imperial,025,180216,52012,50153,9585,59738,845
2022-01-29,Inyo,027,18085,3935,3895,411,4306,50
2022-01-29,Kern,029,883053,181284,174456,42666,217122,1962
2022-01-29,Kings,031,150075,47691,45047,3246,48293,397
2022-01-29,Lake,033,64148,9500,8747,737,9484,119
2022-01-29,Lassen,035,31185,8304,7961,825,8786,55
2022-01-29,Los Angeles,037,10098052,2582390,2473332,117516,2590848,28467
2022-01-29,Madera,039,155013,34444,32753,4989,37742,329
2022-01-29,Marin,041,260295,31140,30137,2021,32158,253
2022-01-29,Mariposa,043,17540,2219,2117,135,2252,6
2022-01-29,Mendocino,045,87422,12066,11591,2324,13915,104
2022-01-29,Merced,047,269075,58544,56472,6824,63296,735
2022-01-29,Modoc,049,8938,670,654,230,884,6
2022-01-29,Mono,051,14174,2882,2860,113,2973,5
2022-01-29,Monterey,053,433212,72891,64090,10903,74993,658
2022-01-29,Napa,055,140530,23567,22121,819,22940,113
2022-01-29,Nevada,057,99092,15004,14337,1032,15369,112
2022-01-29,Orange,059,3164182,524224,511255,38930,550185,6038
2022-01-29,Placer,061,380077,59020,56562,6865,63427,523
2022-01-29,Plumas,063,18699,2553,2463,267,2730,12
2022-01-29,Riverside,065,2383286,566810,548121,26594,574715,5726
2022-01-29,Sacramento,067,1510023,259034,249130,23566,272696,2558
2022-01-29,San Benito,069,59416,12048,11670,471,12141,90
2022-01-29,San Bernardino,071,2135413,542391,525249,23219,548468,6297
2022-01-29,San Diego,073,3302833,708332,683027,46371,729398,4643
2022-01-29,San Francisco,075,870044,115630,108265,7959,116224,712
2022-01-29,San Joaquin,077,732212,156836,150849,8623,159472,1971
2022-01-29,San Luis Obispo,079,281455,48400,46374,3266,49640,391
2022-01-29,San Mateo,081,765935,112723,100306,6308,106614,586
2022-01-29,Santa Barbara,083,443738,79778,76546,4377,80923,604
2022-01-29,Santa Clara,085,1922200,287586,273879,10941,284820,2019
2022-01-29,Santa Cruz,087,273765,42141,39228,1801,41029,240
2022-01-29,Shasta,089,179085,28519,27504,5554,33058,452
2022-01-29,Sierra,091,2930,267,260,39,299,0
2022-01-29,Siskiyou,093,43540,4115,3987,2394,6381,66
2022-01-29,Solano,095,438530,75409,69862,5028,74890,407
2022-01-29,Sonoma,097,501317,77221,73439,2040,75479,427
2022-01-29,Stanislaus,099,539301,111629,107668,15221,122889,1403
2022-01-29,Sutter,101,95872,19384,18797,1528,20325,202
2022-01-29,Tehama,103,63373,11221,10880,2393,13273,145
2022-01-29,Trinity,105,12862,1099,1033,265,1298,19
2022-01-29,Tulare,107,460477,97324,93154,25271,118425,1237
2022-01-29,Tuolumne,109,53932,11624,10806,430,11236,91
2022-01-29,Ventura,111,848112,165013,160466,8888,169354,1271
2022-01-29,Yolo,113,214977,33688,32123,2804,34927,275
2022-01-29,Yuba,115,75493,14763,14295,1007,15302,103
2022-01-28,Alameda,001,1643700,236000,225602,12403,238005,1605
2022-01-28,Alpine,003,1148,119,123,1,124,0
2022-01-28,Amador,005,37829,7841,7505,517,8022,73
2022-01-28,Butte,007,227075,30632,29557,6044,35601,353
2022-01-28,Calaveras,009,45235,6737,6484,279,6763,96
2022-01-28,Colusa,011,21464,3241,3107,983,4090,21
2022-01-28,Contra Costa,013,1133247,175452,168003,11386,179389,1101
2022-01-28,Del Norte,015,27424,4890,4589,125,4714,43
2022-01-28,El Dorado,017,186661,25264,24008,2948,26956,184
2022-01-28,Fresno,019,978130,211097,202691,19843,222534,2457
2022-01-28,Glenn,021,27897,4672,4516,1441,5957,39
2022-01-28,Humboldt,023,135768,15407,14812,2423,17235,126
2022-01-28,Imperial,025,180216,51890,50153,9552,59705,845
2022-01-28,Inyo,027,18085,3932,3895,408,4303,50
2022-01-28,Kern,029,883053,180880,174456,42508,216964,1962
2022-01-28,Kings,031,150075,47556,45047,3239,48286,397
2022-01-28,Lake,033,64148,9471,8747,736,9483,119
2022-01-28,Lassen,035,31185,8237,7961,824,8785,55
2022-01-28,Los Angeles,037,10098052,2576840,2473332,117290,2590622,28467
2022-01-28,Madera,039,155013,34311,32753,4972,37725,329
2022-01-28,Marin,041,260295,31047,30137,1999,32136,253
2022-01-28,Mariposa,043,17540,2209,2117,133,2250,6
2022-01-28,Mendocino,045,87422,12028,11591,2322,13913,104
2022-01-28,Merced,047,269075,58444,56472,6813,63285,735
2022-01-28,Modoc,049,8938,669,654,230,884,6
2022-01-28,Mono,051,14174,2877,2860,112,2972,5
2022-01-28,Monterey,053,433212,72695,64090,10867,74957,658
2022-01-28,Napa,055,140530,23490,22121,817,22938,113
2022-01-28,Nevada,057,99092,14970,14337,1030,15367,112
2022-01-28,Orange,059,3164182,523134,511255,38843,550098,6038
2022-01-28,Placer,061,380077,58833,56562,6841,63403,523
2022-01-28,Plumas,063,18699,2546,2463,265,2728,12
2022-01-28,Riverside,065,2383286,565471,548121,26556,574677,5726
2022-01-28,Sacramento,067,1510023,258248,249130,23518,272648,2558
2022-01-28,San Benito,069,59416,12026,11670,466,12136,90
2022-01-28,San Bernardino,071,2135413,541347,525249,23193,548442,6297
2022-01-28,San Diego,073,3302833,706527,683027,46301,729328,4643
2022-01-28,San Francisco,075,870044,115261,108265,7912,116177,712
2022-01-28,San Joaquin,077,732212,156544,150849,8613,159462,1971
2022-01-28,San Luis Obispo,079,281455,48316,46374,3259,49633,391
2022-01-28,San Mateo,081,765935,112372,100306,6285,106591,586
2022-01-28,Santa Barbara,083,443738,79522,76546,4373,80919,604
2022-01-28,Santa Clara,085,1922200,286356,273879,10892,284771,2019
2022-01-28,Santa Cruz,087,273765,41958,39228,1795,41023,240
2022-01-28,Shasta,089,179085,28463,27504,5540,33044,452
2022-01-28,Sierra,091,2930,267,260,39,299,0
2022-01-28,Siskiyou,093,43540,4107,3987,2390,6377,66
2022-01-28,Solano,095,438530,74829,69862,4961,74823,407
2022-01-28,Sonoma,097,501317,77011,73439,2037,75476,427
2022-01-28,Stanislaus,099,539301,111354,107668,15178,122846,1403
2022-01-28,Sutter,101,95872,19340,18797,1526,20323,202
2022-01-28,Tehama,103,63373,11188,10880,2388,13268,145
2022-01-28,Trinity,105,12862,1092,1033,265,1298,19
2022-01-28,Tulare,107,460477,97074,93154,25179,118333,1237
2022-01-28,Tuolumne,109,53932,11592,10806,424,11230,91
2022-01-28,Ventura,111,848112,164562,160466,8869,169335,1271
2022-01-28,Yolo,113,214977,33581,32123,2797,34920,275
2022-01-28,Yuba,115,75493,14724,14295,1001,15296,103
2022-01-27,Alameda,001,1643700,234413,225602,12269,237871,1605
2022-01-27,Alpine,003,1148,119,123,1,124,0
2022-01-27,Amador,005,37829,7794,7505,505,8010,73
2022-01-27,Butte,007,227075,30479,29557,5992,35549,353
2022-01-27,Calaveras,009,45235,6709,6484,263,6747,96
2022-01-27,Colusa,011,21464,3227,3107,976,4083,21
2022-01-27,Contra Costa,013,1133247,174432,168003,11209,179212,1101
2022-01-27,Del Norte,015,27424,4841,4589,121,4710,43
2022-01-27,El Dorado,017,186661,25155,24008,2927,26935,184
2022-01-27,Fresno,019,978130,209502,202691,19648,222339,2457
2022-01-27,Glenn,021,27897,4641,4516,1433,5949,39
2022-01-27,Humboldt,023,135768,15316,14812,2385,17197,126
2022-01-27,Imperial,025,180216,51605,50153,9440,59593,845
2022-01-27,Inyo,027,18085,3926,3895,397,4292,50
2022-01-27,Kern,029,883053,180105,174456,42137,216593,1962
2022-01-27,Kings,031,150075,47215,45047,3204,48251,397
2022-01-27,Lake,033,64148,9418,8747,716,9463,119
2022-01-27,Lassen,035,31185,8199,7961,817,8778,55
2022-01-27,Los Angeles,037,10098052,2565973,2473332,116777,2590109,28467
2022-01-27,Madera,039,155013,34091,32753,4865,37618,329
2022-01-27,Marin,041,260295,30882,30137,1983,32120,253
2022-01-27,Mariposa,043,17540,2186,2117,130,2247,6
2022-01-27,Mendocino,045,87422,11978,11591,2273,13864,104
2022-01-27,Merced,047,269075,58173,56472,6661,63133,735
2022-01-27,Modoc,049,8938,667,654,229,883,6
2022-01-27,Mono,051,14174,2873,2860,110,2970,5
2022-01-27,Monterey,053,433212,72072,64090,10627,74717,658
2022-01-27,Napa,055,140530,23330,22121,789,22910,113
2022-01-27,Nevada,057,99092,14900,14337,1003,15340,112
2022-01-27,Orange,059,3164182,521390,511255,38691,549946,6038
2022-01-27,Placer,061,380077,58515,56562,6791,63353,523
2022-01-27,Plumas,063,18699,2537,2463,252,2715,12
2022-01-27,Riverside,065,2383286,563275,548121,26484,574605,5726
2022-01-27,Sacramento,067,1510023,256964,249130,23168,272298,2558
2022-01-27,San Benito,069,59416,11970,11670,461,12131,90
2022-01-27,San Bernardino,071,2135413,539522,525249,23101,548350,6297
2022-01-27,San Diego,073,3302833,703162,683027,45968,728995,4643
2022-01-27,San Francisco,075,870044,114744,108265,7854,116119,712
2022-01-27,San Joaquin,077,732212,155678,150849,8565,159414,1971
2022-01-27,San Luis Obispo,079,281455,48044,46374,3221,49595,391
2022-01-27,San Mateo,081,765935,111786,100306,6212,106518,586
2022-01-27,Santa Barbara,083,443738,79036,76546,4320,80866,604
2022-01-27,Santa Clara,085,1922200,284268,273879,10739,284618,2019
2022-01-27,Santa Cruz,087,273765,41302,39228,1781,41009,240
2022-01-27,Shasta,089,179085,28327,27504,5488,32992,452
2022-01-27,Sierra,091,2930,266,260,39,299,0
2022-01-27,Siskiyou,093,43540,4086,3987,2354,6341,66
2022-01-27,Solano,095,438530,74168,69862,4911,74773,407
2022-01-27,Sonoma,097,501317,76536,73439,2028,75467,427
2022-01-27,Stanislaus,099,539301,110824,107668,15037,122705,1403
2022-01-27,Sutter,101,95872,19232,18797,1500,20297,202
2022-01-27,Tehama,103,63373,11133,10880,2371,13251,145
2022-01-27,Trinity,105,12862,1088,1033,264,1297,19
2022-01-27,Tulare,107,460477,96445,93154,24913,118067,1237
2022-01-27,Tuolumne,109,53932,11540,10806,413,11219,91
2022-01-27,Ventura,111,848112,163914,160466,8837,169303,1271
2022-01-27,Yolo,113,214977,33442,32123,2780,34903,275
2022-01-27,Yuba,115,75493,14646,14295,985,15280,103
2022-01-26,Alameda,001,1643700,232515,222680,12106,234786,1596
2022-01-26,Alpine,003,1148,119,123,1,124,0
2022-01-26,Amador,005,37829,7720,7427,491,7918,73
2022-01-26,Butte,007,227075,30275,29229,5934,35163,353
2022-01-26,Calaveras,009,45235,6662,6387,255,6642,96
2022-01-26,Colusa,011,21464,3212,3094,970,4064,21
2022-01-26,Contra Costa,013,1133247,173314,165972,11045,177017,1095
2022-01-26,Del Norte,015,27424,4771,4542,120,4662,43
2022-01-26,El Dorado,017,186661,25035,23819,2903,26722,181
2022-01-26,Fresno,019,978130,207687,199689,19454,219143,2452
2022-01-26,Glenn,021,27897,4607,4472,1428,5900,39
2022-01-26,Humboldt,023,135768,15215,14715,2339,17054,126
2022-01-26,Imperial,025,180216,51252,49477,9280,58757,839
2022-01-26,Inyo,027,18085,3923,3889,366,4255,50
2022-01-26,Kern,029,883053,179189,173052,41790,214842,1953
2022-01-26,Kings,031,150075,46802,44367,3177,47544,396
2022-01-26,Lake,033,64148,9335,8645,708,9353,119
2022-01-26,Lassen,035,31185,8161,7888,814,8702,55
2022-01-26,Los Angeles,037,10098052,2553904,2450620,116314,2566934,28382
2022-01-26,Madera,039,155013,33847,32323,4740,37063,329
2022-01-26,Marin,041,260295,30707,29813,1964,31777,253
2022-01-26,Mariposa,043,17540,2169,2108,123,2231,6
2022-01-26,Mendocino,045,87422,11929,11453,2223,13676,103
2022-01-26,Merced,047,269075,57811,56060,6479,62539,733
2022-01-26,Modoc,049,8938,666,652,228,880,6
2022-01-26,Mono,051,14174,2870,2852,110,2962,4
2022-01-26,Monterey,053,433212,71532,63264,10328,73592,659
2022-01-26,Napa,055,140530,23171,21864,779,22643,112
2022-01-26,Nevada,057,99092,14807,14128,992,15120,112
2022-01-26,Orange,059,3164182,519328,506419,38520,544939,6007
2022-01-26,Placer,061,380077,58188,55892,6728,62620,524
2022-01-26,Plumas,063,18699,2526,2425,250,2675,12
2022-01-26,Riverside,065,2383286,560738,543788,26366,570154,5701
2022-01-26,Sacramento,067,1510023,255279,246416,22798,269214,2559
2022-01-26,San Benito,069,59416,11900,11563,448,12011,90
2022-01-26,San Bernardino,071,2135413,537363,521699,22997,544696,6291
2022-01-26,San Diego,073,3302833,698951,676392,45633,722025,4622
2022-01-26,San Francisco,075,870044,114100,107174,7814,114988,704
2022-01-26,San Joaquin,077,732212,154687,148770,8516,157286,1971
2022-01-26,San Luis Obispo,079,281455,47744,45716,3194,48910,391
2022-01-26,San Mateo,081,765935,111129,99016,6085,105101,586
2022-01-26,Santa Barbara,083,443738,78493,75548,4258,79806,600
2022-01-26,Santa Clara,085,1922200,282150,270470,10564,281034,2015
2022-01-26,Santa Cruz,087,273765,40805,38298,1769,40067,239
2022-01-26,Shasta,089,179085,28178,27255,5437,32692,452
2022-01-26,Sierra,091,2930,265,260,38,298,0
2022-01-26,Siskiyou,093,43540,4070,3971,2331,6302,66
2022-01-26,Solano,095,438530,73462,69150,4850,74000,401
2022-01-26,Sonoma,097,501317,75973,72509,1997,74506,423
2022-01-26,Stanislaus,099,539301,110261,106582,14864,121446,1396
2022-01-26,Sutter,101,95872,19121,18670,1454,20124,202
2022-01-26,Tehama,103,63373,11074,10749,2354,13103,145
2022-01-26,Trinity,105,12862,1083,1008,264,1272,19
2022-01-26,Tulare,107,460477,95715,91904,24671,116575,1234
2022-01-26,Tuolumne,109,53932,11354,10699,401,11100,91
2022-01-26,Ventura,111,848112,163202,159077,8797,167874,1263
2022-01-26,Yolo,113,214977,33235,31913,2739,34652,275
2022-01-26,Yuba,115,75493,14562,14171,963,15134,103
2022-01-25,Alameda,001,1643700,230614,219753,11925,231678,1589
2022-01-25,Alpine,003,1148,119,122,1,123,0
2022-01-25,Amador,005,37829,7644,7352,480,7832,73
2022-01-25,Butte,007,227075,30069,28887,5860,34747,351
2022-01-25,Calaveras,009,45235,6595,6266,241,6507,95
2022-01-25,Colusa,011,21464,3191,3074,968,4042,21
2022-01-25,Contra Costa,013,1133247,171984,163792,10831,174623,1092
2022-01-25,Del Norte,015,27424,4700,4514,115,4629,43
2022-01-25,El Dorado,017,186661,24897,23339,2880,26219,179
2022-01-25,Fresno,019,978130,205559,198262,19187,217449,2434
2022-01-25,Glenn,021,27897,4574,4418,1413,5831,39
2022-01-25,Humboldt,023,135768,15121,14574,2312,16886,126
2022-01-25,Imperial,025,180216,50775,48913,9029,57942,832
2022-01-25,Inyo,027,18085,3908,3857,320,4177,50
2022-01-25,Kern,029,883053,178168,171695,41327,213022,1947
2022-01-25,Kings,031,150075,46303,43853,3133,46986,396
2022-01-25,Lake,033,64148,9254,8543,695,9238,118
2022-01-25,Lassen,035,31185,8130,7834,805,8639,55
2022-01-25,Los Angeles,037,10098052,2539141,2433516,115663,2549179,28293
2022-01-25,Madera,039,155013,33528,31794,4601,36395,329
2022-01-25,Marin,041,260295,30537,29589,1951,31540,253
2022-01-25,Mariposa,043,17540,2157,2069,117,2186,6
2022-01-25,Mendocino,045,87422,11809,11280,2120,13400,103
2022-01-25,Merced,047,269075,57419,55555,6336,61891,733
2022-01-25,Modoc,049,8938,664,652,228,880,6
2022-01-25,Mono,051,14174,2860,2826,110,2936,4
2022-01-25,Monterey,053,433212,70958,62498,9935,72433,654
2022-01-25,Napa,055,140530,22976,21668,743,22411,111
2022-01-25,Nevada,057,99092,14683,13944,969,14913,112
2022-01-25,Orange,059,3164182,516986,504274,38319,542593,5980
2022-01-25,Placer,061,380077,57761,55465,6651,62116,518
2022-01-25,Plumas,063,18699,2508,2397,246,2643,12
2022-01-25,Riverside,065,2383286,557662,540723,26201,566924,5686
2022-01-25,Sacramento,067,1510023,253335,244468,22248,266716,2545
2022-01-25,San Benito,069,59416,11800,11446,444,11890,88
2022-01-25,San Bernardino,071,2135413,534870,519150,22884,542034,6288
2022-01-25,San Diego,073,3302833,693937,670110,45190,715300,4604
2022-01-25,San Francisco,075,870044,113231,106254,7766,114020,703
2022-01-25,San Joaquin,077,732212,153686,147271,8463,155734,1972
2022-01-25,San Luis Obispo,079,281455,47386,45130,3146,48276,391
2022-01-25,San Mateo,081,765935,110325,98010,5972,103982,586
2022-01-25,Santa Barbara,083,443738,77772,74686,4177,78863,594
2022-01-25,Santa Clara,085,1922200,279481,268031,10355,278386,2006
2022-01-25,Santa Cruz,087,273765,40142,37850,1756,39606,237
2022-01-25,Shasta,089,179085,28015,27090,5368,32458,452
2022-01-25,Sierra,091,2930,265,260,33,293,0
2022-01-25,Siskiyou,093,43540,4045,3958,2286,6244,65
2022-01-25,Solano,095,438530,72895,68657,4798,73455,399
2022-01-25,Sonoma,097,501317,75278,71633,1961,73594,423
2022-01-25,Stanislaus,099,539301,109602,105965,14646,120611,1396
2022-01-25,Sutter,101,95872,19018,18508,1412,19920,200
2022-01-25,Tehama,103,63373,11015,10669,2328,12997,145
2022-01-25,Trinity,105,12862,1074,999,262,1261,19
2022-01-25,Tulare,107,460477,94914,91237,24323,115560,1229
2022-01-25,Tuolumne,109,53932,11177,10516,377,10893,91
2022-01-25,Ventura,111,848112,162359,157971,8753,166724,1263
2022-01-25,Yolo,113,214977,32988,31677,2693,34370,274
2022-01-25,Yuba,115,75493,14478,14038,935,14973,103
2022-01-24,Alameda,001,1643700,228171,216252,11659,227911,1581
2022-01-24,Alpine,003,1148,119,120,1,121,0
2022-01-24,Amador,005,37829,7594,7166,441,7607,73
2022-01-24,Butte,007,227075,29838,28607,5796,34403,350
2022-01-24,Calaveras,009,45235,6541,6172,227,6399,95
2022-01-24,Colusa,011,21464,3171,3052,952,4004,21
2022-01-24,Contra Costa,013,1133247,170484,162161,10614,172775,1092
2022-01-24,Del Norte,015,27424,4629,4460,114,4574,43
2022-01-24,El Dorado,017,186661,24733,23128,2849,25977,179
2022-01-24,Fresno,019,978130,203259,196092,18889,214981,2430
2022-01-24,Glenn,021,27897,4532,4367,1403,5770,39
2022-01-24,Humboldt,023,135768,15008,14416,2266,16682,126
2022-01-24,Imperial,025,180216,50230,48228,8691,56919,824
2022-01-24,Inyo,027,18085,3903,3805,296,4101,50
2022-01-24,Kern,029,883053,176852,169892,40848,210740,1946
2022-01-24,Kings,031,150075,45712,43260,3058,46318,396
2022-01-24,Lake,033,64148,9138,8423,680,9103,118
2022-01-24,Lassen,035,31185,8034,7732,783,8515,55
2022-01-24,Los Angeles,037,10098052,2522748,2391045,114886,2505931,28230
2022-01-24,Madera,039,155013,33092,31339,4416,35755,329
2022-01-24,Marin,041,260295,30307,29301,1914,31215,253
2022-01-24,Mariposa,043,17540,2132,2033,113,2146,6
2022-01-24,Mendocino,045,87422,11699,11002,2041,13043,103
2022-01-24,Merced,047,269075,56921,54970,6054,61024,730
2022-01-24,Modoc,049,8938,661,648,227,875,6
2022-01-24,Mono,051,14174,2850,2802,108,2910,4
2022-01-24,Monterey,053,433212,70129,61975,9561,71536,654
2022-01-24,Napa,055,140530,22795,21494,730,22224,111
2022-01-24,Nevada,057,99092,14540,13774,946,14720,112
2022-01-24,Orange,059,3164182,514333,501634,38057,539691,5969
2022-01-24,Placer,061,380077,57253,54933,6602,61535,518
2022-01-24,Plumas,063,18699,2486,2370,230,2600,12
2022-01-24,Riverside,065,2383286,553952,535962,25989,561951,5661
2022-01-24,Sacramento,067,1510023,251019,241522,21673,263195,2526
2022-01-24,San Benito,069,59416,11705,11331,431,11762,88
2022-01-24,San Bernardino,071,2135413,532063,515604,22744,538348,6285
2022-01-24,San Diego,073,3302833,688308,663580,44654,708234,4586
2022-01-24,San Francisco,075,870044,112199,105418,7659,113077,703
2022-01-24,San Joaquin,077,732212,152354,145984,8415,154399,1959
2022-01-24,San Luis Obispo,079,281455,46911,44616,3091,47707,387
2022-01-24,San Mateo,081,765935,109400,96968,5850,102818,586
2022-01-24,Santa Barbara,083,443738,76912,73866,4080,77946,591
2022-01-24,Santa Clara,085,1922200,276544,265341,10155,275496,2006
2022-01-24,Santa Cruz,087,273765,39306,37188,1736,38924,237
2022-01-24,Shasta,089,179085,27826,26871,5278,32149,452
2022-01-24,Sierra,091,2930,265,258,33,291,0
2022-01-24,Siskiyou,093,43540,4032,3934,2243,6177,64
2022-01-24,Solano,095,438530,72209,68094,4721,72815,400
2022-01-24,Sonoma,097,501317,74367,70733,1937,72670,423
2022-01-24,Stanislaus,099,539301,108843,104933,14407,119340,1395
2022-01-24,Sutter,101,95872,18900,18336,1319,19655,200
2022-01-24,Tehama,103,63373,10941,10567,2309,12876,145
2022-01-24,Trinity,105,12862,1065,978,260,1238,19
2022-01-24,Tulare,107,460477,93901,90089,23934,114023,1219
2022-01-24,Tuolumne,109,53932,11060,10374,364,10738,91
2022-01-24,Ventura,111,848112,161332,156551,8709,165260,1261
2022-01-24,Yolo,113,214977,32704,31480,2658,34138,273
2022-01-24,Yuba,115,75493,14370,13862,894,14756,103
2022-01-23,Alameda,001,1643700,225524,214003,11317,225320,1583
2022-01-23,Alpine,003,1148,119,120,1,121,0
2022-01-23,Amador,005,37829,7538,7090,401,7491,73
2022-01-23,Butte,007,227075,29543,28340,5689,34029,350
2022-01-23,Calaveras,009,45235,6472,6095,204,6299,95
2022-01-23,Colusa,011,21464,3142,3040,945,3985,21
2022-01-23,Contra Costa,013,1133247,168628,160798,10252,171050,1092
2022-01-23,Del Norte,015,27424,4557,4419,106,4525,43
2022-01-23,El Dorado,017,186661,24539,22925,2801,25726,179
2022-01-23,Fresno,019,978130,200785,193642,18451,212093,2430
2022-01-23,Glenn,021,27897,4481,4340,1380,5720,39
2022-01-23,Humboldt,023,135768,14886,14296,2182,16478,126
2022-01-23,Imperial,025,180216,49654,47935,8399,56334,824
2022-01-23,Inyo,027,18085,3878,3781,281,4062,50
2022-01-23,Kern,029,883053,175494,168585,40324,208909,1946
2022-01-23,Kings,031,150075,45091,42622,2952,45574,397
2022-01-23,Lake,033,64148,8968,8363,649,9012,118
2022-01-23,Lassen,035,31185,7976,7710,759,8469,55
2022-01-23,Los Angeles,037,10098052,2502594,2390590,113721,2504311,28231
2022-01-23,Madera,039,155013,32725,30962,4171,35133,329
2022-01-23,Marin,041,260295,30068,29025,1876,30901,253
2022-01-23,Mariposa,043,17540,2117,2011,110,2121,6
2022-01-23,Mendocino,045,87422,11577,10889,1917,12806,103
2022-01-23,Merced,047,269075,56381,54644,5609,60253,730
2022-01-23,Modoc,049,8938,659,645,224,869,6
2022-01-23,Mono,051,14174,2842,2788,105,2893,4
2022-01-23,Monterey,053,433212,69302,61522,9110,70632,654
2022-01-23,Napa,055,140530,22530,21281,717,21998,111
2022-01-23,Nevada,057,99092,14368,13629,916,14545,112
2022-01-23,Orange,059,3164182,511223,498968,37755,536723,5970
2022-01-23,Placer,061,380077,56675,54568,6507,61075,518
2022-01-23,Plumas,063,18699,2464,2368,201,2569,12
2022-01-23,Riverside,065,2383286,549533,532273,25684,557957,5661
2022-01-23,Sacramento,067,1510023,248482,239589,20698,260287,2530
2022-01-23,San Benito,069,59416,11581,11225,420,11645,88
2022-01-23,San Bernardino,071,2135413,528727,512657,22499,535156,6281
2022-01-23,San Diego,073,3302833,681737,640215,43889,684104,4566
2022-01-23,San Francisco,075,870044,111110,104485,7525,112010,704
2022-01-23,San Joaquin,077,732212,150735,144621,8340,152961,1959
2022-01-23,San Luis Obispo,079,281455,46222,44183,3009,47192,386
2022-01-23,San Mateo,081,765935,108314,95940,5702,101642,586
2022-01-23,Santa Barbara,083,443738,75788,73041,3954,76995,590
2022-01-23,Santa Clara,085,1922200,273196,261991,9834,271825,2005
2022-01-23,Santa Cruz,087,273765,38771,36547,1707,38254,237
2022-01-23,Shasta,089,179085,27528,26732,5154,31886,452
2022-01-23,Sierra,091,2930,264,252,33,285,0
2022-01-23,Siskiyou,093,43540,4008,3916,2185,6101,64
2022-01-23,Solano,095,438530,71408,67457,4625,72082,400
2022-01-23,Sonoma,097,501317,73428,69791,1895,71686,423
2022-01-23,Stanislaus,099,539301,107979,104067,14136,118203,1395
2022-01-23,Sutter,101,95872,18736,18175,1201,19376,200
2022-01-23,Tehama,103,63373,10839,10481,2276,12757,145
2022-01-23,Trinity,105,12862,1062,961,258,1219,19
2022-01-23,Tulare,107,460477,92765,89120,23490,112610,1219
2022-01-23,Tuolumne,109,53932,10874,10243,346,10589,91
2022-01-23,Ventura,111,848112,160157,155052,8637,163689,1261
2022-01-23,Yolo,113,214977,32339,30908,2615,33523,273
2022-01-23,Yuba,115,75493,14243,13762,839,14601,103
2022-01-22,Alameda,001,1643700,224475,203927,11288,215215,1575
2022-01-22,Alpine,003,1148,118,119,1,120,0
2022-01-22,Amador,005,37829,7505,6845,396,7241,73
2022-01-22,Butte,007,227075,29429,27232,5661,32893,350
2022-01-22,Calaveras,009,45235,6442,5835,203,6038,95
2022-01-22,Colusa,011,21464,3125,2954,943,3897,21
2022-01-22,Contra Costa,013,1133247,167691,154111,10222,164333,1091
2022-01-22,Del Norte,015,27424,4535,4269,105,4374,43
2022-01-22,El Dorado,017,186661,24471,22273,2790,25063,179
2022-01-22,Fresno,019,978130,199968,185292,18400,203692,2429
2022-01-22,Glenn,021,27897,4475,4174,1377,5551,39
2022-01-22,Humboldt,023,135768,14817,13628,2169,15797,125
2022-01-22,Imperial,025,180216,49474,45741,8340,54081,820
2022-01-22,Inyo,027,18085,3874,3706,257,3963,50
2022-01-22,Kern,029,883053,174880,162902,40018,202920,1946
2022-01-22,Kings,031,150075,44895,40580,2940,43520,396
2022-01-22,Lake,033,64148,8936,8056,638,8694,118
2022-01-22,Lassen,035,31185,7938,7545,752,8297,55
2022-01-22,Los Angeles,037,10098052,2495251,2286280,113203,2399483,28038
2022-01-22,Madera,039,155013,32607,29595,4157,33752,329
2022-01-22,Marin,041,260295,29952,27893,1873,29766,253
2022-01-22,Mariposa,043,17540,2113,1920,110,2030,6
2022-01-22,Mendocino,045,87422,11527,10395,1895,12290,103
2022-01-22,Merced,047,269075,56240,53025,5600,58625,727
2022-01-22,Modoc,049,8938,658,639,224,863,6
2022-01-22,Mono,051,14174,2841,2723,104,2827,4
2022-01-22,Monterey,053,433212,69104,59038,9081,68119,651
2022-01-22,Napa,055,140530,22435,20402,707,21109,111
2022-01-22,Nevada,057,99092,14312,12957,908,13865,112
2022-01-22,Orange,059,3164182,509679,480329,37494,517823,5946
2022-01-22,Placer,061,380077,56442,52557,6474,59031,512
2022-01-22,Plumas,063,18699,2447,2289,197,2486,12
2022-01-22,Riverside,065,2383286,547649,513567,25611,539178,5623
2022-01-22,Sacramento,067,1510023,247601,230206,20608,250814,2510
2022-01-22,San Benito,069,59416,11521,10743,415,11158,88
2022-01-22,San Bernardino,071,2135413,527265,495209,22423,517632,6267
2022-01-22,San Diego,073,3302833,679285,628904,43704,672608,4559
2022-01-22,San Francisco,075,870044,110505,100238,7372,107610,702
2022-01-22,San Joaquin,077,732212,150303,138264,8312,146576,1960
2022-01-22,San Luis Obispo,079,281455,46103,42154,3001,45155,385
2022-01-22,San Mateo,081,765935,107742,91440,5633,97073,585
2022-01-22,Santa Barbara,083,443738,75372,69555,3948,73503,589
2022-01-22,Santa Clara,085,1922200,271485,249205,9767,258972,1993
2022-01-22,Santa Cruz,087,273765,38589,33741,1703,35444,237
2022-01-22,Shasta,089,179085,27435,25919,5132,31051,450
2022-01-22,Sierra,091,2930,264,248,32,280,0
2022-01-22,Siskiyou,093,43540,3991,3845,2169,6014,62
2022-01-22,Solano,095,438530,71182,63882,4586,68468,391
2022-01-22,Sonoma,097,501317,73026,66013,1886,67899,422
2022-01-22,Stanislaus,099,539301,107523,100092,14050,114142,1393
2022-01-22,Sutter,101,95872,18668,17616,1188,18804,199
2022-01-22,Tehama,103,63373,10805,10171,2270,12441,142
2022-01-22,Trinity,105,12862,1060,925,258,1183,19
2022-01-22,Tulare,107,460477,92416,85223,23387,108610,1211
2022-01-22,Tuolumne,109,53932,10808,9731,340,10071,91
2022-01-22,Ventura,111,848112,159468,148742,8607,157349,1250
2022-01-22,Yolo,113,214977,32168,30061,2599,32660,273
2022-01-22,Yuba,115,75493,14154,13288,834,14122,103
2022-01-21,Alameda,001,1643700,222928,203927,11258,215185,1575
2022-01-21,Alpine,003,1148,118,119,1,120,0
2022-01-21,Amador,005,37829,7447,6845,393,7238,73
2022-01-21,Butte,007,227075,29303,27232,5615,32847,350
2022-01-21,Calaveras,009,45235,6400,5835,203,6038,95
2022-01-21,Colusa,011,21464,3119,2954,941,3895,21
2022-01-21,Contra Costa,013,1133247,166634,154111,10143,164254,1091
2022-01-21,Del Norte,015,27424,4506,4269,105,4374,43
2022-01-21,El Dorado,017,186661,24394,22273,2773,25046,179
2022-01-21,Fresno,019,978130,198722,185292,18336,203628,2429
2022-01-21,Glenn,021,27897,4457,4174,1372,5546,39
2022-01-21,Humboldt,023,135768,14746,13628,2150,15778,125
2022-01-21,Imperial,025,180216,49280,45741,8255,53996,820
2022-01-21,Inyo,027,18085,3861,3706,251,3957,50
2022-01-21,Kern,029,883053,174174,162902,39642,202544,1946
2022-01-21,Kings,031,150075,44702,40580,2933,43513,396
2022-01-21,Lake,033,64148,8884,8056,625,8681,118
2022-01-21,Lassen,035,31185,7897,7545,748,8293,55
2022-01-21,Los Angeles,037,10098052,2484009,2286280,112738,2399018,28038
2022-01-21,Madera,039,155013,32314,29595,4129,33724,329
2022-01-21,Marin,041,260295,29781,27893,1848,29741,253
2022-01-21,Mariposa,043,17540,2101,1920,109,2029,6
2022-01-21,Mendocino,045,87422,11449,10395,1892,12287,103
2022-01-21,Merced,047,269075,56093,53025,5599,58624,727
2022-01-21,Modoc,049,8938,657,639,224,863,6
2022-01-21,Mono,051,14174,2826,2723,102,2825,4
2022-01-21,Monterey,053,433212,68660,59038,8975,68013,651
2022-01-21,Napa,055,140530,22316,20402,699,21101,111
2022-01-21,Nevada,057,99092,14217,12957,904,13861,112
2022-01-21,Orange,059,3164182,507521,480329,37246,517575,5946
2022-01-21,Placer,061,380077,56071,52557,6412,58969,512
2022-01-21,Plumas,063,18699,2436,2289,192,2481,12
2022-01-21,Riverside,065,2383286,545033,513567,25533,539100,5623
2022-01-21,Sacramento,067,1510023,246304,230206,20535,250741,2510
2022-01-21,San Benito,069,59416,11486,10743,412,11155,88
2022-01-21,San Bernardino,071,2135413,525345,495209,22363,517572,6267
2022-01-21,San Diego,073,3302833,675111,628904,43574,672478,4559
2022-01-21,San Francisco,075,870044,109768,100238,7264,107502,702
2022-01-21,San Joaquin,077,732212,149716,138264,8277,146541,1960
2022-01-21,San Luis Obispo,079,281455,45977,42154,2998,45152,385
2022-01-21,San Mateo,081,765935,107073,91440,5588,97028,585
2022-01-21,Santa Barbara,083,443738,74893,69555,3939,73494,589
2022-01-21,Santa Clara,085,1922200,269635,249205,9660,258865,1993
2022-01-21,Santa Cruz,087,273765,37902,33741,1694,35435,237
2022-01-21,Shasta,089,179085,27347,25919,5083,31002,450
2022-01-21,Sierra,091,2930,262,248,31,279,0
2022-01-21,Siskiyou,093,43540,3985,3845,2153,5998,62
2022-01-21,Solano,095,438530,70769,63882,4504,68386,391
2022-01-21,Sonoma,097,501317,72515,66013,1876,67889,422
2022-01-21,Stanislaus,099,539301,107014,100092,13990,114082,1393
2022-01-21,Sutter,101,95872,18581,17616,1171,18787,199
2022-01-21,Tehama,103,63373,10772,10171,2269,12440,142
2022-01-21,Trinity,105,12862,1054,925,257,1182,19
2022-01-21,Tulare,107,460477,91988,85223,23241,108464,1211
2022-01-21,Tuolumne,109,53932,10728,9731,333,10064,91
2022-01-21,Ventura,111,848112,158662,148742,8578,157320,1250
2022-01-21,Yolo,113,214977,32005,30061,2577,32638,273
2022-01-21,Yuba,115,75493,14084,13288,828,14116,103
2022-01-20,Alameda,001,1643700,219883,203927,11014,214941,1575
2022-01-20,Alpine,003,1148,118,119,1,120,0
2022-01-20,Amador,005,37829,7382,6845,375,7220,73
2022-01-20,Butte,007,227075,29045,27232,5527,32759,350
2022-01-20,Calaveras,009,45235,6294,5835,194,6029,95
2022-01-20,Colusa,011,21464,3088,2954,930,3884,21
2022-01-20,Contra Costa,013,1133247,164663,154111,9878,163989,1091
2022-01-20,Del Norte,015,27424,4467,4269,103,4372,43
2022-01-20,El Dorado,017,186661,24194,22273,2726,24999,179
2022-01-20,Fresno,019,978130,196148,185292,17988,203280,2429
2022-01-20,Glenn,021,27897,4422,4174,1363,5537,39
2022-01-20,Humboldt,023,135768,14615,13628,2098,15726,125
2022-01-20,Imperial,025,180216,48749,45741,8082,53823,820
2022-01-20,Inyo,027,18085,3849,3706,240,3946,50
2022-01-20,Kern,029,883053,172690,162902,39085,201987,1946
2022-01-20,Kings,031,150075,44158,40580,2886,43466,396
2022-01-20,Lake,033,64148,8791,8056,605,8661,118
2022-01-20,Lassen,035,31185,7854,7545,729,8274,55
2022-01-20,Los Angeles,037,10098052,2459362,2286280,111735,2398015,28038
2022-01-20,Madera,039,155013,31919,29595,4002,33597,329
2022-01-20,Marin,041,260295,29486,27893,1811,29704,253
2022-01-20,Mariposa,043,17540,2074,1920,106,2026,6
2022-01-20,Mendocino,045,87422,11353,10395,1817,12212,103
2022-01-20,Merced,047,269075,55674,53025,5371,58396,727
2022-01-20,Modoc,049,8938,655,639,224,863,6
2022-01-20,Mono,051,14174,2816,2723,101,2824,4
2022-01-20,Monterey,053,433212,67917,59038,8567,67605,651
2022-01-20,Napa,055,140530,22048,20402,660,21062,111
2022-01-20,Nevada,057,99092,14074,12957,880,13837,112
2022-01-20,Orange,059,3164182,503615,480329,36913,517242,5946
2022-01-20,Placer,061,380077,55598,52557,6354,58911,512
2022-01-20,Plumas,063,18699,2417,2289,188,2477,12
2022-01-20,Riverside,065,2383286,540488,513567,25288,538855,5623
2022-01-20,Sacramento,067,1510023,244198,230206,19874,250080,2510
2022-01-20,San Benito,069,59416,11374,10743,399,11142,88
2022-01-20,San Bernardino,071,2135413,521368,495209,22097,517306,6267
2022-01-20,San Diego,073,3302833,668052,628904,42931,671835,4559
2022-01-20,San Francisco,075,870044,108637,100238,7116,107354,702
2022-01-20,San Joaquin,077,732212,148062,138264,8178,146442,1960
2022-01-20,San Luis Obispo,079,281455,45468,42154,2964,45118,385
2022-01-20,San Mateo,081,765935,105886,91440,5375,96815,585
2022-01-20,Santa Barbara,083,443738,74040,69555,3828,73383,589
2022-01-20,Santa Clara,085,1922200,266262,249205,9327,258532,1993
2022-01-20,Santa Cruz,087,273765,37049,33741,1677,35418,237
2022-01-20,Shasta,089,179085,27155,25919,5014,30933,450
2022-01-20,Sierra,091,2930,262,248,29,277,0
2022-01-20,Siskiyou,093,43540,3973,3845,2117,5962,62
2022-01-20,Solano,095,438530,69789,63882,4419,68301,391
2022-01-20,Sonoma,097,501317,71510,66013,1831,67844,422
2022-01-20,Stanislaus,099,539301,106054,100092,13784,113876,1393
2022-01-20,Sutter,101,95872,18414,17616,1141,18757,199
2022-01-20,Tehama,103,63373,10699,10171,2250,12421,142
2022-01-20,Trinity,105,12862,1041,925,255,1180,19
2022-01-20,Tulare,107,460477,91035,85223,22937,108160,1211
2022-01-20,Tuolumne,109,53932,10589,9731,321,10052,91
2022-01-20,Ventura,111,848112,157288,148742,8506,157248,1250
2022-01-20,Yolo,113,214977,31726,30061,2541,32602,273
2022-01-20,Yuba,115,75493,13976,13288,795,14083,103
2022-01-19,Alameda,001,1643700,216547,199739,10680,210419,1571
2022-01-19,Alpine,003,1148,117,119,1,120,0
2022-01-19,Amador,005,37829,7301,6789,332,7121,73
2022-01-19,Butte,007,227075,28742,26839,5454,32293,351
2022-01-19,Calaveras,009,45235,6206,5765,185,5950,95
2022-01-19,Colusa,011,21464,3062,2938,916,3854,21
2022-01-19,Contra Costa,013,1133247,162351,151543,9636,161179,1091
2022-01-19,Del Norte,015,27424,4433,4240,101,4341,43
2022-01-19,El Dorado,017,186661,23946,21953,2684,24637,177
2022-01-19,Fresno,019,978130,193319,181526,17717,199243,2430
2022-01-19,Glenn,021,27897,4371,4127,1354,5481,39
2022-01-19,Humboldt,023,135768,14444,13391,2044,15435,125
2022-01-19,Imperial,025,180216,48026,45156,7886,53042,820
2022-01-19,Inyo,027,18085,3826,3680,201,3881,49
2022-01-19,Kern,029,883053,170949,160747,38397,199144,1946
2022-01-19,Kings,031,150075,43459,40027,2806,42833,395
2022-01-19,Lake,033,64148,8670,7972,592,8564,118
2022-01-19,Lassen,035,31185,7802,7507,705,8212,55
2022-01-19,Los Angeles,037,10098052,2431015,2251718,110294,2362012,27934
2022-01-19,Madera,039,155013,31537,29021,3825,32846,329
2022-01-19,Marin,041,260295,29187,27375,1770,29145,251
2022-01-19,Mariposa,043,17540,2048,1896,100,1996,6
2022-01-19,Mendocino,045,87422,11183,10252,1723,11975,103
2022-01-19,Merced,047,269075,55137,52355,5016,57371,724
2022-01-19,Modoc,049,8938,653,635,223,858,6
2022-01-19,Mono,051,14174,2795,2677,99,2776,4
2022-01-19,Monterey,053,433212,67023,58426,8108,66534,651
2022-01-19,Napa,055,140530,21796,20090,632,20722,110
2022-01-19,Nevada,057,99092,13927,12703,851,13554,112
2022-01-19,Orange,059,3164182,499188,468460,36522,504982,5943
2022-01-19,Placer,061,380077,55050,51545,6284,57829,511
2022-01-19,Plumas,063,18699,2391,2239,180,2419,12
2022-01-19,Riverside,065,2383286,534982,503575,25048,528623,5604
2022-01-19,Sacramento,067,1510023,241529,226035,19099,245134,2512
2022-01-19,San Benito,069,59416,11233,10639,387,11026,88
2022-01-19,San Bernardino,071,2135413,516882,487846,21760,509606,6265
2022-01-19,San Diego,073,3302833,659292,614709,42267,656976,4553
2022-01-19,San Francisco,075,870044,107266,98652,7034,105686,694
2022-01-19,San Joaquin,077,732212,146149,135953,8081,144034,1959
2022-01-19,San Luis Obispo,079,281455,44867,41374,2898,44272,382
2022-01-19,San Mateo,081,765935,104522,89715,5107,94822,585
2022-01-19,Santa Barbara,083,443738,73062,68531,3723,72254,586
2022-01-19,Santa Clara,085,1922200,262486,244922,8963,253885,1991
2022-01-19,Santa Cruz,087,273765,35798,33026,1657,34683,237
2022-01-19,Shasta,089,179085,26887,25355,4943,30298,450
2022-01-19,Sierra,091,2930,262,245,28,273,0
2022-01-19,Siskiyou,093,43540,3950,3821,2060,5881,62
2022-01-19,Solano,095,438530,68950,63003,4293,67296,392
2022-01-19,Sonoma,097,501317,70428,64689,1792,66481,420
2022-01-19,Stanislaus,099,539301,105002,98952,13500,112452,1381
2022-01-19,Sutter,101,95872,18244,17436,1057,18493,199
2022-01-19,Tehama,103,63373,10584,10064,2203,12267,142
2022-01-19,Trinity,105,12862,1029,916,254,1170,19
2022-01-19,Tulare,107,460477,89874,83743,22468,106211,1200
2022-01-19,Tuolumne,109,53932,10432,9613,293,9906,91
2022-01-19,Ventura,111,848112,155774,144738,8435,153173,1234
2022-01-19,Yolo,113,214977,31380,29392,2503,31895,273
2022-01-19,Yuba,115,75493,13814,13114,781,13895,104
2022-01-18,Alameda,001,1643700,213208,195728,10363,206091,1566
2022-01-18,Alpine,003,1148,117,118,1,119,0
2022-01-18,Amador,005,37829,7163,6691,293,6984,73
2022-01-18,Butte,007,227075,28350,26514,5359,31873,347
2022-01-18,Calaveras,009,45235,6128,5684,170,5854,94
2022-01-18,Colusa,011,21464,3019,2903,911,3814,21
2022-01-18,Contra Costa,013,1133247,160343,149446,9263,158709,1085
2022-01-18,Del Norte,015,27424,4367,4229,97,4326,43
2022-01-18,El Dorado,017,186661,23570,21707,2638,24345,175
2022-01-18,Fresno,019,978130,190022,178922,17325,196247,2425
2022-01-18,Glenn,021,27897,4338,4070,1342,5412,39
2022-01-18,Humboldt,023,135768,14271,13218,1975,15193,125
2022-01-18,Imperial,025,180216,47332,44742,7706,52448,819
2022-01-18,Inyo,027,18085,3785,3654,191,3845,49
2022-01-18,Kern,029,883053,168956,158864,37630,196494,1943
2022-01-18,Kings,031,150075,42582,39440,2721,42161,392
2022-01-18,Lake,033,64148,8558,7919,567,8486,117
2022-01-18,Lassen,035,31185,7718,7461,662,8123,55
2022-01-18,Los Angeles,037,10098052,2397562,2227360,108851,2336211,27871
2022-01-18,Madera,039,155013,31010,28717,3636,32353,329
2022-01-18,Marin,041,260295,28892,27036,1727,28763,251
2022-01-18,Mariposa,043,17540,2022,1872,96,1968,6
2022-01-18,Mendocino,045,87422,11015,10114,1641,11755,103
2022-01-18,Merced,047,269075,54536,51746,4737,56483,718
2022-01-18,Modoc,049,8938,651,633,218,851,6
2022-01-18,Mono,051,14174,2772,2643,98,2741,4
2022-01-18,Monterey,053,433212,66261,57846,7633,65479,650
2022-01-18,Napa,055,140530,21463,19911,614,20525,109
2022-01-18,Nevada,057,99092,13746,12584,806,13390,111
2022-01-18,Orange,059,3164182,493888,461324,36007,497331,5938
2022-01-18,Placer,061,380077,54423,50983,6203,57186,508
2022-01-18,Plumas,063,18699,2365,2218,174,2392,12
2022-01-18,Riverside,065,2383286,529025,497278,24737,522015,5599
2022-01-18,Sacramento,067,1510023,238705,223745,18049,241794,2496
2022-01-18,San Benito,069,59416,11090,10520,373,10893,88
2022-01-18,San Bernardino,071,2135413,511700,483753,21362,505115,6258
2022-01-18,San Diego,073,3302833,649118,605137,41343,646480,4547
2022-01-18,San Francisco,075,870044,105802,96505,6901,103406,694
2022-01-18,San Joaquin,077,732212,144194,134365,7937,142302,1957
2022-01-18,San Luis Obispo,079,281455,44181,40848,2811,43659,381
2022-01-18,San Mateo,081,765935,103045,88225,4906,93131,585
2022-01-18,Santa Barbara,083,443738,71855,67216,3548,70764,581
2022-01-18,Santa Clara,085,1922200,258306,240281,8564,248845,1986
2022-01-18,Santa Cruz,087,273765,35167,32203,1623,33826,237
2022-01-18,Shasta,089,179085,26604,25162,4844,30006,448
2022-01-18,Sierra,091,2930,258,244,28,272,0
2022-01-18,Siskiyou,093,43540,3918,3799,2013,5812,62
2022-01-18,Solano,095,438530,68103,62204,4186,66390,391
2022-01-18,Sonoma,097,501317,69055,63714,1741,65455,419
2022-01-18,Stanislaus,099,539301,103786,98000,13150,111150,1379
2022-01-18,Sutter,101,95872,18053,17295,999,18294,198
2022-01-18,Tehama,103,63373,10478,9975,2147,12122,142
2022-01-18,Trinity,105,12862,1018,907,253,1160,19
2022-01-18,Tulare,107,460477,88522,82667,21997,104664,1196
2022-01-18,Tuolumne,109,53932,10267,9528,281,9809,91
2022-01-18,Ventura,111,848112,154068,143384,8361,151745,1233
2022-01-18,Yolo,113,214977,31011,28786,2453,31239,270
2022-01-18,Yuba,115,75493,13653,12971,756,13727,101
2022-01-17,Alameda,001,1643700,208556,193276,9775,203051,1565
2022-01-17,Alpine,003,1148,116,118,0,118,0
2022-01-17,Amador,005,37829,7048,6640,234,6874,73
2022-01-17,Butte,007,227075,27969,26303,5248,31551,348
2022-01-17,Calaveras,009,45235,5997,5584,142,5726,94
2022-01-17,Colusa,011,21464,2997,2905,905,3810,21
2022-01-17,Contra Costa,013,1133247,157587,147993,8776,156769,1086
2022-01-17,Del Norte,015,27424,4323,4209,89,4298,43
2022-01-17,El Dorado,017,186661,23316,21540,2560,24100,175
2022-01-17,Fresno,019,978130,186534,176959,16854,193813,2426
2022-01-17,Glenn,021,27897,4281,4055,1328,5383,39
2022-01-17,Humboldt,023,135768,14062,13120,1809,14929,125
2022-01-17,Imperial,025,180216,46655,44412,7554,51966,821
2022-01-17,Inyo,027,18085,3763,3650,165,3815,49
2022-01-17,Kern,029,883053,166451,157645,36745,194390,1944
2022-01-17,Kings,031,150075,41444,39143,2591,41734,392
2022-01-17,Lake,033,64148,8412,7864,524,8388,117
2022-01-17,Lassen,035,31185,7621,7417,623,8040,55
2022-01-17,Los Angeles,037,10098052,2358336,2205740,106830,2312570,27832
2022-01-17,Madera,039,155013,30354,28568,3449,32017,329
2022-01-17,Marin,041,260295,28483,26633,1665,28298,251
2022-01-17,Mariposa,043,17540,1996,1862,90,1952,6
2022-01-17,Mendocino,045,87422,10792,10030,1513,11543,103
2022-01-17,Merced,047,269075,53863,51227,4174,55401,718
2022-01-17,Modoc,049,8938,647,630,218,848,6
2022-01-17,Mono,051,14174,2749,2642,96,2738,4
2022-01-17,Monterey,053,433212,65160,57318,7146,64464,647
2022-01-17,Napa,055,140530,21118,19647,591,20238,109
2022-01-17,Nevada,057,99092,13557,12414,766,13180,111
2022-01-17,Orange,059,3164182,487936,457418,35541,492959,5933
2022-01-17,Placer,061,380077,53701,50511,6045,56556,508
2022-01-17,Plumas,063,18699,2338,2205,142,2347,12
2022-01-17,Riverside,065,2383286,522247,491322,24274,515596,5600
2022-01-17,Sacramento,067,1510023,234863,221143,16643,237786,2497
2022-01-17,San Benito,069,59416,10922,10432,345,10777,88
2022-01-17,San Bernardino,071,2135413,505565,480243,20854,501097,6259
2022-01-17,San Diego,073,3302833,637032,569241,40194,609435,4545
2022-01-17,San Francisco,075,870044,104170,95292,6649,101941,694
2022-01-17,San Joaquin,077,732212,141318,133414,7793,141207,1958
2022-01-17,San Luis Obispo,079,281455,43354,40425,2709,43134,379
2022-01-17,San Mateo,081,765935,101122,87013,4645,91658,585
2022-01-17,Santa Barbara,083,443738,70531,66704,3350,70054,581
2022-01-17,Santa Clara,085,1922200,253742,237934,8125,246059,1985
2022-01-17,Santa Cruz,087,273765,34412,31714,1595,33309,237
2022-01-17,Shasta,089,179085,26312,25025,4720,29745,448
2022-01-17,Sierra,091,2930,256,242,28,270,0
2022-01-17,Siskiyou,093,43540,3879,3764,1932,5696,62
2022-01-17,Solano,095,438530,67063,61497,3920,65417,391
2022-01-17,Sonoma,097,501317,67550,62763,1681,64444,419
2022-01-17,Stanislaus,099,539301,102466,96951,12685,109636,1379
2022-01-17,Sutter,101,95872,17849,17159,873,18032,198
2022-01-17,Tehama,103,63373,10343,9912,2080,11992,142
2022-01-17,Trinity,105,12862,1005,906,247,1153,19
2022-01-17,Tulare,107,460477,86896,81741,21426,103167,1199
2022-01-17,Tuolumne,109,53932,10134,9416,248,9664,91
2022-01-17,Ventura,111,848112,151954,142070,8251,150321,1234
2022-01-17,Yolo,113,214977,30504,28638,2386,31024,270
2022-01-17,Yuba,115,75493,13453,12871,700,13571,101
2022-01-16,Alameda,001,1643700,205543,190691,9525,200216,1564
2022-01-16,Alpine,003,1148,116,118,0,118,0
2022-01-16,Amador,005,37829,6974,6618,227,6845,73
2022-01-16,Butte,007,227075,27637,26139,5206,31345,348
2022-01-16,Calaveras,009,45235,5898,5537,138,5675,94
2022-01-16,Colusa,011,21464,2980,2886,894,3780,21
2022-01-16,Contra Costa,013,1133247,155681,146307,8576,154883,1086
2022-01-16,Del Norte,015,27424,4281,4177,88,4265,43
2022-01-16,El Dorado,017,186661,23047,21303,2520,23823,175
2022-01-16,Fresno,019,978130,183899,174818,16509,191327,2425
2022-01-16,Glenn,021,27897,4226,4049,1306,5355,39
2022-01-16,Humboldt,023,135768,13912,13075,1790,14865,125
2022-01-16,Imperial,025,180216,46084,44035,7424,51459,821
2022-01-16,Inyo,027,18085,3726,3602,143,3745,49
2022-01-16,Kern,029,883053,165203,156655,35950,192605,1944
2022-01-16,Kings,031,150075,41080,38861,2563,41424,392
2022-01-16,Lake,033,64148,8307,7823,492,8315,117
2022-01-16,Lassen,035,31185,7578,7391,612,8003,55
2022-01-16,Los Angeles,037,10098052,2335329,2174403,105336,2279739,27805
2022-01-16,Madera,039,155013,29982,28313,3396,31709,329
2022-01-16,Marin,041,260295,28193,26292,1649,27941,251
2022-01-16,Mariposa,043,17540,1968,1851,85,1936,6
2022-01-16,Mendocino,045,87422,10645,9992,1396,11388,102
2022-01-16,Merced,047,269075,53279,50882,4157,55039,718
2022-01-16,Modoc,049,8938,644,629,218,847,6
2022-01-16,Mono,051,14174,2745,2614,94,2708,4
2022-01-16,Monterey,053,433212,64411,57012,7021,64033,647
2022-01-16,Napa,055,140530,20852,19521,580,20101,109
2022-01-16,Nevada,057,99092,13338,12307,744,13051,111
2022-01-16,Orange,059,3164182,482578,451962,34999,486961,5932
2022-01-16,Placer,061,380077,52993,50076,5923,55999,508
2022-01-16,Plumas,063,18699,2308,2204,131,2335,12
2022-01-16,Riverside,065,2383286,516789,485191,24046,509237,5600
2022-01-16,Sacramento,067,1510023,232062,218819,15926,234745,2491
2022-01-16,San Benito,069,59416,10766,10377,343,10720,88
2022-01-16,San Bernardino,071,2135413,501868,474425,20645,495070,6259
2022-01-16,San Diego,073,3302833,629562,569241,39826,609067,4545
2022-01-16,San Francisco,075,870044,102638,94139,6496,100635,694
2022-01-16,San Joaquin,077,732212,139535,132214,7703,139917,1958
2022-01-16,San Luis Obispo,079,281455,42699,40113,2670,42783,379
2022-01-16,San Mateo,081,765935,99625,85966,4545,90511,585
2022-01-16,Santa Barbara,083,443738,69522,66111,3311,69422,582
2022-01-16,Santa Clara,085,1922200,250011,234293,7974,242267,1984
2022-01-16,Santa Cruz,087,273765,33794,31469,1579,33048,237
2022-01-16,Shasta,089,179085,26065,24980,4652,29632,449
2022-01-16,Sierra,091,2930,253,238,28,266,0
2022-01-16,Siskiyou,093,43540,3852,3748,1894,5642,62
2022-01-16,Solano,095,438530,66389,60885,3788,64673,391
2022-01-16,Sonoma,097,501317,66479,61842,1661,63503,419
2022-01-16,Stanislaus,099,539301,101399,96370,12543,108913,1379
2022-01-16,Sutter,101,95872,17648,16996,860,17856,198
2022-01-16,Tehama,103,63373,10267,9868,2060,11928,142
2022-01-16,Trinity,105,12862,1001,889,245,1134,19
2022-01-16,Tulare,107,460477,85666,80867,21169,102036,1199
2022-01-16,Tuolumne,109,53932,10028,9369,240,9609,91
2022-01-16,Ventura,111,848112,150379,140715,8179,148894,1234
2022-01-16,Yolo,113,214977,30128,28481,2329,30810,270
2022-01-16,Yuba,115,75493,13280,12760,694,13454,101
2022-01-15,Alameda,001,1643700,204205,177768,9476,187244,1561
2022-01-15,Alpine,003,1148,116,117,0,117,0
2022-01-15,Amador,005,37829,6942,6434,213,6647,72
2022-01-15,Butte,007,227075,27480,25032,5161,30193,348
2022-01-15,Calaveras,009,45235,5870,5258,138,5396,93
2022-01-15,Colusa,011,21464,2968,2796,887,3683,21
2022-01-15,Contra Costa,013,1133247,154475,137643,8533,146176,1082
2022-01-15,Del Norte,015,27424,4266,4065,87,4152,43
2022-01-15,El Dorado,017,186661,22950,20434,2505,22939,175
2022-01-15,Fresno,019,978130,182993,167361,16442,183803,2415
2022-01-15,Glenn,021,27897,4219,3906,1299,5205,39
2022-01-15,Humboldt,023,135768,13808,12419,1773,14192,123
2022-01-15,Imperial,025,180216,45947,42508,7319,49827,817
2022-01-15,Inyo,027,18085,3716,3395,143,3538,49
2022-01-15,Kern,029,883053,164372,150085,35560,185645,1938
2022-01-15,Kings,031,150075,40833,37221,2552,39773,391
2022-01-15,Lake,033,64148,8270,7641,481,8122,117
2022-01-15,Lassen,035,31185,7544,7274,608,7882,55
2022-01-15,Los Angeles,037,10098052,2323871,2047927,104367,2152294,27641
2022-01-15,Madera,039,155013,29834,27294,3375,30669,329
2022-01-15,Marin,041,260295,28011,25248,1642,26890,251
2022-01-15,Mariposa,043,17540,1961,1762,85,1847,6
2022-01-15,Mendocino,045,87422,10574,9534,1392,10926,102
2022-01-15,Merced,047,269075,53119,48904,4148,53052,715
2022-01-15,Modoc,049,8938,642,628,218,846,6
2022-01-15,Mono,051,14174,2741,2508,93,2601,4
2022-01-15,Monterey,053,433212,63905,55315,6980,62295,647
2022-01-15,Napa,055,140530,20731,17648,575,18223,109
2022-01-15,Nevada,057,99092,13281,11773,731,12504,111
2022-01-15,Orange,059,3164182,479999,433141,34726,467867,5914
2022-01-15,Placer,061,380077,52721,47780,5899,53679,501
2022-01-15,Plumas,063,18699,2289,2158,126,2284,12
2022-01-15,Riverside,065,2383286,514144,466381,23912,490293,5578
2022-01-15,Sacramento,067,1510023,230967,208156,15849,224005,2491
2022-01-15,San Benito,069,59416,10667,9868,337,10205,87
2022-01-15,San Bernardino,071,2135413,499674,454395,20516,474911,6233
2022-01-15,San Diego,073,3302833,625835,559385,39601,598986,4540
2022-01-15,San Francisco,075,870044,101641,88004,6357,94361,692
2022-01-15,San Joaquin,077,732212,138977,125136,7611,132747,1954
2022-01-15,San Luis Obispo,079,281455,42510,38231,2657,40888,374
2022-01-15,San Mateo,081,765935,98666,80494,4503,84997,582
2022-01-15,Santa Barbara,083,443738,68932,62312,3300,65612,579
2022-01-15,Santa Clara,085,1922200,247793,218986,7858,226844,1974
2022-01-15,Santa Cruz,087,273765,33447,29414,1575,30989,235
2022-01-15,Shasta,089,179085,25977,24482,4620,29102,445
2022-01-15,Sierra,091,2930,252,232,27,259,0
2022-01-15,Siskiyou,093,43540,3840,3661,1884,5545,62
2022-01-15,Solano,095,438530,66110,58061,3739,61800,389
2022-01-15,Sonoma,097,501317,65902,58181,1655,59836,418
2022-01-15,Stanislaus,099,539301,100815,92986,12447,105433,1379
2022-01-15,Sutter,101,95872,17558,16345,852,17197,197
2022-01-15,Tehama,103,63373,10219,9572,2045,11617,141
2022-01-15,Trinity,105,12862,998,872,245,1117,19
2022-01-15,Tulare,107,460477,85242,77769,21071,98840,1192
2022-01-15,Tuolumne,109,53932,9931,9042,235,9277,91
2022-01-15,Ventura,111,848112,149607,134736,8143,142879,1227
2022-01-15,Yolo,113,214977,29956,27311,2310,29621,270
2022-01-15,Yuba,115,75493,13218,12200,690,12890,101
2022-01-14,Alameda,001,1643700,202172,177768,9425,187193,1561
2022-01-14,Alpine,003,1148,116,117,0,117,0
2022-01-14,Amador,005,37829,6867,6434,204,6638,72
2022-01-14,Butte,007,227075,27293,25032,5136,30168,348
2022-01-14,Calaveras,009,45235,5836,5258,137,5395,93
2022-01-14,Colusa,011,21464,2959,2796,878,3674,21
2022-01-14,Contra Costa,013,1133247,153036,137643,8433,146076,1082
2022-01-14,Del Norte,015,27424,4239,4065,86,4151,43
2022-01-14,El Dorado,017,186661,22797,20434,2489,22923,175
2022-01-14,Fresno,019,978130,181412,167361,16368,183729,2415
2022-01-14,Glenn,021,27897,4197,3906,1290,5196,39
2022-01-14,Humboldt,023,135768,13702,12419,1740,14159,123
2022-01-14,Imperial,025,180216,45786,42508,7304,49812,817
2022-01-14,Inyo,027,18085,3690,3395,139,3534,49
2022-01-14,Kern,029,883053,163381,150085,35122,185207,1938
2022-01-14,Kings,031,150075,40585,37221,2544,39765,391
2022-01-14,Lake,033,64148,8213,7641,469,8110,117
2022-01-14,Lassen,035,31185,7515,7274,600,7874,55
2022-01-14,Los Angeles,037,10098052,2304719,2047927,103336,2151263,27641
2022-01-14,Madera,039,155013,29596,27294,3352,30646,329
2022-01-14,Marin,041,260295,27754,25248,1599,26847,251
2022-01-14,Mariposa,043,17540,1946,1762,85,1847,6
2022-01-14,Mendocino,045,87422,10464,9534,1378,10912,102
2022-01-14,Merced,047,269075,52940,48904,4128,53032,715
2022-01-14,Modoc,049,8938,641,628,218,846,6
2022-01-14,Mono,051,14174,2721,2508,91,2599,4
2022-01-14,Monterey,053,433212,63226,55315,6908,62223,647
2022-01-14,Napa,055,140530,20556,17648,569,18217,109
2022-01-14,Nevada,057,99092,13161,11773,720,12493,111
2022-01-14,Orange,059,3164182,476277,433141,34433,467574,5914
2022-01-14,Placer,061,380077,52297,47780,5826,53606,501
2022-01-14,Plumas,063,18699,2281,2158,120,2278,12
2022-01-14,Riverside,065,2383286,510651,466381,23769,490150,5578
2022-01-14,Sacramento,067,1510023,229140,208156,15729,223885,2491
2022-01-14,San Benito,069,59416,10614,9868,336,10204,87
2022-01-14,San Bernardino,071,2135413,496632,454395,20343,474738,6233
2022-01-14,San Diego,073,3302833,620274,559385,39362,598747,4540
2022-01-14,San Francisco,075,870044,100467,88004,6178,94182,692
2022-01-14,San Joaquin,077,732212,138128,125136,7562,132698,1954
2022-01-14,San Luis Obispo,079,281455,42345,38231,2634,40865,374
2022-01-14,San Mateo,081,765935,97471,80494,4473,84967,582
2022-01-14,Santa Barbara,083,443738,68421,62312,3290,65602,579
2022-01-14,Santa Clara,085,1922200,245199,218986,7754,226740,1974
2022-01-14,Santa Cruz,087,273765,33089,29414,1569,30983,235
2022-01-14,Shasta,089,179085,25863,24482,4586,29068,445
2022-01-14,Sierra,091,2930,250,232,25,257,0
2022-01-14,Siskiyou,093,43540,3830,3661,1873,5534,62
2022-01-14,Solano,095,438530,65239,58061,3647,61708,389
2022-01-14,Sonoma,097,501317,65373,58181,1630,59811,418
2022-01-14,Stanislaus,099,539301,100204,92986,12349,105335,1379
2022-01-14,Sutter,101,95872,17430,16345,843,17188,197
2022-01-14,Tehama,103,63373,10169,9572,2034,11606,141
2022-01-14,Trinity,105,12862,993,872,244,1116,19
2022-01-14,Tulare,107,460477,84744,77769,20916,98685,1192
2022-01-14,Tuolumne,109,53932,9810,9042,230,9272,91
2022-01-14,Ventura,111,848112,148507,134736,8085,142821,1227
2022-01-14,Yolo,113,214977,29721,27311,2281,29592,270
2022-01-14,Yuba,115,75493,13116,12200,685,12885,101
2022-01-13,Alameda,001,1643700,197875,177768,9065,186833,1561
2022-01-13,Alpine,003,1148,115,117,0,117,0
2022-01-13,Amador,005,37829,6808,6434,183,6617,72
2022-01-13,Butte,007,227075,26992,25032,5025,30057,348
2022-01-13,Calaveras,009,45235,5748,5258,133,5391,93
2022-01-13,Colusa,011,21464,2928,2796,868,3664,21
2022-01-13,Contra Costa,013,1133247,150511,137643,7975,145618,1082
2022-01-13,Del Norte,015,27424,4207,4065,85,4150,43
2022-01-13,El Dorado,017,186661,22554,20434,2445,22879,175
2022-01-13,Fresno,019,978130,178683,167361,16017,183378,2415
2022-01-13,Glenn,021,27897,4150,3906,1264,5170,39
2022-01-13,Humboldt,023,135768,13546,12419,1676,14095,123
2022-01-13,Imperial,025,180216,45252,42508,7124,49632,817
2022-01-13,Inyo,027,18085,3634,3395,122,3517,49
2022-01-13,Kern,029,883053,161820,150085,34517,184602,1938
2022-01-13,Kings,031,150075,40099,37221,2501,39722,391
2022-01-13,Lake,033,64148,8115,7641,451,8092,117
2022-01-13,Lassen,035,31185,7489,7274,582,7856,55
2022-01-13,Los Angeles,037,10098052,2268644,2047927,101639,2149566,27641
2022-01-13,Madera,039,155013,29130,27294,3259,30553,329
2022-01-13,Marin,041,260295,27411,25248,1560,26808,251
2022-01-13,Mariposa,043,17540,1923,1762,82,1844,6
2022-01-13,Mendocino,045,87422,10375,9534,1309,10843,102
2022-01-13,Merced,047,269075,52283,48904,3861,52765,715
2022-01-13,Modoc,049,8938,638,628,218,846,6
2022-01-13,Mono,051,14174,2697,2508,89,2597,4
2022-01-13,Monterey,053,433212,62323,55315,6622,61937,647
2022-01-13,Napa,055,140530,20259,17648,559,18207,109
2022-01-13,Nevada,057,99092,12972,11773,689,12462,111
2022-01-13,Orange,059,3164182,469821,433141,33987,467128,5914
2022-01-13,Placer,061,380077,51668,47780,5715,53495,501
2022-01-13,Plumas,063,18699,2261,2158,110,2268,12
2022-01-13,Riverside,065,2383286,504406,466381,23441,489822,5578
2022-01-13,Sacramento,067,1510023,226219,208156,14918,223074,2491
2022-01-13,San Benito,069,59416,10512,9868,328,10196,87
2022-01-13,San Bernardino,071,2135413,491043,454395,19900,474295,6233
2022-01-13,San Diego,073,3302833,611815,559385,38540,597925,4540
2022-01-13,San Francisco,075,870044,98720,88004,5969,93973,692
2022-01-13,San Joaquin,077,732212,136049,125136,7451,132587,1954
2022-01-13,San Luis Obispo,079,281455,41740,38231,2529,40760,374
2022-01-13,San Mateo,081,765935,95724,80494,4231,84725,582
2022-01-13,Santa Barbara,083,443738,67428,62312,3104,65416,579
2022-01-13,Santa Clara,085,1922200,240916,218986,7421,226407,1974
2022-01-13,Santa Cruz,087,273765,32311,29414,1550,30964,235
2022-01-13,Shasta,089,179085,25653,24482,4512,28994,445
2022-01-13,Sierra,091,2930,249,232,25,257,0
2022-01-13,Siskiyou,093,43540,3809,3661,1828,5489,62
2022-01-13,Solano,095,438530,64091,58061,3536,61597,389
2022-01-13,Sonoma,097,501317,64307,58181,1577,59758,418
2022-01-13,Stanislaus,099,539301,99089,92986,12089,105075,1379
2022-01-13,Sutter,101,95872,17229,16345,789,17134,197
2022-01-13,Tehama,103,63373,10072,9572,1988,11560,141
2022-01-13,Trinity,105,12862,985,872,243,1115,19
2022-01-13,Tulare,107,460477,83558,77769,20606,98375,1192
2022-01-13,Tuolumne,109,53932,9675,9042,210,9252,91
2022-01-13,Ventura,111,848112,146726,134736,8002,142738,1227
2022-01-13,Yolo,113,214977,29322,27311,2237,29548,270
2022-01-13,Yuba,115,75493,12981,12200,657,12857,101
2022-01-12,Alameda,001,1643700,193259,173001,8600,181601,1563
2022-01-12,Alpine,003,1148,115,117,0,117,0
2022-01-12,Amador,005,37829,6761,6354,169,6523,71
2022-01-12,Butte,007,227075,26666,24631,4940,29571,348
2022-01-12,Calaveras,009,45235,5671,5151,127,5278,93
2022-01-12,Colusa,011,21464,2889,2772,853,3625,21
2022-01-12,Contra Costa,013,1133247,147972,134579,7605,142184,1077
2022-01-12,Del Norte,015,27424,4180,4019,83,4102,43
2022-01-12,El Dorado,017,186661,22233,20092,2404,22496,175
2022-01-12,Fresno,019,978130,175986,165316,15644,180960,2413
2022-01-12,Glenn,021,27897,4098,3859,1242,5101,39
2022-01-12,Humboldt,023,135768,13372,12081,1595,13676,122
2022-01-12,Imperial,025,180216,44615,41985,6811,48796,814
2022-01-12,Inyo,027,18085,3588,3334,106,3440,49
2022-01-12,Kern,029,883053,159717,148435,33779,182214,1933
2022-01-12,Kings,031,150075,39462,36780,2460,39240,391
2022-01-12,Lake,033,64148,8000,7535,407,7942,117
2022-01-12,Lassen,035,31185,7446,7223,555,7778,55
2022-01-12,Los Angeles,037,10098052,2229462,2005065,99444,2104509,27601
2022-01-12,Madera,039,155013,28813,26952,3161,30113,329
2022-01-12,Marin,041,260295,26930,24704,1510,26214,251
2022-01-12,Mariposa,043,17540,1894,1725,80,1805,6
2022-01-12,Mendocino,045,87422,10208,9379,1209,10588,103
2022-01-12,Merced,047,269075,51585,48441,3582,52023,710
2022-01-12,Modoc,049,8938,636,627,218,845,6
2022-01-12,Mono,051,14174,2662,2466,85,2551,4
2022-01-12,Monterey,053,433212,61366,54524,6271,60795,647
2022-01-12,Napa,055,140530,20000,17347,536,17883,109
2022-01-12,Nevada,057,99092,12751,11552,640,12192,111
2022-01-12,Orange,059,3164182,463069,425737,33379,459116,5912
2022-01-12,Placer,061,380077,51015,47004,5600,52604,501
2022-01-12,Plumas,063,18699,2233,2135,101,2236,12
2022-01-12,Riverside,065,2383286,497277,458881,23094,481975,5565
2022-01-12,Sacramento,067,1510023,222833,204696,14023,218719,2479
2022-01-12,San Benito,069,59416,10381,9737,316,10053,87
2022-01-12,San Bernardino,071,2135413,484914,447869,19325,467194,6222
2022-01-12,San Diego,073,3302833,601423,551669,37736,589405,4529
2022-01-12,San Francisco,075,870044,96854,85700,5850,91550,691
2022-01-12,San Joaquin,077,732212,133749,122850,7333,130183,1948
2022-01-12,San Luis Obispo,079,281455,41008,37727,2446,40173,373
2022-01-12,San Mateo,081,765935,93723,78476,3849,82325,582
2022-01-12,Santa Barbara,083,443738,66280,60815,2998,63813,578
2022-01-12,Santa Clara,085,1922200,236380,213177,7039,220216,1971
2022-01-12,Santa Cruz,087,273765,31654,28463,1509,29972,235
2022-01-12,Shasta,089,179085,25436,24324,4445,28769,446
2022-01-12,Sierra,091,2930,248,228,25,253,0
2022-01-12,Siskiyou,093,43540,3782,3639,1782,5421,62
2022-01-12,Solano,095,438530,63047,57052,3410,60462,386
2022-01-12,Sonoma,097,501317,63024,56394,1499,57893,417
2022-01-12,Stanislaus,099,539301,97850,91738,11775,103513,1373
2022-01-12,Sutter,101,95872,17030,16135,761,16896,197
2022-01-12,Tehama,103,63373,9987,9475,1926,11401,141
2022-01-12,Trinity,105,12862,982,868,243,1111,19
2022-01-12,Tulare,107,460477,82531,76943,20226,97169,1192
2022-01-12,Tuolumne,109,53932,9549,8870,192,9062,91
2022-01-12,Ventura,111,848112,144841,132180,7922,140102,1220
2022-01-12,Yolo,113,214977,28923,26888,2159,29047,270
2022-01-12,Yuba,115,75493,12824,12015,630,12645,101
2022-01-11,Alameda,001,1643700,188751,169181,8198,177379,1561
2022-01-11,Alpine,003,1148,115,116,0,116,0
2022-01-11,Amador,005,37829,6677,6317,153,6470,71
2022-01-11,Butte,007,227075,26273,24479,4847,29326,347
2022-01-11,Calaveras,009,45235,5543,5083,113,5196,93
2022-01-11,Colusa,011,21464,2865,2766,834,3600,21
2022-01-11,Contra Costa,013,1133247,145008,132410,7123,139533,1077
2022-01-11,Del Norte,015,27424,4145,4006,82,4088,43
2022-01-11,El Dorado,017,186661,21885,19842,2332,22174,174
2022-01-11,Fresno,019,978130,172985,163509,15341,178850,2404
2022-01-11,Glenn,021,27897,4036,3844,1190,5034,39
2022-01-11,Humboldt,023,135768,13144,11960,1500,13460,122
2022-01-11,Imperial,025,180216,44002,41444,6613,48057,813
2022-01-11,Inyo,027,18085,3489,3278,99,3377,49
2022-01-11,Kern,029,883053,157508,146942,32946,179888,1929
2022-01-11,Kings,031,150075,38872,36524,2428,38952,389
2022-01-11,Lake,033,64148,7923,7494,393,7887,117
2022-01-11,Lassen,035,31185,7399,7210,540,7750,55
2022-01-11,Los Angeles,037,10098052,2187540,1966319,97212,2063531,27563
2022-01-11,Madera,039,155013,28396,26688,3078,29766,329
2022-01-11,Marin,041,260295,26577,24387,1464,25851,251
2022-01-11,Mariposa,043,17540,1872,1718,77,1795,6
2022-01-11,Mendocino,045,87422,10045,9301,1110,10411,102
2022-01-11,Merced,047,269075,50822,48068,3398,51466,708
2022-01-11,Modoc,049,8938,635,626,217,843,6
2022-01-11,Mono,051,14174,2618,2425,84,2509,4
2022-01-11,Monterey,053,433212,60330,53911,5919,59830,646
2022-01-11,Napa,055,140530,19558,17020,487,17507,109
2022-01-11,Nevada,057,99092,12523,11467,606,12073,110
2022-01-11,Orange,059,3164182,455461,417703,32744,450447,5909
2022-01-11,Placer,061,380077,50269,46459,5458,51917,500
2022-01-11,Plumas,063,18699,2210,2099,99,2198,12
2022-01-11,Riverside,065,2383286,489619,453766,22770,476536,5551
2022-01-11,Sacramento,067,1510023,218881,201058,12968,214026,2489
2022-01-11,San Benito,069,59416,10241,9624,304,9928,83
2022-01-11,San Bernardino,071,2135413,477433,442960,18737,461697,6198
2022-01-11,San Diego,073,3302833,589539,536954,36716,573670,4520
2022-01-11,San Francisco,075,870044,94630,83678,5676,89354,691
2022-01-11,San Joaquin,077,732212,131371,121139,7203,128342,1944
2022-01-11,San Luis Obispo,079,281455,40234,37183,2327,39510,372
2022-01-11,San Mateo,081,765935,91474,76756,3626,80382,582
2022-01-11,Santa Barbara,083,443738,64980,59758,2861,62619,578
2022-01-11,Santa Clara,085,1922200,230935,208425,6579,215004,1971
2022-01-11,Santa Cruz,087,273765,31149,27709,1463,29172,232
2022-01-11,Shasta,089,179085,25182,24132,4348,28480,446
2022-01-11,Sierra,091,2930,246,228,24,252,0
2022-01-11,Siskiyou,093,43540,3757,3621,1730,5351,62
2022-01-11,Solano,095,438530,61614,56349,3255,59604,388
2022-01-11,Sonoma,097,501317,61505,55411,1420,56831,416
2022-01-11,Stanislaus,099,539301,96483,90998,11439,102437,1372
2022-01-11,Sutter,101,95872,16830,15993,709,16702,197
2022-01-11,Tehama,103,63373,9856,9406,1879,11285,140
2022-01-11,Trinity,105,12862,970,858,241,1099,19
2022-01-11,Tulare,107,460477,81322,76267,19829,96096,1188
2022-01-11,Tuolumne,109,53932,9392,8811,185,8996,91
2022-01-11,Ventura,111,848112,142613,129548,7789,137337,1220
2022-01-11,Yolo,113,214977,28374,26482,2095,28577,270
2022-01-11,Yuba,115,75493,12649,11912,609,12521,101
2022-01-10,Alameda,001,1643700,183646,165657,7676,173333,1559
2022-01-10,Alpine,003,1148,115,116,0,116,0
2022-01-10,Amador,005,37829,6573,6279,136,6415,71
2022-01-10,Butte,007,227075,25930,24217,4743,28960,347
2022-01-10,Calaveras,009,45235,5444,5025,107,5132,93
2022-01-10,Colusa,011,21464,2837,2758,826,3584,21
2022-01-10,Contra Costa,013,1133247,142285,129951,6606,136557,1077
2022-01-10,Del Norte,015,27424,4123,3970,82,4052,43
2022-01-10,El Dorado,017,186661,21318,19606,2276,21882,172
2022-01-10,Fresno,019,978130,169997,161593,14993,176586,2404
2022-01-10,Glenn,021,27897,3976,3807,1177,4984,39
2022-01-10,Humboldt,023,135768,12897,11778,1369,13147,121
2022-01-10,Imperial,025,180216,43296,41080,6415,47495,811
2022-01-10,Inyo,027,18085,3435,3227,87,3314,49
2022-01-10,Kern,029,883053,154959,145744,32188,177932,1929
2022-01-10,Kings,031,150075,38238,36286,2390,38676,389
2022-01-10,Lake,033,64148,7834,7416,368,7784,117
2022-01-10,Lassen,035,31185,7362,7192,519,7711,55
2022-01-10,Los Angeles,037,10098052,2142738,1932475,94817,2027292,27546
2022-01-10,Madera,039,155013,27943,26501,2980,29481,328
2022-01-10,Marin,041,260295,26089,24023,1391,25414,251
2022-01-10,Mariposa,043,17540,1831,1684,71,1755,6
2022-01-10,Mendocino,045,87422,9872,9163,1022,10185,101
2022-01-10,Merced,047,269075,50023,47632,3094,50726,707
2022-01-10,Modoc,049,8938,634,622,215,837,6
2022-01-10,Mono,051,14174,2552,2415,79,2494,4
2022-01-10,Monterey,053,433212,59378,53485,5603,59088,645
2022-01-10,Napa,055,140530,19178,16775,472,17247,109
2022-01-10,Nevada,057,99092,12295,11300,568,11868,110
2022-01-10,Orange,059,3164182,446853,406170,31906,438076,5906
2022-01-10,Placer,061,380077,49417,45642,5304,50946,498
2022-01-10,Plumas,063,18699,2190,2086,97,2183,12
2022-01-10,Riverside,065,2383286,481445,445536,22315,467851,5546
2022-01-10,Sacramento,067,1510023,214640,198023,11943,209966,2474
2022-01-10,San Benito,069,59416,10070,9467,294,9761,83
2022-01-10,San Bernardino,071,2135413,469425,437207,18029,455236,6184
2022-01-10,San Diego,073,3302833,576963,530506,35636,566142,4500
2022-01-10,San Francisco,075,870044,92820,82209,5390,87599,690
2022-01-10,San Joaquin,077,732212,128693,119587,7005,126592,1927
2022-01-10,San Luis Obispo,079,281455,39424,36618,2229,38847,371
2022-01-10,San Mateo,081,765935,88863,75210,3367,78577,582
2022-01-10,Santa Barbara,083,443738,63719,58957,2666,61623,578
2022-01-10,Santa Clara,085,1922200,225079,203540,6095,209635,1971
2022-01-10,Santa Cruz,087,273765,30300,26906,1428,28334,232
2022-01-10,Shasta,089,179085,24982,23983,4272,28255,446
2022-01-10,Sierra,091,2930,243,223,24,247,0
2022-01-10,Siskiyou,093,43540,3723,3592,1686,5278,62
2022-01-10,Solano,095,438530,60569,55663,3049,58712,385
2022-01-10,Sonoma,097,501317,59962,54478,1379,55857,412
2022-01-10,Stanislaus,099,539301,95152,89997,11127,101124,1372
2022-01-10,Sutter,101,95872,16588,15823,664,16487,196
2022-01-10,Tehama,103,63373,9745,9360,1827,11187,140
2022-01-10,Trinity,105,12862,966,849,239,1088,19
2022-01-10,Tulare,107,460477,79924,75498,19426,94924,1186
2022-01-10,Tuolumne,109,53932,9269,8685,174,8859,91
2022-01-10,Ventura,111,848112,140024,126240,7649,133889,1217
2022-01-10,Yolo,113,214977,27820,26065,2043,28108,270
2022-01-10,Yuba,115,75493,12399,11776,574,12350,101
2022-01-09,Alameda,001,1643700,179173,162701,6994,169695,1561
2022-01-09,Alpine,003,1148,115,116,0,116,0
2022-01-09,Amador,005,37829,6487,6215,124,6339,71
2022-01-09,Butte,007,227075,25542,24018,4617,28635,347
2022-01-09,Calaveras,009,45235,5315,4976,98,5074,93
2022-01-09,Colusa,011,21464,2809,2750,809,3559,21
2022-01-09,Contra Costa,013,1133247,139448,128050,5951,134001,1077
2022-01-09,Del Norte,015,27424,4082,3950,76,4026,43
2022-01-09,El Dorado,017,186661,20954,19430,2208,21638,172
2022-01-09,Fresno,019,978130,167465,159989,14662,174651,2405
2022-01-09,Glenn,021,27897,3920,3797,1150,4947,39
2022-01-09,Humboldt,023,135768,12649,11582,1243,12825,121
2022-01-09,Imperial,025,180216,42464,40608,6179,46787,811
2022-01-09,Inyo,027,18085,3333,3149,78,3227,49
2022-01-09,Kern,029,883053,152507,144819,31426,176245,1927
2022-01-09,Kings,031,150075,37555,36041,2351,38392,389
2022-01-09,Lake,033,64148,7723,7393,324,7717,117
2022-01-09,Lassen,035,31185,7299,7172,490,7662,55
2022-01-09,Los Angeles,037,10098052,2095802,1887830,91872,1979702,27532
2022-01-09,Madera,039,155013,27559,26325,2877,29202,328
2022-01-09,Marin,041,260295,25637,23708,1297,25005,251
2022-01-09,Mariposa,043,17540,1781,1660,70,1730,6
2022-01-09,Mendocino,045,87422,9659,9097,913,10010,101
2022-01-09,Merced,047,269075,49156,47294,2820,50114,706
2022-01-09,Modoc,049,8938,632,619,215,834,6
2022-01-09,Mono,051,14174,2517,2390,70,2460,4
2022-01-09,Monterey,053,433212,58329,53251,5311,58562,645
2022-01-09,Napa,055,140530,18683,16614,455,17069,109
2022-01-09,Nevada,057,99092,12033,11152,504,11656,110
2022-01-09,Orange,059,3164182,436945,400563,30978,431541,5905
2022-01-09,Placer,061,380077,48439,45081,5163,50244,498
2022-01-09,Plumas,063,18699,2157,2081,75,2156,12
2022-01-09,Riverside,065,2383286,472564,440413,21770,462183,5546
2022-01-09,Sacramento,067,1510023,210054,195444,10818,206262,2475
2022-01-09,San Benito,069,59416,9884,9363,266,9629,83
2022-01-09,San Bernardino,071,2135413,461591,430257,17235,447492,6180
2022-01-09,San Diego,073,3302833,563912,478206,33833,512039,4500
2022-01-09,San Francisco,075,870044,90947,80463,5112,85575,690
2022-01-09,San Joaquin,077,732212,125616,118422,6862,125284,1927
2022-01-09,San Luis Obispo,079,281455,38611,36291,2121,38412,371
2022-01-09,San Mateo,081,765935,86409,73867,3036,76903,582
2022-01-09,Santa Barbara,083,443738,62036,58280,2404,60684,578
2022-01-09,Santa Clara,085,1922200,218964,199889,5547,205436,1976
2022-01-09,Santa Cruz,087,273765,29545,26513,1398,27911,232
2022-01-09,Shasta,089,179085,24748,23926,4184,28110,446
2022-01-09,Sierra,091,2930,240,223,23,246,0
2022-01-09,Siskiyou,093,43540,3694,3580,1617,5197,62
2022-01-09,Solano,095,438530,59406,54985,2774,57759,384
2022-01-09,Sonoma,097,501317,58289,53543,1344,54887,412
2022-01-09,Stanislaus,099,539301,93773,89248,10876,100124,1372
2022-01-09,Sutter,101,95872,16305,15695,590,16285,196
2022-01-09,Tehama,103,63373,9624,9306,1777,11083,140
2022-01-09,Trinity,105,12862,962,848,239,1087,19
2022-01-09,Tulare,107,460477,78595,75085,19067,94152,1186
2022-01-09,Tuolumne,109,53932,9116,8595,157,8752,91
2022-01-09,Ventura,111,848112,136968,124269,7419,131688,1217
2022-01-09,Yolo,113,214977,27232,25632,1999,27631,270
2022-01-09,Yuba,115,75493,12203,11666,544,12210,101
2022-01-08,Alameda,001,1643700,177255,148560,6849,155409,1558
2022-01-08,Alpine,003,1148,115,114,0,114,0
2022-01-08,Amador,005,37829,6453,6091,119,6210,71
2022-01-08,Butte,007,227075,25362,23429,4584,28013,347
2022-01-08,Calaveras,009,45235,5269,4823,94,4917,93
2022-01-08,Colusa,011,21464,2801,2713,806,3519,21
2022-01-08,Contra Costa,013,1133247,137954,119907,5877,125784,1077
2022-01-08,Del Norte,015,27424,4065,3902,76,3978,43
2022-01-08,El Dorado,017,186661,20774,18599,2174,20773,172
2022-01-08,Fresno,019,978130,166586,155394,14574,169968,2393
2022-01-08,Glenn,021,27897,3912,3732,1148,4880,39
2022-01-08,Humboldt,023,135768,12529,11149,1217,12366,121
2022-01-08,Imperial,025,180216,42280,39429,6038,45467,800
2022-01-08,Inyo,027,18085,3319,3020,75,3095,49
2022-01-08,Kern,029,883053,151377,140410,30988,171398,1921
2022-01-08,Kings,031,150075,37317,35275,2340,37615,390
2022-01-08,Lake,033,64148,7683,7209,315,7524,117
2022-01-08,Lassen,035,31185,7273,7127,475,7602,55
2022-01-08,Los Angeles,037,10098052,2077545,1765787,90128,1855915,27476
2022-01-08,Madera,039,155013,27392,25767,2840,28607,328
2022-01-08,Marin,041,260295,25352,22377,1285,23662,251
2022-01-08,Mariposa,043,17540,1771,1588,70,1658,6
2022-01-08,Mendocino,045,87422,9584,8792,911,9703,101
2022-01-08,Merced,047,269075,48986,46094,2807,48901,703
2022-01-08,Modoc,049,8938,632,610,215,825,6
2022-01-08,Mono,051,14174,2508,2240,67,2307,4
2022-01-08,Monterey,053,433212,57950,51721,5233,56954,644
2022-01-08,Napa,055,140530,18529,15819,428,16247,109
2022-01-08,Nevada,057,99092,11950,10765,492,11257,110
2022-01-08,Orange,059,3164182,433158,375124,30136,405260,5903
2022-01-08,Placer,061,380077,48000,43172,5125,48297,495
2022-01-08,Plumas,063,18699,2148,2053,71,2124,12
2022-01-08,Riverside,065,2383286,469068,422591,21498,444089,5535
2022-01-08,Sacramento,067,1510023,208667,185118,10695,195813,2470
2022-01-08,San Benito,069,59416,9720,9016,263,9279,83
2022-01-08,San Bernardino,071,2135413,458377,411724,16851,428575,6122
2022-01-08,San Diego,073,3302833,559069,472273,33329,505602,4495
2022-01-08,San Francisco,075,870044,89736,73660,4835,78495,690
2022-01-08,San Joaquin,077,732212,124647,112514,6765,119279,1916
2022-01-08,San Luis Obispo,079,281455,38408,34489,2078,36567,369
2022-01-08,San Mateo,081,765935,85060,67918,2949,70867,582
2022-01-08,Santa Barbara,083,443738,61343,54617,2371,56988,575
2022-01-08,Santa Clara,085,1922200,215911,183842,5343,189185,1966
2022-01-08,Santa Cruz,087,273765,29115,24678,1387,26065,230
2022-01-08,Shasta,089,179085,24660,23585,4152,27737,445
2022-01-08,Sierra,091,2930,236,215,23,238,0
2022-01-08,Siskiyou,093,43540,3682,3545,1605,5150,62
2022-01-08,Solano,095,438530,58995,52452,2704,55156,383
2022-01-08,Sonoma,097,501317,57772,50130,1311,51441,411
2022-01-08,Stanislaus,099,539301,93132,87049,10770,97819,1372
2022-01-08,Sutter,101,95872,16189,15261,578,15839,195
2022-01-08,Tehama,103,63373,9593,9109,1772,10881,140
2022-01-08,Trinity,105,12862,956,836,239,1075,19
2022-01-08,Tulare,107,460477,78214,73600,18943,92543,1185
2022-01-08,Tuolumne,109,53932,9009,8360,154,8514,91
2022-01-08,Ventura,111,848112,135801,117229,7290,124519,1216
2022-01-08,Yolo,113,214977,26944,24006,1972,25978,270
2022-01-08,Yuba,115,75493,12117,11277,541,11818,101
2022-01-07,Alameda,001,1643700,174595,148560,6740,155300,1558
2022-01-07,Alpine,003,1148,115,114,0,114,0
2022-01-07,Amador,005,37829,6404,6091,116,6207,71
2022-01-07,Butte,007,227075,25157,23429,4557,27986,347
2022-01-07,Calaveras,009,45235,5232,4823,94,4917,93
2022-01-07,Colusa,011,21464,2793,2713,799,3512,21
2022-01-07,Contra Costa,013,1133247,136102,119907,5754,125661,1077
2022-01-07,Del Norte,015,27424,4049,3902,75,3977,43
2022-01-07,El Dorado,017,186661,20614,18599,2160,20759,172
2022-01-07,Fresno,019,978130,165251,155394,14492,169886,2393
2022-01-07,Glenn,021,27897,3893,3732,1146,4878,39
2022-01-07,Humboldt,023,135768,12383,11149,1190,12339,121
2022-01-07,Imperial,025,180216,42123,39429,5963,45392,800
2022-01-07,Inyo,027,18085,3300,3020,73,3093,49
2022-01-07,Kern,029,883053,150418,140410,30542,170952,1921
2022-01-07,Kings,031,150075,37138,35275,2327,37602,390
2022-01-07,Lake,033,64148,7636,7209,291,7500,117
2022-01-07,Lassen,035,31185,7259,7127,472,7599,55
2022-01-07,Los Angeles,037,10098052,2046875,1765787,88662,1854449,27476
2022-01-07,Madera,039,155013,27211,25767,2812,28579,328
2022-01-07,Marin,041,260295,24970,22377,1274,23651,251
2022-01-07,Mariposa,043,17540,1755,1588,70,1658,6
2022-01-07,Mendocino,045,87422,9491,8792,910,9702,101
2022-01-07,Merced,047,269075,48819,46094,2791,48885,703
2022-01-07,Modoc,049,8938,631,610,215,825,6
2022-01-07,Mono,051,14174,2470,2240,61,2301,4
2022-01-07,Monterey,053,433212,57536,51721,5152,56873,644
2022-01-07,Napa,055,140530,18302,15819,407,16226,109
2022-01-07,Nevada,057,99092,11823,10765,474,11239,110
2022-01-07,Orange,059,3164182,428380,375124,29540,404664,5903
2022-01-07,Placer,061,380077,47495,43172,5083,48255,495
2022-01-07,Plumas,063,18699,2139,2053,70,2123,12
2022-01-07,Riverside,065,2383286,465274,422591,21269,443860,5535
2022-01-07,Sacramento,067,1510023,206511,185118,10572,195690,2470
2022-01-07,San Benito,069,59416,9674,9016,262,9278,83
2022-01-07,San Bernardino,071,2135413,454629,411724,16632,428356,6122
2022-01-07,San Diego,073,3302833,551968,472273,32824,505097,4495
2022-01-07,San Francisco,075,870044,88281,73660,4569,78229,690
2022-01-07,San Joaquin,077,732212,123707,112514,6708,119222,1916
2022-01-07,San Luis Obispo,079,281455,38191,34489,2023,36512,369
2022-01-07,San Mateo,081,765935,83625,67918,2890,70808,582
2022-01-07,Santa Barbara,083,443738,60646,54617,2350,56967,575
2022-01-07,Santa Clara,085,1922200,212659,183842,5232,189074,1966
2022-01-07,Santa Cruz,087,273765,28635,24678,1374,26052,230
2022-01-07,Shasta,089,179085,24566,23585,4118,27703,445
2022-01-07,Sierra,091,2930,233,215,23,238,0
2022-01-07,Siskiyou,093,43540,3673,3545,1596,5141,62
2022-01-07,Solano,095,438530,58285,52452,2663,55115,383
2022-01-07,Sonoma,097,501317,57171,50130,1276,51406,411
2022-01-07,Stanislaus,099,539301,92604,87049,10685,97734,1372
2022-01-07,Sutter,101,95872,16041,15261,569,15830,195
2022-01-07,Tehama,103,63373,9556,9109,1760,10869,140
2022-01-07,Trinity,105,12862,949,836,238,1074,19
2022-01-07,Tulare,107,460477,77804,73600,18808,92408,1185
2022-01-07,Tuolumne,109,53932,8922,8360,150,8510,91
2022-01-07,Ventura,111,848112,134189,117229,7163,124392,1216
2022-01-07,Yolo,113,214977,26585,24006,1952,25958,270
2022-01-07,Yuba,115,75493,12013,11277,537,11814,101
2022-01-06,Alameda,001,1643700,169242,148560,6330,154890,1558
2022-01-06,Alpine,003,1148,114,114,0,114,0
2022-01-06,Amador,005,37829,6353,6091,110,6201,71
2022-01-06,Butte,007,227075,24866,23429,4481,27910,347
2022-01-06,Calaveras,009,45235,5112,4823,92,4915,93
2022-01-06,Colusa,011,21464,2770,2713,791,3504,21
2022-01-06,Contra Costa,013,1133247,133257,119907,5339,125246,1077
2022-01-06,Del Norte,015,27424,4014,3902,73,3975,43
2022-01-06,El Dorado,017,186661,20280,18599,2120,20719,172
2022-01-06,Fresno,019,978130,163153,155394,14258,169652,2393
2022-01-06,Glenn,021,27897,3865,3732,1118,4850,39
2022-01-06,Humboldt,023,135768,12150,11149,1150,12299,121
2022-01-06,Imperial,025,180216,41538,39429,5778,45207,800
2022-01-06,Inyo,027,18085,3261,3020,73,3093,49
2022-01-06,Kern,029,883053,148791,140410,29862,170272,1921
2022-01-06,Kings,031,150075,36800,35275,2301,37576,390
2022-01-06,Lake,033,64148,7563,7209,279,7488,117
2022-01-06,Lassen,035,31185,7237,7127,466,7593,55
2022-01-06,Los Angeles,037,10098052,1993553,1765787,86311,1852098,27476
2022-01-06,Madera,039,155013,26902,25767,2756,28523,328
2022-01-06,Marin,041,260295,24563,22377,1242,23619,251
2022-01-06,Mariposa,043,17540,1736,1588,68,1656,6
2022-01-06,Mendocino,045,87422,9397,8792,869,9661,101
2022-01-06,Merced,047,269075,48269,46094,2660,48754,703
2022-01-06,Modoc,049,8938,630,610,215,825,6
2022-01-06,Mono,051,14174,2447,2240,58,2298,4
2022-01-06,Monterey,053,433212,56826,51721,4906,56627,644
2022-01-06,Napa,055,140530,17903,15819,398,16217,109
2022-01-06,Nevada,057,99092,11625,10765,463,11228,110
2022-01-06,Orange,059,3164182,419027,375124,28812,403936,5903
2022-01-06,Placer,061,380077,46751,43172,5007,48179,495
2022-01-06,Plumas,063,18699,2125,2053,64,2117,12
2022-01-06,Riverside,065,2383286,457833,422591,20972,443563,5535
2022-01-06,Sacramento,067,1510023,202657,185118,9843,194961,2470
2022-01-06,San Benito,069,59416,9573,9016,255,9271,83
2022-01-06,San Bernardino,071,2135413,447508,411724,16165,427889,6122
2022-01-06,San Diego,073,3302833,540387,472273,31870,504143,4495
2022-01-06,San Francisco,075,870044,85926,73660,4310,77970,690
2022-01-06,San Joaquin,077,732212,121578,112514,6627,119141,1916
2022-01-06,San Luis Obispo,079,281455,37489,34489,1951,36440,369
2022-01-06,San Mateo,081,765935,81277,67918,2710,70628,582
2022-01-06,Santa Barbara,083,443738,59485,54617,2290,56907,575
2022-01-06,Santa Clara,085,1922200,207734,183842,4846,188688,1966
2022-01-06,Santa Cruz,087,273765,28075,24678,1357,26035,230
2022-01-06,Shasta,089,179085,24420,23585,4068,27653,445
2022-01-06,Sierra,091,2930,229,215,23,238,0
2022-01-06,Siskiyou,093,43540,3657,3545,1553,5098,62
2022-01-06,Solano,095,438530,57270,52452,2494,54946,383
2022-01-06,Sonoma,097,501317,55788,50130,1251,51381,411
2022-01-06,Stanislaus,099,539301,91452,87049,10523,97572,1372
2022-01-06,Sutter,101,95872,15865,15261,548,15809,195
2022-01-06,Tehama,103,63373,9481,9109,1732,10841,140
2022-01-06,Trinity,105,12862,942,836,237,1073,19
2022-01-06,Tulare,107,460477,77131,73600,18638,92238,1185
2022-01-06,Tuolumne,109,53932,8813,8360,145,8505,91
2022-01-06,Ventura,111,848112,131501,117229,7008,124237,1216
2022-01-06,Yolo,113,214977,26061,24006,1908,25914,270
2022-01-06,Yuba,115,75493,11879,11277,520,11797,101
2022-01-05,Alameda,001,1643700,164106,144824,5896,150720,1548
2022-01-05,Alpine,003,1148,114,112,0,112,0
2022-01-05,Amador,005,37829,6309,6012,107,6119,70
2022-01-05,Butte,007,227075,24560,23134,4426,27560,343
2022-01-05,Calaveras,009,45235,5057,4758,90,4848,90
2022-01-05,Colusa,011,21464,2756,2704,780,3484,21
2022-01-05,Contra Costa,013,1133247,130256,117188,4895,122083,1071
2022-01-05,Del Norte,015,27424,3993,3862,71,3933,43
2022-01-05,El Dorado,017,186661,19893,18367,2090,20457,171
2022-01-05,Fresno,019,978130,161153,153033,14027,167060,2377
2022-01-05,Glenn,021,27897,3818,3700,1109,4809,39
2022-01-05,Humboldt,023,135768,11944,10938,1100,12038,120
2022-01-05,Imperial,025,180216,40911,38789,5641,44430,800
2022-01-05,Inyo,027,18085,3178,2939,69,3008,49
2022-01-05,Kern,029,883053,147034,138186,29283,167469,1913
2022-01-05,Kings,031,150075,36456,34893,2284,37177,387
2022-01-05,Lake,033,64148,7481,7129,261,7390,117
2022-01-05,Lassen,035,31185,7218,7077,458,7535,55
2022-01-05,Los Angeles,037,10098052,1938208,1729640,84057,1813697,27443
2022-01-05,Madera,039,155013,26660,25392,2675,28067,327
2022-01-05,Marin,041,260295,24225,21829,1193,23022,251
2022-01-05,Mariposa,043,17540,1710,1564,67,1631,6
2022-01-05,Mendocino,045,87422,9266,8625,834,9459,101
2022-01-05,Merced,047,269075,47690,45721,2533,48254,700
2022-01-05,Modoc,049,8938,627,603,215,818,6
2022-01-05,Mono,051,14174,2427,2201,54,2255,4
2022-01-05,Monterey,053,433212,56015,51241,4721,55962,639
2022-01-05,Napa,055,140530,17540,15494,366,15860,108
2022-01-05,Nevada,057,99092,11423,10624,447,11071,110
2022-01-05,Orange,059,3164182,409057,366139,27767,393906,5869
2022-01-05,Placer,061,380077,45873,42456,4912,47368,492
2022-01-05,Plumas,063,18699,2109,2020,63,2083,12
2022-01-05,Riverside,065,2383286,450433,415253,20622,435875,5502
2022-01-05,Sacramento,067,1510023,198107,181488,8899,190387,2455
2022-01-05,San Benito,069,59416,9379,8829,243,9072,83
2022-01-05,San Bernardino,071,2135413,439416,405323,15627,420950,6085
2022-01-05,San Diego,073,3302833,526875,466602,30982,497584,4495
2022-01-05,San Francisco,075,870044,83342,71405,4174,75579,686
2022-01-05,San Joaquin,077,732212,119062,110497,6549,117046,1903
2022-01-05,San Luis Obispo,079,281455,36693,34066,1872,35938,369
2022-01-05,San Mateo,081,765935,79176,66018,2512,68530,578
2022-01-05,Santa Barbara,083,443738,58181,53082,2210,55292,570
2022-01-05,Santa Clara,085,1922200,201912,178629,4432,183061,1961
2022-01-05,Santa Cruz,087,273765,27322,24394,1341,25735,229
2022-01-05,Shasta,089,179085,24261,23361,4039,27400,441
2022-01-05,Sierra,091,2930,226,210,22,232,0
2022-01-05,Siskiyou,093,43540,3647,3513,1526,5039,60
2022-01-05,Solano,095,438530,56237,51505,2365,53870,380
2022-01-05,Sonoma,097,501317,54523,49120,1083,50203,412
2022-01-05,Stanislaus,099,539301,90464,86248,10371,96619,1360
2022-01-05,Sutter,101,95872,15662,15117,509,15626,193
2022-01-05,Tehama,103,63373,9385,9011,1701,10712,140
2022-01-05,Trinity,105,12862,939,822,235,1057,19
2022-01-05,Tulare,107,460477,76408,72718,18463,91181,1173
2022-01-05,Tuolumne,109,53932,8719,8223,138,8361,90
2022-01-05,Ventura,111,848112,128755,114752,6803,121555,1211
2022-01-05,Yolo,113,214977,25480,23401,1866,25267,269
2022-01-05,Yuba,115,75493,11696,11138,495,11633,100
2022-01-04,Alameda,001,1643700,158541,143360,5485,148845,1532
2022-01-04,Alpine,003,1148,114,113,0,113,0
2022-01-04,Amador,005,37829,6242,6025,102,6127,71
2022-01-04,Butte,007,227075,24262,23094,4361,27455,346
2022-01-04,Calaveras,009,45235,4981,4767,87,4854,93
2022-01-04,Colusa,011,21464,2737,2689,773,3462,21
2022-01-04,Contra Costa,013,1133247,127209,116005,4537,120542,1075
2022-01-04,Del Norte,015,27424,3961,3882,69,3951,43
2022-01-04,El Dorado,017,186661,19534,18339,2067,20406,172
2022-01-04,Fresno,019,978130,159011,153244,13832,167076,2380
2022-01-04,Glenn,021,27897,3787,3705,1095,4800,39
2022-01-04,Humboldt,023,135768,11683,10865,1051,11916,120
2022-01-04,Imperial,025,180216,40310,38596,5378,43974,800
2022-01-04,Inyo,027,18085,3094,2870,68,2938,49
2022-01-04,Kern,029,883053,145118,138245,28689,166934,1916
2022-01-04,Kings,031,150075,36142,34931,2268,37199,388
2022-01-04,Lake,033,64148,7440,7152,250,7402,117
2022-01-04,Lassen,035,31185,7195,7111,454,7565,55
2022-01-04,Los Angeles,037,10098052,1878750,1705253,81751,1787004,27419
2022-01-04,Madera,039,155013,26315,25425,2611,28036,328
2022-01-04,Marin,041,260295,23748,21675,1135,22810,251
2022-01-04,Mariposa,043,17540,1674,1564,66,1630,6
2022-01-04,Mendocino,045,87422,9142,8636,811,9447,101
2022-01-04,Merced,047,269075,47079,45583,2405,47988,700
2022-01-04,Modoc,049,8938,624,611,215,826,6
2022-01-04,Mono,051,14174,2378,2190,44,2234,4
2022-01-04,Monterey,053,433212,55294,51176,4535,55711,643
2022-01-04,Napa,055,140530,17038,15370,336,15706,107
2022-01-04,Nevada,057,99092,11266,10608,434,11042,110
2022-01-04,Orange,059,3164182,398377,362051,26627,388678,5897
2022-01-04,Placer,061,380077,45036,42285,4801,47086,494
2022-01-04,Plumas,063,18699,2095,2014,61,2075,12
2022-01-04,Riverside,065,2383286,441967,413366,20265,433631,5504
2022-01-04,Sacramento,067,1510023,193419,181271,8180,189451,2453
2022-01-04,San Benito,069,59416,9191,8763,235,8998,79
2022-01-04,San Bernardino,071,2135413,431023,404409,15097,419506,6060
2022-01-04,San Diego,073,3302833,510499,458499,30106,488605,4487
2022-01-04,San Francisco,075,870044,80469,70666,4028,74694,688
2022-01-04,San Joaquin,077,732212,116661,110374,6417,116791,1911
2022-01-04,San Luis Obispo,079,281455,35882,33788,1786,35574,371
2022-01-04,San Mateo,081,765935,76927,65157,2324,67481,582
2022-01-04,Santa Barbara,083,443738,56659,52449,2133,54582,574
2022-01-04,Santa Clara,085,1922200,195905,176854,3969,180823,1964
2022-01-04,Santa Cruz,087,273765,26559,23904,1314,25218,228
2022-01-04,Shasta,089,179085,24118,23366,3985,27351,442
2022-01-04,Sierra,091,2930,225,214,22,236,0
2022-01-04,Siskiyou,093,43540,3631,3509,1507,5016,61
2022-01-04,Solano,095,438530,54939,51300,2171,53471,383
2022-01-04,Sonoma,097,501317,52813,48653,958,49611,410
2022-01-04,Stanislaus,099,539301,89408,86107,10219,96326,1361
2022-01-04,Sutter,101,95872,15509,15032,484,15516,193
2022-01-04,Tehama,103,63373,9309,9020,1680,10700,140
2022-01-04,Trinity,105,12862,933,833,231,1064,18
2022-01-04,Tulare,107,460477,75655,72893,18271,91164,1172
2022-01-04,Tuolumne,109,53932,8611,8235,133,8368,91
2022-01-04,Ventura,111,848112,125686,114079,6572,120651,1213
2022-01-04,Yolo,113,214977,24862,22938,1825,24763,270
2022-01-04,Yuba,115,75493,11517,11104,482,11586,101
2022-01-03,Alameda,001,1643700,152522,142090,5047,147137,1529
2022-01-03,Alpine,003,1148,113,113,0,113,0
2022-01-03,Amador,005,37829,6183,6004,97,6101,71
2022-01-03,Butte,007,227075,23965,22924,4310,27234,345
2022-01-03,Calaveras,009,45235,4922,4742,82,4824,93
2022-01-03,Colusa,011,21464,2728,2683,766,3449,21
2022-01-03,Contra Costa,013,1133247,124000,114966,3951,118917,1073
2022-01-03,Del Norte,015,27424,3941,3873,66,3939,43
2022-01-03,El Dorado,017,186661,19137,18183,2041,20224,172
2022-01-03,Fresno,019,978130,157038,152674,13650,166324,2379
2022-01-03,Glenn,021,27897,3760,3703,1055,4758,39
2022-01-03,Humboldt,023,135768,11473,10784,1002,11786,119
2022-01-03,Imperial,025,180216,39694,38411,5202,43613,800
2022-01-03,Inyo,027,18085,3025,2845,64,2909,49
2022-01-03,Kern,029,883053,143145,137773,28090,165863,1916
2022-01-03,Kings,031,150075,35825,34817,2231,37048,387
2022-01-03,Lake,033,64148,7339,7134,233,7367,117
2022-01-03,Lassen,035,31185,7177,7103,452,7555,55
2022-01-03,Los Angeles,037,10098052,1818613,1686203,79017,1765220,27394
2022-01-03,Madera,039,155013,26022,25323,2569,27892,320
2022-01-03,Marin,041,260295,23159,21532,1096,22628,251
2022-01-03,Mariposa,043,17540,1632,1559,66,1625,6
2022-01-03,Mendocino,045,87422,8997,8573,761,9334,101
2022-01-03,Merced,047,269075,46489,45459,2300,47759,696
2022-01-03,Modoc,049,8938,621,602,215,817,6
2022-01-03,Mono,051,14174,2294,2172,39,2211,4
2022-01-03,Monterey,053,433212,54480,51047,4340,55387,644
2022-01-03,Napa,055,140530,16530,15260,303,15563,107
2022-01-03,Nevada,057,99092,11100,10572,424,10996,110
2022-01-03,Orange,059,3164182,387286,358052,25453,383505,5894
2022-01-03,Placer,061,380077,44214,42054,4738,46792,489
2022-01-03,Plumas,063,18699,2078,2005,61,2066,12
2022-01-03,Riverside,065,2383286,433507,410155,19766,429921,5504
2022-01-03,Sacramento,067,1510023,188499,179992,7630,187622,2452
2022-01-03,San Benito,069,59416,9026,8688,228,8916,79
2022-01-03,San Bernardino,071,2135413,422800,401938,14651,416589,6056
2022-01-03,San Diego,073,3302833,494466,451154,29289,480443,4476
2022-01-03,San Francisco,075,870044,77647,69315,3773,73088,686
2022-01-03,San Joaquin,077,732212,114347,109757,6338,116095,1903
2022-01-03,San Luis Obispo,079,281455,35068,33667,1693,35360,367
2022-01-03,San Mateo,081,765935,74304,64470,2166,66636,582
2022-01-03,Santa Barbara,083,443738,55200,51912,2039,53951,571
2022-01-03,Santa Clara,085,1922200,189946,174215,3497,177712,1963
2022-01-03,Santa Cruz,087,273765,25748,23765,1283,25048,228
2022-01-03,Shasta,089,179085,23936,23301,3956,27257,440
2022-01-03,Sierra,091,2930,219,213,21,234,0
2022-01-03,Siskiyou,093,43540,3605,3500,1485,4985,61
2022-01-03,Solano,095,438530,53643,51030,1980,53010,380
2022-01-03,Sonoma,097,501317,51116,48391,863,49254,410
2022-01-03,Stanislaus,099,539301,88428,85793,10057,95850,1332
2022-01-03,Sutter,101,95872,15356,14973,465,15438,193
2022-01-03,Tehama,103,63373,9237,9005,1655,10660,140
2022-01-03,Trinity,105,12862,928,833,230,1063,18
2022-01-03,Tulare,107,460477,74978,72664,18069,90733,1167
2022-01-03,Tuolumne,109,53932,8475,8179,129,8308,91
2022-01-03,Ventura,111,848112,122522,112762,6340,119102,1211
2022-01-03,Yolo,113,214977,24208,22563,1760,24323,270
2022-01-03,Yuba,115,75493,11381,11037,463,11500,99
2022-01-02,Alameda,001,1643700,148108,133486,4558,138044,1528
2022-01-02,Alpine,003,1148,111,113,0,113,0
2022-01-02,Amador,005,37829,6117,5913,92,6005,70
2022-01-02,Butte,007,227075,23624,22469,4253,26722,341
2022-01-02,Calaveras,009,45235,4853,4668,74,4742,93
2022-01-02,Colusa,011,21464,2723,2659,755,3414,21
2022-01-02,Contra Costa,013,1133247,120438,109593,3508,113101,1073
2022-01-02,Del Norte,015,27424,3909,3841,64,3905,43
2022-01-02,El Dorado,017,186661,18803,17621,1989,19610,172
2022-01-02,Fresno,019,978130,155340,149927,13451,163378,2379
2022-01-02,Glenn,021,27897,3734,3663,1046,4709,39
2022-01-02,Humboldt,023,135768,11235,10381,925,11306,119
2022-01-02,Imperial,025,180216,39039,37672,4987,42659,800
2022-01-02,Inyo,027,18085,2955,2726,53,2779,49
2022-01-02,Kern,029,883053,141231,136123,27488,163611,1917
2022-01-02,Kings,031,150075,35505,34318,2191,36509,386
2022-01-02,Lake,033,64148,7267,7060,218,7278,117
2022-01-02,Lassen,035,31185,7161,7089,450,7539,55
2022-01-02,Los Angeles,037,10098052,1768197,1596123,76196,1672319,27371
2022-01-02,Madera,039,155013,25770,25002,2513,27515,320
2022-01-02,Marin,041,260295,22607,20475,1026,21501,249
2022-01-02,Mariposa,043,17540,1602,1509,64,1573,6
2022-01-02,Mendocino,045,87422,8878,8422,743,9165,101
2022-01-02,Merced,047,269075,45960,44769,2204,46973,694
2022-01-02,Modoc,049,8938,619,601,214,815,6
2022-01-02,Mono,051,14174,2263,2101,34,2135,4
2022-01-02,Monterey,053,433212,53871,50251,4134,54385,643
2022-01-02,Napa,055,140530,15988,14439,292,14731,107
2022-01-02,Nevada,057,99092,10913,10299,409,10708,110
2022-01-02,Orange,059,3164182,376402,339526,24303,363829,5890
2022-01-02,Placer,061,380077,43490,40857,4652,45509,489
2022-01-02,Plumas,063,18699,2063,1994,57,2051,12
2022-01-02,Riverside,065,2383286,425208,397124,19241,416365,5501
2022-01-02,Sacramento,067,1510023,184601,173562,6808,180370,2448
2022-01-02,San Benito,069,59416,8843,8320,213,8533,79
2022-01-02,San Bernardino,071,2135413,415350,386278,14112,400390,6051
2022-01-02,San Diego,073,3302833,479543,427087,28262,455349,4469
2022-01-02,San Francisco,075,870044,74727,64498,3531,68029,682
2022-01-02,San Joaquin,077,732212,112485,106640,6234,112874,1902
2022-01-02,San Luis Obispo,079,281455,34334,32342,1609,33951,365
2022-01-02,San Mateo,081,765935,71824,60504,1925,62429,581
2022-01-02,Santa Barbara,083,443738,53775,49555,1975,51530,568
2022-01-02,Santa Clara,085,1922200,183804,164547,3100,167647,1969
2022-01-02,Santa Cruz,087,273765,25071,22980,1261,24241,228
2022-01-02,Shasta,089,179085,23747,23161,3907,27068,435
2022-01-02,Sierra,091,2930,218,206,21,227,0
2022-01-02,Siskiyou,093,43540,3580,3474,1462,4936,61
2022-01-02,Solano,095,438530,52711,48957,1813,50770,379
2022-01-02,Sonoma,097,501317,49779,46040,829,46869,410
2022-01-02,Stanislaus,099,539301,87583,84367,9944,94311,1332
2022-01-02,Sutter,101,95872,15185,14741,447,15188,193
2022-01-02,Tehama,103,63373,9172,8944,1633,10577,139
2022-01-02,Trinity,105,12862,926,832,229,1061,17
2022-01-02,Tulare,107,460477,74351,71941,17885,89826,1160
2022-01-02,Tuolumne,109,53932,8372,8044,124,8168,91
2022-01-02,Ventura,111,848112,119619,107992,6124,114116,1211
2022-01-02,Yolo,113,214977,23562,21747,1694,23441,270
2022-01-02,Yuba,115,75493,11259,10844,446,11290,99
2022-01-01,Alameda,001,1643700,146324,133486,4301,137787,1528
2022-01-01,Alpine,003,1148,111,113,0,113,0
2022-01-01,Amador,005,37829,6082,5913,88,6001,70
2022-01-01,Butte,007,227075,23431,22469,4227,26696,341
2022-01-01,Calaveras,009,45235,4817,4668,72,4740,93
2022-01-01,Colusa,011,21464,2721,2659,745,3404,21
2022-01-01,Contra Costa,013,1133247,119080,109593,3379,112972,1073
2022-01-01,Del Norte,015,27424,3903,3841,64,3905,43
2022-01-01,El Dorado,017,186661,18655,17621,1974,19595,172
2022-01-01,Fresno,019,978130,154693,149927,13388,163315,2379
2022-01-01,Glenn,021,27897,3729,3663,1046,4709,39
2022-01-01,Humboldt,023,135768,11105,10381,905,11286,119
2022-01-01,Imperial,025,180216,38891,37672,4944,42616,800
2022-01-01,Inyo,027,18085,2926,2726,51,2777,49
2022-01-01,Kern,029,883053,140545,136123,27183,163306,1917
2022-01-01,Kings,031,150075,35372,34318,2172,36490,386
2022-01-01,Lake,033,64148,7228,7060,214,7274,117
2022-01-01,Lassen,035,31185,7155,7089,445,7534,55
2022-01-01,Los Angeles,037,10098052,1748321,1596123,74245,1670368,27371
2022-01-01,Madera,039,155013,25689,25002,2499,27501,320
2022-01-01,Marin,041,260295,22298,20475,985,21460,249
2022-01-01,Mariposa,043,17540,1590,1509,64,1573,6
2022-01-01,Mendocino,045,87422,8786,8422,737,9159,101
2022-01-01,Merced,047,269075,45828,44769,2195,46964,694
2022-01-01,Modoc,049,8938,616,601,214,815,6
2022-01-01,Mono,051,14174,2242,2101,29,2130,4
2022-01-01,Monterey,053,433212,53574,50251,4053,54304,643
2022-01-01,Napa,055,140530,15838,14439,277,14716,107
2022-01-01,Nevada,057,99092,10841,10299,402,10701,110
2022-01-01,Orange,059,3164182,372200,339526,23582,363108,5890
2022-01-01,Placer,061,380077,43193,40857,4588,45445,489
2022-01-01,Plumas,063,18699,2051,1994,57,2051,12
2022-01-01,Riverside,065,2383286,421731,397124,19039,416163,5501
2022-01-01,Sacramento,067,1510023,183387,173562,6553,180115,2448
2022-01-01,San Benito,069,59416,8749,8320,213,8533,79
2022-01-01,San Bernardino,071,2135413,412305,386278,13839,400117,6051
2022-01-01,San Diego,073,3302833,473669,427087,27779,454866,4469
2022-01-01,San Francisco,075,870044,73314,64498,3317,67815,682
2022-01-01,San Joaquin,077,732212,111789,106640,6183,112823,1902
2022-01-01,San Luis Obispo,079,281455,34135,32342,1600,33942,365
2022-01-01,San Mateo,081,765935,70385,60504,1774,62278,581
2022-01-01,Santa Barbara,083,443738,53042,49555,1941,51496,568
2022-01-01,Santa Clara,085,1922200,180753,164547,2903,167450,1969
2022-01-01,Santa Cruz,087,273765,24745,22980,1250,24230,228
2022-01-01,Shasta,089,179085,23665,23161,3889,27050,435
2022-01-01,Sierra,091,2930,217,206,21,227,0
2022-01-01,Siskiyou,093,43540,3577,3474,1454,4928,61
2022-01-01,Solano,095,438530,52448,48957,1756,50713,379
2022-01-01,Sonoma,097,501317,49387,46040,798,46838,410
2022-01-01,Stanislaus,099,539301,87180,84367,9882,94249,1332
2022-01-01,Sutter,101,95872,15109,14741,445,15186,193
2022-01-01,Tehama,103,63373,9140,8944,1621,10565,139
2022-01-01,Trinity,105,12862,923,832,229,1061,17
2022-01-01,Tulare,107,460477,74111,71941,17784,89725,1160
2022-01-01,Tuolumne,109,53932,8313,8044,121,8165,91
2022-01-01,Ventura,111,848112,118233,107992,5996,113988,1211
2022-01-01,Yolo,113,214977,23149,21747,1657,23404,270
2022-01-01,Yuba,115,75493,11194,10844,440,11284,99
2021-12-31,Alameda,001,1643700,145599,133486,4206,137692,1528
2021-12-31,Alpine,003,1148,111,113,0,113,0
2021-12-31,Amador,005,37829,6059,5913,87,6000,70
2021-12-31,Butte,007,227075,23329,22469,4198,26667,341
2021-12-31,Calaveras,009,45235,4788,4668,72,4740,93
2021-12-31,Colusa,011,21464,2714,2659,739,3398,21
2021-12-31,Contra Costa,013,1133247,118200,109593,3302,112895,1073
2021-12-31,Del Norte,015,27424,3894,3841,62,3903,43
2021-12-31,El Dorado,017,186661,18580,17621,1956,19577,172
2021-12-31,Fresno,019,978130,154395,149927,13371,163298,2379
2021-12-31,Glenn,021,27897,3728,3663,1046,4709,39
2021-12-31,Humboldt,023,135768,11018,10381,887,11268,119
2021-12-31,Imperial,025,180216,38769,37672,4933,42605,800
2021-12-31,Inyo,027,18085,2900,2726,51,2777,49
2021-12-31,Kern,029,883053,140040,136123,27050,163173,1917
2021-12-31,Kings,031,150075,35270,34318,2166,36484,386
2021-12-31,Lake,033,64148,7205,7060,209,7269,117
2021-12-31,Lassen,035,31185,7143,7089,445,7534,55
2021-12-31,Los Angeles,037,10098052,1737653,1596123,73502,1669625,27371
2021-12-31,Madera,039,155013,25623,25002,2482,27484,320
2021-12-31,Marin,041,260295,22143,20475,955,21430,249
2021-12-31,Mariposa,043,17540,1583,1509,63,1572,6
2021-12-31,Mendocino,045,87422,8753,8422,734,9156,101
2021-12-31,Merced,047,269075,45747,44769,2178,46947,694
2021-12-31,Modoc,049,8938,612,601,212,813,6
2021-12-31,Mono,051,14174,2230,2101,28,2129,4
2021-12-31,Monterey,053,433212,53449,50251,3989,54240,643
2021-12-31,Napa,055,140530,15726,14439,267,14706,107
2021-12-31,Nevada,057,99092,10776,10299,396,10695,110
2021-12-31,Orange,059,3164182,369704,339526,23162,362688,5890
2021-12-31,Placer,061,380077,42958,40857,4525,45382,489
2021-12-31,Plumas,063,18699,2046,1994,57,2051,12
2021-12-31,Riverside,065,2383286,420065,397124,18880,416004,5501
2021-12-31,Sacramento,067,1510023,182570,173562,6454,180016,2448
2021-12-31,San Benito,069,59416,8735,8320,212,8532,79
2021-12-31,San Bernardino,071,2135413,410161,386278,13651,399929,6051
2021-12-31,San Diego,073,3302833,470520,427087,27488,454575,4469
2021-12-31,San Francisco,075,870044,72390,64498,3262,67760,682
2021-12-31,San Joaquin,077,732212,111178,106640,6140,112780,1902
2021-12-31,San Luis Obispo,079,281455,34027,32342,1587,33929,365
2021-12-31,San Mateo,081,765935,69519,60504,1720,62224,581
2021-12-31,Santa Barbara,083,443738,52654,49555,1927,51482,568
2021-12-31,Santa Clara,085,1922200,178807,164547,2761,167308,1969
2021-12-31,Santa Cruz,087,273765,24511,22980,1234,24214,228
2021-12-31,Shasta,089,179085,23601,23161,3868,27029,435
2021-12-31,Sierra,091,2930,217,206,21,227,0
2021-12-31,Siskiyou,093,43540,3570,3474,1443,4917,61
2021-12-31,Solano,095,438530,52290,48957,1730,50687,379
2021-12-31,Sonoma,097,501317,49140,46040,785,46825,410
2021-12-31,Stanislaus,099,539301,86858,84367,9839,94206,1332
2021-12-31,Sutter,101,95872,15049,14741,439,15180,193
2021-12-31,Tehama,103,63373,9109,8944,1612,10556,139
2021-12-31,Trinity,105,12862,922,832,229,1061,17
2021-12-31,Tulare,107,460477,73916,71941,17698,89639,1160
2021-12-31,Tuolumne,109,53932,8269,8044,120,8164,91
2021-12-31,Ventura,111,848112,117262,107992,5912,113904,1211
2021-12-31,Yolo,113,214977,22930,21747,1635,23382,270
2021-12-31,Yuba,115,75493,11138,10844,434,11278,99
2021-12-30,Alameda,001,1643700,144328,133486,4075,137561,1528
2021-12-30,Alpine,003,1148,110,113,0,113,0
2021-12-30,Amador,005,37829,6040,5913,86,5999,70
2021-12-30,Butte,007,227075,23208,22469,4177,26646,341
2021-12-30,Calaveras,009,45235,4769,4668,72,4740,93
2021-12-30,Colusa,011,21464,2713,2659,737,3396,21
2021-12-30,Contra Costa,013,1133247,117119,109593,3191,112784,1073
2021-12-30,Del Norte,015,27424,3884,3841,61,3902,43
2021-12-30,El Dorado,017,186661,18477,17621,1935,19556,172
2021-12-30,Fresno,019,978130,153907,149927,13308,163235,2379
2021-12-30,Glenn,021,27897,3723,3663,1045,4708,39
2021-12-30,Humboldt,023,135768,10950,10381,875,11256,119
2021-12-30,Imperial,025,180216,38602,37672,4817,42489,800
2021-12-30,Inyo,027,18085,2882,2726,49,2775,49
2021-12-30,Kern,029,883053,139517,136123,26747,162870,1917
2021-12-30,Kings,031,150075,35152,34318,2154,36472,386
2021-12-30,Lake,033,64148,7191,7060,204,7264,117
2021-12-30,Lassen,035,31185,7137,7089,445,7534,55
2021-12-30,Los Angeles,037,10098052,1714601,1596123,72258,1668381,27371
2021-12-30,Madera,039,155013,25540,25002,2462,27464,320
2021-12-30,Marin,041,260295,21966,20475,931,21406,249
2021-12-30,Mariposa,043,17540,1577,1509,63,1572,6
2021-12-30,Mendocino,045,87422,8736,8422,723,9145,101
2021-12-30,Merced,047,269075,45651,44769,2164,46933,694
2021-12-30,Modoc,049,8938,611,601,212,813,6
2021-12-30,Mono,051,14174,2227,2101,27,2128,4
2021-12-30,Monterey,053,433212,53146,50251,3930,54181,643
2021-12-30,Napa,055,140530,15583,14439,258,14697,107
2021-12-30,Nevada,057,99092,10714,10299,388,10687,110
2021-12-30,Orange,059,3164182,364657,339526,22600,362126,5890
2021-12-30,Placer,061,380077,42681,40857,4479,45336,489
2021-12-30,Plumas,063,18699,2042,1994,56,2050,12
2021-12-30,Riverside,065,2383286,416799,397124,18724,415848,5501
2021-12-30,Sacramento,067,1510023,181351,173562,6312,179874,2448
2021-12-30,San Benito,069,59416,8689,8320,208,8528,79
2021-12-30,San Bernardino,071,2135413,407759,386278,13502,399780,6051
2021-12-30,San Diego,073,3302833,465426,427087,27017,454104,4469
2021-12-30,San Francisco,075,870044,71280,64498,3191,67689,682
2021-12-30,San Joaquin,077,732212,110602,106640,6109,112749,1902
2021-12-30,San Luis Obispo,079,281455,33907,32342,1572,33914,365
2021-12-30,San Mateo,081,765935,68481,60504,1587,62091,581
2021-12-30,Santa Barbara,083,443738,52176,49555,1907,51462,568
2021-12-30,Santa Clara,085,1922200,176513,164547,2635,167182,1969
2021-12-30,Santa Cruz,087,273765,24271,22980,1206,24186,228
2021-12-30,Shasta,089,179085,23551,23161,3862,27023,435
2021-12-30,Sierra,091,2930,217,206,21,227,0
2021-12-30,Siskiyou,093,43540,3561,3474,1441,4915,61
2021-12-30,Solano,095,438530,51937,48957,1683,50640,379
2021-12-30,Sonoma,097,501317,48808,46040,776,46816,410
2021-12-30,Stanislaus,099,539301,86543,84367,9792,94159,1332
2021-12-30,Sutter,101,95872,14990,14741,438,15179,193
2021-12-30,Tehama,103,63373,9081,8944,1606,10550,139
2021-12-30,Trinity,105,12862,919,832,229,1061,17
2021-12-30,Tulare,107,460477,73737,71941,17623,89564,1160
2021-12-30,Tuolumne,109,53932,8230,8044,119,8163,91
2021-12-30,Ventura,111,848112,116006,107992,5809,113801,1211
2021-12-30,Yolo,113,214977,22796,21747,1608,23355,270
2021-12-30,Yuba,115,75493,11091,10844,432,11276,99
2021-12-29,Alameda,001,1643700,141126,131586,3922,135508,1529
2021-12-29,Alpine,003,1148,110,113,0,113,0
2021-12-29,Amador,005,37829,6017,5905,83,5988,70
2021-12-29,Butte,007,227075,23064,22353,4141,26494,338
2021-12-29,Calaveras,009,45235,4741,4646,70,4716,93
2021-12-29,Colusa,011,21464,2703,2657,732,3389,21
2021-12-29,Contra Costa,013,1133247,115026,108165,3064,111229,1072
2021-12-29,Del Norte,015,27424,3870,3826,59,3885,43
2021-12-29,El Dorado,017,186661,18251,17489,1917,19406,172
2021-12-29,Fresno,019,978130,152884,149318,13224,162542,2364
2021-12-29,Glenn,021,27897,3713,3653,1043,4696,39
2021-12-29,Humboldt,023,135768,10844,10249,855,11104,119
2021-12-29,Imperial,025,180216,38382,37460,4747,42207,800
2021-12-29,Inyo,027,18085,2850,2703,49,2752,49
2021-12-29,Kern,029,883053,138725,135648,26359,162007,1913
2021-12-29,Kings,031,150075,35037,34216,2149,36365,386
2021-12-29,Lake,033,64148,7160,7048,202,7250,117
2021-12-29,Lassen,035,31185,7134,7085,444,7529,55
2021-12-29,Los Angeles,037,10098052,1685028,1576414,70557,1646971,27349
2021-12-29,Madera,039,155013,25436,24923,2452,27375,320
2021-12-29,Marin,041,260295,21610,20025,911,20936,249
2021-12-29,Mariposa,043,17540,1555,1507,63,1570,6
2021-12-29,Mendocino,045,87422,8677,8386,719,9105,99
2021-12-29,Merced,047,269075,45436,44548,2150,46698,693
2021-12-29,Modoc,049,8938,608,600,212,812,6
2021-12-29,Mono,051,14174,2203,2056,26,2082,4
2021-12-29,Monterey,053,433212,52736,50097,3826,53923,641
2021-12-29,Napa,055,140530,15259,14247,239,14486,107
2021-12-29,Nevada,057,99092,10621,10274,387,10661,110
2021-12-29,Orange,059,3164182,357206,334557,21920,356477,5887
2021-12-29,Placer,061,380077,42197,40545,4404,44949,489
2021-12-29,Plumas,063,18699,2030,1990,56,2046,12
2021-12-29,Riverside,065,2383286,411400,392989,18513,411502,5486
2021-12-29,Sacramento,067,1510023,179070,172145,6154,178299,2437
2021-12-29,San Benito,069,59416,8544,8239,207,8446,79
2021-12-29,San Bernardino,071,2135413,402651,382872,13299,396171,6049
2021-12-29,San Diego,073,3302833,454595,421045,26347,447392,4461
2021-12-29,San Francisco,075,870044,69573,63117,3122,66239,684
2021-12-29,San Joaquin,077,732212,109436,106063,6058,112121,1891
2021-12-29,San Luis Obispo,079,281455,33514,31936,1523,33459,365
2021-12-29,San Mateo,081,765935,66854,59478,1478,60956,581
2021-12-29,Santa Barbara,083,443738,51343,49003,1883,50886,568
2021-12-29,Santa Clara,085,1922200,173377,162008,2500,164508,1962
2021-12-29,Santa Cruz,087,273765,23989,22669,1184,23853,228
2021-12-29,Shasta,089,179085,23476,23083,3850,26933,435
2021-12-29,Sierra,091,2930,217,206,21,227,0
2021-12-29,Siskiyou,093,43540,3549,3472,1430,4902,61
2021-12-29,Solano,095,438530,51228,48562,1627,50189,379
2021-12-29,Sonoma,097,501317,48008,45479,752,46231,410
2021-12-29,Stanislaus,099,539301,86051,84083,9740,93823,1332
2021-12-29,Sutter,101,95872,14925,14688,437,15125,193
2021-12-29,Tehama,103,63373,9057,8914,1593,10507,138
2021-12-29,Trinity,105,12862,918,832,229,1061,17
2021-12-29,Tulare,107,460477,73455,71752,17506,89258,1160
2021-12-29,Tuolumne,109,53932,8177,8012,118,8130,91
2021-12-29,Ventura,111,848112,114068,106974,5630,112604,1207
2021-12-29,Yolo,113,214977,22564,21564,1577,23141,270
2021-12-29,Yuba,115,75493,11030,10808,428,11236,99
2021-12-28,Alameda,001,1643700,138010,130427,3759,134186,1522
2021-12-28,Alpine,003,1148,110,113,0,113,0
2021-12-28,Amador,005,37829,5998,5900,82,5982,70
2021-12-28,Butte,007,227075,22924,22285,4124,26409,338
2021-12-28,Calaveras,009,45235,4724,4641,69,4710,91
2021-12-28,Colusa,011,21464,2697,2653,730,3383,21
2021-12-28,Contra Costa,013,1133247,112758,107160,2947,110107,1072
2021-12-28,Del Norte,015,27424,3864,3815,59,3874,43
2021-12-28,El Dorado,017,186661,18026,17419,1906,19325,172
2021-12-28,Fresno,019,978130,151913,148987,13152,162139,2365
2021-12-28,Glenn,021,27897,3691,3639,1042,4681,39
2021-12-28,Humboldt,023,135768,10723,10198,830,11028,119
2021-12-28,Imperial,025,180216,38106,37223,4639,41862,800
2021-12-28,Inyo,027,18085,2792,2676,48,2724,48
2021-12-28,Kern,029,883053,138020,135346,26003,161349,1909
2021-12-28,Kings,031,150075,34897,34165,2134,36299,386
2021-12-28,Lake,033,64148,7141,7044,197,7241,116
2021-12-28,Lassen,035,31185,7126,7083,444,7527,55
2021-12-28,Los Angeles,037,10098052,1652916,1561791,69045,1630836,27323
2021-12-28,Madera,039,155013,25310,24865,2435,27300,320
2021-12-28,Marin,041,260295,21198,19739,881,20620,249
2021-12-28,Mariposa,043,17540,1544,1499,62,1561,6
2021-12-28,Mendocino,045,87422,8616,8366,711,9077,98
2021-12-28,Merced,047,269075,45198,44434,2142,46576,691
2021-12-28,Modoc,049,8938,608,599,211,810,6
2021-12-28,Mono,051,14174,2179,2045,24,2069,4
2021-12-28,Monterey,053,433212,52370,49973,3751,53724,639
2021-12-28,Napa,055,140530,14942,14131,212,14343,107
2021-12-28,Nevada,057,99092,10531,10250,384,10634,110
2021-12-28,Orange,059,3164182,349630,331279,21175,352454,5882
2021-12-28,Placer,061,380077,41728,40410,4334,44744,489
2021-12-28,Plumas,063,18699,2027,1989,56,2045,12
2021-12-28,Riverside,065,2383286,406186,390343,18265,408608,5470
2021-12-28,Sacramento,067,1510023,176888,171290,6027,177317,2426
2021-12-28,San Benito,069,59416,8408,8170,205,8375,79
2021-12-28,San Bernardino,071,2135413,397249,381316,13087,394403,6047
2021-12-28,San Diego,073,3302833,443866,417383,25838,443221,4450
2021-12-28,San Francisco,075,870044,67951,61745,3062,64807,682
2021-12-28,San Joaquin,077,732212,108389,105572,6013,111585,1884
2021-12-28,San Luis Obispo,079,281455,33055,31759,1507,33266,365
2021-12-28,San Mateo,081,765935,65341,58712,1391,60103,582
2021-12-28,Santa Barbara,083,443738,50702,48493,1863,50356,568
2021-12-28,Santa Clara,085,1922200,170232,160811,2404,163215,1962
2021-12-28,Santa Cruz,087,273765,23608,22513,1153,23666,228
2021-12-28,Shasta,089,179085,23404,23035,3845,26880,434
2021-12-28,Sierra,091,2930,214,206,21,227,0
2021-12-28,Siskiyou,093,43540,3540,3468,1424,4892,60
2021-12-28,Solano,095,438530,50289,48318,1572,49890,378
2021-12-28,Sonoma,097,501317,47151,45086,726,45812,410
2021-12-28,Stanislaus,099,539301,85566,83946,9689,93635,1331
2021-12-28,Sutter,101,95872,14875,14662,435,15097,193
2021-12-28,Tehama,103,63373,9040,8893,1591,10484,138
2021-12-28,Trinity,105,12862,916,831,228,1059,17
2021-12-28,Tulare,107,460477,73190,71630,17381,89011,1156
2021-12-28,Tuolumne,109,53932,8134,8006,118,8124,91
2021-12-28,Ventura,111,848112,111959,105883,5499,111382,1207
2021-12-28,Yolo,113,214977,22245,21320,1528,22848,270
2021-12-28,Yuba,115,75493,10975,10778,425,11203,99
2021-12-27,Alameda,001,1643700,135446,129910,3613,133523,1530
2021-12-27,Alpine,003,1148,110,113,0,113,0
2021-12-27,Amador,005,37829,5970,5891,82,5973,70
2021-12-27,Butte,007,227075,22792,22234,4101,26335,335
2021-12-27,Calaveras,009,45235,4702,4630,68,4698,91
2021-12-27,Colusa,011,21464,2686,2652,724,3376,21
2021-12-27,Contra Costa,013,1133247,110621,106692,2866,109558,1071
2021-12-27,Del Norte,015,27424,3855,3802,58,3860,43
2021-12-27,El Dorado,017,186661,17867,17361,1894,19255,172
2021-12-27,Fresno,019,978130,151029,148826,13088,161914,2364
2021-12-27,Glenn,021,27897,3683,3634,1035,4669,39
2021-12-27,Humboldt,023,135768,10607,10164,808,10972,119
2021-12-27,Imperial,025,180216,37885,37180,4538,41718,800
2021-12-27,Inyo,027,18085,2763,2662,46,2708,48
2021-12-27,Kern,029,883053,137371,135119,25698,160817,1907
2021-12-27,Kings,031,150075,34745,34126,2121,36247,382
2021-12-27,Lake,033,64148,7118,7037,187,7224,116
2021-12-27,Lassen,035,31185,7120,7080,444,7524,55
2021-12-27,Los Angeles,037,10098052,1617043,1554074,67330,1621404,27300
2021-12-27,Madera,039,155013,25194,24840,2417,27257,320
2021-12-27,Marin,041,260295,20809,19601,854,20455,249
2021-12-27,Mariposa,043,17540,1529,1495,62,1557,6
2021-12-27,Mendocino,045,87422,8549,8351,706,9057,98
2021-12-27,Merced,047,269075,44971,44383,2125,46508,690
2021-12-27,Modoc,049,8938,606,599,211,810,6
2021-12-27,Mono,051,14174,2112,2026,24,2050,4
2021-12-27,Monterey,053,433212,52074,49918,3699,53617,639
2021-12-27,Napa,055,140530,14674,14083,203,14286,107
2021-12-27,Nevada,057,99092,10462,10239,376,10615,110
2021-12-27,Orange,059,3164182,342240,329222,20365,349587,5875
2021-12-27,Placer,061,380077,41342,40263,4286,44549,489
2021-12-27,Plumas,063,18699,2025,1988,54,2042,12
2021-12-27,Riverside,065,2383286,401615,389096,18002,407098,5470
2021-12-27,Sacramento,067,1510023,174904,170858,5855,176713,2422
2021-12-27,San Benito,069,59416,8290,8133,201,8334,79
2021-12-27,San Bernardino,071,2135413,391653,380526,12899,393425,6047
2021-12-27,San Diego,073,3302833,433990,414968,25367,440335,4445
2021-12-27,San Francisco,075,870044,66188,60920,2997,63917,682
2021-12-27,San Joaquin,077,732212,107479,105413,5966,111379,1876
2021-12-27,San Luis Obispo,079,281455,32611,31671,1485,33156,365
2021-12-27,San Mateo,081,765935,63825,58397,1291,59688,581
2021-12-27,Santa Barbara,083,443738,49924,48209,1843,50052,568
2021-12-27,Santa Clara,085,1922200,167253,159904,2281,162185,1961
2021-12-27,Santa Cruz,087,273765,23318,22456,1135,23591,228
2021-12-27,Shasta,089,179085,23341,23015,3834,26849,432
2021-12-27,Sierra,091,2930,214,206,21,227,0
2021-12-27,Siskiyou,093,43540,3531,3466,1419,4885,60
2021-12-27,Solano,095,438530,49558,48172,1524,49696,378
2021-12-27,Sonoma,097,501317,46579,44990,707,45697,410
2021-12-27,Stanislaus,099,539301,85117,83833,9654,93487,1331
2021-12-27,Sutter,101,95872,14820,14642,430,15072,191
2021-12-27,Tehama,103,63373,9025,8887,1584,10471,136
2021-12-27,Trinity,105,12862,916,827,228,1055,17
2021-12-27,Tulare,107,460477,72933,71562,17283,88845,1146
2021-12-27,Tuolumne,109,53932,8097,7978,117,8095,91
2021-12-27,Ventura,111,848112,109871,105212,5363,110575,1206
2021-12-27,Yolo,113,214977,21964,21300,1494,22794,270
2021-12-27,Yuba,115,75493,10915,10759,424,11183,98
2021-12-26,Alameda,001,1643700,133431,127221,3540,130761,1525
2021-12-26,Alpine,003,1148,110,113,0,113,0
2021-12-26,Amador,005,37829,5954,5861,80,5941,70
2021-12-26,Butte,007,227075,22640,22087,4078,26165,330
2021-12-26,Calaveras,009,45235,4680,4591,68,4659,91
2021-12-26,Colusa,011,21464,2676,2647,718,3365,21
2021-12-26,Contra Costa,013,1133247,108883,105022,2767,107789,1071
2021-12-26,Del Norte,015,27424,3850,3795,58,3853,43
2021-12-26,El Dorado,017,186661,17712,17188,1885,19073,172
2021-12-26,Fresno,019,978130,150380,148027,13021,161048,2358
2021-12-26,Glenn,021,27897,3675,3611,1026,4637,39
2021-12-26,Humboldt,023,135768,10464,10052,785,10837,119
2021-12-26,Imperial,025,180216,37596,36878,4448,41326,800
2021-12-26,Inyo,027,18085,2739,2636,43,2679,47
2021-12-26,Kern,029,883053,136656,134591,25441,160032,1908
2021-12-26,Kings,031,150075,34597,34009,2115,36124,379
2021-12-26,Lake,033,64148,7096,7019,184,7203,116
2021-12-26,Lassen,035,31185,7114,7072,443,7515,55
2021-12-26,Los Angeles,037,10098052,1587466,1515469,65542,1581011,27257
2021-12-26,Madera,039,155013,25075,24741,2402,27143,320
2021-12-26,Marin,041,260295,20429,19085,792,19877,249
2021-12-26,Mariposa,043,17540,1523,1480,62,1542,6
2021-12-26,Mendocino,045,87422,8499,8314,704,9018,98
2021-12-26,Merced,047,269075,44726,44208,2115,46323,690
2021-12-26,Modoc,049,8938,605,597,209,806,6
2021-12-26,Mono,051,14174,2085,2000,24,2024,4
2021-12-26,Monterey,053,433212,51798,49709,3650,53359,638
2021-12-26,Napa,055,140530,14438,13809,198,14007,107
2021-12-26,Nevada,057,99092,10403,10153,369,10522,110
2021-12-26,Orange,059,3164182,335955,322991,19565,342556,5863
2021-12-26,Placer,061,380077,40996,39852,4215,44067,489
2021-12-26,Plumas,063,18699,2018,1987,53,2040,12
2021-12-26,Riverside,065,2383286,397457,384567,17832,402399,5470
2021-12-26,Sacramento,067,1510023,173234,169144,5709,174853,2418
2021-12-26,San Benito,069,59416,8210,7991,197,8188,79
2021-12-26,San Bernardino,071,2135413,387166,376052,12727,388779,6043
2021-12-26,San Diego,073,3302833,425160,406616,24915,431531,4442
2021-12-26,San Francisco,075,870044,64601,58229,2936,61165,682
2021-12-26,San Joaquin,077,732212,106666,104590,5915,110505,1872
2021-12-26,San Luis Obispo,079,281455,32173,31290,1467,32757,365
2021-12-26,San Mateo,081,765935,62422,56973,1243,58216,581
2021-12-26,Santa Barbara,083,443738,49253,47553,1813,49366,567
2021-12-26,Santa Clara,085,1922200,164541,156872,2149,159021,1967
2021-12-26,Santa Cruz,087,273765,23029,22176,1123,23299,228
2021-12-26,Shasta,089,179085,23258,22959,3822,26781,432
2021-12-26,Sierra,091,2930,214,202,21,223,0
2021-12-26,Siskiyou,093,43540,3523,3460,1410,4870,60
2021-12-26,Solano,095,438530,49056,47646,1486,49132,377
2021-12-26,Sonoma,097,501317,46086,44358,673,45031,408
2021-12-26,Stanislaus,099,539301,84742,83368,9618,92986,1331
2021-12-26,Sutter,101,95872,14756,14533,427,14960,191
2021-12-26,Tehama,103,63373,8992,8861,1581,10442,136
2021-12-26,Trinity,105,12862,916,826,227,1053,17
2021-12-26,Tulare,107,460477,72689,71292,17173,88465,1137
2021-12-26,Tuolumne,109,53932,8060,7919,117,8036,91
2021-12-26,Ventura,111,848112,108037,103498,5215,108713,1206
2021-12-26,Yolo,113,214977,21690,21084,1454,22538,270
2021-12-26,Yuba,115,75493,10864,10694,422,11116,98
2021-12-25,Alameda,001,1643700,132400,127221,3477,130698,1525
2021-12-25,Alpine,003,1148,110,113,0,113,0
2021-12-25,Amador,005,37829,5934,5861,80,5941,70
2021-12-25,Butte,007,227075,22544,22087,4062,26149,330
2021-12-25,Calaveras,009,45235,4652,4591,67,4658,91
2021-12-25,Colusa,011,21464,2671,2647,712,3359,21
2021-12-25,Contra Costa,013,1133247,108052,105022,2714,107736,1071
2021-12-25,Del Norte,015,27424,3843,3795,57,3852,43
2021-12-25,El Dorado,017,186661,17659,17188,1874,19062,172
2021-12-25,Fresno,019,978130,150080,148027,12985,161012,2358
2021-12-25,Glenn,021,27897,3666,3611,1024,4635,39
2021-12-25,Humboldt,023,135768,10387,10052,777,10829,119
2021-12-25,Imperial,025,180216,37483,36878,4423,41301,800
2021-12-25,Inyo,027,18085,2719,2636,43,2679,47
2021-12-25,Kern,029,883053,136310,134591,25316,159907,1908
2021-12-25,Kings,031,150075,34513,34009,2108,36117,379
2021-12-25,Lake,033,64148,7084,7019,182,7201,116
2021-12-25,Lassen,035,31185,7112,7072,443,7515,55
2021-12-25,Los Angeles,037,10098052,1574834,1515469,64210,1579679,27257
2021-12-25,Madera,039,155013,25027,24741,2396,27137,320
2021-12-25,Marin,041,260295,20091,19085,743,19828,249
2021-12-25,Mariposa,043,17540,1517,1480,62,1542,6
2021-12-25,Mendocino,045,87422,8461,8314,704,9018,98
2021-12-25,Merced,047,269075,44626,44208,2113,46321,690
2021-12-25,Modoc,049,8938,605,597,209,806,6
2021-12-25,Mono,051,14174,2072,2000,24,2024,4
2021-12-25,Monterey,053,433212,51633,49709,3616,53325,638
2021-12-25,Napa,055,140530,14323,13809,190,13999,107
2021-12-25,Nevada,057,99092,10374,10153,369,10522,110
2021-12-25,Orange,059,3164182,333103,322991,18985,341976,5863
2021-12-25,Placer,061,380077,40804,39852,4179,44031,489
2021-12-25,Plumas,063,18699,2016,1987,53,2040,12
2021-12-25,Riverside,065,2383286,395180,384567,17710,402277,5470
2021-12-25,Sacramento,067,1510023,172441,169144,5605,174749,2418
2021-12-25,San Benito,069,59416,8152,7991,197,8188,79
2021-12-25,San Bernardino,071,2135413,385042,376052,12595,388647,6043
2021-12-25,San Diego,073,3302833,421123,406616,24647,431263,4442
2021-12-25,San Francisco,075,870044,63563,58229,2899,61128,682
2021-12-25,San Joaquin,077,732212,106336,104590,5883,110473,1872
2021-12-25,San Luis Obispo,079,281455,32018,31290,1458,32748,365
2021-12-25,San Mateo,081,765935,61390,56973,1200,58173,581
2021-12-25,Santa Barbara,083,443738,48891,47553,1801,49354,567
2021-12-25,Santa Clara,085,1922200,163055,156872,2080,158952,1967
2021-12-25,Santa Cruz,087,273765,22870,22176,1117,23293,228
2021-12-25,Shasta,089,179085,23227,22959,3816,26775,432
2021-12-25,Sierra,091,2930,214,202,21,223,0
2021-12-25,Siskiyou,093,43540,3520,3460,1404,4864,60
2021-12-25,Solano,095,438530,48934,47646,1468,49114,377
2021-12-25,Sonoma,097,501317,45701,44358,647,45005,408
2021-12-25,Stanislaus,099,539301,84526,83368,9597,92965,1331
2021-12-25,Sutter,101,95872,14715,14533,425,14958,191
2021-12-25,Tehama,103,63373,8971,8861,1577,10438,136
2021-12-25,Trinity,105,12862,915,826,227,1053,17
2021-12-25,Tulare,107,460477,72554,71292,17096,88388,1137
2021-12-25,Tuolumne,109,53932,8029,7919,117,8036,91
2021-12-25,Ventura,111,848112,106866,103498,5105,108603,1206
2021-12-25,Yolo,113,214977,21582,21084,1433,22517,270
2021-12-25,Yuba,115,75493,10838,10694,421,11115,98
2021-12-24,Alameda,001,1643700,131809,127221,3459,130680,1525
2021-12-24,Alpine,003,1148,110,113,0,113,0
2021-12-24,Amador,005,37829,5926,5861,79,5940,70
2021-12-24,Butte,007,227075,22489,22087,4049,26136,330
2021-12-24,Calaveras,009,45235,4646,4591,67,4658,91
2021-12-24,Colusa,011,21464,2669,2647,711,3358,21
2021-12-24,Contra Costa,013,1133247,107742,105022,2681,107703,1071
2021-12-24,Del Norte,015,27424,3836,3795,57,3852,43
2021-12-24,El Dorado,017,186661,17607,17188,1869,19057,172
2021-12-24,Fresno,019,978130,149919,148027,12975,161002,2358
2021-12-24,Glenn,021,27897,3665,3611,1024,4635,39
2021-12-24,Humboldt,023,135768,10331,10052,771,10823,119
2021-12-24,Imperial,025,180216,37403,36878,4419,41297,800
2021-12-24,Inyo,027,18085,2699,2636,43,2679,47
2021-12-24,Kern,029,883053,136186,134591,25274,159865,1908
2021-12-24,Kings,031,150075,34449,34009,2107,36116,379
2021-12-24,Lake,033,64148,7080,7019,182,7201,116
2021-12-24,Lassen,035,31185,7109,7072,443,7515,55
2021-12-24,Los Angeles,037,10098052,1570089,1515469,63703,1579172,27257
2021-12-24,Madera,039,155013,24994,24741,2391,27132,320
2021-12-24,Marin,041,260295,19947,19085,713,19798,249
2021-12-24,Mariposa,043,17540,1515,1480,62,1542,6
2021-12-24,Mendocino,045,87422,8444,8314,704,9018,98
2021-12-24,Merced,047,269075,44576,44208,2111,46319,690
2021-12-24,Modoc,049,8938,605,597,209,806,6
2021-12-24,Mono,051,14174,2061,2000,24,2024,4
2021-12-24,Monterey,053,433212,51537,49709,3591,53300,638
2021-12-24,Napa,055,140530,14257,13809,186,13995,107
2021-12-24,Nevada,057,99092,10347,10153,367,10520,110
2021-12-24,Orange,059,3164182,332062,322991,18826,341817,5863
2021-12-24,Placer,061,380077,40686,39852,4163,44015,489
2021-12-24,Plumas,063,18699,2015,1987,53,2040,12
2021-12-24,Riverside,065,2383286,394193,384567,17620,402187,5470
2021-12-24,Sacramento,067,1510023,172136,169144,5567,174711,2418
2021-12-24,San Benito,069,59416,8144,7991,196,8187,79
2021-12-24,San Bernardino,071,2135413,383966,376052,12527,388579,6043
2021-12-24,San Diego,073,3302833,420035,406616,24519,431135,4442
2021-12-24,San Francisco,075,870044,63050,58229,2881,61110,682
2021-12-24,San Joaquin,077,732212,106145,104590,5876,110466,1872
2021-12-24,San Luis Obispo,079,281455,31956,31290,1448,32738,365
2021-12-24,San Mateo,081,765935,60957,56973,1178,58151,581
2021-12-24,Santa Barbara,083,443738,48687,47553,1794,49347,567
2021-12-24,Santa Clara,085,1922200,162234,156872,2046,158918,1967
2021-12-24,Santa Cruz,087,273765,22787,22176,1114,23290,228
2021-12-24,Shasta,089,179085,23196,22959,3812,26771,432
2021-12-24,Sierra,091,2930,213,202,21,223,0
2021-12-24,Siskiyou,093,43540,3515,3460,1400,4860,60
2021-12-24,Solano,095,438530,48882,47646,1466,49112,377
2021-12-24,Sonoma,097,501317,45537,44358,639,44997,408
2021-12-24,Stanislaus,099,539301,84414,83368,9582,92950,1331
2021-12-24,Sutter,101,95872,14695,14533,422,14955,191
2021-12-24,Tehama,103,63373,8962,8861,1574,10435,136
2021-12-24,Trinity,105,12862,913,826,227,1053,17
2021-12-24,Tulare,107,460477,72488,71292,17052,88344,1137
2021-12-24,Tuolumne,109,53932,8004,7919,117,8036,91
2021-12-24,Ventura,111,848112,106418,103498,5050,108548,1206
2021-12-24,Yolo,113,214977,21510,21084,1415,22499,270
2021-12-24,Yuba,115,75493,10815,10694,420,11114,98
2021-12-23,Alameda,001,1643700,131135,127221,3422,130643,1525
2021-12-23,Alpine,003,1148,110,113,0,113,0
2021-12-23,Amador,005,37829,5914,5861,77,5938,70
2021-12-23,Butte,007,227075,22439,22087,4038,26125,330
2021-12-23,Calaveras,009,45235,4635,4591,67,4658,91
2021-12-23,Colusa,011,21464,2663,2647,707,3354,21
2021-12-23,Contra Costa,013,1133247,107326,105022,2637,107659,1071
2021-12-23,Del Norte,015,27424,3833,3795,57,3852,43
2021-12-23,El Dorado,017,186661,17545,17188,1863,19051,172
2021-12-23,Fresno,019,978130,149722,148027,12959,160986,2358
2021-12-23,Glenn,021,27897,3661,3611,1024,4635,39
2021-12-23,Humboldt,023,135768,10278,10052,768,10820,119
2021-12-23,Imperial,025,180216,37335,36878,4391,41269,800
2021-12-23,Inyo,027,18085,2686,2636,43,2679,47
2021-12-23,Kern,029,883053,136037,134591,25177,159768,1908
2021-12-23,Kings,031,150075,34408,34009,2106,36115,379
2021-12-23,Lake,033,64148,7068,7019,180,7199,116
2021-12-23,Lassen,035,31185,7108,7072,443,7515,55
2021-12-23,Los Angeles,037,10098052,1560662,1515469,62603,1578072,27257
2021-12-23,Madera,039,155013,24963,24741,2388,27129,320
2021-12-23,Marin,041,260295,19813,19085,696,19781,249
2021-12-23,Mariposa,043,17540,1510,1480,62,1542,6
2021-12-23,Mendocino,045,87422,8435,8314,704,9018,98
2021-12-23,Merced,047,269075,44529,44208,2109,46317,690
2021-12-23,Modoc,049,8938,605,597,209,806,6
2021-12-23,Mono,051,14174,2040,2000,23,2023,4
2021-12-23,Monterey,053,433212,51421,49709,3569,53278,638
2021-12-23,Napa,055,140530,14176,13809,181,13990,107
2021-12-23,Nevada,057,99092,10324,10153,366,10519,110
2021-12-23,Orange,059,3164182,330396,322991,18490,341481,5863
2021-12-23,Placer,061,380077,40562,39852,4147,43999,489
2021-12-23,Plumas,063,18699,2015,1987,53,2040,12
2021-12-23,Riverside,065,2383286,392989,384567,17550,402117,5470
2021-12-23,Sacramento,067,1510023,171704,169144,5522,174666,2418
2021-12-23,San Benito,069,59416,8126,7991,194,8185,79
2021-12-23,San Bernardino,071,2135413,382847,376052,12426,388478,6043
2021-12-23,San Diego,073,3302833,418204,406616,24322,430938,4442
2021-12-23,San Francisco,075,870044,62318,58229,2854,61083,682
2021-12-23,San Joaquin,077,732212,105928,104590,5863,110453,1872
2021-12-23,San Luis Obispo,079,281455,31884,31290,1444,32734,365
2021-12-23,San Mateo,081,765935,60398,56973,1157,58130,581
2021-12-23,Santa Barbara,083,443738,48488,47553,1792,49345,567
2021-12-23,Santa Clara,085,1922200,161321,156872,1987,158859,1967
2021-12-23,Santa Cruz,087,273765,22669,22176,1104,23280,228
2021-12-23,Shasta,089,179085,23168,22959,3809,26768,432
2021-12-23,Sierra,091,2930,210,202,21,223,0
2021-12-23,Siskiyou,093,43540,3515,3460,1398,4858,60
2021-12-23,Solano,095,438530,48780,47646,1451,49097,377
2021-12-23,Sonoma,097,501317,45359,44358,636,44994,408
2021-12-23,Stanislaus,099,539301,84286,83368,9568,92936,1331
2021-12-23,Sutter,101,95872,14677,14533,421,14954,191
2021-12-23,Tehama,103,63373,8950,8861,1570,10431,136
2021-12-23,Trinity,105,12862,913,826,227,1053,17
2021-12-23,Tulare,107,460477,72412,71292,17007,88299,1137
2021-12-23,Tuolumne,109,53932,7986,7919,116,8035,91
2021-12-23,Ventura,111,848112,105883,103498,4983,108481,1206
2021-12-23,Yolo,113,214977,21440,21084,1397,22481,270
2021-12-23,Yuba,115,75493,10802,10694,420,11114,98
2021-12-22,Alameda,001,1643700,130225,126533,3338,129871,1522
2021-12-22,Alpine,003,1148,110,112,0,112,0
2021-12-22,Amador,005,37829,5901,5850,76,5926,70
2021-12-22,Butte,007,227075,22389,22070,4027,26097,330
2021-12-22,Calaveras,009,45235,4626,4580,67,4647,91
2021-12-22,Colusa,011,21464,2663,2645,704,3349,21
2021-12-22,Contra Costa,013,1133247,106712,104559,2593,107152,1070
2021-12-22,Del Norte,015,27424,3833,3794,57,3851,43
2021-12-22,El Dorado,017,186661,17485,17140,1854,18994,172
2021-12-22,Fresno,019,978130,149470,147838,12933,160771,2349
2021-12-22,Glenn,021,27897,3656,3604,1024,4628,39
2021-12-22,Humboldt,023,135768,10217,10022,763,10785,119
2021-12-22,Imperial,025,180216,37254,36755,4353,41108,798
2021-12-22,Inyo,027,18085,2668,2632,43,2675,47
2021-12-22,Kern,029,883053,135803,134433,25091,159524,1900
2021-12-22,Kings,031,150075,34359,33953,2099,36052,376
2021-12-22,Lake,033,64148,7061,7008,178,7186,116
2021-12-22,Lassen,035,31185,7103,7069,442,7511,55
2021-12-22,Los Angeles,037,10098052,1547251,1507110,61434,1568544,27234
2021-12-22,Madera,039,155013,24924,24702,2384,27086,320
2021-12-22,Marin,041,260295,19592,18927,672,19599,249
2021-12-22,Mariposa,043,17540,1503,1480,62,1542,6
2021-12-22,Mendocino,045,87422,8426,8299,704,9003,99
2021-12-22,Merced,047,269075,44459,44137,2107,46244,689
2021-12-22,Modoc,049,8938,605,595,209,804,6
2021-12-22,Mono,051,14174,2036,1979,23,2002,4
2021-12-22,Monterey,053,433212,51270,49650,3553,53203,639
2021-12-22,Napa,055,140530,14048,13746,171,13917,107
2021-12-22,Nevada,057,99092,10297,10101,361,10462,110
2021-12-22,Orange,059,3164182,328139,321765,18056,339821,5858
2021-12-22,Placer,061,380077,40381,39758,4110,43868,489
2021-12-22,Plumas,063,18699,2011,1986,53,2039,12
2021-12-22,Riverside,065,2383286,391176,383319,17435,400754,5472
2021-12-22,Sacramento,067,1510023,171068,168695,5464,174159,2422
2021-12-22,San Benito,069,59416,8074,7971,192,8163,79
2021-12-22,San Bernardino,071,2135413,381240,375044,12343,387387,6039
2021-12-22,San Diego,073,3302833,414083,404269,24001,428270,4434
2021-12-22,San Francisco,075,870044,61320,57520,2808,60328,682
2021-12-22,San Joaquin,077,732212,105658,104385,5849,110234,1870
2021-12-22,San Luis Obispo,079,281455,31743,31175,1424,32599,365
2021-12-22,San Mateo,081,765935,59714,56604,1128,57732,581
2021-12-22,Santa Barbara,083,443738,48231,47372,1777,49149,566
2021-12-22,Santa Clara,085,1922200,160202,156258,1947,158205,1954
2021-12-22,Santa Cruz,087,273765,22563,22075,1097,23172,228
2021-12-22,Shasta,089,179085,23140,22937,3804,26741,432
2021-12-22,Sierra,091,2930,210,202,21,223,0
2021-12-22,Siskiyou,093,43540,3512,3458,1395,4853,59
2021-12-22,Solano,095,438530,48548,47531,1436,48967,375
2021-12-22,Sonoma,097,501317,45084,44201,625,44826,408
2021-12-22,Stanislaus,099,539301,84143,83245,9553,92798,1331
2021-12-22,Sutter,101,95872,14642,14513,418,14931,191
2021-12-22,Tehama,103,63373,8937,8853,1567,10420,136
2021-12-22,Trinity,105,12862,913,826,227,1053,17
2021-12-22,Tulare,107,460477,72311,71226,16954,88180,1137
2021-12-22,Tuolumne,109,53932,7966,7903,116,8019,91
2021-12-22,Ventura,111,848112,105277,103089,4876,107965,1206
2021-12-22,Yolo,113,214977,21367,21012,1383,22395,270
2021-12-22,Yuba,115,75493,10785,10681,420,11101,98
2021-12-21,Alameda,001,1643700,129241,126007,3281,129288,1518
2021-12-21,Alpine,003,1148,110,112,0,112,0
2021-12-21,Amador,005,37829,5891,5845,76,5921,70
2021-12-21,Butte,007,227075,22327,22041,4014,26055,330
2021-12-21,Calaveras,009,45235,4613,4575,67,4642,91
2021-12-21,Colusa,011,21464,2661,2643,703,3346,21
2021-12-21,Contra Costa,013,1133247,106094,104255,2530,106785,1068
2021-12-21,Del Norte,015,27424,3832,3793,57,3850,43
2021-12-21,El Dorado,017,186661,17422,17098,1842,18940,172
2021-12-21,Fresno,019,978130,149209,147707,12904,160611,2341
2021-12-21,Glenn,021,27897,3642,3602,1024,4626,39
2021-12-21,Humboldt,023,135768,10152,9989,758,10747,118
2021-12-21,Imperial,025,180216,37162,36580,4310,40890,792
2021-12-21,Inyo,027,18085,2656,2627,43,2670,47
2021-12-21,Kern,029,883053,135593,134321,24985,159306,1892
2021-12-21,Kings,031,150075,34299,33914,2098,36012,376
2021-12-21,Lake,033,64148,7056,7004,176,7180,116
2021-12-21,Lassen,035,31185,7101,7069,442,7511,55
2021-12-21,Los Angeles,037,10098052,1533484,1501169,60404,1561573,27220
2021-12-21,Madera,039,155013,24889,24688,2378,27066,320
2021-12-21,Marin,041,260295,19422,18828,637,19465,249
2021-12-21,Mariposa,043,17540,1502,1480,61,1541,6
2021-12-21,Mendocino,045,87422,8410,8282,702,8984,97
2021-12-21,Merced,047,269075,44387,44096,2104,46200,688
2021-12-21,Modoc,049,8938,603,595,207,802,6
2021-12-21,Mono,051,14174,2015,1979,23,2002,4
2021-12-21,Monterey,053,433212,51179,49586,3535,53121,638
2021-12-21,Napa,055,140530,13947,13703,160,13863,107
2021-12-21,Nevada,057,99092,10268,10095,361,10456,110
2021-12-21,Orange,059,3164182,326022,320705,17597,338302,5855
2021-12-21,Placer,061,380077,40238,39649,4081,43730,487
2021-12-21,Plumas,063,18699,2011,1975,53,2028,12
2021-12-21,Riverside,065,2383286,389463,382415,17313,399728,5465
2021-12-21,Sacramento,067,1510023,170435,168422,5407,173829,2419
2021-12-21,San Benito,069,59416,8037,7950,190,8140,79
2021-12-21,San Bernardino,071,2135413,379665,374219,12238,386457,6026
2021-12-21,San Diego,073,3302833,410337,402386,23685,426071,4424
2021-12-21,San Francisco,075,870044,60359,56950,2775,59725,681
2021-12-21,San Joaquin,077,732212,105368,104238,5830,110068,1870
2021-12-21,San Luis Obispo,079,281455,31579,31103,1412,32515,365
2021-12-21,San Mateo,081,765935,59097,56381,1104,57485,581
2021-12-21,Santa Barbara,083,443738,48004,47194,1762,48956,564
2021-12-21,Santa Clara,085,1922200,159173,155769,1906,157675,1951
2021-12-21,Santa Cruz,087,273765,22447,22028,1086,23114,228
2021-12-21,Shasta,089,179085,23110,22920,3800,26720,429
2021-12-21,Sierra,091,2930,208,201,21,222,0
2021-12-21,Siskiyou,093,43540,3511,3455,1395,4850,59
2021-12-21,Solano,095,438530,48391,47474,1429,48903,372
2021-12-21,Sonoma,097,501317,44860,44051,615,44666,408
2021-12-21,Stanislaus,099,539301,83988,83167,9526,92693,1331
2021-12-21,Sutter,101,95872,14619,14492,417,14909,190
2021-12-21,Tehama,103,63373,8929,8849,1562,10411,136
2021-12-21,Trinity,105,12862,913,826,227,1053,17
2021-12-21,Tulare,107,460477,72220,71166,16912,88078,1137
2021-12-21,Tuolumne,109,53932,7942,7893,116,8009,91
2021-12-21,Ventura,111,848112,104661,102631,4763,107394,1205
2021-12-21,Yolo,113,214977,21259,20944,1379,22323,267
2021-12-21,Yuba,115,75493,10768,10668,420,11088,98
2021-12-20,Alameda,001,1643700,128318,125762,3213,128975,1515
2021-12-20,Alpine,003,1148,110,112,0,112,0
2021-12-20,Amador,005,37829,5877,5838,76,5914,70
2021-12-20,Butte,007,227075,22265,22030,4005,26035,329
2021-12-20,Calaveras,009,45235,4603,4569,67,4636,91
2021-12-20,Colusa,011,21464,2659,2644,703,3347,21
2021-12-20,Contra Costa,013,1133247,105569,104051,2485,106536,1068
2021-12-20,Del Norte,015,27424,3830,3792,57,3849,43
2021-12-20,El Dorado,017,186661,17360,17083,1833,18916,172
2021-12-20,Fresno,019,978130,148975,147605,12878,160483,2341
2021-12-20,Glenn,021,27897,3636,3597,1024,4621,39
2021-12-20,Humboldt,023,135768,10108,9973,755,10728,118
2021-12-20,Imperial,025,180216,37047,36532,4278,40810,792
2021-12-20,Inyo,027,18085,2653,2615,43,2658,47
2021-12-20,Kern,029,883053,135397,134203,24925,159128,1883
2021-12-20,Kings,031,150075,34258,33898,2097,35995,376
2021-12-20,Lake,033,64148,7051,6999,176,7175,116
2021-12-20,Lassen,035,31185,7099,7065,441,7506,55
2021-12-20,Los Angeles,037,10098052,1522067,1495251,59684,1554935,27188
2021-12-20,Madera,039,155013,24860,24668,2374,27042,313
2021-12-20,Marin,041,260295,19208,18747,619,19366,249
2021-12-20,Mariposa,043,17540,1493,1479,61,1540,6
2021-12-20,Mendocino,045,87422,8398,8264,700,8964,96
2021-12-20,Merced,047,269075,44330,44071,2099,46170,687
2021-12-20,Modoc,049,8938,603,595,204,799,6
2021-12-20,Mono,051,14174,1995,1973,23,1996,4
2021-12-20,Monterey,053,433212,51084,49556,3517,53073,636
2021-12-20,Napa,055,140530,13863,13672,150,13822,107
2021-12-20,Nevada,057,99092,10228,10079,360,10439,109
2021-12-20,Orange,059,3164182,324435,320235,17275,337510,5852
2021-12-20,Placer,061,380077,40110,39579,4051,43630,485
2021-12-20,Plumas,063,18699,2009,1971,52,2023,12
2021-12-20,Riverside,065,2383286,388024,381841,17221,399062,5452
2021-12-20,Sacramento,067,1510023,169871,168153,5365,173518,2414
2021-12-20,San Benito,069,59416,7994,7934,188,8122,79
2021-12-20,San Bernardino,071,2135413,378219,373881,12155,386036,6023
2021-12-20,San Diego,073,3302833,407104,401483,23447,424930,4412
2021-12-20,San Francisco,075,870044,59298,56661,2714,59375,681
2021-12-20,San Joaquin,077,732212,105125,104188,5821,110009,1865
2021-12-20,San Luis Obispo,079,281455,31466,31075,1404,32479,365
2021-12-20,San Mateo,081,765935,58550,56247,1085,57332,581
2021-12-20,Santa Barbara,083,443738,47796,47131,1757,48888,562
2021-12-20,Santa Clara,085,1922200,158213,155427,1857,157284,1950
2021-12-20,Santa Cruz,087,273765,22366,21989,1081,23070,227
2021-12-20,Shasta,089,179085,23090,22888,3795,26683,429
2021-12-20,Sierra,091,2930,207,201,21,222,0
2021-12-20,Siskiyou,093,43540,3510,3453,1393,4846,59
2021-12-20,Solano,095,438530,48260,47394,1421,48815,370
2021-12-20,Sonoma,097,501317,44670,43982,607,44589,408
2021-12-20,Stanislaus,099,539301,83863,83110,9499,92609,1331
2021-12-20,Sutter,101,95872,14597,14480,417,14897,190
2021-12-20,Tehama,103,63373,8921,8840,1560,10400,136
2021-12-20,Trinity,105,12862,913,826,227,1053,17
2021-12-20,Tulare,107,460477,72129,71124,16846,87970,1129
2021-12-20,Tuolumne,109,53932,7928,7867,112,7979,91
2021-12-20,Ventura,111,848112,104154,102452,4685,107137,1203
2021-12-20,Yolo,113,214977,21173,20903,1367,22270,267
2021-12-20,Yuba,115,75493,10752,10656,417,11073,97
2021-12-19,Alameda,001,1643700,127449,125464,3166,128630,1519
2021-12-19,Alpine,003,1148,110,112,0,112,0
2021-12-19,Amador,005,37829,5865,5832,75,5907,70
2021-12-19,Butte,007,227075,22213,22022,3999,26021,329
2021-12-19,Calaveras,009,45235,4587,4563,66,4629,91
2021-12-19,Colusa,011,21464,2659,2643,700,3343,21
2021-12-19,Contra Costa,013,1133247,105073,103906,2450,106356,1068
2021-12-19,Del Norte,015,27424,3826,3797,57,3854,43
2021-12-19,El Dorado,017,186661,17304,17067,1831,18898,172
2021-12-19,Fresno,019,978130,148742,147505,12856,160361,2341
2021-12-19,Glenn,021,27897,3632,3596,1024,4620,39
2021-12-19,Humboldt,023,135768,10068,9957,750,10707,118
2021-12-19,Imperial,025,180216,36921,36501,4232,40733,792
2021-12-19,Inyo,027,18085,2644,2613,43,2656,47
2021-12-19,Kern,029,883053,135201,134136,24854,158990,1883
2021-12-19,Kings,031,150075,34198,33874,2093,35967,378
2021-12-19,Lake,033,64148,7042,6999,173,7172,116
2021-12-19,Lassen,035,31185,7095,7065,441,7506,55
2021-12-19,Los Angeles,037,10098052,1513149,1495082,59076,1554158,27189
2021-12-19,Madera,039,155013,24835,24642,2368,27010,313
2021-12-19,Marin,041,260295,19032,18707,597,19304,249
2021-12-19,Mariposa,043,17540,1487,1475,61,1536,6
2021-12-19,Mendocino,045,87422,8381,8257,697,8954,96
2021-12-19,Merced,047,269075,44235,44045,2091,46136,687
2021-12-19,Modoc,049,8938,602,595,204,799,6
2021-12-19,Mono,051,14174,1985,1968,22,1990,4
2021-12-19,Monterey,053,433212,50984,49516,3495,53011,636
2021-12-19,Napa,055,140530,13790,13659,141,13800,107
2021-12-19,Nevada,057,99092,10192,10057,357,10414,109
2021-12-19,Orange,059,3164182,323056,319615,17045,336660,5852
2021-12-19,Placer,061,380077,39990,39525,4035,43560,485
2021-12-19,Plumas,063,18699,2006,1971,52,2023,12
2021-12-19,Riverside,065,2383286,386597,381305,17144,398449,5452
2021-12-19,Sacramento,067,1510023,169380,167933,5337,173270,2415
2021-12-19,San Benito,069,59416,7968,7929,187,8116,79
2021-12-19,San Bernardino,071,2135413,376942,373480,12115,385595,6023
2021-12-19,San Diego,073,3302833,404599,398197,23250,421447,4406
2021-12-19,San Francisco,075,870044,58421,56358,2657,59015,681
2021-12-19,San Joaquin,077,732212,104868,104125,5807,109932,1865
2021-12-19,San Luis Obispo,079,281455,31342,31035,1392,32427,366
2021-12-19,San Mateo,081,765935,58086,56132,1070,57202,581
2021-12-19,Santa Barbara,083,443738,47577,47070,1750,48820,562
2021-12-19,Santa Clara,085,1922200,157322,155049,1829,156878,1950
2021-12-19,Santa Cruz,087,273765,22266,21960,1076,23036,227
2021-12-19,Shasta,089,179085,23054,22875,3791,26666,429
2021-12-19,Sierra,091,2930,206,201,21,222,0
2021-12-19,Siskiyou,093,43540,3507,3452,1393,4845,59
2021-12-19,Solano,095,438530,48142,47341,1415,48756,370
2021-12-19,Sonoma,097,501317,44488,43944,605,44549,408
2021-12-19,Stanislaus,099,539301,83725,83040,9468,92508,1331
2021-12-19,Sutter,101,95872,14558,14475,416,14891,190
2021-12-19,Tehama,103,63373,8913,8840,1560,10400,136
2021-12-19,Trinity,105,12862,913,826,227,1053,17
2021-12-19,Tulare,107,460477,72035,71085,16805,87890,1129
2021-12-19,Tuolumne,109,53932,7912,7865,111,7976,91
2021-12-19,Ventura,111,848112,103576,102170,4620,106790,1203
2021-12-19,Yolo,113,214977,21099,20887,1348,22235,267
2021-12-19,Yuba,115,75493,10735,10646,415,11061,97
2021-12-18,Alameda,001,1643700,127046,124583,3141,127724,1512
2021-12-18,Alpine,003,1148,110,110,0,110,0
2021-12-18,Amador,005,37829,5859,5821,75,5896,69
2021-12-18,Butte,007,227075,22196,21956,3994,25950,328
2021-12-18,Calaveras,009,45235,4580,4534,66,4600,91
2021-12-18,Colusa,011,21464,2657,2635,698,3333,21
2021-12-18,Contra Costa,013,1133247,104862,103380,2436,105816,1065
2021-12-18,Del Norte,015,27424,3823,3791,57,3848,43
2021-12-18,El Dorado,017,186661,17276,16968,1828,18796,171
2021-12-18,Fresno,019,978130,148640,147038,12845,159883,2335
2021-12-18,Glenn,021,27897,3629,3590,1024,4614,39
2021-12-18,Humboldt,023,135768,10052,9889,750,10639,118
2021-12-18,Imperial,025,180216,36854,36280,4220,40500,790
2021-12-18,Inyo,027,18085,2638,2607,43,2650,47
2021-12-18,Kern,029,883053,135111,133754,24807,158561,1873
2021-12-18,Kings,031,150075,34166,33783,2089,35872,374
2021-12-18,Lake,033,64148,7041,6976,173,7149,115
2021-12-18,Lassen,035,31185,7093,7061,440,7501,55
2021-12-18,Los Angeles,037,10098052,1509081,1484840,58760,1543600,27135
2021-12-18,Madera,039,155013,24820,24575,2366,26941,313
2021-12-18,Marin,041,260295,18934,18537,585,19122,249
2021-12-18,Mariposa,043,17540,1486,1468,61,1529,6
2021-12-18,Mendocino,045,87422,8375,8219,697,8916,95
2021-12-18,Merced,047,269075,44202,43929,2090,46019,686
2021-12-18,Modoc,049,8938,600,595,204,799,6
2021-12-18,Mono,051,14174,1984,1956,22,1978,4
2021-12-18,Monterey,053,433212,50927,49343,3490,52833,635
2021-12-18,Napa,055,140530,13764,13581,139,13720,107
2021-12-18,Nevada,057,99092,10170,9991,355,10346,108
2021-12-18,Orange,059,3164182,322397,318149,16908,335057,5844
2021-12-18,Placer,061,380077,39890,39336,4021,43357,485
2021-12-18,Plumas,063,18699,2006,1964,52,2016,13
2021-12-18,Riverside,065,2383286,385904,379354,17102,396456,5439
2021-12-18,Sacramento,067,1510023,169143,167046,5316,172362,2404
2021-12-18,San Benito,069,59416,7953,7894,187,8081,79
2021-12-18,San Bernardino,071,2135413,376296,371658,12087,383745,6017
2021-12-18,San Diego,073,3302833,403646,397130,23198,420328,4399
2021-12-18,San Francisco,075,870044,57923,55562,2626,58188,679
2021-12-18,San Joaquin,077,732212,104780,103698,5799,109497,1858
2021-12-18,San Luis Obispo,079,281455,31299,30873,1386,32259,365
2021-12-18,San Mateo,081,765935,57846,55730,1065,56795,580
2021-12-18,Santa Barbara,083,443738,47481,46776,1748,48524,562
2021-12-18,Santa Clara,085,1922200,156870,154243,1816,156059,1946
2021-12-18,Santa Cruz,087,273765,22214,21805,1074,22879,225
2021-12-18,Shasta,089,179085,23033,22811,3791,26602,429
2021-12-18,Sierra,091,2930,206,199,21,220,0
2021-12-18,Siskiyou,093,43540,3505,3441,1392,4833,58
2021-12-18,Solano,095,438530,48096,47174,1413,48587,369
2021-12-18,Sonoma,097,501317,44377,43658,601,44259,407
2021-12-18,Stanislaus,099,539301,83644,82736,9457,92193,1330
2021-12-18,Sutter,101,95872,14540,14435,416,14851,190
2021-12-18,Tehama,103,63373,8907,8814,1559,10373,136
2021-12-18,Trinity,105,12862,913,823,227,1050,17
2021-12-18,Tulare,107,460477,71997,70922,16780,87702,1120
2021-12-18,Tuolumne,109,53932,7898,7834,111,7945,91
2021-12-18,Ventura,111,848112,103291,101612,4596,106208,1201
2021-12-18,Yolo,113,214977,21060,20793,1342,22135,267
2021-12-18,Yuba,115,75493,10723,10599,415,11014,96
2021-12-17,Alameda,001,1643700,126714,124583,3121,127704,1512
2021-12-17,Alpine,003,1148,110,110,0,110,0
2021-12-17,Amador,005,37829,5852,5821,75,5896,69
2021-12-17,Butte,007,227075,22176,21956,3988,25944,328
2021-12-17,Calaveras,009,45235,4576,4534,66,4600,91
2021-12-17,Colusa,011,21464,2656,2635,697,3332,21
2021-12-17,Contra Costa,013,1133247,104658,103380,2432,105812,1065
2021-12-17,Del Norte,015,27424,3822,3791,57,3848,43
2021-12-17,El Dorado,017,186661,17247,16968,1825,18793,171
2021-12-17,Fresno,019,978130,148536,147038,12845,159883,2335
2021-12-17,Glenn,021,27897,3622,3590,1024,4614,39
2021-12-17,Humboldt,023,135768,10033,9889,748,10637,118
2021-12-17,Imperial,025,180216,36794,36280,4202,40482,790
2021-12-17,Inyo,027,18085,2633,2607,43,2650,47
2021-12-17,Kern,029,883053,135021,133754,24765,158519,1873
2021-12-17,Kings,031,150075,34147,33783,2089,35872,374
2021-12-17,Lake,033,64148,7037,6976,173,7149,115
2021-12-17,Lassen,035,31185,7093,7061,439,7500,55
2021-12-17,Los Angeles,037,10098052,1505148,1484840,58516,1543356,27135
2021-12-17,Madera,039,155013,24804,24575,2361,26936,313
2021-12-17,Marin,041,260295,18858,18537,581,19118,249
2021-12-17,Mariposa,043,17540,1482,1468,61,1529,6
2021-12-17,Mendocino,045,87422,8364,8219,697,8916,95
2021-12-17,Merced,047,269075,44175,43929,2089,46018,686
2021-12-17,Modoc,049,8938,600,595,204,799,6
2021-12-17,Mono,051,14174,1981,1956,22,1978,4
2021-12-17,Monterey,053,433212,50870,49343,3485,52828,635
2021-12-17,Napa,055,140530,13737,13581,138,13719,107
2021-12-17,Nevada,057,99092,10159,9991,355,10346,108
2021-12-17,Orange,059,3164182,321839,318149,16840,334989,5844
2021-12-17,Placer,061,380077,39836,39336,4015,43351,485
2021-12-17,Plumas,063,18699,2005,1964,52,2016,13
2021-12-17,Riverside,065,2383286,385260,379354,17091,396445,5439
2021-12-17,Sacramento,067,1510023,168918,167046,5303,172349,2404
2021-12-17,San Benito,069,59416,7951,7894,187,8081,79
2021-12-17,San Bernardino,071,2135413,375764,371658,12070,383728,6017
2021-12-17,San Diego,073,3302833,402710,397130,23150,420280,4399
2021-12-17,San Francisco,075,870044,57597,55562,2596,58158,679
2021-12-17,San Joaquin,077,732212,104706,103698,5789,109487,1858
2021-12-17,San Luis Obispo,079,281455,31271,30873,1382,32255,365
2021-12-17,San Mateo,081,765935,57659,55730,1058,56788,580
2021-12-17,Santa Barbara,083,443738,47403,46776,1742,48518,562
2021-12-17,Santa Clara,085,1922200,156495,154243,1799,156042,1946
2021-12-17,Santa Cruz,087,273765,22167,21805,1071,22876,225
2021-12-17,Shasta,089,179085,23020,22811,3789,26600,429
2021-12-17,Sierra,091,2930,205,199,21,220,0
2021-12-17,Siskiyou,093,43540,3501,3441,1390,4831,58
2021-12-17,Solano,095,438530,48028,47174,1409,48583,369
2021-12-17,Sonoma,097,501317,44282,43658,598,44256,407
2021-12-17,Stanislaus,099,539301,83593,82736,9451,92187,1330
2021-12-17,Sutter,101,95872,14529,14435,414,14849,190
2021-12-17,Tehama,103,63373,8900,8814,1558,10372,136
2021-12-17,Trinity,105,12862,913,823,227,1050,17
2021-12-17,Tulare,107,460477,71955,70922,16749,87671,1120
2021-12-17,Tuolumne,109,53932,7886,7834,111,7945,91
2021-12-17,Ventura,111,848112,103041,101612,4584,106196,1201
2021-12-17,Yolo,113,214977,21028,20793,1337,22130,267
2021-12-17,Yuba,115,75493,10712,10599,412,11011,96
2021-12-16,Alameda,001,1643700,126343,124583,3108,127691,1512
2021-12-16,Alpine,003,1148,108,110,0,110,0
2021-12-16,Amador,005,37829,5844,5821,75,5896,69
2021-12-16,Butte,007,227075,22157,21956,3985,25941,328
2021-12-16,Calaveras,009,45235,4568,4534,66,4600,91
2021-12-16,Colusa,011,21464,2656,2635,697,3332,21
2021-12-16,Contra Costa,013,1133247,104435,103380,2420,105800,1065
2021-12-16,Del Norte,015,27424,3819,3791,57,3848,43
2021-12-16,El Dorado,017,186661,17211,16968,1820,18788,171
2021-12-16,Fresno,019,978130,148377,147038,12838,159876,2335
2021-12-16,Glenn,021,27897,3621,3590,1024,4614,39
2021-12-16,Humboldt,023,135768,10008,9889,739,10628,118
2021-12-16,Imperial,025,180216,36710,36280,4170,40450,790
2021-12-16,Inyo,027,18085,2629,2607,42,2649,47
2021-12-16,Kern,029,883053,134879,133754,24713,158467,1873
2021-12-16,Kings,031,150075,34123,33783,2088,35871,374
2021-12-16,Lake,033,64148,7033,6976,173,7149,115
2021-12-16,Lassen,035,31185,7090,7061,438,7499,55
2021-12-16,Los Angeles,037,10098052,1500953,1484840,58262,1543102,27135
2021-12-16,Madera,039,155013,24775,24575,2357,26932,313
2021-12-16,Marin,041,260295,18811,18537,573,19110,249
2021-12-16,Mariposa,043,17540,1480,1468,61,1529,6
2021-12-16,Mendocino,045,87422,8353,8219,694,8913,95
2021-12-16,Merced,047,269075,44136,43929,2089,46018,686
2021-12-16,Modoc,049,8938,600,595,204,799,6
2021-12-16,Mono,051,14174,1977,1956,22,1978,4
2021-12-16,Monterey,053,433212,50799,49343,3468,52811,635
2021-12-16,Napa,055,140530,13705,13581,138,13719,107
2021-12-16,Nevada,057,99092,10132,9991,355,10346,108
2021-12-16,Orange,059,3164182,321237,318149,16759,334908,5844
2021-12-16,Placer,061,380077,39759,39336,4010,43346,485
2021-12-16,Plumas,063,18699,2005,1964,52,2016,13
2021-12-16,Riverside,065,2383286,384460,379354,17077,396431,5439
2021-12-16,Sacramento,067,1510023,168637,167046,5278,172324,2404
2021-12-16,San Benito,069,59416,7944,7894,187,8081,79
2021-12-16,San Bernardino,071,2135413,375124,371658,12052,383710,6017
2021-12-16,San Diego,073,3302833,401526,397130,23088,420218,4399
2021-12-16,San Francisco,075,870044,57221,55562,2573,58135,679
2021-12-16,San Joaquin,077,732212,104587,103698,5782,109480,1858
2021-12-16,San Luis Obispo,079,281455,31202,30873,1376,32249,365
2021-12-16,San Mateo,081,765935,57458,55730,1055,56785,580
2021-12-16,Santa Barbara,083,443738,47281,46776,1738,48514,562
2021-12-16,Santa Clara,085,1922200,156167,154243,1789,156032,1946
2021-12-16,Santa Cruz,087,273765,22120,21805,1070,22875,225
2021-12-16,Shasta,089,179085,22990,22811,3787,26598,429
2021-12-16,Sierra,091,2930,205,199,21,220,0
2021-12-16,Siskiyou,093,43540,3500,3441,1386,4827,58
2021-12-16,Solano,095,438530,47960,47174,1402,48576,369
2021-12-16,Sonoma,097,501317,44184,43658,596,44254,407
2021-12-16,Stanislaus,099,539301,83506,82736,9438,92174,1330
2021-12-16,Sutter,101,95872,14516,14435,413,14848,190
2021-12-16,Tehama,103,63373,8893,8814,1557,10371,136
2021-12-16,Trinity,105,12862,913,823,227,1050,17
2021-12-16,Tulare,107,460477,71906,70922,16722,87644,1120
2021-12-16,Tuolumne,109,53932,7867,7834,111,7945,91
2021-12-16,Ventura,111,848112,102773,101612,4577,106189,1201
2021-12-16,Yolo,113,214977,20980,20793,1332,22125,267
2021-12-16,Yuba,115,75493,10697,10599,411,11010,96
2021-12-15,Alameda,001,1643700,126021,124342,3096,127438,1509
2021-12-15,Alpine,003,1148,108,109,0,109,0
2021-12-15,Amador,005,37829,5838,5810,75,5885,69
2021-12-15,Butte,007,227075,22138,21922,3984,25906,327
2021-12-15,Calaveras,009,45235,4562,4523,66,4589,89
2021-12-15,Colusa,011,21464,2655,2632,696,3328,21
2021-12-15,Contra Costa,013,1133247,104217,103236,2417,105653,1064
2021-12-15,Del Norte,015,27424,3818,3789,56,3845,43
2021-12-15,El Dorado,017,186661,17179,16936,1814,18750,171
2021-12-15,Fresno,019,978130,148250,146859,12827,159686,2319
2021-12-15,Glenn,021,27897,3621,3589,1024,4613,39
2021-12-15,Humboldt,023,135768,9988,9854,738,10592,118
2021-12-15,Imperial,025,180216,36633,36187,4126,40313,789
2021-12-15,Inyo,027,18085,2624,2606,42,2648,47
2021-12-15,Kern,029,883053,134739,133590,24666,158256,1866
2021-12-15,Kings,031,150075,34094,33716,2084,35800,374
2021-12-15,Lake,033,64148,7024,6968,172,7140,115
2021-12-15,Lassen,035,31185,7090,7062,438,7500,55
2021-12-15,Los Angeles,037,10098052,1497079,1482735,58070,1540805,27116
2021-12-15,Madera,039,155013,24757,24549,2351,26900,313
2021-12-15,Marin,041,260295,18753,18514,568,19082,249
2021-12-15,Mariposa,043,17540,1477,1463,61,1524,6
2021-12-15,Mendocino,045,87422,8349,8209,691,8900,95
2021-12-15,Merced,047,269075,44095,43890,2077,45967,685
2021-12-15,Modoc,049,8938,600,595,204,799,6
2021-12-15,Mono,051,14174,1974,1955,22,1977,4
2021-12-15,Monterey,053,433212,50744,49279,3449,52728,635
2021-12-15,Napa,055,140530,13676,13557,136,13693,107
2021-12-15,Nevada,057,99092,10110,9958,355,10313,107
2021-12-15,Orange,059,3164182,320661,317808,16717,334525,5838
2021-12-15,Placer,061,380077,39705,39264,4000,43264,485
2021-12-15,Plumas,063,18699,2001,1957,52,2009,12
2021-12-15,Riverside,065,2383286,383744,378769,17066,395835,5438
2021-12-15,Sacramento,067,1510023,168332,166793,5256,172049,2401
2021-12-15,San Benito,069,59416,7930,7877,187,8064,79
2021-12-15,San Bernardino,071,2135413,374593,371122,12021,383143,6013
2021-12-15,San Diego,073,3302833,400340,396546,23019,419565,4395
2021-12-15,San Francisco,075,870044,56902,55414,2555,57969,679
2021-12-15,San Joaquin,077,732212,104438,103579,5773,109352,1853
2021-12-15,San Luis Obispo,079,281455,31154,30784,1369,32153,365
2021-12-15,San Mateo,081,765935,57319,55657,1044,56701,580
2021-12-15,Santa Barbara,083,443738,47201,46681,1736,48417,562
2021-12-15,Santa Clara,085,1922200,155855,153928,1768,155696,1944
2021-12-15,Santa Cruz,087,273765,22080,21753,1063,22816,225
2021-12-15,Shasta,089,179085,22975,22778,3783,26561,427
2021-12-15,Sierra,091,2930,205,199,21,220,0
2021-12-15,Siskiyou,093,43540,3499,3434,1385,4819,58
2021-12-15,Solano,095,438530,47891,47098,1395,48493,367
2021-12-15,Sonoma,097,501317,44101,43580,591,44171,407
2021-12-15,Stanislaus,099,539301,83396,82628,9431,92059,1298
2021-12-15,Sutter,101,95872,14496,14428,412,14840,189
2021-12-15,Tehama,103,63373,8886,8806,1556,10362,136
2021-12-15,Trinity,105,12862,912,822,227,1049,17
2021-12-15,Tulare,107,460477,71853,70846,16690,87536,1120
2021-12-15,Tuolumne,109,53932,7858,7818,110,7928,91
2021-12-15,Ventura,111,848112,102558,101447,4571,106018,1199
2021-12-15,Yolo,113,214977,20952,20749,1327,22076,267
2021-12-15,Yuba,115,75493,10686,10587,410,10997,96
2021-12-14,Alameda,001,1643700,125704,124272,3087,127359,1506
2021-12-14,Alpine,003,1148,107,109,0,109,0
2021-12-14,Amador,005,37829,5832,5808,74,5882,69
2021-12-14,Butte,007,227075,22105,21901,3982,25883,326
2021-12-14,Calaveras,009,45235,4550,4517,66,4583,89
2021-12-14,Colusa,011,21464,2653,2628,696,3324,21
2021-12-14,Contra Costa,013,1133247,104035,103135,2413,105548,1064
2021-12-14,Del Norte,015,27424,3815,3788,56,3844,43
2021-12-14,El Dorado,017,186661,17145,16915,1812,18727,170
2021-12-14,Fresno,019,978130,148083,146756,12824,159580,2316
2021-12-14,Glenn,021,27897,3620,3589,1024,4613,39
2021-12-14,Humboldt,023,135768,9976,9836,729,10565,118
2021-12-14,Imperial,025,180216,36568,36049,4083,40132,789
2021-12-14,Inyo,027,18085,2624,2601,42,2643,46
2021-12-14,Kern,029,883053,134602,133498,24617,158115,1863
2021-12-14,Kings,031,150075,34057,33693,2081,35774,373
2021-12-14,Lake,033,64148,7014,6961,172,7133,115
2021-12-14,Lassen,035,31185,7089,7061,438,7499,55
2021-12-14,Los Angeles,037,10098052,1493450,1481131,57889,1539020,27099
2021-12-14,Madera,039,155013,24731,24535,2343,26878,313
2021-12-14,Marin,041,260295,18705,18491,566,19057,249
2021-12-14,Mariposa,043,17540,1474,1463,60,1523,6
2021-12-14,Mendocino,045,87422,8322,8206,689,8895,95
2021-12-14,Merced,047,269075,44049,43870,2075,45945,684
2021-12-14,Modoc,049,8938,599,595,204,799,6
2021-12-14,Mono,051,14174,1967,1955,22,1977,4
2021-12-14,Monterey,053,433212,50660,49237,3438,52675,635
2021-12-14,Napa,055,140530,13647,13528,136,13664,107
2021-12-14,Nevada,057,99092,10084,9956,354,10310,106
2021-12-14,Orange,059,3164182,320112,317465,16663,334128,5827
2021-12-14,Placer,061,380077,39628,39221,3995,43216,482
2021-12-14,Plumas,063,18699,1997,1950,50,2000,12
2021-12-14,Riverside,065,2383286,383073,378227,17049,395276,5427
2021-12-14,Sacramento,067,1510023,168020,166605,5233,171838,2394
2021-12-14,San Benito,069,59416,7912,7871,187,8058,79
2021-12-14,San Bernardino,071,2135413,373982,370604,11991,382595,6013
2021-12-14,San Diego,073,3302833,399204,395876,22969,418845,4393
2021-12-14,San Francisco,075,870044,56589,55278,2543,57821,679
2021-12-14,San Joaquin,077,732212,104296,103488,5755,109243,1848
2021-12-14,San Luis Obispo,079,281455,31095,30753,1365,32118,363
2021-12-14,San Mateo,081,765935,57154,55601,1037,56638,580
2021-12-14,Santa Barbara,083,443738,47102,46648,1731,48379,560
2021-12-14,Santa Clara,085,1922200,155535,153814,1755,155569,1945
2021-12-14,Santa Cruz,087,273765,22013,21737,1059,22796,225
2021-12-14,Shasta,089,179085,22948,22756,3782,26538,427
2021-12-14,Sierra,091,2930,203,199,21,220,0
2021-12-14,Siskiyou,093,43540,3494,3430,1384,4814,58
2021-12-14,Solano,095,438530,47844,47065,1389,48454,367
2021-12-14,Sonoma,097,501317,44019,43538,590,44128,407
2021-12-14,Stanislaus,099,539301,83309,82581,9418,91999,1293
2021-12-14,Sutter,101,95872,14484,14421,411,14832,189
2021-12-14,Tehama,103,63373,8882,8805,1556,10361,134
2021-12-14,Trinity,105,12862,912,821,227,1048,17
2021-12-14,Tulare,107,460477,71781,70803,16659,87462,1120
2021-12-14,Tuolumne,109,53932,7845,7815,110,7925,91
2021-12-14,Ventura,111,848112,102334,101343,4564,105907,1199
2021-12-14,Yolo,113,214977,20920,20734,1313,22047,267
2021-12-14,Yuba,115,75493,10669,10574,410,10984,92
2021-12-13,Alameda,001,1643700,125423,124174,3071,127245,1501
2021-12-13,Alpine,003,1148,107,109,0,109,0
2021-12-13,Amador,005,37829,5828,5797,74,5871,69
2021-12-13,Butte,007,227075,22082,21889,3978,25867,326
2021-12-13,Calaveras,009,45235,4543,4507,65,4572,89
2021-12-13,Colusa,011,21464,2651,2627,696,3323,21
2021-12-13,Contra Costa,013,1133247,103885,103041,2401,105442,1064
2021-12-13,Del Norte,015,27424,3811,3787,56,3843,42
2021-12-13,El Dorado,017,186661,17122,16896,1810,18706,170
2021-12-13,Fresno,019,978130,147934,146641,12814,159455,2312
2021-12-13,Glenn,021,27897,3615,3589,1022,4611,37
2021-12-13,Humboldt,023,135768,9947,9821,725,10546,118
2021-12-13,Imperial,025,180216,36491,35974,4062,40036,787
2021-12-13,Inyo,027,18085,2623,2592,42,2634,46
2021-12-13,Kern,029,883053,134475,133381,24564,157945,1863
2021-12-13,Kings,031,150075,34014,33680,2076,35756,372
2021-12-13,Lake,033,64148,7012,6958,170,7128,115
2021-12-13,Lassen,035,31185,7088,7057,438,7495,55
2021-12-13,Los Angeles,037,10098052,1490671,1480195,57722,1537917,27085
2021-12-13,Madera,039,155013,24703,24527,2338,26865,311
2021-12-13,Marin,041,260295,18645,18471,563,19034,249
2021-12-13,Mariposa,043,17540,1472,1462,60,1522,6
2021-12-13,Mendocino,045,87422,8309,8196,687,8883,95
2021-12-13,Merced,047,269075,44010,43848,2071,45919,682
2021-12-13,Modoc,049,8938,598,595,204,799,6
2021-12-13,Mono,051,14174,1960,1952,22,1974,4
2021-12-13,Monterey,053,433212,50607,49222,3420,52642,631
2021-12-13,Napa,055,140530,13634,13518,136,13654,107
2021-12-13,Nevada,057,99092,10065,9946,353,10299,106
2021-12-13,Orange,059,3164182,319653,317112,16610,333722,5824
2021-12-13,Placer,061,380077,39567,39168,3984,43152,481
2021-12-13,Plumas,063,18699,1993,1943,50,1993,12
2021-12-13,Riverside,065,2383286,382493,377728,17034,394762,5414
2021-12-13,Sacramento,067,1510023,167743,166439,5199,171638,2392
2021-12-13,San Benito,069,59416,7903,7856,187,8043,79
2021-12-13,San Bernardino,071,2135413,373418,370274,11985,382259,6011
2021-12-13,San Diego,073,3302833,398395,395266,22917,418183,4389
2021-12-13,San Francisco,075,870044,56318,55245,2530,57775,678
2021-12-13,San Joaquin,077,732212,104179,103449,5746,109195,1846
2021-12-13,San Luis Obispo,079,281455,31047,30746,1361,32107,363
2021-12-13,San Mateo,081,765935,56994,55569,1028,56597,580
2021-12-13,Santa Barbara,083,443738,47015,46608,1726,48334,560
2021-12-13,Santa Clara,085,1922200,155270,153672,1744,155416,1944
2021-12-13,Santa Cruz,087,273765,21958,21698,1056,22754,225
2021-12-13,Shasta,089,179085,22927,22731,3780,26511,426
2021-12-13,Sierra,091,2930,203,199,21,220,0
2021-12-13,Siskiyou,093,43540,3490,3426,1381,4807,57
2021-12-13,Solano,095,438530,47771,47045,1384,48429,365
2021-12-13,Sonoma,097,501317,43923,43492,588,44080,407
2021-12-13,Stanislaus,099,539301,83193,82507,9398,91905,1282
2021-12-13,Sutter,101,95872,14477,14408,411,14819,188
2021-12-13,Tehama,103,63373,8870,8800,1556,10356,134
2021-12-13,Trinity,105,12862,912,820,227,1047,17
2021-12-13,Tulare,107,460477,71724,70758,16635,87393,1114
2021-12-13,Tuolumne,109,53932,7834,7804,110,7914,91
2021-12-13,Ventura,111,848112,102109,101180,4553,105733,1197
2021-12-13,Yolo,113,214977,20874,20706,1307,22013,267
2021-12-13,Yuba,115,75493,10652,10570,410,10980,92
2021-12-12,Alameda,001,1643700,125138,124075,3058,127133,1503
2021-12-12,Alpine,003,1148,107,109,0,109,0
2021-12-12,Amador,005,37829,5821,5797,73,5870,69
2021-12-12,Butte,007,227075,22057,21874,3975,25849,326
2021-12-12,Calaveras,009,45235,4533,4501,65,4566,89
2021-12-12,Colusa,011,21464,2647,2627,693,3320,21
2021-12-12,Contra Costa,013,1133247,103698,102976,2399,105375,1065
2021-12-12,Del Norte,015,27424,3808,3793,56,3849,42
2021-12-12,El Dorado,017,186661,17086,16890,1802,18692,170
2021-12-12,Fresno,019,978130,147771,146518,12799,159317,2310
2021-12-12,Glenn,021,27897,3612,3589,1021,4610,37
2021-12-12,Humboldt,023,135768,9923,9804,718,10522,118
2021-12-12,Imperial,025,180216,36357,35926,4028,39954,787
2021-12-12,Inyo,027,18085,2618,2592,42,2634,46
2021-12-12,Kern,029,883053,134310,133314,24523,157837,1861
2021-12-12,Kings,031,150075,33963,33661,2074,35735,372
2021-12-12,Lake,033,64148,7005,6955,168,7123,115
2021-12-12,Lassen,035,31185,7087,7057,438,7495,55
2021-12-12,Los Angeles,037,10098052,1487769,1479054,57538,1536592,27074
2021-12-12,Madera,039,155013,24673,24493,2330,26823,311
2021-12-12,Marin,041,260295,18592,18451,559,19010,249
2021-12-12,Mariposa,043,17540,1471,1461,60,1521,6
2021-12-12,Mendocino,045,87422,8296,8190,686,8876,95
2021-12-12,Merced,047,269075,43977,43821,2064,45885,682
2021-12-12,Modoc,049,8938,598,595,203,798,6
2021-12-12,Mono,051,14174,1956,1947,22,1969,4
2021-12-12,Monterey,053,433212,50554,49192,3393,52585,631
2021-12-12,Napa,055,140530,13591,13508,134,13642,107
2021-12-12,Nevada,057,99092,10038,9938,352,10290,106
2021-12-12,Orange,059,3164182,319152,316918,16546,333464,5825
2021-12-12,Placer,061,380077,39503,39139,3978,43117,481
2021-12-12,Plumas,063,18699,1989,1942,48,1990,12
2021-12-12,Riverside,065,2383286,381821,377467,17008,394475,5414
2021-12-12,Sacramento,067,1510023,167472,166291,5178,171469,2392
2021-12-12,San Benito,069,59416,7883,7853,187,8040,79
2021-12-12,San Bernardino,071,2135413,372789,369977,11959,381936,6011
2021-12-12,San Diego,073,3302833,397496,393307,22879,416186,4378
2021-12-12,San Francisco,075,870044,56064,55180,2518,57698,678
2021-12-12,San Joaquin,077,732212,104041,103405,5736,109141,1846
2021-12-12,San Luis Obispo,079,281455,30994,30719,1359,32078,363
2021-12-12,San Mateo,081,765935,56878,55505,1023,56528,580
2021-12-12,Santa Barbara,083,443738,46940,46586,1724,48310,560
2021-12-12,Santa Clara,085,1922200,154990,153452,1730,155182,1945
2021-12-12,Santa Cruz,087,273765,21910,21671,1054,22725,225
2021-12-12,Shasta,089,179085,22899,22732,3779,26511,426
2021-12-12,Sierra,091,2930,203,199,21,220,0
2021-12-12,Siskiyou,093,43540,3490,3424,1381,4805,57
2021-12-12,Solano,095,438530,47705,47021,1379,48400,365
2021-12-12,Sonoma,097,501317,43829,43424,585,44009,407
2021-12-12,Stanislaus,099,539301,83093,82460,9387,91847,1282
2021-12-12,Sutter,101,95872,14466,14396,411,14807,189
2021-12-12,Tehama,103,63373,8859,8796,1554,10350,134
2021-12-12,Trinity,105,12862,910,820,227,1047,17
2021-12-12,Tulare,107,460477,71647,70733,16593,87326,1115
2021-12-12,Tuolumne,109,53932,7817,7794,110,7904,91
2021-12-12,Ventura,111,848112,101915,101105,4539,105644,1197
2021-12-12,Yolo,113,214977,20824,20685,1296,21981,267
2021-12-12,Yuba,115,75493,10638,10565,407,10972,92
2021-12-11,Alameda,001,1643700,125003,123572,3056,126628,1496
2021-12-11,Alpine,003,1148,107,109,0,109,0
2021-12-11,Amador,005,37829,5816,5787,73,5860,69
2021-12-11,Butte,007,227075,22043,21819,3974,25793,326
2021-12-11,Calaveras,009,45235,4525,4469,64,4533,89
2021-12-11,Colusa,011,21464,2643,2619,692,3311,21
2021-12-11,Contra Costa,013,1133247,103612,102618,2397,105015,1061
2021-12-11,Del Norte,015,27424,3808,3778,56,3834,42
2021-12-11,El Dorado,017,186661,17065,16796,1801,18597,170
2021-12-11,Fresno,019,978130,147684,145988,12793,158781,2294
2021-12-11,Glenn,021,27897,3611,3585,1020,4605,37
2021-12-11,Humboldt,023,135768,9906,9721,715,10436,118
2021-12-11,Imperial,025,180216,36298,35635,4018,39653,782
2021-12-11,Inyo,027,18085,2613,2576,42,2618,46
2021-12-11,Kern,029,883053,134241,132852,24488,157340,1854
2021-12-11,Kings,031,150075,33950,33530,2072,35602,371
2021-12-11,Lake,033,64148,7004,6932,166,7098,114
2021-12-11,Lassen,035,31185,7086,7049,438,7487,55
2021-12-11,Los Angeles,037,10098052,1486556,1474030,57446,1531476,27031
2021-12-11,Madera,039,155013,24667,24417,2329,26746,311
2021-12-11,Marin,041,260295,18558,18339,556,18895,249
2021-12-11,Mariposa,043,17540,1470,1450,60,1510,6
2021-12-11,Mendocino,045,87422,8289,8130,686,8816,95
2021-12-11,Merced,047,269075,43958,43690,2063,45753,681
2021-12-11,Modoc,049,8938,598,594,203,797,6
2021-12-11,Mono,051,14174,1952,1926,22,1948,4
2021-12-11,Monterey,053,433212,50526,49008,3390,52398,631
2021-12-11,Napa,055,140530,13574,13459,134,13593,107
2021-12-11,Nevada,057,99092,10024,9880,352,10232,106
2021-12-11,Orange,059,3164182,318899,315759,16518,332277,5805
2021-12-11,Placer,061,380077,39445,38959,3971,42930,481
2021-12-11,Plumas,063,18699,1983,1934,48,1982,12
2021-12-11,Riverside,065,2383286,381404,375649,16994,392643,5408
2021-12-11,Sacramento,067,1510023,167344,165530,5168,170698,2386
2021-12-11,San Benito,069,59416,7869,7808,187,7995,79
2021-12-11,San Bernardino,071,2135413,372430,368145,11950,380095,6007
2021-12-11,San Diego,073,3302833,397072,392274,22840,415114,4374
2021-12-11,San Francisco,075,870044,55911,54869,2512,57381,678
2021-12-11,San Joaquin,077,732212,103980,103013,5732,108745,1842
2021-12-11,San Luis Obispo,079,281455,30971,30567,1355,31922,362
2021-12-11,San Mateo,081,765935,56800,55284,1021,56305,580
2021-12-11,Santa Barbara,083,443738,46906,46309,1724,48033,559
2021-12-11,Santa Clara,085,1922200,154793,152846,1718,154564,1941
2021-12-11,Santa Cruz,087,273765,21886,21557,1054,22611,225
2021-12-11,Shasta,089,179085,22884,22660,3775,26435,419
2021-12-11,Sierra,091,2930,203,199,21,220,0
2021-12-11,Siskiyou,093,43540,3484,3418,1378,4796,57
2021-12-11,Solano,095,438530,47676,46891,1374,48265,365
2021-12-11,Sonoma,097,501317,43781,43227,585,43812,407
2021-12-11,Stanislaus,099,539301,83043,82133,9378,91511,1264
2021-12-11,Sutter,101,95872,14457,14354,411,14765,187
2021-12-11,Tehama,103,63373,8856,8776,1552,10328,134
2021-12-11,Trinity,105,12862,910,819,227,1046,17
2021-12-11,Tulare,107,460477,71604,70523,16583,87106,1103
2021-12-11,Tuolumne,109,53932,7808,7760,110,7870,91
2021-12-11,Ventura,111,848112,101839,100711,4532,105243,1195
2021-12-11,Yolo,113,214977,20805,20608,1292,21900,267
2021-12-11,Yuba,115,75493,10626,10519,406,10925,92
2021-12-10,Alameda,001,1643700,124879,123572,3049,126621,1496
2021-12-10,Alpine,003,1148,106,109,0,109,0
2021-12-10,Amador,005,37829,5809,5787,73,5860,69
2021-12-10,Butte,007,227075,22030,21819,3972,25791,326
2021-12-10,Calaveras,009,45235,4522,4469,64,4533,89
2021-12-10,Colusa,011,21464,2642,2619,692,3311,21
2021-12-10,Contra Costa,013,1133247,103515,102618,2396,105014,1061
2021-12-10,Del Norte,015,27424,3808,3778,56,3834,42
2021-12-10,El Dorado,017,186661,17052,16796,1801,18597,170
2021-12-10,Fresno,019,978130,147596,145988,12787,158775,2294
2021-12-10,Glenn,021,27897,3611,3585,1020,4605,37
2021-12-10,Humboldt,023,135768,9889,9721,713,10434,118
2021-12-10,Imperial,025,180216,36242,35635,4003,39638,782
2021-12-10,Inyo,027,18085,2610,2576,42,2618,46
2021-12-10,Kern,029,883053,134153,132852,24464,157316,1854
2021-12-10,Kings,031,150075,33935,33530,2070,35600,371
2021-12-10,Lake,033,64148,6997,6932,166,7098,114
2021-12-10,Lassen,035,31185,7085,7049,438,7487,55
2021-12-10,Los Angeles,037,10098052,1485464,1474030,57359,1531389,27031
2021-12-10,Madera,039,155013,24649,24417,2327,26744,311
2021-12-10,Marin,041,260295,18536,18339,556,18895,249
2021-12-10,Mariposa,043,17540,1467,1450,60,1510,6
2021-12-10,Mendocino,045,87422,8282,8130,685,8815,95
2021-12-10,Merced,047,269075,43940,43690,2061,45751,681
2021-12-10,Modoc,049,8938,598,594,203,797,6
2021-12-10,Mono,051,14174,1949,1926,22,1948,4
2021-12-10,Monterey,053,433212,50489,49008,3384,52392,631
2021-12-10,Napa,055,140530,13562,13459,133,13592,107
2021-12-10,Nevada,057,99092,10015,9880,352,10232,106
2021-12-10,Orange,059,3164182,318625,315759,16485,332244,5805
2021-12-10,Placer,061,380077,39402,38959,3968,42927,481
2021-12-10,Plumas,063,18699,1981,1934,48,1982,12
2021-12-10,Riverside,065,2383286,380998,375649,16983,392632,5408
2021-12-10,Sacramento,067,1510023,167190,165530,5166,170696,2386
2021-12-10,San Benito,069,59416,7865,7808,187,7995,79
2021-12-10,San Bernardino,071,2135413,372056,368145,11927,380072,6007
2021-12-10,San Diego,073,3302833,396593,392274,22826,415100,4374
2021-12-10,San Francisco,075,870044,55827,54869,2506,57375,678
2021-12-10,San Joaquin,077,732212,103925,103013,5728,108741,1842
2021-12-10,San Luis Obispo,079,281455,30961,30567,1352,31919,362
2021-12-10,San Mateo,081,765935,56743,55284,1018,56302,580
2021-12-10,Santa Barbara,083,443738,46870,46309,1723,48032,559
2021-12-10,Santa Clara,085,1922200,154622,152846,1705,154551,1941
2021-12-10,Santa Cruz,087,273765,21867,21557,1053,22610,225
2021-12-10,Shasta,089,179085,22873,22660,3772,26432,419
2021-12-10,Sierra,091,2930,203,199,21,220,0
2021-12-10,Siskiyou,093,43540,3477,3418,1378,4796,57
2021-12-10,Solano,095,438530,47634,46891,1370,48261,365
2021-12-10,Sonoma,097,501317,43747,43227,584,43811,407
2021-12-10,Stanislaus,099,539301,82978,82133,9372,91505,1264
2021-12-10,Sutter,101,95872,14448,14354,411,14765,187
2021-12-10,Tehama,103,63373,8854,8776,1550,10326,134
2021-12-10,Trinity,105,12862,910,819,227,1046,17
2021-12-10,Tulare,107,460477,71575,70523,16556,87079,1103
2021-12-10,Tuolumne,109,53932,7803,7760,110,7870,91
2021-12-10,Ventura,111,848112,101735,100711,4529,105240,1195
2021-12-10,Yolo,113,214977,20790,20608,1290,21898,267
2021-12-10,Yuba,115,75493,10614,10519,405,10924,92
2021-12-09,Alameda,001,1643700,124736,123572,3044,126616,1496
2021-12-09,Alpine,003,1148,106,109,0,109,0
2021-12-09,Amador,005,37829,5806,5787,72,5859,69
2021-12-09,Butte,007,227075,22009,21819,3969,25788,326
2021-12-09,Calaveras,009,45235,4513,4469,64,4533,89
2021-12-09,Colusa,011,21464,2640,2619,692,3311,21
2021-12-09,Contra Costa,013,1133247,103396,102618,2390,105008,1061
2021-12-09,Del Norte,015,27424,3807,3778,56,3834,42
2021-12-09,El Dorado,017,186661,17024,16796,1796,18592,170
2021-12-09,Fresno,019,978130,147449,145988,12777,158765,2294
2021-12-09,Glenn,021,27897,3611,3585,1020,4605,37
2021-12-09,Humboldt,023,135768,9867,9721,712,10433,118
2021-12-09,Imperial,025,180216,36172,35635,3973,39608,782
2021-12-09,Inyo,027,18085,2608,2576,42,2618,46
2021-12-09,Kern,029,883053,134027,132852,24431,157283,1854
2021-12-09,Kings,031,150075,33909,33530,2067,35597,371
2021-12-09,Lake,033,64148,6989,6932,166,7098,114
2021-12-09,Lassen,035,31185,7083,7049,438,7487,55
2021-12-09,Los Angeles,037,10098052,1483931,1474030,57274,1531304,27031
2021-12-09,Madera,039,155013,24624,24417,2324,26741,311
2021-12-09,Marin,041,260295,18523,18339,554,18893,249
2021-12-09,Mariposa,043,17540,1466,1450,60,1510,6
2021-12-09,Mendocino,045,87422,8269,8130,685,8815,95
2021-12-09,Merced,047,269075,43901,43690,2050,45740,681
2021-12-09,Modoc,049,8938,598,594,203,797,6
2021-12-09,Mono,051,14174,1944,1926,22,1948,4
2021-12-09,Monterey,053,433212,50441,49008,3373,52381,631
2021-12-09,Napa,055,140530,13542,13459,129,13588,107
2021-12-09,Nevada,057,99092,9996,9880,352,10232,106
2021-12-09,Orange,059,3164182,318294,315759,16446,332205,5805
2021-12-09,Placer,061,380077,39359,38959,3955,42914,481
2021-12-09,Plumas,063,18699,1973,1934,48,1982,12
2021-12-09,Riverside,065,2383286,380451,375649,16968,392617,5408
2021-12-09,Sacramento,067,1510023,166971,165530,5151,170681,2386
2021-12-09,San Benito,069,59416,7853,7808,186,7994,79
2021-12-09,San Bernardino,071,2135413,371571,368145,11907,380052,6007
2021-12-09,San Diego,073,3302833,395947,392274,22796,415070,4374
2021-12-09,San Francisco,075,870044,55742,54869,2499,57368,678
2021-12-09,San Joaquin,077,732212,103833,103013,5722,108735,1842
2021-12-09,San Luis Obispo,079,281455,30933,30567,1350,31917,362
2021-12-09,San Mateo,081,765935,56654,55284,1016,56300,580
2021-12-09,Santa Barbara,083,443738,46791,46309,1716,48025,559
2021-12-09,Santa Clara,085,1922200,154408,152846,1694,154540,1941
2021-12-09,Santa Cruz,087,273765,21839,21557,1053,22610,225
2021-12-09,Shasta,089,179085,22857,22660,3771,26431,419
2021-12-09,Sierra,091,2930,203,199,21,220,0
2021-12-09,Siskiyou,093,43540,3473,3418,1377,4795,57
2021-12-09,Solano,095,438530,47597,46891,1368,48259,365
2021-12-09,Sonoma,097,501317,43690,43227,583,43810,407
2021-12-09,Stanislaus,099,539301,82907,82133,9359,91492,1264
2021-12-09,Sutter,101,95872,14433,14354,411,14765,187
2021-12-09,Tehama,103,63373,8847,8776,1549,10325,134
2021-12-09,Trinity,105,12862,910,819,227,1046,17
2021-12-09,Tulare,107,460477,71518,70523,16527,87050,1103
2021-12-09,Tuolumne,109,53932,7792,7760,110,7870,91
2021-12-09,Ventura,111,848112,101590,100711,4517,105228,1195
2021-12-09,Yolo,113,214977,20767,20608,1282,21890,267
2021-12-09,Yuba,115,75493,10606,10519,402,10921,92
2021-12-08,Alameda,001,1643700,124588,123438,3034,126472,1496
2021-12-08,Alpine,003,1148,106,108,0,108,0
2021-12-08,Amador,005,37829,5801,5781,72,5853,69
2021-12-08,Butte,007,227075,21993,21780,3966,25746,326
2021-12-08,Calaveras,009,45235,4504,4455,64,4519,89
2021-12-08,Colusa,011,21464,2637,2619,691,3310,21
2021-12-08,Contra Costa,013,1133247,103265,102506,2389,104895,1058
2021-12-08,Del Norte,015,27424,3806,3767,56,3823,42
2021-12-08,El Dorado,017,186661,16992,16757,1796,18553,170
2021-12-08,Fresno,019,978130,147293,145830,12766,158596,2293
2021-12-08,Glenn,021,27897,3611,3584,1018,4602,37
2021-12-08,Humboldt,023,135768,9845,9704,710,10414,117
2021-12-08,Imperial,025,180216,36099,35537,3941,39478,782
2021-12-08,Inyo,027,18085,2605,2570,42,2612,46
2021-12-08,Kern,029,883053,133904,132709,24384,157093,1846
2021-12-08,Kings,031,150075,33874,33468,2066,35534,371
2021-12-08,Lake,033,64148,6983,6927,165,7092,114
2021-12-08,Lassen,035,31185,7081,7041,436,7477,55
2021-12-08,Los Angeles,037,10098052,1482406,1472410,57163,1529573,27018
2021-12-08,Madera,039,155013,24603,24396,2317,26713,311
2021-12-08,Marin,041,260295,18502,18305,551,18856,249
2021-12-08,Mariposa,043,17540,1464,1447,60,1507,6
2021-12-08,Mendocino,045,87422,8256,8118,684,8802,95
2021-12-08,Merced,047,269075,43869,43631,2042,45673,680
2021-12-08,Modoc,049,8938,598,594,203,797,6
2021-12-08,Mono,051,14174,1938,1924,22,1946,4
2021-12-08,Monterey,053,433212,50376,48957,3357,52314,631
2021-12-08,Napa,055,140530,13528,13421,129,13550,107
2021-12-08,Nevada,057,99092,9980,9862,352,10214,106
2021-12-08,Orange,059,3164182,317948,315421,16408,331829,5795
2021-12-08,Placer,061,380077,39307,38934,3950,42884,478
2021-12-08,Plumas,063,18699,1971,1924,48,1972,12
2021-12-08,Riverside,065,2383286,379948,375099,16944,392043,5404
2021-12-08,Sacramento,067,1510023,166720,165278,5123,170401,2373
2021-12-08,San Benito,069,59416,7844,7793,186,7979,79
2021-12-08,San Bernardino,071,2135413,371110,367516,11882,379398,6006
2021-12-08,San Diego,073,3302833,395296,391676,22764,414440,4369
2021-12-08,San Francisco,075,870044,55655,54792,2491,57283,677
2021-12-08,San Joaquin,077,732212,103732,102877,5712,108589,1841
2021-12-08,San Luis Obispo,079,281455,30886,30519,1345,31864,361
2021-12-08,San Mateo,081,765935,56583,55220,1010,56230,580
2021-12-08,Santa Barbara,083,443738,46736,46250,1713,47963,558
2021-12-08,Santa Clara,085,1922200,154247,152674,1683,154357,1937
2021-12-08,Santa Cruz,087,273765,21792,21505,1051,22556,224
2021-12-08,Shasta,089,179085,22837,22616,3765,26381,419
2021-12-08,Sierra,091,2930,203,199,21,220,0
2021-12-08,Siskiyou,093,43540,3472,3415,1375,4790,57
2021-12-08,Solano,095,438530,47567,46837,1367,48204,365
2021-12-08,Sonoma,097,501317,43627,43179,582,43761,405
2021-12-08,Stanislaus,099,539301,82824,82038,9348,91386,1264
2021-12-08,Sutter,101,95872,14417,14336,409,14745,187
2021-12-08,Tehama,103,63373,8838,8768,1549,10317,133
2021-12-08,Trinity,105,12862,910,818,227,1045,17
2021-12-08,Tulare,107,460477,71455,70472,16502,86974,1102
2021-12-08,Tuolumne,109,53932,7779,7749,110,7859,91
2021-12-08,Ventura,111,848112,101461,100647,4514,105161,1194
2021-12-08,Yolo,113,214977,20741,20575,1276,21851,267
2021-12-08,Yuba,115,75493,10592,10499,399,10898,92
2021-12-07,Alameda,001,1643700,124418,123325,3025,126350,1497
2021-12-07,Alpine,003,1148,106,108,0,108,0
2021-12-07,Amador,005,37829,5798,5778,71,5849,69
2021-12-07,Butte,007,227075,21969,21761,3961,25722,324
2021-12-07,Calaveras,009,45235,4488,4445,64,4509,88
2021-12-07,Colusa,011,21464,2635,2619,691,3310,21
2021-12-07,Contra Costa,013,1133247,103143,102421,2380,104801,1058
2021-12-07,Del Norte,015,27424,3805,3766,56,3822,42
2021-12-07,El Dorado,017,186661,16969,16742,1793,18535,170
2021-12-07,Fresno,019,978130,147147,145715,12751,158466,2289
2021-12-07,Glenn,021,27897,3610,3579,1017,4596,36
2021-12-07,Humboldt,023,135768,9821,9693,705,10398,117
2021-12-07,Imperial,025,180216,36021,35502,3920,39422,778
2021-12-07,Inyo,027,18085,2602,2567,42,2609,46
2021-12-07,Kern,029,883053,133748,132564,24331,156895,1838
2021-12-07,Kings,031,150075,33842,33441,2063,35504,372
2021-12-07,Lake,033,64148,6978,6925,165,7090,113
2021-12-07,Lassen,035,31185,7080,7040,435,7475,55
2021-12-07,Los Angeles,037,10098052,1480627,1470904,57060,1527964,27007
2021-12-07,Madera,039,155013,24580,24367,2310,26677,311
2021-12-07,Marin,041,260295,18468,18284,545,18829,249
2021-12-07,Mariposa,043,17540,1462,1446,60,1506,6
2021-12-07,Mendocino,045,87422,8238,8107,684,8791,95
2021-12-07,Merced,047,269075,43828,43600,2035,45635,675
2021-12-07,Modoc,049,8938,598,594,202,796,6
2021-12-07,Mono,051,14174,1935,1921,22,1943,4
2021-12-07,Monterey,053,433212,50292,48880,3340,52220,631
2021-12-07,Napa,055,140530,13510,13409,129,13538,107
2021-12-07,Nevada,057,99092,9966,9858,351,10209,105
2021-12-07,Orange,059,3164182,317617,315138,16359,331497,5784
2021-12-07,Placer,061,380077,39231,38860,3946,42806,474
2021-12-07,Plumas,063,18699,1967,1915,48,1963,12
2021-12-07,Riverside,065,2383286,379420,374552,16928,391480,5397
2021-12-07,Sacramento,067,1510023,166474,165148,5109,170257,2375
2021-12-07,San Benito,069,59416,7828,7776,186,7962,78
2021-12-07,San Bernardino,071,2135413,370545,366981,11864,378845,6007
2021-12-07,San Diego,073,3302833,394444,391110,22726,413836,4357
2021-12-07,San Francisco,075,870044,55545,54729,2486,57215,676
2021-12-07,San Joaquin,077,732212,103613,102797,5700,108497,1839
2021-12-07,San Luis Obispo,079,281455,30847,30495,1343,31838,361
2021-12-07,San Mateo,081,765935,56494,55163,1004,56167,580
2021-12-07,Santa Barbara,083,443738,46665,46205,1711,47916,556
2021-12-07,Santa Clara,085,1922200,154061,152465,1674,154139,1941
2021-12-07,Santa Cruz,087,273765,21745,21493,1051,22544,224
2021-12-07,Shasta,089,179085,22815,22594,3762,26356,418
2021-12-07,Sierra,091,2930,203,199,21,220,0
2021-12-07,Siskiyou,093,43540,3470,3412,1375,4787,57
2021-12-07,Solano,095,438530,47527,46812,1365,48177,365
2021-12-07,Sonoma,097,501317,43553,43154,581,43735,405
2021-12-07,Stanislaus,099,539301,82746,81980,9336,91316,1258
2021-12-07,Sutter,101,95872,14409,14322,408,14730,186
2021-12-07,Tehama,103,63373,8830,8765,1548,10313,133
2021-12-07,Trinity,105,12862,910,818,227,1045,17
2021-12-07,Tulare,107,460477,71397,70411,16473,86884,1103
2021-12-07,Tuolumne,109,53932,7771,7743,110,7853,91
2021-12-07,Ventura,111,848112,101365,100569,4504,105073,1194
2021-12-07,Yolo,113,214977,20715,20560,1273,21833,263
2021-12-07,Yuba,115,75493,10575,10491,398,10889,91
2021-12-06,Alameda,001,1643700,124252,123227,3022,126249,1496
2021-12-06,Alpine,003,1148,106,108,0,108,0
2021-12-06,Amador,005,37829,5792,5769,70,5839,67
2021-12-06,Butte,007,227075,21952,21732,3958,25690,321
2021-12-06,Calaveras,009,45235,4481,4443,64,4507,88
2021-12-06,Colusa,011,21464,2634,2615,687,3302,21
2021-12-06,Contra Costa,013,1133247,103023,102327,2377,104704,1058
2021-12-06,Del Norte,015,27424,3803,3744,56,3800,42
2021-12-06,El Dorado,017,186661,16944,16726,1791,18517,168
2021-12-06,Fresno,019,978130,146952,145539,12741,158280,2285
2021-12-06,Glenn,021,27897,3607,3577,1015,4592,36
2021-12-06,Humboldt,023,135768,9801,9671,698,10369,117
2021-12-06,Imperial,025,180216,35943,35453,3901,39354,778
2021-12-06,Inyo,027,18085,2596,2562,41,2603,46
2021-12-06,Kern,029,883053,133562,132366,24273,156639,1835
2021-12-06,Kings,031,150075,33809,33399,2058,35457,368
2021-12-06,Lake,033,64148,6974,6922,165,7087,113
2021-12-06,Lassen,035,31185,7075,7032,433,7465,51
2021-12-06,Los Angeles,037,10098052,1478969,1470059,56968,1527027,26993
2021-12-06,Madera,039,155013,24553,24334,2306,26640,307
2021-12-06,Marin,041,260295,18440,18252,543,18795,249
2021-12-06,Mariposa,043,17540,1459,1443,60,1503,6
2021-12-06,Mendocino,045,87422,8225,8079,680,8759,95
2021-12-06,Merced,047,269075,43788,43549,2025,45574,672
2021-12-06,Modoc,049,8938,598,593,202,795,6
2021-12-06,Mono,051,14174,1931,1913,22,1935,4
2021-12-06,Monterey,053,433212,50215,48831,3320,52151,626
2021-12-06,Napa,055,140530,13487,13387,127,13514,107
2021-12-06,Nevada,057,99092,9939,9847,350,10197,105
2021-12-06,Orange,059,3164182,317241,314859,16316,331175,5771
2021-12-06,Placer,061,380077,39173,38785,3941,42726,473
2021-12-06,Plumas,063,18699,1959,1913,48,1961,10
2021-12-06,Riverside,065,2383286,378902,374116,16914,391030,5388
2021-12-06,Sacramento,067,1510023,166193,164926,5088,170014,2367
2021-12-06,San Benito,069,59416,7812,7755,186,7941,78
2021-12-06,San Bernardino,071,2135413,369997,366606,11837,378443,5998
2021-12-06,San Diego,073,3302833,393594,390389,22681,413070,4352
2021-12-06,San Francisco,075,870044,55437,54659,2481,57140,674
2021-12-06,San Joaquin,077,732212,103487,102728,5693,108421,1837
2021-12-06,San Luis Obispo,079,281455,30810,30464,1341,31805,361
2021-12-06,San Mateo,081,765935,56420,55112,1001,56113,580
2021-12-06,Santa Barbara,083,443738,46574,46146,1710,47856,556
2021-12-06,Santa Clara,085,1922200,153853,152310,1659,153969,1937
2021-12-06,Santa Cruz,087,273765,21710,21450,1048,22498,224
2021-12-06,Shasta,089,179085,22792,22556,3754,26310,416
2021-12-06,Sierra,091,2930,202,198,21,219,0
2021-12-06,Siskiyou,093,43540,3468,3409,1370,4779,57
2021-12-06,Solano,095,438530,47482,46748,1364,48112,360
2021-12-06,Sonoma,097,501317,43485,43114,573,43687,405
2021-12-06,Stanislaus,099,539301,82649,81889,9302,91191,1241
2021-12-06,Sutter,101,95872,14397,14319,408,14727,186
2021-12-06,Tehama,103,63373,8822,8760,1548,10308,133
2021-12-06,Trinity,105,12862,910,815,226,1041,17
2021-12-06,Tulare,107,460477,71321,70285,16434,86719,1101
2021-12-06,Tuolumne,109,53932,7757,7726,110,7836,91
2021-12-06,Ventura,111,848112,101263,100426,4496,104922,1194
2021-12-06,Yolo,113,214977,20692,20548,1272,21820,263
2021-12-06,Yuba,115,75493,10560,10480,393,10873,91
2021-12-05,Alameda,001,1643700,124065,123104,3014,126118,1496
2021-12-05,Alpine,003,1148,105,108,0,108,0
2021-12-05,Amador,005,37829,5789,5761,70,5831,67
2021-12-05,Butte,007,227075,21918,21720,3952,25672,320
2021-12-05,Calaveras,009,45235,4465,4434,64,4498,88
2021-12-05,Colusa,011,21464,2633,2615,686,3301,21
2021-12-05,Contra Costa,013,1133247,102893,102251,2367,104618,1058
2021-12-05,Del Norte,015,27424,3801,3751,56,3807,42
2021-12-05,El Dorado,017,186661,16907,16717,1785,18502,168
2021-12-05,Fresno,019,978130,146777,145452,12721,158173,2284
2021-12-05,Glenn,021,27897,3605,3577,1013,4590,36
2021-12-05,Humboldt,023,135768,9771,9662,695,10357,117
2021-12-05,Imperial,025,180216,35852,35422,3871,39293,778
2021-12-05,Inyo,027,18085,2589,2559,41,2600,46
2021-12-05,Kern,029,883053,133397,132286,24221,156507,1833
2021-12-05,Kings,031,150075,33745,33360,2058,35418,369
2021-12-05,Lake,033,64148,6969,6919,164,7083,113
2021-12-05,Lassen,035,31185,7073,7031,433,7464,51
2021-12-05,Los Angeles,037,10098052,1477133,1468937,56832,1525769,26991
2021-12-05,Madera,039,155013,24512,24311,2303,26614,307
2021-12-05,Marin,041,260295,18393,18216,535,18751,249
2021-12-05,Mariposa,043,17540,1456,1440,59,1499,6
2021-12-05,Mendocino,045,87422,8206,8069,674,8743,95
2021-12-05,Merced,047,269075,43745,43534,2016,45550,672
2021-12-05,Modoc,049,8938,598,593,202,795,6
2021-12-05,Mono,051,14174,1924,1907,22,1929,4
2021-12-05,Monterey,053,433212,50144,48813,3288,52101,626
2021-12-05,Napa,055,140530,13461,13382,124,13506,107
2021-12-05,Nevada,057,99092,9918,9827,350,10177,105
2021-12-05,Orange,059,3164182,316810,314560,16274,330834,5771
2021-12-05,Placer,061,380077,39115,38738,3932,42670,473
2021-12-05,Plumas,063,18699,1955,1913,47,1960,9
2021-12-05,Riverside,065,2383286,378247,373827,16884,390711,5388
2021-12-05,Sacramento,067,1510023,165885,164721,5070,169791,2367
2021-12-05,San Benito,069,59416,7795,7748,185,7933,78
2021-12-05,San Bernardino,071,2135413,369303,366282,11790,378072,5998
2021-12-05,San Diego,073,3302833,392796,387979,22633,410612,4351
2021-12-05,San Francisco,075,870044,55336,54603,2479,57082,674
2021-12-05,San Joaquin,077,732212,103346,102698,5688,108386,1837
2021-12-05,San Luis Obispo,079,281455,30741,30454,1338,31792,360
2021-12-05,San Mateo,081,765935,56330,55050,991,56041,580
2021-12-05,Santa Barbara,083,443738,46491,46097,1702,47799,555
2021-12-05,Santa Clara,085,1922200,153598,152114,1639,153753,1933
2021-12-05,Santa Cruz,087,273765,21660,21424,1048,22472,224
2021-12-05,Shasta,089,179085,22734,22550,3753,26303,416
2021-12-05,Sierra,091,2930,202,198,21,219,0
2021-12-05,Siskiyou,093,43540,3466,3409,1368,4777,57
2021-12-05,Solano,095,438530,47419,46715,1362,48077,360
2021-12-05,Sonoma,097,501317,43408,43038,568,43606,405
2021-12-05,Stanislaus,099,539301,82506,81847,9293,91140,1241
2021-12-05,Sutter,101,95872,14373,14303,403,14706,186
2021-12-05,Tehama,103,63373,8814,8755,1547,10302,133
2021-12-05,Trinity,105,12862,909,815,226,1041,17
2021-12-05,Tulare,107,460477,71239,70254,16386,86640,1102
2021-12-05,Tuolumne,109,53932,7744,7718,110,7828,91
2021-12-05,Ventura,111,848112,101127,100367,4483,104850,1194
2021-12-05,Yolo,113,214977,20650,20512,1270,21782,263
2021-12-05,Yuba,115,75493,10547,10467,386,10853,91
2021-12-04,Alameda,001,1643700,123958,122508,3010,125518,1494
2021-12-04,Alpine,003,1148,105,108,0,108,0
2021-12-04,Amador,005,37829,5786,5729,70,5799,67
2021-12-04,Butte,007,227075,21899,21638,3948,25586,318
2021-12-04,Calaveras,009,45235,4457,4392,63,4455,88
2021-12-04,Colusa,011,21464,2633,2600,684,3284,21
2021-12-04,Contra Costa,013,1133247,102820,101824,2361,104185,1056
2021-12-04,Del Norte,015,27424,3798,3726,56,3782,42
2021-12-04,El Dorado,017,186661,16898,16621,1784,18405,168
2021-12-04,Fresno,019,978130,146689,144734,12716,157450,2270
2021-12-04,Glenn,021,27897,3605,3559,1013,4572,36
2021-12-04,Humboldt,023,135768,9756,9596,691,10287,117
2021-12-04,Imperial,025,180216,35797,35206,3858,39064,776
2021-12-04,Inyo,027,18085,2584,2538,41,2579,46
2021-12-04,Kern,029,883053,133319,131771,24198,155969,1817
2021-12-04,Kings,031,150075,33721,33183,2057,35240,367
2021-12-04,Lake,033,64148,6960,6903,164,7067,113
2021-12-04,Lassen,035,31185,7072,7014,431,7445,51
2021-12-04,Los Angeles,037,10098052,1476264,1463270,56754,1520024,26952
2021-12-04,Madera,039,155013,24498,24188,2299,26487,307
2021-12-04,Marin,041,260295,18371,18075,534,18609,249
2021-12-04,Mariposa,043,17540,1452,1421,59,1480,6
2021-12-04,Mendocino,045,87422,8201,7981,674,8655,91
2021-12-04,Merced,047,269075,43717,43337,2014,45351,671
2021-12-04,Modoc,049,8938,598,591,202,793,6
2021-12-04,Mono,051,14174,1924,1883,22,1905,4
2021-12-04,Monterey,053,433212,50111,48682,3281,51963,626
2021-12-04,Napa,055,140530,13451,13327,123,13450,106
2021-12-04,Nevada,057,99092,9911,9752,350,10102,105
2021-12-04,Orange,059,3164182,316582,313112,16248,329360,5748
2021-12-04,Placer,061,380077,39075,38460,3926,42386,473
2021-12-04,Plumas,063,18699,1952,1903,47,1950,7
2021-12-04,Riverside,065,2383286,377889,371768,16878,388646,5381
2021-12-04,Sacramento,067,1510023,165744,163900,5062,168962,2365
2021-12-04,San Benito,069,59416,7769,7688,185,7873,78
2021-12-04,San Bernardino,071,2135413,368915,364154,11777,375931,5983
2021-12-04,San Diego,073,3302833,392317,386710,22604,409314,4350
2021-12-04,San Francisco,075,870044,55267,54286,2476,56762,674
2021-12-04,San Joaquin,077,732212,103293,102286,5686,107972,1835
2021-12-04,San Luis Obispo,079,281455,30720,30318,1334,31652,360
2021-12-04,San Mateo,081,765935,56279,54774,988,55762,579
2021-12-04,Santa Barbara,083,443738,46446,45774,1702,47476,555
2021-12-04,Santa Clara,085,1922200,153442,151275,1625,152900,1928
2021-12-04,Santa Cruz,087,273765,21634,21286,1047,22333,224
2021-12-04,Shasta,089,179085,22717,22418,3751,26169,414
2021-12-04,Sierra,091,2930,202,196,21,217,0
2021-12-04,Siskiyou,093,43540,3464,3398,1368,4766,57
2021-12-04,Solano,095,438530,47399,46529,1361,47890,360
2021-12-04,Sonoma,097,501317,43362,42778,565,43343,405
2021-12-04,Stanislaus,099,539301,82433,81462,9286,90748,1231
2021-12-04,Sutter,101,95872,14365,14258,402,14660,186
2021-12-04,Tehama,103,63373,8812,8742,1547,10289,131
2021-12-04,Trinity,105,12862,908,801,226,1027,17
2021-12-04,Tulare,107,460477,71201,70014,16358,86372,1100
2021-12-04,Tuolumne,109,53932,7739,7676,110,7786,91
2021-12-04,Ventura,111,848112,101036,99751,4479,104230,1192
2021-12-04,Yolo,113,214977,20628,20442,1268,21710,261
2021-12-04,Yuba,115,75493,10536,10418,385,10803,91
2021-12-03,Alameda,001,1643700,123865,122508,3000,125508,1494
2021-12-03,Alpine,003,1148,105,108,0,108,0
2021-12-03,Amador,005,37829,5781,5729,69,5798,67
2021-12-03,Butte,007,227075,21886,21638,3943,25581,318
2021-12-03,Calaveras,009,45235,4448,4392,63,4455,88
2021-12-03,Colusa,011,21464,2631,2600,684,3284,21
2021-12-03,Contra Costa,013,1133247,102747,101824,2356,104180,1056
2021-12-03,Del Norte,015,27424,3796,3726,56,3782,42
2021-12-03,El Dorado,017,186661,16869,16621,1782,18403,168
2021-12-03,Fresno,019,978130,146576,144734,12714,157448,2270
2021-12-03,Glenn,021,27897,3604,3559,1012,4571,36
2021-12-03,Humboldt,023,135768,9739,9596,689,10285,117
2021-12-03,Imperial,025,180216,35752,35206,3828,39034,776
2021-12-03,Inyo,027,18085,2577,2538,41,2579,46
2021-12-03,Kern,029,883053,133248,131771,24162,155933,1817
2021-12-03,Kings,031,150075,33693,33183,2057,35240,367
2021-12-03,Lake,033,64148,6960,6903,164,7067,113
2021-12-03,Lassen,035,31185,7070,7014,430,7444,51
2021-12-03,Los Angeles,037,10098052,1475324,1463270,56673,1519943,26952
2021-12-03,Madera,039,155013,24472,24188,2295,26483,307
2021-12-03,Marin,041,260295,18339,18075,530,18605,249
2021-12-03,Mariposa,043,17540,1450,1421,59,1480,6
2021-12-03,Mendocino,045,87422,8194,7981,674,8655,91
2021-12-03,Merced,047,269075,43694,43337,2011,45348,671
2021-12-03,Modoc,049,8938,598,591,202,793,6
2021-12-03,Mono,051,14174,1918,1883,22,1905,4
2021-12-03,Monterey,053,433212,50072,48682,3270,51952,626
2021-12-03,Napa,055,140530,13439,13327,123,13450,106
2021-12-03,Nevada,057,99092,9900,9752,350,10102,105
2021-12-03,Orange,059,3164182,316316,313112,16215,329327,5748
2021-12-03,Placer,061,380077,39038,38460,3919,42379,473
2021-12-03,Plumas,063,18699,1949,1903,47,1950,7
2021-12-03,Riverside,065,2383286,377498,371768,16872,388640,5381
2021-12-03,Sacramento,067,1510023,165565,163900,5048,168948,2365
2021-12-03,San Benito,069,59416,7762,7688,185,7873,78
2021-12-03,San Bernardino,071,2135413,368472,364154,11767,375921,5983
2021-12-03,San Diego,073,3302833,391840,386710,22580,409290,4350
2021-12-03,San Francisco,075,870044,55197,54286,2472,56758,674
2021-12-03,San Joaquin,077,732212,103236,102286,5685,107971,1835
2021-12-03,San Luis Obispo,079,281455,30694,30318,1331,31649,360
2021-12-03,San Mateo,081,765935,56216,54774,985,55759,579
2021-12-03,Santa Barbara,083,443738,46411,45774,1702,47476,555
2021-12-03,Santa Clara,085,1922200,153260,151275,1610,152885,1928
2021-12-03,Santa Cruz,087,273765,21607,21286,1047,22333,224
2021-12-03,Shasta,089,179085,22702,22418,3751,26169,414
2021-12-03,Sierra,091,2930,202,196,21,217,0
2021-12-03,Siskiyou,093,43540,3461,3398,1366,4764,57
2021-12-03,Solano,095,438530,47357,46529,1360,47889,360
2021-12-03,Sonoma,097,501317,43326,42778,563,43341,405
2021-12-03,Stanislaus,099,539301,82376,81462,9277,90739,1231
2021-12-03,Sutter,101,95872,14352,14258,400,14658,186
2021-12-03,Tehama,103,63373,8811,8742,1546,10288,131
2021-12-03,Trinity,105,12862,908,801,226,1027,17
2021-12-03,Tulare,107,460477,71162,70014,16326,86340,1100
2021-12-03,Tuolumne,109,53932,7730,7676,110,7786,91
2021-12-03,Ventura,111,848112,100949,99751,4472,104223,1192
2021-12-03,Yolo,113,214977,20611,20442,1267,21709,261
2021-12-03,Yuba,115,75493,10528,10418,385,10803,91
2021-12-02,Alameda,001,1643700,123710,122508,2992,125500,1494
2021-12-02,Alpine,003,1148,105,108,0,108,0
2021-12-02,Amador,005,37829,5776,5729,68,5797,67
2021-12-02,Butte,007,227075,21861,21638,3940,25578,318
2021-12-02,Calaveras,009,45235,4438,4392,62,4454,88
2021-12-02,Colusa,011,21464,2630,2600,684,3284,21
2021-12-02,Contra Costa,013,1133247,102633,101824,2352,104176,1056
2021-12-02,Del Norte,015,27424,3788,3726,56,3782,42
2021-12-02,El Dorado,017,186661,16848,16621,1780,18401,168
2021-12-02,Fresno,019,978130,146412,144734,12704,157438,2270
2021-12-02,Glenn,021,27897,3604,3559,1011,4570,36
2021-12-02,Humboldt,023,135768,9720,9596,687,10283,117
2021-12-02,Imperial,025,180216,35687,35206,3805,39011,776
2021-12-02,Inyo,027,18085,2572,2538,41,2579,46
2021-12-02,Kern,029,883053,133077,131771,24109,155880,1817
2021-12-02,Kings,031,150075,33638,33183,2055,35238,367
2021-12-02,Lake,033,64148,6956,6903,164,7067,113
2021-12-02,Lassen,035,31185,7066,7014,430,7444,51
2021-12-02,Los Angeles,037,10098052,1473812,1463270,56590,1519860,26952
2021-12-02,Madera,039,155013,24435,24188,2286,26474,307
2021-12-02,Marin,041,260295,18309,18075,526,18601,249
2021-12-02,Mariposa,043,17540,1448,1421,59,1480,6
2021-12-02,Mendocino,045,87422,8178,7981,673,8654,91
2021-12-02,Merced,047,269075,43648,43337,2005,45342,671
2021-12-02,Modoc,049,8938,597,591,202,793,6
2021-12-02,Mono,051,14174,1912,1883,22,1905,4
2021-12-02,Monterey,053,433212,49999,48682,3248,51930,626
2021-12-02,Napa,055,140530,13426,13327,123,13450,106
2021-12-02,Nevada,057,99092,9882,9752,349,10101,105
2021-12-02,Orange,059,3164182,315976,313112,16178,329290,5748
2021-12-02,Placer,061,380077,38973,38460,3914,42374,473
2021-12-02,Plumas,063,18699,1947,1903,47,1950,7
2021-12-02,Riverside,065,2383286,376972,371768,16862,388630,5381
2021-12-02,Sacramento,067,1510023,165337,163900,5038,168938,2365
2021-12-02,San Benito,069,59416,7741,7688,185,7873,78
2021-12-02,San Bernardino,071,2135413,367927,364154,11747,375901,5983
2021-12-02,San Diego,073,3302833,391195,386710,22526,409236,4350
2021-12-02,San Francisco,075,870044,55098,54286,2467,56753,674
2021-12-02,San Joaquin,077,732212,103122,102286,5680,107966,1835
2021-12-02,San Luis Obispo,079,281455,30661,30318,1324,31642,360
2021-12-02,San Mateo,081,765935,56135,54774,977,55751,579
2021-12-02,Santa Barbara,083,443738,46330,45774,1699,47473,555
2021-12-02,Santa Clara,085,1922200,153012,151275,1593,152868,1928
2021-12-02,Santa Cruz,087,273765,21555,21286,1046,22332,224
2021-12-02,Shasta,089,179085,22669,22418,3750,26168,414
2021-12-02,Sierra,091,2930,202,196,21,217,0
2021-12-02,Siskiyou,093,43540,3460,3398,1359,4757,57
2021-12-02,Solano,095,438530,47306,46529,1358,47887,360
2021-12-02,Sonoma,097,501317,43255,42778,563,43341,405
2021-12-02,Stanislaus,099,539301,82280,81462,9269,90731,1231
2021-12-02,Sutter,101,95872,14339,14258,397,14655,186
2021-12-02,Tehama,103,63373,8804,8742,1544,10286,131
2021-12-02,Trinity,105,12862,908,801,226,1027,17
2021-12-02,Tulare,107,460477,71074,70014,16274,86288,1100
2021-12-02,Tuolumne,109,53932,7715,7676,109,7785,91
2021-12-02,Ventura,111,848112,100824,99751,4470,104221,1192
2021-12-02,Yolo,113,214977,20586,20442,1263,21705,261
2021-12-02,Yuba,115,75493,10512,10418,382,10800,91
2021-12-01,Alameda,001,1643700,123558,122298,2982,125280,1492
2021-12-01,Alpine,003,1148,105,108,0,108,0
2021-12-01,Amador,005,37829,5769,5723,68,5791,67
2021-12-01,Butte,007,227075,21841,21600,3935,25535,318
2021-12-01,Calaveras,009,45235,4433,4371,62,4433,88
2021-12-01,Colusa,011,21464,2623,2595,681,3276,20
2021-12-01,Contra Costa,013,1133247,102524,101651,2341,103992,1048
2021-12-01,Del Norte,015,27424,3786,3722,56,3778,42
2021-12-01,El Dorado,017,186661,16827,16575,1778,18353,166
2021-12-01,Fresno,019,978130,146206,144507,12695,157202,2264
2021-12-01,Glenn,021,27897,3597,3556,1010,4566,36
2021-12-01,Humboldt,023,135768,9696,9573,682,10255,117
2021-12-01,Imperial,025,180216,35606,35085,3778,38863,776
2021-12-01,Inyo,027,18085,2568,2533,41,2574,46
2021-12-01,Kern,029,883053,132930,131580,24054,155634,1804
2021-12-01,Kings,031,150075,33589,33112,2054,35166,364
2021-12-01,Lake,033,64148,6948,6896,163,7059,112
2021-12-01,Lassen,035,31185,7060,7008,428,7436,51
2021-12-01,Los Angeles,037,10098052,1472225,1461394,56495,1517889,26928
2021-12-01,Madera,039,155013,24403,24134,2277,26411,307
2021-12-01,Marin,041,260295,18272,18038,520,18558,249
2021-12-01,Mariposa,043,17540,1444,1415,59,1474,6
2021-12-01,Mendocino,045,87422,8164,7966,668,8634,90
2021-12-01,Merced,047,269075,43592,43259,1984,45243,670
2021-12-01,Modoc,049,8938,597,576,202,778,5
2021-12-01,Mono,051,14174,1908,1876,22,1898,4
2021-12-01,Monterey,053,433212,49950,48611,3239,51850,626
2021-12-01,Napa,055,140530,13409,13319,120,13439,107
2021-12-01,Nevada,057,99092,9869,9706,349,10055,105
2021-12-01,Orange,059,3164182,315613,312772,16140,328912,5735
2021-12-01,Placer,061,380077,38917,38373,3908,42281,472
2021-12-01,Plumas,063,18699,1943,1893,47,1940,7
2021-12-01,Riverside,065,2383286,376448,371189,16845,388034,5369
2021-12-01,Sacramento,067,1510023,165123,163616,5018,168634,2360
2021-12-01,San Benito,069,59416,7727,7669,185,7854,78
2021-12-01,San Bernardino,071,2135413,367348,363368,11722,375090,5973
2021-12-01,San Diego,073,3302833,390398,386056,22473,408529,4346
2021-12-01,San Francisco,075,870044,55016,54199,2460,56659,672
2021-12-01,San Joaquin,077,732212,103014,102109,5679,107788,1834
2021-12-01,San Luis Obispo,079,281455,30620,30238,1320,31558,360
2021-12-01,San Mateo,081,765935,56053,54711,973,55684,579
2021-12-01,Santa Barbara,083,443738,46260,45681,1697,47378,554
2021-12-01,Santa Clara,085,1922200,152795,150961,1576,152537,1925
2021-12-01,Santa Cruz,087,273765,21525,21191,1045,22236,224
2021-12-01,Shasta,089,179085,22637,22375,3744,26119,410
2021-12-01,Sierra,091,2930,202,195,21,216,0
2021-12-01,Siskiyou,093,43540,3457,3391,1359,4750,55
2021-12-01,Solano,095,438530,47262,46485,1358,47843,360
2021-12-01,Sonoma,097,501317,43181,42713,562,43275,405
2021-12-01,Stanislaus,099,539301,82183,81330,9257,90587,1231
2021-12-01,Sutter,101,95872,14324,14229,396,14625,186
2021-12-01,Tehama,103,63373,8794,8728,1544,10272,130
2021-12-01,Trinity,105,12862,903,801,226,1027,17
2021-12-01,Tulare,107,460477,70996,69953,16234,86187,1098
2021-12-01,Tuolumne,109,53932,7707,7655,109,7764,91
2021-12-01,Ventura,111,848112,100718,99680,4459,104139,1191
2021-12-01,Yolo,113,214977,20558,20393,1263,21656,260
2021-12-01,Yuba,115,75493,10500,10401,381,10782,89
2021-11-30,Alameda,001,1643700,123390,122196,2973,125169,1489
2021-11-30,Alpine,003,1148,105,108,0,108,0
2021-11-30,Amador,005,37829,5761,5716,68,5784,66
2021-11-30,Butte,007,227075,21812,21565,3926,25491,318
2021-11-30,Calaveras,009,45235,4415,4360,62,4422,88
2021-11-30,Colusa,011,21464,2622,2592,681,3273,21
2021-11-30,Contra Costa,013,1133247,102387,101538,2334,103872,1046
2021-11-30,Del Norte,015,27424,3780,3718,56,3774,42
2021-11-30,El Dorado,017,186661,16799,16558,1772,18330,166
2021-11-30,Fresno,019,978130,146009,144384,12687,157071,2259
2021-11-30,Glenn,021,27897,3592,3555,1009,4564,36
2021-11-30,Humboldt,023,135768,9665,9539,676,10215,116
2021-11-30,Imperial,025,180216,35498,34999,3750,38749,773
2021-11-30,Inyo,027,18085,2559,2530,41,2571,46
2021-11-30,Kern,029,883053,132757,131451,23997,155448,1799
2021-11-30,Kings,031,150075,33538,33074,2050,35124,362
2021-11-30,Lake,033,64148,6943,6892,161,7053,110
2021-11-30,Lassen,035,31185,7056,7003,427,7430,51
2021-11-30,Los Angeles,037,10098052,1470439,1460177,56390,1516567,26913
2021-11-30,Madera,039,155013,24369,24108,2272,26380,307
2021-11-30,Marin,041,260295,18228,18010,518,18528,249
2021-11-30,Mariposa,043,17540,1438,1412,59,1471,6
2021-11-30,Mendocino,045,87422,8135,7960,662,8622,89
2021-11-30,Merced,047,269075,43522,43200,1977,45177,668
2021-11-30,Modoc,049,8938,596,576,202,778,5
2021-11-30,Mono,051,14174,1905,1873,22,1895,4
2021-11-30,Monterey,053,433212,49886,48581,3229,51810,626
2021-11-30,Napa,055,140530,13389,13308,120,13428,105
2021-11-30,Nevada,057,99092,9853,9699,348,10047,105
2021-11-30,Orange,059,3164182,315193,312451,16098,328549,5724
2021-11-30,Placer,061,380077,38813,38324,3900,42224,470
2021-11-30,Plumas,063,18699,1938,1887,46,1933,7
2021-11-30,Riverside,065,2383286,375764,370739,16820,387559,5358
2021-11-30,Sacramento,067,1510023,164841,163420,4995,168415,2353
2021-11-30,San Benito,069,59416,7705,7645,184,7829,78
2021-11-30,San Bernardino,071,2135413,366677,363006,11700,374706,5967
2021-11-30,San Diego,073,3302833,389466,385405,22429,407834,4340
2021-11-30,San Francisco,075,870044,54908,54147,2451,56598,672
2021-11-30,San Joaquin,077,732212,102888,101972,5671,107643,1834
2021-11-30,San Luis Obispo,079,281455,30595,30200,1317,31517,360
2021-11-30,San Mateo,081,765935,55951,54656,963,55619,579
2021-11-30,Santa Barbara,083,443738,46164,45628,1691,47319,553
2021-11-30,Santa Clara,085,1922200,152534,150799,1557,152356,1929
2021-11-30,Santa Cruz,087,273765,21466,21169,1041,22210,224
2021-11-30,Shasta,089,179085,22607,22347,3741,26088,401
2021-11-30,Sierra,091,2930,199,195,21,216,0
2021-11-30,Siskiyou,093,43540,3453,3385,1356,4741,55
2021-11-30,Solano,095,438530,47199,46434,1352,47786,358
2021-11-30,Sonoma,097,501317,43103,42663,561,43224,405
2021-11-30,Stanislaus,099,539301,82079,81276,9232,90508,1227
2021-11-30,Sutter,101,95872,14313,14210,393,14603,186
2021-11-30,Tehama,103,63373,8787,8727,1543,10270,130
2021-11-30,Trinity,105,12862,902,799,226,1025,17
2021-11-30,Tulare,107,460477,70908,69900,16188,86088,1099
2021-11-30,Tuolumne,109,53932,7692,7643,109,7752,91
2021-11-30,Ventura,111,848112,100565,99601,4447,104048,1191
2021-11-30,Yolo,113,214977,20518,20376,1257,21633,260
2021-11-30,Yuba,115,75493,10481,10398,376,10774,89
2021-11-29,Alameda,001,1643700,123233,122136,2963,125099,1489
2021-11-29,Alpine,003,1148,105,108,0,108,0
2021-11-29,Amador,005,37829,5754,5706,68,5774,66
2021-11-29,Butte,007,227075,21787,21544,3920,25464,314
2021-11-29,Calaveras,009,45235,4399,4353,62,4415,88
2021-11-29,Colusa,011,21464,2620,2585,678,3263,20
2021-11-29,Contra Costa,013,1133247,102239,101441,2326,103767,1046
2021-11-29,Del Norte,015,27424,3777,3704,56,3760,42
2021-11-29,El Dorado,017,186661,16781,16534,1767,18301,166
2021-11-29,Fresno,019,978130,145806,144282,12671,156953,2254
2021-11-29,Glenn,021,27897,3589,3555,1008,4563,36
2021-11-29,Humboldt,023,135768,9648,9514,669,10183,115
2021-11-29,Imperial,025,180216,35434,34960,3729,38689,773
2021-11-29,Inyo,027,18085,2554,2529,41,2570,46
2021-11-29,Kern,029,883053,132571,131362,23954,155316,1789
2021-11-29,Kings,031,150075,33486,33059,2046,35105,363
2021-11-29,Lake,033,64148,6931,6889,161,7050,110
2021-11-29,Lassen,035,31185,7053,7003,425,7428,51
2021-11-29,Los Angeles,037,10098052,1468593,1459446,56303,1515749,26889
2021-11-29,Madera,039,155013,24332,24069,2264,26333,307
2021-11-29,Marin,041,260295,18181,17980,513,18493,249
2021-11-29,Mariposa,043,17540,1430,1409,59,1468,6
2021-11-29,Mendocino,045,87422,8118,7954,658,8612,89
2021-11-29,Merced,047,269075,43448,43167,1970,45137,667
2021-11-29,Modoc,049,8938,595,569,202,771,5
2021-11-29,Mono,051,14174,1887,1859,22,1881,4
2021-11-29,Monterey,053,433212,49826,48548,3213,51761,626
2021-11-29,Napa,055,140530,13379,13304,120,13424,104
2021-11-29,Nevada,057,99092,9839,9689,348,10037,105
2021-11-29,Orange,059,3164182,314793,312203,16052,328255,5709
2021-11-29,Placer,061,380077,38748,38261,3895,42156,470
2021-11-29,Plumas,063,18699,1935,1884,46,1930,7
2021-11-29,Riverside,065,2383286,375231,370334,16809,387143,5358
2021-11-29,Sacramento,067,1510023,164590,163282,4962,168244,2342
2021-11-29,San Benito,069,59416,7684,7631,183,7814,77
2021-11-29,San Bernardino,071,2135413,366086,362694,11669,374363,5962
2021-11-29,San Diego,073,3302833,388576,384853,22398,407251,4335
2021-11-29,San Francisco,075,870044,54810,54125,2447,56572,669
2021-11-29,San Joaquin,077,732212,102750,101927,5664,107591,1834
2021-11-29,San Luis Obispo,079,281455,30561,30165,1313,31478,359
2021-11-29,San Mateo,081,765935,55849,54622,959,55581,579
2021-11-29,Santa Barbara,083,443738,46067,45576,1687,47263,549
2021-11-29,Santa Clara,085,1922200,152263,150620,1551,152171,1925
2021-11-29,Santa Cruz,087,273765,21429,21149,1039,22188,224
2021-11-29,Shasta,089,179085,22573,22315,3737,26052,399
2021-11-29,Sierra,091,2930,199,195,21,216,0
2021-11-29,Siskiyou,093,43540,3450,3374,1349,4723,55
2021-11-29,Solano,095,438530,47147,46412,1350,47762,357
2021-11-29,Sonoma,097,501317,43028,42624,558,43182,405
2021-11-29,Stanislaus,099,539301,81998,81227,9214,90441,1223
2021-11-29,Sutter,101,95872,14297,14204,390,14594,186
2021-11-29,Tehama,103,63373,8782,8720,1538,10258,130
2021-11-29,Trinity,105,12862,897,798,226,1024,17
2021-11-29,Tulare,107,460477,70830,69850,16153,86003,1096
2021-11-29,Tuolumne,109,53932,7679,7627,109,7736,90
2021-11-29,Ventura,111,848112,100445,99520,4437,103957,1190
2021-11-29,Yolo,113,214977,20474,20344,1254,21598,257
2021-11-29,Yuba,115,75493,10464,10395,375,10770,89
2021-11-28,Alameda,001,1643700,123014,122082,2956,125038,1491
2021-11-28,Alpine,003,1148,105,108,0,108,0
2021-11-28,Amador,005,37829,5744,5703,68,5771,66
2021-11-28,Butte,007,227075,21749,21530,3918,25448,313
2021-11-28,Calaveras,009,45235,4377,4350,62,4412,88
2021-11-28,Colusa,011,21464,2616,2586,677,3263,19
2021-11-28,Contra Costa,013,1133247,102066,101355,2315,103670,1046
2021-11-28,Del Norte,015,27424,3772,3703,56,3759,42
2021-11-28,El Dorado,017,186661,16740,16527,1766,18293,166
2021-11-28,Fresno,019,978130,145561,144164,12651,156815,2252
2021-11-28,Glenn,021,27897,3586,3547,1006,4553,36
2021-11-28,Humboldt,023,135768,9616,9499,665,10164,115
2021-11-28,Imperial,025,180216,35326,34929,3705,38634,773
2021-11-28,Inyo,027,18085,2547,2531,41,2572,46
2021-11-28,Kern,029,883053,132363,131279,23897,155176,1789
2021-11-28,Kings,031,150075,33411,33057,2039,35096,364
2021-11-28,Lake,033,64148,6921,6885,160,7045,110
2021-11-28,Lassen,035,31185,7045,7002,421,7423,51
2021-11-28,Los Angeles,037,10098052,1466424,1458646,56215,1514861,26878
2021-11-28,Madera,039,155013,24284,24055,2257,26312,307
2021-11-28,Marin,041,260295,18132,17962,509,18471,249
2021-11-28,Mariposa,043,17540,1426,1406,59,1465,6
2021-11-28,Mendocino,045,87422,8087,7943,653,8596,89
2021-11-28,Merced,047,269075,43382,43166,1955,45121,667
2021-11-28,Modoc,049,8938,594,569,202,771,5
2021-11-28,Mono,051,14174,1881,1841,22,1863,4
2021-11-28,Monterey,053,433212,49761,48537,3193,51730,626
2021-11-28,Napa,055,140530,13366,13303,120,13423,104
2021-11-28,Nevada,057,99092,9811,9684,347,10031,105
2021-11-28,Orange,059,3164182,314409,312028,16008,328036,5693
2021-11-28,Placer,061,380077,38667,38240,3876,42116,470
2021-11-28,Plumas,063,18699,1929,1884,45,1929,7
2021-11-28,Riverside,065,2383286,374576,370051,16787,386838,5358
2021-11-28,Sacramento,067,1510023,164234,163170,4939,168109,2335
2021-11-28,San Benito,069,59416,7666,7623,182,7805,77
2021-11-28,San Bernardino,071,2135413,365372,362407,11642,374049,5958
2021-11-28,San Diego,073,3302833,387685,383025,22334,405359,4325
2021-11-28,San Francisco,075,870044,54734,54082,2444,56526,669
2021-11-28,San Joaquin,077,732212,102568,101895,5646,107541,1834
2021-11-28,San Luis Obispo,079,281455,30498,30152,1309,31461,358
2021-11-28,San Mateo,081,765935,55754,54567,955,55522,579
2021-11-28,Santa Barbara,083,443738,45988,45551,1676,47227,549
2021-11-28,Santa Clara,085,1922200,151954,150436,1536,151972,1920
2021-11-28,Santa Cruz,087,273765,21358,21110,1038,22148,224
2021-11-28,Shasta,089,179085,22533,22316,3735,26051,400
2021-11-28,Sierra,091,2930,199,195,21,216,0
2021-11-28,Siskiyou,093,43540,3444,3372,1345,4717,55
2021-11-28,Solano,095,438530,47085,46385,1349,47734,356
2021-11-28,Sonoma,097,501317,42942,42583,555,43138,405
2021-11-28,Stanislaus,099,539301,81872,81181,9195,90376,1223
2021-11-28,Sutter,101,95872,14275,14192,384,14576,186
2021-11-28,Tehama,103,63373,8774,8720,1534,10254,130
2021-11-28,Trinity,105,12862,896,797,226,1023,17
2021-11-28,Tulare,107,460477,70735,69833,16099,85932,1095
2021-11-28,Tuolumne,109,53932,7658,7620,109,7729,90
2021-11-28,Ventura,111,848112,100289,99486,4426,103912,1190
2021-11-28,Yolo,113,214977,20433,20333,1253,21586,257
2021-11-28,Yuba,115,75493,10446,10391,373,10764,89
2021-11-27,Alameda,001,1643700,122918,121618,2953,124571,1477
2021-11-27,Alpine,003,1148,105,106,0,106,0
2021-11-27,Amador,005,37829,5743,5670,68,5738,66
2021-11-27,Butte,007,227075,21726,21384,3913,25297,309
2021-11-27,Calaveras,009,45235,4371,4294,62,4356,85
2021-11-27,Colusa,011,21464,2615,2568,675,3243,19
2021-11-27,Contra Costa,013,1133247,101981,100961,2314,103275,1045
2021-11-27,Del Norte,015,27424,3765,3661,56,3717,42
2021-11-27,El Dorado,017,186661,16705,16399,1765,18164,161
2021-11-27,Fresno,019,978130,145451,143386,12646,156032,2246
2021-11-27,Glenn,021,27897,3582,3532,1006,4538,36
2021-11-27,Humboldt,023,135768,9588,9399,663,10062,115
2021-11-27,Imperial,025,180216,35244,34611,3689,38300,769
2021-11-27,Inyo,027,18085,2544,2506,41,2547,45
2021-11-27,Kern,029,883053,132279,130245,23868,154113,1773
2021-11-27,Kings,031,150075,33388,32891,2037,34928,358
2021-11-27,Lake,033,64148,6918,6836,159,6995,110
2021-11-27,Lassen,035,31185,7043,6959,420,7379,47
2021-11-27,Los Angeles,037,10098052,1465418,1454495,56145,1510640,26817
2021-11-27,Madera,039,155013,24264,23880,2253,26133,296
2021-11-27,Marin,041,260295,18094,17857,504,18361,248
2021-11-27,Mariposa,043,17540,1424,1374,59,1433,6
2021-11-27,Mendocino,045,87422,8068,7871,653,8524,89
2021-11-27,Merced,047,269075,43347,42921,1952,44873,664
2021-11-27,Modoc,049,8938,592,551,202,753,5
2021-11-27,Mono,051,14174,1879,1810,22,1832,4
2021-11-27,Monterey,053,433212,49728,48400,3179,51579,625
2021-11-27,Napa,055,140530,13352,13256,120,13376,104
2021-11-27,Nevada,057,99092,9789,9584,346,9930,103
2021-11-27,Orange,059,3164182,314157,310809,15971,326780,5665
2021-11-27,Placer,061,380077,38606,38001,3870,41871,468
2021-11-27,Plumas,063,18699,1925,1860,45,1905,7
2021-11-27,Riverside,065,2383286,374218,367601,16780,384381,5306
2021-11-27,Sacramento,067,1510023,164079,162328,4936,167264,2335
2021-11-27,San Benito,069,59416,7649,7575,182,7757,77
2021-11-27,San Bernardino,071,2135413,364939,360033,11633,371666,5932
2021-11-27,San Diego,073,3302833,387185,382634,22308,404942,4319
2021-11-27,San Francisco,075,870044,54684,53830,2441,56271,669
2021-11-27,San Joaquin,077,732212,102501,101368,5644,107012,1833
2021-11-27,San Luis Obispo,079,281455,30463,29983,1305,31288,358
2021-11-27,San Mateo,081,765935,55697,54360,952,55312,577
2021-11-27,Santa Barbara,083,443738,45934,45318,1674,46992,548
2021-11-27,Santa Clara,085,1922200,151747,149700,1530,151230,1922
2021-11-27,Santa Cruz,087,273765,21318,20929,1035,21964,222
2021-11-27,Shasta,089,179085,22510,22151,3734,25885,396
2021-11-27,Sierra,091,2930,198,194,21,215,0
2021-11-27,Siskiyou,093,43540,3441,3336,1343,4679,54
2021-11-27,Solano,095,438530,47049,46163,1346,47509,356
2021-11-27,Sonoma,097,501317,42879,42368,555,42923,405
2021-11-27,Stanislaus,099,539301,81799,80782,9177,89959,1220
2021-11-27,Sutter,101,95872,14267,14127,383,14510,181
2021-11-27,Tehama,103,63373,8772,8675,1533,10208,129
2021-11-27,Trinity,105,12862,896,789,226,1015,17
2021-11-27,Tulare,107,460477,70683,69377,16083,85460,1082
2021-11-27,Tuolumne,109,53932,7645,7574,109,7683,90
2021-11-27,Ventura,111,848112,100216,99163,4418,103581,1188
2021-11-27,Yolo,113,214977,20412,20237,1244,21481,257
2021-11-27,Yuba,115,75493,10436,10335,373,10708,88
2021-11-26,Alameda,001,1643700,122807,121618,2951,124569,1477
2021-11-26,Alpine,003,1148,105,106,0,106,0
2021-11-26,Amador,005,37829,5739,5670,68,5738,66
2021-11-26,Butte,007,227075,21703,21384,3908,25292,309
2021-11-26,Calaveras,009,45235,4362,4294,62,4356,85
2021-11-26,Colusa,011,21464,2613,2568,674,3242,19
2021-11-26,Contra Costa,013,1133247,101892,100961,2310,103271,1045
2021-11-26,Del Norte,015,27424,3762,3661,56,3717,42
2021-11-26,El Dorado,017,186661,16688,16399,1762,18161,161
2021-11-26,Fresno,019,978130,145319,143386,12637,156023,2246
2021-11-26,Glenn,021,27897,3580,3532,1006,4538,36
2021-11-26,Humboldt,023,135768,9569,9399,659,10058,115
2021-11-26,Imperial,025,180216,35187,34611,3676,38287,769
2021-11-26,Inyo,027,18085,2544,2506,41,2547,45
2021-11-26,Kern,029,883053,132196,130245,23824,154069,1773
2021-11-26,Kings,031,150075,33364,32891,2035,34926,358
2021-11-26,Lake,033,64148,6916,6836,159,6995,110
2021-11-26,Lassen,035,31185,7037,6959,420,7379,47
2021-11-26,Los Angeles,037,10098052,1464576,1454495,56083,1510578,26817
2021-11-26,Madera,039,155013,24237,23880,2251,26131,296
2021-11-26,Marin,041,260295,18065,17857,504,18361,248
2021-11-26,Mariposa,043,17540,1417,1374,58,1432,6
2021-11-26,Mendocino,045,87422,8058,7871,653,8524,89
2021-11-26,Merced,047,269075,43317,42921,1947,44868,664
2021-11-26,Modoc,049,8938,590,551,202,753,5
2021-11-26,Mono,051,14174,1865,1810,22,1832,4
2021-11-26,Monterey,053,433212,49684,48400,3172,51572,625
2021-11-26,Napa,055,140530,13336,13256,120,13376,104
2021-11-26,Nevada,057,99092,9778,9584,346,9930,103
2021-11-26,Orange,059,3164182,313886,310809,15939,326748,5665
2021-11-26,Placer,061,380077,38561,38001,3862,41863,468
2021-11-26,Plumas,063,18699,1920,1860,45,1905,7
2021-11-26,Riverside,065,2383286,373816,367601,16773,384374,5306
2021-11-26,Sacramento,067,1510023,163968,162328,4931,167259,2335
2021-11-26,San Benito,069,59416,7641,7575,182,7757,77
2021-11-26,San Bernardino,071,2135413,364508,360033,11626,371659,5932
2021-11-26,San Diego,073,3302833,386629,382634,22296,404930,4319
2021-11-26,San Francisco,075,870044,54635,53830,2439,56269,669
2021-11-26,San Joaquin,077,732212,102444,101368,5643,107011,1833
2021-11-26,San Luis Obispo,079,281455,30421,29983,1302,31285,358
2021-11-26,San Mateo,081,765935,55634,54360,951,55311,577
2021-11-26,Santa Barbara,083,443738,45887,45318,1673,46991,548
2021-11-26,Santa Clara,085,1922200,151579,149700,1522,151222,1922
2021-11-26,Santa Cruz,087,273765,21278,20929,1035,21964,222
2021-11-26,Shasta,089,179085,22491,22151,3732,25883,396
2021-11-26,Sierra,091,2930,198,194,21,215,0
2021-11-26,Siskiyou,093,43540,3438,3336,1342,4678,54
2021-11-26,Solano,095,438530,47007,46163,1345,47508,356
2021-11-26,Sonoma,097,501317,42828,42368,553,42921,405
2021-11-26,Stanislaus,099,539301,81723,80782,9166,89948,1220
2021-11-26,Sutter,101,95872,14254,14127,382,14509,181
2021-11-26,Tehama,103,63373,8770,8675,1532,10207,129
2021-11-26,Trinity,105,12862,895,789,226,1015,17
2021-11-26,Tulare,107,460477,70640,69377,16051,85428,1082
2021-11-26,Tuolumne,109,53932,7635,7574,109,7683,90
2021-11-26,Ventura,111,848112,100136,99163,4413,103576,1188
2021-11-26,Yolo,113,214977,20392,20237,1237,21474,257
2021-11-26,Yuba,115,75493,10430,10335,373,10708,88
2021-11-25,Alameda,001,1643700,122700,121618,2946,124564,1477
2021-11-25,Alpine,003,1148,105,106,0,106,0
2021-11-25,Amador,005,37829,5731,5670,68,5738,66
2021-11-25,Butte,007,227075,21685,21384,3906,25290,309
2021-11-25,Calaveras,009,45235,4357,4294,62,4356,85
2021-11-25,Colusa,011,21464,2610,2568,672,3240,19
2021-11-25,Contra Costa,013,1133247,101787,100961,2305,103266,1045
2021-11-25,Del Norte,015,27424,3757,3661,56,3717,42
2021-11-25,El Dorado,017,186661,16669,16399,1761,18160,161
2021-11-25,Fresno,019,978130,145186,143386,12630,156016,2246
2021-11-25,Glenn,021,27897,3579,3532,1006,4538,36
2021-11-25,Humboldt,023,135768,9550,9399,656,10055,115
2021-11-25,Imperial,025,180216,35142,34611,3663,38274,769
2021-11-25,Inyo,027,18085,2542,2506,41,2547,45
2021-11-25,Kern,029,883053,132098,130245,23778,154023,1773
2021-11-25,Kings,031,150075,33336,32891,2034,34925,358
2021-11-25,Lake,033,64148,6909,6836,159,6995,110
2021-11-25,Lassen,035,31185,7035,6959,419,7378,47
2021-11-25,Los Angeles,037,10098052,1463614,1454495,56024,1510519,26817
2021-11-25,Madera,039,155013,24202,23880,2250,26130,296
2021-11-25,Marin,041,260295,18038,17857,499,18356,248
2021-11-25,Mariposa,043,17540,1414,1374,58,1432,6
2021-11-25,Mendocino,045,87422,8040,7871,653,8524,89
2021-11-25,Merced,047,269075,43278,42921,1942,44863,664
2021-11-25,Modoc,049,8938,589,551,202,753,5
2021-11-25,Mono,051,14174,1854,1810,22,1832,4
2021-11-25,Monterey,053,433212,49639,48400,3163,51563,625
2021-11-25,Napa,055,140530,13328,13256,120,13376,104
2021-11-25,Nevada,057,99092,9759,9584,343,9927,103
2021-11-25,Orange,059,3164182,313624,310809,15908,326717,5665
2021-11-25,Placer,061,380077,38515,38001,3856,41857,468
2021-11-25,Plumas,063,18699,1918,1860,45,1905,7
2021-11-25,Riverside,065,2383286,373402,367601,16766,384367,5306
2021-11-25,Sacramento,067,1510023,163786,162328,4925,167253,2335
2021-11-25,San Benito,069,59416,7634,7575,182,7757,77
2021-11-25,San Bernardino,071,2135413,364115,360033,11610,371643,5932
2021-11-25,San Diego,073,3302833,386184,382634,22277,404911,4319
2021-11-25,San Francisco,075,870044,54585,53830,2436,56266,669
2021-11-25,San Joaquin,077,732212,102360,101368,5639,107007,1833
2021-11-25,San Luis Obispo,079,281455,30391,29983,1300,31283,358
2021-11-25,San Mateo,081,765935,55585,54360,949,55309,577
2021-11-25,Santa Barbara,083,443738,45848,45318,1671,46989,548
2021-11-25,Santa Clara,085,1922200,151422,149700,1517,151217,1922
2021-11-25,Santa Cruz,087,273765,21246,20929,1035,21964,222
2021-11-25,Shasta,089,179085,22465,22151,3732,25883,396
2021-11-25,Sierra,091,2930,198,194,21,215,0
2021-11-25,Siskiyou,093,43540,3435,3336,1342,4678,54
2021-11-25,Solano,095,438530,46970,46163,1344,47507,356
2021-11-25,Sonoma,097,501317,42771,42368,549,42917,405
2021-11-25,Stanislaus,099,539301,81652,80782,9152,89934,1220
2021-11-25,Sutter,101,95872,14238,14127,381,14508,181
2021-11-25,Tehama,103,63373,8762,8675,1532,10207,129
2021-11-25,Trinity,105,12862,895,789,226,1015,17
2021-11-25,Tulare,107,460477,70575,69377,16024,85401,1082
2021-11-25,Tuolumne,109,53932,7623,7574,109,7683,90
2021-11-25,Ventura,111,848112,100069,99163,4410,103573,1188
2021-11-25,Yolo,113,214977,20363,20237,1233,21470,257
2021-11-25,Yuba,115,75493,10421,10335,372,10707,88
2021-11-24,Alameda,001,1643700,122636,121618,2942,124560,1477
2021-11-24,Alpine,003,1148,105,106,0,106,0
2021-11-24,Amador,005,37829,5721,5670,68,5738,66
2021-11-24,Butte,007,227075,21670,21384,3905,25289,309
2021-11-24,Calaveras,009,45235,4350,4294,62,4356,85
2021-11-24,Colusa,011,21464,2610,2568,671,3239,19
2021-11-24,Contra Costa,013,1133247,101750,100961,2302,103263,1045
2021-11-24,Del Norte,015,27424,3754,3661,56,3717,42
2021-11-24,El Dorado,017,186661,16657,16399,1760,18159,161
2021-11-24,Fresno,019,978130,145132,143386,12630,156016,2246
2021-11-24,Glenn,021,27897,3574,3532,1005,4537,36
2021-11-24,Humboldt,023,135768,9536,9399,656,10055,115
2021-11-24,Imperial,025,180216,35114,34611,3657,38268,769
2021-11-24,Inyo,027,18085,2539,2506,41,2547,45
2021-11-24,Kern,029,883053,132035,130245,23766,154011,1773
2021-11-24,Kings,031,150075,33322,32891,2032,34923,358
2021-11-24,Lake,033,64148,6905,6836,159,6995,110
2021-11-24,Lassen,035,31185,7035,6959,419,7378,47
2021-11-24,Los Angeles,037,10098052,1463130,1454495,55981,1510476,26817
2021-11-24,Madera,039,155013,24179,23880,2244,26124,296
2021-11-24,Marin,041,260295,18026,17857,497,18354,248
2021-11-24,Mariposa,043,17540,1414,1374,58,1432,6
2021-11-24,Mendocino,045,87422,8028,7871,653,8524,89
2021-11-24,Merced,047,269075,43246,42921,1939,44860,664
2021-11-24,Modoc,049,8938,589,551,202,753,5
2021-11-24,Mono,051,14174,1851,1810,22,1832,4
2021-11-24,Monterey,053,433212,49626,48400,3161,51561,625
2021-11-24,Napa,055,140530,13324,13256,120,13376,104
2021-11-24,Nevada,057,99092,9744,9584,343,9927,103
2021-11-24,Orange,059,3164182,313468,310809,15894,326703,5665
2021-11-24,Placer,061,380077,38482,38001,3854,41855,468
2021-11-24,Plumas,063,18699,1916,1860,45,1905,7
2021-11-24,Riverside,065,2383286,373222,367601,16760,384361,5306
2021-11-24,Sacramento,067,1510023,163714,162328,4925,167253,2335
2021-11-24,San Benito,069,59416,7632,7575,182,7757,77
2021-11-24,San Bernardino,071,2135413,363904,360033,11599,371632,5932
2021-11-24,San Diego,073,3302833,385929,382634,22264,404898,4319
2021-11-24,San Francisco,075,870044,54554,53830,2434,56264,669
2021-11-24,San Joaquin,077,732212,102319,101368,5636,107004,1833
2021-11-24,San Luis Obispo,079,281455,30373,29983,1300,31283,358
2021-11-24,San Mateo,081,765935,55556,54360,948,55308,577
2021-11-24,Santa Barbara,083,443738,45821,45318,1671,46989,548
2021-11-24,Santa Clara,085,1922200,151326,149700,1516,151216,1922
2021-11-24,Santa Cruz,087,273765,21222,20929,1034,21963,222
2021-11-24,Shasta,089,179085,22453,22151,3729,25880,396
2021-11-24,Sierra,091,2930,198,194,21,215,0
2021-11-24,Siskiyou,093,43540,3433,3336,1342,4678,54
2021-11-24,Solano,095,438530,46942,46163,1342,47505,356
2021-11-24,Sonoma,097,501317,42740,42368,547,42915,405
2021-11-24,Stanislaus,099,539301,81614,80782,9147,89929,1220
2021-11-24,Sutter,101,95872,14225,14127,379,14506,181
2021-11-24,Tehama,103,63373,8759,8675,1531,10206,129
2021-11-24,Trinity,105,12862,895,789,226,1015,17
2021-11-24,Tulare,107,460477,70551,69377,16005,85382,1082
2021-11-24,Tuolumne,109,53932,7619,7574,109,7683,90
2021-11-24,Ventura,111,848112,100034,99163,4406,103569,1188
2021-11-24,Yolo,113,214977,20355,20237,1232,21469,257
2021-11-24,Yuba,115,75493,10417,10335,371,10706,88
2021-11-23,Alameda,001,1643700,122520,121618,2934,124552,1477
2021-11-23,Alpine,003,1148,105,106,0,106,0
2021-11-23,Amador,005,37829,5714,5670,68,5738,66
2021-11-23,Butte,007,227075,21641,21384,3901,25285,309
2021-11-23,Calaveras,009,45235,4344,4294,61,4355,85
2021-11-23,Colusa,011,21464,2606,2568,669,3237,19
2021-11-23,Contra Costa,013,1133247,101642,100961,2300,103261,1045
2021-11-23,Del Norte,015,27424,3751,3661,56,3717,42
2021-11-23,El Dorado,017,186661,16625,16399,1757,18156,161
2021-11-23,Fresno,019,978130,144997,143386,12620,156006,2246
2021-11-23,Glenn,021,27897,3569,3532,1005,4537,36
2021-11-23,Humboldt,023,135768,9514,9399,653,10052,115
2021-11-23,Imperial,025,180216,35045,34611,3638,38249,769
2021-11-23,Inyo,027,18085,2535,2506,41,2547,45
2021-11-23,Kern,029,883053,131929,130245,23717,153962,1773
2021-11-23,Kings,031,150075,33281,32891,2031,34922,358
2021-11-23,Lake,033,64148,6900,6836,159,6995,110
2021-11-23,Lassen,035,31185,7031,6959,416,7375,47
2021-11-23,Los Angeles,037,10098052,1462117,1454495,55919,1510414,26817
2021-11-23,Madera,039,155013,24153,23880,2242,26122,296
2021-11-23,Marin,041,260295,17995,17857,493,18350,248
2021-11-23,Mariposa,043,17540,1411,1374,58,1432,6
2021-11-23,Mendocino,045,87422,8007,7871,650,8521,89
2021-11-23,Merced,047,269075,43208,42921,1938,44859,664
2021-11-23,Modoc,049,8938,587,551,202,753,5
2021-11-23,Mono,051,14174,1837,1810,22,1832,4
2021-11-23,Monterey,053,433212,49590,48400,3155,51555,625
2021-11-23,Napa,055,140530,13315,13256,120,13376,104
2021-11-23,Nevada,057,99092,9715,9584,342,9926,103
2021-11-23,Orange,059,3164182,313218,310809,15858,326667,5665
2021-11-23,Placer,061,380077,38423,38001,3837,41838,468
2021-11-23,Plumas,063,18699,1912,1860,45,1905,7
2021-11-23,Riverside,065,2383286,372839,367601,16747,384348,5306
2021-11-23,Sacramento,067,1510023,163529,162328,4914,167242,2335
2021-11-23,San Benito,069,59416,7624,7575,180,7755,77
2021-11-23,San Bernardino,071,2135413,363493,360033,11584,371617,5932
2021-11-23,San Diego,073,3302833,385440,382634,22241,404875,4319
2021-11-23,San Francisco,075,870044,54493,53830,2431,56261,669
2021-11-23,San Joaquin,077,732212,102210,101368,5625,106993,1833
2021-11-23,San Luis Obispo,079,281455,30339,29983,1297,31280,358
2021-11-23,San Mateo,081,765935,55506,54360,947,55307,577
2021-11-23,Santa Barbara,083,443738,45768,45318,1671,46989,548
2021-11-23,Santa Clara,085,1922200,151113,149700,1504,151204,1922
2021-11-23,Santa Cruz,087,273765,21184,20929,1034,21963,222
2021-11-23,Shasta,089,179085,22417,22151,3727,25878,396
2021-11-23,Sierra,091,2930,198,194,21,215,0
2021-11-23,Siskiyou,093,43540,3428,3336,1341,4677,54
2021-11-23,Solano,095,438530,46888,46163,1338,47501,356
2021-11-23,Sonoma,097,501317,42689,42368,544,42912,405
2021-11-23,Stanislaus,099,539301,81544,80782,9134,89916,1220
2021-11-23,Sutter,101,95872,14209,14127,378,14505,181
2021-11-23,Tehama,103,63373,8746,8675,1530,10205,129
2021-11-23,Trinity,105,12862,894,789,226,1015,17
2021-11-23,Tulare,107,460477,70504,69377,15975,85352,1082
2021-11-23,Tuolumne,109,53932,7607,7574,109,7683,90
2021-11-23,Ventura,111,848112,99951,99163,4400,103563,1188
2021-11-23,Yolo,113,214977,20334,20237,1224,21461,257
2021-11-23,Yuba,115,75493,10405,10335,371,10706,88
2021-11-22,Alameda,001,1643700,122407,121566,2931,124497,1475
2021-11-22,Alpine,003,1148,105,106,0,106,0
2021-11-22,Amador,005,37829,5701,5670,68,5738,66
2021-11-22,Butte,007,227075,21602,21363,3895,25258,305
2021-11-22,Calaveras,009,45235,4332,4294,61,4355,84
2021-11-22,Colusa,011,21464,2603,2565,669,3234,19
2021-11-22,Contra Costa,013,1133247,101554,100877,2295,103172,1045
2021-11-22,Del Norte,015,27424,3748,3659,56,3715,42
2021-11-22,El Dorado,017,186661,16602,16378,1754,18132,161
2021-11-22,Fresno,019,978130,144864,143290,12614,155904,2243
2021-11-22,Glenn,021,27897,3564,3530,1004,4534,36
2021-11-22,Humboldt,023,135768,9487,9389,648,10037,115
2021-11-22,Imperial,025,180216,34984,34562,3623,38185,766
2021-11-22,Inyo,027,18085,2529,2501,41,2542,44
2021-11-22,Kern,029,883053,131767,130091,23666,153757,1762
2021-11-22,Kings,031,150075,33245,32867,2026,34893,358
2021-11-22,Lake,033,64148,6895,6837,159,6996,110
2021-11-22,Lassen,035,31185,7030,6954,415,7369,47
2021-11-22,Los Angeles,037,10098052,1461048,1453945,55841,1509786,26800
2021-11-22,Madera,039,155013,24119,23872,2235,26107,296
2021-11-22,Marin,041,260295,17964,17842,491,18333,248
2021-11-22,Mariposa,043,17540,1407,1372,58,1430,6
2021-11-22,Mendocino,045,87422,7991,7859,649,8508,89
2021-11-22,Merced,047,269075,43157,42898,1927,44825,660
2021-11-22,Modoc,049,8938,586,551,202,753,5
2021-11-22,Mono,051,14174,1828,1809,22,1831,4
2021-11-22,Monterey,053,433212,49563,48374,3151,51525,611
2021-11-22,Napa,055,140530,13307,13255,119,13374,104
2021-11-22,Nevada,057,99092,9696,9575,340,9915,96
2021-11-22,Orange,059,3164182,312978,310654,15832,326486,5663
2021-11-22,Placer,061,380077,38378,37956,3829,41785,465
2021-11-22,Plumas,063,18699,1909,1858,45,1903,7
2021-11-22,Riverside,065,2383286,372403,367301,16737,384038,5283
2021-11-22,Sacramento,067,1510023,163336,162222,4905,167127,2328
2021-11-22,San Benito,069,59416,7604,7567,180,7747,77
2021-11-22,San Bernardino,071,2135413,363083,359851,11574,371425,5916
2021-11-22,San Diego,073,3302833,384945,382132,22217,404349,4317
2021-11-22,San Francisco,075,870044,54401,53778,2425,56203,669
2021-11-22,San Joaquin,077,732212,102085,101299,5620,106919,1833
2021-11-22,San Luis Obispo,079,281455,30312,29963,1296,31259,358
2021-11-22,San Mateo,081,765935,55449,54330,945,55275,577
2021-11-22,Santa Barbara,083,443738,45692,45279,1671,46950,546
2021-11-22,Santa Clara,085,1922200,150927,149541,1494,151035,1919
2021-11-22,Santa Cruz,087,273765,21143,20891,1034,21925,222
2021-11-22,Shasta,089,179085,22403,22116,3722,25838,393
2021-11-22,Sierra,091,2930,198,193,21,214,0
2021-11-22,Siskiyou,093,43540,3423,3336,1339,4675,54
2021-11-22,Solano,095,438530,46840,46153,1336,47489,356
2021-11-22,Sonoma,097,501317,42628,42344,543,42887,404
2021-11-22,Stanislaus,099,539301,81453,80718,9124,89842,1209
2021-11-22,Sutter,101,95872,14193,14125,376,14501,181
2021-11-22,Tehama,103,63373,8739,8669,1525,10194,127
2021-11-22,Trinity,105,12862,893,785,226,1011,17
2021-11-22,Tulare,107,460477,70441,69314,15939,85253,1075
2021-11-22,Tuolumne,109,53932,7592,7567,109,7676,90
2021-11-22,Ventura,111,848112,99885,99114,4397,103511,1186
2021-11-22,Yolo,113,214977,20311,20227,1222,21449,257
2021-11-22,Yuba,115,75493,10396,10332,370,10702,88
2021-11-21,Alameda,001,1643700,122280,121443,2927,124370,1475
2021-11-21,Alpine,003,1148,103,106,0,106,0
2021-11-21,Amador,005,37829,5696,5662,67,5729,66
2021-11-21,Butte,007,227075,21561,21342,3890,25232,306
2021-11-21,Calaveras,009,45235,4323,4287,61,4348,84
2021-11-21,Colusa,011,21464,2599,2562,668,3230,19
2021-11-21,Contra Costa,013,1133247,101451,100807,2289,103096,1045
2021-11-21,Del Norte,015,27424,3744,3659,56,3715,42
2021-11-21,El Dorado,017,186661,16575,16370,1748,18118,161
2021-11-21,Fresno,019,978130,144697,143203,12599,155802,2242
2021-11-21,Glenn,021,27897,3560,3529,1004,4533,36
2021-11-21,Humboldt,023,135768,9465,9378,647,10025,115
2021-11-21,Imperial,025,180216,34896,34527,3612,38139,766
2021-11-21,Inyo,027,18085,2522,2501,41,2542,44
2021-11-21,Kern,029,883053,131603,130020,23620,153640,1762
2021-11-21,Kings,031,150075,33208,32843,2022,34865,356
2021-11-21,Lake,033,64148,6888,6834,159,6993,110
2021-11-21,Lassen,035,31185,7021,6953,415,7368,47
2021-11-21,Los Angeles,037,10098052,1459980,1453181,55793,1508974,26793
2021-11-21,Madera,039,155013,24093,23856,2230,26086,296
2021-11-21,Marin,041,260295,17935,17829,488,18317,248
2021-11-21,Mariposa,043,17540,1406,1371,57,1428,6
2021-11-21,Mendocino,045,87422,7985,7846,646,8492,89
2021-11-21,Merced,047,269075,43102,42881,1923,44804,660
2021-11-21,Modoc,049,8938,582,551,202,753,5
2021-11-21,Mono,051,14174,1818,1799,21,1820,4
2021-11-21,Monterey,053,433212,49517,48358,3142,51500,611
2021-11-21,Napa,055,140530,13294,13250,119,13369,104
2021-11-21,Nevada,057,99092,9670,9556,339,9895,96
2021-11-21,Orange,059,3164182,312721,310477,15799,326276,5663
2021-11-21,Placer,061,380077,38296,37929,3828,41757,465
2021-11-21,Plumas,063,18699,1908,1858,45,1903,7
2021-11-21,Riverside,065,2383286,371915,367093,16729,383822,5283
2021-11-21,Sacramento,067,1510023,163115,162087,4895,166982,2327
2021-11-21,San Benito,069,59416,7590,7563,179,7742,77
2021-11-21,San Bernardino,071,2135413,362600,359621,11539,371160,5912
2021-11-21,San Diego,073,3302833,384407,380747,22192,402939,4317
2021-11-21,San Francisco,075,870044,54332,53741,2419,56160,669
2021-11-21,San Joaquin,077,732212,101980,101264,5607,106871,1833
2021-11-21,San Luis Obispo,079,281455,30274,29948,1296,31244,358
2021-11-21,San Mateo,081,765935,55397,54290,943,55233,577
2021-11-21,Santa Barbara,083,443738,45631,45237,1668,46905,546
2021-11-21,Santa Clara,085,1922200,150722,149387,1474,150861,1918
2021-11-21,Santa Cruz,087,273765,21099,20866,1032,21898,222
2021-11-21,Shasta,089,179085,22372,22112,3720,25832,393
2021-11-21,Sierra,091,2930,198,193,21,214,0
2021-11-21,Siskiyou,093,43540,3418,3333,1338,4671,54
2021-11-21,Solano,095,438530,46785,46122,1329,47451,356
2021-11-21,Sonoma,097,501317,42568,42298,542,42840,404
2021-11-21,Stanislaus,099,539301,81355,80687,9111,89798,1209
2021-11-21,Sutter,101,95872,14179,14111,376,14487,181
2021-11-21,Tehama,103,63373,8733,8669,1524,10193,127
2021-11-21,Trinity,105,12862,891,784,224,1008,17
2021-11-21,Tulare,107,460477,70359,69285,15901,85186,1075
2021-11-21,Tuolumne,109,53932,7584,7560,108,7668,90
2021-11-21,Ventura,111,848112,99794,99081,4393,103474,1186
2021-11-21,Yolo,113,214977,20283,20209,1219,21428,257
2021-11-21,Yuba,115,75493,10387,10326,370,10696,88
2021-11-20,Alameda,001,1643700,122186,121059,2921,123980,1473
2021-11-20,Alpine,003,1148,103,105,0,105,0
2021-11-20,Amador,005,37829,5690,5652,66,5718,66
2021-11-20,Butte,007,227075,21545,21265,3886,25151,300
2021-11-20,Calaveras,009,45235,4314,4268,61,4329,84
2021-11-20,Colusa,011,21464,2598,2549,667,3216,19
2021-11-20,Contra Costa,013,1133247,101373,100491,2285,102776,1043
2021-11-20,Del Norte,015,27424,3741,3637,56,3693,42
2021-11-20,El Dorado,017,186661,16553,16308,1746,18054,161
2021-11-20,Fresno,019,978130,144626,142579,12592,155171,2233
2021-11-20,Glenn,021,27897,3559,3526,1003,4529,35
2021-11-20,Humboldt,023,135768,9452,9302,645,9947,115
2021-11-20,Imperial,025,180216,34844,34312,3606,37918,766
2021-11-20,Inyo,027,18085,2521,2467,41,2508,44
2021-11-20,Kern,029,883053,131503,129488,23583,153071,1750
2021-11-20,Kings,031,150075,33198,32720,2022,34742,354
2021-11-20,Lake,033,64148,6885,6808,159,6967,110
2021-11-20,Lassen,035,31185,7020,6931,415,7346,47
2021-11-20,Los Angeles,037,10098052,1459366,1448963,55747,1504710,26741
2021-11-20,Madera,039,155013,24081,23720,2227,25947,296
2021-11-20,Marin,041,260295,17920,17774,488,18262,248
2021-11-20,Mariposa,043,17540,1405,1354,57,1411,6
2021-11-20,Mendocino,045,87422,7977,7773,646,8419,89
2021-11-20,Merced,047,269075,43077,42692,1923,44615,656
2021-11-20,Modoc,049,8938,581,550,202,752,5
2021-11-20,Mono,051,14174,1816,1767,21,1788,4
2021-11-20,Monterey,053,433212,49504,48260,3134,51394,609
2021-11-20,Napa,055,140530,13291,13184,119,13303,103
2021-11-20,Nevada,057,99092,9654,9480,339,9819,92
2021-11-20,Orange,059,3164182,312523,309672,15782,325454,5658
2021-11-20,Placer,061,380077,38255,37800,3823,41623,462
2021-11-20,Plumas,063,18699,1904,1841,45,1886,7
2021-11-20,Riverside,065,2383286,371643,365809,16716,382525,5265
2021-11-20,Sacramento,067,1510023,163012,161533,4891,166424,2316
2021-11-20,San Benito,069,59416,7586,7533,179,7712,77
2021-11-20,San Bernardino,071,2135413,362332,358322,11528,369850,5897
2021-11-20,San Diego,073,3302833,384074,380147,22166,402313,4311
2021-11-20,San Francisco,075,870044,54294,53525,2418,55943,669
2021-11-20,San Joaquin,077,732212,101930,100922,5602,106524,1832
2021-11-20,San Luis Obispo,079,281455,30259,29815,1295,31110,355
2021-11-20,San Mateo,081,765935,55362,54132,942,55074,577
2021-11-20,Santa Barbara,083,443738,45599,45074,1668,46742,544
2021-11-20,Santa Clara,085,1922200,150616,148829,1473,150302,1917
2021-11-20,Santa Cruz,087,273765,21080,20756,1032,21788,222
2021-11-20,Shasta,089,179085,22348,21968,3719,25687,383
2021-11-20,Sierra,091,2930,198,191,21,212,0
2021-11-20,Siskiyou,093,43540,3415,3313,1338,4651,54
2021-11-20,Solano,095,438530,46764,46006,1329,47335,356
2021-11-20,Sonoma,097,501317,42537,42151,542,42693,403
2021-11-20,Stanislaus,099,539301,81308,80412,9107,89519,1205
2021-11-20,Sutter,101,95872,14171,14074,376,14450,181
2021-11-20,Tehama,103,63373,8728,8648,1524,10172,125
2021-11-20,Trinity,105,12862,887,771,224,995,17
2021-11-20,Tulare,107,460477,70322,69074,15880,84954,1054
2021-11-20,Tuolumne,109,53932,7575,7511,108,7619,90
2021-11-20,Ventura,111,848112,99745,98893,4386,103279,1186
2021-11-20,Yolo,113,214977,20276,20139,1215,21354,257
2021-11-20,Yuba,115,75493,10381,10290,369,10659,88
2021-11-19,Alameda,001,1643700,122112,121059,2918,123977,1473
2021-11-19,Alpine,003,1148,103,105,0,105,0
2021-11-19,Amador,005,37829,5680,5652,66,5718,66
2021-11-19,Butte,007,227075,21522,21265,3879,25144,300
2021-11-19,Calaveras,009,45235,4307,4268,61,4329,84
2021-11-19,Colusa,011,21464,2596,2549,666,3215,19
2021-11-19,Contra Costa,013,1133247,101317,100491,2280,102771,1043
2021-11-19,Del Norte,015,27424,3736,3637,56,3693,42
2021-11-19,El Dorado,017,186661,16532,16308,1744,18052,161
2021-11-19,Fresno,019,978130,144510,142579,12588,155167,2233
2021-11-19,Glenn,021,27897,3558,3526,1002,4528,35
2021-11-19,Humboldt,023,135768,9439,9302,642,9944,115
2021-11-19,Imperial,025,180216,34806,34312,3599,37911,766
2021-11-19,Inyo,027,18085,2517,2467,41,2508,44
2021-11-19,Kern,029,883053,131399,129488,23541,153029,1750
2021-11-19,Kings,031,150075,33172,32720,2020,34740,354
2021-11-19,Lake,033,64148,6882,6808,159,6967,110
2021-11-19,Lassen,035,31185,7016,6931,414,7345,47
2021-11-19,Los Angeles,037,10098052,1458684,1448963,55692,1504655,26741
2021-11-19,Madera,039,155013,24060,23720,2223,25943,296
2021-11-19,Marin,041,260295,17901,17774,486,18260,248
2021-11-19,Mariposa,043,17540,1403,1354,57,1411,6
2021-11-19,Mendocino,045,87422,7957,7773,646,8419,89
2021-11-19,Merced,047,269075,43051,42692,1922,44614,656
2021-11-19,Modoc,049,8938,580,550,202,752,5
2021-11-19,Mono,051,14174,1807,1767,21,1788,4
2021-11-19,Monterey,053,433212,49482,48260,3134,51394,609
2021-11-19,Napa,055,140530,13281,13184,118,13302,103
2021-11-19,Nevada,057,99092,9641,9480,339,9819,92
2021-11-19,Orange,059,3164182,312370,309672,15757,325429,5658
2021-11-19,Placer,061,380077,38218,37800,3819,41619,462
2021-11-19,Plumas,063,18699,1900,1841,45,1886,7
2021-11-19,Riverside,065,2383286,371370,365809,16712,382521,5265
2021-11-19,Sacramento,067,1510023,162889,161533,4887,166420,2316
2021-11-19,San Benito,069,59416,7580,7533,177,7710,77
2021-11-19,San Bernardino,071,2135413,362016,358322,11519,369841,5897
2021-11-19,San Diego,073,3302833,383674,380147,22139,402286,4311
2021-11-19,San Francisco,075,870044,54256,53525,2418,55943,669
2021-11-19,San Joaquin,077,732212,101873,100922,5598,106520,1832
2021-11-19,San Luis Obispo,079,281455,30241,29815,1293,31108,355
2021-11-19,San Mateo,081,765935,55313,54132,938,55070,577
2021-11-19,Santa Barbara,083,443738,45562,45074,1668,46742,544
2021-11-19,Santa Clara,085,1922200,150468,148829,1470,150299,1917
2021-11-19,Santa Cruz,087,273765,21053,20756,1029,21785,222
2021-11-19,Shasta,089,179085,22336,21968,3718,25686,383
2021-11-19,Sierra,091,2930,198,191,21,212,0
2021-11-19,Siskiyou,093,43540,3412,3313,1338,4651,54
2021-11-19,Solano,095,438530,46734,46006,1325,47331,356
2021-11-19,Sonoma,097,501317,42504,42151,539,42690,403
2021-11-19,Stanislaus,099,539301,81249,80412,9097,89509,1205
2021-11-19,Sutter,101,95872,14169,14074,376,14450,181
2021-11-19,Tehama,103,63373,8725,8648,1524,10172,125
2021-11-19,Trinity,105,12862,885,771,224,995,17
2021-11-19,Tulare,107,460477,70283,69074,15852,84926,1054
2021-11-19,Tuolumne,109,53932,7564,7511,108,7619,90
2021-11-19,Ventura,111,848112,99679,98893,4382,103275,1186
2021-11-19,Yolo,113,214977,20267,20139,1212,21351,257
2021-11-19,Yuba,115,75493,10378,10290,369,10659,88
2021-11-18,Alameda,001,1643700,121990,121059,2910,123969,1473
2021-11-18,Alpine,003,1148,103,105,0,105,0
2021-11-18,Amador,005,37829,5678,5652,66,5718,66
2021-11-18,Butte,007,227075,21505,21265,3872,25137,300
2021-11-18,Calaveras,009,45235,4300,4268,60,4328,84
2021-11-18,Colusa,011,21464,2588,2549,666,3215,19
2021-11-18,Contra Costa,013,1133247,101215,100491,2272,102763,1043
2021-11-18,Del Norte,015,27424,3733,3637,56,3693,42
2021-11-18,El Dorado,017,186661,16513,16308,1741,18049,161
2021-11-18,Fresno,019,978130,144371,142579,12579,155158,2233
2021-11-18,Glenn,021,27897,3557,3526,1001,4527,35
2021-11-18,Humboldt,023,135768,9423,9302,637,9939,115
2021-11-18,Imperial,025,180216,34752,34312,3583,37895,766
2021-11-18,Inyo,027,18085,2509,2467,41,2508,44
2021-11-18,Kern,029,883053,131255,129488,23493,152981,1750
2021-11-18,Kings,031,150075,33135,32720,2017,34737,354
2021-11-18,Lake,033,64148,6877,6808,159,6967,110
2021-11-18,Lassen,035,31185,7013,6931,409,7340,47
2021-11-18,Los Angeles,037,10098052,1457701,1448963,55628,1504591,26741
2021-11-18,Madera,039,155013,24035,23720,2220,25940,296
2021-11-18,Marin,041,260295,17884,17774,482,18256,248
2021-11-18,Mariposa,043,17540,1400,1354,57,1411,6
2021-11-18,Mendocino,045,87422,7935,7773,637,8410,89
2021-11-18,Merced,047,269075,42995,42692,1920,44612,656
2021-11-18,Modoc,049,8938,569,550,202,752,5
2021-11-18,Mono,051,14174,1799,1767,21,1788,4
2021-11-18,Monterey,053,433212,49457,48260,3129,51389,609
2021-11-18,Napa,055,140530,13269,13184,117,13301,103
2021-11-18,Nevada,057,99092,9617,9480,339,9819,92
2021-11-18,Orange,059,3164182,312134,309672,15738,325410,5658
2021-11-18,Placer,061,380077,38175,37800,3808,41608,462
2021-11-18,Plumas,063,18699,1899,1841,45,1886,7
2021-11-18,Riverside,065,2383286,370999,365809,16699,382508,5265
2021-11-18,Sacramento,067,1510023,162661,161533,4872,166405,2316
2021-11-18,San Benito,069,59416,7570,7533,177,7710,77
2021-11-18,San Bernardino,071,2135413,361585,358322,11500,369822,5897
2021-11-18,San Diego,073,3302833,383168,380147,22123,402270,4311
2021-11-18,San Francisco,075,870044,54204,53525,2414,55939,669
2021-11-18,San Joaquin,077,732212,101781,100922,5589,106511,1832
2021-11-18,San Luis Obispo,079,281455,30211,29815,1292,31107,355
2021-11-18,San Mateo,081,765935,55255,54132,935,55067,577
2021-11-18,Santa Barbara,083,443738,45516,45074,1661,46735,544
2021-11-18,Santa Clara,085,1922200,150281,148829,1462,150291,1917
2021-11-18,Santa Cruz,087,273765,21002,20756,1028,21784,222
2021-11-18,Shasta,089,179085,22300,21968,3713,25681,383
2021-11-18,Sierra,091,2930,197,191,21,212,0
2021-11-18,Siskiyou,093,43540,3412,3313,1334,4647,54
2021-11-18,Solano,095,438530,46692,46006,1322,47328,356
2021-11-18,Sonoma,097,501317,42456,42151,537,42688,403
2021-11-18,Stanislaus,099,539301,81182,80412,9090,89502,1205
2021-11-18,Sutter,101,95872,14158,14074,375,14449,181
2021-11-18,Tehama,103,63373,8720,8648,1524,10172,125
2021-11-18,Trinity,105,12862,884,771,224,995,17
2021-11-18,Tulare,107,460477,70212,69074,15804,84878,1054
2021-11-18,Tuolumne,109,53932,7554,7511,108,7619,90
2021-11-18,Ventura,111,848112,99601,98893,4378,103271,1186
2021-11-18,Yolo,113,214977,20250,20139,1207,21346,257
2021-11-18,Yuba,115,75493,10372,10290,369,10659,88
2021-11-17,Alameda,001,1643700,121867,120913,2909,123822,1472
2021-11-17,Alpine,003,1148,103,105,0,105,0
2021-11-17,Amador,005,37829,5671,5646,66,5712,66
2021-11-17,Butte,007,227075,21479,21230,3869,25099,300
2021-11-17,Calaveras,009,45235,4293,4259,60,4319,84
2021-11-17,Colusa,011,21464,2585,2546,665,3211,19
2021-11-17,Contra Costa,013,1133247,101123,100387,2268,102655,1039
2021-11-17,Del Norte,015,27424,3730,3630,56,3686,42
2021-11-17,El Dorado,017,186661,16494,16269,1740,18009,161
2021-11-17,Fresno,019,978130,144190,142366,12567,154933,2230
2021-11-17,Glenn,021,27897,3555,3527,1000,4527,34
2021-11-17,Humboldt,023,135768,9412,9270,634,9904,115
2021-11-17,Imperial,025,180216,34696,34256,3562,37818,766
2021-11-17,Inyo,027,18085,2503,2457,41,2498,44
2021-11-17,Kern,029,883053,131083,129307,23450,152757,1743
2021-11-17,Kings,031,150075,33107,32669,2013,34682,352
2021-11-17,Lake,033,64148,6873,6795,158,6953,110
2021-11-17,Lassen,035,31185,7011,6918,409,7327,47
2021-11-17,Los Angeles,037,10098052,1456600,1447947,55562,1503509,26721
2021-11-17,Madera,039,155013,24001,23673,2219,25892,287
2021-11-17,Marin,041,260295,17865,17757,480,18237,248
2021-11-17,Mariposa,043,17540,1396,1353,57,1410,6
2021-11-17,Mendocino,045,87422,7927,7735,636,8371,89
2021-11-17,Merced,047,269075,42934,42612,1917,44529,654
2021-11-17,Modoc,049,8938,565,540,202,742,5
2021-11-17,Mono,051,14174,1795,1765,21,1786,5
2021-11-17,Monterey,053,433212,49409,48221,3118,51339,609
2021-11-17,Napa,055,140530,13245,13167,117,13284,103
2021-11-17,Nevada,057,99092,9604,9447,339,9786,92
2021-11-17,Orange,059,3164182,311888,309396,15704,325100,5651
2021-11-17,Placer,061,380077,38127,37725,3799,41524,460
2021-11-17,Plumas,063,18699,1895,1833,45,1878,7
2021-11-17,Riverside,065,2383286,370588,365406,16686,382092,5229
2021-11-17,Sacramento,067,1510023,162490,161269,4864,166133,2302
2021-11-17,San Benito,069,59416,7563,7524,177,7701,77
2021-11-17,San Bernardino,071,2135413,361228,357947,11484,369431,5893
2021-11-17,San Diego,073,3302833,382669,379769,22097,401866,4301
2021-11-17,San Francisco,075,870044,54149,53469,2411,55880,667
2021-11-17,San Joaquin,077,732212,101678,100764,5584,106348,1828
2021-11-17,San Luis Obispo,079,281455,30185,29731,1289,31020,354
2021-11-17,San Mateo,081,765935,55187,54092,932,55024,577
2021-11-17,Santa Barbara,083,443738,45478,45000,1661,46661,542
2021-11-17,Santa Clara,085,1922200,150117,148626,1454,150080,1915
2021-11-17,Santa Cruz,087,273765,20967,20700,1028,21728,222
2021-11-17,Shasta,089,179085,22267,21883,3711,25594,382
2021-11-17,Sierra,091,2930,196,189,21,210,0
2021-11-17,Siskiyou,093,43540,3408,3307,1331,4638,54
2021-11-17,Solano,095,438530,46659,45948,1321,47269,353
2021-11-17,Sonoma,097,501317,42410,42093,534,42627,403
2021-11-17,Stanislaus,099,539301,81092,80276,9080,89356,1199
2021-11-17,Sutter,101,95872,14144,14064,373,14437,181
2021-11-17,Tehama,103,63373,8711,8633,1521,10154,125
2021-11-17,Trinity,105,12862,883,765,224,989,17
2021-11-17,Tulare,107,460477,70141,68977,15778,84755,1047
2021-11-17,Tuolumne,109,53932,7537,7485,108,7593,90
2021-11-17,Ventura,111,848112,99540,98812,4372,103184,1183
2021-11-17,Yolo,113,214977,20231,20100,1204,21304,257
2021-11-17,Yuba,115,75493,10360,10275,365,10640,88
2021-11-16,Alameda,001,1643700,121758,120809,2905,123714,1467
2021-11-16,Alpine,003,1148,103,105,0,105,0
2021-11-16,Amador,005,37829,5665,5644,66,5710,66
2021-11-16,Butte,007,227075,21454,21208,3864,25072,297
2021-11-16,Calaveras,009,45235,4284,4249,60,4309,83
2021-11-16,Colusa,011,21464,2579,2538,665,3203,19
2021-11-16,Contra Costa,013,1133247,101000,100320,2265,102585,1038
2021-11-16,Del Norte,015,27424,3724,3630,56,3686,42
2021-11-16,El Dorado,017,186661,16469,16248,1738,17986,159
2021-11-16,Fresno,019,978130,144003,142200,12551,154751,2218
2021-11-16,Glenn,021,27897,3554,3527,997,4524,34
2021-11-16,Humboldt,023,135768,9391,9252,630,9882,115
2021-11-16,Imperial,025,180216,34612,34177,3550,37727,766
2021-11-16,Inyo,027,18085,2496,2449,41,2490,42
2021-11-16,Kern,029,883053,130925,129136,23388,152524,1735
2021-11-16,Kings,031,150075,33056,32614,2006,34620,350
2021-11-16,Lake,033,64148,6868,6789,158,6947,110
2021-11-16,Lassen,035,31185,7001,6915,409,7324,47
2021-11-16,Los Angeles,037,10098052,1455436,1446815,55490,1502305,26703
2021-11-16,Madera,039,155013,23964,23642,2213,25855,287
2021-11-16,Marin,041,260295,17846,17736,479,18215,248
2021-11-16,Mariposa,043,17540,1388,1349,56,1405,6
2021-11-16,Mendocino,045,87422,7885,7723,632,8355,89
2021-11-16,Merced,047,269075,42897,42578,1910,44488,653
2021-11-16,Modoc,049,8938,564,539,201,740,5
2021-11-16,Mono,051,14174,1786,1767,21,1788,4
2021-11-16,Monterey,053,433212,49379,48195,3104,51299,609
2021-11-16,Napa,055,140530,13234,13151,117,13268,103
2021-11-16,Nevada,057,99092,9587,9435,338,9773,92
2021-11-16,Orange,059,3164182,311619,309170,15670,324840,5651
2021-11-16,Placer,061,380077,38085,37676,3793,41469,459
2021-11-16,Plumas,063,18699,1888,1832,45,1877,7
2021-11-16,Riverside,065,2383286,370167,365078,16664,381742,5208
2021-11-16,Sacramento,067,1510023,162310,161102,4851,165953,2299
2021-11-16,San Benito,069,59416,7550,7513,177,7690,77
2021-11-16,San Bernardino,071,2135413,360816,357528,11432,368960,5901
2021-11-16,San Diego,073,3302833,382111,379435,22070,401505,4287
2021-11-16,San Francisco,075,870044,54076,53415,2404,55819,667
2021-11-16,San Joaquin,077,732212,101538,100637,5568,106205,1807
2021-11-16,San Luis Obispo,079,281455,30154,29703,1286,30989,356
2021-11-16,San Mateo,081,765935,55125,54034,930,54964,577
2021-11-16,Santa Barbara,083,443738,45410,44932,1658,46590,539
2021-11-16,Santa Clara,085,1922200,149937,148452,1442,149894,1916
2021-11-16,Santa Cruz,087,273765,20922,20684,1026,21710,222
2021-11-16,Shasta,089,179085,22228,21853,3707,25560,379
2021-11-16,Sierra,091,2930,196,189,21,210,0
2021-11-16,Siskiyou,093,43540,3405,3304,1329,4633,54
2021-11-16,Solano,095,438530,46619,45908,1320,47228,351
2021-11-16,Sonoma,097,501317,42361,42056,533,42589,401
2021-11-16,Stanislaus,099,539301,80994,80214,9056,89270,1196
2021-11-16,Sutter,101,95872,14132,14058,372,14430,181
2021-11-16,Tehama,103,63373,8704,8621,1514,10135,125
2021-11-16,Trinity,105,12862,883,762,223,985,17
2021-11-16,Tulare,107,460477,70064,68881,15743,84624,1039
2021-11-16,Tuolumne,109,53932,7527,7478,108,7586,90
2021-11-16,Ventura,111,848112,99465,98731,4369,103100,1183
2021-11-16,Yolo,113,214977,20193,20077,1202,21279,257
2021-11-16,Yuba,115,75493,10352,10262,363,10625,85
2021-11-15,Alameda,001,1643700,121604,120731,2900,123631,1464
2021-11-15,Alpine,003,1148,103,105,0,105,0
2021-11-15,Amador,005,37829,5661,5637,66,5703,66
2021-11-15,Butte,007,227075,21428,21182,3860,25042,296
2021-11-15,Calaveras,009,45235,4270,4237,60,4297,83
2021-11-15,Colusa,011,21464,2572,2535,662,3197,19
2021-11-15,Contra Costa,013,1133247,100894,100251,2262,102513,1038
2021-11-15,Del Norte,015,27424,3719,3630,55,3685,42
2021-11-15,El Dorado,017,186661,16445,16236,1734,17970,159
2021-11-15,Fresno,019,978130,143778,142015,12533,154548,2210
2021-11-15,Glenn,021,27897,3552,3526,997,4523,34
2021-11-15,Humboldt,023,135768,9368,9230,622,9852,115
2021-11-15,Imperial,025,180216,34539,34130,3534,37664,766
2021-11-15,Inyo,027,18085,2491,2442,41,2483,42
2021-11-15,Kern,029,883053,130716,128928,23317,152245,1730
2021-11-15,Kings,031,150075,33022,32584,2001,34585,348
2021-11-15,Lake,033,64148,6864,6784,158,6942,109
2021-11-15,Lassen,035,31185,6991,6915,407,7322,47
2021-11-15,Los Angeles,037,10098052,1454252,1446114,55424,1501538,26677
2021-11-15,Madera,039,155013,23925,23605,2202,25807,287
2021-11-15,Marin,041,260295,17829,17723,478,18201,248
2021-11-15,Mariposa,043,17540,1387,1347,54,1401,6
2021-11-15,Mendocino,045,87422,7865,7694,626,8320,89
2021-11-15,Merced,047,269075,42838,42552,1900,44452,648
2021-11-15,Modoc,049,8938,563,538,201,739,5
2021-11-15,Mono,051,14174,1781,1763,21,1784,4
2021-11-15,Monterey,053,433212,49347,48154,3098,51252,609
2021-11-15,Napa,055,140530,13226,13143,117,13260,103
2021-11-15,Nevada,057,99092,9558,9420,337,9757,92
2021-11-15,Orange,059,3164182,311343,308859,15646,324505,5646
2021-11-15,Placer,061,380077,38021,37610,3789,41399,452
2021-11-15,Plumas,063,18699,1882,1829,45,1874,7
2021-11-15,Riverside,065,2383286,369721,364750,16645,381395,5199
2021-11-15,Sacramento,067,1510023,162089,160937,4838,165775,2293
2021-11-15,San Benito,069,59416,7545,7511,176,7687,77
2021-11-15,San Bernardino,071,2135413,360401,357306,11412,368718,5898
2021-11-15,San Diego,073,3302833,381561,378845,22045,400890,4284
2021-11-15,San Francisco,075,870044,54008,53374,2401,55775,667
2021-11-15,San Joaquin,077,732212,101383,100587,5557,106144,1799
2021-11-15,San Luis Obispo,079,281455,30111,29669,1274,30943,351
2021-11-15,San Mateo,081,765935,55072,54010,927,54937,576
2021-11-15,Santa Barbara,083,443738,45354,44879,1652,46531,539
2021-11-15,Santa Clara,085,1922200,149719,148313,1435,149748,1914
2021-11-15,Santa Cruz,087,273765,20880,20630,1025,21655,223
2021-11-15,Shasta,089,179085,22182,21779,3702,25481,374
2021-11-15,Sierra,091,2930,196,189,21,210,0
2021-11-15,Siskiyou,093,43540,3398,3302,1327,4629,54
2021-11-15,Solano,095,438530,46581,45885,1315,47200,351
2021-11-15,Sonoma,097,501317,42310,42021,532,42553,401
2021-11-15,Stanislaus,099,539301,80907,80129,9042,89171,1174
2021-11-15,Sutter,101,95872,14119,14043,371,14414,181
2021-11-15,Tehama,103,63373,8699,8615,1513,10128,125
2021-11-15,Trinity,105,12862,881,757,221,978,17
2021-11-15,Tulare,107,460477,69977,68826,15698,84524,1039
2021-11-15,Tuolumne,109,53932,7516,7461,108,7569,90
2021-11-15,Ventura,111,848112,99381,98605,4364,102969,1183
2021-11-15,Yolo,113,214977,20163,20065,1197,21262,255
2021-11-15,Yuba,115,75493,10333,10254,359,10613,85
2021-11-14,Alameda,001,1643700,121432,120629,2896,123525,1461
2021-11-14,Alpine,003,1148,102,105,0,105,0
2021-11-14,Amador,005,37829,5654,5632,65,5697,66
2021-11-14,Butte,007,227075,21398,21146,3851,24997,296
2021-11-14,Calaveras,009,45235,4259,4222,60,4282,83
2021-11-14,Colusa,011,21464,2570,2532,659,3191,19
2021-11-14,Contra Costa,013,1133247,100785,100188,2260,102448,1038
2021-11-14,Del Norte,015,27424,3716,3629,55,3684,42
2021-11-14,El Dorado,017,186661,16404,16212,1729,17941,159
2021-11-14,Fresno,019,978130,143496,141869,12501,154370,2209
2021-11-14,Glenn,021,27897,3550,3521,997,4518,34
2021-11-14,Humboldt,023,135768,9338,9215,612,9827,115
2021-11-14,Imperial,025,180216,34435,34078,3519,37597,766
2021-11-14,Inyo,027,18085,2479,2441,41,2482,42
2021-11-14,Kern,029,883053,130476,128842,23247,152089,1730
2021-11-14,Kings,031,150075,32965,32545,1994,34539,349
2021-11-14,Lake,033,64148,6856,6777,158,6935,109
2021-11-14,Lassen,035,31185,6981,6911,406,7317,47
2021-11-14,Los Angeles,037,10098052,1452893,1445284,55348,1500632,26667
2021-11-14,Madera,039,155013,23876,23566,2193,25759,287
2021-11-14,Marin,041,260295,17814,17712,478,18190,247
2021-11-14,Mariposa,043,17540,1377,1337,50,1387,6
2021-11-14,Mendocino,045,87422,7831,7684,622,8306,89
2021-11-14,Merced,047,269075,42748,42513,1894,44407,648
2021-11-14,Modoc,049,8938,561,538,201,739,5
2021-11-14,Mono,051,14174,1769,1760,21,1781,4
2021-11-14,Monterey,053,433212,49292,48135,3081,51216,609
2021-11-14,Napa,055,140530,13208,13132,117,13249,103
2021-11-14,Nevada,057,99092,9530,9408,337,9745,92
2021-11-14,Orange,059,3164182,311027,308699,15625,324324,5646
2021-11-14,Placer,061,380077,37940,37569,3779,41348,452
2021-11-14,Plumas,063,18699,1879,1829,44,1873,7
2021-11-14,Riverside,065,2383286,369223,364490,16628,381118,5199
2021-11-14,Sacramento,067,1510023,161851,160761,4821,165582,2295
2021-11-14,San Benito,069,59416,7534,7507,175,7682,77
2021-11-14,San Bernardino,071,2135413,359821,357014,11395,368409,5897
2021-11-14,San Diego,073,3302833,380957,377633,22012,399645,4280
2021-11-14,San Francisco,075,870044,53933,53338,2396,55734,667
2021-11-14,San Joaquin,077,732212,101255,100518,5552,106070,1799
2021-11-14,San Luis Obispo,079,281455,30029,29645,1270,30915,352
2021-11-14,San Mateo,081,765935,55018,53978,925,54903,576
2021-11-14,Santa Barbara,083,443738,45275,44842,1649,46491,539
2021-11-14,Santa Clara,085,1922200,149518,148152,1427,149579,1913
2021-11-14,Santa Cruz,087,273765,20826,20609,1023,21632,223
2021-11-14,Shasta,089,179085,22130,21771,3689,25460,373
2021-11-14,Sierra,091,2930,196,189,21,210,0
2021-11-14,Siskiyou,093,43540,3389,3302,1326,4628,54
2021-11-14,Solano,095,438530,46525,45860,1308,47168,351
2021-11-14,Sonoma,097,501317,42244,41974,530,42504,401
2021-11-14,Stanislaus,099,539301,80773,80076,9028,89104,1174
2021-11-14,Sutter,101,95872,14102,14031,366,14397,181
2021-11-14,Tehama,103,63373,8689,8607,1511,10118,125
2021-11-14,Trinity,105,12862,878,754,219,973,17
2021-11-14,Tulare,107,460477,69859,68772,15639,84411,1037
2021-11-14,Tuolumne,109,53932,7498,7439,107,7546,90
2021-11-14,Ventura,111,848112,99266,98550,4363,102913,1183
2021-11-14,Yolo,113,214977,20136,20040,1191,21231,255
2021-11-14,Yuba,115,75493,10326,10238,357,10595,85
2021-11-13,Alameda,001,1643700,121359,120407,2894,123301,1454
2021-11-13,Alpine,003,1148,102,105,0,105,0
2021-11-13,Amador,005,37829,5653,5614,65,5679,66
2021-11-13,Butte,007,227075,21378,21104,3848,24952,296
2021-11-13,Calaveras,009,45235,4248,4203,60,4263,83
2021-11-13,Colusa,011,21464,2568,2522,659,3181,19
2021-11-13,Contra Costa,013,1133247,100711,100004,2254,102258,1028
2021-11-13,Del Norte,015,27424,3716,3629,55,3684,42
2021-11-13,El Dorado,017,186661,16392,16163,1726,17889,159
2021-11-13,Fresno,019,978130,143389,141452,12490,153942,2205
2021-11-13,Glenn,021,27897,3550,3514,996,4510,34
2021-11-13,Humboldt,023,135768,9323,9177,607,9784,115
2021-11-13,Imperial,025,180216,34385,33990,3502,37492,766
2021-11-13,Inyo,027,18085,2473,2436,41,2477,42
2021-11-13,Kern,029,883053,130376,128472,23203,151675,1719
2021-11-13,Kings,031,150075,32948,32452,1993,34445,347
2021-11-13,Lake,033,64148,6851,6769,158,6927,109
2021-11-13,Lassen,035,31185,6976,6897,406,7303,47
2021-11-13,Los Angeles,037,10098052,1452237,1443088,55307,1498395,26649
2021-11-13,Madera,039,155013,23846,23462,2188,25650,287
2021-11-13,Marin,041,260295,17801,17684,476,18160,247
2021-11-13,Mariposa,043,17540,1374,1323,50,1373,6
2021-11-13,Mendocino,045,87422,7812,7652,620,8272,89
2021-11-13,Merced,047,269075,42710,42411,1891,44302,644
2021-11-13,Modoc,049,8938,560,536,201,737,5
2021-11-13,Mono,051,14174,1765,1750,21,1771,4
2021-11-13,Monterey,053,433212,49267,48087,3079,51166,609
2021-11-13,Napa,055,140530,13200,13110,117,13227,103
2021-11-13,Nevada,057,99092,9510,9369,335,9704,92
2021-11-13,Orange,059,3164182,310862,308211,15597,323808,5641
2021-11-13,Placer,061,380077,37890,37453,3776,41229,445
2021-11-13,Plumas,063,18699,1876,1828,44,1872,8
2021-11-13,Riverside,065,2383286,368918,363801,16621,380422,5187
2021-11-13,Sacramento,067,1510023,161717,160397,4808,165205,2291
2021-11-13,San Benito,069,59416,7521,7491,174,7665,77
2021-11-13,San Bernardino,071,2135413,359569,356325,11388,367713,5873
2021-11-13,San Diego,073,3302833,380620,377633,21984,399617,4280
2021-11-13,San Francisco,075,870044,53900,53195,2395,55590,667
2021-11-13,San Joaquin,077,732212,101198,100263,5543,105806,1799
2021-11-13,San Luis Obispo,079,281455,29999,29589,1268,30857,351
2021-11-13,San Mateo,081,765935,54981,53853,924,54777,574
2021-11-13,Santa Barbara,083,443738,45242,44734,1649,46383,537
2021-11-13,Santa Clara,085,1922200,149399,147821,1422,149243,1905
2021-11-13,Santa Cruz,087,273765,20811,20565,1022,21587,223
2021-11-13,Shasta,089,179085,22099,21713,3685,25398,366
2021-11-13,Sierra,091,2930,195,188,21,209,0
2021-11-13,Siskiyou,093,43540,3380,3299,1325,4624,54
2021-11-13,Solano,095,438530,46496,45774,1304,47078,350
2021-11-13,Sonoma,097,501317,42210,41882,529,42411,399
2021-11-13,Stanislaus,099,539301,80695,79872,9014,88886,1174
2021-11-13,Sutter,101,95872,14092,14017,365,14382,181
2021-11-13,Tehama,103,63373,8683,8592,1507,10099,125
2021-11-13,Trinity,105,12862,877,749,219,968,17
2021-11-13,Tulare,107,460477,69792,68619,15616,84235,1033
2021-11-13,Tuolumne,109,53932,7481,7392,107,7499,90
2021-11-13,Ventura,111,848112,99208,98452,4360,102812,1183
2021-11-13,Yolo,113,214977,20120,20009,1186,21195,255
2021-11-13,Yuba,115,75493,10316,10218,355,10573,85
2021-11-12,Alameda,001,1643700,121277,120407,2891,123298,1454
2021-11-12,Alpine,003,1148,102,105,0,105,0
2021-11-12,Amador,005,37829,5647,5614,64,5678,66
2021-11-12,Butte,007,227075,21361,21104,3844,24948,296
2021-11-12,Calaveras,009,45235,4237,4203,60,4263,83
2021-11-12,Colusa,011,21464,2564,2522,658,3180,19
2021-11-12,Contra Costa,013,1133247,100655,100004,2253,102257,1028
2021-11-12,Del Norte,015,27424,3716,3629,55,3684,42
2021-11-12,El Dorado,017,186661,16373,16163,1725,17888,159
2021-11-12,Fresno,019,978130,143247,141452,12481,153933,2205
2021-11-12,Glenn,021,27897,3547,3514,995,4509,34
2021-11-12,Humboldt,023,135768,9316,9177,605,9782,115
2021-11-12,Imperial,025,180216,34359,33990,3492,37482,766
2021-11-12,Inyo,027,18085,2469,2436,41,2477,42
2021-11-12,Kern,029,883053,130239,128472,23171,151643,1719
2021-11-12,Kings,031,150075,32923,32452,1991,34443,347
2021-11-12,Lake,033,64148,6847,6769,158,6927,109
2021-11-12,Lassen,035,31185,6972,6897,405,7302,47
2021-11-12,Los Angeles,037,10098052,1451510,1443088,55262,1498350,26649
2021-11-12,Madera,039,155013,23816,23462,2183,25645,287
2021-11-12,Marin,041,260295,17785,17684,475,18159,247
2021-11-12,Mariposa,043,17540,1367,1323,50,1373,6
2021-11-12,Mendocino,045,87422,7800,7652,617,8269,89
2021-11-12,Merced,047,269075,42683,42411,1889,44300,644
2021-11-12,Modoc,049,8938,559,536,201,737,5
2021-11-12,Mono,051,14174,1763,1750,21,1771,4
2021-11-12,Monterey,053,433212,49235,48087,3073,51160,609
2021-11-12,Napa,055,140530,13191,13110,117,13227,103
2021-11-12,Nevada,057,99092,9496,9369,334,9703,92
2021-11-12,Orange,059,3164182,310675,308211,15579,323790,5641
2021-11-12,Placer,061,380077,37850,37453,3773,41226,445
2021-11-12,Plumas,063,18699,1871,1828,44,1872,8
2021-11-12,Riverside,065,2383286,368652,363801,16617,380418,5187
2021-11-12,Sacramento,067,1510023,161560,160397,4803,165200,2291
2021-11-12,San Benito,069,59416,7521,7491,174,7665,77
2021-11-12,San Bernardino,071,2135413,359266,356325,11377,367702,5873
2021-11-12,San Diego,073,3302833,380245,377633,21962,399595,4280
2021-11-12,San Francisco,075,870044,53865,53195,2391,55586,667
2021-11-12,San Joaquin,077,732212,101152,100263,5537,105800,1799
2021-11-12,San Luis Obispo,079,281455,29970,29589,1267,30856,351
2021-11-12,San Mateo,081,765935,54932,53853,921,54774,574
2021-11-12,Santa Barbara,083,443738,45188,44734,1648,46382,537
2021-11-12,Santa Clara,085,1922200,149255,147821,1417,149238,1905
2021-11-12,Santa Cruz,087,273765,20784,20565,1020,21585,223
2021-11-12,Shasta,089,179085,22067,21713,3682,25395,366
2021-11-12,Sierra,091,2930,194,188,21,209,0
2021-11-12,Siskiyou,093,43540,3379,3299,1323,4622,54
2021-11-12,Solano,095,438530,46469,45774,1300,47074,350
2021-11-12,Sonoma,097,501317,42170,41882,529,42411,399
2021-11-12,Stanislaus,099,539301,80642,79872,9006,88878,1174
2021-11-12,Sutter,101,95872,14085,14017,365,14382,181
2021-11-12,Tehama,103,63373,8679,8592,1506,10098,125
2021-11-12,Trinity,105,12862,870,749,219,968,17
2021-11-12,Tulare,107,460477,69750,68619,15581,84200,1033
2021-11-12,Tuolumne,109,53932,7468,7392,106,7498,90
2021-11-12,Ventura,111,848112,99143,98452,4359,102811,1183
2021-11-12,Yolo,113,214977,20106,20009,1180,21189,255
2021-11-12,Yuba,115,75493,10307,10218,354,10572,85
2021-11-11,Alameda,001,1643700,121161,120147,2883,123030,1453
2021-11-11,Alpine,003,1148,102,105,0,105,0
2021-11-11,Amador,005,37829,5644,5603,63,5666,66
2021-11-11,Butte,007,227075,21319,21047,3839,24886,293
2021-11-11,Calaveras,009,45235,4219,4179,60,4239,83
2021-11-11,Colusa,011,21464,2556,2518,656,3174,19
2021-11-11,Contra Costa,013,1133247,100549,99808,2248,102056,1028
2021-11-11,Del Norte,015,27424,3714,3622,55,3677,42
2021-11-11,El Dorado,017,186661,16339,16085,1722,17807,159
2021-11-11,Fresno,019,978130,143045,140833,12453,153286,2202
2021-11-11,Glenn,021,27897,3545,3503,995,4498,34
2021-11-11,Humboldt,023,135768,9293,9125,602,9727,115
2021-11-11,Imperial,025,180216,34290,33844,3470,37314,766
2021-11-11,Inyo,027,18085,2464,2428,41,2469,42
2021-11-11,Kern,029,883053,130055,128023,23107,151130,1709
2021-11-11,Kings,031,150075,32872,32318,1989,34307,345
2021-11-11,Lake,033,64148,6840,6745,158,6903,107
2021-11-11,Lassen,035,31185,6966,6875,405,7280,47
2021-11-11,Los Angeles,037,10098052,1450426,1440436,55203,1495639,26614
2021-11-11,Madera,039,155013,23768,23316,2175,25491,287
2021-11-11,Marin,041,260295,17775,17639,475,18114,247
2021-11-11,Mariposa,043,17540,1357,1317,50,1367,6
2021-11-11,Mendocino,045,87422,7785,7612,608,8220,89
2021-11-11,Merced,047,269075,42628,42292,1887,44179,643
2021-11-11,Modoc,049,8938,557,536,201,737,5
2021-11-11,Mono,051,14174,1759,1743,21,1764,4
2021-11-11,Monterey,053,433212,49200,48008,3061,51069,609
2021-11-11,Napa,055,140530,13183,13075,117,13192,103
2021-11-11,Nevada,057,99092,9474,9308,334,9642,92
2021-11-11,Orange,059,3164182,310404,307674,15541,323215,5633
2021-11-11,Placer,061,380077,37799,37333,3765,41098,440
2021-11-11,Plumas,063,18699,1867,1814,44,1858,7
2021-11-11,Riverside,065,2383286,368222,362930,16599,379529,5175
2021-11-11,Sacramento,067,1510023,161347,159962,4784,164746,2289
2021-11-11,San Benito,069,59416,7513,7473,174,7647,76
2021-11-11,San Bernardino,071,2135413,358843,355413,11364,366777,5849
2021-11-11,San Diego,073,3302833,379730,376428,21939,398367,4272
2021-11-11,San Francisco,075,870044,53805,53063,2389,55452,666
2021-11-11,San Joaquin,077,732212,101057,99937,5522,105459,1799
2021-11-11,San Luis Obispo,079,281455,29919,29532,1265,30797,351
2021-11-11,San Mateo,081,765935,54881,53722,916,54638,574
2021-11-11,Santa Barbara,083,443738,45130,44603,1645,46248,534
2021-11-11,Santa Clara,085,1922200,149073,147458,1411,148869,1901
2021-11-11,Santa Cruz,087,273765,20739,20479,1020,21499,222
2021-11-11,Shasta,089,179085,22020,21600,3680,25280,364
2021-11-11,Sierra,091,2930,193,186,21,207,0
2021-11-11,Siskiyou,093,43540,3373,3297,1322,4619,53
2021-11-11,Solano,095,438530,46432,45679,1299,46978,350
2021-11-11,Sonoma,097,501317,42133,41774,529,42303,395
2021-11-11,Stanislaus,099,539301,80556,79570,8992,88562,1166
2021-11-11,Sutter,101,95872,14071,13993,364,14357,181
2021-11-11,Tehama,103,63373,8667,8565,1504,10069,125
2021-11-11,Trinity,105,12862,869,748,219,967,17
2021-11-11,Tulare,107,460477,69660,68367,15544,83911,1028
2021-11-11,Tuolumne,109,53932,7455,7354,106,7460,90
2021-11-11,Ventura,111,848112,99065,98297,4352,102649,1182
2021-11-11,Yolo,113,214977,20079,19946,1178,21124,255
2021-11-11,Yuba,115,75493,10291,10191,354,10545,85
2021-11-10,Alameda,001,1643700,121053,120147,2874,123021,1453
2021-11-10,Alpine,003,1148,102,105,0,105,0
2021-11-10,Amador,005,37829,5638,5603,63,5666,66
2021-11-10,Butte,007,227075,21293,21047,3835,24882,293
2021-11-10,Calaveras,009,45235,4208,4179,60,4239,83
2021-11-10,Colusa,011,21464,2550,2518,656,3174,19
2021-11-10,Contra Costa,013,1133247,100465,99808,2244,102052,1028
2021-11-10,Del Norte,015,27424,3713,3622,55,3677,42
2021-11-10,El Dorado,017,186661,16323,16085,1721,17806,159
2021-11-10,Fresno,019,978130,142867,140833,12440,153273,2202
2021-11-10,Glenn,021,27897,3545,3503,994,4497,34
2021-11-10,Humboldt,023,135768,9275,9125,602,9727,115
2021-11-10,Imperial,025,180216,34241,33844,3451,37295,766
2021-11-10,Inyo,027,18085,2457,2428,41,2469,42
2021-11-10,Kern,029,883053,129906,128023,23051,151074,1709
2021-11-10,Kings,031,150075,32839,32318,1987,34305,345
2021-11-10,Lake,033,64148,6830,6745,158,6903,107
2021-11-10,Lassen,035,31185,6961,6875,405,7280,47
2021-11-10,Los Angeles,037,10098052,1449478,1440436,55147,1495583,26614
2021-11-10,Madera,039,155013,23719,23316,2169,25485,287
2021-11-10,Marin,041,260295,17762,17639,473,18112,247
2021-11-10,Mariposa,043,17540,1351,1317,50,1367,6
2021-11-10,Mendocino,045,87422,7773,7612,607,8219,89
2021-11-10,Merced,047,269075,42593,42292,1885,44177,643
2021-11-10,Modoc,049,8938,556,536,200,736,5
2021-11-10,Mono,051,14174,1757,1743,21,1764,4
2021-11-10,Monterey,053,433212,49167,48008,3049,51057,609
2021-11-10,Napa,055,140530,13169,13075,116,13191,103
2021-11-10,Nevada,057,99092,9467,9308,332,9640,92
2021-11-10,Orange,059,3164182,310141,307674,15509,323183,5633
2021-11-10,Placer,061,380077,37754,37333,3758,41091,440
2021-11-10,Plumas,063,18699,1864,1814,43,1857,7
2021-11-10,Riverside,065,2383286,367842,362930,16593,379523,5175
2021-11-10,Sacramento,067,1510023,161194,159962,4774,164736,2289
2021-11-10,San Benito,069,59416,7505,7473,174,7647,76
2021-11-10,San Bernardino,071,2135413,358503,355413,11356,366769,5849
2021-11-10,San Diego,073,3302833,379315,376428,21917,398345,4272
2021-11-10,San Francisco,075,870044,53743,53063,2386,55449,666
2021-11-10,San Joaquin,077,732212,100949,99937,5516,105453,1799
2021-11-10,San Luis Obispo,079,281455,29888,29532,1264,30796,351
2021-11-10,San Mateo,081,765935,54827,53722,915,54637,574
2021-11-10,Santa Barbara,083,443738,45092,44603,1644,46247,534
2021-11-10,Santa Clara,085,1922200,148925,147458,1405,148863,1901
2021-11-10,Santa Cruz,087,273765,20712,20479,1019,21498,222
2021-11-10,Shasta,089,179085,21984,21600,3678,25278,364
2021-11-10,Sierra,091,2930,192,186,21,207,0
2021-11-10,Siskiyou,093,43540,3371,3297,1322,4619,53
2021-11-10,Solano,095,438530,46402,45679,1297,46976,350
2021-11-10,Sonoma,097,501317,42081,41774,529,42303,395
2021-11-10,Stanislaus,099,539301,80453,79570,8976,88546,1166
2021-11-10,Sutter,101,95872,14063,13993,364,14357,181
2021-11-10,Tehama,103,63373,8655,8565,1498,10063,125
2021-11-10,Trinity,105,12862,865,748,218,966,17
2021-11-10,Tulare,107,460477,69599,68367,15504,83871,1028
2021-11-10,Tuolumne,109,53932,7431,7354,106,7460,90
2021-11-10,Ventura,111,848112,98994,98297,4352,102649,1182
2021-11-10,Yolo,113,214977,20061,19946,1177,21123,255
2021-11-10,Yuba,115,75493,10282,10191,354,10545,85
2021-11-09,Alameda,001,1643700,120917,120051,2865,122916,1450
2021-11-09,Alpine,003,1148,102,105,0,105,0
2021-11-09,Amador,005,37829,5634,5596,63,5659,66
2021-11-09,Butte,007,227075,21272,21022,3832,24854,291
2021-11-09,Calaveras,009,45235,4204,4174,60,4234,84
2021-11-09,Colusa,011,21464,2545,2517,655,3172,19
2021-11-09,Contra Costa,013,1133247,100370,99732,2236,101968,1028
2021-11-09,Del Norte,015,27424,3712,3620,55,3675,42
2021-11-09,El Dorado,017,186661,16285,16073,1716,17789,160
2021-11-09,Fresno,019,978130,142626,140666,12425,153091,2188
2021-11-09,Glenn,021,27897,3540,3499,993,4492,34
2021-11-09,Humboldt,023,135768,9255,9112,597,9709,115
2021-11-09,Imperial,025,180216,34189,33751,3437,37188,766
2021-11-09,Inyo,027,18085,2453,2404,41,2445,42
2021-11-09,Kern,029,883053,129663,127901,22988,150889,1694
2021-11-09,Kings,031,150075,32772,32279,1983,34262,344
2021-11-09,Lake,033,64148,6821,6743,158,6901,106
2021-11-09,Lassen,035,31185,6949,6846,405,7251,47
2021-11-09,Los Angeles,037,10098052,1448236,1439125,55087,1494212,26581
2021-11-09,Madera,039,155013,23669,23285,2160,25445,287
2021-11-09,Marin,041,260295,17743,17630,471,18101,247
2021-11-09,Mariposa,043,17540,1343,1317,49,1366,5
2021-11-09,Mendocino,045,87422,7750,7598,601,8199,85
2021-11-09,Merced,047,269075,42551,42251,1881,44132,613
2021-11-09,Modoc,049,8938,555,536,198,734,5
2021-11-09,Mono,051,14174,1752,1738,21,1759,4
2021-11-09,Monterey,053,433212,49130,47975,3024,50999,609
2021-11-09,Napa,055,140530,13151,13051,116,13167,103
2021-11-09,Nevada,057,99092,9448,9288,332,9620,92
2021-11-09,Orange,059,3164182,309858,307412,15482,322894,5621
2021-11-09,Placer,061,380077,37700,37291,3741,41032,440
2021-11-09,Plumas,063,18699,1862,1802,43,1845,7
2021-11-09,Riverside,065,2383286,367377,362557,16578,379135,5160
2021-11-09,Sacramento,067,1510023,160954,159856,4764,164620,2286
2021-11-09,San Benito,069,59416,7494,7471,173,7644,76
2021-11-09,San Bernardino,071,2135413,358055,354972,11339,366311,5839
2021-11-09,San Diego,073,3302833,378808,375997,21891,397888,4272
2021-11-09,San Francisco,075,870044,53668,52996,2380,55376,666
2021-11-09,San Joaquin,077,732212,100771,99848,5503,105351,1794
2021-11-09,San Luis Obispo,079,281455,29845,29488,1263,30751,350
2021-11-09,San Mateo,081,765935,54780,53697,905,54602,574
2021-11-09,Santa Barbara,083,443738,45025,44579,1637,46216,533
2021-11-09,Santa Clara,085,1922200,148718,147281,1398,148679,1901
2021-11-09,Santa Cruz,087,273765,20677,20463,1018,21481,222
2021-11-09,Shasta,089,179085,21929,21558,3673,25231,364
2021-11-09,Sierra,091,2930,192,186,21,207,0
2021-11-09,Siskiyou,093,43540,3369,3295,1320,4615,52
2021-11-09,Solano,095,438530,46348,45639,1296,46935,350
2021-11-09,Sonoma,097,501317,42026,41727,527,42254,395
2021-11-09,Stanislaus,099,539301,80348,79505,8959,88464,1165
2021-11-09,Sutter,101,95872,14048,13988,362,14350,180
2021-11-09,Tehama,103,63373,8637,8555,1496,10051,125
2021-11-09,Trinity,105,12862,864,746,218,964,17
2021-11-09,Tulare,107,460477,69495,68298,15464,83762,1024
2021-11-09,Tuolumne,109,53932,7411,7347,106,7453,90
2021-11-09,Ventura,111,848112,98915,98202,4347,102549,1182
2021-11-09,Yolo,113,214977,20037,19931,1173,21104,255
2021-11-09,Yuba,115,75493,10265,10175,348,10523,85
2021-11-08,Alameda,001,1643700,120777,119983,2859,122842,1447
2021-11-08,Alpine,003,1148,102,105,0,105,0
2021-11-08,Amador,005,37829,5628,5590,63,5653,66
2021-11-08,Butte,007,227075,21244,21000,3824,24824,288
2021-11-08,Calaveras,009,45235,4196,4166,60,4226,82
2021-11-08,Colusa,011,21464,2544,2514,654,3168,19
2021-11-08,Contra Costa,013,1133247,100268,99669,2232,101901,1028
2021-11-08,Del Norte,015,27424,3708,3619,55,3674,42
2021-11-08,El Dorado,017,186661,16266,16055,1711,17766,156
2021-11-08,Fresno,019,978130,142326,140466,12407,152873,2179
2021-11-08,Glenn,021,27897,3537,3496,989,4485,34
2021-11-08,Humboldt,023,135768,9228,9095,587,9682,109
2021-11-08,Imperial,025,180216,34110,33690,3418,37108,766
2021-11-08,Inyo,027,18085,2446,2398,41,2439,41
2021-11-08,Kern,029,883053,129428,127722,22905,150627,1692
2021-11-08,Kings,031,150075,32726,32248,1982,34230,344
2021-11-08,Lake,033,64148,6815,6737,158,6895,106
2021-11-08,Lassen,035,31185,6942,6830,403,7233,46
2021-11-08,Los Angeles,037,10098052,1446893,1438322,55029,1493351,26575
2021-11-08,Madera,039,155013,23620,23253,2148,25401,287
2021-11-08,Marin,041,260295,17726,17617,468,18085,247
2021-11-08,Mariposa,043,17540,1335,1316,48,1364,5
2021-11-08,Mendocino,045,87422,7736,7581,595,8176,85
2021-11-08,Merced,047,269075,42480,42224,1873,44097,607
2021-11-08,Modoc,049,8938,554,529,198,727,5
2021-11-08,Mono,051,14174,1748,1739,21,1760,4
2021-11-08,Monterey,053,433212,49089,47942,3003,50945,602
2021-11-08,Napa,055,140530,13137,13045,116,13161,103
2021-11-08,Nevada,057,99092,9430,9278,330,9608,92
2021-11-08,Orange,059,3164182,309584,307156,15451,322607,5616
2021-11-08,Placer,061,380077,37648,37250,3738,40988,439
2021-11-08,Plumas,063,18699,1861,1788,42,1830,7
2021-11-08,Riverside,065,2383286,366922,362201,16564,378765,5152
2021-11-08,Sacramento,067,1510023,160739,159735,4744,164479,2275
2021-11-08,San Benito,069,59416,7492,7461,173,7634,75
2021-11-08,San Bernardino,071,2135413,357550,354741,11320,366061,5836
2021-11-08,San Diego,073,3302833,378219,375557,21844,397401,4259
2021-11-08,San Francisco,075,870044,53615,52942,2374,55316,666
2021-11-08,San Joaquin,077,732212,100655,99736,5501,105237,1794
2021-11-08,San Luis Obispo,079,281455,29795,29464,1259,30723,350
2021-11-08,San Mateo,081,765935,54705,53658,900,54558,574
2021-11-08,Santa Barbara,083,443738,44971,44548,1636,46184,532
2021-11-08,Santa Clara,085,1922200,148490,147183,1392,148575,1899
2021-11-08,Santa Cruz,087,273765,20648,20435,1018,21453,222
2021-11-08,Shasta,089,179085,21882,21504,3667,25171,354
2021-11-08,Sierra,091,2930,192,183,21,204,0
2021-11-08,Siskiyou,093,43540,3365,3290,1309,4599,50
2021-11-08,Solano,095,438530,46307,45613,1292,46905,350
2021-11-08,Sonoma,097,501317,41958,41669,525,42194,395
2021-11-08,Stanislaus,099,539301,80196,79417,8945,88362,1150
2021-11-08,Sutter,101,95872,14040,13976,358,14334,180
2021-11-08,Tehama,103,63373,8628,8534,1496,10030,123
2021-11-08,Trinity,105,12862,864,743,217,960,13
2021-11-08,Tulare,107,460477,69380,68199,15426,83625,1020
2021-11-08,Tuolumne,109,53932,7392,7328,105,7433,90
2021-11-08,Ventura,111,848112,98822,98144,4345,102489,1182
2021-11-08,Yolo,113,214977,19999,19916,1168,21084,255
2021-11-08,Yuba,115,75493,10254,10172,345,10517,83
2021-11-07,Alameda,001,1643700,120620,119902,2853,122755,1444
2021-11-07,Alpine,003,1148,102,105,0,105,0
2021-11-07,Amador,005,37829,5621,5580,61,5641,66
2021-11-07,Butte,007,227075,21205,20969,3815,24784,288
2021-11-07,Calaveras,009,45235,4169,4158,59,4217,82
2021-11-07,Colusa,011,21464,2538,2511,652,3163,19
2021-11-07,Contra Costa,013,1133247,100156,99596,2223,101819,1028
2021-11-07,Del Norte,015,27424,3706,3617,55,3672,42
2021-11-07,El Dorado,017,186661,16229,16040,1708,17748,156
2021-11-07,Fresno,019,978130,141986,140263,12385,152648,2179
2021-11-07,Glenn,021,27897,3530,3493,988,4481,34
2021-11-07,Humboldt,023,135768,9203,9074,583,9657,109
2021-11-07,Imperial,025,180216,34037,33674,3398,37072,766
2021-11-07,Inyo,027,18085,2433,2394,41,2435,41
2021-11-07,Kern,029,883053,129156,127583,22813,150396,1692
2021-11-07,Kings,031,150075,32636,32221,1978,34199,343
2021-11-07,Lake,033,64148,6799,6734,157,6891,106
2021-11-07,Lassen,035,31185,6933,6819,399,7218,46
2021-11-07,Los Angeles,037,10098052,1445402,1437314,54956,1492270,26573
2021-11-07,Madera,039,155013,23575,23225,2141,25366,287
2021-11-07,Marin,041,260295,17706,17594,467,18061,247
2021-11-07,Mariposa,043,17540,1334,1306,48,1354,5
2021-11-07,Mendocino,045,87422,7707,7567,591,8158,85
2021-11-07,Merced,047,269075,42399,42186,1843,44029,607
2021-11-07,Modoc,049,8938,551,528,197,725,5
2021-11-07,Mono,051,14174,1742,1739,21,1760,4
2021-11-07,Monterey,053,433212,49037,47924,2998,50922,602
2021-11-07,Napa,055,140530,13116,13041,116,13157,103
2021-11-07,Nevada,057,99092,9381,9254,330,9584,92
2021-11-07,Orange,059,3164182,309260,306954,15412,322366,5616
2021-11-07,Placer,061,380077,37572,37202,3723,40925,439
2021-11-07,Plumas,063,18699,1854,1787,41,1828,7
2021-11-07,Riverside,065,2383286,366388,361960,16545,378505,5152
2021-11-07,Sacramento,067,1510023,160508,159549,4726,164275,2277
2021-11-07,San Benito,069,59416,7479,7460,173,7633,75
2021-11-07,San Bernardino,071,2135413,357049,354488,11297,365785,5832
2021-11-07,San Diego,073,3302833,377631,375165,21811,396976,4250
2021-11-07,San Francisco,075,870044,53531,52868,2368,55236,666
2021-11-07,San Joaquin,077,732212,100470,99696,5495,105191,1794
2021-11-07,San Luis Obispo,079,281455,29745,29454,1255,30709,350
2021-11-07,San Mateo,081,765935,54645,53600,898,54498,574
2021-11-07,Santa Barbara,083,443738,44908,44501,1635,46136,532
2021-11-07,Santa Clara,085,1922200,148287,147054,1379,148433,1898
2021-11-07,Santa Cruz,087,273765,20590,20397,1017,21414,222
2021-11-07,Shasta,089,179085,21834,21479,3661,25140,354
2021-11-07,Sierra,091,2930,190,183,21,204,0
2021-11-07,Siskiyou,093,43540,3359,3289,1307,4596,51
2021-11-07,Solano,095,438530,46252,45582,1285,46867,350
2021-11-07,Sonoma,097,501317,41909,41630,525,42155,395
2021-11-07,Stanislaus,099,539301,80042,79351,8925,88276,1150
2021-11-07,Sutter,101,95872,14027,13964,355,14319,180
2021-11-07,Tehama,103,63373,8605,8528,1494,10022,121
2021-11-07,Trinity,105,12862,863,742,216,958,13
2021-11-07,Tulare,107,460477,69227,68145,15383,83528,1020
2021-11-07,Tuolumne,109,53932,7374,7300,103,7403,90
2021-11-07,Ventura,111,848112,98730,98085,4343,102428,1182
2021-11-07,Yolo,113,214977,19979,19899,1163,21062,255
2021-11-07,Yuba,115,75493,10237,10162,340,10502,83
2021-11-06,Alameda,001,1643700,120557,119499,2850,122349,1436
2021-11-06,Alpine,003,1148,102,105,0,105,0
2021-11-06,Amador,005,37829,5615,5557,61,5618,66
2021-11-06,Butte,007,227075,21185,20796,3811,24607,288
2021-11-06,Calaveras,009,45235,4161,4105,59,4164,82
2021-11-06,Colusa,011,21464,2537,2501,651,3152,19
2021-11-06,Contra Costa,013,1133247,100101,99282,2221,101503,1025
2021-11-06,Del Norte,015,27424,3703,3607,55,3662,42
2021-11-06,El Dorado,017,186661,16212,15958,1708,17666,156
2021-11-06,Fresno,019,978130,141869,139249,12383,151632,2170
2021-11-06,Glenn,021,27897,3527,3479,988,4467,33
2021-11-06,Humboldt,023,135768,9191,8972,579,9551,109
2021-11-06,Imperial,025,180216,33991,33471,3392,36863,766
2021-11-06,Inyo,027,18085,2427,2353,41,2394,41
2021-11-06,Kern,029,883053,129023,126848,22760,149608,1684
2021-11-06,Kings,031,150075,32603,32018,1973,33991,342
2021-11-06,Lake,033,64148,6797,6695,157,6852,106
2021-11-06,Lassen,035,31185,6928,6796,398,7194,46
2021-11-06,Los Angeles,037,10098052,1444628,1433081,54912,1487993,26533
2021-11-06,Madera,039,155013,23539,22994,2132,25126,287
2021-11-06,Marin,041,260295,17687,17520,464,17984,247
2021-11-06,Mariposa,043,17540,1332,1282,48,1330,5
2021-11-06,Mendocino,045,87422,7685,7486,591,8077,85
2021-11-06,Merced,047,269075,42375,41958,1835,43793,604
2021-11-06,Modoc,049,8938,550,523,197,720,5
2021-11-06,Mono,051,14174,1740,1725,21,1746,4
2021-11-06,Monterey,053,433212,49005,47830,2988,50818,602
2021-11-06,Napa,055,140530,13106,12950,116,13066,103
2021-11-06,Nevada,057,99092,9359,9169,329,9498,91
2021-11-06,Orange,059,3164182,309053,306049,15386,321435,5611
2021-11-06,Placer,061,380077,37531,36967,3720,40687,438
2021-11-06,Plumas,063,18699,1850,1755,40,1795,7
2021-11-06,Riverside,065,2383286,366070,360584,16536,377120,5138
2021-11-06,Sacramento,067,1510023,160416,158766,4721,163487,2263
2021-11-06,San Benito,069,59416,7472,7429,173,7602,75
2021-11-06,San Bernardino,071,2135413,356778,353142,11293,364435,5813
2021-11-06,San Diego,073,3302833,377284,373423,21793,395216,4246
2021-11-06,San Francisco,075,870044,53477,52556,2365,54921,666
2021-11-06,San Joaquin,077,732212,100413,99372,5494,104866,1782
2021-11-06,San Luis Obispo,079,281455,29717,29335,1251,30586,350
2021-11-06,San Mateo,081,765935,54611,53442,897,54339,574
2021-11-06,Santa Barbara,083,443738,44872,44301,1634,45935,532
2021-11-06,Santa Clara,085,1922200,148142,146519,1374,147893,1894
2021-11-06,Santa Cruz,087,273765,20571,20311,1015,21326,222
2021-11-06,Shasta,089,179085,21815,21281,3656,24937,349
2021-11-06,Sierra,091,2930,190,181,21,202,0
2021-11-06,Siskiyou,093,43540,3359,3279,1305,4584,48
2021-11-06,Solano,095,438530,46222,45465,1284,46749,350
2021-11-06,Sonoma,097,501317,41859,41398,524,41922,395
2021-11-06,Stanislaus,099,539301,79974,78902,8917,87819,1193
2021-11-06,Sutter,101,95872,14023,13908,354,14262,180
2021-11-06,Tehama,103,63373,8594,8474,1492,9966,120
2021-11-06,Trinity,105,12862,860,732,216,948,11
2021-11-06,Tulare,107,460477,69176,67767,15355,83122,1010
2021-11-06,Tuolumne,109,53932,7361,7245,103,7348,90
2021-11-06,Ventura,111,848112,98664,97770,4338,102108,1180
2021-11-06,Yolo,113,214977,19962,19827,1159,20986,255
2021-11-06,Yuba,115,75493,10223,10107,340,10447,83
2021-11-05,Alameda,001,1643700,120475,119499,2848,122347,1436
2021-11-05,Alpine,003,1148,102,105,0,105,0
2021-11-05,Amador,005,37829,5610,5557,61,5618,66
2021-11-05,Butte,007,227075,21171,20796,3810,24606,288
2021-11-05,Calaveras,009,45235,4156,4105,59,4164,82
2021-11-05,Colusa,011,21464,2537,2501,650,3151,19
2021-11-05,Contra Costa,013,1133247,100035,99282,2219,101501,1025
2021-11-05,Del Norte,015,27424,3701,3607,55,3662,42
2021-11-05,El Dorado,017,186661,16194,15958,1702,17660,156
2021-11-05,Fresno,019,978130,141691,139249,12373,151622,2170
2021-11-05,Glenn,021,27897,3527,3479,988,4467,33
2021-11-05,Humboldt,023,135768,9177,8972,579,9551,109
2021-11-05,Imperial,025,180216,33956,33471,3389,36860,766
2021-11-05,Inyo,027,18085,2419,2353,41,2394,41
2021-11-05,Kern,029,883053,128896,126848,22704,149552,1684
2021-11-05,Kings,031,150075,32580,32018,1972,33990,342
2021-11-05,Lake,033,64148,6791,6695,157,6852,106
2021-11-05,Lassen,035,31185,6924,6796,397,7193,46
2021-11-05,Los Angeles,037,10098052,1443809,1433081,54874,1487955,26533
2021-11-05,Madera,039,155013,23501,22994,2131,25125,287
2021-11-05,Marin,041,260295,17665,17520,463,17983,247
2021-11-05,Mariposa,043,17540,1329,1282,47,1329,5
2021-11-05,Mendocino,045,87422,7674,7486,590,8076,85
2021-11-05,Merced,047,269075,42349,41958,1831,43789,604
2021-11-05,Modoc,049,8938,550,523,197,720,5
2021-11-05,Mono,051,14174,1739,1725,21,1746,4
2021-11-05,Monterey,053,433212,48976,47830,2986,50816,602
2021-11-05,Napa,055,140530,13084,12950,116,13066,103
2021-11-05,Nevada,057,99092,9346,9169,329,9498,91
2021-11-05,Orange,059,3164182,308856,306049,15364,321413,5611
2021-11-05,Placer,061,380077,37504,36967,3710,40677,438
2021-11-05,Plumas,063,18699,1843,1755,40,1795,7
2021-11-05,Riverside,065,2383286,365729,360584,16526,377110,5138
2021-11-05,Sacramento,067,1510023,160293,158766,4715,163481,2263
2021-11-05,San Benito,069,59416,7470,7429,172,7601,75
2021-11-05,San Bernardino,071,2135413,356446,353142,11282,364424,5813
2021-11-05,San Diego,073,3302833,376919,373423,21781,395204,4246
2021-11-05,San Francisco,075,870044,53426,52556,2362,54918,666
2021-11-05,San Joaquin,077,732212,100360,99372,5485,104857,1782
2021-11-05,San Luis Obispo,079,281455,29694,29335,1251,30586,350
2021-11-05,San Mateo,081,765935,54571,53442,895,54337,574
2021-11-05,Santa Barbara,083,443738,44827,44301,1633,45934,532
2021-11-05,Santa Clara,085,1922200,148004,146519,1373,147892,1894
2021-11-05,Santa Cruz,087,273765,20547,20311,1014,21325,222
2021-11-05,Shasta,089,179085,21783,21281,3651,24932,349
2021-11-05,Sierra,091,2930,190,181,21,202,0
2021-11-05,Siskiyou,093,43540,3354,3279,1304,4583,48
2021-11-05,Solano,095,438530,46176,45465,1281,46746,350
2021-11-05,Sonoma,097,501317,41819,41398,524,41922,395
2021-11-05,Stanislaus,099,539301,79916,78902,8905,87807,1193
2021-11-05,Sutter,101,95872,14015,13908,353,14261,180
2021-11-05,Tehama,103,63373,8587,8474,1491,9965,120
2021-11-05,Trinity,105,12862,860,732,216,948,11
2021-11-05,Tulare,107,460477,69105,67767,15318,83085,1010
2021-11-05,Tuolumne,109,53932,7344,7245,102,7347,90
2021-11-05,Ventura,111,848112,98623,97770,4335,102105,1180
2021-11-05,Yolo,113,214977,19952,19827,1158,20985,255
2021-11-05,Yuba,115,75493,10210,10107,338,10445,83
2021-11-04,Alameda,001,1643700,120360,119499,2842,122341,1436
2021-11-04,Alpine,003,1148,102,105,0,105,0
2021-11-04,Amador,005,37829,5602,5557,61,5618,66
2021-11-04,Butte,007,227075,21129,20796,3800,24596,288
2021-11-04,Calaveras,009,45235,4142,4105,57,4162,82
2021-11-04,Colusa,011,21464,2531,2501,649,3150,19
2021-11-04,Contra Costa,013,1133247,99943,99282,2214,101496,1025
2021-11-04,Del Norte,015,27424,3698,3607,55,3662,42
2021-11-04,El Dorado,017,186661,16168,15958,1698,17656,156
2021-11-04,Fresno,019,978130,141412,139249,12366,151615,2170
2021-11-04,Glenn,021,27897,3522,3479,987,4466,33
2021-11-04,Humboldt,023,135768,9152,8972,576,9548,109
2021-11-04,Imperial,025,180216,33898,33471,3379,36850,766
2021-11-04,Inyo,027,18085,2411,2353,41,2394,41
2021-11-04,Kern,029,883053,128663,126848,22636,149484,1684
2021-11-04,Kings,031,150075,32500,32018,1964,33982,342
2021-11-04,Lake,033,64148,6781,6695,155,6850,106
2021-11-04,Lassen,035,31185,6914,6796,392,7188,46
2021-11-04,Los Angeles,037,10098052,1442511,1433081,54792,1487873,26533
2021-11-04,Madera,039,155013,23446,22994,2120,25114,287
2021-11-04,Marin,041,260295,17652,17520,461,17981,247
2021-11-04,Mariposa,043,17540,1322,1282,47,1329,5
2021-11-04,Mendocino,045,87422,7661,7486,584,8070,85
2021-11-04,Merced,047,269075,42294,41958,1827,43785,604
2021-11-04,Modoc,049,8938,549,523,197,720,5
2021-11-04,Mono,051,14174,1734,1725,21,1746,4
2021-11-04,Monterey,053,433212,48931,47830,2970,50800,602
2021-11-04,Napa,055,140530,13063,12950,116,13066,103
2021-11-04,Nevada,057,99092,9315,9169,328,9497,91
2021-11-04,Orange,059,3164182,308606,306049,15345,321394,5611
2021-11-04,Placer,061,380077,37432,36967,3701,40668,438
2021-11-04,Plumas,063,18699,1835,1755,36,1791,7
2021-11-04,Riverside,065,2383286,365333,360584,16517,377101,5138
2021-11-04,Sacramento,067,1510023,160059,158766,4694,163460,2263
2021-11-04,San Benito,069,59416,7464,7429,172,7601,75
2021-11-04,San Bernardino,071,2135413,356012,353142,11275,364417,5813
2021-11-04,San Diego,073,3302833,376438,373423,21760,395183,4246
2021-11-04,San Francisco,075,870044,53345,52556,2358,54914,666
2021-11-04,San Joaquin,077,732212,100253,99372,5473,104845,1782
2021-11-04,San Luis Obispo,079,281455,29670,29335,1245,30580,350
2021-11-04,San Mateo,081,765935,54512,53442,889,54331,574
2021-11-04,Santa Barbara,083,443738,44771,44301,1633,45934,532
2021-11-04,Santa Clara,085,1922200,147850,146519,1369,147888,1894
2021-11-04,Santa Cruz,087,273765,20512,20311,1014,21325,222
2021-11-04,Shasta,089,179085,21725,21281,3645,24926,349
2021-11-04,Sierra,091,2930,188,181,21,202,0
2021-11-04,Siskiyou,093,43540,3351,3279,1297,4576,48
2021-11-04,Solano,095,438530,46134,45465,1280,46745,350
2021-11-04,Sonoma,097,501317,41758,41398,524,41922,395
2021-11-04,Stanislaus,099,539301,79778,78902,8899,87801,1193
2021-11-04,Sutter,101,95872,14004,13908,351,14259,180
2021-11-04,Tehama,103,63373,8578,8474,1487,9961,120
2021-11-04,Trinity,105,12862,859,732,216,948,11
2021-11-04,Tulare,107,460477,68989,67767,15272,83039,1010
2021-11-04,Tuolumne,109,53932,7322,7245,100,7345,90
2021-11-04,Ventura,111,848112,98535,97770,4332,102102,1180
2021-11-04,Yolo,113,214977,19926,19827,1152,20979,255
2021-11-04,Yuba,115,75493,10196,10107,336,10443,83
2021-11-03,Alameda,001,1643700,120219,119356,2839,122195,1428
2021-11-03,Alpine,003,1148,102,105,0,105,0
2021-11-03,Amador,005,37829,5596,5545,60,5605,66
2021-11-03,Butte,007,227075,21084,20769,3791,24560,284
2021-11-03,Calaveras,009,45235,4124,4087,56,4143,82
2021-11-03,Colusa,011,21464,2525,2499,649,3148,20
2021-11-03,Contra Costa,013,1133247,99843,99168,2209,101377,1025
2021-11-03,Del Norte,015,27424,3696,3600,54,3654,42
2021-11-03,El Dorado,017,186661,16142,15915,1695,17610,156
2021-11-03,Fresno,019,978130,141048,138873,12347,151220,2166
2021-11-03,Glenn,021,27897,3518,3470,987,4457,33
2021-11-03,Humboldt,023,135768,9134,8949,571,9520,109
2021-11-03,Imperial,025,180216,33827,33402,3369,36771,766
2021-11-03,Inyo,027,18085,2390,2344,41,2385,41
2021-11-03,Kern,029,883053,128400,126523,22534,149057,1681
2021-11-03,Kings,031,150075,32446,31923,1956,33879,341
2021-11-03,Lake,033,64148,6765,6685,155,6840,106
2021-11-03,Lassen,035,31185,6898,6782,386,7168,46
2021-11-03,Los Angeles,037,10098052,1441164,1431209,54708,1485917,26517
2021-11-03,Madera,039,155013,23379,22893,2111,25004,287
2021-11-03,Marin,041,260295,17631,17491,457,17948,247
2021-11-03,Mariposa,043,17540,1312,1276,47,1323,5
2021-11-03,Mendocino,045,87422,7645,7457,576,8033,84
2021-11-03,Merced,047,269075,42233,41849,1817,43666,597
2021-11-03,Modoc,049,8938,549,521,195,716,5
2021-11-03,Mono,051,14174,1730,1719,21,1740,4
2021-11-03,Monterey,053,433212,48881,47794,2957,50751,601
2021-11-03,Napa,055,140530,13051,12937,115,13052,103
2021-11-03,Nevada,057,99092,9288,9131,327,9458,91
2021-11-03,Orange,059,3164182,308294,305661,15312,320973,5607
2021-11-03,Placer,061,380077,37362,36868,3696,40564,438
2021-11-03,Plumas,063,18699,1824,1739,35,1774,7
2021-11-03,Riverside,065,2383286,364875,360060,16513,376573,5131
2021-11-03,Sacramento,067,1510023,159834,158311,4683,162994,2259
2021-11-03,San Benito,069,59416,7456,7419,172,7591,75
2021-11-03,San Bernardino,071,2135413,355541,352225,11255,363480,5813
2021-11-03,San Diego,073,3302833,375925,372951,21737,394688,4241
2021-11-03,San Francisco,075,870044,53251,52493,2353,54846,663
2021-11-03,San Joaquin,077,732212,100141,99188,5462,104650,1776
2021-11-03,San Luis Obispo,079,281455,29628,29276,1239,30515,348
2021-11-03,San Mateo,081,765935,54448,53396,883,54279,571
2021-11-03,Santa Barbara,083,443738,44714,44220,1630,45850,531
2021-11-03,Santa Clara,085,1922200,147680,146259,1362,147621,1897
2021-11-03,Santa Cruz,087,273765,20477,20275,1014,21289,222
2021-11-03,Shasta,089,179085,21667,21215,3638,24853,346
2021-11-03,Sierra,091,2930,186,180,21,201,0
2021-11-03,Siskiyou,093,43540,3347,3276,1295,4571,46
2021-11-03,Solano,095,438530,46107,45411,1278,46689,351
2021-11-03,Sonoma,097,501317,41681,41326,522,41848,395
2021-11-03,Stanislaus,099,539301,79648,78736,8884,87620,1193
2021-11-03,Sutter,101,95872,13991,13876,349,14225,179
2021-11-03,Tehama,103,63373,8566,8438,1487,9925,118
2021-11-03,Trinity,105,12862,858,730,216,946,11
2021-11-03,Tulare,107,460477,68863,67588,15229,82817,1007
2021-11-03,Tuolumne,109,53932,7305,7218,98,7316,90
2021-11-03,Ventura,111,848112,98426,97682,4328,102010,1178
2021-11-03,Yolo,113,214977,19910,19758,1144,20902,250
2021-11-03,Yuba,115,75493,10184,10092,336,10428,83
2021-11-02,Alameda,001,1643700,120073,119241,2833,122074,1425
2021-11-02,Alpine,003,1148,101,105,0,105,0
2021-11-02,Amador,005,37829,5591,5535,60,5595,66
2021-11-02,Butte,007,227075,21040,20744,3780,24524,282
2021-11-02,Calaveras,009,45235,4101,4075,56,4131,82
2021-11-02,Colusa,011,21464,2520,2497,648,3145,19
2021-11-02,Contra Costa,013,1133247,99740,99080,2197,101277,1025
2021-11-02,Del Norte,015,27424,3694,3596,54,3650,42
2021-11-02,El Dorado,017,186661,16113,15883,1695,17578,154
2021-11-02,Fresno,019,978130,140727,138644,12318,150962,2158
2021-11-02,Glenn,021,27897,3510,3469,984,4453,33
2021-11-02,Humboldt,023,135768,9093,8937,570,9507,109
2021-11-02,Imperial,025,180216,33754,33371,3355,36726,766
2021-11-02,Inyo,027,18085,2383,2324,41,2365,41
2021-11-02,Kern,029,883053,128145,126311,22412,148723,1665
2021-11-02,Kings,031,150075,32387,31896,1950,33846,339
2021-11-02,Lake,033,64148,6760,6681,154,6835,106
2021-11-02,Lassen,035,31185,6886,6777,383,7160,45
2021-11-02,Los Angeles,037,10098052,1439714,1429601,54633,1484234,26496
2021-11-02,Madera,039,155013,23298,22837,2100,24937,287
2021-11-02,Marin,041,260295,17603,17482,457,17939,247
2021-11-02,Mariposa,043,17540,1301,1270,46,1316,5
2021-11-02,Mendocino,045,87422,7621,7447,564,8011,84
2021-11-02,Merced,047,269075,42166,41785,1809,43594,596
2021-11-02,Modoc,049,8938,546,520,194,714,5
2021-11-02,Mono,051,14174,1726,1718,21,1739,4
2021-11-02,Monterey,053,433212,48830,47775,2939,50714,599
2021-11-02,Napa,055,140530,13033,12930,115,13045,104
2021-11-02,Nevada,057,99092,9258,9122,326,9448,91
2021-11-02,Orange,059,3164182,307979,305369,15265,320634,5600
2021-11-02,Placer,061,380077,37290,36817,3681,40498,438
2021-11-02,Plumas,063,18699,1813,1721,35,1756,7
2021-11-02,Riverside,065,2383286,364423,359586,16493,376079,5116
2021-11-02,Sacramento,067,1510023,159578,158112,4660,162772,2250
2021-11-02,San Benito,069,59416,7439,7407,172,7579,75
2021-11-02,San Bernardino,071,2135413,355069,351832,11202,363034,5813
2021-11-02,San Diego,073,3302833,375331,372440,21707,394147,4232
2021-11-02,San Francisco,075,870044,53132,52450,2349,54799,663
2021-11-02,San Joaquin,077,732212,100006,99076,5451,104527,1772
2021-11-02,San Luis Obispo,079,281455,29595,29224,1236,30460,348
2021-11-02,San Mateo,081,765935,54376,53351,880,54231,571
2021-11-02,Santa Barbara,083,443738,44658,44177,1626,45803,531
2021-11-02,Santa Clara,085,1922200,147486,146115,1355,147470,1896
2021-11-02,Santa Cruz,087,273765,20444,20266,1013,21279,222
2021-11-02,Shasta,089,179085,21592,21127,3628,24755,344
2021-11-02,Sierra,091,2930,186,180,20,200,0
2021-11-02,Siskiyou,093,43540,3345,3272,1292,4564,46
2021-11-02,Solano,095,438530,46067,45378,1272,46650,350
2021-11-02,Sonoma,097,501317,41602,41288,521,41809,395
2021-11-02,Stanislaus,099,539301,79494,78629,8864,87493,1193
2021-11-02,Sutter,101,95872,13970,13868,349,14217,179
2021-11-02,Tehama,103,63373,8553,8422,1485,9907,116
2021-11-02,Trinity,105,12862,858,729,216,945,11
2021-11-02,Tulare,107,460477,68738,67502,15181,82683,1002
2021-11-02,Tuolumne,109,53932,7284,7204,96,7300,90
2021-11-02,Ventura,111,848112,98321,97574,4324,101898,1178
2021-11-02,Yolo,113,214977,19879,19736,1142,20878,250
2021-11-02,Yuba,115,75493,10161,10080,334,10414,83
2021-11-01,Alameda,001,1643700,119937,119159,2831,121990,1421
2021-11-01,Alpine,003,1148,101,105,0,105,0
2021-11-01,Amador,005,37829,5589,5532,60,5592,64
2021-11-01,Butte,007,227075,20990,20710,3775,24485,281
2021-11-01,Calaveras,009,45235,4091,4059,55,4114,82
2021-11-01,Colusa,011,21464,2518,2494,645,3139,19
2021-11-01,Contra Costa,013,1133247,99615,99011,2188,101199,1025
2021-11-01,Del Norte,015,27424,3692,3594,54,3648,42
2021-11-01,El Dorado,017,186661,16089,15858,1689,17547,154
2021-11-01,Fresno,019,978130,140351,138421,12287,150708,2149
2021-11-01,Glenn,021,27897,3503,3461,982,4443,33
2021-11-01,Humboldt,023,135768,9065,8929,566,9495,108
2021-11-01,Imperial,025,180216,33703,33342,3346,36688,766
2021-11-01,Inyo,027,18085,2371,2307,41,2348,41
2021-11-01,Kern,029,883053,127845,126092,22297,148389,1660
2021-11-01,Kings,031,150075,32334,31866,1948,33814,337
2021-11-01,Lake,033,64148,6749,6676,153,6829,106
2021-11-01,Lassen,035,31185,6871,6775,380,7155,42
2021-11-01,Los Angeles,037,10098052,1438330,1428891,54541,1483432,26483
2021-11-01,Madera,039,155013,23218,22801,2095,24896,283
2021-11-01,Marin,041,260295,17583,17460,456,17916,247
2021-11-01,Mariposa,043,17540,1293,1266,45,1311,5
2021-11-01,Mendocino,045,87422,7587,7422,546,7968,84
2021-11-01,Merced,047,269075,42077,41740,1807,43547,594
2021-11-01,Modoc,049,8938,541,520,192,712,5
2021-11-01,Mono,051,14174,1722,1714,21,1735,3
2021-11-01,Monterey,053,433212,48788,47756,2927,50683,597
2021-11-01,Napa,055,140530,13006,12916,114,13030,101
2021-11-01,Nevada,057,99092,9235,9108,325,9433,91
2021-11-01,Orange,059,3164182,307637,305192,15223,320415,5596
2021-11-01,Placer,061,380077,37207,36747,3669,40416,435
2021-11-01,Plumas,063,18699,1794,1719,35,1754,7
2021-11-01,Riverside,065,2383286,363922,359263,16471,375734,5115
2021-11-01,Sacramento,067,1510023,159306,157893,4636,162529,2239
2021-11-01,San Benito,069,59416,7429,7406,171,7577,73
2021-11-01,San Bernardino,071,2135413,354584,351620,11182,362802,5815
2021-11-01,San Diego,073,3302833,374746,372043,21689,393732,4232
2021-11-01,San Francisco,075,870044,53045,52418,2342,54760,661
2021-11-01,San Joaquin,077,732212,99843,98969,5444,104413,1772
2021-11-01,San Luis Obispo,079,281455,29551,29199,1232,30431,343
2021-11-01,San Mateo,081,765935,54310,53314,876,54190,571
2021-11-01,Santa Barbara,083,443738,44591,44146,1622,45768,529
2021-11-01,Santa Clara,085,1922200,147289,145978,1350,147328,1907
2021-11-01,Santa Cruz,087,273765,20409,20238,1013,21251,221
2021-11-01,Shasta,089,179085,21539,21104,3621,24725,338
2021-11-01,Sierra,091,2930,186,180,20,200,0
2021-11-01,Siskiyou,093,43540,3338,3272,1287,4559,46
2021-11-01,Solano,095,438530,46009,45358,1272,46630,350
2021-11-01,Sonoma,097,501317,41529,41234,521,41755,395
2021-11-01,Stanislaus,099,539301,79365,78534,8849,87383,1193
2021-11-01,Sutter,101,95872,13946,13852,347,14199,179
2021-11-01,Tehama,103,63373,8525,8412,1484,9896,116
2021-11-01,Trinity,105,12862,856,727,216,943,11
2021-11-01,Tulare,107,460477,68595,67388,15129,82517,1002
2021-11-01,Tuolumne,109,53932,7268,7175,95,7270,90
2021-11-01,Ventura,111,848112,98231,97507,4322,101829,1178
2021-11-01,Yolo,113,214977,19859,19708,1135,20843,250
2021-11-01,Yuba,115,75493,10143,10066,332,10398,83
2021-10-31,Alameda,001,1643700,119793,119071,2828,121899,1419
2021-10-31,Alpine,003,1148,101,105,0,105,0
2021-10-31,Amador,005,37829,5578,5518,60,5578,64
2021-10-31,Butte,007,227075,20929,20689,3766,24455,281
2021-10-31,Calaveras,009,45235,4073,4052,54,4106,82
2021-10-31,Colusa,011,21464,2516,2493,642,3135,18
2021-10-31,Contra Costa,013,1133247,99488,98936,2186,101122,1025
2021-10-31,Del Norte,015,27424,3686,3591,54,3645,42
2021-10-31,El Dorado,017,186661,16043,15841,1686,17527,154
2021-10-31,Fresno,019,978130,139946,138165,12255,150420,2147
2021-10-31,Glenn,021,27897,3498,3459,982,4441,33
2021-10-31,Humboldt,023,135768,9018,8919,560,9479,108
2021-10-31,Imperial,025,180216,33628,33334,3334,36668,766
2021-10-31,Inyo,027,18085,2352,2309,41,2350,41
2021-10-31,Kern,029,883053,127475,125917,22172,148089,1666
2021-10-31,Kings,031,150075,32248,31814,1936,33750,338
2021-10-31,Lake,033,64148,6738,6665,151,6816,106
2021-10-31,Lassen,035,31185,6856,6768,375,7143,42
2021-10-31,Los Angeles,037,10098052,1436792,1427933,54458,1482391,26474
2021-10-31,Madera,039,155013,23123,22744,2082,24826,283
2021-10-31,Marin,041,260295,17555,17443,455,17898,247
2021-10-31,Mariposa,043,17540,1287,1257,44,1301,5
2021-10-31,Mendocino,045,87422,7545,7403,529,7932,84
2021-10-31,Merced,047,269075,41983,41699,1787,43486,589
2021-10-31,Modoc,049,8938,535,517,189,706,5
2021-10-31,Mono,051,14174,1718,1711,21,1732,3
2021-10-31,Monterey,053,433212,48747,47744,2909,50653,596
2021-10-31,Napa,055,140530,12989,12906,112,13018,101
2021-10-31,Nevada,057,99092,9198,9084,320,9404,91
2021-10-31,Orange,059,3164182,307290,305032,15140,320172,5596
2021-10-31,Placer,061,380077,37110,36698,3655,40353,435
2021-10-31,Plumas,063,18699,1776,1716,35,1751,7
2021-10-31,Riverside,065,2383286,363343,359005,16457,375462,5104
2021-10-31,Sacramento,067,1510023,158957,157667,4621,162288,2243
2021-10-31,San Benito,069,59416,7419,7397,169,7566,73
2021-10-31,San Bernardino,071,2135413,354052,351411,11168,362579,5810
2021-10-31,San Diego,073,3302833,374174,371603,21658,393261,4218
2021-10-31,San Francisco,075,870044,52936,52370,2336,54706,661
2021-10-31,San Joaquin,077,732212,99680,98893,5430,104323,1772
2021-10-31,San Luis Obispo,079,281455,29499,29176,1231,30407,343
2021-10-31,San Mateo,081,765935,54252,53284,874,54158,571
2021-10-31,Santa Barbara,083,443738,44521,44113,1617,45730,529
2021-10-31,Santa Clara,085,1922200,147075,145829,1336,147165,1908
2021-10-31,Santa Cruz,087,273765,20374,20218,1012,21230,221
2021-10-31,Shasta,089,179085,21456,21086,3609,24695,338
2021-10-31,Sierra,091,2930,186,180,20,200,0
2021-10-31,Siskiyou,093,43540,3332,3271,1286,4557,46
2021-10-31,Solano,095,438530,45961,45310,1265,46575,350
2021-10-31,Sonoma,097,501317,41460,41183,518,41701,395
2021-10-31,Stanislaus,099,539301,79175,78426,8834,87260,1193
2021-10-31,Sutter,101,95872,13927,13838,344,14182,179
2021-10-31,Tehama,103,63373,8494,8391,1480,9871,116
2021-10-31,Trinity,105,12862,856,724,216,940,11
2021-10-31,Tulare,107,460477,68400,67310,15039,82349,1002
2021-10-31,Tuolumne,109,53932,7239,7141,94,7235,90
2021-10-31,Ventura,111,848112,98109,97460,4317,101777,1178
2021-10-31,Yolo,113,214977,19818,19662,1129,20791,250
2021-10-31,Yuba,115,75493,10125,10051,322,10373,83
2021-10-30,Alameda,001,1643700,119733,118632,2825,121457,1419
2021-10-30,Alpine,003,1148,101,105,0,105,0
2021-10-30,Amador,005,37829,5569,5480,59,5539,64
2021-10-30,Butte,007,227075,20914,20516,3760,24276,277
2021-10-30,Calaveras,009,45235,4066,3992,54,4046,82
2021-10-30,Colusa,011,21464,2516,2484,641,3125,19
2021-10-30,Contra Costa,013,1133247,99424,98562,2185,100747,1024
2021-10-30,Del Norte,015,27424,3683,3574,54,3628,42
2021-10-30,El Dorado,017,186661,16027,15752,1681,17433,154
2021-10-30,Fresno,019,978130,139803,136901,12250,149151,2131
2021-10-30,Glenn,021,27897,3494,3442,982,4424,33
2021-10-30,Humboldt,023,135768,9003,8871,558,9429,105
2021-10-30,Imperial,025,180216,33583,33156,3330,36486,766
2021-10-30,Inyo,027,18085,2349,2249,41,2290,41
2021-10-30,Kern,029,883053,127323,124892,22101,146993,1653
2021-10-30,Kings,031,150075,32214,31578,1932,33510,337
2021-10-30,Lake,033,64148,6733,6610,151,6761,106
2021-10-30,Lassen,035,31185,6850,6719,373,7092,42
2021-10-30,Los Angeles,037,10098052,1436071,1424257,54404,1478661,26625
2021-10-30,Madera,039,155013,23079,22524,2077,24601,283
2021-10-30,Marin,041,260295,17540,17380,453,17833,247
2021-10-30,Mariposa,043,17540,1284,1228,44,1272,5
2021-10-30,Mendocino,045,87422,7523,7338,527,7865,84
2021-10-30,Merced,047,269075,41943,41428,1785,43213,586
2021-10-30,Modoc,049,8938,533,513,188,701,5
2021-10-30,Mono,051,14174,1718,1684,21,1705,3
2021-10-30,Monterey,053,433212,48730,47649,2903,50552,588
2021-10-30,Napa,055,140530,12975,12863,111,12974,101
2021-10-30,Nevada,057,99092,9179,9015,320,9335,91
2021-10-30,Orange,059,3164182,307112,304120,15118,319238,5588
2021-10-30,Placer,061,380077,37064,36400,3649,40049,434
2021-10-30,Plumas,063,18699,1771,1695,35,1730,7
2021-10-30,Riverside,065,2383286,363043,357645,16448,374093,5088
2021-10-30,Sacramento,067,1510023,158801,157125,4612,161737,2233
2021-10-30,San Benito,069,59416,7412,7362,169,7531,71
2021-10-30,San Bernardino,071,2135413,353775,350076,11153,361229,5777
2021-10-30,San Diego,073,3302833,373800,370006,21636,391642,4213
2021-10-30,San Francisco,075,870044,52907,52161,2334,54495,661
2021-10-30,San Joaquin,077,732212,99625,98314,5429,103743,1768
2021-10-30,San Luis Obispo,079,281455,29467,29053,1228,30281,341
2021-10-30,San Mateo,081,765935,54212,53083,874,53957,571
2021-10-30,Santa Barbara,083,443738,44486,43972,1616,45588,528
2021-10-30,Santa Clara,085,1922200,146970,145262,1332,146594,1903
2021-10-30,Santa Cruz,087,273765,20356,20134,1010,21144,221
2021-10-30,Shasta,089,179085,21411,20878,3603,24481,332
2021-10-30,Sierra,091,2930,186,175,20,195,0
2021-10-30,Siskiyou,093,43540,3331,3257,1283,4540,46
2021-10-30,Solano,095,438530,45940,45146,1264,46410,346
2021-10-30,Sonoma,097,501317,41421,40924,518,41442,393
2021-10-30,Stanislaus,099,539301,79106,77871,8827,86698,1191
2021-10-30,Sutter,101,95872,13914,13773,344,14117,178
2021-10-30,Tehama,103,63373,8483,8307,1475,9782,114
2021-10-30,Trinity,105,12862,854,708,215,923,11
2021-10-30,Tulare,107,460477,68330,66745,14992,81737,995
2021-10-30,Tuolumne,109,53932,7215,7050,93,7143,90
2021-10-30,Ventura,111,848112,98059,97182,4314,101496,1174
2021-10-30,Yolo,113,214977,19798,19568,1127,20695,250
2021-10-30,Yuba,115,75493,10114,9969,322,10291,82
2021-10-29,Alameda,001,1643700,119653,118632,2821,121453,1419
2021-10-29,Alpine,003,1148,101,105,0,105,0
2021-10-29,Amador,005,37829,5558,5480,59,5539,64
2021-10-29,Butte,007,227075,20890,20516,3750,24266,277
2021-10-29,Calaveras,009,45235,4059,3992,54,4046,82
2021-10-29,Colusa,011,21464,2516,2484,639,3123,19
2021-10-29,Contra Costa,013,1133247,99355,98562,2183,100745,1024
2021-10-29,Del Norte,015,27424,3676,3574,54,3628,42
2021-10-29,El Dorado,017,186661,16013,15752,1681,17433,154
2021-10-29,Fresno,019,978130,139588,136901,12238,149139,2131
2021-10-29,Glenn,021,27897,3492,3442,981,4423,33
2021-10-29,Humboldt,023,135768,8998,8871,557,9428,105
2021-10-29,Imperial,025,180216,33556,33156,3327,36483,766
2021-10-29,Inyo,027,18085,2346,2249,41,2290,41
2021-10-29,Kern,029,883053,127146,124892,22011,146903,1653
2021-10-29,Kings,031,150075,32180,31578,1930,33508,337
2021-10-29,Lake,033,64148,6724,6610,148,6758,106
2021-10-29,Lassen,035,31185,6841,6719,370,7089,42
2021-10-29,Los Angeles,037,10098052,1435227,1424257,54361,1478618,26625
2021-10-29,Madera,039,155013,23027,22524,2072,24596,283
2021-10-29,Marin,041,260295,17524,17380,452,17832,247
2021-10-29,Mariposa,043,17540,1280,1228,44,1272,5
2021-10-29,Mendocino,045,87422,7515,7338,527,7865,84
2021-10-29,Merced,047,269075,41893,41428,1779,43207,586
2021-10-29,Modoc,049,8938,531,513,187,700,5
2021-10-29,Mono,051,14174,1716,1684,21,1705,3
2021-10-29,Monterey,053,433212,48706,47649,2903,50552,588
2021-10-29,Napa,055,140530,12954,12863,111,12974,101
2021-10-29,Nevada,057,99092,9167,9015,320,9335,91
2021-10-29,Orange,059,3164182,306888,304120,15098,319218,5588
2021-10-29,Placer,061,380077,37028,36400,3638,40038,434
2021-10-29,Plumas,063,18699,1765,1695,35,1730,7
2021-10-29,Riverside,065,2383286,362709,357645,16443,374088,5088
2021-10-29,Sacramento,067,1510023,158613,157125,4603,161728,2233
2021-10-29,San Benito,069,59416,7409,7362,169,7531,71
2021-10-29,San Bernardino,071,2135413,353477,350076,11144,361220,5777
2021-10-29,San Diego,073,3302833,373424,370006,21608,391614,4213
2021-10-29,San Francisco,075,870044,52848,52161,2328,54489,661
2021-10-29,San Joaquin,077,732212,99568,98314,5424,103738,1768
2021-10-29,San Luis Obispo,079,281455,29441,29053,1226,30279,341
2021-10-29,San Mateo,081,765935,54167,53083,872,53955,571
2021-10-29,Santa Barbara,083,443738,44446,43972,1613,45585,528
2021-10-29,Santa Clara,085,1922200,146855,145262,1325,146587,1903
2021-10-29,Santa Cruz,087,273765,20349,20134,1009,21143,221
2021-10-29,Shasta,089,179085,21372,20878,3597,24475,332
2021-10-29,Sierra,091,2930,184,175,20,195,0
2021-10-29,Siskiyou,093,43540,3331,3257,1282,4539,46
2021-10-29,Solano,095,438530,45904,45146,1263,46409,346
2021-10-29,Sonoma,097,501317,41400,40924,518,41442,393
2021-10-29,Stanislaus,099,539301,79021,77871,8816,86687,1191
2021-10-29,Sutter,101,95872,13895,13773,344,14117,178
2021-10-29,Tehama,103,63373,8470,8307,1474,9781,114
2021-10-29,Trinity,105,12862,853,708,215,923,11
2021-10-29,Tulare,107,460477,68227,66745,14948,81693,995
2021-10-29,Tuolumne,109,53932,7202,7050,93,7143,90
2021-10-29,Ventura,111,848112,98003,97182,4310,101492,1174
2021-10-29,Yolo,113,214977,19780,19568,1122,20690,250
2021-10-29,Yuba,115,75493,10106,9969,318,10287,82
2021-10-28,Alameda,001,1643700,119527,118632,2814,121446,1419
2021-10-28,Alpine,003,1148,101,105,0,105,0
2021-10-28,Amador,005,37829,5545,5480,59,5539,64
2021-10-28,Butte,007,227075,20847,20516,3741,24257,277
2021-10-28,Calaveras,009,45235,4046,3992,54,4046,82
2021-10-28,Colusa,011,21464,2513,2484,638,3122,19
2021-10-28,Contra Costa,013,1133247,99224,98562,2178,100740,1024
2021-10-28,Del Norte,015,27424,3675,3574,54,3628,42
2021-10-28,El Dorado,017,186661,15987,15752,1678,17430,154
2021-10-28,Fresno,019,978130,139259,136901,12210,149111,2131
2021-10-28,Glenn,021,27897,3488,3442,978,4420,33
2021-10-28,Humboldt,023,135768,8982,8871,552,9423,105
2021-10-28,Imperial,025,180216,33491,33156,3320,36476,766
2021-10-28,Inyo,027,18085,2329,2249,41,2290,41
2021-10-28,Kern,029,883053,126898,124892,21897,146789,1653
2021-10-28,Kings,031,150075,32111,31578,1925,33503,337
2021-10-28,Lake,033,64148,6714,6610,148,6758,106
2021-10-28,Lassen,035,31185,6831,6719,366,7085,42
2021-10-28,Los Angeles,037,10098052,1434093,1424257,54287,1478544,26625
2021-10-28,Madera,039,155013,22973,22524,2061,24585,283
2021-10-28,Marin,041,260295,17506,17380,451,17831,247
2021-10-28,Mariposa,043,17540,1276,1228,44,1272,5
2021-10-28,Mendocino,045,87422,7502,7338,516,7854,84
2021-10-28,Merced,047,269075,41808,41428,1768,43196,586
2021-10-28,Modoc,049,8938,530,513,187,700,5
2021-10-28,Mono,051,14174,1710,1684,21,1705,3
2021-10-28,Monterey,053,433212,48677,47649,2885,50534,588
2021-10-28,Napa,055,140530,12945,12863,110,12973,101
2021-10-28,Nevada,057,99092,9149,9015,320,9335,91
2021-10-28,Orange,059,3164182,306601,304120,15032,319152,5588
2021-10-28,Placer,061,380077,36949,36400,3629,40029,434
2021-10-28,Plumas,063,18699,1757,1695,35,1730,7
2021-10-28,Riverside,065,2383286,362271,357645,16419,374064,5088
2021-10-28,Sacramento,067,1510023,158347,157125,4591,161716,2233
2021-10-28,San Benito,069,59416,7401,7362,169,7531,71
2021-10-28,San Bernardino,071,2135413,353063,350076,11122,361198,5777
2021-10-28,San Diego,073,3302833,372951,370006,21585,391591,4213
2021-10-28,San Francisco,075,870044,52801,52161,2321,54482,661
2021-10-28,San Joaquin,077,732212,99440,98314,5423,103737,1768
2021-10-28,San Luis Obispo,079,281455,29412,29053,1223,30276,341
2021-10-28,San Mateo,081,765935,54122,53083,870,53953,571
2021-10-28,Santa Barbara,083,443738,44407,43972,1611,45583,528
2021-10-28,Santa Clara,085,1922200,146698,145262,1320,146582,1903
2021-10-28,Santa Cruz,087,273765,20325,20134,1009,21143,221
2021-10-28,Shasta,089,179085,21297,20878,3590,24468,332
2021-10-28,Sierra,091,2930,183,175,20,195,0
2021-10-28,Siskiyou,093,43540,3330,3257,1282,4539,46
2021-10-28,Solano,095,438530,45865,45146,1262,46408,346
2021-10-28,Sonoma,097,501317,41332,40924,517,41441,393
2021-10-28,Stanislaus,099,539301,78869,77871,8800,86671,1191
2021-10-28,Sutter,101,95872,13882,13773,340,14113,178
2021-10-28,Tehama,103,63373,8432,8307,1471,9778,114
2021-10-28,Trinity,105,12862,850,708,215,923,11
2021-10-28,Tulare,107,460477,68089,66745,14891,81636,995
2021-10-28,Tuolumne,109,53932,7171,7050,93,7143,90
2021-10-28,Ventura,111,848112,97918,97182,4307,101489,1174
2021-10-28,Yolo,113,214977,19743,19568,1117,20685,250
2021-10-28,Yuba,115,75493,10077,9969,315,10284,82
2021-10-27,Alameda,001,1643700,119405,118487,2812,121299,1414
2021-10-27,Alpine,003,1148,101,105,0,105,0
2021-10-27,Amador,005,37829,5533,5470,58,5528,64
2021-10-27,Butte,007,227075,20803,20446,3727,24173,274
2021-10-27,Calaveras,009,45235,4028,3970,53,4023,82
2021-10-27,Colusa,011,21464,2512,2480,637,3117,18
2021-10-27,Contra Costa,013,1133247,99117,98442,2166,100608,1018
2021-10-27,Del Norte,015,27424,3668,3571,53,3624,42
2021-10-27,El Dorado,017,186661,15956,15723,1673,17396,154
2021-10-27,Fresno,019,978130,138879,136447,12180,148627,2128
2021-10-27,Glenn,021,27897,3482,3435,977,4412,33
2021-10-27,Humboldt,023,135768,8962,8851,550,9401,105
2021-10-27,Imperial,025,180216,33452,33068,3315,36383,766
2021-10-27,Inyo,027,18085,2309,2236,41,2277,41
2021-10-27,Kern,029,883053,126629,124557,21797,146354,1647
2021-10-27,Kings,031,150075,32045,31437,1920,33357,335
2021-10-27,Lake,033,64148,6687,6589,148,6737,105
2021-10-27,Lassen,035,31185,6817,6706,364,7070,42
2021-10-27,Los Angeles,037,10098052,1432861,1422615,54229,1476844,26604
2021-10-27,Madera,039,155013,22887,22413,2039,24452,283
2021-10-27,Marin,041,260295,17491,17362,451,17813,247
2021-10-27,Mariposa,043,17540,1263,1228,44,1272,5
2021-10-27,Mendocino,045,87422,7489,7321,509,7830,84
2021-10-27,Merced,047,269075,41711,41310,1754,43064,583
2021-10-27,Modoc,049,8938,526,513,187,700,5
2021-10-27,Mono,051,14174,1707,1682,21,1703,3
2021-10-27,Monterey,053,433212,48639,47610,2863,50473,588
2021-10-27,Napa,055,140530,12930,12856,109,12965,101
2021-10-27,Nevada,057,99092,9132,8987,319,9306,90
2021-10-27,Orange,059,3164182,306283,303825,14981,318806,5584
2021-10-27,Placer,061,380077,36883,36296,3622,39918,434
2021-10-27,Plumas,063,18699,1749,1686,35,1721,7
2021-10-27,Riverside,065,2383286,361842,357152,16411,373563,5081
2021-10-27,Sacramento,067,1510023,158078,156830,4570,161400,2230
2021-10-27,San Benito,069,59416,7395,7337,169,7506,71
2021-10-27,San Bernardino,071,2135413,352642,349624,11101,360725,5770
2021-10-27,San Diego,073,3302833,372375,369579,21561,391140,4207
2021-10-27,San Francisco,075,870044,52748,52108,2317,54425,655
2021-10-27,San Joaquin,077,732212,99280,98168,5408,103576,1753
2021-10-27,San Luis Obispo,079,281455,29373,29002,1221,30223,341
2021-10-27,San Mateo,081,765935,54067,53032,862,53894,571
2021-10-27,Santa Barbara,083,443738,44354,43901,1608,45509,527
2021-10-27,Santa Clara,085,1922200,146521,145081,1312,146393,1902
2021-10-27,Santa Cruz,087,273765,20298,20091,1007,21098,221
2021-10-27,Shasta,089,179085,21223,20813,3582,24395,331
2021-10-27,Sierra,091,2930,182,176,20,196,0
2021-10-27,Siskiyou,093,43540,3327,3256,1278,4534,46
2021-10-27,Solano,095,438530,45820,45089,1254,46343,346
2021-10-27,Sonoma,097,501317,41256,40829,515,41344,393
2021-10-27,Stanislaus,099,539301,78709,77687,8786,86473,1191
2021-10-27,Sutter,101,95872,13868,13754,340,14094,177
2021-10-27,Tehama,103,63373,8410,8265,1470,9735,113
2021-10-27,Trinity,105,12862,850,706,214,920,11
2021-10-27,Tulare,107,460477,67936,66568,14834,81402,991
2021-10-27,Tuolumne,109,53932,7144,7009,92,7101,90
2021-10-27,Ventura,111,848112,97825,97108,4302,101410,1172
2021-10-27,Yolo,113,214977,19714,19517,1110,20627,250
2021-10-27,Yuba,115,75493,10056,9945,313,10258,82
2021-10-26,Alameda,001,1643700,119269,118360,2809,121169,1407
2021-10-26,Alpine,003,1148,101,105,0,105,0
2021-10-26,Amador,005,37829,5525,5465,57,5522,64
2021-10-26,Butte,007,227075,20745,20387,3710,24097,274
2021-10-26,Calaveras,009,45235,4017,3966,53,4019,81
2021-10-26,Colusa,011,21464,2510,2478,636,3114,18
2021-10-26,Contra Costa,013,1133247,98995,98352,2156,100508,1017
2021-10-26,Del Norte,015,27424,3663,3563,53,3616,42
2021-10-26,El Dorado,017,186661,15928,15690,1664,17354,153
2021-10-26,Fresno,019,978130,138435,136211,12144,148355,2122
2021-10-26,Glenn,021,27897,3467,3431,974,4405,33
2021-10-26,Humboldt,023,135768,8944,8830,544,9374,105
2021-10-26,Imperial,025,180216,33386,33012,3310,36322,766
2021-10-26,Inyo,027,18085,2294,2200,41,2241,41
2021-10-26,Kern,029,883053,126285,124351,21676,146027,1645
2021-10-26,Kings,031,150075,31977,31382,1913,33295,336
2021-10-26,Lake,033,64148,6677,6584,146,6730,105
2021-10-26,Lassen,035,31185,6797,6689,362,7051,42
2021-10-26,Los Angeles,037,10098052,1431514,1421795,54158,1475953,26599
2021-10-26,Madera,039,155013,22797,22363,2028,24391,283
2021-10-26,Marin,041,260295,17474,17354,450,17804,244
2021-10-26,Mariposa,043,17540,1258,1225,43,1268,5
2021-10-26,Mendocino,045,87422,7460,7308,492,7800,83
2021-10-26,Merced,047,269075,41633,41267,1747,43014,583
2021-10-26,Modoc,049,8938,526,513,187,700,5
2021-10-26,Mono,051,14174,1700,1680,21,1701,3
2021-10-26,Monterey,053,433212,48601,47572,2852,50424,588
2021-10-26,Napa,055,140530,12918,12849,109,12958,101
2021-10-26,Nevada,057,99092,9100,8971,318,9289,90
2021-10-26,Orange,059,3164182,306014,303533,14942,318475,5580
2021-10-26,Placer,061,380077,36785,36245,3616,39861,434
2021-10-26,Plumas,063,18699,1740,1645,35,1680,7
2021-10-26,Riverside,065,2383286,361356,356775,16401,373176,5068
2021-10-26,Sacramento,067,1510023,157775,156643,4553,161196,2228
2021-10-26,San Benito,069,59416,7372,7325,169,7494,71
2021-10-26,San Bernardino,071,2135413,352220,349346,11086,360432,5764
2021-10-26,San Diego,073,3302833,371856,369043,21532,390575,4198
2021-10-26,San Francisco,075,870044,52673,52063,2314,54377,655
2021-10-26,San Joaquin,077,732212,99103,98036,5393,103429,1748
2021-10-26,San Luis Obispo,079,281455,29334,28928,1215,30143,337
2021-10-26,San Mateo,081,765935,53995,52974,859,53833,571
2021-10-26,Santa Barbara,083,443738,44309,43835,1607,45442,525
2021-10-26,Santa Clara,085,1922200,146323,144932,1306,146238,1903
2021-10-26,Santa Cruz,087,273765,20267,20067,1006,21073,221
2021-10-26,Shasta,089,179085,21163,20725,3564,24289,330
2021-10-26,Sierra,091,2930,182,169,20,189,0
2021-10-26,Siskiyou,093,43540,3321,3254,1276,4530,46
2021-10-26,Solano,095,438530,45763,45044,1253,46297,344
2021-10-26,Sonoma,097,501317,41174,40794,513,41307,393
2021-10-26,Stanislaus,099,539301,78534,77552,8761,86313,1157
2021-10-26,Sutter,101,95872,13838,13739,339,14078,176
2021-10-26,Tehama,103,63373,8382,8247,1464,9711,112
2021-10-26,Trinity,105,12862,846,705,214,919,11
2021-10-26,Tulare,107,460477,67780,66476,14775,81251,991
2021-10-26,Tuolumne,109,53932,7118,6995,90,7085,90
2021-10-26,Ventura,111,848112,97716,97014,4298,101312,1170
2021-10-26,Yolo,113,214977,19686,19490,1107,20597,248
2021-10-26,Yuba,115,75493,10038,9927,308,10235,82
2021-10-25,Alameda,001,1643700,119119,118319,2807,121126,1404
2021-10-25,Alpine,003,1148,101,105,0,105,0
2021-10-25,Amador,005,37829,5511,5455,57,5512,64
2021-10-25,Butte,007,227075,20671,20331,3702,24033,273
2021-10-25,Calaveras,009,45235,3987,3942,52,3994,82
2021-10-25,Colusa,011,21464,2508,2471,634,3105,18
2021-10-25,Contra Costa,013,1133247,98876,98267,2151,100418,1017
2021-10-25,Del Norte,015,27424,3656,3562,53,3615,42
2021-10-25,El Dorado,017,186661,15893,15663,1662,17325,149
2021-10-25,Fresno,019,978130,138000,135974,12105,148079,2112
2021-10-25,Glenn,021,27897,3466,3421,973,4394,33
2021-10-25,Humboldt,023,135768,8920,8825,539,9364,105
2021-10-25,Imperial,025,180216,33324,32968,3299,36267,766
2021-10-25,Inyo,027,18085,2276,2183,41,2224,41
2021-10-25,Kern,029,883053,125934,124078,21537,145615,1649
2021-10-25,Kings,031,150075,31888,31329,1904,33233,335
2021-10-25,Lake,033,64148,6664,6571,146,6717,105
2021-10-25,Lassen,035,31185,6786,6688,360,7048,42
2021-10-25,Los Angeles,037,10098052,1430151,1421061,54092,1475153,26579
2021-10-25,Madera,039,155013,22743,22325,2020,24345,281
2021-10-25,Marin,041,260295,17452,17334,448,17782,244
2021-10-25,Mariposa,043,17540,1244,1220,43,1263,5
2021-10-25,Mendocino,045,87422,7430,7296,488,7784,82
2021-10-25,Merced,047,269075,41566,41207,1720,42927,583
2021-10-25,Modoc,049,8938,524,512,185,697,5
2021-10-25,Mono,051,14174,1692,1677,21,1698,3
2021-10-25,Monterey,053,433212,48570,47547,2850,50397,587
2021-10-25,Napa,055,140530,12905,12841,109,12950,100
2021-10-25,Nevada,057,99092,9074,8958,318,9276,90
2021-10-25,Orange,059,3164182,305716,303279,14904,318183,5574
2021-10-25,Placer,061,380077,36677,36153,3606,39759,431
2021-10-25,Plumas,063,18699,1728,1641,35,1676,7
2021-10-25,Riverside,065,2383286,360929,356381,16386,372767,5056
2021-10-25,Sacramento,067,1510023,157470,156516,4527,161043,2235
2021-10-25,San Benito,069,59416,7358,7314,168,7482,71
2021-10-25,San Bernardino,071,2135413,351725,349075,11074,360149,5748
2021-10-25,San Diego,073,3302833,371270,368386,21504,389890,4196
2021-10-25,San Francisco,075,870044,52599,52041,2307,54348,649
2021-10-25,San Joaquin,077,732212,98901,97980,5384,103364,1740
2021-10-25,San Luis Obispo,079,281455,29286,28907,1210,30117,336
2021-10-25,San Mateo,081,765935,53933,52927,855,53782,571
2021-10-25,Santa Barbara,083,443738,44250,43775,1607,45382,525
2021-10-25,Santa Clara,085,1922200,146133,144895,1301,146196,1901
2021-10-25,Santa Cruz,087,273765,20239,20053,1005,21058,221
2021-10-25,Shasta,089,179085,21091,20666,3557,24223,326
2021-10-25,Sierra,091,2930,182,168,20,188,0
2021-10-25,Siskiyou,093,43540,3317,3248,1271,4519,46
2021-10-25,Solano,095,438530,45702,45022,1251,46273,344
2021-10-25,Sonoma,097,501317,41101,40746,511,41257,393
2021-10-25,Stanislaus,099,539301,78342,77452,8732,86184,1145
2021-10-25,Sutter,101,95872,13825,13721,336,14057,176
2021-10-25,Tehama,103,63373,8355,8224,1460,9684,111
2021-10-25,Trinity,105,12862,841,699,213,912,11
2021-10-25,Tulare,107,460477,67590,66357,14713,81070,986
2021-10-25,Tuolumne,109,53932,7084,6952,89,7041,90
2021-10-25,Ventura,111,848112,97625,96932,4295,101227,1167
2021-10-25,Yolo,113,214977,19637,19457,1104,20561,248
2021-10-25,Yuba,115,75493,10022,9924,304,10228,82
2021-10-24,Alameda,001,1643700,118988,117816,2802,120618,1397
2021-10-24,Alpine,003,1148,101,105,0,105,0
2021-10-24,Amador,005,37829,5506,5412,57,5469,64
2021-10-24,Butte,007,227075,20602,20101,3690,23791,273
2021-10-24,Calaveras,009,45235,3968,3865,51,3916,81
2021-10-24,Colusa,011,21464,2504,2458,631,3089,18
2021-10-24,Contra Costa,013,1133247,98757,97855,2142,99997,1008
2021-10-24,Del Norte,015,27424,3652,3540,53,3593,42
2021-10-24,El Dorado,017,186661,15857,15540,1658,17198,149
2021-10-24,Fresno,019,978130,137571,134466,12067,146533,2094
2021-10-24,Glenn,021,27897,3456,3399,971,4370,33
2021-10-24,Humboldt,023,135768,8907,8753,533,9286,105
2021-10-24,Imperial,025,180216,33246,32777,3291,36068,766
2021-10-24,Inyo,027,18085,2244,2108,41,2149,41
2021-10-24,Kern,029,883053,125603,122939,21418,144357,1636
2021-10-24,Kings,031,150075,31759,30942,1888,32830,325
2021-10-24,Lake,033,64148,6641,6501,145,6646,105
2021-10-24,Lassen,035,31185,6769,6632,359,6991,27
2021-10-24,Los Angeles,037,10098052,1428711,1415919,54024,1469943,26527
2021-10-24,Madera,039,155013,22666,22062,2007,24069,281
2021-10-24,Marin,041,260295,17436,17264,447,17711,244
2021-10-24,Mariposa,043,17540,1241,1184,43,1227,5
2021-10-24,Mendocino,045,87422,7406,7220,477,7697,82
2021-10-24,Merced,047,269075,41444,40808,1715,42523,581
2021-10-24,Modoc,049,8938,523,507,185,692,5
2021-10-24,Mono,051,14174,1688,1655,21,1676,3
2021-10-24,Monterey,053,433212,48522,47456,2839,50295,586
2021-10-24,Napa,055,140530,12894,12789,109,12898,100
2021-10-24,Nevada,057,99092,9051,8861,315,9176,90
2021-10-24,Orange,059,3164182,305368,302237,14866,317103,5546
2021-10-24,Placer,061,380077,36573,35822,3592,39414,426
2021-10-24,Plumas,063,18699,1718,1623,34,1657,7
2021-10-24,Riverside,065,2383286,360455,354688,16366,371054,5041
2021-10-24,Sacramento,067,1510023,157127,155125,4503,159628,2232
2021-10-24,San Benito,069,59416,7338,7280,168,7448,71
2021-10-24,San Bernardino,071,2135413,351180,347681,11062,358743,5688
2021-10-24,San Diego,073,3302833,370667,366085,21473,387558,4183
2021-10-24,San Francisco,075,870044,52535,51820,2301,54121,649
2021-10-24,San Joaquin,077,732212,98728,97440,5378,102818,1721
2021-10-24,San Luis Obispo,079,281455,29226,28755,1203,29958,333
2021-10-24,San Mateo,081,765935,53860,52719,855,53574,571
2021-10-24,Santa Barbara,083,443738,44185,43552,1605,45157,523
2021-10-24,Santa Clara,085,1922200,145943,144276,1291,145567,1897
2021-10-24,Santa Cruz,087,273765,20201,19967,1004,20971,221
2021-10-24,Shasta,089,179085,20991,20386,3551,23937,321
2021-10-24,Sierra,091,2930,182,168,20,188,0
2021-10-24,Siskiyou,093,43540,3310,3231,1267,4498,46
2021-10-24,Solano,095,438530,45652,44861,1246,46107,341
2021-10-24,Sonoma,097,501317,41019,40476,511,40987,393
2021-10-24,Stanislaus,099,539301,78152,76812,8720,85532,1145
2021-10-24,Sutter,101,95872,13798,13616,328,13944,175
2021-10-24,Tehama,103,63373,8307,8105,1449,9554,110
2021-10-24,Trinity,105,12862,837,696,210,906,11
2021-10-24,Tulare,107,460477,67422,65585,14641,80226,978
2021-10-24,Tuolumne,109,53932,7044,6840,87,6927,90
2021-10-24,Ventura,111,848112,97518,96664,4294,100958,1167
2021-10-24,Yolo,113,214977,19590,19280,1101,20381,248
2021-10-24,Yuba,115,75493,9997,9838,303,10141,82
2021-10-23,Alameda,001,1643700,118901,117816,2797,120613,1397
2021-10-23,Alpine,003,1148,101,105,0,105,0
2021-10-23,Amador,005,37829,5499,5412,57,5469,64
2021-10-23,Butte,007,227075,20568,20101,3681,23782,273
2021-10-23,Calaveras,009,45235,3961,3865,50,3915,81
2021-10-23,Colusa,011,21464,2502,2458,630,3088,18
2021-10-23,Contra Costa,013,1133247,98705,97855,2138,99993,1008
2021-10-23,Del Norte,015,27424,3650,3540,53,3593,42
2021-10-23,El Dorado,017,186661,15831,15540,1656,17196,149
2021-10-23,Fresno,019,978130,137396,134466,12060,146526,2094
2021-10-23,Glenn,021,27897,3453,3399,970,4369,33
2021-10-23,Humboldt,023,135768,8892,8753,528,9281,105
2021-10-23,Imperial,025,180216,33199,32777,3287,36064,766
2021-10-23,Inyo,027,18085,2233,2108,41,2149,41
2021-10-23,Kern,029,883053,125443,122939,21329,144268,1636
2021-10-23,Kings,031,150075,31713,30942,1886,32828,325
2021-10-23,Lake,033,64148,6636,6501,145,6646,105
2021-10-23,Lassen,035,31185,6766,6632,357,6989,27
2021-10-23,Los Angeles,037,10098052,1428035,1415919,53969,1469888,26527
2021-10-23,Madera,039,155013,22617,22062,1998,24060,281
2021-10-23,Marin,041,260295,17419,17264,446,17710,244
2021-10-23,Mariposa,043,17540,1238,1184,42,1226,5
2021-10-23,Mendocino,045,87422,7399,7220,476,7696,82
2021-10-23,Merced,047,269075,41403,40808,1713,42521,581
2021-10-23,Modoc,049,8938,521,507,185,692,5
2021-10-23,Mono,051,14174,1683,1655,21,1676,3
2021-10-23,Monterey,053,433212,48504,47456,2835,50291,586
2021-10-23,Napa,055,140530,12889,12789,109,12898,100
2021-10-23,Nevada,057,99092,9040,8861,313,9174,90
2021-10-23,Orange,059,3164182,305181,302237,14850,317087,5546
2021-10-23,Placer,061,380077,36511,35822,3586,39408,426
2021-10-23,Plumas,063,18699,1717,1623,34,1657,7
2021-10-23,Riverside,065,2383286,360135,354688,16359,371047,5041
2021-10-23,Sacramento,067,1510023,156998,155125,4495,159620,2232
2021-10-23,San Benito,069,59416,7328,7280,168,7448,71
2021-10-23,San Bernardino,071,2135413,350912,347681,11056,358737,5688
2021-10-23,San Diego,073,3302833,370309,366085,21442,387527,4183
2021-10-23,San Francisco,075,870044,52500,51820,2300,54120,649
2021-10-23,San Joaquin,077,732212,98660,97440,5369,102809,1721
2021-10-23,San Luis Obispo,079,281455,29189,28755,1201,29956,333
2021-10-23,San Mateo,081,765935,53822,52719,854,53573,571
2021-10-23,Santa Barbara,083,443738,44154,43552,1603,45155,523
2021-10-23,Santa Clara,085,1922200,145835,144276,1287,145563,1897
2021-10-23,Santa Cruz,087,273765,20189,19967,1004,20971,221
2021-10-23,Shasta,089,179085,20955,20386,3539,23925,321
2021-10-23,Sierra,091,2930,181,168,20,188,0
2021-10-23,Siskiyou,093,43540,3308,3231,1267,4498,46
2021-10-23,Solano,095,438530,45627,44861,1243,46104,341
2021-10-23,Sonoma,097,501317,40979,40476,511,40987,393
2021-10-23,Stanislaus,099,539301,78063,76812,8701,85513,1145
2021-10-23,Sutter,101,95872,13793,13616,327,13943,175
2021-10-23,Tehama,103,63373,8295,8105,1448,9553,110
2021-10-23,Trinity,105,12862,836,696,210,906,11
2021-10-23,Tulare,107,460477,67334,65585,14581,80166,978
2021-10-23,Tuolumne,109,53932,7023,6840,87,6927,90
2021-10-23,Ventura,111,848112,97457,96664,4294,100958,1167
2021-10-23,Yolo,113,214977,19573,19280,1098,20378,248
2021-10-23,Yuba,115,75493,9989,9838,303,10141,82
2021-10-22,Alameda,001,1643700,118814,117816,2794,120610,1397
2021-10-22,Alpine,003,1148,101,105,0,105,0
2021-10-22,Amador,005,37829,5488,5412,57,5469,64
2021-10-22,Butte,007,227075,20536,20101,3677,23778,273
2021-10-22,Calaveras,009,45235,3953,3865,50,3915,81
2021-10-22,Colusa,011,21464,2499,2458,630,3088,18
2021-10-22,Contra Costa,013,1133247,98614,97855,2136,99991,1008
2021-10-22,Del Norte,015,27424,3646,3540,53,3593,42
2021-10-22,El Dorado,017,186661,15818,15540,1654,17194,149
2021-10-22,Fresno,019,978130,137183,134466,12051,146517,2094
2021-10-22,Glenn,021,27897,3442,3399,970,4369,33
2021-10-22,Humboldt,023,135768,8879,8753,527,9280,105
2021-10-22,Imperial,025,180216,33156,32777,3287,36064,766
2021-10-22,Inyo,027,18085,2220,2108,41,2149,41
2021-10-22,Kern,029,883053,125256,122939,21256,144195,1636
2021-10-22,Kings,031,150075,31678,30942,1885,32827,325
2021-10-22,Lake,033,64148,6626,6501,145,6646,105
2021-10-22,Lassen,035,31185,6759,6632,354,6986,27
2021-10-22,Los Angeles,037,10098052,1427282,1415919,53910,1469829,26527
2021-10-22,Madera,039,155013,22568,22062,1985,24047,281
2021-10-22,Marin,041,260295,17407,17264,446,17710,244
2021-10-22,Mariposa,043,17540,1235,1184,42,1226,5
2021-10-22,Mendocino,045,87422,7385,7220,475,7695,82
2021-10-22,Merced,047,269075,41364,40808,1708,42516,581
2021-10-22,Modoc,049,8938,521,507,185,692,5
2021-10-22,Mono,051,14174,1681,1655,21,1676,3
2021-10-22,Monterey,053,433212,48471,47456,2833,50289,586
2021-10-22,Napa,055,140530,12883,12789,109,12898,100
2021-10-22,Nevada,057,99092,9023,8861,312,9173,90
2021-10-22,Orange,059,3164182,304965,302237,14820,317057,5546
2021-10-22,Placer,061,380077,36483,35822,3577,39399,426
2021-10-22,Plumas,063,18699,1711,1623,34,1657,7
2021-10-22,Riverside,065,2383286,359824,354688,16354,371042,5041
2021-10-22,Sacramento,067,1510023,156811,155125,4485,159610,2232
2021-10-22,San Benito,069,59416,7323,7280,168,7448,71
2021-10-22,San Bernardino,071,2135413,350584,347681,11042,358723,5688
2021-10-22,San Diego,073,3302833,369896,366085,21424,387509,4183
2021-10-22,San Francisco,075,870044,52465,51820,2293,54113,649
2021-10-22,San Joaquin,077,732212,98601,97440,5366,102806,1721
2021-10-22,San Luis Obispo,079,281455,29159,28755,1201,29956,333
2021-10-22,San Mateo,081,765935,53773,52719,847,53566,571
2021-10-22,Santa Barbara,083,443738,44114,43552,1603,45155,523
2021-10-22,Santa Clara,085,1922200,145679,144276,1280,145556,1897
2021-10-22,Santa Cruz,087,273765,20167,19967,1004,20971,221
2021-10-22,Shasta,089,179085,20923,20386,3536,23922,321
2021-10-22,Sierra,091,2930,180,168,19,187,0
2021-10-22,Siskiyou,093,43540,3306,3231,1264,4495,46
2021-10-22,Solano,095,438530,45592,44861,1239,46100,341
2021-10-22,Sonoma,097,501317,40922,40476,511,40987,393
2021-10-22,Stanislaus,099,539301,77960,76812,8682,85494,1145
2021-10-22,Sutter,101,95872,13778,13616,327,13943,175
2021-10-22,Tehama,103,63373,8273,8105,1443,9548,110
2021-10-22,Trinity,105,12862,835,696,210,906,11
2021-10-22,Tulare,107,460477,67249,65585,14528,80113,978
2021-10-22,Tuolumne,109,53932,6988,6840,87,6927,90
2021-10-22,Ventura,111,848112,97403,96664,4288,100952,1167
2021-10-22,Yolo,113,214977,19546,19280,1096,20376,248
2021-10-22,Yuba,115,75493,9975,9838,301,10139,82
2021-10-21,Alameda,001,1643700,118699,117816,2789,120605,1397
2021-10-21,Alpine,003,1148,101,105,0,105,0
2021-10-21,Amador,005,37829,5480,5412,57,5469,64
2021-10-21,Butte,007,227075,20453,20101,3664,23765,273
2021-10-21,Calaveras,009,45235,3934,3865,50,3915,81
2021-10-21,Colusa,011,21464,2495,2458,623,3081,18
2021-10-21,Contra Costa,013,1133247,98499,97855,2130,99985,1008
2021-10-21,Del Norte,015,27424,3640,3540,52,3592,42
2021-10-21,El Dorado,017,186661,15790,15540,1647,17187,149
2021-10-21,Fresno,019,978130,136836,134466,12012,146478,2094
2021-10-21,Glenn,021,27897,3438,3399,966,4365,33
2021-10-21,Humboldt,023,135768,8865,8753,523,9276,105
2021-10-21,Imperial,025,180216,33101,32777,3283,36060,766
2021-10-21,Inyo,027,18085,2198,2108,41,2149,41
2021-10-21,Kern,029,883053,125009,122939,21144,144083,1636
2021-10-21,Kings,031,150075,31579,30942,1879,32821,325
2021-10-21,Lake,033,64148,6613,6501,144,6645,105
2021-10-21,Lassen,035,31185,6746,6632,350,6982,27
2021-10-21,Los Angeles,037,10098052,1426170,1415919,53860,1469779,26527
2021-10-21,Madera,039,155013,22510,22062,1975,24037,281
2021-10-21,Marin,041,260295,17389,17264,446,17710,244
2021-10-21,Mariposa,043,17540,1229,1184,41,1225,5
2021-10-21,Mendocino,045,87422,7367,7220,467,7687,82
2021-10-21,Merced,047,269075,41262,40808,1701,42509,581
2021-10-21,Modoc,049,8938,521,507,185,692,5
2021-10-21,Mono,051,14174,1672,1655,21,1676,3
2021-10-21,Monterey,053,433212,48437,47456,2821,50277,586
2021-10-21,Napa,055,140530,12871,12789,109,12898,100
2021-10-21,Nevada,057,99092,8998,8861,312,9173,90
2021-10-21,Orange,059,3164182,304691,302237,14784,317021,5546
2021-10-21,Placer,061,380077,36394,35822,3564,39386,426
2021-10-21,Plumas,063,18699,1697,1623,34,1657,7
2021-10-21,Riverside,065,2383286,359379,354688,16343,371031,5041
2021-10-21,Sacramento,067,1510023,156492,155125,4460,159585,2232
2021-10-21,San Benito,069,59416,7316,7280,166,7446,71
2021-10-21,San Bernardino,071,2135413,350206,347681,11007,358688,5688
2021-10-21,San Diego,073,3302833,369371,366085,21394,387479,4183
2021-10-21,San Francisco,075,870044,52409,51820,2292,54112,649
2021-10-21,San Joaquin,077,732212,98462,97440,5359,102799,1721
2021-10-21,San Luis Obispo,079,281455,29117,28755,1199,29954,333
2021-10-21,San Mateo,081,765935,53727,52719,846,53565,571
2021-10-21,Santa Barbara,083,443738,44049,43552,1601,45153,523
2021-10-21,Santa Clara,085,1922200,145506,144276,1276,145552,1897
2021-10-21,Santa Cruz,087,273765,20143,19967,1002,20969,221
2021-10-21,Shasta,089,179085,20861,20386,3521,23907,321
2021-10-21,Sierra,091,2930,179,168,18,186,0
2021-10-21,Siskiyou,093,43540,3301,3231,1262,4493,46
2021-10-21,Solano,095,438530,45540,44861,1237,46098,341
2021-10-21,Sonoma,097,501317,40853,40476,509,40985,393
2021-10-21,Stanislaus,099,539301,77791,76812,8671,85483,1145
2021-10-21,Sutter,101,95872,13750,13616,323,13939,175
2021-10-21,Tehama,103,63373,8245,8105,1436,9541,110
2021-10-21,Trinity,105,12862,833,696,210,906,11
2021-10-21,Tulare,107,460477,67060,65585,14458,80043,978
2021-10-21,Tuolumne,109,53932,6950,6840,86,6926,90
2021-10-21,Ventura,111,848112,97311,96664,4286,100950,1167
2021-10-21,Yolo,113,214977,19501,19280,1094,20374,248
2021-10-21,Yuba,115,75493,9951,9838,300,10138,82
2021-10-20,Alameda,001,1643700,118576,117654,2788,120442,1390
2021-10-20,Alpine,003,1148,101,103,0,103,0
2021-10-20,Amador,005,37829,5472,5379,57,5436,64
2021-10-20,Butte,007,227075,20399,20021,3649,23670,270
2021-10-20,Calaveras,009,45235,3913,3844,49,3893,81
2021-10-20,Colusa,011,21464,2491,2454,621,3075,18
2021-10-20,Contra Costa,013,1133247,98386,97721,2126,99847,1008
2021-10-20,Del Norte,015,27424,3636,3536,52,3588,42
2021-10-20,El Dorado,017,186661,15760,15502,1644,17146,149
2021-10-20,Fresno,019,978130,136437,134025,11988,146013,2084
2021-10-20,Glenn,021,27897,3430,3382,964,4346,33
2021-10-20,Humboldt,023,135768,8843,8727,521,9248,105
2021-10-20,Imperial,025,180216,33027,32705,3275,35980,766
2021-10-20,Inyo,027,18085,2178,2077,40,2117,40
2021-10-20,Kern,029,883053,124716,122630,21023,143653,1623
2021-10-20,Kings,031,150075,31503,30805,1869,32674,322
2021-10-20,Lake,033,64148,6591,6475,142,6617,104
2021-10-20,Lassen,035,31185,6731,6622,350,6972,27
2021-10-20,Los Angeles,037,10098052,1425056,1414931,53784,1468715,26506
2021-10-20,Madera,039,155013,22440,21983,1966,23949,281
2021-10-20,Marin,041,260295,17368,17250,444,17694,244
2021-10-20,Mariposa,043,17540,1222,1174,41,1215,5
2021-10-20,Mendocino,045,87422,7340,7189,464,7653,82
2021-10-20,Merced,047,269075,41175,40685,1690,42375,581
2021-10-20,Modoc,049,8938,521,504,185,689,5
2021-10-20,Mono,051,14174,1672,1653,21,1674,3
2021-10-20,Monterey,053,433212,48407,47430,2813,50243,587
2021-10-20,Napa,055,140530,12857,12773,108,12881,100
2021-10-20,Nevada,057,99092,8970,8836,312,9148,90
2021-10-20,Orange,059,3164182,304407,301957,14762,316719,5534
2021-10-20,Placer,061,380077,36304,35729,3555,39284,425
2021-10-20,Plumas,063,18699,1690,1604,34,1638,7
2021-10-20,Riverside,065,2383286,358935,354311,16326,370637,5030
2021-10-20,Sacramento,067,1510023,156192,154822,4436,159258,2222
2021-10-20,San Benito,069,59416,7313,7275,164,7439,71
2021-10-20,San Bernardino,071,2135413,349807,347217,10975,358192,5663
2021-10-20,San Diego,073,3302833,368855,365698,21375,387073,4178
2021-10-20,San Francisco,075,870044,52359,51755,2291,54046,646
2021-10-20,San Joaquin,077,732212,98315,97246,5351,102597,1721
2021-10-20,San Luis Obispo,079,281455,29073,28727,1195,29922,332
2021-10-20,San Mateo,081,765935,53656,52663,838,53501,571
2021-10-20,Santa Barbara,083,443738,43987,43489,1600,45089,523
2021-10-20,Santa Clara,085,1922200,145370,144124,1271,145395,1896
2021-10-20,Santa Cruz,087,273765,20130,19951,1002,20953,219
2021-10-20,Shasta,089,179085,20800,20313,3494,23807,320
2021-10-20,Sierra,091,2930,179,168,18,186,0
2021-10-20,Siskiyou,093,43540,3301,3224,1256,4480,46
2021-10-20,Solano,095,438530,45507,44819,1235,46054,341
2021-10-20,Sonoma,097,501317,40807,40404,509,40913,393
2021-10-20,Stanislaus,099,539301,77641,76631,8652,85283,1145
2021-10-20,Sutter,101,95872,13726,13592,317,13909,175
2021-10-20,Tehama,103,63373,8214,8081,1425,9506,110
2021-10-20,Trinity,105,12862,833,693,209,902,11
2021-10-20,Tulare,107,460477,66886,65413,14415,79828,967
2021-10-20,Tuolumne,109,53932,6927,6803,86,6889,89
2021-10-20,Ventura,111,848112,97229,96610,4282,100892,1166
2021-10-20,Yolo,113,214977,19457,19236,1092,20328,248
2021-10-20,Yuba,115,75493,9934,9808,297,10105,82
2021-10-19,Alameda,001,1643700,118455,117542,2782,120324,1383
2021-10-19,Alpine,003,1148,101,103,0,103,0
2021-10-19,Amador,005,37829,5456,5367,57,5424,64
2021-10-19,Butte,007,227075,20345,19974,3641,23615,268
2021-10-19,Calaveras,009,45235,3896,3826,48,3874,80
2021-10-19,Colusa,011,21464,2488,2447,619,3066,18
2021-10-19,Contra Costa,013,1133247,98295,97613,2120,99733,1004
2021-10-19,Del Norte,015,27424,3629,3531,52,3583,42
2021-10-19,El Dorado,017,186661,15735,15478,1639,17117,149
2021-10-19,Fresno,019,978130,136080,133813,11953,145766,2073
2021-10-19,Glenn,021,27897,3429,3380,960,4340,33
2021-10-19,Humboldt,023,135768,8819,8714,515,9229,105
2021-10-19,Imperial,025,180216,32959,32632,3271,35903,764
2021-10-19,Inyo,027,18085,2147,2045,40,2085,40
2021-10-19,Kern,029,883053,124399,122391,20899,143290,1613
2021-10-19,Kings,031,150075,31409,30757,1862,32619,322
2021-10-19,Lake,033,64148,6587,6465,142,6607,104
2021-10-19,Lassen,035,31185,6725,6612,345,6957,27
2021-10-19,Los Angeles,037,10098052,1423817,1413882,53707,1467589,26473
2021-10-19,Madera,039,155013,22377,21950,1958,23908,281
2021-10-19,Marin,041,260295,17354,17241,441,17682,244
2021-10-19,Mariposa,043,17540,1216,1171,39,1210,5
2021-10-19,Mendocino,045,87422,7325,7172,461,7633,82
2021-10-19,Merced,047,269075,41059,40628,1670,42298,580
2021-10-19,Modoc,049,8938,519,502,185,687,5
2021-10-19,Mono,051,14174,1666,1651,21,1672,3
2021-10-19,Monterey,053,433212,48369,47412,2802,50214,583
2021-10-19,Napa,055,140530,12850,12769,108,12877,100
2021-10-19,Nevada,057,99092,8949,8829,311,9140,90
2021-10-19,Orange,059,3164182,304150,301700,14728,316428,5527
2021-10-19,Placer,061,380077,36183,35663,3540,39203,422
2021-10-19,Plumas,063,18699,1672,1586,34,1620,8
2021-10-19,Riverside,065,2383286,358514,353891,16318,370209,5020
2021-10-19,Sacramento,067,1510023,155884,154570,4410,158980,2227
2021-10-19,San Benito,069,59416,7297,7264,164,7428,71
2021-10-19,San Bernardino,071,2135413,349408,346814,10945,357759,5627
2021-10-19,San Diego,073,3302833,368262,365285,21344,386629,4170
2021-10-19,San Francisco,075,870044,52296,51704,2289,53993,645
2021-10-19,San Joaquin,077,732212,98147,97105,5340,102445,1721
2021-10-19,San Luis Obispo,079,281455,29026,28670,1192,29862,332
2021-10-19,San Mateo,081,765935,53598,52617,836,53453,571
2021-10-19,Santa Barbara,083,443738,43920,43413,1598,45011,522
2021-10-19,Santa Clara,085,1922200,145197,143989,1263,145252,1898
2021-10-19,Santa Cruz,087,273765,20106,19895,1000,20895,218
2021-10-19,Shasta,089,179085,20723,20209,3486,23695,319
2021-10-19,Sierra,091,2930,176,168,18,186,0
2021-10-19,Siskiyou,093,43540,3297,3216,1251,4467,46
2021-10-19,Solano,095,438530,45465,44782,1229,46011,341
2021-10-19,Sonoma,097,501317,40733,40379,508,40887,392
2021-10-19,Stanislaus,099,539301,77499,76526,8640,85166,1145
2021-10-19,Sutter,101,95872,13702,13569,316,13885,174
2021-10-19,Tehama,103,63373,8184,8057,1409,9466,108
2021-10-19,Trinity,105,12862,826,691,209,900,11
2021-10-19,Tulare,107,460477,66703,65253,14347,79600,958
2021-10-19,Tuolumne,109,53932,6898,6782,85,6867,89
2021-10-19,Ventura,111,848112,97153,96539,4277,100816,1166
2021-10-19,Yolo,113,214977,19413,19206,1087,20293,248
2021-10-19,Yuba,115,75493,9916,9796,296,10092,82
2021-10-18,Alameda,001,1643700,118318,117506,2773,120279,1381
2021-10-18,Alpine,003,1148,101,103,0,103,0
2021-10-18,Amador,005,37829,5445,5345,57,5402,64
2021-10-18,Butte,007,227075,20295,19921,3633,23554,265
2021-10-18,Calaveras,009,45235,3871,3819,47,3866,80
2021-10-18,Colusa,011,21464,2487,2444,617,3061,18
2021-10-18,Contra Costa,013,1133247,98183,97585,2116,99701,995
2021-10-18,Del Norte,015,27424,3622,3529,52,3581,41
2021-10-18,El Dorado,017,186661,15704,15452,1636,17088,149
2021-10-18,Fresno,019,978130,135685,133688,11918,145606,2063
2021-10-18,Glenn,021,27897,3423,3370,954,4324,32
2021-10-18,Humboldt,023,135768,8800,8699,507,9206,104
2021-10-18,Imperial,025,180216,32868,32558,3270,35828,764
2021-10-18,Inyo,027,18085,2129,2020,40,2060,40
2021-10-18,Kern,029,883053,124100,122231,20803,143034,1605
2021-10-18,Kings,031,150075,31294,30698,1849,32547,320
2021-10-18,Lake,033,64148,6568,6455,138,6593,104
2021-10-18,Lassen,035,31185,6705,6607,342,6949,26
2021-10-18,Los Angeles,037,10098052,1422578,1413291,53629,1466920,26446
2021-10-18,Madera,039,155013,22323,21909,1946,23855,277
2021-10-18,Marin,041,260295,17334,17232,438,17670,244
2021-10-18,Mariposa,043,17540,1208,1160,39,1199,5
2021-10-18,Mendocino,045,87422,7306,7156,453,7609,82
2021-10-18,Merced,047,269075,40935,40573,1660,42233,579
2021-10-18,Modoc,049,8938,519,498,185,683,5
2021-10-18,Mono,051,14174,1658,1648,20,1668,3
2021-10-18,Monterey,053,433212,48347,47389,2797,50186,583
2021-10-18,Napa,055,140530,12835,12762,108,12870,100
2021-10-18,Nevada,057,99092,8930,8816,311,9127,90
2021-10-18,Orange,059,3164182,303812,301573,14695,316268,5524
2021-10-18,Placer,061,380077,36106,35598,3536,39134,420
2021-10-18,Plumas,063,18699,1664,1579,34,1613,6
2021-10-18,Riverside,065,2383286,358100,353699,16304,370003,5008
2021-10-18,Sacramento,067,1510023,155579,154428,4378,158806,2203
2021-10-18,San Benito,069,59416,7285,7253,164,7417,71
2021-10-18,San Bernardino,071,2135413,348986,346742,10931,357673,5606
2021-10-18,San Diego,073,3302833,367696,364948,21306,386254,4169
2021-10-18,San Francisco,075,870044,52233,51671,2283,53954,644
2021-10-18,San Joaquin,077,732212,97982,97041,5330,102371,1721
2021-10-18,San Luis Obispo,079,281455,28987,28644,1189,29833,331
2021-10-18,San Mateo,081,765935,53533,52594,835,53429,571
2021-10-18,Santa Barbara,083,443738,43862,43386,1596,44982,522
2021-10-18,Santa Clara,085,1922200,145042,143891,1254,145145,1895
2021-10-18,Santa Cruz,087,273765,20092,19876,998,20874,218
2021-10-18,Shasta,089,179085,20642,20146,3475,23621,313
2021-10-18,Sierra,091,2930,176,166,18,184,0
2021-10-18,Siskiyou,093,43540,3294,3210,1243,4453,42
2021-10-18,Solano,095,438530,45421,44758,1226,45984,339
2021-10-18,Sonoma,097,501317,40669,40349,505,40854,392
2021-10-18,Stanislaus,099,539301,77333,76466,8628,85094,1145
2021-10-18,Sutter,101,95872,13668,13557,314,13871,172
2021-10-18,Tehama,103,63373,8150,8042,1397,9439,107
2021-10-18,Trinity,105,12862,825,688,209,897,11
2021-10-18,Tulare,107,460477,66528,65171,14282,79453,958
2021-10-18,Tuolumne,109,53932,6869,6755,85,6840,89
2021-10-18,Ventura,111,848112,97058,96506,4274,100780,1165
2021-10-18,Yolo,113,214977,19376,19197,1084,20281,248
2021-10-18,Yuba,115,75493,9889,9782,294,10076,82
2021-10-17,Alameda,001,1643700,118167,117423,2768,120191,1376
2021-10-17,Alpine,003,1148,101,103,0,103,0
2021-10-17,Amador,005,37829,5422,5341,57,5398,64
2021-10-17,Butte,007,227075,20210,19897,3624,23521,265
2021-10-17,Calaveras,009,45235,3855,3805,47,3852,80
2021-10-17,Colusa,011,21464,2482,2442,610,3052,18
2021-10-17,Contra Costa,013,1133247,98059,97485,2105,99590,995
2021-10-17,Del Norte,015,27424,3617,3526,52,3578,41
2021-10-17,El Dorado,017,186661,15646,15438,1629,17067,149
2021-10-17,Fresno,019,978130,135219,133429,11887,145316,2063
2021-10-17,Glenn,021,27897,3409,3364,952,4316,32
2021-10-17,Humboldt,023,135768,8780,8690,504,9194,104
2021-10-17,Imperial,025,180216,32786,32520,3264,35784,764
2021-10-17,Inyo,027,18085,2101,2000,40,2040,40
2021-10-17,Kern,029,883053,123750,122085,20706,142791,1603
2021-10-17,Kings,031,150075,31180,30636,1840,32476,315
2021-10-17,Lake,033,64148,6552,6437,137,6574,104
2021-10-17,Lassen,035,31185,6693,6605,337,6942,26
2021-10-17,Los Angeles,037,10098052,1421241,1412371,53553,1465924,26443
2021-10-17,Madera,039,155013,22261,21869,1936,23805,277
2021-10-17,Marin,041,260295,17312,17211,438,17649,243
2021-10-17,Mariposa,043,17540,1201,1150,39,1189,5
2021-10-17,Mendocino,045,87422,7277,7148,447,7595,82
2021-10-17,Merced,047,269075,40808,40531,1646,42177,579
2021-10-17,Modoc,049,8938,516,498,183,681,5
2021-10-17,Mono,051,14174,1656,1640,19,1659,3
2021-10-17,Monterey,053,433212,48305,47369,2787,50156,583
2021-10-17,Napa,055,140530,12820,12753,105,12858,100
2021-10-17,Nevada,057,99092,8913,8794,310,9104,90
2021-10-17,Orange,059,3164182,303498,301414,14662,316076,5524
2021-10-17,Placer,061,380077,36006,35559,3521,39080,420
2021-10-17,Plumas,063,18699,1640,1571,32,1603,6
2021-10-17,Riverside,065,2383286,357617,353500,16290,369790,5008
2021-10-17,Sacramento,067,1510023,155176,154080,4360,158440,2213
2021-10-17,San Benito,069,59416,7276,7250,163,7413,71
2021-10-17,San Bernardino,071,2135413,348556,346524,10911,357435,5597
2021-10-17,San Diego,073,3302833,367088,364675,21278,385953,4163
2021-10-17,San Francisco,075,870044,52160,51625,2273,53898,644
2021-10-17,San Joaquin,077,732212,97809,96950,5321,102271,1721
2021-10-17,San Luis Obispo,079,281455,28936,28604,1181,29785,331
2021-10-17,San Mateo,081,765935,53481,52541,831,53372,571
2021-10-17,Santa Barbara,083,443738,43799,43344,1595,44939,522
2021-10-17,Santa Clara,085,1922200,144866,143768,1245,145013,1895
2021-10-17,Santa Cruz,087,273765,20064,19861,996,20857,218
2021-10-17,Shasta,089,179085,20552,20116,3465,23581,312
2021-10-17,Sierra,091,2930,174,165,18,183,0
2021-10-17,Siskiyou,093,43540,3286,3204,1240,4444,42
2021-10-17,Solano,095,438530,45364,44722,1225,45947,340
2021-10-17,Sonoma,097,501317,40593,40306,505,40811,392
2021-10-17,Stanislaus,099,539301,77135,76354,8615,84969,1145
2021-10-17,Sutter,101,95872,13651,13543,312,13855,172
2021-10-17,Tehama,103,63373,8118,8015,1380,9395,107
2021-10-17,Trinity,105,12862,822,686,208,894,11
2021-10-17,Tulare,107,460477,66344,65057,14209,79266,958
2021-10-17,Tuolumne,109,53932,6835,6735,84,6819,89
2021-10-17,Ventura,111,848112,96957,96458,4271,100729,1165
2021-10-17,Yolo,113,214977,19335,19171,1075,20246,248
2021-10-17,Yuba,115,75493,9863,9771,292,10063,82
2021-10-16,Alameda,001,1643700,118079,117027,2767,119794,1365
2021-10-16,Alpine,003,1148,100,102,0,102,0
2021-10-16,Amador,005,37829,5415,5310,57,5367,64
2021-10-16,Butte,007,227075,20179,19612,3617,23229,260
2021-10-16,Calaveras,009,45235,3848,3771,47,3818,80
2021-10-16,Colusa,011,21464,2478,2431,607,3038,18
2021-10-16,Contra Costa,013,1133247,97966,97107,2098,99205,982
2021-10-16,Del Norte,015,27424,3614,3516,52,3568,41
2021-10-16,El Dorado,017,186661,15624,15315,1627,16942,149
2021-10-16,Fresno,019,978130,135070,132433,11880,144313,2051
2021-10-16,Glenn,021,27897,3405,3331,952,4283,26
2021-10-16,Humboldt,023,135768,8768,8621,499,9120,104
2021-10-16,Imperial,025,180216,32771,32368,3262,35630,764
2021-10-16,Inyo,027,18085,2087,1932,40,1972,39
2021-10-16,Kern,029,883053,123595,121354,20623,141977,1590
2021-10-16,Kings,031,150075,31134,30418,1837,32255,314
2021-10-16,Lake,033,64148,6541,6378,137,6515,104
2021-10-16,Lassen,035,31185,6684,6559,332,6891,26
2021-10-16,Los Angeles,037,10098052,1420593,1409418,53498,1462916,26398
2021-10-16,Madera,039,155013,22217,21707,1933,23640,277
2021-10-16,Marin,041,260295,17303,17148,438,17586,243
2021-10-16,Mariposa,043,17540,1198,1096,39,1135,5
2021-10-16,Mendocino,045,87422,7267,7099,447,7546,82
2021-10-16,Merced,047,269075,40775,40265,1645,41910,577
2021-10-16,Modoc,049,8938,513,492,183,675,5
2021-10-16,Mono,051,14174,1654,1628,19,1647,3
2021-10-16,Monterey,053,433212,48288,47293,2779,50072,582
2021-10-16,Napa,055,140530,12809,12706,105,12811,100
2021-10-16,Nevada,057,99092,8893,8739,310,9049,90
2021-10-16,Orange,059,3164182,303322,300722,14637,315359,5509
2021-10-16,Placer,061,380077,35922,35343,3515,38858,412
2021-10-16,Plumas,063,18699,1635,1542,31,1573,6
2021-10-16,Riverside,065,2383286,357348,352435,16278,368713,4990
2021-10-16,Sacramento,067,1510023,154977,153264,4356,157620,2192
2021-10-16,San Benito,069,59416,7263,7210,162,7372,71
2021-10-16,San Bernardino,071,2135413,348352,345418,10903,356321,5566
2021-10-16,San Diego,073,3302833,366765,363109,21262,384371,4151
2021-10-16,San Francisco,075,870044,52112,51436,2269,53705,645
2021-10-16,San Joaquin,077,732212,97738,96507,5318,101825,1708
2021-10-16,San Luis Obispo,079,281455,28910,28460,1180,29640,329
2021-10-16,San Mateo,081,765935,53432,52399,830,53229,569
2021-10-16,Santa Barbara,083,443738,43763,43175,1594,44769,521
2021-10-16,Santa Clara,085,1922200,144766,143282,1237,144519,1890
2021-10-16,Santa Cruz,087,273765,20049,19794,995,20789,218
2021-10-16,Shasta,089,179085,20502,19932,3454,23386,309
2021-10-16,Sierra,091,2930,172,160,18,178,0
2021-10-16,Siskiyou,093,43540,3284,3173,1233,4406,42
2021-10-16,Solano,095,438530,45338,44585,1221,45806,334
2021-10-16,Sonoma,097,501317,40553,40195,505,40700,390
2021-10-16,Stanislaus,099,539301,77049,75868,8606,84474,1142
2021-10-16,Sutter,101,95872,13632,13471,311,13782,169
2021-10-16,Tehama,103,63373,8105,7907,1375,9282,104
2021-10-16,Trinity,105,12862,822,679,208,887,11
2021-10-16,Tulare,107,460477,66210,64489,14176,78665,951
2021-10-16,Tuolumne,109,53932,6803,6666,84,6750,89
2021-10-16,Ventura,111,848112,96925,96181,4266,100447,1164
2021-10-16,Yolo,113,214977,19308,19078,1069,20147,247
2021-10-16,Yuba,115,75493,9839,9705,289,9994,82
2021-10-15,Alameda,001,1643700,118005,117027,2763,119790,1365
2021-10-15,Alpine,003,1148,100,102,0,102,0
2021-10-15,Amador,005,37829,5391,5310,57,5367,64
2021-10-15,Butte,007,227075,20143,19612,3610,23222,260
2021-10-15,Calaveras,009,45235,3842,3771,47,3818,80
2021-10-15,Colusa,011,21464,2476,2431,604,3035,18
2021-10-15,Contra Costa,013,1133247,97885,97107,2094,99201,982
2021-10-15,Del Norte,015,27424,3612,3516,52,3568,41
2021-10-15,El Dorado,017,186661,15604,15315,1622,16937,149
2021-10-15,Fresno,019,978130,134817,132433,11873,144306,2051
2021-10-15,Glenn,021,27897,3401,3331,951,4282,26
2021-10-15,Humboldt,023,135768,8759,8621,497,9118,104
2021-10-15,Imperial,025,180216,32724,32368,3258,35626,764
2021-10-15,Inyo,027,18085,2069,1932,40,1972,39
2021-10-15,Kern,029,883053,123460,121354,20548,141902,1590
2021-10-15,Kings,031,150075,31079,30418,1833,32251,314
2021-10-15,Lake,033,64148,6532,6378,137,6515,104
2021-10-15,Lassen,035,31185,6672,6559,331,6890,26
2021-10-15,Los Angeles,037,10098052,1419903,1409418,53449,1462867,26398
2021-10-15,Madera,039,155013,22173,21707,1925,23632,277
2021-10-15,Marin,041,260295,17292,17148,438,17586,243
2021-10-15,Mariposa,043,17540,1190,1096,39,1135,5
2021-10-15,Mendocino,045,87422,7252,7099,447,7546,82
2021-10-15,Merced,047,269075,40745,40265,1642,41907,577
2021-10-15,Modoc,049,8938,512,492,183,675,5
2021-10-15,Mono,051,14174,1652,1628,19,1647,3
2021-10-15,Monterey,053,433212,48266,47293,2777,50070,582
2021-10-15,Napa,055,140530,12805,12706,105,12811,100
2021-10-15,Nevada,057,99092,8878,8739,310,9049,90
2021-10-15,Orange,059,3164182,303154,300722,14618,315340,5509
2021-10-15,Placer,061,380077,35868,35343,3509,38852,412
2021-10-15,Plumas,063,18699,1627,1542,31,1573,6
2021-10-15,Riverside,065,2383286,357106,352435,16273,368708,4990
2021-10-15,Sacramento,067,1510023,154792,153264,4346,157610,2192
2021-10-15,San Benito,069,59416,7260,7210,162,7372,71
2021-10-15,San Bernardino,071,2135413,348116,345418,10901,356319,5566
2021-10-15,San Diego,073,3302833,366401,363109,21237,384346,4151
2021-10-15,San Francisco,075,870044,52072,51436,2262,53698,645
2021-10-15,San Joaquin,077,732212,97660,96507,5311,101818,1708
2021-10-15,San Luis Obispo,079,281455,28889,28460,1178,29638,329
2021-10-15,San Mateo,081,765935,53388,52399,829,53228,569
2021-10-15,Santa Barbara,083,443738,43725,43175,1594,44769,521
2021-10-15,Santa Clara,085,1922200,144644,143282,1229,144511,1890
2021-10-15,Santa Cruz,087,273765,20038,19794,995,20789,218
2021-10-15,Shasta,089,179085,20444,19932,3446,23378,309
2021-10-15,Sierra,091,2930,171,160,18,178,0
2021-10-15,Siskiyou,093,43540,3283,3173,1230,4403,42
2021-10-15,Solano,095,438530,45312,44585,1221,45806,334
2021-10-15,Sonoma,097,501317,40519,40195,504,40699,390
2021-10-15,Stanislaus,099,539301,76969,75868,8590,84458,1142
2021-10-15,Sutter,101,95872,13615,13471,309,13780,169
2021-10-15,Tehama,103,63373,8084,7907,1369,9276,104
2021-10-15,Trinity,105,12862,822,679,208,887,11
2021-10-15,Tulare,107,460477,66131,64489,14139,78628,951
2021-10-15,Tuolumne,109,53932,6780,6666,82,6748,89
2021-10-15,Ventura,111,848112,96883,96181,4263,100444,1164
2021-10-15,Yolo,113,214977,19294,19078,1065,20143,247
2021-10-15,Yuba,115,75493,9829,9705,288,9993,82
2021-10-14,Alameda,001,1643700,117894,117027,2758,119785,1365
2021-10-14,Alpine,003,1148,100,102,0,102,0
2021-10-14,Amador,005,37829,5380,5310,57,5367,64
2021-10-14,Butte,007,227075,20091,19612,3605,23217,260
2021-10-14,Calaveras,009,45235,3829,3771,46,3817,80
2021-10-14,Colusa,011,21464,2474,2431,602,3033,18
2021-10-14,Contra Costa,013,1133247,97750,97107,2086,99193,982
2021-10-14,Del Norte,015,27424,3606,3516,52,3568,41
2021-10-14,El Dorado,017,186661,15565,15315,1619,16934,149
2021-10-14,Fresno,019,978130,134525,132433,11853,144286,2051
2021-10-14,Glenn,021,27897,3398,3331,950,4281,26
2021-10-14,Humboldt,023,135768,8742,8621,494,9115,104
2021-10-14,Imperial,025,180216,32661,32368,3251,35619,764
2021-10-14,Inyo,027,18085,2050,1932,40,1972,39
2021-10-14,Kern,029,883053,123190,121354,20448,141802,1590
2021-10-14,Kings,031,150075,31014,30418,1825,32243,314
2021-10-14,Lake,033,64148,6511,6378,136,6514,104
2021-10-14,Lassen,035,31185,6666,6559,330,6889,26
2021-10-14,Los Angeles,037,10098052,1418922,1409418,53398,1462816,26398
2021-10-14,Madera,039,155013,22108,21707,1921,23628,277
2021-10-14,Marin,041,260295,17287,17148,436,17584,243
2021-10-14,Mariposa,043,17540,1177,1096,38,1134,5
2021-10-14,Mendocino,045,87422,7238,7099,445,7544,82
2021-10-14,Merced,047,269075,40656,40265,1629,41894,577
2021-10-14,Modoc,049,8938,512,492,183,675,5
2021-10-14,Mono,051,14174,1645,1628,19,1647,3
2021-10-14,Monterey,053,433212,48240,47293,2772,50065,582
2021-10-14,Napa,055,140530,12790,12706,105,12811,100
2021-10-14,Nevada,057,99092,8850,8739,308,9047,90
2021-10-14,Orange,059,3164182,302947,300722,14601,315323,5509
2021-10-14,Placer,061,380077,35801,35343,3495,38838,412
2021-10-14,Plumas,063,18699,1612,1542,31,1573,6
2021-10-14,Riverside,065,2383286,356709,352435,16262,368697,4990
2021-10-14,Sacramento,067,1510023,154540,153264,4324,157588,2192
2021-10-14,San Benito,069,59416,7249,7210,162,7372,71
2021-10-14,San Bernardino,071,2135413,347758,345418,10895,356313,5566
2021-10-14,San Diego,073,3302833,365953,363109,21210,384319,4151
2021-10-14,San Francisco,075,870044,52016,51436,2258,53694,645
2021-10-14,San Joaquin,077,732212,97531,96507,5302,101809,1708
2021-10-14,San Luis Obispo,079,281455,28845,28460,1174,29634,329
2021-10-14,San Mateo,081,765935,53339,52399,828,53227,569
2021-10-14,Santa Barbara,083,443738,43669,43175,1589,44764,521
2021-10-14,Santa Clara,085,1922200,144503,143282,1223,144505,1890
2021-10-14,Santa Cruz,087,273765,20015,19794,995,20789,218
2021-10-14,Shasta,089,179085,20388,19932,3434,23366,309
2021-10-14,Sierra,091,2930,171,160,18,178,0
2021-10-14,Siskiyou,093,43540,3280,3173,1222,4395,42
2021-10-14,Solano,095,438530,45262,44585,1213,45798,334
2021-10-14,Sonoma,097,501317,40468,40195,501,40696,390
2021-10-14,Stanislaus,099,539301,76823,75868,8577,84445,1142
2021-10-14,Sutter,101,95872,13595,13471,308,13779,169
2021-10-14,Tehama,103,63373,8053,7907,1362,9269,104
2021-10-14,Trinity,105,12862,821,679,207,886,11
2021-10-14,Tulare,107,460477,65951,64489,14092,78581,951
2021-10-14,Tuolumne,109,53932,6749,6666,81,6747,89
2021-10-14,Ventura,111,848112,96815,96181,4257,100438,1164
2021-10-14,Yolo,113,214977,19262,19078,1058,20136,247
2021-10-14,Yuba,115,75493,9815,9705,279,9984,82
2021-10-13,Alameda,001,1643700,117789,116914,2753,119667,1360
2021-10-13,Alpine,003,1148,100,102,0,102,0
2021-10-13,Amador,005,37829,5366,5305,57,5362,63
2021-10-13,Butte,007,227075,20017,19546,3601,23147,257
2021-10-13,Calaveras,009,45235,3808,3756,44,3800,79
2021-10-13,Colusa,011,21464,2467,2430,598,3028,18
2021-10-13,Contra Costa,013,1133247,97635,96975,2085,99060,969
2021-10-13,Del Norte,015,27424,3601,3512,52,3564,39
2021-10-13,El Dorado,017,186661,15541,15302,1614,16916,149
2021-10-13,Fresno,019,978130,134193,132055,11831,143886,2048
2021-10-13,Glenn,021,27897,3387,3327,947,4274,26
2021-10-13,Humboldt,023,135768,8731,8604,490,9094,102
2021-10-13,Imperial,025,180216,32600,32317,3248,35565,762
2021-10-13,Inyo,027,18085,2013,1907,40,1947,39
2021-10-13,Kern,029,883053,122947,120956,20355,141311,1586
2021-10-13,Kings,031,150075,30933,30246,1818,32064,312
2021-10-13,Lake,033,64148,6491,6371,136,6507,103
2021-10-13,Lassen,035,31185,6656,6535,324,6859,25
2021-10-13,Los Angeles,037,10098052,1417868,1408384,53340,1461724,26379
2021-10-13,Madera,039,155013,22054,21609,1906,23515,277
2021-10-13,Marin,041,260295,17263,17137,435,17572,243
2021-10-13,Mariposa,043,17540,1163,1090,38,1128,5
2021-10-13,Mendocino,045,87422,7222,7088,437,7525,82
2021-10-13,Merced,047,269075,40571,40164,1619,41783,577
2021-10-13,Modoc,049,8938,510,490,181,671,5
2021-10-13,Mono,051,14174,1645,1612,19,1631,3
2021-10-13,Monterey,053,433212,48221,47273,2765,50038,582
2021-10-13,Napa,055,140530,12779,12695,103,12798,100
2021-10-13,Nevada,057,99092,8828,8725,308,9033,90
2021-10-13,Orange,059,3164182,302739,300468,14585,315053,5503
2021-10-13,Placer,061,380077,35735,35254,3486,38740,412
2021-10-13,Plumas,063,18699,1598,1514,31,1545,6
2021-10-13,Riverside,065,2383286,356379,352044,16249,368293,4978
2021-10-13,Sacramento,067,1510023,154290,153141,4302,157443,2182
2021-10-13,San Benito,069,59416,7243,7196,161,7357,71
2021-10-13,San Bernardino,071,2135413,347436,344951,10879,355830,5562
2021-10-13,San Diego,073,3302833,365516,362564,21188,383752,4141
2021-10-13,San Francisco,075,870044,51974,51379,2254,53633,644
2021-10-13,San Joaquin,077,732212,97388,96343,5297,101640,1696
2021-10-13,San Luis Obispo,079,281455,28807,28397,1171,29568,330
2021-10-13,San Mateo,081,765935,53287,52352,824,53176,569
2021-10-13,Santa Barbara,083,443738,43617,43109,1589,44698,518
2021-10-13,Santa Clara,085,1922200,144364,143064,1222,144286,1886
2021-10-13,Santa Cruz,087,273765,19989,19763,994,20757,217
2021-10-13,Shasta,089,179085,20318,19802,3413,23215,307
2021-10-13,Sierra,091,2930,171,155,18,173,0
2021-10-13,Siskiyou,093,43540,3272,3173,1221,4394,42
2021-10-13,Solano,095,438530,45223,44558,1210,45768,334
2021-10-13,Sonoma,097,501317,40412,40122,501,40623,390
2021-10-13,Stanislaus,099,539301,76682,75698,8568,84266,1136
2021-10-13,Sutter,101,95872,13565,13458,306,13764,169
2021-10-13,Tehama,103,63373,8015,7849,1356,9205,103
2021-10-13,Trinity,105,12862,818,677,207,884,11
2021-10-13,Tulare,107,460477,65773,64297,14037,78334,945
2021-10-13,Tuolumne,109,53932,6735,6644,80,6724,89
2021-10-13,Ventura,111,848112,96741,96099,4251,100350,1162
2021-10-13,Yolo,113,214977,19233,19023,1056,20079,247
2021-10-13,Yuba,115,75493,9790,9690,265,9955,80
2021-10-12,Alameda,001,1643700,117686,116813,2748,119561,1357
2021-10-12,Alpine,003,1148,100,102,0,102,0
2021-10-12,Amador,005,37829,5355,5301,57,5358,63
2021-10-12,Butte,007,227075,19948,19506,3589,23095,256
2021-10-12,Calaveras,009,45235,3793,3750,44,3794,75
2021-10-12,Colusa,011,21464,2464,2428,596,3024,18
2021-10-12,Contra Costa,013,1133247,97521,96894,2076,98970,960
2021-10-12,Del Norte,015,27424,3595,3511,52,3563,39
2021-10-12,El Dorado,017,186661,15507,15287,1612,16899,148
2021-10-12,Fresno,019,978130,133834,131848,11803,143651,2042
2021-10-12,Glenn,021,27897,3377,3321,944,4265,26
2021-10-12,Humboldt,023,135768,8704,8587,484,9071,102
2021-10-12,Imperial,025,180216,32548,32267,3246,35513,762
2021-10-12,Inyo,027,18085,1981,1889,40,1929,39
2021-10-12,Kern,029,883053,122662,120826,20246,141072,1580
2021-10-12,Kings,031,150075,30860,30200,1807,32007,312
2021-10-12,Lake,033,64148,6476,6372,134,6506,97
2021-10-12,Lassen,035,31185,6646,6526,323,6849,25
2021-10-12,Los Angeles,037,10098052,1416806,1407462,53292,1460754,26362
2021-10-12,Madera,039,155013,21983,21574,1894,23468,277
2021-10-12,Marin,041,260295,17240,17126,435,17561,242
2021-10-12,Mariposa,043,17540,1149,1088,38,1126,5
2021-10-12,Mendocino,045,87422,7193,7077,434,7511,82
2021-10-12,Merced,047,269075,40492,40113,1613,41726,567
2021-10-12,Modoc,049,8938,505,485,180,665,5
2021-10-12,Mono,051,14174,1643,1608,19,1627,3
2021-10-12,Monterey,053,433212,48190,47254,2757,50011,582
2021-10-12,Napa,055,140530,12765,12671,103,12774,97
2021-10-12,Nevada,057,99092,8816,8720,307,9027,89
2021-10-12,Orange,059,3164182,302485,300256,14559,314815,5499
2021-10-12,Placer,061,380077,35672,35214,3478,38692,404
2021-10-12,Plumas,063,18699,1584,1488,30,1518,6
2021-10-12,Riverside,065,2383286,356053,351771,16235,368006,4973
2021-10-12,Sacramento,067,1510023,153985,152935,4277,157212,2170
2021-10-12,San Benito,069,59416,7229,7193,161,7354,71
2021-10-12,San Bernardino,071,2135413,347123,344788,10870,355658,5563
2021-10-12,San Diego,073,3302833,364992,362256,21159,383415,4137
2021-10-12,San Francisco,075,870044,51910,51301,2253,53554,643
2021-10-12,San Joaquin,077,732212,97251,96237,5292,101529,1690
2021-10-12,San Luis Obispo,079,281455,28760,28379,1170,29549,327
2021-10-12,San Mateo,081,765935,53236,52328,823,53151,569
2021-10-12,Santa Barbara,083,443738,43556,43076,1589,44665,515
2021-10-12,Santa Clara,085,1922200,144210,142954,1220,144174,1882
2021-10-12,Santa Cruz,087,273765,19964,19757,994,20751,218
2021-10-12,Shasta,089,179085,20244,19731,3392,23123,304
2021-10-12,Sierra,091,2930,171,153,18,171,0
2021-10-12,Siskiyou,093,43540,3261,3166,1215,4381,42
2021-10-12,Solano,095,438530,45180,44516,1205,45721,329
2021-10-12,Sonoma,097,501317,40370,40105,501,40606,390
2021-10-12,Stanislaus,099,539301,76530,75589,8554,84143,1126
2021-10-12,Sutter,101,95872,13542,13436,302,13738,168
2021-10-12,Tehama,103,63373,7982,7820,1352,9172,103
2021-10-12,Trinity,105,12862,815,676,207,883,11
2021-10-12,Tulare,107,460477,65593,64216,13981,78197,944
2021-10-12,Tuolumne,109,53932,6718,6637,79,6716,89
2021-10-12,Ventura,111,848112,96640,96022,4246,100268,1160
2021-10-12,Yolo,113,214977,19206,18987,1048,20035,247
2021-10-12,Yuba,115,75493,9775,9676,261,9937,70
2021-10-11,Alameda,001,1643700,117544,116759,2747,119506,1358
2021-10-11,Alpine,003,1148,100,102,0,102,0
2021-10-11,Amador,005,37829,5343,5286,57,5343,62
2021-10-11,Butte,007,227075,19889,19452,3584,23036,253
2021-10-11,Calaveras,009,45235,3772,3750,44,3794,75
2021-10-11,Colusa,011,21464,2460,2427,589,3016,18
2021-10-11,Contra Costa,013,1133247,97384,96832,2071,98903,960
2021-10-11,Del Norte,015,27424,3592,3510,48,3558,39
2021-10-11,El Dorado,017,186661,15478,15273,1608,16881,146
2021-10-11,Fresno,019,978130,133507,131703,11774,143477,2036
2021-10-11,Glenn,021,27897,3359,3308,943,4251,26
2021-10-11,Humboldt,023,135768,8679,8571,477,9048,101
2021-10-11,Imperial,025,180216,32498,32207,3240,35447,762
2021-10-11,Inyo,027,18085,1958,1862,39,1901,39
2021-10-11,Kern,029,883053,122426,120684,20150,140834,1575
2021-10-11,Kings,031,150075,30771,30180,1797,31977,309
2021-10-11,Lake,033,64148,6460,6361,130,6491,97
2021-10-11,Lassen,035,31185,6626,6499,320,6819,25
2021-10-11,Los Angeles,037,10098052,1415763,1406826,53241,1460067,26346
2021-10-11,Madera,039,155013,21926,21555,1877,23432,272
2021-10-11,Marin,041,260295,17222,17121,431,17552,242
2021-10-11,Mariposa,043,17540,1119,1083,37,1120,5
2021-10-11,Mendocino,045,87422,7177,7064,430,7494,82
2021-10-11,Merced,047,269075,40375,40064,1589,41653,566
2021-10-11,Modoc,049,8938,502,482,177,659,5
2021-10-11,Mono,051,14174,1634,1604,19,1623,3
2021-10-11,Monterey,053,433212,48161,47241,2750,49991,580
2021-10-11,Napa,055,140530,12742,12654,101,12755,96
2021-10-11,Nevada,057,99092,8796,8716,306,9022,90
2021-10-11,Orange,059,3164182,302257,299941,14530,314471,5499
2021-10-11,Placer,061,380077,35603,35173,3461,38634,404
2021-10-11,Plumas,063,18699,1566,1469,28,1497,6
2021-10-11,Riverside,065,2383286,355710,351444,16230,367674,4973
2021-10-11,Sacramento,067,1510023,153696,152681,4246,156927,2169
2021-10-11,San Benito,069,59416,7207,7184,159,7343,71
2021-10-11,San Bernardino,071,2135413,346735,344594,10862,355456,5549
2021-10-11,San Diego,073,3302833,364470,361712,21127,382839,4124
2021-10-11,San Francisco,075,870044,51839,51275,2248,53523,643
2021-10-11,San Joaquin,077,732212,97098,96152,5281,101433,1681
2021-10-11,San Luis Obispo,079,281455,28714,28355,1165,29520,327
2021-10-11,San Mateo,081,765935,53188,52298,822,53120,569
2021-10-11,Santa Barbara,083,443738,43509,43018,1588,44606,515
2021-10-11,Santa Clara,085,1922200,144048,142836,1217,144053,1882
2021-10-11,Santa Cruz,087,273765,19940,19745,993,20738,217
2021-10-11,Shasta,089,179085,20165,19662,3376,23038,295
2021-10-11,Sierra,091,2930,166,147,17,164,0
2021-10-11,Siskiyou,093,43540,3254,3159,1211,4370,42
2021-10-11,Solano,095,438530,45132,44474,1202,45676,329
2021-10-11,Sonoma,097,501317,40325,40067,501,40568,390
2021-10-11,Stanislaus,099,539301,76357,75478,8533,84011,1118
2021-10-11,Sutter,101,95872,13523,13427,300,13727,165
2021-10-11,Tehama,103,63373,7941,7795,1343,9138,102
2021-10-11,Trinity,105,12862,809,675,206,881,11
2021-10-11,Tulare,107,460477,65414,64094,13915,78009,942
2021-10-11,Tuolumne,109,53932,6680,6602,79,6681,89
2021-10-11,Ventura,111,848112,96543,95876,4239,100115,1160
2021-10-11,Yolo,113,214977,19160,18977,1045,20022,247
2021-10-11,Yuba,115,75493,9758,9657,249,9906,69
2021-10-10,Alameda,001,1643700,117424,116679,2743,119422,1358
2021-10-10,Alpine,003,1148,100,102,0,102,0
2021-10-10,Amador,005,37829,5329,5278,57,5335,62
2021-10-10,Butte,007,227075,19825,19430,3570,23000,253
2021-10-10,Calaveras,009,45235,3760,3747,44,3791,75
2021-10-10,Colusa,011,21464,2459,2425,588,3013,18
2021-10-10,Contra Costa,013,1133247,97285,96760,2065,98825,960
2021-10-10,Del Norte,015,27424,3588,3507,48,3555,39
2021-10-10,El Dorado,017,186661,15447,15250,1602,16852,146
2021-10-10,Fresno,019,978130,133179,131434,11746,143180,2035
2021-10-10,Glenn,021,27897,3357,3297,941,4238,26
2021-10-10,Humboldt,023,135768,8657,8554,473,9027,101
2021-10-10,Imperial,025,180216,32424,32167,3238,35405,762
2021-10-10,Inyo,027,18085,1937,1857,39,1896,39
2021-10-10,Kern,029,883053,122100,120552,20046,140598,1573
2021-10-10,Kings,031,150075,30682,30122,1787,31909,308
2021-10-10,Lake,033,64148,6444,6349,129,6478,97
2021-10-10,Lassen,035,31185,6606,6495,319,6814,26
2021-10-10,Los Angeles,037,10098052,1414585,1406034,53166,1459200,26338
2021-10-10,Madera,039,155013,21880,21486,1868,23354,272
2021-10-10,Marin,041,260295,17205,17112,431,17543,242
2021-10-10,Mariposa,043,17540,1116,1074,37,1111,5
2021-10-10,Mendocino,045,87422,7162,7060,422,7482,81
2021-10-10,Merced,047,269075,40291,40036,1572,41608,566
2021-10-10,Modoc,049,8938,502,482,177,659,5
2021-10-10,Mono,051,14174,1633,1596,19,1615,3
2021-10-10,Monterey,053,433212,48131,47228,2749,49977,580
2021-10-10,Napa,055,140530,12719,12641,101,12742,96
2021-10-10,Nevada,057,99092,8784,8689,306,8995,90
2021-10-10,Orange,059,3164182,301994,299787,14502,314289,5499
2021-10-10,Placer,061,380077,35510,35128,3449,38577,404
2021-10-10,Plumas,063,18699,1550,1468,26,1494,6
2021-10-10,Riverside,065,2383286,355338,351248,16211,367459,4973
2021-10-10,Sacramento,067,1510023,153432,152405,4229,156634,2178
2021-10-10,San Benito,069,59416,7202,7180,158,7338,71
2021-10-10,San Bernardino,071,2135413,346430,344423,10854,355277,5551
2021-10-10,San Diego,073,3302833,363944,361038,21080,382118,4113
2021-10-10,San Francisco,075,870044,51791,51216,2245,53461,643
2021-10-10,San Joaquin,077,732212,96927,96084,5264,101348,1681
2021-10-10,San Luis Obispo,079,281455,28673,28343,1165,29508,326
2021-10-10,San Mateo,081,765935,53146,52273,821,53094,569
2021-10-10,Santa Barbara,083,443738,43462,42987,1587,44574,515
2021-10-10,Santa Clara,085,1922200,143883,142768,1210,143978,1881
2021-10-10,Santa Cruz,087,273765,19920,19727,993,20720,217
2021-10-10,Shasta,089,179085,20075,19635,3367,23002,296
2021-10-10,Sierra,091,2930,164,147,17,164,0
2021-10-10,Siskiyou,093,43540,3240,3155,1204,4359,42
2021-10-10,Solano,095,438530,45076,44431,1202,45633,329
2021-10-10,Sonoma,097,501317,40273,40027,501,40528,390
2021-10-10,Stanislaus,099,539301,76178,75403,8518,83921,1118
2021-10-10,Sutter,101,95872,13499,13412,295,13707,165
2021-10-10,Tehama,103,63373,7903,7764,1334,9098,102
2021-10-10,Trinity,105,12862,808,669,205,874,11
2021-10-10,Tulare,107,460477,65244,63930,13867,77797,940
2021-10-10,Tuolumne,109,53932,6656,6580,78,6658,89
2021-10-10,Ventura,111,848112,96454,95829,4239,100068,1160
2021-10-10,Yolo,113,214977,19128,18952,1040,19992,247
2021-10-10,Yuba,115,75493,9742,9641,244,9885,69
2021-10-09,Alameda,001,1643700,117325,116253,2741,118994,1356
2021-10-09,Alpine,003,1148,99,102,0,102,0
2021-10-09,Amador,005,37829,5327,5237,56,5293,62
2021-10-09,Butte,007,227075,19795,19277,3567,22844,250
2021-10-09,Calaveras,009,45235,3756,3716,44,3760,75
2021-10-09,Colusa,011,21464,2455,2419,587,3006,18
2021-10-09,Contra Costa,013,1133247,97213,96378,2059,98437,958
2021-10-09,Del Norte,015,27424,3587,3495,48,3543,39
2021-10-09,El Dorado,017,186661,15429,15153,1599,16752,144
2021-10-09,Fresno,019,978130,133046,130508,11730,142238,2018
2021-10-09,Glenn,021,27897,3352,3277,940,4217,26
2021-10-09,Humboldt,023,135768,8643,8448,471,8919,97
2021-10-09,Imperial,025,180216,32390,31989,3236,35225,760
2021-10-09,Inyo,027,18085,1928,1808,39,1847,39
2021-10-09,Kern,029,883053,121961,119795,20019,139814,1559
2021-10-09,Kings,031,150075,30633,29894,1785,31679,308
2021-10-09,Lake,033,64148,6425,6283,128,6411,97
2021-10-09,Lassen,035,31185,6601,6442,318,6760,25
2021-10-09,Los Angeles,037,10098052,1413998,1402810,53127,1455937,26280
2021-10-09,Madera,039,155013,21847,21313,1855,23168,271
2021-10-09,Marin,041,260295,17200,17049,429,17478,242
2021-10-09,Mariposa,043,17540,1109,1042,36,1078,5
2021-10-09,Mendocino,045,87422,7155,7011,421,7432,82
2021-10-09,Merced,047,269075,40250,39784,1572,41356,565
2021-10-09,Modoc,049,8938,500,477,176,653,5
2021-10-09,Mono,051,14174,1630,1577,19,1596,3
2021-10-09,Monterey,053,433212,48119,47168,2746,49914,577
2021-10-09,Napa,055,140530,12715,12586,101,12687,96
2021-10-09,Nevada,057,99092,8773,8613,305,8918,90
2021-10-09,Orange,059,3164182,301814,299089,14483,313572,5457
2021-10-09,Placer,061,380077,35472,34877,3442,38319,393
2021-10-09,Plumas,063,18699,1539,1418,26,1444,6
2021-10-09,Riverside,065,2383286,355087,350082,16194,366276,4965
2021-10-09,Sacramento,067,1510023,153223,151566,4216,155782,2160
2021-10-09,San Benito,069,59416,7194,7123,158,7281,71
2021-10-09,San Bernardino,071,2135413,346246,343452,10850,354302,5556
2021-10-09,San Diego,073,3302833,363629,359909,21075,380984,4111
2021-10-09,San Francisco,075,870044,51744,50960,2238,53198,643
2021-10-09,San Joaquin,077,732212,96861,95606,5259,100865,1669
2021-10-09,San Luis Obispo,079,281455,28656,28197,1163,29360,324
2021-10-09,San Mateo,081,765935,53113,52121,820,52941,569
2021-10-09,Santa Barbara,083,443738,43435,42735,1587,44322,514
2021-10-09,Santa Clara,085,1922200,143760,142298,1204,143502,1873
2021-10-09,Santa Cruz,087,273765,19911,19635,992,20627,217
2021-10-09,Shasta,089,179085,20025,19437,3362,22799,290
2021-10-09,Sierra,091,2930,161,141,17,158,0
2021-10-09,Siskiyou,093,43540,3239,3124,1203,4327,42
2021-10-09,Solano,095,438530,45059,44265,1201,45466,329
2021-10-09,Sonoma,097,501317,40229,39848,501,40349,387
2021-10-09,Stanislaus,099,539301,76088,74899,8508,83407,1114
2021-10-09,Sutter,101,95872,13490,13314,293,13607,165
2021-10-09,Tehama,103,63373,7892,7670,1329,8999,99
2021-10-09,Trinity,105,12862,807,660,205,865,11
2021-10-09,Tulare,107,460477,65136,63398,13846,77244,932
2021-10-09,Tuolumne,109,53932,6637,6521,78,6599,89
2021-10-09,Ventura,111,848112,96400,95542,4236,99778,1158
2021-10-09,Yolo,113,214977,19107,18850,1037,19887,247
2021-10-09,Yuba,115,75493,9730,9551,242,9793,69
2021-10-08,Alameda,001,1643700,117243,116253,2738,118991,1356
2021-10-08,Alpine,003,1148,99,102,0,102,0
2021-10-08,Amador,005,37829,5314,5237,56,5293,62
2021-10-08,Butte,007,227075,19766,19277,3563,22840,250
2021-10-08,Calaveras,009,45235,3751,3716,44,3760,75
2021-10-08,Colusa,011,21464,2453,2419,587,3006,18
2021-10-08,Contra Costa,013,1133247,97169,96378,2054,98432,958
2021-10-08,Del Norte,015,27424,3586,3495,48,3543,39
2021-10-08,El Dorado,017,186661,15410,15153,1595,16748,144
2021-10-08,Fresno,019,978130,132850,130508,11709,142217,2018
2021-10-08,Glenn,021,27897,3342,3277,939,4216,26
2021-10-08,Humboldt,023,135768,8632,8448,468,8916,97
2021-10-08,Imperial,025,180216,32360,31989,3232,35221,760
2021-10-08,Inyo,027,18085,1910,1808,39,1847,39
2021-10-08,Kern,029,883053,121824,119795,19977,139772,1559
2021-10-08,Kings,031,150075,30539,29894,1784,31678,308
2021-10-08,Lake,033,64148,6417,6283,128,6411,97
2021-10-08,Lassen,035,31185,6587,6442,315,6757,25
2021-10-08,Los Angeles,037,10098052,1413335,1402810,53091,1455901,26280
2021-10-08,Madera,039,155013,21789,21313,1848,23161,271
2021-10-08,Marin,041,260295,17189,17049,428,17477,242
2021-10-08,Mariposa,043,17540,1102,1042,34,1076,5
2021-10-08,Mendocino,045,87422,7142,7011,421,7432,82
2021-10-08,Merced,047,269075,40218,39784,1569,41353,565
2021-10-08,Modoc,049,8938,498,477,176,653,5
2021-10-08,Mono,051,14174,1627,1577,19,1596,3
2021-10-08,Monterey,053,433212,48092,47168,2744,49912,577
2021-10-08,Napa,055,140530,12699,12586,101,12687,96
2021-10-08,Nevada,057,99092,8760,8613,305,8918,90
2021-10-08,Orange,059,3164182,301666,299089,14463,313552,5457
2021-10-08,Placer,061,380077,35434,34877,3434,38311,393
2021-10-08,Plumas,063,18699,1527,1418,26,1444,6
2021-10-08,Riverside,065,2383286,354818,350082,16183,366265,4965
2021-10-08,Sacramento,067,1510023,153058,151566,4202,155768,2160
2021-10-08,San Benito,069,59416,7190,7123,156,7279,71
2021-10-08,San Bernardino,071,2135413,346042,343452,10842,354294,5556
2021-10-08,San Diego,073,3302833,363293,359909,21057,380966,4111
2021-10-08,San Francisco,075,870044,51696,50960,2229,53189,643
2021-10-08,San Joaquin,077,732212,96792,95606,5253,100859,1669
2021-10-08,San Luis Obispo,079,281455,28629,28197,1162,29359,324
2021-10-08,San Mateo,081,765935,53085,52121,820,52941,569
2021-10-08,Santa Barbara,083,443738,43400,42735,1586,44321,514
2021-10-08,Santa Clara,085,1922200,143647,142298,1199,143497,1873
2021-10-08,Santa Cruz,087,273765,19896,19635,992,20627,217
2021-10-08,Shasta,089,179085,19983,19437,3356,22793,290
2021-10-08,Sierra,091,2930,159,141,15,156,0
2021-10-08,Siskiyou,093,43540,3231,3124,1202,4326,42
2021-10-08,Solano,095,438530,45020,44265,1200,45465,329
2021-10-08,Sonoma,097,501317,40194,39848,501,40349,387
2021-10-08,Stanislaus,099,539301,76019,74899,8500,83399,1114
2021-10-08,Sutter,101,95872,13476,13314,291,13605,165
2021-10-08,Tehama,103,63373,7875,7670,1327,8997,99
2021-10-08,Trinity,105,12862,806,660,205,865,11
2021-10-08,Tulare,107,460477,65018,63398,13814,77212,932
2021-10-08,Tuolumne,109,53932,6614,6521,78,6599,89
2021-10-08,Ventura,111,848112,96349,95542,4230,99772,1158
2021-10-08,Yolo,113,214977,19094,18850,1033,19883,247
2021-10-08,Yuba,115,75493,9710,9551,241,9792,69
2021-10-07,Alameda,001,1643700,117125,116253,2737,118990,1356
2021-10-07,Alpine,003,1148,99,102,0,102,0
2021-10-07,Amador,005,37829,5307,5237,56,5293,62
2021-10-07,Butte,007,227075,19717,19277,3552,22829,250
2021-10-07,Calaveras,009,45235,3739,3716,44,3760,75
2021-10-07,Colusa,011,21464,2450,2419,581,3000,18
2021-10-07,Contra Costa,013,1133247,97046,96378,2050,98428,958
2021-10-07,Del Norte,015,27424,3583,3495,48,3543,39
2021-10-07,El Dorado,017,186661,15374,15153,1591,16744,144
2021-10-07,Fresno,019,978130,132576,130508,11687,142195,2018
2021-10-07,Glenn,021,27897,3335,3277,936,4213,26
2021-10-07,Humboldt,023,135768,8606,8448,465,8913,97
2021-10-07,Imperial,025,180216,32289,31989,3218,35207,760
2021-10-07,Inyo,027,18085,1891,1808,39,1847,39
2021-10-07,Kern,029,883053,121593,119795,19911,139706,1559
2021-10-07,Kings,031,150075,30474,29894,1778,31672,308
2021-10-07,Lake,033,64148,6406,6283,128,6411,97
2021-10-07,Lassen,035,31185,6569,6442,313,6755,25
2021-10-07,Los Angeles,037,10098052,1412374,1402810,53046,1455856,26280
2021-10-07,Madera,039,155013,21716,21313,1833,23146,271
2021-10-07,Marin,041,260295,17171,17049,428,17477,242
2021-10-07,Mariposa,043,17540,1094,1042,34,1076,5
2021-10-07,Mendocino,045,87422,7132,7011,417,7428,82
2021-10-07,Merced,047,269075,40151,39784,1553,41337,565
2021-10-07,Modoc,049,8938,495,477,175,652,5
2021-10-07,Mono,051,14174,1618,1577,19,1596,3
2021-10-07,Monterey,053,433212,48067,47168,2735,49903,577
2021-10-07,Napa,055,140530,12684,12586,101,12687,96
2021-10-07,Nevada,057,99092,8732,8613,305,8918,90
2021-10-07,Orange,059,3164182,301440,299089,14449,313538,5457
2021-10-07,Placer,061,380077,35372,34877,3427,38304,393
2021-10-07,Plumas,063,18699,1510,1418,26,1444,6
2021-10-07,Riverside,065,2383286,354485,350082,16171,366253,4965
2021-10-07,Sacramento,067,1510023,152777,151566,4175,155741,2160
2021-10-07,San Benito,069,59416,7174,7123,154,7277,71
2021-10-07,San Bernardino,071,2135413,345771,343452,10835,354287,5556
2021-10-07,San Diego,073,3302833,362881,359909,21036,380945,4111
2021-10-07,San Francisco,075,870044,51626,50960,2226,53186,643
2021-10-07,San Joaquin,077,732212,96638,95606,5245,100851,1669
2021-10-07,San Luis Obispo,079,281455,28578,28197,1160,29357,324
2021-10-07,San Mateo,081,765935,53045,52121,818,52939,569
2021-10-07,Santa Barbara,083,443738,43331,42735,1580,44315,514
2021-10-07,Santa Clara,085,1922200,143496,142298,1193,143491,1873
2021-10-07,Santa Cruz,087,273765,19876,19635,991,20626,217
2021-10-07,Shasta,089,179085,19894,19437,3340,22777,290
2021-10-07,Sierra,091,2930,159,141,15,156,0
2021-10-07,Siskiyou,093,43540,3227,3124,1197,4321,42
2021-10-07,Solano,095,438530,44975,44265,1196,45461,329
2021-10-07,Sonoma,097,501317,40157,39848,499,40347,387
2021-10-07,Stanislaus,099,539301,75858,74899,8475,83374,1114
2021-10-07,Sutter,101,95872,13454,13314,288,13602,165
2021-10-07,Tehama,103,63373,7843,7670,1321,8991,99
2021-10-07,Trinity,105,12862,804,660,205,865,11
2021-10-07,Tulare,107,460477,64854,63398,13776,77174,932
2021-10-07,Tuolumne,109,53932,6592,6521,78,6599,89
2021-10-07,Ventura,111,848112,96276,95542,4227,99769,1158
2021-10-07,Yolo,113,214977,19061,18850,1028,19878,247
2021-10-07,Yuba,115,75493,9684,9551,234,9785,69
2021-10-06,Alameda,001,1643700,116988,116058,2731,118789,1353
2021-10-06,Alpine,003,1148,99,102,0,102,0
2021-10-06,Amador,005,37829,5304,5205,56,5261,62
2021-10-06,Butte,007,227075,19654,19208,3545,22753,247
2021-10-06,Calaveras,009,45235,3730,3669,44,3713,75
2021-10-06,Colusa,011,21464,2448,2414,574,2988,18
2021-10-06,Contra Costa,013,1133247,96919,96184,2046,98230,953
2021-10-06,Del Norte,015,27424,3580,3490,45,3535,39
2021-10-06,El Dorado,017,186661,15349,15078,1589,16667,140
2021-10-06,Fresno,019,978130,132288,130074,11661,141735,2008
2021-10-06,Glenn,021,27897,3325,3270,933,4203,26
2021-10-06,Humboldt,023,135768,8591,8416,458,8874,94
2021-10-06,Imperial,025,180216,32236,31930,3206,35136,760
2021-10-06,Inyo,027,18085,1876,1806,39,1845,39
2021-10-06,Kern,029,883053,121336,119491,19818,139309,1552
2021-10-06,Kings,031,150075,30408,29785,1770,31555,308
2021-10-06,Lake,033,64148,6392,6271,128,6399,97
2021-10-06,Lassen,035,31185,6553,6429,312,6741,25
2021-10-06,Los Angeles,037,10098052,1411416,1401675,52999,1454674,26252
2021-10-06,Madera,039,155013,21661,21230,1823,23053,269
2021-10-06,Marin,041,260295,17162,17042,425,17467,242
2021-10-06,Mariposa,043,17540,1087,1036,34,1070,5
2021-10-06,Mendocino,045,87422,7123,6986,416,7402,81
2021-10-06,Merced,047,269075,40073,39666,1544,41210,563
2021-10-06,Modoc,049,8938,495,477,173,650,5
2021-10-06,Mono,051,14174,1605,1568,19,1587,3
2021-10-06,Monterey,053,433212,48035,47136,2730,49866,577
2021-10-06,Napa,055,140530,12660,12552,100,12652,96
2021-10-06,Nevada,057,99092,8716,8582,304,8886,90
2021-10-06,Orange,059,3164182,301203,298785,14436,313221,5448
2021-10-06,Placer,061,380077,35321,34764,3420,38184,390
2021-10-06,Plumas,063,18699,1487,1383,26,1409,6
2021-10-06,Riverside,065,2383286,354129,349645,16150,365795,4953
2021-10-06,Sacramento,067,1510023,152524,151164,4144,155308,2141
2021-10-06,San Benito,069,59416,7159,7108,154,7262,69
2021-10-06,San Bernardino,071,2135413,345476,343022,10828,353850,5551
2021-10-06,San Diego,073,3302833,362382,359564,21008,380572,4104
2021-10-06,San Francisco,075,870044,51563,50894,2223,53117,641
2021-10-06,San Joaquin,077,732212,96503,95418,5233,100651,1658
2021-10-06,San Luis Obispo,079,281455,28528,28170,1154,29324,323
2021-10-06,San Mateo,081,765935,52995,52056,813,52869,569
2021-10-06,Santa Barbara,083,443738,43248,42687,1578,44265,513
2021-10-06,Santa Clara,085,1922200,143345,142124,1188,143312,1872
2021-10-06,Santa Cruz,087,273765,19847,19604,989,20593,217
2021-10-06,Shasta,089,179085,19819,19325,3327,22652,287
2021-10-06,Sierra,091,2930,157,138,15,153,0
2021-10-06,Siskiyou,093,43540,3217,3116,1190,4306,42
2021-10-06,Solano,095,438530,44941,44185,1195,45380,328
2021-10-06,Sonoma,097,501317,40107,39787,499,40286,383
2021-10-06,Stanislaus,099,539301,75716,74699,8462,83161,1114
2021-10-06,Sutter,101,95872,13433,13284,286,13570,164
2021-10-06,Tehama,103,63373,7807,7629,1314,8943,99
2021-10-06,Trinity,105,12862,801,656,205,861,11
2021-10-06,Tulare,107,460477,64678,63198,13718,76916,926
2021-10-06,Tuolumne,109,53932,6567,6486,78,6564,89
2021-10-06,Ventura,111,848112,96185,95449,4219,99668,1158
2021-10-06,Yolo,113,214977,19029,18815,1023,19838,247
2021-10-06,Yuba,115,75493,9660,9520,233,9753,69
2021-10-05,Alameda,001,1643700,116844,115968,2725,118693,1350
2021-10-05,Alpine,003,1148,99,102,0,102,0
2021-10-05,Amador,005,37829,5283,5194,55,5249,61
2021-10-05,Butte,007,227075,19606,19137,3535,22672,246
2021-10-05,Calaveras,009,45235,3714,3657,44,3701,73
2021-10-05,Colusa,011,21464,2441,2414,573,2987,18
2021-10-05,Contra Costa,013,1133247,96803,96108,2039,98147,941
2021-10-05,Del Norte,015,27424,3578,3485,44,3529,39
2021-10-05,El Dorado,017,186661,15310,15052,1586,16638,140
2021-10-05,Fresno,019,978130,131949,129957,11631,141588,1987
2021-10-05,Glenn,021,27897,3316,3270,929,4199,26
2021-10-05,Humboldt,023,135768,8559,8398,454,8852,94
2021-10-05,Imperial,025,180216,32188,31909,3201,35110,759
2021-10-05,Inyo,027,18085,1859,1800,39,1839,39
2021-10-05,Kern,029,883053,121069,119260,19717,138977,1540
2021-10-05,Kings,031,150075,30333,29749,1764,31513,301
2021-10-05,Lake,033,64148,6371,6264,127,6391,97
2021-10-05,Lassen,035,31185,6534,6417,310,6727,25
2021-10-05,Los Angeles,037,10098052,1410272,1400300,52947,1453247,26223
2021-10-05,Madera,039,155013,21603,21183,1810,22993,269
2021-10-05,Marin,041,260295,17150,17024,425,17449,242
2021-10-05,Mariposa,043,17540,1068,1033,31,1064,5
2021-10-05,Mendocino,045,87422,7107,6972,409,7381,79
2021-10-05,Merced,047,269075,40007,39608,1535,41143,562
2021-10-05,Modoc,049,8938,491,475,172,647,5
2021-10-05,Mono,051,14174,1598,1565,19,1584,3
2021-10-05,Monterey,053,433212,48018,47087,2720,49807,573
2021-10-05,Napa,055,140530,12636,12533,100,12633,96
2021-10-05,Nevada,057,99092,8686,8576,304,8880,90
2021-10-05,Orange,059,3164182,300927,298589,14404,312993,5441
2021-10-05,Placer,061,380077,35241,34728,3413,38141,382
2021-10-05,Plumas,063,18699,1462,1357,26,1383,6
2021-10-05,Riverside,065,2383286,353769,349365,16135,365500,4942
2021-10-05,Sacramento,067,1510023,152251,151111,4115,155226,2126
2021-10-05,San Benito,069,59416,7141,7103,152,7255,69
2021-10-05,San Bernardino,071,2135413,345148,342711,10821,353532,5557
2021-10-05,San Diego,073,3302833,361798,359194,20981,380175,4092
2021-10-05,San Francisco,075,870044,51466,50826,2220,53046,641
2021-10-05,San Joaquin,077,732212,96350,95276,5206,100482,1651
2021-10-05,San Luis Obispo,079,281455,28484,28113,1152,29265,324
2021-10-05,San Mateo,081,765935,52950,52008,813,52821,569
2021-10-05,Santa Barbara,083,443738,43169,42595,1574,44169,511
2021-10-05,Santa Clara,085,1922200,143187,141971,1181,143152,1873
2021-10-05,Santa Cruz,087,273765,19805,19582,989,20571,216
2021-10-05,Shasta,089,179085,19746,19285,3314,22599,286
2021-10-05,Sierra,091,2930,153,136,15,151,0
2021-10-05,Siskiyou,093,43540,3203,3107,1190,4297,42
2021-10-05,Solano,095,438530,44870,44149,1193,45342,325
2021-10-05,Sonoma,097,501317,40052,39756,494,40250,383
2021-10-05,Stanislaus,099,539301,75554,74599,8445,83044,1114
2021-10-05,Sutter,101,95872,13405,13270,285,13555,164
2021-10-05,Tehama,103,63373,7779,7607,1305,8912,98
2021-10-05,Trinity,105,12862,798,655,205,860,11
2021-10-05,Tulare,107,460477,64475,63093,13664,76757,920
2021-10-05,Tuolumne,109,53932,6552,6473,77,6550,89
2021-10-05,Ventura,111,848112,96078,95351,4218,99569,1155
2021-10-05,Yolo,113,214977,18993,18782,1017,19799,245
2021-10-05,Yuba,115,75493,9628,9504,230,9734,69
2021-10-04,Alameda,001,1643700,116681,115845,2722,118567,1347
2021-10-04,Alpine,003,1148,99,102,0,102,0
2021-10-04,Amador,005,37829,5273,5163,54,5217,61
2021-10-04,Butte,007,227075,19529,19081,3523,22604,245
2021-10-04,Calaveras,009,45235,3705,3641,44,3685,73
2021-10-04,Colusa,011,21464,2440,2414,572,2986,18
2021-10-04,Contra Costa,013,1133247,96661,95958,2034,97992,937
2021-10-04,Del Norte,015,27424,3576,3485,40,3525,39
2021-10-04,El Dorado,017,186661,15262,15031,1579,16610,138
2021-10-04,Fresno,019,978130,131641,129665,11610,141275,1978
2021-10-04,Glenn,021,27897,3310,3270,923,4193,26
2021-10-04,Humboldt,023,135768,8525,8355,446,8801,94
2021-10-04,Imperial,025,180216,32139,31866,3194,35060,757
2021-10-04,Inyo,027,18085,1847,1792,36,1828,39
2021-10-04,Kern,029,883053,120781,118984,19596,138580,1531
2021-10-04,Kings,031,150075,30240,29702,1761,31463,303
2021-10-04,Lake,033,64148,6358,6248,127,6375,97
2021-10-04,Lassen,035,31185,6518,6405,310,6715,25
2021-10-04,Los Angeles,037,10098052,1409159,1399604,52888,1452492,26186
2021-10-04,Madera,039,155013,21539,21126,1799,22925,266
2021-10-04,Marin,041,260295,17134,17008,424,17432,242
2021-10-04,Mariposa,043,17540,1056,1024,31,1055,5
2021-10-04,Mendocino,045,87422,7089,6947,406,7353,79
2021-10-04,Merced,047,269075,39892,39565,1518,41083,558
2021-10-04,Modoc,049,8938,488,473,172,645,5
2021-10-04,Mono,051,14174,1591,1561,19,1580,3
2021-10-04,Monterey,053,433212,47997,47058,2713,49771,571
2021-10-04,Napa,055,140530,12612,12506,100,12606,96
2021-10-04,Nevada,057,99092,8666,8563,304,8867,90
2021-10-04,Orange,059,3164182,300632,298165,14372,312537,5438
2021-10-04,Placer,061,380077,35157,34630,3385,38015,379
2021-10-04,Plumas,063,18699,1440,1329,26,1355,6
2021-10-04,Riverside,065,2383286,353389,348828,16125,364953,4923
2021-10-04,Sacramento,067,1510023,151928,150887,4088,154975,2115
2021-10-04,San Benito,069,59416,7128,7099,152,7251,69
2021-10-04,San Bernardino,071,2135413,344791,342418,10809,353227,5551
2021-10-04,San Diego,073,3302833,361219,358525,20950,379475,4090
2021-10-04,San Francisco,075,870044,51371,50798,2216,53014,638
2021-10-04,San Joaquin,077,732212,96152,95198,5186,100384,1649
2021-10-04,San Luis Obispo,079,281455,28439,28090,1146,29236,323
2021-10-04,San Mateo,081,765935,52890,51958,812,52770,569
2021-10-04,Santa Barbara,083,443738,43086,42585,1573,44158,511
2021-10-04,Santa Clara,085,1922200,143043,141840,1175,143015,1869
2021-10-04,Santa Cruz,087,273765,19776,19559,988,20547,216
2021-10-04,Shasta,089,179085,19639,19170,3300,22470,279
2021-10-04,Sierra,091,2930,146,136,14,150,0
2021-10-04,Siskiyou,093,43540,3194,3103,1175,4278,42
2021-10-04,Solano,095,438530,44811,44092,1189,45281,322
2021-10-04,Sonoma,097,501317,39987,39720,494,40214,381
2021-10-04,Stanislaus,099,539301,75401,74444,8426,82870,1106
2021-10-04,Sutter,101,95872,13376,13261,284,13545,164
2021-10-04,Tehama,103,63373,7738,7585,1299,8884,95
2021-10-04,Trinity,105,12862,797,649,204,853,11
2021-10-04,Tulare,107,460477,64288,62957,13597,76554,920
2021-10-04,Tuolumne,109,53932,6526,6442,77,6519,89
2021-10-04,Ventura,111,848112,95986,95170,4212,99382,1153
2021-10-04,Yolo,113,214977,18949,18761,1012,19773,242
2021-10-04,Yuba,115,75493,9589,9481,228,9709,68
2021-10-03,Alameda,001,1643700,116541,115751,2712,118463,1349
2021-10-03,Alpine,003,1148,99,102,0,102,0
2021-10-03,Amador,005,37829,5255,5160,52,5212,61
2021-10-03,Butte,007,227075,19456,19066,3507,22573,245
2021-10-03,Calaveras,009,45235,3688,3632,44,3676,73
2021-10-03,Colusa,011,21464,2439,2413,569,2982,18
2021-10-03,Contra Costa,013,1133247,96528,95890,2027,97917,937
2021-10-03,Del Norte,015,27424,3570,3483,39,3522,39
2021-10-03,El Dorado,017,186661,15204,15014,1572,16586,139
2021-10-03,Fresno,019,978130,131261,129365,11575,140940,1978
2021-10-03,Glenn,021,27897,3298,3266,915,4181,26
2021-10-03,Humboldt,023,135768,8480,8352,442,8794,94
2021-10-03,Imperial,025,180216,32072,31844,3185,35029,757
2021-10-03,Inyo,027,18085,1826,1788,36,1824,39
2021-10-03,Kern,029,883053,120477,118851,19474,138325,1535
2021-10-03,Kings,031,150075,30139,29623,1754,31377,300
2021-10-03,Lake,033,64148,6332,6239,127,6366,97
2021-10-03,Lassen,035,31185,6496,6400,308,6708,25
2021-10-03,Los Angeles,037,10098052,1407888,1398790,52833,1451623,26179
2021-10-03,Madera,039,155013,21467,21066,1789,22855,266
2021-10-03,Marin,041,260295,17111,16995,419,17414,242
2021-10-03,Mariposa,043,17540,1049,1011,31,1042,5
2021-10-03,Mendocino,045,87422,7069,6939,397,7336,79
2021-10-03,Merced,047,269075,39784,39516,1501,41017,558
2021-10-03,Modoc,049,8938,487,472,171,643,5
2021-10-03,Mono,051,14174,1587,1554,19,1573,3
2021-10-03,Monterey,053,433212,47972,47049,2702,49751,571
2021-10-03,Napa,055,140530,12584,12489,98,12587,96
2021-10-03,Nevada,057,99092,8631,8545,304,8849,90
2021-10-03,Orange,059,3164182,300351,298027,14352,312379,5447
2021-10-03,Placer,061,380077,35019,34596,3368,37964,379
2021-10-03,Plumas,063,18699,1412,1328,26,1354,6
2021-10-03,Riverside,065,2383286,352958,348593,16105,364698,4924
2021-10-03,Sacramento,067,1510023,151638,150664,4060,154724,2120
2021-10-03,San Benito,069,59416,7119,7095,152,7247,69
2021-10-03,San Bernardino,071,2135413,344384,342302,10802,353104,5555
2021-10-03,San Diego,073,3302833,360623,358153,20918,379071,4081
2021-10-03,San Francisco,075,870044,51283,50733,2213,52946,638
2021-10-03,San Joaquin,077,732212,95962,95133,5178,100311,1649
2021-10-03,San Luis Obispo,079,281455,28372,28065,1141,29206,325
2021-10-03,San Mateo,081,765935,52823,51923,811,52734,569
2021-10-03,Santa Barbara,083,443738,42991,42550,1565,44115,511
2021-10-03,Santa Clara,085,1922200,142873,141737,1167,142904,1869
2021-10-03,Santa Cruz,087,273765,19736,19548,986,20534,216
2021-10-03,Shasta,089,179085,19534,19132,3270,22402,279
2021-10-03,Sierra,091,2930,143,136,14,150,0
2021-10-03,Siskiyou,093,43540,3181,3096,1164,4260,42
2021-10-03,Solano,095,438530,44747,44051,1186,45237,322
2021-10-03,Sonoma,097,501317,39921,39679,494,40173,381
2021-10-03,Stanislaus,099,539301,75213,74366,8408,82774,1106
2021-10-03,Sutter,101,95872,13361,13248,280,13528,164
2021-10-03,Tehama,103,63373,7695,7564,1294,8858,94
2021-10-03,Trinity,105,12862,793,647,202,849,11
2021-10-03,Tulare,107,460477,64092,62860,13524,76384,924
2021-10-03,Tuolumne,109,53932,6497,6430,75,6505,89
2021-10-03,Ventura,111,848112,95881,95108,4209,99317,1153
2021-10-03,Yolo,113,214977,18919,18720,1005,19725,242
2021-10-03,Yuba,115,75493,9571,9462,227,9689,68
2021-10-02,Alameda,001,1643700,116435,115185,2708,117893,1343
2021-10-02,Alpine,003,1148,99,102,0,102,0
2021-10-02,Amador,005,37829,5246,5105,52,5157,61
2021-10-02,Butte,007,227075,19425,18911,3500,22411,243
2021-10-02,Calaveras,009,45235,3681,3585,44,3629,72
2021-10-02,Colusa,011,21464,2438,2403,567,2970,18
2021-10-02,Contra Costa,013,1133247,96457,95369,2023,97392,933
2021-10-02,Del Norte,015,27424,3565,3468,39,3507,39
2021-10-02,El Dorado,017,186661,15178,14887,1571,16458,136
2021-10-02,Fresno,019,978130,131090,128450,11564,140014,1964
2021-10-02,Glenn,021,27897,3298,3234,915,4149,26
2021-10-02,Humboldt,023,135768,8461,8244,442,8686,94
2021-10-02,Imperial,025,180216,32038,31674,3181,34855,757
2021-10-02,Inyo,027,18085,1817,1746,36,1782,39
2021-10-02,Kern,029,883053,120344,117962,19391,137353,1524
2021-10-02,Kings,031,150075,30090,29339,1751,31090,301
2021-10-02,Lake,033,64148,6323,6191,127,6318,97
2021-10-02,Lassen,035,31185,6491,6360,308,6668,25
2021-10-02,Los Angeles,037,10098052,1407283,1395070,52796,1447866,26126
2021-10-02,Madera,039,155013,21442,20931,1780,22711,266
2021-10-02,Marin,041,260295,17106,16936,416,17352,242
2021-10-02,Mariposa,043,17540,1047,967,31,998,5
2021-10-02,Mendocino,045,87422,7059,6869,397,7266,78
2021-10-02,Merced,047,269075,39757,39196,1498,40694,552
2021-10-02,Modoc,049,8938,485,468,171,639,5
2021-10-02,Mono,051,14174,1585,1540,19,1559,3
2021-10-02,Monterey,053,433212,47919,46964,2701,49665,571
2021-10-02,Napa,055,140530,12574,12433,98,12531,96
2021-10-02,Nevada,057,99092,8620,8474,303,8777,87
2021-10-02,Orange,059,3164182,300185,297307,14332,311639,5435
2021-10-02,Placer,061,380077,34953,34377,3359,37736,381
2021-10-02,Plumas,063,18699,1401,1298,26,1324,6
2021-10-02,Riverside,065,2383286,352717,347227,16094,363321,4895
2021-10-02,Sacramento,067,1510023,151464,149897,4052,153949,2099
2021-10-02,San Benito,069,59416,7112,7055,152,7207,69
2021-10-02,San Bernardino,071,2135413,344201,341212,10752,351964,5540
2021-10-02,San Diego,073,3302833,360301,356454,20896,377350,4078
2021-10-02,San Francisco,075,870044,51234,50393,2208,52601,634
2021-10-02,San Joaquin,077,732212,95897,94599,5172,99771,1646
2021-10-02,San Luis Obispo,079,281455,28349,27915,1141,29056,323
2021-10-02,San Mateo,081,765935,52782,51767,807,52574,573
2021-10-02,Santa Barbara,083,443738,42951,42423,1565,43988,508
2021-10-02,Santa Clara,085,1922200,142759,141231,1163,142394,1862
2021-10-02,Santa Cruz,087,273765,19719,19461,985,20446,214
2021-10-02,Shasta,089,179085,19488,18912,3264,22176,270
2021-10-02,Sierra,091,2930,142,131,14,145,0
2021-10-02,Siskiyou,093,43540,3180,3053,1161,4214,42
2021-10-02,Solano,095,438530,44702,43800,1185,44985,321
2021-10-02,Sonoma,097,501317,39887,39497,493,39990,382
2021-10-02,Stanislaus,099,539301,75127,73859,8394,82253,1099
2021-10-02,Sutter,101,95872,13352,13160,279,13439,160
2021-10-02,Tehama,103,63373,7680,7453,1294,8747,93
2021-10-02,Trinity,105,12862,790,625,202,827,10
2021-10-02,Tulare,107,460477,64018,62247,13497,75744,908
2021-10-02,Tuolumne,109,53932,6483,6369,75,6444,89
2021-10-02,Ventura,111,848112,95809,94854,4204,99058,1148
2021-10-02,Yolo,113,214977,18894,18640,1001,19641,242
2021-10-02,Yuba,115,75493,9552,9370,226,9596,66
2021-10-01,Alameda,001,1643700,116359,115185,2702,117887,1343
2021-10-01,Alpine,003,1148,99,102,0,102,0
2021-10-01,Amador,005,37829,5226,5105,52,5157,61
2021-10-01,Butte,007,227075,19384,18911,3494,22405,243
2021-10-01,Calaveras,009,45235,3671,3585,44,3629,72
2021-10-01,Colusa,011,21464,2436,2403,567,2970,18
2021-10-01,Contra Costa,013,1133247,96358,95369,2019,97388,933
2021-10-01,Del Norte,015,27424,3562,3468,38,3506,39
2021-10-01,El Dorado,017,186661,15160,14887,1567,16454,136
2021-10-01,Fresno,019,978130,130902,128450,11555,140005,1964
2021-10-01,Glenn,021,27897,3298,3234,913,4147,26
2021-10-01,Humboldt,023,135768,8445,8244,442,8686,94
2021-10-01,Imperial,025,180216,32020,31674,3172,34846,757
2021-10-01,Inyo,027,18085,1808,1746,36,1782,39
2021-10-01,Kern,029,883053,120192,117962,19333,137295,1524
2021-10-01,Kings,031,150075,30056,29339,1745,31084,301
2021-10-01,Lake,033,64148,6313,6191,127,6318,97
2021-10-01,Lassen,035,31185,6480,6360,306,6666,25
2021-10-01,Los Angeles,037,10098052,1406523,1395070,52751,1447821,26126
2021-10-01,Madera,039,155013,21392,20931,1771,22702,266
2021-10-01,Marin,041,260295,17091,16936,415,17351,242
2021-10-01,Mariposa,043,17540,1040,967,31,998,5
2021-10-01,Mendocino,045,87422,7047,6869,397,7266,78
2021-10-01,Merced,047,269075,39712,39196,1489,40685,552
2021-10-01,Modoc,049,8938,484,468,171,639,5
2021-10-01,Mono,051,14174,1582,1540,19,1559,3
2021-10-01,Monterey,053,433212,47898,46964,2698,49662,571
2021-10-01,Napa,055,140530,12564,12433,97,12530,96
2021-10-01,Nevada,057,99092,8606,8474,302,8776,87
2021-10-01,Orange,059,3164182,300001,297307,14312,311619,5435
2021-10-01,Placer,061,380077,34919,34377,3355,37732,381
2021-10-01,Plumas,063,18699,1392,1298,26,1324,6
2021-10-01,Riverside,065,2383286,352424,347227,16086,363313,4895
2021-10-01,Sacramento,067,1510023,151313,149897,4041,153938,2099
2021-10-01,San Benito,069,59416,7110,7055,150,7205,69
2021-10-01,San Bernardino,071,2135413,344002,341212,10749,351961,5540
2021-10-01,San Diego,073,3302833,359934,356454,20875,377329,4078
2021-10-01,San Francisco,075,870044,51193,50393,2206,52599,634
2021-10-01,San Joaquin,077,732212,95827,94599,5168,99767,1646
2021-10-01,San Luis Obispo,079,281455,28326,27915,1138,29053,323
2021-10-01,San Mateo,081,765935,52742,51767,804,52571,573
2021-10-01,Santa Barbara,083,443738,42915,42423,1565,43988,508
2021-10-01,Santa Clara,085,1922200,142666,141231,1158,142389,1862
2021-10-01,Santa Cruz,087,273765,19699,19461,984,20445,214
2021-10-01,Shasta,089,179085,19434,18912,3256,22168,270
2021-10-01,Sierra,091,2930,142,131,14,145,0
2021-10-01,Siskiyou,093,43540,3179,3053,1158,4211,42
2021-10-01,Solano,095,438530,44650,43800,1179,44979,321
2021-10-01,Sonoma,097,501317,39855,39497,492,39989,382
2021-10-01,Stanislaus,099,539301,75043,73859,8383,82242,1099
2021-10-01,Sutter,101,95872,13336,13160,277,13437,160
2021-10-01,Tehama,103,63373,7668,7453,1292,8745,93
2021-10-01,Trinity,105,12862,788,625,202,827,10
2021-10-01,Tulare,107,460477,63915,62247,13462,75709,908
2021-10-01,Tuolumne,109,53932,6466,6369,75,6444,89
2021-10-01,Ventura,111,848112,95742,94854,4199,99053,1148
2021-10-01,Yolo,113,214977,18870,18640,998,19638,242
2021-10-01,Yuba,115,75493,9530,9370,226,9596,66
2021-09-30,Alameda,001,1643700,116214,115185,2699,117884,1343
2021-09-30,Alpine,003,1148,99,102,0,102,0
2021-09-30,Amador,005,37829,5214,5105,52,5157,61
2021-09-30,Butte,007,227075,19335,18911,3485,22396,243
2021-09-30,Calaveras,009,45235,3657,3585,44,3629,72
2021-09-30,Colusa,011,21464,2433,2403,566,2969,18
2021-09-30,Contra Costa,013,1133247,96254,95369,2013,97382,933
2021-09-30,Del Norte,015,27424,3558,3468,35,3503,39
2021-09-30,El Dorado,017,186661,15135,14887,1559,16446,136
2021-09-30,Fresno,019,978130,130625,128450,11526,139976,1964
2021-09-30,Glenn,021,27897,3287,3234,913,4147,26
2021-09-30,Humboldt,023,135768,8413,8244,436,8680,94
2021-09-30,Imperial,025,180216,31968,31674,3169,34843,757
2021-09-30,Inyo,027,18085,1798,1746,36,1782,39
2021-09-30,Kern,029,883053,119948,117962,19251,137213,1524
2021-09-30,Kings,031,150075,29967,29339,1741,31080,301
2021-09-30,Lake,033,64148,6295,6191,127,6318,97
2021-09-30,Lassen,035,31185,6466,6360,306,6666,25
2021-09-30,Los Angeles,037,10098052,1405317,1395070,52692,1447762,26126
2021-09-30,Madera,039,155013,21309,20931,1756,22687,266
2021-09-30,Marin,041,260295,17071,16936,414,17350,242
2021-09-30,Mariposa,043,17540,1018,967,31,998,5
2021-09-30,Mendocino,045,87422,7038,6869,388,7257,78
2021-09-30,Merced,047,269075,39615,39196,1486,40682,552
2021-09-30,Modoc,049,8938,484,468,170,638,5
2021-09-30,Mono,051,14174,1574,1540,19,1559,3
2021-09-30,Monterey,053,433212,47869,46964,2686,49650,571
2021-09-30,Napa,055,140530,12544,12433,97,12530,96
2021-09-30,Nevada,057,99092,8589,8474,301,8775,87
2021-09-30,Orange,059,3164182,299729,297307,14273,311580,5435
2021-09-30,Placer,061,380077,34867,34377,3334,37711,381
2021-09-30,Plumas,063,18699,1374,1298,26,1324,6
2021-09-30,Riverside,065,2383286,351991,347227,16065,363292,4895
2021-09-30,Sacramento,067,1510023,151057,149897,4015,153912,2099
2021-09-30,San Benito,069,59416,7104,7055,150,7205,69
2021-09-30,San Bernardino,071,2135413,343691,341212,10734,351946,5540
2021-09-30,San Diego,073,3302833,359440,356454,20849,377303,4078
2021-09-30,San Francisco,075,870044,51116,50393,2202,52595,634
2021-09-30,San Joaquin,077,732212,95698,94599,5160,99759,1646
2021-09-30,San Luis Obispo,079,281455,28278,27915,1134,29049,323
2021-09-30,San Mateo,081,765935,52693,51767,801,52568,573
2021-09-30,Santa Barbara,083,443738,42859,42423,1564,43987,508
2021-09-30,Santa Clara,085,1922200,142515,141231,1155,142386,1862
2021-09-30,Santa Cruz,087,273765,19659,19461,983,20444,214
2021-09-30,Shasta,089,179085,19372,18912,3241,22153,270
2021-09-30,Sierra,091,2930,141,131,14,145,0
2021-09-30,Siskiyou,093,43540,3171,3053,1153,4206,42
2021-09-30,Solano,095,438530,44598,43800,1176,44976,321
2021-09-30,Sonoma,097,501317,39806,39497,492,39989,382
2021-09-30,Stanislaus,099,539301,74883,73859,8363,82222,1099
2021-09-30,Sutter,101,95872,13315,13160,277,13437,160
2021-09-30,Tehama,103,63373,7631,7453,1281,8734,93
2021-09-30,Trinity,105,12862,784,625,202,827,10
2021-09-30,Tulare,107,460477,63741,62247,13403,75650,908
2021-09-30,Tuolumne,109,53932,6443,6369,75,6444,89
2021-09-30,Ventura,111,848112,95637,94854,4192,99046,1148
2021-09-30,Yolo,113,214977,18831,18640,994,19634,242
2021-09-30,Yuba,115,75493,9507,9370,225,9595,66
2021-09-29,Alameda,001,1643700,116065,114998,2696,117694,1339
2021-09-29,Alpine,003,1148,99,101,0,101,0
2021-09-29,Amador,005,37829,5192,5058,52,5110,61
2021-09-29,Butte,007,227075,19281,18835,3478,22313,242
2021-09-29,Calaveras,009,45235,3640,3553,43,3596,72
2021-09-29,Colusa,011,21464,2431,2401,566,2967,18
2021-09-29,Contra Costa,013,1133247,96140,95213,2005,97218,929
2021-09-29,Del Norte,015,27424,3552,3467,35,3502,39
2021-09-29,El Dorado,017,186661,15101,14834,1552,16386,136
2021-09-29,Fresno,019,978130,130327,128068,11507,139575,1957
2021-09-29,Glenn,021,27897,3280,3213,911,4124,26
2021-09-29,Humboldt,023,135768,8389,8203,435,8638,94
2021-09-29,Imperial,025,180216,31902,31600,3164,34764,757
2021-09-29,Inyo,027,18085,1788,1740,35,1775,39
2021-09-29,Kern,029,883053,119713,117605,19175,136780,1513
2021-09-29,Kings,031,150075,29883,29195,1726,30921,299
2021-09-29,Lake,033,64148,6275,6164,127,6291,97
2021-09-29,Lassen,035,31185,6452,6347,306,6653,25
2021-09-29,Los Angeles,037,10098052,1404106,1393617,52620,1446237,26098
2021-09-29,Madera,039,155013,21264,20818,1742,22560,266
2021-09-29,Marin,041,260295,17053,16921,412,17333,242
2021-09-29,Mariposa,043,17540,1004,963,31,994,5
2021-09-29,Mendocino,045,87422,7026,6821,380,7201,78
2021-09-29,Merced,047,269075,39521,39026,1475,40501,552
2021-09-29,Modoc,049,8938,482,468,170,638,5
2021-09-29,Mono,051,14174,1572,1527,19,1546,3
2021-09-29,Monterey,053,433212,47832,46917,2673,49590,571
2021-09-29,Napa,055,140530,12524,12416,93,12509,96
2021-09-29,Nevada,057,99092,8576,8434,301,8735,87
2021-09-29,Orange,059,3164182,299461,296936,14237,311173,5429
2021-09-29,Placer,061,380077,34803,34271,3311,37582,379
2021-09-29,Plumas,063,18699,1355,1289,26,1315,6
2021-09-29,Riverside,065,2383286,351557,346558,16052,362610,4886
2021-09-29,Sacramento,067,1510023,150806,149686,4005,153691,2099
2021-09-29,San Benito,069,59416,7093,7039,150,7189,69
2021-09-29,San Bernardino,071,2135413,343373,340672,10720,351392,5539
2021-09-29,San Diego,073,3302833,358938,355899,20819,376718,4066
2021-09-29,San Francisco,075,870044,51031,50286,2199,52485,629
2021-09-29,San Joaquin,077,732212,95541,94356,5138,99494,1645
2021-09-29,San Luis Obispo,079,281455,28232,27800,1128,28928,323
2021-09-29,San Mateo,081,765935,52634,51673,799,52472,573
2021-09-29,Santa Barbara,083,443738,42787,42328,1561,43889,507
2021-09-29,Santa Clara,085,1922200,142381,141036,1149,142185,1861
2021-09-29,Santa Cruz,087,273765,19641,19425,982,20407,214
2021-09-29,Shasta,089,179085,19306,18805,3229,22034,271
2021-09-29,Sierra,091,2930,137,130,14,144,0
2021-09-29,Siskiyou,093,43540,3158,3043,1146,4189,42
2021-09-29,Solano,095,438530,44542,43724,1169,44893,321
2021-09-29,Sonoma,097,501317,39745,39426,490,39916,370
2021-09-29,Stanislaus,099,539301,74752,73634,8352,81986,1096
2021-09-29,Sutter,101,95872,13288,13135,274,13409,155
2021-09-29,Tehama,103,63373,7601,7409,1266,8675,88
2021-09-29,Trinity,105,12862,780,616,202,818,10
2021-09-29,Tulare,107,460477,63571,62046,13344,75390,908
2021-09-29,Tuolumne,109,53932,6426,6336,75,6411,89
2021-09-29,Ventura,111,848112,95547,94753,4188,98941,1144
2021-09-29,Yolo,113,214977,18798,18587,989,19576,239
2021-09-29,Yuba,115,75493,9476,9351,221,9572,66
2021-09-28,Alameda,001,1643700,115904,114869,2689,117558,1333
2021-09-28,Alpine,003,1148,99,101,0,101,0
2021-09-28,Amador,005,37829,5170,5049,52,5101,61
2021-09-28,Butte,007,227075,19230,18764,3465,22229,241
2021-09-28,Calaveras,009,45235,3620,3530,43,3573,72
2021-09-28,Colusa,011,21464,2428,2399,564,2963,18
2021-09-28,Contra Costa,013,1133247,95998,95115,2000,97115,929
2021-09-28,Del Norte,015,27424,3549,3462,35,3497,39
2021-09-28,El Dorado,017,186661,15054,14793,1548,16341,133
2021-09-28,Fresno,019,978130,129981,127877,11480,139357,1948
2021-09-28,Glenn,021,27897,3274,3205,910,4115,26
2021-09-28,Humboldt,023,135768,8347,8159,432,8591,91
2021-09-28,Imperial,025,180216,31859,31543,3159,34702,757
2021-09-28,Inyo,027,18085,1774,1708,34,1742,39
2021-09-28,Kern,029,883053,119445,117420,19080,136500,1506
2021-09-28,Kings,031,150075,29783,29141,1718,30859,295
2021-09-28,Lake,033,64148,6260,6155,127,6282,95
2021-09-28,Lassen,035,31185,6446,6340,302,6642,25
2021-09-28,Los Angeles,037,10098052,1402812,1392445,52551,1444996,26068
2021-09-28,Madera,039,155013,21210,20764,1728,22492,266
2021-09-28,Marin,041,260295,17034,16887,410,17297,242
2021-09-28,Mariposa,043,17540,999,952,31,983,5
2021-09-28,Mendocino,045,87422,7004,6804,378,7182,78
2021-09-28,Merced,047,269075,39434,38953,1462,40415,551
2021-09-28,Modoc,049,8938,481,467,170,637,5
2021-09-28,Mono,051,14174,1562,1527,19,1546,3
2021-09-28,Monterey,053,433212,47795,46859,2664,49523,571
2021-09-28,Napa,055,140530,12507,12388,92,12480,96
2021-09-28,Nevada,057,99092,8553,8409,300,8709,84
2021-09-28,Orange,059,3164182,299208,296596,14209,310805,5421
2021-09-28,Placer,061,380077,34738,34187,3293,37480,370
2021-09-28,Plumas,063,18699,1346,1276,26,1302,6
2021-09-28,Riverside,065,2383286,351098,346096,16031,362127,4874
2021-09-28,Sacramento,067,1510023,150516,149310,3983,153293,2086
2021-09-28,San Benito,069,59416,7076,7028,149,7177,69
2021-09-28,San Bernardino,071,2135413,343025,340342,10703,351045,5540
2021-09-28,San Diego,073,3302833,358376,355373,20788,376161,4054
2021-09-28,San Francisco,075,870044,50929,50234,2198,52432,627
2021-09-28,San Joaquin,077,732212,95389,94194,5125,99319,1639
2021-09-28,San Luis Obispo,079,281455,28197,27755,1123,28878,321
2021-09-28,San Mateo,081,765935,52588,51620,798,52418,571
2021-09-28,Santa Barbara,083,443738,42715,42226,1560,43786,506
2021-09-28,Santa Clara,085,1922200,142219,140886,1140,142026,1858
2021-09-28,Santa Cruz,087,273765,19600,19324,981,20305,214
2021-09-28,Shasta,089,179085,19244,18701,3215,21916,267
2021-09-28,Sierra,091,2930,136,130,13,143,0
2021-09-28,Siskiyou,093,43540,3146,3032,1143,4175,42
2021-09-28,Solano,095,438530,44469,43652,1166,44818,316
2021-09-28,Sonoma,097,501317,39698,39395,489,39884,370
2021-09-28,Stanislaus,099,539301,74581,73528,8340,81868,1094
2021-09-28,Sutter,101,95872,13269,13102,270,13372,155
2021-09-28,Tehama,103,63373,7583,7382,1251,8633,88
2021-09-28,Trinity,105,12862,777,613,202,815,10
2021-09-28,Tulare,107,460477,63411,61916,13285,75201,905
2021-09-28,Tuolumne,109,53932,6400,6308,75,6383,89
2021-09-28,Ventura,111,848112,95421,94632,4185,98817,1143
2021-09-28,Yolo,113,214977,18772,18564,986,19550,239
2021-09-28,Yuba,115,75493,9457,9323,220,9543,66
2021-09-27,Alameda,001,1643700,115715,114731,2680,117411,1327
2021-09-27,Alpine,003,1148,99,101,0,101,0
2021-09-27,Amador,005,37829,5156,5017,52,5069,59
2021-09-27,Butte,007,227075,19173,18687,3449,22136,239
2021-09-27,Calaveras,009,45235,3600,3514,42,3556,70
2021-09-27,Colusa,011,21464,2427,2393,563,2956,18
2021-09-27,Contra Costa,013,1133247,95867,94979,1991,96970,924
2021-09-27,Del Norte,015,27424,3547,3468,33,3501,37
2021-09-27,El Dorado,017,186661,15015,14764,1541,16305,132
2021-09-27,Fresno,019,978130,129661,127475,11448,138923,1942
2021-09-27,Glenn,021,27897,3263,3189,906,4095,26
2021-09-27,Humboldt,023,135768,8307,8118,432,8550,91
2021-09-27,Imperial,025,180216,31796,31491,3152,34643,756
2021-09-27,Inyo,027,18085,1762,1698,34,1732,39
2021-09-27,Kern,029,883053,119169,117064,18982,136046,1503
2021-09-27,Kings,031,150075,29685,28998,1706,30704,297
2021-09-27,Lake,033,64148,6240,6126,125,6251,95
2021-09-27,Lassen,035,31185,6431,6327,298,6625,25
2021-09-27,Los Angeles,037,10098052,1401476,1391538,52482,1444020,26040
2021-09-27,Madera,039,155013,21145,20691,1720,22411,262
2021-09-27,Marin,041,260295,17012,16861,409,17270,242
2021-09-27,Mariposa,043,17540,989,931,31,962,5
2021-09-27,Mendocino,045,87422,6978,6761,371,7132,74
2021-09-27,Merced,047,269075,39336,38840,1456,40296,548
2021-09-27,Modoc,049,8938,480,465,168,633,5
2021-09-27,Mono,051,14174,1550,1525,19,1544,3
2021-09-27,Monterey,053,433212,47752,46811,2652,49463,571
2021-09-27,Napa,055,140530,12483,12354,91,12445,95
2021-09-27,Nevada,057,99092,8530,8379,297,8676,84
2021-09-27,Orange,059,3164182,298903,296334,14178,310512,5409
2021-09-27,Placer,061,380077,34651,34087,3288,37375,370
2021-09-27,Plumas,063,18699,1336,1269,26,1295,6
2021-09-27,Riverside,065,2383286,350656,345529,16021,361550,4864
2021-09-27,Sacramento,067,1510023,150199,149096,3961,153057,2076
2021-09-27,San Benito,069,59416,7059,7017,149,7166,67
2021-09-27,San Bernardino,071,2135413,342611,339952,10678,350630,5544
2021-09-27,San Diego,073,3302833,357718,354755,20763,375518,4054
2021-09-27,San Francisco,075,870044,50845,50157,2194,52351,622
2021-09-27,San Joaquin,077,732212,95206,94085,5122,99207,1633
2021-09-27,San Luis Obispo,079,281455,28142,27674,1120,28794,320
2021-09-27,San Mateo,081,765935,52510,51552,798,52350,571
2021-09-27,Santa Barbara,083,443738,42649,42012,1556,43568,505
2021-09-27,Santa Clara,085,1922200,142035,140802,1130,141932,1853
2021-09-27,Santa Cruz,087,273765,19576,19292,980,20272,214
2021-09-27,Shasta,089,179085,19162,18599,3187,21786,267
2021-09-27,Sierra,091,2930,136,128,13,141,0
2021-09-27,Siskiyou,093,43540,3134,3015,1138,4153,42
2021-09-27,Solano,095,438530,44394,43582,1161,44743,314
2021-09-27,Sonoma,097,501317,39644,39347,489,39836,370
2021-09-27,Stanislaus,099,539301,74426,73370,8320,81690,1091
2021-09-27,Sutter,101,95872,13238,13082,267,13349,155
2021-09-27,Tehama,103,63373,7542,7345,1241,8586,88
2021-09-27,Trinity,105,12862,766,605,201,806,9
2021-09-27,Tulare,107,460477,63211,61708,13214,74922,904
2021-09-27,Tuolumne,109,53932,6378,6264,75,6339,89
2021-09-27,Ventura,111,848112,95295,94477,4181,98658,1138
2021-09-27,Yolo,113,214977,18740,18524,985,19509,239
2021-09-27,Yuba,115,75493,9420,9292,216,9508,64
2021-09-26,Alameda,001,1643700,115518,114601,2673,117274,1326
2021-09-26,Alpine,003,1148,99,101,0,101,0
2021-09-26,Amador,005,37829,5124,5001,51,5052,59
2021-09-26,Butte,007,227075,19097,18634,3432,22066,238
2021-09-26,Calaveras,009,45235,3578,3505,42,3547,70
2021-09-26,Colusa,011,21464,2421,2392,560,2952,18
2021-09-26,Contra Costa,013,1133247,95692,94877,1978,96855,924
2021-09-26,Del Norte,015,27424,3541,3466,32,3498,37
2021-09-26,El Dorado,017,186661,14973,14738,1533,16271,132
2021-09-26,Fresno,019,978130,129306,127235,11408,138643,1939
2021-09-26,Glenn,021,27897,3255,3182,906,4088,26
2021-09-26,Humboldt,023,135768,8272,8098,431,8529,91
2021-09-26,Imperial,025,180216,31735,31462,3151,34613,756
2021-09-26,Inyo,027,18085,1747,1685,34,1719,39
2021-09-26,Kern,029,883053,118833,116927,18871,135798,1502
2021-09-26,Kings,031,150075,29583,28930,1695,30625,293
2021-09-26,Lake,033,64148,6223,6113,125,6238,95
2021-09-26,Lassen,035,31185,6421,6319,293,6612,25
2021-09-26,Los Angeles,037,10098052,1399987,1390577,52411,1442988,26035
2021-09-26,Madera,039,155013,21071,20629,1701,22330,262
2021-09-26,Marin,041,260295,16989,16860,409,17269,242
2021-09-26,Mariposa,043,17540,983,929,31,960,5
2021-09-26,Mendocino,045,87422,6945,6744,356,7100,74
2021-09-26,Merced,047,269075,39175,38717,1451,40168,548
2021-09-26,Modoc,049,8938,480,465,167,632,5
2021-09-26,Mono,051,14174,1546,1516,19,1535,3
2021-09-26,Monterey,053,433212,47705,46792,2638,49430,571
2021-09-26,Napa,055,140530,12459,12340,90,12430,95
2021-09-26,Nevada,057,99092,8499,8356,292,8648,84
2021-09-26,Orange,059,3164182,298566,296085,14146,310231,5409
2021-09-26,Placer,061,380077,34557,34043,3278,37321,370
2021-09-26,Plumas,063,18699,1318,1268,26,1294,6
2021-09-26,Riverside,065,2383286,350123,345257,16007,361264,4864
2021-09-26,Sacramento,067,1510023,149795,148745,3942,152687,2071
2021-09-26,San Benito,069,59416,7042,7012,148,7160,67
2021-09-26,San Bernardino,071,2135413,342157,339771,10663,350434,5545
2021-09-26,San Diego,073,3302833,357076,354414,20722,375136,4051
2021-09-26,San Francisco,075,870044,50719,50092,2186,52278,622
2021-09-26,San Joaquin,077,732212,95000,93935,5108,99043,1633
2021-09-26,San Luis Obispo,079,281455,28068,27624,1115,28739,319
2021-09-26,San Mateo,081,765935,52441,51496,796,52292,571
2021-09-26,Santa Barbara,083,443738,42562,41946,1553,43499,505
2021-09-26,Santa Clara,085,1922200,141835,140667,1127,141794,1852
2021-09-26,Santa Cruz,087,273765,19551,19279,980,20259,214
2021-09-26,Shasta,089,179085,19053,18566,3164,21730,266
2021-09-26,Sierra,091,2930,136,128,13,141,0
2021-09-26,Siskiyou,093,43540,3120,2998,1128,4126,42
2021-09-26,Solano,095,438530,44327,43537,1160,44697,314
2021-09-26,Sonoma,097,501317,39585,39302,489,39791,370
2021-09-26,Stanislaus,099,539301,74224,73243,8292,81535,1091
2021-09-26,Sutter,101,95872,13201,13045,266,13311,155
2021-09-26,Tehama,103,63373,7484,7323,1231,8554,88
2021-09-26,Trinity,105,12862,763,591,201,792,9
2021-09-26,Tulare,107,460477,62991,61560,13135,74695,904
2021-09-26,Tuolumne,109,53932,6350,6236,73,6309,89
2021-09-26,Ventura,111,848112,95182,94391,4173,98564,1138
2021-09-26,Yolo,113,214977,18705,18496,977,19473,239
2021-09-26,Yuba,115,75493,9393,9275,216,9491,64
2021-09-25,Alameda,001,1643700,115439,114014,2670,116684,1324
2021-09-25,Alpine,003,1148,99,101,0,101,0
2021-09-25,Amador,005,37829,5110,4934,51,4985,59
2021-09-25,Butte,007,227075,19068,18396,3423,21819,236
2021-09-25,Calaveras,009,45235,3575,3461,42,3503,70
2021-09-25,Colusa,011,21464,2419,2387,558,2945,16
2021-09-25,Contra Costa,013,1133247,95621,94337,1974,96311,924
2021-09-25,Del Norte,015,27424,3540,3404,32,3436,35
2021-09-25,El Dorado,017,186661,14950,14641,1529,16170,130
2021-09-25,Fresno,019,978130,129162,126299,11395,137694,1927
2021-09-25,Glenn,021,27897,3251,3144,905,4049,25
2021-09-25,Humboldt,023,135768,8253,8014,429,8443,88
2021-09-25,Imperial,025,180216,31708,31280,3151,34431,755
2021-09-25,Inyo,027,18085,1739,1657,34,1691,39
2021-09-25,Kern,029,883053,118678,116021,18803,134824,1485
2021-09-25,Kings,031,150075,29532,28636,1692,30328,293
2021-09-25,Lake,033,64148,6218,6046,123,6169,92
2021-09-25,Lassen,035,31185,6409,6248,292,6540,25
2021-09-25,Los Angeles,037,10098052,1399270,1386417,52372,1438789,25964
2021-09-25,Madera,039,155013,21046,20432,1695,22127,262
2021-09-25,Marin,041,260295,16980,16802,407,17209,242
2021-09-25,Mariposa,043,17540,978,906,31,937,5
2021-09-25,Mendocino,045,87422,6926,6657,355,7012,74
2021-09-25,Merced,047,269075,39129,38393,1449,39842,546
2021-09-25,Modoc,049,8938,480,460,167,627,5
2021-09-25,Mono,051,14174,1543,1501,19,1520,3
2021-09-25,Monterey,053,433212,47675,46653,2636,49289,567
2021-09-25,Napa,055,140530,12439,12266,90,12356,95
2021-09-25,Nevada,057,99092,8482,8285,292,8577,84
2021-09-25,Orange,059,3164182,298394,294514,14128,308642,5374
2021-09-25,Placer,061,380077,34493,33764,3275,37039,367
2021-09-25,Plumas,063,18699,1314,1238,26,1264,6
2021-09-25,Riverside,065,2383286,349800,343463,15999,359462,4843
2021-09-25,Sacramento,067,1510023,149619,147728,3933,151661,2049
2021-09-25,San Benito,069,59416,7037,6965,148,7113,67
2021-09-25,San Bernardino,071,2135413,341924,338413,10649,349062,5540
2021-09-25,San Diego,073,3302833,356726,352017,20696,372713,4039
2021-09-25,San Francisco,075,870044,50675,49840,2185,52025,615
2021-09-25,San Joaquin,077,732212,94914,93273,5106,98379,1628
2021-09-25,San Luis Obispo,079,281455,28030,27447,1111,28558,318
2021-09-25,San Mateo,081,765935,52377,51266,794,52060,568
2021-09-25,Santa Barbara,083,443738,42504,41728,1553,43281,505
2021-09-25,Santa Clara,085,1922200,141729,140023,1125,141148,1844
2021-09-25,Santa Cruz,087,273765,19535,19200,978,20178,214
2021-09-25,Shasta,089,179085,19002,18256,3155,21411,262
2021-09-25,Sierra,091,2930,135,127,13,140,0
2021-09-25,Siskiyou,093,43540,3113,2956,1118,4074,41
2021-09-25,Solano,095,438530,44286,43331,1157,44488,312
2021-09-25,Sonoma,097,501317,39544,39112,489,39601,369
2021-09-25,Stanislaus,099,539301,74114,72628,8278,80906,1091
2021-09-25,Sutter,101,95872,13183,12976,263,13239,154
2021-09-25,Tehama,103,63373,7469,7200,1229,8429,86
2021-09-25,Trinity,105,12862,763,576,201,777,9
2021-09-25,Tulare,107,460477,62909,60909,13090,73999,898
2021-09-25,Tuolumne,109,53932,6338,6168,73,6241,89
2021-09-25,Ventura,111,848112,95115,94059,4169,98228,1129
2021-09-25,Yolo,113,214977,18683,18393,976,19369,239
2021-09-25,Yuba,115,75493,9373,9191,216,9407,61
2021-09-24,Alameda,001,1643700,115332,114014,2666,116680,1324
2021-09-24,Alpine,003,1148,99,101,0,101,0
2021-09-24,Amador,005,37829,5080,4934,51,4985,59
2021-09-24,Butte,007,227075,19016,18396,3414,21810,236
2021-09-24,Calaveras,009,45235,3568,3461,41,3502,70
2021-09-24,Colusa,011,21464,2416,2387,557,2944,16
2021-09-24,Contra Costa,013,1133247,95513,94337,1970,96307,924
2021-09-24,Del Norte,015,27424,3537,3404,32,3436,35
2021-09-24,El Dorado,017,186661,14932,14641,1525,16166,130
2021-09-24,Fresno,019,978130,128963,126299,11383,137682,1927
2021-09-24,Glenn,021,27897,3244,3144,905,4049,25
2021-09-24,Humboldt,023,135768,8234,8014,426,8440,88
2021-09-24,Imperial,025,180216,31670,31280,3148,34428,755
2021-09-24,Inyo,027,18085,1730,1657,34,1691,39
2021-09-24,Kern,029,883053,118542,116021,18737,134758,1485
2021-09-24,Kings,031,150075,29491,28636,1687,30323,293
2021-09-24,Lake,033,64148,6210,6046,123,6169,92
2021-09-24,Lassen,035,31185,6401,6248,291,6539,25
2021-09-24,Los Angeles,037,10098052,1398389,1386417,52329,1438746,25964
2021-09-24,Madera,039,155013,21015,20432,1686,22118,262
2021-09-24,Marin,041,260295,16966,16802,406,17208,242
2021-09-24,Mariposa,043,17540,966,906,31,937,5
2021-09-24,Mendocino,045,87422,6913,6657,355,7012,74
2021-09-24,Merced,047,269075,39085,38393,1449,39842,546
2021-09-24,Modoc,049,8938,480,460,166,626,5
2021-09-24,Mono,051,14174,1538,1501,19,1520,3
2021-09-24,Monterey,053,433212,47654,46653,2628,49281,567
2021-09-24,Napa,055,140530,12420,12266,90,12356,95
2021-09-24,Nevada,057,99092,8468,8285,289,8574,84
2021-09-24,Orange,059,3164182,298186,294514,14110,308624,5374
2021-09-24,Placer,061,380077,34438,33764,3262,37026,367
2021-09-24,Plumas,063,18699,1310,1238,26,1264,6
2021-09-24,Riverside,065,2383286,349466,343463,15990,359453,4843
2021-09-24,Sacramento,067,1510023,149435,147728,3929,151657,2049
2021-09-24,San Benito,069,59416,7031,6965,148,7113,67
2021-09-24,San Bernardino,071,2135413,341658,338413,10639,349052,5540
2021-09-24,San Diego,073,3302833,356372,352017,20681,372698,4039
2021-09-24,San Francisco,075,870044,50611,49840,2177,52017,615
2021-09-24,San Joaquin,077,732212,94800,93273,5104,98377,1628
2021-09-24,San Luis Obispo,079,281455,27999,27447,1106,28553,318
2021-09-24,San Mateo,081,765935,52317,51266,793,52059,568
2021-09-24,Santa Barbara,083,443738,42465,41728,1552,43280,505
2021-09-24,Santa Clara,085,1922200,141617,140023,1124,141147,1844
2021-09-24,Santa Cruz,087,273765,19512,19200,977,20177,214
2021-09-24,Shasta,089,179085,18947,18256,3141,21397,262
2021-09-24,Sierra,091,2930,134,127,13,140,0
2021-09-24,Siskiyou,093,43540,3104,2956,1112,4068,41
2021-09-24,Solano,095,438530,44249,43331,1155,44486,312
2021-09-24,Sonoma,097,501317,39512,39112,489,39601,369
2021-09-24,Stanislaus,099,539301,73999,72628,8263,80891,1091
2021-09-24,Sutter,101,95872,13164,12976,262,13238,154
2021-09-24,Tehama,103,63373,7457,7200,1224,8424,86
2021-09-24,Trinity,105,12862,760,576,201,777,9
2021-09-24,Tulare,107,460477,62818,60909,13047,73956,898
2021-09-24,Tuolumne,109,53932,6309,6168,73,6241,89
2021-09-24,Ventura,111,848112,95037,94059,4162,98221,1129
2021-09-24,Yolo,113,214977,18651,18393,973,19366,239
2021-09-24,Yuba,115,75493,9354,9191,216,9407,61
2021-09-23,Alameda,001,1643700,115173,114014,2661,116675,1324
2021-09-23,Alpine,003,1148,99,101,0,101,0
2021-09-23,Amador,005,37829,5067,4934,51,4985,59
2021-09-23,Butte,007,227075,18954,18396,3390,21786,236
2021-09-23,Calaveras,009,45235,3547,3461,41,3502,70
2021-09-23,Colusa,011,21464,2414,2387,555,2942,16
2021-09-23,Contra Costa,013,1133247,95372,94337,1963,96300,924
2021-09-23,Del Norte,015,27424,3528,3404,31,3435,35
2021-09-23,El Dorado,017,186661,14906,14641,1519,16160,130
2021-09-23,Fresno,019,978130,128667,126299,11366,137665,1927
2021-09-23,Glenn,021,27897,3231,3144,902,4046,25
2021-09-23,Humboldt,023,135768,8208,8014,424,8438,88
2021-09-23,Imperial,025,180216,31634,31280,3148,34428,755
2021-09-23,Inyo,027,18085,1716,1657,34,1691,39
2021-09-23,Kern,029,883053,118283,116021,18656,134677,1485
2021-09-23,Kings,031,150075,29388,28636,1678,30314,293
2021-09-23,Lake,033,64148,6200,6046,123,6169,92
2021-09-23,Lassen,035,31185,6392,6248,286,6534,25
2021-09-23,Los Angeles,037,10098052,1397196,1386417,52264,1438681,25964
2021-09-23,Madera,039,155013,20933,20432,1682,22114,262
2021-09-23,Marin,041,260295,16951,16802,405,17207,242
2021-09-23,Mariposa,043,17540,953,906,31,937,5
2021-09-23,Mendocino,045,87422,6891,6657,351,7008,74
2021-09-23,Merced,047,269075,38982,38393,1442,39835,546
2021-09-23,Modoc,049,8938,479,460,166,626,5
2021-09-23,Mono,051,14174,1535,1501,19,1520,3
2021-09-23,Monterey,053,433212,47605,46653,2617,49270,567
2021-09-23,Napa,055,140530,12403,12266,90,12356,95
2021-09-23,Nevada,057,99092,8441,8285,289,8574,84
2021-09-23,Orange,059,3164182,297889,294514,14086,308600,5374
2021-09-23,Placer,061,380077,34362,33764,3255,37019,367
2021-09-23,Plumas,063,18699,1293,1238,25,1263,6
2021-09-23,Riverside,065,2383286,349014,343463,15983,359446,4843
2021-09-23,Sacramento,067,1510023,149105,147728,3909,151637,2049
2021-09-23,San Benito,069,59416,7020,6965,148,7113,67
2021-09-23,San Bernardino,071,2135413,341296,338413,10624,349037,5540
2021-09-23,San Diego,073,3302833,355909,352017,20642,372659,4039
2021-09-23,San Francisco,075,870044,50538,49840,2175,52015,615
2021-09-23,San Joaquin,077,732212,94627,93273,5089,98362,1628
2021-09-23,San Luis Obispo,079,281455,27956,27447,1104,28551,318
2021-09-23,San Mateo,081,765935,52242,51266,792,52058,568
2021-09-23,Santa Barbara,083,443738,42387,41728,1549,43277,505
2021-09-23,Santa Clara,085,1922200,141467,140023,1117,141140,1844
2021-09-23,Santa Cruz,087,273765,19481,19200,977,20177,214
2021-09-23,Shasta,089,179085,18867,18256,3124,21380,262
2021-09-23,Sierra,091,2930,134,127,13,140,0
2021-09-23,Siskiyou,093,43540,3100,2956,1101,4057,41
2021-09-23,Solano,095,438530,44181,43331,1152,44483,312
2021-09-23,Sonoma,097,501317,39453,39112,486,39598,369
2021-09-23,Stanislaus,099,539301,73842,72628,8231,80859,1091
2021-09-23,Sutter,101,95872,13135,12976,262,13238,154
2021-09-23,Tehama,103,63373,7416,7200,1219,8419,86
2021-09-23,Trinity,105,12862,746,576,200,776,9
2021-09-23,Tulare,107,460477,62641,60909,12992,73901,898
2021-09-23,Tuolumne,109,53932,6284,6168,72,6240,89
2021-09-23,Ventura,111,848112,94934,94059,4155,98214,1129
2021-09-23,Yolo,113,214977,18622,18393,968,19361,239
2021-09-23,Yuba,115,75493,9326,9191,215,9406,61
2021-09-22,Alameda,001,1643700,115018,113862,2657,116519,1322
2021-09-22,Alpine,003,1148,99,100,0,100,0
2021-09-22,Amador,005,37829,5051,4915,51,4966,59
2021-09-22,Butte,007,227075,18895,18337,3375,21712,235
2021-09-22,Calaveras,009,45235,3531,3448,41,3489,70
2021-09-22,Colusa,011,21464,2409,2384,554,2938,16
2021-09-22,Contra Costa,013,1133247,95187,94209,1955,96164,924
2021-09-22,Del Norte,015,27424,3517,3386,30,3416,35
2021-09-22,El Dorado,017,186661,14870,14605,1512,16117,127
2021-09-22,Fresno,019,978130,128410,126006,11354,137360,1908
2021-09-22,Glenn,021,27897,3228,3138,901,4039,25
2021-09-22,Humboldt,023,135768,8185,7998,416,8414,80
2021-09-22,Imperial,025,180216,31582,31243,3141,34384,755
2021-09-22,Inyo,027,18085,1706,1651,34,1685,39
2021-09-22,Kern,029,883053,118040,115757,18534,134291,1477
2021-09-22,Kings,031,150075,29304,28589,1672,30261,292
2021-09-22,Lake,033,64148,6188,6035,123,6158,93
2021-09-22,Lassen,035,31185,6372,6209,282,6491,25
2021-09-22,Los Angeles,037,10098052,1395872,1384719,52208,1436927,25930
2021-09-22,Madera,039,155013,20876,20382,1674,22056,262
2021-09-22,Marin,041,260295,16941,16782,402,17184,242
2021-09-22,Mariposa,043,17540,947,901,31,932,5
2021-09-22,Mendocino,045,87422,6864,6624,345,6969,70
2021-09-22,Merced,047,269075,38850,38305,1440,39745,541
2021-09-22,Modoc,049,8938,476,458,166,624,5
2021-09-22,Mono,051,14174,1526,1496,18,1514,3
2021-09-22,Monterey,053,433212,47554,46615,2610,49225,566
2021-09-22,Napa,055,140530,12380,12248,89,12337,95
2021-09-22,Nevada,057,99092,8418,8273,286,8559,84
2021-09-22,Orange,059,3164182,297614,294214,14069,308283,5366
2021-09-22,Placer,061,380077,34275,33661,3242,36903,367
2021-09-22,Plumas,063,18699,1281,1230,25,1255,6
2021-09-22,Riverside,065,2383286,348479,342946,15958,358904,4830
2021-09-22,Sacramento,067,1510023,148790,147533,3878,151411,2043
2021-09-22,San Benito,069,59416,7009,6961,146,7107,67
2021-09-22,San Bernardino,071,2135413,340902,337938,10615,348553,5528
2021-09-22,San Diego,073,3302833,355448,351132,20620,371752,4027
2021-09-22,San Francisco,075,870044,50453,49734,2170,51904,610
2021-09-22,San Joaquin,077,732212,94394,93010,5063,98073,1626
2021-09-22,San Luis Obispo,079,281455,27908,27398,1101,28499,315
2021-09-22,San Mateo,081,765935,52169,51197,788,51985,568
2021-09-22,Santa Barbara,083,443738,42324,41678,1548,43226,504
2021-09-22,Santa Clara,085,1922200,141304,139803,1110,140913,1844
2021-09-22,Santa Cruz,087,273765,19442,19177,977,20154,214
2021-09-22,Shasta,089,179085,18777,18153,3112,21265,260
2021-09-22,Sierra,091,2930,134,127,13,140,0
2021-09-22,Siskiyou,093,43540,3083,2947,1091,4038,41
2021-09-22,Solano,095,438530,44116,43269,1151,44420,312
2021-09-22,Sonoma,097,501317,39400,39063,485,39548,369
2021-09-22,Stanislaus,099,539301,73676,72355,8212,80567,1091
2021-09-22,Sutter,101,95872,13115,12960,259,13219,153
2021-09-22,Tehama,103,63373,7389,7173,1216,8389,86
2021-09-22,Trinity,105,12862,745,572,200,772,9
2021-09-22,Tulare,107,460477,62432,60776,12921,73697,896
2021-09-22,Tuolumne,109,53932,6263,6155,71,6226,89
2021-09-22,Ventura,111,848112,94829,93978,4149,98127,1122
2021-09-22,Yolo,113,214977,18583,18342,961,19303,239
2021-09-22,Yuba,115,75493,9297,9169,210,9379,61
2021-09-21,Alameda,001,1643700,114862,113765,2657,116422,1321
2021-09-21,Alpine,003,1148,99,100,0,100,0
2021-09-21,Amador,005,37829,5029,4897,51,4948,59
2021-09-21,Butte,007,227075,18798,18229,3337,21566,232
2021-09-21,Calaveras,009,45235,3513,3437,41,3478,70
2021-09-21,Colusa,011,21464,2406,2378,553,2931,16
2021-09-21,Contra Costa,013,1133247,94993,94101,1941,96042,924
2021-09-21,Del Norte,015,27424,3504,3378,30,3408,34
2021-09-21,El Dorado,017,186661,14840,14578,1505,16083,127
2021-09-21,Fresno,019,978130,128060,125789,11336,137125,1892
2021-09-21,Glenn,021,27897,3220,3134,895,4029,25
2021-09-21,Humboldt,023,135768,8153,7955,411,8366,80
2021-09-21,Imperial,025,180216,31525,31185,3139,34324,755
2021-09-21,Inyo,027,18085,1696,1646,34,1680,39
2021-09-21,Kern,029,883053,117747,115534,18420,133954,1467
2021-09-21,Kings,031,150075,29216,28545,1664,30209,291
2021-09-21,Lake,033,64148,6165,6013,123,6136,90
2021-09-21,Lassen,035,31185,6354,6159,278,6437,25
2021-09-21,Los Angeles,037,10098052,1394415,1383277,52152,1435429,25893
2021-09-21,Madera,039,155013,20816,20317,1663,21980,262
2021-09-21,Marin,041,260295,16926,16748,401,17149,242
2021-09-21,Mariposa,043,17540,942,894,30,924,5
2021-09-21,Mendocino,045,87422,6826,6580,334,6914,68
2021-09-21,Merced,047,269075,38729,38225,1436,39661,539
2021-09-21,Modoc,049,8938,473,458,166,624,5
2021-09-21,Mono,051,14174,1524,1495,17,1512,3
2021-09-21,Monterey,053,433212,47485,46583,2598,49181,565
2021-09-21,Napa,055,140530,12359,12238,89,12327,95
2021-09-21,Nevada,057,99092,8391,8259,277,8536,84
2021-09-21,Orange,059,3164182,297284,293898,14039,307937,5357
2021-09-21,Placer,061,380077,34174,33609,3231,36840,365
2021-09-21,Plumas,063,18699,1274,1225,25,1250,5
2021-09-21,Riverside,065,2383286,347919,342460,15934,358394,4817
2021-09-21,Sacramento,067,1510023,148407,147378,3850,151228,2027
2021-09-21,San Benito,069,59416,6998,6950,145,7095,67
2021-09-21,San Bernardino,071,2135413,340462,337387,10598,347985,5520
2021-09-21,San Diego,073,3302833,354830,350265,20596,370861,4021
2021-09-21,San Francisco,075,870044,50356,49653,2167,51820,609
2021-09-21,San Joaquin,077,732212,94160,92762,5052,97814,1621
2021-09-21,San Luis Obispo,079,281455,27849,27318,1097,28415,314
2021-09-21,San Mateo,081,765935,52098,51136,788,51924,568
2021-09-21,Santa Barbara,083,443738,42255,41644,1544,43188,503
2021-09-21,Santa Clara,085,1922200,141087,139657,1106,140763,1843
2021-09-21,Santa Cruz,087,273765,19412,19140,976,20116,212
2021-09-21,Shasta,089,179085,18649,18027,3088,21115,258
2021-09-21,Sierra,091,2930,134,127,13,140,0
2021-09-21,Siskiyou,093,43540,3069,2927,1077,4004,36
2021-09-21,Solano,095,438530,44040,43220,1151,44371,311
2021-09-21,Sonoma,097,501317,39347,39042,485,39527,369
2021-09-21,Stanislaus,099,539301,73489,72211,8190,80401,1091
2021-09-21,Sutter,101,95872,13092,12930,256,13186,153
2021-09-21,Tehama,103,63373,7343,7151,1212,8363,85
2021-09-21,Trinity,105,12862,734,572,198,770,9
2021-09-21,Tulare,107,460477,62218,60607,12860,73467,896
2021-09-21,Tuolumne,109,53932,6231,6139,71,6210,89
2021-09-21,Ventura,111,848112,94724,93818,4141,97959,1120
2021-09-21,Yolo,113,214977,18548,18313,957,19270,239
2021-09-21,Yuba,115,75493,9269,9135,210,9345,61
2021-09-20,Alameda,001,1643700,114679,113637,2653,116290,1320
2021-09-20,Alpine,003,1148,99,100,0,100,0
2021-09-20,Amador,005,37829,5011,4883,50,4933,59
2021-09-20,Butte,007,227075,18716,18135,3321,21456,231
2021-09-20,Calaveras,009,45235,3491,3395,40,3435,66
2021-09-20,Colusa,011,21464,2404,2376,550,2926,16
2021-09-20,Contra Costa,013,1133247,94843,93919,1935,95854,924
2021-09-20,Del Norte,015,27424,3496,3374,29,3403,34
2021-09-20,El Dorado,017,186661,14807,14545,1493,16038,127
2021-09-20,Fresno,019,978130,127646,125287,11315,136602,1889
2021-09-20,Glenn,021,27897,3209,3112,892,4004,25
2021-09-20,Humboldt,023,135768,8117,7938,406,8344,80
2021-09-20,Imperial,025,180216,31443,31146,3138,34284,755
2021-09-20,Inyo,027,18085,1688,1641,33,1674,39
2021-09-20,Kern,029,883053,117406,115271,18288,133559,1459
2021-09-20,Kings,031,150075,29129,28471,1658,30129,285
2021-09-20,Lake,033,64148,6150,5984,122,6106,87
2021-09-20,Lassen,035,31185,6324,6132,278,6410,25
2021-09-20,Los Angeles,037,10098052,1392894,1382206,52072,1434278,25858
2021-09-20,Madera,039,155013,20764,20203,1655,21858,257
2021-09-20,Marin,041,260295,16901,16732,399,17131,242
2021-09-20,Mariposa,043,17540,931,887,30,917,5
2021-09-20,Mendocino,045,87422,6792,6568,328,6896,67
2021-09-20,Merced,047,269075,38621,38144,1426,39570,536
2021-09-20,Modoc,049,8938,472,457,164,621,5
2021-09-20,Mono,051,14174,1518,1480,17,1497,3
2021-09-20,Monterey,053,433212,47442,46506,2581,49087,565
2021-09-20,Napa,055,140530,12334,12209,88,12297,95
2021-09-20,Nevada,057,99092,8371,8228,275,8503,84
2021-09-20,Orange,059,3164182,296942,293642,14013,307655,5354
2021-09-20,Placer,061,380077,34084,33531,3216,36747,364
2021-09-20,Plumas,063,18699,1269,1211,25,1236,5
2021-09-20,Riverside,065,2383286,347419,341961,15921,357882,4802
2021-09-20,Sacramento,067,1510023,148033,147016,3816,150832,2016
2021-09-20,San Benito,069,59416,6989,6947,144,7091,67
2021-09-20,San Bernardino,071,2135413,340069,337059,10582,347641,5507
2021-09-20,San Diego,073,3302833,354155,349579,20559,370138,4009
2021-09-20,San Francisco,075,870044,50249,49559,2166,51725,605
2021-09-20,San Joaquin,077,732212,93917,92614,5039,97653,1615
2021-09-20,San Luis Obispo,079,281455,27773,27259,1089,28348,313
2021-09-20,San Mateo,081,765935,52012,51100,785,51885,567
2021-09-20,Santa Barbara,083,443738,42158,41589,1540,43129,500
2021-09-20,Santa Clara,085,1922200,140886,139578,1104,140682,1841
2021-09-20,Santa Cruz,087,273765,19380,19121,976,20097,211
2021-09-20,Shasta,089,179085,18550,17893,3057,20950,258
2021-09-20,Sierra,091,2930,132,126,13,139,0
2021-09-20,Siskiyou,093,43540,3047,2902,1064,3966,35
2021-09-20,Solano,095,438530,43972,43152,1143,44295,312
2021-09-20,Sonoma,097,501317,39302,38991,485,39476,369
2021-09-20,Stanislaus,099,539301,73287,72031,8171,80202,1091
2021-09-20,Sutter,101,95872,13056,12896,251,13147,153
2021-09-20,Tehama,103,63373,7311,7121,1200,8321,84
2021-09-20,Trinity,105,12862,728,568,197,765,7
2021-09-20,Tulare,107,460477,62017,60302,12804,73106,896
2021-09-20,Tuolumne,109,53932,6205,6113,71,6184,89
2021-09-20,Ventura,111,848112,94611,93700,4134,97834,1120
2021-09-20,Yolo,113,214977,18503,18287,955,19242,239
2021-09-20,Yuba,115,75493,9233,9107,208,9315,61
2021-09-19,Alameda,001,1643700,114464,113446,2649,116095,1320
2021-09-19,Alpine,003,1148,99,100,0,100,0
2021-09-19,Amador,005,37829,4971,4875,49,4924,59
2021-09-19,Butte,007,227075,18623,18063,3294,21357,230
2021-09-19,Calaveras,009,45235,3466,3390,37,3427,66
2021-09-19,Colusa,011,21464,2402,2375,548,2923,16
2021-09-19,Contra Costa,013,1133247,94659,93788,1925,95713,924
2021-09-19,Del Norte,015,27424,3470,3344,28,3372,34
2021-09-19,El Dorado,017,186661,14755,14512,1487,15999,127
2021-09-19,Fresno,019,978130,127243,124985,11284,136269,1888
2021-09-19,Glenn,021,27897,3200,3102,887,3989,25
2021-09-19,Humboldt,023,135768,8072,7914,404,8318,80
2021-09-19,Imperial,025,180216,31374,31122,3135,34257,755
2021-09-19,Inyo,027,18085,1678,1639,33,1672,39
2021-09-19,Kern,029,883053,117092,115074,18181,133255,1459
2021-09-19,Kings,031,150075,29001,28416,1649,30065,284
2021-09-19,Lake,033,64148,6119,5962,122,6084,87
2021-09-19,Lassen,035,31185,6304,6129,272,6401,25
2021-09-19,Los Angeles,037,10098052,1390921,1381200,51972,1433172,25852
2021-09-19,Madera,039,155013,20685,20161,1645,21806,257
2021-09-19,Marin,041,260295,16872,16711,397,17108,242
2021-09-19,Mariposa,043,17540,923,881,30,911,5
2021-09-19,Mendocino,045,87422,6747,6538,322,6860,67
2021-09-19,Merced,047,269075,38464,38068,1418,39486,535
2021-09-19,Modoc,049,8938,469,457,162,619,5
2021-09-19,Mono,051,14174,1513,1480,17,1497,3
2021-09-19,Monterey,053,433212,47387,46486,2578,49064,565
2021-09-19,Napa,055,140530,12313,12190,86,12276,95
2021-09-19,Nevada,057,99092,8343,8203,273,8476,84
2021-09-19,Orange,059,3164182,296575,293258,13991,307249,5354
2021-09-19,Placer,061,380077,33971,33406,3198,36604,364
2021-09-19,Plumas,063,18699,1261,1211,25,1236,5
2021-09-19,Riverside,065,2383286,346826,341566,15912,357478,4804
2021-09-19,Sacramento,067,1510023,147672,146603,3771,150374,2012
2021-09-19,San Benito,069,59416,6970,6942,144,7086,67
2021-09-19,San Bernardino,071,2135413,339579,336688,10571,347259,5506
2021-09-19,San Diego,073,3302833,353439,349225,20523,369748,4006
2021-09-19,San Francisco,075,870044,50141,49458,2158,51616,605
2021-09-19,San Joaquin,077,732212,93621,92467,5028,97495,1615
2021-09-19,San Luis Obispo,079,281455,27671,27208,1080,28288,313
2021-09-19,San Mateo,081,765935,51912,51028,784,51812,567
2021-09-19,Santa Barbara,083,443738,42053,41512,1540,43052,500
2021-09-19,Santa Clara,085,1922200,140699,139410,1099,140509,1841
2021-09-19,Santa Cruz,087,273765,19342,19096,976,20072,211
2021-09-19,Shasta,089,179085,18436,17813,3021,20834,258
2021-09-19,Sierra,091,2930,131,126,13,139,0
2021-09-19,Siskiyou,093,43540,3021,2882,1055,3937,35
2021-09-19,Solano,095,438530,43883,43056,1138,44194,312
2021-09-19,Sonoma,097,501317,39230,38956,481,39437,369
2021-09-19,Stanislaus,099,539301,73043,71830,8147,79977,1091
2021-09-19,Sutter,101,95872,13029,12868,244,13112,153
2021-09-19,Tehama,103,63373,7257,7081,1190,8271,84
2021-09-19,Trinity,105,12862,717,562,195,757,7
2021-09-19,Tulare,107,460477,61756,60160,12710,72870,896
2021-09-19,Tuolumne,109,53932,6163,6097,71,6168,89
2021-09-19,Ventura,111,848112,94449,93491,4125,97616,1120
2021-09-19,Yolo,113,214977,18453,18238,949,19187,239
2021-09-19,Yuba,115,75493,9207,9087,207,9294,61
2021-09-18,Alameda,001,1643700,114364,113300,2648,115948,1320
2021-09-18,Alpine,003,1148,99,100,0,100,0
2021-09-18,Amador,005,37829,4961,4850,49,4899,59
2021-09-18,Butte,007,227075,18586,17961,3280,21241,230
2021-09-18,Calaveras,009,45235,3460,3361,36,3397,66
2021-09-18,Colusa,011,21464,2402,2373,547,2920,16
2021-09-18,Contra Costa,013,1133247,94568,93656,1921,95577,924
2021-09-18,Del Norte,015,27424,3462,3326,26,3352,34
2021-09-18,El Dorado,017,186661,14732,14472,1484,15956,127
2021-09-18,Fresno,019,978130,127101,124771,11271,136042,1889
2021-09-18,Glenn,021,27897,3192,3086,886,3972,25
2021-09-18,Humboldt,023,135768,8058,7881,403,8284,80
2021-09-18,Imperial,025,180216,31350,31096,3134,34230,755
2021-09-18,Inyo,027,18085,1672,1636,33,1669,39
2021-09-18,Kern,029,883053,116938,114781,18117,132898,1459
2021-09-18,Kings,031,150075,28953,28330,1644,29974,285
2021-09-18,Lake,033,64148,6102,5936,122,6058,87
2021-09-18,Lassen,035,31185,6294,6121,269,6390,25
2021-09-18,Los Angeles,037,10098052,1390163,1379880,51920,1431800,25849
2021-09-18,Madera,039,155013,20641,20126,1636,21762,257
2021-09-18,Marin,041,260295,16855,16685,396,17081,242
2021-09-18,Mariposa,043,17540,920,871,30,901,5
2021-09-18,Mendocino,045,87422,6726,6523,322,6845,67
2021-09-18,Merced,047,269075,38427,37977,1412,39389,535
2021-09-18,Modoc,049,8938,469,457,161,618,5
2021-09-18,Mono,051,14174,1510,1480,17,1497,3
2021-09-18,Monterey,053,433212,47349,46466,2575,49041,565
2021-09-18,Napa,055,140530,12301,12168,86,12254,95
2021-09-18,Nevada,057,99092,8326,8183,273,8456,84
2021-09-18,Orange,059,3164182,296380,293005,13977,306982,5354
2021-09-18,Placer,061,380077,33899,33309,3195,36504,364
2021-09-18,Plumas,063,18699,1260,1204,25,1229,5
2021-09-18,Riverside,065,2383286,346441,341136,15897,357033,4802
2021-09-18,Sacramento,067,1510023,147490,146162,3762,149924,2016
2021-09-18,San Benito,069,59416,6965,6937,144,7081,67
2021-09-18,San Bernardino,071,2135413,339307,336380,10558,346938,5501
2021-09-18,San Diego,073,3302833,353038,348848,20513,369361,4006
2021-09-18,San Francisco,075,870044,50078,49359,2153,51512,605
2021-09-18,San Joaquin,077,732212,93512,92242,5016,97258,1615
2021-09-18,San Luis Obispo,079,281455,27634,27181,1077,28258,313
2021-09-18,San Mateo,081,765935,51861,50961,782,51743,567
2021-09-18,Santa Barbara,083,443738,41989,41465,1540,43005,500
2021-09-18,Santa Clara,085,1922200,140579,139233,1096,140329,1841
2021-09-18,Santa Cruz,087,273765,19322,19079,976,20055,211
2021-09-18,Shasta,089,179085,18373,17777,3004,20781,258
2021-09-18,Sierra,091,2930,130,125,13,138,0
2021-09-18,Siskiyou,093,43540,3018,2875,1049,3924,35
2021-09-18,Solano,095,438530,43843,42966,1135,44101,312
2021-09-18,Sonoma,097,501317,39195,38891,479,39370,369
2021-09-18,Stanislaus,099,539301,72897,71587,8122,79709,1091
2021-09-18,Sutter,101,95872,13015,12829,244,13073,153
2021-09-18,Tehama,103,63373,7242,7055,1183,8238,84
2021-09-18,Trinity,105,12862,715,561,195,756,7
2021-09-18,Tulare,107,460477,61680,60003,12658,72661,896
2021-09-18,Tuolumne,109,53932,6148,6069,71,6140,89
2021-09-18,Ventura,111,848112,94381,93424,4120,97544,1120
2021-09-18,Yolo,113,214977,18427,18213,943,19156,239
2021-09-18,Yuba,115,75493,9193,9061,206,9267,61
2021-09-17,Alameda,001,1643700,114238,113070,2646,115716,1320
2021-09-17,Alpine,003,1148,99,99,0,99,0
2021-09-17,Amador,005,37829,4945,4835,48,4883,58
2021-09-17,Butte,007,227075,18535,17870,3271,21141,230
2021-09-17,Calaveras,009,45235,3448,3338,35,3373,66
2021-09-17,Colusa,011,21464,2401,2369,542,2911,16
2021-09-17,Contra Costa,013,1133247,94466,93485,1918,95403,924
2021-09-17,Del Norte,015,27424,3457,3311,24,3335,34
2021-09-17,El Dorado,017,186661,14713,14421,1482,15903,127
2021-09-17,Fresno,019,978130,126882,124296,11262,135558,1882
2021-09-17,Glenn,021,27897,3175,3072,884,3956,25
2021-09-17,Humboldt,023,135768,8037,7850,403,8253,80
2021-09-17,Imperial,025,180216,31324,31031,3132,34163,755
2021-09-17,Inyo,027,18085,1664,1634,33,1667,39
2021-09-17,Kern,029,883053,116747,114303,18020,132323,1456
2021-09-17,Kings,031,150075,28888,28240,1642,29882,281
2021-09-17,Lake,033,64148,6089,5915,122,6037,87
2021-09-17,Lassen,035,31185,6279,6080,267,6347,25
2021-09-17,Los Angeles,037,10098052,1389189,1377905,51853,1429758,25820
2021-09-17,Madera,039,155013,20589,20040,1624,21664,257
2021-09-17,Marin,041,260295,16842,16658,394,17052,242
2021-09-17,Mariposa,043,17540,918,869,30,899,5
2021-09-17,Mendocino,045,87422,6707,6498,322,6820,67
2021-09-17,Merced,047,269075,38380,37803,1410,39213,533
2021-09-17,Modoc,049,8938,469,456,161,617,5
2021-09-17,Mono,051,14174,1506,1457,17,1474,3
2021-09-17,Monterey,053,433212,47326,46421,2574,48995,564
2021-09-17,Napa,055,140530,12280,12153,86,12239,95
2021-09-17,Nevada,057,99092,8311,8157,273,8430,84
2021-09-17,Orange,059,3164182,296161,292685,13959,306644,5346
2021-09-17,Placer,061,380077,33838,33188,3185,36373,362
2021-09-17,Plumas,063,18699,1251,1192,24,1216,5
2021-09-17,Riverside,065,2383286,346040,340445,15886,356331,4792
2021-09-17,Sacramento,067,1510023,147291,145985,3751,149736,1999
2021-09-17,San Benito,069,59416,6962,6929,144,7073,67
2021-09-17,San Bernardino,071,2135413,338952,335810,10551,346361,5488
2021-09-17,San Diego,073,3302833,352605,348098,20495,368593,4002
2021-09-17,San Francisco,075,870044,50026,49249,2148,51397,605
2021-09-17,San Joaquin,077,732212,93374,91977,5005,96982,1610
2021-09-17,San Luis Obispo,079,281455,27600,27102,1066,28168,311
2021-09-17,San Mateo,081,765935,51807,50854,781,51635,564
2021-09-17,Santa Barbara,083,443738,41926,41354,1539,42893,498
2021-09-17,Santa Clara,085,1922200,140430,138939,1095,140034,1838
2021-09-17,Santa Cruz,087,273765,19297,19039,976,20015,211
2021-09-17,Shasta,089,179085,18302,17617,2991,20608,254
2021-09-17,Sierra,091,2930,130,124,13,137,0
2021-09-17,Siskiyou,093,43540,3003,2852,1049,3901,35
2021-09-17,Solano,095,438530,43780,42898,1131,44029,312
2021-09-17,Sonoma,097,501317,39158,38808,478,39286,369
2021-09-17,Stanislaus,099,539301,72790,71408,8104,79512,1091
2021-09-17,Sutter,101,95872,12999,12799,242,13041,153
2021-09-17,Tehama,103,63373,7218,7020,1171,8191,84
2021-09-17,Trinity,105,12862,710,556,194,750,7
2021-09-17,Tulare,107,460477,61564,59689,12624,72313,895
2021-09-17,Tuolumne,109,53932,6129,6047,71,6118,89
2021-09-17,Ventura,111,848112,94269,93273,4118,97391,1116
2021-09-17,Yolo,113,214977,18396,18177,939,19116,239
2021-09-17,Yuba,115,75493,9166,9019,205,9224,61
2021-09-16,Alameda,001,1643700,114059,112770,2643,115413,1318
2021-09-16,Alpine,003,1148,99,99,0,99,0
2021-09-16,Amador,005,37829,4925,4819,48,4867,58
2021-09-16,Butte,007,227075,18461,17750,3255,21005,230
2021-09-16,Calaveras,009,45235,3414,3313,35,3348,66
2021-09-16,Colusa,011,21464,2399,2363,540,2903,16
2021-09-16,Contra Costa,013,1133247,94296,93213,1910,95123,917
2021-09-16,Del Norte,015,27424,3439,3285,24,3309,34
2021-09-16,El Dorado,017,186661,14673,14372,1474,15846,127
2021-09-16,Fresno,019,978130,126524,123853,11223,135076,1868
2021-09-16,Glenn,021,27897,3163,3068,882,3950,24
2021-09-16,Humboldt,023,135768,8003,7809,393,8202,80
2021-09-16,Imperial,025,180216,31281,30966,3124,34090,753
2021-09-16,Inyo,027,18085,1662,1623,33,1656,39
2021-09-16,Kern,029,883053,116476,113828,17952,131780,1448
2021-09-16,Kings,031,150075,28802,28114,1633,29747,280
2021-09-16,Lake,033,64148,6065,5890,119,6009,87
2021-09-16,Lassen,035,31185,6244,6028,262,6290,25
2021-09-16,Los Angeles,037,10098052,1387800,1376277,51788,1428065,25796
2021-09-16,Madera,039,155013,20513,19974,1618,21592,257
2021-09-16,Marin,041,260295,16815,16625,393,17018,242
2021-09-16,Mariposa,043,17540,912,849,30,879,6
2021-09-16,Mendocino,045,87422,6669,6445,313,6758,67
2021-09-16,Merced,047,269075,38273,37675,1407,39082,532
2021-09-16,Modoc,049,8938,467,455,161,616,5
2021-09-16,Mono,051,14174,1500,1449,17,1466,3
2021-09-16,Monterey,053,433212,47272,46342,2568,48910,562
2021-09-16,Napa,055,140530,12255,12115,82,12197,95
2021-09-16,Nevada,057,99092,8283,8121,272,8393,84
2021-09-16,Orange,059,3164182,295816,292183,13939,306122,5340
2021-09-16,Placer,061,380077,33742,33037,3166,36203,354
2021-09-16,Plumas,063,18699,1243,1178,24,1202,5
2021-09-16,Riverside,065,2383286,345508,339770,15872,355642,4786
2021-09-16,Sacramento,067,1510023,146934,145754,3719,149473,1996
2021-09-16,San Benito,069,59416,6949,6913,143,7056,67
2021-09-16,San Bernardino,071,2135413,338525,335129,10544,345673,5474
2021-09-16,San Diego,073,3302833,351979,347472,20460,367932,3994
2021-09-16,San Francisco,075,870044,49941,49133,2139,51272,605
2021-09-16,San Joaquin,077,732212,93134,91650,4960,96610,1608
2021-09-16,San Luis Obispo,079,281455,27527,27044,1062,28106,310
2021-09-16,San Mateo,081,765935,51729,50773,778,51551,564
2021-09-16,Santa Barbara,083,443738,41859,41272,1536,42808,497
2021-09-16,Santa Clara,085,1922200,140275,138685,1091,139776,1835
2021-09-16,Santa Cruz,087,273765,19269,19011,976,19987,211
2021-09-16,Shasta,089,179085,18177,17438,2957,20395,251
2021-09-16,Sierra,091,2930,130,123,13,136,0
2021-09-16,Siskiyou,093,43540,2983,2819,1042,3861,35
2021-09-16,Solano,095,438530,43708,42792,1122,43914,312
2021-09-16,Sonoma,097,501317,39095,38707,477,39184,369
2021-09-16,Stanislaus,099,539301,72554,71105,8088,79193,1091
2021-09-16,Sutter,101,95872,12955,12729,236,12965,152
2021-09-16,Tehama,103,63373,7179,6953,1160,8113,83
2021-09-16,Trinity,105,12862,707,547,193,740,7
2021-09-16,Tulare,107,460477,61343,59459,12550,72009,894
2021-09-16,Tuolumne,109,53932,6109,5999,70,6069,89
2021-09-16,Ventura,111,848112,94130,93087,4114,97201,1110
2021-09-16,Yolo,113,214977,18365,18135,937,19072,239
2021-09-16,Yuba,115,75493,9132,8981,202,9183,61
2021-09-15,Alameda,001,1643700,113888,112498,2635,115133,1317
2021-09-15,Alpine,003,1148,99,99,0,99,0
2021-09-15,Amador,005,37829,4917,4792,48,4840,58
2021-09-15,Butte,007,227075,18363,17664,3235,20899,228
2021-09-15,Calaveras,009,45235,3382,3293,33,3326,66
2021-09-15,Colusa,011,21464,2397,2352,537,2889,16
2021-09-15,Contra Costa,013,1133247,94116,92989,1898,94887,913
2021-09-15,Del Norte,015,27424,3426,3271,22,3293,34
2021-09-15,El Dorado,017,186661,14647,14309,1466,15775,127
2021-09-15,Fresno,019,978130,126146,123370,11181,134551,1867
2021-09-15,Glenn,021,27897,3150,3051,877,3928,20
2021-09-15,Humboldt,023,135768,7968,7754,388,8142,52
2021-09-15,Imperial,025,180216,31226,30891,3119,34010,753
2021-09-15,Inyo,027,18085,1658,1614,33,1647,39
2021-09-15,Kern,029,883053,116129,113546,17853,131399,1434
2021-09-15,Kings,031,150075,28723,27991,1624,29615,279
2021-09-15,Lake,033,64148,6033,5852,118,5970,85
2021-09-15,Lassen,035,31185,6184,6018,257,6275,25
2021-09-15,Los Angeles,037,10098052,1386301,1374307,51719,1426026,25767
2021-09-15,Madera,039,155013,20439,19880,1611,21491,257
2021-09-15,Marin,041,260295,16780,16592,388,16980,242
2021-09-15,Mariposa,043,17540,901,843,30,873,5
2021-09-15,Mendocino,045,87422,6639,6399,308,6707,66
2021-09-15,Merced,047,269075,38165,37508,1405,38913,529
2021-09-15,Modoc,049,8938,467,454,161,615,5
2021-09-15,Mono,051,14174,1494,1445,17,1462,3
2021-09-15,Monterey,053,433212,47202,46317,2556,48873,562
2021-09-15,Napa,055,140530,12234,12082,82,12164,95
2021-09-15,Nevada,057,99092,8261,8081,269,8350,84
2021-09-15,Orange,059,3164182,295494,291834,13920,305754,5328
2021-09-15,Placer,061,380077,33630,32860,3144,36004,352
2021-09-15,Plumas,063,18699,1238,1164,23,1187,5
2021-09-15,Riverside,065,2383286,344925,339077,15848,354925,4769
2021-09-15,Sacramento,067,1510023,146507,145202,3688,148890,1981
2021-09-15,San Benito,069,59416,6946,6902,143,7045,67
2021-09-15,San Bernardino,071,2135413,338067,334556,10530,345086,5470
2021-09-15,San Diego,073,3302833,351350,346933,20434,367367,3983
2021-09-15,San Francisco,075,870044,49830,48999,2134,51133,605
2021-09-15,San Joaquin,077,732212,92858,91322,4917,96239,1607
2021-09-15,San Luis Obispo,079,281455,27444,26943,1056,27999,306
2021-09-15,San Mateo,081,765935,51647,50691,775,51466,564
2021-09-15,Santa Barbara,083,443738,41758,41077,1531,42608,497
2021-09-15,Santa Clara,085,1922200,140102,138410,1086,139496,1833
2021-09-15,Santa Cruz,087,273765,19231,18984,974,19958,210
2021-09-15,Shasta,089,179085,18066,17317,2936,20253,250
2021-09-15,Sierra,091,2930,130,123,13,136,0
2021-09-15,Siskiyou,093,43540,2963,2804,1011,3815,35
2021-09-15,Solano,095,438530,43636,42682,1117,43799,312
2021-09-15,Sonoma,097,501317,39036,38629,477,39106,369
2021-09-15,Stanislaus,099,539301,72330,70852,8067,78919,1091
2021-09-15,Sutter,101,95872,12922,12699,231,12930,151
2021-09-15,Tehama,103,63373,7138,6894,1151,8045,79
2021-09-15,Trinity,105,12862,705,541,191,732,7
2021-09-15,Tulare,107,460477,61085,59149,12489,71638,890
2021-09-15,Tuolumne,109,53932,6083,5969,70,6039,89
2021-09-15,Ventura,111,848112,93989,92960,4107,97067,1109
2021-09-15,Yolo,113,214977,18331,18064,929,18993,239
2021-09-15,Yuba,115,75493,9098,8953,202,9155,61
2021-09-14,Alameda,001,1643700,113678,112329,2629,114958,1316
2021-09-14,Alpine,003,1148,99,98,0,98,0
2021-09-14,Amador,005,37829,4897,4790,48,4838,57
2021-09-14,Butte,007,227075,18231,17516,3211,20727,226
2021-09-14,Calaveras,009,45235,3359,3280,30,3310,66
2021-09-14,Colusa,011,21464,2393,2344,533,2877,16
2021-09-14,Contra Costa,013,1133247,93917,92822,1890,94712,908
2021-09-14,Del Norte,015,27424,3410,3252,21,3273,32
2021-09-14,El Dorado,017,186661,14595,14247,1458,15705,123
2021-09-14,Fresno,019,978130,125671,123151,11139,134290,1856
2021-09-14,Glenn,021,27897,3129,3045,872,3917,20
2021-09-14,Humboldt,023,135768,7934,7717,383,8100,52
2021-09-14,Imperial,025,180216,31176,30845,3116,33961,752
2021-09-14,Inyo,027,18085,1649,1605,32,1637,39
2021-09-14,Kern,029,883053,115750,113250,17727,130977,1428
2021-09-14,Kings,031,150075,28647,27955,1616,29571,278
2021-09-14,Lake,033,64148,6001,5845,118,5963,83
2021-09-14,Lassen,035,31185,6170,5977,252,6229,25
2021-09-14,Los Angeles,037,10098052,1384463,1372831,51636,1424467,25729
2021-09-14,Madera,039,155013,20357,19800,1602,21402,254
2021-09-14,Marin,041,260295,16753,16584,386,16970,242
2021-09-14,Mariposa,043,17540,890,834,29,863,5
2021-09-14,Mendocino,045,87422,6603,6372,296,6668,65
2021-09-14,Merced,047,269075,38015,37430,1401,38831,526
2021-09-14,Modoc,049,8938,466,453,161,614,5
2021-09-14,Mono,051,14174,1490,1440,17,1457,4
2021-09-14,Monterey,053,433212,47160,46224,2544,48768,558
2021-09-14,Napa,055,140530,12201,12070,81,12151,91
2021-09-14,Nevada,057,99092,8227,8056,269,8325,83
2021-09-14,Orange,059,3164182,295101,291423,13896,305319,5319
2021-09-14,Placer,061,380077,33499,32735,3124,35859,350
2021-09-14,Plumas,063,18699,1223,1148,23,1171,5
2021-09-14,Riverside,065,2383286,344285,338534,15817,354351,4748
2021-09-14,Sacramento,067,1510023,146121,145051,3640,148691,1977
2021-09-14,San Benito,069,59416,6936,6887,143,7030,64
2021-09-14,San Bernardino,071,2135413,337573,333968,10505,344473,5465
2021-09-14,San Diego,073,3302833,350678,346204,20389,366593,3966
2021-09-14,San Francisco,075,870044,49695,48998,2132,51130,603
2021-09-14,San Joaquin,077,732212,92619,91128,4907,96035,1596
2021-09-14,San Luis Obispo,079,281455,27371,26845,1051,27896,304
2021-09-14,San Mateo,081,765935,51548,50602,772,51374,564
2021-09-14,Santa Barbara,083,443738,41662,40783,1522,42305,495
2021-09-14,Santa Clara,085,1922200,139867,138321,1083,139404,1828
2021-09-14,Santa Cruz,087,273765,19191,18965,972,19937,210
2021-09-14,Shasta,089,179085,17935,17152,2915,20067,246
2021-09-14,Sierra,091,2930,130,123,13,136,0
2021-09-14,Siskiyou,093,43540,2939,2756,994,3750,35
2021-09-14,Solano,095,438530,43553,42599,1114,43713,307
2021-09-14,Sonoma,097,501317,38966,38595,473,39068,369
2021-09-14,Stanislaus,099,539301,72071,70697,8039,78736,1091
2021-09-14,Sutter,101,95872,12880,12670,224,12894,149
2021-09-14,Tehama,103,63373,7084,6859,1143,8002,80
2021-09-14,Trinity,105,12862,699,538,190,728,7
2021-09-14,Tulare,107,460477,60834,58961,12417,71378,888
2021-09-14,Tuolumne,109,53932,6062,5951,68,6019,89
2021-09-14,Ventura,111,848112,93809,92841,4091,96932,1107
2021-09-14,Yolo,113,214977,18287,18039,924,18963,239
2021-09-14,Yuba,115,75493,9062,8928,202,9130,61
2021-09-13,Alameda,001,1643700,113456,112159,2624,114783,1309
2021-09-13,Alpine,003,1148,98,98,0,98,0
2021-09-13,Amador,005,37829,4879,4761,48,4809,56
2021-09-13,Butte,007,227075,18107,17393,3184,20577,225
2021-09-13,Calaveras,009,45235,3329,3253,28,3281,65
2021-09-13,Colusa,011,21464,2384,2346,528,2874,16
2021-09-13,Contra Costa,013,1133247,93671,92658,1885,94543,908
2021-09-13,Del Norte,015,27424,3374,3232,21,3253,28
2021-09-13,El Dorado,017,186661,14534,14194,1450,15644,119
2021-09-13,Fresno,019,978130,125204,122650,11082,133732,1853
2021-09-13,Glenn,021,27897,3117,3026,864,3890,20
2021-09-13,Humboldt,023,135768,7902,7659,380,8039,52
2021-09-13,Imperial,025,180216,31124,30802,3113,33915,751
2021-09-13,Inyo,027,18085,1642,1602,32,1634,39
2021-09-13,Kern,029,883053,115369,112930,17604,130534,1424
2021-09-13,Kings,031,150075,28537,27858,1604,29462,275
2021-09-13,Lake,033,64148,5979,5809,118,5927,82
2021-09-13,Lassen,035,31185,6135,5953,251,6204,25
2021-09-13,Los Angeles,037,10098052,1382602,1371423,51568,1422991,25703
2021-09-13,Madera,039,155013,20286,19735,1589,21324,252
2021-09-13,Marin,041,260295,16717,16557,385,16942,242
2021-09-13,Mariposa,043,17540,876,825,29,854,5
2021-09-13,Mendocino,045,87422,6568,6323,287,6610,61
2021-09-13,Merced,047,269075,37863,37291,1396,38687,521
2021-09-13,Modoc,049,8938,465,451,161,612,5
2021-09-13,Mono,051,14174,1484,1435,17,1452,3
2021-09-13,Monterey,053,433212,47069,46188,2531,48719,558
2021-09-13,Napa,055,140530,12183,12039,81,12120,91
2021-09-13,Nevada,057,99092,8201,8021,267,8288,83
2021-09-13,Orange,059,3164182,294668,291128,13875,305003,5312
2021-09-13,Placer,061,380077,33334,32617,3107,35724,343
2021-09-13,Plumas,063,18699,1214,1142,23,1165,5
2021-09-13,Riverside,065,2383286,343640,337876,15799,353675,4731
2021-09-13,Sacramento,067,1510023,145634,144537,3606,148143,1956
2021-09-13,San Benito,069,59416,6921,6867,142,7009,64
2021-09-13,San Bernardino,071,2135413,337086,333613,10480,344093,5441
2021-09-13,San Diego,073,3302833,349888,345647,20339,365986,3961
2021-09-13,San Francisco,075,870044,49566,48914,2126,51040,603
2021-09-13,San Joaquin,077,732212,92335,90966,4889,95855,1581
2021-09-13,San Luis Obispo,079,281455,27274,26805,1048,27853,300
2021-09-13,San Mateo,081,765935,51457,50525,767,51292,564
2021-09-13,Santa Barbara,083,443738,41545,40661,1515,42176,494
2021-09-13,Santa Clara,085,1922200,139619,138152,1078,139230,1820
2021-09-13,Santa Cruz,087,273765,19151,18917,971,19888,210
2021-09-13,Shasta,089,179085,17805,17033,2873,19906,243
2021-09-13,Sierra,091,2930,130,123,13,136,0
2021-09-13,Siskiyou,093,43540,2924,2745,982,3727,35
2021-09-13,Solano,095,438530,43449,42501,1111,43612,306
2021-09-13,Sonoma,097,501317,38899,38513,470,38983,368
2021-09-13,Stanislaus,099,539301,71817,70477,8004,78481,1091
2021-09-13,Sutter,101,95872,12822,12624,220,12844,145
2021-09-13,Tehama,103,63373,7021,6803,1131,7934,79
2021-09-13,Trinity,105,12862,697,533,188,721,7
2021-09-13,Tulare,107,460477,60550,58768,12355,71123,887
2021-09-13,Tuolumne,109,53932,6031,5909,68,5977,89
2021-09-13,Ventura,111,848112,93656,92679,4083,96762,1107
2021-09-13,Yolo,113,214977,18245,17974,919,18893,239
2021-09-13,Yuba,115,75493,9017,8884,201,9085,61
2021-09-12,Alameda,001,1643700,113184,111961,2621,114582,1309
2021-09-12,Alpine,003,1148,98,98,0,98,0
2021-09-12,Amador,005,37829,4858,4752,48,4800,56
2021-09-12,Butte,007,227075,17962,17257,3140,20397,221
2021-09-12,Calaveras,009,45235,3297,3236,24,3260,65
2021-09-12,Colusa,011,21464,2381,2344,527,2871,16
2021-09-12,Contra Costa,013,1133247,93404,92498,1873,94371,908
2021-09-12,Del Norte,015,27424,3339,3200,21,3221,28
2021-09-12,El Dorado,017,186661,14461,14167,1434,15601,119
2021-09-12,Fresno,019,978130,124689,122407,11034,133441,1853
2021-09-12,Glenn,021,27897,3098,3016,857,3873,20
2021-09-12,Humboldt,023,135768,7832,7636,369,8005,52
2021-09-12,Imperial,025,180216,31061,30790,3107,33897,751
2021-09-12,Inyo,027,18085,1632,1596,30,1626,39
2021-09-12,Kern,029,883053,114958,112602,17445,130047,1424
2021-09-12,Kings,031,150075,28426,27764,1587,29351,274
2021-09-12,Lake,033,64148,5940,5781,116,5897,82
2021-09-12,Lassen,035,31185,6098,5943,241,6184,25
2021-09-12,Los Angeles,037,10098052,1380547,1365968,51492,1417460,25630
2021-09-12,Madera,039,155013,20199,19691,1577,21268,252
2021-09-12,Marin,041,260295,16694,16526,385,16911,242
2021-09-12,Mariposa,043,17540,865,811,27,838,5
2021-09-12,Mendocino,045,87422,6527,6283,278,6561,61
2021-09-12,Merced,047,269075,37690,37172,1385,38557,521
2021-09-12,Modoc,049,8938,465,451,160,611,5
2021-09-12,Mono,051,14174,1477,1431,17,1448,3
2021-09-12,Monterey,053,433212,46970,46167,2522,48689,558
2021-09-12,Napa,055,140530,12153,12011,81,12092,91
2021-09-12,Nevada,057,99092,8162,7987,264,8251,83
2021-09-12,Orange,059,3164182,294204,290718,13854,304572,5312
2021-09-12,Placer,061,380077,33185,32520,3083,35603,343
2021-09-12,Plumas,063,18699,1195,1138,23,1161,5
2021-09-12,Riverside,065,2383286,342957,337332,15766,353098,4731
2021-09-12,Sacramento,067,1510023,145125,144030,3566,147596,1959
2021-09-12,San Benito,069,59416,6902,6852,141,6993,64
2021-09-12,San Bernardino,071,2135413,336473,333049,10467,343516,5439
2021-09-12,San Diego,073,3302833,349065,345058,20266,365324,3942
2021-09-12,San Francisco,075,870044,49454,48819,2119,50938,603
2021-09-12,San Joaquin,077,732212,92006,90730,4881,95611,1581
2021-09-12,San Luis Obispo,079,281455,27155,26729,1035,27764,299
2021-09-12,San Mateo,081,765935,51349,50432,763,51195,564
2021-09-12,Santa Barbara,083,443738,41436,40600,1507,42107,494
2021-09-12,Santa Clara,085,1922200,139364,137899,1075,138974,1820
2021-09-12,Santa Cruz,087,273765,19119,18892,970,19862,210
2021-09-12,Shasta,089,179085,17640,16957,2815,19772,243
2021-09-12,Sierra,091,2930,130,123,13,136,0
2021-09-12,Siskiyou,093,43540,2896,2730,967,3697,35
2021-09-12,Solano,095,438530,43343,42409,1106,43515,306
2021-09-12,Sonoma,097,501317,38821,38456,468,38924,368
2021-09-12,Stanislaus,099,539301,71518,70184,7965,78149,1091
2021-09-12,Sutter,101,95872,12780,12589,214,12803,145
2021-09-12,Tehama,103,63373,6957,6732,1119,7851,79
2021-09-12,Trinity,105,12862,693,529,186,715,7
2021-09-12,Tulare,107,460477,60196,58582,12295,70877,887
2021-09-12,Tuolumne,109,53932,5998,5888,68,5956,89
2021-09-12,Ventura,111,848112,93539,92496,4077,96573,1107
2021-09-12,Yolo,113,214977,18179,17943,911,18854,239
2021-09-12,Yuba,115,75493,8982,8842,201,9043,61
2021-09-11,Alameda,001,1643700,113057,111715,2619,114334,1309
2021-09-11,Alpine,003,1148,98,98,0,98,0
2021-09-11,Amador,005,37829,4845,4728,47,4775,56
2021-09-11,Butte,007,227075,17880,17218,3113,20331,221
2021-09-11,Calaveras,009,45235,3294,3208,23,3231,65
2021-09-11,Colusa,011,21464,2380,2338,524,2862,16
2021-09-11,Contra Costa,013,1133247,93286,92269,1868,94137,908
2021-09-11,Del Norte,015,27424,3323,3184,21,3205,28
2021-09-11,El Dorado,017,186661,14442,14117,1427,15544,119
2021-09-11,Fresno,019,978130,124508,122224,11014,133238,1853
2021-09-11,Glenn,021,27897,3094,3007,855,3862,20
2021-09-11,Humboldt,023,135768,7810,7615,366,7981,52
2021-09-11,Imperial,025,180216,31036,30760,3103,33863,751
2021-09-11,Inyo,027,18085,1629,1590,30,1620,39
2021-09-11,Kern,029,883053,114708,112205,17329,129534,1424
2021-09-11,Kings,031,150075,28377,27631,1581,29212,275
2021-09-11,Lake,033,64148,5920,5761,116,5877,82
2021-09-11,Lassen,035,31185,6083,5930,237,6167,25
2021-09-11,Los Angeles,037,10098052,1379583,1365831,51427,1417258,25630
2021-09-11,Madera,039,155013,20146,19648,1572,21220,252
2021-09-11,Marin,041,260295,16666,16496,384,16880,242
2021-09-11,Mariposa,043,17540,860,799,27,826,5
2021-09-11,Mendocino,045,87422,6503,6257,278,6535,61
2021-09-11,Merced,047,269075,37636,37042,1382,38424,521
2021-09-11,Modoc,049,8938,465,449,160,609,5
2021-09-11,Mono,051,14174,1471,1431,17,1448,3
2021-09-11,Monterey,053,433212,46933,46140,2520,48660,558
2021-09-11,Napa,055,140530,12130,11991,81,12072,91
2021-09-11,Nevada,057,99092,8147,7967,264,8231,83
2021-09-11,Orange,059,3164182,293903,290429,13837,304266,5306
2021-09-11,Placer,061,380077,33101,32414,3072,35486,344
2021-09-11,Plumas,063,18699,1190,1112,23,1135,5
2021-09-11,Riverside,065,2383286,342519,336585,15752,352337,4731
2021-09-11,Sacramento,067,1510023,144825,143557,3554,147111,1955
2021-09-11,San Benito,069,59416,6889,6844,141,6985,64
2021-09-11,San Bernardino,071,2135413,336133,332512,10453,342965,5430
2021-09-11,San Diego,073,3302833,348575,344355,20242,364597,3942
2021-09-11,San Francisco,075,870044,49399,48660,2114,50774,603
2021-09-11,San Joaquin,077,732212,91861,90482,4874,95356,1581
2021-09-11,San Luis Obispo,079,281455,27109,26651,1034,27685,299
2021-09-11,San Mateo,081,765935,51277,50341,763,51104,564
2021-09-11,Santa Barbara,083,443738,41363,40451,1507,41958,494
2021-09-11,Santa Clara,085,1922200,139214,137659,1072,138731,1820
2021-09-11,Santa Cruz,087,273765,19090,18865,970,19835,210
2021-09-11,Shasta,089,179085,17547,16877,2795,19672,243
2021-09-11,Sierra,091,2930,130,123,13,136,0
2021-09-11,Siskiyou,093,43540,2879,2717,964,3681,35
2021-09-11,Solano,095,438530,43292,42344,1103,43447,306
2021-09-11,Sonoma,097,501317,38774,38399,466,38865,368
2021-09-11,Stanislaus,099,539301,71392,69974,7951,77925,1091
2021-09-11,Sutter,101,95872,12755,12538,211,12749,145
2021-09-11,Tehama,103,63373,6936,6703,1111,7814,79
2021-09-11,Trinity,105,12862,686,526,186,712,7
2021-09-11,Tulare,107,460477,60085,58321,12248,70569,889
2021-09-11,Tuolumne,109,53932,5979,5879,65,5944,89
2021-09-11,Ventura,111,848112,93460,92328,4072,96400,1107
2021-09-11,Yolo,113,214977,18156,17906,906,18812,239
2021-09-11,Yuba,115,75493,8957,8813,201,9014,61
2021-09-10,Alameda,001,1643700,112866,111386,2618,114004,1306
2021-09-10,Alpine,003,1148,97,97,0,97,0
2021-09-10,Amador,005,37829,4833,4706,47,4753,56
2021-09-10,Butte,007,227075,17805,17051,3098,20149,222
2021-09-10,Calaveras,009,45235,3288,3183,23,3206,65
2021-09-10,Colusa,011,21464,2376,2327,521,2848,16
2021-09-10,Contra Costa,013,1133247,93164,92024,1866,93890,908
2021-09-10,Del Norte,015,27424,3308,3128,20,3148,28
2021-09-10,El Dorado,017,186661,14411,14051,1422,15473,119
2021-09-10,Fresno,019,978130,124186,121659,10994,132653,1846
2021-09-10,Glenn,021,27897,3089,2977,855,3832,20
2021-09-10,Humboldt,023,135768,7777,7543,362,7905,52
2021-09-10,Imperial,025,180216,31013,30716,3101,33817,751
2021-09-10,Inyo,027,18085,1625,1590,30,1620,39
2021-09-10,Kern,029,883053,114454,111832,17210,129042,1419
2021-09-10,Kings,031,150075,28303,27473,1573,29046,274
2021-09-10,Lake,033,64148,5904,5713,114,5827,79
2021-09-10,Lassen,035,31185,6075,5914,234,6148,25
2021-09-10,Los Angeles,037,10098052,1378375,1365709,51360,1417069,25630
2021-09-10,Madera,039,155013,20100,19520,1567,21087,252
2021-09-10,Marin,041,260295,16646,16458,381,16839,242
2021-09-10,Mariposa,043,17540,855,795,27,822,5
2021-09-10,Mendocino,045,87422,6471,6184,277,6461,61
2021-09-10,Merced,047,269075,37584,36884,1381,38265,521
2021-09-10,Modoc,049,8938,465,448,160,608,5
2021-09-10,Mono,051,14174,1466,1422,17,1439,3
2021-09-10,Monterey,053,433212,46889,46084,2518,48602,557
2021-09-10,Napa,055,140530,12106,11948,81,12029,90
2021-09-10,Nevada,057,99092,8129,7932,263,8195,83
2021-09-10,Orange,059,3164182,293595,290022,13828,303850,5302
2021-09-10,Placer,061,380077,33000,32264,3059,35323,343
2021-09-10,Plumas,063,18699,1182,1111,23,1134,5
2021-09-10,Riverside,065,2383286,342046,335988,15745,351733,4720
2021-09-10,Sacramento,067,1510023,144482,143244,3546,146790,1950
2021-09-10,San Benito,069,59416,6885,6824,141,6965,64
2021-09-10,San Bernardino,071,2135413,335714,331894,10443,342337,5422
2021-09-10,San Diego,073,3302833,348012,343173,20201,363374,3941
2021-09-10,San Francisco,075,870044,49320,48518,2107,50625,602
2021-09-10,San Joaquin,077,732212,91681,90208,4868,95076,1573
2021-09-10,San Luis Obispo,079,281455,27076,26526,1032,27558,299
2021-09-10,San Mateo,081,765935,51210,50251,762,51013,564
2021-09-10,Santa Barbara,083,443738,41308,40321,1504,41825,492
2021-09-10,Santa Clara,085,1922200,139030,137337,1071,138408,1817
2021-09-10,Santa Cruz,087,273765,19071,18785,969,19754,210
2021-09-10,Shasta,089,179085,17453,16667,2767,19434,242
2021-09-10,Sierra,091,2930,130,117,13,130,0
2021-09-10,Siskiyou,093,43540,2867,2702,960,3662,35
2021-09-10,Solano,095,438530,43218,42230,1096,43326,305
2021-09-10,Sonoma,097,501317,38716,38271,465,38736,368
2021-09-10,Stanislaus,099,539301,71234,69617,7927,77544,1091
2021-09-10,Sutter,101,95872,12721,12468,211,12679,145
2021-09-10,Tehama,103,63373,6903,6652,1105,7757,77
2021-09-10,Trinity,105,12862,682,524,186,710,7
2021-09-10,Tulare,107,460477,59937,57930,12203,70133,883
2021-09-10,Tuolumne,109,53932,5961,5842,64,5906,89
2021-09-10,Ventura,111,848112,93370,92145,4068,96213,1104
2021-09-10,Yolo,113,214977,18131,17825,901,18726,239
2021-09-10,Yuba,115,75493,8938,8760,200,8960,62
2021-09-09,Alameda,001,1643700,112646,111014,2613,113627,1306
2021-09-09,Alpine,003,1148,97,94,0,94,0
2021-09-09,Amador,005,37829,4812,4698,46,4744,56
2021-09-09,Butte,007,227075,17660,16874,3072,19946,221
2021-09-09,Calaveras,009,45235,3254,3165,23,3188,65
2021-09-09,Colusa,011,21464,2369,2321,519,2840,16
2021-09-09,Contra Costa,013,1133247,92955,91687,1861,93548,904
2021-09-09,Del Norte,015,27424,3285,3102,20,3122,28
2021-09-09,El Dorado,017,186661,14354,13970,1412,15382,119
2021-09-09,Fresno,019,978130,123712,121040,10961,132001,1838
2021-09-09,Glenn,021,27897,3076,2947,849,3796,20
2021-09-09,Humboldt,023,135768,7727,7471,356,7827,52
2021-09-09,Imperial,025,180216,30975,30661,3098,33759,751
2021-09-09,Inyo,027,18085,1618,1586,30,1616,39
2021-09-09,Kern,029,883053,114106,111390,17053,128443,1414
2021-09-09,Kings,031,150075,28202,27282,1562,28844,273
2021-09-09,Lake,033,64148,5880,5638,112,5750,79
2021-09-09,Lassen,035,31185,6025,5860,228,6088,25
2021-09-09,Los Angeles,037,10098052,1376514,1363735,51288,1415023,25583
2021-09-09,Madera,039,155013,20027,19401,1554,20955,252
2021-09-09,Marin,041,260295,16623,16416,378,16794,242
2021-09-09,Mariposa,043,17540,842,779,26,805,5
2021-09-09,Mendocino,045,87422,6437,6089,268,6357,61
2021-09-09,Merced,047,269075,37429,36634,1368,38002,516
2021-09-09,Modoc,049,8938,465,448,160,608,5
2021-09-09,Mono,051,14174,1456,1420,17,1437,3
2021-09-09,Monterey,053,433212,46835,45991,2507,48498,556
2021-09-09,Napa,055,140530,12074,11878,81,11959,90
2021-09-09,Nevada,057,99092,8091,7855,263,8118,82
2021-09-09,Orange,059,3164182,293186,289109,13797,302906,5299
2021-09-09,Placer,061,380077,32882,32048,3044,35092,342
2021-09-09,Plumas,063,18699,1172,1098,22,1120,5
2021-09-09,Riverside,065,2383286,341406,334774,15727,350501,4701
2021-09-09,Sacramento,067,1510023,144000,142728,3500,146228,1929
2021-09-09,San Benito,069,59416,6875,6820,140,6960,64
2021-09-09,San Bernardino,071,2135413,335152,331040,10431,341471,5417
2021-09-09,San Diego,073,3302833,347286,342149,20144,362293,3929
2021-09-09,San Francisco,075,870044,49206,48404,2098,50502,597
2021-09-09,San Joaquin,077,732212,91407,89874,4850,94724,1570
2021-09-09,San Luis Obispo,079,281455,26994,26472,1029,27501,296
2021-09-09,San Mateo,081,765935,51088,50143,759,50902,561
2021-09-09,Santa Barbara,083,443738,41202,40180,1500,41680,490
2021-09-09,Santa Clara,085,1922200,138807,137017,1066,138083,1816
2021-09-09,Santa Cruz,087,273765,19025,18728,969,19697,210
2021-09-09,Shasta,089,179085,17307,16401,2725,19126,238
2021-09-09,Sierra,091,2930,130,115,13,128,0
2021-09-09,Siskiyou,093,43540,2844,2683,946,3629,35
2021-09-09,Solano,095,438530,43102,42081,1092,43173,303
2021-09-09,Sonoma,097,501317,38648,38171,464,38635,360
2021-09-09,Stanislaus,099,539301,70949,69178,7894,77072,1074
2021-09-09,Sutter,101,95872,12666,12396,209,12605,144
2021-09-09,Tehama,103,63373,6849,6554,1100,7654,75
2021-09-09,Trinity,105,12862,676,523,184,707,6
2021-09-09,Tulare,107,460477,59695,57564,12143,69707,879
2021-09-09,Tuolumne,109,53932,5933,5802,63,5865,89
2021-09-09,Ventura,111,848112,93227,91610,4059,95669,1098
2021-09-09,Yolo,113,214977,18075,17724,898,18622,239
2021-09-09,Yuba,115,75493,8893,8707,197,8904,55
2021-09-08,Alameda,001,1643700,112392,110781,2610,113391,1305
2021-09-08,Alpine,003,1148,97,94,0,94,0
2021-09-08,Amador,005,37829,4800,4693,46,4739,56
2021-09-08,Butte,007,227075,17527,16775,3055,19830,220
2021-09-08,Calaveras,009,45235,3235,3157,23,3180,63
2021-09-08,Colusa,011,21464,2367,2308,517,2825,16
2021-09-08,Contra Costa,013,1133247,92682,91471,1856,93327,900
2021-09-08,Del Norte,015,27424,3261,3085,20,3105,25
2021-09-08,El Dorado,017,186661,14274,13928,1390,15318,119
2021-09-08,Fresno,019,978130,123220,120644,10904,131548,1831
2021-09-08,Glenn,021,27897,3058,2942,837,3779,20
2021-09-08,Humboldt,023,135768,7683,7438,348,7786,52
2021-09-08,Imperial,025,180216,30942,30609,3085,33694,751
2021-09-08,Inyo,027,18085,1607,1580,30,1610,39
2021-09-08,Kern,029,883053,113709,110933,16913,127846,1409
2021-09-08,Kings,031,150075,28073,27235,1547,28782,267
2021-09-08,Lake,033,64148,5850,5618,110,5728,79
2021-09-08,Lassen,035,31185,6007,5848,221,6069,25
2021-09-08,Los Angeles,037,10098052,1374445,1362029,51200,1413229,25533
2021-09-08,Madera,039,155013,19967,19352,1540,20892,252
2021-09-08,Marin,041,260295,16595,16386,377,16763,242
2021-09-08,Mariposa,043,17540,830,777,25,802,5
2021-09-08,Mendocino,045,87422,6392,6069,259,6328,61
2021-09-08,Merced,047,269075,37267,36500,1357,37857,516
2021-09-08,Modoc,049,8938,465,448,160,608,5
2021-09-08,Mono,051,14174,1450,1418,17,1435,3
2021-09-08,Monterey,053,433212,46786,45959,2501,48460,554
2021-09-08,Napa,055,140530,12039,11842,79,11921,90
2021-09-08,Nevada,057,99092,8055,7843,262,8105,82
2021-09-08,Orange,059,3164182,292778,288511,13773,302284,5290
2021-09-08,Placer,061,380077,32745,31852,3027,34879,337
2021-09-08,Plumas,063,18699,1165,1072,22,1094,5
2021-09-08,Riverside,065,2383286,340647,334037,15702,349739,4683
2021-09-08,Sacramento,067,1510023,143522,142448,3450,145898,1921
2021-09-08,San Benito,069,59416,6857,6800,140,6940,64
2021-09-08,San Bernardino,071,2135413,334550,330279,10415,340694,5411
2021-09-08,San Diego,073,3302833,346350,341437,20098,361535,3926
2021-09-08,San Francisco,075,870044,49067,48263,2095,50358,589
2021-09-08,San Joaquin,077,732212,91128,89631,4826,94457,1561
2021-09-08,San Luis Obispo,079,281455,26900,26303,1024,27327,294
2021-09-08,San Mateo,081,765935,50986,50051,759,50810,561
2021-09-08,Santa Barbara,083,443738,41091,40000,1496,41496,490
2021-09-08,Santa Clara,085,1922200,138573,136836,1062,137898,1810
2021-09-08,Santa Cruz,087,273765,18988,18699,969,19668,210
2021-09-08,Shasta,089,179085,17152,16227,2678,18905,234
2021-09-08,Sierra,091,2930,130,113,13,126,0
2021-09-08,Siskiyou,093,43540,2811,2643,935,3578,35
2021-09-08,Solano,095,438530,43010,41971,1089,43060,302
2021-09-08,Sonoma,097,501317,38565,38075,463,38538,360
2021-09-08,Stanislaus,099,539301,70703,68945,7855,76800,1074
2021-09-08,Sutter,101,95872,12601,12349,206,12555,144
2021-09-08,Tehama,103,63373,6782,6520,1083,7603,75
2021-09-08,Trinity,105,12862,673,520,180,700,6
2021-09-08,Tulare,107,460477,59371,57425,12087,69512,876
2021-09-08,Tuolumne,109,53932,5901,5783,61,5844,89
2021-09-08,Ventura,111,848112,93077,91345,4041,95386,1096
2021-09-08,Yolo,113,214977,17993,17680,893,18573,239
2021-09-08,Yuba,115,75493,8851,8675,195,8870,55
2021-09-07,Alameda,001,1643700,112086,110550,2605,113155,1301
2021-09-07,Alpine,003,1148,96,94,0,94,0
2021-09-07,Amador,005,37829,4773,4679,46,4725,53
2021-09-07,Butte,007,227075,17371,16723,3019,19742,220
2021-09-07,Calaveras,009,45235,3195,3140,21,3161,63
2021-09-07,Colusa,011,21464,2357,2306,516,2822,16
2021-09-07,Contra Costa,013,1133247,92422,91167,1850,93017,891
2021-09-07,Del Norte,015,27424,3247,3081,20,3101,24
2021-09-07,El Dorado,017,186661,14202,13892,1374,15266,119
2021-09-07,Fresno,019,978130,122671,120268,10821,131089,1828
2021-09-07,Glenn,021,27897,3041,2937,829,3766,20
2021-09-07,Humboldt,023,135768,7623,7397,331,7728,52
2021-09-07,Imperial,025,180216,30902,30584,3077,33661,751
2021-09-07,Inyo,027,18085,1601,1579,29,1608,39
2021-09-07,Kern,029,883053,113277,110674,16750,127424,1408
2021-09-07,Kings,031,150075,27949,27169,1529,28698,267
2021-09-07,Lake,033,64148,5807,5597,102,5699,78
2021-09-07,Lassen,035,31185,5989,5842,215,6057,21
2021-09-07,Los Angeles,037,10098052,1372214,1360407,51109,1411516,25486
2021-09-07,Madera,039,155013,19880,19316,1532,20848,249
2021-09-07,Marin,041,260295,16556,16363,377,16740,242
2021-09-07,Mariposa,043,17540,815,771,25,796,5
2021-09-07,Mendocino,045,87422,6329,6036,249,6285,61
2021-09-07,Merced,047,269075,37093,36400,1351,37751,513
2021-09-07,Modoc,049,8938,463,449,160,609,5
2021-09-07,Mono,051,14174,1441,1416,17,1433,3
2021-09-07,Monterey,053,433212,46703,45911,2487,48398,543
2021-09-07,Napa,055,140530,11998,11814,79,11893,90
2021-09-07,Nevada,057,99092,8027,7829,262,8091,82
2021-09-07,Orange,059,3164182,292350,288225,13742,301967,5274
2021-09-07,Placer,061,380077,32592,31710,2998,34708,337
2021-09-07,Plumas,063,18699,1150,1071,22,1093,5
2021-09-07,Riverside,065,2383286,339861,333390,15683,349073,4666
2021-09-07,Sacramento,067,1510023,142981,142364,3404,145768,1905
2021-09-07,San Benito,069,59416,6839,6786,140,6926,64
2021-09-07,San Bernardino,071,2135413,333802,329962,10391,340353,5407
2021-09-07,San Diego,073,3302833,345339,340709,20034,360743,3922
2021-09-07,San Francisco,075,870044,48927,48175,2090,50265,589
2021-09-07,San Joaquin,077,732212,90793,89468,4812,94280,1548
2021-09-07,San Luis Obispo,079,281455,26782,26253,1015,27268,287
2021-09-07,San Mateo,081,765935,50891,49913,758,50671,561
2021-09-07,Santa Barbara,083,443738,40966,39957,1491,41448,489
2021-09-07,Santa Clara,085,1922200,138285,136631,1056,137687,1807
2021-09-07,Santa Cruz,087,273765,18939,18669,967,19636,210
2021-09-07,Shasta,089,179085,16994,16096,2625,18721,226
2021-09-07,Sierra,091,2930,130,111,13,124,0
2021-09-07,Siskiyou,093,43540,2785,2607,918,3525,34
2021-09-07,Solano,095,438530,42880,41862,1085,42947,300
2021-09-07,Sonoma,097,501317,38481,38013,461,38474,358
2021-09-07,Stanislaus,099,539301,70416,68831,7827,76658,1074
2021-09-07,Sutter,101,95872,12527,12310,200,12510,138
2021-09-07,Tehama,103,63373,6730,6482,1063,7545,74
2021-09-07,Trinity,105,12862,667,517,180,697,6
2021-09-07,Tulare,107,460477,59021,57228,12008,69236,874
2021-09-07,Tuolumne,109,53932,5864,5759,61,5820,88
2021-09-07,Ventura,111,848112,92866,91246,4031,95277,1093
2021-09-07,Yolo,113,214977,17924,17653,888,18541,235
2021-09-07,Yuba,115,75493,8808,8642,190,8832,55
2021-09-06,Alameda,001,1643700,111775,110357,2596,112953,1301
2021-09-06,Alpine,003,1148,94,94,0,94,0
2021-09-06,Amador,005,37829,4757,4648,45,4693,53
2021-09-06,Butte,007,227075,17179,16588,2975,19563,218
2021-09-06,Calaveras,009,45235,3177,3122,21,3143,63
2021-09-06,Colusa,011,21464,2350,2306,511,2817,16
2021-09-06,Contra Costa,013,1133247,92128,90971,1840,92811,891
2021-09-06,Del Norte,015,27424,3206,3037,19,3056,24
2021-09-06,El Dorado,017,186661,14133,13848,1358,15206,119
2021-09-06,Fresno,019,978130,122103,119738,10758,130496,1828
2021-09-06,Glenn,021,27897,3008,2912,816,3728,20
2021-09-06,Humboldt,023,135768,7546,7320,313,7633,52
2021-09-06,Imperial,025,180216,30839,30576,3070,33646,751
2021-09-06,Inyo,027,18085,1592,1578,17,1595,39
2021-09-06,Kern,029,883053,112765,110347,16562,126909,1408
2021-09-06,Kings,031,150075,27806,27094,1514,28608,264
2021-09-06,Lake,033,64148,5743,5548,95,5643,78
2021-09-06,Lassen,035,31185,5963,5822,204,6026,21
2021-09-06,Los Angeles,037,10098052,1369839,1359348,50991,1410339,25477
2021-09-06,Madera,039,155013,19778,19191,1508,20699,249
2021-09-06,Marin,041,260295,16516,16356,377,16733,242
2021-09-06,Mariposa,043,17540,803,764,25,789,5
2021-09-06,Mendocino,045,87422,6255,5984,236,6220,61
2021-09-06,Merced,047,269075,36876,36300,1342,37642,513
2021-09-06,Modoc,049,8938,460,449,160,609,5
2021-09-06,Mono,051,14174,1437,1416,17,1433,3
2021-09-06,Monterey,053,433212,46609,45833,2471,48304,541
2021-09-06,Napa,055,140530,11955,11792,78,11870,90
2021-09-06,Nevada,057,99092,7979,7748,260,8008,82
2021-09-06,Orange,059,3164182,291855,287948,13690,301638,5274
2021-09-06,Placer,061,380077,32415,31595,2960,34555,337
2021-09-06,Plumas,063,18699,1129,1068,19,1087,5
2021-09-06,Riverside,065,2383286,339044,333052,15662,348714,4666
2021-09-06,Sacramento,067,1510023,142341,141730,3335,145065,1905
2021-09-06,San Benito,069,59416,6816,6777,137,6914,64
2021-09-06,San Bernardino,071,2135413,332920,329693,10360,340053,5398
2021-09-06,San Diego,073,3302833,344324,340222,19938,360160,3922
2021-09-06,San Francisco,075,870044,48793,48120,2084,50204,589
2021-09-06,San Joaquin,077,732212,90448,89293,4786,94079,1548
2021-09-06,San Luis Obispo,079,281455,26653,26183,1011,27194,286
2021-09-06,San Mateo,081,765935,50762,49859,756,50615,561
2021-09-06,Santa Barbara,083,443738,40838,39876,1482,41358,489
2021-09-06,Santa Clara,085,1922200,137994,136458,1054,137512,1807
2021-09-06,Santa Cruz,087,273765,18887,18615,964,19579,210
2021-09-06,Shasta,089,179085,16814,15985,2570,18555,226
2021-09-06,Sierra,091,2930,130,109,13,122,0
2021-09-06,Siskiyou,093,43540,2741,2595,884,3479,34
2021-09-06,Solano,095,438530,42733,41774,1078,42852,300
2021-09-06,Sonoma,097,501317,38360,37929,460,38389,358
2021-09-06,Stanislaus,099,539301,70039,68596,7783,76379,1074
2021-09-06,Sutter,101,95872,12465,12238,191,12429,138
2021-09-06,Tehama,103,63373,6668,6413,1036,7449,74
2021-09-06,Trinity,105,12862,664,515,178,693,6
2021-09-06,Tulare,107,460477,58667,57068,11929,68997,874
2021-09-06,Tuolumne,109,53932,5828,5697,61,5758,88
2021-09-06,Ventura,111,848112,92690,91132,4019,95151,1093
2021-09-06,Yolo,113,214977,17841,17576,882,18458,235
2021-09-06,Yuba,115,75493,8758,8584,186,8770,55
2021-09-05,Alameda,001,1643700,111585,110173,2593,112766,1301
2021-09-05,Alpine,003,1148,94,94,0,94,0
2021-09-05,Amador,005,37829,4745,4642,45,4687,53
2021-09-05,Butte,007,227075,17089,16504,2947,19451,218
2021-09-05,Calaveras,009,45235,3170,3106,21,3127,63
2021-09-05,Colusa,011,21464,2342,2305,509,2814,16
2021-09-05,Contra Costa,013,1133247,91944,90862,1835,92697,891
2021-09-05,Del Norte,015,27424,3185,3023,19,3042,24
2021-09-05,El Dorado,017,186661,14104,13827,1344,15171,119
2021-09-05,Fresno,019,978130,121806,119384,10724,130108,1828
2021-09-05,Glenn,021,27897,2999,2899,813,3712,20
2021-09-05,Humboldt,023,135768,7513,7312,310,7622,52
2021-09-05,Imperial,025,180216,30810,30548,3068,33616,751
2021-09-05,Inyo,027,18085,1589,1572,17,1589,39
2021-09-05,Kern,029,883053,112465,110073,16401,126474,1408
2021-09-05,Kings,031,150075,27729,26989,1510,28499,264
2021-09-05,Lake,033,64148,5723,5525,95,5620,78
2021-09-05,Lassen,035,31185,5941,5820,200,6020,21
2021-09-05,Los Angeles,037,10098052,1368548,1357748,50919,1408667,25465
2021-09-05,Madera,039,155013,19735,19155,1497,20652,249
2021-09-05,Marin,041,260295,16497,16342,376,16718,242
2021-09-05,Mariposa,043,17540,799,761,25,786,5
2021-09-05,Mendocino,045,87422,6221,5965,236,6201,61
2021-09-05,Merced,047,269075,36800,36243,1341,37584,513
2021-09-05,Modoc,049,8938,460,447,160,607,5
2021-09-05,Mono,051,14174,1437,1416,17,1433,3
2021-09-05,Monterey,053,433212,46580,45795,2462,48257,540
2021-09-05,Napa,055,140530,11930,11770,78,11848,90
2021-09-05,Nevada,057,99092,7957,7722,259,7981,82
2021-09-05,Orange,059,3164182,291569,287614,13673,301287,5274
2021-09-05,Placer,061,380077,32288,31487,2946,34433,337
2021-09-05,Plumas,063,18699,1122,1067,19,1086,5
2021-09-05,Riverside,065,2383286,338593,332604,15650,348254,4654
2021-09-05,Sacramento,067,1510023,141902,141276,3317,144593,1905
2021-09-05,San Benito,069,59416,6815,6764,137,6901,64
2021-09-05,San Bernardino,071,2135413,332539,329062,10345,339407,5392
2021-09-05,San Diego,073,3302833,343765,339427,19902,359329,3914
2021-09-05,San Francisco,075,870044,48715,48035,2079,50114,589
2021-09-05,San Joaquin,077,732212,90282,89121,4769,93890,1548
2021-09-05,San Luis Obispo,079,281455,26604,26098,1010,27108,285
2021-09-05,San Mateo,081,765935,50694,49809,752,50561,561
2021-09-05,Santa Barbara,083,443738,40771,39762,1480,41242,489
2021-09-05,Santa Clara,085,1922200,137784,136146,1052,137198,1807
2021-09-05,Santa Cruz,087,273765,18867,18588,962,19550,210
2021-09-05,Shasta,089,179085,16731,15960,2544,18504,226
2021-09-05,Sierra,091,2930,129,109,13,122,0
2021-09-05,Siskiyou,093,43540,2724,2585,870,3455,34
2021-09-05,Solano,095,438530,42638,41687,1073,42760,300
2021-09-05,Sonoma,097,501317,38275,37881,459,38340,358
2021-09-05,Stanislaus,099,539301,69889,68434,7758,76192,1074
2021-09-05,Sutter,101,95872,12435,12179,185,12364,138
2021-09-05,Tehama,103,63373,6643,6400,1030,7430,74
2021-09-05,Trinity,105,12862,658,505,177,682,6
2021-09-05,Tulare,107,460477,58500,56915,11885,68800,874
2021-09-05,Tuolumne,109,53932,5816,5688,61,5749,88
2021-09-05,Ventura,111,848112,92555,91004,4015,95019,1093
2021-09-05,Yolo,113,214977,17806,17557,876,18433,235
2021-09-05,Yuba,115,75493,8732,8521,184,8705,55
2021-09-04,Alameda,001,1643700,111458,109944,2586,112530,1301
2021-09-04,Alpine,003,1148,94,94,0,94,0
2021-09-04,Amador,005,37829,4727,4637,44,4681,53
2021-09-04,Butte,007,227075,17031,16403,2932,19335,218
2021-09-04,Calaveras,009,45235,3159,3087,20,3107,63
2021-09-04,Colusa,011,21464,2340,2301,509,2810,16
2021-09-04,Contra Costa,013,1133247,91830,90623,1832,92455,891
2021-09-04,Del Norte,015,27424,3174,2984,19,3003,24
2021-09-04,El Dorado,017,186661,14078,13782,1336,15118,119
2021-09-04,Fresno,019,978130,121613,119033,10708,129741,1828
2021-09-04,Glenn,021,27897,2990,2878,810,3688,20
2021-09-04,Humboldt,023,135768,7482,7298,304,7602,52
2021-09-04,Imperial,025,180216,30787,30526,3066,33592,751
2021-09-04,Inyo,027,18085,1587,1571,17,1588,39
2021-09-04,Kern,029,883053,112220,109751,16270,126021,1408
2021-09-04,Kings,031,150075,27641,26896,1504,28400,263
2021-09-04,Lake,033,64148,5705,5507,95,5602,78
2021-09-04,Lassen,035,31185,5926,5814,192,6006,21
2021-09-04,Los Angeles,037,10098052,1367598,1355634,50860,1406494,25454
2021-09-04,Madera,039,155013,19702,19112,1490,20602,249
2021-09-04,Marin,041,260295,16481,16319,375,16694,242
2021-09-04,Mariposa,043,17540,794,759,25,784,5
2021-09-04,Mendocino,045,87422,6185,5933,236,6169,61
2021-09-04,Merced,047,269075,36755,36083,1338,37421,513
2021-09-04,Modoc,049,8938,460,447,160,607,5
2021-09-04,Mono,051,14174,1434,1417,17,1434,3
2021-09-04,Monterey,053,433212,46549,45756,2458,48214,540
2021-09-04,Napa,055,140530,11905,11760,76,11836,90
2021-09-04,Nevada,057,99092,7942,7691,258,7949,82
2021-09-04,Orange,059,3164182,291307,287244,13652,300896,5274
2021-09-04,Placer,061,380077,32184,31374,2929,34303,337
2021-09-04,Plumas,063,18699,1114,1067,19,1086,5
2021-09-04,Riverside,065,2383286,338123,331958,15638,347596,4654
2021-09-04,Sacramento,067,1510023,141609,140735,3309,144044,1896
2021-09-04,San Benito,069,59416,6806,6758,137,6895,64
2021-09-04,San Bernardino,071,2135413,332207,328425,10331,338756,5393
2021-09-04,San Diego,073,3302833,343331,338748,19880,358628,3914
2021-09-04,San Francisco,075,870044,48640,47937,2070,50007,589
2021-09-04,San Joaquin,077,732212,90166,88846,4761,93607,1548
2021-09-04,San Luis Obispo,079,281455,26572,26020,1010,27030,285
2021-09-04,San Mateo,081,765935,50638,49721,752,50473,560
2021-09-04,Santa Barbara,083,443738,40705,39667,1478,41145,489
2021-09-04,Santa Clara,085,1922200,137598,135845,1049,136894,1806
2021-09-04,Santa Cruz,087,273765,18849,18579,958,19537,210
2021-09-04,Shasta,089,179085,16654,15924,2518,18442,226
2021-09-04,Sierra,091,2930,127,108,13,121,0
2021-09-04,Siskiyou,093,43540,2698,2563,859,3422,34
2021-09-04,Solano,095,438530,42565,41614,1071,42685,300
2021-09-04,Sonoma,097,501317,38242,37809,459,38268,358
2021-09-04,Stanislaus,099,539301,69731,68210,7734,75944,1074
2021-09-04,Sutter,101,95872,12394,12137,184,12321,138
2021-09-04,Tehama,103,63373,6618,6367,1012,7379,74
2021-09-04,Trinity,105,12862,656,497,177,674,6
2021-09-04,Tulare,107,460477,58392,56719,11842,68561,874
2021-09-04,Tuolumne,109,53932,5798,5667,59,5726,88
2021-09-04,Ventura,111,848112,92420,90904,4012,94916,1090
2021-09-04,Yolo,113,214977,17772,17522,872,18394,235
2021-09-04,Yuba,115,75493,8704,8475,183,8658,55
2021-09-03,Alameda,001,1643700,111308,109636,2584,112220,1301
2021-09-03,Alpine,003,1148,94,94,0,94,0
2021-09-03,Amador,005,37829,4705,4614,44,4658,53
2021-09-03,Butte,007,227075,16941,16259,2906,19165,215
2021-09-03,Calaveras,009,45235,3149,3069,20,3089,63
2021-09-03,Colusa,011,21464,2335,2295,508,2803,16
2021-09-03,Contra Costa,013,1133247,91679,90299,1829,92128,886
2021-09-03,Del Norte,015,27424,3146,2943,18,2961,24
2021-09-03,El Dorado,017,186661,14045,13710,1332,15042,119
2021-09-03,Fresno,019,978130,121281,118508,10689,129197,1822
2021-09-03,Glenn,021,27897,2982,2867,804,3671,20
2021-09-03,Humboldt,023,135768,7458,7194,299,7493,52
2021-09-03,Imperial,025,180216,30764,30475,3060,33535,751
2021-09-03,Inyo,027,18085,1582,1567,17,1584,39
2021-09-03,Kern,029,883053,112004,109296,16159,125455,1407
2021-09-03,Kings,031,150075,27557,26753,1501,28254,263
2021-09-03,Lake,033,64148,5685,5479,93,5572,78
2021-09-03,Lassen,035,31185,5909,5789,187,5976,21
2021-09-03,Los Angeles,037,10098052,1366266,1351185,50794,1401979,25384
2021-09-03,Madera,039,155013,19617,19021,1484,20505,247
2021-09-03,Marin,041,260295,16459,16293,374,16667,242
2021-09-03,Mariposa,043,17540,786,753,25,778,5
2021-09-03,Mendocino,045,87422,6150,5891,236,6127,61
2021-09-03,Merced,047,269075,36701,35941,1329,37270,512
2021-09-03,Modoc,049,8938,460,445,160,605,5
2021-09-03,Mono,051,14174,1433,1410,17,1427,3
2021-09-03,Monterey,053,433212,46511,45707,2454,48161,540
2021-09-03,Napa,055,140530,11884,11733,76,11809,89
2021-09-03,Nevada,057,99092,7909,7632,258,7890,82
2021-09-03,Orange,059,3164182,290988,286818,13624,300442,5253
2021-09-03,Placer,061,380077,32077,31238,2905,34143,335
2021-09-03,Plumas,063,18699,1103,1057,19,1076,5
2021-09-03,Riverside,065,2383286,337591,331011,15622,346633,4653
2021-09-03,Sacramento,067,1510023,141240,139982,3290,143272,1886
2021-09-03,San Benito,069,59416,6800,6746,137,6883,64
2021-09-03,San Bernardino,071,2135413,331794,327599,10320,337919,5381
2021-09-03,San Diego,073,3302833,342709,337627,19848,357475,3911
2021-09-03,San Francisco,075,870044,48564,47822,2064,49886,589
2021-09-03,San Joaquin,077,732212,90013,88366,4753,93119,1540
2021-09-03,San Luis Obispo,079,281455,26496,25917,1008,26925,283
2021-09-03,San Mateo,081,765935,50543,49617,750,50367,560
2021-09-03,Santa Barbara,083,443738,40638,39507,1475,40982,489
2021-09-03,Santa Clara,085,1922200,137396,135522,1045,136567,1801
2021-09-03,Santa Cruz,087,273765,18824,18532,958,19490,210
2021-09-03,Shasta,089,179085,16579,15778,2494,18272,226
2021-09-03,Sierra,091,2930,125,105,13,118,0
2021-09-03,Siskiyou,093,43540,2686,2529,846,3375,34
2021-09-03,Solano,095,438530,42464,41457,1068,42525,300
2021-09-03,Sonoma,097,501317,38179,37699,459,38158,358
2021-09-03,Stanislaus,099,539301,69550,67887,7708,75595,1074
2021-09-03,Sutter,101,95872,12355,12073,183,12256,139
2021-09-03,Tehama,103,63373,6579,6334,1005,7339,72
2021-09-03,Trinity,105,12862,654,490,172,662,6
2021-09-03,Tulare,107,460477,58265,56401,11789,68190,872
2021-09-03,Tuolumne,109,53932,5756,5630,59,5689,88
2021-09-03,Ventura,111,848112,92286,90742,4008,94750,1088
2021-09-03,Yolo,113,214977,17749,17446,866,18312,235
2021-09-03,Yuba,115,75493,8672,8412,183,8595,55
2021-09-02,Alameda,001,1643700,111048,109377,2580,111957,1301
2021-09-02,Alpine,003,1148,93,92,0,92,0
2021-09-02,Amador,005,37829,4689,4606,44,4650,53
2021-09-02,Butte,007,227075,16815,16154,2887,19041,215
2021-09-02,Calaveras,009,45235,3138,3042,20,3062,62
2021-09-02,Colusa,011,21464,2331,2290,506,2796,16
2021-09-02,Contra Costa,013,1133247,91499,90038,1819,91857,886
2021-09-02,Del Norte,015,27424,3115,2891,18,2909,24
2021-09-02,El Dorado,017,186661,13985,13641,1306,14947,119
2021-09-02,Fresno,019,978130,120795,117974,10650,128624,1804
2021-09-02,Glenn,021,27897,2965,2855,800,3655,20
2021-09-02,Humboldt,023,135768,7410,7141,288,7429,52
2021-09-02,Imperial,025,180216,30720,30449,3056,33505,751
2021-09-02,Inyo,027,18085,1577,1564,16,1580,39
2021-09-02,Kern,029,883053,111591,108930,16015,124945,1404
2021-09-02,Kings,031,150075,27465,26638,1491,28129,263
2021-09-02,Lake,033,64148,5655,5432,89,5521,78
2021-09-02,Lassen,035,31185,5895,5747,180,5927,21
2021-09-02,Los Angeles,037,10098052,1364408,1351105,50698,1401803,25382
2021-09-02,Madera,039,155013,19526,18937,1466,20403,247
2021-09-02,Marin,041,260295,16446,16244,372,16616,242
2021-09-02,Mariposa,043,17540,780,745,22,767,5
2021-09-02,Mendocino,045,87422,6108,5848,233,6081,61
2021-09-02,Merced,047,269075,36538,35820,1322,37142,508
2021-09-02,Modoc,049,8938,460,437,160,597,5
2021-09-02,Mono,051,14174,1433,1409,17,1426,3
2021-09-02,Monterey,053,433212,46446,45648,2439,48087,539
2021-09-02,Napa,055,140530,11855,11684,76,11760,88
2021-09-02,Nevada,057,99092,7857,7575,257,7832,82
2021-09-02,Orange,059,3164182,290528,286326,13590,299916,5240
2021-09-02,Placer,061,380077,31939,31067,2876,33943,330
2021-09-02,Plumas,063,18699,1092,1045,18,1063,5
2021-09-02,Riverside,065,2383286,336875,330190,15597,345787,4644
2021-09-02,Sacramento,067,1510023,140657,139274,3251,142525,1882
2021-09-02,San Benito,069,59416,6795,6734,136,6870,64
2021-09-02,San Bernardino,071,2135413,331190,326940,10247,337187,5369
2021-09-02,San Diego,073,3302833,341741,336382,19796,356178,3909
2021-09-02,San Francisco,075,870044,48455,47674,2060,49734,587
2021-09-02,San Joaquin,077,732212,89728,88056,4729,92785,1540
2021-09-02,San Luis Obispo,079,281455,26411,25851,1003,26854,283
2021-09-02,San Mateo,081,765935,50444,49490,747,50237,558
2021-09-02,Santa Barbara,083,443738,40547,39386,1462,40848,486
2021-09-02,Santa Clara,085,1922200,137094,135216,1039,136255,1799
2021-09-02,Santa Cruz,087,273765,18790,18473,955,19428,210
2021-09-02,Shasta,089,179085,16441,15670,2465,18135,224
2021-09-02,Sierra,091,2930,125,105,13,118,0
2021-09-02,Siskiyou,093,43540,2665,2513,818,3331,34
2021-09-02,Solano,095,438530,42358,41293,1065,42358,294
2021-09-02,Sonoma,097,501317,38098,37558,459,38017,352
2021-09-02,Stanislaus,099,539301,69293,67576,7686,75262,1074
2021-09-02,Sutter,101,95872,12285,11995,179,12174,138
2021-09-02,Tehama,103,63373,6520,6265,986,7251,72
2021-09-02,Trinity,105,12862,650,484,170,654,6
2021-09-02,Tulare,107,460477,58037,56105,11737,67842,872
2021-09-02,Tuolumne,109,53932,5699,5578,59,5637,88
2021-09-02,Ventura,111,848112,92103,90610,4003,94613,1084
2021-09-02,Yolo,113,214977,17680,17357,855,18212,235
2021-09-02,Yuba,115,75493,8612,8363,183,8546,55
2021-09-01,Alameda,001,1643700,110776,109075,2574,111649,1299
2021-09-01,Alpine,003,1148,93,92,0,92,0
2021-09-01,Amador,005,37829,4673,4599,43,4642,53
2021-09-01,Butte,007,227075,16700,16046,2862,18908,215
2021-09-01,Calaveras,009,45235,3124,3023,20,3043,59
2021-09-01,Colusa,011,21464,2326,2281,506,2787,16
2021-09-01,Contra Costa,013,1133247,91272,89834,1812,91646,877
2021-09-01,Del Norte,015,27424,3082,2860,18,2878,24
2021-09-01,El Dorado,017,186661,13929,13577,1279,14856,119
2021-09-01,Fresno,019,978130,120309,117492,10598,128090,1800
2021-09-01,Glenn,021,27897,2937,2846,790,3636,20
2021-09-01,Humboldt,023,135768,7362,7090,281,7371,52
2021-09-01,Imperial,025,180216,30683,30393,3051,33444,750
2021-09-01,Inyo,027,18085,1573,1561,15,1576,39
2021-09-01,Kern,029,883053,111160,108449,15873,124322,1400
2021-09-01,Kings,031,150075,27352,26443,1480,27923,263
2021-09-01,Lake,033,64148,5613,5396,84,5480,77
2021-09-01,Lassen,035,31185,5873,5731,176,5907,21
2021-09-01,Los Angeles,037,10098052,1362150,1348589,50590,1399179,25341
2021-09-01,Madera,039,155013,19448,18852,1451,20303,247
2021-09-01,Marin,041,260295,16424,16224,367,16591,240
2021-09-01,Mariposa,043,17540,772,735,22,757,5
2021-09-01,Mendocino,045,87422,6065,5821,228,6049,59
2021-09-01,Merced,047,269075,36361,35686,1313,36999,500
2021-09-01,Modoc,049,8938,454,436,158,594,5
2021-09-01,Mono,051,14174,1433,1400,17,1417,3
2021-09-01,Monterey,053,433212,46366,45590,2424,48014,539
2021-09-01,Napa,055,140530,11822,11653,76,11729,88
2021-09-01,Nevada,057,99092,7804,7508,256,7764,82
2021-09-01,Orange,059,3164182,290054,285840,13552,299392,5233
2021-09-01,Placer,061,380077,31785,30902,2862,33764,330
2021-09-01,Plumas,063,18699,1084,1033,18,1051,5
2021-09-01,Riverside,065,2383286,336059,329388,15567,344955,4634
2021-09-01,Sacramento,067,1510023,140046,138499,3205,141704,1875
2021-09-01,San Benito,069,59416,6778,6716,136,6852,64
2021-09-01,San Bernardino,071,2135413,330542,326250,10218,336468,5364
2021-09-01,San Diego,073,3302833,340700,335302,19747,355049,3908
2021-09-01,San Francisco,075,870044,48346,47538,2053,49591,584
2021-09-01,San Joaquin,077,732212,89407,87640,4705,92345,1540
2021-09-01,San Luis Obispo,079,281455,26315,25691,998,26689,283
2021-09-01,San Mateo,081,765935,50326,49394,741,50135,558
2021-09-01,Santa Barbara,083,443738,40430,39263,1446,40709,483
2021-09-01,Santa Clara,085,1922200,136826,134855,1032,135887,1796
2021-09-01,Santa Cruz,087,273765,18743,18453,953,19406,210
2021-09-01,Shasta,089,179085,16308,15552,2423,17975,221
2021-09-01,Sierra,091,2930,124,98,13,111,0
2021-09-01,Siskiyou,093,43540,2635,2482,798,3280,34
2021-09-01,Solano,095,438530,42207,41194,1059,42253,293
2021-09-01,Sonoma,097,501317,38003,37454,458,37912,352
2021-09-01,Stanislaus,099,539301,69002,67287,7655,74942,1075
2021-09-01,Sutter,101,95872,12221,11945,172,12117,136
2021-09-01,Tehama,103,63373,6486,6228,969,7197,72
2021-09-01,Trinity,105,12862,649,482,167,649,5
2021-09-01,Tulare,107,460477,57755,55768,11700,67468,870
2021-09-01,Tuolumne,109,53932,5658,5553,59,5612,88
2021-09-01,Ventura,111,848112,91888,90471,3987,94458,1089
2021-09-01,Yolo,113,214977,17625,17264,849,18113,235
2021-09-01,Yuba,115,75493,8551,8308,183,8491,55
2021-08-31,Alameda,001,1643700,110471,108837,2567,111404,1297
2021-08-31,Alpine,003,1148,91,92,0,92,0
2021-08-31,Amador,005,37829,4652,4555,43,4598,53
2021-08-31,Butte,007,227075,16559,15896,2821,18717,216
2021-08-31,Calaveras,009,45235,3085,3008,20,3028,59
2021-08-31,Colusa,011,21464,2324,2275,504,2779,16
2021-08-31,Contra Costa,013,1133247,90979,89546,1800,91346,871
2021-08-31,Del Norte,015,27424,3046,2830,18,2848,19
2021-08-31,El Dorado,017,186661,13859,13539,1262,14801,119
2021-08-31,Fresno,019,978130,119737,117155,10527,127682,1801
2021-08-31,Glenn,021,27897,2920,2829,776,3605,20
2021-08-31,Humboldt,023,135768,7286,7030,268,7298,52
2021-08-31,Imperial,025,180216,30646,30348,3043,33391,750
2021-08-31,Inyo,027,18085,1569,1550,15,1565,39
2021-08-31,Kern,029,883053,110657,108151,15694,123845,1393
2021-08-31,Kings,031,150075,27211,26405,1466,27871,260
2021-08-31,Lake,033,64148,5569,5359,81,5440,74
2021-08-31,Lassen,035,31185,5847,5702,173,5875,21
2021-08-31,Los Angeles,037,10098052,1359563,1346686,50510,1397196,25303
2021-08-31,Madera,039,155013,19358,18811,1433,20244,247
2021-08-31,Marin,041,260295,16395,16215,364,16579,240
2021-08-31,Mariposa,043,17540,764,732,22,754,5
2021-08-31,Mendocino,045,87422,6023,5777,225,6002,59
2021-08-31,Merced,047,269075,36191,35512,1308,36820,498
2021-08-31,Modoc,049,8938,453,436,158,594,5
2021-08-31,Mono,051,14174,1421,1398,17,1415,3
2021-08-31,Monterey,053,433212,46282,45550,2411,47961,539
2021-08-31,Napa,055,140530,11775,11618,76,11694,88
2021-08-31,Nevada,057,99092,7737,7460,256,7716,82
2021-08-31,Orange,059,3164182,289455,285310,13517,298827,5229
2021-08-31,Placer,061,380077,31597,30745,2824,33569,325
2021-08-31,Plumas,063,18699,1080,1018,17,1035,5
2021-08-31,Riverside,065,2383286,335085,328556,15534,344090,4627
2021-08-31,Sacramento,067,1510023,139360,137879,3172,141051,1863
2021-08-31,San Benito,069,59416,6766,6694,134,6828,64
2021-08-31,San Bernardino,071,2135413,329798,325446,10198,335644,5350
2021-08-31,San Diego,073,3302833,339430,334377,19699,354076,3888
2021-08-31,San Francisco,075,870044,48196,47440,2042,49482,581
2021-08-31,San Joaquin,077,732212,88962,87365,4690,92055,1540
2021-08-31,San Luis Obispo,079,281455,26190,25518,994,26512,282
2021-08-31,San Mateo,081,765935,50215,49299,741,50040,556
2021-08-31,Santa Barbara,083,443738,40280,39091,1440,40531,481
2021-08-31,Santa Clara,085,1922200,136475,134637,1025,135662,1793
2021-08-31,Santa Cruz,087,273765,18702,18419,950,19369,210
2021-08-31,Shasta,089,179085,16155,15368,2395,17763,220
2021-08-31,Sierra,091,2930,121,95,13,108,0
2021-08-31,Siskiyou,093,43540,2615,2435,782,3217,33
2021-08-31,Solano,095,438530,42068,41067,1052,42119,289
2021-08-31,Sonoma,097,501317,37907,37379,457,37836,352
2021-08-31,Stanislaus,099,539301,68638,67004,7620,74624,1075
2021-08-31,Sutter,101,95872,12155,11901,168,12069,136
2021-08-31,Tehama,103,63373,6426,6169,938,7107,72
2021-08-31,Trinity,105,12862,643,480,167,647,3
2021-08-31,Tulare,107,460477,57421,55567,11629,67196,870
2021-08-31,Tuolumne,109,53932,5622,5516,59,5575,88
2021-08-31,Ventura,111,848112,91671,90292,3975,94267,1081
2021-08-31,Yolo,113,214977,17546,17205,840,18045,234
2021-08-31,Yuba,115,75493,8497,8253,183,8436,54
2021-08-30,Alameda,001,1643700,110146,107734,2556,110290,1296
2021-08-30,Alpine,003,1148,91,92,0,92,0
2021-08-30,Amador,005,37829,4641,4507,43,4550,53
2021-08-30,Butte,007,227075,16407,15719,2788,18507,214
2021-08-30,Calaveras,009,45235,3067,2975,20,2995,59
2021-08-30,Colusa,011,21464,2315,2271,500,2771,16
2021-08-30,Contra Costa,013,1133247,90720,87679,1790,89469,872
2021-08-30,Del Norte,015,27424,3004,2796,17,2813,11
2021-08-30,El Dorado,017,186661,13790,13217,1245,14462,119
2021-08-30,Fresno,019,978130,119173,115867,10465,126332,1790
2021-08-30,Glenn,021,27897,2909,2804,774,3578,20
2021-08-30,Humboldt,023,135768,7233,6930,261,7191,52
2021-08-30,Imperial,025,180216,30608,30311,3038,33349,750
2021-08-30,Inyo,027,18085,1564,1544,15,1559,39
2021-08-30,Kern,029,883053,110178,107615,15530,123145,1389
2021-08-30,Kings,031,150075,27095,26236,1451,27687,259
2021-08-30,Lake,033,64148,5534,5323,78,5401,74
2021-08-30,Lassen,035,31185,5825,5667,167,5834,21
2021-08-30,Los Angeles,037,10098052,1357106,1344949,50423,1395372,25269
2021-08-30,Madera,039,155013,19276,18622,1414,20036,247
2021-08-30,Marin,041,260295,16364,16160,364,16524,240
2021-08-30,Mariposa,043,17540,758,715,21,736,5
2021-08-30,Mendocino,045,87422,5989,5721,221,5942,55
2021-08-30,Merced,047,269075,36061,35335,1306,36641,497
2021-08-30,Modoc,049,8938,451,436,157,593,5
2021-08-30,Mono,051,14174,1420,1390,17,1407,3
2021-08-30,Monterey,053,433212,46220,45463,2394,47857,539
2021-08-30,Napa,055,140530,11726,11579,74,11653,87
2021-08-30,Nevada,057,99092,7678,7356,253,7609,82
2021-08-30,Orange,059,3164182,288874,284750,13468,298218,5223
2021-08-30,Placer,061,380077,31432,29825,2801,32626,319
2021-08-30,Plumas,063,18699,1063,998,17,1015,5
2021-08-30,Riverside,065,2383286,334187,327593,15503,343096,4623
2021-08-30,Sacramento,067,1510023,138703,134571,3126,137697,1847
2021-08-30,San Benito,069,59416,6757,6663,134,6797,64
2021-08-30,San Bernardino,071,2135413,329122,324870,10168,335038,5348
2021-08-30,San Diego,073,3302833,338150,333011,19628,352639,3885
2021-08-30,San Francisco,075,870044,48057,46966,2028,48994,581
2021-08-30,San Joaquin,077,732212,88631,86203,4670,90873,1528
2021-08-30,San Luis Obispo,079,281455,26064,25422,987,26409,280
2021-08-30,San Mateo,081,765935,50090,48839,735,49574,554
2021-08-30,Santa Barbara,083,443738,40131,38998,1435,40433,481
2021-08-30,Santa Clara,085,1922200,136154,133281,1018,134299,1789
2021-08-30,Santa Cruz,087,273765,18647,18326,946,19272,210
2021-08-30,Shasta,089,179085,16026,15238,2351,17589,217
2021-08-30,Sierra,091,2930,119,91,13,104,0
2021-08-30,Siskiyou,093,43540,2602,2411,771,3182,33
2021-08-30,Solano,095,438530,41904,39986,1048,41034,290
2021-08-30,Sonoma,097,501317,37801,36764,457,37221,352
2021-08-30,Stanislaus,099,539301,68294,66173,7590,73763,1074
2021-08-30,Sutter,101,95872,12084,11791,161,11952,136
2021-08-30,Tehama,103,63373,6347,6085,914,6999,71
2021-08-30,Trinity,105,12862,632,468,164,632,3
2021-08-30,Tulare,107,460477,57109,55140,11553,66693,870
2021-08-30,Tuolumne,109,53932,5576,5492,59,5551,74
2021-08-30,Ventura,111,848112,91455,90149,3963,94112,1082
2021-08-30,Yolo,113,214977,17483,17071,836,17907,231
2021-08-30,Yuba,115,75493,8423,8129,182,8311,54
2021-08-29,Alameda,001,1643700,109804,107494,2544,110038,1296
2021-08-29,Alpine,003,1148,91,92,0,92,0
2021-08-29,Amador,005,37829,4627,4501,43,4544,53
2021-08-29,Butte,007,227075,16237,15602,2751,18353,214
2021-08-29,Calaveras,009,45235,3033,2970,20,2990,59
2021-08-29,Colusa,011,21464,2307,2260,494,2754,16
2021-08-29,Contra Costa,013,1133247,90421,87439,1785,89224,872
2021-08-29,Del Norte,015,27424,2961,2752,17,2769,11
2021-08-29,El Dorado,017,186661,13735,13166,1234,14400,119
2021-08-29,Fresno,019,978130,118578,115502,10411,125913,1790
2021-08-29,Glenn,021,27897,2895,2778,767,3545,20
2021-08-29,Humboldt,023,135768,7189,6922,246,7168,52
2021-08-29,Imperial,025,180216,30547,30293,3028,33321,750
2021-08-29,Inyo,027,18085,1554,1543,14,1557,39
2021-08-29,Kern,029,883053,109727,107324,15359,122683,1389
2021-08-29,Kings,031,150075,26943,26143,1436,27579,259
2021-08-29,Lake,033,64148,5494,5293,68,5361,74
2021-08-29,Lassen,035,31185,5802,5666,163,5829,21
2021-08-29,Los Angeles,037,10098052,1354345,1342541,50311,1392852,25263
2021-08-29,Madera,039,155013,19189,18594,1398,19992,247
2021-08-29,Marin,041,260295,16333,16134,361,16495,240
2021-08-29,Mariposa,043,17540,752,709,19,728,5
2021-08-29,Mendocino,045,87422,5931,5689,208,5897,55
2021-08-29,Merced,047,269075,35822,35250,1294,36544,497
2021-08-29,Modoc,049,8938,448,436,157,593,5
2021-08-29,Mono,051,14174,1413,1387,17,1404,3
2021-08-29,Monterey,053,433212,46113,45424,2370,47794,539
2021-08-29,Napa,055,140530,11695,11552,74,11626,87
2021-08-29,Nevada,057,99092,7622,7294,252,7546,82
2021-08-29,Orange,059,3164182,288248,284432,13426,297858,5223
2021-08-29,Placer,061,380077,31259,29674,2760,32434,319
2021-08-29,Plumas,063,18699,1052,996,17,1013,5
2021-08-29,Riverside,065,2383286,333328,326987,15482,342469,4623
2021-08-29,Sacramento,067,1510023,137950,133981,3077,137058,1843
2021-08-29,San Benito,069,59416,6731,6646,134,6780,64
2021-08-29,San Bernardino,071,2135413,328335,324266,10134,334400,5347
2021-08-29,San Diego,073,3302833,337039,332014,19536,351550,3880
2021-08-29,San Francisco,075,870044,47922,46885,2016,48901,581
2021-08-29,San Joaquin,077,732212,88184,85922,4650,90572,1528
2021-08-29,San Luis Obispo,079,281455,25866,25288,982,26270,280
2021-08-29,San Mateo,081,765935,49976,48737,730,49467,554
2021-08-29,Santa Barbara,083,443738,39964,38900,1431,40331,481
2021-08-29,Santa Clara,085,1922200,135799,132979,1012,133991,1789
2021-08-29,Santa Cruz,087,273765,18600,18285,944,19229,210
2021-08-29,Shasta,089,179085,15872,15198,2324,17522,217
2021-08-29,Sierra,091,2930,117,91,13,104,0
2021-08-29,Siskiyou,093,43540,2555,2407,751,3158,33
2021-08-29,Solano,095,438530,41749,39887,1041,40928,290
2021-08-29,Sonoma,097,501317,37665,36650,453,37103,352
2021-08-29,Stanislaus,099,539301,67948,65956,7556,73512,1074
2021-08-29,Sutter,101,95872,12026,11719,154,11873,136
2021-08-29,Tehama,103,63373,6276,6040,891,6931,71
2021-08-29,Trinity,105,12862,629,468,160,628,3
2021-08-29,Tulare,107,460477,56776,54974,11469,66443,870
2021-08-29,Tuolumne,109,53932,5551,5478,58,5536,74
2021-08-29,Ventura,111,848112,91198,90114,3954,94068,1082
2021-08-29,Yolo,113,214977,17384,17015,824,17839,231
2021-08-29,Yuba,115,75493,8359,8042,182,8224,54
2021-08-28,Alameda,001,1643700,109640,107007,2535,109542,1296
2021-08-28,Alpine,003,1148,91,92,0,92,0
2021-08-28,Amador,005,37829,4608,4484,43,4527,53
2021-08-28,Butte,007,227075,16178,15487,2723,18210,214
2021-08-28,Calaveras,009,45235,3025,2926,20,2946,59
2021-08-28,Colusa,011,21464,2303,2252,492,2744,16
2021-08-28,Contra Costa,013,1133247,90209,86938,1782,88720,872
2021-08-28,Del Norte,015,27424,2934,2734,16,2750,11
2021-08-28,El Dorado,017,186661,13695,13089,1228,14317,119
2021-08-28,Fresno,019,978130,118337,115079,10387,125466,1792
2021-08-28,Glenn,021,27897,2887,2773,760,3533,20
2021-08-28,Humboldt,023,135768,7154,6887,241,7128,52
2021-08-28,Imperial,025,180216,30520,30260,3024,33284,750
2021-08-28,Inyo,027,18085,1552,1539,14,1553,39
2021-08-28,Kern,029,883053,109489,107012,15216,122228,1389
2021-08-28,Kings,031,150075,26876,26059,1433,27492,257
2021-08-28,Lake,033,64148,5471,5267,64,5331,74
2021-08-28,Lassen,035,31185,5787,5665,162,5827,21
2021-08-28,Los Angeles,037,10098052,1353136,1337097,50238,1387335,25234
2021-08-28,Madera,039,155013,19138,18553,1383,19936,247
2021-08-28,Marin,041,260295,16318,16106,361,16467,240
2021-08-28,Mariposa,043,17540,750,704,19,723,5
2021-08-28,Mendocino,045,87422,5906,5658,208,5866,55
2021-08-28,Merced,047,269075,35770,35108,1291,36399,497
2021-08-28,Modoc,049,8938,448,436,156,592,5
2021-08-28,Mono,051,14174,1410,1385,17,1402,3
2021-08-28,Monterey,053,433212,46071,45394,2365,47759,539
2021-08-28,Napa,055,140530,11672,11512,73,11585,88
2021-08-28,Nevada,057,99092,7598,7238,250,7488,82
2021-08-28,Orange,059,3164182,287890,283953,13377,297330,5222
2021-08-28,Placer,061,380077,31150,29428,2747,32175,319
2021-08-28,Plumas,063,18699,1045,991,17,1008,5
2021-08-28,Riverside,065,2383286,332740,326222,15472,341694,4623
2021-08-28,Sacramento,067,1510023,137558,132985,3061,136046,1844
2021-08-28,San Benito,069,59416,6724,6636,134,6770,64
2021-08-28,San Bernardino,071,2135413,327887,323672,10126,333798,5348
2021-08-28,San Diego,073,3302833,336454,331330,19502,350832,3880
2021-08-28,San Francisco,075,870044,47850,46654,2009,48663,581
2021-08-28,San Joaquin,077,732212,88015,85481,4641,90122,1527
2021-08-28,San Luis Obispo,079,281455,25800,25138,977,26115,280
2021-08-28,San Mateo,081,765935,49901,48575,726,49301,554
2021-08-28,Santa Barbara,083,443738,39892,38780,1430,40210,481
2021-08-28,Santa Clara,085,1922200,135591,132488,1010,133498,1789
2021-08-28,Santa Cruz,087,273765,18583,18240,941,19181,210
2021-08-28,Shasta,089,179085,15769,15147,2305,17452,217
2021-08-28,Sierra,091,2930,113,91,13,104,0
2021-08-28,Siskiyou,093,43540,2547,2402,740,3142,33
2021-08-28,Solano,095,438530,41700,39610,1040,40650,290
2021-08-28,Sonoma,097,501317,37592,36466,451,36917,352
2021-08-28,Stanislaus,099,539301,67786,65670,7539,73209,1074
2021-08-28,Sutter,101,95872,12005,11669,153,11822,136
2021-08-28,Tehama,103,63373,6251,6004,878,6882,71
2021-08-28,Trinity,105,12862,625,463,159,622,3
2021-08-28,Tulare,107,460477,56646,54746,11427,66173,870
2021-08-28,Tuolumne,109,53932,5535,5469,58,5527,74
2021-08-28,Ventura,111,848112,91080,89934,3952,93886,1081
2021-08-28,Yolo,113,214977,17348,16907,817,17724,231
2021-08-28,Yuba,115,75493,8328,7985,181,8166,55
2021-08-27,Alameda,001,1643700,109430,106622,2532,109154,1296
2021-08-27,Alpine,003,1148,91,92,0,92,0
2021-08-27,Amador,005,37829,4592,4458,42,4500,53
2021-08-27,Butte,007,227075,16098,15277,2704,17981,214
2021-08-27,Calaveras,009,45235,3011,2903,20,2923,59
2021-08-27,Colusa,011,21464,2297,2240,490,2730,16
2021-08-27,Contra Costa,013,1133247,90011,86386,1779,88165,872
2021-08-27,Del Norte,015,27424,2902,2695,16,2711,11
2021-08-27,El Dorado,017,186661,13656,12968,1224,14192,119
2021-08-27,Fresno,019,978130,117903,114481,10369,124850,1774
2021-08-27,Glenn,021,27897,2869,2754,752,3506,20
2021-08-27,Humboldt,023,135768,7121,6782,238,7020,52
2021-08-27,Imperial,025,180216,30500,30201,3020,33221,750
2021-08-27,Inyo,027,18085,1551,1529,14,1543,39
2021-08-27,Kern,029,883053,109195,106570,15106,121676,1385
2021-08-27,Kings,031,150075,26797,25957,1431,27388,257
2021-08-27,Lake,033,64148,5446,5228,63,5291,74
2021-08-27,Lassen,035,31185,5771,5646,157,5803,21
2021-08-27,Los Angeles,037,10098052,1351615,1337006,50171,1387177,25230
2021-08-27,Madera,039,155013,19082,18476,1370,19846,247
2021-08-27,Marin,041,260295,16302,16055,359,16414,240
2021-08-27,Mariposa,043,17540,744,690,19,709,5
2021-08-27,Mendocino,045,87422,5875,5602,207,5809,55
2021-08-27,Merced,047,269075,35716,34906,1282,36188,495
2021-08-27,Modoc,049,8938,448,434,156,590,5
2021-08-27,Mono,051,14174,1405,1385,17,1402,3
2021-08-27,Monterey,053,433212,46022,45337,2357,47694,539
2021-08-27,Napa,055,140530,11638,11460,73,11533,87
2021-08-27,Nevada,057,99092,7558,7169,248,7417,82
2021-08-27,Orange,059,3164182,287528,283407,13338,296745,5206
2021-08-27,Placer,061,380077,31020,29157,2727,31884,320
2021-08-27,Plumas,063,18699,1039,984,17,1001,5
2021-08-27,Riverside,065,2383286,332223,325379,15457,340836,4622
2021-08-27,Sacramento,067,1510023,137122,131921,3048,134969,1838
2021-08-27,San Benito,069,59416,6718,6622,134,6756,64
2021-08-27,San Bernardino,071,2135413,327363,322893,10108,333001,5342
2021-08-27,San Diego,073,3302833,335669,330162,19448,349610,3877
2021-08-27,San Francisco,075,870044,47773,46456,1991,48447,581
2021-08-27,San Joaquin,077,732212,87832,84949,4622,89571,1524
2021-08-27,San Luis Obispo,079,281455,25752,24952,974,25926,280
2021-08-27,San Mateo,081,765935,49825,48424,722,49146,553
2021-08-27,Santa Barbara,083,443738,39800,38675,1428,40103,480
2021-08-27,Santa Clara,085,1922200,135361,132011,1007,133018,1783
2021-08-27,Santa Cruz,087,273765,18544,18163,937,19100,210
2021-08-27,Shasta,089,179085,15688,14996,2289,17285,217
2021-08-27,Sierra,091,2930,112,91,13,104,0
2021-08-27,Siskiyou,093,43540,2532,2358,726,3084,33
2021-08-27,Solano,095,438530,41587,39347,1036,40383,287
2021-08-27,Sonoma,097,501317,37520,36326,450,36776,342
2021-08-27,Stanislaus,099,539301,67575,65167,7501,72668,1061
2021-08-27,Sutter,101,95872,11959,11590,151,11741,135
2021-08-27,Tehama,103,63373,6218,5964,863,6827,71
2021-08-27,Trinity,105,12862,625,458,158,616,3
2021-08-27,Tulare,107,460477,56510,54443,11381,65824,870
2021-08-27,Tuolumne,109,53932,5503,5438,58,5496,74
2021-08-27,Ventura,111,848112,90951,89774,3948,93722,1076
2021-08-27,Yolo,113,214977,17306,16805,812,17617,231
2021-08-27,Yuba,115,75493,8271,7926,181,8107,54
2021-08-26,Alameda,001,1643700,109150,106146,2523,108669,1296
2021-08-26,Alpine,003,1148,91,92,0,92,0
2021-08-26,Amador,005,37829,4577,4442,41,4483,53
2021-08-26,Butte,007,227075,15965,15159,2668,17827,214
2021-08-26,Calaveras,009,45235,3002,2873,20,2893,59
2021-08-26,Colusa,011,21464,2290,2234,486,2720,16
2021-08-26,Contra Costa,013,1133247,89651,85808,1773,87581,866
2021-08-26,Del Norte,015,27424,2866,2625,16,2641,8
2021-08-26,El Dorado,017,186661,13587,12863,1210,14073,118
2021-08-26,Fresno,019,978130,117401,113854,10315,124169,1770
2021-08-26,Glenn,021,27897,2849,2740,744,3484,20
2021-08-26,Humboldt,023,135768,7063,6695,228,6923,53
2021-08-26,Imperial,025,180216,30451,30121,3012,33133,748
2021-08-26,Inyo,027,18085,1541,1521,13,1534,39
2021-08-26,Kern,029,883053,108767,106051,14961,121012,1380
2021-08-26,Kings,031,150075,26674,25838,1423,27261,260
2021-08-26,Lake,033,64148,5400,5196,60,5256,74
2021-08-26,Lassen,035,31185,5759,5626,155,5781,21
2021-08-26,Los Angeles,037,10098052,1349351,1334372,50075,1384447,25199
2021-08-26,Madera,039,155013,19012,18393,1358,19751,247
2021-08-26,Marin,041,260295,16273,15983,356,16339,240
2021-08-26,Mariposa,043,17540,734,677,19,696,5
2021-08-26,Mendocino,045,87422,5837,5533,202,5735,55
2021-08-26,Merced,047,269075,35549,34755,1261,36016,495
2021-08-26,Modoc,049,8938,448,433,156,589,5
2021-08-26,Mono,051,14174,1401,1385,17,1402,3
2021-08-26,Monterey,053,433212,45950,45265,2346,47611,539
2021-08-26,Napa,055,140530,11616,11394,72,11466,87
2021-08-26,Nevada,057,99092,7499,7086,245,7331,80
2021-08-26,Orange,059,3164182,287036,282814,13315,296129,5200
2021-08-26,Placer,061,380077,30852,28898,2701,31599,319
2021-08-26,Plumas,063,18699,1032,971,16,987,5
2021-08-26,Riverside,065,2383286,331431,324486,15436,339922,4615
2021-08-26,Sacramento,067,1510023,136589,130977,3006,133983,1827
2021-08-26,San Benito,069,59416,6708,6604,134,6738,64
2021-08-26,San Bernardino,071,2135413,326703,322100,10084,332184,5339
2021-08-26,San Diego,073,3302833,334640,328276,19382,347658,3869
2021-08-26,San Francisco,075,870044,47646,46288,1986,48274,581
2021-08-26,San Joaquin,077,732212,87454,84429,4599,89028,1513
2021-08-26,San Luis Obispo,079,281455,25602,24831,968,25799,278
2021-08-26,San Mateo,081,765935,49696,48263,720,48983,553
2021-08-26,Santa Barbara,083,443738,39716,38566,1427,39993,479
2021-08-26,Santa Clara,085,1922200,135035,131443,1003,132446,1782
2021-08-26,Santa Cruz,087,273765,18484,18072,935,19007,210
2021-08-26,Shasta,089,179085,15564,14891,2262,17153,217
2021-08-26,Sierra,091,2930,110,90,13,103,0
2021-08-26,Siskiyou,093,43540,2510,2342,712,3054,33
2021-08-26,Solano,095,438530,41438,39027,1028,40055,286
2021-08-26,Sonoma,097,501317,37431,36102,450,36552,337
2021-08-26,Stanislaus,099,539301,67258,64785,7461,72246,1061
2021-08-26,Sutter,101,95872,11899,11499,148,11647,135
2021-08-26,Tehama,103,63373,6160,5913,850,6763,68
2021-08-26,Trinity,105,12862,620,450,156,606,3
2021-08-26,Tulare,107,460477,56253,54157,11335,65492,870
2021-08-26,Tuolumne,109,53932,5483,5387,58,5445,74
2021-08-26,Ventura,111,848112,90765,89595,3939,93534,1080
2021-08-26,Yolo,113,214977,17239,16727,801,17528,231
2021-08-26,Yuba,115,75493,8198,7834,179,8013,54
2021-08-25,Alameda,001,1643700,108820,105636,2515,108151,1296
2021-08-25,Alpine,003,1148,91,92,0,92,0
2021-08-25,Amador,005,37829,4562,4415,41,4456,53
2021-08-25,Butte,007,227075,15859,15039,2626,17665,214
2021-08-25,Calaveras,009,45235,2981,2851,20,2871,59
2021-08-25,Colusa,011,21464,2283,2227,477,2704,16
2021-08-25,Contra Costa,013,1133247,89268,85322,1767,87089,863
2021-08-25,Del Norte,015,27424,2821,2573,16,2589,8
2021-08-25,El Dorado,017,186661,13528,12787,1194,13981,118
2021-08-25,Fresno,019,978130,116863,113384,10270,123654,1761
2021-08-25,Glenn,021,27897,2829,2728,732,3460,20
2021-08-25,Humboldt,023,135768,6994,6653,218,6871,52
2021-08-25,Imperial,025,180216,30414,30085,3005,33090,748
2021-08-25,Inyo,027,18085,1537,1518,13,1531,39
2021-08-25,Kern,029,883053,108336,105687,14805,120492,1379
2021-08-25,Kings,031,150075,26567,25676,1416,27092,258
2021-08-25,Lake,033,64148,5370,5163,57,5220,74
2021-08-25,Lassen,035,31185,5742,5583,154,5737,21
2021-08-25,Los Angeles,037,10098052,1346749,1331400,49987,1381387,25170
2021-08-25,Madera,039,155013,18948,18311,1335,19646,247
2021-08-25,Marin,041,260295,16251,15938,350,16288,240
2021-08-25,Mariposa,043,17540,728,676,19,695,5
2021-08-25,Mendocino,045,87422,5801,5486,197,5683,53
2021-08-25,Merced,047,269075,35411,34600,1256,35856,492
2021-08-25,Modoc,049,8938,448,433,156,589,5
2021-08-25,Mono,051,14174,1397,1382,17,1399,3
2021-08-25,Monterey,053,433212,45876,45196,2331,47527,539
2021-08-25,Napa,055,140530,11582,11348,71,11419,87
2021-08-25,Nevada,057,99092,7433,7000,244,7244,77
2021-08-25,Orange,059,3164182,286511,282061,13282,295343,5193
2021-08-25,Placer,061,380077,30675,28740,2668,31408,319
2021-08-25,Plumas,063,18699,1017,962,16,978,5
2021-08-25,Riverside,065,2383286,330587,323548,15414,338962,4610
2021-08-25,Sacramento,067,1510023,135907,130046,2967,133013,1827
2021-08-25,San Benito,069,59416,6687,6587,133,6720,64
2021-08-25,San Bernardino,071,2135413,326009,321228,10063,331291,5337
2021-08-25,San Diego,073,3302833,333361,327166,19307,346473,3859
2021-08-25,San Francisco,075,870044,47497,46107,1981,48088,578
2021-08-25,San Joaquin,077,732212,87069,84002,4583,88585,1510
2021-08-25,San Luis Obispo,079,281455,25410,24607,965,25572,276
2021-08-25,San Mateo,081,765935,49572,48153,716,48869,553
2021-08-25,Santa Barbara,083,443738,39586,38450,1427,39877,479
2021-08-25,Santa Clara,085,1922200,134666,130995,1000,131995,1783
2021-08-25,Santa Cruz,087,273765,18423,17987,932,18919,210
2021-08-25,Shasta,089,179085,15435,14752,2230,16982,217
2021-08-25,Sierra,091,2930,107,90,13,103,0
2021-08-25,Siskiyou,093,43540,2465,2322,693,3015,33
2021-08-25,Solano,095,438530,41267,38848,1016,39864,286
2021-08-25,Sonoma,097,501317,37307,35986,447,36433,336
2021-08-25,Stanislaus,099,539301,66967,64441,7428,71869,1061
2021-08-25,Sutter,101,95872,11831,11451,144,11595,134
2021-08-25,Tehama,103,63373,6101,5861,833,6694,68
2021-08-25,Trinity,105,12862,614,450,155,605,3
2021-08-25,Tulare,107,460477,55968,53877,11264,65141,866
2021-08-25,Tuolumne,109,53932,5457,5354,58,5412,74
2021-08-25,Ventura,111,848112,90582,89379,3925,93304,1068
2021-08-25,Yolo,113,214977,17175,16667,791,17458,231
2021-08-25,Yuba,115,75493,8132,7771,178,7949,54
2021-08-24,Alameda,001,1643700,108490,105319,2505,107824,1296
2021-08-24,Alpine,003,1148,91,92,0,92,0
2021-08-24,Amador,005,37829,4543,4380,41,4421,50
2021-08-24,Butte,007,227075,15703,14964,2592,17556,214
2021-08-24,Calaveras,009,45235,2941,2811,20,2831,59
2021-08-24,Colusa,011,21464,2275,2221,473,2694,16
2021-08-24,Contra Costa,013,1133247,88907,84963,1761,86724,857
2021-08-24,Del Norte,015,27424,2794,2543,16,2559,8
2021-08-24,El Dorado,017,186661,13451,12732,1178,13910,118
2021-08-24,Fresno,019,978130,116258,113024,10210,123234,1761
2021-08-24,Glenn,021,27897,2814,2717,724,3441,20
2021-08-24,Humboldt,023,135768,6931,6585,205,6790,52
2021-08-24,Imperial,025,180216,30353,30045,2999,33044,748
2021-08-24,Inyo,027,18085,1532,1512,13,1525,39
2021-08-24,Kern,029,883053,107872,105399,14638,120037,1375
2021-08-24,Kings,031,150075,26446,25629,1401,27030,258
2021-08-24,Lake,033,64148,5335,5135,57,5192,72
2021-08-24,Lassen,035,31185,5726,5576,152,5728,21
2021-08-24,Los Angeles,037,10098052,1343889,1328777,49887,1378664,25135
2021-08-24,Madera,039,155013,18872,18251,1318,19569,247
2021-08-24,Marin,041,260295,16215,15900,346,16246,240
2021-08-24,Mariposa,043,17540,721,670,19,689,5
2021-08-24,Mendocino,045,87422,5757,5416,190,5606,52
2021-08-24,Merced,047,269075,35243,34490,1245,35735,491
2021-08-24,Modoc,049,8938,448,432,156,588,5
2021-08-24,Mono,051,14174,1395,1382,17,1399,3
2021-08-24,Monterey,053,433212,45810,45126,2314,47440,539
2021-08-24,Napa,055,140530,11549,11299,70,11369,85
2021-08-24,Nevada,057,99092,7363,6981,242,7223,77
2021-08-24,Orange,059,3164182,285912,281461,13256,294717,5187
2021-08-24,Placer,061,380077,30472,28618,2629,31247,318
2021-08-24,Plumas,063,18699,1007,953,16,969,5
2021-08-24,Riverside,065,2383286,329713,322620,15383,338003,4605
2021-08-24,Sacramento,067,1510023,135222,129542,2919,132461,1812
2021-08-24,San Benito,069,59416,6674,6576,133,6709,64
2021-08-24,San Bernardino,071,2135413,325254,320300,10033,330333,5328
2021-08-24,San Diego,073,3302833,331899,325823,19211,345034,3851
2021-08-24,San Francisco,075,870044,47322,46010,1969,47979,574
2021-08-24,San Joaquin,077,732212,86628,83684,4545,88229,1508
2021-08-24,San Luis Obispo,079,281455,25232,24443,955,25398,274
2021-08-24,San Mateo,081,765935,49423,48050,714,48764,553
2021-08-24,Santa Barbara,083,443738,39456,38307,1426,39733,478
2021-08-24,Santa Clara,085,1922200,134241,130763,996,131759,1779
2021-08-24,Santa Cruz,087,273765,18349,17928,926,18854,209
2021-08-24,Shasta,089,179085,15327,14664,2198,16862,217
2021-08-24,Sierra,091,2930,104,90,13,103,0
2021-08-24,Siskiyou,093,43540,2443,2294,678,2972,33
2021-08-24,Solano,095,438530,41058,38724,1004,39728,283
2021-08-24,Sonoma,097,501317,37178,35849,445,36294,336
2021-08-24,Stanislaus,099,539301,66607,64195,7378,71573,1058
2021-08-24,Sutter,101,95872,11764,11384,141,11525,134
2021-08-24,Tehama,103,63373,6055,5826,818,6644,67
2021-08-24,Trinity,105,12862,603,446,147,593,3
2021-08-24,Tulare,107,460477,55616,53702,11174,64876,856
2021-08-24,Tuolumne,109,53932,5426,5287,58,5345,74
2021-08-24,Ventura,111,848112,90397,89167,3914,93081,1068
2021-08-24,Yolo,113,214977,17099,16492,778,17270,231
2021-08-24,Yuba,115,75493,8049,7723,176,7899,54
2021-08-23,Alameda,001,1643700,108087,104922,2493,107415,1294
2021-08-23,Alpine,003,1148,91,91,0,91,0
2021-08-23,Amador,005,37829,4529,4369,41,4410,50
2021-08-23,Butte,007,227075,15557,14847,2557,17404,211
2021-08-23,Calaveras,009,45235,2906,2803,20,2823,59
2021-08-23,Colusa,011,21464,2271,2206,470,2676,16
2021-08-23,Contra Costa,013,1133247,88527,84651,1754,86405,857
2021-08-23,Del Norte,015,27424,2748,2499,16,2515,8
2021-08-23,El Dorado,017,186661,13348,12684,1156,13840,118
2021-08-23,Fresno,019,978130,115699,112445,10160,122605,1759
2021-08-23,Glenn,021,27897,2796,2696,717,3413,20
2021-08-23,Humboldt,023,135768,6856,6498,190,6688,52
2021-08-23,Imperial,025,180216,30302,30011,2996,33007,748
2021-08-23,Inyo,027,18085,1525,1509,13,1522,39
2021-08-23,Kern,029,883053,107417,104995,14482,119477,1375
2021-08-23,Kings,031,150075,26314,25465,1395,26860,257
2021-08-23,Lake,033,64148,5295,5099,55,5154,69
2021-08-23,Lassen,035,31185,5714,5562,152,5714,21
2021-08-23,Los Angeles,037,10098052,1340934,1326412,49762,1376174,25096
2021-08-23,Madera,039,155013,18786,18155,1303,19458,246
2021-08-23,Marin,041,260295,16167,15856,342,16198,240
2021-08-23,Mariposa,043,17540,710,645,19,664,5
2021-08-23,Mendocino,045,87422,5690,5374,183,5557,51
2021-08-23,Merced,047,269075,35060,34322,1240,35562,488
2021-08-23,Modoc,049,8938,445,431,155,586,6
2021-08-23,Mono,051,14174,1391,1384,17,1401,3
2021-08-23,Monterey,053,433212,45712,45047,2303,47350,538
2021-08-23,Napa,055,140530,11511,11257,70,11327,85
2021-08-23,Nevada,057,99092,7283,6930,240,7170,77
2021-08-23,Orange,059,3164182,285276,280891,13221,294112,5181
2021-08-23,Placer,061,380077,30272,28540,2591,31131,314
2021-08-23,Plumas,063,18699,999,934,16,950,5
2021-08-23,Riverside,065,2383286,328801,321650,15357,337007,4598
2021-08-23,Sacramento,067,1510023,134436,128969,2852,131821,1807
2021-08-23,San Benito,069,59416,6656,6562,131,6693,64
2021-08-23,San Bernardino,071,2135413,324451,319577,9994,329571,5324
2021-08-23,San Diego,073,3302833,330441,324536,19106,343642,3848
2021-08-23,San Francisco,075,870044,47168,45945,1960,47905,573
2021-08-23,San Joaquin,077,732212,86194,83466,4512,87978,1499
2021-08-23,San Luis Obispo,079,281455,25050,24317,953,25270,274
2021-08-23,San Mateo,081,765935,49284,47935,711,48646,553
2021-08-23,Santa Barbara,083,443738,39278,38181,1424,39605,478
2021-08-23,Santa Clara,085,1922200,133841,130489,992,131481,1778
2021-08-23,Santa Cruz,087,273765,18292,17871,924,18795,209
2021-08-23,Shasta,089,179085,15201,14537,2159,16696,216
2021-08-23,Sierra,091,2930,104,90,13,103,0
2021-08-23,Siskiyou,093,43540,2422,2274,657,2931,33
2021-08-23,Solano,095,438530,40905,38612,995,39607,283
2021-08-23,Sonoma,097,501317,37058,35769,444,36213,336
2021-08-23,Stanislaus,099,539301,66255,63922,7339,71261,1058
2021-08-23,Sutter,101,95872,11675,11314,133,11447,133
2021-08-23,Tehama,103,63373,6001,5805,800,6605,67
2021-08-23,Trinity,105,12862,600,435,144,579,3
2021-08-23,Tulare,107,460477,55309,53370,11102,64472,856
2021-08-23,Tuolumne,109,53932,5384,5240,58,5298,73
2021-08-23,Ventura,111,848112,90178,88960,3902,92862,1063
2021-08-23,Yolo,113,214977,17012,16445,763,17208,226
2021-08-23,Yuba,115,75493,7978,7653,174,7827,54
2021-08-22,Alameda,001,1643700,107637,104539,2460,106999,1294
2021-08-22,Alpine,003,1148,91,91,0,91,0
2021-08-22,Amador,005,37829,4499,4349,41,4390,50
2021-08-22,Butte,007,227075,15418,14791,2521,17312,211
2021-08-22,Calaveras,009,45235,2867,2771,20,2791,59
2021-08-22,Colusa,011,21464,2263,2201,464,2665,16
2021-08-22,Contra Costa,013,1133247,87984,84371,1740,86111,857
2021-08-22,Del Norte,015,27424,2688,2455,16,2471,8
2021-08-22,El Dorado,017,186661,13244,12629,1136,13765,118
2021-08-22,Fresno,019,978130,115101,112057,10091,122148,1759
2021-08-22,Glenn,021,27897,2773,2678,704,3382,20
2021-08-22,Humboldt,023,135768,6779,6483,171,6654,52
2021-08-22,Imperial,025,180216,30244,29993,2991,32984,748
2021-08-22,Inyo,027,18085,1519,1505,13,1518,39
2021-08-22,Kern,029,883053,106892,104691,14326,119017,1375
2021-08-22,Kings,031,150075,26156,25391,1378,26769,257
2021-08-22,Lake,033,64148,5249,5069,52,5121,69
2021-08-22,Lassen,035,31185,5682,5556,147,5703,21
2021-08-22,Los Angeles,037,10098052,1337633,1324151,49630,1373781,25089
2021-08-22,Madera,039,155013,18667,18120,1289,19409,246
2021-08-22,Marin,041,260295,16115,15822,334,16156,240
2021-08-22,Mariposa,043,17540,700,638,17,655,5
2021-08-22,Mendocino,045,87422,5631,5336,183,5519,51
2021-08-22,Merced,047,269075,34856,34234,1228,35462,488
2021-08-22,Modoc,049,8938,443,431,155,586,6
2021-08-22,Mono,051,14174,1389,1378,17,1395,3
2021-08-22,Monterey,053,433212,45613,45017,2289,47306,538
2021-08-22,Napa,055,140530,11466,11231,70,11301,85
2021-08-22,Nevada,057,99092,7209,6864,238,7102,77
2021-08-22,Orange,059,3164182,284586,280390,13176,293566,5181
2021-08-22,Placer,061,380077,30063,28395,2555,30950,314
2021-08-22,Plumas,063,18699,980,923,15,938,5
2021-08-22,Riverside,065,2383286,327779,320836,15308,336144,4594
2021-08-22,Sacramento,067,1510023,133661,128231,2811,131042,1802
2021-08-22,San Benito,069,59416,6639,6550,131,6681,64
2021-08-22,San Bernardino,071,2135413,323482,318839,9959,328798,5324
2021-08-22,San Diego,073,3302833,329112,323591,19001,342592,3848
2021-08-22,San Francisco,075,870044,47002,45831,1950,47781,573
2021-08-22,San Joaquin,077,732212,85737,83121,4477,87598,1498
2021-08-22,San Luis Obispo,079,281455,24844,24250,946,25196,274
2021-08-22,San Mateo,081,765935,49108,47821,706,48527,553
2021-08-22,Santa Barbara,083,443738,39094,38099,1416,39515,478
2021-08-22,Santa Clara,085,1922200,133424,130189,985,131174,1778
2021-08-22,Santa Cruz,087,273765,18231,17823,919,18742,209
2021-08-22,Shasta,089,179085,15063,14478,2123,16601,216
2021-08-22,Sierra,091,2930,104,87,13,100,0
2021-08-22,Siskiyou,093,43540,2393,2261,639,2900,33
2021-08-22,Solano,095,438530,40706,38489,981,39470,283
2021-08-22,Sonoma,097,501317,36902,35676,441,36117,336
2021-08-22,Stanislaus,099,539301,65889,63683,7249,70932,1058
2021-08-22,Sutter,101,95872,11593,11251,129,11380,133
2021-08-22,Tehama,103,63373,5955,5791,781,6572,67
2021-08-22,Trinity,105,12862,593,433,142,575,3
2021-08-22,Tulare,107,460477,54989,53220,11018,64238,856
2021-08-22,Tuolumne,109,53932,5341,5214,58,5272,73
2021-08-22,Ventura,111,848112,89969,88791,3885,92676,1063
2021-08-22,Yolo,113,214977,16910,16374,754,17128,226
2021-08-22,Yuba,115,75493,7904,7626,173,7799,54
2021-08-21,Alameda,001,1643700,107434,104281,2453,106734,1294
2021-08-21,Alpine,003,1148,91,91,0,91,0
2021-08-21,Amador,005,37829,4489,4338,39,4377,50
2021-08-21,Butte,007,227075,15350,14714,2500,17214,211
2021-08-21,Calaveras,009,45235,2854,2744,20,2764,59
2021-08-21,Colusa,011,21464,2257,2192,460,2652,16
2021-08-21,Contra Costa,013,1133247,87726,84136,1734,85870,857
2021-08-21,Del Norte,015,27424,2665,2409,16,2425,8
2021-08-21,El Dorado,017,186661,13200,12590,1132,13722,118
2021-08-21,Fresno,019,978130,114905,111765,10078,121843,1759
2021-08-21,Glenn,021,27897,2763,2654,697,3351,20
2021-08-21,Humboldt,023,135768,6741,6446,165,6611,52
2021-08-21,Imperial,025,180216,30201,29976,2988,32964,748
2021-08-21,Inyo,027,18085,1516,1500,13,1513,39
2021-08-21,Kern,029,883053,106636,104443,14201,118644,1375
2021-08-21,Kings,031,150075,26085,25313,1373,26686,257
2021-08-21,Lake,033,64148,5229,5055,50,5105,69
2021-08-21,Lassen,035,31185,5668,5553,147,5700,21
2021-08-21,Los Angeles,037,10098052,1336340,1321308,49539,1370847,25080
2021-08-21,Madera,039,155013,18629,18067,1283,19350,246
2021-08-21,Marin,041,260295,16081,15775,332,16107,240
2021-08-21,Mariposa,043,17540,690,634,17,651,5
2021-08-21,Mendocino,045,87422,5585,5307,182,5489,51
2021-08-21,Merced,047,269075,34751,34148,1223,35371,488
2021-08-21,Modoc,049,8938,443,430,155,585,6
2021-08-21,Mono,051,14174,1389,1378,17,1395,3
2021-08-21,Monterey,053,433212,45566,44969,2282,47251,538
2021-08-21,Napa,055,140530,11431,11211,70,11281,85
2021-08-21,Nevada,057,99092,7165,6810,237,7047,77
2021-08-21,Orange,059,3164182,284136,279855,13142,292997,5181
2021-08-21,Placer,061,380077,29925,28289,2530,30819,314
2021-08-21,Plumas,063,18699,976,916,14,930,5
2021-08-21,Riverside,065,2383286,327198,320086,15295,335381,4594
2021-08-21,Sacramento,067,1510023,133167,127751,2799,130550,1809
2021-08-21,San Benito,069,59416,6629,6542,130,6672,64
2021-08-21,San Bernardino,071,2135413,323031,318293,9938,328231,5324
2021-08-21,San Diego,073,3302833,328447,322620,18961,341581,3848
2021-08-21,San Francisco,075,870044,46900,45637,1943,47580,573
2021-08-21,San Joaquin,077,732212,85520,82825,4462,87287,1498
2021-08-21,San Luis Obispo,079,281455,24786,24169,946,25115,273
2021-08-21,San Mateo,081,765935,49011,47685,706,48391,553
2021-08-21,Santa Barbara,083,443738,39012,37951,1412,39363,478
2021-08-21,Santa Clara,085,1922200,133159,129911,981,130892,1778
2021-08-21,Santa Cruz,087,273765,18194,17763,914,18677,209
2021-08-21,Shasta,089,179085,14989,14417,2109,16526,217
2021-08-21,Sierra,091,2930,99,85,13,98,0
2021-08-21,Siskiyou,093,43540,2379,2246,628,2874,33
2021-08-21,Solano,095,438530,40595,38423,971,39394,281
2021-08-21,Sonoma,097,501317,36815,35582,440,36022,336
2021-08-21,Stanislaus,099,539301,65697,63512,7231,70743,1058
2021-08-21,Sutter,101,95872,11548,11204,127,11331,133
2021-08-21,Tehama,103,63373,5930,5757,774,6531,67
2021-08-21,Trinity,105,12862,588,431,140,571,3
2021-08-21,Tulare,107,460477,54846,53045,10974,64019,857
2021-08-21,Tuolumne,109,53932,5310,5193,58,5251,73
2021-08-21,Ventura,111,848112,89825,88558,3870,92428,1063
2021-08-21,Yolo,113,214977,16863,16322,748,17070,226
2021-08-21,Yuba,115,75493,7858,7580,172,7752,54
2021-08-20,Alameda,001,1643700,107189,103812,2445,106257,1294
2021-08-20,Alpine,003,1148,91,91,0,91,0
2021-08-20,Amador,005,37829,4463,4323,39,4362,50
2021-08-20,Butte,007,227075,15278,14617,2478,17095,211
2021-08-20,Calaveras,009,45235,2839,2717,20,2737,59
2021-08-20,Colusa,011,21464,2252,2178,458,2636,16
2021-08-20,Contra Costa,013,1133247,87449,83721,1727,85448,857
2021-08-20,Del Norte,015,27424,2633,2316,16,2332,8
2021-08-20,El Dorado,017,186661,13162,12495,1124,13619,118
2021-08-20,Fresno,019,978130,114552,111315,10046,121361,1759
2021-08-20,Glenn,021,27897,2756,2642,692,3334,20
2021-08-20,Humboldt,023,135768,6690,6349,160,6509,52
2021-08-20,Imperial,025,180216,30178,29934,2988,32922,747
2021-08-20,Inyo,027,18085,1510,1495,13,1508,39
2021-08-20,Kern,029,883053,106351,104048,14073,118121,1373
2021-08-20,Kings,031,150075,26019,25241,1371,26612,256
2021-08-20,Lake,033,64148,5214,5024,47,5071,69
2021-08-20,Lassen,035,31185,5648,5539,147,5686,21
2021-08-20,Los Angeles,037,10098052,1334468,1317541,49440,1366981,25049
2021-08-20,Madera,039,155013,18580,18018,1268,19286,246
2021-08-20,Marin,041,260295,16063,15727,328,16055,240
2021-08-20,Mariposa,043,17540,685,630,17,647,5
2021-08-20,Mendocino,045,87422,5539,5241,181,5422,51
2021-08-20,Merced,047,269075,34686,34035,1215,35250,486
2021-08-20,Modoc,049,8938,443,429,155,584,6
2021-08-20,Mono,051,14174,1388,1368,17,1385,3
2021-08-20,Monterey,053,433212,45528,44890,2275,47165,538
2021-08-20,Napa,055,140530,11399,11152,70,11222,83
2021-08-20,Nevada,057,99092,7123,6753,231,6984,77
2021-08-20,Orange,059,3164182,283692,279193,13121,292314,5179
2021-08-20,Placer,061,380077,29830,28156,2501,30657,313
2021-08-20,Plumas,063,18699,967,908,14,922,5
2021-08-20,Riverside,065,2383286,326502,319072,15264,334336,4594
2021-08-20,Sacramento,067,1510023,132691,127226,2782,130008,1797
2021-08-20,San Benito,069,59416,6615,6508,130,6638,64
2021-08-20,San Bernardino,071,2135413,322418,317372,9909,327281,5322
2021-08-20,San Diego,073,3302833,327541,321102,18892,339994,3846
2021-08-20,San Francisco,075,870044,46803,45432,1928,47360,573
2021-08-20,San Joaquin,077,732212,85290,82419,4444,86863,1496
2021-08-20,San Luis Obispo,079,281455,24708,23986,942,24928,273
2021-08-20,San Mateo,081,765935,48897,47561,703,48264,551
2021-08-20,Santa Barbara,083,443738,38928,37794,1407,39201,477
2021-08-20,Santa Clara,085,1922200,132876,129510,976,130486,1774
2021-08-20,Santa Cruz,087,273765,18154,17701,911,18612,209
2021-08-20,Shasta,089,179085,14910,14277,2090,16367,215
2021-08-20,Sierra,091,2930,97,83,13,96,0
2021-08-20,Siskiyou,093,43540,2363,2226,623,2849,33
2021-08-20,Solano,095,438530,40455,38214,960,39174,277
2021-08-20,Sonoma,097,501317,36746,35416,439,35855,336
2021-08-20,Stanislaus,099,539301,65495,63219,7208,70427,1047
2021-08-20,Sutter,101,95872,11492,11136,126,11262,133
2021-08-20,Tehama,103,63373,5914,5730,762,6492,66
2021-08-20,Trinity,105,12862,588,422,139,561,3
2021-08-20,Tulare,107,460477,54714,52855,10931,63786,856
2021-08-20,Tuolumne,109,53932,5286,5153,57,5210,73
2021-08-20,Ventura,111,848112,89659,88285,3867,92152,1061
2021-08-20,Yolo,113,214977,16809,16236,742,16978,225
2021-08-20,Yuba,115,75493,7817,7523,172,7695,54
2021-08-19,Alameda,001,1643700,106739,103276,2422,105698,1294
2021-08-19,Alpine,003,1148,91,91,0,91,0
2021-08-19,Amador,005,37829,4456,4317,39,4356,50
2021-08-19,Butte,007,227075,15143,14518,2449,16967,211
2021-08-19,Calaveras,009,45235,2820,2673,20,2693,59
2021-08-19,Colusa,011,21464,2243,2167,454,2621,16
2021-08-19,Contra Costa,013,1133247,87010,83296,1713,85009,852
2021-08-19,Del Norte,015,27424,2583,2257,16,2273,8
2021-08-19,El Dorado,017,186661,13077,12410,1103,13513,118
2021-08-19,Fresno,019,978130,114114,110947,9997,120944,1759
2021-08-19,Glenn,021,27897,2738,2629,685,3314,20
2021-08-19,Humboldt,023,135768,6628,6246,154,6400,52
2021-08-19,Imperial,025,180216,30132,29865,2983,32848,747
2021-08-19,Inyo,027,18085,1503,1494,13,1507,39
2021-08-19,Kern,029,883053,105955,103731,13932,117663,1371
2021-08-19,Kings,031,150075,25888,25128,1359,26487,256
2021-08-19,Lake,033,64148,5184,4991,43,5034,69
2021-08-19,Lassen,035,31185,5630,5520,146,5666,21
2021-08-19,Los Angeles,037,10098052,1331489,1314453,49300,1363753,25020
2021-08-19,Madera,039,155013,18518,17947,1253,19200,246
2021-08-19,Marin,041,260295,16030,15672,325,15997,240
2021-08-19,Mariposa,043,17540,670,618,17,635,5
2021-08-19,Mendocino,045,87422,5506,5167,178,5345,51
2021-08-19,Merced,047,269075,34551,33851,1201,35052,486
2021-08-19,Modoc,049,8938,443,427,155,582,6
2021-08-19,Mono,051,14174,1384,1349,17,1366,3
2021-08-19,Monterey,053,433212,45455,44821,2265,47086,538
2021-08-19,Napa,055,140530,11347,11104,70,11174,83
2021-08-19,Nevada,057,99092,7059,6695,229,6924,77
2021-08-19,Orange,059,3164182,283056,278562,13070,291632,5172
2021-08-19,Placer,061,380077,29650,27953,2483,30436,313
2021-08-19,Plumas,063,18699,954,896,14,910,5
2021-08-19,Riverside,065,2383286,325474,318056,15235,333291,4589
2021-08-19,Sacramento,067,1510023,131988,126720,2746,129466,1801
2021-08-19,San Benito,069,59416,6597,6493,128,6621,64
2021-08-19,San Bernardino,071,2135413,321597,316398,9886,326284,5318
2021-08-19,San Diego,073,3302833,326277,319582,18802,338384,3839
2021-08-19,San Francisco,075,870044,46640,45220,1914,47134,571
2021-08-19,San Joaquin,077,732212,84845,82047,4395,86442,1491
2021-08-19,San Luis Obispo,079,281455,24568,23878,935,24813,271
2021-08-19,San Mateo,081,765935,48762,47431,701,48132,551
2021-08-19,Santa Barbara,083,443738,38783,37693,1404,39097,477
2021-08-19,Santa Clara,085,1922200,132486,129133,969,130102,1774
2021-08-19,Santa Cruz,087,273765,18092,17644,904,18548,209
2021-08-19,Shasta,089,179085,14786,14200,2067,16267,214
2021-08-19,Sierra,091,2930,93,83,13,96,0
2021-08-19,Siskiyou,093,43540,2348,2218,611,2829,33
2021-08-19,Solano,095,438530,40297,38025,948,38973,273
2021-08-19,Sonoma,097,501317,36658,35233,438,35671,336
2021-08-19,Stanislaus,099,539301,65135,62928,7164,70092,1047
2021-08-19,Sutter,101,95872,11408,11057,125,11182,133
2021-08-19,Tehama,103,63373,5878,5683,735,6418,66
2021-08-19,Trinity,105,12862,584,414,137,551,3
2021-08-19,Tulare,107,460477,54483,52685,10867,63552,856
2021-08-19,Tuolumne,109,53932,5250,5112,56,5168,64
2021-08-19,Ventura,111,848112,89456,88073,3852,91925,1060
2021-08-19,Yolo,113,214977,16724,16153,734,16887,225
2021-08-19,Yuba,115,75493,7764,7458,171,7629,51
2021-08-18,Alameda,001,1643700,106324,102696,2400,105096,1294
2021-08-18,Alpine,003,1148,90,91,0,91,0
2021-08-18,Amador,005,37829,4439,4279,38,4317,50
2021-08-18,Butte,007,227075,15033,14426,2423,16849,208
2021-08-18,Calaveras,009,45235,2779,2643,19,2662,59
2021-08-18,Colusa,011,21464,2235,2160,450,2610,16
2021-08-18,Contra Costa,013,1133247,86515,82767,1707,84474,851
2021-08-18,Del Norte,015,27424,2526,2219,16,2235,8
2021-08-18,El Dorado,017,186661,12987,12306,1089,13395,118
2021-08-18,Fresno,019,978130,113661,110523,9942,120465,1759
2021-08-18,Glenn,021,27897,2708,2623,678,3301,20
2021-08-18,Humboldt,023,135768,6556,6195,149,6344,52
2021-08-18,Imperial,025,180216,30099,29821,2981,32802,746
2021-08-18,Inyo,027,18085,1500,1494,13,1507,39
2021-08-18,Kern,029,883053,105607,103440,13837,117277,1370
2021-08-18,Kings,031,150075,25779,24984,1352,26336,256
2021-08-18,Lake,033,64148,5143,4957,42,4999,69
2021-08-18,Lassen,035,31185,5611,5506,145,5651,21
2021-08-18,Los Angeles,037,10098052,1328341,1311477,49168,1360645,24984
2021-08-18,Madera,039,155013,18458,17871,1240,19111,246
2021-08-18,Marin,041,260295,15992,15610,322,15932,240
2021-08-18,Mariposa,043,17540,657,615,16,631,5
2021-08-18,Mendocino,045,87422,5455,5129,175,5304,51
2021-08-18,Merced,047,269075,34386,33708,1190,34898,484
2021-08-18,Modoc,049,8938,443,427,154,581,6
2021-08-18,Mono,051,14174,1381,1344,17,1361,3
2021-08-18,Monterey,053,433212,45371,44735,2249,46984,532
2021-08-18,Napa,055,140530,11308,11060,69,11129,83
2021-08-18,Nevada,057,99092,6993,6633,229,6862,76
2021-08-18,Orange,059,3164182,282419,277795,13014,290809,5168
2021-08-18,Placer,061,380077,29424,27741,2455,30196,312
2021-08-18,Plumas,063,18699,945,874,14,888,5
2021-08-18,Riverside,065,2383286,324474,317107,15201,332308,4585
2021-08-18,Sacramento,067,1510023,131228,125599,2714,128313,1781
2021-08-18,San Benito,069,59416,6586,6481,127,6608,64
2021-08-18,San Bernardino,071,2135413,320796,315477,9867,325344,5304
2021-08-18,San Diego,073,3302833,324932,318152,18737,336889,3834
2021-08-18,San Francisco,075,870044,46435,44957,1904,46861,568
2021-08-18,San Joaquin,077,732212,84393,81601,4365,85966,1491
2021-08-18,San Luis Obispo,079,281455,24417,23726,924,24650,270
2021-08-18,San Mateo,081,765935,48596,47255,700,47955,551
2021-08-18,Santa Barbara,083,443738,38651,37599,1398,38997,475
2021-08-18,Santa Clara,085,1922200,132122,128563,966,129529,1773
2021-08-18,Santa Cruz,087,273765,18037,17566,900,18466,209
2021-08-18,Shasta,089,179085,14687,14087,2048,16135,213
2021-08-18,Sierra,091,2930,92,83,13,96,0
2021-08-18,Siskiyou,093,43540,2319,2204,599,2803,33
2021-08-18,Solano,095,438530,40091,37812,933,38745,271
2021-08-18,Sonoma,097,501317,36515,35063,437,35500,333
2021-08-18,Stanislaus,099,539301,64785,62613,7121,69734,1047
2021-08-18,Sutter,101,95872,11336,11004,120,11124,130
2021-08-18,Tehama,103,63373,5843,5653,725,6378,66
2021-08-18,Trinity,105,12862,577,409,134,543,3
2021-08-18,Tulare,107,460477,54243,52486,10798,63284,856
2021-08-18,Tuolumne,109,53932,5214,5081,54,5135,64
2021-08-18,Ventura,111,848112,89224,87835,3842,91677,1055
2021-08-18,Yolo,113,214977,16641,16047,715,16762,225
2021-08-18,Yuba,115,75493,7699,7391,171,7562,51
2021-08-17,Alameda,001,1643700,105909,102379,2384,104763,1290
2021-08-17,Alpine,003,1148,90,91,0,91,0
2021-08-17,Amador,005,37829,4410,4266,38,4304,50
2021-08-17,Butte,007,227075,14926,14357,2389,16746,206
2021-08-17,Calaveras,009,45235,2738,2624,19,2643,59
2021-08-17,Colusa,011,21464,2226,2156,446,2602,16
2021-08-17,Contra Costa,013,1133247,86067,82482,1696,84178,848
2021-08-17,Del Norte,015,27424,2472,2188,16,2204,8
2021-08-17,El Dorado,017,186661,12899,12242,1075,13317,118
2021-08-17,Fresno,019,978130,113179,110263,9881,120144,1755
2021-08-17,Glenn,021,27897,2694,2608,671,3279,20
2021-08-17,Humboldt,023,135768,6478,6155,147,6302,52
2021-08-17,Imperial,025,180216,30048,29768,2977,32745,746
2021-08-17,Inyo,027,18085,1497,1492,13,1505,39
2021-08-17,Kern,029,883053,105212,103048,13713,116761,1367
2021-08-17,Kings,031,150075,25672,24930,1341,26271,254
2021-08-17,Lake,033,64148,5100,4930,36,4966,68
2021-08-17,Lassen,035,31185,5594,5499,143,5642,21
2021-08-17,Los Angeles,037,10098052,1324796,1307999,49036,1357035,24952
2021-08-17,Madera,039,155013,18384,17838,1220,19058,246
2021-08-17,Marin,041,260295,15937,15570,322,15892,240
2021-08-17,Mariposa,043,17540,649,609,15,624,5
2021-08-17,Mendocino,045,87422,5400,5097,175,5272,51
2021-08-17,Merced,047,269075,34238,33508,1177,34685,482
2021-08-17,Modoc,049,8938,440,424,152,576,6
2021-08-17,Mono,051,14174,1376,1341,17,1358,3
2021-08-17,Monterey,053,433212,45288,44672,2239,46911,528
2021-08-17,Napa,055,140530,11267,11007,68,11075,83
2021-08-17,Nevada,057,99092,6918,6605,227,6832,75
2021-08-17,Orange,059,3164182,281771,277121,12978,290099,5164
2021-08-17,Placer,061,380077,29209,27634,2426,30060,312
2021-08-17,Plumas,063,18699,933,860,14,874,5
2021-08-17,Riverside,065,2383286,323462,316051,15158,331209,4582
2021-08-17,Sacramento,067,1510023,130435,125151,2671,127822,1774
2021-08-17,San Benito,069,59416,6567,6470,127,6597,64
2021-08-17,San Bernardino,071,2135413,319860,314402,9827,324229,5302
2021-08-17,San Diego,073,3302833,323316,317058,18641,335699,3824
2021-08-17,San Francisco,075,870044,46235,44820,1898,46718,567
2021-08-17,San Joaquin,077,732212,83924,81300,4333,85633,1489
2021-08-17,San Luis Obispo,079,281455,24260,23556,921,24477,268
2021-08-17,San Mateo,081,765935,48438,47127,695,47822,551
2021-08-17,Santa Barbara,083,443738,38495,37478,1390,38868,475
2021-08-17,Santa Clara,085,1922200,131720,128354,961,129315,1773
2021-08-17,Santa Cruz,087,273765,17951,17528,899,18427,209
2021-08-17,Shasta,089,179085,14556,14012,2029,16041,214
2021-08-17,Sierra,091,2930,91,82,13,95,0
2021-08-17,Siskiyou,093,43540,2303,2183,586,2769,33
2021-08-17,Solano,095,438530,39862,37662,920,38582,269
2021-08-17,Sonoma,097,501317,36366,34943,433,35376,333
2021-08-17,Stanislaus,099,539301,64433,62385,7061,69446,1047
2021-08-17,Sutter,101,95872,11264,10973,120,11093,130
2021-08-17,Tehama,103,63373,5809,5612,703,6315,66
2021-08-17,Trinity,105,12862,572,406,131,537,3
2021-08-17,Tulare,107,460477,53975,52362,10730,63092,856
2021-08-17,Tuolumne,109,53932,5171,5042,53,5095,64
2021-08-17,Ventura,111,848112,88986,87601,3821,91422,1053
2021-08-17,Yolo,113,214977,16552,15975,701,16676,225
2021-08-17,Yuba,115,75493,7628,7355,171,7526,51
2021-08-16,Alameda,001,1643700,105407,102052,2372,104424,1287
2021-08-16,Alpine,003,1148,90,91,0,91,0
2021-08-16,Amador,005,37829,4400,4235,38,4273,50
2021-08-16,Butte,007,227075,14808,14283,2355,16638,206
2021-08-16,Calaveras,009,45235,2680,2609,18,2627,57
2021-08-16,Colusa,011,21464,2215,2147,442,2589,16
2021-08-16,Contra Costa,013,1133247,85525,82070,1686,83756,848
2021-08-16,Del Norte,015,27424,2395,2125,16,2141,8
2021-08-16,El Dorado,017,186661,12797,12139,1062,13201,118
2021-08-16,Fresno,019,978130,112679,109623,9834,119457,1753
2021-08-16,Glenn,021,27897,2675,2593,665,3258,20
2021-08-16,Humboldt,023,135768,6407,6064,125,6189,52
2021-08-16,Imperial,025,180216,30008,29737,2961,32698,746
2021-08-16,Inyo,027,18085,1494,1490,13,1503,39
2021-08-16,Kern,029,883053,104837,102690,13597,116287,1367
2021-08-16,Kings,031,150075,25571,24817,1331,26148,254
2021-08-16,Lake,033,64148,5073,4898,35,4933,68
2021-08-16,Lassen,035,31185,5578,5481,135,5616,21
2021-08-16,Los Angeles,037,10098052,1321416,1305330,48890,1354220,24923
2021-08-16,Madera,039,155013,18309,17756,1199,18955,246
2021-08-16,Marin,041,260295,15878,15497,320,15817,239
2021-08-16,Mariposa,043,17540,632,597,15,612,5
2021-08-16,Mendocino,045,87422,5344,5037,173,5210,49
2021-08-16,Merced,047,269075,34037,33364,1165,34529,481
2021-08-16,Modoc,049,8938,438,421,151,572,5
2021-08-16,Mono,051,14174,1371,1339,17,1356,3
2021-08-16,Monterey,053,433212,45209,44595,2227,46822,527
2021-08-16,Napa,055,140530,11238,10946,68,11014,83
2021-08-16,Nevada,057,99092,6862,6535,226,6761,74
2021-08-16,Orange,059,3164182,280978,275985,12933,288918,5161
2021-08-16,Placer,061,380077,29026,27384,2393,29777,306
2021-08-16,Plumas,063,18699,922,851,14,865,5
2021-08-16,Riverside,065,2383286,322372,314774,15121,329895,4582
2021-08-16,Sacramento,067,1510023,129625,124554,2628,127182,1762
2021-08-16,San Benito,069,59416,6543,6452,127,6579,64
2021-08-16,San Bernardino,071,2135413,318897,313617,9800,323417,5301
2021-08-16,San Diego,073,3302833,321710,315348,18506,333854,3824
2021-08-16,San Francisco,075,870044,46032,44681,1889,46570,567
2021-08-16,San Joaquin,077,732212,83421,81087,4306,85393,1488
2021-08-16,San Luis Obispo,079,281455,24110,23452,913,24365,265
2021-08-16,San Mateo,081,765935,48256,47024,688,47712,548
2021-08-16,Santa Barbara,083,443738,38326,37358,1385,38743,475
2021-08-16,Santa Clara,085,1922200,131255,127978,957,128935,1773
2021-08-16,Santa Cruz,087,273765,17889,17491,893,18384,209
2021-08-16,Shasta,089,179085,14465,13862,2012,15874,211
2021-08-16,Sierra,091,2930,88,82,13,95,0
2021-08-16,Siskiyou,093,43540,2286,2169,566,2735,33
2021-08-16,Solano,095,438530,39581,37436,906,38342,263
2021-08-16,Sonoma,097,501317,36196,34844,431,35275,333
2021-08-16,Stanislaus,099,539301,64070,62033,7010,69043,1039
2021-08-16,Sutter,101,95872,11195,10902,119,11021,130
2021-08-16,Tehama,103,63373,5745,5565,698,6263,66
2021-08-16,Trinity,105,12862,566,400,130,530,3
2021-08-16,Tulare,107,460477,53731,52162,10660,62822,856
2021-08-16,Tuolumne,109,53932,5132,4984,52,5036,64
2021-08-16,Ventura,111,848112,88741,86954,3803,90757,1052
2021-08-16,Yolo,113,214977,16451,15922,693,16615,225
2021-08-16,Yuba,115,75493,7544,7314,170,7484,51
2021-08-15,Alameda,001,1643700,104912,101660,2355,104015,1287
2021-08-15,Alpine,003,1148,90,91,0,91,0
2021-08-15,Amador,005,37829,4372,4231,38,4269,49
2021-08-15,Butte,007,227075,14683,14263,2331,16594,206
2021-08-15,Calaveras,009,45235,2633,2599,18,2617,57
2021-08-15,Colusa,011,21464,2203,2140,432,2572,16
2021-08-15,Contra Costa,013,1133247,85042,81781,1671,83452,848
2021-08-15,Del Norte,015,27424,2328,2060,16,2076,8
2021-08-15,El Dorado,017,186661,12662,12057,1045,13102,118
2021-08-15,Fresno,019,978130,112207,109382,9771,119153,1753
2021-08-15,Glenn,021,27897,2651,2592,653,3245,20
2021-08-15,Humboldt,023,135768,6333,6024,119,6143,52
2021-08-15,Imperial,025,180216,29942,29711,2957,32668,746
2021-08-15,Inyo,027,18085,1493,1489,13,1502,39
2021-08-15,Kern,029,883053,104393,102524,13484,116008,1367
2021-08-15,Kings,031,150075,25426,24736,1321,26057,254
2021-08-15,Lake,033,64148,5014,4886,34,4920,68
2021-08-15,Lassen,035,31185,5561,5482,134,5616,21
2021-08-15,Los Angeles,037,10098052,1317885,1302882,48717,1351599,24918
2021-08-15,Madera,039,155013,18221,17714,1183,18897,246
2021-08-15,Marin,041,260295,15819,15461,318,15779,239
2021-08-15,Mariposa,043,17540,625,591,14,605,5
2021-08-15,Mendocino,045,87422,5288,5022,167,5189,49
2021-08-15,Merced,047,269075,33793,33305,1154,34459,481
2021-08-15,Modoc,049,8938,436,421,151,572,5
2021-08-15,Mono,051,14174,1365,1334,17,1351,3
2021-08-15,Monterey,053,433212,45087,44567,2205,46772,527
2021-08-15,Napa,055,140530,11183,10919,68,10987,83
2021-08-15,Nevada,057,99092,6778,6486,226,6712,74
2021-08-15,Orange,059,3164182,280207,275447,12892,288339,5161
2021-08-15,Placer,061,380077,28804,27220,2345,29565,306
2021-08-15,Plumas,063,18699,910,850,14,864,5
2021-08-15,Riverside,065,2383286,321233,314133,15093,329226,4582
2021-08-15,Sacramento,067,1510023,128810,123924,2596,126520,1761
2021-08-15,San Benito,069,59416,6525,6446,126,6572,64
2021-08-15,San Bernardino,071,2135413,317823,313120,9768,322888,5301
2021-08-15,San Diego,073,3302833,320225,314247,18391,332638,3824
2021-08-15,San Francisco,075,870044,45804,44531,1872,46403,567
2021-08-15,San Joaquin,077,732212,82932,80832,4266,85098,1488
2021-08-15,San Luis Obispo,079,281455,23913,23404,903,24307,265
2021-08-15,San Mateo,081,765935,48069,46897,682,47579,548
2021-08-15,Santa Barbara,083,443738,38155,37276,1378,38654,475
2021-08-15,Santa Clara,085,1922200,130822,127715,951,128666,1773
2021-08-15,Santa Cruz,087,273765,17819,17440,886,18326,209
2021-08-15,Shasta,089,179085,14362,13835,1986,15821,211
2021-08-15,Sierra,091,2930,87,82,12,94,0
2021-08-15,Siskiyou,093,43540,2265,2169,552,2721,33
2021-08-15,Solano,095,438530,39326,37320,895,38215,263
2021-08-15,Sonoma,097,501317,36000,34706,423,35129,333
2021-08-15,Stanislaus,099,539301,63679,61795,6932,68727,1039
2021-08-15,Sutter,101,95872,11104,10863,119,10982,130
2021-08-15,Tehama,103,63373,5696,5550,692,6242,66
2021-08-15,Trinity,105,12862,562,400,129,529,3
2021-08-15,Tulare,107,460477,53474,52046,10600,62646,856
2021-08-15,Tuolumne,109,53932,5094,4934,50,4984,64
2021-08-15,Ventura,111,848112,88436,86797,3789,90586,1052
2021-08-15,Yolo,113,214977,16355,15873,683,16556,225
2021-08-15,Yuba,115,75493,7467,7265,169,7434,51
2021-08-14,Alameda,001,1643700,104693,101305,2351,103656,1287
2021-08-14,Alpine,003,1148,90,91,0,91,0
2021-08-14,Amador,005,37829,4354,4206,38,4244,49
2021-08-14,Butte,007,227075,14646,14192,2315,16507,206
2021-08-14,Calaveras,009,45235,2628,2579,18,2597,57
2021-08-14,Colusa,011,21464,2192,2134,428,2562,16
2021-08-14,Contra Costa,013,1133247,84793,81458,1663,83121,848
2021-08-14,Del Norte,015,27424,2301,2015,16,2031,8
2021-08-14,El Dorado,017,186661,12626,12019,1037,13056,118
2021-08-14,Fresno,019,978130,112049,109056,9741,118797,1753
2021-08-14,Glenn,021,27897,2640,2583,651,3234,20
2021-08-14,Humboldt,023,135768,6279,5998,115,6113,52
2021-08-14,Imperial,025,180216,29915,29671,2957,32628,746
2021-08-14,Inyo,027,18085,1491,1487,13,1500,39
2021-08-14,Kern,029,883053,104198,102306,13388,115694,1367
2021-08-14,Kings,031,150075,25328,24647,1312,25959,254
2021-08-14,Lake,033,64148,4997,4850,33,4883,68
2021-08-14,Lassen,035,31185,5554,5475,133,5608,21
2021-08-14,Los Angeles,037,10098052,1316113,1299346,48578,1347924,24911
2021-08-14,Madera,039,155013,18174,17691,1178,18869,246
2021-08-14,Marin,041,260295,15785,15441,318,15759,239
2021-08-14,Mariposa,043,17540,621,584,14,598,5
2021-08-14,Mendocino,045,87422,5252,4977,164,5141,49
2021-08-14,Merced,047,269075,33729,33234,1148,34382,481
2021-08-14,Modoc,049,8938,436,421,151,572,5
2021-08-14,Mono,051,14174,1361,1332,17,1349,3
2021-08-14,Monterey,053,433212,45043,44514,2202,46716,527
2021-08-14,Napa,055,140530,11153,10878,67,10945,83
2021-08-14,Nevada,057,99092,6743,6419,225,6644,74
2021-08-14,Orange,059,3164182,279773,274732,12864,287596,5161
2021-08-14,Placer,061,380077,28658,27115,2321,29436,306
2021-08-14,Plumas,063,18699,900,849,14,863,5
2021-08-14,Riverside,065,2383286,320518,313264,15072,328336,4582
2021-08-14,Sacramento,067,1510023,128316,123438,2578,126016,1758
2021-08-14,San Benito,069,59416,6512,6428,126,6554,64
2021-08-14,San Bernardino,071,2135413,317275,312142,9747,321889,5301
2021-08-14,San Diego,073,3302833,319554,313589,18323,331912,3824
2021-08-14,San Francisco,075,870044,45675,44353,1853,46206,567
2021-08-14,San Joaquin,077,732212,82716,80585,4251,84836,1488
2021-08-14,San Luis Obispo,079,281455,23852,23328,900,24228,265
2021-08-14,San Mateo,081,765935,47950,46792,678,47470,548
2021-08-14,Santa Barbara,083,443738,38061,37118,1375,38493,475
2021-08-14,Santa Clara,085,1922200,130543,127432,948,128380,1772
2021-08-14,Santa Cruz,087,273765,17780,17384,885,18269,209
2021-08-14,Shasta,089,179085,14287,13813,1965,15778,211
2021-08-14,Sierra,091,2930,86,81,12,93,0
2021-08-14,Siskiyou,093,43540,2255,2160,542,2702,33
2021-08-14,Solano,095,438530,39239,37237,883,38120,263
2021-08-14,Sonoma,097,501317,35877,34606,421,35027,333
2021-08-14,Stanislaus,099,539301,63489,61564,6887,68451,1039
2021-08-14,Sutter,101,95872,11059,10808,118,10926,130
2021-08-14,Tehama,103,63373,5672,5530,688,6218,66
2021-08-14,Trinity,105,12862,556,399,129,528,3
2021-08-14,Tulare,107,460477,53338,51951,10554,62505,856
2021-08-14,Tuolumne,109,53932,5059,4924,50,4974,64
2021-08-14,Ventura,111,848112,88279,86569,3769,90338,1052
2021-08-14,Yolo,113,214977,16310,15815,673,16488,225
2021-08-14,Yuba,115,75493,7418,7223,169,7392,51
2021-08-13,Alameda,001,1643700,104394,100930,2343,103273,1284
2021-08-13,Alpine,003,1148,90,91,0,91,0
2021-08-13,Amador,005,37829,4326,4169,38,4207,49
2021-08-13,Butte,007,227075,14575,14100,2299,16399,206
2021-08-13,Calaveras,009,45235,2618,2564,18,2582,57
2021-08-13,Colusa,011,21464,2185,2123,423,2546,16
2021-08-13,Contra Costa,013,1133247,84480,81046,1655,82701,848
2021-08-13,Del Norte,015,27424,2260,1973,16,1989,8
2021-08-13,El Dorado,017,186661,12587,11951,1025,12976,118
2021-08-13,Fresno,019,978130,111760,108638,9720,118358,1753
2021-08-13,Glenn,021,27897,2629,2574,649,3223,20
2021-08-13,Humboldt,023,135768,6232,5882,112,5994,52
2021-08-13,Imperial,025,180216,29888,29654,2956,32610,745
2021-08-13,Inyo,027,18085,1490,1484,13,1497,39
2021-08-13,Kern,029,883053,103990,102029,13279,115308,1364
2021-08-13,Kings,031,150075,25243,24531,1305,25836,253
2021-08-13,Lake,033,64148,4974,4811,32,4843,68
2021-08-13,Lassen,035,31185,5546,5455,132,5587,21
2021-08-13,Los Angeles,037,10098052,1313799,1295406,48442,1343848,24891
2021-08-13,Madera,039,155013,18125,17614,1169,18783,246
2021-08-13,Marin,041,260295,15755,15380,318,15698,239
2021-08-13,Mariposa,043,17540,615,577,14,591,5
2021-08-13,Mendocino,045,87422,5199,4924,162,5086,49
2021-08-13,Merced,047,269075,33681,33111,1143,34254,480
2021-08-13,Modoc,049,8938,435,421,150,571,5
2021-08-13,Mono,051,14174,1359,1331,17,1348,3
2021-08-13,Monterey,053,433212,44983,44450,2200,46650,527
2021-08-13,Napa,055,140530,11117,10830,67,10897,83
2021-08-13,Nevada,057,99092,6702,6356,224,6580,74
2021-08-13,Orange,059,3164182,279280,274004,12815,286819,5159
2021-08-13,Placer,061,380077,28558,26987,2294,29281,306
2021-08-13,Plumas,063,18699,886,842,14,856,5
2021-08-13,Riverside,065,2383286,319780,312408,15047,327455,4581
2021-08-13,Sacramento,067,1510023,127849,122868,2550,125418,1758
2021-08-13,San Benito,069,59416,6506,6422,124,6546,64
2021-08-13,San Bernardino,071,2135413,316607,311378,9728,321106,5301
2021-08-13,San Diego,073,3302833,318508,312293,18243,330536,3821
2021-08-13,San Francisco,075,870044,45538,44196,1830,46026,567
2021-08-13,San Joaquin,077,732212,82499,80232,4235,84467,1481
2021-08-13,San Luis Obispo,079,281455,23790,23226,897,24123,265
2021-08-13,San Mateo,081,765935,47829,46660,677,47337,548
2021-08-13,Santa Barbara,083,443738,37977,37023,1371,38394,474
2021-08-13,Santa Clara,085,1922200,130256,126958,943,127901,1769
2021-08-13,Santa Cruz,087,273765,17741,17332,878,18210,209
2021-08-13,Shasta,089,179085,14224,13698,1951,15649,211
2021-08-13,Sierra,091,2930,85,81,12,93,0
2021-08-13,Siskiyou,093,43540,2246,2147,538,2685,33
2021-08-13,Solano,095,438530,39105,37104,875,37979,264
2021-08-13,Sonoma,097,501317,35772,34464,421,34885,333
2021-08-13,Stanislaus,099,539301,63305,61294,6845,68139,1039
2021-08-13,Sutter,101,95872,11015,10751,117,10868,130
2021-08-13,Tehama,103,63373,5648,5496,686,6182,66
2021-08-13,Trinity,105,12862,552,392,129,521,3
2021-08-13,Tulare,107,460477,53234,51770,10479,62249,856
2021-08-13,Tuolumne,109,53932,5026,4899,49,4948,64
2021-08-13,Ventura,111,848112,88121,86368,3756,90124,1052
2021-08-13,Yolo,113,214977,16257,15761,663,16424,225
2021-08-13,Yuba,115,75493,7380,7184,169,7353,51
2021-08-12,Alameda,001,1643700,103892,100472,2330,102802,1284
2021-08-12,Alpine,003,1148,90,91,0,91,0
2021-08-12,Amador,005,37829,4296,4161,37,4198,49
2021-08-12,Butte,007,227075,14497,14006,2281,16287,206
2021-08-12,Calaveras,009,45235,2598,2531,18,2549,57
2021-08-12,Colusa,011,21464,2180,2111,422,2533,17
2021-08-12,Contra Costa,013,1133247,83999,80738,1640,82378,846
2021-08-12,Del Norte,015,27424,2188,1923,16,1939,8
2021-08-12,El Dorado,017,186661,12473,11880,1017,12897,118
2021-08-12,Fresno,019,978130,111344,108193,9659,117852,1753
2021-08-12,Glenn,021,27897,2621,2559,643,3202,20
2021-08-12,Humboldt,023,135768,6162,5845,108,5953,52
2021-08-12,Imperial,025,180216,29832,29585,2950,32535,745
2021-08-12,Inyo,027,18085,1488,1483,13,1496,39
2021-08-12,Kern,029,883053,103701,101698,13199,114897,1364
2021-08-12,Kings,031,150075,25143,24423,1296,25719,252
2021-08-12,Lake,033,64148,4948,4774,32,4806,68
2021-08-12,Lassen,035,31185,5524,5428,131,5559,21
2021-08-12,Los Angeles,037,10098052,1310611,1291875,48307,1340182,24874
2021-08-12,Madera,039,155013,18061,17564,1157,18721,246
2021-08-12,Marin,041,260295,15706,15277,314,15591,239
2021-08-12,Mariposa,043,17540,606,568,13,581,5
2021-08-12,Mendocino,045,87422,5169,4873,156,5029,49
2021-08-12,Merced,047,269075,33557,32960,1136,34096,480
2021-08-12,Modoc,049,8938,434,423,150,573,5
2021-08-12,Mono,051,14174,1354,1325,17,1342,3
2021-08-12,Monterey,053,433212,44907,44383,2183,46566,527
2021-08-12,Napa,055,140530,11068,10780,66,10846,83
2021-08-12,Nevada,057,99092,6641,6283,224,6507,74
2021-08-12,Orange,059,3164182,278603,273167,12757,285924,5158
2021-08-12,Placer,061,380077,28358,26856,2271,29127,306
2021-08-12,Plumas,063,18699,878,829,14,843,5
2021-08-12,Riverside,065,2383286,318771,311304,15014,326318,4575
2021-08-12,Sacramento,067,1510023,127077,122222,2520,124742,1758
2021-08-12,San Benito,069,59416,6489,6398,122,6520,64
2021-08-12,San Bernardino,071,2135413,315733,310420,9699,320119,5297
2021-08-12,San Diego,073,3302833,317130,310596,18158,328754,3821
2021-08-12,San Francisco,075,870044,45330,43774,1817,45591,564
2021-08-12,San Joaquin,077,732212,82103,79945,4213,84158,1479
2021-08-12,San Luis Obispo,079,281455,23689,23101,884,23985,264
2021-08-12,San Mateo,081,765935,47685,46435,674,47109,548
2021-08-12,Santa Barbara,083,443738,37839,36881,1362,38243,473
2021-08-12,Santa Clara,085,1922200,129807,126614,937,127551,1769
2021-08-12,Santa Cruz,087,273765,17677,17261,877,18138,209
2021-08-12,Shasta,089,179085,14138,13621,1924,15545,211
2021-08-12,Sierra,091,2930,85,81,12,93,0
2021-08-12,Siskiyou,093,43540,2239,2134,528,2662,33
2021-08-12,Solano,095,438530,38876,36980,866,37846,262
2021-08-12,Sonoma,097,501317,35624,34299,418,34717,333
2021-08-12,Stanislaus,099,539301,63030,61026,6786,67812,1039
2021-08-12,Sutter,101,95872,10954,10695,115,10810,130
2021-08-12,Tehama,103,63373,5618,5462,677,6139,66
2021-08-12,Trinity,105,12862,548,386,128,514,3
2021-08-12,Tulare,107,460477,53088,51632,10429,62061,856
2021-08-12,Tuolumne,109,53932,4979,4845,47,4892,64
2021-08-12,Ventura,111,848112,87885,86106,3732,89838,1052
2021-08-12,Yolo,113,214977,16186,15686,650,16336,224
2021-08-12,Yuba,115,75493,7332,7128,168,7296,51
2021-08-11,Alameda,001,1643700,103365,100040,2326,102366,1281
2021-08-11,Alpine,003,1148,90,91,0,91,0
2021-08-11,Amador,005,37829,4272,4127,37,4164,49
2021-08-11,Butte,007,227075,14393,13905,2256,16161,206
2021-08-11,Calaveras,009,45235,2576,2505,18,2523,57
2021-08-11,Colusa,011,21464,2170,2101,420,2521,16
2021-08-11,Contra Costa,013,1133247,83497,80275,1623,81898,843
2021-08-11,Del Norte,015,27424,2129,1893,16,1909,8
2021-08-11,El Dorado,017,186661,12360,11799,1005,12804,119
2021-08-11,Fresno,019,978130,110885,107773,9617,117390,1751
2021-08-11,Glenn,021,27897,2613,2547,636,3183,20
2021-08-11,Humboldt,023,135768,6115,5765,107,5872,52
2021-08-11,Imperial,025,180216,29789,29565,2946,32511,745
2021-08-11,Inyo,027,18085,1488,1483,13,1496,39
2021-08-11,Kern,029,883053,103387,101448,13088,114536,1363
2021-08-11,Kings,031,150075,25030,24304,1287,25591,250
2021-08-11,Lake,033,64148,4911,4713,31,4744,68
2021-08-11,Lassen,035,31185,5515,5408,129,5537,21
2021-08-11,Los Angeles,037,10098052,1307292,1288238,48119,1336357,24851
2021-08-11,Madera,039,155013,18011,17511,1146,18657,245
2021-08-11,Marin,041,260295,15657,15235,314,15549,239
2021-08-11,Mariposa,043,17540,596,554,12,566,5
2021-08-11,Mendocino,045,87422,5100,4796,147,4943,49
2021-08-11,Merced,047,269075,33423,32802,1132,33934,479
2021-08-11,Modoc,049,8938,434,421,150,571,5
2021-08-11,Mono,051,14174,1349,1320,17,1337,3
2021-08-11,Monterey,053,433212,44808,44314,2165,46479,527
2021-08-11,Napa,055,140530,11027,10732,66,10798,83
2021-08-11,Nevada,057,99092,6587,6172,221,6393,74
2021-08-11,Orange,059,3164182,277746,272212,12710,284922,5155
2021-08-11,Placer,061,380077,28146,26687,2245,28932,305
2021-08-11,Plumas,063,18699,868,824,14,838,5
2021-08-11,Riverside,065,2383286,317778,310265,14979,325244,4570
2021-08-11,Sacramento,067,1510023,126284,121603,2477,124080,1757
2021-08-11,San Benito,069,59416,6476,6381,122,6503,64
2021-08-11,San Bernardino,071,2135413,314840,309498,9677,319175,5296
2021-08-11,San Diego,073,3302833,315644,309406,18059,327465,3818
2021-08-11,San Francisco,075,870044,45105,43555,1809,45364,564
2021-08-11,San Joaquin,077,732212,81695,79641,4186,83827,1478
2021-08-11,San Luis Obispo,079,281455,23585,22920,877,23797,264
2021-08-11,San Mateo,081,765935,47517,46300,671,46971,548
2021-08-11,Santa Barbara,083,443738,37676,36699,1353,38052,472
2021-08-11,Santa Clara,085,1922200,129327,126301,929,127230,1769
2021-08-11,Santa Cruz,087,273765,17611,17191,874,18065,209
2021-08-11,Shasta,089,179085,14064,13546,1908,15454,211
2021-08-11,Sierra,091,2930,84,81,12,93,0
2021-08-11,Siskiyou,093,43540,2225,2124,521,2645,33
2021-08-11,Solano,095,438530,38640,36862,852,37714,262
2021-08-11,Sonoma,097,501317,35447,34188,413,34601,333
2021-08-11,Stanislaus,099,539301,62687,60767,6756,67523,1037
2021-08-11,Sutter,101,95872,10882,10628,115,10743,130
2021-08-11,Tehama,103,63373,5588,5410,660,6070,66
2021-08-11,Trinity,105,12862,546,385,128,513,3
2021-08-11,Tulare,107,460477,52919,51464,10384,61848,854
2021-08-11,Tuolumne,109,53932,4947,4794,47,4841,64
2021-08-11,Ventura,111,848112,87633,85863,3711,89574,1051
2021-08-11,Yolo,113,214977,16111,15593,636,16229,218
2021-08-11,Yuba,115,75493,7273,7063,167,7230,53
2021-08-10,Alameda,001,1643700,102877,99771,2318,102089,1281
2021-08-10,Alpine,003,1148,90,91,0,91,0
2021-08-10,Amador,005,37829,4256,4093,37,4130,49
2021-08-10,Butte,007,227075,14309,13853,2234,16087,205
2021-08-10,Calaveras,009,45235,2553,2491,16,2507,57
2021-08-10,Colusa,011,21464,2157,2088,411,2499,16
2021-08-10,Contra Costa,013,1133247,82955,80018,1613,81631,840
2021-08-10,Del Norte,015,27424,2085,1870,16,1886,8
2021-08-10,El Dorado,017,186661,12261,11734,995,12729,117
2021-08-10,Fresno,019,978130,110432,107616,9567,117183,1747
2021-08-10,Glenn,021,27897,2600,2538,627,3165,20
2021-08-10,Humboldt,023,135768,6061,5718,104,5822,52
2021-08-10,Imperial,025,180216,29754,29522,2940,32462,745
2021-08-10,Inyo,027,18085,1488,1482,13,1495,39
2021-08-10,Kern,029,883053,103058,101254,12992,114246,1359
2021-08-10,Kings,031,150075,24903,24252,1271,25523,251
2021-08-10,Lake,033,64148,4870,4700,31,4731,67
2021-08-10,Lassen,035,31185,5497,5401,129,5530,21
2021-08-10,Los Angeles,037,10098052,1303547,1285140,47955,1333095,24821
2021-08-10,Madera,039,155013,17938,17481,1136,18617,245
2021-08-10,Marin,041,260295,15610,15194,314,15508,239
2021-08-10,Mariposa,043,17540,583,550,12,562,5
2021-08-10,Mendocino,045,87422,5055,4775,143,4918,49
2021-08-10,Merced,047,269075,33275,32721,1124,33845,477
2021-08-10,Modoc,049,8938,433,421,150,571,5
2021-08-10,Mono,051,14174,1344,1320,17,1337,3
2021-08-10,Monterey,053,433212,44746,44259,2150,46409,527
2021-08-10,Napa,055,140530,10971,10703,65,10768,83
2021-08-10,Nevada,057,99092,6521,6151,220,6371,73
2021-08-10,Orange,059,3164182,276866,271688,12663,284351,5155
2021-08-10,Placer,061,380077,27927,26561,2203,28764,305
2021-08-10,Plumas,063,18699,859,816,14,830,5
2021-08-10,Riverside,065,2383286,316663,309529,14953,324482,4564
2021-08-10,Sacramento,067,1510023,125432,121159,2447,123606,1755
2021-08-10,San Benito,069,59416,6462,6371,122,6493,64
2021-08-10,San Bernardino,071,2135413,313919,308672,9660,318332,5295
2021-08-10,San Diego,073,3302833,313981,308288,17983,326271,3815
2021-08-10,San Francisco,075,870044,44849,43389,1794,45183,564
2021-08-10,San Joaquin,077,732212,81297,79391,4169,83560,1478
2021-08-10,San Luis Obispo,079,281455,23459,22776,875,23651,264
2021-08-10,San Mateo,081,765935,47343,46184,669,46853,548
2021-08-10,Santa Barbara,083,443738,37511,36574,1346,37920,472
2021-08-10,Santa Clara,085,1922200,128865,126019,922,126941,1770
2021-08-10,Santa Cruz,087,273765,17528,17142,872,18014,209
2021-08-10,Shasta,089,179085,13986,13461,1884,15345,211
2021-08-10,Sierra,091,2930,84,76,12,88,0
2021-08-10,Siskiyou,093,43540,2216,2088,514,2602,33
2021-08-10,Solano,095,438530,38395,36767,841,37608,262
2021-08-10,Sonoma,097,501317,35301,34054,410,34464,333
2021-08-10,Stanislaus,099,539301,62338,60605,6719,67324,1037
2021-08-10,Sutter,101,95872,10817,10569,115,10684,130
2021-08-10,Tehama,103,63373,5559,5392,655,6047,66
2021-08-10,Trinity,105,12862,546,384,128,512,3
2021-08-10,Tulare,107,460477,52755,51390,10332,61722,854
2021-08-10,Tuolumne,109,53932,4917,4780,45,4825,64
2021-08-10,Ventura,111,848112,87343,85714,3690,89404,1051
2021-08-10,Yolo,113,214977,16024,15568,626,16194,218
2021-08-10,Yuba,115,75493,7223,7028,167,7195,50
2021-08-09,Alameda,001,1643700,102315,99496,2314,101810,1276
2021-08-09,Alpine,003,1148,90,91,0,91,0
2021-08-09,Amador,005,37829,4230,4078,37,4115,48
2021-08-09,Butte,007,227075,14214,13813,2203,16016,205
2021-08-09,Calaveras,009,45235,2526,2472,16,2488,57
2021-08-09,Colusa,011,21464,2147,2075,403,2478,16
2021-08-09,Contra Costa,013,1133247,82407,79740,1601,81341,840
2021-08-09,Del Norte,015,27424,2017,1848,16,1864,8
2021-08-09,El Dorado,017,186661,12153,11672,981,12653,117
2021-08-09,Fresno,019,978130,109940,107310,9531,116841,1747
2021-08-09,Glenn,021,27897,2589,2532,617,3149,20
2021-08-09,Humboldt,023,135768,5970,5632,102,5734,52
2021-08-09,Imperial,025,180216,29710,29512,2935,32447,745
2021-08-09,Inyo,027,18085,1488,1481,13,1494,39
2021-08-09,Kern,029,883053,102747,101069,12906,113975,1359
2021-08-09,Kings,031,150075,24795,24155,1256,25411,250
2021-08-09,Lake,033,64148,4835,4670,29,4699,66
2021-08-09,Lassen,035,31185,5475,5393,128,5521,21
2021-08-09,Los Angeles,037,10098052,1299546,1282891,47762,1330653,24798
2021-08-09,Madera,039,155013,17879,17429,1116,18545,245
2021-08-09,Marin,041,260295,15557,15154,313,15467,239
2021-08-09,Mariposa,043,17540,570,545,12,557,5
2021-08-09,Mendocino,045,87422,5004,4732,135,4867,49
2021-08-09,Merced,047,269075,33129,32666,1117,33783,477
2021-08-09,Modoc,049,8938,433,419,150,569,5
2021-08-09,Mono,051,14174,1341,1337,17,1354,3
2021-08-09,Monterey,053,433212,44673,44190,2134,46324,527
2021-08-09,Napa,055,140530,10924,10679,65,10744,83
2021-08-09,Nevada,057,99092,6450,6088,219,6307,73
2021-08-09,Orange,059,3164182,275830,271036,12611,283647,5153
2021-08-09,Placer,061,380077,27704,26457,2172,28629,305
2021-08-09,Plumas,063,18699,842,803,14,817,5
2021-08-09,Riverside,065,2383286,315586,308678,14933,323611,4562
2021-08-09,Sacramento,067,1510023,124597,120812,2422,123234,1748
2021-08-09,San Benito,069,59416,6442,6359,120,6479,63
2021-08-09,San Bernardino,071,2135413,312936,308038,9636,317674,5295
2021-08-09,San Diego,073,3302833,312308,306855,17888,324743,3811
2021-08-09,San Francisco,075,870044,44604,43261,1776,45037,564
2021-08-09,San Joaquin,077,732212,80913,79198,4151,83349,1469
2021-08-09,San Luis Obispo,079,281455,23320,22695,866,23561,264
2021-08-09,San Mateo,081,765935,47171,46040,665,46705,548
2021-08-09,Santa Barbara,083,443738,37325,36474,1338,37812,470
2021-08-09,Santa Clara,085,1922200,128362,125791,913,126704,2187
2021-08-09,Santa Cruz,087,273765,17467,17082,872,17954,209
2021-08-09,Shasta,089,179085,13869,13397,1873,15270,210
2021-08-09,Sierra,091,2930,83,75,12,87,0
2021-08-09,Siskiyou,093,43540,2204,2047,497,2544,32
2021-08-09,Solano,095,438530,38119,36653,839,37492,262
2021-08-09,Sonoma,097,501317,35119,33933,408,34341,333
2021-08-09,Stanislaus,099,539301,62055,60410,6668,67078,1037
2021-08-09,Sutter,101,95872,10768,10525,112,10637,129
2021-08-09,Tehama,103,63373,5516,5373,653,6026,66
2021-08-09,Trinity,105,12862,544,378,126,504,3
2021-08-09,Tulare,107,460477,52594,51274,10267,61541,854
2021-08-09,Tuolumne,109,53932,4875,4745,45,4790,64
2021-08-09,Ventura,111,848112,87072,85514,3679,89193,1047
2021-08-09,Yolo,113,214977,15946,15521,605,16126,218
2021-08-09,Yuba,115,75493,7164,6994,167,7161,50
2021-08-08,Alameda,001,1643700,101758,99135,2307,101442,1276
2021-08-08,Alpine,003,1148,90,91,0,91,0
2021-08-08,Amador,005,37829,4196,4057,36,4093,48
2021-08-08,Butte,007,227075,14129,13791,2184,15975,205
2021-08-08,Calaveras,009,45235,2494,2462,16,2478,57
2021-08-08,Colusa,011,21464,2130,2070,396,2466,16
2021-08-08,Contra Costa,013,1133247,81879,79454,1594,81048,840
2021-08-08,Del Norte,015,27424,1971,1810,16,1826,8
2021-08-08,El Dorado,017,186661,12034,11631,970,12601,117
2021-08-08,Fresno,019,978130,109502,107078,9499,116577,1747
2021-08-08,Glenn,021,27897,2580,2527,612,3139,20
2021-08-08,Humboldt,023,135768,5880,5571,102,5673,52
2021-08-08,Imperial,025,180216,29686,29485,2924,32409,745
2021-08-08,Inyo,027,18085,1488,1481,13,1494,39
2021-08-08,Kern,029,883053,102427,100909,12793,113702,1359
2021-08-08,Kings,031,150075,24681,24095,1247,25342,250
2021-08-08,Lake,033,64148,4785,4636,28,4664,66
2021-08-08,Lassen,035,31185,5460,5391,127,5518,21
2021-08-08,Los Angeles,037,10098052,1295302,1279982,47577,1327559,24793
2021-08-08,Madera,039,155013,17800,17398,1099,18497,245
2021-08-08,Marin,041,260295,15504,15124,311,15435,239
2021-08-08,Mariposa,043,17540,566,538,12,550,5
2021-08-08,Mendocino,045,87422,4941,4702,122,4824,49
2021-08-08,Merced,047,269075,32982,32634,1108,33742,477
2021-08-08,Modoc,049,8938,432,419,149,568,5
2021-08-08,Mono,051,14174,1337,1336,17,1353,3
2021-08-08,Monterey,053,433212,44603,44171,2123,46294,527
2021-08-08,Napa,055,140530,10888,10668,65,10733,83
2021-08-08,Nevada,057,99092,6365,6009,217,6226,73
2021-08-08,Orange,059,3164182,274917,270532,12572,283104,5153
2021-08-08,Placer,061,380077,27499,26332,2131,28463,305
2021-08-08,Plumas,063,18699,833,803,14,817,5
2021-08-08,Riverside,065,2383286,314465,308042,14909,322951,4562
2021-08-08,Sacramento,067,1510023,123771,120109,2410,122519,1744
2021-08-08,San Benito,069,59416,6425,6350,119,6469,63
2021-08-08,San Bernardino,071,2135413,311790,307378,9606,316984,5295
2021-08-08,San Diego,073,3302833,310961,305983,17794,323777,3811
2021-08-08,San Francisco,075,870044,44347,43098,1753,44851,564
2021-08-08,San Joaquin,077,732212,80465,79002,4135,83137,1469
2021-08-08,San Luis Obispo,079,281455,23146,22668,858,23526,263
2021-08-08,San Mateo,081,765935,46982,45927,662,46589,548
2021-08-08,Santa Barbara,083,443738,37148,36417,1331,37748,470
2021-08-08,Santa Clara,085,1922200,127911,125553,908,126461,2187
2021-08-08,Santa Cruz,087,273765,17393,17035,867,17902,209
2021-08-08,Shasta,089,179085,13783,13381,1862,15243,210
2021-08-08,Sierra,091,2930,83,74,12,86,0
2021-08-08,Siskiyou,093,43540,2188,2041,492,2533,32
2021-08-08,Solano,095,438530,37867,36551,835,37386,262
2021-08-08,Sonoma,097,501317,34875,33805,407,34212,333
2021-08-08,Stanislaus,099,539301,61711,60269,6623,66892,1037
2021-08-08,Sutter,101,95872,10708,10481,111,10592,129
2021-08-08,Tehama,103,63373,5478,5359,650,6009,66
2021-08-08,Trinity,105,12862,539,378,126,504,3
2021-08-08,Tulare,107,460477,52415,51220,10207,61427,854
2021-08-08,Tuolumne,109,53932,4836,4731,45,4776,64
2021-08-08,Ventura,111,848112,86781,85382,3669,89051,1047
2021-08-08,Yolo,113,214977,15854,15477,598,16075,218
2021-08-08,Yuba,115,75493,7125,6967,167,7134,50
2021-08-07,Alameda,001,1643700,101509,98812,2301,101113,1276
2021-08-07,Alpine,003,1148,90,91,0,91,0
2021-08-07,Amador,005,37829,4179,4041,35,4076,48
2021-08-07,Butte,007,227075,14077,13714,2173,15887,205
2021-08-07,Calaveras,009,45235,2484,2446,16,2462,57
2021-08-07,Colusa,011,21464,2125,2067,387,2454,16
2021-08-07,Contra Costa,013,1133247,81582,79168,1591,80759,840
2021-08-07,Del Norte,015,27424,1939,1791,16,1807,8
2021-08-07,El Dorado,017,186661,11984,11575,963,12538,117
2021-08-07,Fresno,019,978130,109300,106861,9477,116338,1747
2021-08-07,Glenn,021,27897,2572,2515,611,3126,20
2021-08-07,Humboldt,023,135768,5830,5510,99,5609,52
2021-08-07,Imperial,025,180216,29667,29470,2924,32394,745
2021-08-07,Inyo,027,18085,1486,1476,13,1489,39
2021-08-07,Kern,029,883053,102269,100693,12738,113431,1359
2021-08-07,Kings,031,150075,24621,24048,1241,25289,250
2021-08-07,Lake,033,64148,4764,4613,28,4641,66
2021-08-07,Lassen,035,31185,5456,5386,127,5513,21
2021-08-07,Los Angeles,037,10098052,1293281,1276853,47427,1324280,24786
2021-08-07,Madera,039,155013,17765,17366,1094,18460,245
2021-08-07,Marin,041,260295,15470,15085,310,15395,239
2021-08-07,Mariposa,043,17540,563,530,12,542,5
2021-08-07,Mendocino,045,87422,4905,4690,120,4810,49
2021-08-07,Merced,047,269075,32918,32569,1105,33674,477
2021-08-07,Modoc,049,8938,432,419,149,568,5
2021-08-07,Mono,051,14174,1334,1329,17,1346,3
2021-08-07,Monterey,053,433212,44551,44124,2118,46242,527
2021-08-07,Napa,055,140530,10867,10658,64,10722,83
2021-08-07,Nevada,057,99092,6315,5967,215,6182,73
2021-08-07,Orange,059,3164182,274324,269900,12541,282441,5153
2021-08-07,Placer,061,380077,27312,26244,2123,28367,305
2021-08-07,Plumas,063,18699,828,801,14,815,5
2021-08-07,Riverside,065,2383286,313793,307326,14902,322228,4562
2021-08-07,Sacramento,067,1510023,123270,119636,2406,122042,1744
2021-08-07,San Benito,069,59416,6415,6332,119,6451,63
2021-08-07,San Bernardino,071,2135413,311203,306663,9589,316252,5295
2021-08-07,San Diego,073,3302833,310206,304974,17759,322733,3811
2021-08-07,San Francisco,075,870044,44175,42926,1735,44661,564
2021-08-07,San Joaquin,077,732212,80301,78769,4121,82890,1469
2021-08-07,San Luis Obispo,079,281455,23077,22579,857,23436,263
2021-08-07,San Mateo,081,765935,46855,45804,660,46464,548
2021-08-07,Santa Barbara,083,443738,37052,36303,1325,37628,470
2021-08-07,Santa Clara,085,1922200,127640,125196,903,126099,2188
2021-08-07,Santa Cruz,087,273765,17350,16994,865,17859,209
2021-08-07,Shasta,089,179085,13728,13361,1854,15215,210
2021-08-07,Sierra,091,2930,83,74,12,86,0
2021-08-07,Siskiyou,093,43540,2176,2039,490,2529,32
2021-08-07,Solano,095,438530,37751,36458,827,37285,262
2021-08-07,Sonoma,097,501317,34753,33716,407,34123,333
2021-08-07,Stanislaus,099,539301,61523,60093,6593,66686,1037
2021-08-07,Sutter,101,95872,10671,10447,111,10558,129
2021-08-07,Tehama,103,63373,5468,5343,645,5988,66
2021-08-07,Trinity,105,12862,535,377,125,502,3
2021-08-07,Tulare,107,460477,52328,51133,10169,61302,854
2021-08-07,Tuolumne,109,53932,4806,4721,45,4766,64
2021-08-07,Ventura,111,848112,86601,85232,3654,88886,1047
2021-08-07,Yolo,113,214977,15810,15423,591,16014,218
2021-08-07,Yuba,115,75493,7100,6937,165,7102,50
2021-08-06,Alameda,001,1643700,101178,98487,2294,100781,1275
2021-08-06,Alpine,003,1148,90,91,0,91,0
2021-08-06,Amador,005,37829,4158,4002,35,4037,48
2021-08-06,Butte,007,227075,14029,13626,2161,15787,205
2021-08-06,Calaveras,009,45235,2474,2419,16,2435,57
2021-08-06,Colusa,011,21464,2119,2045,381,2426,16
2021-08-06,Contra Costa,013,1133247,81288,78796,1585,80381,840
2021-08-06,Del Norte,015,27424,1912,1755,15,1770,8
2021-08-06,El Dorado,017,186661,11935,11498,951,12449,117
2021-08-06,Fresno,019,978130,109039,106542,9450,115992,1747
2021-08-06,Glenn,021,27897,2557,2504,609,3113,20
2021-08-06,Humboldt,023,135768,5779,5421,96,5517,52
2021-08-06,Imperial,025,180216,29656,29404,2920,32324,745
2021-08-06,Inyo,027,18085,1483,1471,13,1484,39
2021-08-06,Kern,029,883053,102092,100427,12653,113080,1359
2021-08-06,Kings,031,150075,24566,23974,1237,25211,250
2021-08-06,Lake,033,64148,4741,4557,28,4585,66
2021-08-06,Lassen,035,31185,5434,5368,127,5495,21
2021-08-06,Los Angeles,037,10098052,1290799,1273081,47277,1320358,24772
2021-08-06,Madera,039,155013,17727,17324,1085,18409,245
2021-08-06,Marin,041,260295,15437,15051,310,15361,239
2021-08-06,Mariposa,043,17540,554,511,12,523,5
2021-08-06,Mendocino,045,87422,4863,4649,119,4768,49
2021-08-06,Merced,047,269075,32858,32456,1102,33558,477
2021-08-06,Modoc,049,8938,432,419,149,568,5
2021-08-06,Mono,051,14174,1333,1328,17,1345,3
2021-08-06,Monterey,053,433212,44483,44058,2105,46163,527
2021-08-06,Napa,055,140530,10840,10620,64,10684,83
2021-08-06,Nevada,057,99092,6259,5874,215,6089,73
2021-08-06,Orange,059,3164182,273759,269077,12524,281601,5151
2021-08-06,Placer,061,380077,27189,26086,2101,28187,305
2021-08-06,Plumas,063,18699,819,795,14,809,5
2021-08-06,Riverside,065,2383286,313083,306304,14891,321195,4562
2021-08-06,Sacramento,067,1510023,122782,119169,2386,121555,1740
2021-08-06,San Benito,069,59416,6398,6315,119,6434,63
2021-08-06,San Bernardino,071,2135413,310504,305806,9580,315386,5286
2021-08-06,San Diego,073,3302833,309168,303691,17710,321401,3810
2021-08-06,San Francisco,075,870044,44018,42659,1717,44376,565
2021-08-06,San Joaquin,077,732212,80153,78405,4109,82514,1469
2021-08-06,San Luis Obispo,079,281455,23009,22472,852,23324,263
2021-08-06,San Mateo,081,765935,46702,45665,655,46320,548
2021-08-06,Santa Barbara,083,443738,36962,36208,1321,37529,470
2021-08-06,Santa Clara,085,1922200,127349,124767,898,125665,2185
2021-08-06,Santa Cruz,087,273765,17308,16924,861,17785,207
2021-08-06,Shasta,089,179085,13662,13284,1848,15132,210
2021-08-06,Sierra,091,2930,83,73,12,85,0
2021-08-06,Siskiyou,093,43540,2166,2030,486,2516,32
2021-08-06,Solano,095,438530,37641,36351,818,37169,262
2021-08-06,Sonoma,097,501317,34666,33594,406,34000,333
2021-08-06,Stanislaus,099,539301,61369,59854,6572,66426,1037
2021-08-06,Sutter,101,95872,10628,10391,111,10502,128
2021-08-06,Tehama,103,63373,5444,5325,644,5969,66
2021-08-06,Trinity,105,12862,534,371,124,495,3
2021-08-06,Tulare,107,460477,52227,51018,10122,61140,854
2021-08-06,Tuolumne,109,53932,4778,4674,45,4719,64
2021-08-06,Ventura,111,848112,86430,85046,3642,88688,1047
2021-08-06,Yolo,113,214977,15757,15299,586,15885,218
2021-08-06,Yuba,115,75493,7077,6904,165,7069,50
2021-08-05,Alameda,001,1643700,100688,98052,2289,100341,1275
2021-08-05,Alpine,003,1148,90,91,0,91,0
2021-08-05,Amador,005,37829,4138,3992,35,4027,48
2021-08-05,Butte,007,227075,13973,13564,2139,15703,206
2021-08-05,Calaveras,009,45235,2455,2397,16,2413,57
2021-08-05,Colusa,011,21464,2107,2036,377,2413,16
2021-08-05,Contra Costa,013,1133247,80861,78514,1578,80092,840
2021-08-05,Del Norte,015,27424,1885,1731,15,1746,8
2021-08-05,El Dorado,017,186661,11851,11408,940,12348,117
2021-08-05,Fresno,019,978130,108670,106219,9415,115634,1747
2021-08-05,Glenn,021,27897,2552,2494,606,3100,20
2021-08-05,Humboldt,023,135768,5704,5328,95,5423,52
2021-08-05,Imperial,025,180216,29625,29383,2916,32299,745
2021-08-05,Inyo,027,18085,1479,1468,13,1481,38
2021-08-05,Kern,029,883053,101870,100091,12568,112659,1358
2021-08-05,Kings,031,150075,24482,23906,1231,25137,249
2021-08-05,Lake,033,64148,4702,4490,26,4516,66
2021-08-05,Lassen,035,31185,5426,5344,127,5471,21
2021-08-05,Los Angeles,037,10098052,1287586,1269445,47148,1316593,24756
2021-08-05,Madera,039,155013,17686,17301,1077,18378,245
2021-08-05,Marin,041,260295,15393,15005,306,15311,239
2021-08-05,Mariposa,043,17540,543,504,11,515,5
2021-08-05,Mendocino,045,87422,4819,4597,110,4707,49
2021-08-05,Merced,047,269075,32790,32381,1091,33472,477
2021-08-05,Modoc,049,8938,431,418,149,567,5
2021-08-05,Mono,051,14174,1325,1309,17,1326,3
2021-08-05,Monterey,053,433212,44426,43992,2087,46079,527
2021-08-05,Napa,055,140530,10804,10591,62,10653,83
2021-08-05,Nevada,057,99092,6177,5778,212,5990,73
2021-08-05,Orange,059,3164182,272979,268329,12499,280828,5149
2021-08-05,Placer,061,380077,26989,25965,2074,28039,305
2021-08-05,Plumas,063,18699,810,787,14,801,5
2021-08-05,Riverside,065,2383286,312166,305415,14864,320279,4562
2021-08-05,Sacramento,067,1510023,122073,118590,2373,120963,1739
2021-08-05,San Benito,069,59416,6380,6305,119,6424,63
2021-08-05,San Bernardino,071,2135413,309666,304956,9559,314515,5284
2021-08-05,San Diego,073,3302833,307888,302220,17633,319853,3806
2021-08-05,San Francisco,075,870044,43808,42301,1708,44009,564
2021-08-05,San Joaquin,077,732212,79791,78151,4091,82242,1468
2021-08-05,San Luis Obispo,079,281455,22895,22362,846,23208,263
2021-08-05,San Mateo,081,765935,46529,45554,653,46207,548
2021-08-05,Santa Barbara,083,443738,36856,36112,1318,37430,470
2021-08-05,Santa Clara,085,1922200,127016,124490,898,125388,2185
2021-08-05,Santa Cruz,087,273765,17265,16867,858,17725,207
2021-08-05,Shasta,089,179085,13604,13217,1840,15057,210
2021-08-05,Sierra,091,2930,78,73,12,85,0
2021-08-05,Siskiyou,093,43540,2145,2024,476,2500,32
2021-08-05,Solano,095,438530,37460,36250,811,37061,262
2021-08-05,Sonoma,097,501317,34531,33455,405,33860,330
2021-08-05,Stanislaus,099,539301,61121,59692,6534,66226,1037
2021-08-05,Sutter,101,95872,10573,10349,111,10460,127
2021-08-05,Tehama,103,63373,5426,5305,640,5945,66
2021-08-05,Trinity,105,12862,528,367,124,491,3
2021-08-05,Tulare,107,460477,52111,50889,10065,60954,854
2021-08-05,Tuolumne,109,53932,4747,4619,45,4664,64
2021-08-05,Ventura,111,848112,86180,84837,3628,88465,1047
2021-08-05,Yolo,113,214977,15691,15250,576,15826,218
2021-08-05,Yuba,115,75493,7034,6872,163,7035,50
2021-08-04,Alameda,001,1643700,100182,97477,2279,99756,1274
2021-08-04,Alpine,003,1148,90,91,0,91,0
2021-08-04,Amador,005,37829,4108,3962,34,3996,48
2021-08-04,Butte,007,227075,13906,13509,2123,15632,205
2021-08-04,Calaveras,009,45235,2432,2374,16,2390,57
2021-08-04,Colusa,011,21464,2095,2025,371,2396,16
2021-08-04,Contra Costa,013,1133247,80345,77966,1573,79539,840
2021-08-04,Del Norte,015,27424,1862,1701,15,1716,8
2021-08-04,El Dorado,017,186661,11773,11319,929,12248,117
2021-08-04,Fresno,019,978130,108306,105899,9378,115277,1747
2021-08-04,Glenn,021,27897,2544,2487,606,3093,20
2021-08-04,Humboldt,023,135768,5628,5271,94,5365,52
2021-08-04,Imperial,025,180216,29577,29375,2914,32289,745
2021-08-04,Inyo,027,18085,1478,1465,13,1478,38
2021-08-04,Kern,029,883053,101620,99868,12483,112351,1358
2021-08-04,Kings,031,150075,24410,23840,1223,25063,250
2021-08-04,Lake,033,64148,4671,4423,20,4443,65
2021-08-04,Lassen,035,31185,5418,5340,127,5467,21
2021-08-04,Los Angeles,037,10098052,1284102,1265788,46990,1312778,24737
2021-08-04,Madera,039,155013,17651,17251,1070,18321,245
2021-08-04,Marin,041,260295,15346,14950,304,15254,239
2021-08-04,Mariposa,043,17540,528,497,11,508,5
2021-08-04,Mendocino,045,87422,4795,4560,106,4666,49
2021-08-04,Merced,047,269075,32652,32274,1086,33360,476
2021-08-04,Modoc,049,8938,431,416,149,565,5
2021-08-04,Mono,051,14174,1321,1307,17,1324,3
2021-08-04,Monterey,053,433212,44361,43926,2076,46002,526
2021-08-04,Napa,055,140530,10767,10544,62,10606,82
2021-08-04,Nevada,057,99092,6112,5702,211,5913,73
2021-08-04,Orange,059,3164182,272105,267199,12462,279661,5146
2021-08-04,Placer,061,380077,26772,25688,2054,27742,305
2021-08-04,Plumas,063,18699,804,784,14,798,5
2021-08-04,Riverside,065,2383286,311241,304272,14838,319110,4562
2021-08-04,Sacramento,067,1510023,121314,117882,2347,120229,1736
2021-08-04,San Benito,069,59416,6365,6300,119,6419,63
2021-08-04,San Bernardino,071,2135413,308810,304164,9542,313706,5285
2021-08-04,San Diego,073,3302833,306365,301100,17572,318672,3805
2021-08-04,San Francisco,075,870044,43554,41913,1695,43608,562
2021-08-04,San Joaquin,077,732212,79434,77846,4079,81925,1466
2021-08-04,San Luis Obispo,079,281455,22787,22245,840,23085,262
2021-08-04,San Mateo,081,765935,46355,45392,652,46044,548
2021-08-04,Santa Barbara,083,443738,36727,36013,1310,37323,470
2021-08-04,Santa Clara,085,1922200,126625,124127,891,125018,2183
2021-08-04,Santa Cruz,087,273765,17204,16820,851,17671,208
2021-08-04,Shasta,089,179085,13552,13134,1829,14963,211
2021-08-04,Sierra,091,2930,78,73,12,85,0
2021-08-04,Siskiyou,093,43540,2125,2010,471,2481,32
2021-08-04,Solano,095,438530,37260,36025,802,36827,262
2021-08-04,Sonoma,097,501317,34359,33311,403,33714,330
2021-08-04,Stanislaus,099,539301,60882,59396,6496,65892,1037
2021-08-04,Sutter,101,95872,10536,10294,111,10405,127
2021-08-04,Tehama,103,63373,5400,5281,635,5916,66
2021-08-04,Trinity,105,12862,526,362,121,483,3
2021-08-04,Tulare,107,460477,52001,50797,10021,60818,855
2021-08-04,Tuolumne,109,53932,4722,4584,45,4629,64
2021-08-04,Ventura,111,848112,85922,84406,3606,88012,1047
2021-08-04,Yolo,113,214977,15613,15189,563,15752,215
2021-08-04,Yuba,115,75493,6994,6827,161,6988,50
2021-08-03,Alameda,001,1643700,99726,97275,2274,99549,1270
2021-08-03,Alpine,003,1148,90,91,0,91,0
2021-08-03,Amador,005,37829,4072,3953,34,3987,48
2021-08-03,Butte,007,227075,13840,13468,2108,15576,205
2021-08-03,Calaveras,009,45235,2413,2356,16,2372,57
2021-08-03,Colusa,011,21464,2082,2023,365,2388,16
2021-08-03,Contra Costa,013,1133247,79861,77739,1566,79305,836
2021-08-03,Del Norte,015,27424,1830,1691,14,1705,8
2021-08-03,El Dorado,017,186661,11683,11255,919,12174,117
2021-08-03,Fresno,019,978130,107947,105732,9346,115078,1746
2021-08-03,Glenn,021,27897,2537,2481,604,3085,20
2021-08-03,Humboldt,023,135768,5563,5199,89,5288,52
2021-08-03,Imperial,025,180216,29555,29333,2906,32239,745
2021-08-03,Inyo,027,18085,1475,1459,13,1472,38
2021-08-03,Kern,029,883053,101358,99708,12404,112112,1358
2021-08-03,Kings,031,150075,24322,23780,1216,24996,249
2021-08-03,Lake,033,64148,4615,4408,16,4424,66
2021-08-03,Lassen,035,31185,5408,5341,127,5468,21
2021-08-03,Los Angeles,037,10098052,1280368,1262678,46818,1309496,24721
2021-08-03,Madera,039,155013,17610,17220,1055,18275,245
2021-08-03,Marin,041,260295,15297,14906,301,15207,243
2021-08-03,Mariposa,043,17540,517,495,11,506,5
2021-08-03,Mendocino,045,87422,4746,4546,105,4651,49
2021-08-03,Merced,047,269075,32569,32197,1084,33281,476
2021-08-03,Modoc,049,8938,431,416,149,565,5
2021-08-03,Mono,051,14174,1316,1303,17,1320,3
2021-08-03,Monterey,053,433212,44298,43872,2063,45935,525
2021-08-03,Napa,055,140530,10724,10527,61,10588,82
2021-08-03,Nevada,057,99092,6031,5685,210,5895,73
2021-08-03,Orange,059,3164182,271366,266649,12432,279081,5146
2021-08-03,Placer,061,380077,26571,25624,2029,27653,305
2021-08-03,Plumas,063,18699,797,779,14,793,5
2021-08-03,Riverside,065,2383286,310317,303499,14811,318310,4562
2021-08-03,Sacramento,067,1510023,120571,117591,2326,119917,1732
2021-08-03,San Benito,069,59416,6349,6284,118,6402,63
2021-08-03,San Bernardino,071,2135413,307890,303386,9522,312908,5265
2021-08-03,San Diego,073,3302833,304916,300189,17472,317661,3803
2021-08-03,San Francisco,075,870044,43271,41758,1675,43433,562
2021-08-03,San Joaquin,077,732212,79085,77615,4058,81673,1461
2021-08-03,San Luis Obispo,079,281455,22647,22166,833,22999,264
2021-08-03,San Mateo,081,765935,46161,45255,647,45902,548
2021-08-03,Santa Barbara,083,443738,36608,35912,1304,37216,469
2021-08-03,Santa Clara,085,1922200,126204,123914,885,124799,2183
2021-08-03,Santa Cruz,087,273765,17137,16778,848,17626,207
2021-08-03,Shasta,089,179085,13478,13091,1818,14909,211
2021-08-03,Sierra,091,2930,78,72,12,84,0
2021-08-03,Siskiyou,093,43540,2114,1998,466,2464,32
2021-08-03,Solano,095,438530,37040,35953,790,36743,261
2021-08-03,Sonoma,097,501317,34177,33243,402,33645,330
2021-08-03,Stanislaus,099,539301,60649,59282,6478,65760,1037
2021-08-03,Sutter,101,95872,10496,10263,110,10373,127
2021-08-03,Tehama,103,63373,5375,5269,630,5899,66
2021-08-03,Trinity,105,12862,523,361,118,479,3
2021-08-03,Tulare,107,460477,51906,50729,9975,60704,854
2021-08-03,Tuolumne,109,53932,4687,4563,45,4608,64
2021-08-03,Ventura,111,848112,85678,84270,3585,87855,1046
2021-08-03,Yolo,113,214977,15521,15149,549,15698,215
2021-08-03,Yuba,115,75493,6957,6781,159,6940,50
2021-08-02,Alameda,001,1643700,99166,96954,2269,99223,1270
2021-08-02,Alpine,003,1148,90,91,0,91,0
2021-08-02,Amador,005,37829,4052,3927,34,3961,48
2021-08-02,Butte,007,227075,13764,13442,2089,15531,205
2021-08-02,Calaveras,009,45235,2395,2347,16,2363,57
2021-08-02,Colusa,011,21464,2070,2019,362,2381,16
2021-08-02,Contra Costa,013,1133247,79351,77516,1552,79068,836
2021-08-02,Del Norte,015,27424,1800,1653,14,1667,8
2021-08-02,El Dorado,017,186661,11580,11226,905,12131,116
2021-08-02,Fresno,019,978130,107604,105471,9310,114781,1744
2021-08-02,Glenn,021,27897,2529,2477,602,3079,20
2021-08-02,Humboldt,023,135768,5479,5161,87,5248,52
2021-08-02,Imperial,025,180216,29522,29302,2902,32204,743
2021-08-02,Inyo,027,18085,1469,1455,13,1468,38
2021-08-02,Kern,029,883053,101103,99556,12310,111866,1357
2021-08-02,Kings,031,150075,24253,23722,1210,24932,249
2021-08-02,Lake,033,64148,4573,4375,16,4391,66
2021-08-02,Lassen,035,31185,5385,5338,125,5463,21
2021-08-02,Los Angeles,037,10098052,1276653,1260807,46612,1307419,24705
2021-08-02,Madera,039,155013,17566,17158,1042,18200,245
2021-08-02,Marin,041,260295,15254,14859,299,15158,239
2021-08-02,Mariposa,043,17540,508,490,11,501,5
2021-08-02,Mendocino,045,87422,4706,4512,102,4614,49
2021-08-02,Merced,047,269075,32471,32163,1077,33240,474
2021-08-02,Modoc,049,8938,431,415,149,564,5
2021-08-02,Mono,051,14174,1309,1296,17,1313,3
2021-08-02,Monterey,053,433212,44238,43842,2055,45897,525
2021-08-02,Napa,055,140530,10681,10490,58,10548,82
2021-08-02,Nevada,057,99092,5960,5611,209,5820,73
2021-08-02,Orange,059,3164182,270451,266050,12386,278436,5146
2021-08-02,Placer,061,380077,26424,25516,1995,27511,306
2021-08-02,Plumas,063,18699,790,762,14,776,5
2021-08-02,Riverside,065,2383286,309380,302756,14796,317552,4562
2021-08-02,Sacramento,067,1510023,119875,117183,2305,119488,1728
2021-08-02,San Benito,069,59416,6330,6276,117,6393,63
2021-08-02,San Bernardino,071,2135413,307014,303000,9490,312490,5253
2021-08-02,San Diego,073,3302833,303421,299021,17402,316423,3798
2021-08-02,San Francisco,075,870044,42976,41553,1651,43204,562
2021-08-02,San Joaquin,077,732212,78742,77447,4031,81478,1461
2021-08-02,San Luis Obispo,079,281455,22553,22093,827,22920,261
2021-08-02,San Mateo,081,765935,45987,45154,634,45788,548
2021-08-02,Santa Barbara,083,443738,36469,35851,1298,37149,469
2021-08-02,Santa Clara,085,1922200,125734,123655,877,124532,2183
2021-08-02,Santa Cruz,087,273765,17080,16746,844,17590,207
2021-08-02,Shasta,089,179085,13414,13049,1804,14853,212
2021-08-02,Sierra,091,2930,78,71,12,83,0
2021-08-02,Siskiyou,093,43540,2103,1992,452,2444,31
2021-08-02,Solano,095,438530,36792,35852,777,36629,260
2021-08-02,Sonoma,097,501317,33950,33132,397,33529,330
2021-08-02,Stanislaus,099,539301,60416,59160,6450,65610,1037
2021-08-02,Sutter,101,95872,10450,10220,110,10330,127
2021-08-02,Tehama,103,63373,5351,5260,626,5886,66
2021-08-02,Trinity,105,12862,518,359,117,476,3
2021-08-02,Tulare,107,460477,51805,50640,9901,60541,854
2021-08-02,Tuolumne,109,53932,4620,4524,45,4569,64
2021-08-02,Ventura,111,848112,85493,84143,3562,87705,1044
2021-08-02,Yolo,113,214977,15422,15072,531,15603,215
2021-08-02,Yuba,115,75493,6915,6743,156,6899,50
2021-08-01,Alameda,001,1643700,98626,96775,2264,99039,1270
2021-08-01,Alpine,003,1148,90,91,0,91,0
2021-08-01,Amador,005,37829,4014,3923,34,3957,48
2021-08-01,Butte,007,227075,13683,13406,2072,15478,205
2021-08-01,Calaveras,009,45235,2380,2341,16,2357,57
2021-08-01,Colusa,011,21464,2059,2014,360,2374,16
2021-08-01,Contra Costa,013,1133247,78915,77360,1544,78904,836
2021-08-01,Del Norte,015,27424,1768,1642,14,1656,8
2021-08-01,El Dorado,017,186661,11479,11189,895,12084,116
2021-08-01,Fresno,019,978130,107279,105339,9263,114602,1744
2021-08-01,Glenn,021,27897,2523,2476,599,3075,20
2021-08-01,Humboldt,023,135768,5403,5118,83,5201,52
2021-08-01,Imperial,025,180216,29487,29297,2898,32195,743
2021-08-01,Inyo,027,18085,1467,1454,13,1467,38
2021-08-01,Kern,029,883053,100826,99396,12235,111631,1357
2021-08-01,Kings,031,150075,24166,23700,1205,24905,249
2021-08-01,Lake,033,64148,4494,4356,16,4372,66
2021-08-01,Lassen,035,31185,5372,5336,123,5459,21
2021-08-01,Los Angeles,037,10098052,1272967,1258461,46389,1304850,24700
2021-08-01,Madera,039,155013,17509,17146,1037,18183,245
2021-08-01,Marin,041,260295,15177,14844,298,15142,239
2021-08-01,Mariposa,043,17540,501,482,11,493,5
2021-08-01,Mendocino,045,87422,4660,4476,98,4574,49
2021-08-01,Merced,047,269075,32380,32144,1071,33215,474
2021-08-01,Modoc,049,8938,429,413,149,562,5
2021-08-01,Mono,051,14174,1306,1294,17,1311,3
2021-08-01,Monterey,053,433212,44190,43808,2042,45850,525
2021-08-01,Napa,055,140530,10633,10473,56,10529,82
2021-08-01,Nevada,057,99092,5873,5561,208,5769,73
2021-08-01,Orange,059,3164182,269639,265467,12343,277810,5146
2021-08-01,Placer,061,380077,26209,25464,1965,27429,306
2021-08-01,Plumas,063,18699,784,761,14,775,5
2021-08-01,Riverside,065,2383286,308447,302256,14778,317034,4562
2021-08-01,Sacramento,067,1510023,119139,116923,2288,119211,1727
2021-08-01,San Benito,069,59416,6313,6271,117,6388,63
2021-08-01,San Bernardino,071,2135413,306079,302542,9479,312021,5248
2021-08-01,San Diego,073,3302833,302227,298002,17343,315345,3798
2021-08-01,San Francisco,075,870044,42638,41432,1638,43070,562
2021-08-01,San Joaquin,077,732212,78376,77338,4004,81342,1461
2021-08-01,San Luis Obispo,079,281455,22450,22083,822,22905,261
2021-08-01,San Mateo,081,765935,45806,45036,626,45662,548
2021-08-01,Santa Barbara,083,443738,36346,35809,1294,37103,469
2021-08-01,Santa Clara,085,1922200,125323,123511,869,124380,2183
2021-08-01,Santa Cruz,087,273765,17001,16709,837,17546,207
2021-08-01,Shasta,089,179085,13343,13036,1795,14831,212
2021-08-01,Sierra,091,2930,76,71,12,83,0
2021-08-01,Siskiyou,093,43540,2097,1989,446,2435,31
2021-08-01,Solano,095,438530,36557,35800,768,36568,260
2021-08-01,Sonoma,097,501317,33758,33076,394,33470,330
2021-08-01,Stanislaus,099,539301,60173,59078,6418,65496,1037
2021-08-01,Sutter,101,95872,10395,10198,107,10305,127
2021-08-01,Tehama,103,63373,5334,5252,622,5874,66
2021-08-01,Trinity,105,12862,515,359,116,475,3
2021-08-01,Tulare,107,460477,51648,50600,9838,60438,854
2021-08-01,Tuolumne,109,53932,4582,4489,45,4534,64
2021-08-01,Ventura,111,848112,85263,84040,3547,87587,1044
2021-08-01,Yolo,113,214977,15350,15042,522,15564,215
2021-08-01,Yuba,115,75493,6878,6721,155,6876,50
2021-07-31,Alameda,001,1643700,98306,95279,2258,97537,1265
2021-07-31,Alpine,003,1148,90,89,0,89,0
2021-07-31,Amador,005,37829,3994,3877,34,3911,48
2021-07-31,Butte,007,227075,13650,13235,2052,15287,205
2021-07-31,Calaveras,009,45235,2374,2294,16,2310,57
2021-07-31,Colusa,011,21464,2053,2006,358,2364,16
2021-07-31,Contra Costa,013,1133247,78636,75866,1542,77408,832
2021-07-31,Del Norte,015,27424,1742,1576,14,1590,8
2021-07-31,El Dorado,017,186661,11426,11017,889,11906,116
2021-07-31,Fresno,019,978130,107119,104639,9249,113888,1744
2021-07-31,Glenn,021,27897,2518,2465,594,3059,20
2021-07-31,Humboldt,023,135768,5348,4978,82,5060,52
2021-07-31,Imperial,025,180216,29470,29164,2895,32059,743
2021-07-31,Inyo,027,18085,1464,1442,13,1455,38
2021-07-31,Kern,029,883053,100662,98903,12176,111079,1357
2021-07-31,Kings,031,150075,24113,23548,1200,24748,248
2021-07-31,Lake,033,64148,4469,4238,16,4254,66
2021-07-31,Lassen,035,31185,5365,5320,123,5443,21
2021-07-31,Los Angeles,037,10098052,1270772,1248545,46242,1294787,24691
2021-07-31,Madera,039,155013,17476,17058,1031,18089,245
2021-07-31,Marin,041,260295,15133,14701,297,14998,239
2021-07-31,Mariposa,043,17540,492,470,11,481,5
2021-07-31,Mendocino,045,87422,4635,4400,95,4495,49
2021-07-31,Merced,047,269075,32332,31959,1066,33025,474
2021-07-31,Modoc,049,8938,429,413,149,562,5
2021-07-31,Mono,051,14174,1304,1287,17,1304,3
2021-07-31,Monterey,053,433212,44150,43720,2032,45752,525
2021-07-31,Napa,055,140530,10613,10401,55,10456,82
2021-07-31,Nevada,057,99092,5834,5373,207,5580,72
2021-07-31,Orange,059,3164182,269065,263446,12324,275770,5144
2021-07-31,Placer,061,380077,26076,25104,1958,27062,306
2021-07-31,Plumas,063,18699,781,743,14,757,5
2021-07-31,Riverside,065,2383286,307831,300315,14768,315083,4554
2021-07-31,Sacramento,067,1510023,118727,115259,2282,117541,1720
2021-07-31,San Benito,069,59416,6302,6251,117,6368,63
2021-07-31,San Bernardino,071,2135413,305510,300726,9476,310202,5240
2021-07-31,San Diego,073,3302833,301549,295054,17307,312361,3798
2021-07-31,San Francisco,075,870044,42414,40412,1618,42030,562
2021-07-31,San Joaquin,077,732212,78211,76575,3991,80566,1443
2021-07-31,San Luis Obispo,079,281455,22396,21922,820,22742,260
2021-07-31,San Mateo,081,765935,45649,44622,621,45243,548
2021-07-31,Santa Barbara,083,443738,36264,35531,1293,36824,467
2021-07-31,Santa Clara,085,1922200,125068,122614,867,123481,2099
2021-07-31,Santa Cruz,087,273765,16962,16576,836,17412,207
2021-07-31,Shasta,089,179085,13307,12918,1787,14705,212
2021-07-31,Sierra,091,2930,76,68,12,80,0
2021-07-31,Siskiyou,093,43540,2088,1976,440,2416,31
2021-07-31,Solano,095,438530,36456,35340,760,36100,263
2021-07-31,Sonoma,097,501317,33633,32601,394,32995,329
2021-07-31,Stanislaus,099,539301,60011,58586,6395,64981,1035
2021-07-31,Sutter,101,95872,10360,10068,106,10174,127
2021-07-31,Tehama,103,63373,5319,5216,619,5835,66
2021-07-31,Trinity,105,12862,514,354,115,469,3
2021-07-31,Tulare,107,460477,51558,50409,9785,60194,854
2021-07-31,Tuolumne,109,53932,4543,4362,45,4407,64
2021-07-31,Ventura,111,848112,85102,83509,3530,87039,1044
2021-07-31,Yolo,113,214977,15302,14863,511,15374,215
2021-07-31,Yuba,115,75493,6855,6615,151,6766,50
2021-07-30,Alameda,001,1643700,97973,95279,2254,97533,1265
2021-07-30,Alpine,003,1148,90,89,0,89,0
2021-07-30,Amador,005,37829,3971,3877,34,3911,48
2021-07-30,Butte,007,227075,13595,13235,2039,15274,205
2021-07-30,Calaveras,009,45235,2366,2294,16,2310,57
2021-07-30,Colusa,011,21464,2049,2006,356,2362,16
2021-07-30,Contra Costa,013,1133247,78393,75866,1538,77404,832
2021-07-30,Del Norte,015,27424,1724,1576,14,1590,8
2021-07-30,El Dorado,017,186661,11393,11017,883,11900,116
2021-07-30,Fresno,019,978130,106925,104639,9237,113876,1744
2021-07-30,Glenn,021,27897,2513,2465,593,3058,20
2021-07-30,Humboldt,023,135768,5284,4978,79,5057,52
2021-07-30,Imperial,025,180216,29456,29164,2892,32056,743
2021-07-30,Inyo,027,18085,1463,1442,13,1455,38
2021-07-30,Kern,029,883053,100537,98903,12129,111032,1357
2021-07-30,Kings,031,150075,24072,23548,1196,24744,248
2021-07-30,Lake,033,64148,4441,4238,16,4254,66
2021-07-30,Lassen,035,31185,5361,5320,123,5443,21
2021-07-30,Los Angeles,037,10098052,1268451,1248545,46091,1294636,24691
2021-07-30,Madera,039,155013,17434,17058,1028,18086,245
2021-07-30,Marin,041,260295,15099,14701,297,14998,239
2021-07-30,Mariposa,043,17540,489,470,11,481,5
2021-07-30,Mendocino,045,87422,4605,4400,94,4494,49
2021-07-30,Merced,047,269075,32291,31959,1061,33020,474
2021-07-30,Modoc,049,8938,427,413,149,562,5
2021-07-30,Mono,051,14174,1299,1287,17,1304,3
2021-07-30,Monterey,053,433212,44116,43720,2023,45743,525
2021-07-30,Napa,055,140530,10591,10401,54,10455,82
2021-07-30,Nevada,057,99092,5777,5373,207,5580,72
2021-07-30,Orange,059,3164182,268440,263446,12298,275744,5144
2021-07-30,Placer,061,380077,25987,25104,1940,27044,306
2021-07-30,Plumas,063,18699,776,743,14,757,5
2021-07-30,Riverside,065,2383286,307194,300315,14758,315073,4554
2021-07-30,Sacramento,067,1510023,118276,115259,2278,117537,1720
2021-07-30,San Benito,069,59416,6295,6251,117,6368,63
2021-07-30,San Bernardino,071,2135413,304997,300726,9470,310196,5240
2021-07-30,San Diego,073,3302833,300776,295054,17249,312303,3798
2021-07-30,San Francisco,075,870044,42199,40412,1603,42015,562
2021-07-30,San Joaquin,077,732212,78057,76575,3986,80561,1443
2021-07-30,San Luis Obispo,079,281455,22358,21922,816,22738,260
2021-07-30,San Mateo,081,765935,45525,44622,608,45230,548
2021-07-30,Santa Barbara,083,443738,36195,35531,1287,36818,467
2021-07-30,Santa Clara,085,1922200,124844,122614,865,123479,2099
2021-07-30,Santa Cruz,087,273765,16936,16576,834,17410,207
2021-07-30,Shasta,089,179085,13260,12918,1787,14705,212
2021-07-30,Sierra,091,2930,75,68,12,80,0
2021-07-30,Siskiyou,093,43540,2079,1976,439,2415,31
2021-07-30,Solano,095,438530,36365,35340,744,36084,263
2021-07-30,Sonoma,097,501317,33538,32601,394,32995,329
2021-07-30,Stanislaus,099,539301,59866,58586,6374,64960,1035
2021-07-30,Sutter,101,95872,10324,10068,106,10174,127
2021-07-30,Tehama,103,63373,5308,5216,619,5835,66
2021-07-30,Trinity,105,12862,514,354,115,469,3
2021-07-30,Tulare,107,460477,51515,50409,9749,60158,854
2021-07-30,Tuolumne,109,53932,4525,4362,45,4407,64
2021-07-30,Ventura,111,848112,84938,83509,3515,87024,1044
2021-07-30,Yolo,113,214977,15240,14863,507,15370,215
2021-07-30,Yuba,115,75493,6819,6615,150,6765,50
2021-07-29,Alameda,001,1643700,97547,95279,2248,97527,1265
2021-07-29,Alpine,003,1148,90,89,0,89,0
2021-07-29,Amador,005,37829,3952,3877,34,3911,48
2021-07-29,Butte,007,227075,13547,13235,2031,15266,205
2021-07-29,Calaveras,009,45235,2340,2294,16,2310,57
2021-07-29,Colusa,011,21464,2042,2006,356,2362,16
2021-07-29,Contra Costa,013,1133247,77955,75866,1534,77400,832
2021-07-29,Del Norte,015,27424,1700,1576,14,1590,8
2021-07-29,El Dorado,017,186661,11329,11017,871,11888,116
2021-07-29,Fresno,019,978130,106663,104639,9210,113849,1744
2021-07-29,Glenn,021,27897,2503,2465,592,3057,20
2021-07-29,Humboldt,023,135768,5223,4978,77,5055,52
2021-07-29,Imperial,025,180216,29410,29164,2890,32054,743
2021-07-29,Inyo,027,18085,1459,1442,13,1455,38
2021-07-29,Kern,029,883053,100330,98903,12051,110954,1357
2021-07-29,Kings,031,150075,24027,23548,1192,24740,248
2021-07-29,Lake,033,64148,4406,4238,16,4254,66
2021-07-29,Lassen,035,31185,5353,5320,120,5440,21
2021-07-29,Los Angeles,037,10098052,1265362,1248545,45908,1294453,24691
2021-07-29,Madera,039,155013,17387,17058,1024,18082,245
2021-07-29,Marin,041,260295,15056,14701,297,14998,239
2021-07-29,Mariposa,043,17540,485,470,11,481,5
2021-07-29,Mendocino,045,87422,4582,4400,92,4492,49
2021-07-29,Merced,047,269075,32236,31959,1061,33020,474
2021-07-29,Modoc,049,8938,427,413,149,562,5
2021-07-29,Mono,051,14174,1297,1287,17,1304,3
2021-07-29,Monterey,053,433212,44067,43720,2013,45733,525
2021-07-29,Napa,055,140530,10559,10401,52,10453,82
2021-07-29,Nevada,057,99092,5725,5373,206,5579,72
2021-07-29,Orange,059,3164182,267728,263446,12266,275712,5144
2021-07-29,Placer,061,380077,25864,25104,1925,27029,306
2021-07-29,Plumas,063,18699,768,743,14,757,5
2021-07-29,Riverside,065,2383286,306489,300315,14734,315049,4554
2021-07-29,Sacramento,067,1510023,117722,115259,2265,117524,1720
2021-07-29,San Benito,069,59416,6284,6251,117,6368,63
2021-07-29,San Bernardino,071,2135413,304358,300726,9460,310186,5240
2021-07-29,San Diego,073,3302833,299714,295054,17189,312243,3798
2021-07-29,San Francisco,075,870044,41952,40412,1582,41994,562
2021-07-29,San Joaquin,077,732212,77802,76575,3978,80553,1443
2021-07-29,San Luis Obispo,079,281455,22305,21922,814,22736,260
2021-07-29,San Mateo,081,765935,45398,44622,598,45220,548
2021-07-29,Santa Barbara,083,443738,36110,35531,1286,36817,467
2021-07-29,Santa Clara,085,1922200,124547,122614,862,123476,2099
2021-07-29,Santa Cruz,087,273765,16883,16576,832,17408,207
2021-07-29,Shasta,089,179085,13206,12918,1778,14696,212
2021-07-29,Sierra,091,2930,75,68,12,80,0
2021-07-29,Siskiyou,093,43540,2074,1976,437,2413,31
2021-07-29,Solano,095,438530,36205,35340,734,36074,263
2021-07-29,Sonoma,097,501317,33363,32601,392,32993,329
2021-07-29,Stanislaus,099,539301,59693,58586,6357,64943,1035
2021-07-29,Sutter,101,95872,10278,10068,105,10173,127
2021-07-29,Tehama,103,63373,5296,5216,613,5829,66
2021-07-29,Trinity,105,12862,512,354,114,468,3
2021-07-29,Tulare,107,460477,51425,50409,9709,60118,854
2021-07-29,Tuolumne,109,53932,4485,4362,44,4406,64
2021-07-29,Ventura,111,848112,84772,83509,3508,87017,1044
2021-07-29,Yolo,113,214977,15172,14863,493,15356,215
2021-07-29,Yuba,115,75493,6771,6615,147,6762,50
2021-07-28,Alameda,001,1643700,97085,94965,2241,97206,1262
2021-07-28,Alpine,003,1148,90,89,0,89,0
2021-07-28,Amador,005,37829,3938,3870,34,3904,48
2021-07-28,Butte,007,227075,13491,13184,2018,15202,205
2021-07-28,Calaveras,009,45235,2327,2289,16,2305,57
2021-07-28,Colusa,011,21464,2038,2001,355,2356,16
2021-07-28,Contra Costa,013,1133247,77469,75487,1526,77013,832
2021-07-28,Del Norte,015,27424,1667,1545,14,1559,8
2021-07-28,El Dorado,017,186661,11280,10967,861,11828,116
2021-07-28,Fresno,019,978130,106417,104458,9190,113648,1744
2021-07-28,Glenn,021,27897,2499,2464,589,3053,20
2021-07-28,Humboldt,023,135768,5172,4946,76,5022,52
2021-07-28,Imperial,025,180216,29363,29096,2890,31986,743
2021-07-28,Inyo,027,18085,1453,1439,12,1451,38
2021-07-28,Kern,029,883053,100173,98781,12004,110785,1352
2021-07-28,Kings,031,150075,23963,23503,1182,24685,248
2021-07-28,Lake,033,64148,4360,4191,15,4206,65
2021-07-28,Lassen,035,31185,5345,5318,120,5438,21
2021-07-28,Los Angeles,037,10098052,1262198,1245485,45737,1291222,24673
2021-07-28,Madera,039,155013,17346,17024,1018,18042,245
2021-07-28,Marin,041,260295,15001,14652,297,14949,239
2021-07-28,Mariposa,043,17540,478,469,11,480,5
2021-07-28,Mendocino,045,87422,4554,4377,92,4469,49
2021-07-28,Merced,047,269075,32172,31886,1057,32943,474
2021-07-28,Modoc,049,8938,425,413,149,562,5
2021-07-28,Mono,051,14174,1296,1286,17,1303,3
2021-07-28,Monterey,053,433212,44020,43668,2003,45671,524
2021-07-28,Napa,055,140530,10519,10376,50,10426,82
2021-07-28,Nevada,057,99092,5670,5320,206,5526,72
2021-07-28,Orange,059,3164182,266936,262735,12236,274971,5143
2021-07-28,Placer,061,380077,25716,24978,1909,26887,306
2021-07-28,Plumas,063,18699,763,754,14,768,5
2021-07-28,Riverside,065,2383286,305721,299611,14715,314326,4554
2021-07-28,Sacramento,067,1510023,117071,114665,2244,116909,1714
2021-07-28,San Benito,069,59416,6273,6236,117,6353,63
2021-07-28,San Bernardino,071,2135413,303728,300121,9448,309569,5236
2021-07-28,San Diego,073,3302833,298430,294176,17125,311301,3798
2021-07-28,San Francisco,075,870044,41618,40144,1556,41700,561
2021-07-28,San Joaquin,077,732212,77552,76312,3948,80260,1443
2021-07-28,San Luis Obispo,079,281455,22246,21865,813,22678,260
2021-07-28,San Mateo,081,765935,45248,44477,589,45066,547
2021-07-28,Santa Barbara,083,443738,36034,35431,1281,36712,467
2021-07-28,Santa Clara,085,1922200,124286,122345,860,123205,2099
2021-07-28,Santa Cruz,087,273765,16845,16551,831,17382,207
2021-07-28,Shasta,089,179085,13162,12882,1767,14649,212
2021-07-28,Sierra,091,2930,71,67,12,79,0
2021-07-28,Siskiyou,093,43540,2065,1971,434,2405,31
2021-07-28,Solano,095,438530,36031,35204,727,35931,262
2021-07-28,Sonoma,097,501317,33220,32434,389,32823,328
2021-07-28,Stanislaus,099,539301,59494,58427,6341,64768,1035
2021-07-28,Sutter,101,95872,10246,10033,104,10137,126
2021-07-28,Tehama,103,63373,5284,5209,610,5819,66
2021-07-28,Trinity,105,12862,511,352,114,466,3
2021-07-28,Tulare,107,460477,51337,50363,9661,60024,854
2021-07-28,Tuolumne,109,53932,4446,4313,44,4357,64
2021-07-28,Ventura,111,848112,84576,83360,3492,86852,1043
2021-07-28,Yolo,113,214977,15100,14801,485,15286,215
2021-07-28,Yuba,115,75493,6738,6591,146,6737,51
2021-07-27,Alameda,001,1643700,96680,94682,2232,96914,1256
2021-07-27,Alpine,003,1148,90,89,0,89,0
2021-07-27,Amador,005,37829,3922,3861,34,3895,48
2021-07-27,Butte,007,227075,13442,13127,2007,15134,205
2021-07-27,Calaveras,009,45235,2316,2280,16,2296,57
2021-07-27,Colusa,011,21464,2030,1999,354,2353,16
2021-07-27,Contra Costa,013,1133247,76981,75227,1522,76749,830
2021-07-27,Del Norte,015,27424,1647,1538,14,1552,8
2021-07-27,El Dorado,017,186661,11220,10941,851,11792,116
2021-07-27,Fresno,019,978130,106124,104288,9166,113454,1746
2021-07-27,Glenn,021,27897,2491,2460,587,3047,20
2021-07-27,Humboldt,023,135768,5118,4925,75,5000,52
2021-07-27,Imperial,025,180216,29318,29048,2889,31937,743
2021-07-27,Inyo,027,18085,1451,1430,12,1442,38
2021-07-27,Kern,029,883053,100003,98724,11948,110672,1352
2021-07-27,Kings,031,150075,23906,23463,1172,24635,248
2021-07-27,Lake,033,64148,4321,4157,15,4172,65
2021-07-27,Lassen,035,31185,5339,5315,120,5435,21
2021-07-27,Los Angeles,037,10098052,1258756,1243336,45566,1288902,24658
2021-07-27,Madera,039,155013,17293,16998,1013,18011,245
2021-07-27,Marin,041,260295,14953,14631,294,14925,239
2021-07-27,Mariposa,043,17540,475,468,11,479,5
2021-07-27,Mendocino,045,87422,4531,4371,92,4463,49
2021-07-27,Merced,047,269075,32105,31825,1054,32879,473
2021-07-27,Modoc,049,8938,424,413,149,562,5
2021-07-27,Mono,051,14174,1292,1288,17,1305,3
2021-07-27,Monterey,053,433212,43980,43646,1992,45638,523
2021-07-27,Napa,055,140530,10489,10354,50,10404,82
2021-07-27,Nevada,057,99092,5593,5305,204,5509,72
2021-07-27,Orange,059,3164182,266192,262193,12211,274404,5143
2021-07-27,Placer,061,380077,25557,24916,1883,26799,306
2021-07-27,Plumas,063,18699,760,752,14,766,5
2021-07-27,Riverside,065,2383286,304990,299160,14696,313856,4554
2021-07-27,Sacramento,067,1510023,116468,114413,2235,116648,1710
2021-07-27,San Benito,069,59416,6264,6229,117,6346,63
2021-07-27,San Bernardino,071,2135413,303021,299593,9426,309019,5236
2021-07-27,San Diego,073,3302833,297339,293408,17052,310460,3798
2021-07-27,San Francisco,075,870044,41259,39939,1538,41477,561
2021-07-27,San Joaquin,077,732212,77290,76166,3928,80094,1442
2021-07-27,San Luis Obispo,079,281455,22191,21803,804,22607,260
2021-07-27,San Mateo,081,765935,45097,44378,586,44964,547
2021-07-27,Santa Barbara,083,443738,35936,35355,1279,36634,467
2021-07-27,Santa Clara,085,1922200,123992,122154,858,123012,2099
2021-07-27,Santa Cruz,087,273765,16799,16523,830,17353,207
2021-07-27,Shasta,089,179085,13111,12846,1754,14600,212
2021-07-27,Sierra,091,2930,71,65,12,77,0
2021-07-27,Siskiyou,093,43540,2060,1964,431,2395,31
2021-07-27,Solano,095,438530,35899,35093,717,35810,261
2021-07-27,Sonoma,097,501317,33075,32367,387,32754,328
2021-07-27,Stanislaus,099,539301,59322,58333,6315,64648,1033
2021-07-27,Sutter,101,95872,10205,9998,104,10102,115
2021-07-27,Tehama,103,63373,5263,5192,608,5800,66
2021-07-27,Trinity,105,12862,510,351,114,465,3
2021-07-27,Tulare,107,460477,51269,50324,9631,59955,854
2021-07-27,Tuolumne,109,53932,4394,4282,44,4326,64
2021-07-27,Ventura,111,848112,84368,83189,3480,86669,1043
2021-07-27,Yolo,113,214977,15026,14759,479,15238,215
2021-07-27,Yuba,115,75493,6716,6564,144,6708,51
2021-07-26,Alameda,001,1643700,96228,94436,2225,96661,1259
2021-07-26,Alpine,003,1148,90,89,0,89,0
2021-07-26,Amador,005,37829,3912,3854,34,3888,48
2021-07-26,Butte,007,227075,13387,13082,1996,15078,203
2021-07-26,Calaveras,009,45235,2313,2276,16,2292,57
2021-07-26,Colusa,011,21464,2023,1996,352,2348,16
2021-07-26,Contra Costa,013,1133247,76481,74854,1515,76369,830
2021-07-26,Del Norte,015,27424,1626,1530,14,1544,8
2021-07-26,El Dorado,017,186661,11156,10899,848,11747,116
2021-07-26,Fresno,019,978130,105921,104143,9143,113286,1742
2021-07-26,Glenn,021,27897,2489,2461,586,3047,20
2021-07-26,Humboldt,023,135768,5079,4906,73,4979,52
2021-07-26,Imperial,025,180216,29278,29034,2888,31922,743
2021-07-26,Inyo,027,18085,1446,1429,12,1441,38
2021-07-26,Kern,029,883053,99837,98633,11883,110516,1351
2021-07-26,Kings,031,150075,23857,23426,1168,24594,247
2021-07-26,Lake,033,64148,4300,4133,15,4148,65
2021-07-26,Lassen,035,31185,5335,5314,120,5434,21
2021-07-26,Los Angeles,037,10098052,1255430,1241527,45396,1286923,24647
2021-07-26,Madera,039,155013,17265,16971,1006,17977,245
2021-07-26,Marin,041,260295,14896,14579,293,14872,239
2021-07-26,Mariposa,043,17540,474,467,11,478,5
2021-07-26,Mendocino,045,87422,4510,4354,92,4446,49
2021-07-26,Merced,047,269075,32021,31774,1050,32824,473
2021-07-26,Modoc,049,8938,424,413,149,562,5
2021-07-26,Mono,051,14174,1291,1286,17,1303,3
2021-07-26,Monterey,053,433212,43937,43595,1979,45574,521
2021-07-26,Napa,055,140530,10466,10332,50,10382,82
2021-07-26,Nevada,057,99092,5507,5280,204,5484,72
2021-07-26,Orange,059,3164182,265554,261803,12190,273993,5142
2021-07-26,Placer,061,380077,25422,24842,1862,26704,304
2021-07-26,Plumas,063,18699,756,750,14,764,5
2021-07-26,Riverside,065,2383286,304296,298626,14682,313308,4553
2021-07-26,Sacramento,067,1510023,115867,113986,2219,116205,1705
2021-07-26,San Benito,069,59416,6258,6222,117,6339,63
2021-07-26,San Bernardino,071,2135413,302409,299238,9414,308652,5237
2021-07-26,San Diego,073,3302833,296226,292688,16978,309666,3793
2021-07-26,San Francisco,075,870044,40905,39800,1512,41312,561
2021-07-26,San Joaquin,077,732212,77055,76033,3924,79957,1440
2021-07-26,San Luis Obispo,079,281455,22142,21752,801,22553,260
2021-07-26,San Mateo,081,765935,44948,44297,577,44874,547
2021-07-26,Santa Barbara,083,443738,35865,35311,1267,36578,467
2021-07-26,Santa Clara,085,1922200,123683,121978,849,122827,2099
2021-07-26,Santa Cruz,087,273765,16760,16493,827,17320,207
2021-07-26,Shasta,089,179085,13062,12819,1741,14560,211
2021-07-26,Sierra,091,2930,70,65,12,77,0
2021-07-26,Siskiyou,093,43540,2057,1962,429,2391,31
2021-07-26,Solano,095,438530,35744,34990,709,35699,259
2021-07-26,Sonoma,097,501317,32940,32283,385,32668,328
2021-07-26,Stanislaus,099,539301,59176,58219,6296,64515,1033
2021-07-26,Sutter,101,95872,10165,9963,101,10064,115
2021-07-26,Tehama,103,63373,5253,5183,604,5787,66
2021-07-26,Trinity,105,12862,510,351,113,464,3
2021-07-26,Tulare,107,460477,51204,50265,9600,59865,854
2021-07-26,Tuolumne,109,53932,4363,4271,44,4315,64
2021-07-26,Ventura,111,848112,84195,83072,3465,86537,1041
2021-07-26,Yolo,113,214977,14965,14727,466,15193,215
2021-07-26,Yuba,115,75493,6682,6538,142,6680,51
2021-07-25,Alameda,001,1643700,95740,94146,2218,96364,1259
2021-07-25,Alpine,003,1148,88,89,0,89,0
2021-07-25,Amador,005,37829,3897,3848,34,3882,48
2021-07-25,Butte,007,227075,13348,13074,1986,15060,203
2021-07-25,Calaveras,009,45235,2303,2275,16,2291,57
2021-07-25,Colusa,011,21464,2014,1996,348,2344,16
2021-07-25,Contra Costa,013,1133247,75996,74634,1501,76135,830
2021-07-25,Del Norte,015,27424,1605,1526,14,1540,8
2021-07-25,El Dorado,017,186661,11098,10878,845,11723,116
2021-07-25,Fresno,019,978130,105680,104019,9127,113146,1742
2021-07-25,Glenn,021,27897,2480,2461,584,3045,20
2021-07-25,Humboldt,023,135768,5020,4892,71,4963,52
2021-07-25,Imperial,025,180216,29242,29037,2887,31924,743
2021-07-25,Inyo,027,18085,1441,1427,12,1439,38
2021-07-25,Kern,029,883053,99665,98503,11812,110315,1351
2021-07-25,Kings,031,150075,23803,23396,1164,24560,247
2021-07-25,Lake,033,64148,4247,4109,14,4123,65
2021-07-25,Lassen,035,31185,5330,5314,120,5434,21
2021-07-25,Los Angeles,037,10098052,1252029,1239596,45221,1284817,24643
2021-07-25,Madera,039,155013,17228,16947,999,17946,245
2021-07-25,Marin,041,260295,14846,14558,290,14848,239
2021-07-25,Mariposa,043,17540,471,465,11,476,5
2021-07-25,Mendocino,045,87422,4481,4335,90,4425,49
2021-07-25,Merced,047,269075,31949,31760,1048,32808,473
2021-07-25,Modoc,049,8938,424,413,149,562,5
2021-07-25,Mono,051,14174,1288,1286,17,1303,3
2021-07-25,Monterey,053,433212,43898,43590,1971,45561,521
2021-07-25,Napa,055,140530,10430,10316,49,10365,82
2021-07-25,Nevada,057,99092,5442,5256,201,5457,72
2021-07-25,Orange,059,3164182,264846,261351,12167,273518,5142
2021-07-25,Placer,061,380077,25301,24755,1841,26596,304
2021-07-25,Plumas,063,18699,754,750,14,764,5
2021-07-25,Riverside,065,2383286,303532,298181,14664,312845,4553
2021-07-25,Sacramento,067,1510023,115318,113611,2203,115814,1704
2021-07-25,San Benito,069,59416,6251,6217,117,6334,63
2021-07-25,San Bernardino,071,2135413,301754,298982,9408,308390,5237
2021-07-25,San Diego,073,3302833,295152,290626,16910,307536,3793
2021-07-25,San Francisco,075,870044,40568,39663,1487,41150,561
2021-07-25,San Joaquin,077,732212,76800,75926,3905,79831,1440
2021-07-25,San Luis Obispo,079,281455,22069,21741,798,22539,260
2021-07-25,San Mateo,081,765935,44785,44189,571,44760,547
2021-07-25,Santa Barbara,083,443738,35787,35261,1264,36525,467
2021-07-25,Santa Clara,085,1922200,123353,121800,844,122644,2099
2021-07-25,Santa Cruz,087,273765,16713,16474,826,17300,207
2021-07-25,Shasta,089,179085,13015,12815,1736,14551,211
2021-07-25,Sierra,091,2930,70,65,12,77,0
2021-07-25,Siskiyou,093,43540,2049,1963,426,2389,31
2021-07-25,Solano,095,438530,35550,34863,706,35569,259
2021-07-25,Sonoma,097,501317,32815,32202,382,32584,328
2021-07-25,Stanislaus,099,539301,59009,58154,6291,64445,1033
2021-07-25,Sutter,101,95872,10111,9937,99,10036,115
2021-07-25,Tehama,103,63373,5237,5181,603,5784,66
2021-07-25,Trinity,105,12862,508,351,111,462,3
2021-07-25,Tulare,107,460477,51127,50221,9562,59783,854
2021-07-25,Tuolumne,109,53932,4311,4267,44,4311,64
2021-07-25,Ventura,111,848112,83981,82986,3442,86428,1041
2021-07-25,Yolo,113,214977,14904,14693,452,15145,215
2021-07-25,Yuba,115,75493,6649,6519,142,6661,51
2021-07-24,Alameda,001,1643700,95463,93170,2213,95383,1259
2021-07-24,Alpine,003,1148,88,89,0,89,0
2021-07-24,Amador,005,37829,3888,3816,34,3850,48
2021-07-24,Butte,007,227075,13319,12982,1984,14966,203
2021-07-24,Calaveras,009,45235,2299,2267,16,2283,57
2021-07-24,Colusa,011,21464,2013,1992,346,2338,16
2021-07-24,Contra Costa,013,1133247,75770,73682,1498,75180,830
2021-07-24,Del Norte,015,27424,1594,1497,14,1511,8
2021-07-24,El Dorado,017,186661,11064,10773,842,11615,116
2021-07-24,Fresno,019,978130,105562,103637,9118,112755,1736
2021-07-24,Glenn,021,27897,2479,2457,584,3041,20
2021-07-24,Humboldt,023,135768,4986,4780,70,4850,52
2021-07-24,Imperial,025,180216,29222,28996,2887,31883,742
2021-07-24,Inyo,027,18085,1438,1424,12,1436,38
2021-07-24,Kern,029,883053,99586,98261,11790,110051,1350
2021-07-24,Kings,031,150075,23772,23304,1161,24465,246
2021-07-24,Lake,033,64148,4224,3963,14,3977,64
2021-07-24,Lassen,035,31185,5329,5311,120,5431,21
2021-07-24,Los Angeles,037,10098052,1250262,1232164,45101,1277265,24623
2021-07-24,Madera,039,155013,17204,16885,997,17882,245
2021-07-24,Marin,041,260295,14807,14454,290,14744,238
2021-07-24,Mariposa,043,17540,471,453,11,464,5
2021-07-24,Mendocino,045,87422,4456,4293,90,4383,49
2021-07-24,Merced,047,269075,31927,31661,1047,32708,473
2021-07-24,Modoc,049,8938,424,413,149,562,5
2021-07-24,Mono,051,14174,1286,1284,17,1301,3
2021-07-24,Monterey,053,433212,43873,43525,1964,45489,521
2021-07-24,Napa,055,140530,10414,10230,49,10279,81
2021-07-24,Nevada,057,99092,5410,5183,201,5384,72
2021-07-24,Orange,059,3164182,264381,259973,12154,272127,5141
2021-07-24,Placer,061,380077,25218,24530,1836,26366,303
2021-07-24,Plumas,063,18699,753,737,14,751,4
2021-07-24,Riverside,065,2383286,303064,296912,14654,311566,4552
2021-07-24,Sacramento,067,1510023,115000,112438,2199,114637,1698
2021-07-24,San Benito,069,59416,6247,6200,116,6316,63
2021-07-24,San Bernardino,071,2135413,301364,297899,9399,307298,5236
2021-07-24,San Diego,073,3302833,294685,289368,16883,306251,3788
2021-07-24,San Francisco,075,870044,40403,38954,1470,40424,561
2021-07-24,San Joaquin,077,732212,76673,75461,3894,79355,1436
2021-07-24,San Luis Obispo,079,281455,22038,21616,796,22412,260
2021-07-24,San Mateo,081,765935,44667,43880,565,44445,542
2021-07-24,Santa Barbara,083,443738,35728,35071,1260,36331,465
2021-07-24,Santa Clara,085,1922200,123141,121092,843,121935,2099
2021-07-24,Santa Cruz,087,273765,16691,16416,826,17242,207
2021-07-24,Shasta,089,179085,12987,12759,1733,14492,211
2021-07-24,Sierra,091,2930,69,64,12,76,0
2021-07-24,Siskiyou,093,43540,2049,1951,426,2377,31
2021-07-24,Solano,095,438530,35458,34499,697,35196,259
2021-07-24,Sonoma,097,501317,32691,31928,380,32308,327
2021-07-24,Stanislaus,099,539301,58916,57879,6281,64160,1030
2021-07-24,Sutter,101,95872,10084,9890,99,9989,115
2021-07-24,Tehama,103,63373,5230,5166,601,5767,65
2021-07-24,Trinity,105,12862,508,345,111,456,3
2021-07-24,Tulare,107,460477,51084,50104,9544,59648,854
2021-07-24,Tuolumne,109,53932,4285,4216,44,4260,64
2021-07-24,Ventura,111,848112,83854,82687,3425,86112,1041
2021-07-24,Yolo,113,214977,14867,14557,449,15006,214
2021-07-24,Yuba,115,75493,6630,6449,142,6591,51
2021-07-23,Alameda,001,1643700,95208,93170,2207,95377,1259
2021-07-23,Alpine,003,1148,88,89,0,89,0
2021-07-23,Amador,005,37829,3881,3816,34,3850,48
2021-07-23,Butte,007,227075,13290,12982,1976,14958,203
2021-07-23,Calaveras,009,45235,2291,2267,16,2283,57
2021-07-23,Colusa,011,21464,2012,1992,346,2338,16
2021-07-23,Contra Costa,013,1133247,75512,73682,1488,75170,830
2021-07-23,Del Norte,015,27424,1586,1497,14,1511,8
2021-07-23,El Dorado,017,186661,11035,10773,838,11611,116
2021-07-23,Fresno,019,978130,105431,103637,9108,112745,1736
2021-07-23,Glenn,021,27897,2477,2457,581,3038,20
2021-07-23,Humboldt,023,135768,4965,4780,68,4848,52
2021-07-23,Imperial,025,180216,29210,28996,2887,31883,742
2021-07-23,Inyo,027,18085,1435,1424,12,1436,38
2021-07-23,Kern,029,883053,99503,98261,11764,110025,1350
2021-07-23,Kings,031,150075,23741,23304,1158,24462,246
2021-07-23,Lake,033,64148,4194,3963,14,3977,64
2021-07-23,Lassen,035,31185,5327,5311,120,5431,21
2021-07-23,Los Angeles,037,10098052,1248337,1232164,45015,1277179,24623
2021-07-23,Madera,039,155013,17174,16885,992,17877,245
2021-07-23,Marin,041,260295,14770,14454,288,14742,238
2021-07-23,Mariposa,043,17540,468,453,11,464,5
2021-07-23,Mendocino,045,87422,4443,4293,90,4383,49
2021-07-23,Merced,047,269075,31901,31661,1047,32708,473
2021-07-23,Modoc,049,8938,424,413,149,562,5
2021-07-23,Mono,051,14174,1285,1284,17,1301,3
2021-07-23,Monterey,053,433212,43848,43525,1964,45489,521
2021-07-23,Napa,055,140530,10393,10230,49,10279,81
2021-07-23,Nevada,057,99092,5365,5183,201,5384,72
2021-07-23,Orange,059,3164182,263931,259973,12131,272104,5141
2021-07-23,Placer,061,380077,25138,24530,1820,26350,303
2021-07-23,Plumas,063,18699,751,737,14,751,4
2021-07-23,Riverside,065,2383286,302599,296912,14642,311554,4552
2021-07-23,Sacramento,067,1510023,114644,112438,2197,114635,1698
2021-07-23,San Benito,069,59416,6241,6200,116,6316,63
2021-07-23,San Bernardino,071,2135413,300986,297899,9390,307289,5236
2021-07-23,San Diego,073,3302833,294082,289368,16835,306203,3788
2021-07-23,San Francisco,075,870044,40220,38954,1457,40411,561
2021-07-23,San Joaquin,077,732212,76573,75461,3879,79340,1436
2021-07-23,San Luis Obispo,079,281455,22000,21616,796,22412,260
2021-07-23,San Mateo,081,765935,44562,43880,560,44440,542
2021-07-23,Santa Barbara,083,443738,35661,35071,1259,36330,465
2021-07-23,Santa Clara,085,1922200,122922,121092,840,121932,2099
2021-07-23,Santa Cruz,087,273765,16666,16416,826,17242,207
2021-07-23,Shasta,089,179085,12960,12759,1730,14489,211
2021-07-23,Sierra,091,2930,69,64,12,76,0
2021-07-23,Siskiyou,093,43540,2047,1951,426,2377,31
2021-07-23,Solano,095,438530,35365,34499,693,35192,259
2021-07-23,Sonoma,097,501317,32597,31928,379,32307,327
2021-07-23,Stanislaus,099,539301,58836,57879,6271,64150,1030
2021-07-23,Sutter,101,95872,10055,9890,99,9989,115
2021-07-23,Tehama,103,63373,5221,5166,601,5767,65
2021-07-23,Trinity,105,12862,507,345,110,455,3
2021-07-23,Tulare,107,460477,51038,50104,9519,59623,854
2021-07-23,Tuolumne,109,53932,4263,4216,44,4260,64
2021-07-23,Ventura,111,848112,83692,82687,3407,86094,1041
2021-07-23,Yolo,113,214977,14828,14557,442,14999,214
2021-07-23,Yuba,115,75493,6604,6449,141,6590,51
2021-07-22,Alameda,001,1643700,94847,93170,2202,95372,1259
2021-07-22,Alpine,003,1148,88,89,0,89,0
2021-07-22,Amador,005,37829,3872,3816,34,3850,48
2021-07-22,Butte,007,227075,13256,12982,1967,14949,203
2021-07-22,Calaveras,009,45235,2285,2267,16,2283,57
2021-07-22,Colusa,011,21464,2010,1992,343,2335,16
2021-07-22,Contra Costa,013,1133247,75172,73682,1484,75166,830
2021-07-22,Del Norte,015,27424,1569,1497,14,1511,8
2021-07-22,El Dorado,017,186661,11000,10773,830,11603,116
2021-07-22,Fresno,019,978130,105302,103637,9098,112735,1736
2021-07-22,Glenn,021,27897,2473,2457,581,3038,20
2021-07-22,Humboldt,023,135768,4934,4780,66,4846,52
2021-07-22,Imperial,025,180216,29180,28996,2887,31883,742
2021-07-22,Inyo,027,18085,1433,1424,12,1436,38
2021-07-22,Kern,029,883053,99387,98261,11722,109983,1350
2021-07-22,Kings,031,150075,23702,23304,1156,24460,246
2021-07-22,Lake,033,64148,4143,3963,14,3977,64
2021-07-22,Lassen,035,31185,5324,5311,120,5431,21
2021-07-22,Los Angeles,037,10098052,1245934,1232164,44858,1277022,24623
2021-07-22,Madera,039,155013,17139,16885,990,17875,245
2021-07-22,Marin,041,260295,14729,14454,287,14741,238
2021-07-22,Mariposa,043,17540,461,453,11,464,5
2021-07-22,Mendocino,045,87422,4430,4293,89,4382,49
2021-07-22,Merced,047,269075,31859,31661,1045,32706,473
2021-07-22,Modoc,049,8938,424,413,149,562,5
2021-07-22,Mono,051,14174,1284,1284,17,1301,3
2021-07-22,Monterey,053,433212,43819,43525,1958,45483,521
2021-07-22,Napa,055,140530,10375,10230,49,10279,81
2021-07-22,Nevada,057,99092,5339,5183,200,5383,72
2021-07-22,Orange,059,3164182,263377,259973,12122,272095,5141
2021-07-22,Placer,061,380077,25044,24530,1809,26339,303
2021-07-22,Plumas,063,18699,750,737,14,751,4
2021-07-22,Riverside,065,2383286,302090,296912,14621,311533,4552
2021-07-22,Sacramento,067,1510023,114207,112438,2188,114626,1698
2021-07-22,San Benito,069,59416,6233,6200,116,6316,63
2021-07-22,San Bernardino,071,2135413,300588,297899,9374,307273,5236
2021-07-22,San Diego,073,3302833,293359,289368,16775,306143,3788
2021-07-22,San Francisco,075,870044,40007,38954,1445,40399,561
2021-07-22,San Joaquin,077,732212,76430,75461,3866,79327,1436
2021-07-22,San Luis Obispo,079,281455,21963,21616,792,22408,260
2021-07-22,San Mateo,081,765935,44450,43880,555,44435,542
2021-07-22,Santa Barbara,083,443738,35596,35071,1257,36328,465
2021-07-22,Santa Clara,085,1922200,122680,121092,837,121929,2099
2021-07-22,Santa Cruz,087,273765,16629,16416,826,17242,207
2021-07-22,Shasta,089,179085,12936,12759,1726,14485,211
2021-07-22,Sierra,091,2930,67,64,12,76,0
2021-07-22,Siskiyou,093,43540,2044,1951,426,2377,31
2021-07-22,Solano,095,438530,35215,34499,686,35185,259
2021-07-22,Sonoma,097,501317,32487,31928,377,32305,327
2021-07-22,Stanislaus,099,539301,58706,57879,6259,64138,1030
2021-07-22,Sutter,101,95872,10034,9890,99,9989,115
2021-07-22,Tehama,103,63373,5215,5166,601,5767,65
2021-07-22,Trinity,105,12862,507,345,110,455,3
2021-07-22,Tulare,107,460477,50995,50104,9491,59595,854
2021-07-22,Tuolumne,109,53932,4251,4216,44,4260,64
2021-07-22,Ventura,111,848112,83558,82687,3394,86081,1041
2021-07-22,Yolo,113,214977,14790,14557,441,14998,214
2021-07-22,Yuba,115,75493,6574,6449,138,6587,51
2021-07-21,Alameda,001,1643700,94519,92840,2199,95039,1256
2021-07-21,Alpine,003,1148,88,89,0,89,0
2021-07-21,Amador,005,37829,3859,3813,34,3847,48
2021-07-21,Butte,007,227075,13215,12939,1962,14901,203
2021-07-21,Calaveras,009,45235,2282,2257,16,2273,57
2021-07-21,Colusa,011,21464,2006,1988,342,2330,16
2021-07-21,Contra Costa,013,1133247,74907,73320,1475,74795,827
2021-07-21,Del Norte,015,27424,1559,1492,14,1506,8
2021-07-21,El Dorado,017,186661,10965,10742,826,11568,116
2021-07-21,Fresno,019,978130,105154,103504,9089,112593,1736
2021-07-21,Glenn,021,27897,2471,2455,580,3035,20
2021-07-21,Humboldt,023,135768,4902,4763,64,4827,52
2021-07-21,Imperial,025,180216,29168,28964,2880,31844,742
2021-07-21,Inyo,027,18085,1433,1423,12,1435,38
2021-07-21,Kern,029,883053,99269,98152,11681,109833,1350
2021-07-21,Kings,031,150075,23674,23270,1152,24422,246
2021-07-21,Lake,033,64148,4078,3896,14,3910,64
2021-07-21,Lassen,035,31185,5321,5310,120,5430,21
2021-07-21,Los Angeles,037,10098052,1243455,1229598,44733,1274331,24609
2021-07-21,Madera,039,155013,17115,16858,987,17845,245
2021-07-21,Marin,041,260295,14679,14427,287,14714,238
2021-07-21,Mariposa,043,17540,457,449,11,460,5
2021-07-21,Mendocino,045,87422,4412,4274,89,4363,49
2021-07-21,Merced,047,269075,31820,31607,1040,32647,473
2021-07-21,Modoc,049,8938,424,413,149,562,5
2021-07-21,Mono,051,14174,1281,1282,17,1299,3
2021-07-21,Monterey,053,433212,43789,43502,1954,45456,515
2021-07-21,Napa,055,140530,10349,10209,49,10258,81
2021-07-21,Nevada,057,99092,5304,5152,200,5352,72
2021-07-21,Orange,059,3164182,262826,259615,12091,271706,5139
2021-07-21,Placer,061,380077,24935,24441,1798,26239,303
2021-07-21,Plumas,063,18699,750,736,14,750,4
2021-07-21,Riverside,065,2383286,301578,296419,14604,311023,4552
2021-07-21,Sacramento,067,1510023,113791,112043,2177,114220,1696
2021-07-21,San Benito,069,59416,6223,6196,116,6312,63
2021-07-21,San Bernardino,071,2135413,300142,297519,9366,306885,5230
2021-07-21,San Diego,073,3302833,292511,288682,16711,305393,3787
2021-07-21,San Francisco,075,870044,39783,38699,1440,40139,559
2021-07-21,San Joaquin,077,732212,76241,75288,3854,79142,1434
2021-07-21,San Luis Obispo,079,281455,21926,21579,789,22368,260
2021-07-21,San Mateo,081,765935,44357,43755,551,44306,542
2021-07-21,Santa Barbara,083,443738,35537,34998,1241,36239,465
2021-07-21,Santa Clara,085,1922200,122470,120838,835,121673,2099
2021-07-21,Santa Cruz,087,273765,16595,16407,826,17233,207
2021-07-21,Shasta,089,179085,12903,12751,1723,14474,211
2021-07-21,Sierra,091,2930,67,64,12,76,0
2021-07-21,Siskiyou,093,43540,2042,1943,424,2367,31
2021-07-21,Solano,095,438530,35058,34374,681,35055,258
2021-07-21,Sonoma,097,501317,32370,31789,377,32166,327
2021-07-21,Stanislaus,099,539301,58604,57774,6250,64024,1028
2021-07-21,Sutter,101,95872,10010,9862,99,9961,113
2021-07-21,Tehama,103,63373,5211,5161,601,5762,65
2021-07-21,Trinity,105,12862,505,345,109,454,3
2021-07-21,Tulare,107,460477,50936,50066,9465,59531,854
2021-07-21,Tuolumne,109,53932,4213,4156,44,4200,64
2021-07-21,Ventura,111,848112,83436,82573,3382,85955,1041
2021-07-21,Yolo,113,214977,14749,14525,440,14965,213
2021-07-21,Yuba,115,75493,6546,6425,138,6563,52
2021-07-20,Alameda,001,1643700,94140,92625,2185,94810,1256
2021-07-20,Alpine,003,1148,88,89,0,89,0
2021-07-20,Amador,005,37829,3848,3807,34,3841,48
2021-07-20,Butte,007,227075,13178,12916,1957,14873,203
2021-07-20,Calaveras,009,45235,2277,2249,16,2265,57
2021-07-20,Colusa,011,21464,2006,1985,342,2327,16
2021-07-20,Contra Costa,013,1133247,74622,73143,1457,74600,825
2021-07-20,Del Norte,015,27424,1549,1490,14,1504,8
2021-07-20,El Dorado,017,186661,10925,10727,822,11549,116
2021-07-20,Fresno,019,978130,105018,103438,9070,112508,1736
2021-07-20,Glenn,021,27897,2471,2453,580,3033,20
2021-07-20,Humboldt,023,135768,4857,4735,62,4797,52
2021-07-20,Imperial,025,180216,29148,28933,2880,31813,742
2021-07-20,Inyo,027,18085,1429,1420,12,1432,36
2021-07-20,Kern,029,883053,99159,98082,11654,109736,1350
2021-07-20,Kings,031,150075,23633,23254,1148,24402,246
2021-07-20,Lake,033,64148,4053,3871,14,3885,64
2021-07-20,Lassen,035,31185,5321,5306,120,5426,21
2021-07-20,Los Angeles,037,10098052,1240678,1227404,44576,1271980,24603
2021-07-20,Madera,039,155013,17094,16856,983,17839,245
2021-07-20,Marin,041,260295,14644,14396,284,14680,234
2021-07-20,Mariposa,043,17540,455,448,11,459,5
2021-07-20,Mendocino,045,87422,4395,4259,89,4348,49
2021-07-20,Merced,047,269075,31782,31578,1033,32611,473
2021-07-20,Modoc,049,8938,424,413,149,562,5
2021-07-20,Mono,051,14174,1277,1281,17,1298,3
2021-07-20,Monterey,053,433212,43758,43481,1951,45432,515
2021-07-20,Napa,055,140530,10326,10191,49,10240,81
2021-07-20,Nevada,057,99092,5285,5148,199,5347,72
2021-07-20,Orange,059,3164182,262270,259303,12059,271362,5139
2021-07-20,Placer,061,380077,24843,24408,1774,26182,303
2021-07-20,Plumas,063,18699,748,736,14,750,4
2021-07-20,Riverside,065,2383286,301043,296118,14590,310708,4543
2021-07-20,Sacramento,067,1510023,113353,111796,2147,113943,1695
2021-07-20,San Benito,069,59416,6216,6196,116,6312,63
2021-07-20,San Bernardino,071,2135413,299730,297222,9341,306563,5231
2021-07-20,San Diego,073,3302833,291590,288209,16615,304824,3786
2021-07-20,San Francisco,075,870044,39527,38536,1429,39965,558
2021-07-20,San Joaquin,077,732212,76069,75198,3841,79039,1433
2021-07-20,San Luis Obispo,079,281455,21881,21556,788,22344,259
2021-07-20,San Mateo,081,765935,44240,43670,550,44220,542
2021-07-20,Santa Barbara,083,443738,35466,34935,1235,36170,462
2021-07-20,Santa Clara,085,1922200,122213,120704,833,121537,2098
2021-07-20,Santa Cruz,087,273765,16566,16399,826,17225,207
2021-07-20,Shasta,089,179085,12877,12734,1719,14453,211
2021-07-20,Sierra,091,2930,67,64,12,76,0
2021-07-20,Siskiyou,093,43540,2038,1931,423,2354,31
2021-07-20,Solano,095,438530,34925,34337,674,35011,258
2021-07-20,Sonoma,097,501317,32249,31763,376,32139,326
2021-07-20,Stanislaus,099,539301,58489,57706,6244,63950,1028
2021-07-20,Sutter,101,95872,9983,9854,96,9950,114
2021-07-20,Tehama,103,63373,5209,5153,601,5754,65
2021-07-20,Trinity,105,12862,503,344,108,452,3
2021-07-20,Tulare,107,460477,50894,50047,9448,59495,854
2021-07-20,Tuolumne,109,53932,4194,4156,44,4200,64
2021-07-20,Ventura,111,848112,83283,82504,3365,85869,1041
2021-07-20,Yolo,113,214977,14686,14495,437,14932,213
2021-07-20,Yuba,115,75493,6521,6393,135,6528,52
2021-07-19,Alameda,001,1643700,93768,92357,2169,94526,1256
2021-07-19,Alpine,003,1148,88,89,0,89,0
2021-07-19,Amador,005,37829,3844,3802,34,3836,48
2021-07-19,Butte,007,227075,13135,12901,1951,14852,202
2021-07-19,Calaveras,009,45235,2272,2245,16,2261,57
2021-07-19,Colusa,011,21464,2004,1981,341,2322,16
2021-07-19,Contra Costa,013,1133247,74310,72935,1437,74372,825
2021-07-19,Del Norte,015,27424,1536,1484,14,1498,8
2021-07-19,El Dorado,017,186661,10895,10703,814,11517,114
2021-07-19,Fresno,019,978130,104888,103350,9056,112406,1731
2021-07-19,Glenn,021,27897,2471,2452,579,3031,20
2021-07-19,Humboldt,023,135768,4827,4719,60,4779,52
2021-07-19,Imperial,025,180216,29121,28888,2880,31768,742
2021-07-19,Inyo,027,18085,1428,1417,12,1429,36
2021-07-19,Kern,029,883053,99047,97999,11619,109618,1349
2021-07-19,Kings,031,150075,23603,23221,1142,24363,246
2021-07-19,Lake,033,64148,4017,3848,14,3862,64
2021-07-19,Lassen,035,31185,5320,5305,120,5425,21
2021-07-19,Los Angeles,037,10098052,1238089,1225946,44388,1270334,24600
2021-07-19,Madera,039,155013,17071,16846,980,17826,244
2021-07-19,Marin,041,260295,14609,14369,281,14650,234
2021-07-19,Mariposa,043,17540,449,447,11,458,5
2021-07-19,Mendocino,045,87422,4377,4251,89,4340,49
2021-07-19,Merced,047,269075,31718,31565,1026,32591,472
2021-07-19,Modoc,049,8938,423,413,149,562,5
2021-07-19,Mono,051,14174,1275,1280,17,1297,3
2021-07-19,Monterey,053,433212,43734,43436,1950,45386,515
2021-07-19,Napa,055,140530,10301,10180,47,10227,81
2021-07-19,Nevada,057,99092,5257,5133,198,5331,72
2021-07-19,Orange,059,3164182,261747,258927,12027,270954,5138
2021-07-19,Placer,061,380077,24745,24359,1752,26111,303
2021-07-19,Plumas,063,18699,748,730,14,744,4
2021-07-19,Riverside,065,2383286,300554,295736,14552,310288,4543
2021-07-19,Sacramento,067,1510023,112990,111470,2123,113593,1696
2021-07-19,San Benito,069,59416,6213,6193,116,6309,63
2021-07-19,San Bernardino,071,2135413,299358,296929,9323,306252,5235
2021-07-19,San Diego,073,3302833,290701,287695,16512,304207,3786
2021-07-19,San Francisco,075,870044,39258,38463,1416,39879,560
2021-07-19,San Joaquin,077,732212,75904,75086,3835,78921,1431
2021-07-19,San Luis Obispo,079,281455,21836,21531,784,22315,259
2021-07-19,San Mateo,081,765935,44095,43563,541,44104,542
2021-07-19,Santa Barbara,083,443738,35392,34904,1233,36137,461
2021-07-19,Santa Clara,085,1922200,121955,120554,832,121386,2098
2021-07-19,Santa Cruz,087,273765,16550,16387,826,17213,207
2021-07-19,Shasta,089,179085,12859,12723,1717,14440,209
2021-07-19,Sierra,091,2930,66,64,12,76,0
2021-07-19,Siskiyou,093,43540,2033,1927,421,2348,31
2021-07-19,Solano,095,438530,34752,34262,663,34925,261
2021-07-19,Sonoma,097,501317,32128,31713,375,32088,325
2021-07-19,Stanislaus,099,539301,58386,57644,6234,63878,1027
2021-07-19,Sutter,101,95872,9967,9834,96,9930,114
2021-07-19,Tehama,103,63373,5203,5152,599,5751,65
2021-07-19,Trinity,105,12862,503,344,107,451,3
2021-07-19,Tulare,107,460477,50849,49994,9430,59424,855
2021-07-19,Tuolumne,109,53932,4184,4151,44,4195,64
2021-07-19,Ventura,111,848112,83187,82409,3343,85752,1041
2021-07-19,Yolo,113,214977,14655,14439,435,14874,213
2021-07-19,Yuba,115,75493,6497,6370,135,6505,52
2021-07-18,Alameda,001,1643700,93418,92162,2155,94317,1256
2021-07-18,Alpine,003,1148,88,89,0,89,0
2021-07-18,Amador,005,37829,3833,3799,34,3833,48
2021-07-18,Butte,007,227075,13092,12888,1946,14834,202
2021-07-18,Calaveras,009,45235,2269,2243,16,2259,57
2021-07-18,Colusa,011,21464,2004,1981,340,2321,16
2021-07-18,Contra Costa,013,1133247,73997,72849,1419,74268,825
2021-07-18,Del Norte,015,27424,1527,1482,14,1496,8
2021-07-18,El Dorado,017,186661,10857,10687,806,11493,114
2021-07-18,Fresno,019,978130,104735,103298,9038,112336,1731
2021-07-18,Glenn,021,27897,2470,2452,578,3030,20
2021-07-18,Humboldt,023,135768,4791,4714,60,4774,52
2021-07-18,Imperial,025,180216,29084,28877,2879,31756,742
2021-07-18,Inyo,027,18085,1424,1417,12,1429,36
2021-07-18,Kern,029,883053,98921,97963,11577,109540,1349
2021-07-18,Kings,031,150075,23582,23203,1138,24341,246
2021-07-18,Lake,033,64148,3981,3825,14,3839,64
2021-07-18,Lassen,035,31185,5320,5305,120,5425,21
2021-07-18,Los Angeles,037,10098052,1235415,1224691,44212,1268903,24598
2021-07-18,Madera,039,155013,17046,16838,976,17814,244
2021-07-18,Marin,041,260295,14573,14358,279,14637,234
2021-07-18,Mariposa,043,17540,448,447,11,458,5
2021-07-18,Mendocino,045,87422,4356,4246,89,4335,49
2021-07-18,Merced,047,269075,31687,31537,1024,32561,471
2021-07-18,Modoc,049,8938,423,413,149,562,5
2021-07-18,Mono,051,14174,1274,1280,17,1297,3
2021-07-18,Monterey,053,433212,43716,43422,1941,45363,515
2021-07-18,Napa,055,140530,10284,10174,44,10218,81
2021-07-18,Nevada,057,99092,5231,5124,198,5322,72
2021-07-18,Orange,059,3164182,261262,258724,11997,270721,5138
2021-07-18,Placer,061,380077,24678,24313,1725,26038,303
2021-07-18,Plumas,063,18699,748,730,14,744,4
2021-07-18,Riverside,065,2383286,300062,295522,14510,310032,4543
2021-07-18,Sacramento,067,1510023,112559,111255,2091,113346,1696
2021-07-18,San Benito,069,59416,6205,6191,116,6307,63
2021-07-18,San Bernardino,071,2135413,298884,296739,9308,306047,5233
2021-07-18,San Diego,073,3302833,289885,286287,16429,302716,3786
2021-07-18,San Francisco,075,870044,39026,38367,1405,39772,560
2021-07-18,San Joaquin,077,732212,75728,74997,3822,78819,1431
2021-07-18,San Luis Obispo,079,281455,21801,21527,781,22308,259
2021-07-18,San Mateo,081,765935,43981,43506,535,44041,542
2021-07-18,Santa Barbara,083,443738,35327,34880,1231,36111,461
2021-07-18,Santa Clara,085,1922200,121741,120438,825,121263,2098
2021-07-18,Santa Cruz,087,273765,16518,16372,825,17197,207
2021-07-18,Shasta,089,179085,12834,12714,1713,14427,209
2021-07-18,Sierra,091,2930,66,64,12,76,0
2021-07-18,Siskiyou,093,43540,2027,1927,416,2343,31
2021-07-18,Solano,095,438530,34625,34215,659,34874,261
2021-07-18,Sonoma,097,501317,32023,31675,374,32049,325
2021-07-18,Stanislaus,099,539301,58275,57600,6209,63809,1028
2021-07-18,Sutter,101,95872,9935,9826,96,9922,114
2021-07-18,Tehama,103,63373,5200,5150,598,5748,65
2021-07-18,Trinity,105,12862,503,344,107,451,3
2021-07-18,Tulare,107,460477,50796,49985,9407,59392,855
2021-07-18,Tuolumne,109,53932,4166,4149,44,4193,64
2021-07-18,Ventura,111,848112,83073,82361,3319,85680,1041
2021-07-18,Yolo,113,214977,14597,14425,429,14854,213
2021-07-18,Yuba,115,75493,6456,6357,135,6492,52
2021-07-17,Alameda,001,1643700,93197,91346,2143,93489,1255
2021-07-17,Alpine,003,1148,88,89,0,89,0
2021-07-17,Amador,005,37829,3824,3785,34,3819,48
2021-07-17,Butte,007,227075,13078,12824,1941,14765,202
2021-07-17,Calaveras,009,45235,2262,2237,16,2253,57
2021-07-17,Colusa,011,21464,2001,1976,340,2316,16
2021-07-17,Contra Costa,013,1133247,73815,72254,1406,73660,824
2021-07-17,Del Norte,015,27424,1519,1475,14,1489,8
2021-07-17,El Dorado,017,186661,10830,10622,802,11424,114
2021-07-17,Fresno,019,978130,104663,103055,9025,112080,1730
2021-07-17,Glenn,021,27897,2469,2451,578,3029,20
2021-07-17,Humboldt,023,135768,4778,4654,59,4713,52
2021-07-17,Imperial,025,180216,29068,28840,2879,31719,742
2021-07-17,Inyo,027,18085,1424,1416,12,1428,36
2021-07-17,Kern,029,883053,98864,97796,11540,109336,1348
2021-07-17,Kings,031,150075,23562,23163,1137,24300,246
2021-07-17,Lake,033,64148,3956,3760,14,3774,64
2021-07-17,Lassen,035,31185,5320,5302,120,5422,21
2021-07-17,Los Angeles,037,10098052,1233904,1219733,44068,1263801,24582
2021-07-17,Madera,039,155013,17038,16804,976,17780,240
2021-07-17,Marin,041,260295,14555,14297,277,14574,234
2021-07-17,Mariposa,043,17540,448,445,11,456,5
2021-07-17,Mendocino,045,87422,4344,4209,89,4298,49
2021-07-17,Merced,047,269075,31666,31451,1020,32471,471
2021-07-17,Modoc,049,8938,423,412,149,561,5
2021-07-17,Mono,051,14174,1272,1277,17,1294,3
2021-07-17,Monterey,053,433212,43693,43367,1936,45303,515
2021-07-17,Napa,055,140530,10268,10129,44,10173,81
2021-07-17,Nevada,057,99092,5216,5066,198,5264,72
2021-07-17,Orange,059,3164182,260955,257805,11958,269763,5136
2021-07-17,Placer,061,380077,24611,24169,1711,25880,303
2021-07-17,Plumas,063,18699,743,721,14,735,4
2021-07-17,Riverside,065,2383286,299755,294751,14478,309229,4542
2021-07-17,Sacramento,067,1510023,112323,110432,2069,112501,1694
2021-07-17,San Benito,069,59416,6199,6181,116,6297,63
2021-07-17,San Bernardino,071,2135413,298650,296048,9289,305337,5218
2021-07-17,San Diego,073,3302833,289478,285698,16362,302060,3786
2021-07-17,San Francisco,075,870044,38904,37978,1401,39379,560
2021-07-17,San Joaquin,077,732212,75641,74695,3816,78511,1430
2021-07-17,San Luis Obispo,079,281455,21774,21462,781,22243,258
2021-07-17,San Mateo,081,765935,43910,43324,534,43858,542
2021-07-17,Santa Barbara,083,443738,35286,34769,1228,35997,461
2021-07-17,Santa Clara,085,1922200,121569,119980,822,120802,2097
2021-07-17,Santa Cruz,087,273765,16511,16337,825,17162,207
2021-07-17,Shasta,089,179085,12819,12683,1708,14391,210
2021-07-17,Sierra,091,2930,66,62,12,74,0
2021-07-17,Siskiyou,093,43540,2022,1922,413,2335,29
2021-07-17,Solano,095,438530,34560,34015,651,34666,263
2021-07-17,Sonoma,097,501317,31955,31536,373,31909,322
2021-07-17,Stanislaus,099,539301,58197,57400,6195,63595,1028
2021-07-17,Sutter,101,95872,9925,9778,96,9874,114
2021-07-17,Tehama,103,63373,5197,5145,598,5743,64
2021-07-17,Trinity,105,12862,502,341,107,448,3
2021-07-17,Tulare,107,460477,50775,49937,9395,59332,854
2021-07-17,Tuolumne,109,53932,4156,4131,44,4175,64
2021-07-17,Ventura,111,848112,83005,82125,3308,85433,1041
2021-07-17,Yolo,113,214977,14566,14356,422,14778,213
2021-07-17,Yuba,115,75493,6445,6309,135,6444,52
2021-07-16,Alameda,001,1643700,92962,91346,2131,93477,1255
2021-07-16,Alpine,003,1148,88,89,0,89,0
2021-07-16,Amador,005,37829,3821,3785,34,3819,48
2021-07-16,Butte,007,227075,13053,12824,1938,14762,202
2021-07-16,Calaveras,009,45235,2261,2237,16,2253,57
2021-07-16,Colusa,011,21464,1999,1976,339,2315,16
2021-07-16,Contra Costa,013,1133247,73627,72254,1402,73656,824
2021-07-16,Del Norte,015,27424,1517,1475,14,1489,8
2021-07-16,El Dorado,017,186661,10811,10622,801,11423,114
2021-07-16,Fresno,019,978130,104611,103055,9006,112061,1730
2021-07-16,Glenn,021,27897,2469,2451,578,3029,20
2021-07-16,Humboldt,023,135768,4756,4654,59,4713,52
2021-07-16,Imperial,025,180216,29056,28840,2879,31719,742
2021-07-16,Inyo,027,18085,1422,1416,12,1428,36
2021-07-16,Kern,029,883053,98802,97796,11501,109297,1348
2021-07-16,Kings,031,150075,23537,23163,1135,24298,246
2021-07-16,Lake,033,64148,3929,3760,14,3774,64
2021-07-16,Lassen,035,31185,5319,5302,120,5422,21
2021-07-16,Los Angeles,037,10098052,1232408,1219733,43925,1263658,24582
2021-07-16,Madera,039,155013,17020,16804,976,17780,240
2021-07-16,Marin,041,260295,14531,14297,274,14571,234
2021-07-16,Mariposa,043,17540,448,445,11,456,5
2021-07-16,Mendocino,045,87422,4335,4209,88,4297,49
2021-07-16,Merced,047,269075,31644,31451,1018,32469,471
2021-07-16,Modoc,049,8938,423,412,149,561,5
2021-07-16,Mono,051,14174,1271,1277,17,1294,3
2021-07-16,Monterey,053,433212,43671,43367,1935,45302,515
2021-07-16,Napa,055,140530,10244,10129,43,10172,81
2021-07-16,Nevada,057,99092,5206,5066,198,5264,72
2021-07-16,Orange,059,3164182,260683,257805,11918,269723,5136
2021-07-16,Placer,061,380077,24558,24169,1706,25875,303
2021-07-16,Plumas,063,18699,742,721,14,735,4
2021-07-16,Riverside,065,2383286,299479,294751,14452,309203,4542
2021-07-16,Sacramento,067,1510023,112106,110432,2056,112488,1694
2021-07-16,San Benito,069,59416,6197,6181,116,6297,63
2021-07-16,San Bernardino,071,2135413,298372,296048,9272,305320,5218
2021-07-16,San Diego,073,3302833,289032,285698,16315,302013,3786
2021-07-16,San Francisco,075,870044,38787,37978,1396,39374,560
2021-07-16,San Joaquin,077,732212,75546,74695,3813,78508,1430
2021-07-16,San Luis Obispo,079,281455,21757,21462,781,22243,258
2021-07-16,San Mateo,081,765935,43857,43324,533,43857,542
2021-07-16,Santa Barbara,083,443738,35248,34769,1228,35997,461
2021-07-16,Santa Clara,085,1922200,121422,119980,814,120794,2097
2021-07-16,Santa Cruz,087,273765,16498,16337,825,17162,207
2021-07-16,Shasta,089,179085,12809,12683,1707,14390,210
2021-07-16,Sierra,091,2930,66,62,12,74,0
2021-07-16,Siskiyou,093,43540,2020,1922,411,2333,29
2021-07-16,Solano,095,438530,34493,34015,643,34658,263
2021-07-16,Sonoma,097,501317,31903,31536,370,31906,322
2021-07-16,Stanislaus,099,539301,58148,57400,6184,63584,1028
2021-07-16,Sutter,101,95872,9913,9778,96,9874,114
2021-07-16,Tehama,103,63373,5195,5145,598,5743,64
2021-07-16,Trinity,105,12862,502,341,106,447,3
2021-07-16,Tulare,107,460477,50751,49937,9385,59322,854
2021-07-16,Tuolumne,109,53932,4150,4131,44,4175,64
2021-07-16,Ventura,111,848112,82940,82125,3301,85426,1041
2021-07-16,Yolo,113,214977,14540,14356,418,14774,213
2021-07-16,Yuba,115,75493,6423,6309,134,6443,52
2021-07-15,Alameda,001,1643700,92666,91346,2121,93467,1255
2021-07-15,Alpine,003,1148,88,89,0,89,0
2021-07-15,Amador,005,37829,3818,3785,34,3819,48
2021-07-15,Butte,007,227075,13027,12824,1936,14760,202
2021-07-15,Calaveras,009,45235,2258,2237,16,2253,57
2021-07-15,Colusa,011,21464,1998,1976,338,2314,16
2021-07-15,Contra Costa,013,1133247,73414,72254,1395,73649,824
2021-07-15,Del Norte,015,27424,1514,1475,14,1489,8
2021-07-15,El Dorado,017,186661,10784,10622,799,11421,114
2021-07-15,Fresno,019,978130,104514,103055,8986,112041,1730
2021-07-15,Glenn,021,27897,2469,2451,578,3029,20
2021-07-15,Humboldt,023,135768,4738,4654,58,4712,52
2021-07-15,Imperial,025,180216,29033,28840,2878,31718,742
2021-07-15,Inyo,027,18085,1422,1416,12,1428,36
2021-07-15,Kern,029,883053,98732,97796,11473,109269,1348
2021-07-15,Kings,031,150075,23499,23163,1132,24295,246
2021-07-15,Lake,033,64148,3890,3760,14,3774,64
2021-07-15,Lassen,035,31185,5318,5302,120,5422,21
2021-07-15,Los Angeles,037,10098052,1230436,1219733,43764,1263497,24582
2021-07-15,Madera,039,155013,16998,16804,972,17776,240
2021-07-15,Marin,041,260295,14506,14297,274,14571,234
2021-07-15,Mariposa,043,17540,448,445,11,456,5
2021-07-15,Mendocino,045,87422,4327,4209,87,4296,49
2021-07-15,Merced,047,269075,31614,31451,1018,32469,471
2021-07-15,Modoc,049,8938,423,412,149,561,5
2021-07-15,Mono,051,14174,1271,1277,17,1294,3
2021-07-15,Monterey,053,433212,43642,43367,1932,45299,515
2021-07-15,Napa,055,140530,10219,10129,42,10171,81
2021-07-15,Nevada,057,99092,5189,5066,197,5263,72
2021-07-15,Orange,059,3164182,260332,257805,11886,269691,5136
2021-07-15,Placer,061,380077,24499,24169,1689,25858,303
2021-07-15,Plumas,063,18699,741,721,14,735,4
2021-07-15,Riverside,065,2383286,299157,294751,14437,309188,4542
2021-07-15,Sacramento,067,1510023,111802,110432,2038,112470,1694
2021-07-15,San Benito,069,59416,6195,6181,116,6297,63
2021-07-15,San Bernardino,071,2135413,298067,296048,9257,305305,5218
2021-07-15,San Diego,073,3302833,288399,285698,16238,301936,3786
2021-07-15,San Francisco,075,870044,38635,37978,1388,39366,560
2021-07-15,San Joaquin,077,732212,75429,74695,3808,78503,1430
2021-07-15,San Luis Obispo,079,281455,21725,21462,781,22243,258
2021-07-15,San Mateo,081,765935,43753,43324,528,43852,542
2021-07-15,Santa Barbara,083,443738,35194,34769,1227,35996,461
2021-07-15,Santa Clara,085,1922200,121300,119980,811,120791,2097
2021-07-15,Santa Cruz,087,273765,16485,16337,825,17162,207
2021-07-15,Shasta,089,179085,12801,12683,1702,14385,210
2021-07-15,Sierra,091,2930,66,62,12,74,0
2021-07-15,Siskiyou,093,43540,2019,1922,411,2333,29
2021-07-15,Solano,095,438530,34418,34015,637,34652,263
2021-07-15,Sonoma,097,501317,31842,31536,370,31906,322
2021-07-15,Stanislaus,099,539301,58080,57400,6171,63571,1028
2021-07-15,Sutter,101,95872,9893,9778,95,9873,114
2021-07-15,Tehama,103,63373,5189,5145,597,5742,64
2021-07-15,Trinity,105,12862,502,341,106,447,3
2021-07-15,Tulare,107,460477,50731,49937,9368,59305,854
2021-07-15,Tuolumne,109,53932,4138,4131,44,4175,64
2021-07-15,Ventura,111,848112,82863,82125,3296,85421,1041
2021-07-15,Yolo,113,214977,14513,14356,417,14773,213
2021-07-15,Yuba,115,75493,6408,6309,133,6442,52
2021-07-14,Alameda,001,1643700,92405,91092,2103,93195,1255
2021-07-14,Alpine,003,1148,88,89,0,89,0
2021-07-14,Amador,005,37829,3810,3784,34,3818,48
2021-07-14,Butte,007,227075,13000,12813,1929,14742,202
2021-07-14,Calaveras,009,45235,2252,2234,16,2250,57
2021-07-14,Colusa,011,21464,1995,1974,338,2312,16
2021-07-14,Contra Costa,013,1133247,73189,72091,1382,73473,823
2021-07-14,Del Norte,015,27424,1513,1472,14,1486,8
2021-07-14,El Dorado,017,186661,10758,10598,796,11394,114
2021-07-14,Fresno,019,978130,104434,102966,8975,111941,1728
2021-07-14,Glenn,021,27897,2469,2449,578,3027,20
2021-07-14,Humboldt,023,135768,4715,4644,56,4700,52
2021-07-14,Imperial,025,180216,29004,28822,2878,31700,742
2021-07-14,Inyo,027,18085,1421,1415,12,1427,36
2021-07-14,Kern,029,883053,98668,97736,11448,109184,1346
2021-07-14,Kings,031,150075,23486,23142,1132,24274,246
2021-07-14,Lake,033,64148,3857,3739,14,3753,63
2021-07-14,Lassen,035,31185,5317,5298,120,5418,21
2021-07-14,Los Angeles,037,10098052,1228432,1218265,43618,1261883,24578
2021-07-14,Madera,039,155013,16986,16786,970,17756,240
2021-07-14,Marin,041,260295,14472,14269,272,14541,233
2021-07-14,Mariposa,043,17540,446,445,11,456,5
2021-07-14,Mendocino,045,87422,4314,4193,87,4280,49
2021-07-14,Merced,047,269075,31577,31412,1015,32427,471
2021-07-14,Modoc,049,8938,423,412,149,561,4
2021-07-14,Mono,051,14174,1271,1278,17,1295,3
2021-07-14,Monterey,053,433212,43618,43347,1930,45277,504
2021-07-14,Napa,055,140530,10197,10121,42,10163,81
2021-07-14,Nevada,057,99092,5169,5058,197,5255,72
2021-07-14,Orange,059,3164182,260016,257558,11857,269415,5137
2021-07-14,Placer,061,380077,24446,24125,1677,25802,303
2021-07-14,Plumas,063,18699,734,719,14,733,4
2021-07-14,Riverside,065,2383286,298832,294511,14421,308932,4542
2021-07-14,Sacramento,067,1510023,111475,110193,2014,112207,1688
2021-07-14,San Benito,069,59416,6192,6177,116,6293,63
2021-07-14,San Bernardino,071,2135413,297764,295820,9242,305062,5193
2021-07-14,San Diego,073,3302833,287828,285269,16159,301428,3786
2021-07-14,San Francisco,075,870044,38496,37836,1382,39218,559
2021-07-14,San Joaquin,077,732212,75337,74599,3799,78398,1416
2021-07-14,San Luis Obispo,079,281455,21703,21444,779,22223,258
2021-07-14,San Mateo,081,765935,43656,43249,524,43773,542
2021-07-14,Santa Barbara,083,443738,35154,34719,1225,35944,461
2021-07-14,Santa Clara,085,1922200,121150,119844,808,120652,2098
2021-07-14,Santa Cruz,087,273765,16471,16326,825,17151,207
2021-07-14,Shasta,089,179085,12781,12669,1699,14368,209
2021-07-14,Sierra,091,2930,66,62,12,74,0
2021-07-14,Siskiyou,093,43540,2012,1922,408,2330,29
2021-07-14,Solano,095,438530,34345,33948,637,34585,268
2021-07-14,Sonoma,097,501317,31790,31470,370,31840,322
2021-07-14,Stanislaus,099,539301,58005,57340,6159,63499,1028
2021-07-14,Sutter,101,95872,9870,9766,95,9861,114
2021-07-14,Tehama,103,63373,5187,5142,597,5739,64
2021-07-14,Trinity,105,12862,502,341,106,447,3
2021-07-14,Tulare,107,460477,50714,49908,9354,59262,853
2021-07-14,Tuolumne,109,53932,4135,4128,43,4171,64
2021-07-14,Ventura,111,848112,82769,82041,3285,85326,1040
2021-07-14,Yolo,113,214977,14480,14332,414,14746,213
2021-07-14,Yuba,115,75493,6390,6294,133,6427,52
2021-07-13,Alameda,001,1643700,92142,90874,2093,92967,1255
2021-07-13,Alpine,003,1148,88,89,0,89,0
2021-07-13,Amador,005,37829,3803,3783,34,3817,48
2021-07-13,Butte,007,227075,12986,12802,1928,14730,202
2021-07-13,Calaveras,009,45235,2248,2230,16,2246,57
2021-07-13,Colusa,011,21464,1993,1972,334,2306,16
2021-07-13,Contra Costa,013,1133247,72963,71963,1373,73336,823
2021-07-13,Del Norte,015,27424,1509,1471,14,1485,8
2021-07-13,El Dorado,017,186661,10740,10581,793,11374,114
2021-07-13,Fresno,019,978130,104358,102909,8965,111874,1727
2021-07-13,Glenn,021,27897,2467,2448,578,3026,20
2021-07-13,Humboldt,023,135768,4700,4634,56,4690,51
2021-07-13,Imperial,025,180216,28993,28792,2877,31669,741
2021-07-13,Inyo,027,18085,1420,1415,12,1427,36
2021-07-13,Kern,029,883053,98579,97698,11409,109107,1346
2021-07-13,Kings,031,150075,23468,23132,1132,24264,246
2021-07-13,Lake,033,64148,3830,3719,13,3732,63
2021-07-13,Lassen,035,31185,5315,5292,120,5412,21
2021-07-13,Los Angeles,037,10098052,1226589,1217184,43446,1260630,24569
2021-07-13,Madera,039,155013,16976,16773,966,17739,240
2021-07-13,Marin,041,260295,14443,14254,271,14525,233
2021-07-13,Mariposa,043,17540,445,443,11,454,5
2021-07-13,Mendocino,045,87422,4307,4185,87,4272,49
2021-07-13,Merced,047,269075,31556,31379,1012,32391,471
2021-07-13,Modoc,049,8938,423,411,149,560,4
2021-07-13,Mono,051,14174,1270,1277,17,1294,3
2021-07-13,Monterey,053,433212,43600,43333,1926,45259,504
2021-07-13,Napa,055,140530,10176,10118,42,10160,81
2021-07-13,Nevada,057,99092,5144,5053,197,5250,72
2021-07-13,Orange,059,3164182,259686,257339,11828,269167,5136
2021-07-13,Placer,061,380077,24400,24091,1664,25755,303
2021-07-13,Plumas,063,18699,733,716,14,730,4
2021-07-13,Riverside,065,2383286,298509,294302,14395,308697,4541
2021-07-13,Sacramento,067,1510023,111165,109990,1991,111981,1687
2021-07-13,San Benito,069,59416,6190,6173,116,6289,63
2021-07-13,San Bernardino,071,2135413,297488,295596,9220,304816,5183
2021-07-13,San Diego,073,3302833,287285,284997,16080,301077,3785
2021-07-13,San Francisco,075,870044,38352,37725,1376,39101,559
2021-07-13,San Joaquin,077,732212,75221,74500,3796,78296,1417
2021-07-13,San Luis Obispo,079,281455,21677,21423,776,22199,258
2021-07-13,San Mateo,081,765935,43588,43180,523,43703,542
2021-07-13,Santa Barbara,083,443738,35105,34679,1222,35901,461
2021-07-13,Santa Clara,085,1922200,120996,119727,804,120531,2098
2021-07-13,Santa Cruz,087,273765,16462,16315,823,17138,207
2021-07-13,Shasta,089,179085,12768,12659,1692,14351,209
2021-07-13,Sierra,091,2930,66,62,12,74,0
2021-07-13,Siskiyou,093,43540,2011,1916,406,2322,29
2021-07-13,Solano,095,438530,34281,33918,631,34549,268
2021-07-13,Sonoma,097,501317,31731,31431,370,31801,322
2021-07-13,Stanislaus,099,539301,57936,57282,6145,63427,1028
2021-07-13,Sutter,101,95872,9852,9752,94,9846,114
2021-07-13,Tehama,103,63373,5180,5144,597,5741,64
2021-07-13,Trinity,105,12862,502,341,105,446,3
2021-07-13,Tulare,107,460477,50689,49891,9338,59229,853
2021-07-13,Tuolumne,109,53932,4127,4122,42,4164,64
2021-07-13,Ventura,111,848112,82685,81982,3260,85242,1040
2021-07-13,Yolo,113,214977,14452,14320,407,14727,213
2021-07-13,Yuba,115,75493,6373,6279,133,6412,52
2021-07-12,Alameda,001,1643700,91886,90720,2085,92805,1254
2021-07-12,Alpine,003,1148,88,89,0,89,0
2021-07-12,Amador,005,37829,3796,3781,34,3815,47
2021-07-12,Butte,007,227075,12966,12796,1926,14722,202
2021-07-12,Calaveras,009,45235,2246,2228,16,2244,57
2021-07-12,Colusa,011,21464,1989,1971,333,2304,16
2021-07-12,Contra Costa,013,1133247,72761,71833,1368,73201,823
2021-07-12,Del Norte,015,27424,1506,1469,14,1483,8
2021-07-12,El Dorado,017,186661,10712,10569,791,11360,114
2021-07-12,Fresno,019,978130,104264,102853,8952,111805,1728
2021-07-12,Glenn,021,27897,2467,2446,578,3024,20
2021-07-12,Humboldt,023,135768,4684,4621,56,4677,51
2021-07-12,Imperial,025,180216,28963,28789,2877,31666,741
2021-07-12,Inyo,027,18085,1420,1415,12,1427,36
2021-07-12,Kern,029,883053,98510,97660,11384,109044,1346
2021-07-12,Kings,031,150075,23448,23124,1130,24254,246
2021-07-12,Lake,033,64148,3809,3706,13,3719,63
2021-07-12,Lassen,035,31185,5314,5292,120,5412,21
2021-07-12,Los Angeles,037,10098052,1224806,1216230,43307,1259537,24559
2021-07-12,Madera,039,155013,16965,16772,966,17738,240
2021-07-12,Marin,041,260295,14418,14238,270,14508,233
2021-07-12,Mariposa,043,17540,445,442,11,453,5
2021-07-12,Mendocino,045,87422,4296,4175,87,4262,49
2021-07-12,Merced,047,269075,31525,31374,1011,32385,471
2021-07-12,Modoc,049,8938,422,411,149,560,4
2021-07-12,Mono,051,14174,1268,1275,17,1292,3
2021-07-12,Monterey,053,433212,43579,43315,1922,45237,504
2021-07-12,Napa,055,140530,10158,10104,41,10145,81
2021-07-12,Nevada,057,99092,5121,5046,197,5243,72
2021-07-12,Orange,059,3164182,259332,257171,11803,268974,5136
2021-07-12,Placer,061,380077,24349,24052,1658,25710,302
2021-07-12,Plumas,063,18699,733,716,14,730,4
2021-07-12,Riverside,065,2383286,298201,294108,14365,308473,4541
2021-07-12,Sacramento,067,1510023,110949,109849,1964,111813,1685
2021-07-12,San Benito,069,59416,6187,6166,116,6282,63
2021-07-12,San Bernardino,071,2135413,297217,295447,9206,304653,5171
2021-07-12,San Diego,073,3302833,286820,284648,16004,300652,3785
2021-07-12,San Francisco,075,870044,38205,37656,1373,39029,559
2021-07-12,San Joaquin,077,732212,75127,74424,3786,78210,1415
2021-07-12,San Luis Obispo,079,281455,21658,21408,775,22183,258
2021-07-12,San Mateo,081,765935,43495,43138,516,43654,542
2021-07-12,Santa Barbara,083,443738,35063,34664,1220,35884,461
2021-07-12,Santa Clara,085,1922200,120831,119634,801,120435,2098
2021-07-12,Santa Cruz,087,273765,16437,16310,822,17132,207
2021-07-12,Shasta,089,179085,12760,12648,1689,14337,208
2021-07-12,Sierra,091,2930,66,62,12,74,0
2021-07-12,Siskiyou,093,43540,2006,1916,401,2317,29
2021-07-12,Solano,095,438530,34191,33859,622,34481,268
2021-07-12,Sonoma,097,501317,31683,31377,369,31746,322
2021-07-12,Stanislaus,099,539301,57863,57243,6138,63381,1028
2021-07-12,Sutter,101,95872,9835,9736,93,9829,114
2021-07-12,Tehama,103,63373,5175,5138,596,5734,63
2021-07-12,Trinity,105,12862,498,340,103,443,3
2021-07-12,Tulare,107,460477,50661,49882,9325,59207,853
2021-07-12,Tuolumne,109,53932,4123,4116,42,4158,64
2021-07-12,Ventura,111,848112,82584,81919,3239,85158,1040
2021-07-12,Yolo,113,214977,14423,14303,403,14706,213
2021-07-12,Yuba,115,75493,6358,6266,133,6399,52
2021-07-11,Alameda,001,1643700,91557,90597,2070,92667,1254
2021-07-11,Alpine,003,1148,88,89,0,89,0
2021-07-11,Amador,005,37829,3794,3779,34,3813,47
2021-07-11,Butte,007,227075,12944,12794,1920,14714,202
2021-07-11,Calaveras,009,45235,2243,2226,15,2241,57
2021-07-11,Colusa,011,21464,1988,1971,332,2303,16
2021-07-11,Contra Costa,013,1133247,72551,71744,1361,73105,823
2021-07-11,Del Norte,015,27424,1502,1467,13,1480,8
2021-07-11,El Dorado,017,186661,10683,10554,789,11343,114
2021-07-11,Fresno,019,978130,104169,102813,8932,111745,1728
2021-07-11,Glenn,021,27897,2466,2446,578,3024,20
2021-07-11,Humboldt,023,135768,4671,4611,55,4666,51
2021-07-11,Imperial,025,180216,28945,28787,2876,31663,741
2021-07-11,Inyo,027,18085,1418,1415,12,1427,36
2021-07-11,Kern,029,883053,98437,97637,11368,109005,1346
2021-07-11,Kings,031,150075,23417,23116,1127,24243,246
2021-07-11,Lake,033,64148,3778,3699,13,3712,63
2021-07-11,Lassen,035,31185,5311,5291,120,5411,21
2021-07-11,Los Angeles,037,10098052,1223060,1215182,43149,1258331,24558
2021-07-11,Madera,039,155013,16946,16766,965,17731,240
2021-07-11,Marin,041,260295,14392,14231,270,14501,233
2021-07-11,Mariposa,043,17540,444,442,11,453,5
2021-07-11,Mendocino,045,87422,4276,4167,87,4254,49
2021-07-11,Merced,047,269075,31501,31366,1006,32372,471
2021-07-11,Modoc,049,8938,421,411,149,560,4
2021-07-11,Mono,051,14174,1268,1275,17,1292,3
2021-07-11,Monterey,053,433212,43560,43307,1918,45225,504
2021-07-11,Napa,055,140530,10154,10100,41,10141,81
2021-07-11,Nevada,057,99092,5110,5035,196,5231,72
2021-07-11,Orange,059,3164182,259019,257009,11774,268783,5136
2021-07-11,Placer,061,380077,24292,24017,1646,25663,302
2021-07-11,Plumas,063,18699,733,716,14,730,4
2021-07-11,Riverside,065,2383286,297937,293969,14347,308316,4541
2021-07-11,Sacramento,067,1510023,110671,109696,1954,111650,1685
2021-07-11,San Benito,069,59416,6182,6163,116,6279,63
2021-07-11,San Bernardino,071,2135413,296912,295342,9181,304523,5167
2021-07-11,San Diego,073,3302833,286407,283819,15918,299737,3784
2021-07-11,San Francisco,075,870044,38076,37596,1367,38963,559
2021-07-11,San Joaquin,077,732212,75011,74376,3769,78145,1415
2021-07-11,San Luis Obispo,079,281455,21625,21403,774,22177,258
2021-07-11,San Mateo,081,765935,43416,43107,509,43616,542
2021-07-11,Santa Barbara,083,443738,35016,34646,1220,35866,461
2021-07-11,Santa Clara,085,1922200,120677,119549,800,120349,2098
2021-07-11,Santa Cruz,087,273765,16421,16303,822,17125,207
2021-07-11,Shasta,089,179085,12743,12647,1687,14334,208
2021-07-11,Sierra,091,2930,66,62,12,74,0
2021-07-11,Siskiyou,093,43540,2002,1915,399,2314,29
2021-07-11,Solano,095,438530,34109,33837,618,34455,268
2021-07-11,Sonoma,097,501317,31601,31352,369,31721,322
2021-07-11,Stanislaus,099,539301,57790,57230,6127,63357,1028
2021-07-11,Sutter,101,95872,9821,9728,93,9821,114
2021-07-11,Tehama,103,63373,5172,5138,596,5734,63
2021-07-11,Trinity,105,12862,497,340,103,443,3
2021-07-11,Tulare,107,460477,50636,49877,9306,59183,853
2021-07-11,Tuolumne,109,53932,4117,4116,42,4158,64
2021-07-11,Ventura,111,848112,82512,81875,3219,85094,1040
2021-07-11,Yolo,113,214977,14396,14285,397,14682,213
2021-07-11,Yuba,115,75493,6347,6260,133,6393,52
2021-07-10,Alameda,001,1643700,91408,90090,2066,92156,1252
2021-07-10,Alpine,003,1148,88,89,0,89,0
2021-07-10,Amador,005,37829,3788,3773,34,3807,47
2021-07-10,Butte,007,227075,12933,12764,1917,14681,202
2021-07-10,Calaveras,009,45235,2242,2214,15,2229,57
2021-07-10,Colusa,011,21464,1986,1969,332,2301,16
2021-07-10,Contra Costa,013,1133247,72451,71376,1360,72736,821
2021-07-10,Del Norte,015,27424,1500,1451,13,1464,8
2021-07-10,El Dorado,017,186661,10667,10508,785,11293,114
2021-07-10,Fresno,019,978130,104136,102675,8925,111600,1730
2021-07-10,Glenn,021,27897,2463,2440,577,3017,20
2021-07-10,Humboldt,023,135768,4662,4574,55,4629,51
2021-07-10,Imperial,025,180216,28932,28729,2876,31605,741
2021-07-10,Inyo,027,18085,1417,1415,12,1427,36
2021-07-10,Kern,029,883053,98397,97538,11351,108889,1346
2021-07-10,Kings,031,150075,23410,23090,1126,24216,246
2021-07-10,Lake,033,64148,3761,3667,13,3680,63
2021-07-10,Lassen,035,31185,5311,5290,120,5410,21
2021-07-10,Los Angeles,037,10098052,1222040,1212043,43046,1255089,24542
2021-07-10,Madera,039,155013,16940,16744,962,17706,241
2021-07-10,Marin,041,260295,14378,14194,270,14464,233
2021-07-10,Mariposa,043,17540,444,442,11,453,5
2021-07-10,Mendocino,045,87422,4269,4153,86,4239,49
2021-07-10,Merced,047,269075,31488,31328,1006,32334,470
2021-07-10,Modoc,049,8938,421,410,149,559,4
2021-07-10,Mono,051,14174,1268,1275,17,1292,3
2021-07-10,Monterey,053,433212,43546,43251,1916,45167,499
2021-07-10,Napa,055,140530,10142,10077,41,10118,81
2021-07-10,Nevada,057,99092,5101,5000,196,5196,72
2021-07-10,Orange,059,3164182,258841,256438,11758,268196,5135
2021-07-10,Placer,061,380077,24263,23916,1636,25552,302
2021-07-10,Plumas,063,18699,732,717,14,731,4
2021-07-10,Riverside,065,2383286,297747,293474,14333,307807,4541
2021-07-10,Sacramento,067,1510023,110522,109091,1949,111040,1682
2021-07-10,San Benito,069,59416,6177,6141,116,6257,63
2021-07-10,San Bernardino,071,2135413,296724,294932,9169,304101,5117
2021-07-10,San Diego,073,3302833,286117,283577,15865,299442,3783
2021-07-10,San Francisco,075,870044,37992,37338,1364,38702,559
2021-07-10,San Joaquin,077,732212,74953,74150,3763,77913,1412
2021-07-10,San Luis Obispo,079,281455,21614,21375,773,22148,258
2021-07-10,San Mateo,081,765935,43366,42948,507,43455,542
2021-07-10,Santa Barbara,083,443738,34989,34595,1220,35815,460
2021-07-10,Santa Clara,085,1922200,120574,119330,797,120127,2094
2021-07-10,Santa Cruz,087,273765,16414,16286,822,17108,207
2021-07-10,Shasta,089,179085,12730,12623,1682,14305,206
2021-07-10,Sierra,091,2930,66,61,12,73,0
2021-07-10,Siskiyou,093,43540,2000,1909,396,2305,29
2021-07-10,Solano,095,438530,34068,33678,612,34290,268
2021-07-10,Sonoma,097,501317,31550,31231,369,31600,317
2021-07-10,Stanislaus,099,539301,57749,57104,6117,63221,1026
2021-07-10,Sutter,101,95872,9808,9692,93,9785,114
2021-07-10,Tehama,103,63373,5169,5131,596,5727,63
2021-07-10,Trinity,105,12862,497,341,103,444,3
2021-07-10,Tulare,107,460477,50626,49850,9300,59150,853
2021-07-10,Tuolumne,109,53932,4115,4114,42,4156,64
2021-07-10,Ventura,111,848112,82467,81713,3201,84914,1039
2021-07-10,Yolo,113,214977,14375,14250,394,14644,213
2021-07-10,Yuba,115,75493,6337,6238,133,6371,52
2021-07-09,Alameda,001,1643700,91250,90090,2061,92151,1252
2021-07-09,Alpine,003,1148,88,89,0,89,0
2021-07-09,Amador,005,37829,3787,3773,34,3807,47
2021-07-09,Butte,007,227075,12922,12764,1915,14679,202
2021-07-09,Calaveras,009,45235,2241,2214,15,2229,57
2021-07-09,Colusa,011,21464,1985,1969,332,2301,16
2021-07-09,Contra Costa,013,1133247,72326,71376,1359,72735,821
2021-07-09,Del Norte,015,27424,1495,1451,13,1464,8
2021-07-09,El Dorado,017,186661,10652,10508,784,11292,114
2021-07-09,Fresno,019,978130,104080,102675,8918,111593,1730
2021-07-09,Glenn,021,27897,2462,2440,575,3015,20
2021-07-09,Humboldt,023,135768,4643,4574,55,4629,51
2021-07-09,Imperial,025,180216,28924,28729,2875,31604,741
2021-07-09,Inyo,027,18085,1416,1415,12,1427,36
2021-07-09,Kern,029,883053,98359,97538,11339,108877,1346
2021-07-09,Kings,031,150075,23399,23090,1125,24215,246
2021-07-09,Lake,033,64148,3747,3667,13,3680,63
2021-07-09,Lassen,035,31185,5309,5290,119,5409,21
2021-07-09,Los Angeles,037,10098052,1221035,1212043,42974,1255017,24542
2021-07-09,Madera,039,155013,16930,16744,961,17705,241
2021-07-09,Marin,041,260295,14357,14194,269,14463,233
2021-07-09,Mariposa,043,17540,444,442,11,453,5
2021-07-09,Mendocino,045,87422,4262,4153,86,4239,49
2021-07-09,Merced,047,269075,31473,31328,1006,32334,470
2021-07-09,Modoc,049,8938,421,410,149,559,4
2021-07-09,Mono,051,14174,1268,1275,17,1292,3
2021-07-09,Monterey,053,433212,43537,43251,1916,45167,499
2021-07-09,Napa,055,140530,10135,10077,41,10118,81
2021-07-09,Nevada,057,99092,5092,5000,196,5196,72
2021-07-09,Orange,059,3164182,258635,256438,11744,268182,5135
2021-07-09,Placer,061,380077,24241,23916,1630,25546,302
2021-07-09,Plumas,063,18699,730,717,14,731,4
2021-07-09,Riverside,065,2383286,297561,293474,14320,307794,4541
2021-07-09,Sacramento,067,1510023,110368,109091,1940,111031,1682
2021-07-09,San Benito,069,59416,6175,6141,116,6257,63
2021-07-09,San Bernardino,071,2135413,296572,294932,9162,304094,5117
2021-07-09,San Diego,073,3302833,285831,283577,15817,299394,3783
2021-07-09,San Francisco,075,870044,37912,37338,1357,38695,559
2021-07-09,San Joaquin,077,732212,74880,74150,3756,77906,1412
2021-07-09,San Luis Obispo,079,281455,21602,21375,773,22148,258
2021-07-09,San Mateo,081,765935,43320,42948,503,43451,542
2021-07-09,Santa Barbara,083,443738,34969,34595,1219,35814,460
2021-07-09,Santa Clara,085,1922200,120464,119330,797,120127,2094
2021-07-09,Santa Cruz,087,273765,16411,16286,822,17108,207
2021-07-09,Shasta,089,179085,12724,12623,1677,14300,206
2021-07-09,Sierra,091,2930,66,61,12,73,0
2021-07-09,Siskiyou,093,43540,1998,1909,395,2304,29
2021-07-09,Solano,095,438530,34033,33678,608,34286,268
2021-07-09,Sonoma,097,501317,31514,31231,369,31600,317
2021-07-09,Stanislaus,099,539301,57708,57104,6115,63219,1026
2021-07-09,Sutter,101,95872,9799,9692,93,9785,114
2021-07-09,Tehama,103,63373,5167,5131,596,5727,63
2021-07-09,Trinity,105,12862,496,341,100,441,3
2021-07-09,Tulare,107,460477,50613,49850,9294,59144,853
2021-07-09,Tuolumne,109,53932,4111,4114,42,4156,64
2021-07-09,Ventura,111,848112,82412,81713,3192,84905,1039
2021-07-09,Yolo,113,214977,14360,14250,390,14640,213
2021-07-09,Yuba,115,75493,6324,6238,133,6371,52
2021-07-08,Alameda,001,1643700,91041,90090,2056,92146,1252
2021-07-08,Alpine,003,1148,88,89,0,89,0
2021-07-08,Amador,005,37829,3785,3773,34,3807,47
2021-07-08,Butte,007,227075,12909,12764,1912,14676,202
2021-07-08,Calaveras,009,45235,2239,2214,14,2228,57
2021-07-08,Colusa,011,21464,1985,1969,332,2301,16
2021-07-08,Contra Costa,013,1133247,72198,71376,1354,72730,821
2021-07-08,Del Norte,015,27424,1493,1451,13,1464,8
2021-07-08,El Dorado,017,186661,10635,10508,779,11287,114
2021-07-08,Fresno,019,978130,104017,102675,8907,111582,1730
2021-07-08,Glenn,021,27897,2462,2440,575,3015,20
2021-07-08,Humboldt,023,135768,4628,4574,54,4628,51
2021-07-08,Imperial,025,180216,28912,28729,2874,31603,741
2021-07-08,Inyo,027,18085,1416,1415,12,1427,36
2021-07-08,Kern,029,883053,98311,97538,11324,108862,1346
2021-07-08,Kings,031,150075,23390,23090,1125,24215,246
2021-07-08,Lake,033,64148,3733,3667,13,3680,63
2021-07-08,Lassen,035,31185,5306,5290,119,5409,21
2021-07-08,Los Angeles,037,10098052,1219822,1212043,42878,1254921,24542
2021-07-08,Madera,039,155013,16914,16744,961,17705,241
2021-07-08,Marin,041,260295,14343,14194,269,14463,233
2021-07-08,Mariposa,043,17540,443,442,11,453,5
2021-07-08,Mendocino,045,87422,4259,4153,86,4239,49
2021-07-08,Merced,047,269075,31459,31328,1004,32332,470
2021-07-08,Modoc,049,8938,421,410,149,559,4
2021-07-08,Mono,051,14174,1268,1275,17,1292,3
2021-07-08,Monterey,053,433212,43517,43251,1910,45161,499
2021-07-08,Napa,055,140530,10131,10077,41,10118,81
2021-07-08,Nevada,057,99092,5086,5000,196,5196,72
2021-07-08,Orange,059,3164182,258440,256438,11723,268161,5135
2021-07-08,Placer,061,380077,24202,23916,1622,25538,302
2021-07-08,Plumas,063,18699,729,717,14,731,4
2021-07-08,Riverside,065,2383286,297360,293474,14304,307778,4541
2021-07-08,Sacramento,067,1510023,110146,109091,1933,111024,1682
2021-07-08,San Benito,069,59416,6172,6141,116,6257,63
2021-07-08,San Bernardino,071,2135413,296396,294932,9153,304085,5117
2021-07-08,San Diego,073,3302833,285503,283577,15769,299346,3783
2021-07-08,San Francisco,075,870044,37832,37338,1353,38691,559
2021-07-08,San Joaquin,077,732212,74792,74150,3743,77893,1412
2021-07-08,San Luis Obispo,079,281455,21590,21375,770,22145,258
2021-07-08,San Mateo,081,765935,43270,42948,502,43450,542
2021-07-08,Santa Barbara,083,443738,34942,34595,1217,35812,460
2021-07-08,Santa Clara,085,1922200,120371,119330,796,120126,2094
2021-07-08,Santa Cruz,087,273765,16405,16286,822,17108,207
2021-07-08,Shasta,089,179085,12718,12623,1673,14296,206
2021-07-08,Sierra,091,2930,66,61,12,73,0
2021-07-08,Siskiyou,093,43540,1993,1909,392,2301,29
2021-07-08,Solano,095,438530,33978,33678,602,34280,268
2021-07-08,Sonoma,097,501317,31483,31231,368,31599,317
2021-07-08,Stanislaus,099,539301,57673,57104,6111,63215,1026
2021-07-08,Sutter,101,95872,9784,9692,91,9783,114
2021-07-08,Tehama,103,63373,5164,5131,595,5726,63
2021-07-08,Trinity,105,12862,496,341,100,441,3
2021-07-08,Tulare,107,460477,50595,49850,9286,59136,853
2021-07-08,Tuolumne,109,53932,4109,4114,42,4156,64
2021-07-08,Ventura,111,848112,82347,81713,3176,84889,1039
2021-07-08,Yolo,113,214977,14342,14250,388,14638,213
2021-07-08,Yuba,115,75493,6316,6238,133,6371,52
2021-07-07,Alameda,001,1643700,90857,89995,2050,92045,1253
2021-07-07,Alpine,003,1148,88,89,0,89,0
2021-07-07,Amador,005,37829,3780,3770,34,3804,47
2021-07-07,Butte,007,227075,12896,12750,1907,14657,202
2021-07-07,Calaveras,009,45235,2231,2212,14,2226,57
2021-07-07,Colusa,011,21464,1981,1969,332,2301,16
2021-07-07,Contra Costa,013,1133247,72053,71308,1352,72660,821
2021-07-07,Del Norte,015,27424,1488,1446,13,1459,8
2021-07-07,El Dorado,017,186661,10615,10494,777,11271,114
2021-07-07,Fresno,019,978130,103967,102639,8900,111539,1729
2021-07-07,Glenn,021,27897,2462,2441,575,3016,20
2021-07-07,Humboldt,023,135768,4614,4566,54,4620,51
2021-07-07,Imperial,025,180216,28905,28701,2874,31575,740
2021-07-07,Inyo,027,18085,1415,1415,12,1427,36
2021-07-07,Kern,029,883053,98266,97507,11309,108816,1348
2021-07-07,Kings,031,150075,23377,23085,1122,24207,245
2021-07-07,Lake,033,64148,3714,3660,13,3673,63
2021-07-07,Lassen,035,31185,5306,5286,119,5405,21
2021-07-07,Los Angeles,037,10098052,1218643,1211316,42772,1254088,24531
2021-07-07,Madera,039,155013,16903,16733,959,17692,241
2021-07-07,Marin,041,260295,14324,14183,268,14451,233
2021-07-07,Mariposa,043,17540,441,442,11,453,5
2021-07-07,Mendocino,045,87422,4250,4145,86,4231,49
2021-07-07,Merced,047,269075,31444,31317,1004,32321,470
2021-07-07,Modoc,049,8938,421,410,149,559,4
2021-07-07,Mono,051,14174,1267,1274,17,1291,3
2021-07-07,Monterey,053,433212,43493,43233,1908,45141,494
2021-07-07,Napa,055,140530,10120,10078,41,10119,81
2021-07-07,Nevada,057,99092,5079,4996,196,5192,72
2021-07-07,Orange,059,3164182,258214,256301,11701,268002,5132
2021-07-07,Placer,061,380077,24166,23901,1612,25513,302
2021-07-07,Plumas,063,18699,729,710,14,724,4
2021-07-07,Riverside,065,2383286,297145,293331,14294,307625,4538
2021-07-07,Sacramento,067,1510023,109955,108954,1925,110879,1682
2021-07-07,San Benito,069,59416,6167,6137,116,6253,63
2021-07-07,San Bernardino,071,2135413,296228,294787,9146,303933,5087
2021-07-07,San Diego,073,3302833,285185,283377,15729,299106,3782
2021-07-07,San Francisco,075,870044,37740,37284,1350,38634,558
2021-07-07,San Joaquin,077,732212,74716,74095,3727,77822,1410
2021-07-07,San Luis Obispo,079,281455,21581,21360,768,22128,258
2021-07-07,San Mateo,081,765935,43215,42908,499,43407,542
2021-07-07,Santa Barbara,083,443738,34916,34582,1217,35799,460
2021-07-07,Santa Clara,085,1922200,120273,119250,795,120045,2094
2021-07-07,Santa Cruz,087,273765,16396,16279,821,17100,207
2021-07-07,Shasta,089,179085,12710,12613,1670,14283,206
2021-07-07,Sierra,091,2930,66,60,12,72,0
2021-07-07,Siskiyou,093,43540,1987,1908,388,2296,29
2021-07-07,Solano,095,438530,33929,33659,595,34254,268
2021-07-07,Sonoma,097,501317,31437,31172,368,31540,316
2021-07-07,Stanislaus,099,539301,57628,57102,6106,63208,1028
2021-07-07,Sutter,101,95872,9774,9683,91,9774,114
2021-07-07,Tehama,103,63373,5163,5129,595,5724,63
2021-07-07,Trinity,105,12862,496,341,100,441,3
2021-07-07,Tulare,107,460477,50591,49835,9277,59112,853
2021-07-07,Tuolumne,109,53932,4105,4115,41,4156,64
2021-07-07,Ventura,111,848112,82303,81608,3162,84770,1036
2021-07-07,Yolo,113,214977,14332,14236,385,14621,213
2021-07-07,Yuba,115,75493,6300,6233,133,6366,51
2021-07-06,Alameda,001,1643700,90660,89918,2042,91960,1253
2021-07-06,Alpine,003,1148,88,89,0,89,0
2021-07-06,Amador,005,37829,3779,3768,33,3801,47
2021-07-06,Butte,007,227075,12883,12744,1904,14648,201
2021-07-06,Calaveras,009,45235,2231,2211,14,2225,55
2021-07-06,Colusa,011,21464,1980,1967,329,2296,16
2021-07-06,Contra Costa,013,1133247,71924,71262,1349,72611,820
2021-07-06,Del Norte,015,27424,1484,1445,13,1458,8
2021-07-06,El Dorado,017,186661,10597,10484,776,11260,113
2021-07-06,Fresno,019,978130,103915,102616,8888,111504,1727
2021-07-06,Glenn,021,27897,2461,2438,575,3013,20
2021-07-06,Humboldt,023,135768,4600,4565,53,4618,49
2021-07-06,Imperial,025,180216,28890,28693,2872,31565,739
2021-07-06,Inyo,027,18085,1415,1412,12,1424,36
2021-07-06,Kern,029,883053,98224,97491,11298,108789,1346
2021-07-06,Kings,031,150075,23369,23077,1121,24198,245
2021-07-06,Lake,033,64148,3704,3659,13,3672,63
2021-07-06,Lassen,035,31185,5305,5288,118,5406,21
2021-07-06,Los Angeles,037,10098052,1217427,1210965,42673,1253638,24525
2021-07-06,Madera,039,155013,16891,16730,959,17689,241
2021-07-06,Marin,041,260295,14310,14181,268,14449,233
2021-07-06,Mariposa,043,17540,441,442,11,453,5
2021-07-06,Mendocino,045,87422,4243,4143,86,4229,49
2021-07-06,Merced,047,269075,31427,31317,1003,32320,470
2021-07-06,Modoc,049,8938,421,411,149,560,4
2021-07-06,Mono,051,14174,1266,1274,17,1291,3
2021-07-06,Monterey,053,433212,43471,43224,1907,45131,494
2021-07-06,Napa,055,140530,10109,10081,41,10122,81
2021-07-06,Nevada,057,99092,5070,4988,196,5184,72
2021-07-06,Orange,059,3164182,257970,256227,11684,267911,5129
2021-07-06,Placer,061,380077,24124,23876,1606,25482,302
2021-07-06,Plumas,063,18699,728,708,14,722,4
2021-07-06,Riverside,065,2383286,296942,293227,14276,307503,4539
2021-07-06,Sacramento,067,1510023,109744,108850,1917,110767,1679
2021-07-06,San Benito,069,59416,6163,6137,116,6253,63
2021-07-06,San Bernardino,071,2135413,296049,294712,9133,303845,5056
2021-07-06,San Diego,073,3302833,284830,283278,15670,298948,3782
2021-07-06,San Francisco,075,870044,37622,37251,1349,38600,558
2021-07-06,San Joaquin,077,732212,74646,74019,3715,77734,1410
2021-07-06,San Luis Obispo,079,281455,21564,21354,767,22121,257
2021-07-06,San Mateo,081,765935,43139,42895,499,43394,541
2021-07-06,Santa Barbara,083,443738,34897,34572,1215,35787,460
2021-07-06,Santa Clara,085,1922200,120155,119194,792,119986,2095
2021-07-06,Santa Cruz,087,273765,16391,16274,820,17094,207
2021-07-06,Shasta,089,179085,12700,12606,1668,14274,205
2021-07-06,Sierra,091,2930,65,60,12,72,0
2021-07-06,Siskiyou,093,43540,1984,1905,384,2289,29
2021-07-06,Solano,095,438530,33878,33619,592,34211,268
2021-07-06,Sonoma,097,501317,31374,31130,367,31497,316
2021-07-06,Stanislaus,099,539301,57566,57120,6094,63214,1029
2021-07-06,Sutter,101,95872,9765,9674,90,9764,114
2021-07-06,Tehama,103,63373,5160,5126,594,5720,63
2021-07-06,Trinity,105,12862,496,341,100,441,3
2021-07-06,Tulare,107,460477,50576,49826,9266,59092,853
2021-07-06,Tuolumne,109,53932,4103,4113,41,4154,64
2021-07-06,Ventura,111,848112,82263,81534,3136,84670,1033
2021-07-06,Yolo,113,214977,14310,14227,382,14609,213
2021-07-06,Yuba,115,75493,6289,6231,133,6364,51
2021-07-05,Alameda,001,1643700,90484,89892,2037,91929,1253
2021-07-05,Alpine,003,1148,88,89,0,89,0
2021-07-05,Amador,005,37829,3777,3768,33,3801,47
2021-07-05,Butte,007,227075,12875,12740,1894,14634,201
2021-07-05,Calaveras,009,45235,2227,2211,14,2225,55
2021-07-05,Colusa,011,21464,1978,1966,328,2294,16
2021-07-05,Contra Costa,013,1133247,71797,71235,1349,72584,820
2021-07-05,Del Norte,015,27424,1480,1446,13,1459,8
2021-07-05,El Dorado,017,186661,10572,10481,776,11257,113
2021-07-05,Fresno,019,978130,103857,102592,8873,111465,1727
2021-07-05,Glenn,021,27897,2458,2438,574,3012,20
2021-07-05,Humboldt,023,135768,4586,4563,53,4616,49
2021-07-05,Imperial,025,180216,28872,28689,2871,31560,739
2021-07-05,Inyo,027,18085,1415,1412,12,1424,36
2021-07-05,Kern,029,883053,98177,97479,11277,108756,1346
2021-07-05,Kings,031,150075,23361,23065,1118,24183,245
2021-07-05,Lake,033,64148,3686,3645,13,3658,63
2021-07-05,Lassen,035,31185,5302,5288,117,5405,21
2021-07-05,Los Angeles,037,10098052,1216236,1210653,42570,1253223,24522
2021-07-05,Madera,039,155013,16880,16722,958,17680,241
2021-07-05,Marin,041,260295,14289,14178,268,14446,233
2021-07-05,Mariposa,043,17540,441,441,11,452,5
2021-07-05,Mendocino,045,87422,4238,4139,85,4224,49
2021-07-05,Merced,047,269075,31407,31312,1003,32315,470
2021-07-05,Modoc,049,8938,421,410,149,559,4
2021-07-05,Mono,051,14174,1266,1273,17,1290,3
2021-07-05,Monterey,053,433212,43450,43218,1902,45120,494
2021-07-05,Napa,055,140530,10103,10074,41,10115,81
2021-07-05,Nevada,057,99092,5052,4980,195,5175,72
2021-07-05,Orange,059,3164182,257769,256173,11666,267839,5129
2021-07-05,Placer,061,380077,24077,23867,1598,25465,302
2021-07-05,Plumas,063,18699,727,708,14,722,4
2021-07-05,Riverside,065,2383286,296750,293193,14264,307457,4539
2021-07-05,Sacramento,067,1510023,109562,108758,1908,110666,1679
2021-07-05,San Benito,069,59416,6156,6137,116,6253,63
2021-07-05,San Bernardino,071,2135413,295887,294647,9126,303773,5037
2021-07-05,San Diego,073,3302833,284470,282834,15625,298459,3782
2021-07-05,San Francisco,075,870044,37536,37237,1344,38581,558
2021-07-05,San Joaquin,077,732212,74576,73999,3710,77709,1410
2021-07-05,San Luis Obispo,079,281455,21551,21351,766,22117,257
2021-07-05,San Mateo,081,765935,43087,42876,496,43372,541
2021-07-05,Santa Barbara,083,443738,34877,34569,1215,35784,460
2021-07-05,Santa Clara,085,1922200,120050,119184,790,119974,2095
2021-07-05,Santa Cruz,087,273765,16382,16273,819,17092,208
2021-07-05,Shasta,089,179085,12691,12603,1666,14269,205
2021-07-05,Sierra,091,2930,65,60,12,72,0
2021-07-05,Siskiyou,093,43540,1982,1904,383,2287,29
2021-07-05,Solano,095,438530,33809,33612,586,34198,268
2021-07-05,Sonoma,097,501317,31321,31116,367,31483,316
2021-07-05,Stanislaus,099,539301,57530,57109,6084,63193,1029
2021-07-05,Sutter,101,95872,9753,9667,90,9757,114
2021-07-05,Tehama,103,63373,5159,5125,594,5719,63
2021-07-05,Trinity,105,12862,495,341,99,440,3
2021-07-05,Tulare,107,460477,50558,49818,9263,59081,853
2021-07-05,Tuolumne,109,53932,4099,4112,41,4153,64
2021-07-05,Ventura,111,848112,82213,81519,3116,84635,1033
2021-07-05,Yolo,113,214977,14291,14225,374,14599,213
2021-07-05,Yuba,115,75493,6281,6223,133,6356,51
2021-07-04,Alameda,001,1643700,90318,89683,2034,91717,1253
2021-07-04,Alpine,003,1148,88,89,0,89,0
2021-07-04,Amador,005,37829,3776,3758,33,3791,46
2021-07-04,Butte,007,227075,12865,12684,1894,14578,201
2021-07-04,Calaveras,009,45235,2226,2200,14,2214,55
2021-07-04,Colusa,011,21464,1978,1969,328,2297,15
2021-07-04,Contra Costa,013,1133247,71691,70941,1344,72285,818
2021-07-04,Del Norte,015,27424,1477,1439,13,1452,8
2021-07-04,El Dorado,017,186661,10563,10433,775,11208,113
2021-07-04,Fresno,019,978130,103811,102512,8856,111368,1727
2021-07-04,Glenn,021,27897,2456,2442,573,3015,20
2021-07-04,Humboldt,023,135768,4578,4530,53,4583,49
2021-07-04,Imperial,025,180216,28866,28661,2871,31532,739
2021-07-04,Inyo,027,18085,1415,1412,12,1424,35
2021-07-04,Kern,029,883053,98158,97421,11268,108689,1347
2021-07-04,Kings,031,150075,23353,23051,1118,24169,245
2021-07-04,Lake,033,64148,3676,3623,13,3636,62
2021-07-04,Lassen,035,31185,5301,5277,117,5394,20
2021-07-04,Los Angeles,037,10098052,1215381,1208705,42483,1251188,24506
2021-07-04,Madera,039,155013,16868,16696,956,17652,240
2021-07-04,Marin,041,260295,14274,14143,268,14411,233
2021-07-04,Mariposa,043,17540,441,441,11,452,5
2021-07-04,Mendocino,045,87422,4228,4122,85,4207,49
2021-07-04,Merced,047,269075,31396,31297,1003,32300,469
2021-07-04,Modoc,049,8938,421,410,149,559,4
2021-07-04,Mono,051,14174,1266,1275,17,1292,3
2021-07-04,Monterey,053,433212,43434,43212,1901,45113,492
2021-07-04,Napa,055,140530,10095,10045,40,10085,81
2021-07-04,Nevada,057,99092,5042,4966,195,5161,72
2021-07-04,Orange,059,3164182,257594,255823,11645,267468,5126
2021-07-04,Placer,061,380077,24040,23764,1591,25355,299
2021-07-04,Plumas,063,18699,727,707,14,721,4
2021-07-04,Riverside,065,2383286,296590,293260,14258,307518,4536
2021-07-04,Sacramento,067,1510023,109392,108257,1902,110159,1676
2021-07-04,San Benito,069,59416,6149,6108,116,6224,63
2021-07-04,San Bernardino,071,2135413,295720,294294,9119,303413,5003
2021-07-04,San Diego,073,3302833,284246,282692,15587,298279,3780
2021-07-04,San Francisco,075,870044,37479,37107,1338,38445,558
2021-07-04,San Joaquin,077,732212,74511,73841,3702,77543,1409
2021-07-04,San Luis Obispo,079,281455,21545,21330,765,22095,256
2021-07-04,San Mateo,081,765935,43053,42691,496,43187,541
2021-07-04,Santa Barbara,083,443738,34854,34526,1214,35740,456
2021-07-04,Santa Clara,085,1922200,119960,118966,789,119755,2090
2021-07-04,Santa Cruz,087,273765,16371,16254,819,17073,208
2021-07-04,Shasta,089,179085,12687,12582,1665,14247,204
2021-07-04,Sierra,091,2930,64,60,12,72,0
2021-07-04,Siskiyou,093,43540,1978,1899,382,2281,29
2021-07-04,Solano,095,438530,33768,33486,584,34070,268
2021-07-04,Sonoma,097,501317,31291,31000,366,31366,316
2021-07-04,Stanislaus,099,539301,57507,57018,6078,63096,1018
2021-07-04,Sutter,101,95872,9742,9644,90,9734,114
2021-07-04,Tehama,103,63373,5155,5124,594,5718,63
2021-07-04,Trinity,105,12862,494,341,99,440,3
2021-07-04,Tulare,107,460477,50548,49789,9260,59049,853
2021-07-04,Tuolumne,109,53932,4091,4113,41,4154,64
2021-07-04,Ventura,111,848112,82156,81425,3105,84530,1033
2021-07-04,Yolo,113,214977,14271,14188,371,14559,213
2021-07-04,Yuba,115,75493,6273,6197,133,6330,51
2021-07-03,Alameda,001,1643700,90231,89683,2026,91709,1253
2021-07-03,Alpine,003,1148,88,89,0,89,0
2021-07-03,Amador,005,37829,3776,3758,33,3791,46
2021-07-03,Butte,007,227075,12861,12684,1893,14577,201
2021-07-03,Calaveras,009,45235,2224,2200,14,2214,55
2021-07-03,Colusa,011,21464,1977,1969,328,2297,15
2021-07-03,Contra Costa,013,1133247,71632,70941,1341,72282,818
2021-07-03,Del Norte,015,27424,1474,1439,13,1452,8
2021-07-03,El Dorado,017,186661,10556,10433,773,11206,113
2021-07-03,Fresno,019,978130,103786,102512,8847,111359,1727
2021-07-03,Glenn,021,27897,2456,2442,573,3015,20
2021-07-03,Humboldt,023,135768,4573,4530,53,4583,49
2021-07-03,Imperial,025,180216,28856,28661,2871,31532,739
2021-07-03,Inyo,027,18085,1415,1412,12,1424,35
2021-07-03,Kern,029,883053,98138,97421,11260,108681,1347
2021-07-03,Kings,031,150075,23353,23051,1117,24168,245
2021-07-03,Lake,033,64148,3666,3623,13,3636,62
2021-07-03,Lassen,035,31185,5300,5277,117,5394,20
2021-07-03,Los Angeles,037,10098052,1214954,1208705,42453,1251158,24506
2021-07-03,Madera,039,155013,16859,16696,953,17649,240
2021-07-03,Marin,041,260295,14270,14143,268,14411,233
2021-07-03,Mariposa,043,17540,441,441,11,452,5
2021-07-03,Mendocino,045,87422,4227,4122,85,4207,49
2021-07-03,Merced,047,269075,31383,31297,1002,32299,469
2021-07-03,Modoc,049,8938,420,410,149,559,4
2021-07-03,Mono,051,14174,1265,1275,17,1292,3
2021-07-03,Monterey,053,433212,43422,43212,1898,45110,492
2021-07-03,Napa,055,140530,10090,10045,40,10085,81
2021-07-03,Nevada,057,99092,5028,4966,195,5161,72
2021-07-03,Orange,059,3164182,257510,255823,11638,267461,5126
2021-07-03,Placer,061,380077,24021,23764,1588,25352,299
2021-07-03,Plumas,063,18699,727,707,14,721,4
2021-07-03,Riverside,065,2383286,296498,293260,14254,307514,4536
2021-07-03,Sacramento,067,1510023,109318,108257,1899,110156,1676
2021-07-03,San Benito,069,59416,6142,6108,116,6224,63
2021-07-03,San Bernardino,071,2135413,295630,294294,9116,303410,5003
2021-07-03,San Diego,073,3302833,284115,282692,15568,298260,3780
2021-07-03,San Francisco,075,870044,37438,37107,1335,38442,558
2021-07-03,San Joaquin,077,732212,74475,73841,3697,77538,1409
2021-07-03,San Luis Obispo,079,281455,21533,21330,765,22095,256
2021-07-03,San Mateo,081,765935,43028,42691,495,43186,541
2021-07-03,Santa Barbara,083,443738,34845,34526,1213,35739,456
2021-07-03,Santa Clara,085,1922200,119913,118966,789,119755,2090
2021-07-03,Santa Cruz,087,273765,16364,16254,819,17073,208
2021-07-03,Shasta,089,179085,12683,12582,1663,14245,204
2021-07-03,Sierra,091,2930,64,60,12,72,0
2021-07-03,Siskiyou,093,43540,1977,1899,381,2280,29
2021-07-03,Solano,095,438530,33724,33486,584,34070,268
2021-07-03,Sonoma,097,501317,31257,31000,366,31366,316
2021-07-03,Stanislaus,099,539301,57493,57018,6070,63088,1018
2021-07-03,Sutter,101,95872,9732,9644,90,9734,114
2021-07-03,Tehama,103,63373,5153,5124,594,5718,63
2021-07-03,Trinity,105,12862,494,341,99,440,3
2021-07-03,Tulare,107,460477,50542,49789,9254,59043,853
2021-07-03,Tuolumne,109,53932,4090,4113,41,4154,64
2021-07-03,Ventura,111,848112,82126,81425,3097,84522,1033
2021-07-03,Yolo,113,214977,14261,14188,368,14556,213
2021-07-03,Yuba,115,75493,6267,6197,133,6330,51
2021-07-02,Alameda,001,1643700,90149,89683,2025,91708,1253
2021-07-02,Alpine,003,1148,88,89,0,89,0
2021-07-02,Amador,005,37829,3774,3758,33,3791,46
2021-07-02,Butte,007,227075,12854,12684,1893,14577,201
2021-07-02,Calaveras,009,45235,2222,2200,14,2214,55
2021-07-02,Colusa,011,21464,1976,1969,327,2296,15
2021-07-02,Contra Costa,013,1133247,71562,70941,1337,72278,818
2021-07-02,Del Norte,015,27424,1474,1439,13,1452,8
2021-07-02,El Dorado,017,186661,10548,10433,773,11206,113
2021-07-02,Fresno,019,978130,103757,102512,8841,111353,1727
2021-07-02,Glenn,021,27897,2455,2442,572,3014,20
2021-07-02,Humboldt,023,135768,4570,4530,52,4582,49
2021-07-02,Imperial,025,180216,28850,28661,2870,31531,739
2021-07-02,Inyo,027,18085,1415,1412,12,1424,35
2021-07-02,Kern,029,883053,98120,97421,11251,108672,1347
2021-07-02,Kings,031,150075,23343,23051,1117,24168,245
2021-07-02,Lake,033,64148,3660,3623,13,3636,62
2021-07-02,Lassen,035,31185,5300,5277,117,5394,20
2021-07-02,Los Angeles,037,10098052,1214480,1208705,42414,1251119,24506
2021-07-02,Madera,039,155013,16850,16696,952,17648,240
2021-07-02,Marin,041,260295,14265,14143,268,14411,233
2021-07-02,Mariposa,043,17540,441,441,11,452,5
2021-07-02,Mendocino,045,87422,4223,4122,84,4206,49
2021-07-02,Merced,047,269075,31374,31297,1002,32299,469
2021-07-02,Modoc,049,8938,420,410,149,559,4
2021-07-02,Mono,051,14174,1264,1275,17,1292,3
2021-07-02,Monterey,053,433212,43414,43212,1897,45109,492
2021-07-02,Napa,055,140530,10085,10045,40,10085,81
2021-07-02,Nevada,057,99092,5019,4966,195,5161,72
2021-07-02,Orange,059,3164182,257399,255823,11631,267454,5126
2021-07-02,Placer,061,380077,24004,23764,1581,25345,299
2021-07-02,Plumas,063,18699,727,707,14,721,4
2021-07-02,Riverside,065,2383286,296401,293260,14249,307509,4536
2021-07-02,Sacramento,067,1510023,109240,108257,1898,110155,1676
2021-07-02,San Benito,069,59416,6139,6108,116,6224,63
2021-07-02,San Bernardino,071,2135413,295543,294294,9114,303408,5003
2021-07-02,San Diego,073,3302833,283970,282692,15542,298234,3780
2021-07-02,San Francisco,075,870044,37390,37107,1333,38440,558
2021-07-02,San Joaquin,077,732212,74443,73841,3691,77532,1409
2021-07-02,San Luis Obispo,079,281455,21527,21330,764,22094,256
2021-07-02,San Mateo,081,765935,42992,42691,495,43186,541
2021-07-02,Santa Barbara,083,443738,34835,34526,1213,35739,456
2021-07-02,Santa Clara,085,1922200,119835,118966,789,119755,2090
2021-07-02,Santa Cruz,087,273765,16360,16254,819,17073,208
2021-07-02,Shasta,089,179085,12679,12582,1663,14245,204
2021-07-02,Sierra,091,2930,63,60,12,72,0
2021-07-02,Siskiyou,093,43540,1974,1899,380,2279,29
2021-07-02,Solano,095,438530,33699,33486,584,34070,268
2021-07-02,Sonoma,097,501317,31234,31000,366,31366,316
2021-07-02,Stanislaus,099,539301,57471,57018,6069,63087,1018
2021-07-02,Sutter,101,95872,9727,9644,90,9734,114
2021-07-02,Tehama,103,63373,5151,5124,592,5716,63
2021-07-02,Trinity,105,12862,494,341,99,440,3
2021-07-02,Tulare,107,460477,50532,49789,9246,59035,853
2021-07-02,Tuolumne,109,53932,4087,4113,41,4154,64
2021-07-02,Ventura,111,848112,82083,81425,3089,84514,1033
2021-07-02,Yolo,113,214977,14245,14188,366,14554,213
2021-07-02,Yuba,115,75493,6259,6197,133,6330,51
2021-07-01,Alameda,001,1643700,90046,89683,2023,91706,1253
2021-07-01,Alpine,003,1148,88,89,0,89,0
2021-07-01,Amador,005,37829,3773,3758,33,3791,46
2021-07-01,Butte,007,227075,12842,12684,1891,14575,201
2021-07-01,Calaveras,009,45235,2219,2200,14,2214,55
2021-07-01,Colusa,011,21464,1976,1969,325,2294,15
2021-07-01,Contra Costa,013,1133247,71491,70941,1337,72278,818
2021-07-01,Del Norte,015,27424,1473,1439,13,1452,8
2021-07-01,El Dorado,017,186661,10536,10433,773,11206,113
2021-07-01,Fresno,019,978130,103718,102512,8836,111348,1727
2021-07-01,Glenn,021,27897,2455,2442,572,3014,20
2021-07-01,Humboldt,023,135768,4568,4530,52,4582,49
2021-07-01,Imperial,025,180216,28833,28661,2870,31531,739
2021-07-01,Inyo,027,18085,1415,1412,12,1424,35
2021-07-01,Kern,029,883053,98094,97421,11240,108661,1347
2021-07-01,Kings,031,150075,23329,23051,1117,24168,245
2021-07-01,Lake,033,64148,3657,3623,13,3636,62
2021-07-01,Lassen,035,31185,5298,5277,117,5394,20
2021-07-01,Los Angeles,037,10098052,1213881,1208705,42359,1251064,24506
2021-07-01,Madera,039,155013,16841,16696,951,17647,240
2021-07-01,Marin,041,260295,14261,14143,268,14411,233
2021-07-01,Mariposa,043,17540,441,441,11,452,5
2021-07-01,Mendocino,045,87422,4219,4122,83,4205,49
2021-07-01,Merced,047,269075,31368,31297,1002,32299,469
2021-07-01,Modoc,049,8938,420,410,149,559,4
2021-07-01,Mono,051,14174,1263,1275,17,1292,3
2021-07-01,Monterey,053,433212,43406,43212,1893,45105,492
2021-07-01,Napa,055,140530,10078,10045,40,10085,81
2021-07-01,Nevada,057,99092,5014,4966,195,5161,72
2021-07-01,Orange,059,3164182,257278,255823,11612,267435,5126
2021-07-01,Placer,061,380077,23986,23764,1578,25342,299
2021-07-01,Plumas,063,18699,724,707,12,719,4
2021-07-01,Riverside,065,2383286,296292,293260,14241,307501,4536
2021-07-01,Sacramento,067,1510023,109114,108257,1891,110148,1676
2021-07-01,San Benito,069,59416,6135,6108,116,6224,63
2021-07-01,San Bernardino,071,2135413,295423,294294,9109,303403,5003
2021-07-01,San Diego,073,3302833,283792,282692,15505,298197,3780
2021-07-01,San Francisco,075,870044,37354,37107,1331,38438,558
2021-07-01,San Joaquin,077,732212,74392,73841,3687,77528,1409
2021-07-01,San Luis Obispo,079,281455,21512,21330,763,22093,256
2021-07-01,San Mateo,081,765935,42964,42691,494,43185,541
2021-07-01,Santa Barbara,083,443738,34822,34526,1213,35739,456
2021-07-01,Santa Clara,085,1922200,119786,118966,789,119755,2090
2021-07-01,Santa Cruz,087,273765,16355,16254,819,17073,208
2021-07-01,Shasta,089,179085,12671,12582,1662,14244,204
2021-07-01,Sierra,091,2930,63,60,12,72,0
2021-07-01,Siskiyou,093,43540,1974,1899,380,2279,29
2021-07-01,Solano,095,438530,33657,33486,583,34069,268
2021-07-01,Sonoma,097,501317,31190,31000,366,31366,316
2021-07-01,Stanislaus,099,539301,57447,57018,6065,63083,1018
2021-07-01,Sutter,101,95872,9718,9644,90,9734,114
2021-07-01,Tehama,103,63373,5151,5124,591,5715,63
2021-07-01,Trinity,105,12862,494,341,99,440,3
2021-07-01,Tulare,107,460477,50523,49789,9239,59028,853
2021-07-01,Tuolumne,109,53932,4080,4113,41,4154,64
2021-07-01,Ventura,111,848112,82052,81425,3078,84503,1033
2021-07-01,Yolo,113,214977,14230,14188,364,14552,213
2021-07-01,Yuba,115,75493,6252,6197,133,6330,51
2021-06-30,Alameda,001,1643700,89967,89597,2018,91615,1256
2021-06-30,Alpine,003,1148,88,89,0,89,0
2021-06-30,Amador,005,37829,3771,3756,33,3789,46
2021-06-30,Butte,007,227075,12835,12676,1882,14558,201
2021-06-30,Calaveras,009,45235,2213,2198,14,2212,55
2021-06-30,Colusa,011,21464,1974,1967,322,2289,15
2021-06-30,Contra Costa,013,1133247,71427,70869,1334,72203,818
2021-06-30,Del Norte,015,27424,1468,1435,13,1448,8
2021-06-30,El Dorado,017,186661,10517,10420,773,11193,113
2021-06-30,Fresno,019,978130,103681,102490,8833,111323,1727
2021-06-30,Glenn,021,27897,2453,2440,572,3012,20
2021-06-30,Humboldt,023,135768,4552,4522,50,4572,49
2021-06-30,Imperial,025,180216,28825,28651,2870,31521,739
2021-06-30,Inyo,027,18085,1415,1409,12,1421,35
2021-06-30,Kern,029,883053,98053,97267,11228,108495,1348
2021-06-30,Kings,031,150075,23324,23038,1116,24154,245
2021-06-30,Lake,033,64148,3644,3601,13,3614,56
2021-06-30,Lassen,035,31185,5293,5269,117,5386,20
2021-06-30,Los Angeles,037,10098052,1213212,1208246,42315,1250561,24499
2021-06-30,Madera,039,155013,16833,16688,949,17637,240
2021-06-30,Marin,041,260295,14252,14133,267,14400,232
2021-06-30,Mariposa,043,17540,440,441,11,452,5
2021-06-30,Mendocino,045,87422,4209,4115,83,4198,49
2021-06-30,Merced,047,269075,31358,31286,1002,32288,469
2021-06-30,Modoc,049,8938,420,410,149,559,4
2021-06-30,Mono,051,14174,1263,1275,17,1292,3
2021-06-30,Monterey,053,433212,43401,43209,1891,45100,492
2021-06-30,Napa,055,140530,10070,10039,40,10079,81
2021-06-30,Nevada,057,99092,5003,4958,195,5153,72
2021-06-30,Orange,059,3164182,257149,255764,11602,267366,5125
2021-06-30,Placer,061,380077,23962,23721,1574,25295,299
2021-06-30,Plumas,063,18699,724,705,12,717,4
2021-06-30,Riverside,065,2383286,296178,293280,14231,307511,4535
2021-06-30,Sacramento,067,1510023,108975,108137,1887,110024,1676
2021-06-30,San Benito,069,59416,6131,6105,116,6221,63
2021-06-30,San Bernardino,071,2135413,295264,294211,9104,303315,4975
2021-06-30,San Diego,073,3302833,283656,282583,15477,298060,3780
2021-06-30,San Francisco,075,870044,37305,37065,1326,38391,558
2021-06-30,San Joaquin,077,732212,74330,73777,3686,77463,1409
2021-06-30,San Luis Obispo,079,281455,21499,21326,762,22088,256
2021-06-30,San Mateo,081,765935,42927,42599,493,43092,537
2021-06-30,Santa Barbara,083,443738,34806,34521,1213,35734,456
2021-06-30,Santa Clara,085,1922200,119739,118930,786,119716,2090
2021-06-30,Santa Cruz,087,273765,16349,16250,819,17069,208
2021-06-30,Shasta,089,179085,12665,12564,1662,14226,204
2021-06-30,Sierra,091,2930,63,60,12,72,0
2021-06-30,Siskiyou,093,43540,1972,1900,377,2277,29
2021-06-30,Solano,095,438530,33618,33453,581,34034,268
2021-06-30,Sonoma,097,501317,31160,30947,366,31313,316
2021-06-30,Stanislaus,099,539301,57425,56997,6064,63061,1018
2021-06-30,Sutter,101,95872,9708,9638,90,9728,114
2021-06-30,Tehama,103,63373,5149,5124,591,5715,63
2021-06-30,Trinity,105,12862,494,341,99,440,3
2021-06-30,Tulare,107,460477,50512,49764,9228,58992,853
2021-06-30,Tuolumne,109,53932,4077,4112,41,4153,64
2021-06-30,Ventura,111,848112,82009,81392,3073,84465,1032
2021-06-30,Yolo,113,214977,14224,14178,361,14539,213
2021-06-30,Yuba,115,75493,6245,6191,133,6324,51
2021-06-29,Alameda,001,1643700,89861,89519,2017,91536,1257
2021-06-29,Alpine,003,1148,88,89,0,89,0
2021-06-29,Amador,005,37829,3767,3754,33,3787,46
2021-06-29,Butte,007,227075,12827,12669,1882,14551,201
2021-06-29,Calaveras,009,45235,2207,2198,14,2212,55
2021-06-29,Colusa,011,21464,1972,1967,322,2289,15
2021-06-29,Contra Costa,013,1133247,71353,70775,1334,72109,817
2021-06-29,Del Norte,015,27424,1467,1435,13,1448,8
2021-06-29,El Dorado,017,186661,10504,10403,769,11172,113
2021-06-29,Fresno,019,978130,103648,102464,8830,111294,1725
2021-06-29,Glenn,021,27897,2452,2439,572,3011,20
2021-06-29,Humboldt,023,135768,4548,4514,49,4563,49
2021-06-29,Imperial,025,180216,28816,28645,2868,31513,737
2021-06-29,Inyo,027,18085,1415,1408,12,1420,35
2021-06-29,Kern,029,883053,98032,97173,11222,108395,1347
2021-06-29,Kings,031,150075,23315,23035,1115,24150,245
2021-06-29,Lake,033,64148,3638,3594,13,3607,56
2021-06-29,Lassen,035,31185,5286,5268,117,5385,20
2021-06-29,Los Angeles,037,10098052,1212603,1207895,42284,1250179,24498
2021-06-29,Madera,039,155013,16829,16680,948,17628,240
2021-06-29,Marin,041,260295,14240,14127,267,14394,232
2021-06-29,Mariposa,043,17540,440,441,11,452,5
2021-06-29,Mendocino,045,87422,4205,4107,82,4189,49
2021-06-29,Merced,047,269075,31346,31277,1002,32279,469
2021-06-29,Modoc,049,8938,419,408,149,557,3
2021-06-29,Mono,051,14174,1263,1275,17,1292,3
2021-06-29,Monterey,053,433212,43391,43196,1889,45085,471
2021-06-29,Napa,055,140530,10064,10033,40,10073,81
2021-06-29,Nevada,057,99092,4996,4952,195,5147,72
2021-06-29,Orange,059,3164182,257049,255686,11587,267273,5124
2021-06-29,Placer,061,380077,23942,23693,1572,25265,299
2021-06-29,Plumas,063,18699,724,704,12,716,4
2021-06-29,Riverside,065,2383286,296079,292962,14224,307186,4524
2021-06-29,Sacramento,067,1510023,108823,108067,1884,109951,1677
2021-06-29,San Benito,069,59416,6120,6099,116,6215,63
2021-06-29,San Bernardino,071,2135413,295151,294118,9102,303220,4940
2021-06-29,San Diego,073,3302833,283501,282499,15450,297949,3780
2021-06-29,San Francisco,075,870044,37267,37041,1323,38364,558
2021-06-29,San Joaquin,077,732212,74282,73724,3683,77407,1409
2021-06-29,San Luis Obispo,079,281455,21489,21324,761,22085,256
2021-06-29,San Mateo,081,765935,42893,42540,493,43033,540
2021-06-29,Santa Barbara,083,443738,34796,34507,1212,35719,455
2021-06-29,Santa Clara,085,1922200,119684,118893,785,119678,2090
2021-06-29,Santa Cruz,087,273765,16343,16249,819,17068,208
2021-06-29,Shasta,089,179085,12653,12564,1661,14225,204
2021-06-29,Sierra,091,2930,63,59,12,71,0
2021-06-29,Siskiyou,093,43540,1969,1897,373,2270,29
2021-06-29,Solano,095,438530,33585,33440,579,34019,268
2021-06-29,Sonoma,097,501317,31118,30950,364,31314,316
2021-06-29,Stanislaus,099,539301,57397,56980,6057,63037,1018
2021-06-29,Sutter,101,95872,9697,9634,90,9724,114
2021-06-29,Tehama,103,63373,5149,5124,591,5715,63
2021-06-29,Trinity,105,12862,494,341,99,440,3
2021-06-29,Tulare,107,460477,50499,49751,9223,58974,852
2021-06-29,Tuolumne,109,53932,4075,4111,41,4152,64
2021-06-29,Ventura,111,848112,81971,81363,3067,84430,1032
2021-06-29,Yolo,113,214977,14212,14171,360,14531,213
2021-06-29,Yuba,115,75493,6235,6188,133,6321,51
2021-06-28,Alameda,001,1643700,89769,89638,2014,91652,1259
2021-06-28,Alpine,003,1148,88,89,0,89,0
2021-06-28,Amador,005,37829,3766,3753,33,3786,46
2021-06-28,Butte,007,227075,12818,12697,1880,14577,198
2021-06-28,Calaveras,009,45235,2204,2203,14,2217,55
2021-06-28,Colusa,011,21464,1970,1974,322,2296,15
2021-06-28,Contra Costa,013,1133247,71279,70807,1332,72139,816
2021-06-28,Del Norte,015,27424,1467,1436,13,1449,8
2021-06-28,El Dorado,017,186661,10494,10422,765,11187,115
2021-06-28,Fresno,019,978130,103618,103121,8828,111949,1727
2021-06-28,Glenn,021,27897,2452,2439,572,3011,20
2021-06-28,Humboldt,023,135768,4541,4520,48,4568,49
2021-06-28,Imperial,025,180216,28808,28981,2867,31848,741
2021-06-28,Inyo,027,18085,1412,1407,12,1419,35
2021-06-28,Kern,029,883053,98013,97252,11217,108469,1348
2021-06-28,Kings,031,150075,23309,23134,1115,24249,246
2021-06-28,Lake,033,64148,3630,3591,13,3604,56
2021-06-28,Lassen,035,31185,5284,5268,117,5385,20
2021-06-28,Los Angeles,037,10098052,1212085,1207714,42248,1249962,24496
2021-06-28,Madera,039,155013,16818,16683,947,17630,240
2021-06-28,Marin,041,260295,14225,14186,267,14453,232
2021-06-28,Mariposa,043,17540,440,440,11,451,5
2021-06-28,Mendocino,045,87422,4196,4102,81,4183,49
2021-06-28,Merced,047,269075,31334,31277,1002,32279,469
2021-06-28,Modoc,049,8938,419,411,148,559,3
2021-06-28,Mono,051,14174,1263,1276,17,1293,3
2021-06-28,Monterey,053,433212,43387,43202,1888,45090,462
2021-06-28,Napa,055,140530,10055,10050,39,10089,81
2021-06-28,Nevada,057,99092,4992,4951,195,5146,72
2021-06-28,Orange,059,3164182,256959,255755,11573,267328,5123
2021-06-28,Placer,061,380077,23922,23756,1567,25323,299
2021-06-28,Plumas,063,18699,722,704,12,716,4
2021-06-28,Riverside,065,2383286,295953,292647,14211,306858,4507
2021-06-28,Sacramento,067,1510023,108691,108342,1879,110221,1675
2021-06-28,San Benito,069,59416,6118,6101,116,6217,63
2021-06-28,San Bernardino,071,2135413,295050,294151,9097,303248,4928
2021-06-28,San Diego,073,3302833,283338,282417,15421,297838,3780
2021-06-28,San Francisco,075,870044,37231,37372,1321,38693,559
2021-06-28,San Joaquin,077,732212,74234,73973,3679,77652,1411
2021-06-28,San Luis Obispo,079,281455,21485,21340,760,22100,256
2021-06-28,San Mateo,081,765935,42859,42927,492,43419,540
2021-06-28,Santa Barbara,083,443738,34789,34534,1210,35744,455
2021-06-28,Santa Clara,085,1922200,119620,120377,784,121161,2103
2021-06-28,Santa Cruz,087,273765,16338,16245,819,17064,208
2021-06-28,Shasta,089,179085,12649,12642,1659,14301,203
2021-06-28,Sierra,091,2930,63,58,12,70,0
2021-06-28,Siskiyou,093,43540,1968,1896,373,2269,29
2021-06-28,Solano,095,438530,33549,33524,577,34101,267
2021-06-28,Sonoma,097,501317,31081,31137,363,31500,315
2021-06-28,Stanislaus,099,539301,57378,57047,6053,63100,1018
2021-06-28,Sutter,101,95872,9693,9682,90,9772,114
2021-06-28,Tehama,103,63373,5147,5122,591,5713,63
2021-06-28,Trinity,105,12862,494,341,99,440,3
2021-06-28,Tulare,107,460477,50489,49751,9219,58970,850
2021-06-28,Tuolumne,109,53932,4068,4121,41,4162,64
2021-06-28,Ventura,111,848112,81914,81393,3062,84455,1032
2021-06-28,Yolo,113,214977,14203,14199,357,14556,213
2021-06-28,Yuba,115,75493,6230,6207,133,6340,51
2021-06-27,Alameda,001,1643700,89682,89611,2010,91621,1259
2021-06-27,Alpine,003,1148,88,89,0,89,0
2021-06-27,Amador,005,37829,3765,3752,33,3785,46
2021-06-27,Butte,007,227075,12809,12696,1879,14575,198
2021-06-27,Calaveras,009,45235,2202,2203,14,2217,55
2021-06-27,Colusa,011,21464,1970,1974,322,2296,15
2021-06-27,Contra Costa,013,1133247,71193,70762,1328,72090,816
2021-06-27,Del Norte,015,27424,1464,1436,13,1449,8
2021-06-27,El Dorado,017,186661,10482,10418,762,11180,115
2021-06-27,Fresno,019,978130,103589,103110,8826,111936,1727
2021-06-27,Glenn,021,27897,2451,2439,571,3010,20
2021-06-27,Humboldt,023,135768,4529,4513,45,4558,49
2021-06-27,Imperial,025,180216,28794,28987,2866,31853,741
2021-06-27,Inyo,027,18085,1412,1407,12,1419,35
2021-06-27,Kern,029,883053,97987,97249,11210,108459,1348
2021-06-27,Kings,031,150075,23299,23132,1115,24247,246
2021-06-27,Lake,033,64148,3623,3581,13,3594,56
2021-06-27,Lassen,035,31185,5283,5265,117,5382,20
2021-06-27,Los Angeles,037,10098052,1211540,1207461,42208,1249669,24493
2021-06-27,Madera,039,155013,16810,16680,947,17627,240
2021-06-27,Marin,041,260295,14216,14182,267,14449,232
2021-06-27,Mariposa,043,17540,440,440,11,451,5
2021-06-27,Mendocino,045,87422,4189,4100,81,4181,49
2021-06-27,Merced,047,269075,31322,31266,1002,32268,469
2021-06-27,Modoc,049,8938,419,411,148,559,3
2021-06-27,Mono,051,14174,1263,1279,17,1296,3
2021-06-27,Monterey,053,433212,43374,43199,1888,45087,462
2021-06-27,Napa,055,140530,10049,10046,39,10085,81
2021-06-27,Nevada,057,99092,4986,4946,195,5141,72
2021-06-27,Orange,059,3164182,256845,255710,11562,267272,5123
2021-06-27,Placer,061,380077,23889,23731,1564,25295,299
2021-06-27,Plumas,063,18699,722,704,12,716,4
2021-06-27,Riverside,065,2383286,295850,292641,14205,306846,4507
2021-06-27,Sacramento,067,1510023,108556,108279,1875,110154,1675
2021-06-27,San Benito,069,59416,6112,6101,116,6217,63
2021-06-27,San Bernardino,071,2135413,294937,294115,9095,303210,4927
2021-06-27,San Diego,073,3302833,283198,282359,15395,297754,3780
2021-06-27,San Francisco,075,870044,37194,37360,1320,38680,559
2021-06-27,San Joaquin,077,732212,74198,73960,3677,77637,1411
2021-06-27,San Luis Obispo,079,281455,21478,21340,759,22099,256
2021-06-27,San Mateo,081,765935,42830,42925,489,43414,539
2021-06-27,Santa Barbara,083,443738,34774,34533,1208,35741,455
2021-06-27,Santa Clara,085,1922200,119569,120352,783,121135,2103
2021-06-27,Santa Cruz,087,273765,16329,16241,819,17060,208
2021-06-27,Shasta,089,179085,12643,12640,1658,14298,203
2021-06-27,Sierra,091,2930,63,58,12,70,0
2021-06-27,Siskiyou,093,43540,1966,1896,372,2268,29
2021-06-27,Solano,095,438530,33521,33516,577,34093,267
2021-06-27,Sonoma,097,501317,31043,31129,363,31492,315
2021-06-27,Stanislaus,099,539301,57331,57021,6050,63071,1018
2021-06-27,Sutter,101,95872,9687,9678,90,9768,114
2021-06-27,Tehama,103,63373,5143,5122,591,5713,63
2021-06-27,Trinity,105,12862,494,341,98,439,3
2021-06-27,Tulare,107,460477,50476,49749,9212,58961,850
2021-06-27,Tuolumne,109,53932,4066,4121,41,4162,64
2021-06-27,Ventura,111,848112,81880,81361,3053,84414,1032
2021-06-27,Yolo,113,214977,14188,14194,353,14547,213
2021-06-27,Yuba,115,75493,6224,6205,133,6338,51
2021-06-26,Alameda,001,1643700,89625,89560,2008,91568,1259
2021-06-26,Alpine,003,1148,88,89,0,89,0
2021-06-26,Amador,005,37829,3765,3748,33,3781,46
2021-06-26,Butte,007,227075,12805,12693,1876,14569,198
2021-06-26,Calaveras,009,45235,2200,2202,14,2216,55
2021-06-26,Colusa,011,21464,1970,1973,322,2295,15
2021-06-26,Contra Costa,013,1133247,71150,70712,1327,72039,816
2021-06-26,Del Norte,015,27424,1463,1432,13,1445,8
2021-06-26,El Dorado,017,186661,10474,10414,761,11175,115
2021-06-26,Fresno,019,978130,103569,103091,8824,111915,1727
2021-06-26,Glenn,021,27897,2449,2441,571,3012,20
2021-06-26,Humboldt,023,135768,4526,4509,45,4554,49
2021-06-26,Imperial,025,180216,28790,28970,2866,31836,741
2021-06-26,Inyo,027,18085,1412,1407,12,1419,35
2021-06-26,Kern,029,883053,97961,97239,11201,108440,1348
2021-06-26,Kings,031,150075,23295,23128,1114,24242,246
2021-06-26,Lake,033,64148,3612,3576,13,3589,56
2021-06-26,Lassen,035,31185,5280,5263,117,5380,20
2021-06-26,Los Angeles,037,10098052,1211236,1207198,42173,1249371,24490
2021-06-26,Madera,039,155013,16803,16679,946,17625,240
2021-06-26,Marin,041,260295,14207,14180,267,14447,232
2021-06-26,Mariposa,043,17540,440,440,11,451,5
2021-06-26,Mendocino,045,87422,4187,4096,81,4177,49
2021-06-26,Merced,047,269075,31316,31259,1001,32260,469
2021-06-26,Modoc,049,8938,419,411,148,559,3
2021-06-26,Mono,051,14174,1263,1279,17,1296,3
2021-06-26,Monterey,053,433212,43371,43192,1888,45080,462
2021-06-26,Napa,055,140530,10043,10043,39,10082,81
2021-06-26,Nevada,057,99092,4981,4939,195,5134,72
2021-06-26,Orange,059,3164182,256766,255640,11555,267195,5123
2021-06-26,Placer,061,380077,23875,23702,1562,25264,299
2021-06-26,Plumas,063,18699,722,704,12,716,4
2021-06-26,Riverside,065,2383286,295792,292480,14199,306679,4505
2021-06-26,Sacramento,067,1510023,108485,108179,1873,110052,1675
2021-06-26,San Benito,069,59416,6108,6100,116,6216,63
2021-06-26,San Bernardino,071,2135413,294842,294034,9090,303124,4928
2021-06-26,San Diego,073,3302833,283113,282263,15377,297640,3780
2021-06-26,San Francisco,075,870044,37162,37348,1319,38667,559
2021-06-26,San Joaquin,077,732212,74169,73928,3676,77604,1411
2021-06-26,San Luis Obispo,079,281455,21477,21330,758,22088,256
2021-06-26,San Mateo,081,765935,42810,42898,489,43387,539
2021-06-26,Santa Barbara,083,443738,34765,34525,1208,35733,455
2021-06-26,Santa Clara,085,1922200,119536,120321,783,121104,2103
2021-06-26,Santa Cruz,087,273765,16326,16239,819,17058,208
2021-06-26,Shasta,089,179085,12639,12635,1654,14289,203
2021-06-26,Sierra,091,2930,63,58,12,70,0
2021-06-26,Siskiyou,093,43540,1965,1896,371,2267,29
2021-06-26,Solano,095,438530,33503,33489,575,34064,267
2021-06-26,Sonoma,097,501317,31017,31088,363,31451,315
2021-06-26,Stanislaus,099,539301,57311,57006,6048,63054,1018
2021-06-26,Sutter,101,95872,9686,9669,90,9759,114
2021-06-26,Tehama,103,63373,5143,5119,591,5710,63
2021-06-26,Trinity,105,12862,494,341,98,439,3
2021-06-26,Tulare,107,460477,50470,49745,9212,58957,850
2021-06-26,Tuolumne,109,53932,4066,4121,41,4162,64
2021-06-26,Ventura,111,848112,81856,81352,3052,84404,1032
2021-06-26,Yolo,113,214977,14180,14184,353,14537,213
2021-06-26,Yuba,115,75493,6221,6200,133,6333,51
2021-06-25,Alameda,001,1643700,89559,89453,2005,91458,1271
2021-06-25,Alpine,003,1148,88,89,0,89,0
2021-06-25,Amador,005,37829,3764,3746,33,3779,46
2021-06-25,Butte,007,227075,12800,12682,1873,14555,198
2021-06-25,Calaveras,009,45235,2199,2201,14,2215,55
2021-06-25,Colusa,011,21464,1970,1972,322,2294,15
2021-06-25,Contra Costa,013,1133247,71114,70659,1327,71986,815
2021-06-25,Del Norte,015,27424,1463,1426,13,1439,8
2021-06-25,El Dorado,017,186661,10466,10406,758,11164,115
2021-06-25,Fresno,019,978130,103551,103073,8820,111893,1727
2021-06-25,Glenn,021,27897,2449,2441,571,3012,20
2021-06-25,Humboldt,023,135768,4520,4503,43,4546,49
2021-06-25,Imperial,025,180216,28787,28968,2866,31834,740
2021-06-25,Inyo,027,18085,1411,1406,12,1418,35
2021-06-25,Kern,029,883053,97942,97182,11197,108379,1347
2021-06-25,Kings,031,150075,23289,23118,1114,24232,246
2021-06-25,Lake,033,64148,3606,3571,13,3584,56
2021-06-25,Lassen,035,31185,5279,5259,117,5376,20
2021-06-25,Los Angeles,037,10098052,1210957,1206909,42154,1249063,24483
2021-06-25,Madera,039,155013,16800,16670,946,17616,240
2021-06-25,Marin,041,260295,14204,14179,267,14446,232
2021-06-25,Mariposa,043,17540,440,440,11,451,5
2021-06-25,Mendocino,045,87422,4184,4089,81,4170,49
2021-06-25,Merced,047,269075,31308,31256,1001,32257,467
2021-06-25,Modoc,049,8938,419,411,148,559,3
2021-06-25,Mono,051,14174,1263,1279,17,1296,3
2021-06-25,Monterey,053,433212,43366,43184,1887,45071,462
2021-06-25,Napa,055,140530,10038,10037,39,10076,81
2021-06-25,Nevada,057,99092,4978,4932,195,5127,72
2021-06-25,Orange,059,3164182,256695,255574,11553,267127,5119
2021-06-25,Placer,061,380077,23856,23672,1561,25233,299
2021-06-25,Plumas,063,18699,722,702,11,713,4
2021-06-25,Riverside,065,2383286,295725,291663,14192,305855,4490
2021-06-25,Sacramento,067,1510023,108413,108034,1870,109904,1673
2021-06-25,San Benito,069,59416,6104,6098,116,6214,63
2021-06-25,San Bernardino,071,2135413,294787,293941,9088,303029,4911
2021-06-25,San Diego,073,3302833,283053,282157,15364,297521,3779
2021-06-25,San Francisco,075,870044,37139,37338,1318,38656,559
2021-06-25,San Joaquin,077,732212,74136,73860,3674,77534,1410
2021-06-25,San Luis Obispo,079,281455,21474,21325,757,22082,256
2021-06-25,San Mateo,081,765935,42792,42849,489,43338,537
2021-06-25,Santa Barbara,083,443738,34757,34518,1207,35725,454
2021-06-25,Santa Clara,085,1922200,119516,120272,783,121055,2103
2021-06-25,Santa Cruz,087,273765,16323,16230,817,17047,208
2021-06-25,Shasta,089,179085,12629,12633,1653,14286,202
2021-06-25,Sierra,091,2930,63,58,12,70,0
2021-06-25,Siskiyou,093,43540,1964,1894,371,2265,29
2021-06-25,Solano,095,438530,33483,33449,575,34024,267
2021-06-25,Sonoma,097,501317,30995,31043,363,31406,314
2021-06-25,Stanislaus,099,539301,57292,56973,6041,63014,1018
2021-06-25,Sutter,101,95872,9679,9664,90,9754,114
2021-06-25,Tehama,103,63373,5142,5119,591,5710,63
2021-06-25,Trinity,105,12862,494,338,98,436,3
2021-06-25,Tulare,107,460477,50463,49731,9209,58940,850
2021-06-25,Tuolumne,109,53932,4065,4121,41,4162,64
2021-06-25,Ventura,111,848112,81827,81342,3046,84388,1032
2021-06-25,Yolo,113,214977,14174,14172,353,14525,213
2021-06-25,Yuba,115,75493,6217,6195,133,6328,51
2021-06-24,Alameda,001,1643700,89488,89358,2002,91360,1268
2021-06-24,Alpine,003,1148,88,89,0,89,0
2021-06-24,Amador,005,37829,3760,3745,33,3778,46
2021-06-24,Butte,007,227075,12794,12673,1871,14544,198
2021-06-24,Calaveras,009,45235,2196,2202,14,2216,55
2021-06-24,Colusa,011,21464,1969,1972,322,2294,15
2021-06-24,Contra Costa,013,1133247,71055,70590,1327,71917,813
2021-06-24,Del Norte,015,27424,1462,1421,13,1434,8
2021-06-24,El Dorado,017,186661,10459,10402,758,11160,115
2021-06-24,Fresno,019,978130,103531,103061,8817,111878,1727
2021-06-24,Glenn,021,27897,2448,2439,571,3010,20
2021-06-24,Humboldt,023,135768,4515,4493,43,4536,49
2021-06-24,Imperial,025,180216,28784,28981,2866,31847,740
2021-06-24,Inyo,027,18085,1410,1406,12,1418,35
2021-06-24,Kern,029,883053,97923,97129,11184,108313,1346
2021-06-24,Kings,031,150075,23285,23114,1112,24226,246
2021-06-24,Lake,033,64148,3600,3571,13,3584,56
2021-06-24,Lassen,035,31185,5278,5258,117,5375,20
2021-06-24,Los Angeles,037,10098052,1210633,1206590,42131,1248721,24480
2021-06-24,Madera,039,155013,16789,16662,945,17607,240
2021-06-24,Marin,041,260295,14200,14180,267,14447,232
2021-06-24,Mariposa,043,17540,440,440,11,451,5
2021-06-24,Mendocino,045,87422,4176,4085,81,4166,49
2021-06-24,Merced,047,269075,31298,31248,1000,32248,466
2021-06-24,Modoc,049,8938,419,411,148,559,3
2021-06-24,Mono,051,14174,1263,1276,17,1293,3
2021-06-24,Monterey,053,433212,43359,43180,1887,45067,451
2021-06-24,Napa,055,140530,10036,10036,39,10075,80
2021-06-24,Nevada,057,99092,4976,4927,195,5122,72
2021-06-24,Orange,059,3164182,256631,255520,11545,267065,5117
2021-06-24,Placer,061,380077,23831,23659,1559,25218,299
2021-06-24,Plumas,063,18699,721,702,11,713,4
2021-06-24,Riverside,065,2383286,295645,291067,14181,305248,4473
2021-06-24,Sacramento,067,1510023,108325,107965,1868,109833,1672
2021-06-24,San Benito,069,59416,6101,6098,116,6214,63
2021-06-24,San Bernardino,071,2135413,294718,293895,9083,302978,4898
2021-06-24,San Diego,073,3302833,282948,282053,15352,297405,3778
2021-06-24,San Francisco,075,870044,37117,37320,1316,38636,559
2021-06-24,San Joaquin,077,732212,74088,73814,3674,77488,1408
2021-06-24,San Luis Obispo,079,281455,21468,21326,757,22083,256
2021-06-24,San Mateo,081,765935,42766,42814,488,43302,542
2021-06-24,Santa Barbara,083,443738,34751,34512,1206,35718,454
2021-06-24,Santa Clara,085,1922200,119486,120274,782,121056,2103
2021-06-24,Santa Cruz,087,273765,16322,16227,817,17044,208
2021-06-24,Shasta,089,179085,12624,12629,1649,14278,202
2021-06-24,Sierra,091,2930,63,58,12,70,0
2021-06-24,Siskiyou,093,43540,1964,1892,371,2263,28
2021-06-24,Solano,095,438530,33461,33432,573,34005,267
2021-06-24,Sonoma,097,501317,30965,31020,363,31383,314
2021-06-24,Stanislaus,099,539301,57260,56946,6041,62987,1018
2021-06-24,Sutter,101,95872,9672,9660,90,9750,113
2021-06-24,Tehama,103,63373,5139,5115,591,5706,63
2021-06-24,Trinity,105,12862,493,338,98,436,3
2021-06-24,Tulare,107,460477,50452,49730,9207,58937,850
2021-06-24,Tuolumne,109,53932,4063,4120,41,4161,64
2021-06-24,Ventura,111,848112,81799,81332,3045,84377,1032
2021-06-24,Yolo,113,214977,14165,14169,350,14519,213
2021-06-24,Yuba,115,75493,6212,6195,133,6328,51
2021-06-23,Alameda,001,1643700,89415,89338,2001,91339,1266
2021-06-23,Alpine,003,1148,88,88,0,88,0
2021-06-23,Amador,005,37829,3758,3743,33,3776,46
2021-06-23,Butte,007,227075,12787,12666,1871,14537,198
2021-06-23,Calaveras,009,45235,2195,2199,14,2213,55
2021-06-23,Colusa,011,21464,1968,1972,322,2294,15
2021-06-23,Contra Costa,013,1133247,70990,70526,1326,71852,813
2021-06-23,Del Norte,015,27424,1458,1418,13,1431,8
2021-06-23,El Dorado,017,186661,10450,10395,755,11150,115
2021-06-23,Fresno,019,978130,103502,103020,8815,111835,1724
2021-06-23,Glenn,021,27897,2448,2437,570,3007,20
2021-06-23,Humboldt,023,135768,4506,4490,43,4533,48
2021-06-23,Imperial,025,180216,28777,28908,2866,31774,740
2021-06-23,Inyo,027,18085,1410,1406,12,1418,35
2021-06-23,Kern,029,883053,97895,97078,11171,108249,1345
2021-06-23,Kings,031,150075,23278,23105,1110,24215,245
2021-06-23,Lake,033,64148,3591,3566,13,3579,53
2021-06-23,Lassen,035,31185,5275,5257,117,5374,20
2021-06-23,Los Angeles,037,10098052,1210296,1206358,42121,1248479,24472
2021-06-23,Madera,039,155013,16783,16660,945,17605,240
2021-06-23,Marin,041,260295,14194,14177,267,14444,230
2021-06-23,Mariposa,043,17540,440,439,11,450,5
2021-06-23,Mendocino,045,87422,4172,4078,81,4159,49
2021-06-23,Merced,047,269075,31289,31260,1000,32260,465
2021-06-23,Modoc,049,8938,417,407,148,555,3
2021-06-23,Mono,051,14174,1263,1279,17,1296,3
2021-06-23,Monterey,053,433212,43350,43166,1887,45053,439
2021-06-23,Napa,055,140530,10027,10032,39,10071,80
2021-06-23,Nevada,057,99092,4973,4924,195,5119,72
2021-06-23,Orange,059,3164182,256565,255479,11537,267016,5116
2021-06-23,Placer,061,380077,23802,23630,1554,25184,299
2021-06-23,Plumas,063,18699,720,701,11,712,4
2021-06-23,Riverside,065,2383286,295562,290343,14179,304522,4462
2021-06-23,Sacramento,067,1510023,108233,107868,1863,109731,1671
2021-06-23,San Benito,069,59416,6097,6097,116,6213,63
2021-06-23,San Bernardino,071,2135413,294639,293816,9078,302894,4886
2021-06-23,San Diego,073,3302833,282848,281937,15331,297268,3777
2021-06-23,San Francisco,075,870044,37093,37304,1315,38619,559
2021-06-23,San Joaquin,077,732212,74049,73764,3672,77436,1405
2021-06-23,San Luis Obispo,079,281455,21464,21323,756,22079,257
2021-06-23,San Mateo,081,765935,42750,42756,488,43244,542
2021-06-23,Santa Barbara,083,443738,34741,34505,1206,35711,454
2021-06-23,Santa Clara,085,1922200,119457,120233,782,121015,2098
2021-06-23,Santa Cruz,087,273765,16318,16215,817,17032,209
2021-06-23,Shasta,089,179085,12617,12604,1647,14251,202
2021-06-23,Sierra,091,2930,63,57,12,69,0
2021-06-23,Siskiyou,093,43540,1962,1892,371,2263,28
2021-06-23,Solano,095,438530,33417,33408,573,33981,267
2021-06-23,Sonoma,097,501317,30925,30959,361,31320,314
2021-06-23,Stanislaus,099,539301,57227,56926,6040,62966,1017
2021-06-23,Sutter,101,95872,9666,9653,90,9743,113
2021-06-23,Tehama,103,63373,5139,5119,590,5709,63
2021-06-23,Trinity,105,12862,493,338,98,436,3
2021-06-23,Tulare,107,460477,50445,49711,9203,58914,850
2021-06-23,Tuolumne,109,53932,4060,4120,41,4161,64
2021-06-23,Ventura,111,848112,81776,81312,3042,84354,1032
2021-06-23,Yolo,113,214977,14155,14161,350,14511,212
2021-06-23,Yuba,115,75493,6209,6190,133,6323,51
2021-06-22,Alameda,001,1643700,89347,89308,2001,91309,1263
2021-06-22,Alpine,003,1148,88,88,0,88,0
2021-06-22,Amador,005,37829,3755,3743,33,3776,46
2021-06-22,Butte,007,227075,12783,12662,1868,14530,198
2021-06-22,Calaveras,009,45235,2194,2198,14,2212,55
2021-06-22,Colusa,011,21464,1967,1971,322,2293,15
2021-06-22,Contra Costa,013,1133247,70933,70480,1325,71805,813
2021-06-22,Del Norte,015,27424,1455,1417,13,1430,8
2021-06-22,El Dorado,017,186661,10445,10380,754,11134,113
2021-06-22,Fresno,019,978130,103483,102996,8811,111807,1724
2021-06-22,Glenn,021,27897,2447,2435,568,3003,19
2021-06-22,Humboldt,023,135768,4496,4483,43,4526,42
2021-06-22,Imperial,025,180216,28772,28880,2866,31746,740
2021-06-22,Inyo,027,18085,1410,1405,12,1417,35
2021-06-22,Kern,029,883053,97882,97013,11167,108180,1342
2021-06-22,Kings,031,150075,23270,23098,1109,24207,245
2021-06-22,Lake,033,64148,3589,3564,13,3577,45
2021-06-22,Lassen,035,31185,5270,5254,117,5371,20
2021-06-22,Los Angeles,037,10098052,1209982,1206146,42109,1248255,24461
2021-06-22,Madera,039,155013,16778,16652,945,17597,240
2021-06-22,Marin,041,260295,14192,14174,267,14441,230
2021-06-22,Mariposa,043,17540,440,439,11,450,5
2021-06-22,Mendocino,045,87422,4166,4072,81,4153,49
2021-06-22,Merced,047,269075,31278,31267,1000,32267,464
2021-06-22,Modoc,049,8938,415,405,147,552,3
2021-06-22,Mono,051,14174,1263,1277,17,1294,3
2021-06-22,Monterey,053,433212,43347,43162,1886,45048,427
2021-06-22,Napa,055,140530,10023,10029,39,10068,80
2021-06-22,Nevada,057,99092,4967,4923,195,5118,72
2021-06-22,Orange,059,3164182,256496,255452,11526,266978,5114
2021-06-22,Placer,061,380077,23780,23603,1554,25157,299
2021-06-22,Plumas,063,18699,720,697,11,708,4
2021-06-22,Riverside,065,2383286,295501,289839,14175,304014,4456
2021-06-22,Sacramento,067,1510023,108132,107801,1858,109659,1670
2021-06-22,San Benito,069,59416,6096,6098,116,6214,63
2021-06-22,San Bernardino,071,2135413,294564,293770,9072,302842,4873
2021-06-22,San Diego,073,3302833,282744,281867,15308,297175,3771
2021-06-22,San Francisco,075,870044,37079,37287,1315,38602,556
2021-06-22,San Joaquin,077,732212,74019,73723,3670,77393,1405
2021-06-22,San Luis Obispo,079,281455,21461,21321,755,22076,257
2021-06-22,San Mateo,081,765935,42736,42725,483,43208,542
2021-06-22,Santa Barbara,083,443738,34730,34500,1205,35705,454
2021-06-22,Santa Clara,085,1922200,119425,120194,782,120976,2095
2021-06-22,Santa Cruz,087,273765,16313,16218,817,17035,209
2021-06-22,Shasta,089,179085,12606,12616,1644,14260,202
2021-06-22,Sierra,091,2930,62,57,12,69,0
2021-06-22,Siskiyou,093,43540,1962,1892,371,2263,28
2021-06-22,Solano,095,438530,33399,33397,572,33969,267
2021-06-22,Sonoma,097,501317,30885,30933,361,31294,314
2021-06-22,Stanislaus,099,539301,57207,56915,6038,62953,1017
2021-06-22,Sutter,101,95872,9659,9649,90,9739,113
2021-06-22,Tehama,103,63373,5137,5118,589,5707,63
2021-06-22,Trinity,105,12862,491,337,98,435,3
2021-06-22,Tulare,107,460477,50436,49706,9198,58904,850
2021-06-22,Tuolumne,109,53932,4058,4119,41,4160,64
2021-06-22,Ventura,111,848112,81762,81300,3041,84341,1032
2021-06-22,Yolo,113,214977,14150,14157,348,14505,212
2021-06-22,Yuba,115,75493,6205,6181,133,6314,51
2021-06-21,Alameda,001,1643700,89290,89281,2000,91281,1262
2021-06-21,Alpine,003,1148,88,88,0,88,0
2021-06-21,Amador,005,37829,3749,3742,33,3775,46
2021-06-21,Butte,007,227075,12777,12668,1866,14534,195
2021-06-21,Calaveras,009,45235,2192,2194,14,2208,55
2021-06-21,Colusa,011,21464,1966,1970,321,2291,15
2021-06-21,Contra Costa,013,1133247,70862,70439,1323,71762,813
2021-06-21,Del Norte,015,27424,1451,1416,13,1429,8
2021-06-21,El Dorado,017,186661,10439,10375,753,11128,113
2021-06-21,Fresno,019,978130,103463,102971,8808,111779,1724
2021-06-21,Glenn,021,27897,2446,2433,568,3001,19
2021-06-21,Humboldt,023,135768,4487,4478,42,4520,42
2021-06-21,Imperial,025,180216,28768,28855,2866,31721,740
2021-06-21,Inyo,027,18085,1409,1405,12,1417,35
2021-06-21,Kern,029,883053,97853,96995,11158,108153,1342
2021-06-21,Kings,031,150075,23263,23091,1106,24197,245
2021-06-21,Lake,033,64148,3583,3563,13,3576,45
2021-06-21,Lassen,035,31185,5268,5233,117,5350,19
2021-06-21,Los Angeles,037,10098052,1209690,1205994,42088,1248082,24459
2021-06-21,Madera,039,155013,16769,16647,945,17592,240
2021-06-21,Marin,041,260295,14188,14173,267,14440,230
2021-06-21,Mariposa,043,17540,440,439,11,450,5
2021-06-21,Mendocino,045,87422,4163,4085,81,4166,49
2021-06-21,Merced,047,269075,31268,31264,999,32263,465
2021-06-21,Modoc,049,8938,415,405,147,552,3
2021-06-21,Mono,051,14174,1263,1277,17,1294,3
2021-06-21,Monterey,053,433212,43344,43157,1886,45043,427
2021-06-21,Napa,055,140530,10018,10028,39,10067,80
2021-06-21,Nevada,057,99092,4963,4921,195,5116,72
2021-06-21,Orange,059,3164182,256424,255400,11519,266919,5113
2021-06-21,Placer,061,380077,23756,23577,1554,25131,298
2021-06-21,Plumas,063,18699,718,697,11,708,4
2021-06-21,Riverside,065,2383286,295425,289797,14170,303967,4456
2021-06-21,Sacramento,067,1510023,108020,107757,1857,109614,1669
2021-06-21,San Benito,069,59416,6092,6098,116,6214,63
2021-06-21,San Bernardino,071,2135413,294477,293736,9068,302804,4850
2021-06-21,San Diego,073,3302833,282638,281811,15288,297099,3771
2021-06-21,San Francisco,075,870044,37062,37275,1314,38589,556
2021-06-21,San Joaquin,077,732212,73978,73687,3669,77356,1405
2021-06-21,San Luis Obispo,079,281455,21452,21316,755,22071,257
2021-06-21,San Mateo,081,765935,42719,42685,482,43167,542
2021-06-21,Santa Barbara,083,443738,34725,34492,1205,35697,455
2021-06-21,Santa Clara,085,1922200,119392,120192,781,120973,2093
2021-06-21,Santa Cruz,087,273765,16311,16212,817,17029,208
2021-06-21,Shasta,089,179085,12593,12617,1641,14258,201
2021-06-21,Sierra,091,2930,62,57,12,69,0
2021-06-21,Siskiyou,093,43540,1962,1892,371,2263,27
2021-06-21,Solano,095,438530,33376,33383,571,33954,266
2021-06-21,Sonoma,097,501317,30862,30912,361,31273,314
2021-06-21,Stanislaus,099,539301,57177,56891,6033,62924,1017
2021-06-21,Sutter,101,95872,9656,9649,90,9739,113
2021-06-21,Tehama,103,63373,5137,5115,588,5703,63
2021-06-21,Trinity,105,12862,491,337,98,435,3
2021-06-21,Tulare,107,460477,50425,49689,9194,58883,849
2021-06-21,Tuolumne,109,53932,4054,4119,41,4160,63
2021-06-21,Ventura,111,848112,81734,81291,3037,84328,1031
2021-06-21,Yolo,113,214977,14144,14165,348,14513,212
2021-06-21,Yuba,115,75493,6204,6172,133,6305,51
2021-06-20,Alameda,001,1643700,89224,89255,1999,91254,1263
2021-06-20,Alpine,003,1148,88,88,0,88,0
2021-06-20,Amador,005,37829,3746,3740,33,3773,46
2021-06-20,Butte,007,227075,12770,12668,1865,14533,194
2021-06-20,Calaveras,009,45235,2191,2193,14,2207,55
2021-06-20,Colusa,011,21464,1966,1970,321,2291,15
2021-06-20,Contra Costa,013,1133247,70806,70401,1321,71722,813
2021-06-20,Del Norte,015,27424,1447,1416,13,1429,8
2021-06-20,El Dorado,017,186661,10425,10372,751,11123,113
2021-06-20,Fresno,019,978130,103422,102947,8805,111752,1724
2021-06-20,Glenn,021,27897,2446,2434,568,3002,19
2021-06-20,Humboldt,023,135768,4481,4472,42,4514,42
2021-06-20,Imperial,025,180216,28759,28855,2865,31720,740
2021-06-20,Inyo,027,18085,1408,1405,12,1417,35
2021-06-20,Kern,029,883053,97832,96985,11147,108132,1342
2021-06-20,Kings,031,150075,23258,23088,1104,24192,245
2021-06-20,Lake,033,64148,3581,3563,13,3576,45
2021-06-20,Lassen,035,31185,5265,5230,117,5347,19
2021-06-20,Los Angeles,037,10098052,1209391,1205874,42080,1247954,24456
2021-06-20,Madera,039,155013,16761,16638,943,17581,240
2021-06-20,Marin,041,260295,14185,14166,267,14433,230
2021-06-20,Mariposa,043,17540,438,439,11,450,5
2021-06-20,Mendocino,045,87422,4156,4080,81,4161,49
2021-06-20,Merced,047,269075,31255,31265,999,32264,465
2021-06-20,Modoc,049,8938,415,405,147,552,3
2021-06-20,Mono,051,14174,1263,1275,17,1292,3
2021-06-20,Monterey,053,433212,43335,43156,1885,45041,427
2021-06-20,Napa,055,140530,10011,10026,38,10064,80
2021-06-20,Nevada,057,99092,4956,4919,195,5114,72
2021-06-20,Orange,059,3164182,256360,255377,11508,266885,5113
2021-06-20,Placer,061,380077,23722,23562,1550,25112,298
2021-06-20,Plumas,063,18699,717,697,11,708,4
2021-06-20,Riverside,065,2383286,295346,289770,14159,303929,4456
2021-06-20,Sacramento,067,1510023,107909,107700,1854,109554,1669
2021-06-20,San Benito,069,59416,6092,6098,116,6214,63
2021-06-20,San Bernardino,071,2135413,294377,293713,9064,302777,4845
2021-06-20,San Diego,073,3302833,282532,281750,15266,297016,3771
2021-06-20,San Francisco,075,870044,37040,37269,1314,38583,556
2021-06-20,San Joaquin,077,732212,73933,73676,3660,77336,1405
2021-06-20,San Luis Obispo,079,281455,21450,21313,755,22068,257
2021-06-20,San Mateo,081,765935,42690,42681,482,43163,542
2021-06-20,Santa Barbara,083,443738,34716,34487,1205,35692,455
2021-06-20,Santa Clara,085,1922200,119357,120163,781,120944,2093
2021-06-20,Santa Cruz,087,273765,16306,16210,817,17027,208
2021-06-20,Shasta,089,179085,12588,12617,1639,14256,201
2021-06-20,Sierra,091,2930,62,57,12,69,0
2021-06-20,Siskiyou,093,43540,1961,1891,371,2262,27
2021-06-20,Solano,095,438530,33354,33361,569,33930,266
2021-06-20,Sonoma,097,501317,30815,30884,358,31242,314
2021-06-20,Stanislaus,099,539301,57143,56868,6032,62900,1017
2021-06-20,Sutter,101,95872,9653,9645,90,9735,113
2021-06-20,Tehama,103,63373,5133,5115,588,5703,63
2021-06-20,Trinity,105,12862,491,337,98,435,3
2021-06-20,Tulare,107,460477,50416,49685,9192,58877,849
2021-06-20,Tuolumne,109,53932,4051,4117,41,4158,63
2021-06-20,Ventura,111,848112,81718,81282,3035,84317,1031
2021-06-20,Yolo,113,214977,14137,14160,348,14508,212
2021-06-20,Yuba,115,75493,6197,6167,133,6300,51
2021-06-19,Alameda,001,1643700,89189,89202,1999,91201,1263
2021-06-19,Alpine,003,1148,88,88,0,88,0
2021-06-19,Amador,005,37829,3744,3739,33,3772,46
2021-06-19,Butte,007,227075,12766,12659,1865,14524,194
2021-06-19,Calaveras,009,45235,2191,2192,14,2206,55
2021-06-19,Colusa,011,21464,1966,1969,321,2290,15
2021-06-19,Contra Costa,013,1133247,70775,70334,1320,71654,813
2021-06-19,Del Norte,015,27424,1446,1416,13,1429,8
2021-06-19,El Dorado,017,186661,10424,10363,750,11113,113
2021-06-19,Fresno,019,978130,103409,102922,8802,111724,1724
2021-06-19,Glenn,021,27897,2445,2434,567,3001,19
2021-06-19,Humboldt,023,135768,4470,4463,42,4505,42
2021-06-19,Imperial,025,180216,28758,28813,2865,31678,740
2021-06-19,Inyo,027,18085,1408,1405,12,1417,35
2021-06-19,Kern,029,883053,97816,96966,11143,108109,1342
2021-06-19,Kings,031,150075,23255,23086,1104,24190,245
2021-06-19,Lake,033,64148,3577,3563,13,3576,45
2021-06-19,Lassen,035,31185,5264,5225,117,5342,19
2021-06-19,Los Angeles,037,10098052,1209191,1205602,42065,1247667,24454
2021-06-19,Madera,039,155013,16759,16632,943,17575,240
2021-06-19,Marin,041,260295,14177,14152,267,14419,230
2021-06-19,Mariposa,043,17540,438,439,11,450,5
2021-06-19,Mendocino,045,87422,4150,4077,81,4158,49
2021-06-19,Merced,047,269075,31253,31256,999,32255,465
2021-06-19,Modoc,049,8938,414,402,147,549,3
2021-06-19,Mono,051,14174,1263,1275,17,1292,3
2021-06-19,Monterey,053,433212,43329,43153,1885,45038,427
2021-06-19,Napa,055,140530,10007,10025,38,10063,80
2021-06-19,Nevada,057,99092,4951,4910,195,5105,72
2021-06-19,Orange,059,3164182,256313,255329,11505,266834,5112
2021-06-19,Placer,061,380077,23706,23537,1547,25084,298
2021-06-19,Plumas,063,18699,716,697,11,708,4
2021-06-19,Riverside,065,2383286,295300,289720,14159,303879,4456
2021-06-19,Sacramento,067,1510023,107863,107631,1851,109482,1669
2021-06-19,San Benito,069,59416,6091,6098,116,6214,63
2021-06-19,San Bernardino,071,2135413,294333,293673,9061,302734,4844
2021-06-19,San Diego,073,3302833,282472,281682,15252,296934,3771
2021-06-19,San Francisco,075,870044,37027,37256,1314,38570,556
2021-06-19,San Joaquin,077,732212,73917,73652,3656,77308,1405
2021-06-19,San Luis Obispo,079,281455,21448,21308,755,22063,257
2021-06-19,San Mateo,081,765935,42672,42646,480,43126,542
2021-06-19,Santa Barbara,083,443738,34714,34472,1205,35677,455
2021-06-19,Santa Clara,085,1922200,119333,120110,780,120890,2093
2021-06-19,Santa Cruz,087,273765,16301,16206,817,17023,208
2021-06-19,Shasta,089,179085,12586,12615,1638,14253,201
2021-06-19,Sierra,091,2930,62,57,12,69,0
2021-06-19,Siskiyou,093,43540,1961,1891,370,2261,27
2021-06-19,Solano,095,438530,33344,33341,568,33909,266
2021-06-19,Sonoma,097,501317,30774,30841,357,31198,314
2021-06-19,Stanislaus,099,539301,57124,56847,6029,62876,1017
2021-06-19,Sutter,101,95872,9650,9645,90,9735,113
2021-06-19,Tehama,103,63373,5132,5115,588,5703,63
2021-06-19,Trinity,105,12862,491,337,98,435,3
2021-06-19,Tulare,107,460477,50409,49681,9187,58868,849
2021-06-19,Tuolumne,109,53932,4051,4117,41,4158,63
2021-06-19,Ventura,111,848112,81705,81270,3034,84304,1031
2021-06-19,Yolo,113,214977,14133,14156,347,14503,212
2021-06-19,Yuba,115,75493,6196,6157,133,6290,51
2021-06-18,Alameda,001,1643700,89152,89123,1999,91122,1263
2021-06-18,Alpine,003,1148,88,88,0,88,0
2021-06-18,Amador,005,37829,3744,3739,33,3772,46
2021-06-18,Butte,007,227075,12763,12653,1862,14515,194
2021-06-18,Calaveras,009,45235,2191,2191,14,2205,55
2021-06-18,Colusa,011,21464,1965,1969,321,2290,15
2021-06-18,Contra Costa,013,1133247,70733,70271,1318,71589,813
2021-06-18,Del Norte,015,27424,1446,1415,13,1428,8
2021-06-18,El Dorado,017,186661,10421,10348,748,11096,113
2021-06-18,Fresno,019,978130,103393,102894,8800,111694,1722
2021-06-18,Glenn,021,27897,2444,2430,567,2997,19
2021-06-18,Humboldt,023,135768,4462,4450,42,4492,42
2021-06-18,Imperial,025,180216,28756,28809,2865,31674,740
2021-06-18,Inyo,027,18085,1408,1405,12,1417,35
2021-06-18,Kern,029,883053,97805,96948,11137,108085,1341
2021-06-18,Kings,031,150075,23250,23082,1104,24186,245
2021-06-18,Lake,033,64148,3573,3563,13,3576,45
2021-06-18,Lassen,035,31185,5263,5224,117,5341,19
2021-06-18,Los Angeles,037,10098052,1209034,1205472,42048,1247520,24451
2021-06-18,Madera,039,155013,16753,16625,943,17568,241
2021-06-18,Marin,041,260295,14174,14147,267,14414,230
2021-06-18,Mariposa,043,17540,438,439,11,450,5
2021-06-18,Mendocino,045,87422,4145,4068,81,4149,49
2021-06-18,Merced,047,269075,31251,31262,999,32261,464
2021-06-18,Modoc,049,8938,414,402,147,549,3
2021-06-18,Mono,051,14174,1262,1275,16,1291,3
2021-06-18,Monterey,053,433212,43326,43148,1885,45033,427
2021-06-18,Napa,055,140530,10003,10021,38,10059,80
2021-06-18,Nevada,057,99092,4943,4903,195,5098,72
2021-06-18,Orange,059,3164182,256276,255274,11502,266776,5108
2021-06-18,Placer,061,380077,23698,23500,1544,25044,298
2021-06-18,Plumas,063,18699,716,697,11,708,4
2021-06-18,Riverside,065,2383286,295252,289676,14158,303834,4457
2021-06-18,Sacramento,067,1510023,107815,107570,1851,109421,1669
2021-06-18,San Benito,069,59416,6090,6097,116,6213,63
2021-06-18,San Bernardino,071,2135413,294288,293629,9057,302686,4826
2021-06-18,San Diego,073,3302833,282396,281608,15241,296849,3771
2021-06-18,San Francisco,075,870044,37018,37246,1314,38560,556
2021-06-18,San Joaquin,077,732212,73899,73623,3654,77277,1403
2021-06-18,San Luis Obispo,079,281455,21444,21301,754,22055,257
2021-06-18,San Mateo,081,765935,42661,42630,479,43109,542
2021-06-18,Santa Barbara,083,443738,34704,34469,1205,35674,455
2021-06-18,Santa Clara,085,1922200,119312,120081,779,120860,2093
2021-06-18,Santa Cruz,087,273765,16297,16202,817,17019,208
2021-06-18,Shasta,089,179085,12582,12607,1636,14243,201
2021-06-18,Sierra,091,2930,61,57,12,69,0
2021-06-18,Siskiyou,093,43540,1961,1890,370,2260,27
2021-06-18,Solano,095,438530,33330,33323,568,33891,266
2021-06-18,Sonoma,097,501317,30756,30816,356,31172,313
2021-06-18,Stanislaus,099,539301,57109,56803,6027,62830,1012
2021-06-18,Sutter,101,95872,9647,9643,90,9733,113
2021-06-18,Tehama,103,63373,5130,5114,588,5702,63
2021-06-18,Trinity,105,12862,491,337,97,434,3
2021-06-18,Tulare,107,460477,50407,49664,9180,58844,849
2021-06-18,Tuolumne,109,53932,4049,4116,41,4157,63
2021-06-18,Ventura,111,848112,81695,81256,3029,84285,1031
2021-06-18,Yolo,113,214977,14130,14148,345,14493,212
2021-06-18,Yuba,115,75493,6190,6150,133,6283,51
2021-06-17,Alameda,001,1643700,89105,89087,1999,91086,1262
2021-06-17,Alpine,003,1148,88,88,0,88,0
2021-06-17,Amador,005,37829,3742,3731,33,3764,46
2021-06-17,Butte,007,227075,12753,12644,1861,14505,194
2021-06-17,Calaveras,009,45235,2190,2189,14,2203,55
2021-06-17,Colusa,011,21464,1964,1969,321,2290,15
2021-06-17,Contra Costa,013,1133247,70694,70190,1315,71505,810
2021-06-17,Del Norte,015,27424,1444,1413,13,1426,8
2021-06-17,El Dorado,017,186661,10411,10341,748,11089,113
2021-06-17,Fresno,019,978130,103367,102867,8796,111663,1722
2021-06-17,Glenn,021,27897,2444,2430,567,2997,19
2021-06-17,Humboldt,023,135768,4453,4438,42,4480,42
2021-06-17,Imperial,025,180216,28748,28801,2865,31666,741
2021-06-17,Inyo,027,18085,1408,1405,12,1417,35
2021-06-17,Kern,029,883053,97790,96840,11131,107971,1340
2021-06-17,Kings,031,150075,23246,23078,1103,24181,245
2021-06-17,Lake,033,64148,3570,3563,9,3572,45
2021-06-17,Lassen,035,31185,5259,5223,117,5340,19
2021-06-17,Los Angeles,037,10098052,1208822,1205301,42019,1247320,24444
2021-06-17,Madera,039,155013,16748,16618,943,17561,241
2021-06-17,Marin,041,260295,14174,14141,267,14408,229
2021-06-17,Mariposa,043,17540,438,439,11,450,5
2021-06-17,Mendocino,045,87422,4138,4054,81,4135,49
2021-06-17,Merced,047,269075,31246,31262,999,32261,464
2021-06-17,Modoc,049,8938,413,401,147,548,3
2021-06-17,Mono,051,14174,1261,1275,16,1291,3
2021-06-17,Monterey,053,433212,43318,43140,1885,45025,416
2021-06-17,Napa,055,140530,10003,10014,38,10052,80
2021-06-17,Nevada,057,99092,4939,4898,195,5093,72
2021-06-17,Orange,059,3164182,256230,255240,11491,266731,5109
2021-06-17,Placer,061,380077,23682,23461,1542,25003,298
2021-06-17,Plumas,063,18699,715,697,11,708,4
2021-06-17,Riverside,065,2383286,295198,289627,14156,303783,4458
2021-06-17,Sacramento,067,1510023,107751,107492,1849,109341,1666
2021-06-17,San Benito,069,59416,6090,6097,116,6213,63
2021-06-17,San Bernardino,071,2135413,294248,293560,9057,302617,4811
2021-06-17,San Diego,073,3302833,282320,281531,15227,296758,3771
2021-06-17,San Francisco,075,870044,37007,37243,1313,38556,556
2021-06-17,San Joaquin,077,732212,73876,73560,3649,77209,1403
2021-06-17,San Luis Obispo,079,281455,21442,21297,754,22051,257
2021-06-17,San Mateo,081,765935,42655,42615,479,43094,542
2021-06-17,Santa Barbara,083,443738,34698,34466,1205,35671,453
2021-06-17,Santa Clara,085,1922200,119287,120032,778,120810,2093
2021-06-17,Santa Cruz,087,273765,16293,16197,817,17014,208
2021-06-17,Shasta,089,179085,12574,12597,1636,14233,201
2021-06-17,Sierra,091,2930,61,56,12,68,0
2021-06-17,Siskiyou,093,43540,1960,1889,370,2259,27
2021-06-17,Solano,095,438530,33309,33296,567,33863,266
2021-06-17,Sonoma,097,501317,30725,30793,356,31149,323
2021-06-17,Stanislaus,099,539301,57078,56752,6022,62774,1012
2021-06-17,Sutter,101,95872,9644,9629,90,9719,113
2021-06-17,Tehama,103,63373,5129,5112,586,5698,63
2021-06-17,Trinity,105,12862,490,337,97,434,3
2021-06-17,Tulare,107,460477,50402,49649,9172,58821,849
2021-06-17,Tuolumne,109,53932,4048,4116,41,4157,63
2021-06-17,Ventura,111,848112,81686,81248,3026,84274,1030
2021-06-17,Yolo,113,214977,14122,14141,345,14486,212
2021-06-17,Yuba,115,75493,6181,6140,133,6273,51
2021-06-16,Alameda,001,1643700,89056,89045,1998,91043,1265
2021-06-16,Alpine,003,1148,88,88,0,88,0
2021-06-16,Amador,005,37829,3741,3730,33,3763,46
2021-06-16,Butte,007,227075,12751,12635,1859,14494,194
2021-06-16,Calaveras,009,45235,2188,2188,14,2202,55
2021-06-16,Colusa,011,21464,1964,1967,321,2288,15
2021-06-16,Contra Costa,013,1133247,70642,70136,1314,71450,810
2021-06-16,Del Norte,015,27424,1441,1413,13,1426,8
2021-06-16,El Dorado,017,186661,10405,10334,747,11081,113
2021-06-16,Fresno,019,978130,103337,102842,8792,111634,1722
2021-06-16,Glenn,021,27897,2444,2430,567,2997,19
2021-06-16,Humboldt,023,135768,4444,4427,41,4468,42
2021-06-16,Imperial,025,180216,28745,28796,2865,31661,741
2021-06-16,Inyo,027,18085,1407,1405,12,1417,35
2021-06-16,Kern,029,883053,97768,96789,11123,107912,1339
2021-06-16,Kings,031,150075,23245,23072,1102,24174,245
2021-06-16,Lake,033,64148,3570,3562,9,3571,45
2021-06-16,Lassen,035,31185,5256,5216,117,5333,19
2021-06-16,Los Angeles,037,10098052,1208599,1205102,42008,1247110,24439
2021-06-16,Madera,039,155013,16744,16603,943,17546,240
2021-06-16,Marin,041,260295,14172,14137,267,14404,229
2021-06-16,Mariposa,043,17540,438,437,11,448,5
2021-06-16,Mendocino,045,87422,4130,4041,81,4122,49
2021-06-16,Merced,047,269075,31238,31250,999,32249,463
2021-06-16,Modoc,049,8938,412,383,146,529,3
2021-06-16,Mono,051,14174,1261,1275,16,1291,3
2021-06-16,Monterey,053,433212,43315,43122,1885,45007,416
2021-06-16,Napa,055,140530,9999,10011,38,10049,80
2021-06-16,Nevada,057,99092,4934,4894,195,5089,72
2021-06-16,Orange,059,3164182,256177,255188,11484,266672,5109
2021-06-16,Placer,061,380077,23672,23425,1538,24963,298
2021-06-16,Plumas,063,18699,715,697,11,708,4
2021-06-16,Riverside,065,2383286,295137,289539,14154,303693,4457
2021-06-16,Sacramento,067,1510023,107681,107422,1845,109267,1665
2021-06-16,San Benito,069,59416,6090,6090,116,6206,63
2021-06-16,San Bernardino,071,2135413,294199,293499,9055,302554,4797
2021-06-16,San Diego,073,3302833,282242,281423,15214,296637,3770
2021-06-16,San Francisco,075,870044,36994,37222,1311,38533,555
2021-06-16,San Joaquin,077,732212,73839,73530,3645,77175,1399
2021-06-16,San Luis Obispo,079,281455,21437,21294,754,22048,257
2021-06-16,San Mateo,081,765935,42639,42601,479,43080,542
2021-06-16,Santa Barbara,083,443738,34692,34459,1205,35664,460
2021-06-16,Santa Clara,085,1922200,119255,119982,778,120760,2087
2021-06-16,Santa Cruz,087,273765,16290,16187,817,17004,208
2021-06-16,Shasta,089,179085,12569,12592,1635,14227,200
2021-06-16,Sierra,091,2930,61,56,12,68,0
2021-06-16,Siskiyou,093,43540,1959,1886,370,2256,26
2021-06-16,Solano,095,438530,33281,33276,567,33843,266
2021-06-16,Sonoma,097,501317,30689,30741,356,31097,323
2021-06-16,Stanislaus,099,539301,57047,56738,6020,62758,984
2021-06-16,Sutter,101,95872,9640,9620,90,9710,113
2021-06-16,Tehama,103,63373,5127,5106,586,5692,63
2021-06-16,Trinity,105,12862,489,332,97,429,3
2021-06-16,Tulare,107,460477,50397,49578,9168,58746,849
2021-06-16,Tuolumne,109,53932,4048,4110,41,4151,63
2021-06-16,Ventura,111,848112,81672,81229,3024,84253,1029
2021-06-16,Yolo,113,214977,14113,14135,344,14479,212
2021-06-16,Yuba,115,75493,6171,6134,133,6267,51
2021-06-15,Alameda,001,1643700,89013,89008,1998,91006,1262
2021-06-15,Alpine,003,1148,88,88,0,88,0
2021-06-15,Amador,005,37829,3738,3723,33,3756,46
2021-06-15,Butte,007,227075,12743,12620,1858,14478,194
2021-06-15,Calaveras,009,45235,2187,2188,14,2202,55
2021-06-15,Colusa,011,21464,1964,1967,319,2286,15
2021-06-15,Contra Costa,013,1133247,70580,70101,1314,71415,810
2021-06-15,Del Norte,015,27424,1440,1411,13,1424,8
2021-06-15,El Dorado,017,186661,10396,10330,747,11077,113
2021-06-15,Fresno,019,978130,103306,102828,8791,111619,1722
2021-06-15,Glenn,021,27897,2443,2426,567,2993,19
2021-06-15,Humboldt,023,135768,4435,4414,40,4454,42
2021-06-15,Imperial,025,180216,28739,28789,2865,31654,741
2021-06-15,Inyo,027,18085,1407,1405,12,1417,35
2021-06-15,Kern,029,883053,97740,96782,11115,107897,1338
2021-06-15,Kings,031,150075,23239,23070,1100,24170,245
2021-06-15,Lake,033,64148,3569,3559,9,3568,45
2021-06-15,Lassen,035,31185,5255,5211,117,5328,19
2021-06-15,Los Angeles,037,10098052,1208367,1204926,42000,1246926,24435
2021-06-15,Madera,039,155013,16737,16600,942,17542,240
2021-06-15,Marin,041,260295,14164,14135,267,14402,229
2021-06-15,Mariposa,043,17540,438,437,11,448,5
2021-06-15,Mendocino,045,87422,4123,4034,81,4115,49
2021-06-15,Merced,047,269075,31232,31244,999,32243,461
2021-06-15,Modoc,049,8938,411,383,146,529,3
2021-06-15,Mono,051,14174,1261,1275,16,1291,3
2021-06-15,Monterey,053,433212,43309,43118,1885,45003,416
2021-06-15,Napa,055,140530,9997,10010,38,10048,80
2021-06-15,Nevada,057,99092,4931,4888,195,5083,72
2021-06-15,Orange,059,3164182,256136,255127,11475,266602,5105
2021-06-15,Placer,061,380077,23650,23396,1537,24933,298
2021-06-15,Plumas,063,18699,714,697,11,708,4
2021-06-15,Riverside,065,2383286,295077,289508,14150,303658,4455
2021-06-15,Sacramento,067,1510023,107606,107370,1839,109209,1662
2021-06-15,San Benito,069,59416,6089,6089,116,6205,63
2021-06-15,San Bernardino,071,2135413,294149,293463,9049,302512,4790
2021-06-15,San Diego,073,3302833,282158,281375,15199,296574,3770
2021-06-15,San Francisco,075,870044,36985,37210,1310,38520,555
2021-06-15,San Joaquin,077,732212,73799,73494,3640,77134,1399
2021-06-15,San Luis Obispo,079,281455,21432,21293,753,22046,257
2021-06-15,San Mateo,081,765935,42626,42593,479,43072,543
2021-06-15,Santa Barbara,083,443738,34687,34451,1205,35656,460
2021-06-15,Santa Clara,085,1922200,119217,119963,778,120741,2086
2021-06-15,Santa Cruz,087,273765,16283,16180,816,16996,208
2021-06-15,Shasta,089,179085,12563,12583,1635,14218,201
2021-06-15,Sierra,091,2930,60,55,12,67,0
2021-06-15,Siskiyou,093,43540,1958,1887,370,2257,26
2021-06-15,Solano,095,438530,33262,33264,567,33831,266
2021-06-15,Sonoma,097,501317,30650,30707,355,31062,323
2021-06-15,Stanislaus,099,539301,57018,56724,6017,62741,979
2021-06-15,Sutter,101,95872,9631,9616,90,9706,113
2021-06-15,Tehama,103,63373,5125,5102,586,5688,63
2021-06-15,Trinity,105,12862,488,332,97,429,3
2021-06-15,Tulare,107,460477,50390,49561,9165,58726,848
2021-06-15,Tuolumne,109,53932,4048,4111,41,4152,63
2021-06-15,Ventura,111,848112,81661,81215,3021,84236,1029
2021-06-15,Yolo,113,214977,14109,14127,342,14469,212
2021-06-15,Yuba,115,75493,6160,6130,133,6263,51
2021-06-14,Alameda,001,1643700,88964,88966,1998,90964,1264
2021-06-14,Alpine,003,1148,88,88,0,88,0
2021-06-14,Amador,005,37829,3737,3722,33,3755,46
2021-06-14,Butte,007,227075,12732,12613,1854,14467,194
2021-06-14,Calaveras,009,45235,2186,2190,14,2204,55
2021-06-14,Colusa,011,21464,1963,1966,319,2285,15
2021-06-14,Contra Costa,013,1133247,70527,70069,1312,71381,810
2021-06-14,Del Norte,015,27424,1440,1411,13,1424,8
2021-06-14,El Dorado,017,186661,10387,10327,746,11073,113
2021-06-14,Fresno,019,978130,103284,102812,8789,111601,1719
2021-06-14,Glenn,021,27897,2443,2426,567,2993,19
2021-06-14,Humboldt,023,135768,4427,4407,39,4446,42
2021-06-14,Imperial,025,180216,28727,28836,2865,31701,741
2021-06-14,Inyo,027,18085,1406,1405,12,1417,35
2021-06-14,Kern,029,883053,97720,96760,11105,107865,1337
2021-06-14,Kings,031,150075,23236,23071,1099,24170,245
2021-06-14,Lake,033,64148,3568,3557,9,3566,45
2021-06-14,Lassen,035,31185,5252,5209,116,5325,19
2021-06-14,Los Angeles,037,10098052,1208132,1204748,41990,1246738,24434
2021-06-14,Madera,039,155013,16731,16597,941,17538,240
2021-06-14,Marin,041,260295,14162,14133,267,14400,229
2021-06-14,Mariposa,043,17540,437,437,11,448,5
2021-06-14,Mendocino,045,87422,4117,4028,81,4109,49
2021-06-14,Merced,047,269075,31223,31241,998,32239,461
2021-06-14,Modoc,049,8938,402,382,144,526,3
2021-06-14,Mono,051,14174,1261,1275,16,1291,3
2021-06-14,Monterey,053,433212,43306,43110,1885,44995,415
2021-06-14,Napa,055,140530,9993,10000,38,10038,80
2021-06-14,Nevada,057,99092,4924,4885,195,5080,72
2021-06-14,Orange,059,3164182,256098,255069,11471,266540,5103
2021-06-14,Placer,061,380077,23625,23379,1536,24915,298
2021-06-14,Plumas,063,18699,714,696,11,707,4
2021-06-14,Riverside,065,2383286,295023,289476,14150,303626,4453
2021-06-14,Sacramento,067,1510023,107552,107334,1834,109168,1661
2021-06-14,San Benito,069,59416,6089,6087,116,6203,63
2021-06-14,San Bernardino,071,2135413,294093,293446,9045,302491,4790
2021-06-14,San Diego,073,3302833,282052,281314,15179,296493,3770
2021-06-14,San Francisco,075,870044,36972,37206,1310,38516,555
2021-06-14,San Joaquin,077,732212,73770,73453,3640,77093,1398
2021-06-14,San Luis Obispo,079,281455,21430,21302,753,22055,256
2021-06-14,San Mateo,081,765935,42612,42619,478,43097,543
2021-06-14,Santa Barbara,083,443738,34684,34449,1205,35654,460
2021-06-14,Santa Clara,085,1922200,119186,119957,777,120734,2085
2021-06-14,Santa Cruz,087,273765,16281,16175,816,16991,208
2021-06-14,Shasta,089,179085,12552,12561,1632,14193,201
2021-06-14,Sierra,091,2930,59,55,12,67,0
2021-06-14,Siskiyou,093,43540,1958,1886,370,2256,26
2021-06-14,Solano,095,438530,33245,33243,566,33809,266
2021-06-14,Sonoma,097,501317,30618,30679,354,31033,323
2021-06-14,Stanislaus,099,539301,56981,56689,6014,62703,975
2021-06-14,Sutter,101,95872,9628,9607,90,9697,112
2021-06-14,Tehama,103,63373,5123,5102,586,5688,63
2021-06-14,Trinity,105,12862,488,332,97,429,3
2021-06-14,Tulare,107,460477,50385,49538,9162,58700,848
2021-06-14,Tuolumne,109,53932,4045,4108,41,4149,63
2021-06-14,Ventura,111,848112,81651,81209,3021,84230,1028
2021-06-14,Yolo,113,214977,14101,14123,342,14465,212
2021-06-14,Yuba,115,75493,6153,6127,133,6260,50
2021-06-13,Alameda,001,1643700,88907,88947,1996,90943,1264
2021-06-13,Alpine,003,1148,87,88,0,88,0
2021-06-13,Amador,005,37829,3733,3721,33,3754,46
2021-06-13,Butte,007,227075,12721,12586,1851,14437,194
2021-06-13,Calaveras,009,45235,2186,2189,14,2203,55
2021-06-13,Colusa,011,21464,1963,1965,318,2283,15
2021-06-13,Contra Costa,013,1133247,70473,70040,1310,71350,810
2021-06-13,Del Norte,015,27424,1438,1412,13,1425,8
2021-06-13,El Dorado,017,186661,10378,10324,746,11070,113
2021-06-13,Fresno,019,978130,103253,102795,8784,111579,1719
2021-06-13,Glenn,021,27897,2442,2425,565,2990,19
2021-06-13,Humboldt,023,135768,4414,4401,39,4440,42
2021-06-13,Imperial,025,180216,28718,28800,2864,31664,741
2021-06-13,Inyo,027,18085,1406,1405,12,1417,35
2021-06-13,Kern,029,883053,97696,96743,11093,107836,1337
2021-06-13,Kings,031,150075,23231,23069,1098,24167,245
2021-06-13,Lake,033,64148,3568,3556,9,3565,45
2021-06-13,Lassen,035,31185,5247,5209,116,5325,19
2021-06-13,Los Angeles,037,10098052,1207869,1204614,41977,1246591,24433
2021-06-13,Madera,039,155013,16717,16590,941,17531,240
2021-06-13,Marin,041,260295,14156,14126,267,14393,229
2021-06-13,Mariposa,043,17540,437,434,11,445,5
2021-06-13,Mendocino,045,87422,4110,4026,81,4107,49
2021-06-13,Merced,047,269075,31217,31240,997,32237,461
2021-06-13,Modoc,049,8938,400,382,142,524,3
2021-06-13,Mono,051,14174,1261,1275,16,1291,3
2021-06-13,Monterey,053,433212,43298,43108,1885,44993,415
2021-06-13,Napa,055,140530,9987,9995,38,10033,80
2021-06-13,Nevada,057,99092,4919,4883,195,5078,72
2021-06-13,Orange,059,3164182,256043,255043,11469,266512,5103
2021-06-13,Placer,061,380077,23599,23365,1534,24899,295
2021-06-13,Plumas,063,18699,713,696,11,707,4
2021-06-13,Riverside,065,2383286,294956,289447,14147,303594,4453
2021-06-13,Sacramento,067,1510023,107476,107289,1831,109120,1658
2021-06-13,San Benito,069,59416,6089,6086,116,6202,63
2021-06-13,San Bernardino,071,2135413,294042,293416,9040,302456,4788
2021-06-13,San Diego,073,3302833,281973,281268,15163,296431,3770
2021-06-13,San Francisco,075,870044,36959,37197,1310,38507,555
2021-06-13,San Joaquin,077,732212,73736,73438,3638,77076,1398
2021-06-13,San Luis Obispo,079,281455,21424,21298,752,22050,256
2021-06-13,San Mateo,081,765935,42599,42611,478,43089,542
2021-06-13,Santa Barbara,083,443738,34673,34449,1204,35653,460
2021-06-13,Santa Clara,085,1922200,119162,119946,777,120723,2085
2021-06-13,Santa Cruz,087,273765,16274,16172,816,16988,208
2021-06-13,Shasta,089,179085,12543,12560,1631,14191,201
2021-06-13,Sierra,091,2930,59,55,12,67,0
2021-06-13,Siskiyou,093,43540,1957,1885,370,2255,26
2021-06-13,Solano,095,438530,33224,33234,566,33800,266
2021-06-13,Sonoma,097,501317,30583,30663,352,31015,323
2021-06-13,Stanislaus,099,539301,56954,56671,6013,62684,975
2021-06-13,Sutter,101,95872,9621,9603,90,9693,112
2021-06-13,Tehama,103,63373,5121,5100,586,5686,63
2021-06-13,Trinity,105,12862,487,332,97,429,3
2021-06-13,Tulare,107,460477,50376,49537,9157,58694,848
2021-06-13,Tuolumne,109,53932,4043,4107,40,4147,63
2021-06-13,Ventura,111,848112,81637,81201,3021,84222,1028
2021-06-13,Yolo,113,214977,14094,14120,340,14460,212
2021-06-13,Yuba,115,75493,6146,6125,133,6258,50
2021-06-12,Alameda,001,1643700,88880,88901,1996,90897,1271
2021-06-12,Alpine,003,1148,87,88,0,88,0
2021-06-12,Amador,005,37829,3732,3721,33,3754,46
2021-06-12,Butte,007,227075,12717,12576,1851,14427,194
2021-06-12,Calaveras,009,45235,2186,2189,14,2203,55
2021-06-12,Colusa,011,21464,1963,1965,318,2283,15
2021-06-12,Contra Costa,013,1133247,70442,69989,1307,71296,810
2021-06-12,Del Norte,015,27424,1438,1412,13,1425,8
2021-06-12,El Dorado,017,186661,10373,10320,745,11065,113
2021-06-12,Fresno,019,978130,103243,102783,8783,111566,1720
2021-06-12,Glenn,021,27897,2440,2425,565,2990,19
2021-06-12,Humboldt,023,135768,4406,4396,39,4435,42
2021-06-12,Imperial,025,180216,28715,28799,2864,31663,741
2021-06-12,Inyo,027,18085,1406,1405,12,1417,35
2021-06-12,Kern,029,883053,97681,96731,11089,107820,1337
2021-06-12,Kings,031,150075,23229,23067,1098,24165,245
2021-06-12,Lake,033,64148,3567,3552,9,3561,45
2021-06-12,Lassen,035,31185,5247,5208,116,5324,19
2021-06-12,Los Angeles,037,10098052,1207732,1204439,41970,1246409,24434
2021-06-12,Madera,039,155013,16713,16586,941,17527,240
2021-06-12,Marin,041,260295,14153,14121,267,14388,229
2021-06-12,Mariposa,043,17540,437,434,11,445,5
2021-06-12,Mendocino,045,87422,4107,4024,81,4105,49
2021-06-12,Merced,047,269075,31214,31236,997,32233,461
2021-06-12,Modoc,049,8938,399,382,142,524,3
2021-06-12,Mono,051,14174,1261,1275,16,1291,3
2021-06-12,Monterey,053,433212,43292,43103,1885,44988,415
2021-06-12,Napa,055,140530,9983,9986,38,10024,80
2021-06-12,Nevada,057,99092,4913,4878,195,5073,72
2021-06-12,Orange,059,3164182,256010,255004,11467,266471,5103
2021-06-12,Placer,061,380077,23580,23345,1534,24879,295
2021-06-12,Plumas,063,18699,713,696,11,707,4
2021-06-12,Riverside,065,2383286,294914,289413,14144,303557,4453
2021-06-12,Sacramento,067,1510023,107416,107199,1828,109027,1658
2021-06-12,San Benito,069,59416,6087,6083,116,6199,63
2021-06-12,San Bernardino,071,2135413,294008,293375,9038,302413,4788
2021-06-12,San Diego,073,3302833,281916,281203,15154,296357,3770
2021-06-12,San Francisco,075,870044,36949,37189,1310,38499,555
2021-06-12,San Joaquin,077,732212,73717,73413,3637,77050,1398
2021-06-12,San Luis Obispo,079,281455,21421,21293,752,22045,256
2021-06-12,San Mateo,081,765935,42594,42604,478,43082,542
2021-06-12,Santa Barbara,083,443738,34669,34450,1204,35654,460
2021-06-12,Santa Clara,085,1922200,119122,119894,777,120671,2085
2021-06-12,Santa Cruz,087,273765,16266,16170,816,16986,208
2021-06-12,Shasta,089,179085,12540,12556,1630,14186,201
2021-06-12,Sierra,091,2930,59,55,12,67,0
2021-06-12,Siskiyou,093,43540,1956,1884,370,2254,25
2021-06-12,Solano,095,438530,33215,33219,566,33785,266
2021-06-12,Sonoma,097,501317,30554,30647,352,30999,323
2021-06-12,Stanislaus,099,539301,56937,56649,6012,62661,974
2021-06-12,Sutter,101,95872,9617,9603,90,9693,112
2021-06-12,Tehama,103,63373,5121,5099,585,5684,63
2021-06-12,Trinity,105,12862,487,332,97,429,3
2021-06-12,Tulare,107,460477,50371,49533,9150,58683,848
2021-06-12,Tuolumne,109,53932,4042,4105,40,4145,63
2021-06-12,Ventura,111,848112,81625,81197,3021,84218,1028
2021-06-12,Yolo,113,214977,14091,14118,338,14456,212
2021-06-12,Yuba,115,75493,6141,6120,133,6253,50
2021-06-11,Alameda,001,1643700,88852,88844,1996,90840,1278
2021-06-11,Alpine,003,1148,87,88,0,88,0
2021-06-11,Amador,005,37829,3732,3710,33,3743,46
2021-06-11,Butte,007,227075,12713,12576,1849,14425,194
2021-06-11,Calaveras,009,45235,2186,2188,14,2202,55
2021-06-11,Colusa,011,21464,1962,1964,318,2282,15
2021-06-11,Contra Costa,013,1133247,70409,69940,1305,71245,808
2021-06-11,Del Norte,015,27424,1438,1409,13,1422,8
2021-06-11,El Dorado,017,186661,10370,10316,745,11061,113
2021-06-11,Fresno,019,978130,103225,102770,8782,111552,1720
2021-06-11,Glenn,021,27897,2440,2425,565,2990,19
2021-06-11,Humboldt,023,135768,4402,4389,39,4428,42
2021-06-11,Imperial,025,180216,28710,28793,2864,31657,741
2021-06-11,Inyo,027,18085,1406,1405,12,1417,35
2021-06-11,Kern,029,883053,97669,96718,11085,107803,1340
2021-06-11,Kings,031,150075,23225,23069,1097,24166,245
2021-06-11,Lake,033,64148,3566,3550,9,3559,45
2021-06-11,Lassen,035,31185,5246,5204,116,5320,18
2021-06-11,Los Angeles,037,10098052,1207586,1204259,41956,1246215,24434
2021-06-11,Madera,039,155013,16710,16582,941,17523,240
2021-06-11,Marin,041,260295,14150,14116,267,14383,229
2021-06-11,Mariposa,043,17540,437,434,11,445,5
2021-06-11,Mendocino,045,87422,4104,4022,81,4103,49
2021-06-11,Merced,047,269075,31209,31231,997,32228,461
2021-06-11,Modoc,049,8938,399,382,141,523,3
2021-06-11,Mono,051,14174,1261,1274,16,1290,3
2021-06-11,Monterey,053,433212,43288,43097,1885,44982,415
2021-06-11,Napa,055,140530,9980,9977,38,10015,80
2021-06-11,Nevada,057,99092,4911,4873,195,5068,72
2021-06-11,Orange,059,3164182,255976,254975,11464,266439,5101
2021-06-11,Placer,061,380077,23575,23330,1534,24864,294
2021-06-11,Plumas,063,18699,713,696,11,707,4
2021-06-11,Riverside,065,2383286,294876,289376,14139,303515,4451
2021-06-11,Sacramento,067,1510023,107356,107119,1827,108946,1659
2021-06-11,San Benito,069,59416,6086,6082,116,6198,63
2021-06-11,San Bernardino,071,2135413,293972,293335,9034,302369,4788
2021-06-11,San Diego,073,3302833,281876,281144,15147,296291,3768
2021-06-11,San Francisco,075,870044,36944,37177,1310,38487,555
2021-06-11,San Joaquin,077,732212,73700,73347,3634,76981,1397
2021-06-11,San Luis Obispo,079,281455,21420,21288,752,22040,256
2021-06-11,San Mateo,081,765935,42580,42585,478,43063,542
2021-06-11,Santa Barbara,083,443738,34666,34438,1204,35642,460
2021-06-11,Santa Clara,085,1922200,119102,119860,777,120637,2083
2021-06-11,Santa Cruz,087,273765,16258,16164,816,16980,208
2021-06-11,Shasta,089,179085,12532,12550,1628,14178,201
2021-06-11,Sierra,091,2930,59,55,12,67,0
2021-06-11,Siskiyou,093,43540,1955,1882,370,2252,25
2021-06-11,Solano,095,438530,33195,33179,565,33744,266
2021-06-11,Sonoma,097,501317,30536,30624,352,30976,323
2021-06-11,Stanislaus,099,539301,56911,56617,6008,62625,974
2021-06-11,Sutter,101,95872,9614,9600,89,9689,112
2021-06-11,Tehama,103,63373,5120,5099,585,5684,63
2021-06-11,Trinity,105,12862,487,331,97,428,3
2021-06-11,Tulare,107,460477,50365,49516,9149,58665,848
2021-06-11,Tuolumne,109,53932,4039,4104,40,4144,63
2021-06-11,Ventura,111,848112,81615,81189,3021,84210,1026
2021-06-11,Yolo,113,214977,14084,14111,334,14445,212
2021-06-11,Yuba,115,75493,6137,6113,133,6246,50
2021-06-10,Alameda,001,1643700,88808,88806,1995,90801,1275
2021-06-10,Alpine,003,1148,87,88,0,88,0
2021-06-10,Amador,005,37829,3728,3709,33,3742,46
2021-06-10,Butte,007,227075,12696,12565,1849,14414,194
2021-06-10,Calaveras,009,45235,2185,2188,14,2202,55
2021-06-10,Colusa,011,21464,1960,1964,318,2282,15
2021-06-10,Contra Costa,013,1133247,70355,69876,1305,71181,807
2021-06-10,Del Norte,015,27424,1438,1405,13,1418,8
2021-06-10,El Dorado,017,186661,10363,10314,741,11055,113
2021-06-10,Fresno,019,978130,103199,102724,8781,111505,1717
2021-06-10,Glenn,021,27897,2440,2425,565,2990,19
2021-06-10,Humboldt,023,135768,4394,4384,39,4423,42
2021-06-10,Imperial,025,180216,28704,28779,2864,31643,739
2021-06-10,Inyo,027,18085,1406,1405,12,1417,35
2021-06-10,Kern,029,883053,97655,96706,11080,107786,1336
2021-06-10,Kings,031,150075,23224,23067,1097,24164,245
2021-06-10,Lake,033,64148,3561,3550,9,3559,45
2021-06-10,Lassen,035,31185,5244,5201,116,5317,18
2021-06-10,Los Angeles,037,10098052,1207421,1204110,41939,1246049,24440
2021-06-10,Madera,039,155013,16703,16581,940,17521,240
2021-06-10,Marin,041,260295,14147,14118,267,14385,229
2021-06-10,Mariposa,043,17540,435,434,11,445,5
2021-06-10,Mendocino,045,87422,4099,4016,81,4097,48
2021-06-10,Merced,047,269075,31201,31231,994,32225,461
2021-06-10,Modoc,049,8938,398,381,141,522,3
2021-06-10,Mono,051,14174,1260,1274,16,1290,3
2021-06-10,Monterey,053,433212,43282,43090,1885,44975,415
2021-06-10,Napa,055,140530,9979,9974,38,10012,80
2021-06-10,Nevada,057,99092,4906,4866,195,5061,72
2021-06-10,Orange,059,3164182,255946,254950,11457,266407,5097
2021-06-10,Placer,061,380077,23562,23296,1534,24830,293
2021-06-10,Plumas,063,18699,713,696,11,707,4
2021-06-10,Riverside,065,2383286,294834,289335,14134,303469,4450
2021-06-10,Sacramento,067,1510023,107294,107049,1827,108876,1658
2021-06-10,San Benito,069,59416,6086,6079,116,6195,63
2021-06-10,San Bernardino,071,2135413,293931,293281,9031,302312,4782
2021-06-10,San Diego,073,3302833,281818,281052,15130,296182,3766
2021-06-10,San Francisco,075,870044,36934,37159,1308,38467,552
2021-06-10,San Joaquin,077,732212,73666,73276,3633,76909,1393
2021-06-10,San Luis Obispo,079,281455,21417,21280,752,22032,256
2021-06-10,San Mateo,081,765935,42573,42562,478,43040,666
2021-06-10,Santa Barbara,083,443738,34662,34434,1204,35638,460
2021-06-10,Santa Clara,085,1922200,119067,119832,776,120608,2075
2021-06-10,Santa Cruz,087,273765,16257,16159,816,16975,208
2021-06-10,Shasta,089,179085,12522,12536,1627,14163,201
2021-06-10,Sierra,091,2930,58,55,12,67,0
2021-06-10,Siskiyou,093,43540,1955,1881,370,2251,25
2021-06-10,Solano,095,438530,33178,33150,564,33714,265
2021-06-10,Sonoma,097,501317,30501,30571,350,30921,323
2021-06-10,Stanislaus,099,539301,56890,56588,6004,62592,974
2021-06-10,Sutter,101,95872,9607,9594,89,9683,112
2021-06-10,Tehama,103,63373,5120,5096,585,5681,63
2021-06-10,Trinity,105,12862,487,331,97,428,3
2021-06-10,Tulare,107,460477,50357,49503,9149,58652,848
2021-06-10,Tuolumne,109,53932,4039,4100,40,4140,63
2021-06-10,Ventura,111,848112,81604,81172,3020,84192,1026
2021-06-10,Yolo,113,214977,14081,14107,334,14441,212
2021-06-10,Yuba,115,75493,6133,6112,133,6245,50
2021-06-09,Alameda,001,1643700,88764,88762,1994,90756,1271
2021-06-09,Alpine,003,1148,87,88,0,88,0
2021-06-09,Amador,005,37829,3724,3706,33,3739,46
2021-06-09,Butte,007,227075,12690,12555,1847,14402,194
2021-06-09,Calaveras,009,45235,2183,2184,14,2198,55
2021-06-09,Colusa,011,21464,1960,1962,317,2279,15
2021-06-09,Contra Costa,013,1133247,70318,69829,1304,71133,803
2021-06-09,Del Norte,015,27424,1434,1403,13,1416,8
2021-06-09,El Dorado,017,186661,10360,10312,740,11052,113
2021-06-09,Fresno,019,978130,103179,102690,8777,111467,1717
2021-06-09,Glenn,021,27897,2439,2424,565,2989,19
2021-06-09,Humboldt,023,135768,4389,4379,38,4417,42
2021-06-09,Imperial,025,180216,28701,28754,2864,31618,739
2021-06-09,Inyo,027,18085,1406,1405,12,1417,35
2021-06-09,Kern,029,883053,97641,96697,11071,107768,1328
2021-06-09,Kings,031,150075,23222,23061,1097,24158,245
2021-06-09,Lake,033,64148,3558,3541,9,3550,45
2021-06-09,Lassen,035,31185,5243,5200,116,5316,18
2021-06-09,Los Angeles,037,10098052,1207237,1203955,41928,1245883,24432
2021-06-09,Madera,039,155013,16698,16580,940,17520,240
2021-06-09,Marin,041,260295,14142,14114,267,14381,229
2021-06-09,Mariposa,043,17540,435,434,11,445,5
2021-06-09,Mendocino,045,87422,4093,4008,81,4089,47
2021-06-09,Merced,047,269075,31197,31225,994,32219,461
2021-06-09,Modoc,049,8938,396,377,140,517,3
2021-06-09,Mono,051,14174,1260,1274,16,1290,3
2021-06-09,Monterey,053,433212,43275,43082,1885,44967,415
2021-06-09,Napa,055,140530,9973,9971,38,10009,80
2021-06-09,Nevada,057,99092,4896,4863,194,5057,72
2021-06-09,Orange,059,3164182,255901,254893,11453,266346,5080
2021-06-09,Placer,061,380077,23543,23237,1534,24771,293
2021-06-09,Plumas,063,18699,712,697,11,708,4
2021-06-09,Riverside,065,2383286,294788,289299,14132,303431,4450
2021-06-09,Sacramento,067,1510023,107232,106971,1824,108795,1657
2021-06-09,San Benito,069,59416,6082,6078,116,6194,63
2021-06-09,San Bernardino,071,2135413,293889,293222,9031,302253,4782
2021-06-09,San Diego,073,3302833,281753,280941,15118,296059,3765
2021-06-09,San Francisco,075,870044,36921,37143,1307,38450,552
2021-06-09,San Joaquin,077,732212,73640,73232,3632,76864,1392
2021-06-09,San Luis Obispo,079,281455,21416,21259,752,22011,256
2021-06-09,San Mateo,081,765935,42557,42502,477,42979,666
2021-06-09,Santa Barbara,083,443738,34651,34422,1204,35626,460
2021-06-09,Santa Clara,085,1922200,119029,119793,775,120568,2068
2021-06-09,Santa Cruz,087,273765,16254,16155,816,16971,208
2021-06-09,Shasta,089,179085,12512,12521,1625,14146,201
2021-06-09,Sierra,091,2930,57,55,12,67,0
2021-06-09,Siskiyou,093,43540,1954,1871,370,2241,25
2021-06-09,Solano,095,438530,33162,33137,563,33700,264
2021-06-09,Sonoma,097,501317,30479,30540,350,30890,323
2021-06-09,Stanislaus,099,539301,56870,56560,6001,62561,974
2021-06-09,Sutter,101,95872,9598,9586,88,9674,111
2021-06-09,Tehama,103,63373,5119,5093,585,5678,63
2021-06-09,Trinity,105,12862,486,331,97,428,3
2021-06-09,Tulare,107,460477,50353,49496,9147,58643,847
2021-06-09,Tuolumne,109,53932,4036,4100,40,4140,63
2021-06-09,Ventura,111,848112,81594,81154,3019,84173,1026
2021-06-09,Yolo,113,214977,14079,14102,333,14435,212
2021-06-09,Yuba,115,75493,6129,6109,133,6242,50
2021-06-08,Alameda,001,1643700,88716,88731,1994,90725,1267
2021-06-08,Alpine,003,1148,87,88,0,88,0
2021-06-08,Amador,005,37829,3723,3704,33,3737,46
2021-06-08,Butte,007,227075,12684,12540,1845,14385,194
2021-06-08,Calaveras,009,45235,2182,2181,14,2195,55
2021-06-08,Colusa,011,21464,1960,1961,317,2278,15
2021-06-08,Contra Costa,013,1133247,70270,69762,1303,71065,803
2021-06-08,Del Norte,015,27424,1432,1402,13,1415,8
2021-06-08,El Dorado,017,186661,10355,10306,738,11044,113
2021-06-08,Fresno,019,978130,103154,102680,8775,111455,1717
2021-06-08,Glenn,021,27897,2438,2423,565,2988,19
2021-06-08,Humboldt,023,135768,4384,4363,38,4401,42
2021-06-08,Imperial,025,180216,28692,28752,2864,31616,738
2021-06-08,Inyo,027,18085,1406,1405,12,1417,35
2021-06-08,Kern,029,883053,97622,96671,11064,107735,1325
2021-06-08,Kings,031,150075,23221,23036,1097,24133,245
2021-06-08,Lake,033,64148,3557,3540,9,3549,45
2021-06-08,Lassen,035,31185,5243,5200,116,5316,18
2021-06-08,Los Angeles,037,10098052,1207042,1203794,41917,1245711,24426
2021-06-08,Madera,039,155013,16692,16579,939,17518,240
2021-06-08,Marin,041,260295,14140,14111,266,14377,229
2021-06-08,Mariposa,043,17540,435,434,11,445,5
2021-06-08,Mendocino,045,87422,4086,4002,81,4083,47
2021-06-08,Merced,047,269075,31189,31225,994,32219,461
2021-06-08,Modoc,049,8938,390,377,139,516,3
2021-06-08,Mono,051,14174,1260,1274,16,1290,3
2021-06-08,Monterey,053,433212,43269,43078,1884,44962,415
2021-06-08,Napa,055,140530,9969,9962,38,10000,80
2021-06-08,Nevada,057,99092,4891,4861,194,5055,72
2021-06-08,Orange,059,3164182,255859,254852,11446,266298,5078
2021-06-08,Placer,061,380077,23525,23209,1530,24739,293
2021-06-08,Plumas,063,18699,712,692,11,703,4
2021-06-08,Riverside,065,2383286,294752,289268,14124,303392,4452
2021-06-08,Sacramento,067,1510023,107170,106901,1821,108722,1654
2021-06-08,San Benito,069,59416,6080,6076,116,6192,63
2021-06-08,San Bernardino,071,2135413,293840,293186,9027,302213,4778
2021-06-08,San Diego,073,3302833,281691,280879,15109,295988,3764
2021-06-08,San Francisco,075,870044,36906,37134,1306,38440,552
2021-06-08,San Joaquin,077,732212,73596,73186,3627,76813,1390
2021-06-08,San Luis Obispo,079,281455,21410,21251,751,22002,255
2021-06-08,San Mateo,081,765935,42544,42488,477,42965,663
2021-06-08,Santa Barbara,083,443738,34647,34418,1204,35622,459
2021-06-08,Santa Clara,085,1922200,119008,119770,774,120544,2068
2021-06-08,Santa Cruz,087,273765,16251,16160,816,16976,208
2021-06-08,Shasta,089,179085,12497,12498,1625,14123,201
2021-06-08,Sierra,091,2930,57,55,12,67,0
2021-06-08,Siskiyou,093,43540,1952,1870,368,2238,21
2021-06-08,Solano,095,438530,33141,33130,563,33693,259
2021-06-08,Sonoma,097,501317,30452,30523,348,30871,323
2021-06-08,Stanislaus,099,539301,56843,56548,5999,62547,973
2021-06-08,Sutter,101,95872,9595,9581,88,9669,111
2021-06-08,Tehama,103,63373,5116,5093,585,5678,63
2021-06-08,Trinity,105,12862,486,330,96,426,3
2021-06-08,Tulare,107,460477,50341,49485,9142,58627,847
2021-06-08,Tuolumne,109,53932,4033,4099,40,4139,63
2021-06-08,Ventura,111,848112,81578,81142,3018,84160,1026
2021-06-08,Yolo,113,214977,14074,14099,332,14431,212
2021-06-08,Yuba,115,75493,6127,6103,133,6236,50
2021-06-07,Alameda,001,1643700,88659,88688,1994,90682,1267
2021-06-07,Alpine,003,1148,87,88,0,88,0
2021-06-07,Amador,005,37829,3713,3697,33,3730,46
2021-06-07,Butte,007,227075,12677,12533,1844,14377,194
2021-06-07,Calaveras,009,45235,2181,2181,14,2195,55
2021-06-07,Colusa,011,21464,1959,1960,317,2277,15
2021-06-07,Contra Costa,013,1133247,70213,69718,1302,71020,817
2021-06-07,Del Norte,015,27424,1432,1401,13,1414,8
2021-06-07,El Dorado,017,186661,10350,10305,738,11043,113
2021-06-07,Fresno,019,978130,103124,102659,8767,111426,1717
2021-06-07,Glenn,021,27897,2438,2423,565,2988,19
2021-06-07,Humboldt,023,135768,4376,4354,38,4392,42
2021-06-07,Imperial,025,180216,28690,28754,2863,31617,738
2021-06-07,Inyo,027,18085,1406,1404,12,1416,35
2021-06-07,Kern,029,883053,97606,96645,11057,107702,1324
2021-06-07,Kings,031,150075,23217,23023,1097,24120,244
2021-06-07,Lake,033,64148,3555,3540,9,3549,45
2021-06-07,Lassen,035,31185,5238,5198,116,5314,18
2021-06-07,Los Angeles,037,10098052,1206820,1203664,41903,1245567,24413
2021-06-07,Madera,039,155013,16685,16572,939,17511,240
2021-06-07,Marin,041,260295,14136,14108,265,14373,229
2021-06-07,Mariposa,043,17540,435,434,11,445,5
2021-06-07,Mendocino,045,87422,4080,3998,81,4079,47
2021-06-07,Merced,047,269075,31177,31212,993,32205,459
2021-06-07,Modoc,049,8938,389,375,136,511,3
2021-06-07,Mono,051,14174,1260,1275,16,1291,3
2021-06-07,Monterey,053,433212,43262,43077,1884,44961,415
2021-06-07,Napa,055,140530,9961,9962,38,10000,80
2021-06-07,Nevada,057,99092,4889,4860,194,5054,72
2021-06-07,Orange,059,3164182,255819,254808,11439,266247,5073
2021-06-07,Placer,061,380077,23506,23176,1528,24704,293
2021-06-07,Plumas,063,18699,712,692,11,703,4
2021-06-07,Riverside,065,2383286,294709,289232,14120,303352,4451
2021-06-07,Sacramento,067,1510023,107094,106841,1818,108659,1655
2021-06-07,San Benito,069,59416,6079,6074,116,6190,63
2021-06-07,San Bernardino,071,2135413,293802,293129,9026,302155,4775
2021-06-07,San Diego,073,3302833,281609,280808,15096,295904,3764
2021-06-07,San Francisco,075,870044,36890,37122,1306,38428,552
2021-06-07,San Joaquin,077,732212,73551,73130,3620,76750,1388
2021-06-07,San Luis Obispo,079,281455,21397,21252,751,22003,255
2021-06-07,San Mateo,081,765935,42528,42479,477,42956,664
2021-06-07,Santa Barbara,083,443738,34641,34407,1204,35611,459
2021-06-07,Santa Clara,085,1922200,118976,119743,774,120517,2066
2021-06-07,Santa Cruz,087,273765,16249,16159,816,16975,208
2021-06-07,Shasta,089,179085,12483,12483,1620,14103,200
2021-06-07,Sierra,091,2930,57,55,12,67,0
2021-06-07,Siskiyou,093,43540,1952,1869,368,2237,21
2021-06-07,Solano,095,438530,33119,33124,562,33686,258
2021-06-07,Sonoma,097,501317,30416,30504,347,30851,323
2021-06-07,Stanislaus,099,539301,56809,56521,5997,62518,972
2021-06-07,Sutter,101,95872,9591,9571,88,9659,111
2021-06-07,Tehama,103,63373,5112,5092,585,5677,63
2021-06-07,Trinity,105,12862,486,329,96,425,3
2021-06-07,Tulare,107,460477,50335,49471,9142,58613,847
2021-06-07,Tuolumne,109,53932,4032,4098,40,4138,63
2021-06-07,Ventura,111,848112,81561,81137,3017,84154,1025
2021-06-07,Yolo,113,214977,14069,14097,331,14428,211
2021-06-07,Yuba,115,75493,6125,6099,130,6229,49
2021-06-06,Alameda,001,1643700,88621,88636,1993,90629,1267
2021-06-06,Alpine,003,1148,87,88,0,88,0
2021-06-06,Amador,005,37829,3710,3696,33,3729,46
2021-06-06,Butte,007,227075,12666,12527,1843,14370,194
2021-06-06,Calaveras,009,45235,2180,2181,14,2195,55
2021-06-06,Colusa,011,21464,1957,1959,317,2276,15
2021-06-06,Contra Costa,013,1133247,70148,69659,1300,70959,817
2021-06-06,Del Norte,015,27424,1427,1401,13,1414,8
2021-06-06,El Dorado,017,186661,10343,10294,738,11032,113
2021-06-06,Fresno,019,978130,103091,102642,8764,111406,1717
2021-06-06,Glenn,021,27897,2437,2423,565,2988,19
2021-06-06,Humboldt,023,135768,4365,4353,38,4391,42
2021-06-06,Imperial,025,180216,28684,28762,2863,31625,738
2021-06-06,Inyo,027,18085,1405,1404,12,1416,35
2021-06-06,Kern,029,883053,97588,96623,11050,107673,1324
2021-06-06,Kings,031,150075,23211,23021,1097,24118,244
2021-06-06,Lake,033,64148,3555,3535,9,3544,45
2021-06-06,Lassen,035,31185,5236,5191,116,5307,18
2021-06-06,Los Angeles,037,10098052,1206621,1203539,41891,1245430,24410
2021-06-06,Madera,039,155013,16678,16567,939,17506,240
2021-06-06,Marin,041,260295,14130,14106,264,14370,229
2021-06-06,Mariposa,043,17540,434,435,11,446,5
2021-06-06,Mendocino,045,87422,4076,3993,81,4074,47
2021-06-06,Merced,047,269075,31171,31215,992,32207,459
2021-06-06,Modoc,049,8938,389,375,135,510,3
2021-06-06,Mono,051,14174,1260,1275,16,1291,3
2021-06-06,Monterey,053,433212,43257,43078,1884,44962,415
2021-06-06,Napa,055,140530,9955,9963,38,10001,80
2021-06-06,Nevada,057,99092,4882,4854,193,5047,72
2021-06-06,Orange,059,3164182,255783,254782,11434,266216,5073
2021-06-06,Placer,061,380077,23481,23156,1525,24681,293
2021-06-06,Plumas,063,18699,712,692,11,703,4
2021-06-06,Riverside,065,2383286,294670,289201,14114,303315,4451
2021-06-06,Sacramento,067,1510023,107008,106749,1817,108566,1655
2021-06-06,San Benito,069,59416,6073,6074,116,6190,63
2021-06-06,San Bernardino,071,2135413,293746,293117,9017,302134,4773
2021-06-06,San Diego,073,3302833,281529,280743,15079,295822,3764
2021-06-06,San Francisco,075,870044,36877,37118,1304,38422,552
2021-06-06,San Joaquin,077,732212,73519,73105,3616,76721,1388
2021-06-06,San Luis Obispo,079,281455,21394,21246,751,21997,255
2021-06-06,San Mateo,081,765935,42511,42457,477,42934,664
2021-06-06,Santa Barbara,083,443738,34637,34403,1203,35606,459
2021-06-06,Santa Clara,085,1922200,118954,119711,774,120485,2066
2021-06-06,Santa Cruz,087,273765,16248,16158,816,16974,208
2021-06-06,Shasta,089,179085,12468,12478,1616,14094,200
2021-06-06,Sierra,091,2930,57,55,12,67,0
2021-06-06,Siskiyou,093,43540,1949,1869,368,2237,21
2021-06-06,Solano,095,438530,33092,33093,562,33655,258
2021-06-06,Sonoma,097,501317,30385,30478,346,30824,323
2021-06-06,Stanislaus,099,539301,56767,56486,5994,62480,972
2021-06-06,Sutter,101,95872,9584,9567,88,9655,111
2021-06-06,Tehama,103,63373,5108,5092,584,5676,63
2021-06-06,Trinity,105,12862,486,328,96,424,3
2021-06-06,Tulare,107,460477,50327,49466,9137,58603,847
2021-06-06,Tuolumne,109,53932,4030,4097,40,4137,63
2021-06-06,Ventura,111,848112,81550,81130,3014,84144,1025
2021-06-06,Yolo,113,214977,14061,14089,330,14419,210
2021-06-06,Yuba,115,75493,6117,6096,130,6226,49
2021-06-05,Alameda,001,1643700,88588,88612,1993,90605,1268
2021-06-05,Alpine,003,1148,87,88,0,88,0
2021-06-05,Amador,005,37829,3710,3694,33,3727,46
2021-06-05,Butte,007,227075,12660,12514,1842,14356,194
2021-06-05,Calaveras,009,45235,2180,2181,14,2195,55
2021-06-05,Colusa,011,21464,1957,1959,317,2276,15
2021-06-05,Contra Costa,013,1133247,70119,69601,1300,70901,817
2021-06-05,Del Norte,015,27424,1427,1400,13,1413,8
2021-06-05,El Dorado,017,186661,10341,10288,737,11025,113
2021-06-05,Fresno,019,978130,103082,102626,8764,111390,1717
2021-06-05,Glenn,021,27897,2436,2423,565,2988,19
2021-06-05,Humboldt,023,135768,4360,4346,38,4384,42
2021-06-05,Imperial,025,180216,28681,28764,2862,31626,738
2021-06-05,Inyo,027,18085,1405,1405,12,1417,35
2021-06-05,Kern,029,883053,97575,96597,11046,107643,1324
2021-06-05,Kings,031,150075,23208,23017,1097,24114,244
2021-06-05,Lake,033,64148,3552,3534,9,3543,45
2021-06-05,Lassen,035,31185,5235,5191,116,5307,18
2021-06-05,Los Angeles,037,10098052,1206494,1203338,41882,1245220,24411
2021-06-05,Madera,039,155013,16674,16563,939,17502,240
2021-06-05,Marin,041,260295,14128,14101,264,14365,229
2021-06-05,Mariposa,043,17540,434,435,11,446,5
2021-06-05,Mendocino,045,87422,4073,3989,81,4070,47
2021-06-05,Merced,047,269075,31169,31212,991,32203,459
2021-06-05,Modoc,049,8938,389,375,134,509,3
2021-06-05,Mono,051,14174,1260,1274,16,1290,3
2021-06-05,Monterey,053,433212,43253,43071,1883,44954,415
2021-06-05,Napa,055,140530,9950,9960,38,9998,80
2021-06-05,Nevada,057,99092,4880,4849,193,5042,72
2021-06-05,Orange,059,3164182,255759,254752,11431,266183,5069
2021-06-05,Placer,061,380077,23465,23133,1525,24658,293
2021-06-05,Plumas,063,18699,712,692,11,703,4
2021-06-05,Riverside,065,2383286,294635,289157,14110,303267,4451
2021-06-05,Sacramento,067,1510023,106956,106688,1815,108503,1655
2021-06-05,San Benito,069,59416,6071,6074,116,6190,63
2021-06-05,San Bernardino,071,2135413,293713,293081,9015,302096,4772
2021-06-05,San Diego,073,3302833,281488,280676,15066,295742,3764
2021-06-05,San Francisco,075,870044,36868,37111,1304,38415,552
2021-06-05,San Joaquin,077,732212,73503,73078,3610,76688,1388
2021-06-05,San Luis Obispo,079,281455,21391,21236,751,21987,255
2021-06-05,San Mateo,081,765935,42501,42433,477,42910,664
2021-06-05,Santa Barbara,083,443738,34634,34399,1202,35601,459
2021-06-05,Santa Clara,085,1922200,118932,119676,772,120448,2066
2021-06-05,Santa Cruz,087,273765,16248,16154,816,16970,208
2021-06-05,Shasta,089,179085,12459,12472,1615,14087,200
2021-06-05,Sierra,091,2930,57,55,12,67,0
2021-06-05,Siskiyou,093,43540,1949,1867,368,2235,21
2021-06-05,Solano,095,438530,33077,33074,562,33636,257
2021-06-05,Sonoma,097,501317,30358,30450,344,30794,323
2021-06-05,Stanislaus,099,539301,56746,56463,5992,62455,973
2021-06-05,Sutter,101,95872,9581,9559,88,9647,111
2021-06-05,Tehama,103,63373,5107,5092,583,5675,63
2021-06-05,Trinity,105,12862,486,328,96,424,3
2021-06-05,Tulare,107,460477,50321,49463,9137,58600,847
2021-06-05,Tuolumne,109,53932,4028,4098,40,4138,63
2021-06-05,Ventura,111,848112,81541,81119,3012,84131,1025
2021-06-05,Yolo,113,214977,14059,14088,330,14418,210
2021-06-05,Yuba,115,75493,6116,6087,130,6217,49
2021-06-04,Alameda,001,1643700,88561,88585,1991,90576,1263
2021-06-04,Alpine,003,1148,87,88,0,88,0
2021-06-04,Amador,005,37829,3710,3690,33,3723,46
2021-06-04,Butte,007,227075,12649,12494,1839,14333,193
2021-06-04,Calaveras,009,45235,2180,2179,14,2193,55
2021-06-04,Colusa,011,21464,1957,1959,317,2276,15
2021-06-04,Contra Costa,013,1133247,70084,69540,1297,70837,816
2021-06-04,Del Norte,015,27424,1427,1398,13,1411,8
2021-06-04,El Dorado,017,186661,10337,10284,735,11019,112
2021-06-04,Fresno,019,978130,103066,102601,8764,111365,1712
2021-06-04,Glenn,021,27897,2436,2423,564,2987,19
2021-06-04,Humboldt,023,135768,4355,4327,38,4365,42
2021-06-04,Imperial,025,180216,28677,28753,2862,31615,738
2021-06-04,Inyo,027,18085,1405,1404,12,1416,35
2021-06-04,Kern,029,883053,97557,96573,11044,107617,1327
2021-06-04,Kings,031,150075,23207,23002,1097,24099,244
2021-06-04,Lake,033,64148,3550,3528,9,3537,45
2021-06-04,Lassen,035,31185,5235,5180,116,5296,18
2021-06-04,Los Angeles,037,10098052,1206370,1203106,41873,1244979,24400
2021-06-04,Madera,039,155013,16672,16557,939,17496,240
2021-06-04,Marin,041,260295,14127,14099,263,14362,229
2021-06-04,Mariposa,043,17540,434,435,11,446,5
2021-06-04,Mendocino,045,87422,4064,3983,81,4064,47
2021-06-04,Merced,047,269075,31164,31204,990,32194,459
2021-06-04,Modoc,049,8938,387,375,134,509,3
2021-06-04,Mono,051,14174,1260,1275,16,1291,3
2021-06-04,Monterey,053,433212,43249,43068,1883,44951,415
2021-06-04,Napa,055,140530,9946,9958,38,9996,80
2021-06-04,Nevada,057,99092,4876,4844,193,5037,72
2021-06-04,Orange,059,3164182,255722,254730,11428,266158,5059
2021-06-04,Placer,061,380077,23449,23110,1524,24634,293
2021-06-04,Plumas,063,18699,712,691,11,702,4
2021-06-04,Riverside,065,2383286,294609,289098,14106,303204,4452
2021-06-04,Sacramento,067,1510023,106902,106616,1814,108430,1654
2021-06-04,San Benito,069,59416,6069,6073,116,6189,63
2021-06-04,San Bernardino,071,2135413,293690,293056,9013,302069,4768
2021-06-04,San Diego,073,3302833,281445,280556,15059,295615,3763
2021-06-04,San Francisco,075,870044,36863,37079,1303,38382,551
2021-06-04,San Joaquin,077,732212,73484,73039,3608,76647,1388
2021-06-04,San Luis Obispo,079,281455,21388,21234,750,21984,255
2021-06-04,San Mateo,081,765935,42489,42413,477,42890,478
2021-06-04,Santa Barbara,083,443738,34628,34402,1201,35603,459
2021-06-04,Santa Clara,085,1922200,118902,119619,772,120391,2065
2021-06-04,Santa Cruz,087,273765,16246,16150,816,16966,207
2021-06-04,Shasta,089,179085,12453,12458,1610,14068,200
2021-06-04,Sierra,091,2930,57,55,12,67,0
2021-06-04,Siskiyou,093,43540,1948,1865,368,2233,21
2021-06-04,Solano,095,438530,33066,33058,562,33620,256
2021-06-04,Sonoma,097,501317,30337,30411,344,30755,323
2021-06-04,Stanislaus,099,539301,56723,56442,5989,62431,973
2021-06-04,Sutter,101,95872,9576,9554,88,9642,111
2021-06-04,Tehama,103,63373,5102,5090,583,5673,63
2021-06-04,Trinity,105,12862,486,328,96,424,3
2021-06-04,Tulare,107,460477,50312,49452,9135,58587,847
2021-06-04,Tuolumne,109,53932,4027,4095,40,4135,63
2021-06-04,Ventura,111,848112,81534,81104,3010,84114,1023
2021-06-04,Yolo,113,214977,14057,14083,330,14413,210
2021-06-04,Yuba,115,75493,6113,6084,130,6214,49
2021-06-03,Alameda,001,1643700,88523,88555,1988,90543,1257
2021-06-03,Alpine,003,1148,87,88,0,88,0
2021-06-03,Amador,005,37829,3702,3688,33,3721,46
2021-06-03,Butte,007,227075,12645,12478,1838,14316,193
2021-06-03,Calaveras,009,45235,2180,2179,14,2193,55
2021-06-03,Colusa,011,21464,1957,1957,317,2274,15
2021-06-03,Contra Costa,013,1133247,70030,69500,1292,70792,816
2021-06-03,Del Norte,015,27424,1425,1397,13,1410,8
2021-06-03,El Dorado,017,186661,10331,10284,732,11016,112
2021-06-03,Fresno,019,978130,103049,102566,8764,111330,1709
2021-06-03,Glenn,021,27897,2436,2421,564,2985,19
2021-06-03,Humboldt,023,135768,4347,4314,38,4352,42
2021-06-03,Imperial,025,180216,28665,28737,2862,31599,738
2021-06-03,Inyo,027,18085,1405,1404,12,1416,35
2021-06-03,Kern,029,883053,97530,96507,11030,107537,1326
2021-06-03,Kings,031,150075,23203,22982,1097,24079,244
2021-06-03,Lake,033,64148,3548,3526,9,3535,45
2021-06-03,Lassen,035,31185,5226,5177,116,5293,12
2021-06-03,Los Angeles,037,10098052,1206195,1202923,41865,1244788,24386
2021-06-03,Madera,039,155013,16665,16554,939,17493,240
2021-06-03,Marin,041,260295,14122,14095,263,14358,230
2021-06-03,Mariposa,043,17540,434,435,11,446,5
2021-06-03,Mendocino,045,87422,4057,3978,81,4059,47
2021-06-03,Merced,047,269075,31161,31199,990,32189,459
2021-06-03,Modoc,049,8938,386,376,133,509,3
2021-06-03,Mono,051,14174,1260,1275,16,1291,3
2021-06-03,Monterey,053,433212,43246,43063,1883,44946,415
2021-06-03,Napa,055,140530,9939,9957,38,9995,81
2021-06-03,Nevada,057,99092,4872,4837,193,5030,72
2021-06-03,Orange,059,3164182,255694,254676,11418,266094,5056
2021-06-03,Placer,061,380077,23440,23100,1523,24623,293
2021-06-03,Plumas,063,18699,712,691,11,702,4
2021-06-03,Riverside,065,2383286,294554,289035,14102,303137,4447
2021-06-03,Sacramento,067,1510023,106824,106526,1812,108338,1654
2021-06-03,San Benito,069,59416,6069,6073,116,6189,63
2021-06-03,San Bernardino,071,2135413,293658,293021,9013,302034,4762
2021-06-03,San Diego,073,3302833,281382,280430,15049,295479,3761
2021-06-03,San Francisco,075,870044,36857,37072,1303,38375,551
2021-06-03,San Joaquin,077,732212,73456,72989,3604,76593,1388
2021-06-03,San Luis Obispo,079,281455,21383,21224,750,21974,255
2021-06-03,San Mateo,081,765935,42476,42396,477,42873,467
2021-06-03,Santa Barbara,083,443738,34625,34391,1201,35592,459
2021-06-03,Santa Clara,085,1922200,118880,119592,770,120362,2058
2021-06-03,Santa Cruz,087,273765,16244,16144,816,16960,207
2021-06-03,Shasta,089,179085,12438,12441,1607,14048,199
2021-06-03,Sierra,091,2930,57,55,12,67,0
2021-06-03,Siskiyou,093,43540,1948,1862,367,2229,21
2021-06-03,Solano,095,438530,33052,33019,562,33581,256
2021-06-03,Sonoma,097,501317,30315,30383,343,30726,322
2021-06-03,Stanislaus,099,539301,56691,56401,5983,62384,973
2021-06-03,Sutter,101,95872,9567,9539,88,9627,111
2021-06-03,Tehama,103,63373,5102,5087,583,5670,63
2021-06-03,Trinity,105,12862,486,328,96,424,3
2021-06-03,Tulare,107,460477,50309,49442,9131,58573,848
2021-06-03,Tuolumne,109,53932,4025,4095,40,4135,63
2021-06-03,Ventura,111,848112,81522,81078,3008,84086,1023
2021-06-03,Yolo,113,214977,14053,14078,327,14405,210
2021-06-03,Yuba,115,75493,6106,6077,130,6207,49
2021-06-02,Alameda,001,1643700,88478,88525,1986,90511,1254
2021-06-02,Alpine,003,1148,87,88,0,88,0
2021-06-02,Amador,005,37829,3700,3687,33,3720,46
2021-06-02,Butte,007,227075,12625,12432,1835,14267,193
2021-06-02,Calaveras,009,45235,2177,2174,14,2188,55
2021-06-02,Colusa,011,21464,1956,1957,317,2274,15
2021-06-02,Contra Costa,013,1133247,69979,69455,1290,70745,814
2021-06-02,Del Norte,015,27424,1423,1395,13,1408,8
2021-06-02,El Dorado,017,186661,10327,10275,732,11007,110
2021-06-02,Fresno,019,978130,103025,102547,8761,111308,1707
2021-06-02,Glenn,021,27897,2436,2421,564,2985,19
2021-06-02,Humboldt,023,135768,4332,4302,38,4340,42
2021-06-02,Imperial,025,180216,28659,28737,2861,31598,738
2021-06-02,Inyo,027,18085,1404,1403,12,1415,35
2021-06-02,Kern,029,883053,97503,96481,11022,107503,1326
2021-06-02,Kings,031,150075,23201,22981,1097,24078,244
2021-06-02,Lake,033,64148,3543,3522,9,3531,45
2021-06-02,Lassen,035,31185,5225,5177,116,5293,6
2021-06-02,Los Angeles,037,10098052,1205992,1202760,41855,1244615,24375
2021-06-02,Madera,039,155013,16657,16550,939,17489,240
2021-06-02,Marin,041,260295,14120,14091,263,14354,229
2021-06-02,Mariposa,043,17540,434,434,11,445,5
2021-06-02,Mendocino,045,87422,4051,3970,81,4051,47
2021-06-02,Merced,047,269075,31148,31195,989,32184,458
2021-06-02,Modoc,049,8938,385,375,132,507,3
2021-06-02,Mono,051,14174,1260,1275,16,1291,3
2021-06-02,Monterey,053,433212,43244,43056,1883,44939,380
2021-06-02,Napa,055,140530,9938,9953,38,9991,82
2021-06-02,Nevada,057,99092,4869,4833,193,5026,72
2021-06-02,Orange,059,3164182,255646,254637,11413,266050,5055
2021-06-02,Placer,061,380077,23419,23058,1521,24579,293
2021-06-02,Plumas,063,18699,712,690,11,701,4
2021-06-02,Riverside,065,2383286,294495,289012,14092,303104,4445
2021-06-02,Sacramento,067,1510023,106759,106435,1806,108241,1649
2021-06-02,San Benito,069,59416,6068,6073,116,6189,63
2021-06-02,San Bernardino,071,2135413,293610,293004,9008,302012,4760
2021-06-02,San Diego,073,3302833,281302,280347,15028,295375,3760
2021-06-02,San Francisco,075,870044,36837,37050,1302,38352,550
2021-06-02,San Joaquin,077,732212,73425,72893,3601,76494,1387
2021-06-02,San Luis Obispo,079,281455,21376,21214,749,21963,255
2021-06-02,San Mateo,081,765935,42466,42383,476,42859,464
2021-06-02,Santa Barbara,083,443738,34619,34381,1201,35582,456
2021-06-02,Santa Clara,085,1922200,118852,119553,769,120322,2058
2021-06-02,Santa Cruz,087,273765,16241,16144,816,16960,207
2021-06-02,Shasta,089,179085,12420,12426,1602,14028,199
2021-06-02,Sierra,091,2930,57,55,12,67,0
2021-06-02,Siskiyou,093,43540,1948,1861,365,2226,21
2021-06-02,Solano,095,438530,33040,33007,561,33568,256
2021-06-02,Sonoma,097,501317,30296,30359,338,30697,322
2021-06-02,Stanislaus,099,539301,56662,56377,5978,62355,973
2021-06-02,Sutter,101,95872,9564,9533,88,9621,111
2021-06-02,Tehama,103,63373,5099,5081,583,5664,63
2021-06-02,Trinity,105,12862,484,328,96,424,3
2021-06-02,Tulare,107,460477,50301,49434,9127,58561,846
2021-06-02,Tuolumne,109,53932,4024,4095,40,4135,63
2021-06-02,Ventura,111,848112,81497,81033,3008,84041,1020
2021-06-02,Yolo,113,214977,14050,14074,326,14400,210
2021-06-02,Yuba,115,75493,6100,6072,130,6202,48
2021-06-01,Alameda,001,1643700,88444,88472,1984,90456,1253
2021-06-01,Alpine,003,1148,87,88,0,88,0
2021-06-01,Amador,005,37829,3698,3687,33,3720,46
2021-06-01,Butte,007,227075,12611,12427,1834,14261,193
2021-06-01,Calaveras,009,45235,2175,2173,14,2187,55
2021-06-01,Colusa,011,21464,1955,1955,316,2271,15
2021-06-01,Contra Costa,013,1133247,69922,69404,1290,70694,813
2021-06-01,Del Norte,015,27424,1422,1394,13,1407,8
2021-06-01,El Dorado,017,186661,10321,10271,732,11003,110
2021-06-01,Fresno,019,978130,103001,102534,8758,111292,1706
2021-06-01,Glenn,021,27897,2436,2422,564,2986,18
2021-06-01,Humboldt,023,135768,4322,4299,38,4337,42
2021-06-01,Imperial,025,180216,28655,28722,2859,31581,736
2021-06-01,Inyo,027,18085,1404,1403,12,1415,35
2021-06-01,Kern,029,883053,97476,96477,11014,107491,1319
2021-06-01,Kings,031,150075,23197,22977,1097,24074,244
2021-06-01,Lake,033,64148,3542,3523,9,3532,45
2021-06-01,Lassen,035,31185,5218,5172,116,5288,6
2021-06-01,Los Angeles,037,10098052,1205757,1202673,41842,1244515,24367
2021-06-01,Madera,039,155013,16648,16549,938,17487,240
2021-06-01,Marin,041,260295,14118,14081,263,14344,229
2021-06-01,Mariposa,043,17540,434,431,11,442,5
2021-06-01,Mendocino,045,87422,4044,3966,81,4047,47
2021-06-01,Merced,047,269075,31138,31195,989,32184,456
2021-06-01,Modoc,049,8938,383,375,132,507,3
2021-06-01,Mono,051,14174,1260,1275,16,1291,3
2021-06-01,Monterey,053,433212,43238,43051,1883,44934,379
2021-06-01,Napa,055,140530,9936,9949,38,9987,82
2021-06-01,Nevada,057,99092,4864,4825,193,5018,72
2021-06-01,Orange,059,3164182,255610,254603,11405,266008,5051
2021-06-01,Placer,061,380077,23389,23021,1519,24540,293
2021-06-01,Plumas,063,18699,711,690,11,701,4
2021-06-01,Riverside,065,2383286,294443,288996,14086,303082,4442
2021-06-01,Sacramento,067,1510023,106687,106330,1804,108134,1644
2021-06-01,San Benito,069,59416,6067,6073,115,6188,63
2021-06-01,San Bernardino,071,2135413,293586,292990,9007,301997,4758
2021-06-01,San Diego,073,3302833,281198,280305,15011,295316,3756
2021-06-01,San Francisco,075,870044,36821,37031,1302,38333,550
2021-06-01,San Joaquin,077,732212,73393,72858,3599,76457,1383
2021-06-01,San Luis Obispo,079,281455,21371,21217,749,21966,256
2021-06-01,San Mateo,081,765935,42449,42383,475,42858,462
2021-06-01,Santa Barbara,083,443738,34615,34374,1201,35575,456
2021-06-01,Santa Clara,085,1922200,118824,119528,769,120297,2057
2021-06-01,Santa Cruz,087,273765,16237,16143,815,16958,207
2021-06-01,Shasta,089,179085,12411,12409,1597,14006,199
2021-06-01,Sierra,091,2930,57,55,12,67,0
2021-06-01,Siskiyou,093,43540,1941,1860,364,2224,21
2021-06-01,Solano,095,438530,33015,32974,560,33534,256
2021-06-01,Sonoma,097,501317,30257,30324,337,30661,322
2021-06-01,Stanislaus,099,539301,56637,56348,5976,62324,973
2021-06-01,Sutter,101,95872,9557,9528,88,9616,111
2021-06-01,Tehama,103,63373,5097,5079,583,5662,63
2021-06-01,Trinity,105,12862,483,328,95,423,3
2021-06-01,Tulare,107,460477,50293,49419,9123,58542,845
2021-06-01,Tuolumne,109,53932,4024,4094,40,4134,63
2021-06-01,Ventura,111,848112,81481,81018,3007,84025,1021
2021-06-01,Yolo,113,214977,14044,14067,326,14393,210
2021-06-01,Yuba,115,75493,6096,6067,130,6197,48
2021-05-31,Alameda,001,1643700,88406,88458,1980,90438,1253
2021-05-31,Alpine,003,1148,87,88,0,88,0
2021-05-31,Amador,005,37829,3692,3687,33,3720,46
2021-05-31,Butte,007,227075,12598,12429,1834,14263,193
2021-05-31,Calaveras,009,45235,2174,2171,14,2185,55
2021-05-31,Colusa,011,21464,1955,1956,315,2271,15
2021-05-31,Contra Costa,013,1133247,69885,69390,1288,70678,813
2021-05-31,Del Norte,015,27424,1419,1394,13,1407,8
2021-05-31,El Dorado,017,186661,10315,10271,730,11001,110
2021-05-31,Fresno,019,978130,102964,102507,8758,111265,1706
2021-05-31,Glenn,021,27897,2435,2422,563,2985,18
2021-05-31,Humboldt,023,135768,4310,4295,38,4333,42
2021-05-31,Imperial,025,180216,28649,28732,2855,31587,736
2021-05-31,Inyo,027,18085,1403,1403,12,1415,35
2021-05-31,Kern,029,883053,97440,96457,11005,107462,1319
2021-05-31,Kings,031,150075,23193,22977,1097,24074,244
2021-05-31,Lake,033,64148,3537,3523,9,3532,45
2021-05-31,Lassen,035,31185,5216,5172,115,5287,6
2021-05-31,Los Angeles,037,10098052,1205516,1202567,41834,1244401,24364
2021-05-31,Madera,039,155013,16647,16543,937,17480,240
2021-05-31,Marin,041,260295,14116,14080,263,14343,229
2021-05-31,Mariposa,043,17540,434,430,11,441,5
2021-05-31,Mendocino,045,87422,4034,3961,81,4042,47
2021-05-31,Merced,047,269075,31133,31194,989,32183,456
2021-05-31,Modoc,049,8938,382,374,132,506,3
2021-05-31,Mono,051,14174,1260,1275,16,1291,3
2021-05-31,Monterey,053,433212,43234,43051,1883,44934,379
2021-05-31,Napa,055,140530,9929,9948,38,9986,82
2021-05-31,Nevada,057,99092,4854,4823,192,5015,72
2021-05-31,Orange,059,3164182,255583,254572,11398,265970,5051
2021-05-31,Placer,061,380077,23362,23019,1514,24533,293
2021-05-31,Plumas,063,18699,710,690,11,701,4
2021-05-31,Riverside,065,2383286,294386,288970,14074,303044,4442
2021-05-31,Sacramento,067,1510023,106590,106278,1798,108076,1644
2021-05-31,San Benito,069,59416,6067,6072,115,6187,63
2021-05-31,San Bernardino,071,2135413,293538,292973,9006,301979,4758
2021-05-31,San Diego,073,3302833,281094,280254,14999,295253,3756
2021-05-31,San Francisco,075,870044,36806,37022,1301,38323,550
2021-05-31,San Joaquin,077,732212,73345,72856,3593,76449,1383
2021-05-31,San Luis Obispo,079,281455,21363,21215,749,21964,256
2021-05-31,San Mateo,081,765935,42433,42389,475,42864,442
2021-05-31,Santa Barbara,083,443738,34602,34369,1199,35568,456
2021-05-31,Santa Clara,085,1922200,118780,119515,769,120284,2057
2021-05-31,Santa Cruz,087,273765,16234,16139,815,16954,207
2021-05-31,Shasta,089,179085,12395,12408,1594,14002,199
2021-05-31,Sierra,091,2930,57,55,12,67,0
2021-05-31,Siskiyou,093,43540,1940,1856,363,2219,21
2021-05-31,Solano,095,438530,32964,32973,560,33533,256
2021-05-31,Sonoma,097,501317,30214,30314,337,30651,322
2021-05-31,Stanislaus,099,539301,56587,56335,5973,62308,973
2021-05-31,Sutter,101,95872,9538,9523,88,9611,111
2021-05-31,Tehama,103,63373,5095,5076,582,5658,63
2021-05-31,Trinity,105,12862,483,328,95,423,3
2021-05-31,Tulare,107,460477,50282,49404,9118,58522,845
2021-05-31,Tuolumne,109,53932,4022,4095,40,4135,63
2021-05-31,Ventura,111,848112,81466,81017,3004,84021,1021
2021-05-31,Yolo,113,214977,14040,14064,326,14390,210
2021-05-31,Yuba,115,75493,6090,6063,127,6190,48
2021-05-30,Alameda,001,1643700,88382,88429,1980,90409,1253
2021-05-30,Alpine,003,1148,87,88,0,88,0
2021-05-30,Amador,005,37829,3688,3685,33,3718,46
2021-05-30,Butte,007,227075,12588,12427,1832,14259,190
2021-05-30,Calaveras,009,45235,2171,2166,14,2180,55
2021-05-30,Colusa,011,21464,1955,1954,315,2269,15
2021-05-30,Contra Costa,013,1133247,69851,69381,1286,70667,813
2021-05-30,Del Norte,015,27424,1418,1393,13,1406,8
2021-05-30,El Dorado,017,186661,10312,10271,730,11001,110
2021-05-30,Fresno,019,978130,102947,102499,8754,111253,1706
2021-05-30,Glenn,021,27897,2435,2422,562,2984,18
2021-05-30,Humboldt,023,135768,4301,4291,38,4329,42
2021-05-30,Imperial,025,180216,28644,28732,2854,31586,736
2021-05-30,Inyo,027,18085,1403,1403,12,1415,35
2021-05-30,Kern,029,883053,97424,96443,11002,107445,1319
2021-05-30,Kings,031,150075,23192,22974,1096,24070,244
2021-05-30,Lake,033,64148,3537,3517,9,3526,45
2021-05-30,Lassen,035,31185,5214,5171,115,5286,6
2021-05-30,Los Angeles,037,10098052,1205408,1202425,41827,1244252,24360
2021-05-30,Madera,039,155013,16643,16538,937,17475,240
2021-05-30,Marin,041,260295,14112,14083,262,14345,229
2021-05-30,Mariposa,043,17540,434,430,11,441,5
2021-05-30,Mendocino,045,87422,4027,3955,81,4036,47
2021-05-30,Merced,047,269075,31129,31189,988,32177,456
2021-05-30,Modoc,049,8938,382,374,132,506,3
2021-05-30,Mono,051,14174,1260,1275,16,1291,3
2021-05-30,Monterey,053,433212,43231,43049,1883,44932,379
2021-05-30,Napa,055,140530,9928,9948,38,9986,82
2021-05-30,Nevada,057,99092,4848,4818,192,5010,72
2021-05-30,Orange,059,3164182,255560,254559,11397,265956,5051
2021-05-30,Placer,061,380077,23356,23016,1514,24530,293
2021-05-30,Plumas,063,18699,708,690,11,701,4
2021-05-30,Riverside,065,2383286,294365,288961,14072,303033,4442
2021-05-30,Sacramento,067,1510023,106545,106252,1796,108048,1644
2021-05-30,San Benito,069,59416,6067,6072,115,6187,63
2021-05-30,San Bernardino,071,2135413,293512,292981,9005,301986,4758
2021-05-30,San Diego,073,3302833,281038,280209,14994,295203,3756
2021-05-30,San Francisco,075,870044,36787,37016,1301,38317,550
2021-05-30,San Joaquin,077,732212,73328,72853,3592,76445,1383
2021-05-30,San Luis Obispo,079,281455,21354,21211,748,21959,256
2021-05-30,San Mateo,081,765935,42425,42386,475,42861,439
2021-05-30,Santa Barbara,083,443738,34598,34369,1199,35568,456
2021-05-30,Santa Clara,085,1922200,118758,119510,765,120275,2057
2021-05-30,Santa Cruz,087,273765,16232,16140,815,16955,207
2021-05-30,Shasta,089,179085,12393,12408,1591,13999,199
2021-05-30,Sierra,091,2930,57,55,12,67,0
2021-05-30,Siskiyou,093,43540,1940,1856,363,2219,21
2021-05-30,Solano,095,438530,32953,32952,559,33511,256
2021-05-30,Sonoma,097,501317,30197,30310,336,30646,322
2021-05-30,Stanislaus,099,539301,56568,56323,5972,62295,973
2021-05-30,Sutter,101,95872,9537,9519,87,9606,111
2021-05-30,Tehama,103,63373,5095,5073,582,5655,63
2021-05-30,Trinity,105,12862,483,328,95,423,3
2021-05-30,Tulare,107,460477,50275,49397,9109,58506,845
2021-05-30,Tuolumne,109,53932,4022,4094,40,4134,63
2021-05-30,Ventura,111,848112,81462,81012,3003,84015,1021
2021-05-30,Yolo,113,214977,14035,14059,325,14384,210
2021-05-30,Yuba,115,75493,6083,6063,126,6189,48
2021-05-29,Alameda,001,1643700,88359,88433,1978,90411,1253
2021-05-29,Alpine,003,1148,87,88,0,88,0
2021-05-29,Amador,005,37829,3687,3683,33,3716,46
2021-05-29,Butte,007,227075,12582,12425,1832,14257,190
2021-05-29,Calaveras,009,45235,2170,2166,14,2180,55
2021-05-29,Colusa,011,21464,1952,1954,315,2269,15
2021-05-29,Contra Costa,013,1133247,69818,69351,1286,70637,813
2021-05-29,Del Norte,015,27424,1418,1391,13,1404,8
2021-05-29,El Dorado,017,186661,10311,10269,728,10997,110
2021-05-29,Fresno,019,978130,102935,102470,8751,111221,1706
2021-05-29,Glenn,021,27897,2435,2422,561,2983,18
2021-05-29,Humboldt,023,135768,4295,4283,38,4321,42
2021-05-29,Imperial,025,180216,28641,28729,2853,31582,736
2021-05-29,Inyo,027,18085,1403,1404,12,1416,35
2021-05-29,Kern,029,883053,97413,96424,10989,107413,1319
2021-05-29,Kings,031,150075,23191,22970,1095,24065,244
2021-05-29,Lake,033,64148,3537,3515,9,3524,45
2021-05-29,Lassen,035,31185,5214,5171,115,5286,6
2021-05-29,Los Angeles,037,10098052,1205285,1202264,41823,1244087,24359
2021-05-29,Madera,039,155013,16641,16535,937,17472,240
2021-05-29,Marin,041,260295,14108,14071,261,14332,229
2021-05-29,Mariposa,043,17540,433,428,11,439,5
2021-05-29,Mendocino,045,87422,4021,3952,81,4033,47
2021-05-29,Merced,047,269075,31117,31187,988,32175,456
2021-05-29,Modoc,049,8938,382,374,132,506,3
2021-05-29,Mono,051,14174,1260,1275,16,1291,3
2021-05-29,Monterey,053,433212,43229,43042,1883,44925,379
2021-05-29,Napa,055,140530,9925,9948,38,9986,82
2021-05-29,Nevada,057,99092,4847,4816,192,5008,72
2021-05-29,Orange,059,3164182,255538,254537,11387,265924,5049
2021-05-29,Placer,061,380077,23341,23009,1513,24522,293
2021-05-29,Plumas,063,18699,708,689,11,700,4
2021-05-29,Riverside,065,2383286,294345,288908,14071,302979,4442
2021-05-29,Sacramento,067,1510023,106515,106218,1795,108013,1643
2021-05-29,San Benito,069,59416,6066,6072,115,6187,63
2021-05-29,San Bernardino,071,2135413,293480,292961,9004,301965,4757
2021-05-29,San Diego,073,3302833,280979,280151,14989,295140,3756
2021-05-29,San Francisco,075,870044,36778,37008,1301,38309,550
2021-05-29,San Joaquin,077,732212,73312,72827,3590,76417,1383
2021-05-29,San Luis Obispo,079,281455,21352,21201,748,21949,256
2021-05-29,San Mateo,081,765935,42418,42375,474,42849,439
2021-05-29,Santa Barbara,083,443738,34594,34367,1199,35566,456
2021-05-29,Santa Clara,085,1922200,118734,119498,764,120262,2056
2021-05-29,Santa Cruz,087,273765,16231,16137,815,16952,207
2021-05-29,Shasta,089,179085,12385,12401,1590,13991,199
2021-05-29,Sierra,091,2930,57,55,12,67,0
2021-05-29,Siskiyou,093,43540,1935,1856,363,2219,21
2021-05-29,Solano,095,438530,32944,32917,559,33476,256
2021-05-29,Sonoma,097,501317,30174,30298,335,30633,322
2021-05-29,Stanislaus,099,539301,56548,56305,5970,62275,974
2021-05-29,Sutter,101,95872,9533,9516,87,9603,111
2021-05-29,Tehama,103,63373,5094,5070,582,5652,63
2021-05-29,Trinity,105,12862,483,328,95,423,3
2021-05-29,Tulare,107,460477,50265,49392,9105,58497,845
2021-05-29,Tuolumne,109,53932,4022,4093,40,4133,63
2021-05-29,Ventura,111,848112,81454,81008,3003,84011,1021
2021-05-29,Yolo,113,214977,14034,14055,325,14380,210
2021-05-29,Yuba,115,75493,6083,6059,126,6185,48
2021-05-28,Alameda,001,1643700,88335,88391,1974,90365,1261
2021-05-28,Alpine,003,1148,87,88,0,88,0
2021-05-28,Amador,005,37829,3687,3680,33,3713,46
2021-05-28,Butte,007,227075,12579,12407,1831,14238,190
2021-05-28,Calaveras,009,45235,2170,2165,14,2179,55
2021-05-28,Colusa,011,21464,1952,1954,313,2267,15
2021-05-28,Contra Costa,013,1133247,69782,69290,1285,70575,813
2021-05-28,Del Norte,015,27424,1417,1390,13,1403,8
2021-05-28,El Dorado,017,186661,10308,10265,728,10993,110
2021-05-28,Fresno,019,978130,102920,102437,8751,111188,1705
2021-05-28,Glenn,021,27897,2435,2419,561,2980,18
2021-05-28,Humboldt,023,135768,4289,4265,38,4303,42
2021-05-28,Imperial,025,180216,28638,28722,2853,31575,736
2021-05-28,Inyo,027,18085,1403,1404,12,1416,35
2021-05-28,Kern,029,883053,97396,96396,10981,107377,1320
2021-05-28,Kings,031,150075,23189,22962,1095,24057,244
2021-05-28,Lake,033,64148,3535,3515,9,3524,45
2021-05-28,Lassen,035,31185,5214,5169,115,5284,6
2021-05-28,Los Angeles,037,10098052,1205175,1202103,41812,1243915,24357
2021-05-28,Madera,039,155013,16639,16530,937,17467,240
2021-05-28,Marin,041,260295,14107,14063,260,14323,229
2021-05-28,Mariposa,043,17540,433,428,11,439,5
2021-05-28,Mendocino,045,87422,4016,3947,81,4028,47
2021-05-28,Merced,047,269075,31114,31176,988,32164,455
2021-05-28,Modoc,049,8938,382,374,132,506,3
2021-05-28,Mono,051,14174,1260,1274,16,1290,3
2021-05-28,Monterey,053,433212,43228,43036,1883,44919,379
2021-05-28,Napa,055,140530,9925,9941,38,9979,82
2021-05-28,Nevada,057,99092,4845,4813,192,5005,71
2021-05-28,Orange,059,3164182,255518,254494,11385,265879,5047
2021-05-28,Placer,061,380077,23331,22987,1511,24498,293
2021-05-28,Plumas,063,18699,706,688,11,699,4
2021-05-28,Riverside,065,2383286,294323,288872,14069,302941,4442
2021-05-28,Sacramento,067,1510023,106459,106131,1793,107924,1642
2021-05-28,San Benito,069,59416,6066,6074,115,6189,63
2021-05-28,San Bernardino,071,2135413,293457,292905,9004,301909,4757
2021-05-28,San Diego,073,3302833,280916,280043,14978,295021,3756
2021-05-28,San Francisco,075,870044,36772,36987,1301,38288,546
2021-05-28,San Joaquin,077,732212,73282,72793,3588,76381,1383
2021-05-28,San Luis Obispo,079,281455,21348,21190,746,21936,256
2021-05-28,San Mateo,081,765935,42412,42364,474,42838,439
2021-05-28,Santa Barbara,083,443738,34593,34371,1199,35570,455
2021-05-28,Santa Clara,085,1922200,118710,119462,764,120226,2056
2021-05-28,Santa Cruz,087,273765,16230,16129,815,16944,207
2021-05-28,Shasta,089,179085,12376,12383,1588,13971,198
2021-05-28,Sierra,091,2930,57,54,12,66,0
2021-05-28,Siskiyou,093,43540,1933,1850,363,2213,19
2021-05-28,Solano,095,438530,32929,32892,559,33451,256
2021-05-28,Sonoma,097,501317,30155,30270,335,30605,321
2021-05-28,Stanislaus,099,539301,56525,56278,5967,62245,974
2021-05-28,Sutter,101,95872,9529,9511,87,9598,111
2021-05-28,Tehama,103,63373,5088,5064,582,5646,63
2021-05-28,Trinity,105,12862,483,328,95,423,3
2021-05-28,Tulare,107,460477,50260,49375,9095,58470,846
2021-05-28,Tuolumne,109,53932,4022,4090,40,4130,63
2021-05-28,Ventura,111,848112,81443,80985,3002,83987,1021
2021-05-28,Yolo,113,214977,14030,14050,324,14374,210
2021-05-28,Yuba,115,75493,6081,6050,125,6175,48
2021-05-27,Alameda,001,1643700,88299,88342,1973,90315,1274
2021-05-27,Alpine,003,1148,87,88,0,88,0
2021-05-27,Amador,005,37829,3684,3680,33,3713,46
2021-05-27,Butte,007,227075,12573,12401,1830,14231,190
2021-05-27,Calaveras,009,45235,2168,2163,14,2177,55
2021-05-27,Colusa,011,21464,1949,1952,313,2265,15
2021-05-27,Contra Costa,013,1133247,69740,69245,1283,70528,813
2021-05-27,Del Norte,015,27424,1417,1388,13,1401,8
2021-05-27,El Dorado,017,186661,10307,10248,728,10976,112
2021-05-27,Fresno,019,978130,102903,102413,8748,111161,1704
2021-05-27,Glenn,021,27897,2435,2415,561,2976,18
2021-05-27,Humboldt,023,135768,4281,4260,38,4298,42
2021-05-27,Imperial,025,180216,28627,28728,2853,31581,736
2021-05-27,Inyo,027,18085,1403,1404,12,1416,35
2021-05-27,Kern,029,883053,97380,96364,10973,107337,1322
2021-05-27,Kings,031,150075,23186,22953,1095,24048,245
2021-05-27,Lake,033,64148,3530,3509,9,3518,45
2021-05-27,Lassen,035,31185,5213,5170,114,5284,6
2021-05-27,Los Angeles,037,10098052,1205013,1201927,41796,1243723,24348
2021-05-27,Madera,039,155013,16630,16527,937,17464,240
2021-05-27,Marin,041,260295,14103,14061,260,14321,229
2021-05-27,Mariposa,043,17540,431,427,11,438,5
2021-05-27,Mendocino,045,87422,4010,3945,81,4026,47
2021-05-27,Merced,047,269075,31102,31161,988,32149,455
2021-05-27,Modoc,049,8938,381,374,132,506,3
2021-05-27,Mono,051,14174,1260,1276,16,1292,3
2021-05-27,Monterey,053,433212,43222,43032,1883,44915,379
2021-05-27,Napa,055,140530,9924,9934,38,9972,82
2021-05-27,Nevada,057,99092,4841,4807,190,4997,71
2021-05-27,Orange,059,3164182,255481,254438,11381,265819,5059
2021-05-27,Placer,061,380077,23322,22966,1511,24477,293
2021-05-27,Plumas,063,18699,706,687,11,698,4
2021-05-27,Riverside,065,2383286,294287,288835,14064,302899,4443
2021-05-27,Sacramento,067,1510023,106383,106015,1790,107805,1642
2021-05-27,San Benito,069,59416,6065,6074,115,6189,63
2021-05-27,San Bernardino,071,2135413,293421,292755,9002,301757,4756
2021-05-27,San Diego,073,3302833,280842,279960,14964,294924,3756
2021-05-27,San Francisco,075,870044,36766,36980,1298,38278,546
2021-05-27,San Joaquin,077,732212,73250,72714,3584,76298,1388
2021-05-27,San Luis Obispo,079,281455,21345,21171,746,21917,256
2021-05-27,San Mateo,081,765935,42403,42345,474,42819,436
2021-05-27,Santa Barbara,083,443738,34589,34355,1199,35554,456
2021-05-27,Santa Clara,085,1922200,118689,119452,764,120216,2053
2021-05-27,Santa Cruz,087,273765,16227,16134,815,16949,207
2021-05-27,Shasta,089,179085,12365,12380,1588,13968,202
2021-05-27,Sierra,091,2930,57,54,12,66,0
2021-05-27,Siskiyou,093,43540,1930,1846,363,2209,18
2021-05-27,Solano,095,438530,32888,32855,558,33413,257
2021-05-27,Sonoma,097,501317,30128,30253,331,30584,321
2021-05-27,Stanislaus,099,539301,56497,56207,5966,62173,974
2021-05-27,Sutter,101,95872,9525,9501,87,9588,111
2021-05-27,Tehama,103,63373,5085,5064,581,5645,63
2021-05-27,Trinity,105,12862,483,328,95,423,3
2021-05-27,Tulare,107,460477,50246,49366,9086,58452,840
2021-05-27,Tuolumne,109,53932,4021,4090,40,4130,66
2021-05-27,Ventura,111,848112,81430,80965,2999,83964,1023
2021-05-27,Yolo,113,214977,14027,14036,324,14360,213
2021-05-27,Yuba,115,75493,6076,6040,124,6164,48
2021-05-26,Alameda,001,1643700,88270,88297,1973,90270,1266
2021-05-26,Alpine,003,1148,87,88,0,88,0
2021-05-26,Amador,005,37829,3684,3679,33,3712,46
2021-05-26,Butte,007,227075,12564,12332,1829,14161,190
2021-05-26,Calaveras,009,45235,2167,2154,14,2168,55
2021-05-26,Colusa,011,21464,1948,1952,313,2265,15
2021-05-26,Contra Costa,013,1133247,69703,69210,1283,70493,812
2021-05-26,Del Norte,015,27424,1417,1386,12,1398,8
2021-05-26,El Dorado,017,186661,10303,10242,727,10969,112
2021-05-26,Fresno,019,978130,102871,102374,8743,111117,1702
2021-05-26,Glenn,021,27897,2434,2415,561,2976,18
2021-05-26,Humboldt,023,135768,4276,4246,38,4284,42
2021-05-26,Imperial,025,180216,28622,28712,2851,31563,734
2021-05-26,Inyo,027,18085,1403,1403,12,1415,36
2021-05-26,Kern,029,883053,97355,96343,10966,107309,1320
2021-05-26,Kings,031,150075,23182,22950,1094,24044,245
2021-05-26,Lake,033,64148,3529,3508,9,3517,45
2021-05-26,Lassen,035,31185,5212,5164,114,5278,6
2021-05-26,Los Angeles,037,10098052,1204847,1198100,41779,1239879,24221
2021-05-26,Madera,039,155013,16627,16520,937,17457,240
2021-05-26,Marin,041,260295,14100,14061,259,14320,227
2021-05-26,Mariposa,043,17540,431,427,11,438,5
2021-05-26,Mendocino,045,87422,4004,3938,81,4019,47
2021-05-26,Merced,047,269075,31093,31139,988,32127,455
2021-05-26,Modoc,049,8938,381,371,131,502,3
2021-05-26,Mono,051,14174,1260,1274,16,1290,3
2021-05-26,Monterey,053,433212,43216,43018,1882,44900,379
2021-05-26,Napa,055,140530,9917,9932,36,9968,82
2021-05-26,Nevada,057,99092,4836,4803,190,4993,70
2021-05-26,Orange,059,3164182,255445,254368,11378,265746,5058
2021-05-26,Placer,061,380077,23298,22940,1511,24451,293
2021-05-26,Plumas,063,18699,705,685,11,696,4
2021-05-26,Riverside,065,2383286,294241,288782,14057,302839,4443
2021-05-26,Sacramento,067,1510023,106297,105919,1786,107705,1637
2021-05-26,San Benito,069,59416,6065,6074,115,6189,63
2021-05-26,San Bernardino,071,2135413,293386,292662,9001,301663,4755
2021-05-26,San Diego,073,3302833,280767,279859,14954,294813,3755
2021-05-26,San Francisco,075,870044,36754,36954,1298,38252,546
2021-05-26,San Joaquin,077,732212,73209,72681,3581,76262,1388
2021-05-26,San Luis Obispo,079,281455,21340,21163,746,21909,256
2021-05-26,San Mateo,081,765935,42394,42331,474,42805,436
2021-05-26,Santa Barbara,083,443738,34580,34348,1199,35547,459
2021-05-26,Santa Clara,085,1922200,118662,119421,763,120184,2031
2021-05-26,Santa Cruz,087,273765,16226,16139,815,16954,207
2021-05-26,Shasta,089,179085,12351,12357,1585,13942,202
2021-05-26,Sierra,091,2930,57,54,12,66,0
2021-05-26,Siskiyou,093,43540,1928,1847,361,2208,18
2021-05-26,Solano,095,438530,32852,32831,558,33389,257
2021-05-26,Sonoma,097,501317,30102,30230,331,30561,321
2021-05-26,Stanislaus,099,539301,56474,56193,5963,62156,974
2021-05-26,Sutter,101,95872,9520,9495,87,9582,112
2021-05-26,Tehama,103,63373,5084,5054,578,5632,63
2021-05-26,Trinity,105,12862,483,328,95,423,3
2021-05-26,Tulare,107,460477,50239,49352,9082,58434,839
2021-05-26,Tuolumne,109,53932,4017,4088,39,4127,66
2021-05-26,Ventura,111,848112,81407,80944,2997,83941,1023
2021-05-26,Yolo,113,214977,14024,14025,324,14349,213
2021-05-26,Yuba,115,75493,6071,6036,124,6160,49
2021-05-25,Alameda,001,1643700,88239,88237,1973,90210,1263
2021-05-25,Alpine,003,1148,87,88,0,88,0
2021-05-25,Amador,005,37829,3679,3676,33,3709,46
2021-05-25,Butte,007,227075,12553,12295,1828,14123,189
2021-05-25,Calaveras,009,45235,2165,2148,14,2162,55
2021-05-25,Colusa,011,21464,1947,1949,313,2262,15
2021-05-25,Contra Costa,013,1133247,69650,69167,1278,70445,809
2021-05-25,Del Norte,015,27424,1417,1385,12,1397,8
2021-05-25,El Dorado,017,186661,10296,10240,726,10966,112
2021-05-25,Fresno,019,978130,102849,102329,8742,111071,1701
2021-05-25,Glenn,021,27897,2433,2414,560,2974,17
2021-05-25,Humboldt,023,135768,4269,4231,36,4267,42
2021-05-25,Imperial,025,180216,28615,28586,2851,31437,735
2021-05-25,Inyo,027,18085,1403,1402,12,1414,36
2021-05-25,Kern,029,883053,97324,96319,10952,107271,1319
2021-05-25,Kings,031,150075,23175,22944,1094,24038,245
2021-05-25,Lake,033,64148,3528,3508,9,3517,44
2021-05-25,Lassen,035,31185,5208,5164,114,5278,6
2021-05-25,Los Angeles,037,10098052,1204668,1197940,41760,1239700,24212
2021-05-25,Madera,039,155013,16622,16519,936,17455,240
2021-05-25,Marin,041,260295,14094,14053,259,14312,227
2021-05-25,Mariposa,043,17540,430,427,11,438,5
2021-05-25,Mendocino,045,87422,3999,3928,81,4009,47
2021-05-25,Merced,047,269075,31072,31132,988,32120,455
2021-05-25,Modoc,049,8938,380,367,131,498,3
2021-05-25,Mono,051,14174,1260,1274,16,1290,3
2021-05-25,Monterey,053,433212,43212,43012,1881,44893,379
2021-05-25,Napa,055,140530,9915,9926,36,9962,82
2021-05-25,Nevada,057,99092,4830,4795,190,4985,70
2021-05-25,Orange,059,3164182,255416,254321,11377,265698,5057
2021-05-25,Placer,061,380077,23287,22920,1509,24429,292
2021-05-25,Plumas,063,18699,705,684,11,695,4
2021-05-25,Riverside,065,2383286,294202,288725,14054,302779,4443
2021-05-25,Sacramento,067,1510023,106216,105828,1782,107610,1633
2021-05-25,San Benito,069,59416,6065,6073,115,6188,63
2021-05-25,San Bernardino,071,2135413,293326,292485,8999,301484,4755
2021-05-25,San Diego,073,3302833,280687,279786,14949,294735,3753
2021-05-25,San Francisco,075,870044,36731,36939,1298,38237,546
2021-05-25,San Joaquin,077,732212,73167,72628,3578,76206,1387
2021-05-25,San Luis Obispo,079,281455,21337,21153,746,21899,256
2021-05-25,San Mateo,081,765935,42384,42268,474,42742,435
2021-05-25,Santa Barbara,083,443738,34577,34337,1199,35536,459
2021-05-25,Santa Clara,085,1922200,118638,119393,762,120155,2032
2021-05-25,Santa Cruz,087,273765,16221,16141,815,16956,207
2021-05-25,Shasta,089,179085,12341,12328,1582,13910,202
2021-05-25,Sierra,091,2930,56,54,12,66,0
2021-05-25,Siskiyou,093,43540,1927,1845,360,2205,18
2021-05-25,Solano,095,438530,32833,32817,557,33374,256
2021-05-25,Sonoma,097,501317,30073,30207,330,30537,321
2021-05-25,Stanislaus,099,539301,56437,56168,5961,62129,974
2021-05-25,Sutter,101,95872,9516,9495,87,9582,112
2021-05-25,Tehama,103,63373,5082,5048,577,5625,63
2021-05-25,Trinity,105,12862,483,328,94,422,3
2021-05-25,Tulare,107,460477,50229,49326,9074,58400,838
2021-05-25,Tuolumne,109,53932,4017,4084,39,4123,66
2021-05-25,Ventura,111,848112,81389,80905,2997,83902,1022
2021-05-25,Yolo,113,214977,14017,14018,322,14340,213
2021-05-25,Yuba,115,75493,6064,6028,124,6152,49
2021-05-24,Alameda,001,1643700,88197,88182,1972,90154,1263
2021-05-24,Alpine,003,1148,87,88,0,88,0
2021-05-24,Amador,005,37829,3677,3675,33,3708,46
2021-05-24,Butte,007,227075,12540,12279,1825,14104,189
2021-05-24,Calaveras,009,45235,2163,2146,14,2160,54
2021-05-24,Colusa,011,21464,1947,1949,313,2262,15
2021-05-24,Contra Costa,013,1133247,69609,69107,1274,70381,809
2021-05-24,Del Norte,015,27424,1416,1384,12,1396,8
2021-05-24,El Dorado,017,186661,10286,10227,725,10952,112
2021-05-24,Fresno,019,978130,102806,102289,8741,111030,1698
2021-05-24,Glenn,021,27897,2433,2413,560,2973,17
2021-05-24,Humboldt,023,135768,4262,4225,36,4261,42
2021-05-24,Imperial,025,180216,28613,28575,2850,31425,735
2021-05-24,Inyo,027,18085,1403,1402,12,1414,36
2021-05-24,Kern,029,883053,97297,96296,10947,107243,1319
2021-05-24,Kings,031,150075,23171,22940,1094,24034,246
2021-05-24,Lake,033,64148,3526,3506,9,3515,43
2021-05-24,Lassen,035,31185,5204,5163,114,5277,6
2021-05-24,Los Angeles,037,10098052,1204494,1197782,41745,1239527,24201
2021-05-24,Madera,039,155013,16619,16513,935,17448,239
2021-05-24,Marin,041,260295,14092,14051,259,14310,227
2021-05-24,Mariposa,043,17540,429,427,11,438,5
2021-05-24,Mendocino,045,87422,3997,3919,81,4000,47
2021-05-24,Merced,047,269075,31062,31128,987,32115,455
2021-05-24,Modoc,049,8938,380,366,130,496,3
2021-05-24,Mono,051,14174,1260,1270,16,1286,3
2021-05-24,Monterey,053,433212,43207,43005,1880,44885,379
2021-05-24,Napa,055,140530,9915,9924,36,9960,82
2021-05-24,Nevada,057,99092,4827,4790,190,4980,70
2021-05-24,Orange,059,3164182,255382,254287,11367,265654,5056
2021-05-24,Placer,061,380077,23268,22895,1508,24403,292
2021-05-24,Plumas,063,18699,704,683,11,694,4
2021-05-24,Riverside,065,2383286,294145,288669,14044,302713,4442
2021-05-24,Sacramento,067,1510023,106101,105716,1780,107496,1632
2021-05-24,San Benito,069,59416,6065,6072,115,6187,63
2021-05-24,San Bernardino,071,2135413,293286,292343,8998,301341,4747
2021-05-24,San Diego,073,3302833,280578,279715,14939,294654,3749
2021-05-24,San Francisco,075,870044,36711,36934,1296,38230,547
2021-05-24,San Joaquin,077,732212,73135,72586,3577,76163,1371
2021-05-24,San Luis Obispo,079,281455,21319,21146,745,21891,256
2021-05-24,San Mateo,081,765935,42374,42249,474,42723,433
2021-05-24,Santa Barbara,083,443738,34572,34322,1199,35521,459
2021-05-24,Santa Clara,085,1922200,118606,119358,762,120120,2030
2021-05-24,Santa Cruz,087,273765,16216,16135,815,16950,207
2021-05-24,Shasta,089,179085,12324,12315,1579,13894,201
2021-05-24,Sierra,091,2930,56,54,12,66,0
2021-05-24,Siskiyou,093,43540,1924,1840,360,2200,17
2021-05-24,Solano,095,438530,32808,32792,556,33348,254
2021-05-24,Sonoma,097,501317,30058,30187,330,30517,321
2021-05-24,Stanislaus,099,539301,56403,56128,5957,62085,974
2021-05-24,Sutter,101,95872,9510,9486,87,9573,113
2021-05-24,Tehama,103,63373,5079,5043,575,5618,63
2021-05-24,Trinity,105,12862,483,328,94,422,3
2021-05-24,Tulare,107,460477,50222,49318,9070,58388,838
2021-05-24,Tuolumne,109,53932,4017,4083,39,4122,65
2021-05-24,Ventura,111,848112,81376,80876,2995,83871,1022
2021-05-24,Yolo,113,214977,14000,14012,320,14332,213
2021-05-24,Yuba,115,75493,6055,6022,124,6146,49
2021-05-23,Alameda,001,1643700,88133,88157,1969,90126,1263
2021-05-23,Alpine,003,1148,87,88,0,88,0
2021-05-23,Amador,005,37829,3676,3673,33,3706,46
2021-05-23,Butte,007,227075,12526,12271,1824,14095,189
2021-05-23,Calaveras,009,45235,2155,2144,14,2158,54
2021-05-23,Colusa,011,21464,1947,1949,311,2260,15
2021-05-23,Contra Costa,013,1133247,69564,69075,1272,70347,809
2021-05-23,Del Norte,015,27424,1412,1383,12,1395,8
2021-05-23,El Dorado,017,186661,10280,10222,725,10947,112
2021-05-23,Fresno,019,978130,102760,102270,8736,111006,1698
2021-05-23,Glenn,021,27897,2431,2413,560,2973,17
2021-05-23,Humboldt,023,135768,4245,4216,36,4252,42
2021-05-23,Imperial,025,180216,28607,28569,2848,31417,735
2021-05-23,Inyo,027,18085,1403,1402,12,1414,36
2021-05-23,Kern,029,883053,97273,96282,10939,107221,1319
2021-05-23,Kings,031,150075,23158,22939,1092,24031,246
2021-05-23,Lake,033,64148,3523,3504,9,3513,43
2021-05-23,Lassen,035,31185,5200,5163,113,5276,6
2021-05-23,Los Angeles,037,10098052,1204306,1197633,41733,1239366,24197
2021-05-23,Madera,039,155013,16613,16504,935,17439,239
2021-05-23,Marin,041,260295,14083,14048,258,14306,227
2021-05-23,Mariposa,043,17540,429,427,11,438,5
2021-05-23,Mendocino,045,87422,3991,3913,80,3993,47
2021-05-23,Merced,047,269075,31052,31118,987,32105,455
2021-05-23,Modoc,049,8938,376,366,130,496,3
2021-05-23,Mono,051,14174,1259,1270,16,1286,3
2021-05-23,Monterey,053,433212,43197,43003,1880,44883,379
2021-05-23,Napa,055,140530,9911,9923,36,9959,82
2021-05-23,Nevada,057,99092,4817,4790,190,4980,70
2021-05-23,Orange,059,3164182,255344,254277,11361,265638,5050
2021-05-23,Placer,061,380077,23248,22888,1508,24396,292
2021-05-23,Plumas,063,18699,703,683,11,694,4
2021-05-23,Riverside,065,2383286,294077,288641,14040,302681,4442
2021-05-23,Sacramento,067,1510023,105985,105663,1777,107440,1632
2021-05-23,San Benito,069,59416,6064,6072,115,6187,63
2021-05-23,San Bernardino,071,2135413,293235,292327,8997,301324,4747
2021-05-23,San Diego,073,3302833,280488,279690,14928,294618,3751
2021-05-23,San Francisco,075,870044,36700,36927,1295,38222,547
2021-05-23,San Joaquin,077,732212,73086,72571,3574,76145,1371
2021-05-23,San Luis Obispo,079,281455,21309,21141,744,21885,256
2021-05-23,San Mateo,081,765935,42357,42248,474,42722,433
2021-05-23,Santa Barbara,083,443738,34565,34319,1199,35518,459
2021-05-23,Santa Clara,085,1922200,118582,119333,762,120095,2030
2021-05-23,Santa Cruz,087,273765,16213,16130,815,16945,207
2021-05-23,Shasta,089,179085,12307,12313,1575,13888,201
2021-05-23,Sierra,091,2930,56,54,12,66,0
2021-05-23,Siskiyou,093,43540,1919,1826,353,2179,17
2021-05-23,Solano,095,438530,32790,32780,555,33335,254
2021-05-23,Sonoma,097,501317,30029,30168,329,30497,321
2021-05-23,Stanislaus,099,539301,56353,56104,5954,62058,974
2021-05-23,Sutter,101,95872,9501,9479,87,9566,113
2021-05-23,Tehama,103,63373,5072,5041,573,5614,63
2021-05-23,Trinity,105,12862,483,328,94,422,3
2021-05-23,Tulare,107,460477,50208,49310,9066,58376,838
2021-05-23,Tuolumne,109,53932,4014,4081,39,4120,65
2021-05-23,Ventura,111,848112,81346,80872,2994,83866,1022
2021-05-23,Yolo,113,214977,13988,14004,317,14321,213
2021-05-23,Yuba,115,75493,6050,6017,124,6141,49
2021-05-22,Alameda,001,1643700,88107,88101,1969,90070,1263
2021-05-22,Alpine,003,1148,87,88,0,88,0
2021-05-22,Amador,005,37829,3675,3672,33,3705,46
2021-05-22,Butte,007,227075,12514,12265,1823,14088,189
2021-05-22,Calaveras,009,45235,2150,2141,14,2155,54
2021-05-22,Colusa,011,21464,1943,1949,310,2259,15
2021-05-22,Contra Costa,013,1133247,69531,69004,1271,70275,809
2021-05-22,Del Norte,015,27424,1411,1381,12,1393,8
2021-05-22,El Dorado,017,186661,10275,10215,725,10940,112
2021-05-22,Fresno,019,978130,102746,102238,8734,110972,1698
2021-05-22,Glenn,021,27897,2431,2412,560,2972,17
2021-05-22,Humboldt,023,135768,4236,4194,35,4229,42
2021-05-22,Imperial,025,180216,28598,28574,2847,31421,735
2021-05-22,Inyo,027,18085,1403,1402,12,1414,36
2021-05-22,Kern,029,883053,97261,96260,10932,107192,1319
2021-05-22,Kings,031,150075,23158,22936,1092,24028,246
2021-05-22,Lake,033,64148,3520,3502,9,3511,43
2021-05-22,Lassen,035,31185,5200,5163,113,5276,6
2021-05-22,Los Angeles,037,10098052,1204200,1197454,41724,1239178,24192
2021-05-22,Madera,039,155013,16610,16503,935,17438,239
2021-05-22,Marin,041,260295,14080,14043,258,14301,227
2021-05-22,Mariposa,043,17540,429,427,11,438,5
2021-05-22,Mendocino,045,87422,3985,3908,80,3988,47
2021-05-22,Merced,047,269075,31042,31099,987,32086,455
2021-05-22,Modoc,049,8938,376,366,130,496,3
2021-05-22,Mono,051,14174,1257,1270,16,1286,3
2021-05-22,Monterey,053,433212,43191,42998,1880,44878,379
2021-05-22,Napa,055,140530,9909,9918,36,9954,82
2021-05-22,Nevada,057,99092,4810,4787,189,4976,70
2021-05-22,Orange,059,3164182,255323,254238,11355,265593,5048
2021-05-22,Placer,061,380077,23234,22865,1507,24372,292
2021-05-22,Plumas,063,18699,702,683,11,694,4
2021-05-22,Riverside,065,2383286,294045,288580,14039,302619,4442
2021-05-22,Sacramento,067,1510023,105910,105551,1774,107325,1632
2021-05-22,San Benito,069,59416,6064,6071,115,6186,63
2021-05-22,San Bernardino,071,2135413,293210,292292,8997,301289,4747
2021-05-22,San Diego,073,3302833,280429,279614,14920,294534,3751
2021-05-22,San Francisco,075,870044,36690,36906,1293,38199,547
2021-05-22,San Joaquin,077,732212,73064,72528,3571,76099,1371
2021-05-22,San Luis Obispo,079,281455,21301,21134,743,21877,256
2021-05-22,San Mateo,081,765935,42347,42218,474,42692,433
2021-05-22,Santa Barbara,083,443738,34561,34313,1198,35511,459
2021-05-22,Santa Clara,085,1922200,118559,119292,762,120054,2030
2021-05-22,Santa Cruz,087,273765,16213,16125,815,16940,207
2021-05-22,Shasta,089,179085,12301,12307,1572,13879,201
2021-05-22,Sierra,091,2930,56,54,12,66,0
2021-05-22,Siskiyou,093,43540,1918,1824,352,2176,17
2021-05-22,Solano,095,438530,32777,32753,555,33308,254
2021-05-22,Sonoma,097,501317,30017,30154,329,30483,321
2021-05-22,Stanislaus,099,539301,56328,56069,5952,62021,974
2021-05-22,Sutter,101,95872,9496,9476,87,9563,113
2021-05-22,Tehama,103,63373,5071,5036,573,5609,63
2021-05-22,Trinity,105,12862,483,328,94,422,3
2021-05-22,Tulare,107,460477,50202,49299,9061,58360,838
2021-05-22,Tuolumne,109,53932,4014,4078,39,4117,65
2021-05-22,Ventura,111,848112,81342,80859,2994,83853,1022
2021-05-22,Yolo,113,214977,13986,13997,317,14314,213
2021-05-22,Yuba,115,75493,6047,6010,124,6134,49
2021-05-21,Alameda,001,1643700,88081,88041,1968,90009,1263
2021-05-21,Alpine,003,1148,87,88,0,88,0
2021-05-21,Amador,005,37829,3672,3672,33,3705,46
2021-05-21,Butte,007,227075,12507,12236,1821,14057,188
2021-05-21,Calaveras,009,45235,2148,2138,14,2152,54
2021-05-21,Colusa,011,21464,1943,1947,310,2257,15
2021-05-21,Contra Costa,013,1133247,69488,68965,1270,70235,810
2021-05-21,Del Norte,015,27424,1410,1376,12,1388,8
2021-05-21,El Dorado,017,186661,10271,10204,725,10929,112
2021-05-21,Fresno,019,978130,102718,102189,8732,110921,1698
2021-05-21,Glenn,021,27897,2431,2408,560,2968,17
2021-05-21,Humboldt,023,135768,4229,4175,35,4210,42
2021-05-21,Imperial,025,180216,28591,28572,2846,31418,732
2021-05-21,Inyo,027,18085,1403,1402,12,1414,36
2021-05-21,Kern,029,883053,97247,96233,10925,107158,1318
2021-05-21,Kings,031,150075,23158,22927,1092,24019,246
2021-05-21,Lake,033,64148,3518,3500,9,3509,43
2021-05-21,Lassen,035,31185,5199,5161,113,5274,6
2021-05-21,Los Angeles,037,10098052,1204089,1197263,41715,1238978,24180
2021-05-21,Madera,039,155013,16609,16500,934,17434,238
2021-05-21,Marin,041,260295,14075,14042,258,14300,227
2021-05-21,Mariposa,043,17540,428,427,11,438,5
2021-05-21,Mendocino,045,87422,3979,3897,80,3977,47
2021-05-21,Merced,047,269075,31034,31076,987,32063,455
2021-05-21,Modoc,049,8938,376,365,130,495,3
2021-05-21,Mono,051,14174,1257,1269,16,1285,3
2021-05-21,Monterey,053,433212,43189,42995,1880,44875,379
2021-05-21,Napa,055,140530,9905,9913,36,9949,82
2021-05-21,Nevada,057,99092,4809,4779,189,4968,70
2021-05-21,Orange,059,3164182,255304,254171,11353,265524,5042
2021-05-21,Placer,061,380077,23226,22853,1507,24360,292
2021-05-21,Plumas,063,18699,702,683,10,693,4
2021-05-21,Riverside,065,2383286,294018,288499,14032,302531,4442
2021-05-21,Sacramento,067,1510023,105843,105476,1771,107247,1632
2021-05-21,San Benito,069,59416,6064,6068,115,6183,63
2021-05-21,San Bernardino,071,2135413,293178,292205,8994,301199,4744
2021-05-21,San Diego,073,3302833,280358,279554,14910,294464,3748
2021-05-21,San Francisco,075,870044,36684,36879,1293,38172,546
2021-05-21,San Joaquin,077,732212,73045,72467,3569,76036,1371
2021-05-21,San Luis Obispo,079,281455,21295,21128,740,21868,256
2021-05-21,San Mateo,081,765935,42334,42163,473,42636,432
2021-05-21,Santa Barbara,083,443738,34556,34302,1198,35500,459
2021-05-21,Santa Clara,085,1922200,118532,119247,762,120009,2029
2021-05-21,Santa Cruz,087,273765,16209,16120,815,16935,207
2021-05-21,Shasta,089,179085,12284,12289,1570,13859,201
2021-05-21,Sierra,091,2930,56,54,12,66,0
2021-05-21,Siskiyou,093,43540,1917,1815,352,2167,16
2021-05-21,Solano,095,438530,32762,32742,555,33297,254
2021-05-21,Sonoma,097,501317,30004,30126,329,30455,321
2021-05-21,Stanislaus,099,539301,56296,56036,5950,61986,975
2021-05-21,Sutter,101,95872,9494,9470,87,9557,113
2021-05-21,Tehama,103,63373,5065,5030,573,5603,63
2021-05-21,Trinity,105,12862,483,329,93,422,3
2021-05-21,Tulare,107,460477,50197,49271,9059,58330,838
2021-05-21,Tuolumne,109,53932,4012,4079,39,4118,65
2021-05-21,Ventura,111,848112,81334,80821,2991,83812,1021
2021-05-21,Yolo,113,214977,13979,13983,317,14300,213
2021-05-21,Yuba,115,75493,6041,6006,124,6130,49
2021-05-20,Alameda,001,1643700,88037,87975,1967,89942,1264
2021-05-20,Alpine,003,1148,87,88,0,88,0
2021-05-20,Amador,005,37829,3671,3671,33,3704,46
2021-05-20,Butte,007,227075,12500,12220,1818,14038,188
2021-05-20,Calaveras,009,45235,2144,2138,14,2152,54
2021-05-20,Colusa,011,21464,1942,1946,308,2254,15
2021-05-20,Contra Costa,013,1133247,69443,68913,1268,70181,809
2021-05-20,Del Norte,015,27424,1410,1373,12,1385,8
2021-05-20,El Dorado,017,186661,10261,10188,725,10913,112
2021-05-20,Fresno,019,978130,102696,102135,8730,110865,1696
2021-05-20,Glenn,021,27897,2427,2406,560,2966,17
2021-05-20,Humboldt,023,135768,4212,4162,34,4196,42
2021-05-20,Imperial,025,180216,28586,28551,2846,31397,732
2021-05-20,Inyo,027,18085,1403,1402,12,1414,36
2021-05-20,Kern,029,883053,97226,96204,10918,107122,1317
2021-05-20,Kings,031,150075,23156,22922,1092,24014,246
2021-05-20,Lake,033,64148,3515,3500,9,3509,43
2021-05-20,Lassen,035,31185,5197,5160,112,5272,6
2021-05-20,Los Angeles,037,10098052,1203933,1197073,41706,1238779,24168
2021-05-20,Madera,039,155013,16603,16499,932,17431,238
2021-05-20,Marin,041,260295,14071,14036,257,14293,227
2021-05-20,Mariposa,043,17540,428,426,11,437,5
2021-05-20,Mendocino,045,87422,3972,3897,80,3977,47
2021-05-20,Merced,047,269075,31021,31046,986,32032,454
2021-05-20,Modoc,049,8938,376,365,130,495,3
2021-05-20,Mono,051,14174,1256,1269,16,1285,3
2021-05-20,Monterey,053,433212,43183,42984,1879,44863,379
2021-05-20,Napa,055,140530,9902,9913,36,9949,82
2021-05-20,Nevada,057,99092,4808,4775,189,4964,70
2021-05-20,Orange,059,3164182,255261,254127,11350,265477,5038
2021-05-20,Placer,061,380077,23213,22823,1506,24329,292
2021-05-20,Plumas,063,18699,700,682,10,692,4
2021-05-20,Riverside,065,2383286,293970,288453,14027,302480,4442
2021-05-20,Sacramento,067,1510023,105747,105414,1768,107182,1629
2021-05-20,San Benito,069,59416,6063,6067,115,6182,63
2021-05-20,San Bernardino,071,2135413,293132,292153,8993,301146,4728
2021-05-20,San Diego,073,3302833,280270,279490,14898,294388,3749
2021-05-20,San Francisco,075,870044,36675,36860,1293,38153,546
2021-05-20,San Joaquin,077,732212,73007,72388,3567,75955,1371
2021-05-20,San Luis Obispo,079,281455,21283,21095,738,21833,256
2021-05-20,San Mateo,081,765935,42320,42152,471,42623,432
2021-05-20,Santa Barbara,083,443738,34552,34293,1198,35491,459
2021-05-20,Santa Clara,085,1922200,118511,119222,762,119984,2029
2021-05-20,Santa Cruz,087,273765,16204,16119,815,16934,207
2021-05-20,Shasta,089,179085,12271,12266,1567,13833,200
2021-05-20,Sierra,091,2930,56,54,12,66,0
2021-05-20,Siskiyou,093,43540,1910,1811,351,2162,16
2021-05-20,Solano,095,438530,32747,32725,555,33280,253
2021-05-20,Sonoma,097,501317,29987,30107,328,30435,321
2021-05-20,Stanislaus,099,539301,56266,55979,5948,61927,970
2021-05-20,Sutter,101,95872,9490,9467,87,9554,113
2021-05-20,Tehama,103,63373,5063,5029,573,5602,63
2021-05-20,Trinity,105,12862,483,329,92,421,3
2021-05-20,Tulare,107,460477,50186,49217,9056,58273,837
2021-05-20,Tuolumne,109,53932,4011,4077,39,4116,65
2021-05-20,Ventura,111,848112,81323,80800,2991,83791,1019
2021-05-20,Yolo,113,214977,13974,13973,317,14290,211
2021-05-20,Yuba,115,75493,6032,6002,124,6126,49
2021-05-19,Alameda,001,1643700,87997,87889,1965,89854,1260
2021-05-19,Alpine,003,1148,87,88,0,88,0
2021-05-19,Amador,005,37829,3671,3669,33,3702,46
2021-05-19,Butte,007,227075,12490,12198,1818,14016,188
2021-05-19,Calaveras,009,45235,2140,2132,14,2146,54
2021-05-19,Colusa,011,21464,1942,1945,306,2251,15
2021-05-19,Contra Costa,013,1133247,69396,68836,1268,70104,808
2021-05-19,Del Norte,015,27424,1408,1371,12,1383,8
2021-05-19,El Dorado,017,186661,10256,10179,724,10903,112
2021-05-19,Fresno,019,978130,102666,102085,8727,110812,1693
2021-05-19,Glenn,021,27897,2427,2404,560,2964,17
2021-05-19,Humboldt,023,135768,4202,4143,34,4177,42
2021-05-19,Imperial,025,180216,28577,28550,2846,31396,732
2021-05-19,Inyo,027,18085,1403,1402,12,1414,36
2021-05-19,Kern,029,883053,97197,96173,10910,107083,1316
2021-05-19,Kings,031,150075,23150,22919,1092,24011,246
2021-05-19,Lake,033,64148,3515,3497,9,3506,43
2021-05-19,Lassen,035,31185,5196,5157,112,5269,6
2021-05-19,Los Angeles,037,10098052,1203740,1196856,41691,1238547,24143
2021-05-19,Madera,039,155013,16600,16496,932,17428,238
2021-05-19,Marin,041,260295,14067,14033,255,14288,227
2021-05-19,Mariposa,043,17540,428,425,11,436,5
2021-05-19,Mendocino,045,87422,3968,3886,80,3966,47
2021-05-19,Merced,047,269075,31005,31044,986,32030,452
2021-05-19,Modoc,049,8938,376,364,127,491,3
2021-05-19,Mono,051,14174,1256,1266,16,1282,3
2021-05-19,Monterey,053,433212,43178,42973,1878,44851,379
2021-05-19,Napa,055,140530,9899,9906,36,9942,82
2021-05-19,Nevada,057,99092,4806,4769,189,4958,70
2021-05-19,Orange,059,3164182,255224,254087,11340,265427,5035
2021-05-19,Placer,061,380077,23194,22784,1501,24285,291
2021-05-19,Plumas,063,18699,700,682,10,692,4
2021-05-19,Riverside,065,2383286,293923,288398,14025,302423,4442
2021-05-19,Sacramento,067,1510023,105669,105225,1767,106992,1629
2021-05-19,San Benito,069,59416,6062,6064,115,6179,63
2021-05-19,San Bernardino,071,2135413,293088,292078,8990,301068,4725
2021-05-19,San Diego,073,3302833,280186,279345,14877,294222,3746
2021-05-19,San Francisco,075,870044,36662,36835,1292,38127,546
2021-05-19,San Joaquin,077,732212,72964,72338,3562,75900,1369
2021-05-19,San Luis Obispo,079,281455,21275,21085,737,21822,256
2021-05-19,San Mateo,081,765935,42313,42126,471,42597,429
2021-05-19,Santa Barbara,083,443738,34544,34292,1198,35490,459
2021-05-19,Santa Clara,085,1922200,118471,119176,761,119937,2015
2021-05-19,Santa Cruz,087,273765,16200,16121,814,16935,207
2021-05-19,Shasta,089,179085,12253,12233,1563,13796,200
2021-05-19,Sierra,091,2930,56,54,12,66,0
2021-05-19,Siskiyou,093,43540,1907,1803,350,2153,16
2021-05-19,Solano,095,438530,32720,32678,553,33231,253
2021-05-19,Sonoma,097,501317,29972,30080,328,30408,321
2021-05-19,Stanislaus,099,539301,56244,55912,5943,61855,967
2021-05-19,Sutter,101,95872,9483,9459,86,9545,113
2021-05-19,Tehama,103,63373,5055,5026,570,5596,63
2021-05-19,Trinity,105,12862,483,329,92,421,3
2021-05-19,Tulare,107,460477,50173,49163,9051,58214,837
2021-05-19,Tuolumne,109,53932,4011,4074,39,4113,64
2021-05-19,Ventura,111,848112,81307,80747,2990,83737,1019
2021-05-19,Yolo,113,214977,13968,13961,316,14277,211
2021-05-19,Yuba,115,75493,6028,5993,124,6117,49
2021-05-18,Alameda,001,1643700,87923,87816,1965,89781,1254
2021-05-18,Alpine,003,1148,87,88,0,88,0
2021-05-18,Amador,005,37829,3671,3669,33,3702,46
2021-05-18,Butte,007,227075,12477,12164,1816,13980,191
2021-05-18,Calaveras,009,45235,2136,2131,14,2145,54
2021-05-18,Colusa,011,21464,1942,1943,306,2249,14
2021-05-18,Contra Costa,013,1133247,69339,68750,1267,70017,808
2021-05-18,Del Norte,015,27424,1405,1371,12,1383,8
2021-05-18,El Dorado,017,186661,10245,10169,723,10892,112
2021-05-18,Fresno,019,978130,102628,102056,8724,110780,1690
2021-05-18,Glenn,021,27897,2421,2403,559,2962,17
2021-05-18,Humboldt,023,135768,4184,4132,34,4166,42
2021-05-18,Imperial,025,180216,28571,28538,2844,31382,730
2021-05-18,Inyo,027,18085,1403,1401,12,1413,36
2021-05-18,Kern,029,883053,97163,96128,10896,107024,1315
2021-05-18,Kings,031,150075,23144,22916,1092,24008,247
2021-05-18,Lake,033,64148,3513,3495,9,3504,43
2021-05-18,Lassen,035,31185,5195,5157,111,5268,6
2021-05-18,Los Angeles,037,10098052,1203562,1196668,41679,1238347,24133
2021-05-18,Madera,039,155013,16590,16491,931,17422,238
2021-05-18,Marin,041,260295,14064,14026,255,14281,227
2021-05-18,Mariposa,043,17540,428,424,11,435,5
2021-05-18,Mendocino,045,87422,3957,3877,79,3956,47
2021-05-18,Merced,047,269075,30986,31036,986,32022,452
2021-05-18,Modoc,049,8938,375,364,126,490,3
2021-05-18,Mono,051,14174,1255,1265,16,1281,3
2021-05-18,Monterey,053,433212,43172,43001,1878,44879,379
2021-05-18,Napa,055,140530,9899,9905,36,9941,82
2021-05-18,Nevada,057,99092,4799,4762,189,4951,70
2021-05-18,Orange,059,3164182,255183,254041,11330,265371,5031
2021-05-18,Placer,061,380077,23161,22726,1497,24223,291
2021-05-18,Plumas,063,18699,700,682,10,692,4
2021-05-18,Riverside,065,2383286,293868,288354,14018,302372,4438
2021-05-18,Sacramento,067,1510023,105567,105083,1765,106848,1629
2021-05-18,San Benito,069,59416,6061,6065,115,6180,63
2021-05-18,San Bernardino,071,2135413,293030,292014,8985,300999,4722
2021-05-18,San Diego,073,3302833,280078,279254,14868,294122,3742
2021-05-18,San Francisco,075,870044,36642,36818,1292,38110,546
2021-05-18,San Joaquin,077,732212,72917,72282,3558,75840,1368
2021-05-18,San Luis Obispo,079,281455,21265,21080,735,21815,256
2021-05-18,San Mateo,081,765935,42301,42099,470,42569,428
2021-05-18,Santa Barbara,083,443738,34535,34278,1198,35476,459
2021-05-18,Santa Clara,085,1922200,118444,119171,761,119932,2014
2021-05-18,Santa Cruz,087,273765,16192,16137,814,16951,207
2021-05-18,Shasta,089,179085,12235,12197,1557,13754,200
2021-05-18,Sierra,091,2930,56,54,12,66,0
2021-05-18,Siskiyou,093,43540,1906,1799,350,2149,16
2021-05-18,Solano,095,438530,32695,32644,553,33197,253
2021-05-18,Sonoma,097,501317,29952,30054,327,30381,321
2021-05-18,Stanislaus,099,539301,56205,55860,5943,61803,959
2021-05-18,Sutter,101,95872,9475,9453,86,9539,113
2021-05-18,Tehama,103,63373,5051,5020,567,5587,63
2021-05-18,Trinity,105,12862,483,329,91,420,3
2021-05-18,Tulare,107,460477,50165,49142,9046,58188,836
2021-05-18,Tuolumne,109,53932,4009,4073,39,4112,64
2021-05-18,Ventura,111,848112,81291,80726,2987,83713,1017
2021-05-18,Yolo,113,214977,13961,13951,315,14266,211
2021-05-18,Yuba,115,75493,6024,5989,123,6112,49
2021-05-17,Alameda,001,1643700,87869,87766,1962,89728,1253
2021-05-17,Alpine,003,1148,87,88,0,88,0
2021-05-17,Amador,005,37829,3668,3668,33,3701,46
2021-05-17,Butte,007,227075,12469,12144,1816,13960,192
2021-05-17,Calaveras,009,45235,2136,2131,14,2145,53
2021-05-17,Colusa,011,21464,1942,1943,306,2249,14
2021-05-17,Contra Costa,013,1133247,69284,68720,1266,69986,805
2021-05-17,Del Norte,015,27424,1400,1369,12,1381,8
2021-05-17,El Dorado,017,186661,10228,10163,723,10886,112
2021-05-17,Fresno,019,978130,102584,102013,8716,110729,1690
2021-05-17,Glenn,021,27897,2421,2401,559,2960,17
2021-05-17,Humboldt,023,135768,4173,4112,34,4146,42
2021-05-17,Imperial,025,180216,28565,28533,2841,31374,729
2021-05-17,Inyo,027,18085,1403,1401,12,1413,36
2021-05-17,Kern,029,883053,97134,96095,10879,106974,1315
2021-05-17,Kings,031,150075,23141,22918,1092,24010,246
2021-05-17,Lake,033,64148,3508,3489,9,3498,43
2021-05-17,Lassen,035,31185,5192,5156,110,5266,6
2021-05-17,Los Angeles,037,10098052,1203388,1196556,41673,1238229,24123
2021-05-17,Madera,039,155013,16583,16486,931,17417,238
2021-05-17,Marin,041,260295,14058,14021,255,14276,227
2021-05-17,Mariposa,043,17540,427,423,11,434,5
2021-05-17,Mendocino,045,87422,3948,3868,79,3947,46
2021-05-17,Merced,047,269075,30971,31031,986,32017,450
2021-05-17,Modoc,049,8938,374,362,126,488,3
2021-05-17,Mono,051,14174,1251,1265,16,1281,3
2021-05-17,Monterey,053,433212,43165,42995,1878,44873,379
2021-05-17,Napa,055,140530,9898,9894,36,9930,82
2021-05-17,Nevada,057,99092,4795,4761,188,4949,70
2021-05-17,Orange,059,3164182,255136,253993,11323,265316,5031
2021-05-17,Placer,061,380077,23135,22706,1490,24196,289
2021-05-17,Plumas,063,18699,700,682,10,692,4
2021-05-17,Riverside,065,2383286,293799,288304,14014,302318,4433
2021-05-17,Sacramento,067,1510023,105459,105035,1762,106797,1629
2021-05-17,San Benito,069,59416,6058,6067,115,6182,63
2021-05-17,San Bernardino,071,2135413,292981,291989,8977,300966,4724
2021-05-17,San Diego,073,3302833,279946,279146,14846,293992,3742
2021-05-17,San Francisco,075,870044,36630,36816,1290,38106,546
2021-05-17,San Joaquin,077,732212,72879,72234,3555,75789,1359
2021-05-17,San Luis Obispo,079,281455,21256,21079,733,21812,256
2021-05-17,San Mateo,081,765935,42273,42083,470,42553,428
2021-05-17,Santa Barbara,083,443738,34528,34275,1198,35473,459
2021-05-17,Santa Clara,085,1922200,118407,119116,759,119875,2015
2021-05-17,Santa Cruz,087,273765,16189,16151,814,16965,206
2021-05-17,Shasta,089,179085,12213,12163,1556,13719,200
2021-05-17,Sierra,091,2930,56,54,12,66,0
2021-05-17,Siskiyou,093,43540,1897,1795,347,2142,15
2021-05-17,Solano,095,438530,32677,32627,552,33179,253
2021-05-17,Sonoma,097,501317,29929,30043,326,30369,321
2021-05-17,Stanislaus,099,539301,56154,55839,5936,61775,951
2021-05-17,Sutter,101,95872,9468,9447,86,9533,113
2021-05-17,Tehama,103,63373,5048,5016,566,5582,63
2021-05-17,Trinity,105,12862,483,328,91,419,3
2021-05-17,Tulare,107,460477,50143,49107,9039,58146,836
2021-05-17,Tuolumne,109,53932,4009,4071,39,4110,64
2021-05-17,Ventura,111,848112,81271,80699,2987,83686,1017
2021-05-17,Yolo,113,214977,13954,13941,315,14256,211
2021-05-17,Yuba,115,75493,6016,5987,123,6110,49
2021-05-16,Alameda,001,1643700,87805,87743,1962,89705,1253
2021-05-16,Alpine,003,1148,87,88,0,88,0
2021-05-16,Amador,005,37829,3667,3667,33,3700,46
2021-05-16,Butte,007,227075,12455,12140,1816,13956,192
2021-05-16,Calaveras,009,45235,2134,2129,14,2143,53
2021-05-16,Colusa,011,21464,1940,1943,306,2249,14
2021-05-16,Contra Costa,013,1133247,69216,68694,1263,69957,805
2021-05-16,Del Norte,015,27424,1397,1365,12,1377,8
2021-05-16,El Dorado,017,186661,10212,10159,722,10881,112
2021-05-16,Fresno,019,978130,102540,101987,8710,110697,1690
2021-05-16,Glenn,021,27897,2421,2401,558,2959,17
2021-05-16,Humboldt,023,135768,4158,4104,34,4138,42
2021-05-16,Imperial,025,180216,28554,28516,2839,31355,729
2021-05-16,Inyo,027,18085,1403,1401,12,1413,36
2021-05-16,Kern,029,883053,97101,96083,10859,106942,1315
2021-05-16,Kings,031,150075,23137,22918,1089,24007,246
2021-05-16,Lake,033,64148,3505,3489,9,3498,43
2021-05-16,Lassen,035,31185,5191,5156,110,5266,6
2021-05-16,Los Angeles,037,10098052,1203165,1196397,41657,1238054,24120
2021-05-16,Madera,039,155013,16578,16483,928,17411,238
2021-05-16,Marin,041,260295,14055,14015,255,14270,227
2021-05-16,Mariposa,043,17540,427,423,11,434,5
2021-05-16,Mendocino,045,87422,3938,3863,79,3942,46
2021-05-16,Merced,047,269075,30950,31023,984,32007,450
2021-05-16,Modoc,049,8938,374,362,126,488,3
2021-05-16,Mono,051,14174,1251,1265,16,1281,3
2021-05-16,Monterey,053,433212,43160,42991,1878,44869,379
2021-05-16,Napa,055,140530,9895,9891,36,9927,82
2021-05-16,Nevada,057,99092,4790,4755,188,4943,70
2021-05-16,Orange,059,3164182,255104,253962,11320,265282,5031
2021-05-16,Placer,061,380077,23103,22696,1484,24180,289
2021-05-16,Plumas,063,18699,699,682,10,692,4
2021-05-16,Riverside,065,2383286,293723,288259,14006,302265,4433
2021-05-16,Sacramento,067,1510023,105345,105013,1760,106773,1628
2021-05-16,San Benito,069,59416,6057,6067,114,6181,63
2021-05-16,San Bernardino,071,2135413,292909,291940,8975,300915,4724
2021-05-16,San Diego,073,3302833,279828,279099,14833,293932,3742
2021-05-16,San Francisco,075,870044,36608,36808,1289,38097,546
2021-05-16,San Joaquin,077,732212,72831,72218,3550,75768,1359
2021-05-16,San Luis Obispo,079,281455,21249,21072,731,21803,256
2021-05-16,San Mateo,081,765935,42262,42063,469,42532,428
2021-05-16,Santa Barbara,083,443738,34521,34270,1198,35468,459
2021-05-16,Santa Clara,085,1922200,118378,119098,758,119856,2015
2021-05-16,Santa Cruz,087,273765,16187,16143,814,16957,206
2021-05-16,Shasta,089,179085,12197,12156,1552,13708,200
2021-05-16,Sierra,091,2930,56,54,12,66,0
2021-05-16,Siskiyou,093,43540,1893,1790,346,2136,15
2021-05-16,Solano,095,438530,32644,32619,550,33169,253
2021-05-16,Sonoma,097,501317,29910,30033,326,30359,321
2021-05-16,Stanislaus,099,539301,56099,55814,5924,61738,951
2021-05-16,Sutter,101,95872,9461,9445,86,9531,113
2021-05-16,Tehama,103,63373,5044,5013,565,5578,63
2021-05-16,Trinity,105,12862,483,328,91,419,3
2021-05-16,Tulare,107,460477,50126,49091,9036,58127,837
2021-05-16,Tuolumne,109,53932,4005,4070,39,4109,64
2021-05-16,Ventura,111,848112,81240,80689,2987,83676,1017
2021-05-16,Yolo,113,214977,13939,13938,315,14253,211
2021-05-16,Yuba,115,75493,6013,5987,123,6110,49
2021-05-15,Alameda,001,1643700,87779,87677,1961,89638,1252
2021-05-15,Alpine,003,1148,87,88,0,88,0
2021-05-15,Amador,005,37829,3667,3666,33,3699,46
2021-05-15,Butte,007,227075,12448,12095,1815,13910,192
2021-05-15,Calaveras,009,45235,2133,2126,14,2140,53
2021-05-15,Colusa,011,21464,1940,1941,304,2245,14
2021-05-15,Contra Costa,013,1133247,69170,68658,1263,69921,805
2021-05-15,Del Norte,015,27424,1392,1359,12,1371,8
2021-05-15,El Dorado,017,186661,10200,10156,721,10877,112
2021-05-15,Fresno,019,978130,102503,101957,8707,110664,1690
2021-05-15,Glenn,021,27897,2421,2400,558,2958,17
2021-05-15,Humboldt,023,135768,4148,4080,34,4114,42
2021-05-15,Imperial,025,180216,28551,28504,2838,31342,729
2021-05-15,Inyo,027,18085,1403,1402,12,1414,36
2021-05-15,Kern,029,883053,97087,96061,10844,106905,1315
2021-05-15,Kings,031,150075,23136,22913,1089,24002,246
2021-05-15,Lake,033,64148,3504,3485,9,3494,43
2021-05-15,Lassen,035,31185,5188,5156,109,5265,6
2021-05-15,Los Angeles,037,10098052,1203041,1196255,41644,1237899,24115
2021-05-15,Madera,039,155013,16575,16482,928,17410,238
2021-05-15,Marin,041,260295,14051,14012,255,14267,227
2021-05-15,Mariposa,043,17540,427,423,11,434,5
2021-05-15,Mendocino,045,87422,3935,3861,79,3940,46
2021-05-15,Merced,047,269075,30929,31012,984,31996,450
2021-05-15,Modoc,049,8938,374,362,126,488,3
2021-05-15,Mono,051,14174,1251,1265,16,1281,3
2021-05-15,Monterey,053,433212,43156,42982,1878,44860,379
2021-05-15,Napa,055,140530,9892,9887,36,9923,82
2021-05-15,Nevada,057,99092,4789,4755,188,4943,70
2021-05-15,Orange,059,3164182,255077,253919,11313,265232,5030
2021-05-15,Placer,061,380077,23082,22688,1484,24172,289
2021-05-15,Plumas,063,18699,699,681,10,691,4
2021-05-15,Riverside,065,2383286,293681,288203,14001,302204,4433
2021-05-15,Sacramento,067,1510023,105273,104929,1757,106686,1628
2021-05-15,San Benito,069,59416,6057,6066,114,6180,63
2021-05-15,San Bernardino,071,2135413,292867,291892,8973,300865,4724
2021-05-15,San Diego,073,3302833,279757,278991,14818,293809,3737
2021-05-15,San Francisco,075,870044,36592,36795,1287,38082,546
2021-05-15,San Joaquin,077,732212,72805,72197,3548,75745,1359
2021-05-15,San Luis Obispo,079,281455,21246,21061,730,21791,256
2021-05-15,San Mateo,081,765935,42246,42059,469,42528,428
2021-05-15,Santa Barbara,083,443738,34513,34259,1198,35457,459
2021-05-15,Santa Clara,085,1922200,118357,119060,758,119818,2016
2021-05-15,Santa Cruz,087,273765,16183,16137,814,16951,206
2021-05-15,Shasta,089,179085,12185,12152,1549,13701,200
2021-05-15,Sierra,091,2930,56,54,12,66,0
2021-05-15,Siskiyou,093,43540,1887,1788,344,2132,15
2021-05-15,Solano,095,438530,32635,32604,549,33153,253
2021-05-15,Sonoma,097,501317,29891,30020,326,30346,321
2021-05-15,Stanislaus,099,539301,56066,55795,5917,61712,952
2021-05-15,Sutter,101,95872,9459,9436,86,9522,113
2021-05-15,Tehama,103,63373,5040,5012,564,5576,63
2021-05-15,Trinity,105,12862,483,328,91,419,3
2021-05-15,Tulare,107,460477,50116,49080,9032,58112,837
2021-05-15,Tuolumne,109,53932,4003,4064,39,4103,63
2021-05-15,Ventura,111,848112,81229,80662,2987,83649,1017
2021-05-15,Yolo,113,214977,13932,13932,314,14246,211
2021-05-15,Yuba,115,75493,6010,5979,122,6101,49
2021-05-14,Alameda,001,1643700,87745,87621,1958,89579,1249
2021-05-14,Alpine,003,1148,87,88,0,88,0
2021-05-14,Amador,005,37829,3667,3665,33,3698,46
2021-05-14,Butte,007,227075,12439,12076,1812,13888,192
2021-05-14,Calaveras,009,45235,2129,2121,14,2135,53
2021-05-14,Colusa,011,21464,1939,1940,303,2243,14
2021-05-14,Contra Costa,013,1133247,69128,68589,1261,69850,806
2021-05-14,Del Norte,015,27424,1392,1355,12,1367,8
2021-05-14,El Dorado,017,186661,10193,10143,720,10863,113
2021-05-14,Fresno,019,978130,102474,101917,8701,110618,1688
2021-05-14,Glenn,021,27897,2420,2398,558,2956,17
2021-05-14,Humboldt,023,135768,4140,4050,34,4084,37
2021-05-14,Imperial,025,180216,28544,28485,2837,31322,728
2021-05-14,Inyo,027,18085,1403,1400,12,1412,36
2021-05-14,Kern,029,883053,97057,96033,10835,106868,1311
2021-05-14,Kings,031,150075,23135,22910,1089,23999,246
2021-05-14,Lake,033,64148,3500,3483,9,3492,43
2021-05-14,Lassen,035,31185,5188,5154,109,5263,6
2021-05-14,Los Angeles,037,10098052,1202907,1196038,41639,1237677,24101
2021-05-14,Madera,039,155013,16572,16474,928,17402,238
2021-05-14,Marin,041,260295,14047,14010,255,14265,227
2021-05-14,Mariposa,043,17540,427,422,11,433,5
2021-05-14,Mendocino,045,87422,3933,3855,79,3934,46
2021-05-14,Merced,047,269075,30919,31010,984,31994,450
2021-05-14,Modoc,049,8938,374,362,126,488,3
2021-05-14,Mono,051,14174,1250,1265,16,1281,3
2021-05-14,Monterey,053,433212,43151,42973,1878,44851,380
2021-05-14,Napa,055,140530,9889,9883,36,9919,82
2021-05-14,Nevada,057,99092,4784,4745,188,4933,70
2021-05-14,Orange,059,3164182,255043,253855,11306,265161,5028
2021-05-14,Placer,061,380077,23063,22660,1478,24138,287
2021-05-14,Plumas,063,18699,698,680,10,690,4
2021-05-14,Riverside,065,2383286,293631,288140,13998,302138,4433
2021-05-14,Sacramento,067,1510023,105184,104828,1756,106584,1627
2021-05-14,San Benito,069,59416,6057,6064,114,6178,63
2021-05-14,San Bernardino,071,2135413,292819,291834,8973,300807,4721
2021-05-14,San Diego,073,3302833,279684,278853,14807,293660,3732
2021-05-14,San Francisco,075,870044,36583,36771,1283,38054,545
2021-05-14,San Joaquin,077,732212,72773,72160,3541,75701,1359
2021-05-14,San Luis Obispo,079,281455,21242,21051,730,21781,256
2021-05-14,San Mateo,081,765935,42235,42041,469,42510,428
2021-05-14,Santa Barbara,083,443738,34503,34243,1198,35441,456
2021-05-14,Santa Clara,085,1922200,118328,119006,758,119764,2014
2021-05-14,Santa Cruz,087,273765,16178,16130,814,16944,207
2021-05-14,Shasta,089,179085,12179,12130,1544,13674,200
2021-05-14,Sierra,091,2930,56,54,12,66,0
2021-05-14,Siskiyou,093,43540,1880,1779,343,2122,14
2021-05-14,Solano,095,438530,32615,32585,548,33133,252
2021-05-14,Sonoma,097,501317,29873,30007,326,30333,321
2021-05-14,Stanislaus,099,539301,56030,55752,5911,61663,950
2021-05-14,Sutter,101,95872,9450,9433,84,9517,113
2021-05-14,Tehama,103,63373,5033,5005,564,5569,63
2021-05-14,Trinity,105,12862,483,328,91,419,3
2021-05-14,Tulare,107,460477,50099,49060,9027,58087,836
2021-05-14,Tuolumne,109,53932,4003,4060,39,4099,63
2021-05-14,Ventura,111,848112,81215,80628,2987,83615,1014
2021-05-14,Yolo,113,214977,13927,13922,310,14232,210
2021-05-14,Yuba,115,75493,6006,5970,122,6092,47
2021-05-13,Alameda,001,1643700,87700,87557,1957,89514,1250
2021-05-13,Alpine,003,1148,87,88,0,88,0
2021-05-13,Amador,005,37829,3667,3662,33,3695,46
2021-05-13,Butte,007,227075,12426,12051,1811,13862,196
2021-05-13,Calaveras,009,45235,2129,2120,14,2134,53
2021-05-13,Colusa,011,21464,1938,1939,299,2238,14
2021-05-13,Contra Costa,013,1133247,69080,68522,1260,69782,806
2021-05-13,Del Norte,015,27424,1390,1354,12,1366,8
2021-05-13,El Dorado,017,186661,10191,10133,720,10853,112
2021-05-13,Fresno,019,978130,102445,101862,8700,110562,1687
2021-05-13,Glenn,021,27897,2419,2395,558,2953,17
2021-05-13,Humboldt,023,135768,4122,4027,34,4061,37
2021-05-13,Imperial,025,180216,28529,28468,2834,31302,729
2021-05-13,Inyo,027,18085,1403,1400,12,1412,36
2021-05-13,Kern,029,883053,97033,95996,10817,106813,1311
2021-05-13,Kings,031,150075,23134,22904,1089,23993,246
2021-05-13,Lake,033,64148,3498,3479,9,3488,43
2021-05-13,Lassen,035,31185,5188,5152,108,5260,6
2021-05-13,Los Angeles,037,10098052,1202718,1195504,41626,1237130,24083
2021-05-13,Madera,039,155013,16564,16467,928,17395,238
2021-05-13,Marin,041,260295,14042,14004,253,14257,227
2021-05-13,Mariposa,043,17540,427,422,11,433,5
2021-05-13,Mendocino,045,87422,3929,3846,79,3925,46
2021-05-13,Merced,047,269075,30911,30989,984,31973,450
2021-05-13,Modoc,049,8938,374,362,126,488,3
2021-05-13,Mono,051,14174,1250,1265,16,1281,3
2021-05-13,Monterey,053,433212,43136,42966,1878,44844,380
2021-05-13,Napa,055,140530,9882,9877,36,9913,82
2021-05-13,Nevada,057,99092,4780,4743,187,4930,70
2021-05-13,Orange,059,3164182,254998,253778,11304,265082,5026
2021-05-13,Placer,061,380077,23039,22668,1471,24139,288
2021-05-13,Plumas,063,18699,698,680,10,690,4
2021-05-13,Riverside,065,2383286,293565,288067,13993,302060,4433
2021-05-13,Sacramento,067,1510023,105097,104711,1754,106465,1626
2021-05-13,San Benito,069,59416,6055,6062,114,6176,63
2021-05-13,San Bernardino,071,2135413,292753,291765,8973,300738,4722
2021-05-13,San Diego,073,3302833,279570,278592,14790,293382,3729
2021-05-13,San Francisco,075,870044,36559,36741,1281,38022,544
2021-05-13,San Joaquin,077,732212,72730,72096,3537,75633,1357
2021-05-13,San Luis Obispo,079,281455,21227,21043,729,21772,255
2021-05-13,San Mateo,081,765935,42218,42059,469,42528,426
2021-05-13,Santa Barbara,083,443738,34491,34242,1198,35440,456
2021-05-13,Santa Clara,085,1922200,118301,118952,758,119710,2013
2021-05-13,Santa Cruz,087,273765,16172,16129,814,16943,208
2021-05-13,Shasta,089,179085,12159,12111,1540,13651,200
2021-05-13,Sierra,091,2930,56,54,12,66,0
2021-05-13,Siskiyou,093,43540,1873,1769,340,2109,14
2021-05-13,Solano,095,438530,32602,32548,546,33094,252
2021-05-13,Sonoma,097,501317,29848,29991,326,30317,321
2021-05-13,Stanislaus,099,539301,55992,55678,5905,61583,949
2021-05-13,Sutter,101,95872,9445,9431,83,9514,112
2021-05-13,Tehama,103,63373,5028,4997,564,5561,63
2021-05-13,Trinity,105,12862,482,327,90,417,3
2021-05-13,Tulare,107,460477,50073,49032,9019,58051,837
2021-05-13,Tuolumne,109,53932,4002,4059,39,4098,63
2021-05-13,Ventura,111,848112,81185,80615,2986,83601,1012
2021-05-13,Yolo,113,214977,13918,13914,308,14222,210
2021-05-13,Yuba,115,75493,5997,5962,122,6084,47
2021-05-12,Alameda,001,1643700,87667,87482,1955,89437,1261
2021-05-12,Alpine,003,1148,87,88,0,88,0
2021-05-12,Amador,005,37829,3667,3658,33,3691,46
2021-05-12,Butte,007,227075,12416,12026,1811,13837,199
2021-05-12,Calaveras,009,45235,2126,2119,14,2133,53
2021-05-12,Colusa,011,21464,1936,1939,298,2237,14
2021-05-12,Contra Costa,013,1133247,69022,68462,1254,69716,805
2021-05-12,Del Norte,015,27424,1388,1352,12,1364,8
2021-05-12,El Dorado,017,186661,10182,10123,720,10843,112
2021-05-12,Fresno,019,978130,102396,101838,8689,110527,1688
2021-05-12,Glenn,021,27897,2416,2391,558,2949,17
2021-05-12,Humboldt,023,135768,4094,3982,34,4016,37
2021-05-12,Imperial,025,180216,28511,28443,2830,31273,726
2021-05-12,Inyo,027,18085,1403,1400,12,1412,36
2021-05-12,Kern,029,883053,96997,95955,10810,106765,1310
2021-05-12,Kings,031,150075,23132,22896,1089,23985,246
2021-05-12,Lake,033,64148,3496,3476,9,3485,43
2021-05-12,Lassen,035,31185,5186,5151,108,5259,6
2021-05-12,Los Angeles,037,10098052,1202536,1195318,41610,1236928,24067
2021-05-12,Madera,039,155013,16557,16462,927,17389,238
2021-05-12,Marin,041,260295,14037,13997,253,14250,227
2021-05-12,Mariposa,043,17540,427,422,11,433,5
2021-05-12,Mendocino,045,87422,3919,3836,79,3915,46
2021-05-12,Merced,047,269075,30895,30941,984,31925,450
2021-05-12,Modoc,049,8938,373,362,126,488,3
2021-05-12,Mono,051,14174,1250,1265,16,1281,3
2021-05-12,Monterey,053,433212,43124,42950,1877,44827,380
2021-05-12,Napa,055,140530,9876,9870,36,9906,82
2021-05-12,Nevada,057,99092,4776,4738,187,4925,70
2021-05-12,Orange,059,3164182,254947,253587,11301,264888,5024
2021-05-12,Placer,061,380077,23021,22652,1464,24116,288
2021-05-12,Plumas,063,18699,698,681,10,691,4
2021-05-12,Riverside,065,2383286,293495,287830,13989,301819,4431
2021-05-12,Sacramento,067,1510023,105001,104592,1753,106345,1621
2021-05-12,San Benito,069,59416,6055,6062,114,6176,63
2021-05-12,San Bernardino,071,2135413,292705,291505,8968,300473,4715
2021-05-12,San Diego,073,3302833,279466,278402,14769,293171,3729
2021-05-12,San Francisco,075,870044,36540,36720,1280,38000,544
2021-05-12,San Joaquin,077,732212,72676,72043,3533,75576,1356
2021-05-12,San Luis Obispo,079,281455,21217,21021,729,21750,255
2021-05-12,San Mateo,081,765935,42209,42038,467,42505,426
2021-05-12,Santa Barbara,083,443738,34484,34218,1198,35416,456
2021-05-12,Santa Clara,085,1922200,118258,118897,758,119655,2005
2021-05-12,Santa Cruz,087,273765,16166,16123,814,16937,207
2021-05-12,Shasta,089,179085,12139,12092,1538,13630,200
2021-05-12,Sierra,091,2930,56,54,12,66,0
2021-05-12,Siskiyou,093,43540,1869,1760,339,2099,13
2021-05-12,Solano,095,438530,32578,32519,546,33065,252
2021-05-12,Sonoma,097,501317,29836,29976,326,30302,320
2021-05-12,Stanislaus,099,539301,55950,55632,5898,61530,919
2021-05-12,Sutter,101,95872,9442,9427,83,9510,112
2021-05-12,Tehama,103,63373,5024,4989,564,5553,62
2021-05-12,Trinity,105,12862,482,327,90,417,3
2021-05-12,Tulare,107,460477,50057,49001,9011,58012,838
2021-05-12,Tuolumne,109,53932,4001,4056,39,4095,63
2021-05-12,Ventura,111,848112,81166,80577,2986,83563,1010
2021-05-12,Yolo,113,214977,13911,13910,307,14217,210
2021-05-12,Yuba,115,75493,5994,5956,122,6078,47
2021-05-11,Alameda,001,1643700,87603,87413,1951,89364,1290
2021-05-11,Alpine,003,1148,87,88,0,88,0
2021-05-11,Amador,005,37829,3665,3657,33,3690,46
2021-05-11,Butte,007,227075,12401,12008,1808,13816,199
2021-05-11,Calaveras,009,45235,2126,2118,14,2132,52
2021-05-11,Colusa,011,21464,1935,1939,298,2237,14
2021-05-11,Contra Costa,013,1133247,68962,68406,1253,69659,806
2021-05-11,Del Norte,015,27424,1386,1347,12,1359,8
2021-05-11,El Dorado,017,186661,10176,10108,719,10827,112
2021-05-11,Fresno,019,978130,102350,101792,8683,110475,1686
2021-05-11,Glenn,021,27897,2415,2387,557,2944,17
2021-05-11,Humboldt,023,135768,4073,3964,33,3997,37
2021-05-11,Imperial,025,180216,28503,28413,2826,31239,722
2021-05-11,Inyo,027,18085,1402,1402,12,1414,36
2021-05-11,Kern,029,883053,96969,95938,10797,106735,1310
2021-05-11,Kings,031,150075,23124,22887,1089,23976,246
2021-05-11,Lake,033,64148,3496,3473,9,3482,43
2021-05-11,Lassen,035,31185,5184,5148,108,5256,6
2021-05-11,Los Angeles,037,10098052,1202296,1195100,41598,1236698,24048
2021-05-11,Madera,039,155013,16553,16459,927,17386,238
2021-05-11,Marin,041,260295,14030,13987,253,14240,227
2021-05-11,Mariposa,043,17540,427,421,11,432,5
2021-05-11,Mendocino,045,87422,3911,3821,79,3900,46
2021-05-11,Merced,047,269075,30886,30893,984,31877,449
2021-05-11,Modoc,049,8938,373,362,125,487,3
2021-05-11,Mono,051,14174,1250,1265,16,1281,3
2021-05-11,Monterey,053,433212,43116,42934,1876,44810,380
2021-05-11,Napa,055,140530,9869,9870,36,9906,81
2021-05-11,Nevada,057,99092,4772,4737,187,4924,70
2021-05-11,Orange,059,3164182,254884,253545,11293,264838,5017
2021-05-11,Placer,061,380077,22999,22615,1460,24075,287
2021-05-11,Plumas,063,18699,696,679,10,689,4
2021-05-11,Riverside,065,2383286,293433,287757,13984,301741,4429
2021-05-11,Sacramento,067,1510023,104902,104496,1750,106246,1616
2021-05-11,San Benito,069,59416,6052,6058,114,6172,63
2021-05-11,San Bernardino,071,2135413,292645,291421,8966,300387,4707
2021-05-11,San Diego,073,3302833,279331,278308,14750,293058,3725
2021-05-11,San Francisco,075,870044,36520,36707,1280,37987,543
2021-05-11,San Joaquin,077,732212,72628,71999,3530,75529,1356
2021-05-11,San Luis Obispo,079,281455,21210,21008,727,21735,255
2021-05-11,San Mateo,081,765935,42190,41985,466,42451,425
2021-05-11,Santa Barbara,083,443738,34474,34207,1198,35405,456
2021-05-11,Santa Clara,085,1922200,118212,118857,757,119614,2005
2021-05-11,Santa Cruz,087,273765,16162,16113,814,16927,206
2021-05-11,Shasta,089,179085,12116,12050,1532,13582,200
2021-05-11,Sierra,091,2930,56,54,12,66,0
2021-05-11,Siskiyou,093,43540,1859,1756,337,2093,13
2021-05-11,Solano,095,438530,32560,32499,544,33043,250
2021-05-11,Sonoma,097,501317,29821,29966,326,30292,318
2021-05-11,Stanislaus,099,539301,55900,55589,5894,61483,909
2021-05-11,Sutter,101,95872,9435,9417,83,9500,112
2021-05-11,Tehama,103,63373,5020,4985,563,5548,62
2021-05-11,Trinity,105,12862,482,327,89,416,3
2021-05-11,Tulare,107,460477,50030,48974,8997,57971,837
2021-05-11,Tuolumne,109,53932,4000,4056,39,4095,63
2021-05-11,Ventura,111,848112,81142,80544,2983,83527,1008
2021-05-11,Yolo,113,214977,13898,13902,304,14206,210
2021-05-11,Yuba,115,75493,5985,5950,122,6072,46
2021-05-10,Alameda,001,1643700,87533,87366,1950,89316,1284
2021-05-10,Alpine,003,1148,87,88,0,88,0
2021-05-10,Amador,005,37829,3664,3657,33,3690,46
2021-05-10,Butte,007,227075,12385,11993,1804,13797,199
2021-05-10,Calaveras,009,45235,2119,2118,14,2132,52
2021-05-10,Colusa,011,21464,1935,1939,298,2237,14
2021-05-10,Contra Costa,013,1133247,68898,68357,1253,69610,806
2021-05-10,Del Norte,015,27424,1383,1339,12,1351,8
2021-05-10,El Dorado,017,186661,10162,10093,719,10812,113
2021-05-10,Fresno,019,978130,102319,101755,8676,110431,1682
2021-05-10,Glenn,021,27897,2414,2384,555,2939,17
2021-05-10,Humboldt,023,135768,4043,3961,33,3994,36
2021-05-10,Imperial,025,180216,28489,28397,2822,31219,722
2021-05-10,Inyo,027,18085,1402,1401,12,1413,36
2021-05-10,Kern,029,883053,96926,95920,10783,106703,1310
2021-05-10,Kings,031,150075,23113,22884,1088,23972,246
2021-05-10,Lake,033,64148,3488,3471,9,3480,43
2021-05-10,Lassen,035,31185,5180,5148,108,5256,5
2021-05-10,Los Angeles,037,10098052,1202036,1194976,41582,1236558,24030
2021-05-10,Madera,039,155013,16543,16450,927,17377,238
2021-05-10,Marin,041,260295,14027,13981,253,14234,228
2021-05-10,Mariposa,043,17540,426,420,11,431,5
2021-05-10,Mendocino,045,87422,3905,3818,79,3897,46
2021-05-10,Merced,047,269075,30875,30880,984,31864,448
2021-05-10,Modoc,049,8938,373,361,125,486,3
2021-05-10,Mono,051,14174,1250,1265,16,1281,3
2021-05-10,Monterey,053,433212,43110,42927,1871,44798,380
2021-05-10,Napa,055,140530,9867,9860,36,9896,81
2021-05-10,Nevada,057,99092,4765,4735,187,4922,70
2021-05-10,Orange,059,3164182,254830,253484,11287,264771,5008
2021-05-10,Placer,061,380077,22977,22590,1457,24047,286
2021-05-10,Plumas,063,18699,695,679,10,689,4
2021-05-10,Riverside,065,2383286,293364,287689,13978,301667,4427
2021-05-10,Sacramento,067,1510023,104789,104378,1745,106123,1613
2021-05-10,San Benito,069,59416,6051,6058,114,6172,63
2021-05-10,San Bernardino,071,2135413,292593,291360,8965,300325,4707
2021-05-10,San Diego,073,3302833,279166,278183,14723,292906,3725
2021-05-10,San Francisco,075,870044,36501,36683,1280,37963,543
2021-05-10,San Joaquin,077,732212,72591,71954,3515,75469,1356
2021-05-10,San Luis Obispo,079,281455,21192,20993,726,21719,256
2021-05-10,San Mateo,081,765935,42172,41926,466,42392,424
2021-05-10,Santa Barbara,083,443738,34466,34201,1198,35399,456
2021-05-10,Santa Clara,085,1922200,118153,118822,757,119579,2003
2021-05-10,Santa Cruz,087,273765,16156,16114,814,16928,206
2021-05-10,Shasta,089,179085,12102,12036,1528,13564,200
2021-05-10,Sierra,091,2930,56,54,12,66,0
2021-05-10,Siskiyou,093,43540,1849,1752,335,2087,13
2021-05-10,Solano,095,438530,32540,32466,542,33008,250
2021-05-10,Sonoma,097,501317,29806,29955,325,30280,318
2021-05-10,Stanislaus,099,539301,55826,55541,5888,61429,898
2021-05-10,Sutter,101,95872,9429,9412,83,9495,111
2021-05-10,Tehama,103,63373,5016,4980,563,5543,62
2021-05-10,Trinity,105,12862,482,327,87,414,3
2021-05-10,Tulare,107,460477,50006,48956,8991,57947,837
2021-05-10,Tuolumne,109,53932,3996,4054,38,4092,63
2021-05-10,Ventura,111,848112,81126,80501,2981,83482,1008
2021-05-10,Yolo,113,214977,13886,13898,302,14200,209
2021-05-10,Yuba,115,75493,5983,5942,122,6064,46
2021-05-09,Alameda,001,1643700,87462,87292,1947,89239,1284
2021-05-09,Alpine,003,1148,87,88,0,88,0
2021-05-09,Amador,005,37829,3662,3655,33,3688,46
2021-05-09,Butte,007,227075,12366,11985,1800,13785,199
2021-05-09,Calaveras,009,45235,2118,2116,14,2130,52
2021-05-09,Colusa,011,21464,1934,1940,298,2238,14
2021-05-09,Contra Costa,013,1133247,68834,68302,1251,69553,806
2021-05-09,Del Norte,015,27424,1376,1338,12,1350,8
2021-05-09,El Dorado,017,186661,10148,10089,716,10805,113
2021-05-09,Fresno,019,978130,102281,101729,8667,110396,1682
2021-05-09,Glenn,021,27897,2407,2382,552,2934,17
2021-05-09,Humboldt,023,135768,4023,3950,33,3983,36
2021-05-09,Imperial,025,180216,28466,28388,2813,31201,722
2021-05-09,Inyo,027,18085,1402,1401,11,1412,36
2021-05-09,Kern,029,883053,96898,95903,10773,106676,1310
2021-05-09,Kings,031,150075,23104,22878,1088,23966,246
2021-05-09,Lake,033,64148,3484,3471,9,3480,43
2021-05-09,Lassen,035,31185,5178,5147,108,5255,5
2021-05-09,Los Angeles,037,10098052,1201776,1194820,41567,1236387,24026
2021-05-09,Madera,039,155013,16534,16444,921,17365,238
2021-05-09,Marin,041,260295,14016,13979,252,14231,228
2021-05-09,Mariposa,043,17540,423,420,11,431,5
2021-05-09,Mendocino,045,87422,3895,3814,79,3893,46
2021-05-09,Merced,047,269075,30852,30883,984,31867,448
2021-05-09,Modoc,049,8938,373,360,125,485,3
2021-05-09,Mono,051,14174,1250,1264,16,1280,3
2021-05-09,Monterey,053,433212,43092,42918,1871,44789,380
2021-05-09,Napa,055,140530,9856,9857,36,9893,81
2021-05-09,Nevada,057,99092,4758,4727,187,4914,70
2021-05-09,Orange,059,3164182,254776,253451,11279,264730,5008
2021-05-09,Placer,061,380077,22951,22566,1454,24020,286
2021-05-09,Plumas,063,18699,694,679,10,689,4
2021-05-09,Riverside,065,2383286,293284,287644,13972,301616,4427
2021-05-09,Sacramento,067,1510023,104640,104309,1739,106048,1612
2021-05-09,San Benito,069,59416,6049,6056,114,6170,63
2021-05-09,San Bernardino,071,2135413,292510,291337,8959,300296,4707
2021-05-09,San Diego,073,3302833,278999,277950,14701,292651,3725
2021-05-09,San Francisco,075,870044,36475,36669,1278,37947,543
2021-05-09,San Joaquin,077,732212,72545,71927,3514,75441,1356
2021-05-09,San Luis Obispo,079,281455,21182,20999,726,21725,256
2021-05-09,San Mateo,081,765935,42143,41903,466,42369,424
2021-05-09,Santa Barbara,083,443738,34453,34196,1197,35393,456
2021-05-09,Santa Clara,085,1922200,118099,118798,756,119554,2003
2021-05-09,Santa Cruz,087,273765,16150,16094,814,16908,206
2021-05-09,Shasta,089,179085,12072,12034,1523,13557,200
2021-05-09,Sierra,091,2930,56,54,12,66,0
2021-05-09,Siskiyou,093,43540,1843,1741,332,2073,13
2021-05-09,Solano,095,438530,32501,32434,539,32973,250
2021-05-09,Sonoma,097,501317,29792,29953,324,30277,318
2021-05-09,Stanislaus,099,539301,55760,55511,5884,61395,898
2021-05-09,Sutter,101,95872,9423,9413,83,9496,111
2021-05-09,Tehama,103,63373,5011,4979,563,5542,62
2021-05-09,Trinity,105,12862,482,327,87,414,3
2021-05-09,Tulare,107,460477,49979,48948,8986,57934,837
2021-05-09,Tuolumne,109,53932,3995,4053,38,4091,63
2021-05-09,Ventura,111,848112,81111,80487,2980,83467,1008
2021-05-09,Yolo,113,214977,13876,13897,301,14198,209
2021-05-09,Yuba,115,75493,5977,5934,122,6056,46
2021-05-08,Alameda,001,1643700,87419,87213,1943,89156,1284
2021-05-08,Alpine,003,1148,87,88,0,88,0
2021-05-08,Amador,005,37829,3660,3652,33,3685,46
2021-05-08,Butte,007,227075,12354,11962,1799,13761,199
2021-05-08,Calaveras,009,45235,2117,2114,14,2128,52
2021-05-08,Colusa,011,21464,1934,1939,298,2237,14
2021-05-08,Contra Costa,013,1133247,68801,68223,1249,69472,803
2021-05-08,Del Norte,015,27424,1373,1335,12,1347,8
2021-05-08,El Dorado,017,186661,10134,10079,716,10795,113
2021-05-08,Fresno,019,978130,102245,101676,8662,110338,1682
2021-05-08,Glenn,021,27897,2405,2382,550,2932,17
2021-05-08,Humboldt,023,135768,4007,3939,33,3972,36
2021-05-08,Imperial,025,180216,28458,28373,2813,31186,721
2021-05-08,Inyo,027,18085,1402,1402,11,1413,36
2021-05-08,Kern,029,883053,96873,95880,10760,106640,1310
2021-05-08,Kings,031,150075,23101,22872,1087,23959,246
2021-05-08,Lake,033,64148,3483,3470,9,3479,43
2021-05-08,Lassen,035,31185,5177,5145,108,5253,5
2021-05-08,Los Angeles,037,10098052,1201627,1194584,41551,1236135,24022
2021-05-08,Madera,039,155013,16530,16442,921,17363,238
2021-05-08,Marin,041,260295,14013,13974,251,14225,228
2021-05-08,Mariposa,043,17540,423,420,11,431,5
2021-05-08,Mendocino,045,87422,3890,3810,78,3888,46
2021-05-08,Merced,047,269075,30843,30876,984,31860,448
2021-05-08,Modoc,049,8938,373,360,124,484,3
2021-05-08,Mono,051,14174,1250,1262,16,1278,3
2021-05-08,Monterey,053,433212,43087,42914,1870,44784,380
2021-05-08,Napa,055,140530,9849,9853,36,9889,81
2021-05-08,Nevada,057,99092,4755,4716,187,4903,70
2021-05-08,Orange,059,3164182,254742,253412,11276,264688,5006
2021-05-08,Placer,061,380077,22933,22547,1452,23999,286
2021-05-08,Plumas,063,18699,693,679,10,689,4
2021-05-08,Riverside,065,2383286,293241,287574,13970,301544,4427
2021-05-08,Sacramento,067,1510023,104555,104208,1736,105944,1610
2021-05-08,San Benito,069,59416,6048,6048,114,6162,63
2021-05-08,San Bernardino,071,2135413,292467,291296,8959,300255,4707
2021-05-08,San Diego,073,3302833,278915,277760,14683,292443,3725
2021-05-08,San Francisco,075,870044,36452,36642,1278,37920,543
2021-05-08,San Joaquin,077,732212,72516,71869,3505,75374,1356
2021-05-08,San Luis Obispo,079,281455,21171,20992,726,21718,256
2021-05-08,San Mateo,081,765935,42132,41871,466,42337,424
2021-05-08,Santa Barbara,083,443738,34440,34185,1197,35382,456
2021-05-08,Santa Clara,085,1922200,118068,118751,756,119507,2003
2021-05-08,Santa Cruz,087,273765,16147,16089,814,16903,206
2021-05-08,Shasta,089,179085,12062,12030,1519,13549,200
2021-05-08,Sierra,091,2930,56,54,12,66,0
2021-05-08,Siskiyou,093,43540,1842,1741,328,2069,13
2021-05-08,Solano,095,438530,32476,32395,537,32932,249
2021-05-08,Sonoma,097,501317,29779,29942,324,30266,318
2021-05-08,Stanislaus,099,539301,55727,55467,5880,61347,898
2021-05-08,Sutter,101,95872,9420,9413,83,9496,111
2021-05-08,Tehama,103,63373,5009,4977,563,5540,62
2021-05-08,Trinity,105,12862,482,327,87,414,3
2021-05-08,Tulare,107,460477,49965,48929,8976,57905,837
2021-05-08,Tuolumne,109,53932,3994,4050,38,4088,63
2021-05-08,Ventura,111,848112,81100,80481,2977,83458,1008
2021-05-08,Yolo,113,214977,13873,13894,300,14194,209
2021-05-08,Yuba,115,75493,5969,5928,122,6050,46
2021-05-07,Alameda,001,1643700,87365,87128,1942,89070,1280
2021-05-07,Alpine,003,1148,87,88,0,88,0
2021-05-07,Amador,005,37829,3657,3651,33,3684,46
2021-05-07,Butte,007,227075,12334,11943,1796,13739,199
2021-05-07,Calaveras,009,45235,2115,2114,14,2128,52
2021-05-07,Colusa,011,21464,1934,1937,298,2235,14
2021-05-07,Contra Costa,013,1133247,68755,68156,1247,69403,804
2021-05-07,Del Norte,015,27424,1368,1329,12,1341,8
2021-05-07,El Dorado,017,186661,10121,10065,714,10779,112
2021-05-07,Fresno,019,978130,102211,101625,8661,110286,1684
2021-05-07,Glenn,021,27897,2402,2381,549,2930,17
2021-05-07,Humboldt,023,135768,3992,3919,33,3952,36
2021-05-07,Imperial,025,180216,28450,28352,2812,31164,721
2021-05-07,Inyo,027,18085,1402,1402,11,1413,36
2021-05-07,Kern,029,883053,96860,95839,10748,106587,1308
2021-05-07,Kings,031,150075,23100,22857,1086,23943,246
2021-05-07,Lake,033,64148,3481,3467,9,3476,43
2021-05-07,Lassen,035,31185,5176,5144,107,5251,5
2021-05-07,Los Angeles,037,10098052,1201450,1194294,41543,1235837,24008
2021-05-07,Madera,039,155013,16525,16439,920,17359,238
2021-05-07,Marin,041,260295,14009,13968,251,14219,228
2021-05-07,Mariposa,043,17540,422,419,11,430,5
2021-05-07,Mendocino,045,87422,3884,3805,78,3883,46
2021-05-07,Merced,047,269075,30840,30862,984,31846,446
2021-05-07,Modoc,049,8938,373,360,124,484,3
2021-05-07,Mono,051,14174,1249,1261,16,1277,3
2021-05-07,Monterey,053,433212,43081,42909,1868,44777,380
2021-05-07,Napa,055,140530,9848,9849,36,9885,81
2021-05-07,Nevada,057,99092,4751,4704,187,4891,70
2021-05-07,Orange,059,3164182,254702,253338,11267,264605,5000
2021-05-07,Placer,061,380077,22913,22524,1450,23974,286
2021-05-07,Plumas,063,18699,693,678,10,688,4
2021-05-07,Riverside,065,2383286,293183,287479,13969,301448,4426
2021-05-07,Sacramento,067,1510023,104482,104068,1731,105799,1609
2021-05-07,San Benito,069,59416,6047,6048,114,6162,63
2021-05-07,San Bernardino,071,2135413,292425,291185,8954,300139,4697
2021-05-07,San Diego,073,3302833,278830,277534,14668,292202,3718
2021-05-07,San Francisco,075,870044,36439,36616,1277,37893,543
2021-05-07,San Joaquin,077,732212,72476,71804,3503,75307,1351
2021-05-07,San Luis Obispo,079,281455,21164,20979,726,21705,256
2021-05-07,San Mateo,081,765935,42116,41844,466,42310,424
2021-05-07,Santa Barbara,083,443738,34430,34166,1197,35363,453
2021-05-07,Santa Clara,085,1922200,118035,118691,755,119446,2002
2021-05-07,Santa Cruz,087,273765,16144,16074,814,16888,206
2021-05-07,Shasta,089,179085,12040,12005,1517,13522,200
2021-05-07,Sierra,091,2930,56,54,12,66,0
2021-05-07,Siskiyou,093,43540,1839,1723,328,2051,13
2021-05-07,Solano,095,438530,32449,32352,535,32887,249
2021-05-07,Sonoma,097,501317,29761,29925,322,30247,318
2021-05-07,Stanislaus,099,539301,55686,55407,5874,61281,896
2021-05-07,Sutter,101,95872,9420,9407,82,9489,111
2021-05-07,Tehama,103,63373,5002,4974,563,5537,57
2021-05-07,Trinity,105,12862,482,327,87,414,3
2021-05-07,Tulare,107,460477,49948,48913,8971,57884,837
2021-05-07,Tuolumne,109,53932,3992,4048,38,4086,63
2021-05-07,Ventura,111,848112,81076,80444,2977,83421,1008
2021-05-07,Yolo,113,214977,13867,13875,299,14174,209
2021-05-07,Yuba,115,75493,5959,5910,122,6032,46
2021-05-06,Alameda,001,1643700,87287,87028,1939,88967,1278
2021-05-06,Alpine,003,1148,87,88,0,88,0
2021-05-06,Amador,005,37829,3655,3650,33,3683,46
2021-05-06,Butte,007,227075,12314,11929,1791,13720,198
2021-05-06,Calaveras,009,45235,2114,2111,14,2125,52
2021-05-06,Colusa,011,21464,1934,1935,298,2233,14
2021-05-06,Contra Costa,013,1133247,68700,68076,1244,69320,802
2021-05-06,Del Norte,015,27424,1360,1324,12,1336,6
2021-05-06,El Dorado,017,186661,10114,10048,714,10762,112
2021-05-06,Fresno,019,978130,102167,101536,8657,110193,1680
2021-05-06,Glenn,021,27897,2401,2380,548,2928,17
2021-05-06,Humboldt,023,135768,3967,3898,33,3931,36
2021-05-06,Imperial,025,180216,28439,28311,2811,31122,720
2021-05-06,Inyo,027,18085,1402,1401,11,1412,36
2021-05-06,Kern,029,883053,96835,95801,10731,106532,1307
2021-05-06,Kings,031,150075,23093,22848,1085,23933,246
2021-05-06,Lake,033,64148,3480,3465,9,3474,43
2021-05-06,Lassen,035,31185,5175,5143,107,5250,1
2021-05-06,Los Angeles,037,10098052,1201209,1193954,41526,1235480,23991
2021-05-06,Madera,039,155013,16517,16430,920,17350,238
2021-05-06,Marin,041,260295,14005,13956,251,14207,228
2021-05-06,Mariposa,043,17540,421,419,11,430,5
2021-05-06,Mendocino,045,87422,3873,3802,78,3880,46
2021-05-06,Merced,047,269075,30824,30863,983,31846,444
2021-05-06,Modoc,049,8938,373,360,124,484,3
2021-05-06,Mono,051,14174,1247,1261,16,1277,3
2021-05-06,Monterey,053,433212,43066,42899,1868,44767,379
2021-05-06,Napa,055,140530,9842,9843,36,9879,81
2021-05-06,Nevada,057,99092,4750,4687,187,4874,70
2021-05-06,Orange,059,3164182,254634,253286,11261,264547,4991
2021-05-06,Placer,061,380077,22891,22493,1450,23943,286
2021-05-06,Plumas,063,18699,693,678,10,688,4
2021-05-06,Riverside,065,2383286,293110,287399,13964,301363,4422
2021-05-06,Sacramento,067,1510023,104366,103956,1728,105684,1609
2021-05-06,San Benito,069,59416,6046,6045,114,6159,63
2021-05-06,San Bernardino,071,2135413,292355,291085,8953,300038,4683
2021-05-06,San Diego,073,3302833,278706,277324,14645,291969,3716
2021-05-06,San Francisco,075,870044,36424,36599,1277,37876,543
2021-05-06,San Joaquin,077,732212,72421,71729,3500,75229,1350
2021-05-06,San Luis Obispo,079,281455,21152,20965,724,21689,256
2021-05-06,San Mateo,081,765935,42098,41802,465,42267,424
2021-05-06,Santa Barbara,083,443738,34417,34152,1197,35349,453
2021-05-06,Santa Clara,085,1922200,117994,118591,755,119346,2001
2021-05-06,Santa Cruz,087,273765,16137,16050,814,16864,206
2021-05-06,Shasta,089,179085,12018,11983,1511,13494,199
2021-05-06,Sierra,091,2930,56,54,12,66,0
2021-05-06,Siskiyou,093,43540,1829,1711,327,2038,12
2021-05-06,Solano,095,438530,32423,32320,527,32847,249
2021-05-06,Sonoma,097,501317,29753,29911,322,30233,318
2021-05-06,Stanislaus,099,539301,55629,55323,5870,61193,834
2021-05-06,Sutter,101,95872,9414,9396,82,9478,111
2021-05-06,Tehama,103,63373,4997,4970,563,5533,53
2021-05-06,Trinity,105,12862,482,327,87,414,3
2021-05-06,Tulare,107,460477,49923,48890,8956,57846,836
2021-05-06,Tuolumne,109,53932,3988,4047,38,4085,63
2021-05-06,Ventura,111,848112,81045,80411,2974,83385,1005
2021-05-06,Yolo,113,214977,13859,13871,295,14166,209
2021-05-06,Yuba,115,75493,5947,5901,122,6023,46
2021-05-05,Alameda,001,1643700,87226,86950,1937,88887,1278
2021-05-05,Alpine,003,1148,87,88,0,88,0
2021-05-05,Amador,005,37829,3652,3650,33,3683,46
2021-05-05,Butte,007,227075,12296,11907,1788,13695,198
2021-05-05,Calaveras,009,45235,2110,2103,14,2117,52
2021-05-05,Colusa,011,21464,1933,1933,298,2231,14
2021-05-05,Contra Costa,013,1133247,68635,67997,1240,69237,803
2021-05-05,Del Norte,015,27424,1357,1317,12,1329,6
2021-05-05,El Dorado,017,186661,10103,10020,713,10733,111
2021-05-05,Fresno,019,978130,102118,101491,8648,110139,1680
2021-05-05,Glenn,021,27897,2398,2380,547,2927,17
2021-05-05,Humboldt,023,135768,3948,3886,32,3918,36
2021-05-05,Imperial,025,180216,28398,28295,2804,31099,720
2021-05-05,Inyo,027,18085,1401,1401,11,1412,36
2021-05-05,Kern,029,883053,96791,95753,10727,106480,1304
2021-05-05,Kings,031,150075,23087,22840,1084,23924,246
2021-05-05,Lake,033,64148,3477,3458,9,3467,43
2021-05-05,Lassen,035,31185,5175,5143,106,5249,1
2021-05-05,Los Angeles,037,10098052,1200937,1193608,41513,1235121,23977
2021-05-05,Madera,039,155013,16515,16423,920,17343,235
2021-05-05,Marin,041,260295,13997,13950,250,14200,228
2021-05-05,Mariposa,043,17540,421,418,11,429,5
2021-05-05,Mendocino,045,87422,3869,3799,78,3877,46
2021-05-05,Merced,047,269075,30803,30844,983,31827,444
2021-05-05,Modoc,049,8938,372,361,123,484,3
2021-05-05,Mono,051,14174,1247,1260,16,1276,3
2021-05-05,Monterey,053,433212,43052,42870,1865,44735,379
2021-05-05,Napa,055,140530,9836,9833,36,9869,81
2021-05-05,Nevada,057,99092,4747,4666,187,4853,70
2021-05-05,Orange,059,3164182,254576,253237,11257,264494,4978
2021-05-05,Placer,061,380077,22859,22362,1446,23808,287
2021-05-05,Plumas,063,18699,693,677,10,687,4
2021-05-05,Riverside,065,2383286,293015,287353,13954,301307,4414
2021-05-05,Sacramento,067,1510023,104278,103476,1723,105199,1607
2021-05-05,San Benito,069,59416,6037,6046,114,6160,63
2021-05-05,San Bernardino,071,2135413,292281,291008,8949,299957,4677
2021-05-05,San Diego,073,3302833,278569,277098,14625,291723,3716
2021-05-05,San Francisco,075,870044,36410,36577,1276,37853,543
2021-05-05,San Joaquin,077,732212,72368,71638,3497,75135,1345
2021-05-05,San Luis Obispo,079,281455,21144,20958,724,21682,256
2021-05-05,San Mateo,081,765935,42067,41755,464,42219,415
2021-05-05,Santa Barbara,083,443738,34402,34139,1196,35335,453
2021-05-05,Santa Clara,085,1922200,117964,118482,751,119233,1992
2021-05-05,Santa Cruz,087,273765,16131,16013,814,16827,207
2021-05-05,Shasta,089,179085,12002,11939,1507,13446,200
2021-05-05,Sierra,091,2930,56,54,12,66,0
2021-05-05,Siskiyou,093,43540,1812,1706,319,2025,11
2021-05-05,Solano,095,438530,32388,32250,525,32775,249
2021-05-05,Sonoma,097,501317,29740,29879,322,30201,318
2021-05-05,Stanislaus,099,539301,55571,55231,5868,61099,807
2021-05-05,Sutter,101,95872,9408,9387,82,9469,111
2021-05-05,Tehama,103,63373,4994,4968,563,5531,53
2021-05-05,Trinity,105,12862,482,326,87,413,3
2021-05-05,Tulare,107,460477,49899,48875,8949,57824,835
2021-05-05,Tuolumne,109,53932,3985,4040,38,4078,63
2021-05-05,Ventura,111,848112,81017,80372,2970,83342,1005
2021-05-05,Yolo,113,214977,13855,13846,293,14139,209
2021-05-05,Yuba,115,75493,5937,5895,121,6016,44
2021-05-04,Alameda,001,1643700,87134,86894,1937,88831,1277
2021-05-04,Alpine,003,1148,87,88,0,88,0
2021-05-04,Amador,005,37829,3652,3650,33,3683,46
2021-05-04,Butte,007,227075,12272,11883,1786,13669,198
2021-05-04,Calaveras,009,45235,2105,2100,14,2114,52
2021-05-04,Colusa,011,21464,1932,1933,298,2231,14
2021-05-04,Contra Costa,013,1133247,68556,67931,1237,69168,799
2021-05-04,Del Norte,015,27424,1357,1314,12,1326,6
2021-05-04,El Dorado,017,186661,10092,10009,709,10718,110
2021-05-04,Fresno,019,978130,102063,101451,8641,110092,1677
2021-05-04,Glenn,021,27897,2395,2379,544,2923,17
2021-05-04,Humboldt,023,135768,3922,3877,32,3909,36
2021-05-04,Imperial,025,180216,28378,28276,2800,31076,720
2021-05-04,Inyo,027,18085,1401,1399,11,1410,36
2021-05-04,Kern,029,883053,96755,95720,10709,106429,1301
2021-05-04,Kings,031,150075,23073,22822,1081,23903,246
2021-05-04,Lake,033,64148,3476,3454,9,3463,43
2021-05-04,Lassen,035,31185,5174,5142,106,5248,1
2021-05-04,Los Angeles,037,10098052,1200649,1193453,41501,1234954,23957
2021-05-04,Madera,039,155013,16514,16418,920,17338,235
2021-05-04,Marin,041,260295,13989,13935,250,14185,228
2021-05-04,Mariposa,043,17540,421,418,11,429,5
2021-05-04,Mendocino,045,87422,3864,3794,78,3872,46
2021-05-04,Merced,047,269075,30786,30829,983,31812,444
2021-05-04,Modoc,049,8938,371,360,122,482,3
2021-05-04,Mono,051,14174,1247,1260,16,1276,3
2021-05-04,Monterey,053,433212,43040,42845,1864,44709,380
2021-05-04,Napa,055,140530,9827,9824,36,9860,81
2021-05-04,Nevada,057,99092,4740,4656,187,4843,70
2021-05-04,Orange,059,3164182,254509,253177,11247,264424,4977
2021-05-04,Placer,061,380077,22830,22326,1443,23769,287
2021-05-04,Plumas,063,18699,692,675,10,685,4
2021-05-04,Riverside,065,2383286,292931,287285,13947,301232,4411
2021-05-04,Sacramento,067,1510023,104149,103383,1718,105101,1604
2021-05-04,San Benito,069,59416,6036,6039,114,6153,63
2021-05-04,San Bernardino,071,2135413,292204,290934,8942,299876,4668
2021-05-04,San Diego,073,3302833,278403,276879,14608,291487,3713
2021-05-04,San Francisco,075,870044,36392,36550,1276,37826,541
2021-05-04,San Joaquin,077,732212,72306,71582,3492,75074,1342
2021-05-04,San Luis Obispo,079,281455,21138,20923,722,21645,255
2021-05-04,San Mateo,081,765935,42041,41708,464,42172,415
2021-05-04,Santa Barbara,083,443738,34386,34131,1195,35326,453
2021-05-04,Santa Clara,085,1922200,117901,118431,750,119181,1988
2021-05-04,Santa Cruz,087,273765,16125,16005,814,16819,207
2021-05-04,Shasta,089,179085,11982,11923,1501,13424,198
2021-05-04,Sierra,091,2930,56,54,12,66,0
2021-05-04,Siskiyou,093,43540,1805,1694,317,2011,11
2021-05-04,Solano,095,438530,32347,32220,523,32743,249
2021-05-04,Sonoma,097,501317,29720,29867,321,30188,318
2021-05-04,Stanislaus,099,539301,55515,55165,5865,61030,807
2021-05-04,Sutter,101,95872,9403,9375,82,9457,111
2021-05-04,Tehama,103,63373,4992,4959,562,5521,53
2021-05-04,Trinity,105,12862,482,326,87,413,3
2021-05-04,Tulare,107,460477,49872,48857,8940,57797,835
2021-05-04,Tuolumne,109,53932,3983,4041,38,4079,61
2021-05-04,Ventura,111,848112,80988,80351,2968,83319,1005
2021-05-04,Yolo,113,214977,13842,13820,291,14111,208
2021-05-04,Yuba,115,75493,5931,5891,121,6012,44
2021-05-03,Alameda,001,1643700,87058,86845,1931,88776,1272
2021-05-03,Alpine,003,1148,87,88,0,88,0
2021-05-03,Amador,005,37829,3652,3651,33,3684,46
2021-05-03,Butte,007,227075,12262,11864,1783,13647,198
2021-05-03,Calaveras,009,45235,2104,2099,14,2113,50
2021-05-03,Colusa,011,21464,1931,1931,296,2227,14
2021-05-03,Contra Costa,013,1133247,68497,67895,1233,69128,799
2021-05-03,Del Norte,015,27424,1352,1306,11,1317,6
2021-05-03,El Dorado,017,186661,10074,9984,704,10688,110
2021-05-03,Fresno,019,978130,102008,101405,8630,110035,1678
2021-05-03,Glenn,021,27897,2395,2375,543,2918,17
2021-05-03,Humboldt,023,135768,3907,3865,32,3897,36
2021-05-03,Imperial,025,180216,28356,28280,2797,31077,720
2021-05-03,Inyo,027,18085,1400,1398,11,1409,36
2021-05-03,Kern,029,883053,96718,95693,10697,106390,1299
2021-05-03,Kings,031,150075,23064,22821,1081,23902,246
2021-05-03,Lake,033,64148,3474,3446,9,3455,43
2021-05-03,Lassen,035,31185,5173,5142,106,5248,1
2021-05-03,Los Angeles,037,10098052,1200381,1193261,41475,1234736,23942
2021-05-03,Madera,039,155013,16509,16414,919,17333,235
2021-05-03,Marin,041,260295,13983,13927,250,14177,228
2021-05-03,Mariposa,043,17540,421,418,11,429,5
2021-05-03,Mendocino,045,87422,3857,3792,78,3870,46
2021-05-03,Merced,047,269075,30775,30814,981,31795,444
2021-05-03,Modoc,049,8938,371,360,122,482,3
2021-05-03,Mono,051,14174,1247,1259,16,1275,3
2021-05-03,Monterey,053,433212,43028,42837,1862,44699,380
2021-05-03,Napa,055,140530,9822,9815,36,9851,81
2021-05-03,Nevada,057,99092,4732,4650,187,4837,70
2021-05-03,Orange,059,3164182,254450,253107,11238,264345,4968
2021-05-03,Placer,061,380077,22799,22289,1437,23726,287
2021-05-03,Plumas,063,18699,691,675,10,685,4
2021-05-03,Riverside,065,2383286,292857,287233,13946,301179,4412
2021-05-03,Sacramento,067,1510023,103996,103303,1708,105011,1602
2021-05-03,San Benito,069,59416,6035,6038,114,6152,63
2021-05-03,San Bernardino,071,2135413,292136,290886,8939,299825,4659
2021-05-03,San Diego,073,3302833,278240,276693,14583,291276,3712
2021-05-03,San Francisco,075,870044,36366,36538,1276,37814,541
2021-05-03,San Joaquin,077,732212,72255,71504,3489,74993,1325
2021-05-03,San Luis Obispo,079,281455,21122,20915,719,21634,254
2021-05-03,San Mateo,081,765935,42018,41689,463,42152,413
2021-05-03,Santa Barbara,083,443738,34374,34119,1195,35314,453
2021-05-03,Santa Clara,085,1922200,117847,118373,749,119122,1988
2021-05-03,Santa Cruz,087,273765,16122,16000,814,16814,207
2021-05-03,Shasta,089,179085,11959,11890,1496,13386,197
2021-05-03,Sierra,091,2930,56,54,12,66,0
2021-05-03,Siskiyou,093,43540,1799,1683,311,1994,11
2021-05-03,Solano,095,438530,32306,32201,522,32723,249
2021-05-03,Sonoma,097,501317,29708,29855,318,30173,318
2021-05-03,Stanislaus,099,539301,55449,55116,5856,60972,774
2021-05-03,Sutter,101,95872,9391,9370,82,9452,111
2021-05-03,Tehama,103,63373,4983,4952,562,5514,53
2021-05-03,Trinity,105,12862,482,326,87,413,3
2021-05-03,Tulare,107,460477,49855,48844,8930,57774,835
2021-05-03,Tuolumne,109,53932,3982,4038,38,4076,61
2021-05-03,Ventura,111,848112,80966,80291,2968,83259,1005
2021-05-03,Yolo,113,214977,13829,13809,289,14098,208
2021-05-03,Yuba,115,75493,5926,5880,121,6001,44
2021-05-02,Alameda,001,1643700,86973,86784,1930,88714,1272
2021-05-02,Alpine,003,1148,87,88,0,88,0
2021-05-02,Amador,005,37829,3652,3650,33,3683,46
2021-05-02,Butte,007,227075,12238,11859,1780,13639,198
2021-05-02,Calaveras,009,45235,2100,2098,14,2112,50
2021-05-02,Colusa,011,21464,1930,1931,295,2226,14
2021-05-02,Contra Costa,013,1133247,68412,67843,1231,69074,800
2021-05-02,Del Norte,015,27424,1345,1305,11,1316,6
2021-05-02,El Dorado,017,186661,10059,9962,703,10665,110
2021-05-02,Fresno,019,978130,101937,101372,8619,109991,1678
2021-05-02,Glenn,021,27897,2394,2374,541,2915,17
2021-05-02,Humboldt,023,135768,3895,3858,31,3889,36
2021-05-02,Imperial,025,180216,28322,28275,2786,31061,721
2021-05-02,Inyo,027,18085,1398,1398,11,1409,36
2021-05-02,Kern,029,883053,96660,95668,10690,106358,1299
2021-05-02,Kings,031,150075,23046,22816,1080,23896,246
2021-05-02,Lake,033,64148,3472,3443,9,3452,43
2021-05-02,Lassen,035,31185,5172,5142,105,5247,1
2021-05-02,Los Angeles,037,10098052,1200031,1193056,41452,1234508,23943
2021-05-02,Madera,039,155013,16503,16410,919,17329,235
2021-05-02,Marin,041,260295,13973,13917,250,14167,228
2021-05-02,Mariposa,043,17540,421,419,11,430,5
2021-05-02,Mendocino,045,87422,3852,3787,78,3865,46
2021-05-02,Merced,047,269075,30753,30793,979,31772,444
2021-05-02,Modoc,049,8938,370,360,122,482,3
2021-05-02,Mono,051,14174,1246,1259,16,1275,3
2021-05-02,Monterey,053,433212,43014,42837,1861,44698,380
2021-05-02,Napa,055,140530,9818,9805,36,9841,81
2021-05-02,Nevada,057,99092,4716,4635,187,4822,70
2021-05-02,Orange,059,3164182,254376,253025,11224,264249,4968
2021-05-02,Placer,061,380077,22770,22264,1434,23698,287
2021-05-02,Plumas,063,18699,691,675,10,685,4
2021-05-02,Riverside,065,2383286,292757,287197,13936,301133,4412
2021-05-02,Sacramento,067,1510023,103857,103153,1701,104854,1602
2021-05-02,San Benito,069,59416,6030,6037,114,6151,63
2021-05-02,San Bernardino,071,2135413,292037,290859,8937,299796,4655
2021-05-02,San Diego,073,3302833,278043,276521,14556,291077,3712
2021-05-02,San Francisco,075,870044,36340,36522,1276,37798,541
2021-05-02,San Joaquin,077,732212,72191,71447,3482,74929,1325
2021-05-02,San Luis Obispo,079,281455,21102,20910,718,21628,254
2021-05-02,San Mateo,081,765935,42002,41656,462,42118,412
2021-05-02,Santa Barbara,083,443738,34360,34106,1195,35301,453
2021-05-02,Santa Clara,085,1922200,117773,118321,749,119070,1988
2021-05-02,Santa Cruz,087,273765,16117,15995,813,16808,207
2021-05-02,Shasta,089,179085,11943,11885,1488,13373,197
2021-05-02,Sierra,091,2930,56,54,12,66,0
2021-05-02,Siskiyou,093,43540,1788,1661,310,1971,11
2021-05-02,Solano,095,438530,32267,32151,518,32669,249
2021-05-02,Sonoma,097,501317,29686,29842,318,30160,318
2021-05-02,Stanislaus,099,539301,55376,55057,5849,60906,774
2021-05-02,Sutter,101,95872,9384,9363,82,9445,111
2021-05-02,Tehama,103,63373,4978,4950,560,5510,53
2021-05-02,Trinity,105,12862,482,326,87,413,3
2021-05-02,Tulare,107,460477,49837,48834,8922,57756,835
2021-05-02,Tuolumne,109,53932,3979,4038,38,4076,61
2021-05-02,Ventura,111,848112,80929,80284,2967,83251,1005
2021-05-02,Yolo,113,214977,13817,13799,288,14087,208
2021-05-02,Yuba,115,75493,5916,5879,121,6000,44
2021-05-01,Alameda,001,1643700,86930,86704,1927,88631,1270
2021-05-01,Alpine,003,1148,87,88,0,88,0
2021-05-01,Amador,005,37829,3652,3650,33,3683,46
2021-05-01,Butte,007,227075,12224,11845,1775,13620,198
2021-05-01,Calaveras,009,45235,2098,2096,14,2110,50
2021-05-01,Colusa,011,21464,1929,1931,295,2226,14
2021-05-01,Contra Costa,013,1133247,68360,67779,1228,69007,800
2021-05-01,Del Norte,015,27424,1344,1292,11,1303,6
2021-05-01,El Dorado,017,186661,10045,9944,701,10645,110
2021-05-01,Fresno,019,978130,101892,101326,8613,109939,1678
2021-05-01,Glenn,021,27897,2391,2369,540,2909,17
2021-05-01,Humboldt,023,135768,3881,3845,31,3876,36
2021-05-01,Imperial,025,180216,28315,28262,2786,31048,721
2021-05-01,Inyo,027,18085,1398,1397,11,1408,36
2021-05-01,Kern,029,883053,96633,95645,10678,106323,1299
2021-05-01,Kings,031,150075,23043,22797,1079,23876,246
2021-05-01,Lake,033,64148,3470,3441,9,3450,43
2021-05-01,Lassen,035,31185,5170,5142,105,5247,1
2021-05-01,Los Angeles,037,10098052,1199862,1192781,41437,1234218,23946
2021-05-01,Madera,039,155013,16499,16408,919,17327,235
2021-05-01,Marin,041,260295,13966,13902,250,14152,228
2021-05-01,Mariposa,043,17540,421,418,11,429,5
2021-05-01,Mendocino,045,87422,3850,3782,78,3860,46
2021-05-01,Merced,047,269075,30735,30771,979,31750,444
2021-05-01,Modoc,049,8938,370,361,122,483,3
2021-05-01,Mono,051,14174,1246,1258,16,1274,3
2021-05-01,Monterey,053,433212,43008,42828,1861,44689,379
2021-05-01,Napa,055,140530,9815,9800,36,9836,81
2021-05-01,Nevada,057,99092,4711,4625,187,4812,70
2021-05-01,Orange,059,3164182,254333,252969,11213,264182,4964
2021-05-01,Placer,061,380077,22744,22240,1432,23672,287
2021-05-01,Plumas,063,18699,690,675,10,685,4
2021-05-01,Riverside,065,2383286,292718,287129,13934,301063,4412
2021-05-01,Sacramento,067,1510023,103776,103043,1700,104743,1602
2021-05-01,San Benito,069,59416,6027,6030,114,6144,63
2021-05-01,San Bernardino,071,2135413,291994,290802,8935,299737,4652
2021-05-01,San Diego,073,3302833,277919,276367,14535,290902,3706
2021-05-01,San Francisco,075,870044,36325,36496,1276,37772,541
2021-05-01,San Joaquin,077,732212,72143,71389,3480,74869,1325
2021-05-01,San Luis Obispo,079,281455,21097,20896,718,21614,254
2021-05-01,San Mateo,081,765935,41973,41617,461,42078,411
2021-05-01,Santa Barbara,083,443738,34355,34085,1194,35279,453
2021-05-01,Santa Clara,085,1922200,117721,118265,747,119012,1988
2021-05-01,Santa Cruz,087,273765,16114,15984,813,16797,207
2021-05-01,Shasta,089,179085,11923,11878,1480,13358,197
2021-05-01,Sierra,091,2930,56,53,12,65,0
2021-05-01,Siskiyou,093,43540,1780,1653,309,1962,11
2021-05-01,Solano,095,438530,32237,32124,510,32634,249
2021-05-01,Sonoma,097,501317,29683,29835,318,30153,318
2021-05-01,Stanislaus,099,539301,55341,55005,5843,60848,774
2021-05-01,Sutter,101,95872,9381,9358,82,9440,110
2021-05-01,Tehama,103,63373,4977,4950,559,5509,53
2021-05-01,Trinity,105,12862,482,326,86,412,3
2021-05-01,Tulare,107,460477,49830,48818,8916,57734,835
2021-05-01,Tuolumne,109,53932,3973,4035,38,4073,61
2021-05-01,Ventura,111,848112,80911,80268,2967,83235,1005
2021-05-01,Yolo,113,214977,13810,13784,286,14070,208
2021-05-01,Yuba,115,75493,5914,5875,121,5996,44
2021-04-30,Alameda,001,1643700,86869,86602,1924,88526,1268
2021-04-30,Alpine,003,1148,87,88,0,88,0
2021-04-30,Amador,005,37829,3650,3650,33,3683,46
2021-04-30,Butte,007,227075,12205,11812,1771,13583,197
2021-04-30,Calaveras,009,45235,2097,2087,14,2101,50
2021-04-30,Colusa,011,21464,1929,1931,294,2225,14
2021-04-30,Contra Costa,013,1133247,68312,67684,1225,68909,800
2021-04-30,Del Norte,015,27424,1332,1276,11,1287,6
2021-04-30,El Dorado,017,186661,10031,9906,701,10607,110
2021-04-30,Fresno,019,978130,101846,101263,8609,109872,1670
2021-04-30,Glenn,021,27897,2390,2369,540,2909,17
2021-04-30,Humboldt,023,135768,3868,3834,31,3865,36
2021-04-30,Imperial,025,180216,28306,28244,2783,31027,721
2021-04-30,Inyo,027,18085,1398,1397,11,1408,36
2021-04-30,Kern,029,883053,96616,95605,10674,106279,1298
2021-04-30,Kings,031,150075,23040,22793,1078,23871,246
2021-04-30,Lake,033,64148,3466,3440,9,3449,43
2021-04-30,Lassen,035,31185,5169,5140,105,5245,1
2021-04-30,Los Angeles,037,10098052,1199652,1192393,41424,1233817,23919
2021-04-30,Madera,039,155013,16493,16395,919,17314,235
2021-04-30,Marin,041,260295,13958,13895,248,14143,228
2021-04-30,Mariposa,043,17540,421,417,11,428,5
2021-04-30,Mendocino,045,87422,3846,3777,78,3855,46
2021-04-30,Merced,047,269075,30722,30740,978,31718,444
2021-04-30,Modoc,049,8938,369,360,122,482,3
2021-04-30,Mono,051,14174,1246,1258,16,1274,3
2021-04-30,Monterey,053,433212,42994,42810,1860,44670,379
2021-04-30,Napa,055,140530,9811,9792,36,9828,81
2021-04-30,Nevada,057,99092,4703,4608,187,4795,70
2021-04-30,Orange,059,3164182,254276,252883,11207,264090,4956
2021-04-30,Placer,061,380077,22725,22190,1428,23618,287
2021-04-30,Plumas,063,18699,690,677,10,687,4
2021-04-30,Riverside,065,2383286,292660,287030,13927,300957,4412
2021-04-30,Sacramento,067,1510023,103675,102864,1696,104560,1596
2021-04-30,San Benito,069,59416,6023,6024,113,6137,63
2021-04-30,San Bernardino,071,2135413,291933,290704,8934,299638,4640
2021-04-30,San Diego,073,3302833,277825,276157,14524,290681,3702
2021-04-30,San Francisco,075,870044,36314,36453,1275,37728,538
2021-04-30,San Joaquin,077,732212,72091,71311,3477,74788,1306
2021-04-30,San Luis Obispo,079,281455,21091,20884,718,21602,255
2021-04-30,San Mateo,081,765935,41958,41583,460,42043,380
2021-04-30,Santa Barbara,083,443738,34342,34061,1194,35255,451
2021-04-30,Santa Clara,085,1922200,117663,118170,743,118913,1988
2021-04-30,Santa Cruz,087,273765,16109,15975,813,16788,207
2021-04-30,Shasta,089,179085,11902,11848,1477,13325,197
2021-04-30,Sierra,091,2930,56,53,12,65,0
2021-04-30,Siskiyou,093,43540,1769,1628,306,1934,11
2021-04-30,Solano,095,438530,32205,32050,507,32557,249
2021-04-30,Sonoma,097,501317,29673,29816,316,30132,318
2021-04-30,Stanislaus,099,539301,55290,54938,5840,60778,774
2021-04-30,Sutter,101,95872,9379,9353,82,9435,110
2021-04-30,Tehama,103,63373,4975,4944,559,5503,53
2021-04-30,Trinity,105,12862,482,326,86,412,3
2021-04-30,Tulare,107,460477,49820,48797,8900,57697,836
2021-04-30,Tuolumne,109,53932,3972,4033,38,4071,61
2021-04-30,Ventura,111,848112,80871,80232,2962,83194,1004
2021-04-30,Yolo,113,214977,13798,13756,286,14042,208
2021-04-30,Yuba,115,75493,5906,5870,121,5991,44
2021-04-29,Alameda,001,1643700,86802,86490,1922,88412,1263
2021-04-29,Alpine,003,1148,87,88,0,88,0
2021-04-29,Amador,005,37829,3650,3649,33,3682,46
2021-04-29,Butte,007,227075,12190,11787,1769,13556,196
2021-04-29,Calaveras,009,45235,2094,2082,14,2096,50
2021-04-29,Colusa,011,21464,1929,1929,294,2223,14
2021-04-29,Contra Costa,013,1133247,68257,67606,1222,68828,795
2021-04-29,Del Norte,015,27424,1328,1271,11,1282,6
2021-04-29,El Dorado,017,186661,10011,9884,698,10582,107
2021-04-29,Fresno,019,978130,101792,101189,8598,109787,1667
2021-04-29,Glenn,021,27897,2387,2369,540,2909,17
2021-04-29,Humboldt,023,135768,3854,3815,31,3846,36
2021-04-29,Imperial,025,180216,28294,28235,2782,31017,720
2021-04-29,Inyo,027,18085,1398,1396,11,1407,36
2021-04-29,Kern,029,883053,96583,95547,10670,106217,1295
2021-04-29,Kings,031,150075,23030,22777,1073,23850,245
2021-04-29,Lake,033,64148,3458,3438,9,3447,43
2021-04-29,Lassen,035,31185,5169,5140,105,5245,1
2021-04-29,Los Angeles,037,10098052,1199374,1192068,41403,1233471,23899
2021-04-29,Madera,039,155013,16488,16383,918,17301,235
2021-04-29,Marin,041,260295,13954,13884,240,14124,228
2021-04-29,Mariposa,043,17540,420,416,11,427,5
2021-04-29,Mendocino,045,87422,3840,3774,78,3852,46
2021-04-29,Merced,047,269075,30702,30706,978,31684,444
2021-04-29,Modoc,049,8938,369,360,122,482,3
2021-04-29,Mono,051,14174,1244,1259,16,1275,3
2021-04-29,Monterey,053,433212,42977,42797,1859,44656,379
2021-04-29,Napa,055,140530,9797,9789,36,9825,81
2021-04-29,Nevada,057,99092,4692,4590,187,4777,70
2021-04-29,Orange,059,3164182,254206,252823,11192,264015,4934
2021-04-29,Placer,061,380077,22700,22161,1426,23587,286
2021-04-29,Plumas,063,18699,689,676,10,686,4
2021-04-29,Riverside,065,2383286,292592,286947,13924,300871,4409
2021-04-29,Sacramento,067,1510023,103542,102686,1686,104372,1593
2021-04-29,San Benito,069,59416,6022,6023,113,6136,63
2021-04-29,San Bernardino,071,2135413,291861,290606,8929,299535,4609
2021-04-29,San Diego,073,3302833,277675,275961,14507,290468,3700
2021-04-29,San Francisco,075,870044,36288,36412,1275,37687,537
2021-04-29,San Joaquin,077,732212,72025,71225,3472,74697,1301
2021-04-29,San Luis Obispo,079,281455,21080,20876,718,21594,255
2021-04-29,San Mateo,081,765935,41930,41538,459,41997,358
2021-04-29,Santa Barbara,083,443738,34326,34039,1192,35231,448
2021-04-29,Santa Clara,085,1922200,117608,118082,740,118822,1984
2021-04-29,Santa Cruz,087,273765,16103,15961,813,16774,205
2021-04-29,Shasta,089,179085,11871,11836,1469,13305,193
2021-04-29,Sierra,091,2930,56,53,12,65,0
2021-04-29,Siskiyou,093,43540,1760,1615,303,1918,11
2021-04-29,Solano,095,438530,32164,32002,503,32505,248
2021-04-29,Sonoma,097,501317,29658,29785,313,30098,318
2021-04-29,Stanislaus,099,539301,55223,54836,5835,60671,774
2021-04-29,Sutter,101,95872,9372,9346,82,9428,110
2021-04-29,Tehama,103,63373,4967,4939,559,5498,53
2021-04-29,Trinity,105,12862,482,326,86,412,3
2021-04-29,Tulare,107,460477,49802,48785,8888,57673,832
2021-04-29,Tuolumne,109,53932,3971,4030,38,4068,58
2021-04-29,Ventura,111,848112,80837,80188,2960,83148,1002
2021-04-29,Yolo,113,214977,13778,13745,285,14030,205
2021-04-29,Yuba,115,75493,5896,5865,121,5986,44
2021-04-28,Alameda,001,1643700,86730,86390,1918,88308,1260
2021-04-28,Alpine,003,1148,87,88,0,88,0
2021-04-28,Amador,005,37829,3650,3646,33,3679,46
2021-04-28,Butte,007,227075,12170,11762,1764,13526,196
2021-04-28,Calaveras,009,45235,2090,2078,13,2091,50
2021-04-28,Colusa,011,21464,1926,1927,293,2220,14
2021-04-28,Contra Costa,013,1133247,68197,67539,1221,68760,795
2021-04-28,Del Norte,015,27424,1320,1267,11,1278,6
2021-04-28,El Dorado,017,186661,9987,9873,698,10571,107
2021-04-28,Fresno,019,978130,101745,101161,8588,109749,1666
2021-04-28,Glenn,021,27897,2384,2368,540,2908,17
2021-04-28,Humboldt,023,135768,3838,3796,31,3827,36
2021-04-28,Imperial,025,180216,28280,28177,2780,30957,720
2021-04-28,Inyo,027,18085,1398,1396,10,1406,36
2021-04-28,Kern,029,883053,96553,95494,10661,106155,1295
2021-04-28,Kings,031,150075,23018,22767,1071,23838,245
2021-04-28,Lake,033,64148,3455,3433,9,3442,43
2021-04-28,Lassen,035,31185,5169,5138,105,5243,1
2021-04-28,Los Angeles,037,10098052,1199078,1191729,41377,1233106,23858
2021-04-28,Madera,039,155013,16484,16372,918,17290,235
2021-04-28,Marin,041,260295,13943,13866,240,14106,227
2021-04-28,Mariposa,043,17540,417,415,11,426,5
2021-04-28,Mendocino,045,87422,3834,3770,76,3846,46
2021-04-28,Merced,047,269075,30683,30649,978,31627,443
2021-04-28,Modoc,049,8938,369,360,122,482,3
2021-04-28,Mono,051,14174,1244,1258,16,1274,3
2021-04-28,Monterey,053,433212,42972,42776,1859,44635,379
2021-04-28,Napa,055,140530,9786,9777,36,9813,81
2021-04-28,Nevada,057,99092,4672,4570,187,4757,70
2021-04-28,Orange,059,3164182,254126,252747,11179,263926,4931
2021-04-28,Placer,061,380077,22673,22115,1425,23540,285
2021-04-28,Plumas,063,18699,689,676,10,686,4
2021-04-28,Riverside,065,2383286,292536,286868,13918,300786,4407
2021-04-28,Sacramento,067,1510023,103420,102613,1682,104295,1591
2021-04-28,San Benito,069,59416,6020,6021,113,6134,63
2021-04-28,San Bernardino,071,2135413,291782,290548,8919,299467,4582
2021-04-28,San Diego,073,3302833,277520,275821,14493,290314,3698
2021-04-28,San Francisco,075,870044,36258,36382,1274,37656,534
2021-04-28,San Joaquin,077,732212,71945,71171,3464,74635,1301
2021-04-28,San Luis Obispo,079,281455,21072,20851,718,21569,255
2021-04-28,San Mateo,081,765935,41905,41498,457,41955,358
2021-04-28,Santa Barbara,083,443738,34312,34003,1192,35195,448
2021-04-28,Santa Clara,085,1922200,117539,117997,738,118735,1969
2021-04-28,Santa Cruz,087,273765,16099,15943,812,16755,205
2021-04-28,Shasta,089,179085,11855,11815,1462,13277,192
2021-04-28,Sierra,091,2930,56,51,12,63,0
2021-04-28,Siskiyou,093,43540,1747,1603,301,1904,11
2021-04-28,Solano,095,438530,32132,31982,498,32480,248
2021-04-28,Sonoma,097,501317,29644,29773,309,30082,318
2021-04-28,Stanislaus,099,539301,55167,54745,5832,60577,774
2021-04-28,Sutter,101,95872,9367,9343,82,9425,110
2021-04-28,Tehama,103,63373,4961,4930,558,5488,53
2021-04-28,Trinity,105,12862,482,326,86,412,3
2021-04-28,Tulare,107,460477,49784,48754,8873,57627,832
2021-04-28,Tuolumne,109,53932,3968,4029,38,4067,58
2021-04-28,Ventura,111,848112,80802,80172,2958,83130,1000
2021-04-28,Yolo,113,214977,13763,13721,284,14005,205
2021-04-28,Yuba,115,75493,5890,5857,121,5978,44
2021-04-27,Alameda,001,1643700,86639,86301,1912,88213,1260
2021-04-27,Alpine,003,1148,87,88,0,88,0
2021-04-27,Amador,005,37829,3650,3645,33,3678,46
2021-04-27,Butte,007,227075,12145,11738,1758,13496,196
2021-04-27,Calaveras,009,45235,2089,2076,13,2089,50
2021-04-27,Colusa,011,21464,1925,1926,293,2219,14
2021-04-27,Contra Costa,013,1133247,68128,67470,1217,68687,791
2021-04-27,Del Norte,015,27424,1308,1266,11,1277,6
2021-04-27,El Dorado,017,186661,9958,9866,695,10561,106
2021-04-27,Fresno,019,978130,101680,101138,8578,109716,1663
2021-04-27,Glenn,021,27897,2384,2368,540,2908,17
2021-04-27,Humboldt,023,135768,3826,3780,31,3811,35
2021-04-27,Imperial,025,180216,28264,28149,2773,30922,720
2021-04-27,Inyo,027,18085,1398,1396,10,1406,36
2021-04-27,Kern,029,883053,96496,95466,10650,106116,1295
2021-04-27,Kings,031,150075,23003,22759,1069,23828,244
2021-04-27,Lake,033,64148,3454,3431,9,3440,43
2021-04-27,Lassen,035,31185,5169,5137,105,5242,1
2021-04-27,Los Angeles,037,10098052,1198755,1191504,41347,1232851,23825
2021-04-27,Madera,039,155013,16477,16365,918,17283,235
2021-04-27,Marin,041,260295,13921,13855,240,14095,227
2021-04-27,Mariposa,043,17540,416,413,11,424,5
2021-04-27,Mendocino,045,87422,3830,3765,76,3841,46
2021-04-27,Merced,047,269075,30643,30620,978,31598,443
2021-04-27,Modoc,049,8938,368,360,122,482,3
2021-04-27,Mono,051,14174,1244,1257,16,1273,3
2021-04-27,Monterey,053,433212,42954,42752,1856,44608,379
2021-04-27,Napa,055,140530,9779,9774,34,9808,81
2021-04-27,Nevada,057,99092,4657,4557,187,4744,70
2021-04-27,Orange,059,3164182,254057,252667,11174,263841,4925
2021-04-27,Placer,061,380077,22642,22050,1422,23472,285
2021-04-27,Plumas,063,18699,688,675,10,685,4
2021-04-27,Riverside,065,2383286,292460,286820,13914,300734,4405
2021-04-27,Sacramento,067,1510023,103291,102595,1672,104267,1589
2021-04-27,San Benito,069,59416,6015,6016,113,6129,63
2021-04-27,San Bernardino,071,2135413,291714,290461,8914,299375,4575
2021-04-27,San Diego,073,3302833,277363,275685,14473,290158,3692
2021-04-27,San Francisco,075,870044,36230,36358,1273,37631,533
2021-04-27,San Joaquin,077,732212,71892,71104,3458,74562,1301
2021-04-27,San Luis Obispo,079,281455,21065,20841,718,21559,255
2021-04-27,San Mateo,081,765935,41870,41474,456,41930,358
2021-04-27,Santa Barbara,083,443738,34289,33973,1191,35164,448
2021-04-27,Santa Clara,085,1922200,117489,117945,737,118682,1969
2021-04-27,Santa Cruz,087,273765,16092,15905,811,16716,205
2021-04-27,Shasta,089,179085,11827,11802,1455,13257,192
2021-04-27,Sierra,091,2930,56,51,12,63,0
2021-04-27,Siskiyou,093,43540,1732,1597,300,1897,11
2021-04-27,Solano,095,438530,32084,31964,497,32461,248
2021-04-27,Sonoma,097,501317,29626,29761,308,30069,318
2021-04-27,Stanislaus,099,539301,55097,54695,5824,60519,752
2021-04-27,Sutter,101,95872,9362,9342,82,9424,110
2021-04-27,Tehama,103,63373,4958,4922,554,5476,53
2021-04-27,Trinity,105,12862,482,326,86,412,3
2021-04-27,Tulare,107,460477,49768,48744,8864,57608,832
2021-04-27,Tuolumne,109,53932,3965,4028,38,4066,58
2021-04-27,Ventura,111,848112,80773,80152,2956,83108,1000
2021-04-27,Yolo,113,214977,13750,13697,282,13979,205
2021-04-27,Yuba,115,75493,5890,5853,121,5974,44
2021-04-26,Alameda,001,1643700,86547,86230,1909,88139,1256
2021-04-26,Alpine,003,1148,87,88,0,88,0
2021-04-26,Amador,005,37829,3649,3645,33,3678,46
2021-04-26,Butte,007,227075,12121,11720,1754,13474,196
2021-04-26,Calaveras,009,45235,2084,2074,13,2087,50
2021-04-26,Colusa,011,21464,1925,1925,292,2217,14
2021-04-26,Contra Costa,013,1133247,68060,67392,1213,68605,789
2021-04-26,Del Norte,015,27424,1299,1263,11,1274,6
2021-04-26,El Dorado,017,186661,9937,9849,694,10543,106
2021-04-26,Fresno,019,978130,101625,101099,8564,109663,1662
2021-04-26,Glenn,021,27897,2382,2367,540,2907,17
2021-04-26,Humboldt,023,135768,3816,3764,30,3794,35
2021-04-26,Imperial,025,180216,28251,28148,2768,30916,720
2021-04-26,Inyo,027,18085,1397,1396,10,1406,36
2021-04-26,Kern,029,883053,96469,95429,10644,106073,1295
2021-04-26,Kings,031,150075,23000,22756,1066,23822,244
2021-04-26,Lake,033,64148,3449,3428,9,3437,43
2021-04-26,Lassen,035,31185,5169,5138,105,5243,1
2021-04-26,Los Angeles,037,10098052,1198428,1191253,41328,1232581,23802
2021-04-26,Madera,039,155013,16465,16353,917,17270,231
2021-04-26,Marin,041,260295,13906,13849,240,14089,227
2021-04-26,Mariposa,043,17540,415,410,11,421,5
2021-04-26,Mendocino,045,87422,3828,3757,75,3832,46
2021-04-26,Merced,047,269075,30626,30611,975,31586,443
2021-04-26,Modoc,049,8938,368,360,122,482,3
2021-04-26,Mono,051,14174,1244,1258,16,1274,3
2021-04-26,Monterey,053,433212,42938,42740,1855,44595,379
2021-04-26,Napa,055,140530,9767,9769,34,9803,79
2021-04-26,Nevada,057,99092,4636,4548,187,4735,70
2021-04-26,Orange,059,3164182,253973,252592,11163,263755,4919
2021-04-26,Placer,061,380077,22613,22032,1417,23449,285
2021-04-26,Plumas,063,18699,688,670,10,680,4
2021-04-26,Riverside,065,2383286,292398,286724,13906,300630,4401
2021-04-26,Sacramento,067,1510023,103119,102459,1659,104118,1587
2021-04-26,San Benito,069,59416,6013,6013,113,6126,63
2021-04-26,San Bernardino,071,2135413,291663,290394,8913,299307,4572
2021-04-26,San Diego,073,3302833,277189,275541,14445,289986,3692
2021-04-26,San Francisco,075,870044,36202,36330,1272,37602,532
2021-04-26,San Joaquin,077,732212,71826,71050,3450,74500,1301
2021-04-26,San Luis Obispo,079,281455,21057,20830,717,21547,255
2021-04-26,San Mateo,081,765935,41840,41457,456,41913,357
2021-04-26,Santa Barbara,083,443738,34258,33948,1191,35139,448
2021-04-26,Santa Clara,085,1922200,117389,117874,734,118608,1968
2021-04-26,Santa Cruz,087,273765,16083,15877,811,16688,205
2021-04-26,Shasta,089,179085,11810,11787,1449,13236,192
2021-04-26,Sierra,091,2930,55,51,12,63,0
2021-04-26,Siskiyou,093,43540,1722,1592,296,1888,11
2021-04-26,Solano,095,438530,32039,31913,495,32408,247
2021-04-26,Sonoma,097,501317,29603,29755,306,30061,318
2021-04-26,Stanislaus,099,539301,55007,54638,5818,60456,744
2021-04-26,Sutter,101,95872,9357,9328,82,9410,110
2021-04-26,Tehama,103,63373,4953,4920,551,5471,53
2021-04-26,Trinity,105,12862,482,326,86,412,3
2021-04-26,Tulare,107,460477,49748,48735,8855,57590,831
2021-04-26,Tuolumne,109,53932,3964,4024,38,4062,58
2021-04-26,Ventura,111,848112,80748,80137,2953,83090,999
2021-04-26,Yolo,113,214977,13730,13684,279,13963,205
2021-04-26,Yuba,115,75493,5888,5851,121,5972,44
2021-04-25,Alameda,001,1643700,86443,86162,1902,88064,1256
2021-04-25,Alpine,003,1148,87,87,0,87,0
2021-04-25,Amador,005,37829,3648,3643,33,3676,46
2021-04-25,Butte,007,227075,12092,11709,1747,13456,196
2021-04-25,Calaveras,009,45235,2078,2072,12,2084,50
2021-04-25,Colusa,011,21464,1924,1924,292,2216,14
2021-04-25,Contra Costa,013,1133247,67967,67316,1212,68528,789
2021-04-25,Del Norte,015,27424,1293,1259,11,1270,6
2021-04-25,El Dorado,017,186661,9921,9837,692,10529,106
2021-04-25,Fresno,019,978130,101566,101061,8552,109613,1662
2021-04-25,Glenn,021,27897,2382,2366,540,2906,17
2021-04-25,Humboldt,023,135768,3803,3751,30,3781,35
2021-04-25,Imperial,025,180216,28225,28136,2765,30901,720
2021-04-25,Inyo,027,18085,1397,1396,10,1406,36
2021-04-25,Kern,029,883053,96403,95398,10631,106029,1295
2021-04-25,Kings,031,150075,22986,22755,1064,23819,244
2021-04-25,Lake,033,64148,3447,3427,9,3436,43
2021-04-25,Lassen,035,31185,5167,5138,105,5243,1
2021-04-25,Los Angeles,037,10098052,1198094,1190970,41308,1232278,23799
2021-04-25,Madera,039,155013,16453,16346,917,17263,231
2021-04-25,Marin,041,260295,13897,13852,240,14092,227
2021-04-25,Mariposa,043,17540,415,410,11,421,5
2021-04-25,Mendocino,045,87422,3821,3757,75,3832,46
2021-04-25,Merced,047,269075,30591,30586,975,31561,443
2021-04-25,Modoc,049,8938,368,360,122,482,3
2021-04-25,Mono,051,14174,1244,1257,16,1273,3
2021-04-25,Monterey,053,433212,42925,42737,1853,44590,379
2021-04-25,Napa,055,140530,9762,9762,34,9796,79
2021-04-25,Nevada,057,99092,4624,4536,187,4723,70
2021-04-25,Orange,059,3164182,253897,252531,11156,263687,4919
2021-04-25,Placer,061,380077,22566,22011,1409,23420,285
2021-04-25,Plumas,063,18699,687,670,10,680,4
2021-04-25,Riverside,065,2383286,292304,286651,13900,300551,4401
2021-04-25,Sacramento,067,1510023,102951,102319,1649,103968,1587
2021-04-25,San Benito,069,59416,6011,6014,112,6126,63
2021-04-25,San Bernardino,071,2135413,291588,290357,8905,299262,4571
2021-04-25,San Diego,073,3302833,276976,275412,14412,289824,3692
2021-04-25,San Francisco,075,870044,36171,36310,1272,37582,532
2021-04-25,San Joaquin,077,732212,71731,70987,3440,74427,1301
2021-04-25,San Luis Obispo,079,281455,21038,20820,715,21535,255
2021-04-25,San Mateo,081,765935,41805,41465,455,41920,356
2021-04-25,Santa Barbara,083,443738,34232,33931,1191,35122,448
2021-04-25,Santa Clara,085,1922200,117310,117778,732,118510,1968
2021-04-25,Santa Cruz,087,273765,16077,15868,809,16677,205
2021-04-25,Shasta,089,179085,11787,11784,1444,13228,192
2021-04-25,Sierra,091,2930,55,51,12,63,0
2021-04-25,Siskiyou,093,43540,1711,1580,294,1874,11
2021-04-25,Solano,095,438530,31992,31864,487,32351,247
2021-04-25,Sonoma,097,501317,29585,29756,306,30062,318
2021-04-25,Stanislaus,099,539301,54911,54543,5810,60353,744
2021-04-25,Sutter,101,95872,9351,9326,82,9408,110
2021-04-25,Tehama,103,63373,4949,4916,549,5465,53
2021-04-25,Trinity,105,12862,482,326,86,412,3
2021-04-25,Tulare,107,460477,49732,48728,8841,57569,831
2021-04-25,Tuolumne,109,53932,3962,4022,38,4060,58
2021-04-25,Ventura,111,848112,80724,80110,2953,83063,999
2021-04-25,Yolo,113,214977,13707,13667,277,13944,205
2021-04-25,Yuba,115,75493,5885,5849,120,5969,44
2021-04-24,Alameda,001,1643700,86389,86016,1900,87916,1257
2021-04-24,Alpine,003,1148,87,86,0,86,0
2021-04-24,Amador,005,37829,3647,3640,33,3673,46
2021-04-24,Butte,007,227075,12076,11678,1745,13423,196
2021-04-24,Calaveras,009,45235,2074,2067,12,2079,50
2021-04-24,Colusa,011,21464,1923,1921,292,2213,14
2021-04-24,Contra Costa,013,1133247,67897,67222,1210,68432,789
2021-04-24,Del Norte,015,27424,1288,1255,11,1266,6
2021-04-24,El Dorado,017,186661,9910,9814,691,10505,106
2021-04-24,Fresno,019,978130,101535,100991,8546,109537,1662
2021-04-24,Glenn,021,27897,2382,2363,540,2903,17
2021-04-24,Humboldt,023,135768,3789,3722,30,3752,35
2021-04-24,Imperial,025,180216,28218,28124,2764,30888,720
2021-04-24,Inyo,027,18085,1396,1396,10,1406,36
2021-04-24,Kern,029,883053,96384,95365,10621,105986,1295
2021-04-24,Kings,031,150075,22983,22749,1064,23813,244
2021-04-24,Lake,033,64148,3446,3426,9,3435,43
2021-04-24,Lassen,035,31185,5166,5137,105,5242,1
2021-04-24,Los Angeles,037,10098052,1197867,1190603,41292,1231895,23802
2021-04-24,Madera,039,155013,16450,16338,917,17255,231
2021-04-24,Marin,041,260295,13889,13847,240,14087,227
2021-04-24,Mariposa,043,17540,415,409,11,420,5
2021-04-24,Mendocino,045,87422,3819,3754,73,3827,46
2021-04-24,Merced,047,269075,30571,30559,975,31534,443
2021-04-24,Modoc,049,8938,368,360,122,482,3
2021-04-24,Mono,051,14174,1244,1256,16,1272,3
2021-04-24,Monterey,053,433212,42913,42727,1852,44579,379
2021-04-24,Napa,055,140530,9756,9756,34,9790,79
2021-04-24,Nevada,057,99092,4617,4522,187,4709,70
2021-04-24,Orange,059,3164182,253853,252441,11150,263591,4910
2021-04-24,Placer,061,380077,22554,21983,1408,23391,285
2021-04-24,Plumas,063,18699,686,670,10,680,4
2021-04-24,Riverside,065,2383286,292236,286552,13896,300448,4400
2021-04-24,Sacramento,067,1510023,102868,102179,1642,103821,1587
2021-04-24,San Benito,069,59416,6009,6007,112,6119,63
2021-04-24,San Bernardino,071,2135413,291539,290264,8904,299168,4568
2021-04-24,San Diego,073,3302833,276872,275252,14392,289644,3688
2021-04-24,San Francisco,075,870044,36142,36285,1268,37553,532
2021-04-24,San Joaquin,077,732212,71687,70911,3437,74348,1301
2021-04-24,San Luis Obispo,079,281455,21028,20797,714,21511,255
2021-04-24,San Mateo,081,765935,41792,41424,453,41877,355
2021-04-24,Santa Barbara,083,443738,34217,33911,1190,35101,448
2021-04-24,Santa Clara,085,1922200,117255,117674,730,118404,1968
2021-04-24,Santa Cruz,087,273765,16069,15840,809,16649,205
2021-04-24,Shasta,089,179085,11769,11770,1441,13211,192
2021-04-24,Sierra,091,2930,55,51,12,63,0
2021-04-24,Siskiyou,093,43540,1701,1574,293,1867,11
2021-04-24,Solano,095,438530,31969,31821,484,32305,247
2021-04-24,Sonoma,097,501317,29583,29739,306,30045,318
2021-04-24,Stanislaus,099,539301,54862,54455,5807,60262,744
2021-04-24,Sutter,101,95872,9348,9316,82,9398,110
2021-04-24,Tehama,103,63373,4944,4907,549,5456,53
2021-04-24,Trinity,105,12862,482,326,86,412,3
2021-04-24,Tulare,107,460477,49721,48705,8831,57536,830
2021-04-24,Tuolumne,109,53932,3958,4020,38,4058,58
2021-04-24,Ventura,111,848112,80711,80097,2951,83048,999
2021-04-24,Yolo,113,214977,13696,13653,277,13930,205
2021-04-24,Yuba,115,75493,5883,5837,120,5957,44
2021-04-23,Alameda,001,1643700,86315,85935,1897,87832,1256
2021-04-23,Alpine,003,1148,86,86,0,86,0
2021-04-23,Amador,005,37829,3646,3637,33,3670,46
2021-04-23,Butte,007,227075,12055,11672,1740,13412,196
2021-04-23,Calaveras,009,45235,2072,2064,12,2076,50
2021-04-23,Colusa,011,21464,1922,1921,292,2213,14
2021-04-23,Contra Costa,013,1133247,67842,67164,1208,68372,785
2021-04-23,Del Norte,015,27424,1287,1254,11,1265,6
2021-04-23,El Dorado,017,186661,9893,9788,688,10476,106
2021-04-23,Fresno,019,978130,101494,100928,8540,109468,1662
2021-04-23,Glenn,021,27897,2382,2361,539,2900,17
2021-04-23,Humboldt,023,135768,3779,3698,30,3728,35
2021-04-23,Imperial,025,180216,28203,28108,2762,30870,720
2021-04-23,Inyo,027,18085,1396,1395,10,1405,36
2021-04-23,Kern,029,883053,96359,95330,10615,105945,1295
2021-04-23,Kings,031,150075,22980,22735,1064,23799,244
2021-04-23,Lake,033,64148,3444,3425,9,3434,43
2021-04-23,Lassen,035,31185,5166,5141,105,5246,1
2021-04-23,Los Angeles,037,10098052,1197604,1190264,41266,1231530,23785
2021-04-23,Madera,039,155013,16441,16328,917,17245,231
2021-04-23,Marin,041,260295,13884,13838,240,14078,227
2021-04-23,Mariposa,043,17540,414,405,11,416,5
2021-04-23,Mendocino,045,87422,3817,3745,72,3817,46
2021-04-23,Merced,047,269075,30553,30530,975,31505,443
2021-04-23,Modoc,049,8938,368,360,122,482,3
2021-04-23,Mono,051,14174,1242,1256,16,1272,3
2021-04-23,Monterey,053,433212,42907,42722,1852,44574,377
2021-04-23,Napa,055,140530,9750,9752,34,9786,79
2021-04-23,Nevada,057,99092,4608,4510,187,4697,70
2021-04-23,Orange,059,3164182,253809,252399,11143,263542,4904
2021-04-23,Placer,061,380077,22531,21959,1407,23366,282
2021-04-23,Plumas,063,18699,685,670,10,680,4
2021-04-23,Riverside,065,2383286,292177,286456,13891,300347,4399
2021-04-23,Sacramento,067,1510023,102781,102041,1639,103680,1586
2021-04-23,San Benito,069,59416,6007,6005,112,6117,63
2021-04-23,San Bernardino,071,2135413,291488,290189,8903,299092,4568
2021-04-23,San Diego,073,3302833,276734,275097,14369,289466,3684
2021-04-23,San Francisco,075,870044,36125,36252,1267,37519,532
2021-04-23,San Joaquin,077,732212,71631,70840,3434,74274,1295
2021-04-23,San Luis Obispo,079,281455,21019,20781,713,21494,255
2021-04-23,San Mateo,081,765935,41765,41386,453,41839,355
2021-04-23,Santa Barbara,083,443738,34207,33895,1188,35083,447
2021-04-23,Santa Clara,085,1922200,117193,117593,729,118322,1965
2021-04-23,Santa Cruz,087,273765,16062,15802,809,16611,205
2021-04-23,Shasta,089,179085,11762,11759,1440,13199,192
2021-04-23,Sierra,091,2930,55,51,12,63,0
2021-04-23,Siskiyou,093,43540,1689,1567,292,1859,11
2021-04-23,Solano,095,438530,31937,31784,480,32264,247
2021-04-23,Sonoma,097,501317,29570,29727,306,30033,318
2021-04-23,Stanislaus,099,539301,54799,54391,5799,60190,744
2021-04-23,Sutter,101,95872,9346,9312,82,9394,110
2021-04-23,Tehama,103,63373,4941,4906,549,5455,53
2021-04-23,Trinity,105,12862,482,326,86,412,3
2021-04-23,Tulare,107,460477,49704,48694,8823,57517,829
2021-04-23,Tuolumne,109,53932,3957,4020,38,4058,58
2021-04-23,Ventura,111,848112,80692,80095,2951,83046,996
2021-04-23,Yolo,113,214977,13685,13647,276,13923,205
2021-04-23,Yuba,115,75493,5880,5828,120,5948,44
2021-04-22,Alameda,001,1643700,86225,85829,1896,87725,1253
2021-04-22,Alpine,003,1148,86,86,0,86,0
2021-04-22,Amador,005,37829,3645,3633,33,3666,46
2021-04-22,Butte,007,227075,12041,11656,1737,13393,196
2021-04-22,Calaveras,009,45235,2071,2059,12,2071,50
2021-04-22,Colusa,011,21464,1920,1920,290,2210,14
2021-04-22,Contra Costa,013,1133247,67770,67029,1203,68232,782
2021-04-22,Del Norte,015,27424,1282,1252,11,1263,6
2021-04-22,El Dorado,017,186661,9882,9773,685,10458,106
2021-04-22,Fresno,019,978130,101449,100864,8529,109393,1657
2021-04-22,Glenn,021,27897,2381,2361,539,2900,17
2021-04-22,Humboldt,023,135768,3770,3680,30,3710,35
2021-04-22,Imperial,025,180216,28182,28096,2759,30855,720
2021-04-22,Inyo,027,18085,1395,1394,10,1404,36
2021-04-22,Kern,029,883053,96316,95292,10600,105892,1299
2021-04-22,Kings,031,150075,22970,22725,1064,23789,243
2021-04-22,Lake,033,64148,3442,3423,9,3432,43
2021-04-22,Lassen,035,31185,5166,5155,105,5260,1
2021-04-22,Los Angeles,037,10098052,1197285,1189878,41244,1231122,23762
2021-04-22,Madera,039,155013,16422,16316,917,17233,231
2021-04-22,Marin,041,260295,13876,13832,240,14072,227
2021-04-22,Mariposa,043,17540,413,403,11,414,5
2021-04-22,Mendocino,045,87422,3811,3729,72,3801,46
2021-04-22,Merced,047,269075,30518,30490,974,31464,443
2021-04-22,Modoc,049,8938,368,360,122,482,3
2021-04-22,Mono,051,14174,1242,1254,16,1270,3
2021-04-22,Monterey,053,433212,42900,42708,1850,44558,377
2021-04-22,Napa,055,140530,9740,9734,34,9768,79
2021-04-22,Nevada,057,99092,4599,4504,185,4689,70
2021-04-22,Orange,059,3164182,253736,252307,11131,263438,4898
2021-04-22,Placer,061,380077,22501,21916,1403,23319,282
2021-04-22,Plumas,063,18699,684,670,10,680,4
2021-04-22,Riverside,065,2383286,292078,286362,13882,300244,4398
2021-04-22,Sacramento,067,1510023,102632,101870,1630,103500,1585
2021-04-22,San Benito,069,59416,6003,5998,112,6110,63
2021-04-22,San Bernardino,071,2135413,291417,290125,8894,299019,4571
2021-04-22,San Diego,073,3302833,276568,275913,14347,290260,3684
2021-04-22,San Francisco,075,870044,36103,36218,1264,37482,532
2021-04-22,San Joaquin,077,732212,71572,70751,3427,74178,1295
2021-04-22,San Luis Obispo,079,281455,21005,20761,713,21474,255
2021-04-22,San Mateo,081,765935,41738,41345,451,41796,355
2021-04-22,Santa Barbara,083,443738,34184,33870,1187,35057,446
2021-04-22,Santa Clara,085,1922200,117105,117457,725,118182,1954
2021-04-22,Santa Cruz,087,273765,16059,15737,808,16545,205
2021-04-22,Shasta,089,179085,11747,11738,1437,13175,192
2021-04-22,Sierra,091,2930,55,51,12,63,0
2021-04-22,Siskiyou,093,43540,1685,1564,291,1855,11
2021-04-22,Solano,095,438530,31891,31731,477,32208,247
2021-04-22,Sonoma,097,501317,29555,29705,302,30007,318
2021-04-22,Stanislaus,099,539301,54725,54313,5793,60106,744
2021-04-22,Sutter,101,95872,9342,9302,82,9384,110
2021-04-22,Tehama,103,63373,4935,4896,545,5441,53
2021-04-22,Trinity,105,12862,482,326,86,412,3
2021-04-22,Tulare,107,460477,49684,48669,8814,57483,828
2021-04-22,Tuolumne,109,53932,3953,4020,38,4058,58
2021-04-22,Ventura,111,848112,80666,80073,2949,83022,996
2021-04-22,Yolo,113,214977,13664,13616,276,13892,205
2021-04-22,Yuba,115,75493,5870,5825,120,5945,44
2021-04-21,Alameda,001,1643700,86146,85762,1894,87656,1249
2021-04-21,Alpine,003,1148,86,86,0,86,0
2021-04-21,Amador,005,37829,3642,3632,33,3665,46
2021-04-21,Butte,007,227075,12021,11643,1735,13378,196
2021-04-21,Calaveras,009,45235,2064,2057,12,2069,50
2021-04-21,Colusa,011,21464,1918,1920,289,2209,14
2021-04-21,Contra Costa,013,1133247,67704,66981,1202,68183,782
2021-04-21,Del Norte,015,27424,1278,1252,11,1263,6
2021-04-21,El Dorado,017,186661,9865,9760,683,10443,106
2021-04-21,Fresno,019,978130,101393,100838,8523,109361,1654
2021-04-21,Glenn,021,27897,2380,2361,539,2900,17
2021-04-21,Humboldt,023,135768,3750,3642,30,3672,35
2021-04-21,Imperial,025,180216,28170,28052,2757,30809,719
2021-04-21,Inyo,027,18085,1395,1392,10,1402,36
2021-04-21,Kern,029,883053,96270,95257,10590,105847,1297
2021-04-21,Kings,031,150075,22963,22713,1063,23776,243
2021-04-21,Lake,033,64148,3439,3421,9,3430,43
2021-04-21,Lassen,035,31185,5165,5156,105,5261,1
2021-04-21,Los Angeles,037,10098052,1196946,1189530,41223,1230753,23729
2021-04-21,Madera,039,155013,16417,16309,917,17226,231
2021-04-21,Marin,041,260295,13861,13822,240,14062,227
2021-04-21,Mariposa,043,17540,412,402,11,413,5
2021-04-21,Mendocino,045,87422,3809,3729,72,3801,46
2021-04-21,Merced,047,269075,30497,30471,973,31444,442
2021-04-21,Modoc,049,8938,368,360,122,482,3
2021-04-21,Mono,051,14174,1242,1254,16,1270,3
2021-04-21,Monterey,053,433212,42885,42699,1848,44547,377
2021-04-21,Napa,055,140530,9734,9727,34,9761,79
2021-04-21,Nevada,057,99092,4585,4499,185,4684,70
2021-04-21,Orange,059,3164182,253660,252243,11118,263361,4889
2021-04-21,Placer,061,380077,22470,21896,1398,23294,282
2021-04-21,Plumas,063,18699,684,670,10,680,4
2021-04-21,Riverside,065,2383286,291984,286299,13875,300174,4388
2021-04-21,Sacramento,067,1510023,102503,101803,1624,103427,1579
2021-04-21,San Benito,069,59416,6000,5998,112,6110,63
2021-04-21,San Bernardino,071,2135413,291342,290049,8892,298941,4572
2021-04-21,San Diego,073,3302833,276359,275632,14309,289941,3681
2021-04-21,San Francisco,075,870044,36083,36194,1263,37457,529
2021-04-21,San Joaquin,077,732212,71517,70687,3417,74104,1295
2021-04-21,San Luis Obispo,079,281455,20990,20724,712,21436,255
2021-04-21,San Mateo,081,765935,41706,41318,450,41768,355
2021-04-21,Santa Barbara,083,443738,34165,33830,1186,35016,445
2021-04-21,Santa Clara,085,1922200,117027,117318,719,118037,1946
2021-04-21,Santa Cruz,087,273765,16050,15698,808,16506,204
2021-04-21,Shasta,089,179085,11728,11722,1435,13157,192
2021-04-21,Sierra,091,2930,55,51,12,63,0
2021-04-21,Siskiyou,093,43540,1678,1557,291,1848,11
2021-04-21,Solano,095,438530,31852,31712,476,32188,244
2021-04-21,Sonoma,097,501317,29543,29697,300,29997,318
2021-04-21,Stanislaus,099,539301,54664,54290,5787,60077,742
2021-04-21,Sutter,101,95872,9334,9297,82,9379,110
2021-04-21,Tehama,103,63373,4928,4893,544,5437,53
2021-04-21,Trinity,105,12862,482,326,86,412,3
2021-04-21,Tulare,107,460477,49669,48653,8801,57454,828
2021-04-21,Tuolumne,109,53932,3950,4019,38,4057,58
2021-04-21,Ventura,111,848112,80634,80039,2946,82985,996
2021-04-21,Yolo,113,214977,13644,13606,275,13881,200
2021-04-21,Yuba,115,75493,5863,5822,119,5941,44
2021-04-20,Alameda,001,1643700,86052,85652,1892,87544,1248
2021-04-20,Alpine,003,1148,85,85,0,85,0
2021-04-20,Amador,005,37829,3641,3631,33,3664,46
2021-04-20,Butte,007,227075,12002,11619,1733,13352,196
2021-04-20,Calaveras,009,45235,2063,2053,12,2065,50
2021-04-20,Colusa,011,21464,1918,1915,288,2203,14
2021-04-20,Contra Costa,013,1133247,67620,66889,1199,68088,782
2021-04-20,Del Norte,015,27424,1277,1250,11,1261,6
2021-04-20,El Dorado,017,186661,9837,9743,681,10424,106
2021-04-20,Fresno,019,978130,101335,100768,8513,109281,1650
2021-04-20,Glenn,021,27897,2378,2359,538,2897,17
2021-04-20,Humboldt,023,135768,3731,3612,30,3642,35
2021-04-20,Imperial,025,180216,28151,28024,2753,30777,719
2021-04-20,Inyo,027,18085,1395,1393,10,1403,36
2021-04-20,Kern,029,883053,96234,95223,10573,105796,1295
2021-04-20,Kings,031,150075,22957,22693,1060,23753,243
2021-04-20,Lake,033,64148,3437,3418,9,3427,43
2021-04-20,Lassen,035,31185,5165,5155,105,5260,1
2021-04-20,Los Angeles,037,10098052,1196599,1189256,41194,1230450,23694
2021-04-20,Madera,039,155013,16411,16301,917,17218,231
2021-04-20,Marin,041,260295,13847,13807,240,14047,227
2021-04-20,Mariposa,043,17540,411,402,11,413,5
2021-04-20,Mendocino,045,87422,3808,3726,72,3798,46
2021-04-20,Merced,047,269075,30469,30439,973,31412,441
2021-04-20,Modoc,049,8938,368,359,122,481,3
2021-04-20,Mono,051,14174,1241,1254,16,1270,3
2021-04-20,Monterey,053,433212,42874,42663,1845,44508,363
2021-04-20,Napa,055,140530,9730,9711,34,9745,79
2021-04-20,Nevada,057,99092,4567,4485,185,4670,70
2021-04-20,Orange,059,3164182,253570,252134,11106,263240,4887
2021-04-20,Placer,061,380077,22436,21846,1394,23240,282
2021-04-20,Plumas,063,18699,683,670,10,680,4
2021-04-20,Riverside,065,2383286,291887,286194,13870,300064,4388
2021-04-20,Sacramento,067,1510023,102365,101629,1615,103244,1574
2021-04-20,San Benito,069,59416,5997,5988,112,6100,63
2021-04-20,San Bernardino,071,2135413,291262,289905,8890,298795,4569
2021-04-20,San Diego,073,3302833,276128,275369,14276,289645,3674
2021-04-20,San Francisco,075,870044,36064,36117,1262,37379,529
2021-04-20,San Joaquin,077,732212,71444,70590,3408,73998,1289
2021-04-20,San Luis Obispo,079,281455,20967,20691,704,21395,254
2021-04-20,San Mateo,081,765935,41675,41251,450,41701,355
2021-04-20,Santa Barbara,083,443738,34146,33803,1186,34989,445
2021-04-20,Santa Clara,085,1922200,116928,117228,715,117943,1944
2021-04-20,Santa Cruz,087,273765,16038,15647,808,16455,204
2021-04-20,Shasta,089,179085,11712,11677,1432,13109,189
2021-04-20,Sierra,091,2930,55,51,12,63,0
2021-04-20,Siskiyou,093,43540,1670,1551,290,1841,10
2021-04-20,Solano,095,438530,31797,31673,472,32145,243
2021-04-20,Sonoma,097,501317,29534,29676,298,29974,311
2021-04-20,Stanislaus,099,539301,54599,54236,5774,60010,735
2021-04-20,Sutter,101,95872,9330,9279,82,9361,109
2021-04-20,Tehama,103,63373,4923,4887,543,5430,52
2021-04-20,Trinity,105,12862,482,326,86,412,3
2021-04-20,Tulare,107,460477,49646,48650,8793,57443,831
2021-04-20,Tuolumne,109,53932,3950,4014,38,4052,58
2021-04-20,Ventura,111,848112,80606,80018,2944,82962,995
2021-04-20,Yolo,113,214977,13624,13581,274,13855,200
2021-04-20,Yuba,115,75493,5853,5814,119,5933,44
2021-04-19,Alameda,001,1643700,85932,85583,1889,87472,1247
2021-04-19,Alpine,003,1148,85,85,0,85,0
2021-04-19,Amador,005,37829,3640,3629,33,3662,46
2021-04-19,Butte,007,227075,11983,11601,1728,13329,196
2021-04-19,Calaveras,009,45235,2061,2050,12,2062,50
2021-04-19,Colusa,011,21464,1918,1913,287,2200,14
2021-04-19,Contra Costa,013,1133247,67542,66833,1197,68030,782
2021-04-19,Del Norte,015,27424,1275,1247,11,1258,6
2021-04-19,El Dorado,017,186661,9821,9726,676,10402,106
2021-04-19,Fresno,019,978130,101267,100702,8500,109202,1646
2021-04-19,Glenn,021,27897,2378,2358,537,2895,17
2021-04-19,Humboldt,023,135768,3711,3602,28,3630,35
2021-04-19,Imperial,025,180216,28130,27995,2753,30748,719
2021-04-19,Inyo,027,18085,1395,1392,10,1402,36
2021-04-19,Kern,029,883053,96204,95162,10558,105720,1290
2021-04-19,Kings,031,150075,22941,22688,1060,23748,243
2021-04-19,Lake,033,64148,3436,3416,9,3425,43
2021-04-19,Lassen,035,31185,5164,5156,105,5261,1
2021-04-19,Los Angeles,037,10098052,1196222,1188945,41169,1230114,23666
2021-04-19,Madera,039,155013,16400,16289,916,17205,231
2021-04-19,Marin,041,260295,13836,13804,239,14043,226
2021-04-19,Mariposa,043,17540,410,401,11,412,5
2021-04-19,Mendocino,045,87422,3806,3722,72,3794,46
2021-04-19,Merced,047,269075,30440,30422,972,31394,441
2021-04-19,Modoc,049,8938,368,359,122,481,3
2021-04-19,Mono,051,14174,1240,1254,16,1270,3
2021-04-19,Monterey,053,433212,42861,42642,1840,44482,356
2021-04-19,Napa,055,140530,9722,9680,34,9714,79
2021-04-19,Nevada,057,99092,4551,4477,185,4662,70
2021-04-19,Orange,059,3164182,253452,252013,11092,263105,4883
2021-04-19,Placer,061,380077,22413,21814,1390,23204,282
2021-04-19,Plumas,063,18699,683,665,10,675,4
2021-04-19,Riverside,065,2383286,291791,286087,13860,299947,4371
2021-04-19,Sacramento,067,1510023,102230,101482,1605,103087,1572
2021-04-19,San Benito,069,59416,5989,5989,112,6101,63
2021-04-19,San Bernardino,071,2135413,291176,289738,8884,298622,4561
2021-04-19,San Diego,073,3302833,275880,275113,14243,289356,3674
2021-04-19,San Francisco,075,870044,36029,36094,1259,37353,529
2021-04-19,San Joaquin,077,732212,71365,70514,3401,73915,1289
2021-04-19,San Luis Obispo,079,281455,20941,20669,698,21367,254
2021-04-19,San Mateo,081,765935,41642,41226,449,41675,355
2021-04-19,Santa Barbara,083,443738,34132,33786,1186,34972,446
2021-04-19,Santa Clara,085,1922200,116817,117099,711,117810,1944
2021-04-19,Santa Cruz,087,273765,16026,15600,808,16408,204
2021-04-19,Shasta,089,179085,11697,11662,1424,13086,189
2021-04-19,Sierra,091,2930,55,51,12,63,0
2021-04-19,Siskiyou,093,43540,1660,1544,290,1834,10
2021-04-19,Solano,095,438530,31758,31643,467,32110,239
2021-04-19,Sonoma,097,501317,29515,29667,298,29965,311
2021-04-19,Stanislaus,099,539301,54523,54179,5770,59949,728
2021-04-19,Sutter,101,95872,9319,9269,82,9351,109
2021-04-19,Tehama,103,63373,4918,4878,543,5421,52
2021-04-19,Trinity,105,12862,482,326,85,411,3
2021-04-19,Tulare,107,460477,49630,48630,8780,57410,831
2021-04-19,Tuolumne,109,53932,3949,4010,38,4048,58
2021-04-19,Ventura,111,848112,80580,80000,2942,82942,996
2021-04-19,Yolo,113,214977,13612,13572,271,13843,200
2021-04-19,Yuba,115,75493,5846,5804,118,5922,44
2021-04-18,Alameda,001,1643700,85818,85481,1881,87362,1247
2021-04-18,Alpine,003,1148,85,85,0,85,0
2021-04-18,Amador,005,37829,3637,3627,33,3660,46
2021-04-18,Butte,007,227075,11965,11591,1723,13314,196
2021-04-18,Calaveras,009,45235,2053,2047,12,2059,50
2021-04-18,Colusa,011,21464,1914,1912,286,2198,14
2021-04-18,Contra Costa,013,1133247,67439,66750,1193,67943,782
2021-04-18,Del Norte,015,27424,1275,1240,11,1251,6
2021-04-18,El Dorado,017,186661,9798,9710,674,10384,106
2021-04-18,Fresno,019,978130,101209,100621,8494,109115,1646
2021-04-18,Glenn,021,27897,2373,2358,537,2895,17
2021-04-18,Humboldt,023,135768,3683,3590,28,3618,35
2021-04-18,Imperial,025,180216,28115,27991,2747,30738,719
2021-04-18,Inyo,027,18085,1394,1392,10,1402,36
2021-04-18,Kern,029,883053,96168,95129,10542,105671,1290
2021-04-18,Kings,031,150075,22932,22685,1060,23745,243
2021-04-18,Lake,033,64148,3435,3413,9,3422,43
2021-04-18,Lassen,035,31185,5161,5156,105,5261,1
2021-04-18,Los Angeles,037,10098052,1195763,1188620,41146,1229766,23648
2021-04-18,Madera,039,155013,16389,16277,915,17192,231
2021-04-18,Marin,041,260295,13829,13801,238,14039,226
2021-04-18,Mariposa,043,17540,409,400,10,410,5
2021-04-18,Mendocino,045,87422,3803,3722,72,3794,46
2021-04-18,Merced,047,269075,30403,30405,970,31375,441
2021-04-18,Modoc,049,8938,368,359,122,481,3
2021-04-18,Mono,051,14174,1240,1254,16,1270,3
2021-04-18,Monterey,053,433212,42849,42638,1839,44477,356
2021-04-18,Napa,055,140530,9706,9674,34,9708,79
2021-04-18,Nevada,057,99092,4536,4464,185,4649,70
2021-04-18,Orange,059,3164182,253338,251940,11084,263024,4883
2021-04-18,Placer,061,380077,22369,21783,1384,23167,282
2021-04-18,Plumas,063,18699,682,665,10,675,4
2021-04-18,Riverside,065,2383286,291701,286043,13856,299899,4371
2021-04-18,Sacramento,067,1510023,102054,101354,1599,102953,1572
2021-04-18,San Benito,069,59416,5987,5989,112,6101,63
2021-04-18,San Bernardino,071,2135413,291082,289691,8875,298566,4556
2021-04-18,San Diego,073,3302833,275601,274961,14208,289169,3674
2021-04-18,San Francisco,075,870044,35992,36073,1255,37328,525
2021-04-18,San Joaquin,077,732212,71284,70466,3392,73858,1289
2021-04-18,San Luis Obispo,079,281455,20919,20656,692,21348,254
2021-04-18,San Mateo,081,765935,41613,41201,448,41649,352
2021-04-18,Santa Barbara,083,443738,34097,33769,1185,34954,446
2021-04-18,Santa Clara,085,1922200,116649,116996,705,117701,1944
2021-04-18,Santa Cruz,087,273765,16016,15580,807,16387,204
2021-04-18,Shasta,089,179085,11676,11658,1421,13079,189
2021-04-18,Sierra,091,2930,55,51,12,63,0
2021-04-18,Siskiyou,093,43540,1649,1538,288,1826,10
2021-04-18,Solano,095,438530,31708,31606,466,32072,239
2021-04-18,Sonoma,097,501317,29499,29660,296,29956,311
2021-04-18,Stanislaus,099,539301,54441,54132,5763,59895,728
2021-04-18,Sutter,101,95872,9305,9261,82,9343,109
2021-04-18,Tehama,103,63373,4909,4877,542,5419,52
2021-04-18,Trinity,105,12862,482,326,85,411,3
2021-04-18,Tulare,107,460477,49618,48618,8774,57392,829
2021-04-18,Tuolumne,109,53932,3948,4008,37,4045,58
2021-04-18,Ventura,111,848112,80550,79984,2938,82922,996
2021-04-18,Yolo,113,214977,13600,13562,269,13831,200
2021-04-18,Yuba,115,75493,5839,5804,118,5922,44
2021-04-17,Alameda,001,1643700,85745,85367,1877,87244,1247
2021-04-17,Alpine,003,1148,85,85,0,85,0
2021-04-17,Amador,005,37829,3635,3625,33,3658,46
2021-04-17,Butte,007,227075,11945,11573,1719,13292,196
2021-04-17,Calaveras,009,45235,2051,2045,12,2057,50
2021-04-17,Colusa,011,21464,1914,1912,286,2198,14
2021-04-17,Contra Costa,013,1133247,67390,66657,1185,67842,782
2021-04-17,Del Norte,015,27424,1275,1238,11,1249,6
2021-04-17,El Dorado,017,186661,9783,9692,671,10363,106
2021-04-17,Fresno,019,978130,101176,100562,8489,109051,1646
2021-04-17,Glenn,021,27897,2373,2357,537,2894,17
2021-04-17,Humboldt,023,135768,3659,3579,28,3607,35
2021-04-17,Imperial,025,180216,28104,27987,2746,30733,719
2021-04-17,Inyo,027,18085,1391,1392,10,1402,36
2021-04-17,Kern,029,883053,96150,95102,10538,105640,1290
2021-04-17,Kings,031,150075,22927,22678,1059,23737,243
2021-04-17,Lake,033,64148,3434,3409,9,3418,43
2021-04-17,Lassen,035,31185,5161,5154,105,5259,1
2021-04-17,Los Angeles,037,10098052,1195507,1188262,41113,1229375,23653
2021-04-17,Madera,039,155013,16385,16260,914,17174,231
2021-04-17,Marin,041,260295,13825,13797,238,14035,226
2021-04-17,Mariposa,043,17540,408,398,10,408,5
2021-04-17,Mendocino,045,87422,3800,3721,72,3793,46
2021-04-17,Merced,047,269075,30387,30392,969,31361,441
2021-04-17,Modoc,049,8938,368,357,122,479,3
2021-04-17,Mono,051,14174,1240,1253,16,1269,3
2021-04-17,Monterey,053,433212,42840,42630,1837,44467,356
2021-04-17,Napa,055,140530,9702,9666,34,9700,79
2021-04-17,Nevada,057,99092,4528,4457,185,4642,70
2021-04-17,Orange,059,3164182,253269,251873,11072,262945,4878
2021-04-17,Placer,061,380077,22346,21736,1379,23115,282
2021-04-17,Plumas,063,18699,681,666,10,676,4
2021-04-17,Riverside,065,2383286,291632,285963,13848,299811,4371
2021-04-17,Sacramento,067,1510023,101944,101172,1588,102760,1572
2021-04-17,San Benito,069,59416,5981,5986,112,6098,63
2021-04-17,San Bernardino,071,2135413,291027,289624,8872,298496,4555
2021-04-17,San Diego,073,3302833,275454,274812,14174,288986,3674
2021-04-17,San Francisco,075,870044,35971,36032,1252,37284,523
2021-04-17,San Joaquin,077,732212,71244,70372,3382,73754,1288
2021-04-17,San Luis Obispo,079,281455,20906,20642,689,21331,254
2021-04-17,San Mateo,081,765935,41590,41157,448,41605,352
2021-04-17,Santa Barbara,083,443738,34066,33738,1183,34921,446
2021-04-17,Santa Clara,085,1922200,116557,116887,703,117590,1944
2021-04-17,Santa Cruz,087,273765,16010,15571,807,16378,204
2021-04-17,Shasta,089,179085,11661,11647,1420,13067,189
2021-04-17,Sierra,091,2930,55,51,12,63,0
2021-04-17,Siskiyou,093,43540,1644,1539,287,1826,10
2021-04-17,Solano,095,438530,31677,31541,463,32004,239
2021-04-17,Sonoma,097,501317,29492,29637,296,29933,311
2021-04-17,Stanislaus,099,539301,54404,54058,5758,59816,728
2021-04-17,Sutter,101,95872,9299,9252,82,9334,109
2021-04-17,Tehama,103,63373,4903,4875,541,5416,52
2021-04-17,Trinity,105,12862,482,326,85,411,3
2021-04-17,Tulare,107,460477,49606,48603,8770,57373,829
2021-04-17,Tuolumne,109,53932,3946,4005,37,4042,58
2021-04-17,Ventura,111,848112,80529,79964,2938,82902,996
2021-04-17,Yolo,113,214977,13590,13580,269,13849,200
2021-04-17,Yuba,115,75493,5834,5802,117,5919,44
2021-04-16,Alameda,001,1643700,85666,85243,1875,87118,1245
2021-04-16,Alpine,003,1148,85,85,0,85,0
2021-04-16,Amador,005,37829,3630,3621,33,3654,46
2021-04-16,Butte,007,227075,11933,11549,1717,13266,196
2021-04-16,Calaveras,009,45235,2049,2042,12,2054,50
2021-04-16,Colusa,011,21464,1912,1911,286,2197,14
2021-04-16,Contra Costa,013,1133247,67336,66569,1182,67751,782
2021-04-16,Del Norte,015,27424,1274,1237,11,1248,6
2021-04-16,El Dorado,017,186661,9763,9665,667,10332,106
2021-04-16,Fresno,019,978130,101126,100500,8483,108983,1643
2021-04-16,Glenn,021,27897,2373,2355,537,2892,17
2021-04-16,Humboldt,023,135768,3638,3570,27,3597,35
2021-04-16,Imperial,025,180216,28094,27962,2745,30707,719
2021-04-16,Inyo,027,18085,1391,1392,10,1402,36
2021-04-16,Kern,029,883053,96121,95066,10535,105601,1288
2021-04-16,Kings,031,150075,22923,22667,1058,23725,243
2021-04-16,Lake,033,64148,3428,3406,9,3415,43
2021-04-16,Lassen,035,31185,5160,5155,105,5260,1
2021-04-16,Los Angeles,037,10098052,1195206,1187818,41077,1228895,23627
2021-04-16,Madera,039,155013,16379,16250,913,17163,231
2021-04-16,Marin,041,260295,13822,13788,238,14026,226
2021-04-16,Mariposa,043,17540,407,396,9,405,5
2021-04-16,Mendocino,045,87422,3798,3719,72,3791,46
2021-04-16,Merced,047,269075,30372,30355,969,31324,438
2021-04-16,Modoc,049,8938,368,355,122,477,3
2021-04-16,Mono,051,14174,1240,1253,16,1269,3
2021-04-16,Monterey,053,433212,42829,42620,1835,44455,351
2021-04-16,Napa,055,140530,9694,9653,34,9687,79
2021-04-16,Nevada,057,99092,4519,4443,185,4628,70
2021-04-16,Orange,059,3164182,253205,251770,11063,262833,4873
2021-04-16,Placer,061,380077,22319,21680,1374,23054,282
2021-04-16,Plumas,063,18699,680,665,10,675,4
2021-04-16,Riverside,065,2383286,291555,285818,13846,299664,4369
2021-04-16,Sacramento,067,1510023,101847,100993,1583,102576,1572
2021-04-16,San Benito,069,59416,5979,5982,112,6094,63
2021-04-16,San Bernardino,071,2135413,290980,289424,8870,298294,4550
2021-04-16,San Diego,073,3302833,275300,274567,14156,288723,3662
2021-04-16,San Francisco,075,870044,35945,35993,1248,37241,517
2021-04-16,San Joaquin,077,732212,71177,70280,3374,73654,1288
2021-04-16,San Luis Obispo,079,281455,20894,20623,688,21311,253
2021-04-16,San Mateo,081,765935,41561,41107,447,41554,352
2021-04-16,Santa Barbara,083,443738,34048,33703,1183,34886,446
2021-04-16,Santa Clara,085,1922200,116457,116693,700,117393,1941
2021-04-16,Santa Cruz,087,273765,16008,15539,807,16346,204
2021-04-16,Shasta,089,179085,11649,11623,1418,13041,189
2021-04-16,Sierra,091,2930,55,51,12,63,0
2021-04-16,Siskiyou,093,43540,1640,1530,285,1815,10
2021-04-16,Solano,095,438530,31638,31470,460,31930,239
2021-04-16,Sonoma,097,501317,29481,29617,296,29913,311
2021-04-16,Stanislaus,099,539301,54356,53983,5756,59739,728
2021-04-16,Sutter,101,95872,9293,9247,82,9329,109
2021-04-16,Tehama,103,63373,4902,4866,541,5407,52
2021-04-16,Trinity,105,12862,482,326,85,411,3
2021-04-16,Tulare,107,460477,49594,48583,8766,57349,830
2021-04-16,Tuolumne,109,53932,3943,4005,37,4042,58
2021-04-16,Ventura,111,848112,80504,79942,2933,82875,994
2021-04-16,Yolo,113,214977,13577,13559,267,13826,198
2021-04-16,Yuba,115,75493,5831,5795,116,5911,44
2021-04-15,Alameda,001,1643700,85559,85089,1873,86962,1246
2021-04-15,Alpine,003,1148,85,85,0,85,0
2021-04-15,Amador,005,37829,3629,3616,33,3649,46
2021-04-15,Butte,007,227075,11918,11529,1713,13242,196
2021-04-15,Calaveras,009,45235,2048,2039,12,2051,50
2021-04-15,Colusa,011,21464,1910,1909,285,2194,14
2021-04-15,Contra Costa,013,1133247,67262,66480,1178,67658,781
2021-04-15,Del Norte,015,27424,1267,1235,11,1246,6
2021-04-15,El Dorado,017,186661,9750,9639,665,10304,106
2021-04-15,Fresno,019,978130,101065,100431,8477,108908,1642
2021-04-15,Glenn,021,27897,2373,2354,537,2891,17
2021-04-15,Humboldt,023,135768,3616,3561,27,3588,35
2021-04-15,Imperial,025,180216,28066,27920,2742,30662,718
2021-04-15,Inyo,027,18085,1391,1393,10,1403,36
2021-04-15,Kern,029,883053,96088,94989,10521,105510,1289
2021-04-15,Kings,031,150075,22909,22648,1058,23706,242
2021-04-15,Lake,033,64148,3427,3399,9,3408,43
2021-04-15,Lassen,035,31185,5159,5152,105,5257,1
2021-04-15,Los Angeles,037,10098052,1194805,1187274,41041,1228315,23598
2021-04-15,Madera,039,155013,16364,16234,913,17147,231
2021-04-15,Marin,041,260295,13818,13783,237,14020,226
2021-04-15,Mariposa,043,17540,405,395,9,404,5
2021-04-15,Mendocino,045,87422,3797,3714,72,3786,46
2021-04-15,Merced,047,269075,30346,30325,968,31293,437
2021-04-15,Modoc,049,8938,368,355,122,477,3
2021-04-15,Mono,051,14174,1239,1253,16,1269,3
2021-04-15,Monterey,053,433212,42819,42604,1833,44437,347
2021-04-15,Napa,055,140530,9686,9645,34,9679,79
2021-04-15,Nevada,057,99092,4507,4434,184,4618,70
2021-04-15,Orange,059,3164182,253110,251679,11050,262729,4857
2021-04-15,Placer,061,380077,22289,21614,1367,22981,281
2021-04-15,Plumas,063,18699,678,665,10,675,4
2021-04-15,Riverside,065,2383286,291451,285698,13839,299537,4363
2021-04-15,Sacramento,067,1510023,101717,100782,1569,102351,1570
2021-04-15,San Benito,069,59416,5976,5969,111,6080,63
2021-04-15,San Bernardino,071,2135413,290891,289288,8863,298151,4544
2021-04-15,San Diego,073,3302833,275054,274250,14097,288347,3653
2021-04-15,San Francisco,075,870044,35926,35947,1246,37193,510
2021-04-15,San Joaquin,077,732212,71096,70189,3366,73555,1288
2021-04-15,San Luis Obispo,079,281455,20878,20591,685,21276,253
2021-04-15,San Mateo,081,765935,41522,41050,446,41496,352
2021-04-15,Santa Barbara,083,443738,34030,33672,1179,34851,446
2021-04-15,Santa Clara,085,1922200,116351,116602,696,117298,1927
2021-04-15,Santa Cruz,087,273765,15998,15509,807,16316,203
2021-04-15,Shasta,089,179085,11635,11597,1414,13011,191
2021-04-15,Sierra,091,2930,55,51,12,63,0
2021-04-15,Siskiyou,093,43540,1634,1524,285,1809,10
2021-04-15,Solano,095,438530,31600,31394,459,31853,239
2021-04-15,Sonoma,097,501317,29467,29587,296,29883,311
2021-04-15,Stanislaus,099,539301,54302,53918,5747,59665,728
2021-04-15,Sutter,101,95872,9286,9237,82,9319,109
2021-04-15,Tehama,103,63373,4900,4854,540,5394,52
2021-04-15,Trinity,105,12862,482,326,85,411,3
2021-04-15,Tulare,107,460477,49573,48556,8766,57322,829
2021-04-15,Tuolumne,109,53932,3943,4003,37,4040,57
2021-04-15,Ventura,111,848112,80485,79917,2931,82848,989
2021-04-15,Yolo,113,214977,13558,13547,265,13812,198
2021-04-15,Yuba,115,75493,5828,5788,116,5904,44
2021-04-14,Alameda,001,1643700,85462,85009,1872,86881,1247
2021-04-14,Alpine,003,1148,85,85,0,85,0
2021-04-14,Amador,005,37829,3628,3613,33,3646,46
2021-04-14,Butte,007,227075,11905,11513,1712,13225,196
2021-04-14,Calaveras,009,45235,2046,2037,12,2049,50
2021-04-14,Colusa,011,21464,1910,1905,285,2190,14
2021-04-14,Contra Costa,013,1133247,67176,66400,1172,67572,781
2021-04-14,Del Norte,015,27424,1267,1228,11,1239,6
2021-04-14,El Dorado,017,186661,9735,9625,660,10285,106
2021-04-14,Fresno,019,978130,101008,100376,8464,108840,1640
2021-04-14,Glenn,021,27897,2373,2353,537,2890,17
2021-04-14,Humboldt,023,135768,3594,3551,26,3577,35
2021-04-14,Imperial,025,180216,28044,27907,2740,30647,718
2021-04-14,Inyo,027,18085,1391,1392,10,1402,36
2021-04-14,Kern,029,883053,96063,94947,10514,105461,1287
2021-04-14,Kings,031,150075,22900,22641,1056,23697,243
2021-04-14,Lake,033,64148,3422,3396,9,3405,43
2021-04-14,Lassen,035,31185,5158,5151,105,5256,1
2021-04-14,Los Angeles,037,10098052,1194408,1186821,40995,1227816,23579
2021-04-14,Madera,039,155013,16355,16218,913,17131,231
2021-04-14,Marin,041,260295,13816,13768,236,14004,226
2021-04-14,Mariposa,043,17540,404,394,9,403,5
2021-04-14,Mendocino,045,87422,3792,3711,72,3783,46
2021-04-14,Merced,047,269075,30328,30296,968,31264,436
2021-04-14,Modoc,049,8938,368,355,122,477,3
2021-04-14,Mono,051,14174,1239,1252,16,1268,3
2021-04-14,Monterey,053,433212,42803,42595,1829,44424,347
2021-04-14,Napa,055,140530,9675,9643,34,9677,79
2021-04-14,Nevada,057,99092,4500,4421,184,4605,70
2021-04-14,Orange,059,3164182,253005,251568,11030,262598,4849
2021-04-14,Placer,061,380077,22256,21575,1366,22941,280
2021-04-14,Plumas,063,18699,678,665,10,675,4
2021-04-14,Riverside,065,2383286,291341,285583,13833,299416,4358
2021-04-14,Sacramento,067,1510023,101542,100645,1555,102200,1570
2021-04-14,San Benito,069,59416,5974,5960,111,6071,62
2021-04-14,San Bernardino,071,2135413,290824,289078,8860,297938,4523
2021-04-14,San Diego,073,3302833,274843,273969,14068,288037,3648
2021-04-14,San Francisco,075,870044,35888,35898,1245,37143,510
2021-04-14,San Joaquin,077,732212,71026,70095,3360,73455,1288
2021-04-14,San Luis Obispo,079,281455,20855,20561,675,21236,253
2021-04-14,San Mateo,081,765935,41482,40982,443,41425,352
2021-04-14,Santa Barbara,083,443738,34001,33650,1179,34829,445
2021-04-14,Santa Clara,085,1922200,116233,116488,693,117181,1922
2021-04-14,Santa Cruz,087,273765,15988,15481,807,16288,203
2021-04-14,Shasta,089,179085,11609,11581,1412,12993,190
2021-04-14,Sierra,091,2930,55,51,12,63,0
2021-04-14,Siskiyou,093,43540,1626,1518,284,1802,10
2021-04-14,Solano,095,438530,31547,31357,452,31809,239
2021-04-14,Sonoma,097,501317,29459,29572,294,29866,311
2021-04-14,Stanislaus,099,539301,54231,53836,5738,59574,727
2021-04-14,Sutter,101,95872,9278,9230,82,9312,106
2021-04-14,Tehama,103,63373,4894,4853,539,5392,52
2021-04-14,Trinity,105,12862,482,326,85,411,3
2021-04-14,Tulare,107,460477,49547,48527,8763,57290,827
2021-04-14,Tuolumne,109,53932,3942,3997,37,4034,57
2021-04-14,Ventura,111,848112,80449,79891,2929,82820,986
2021-04-14,Yolo,113,214977,13542,13530,263,13793,198
2021-04-14,Yuba,115,75493,5826,5778,116,5894,44
2021-04-13,Alameda,001,1643700,85356,84921,1868,86789,1239
2021-04-13,Alpine,003,1148,85,85,0,85,0
2021-04-13,Amador,005,37829,3625,3609,33,3642,46
2021-04-13,Butte,007,227075,11887,11497,1709,13206,196
2021-04-13,Calaveras,009,45235,2044,2035,12,2047,50
2021-04-13,Colusa,011,21464,1908,1905,283,2188,14
2021-04-13,Contra Costa,013,1133247,67086,66304,1172,67476,778
2021-04-13,Del Norte,015,27424,1262,1221,11,1232,6
2021-04-13,El Dorado,017,186661,9709,9609,658,10267,106
2021-04-13,Fresno,019,978130,100926,100357,8458,108815,1636
2021-04-13,Glenn,021,27897,2372,2351,537,2888,17
2021-04-13,Humboldt,023,135768,3577,3540,26,3566,35
2021-04-13,Imperial,025,180216,28025,27887,2732,30619,718
2021-04-13,Inyo,027,18085,1391,1391,10,1401,36
2021-04-13,Kern,029,883053,96019,94908,10502,105410,1285
2021-04-13,Kings,031,150075,22884,22636,1055,23691,243
2021-04-13,Lake,033,64148,3419,3390,9,3399,43
2021-04-13,Lassen,035,31185,5157,5147,105,5252,1
2021-04-13,Los Angeles,037,10098052,1193952,1186482,40953,1227435,23526
2021-04-13,Madera,039,155013,16345,16207,911,17118,231
2021-04-13,Marin,041,260295,13808,13760,235,13995,224
2021-04-13,Mariposa,043,17540,403,394,6,400,5
2021-04-13,Mendocino,045,87422,3786,3702,72,3774,46
2021-04-13,Merced,047,269075,30297,30276,966,31242,435
2021-04-13,Modoc,049,8938,368,355,122,477,3
2021-04-13,Mono,051,14174,1239,1251,16,1267,3
2021-04-13,Monterey,053,433212,42792,42577,1829,44406,347
2021-04-13,Napa,055,140530,9665,9627,34,9661,79
2021-04-13,Nevada,057,99092,4488,4415,184,4599,69
2021-04-13,Orange,059,3164182,252910,251491,11011,262502,4836
2021-04-13,Placer,061,380077,22219,21534,1363,22897,280
2021-04-13,Plumas,063,18699,677,665,10,675,4
2021-04-13,Riverside,065,2383286,291222,285505,13827,299332,4348
2021-04-13,Sacramento,067,1510023,101367,100551,1550,102101,1569
2021-04-13,San Benito,069,59416,5971,5946,111,6057,62
2021-04-13,San Bernardino,071,2135413,290708,288929,8854,297783,4521
2021-04-13,San Diego,073,3302833,274589,273709,14033,287742,3623
2021-04-13,San Francisco,075,870044,35852,35869,1241,37110,506
2021-04-13,San Joaquin,077,732212,70918,70034,3352,73386,1288
2021-04-13,San Luis Obispo,079,281455,20828,20536,665,21201,253
2021-04-13,San Mateo,081,765935,41437,40955,443,41398,353
2021-04-13,Santa Barbara,083,443738,33979,33613,1176,34789,444
2021-04-13,Santa Clara,085,1922200,116104,116363,691,117054,1923
2021-04-13,Santa Cruz,087,273765,15981,15449,807,16256,203
2021-04-13,Shasta,089,179085,11589,11536,1409,12945,189
2021-04-13,Sierra,091,2930,55,51,12,63,0
2021-04-13,Siskiyou,093,43540,1618,1511,280,1791,10
2021-04-13,Solano,095,438530,31498,31335,448,31783,239
2021-04-13,Sonoma,097,501317,29451,29544,293,29837,311
2021-04-13,Stanislaus,099,539301,54158,53797,5729,59526,722
2021-04-13,Sutter,101,95872,9274,9226,82,9308,106
2021-04-13,Tehama,103,63373,4887,4850,536,5386,52
2021-04-13,Trinity,105,12862,482,326,85,411,3
2021-04-13,Tulare,107,460477,49534,48511,8760,57271,825
2021-04-13,Tuolumne,109,53932,3940,3995,37,4032,57
2021-04-13,Ventura,111,848112,80417,79854,2927,82781,986
2021-04-13,Yolo,113,214977,13530,13516,262,13778,198
2021-04-13,Yuba,115,75493,5817,5776,116,5892,44
2021-04-12,Alameda,001,1643700,85253,84817,1867,86684,1238
2021-04-12,Alpine,003,1148,85,85,0,85,0
2021-04-12,Amador,005,37829,3624,3607,33,3640,46
2021-04-12,Butte,007,227075,11872,11488,1705,13193,193
2021-04-12,Calaveras,009,45235,2043,2033,12,2045,50
2021-04-12,Colusa,011,21464,1906,1904,281,2185,14
2021-04-12,Contra Costa,013,1133247,67004,66176,1172,67348,777
2021-04-12,Del Norte,015,27424,1259,1216,11,1227,6
2021-04-12,El Dorado,017,186661,9692,9588,656,10244,106
2021-04-12,Fresno,019,978130,100865,100277,8434,108711,1633
2021-04-12,Glenn,021,27897,2371,2349,537,2886,17
2021-04-12,Humboldt,023,135768,3563,3533,25,3558,35
2021-04-12,Imperial,025,180216,27995,27851,2726,30577,717
2021-04-12,Inyo,027,18085,1391,1390,10,1400,36
2021-04-12,Kern,029,883053,95982,94861,10491,105352,1283
2021-04-12,Kings,031,150075,22876,22621,1054,23675,241
2021-04-12,Lake,033,64148,3415,3380,9,3389,43
2021-04-12,Lassen,035,31185,5156,5147,105,5252,1
2021-04-12,Los Angeles,037,10098052,1193451,1186145,40913,1227058,23505
2021-04-12,Madera,039,155013,16333,16174,909,17083,231
2021-04-12,Marin,041,260295,13795,13751,233,13984,224
2021-04-12,Mariposa,043,17540,402,394,6,400,5
2021-04-12,Mendocino,045,87422,3785,3699,72,3771,46
2021-04-12,Merced,047,269075,30265,30261,964,31225,435
2021-04-12,Modoc,049,8938,366,352,122,474,3
2021-04-12,Mono,051,14174,1239,1251,16,1267,3
2021-04-12,Monterey,053,433212,42778,42555,1827,44382,346
2021-04-12,Napa,055,140530,9651,9603,34,9637,80
2021-04-12,Nevada,057,99092,4477,4408,184,4592,69
2021-04-12,Orange,059,3164182,252824,251350,10990,262340,4826
2021-04-12,Placer,061,380077,22169,21475,1360,22835,278
2021-04-12,Plumas,063,18699,675,666,10,676,4
2021-04-12,Riverside,065,2383286,291111,285361,13821,299182,4336
2021-04-12,Sacramento,067,1510023,101192,100394,1545,101939,1566
2021-04-12,San Benito,069,59416,5963,5942,110,6052,62
2021-04-12,San Bernardino,071,2135413,290601,288736,8842,297578,4493
2021-04-12,San Diego,073,3302833,274330,273431,14004,287435,3621
2021-04-12,San Francisco,075,870044,35818,35841,1240,37081,506
2021-04-12,San Joaquin,077,732212,70846,69968,3345,73313,1288
2021-04-12,San Luis Obispo,079,281455,20783,20515,652,21167,253
2021-04-12,San Mateo,081,765935,41395,40920,439,41359,353
2021-04-12,Santa Barbara,083,443738,33948,33606,1176,34782,444
2021-04-12,Santa Clara,085,1922200,115976,116252,689,116941,1923
2021-04-12,Santa Cruz,087,273765,15961,15406,807,16213,203
2021-04-12,Shasta,089,179085,11572,11509,1405,12914,189
2021-04-12,Sierra,091,2930,55,51,12,63,0
2021-04-12,Siskiyou,093,43540,1607,1511,278,1789,7
2021-04-12,Solano,095,438530,31456,31305,445,31750,238
2021-04-12,Sonoma,097,501317,29423,29500,293,29793,310
2021-04-12,Stanislaus,099,539301,54092,53722,5722,59444,707
2021-04-12,Sutter,101,95872,9263,9221,82,9303,106
2021-04-12,Tehama,103,63373,4878,4834,532,5366,52
2021-04-12,Trinity,105,12862,482,324,85,409,3
2021-04-12,Tulare,107,460477,49514,48495,8750,57245,824
2021-04-12,Tuolumne,109,53932,3936,3993,37,4030,57
2021-04-12,Ventura,111,848112,80384,79818,2925,82743,985
2021-04-12,Yolo,113,214977,13516,13510,261,13771,198
2021-04-12,Yuba,115,75493,5811,5773,116,5889,43
2021-04-11,Alameda,001,1643700,85116,84756,1861,86617,1238
2021-04-11,Alpine,003,1148,85,85,0,85,0
2021-04-11,Amador,005,37829,3622,3605,33,3638,46
2021-04-11,Butte,007,227075,11837,11487,1701,13188,193
2021-04-11,Calaveras,009,45235,2040,2036,12,2048,50
2021-04-11,Colusa,011,21464,1905,1904,280,2184,14
2021-04-11,Contra Costa,013,1133247,66895,66107,1169,67276,777
2021-04-11,Del Norte,015,27424,1253,1214,11,1225,6
2021-04-11,El Dorado,017,186661,9678,9575,653,10228,106
2021-04-11,Fresno,019,978130,100797,100230,8424,108654,1633
2021-04-11,Glenn,021,27897,2367,2348,536,2884,17
2021-04-11,Humboldt,023,135768,3553,3523,25,3548,35
2021-04-11,Imperial,025,180216,27971,27841,2724,30565,717
2021-04-11,Inyo,027,18085,1391,1390,10,1400,36
2021-04-11,Kern,029,883053,95921,94830,10483,105313,1283
2021-04-11,Kings,031,150075,22867,22618,1051,23669,241
2021-04-11,Lake,033,64148,3411,3377,9,3386,43
2021-04-11,Lassen,035,31185,5152,5147,105,5252,1
2021-04-11,Los Angeles,037,10098052,1192939,1185757,40871,1226628,23503
2021-04-11,Madera,039,155013,16314,16166,908,17074,231
2021-04-11,Marin,041,260295,13788,13741,232,13973,226
2021-04-11,Mariposa,043,17540,402,394,6,400,5
2021-04-11,Mendocino,045,87422,3783,3696,72,3768,46
2021-04-11,Merced,047,269075,30227,30249,963,31212,435
2021-04-11,Modoc,049,8938,365,352,120,472,3
2021-04-11,Mono,051,14174,1238,1250,16,1266,3
2021-04-11,Monterey,053,433212,42771,42547,1820,44367,346
2021-04-11,Napa,055,140530,9640,9592,34,9626,80
2021-04-11,Nevada,057,99092,4463,4394,184,4578,69
2021-04-11,Orange,059,3164182,252697,251233,10979,262212,4826
2021-04-11,Placer,061,380077,22111,21458,1355,22813,278
2021-04-11,Plumas,063,18699,675,666,10,676,4
2021-04-11,Riverside,065,2383286,290978,285269,13811,299080,4336
2021-04-11,Sacramento,067,1510023,101022,100296,1532,101828,1566
2021-04-11,San Benito,069,59416,5955,5941,109,6050,62
2021-04-11,San Bernardino,071,2135413,290492,288686,8836,297522,4492
2021-04-11,San Diego,073,3302833,274033,273287,13945,287232,3621
2021-04-11,San Francisco,075,870044,35782,35815,1237,37052,498
2021-04-11,San Joaquin,077,732212,70759,69939,3334,73273,1288
2021-04-11,San Luis Obispo,079,281455,20757,20501,649,21150,253
2021-04-11,San Mateo,081,765935,41337,40901,438,41339,353
2021-04-11,Santa Barbara,083,443738,33913,33591,1175,34766,444
2021-04-11,Santa Clara,085,1922200,115840,116161,686,116847,1923
2021-04-11,Santa Cruz,087,273765,15949,15382,807,16189,203
2021-04-11,Shasta,089,179085,11528,11504,1404,12908,189
2021-04-11,Sierra,091,2930,55,51,12,63,0
2021-04-11,Siskiyou,093,43540,1600,1509,275,1784,7
2021-04-11,Solano,095,438530,31404,31268,441,31709,238
2021-04-11,Sonoma,097,501317,29397,29496,289,29785,310
2021-04-11,Stanislaus,099,539301,54009,53683,5713,59396,707
2021-04-11,Sutter,101,95872,9254,9222,82,9304,106
2021-04-11,Tehama,103,63373,4875,4832,530,5362,52
2021-04-11,Trinity,105,12862,482,324,85,409,3
2021-04-11,Tulare,107,460477,49500,48479,8743,57222,824
2021-04-11,Tuolumne,109,53932,3934,3993,37,4030,57
2021-04-11,Ventura,111,848112,80336,79800,2919,82719,985
2021-04-11,Yolo,113,214977,13495,13496,259,13755,198
2021-04-11,Yuba,115,75493,5801,5768,116,5884,43
2021-04-10,Alameda,001,1643700,85052,84626,1861,86487,1238
2021-04-10,Alpine,003,1148,85,85,0,85,0
2021-04-10,Amador,005,37829,3620,3603,33,3636,46
2021-04-10,Butte,007,227075,11826,11482,1700,13182,193
2021-04-10,Calaveras,009,45235,2038,2032,12,2044,50
2021-04-10,Colusa,011,21464,1905,1902,280,2182,14
2021-04-10,Contra Costa,013,1133247,66834,66001,1166,67167,778
2021-04-10,Del Norte,015,27424,1250,1212,11,1223,6
2021-04-10,El Dorado,017,186661,9666,9549,650,10199,106
2021-04-10,Fresno,019,978130,100764,100135,8417,108552,1633
2021-04-10,Glenn,021,27897,2367,2343,536,2879,17
2021-04-10,Humboldt,023,135768,3543,3508,25,3533,35
2021-04-10,Imperial,025,180216,27957,27816,2724,30540,717
2021-04-10,Inyo,027,18085,1391,1387,10,1397,36
2021-04-10,Kern,029,883053,95907,94802,10477,105279,1284
2021-04-10,Kings,031,150075,22863,22614,1049,23663,241
2021-04-10,Lake,033,64148,3406,3368,9,3377,43
2021-04-10,Lassen,035,31185,5152,5146,104,5250,1
2021-04-10,Los Angeles,037,10098052,1192666,1185246,40853,1226099,23493
2021-04-10,Madera,039,155013,16306,16143,907,17050,231
2021-04-10,Marin,041,260295,13783,13731,232,13963,226
2021-04-10,Mariposa,043,17540,399,393,6,399,5
2021-04-10,Mendocino,045,87422,3781,3696,72,3768,46
2021-04-10,Merced,047,269075,30207,30225,962,31187,435
2021-04-10,Modoc,049,8938,365,352,120,472,3
2021-04-10,Mono,051,14174,1238,1249,16,1265,3
2021-04-10,Monterey,053,433212,42760,42527,1819,44346,346
2021-04-10,Napa,055,140530,9633,9569,34,9603,79
2021-04-10,Nevada,057,99092,4456,4379,184,4563,69
2021-04-10,Orange,059,3164182,252604,251139,10972,262111,4818
2021-04-10,Placer,061,380077,22080,21402,1349,22751,278
2021-04-10,Plumas,063,18699,675,666,10,676,4
2021-04-10,Riverside,065,2383286,290898,285082,13803,298885,4336
2021-04-10,Sacramento,067,1510023,100919,100048,1530,101578,1566
2021-04-10,San Benito,069,59416,5944,5932,108,6040,62
2021-04-10,San Bernardino,071,2135413,290428,288590,8829,297419,4489
2021-04-10,San Diego,073,3302833,273817,273058,13926,286984,3613
2021-04-10,San Francisco,075,870044,35752,35774,1234,37008,498
2021-04-10,San Joaquin,077,732212,70724,69852,3324,73176,1288
2021-04-10,San Luis Obispo,079,281455,20741,20461,648,21109,253
2021-04-10,San Mateo,081,765935,41304,40878,438,41316,350
2021-04-10,Santa Barbara,083,443738,33885,33541,1173,34714,444
2021-04-10,Santa Clara,085,1922200,115744,116015,685,116700,1923
2021-04-10,Santa Cruz,087,273765,15943,15360,807,16167,203
2021-04-10,Shasta,089,179085,11519,11492,1401,12893,189
2021-04-10,Sierra,091,2930,55,51,12,63,0
2021-04-10,Siskiyou,093,43540,1597,1512,275,1787,7
2021-04-10,Solano,095,438530,31370,31218,437,31655,238
2021-04-10,Sonoma,097,501317,29382,29469,289,29758,310
2021-04-10,Stanislaus,099,539301,53974,53596,5707,59303,707
2021-04-10,Sutter,101,95872,9252,9214,82,9296,106
2021-04-10,Tehama,103,63373,4873,4820,528,5348,52
2021-04-10,Trinity,105,12862,482,324,85,409,3
2021-04-10,Tulare,107,460477,49491,48470,8737,57207,824
2021-04-10,Tuolumne,109,53932,3931,3991,37,4028,57
2021-04-10,Ventura,111,848112,80308,79758,2917,82675,985
2021-04-10,Yolo,113,214977,13487,13494,258,13752,198
2021-04-10,Yuba,115,75493,5798,5757,115,5872,43
2021-04-09,Alameda,001,1643700,84984,84404,1853,86257,1237
2021-04-09,Alpine,003,1148,85,85,0,85,0
2021-04-09,Amador,005,37829,3619,3600,33,3633,46
2021-04-09,Butte,007,227075,11816,11454,1699,13153,193
2021-04-09,Calaveras,009,45235,2037,2028,12,2040,50
2021-04-09,Colusa,011,21464,1905,1898,280,2178,14
2021-04-09,Contra Costa,013,1133247,66741,65857,1160,67017,777
2021-04-09,Del Norte,015,27424,1249,1207,11,1218,6
2021-04-09,El Dorado,017,186661,9643,9528,646,10174,106
2021-04-09,Fresno,019,978130,100730,100027,8412,108439,1630
2021-04-09,Glenn,021,27897,2367,2337,536,2873,17
2021-04-09,Humboldt,023,135768,3533,3496,25,3521,35
2021-04-09,Imperial,025,180216,27942,27764,2722,30486,717
2021-04-09,Inyo,027,18085,1390,1386,10,1396,36
2021-04-09,Kern,029,883053,95869,94675,10475,105150,1282
2021-04-09,Kings,031,150075,22854,22595,1046,23641,242
2021-04-09,Lake,033,64148,3402,3362,9,3371,43
2021-04-09,Lassen,035,31185,5152,5140,104,5244,1
2021-04-09,Los Angeles,037,10098052,1192296,1184501,40824,1225325,23458
2021-04-09,Madera,039,155013,16303,16118,907,17025,231
2021-04-09,Marin,041,260295,13776,13721,232,13953,226
2021-04-09,Mariposa,043,17540,399,393,6,399,5
2021-04-09,Mendocino,045,87422,3779,3693,72,3765,46
2021-04-09,Merced,047,269075,30178,30179,961,31140,435
2021-04-09,Modoc,049,8938,364,352,120,472,3
2021-04-09,Mono,051,14174,1238,1247,16,1263,3
2021-04-09,Monterey,053,433212,42751,42481,1815,44296,344
2021-04-09,Napa,055,140530,9614,9574,34,9608,80
2021-04-09,Nevada,057,99092,4448,4373,184,4557,69
2021-04-09,Orange,059,3164182,252530,250852,10967,261819,4813
2021-04-09,Placer,061,380077,22049,21327,1341,22668,278
2021-04-09,Plumas,063,18699,674,666,10,676,4
2021-04-09,Riverside,065,2383286,290815,284562,13797,298359,4325
2021-04-09,Sacramento,067,1510023,100764,99722,1524,101246,1564
2021-04-09,San Benito,069,59416,5939,5925,107,6032,62
2021-04-09,San Bernardino,071,2135413,290359,288000,8826,296826,4467
2021-04-09,San Diego,073,3302833,273619,272697,13884,286581,3600
2021-04-09,San Francisco,075,870044,35711,35716,1229,36945,497
2021-04-09,San Joaquin,077,732212,70661,69675,3312,72987,1281
2021-04-09,San Luis Obispo,079,281455,20727,20427,648,21075,252
2021-04-09,San Mateo,081,765935,41268,40800,437,41237,350
2021-04-09,Santa Barbara,083,443738,33862,33424,1170,34594,444
2021-04-09,Santa Clara,085,1922200,115660,115749,683,116432,1923
2021-04-09,Santa Cruz,087,273765,15938,15331,807,16138,203
2021-04-09,Shasta,089,179085,11509,11478,1398,12876,188
2021-04-09,Sierra,091,2930,55,51,12,63,0
2021-04-09,Siskiyou,093,43540,1594,1510,274,1784,7
2021-04-09,Solano,095,438530,31337,31166,432,31598,238
2021-04-09,Sonoma,097,501317,29369,29433,289,29722,310
2021-04-09,Stanislaus,099,539301,53919,53504,5698,59202,705
2021-04-09,Sutter,101,95872,9245,9201,82,9283,106
2021-04-09,Tehama,103,63373,4867,4806,528,5334,52
2021-04-09,Trinity,105,12862,481,324,85,409,3
2021-04-09,Tulare,107,460477,49487,48430,8731,57161,824
2021-04-09,Tuolumne,109,53932,3930,3986,37,4023,57
2021-04-09,Ventura,111,848112,80280,79698,2917,82615,987
2021-04-09,Yolo,113,214977,13476,13478,256,13734,198
2021-04-09,Yuba,115,75493,5791,5754,115,5869,43
2021-04-08,Alameda,001,1643700,84878,84213,1850,86063,1232
2021-04-08,Alpine,003,1148,85,85,0,85,0
2021-04-08,Amador,005,37829,3615,3595,33,3628,46
2021-04-08,Butte,007,227075,11805,11414,1698,13112,193
2021-04-08,Calaveras,009,45235,2035,2027,12,2039,50
2021-04-08,Colusa,011,21464,1904,1897,280,2177,14
2021-04-08,Contra Costa,013,1133247,66631,65706,1157,66863,775
2021-04-08,Del Norte,015,27424,1243,1201,11,1212,6
2021-04-08,El Dorado,017,186661,9627,9513,641,10154,106
2021-04-08,Fresno,019,978130,100666,99935,8405,108340,1627
2021-04-08,Glenn,021,27897,2366,2337,536,2873,17
2021-04-08,Humboldt,023,135768,3523,3486,25,3511,35
2021-04-08,Imperial,025,180216,27915,27744,2718,30462,713
2021-04-08,Inyo,027,18085,1389,1386,10,1396,36
2021-04-08,Kern,029,883053,95823,94493,10462,104955,1281
2021-04-08,Kings,031,150075,22847,22589,1044,23633,243
2021-04-08,Lake,033,64148,3395,3360,9,3369,43
2021-04-08,Lassen,035,31185,5151,5136,104,5240,1
2021-04-08,Los Angeles,037,10098052,1191797,1184443,40786,1225229,23416
2021-04-08,Madera,039,155013,16291,16103,907,17010,231
2021-04-08,Marin,041,260295,13769,13704,232,13936,226
2021-04-08,Mariposa,043,17540,398,393,6,399,5
2021-04-08,Mendocino,045,87422,3777,3690,72,3762,45
2021-04-08,Merced,047,269075,30156,30163,961,31124,430
2021-04-08,Modoc,049,8938,364,352,120,472,3
2021-04-08,Mono,051,14174,1236,1247,16,1263,3
2021-04-08,Monterey,053,433212,42729,42437,1810,44247,342
2021-04-08,Napa,055,140530,9597,9569,34,9603,80
2021-04-08,Nevada,057,99092,4437,4367,184,4551,69
2021-04-08,Orange,059,3164182,252420,250529,10952,261481,4797
2021-04-08,Placer,061,380077,22008,21258,1332,22590,277
2021-04-08,Plumas,063,18699,674,665,10,675,4
2021-04-08,Riverside,065,2383286,290701,283853,13792,297645,4296
2021-04-08,Sacramento,067,1510023,100624,99319,1513,100832,1561
2021-04-08,San Benito,069,59416,5936,5914,105,6019,62
2021-04-08,San Bernardino,071,2135413,290261,287190,8823,296013,4445
2021-04-08,San Diego,073,3302833,273389,272495,13848,286343,3592
2021-04-08,San Francisco,075,870044,35688,35657,1228,36885,494
2021-04-08,San Joaquin,077,732212,70589,69479,3306,72785,1279
2021-04-08,San Luis Obispo,079,281455,20707,20402,646,21048,252
2021-04-08,San Mateo,081,765935,41228,40749,437,41186,350
2021-04-08,Santa Barbara,083,443738,33838,33309,1169,34478,444
2021-04-08,Santa Clara,085,1922200,115554,115487,682,116169,1905
2021-04-08,Santa Cruz,087,273765,15932,15296,807,16103,203
2021-04-08,Shasta,089,179085,11499,11466,1394,12860,186
2021-04-08,Sierra,091,2930,55,51,12,63,0
2021-04-08,Siskiyou,093,43540,1591,1511,274,1785,7
2021-04-08,Solano,095,438530,31288,31120,432,31552,238
2021-04-08,Sonoma,097,501317,29349,29410,288,29698,310
2021-04-08,Stanislaus,099,539301,53841,53401,5688,59089,706
2021-04-08,Sutter,101,95872,9241,9195,82,9277,106
2021-04-08,Tehama,103,63373,4863,4802,528,5330,52
2021-04-08,Trinity,105,12862,481,324,85,409,3
2021-04-08,Tulare,107,460477,49474,48409,8721,57130,821
2021-04-08,Tuolumne,109,53932,3930,3986,37,4023,57
2021-04-08,Ventura,111,848112,80243,79626,2913,82539,986
2021-04-08,Yolo,113,214977,13467,13468,255,13723,198
2021-04-08,Yuba,115,75493,5787,5743,115,5858,43
2021-04-07,Alameda,001,1643700,84795,84130,1848,85978,1224
2021-04-07,Alpine,003,1148,85,85,0,85,0
2021-04-07,Amador,005,37829,3612,3590,33,3623,46
2021-04-07,Butte,007,227075,11801,11405,1695,13100,193
2021-04-07,Calaveras,009,45235,2031,2022,12,2034,50
2021-04-07,Colusa,011,21464,1900,1894,279,2173,14
2021-04-07,Contra Costa,013,1133247,66545,65619,1156,66775,775
2021-04-07,Del Norte,015,27424,1241,1198,11,1209,6
2021-04-07,El Dorado,017,186661,9606,9500,636,10136,106
2021-04-07,Fresno,019,978130,100601,99865,8394,108259,1627
2021-04-07,Glenn,021,27897,2364,2337,535,2872,17
2021-04-07,Humboldt,023,135768,3511,3484,25,3509,35
2021-04-07,Imperial,025,180216,27891,27704,2712,30416,713
2021-04-07,Inyo,027,18085,1388,1386,10,1396,36
2021-04-07,Kern,029,883053,95787,94456,10447,104903,1275
2021-04-07,Kings,031,150075,22845,22589,1044,23633,243
2021-04-07,Lake,033,64148,3393,3358,9,3367,43
2021-04-07,Lassen,035,31185,5151,5137,104,5241,1
2021-04-07,Los Angeles,037,10098052,1191362,1183862,40764,1224626,23372
2021-04-07,Madera,039,155013,16272,16090,906,16996,231
2021-04-07,Marin,041,260295,13758,13688,230,13918,225
2021-04-07,Mariposa,043,17540,397,391,6,397,5
2021-04-07,Mendocino,045,87422,3776,3691,72,3763,45
2021-04-07,Merced,047,269075,30132,30132,957,31089,430
2021-04-07,Modoc,049,8938,364,351,120,471,3
2021-04-07,Mono,051,14174,1236,1246,16,1262,3
2021-04-07,Monterey,053,433212,42711,42427,1809,44236,341
2021-04-07,Napa,055,140530,9583,9556,34,9590,80
2021-04-07,Nevada,057,99092,4431,4364,184,4548,69
2021-04-07,Orange,059,3164182,252296,250378,10929,261307,4778
2021-04-07,Placer,061,380077,21963,21227,1324,22551,276
2021-04-07,Plumas,063,18699,674,665,10,675,4
2021-04-07,Riverside,065,2383286,290581,283749,13782,297531,4285
2021-04-07,Sacramento,067,1510023,100456,99202,1507,100709,1544
2021-04-07,San Benito,069,59416,5931,5912,104,6016,62
2021-04-07,San Bernardino,071,2135413,290143,286978,8818,295796,4433
2021-04-07,San Diego,073,3302833,273164,272195,13819,286014,3588
2021-04-07,San Francisco,075,870044,35648,35618,1224,36842,493
2021-04-07,San Joaquin,077,732212,70520,69375,3301,72676,1278
2021-04-07,San Luis Obispo,079,281455,20681,20373,643,21016,252
2021-04-07,San Mateo,081,765935,41184,40693,437,41130,350
2021-04-07,Santa Barbara,083,443738,33812,33289,1166,34455,444
2021-04-07,Santa Clara,085,1922200,115422,115311,680,115991,1900
2021-04-07,Santa Cruz,087,273765,15921,15275,807,16082,203
2021-04-07,Shasta,089,179085,11487,11456,1389,12845,184
2021-04-07,Sierra,091,2930,55,51,12,63,0
2021-04-07,Siskiyou,093,43540,1585,1512,273,1785,7
2021-04-07,Solano,095,438530,31237,31097,431,31528,238
2021-04-07,Sonoma,097,501317,29331,29394,287,29681,310
2021-04-07,Stanislaus,099,539301,53773,53344,5678,59022,686
2021-04-07,Sutter,101,95872,9238,9188,82,9270,106
2021-04-07,Tehama,103,63373,4855,4802,526,5328,52
2021-04-07,Trinity,105,12862,481,322,85,407,3
2021-04-07,Tulare,107,460477,49459,48386,8710,57096,820
2021-04-07,Tuolumne,109,53932,3928,3982,37,4019,57
2021-04-07,Ventura,111,848112,80209,79595,2911,82506,986
2021-04-07,Yolo,113,214977,13452,13450,253,13703,198
2021-04-07,Yuba,115,75493,5783,5737,115,5852,43
2021-04-06,Alameda,001,1643700,84681,84091,1844,85935,1223
2021-04-06,Alpine,003,1148,85,85,0,85,0
2021-04-06,Amador,005,37829,3611,3587,33,3620,45
2021-04-06,Butte,007,227075,11786,11396,1693,13089,193
2021-04-06,Calaveras,009,45235,2028,2021,12,2033,50
2021-04-06,Colusa,011,21464,1898,1894,277,2171,14
2021-04-06,Contra Costa,013,1133247,66467,65575,1155,66730,774
2021-04-06,Del Norte,015,27424,1236,1197,11,1208,6
2021-04-06,El Dorado,017,186661,9576,9489,634,10123,106
2021-04-06,Fresno,019,978130,100537,99814,8388,108202,1626
2021-04-06,Glenn,021,27897,2363,2335,535,2870,17
2021-04-06,Humboldt,023,135768,3502,3477,25,3502,35
2021-04-06,Imperial,025,180216,27857,27661,2702,30363,713
2021-04-06,Inyo,027,18085,1388,1379,10,1389,36
2021-04-06,Kern,029,883053,95743,94422,10441,104863,1259
2021-04-06,Kings,031,150075,22839,22587,1044,23631,240
2021-04-06,Lake,033,64148,3390,3358,9,3367,43
2021-04-06,Lassen,035,31185,5149,5137,104,5241,1
2021-04-06,Los Angeles,037,10098052,1190852,1183499,40724,1224223,23323
2021-04-06,Madera,039,155013,16252,16085,901,16986,230
2021-04-06,Marin,041,260295,13749,13675,227,13902,224
2021-04-06,Mariposa,043,17540,397,390,6,396,5
2021-04-06,Mendocino,045,87422,3774,3686,72,3758,45
2021-04-06,Merced,047,269075,30103,30100,952,31052,430
2021-04-06,Modoc,049,8938,363,351,120,471,3
2021-04-06,Mono,051,14174,1236,1246,16,1262,3
2021-04-06,Monterey,053,433212,42702,42412,1808,44220,341
2021-04-06,Napa,055,140530,9564,9509,34,9543,78
2021-04-06,Nevada,057,99092,4421,4356,182,4538,69
2021-04-06,Orange,059,3164182,252187,250304,10915,261219,4771
2021-04-06,Placer,061,380077,21915,21184,1322,22506,276
2021-04-06,Plumas,063,18699,674,665,10,675,4
2021-04-06,Riverside,065,2383286,290400,283622,13771,297393,4264
2021-04-06,Sacramento,067,1510023,100247,99110,1499,100609,1537
2021-04-06,San Benito,069,59416,5922,5907,104,6011,62
2021-04-06,San Bernardino,071,2135413,290029,286792,8808,295600,4428
2021-04-06,San Diego,073,3302833,272902,271867,13791,285658,3585
2021-04-06,San Francisco,075,870044,35605,35572,1224,36796,488
2021-04-06,San Joaquin,077,732212,70437,69316,3289,72605,1278
2021-04-06,San Luis Obispo,079,281455,20659,20350,640,20990,252
2021-04-06,San Mateo,081,765935,41136,40649,436,41085,350
2021-04-06,Santa Barbara,083,443738,33794,33257,1165,34422,443
2021-04-06,Santa Clara,085,1922200,115251,115184,679,115863,1900
2021-04-06,Santa Cruz,087,273765,15911,15252,807,16059,203
2021-04-06,Shasta,089,179085,11466,11443,1387,12830,184
2021-04-06,Sierra,091,2930,55,51,12,63,0
2021-04-06,Siskiyou,093,43540,1581,1510,272,1782,7
2021-04-06,Solano,095,438530,31190,31078,430,31508,237
2021-04-06,Sonoma,097,501317,29306,29386,285,29671,311
2021-04-06,Stanislaus,099,539301,53716,53304,5672,58976,686
2021-04-06,Sutter,101,95872,9228,9179,82,9261,106
2021-04-06,Tehama,103,63373,4846,4798,526,5324,52
2021-04-06,Trinity,105,12862,481,321,85,406,3
2021-04-06,Tulare,107,460477,49416,48372,8706,57078,819
2021-04-06,Tuolumne,109,53932,3928,3981,37,4018,57
2021-04-06,Ventura,111,848112,80172,79556,2909,82465,983
2021-04-06,Yolo,113,214977,13439,13443,252,13695,198
2021-04-06,Yuba,115,75493,5779,5733,114,5847,43
2021-04-05,Alameda,001,1643700,84565,84007,1840,85847,1219
2021-04-05,Alpine,003,1148,85,85,0,85,0
2021-04-05,Amador,005,37829,3608,3584,33,3617,45
2021-04-05,Butte,007,227075,11771,11384,1692,13076,193
2021-04-05,Calaveras,009,45235,2026,2019,12,2031,50
2021-04-05,Colusa,011,21464,1898,1894,276,2170,14
2021-04-05,Contra Costa,013,1133247,66401,65457,1153,66610,774
2021-04-05,Del Norte,015,27424,1234,1189,11,1200,6
2021-04-05,El Dorado,017,186661,9561,9463,634,10097,106
2021-04-05,Fresno,019,978130,100449,99755,8380,108135,1622
2021-04-05,Glenn,021,27897,2361,2335,535,2870,17
2021-04-05,Humboldt,023,135768,3493,3475,25,3500,35
2021-04-05,Imperial,025,180216,27825,27604,2697,30301,710
2021-04-05,Inyo,027,18085,1385,1377,10,1387,36
2021-04-05,Kern,029,883053,95688,94401,10416,104817,1249
2021-04-05,Kings,031,150075,22835,22580,1044,23624,239
2021-04-05,Lake,033,64148,3382,3359,9,3368,43
2021-04-05,Lassen,035,31185,5149,5138,103,5241,1
2021-04-05,Los Angeles,037,10098052,1190317,1183200,40673,1223873,23302
2021-04-05,Madera,039,155013,16238,16065,900,16965,230
2021-04-05,Marin,041,260295,13735,13666,223,13889,221
2021-04-05,Mariposa,043,17540,397,390,6,396,5
2021-04-05,Mendocino,045,87422,3772,3687,72,3759,45
2021-04-05,Merced,047,269075,30076,30068,951,31019,427
2021-04-05,Modoc,049,8938,361,346,120,466,3
2021-04-05,Mono,051,14174,1236,1246,16,1262,3
2021-04-05,Monterey,053,433212,42689,42396,1804,44200,341
2021-04-05,Napa,055,140530,9541,9492,34,9526,78
2021-04-05,Nevada,057,99092,4410,4346,182,4528,69
2021-04-05,Orange,059,3164182,252072,250177,10891,261068,4759
2021-04-05,Placer,061,380077,21869,21133,1314,22447,276
2021-04-05,Plumas,063,18699,674,666,10,676,4
2021-04-05,Riverside,065,2383286,290263,283549,13759,297308,4237
2021-04-05,Sacramento,067,1510023,100085,98908,1490,100398,1533
2021-04-05,San Benito,069,59416,5916,5904,104,6008,61
2021-04-05,San Bernardino,071,2135413,289919,286597,8805,295402,4425
2021-04-05,San Diego,073,3302833,272653,271655,13750,285405,3583
2021-04-05,San Francisco,075,870044,35574,35538,1224,36762,488
2021-04-05,San Joaquin,077,732212,70348,69214,3280,72494,1268
2021-04-05,San Luis Obispo,079,281455,20622,20333,640,20973,252
2021-04-05,San Mateo,081,765935,41092,40609,435,41044,350
2021-04-05,Santa Barbara,083,443738,33760,33235,1165,34400,443
2021-04-05,Santa Clara,085,1922200,115084,115091,676,115767,1893
2021-04-05,Santa Cruz,087,273765,15904,15228,807,16035,201
2021-04-05,Shasta,089,179085,11445,11435,1384,12819,184
2021-04-05,Sierra,091,2930,55,50,12,62,0
2021-04-05,Siskiyou,093,43540,1578,1509,270,1779,7
2021-04-05,Solano,095,438530,31149,31026,428,31454,237
2021-04-05,Sonoma,097,501317,29274,29361,283,29644,311
2021-04-05,Stanislaus,099,539301,53635,53238,5670,58908,686
2021-04-05,Sutter,101,95872,9221,9169,82,9251,106
2021-04-05,Tehama,103,63373,4840,4794,526,5320,52
2021-04-05,Trinity,105,12862,480,321,85,406,3
2021-04-05,Tulare,107,460477,49404,48356,8699,57055,818
2021-04-05,Tuolumne,109,53932,3927,3980,37,4017,57
2021-04-05,Ventura,111,848112,80141,79549,2906,82455,983
2021-04-05,Yolo,113,214977,13425,13427,251,13678,198
2021-04-05,Yuba,115,75493,5774,5728,113,5841,43
2021-04-04,Alameda,001,1643700,84447,83951,1836,85787,1219
2021-04-04,Alpine,003,1148,85,85,0,85,0
2021-04-04,Amador,005,37829,3602,3582,33,3615,45
2021-04-04,Butte,007,227075,11756,11375,1691,13066,193
2021-04-04,Calaveras,009,45235,2022,2020,12,2032,50
2021-04-04,Colusa,011,21464,1897,1893,276,2169,14
2021-04-04,Contra Costa,013,1133247,66295,65408,1148,66556,774
2021-04-04,Del Norte,015,27424,1226,1186,11,1197,6
2021-04-04,El Dorado,017,186661,9542,9455,630,10085,106
2021-04-04,Fresno,019,978130,100375,99702,8367,108069,1622
2021-04-04,Glenn,021,27897,2358,2335,534,2869,17
2021-04-04,Humboldt,023,135768,3482,3472,25,3497,35
2021-04-04,Imperial,025,180216,27769,27588,2694,30282,710
2021-04-04,Inyo,027,18085,1381,1377,10,1387,36
2021-04-04,Kern,029,883053,95644,94388,10395,104783,1247
2021-04-04,Kings,031,150075,22833,22580,1043,23623,239
2021-04-04,Lake,033,64148,3376,3355,8,3363,43
2021-04-04,Lassen,035,31185,5148,5138,103,5241,1
2021-04-04,Los Angeles,037,10098052,1189774,1182872,40629,1223501,23301
2021-04-04,Madera,039,155013,16212,16052,896,16948,230
2021-04-04,Marin,041,260295,13722,13663,222,13885,221
2021-04-04,Mariposa,043,17540,397,390,6,396,5
2021-04-04,Mendocino,045,87422,3769,3684,72,3756,45
2021-04-04,Merced,047,269075,30033,30048,948,30996,427
2021-04-04,Modoc,049,8938,361,346,120,466,3
2021-04-04,Mono,051,14174,1235,1245,16,1261,3
2021-04-04,Monterey,053,433212,42672,42391,1803,44194,341
2021-04-04,Napa,055,140530,9529,9486,34,9520,78
2021-04-04,Nevada,057,99092,4398,4337,182,4519,69
2021-04-04,Orange,059,3164182,251938,250117,10875,260992,4759
2021-04-04,Placer,061,380077,21824,21104,1296,22400,276
2021-04-04,Plumas,063,18699,674,666,10,676,4
2021-04-04,Riverside,065,2383286,290137,283537,13755,297292,4237
2021-04-04,Sacramento,067,1510023,99886,98821,1480,100301,1531
2021-04-04,San Benito,069,59416,5906,5901,100,6001,61
2021-04-04,San Bernardino,071,2135413,289779,286561,8797,295358,4423
2021-04-04,San Diego,073,3302833,272342,271528,13708,285236,3583
2021-04-04,San Francisco,075,870044,35520,35525,1221,36746,488
2021-04-04,San Joaquin,077,732212,70247,69147,3268,72415,1268
2021-04-04,San Luis Obispo,079,281455,20590,20328,632,20960,252
2021-04-04,San Mateo,081,765935,41049,40587,432,41019,350
2021-04-04,Santa Barbara,083,443738,33724,33213,1165,34378,443
2021-04-04,Santa Clara,085,1922200,114918,114976,669,115645,1893
2021-04-04,Santa Cruz,087,273765,15895,15219,807,16026,201
2021-04-04,Shasta,089,179085,11419,11433,1383,12816,184
2021-04-04,Sierra,091,2930,55,50,12,62,0
2021-04-04,Siskiyou,093,43540,1575,1509,266,1775,7
2021-04-04,Solano,095,438530,31102,31002,426,31428,237
2021-04-04,Sonoma,097,501317,29242,29340,281,29621,311
2021-04-04,Stanislaus,099,539301,53542,53181,5662,58843,686
2021-04-04,Sutter,101,95872,9214,9164,82,9246,106
2021-04-04,Tehama,103,63373,4828,4792,525,5317,52
2021-04-04,Trinity,105,12862,478,321,85,406,3
2021-04-04,Tulare,107,460477,49388,48343,8691,57034,818
2021-04-04,Tuolumne,109,53932,3919,3980,37,4017,57
2021-04-04,Ventura,111,848112,80098,79526,2904,82430,983
2021-04-04,Yolo,113,214977,13404,13425,250,13675,198
2021-04-04,Yuba,115,75493,5767,5722,113,5835,43
2021-04-03,Alameda,001,1643700,84380,83861,1834,85695,1218
2021-04-03,Alpine,003,1148,85,85,0,85,0
2021-04-03,Amador,005,37829,3599,3577,33,3610,45
2021-04-03,Butte,007,227075,11752,11359,1687,13046,193
2021-04-03,Calaveras,009,45235,2019,2019,12,2031,50
2021-04-03,Colusa,011,21464,1897,1891,276,2167,14
2021-04-03,Contra Costa,013,1133247,66223,65338,1148,66486,774
2021-04-03,Del Norte,015,27424,1221,1183,11,1194,6
2021-04-03,El Dorado,017,186661,9533,9448,629,10077,106
2021-04-03,Fresno,019,978130,100318,99602,8361,107963,1622
2021-04-03,Glenn,021,27897,2358,2334,533,2867,17
2021-04-03,Humboldt,023,135768,3480,3467,25,3492,35
2021-04-03,Imperial,025,180216,27753,27572,2690,30262,710
2021-04-03,Inyo,027,18085,1380,1376,10,1386,36
2021-04-03,Kern,029,883053,95618,94369,10379,104748,1243
2021-04-03,Kings,031,150075,22831,22580,1043,23623,239
2021-04-03,Lake,033,64148,3375,3350,8,3358,43
2021-04-03,Lassen,035,31185,5147,5136,103,5239,1
2021-04-03,Los Angeles,037,10098052,1189473,1182402,40611,1223013,23301
2021-04-03,Madera,039,155013,16203,16051,894,16945,230
2021-04-03,Marin,041,260295,13714,13658,221,13879,221
2021-04-03,Mariposa,043,17540,397,390,5,395,5
2021-04-03,Mendocino,045,87422,3768,3684,72,3756,45
2021-04-03,Merced,047,269075,30018,30031,948,30979,427
2021-04-03,Modoc,049,8938,361,346,120,466,3
2021-04-03,Mono,051,14174,1235,1245,16,1261,3
2021-04-03,Monterey,053,433212,42659,42376,1801,44177,341
2021-04-03,Napa,055,140530,9520,9473,34,9507,78
2021-04-03,Nevada,057,99092,4394,4323,182,4505,69
2021-04-03,Orange,059,3164182,251858,249982,10857,260839,4755
2021-04-03,Placer,061,380077,21793,21060,1292,22352,276
2021-04-03,Plumas,063,18699,674,666,10,676,4
2021-04-03,Riverside,065,2383286,290059,283423,13752,297175,4237
2021-04-03,Sacramento,067,1510023,99778,98660,1474,100134,1531
2021-04-03,San Benito,069,59416,5903,5893,99,5992,61
2021-04-03,San Bernardino,071,2135413,289714,286473,8791,295264,4422
2021-04-03,San Diego,073,3302833,272173,271335,13691,285026,3571
2021-04-03,San Francisco,075,870044,35501,35488,1219,36707,489
2021-04-03,San Joaquin,077,732212,70206,69100,3252,72352,1268
2021-04-03,San Luis Obispo,079,281455,20571,20301,632,20933,252
2021-04-03,San Mateo,081,765935,41024,40560,432,40992,350
2021-04-03,Santa Barbara,083,443738,33698,33172,1164,34336,443
2021-04-03,Santa Clara,085,1922200,114810,114865,667,115532,1893
2021-04-03,Santa Cruz,087,273765,15888,15205,807,16012,201
2021-04-03,Shasta,089,179085,11411,11418,1383,12801,184
2021-04-03,Sierra,091,2930,55,50,12,62,0
2021-04-03,Siskiyou,093,43540,1574,1509,266,1775,7
2021-04-03,Solano,095,438530,31081,30970,423,31393,237
2021-04-03,Sonoma,097,501317,29226,29315,280,29595,311
2021-04-03,Stanislaus,099,539301,53507,53137,5656,58793,686
2021-04-03,Sutter,101,95872,9208,9158,82,9240,106
2021-04-03,Tehama,103,63373,4821,4788,525,5313,52
2021-04-03,Trinity,105,12862,478,321,85,406,3
2021-04-03,Tulare,107,460477,49378,48327,8687,57014,818
2021-04-03,Tuolumne,109,53932,3919,3980,37,4017,57
2021-04-03,Ventura,111,848112,80077,79489,2902,82391,983
2021-04-03,Yolo,113,214977,13398,13414,250,13664,198
2021-04-03,Yuba,115,75493,5761,5716,113,5829,43
2021-04-02,Alameda,001,1643700,84306,83776,1831,85607,1217
2021-04-02,Alpine,003,1148,85,85,0,85,0
2021-04-02,Amador,005,37829,3595,3573,32,3605,45
2021-04-02,Butte,007,227075,11744,11350,1687,13037,193
2021-04-02,Calaveras,009,45235,2015,2010,12,2022,50
2021-04-02,Colusa,011,21464,1897,1891,276,2167,14
2021-04-02,Contra Costa,013,1133247,66159,65299,1147,66446,774
2021-04-02,Del Norte,015,27424,1218,1174,11,1185,6
2021-04-02,El Dorado,017,186661,9520,9437,626,10063,106
2021-04-02,Fresno,019,978130,100264,99551,8350,107901,1620
2021-04-02,Glenn,021,27897,2358,2331,533,2864,17
2021-04-02,Humboldt,023,135768,3476,3465,25,3490,35
2021-04-02,Imperial,025,180216,27740,27553,2683,30236,710
2021-04-02,Inyo,027,18085,1380,1377,10,1387,36
2021-04-02,Kern,029,883053,95600,94348,10376,104724,1233
2021-04-02,Kings,031,150075,22831,22571,1040,23611,239
2021-04-02,Lake,033,64148,3373,3348,8,3356,43
2021-04-02,Lassen,035,31185,5147,5134,103,5237,1
2021-04-02,Los Angeles,037,10098052,1189164,1181682,40588,1222270,23264
2021-04-02,Madera,039,155013,16194,16036,893,16929,230
2021-04-02,Marin,041,260295,13706,13649,221,13870,221
2021-04-02,Mariposa,043,17540,395,390,5,395,5
2021-04-02,Mendocino,045,87422,3765,3682,72,3754,45
2021-04-02,Merced,047,269075,29994,29998,948,30946,426
2021-04-02,Modoc,049,8938,358,346,120,466,3
2021-04-02,Mono,051,14174,1235,1246,16,1262,3
2021-04-02,Monterey,053,433212,42649,42359,1798,44157,341
2021-04-02,Napa,055,140530,9505,9453,34,9487,78
2021-04-02,Nevada,057,99092,4390,4323,182,4505,69
2021-04-02,Orange,059,3164182,251762,249891,10844,260735,4748
2021-04-02,Placer,061,380077,21757,21035,1286,22321,275
2021-04-02,Plumas,063,18699,674,666,10,676,4
2021-04-02,Riverside,065,2383286,289973,283328,13743,297071,4213
2021-04-02,Sacramento,067,1510023,99671,98648,1467,100115,1527
2021-04-02,San Benito,069,59416,5901,5888,97,5985,61
2021-04-02,San Bernardino,071,2135413,289641,286308,8787,295095,4417
2021-04-02,San Diego,073,3302833,271987,271036,13665,284701,3568
2021-04-02,San Francisco,075,870044,35466,35451,1217,36668,488
2021-04-02,San Joaquin,077,732212,70141,68996,3237,72233,1268
2021-04-02,San Luis Obispo,079,281455,20554,20271,631,20902,252
2021-04-02,San Mateo,081,765935,40982,40514,432,40946,350
2021-04-02,Santa Barbara,083,443738,33670,33145,1164,34309,443
2021-04-02,Santa Clara,085,1922200,114699,114777,665,115442,1882
2021-04-02,Santa Cruz,087,273765,15880,15216,807,16023,202
2021-04-02,Shasta,089,179085,11406,11377,1375,12752,181
2021-04-02,Sierra,091,2930,55,50,12,62,0
2021-04-02,Siskiyou,093,43540,1574,1508,265,1773,7
2021-04-02,Solano,095,438530,31052,30951,420,31371,237
2021-04-02,Sonoma,097,501317,29205,29288,279,29567,311
2021-04-02,Stanislaus,099,539301,53462,53073,5650,58723,687
2021-04-02,Sutter,101,95872,9200,9131,82,9213,106
2021-04-02,Tehama,103,63373,4814,4775,524,5299,52
2021-04-02,Trinity,105,12862,478,320,85,405,3
2021-04-02,Tulare,107,460477,49372,48306,8681,56987,818
2021-04-02,Tuolumne,109,53932,3916,3980,37,4017,57
2021-04-02,Ventura,111,848112,80049,79434,2900,82334,982
2021-04-02,Yolo,113,214977,13388,13381,250,13631,197
2021-04-02,Yuba,115,75493,5757,5709,113,5822,44
2021-04-01,Alameda,001,1643700,84227,83574,1826,85400,1216
2021-04-01,Alpine,003,1148,85,85,0,85,0
2021-04-01,Amador,005,37829,3591,3558,32,3590,45
2021-04-01,Butte,007,227075,11726,11328,1685,13013,193
2021-04-01,Calaveras,009,45235,2011,2006,12,2018,50
2021-04-01,Colusa,011,21464,1894,1890,276,2166,14
2021-04-01,Contra Costa,013,1133247,66099,65176,1145,66321,771
2021-04-01,Del Norte,015,27424,1213,1138,11,1149,6
2021-04-01,El Dorado,017,186661,9511,9393,622,10015,106
2021-04-01,Fresno,019,978130,100210,99317,8342,107659,1616
2021-04-01,Glenn,021,27897,2358,2322,532,2854,17
2021-04-01,Humboldt,023,135768,3472,3464,25,3489,35
2021-04-01,Imperial,025,180216,27710,27520,2677,30197,710
2021-04-01,Inyo,027,18085,1379,1374,10,1384,36
2021-04-01,Kern,029,883053,95564,94244,10364,104608,1233
2021-04-01,Kings,031,150075,22824,22560,1039,23599,239
2021-04-01,Lake,033,64148,3368,3337,8,3345,43
2021-04-01,Lassen,035,31185,5146,5132,103,5235,1
2021-04-01,Los Angeles,037,10098052,1188675,1181101,40562,1221663,23220
2021-04-01,Madera,039,155013,16178,16023,893,16916,230
2021-04-01,Marin,041,260295,13696,13635,221,13856,221
2021-04-01,Mariposa,043,17540,393,389,5,394,5
2021-04-01,Mendocino,045,87422,3765,3680,72,3752,45
2021-04-01,Merced,047,269075,29960,29820,948,30768,425
2021-04-01,Modoc,049,8938,357,346,120,466,3
2021-04-01,Mono,051,14174,1235,1245,16,1261,3
2021-04-01,Monterey,053,433212,42641,42324,1796,44120,339
2021-04-01,Napa,055,140530,9493,9410,34,9444,78
2021-04-01,Nevada,057,99092,4380,4288,181,4469,68
2021-04-01,Orange,059,3164182,251642,249617,10827,260444,4742
2021-04-01,Placer,061,380077,21718,20909,1274,22183,274
2021-04-01,Plumas,063,18699,674,664,10,674,4
2021-04-01,Riverside,065,2383286,289868,283128,13740,296868,4193
2021-04-01,Sacramento,067,1510023,99526,97952,1453,99405,1521
2021-04-01,San Benito,069,59416,5893,5878,96,5974,61
2021-04-01,San Bernardino,071,2135413,289524,286086,8778,294864,4404
2021-04-01,San Diego,073,3302833,271762,270540,13635,284175,3555
2021-04-01,San Francisco,075,870044,35445,35386,1214,36600,488
2021-04-01,San Joaquin,077,732212,70059,68802,3229,72031,1262
2021-04-01,San Luis Obispo,079,281455,20525,20235,630,20865,252
2021-04-01,San Mateo,081,765935,40941,40454,432,40886,350
2021-04-01,Santa Barbara,083,443738,33624,33096,1159,34255,443
2021-04-01,Santa Clara,085,1922200,114586,114606,664,115270,1874
2021-04-01,Santa Cruz,087,273765,15865,15271,807,16078,202
2021-04-01,Shasta,089,179085,11391,11355,1369,12724,181
2021-04-01,Sierra,091,2930,55,50,12,62,0
2021-04-01,Siskiyou,093,43540,1572,1507,264,1771,7
2021-04-01,Solano,095,438530,31019,30850,417,31267,237
2021-04-01,Sonoma,097,501317,29174,29241,272,29513,311
2021-04-01,Stanislaus,099,539301,53399,52825,5644,58469,687
2021-04-01,Sutter,101,95872,9188,9105,82,9187,106
2021-04-01,Tehama,103,63373,4808,4764,521,5285,52
2021-04-01,Trinity,105,12862,478,319,85,404,3
2021-04-01,Tulare,107,460477,49349,48279,8671,56950,817
2021-04-01,Tuolumne,109,53932,3914,3978,37,4015,57
2021-04-01,Ventura,111,848112,80025,79369,2899,82268,977
2021-04-01,Yolo,113,214977,13375,13342,250,13592,197
2021-04-01,Yuba,115,75493,5752,5694,113,5807,44
2021-03-31,Alameda,001,1643700,84145,83475,1821,85296,1215
2021-03-31,Alpine,003,1148,85,85,0,85,0
2021-03-31,Amador,005,37829,3588,3556,32,3588,45
2021-03-31,Butte,007,227075,11716,11321,1682,13003,193
2021-03-31,Calaveras,009,45235,2009,2005,12,2017,50
2021-03-31,Colusa,011,21464,1894,1890,276,2166,14
2021-03-31,Contra Costa,013,1133247,66014,65109,1144,66253,769
2021-03-31,Del Norte,015,27424,1204,1129,11,1140,6
2021-03-31,El Dorado,017,186661,9494,9390,622,10012,106
2021-03-31,Fresno,019,978130,100117,99240,8325,107565,1616
2021-03-31,Glenn,021,27897,2354,2318,530,2848,17
2021-03-31,Humboldt,023,135768,3466,3460,25,3485,35
2021-03-31,Imperial,025,180216,27690,27506,2674,30180,710
2021-03-31,Inyo,027,18085,1376,1373,9,1382,35
2021-03-31,Kern,029,883053,95521,94205,10355,104560,1229
2021-03-31,Kings,031,150075,22821,22540,1039,23579,239
2021-03-31,Lake,033,64148,3364,3332,8,3340,43
2021-03-31,Lassen,035,31185,5142,5132,103,5235,1
2021-03-31,Los Angeles,037,10098052,1188209,1180538,40522,1221060,23171
2021-03-31,Madera,039,155013,16164,16015,892,16907,229
2021-03-31,Marin,041,260295,13685,13624,221,13845,221
2021-03-31,Mariposa,043,17540,393,389,5,394,5
2021-03-31,Mendocino,045,87422,3759,3675,72,3747,45
2021-03-31,Merced,047,269075,29931,29780,948,30728,423
2021-03-31,Modoc,049,8938,357,346,120,466,3
2021-03-31,Mono,051,14174,1235,1245,16,1261,3
2021-03-31,Monterey,053,433212,42624,42309,1794,44103,338
2021-03-31,Napa,055,140530,9475,9401,34,9435,78
2021-03-31,Nevada,057,99092,4374,4283,181,4464,68
2021-03-31,Orange,059,3164182,251531,249518,10812,260330,4731
2021-03-31,Placer,061,380077,21668,20885,1267,22152,271
2021-03-31,Plumas,063,18699,673,663,10,673,4
2021-03-31,Riverside,065,2383286,289766,283006,13730,296736,4171
2021-03-31,Sacramento,067,1510023,99350,97760,1446,99206,1519
2021-03-31,San Benito,069,59416,5883,5875,96,5971,61
2021-03-31,San Bernardino,071,2135413,289430,285916,8775,294691,4356
2021-03-31,San Diego,073,3302833,271531,270288,13600,283888,3555
2021-03-31,San Francisco,075,870044,35401,35347,1213,36560,474
2021-03-31,San Joaquin,077,732212,69970,68685,3213,71898,1259
2021-03-31,San Luis Obispo,079,281455,20504,20215,629,20844,251
2021-03-31,San Mateo,081,765935,40911,40423,432,40855,350
2021-03-31,Santa Barbara,083,443738,33593,33052,1157,34209,443
2021-03-31,Santa Clara,085,1922200,114459,114499,664,115163,1874
2021-03-31,Santa Cruz,087,273765,15852,15295,806,16101,201
2021-03-31,Shasta,089,179085,11379,11327,1361,12688,179
2021-03-31,Sierra,091,2930,55,50,12,62,0
2021-03-31,Siskiyou,093,43540,1571,1505,264,1769,7
2021-03-31,Solano,095,438530,30973,30824,416,31240,235
2021-03-31,Sonoma,097,501317,29147,29216,272,29488,311
2021-03-31,Stanislaus,099,539301,53330,52782,5632,58414,687
2021-03-31,Sutter,101,95872,9177,9111,82,9193,106
2021-03-31,Tehama,103,63373,4803,4762,518,5280,52
2021-03-31,Trinity,105,12862,478,319,85,404,3
2021-03-31,Tulare,107,460477,49329,48261,8655,56916,816
2021-03-31,Tuolumne,109,53932,3913,3976,37,4013,57
2021-03-31,Ventura,111,848112,79993,79326,2895,82221,969
2021-03-31,Yolo,113,214977,13358,13359,249,13608,197
2021-03-31,Yuba,115,75493,5745,5686,113,5799,44
2021-03-30,Alameda,001,1643700,84045,83395,1818,85213,1211
2021-03-30,Alpine,003,1148,85,85,0,85,0
2021-03-30,Amador,005,37829,3585,3551,32,3583,45
2021-03-30,Butte,007,227075,11704,11296,1679,12975,193
2021-03-30,Calaveras,009,45235,2003,1997,12,2009,50
2021-03-30,Colusa,011,21464,1893,1890,275,2165,14
2021-03-30,Contra Costa,013,1133247,65925,65041,1142,66183,767
2021-03-30,Del Norte,015,27424,1196,1118,10,1128,6
2021-03-30,El Dorado,017,186661,9475,9381,619,10000,105
2021-03-30,Fresno,019,978130,100052,99156,8312,107468,1609
2021-03-30,Glenn,021,27897,2354,2310,529,2839,17
2021-03-30,Humboldt,023,135768,3464,3461,25,3486,35
2021-03-30,Imperial,025,180216,27661,27471,2672,30143,706
2021-03-30,Inyo,027,18085,1376,1374,9,1383,35
2021-03-30,Kern,029,883053,95479,94151,10346,104497,1221
2021-03-30,Kings,031,150075,22817,22530,1037,23567,238
2021-03-30,Lake,033,64148,3358,3330,8,3338,43
2021-03-30,Lassen,035,31185,5142,5132,103,5235,1
2021-03-30,Los Angeles,037,10098052,1187716,1180044,40500,1220544,23136
2021-03-30,Madera,039,155013,16154,16003,888,16891,229
2021-03-30,Marin,041,260295,13676,13611,213,13824,221
2021-03-30,Mariposa,043,17540,393,388,5,393,5
2021-03-30,Mendocino,045,87422,3757,3670,72,3742,45
2021-03-30,Merced,047,269075,29895,29731,948,30679,423
2021-03-30,Modoc,049,8938,356,346,120,466,3
2021-03-30,Mono,051,14174,1234,1245,16,1261,3
2021-03-30,Monterey,053,433212,42598,42308,1791,44099,338
2021-03-30,Napa,055,140530,9460,9391,34,9425,78
2021-03-30,Nevada,057,99092,4362,4266,180,4446,68
2021-03-30,Orange,059,3164182,251402,249412,10785,260197,4727
2021-03-30,Placer,061,380077,21628,20866,1261,22127,271
2021-03-30,Plumas,063,18699,673,661,10,671,4
2021-03-30,Riverside,065,2383286,289641,282930,13721,296651,4154
2021-03-30,Sacramento,067,1510023,99213,97718,1442,99160,1516
2021-03-30,San Benito,069,59416,5877,5870,96,5966,61
2021-03-30,San Bernardino,071,2135413,289322,285758,8766,294524,4343
2021-03-30,San Diego,073,3302833,271294,269998,13562,283560,3555
2021-03-30,San Francisco,075,870044,35351,35325,1212,36537,474
2021-03-30,San Joaquin,077,732212,69882,68613,3203,71816,1232
2021-03-30,San Luis Obispo,079,281455,20484,20194,629,20823,251
2021-03-30,San Mateo,081,765935,40866,40377,432,40809,349
2021-03-30,Santa Barbara,083,443738,33568,33016,1157,34173,441
2021-03-30,Santa Clara,085,1922200,114336,114413,663,115076,1873
2021-03-30,Santa Cruz,087,273765,15846,15278,806,16084,201
2021-03-30,Shasta,089,179085,11371,11316,1360,12676,184
2021-03-30,Sierra,091,2930,55,50,12,62,0
2021-03-30,Siskiyou,093,43540,1570,1501,264,1765,7
2021-03-30,Solano,095,438530,30943,30802,415,31217,232
2021-03-30,Sonoma,097,501317,29115,29198,272,29470,311
2021-03-30,Stanislaus,099,539301,53252,52690,5624,58314,677
2021-03-30,Sutter,101,95872,9173,9107,81,9188,106
2021-03-30,Tehama,103,63373,4794,4748,517,5265,52
2021-03-30,Trinity,105,12862,478,316,85,401,3
2021-03-30,Tulare,107,460477,49315,48249,8646,56895,815
2021-03-30,Tuolumne,109,53932,3908,3972,37,4009,57
2021-03-30,Ventura,111,848112,79949,79282,2892,82174,958
2021-03-30,Yolo,113,214977,13346,13353,249,13602,195
2021-03-30,Yuba,115,75493,5734,5679,107,5786,42
2021-03-29,Alameda,001,1643700,83944,83338,1816,85154,1211
2021-03-29,Alpine,003,1148,85,85,0,85,0
2021-03-29,Amador,005,37829,3579,3549,32,3581,45
2021-03-29,Butte,007,227075,11695,11291,1676,12967,191
2021-03-29,Calaveras,009,45235,2002,1998,12,2010,50
2021-03-29,Colusa,011,21464,1893,1889,274,2163,14
2021-03-29,Contra Costa,013,1133247,65856,64971,1141,66112,767
2021-03-29,Del Norte,015,27424,1191,1116,9,1125,6
2021-03-29,El Dorado,017,186661,9455,9374,613,9987,105
2021-03-29,Fresno,019,978130,99969,99085,8297,107382,1606
2021-03-29,Glenn,021,27897,2347,2310,529,2839,17
2021-03-29,Humboldt,023,135768,3459,3459,25,3484,34
2021-03-29,Imperial,025,180216,27641,27442,2669,30111,704
2021-03-29,Inyo,027,18085,1376,1372,9,1381,35
2021-03-29,Kern,029,883053,95431,94098,10326,104424,1220
2021-03-29,Kings,031,150075,22805,22522,1036,23558,238
2021-03-29,Lake,033,64148,3355,3325,8,3333,43
2021-03-29,Lassen,035,31185,5142,5131,103,5234,1
2021-03-29,Los Angeles,037,10098052,1187222,1179736,40460,1220196,23108
2021-03-29,Madera,039,155013,16134,15987,886,16873,210
2021-03-29,Marin,041,260295,13664,13600,209,13809,220
2021-03-29,Mariposa,043,17540,392,388,5,393,5
2021-03-29,Mendocino,045,87422,3754,3667,72,3739,45
2021-03-29,Merced,047,269075,29871,29699,948,30647,422
2021-03-29,Modoc,049,8938,355,344,120,464,3
2021-03-29,Mono,051,14174,1233,1243,16,1259,3
2021-03-29,Monterey,053,433212,42582,42305,1786,44091,337
2021-03-29,Napa,055,140530,9444,9379,34,9413,78
2021-03-29,Nevada,057,99092,4355,4258,180,4438,68
2021-03-29,Orange,059,3164182,251290,249295,10773,260068,4713
2021-03-29,Placer,061,380077,21593,20827,1254,22081,267
2021-03-29,Plumas,063,18699,672,660,10,670,4
2021-03-29,Riverside,065,2383286,289538,282867,13720,296587,4133
2021-03-29,Sacramento,067,1510023,99019,97577,1434,99011,1514
2021-03-29,San Benito,069,59416,5870,5865,96,5961,61
2021-03-29,San Bernardino,071,2135413,289225,285615,8762,294377,4335
2021-03-29,San Diego,073,3302833,271028,269771,13536,283307,3547
2021-03-29,San Francisco,075,870044,35316,35291,1209,36500,474
2021-03-29,San Joaquin,077,732212,69796,68537,3190,71727,1211
2021-03-29,San Luis Obispo,079,281455,20449,20176,628,20804,250
2021-03-29,San Mateo,081,765935,40824,40357,431,40788,348
2021-03-29,Santa Barbara,083,443738,33534,32983,1156,34139,439
2021-03-29,Santa Clara,085,1922200,114228,114335,658,114993,1871
2021-03-29,Santa Cruz,087,273765,15835,15249,805,16054,201
2021-03-29,Shasta,089,179085,11353,11313,1358,12671,183
2021-03-29,Sierra,091,2930,55,50,12,62,0
2021-03-29,Siskiyou,093,43540,1568,1497,263,1760,6
2021-03-29,Solano,095,438530,30904,30762,413,31175,232
2021-03-29,Sonoma,097,501317,29092,29184,269,29453,310
2021-03-29,Stanislaus,099,539301,53168,52614,5616,58230,677
2021-03-29,Sutter,101,95872,9166,9105,81,9186,106
2021-03-29,Tehama,103,63373,4786,4742,516,5258,52
2021-03-29,Trinity,105,12862,478,314,85,399,3
2021-03-29,Tulare,107,460477,49287,48226,8635,56861,815
2021-03-29,Tuolumne,109,53932,3906,3969,37,4006,57
2021-03-29,Ventura,111,848112,79907,79252,2892,82144,956
2021-03-29,Yolo,113,214977,13328,13346,249,13595,195
2021-03-29,Yuba,115,75493,5727,5671,106,5777,42
2021-03-28,Alameda,001,1643700,83823,83239,1814,85053,1212
2021-03-28,Alpine,003,1148,85,85,0,85,0
2021-03-28,Amador,005,37829,3575,3541,32,3573,45
2021-03-28,Butte,007,227075,11682,11285,1674,12959,191
2021-03-28,Calaveras,009,45235,2000,1995,12,2007,50
2021-03-28,Colusa,011,21464,1892,1889,274,2163,14
2021-03-28,Contra Costa,013,1133247,65782,64878,1137,66015,767
2021-03-28,Del Norte,015,27424,1184,1107,7,1114,6
2021-03-28,El Dorado,017,186661,9440,9371,611,9982,105
2021-03-28,Fresno,019,978130,99887,99004,8285,107289,1606
2021-03-28,Glenn,021,27897,2343,2309,527,2836,17
2021-03-28,Humboldt,023,135768,3456,3452,24,3476,34
2021-03-28,Imperial,025,180216,27614,27426,2666,30092,704
2021-03-28,Inyo,027,18085,1375,1372,9,1381,35
2021-03-28,Kern,029,883053,95386,94084,10315,104399,1219
2021-03-28,Kings,031,150075,22800,22514,1033,23547,238
2021-03-28,Lake,033,64148,3350,3320,8,3328,43
2021-03-28,Lassen,035,31185,5142,5131,102,5233,1
2021-03-28,Los Angeles,037,10098052,1186672,1179316,40401,1219717,23101
2021-03-28,Madera,039,155013,16119,15973,885,16858,210
2021-03-28,Marin,041,260295,13651,13594,207,13801,221
2021-03-28,Mariposa,043,17540,392,388,5,393,5
2021-03-28,Mendocino,045,87422,3752,3666,72,3738,45
2021-03-28,Merced,047,269075,29814,29679,948,30627,422
2021-03-28,Modoc,049,8938,355,344,120,464,3
2021-03-28,Mono,051,14174,1232,1242,16,1258,3
2021-03-28,Monterey,053,433212,42559,42294,1782,44076,337
2021-03-28,Napa,055,140530,9430,9368,34,9402,78
2021-03-28,Nevada,057,99092,4341,4239,180,4419,68
2021-03-28,Orange,059,3164182,251135,249238,10763,260001,4713
2021-03-28,Placer,061,380077,21550,20796,1248,22044,267
2021-03-28,Plumas,063,18699,670,657,10,667,4
2021-03-28,Riverside,065,2383286,289424,282811,13712,296523,4132
2021-03-28,Sacramento,067,1510023,98844,97425,1428,98853,1514
2021-03-28,San Benito,069,59416,5865,5862,96,5958,61
2021-03-28,San Bernardino,071,2135413,289106,285570,8753,294323,4332
2021-03-28,San Diego,073,3302833,270754,269476,13508,282984,3547
2021-03-28,San Francisco,075,870044,35270,35286,1205,36491,474
2021-03-28,San Joaquin,077,732212,69671,68459,3171,71630,1211
2021-03-28,San Luis Obispo,079,281455,20414,20172,625,20797,250
2021-03-28,San Mateo,081,765935,40779,40305,431,40736,348
2021-03-28,Santa Barbara,083,443738,33495,32953,1155,34108,439
2021-03-28,Santa Clara,085,1922200,114128,114232,654,114886,1871
2021-03-28,Santa Cruz,087,273765,15821,15238,804,16042,201
2021-03-28,Shasta,089,179085,11327,11308,1347,12655,183
2021-03-28,Sierra,091,2930,55,50,12,62,0
2021-03-28,Siskiyou,093,43540,1568,1497,262,1759,6
2021-03-28,Solano,095,438530,30867,30719,411,31130,232
2021-03-28,Sonoma,097,501317,29056,29161,267,29428,310
2021-03-28,Stanislaus,099,539301,53080,52567,5601,58168,678
2021-03-28,Sutter,101,95872,9157,9094,81,9175,106
2021-03-28,Tehama,103,63373,4776,4740,514,5254,52
2021-03-28,Trinity,105,12862,476,314,84,398,3
2021-03-28,Tulare,107,460477,49258,48218,8629,56847,815
2021-03-28,Tuolumne,109,53932,3903,3969,36,4005,57
2021-03-28,Ventura,111,848112,79856,79222,2887,82109,956
2021-03-28,Yolo,113,214977,13310,13325,248,13573,194
2021-03-28,Yuba,115,75493,5723,5662,106,5768,42
2021-03-27,Alameda,001,1643700,83752,83169,1810,84979,1211
2021-03-27,Alpine,003,1148,85,85,0,85,0
2021-03-27,Amador,005,37829,3570,3538,32,3570,45
2021-03-27,Butte,007,227075,11675,11278,1673,12951,191
2021-03-27,Calaveras,009,45235,1997,1992,12,2004,50
2021-03-27,Colusa,011,21464,1892,1889,274,2163,14
2021-03-27,Contra Costa,013,1133247,65712,64804,1134,65938,767
2021-03-27,Del Norte,015,27424,1174,1104,7,1111,6
2021-03-27,El Dorado,017,186661,9426,9367,611,9978,105
2021-03-27,Fresno,019,978130,99835,98901,8279,107180,1606
2021-03-27,Glenn,021,27897,2342,2308,527,2835,17
2021-03-27,Humboldt,023,135768,3451,3442,24,3466,34
2021-03-27,Imperial,025,180216,27602,27406,2663,30069,704
2021-03-27,Inyo,027,18085,1373,1372,9,1381,35
2021-03-27,Kern,029,883053,95366,94041,10303,104344,1217
2021-03-27,Kings,031,150075,22797,22502,1033,23535,238
2021-03-27,Lake,033,64148,3348,3317,8,3325,43
2021-03-27,Lassen,035,31185,5142,5129,102,5231,1
2021-03-27,Los Angeles,037,10098052,1186358,1178831,40374,1219205,23103
2021-03-27,Madera,039,155013,16112,15968,883,16851,210
2021-03-27,Marin,041,260295,13646,13579,207,13786,222
2021-03-27,Mariposa,043,17540,392,386,5,391,5
2021-03-27,Mendocino,045,87422,3750,3666,72,3738,45
2021-03-27,Merced,047,269075,29781,29647,946,30593,422
2021-03-27,Modoc,049,8938,355,344,120,464,3
2021-03-27,Mono,051,14174,1230,1241,16,1257,3
2021-03-27,Monterey,053,433212,42549,42271,1782,44053,337
2021-03-27,Napa,055,140530,9418,9360,34,9394,78
2021-03-27,Nevada,057,99092,4331,4231,180,4411,68
2021-03-27,Orange,059,3164182,251042,249160,10747,259907,4698
2021-03-27,Placer,061,380077,21530,20717,1241,21958,267
2021-03-27,Plumas,063,18699,669,655,10,665,4
2021-03-27,Riverside,065,2383286,289362,282707,13704,296411,4132
2021-03-27,Sacramento,067,1510023,98754,97247,1426,98673,1513
2021-03-27,San Benito,069,59416,5863,5862,94,5956,61
2021-03-27,San Bernardino,071,2135413,289044,285480,8751,294231,4325
2021-03-27,San Diego,073,3302833,270584,269271,13486,282757,3540
2021-03-27,San Francisco,075,870044,35246,35244,1203,36447,474
2021-03-27,San Joaquin,077,732212,69611,68365,3163,71528,1211
2021-03-27,San Luis Obispo,079,281455,20403,20153,622,20775,250
2021-03-27,San Mateo,081,765935,40756,40264,431,40695,348
2021-03-27,Santa Barbara,083,443738,33472,32921,1155,34076,439
2021-03-27,Santa Clara,085,1922200,114032,114124,652,114776,1871
2021-03-27,Santa Cruz,087,273765,15815,15215,804,16019,201
2021-03-27,Shasta,089,179085,11316,11288,1345,12633,183
2021-03-27,Sierra,091,2930,55,50,12,62,0
2021-03-27,Siskiyou,093,43540,1568,1497,262,1759,6
2021-03-27,Solano,095,438530,30839,30669,410,31079,232
2021-03-27,Sonoma,097,501317,29041,29133,265,29398,310
2021-03-27,Stanislaus,099,539301,53016,52497,5593,58090,678
2021-03-27,Sutter,101,95872,9149,9093,81,9174,106
2021-03-27,Tehama,103,63373,4770,4738,512,5250,52
2021-03-27,Trinity,105,12862,476,313,84,397,3
2021-03-27,Tulare,107,460477,49242,48203,8621,56824,813
2021-03-27,Tuolumne,109,53932,3900,3968,36,4004,57
2021-03-27,Ventura,111,848112,79829,79184,2885,82069,956
2021-03-27,Yolo,113,214977,13305,13317,247,13564,194
2021-03-27,Yuba,115,75493,5721,5657,106,5763,42
2021-03-26,Alameda,001,1643700,83690,83043,1808,84851,1208
2021-03-26,Alpine,003,1148,85,85,0,85,0
2021-03-26,Amador,005,37829,3565,3532,32,3564,45
2021-03-26,Butte,007,227075,11665,11278,1673,12951,191
2021-03-26,Calaveras,009,45235,1996,1989,12,2001,50
2021-03-26,Colusa,011,21464,1892,1889,274,2163,14
2021-03-26,Contra Costa,013,1133247,65652,64699,1132,65831,761
2021-03-26,Del Norte,015,27424,1171,1101,7,1108,6
2021-03-26,El Dorado,017,186661,9421,9353,611,9964,105
2021-03-26,Fresno,019,978130,99773,98731,8269,107000,1601
2021-03-26,Glenn,021,27897,2342,2307,526,2833,17
2021-03-26,Humboldt,023,135768,3449,3431,24,3455,34
2021-03-26,Imperial,025,180216,27578,27374,2663,30037,701
2021-03-26,Inyo,027,18085,1372,1369,9,1378,35
2021-03-26,Kern,029,883053,95340,93949,10297,104246,1211
2021-03-26,Kings,031,150075,22789,22493,1031,23524,239
2021-03-26,Lake,033,64148,3347,3314,8,3322,43
2021-03-26,Lassen,035,31185,5141,5131,102,5233,1
2021-03-26,Los Angeles,037,10098052,1186022,1178213,40360,1218573,23080
2021-03-26,Madera,039,155013,16102,15952,883,16835,210
2021-03-26,Marin,041,260295,13640,13553,202,13755,221
2021-03-26,Mariposa,043,17540,392,386,5,391,5
2021-03-26,Mendocino,045,87422,3749,3664,72,3736,45
2021-03-26,Merced,047,269075,29758,29613,944,30557,419
2021-03-26,Modoc,049,8938,355,344,120,464,3
2021-03-26,Mono,051,14174,1229,1236,16,1252,3
2021-03-26,Monterey,053,433212,42536,42241,1778,44019,338
2021-03-26,Napa,055,140530,9408,9349,34,9383,78
2021-03-26,Nevada,057,99092,4311,4222,180,4402,83
2021-03-26,Orange,059,3164182,250979,248995,10733,259728,4671
2021-03-26,Placer,061,380077,21504,20679,1240,21919,259
2021-03-26,Plumas,063,18699,668,654,10,664,4
2021-03-26,Riverside,065,2383286,289284,282602,13698,296300,4109
2021-03-26,Sacramento,067,1510023,98654,97040,1421,98461,1509
2021-03-26,San Benito,069,59416,5860,5855,94,5949,61
2021-03-26,San Bernardino,071,2135413,288988,285313,8749,294062,4288
2021-03-26,San Diego,073,3302833,270406,269045,13460,282505,3525
2021-03-26,San Francisco,075,870044,35220,35186,1203,36389,472
2021-03-26,San Joaquin,077,732212,69548,68249,3159,71408,1202
2021-03-26,San Luis Obispo,079,281455,20390,20118,622,20740,250
2021-03-26,San Mateo,081,765935,40721,40199,431,40630,348
2021-03-26,Santa Barbara,083,443738,33442,32895,1154,34049,439
2021-03-26,Santa Clara,085,1922200,113934,113959,651,114610,1868
2021-03-26,Santa Cruz,087,273765,15800,15199,803,16002,201
2021-03-26,Shasta,089,179085,11307,11276,1339,12615,182
2021-03-26,Sierra,091,2930,55,50,12,62,0
2021-03-26,Siskiyou,093,43540,1568,1493,261,1754,6
2021-03-26,Solano,095,438530,30814,30640,410,31050,205
2021-03-26,Sonoma,097,501317,29025,29101,262,29363,310
2021-03-26,Stanislaus,099,539301,52948,52420,5589,58009,678
2021-03-26,Sutter,101,95872,9146,9082,81,9163,104
2021-03-26,Tehama,103,63373,4769,4722,511,5233,51
2021-03-26,Trinity,105,12862,476,311,84,395,3
2021-03-26,Tulare,107,460477,49227,48179,8613,56792,813
2021-03-26,Tuolumne,109,53932,3899,3965,36,4001,57
2021-03-26,Ventura,111,848112,79795,79122,2883,82005,953
2021-03-26,Yolo,113,214977,13298,13299,245,13544,194
2021-03-26,Yuba,115,75493,5711,5653,106,5759,42
2021-03-25,Alameda,001,1643700,83594,82945,1806,84751,1206
2021-03-25,Alpine,003,1148,85,84,0,84,0
2021-03-25,Amador,005,37829,3563,3530,32,3562,45
2021-03-25,Butte,007,227075,11655,11270,1673,12943,188
2021-03-25,Calaveras,009,45235,1995,1982,12,1994,50
2021-03-25,Colusa,011,21464,1892,1888,274,2162,14
2021-03-25,Contra Costa,013,1133247,65585,64606,1128,65734,757
2021-03-25,Del Norte,015,27424,1165,1095,7,1102,6
2021-03-25,El Dorado,017,186661,9411,9331,611,9942,105
2021-03-25,Fresno,019,978130,99654,98602,8256,106858,1593
2021-03-25,Glenn,021,27897,2341,2302,525,2827,17
2021-03-25,Humboldt,023,135768,3444,3423,24,3447,34
2021-03-25,Imperial,025,180216,27561,27352,2661,30013,699
2021-03-25,Inyo,027,18085,1372,1369,9,1378,35
2021-03-25,Kern,029,883053,95308,93857,10292,104149,1206
2021-03-25,Kings,031,150075,22779,22472,1031,23503,237
2021-03-25,Lake,033,64148,3342,3312,8,3320,43
2021-03-25,Lassen,035,31185,5141,5129,102,5231,1
2021-03-25,Los Angeles,037,10098052,1185591,1177490,40325,1217815,23051
2021-03-25,Madera,039,155013,16083,15937,881,16818,210
2021-03-25,Marin,041,260295,13631,13538,199,13737,219
2021-03-25,Mariposa,043,17540,392,386,5,391,5
2021-03-25,Mendocino,045,87422,3748,3664,72,3736,45
2021-03-25,Merced,047,269075,29723,29576,936,30512,416
2021-03-25,Modoc,049,8938,355,343,120,463,3
2021-03-25,Mono,051,14174,1229,1235,16,1251,3
2021-03-25,Monterey,053,433212,42515,42220,1773,43993,336
2021-03-25,Napa,055,140530,9389,9321,34,9355,78
2021-03-25,Nevada,057,99092,4293,4202,178,4380,84
2021-03-25,Orange,059,3164182,250863,248871,10713,259584,4655
2021-03-25,Placer,061,380077,21463,20639,1233,21872,252
2021-03-25,Plumas,063,18699,668,654,10,664,4
2021-03-25,Riverside,065,2383286,289187,282492,13687,296179,4078
2021-03-25,Sacramento,067,1510023,98509,96823,1418,98241,1505
2021-03-25,San Benito,069,59416,5857,5850,94,5944,61
2021-03-25,San Bernardino,071,2135413,288906,285134,8744,293878,4222
2021-03-25,San Diego,073,3302833,270179,268623,13429,282052,3520
2021-03-25,San Francisco,075,870044,35181,35154,1201,36355,468
2021-03-25,San Joaquin,077,732212,69451,68089,3120,71209,1196
2021-03-25,San Luis Obispo,079,281455,20372,20076,622,20698,250
2021-03-25,San Mateo,081,765935,40681,40147,431,40578,348
2021-03-25,Santa Barbara,083,443738,33415,32857,1154,34011,439
2021-03-25,Santa Clara,085,1922200,113829,113877,649,114526,1868
2021-03-25,Santa Cruz,087,273765,15779,15170,803,15973,201
2021-03-25,Shasta,089,179085,11290,11262,1336,12598,181
2021-03-25,Sierra,091,2930,55,50,12,62,0
2021-03-25,Siskiyou,093,43540,1566,1491,260,1751,6
2021-03-25,Solano,095,438530,30753,30583,408,30991,193
2021-03-25,Sonoma,097,501317,28990,29060,258,29318,310
2021-03-25,Stanislaus,099,539301,52881,52321,5582,57903,678
2021-03-25,Sutter,101,95872,9137,9069,81,9150,104
2021-03-25,Tehama,103,63373,4767,4719,510,5229,52
2021-03-25,Trinity,105,12862,476,310,84,394,3
2021-03-25,Tulare,107,460477,49200,48148,8600,56748,811
2021-03-25,Tuolumne,109,53932,3898,3962,36,3998,57
2021-03-25,Ventura,111,848112,79754,79045,2879,81924,952
2021-03-25,Yolo,113,214977,13292,13287,245,13532,194
2021-03-25,Yuba,115,75493,5705,5647,100,5747,42
2021-03-24,Alameda,001,1643700,83500,82871,1803,84674,1199
2021-03-24,Alpine,003,1148,85,84,0,84,0
2021-03-24,Amador,005,37829,3557,3529,32,3561,45
2021-03-24,Butte,007,227075,11645,11252,1669,12921,187
2021-03-24,Calaveras,009,45235,1992,1975,12,1987,50
2021-03-24,Colusa,011,21464,1892,1886,274,2160,14
2021-03-24,Contra Costa,013,1133247,65505,64539,1127,65666,755
2021-03-24,Del Norte,015,27424,1160,1087,7,1094,6
2021-03-24,El Dorado,017,186661,9405,9319,610,9929,105
2021-03-24,Fresno,019,978130,99563,98437,8241,106678,1585
2021-03-24,Glenn,021,27897,2340,2297,524,2821,17
2021-03-24,Humboldt,023,135768,3441,3414,24,3438,34
2021-03-24,Imperial,025,180216,27552,27325,2660,29985,699
2021-03-24,Inyo,027,18085,1372,1368,9,1377,35
2021-03-24,Kern,029,883053,95260,93800,10283,104083,1198
2021-03-24,Kings,031,150075,22764,22456,1029,23485,237
2021-03-24,Lake,033,64148,3338,3307,8,3315,43
2021-03-24,Lassen,035,31185,5139,5130,101,5231,1
2021-03-24,Los Angeles,037,10098052,1185116,1177015,40289,1217304,22993
2021-03-24,Madera,039,155013,16074,15918,880,16798,210
2021-03-24,Marin,041,260295,13617,13526,197,13723,219
2021-03-24,Mariposa,043,17540,392,384,5,389,5
2021-03-24,Mendocino,045,87422,3745,3660,72,3732,45
2021-03-24,Merced,047,269075,29681,29525,936,30461,415
2021-03-24,Modoc,049,8938,354,341,120,461,3
2021-03-24,Mono,051,14174,1228,1243,16,1259,3
2021-03-24,Monterey,053,433212,42493,42201,1770,43971,335
2021-03-24,Napa,055,140530,9369,9310,34,9344,78
2021-03-24,Nevada,057,99092,4279,4191,177,4368,85
2021-03-24,Orange,059,3164182,250748,248775,10695,259470,4638
2021-03-24,Placer,061,380077,21432,20606,1225,21831,250
2021-03-24,Plumas,063,18699,666,652,10,662,4
2021-03-24,Riverside,065,2383286,289103,282410,13684,296094,4058
2021-03-24,Sacramento,067,1510023,98334,96628,1406,98034,1500
2021-03-24,San Benito,069,59416,5856,5847,94,5941,61
2021-03-24,San Bernardino,071,2135413,288821,284983,8742,293725,4170
2021-03-24,San Diego,073,3302833,269964,268413,13401,281814,3509
2021-03-24,San Francisco,075,870044,35153,35103,1198,36301,462
2021-03-24,San Joaquin,077,732212,69380,67978,3108,71086,1196
2021-03-24,San Luis Obispo,079,281455,20342,20021,621,20642,250
2021-03-24,San Mateo,081,765935,40631,40083,431,40514,348
2021-03-24,Santa Barbara,083,443738,33388,32810,1154,33964,438
2021-03-24,Santa Clara,085,1922200,113713,113757,646,114403,1851
2021-03-24,Santa Cruz,087,273765,15765,15138,802,15940,202
2021-03-24,Shasta,089,179085,11271,11243,1334,12577,181
2021-03-24,Sierra,091,2930,55,50,12,62,0
2021-03-24,Siskiyou,093,43540,1564,1490,260,1750,6
2021-03-24,Solano,095,438530,30716,30552,407,30959,178
2021-03-24,Sonoma,097,501317,28970,29034,254,29288,310
2021-03-24,Stanislaus,099,539301,52805,52259,5573,57832,677
2021-03-24,Sutter,101,95872,9121,9049,81,9130,104
2021-03-24,Tehama,103,63373,4761,4719,509,5228,49
2021-03-24,Trinity,105,12862,475,310,84,394,3
2021-03-24,Tulare,107,460477,49189,48109,8587,56696,808
2021-03-24,Tuolumne,109,53932,3897,3961,36,3997,57
2021-03-24,Ventura,111,848112,79702,78993,2872,81865,944
2021-03-24,Yolo,113,214977,13281,13269,245,13514,194
2021-03-24,Yuba,115,75493,5699,5634,97,5731,42
2021-03-23,Alameda,001,1643700,83398,82799,1799,84598,1190
2021-03-23,Alpine,003,1148,85,84,0,84,0
2021-03-23,Amador,005,37829,3551,3524,32,3556,45
2021-03-23,Butte,007,227075,11633,11227,1668,12895,187
2021-03-23,Calaveras,009,45235,1990,1971,12,1983,50
2021-03-23,Colusa,011,21464,1890,1885,273,2158,14
2021-03-23,Contra Costa,013,1133247,65406,64491,1126,65617,750
2021-03-23,Del Norte,015,27424,1155,1082,7,1089,6
2021-03-23,El Dorado,017,186661,9395,9318,608,9926,105
2021-03-23,Fresno,019,978130,99449,98362,8215,106577,1575
2021-03-23,Glenn,021,27897,2335,2293,522,2815,17
2021-03-23,Humboldt,023,135768,3432,3405,24,3429,34
2021-03-23,Imperial,025,180216,27544,27320,2660,29980,699
2021-03-23,Inyo,027,18085,1370,1364,9,1373,35
2021-03-23,Kern,029,883053,95153,93728,10276,104004,1191
2021-03-23,Kings,031,150075,22753,22439,1027,23466,237
2021-03-23,Lake,033,64148,3336,3294,8,3302,43
2021-03-23,Lassen,035,31185,5139,5130,101,5231,1
2021-03-23,Los Angeles,037,10098052,1184598,1176572,40251,1216823,22904
2021-03-23,Madera,039,155013,16058,15908,879,16787,210
2021-03-23,Marin,041,260295,13594,13514,195,13709,221
2021-03-23,Mariposa,043,17540,391,384,5,389,5
2021-03-23,Mendocino,045,87422,3743,3652,72,3724,45
2021-03-23,Merced,047,269075,29649,29485,936,30421,415
2021-03-23,Modoc,049,8938,353,342,120,462,3
2021-03-23,Mono,051,14174,1227,1263,16,1279,3
2021-03-23,Monterey,053,433212,42482,42180,1768,43948,335
2021-03-23,Napa,055,140530,9344,9299,34,9333,78
2021-03-23,Nevada,057,99092,4260,4179,176,4355,89
2021-03-23,Orange,059,3164182,250622,248661,10677,259338,4626
2021-03-23,Placer,061,380077,21397,20567,1221,21788,248
2021-03-23,Plumas,063,18699,666,652,10,662,4
2021-03-23,Riverside,065,2383286,289003,282317,13677,295994,4035
2021-03-23,Sacramento,067,1510023,98142,96521,1400,97921,1496
2021-03-23,San Benito,069,59416,5851,5845,93,5938,61
2021-03-23,San Bernardino,071,2135413,288737,284875,8734,293609,4134
2021-03-23,San Diego,073,3302833,269719,268156,13369,281525,3498
2021-03-23,San Francisco,075,870044,35095,35071,1192,36263,462
2021-03-23,San Joaquin,077,732212,69284,67903,3090,70993,1182
2021-03-23,San Luis Obispo,079,281455,20302,20009,620,20629,250
2021-03-23,San Mateo,081,765935,40575,40032,430,40462,348
2021-03-23,Santa Barbara,083,443738,33350,32771,1153,33924,438
2021-03-23,Santa Clara,085,1922200,113597,113645,643,114288,1848
2021-03-23,Santa Cruz,087,273765,15750,15106,802,15908,201
2021-03-23,Shasta,089,179085,11258,11234,1333,12567,175
2021-03-23,Sierra,091,2930,55,50,12,62,0
2021-03-23,Siskiyou,093,43540,1559,1485,258,1743,6
2021-03-23,Solano,095,438530,30675,30524,406,30930,178
2021-03-23,Sonoma,097,501317,28933,29020,253,29273,310
2021-03-23,Stanislaus,099,539301,52706,52148,5565,57713,677
2021-03-23,Sutter,101,95872,9113,9039,81,9120,104
2021-03-23,Tehama,103,63373,4750,4707,508,5215,46
2021-03-23,Trinity,105,12862,475,310,84,394,3
2021-03-23,Tulare,107,460477,49162,48095,8570,56665,808
2021-03-23,Tuolumne,109,53932,3894,3957,36,3993,57
2021-03-23,Ventura,111,848112,79641,78930,2869,81799,932
2021-03-23,Yolo,113,214977,13270,13255,245,13500,194
2021-03-23,Yuba,115,75493,5694,5628,97,5725,42
2021-03-22,Alameda,001,1643700,83305,82748,1792,84540,1189
2021-03-22,Alpine,003,1148,84,83,0,83,0
2021-03-22,Amador,005,37829,3543,3522,32,3554,44
2021-03-22,Butte,007,227075,11624,11211,1666,12877,185
2021-03-22,Calaveras,009,45235,1986,1963,12,1975,49
2021-03-22,Colusa,011,21464,1888,1885,273,2158,13
2021-03-22,Contra Costa,013,1133247,65311,64432,1124,65556,740
2021-03-22,Del Norte,015,27424,1149,1082,7,1089,6
2021-03-22,El Dorado,017,186661,9379,9310,605,9915,105
2021-03-22,Fresno,019,978130,99351,98276,8202,106478,1556
2021-03-22,Glenn,021,27897,2327,2291,522,2813,17
2021-03-22,Humboldt,023,135768,3427,3403,24,3427,34
2021-03-22,Imperial,025,180216,27529,27302,2656,29958,699
2021-03-22,Inyo,027,18085,1367,1363,9,1372,35
2021-03-22,Kern,029,883053,95082,93675,10259,103934,1178
2021-03-22,Kings,031,150075,22740,22433,1022,23455,236
2021-03-22,Lake,033,64148,3335,3290,8,3298,43
2021-03-22,Lassen,035,31185,5137,5129,101,5230,1
2021-03-22,Los Angeles,037,10098052,1184087,1176205,40218,1216423,22843
2021-03-22,Madera,039,155013,16043,15904,879,16783,210
2021-03-22,Marin,041,260295,13585,13501,194,13695,221
2021-03-22,Mariposa,043,17540,390,381,5,386,5
2021-03-22,Mendocino,045,87422,3741,3653,72,3725,45
2021-03-22,Merced,047,269075,29606,29468,933,30401,413
2021-03-22,Modoc,049,8938,351,342,120,462,3
2021-03-22,Mono,051,14174,1222,1263,16,1279,3
2021-03-22,Monterey,053,433212,42465,42161,1766,43927,335
2021-03-22,Napa,055,140530,9333,9288,34,9322,77
2021-03-22,Nevada,057,99092,4249,4174,172,4346,89
2021-03-22,Orange,059,3164182,250471,248517,10643,259160,4599
2021-03-22,Placer,061,380077,21362,20543,1216,21759,242
2021-03-22,Plumas,063,18699,666,652,10,662,4
2021-03-22,Riverside,065,2383286,288903,282242,13666,295908,4009
2021-03-22,Sacramento,067,1510023,97964,96385,1390,97775,1493
2021-03-22,San Benito,069,59416,5848,5844,92,5936,61
2021-03-22,San Bernardino,071,2135413,288650,284771,8722,293493,4107
2021-03-22,San Diego,073,3302833,269507,267913,13349,281262,3494
2021-03-22,San Francisco,075,870044,35053,35040,1188,36228,462
2021-03-22,San Joaquin,077,732212,69192,67815,3072,70887,1182
2021-03-22,San Luis Obispo,079,281455,20278,20000,619,20619,250
2021-03-22,San Mateo,081,765935,40524,40024,429,40453,348
2021-03-22,Santa Barbara,083,443738,33304,32756,1151,33907,437
2021-03-22,Santa Clara,085,1922200,113477,113575,643,114218,1845
2021-03-22,Santa Cruz,087,273765,15738,15077,801,15878,201
2021-03-22,Shasta,089,179085,11244,11218,1332,12550,150
2021-03-22,Sierra,091,2930,55,50,12,62,0
2021-03-22,Siskiyou,093,43540,1558,1487,257,1744,5
2021-03-22,Solano,095,438530,30635,30490,402,30892,171
2021-03-22,Sonoma,097,501317,28904,29010,249,29259,310
2021-03-22,Stanislaus,099,539301,52622,52083,5560,57643,677
2021-03-22,Sutter,101,95872,9100,9024,81,9105,104
2021-03-22,Tehama,103,63373,4742,4704,508,5212,45
2021-03-22,Trinity,105,12862,475,310,84,394,3
2021-03-22,Tulare,107,460477,49147,48074,8550,56624,807
2021-03-22,Tuolumne,109,53932,3891,3954,36,3990,57
2021-03-22,Ventura,111,848112,79593,78890,2866,81756,927
2021-03-22,Yolo,113,214977,13258,13243,244,13487,190
2021-03-22,Yuba,115,75493,5683,5627,95,5722,42
2021-03-21,Alameda,001,1643700,83214,82684,1789,84473,1187
2021-03-21,Alpine,003,1148,84,83,0,83,0
2021-03-21,Amador,005,37829,3539,3519,32,3551,44
2021-03-21,Butte,007,227075,11608,11208,1661,12869,185
2021-03-21,Calaveras,009,45235,1981,1962,12,1974,49
2021-03-21,Colusa,011,21464,1888,1885,273,2158,13
2021-03-21,Contra Costa,013,1133247,65228,64382,1121,65503,740
2021-03-21,Del Norte,015,27424,1134,1076,7,1083,6
2021-03-21,El Dorado,017,186661,9369,9302,600,9902,105
2021-03-21,Fresno,019,978130,99236,98211,8178,106389,1556
2021-03-21,Glenn,021,27897,2324,2288,521,2809,17
2021-03-21,Humboldt,023,135768,3422,3402,24,3426,34
2021-03-21,Imperial,025,180216,27511,27267,2648,29915,699
2021-03-21,Inyo,027,18085,1367,1363,9,1372,35
2021-03-21,Kern,029,883053,95016,93649,10250,103899,1170
2021-03-21,Kings,031,150075,22723,22422,1021,23443,236
2021-03-21,Lake,033,64148,3331,3286,8,3294,43
2021-03-21,Lassen,035,31185,5137,5129,101,5230,1
2021-03-21,Los Angeles,037,10098052,1183556,1175684,40170,1215854,22834
2021-03-21,Madera,039,155013,16023,15895,877,16772,210
2021-03-21,Marin,041,260295,13569,13495,193,13688,220
2021-03-21,Mariposa,043,17540,390,381,5,386,5
2021-03-21,Mendocino,045,87422,3738,3651,72,3723,45
2021-03-21,Merced,047,269075,29546,29446,927,30373,413
2021-03-21,Modoc,049,8938,351,341,120,461,3
2021-03-21,Mono,051,14174,1217,1263,16,1279,3
2021-03-21,Monterey,053,433212,42440,42153,1763,43916,335
2021-03-21,Napa,055,140530,9313,9282,34,9316,77
2021-03-21,Nevada,057,99092,4236,4169,172,4341,89
2021-03-21,Orange,059,3164182,250337,248442,10617,259059,4598
2021-03-21,Placer,061,380077,21326,20520,1208,21728,242
2021-03-21,Plumas,063,18699,666,653,10,663,4
2021-03-21,Riverside,065,2383286,288796,282187,13655,295842,4009
2021-03-21,Sacramento,067,1510023,97769,96269,1383,97652,1489
2021-03-21,San Benito,069,59416,5842,5842,92,5934,61
2021-03-21,San Bernardino,071,2135413,288562,284732,8716,293448,4094
2021-03-21,San Diego,073,3302833,269247,267724,13323,281047,3494
2021-03-21,San Francisco,075,870044,35007,35012,1181,36193,460
2021-03-21,San Joaquin,077,732212,69070,67729,3054,70783,1182
2021-03-21,San Luis Obispo,079,281455,20246,19979,617,20596,250
2021-03-21,San Mateo,081,765935,40479,39988,428,40416,344
2021-03-21,Santa Barbara,083,443738,33263,32743,1150,33893,437
2021-03-21,Santa Clara,085,1922200,113348,113487,640,114127,1840
2021-03-21,Santa Cruz,087,273765,15731,15064,801,15865,199
2021-03-21,Shasta,089,179085,11224,11215,1331,12546,150
2021-03-21,Sierra,091,2930,55,50,12,62,0
2021-03-21,Siskiyou,093,43540,1558,1486,256,1742,5
2021-03-21,Solano,095,438530,30595,30474,399,30873,171
2021-03-21,Sonoma,097,501317,28875,28986,248,29234,310
2021-03-21,Stanislaus,099,539301,52532,52014,5558,57572,677
2021-03-21,Sutter,101,95872,9087,9021,81,9102,104
2021-03-21,Tehama,103,63373,4738,4701,508,5209,45
2021-03-21,Trinity,105,12862,473,310,84,394,3
2021-03-21,Tulare,107,460477,49131,48060,8538,56598,807
2021-03-21,Tuolumne,109,53932,3889,3953,36,3989,57
2021-03-21,Ventura,111,848112,79529,78863,2861,81724,927
2021-03-21,Yolo,113,214977,13237,13235,244,13479,190
2021-03-21,Yuba,115,75493,5673,5624,95,5719,42
2021-03-20,Alameda,001,1643700,83146,82614,1787,84401,1178
2021-03-20,Alpine,003,1148,84,83,0,83,0
2021-03-20,Amador,005,37829,3537,3518,32,3550,44
2021-03-20,Butte,007,227075,11602,11199,1659,12858,185
2021-03-20,Calaveras,009,45235,1977,1961,12,1973,49
2021-03-20,Colusa,011,21464,1888,1883,273,2156,12
2021-03-20,Contra Costa,013,1133247,65168,64313,1121,65434,713
2021-03-20,Del Norte,015,27424,1133,1075,7,1082,6
2021-03-20,El Dorado,017,186661,9363,9290,600,9890,105
2021-03-20,Fresno,019,978130,99175,98112,8171,106283,1532
2021-03-20,Glenn,021,27897,2323,2288,519,2807,17
2021-03-20,Humboldt,023,135768,3415,3399,24,3423,33
2021-03-20,Imperial,025,180216,27505,27239,2646,29885,695
2021-03-20,Inyo,027,18085,1367,1362,9,1371,35
2021-03-20,Kern,029,883053,94987,93606,10246,103852,1155
2021-03-20,Kings,031,150075,22718,22415,1020,23435,236
2021-03-20,Lake,033,64148,3327,3280,8,3288,43
2021-03-20,Lassen,035,31185,5137,5128,101,5229,1
2021-03-20,Los Angeles,037,10098052,1183256,1175290,40145,1215435,22810
2021-03-20,Madera,039,155013,16015,15891,876,16767,210
2021-03-20,Marin,041,260295,13557,13470,189,13659,220
2021-03-20,Mariposa,043,17540,389,381,5,386,5
2021-03-20,Mendocino,045,87422,3737,3639,72,3711,43
2021-03-20,Merced,047,269075,29515,29411,924,30335,412
2021-03-20,Modoc,049,8938,350,341,120,461,3
2021-03-20,Mono,051,14174,1217,1256,16,1272,3
2021-03-20,Monterey,053,433212,42431,42146,1762,43908,334
2021-03-20,Napa,055,140530,9305,9274,34,9308,77
2021-03-20,Nevada,057,99092,4225,4164,171,4335,89
2021-03-20,Orange,059,3164182,250256,248348,10605,258953,4522
2021-03-20,Placer,061,380077,21304,20505,1206,21711,242
2021-03-20,Plumas,063,18699,663,652,10,662,4
2021-03-20,Riverside,065,2383286,288721,282081,13651,295732,4000
2021-03-20,Sacramento,067,1510023,97658,96126,1380,97506,1488
2021-03-20,San Benito,069,59416,5838,5840,92,5932,61
2021-03-20,San Bernardino,071,2135413,288497,284690,8712,293402,3965
2021-03-20,San Diego,073,3302833,269076,267532,13316,280848,3493
2021-03-20,San Francisco,075,870044,34984,34968,1174,36142,453
2021-03-20,San Joaquin,077,732212,69029,67662,3047,70709,1161
2021-03-20,San Luis Obispo,079,281455,20230,19951,611,20562,250
2021-03-20,San Mateo,081,765935,40445,39958,427,40385,344
2021-03-20,Santa Barbara,083,443738,33239,32723,1149,33872,434
2021-03-20,Santa Clara,085,1922200,113256,113384,639,114023,1799
2021-03-20,Santa Cruz,087,273765,15715,15053,801,15854,199
2021-03-20,Shasta,089,179085,11218,11211,1331,12542,147
2021-03-20,Sierra,091,2930,55,50,12,62,0
2021-03-20,Siskiyou,093,43540,1558,1483,256,1739,5
2021-03-20,Solano,095,438530,30565,30439,399,30838,170
2021-03-20,Sonoma,097,501317,28860,28962,248,29210,309
2021-03-20,Stanislaus,099,539301,52476,51925,5551,57476,673
2021-03-20,Sutter,101,95872,9079,9014,81,9095,103
2021-03-20,Tehama,103,63373,4733,4696,506,5202,33
2021-03-20,Trinity,105,12862,472,310,84,394,3
2021-03-20,Tulare,107,460477,49116,48030,8521,56551,804
2021-03-20,Tuolumne,109,53932,3886,3950,36,3986,57
2021-03-20,Ventura,111,848112,79492,78818,2859,81677,922
2021-03-20,Yolo,113,214977,13233,13226,244,13470,190
2021-03-20,Yuba,115,75493,5670,5621,94,5715,42
2021-03-19,Alameda,001,1643700,83074,82499,1786,84285,1187
2021-03-19,Alpine,003,1148,83,82,0,82,0
2021-03-19,Amador,005,37829,3534,3515,32,3547,44
2021-03-19,Butte,007,227075,11594,11191,1656,12847,185
2021-03-19,Calaveras,009,45235,1976,1957,12,1969,49
2021-03-19,Colusa,011,21464,1887,1883,273,2156,12
2021-03-19,Contra Costa,013,1133247,65109,64195,1118,65313,737
2021-03-19,Del Norte,015,27424,1127,1071,5,1076,6
2021-03-19,El Dorado,017,186661,9354,9274,600,9874,105
2021-03-19,Fresno,019,978130,99091,97969,8157,106126,1527
2021-03-19,Glenn,021,27897,2323,2282,519,2801,17
2021-03-19,Humboldt,023,135768,3406,3388,24,3412,33
2021-03-19,Imperial,025,180216,27493,27218,2642,29860,695
2021-03-19,Inyo,027,18085,1365,1356,9,1365,35
2021-03-19,Kern,029,883053,94954,93534,10233,103767,1152
2021-03-19,Kings,031,150075,22709,22369,1017,23386,235
2021-03-19,Lake,033,64148,3321,3262,8,3270,43
2021-03-19,Lassen,035,31185,5137,5126,101,5227,1
2021-03-19,Los Angeles,037,10098052,1182921,1174818,40129,1214947,22752
2021-03-19,Madera,039,155013,16008,15877,875,16752,210
2021-03-19,Marin,041,260295,13545,13441,189,13630,220
2021-03-19,Mariposa,043,17540,388,380,5,385,5
2021-03-19,Mendocino,045,87422,3736,3639,72,3711,45
2021-03-19,Merced,047,269075,29486,29376,923,30299,412
2021-03-19,Modoc,049,8938,350,341,120,461,3
2021-03-19,Mono,051,14174,1215,1244,16,1260,3
2021-03-19,Monterey,053,433212,42422,42125,1760,43885,335
2021-03-19,Napa,055,140530,9293,9256,34,9290,77
2021-03-19,Nevada,057,99092,4214,4156,171,4327,88
2021-03-19,Orange,059,3164182,250156,248146,10594,258740,4501
2021-03-19,Placer,061,380077,21286,20451,1204,21655,242
2021-03-19,Plumas,063,18699,663,650,10,660,4
2021-03-19,Riverside,065,2383286,288638,281937,13646,295583,3989
2021-03-19,Sacramento,067,1510023,97556,95934,1377,97311,1486
2021-03-19,San Benito,069,59416,5838,5845,92,5937,61
2021-03-19,San Bernardino,071,2135413,288425,284501,8710,293211,4017
2021-03-19,San Diego,073,3302833,268941,267173,13306,280479,3491
2021-03-19,San Francisco,075,870044,34939,34936,1171,36107,461
2021-03-19,San Joaquin,077,732212,68959,67515,3033,70548,1180
2021-03-19,San Luis Obispo,079,281455,20210,19913,609,20522,249
2021-03-19,San Mateo,081,765935,40421,39893,427,40320,344
2021-03-19,Santa Barbara,083,443738,33210,32685,1148,33833,435
2021-03-19,Santa Clara,085,1922200,113181,113232,638,113870,1797
2021-03-19,Santa Cruz,087,273765,15708,15026,801,15827,199
2021-03-19,Shasta,089,179085,11211,11104,1329,12433,103
2021-03-19,Sierra,091,2930,54,49,12,61,0
2021-03-19,Siskiyou,093,43540,1558,1480,255,1735,5
2021-03-19,Solano,095,438530,30535,30395,397,30792,172
2021-03-19,Sonoma,097,501317,28839,28932,246,29178,292
2021-03-19,Stanislaus,099,539301,52418,51755,5548,57303,679
2021-03-19,Sutter,101,95872,9077,9005,81,9086,103
2021-03-19,Tehama,103,63373,4725,4685,506,5191,33
2021-03-19,Trinity,105,12862,472,310,84,394,3
2021-03-19,Tulare,107,460477,49093,47989,8498,56487,805
2021-03-19,Tuolumne,109,53932,3883,3946,36,3982,57
2021-03-19,Ventura,111,848112,79454,78753,2855,81608,920
2021-03-19,Yolo,113,214977,13225,13197,244,13441,189
2021-03-19,Yuba,115,75493,5667,5615,93,5708,42
2021-03-18,Alameda,001,1643700,82993,82419,1783,84202,1189
2021-03-18,Alpine,003,1148,83,82,0,82,0
2021-03-18,Amador,005,37829,3530,3513,32,3545,44
2021-03-18,Butte,007,227075,11583,11179,1654,12833,185
2021-03-18,Calaveras,009,45235,1974,1954,12,1966,49
2021-03-18,Colusa,011,21464,1887,1882,273,2155,12
2021-03-18,Contra Costa,013,1133247,65036,64103,1115,65218,739
2021-03-18,Del Norte,015,27424,1118,1059,5,1064,6
2021-03-18,El Dorado,017,186661,9341,9261,599,9860,105
2021-03-18,Fresno,019,978130,98994,97856,8142,105998,1527
2021-03-18,Glenn,021,27897,2319,2275,518,2793,17
2021-03-18,Humboldt,023,135768,3398,3381,24,3405,34
2021-03-18,Imperial,025,180216,27477,27190,2636,29826,695
2021-03-18,Inyo,027,18085,1362,1354,9,1363,35
2021-03-18,Kern,029,883053,94897,93458,10219,103677,1158
2021-03-18,Kings,031,150075,22702,22354,1016,23370,235
2021-03-18,Lake,033,64148,3318,3260,8,3268,43
2021-03-18,Lassen,035,31185,5136,5126,101,5227,1
2021-03-18,Los Angeles,037,10098052,1182490,1174205,40100,1214305,22689
2021-03-18,Madera,039,155013,15996,15860,872,16732,211
2021-03-18,Marin,041,260295,13527,13435,188,13623,219
2021-03-18,Mariposa,043,17540,386,380,5,385,5
2021-03-18,Mendocino,045,87422,3726,3630,72,3702,45
2021-03-18,Merced,047,269075,29451,29317,923,30240,410
2021-03-18,Modoc,049,8938,350,341,120,461,3
2021-03-18,Mono,051,14174,1211,1215,16,1231,3
2021-03-18,Monterey,053,433212,42409,42105,1760,43865,335
2021-03-18,Napa,055,140530,9284,9243,34,9277,77
2021-03-18,Nevada,057,99092,4207,4154,171,4325,74
2021-03-18,Orange,059,3164182,250052,248050,10582,258632,4514
2021-03-18,Placer,061,380077,21253,20421,1201,21622,243
2021-03-18,Plumas,063,18699,661,648,10,658,4
2021-03-18,Riverside,065,2383286,288557,281789,13639,295428,3957
2021-03-18,Sacramento,067,1510023,97408,95819,1373,97192,1481
2021-03-18,San Benito,069,59416,5836,5842,92,5934,61
2021-03-18,San Bernardino,071,2135413,288344,284294,8680,292974,4076
2021-03-18,San Diego,073,3302833,268789,266752,13296,280048,3478
2021-03-18,San Francisco,075,870044,34900,34904,1170,36074,461
2021-03-18,San Joaquin,077,732212,68859,67301,3021,70322,1169
2021-03-18,San Luis Obispo,079,281455,20181,19894,608,20502,249
2021-03-18,San Mateo,081,765935,40380,39874,427,40301,344
2021-03-18,Santa Barbara,083,443738,33168,32640,1148,33788,434
2021-03-18,Santa Clara,085,1922200,113064,113119,634,113753,1808
2021-03-18,Santa Cruz,087,273765,15698,14998,801,15799,198
2021-03-18,Shasta,089,179085,11197,11059,1327,12386,100
2021-03-18,Sierra,091,2930,54,49,12,61,0
2021-03-18,Siskiyou,093,43540,1555,1480,254,1734,5
2021-03-18,Solano,095,438530,30493,30352,394,30746,172
2021-03-18,Sonoma,097,501317,28817,28915,244,29159,292
2021-03-18,Stanislaus,099,539301,52346,51615,5544,57159,682
2021-03-18,Sutter,101,95872,9065,8999,81,9080,103
2021-03-18,Tehama,103,63373,4719,4683,505,5188,35
2021-03-18,Trinity,105,12862,472,310,84,394,3
2021-03-18,Tulare,107,460477,49074,47964,8483,56447,805
2021-03-18,Tuolumne,109,53932,3883,3942,36,3978,57
2021-03-18,Ventura,111,848112,79397,78697,2855,81552,918
2021-03-18,Yolo,113,214977,13212,13183,244,13427,191
2021-03-18,Yuba,115,75493,5663,5612,93,5705,42
2021-03-17,Alameda,001,1643700,82917,82353,1778,84131,1185
2021-03-17,Alpine,003,1148,83,82,0,82,0
2021-03-17,Amador,005,37829,3528,3511,32,3543,44
2021-03-17,Butte,007,227075,11574,11170,1652,12822,185
2021-03-17,Calaveras,009,45235,1971,1946,12,1958,49
2021-03-17,Colusa,011,21464,1886,1882,273,2155,12
2021-03-17,Contra Costa,013,1133247,64967,64026,1114,65140,737
2021-03-17,Del Norte,015,27424,1114,1053,5,1058,6
2021-03-17,El Dorado,017,186661,9331,9252,599,9851,105
2021-03-17,Fresno,019,978130,98883,97727,8124,105851,1507
2021-03-17,Glenn,021,27897,2312,2269,517,2786,17
2021-03-17,Humboldt,023,135768,3390,3365,24,3389,33
2021-03-17,Imperial,025,180216,27461,27168,2634,29802,691
2021-03-17,Inyo,027,18085,1360,1351,9,1360,35
2021-03-17,Kern,029,883053,94841,93392,10206,103598,1149
2021-03-17,Kings,031,150075,22686,22336,1015,23351,233
2021-03-17,Lake,033,64148,3311,3251,8,3259,43
2021-03-17,Lassen,035,31185,5135,5125,101,5226,1
2021-03-17,Los Angeles,037,10098052,1182037,1173416,40067,1213483,22602
2021-03-17,Madera,039,155013,15989,15835,872,16707,214
2021-03-17,Marin,041,260295,13509,13428,187,13615,218
2021-03-17,Mariposa,043,17540,386,379,5,384,5
2021-03-17,Mendocino,045,87422,3722,3625,72,3697,44
2021-03-17,Merced,047,269075,29423,29250,919,30169,408
2021-03-17,Modoc,049,8938,350,341,120,461,3
2021-03-17,Mono,051,14174,1209,1212,16,1228,3
2021-03-17,Monterey,053,433212,42390,42061,1757,43818,334
2021-03-17,Napa,055,140530,9269,9219,34,9253,76
2021-03-17,Nevada,057,99092,4197,4145,171,4316,74
2021-03-17,Orange,059,3164182,249932,247943,10554,258497,4502
2021-03-17,Placer,061,380077,21226,20369,1199,21568,243
2021-03-17,Plumas,063,18699,660,645,10,655,4
2021-03-17,Riverside,065,2383286,288442,281649,13631,295280,3925
2021-03-17,Sacramento,067,1510023,97280,95650,1368,97018,1477
2021-03-17,San Benito,069,59416,5833,5841,92,5933,61
2021-03-17,San Bernardino,071,2135413,288227,284170,8675,292845,4049
2021-03-17,San Diego,073,3302833,268578,266313,13278,279591,3470
2021-03-17,San Francisco,075,870044,34865,34873,1169,36042,457
2021-03-17,San Joaquin,077,732212,68774,67093,3005,70098,1164
2021-03-17,San Luis Obispo,079,281455,20158,19858,604,20462,249
2021-03-17,San Mateo,081,765935,40350,39838,426,40264,344
2021-03-17,Santa Barbara,083,443738,33148,32585,1147,33732,433
2021-03-17,Santa Clara,085,1922200,112971,112983,633,113616,1805
2021-03-17,Santa Cruz,087,273765,15690,14967,801,15768,199
2021-03-17,Shasta,089,179085,11192,11045,1324,12369,100
2021-03-17,Sierra,091,2930,54,49,12,61,0
2021-03-17,Siskiyou,093,43540,1554,1479,252,1731,5
2021-03-17,Solano,095,438530,30467,30320,392,30712,171
2021-03-17,Sonoma,097,501317,28793,28877,243,29120,292
2021-03-17,Stanislaus,099,539301,52271,51524,5537,57061,682
2021-03-17,Sutter,101,95872,9055,8982,81,9063,103
2021-03-17,Tehama,103,63373,4713,4670,505,5175,34
2021-03-17,Trinity,105,12862,472,308,84,392,3
2021-03-17,Tulare,107,460477,49054,47929,8473,56402,805
2021-03-17,Tuolumne,109,53932,3880,3938,36,3974,57
2021-03-17,Ventura,111,848112,79342,78648,2852,81500,916
2021-03-17,Yolo,113,214977,13195,13169,244,13413,190
2021-03-17,Yuba,115,75493,5660,5603,93,5696,42
2021-03-16,Alameda,001,1643700,82805,82259,1776,84035,1177
2021-03-16,Alpine,003,1148,83,82,0,82,0
2021-03-16,Amador,005,37829,3526,3510,32,3542,44
2021-03-16,Butte,007,227075,11562,11154,1651,12805,184
2021-03-16,Calaveras,009,45235,1966,1945,12,1957,49
2021-03-16,Colusa,011,21464,1885,1882,273,2155,12
2021-03-16,Contra Costa,013,1133247,64884,63951,1111,65062,736
2021-03-16,Del Norte,015,27424,1106,1048,5,1053,6
2021-03-16,El Dorado,017,186661,9315,9249,599,9848,105
2021-03-16,Fresno,019,978130,98745,97638,8102,105740,1498
2021-03-16,Glenn,021,27897,2304,2267,513,2780,17
2021-03-16,Humboldt,023,135768,3386,3351,24,3375,33
2021-03-16,Imperial,025,180216,27450,27143,2632,29775,689
2021-03-16,Inyo,027,18085,1359,1346,9,1355,35
2021-03-16,Kern,029,883053,94775,93340,10191,103531,1144
2021-03-16,Kings,031,150075,22650,22320,1014,23334,233
2021-03-16,Lake,033,64148,3303,3246,8,3254,43
2021-03-16,Lassen,035,31185,5134,5126,101,5227,1
2021-03-16,Los Angeles,037,10098052,1181505,1172676,40029,1212705,22527
2021-03-16,Madera,039,155013,15973,15822,870,16692,214
2021-03-16,Marin,041,260295,13491,13419,187,13606,218
2021-03-16,Mariposa,043,17540,383,379,5,384,5
2021-03-16,Mendocino,045,87422,3717,3623,72,3695,44
2021-03-16,Merced,047,269075,29370,29198,918,30116,407
2021-03-16,Modoc,049,8938,350,341,120,461,3
2021-03-16,Mono,051,14174,1208,1207,16,1223,3
2021-03-16,Monterey,053,433212,42371,42023,1757,43780,334
2021-03-16,Napa,055,140530,9259,9209,34,9243,75
2021-03-16,Nevada,057,99092,4188,4132,170,4302,67
2021-03-16,Orange,059,3164182,249794,247843,10535,258378,4479
2021-03-16,Placer,061,380077,21192,20339,1195,21534,240
2021-03-16,Plumas,063,18699,659,643,10,653,4
2021-03-16,Riverside,065,2383286,288328,281540,13618,295158,3893
2021-03-16,Sacramento,067,1510023,97137,95522,1364,96886,1466
2021-03-16,San Benito,069,59416,5828,5831,92,5923,61
2021-03-16,San Bernardino,071,2135413,288097,283980,8668,292648,4032
2021-03-16,San Diego,073,3302833,268346,265903,13265,279168,3462
2021-03-16,San Francisco,075,870044,34836,34833,1164,35997,456
2021-03-16,San Joaquin,077,732212,68672,66856,2992,69848,1163
2021-03-16,San Luis Obispo,079,281455,20129,19832,602,20434,248
2021-03-16,San Mateo,081,765935,40316,39806,424,40230,344
2021-03-16,Santa Barbara,083,443738,33116,32556,1146,33702,433
2021-03-16,Santa Clara,085,1922200,112853,112845,630,113475,1797
2021-03-16,Santa Cruz,087,273765,15684,14926,801,15727,199
2021-03-16,Shasta,089,179085,11176,11035,1321,12356,100
2021-03-16,Sierra,091,2930,53,49,12,61,0
2021-03-16,Siskiyou,093,43540,1550,1477,252,1729,5
2021-03-16,Solano,095,438530,30433,30298,390,30688,171
2021-03-16,Sonoma,097,501317,28761,28850,241,29091,291
2021-03-16,Stanislaus,099,539301,52191,51410,5530,56940,683
2021-03-16,Sutter,101,95872,9047,8970,81,9051,102
2021-03-16,Tehama,103,63373,4709,4660,504,5164,34
2021-03-16,Trinity,105,12862,472,308,83,391,3
2021-03-16,Tulare,107,460477,49007,47895,8465,56360,803
2021-03-16,Tuolumne,109,53932,3877,3938,36,3974,57
2021-03-16,Ventura,111,848112,79275,78671,2845,81516,916
2021-03-16,Yolo,113,214977,13180,13162,244,13406,190
2021-03-16,Yuba,115,75493,5657,5596,92,5688,42
2021-03-15,Alameda,001,1643700,82717,82159,1776,83935,1167
2021-03-15,Alpine,003,1148,83,82,0,82,0
2021-03-15,Amador,005,37829,3525,3506,32,3538,44
2021-03-15,Butte,007,227075,11549,11141,1647,12788,185
2021-03-15,Calaveras,009,45235,1965,1941,12,1953,49
2021-03-15,Colusa,011,21464,1885,1883,273,2156,12
2021-03-15,Contra Costa,013,1133247,64822,63847,1110,64957,732
2021-03-15,Del Norte,015,27424,1103,1048,5,1053,6
2021-03-15,El Dorado,017,186661,9309,9235,598,9833,103
2021-03-15,Fresno,019,978130,98618,97520,8087,105607,1496
2021-03-15,Glenn,021,27897,2299,2261,510,2771,15
2021-03-15,Humboldt,023,135768,3380,3337,24,3361,32
2021-03-15,Imperial,025,180216,27429,27122,2630,29752,684
2021-03-15,Inyo,027,18085,1359,1346,9,1355,35
2021-03-15,Kern,029,883053,94715,93266,10184,103450,1141
2021-03-15,Kings,031,150075,22633,22294,1009,23303,233
2021-03-15,Lake,033,64148,3291,3237,8,3245,43
2021-03-15,Lassen,035,31185,5134,5125,101,5226,1
2021-03-15,Los Angeles,037,10098052,1180936,1172445,39994,1212439,22477
2021-03-15,Madera,039,155013,15962,15806,868,16674,214
2021-03-15,Marin,041,260295,13485,13408,186,13594,218
2021-03-15,Mariposa,043,17540,383,376,5,381,5
2021-03-15,Mendocino,045,87422,3713,3615,72,3687,44
2021-03-15,Merced,047,269075,29330,29169,917,30086,407
2021-03-15,Modoc,049,8938,350,340,120,460,3
2021-03-15,Mono,051,14174,1207,1206,16,1222,3
2021-03-15,Monterey,053,433212,42343,42011,1754,43765,333
2021-03-15,Napa,055,140530,9248,9196,34,9230,75
2021-03-15,Nevada,057,99092,4183,4123,169,4292,66
2021-03-15,Orange,059,3164182,249681,247697,10514,258211,4481
2021-03-15,Placer,061,380077,21169,20308,1195,21503,238
2021-03-15,Plumas,063,18699,659,642,10,652,4
2021-03-15,Riverside,065,2383286,288175,281367,13608,294975,3856
2021-03-15,Sacramento,067,1510023,96984,95414,1358,96772,1463
2021-03-15,San Benito,069,59416,5825,5831,92,5923,61
2021-03-15,San Bernardino,071,2135413,288004,283815,8660,292475,4004
2021-03-15,San Diego,073,3302833,268096,265646,13249,278895,3452
2021-03-15,San Francisco,075,870044,34801,34820,1160,35980,456
2021-03-15,San Joaquin,077,732212,68568,66622,2979,69601,1140
2021-03-15,San Luis Obispo,079,281455,20098,19813,598,20411,247
2021-03-15,San Mateo,081,765935,40262,39765,424,40189,344
2021-03-15,Santa Barbara,083,443738,33094,32529,1143,33672,431
2021-03-15,Santa Clara,085,1922200,112750,112729,628,113357,1798
2021-03-15,Santa Cruz,087,273765,15678,14899,799,15698,200
2021-03-15,Shasta,089,179085,11160,11019,1316,12335,92
2021-03-15,Sierra,091,2930,53,49,12,61,0
2021-03-15,Siskiyou,093,43540,1550,1475,252,1727,5
2021-03-15,Solano,095,438530,30404,30258,389,30647,171
2021-03-15,Sonoma,097,501317,28743,28814,238,29052,285
2021-03-15,Stanislaus,099,539301,52113,51357,5523,56880,683
2021-03-15,Sutter,101,95872,9041,8962,81,9043,102
2021-03-15,Tehama,103,63373,4699,4650,503,5153,34
2021-03-15,Trinity,105,12862,472,308,83,391,3
2021-03-15,Tulare,107,460477,48977,47857,8450,56307,800
2021-03-15,Tuolumne,109,53932,3875,3937,35,3972,57
2021-03-15,Ventura,111,848112,79221,78626,2844,81470,910
2021-03-15,Yolo,113,214977,13161,13131,242,13373,190
2021-03-15,Yuba,115,75493,5652,5585,91,5676,42
2021-03-14,Alameda,001,1643700,82631,82116,1773,83889,1168
2021-03-14,Alpine,003,1148,83,82,0,82,0
2021-03-14,Amador,005,37829,3520,3504,32,3536,44
2021-03-14,Butte,007,227075,11536,11140,1643,12783,185
2021-03-14,Calaveras,009,45235,1961,1939,12,1951,49
2021-03-14,Colusa,011,21464,1885,1883,273,2156,12
2021-03-14,Contra Costa,013,1133247,64716,63808,1109,64917,731
2021-03-14,Del Norte,015,27424,1089,1048,5,1053,6
2021-03-14,El Dorado,017,186661,9299,9231,598,9829,103
2021-03-14,Fresno,019,978130,98510,97461,8069,105530,1496
2021-03-14,Glenn,021,27897,2294,2260,507,2767,15
2021-03-14,Humboldt,023,135768,3366,3335,24,3359,32
2021-03-14,Imperial,025,180216,27411,27122,2626,29748,685
2021-03-14,Inyo,027,18085,1355,1346,9,1355,35
2021-03-14,Kern,029,883053,94632,93252,10166,103418,1141
2021-03-14,Kings,031,150075,22614,22292,1007,23299,232
2021-03-14,Lake,033,64148,3286,3237,8,3245,43
2021-03-14,Lassen,035,31185,5132,5125,101,5226,1
2021-03-14,Los Angeles,037,10098052,1180366,1172100,39958,1212058,22476
2021-03-14,Madera,039,155013,15937,15804,868,16672,214
2021-03-14,Marin,041,260295,13469,13405,184,13589,218
2021-03-14,Mariposa,043,17540,381,376,5,381,5
2021-03-14,Mendocino,045,87422,3708,3613,72,3685,44
2021-03-14,Merced,047,269075,29262,29149,913,30062,407
2021-03-14,Modoc,049,8938,350,340,120,460,3
2021-03-14,Mono,051,14174,1201,1206,16,1222,3
2021-03-14,Monterey,053,433212,42321,42007,1750,43757,333
2021-03-14,Napa,055,140530,9230,9194,34,9228,75
2021-03-14,Nevada,057,99092,4177,4122,167,4289,66
2021-03-14,Orange,059,3164182,249550,247656,10494,258150,4460
2021-03-14,Placer,061,380077,21135,20288,1187,21475,238
2021-03-14,Plumas,063,18699,657,642,10,652,4
2021-03-14,Riverside,065,2383286,288017,281332,13600,294932,3845
2021-03-14,Sacramento,067,1510023,96806,95343,1353,96696,1462
2021-03-14,San Benito,069,59416,5816,5829,92,5921,61
2021-03-14,San Bernardino,071,2135413,287880,283791,8649,292440,3996
2021-03-14,San Diego,073,3302833,267861,265468,13236,278704,3452
2021-03-14,San Francisco,075,870044,34762,34810,1157,35967,455
2021-03-14,San Joaquin,077,732212,68440,66563,2962,69525,1140
2021-03-14,San Luis Obispo,079,281455,20069,19806,596,20402,247
2021-03-14,San Mateo,081,765935,40223,39744,424,40168,342
2021-03-14,Santa Barbara,083,443738,33050,32514,1141,33655,431
2021-03-14,Santa Clara,085,1922200,112622,112648,627,113275,1796
2021-03-14,Santa Cruz,087,273765,15661,14887,797,15684,200
2021-03-14,Shasta,089,179085,11144,11019,1309,12328,92
2021-03-14,Sierra,091,2930,53,49,12,61,0
2021-03-14,Siskiyou,093,43540,1546,1473,251,1724,5
2021-03-14,Solano,095,438530,30372,30230,384,30614,171
2021-03-14,Sonoma,097,501317,28709,28798,234,29032,284
2021-03-14,Stanislaus,099,539301,51992,51306,5515,56821,690
2021-03-14,Sutter,101,95872,9025,8958,81,9039,102
2021-03-14,Tehama,103,63373,4687,4650,502,5152,34
2021-03-14,Trinity,105,12862,471,308,82,390,3
2021-03-14,Tulare,107,460477,48944,47845,8429,56274,800
2021-03-14,Tuolumne,109,53932,3873,3937,35,3972,57
2021-03-14,Ventura,111,848112,79168,78611,2838,81449,910
2021-03-14,Yolo,113,214977,13139,13128,238,13366,189
2021-03-14,Yuba,115,75493,5642,5583,91,5674,42
2021-03-13,Alameda,001,1643700,82571,82010,1773,83783,1168
2021-03-13,Alpine,003,1148,83,82,0,82,0
2021-03-13,Amador,005,37829,3517,3504,32,3536,44
2021-03-13,Butte,007,227075,11527,11131,1642,12773,185
2021-03-13,Calaveras,009,45235,1961,1939,12,1951,49
2021-03-13,Colusa,011,21464,1885,1882,273,2155,12
2021-03-13,Contra Costa,013,1133247,64655,63689,1109,64798,731
2021-03-13,Del Norte,015,27424,1085,1041,5,1046,6
2021-03-13,El Dorado,017,186661,9291,9221,598,9819,103
2021-03-13,Fresno,019,978130,98451,97324,8049,105373,1495
2021-03-13,Glenn,021,27897,2293,2260,506,2766,15
2021-03-13,Humboldt,023,135768,3359,3325,24,3349,32
2021-03-13,Imperial,025,180216,27406,27099,2621,29720,677
2021-03-13,Inyo,027,18085,1354,1344,9,1353,35
2021-03-13,Kern,029,883053,94593,93197,10160,103357,1140
2021-03-13,Kings,031,150075,22598,22265,1006,23271,232
2021-03-13,Lake,033,64148,3279,3234,7,3241,43
2021-03-13,Lassen,035,31185,5132,5125,101,5226,1
2021-03-13,Los Angeles,037,10098052,1180050,1171505,39915,1211420,22451
2021-03-13,Madera,039,155013,15925,15780,868,16648,214
2021-03-13,Marin,041,260295,13463,13391,182,13573,218
2021-03-13,Mariposa,043,17540,380,376,5,381,5
2021-03-13,Mendocino,045,87422,3704,3611,72,3683,44
2021-03-13,Merced,047,269075,29231,29106,913,30019,406
2021-03-13,Modoc,049,8938,350,340,119,459,3
2021-03-13,Mono,051,14174,1201,1207,16,1223,3
2021-03-13,Monterey,053,433212,42311,41989,1748,43737,332
2021-03-13,Napa,055,140530,9224,9190,34,9224,75
2021-03-13,Nevada,057,99092,4170,4111,166,4277,66
2021-03-13,Orange,059,3164182,249469,247514,10478,257992,4423
2021-03-13,Placer,061,380077,21114,20238,1184,21422,239
2021-03-13,Plumas,063,18699,655,642,10,652,4
2021-03-13,Riverside,065,2383286,287925,281191,13592,294783,3848
2021-03-13,Sacramento,067,1510023,96720,95192,1351,96543,1461
2021-03-13,San Benito,069,59416,5813,5823,92,5915,61
2021-03-13,San Bernardino,071,2135413,287827,283727,8643,292370,3972
2021-03-13,San Diego,073,3302833,267706,265270,13222,278492,3444
2021-03-13,San Francisco,075,870044,34745,34784,1148,35932,455
2021-03-13,San Joaquin,077,732212,68384,66480,2940,69420,1141
2021-03-13,San Luis Obispo,079,281455,20051,19789,595,20384,247
2021-03-13,San Mateo,081,765935,40196,39689,423,40112,341
2021-03-13,Santa Barbara,083,443738,33025,32486,1140,33626,431
2021-03-13,Santa Clara,085,1922200,112537,112531,626,113157,1790
2021-03-13,Santa Cruz,087,273765,15654,14875,797,15672,199
2021-03-13,Shasta,089,179085,11136,11021,1306,12327,108
2021-03-13,Sierra,091,2930,52,49,12,61,0
2021-03-13,Siskiyou,093,43540,1545,1470,251,1721,5
2021-03-13,Solano,095,438530,30355,30198,384,30582,171
2021-03-13,Sonoma,097,501317,28689,28762,230,28992,285
2021-03-13,Stanislaus,099,539301,51941,51257,5510,56767,695
2021-03-13,Sutter,101,95872,9018,8948,81,9029,102
2021-03-13,Tehama,103,63373,4685,4647,502,5149,33
2021-03-13,Trinity,105,12862,471,306,82,388,3
2021-03-13,Tulare,107,460477,48918,47818,8421,56239,798
2021-03-13,Tuolumne,109,53932,3870,3937,35,3972,57
2021-03-13,Ventura,111,848112,79119,78693,2838,81531,906
2021-03-13,Yolo,113,214977,13131,13087,237,13324,189
2021-03-13,Yuba,115,75493,5641,5577,91,5668,42
2021-03-12,Alameda,001,1643700,82495,81898,1772,83670,1164
2021-03-12,Alpine,003,1148,83,82,0,82,0
2021-03-12,Amador,005,37829,3514,3503,32,3535,44
2021-03-12,Butte,007,227075,11517,11126,1640,12766,184
2021-03-12,Calaveras,009,45235,1959,1916,12,1928,49
2021-03-12,Colusa,011,21464,1885,1883,273,2156,12
2021-03-12,Contra Costa,013,1133247,64579,63583,1109,64692,728
2021-03-12,Del Norte,015,27424,1079,1033,5,1038,6
2021-03-12,El Dorado,017,186661,9282,9219,598,9817,103
2021-03-12,Fresno,019,978130,98354,97185,8038,105223,1489
2021-03-12,Glenn,021,27897,2292,2258,505,2763,15
2021-03-12,Humboldt,023,135768,3354,3315,24,3339,32
2021-03-12,Imperial,025,180216,27395,27071,2619,29690,677
2021-03-12,Inyo,027,18085,1352,1339,9,1348,35
2021-03-12,Kern,029,883053,94559,93142,10144,103286,1132
2021-03-12,Kings,031,150075,22579,22233,1006,23239,232
2021-03-12,Lake,033,64148,3273,3226,6,3232,43
2021-03-12,Lassen,035,31185,5132,5125,100,5225,1
2021-03-12,Los Angeles,037,10098052,1179651,1170860,39898,1210758,22409
2021-03-12,Madera,039,155013,15913,15761,865,16626,214
2021-03-12,Marin,041,260295,13456,13375,182,13557,218
2021-03-12,Mariposa,043,17540,378,376,5,381,5
2021-03-12,Mendocino,045,87422,3701,3605,72,3677,43
2021-03-12,Merced,047,269075,29200,29064,913,29977,403
2021-03-12,Modoc,049,8938,350,340,119,459,3
2021-03-12,Mono,051,14174,1200,1206,16,1222,3
2021-03-12,Monterey,053,433212,42297,41964,1743,43707,329
2021-03-12,Napa,055,140530,9215,9180,34,9214,75
2021-03-12,Nevada,057,99092,4160,4101,166,4267,66
2021-03-12,Orange,059,3164182,249376,247388,10467,257855,4401
2021-03-12,Placer,061,380077,21081,20210,1179,21389,239
2021-03-12,Plumas,063,18699,654,641,10,651,4
2021-03-12,Riverside,065,2383286,287826,281037,13584,294621,3854
2021-03-12,Sacramento,067,1510023,96596,95061,1344,96405,1460
2021-03-12,San Benito,069,59416,5810,5817,92,5909,61
2021-03-12,San Bernardino,071,2135413,287770,283558,8638,292196,3917
2021-03-12,San Diego,073,3302833,267543,264886,13214,278100,3434
2021-03-12,San Francisco,075,870044,34724,34758,1145,35903,452
2021-03-12,San Joaquin,077,732212,68313,66482,2931,69413,1144
2021-03-12,San Luis Obispo,079,281455,20037,19769,593,20362,247
2021-03-12,San Mateo,081,765935,40160,39638,421,40059,341
2021-03-12,Santa Barbara,083,443738,33002,32457,1137,33594,429
2021-03-12,Santa Clara,085,1922200,112442,112396,625,113021,1766
2021-03-12,Santa Cruz,087,273765,15642,14846,795,15641,195
2021-03-12,Shasta,089,179085,11127,11143,1304,12447,153
2021-03-12,Sierra,091,2930,52,49,12,61,0
2021-03-12,Siskiyou,093,43540,1545,1468,250,1718,5
2021-03-12,Solano,095,438530,30336,30180,383,30563,171
2021-03-12,Sonoma,097,501317,28662,28714,230,28944,285
2021-03-12,Stanislaus,099,539301,51883,51146,5503,56649,701
2021-03-12,Sutter,101,95872,9012,8940,81,9021,101
2021-03-12,Tehama,103,63373,4681,4638,501,5139,33
2021-03-12,Trinity,105,12862,470,306,81,387,3
2021-03-12,Tulare,107,460477,48893,47772,8415,56187,798
2021-03-12,Tuolumne,109,53932,3869,3936,35,3971,57
2021-03-12,Ventura,111,848112,79076,78698,2834,81532,899
2021-03-12,Yolo,113,214977,13121,13061,230,13291,189
2021-03-12,Yuba,115,75493,5634,5563,90,5653,42
2021-03-11,Alameda,001,1643700,82402,81809,1767,83576,1164
2021-03-11,Alpine,003,1148,83,78,0,78,0
2021-03-11,Amador,005,37829,3513,3498,32,3530,42
2021-03-11,Butte,007,227075,11506,11110,1638,12748,185
2021-03-11,Calaveras,009,45235,1956,1915,12,1927,49
2021-03-11,Colusa,011,21464,1885,1883,273,2156,12
2021-03-11,Contra Costa,013,1133247,64506,63469,1107,64576,728
2021-03-11,Del Norte,015,27424,1074,1027,5,1032,6
2021-03-11,El Dorado,017,186661,9268,9211,598,9809,101
2021-03-11,Fresno,019,978130,98238,97026,8009,105035,1481
2021-03-11,Glenn,021,27897,2289,2255,505,2760,15
2021-03-11,Humboldt,023,135768,3337,3302,24,3326,32
2021-03-11,Imperial,025,180216,27388,27045,2616,29661,675
2021-03-11,Inyo,027,18085,1347,1335,9,1344,35
2021-03-11,Kern,029,883053,94503,93052,10105,103157,1121
2021-03-11,Kings,031,150075,22564,22183,1003,23186,230
2021-03-11,Lake,033,64148,3269,3214,6,3220,42
2021-03-11,Lassen,035,31185,5131,5124,100,5224,1
2021-03-11,Los Angeles,037,10098052,1179119,1170111,39866,1209977,22316
2021-03-11,Madera,039,155013,15902,15725,863,16588,214
2021-03-11,Marin,041,260295,13444,13356,181,13537,217
2021-03-11,Mariposa,043,17540,378,376,5,381,5
2021-03-11,Mendocino,045,87422,3694,3604,72,3676,42
2021-03-11,Merced,047,269075,29151,29001,912,29913,401
2021-03-11,Modoc,049,8938,350,340,119,459,3
2021-03-11,Mono,051,14174,1199,1206,16,1222,3
2021-03-11,Monterey,053,433212,42274,41936,1737,43673,329
2021-03-11,Napa,055,140530,9202,9173,34,9207,75
2021-03-11,Nevada,057,99092,4148,4085,164,4249,66
2021-03-11,Orange,059,3164182,249238,247217,10449,257666,4373
2021-03-11,Placer,061,380077,21038,20178,1175,21353,239
2021-03-11,Plumas,063,18699,653,640,10,650,4
2021-03-11,Riverside,065,2383286,287656,280881,13571,294452,3842
2021-03-11,Sacramento,067,1510023,96455,94912,1341,96253,1455
2021-03-11,San Benito,069,59416,5807,5816,92,5908,61
2021-03-11,San Bernardino,071,2135413,287673,283312,8632,291944,3869
2021-03-11,San Diego,073,3302833,267379,264524,13198,277722,3422
2021-03-11,San Francisco,075,870044,34688,34722,1139,35861,452
2021-03-11,San Joaquin,077,732212,68201,66522,2923,69445,1157
2021-03-11,San Luis Obispo,079,281455,20013,19748,592,20340,247
2021-03-11,San Mateo,081,765935,40123,39590,420,40010,341
2021-03-11,Santa Barbara,083,443738,32975,32408,1132,33540,430
2021-03-11,Santa Clara,085,1922200,112311,112246,622,112868,1765
2021-03-11,Santa Cruz,087,273765,15630,14812,794,15606,193
2021-03-11,Shasta,089,179085,11117,11139,1299,12438,158
2021-03-11,Sierra,091,2930,52,48,12,60,0
2021-03-11,Siskiyou,093,43540,1542,1466,250,1716,5
2021-03-11,Solano,095,438530,30308,30138,382,30520,171
2021-03-11,Sonoma,097,501317,28633,28677,230,28907,285
2021-03-11,Stanislaus,099,539301,51798,51038,5495,56533,707
2021-03-11,Sutter,101,95872,9006,8933,81,9014,101
2021-03-11,Tehama,103,63373,4672,4632,500,5132,33
2021-03-11,Trinity,105,12862,469,304,80,384,3
2021-03-11,Tulare,107,460477,48856,47709,8404,56113,797
2021-03-11,Tuolumne,109,53932,3867,3934,35,3969,57
2021-03-11,Ventura,111,848112,79026,78697,2830,81527,889
2021-03-11,Yolo,113,214977,13104,13041,228,13269,190
2021-03-11,Yuba,115,75493,5630,5553,90,5643,42
2021-03-10,Alameda,001,1643700,82295,81701,1762,83463,1160
2021-03-10,Alpine,003,1148,82,78,0,78,0
2021-03-10,Amador,005,37829,3511,3496,32,3528,42
2021-03-10,Butte,007,227075,11496,11096,1638,12734,185
2021-03-10,Calaveras,009,45235,1950,1913,12,1925,48
2021-03-10,Colusa,011,21464,1885,1882,273,2155,12
2021-03-10,Contra Costa,013,1133247,64407,63372,1103,64475,725
2021-03-10,Del Norte,015,27424,1072,1020,5,1025,5
2021-03-10,El Dorado,017,186661,9255,9203,598,9801,100
2021-03-10,Fresno,019,978130,98130,96866,7993,104859,1471
2021-03-10,Glenn,021,27897,2286,2253,503,2756,15
2021-03-10,Humboldt,023,135768,3327,3296,23,3319,32
2021-03-10,Imperial,025,180216,27373,27051,2616,29667,675
2021-03-10,Inyo,027,18085,1347,1328,9,1337,35
2021-03-10,Kern,029,883053,94437,92965,10084,103049,1102
2021-03-10,Kings,031,150075,22545,22166,1001,23167,226
2021-03-10,Lake,033,64148,3259,3207,6,3213,42
2021-03-10,Lassen,035,31185,5131,5120,100,5220,1
2021-03-10,Los Angeles,037,10098052,1178574,1169079,39839,1208918,22199
2021-03-10,Madera,039,155013,15881,15705,860,16565,212
2021-03-10,Marin,041,260295,13434,13348,180,13528,216
2021-03-10,Mariposa,043,17540,378,376,5,381,5
2021-03-10,Mendocino,045,87422,3689,3602,72,3674,42
2021-03-10,Merced,047,269075,29114,28927,909,29836,401
2021-03-10,Modoc,049,8938,349,338,119,457,3
2021-03-10,Mono,051,14174,1196,1204,16,1220,3
2021-03-10,Monterey,053,433212,42252,41920,1733,43653,329
2021-03-10,Napa,055,140530,9193,9165,34,9199,75
2021-03-10,Nevada,057,99092,4144,4074,164,4238,66
2021-03-10,Orange,059,3164182,249089,247075,10433,257508,4342
2021-03-10,Placer,061,380077,21003,20144,1169,21313,239
2021-03-10,Plumas,063,18699,652,639,10,649,4
2021-03-10,Riverside,065,2383286,287515,280708,13557,294265,3822
2021-03-10,Sacramento,067,1510023,96325,94796,1335,96131,1452
2021-03-10,San Benito,069,59416,5798,5811,92,5903,61
2021-03-10,San Bernardino,071,2135413,287581,283140,8626,291766,3841
2021-03-10,San Diego,073,3302833,267158,264094,13186,277280,3413
2021-03-10,San Francisco,075,870044,34653,34688,1131,35819,450
2021-03-10,San Joaquin,077,732212,68099,66483,2906,69389,1156
2021-03-10,San Luis Obispo,079,281455,19989,19710,588,20298,247
2021-03-10,San Mateo,081,765935,40099,39571,420,39991,338
2021-03-10,Santa Barbara,083,443738,32948,32356,1129,33485,429
2021-03-10,Santa Clara,085,1922200,112204,112103,618,112721,1759
2021-03-10,Santa Cruz,087,273765,15615,14790,793,15583,192
2021-03-10,Shasta,089,179085,11107,11125,1296,12421,155
2021-03-10,Sierra,091,2930,52,48,12,60,0
2021-03-10,Siskiyou,093,43540,1540,1458,250,1708,5
2021-03-10,Solano,095,438530,30278,30111,381,30492,170
2021-03-10,Sonoma,097,501317,28598,28638,229,28867,286
2021-03-10,Stanislaus,099,539301,51709,50968,5475,56443,706
2021-03-10,Sutter,101,95872,8995,8918,81,8999,101
2021-03-10,Tehama,103,63373,4662,4623,500,5123,33
2021-03-10,Trinity,105,12862,469,304,80,384,3
2021-03-10,Tulare,107,460477,48808,47659,8386,56045,793
2021-03-10,Tuolumne,109,53932,3866,3931,35,3966,57
2021-03-10,Ventura,111,848112,78949,78609,2828,81437,878
2021-03-10,Yolo,113,214977,13081,13021,227,13248,189
2021-03-10,Yuba,115,75493,5616,5545,89,5634,42
2021-03-09,Alameda,001,1643700,82208,81618,1762,83380,1151
2021-03-09,Alpine,003,1148,82,78,0,78,0
2021-03-09,Amador,005,37829,3509,3494,32,3526,42
2021-03-09,Butte,007,227075,11483,11092,1636,12728,185
2021-03-09,Calaveras,009,45235,1948,1913,12,1925,48
2021-03-09,Colusa,011,21464,1885,1880,273,2153,11
2021-03-09,Contra Costa,013,1133247,64314,63314,1101,64415,723
2021-03-09,Del Norte,015,27424,1064,1017,5,1022,5
2021-03-09,El Dorado,017,186661,9248,9198,598,9796,98
2021-03-09,Fresno,019,978130,98011,96744,7966,104710,1463
2021-03-09,Glenn,021,27897,2282,2251,501,2752,15
2021-03-09,Humboldt,023,135768,3315,3288,22,3310,32
2021-03-09,Imperial,025,180216,27364,27045,2612,29657,675
2021-03-09,Inyo,027,18085,1345,1324,9,1333,35
2021-03-09,Kern,029,883053,94358,92924,10066,102990,1088
2021-03-09,Kings,031,150075,22520,22143,999,23142,226
2021-03-09,Lake,033,64148,3253,3202,6,3208,42
2021-03-09,Lassen,035,31185,5131,5120,100,5220,1
2021-03-09,Los Angeles,037,10098052,1177978,1167967,39805,1207772,22080
2021-03-09,Madera,039,155013,15870,15701,858,16559,211
2021-03-09,Marin,041,260295,13416,13335,178,13513,214
2021-03-09,Mariposa,043,17540,378,376,5,381,5
2021-03-09,Mendocino,045,87422,3685,3595,72,3667,42
2021-03-09,Merced,047,269075,29052,28876,908,29784,399
2021-03-09,Modoc,049,8938,349,338,118,456,3
2021-03-09,Mono,051,14174,1195,1203,16,1219,3
2021-03-09,Monterey,053,433212,42233,41894,1725,43619,329
2021-03-09,Napa,055,140530,9179,9155,34,9189,75
2021-03-09,Nevada,057,99092,4136,4062,164,4226,66
2021-03-09,Orange,059,3164182,248946,246989,10413,257402,4310
2021-03-09,Placer,061,380077,20961,20122,1164,21286,239
2021-03-09,Plumas,063,18699,649,639,10,649,4
2021-03-09,Riverside,065,2383286,287380,280562,13553,294115,3821
2021-03-09,Sacramento,067,1510023,96157,94720,1329,96049,1442
2021-03-09,San Benito,069,59416,5794,5800,92,5892,61
2021-03-09,San Bernardino,071,2135413,287468,282971,8619,291590,3823
2021-03-09,San Diego,073,3302833,266926,263745,13165,276910,3405
2021-03-09,San Francisco,075,870044,34622,34654,1127,35781,450
2021-03-09,San Joaquin,077,732212,67971,66383,2896,69279,1150
2021-03-09,San Luis Obispo,079,281455,19971,19672,581,20253,245
2021-03-09,San Mateo,081,765935,40052,39535,418,39953,336
2021-03-09,Santa Barbara,083,443738,32907,32314,1127,33441,428
2021-03-09,Santa Clara,085,1922200,112093,111963,613,112576,1756
2021-03-09,Santa Cruz,087,273765,15593,14764,792,15556,188
2021-03-09,Shasta,089,179085,11100,11113,1291,12404,155
2021-03-09,Sierra,091,2930,52,48,12,60,0
2021-03-09,Siskiyou,093,43540,1536,1447,248,1695,5
2021-03-09,Solano,095,438530,30242,30090,379,30469,169
2021-03-09,Sonoma,097,501317,28548,28601,226,28827,284
2021-03-09,Stanislaus,099,539301,51612,50884,5466,56350,703
2021-03-09,Sutter,101,95872,8982,8914,81,8995,101
2021-03-09,Tehama,103,63373,4654,4620,499,5119,33
2021-03-09,Trinity,105,12862,469,304,80,384,3
2021-03-09,Tulare,107,460477,48781,47637,8365,56002,792
2021-03-09,Tuolumne,109,53932,3864,3929,35,3964,56
2021-03-09,Ventura,111,848112,78879,78526,2826,81352,863
2021-03-09,Yolo,113,214977,13070,13015,226,13241,189
2021-03-09,Yuba,115,75493,5609,5539,89,5628,42
2021-03-08,Alameda,001,1643700,82095,81543,1761,83304,1142
2021-03-08,Alpine,003,1148,82,78,0,78,0
2021-03-08,Amador,005,37829,3506,3490,32,3522,42
2021-03-08,Butte,007,227075,11468,11082,1635,12717,185
2021-03-08,Calaveras,009,45235,1944,1909,12,1921,48
2021-03-08,Colusa,011,21464,1885,1877,273,2150,11
2021-03-08,Contra Costa,013,1133247,64219,63240,1101,64341,719
2021-03-08,Del Norte,015,27424,1059,1012,5,1017,5
2021-03-08,El Dorado,017,186661,9245,9188,597,9785,97
2021-03-08,Fresno,019,978130,97912,96665,7945,104610,1442
2021-03-08,Glenn,021,27897,2281,2249,501,2750,15
2021-03-08,Humboldt,023,135768,3301,3278,22,3300,31
2021-03-08,Imperial,025,180216,27357,27033,2608,29641,663
2021-03-08,Inyo,027,18085,1343,1320,9,1329,35
2021-03-08,Kern,029,883053,94291,92857,10046,102903,1087
2021-03-08,Kings,031,150075,22499,22130,997,23127,226
2021-03-08,Lake,033,64148,3241,3195,6,3201,42
2021-03-08,Lassen,035,31185,5131,5119,100,5219,1
2021-03-08,Los Angeles,037,10098052,1177361,1163409,39773,1203182,21868
2021-03-08,Madera,039,155013,15860,15691,856,16547,211
2021-03-08,Marin,041,260295,13396,13328,176,13504,214
2021-03-08,Mariposa,043,17540,378,376,5,381,5
2021-03-08,Mendocino,045,87422,3683,3590,71,3661,42
2021-03-08,Merced,047,269075,28992,28841,907,29748,398
2021-03-08,Modoc,049,8938,349,338,118,456,3
2021-03-08,Mono,051,14174,1194,1200,16,1216,3
2021-03-08,Monterey,053,433212,42212,41863,1724,43587,328
2021-03-08,Napa,055,140530,9176,9146,34,9180,75
2021-03-08,Nevada,057,99092,4128,4059,164,4223,66
2021-03-08,Orange,059,3164182,248772,246900,10381,257281,4243
2021-03-08,Placer,061,380077,20926,20102,1153,21255,239
2021-03-08,Plumas,063,18699,648,635,10,645,4
2021-03-08,Riverside,065,2383286,287228,280463,13543,294006,3783
2021-03-08,Sacramento,067,1510023,95987,94654,1324,95978,1438
2021-03-08,San Benito,069,59416,5791,5797,92,5889,61
2021-03-08,San Bernardino,071,2135413,287359,282894,8612,291506,3811
2021-03-08,San Diego,073,3302833,266685,263272,13150,276422,3390
2021-03-08,San Francisco,075,870044,34595,34634,1123,35757,446
2021-03-08,San Joaquin,077,732212,67854,66307,2887,69194,1139
2021-03-08,San Luis Obispo,079,281455,19928,19656,578,20234,245
2021-03-08,San Mateo,081,765935,40003,39492,416,39908,335
2021-03-08,Santa Barbara,083,443738,32875,32293,1127,33420,427
2021-03-08,Santa Clara,085,1922200,111965,111882,611,112493,1756
2021-03-08,Santa Cruz,087,273765,15573,14729,792,15521,188
2021-03-08,Shasta,089,179085,11092,11088,1286,12374,155
2021-03-08,Sierra,091,2930,52,48,12,60,0
2021-03-08,Siskiyou,093,43540,1535,1440,248,1688,5
2021-03-08,Solano,095,438530,30202,30068,377,30445,169
2021-03-08,Sonoma,097,501317,28504,28571,225,28796,284
2021-03-08,Stanislaus,099,539301,51532,50825,5461,56286,690
2021-03-08,Sutter,101,95872,8979,8905,81,8986,100
2021-03-08,Tehama,103,63373,4651,4615,498,5113,33
2021-03-08,Trinity,105,12862,468,302,80,382,3
2021-03-08,Tulare,107,460477,48740,47587,8340,55927,791
2021-03-08,Tuolumne,109,53932,3863,3921,35,3956,56
2021-03-08,Ventura,111,848112,78808,78526,2818,81344,852
2021-03-08,Yolo,113,214977,13047,13000,225,13225,189
2021-03-08,Yuba,115,75493,5599,5530,89,5619,42
2021-03-07,Alameda,001,1643700,81977,81413,1760,83173,1145
2021-03-07,Alpine,003,1148,82,78,0,78,0
2021-03-07,Amador,005,37829,3503,3489,32,3521,42
2021-03-07,Butte,007,227075,11453,11075,1634,12709,185
2021-03-07,Calaveras,009,45235,1940,1906,12,1918,48
2021-03-07,Colusa,011,21464,1884,1876,273,2149,11
2021-03-07,Contra Costa,013,1133247,64120,63148,1099,64247,719
2021-03-07,Del Norte,015,27424,1054,1010,5,1015,5
2021-03-07,El Dorado,017,186661,9242,9184,596,9780,97
2021-03-07,Fresno,019,978130,97734,96549,7923,104472,1442
2021-03-07,Glenn,021,27897,2279,2244,501,2745,15
2021-03-07,Humboldt,023,135768,3291,3274,22,3296,31
2021-03-07,Imperial,025,180216,27348,27019,2606,29625,658
2021-03-07,Inyo,027,18085,1340,1320,9,1329,35
2021-03-07,Kern,029,883053,94204,92746,10016,102762,1086
2021-03-07,Kings,031,150075,22479,22103,996,23099,224
2021-03-07,Lake,033,64148,3235,3192,6,3198,42
2021-03-07,Lassen,035,31185,5130,5119,100,5219,1
2021-03-07,Los Angeles,037,10098052,1176637,1162749,39736,1202485,21857
2021-03-07,Madera,039,155013,15841,15675,856,16531,211
2021-03-07,Marin,041,260295,13388,13313,174,13487,214
2021-03-07,Mariposa,043,17540,377,376,5,381,5
2021-03-07,Mendocino,045,87422,3679,3581,71,3652,42
2021-03-07,Merced,047,269075,28919,28829,903,29732,399
2021-03-07,Modoc,049,8938,349,338,118,456,3
2021-03-07,Mono,051,14174,1192,1199,16,1215,3
2021-03-07,Monterey,053,433212,42191,41858,1721,43579,328
2021-03-07,Napa,055,140530,9166,9137,34,9171,75
2021-03-07,Nevada,057,99092,4114,4052,163,4215,66
2021-03-07,Orange,059,3164182,248580,246771,10353,257124,4218
2021-03-07,Placer,061,380077,20886,20070,1149,21219,239
2021-03-07,Plumas,063,18699,647,635,10,645,4
2021-03-07,Riverside,065,2383286,287079,280379,13534,293913,3779
2021-03-07,Sacramento,067,1510023,95810,94513,1316,95829,1437
2021-03-07,San Benito,069,59416,5784,5795,92,5887,61
2021-03-07,San Bernardino,071,2135413,287208,282860,8607,291467,3810
2021-03-07,San Diego,073,3302833,266403,262965,13126,276091,3390
2021-03-07,San Francisco,075,870044,34561,34594,1118,35712,445
2021-03-07,San Joaquin,077,732212,67719,66252,2873,69125,1139
2021-03-07,San Luis Obispo,079,281455,19891,19614,576,20190,245
2021-03-07,San Mateo,081,765935,39963,39436,413,39849,329
2021-03-07,Santa Barbara,083,443738,32828,32218,1126,33344,425
2021-03-07,Santa Clara,085,1922200,111819,111745,607,112352,1752
2021-03-07,Santa Cruz,087,273765,15551,14715,791,15506,189
2021-03-07,Shasta,089,179085,11079,11083,1278,12361,156
2021-03-07,Sierra,091,2930,51,48,12,60,0
2021-03-07,Siskiyou,093,43540,1532,1435,244,1679,5
2021-03-07,Solano,095,438530,30165,30027,377,30404,169
2021-03-07,Sonoma,097,501317,28455,28533,223,28756,284
2021-03-07,Stanislaus,099,539301,51400,50783,5444,56227,699
2021-03-07,Sutter,101,95872,8969,8900,81,8981,100
2021-03-07,Tehama,103,63373,4641,4614,495,5109,33
2021-03-07,Trinity,105,12862,468,302,80,382,3
2021-03-07,Tulare,107,460477,48681,47569,8309,55878,790
2021-03-07,Tuolumne,109,53932,3862,3922,34,3956,56
2021-03-07,Ventura,111,848112,78710,78487,2814,81301,851
2021-03-07,Yolo,113,214977,13028,12988,225,13213,189
2021-03-07,Yuba,115,75493,5594,5516,89,5605,42
2021-03-06,Alameda,001,1643700,81922,81310,1759,83069,1143
2021-03-06,Alpine,003,1148,82,78,0,78,0
2021-03-06,Amador,005,37829,3499,3487,32,3519,42
2021-03-06,Butte,007,227075,11450,11065,1633,12698,185
2021-03-06,Calaveras,009,45235,1937,1904,12,1916,48
2021-03-06,Colusa,011,21464,1882,1874,273,2147,11
2021-03-06,Contra Costa,013,1133247,64059,63040,1095,64135,719
2021-03-06,Del Norte,015,27424,1049,1000,5,1005,5
2021-03-06,El Dorado,017,186661,9238,9166,596,9762,97
2021-03-06,Fresno,019,978130,97639,96366,7912,104278,1440
2021-03-06,Glenn,021,27897,2279,2241,501,2742,15
2021-03-06,Humboldt,023,135768,3281,3260,22,3282,31
2021-03-06,Imperial,025,180216,27344,27009,2601,29610,658
2021-03-06,Inyo,027,18085,1337,1312,9,1321,35
2021-03-06,Kern,029,883053,94158,92684,9996,102680,1082
2021-03-06,Kings,031,150075,22462,22094,996,23090,224
2021-03-06,Lake,033,64148,3233,3189,6,3195,42
2021-03-06,Lassen,035,31185,5130,5119,100,5219,1
2021-03-06,Los Angeles,037,10098052,1176201,1161745,39706,1201451,21843
2021-03-06,Madera,039,155013,15832,15646,854,16500,211
2021-03-06,Marin,041,260295,13379,13289,174,13463,213
2021-03-06,Mariposa,043,17540,377,376,5,381,5
2021-03-06,Mendocino,045,87422,3677,3579,71,3650,42
2021-03-06,Merced,047,269075,28877,28771,903,29674,399
2021-03-06,Modoc,049,8938,348,338,118,456,3
2021-03-06,Mono,051,14174,1191,1198,16,1214,3
2021-03-06,Monterey,053,433212,42186,41838,1718,43556,327
2021-03-06,Napa,055,140530,9158,9129,34,9163,75
2021-03-06,Nevada,057,99092,4108,4044,163,4207,66
2021-03-06,Orange,059,3164182,248489,246634,10339,256973,4165
2021-03-06,Placer,061,380077,20863,20030,1147,21177,239
2021-03-06,Plumas,063,18699,647,634,10,644,4
2021-03-06,Riverside,065,2383286,286986,280225,13526,293751,3781
2021-03-06,Sacramento,067,1510023,95722,94332,1307,95639,1436
2021-03-06,San Benito,069,59416,5779,5793,92,5885,61
2021-03-06,San Bernardino,071,2135413,287124,282737,8605,291342,3791
2021-03-06,San Diego,073,3302833,266216,262778,13109,275887,3385
2021-03-06,San Francisco,075,870044,34530,34560,1114,35674,435
2021-03-06,San Joaquin,077,732212,67645,66162,2863,69025,1138
2021-03-06,San Luis Obispo,079,281455,19871,19592,574,20166,245
2021-03-06,San Mateo,081,765935,39938,39384,413,39797,329
2021-03-06,Santa Barbara,083,443738,32797,32176,1125,33301,424
2021-03-06,Santa Clara,085,1922200,111723,111570,605,112175,1749
2021-03-06,Santa Cruz,087,273765,15540,14701,791,15492,188
2021-03-06,Shasta,089,179085,11070,11076,1276,12352,158
2021-03-06,Sierra,091,2930,51,48,12,60,0
2021-03-06,Siskiyou,093,43540,1530,1432,244,1676,5
2021-03-06,Solano,095,438530,30136,30000,376,30376,169
2021-03-06,Sonoma,097,501317,28432,28484,221,28705,284
2021-03-06,Stanislaus,099,539301,51330,50691,5438,56129,711
2021-03-06,Sutter,101,95872,8963,8887,81,8968,100
2021-03-06,Tehama,103,63373,4641,4610,493,5103,33
2021-03-06,Trinity,105,12862,468,302,80,382,3
2021-03-06,Tulare,107,460477,48649,47515,8280,55795,789
2021-03-06,Tuolumne,109,53932,3860,3920,34,3954,56
2021-03-06,Ventura,111,848112,78655,78439,2813,81252,848
2021-03-06,Yolo,113,214977,13022,12951,225,13176,189
2021-03-06,Yuba,115,75493,5585,5504,89,5593,42
2021-03-05,Alameda,001,1643700,81832,81215,1757,82972,1141
2021-03-05,Alpine,003,1148,82,78,0,78,0
2021-03-05,Amador,005,37829,3498,3484,32,3516,42
2021-03-05,Butte,007,227075,11439,11050,1632,12682,185
2021-03-05,Calaveras,009,45235,1933,1902,12,1914,48
2021-03-05,Colusa,011,21464,1882,1874,273,2147,11
2021-03-05,Contra Costa,013,1133247,63979,62886,1092,63978,711
2021-03-05,Del Norte,015,27424,1045,995,5,1000,5
2021-03-05,El Dorado,017,186661,9233,9150,595,9745,97
2021-03-05,Fresno,019,978130,97531,96184,7893,104077,1432
2021-03-05,Glenn,021,27897,2276,2241,501,2742,15
2021-03-05,Humboldt,023,135768,3274,3234,22,3256,31
2021-03-05,Imperial,025,180216,27334,26970,2592,29562,651
2021-03-05,Inyo,027,18085,1333,1309,9,1318,35
2021-03-05,Kern,029,883053,94118,92601,9983,102584,1076
2021-03-05,Kings,031,150075,22444,22063,995,23058,224
2021-03-05,Lake,033,64148,3231,3185,6,3191,42
2021-03-05,Lassen,035,31185,5130,5117,98,5215,1
2021-03-05,Los Angeles,037,10098052,1175713,1160688,39675,1200363,21745
2021-03-05,Madera,039,155013,15822,15624,852,16476,211
2021-03-05,Marin,041,260295,13366,13275,173,13448,215
2021-03-05,Mariposa,043,17540,377,375,5,380,4
2021-03-05,Mendocino,045,87422,3674,3577,71,3648,42
2021-03-05,Merced,047,269075,28843,28734,902,29636,399
2021-03-05,Modoc,049,8938,348,337,118,455,3
2021-03-05,Mono,051,14174,1190,1197,16,1213,3
2021-03-05,Monterey,053,433212,42173,41802,1718,43520,325
2021-03-05,Napa,055,140530,9150,9109,34,9143,75
2021-03-05,Nevada,057,99092,4104,4033,163,4196,66
2021-03-05,Orange,059,3164182,248376,246489,10326,256815,4108
2021-03-05,Placer,061,380077,20837,19973,1143,21116,239
2021-03-05,Plumas,063,18699,647,635,10,645,4
2021-03-05,Riverside,065,2383286,286874,280075,13521,293596,3781
2021-03-05,Sacramento,067,1510023,95626,94182,1300,95482,1430
2021-03-05,San Benito,069,59416,5776,5790,92,5882,61
2021-03-05,San Bernardino,071,2135413,287030,282640,8601,291241,3774
2021-03-05,San Diego,073,3302833,265983,262357,13092,275449,3371
2021-03-05,San Francisco,075,870044,34490,34526,1110,35636,430
2021-03-05,San Joaquin,077,732212,67565,66041,2854,68895,1133
2021-03-05,San Luis Obispo,079,281455,19850,19557,572,20129,244
2021-03-05,San Mateo,081,765935,39906,39305,413,39718,326
2021-03-05,Santa Barbara,083,443738,32761,32139,1120,33259,424
2021-03-05,Santa Clara,085,1922200,111627,111384,605,111989,1745
2021-03-05,Santa Cruz,087,273765,15529,14694,791,15485,188
2021-03-05,Shasta,089,179085,11058,11062,1270,12332,148
2021-03-05,Sierra,091,2930,51,48,12,60,0
2021-03-05,Siskiyou,093,43540,1526,1429,243,1672,5
2021-03-05,Solano,095,438530,30119,29951,374,30325,168
2021-03-05,Sonoma,097,501317,28406,28417,221,28638,279
2021-03-05,Stanislaus,099,539301,51279,50606,5428,56034,721
2021-03-05,Sutter,101,95872,8956,8876,81,8957,100
2021-03-05,Tehama,103,63373,4632,4606,493,5099,33
2021-03-05,Trinity,105,12862,468,302,80,382,3
2021-03-05,Tulare,107,460477,48620,47469,8261,55730,789
2021-03-05,Tuolumne,109,53932,3858,3917,34,3951,56
2021-03-05,Ventura,111,848112,78588,78368,2812,81180,839
2021-03-05,Yolo,113,214977,13010,12920,224,13144,188
2021-03-05,Yuba,115,75493,5573,5496,89,5585,42
2021-03-04,Alameda,001,1643700,81723,81115,1757,82872,1136
2021-03-04,Alpine,003,1148,82,78,0,78,0
2021-03-04,Amador,005,37829,3497,3480,32,3512,42
2021-03-04,Butte,007,227075,11432,11033,1631,12664,185
2021-03-04,Calaveras,009,45235,1932,1896,12,1908,48
2021-03-04,Colusa,011,21464,1880,1873,268,2141,11
2021-03-04,Contra Costa,013,1133247,63879,62789,1090,63879,708
2021-03-04,Del Norte,015,27424,1037,989,5,994,5
2021-03-04,El Dorado,017,186661,9218,9133,595,9728,97
2021-03-04,Fresno,019,978130,97367,96023,7872,103895,1422
2021-03-04,Glenn,021,27897,2269,2236,500,2736,15
2021-03-04,Humboldt,023,135768,3260,3212,22,3234,31
2021-03-04,Imperial,025,180216,27322,26946,2589,29535,646
2021-03-04,Inyo,027,18085,1330,1300,9,1309,35
2021-03-04,Kern,029,883053,94029,92525,9964,102489,1070
2021-03-04,Kings,031,150075,22418,22025,992,23017,224
2021-03-04,Lake,033,64148,3223,3181,6,3187,42
2021-03-04,Lassen,035,31185,5130,5116,98,5214,1
2021-03-04,Los Angeles,037,10098052,1175104,1159405,39626,1199031,21610
2021-03-04,Madera,039,155013,15787,15596,849,16445,208
2021-03-04,Marin,041,260295,13349,13240,170,13410,215
2021-03-04,Mariposa,043,17540,377,376,5,381,4
2021-03-04,Mendocino,045,87422,3671,3569,71,3640,42
2021-03-04,Merced,047,269075,28793,28671,899,29570,396
2021-03-04,Modoc,049,8938,347,336,118,454,3
2021-03-04,Mono,051,14174,1190,1197,16,1213,3
2021-03-04,Monterey,053,433212,42153,41771,1715,43486,325
2021-03-04,Napa,055,140530,9142,9094,34,9128,74
2021-03-04,Nevada,057,99092,4094,4020,163,4183,66
2021-03-04,Orange,059,3164182,248219,246354,10309,256663,4096
2021-03-04,Placer,061,380077,20805,19900,1137,21037,239
2021-03-04,Plumas,063,18699,647,634,10,644,4
2021-03-04,Riverside,065,2383286,286744,279871,13508,293379,3766
2021-03-04,Sacramento,067,1510023,95491,93982,1297,95279,1426
2021-03-04,San Benito,069,59416,5776,5781,92,5873,61
2021-03-04,San Bernardino,071,2135413,286900,282407,8597,291004,3757
2021-03-04,San Diego,073,3302833,265724,261858,13048,274906,3359
2021-03-04,San Francisco,075,870044,34456,34480,1107,35587,426
2021-03-04,San Joaquin,077,732212,67472,65931,2844,68775,1129
2021-03-04,San Luis Obispo,079,281455,19812,19520,570,20090,243
2021-03-04,San Mateo,081,765935,39862,39225,412,39637,322
2021-03-04,Santa Barbara,083,443738,32724,32090,1119,33209,423
2021-03-04,Santa Clara,085,1922200,111493,111194,603,111797,1723
2021-03-04,Santa Cruz,087,273765,15510,14669,791,15460,186
2021-03-04,Shasta,089,179085,11055,11050,1261,12311,150
2021-03-04,Sierra,091,2930,51,48,12,60,0
2021-03-04,Siskiyou,093,43540,1520,1427,243,1670,5
2021-03-04,Solano,095,438530,30092,29905,373,30278,168
2021-03-04,Sonoma,097,501317,28351,28379,220,28599,279
2021-03-04,Stanislaus,099,539301,51189,50521,5420,55941,731
2021-03-04,Sutter,101,95872,8944,8849,81,8930,100
2021-03-04,Tehama,103,63373,4626,4604,493,5097,33
2021-03-04,Trinity,105,12862,468,302,80,382,3
2021-03-04,Tulare,107,460477,48575,47398,8236,55634,784
2021-03-04,Tuolumne,109,53932,3852,3916,34,3950,56
2021-03-04,Ventura,111,848112,78501,78184,2810,80994,831
2021-03-04,Yolo,113,214977,12990,12895,224,13119,189
2021-03-04,Yuba,115,75493,5561,5483,89,5572,41
2021-03-03,Alameda,001,1643700,81602,80972,1756,82728,1127
2021-03-03,Alpine,003,1148,82,77,0,77,0
2021-03-03,Amador,005,37829,3495,3478,31,3509,42
2021-03-03,Butte,007,227075,11425,11014,1630,12644,184
2021-03-03,Calaveras,009,45235,1931,1893,12,1905,48
2021-03-03,Colusa,011,21464,1879,1873,268,2141,11
2021-03-03,Contra Costa,013,1133247,63781,62668,1087,63755,708
2021-03-03,Del Norte,015,27424,1034,988,5,993,5
2021-03-03,El Dorado,017,186661,9208,9121,595,9716,97
2021-03-03,Fresno,019,978130,97223,95893,7854,103747,1415
2021-03-03,Glenn,021,27897,2269,2233,500,2733,15
2021-03-03,Humboldt,023,135768,3249,3196,22,3218,30
2021-03-03,Imperial,025,180216,27305,26939,2584,29523,640
2021-03-03,Inyo,027,18085,1322,1294,9,1303,35
2021-03-03,Kern,029,883053,93953,92434,9947,102381,1063
2021-03-03,Kings,031,150075,22402,22009,991,23000,223
2021-03-03,Lake,033,64148,3216,3175,6,3181,40
2021-03-03,Lassen,035,31185,5130,5115,98,5213,1
2021-03-03,Los Angeles,037,10098052,1174464,1157911,39585,1197496,21500
2021-03-03,Madera,039,155013,15768,15553,843,16396,203
2021-03-03,Marin,041,260295,13336,13216,170,13386,214
2021-03-03,Mariposa,043,17540,376,376,5,381,4
2021-03-03,Mendocino,045,87422,3663,3564,71,3635,42
2021-03-03,Merced,047,269075,28741,28625,899,29524,393
2021-03-03,Modoc,049,8938,347,333,117,450,3
2021-03-03,Mono,051,14174,1190,1191,16,1207,3
2021-03-03,Monterey,053,433212,42120,41731,1712,43443,325
2021-03-03,Napa,055,140530,9134,9090,34,9124,72
2021-03-03,Nevada,057,99092,4084,4009,163,4172,66
2021-03-03,Orange,059,3164182,248074,246120,10294,256414,4072
2021-03-03,Placer,061,380077,20779,19851,1134,20985,239
2021-03-03,Plumas,063,18699,646,631,10,641,4
2021-03-03,Riverside,065,2383286,286611,279626,13502,293128,3735
2021-03-03,Sacramento,067,1510023,95330,93819,1289,95108,1419
2021-03-03,San Benito,069,59416,5775,5774,92,5866,61
2021-03-03,San Bernardino,071,2135413,286759,282138,8590,290728,3664
2021-03-03,San Diego,073,3302833,265461,261350,13017,274367,3342
2021-03-03,San Francisco,075,870044,34424,34443,1104,35547,426
2021-03-03,San Joaquin,077,732212,67360,65855,2837,68692,1115
2021-03-03,San Luis Obispo,079,281455,19786,19479,567,20046,241
2021-03-03,San Mateo,081,765935,39816,39189,411,39600,319
2021-03-03,Santa Barbara,083,443738,32687,32027,1119,33146,421
2021-03-03,Santa Clara,085,1922200,111338,110991,601,111592,1720
2021-03-03,Santa Cruz,087,273765,15499,14645,791,15436,185
2021-03-03,Shasta,089,179085,11045,11023,1254,12277,150
2021-03-03,Sierra,091,2930,51,48,12,60,0
2021-03-03,Siskiyou,093,43540,1518,1424,243,1667,5
2021-03-03,Solano,095,438530,30056,29866,372,30238,167
2021-03-03,Sonoma,097,501317,28312,28307,219,28526,279
2021-03-03,Stanislaus,099,539301,51111,50438,5413,55851,730
2021-03-03,Sutter,101,95872,8935,8840,81,8921,99
2021-03-03,Tehama,103,63373,4623,4601,493,5094,32
2021-03-03,Trinity,105,12862,468,302,80,382,3
2021-03-03,Tulare,107,460477,48524,47348,8205,55553,778
2021-03-03,Tuolumne,109,53932,3850,3914,33,3947,56
2021-03-03,Ventura,111,848112,78418,78057,2804,80861,822
2021-03-03,Yolo,113,214977,12977,12890,224,13114,189
2021-03-03,Yuba,115,75493,5548,5479,89,5568,41
2021-03-02,Alameda,001,1643700,81483,80904,1754,82658,1116
2021-03-02,Alpine,003,1148,82,77,0,77,0
2021-03-02,Amador,005,37829,3493,3474,31,3505,42
2021-03-02,Butte,007,227075,11415,11007,1628,12635,182
2021-03-02,Calaveras,009,45235,1923,1890,12,1902,48
2021-03-02,Colusa,011,21464,1879,1872,267,2139,11
2021-03-02,Contra Costa,013,1133247,63670,62557,1083,63640,694
2021-03-02,Del Norte,015,27424,1027,983,5,988,5
2021-03-02,El Dorado,017,186661,9200,9116,595,9711,98
2021-03-02,Fresno,019,978130,97076,95785,7828,103613,1410
2021-03-02,Glenn,021,27897,2263,2232,499,2731,15
2021-03-02,Humboldt,023,135768,3230,3184,22,3206,30
2021-03-02,Imperial,025,180216,27295,26926,2582,29508,637
2021-03-02,Inyo,027,18085,1318,1292,9,1301,35
2021-03-02,Kern,029,883053,93847,92313,9920,102233,1046
2021-03-02,Kings,031,150075,22350,21999,989,22988,217
2021-03-02,Lake,033,64148,3210,3169,6,3175,40
2021-03-02,Lassen,035,31185,5125,5115,97,5212,1
2021-03-02,Los Angeles,037,10098052,1173827,1156826,39539,1196365,21395
2021-03-02,Madera,039,155013,15748,15523,840,16363,194
2021-03-02,Marin,041,260295,13313,13186,169,13355,214
2021-03-02,Mariposa,043,17540,376,376,5,381,4
2021-03-02,Mendocino,045,87422,3660,3562,70,3632,41
2021-03-02,Merced,047,269075,28684,28598,899,29497,389
2021-03-02,Modoc,049,8938,347,332,117,449,3
2021-03-02,Mono,051,14174,1189,1191,16,1207,3
2021-03-02,Monterey,053,433212,42093,41716,1710,43426,325
2021-03-02,Napa,055,140530,9122,9080,34,9114,71
2021-03-02,Nevada,057,99092,4075,3983,162,4145,66
2021-03-02,Orange,059,3164182,247928,246004,10277,256281,4037
2021-03-02,Placer,061,380077,20725,19828,1131,20959,239
2021-03-02,Plumas,063,18699,643,628,10,638,4
2021-03-02,Riverside,065,2383286,286438,279486,13494,292980,3721
2021-03-02,Sacramento,067,1510023,95163,93690,1287,94977,1411
2021-03-02,San Benito,069,59416,5768,5770,92,5862,60
2021-03-02,San Bernardino,071,2135413,286626,281919,8584,290503,3604
2021-03-02,San Diego,073,3302833,265217,260998,12995,273993,3317
2021-03-02,San Francisco,075,870044,34384,34387,1100,35487,424
2021-03-02,San Joaquin,077,732212,67252,65769,2819,68588,1111
2021-03-02,San Luis Obispo,079,281455,19753,19452,567,20019,241
2021-03-02,San Mateo,081,765935,39764,39148,410,39558,317
2021-03-02,Santa Barbara,083,443738,32638,31964,1115,33079,416
2021-03-02,Santa Clara,085,1922200,111159,110832,600,111432,1706
2021-03-02,Santa Cruz,087,273765,15485,14611,789,15400,185
2021-03-02,Shasta,089,179085,11031,11012,1243,12255,149
2021-03-02,Sierra,091,2930,51,48,12,60,0
2021-03-02,Siskiyou,093,43540,1514,1412,241,1653,5
2021-03-02,Solano,095,438530,30023,29827,370,30197,167
2021-03-02,Sonoma,097,501317,28257,28261,219,28480,279
2021-03-02,Stanislaus,099,539301,51024,50359,5400,55759,724
2021-03-02,Sutter,101,95872,8926,8832,81,8913,99
2021-03-02,Tehama,103,63373,4621,4597,493,5090,32
2021-03-02,Trinity,105,12862,468,301,80,381,3
2021-03-02,Tulare,107,460477,48461,47326,8185,55511,783
2021-03-02,Tuolumne,109,53932,3846,3908,33,3941,53
2021-03-02,Ventura,111,848112,78326,77952,2800,80752,780
2021-03-02,Yolo,113,214977,12960,12867,224,13091,189
2021-03-02,Yuba,115,75493,5540,5475,89,5564,41
2021-03-01,Alameda,001,1643700,81357,80805,1752,82557,1105
2021-03-01,Alpine,003,1148,80,77,0,77,0
2021-03-01,Amador,005,37829,3490,3469,31,3500,42
2021-03-01,Butte,007,227075,11399,10981,1623,12604,180
2021-03-01,Calaveras,009,45235,1919,1885,12,1897,46
2021-03-01,Colusa,011,21464,1878,1871,267,2138,11
2021-03-01,Contra Costa,013,1133247,63560,62458,1082,63540,694
2021-03-01,Del Norte,015,27424,1022,982,5,987,5
2021-03-01,El Dorado,017,186661,9176,9085,595,9680,98
2021-03-01,Fresno,019,978130,96938,95677,7806,103483,1405
2021-03-01,Glenn,021,27897,2258,2232,498,2730,15
2021-03-01,Humboldt,023,135768,3211,3179,22,3201,30
2021-03-01,Imperial,025,180216,27285,26913,2574,29487,636
2021-03-01,Inyo,027,18085,1315,1285,9,1294,35
2021-03-01,Kern,029,883053,93758,92219,9894,102113,1041
2021-03-01,Kings,031,150075,22333,21988,983,22971,217
2021-03-01,Lake,033,64148,3205,3164,6,3170,40
2021-03-01,Lassen,035,31185,5123,5111,97,5208,1
2021-03-01,Los Angeles,037,10098052,1173169,1155984,39497,1195481,21293
2021-03-01,Madera,039,155013,15719,15505,829,16334,194
2021-03-01,Marin,041,260295,13286,13161,168,13329,214
2021-03-01,Mariposa,043,17540,376,375,5,380,4
2021-03-01,Mendocino,045,87422,3653,3561,70,3631,41
2021-03-01,Merced,047,269075,28639,28575,895,29470,385
2021-03-01,Modoc,049,8938,344,331,116,447,3
2021-03-01,Mono,051,14174,1188,1192,16,1208,3
2021-03-01,Monterey,053,433212,42068,41697,1708,43405,324
2021-03-01,Napa,055,140530,9113,9056,34,9090,70
2021-03-01,Nevada,057,99092,4056,3979,162,4141,66
2021-03-01,Orange,059,3164182,247734,245852,10262,256114,3976
2021-03-01,Placer,061,380077,20687,19803,1128,20931,239
2021-03-01,Plumas,063,18699,643,628,10,638,4
2021-03-01,Riverside,065,2383286,286220,279323,13487,292810,3680
2021-03-01,Sacramento,067,1510023,95018,93546,1285,94831,1401
2021-03-01,San Benito,069,59416,5763,5772,92,5864,57
2021-03-01,San Bernardino,071,2135413,286483,281685,8580,290265,3603
2021-03-01,San Diego,073,3302833,264899,260622,12962,273584,3303
2021-03-01,San Francisco,075,870044,34340,34318,1092,35410,424
2021-03-01,San Joaquin,077,732212,67143,65699,2808,68507,1097
2021-03-01,San Luis Obispo,079,281455,19731,19429,565,19994,239
2021-03-01,San Mateo,081,765935,39712,39096,409,39505,314
2021-03-01,Santa Barbara,083,443738,32596,31909,1114,33023,413
2021-03-01,Santa Clara,085,1922200,111001,110684,597,111281,1704
2021-03-01,Santa Cruz,087,273765,15466,14575,788,15363,185
2021-03-01,Shasta,089,179085,11019,10990,1240,12230,149
2021-03-01,Sierra,091,2930,51,48,12,60,0
2021-03-01,Siskiyou,093,43540,1510,1408,239,1647,5
2021-03-01,Solano,095,438530,29980,29779,369,30148,166
2021-03-01,Sonoma,097,501317,28209,28222,217,28439,278
2021-03-01,Stanislaus,099,539301,50948,50293,5394,55687,722
2021-03-01,Sutter,101,95872,8914,8825,81,8906,99
2021-03-01,Tehama,103,63373,4617,4595,493,5088,32
2021-03-01,Trinity,105,12862,468,298,79,377,3
2021-03-01,Tulare,107,460477,48423,47275,8152,55427,781
2021-03-01,Tuolumne,109,53932,3843,3907,33,3940,53
2021-03-01,Ventura,111,848112,78244,77849,2798,80647,775
2021-03-01,Yolo,113,214977,12943,12854,222,13076,188
2021-03-01,Yuba,115,75493,5528,5466,89,5555,41
2021-02-28,Alameda,001,1643700,81236,80727,1750,82477,1105
2021-02-28,Alpine,003,1148,80,77,0,77,0
2021-02-28,Amador,005,37829,3485,3466,30,3496,42
2021-02-28,Butte,007,227075,11384,10970,1623,12593,180
2021-02-28,Calaveras,009,45235,1914,1881,12,1893,46
2021-02-28,Colusa,011,21464,1878,1871,266,2137,11
2021-02-28,Contra Costa,013,1133247,63433,62386,1077,63463,694
2021-02-28,Del Norte,015,27424,1020,981,5,986,5
2021-02-28,El Dorado,017,186661,9165,9082,595,9677,98
2021-02-28,Fresno,019,978130,96756,95548,7772,103320,1405
2021-02-28,Glenn,021,27897,2256,2230,496,2726,15
2021-02-28,Humboldt,023,135768,3188,3179,22,3201,30
2021-02-28,Imperial,025,180216,27258,26909,2567,29476,636
2021-02-28,Inyo,027,18085,1310,1282,9,1291,35
2021-02-28,Kern,029,883053,93643,92169,9873,102042,1012
2021-02-28,Kings,031,150075,22312,21967,982,22949,217
2021-02-28,Lake,033,64148,3200,3164,6,3170,40
2021-02-28,Lassen,035,31185,5122,5106,97,5203,1
2021-02-28,Los Angeles,037,10098052,1172383,1155141,39436,1194577,21261
2021-02-28,Madera,039,155013,15677,15496,826,16322,199
2021-02-28,Marin,041,260295,13263,13152,166,13318,214
2021-02-28,Mariposa,043,17540,376,374,5,379,4
2021-02-28,Mendocino,045,87422,3647,3558,70,3628,41
2021-02-28,Merced,047,269075,28575,28546,894,29440,384
2021-02-28,Modoc,049,8938,344,331,116,447,3
2021-02-28,Mono,051,14174,1185,1192,16,1208,3
2021-02-28,Monterey,053,433212,42036,41683,1707,43390,323
2021-02-28,Napa,055,140530,9094,9053,34,9087,70
2021-02-28,Nevada,057,99092,4043,3972,162,4134,66
2021-02-28,Orange,059,3164182,247535,245706,10255,255961,3970
2021-02-28,Placer,061,380077,20640,19775,1126,20901,239
2021-02-28,Plumas,063,18699,643,628,10,638,4
2021-02-28,Riverside,065,2383286,285987,279214,13476,292690,3661
2021-02-28,Sacramento,067,1510023,94834,93463,1280,94743,1398
2021-02-28,San Benito,069,59416,5752,5772,92,5864,57
2021-02-28,San Bernardino,071,2135413,286343,281620,8568,290188,3595
2021-02-28,San Diego,073,3302833,264603,260353,12928,273281,3303
2021-02-28,San Francisco,075,870044,34298,34291,1086,35377,417
2021-02-28,San Joaquin,077,732212,67035,65662,2799,68461,1097
2021-02-28,San Luis Obispo,079,281455,19695,19422,563,19985,237
2021-02-28,San Mateo,081,765935,39659,39059,408,39467,314
2021-02-28,Santa Barbara,083,443738,32543,31877,1114,32991,413
2021-02-28,Santa Clara,085,1922200,110802,110556,594,111150,1704
2021-02-28,Santa Cruz,087,273765,15437,14571,785,15356,185
2021-02-28,Shasta,089,179085,10998,10990,1236,12226,149
2021-02-28,Sierra,091,2930,51,48,12,60,0
2021-02-28,Siskiyou,093,43540,1502,1408,238,1646,5
2021-02-28,Solano,095,438530,29924,29758,363,30121,166
2021-02-28,Sonoma,097,501317,28146,28193,216,28409,279
2021-02-28,Stanislaus,099,539301,50858,50228,5381,55609,728
2021-02-28,Sutter,101,95872,8899,8825,81,8906,99
2021-02-28,Tehama,103,63373,4610,4590,493,5083,32
2021-02-28,Trinity,105,12862,468,298,79,377,3
2021-02-28,Tulare,107,460477,48361,47258,8121,55379,780
2021-02-28,Tuolumne,109,53932,3838,3905,33,3938,53
2021-02-28,Ventura,111,848112,78133,77749,2795,80544,775
2021-02-28,Yolo,113,214977,12921,12851,222,13073,188
2021-02-28,Yuba,115,75493,5518,5461,89,5550,41
2021-02-27,Alameda,001,1643700,81164,80565,1748,82313,1108
2021-02-27,Alpine,003,1148,80,77,0,77,0
2021-02-27,Amador,005,37829,3483,3463,30,3493,42
2021-02-27,Butte,007,227075,11372,10962,1623,12585,180
2021-02-27,Calaveras,009,45235,1909,1875,12,1887,46
2021-02-27,Colusa,011,21464,1877,1869,266,2135,11
2021-02-27,Contra Costa,013,1133247,63362,62248,1074,63322,693
2021-02-27,Del Norte,015,27424,1018,978,5,983,5
2021-02-27,El Dorado,017,186661,9161,9072,595,9667,98
2021-02-27,Fresno,019,978130,96679,95393,7761,103154,1400
2021-02-27,Glenn,021,27897,2255,2225,495,2720,15
2021-02-27,Humboldt,023,135768,3182,3167,22,3189,30
2021-02-27,Imperial,025,180216,27250,26903,2566,29469,633
2021-02-27,Inyo,027,18085,1307,1275,9,1284,35
2021-02-27,Kern,029,883053,93582,92053,9858,101911,996
2021-02-27,Kings,031,150075,22302,21955,979,22934,216
2021-02-27,Lake,033,64148,3197,3156,6,3162,40
2021-02-27,Lassen,035,31185,5122,5106,97,5203,1
2021-02-27,Los Angeles,037,10098052,1171889,1154275,39409,1193684,21158
2021-02-27,Madera,039,155013,15660,15467,825,16292,199
2021-02-27,Marin,041,260295,13239,13134,166,13300,214
2021-02-27,Mariposa,043,17540,376,374,5,379,4
2021-02-27,Mendocino,045,87422,3644,3555,70,3625,41
2021-02-27,Merced,047,269075,28533,28501,886,29387,384
2021-02-27,Modoc,049,8938,344,331,115,446,3
2021-02-27,Mono,051,14174,1183,1191,16,1207,3
2021-02-27,Monterey,053,433212,42027,41665,1707,43372,322
2021-02-27,Napa,055,140530,9083,9038,34,9072,71
2021-02-27,Nevada,057,99092,4037,3960,162,4122,66
2021-02-27,Orange,059,3164182,247408,245542,10244,255786,3960
2021-02-27,Placer,061,380077,20604,19726,1123,20849,239
2021-02-27,Plumas,063,18699,643,628,10,638,4
2021-02-27,Riverside,065,2383286,285876,279048,13466,292514,3663
2021-02-27,Sacramento,067,1510023,94751,93281,1270,94551,1396
2021-02-27,San Benito,069,59416,5751,5767,91,5858,57
2021-02-27,San Bernardino,071,2135413,286264,281471,8561,290032,3527
2021-02-27,San Diego,073,3302833,264413,260091,12890,272981,3284
2021-02-27,San Francisco,075,870044,34264,34260,1083,35343,413
2021-02-27,San Joaquin,077,732212,66989,65578,2797,68375,1100
2021-02-27,San Luis Obispo,079,281455,19674,19411,562,19973,237
2021-02-27,San Mateo,081,765935,39618,38998,407,39405,313
2021-02-27,Santa Barbara,083,443738,32509,31805,1113,32918,411
2021-02-27,Santa Clara,085,1922200,110654,110361,592,110953,1703
2021-02-27,Santa Cruz,087,273765,15428,14552,784,15336,185
2021-02-27,Shasta,089,179085,10992,10985,1232,12217,149
2021-02-27,Sierra,091,2930,51,48,12,60,0
2021-02-27,Siskiyou,093,43540,1500,1407,237,1644,5
2021-02-27,Solano,095,438530,29896,29718,362,30080,165
2021-02-27,Sonoma,097,501317,28102,28141,210,28351,281
2021-02-27,Stanislaus,099,539301,50803,50147,5371,55518,733
2021-02-27,Sutter,101,95872,8894,8820,81,8901,99
2021-02-27,Tehama,103,63373,4607,4584,493,5077,32
2021-02-27,Trinity,105,12862,468,298,79,377,3
2021-02-27,Tulare,107,460477,48324,47209,8095,55304,770
2021-02-27,Tuolumne,109,53932,3835,3899,33,3932,53
2021-02-27,Ventura,111,848112,78061,77623,2792,80415,771
2021-02-27,Yolo,113,214977,12909,12834,222,13056,188
2021-02-27,Yuba,115,75493,5515,5450,89,5539,39
2021-02-26,Alameda,001,1643700,81069,80387,1743,82130,1106
2021-02-26,Alpine,003,1148,80,77,0,77,0
2021-02-26,Amador,005,37829,3477,3457,30,3487,42
2021-02-26,Butte,007,227075,11361,10941,1623,12564,180
2021-02-26,Calaveras,009,45235,1906,1873,12,1885,46
2021-02-26,Colusa,011,21464,1877,1865,266,2131,11
2021-02-26,Contra Costa,013,1133247,63280,62114,1074,63188,685
2021-02-26,Del Norte,015,27424,1014,968,5,973,5
2021-02-26,El Dorado,017,186661,9156,9038,593,9631,98
2021-02-26,Fresno,019,978130,96574,95202,7753,102955,1391
2021-02-26,Glenn,021,27897,2252,2220,495,2715,15
2021-02-26,Humboldt,023,135768,3176,3152,22,3174,30
2021-02-26,Imperial,025,180216,27242,26888,2564,29452,631
2021-02-26,Inyo,027,18085,1305,1271,9,1280,34
2021-02-26,Kern,029,883053,93503,91884,9842,101726,997
2021-02-26,Kings,031,150075,22286,21917,976,22893,216
2021-02-26,Lake,033,64148,3192,3153,6,3159,40
2021-02-26,Lassen,035,31185,5122,5102,97,5199,1
2021-02-26,Los Angeles,037,10098052,1171314,1153131,39348,1192479,21070
2021-02-26,Madera,039,155013,15644,15436,823,16259,199
2021-02-26,Marin,041,260295,13225,13091,166,13257,214
2021-02-26,Mariposa,043,17540,376,375,5,380,4
2021-02-26,Mendocino,045,87422,3639,3549,70,3619,41
2021-02-26,Merced,047,269075,28499,28455,886,29341,382
2021-02-26,Modoc,049,8938,343,330,115,445,3
2021-02-26,Mono,051,14174,1181,1191,16,1207,3
2021-02-26,Monterey,053,433212,42001,41607,1707,43314,322
2021-02-26,Napa,055,140530,9077,9014,34,9048,70
2021-02-26,Nevada,057,99092,4026,3952,162,4114,66
2021-02-26,Orange,059,3164182,247268,245278,10234,255512,3918
2021-02-26,Placer,061,380077,20578,19712,1117,20829,239
2021-02-26,Plumas,063,18699,643,628,10,638,4
2021-02-26,Riverside,065,2383286,285732,278772,13460,292232,3653
2021-02-26,Sacramento,067,1510023,94628,93180,1267,94447,1390
2021-02-26,San Benito,069,59416,5750,5759,91,5850,57
2021-02-26,San Bernardino,071,2135413,286165,281132,8559,289691,3461
2021-02-26,San Diego,073,3302833,264186,259641,12869,272510,3271
2021-02-26,San Francisco,075,870044,34234,34213,1078,35291,413
2021-02-26,San Joaquin,077,732212,66908,65492,2791,68283,1070
2021-02-26,San Luis Obispo,079,281455,19658,19359,560,19919,234
2021-02-26,San Mateo,081,765935,39572,38922,407,39329,313
2021-02-26,Santa Barbara,083,443738,32465,31724,1112,32836,410
2021-02-26,Santa Clara,085,1922200,110522,110168,590,110758,1700
2021-02-26,Santa Cruz,087,273765,15416,14528,783,15311,185
2021-02-26,Shasta,089,179085,10985,10972,1223,12195,149
2021-02-26,Sierra,091,2930,51,47,12,59,0
2021-02-26,Siskiyou,093,43540,1500,1401,237,1638,5
2021-02-26,Solano,095,438530,29862,29651,361,30012,165
2021-02-26,Sonoma,097,501317,28073,28063,209,28272,280
2021-02-26,Stanislaus,099,539301,50746,50054,5363,55417,737
2021-02-26,Sutter,101,95872,8885,8806,81,8887,99
2021-02-26,Tehama,103,63373,4605,4581,493,5074,32
2021-02-26,Trinity,105,12862,467,298,79,377,3
2021-02-26,Tulare,107,460477,48289,47135,8065,55200,770
2021-02-26,Tuolumne,109,53932,3834,3896,33,3929,53
2021-02-26,Ventura,111,848112,77961,77534,2790,80324,765
2021-02-26,Yolo,113,214977,12902,12816,222,13038,188
2021-02-26,Yuba,115,75493,5510,5438,89,5527,39
2021-02-25,Alameda,001,1643700,80947,80181,1742,81923,1093
2021-02-25,Alpine,003,1148,80,77,0,77,0
2021-02-25,Amador,005,37829,3474,3448,30,3478,41
2021-02-25,Butte,007,227075,11340,10922,1618,12540,178
2021-02-25,Calaveras,009,45235,1898,1868,12,1880,46
2021-02-25,Colusa,011,21464,1874,1863,265,2128,11
2021-02-25,Contra Costa,013,1133247,63178,61910,1074,62984,686
2021-02-25,Del Norte,015,27424,1004,966,5,971,5
2021-02-25,El Dorado,017,186661,9140,9012,593,9605,98
2021-02-25,Fresno,019,978130,96430,95015,7730,102745,1377
2021-02-25,Glenn,021,27897,2249,2219,494,2713,15
2021-02-25,Humboldt,023,135768,3169,3129,22,3151,30
2021-02-25,Imperial,025,180216,27236,26855,2560,29415,628
2021-02-25,Inyo,027,18085,1299,1264,9,1273,33
2021-02-25,Kern,029,883053,93387,91735,9817,101552,992
2021-02-25,Kings,031,150075,22277,21900,973,22873,216
2021-02-25,Lake,033,64148,3183,3141,6,3147,40
2021-02-25,Lassen,035,31185,5121,5097,96,5193,1
2021-02-25,Los Angeles,037,10098052,1170573,1151846,39290,1191136,20931
2021-02-25,Madera,039,155013,15609,15414,819,16233,194
2021-02-25,Marin,041,260295,13201,13067,166,13233,214
2021-02-25,Mariposa,043,17540,376,375,5,380,4
2021-02-25,Mendocino,045,87422,3634,3542,70,3612,41
2021-02-25,Merced,047,269075,28449,28383,885,29268,382
2021-02-25,Modoc,049,8938,343,329,115,444,3
2021-02-25,Mono,051,14174,1180,1190,16,1206,3
2021-02-25,Monterey,053,433212,41976,41564,1702,43266,321
2021-02-25,Napa,055,140530,9051,8998,34,9032,70
2021-02-25,Nevada,057,99092,4009,3940,161,4101,66
2021-02-25,Orange,059,3164182,247096,245000,10224,255224,3882
2021-02-25,Placer,061,380077,20537,19661,1115,20776,239
2021-02-25,Plumas,063,18699,643,626,10,636,4
2021-02-25,Riverside,065,2383286,285544,278544,13439,291983,3646
2021-02-25,Sacramento,067,1510023,94470,92961,1255,94216,1386
2021-02-25,San Benito,069,59416,5745,5752,91,5843,58
2021-02-25,San Bernardino,071,2135413,286031,280946,8551,289497,3409
2021-02-25,San Diego,073,3302833,263892,258979,12839,271818,3260
2021-02-25,San Francisco,075,870044,34191,34138,1075,35213,408
2021-02-25,San Joaquin,077,732212,66824,65389,2779,68168,1047
2021-02-25,San Luis Obispo,079,281455,19637,19335,558,19893,234
2021-02-25,San Mateo,081,765935,39525,38872,407,39279,300
2021-02-25,Santa Barbara,083,443738,32388,31631,1111,32742,408
2021-02-25,Santa Clara,085,1922200,110358,109923,589,110512,1677
2021-02-25,Santa Cruz,087,273765,15397,14492,782,15274,185
2021-02-25,Shasta,089,179085,10973,10947,1218,12165,148
2021-02-25,Sierra,091,2930,51,47,12,59,0
2021-02-25,Siskiyou,093,43540,1496,1390,234,1624,4
2021-02-25,Solano,095,438530,29830,29616,361,29977,161
2021-02-25,Sonoma,097,501317,28019,28004,206,28210,278
2021-02-25,Stanislaus,099,539301,50656,49964,5353,55317,738
2021-02-25,Sutter,101,95872,8871,8789,80,8869,99
2021-02-25,Tehama,103,63373,4601,4578,491,5069,32
2021-02-25,Trinity,105,12862,467,297,79,376,3
2021-02-25,Tulare,107,460477,48239,47052,8039,55091,765
2021-02-25,Tuolumne,109,53932,3831,3894,33,3927,53
2021-02-25,Ventura,111,848112,77856,77395,2784,80179,751
2021-02-25,Yolo,113,214977,12885,12787,222,13009,188
2021-02-25,Yuba,115,75493,5503,5429,89,5518,39
2021-02-24,Alameda,001,1643700,80825,80070,1738,81808,1082
2021-02-24,Alpine,003,1148,79,77,0,77,0
2021-02-24,Amador,005,37829,3469,3444,30,3474,41
2021-02-24,Butte,007,227075,11328,10915,1614,12529,178
2021-02-24,Calaveras,009,45235,1896,1864,12,1876,31
2021-02-24,Colusa,011,21464,1872,1863,265,2128,11
2021-02-24,Contra Costa,013,1133247,63070,61776,1074,62850,663
2021-02-24,Del Norte,015,27424,1003,960,4,964,5
2021-02-24,El Dorado,017,186661,9128,8993,593,9586,98
2021-02-24,Fresno,019,978130,96283,94794,7714,102508,1369
2021-02-24,Glenn,021,27897,2247,2210,494,2704,14
2021-02-24,Humboldt,023,135768,3157,3123,22,3145,29
2021-02-24,Imperial,025,180216,27221,26843,2556,29399,596
2021-02-24,Inyo,027,18085,1294,1253,9,1262,32
2021-02-24,Kern,029,883053,93254,91525,9801,101326,992
2021-02-24,Kings,031,150075,22252,21871,971,22842,216
2021-02-24,Lake,033,64148,3176,3134,6,3140,40
2021-02-24,Lassen,035,31185,5117,5095,95,5190,1
2021-02-24,Los Angeles,037,10098052,1169811,1150322,39246,1189568,20817
2021-02-24,Madera,039,155013,15582,15390,819,16209,194
2021-02-24,Marin,041,260295,13178,13044,165,13209,214
2021-02-24,Mariposa,043,17540,376,374,5,379,4
2021-02-24,Mendocino,045,87422,3627,3540,70,3610,41
2021-02-24,Merced,047,269075,28410,28295,881,29176,383
2021-02-24,Modoc,049,8938,342,329,115,444,3
2021-02-24,Mono,051,14174,1178,1189,16,1205,3
2021-02-24,Monterey,053,433212,41951,41495,1700,43195,320
2021-02-24,Napa,055,140530,9034,8976,33,9009,70
2021-02-24,Nevada,057,99092,3999,3927,161,4088,66
2021-02-24,Orange,059,3164182,246879,244743,10211,254954,3835
2021-02-24,Placer,061,380077,20499,19648,1109,20757,239
2021-02-24,Plumas,063,18699,641,626,10,636,4
2021-02-24,Riverside,065,2383286,285316,278293,13430,291723,3603
2021-02-24,Sacramento,067,1510023,94316,92742,1250,93992,1375
2021-02-24,San Benito,069,59416,5744,5743,91,5834,57
2021-02-24,San Bernardino,071,2135413,285880,280583,8547,289130,3360
2021-02-24,San Diego,073,3302833,263598,258460,12823,271283,3230
2021-02-24,San Francisco,075,870044,34145,34061,1072,35133,406
2021-02-24,San Joaquin,077,732212,66713,65274,2777,68051,1019
2021-02-24,San Luis Obispo,079,281455,19614,19309,556,19865,233
2021-02-24,San Mateo,081,765935,39488,38763,407,39170,300
2021-02-24,Santa Barbara,083,443738,32336,31563,1108,32671,405
2021-02-24,Santa Clara,085,1922200,110207,109671,588,110259,1674
2021-02-24,Santa Cruz,087,273765,15376,14458,782,15240,185
2021-02-24,Shasta,089,179085,10959,10922,1215,12137,148
2021-02-24,Sierra,091,2930,51,47,12,59,0
2021-02-24,Siskiyou,093,43540,1489,1385,230,1615,4
2021-02-24,Solano,095,438530,29791,29577,358,29935,158
2021-02-24,Sonoma,097,501317,27955,27954,202,28156,278
2021-02-24,Stanislaus,099,539301,50585,49851,5345,55196,732
2021-02-24,Sutter,101,95872,8861,8778,80,8858,99
2021-02-24,Tehama,103,63373,4597,4566,491,5057,31
2021-02-24,Trinity,105,12862,467,294,78,372,3
2021-02-24,Tulare,107,460477,48183,46976,8011,54987,759
2021-02-24,Tuolumne,109,53932,3828,3887,33,3920,53
2021-02-24,Ventura,111,848112,77748,77238,2783,80021,718
2021-02-24,Yolo,113,214977,12872,12760,218,12978,188
2021-02-24,Yuba,115,75493,5492,5425,87,5512,39
2021-02-23,Alameda,001,1643700,80686,79948,1735,81683,1070
2021-02-23,Alpine,003,1148,78,77,0,77,0
2021-02-23,Amador,005,37829,3467,3440,30,3470,41
2021-02-23,Butte,007,227075,11313,10887,1610,12497,176
2021-02-23,Calaveras,009,45235,1895,1863,12,1875,21
2021-02-23,Colusa,011,21464,1869,1862,265,2127,11
2021-02-23,Contra Costa,013,1133247,62936,61613,1071,62684,661
2021-02-23,Del Norte,015,27424,1001,953,4,957,3
2021-02-23,El Dorado,017,186661,9115,8969,593,9562,96
2021-02-23,Fresno,019,978130,96122,94741,7700,102441,1356
2021-02-23,Glenn,021,27897,2245,2209,494,2703,14
2021-02-23,Humboldt,023,135768,3140,3108,22,3130,29
2021-02-23,Imperial,025,180216,27201,26816,2551,29367,591
2021-02-23,Inyo,027,18085,1290,1250,9,1259,32
2021-02-23,Kern,029,883053,93115,91390,9773,101163,982
2021-02-23,Kings,031,150075,22237,21839,967,22806,216
2021-02-23,Lake,033,64148,3168,3121,6,3127,40
2021-02-23,Lassen,035,31185,5114,5092,95,5187,1
2021-02-23,Los Angeles,037,10098052,1168944,1148965,39191,1188156,19887
2021-02-23,Madera,039,155013,15568,15352,813,16165,193
2021-02-23,Marin,041,260295,13158,13015,164,13179,214
2021-02-23,Mariposa,043,17540,376,374,5,379,4
2021-02-23,Mendocino,045,87422,3625,3540,69,3609,41
2021-02-23,Merced,047,269075,28322,28209,880,29089,381
2021-02-23,Modoc,049,8938,341,328,114,442,3
2021-02-23,Mono,051,14174,1178,1189,16,1205,3
2021-02-23,Monterey,053,433212,41910,41439,1694,43133,317
2021-02-23,Napa,055,140530,9022,8967,33,9000,70
2021-02-23,Nevada,057,99092,3991,3912,161,4073,66
2021-02-23,Orange,059,3164182,246681,244566,10192,254758,3843
2021-02-23,Placer,061,380077,20473,19608,1105,20713,238
2021-02-23,Plumas,063,18699,640,626,10,636,4
2021-02-23,Riverside,065,2383286,285079,278075,13415,291490,3599
2021-02-23,Sacramento,067,1510023,94159,92632,1244,93876,1370
2021-02-23,San Benito,069,59416,5738,5731,90,5821,57
2021-02-23,San Bernardino,071,2135413,285691,280279,8542,288821,3283
2021-02-23,San Diego,073,3302833,263223,257802,12793,270595,3218
2021-02-23,San Francisco,075,870044,34096,33994,1071,35065,405
2021-02-23,San Joaquin,077,732212,66614,65141,2770,67911,1004
2021-02-23,San Luis Obispo,079,281455,19585,19233,555,19788,230
2021-02-23,San Mateo,081,765935,39427,38662,407,39069,299
2021-02-23,Santa Barbara,083,443738,32282,31483,1106,32589,402
2021-02-23,Santa Clara,085,1922200,110010,109449,585,110034,1661
2021-02-23,Santa Cruz,087,273765,15347,14435,780,15215,178
2021-02-23,Shasta,089,179085,10947,10903,1211,12114,146
2021-02-23,Sierra,091,2930,51,47,12,59,0
2021-02-23,Siskiyou,093,43540,1484,1380,228,1608,4
2021-02-23,Solano,095,438530,29751,29545,355,29900,154
2021-02-23,Sonoma,097,501317,27912,27882,199,28081,278
2021-02-23,Stanislaus,099,539301,50507,49749,5329,55078,722
2021-02-23,Sutter,101,95872,8848,8766,80,8846,98
2021-02-23,Tehama,103,63373,4593,4556,490,5046,30
2021-02-23,Trinity,105,12862,467,292,77,369,3
2021-02-23,Tulare,107,460477,48104,46937,7977,54914,757
2021-02-23,Tuolumne,109,53932,3824,3864,33,3897,53
2021-02-23,Ventura,111,848112,77632,77093,2774,79867,689
2021-02-23,Yolo,113,214977,12843,12729,218,12947,188
2021-02-23,Yuba,115,75493,5479,5417,86,5503,38
2021-02-22,Alameda,001,1643700,80535,79796,1731,81527,1062
2021-02-22,Alpine,003,1148,78,77,0,77,0
2021-02-22,Amador,005,37829,3462,3438,30,3468,39
2021-02-22,Butte,007,227075,11300,10855,1605,12460,176
2021-02-22,Calaveras,009,45235,1893,1862,12,1874,21
2021-02-22,Colusa,011,21464,1869,1860,265,2125,11
2021-02-22,Contra Costa,013,1133247,62801,61478,1069,62547,661
2021-02-22,Del Norte,015,27424,1000,948,4,952,3
2021-02-22,El Dorado,017,186661,9098,8940,593,9533,96
2021-02-22,Fresno,019,978130,95960,94584,7683,102267,1351
2021-02-22,Glenn,021,27897,2241,2207,492,2699,14
2021-02-22,Humboldt,023,135768,3128,3095,22,3117,29
2021-02-22,Imperial,025,180216,27178,26778,2543,29321,590
2021-02-22,Inyo,027,18085,1285,1248,9,1257,32
2021-02-22,Kern,029,883053,92998,91201,9751,100952,982
2021-02-22,Kings,031,150075,22214,21801,964,22765,214
2021-02-22,Lake,033,64148,3162,3107,6,3113,40
2021-02-22,Lassen,035,31185,5114,5088,94,5182,1
2021-02-22,Los Angeles,037,10098052,1168072,1147541,39135,1186676,19730
2021-02-22,Madera,039,155013,15543,15325,809,16134,193
2021-02-22,Marin,041,260295,13134,12991,161,13152,213
2021-02-22,Mariposa,043,17540,375,374,5,379,4
2021-02-22,Mendocino,045,87422,3619,3535,69,3604,41
2021-02-22,Merced,047,269075,28254,28166,878,29044,379
2021-02-22,Modoc,049,8938,341,329,114,443,3
2021-02-22,Mono,051,14174,1174,1189,16,1205,3
2021-02-22,Monterey,053,433212,41860,41397,1687,43084,311
2021-02-22,Napa,055,140530,8995,8950,33,8983,69
2021-02-22,Nevada,057,99092,3982,3900,159,4059,66
2021-02-22,Orange,059,3164182,246445,244118,10174,254292,3843
2021-02-22,Placer,061,380077,20437,19587,1097,20684,238
2021-02-22,Plumas,063,18699,640,625,10,635,4
2021-02-22,Riverside,065,2383286,284815,277730,13407,291137,3567
2021-02-22,Sacramento,067,1510023,93992,92476,1233,93709,1359
2021-02-22,San Benito,069,59416,5736,5723,90,5813,57
2021-02-22,San Bernardino,071,2135413,285509,279984,8529,288513,3259
2021-02-22,San Diego,073,3302833,262813,257348,12760,270108,3189
2021-02-22,San Francisco,075,870044,34036,33947,1066,35013,405
2021-02-22,San Joaquin,077,732212,66515,65060,2757,67817,1001
2021-02-22,San Luis Obispo,079,281455,19548,19198,553,19751,229
2021-02-22,San Mateo,081,765935,39370,38542,404,38946,282
2021-02-22,Santa Barbara,083,443738,32217,31421,1103,32524,399
2021-02-22,Santa Clara,085,1922200,109798,109213,574,109787,1655
2021-02-22,Santa Cruz,087,273765,15321,14417,780,15197,176
2021-02-22,Shasta,089,179085,10932,10872,1206,12078,145
2021-02-22,Sierra,091,2930,51,47,12,59,0
2021-02-22,Siskiyou,093,43540,1478,1373,227,1600,4
2021-02-22,Solano,095,438530,29712,29508,354,29862,150
2021-02-22,Sonoma,097,501317,27867,27845,198,28043,278
2021-02-22,Stanislaus,099,539301,50402,49630,5310,54940,722
2021-02-22,Sutter,101,95872,8840,8698,80,8778,98
2021-02-22,Tehama,103,63373,4584,4550,490,5040,30
2021-02-22,Trinity,105,12862,467,287,76,363,3
2021-02-22,Tulare,107,460477,48041,46879,7945,54824,751
2021-02-22,Tuolumne,109,53932,3820,3856,33,3889,53
2021-02-22,Ventura,111,848112,77504,76947,2769,79716,677
2021-02-22,Yolo,113,214977,12816,12689,218,12907,183
2021-02-22,Yuba,115,75493,5476,5404,85,5489,38
2021-02-21,Alameda,001,1643700,80341,79649,1726,81375,1061
2021-02-21,Alpine,003,1148,78,77,0,77,0
2021-02-21,Amador,005,37829,3454,3435,30,3465,39
2021-02-21,Butte,007,227075,11277,10855,1603,12458,176
2021-02-21,Calaveras,009,45235,1892,1860,12,1872,21
2021-02-21,Colusa,011,21464,1868,1860,261,2121,11
2021-02-21,Contra Costa,013,1133247,62635,61364,1066,62430,661
2021-02-21,Del Norte,015,27424,994,942,4,946,3
2021-02-21,El Dorado,017,186661,9080,8927,592,9519,96
2021-02-21,Fresno,019,978130,95816,94374,7666,102040,1349
2021-02-21,Glenn,021,27897,2238,2201,490,2691,14
2021-02-21,Humboldt,023,135768,3116,3096,22,3118,29
2021-02-21,Imperial,025,180216,27159,26779,2539,29318,590
2021-02-21,Inyo,027,18085,1279,1232,9,1241,32
2021-02-21,Kern,029,883053,92873,91141,9712,100853,980
2021-02-21,Kings,031,150075,22178,21784,962,22746,213
2021-02-21,Lake,033,64148,3154,3100,6,3106,40
2021-02-21,Lassen,035,31185,5106,5077,94,5171,1
2021-02-21,Los Angeles,037,10098052,1167037,1146756,39087,1185843,19711
2021-02-21,Madera,039,155013,15510,15298,806,16104,192
2021-02-21,Marin,041,260295,13104,12968,161,13129,212
2021-02-21,Mariposa,043,17540,375,373,5,378,4
2021-02-21,Mendocino,045,87422,3614,3535,69,3604,41
2021-02-21,Merced,047,269075,28164,28106,866,28972,379
2021-02-21,Modoc,049,8938,338,329,114,443,3
2021-02-21,Mono,051,14174,1174,1189,16,1205,3
2021-02-21,Monterey,053,433212,41803,41373,1677,43050,309
2021-02-21,Napa,055,140530,8981,8929,33,8962,69
2021-02-21,Nevada,057,99092,3969,3895,159,4054,66
2021-02-21,Orange,059,3164182,246144,243985,10157,254142,3801
2021-02-21,Placer,061,380077,20401,19553,1093,20646,238
2021-02-21,Plumas,063,18699,640,625,10,635,4
2021-02-21,Riverside,065,2383286,284579,277555,13394,290949,3564
2021-02-21,Sacramento,067,1510023,93782,92288,1220,93508,1354
2021-02-21,San Benito,069,59416,5726,5716,87,5803,57
2021-02-21,San Bernardino,071,2135413,285262,279870,8515,288385,3247
2021-02-21,San Diego,073,3302833,262379,257027,12714,269741,3190
2021-02-21,San Francisco,075,870044,33972,33891,1062,34953,405
2021-02-21,San Joaquin,077,732212,66366,64997,2745,67742,1001
2021-02-21,San Luis Obispo,079,281455,19515,19178,551,19729,229
2021-02-21,San Mateo,081,765935,39310,38448,400,38848,282
2021-02-21,Santa Barbara,083,443738,32155,31374,1100,32474,399
2021-02-21,Santa Clara,085,1922200,109572,108992,565,109557,1654
2021-02-21,Santa Cruz,087,273765,15298,14401,779,15180,176
2021-02-21,Shasta,089,179085,10917,10867,1201,12068,145
2021-02-21,Sierra,091,2930,51,47,12,59,0
2021-02-21,Siskiyou,093,43540,1472,1371,227,1598,4
2021-02-21,Solano,095,438530,29655,29471,353,29824,150
2021-02-21,Sonoma,097,501317,27801,27793,191,27984,278
2021-02-21,Stanislaus,099,539301,50276,49527,5294,54821,726
2021-02-21,Sutter,101,95872,8822,8687,79,8766,97
2021-02-21,Tehama,103,63373,4572,4547,490,5037,30
2021-02-21,Trinity,105,12862,465,286,76,362,3
2021-02-21,Tulare,107,460477,47971,46830,7910,54740,749
2021-02-21,Tuolumne,109,53932,3806,3828,33,3861,53
2021-02-21,Ventura,111,848112,77356,76862,2755,79617,677
2021-02-21,Yolo,113,214977,12785,12670,218,12888,183
2021-02-21,Yuba,115,75493,5468,5396,84,5480,38
2021-02-20,Alameda,001,1643700,80251,79496,1722,81218,1055
2021-02-20,Alpine,003,1148,78,77,0,77,0
2021-02-20,Amador,005,37829,3452,3432,30,3462,39
2021-02-20,Butte,007,227075,11269,10838,1601,12439,176
2021-02-20,Calaveras,009,45235,1891,1858,12,1870,21
2021-02-20,Colusa,011,21464,1867,1858,261,2119,11
2021-02-20,Contra Costa,013,1133247,62546,61205,1064,62269,663
2021-02-20,Del Norte,015,27424,990,937,4,941,3
2021-02-20,El Dorado,017,186661,9070,8911,592,9503,96
2021-02-20,Fresno,019,978130,95732,94234,7646,101880,1341
2021-02-20,Glenn,021,27897,2234,2199,489,2688,14
2021-02-20,Humboldt,023,135768,3108,3073,22,3095,29
2021-02-20,Imperial,025,180216,27151,26771,2539,29310,590
2021-02-20,Inyo,027,18085,1275,1226,9,1235,32
2021-02-20,Kern,029,883053,92801,91025,9680,100705,968
2021-02-20,Kings,031,150075,22160,21773,961,22734,212
2021-02-20,Lake,033,64148,3147,3089,6,3095,40
2021-02-20,Lassen,035,31185,5104,5067,94,5161,1
2021-02-20,Los Angeles,037,10098052,1166471,1145594,39043,1184637,19630
2021-02-20,Madera,039,155013,15490,15274,805,16079,191
2021-02-20,Marin,041,260295,13083,12945,159,13104,211
2021-02-20,Mariposa,043,17540,375,372,5,377,4
2021-02-20,Mendocino,045,87422,3612,3533,69,3602,40
2021-02-20,Merced,047,269075,28119,28066,864,28930,379
2021-02-20,Modoc,049,8938,338,328,114,442,3
2021-02-20,Mono,051,14174,1173,1187,16,1203,3
2021-02-20,Monterey,053,433212,41783,41313,1675,42988,309
2021-02-20,Napa,055,140530,8972,8910,33,8943,69
2021-02-20,Nevada,057,99092,3959,3887,158,4045,66
2021-02-20,Orange,059,3164182,245975,243761,10144,253905,3755
2021-02-20,Placer,061,380077,20361,19509,1089,20598,236
2021-02-20,Plumas,063,18699,640,626,10,636,4
2021-02-20,Riverside,065,2383286,284424,277267,13384,290651,3559
2021-02-20,Sacramento,067,1510023,93658,92057,1218,93275,1352
2021-02-20,San Benito,069,59416,5714,5709,87,5796,57
2021-02-20,San Bernardino,071,2135413,285161,279608,8510,288118,3203
2021-02-20,San Diego,073,3302833,262137,256510,12685,269195,3188
2021-02-20,San Francisco,075,870044,33930,33820,1053,34873,399
2021-02-20,San Joaquin,077,732212,66293,64916,2740,67656,1001
2021-02-20,San Luis Obispo,079,281455,19491,19138,550,19688,229
2021-02-20,San Mateo,081,765935,39266,38371,399,38770,282
2021-02-20,Santa Barbara,083,443738,32121,31289,1099,32388,396
2021-02-20,Santa Clara,085,1922200,109396,108728,562,109290,1649
2021-02-20,Santa Cruz,087,273765,15287,14378,777,15155,176
2021-02-20,Shasta,089,179085,10903,10850,1196,12046,146
2021-02-20,Sierra,091,2930,51,47,12,59,0
2021-02-20,Siskiyou,093,43540,1469,1366,227,1593,4
2021-02-20,Solano,095,438530,29640,29440,351,29791,150
2021-02-20,Sonoma,097,501317,27772,27703,189,27892,278
2021-02-20,Stanislaus,099,539301,50221,49445,5281,54726,733
2021-02-20,Sutter,101,95872,8816,8681,79,8760,97
2021-02-20,Tehama,103,63373,4571,4545,490,5035,30
2021-02-20,Trinity,105,12862,464,285,75,360,3
2021-02-20,Tulare,107,460477,47935,46769,7888,54657,739
2021-02-20,Tuolumne,109,53932,3801,3823,33,3856,53
2021-02-20,Ventura,111,848112,77260,76757,2752,79509,671
2021-02-20,Yolo,113,214977,12771,12639,217,12856,183
2021-02-20,Yuba,115,75493,5465,5386,84,5470,38
2021-02-19,Alameda,001,1643700,80148,79318,1718,81036,1047
2021-02-19,Alpine,003,1148,78,77,0,77,0
2021-02-19,Amador,005,37829,3448,3427,30,3457,39
2021-02-19,Butte,007,227075,11259,10823,1596,12419,176
2021-02-19,Calaveras,009,45235,1890,1856,12,1868,21
2021-02-19,Colusa,011,21464,1867,1858,261,2119,11
2021-02-19,Contra Costa,013,1133247,62438,61017,1062,62079,651
2021-02-19,Del Norte,015,27424,985,932,4,936,2
2021-02-19,El Dorado,017,186661,9061,8882,591,9473,96
2021-02-19,Fresno,019,978130,95601,93973,7630,101603,1330
2021-02-19,Glenn,021,27897,2229,2199,488,2687,14
2021-02-19,Humboldt,023,135768,3096,3037,22,3059,29
2021-02-19,Imperial,025,180216,27146,26751,2536,29287,589
2021-02-19,Inyo,027,18085,1270,1212,9,1221,32
2021-02-19,Kern,029,883053,92731,90807,9639,100446,963
2021-02-19,Kings,031,150075,22146,21724,959,22683,211
2021-02-19,Lake,033,64148,3141,3078,6,3084,40
2021-02-19,Lassen,035,31185,5103,5057,94,5151,1
2021-02-19,Los Angeles,037,10098052,1165723,1143828,39002,1182830,19498
2021-02-19,Madera,039,155013,15473,15222,803,16025,188
2021-02-19,Marin,041,260295,13059,12919,157,13076,210
2021-02-19,Mariposa,043,17540,375,371,5,376,4
2021-02-19,Mendocino,045,87422,3610,3526,69,3595,39
2021-02-19,Merced,047,269075,28088,27985,861,28846,376
2021-02-19,Modoc,049,8938,338,328,114,442,3
2021-02-19,Mono,051,14174,1173,1186,16,1202,3
2021-02-19,Monterey,053,433212,41754,41209,1671,42880,309
2021-02-19,Napa,055,140530,8959,8899,33,8932,69
2021-02-19,Nevada,057,99092,3953,3863,158,4021,66
2021-02-19,Orange,059,3164182,245794,243397,10131,253528,3715
2021-02-19,Placer,061,380077,20339,19457,1089,20546,236
2021-02-19,Plumas,063,18699,638,624,10,634,4
2021-02-19,Riverside,065,2383286,284253,276941,13367,290308,3541
2021-02-19,Sacramento,067,1510023,93537,91815,1214,93029,1351
2021-02-19,San Benito,069,59416,5709,5699,87,5786,57
2021-02-19,San Bernardino,071,2135413,285034,279209,8505,287714,3117
2021-02-19,San Diego,073,3302833,261846,255799,12662,268461,3169
2021-02-19,San Francisco,075,870044,33882,33746,1047,34793,387
2021-02-19,San Joaquin,077,732212,66221,64774,2731,67505,988
2021-02-19,San Luis Obispo,079,281455,19461,19061,548,19609,230
2021-02-19,San Mateo,081,765935,39208,38256,397,38653,282
2021-02-19,Santa Barbara,083,443738,32057,31204,1098,32302,392
2021-02-19,Santa Clara,085,1922200,109183,108400,560,108960,1634
2021-02-19,Santa Cruz,087,273765,15272,14354,777,15131,176
2021-02-19,Shasta,089,179085,10891,10833,1193,12026,140
2021-02-19,Sierra,091,2930,51,47,12,59,0
2021-02-19,Siskiyou,093,43540,1465,1363,225,1588,4
2021-02-19,Solano,095,438530,29609,29383,350,29733,150
2021-02-19,Sonoma,097,501317,27725,27595,187,27782,280
2021-02-19,Stanislaus,099,539301,50160,49282,5265,54547,739
2021-02-19,Sutter,101,95872,8806,8665,79,8744,96
2021-02-19,Tehama,103,63373,4569,4535,490,5025,30
2021-02-19,Trinity,105,12862,462,282,73,355,3
2021-02-19,Tulare,107,460477,47888,46662,7863,54525,736
2021-02-19,Tuolumne,109,53932,3794,3817,33,3850,52
2021-02-19,Ventura,111,848112,77180,76582,2749,79331,667
2021-02-19,Yolo,113,214977,12755,12606,217,12823,183
2021-02-19,Yuba,115,75493,5455,5376,84,5460,38
2021-02-18,Alameda,001,1643700,80002,79111,1710,80821,1012
2021-02-18,Alpine,003,1148,78,77,0,77,0
2021-02-18,Amador,005,37829,3444,3417,29,3446,38
2021-02-18,Butte,007,227075,11241,10791,1593,12384,175
2021-02-18,Calaveras,009,45235,1885,1873,12,1885,21
2021-02-18,Colusa,011,21464,1865,1856,259,2115,11
2021-02-18,Contra Costa,013,1133247,62327,60868,1061,61929,640
2021-02-18,Del Norte,015,27424,980,929,4,933,2
2021-02-18,El Dorado,017,186661,9046,8850,590,9440,94
2021-02-18,Fresno,019,978130,95430,93734,7605,101339,1323
2021-02-18,Glenn,021,27897,2223,2195,488,2683,14
2021-02-18,Humboldt,023,135768,3084,3023,22,3045,29
2021-02-18,Imperial,025,180216,27120,26731,2531,29262,591
2021-02-18,Inyo,027,18085,1266,1213,8,1221,32
2021-02-18,Kern,029,883053,92573,90655,9608,100263,961
2021-02-18,Kings,031,150075,22122,21648,958,22606,211
2021-02-18,Lake,033,64148,3133,3066,6,3072,40
2021-02-18,Lassen,035,31185,5094,5052,94,5146,1
2021-02-18,Los Angeles,037,10098052,1164763,1141930,38937,1180867,19358
2021-02-18,Madera,039,155013,15451,15175,798,15973,188
2021-02-18,Marin,041,260295,13045,12895,157,13052,209
2021-02-18,Mariposa,043,17540,374,369,5,374,4
2021-02-18,Mendocino,045,87422,3607,3519,68,3587,39
2021-02-18,Merced,047,269075,28038,27870,855,28725,372
2021-02-18,Modoc,049,8938,336,327,113,440,3
2021-02-18,Mono,051,14174,1173,1182,16,1198,3
2021-02-18,Monterey,053,433212,41689,41091,1663,42754,307
2021-02-18,Napa,055,140530,8942,8877,33,8910,68
2021-02-18,Nevada,057,99092,3944,3836,157,3993,66
2021-02-18,Orange,059,3164182,245575,243098,10114,253212,3673
2021-02-18,Placer,061,380077,20312,19429,1088,20517,232
2021-02-18,Plumas,063,18699,638,624,10,634,4
2021-02-18,Riverside,065,2383286,283964,276595,13346,289941,3510
2021-02-18,Sacramento,067,1510023,93375,91476,1208,92684,1334
2021-02-18,San Benito,069,59416,5706,5697,86,5783,58
2021-02-18,San Bernardino,071,2135413,284824,278887,8491,287378,3066
2021-02-18,San Diego,073,3302833,261492,254987,12639,267626,3135
2021-02-18,San Francisco,075,870044,33824,33650,1044,34694,386
2021-02-18,San Joaquin,077,732212,66135,64634,2721,67355,982
2021-02-18,San Luis Obispo,079,281455,19419,18987,545,19532,230
2021-02-18,San Mateo,081,765935,39146,38185,393,38578,282
2021-02-18,Santa Barbara,083,443738,31978,31054,1091,32145,387
2021-02-18,Santa Clara,085,1922200,108956,108210,557,108767,1605
2021-02-18,Santa Cruz,087,273765,15246,14314,777,15091,176
2021-02-18,Shasta,089,179085,10871,10811,1190,12001,139
2021-02-18,Sierra,091,2930,50,47,12,59,0
2021-02-18,Siskiyou,093,43540,1460,1359,224,1583,4
2021-02-18,Solano,095,438530,29582,29349,349,29698,150
2021-02-18,Sonoma,097,501317,27657,27512,186,27698,281
2021-02-18,Stanislaus,099,539301,50062,49150,5250,54400,738
2021-02-18,Sutter,101,95872,8798,8654,79,8733,96
2021-02-18,Tehama,103,63373,4566,4528,489,5017,30
2021-02-18,Trinity,105,12862,461,282,73,355,3
2021-02-18,Tulare,107,460477,47827,46591,7823,54414,728
2021-02-18,Tuolumne,109,53932,3757,3811,33,3844,52
2021-02-18,Ventura,111,848112,77048,76442,2741,79183,659
2021-02-18,Yolo,113,214977,12728,12549,214,12763,183
2021-02-18,Yuba,115,75493,5438,5358,84,5442,38
2021-02-17,Alameda,001,1643700,79840,78895,1708,80603,1002
2021-02-17,Alpine,003,1148,78,77,0,77,0
2021-02-17,Amador,005,37829,3440,3415,29,3444,38
2021-02-17,Butte,007,227075,11223,10770,1590,12360,174
2021-02-17,Calaveras,009,45235,1885,1876,12,1888,21
2021-02-17,Colusa,011,21464,1862,1854,259,2113,10
2021-02-17,Contra Costa,013,1133247,62186,60723,1058,61781,635
2021-02-17,Del Norte,015,27424,973,920,4,924,2
2021-02-17,El Dorado,017,186661,9034,8847,590,9437,94
2021-02-17,Fresno,019,978130,95290,93555,7578,101133,1307
2021-02-17,Glenn,021,27897,2223,2189,487,2676,14
2021-02-17,Humboldt,023,135768,3069,3006,22,3028,29
2021-02-17,Imperial,025,180216,27105,26726,2529,29255,580
2021-02-17,Inyo,027,18085,1258,1197,8,1205,32
2021-02-17,Kern,029,883053,92454,90454,9562,100016,962
2021-02-17,Kings,031,150075,22084,21617,954,22571,211
2021-02-17,Lake,033,64148,3122,3057,2,3059,38
2021-02-17,Lassen,035,31185,5089,5052,93,5145,1
2021-02-17,Los Angeles,037,10098052,1163711,1139786,38874,1178660,19213
2021-02-17,Madera,039,155013,15425,15135,789,15924,177
2021-02-17,Marin,041,260295,13019,12881,157,13038,207
2021-02-17,Mariposa,043,17540,374,368,4,372,4
2021-02-17,Mendocino,045,87422,3605,3494,67,3561,39
2021-02-17,Merced,047,269075,27984,27824,846,28670,372
2021-02-17,Modoc,049,8938,336,327,113,440,3
2021-02-17,Mono,051,14174,1173,1180,16,1196,3
2021-02-17,Monterey,053,433212,41635,41014,1651,42665,304
2021-02-17,Napa,055,140530,8928,8865,33,8898,68
2021-02-17,Nevada,057,99092,3925,3822,154,3976,52
2021-02-17,Orange,059,3164182,245307,242716,10080,252796,3626
2021-02-17,Placer,061,380077,20279,19405,1084,20489,230
2021-02-17,Plumas,063,18699,637,623,10,633,4
2021-02-17,Riverside,065,2383286,283678,276289,13325,289614,3491
2021-02-17,Sacramento,067,1510023,93216,91309,1201,92510,1326
2021-02-17,San Benito,069,59416,5700,5661,86,5747,57
2021-02-17,San Bernardino,071,2135413,284616,278461,8472,286933,3020
2021-02-17,San Diego,073,3302833,261115,254177,12618,266795,3099
2021-02-17,San Francisco,075,870044,33748,33558,1039,34597,379
2021-02-17,San Joaquin,077,732212,66033,64556,2715,67271,979
2021-02-17,San Luis Obispo,079,281455,19373,18964,545,19509,230
2021-02-17,San Mateo,081,765935,39080,38124,392,38516,282
2021-02-17,Santa Barbara,083,443738,31910,30927,1090,32017,384
2021-02-17,Santa Clara,085,1922200,108724,107949,555,108504,1592
2021-02-17,Santa Cruz,087,273765,15213,14268,774,15042,174
2021-02-17,Shasta,089,179085,10851,10770,1189,11959,139
2021-02-17,Sierra,091,2930,50,47,12,59,0
2021-02-17,Siskiyou,093,43540,1454,1352,221,1573,4
2021-02-17,Solano,095,438530,29526,29288,349,29637,149
2021-02-17,Sonoma,097,501317,27583,27408,181,27589,281
2021-02-17,Stanislaus,099,539301,49953,49050,5234,54284,730
2021-02-17,Sutter,101,95872,8788,8681,79,8760,95
2021-02-17,Tehama,103,63373,4562,4511,488,4999,30
2021-02-17,Trinity,105,12862,461,277,71,348,3
2021-02-17,Tulare,107,460477,47761,46495,7796,54291,726
2021-02-17,Tuolumne,109,53932,3748,3806,33,3839,49
2021-02-17,Ventura,111,848112,76923,76234,2735,78969,646
2021-02-17,Yolo,113,214977,12711,12506,212,12718,182
2021-02-17,Yuba,115,75493,5429,5345,84,5429,38
2021-02-16,Alameda,001,1643700,79667,78756,1705,80461,997
2021-02-16,Alpine,003,1148,78,76,0,76,0
2021-02-16,Amador,005,37829,3433,3413,29,3442,39
2021-02-16,Butte,007,227075,11196,10748,1587,12335,164
2021-02-16,Calaveras,009,45235,1883,1872,12,1884,21
2021-02-16,Colusa,011,21464,1859,1852,257,2109,10
2021-02-16,Contra Costa,013,1133247,62038,60564,1053,61617,631
2021-02-16,Del Norte,015,27424,965,913,4,917,2
2021-02-16,El Dorado,017,186661,9024,8836,589,9425,94
2021-02-16,Fresno,019,978130,95126,93363,7548,100911,1293
2021-02-16,Glenn,021,27897,2215,2189,482,2671,14
2021-02-16,Humboldt,023,135768,3046,2994,21,3015,29
2021-02-16,Imperial,025,180216,27092,26711,2525,29236,580
2021-02-16,Inyo,027,18085,1250,1191,8,1199,32
2021-02-16,Kern,029,883053,92319,90267,9533,99800,959
2021-02-16,Kings,031,150075,22038,21583,950,22533,206
2021-02-16,Lake,033,64148,3113,3041,2,3043,38
2021-02-16,Lassen,035,31185,5077,5047,93,5140,1
2021-02-16,Los Angeles,037,10098052,1162460,1138262,38813,1177075,19044
2021-02-16,Madera,039,155013,15386,15120,784,15904,172
2021-02-16,Marin,041,260295,12995,12832,157,12989,205
2021-02-16,Mariposa,043,17540,374,367,4,371,4
2021-02-16,Mendocino,045,87422,3601,3489,67,3556,39
2021-02-16,Merced,047,269075,27911,27724,840,28564,368
2021-02-16,Modoc,049,8938,336,326,113,439,3
2021-02-16,Mono,051,14174,1173,1180,16,1196,3
2021-02-16,Monterey,053,433212,41561,40962,1642,42604,303
2021-02-16,Napa,055,140530,8915,8854,33,8887,66
2021-02-16,Nevada,057,99092,3912,3774,153,3927,47
2021-02-16,Orange,059,3164182,244985,242382,10064,252446,3612
2021-02-16,Placer,061,380077,20246,19367,1081,20448,230
2021-02-16,Plumas,063,18699,637,619,10,629,4
2021-02-16,Riverside,065,2383286,283372,275954,13301,289255,3471
2021-02-16,Sacramento,067,1510023,92961,91246,1195,92441,1305
2021-02-16,San Benito,069,59416,5692,5659,85,5744,56
2021-02-16,San Bernardino,071,2135413,284394,277947,8461,286408,2978
2021-02-16,San Diego,073,3302833,260651,253638,12579,266217,3042
2021-02-16,San Francisco,075,870044,33677,33491,1034,34525,373
2021-02-16,San Joaquin,077,732212,65910,64448,2712,67160,979
2021-02-16,San Luis Obispo,079,281455,19328,18925,542,19467,229
2021-02-16,San Mateo,081,765935,39021,38041,390,38431,277
2021-02-16,Santa Barbara,083,443738,31836,30865,1087,31952,378
2021-02-16,Santa Clara,085,1922200,108472,107754,552,108306,1591
2021-02-16,Santa Cruz,087,273765,15193,14256,773,15029,174
2021-02-16,Shasta,089,179085,10835,10736,1187,11923,139
2021-02-16,Sierra,091,2930,50,47,12,59,0
2021-02-16,Siskiyou,093,43540,1450,1351,221,1572,4
2021-02-16,Solano,095,438530,29486,29246,348,29594,148
2021-02-16,Sonoma,097,501317,27521,27380,175,27555,279
2021-02-16,Stanislaus,099,539301,49832,48927,5220,54147,716
2021-02-16,Sutter,101,95872,8765,8671,79,8750,95
2021-02-16,Tehama,103,63373,4553,4501,487,4988,30
2021-02-16,Trinity,105,12862,457,275,71,346,3
2021-02-16,Tulare,107,460477,47695,46444,7752,54196,716
2021-02-16,Tuolumne,109,53932,3746,3796,33,3829,49
2021-02-16,Ventura,111,848112,76778,76043,2731,78774,631
2021-02-16,Yolo,113,214977,12680,12457,212,12669,175
2021-02-16,Yuba,115,75493,5422,5332,83,5415,38
2021-02-15,Alameda,001,1643700,79469,78647,1694,80341,996
2021-02-15,Alpine,003,1148,78,76,0,76,0
2021-02-15,Amador,005,37829,3429,3409,29,3438,39
2021-02-15,Butte,007,227075,11178,10723,1583,12306,155
2021-02-15,Calaveras,009,45235,1879,1871,12,1883,21
2021-02-15,Colusa,011,21464,1859,1849,253,2102,10
2021-02-15,Contra Costa,013,1133247,61862,60444,1047,61491,631
2021-02-15,Del Norte,015,27424,961,913,4,917,2
2021-02-15,El Dorado,017,186661,9007,8816,589,9405,94
2021-02-15,Fresno,019,978130,94926,93231,7509,100740,1288
2021-02-15,Glenn,021,27897,2212,2185,479,2664,14
2021-02-15,Humboldt,023,135768,3039,2997,21,3018,29
2021-02-15,Imperial,025,180216,27072,26700,2521,29221,580
2021-02-15,Inyo,027,18085,1231,1184,8,1192,32
2021-02-15,Kern,029,883053,92175,90181,9501,99682,959
2021-02-15,Kings,031,150075,21993,21574,946,22520,205
2021-02-15,Lake,033,64148,3099,3030,1,3031,38
2021-02-15,Lassen,035,31185,5075,5047,92,5139,1
2021-02-15,Los Angeles,037,10098052,1161071,1137164,38749,1175913,18925
2021-02-15,Madera,039,155013,15355,15108,782,15890,106
2021-02-15,Marin,041,260295,12975,12810,154,12964,203
2021-02-15,Mariposa,043,17540,372,367,4,371,4
2021-02-15,Mendocino,045,87422,3589,3481,67,3548,39
2021-02-15,Merced,047,269075,27836,27656,833,28489,368
2021-02-15,Modoc,049,8938,336,326,113,439,3
2021-02-15,Mono,051,14174,1170,1178,16,1194,3
2021-02-15,Monterey,053,433212,41500,40911,1630,42541,302
2021-02-15,Napa,055,140530,8901,8837,33,8870,57
2021-02-15,Nevada,057,99092,3895,3767,152,3919,47
2021-02-15,Orange,059,3164182,244667,242176,10036,252212,3586
2021-02-15,Placer,061,380077,20220,19361,1080,20441,230
2021-02-15,Plumas,063,18699,637,620,10,630,4
2021-02-15,Riverside,065,2383286,283015,275771,13283,289054,3468
2021-02-15,Sacramento,067,1510023,92634,91091,1190,92281,1304
2021-02-15,San Benito,069,59416,5683,5649,85,5734,56
2021-02-15,San Bernardino,071,2135413,284137,277869,8453,286322,2945
2021-02-15,San Diego,073,3302833,260137,252940,12548,265488,3037
2021-02-15,San Francisco,075,870044,33603,33454,1028,34482,373
2021-02-15,San Joaquin,077,732212,65745,64382,2705,67087,979
2021-02-15,San Luis Obispo,079,281455,19275,18891,540,19431,227
2021-02-15,San Mateo,081,765935,38943,37969,387,38356,277
2021-02-15,Santa Barbara,083,443738,31734,30810,1084,31894,378
2021-02-15,Santa Clara,085,1922200,108237,107630,550,108180,1588
2021-02-15,Santa Cruz,087,273765,15161,14239,770,15009,175
2021-02-15,Shasta,089,179085,10815,10730,1182,11912,139
2021-02-15,Sierra,091,2930,50,47,12,59,0
2021-02-15,Siskiyou,093,43540,1442,1345,220,1565,4
2021-02-15,Solano,095,438530,29431,29225,348,29573,148
2021-02-15,Sonoma,097,501317,27435,27359,171,27530,276
2021-02-15,Stanislaus,099,539301,49707,48808,5207,54015,716
2021-02-15,Sutter,101,95872,8750,8652,79,8731,95
2021-02-15,Tehama,103,63373,4542,4492,485,4977,30
2021-02-15,Trinity,105,12862,456,274,71,345,3
2021-02-15,Tulare,107,460477,47622,46344,7713,54057,715
2021-02-15,Tuolumne,109,53932,3736,3794,33,3827,49
2021-02-15,Ventura,111,848112,76622,75889,2728,78617,629
2021-02-15,Yolo,113,214977,12643,12412,206,12618,175
2021-02-15,Yuba,115,75493,5405,5320,82,5402,38
2021-02-14,Alameda,001,1643700,79312,78442,1693,80135,995
2021-02-14,Alpine,003,1148,78,76,0,76,0
2021-02-14,Amador,005,37829,3424,3398,29,3427,39
2021-02-14,Butte,007,227075,11154,10717,1578,12295,155
2021-02-14,Calaveras,009,45235,1876,1866,12,1878,21
2021-02-14,Colusa,011,21464,1855,1845,250,2095,10
2021-02-14,Contra Costa,013,1133247,61714,60272,1044,61316,631
2021-02-14,Del Norte,015,27424,957,911,4,915,2
2021-02-14,El Dorado,017,186661,8976,8790,588,9378,94
2021-02-14,Fresno,019,978130,94755,93065,7486,100551,1287
2021-02-14,Glenn,021,27897,2210,2184,479,2663,14
2021-02-14,Humboldt,023,135768,3026,2992,21,3013,29
2021-02-14,Imperial,025,180216,27064,26696,2520,29216,580
2021-02-14,Inyo,027,18085,1225,1177,8,1185,32
2021-02-14,Kern,029,883053,92015,90038,9448,99486,959
2021-02-14,Kings,031,150075,21967,21538,944,22482,205
2021-02-14,Lake,033,64148,3090,3030,1,3031,38
2021-02-14,Lassen,035,31185,5071,5037,92,5129,1
2021-02-14,Los Angeles,037,10098052,1159732,1135450,38662,1174112,18898
2021-02-14,Madera,039,155013,15323,15089,778,15867,106
2021-02-14,Marin,041,260295,12951,12784,154,12938,201
2021-02-14,Mariposa,043,17540,372,365,4,369,4
2021-02-14,Mendocino,045,87422,3583,3475,67,3542,39
2021-02-14,Merced,047,269075,27758,27601,828,28429,368
2021-02-14,Modoc,049,8938,336,326,113,439,3
2021-02-14,Mono,051,14174,1169,1180,16,1196,3
2021-02-14,Monterey,053,433212,41450,40842,1626,42468,302
2021-02-14,Napa,055,140530,8881,8826,33,8859,57
2021-02-14,Nevada,057,99092,3879,3761,152,3913,47
2021-02-14,Orange,059,3164182,244355,241859,10017,251876,3564
2021-02-14,Placer,061,380077,20181,19313,1075,20388,230
2021-02-14,Plumas,063,18699,636,620,10,630,4
2021-02-14,Riverside,065,2383286,282681,275518,13264,288782,3471
2021-02-14,Sacramento,067,1510023,92427,90856,1186,92042,1304
2021-02-14,San Benito,069,59416,5675,5641,84,5725,56
2021-02-14,San Bernardino,071,2135413,283821,277664,8433,286097,2929
2021-02-14,San Diego,073,3302833,259645,252247,12500,264747,3037
2021-02-14,San Francisco,075,870044,33529,33374,1020,34394,372
2021-02-14,San Joaquin,077,732212,65646,64243,2691,66934,979
2021-02-14,San Luis Obispo,079,281455,19237,18868,537,19405,225
2021-02-14,San Mateo,081,765935,38859,37859,387,38246,277
2021-02-14,Santa Barbara,083,443738,31642,30744,1080,31824,377
2021-02-14,Santa Clara,085,1922200,108036,107412,546,107958,1582
2021-02-14,Santa Cruz,087,273765,15133,14225,765,14990,175
2021-02-14,Shasta,089,179085,10784,10720,1177,11897,139
2021-02-14,Sierra,091,2930,50,47,12,59,0
2021-02-14,Siskiyou,093,43540,1438,1340,220,1560,4
2021-02-14,Solano,095,438530,29393,29150,345,29495,148
2021-02-14,Sonoma,097,501317,27358,27266,169,27435,276
2021-02-14,Stanislaus,099,539301,49600,48672,5192,53864,716
2021-02-14,Sutter,101,95872,8727,8642,79,8721,95
2021-02-14,Tehama,103,63373,4534,4490,483,4973,30
2021-02-14,Trinity,105,12862,456,272,71,343,3
2021-02-14,Tulare,107,460477,47541,46263,7664,53927,715
2021-02-14,Tuolumne,109,53932,3735,3764,33,3797,49
2021-02-14,Ventura,111,848112,76447,75742,2717,78459,629
2021-02-14,Yolo,113,214977,12614,12399,205,12604,175
2021-02-14,Yuba,115,75493,5395,5314,82,5396,38
2021-02-13,Alameda,001,1643700,79197,78246,1690,79936,995
2021-02-13,Alpine,003,1148,78,76,0,76,0
2021-02-13,Amador,005,37829,3421,3387,29,3416,38
2021-02-13,Butte,007,227075,11138,10699,1577,12276,155
2021-02-13,Calaveras,009,45235,1872,1863,12,1875,21
2021-02-13,Colusa,011,21464,1855,1837,250,2087,10
2021-02-13,Contra Costa,013,1133247,61594,60100,1044,61144,629
2021-02-13,Del Norte,015,27424,955,908,4,912,2
2021-02-13,El Dorado,017,186661,8965,8758,587,9345,93
2021-02-13,Fresno,019,978130,94641,92807,7464,100271,1287
2021-02-13,Glenn,021,27897,2209,2182,479,2661,14
2021-02-13,Humboldt,023,135768,3013,2974,20,2994,29
2021-02-13,Imperial,025,180216,27057,26680,2518,29198,580
2021-02-13,Inyo,027,18085,1221,1168,8,1176,32
2021-02-13,Kern,029,883053,91926,89915,9422,99337,957
2021-02-13,Kings,031,150075,21952,21513,942,22455,205
2021-02-13,Lake,033,64148,3084,3025,1,3026,37
2021-02-13,Lassen,035,31185,5068,5028,92,5120,1
2021-02-13,Los Angeles,037,10098052,1158873,1133752,38615,1172367,18822
2021-02-13,Madera,039,155013,15314,15053,774,15827,106
2021-02-13,Marin,041,260295,12930,12757,154,12911,201
2021-02-13,Mariposa,043,17540,372,365,4,369,4
2021-02-13,Mendocino,045,87422,3573,3466,67,3533,38
2021-02-13,Merced,047,269075,27714,27541,825,28366,368
2021-02-13,Modoc,049,8938,336,325,113,438,3
2021-02-13,Mono,051,14174,1169,1176,16,1192,3
2021-02-13,Monterey,053,433212,41418,40731,1625,42356,301
2021-02-13,Napa,055,140530,8872,8809,33,8842,57
2021-02-13,Nevada,057,99092,3870,3742,151,3893,47
2021-02-13,Orange,059,3164182,244150,241545,9998,251543,3520
2021-02-13,Placer,061,380077,20161,19214,1075,20289,230
2021-02-13,Plumas,063,18699,636,616,10,626,4
2021-02-13,Riverside,065,2383286,282447,275276,13255,288531,3462
2021-02-13,Sacramento,067,1510023,92260,90401,1183,91584,1302
2021-02-13,San Benito,069,59416,5661,5633,84,5717,56
2021-02-13,San Bernardino,071,2135413,283669,277405,8421,285826,2899
2021-02-13,San Diego,073,3302833,259314,251679,12488,264167,3009
2021-02-13,San Francisco,075,870044,33479,33291,1010,34301,364
2021-02-13,San Joaquin,077,732212,65579,64105,2681,66786,977
2021-02-13,San Luis Obispo,079,281455,19209,18803,531,19334,225
2021-02-13,San Mateo,081,765935,38806,37745,387,38132,277
2021-02-13,Santa Barbara,083,443738,31591,30594,1078,31672,374
2021-02-13,Santa Clara,085,1922200,107851,107125,542,107667,1570
2021-02-13,Santa Cruz,087,273765,15106,14198,764,14962,173
2021-02-13,Shasta,089,179085,10772,10713,1172,11885,139
2021-02-13,Sierra,091,2930,50,47,12,59,0
2021-02-13,Siskiyou,093,43540,1435,1336,220,1556,4
2021-02-13,Solano,095,438530,29356,29084,345,29429,148
2021-02-13,Sonoma,097,501317,27312,27157,167,27324,276
2021-02-13,Stanislaus,099,539301,49531,48568,5186,53754,697
2021-02-13,Sutter,101,95872,8715,8626,79,8705,94
2021-02-13,Tehama,103,63373,4525,4484,482,4966,30
2021-02-13,Trinity,105,12862,455,272,70,342,3
2021-02-13,Tulare,107,460477,47492,46162,7633,53795,709
2021-02-13,Tuolumne,109,53932,3734,3752,33,3785,49
2021-02-13,Ventura,111,848112,76309,75481,2711,78192,618
2021-02-13,Yolo,113,214977,12602,12374,204,12578,175
2021-02-13,Yuba,115,75493,5387,5289,82,5371,38
2021-02-12,Alameda,001,1643700,79061,77958,1684,79642,974
2021-02-12,Alpine,003,1148,78,76,0,76,0
2021-02-12,Amador,005,37829,3417,3381,29,3410,38
2021-02-12,Butte,007,227075,11123,10655,1570,12225,155
2021-02-12,Calaveras,009,45235,1869,1860,12,1872,21
2021-02-12,Colusa,011,21464,1855,1836,250,2086,10
2021-02-12,Contra Costa,013,1133247,61444,59878,1040,60918,620
2021-02-12,Del Norte,015,27424,945,901,4,905,2
2021-02-12,El Dorado,017,186661,8949,8725,584,9309,92
2021-02-12,Fresno,019,978130,94487,92520,7444,99964,1273
2021-02-12,Glenn,021,27897,2206,2175,479,2654,14
2021-02-12,Humboldt,023,135768,3005,2961,20,2981,29
2021-02-12,Imperial,025,180216,27048,26646,2516,29162,585
2021-02-12,Inyo,027,18085,1215,1156,8,1164,32
2021-02-12,Kern,029,883053,91815,89532,9387,98919,949
2021-02-12,Kings,031,150075,21920,21462,937,22399,202
2021-02-12,Lake,033,64148,3080,3012,1,3013,36
2021-02-12,Lassen,035,31185,5066,5015,92,5107,1
2021-02-12,Los Angeles,037,10098052,1157668,1131185,38546,1169731,18637
2021-02-12,Madera,039,155013,15287,15022,771,15793,106
2021-02-12,Marin,041,260295,12904,12720,154,12874,200
2021-02-12,Mariposa,043,17540,371,365,4,369,4
2021-02-12,Mendocino,045,87422,3571,3447,67,3514,38
2021-02-12,Merced,047,269075,27663,27453,822,28275,367
2021-02-12,Modoc,049,8938,336,324,113,437,3
2021-02-12,Mono,051,14174,1168,1172,16,1188,3
2021-02-12,Monterey,053,433212,41371,40633,1616,42249,297
2021-02-12,Napa,055,140530,8860,8785,33,8818,55
2021-02-12,Nevada,057,99092,3865,3728,151,3879,47
2021-02-12,Orange,059,3164182,243911,241075,9984,251059,3505
2021-02-12,Placer,061,380077,20119,19174,1070,20244,230
2021-02-12,Plumas,063,18699,635,614,10,624,4
2021-02-12,Riverside,065,2383286,282170,274792,13237,288029,3438
2021-02-12,Sacramento,067,1510023,92057,90252,1182,91434,1295
2021-02-12,San Benito,069,59416,5645,5622,83,5705,56
2021-02-12,San Bernardino,071,2135413,283476,276890,8410,285300,2827
2021-02-12,San Diego,073,3302833,258932,250788,12462,263250,2979
2021-02-12,San Francisco,075,870044,33420,33179,1006,34185,359
2021-02-12,San Joaquin,077,732212,65485,63966,2673,66639,975
2021-02-12,San Luis Obispo,079,281455,19168,18687,530,19217,224
2021-02-12,San Mateo,081,765935,38734,37560,387,37947,254
2021-02-12,Santa Barbara,083,443738,31520,30454,1073,31527,372
2021-02-12,Santa Clara,085,1922200,107682,106759,539,107298,1543
2021-02-12,Santa Cruz,087,273765,15086,14147,764,14911,170
2021-02-12,Shasta,089,179085,10753,10693,1162,11855,142
2021-02-12,Sierra,091,2930,49,45,12,57,0
2021-02-12,Siskiyou,093,43540,1431,1324,217,1541,4
2021-02-12,Solano,095,438530,29324,28996,342,29338,147
2021-02-12,Sonoma,097,501317,27258,27064,163,27227,275
2021-02-12,Stanislaus,099,539301,49446,48418,5163,53581,697
2021-02-12,Sutter,101,95872,8701,8609,79,8688,93
2021-02-12,Tehama,103,63373,4517,4470,481,4951,27
2021-02-12,Trinity,105,12862,455,269,70,339,3
2021-02-12,Tulare,107,460477,47414,46016,7606,53622,710
2021-02-12,Tuolumne,109,53932,3731,3736,32,3768,49
2021-02-12,Ventura,111,848112,76141,75210,2704,77914,605
2021-02-12,Yolo,113,214977,12582,12340,204,12544,175
2021-02-12,Yuba,115,75493,5379,5274,82,5356,38
2021-02-11,Alameda,001,1643700,78834,77564,1679,79243,960
2021-02-11,Alpine,003,1148,77,76,0,76,0
2021-02-11,Amador,005,37829,3413,3368,29,3397,35
2021-02-11,Butte,007,227075,11099,10624,1568,12192,155
2021-02-11,Calaveras,009,45235,1866,1856,12,1868,21
2021-02-11,Colusa,011,21464,1850,1823,248,2071,10
2021-02-11,Contra Costa,013,1133247,61277,59633,1036,60669,605
2021-02-11,Del Norte,015,27424,940,894,4,898,2
2021-02-11,El Dorado,017,186661,8928,8698,584,9282,92
2021-02-11,Fresno,019,978130,94331,92168,7419,99587,1255
2021-02-11,Glenn,021,27897,2202,2166,478,2644,14
2021-02-11,Humboldt,023,135768,2992,2954,19,2973,29
2021-02-11,Imperial,025,180216,27025,26545,2514,29059,578
2021-02-11,Inyo,027,18085,1206,1144,8,1152,32
2021-02-11,Kern,029,883053,91624,89224,9343,98567,941
2021-02-11,Kings,031,150075,21890,21373,934,22307,202
2021-02-11,Lake,033,64148,3070,3002,1,3003,36
2021-02-11,Lassen,035,31185,5055,5004,89,5093,1
2021-02-11,Los Angeles,037,10098052,1156037,1128437,38476,1166913,18500
2021-02-11,Madera,039,155013,15266,14984,769,15753,106
2021-02-11,Marin,041,260295,12867,12682,154,12836,200
2021-02-11,Mariposa,043,17540,371,361,4,365,4
2021-02-11,Mendocino,045,87422,3564,3420,67,3487,38
2021-02-11,Merced,047,269075,27598,27325,818,28143,363
2021-02-11,Modoc,049,8938,335,317,113,430,3
2021-02-11,Mono,051,14174,1164,1173,16,1189,3
2021-02-11,Monterey,053,433212,41263,40469,1610,42079,295
2021-02-11,Napa,055,140530,8839,8777,33,8810,55
2021-02-11,Nevada,057,99092,3849,3720,151,3871,47
2021-02-11,Orange,059,3164182,243546,240590,9961,250551,3476
2021-02-11,Placer,061,380077,20079,19118,1069,20187,224
2021-02-11,Plumas,063,18699,634,592,10,602,4
2021-02-11,Riverside,065,2383286,281801,274313,13222,287535,3394
2021-02-11,Sacramento,067,1510023,91815,89988,1176,91164,1286
2021-02-11,San Benito,069,59416,5636,5609,83,5692,56
2021-02-11,San Bernardino,071,2135413,283160,276349,8396,284745,2774
2021-02-11,San Diego,073,3302833,258380,249971,12428,262399,2955
2021-02-11,San Francisco,075,870044,33335,33076,997,34073,356
2021-02-11,San Joaquin,077,732212,65315,63719,2663,66382,971
2021-02-11,San Luis Obispo,079,281455,19103,18615,526,19141,219
2021-02-11,San Mateo,081,765935,38643,37439,385,37824,253
2021-02-11,Santa Barbara,083,443738,31426,30375,1068,31443,370
2021-02-11,Santa Clara,085,1922200,107425,106392,533,106925,1507
2021-02-11,Santa Cruz,087,273765,15063,14088,759,14847,165
2021-02-11,Shasta,089,179085,10729,10672,1158,11830,140
2021-02-11,Sierra,091,2930,49,45,12,57,0
2021-02-11,Siskiyou,093,43540,1416,1320,217,1537,4
2021-02-11,Solano,095,438530,29272,28885,342,29227,138
2021-02-11,Sonoma,097,501317,27175,26971,160,27131,272
2021-02-11,Stanislaus,099,539301,49302,48205,5152,53357,697
2021-02-11,Sutter,101,95872,8687,8590,78,8668,93
2021-02-11,Tehama,103,63373,4511,4463,481,4944,26
2021-02-11,Trinity,105,12862,455,269,70,339,3
2021-02-11,Tulare,107,460477,47320,45897,7565,53462,706
2021-02-11,Tuolumne,109,53932,3694,3716,32,3748,48
2021-02-11,Ventura,111,848112,75940,74959,2695,77654,590
2021-02-11,Yolo,113,214977,12559,12303,202,12505,173
2021-02-11,Yuba,115,75493,5365,5261,80,5341,38
2021-02-10,Alameda,001,1643700,78631,77344,1678,79022,944
2021-02-10,Alpine,003,1148,77,76,0,76,0
2021-02-10,Amador,005,37829,3401,3348,29,3377,35
2021-02-10,Butte,007,227075,11073,10594,1567,12161,155
2021-02-10,Calaveras,009,45235,1864,1850,12,1862,21
2021-02-10,Colusa,011,21464,1843,1815,246,2061,10
2021-02-10,Contra Costa,013,1133247,61105,59488,1034,60522,590
2021-02-10,Del Norte,015,27424,934,888,4,892,2
2021-02-10,El Dorado,017,186661,8897,8682,580,9262,87
2021-02-10,Fresno,019,978130,94156,91876,7393,99269,1247
2021-02-10,Glenn,021,27897,2200,2160,475,2635,14
2021-02-10,Humboldt,023,135768,2984,2924,19,2943,29
2021-02-10,Imperial,025,180216,26986,26522,2511,29033,578
2021-02-10,Inyo,027,18085,1194,1138,8,1146,30
2021-02-10,Kern,029,883053,91417,88933,9289,98222,926
2021-02-10,Kings,031,150075,21847,21294,932,22226,197
2021-02-10,Lake,033,64148,3057,2975,1,2976,36
2021-02-10,Lassen,035,31185,5051,4993,89,5082,1
2021-02-10,Los Angeles,037,10098052,1154293,1125437,38347,1163784,18338
2021-02-10,Madera,039,155013,15228,14925,767,15692,105
2021-02-10,Marin,041,260295,12830,12651,154,12805,199
2021-02-10,Mariposa,043,17540,369,360,4,364,4
2021-02-10,Mendocino,045,87422,3549,3395,67,3462,38
2021-02-10,Merced,047,269075,27516,27246,807,28053,359
2021-02-10,Modoc,049,8938,334,315,111,426,3
2021-02-10,Mono,051,14174,1159,1170,16,1186,3
2021-02-10,Monterey,053,433212,41183,40366,1595,41961,288
2021-02-10,Napa,055,140530,8820,8769,33,8802,55
2021-02-10,Nevada,057,99092,3834,3693,149,3842,47
2021-02-10,Orange,059,3164182,243127,239974,9930,249904,3439
2021-02-10,Placer,061,380077,20040,19062,1064,20126,220
2021-02-10,Plumas,063,18699,631,589,10,599,2
2021-02-10,Riverside,065,2383286,281375,273721,13212,286933,3374
2021-02-10,Sacramento,067,1510023,91564,89653,1172,90825,1275
2021-02-10,San Benito,069,59416,5622,5591,83,5674,55
2021-02-10,San Bernardino,071,2135413,282798,275616,8380,283996,2696
2021-02-10,San Diego,073,3302833,257798,248858,12390,261248,2904
2021-02-10,San Francisco,075,870044,33253,32955,994,33949,351
2021-02-10,San Joaquin,077,732212,65174,63484,2649,66133,954
2021-02-10,San Luis Obispo,079,281455,19024,18549,524,19073,216
2021-02-10,San Mateo,081,765935,38553,37323,385,37708,245
2021-02-10,Santa Barbara,083,443738,31337,30216,1063,31279,359
2021-02-10,Santa Clara,085,1922200,107186,106048,530,106578,1489
2021-02-10,Santa Cruz,087,273765,15027,14007,757,14764,165
2021-02-10,Shasta,089,179085,10706,10645,1155,11800,142
2021-02-10,Sierra,091,2930,49,45,12,57,0
2021-02-10,Siskiyou,093,43540,1411,1314,216,1530,4
2021-02-10,Solano,095,438530,29197,28835,340,29175,137
2021-02-10,Sonoma,097,501317,27083,26881,158,27039,271
2021-02-10,Stanislaus,099,539301,49186,48016,5135,53151,696
2021-02-10,Sutter,101,95872,8670,8571,78,8649,93
2021-02-10,Tehama,103,63373,4503,4445,481,4926,23
2021-02-10,Trinity,105,12862,452,268,70,338,3
2021-02-10,Tulare,107,460477,47203,45782,7526,53308,696
2021-02-10,Tuolumne,109,53932,3686,3691,32,3723,48
2021-02-10,Ventura,111,848112,75713,74651,2678,77329,580
2021-02-10,Yolo,113,214977,12535,12276,201,12477,174
2021-02-10,Yuba,115,75493,5347,5241,80,5321,38
2021-02-09,Alameda,001,1643700,78368,77018,1675,78693,936
2021-02-09,Alpine,003,1148,77,76,0,76,0
2021-02-09,Amador,005,37829,3393,3347,29,3376,35
2021-02-09,Butte,007,227075,11046,10563,1565,12128,153
2021-02-09,Calaveras,009,45235,1860,1847,12,1859,21
2021-02-09,Colusa,011,21464,1834,1812,241,2053,10
2021-02-09,Contra Costa,013,1133247,60917,59307,1028,60335,583
2021-02-09,Del Norte,015,27424,928,886,4,890,2
2021-02-09,El Dorado,017,186661,8870,8663,579,9242,87
2021-02-09,Fresno,019,978130,93913,91730,7365,99095,1211
2021-02-09,Glenn,021,27897,2196,2156,474,2630,14
2021-02-09,Humboldt,023,135768,2976,2904,19,2923,29
2021-02-09,Imperial,025,180216,26958,26509,2508,29017,568
2021-02-09,Inyo,027,18085,1186,1137,8,1145,30
2021-02-09,Kern,029,883053,91168,88684,9243,97927,920
2021-02-09,Kings,031,150075,21805,21275,930,22205,196
2021-02-09,Lake,033,64148,3046,2955,1,2956,36
2021-02-09,Lassen,035,31185,5044,4983,89,5072,1
2021-02-09,Los Angeles,037,10098052,1152323,1122745,38261,1161006,18198
2021-02-09,Madera,039,155013,15208,14912,764,15676,105
2021-02-09,Marin,041,260295,12797,12623,153,12776,197
2021-02-09,Mariposa,043,17540,367,355,4,359,4
2021-02-09,Mendocino,045,87422,3531,3369,67,3436,38
2021-02-09,Merced,047,269075,27418,27166,802,27968,354
2021-02-09,Modoc,049,8938,333,316,111,427,3
2021-02-09,Mono,051,14174,1158,1167,16,1183,3
2021-02-09,Monterey,053,433212,41076,40279,1584,41863,285
2021-02-09,Napa,055,140530,8807,8749,33,8782,55
2021-02-09,Nevada,057,99092,3818,3687,149,3836,44
2021-02-09,Orange,059,3164182,242712,239169,9899,249068,3406
2021-02-09,Placer,061,380077,19976,19008,1057,20065,220
2021-02-09,Plumas,063,18699,631,584,10,594,2
2021-02-09,Riverside,065,2383286,280881,273465,13196,286661,3334
2021-02-09,Sacramento,067,1510023,91253,89378,1171,90549,1265
2021-02-09,San Benito,069,59416,5610,5566,82,5648,54
2021-02-09,San Bernardino,071,2135413,282425,274998,8367,283365,2613
2021-02-09,San Diego,073,3302833,257141,248048,12347,260395,2853
2021-02-09,San Francisco,075,870044,33174,32782,984,33766,349
2021-02-09,San Joaquin,077,732212,65000,63341,2644,65985,937
2021-02-09,San Luis Obispo,079,281455,18965,18489,523,19012,216
2021-02-09,San Mateo,081,765935,38422,37227,384,37611,235
2021-02-09,Santa Barbara,083,443738,31227,30118,1057,31175,351
2021-02-09,Santa Clara,085,1922200,106879,105762,527,106289,1463
2021-02-09,Santa Cruz,087,273765,14977,13958,752,14710,162
2021-02-09,Shasta,089,179085,10680,10595,1153,11748,139
2021-02-09,Sierra,091,2930,49,44,12,56,0
2021-02-09,Siskiyou,093,43540,1403,1306,214,1520,4
2021-02-09,Solano,095,438530,29120,28769,337,29106,131
2021-02-09,Sonoma,097,501317,26994,26826,156,26982,267
2021-02-09,Stanislaus,099,539301,49025,47906,5119,53025,679
2021-02-09,Sutter,101,95872,8653,8541,78,8619,92
2021-02-09,Tehama,103,63373,4496,4416,479,4895,22
2021-02-09,Trinity,105,12862,452,266,70,336,3
2021-02-09,Tulare,107,460477,47069,45704,7472,53176,686
2021-02-09,Tuolumne,109,53932,3667,3673,32,3705,48
2021-02-09,Ventura,111,848112,75463,74333,2670,77003,567
2021-02-09,Yolo,113,214977,12493,12220,201,12421,174
2021-02-09,Yuba,115,75493,5338,5235,80,5315,35
2021-02-08,Alameda,001,1643700,78105,76735,1670,78405,924
2021-02-08,Alpine,003,1148,77,73,0,73,0
2021-02-08,Amador,005,37829,3386,3344,28,3372,33
2021-02-08,Butte,007,227075,11024,10524,1562,12086,152
2021-02-08,Calaveras,009,45235,1859,1840,12,1852,21
2021-02-08,Colusa,011,21464,1826,1802,237,2039,10
2021-02-08,Contra Costa,013,1133247,60709,59039,1026,60065,567
2021-02-08,Del Norte,015,27424,925,885,4,889,2
2021-02-08,El Dorado,017,186661,8839,8627,577,9204,86
2021-02-08,Fresno,019,978130,93700,91430,7339,98769,1207
2021-02-08,Glenn,021,27897,2189,2148,472,2620,14
2021-02-08,Humboldt,023,135768,2968,2902,19,2921,29
2021-02-08,Imperial,025,180216,26938,26526,2506,29032,567
2021-02-08,Inyo,027,18085,1173,1126,8,1134,30
2021-02-08,Kern,029,883053,90953,88380,9185,97565,920
2021-02-08,Kings,031,150075,21743,21232,927,22159,195
2021-02-08,Lake,033,64148,3027,2949,1,2950,36
2021-02-08,Lassen,035,31185,5031,4976,89,5065,1
2021-02-08,Los Angeles,037,10098052,1150228,1120179,38142,1158321,17977
2021-02-08,Madera,039,155013,15172,14887,757,15644,93
2021-02-08,Marin,041,260295,12768,12591,153,12744,194
2021-02-08,Mariposa,043,17540,367,355,4,359,4
2021-02-08,Mendocino,045,87422,3517,3355,67,3422,38
2021-02-08,Merced,047,269075,27333,27082,797,27879,346
2021-02-08,Modoc,049,8938,331,318,111,429,3
2021-02-08,Mono,051,14174,1158,1165,16,1181,3
2021-02-08,Monterey,053,433212,40952,40186,1565,41751,283
2021-02-08,Napa,055,140530,8792,8719,33,8752,55
2021-02-08,Nevada,057,99092,3806,3671,149,3820,44
2021-02-08,Orange,059,3164182,242243,238715,9875,248590,3361
2021-02-08,Placer,061,380077,19933,18944,1051,19995,211
2021-02-08,Plumas,063,18699,630,584,10,594,2
2021-02-08,Riverside,065,2383286,280312,272904,13170,286074,3301
2021-02-08,Sacramento,067,1510023,90966,89267,1168,90435,1247
2021-02-08,San Benito,069,59416,5605,5553,81,5634,52
2021-02-08,San Bernardino,071,2135413,282021,274661,8361,283022,2587
2021-02-08,San Diego,073,3302833,256399,247259,12306,259565,2821
2021-02-08,San Francisco,075,870044,33080,32679,976,33655,348
2021-02-08,San Joaquin,077,732212,64839,63148,2634,65782,929
2021-02-08,San Luis Obispo,079,281455,18908,18421,518,18939,214
2021-02-08,San Mateo,081,765935,38313,37084,384,37468,232
2021-02-08,Santa Barbara,083,443738,31112,29978,1050,31028,340
2021-02-08,Santa Clara,085,1922200,106554,105413,519,105932,1456
2021-02-08,Santa Cruz,087,273765,14938,13921,746,14667,161
2021-02-08,Shasta,089,179085,10654,10574,1147,11721,137
2021-02-08,Sierra,091,2930,49,44,12,56,0
2021-02-08,Siskiyou,093,43540,1400,1303,214,1517,4
2021-02-08,Solano,095,438530,29056,28644,335,28979,130
2021-02-08,Sonoma,097,501317,26903,26760,155,26915,259
2021-02-08,Stanislaus,099,539301,48872,47704,5091,52795,679
2021-02-08,Sutter,101,95872,8634,8526,78,8604,92
2021-02-08,Tehama,103,63373,4481,4403,477,4880,22
2021-02-08,Trinity,105,12862,450,266,70,336,3
2021-02-08,Tulare,107,460477,46962,45617,7432,53049,673
2021-02-08,Tuolumne,109,53932,3659,3647,32,3679,48
2021-02-08,Ventura,111,848112,75206,74068,2664,76732,565
2021-02-08,Yolo,113,214977,12461,12169,200,12369,162
2021-02-08,Yuba,115,75493,5322,5215,80,5295,35
2021-02-07,Alameda,001,1643700,77802,76500,1662,78162,924
2021-02-07,Alpine,003,1148,74,72,0,72,0
2021-02-07,Amador,005,37829,3365,3343,28,3371,33
2021-02-07,Butte,007,227075,10991,10513,1552,12065,152
2021-02-07,Calaveras,009,45235,1854,1837,12,1849,21
2021-02-07,Colusa,011,21464,1815,1795,235,2030,10
2021-02-07,Contra Costa,013,1133247,60470,58836,1021,59857,566
2021-02-07,Del Norte,015,27424,921,881,4,885,2
2021-02-07,El Dorado,017,186661,8810,8596,575,9171,86
2021-02-07,Fresno,019,978130,93470,91184,7301,98485,1207
2021-02-07,Glenn,021,27897,2186,2141,468,2609,14
2021-02-07,Humboldt,023,135768,2947,2895,19,2914,28
2021-02-07,Imperial,025,180216,26909,26518,2500,29018,567
2021-02-07,Inyo,027,18085,1162,1124,8,1132,27
2021-02-07,Kern,029,883053,90708,88146,9128,97274,920
2021-02-07,Kings,031,150075,21682,21180,924,22104,192
2021-02-07,Lake,033,64148,3011,2940,1,2941,36
2021-02-07,Lassen,035,31185,5020,4973,89,5062,1
2021-02-07,Los Angeles,037,10098052,1147472,1117551,38014,1155565,17889
2021-02-07,Madera,039,155013,15138,14850,753,15603,93
2021-02-07,Marin,041,260295,12734,12571,151,12722,194
2021-02-07,Mariposa,043,17540,366,355,4,359,4
2021-02-07,Mendocino,045,87422,3500,3348,67,3415,38
2021-02-07,Merced,047,269075,27222,26977,785,27762,346
2021-02-07,Modoc,049,8938,331,317,107,424,3
2021-02-07,Mono,051,14174,1155,1165,16,1181,3
2021-02-07,Monterey,053,433212,40817,40113,1545,41658,283
2021-02-07,Napa,055,140530,8769,8701,33,8734,55
2021-02-07,Nevada,057,99092,3795,3643,149,3792,44
2021-02-07,Orange,059,3164182,241645,238155,9843,247998,3336
2021-02-07,Placer,061,380077,19886,18903,1038,19941,211
2021-02-07,Plumas,063,18699,630,584,10,594,2
2021-02-07,Riverside,065,2383286,279784,272301,13149,285450,3267
2021-02-07,Sacramento,067,1510023,90634,88919,1161,90080,1246
2021-02-07,San Benito,069,59416,5586,5548,80,5628,52
2021-02-07,San Bernardino,071,2135413,281439,274316,8336,282652,2587
2021-02-07,San Diego,073,3302833,255613,246561,12242,258803,2821
2021-02-07,San Francisco,075,870044,32959,32609,964,33573,348
2021-02-07,San Joaquin,077,732212,64566,63051,2619,65670,929
2021-02-07,San Luis Obispo,079,281455,18835,18349,511,18860,214
2021-02-07,San Mateo,081,765935,38179,36984,382,37366,232
2021-02-07,Santa Barbara,083,443738,30973,29815,1039,30854,340
2021-02-07,Santa Clara,085,1922200,106214,105118,509,105627,1450
2021-02-07,Santa Cruz,087,273765,14884,13887,742,14629,161
2021-02-07,Shasta,089,179085,10634,10570,1139,11709,137
2021-02-07,Sierra,091,2930,49,43,12,55,0
2021-02-07,Siskiyou,093,43540,1393,1295,212,1507,4
2021-02-07,Solano,095,438530,28946,28567,334,28901,130
2021-02-07,Sonoma,097,501317,26796,26684,151,26835,257
2021-02-07,Stanislaus,099,539301,48682,47551,5059,52610,679
2021-02-07,Sutter,101,95872,8606,8515,78,8593,92
2021-02-07,Tehama,103,63373,4467,4396,475,4871,22
2021-02-07,Trinity,105,12862,447,264,68,332,3
2021-02-07,Tulare,107,460477,46840,45520,7354,52874,671
2021-02-07,Tuolumne,109,53932,3635,3619,31,3650,48
2021-02-07,Ventura,111,848112,74897,73759,2652,76411,561
2021-02-07,Yolo,113,214977,12417,12135,200,12335,162
2021-02-07,Yuba,115,75493,5307,5198,78,5276,35
2021-02-06,Alameda,001,1643700,77647,76170,1651,77821,922
2021-02-06,Alpine,003,1148,74,72,0,72,0
2021-02-06,Amador,005,37829,3359,3306,28,3334,33
2021-02-06,Butte,007,227075,10974,10480,1548,12028,150
2021-02-06,Calaveras,009,45235,1852,1832,12,1844,21
2021-02-06,Colusa,011,21464,1813,1791,234,2025,10
2021-02-06,Contra Costa,013,1133247,60324,58567,1015,59582,566
2021-02-06,Del Norte,015,27424,917,879,4,883,2
2021-02-06,El Dorado,017,186661,8803,8575,571,9146,86
2021-02-06,Fresno,019,978130,93357,90944,7281,98225,1207
2021-02-06,Glenn,021,27897,2185,2136,466,2602,14
2021-02-06,Humboldt,023,135768,2936,2880,19,2899,28
2021-02-06,Imperial,025,180216,26899,26514,2499,29013,567
2021-02-06,Inyo,027,18085,1159,1113,8,1121,27
2021-02-06,Kern,029,883053,90556,87919,9082,97001,912
2021-02-06,Kings,031,150075,21652,21156,924,22080,190
2021-02-06,Lake,033,64148,3006,2920,1,2921,34
2021-02-06,Lassen,035,31185,5016,4964,88,5052,1
2021-02-06,Los Angeles,037,10098052,1146118,1114718,37916,1152634,17793
2021-02-06,Madera,039,155013,15117,14807,751,15558,93
2021-02-06,Marin,041,260295,12714,12531,151,12682,194
2021-02-06,Mariposa,043,17540,365,355,3,358,4
2021-02-06,Mendocino,045,87422,3482,3316,66,3382,38
2021-02-06,Merced,047,269075,27136,26881,778,27659,346
2021-02-06,Modoc,049,8938,331,313,107,420,3
2021-02-06,Mono,051,14174,1154,1159,16,1175,3
2021-02-06,Monterey,053,433212,40761,39995,1537,41532,282
2021-02-06,Napa,055,140530,8756,8639,33,8672,55
2021-02-06,Nevada,057,99092,3783,3624,149,3773,43
2021-02-06,Orange,059,3164182,241281,237391,9809,247200,3293
2021-02-06,Placer,061,380077,19849,18836,1035,19871,211
2021-02-06,Plumas,063,18699,630,584,10,594,2
2021-02-06,Riverside,065,2383286,279418,271741,13130,284871,3243
2021-02-06,Sacramento,067,1510023,90417,88532,1151,89683,1237
2021-02-06,San Benito,069,59416,5568,5516,80,5596,52
2021-02-06,San Bernardino,071,2135413,281133,273718,8313,282031,2564
2021-02-06,San Diego,073,3302833,255117,245331,12207,257538,2812
2021-02-06,San Francisco,075,870044,32885,32437,954,33391,346
2021-02-06,San Joaquin,077,732212,64487,62840,2608,65448,906
2021-02-06,San Luis Obispo,079,281455,18793,18284,507,18791,214
2021-02-06,San Mateo,081,765935,38111,36824,379,37203,232
2021-02-06,Santa Barbara,083,443738,30897,29645,1037,30682,337
2021-02-06,Santa Clara,085,1922200,105993,104639,504,105143,1439
2021-02-06,Santa Cruz,087,273765,14853,13845,738,14583,161
2021-02-06,Shasta,089,179085,10623,10561,1137,11698,137
2021-02-06,Sierra,091,2930,49,43,12,55,0
2021-02-06,Siskiyou,093,43540,1390,1289,211,1500,4
2021-02-06,Solano,095,438530,28910,28446,333,28779,129
2021-02-06,Sonoma,097,501317,26760,26564,149,26713,257
2021-02-06,Stanislaus,099,539301,48584,47325,5043,52368,679
2021-02-06,Sutter,101,95872,8598,8485,78,8563,92
2021-02-06,Tehama,103,63373,4460,4380,473,4853,22
2021-02-06,Trinity,105,12862,447,263,68,331,3
2021-02-06,Tulare,107,460477,46772,45349,7307,52656,664
2021-02-06,Tuolumne,109,53932,3628,3612,31,3643,48
2021-02-06,Ventura,111,848112,74717,73431,2646,76077,552
2021-02-06,Yolo,113,214977,12394,12061,200,12261,161
2021-02-06,Yuba,115,75493,5297,5177,77,5254,35
2021-02-05,Alameda,001,1643700,77422,75716,1649,77365,916
2021-02-05,Alpine,003,1148,74,72,0,72,0
2021-02-05,Amador,005,37829,3354,3299,27,3326,33
2021-02-05,Butte,007,227075,10956,10421,1542,11963,150
2021-02-05,Calaveras,009,45235,1848,1818,12,1830,21
2021-02-05,Colusa,011,21464,1809,1785,234,2019,10
2021-02-05,Contra Costa,013,1133247,60163,58195,1013,59208,560
2021-02-05,Del Norte,015,27424,916,874,4,878,2
2021-02-05,El Dorado,017,186661,8783,8527,569,9096,86
2021-02-05,Fresno,019,978130,93155,90513,7260,97773,1194
2021-02-05,Glenn,021,27897,2181,2122,461,2583,14
2021-02-05,Humboldt,023,135768,2926,2857,19,2876,28
2021-02-05,Imperial,025,180216,26880,26474,2498,28972,557
2021-02-05,Inyo,027,18085,1155,1104,8,1112,27
2021-02-05,Kern,029,883053,90387,87470,9015,96485,906
2021-02-05,Kings,031,150075,21614,21021,921,21942,190
2021-02-05,Lake,033,64148,2994,2906,1,2907,33
2021-02-05,Lassen,035,31185,5012,4936,88,5024,1
2021-02-05,Los Angeles,037,10098052,1144022,1110384,37780,1148164,17608
2021-02-05,Madera,039,155013,15083,14752,746,15498,95
2021-02-05,Marin,041,260295,12679,12479,151,12630,193
2021-02-05,Mariposa,043,17540,365,352,3,355,4
2021-02-05,Mendocino,045,87422,3468,3272,66,3338,38
2021-02-05,Merced,047,269075,27076,26760,777,27537,345
2021-02-05,Modoc,049,8938,331,312,107,419,3
2021-02-05,Mono,051,14174,1153,1157,16,1173,3
2021-02-05,Monterey,053,433212,40694,39840,1526,41366,281
2021-02-05,Napa,055,140530,8742,8598,33,8631,55
2021-02-05,Nevada,057,99092,3780,3607,149,3756,43
2021-02-05,Orange,059,3164182,240854,236335,9782,246117,3260
2021-02-05,Placer,061,380077,19813,18756,1033,19789,211
2021-02-05,Plumas,063,18699,628,578,10,588,2
2021-02-05,Riverside,065,2383286,279004,270666,13111,283777,3235
2021-02-05,Sacramento,067,1510023,90237,87992,1144,89136,1231
2021-02-05,San Benito,069,59416,5557,5502,80,5582,51
2021-02-05,San Bernardino,071,2135413,280795,272938,8295,281233,2495
2021-02-05,San Diego,073,3302833,254541,244066,12172,256238,2777
2021-02-05,San Francisco,075,870044,32795,32229,943,33172,337
2021-02-05,San Joaquin,077,732212,64337,62565,2600,65165,902
2021-02-05,San Luis Obispo,079,281455,18732,18152,503,18655,213
2021-02-05,San Mateo,081,765935,38027,36582,378,36960,227
2021-02-05,Santa Barbara,083,443738,30802,29455,1024,30479,334
2021-02-05,Santa Clara,085,1922200,105745,104112,502,104614,1421
2021-02-05,Santa Cruz,087,273765,14832,13776,736,14512,161
2021-02-05,Shasta,089,179085,10607,10507,1130,11637,136
2021-02-05,Sierra,091,2930,49,42,12,54,0
2021-02-05,Siskiyou,093,43540,1383,1276,209,1485,4
2021-02-05,Solano,095,438530,28860,28283,333,28616,127
2021-02-05,Sonoma,097,501317,26691,26423,146,26569,252
2021-02-05,Stanislaus,099,539301,48442,47024,5025,52049,678
2021-02-05,Sutter,101,95872,8578,8443,78,8521,92
2021-02-05,Tehama,103,63373,4452,4355,473,4828,22
2021-02-05,Trinity,105,12862,446,260,68,328,3
2021-02-05,Tulare,107,460477,46696,45138,7257,52395,663
2021-02-05,Tuolumne,109,53932,3602,3595,31,3626,45
2021-02-05,Ventura,111,848112,74472,72953,2634,75587,546
2021-02-05,Yolo,113,214977,12375,12025,195,12220,162
2021-02-05,Yuba,115,75493,5280,5145,77,5222,35
2021-02-04,Alameda,001,1643700,77137,75422,1643,77065,899
2021-02-04,Alpine,003,1148,73,72,0,72,0
2021-02-04,Amador,005,37829,3351,3288,27,3315,33
2021-02-04,Butte,007,227075,10923,10386,1534,11920,147
2021-02-04,Calaveras,009,45235,1846,1808,12,1820,21
2021-02-04,Colusa,011,21464,1805,1777,232,2009,10
2021-02-04,Contra Costa,013,1133247,59974,57991,1009,59000,550
2021-02-04,Del Norte,015,27424,910,870,4,874,2
2021-02-04,El Dorado,017,186661,8757,8490,566,9056,86
2021-02-04,Fresno,019,978130,92940,90126,7233,97359,1114
2021-02-04,Glenn,021,27897,2177,2102,461,2563,14
2021-02-04,Humboldt,023,135768,2916,2827,19,2846,28
2021-02-04,Imperial,025,180216,26833,26411,2495,28906,556
2021-02-04,Inyo,027,18085,1143,1084,8,1092,27
2021-02-04,Kern,029,883053,90114,87156,8937,96093,898
2021-02-04,Kings,031,150075,21563,20918,914,21832,187
2021-02-04,Lake,033,64148,2982,2882,1,2883,34
2021-02-04,Lassen,035,31185,5009,4927,88,5015,1
2021-02-04,Los Angeles,037,10098052,1141228,1106323,37652,1143975,17396
2021-02-04,Madera,039,155013,15053,14706,743,15449,95
2021-02-04,Marin,041,260295,12643,12431,151,12582,192
2021-02-04,Mariposa,043,17540,365,348,3,351,4
2021-02-04,Mendocino,045,87422,3450,3240,64,3304,38
2021-02-04,Merced,047,269075,26983,26629,774,27403,345
2021-02-04,Modoc,049,8938,331,309,107,416,3
2021-02-04,Mono,051,14174,1151,1153,16,1169,3
2021-02-04,Monterey,053,433212,40585,39619,1509,41128,279
2021-02-04,Napa,055,140530,8713,8573,33,8606,55
2021-02-04,Nevada,057,99092,3760,3590,148,3738,37
2021-02-04,Orange,059,3164182,240212,235677,9740,245417,3238
2021-02-04,Placer,061,380077,19753,18711,1024,19735,210
2021-02-04,Plumas,063,18699,625,562,10,572,2
2021-02-04,Riverside,065,2383286,278242,269851,13072,282923,3230
2021-02-04,Sacramento,067,1510023,89936,87658,1134,88792,1222
2021-02-04,San Benito,069,59416,5543,5488,79,5567,51
2021-02-04,San Bernardino,071,2135413,280245,272223,8275,280498,2409
2021-02-04,San Diego,073,3302833,253753,242613,12106,254719,2738
2021-02-04,San Francisco,075,870044,32681,32116,934,33050,326
2021-02-04,San Joaquin,077,732212,64112,62374,2592,64966,883
2021-02-04,San Luis Obispo,079,281455,18665,18058,501,18559,211
2021-02-04,San Mateo,081,765935,37907,36437,375,36812,226
2021-02-04,Santa Barbara,083,443738,30667,29344,1007,30351,322
2021-02-04,Santa Clara,085,1922200,105397,103781,499,104280,1404
2021-02-04,Santa Cruz,087,273765,14799,13713,728,14441,156
2021-02-04,Shasta,089,179085,10581,10466,1125,11591,131
2021-02-04,Sierra,091,2930,49,42,12,54,0
2021-02-04,Siskiyou,093,43540,1374,1273,209,1482,4
2021-02-04,Solano,095,438530,28757,28192,332,28524,120
2021-02-04,Sonoma,097,501317,26609,26276,142,26418,249
2021-02-04,Stanislaus,099,539301,48279,46822,5006,51828,678
2021-02-04,Sutter,101,95872,8558,8401,78,8479,92
2021-02-04,Tehama,103,63373,4436,4327,473,4800,21
2021-02-04,Trinity,105,12862,445,260,67,327,3
2021-02-04,Tulare,107,460477,46569,44983,7194,52177,656
2021-02-04,Tuolumne,109,53932,3562,3585,31,3616,45
2021-02-04,Ventura,111,848112,74140,72595,2621,75216,537
2021-02-04,Yolo,113,214977,12341,11982,194,12176,161
2021-02-04,Yuba,115,75493,5254,5135,77,5212,34
2021-02-03,Alameda,001,1643700,76809,74968,1639,76607,880
2021-02-03,Alpine,003,1148,73,72,0,72,0
2021-02-03,Amador,005,37829,3347,3281,27,3308,33
2021-02-03,Butte,007,227075,10886,10355,1527,11882,144
2021-02-03,Calaveras,009,45235,1832,1799,11,1810,21
2021-02-03,Colusa,011,21464,1800,1773,231,2004,10
2021-02-03,Contra Costa,013,1133247,59735,57762,997,58759,537
2021-02-03,Del Norte,015,27424,905,869,4,873,2
2021-02-03,El Dorado,017,186661,8737,8428,565,8993,86
2021-02-03,Fresno,019,978130,92719,89748,7193,96941,1015
2021-02-03,Glenn,021,27897,2167,2098,459,2557,14
2021-02-03,Humboldt,023,135768,2906,2800,19,2819,27
2021-02-03,Imperial,025,180216,26799,26363,2489,28852,547
2021-02-03,Inyo,027,18085,1133,1071,8,1079,27
2021-02-03,Kern,029,883053,89872,86771,8896,95667,877
2021-02-03,Kings,031,150075,21502,20831,912,21743,172
2021-02-03,Lake,033,64148,2965,2869,1,2870,33
2021-02-03,Lassen,035,31185,4998,4910,88,4998,1
2021-02-03,Los Angeles,037,10098052,1138151,1101890,37526,1139416,17163
2021-02-03,Madera,039,155013,15014,14605,741,15346,94
2021-02-03,Marin,041,260295,12609,12406,151,12557,190
2021-02-03,Mariposa,043,17540,364,347,3,350,4
2021-02-03,Mendocino,045,87422,3424,3236,63,3299,38
2021-02-03,Merced,047,269075,26867,26520,769,27289,343
2021-02-03,Modoc,049,8938,330,308,107,415,3
2021-02-03,Mono,051,14174,1144,1146,16,1162,3
2021-02-03,Monterey,053,433212,40459,39500,1491,40991,279
2021-02-03,Napa,055,140530,8678,8534,33,8567,54
2021-02-03,Nevada,057,99092,3746,3572,148,3720,35
2021-02-03,Orange,059,3164182,239470,234738,9708,244446,3189
2021-02-03,Placer,061,380077,19698,18646,1022,19668,210
2021-02-03,Plumas,063,18699,625,559,10,569,2
2021-02-03,Riverside,065,2383286,277503,269019,13042,282061,3195
2021-02-03,Sacramento,067,1510023,89613,87415,1130,88545,1212
2021-02-03,San Benito,069,59416,5525,5463,76,5539,51
2021-02-03,San Bernardino,071,2135413,279763,271477,8252,279729,2308
2021-02-03,San Diego,073,3302833,252852,241015,12059,253074,2683
2021-02-03,San Francisco,075,870044,32551,31983,929,32912,325
2021-02-03,San Joaquin,077,732212,63884,61976,2582,64558,880
2021-02-03,San Luis Obispo,079,281455,18587,17922,498,18420,206
2021-02-03,San Mateo,081,765935,37769,36227,371,36598,225
2021-02-03,Santa Barbara,083,443738,30520,29121,997,30118,315
2021-02-03,Santa Clara,085,1922200,105079,103278,497,103775,1364
2021-02-03,Santa Cruz,087,273765,14744,13611,722,14333,154
2021-02-03,Shasta,089,179085,10538,10422,1120,11542,130
2021-02-03,Sierra,091,2930,49,42,12,54,0
2021-02-03,Siskiyou,093,43540,1363,1268,208,1476,4
2021-02-03,Solano,095,438530,28635,28057,332,28389,119
2021-02-03,Sonoma,097,501317,26525,26155,141,26296,248
2021-02-03,Stanislaus,099,539301,48103,46598,4987,51585,662
2021-02-03,Sutter,101,95872,8533,8379,78,8457,90
2021-02-03,Tehama,103,63373,4414,4309,470,4779,21
2021-02-03,Trinity,105,12862,445,260,66,326,3
2021-02-03,Tulare,107,460477,46398,44838,7138,51976,640
2021-02-03,Tuolumne,109,53932,3551,3568,31,3599,45
2021-02-03,Ventura,111,848112,73804,72124,2610,74734,526
2021-02-03,Yolo,113,214977,12317,11933,193,12126,161
2021-02-03,Yuba,115,75493,5236,5124,77,5201,34
2021-02-02,Alameda,001,1643700,76465,74642,1627,76269,869
2021-02-02,Alpine,003,1148,73,72,0,72,0
2021-02-02,Amador,005,37829,3316,3275,27,3302,33
2021-02-02,Butte,007,227075,10859,10307,1519,11826,141
2021-02-02,Calaveras,009,45235,1823,1786,11,1797,21
2021-02-02,Colusa,011,21464,1792,1769,226,1995,9
2021-02-02,Contra Costa,013,1133247,59454,57551,993,58544,536
2021-02-02,Del Norte,015,27424,899,868,4,872,2
2021-02-02,El Dorado,017,186661,8697,8405,565,8970,84
2021-02-02,Fresno,019,978130,92417,89542,7157,96699,1009
2021-02-02,Glenn,021,27897,2155,2090,456,2546,14
2021-02-02,Humboldt,023,135768,2894,2784,19,2803,25
2021-02-02,Imperial,025,180216,26747,26317,2483,28800,535
2021-02-02,Inyo,027,18085,1130,1074,8,1082,27
2021-02-02,Kern,029,883053,89570,86485,8820,95305,867
2021-02-02,Kings,031,150075,21424,20785,904,21689,172
2021-02-02,Lake,033,64148,2945,2857,1,2858,33
2021-02-02,Lassen,035,31185,4991,4908,88,4996,1
2021-02-02,Los Angeles,037,10098052,1134771,1097573,37360,1134933,16913
2021-02-02,Madera,039,155013,14963,14595,736,15331,94
2021-02-02,Marin,041,260295,12580,12367,151,12518,189
2021-02-02,Mariposa,043,17540,361,345,3,348,4
2021-02-02,Mendocino,045,87422,3391,3210,63,3273,38
2021-02-02,Merced,047,269075,26770,26427,762,27189,340
2021-02-02,Modoc,049,8938,325,306,107,413,3
2021-02-02,Mono,051,14174,1142,1147,16,1163,3
2021-02-02,Monterey,053,433212,40323,39371,1477,40848,278
2021-02-02,Napa,055,140530,8649,8505,33,8538,53
2021-02-02,Nevada,057,99092,3731,3548,148,3696,20
2021-02-02,Orange,059,3164182,238668,233783,9673,243456,3152
2021-02-02,Placer,061,380077,19639,18615,1018,19633,205
2021-02-02,Plumas,063,18699,625,560,10,570,2
2021-02-02,Riverside,065,2383286,276641,267901,13008,280909,3169
2021-02-02,Sacramento,067,1510023,89324,87107,1119,88226,1202
2021-02-02,San Benito,069,59416,5511,5444,75,5519,50
2021-02-02,San Bernardino,071,2135413,279086,270486,8222,278708,2244
2021-02-02,San Diego,073,3302833,251813,240047,11972,252019,2629
2021-02-02,San Francisco,075,870044,32397,31788,919,32707,324
2021-02-02,San Joaquin,077,732212,63664,61708,2568,64276,878
2021-02-02,San Luis Obispo,079,281455,18493,17811,496,18307,201
2021-02-02,San Mateo,081,765935,37605,36004,365,36369,225
2021-02-02,Santa Barbara,083,443738,30351,28951,990,29941,304
2021-02-02,Santa Clara,085,1922200,104615,102872,492,103364,1349
2021-02-02,Santa Cruz,087,273765,14685,13572,718,14290,150
2021-02-02,Shasta,089,179085,10512,10371,1110,11481,128
2021-02-02,Sierra,091,2930,49,42,12,54,0
2021-02-02,Siskiyou,093,43540,1356,1252,205,1457,4
2021-02-02,Solano,095,438530,28539,27963,328,28291,118
2021-02-02,Sonoma,097,501317,26407,26054,141,26195,247
2021-02-02,Stanislaus,099,539301,47883,46306,4955,51261,641
2021-02-02,Sutter,101,95872,8510,8340,78,8418,89
2021-02-02,Tehama,103,63373,4401,4289,469,4758,21
2021-02-02,Trinity,105,12862,445,260,66,326,3
2021-02-02,Tulare,107,460477,46242,44720,7072,51792,625
2021-02-02,Tuolumne,109,53932,3539,3548,31,3579,39
2021-02-02,Ventura,111,848112,73386,71557,2600,74157,514
2021-02-02,Yolo,113,214977,12272,11886,186,12072,158
2021-02-02,Yuba,115,75493,5218,5111,77,5188,34
2021-02-01,Alameda,001,1643700,76110,74374,1622,75996,858
2021-02-01,Alpine,003,1148,73,72,0,72,0
2021-02-01,Amador,005,37829,3305,3234,27,3261,32
2021-02-01,Butte,007,227075,10817,10263,1515,11778,141
2021-02-01,Calaveras,009,45235,1815,1785,11,1796,21
2021-02-01,Colusa,011,21464,1787,1763,217,1980,9
2021-02-01,Contra Costa,013,1133247,59209,57324,992,58316,531
2021-02-01,Del Norte,015,27424,896,865,4,869,2
2021-02-01,El Dorado,017,186661,8658,8337,565,8902,83
2021-02-01,Fresno,019,978130,92085,89272,7122,96394,994
2021-02-01,Glenn,021,27897,2139,2086,448,2534,14
2021-02-01,Humboldt,023,135768,2872,2773,18,2791,25
2021-02-01,Imperial,025,180216,26704,26224,2481,28705,530
2021-02-01,Inyo,027,18085,1120,1072,8,1080,27
2021-02-01,Kern,029,883053,89173,86170,8751,94921,862
2021-02-01,Kings,031,150075,21333,20746,896,21642,172
2021-02-01,Lake,033,64148,2929,2843,1,2844,33
2021-02-01,Lassen,035,31185,4971,4907,88,4995,1
2021-02-01,Los Angeles,037,10098052,1130954,1094341,37189,1131530,16695
2021-02-01,Madera,039,155013,14928,14572,733,15305,94
2021-02-01,Marin,041,260295,12540,12341,150,12491,188
2021-02-01,Mariposa,043,17540,359,344,3,347,4
2021-02-01,Mendocino,045,87422,3358,3192,63,3255,37
2021-02-01,Merced,047,269075,26644,26282,753,27035,337
2021-02-01,Modoc,049,8938,319,303,103,406,1
2021-02-01,Mono,051,14174,1139,1145,16,1161,3
2021-02-01,Monterey,053,433212,40142,39196,1455,40651,278
2021-02-01,Napa,055,140530,8617,8449,33,8482,52
2021-02-01,Nevada,057,99092,3714,3535,147,3682,20
2021-02-01,Orange,059,3164182,237757,233155,9627,242782,3100
2021-02-01,Placer,061,380077,19573,18574,1011,19585,204
2021-02-01,Plumas,063,18699,623,554,10,564,2
2021-02-01,Riverside,065,2383286,275702,267025,12971,279996,3092
2021-02-01,Sacramento,067,1510023,88923,86856,1108,87964,1193
2021-02-01,San Benito,069,59416,5493,5432,75,5507,48
2021-02-01,San Bernardino,071,2135413,278391,270012,8182,278194,2172
2021-02-01,San Diego,073,3302833,250589,239121,11896,251017,2619
2021-02-01,San Francisco,075,870044,32263,31703,907,32610,324
2021-02-01,San Joaquin,077,732212,63459,61542,2557,64099,877
2021-02-01,San Luis Obispo,079,281455,18373,17690,489,18179,199
2021-02-01,San Mateo,081,765935,37456,35843,365,36208,220
2021-02-01,Santa Barbara,083,443738,30181,28837,982,29819,297
2021-02-01,Santa Clara,085,1922200,104200,102462,491,102953,1343
2021-02-01,Santa Cruz,087,273765,14632,13524,716,14240,149
2021-02-01,Shasta,089,179085,10487,10329,1104,11433,112
2021-02-01,Sierra,091,2930,49,42,12,54,0
2021-02-01,Siskiyou,093,43540,1349,1238,202,1440,4
2021-02-01,Solano,095,438530,28434,27844,327,28171,117
2021-02-01,Sonoma,097,501317,26319,26011,140,26151,243
2021-02-01,Stanislaus,099,539301,47624,46112,4927,51039,642
2021-02-01,Sutter,101,95872,8471,8313,78,8391,89
2021-02-01,Tehama,103,63373,4377,4263,469,4732,21
2021-02-01,Trinity,105,12862,443,260,66,326,3
2021-02-01,Tulare,107,460477,46098,44569,6991,51560,618
2021-02-01,Tuolumne,109,53932,3531,3534,31,3565,39
2021-02-01,Ventura,111,848112,72980,71104,2584,73688,502
2021-02-01,Yolo,113,214977,12227,11824,178,12002,151
2021-02-01,Yuba,115,75493,5204,5084,76,5160,33
2021-01-31,Alameda,001,1643700,75685,73979,1614,75593,857
2021-01-31,Alpine,003,1148,73,72,0,72,0
2021-01-31,Amador,005,37829,3295,3212,25,3237,32
2021-01-31,Butte,007,227075,10775,10215,1504,11719,140
2021-01-31,Calaveras,009,45235,1795,1778,11,1789,21
2021-01-31,Colusa,011,21464,1780,1754,212,1966,9
2021-01-31,Contra Costa,013,1133247,58877,57079,992,58071,531
2021-01-31,Del Norte,015,27424,894,865,4,869,2
2021-01-31,El Dorado,017,186661,8622,8317,563,8880,83
2021-01-31,Fresno,019,978130,91773,88852,7068,95920,994
2021-01-31,Glenn,021,27897,2128,2083,447,2530,14
2021-01-31,Humboldt,023,135768,2856,2767,18,2785,25
2021-01-31,Imperial,025,180216,26632,26206,2472,28678,530
2021-01-31,Inyo,027,18085,1107,1072,8,1080,27
2021-01-31,Kern,029,883053,88677,85872,8665,94537,861
2021-01-31,Kings,031,150075,21248,20709,884,21593,172
2021-01-31,Lake,033,64148,2908,2826,1,2827,33
2021-01-31,Lassen,035,31185,4955,4900,88,4988,1
2021-01-31,Los Angeles,037,10098052,1126336,1090304,36985,1127289,16609
2021-01-31,Madera,039,155013,14874,14496,725,15221,94
2021-01-31,Marin,041,260295,12493,12297,146,12443,185
2021-01-31,Mariposa,043,17540,357,344,3,347,4
2021-01-31,Mendocino,045,87422,3335,3181,62,3243,37
2021-01-31,Merced,047,269075,26500,26222,748,26970,337
2021-01-31,Modoc,049,8938,316,304,101,405,1
2021-01-31,Mono,051,14174,1136,1146,16,1162,3
2021-01-31,Monterey,053,433212,39961,39035,1428,40463,278
2021-01-31,Napa,055,140530,8575,8404,33,8437,52
2021-01-31,Nevada,057,99092,3692,3518,145,3663,20
2021-01-31,Orange,059,3164182,236739,232347,9586,241933,3053
2021-01-31,Placer,061,380077,19498,18506,1000,19506,204
2021-01-31,Plumas,063,18699,622,554,10,564,2
2021-01-31,Riverside,065,2383286,274689,266145,12924,279069,3074
2021-01-31,Sacramento,067,1510023,88480,86560,1094,87654,1186
2021-01-31,San Benito,069,59416,5471,5425,73,5498,48
2021-01-31,San Bernardino,071,2135413,277362,269533,8151,277684,2156
2021-01-31,San Diego,073,3302833,249276,238039,11782,249821,2619
2021-01-31,San Francisco,075,870044,32072,31563,896,32459,323
2021-01-31,San Joaquin,077,732212,63055,61379,2547,63926,877
2021-01-31,San Luis Obispo,079,281455,18239,17615,484,18099,199
2021-01-31,San Mateo,081,765935,37266,35659,362,36021,219
2021-01-31,Santa Barbara,083,443738,29938,28570,973,29543,297
2021-01-31,Santa Clara,085,1922200,103652,101986,482,102468,1330
2021-01-31,Santa Cruz,087,273765,14537,13469,702,14171,149
2021-01-31,Shasta,089,179085,10442,10313,1095,11408,112
2021-01-31,Sierra,091,2930,48,43,12,55,0
2021-01-31,Siskiyou,093,43540,1339,1238,202,1440,4
2021-01-31,Solano,095,438530,28304,27678,327,28005,118
2021-01-31,Sonoma,097,501317,26217,25925,139,26064,243
2021-01-31,Stanislaus,099,539301,47338,45971,4890,50861,642
2021-01-31,Sutter,101,95872,8426,8289,78,8367,89
2021-01-31,Tehama,103,63373,4357,4256,468,4724,21
2021-01-31,Trinity,105,12862,441,260,66,326,3
2021-01-31,Tulare,107,460477,45931,44440,6910,51350,618
2021-01-31,Tuolumne,109,53932,3493,3519,31,3550,39
2021-01-31,Ventura,111,848112,72385,70635,2571,73206,502
2021-01-31,Yolo,113,214977,12166,11771,172,11943,151
2021-01-31,Yuba,115,75493,5184,5071,75,5146,33
2021-01-30,Alameda,001,1643700,75480,73622,1609,75231,850
2021-01-30,Alpine,003,1148,73,72,0,72,0
2021-01-30,Amador,005,37829,3291,3181,25,3206,32
2021-01-30,Butte,007,227075,10740,10177,1495,11672,139
2021-01-30,Calaveras,009,45235,1781,1763,11,1774,21
2021-01-30,Colusa,011,21464,1778,1748,212,1960,9
2021-01-30,Contra Costa,013,1133247,58693,56763,988,57751,531
2021-01-30,Del Norte,015,27424,893,865,4,869,2
2021-01-30,El Dorado,017,186661,8602,8299,562,8861,83
2021-01-30,Fresno,019,978130,91593,88476,7048,95524,964
2021-01-30,Glenn,021,27897,2125,2074,445,2519,14
2021-01-30,Humboldt,023,135768,2845,2742,18,2760,24
2021-01-30,Imperial,025,180216,26610,26160,2468,28628,530
2021-01-30,Inyo,027,18085,1103,1068,8,1076,27
2021-01-30,Kern,029,883053,88476,85572,8599,94171,848
2021-01-30,Kings,031,150075,21177,20605,879,21484,169
2021-01-30,Lake,033,64148,2902,2809,1,2810,33
2021-01-30,Lassen,035,31185,4951,4890,88,4978,1
2021-01-30,Los Angeles,037,10098052,1123953,1084763,36843,1121606,16484
2021-01-30,Madera,039,155013,14832,14443,720,15163,94
2021-01-30,Marin,041,260295,12465,12225,145,12370,185
2021-01-30,Mariposa,043,17540,355,344,3,347,4
2021-01-30,Mendocino,045,87422,3321,3153,61,3214,36
2021-01-30,Merced,047,269075,26425,26078,747,26825,335
2021-01-30,Modoc,049,8938,316,303,101,404,1
2021-01-30,Mono,051,14174,1136,1143,16,1159,3
2021-01-30,Monterey,053,433212,39901,38847,1425,40272,277
2021-01-30,Napa,055,140530,8559,8342,33,8375,52
2021-01-30,Nevada,057,99092,3673,3499,145,3644,20
2021-01-30,Orange,059,3164182,236195,231358,9549,240907,3013
2021-01-30,Placer,061,380077,19447,18430,994,19424,205
2021-01-30,Plumas,063,18699,620,554,10,564,2
2021-01-30,Riverside,065,2383286,274090,265137,12893,278030,3061
2021-01-30,Sacramento,067,1510023,88287,86388,1089,87477,1184
2021-01-30,San Benito,069,59416,5453,5401,72,5473,48
2021-01-30,San Bernardino,071,2135413,276943,268660,8132,276792,2122
2021-01-30,San Diego,073,3302833,248512,236765,11737,248502,2603
2021-01-30,San Francisco,075,870044,31971,31427,893,32320,316
2021-01-30,San Joaquin,077,732212,62923,61120,2538,63658,864
2021-01-30,San Luis Obispo,079,281455,18159,17522,482,18004,198
2021-01-30,San Mateo,081,765935,37127,35451,361,35812,219
2021-01-30,Santa Barbara,083,443738,29795,28342,971,29313,296
2021-01-30,Santa Clara,085,1922200,103306,101471,479,101950,1307
2021-01-30,Santa Cruz,087,273765,14497,13383,701,14084,149
2021-01-30,Shasta,089,179085,10423,10283,1092,11375,112
2021-01-30,Sierra,091,2930,48,43,12,55,0
2021-01-30,Siskiyou,093,43540,1336,1236,201,1437,4
2021-01-30,Solano,095,438530,28221,27511,325,27836,118
2021-01-30,Sonoma,097,501317,26168,25810,136,25946,243
2021-01-30,Stanislaus,099,539301,47209,45697,4866,50563,642
2021-01-30,Sutter,101,95872,8410,8226,78,8304,87
2021-01-30,Tehama,103,63373,4343,4229,467,4696,21
2021-01-30,Trinity,105,12862,441,259,66,325,3
2021-01-30,Tulare,107,460477,45796,44203,6873,51076,615
2021-01-30,Tuolumne,109,53932,3489,3508,31,3539,36
2021-01-30,Ventura,111,848112,72072,69931,2557,72488,493
2021-01-30,Yolo,113,214977,12152,11698,171,11869,151
2021-01-30,Yuba,115,75493,5174,5042,74,5116,33
2021-01-29,Alameda,001,1643700,75212,73210,1602,74812,841
2021-01-29,Alpine,003,1148,73,72,0,72,0
2021-01-29,Amador,005,37829,3279,3134,24,3158,32
2021-01-29,Butte,007,227075,10709,10122,1485,11607,138
2021-01-29,Calaveras,009,45235,1771,1757,11,1768,21
2021-01-29,Colusa,011,21464,1774,1734,211,1945,8
2021-01-29,Contra Costa,013,1133247,58521,56318,986,57304,529
2021-01-29,Del Norte,015,27424,892,865,4,869,2
2021-01-29,El Dorado,017,186661,8585,8231,561,8792,83
2021-01-29,Fresno,019,978130,91377,87936,7010,94946,962
2021-01-29,Glenn,021,27897,2120,2061,444,2505,14
2021-01-29,Humboldt,023,135768,2832,2707,18,2725,24
2021-01-29,Imperial,025,180216,26595,26045,2465,28510,521
2021-01-29,Inyo,027,18085,1091,1048,8,1056,27
2021-01-29,Kern,029,883053,88249,85044,8547,93591,836
2021-01-29,Kings,031,150075,21138,20466,874,21340,169
2021-01-29,Lake,033,64148,2893,2792,1,2793,32
2021-01-29,Lassen,035,31185,4948,4874,88,4962,1
2021-01-29,Los Angeles,037,10098052,1120477,1078329,36689,1115018,16190
2021-01-29,Madera,039,155013,14781,14377,720,15097,94
2021-01-29,Marin,041,260295,12422,12145,144,12289,185
2021-01-29,Mariposa,043,17540,354,342,3,345,4
2021-01-29,Mendocino,045,87422,3312,3131,60,3191,36
2021-01-29,Merced,047,269075,26350,25865,743,26608,334
2021-01-29,Modoc,049,8938,315,297,101,398,1
2021-01-29,Mono,051,14174,1134,1139,16,1155,3
2021-01-29,Monterey,053,433212,39781,38539,1417,39956,277
2021-01-29,Napa,055,140530,8528,8276,33,8309,52
2021-01-29,Nevada,057,99092,3664,3487,144,3631,20
2021-01-29,Orange,059,3164182,235517,229917,9511,239428,2967
2021-01-29,Placer,061,380077,19394,18367,990,19357,203
2021-01-29,Plumas,063,18699,619,548,10,558,2
2021-01-29,Riverside,065,2383286,273287,263504,12860,276364,3008
2021-01-29,Sacramento,067,1510023,88032,86320,1085,87405,1169
2021-01-29,San Benito,069,59416,5445,5386,72,5458,48
2021-01-29,San Bernardino,071,2135413,276427,267490,8092,275582,2095
2021-01-29,San Diego,073,3302833,247570,234637,11659,246296,2571
2021-01-29,San Francisco,075,870044,31831,31294,884,32178,307
2021-01-29,San Joaquin,077,732212,62778,60899,2523,63422,858
2021-01-29,San Luis Obispo,079,281455,18099,17440,477,17917,193
2021-01-29,San Mateo,081,765935,36993,35223,358,35581,218
2021-01-29,Santa Barbara,083,443738,29663,28105,965,29070,291
2021-01-29,Santa Clara,085,1922200,102942,101010,477,101487,1273
2021-01-29,Santa Cruz,087,273765,14444,13311,698,14009,148
2021-01-29,Shasta,089,179085,10406,10220,1088,11308,112
2021-01-29,Sierra,091,2930,48,43,12,55,0
2021-01-29,Siskiyou,093,43540,1335,1227,201,1428,4
2021-01-29,Solano,095,438530,28136,27352,322,27674,116
2021-01-29,Sonoma,097,501317,26109,25710,135,25845,243
2021-01-29,Stanislaus,099,539301,47061,45466,4847,50313,642
2021-01-29,Sutter,101,95872,8391,8181,78,8259,87
2021-01-29,Tehama,103,63373,4330,4191,465,4656,20
2021-01-29,Trinity,105,12862,441,260,66,326,3
2021-01-29,Tulare,107,460477,45689,43925,6834,50759,606
2021-01-29,Tuolumne,109,53932,3479,3483,31,3514,36
2021-01-29,Ventura,111,848112,71648,69511,2543,72054,484
2021-01-29,Yolo,113,214977,12114,11612,170,11782,151
2021-01-29,Yuba,115,75493,5158,5018,74,5092,32
2021-01-28,Alameda,001,1643700,74785,72758,1594,74352,833
2021-01-28,Alpine,003,1148,73,72,0,72,0
2021-01-28,Amador,005,37829,3242,3124,24,3148,31
2021-01-28,Butte,007,227075,10669,10037,1474,11511,138
2021-01-28,Calaveras,009,45235,1757,1747,10,1757,21
2021-01-28,Colusa,011,21464,1767,1731,207,1938,8
2021-01-28,Contra Costa,013,1133247,58277,55999,976,56975,525
2021-01-28,Del Norte,015,27424,891,862,4,866,2
2021-01-28,El Dorado,017,186661,8572,8198,556,8754,79
2021-01-28,Fresno,019,978130,91089,87401,6961,94362,949
2021-01-28,Glenn,021,27897,2115,2043,435,2478,14
2021-01-28,Humboldt,023,135768,2815,2686,18,2704,24
2021-01-28,Imperial,025,180216,26551,25984,2458,28442,517
2021-01-28,Inyo,027,18085,1086,1039,8,1047,27
2021-01-28,Kern,029,883053,87918,84708,8463,93171,817
2021-01-28,Kings,031,150075,21078,20328,870,21198,167
2021-01-28,Lake,033,64148,2878,2772,1,2773,32
2021-01-28,Lassen,035,31185,4942,4865,88,4953,1
2021-01-28,Los Angeles,037,10098052,1116579,1072412,36501,1108913,15967
2021-01-28,Madera,039,155013,14725,14301,716,15017,94
2021-01-28,Marin,041,260295,12369,12079,143,12222,183
2021-01-28,Mariposa,043,17540,354,334,3,337,4
2021-01-28,Mendocino,045,87422,3295,3110,60,3170,36
2021-01-28,Merced,047,269075,26225,25620,735,26355,328
2021-01-28,Modoc,049,8938,314,297,101,398,0
2021-01-28,Mono,051,14174,1132,1131,16,1147,3
2021-01-28,Monterey,053,433212,39580,38312,1399,39711,274
2021-01-28,Napa,055,140530,8481,8233,33,8266,50
2021-01-28,Nevada,057,99092,3649,3452,143,3595,19
2021-01-28,Orange,059,3164182,234538,228636,9481,238117,2860
2021-01-28,Placer,061,380077,19333,18246,987,19233,198
2021-01-28,Plumas,063,18699,618,547,10,557,2
2021-01-28,Riverside,065,2383286,272506,262342,12812,275154,2981
2021-01-28,Sacramento,067,1510023,87669,85698,1074,86772,1149
2021-01-28,San Benito,069,59416,5427,5344,71,5415,47
2021-01-28,San Bernardino,071,2135413,275732,266456,8071,274527,2057
2021-01-28,San Diego,073,3302833,246418,232967,11570,244537,2534
2021-01-28,San Francisco,075,870044,31694,31193,868,32061,290
2021-01-28,San Joaquin,077,732212,62513,60627,2508,63135,854
2021-01-28,San Luis Obispo,079,281455,17999,17279,475,17754,189
2021-01-28,San Mateo,081,765935,36824,34931,342,35273,218
2021-01-28,Santa Barbara,083,443738,29443,27674,952,28626,284
2021-01-28,Santa Clara,085,1922200,102474,100470,475,100945,1219
2021-01-28,Santa Cruz,087,273765,14355,13188,692,13880,145
2021-01-28,Shasta,089,179085,10372,10176,1080,11256,110
2021-01-28,Sierra,091,2930,48,43,12,55,0
2021-01-28,Siskiyou,093,43540,1328,1218,199,1417,4
2021-01-28,Solano,095,438530,27976,27163,321,27484,114
2021-01-28,Sonoma,097,501317,26016,25564,135,25699,236
2021-01-28,Stanislaus,099,539301,46844,45162,4825,49987,640
2021-01-28,Sutter,101,95872,8343,8136,78,8214,85
2021-01-28,Tehama,103,63373,4310,4163,462,4625,20
2021-01-28,Trinity,105,12862,439,260,66,326,3
2021-01-28,Tulare,107,460477,45532,43742,6756,50498,595
2021-01-28,Tuolumne,109,53932,3465,3472,31,3503,32
2021-01-28,Ventura,111,848112,71135,68896,2526,71422,475
2021-01-28,Yolo,113,214977,12072,11500,165,11665,151
2021-01-28,Yuba,115,75493,5142,4994,73,5067,32
2021-01-27,Alameda,001,1643700,74361,72188,1586,73774,815
2021-01-27,Alpine,003,1148,73,72,0,72,0
2021-01-27,Amador,005,37829,3226,3116,24,3140,31
2021-01-27,Butte,007,227075,10630,9988,1462,11450,138
2021-01-27,Calaveras,009,45235,1748,1737,10,1747,21
2021-01-27,Colusa,011,21464,1761,1724,205,1929,8
2021-01-27,Contra Costa,013,1133247,57979,55578,973,56551,507
2021-01-27,Del Norte,015,27424,890,859,4,863,2
2021-01-27,El Dorado,017,186661,8546,8141,555,8696,76
2021-01-27,Fresno,019,978130,90797,86886,6918,93804,938
2021-01-27,Glenn,021,27897,2111,2042,434,2476,14
2021-01-27,Humboldt,023,135768,2793,2630,18,2648,24
2021-01-27,Imperial,025,180216,26497,25861,2443,28304,504
2021-01-27,Inyo,027,18085,1082,1023,8,1031,27
2021-01-27,Kern,029,883053,87605,84244,8393,92637,809
2021-01-27,Kings,031,150075,20972,20211,862,21073,167
2021-01-27,Lake,033,64148,2858,2750,1,2751,32
2021-01-27,Lassen,035,31185,4936,4851,88,4939,1
2021-01-27,Los Angeles,037,10098052,1111794,1066569,36289,1102858,15757
2021-01-27,Madera,039,155013,14684,14194,711,14905,86
2021-01-27,Marin,041,260295,12332,12028,142,12170,180
2021-01-27,Mariposa,043,17540,354,333,3,336,4
2021-01-27,Mendocino,045,87422,3275,3095,60,3155,36
2021-01-27,Merced,047,269075,26066,25439,724,26163,315
2021-01-27,Modoc,049,8938,314,297,98,395,0
2021-01-27,Mono,051,14174,1130,1131,16,1147,3
2021-01-27,Monterey,053,433212,39375,38139,1380,39519,268
2021-01-27,Napa,055,140530,8408,8187,33,8220,46
2021-01-27,Nevada,057,99092,3627,3431,143,3574,18
2021-01-27,Orange,059,3164182,233418,227110,9427,236537,2832
2021-01-27,Placer,061,380077,19261,18106,976,19082,198
2021-01-27,Plumas,063,18699,618,544,10,554,2
2021-01-27,Riverside,065,2383286,271306,260796,12760,273556,2931
2021-01-27,Sacramento,067,1510023,87308,85428,1063,86491,1142
2021-01-27,San Benito,069,59416,5412,5284,71,5355,47
2021-01-27,San Bernardino,071,2135413,274879,265153,8040,273193,2019
2021-01-27,San Diego,073,3302833,245088,231478,11465,242943,2465
2021-01-27,San Francisco,075,870044,31551,31082,861,31943,287
2021-01-27,San Joaquin,077,732212,62244,60131,2485,62616,853
2021-01-27,San Luis Obispo,079,281455,17892,17119,471,17590,188
2021-01-27,San Mateo,081,765935,36669,34619,339,34958,216
2021-01-27,Santa Barbara,083,443738,29267,27435,946,28381,282
2021-01-27,Santa Clara,085,1922200,102070,99732,471,100203,1184
2021-01-27,Santa Cruz,087,273765,14285,13111,689,13800,143
2021-01-27,Shasta,089,179085,10338,10106,1074,11180,105
2021-01-27,Sierra,091,2930,48,44,12,56,0
2021-01-27,Siskiyou,093,43540,1322,1214,196,1410,4
2021-01-27,Solano,095,438530,27799,26982,314,27296,112
2021-01-27,Sonoma,097,501317,25918,25361,135,25496,237
2021-01-27,Stanislaus,099,539301,46658,44874,4797,49671,624
2021-01-27,Sutter,101,95872,8298,8093,77,8170,83
2021-01-27,Tehama,103,63373,4285,4133,458,4591,20
2021-01-27,Trinity,105,12862,439,260,66,326,3
2021-01-27,Tulare,107,460477,45344,43462,6685,50147,583
2021-01-27,Tuolumne,109,53932,3454,3464,31,3495,32
2021-01-27,Ventura,111,848112,70661,68291,2501,70792,468
2021-01-27,Yolo,113,214977,12025,11427,161,11588,151
2021-01-27,Yuba,115,75493,5126,4968,73,5041,32
2021-01-26,Alameda,001,1643700,73987,71851,1569,73420,789
2021-01-26,Alpine,003,1148,73,72,0,72,0
2021-01-26,Amador,005,37829,3215,3113,24,3137,31
2021-01-26,Butte,007,227075,10588,9943,1456,11399,136
2021-01-26,Calaveras,009,45235,1739,1723,10,1733,21
2021-01-26,Colusa,011,21464,1754,1719,202,1921,8
2021-01-26,Contra Costa,013,1133247,57698,55337,965,56302,491
2021-01-26,Del Norte,015,27424,889,856,4,860,2
2021-01-26,El Dorado,017,186661,8521,8115,552,8667,71
2021-01-26,Fresno,019,978130,90439,86673,6874,93547,923
2021-01-26,Glenn,021,27897,2101,2034,430,2464,13
2021-01-26,Humboldt,023,135768,2771,2612,17,2629,24
2021-01-26,Imperial,025,180216,26425,25812,2429,28241,498
2021-01-26,Inyo,027,18085,1075,1018,8,1026,27
2021-01-26,Kern,029,883053,87180,83868,8314,92182,790
2021-01-26,Kings,031,150075,20914,20156,857,21013,159
2021-01-26,Lake,033,64148,2849,2748,1,2749,32
2021-01-26,Lassen,035,31185,4930,4844,88,4932,1
2021-01-26,Los Angeles,037,10098052,1106522,1060492,36083,1096575,15458
2021-01-26,Madera,039,155013,14627,14130,705,14835,86
2021-01-26,Marin,041,260295,12287,11993,140,12133,179
2021-01-26,Mariposa,043,17540,352,332,3,335,3
2021-01-26,Mendocino,045,87422,3249,3076,59,3135,36
2021-01-26,Merced,047,269075,25926,25359,717,26076,309
2021-01-26,Modoc,049,8938,307,291,97,388,0
2021-01-26,Mono,051,14174,1128,1120,16,1136,3
2021-01-26,Monterey,053,433212,39181,37963,1359,39322,255
2021-01-26,Napa,055,140530,8351,8145,33,8178,43
2021-01-26,Nevada,057,99092,3620,3410,142,3552,18
2021-01-26,Orange,059,3164182,232295,225987,9382,235369,2760
2021-01-26,Placer,061,380077,19185,18016,974,18990,193
2021-01-26,Plumas,063,18699,616,536,10,546,2
2021-01-26,Riverside,065,2383286,269937,259399,12697,272096,2898
2021-01-26,Sacramento,067,1510023,86950,85062,1056,86118,1127
2021-01-26,San Benito,069,59416,5398,5251,70,5321,45
2021-01-26,San Bernardino,071,2135413,273880,263736,7996,271732,1970
2021-01-26,San Diego,073,3302833,243593,230063,11363,241426,2421
2021-01-26,San Francisco,075,870044,31418,30874,842,31716,286
2021-01-26,San Joaquin,077,732212,61991,59889,2469,62358,847
2021-01-26,San Luis Obispo,079,281455,17811,17016,468,17484,186
2021-01-26,San Mateo,081,765935,36475,34441,328,34769,213
2021-01-26,Santa Barbara,083,443738,29094,27321,934,28255,273
2021-01-26,Santa Clara,085,1922200,101592,99215,467,99682,1171
2021-01-26,Santa Cruz,087,273765,14219,13045,683,13728,134
2021-01-26,Shasta,089,179085,10303,10036,1066,11102,103
2021-01-26,Sierra,091,2930,48,43,12,55,0
2021-01-26,Siskiyou,093,43540,1308,1208,194,1402,4
2021-01-26,Solano,095,438530,27643,26858,308,27166,110
2021-01-26,Sonoma,097,501317,25797,25273,133,25406,236
2021-01-26,Stanislaus,099,539301,46473,44703,4756,49459,599
2021-01-26,Sutter,101,95872,8255,8067,77,8144,83
2021-01-26,Tehama,103,63373,4254,4115,458,4573,20
2021-01-26,Trinity,105,12862,439,260,66,326,3
2021-01-26,Tulare,107,460477,45141,43394,6616,50010,579
2021-01-26,Tuolumne,109,53932,3444,3451,31,3482,30
2021-01-26,Ventura,111,848112,70129,67526,2475,70001,448
2021-01-26,Yolo,113,214977,11980,11361,158,11519,148
2021-01-26,Yuba,115,75493,5101,4944,71,5015,31
2021-01-25,Alameda,001,1643700,73556,71255,1559,72814,780
2021-01-25,Alpine,003,1148,73,72,0,72,0
2021-01-25,Amador,005,37829,3175,3074,24,3098,30
2021-01-25,Butte,007,227075,10522,9865,1448,11313,133
2021-01-25,Calaveras,009,45235,1724,1713,10,1723,21
2021-01-25,Colusa,011,21464,1742,1709,198,1907,8
2021-01-25,Contra Costa,013,1133247,57340,54989,958,55947,488
2021-01-25,Del Norte,015,27424,888,855,4,859,2
2021-01-25,El Dorado,017,186661,8497,8060,552,8612,66
2021-01-25,Fresno,019,978130,90068,86336,6842,93178,913
2021-01-25,Glenn,021,27897,2091,2028,430,2458,13
2021-01-25,Humboldt,023,135768,2737,2587,17,2604,24
2021-01-25,Imperial,025,180216,26375,25745,2421,28166,491
2021-01-25,Inyo,027,18085,1069,1015,8,1023,27
2021-01-25,Kern,029,883053,86784,83401,8227,91628,787
2021-01-25,Kings,031,150075,20794,20067,853,20920,159
2021-01-25,Lake,033,64148,2830,2729,1,2730,32
2021-01-25,Lassen,035,31185,4904,4835,88,4923,1
2021-01-25,Los Angeles,037,10098052,1100581,1055181,35854,1091035,15163
2021-01-25,Madera,039,155013,14573,14068,700,14768,86
2021-01-25,Marin,041,260295,12235,11923,136,12059,177
2021-01-25,Mariposa,043,17540,349,331,3,334,3
2021-01-25,Mendocino,045,87422,3238,3054,59,3113,35
2021-01-25,Merced,047,269075,25787,25181,708,25889,305
2021-01-25,Modoc,049,8938,306,288,93,381,0
2021-01-25,Mono,051,14174,1125,1114,15,1129,3
2021-01-25,Monterey,053,433212,38927,37726,1340,39066,255
2021-01-25,Napa,055,140530,8317,8057,32,8089,43
2021-01-25,Nevada,057,99092,3606,3365,142,3507,18
2021-01-25,Orange,059,3164182,231086,225105,9341,234446,2696
2021-01-25,Placer,061,380077,19098,17936,959,18895,193
2021-01-25,Plumas,063,18699,613,533,10,543,2
2021-01-25,Riverside,065,2383286,268189,258082,12641,270723,2789
2021-01-25,Sacramento,067,1510023,86506,84653,1048,85701,1118
2021-01-25,San Benito,069,59416,5361,5238,69,5307,43
2021-01-25,San Bernardino,071,2135413,272931,263174,7960,271134,1947
2021-01-25,San Diego,073,3302833,241978,228630,11291,239921,2375
2021-01-25,San Francisco,075,870044,31269,30734,819,31553,288
2021-01-25,San Joaquin,077,732212,61696,59291,2444,61735,838
2021-01-25,San Luis Obispo,079,281455,17677,16868,463,17331,179
2021-01-25,San Mateo,081,765935,36241,34187,322,34509,213
2021-01-25,Santa Barbara,083,443738,28863,27065,924,27989,269
2021-01-25,Santa Clara,085,1922200,101022,98647,460,99107,1143
2021-01-25,Santa Cruz,087,273765,14132,12973,678,13651,133
2021-01-25,Shasta,089,179085,10262,9991,1055,11046,103
2021-01-25,Sierra,091,2930,48,42,12,54,0
2021-01-25,Siskiyou,093,43540,1300,1205,191,1396,4
2021-01-25,Solano,095,438530,27474,26648,307,26955,109
2021-01-25,Sonoma,097,501317,25690,25160,131,25291,233
2021-01-25,Stanislaus,099,539301,46227,44293,4712,49005,599
2021-01-25,Sutter,101,95872,8211,8023,77,8100,83
2021-01-25,Tehama,103,63373,4227,4082,454,4536,20
2021-01-25,Trinity,105,12862,439,262,66,328,3
2021-01-25,Tulare,107,460477,44926,43124,6511,49635,578
2021-01-25,Tuolumne,109,53932,3435,3422,31,3453,29
2021-01-25,Ventura,111,848112,69486,66910,2458,69368,439
2021-01-25,Yolo,113,214977,11893,11276,157,11433,140
2021-01-25,Yuba,115,75493,5077,4900,69,4969,31
2021-01-24,Alameda,001,1643700,73049,70823,1548,72371,780
2021-01-24,Alpine,003,1148,73,72,0,72,0
2021-01-24,Amador,005,37829,3142,3054,24,3078,30
2021-01-24,Butte,007,227075,10438,9820,1430,11250,133
2021-01-24,Calaveras,009,45235,1711,1704,10,1714,21
2021-01-24,Colusa,011,21464,1731,1689,192,1881,8
2021-01-24,Contra Costa,013,1133247,56949,54694,945,55639,488
2021-01-24,Del Norte,015,27424,884,855,4,859,2
2021-01-24,El Dorado,017,186661,8462,8003,548,8551,66
2021-01-24,Fresno,019,978130,89631,85808,6803,92611,911
2021-01-24,Glenn,021,27897,2084,2026,428,2454,13
2021-01-24,Humboldt,023,135768,2698,2562,17,2579,24
2021-01-24,Imperial,025,180216,26279,25707,2395,28102,488
2021-01-24,Inyo,027,18085,1053,1007,8,1015,27
2021-01-24,Kern,029,883053,86341,83125,8119,91244,785
2021-01-24,Kings,031,150075,20666,19988,837,20825,159
2021-01-24,Lake,033,64148,2812,2724,0,2724,32
2021-01-24,Lassen,035,31185,4893,4828,85,4913,1
2021-01-24,Los Angeles,037,10098052,1094197,1048757,35544,1084301,15119
2021-01-24,Madera,039,155013,14483,14000,694,14694,86
2021-01-24,Marin,041,260295,12168,11872,134,12006,177
2021-01-24,Mariposa,043,17540,345,322,3,325,3
2021-01-24,Mendocino,045,87422,3217,3037,58,3095,33
2021-01-24,Merced,047,269075,25574,25047,700,25747,305
2021-01-24,Modoc,049,8938,306,285,93,378,0
2021-01-24,Mono,051,14174,1118,1113,15,1128,3
2021-01-24,Monterey,053,433212,38649,37527,1308,38835,254
2021-01-24,Napa,055,140530,8275,8005,32,8037,43
2021-01-24,Nevada,057,99092,3564,3349,140,3489,18
2021-01-24,Orange,059,3164182,229654,223853,9271,233124,2632
2021-01-24,Placer,061,380077,18983,17839,939,18778,193
2021-01-24,Plumas,063,18699,610,532,10,542,2
2021-01-24,Riverside,065,2383286,266548,256767,12564,269331,2761
2021-01-24,Sacramento,067,1510023,85936,84110,1040,85150,1112
2021-01-24,San Benito,069,59416,5319,5223,66,5289,43
2021-01-24,San Bernardino,071,2135413,271606,262370,7906,270276,1935
2021-01-24,San Diego,073,3302833,240284,227193,11160,238353,2375
2021-01-24,San Francisco,075,870044,31082,30559,797,31356,275
2021-01-24,San Joaquin,077,732212,61268,59021,2428,61449,838
2021-01-24,San Luis Obispo,079,281455,17555,16758,461,17219,179
2021-01-24,San Mateo,081,765935,35996,33956,317,34273,213
2021-01-24,Santa Barbara,083,443738,28547,26735,914,27649,269
2021-01-24,Santa Clara,085,1922200,100375,98103,455,98558,1109
2021-01-24,Santa Cruz,087,273765,14046,12905,670,13575,133
2021-01-24,Shasta,089,179085,10191,9978,1046,11024,103
2021-01-24,Sierra,091,2930,47,42,12,54,0
2021-01-24,Siskiyou,093,43540,1293,1195,191,1386,4
2021-01-24,Solano,095,438530,27285,26515,303,26818,109
2021-01-24,Sonoma,097,501317,25530,25045,130,25175,233
2021-01-24,Stanislaus,099,539301,45915,44031,4652,48683,599
2021-01-24,Sutter,101,95872,8142,7980,77,8057,83
2021-01-24,Tehama,103,63373,4188,4062,447,4509,20
2021-01-24,Trinity,105,12862,439,262,66,328,3
2021-01-24,Tulare,107,460477,44707,43006,6418,49424,577
2021-01-24,Tuolumne,109,53932,3425,3416,31,3447,29
2021-01-24,Ventura,111,848112,68772,66347,2433,68780,439
2021-01-24,Yolo,113,214977,11808,11210,153,11363,140
2021-01-24,Yuba,115,75493,5037,4875,68,4943,31
2021-01-23,Alameda,001,1643700,72800,70080,1541,71621,780
2021-01-23,Alpine,003,1148,73,72,0,72,0
2021-01-23,Amador,005,37829,3139,3049,24,3073,30
2021-01-23,Butte,007,227075,10408,9757,1425,11182,133
2021-01-23,Calaveras,009,45235,1708,1695,10,1705,21
2021-01-23,Colusa,011,21464,1727,1672,191,1863,8
2021-01-23,Contra Costa,013,1133247,56735,54162,937,55099,487
2021-01-23,Del Norte,015,27424,883,855,4,859,2
2021-01-23,El Dorado,017,186661,8446,7984,546,8530,66
2021-01-23,Fresno,019,978130,89445,85274,6773,92047,910
2021-01-23,Glenn,021,27897,2081,2015,424,2439,13
2021-01-23,Humboldt,023,135768,2679,2493,16,2509,23
2021-01-23,Imperial,025,180216,26246,25581,2386,27967,487
2021-01-23,Inyo,027,18085,1044,987,8,995,27
2021-01-23,Kern,029,883053,86095,82602,8047,90649,783
2021-01-23,Kings,031,150075,20622,19904,835,20739,159
2021-01-23,Lake,033,64148,2804,2673,0,2673,32
2021-01-23,Lassen,035,31185,4892,4816,82,4898,1
2021-01-23,Los Angeles,037,10098052,1090978,1040961,35388,1076349,15034
2021-01-23,Madera,039,155013,14447,13858,692,14550,86
2021-01-23,Marin,041,260295,12112,11796,132,11928,177
2021-01-23,Mariposa,043,17540,345,323,3,326,3
2021-01-23,Mendocino,045,87422,3203,2991,58,3049,32
2021-01-23,Merced,047,269075,25481,24787,687,25474,303
2021-01-23,Modoc,049,8938,306,285,93,378,0
2021-01-23,Mono,051,14174,1116,1111,15,1126,3
2021-01-23,Monterey,053,433212,38566,37165,1303,38468,253
2021-01-23,Napa,055,140530,8250,7893,32,7925,43
2021-01-23,Nevada,057,99092,3553,3332,139,3471,18
2021-01-23,Orange,059,3164182,228885,221722,9231,230953,2618
2021-01-23,Placer,061,380077,18932,17617,934,18551,193
2021-01-23,Plumas,063,18699,609,528,10,538,2
2021-01-23,Riverside,065,2383286,265647,253636,12511,266147,2733
2021-01-23,Sacramento,067,1510023,85707,83408,1037,84445,1108
2021-01-23,San Benito,069,59416,5295,5166,65,5231,43
2021-01-23,San Bernardino,071,2135413,271061,260381,7874,268255,1922
2021-01-23,San Diego,073,3302833,239223,225556,11088,236644,2344
2021-01-23,San Francisco,075,870044,30977,30308,768,31076,268
2021-01-23,San Joaquin,077,732212,61142,58164,2418,60582,836
2021-01-23,San Luis Obispo,079,281455,17491,16652,458,17110,176
2021-01-23,San Mateo,081,765935,35820,33696,306,34002,213
2021-01-23,Santa Barbara,083,443738,28364,26234,905,27139,264
2021-01-23,Santa Clara,085,1922200,100020,97189,454,97643,1086
2021-01-23,Santa Cruz,087,273765,13988,12771,667,13438,127
2021-01-23,Shasta,089,179085,10161,9951,1045,10996,103
2021-01-23,Sierra,091,2930,47,41,12,53,0
2021-01-23,Siskiyou,093,43540,1283,1190,190,1380,4
2021-01-23,Solano,095,438530,27193,26261,301,26562,107
2021-01-23,Sonoma,097,501317,25451,24790,130,24920,232
2021-01-23,Stanislaus,099,539301,45751,43723,4623,48346,599
2021-01-23,Sutter,101,95872,8124,7943,76,8019,80
2021-01-23,Tehama,103,63373,4169,4006,446,4452,20
2021-01-23,Trinity,105,12862,439,262,66,328,3
2021-01-23,Tulare,107,460477,44554,42661,6358,49019,575
2021-01-23,Tuolumne,109,53932,3418,3407,31,3438,29
2021-01-23,Ventura,111,848112,68324,65581,2410,67991,438
2021-01-23,Yolo,113,214977,11766,11087,149,11236,141
2021-01-23,Yuba,115,75493,5025,4831,67,4898,30
2021-01-22,Alameda,001,1643700,72478,69693,1535,71228,751
2021-01-22,Alpine,003,1148,73,71,0,71,0
2021-01-22,Amador,005,37829,3134,3042,24,3066,30
2021-01-22,Butte,007,227075,10359,9711,1412,11123,133
2021-01-22,Calaveras,009,45235,1701,1672,10,1682,21
2021-01-22,Colusa,011,21464,1725,1668,191,1859,7
2021-01-22,Contra Costa,013,1133247,56497,53887,931,54818,485
2021-01-22,Del Norte,015,27424,882,852,4,856,2
2021-01-22,El Dorado,017,186661,8413,7877,543,8420,64
2021-01-22,Fresno,019,978130,89104,84744,6745,91489,892
2021-01-22,Glenn,021,27897,2077,1985,419,2404,13
2021-01-22,Humboldt,023,135768,2655,2452,16,2468,23
2021-01-22,Imperial,025,180216,26211,25562,2371,27933,474
2021-01-22,Inyo,027,18085,1033,961,8,969,26
2021-01-22,Kern,029,883053,85795,82101,7974,90075,771
2021-01-22,Kings,031,150075,20546,19760,831,20591,159
2021-01-22,Lake,033,64148,2792,2681,0,2681,32
2021-01-22,Lassen,035,31185,4883,4765,81,4846,1
2021-01-22,Los Angeles,037,10098052,1086526,1031177,35198,1066375,14777
2021-01-22,Madera,039,155013,14386,13781,691,14472,86
2021-01-22,Marin,041,260295,12075,11769,130,11899,177
2021-01-22,Mariposa,043,17540,345,323,3,326,3
2021-01-22,Mendocino,045,87422,3178,2994,57,3051,32
2021-01-22,Merced,047,269075,25358,24616,679,25295,290
2021-01-22,Modoc,049,8938,306,285,93,378,0
2021-01-22,Mono,051,14174,1116,1108,15,1123,3
2021-01-22,Monterey,053,433212,38412,36909,1298,38207,253
2021-01-22,Napa,055,140530,8204,7828,32,7860,40
2021-01-22,Nevada,057,99092,3528,3296,138,3434,18
2021-01-22,Orange,059,3164182,227932,220384,9184,229568,2542
2021-01-22,Placer,061,380077,18875,17636,919,18555,193
2021-01-22,Plumas,063,18699,607,522,10,532,2
2021-01-22,Riverside,065,2383286,264496,252440,12445,264885,2710
2021-01-22,Sacramento,067,1510023,85381,82861,1029,83890,1094
2021-01-22,San Benito,069,59416,5270,5143,65,5208,43
2021-01-22,San Bernardino,071,2135413,270239,259121,7841,266962,1849
2021-01-22,San Diego,073,3302833,237983,222576,11023,233599,2301
2021-01-22,San Francisco,075,870044,30864,30027,751,30778,266
2021-01-22,San Joaquin,077,732212,60960,58485,2405,60890,812
2021-01-22,San Luis Obispo,079,281455,17402,16336,455,16791,172
2021-01-22,San Mateo,081,765935,35599,33401,303,33704,211
2021-01-22,Santa Barbara,083,443738,28164,25989,894,26883,256
2021-01-22,Santa Clara,085,1922200,99580,96435,451,96886,1062
2021-01-22,Santa Cruz,087,273765,13930,12687,663,13350,123
2021-01-22,Shasta,089,179085,10142,9866,1043,10909,103
2021-01-22,Sierra,091,2930,47,40,12,52,0
2021-01-22,Siskiyou,093,43540,1279,1182,188,1370,4
2021-01-22,Solano,095,438530,27103,26048,299,26347,107
2021-01-22,Sonoma,097,501317,25367,24659,130,24789,232
2021-01-22,Stanislaus,099,539301,45594,43489,4590,48079,599
2021-01-22,Sutter,101,95872,8099,7878,76,7954,80
2021-01-22,Tehama,103,63373,4150,3993,445,4438,19
2021-01-22,Trinity,105,12862,438,263,66,329,3
2021-01-22,Tulare,107,460477,44374,42307,6288,48595,573
2021-01-22,Tuolumne,109,53932,3390,3379,31,3410,29
2021-01-22,Ventura,111,848112,67817,64404,2392,66796,426
2021-01-22,Yolo,113,214977,11732,11014,141,11155,141
2021-01-22,Yuba,115,75493,5001,4789,65,4854,29
2021-01-21,Alameda,001,1643700,72045,69314,1518,70832,739
2021-01-21,Alpine,003,1148,73,71,0,71,0
2021-01-21,Amador,005,37829,3112,3038,24,3062,29
2021-01-21,Butte,007,227075,10289,9643,1405,11048,130
2021-01-21,Calaveras,009,45235,1692,1647,10,1657,21
2021-01-21,Colusa,011,21464,1718,1662,188,1850,7
2021-01-21,Contra Costa,013,1133247,56078,53595,918,54513,478
2021-01-21,Del Norte,015,27424,880,850,3,853,2
2021-01-21,El Dorado,017,186661,8364,7823,540,8363,58
2021-01-21,Fresno,019,978130,88698,84137,6705,90842,889
2021-01-21,Glenn,021,27897,2068,1964,415,2379,13
2021-01-21,Humboldt,023,135768,2632,2423,16,2439,23
2021-01-21,Imperial,025,180216,26119,25509,2357,27866,463
2021-01-21,Inyo,027,18085,1024,946,8,954,26
2021-01-21,Kern,029,883053,85382,81328,7856,89184,769
2021-01-21,Kings,031,150075,20475,19633,813,20446,158
2021-01-21,Lake,033,64148,2775,2669,0,2669,32
2021-01-21,Lassen,035,31185,4877,4763,81,4844,1
2021-01-21,Los Angeles,037,10098052,1079871,1023055,34878,1057933,14537
2021-01-21,Madera,039,155013,14318,13664,683,14347,86
2021-01-21,Marin,041,260295,12019,11732,128,11860,173
2021-01-21,Mariposa,043,17540,341,322,3,325,3
2021-01-21,Mendocino,045,87422,3155,2967,55,3022,32
2021-01-21,Merced,047,269075,25203,24426,673,25099,245
2021-01-21,Modoc,049,8938,303,284,92,376,0
2021-01-21,Mono,051,14174,1111,1104,15,1119,3
2021-01-21,Monterey,053,433212,38135,36149,1288,37437,253
2021-01-21,Napa,055,140530,8140,7774,32,7806,40
2021-01-21,Nevada,057,99092,3499,3274,137,3411,18
2021-01-21,Orange,059,3164182,226555,218867,9129,227996,2540
2021-01-21,Placer,061,380077,18796,17553,915,18468,190
2021-01-21,Plumas,063,18699,603,518,10,528,2
2021-01-21,Riverside,065,2383286,262770,251007,12365,263372,2676
2021-01-21,Sacramento,067,1510023,84902,82303,1008,83311,1084
2021-01-21,San Benito,069,59416,5239,5100,60,5160,43
2021-01-21,San Bernardino,071,2135413,268890,257754,7776,265530,1832
2021-01-21,San Diego,073,3302833,236208,219729,10917,230646,2222
2021-01-21,San Francisco,075,870044,30687,29801,717,30518,266
2021-01-21,San Joaquin,077,732212,60651,58270,2385,60655,806
2021-01-21,San Luis Obispo,079,281455,17316,16153,447,16600,169
2021-01-21,San Mateo,081,765935,35353,33156,290,33446,210
2021-01-21,Santa Barbara,083,443738,27879,25654,881,26535,253
2021-01-21,Santa Clara,085,1922200,98952,96028,444,96472,1062
2021-01-21,Santa Cruz,087,273765,13846,12548,653,13201,119
2021-01-21,Shasta,089,179085,10099,9795,1027,10822,98
2021-01-21,Sierra,091,2930,47,40,12,52,0
2021-01-21,Siskiyou,093,43540,1276,1178,185,1363,4
2021-01-21,Solano,095,438530,26923,25885,295,26180,106
2021-01-21,Sonoma,097,501317,25227,24440,128,24568,230
2021-01-21,Stanislaus,099,539301,45291,43223,4546,47769,599
2021-01-21,Sutter,101,95872,8065,7822,76,7898,80
2021-01-21,Tehama,103,63373,4114,3938,445,4383,19
2021-01-21,Trinity,105,12862,438,261,66,327,3
2021-01-21,Tulare,107,460477,44163,42082,6212,48294,569
2021-01-21,Tuolumne,109,53932,3380,3365,30,3395,29
2021-01-21,Ventura,111,848112,67125,63995,2371,66366,420
2021-01-21,Yolo,113,214977,11644,10940,133,11073,141
2021-01-21,Yuba,115,75493,4970,4757,64,4821,29
2021-01-20,Alameda,001,1643700,71559,68785,1504,70289,702
2021-01-20,Alpine,003,1148,73,71,0,71,0
2021-01-20,Amador,005,37829,3081,3036,24,3060,29
2021-01-20,Butte,007,227075,10233,9582,1395,10977,130
2021-01-20,Calaveras,009,45235,1672,1637,9,1646,21
2021-01-20,Colusa,011,21464,1701,1630,183,1813,7
2021-01-20,Contra Costa,013,1133247,55625,53108,912,54020,461
2021-01-20,Del Norte,015,27424,879,848,3,851,2
2021-01-20,El Dorado,017,186661,8316,7785,537,8322,53
2021-01-20,Fresno,019,978130,88278,83591,6652,90243,872
2021-01-20,Glenn,021,27897,2050,1955,412,2367,13
2021-01-20,Humboldt,023,135768,2589,2390,16,2406,22
2021-01-20,Imperial,025,180216,26047,25380,2322,27702,461
2021-01-20,Inyo,027,18085,1014,901,8,909,26
2021-01-20,Kern,029,883053,84931,80701,7749,88450,754
2021-01-20,Kings,031,150075,20385,19522,805,20327,146
2021-01-20,Lake,033,64148,2753,2646,0,2646,31
2021-01-20,Lassen,035,31185,4869,4758,79,4837,1
2021-01-20,Los Angeles,037,10098052,1072389,1015608,34588,1050196,14299
2021-01-20,Madera,039,155013,14254,13585,678,14263,86
2021-01-20,Marin,041,260295,11965,11684,126,11810,171
2021-01-20,Mariposa,043,17540,339,322,3,325,3
2021-01-20,Mendocino,045,87422,3140,2957,55,3012,32
2021-01-20,Merced,047,269075,25029,24220,653,24873,243
2021-01-20,Modoc,049,8938,302,282,92,374,0
2021-01-20,Mono,051,14174,1104,1105,14,1119,3
2021-01-20,Monterey,053,433212,37817,35960,1266,37226,249
2021-01-20,Napa,055,140530,8071,7731,31,7762,40
2021-01-20,Nevada,057,99092,3467,3238,137,3375,18
2021-01-20,Orange,059,3164182,225016,216893,9068,225961,2500
2021-01-20,Placer,061,380077,18702,17455,897,18352,186
2021-01-20,Plumas,063,18699,601,512,10,522,2
2021-01-20,Riverside,065,2383286,260724,248686,12278,260964,2615
2021-01-20,Sacramento,067,1510023,84339,81687,997,82684,1072
2021-01-20,San Benito,069,59416,5208,5036,59,5095,35
2021-01-20,San Bernardino,071,2135413,267533,255921,7729,263650,1801
2021-01-20,San Diego,073,3302833,234352,218553,10813,229366,2174
2021-01-20,San Francisco,075,870044,30498,29665,697,30362,262
2021-01-20,San Joaquin,077,732212,60248,58025,2376,60401,783
2021-01-20,San Luis Obispo,079,281455,17135,15936,438,16374,164
2021-01-20,San Mateo,081,765935,35126,32929,289,33218,210
2021-01-20,Santa Barbara,083,443738,27562,25312,869,26181,248
2021-01-20,Santa Clara,085,1922200,98273,94995,442,95437,1040
2021-01-20,Santa Cruz,087,273765,13739,12460,640,13100,107
2021-01-20,Shasta,089,179085,10047,9697,1017,10714,98
2021-01-20,Sierra,091,2930,47,40,12,52,0
2021-01-20,Siskiyou,093,43540,1270,1163,184,1347,4
2021-01-20,Solano,095,438530,26730,25659,291,25950,106
2021-01-20,Sonoma,097,501317,25091,24262,126,24388,223
2021-01-20,Stanislaus,099,539301,45001,42955,4500,47455,585
2021-01-20,Sutter,101,95872,8013,7772,74,7846,80
2021-01-20,Tehama,103,63373,4089,3892,444,4336,19
2021-01-20,Trinity,105,12862,438,260,66,326,3
2021-01-20,Tulare,107,460477,43906,41799,6119,47918,559
2021-01-20,Tuolumne,109,53932,3366,3355,29,3384,29
2021-01-20,Ventura,111,848112,66169,63413,2342,65755,395
2021-01-20,Yolo,113,214977,11573,10852,130,10982,141
2021-01-20,Yuba,115,75493,4943,4729,64,4793,29
2021-01-19,Alameda,001,1643700,70902,68434,1494,69928,680
2021-01-19,Alpine,003,1148,73,71,0,71,0
2021-01-19,Amador,005,37829,3072,3024,24,3048,28
2021-01-19,Butte,007,227075,10167,9528,1381,10909,129
2021-01-19,Calaveras,009,45235,1656,1621,8,1629,21
2021-01-19,Colusa,011,21464,1679,1617,175,1792,7
2021-01-19,Contra Costa,013,1133247,55129,52730,901,53631,448
2021-01-19,Del Norte,015,27424,877,843,3,846,2
2021-01-19,El Dorado,017,186661,8256,7743,529,8272,47
2021-01-19,Fresno,019,978130,87757,83200,6600,89800,857
2021-01-19,Glenn,021,27897,2039,1948,407,2355,13
2021-01-19,Humboldt,023,135768,2565,2359,13,2372,22
2021-01-19,Imperial,025,180216,25965,25333,2304,27637,452
2021-01-19,Inyo,027,18085,1007,891,8,899,26
2021-01-19,Kern,029,883053,84344,80272,7642,87914,742
2021-01-19,Kings,031,150075,20246,19375,794,20169,143
2021-01-19,Lake,033,64148,2738,2625,0,2625,31
2021-01-19,Lassen,035,31185,4862,4753,79,4832,1
2021-01-19,Los Angeles,037,10098052,1063718,1010375,34316,1044691,14014
2021-01-19,Madera,039,155013,14138,13528,671,14199,86
2021-01-19,Marin,041,260295,11907,11654,122,11776,169
2021-01-19,Mariposa,043,17540,339,322,3,325,3
2021-01-19,Mendocino,045,87422,3123,2930,55,2985,32
2021-01-19,Merced,047,269075,24815,24108,647,24755,242
2021-01-19,Modoc,049,8938,301,281,92,373,0
2021-01-19,Mono,051,14174,1103,1106,14,1120,3
2021-01-19,Monterey,053,433212,37497,35840,1245,37085,248
2021-01-19,Napa,055,140530,8012,7672,31,7703,38
2021-01-19,Nevada,057,99092,3449,3216,135,3351,18
2021-01-19,Orange,059,3164182,223280,215244,8999,224243,2468
2021-01-19,Placer,061,380077,18604,17348,887,18235,182
2021-01-19,Plumas,063,18699,594,509,10,519,2
2021-01-19,Riverside,065,2383286,258640,246248,12199,258447,2585
2021-01-19,Sacramento,067,1510023,83801,81183,977,82160,1053
2021-01-19,San Benito,069,59416,5162,4988,58,5046,35
2021-01-19,San Bernardino,071,2135413,265790,253651,7671,261322,1777
2021-01-19,San Diego,073,3302833,231932,216833,10716,227549,2109
2021-01-19,San Francisco,075,870044,30280,29502,665,30167,261
2021-01-19,San Joaquin,077,732212,59864,57655,2363,60018,782
2021-01-19,San Luis Obispo,079,281455,16872,15855,435,16290,161
2021-01-19,San Mateo,081,765935,34840,32730,278,33008,208
2021-01-19,Santa Barbara,083,443738,27180,24991,853,25844,236
2021-01-19,Santa Clara,085,1922200,97495,94483,440,94923,1010
2021-01-19,Santa Cruz,087,273765,13622,12410,632,13042,106
2021-01-19,Shasta,089,179085,10011,9614,1007,10621,93
2021-01-19,Sierra,091,2930,47,40,10,50,0
2021-01-19,Siskiyou,093,43540,1262,1149,183,1332,4
2021-01-19,Solano,095,438530,26484,25520,290,25810,106
2021-01-19,Sonoma,097,501317,24911,24133,124,24257,223
2021-01-19,Stanislaus,099,539301,44650,42723,4443,47166,561
2021-01-19,Sutter,101,95872,7962,7709,68,7777,80
2021-01-19,Tehama,103,63373,4054,3876,442,4318,19
2021-01-19,Trinity,105,12862,437,260,66,326,3
2021-01-19,Tulare,107,460477,43628,41559,6023,47582,549
2021-01-19,Tuolumne,109,53932,3338,3328,29,3357,29
2021-01-19,Ventura,111,848112,65491,62656,2315,64971,383
2021-01-19,Yolo,113,214977,11487,10789,130,10919,134
2021-01-19,Yuba,115,75493,4910,4695,63,4758,29
2021-01-18,Alameda,001,1643700,70258,67938,1476,69414,680
2021-01-18,Alpine,003,1148,73,71,0,71,0
2021-01-18,Amador,005,37829,3058,3016,24,3040,28
2021-01-18,Butte,007,227075,10080,9474,1368,10842,129
2021-01-18,Calaveras,009,45235,1634,1617,7,1624,21
2021-01-18,Colusa,011,21464,1662,1608,170,1778,7
2021-01-18,Contra Costa,013,1133247,54613,52323,893,53216,448
2021-01-18,Del Norte,015,27424,876,840,3,843,2
2021-01-18,El Dorado,017,186661,8187,7707,527,8234,47
2021-01-18,Fresno,019,978130,87146,82485,6533,89018,857
2021-01-18,Glenn,021,27897,2022,1935,403,2338,13
2021-01-18,Humboldt,023,135768,2527,2343,13,2356,22
2021-01-18,Imperial,025,180216,25896,25317,2279,27596,452
2021-01-18,Inyo,027,18085,995,872,8,880,26
2021-01-18,Kern,029,883053,83704,79930,7550,87480,740
2021-01-18,Kings,031,150075,20076,19267,782,20049,141
2021-01-18,Lake,033,64148,2721,2591,0,2591,30
2021-01-18,Lassen,035,31185,4826,4749,78,4827,1
2021-01-18,Los Angeles,037,10098052,1054229,1002614,34025,1036639,13828
2021-01-18,Madera,039,155013,14024,13443,663,14106,85
2021-01-18,Marin,041,260295,11859,11607,120,11727,165
2021-01-18,Mariposa,043,17540,336,320,2,322,3
2021-01-18,Mendocino,045,87422,3100,2919,55,2974,31
2021-01-18,Merced,047,269075,24570,23927,631,24558,242
2021-01-18,Modoc,049,8938,298,281,89,370,0
2021-01-18,Mono,051,14174,1100,1101,14,1115,3
2021-01-18,Monterey,053,433212,37043,35549,1228,36777,247
2021-01-18,Napa,055,140530,7938,7601,31,7632,38
2021-01-18,Nevada,057,99092,3411,3199,134,3333,17
2021-01-18,Orange,059,3164182,221378,213866,8943,222809,2405
2021-01-18,Placer,061,380077,18488,17263,878,18141,182
2021-01-18,Plumas,063,18699,590,506,10,516,2
2021-01-18,Riverside,065,2383286,256322,244151,12105,256256,2568
2021-01-18,Sacramento,067,1510023,83122,80546,961,81507,1046
2021-01-18,San Benito,069,59416,5111,4963,56,5019,35
2021-01-18,San Bernardino,071,2135413,264018,252808,7613,260421,1775
2021-01-18,San Diego,073,3302833,229286,214335,10587,224922,2103
2021-01-18,San Francisco,075,870044,30074,29321,641,29962,259
2021-01-18,San Joaquin,077,732212,59346,57405,2341,59746,782
2021-01-18,San Luis Obispo,079,281455,16685,15742,425,16167,158
2021-01-18,San Mateo,081,765935,34526,32515,259,32774,208
2021-01-18,Santa Barbara,083,443738,26807,24638,839,25477,235
2021-01-18,Santa Clara,085,1922200,96602,93688,436,94124,992
2021-01-18,Santa Cruz,087,273765,13489,12298,619,12917,106
2021-01-18,Shasta,089,179085,9972,9600,997,10597,92
2021-01-18,Sierra,091,2930,46,40,10,50,0
2021-01-18,Siskiyou,093,43540,1250,1144,181,1325,4
2021-01-18,Solano,095,438530,26206,25344,285,25629,105
2021-01-18,Sonoma,097,501317,24640,24068,123,24191,223
2021-01-18,Stanislaus,099,539301,44292,42413,4393,46806,562
2021-01-18,Sutter,101,95872,7904,7680,66,7746,78
2021-01-18,Tehama,103,63373,4010,3854,435,4289,19
2021-01-18,Trinity,105,12862,437,260,66,326,3
2021-01-18,Tulare,107,460477,43339,41196,5911,47107,549
2021-01-18,Tuolumne,109,53932,3315,3318,28,3346,28
2021-01-18,Ventura,111,848112,65061,61859,2292,64151,379
2021-01-18,Yolo,113,214977,11357,10620,127,10747,134
2021-01-18,Yuba,115,75493,4882,4671,61,4732,29
2021-01-17,Alameda,001,1643700,69682,67375,1457,68832,676
2021-01-17,Alpine,003,1148,73,71,0,71,0
2021-01-17,Amador,005,37829,3051,3001,24,3025,28
2021-01-17,Butte,007,227075,10008,9411,1346,10757,129
2021-01-17,Calaveras,009,45235,1621,1608,7,1615,21
2021-01-17,Colusa,011,21464,1648,1588,165,1753,7
2021-01-17,Contra Costa,013,1133247,54125,51932,883,52815,447
2021-01-17,Del Norte,015,27424,876,838,3,841,2
2021-01-17,El Dorado,017,186661,8131,7659,515,8174,47
2021-01-17,Fresno,019,978130,86593,82039,6456,88495,857
2021-01-17,Glenn,021,27897,2012,1924,398,2322,9
2021-01-17,Humboldt,023,135768,2489,2322,11,2333,22
2021-01-17,Imperial,025,180216,25826,25253,2235,27488,451
2021-01-17,Inyo,027,18085,989,864,8,872,26
2021-01-17,Kern,029,883053,83156,79489,7464,86953,738
2021-01-17,Kings,031,150075,19940,19201,768,19969,131
2021-01-17,Lake,033,64148,2705,2572,0,2572,30
2021-01-17,Lassen,035,31185,4818,4740,77,4817,1
2021-01-17,Los Angeles,037,10098052,1047590,993028,33624,1026652,13741
2021-01-17,Madera,039,155013,13932,13328,658,13986,85
2021-01-17,Marin,041,260295,11806,11552,118,11670,164
2021-01-17,Mariposa,043,17540,336,319,2,321,3
2021-01-17,Mendocino,045,87422,3072,2912,54,2966,31
2021-01-17,Merced,047,269075,24355,23800,614,24414,242
2021-01-17,Modoc,049,8938,297,279,89,368,0
2021-01-17,Mono,051,14174,1093,1091,13,1104,3
2021-01-17,Monterey,053,433212,36806,35340,1203,36543,244
2021-01-17,Napa,055,140530,7882,7521,31,7552,38
2021-01-17,Nevada,057,99092,3386,3176,132,3308,17
2021-01-17,Orange,059,3164182,219372,212389,8868,221257,2359
2021-01-17,Placer,061,380077,18383,17194,863,18057,181
2021-01-17,Plumas,063,18699,589,505,9,514,2
2021-01-17,Riverside,065,2383286,254211,242206,11986,254192,2534
2021-01-17,Sacramento,067,1510023,82518,80154,948,81102,1045
2021-01-17,San Benito,069,59416,5072,4941,56,4997,35
2021-01-17,San Bernardino,071,2135413,261894,251487,7524,259011,1775
2021-01-17,San Diego,073,3302833,227091,211785,10480,222265,2103
2021-01-17,San Francisco,075,870044,29889,29139,602,29741,255
2021-01-17,San Joaquin,077,732212,58986,57094,2326,59420,780
2021-01-17,San Luis Obispo,079,281455,16563,15658,416,16074,157
2021-01-17,San Mateo,081,765935,34273,32186,236,32422,208
2021-01-17,Santa Barbara,083,443738,26354,24401,823,25224,235
2021-01-17,Santa Clara,085,1922200,95852,92752,433,93185,976
2021-01-17,Santa Cruz,087,273765,13377,12196,616,12812,106
2021-01-17,Shasta,089,179085,9914,9588,989,10577,92
2021-01-17,Sierra,091,2930,46,38,9,47,0
2021-01-17,Siskiyou,093,43540,1243,1136,178,1314,4
2021-01-17,Solano,095,438530,25976,25216,283,25499,105
2021-01-17,Sonoma,097,501317,24467,23871,123,23994,223
2021-01-17,Stanislaus,099,539301,43972,42221,4336,46557,562
2021-01-17,Sutter,101,95872,7840,7604,65,7669,77
2021-01-17,Tehama,103,63373,3980,3837,430,4267,18
2021-01-17,Trinity,105,12862,437,261,66,327,3
2021-01-17,Tulare,107,460477,43047,41016,5795,46811,549
2021-01-17,Tuolumne,109,53932,3298,3287,28,3315,27
2021-01-17,Ventura,111,848112,64217,61257,2245,63502,376
2021-01-17,Yolo,113,214977,11256,10519,125,10644,134
2021-01-17,Yuba,115,75493,4831,4640,59,4699,28
2021-01-16,Alameda,001,1643700,69357,66583,1444,68027,673
2021-01-16,Alpine,003,1148,73,71,0,71,0
2021-01-16,Amador,005,37829,3048,2986,24,3010,28
2021-01-16,Butte,007,227075,9978,9359,1326,10685,129
2021-01-16,Calaveras,009,45235,1607,1596,7,1603,21
2021-01-16,Colusa,011,21464,1636,1578,165,1743,7
2021-01-16,Contra Costa,013,1133247,53862,51363,876,52239,443
2021-01-16,Del Norte,015,27424,871,833,3,836,2
2021-01-16,El Dorado,017,186661,8109,7575,514,8089,47
2021-01-16,Fresno,019,978130,86319,81294,6403,87697,846
2021-01-16,Glenn,021,27897,2008,1894,394,2288,9
2021-01-16,Humboldt,023,135768,2469,2294,9,2303,22
2021-01-16,Imperial,025,180216,25792,25140,2228,27368,451
2021-01-16,Inyo,027,18085,985,845,8,853,25
2021-01-16,Kern,029,883053,82789,78865,7411,86276,733
2021-01-16,Kings,031,150075,19884,19072,765,19837,131
2021-01-16,Lake,033,64148,2695,2504,0,2504,30
2021-01-16,Lassen,035,31185,4806,4719,77,4796,1
2021-01-16,Los Angeles,037,10098052,1043513,982684,33383,1016067,13654
2021-01-16,Madera,039,155013,13866,13193,654,13847,85
2021-01-16,Marin,041,260295,11764,11482,118,11600,164
2021-01-16,Mariposa,043,17540,335,317,2,319,3
2021-01-16,Mendocino,045,87422,3058,2890,51,2941,31
2021-01-16,Merced,047,269075,24268,23478,600,24078,242
2021-01-16,Modoc,049,8938,297,278,89,367,0
2021-01-16,Mono,051,14174,1091,1079,13,1092,3
2021-01-16,Monterey,053,433212,36698,34972,1185,36157,243
2021-01-16,Napa,055,140530,7843,7356,31,7387,39
2021-01-16,Nevada,057,99092,3353,3144,132,3276,17
2021-01-16,Orange,059,3164182,218333,210111,8811,218922,2312
2021-01-16,Placer,061,380077,18318,16995,861,17856,177
2021-01-16,Plumas,063,18699,586,502,9,511,2
2021-01-16,Riverside,065,2383286,252853,239412,11869,251281,2506
2021-01-16,Sacramento,067,1510023,82140,79122,931,80053,1033
2021-01-16,San Benito,069,59416,5040,4875,56,4931,35
2021-01-16,San Bernardino,071,2135413,261113,249401,7458,256859,1755
2021-01-16,San Diego,073,3302833,225792,209895,10384,220279,2065
2021-01-16,San Francisco,075,870044,29762,28853,571,29424,244
2021-01-16,San Joaquin,077,732212,58739,56642,2295,58937,776
2021-01-16,San Luis Obispo,079,281455,16462,15466,414,15880,152
2021-01-16,San Mateo,081,765935,34109,31805,230,32035,208
2021-01-16,Santa Barbara,083,443738,26157,24088,816,24904,229
2021-01-16,Santa Clara,085,1922200,95385,91584,426,92010,954
2021-01-16,Santa Cruz,087,273765,13318,12026,614,12640,106
2021-01-16,Shasta,089,179085,9881,9547,985,10532,92
2021-01-16,Sierra,091,2930,45,38,9,47,0
2021-01-16,Siskiyou,093,43540,1238,1124,178,1302,4
2021-01-16,Solano,095,438530,25867,24732,277,25009,103
2021-01-16,Sonoma,097,501317,24378,23607,122,23729,223
2021-01-16,Stanislaus,099,539301,43782,41809,4285,46094,562
2021-01-16,Sutter,101,95872,7808,7560,65,7625,76
2021-01-16,Tehama,103,63373,3966,3783,430,4213,18
2021-01-16,Trinity,105,12862,437,261,66,327,3
2021-01-16,Tulare,107,460477,42866,40655,5722,46377,542
2021-01-16,Tuolumne,109,53932,3290,3269,28,3297,27
2021-01-16,Ventura,111,848112,63664,60368,2215,62583,369
2021-01-16,Yolo,113,214977,11208,10406,124,10530,134
2021-01-16,Yuba,115,75493,4800,4602,59,4661,27
2021-01-15,Alameda,001,1643700,68917,65416,1434,66850,672
2021-01-15,Alpine,003,1148,73,71,0,71,0
2021-01-15,Amador,005,37829,3041,2953,24,2977,28
2021-01-15,Butte,007,227075,9940,9233,1309,10542,129
2021-01-15,Calaveras,009,45235,1600,1538,7,1545,21
2021-01-15,Colusa,011,21464,1625,1541,161,1702,7
2021-01-15,Contra Costa,013,1133247,53532,50408,869,51277,428
2021-01-15,Del Norte,015,27424,867,828,2,830,2
2021-01-15,El Dorado,017,186661,8060,7439,505,7944,47
2021-01-15,Fresno,019,978130,85781,79950,6370,86320,832
2021-01-15,Glenn,021,27897,2003,1824,392,2216,9
2021-01-15,Humboldt,023,135768,2442,2218,8,2226,22
2021-01-15,Imperial,025,180216,25758,24944,2222,27166,446
2021-01-15,Inyo,027,18085,967,814,8,822,25
2021-01-15,Kern,029,883053,82377,77873,7346,85219,719
2021-01-15,Kings,031,150075,19775,18661,759,19420,131
2021-01-15,Lake,033,64148,2669,2434,0,2434,28
2021-01-15,Lassen,035,31185,4795,4693,75,4768,1
2021-01-15,Los Angeles,037,10098052,1036468,968979,33092,1002071,13404
2021-01-15,Madera,039,155013,13781,12883,651,13534,85
2021-01-15,Marin,041,260295,11713,11310,118,11428,160
2021-01-15,Mariposa,043,17540,333,307,2,309,3
2021-01-15,Mendocino,045,87422,3047,2835,51,2886,31
2021-01-15,Merced,047,269075,24155,23060,596,23656,239
2021-01-15,Modoc,049,8938,297,278,87,365,0
2021-01-15,Mono,051,14174,1088,1057,13,1070,3
2021-01-15,Monterey,053,433212,36486,34460,1126,35586,243
2021-01-15,Napa,055,140530,7781,7231,31,7262,38
2021-01-15,Nevada,057,99092,3340,3099,129,3228,17
2021-01-15,Orange,059,3164182,216975,207129,8759,215888,2254
2021-01-15,Placer,061,380077,18216,16712,852,17564,173
2021-01-15,Plumas,063,18699,583,499,9,508,2
2021-01-15,Riverside,065,2383286,250998,235235,11791,247026,2458
2021-01-15,Sacramento,067,1510023,81722,80279,923,81202,1023
2021-01-15,San Benito,069,59416,5001,4766,54,4820,35
2021-01-15,San Bernardino,071,2135413,259953,246182,7400,253582,1726
2021-01-15,San Diego,073,3302833,224043,206868,10319,217187,2037
2021-01-15,San Francisco,075,870044,29588,28574,551,29125,242
2021-01-15,San Joaquin,077,732212,58504,55885,2281,58166,748
2021-01-15,San Luis Obispo,079,281455,16329,15129,409,15538,148
2021-01-15,San Mateo,081,765935,33864,31291,226,31517,208
2021-01-15,Santa Barbara,083,443738,25877,23487,806,24293,226
2021-01-15,Santa Clara,085,1922200,94734,90103,421,90524,942
2021-01-15,Santa Cruz,087,273765,13209,11776,600,12376,105
2021-01-15,Shasta,089,179085,9842,9459,977,10436,91
2021-01-15,Sierra,091,2930,44,36,8,44,0
2021-01-15,Siskiyou,093,43540,1234,1119,177,1296,4
2021-01-15,Solano,095,438530,25718,24222,274,24496,103
2021-01-15,Sonoma,097,501317,24245,23204,121,23325,222
2021-01-15,Stanislaus,099,539301,43539,41178,4249,45427,562
2021-01-15,Sutter,101,95872,7761,7484,64,7548,75
2021-01-15,Tehama,103,63373,3945,3714,429,4143,17
2021-01-15,Trinity,105,12862,437,262,66,328,3
2021-01-15,Tulare,107,460477,42622,39951,5638,45589,535
2021-01-15,Tuolumne,109,53932,3274,3231,28,3259,27
2021-01-15,Ventura,111,848112,62919,59061,2182,61243,353
2021-01-15,Yolo,113,214977,11153,10240,123,10363,134
2021-01-15,Yuba,115,75493,4779,4549,59,4608,27
2021-01-14,Alameda,001,1643700,68265,64364,1418,65782,686
2021-01-14,Alpine,003,1148,73,71,0,71,0
2021-01-14,Amador,005,37829,3035,2940,24,2964,28
2021-01-14,Butte,007,227075,9855,9127,1288,10415,129
2021-01-14,Calaveras,009,45235,1583,1513,7,1520,21
2021-01-14,Colusa,011,21464,1610,1535,158,1693,7
2021-01-14,Contra Costa,013,1133247,52978,49545,855,50400,415
2021-01-14,Del Norte,015,27424,861,821,2,823,2
2021-01-14,El Dorado,017,186661,7986,7321,497,7818,45
2021-01-14,Fresno,019,978130,85148,79033,6294,85327,814
2021-01-14,Glenn,021,27897,1990,1798,387,2185,9
2021-01-14,Humboldt,023,135768,2399,2169,8,2177,22
2021-01-14,Imperial,025,180216,25648,24882,2186,27068,447
2021-01-14,Inyo,027,18085,960,790,8,798,25
2021-01-14,Kern,029,883053,81710,77070,7245,84315,705
2021-01-14,Kings,031,150075,19645,18405,755,19160,108
2021-01-14,Lake,033,64148,2626,2378,0,2378,27
2021-01-14,Lassen,035,31185,4785,4673,73,4746,1
2021-01-14,Los Angeles,037,10098052,1026464,954652,32712,987364,13147
2021-01-14,Madera,039,155013,13668,12742,640,13382,85
2021-01-14,Marin,041,260295,11639,11155,117,11272,159
2021-01-14,Mariposa,043,17540,330,302,2,304,3
2021-01-14,Mendocino,045,87422,3033,2801,49,2850,31
2021-01-14,Merced,047,269075,23926,22780,587,23367,239
2021-01-14,Modoc,049,8938,297,273,87,360,0
2021-01-14,Mono,051,14174,1080,1020,13,1033,3
2021-01-14,Monterey,053,433212,36071,34105,1106,35211,242
2021-01-14,Napa,055,140530,7696,7117,31,7148,38
2021-01-14,Nevada,057,99092,3313,3075,127,3202,17
2021-01-14,Orange,059,3164182,215044,204442,8673,213115,2162
2021-01-14,Placer,061,380077,18055,16488,845,17333,169
2021-01-14,Plumas,063,18699,575,496,9,505,2
2021-01-14,Riverside,065,2383286,248350,231684,11691,243375,2357
2021-01-14,Sacramento,067,1510023,81084,79137,899,80036,1007
2021-01-14,San Benito,069,59416,4964,4678,53,4731,35
2021-01-14,San Bernardino,071,2135413,257985,243379,7330,250709,1750
2021-01-14,San Diego,073,3302833,221649,204173,10199,214372,2005
2021-01-14,San Francisco,075,870044,29344,28200,503,28703,238
2021-01-14,San Joaquin,077,732212,57990,55058,2267,57325,739
2021-01-14,San Luis Obispo,079,281455,16168,14851,400,15251,146
2021-01-14,San Mateo,081,765935,33495,30694,217,30911,208
2021-01-14,Santa Barbara,083,443738,25466,23126,780,23906,219
2021-01-14,Santa Clara,085,1922200,93795,88505,414,88919,910
2021-01-14,Santa Cruz,087,273765,13062,11583,584,12167,109
2021-01-14,Shasta,089,179085,9792,9334,961,10295,90
2021-01-14,Sierra,091,2930,44,35,7,42,0
2021-01-14,Siskiyou,093,43540,1222,1108,174,1282,3
2021-01-14,Solano,095,438530,25459,23782,270,24052,103
2021-01-14,Sonoma,097,501317,24004,22910,121,23031,202
2021-01-14,Stanislaus,099,539301,43214,40597,4211,44808,574
2021-01-14,Sutter,101,95872,7702,7416,61,7477,74
2021-01-14,Tehama,103,63373,3916,3664,425,4089,17
2021-01-14,Trinity,105,12862,437,261,65,326,3
2021-01-14,Tulare,107,460477,42238,39565,5529,45094,533
2021-01-14,Tuolumne,109,53932,3253,3215,28,3243,28
2021-01-14,Ventura,111,848112,62047,57941,2144,60085,347
2021-01-14,Yolo,113,214977,11042,10097,117,10214,135
2021-01-14,Yuba,115,75493,4747,4496,59,4555,27
2021-01-13,Alameda,001,1643700,67509,63568,1401,64969,690
2021-01-13,Alpine,003,1148,73,71,0,71,0
2021-01-13,Amador,005,37829,3021,2914,24,2938,26
2021-01-13,Butte,007,227075,9776,9013,1274,10287,126
2021-01-13,Calaveras,009,45235,1561,1493,7,1500,21
2021-01-13,Colusa,011,21464,1598,1524,153,1677,7
2021-01-13,Contra Costa,013,1133247,52398,48877,843,49720,403
2021-01-13,Del Norte,015,27424,857,820,2,822,2
2021-01-13,El Dorado,017,186661,7893,7247,489,7736,43
2021-01-13,Fresno,019,978130,84430,78278,6252,84530,804
2021-01-13,Glenn,021,27897,1975,1792,379,2171,9
2021-01-13,Humboldt,023,135768,2367,2114,8,2122,22
2021-01-13,Imperial,025,180216,25524,24717,2153,26870,463
2021-01-13,Inyo,027,18085,948,785,8,793,25
2021-01-13,Kern,029,883053,81049,76049,7155,83204,704
2021-01-13,Kings,031,150075,19478,18121,733,18854,108
2021-01-13,Lake,033,64148,2582,2305,0,2305,27
2021-01-13,Lassen,035,31185,4778,4663,72,4735,1
2021-01-13,Los Angeles,037,10098052,1015690,937985,32302,970287,12873
2021-01-13,Madera,039,155013,13542,12570,635,13205,85
2021-01-13,Marin,041,260295,11583,11039,117,11156,161
2021-01-13,Mariposa,043,17540,328,304,2,306,3
2021-01-13,Mendocino,045,87422,3013,2790,49,2839,31
2021-01-13,Merced,047,269075,23686,22497,572,23069,241
2021-01-13,Modoc,049,8938,296,274,84,358,0
2021-01-13,Mono,051,14174,1076,1017,13,1030,3
2021-01-13,Monterey,053,433212,35651,33748,1082,34830,241
2021-01-13,Napa,055,140530,7582,7028,31,7059,36
2021-01-13,Nevada,057,99092,3288,3037,124,3161,17
2021-01-13,Orange,059,3164182,212956,201158,8604,209762,2172
2021-01-13,Placer,061,380077,17927,16272,831,17103,172
2021-01-13,Plumas,063,18699,573,490,9,499,2
2021-01-13,Riverside,065,2383286,245197,228192,11574,239766,2278
2021-01-13,Sacramento,067,1510023,80424,78268,892,79160,996
2021-01-13,San Benito,069,59416,4908,4583,52,4635,35
2021-01-13,San Bernardino,071,2135413,255611,240191,7258,247449,1759
2021-01-13,San Diego,073,3302833,219035,201578,10096,211674,1952
2021-01-13,San Francisco,075,870044,29104,27863,481,28344,238
2021-01-13,San Joaquin,077,732212,57366,54373,2237,56610,738
2021-01-13,San Luis Obispo,079,281455,16014,14625,389,15014,140
2021-01-13,San Mateo,081,765935,33154,30195,215,30410,207
2021-01-13,Santa Barbara,083,443738,25031,22714,756,23470,216
2021-01-13,Santa Clara,085,1922200,92819,87187,411,87598,911
2021-01-13,Santa Cruz,087,273765,12889,11423,570,11993,110
2021-01-13,Shasta,089,179085,9728,9180,947,10127,93
2021-01-13,Sierra,091,2930,44,33,7,40,0
2021-01-13,Siskiyou,093,43540,1216,1102,170,1272,3
2021-01-13,Solano,095,438530,25174,23503,269,23772,105
2021-01-13,Sonoma,097,501317,23755,22610,120,22730,206
2021-01-13,Stanislaus,099,539301,42812,40167,4157,44324,574
2021-01-13,Sutter,101,95872,7656,7350,60,7410,73
2021-01-13,Tehama,103,63373,3866,3589,420,4009,17
2021-01-13,Trinity,105,12862,437,260,65,325,3
2021-01-13,Tulare,107,460477,41830,39129,5425,44554,522
2021-01-13,Tuolumne,109,53932,3239,3196,28,3224,28
2021-01-13,Ventura,111,848112,61034,56453,2105,58558,338
2021-01-13,Yolo,113,214977,10941,9933,113,10046,135
2021-01-13,Yuba,115,75493,4705,4448,56,4504,27
2021-01-12,Alameda,001,1643700,66687,62642,1381,64023,677
2021-01-12,Alpine,003,1148,73,71,0,71,0
2021-01-12,Amador,005,37829,3004,2897,24,2921,26
2021-01-12,Butte,007,227075,9690,8883,1257,10140,124
2021-01-12,Calaveras,009,45235,1524,1475,7,1482,21
2021-01-12,Colusa,011,21464,1586,1510,149,1659,7
2021-01-12,Contra Costa,013,1133247,51754,48242,829,49071,399
2021-01-12,Del Norte,015,27424,852,816,2,818,2
2021-01-12,El Dorado,017,186661,7810,7156,478,7634,41
2021-01-12,Fresno,019,978130,83558,77651,6183,83834,796
2021-01-12,Glenn,021,27897,1947,1781,374,2155,9
2021-01-12,Humboldt,023,135768,2313,2077,7,2084,22
2021-01-12,Imperial,025,180216,25434,24566,2112,26678,457
2021-01-12,Inyo,027,18085,931,773,8,781,25
2021-01-12,Kern,029,883053,80343,75320,7057,82377,689
2021-01-12,Kings,031,150075,19266,18072,723,18795,108
2021-01-12,Lake,033,64148,2535,2260,0,2260,27
2021-01-12,Lassen,035,31185,4756,4659,70,4729,1
2021-01-12,Los Angeles,037,10098052,1004048,926295,31888,958183,12610
2021-01-12,Madera,039,155013,13401,12485,626,13111,85
2021-01-12,Marin,041,260295,11474,10960,117,11077,157
2021-01-12,Mariposa,043,17540,326,302,2,304,3
2021-01-12,Mendocino,045,87422,2993,2762,45,2807,31
2021-01-12,Merced,047,269075,23435,22172,550,22722,239
2021-01-12,Modoc,049,8938,294,274,84,358,0
2021-01-12,Mono,051,14174,1066,1008,13,1021,3
2021-01-12,Monterey,053,433212,35151,33381,1062,34443,240
2021-01-12,Napa,055,140530,7499,6936,31,6967,36
2021-01-12,Nevada,057,99092,3260,3014,122,3136,17
2021-01-12,Orange,059,3164182,210665,198260,8517,206777,2142
2021-01-12,Placer,061,380077,17757,16087,825,16912,163
2021-01-12,Plumas,063,18699,567,483,9,492,2
2021-01-12,Riverside,065,2383286,242066,225580,11434,237014,2266
2021-01-12,Sacramento,067,1510023,79684,77201,884,78085,985
2021-01-12,San Benito,069,59416,4840,4515,52,4567,35
2021-01-12,San Bernardino,071,2135413,253041,237008,7188,244196,1739
2021-01-12,San Diego,073,3302833,216122,198317,9979,208296,1898
2021-01-12,San Francisco,075,870044,28827,27531,448,27979,238
2021-01-12,San Joaquin,077,732212,56724,53630,2210,55840,725
2021-01-12,San Luis Obispo,079,281455,15766,14367,380,14747,132
2021-01-12,San Mateo,081,765935,32763,29747,203,29950,206
2021-01-12,Santa Barbara,083,443738,24618,22182,728,22910,209
2021-01-12,Santa Clara,085,1922200,91747,86075,403,86478,904
2021-01-12,Santa Cruz,087,273765,12674,11267,554,11821,110
2021-01-12,Shasta,089,179085,9655,9086,934,10020,84
2021-01-12,Sierra,091,2930,42,33,6,39,0
2021-01-12,Siskiyou,093,43540,1206,1091,164,1255,3
2021-01-12,Solano,095,438530,24871,23160,264,23424,102
2021-01-12,Sonoma,097,501317,23447,22403,120,22523,205
2021-01-12,Stanislaus,099,539301,42362,39615,4123,43738,571
2021-01-12,Sutter,101,95872,7593,7276,59,7335,73
2021-01-12,Tehama,103,63373,3830,3567,416,3983,17
2021-01-12,Trinity,105,12862,437,258,65,323,3
2021-01-12,Tulare,107,460477,41371,38797,5309,44106,509
2021-01-12,Tuolumne,109,53932,3206,3178,28,3206,28
2021-01-12,Ventura,111,848112,60062,55342,2072,57414,324
2021-01-12,Yolo,113,214977,10807,9857,103,9960,133
2021-01-12,Yuba,115,75493,4663,4389,56,4445,27
2021-01-11,Alameda,001,1643700,65825,61949,1364,63313,652
2021-01-11,Alpine,003,1148,73,70,0,70,0
2021-01-11,Amador,005,37829,2990,2867,24,2891,24
2021-01-11,Butte,007,227075,9576,8757,1239,9996,119
2021-01-11,Calaveras,009,45235,1506,1460,7,1467,21
2021-01-11,Colusa,011,21464,1568,1494,145,1639,7
2021-01-11,Contra Costa,013,1133247,51076,47728,820,48548,398
2021-01-11,Del Norte,015,27424,848,810,2,812,2
2021-01-11,El Dorado,017,186661,7716,6987,470,7457,36
2021-01-11,Fresno,019,978130,82678,76581,6105,82686,775
2021-01-11,Glenn,021,27897,1918,1763,365,2128,9
2021-01-11,Humboldt,023,135768,2274,2069,7,2076,22
2021-01-11,Imperial,025,180216,25319,24418,2077,26495,453
2021-01-11,Inyo,027,18085,913,763,8,771,25
2021-01-11,Kern,029,883053,79487,74489,6955,81444,682
2021-01-11,Kings,031,150075,19003,17909,715,18624,108
2021-01-11,Lake,033,64148,2483,2205,0,2205,26
2021-01-11,Lassen,035,31185,4733,4647,69,4716,1
2021-01-11,Los Angeles,037,10098052,990844,914434,31416,945850,12304
2021-01-11,Madera,039,155013,13268,12366,615,12981,85
2021-01-11,Marin,041,260295,11378,10814,114,10928,156
2021-01-11,Mariposa,043,17540,319,296,2,298,3
2021-01-11,Mendocino,045,87422,2965,2728,45,2773,31
2021-01-11,Merced,047,269075,23112,21884,536,22420,238
2021-01-11,Modoc,049,8938,293,271,83,354,0
2021-01-11,Mono,051,14174,1060,1006,13,1019,3
2021-01-11,Monterey,053,433212,34611,32858,999,33857,239
2021-01-11,Napa,055,140530,7397,6822,31,6853,36
2021-01-11,Nevada,057,99092,3232,2980,122,3102,17
2021-01-11,Orange,059,3164182,208083,196340,8416,204756,2113
2021-01-11,Placer,061,380077,17577,15919,815,16734,163
2021-01-11,Plumas,063,18699,563,477,9,486,2
2021-01-11,Riverside,065,2383286,238544,222907,11287,234194,2222
2021-01-11,Sacramento,067,1510023,78755,76009,868,76877,974
2021-01-11,San Benito,069,59416,4763,4482,45,4527,34
2021-01-11,San Bernardino,071,2135413,250205,235543,7089,242632,1739
2021-01-11,San Diego,073,3302833,212853,194793,9819,204612,1857
2021-01-11,San Francisco,075,870044,28552,27264,427,27691,238
2021-01-11,San Joaquin,077,732212,56113,53002,2180,55182,725
2021-01-11,San Luis Obispo,079,281455,15396,14213,372,14585,126
2021-01-11,San Mateo,081,765935,32318,29355,191,29546,206
2021-01-11,Santa Barbara,083,443738,24175,21740,711,22451,200
2021-01-11,Santa Clara,085,1922200,90545,84851,394,85245,877
2021-01-11,Santa Cruz,087,273765,12494,11093,530,11623,106
2021-01-11,Shasta,089,179085,9557,8977,921,9898,81
2021-01-11,Sierra,091,2930,41,33,6,39,0
2021-01-11,Siskiyou,093,43540,1197,1087,162,1249,3
2021-01-11,Solano,095,438530,24549,22893,259,23152,101
2021-01-11,Sonoma,097,501317,23200,22191,120,22311,205
2021-01-11,Stanislaus,099,539301,41870,39149,4072,43221,571
2021-01-11,Sutter,101,95872,7534,7204,58,7262,71
2021-01-11,Tehama,103,63373,3766,3524,395,3919,17
2021-01-11,Trinity,105,12862,437,256,65,321,2
2021-01-11,Tulare,107,460477,40956,38380,5230,43610,497
2021-01-11,Tuolumne,109,53932,3195,3165,28,3193,27
2021-01-11,Ventura,111,848112,58925,54202,2049,56251,320
2021-01-11,Yolo,113,214977,10596,9699,101,9800,129
2021-01-11,Yuba,115,75493,4625,4349,49,4398,27
2021-01-10,Alameda,001,1643700,64835,61111,1335,62446,650
2021-01-10,Alpine,003,1148,73,70,0,70,0
2021-01-10,Amador,005,37829,2966,2861,24,2885,24
2021-01-10,Butte,007,227075,9457,8665,1213,9878,119
2021-01-10,Calaveras,009,45235,1482,1449,7,1456,21
2021-01-10,Colusa,011,21464,1544,1478,144,1622,7
2021-01-10,Contra Costa,013,1133247,50289,47109,802,47911,398
2021-01-10,Del Norte,015,27424,845,809,2,811,2
2021-01-10,El Dorado,017,186661,7629,6904,452,7356,36
2021-01-10,Fresno,019,978130,81867,75621,5981,81602,775
2021-01-10,Glenn,021,27897,1895,1746,357,2103,9
2021-01-10,Humboldt,023,135768,2213,2049,7,2056,22
2021-01-10,Imperial,025,180216,25156,24233,2026,26259,453
2021-01-10,Inyo,027,18085,885,748,8,756,25
2021-01-10,Kern,029,883053,78661,73712,6822,80534,679
2021-01-10,Kings,031,150075,18784,17812,708,18520,108
2021-01-10,Lake,033,64148,2430,2174,0,2174,26
2021-01-10,Lassen,035,31185,4711,4642,69,4711,1
2021-01-10,Los Angeles,037,10098052,976262,901783,30788,932571,12170
2021-01-10,Madera,039,155013,13079,12179,600,12779,85
2021-01-10,Marin,041,260295,11257,10737,112,10849,155
2021-01-10,Mariposa,043,17540,319,291,2,293,3
2021-01-10,Mendocino,045,87422,2934,2706,42,2748,31
2021-01-10,Merced,047,269075,22838,21691,526,22217,238
2021-01-10,Modoc,049,8938,293,271,81,352,0
2021-01-10,Mono,051,14174,1042,965,13,978,3
2021-01-10,Monterey,053,433212,34171,32571,967,33538,237
2021-01-10,Napa,055,140530,7293,6687,29,6716,36
2021-01-10,Nevada,057,99092,3213,2959,118,3077,17
2021-01-10,Orange,059,3164182,205318,193766,8292,202058,2104
2021-01-10,Placer,061,380077,17391,15779,795,16574,163
2021-01-10,Plumas,063,18699,553,477,9,486,2
2021-01-10,Riverside,065,2383286,235166,219486,11097,230583,2216
2021-01-10,Sacramento,067,1510023,77793,75394,840,76234,965
2021-01-10,San Benito,069,59416,4665,4434,44,4478,34
2021-01-10,San Bernardino,071,2135413,246619,232171,6985,239156,1736
2021-01-10,San Diego,073,3302833,209188,191886,9652,201538,1857
2021-01-10,San Francisco,075,870044,28168,27054,396,27450,238
2021-01-10,San Joaquin,077,732212,55254,52535,2146,54681,725
2021-01-10,San Luis Obispo,079,281455,15066,13968,360,14328,122
2021-01-10,San Mateo,081,765935,31826,28972,177,29149,206
2021-01-10,Santa Barbara,083,443738,23624,21290,690,21980,200
2021-01-10,Santa Clara,085,1922200,89370,83779,385,84164,858
2021-01-10,Santa Cruz,087,273765,12281,10951,509,11460,106
2021-01-10,Shasta,089,179085,9445,8936,906,9842,81
2021-01-10,Sierra,091,2930,40,32,6,38,0
2021-01-10,Siskiyou,093,43540,1191,1075,159,1234,3
2021-01-10,Solano,095,438530,24148,22621,256,22877,101
2021-01-10,Sonoma,097,501317,22926,21925,119,22044,204
2021-01-10,Stanislaus,099,539301,41306,38809,3992,42801,571
2021-01-10,Sutter,101,95872,7473,7133,55,7188,71
2021-01-10,Tehama,103,63373,3693,3504,382,3886,17
2021-01-10,Trinity,105,12862,437,253,63,316,2
2021-01-10,Tulare,107,460477,40539,38012,5108,43120,497
2021-01-10,Tuolumne,109,53932,3161,3143,27,3170,27
2021-01-10,Ventura,111,848112,57656,53095,2005,55100,319
2021-01-10,Yolo,113,214977,10444,9610,100,9710,129
2021-01-10,Yuba,115,75493,4573,4300,46,4346,27
2021-01-09,Alameda,001,1643700,64311,60125,1319,61444,649
2021-01-09,Alpine,003,1148,73,70,0,70,0
2021-01-09,Amador,005,37829,2959,2809,24,2833,24
2021-01-09,Butte,007,227075,9376,8552,1189,9741,118
2021-01-09,Calaveras,009,45235,1472,1425,7,1432,21
2021-01-09,Colusa,011,21464,1538,1468,143,1611,7
2021-01-09,Contra Costa,013,1133247,49939,46406,787,47193,393
2021-01-09,Del Norte,015,27424,843,802,2,804,2
2021-01-09,El Dorado,017,186661,7597,6800,449,7249,36
2021-01-09,Fresno,019,978130,81458,74816,5941,80757,773
2021-01-09,Glenn,021,27897,1878,1707,352,2059,9
2021-01-09,Humboldt,023,135768,2195,2026,7,2033,22
2021-01-09,Imperial,025,180216,25088,24028,2012,26040,448
2021-01-09,Inyo,027,18085,875,734,8,742,25
2021-01-09,Kern,029,883053,78197,73015,6746,79761,677
2021-01-09,Kings,031,150075,18689,17679,704,18383,108
2021-01-09,Lake,033,64148,2395,2144,0,2144,26
2021-01-09,Lassen,035,31185,4699,4613,68,4681,1
2021-01-09,Los Angeles,037,10098052,970697,887949,30346,918295,12011
2021-01-09,Madera,039,155013,12988,12063,595,12658,85
2021-01-09,Marin,041,260295,11194,10634,111,10745,154
2021-01-09,Mariposa,043,17540,316,287,2,289,3
2021-01-09,Mendocino,045,87422,2916,2664,42,2706,31
2021-01-09,Merced,047,269075,22697,21357,516,21873,237
2021-01-09,Modoc,049,8938,293,271,80,351,0
2021-01-09,Mono,051,14174,1037,964,13,977,3
2021-01-09,Monterey,053,433212,34023,31948,958,32906,235
2021-01-09,Napa,055,140530,7223,6594,26,6620,36
2021-01-09,Nevada,057,99092,3191,2932,115,3047,17
2021-01-09,Orange,059,3164182,203811,191004,8199,199203,2034
2021-01-09,Placer,061,380077,17283,15609,793,16402,162
2021-01-09,Plumas,063,18699,551,477,9,486,2
2021-01-09,Riverside,065,2383286,233415,216076,10960,227036,2201
2021-01-09,Sacramento,067,1510023,77268,74482,835,75317,953
2021-01-09,San Benito,069,59416,4616,4335,44,4379,34
2021-01-09,San Bernardino,071,2135413,245432,228857,6916,235773,1714
2021-01-09,San Diego,073,3302833,207495,188598,9532,198130,1824
2021-01-09,San Francisco,075,870044,27993,26708,353,27061,235
2021-01-09,San Joaquin,077,732212,54905,51927,2126,54053,724
2021-01-09,San Luis Obispo,079,281455,14942,13647,349,13996,121
2021-01-09,San Mateo,081,765935,31529,28512,170,28682,205
2021-01-09,Santa Barbara,083,443738,23416,20971,681,21652,197
2021-01-09,Santa Clara,085,1922200,88528,82269,373,82642,808
2021-01-09,Santa Cruz,087,273765,12185,10717,504,11221,107
2021-01-09,Shasta,089,179085,9412,8893,902,9795,81
2021-01-09,Sierra,091,2930,38,32,6,38,0
2021-01-09,Siskiyou,093,43540,1187,1062,155,1217,3
2021-01-09,Solano,095,438530,23990,22226,255,22481,101
2021-01-09,Sonoma,097,501317,22805,21393,119,21512,202
2021-01-09,Stanislaus,099,539301,41010,38403,3954,42357,567
2021-01-09,Sutter,101,95872,7437,7072,54,7126,69
2021-01-09,Tehama,103,63373,3663,3451,370,3821,15
2021-01-09,Trinity,105,12862,437,252,63,315,2
2021-01-09,Tulare,107,460477,40284,37684,5042,42726,496
2021-01-09,Tuolumne,109,53932,3153,3117,26,3143,26
2021-01-09,Ventura,111,848112,56827,51988,1979,53967,306
2021-01-09,Yolo,113,214977,10373,9524,97,9621,129
2021-01-09,Yuba,115,75493,4545,4265,46,4311,27
2021-01-08,Alameda,001,1643700,63758,59172,1309,60481,646
2021-01-08,Alpine,003,1148,73,70,0,70,0
2021-01-08,Amador,005,37829,2952,2792,24,2816,24
2021-01-08,Butte,007,227075,9316,8430,1174,9604,115
2021-01-08,Calaveras,009,45235,1458,1385,7,1392,21
2021-01-08,Colusa,011,21464,1525,1448,142,1590,7
2021-01-08,Contra Costa,013,1133247,49412,45667,783,46450,381
2021-01-08,Del Norte,015,27424,841,795,2,797,2
2021-01-08,El Dorado,017,186661,7527,6690,437,7127,36
2021-01-08,Fresno,019,978130,80643,73689,5880,79569,771
2021-01-08,Glenn,021,27897,1862,1680,348,2028,9
2021-01-08,Humboldt,023,135768,2171,1988,7,1995,22
2021-01-08,Imperial,025,180216,25022,23751,1997,25748,446
2021-01-08,Inyo,027,18085,861,682,8,690,24
2021-01-08,Kern,029,883053,77634,71978,6673,78651,674
2021-01-08,Kings,031,150075,18561,17441,699,18140,108
2021-01-08,Lake,033,64148,2370,2098,0,2098,26
2021-01-08,Lassen,035,31185,4691,4598,66,4664,1
2021-01-08,Los Angeles,037,10098052,959904,871188,29915,901103,11796
2021-01-08,Madera,039,155013,12837,11846,586,12432,85
2021-01-08,Marin,041,260295,11100,10531,110,10641,153
2021-01-08,Mariposa,043,17540,315,273,2,275,3
2021-01-08,Mendocino,045,87422,2897,2634,39,2673,31
2021-01-08,Merced,047,269075,22502,20862,510,21372,236
2021-01-08,Modoc,049,8938,293,266,80,346,0
2021-01-08,Mono,051,14174,1027,951,13,964,3
2021-01-08,Monterey,053,433212,33764,31543,947,32490,224
2021-01-08,Napa,055,140530,7153,6544,26,6570,32
2021-01-08,Nevada,057,99092,3169,2888,115,3003,17
2021-01-08,Orange,059,3164182,201820,186608,8112,194720,1991
2021-01-08,Placer,061,380077,17152,15401,786,16187,161
2021-01-08,Plumas,063,18699,545,465,9,474,2
2021-01-08,Riverside,065,2383286,231018,212122,10829,222951,2184
2021-01-08,Sacramento,067,1510023,76687,73245,829,74074,939
2021-01-08,San Benito,069,59416,4579,4225,43,4268,33
2021-01-08,San Bernardino,071,2135413,243546,224267,6845,231112,1703
2021-01-08,San Diego,073,3302833,204960,185060,9438,194498,1771
2021-01-08,San Francisco,075,870044,27744,26378,329,26707,207
2021-01-08,San Joaquin,077,732212,54569,50990,2097,53087,710
2021-01-08,San Luis Obispo,079,281455,14808,13286,337,13623,119
2021-01-08,San Mateo,081,765935,31180,28072,167,28239,204
2021-01-08,Santa Barbara,083,443738,23136,20461,672,21133,189
2021-01-08,Santa Clara,085,1922200,87507,80561,370,80931,789
2021-01-08,Santa Cruz,087,273765,12045,10486,495,10981,106
2021-01-08,Shasta,089,179085,9362,8772,887,9659,81
2021-01-08,Sierra,091,2930,38,31,6,37,0
2021-01-08,Siskiyou,093,43540,1184,1027,154,1181,3
2021-01-08,Solano,095,438530,23819,21832,252,22084,100
2021-01-08,Sonoma,097,501317,22664,21178,119,21297,201
2021-01-08,Stanislaus,099,539301,40715,37858,3917,41775,566
2021-01-08,Sutter,101,95872,7387,6982,54,7036,68
2021-01-08,Tehama,103,63373,3640,3406,365,3771,15
2021-01-08,Trinity,105,12862,437,247,63,310,2
2021-01-08,Tulare,107,460477,40012,36946,4940,41886,491
2021-01-08,Tuolumne,109,53932,3145,3099,26,3125,19
2021-01-08,Ventura,111,848112,55961,50553,1955,52508,294
2021-01-08,Yolo,113,214977,10284,9391,93,9484,129
2021-01-08,Yuba,115,75493,4503,4195,45,4240,26
2021-01-07,Alameda,001,1643700,62884,57921,1282,59203,632
2021-01-07,Alpine,003,1148,71,70,0,70,0
2021-01-07,Amador,005,37829,2939,2740,23,2763,24
2021-01-07,Butte,007,227075,9219,8278,1147,9425,112
2021-01-07,Calaveras,009,45235,1441,1342,6,1348,21
2021-01-07,Colusa,011,21464,1513,1420,135,1555,7
2021-01-07,Contra Costa,013,1133247,48633,44756,766,45522,376
2021-01-07,Del Norte,015,27424,839,791,2,793,2
2021-01-07,El Dorado,017,186661,7426,6545,425,6970,36
2021-01-07,Fresno,019,978130,79687,72557,5780,78337,765
2021-01-07,Glenn,021,27897,1846,1639,339,1978,9
2021-01-07,Humboldt,023,135768,2144,1954,7,1961,22
2021-01-07,Imperial,025,180216,24830,23608,1945,25553,431
2021-01-07,Inyo,027,18085,848,656,8,664,20
2021-01-07,Kern,029,883053,76778,70953,6522,77475,660
2021-01-07,Kings,031,150075,18433,17238,690,17928,108
2021-01-07,Lake,033,64148,2315,2054,0,2054,26
2021-01-07,Lassen,035,31185,4686,4581,64,4645,1
2021-01-07,Los Angeles,037,10098052,945025,853187,29369,882556,11480
2021-01-07,Madera,039,155013,12680,11644,575,12219,76
2021-01-07,Marin,041,260295,11010,10364,108,10472,153
2021-01-07,Mariposa,043,17540,313,264,2,266,3
2021-01-07,Mendocino,045,87422,2842,2585,34,2619,30
2021-01-07,Merced,047,269075,22181,20510,495,21005,234
2021-01-07,Modoc,049,8938,293,265,80,345,0
2021-01-07,Mono,051,14174,1016,905,13,918,3
2021-01-07,Monterey,053,433212,33239,30903,922,31825,222
2021-01-07,Napa,055,140530,7043,6408,26,6434,32
2021-01-07,Nevada,057,99092,3135,2847,110,2957,17
2021-01-07,Orange,059,3164182,198979,181922,8014,189936,1974
2021-01-07,Placer,061,380077,16973,15155,757,15912,144
2021-01-07,Plumas,063,18699,543,454,9,463,2
2021-01-07,Riverside,065,2383286,227564,208177,10674,218851,2156
2021-01-07,Sacramento,067,1510023,75783,72342,808,73150,919
2021-01-07,San Benito,069,59416,4517,4112,39,4151,33
2021-01-07,San Bernardino,071,2135413,240007,219691,6764,226455,1666
2021-01-07,San Diego,073,3302833,201654,180510,9259,189769,1738
2021-01-07,San Francisco,075,870044,27411,25885,314,26199,202
2021-01-07,San Joaquin,077,732212,53885,50156,2066,52222,689
2021-01-07,San Luis Obispo,079,281455,14569,12810,324,13134,118
2021-01-07,San Mateo,081,765935,30670,27494,163,27657,201
2021-01-07,Santa Barbara,083,443738,22715,19931,659,20590,187
2021-01-07,Santa Clara,085,1922200,86291,78808,366,79174,775
2021-01-07,Santa Cruz,087,273765,11836,10228,488,10716,104
2021-01-07,Shasta,089,179085,9275,8612,879,9491,81
2021-01-07,Sierra,091,2930,38,31,6,37,0
2021-01-07,Siskiyou,093,43540,1179,1010,152,1162,3
2021-01-07,Solano,095,438530,23427,21384,248,21632,100
2021-01-07,Sonoma,097,501317,22400,20857,118,20975,200
2021-01-07,Stanislaus,099,539301,40288,37296,3865,41161,553
2021-01-07,Sutter,101,95872,7327,6890,53,6943,65
2021-01-07,Tehama,103,63373,3617,3330,358,3688,15
2021-01-07,Trinity,105,12862,437,247,63,310,2
2021-01-07,Tulare,107,460477,39611,36397,4803,41200,482
2021-01-07,Tuolumne,109,53932,3125,3068,25,3093,14
2021-01-07,Ventura,111,848112,54800,49083,1927,51010,288
2021-01-07,Yolo,113,214977,10146,9207,91,9298,128
2021-01-07,Yuba,115,75493,4461,4128,45,4173,25
2021-01-06,Alameda,001,1643700,62029,57081,1251,58332,616
2021-01-06,Alpine,003,1148,71,70,0,70,0
2021-01-06,Amador,005,37829,2918,2717,22,2739,24
2021-01-06,Butte,007,227075,9106,8147,1129,9276,110
2021-01-06,Calaveras,009,45235,1417,1321,6,1327,21
2021-01-06,Colusa,011,21464,1492,1385,130,1515,7
2021-01-06,Contra Costa,013,1133247,47829,44054,750,44804,358
2021-01-06,Del Norte,015,27424,833,780,2,782,2
2021-01-06,El Dorado,017,186661,7314,6397,412,6809,35
2021-01-06,Fresno,019,978130,78844,71404,5676,77080,752
2021-01-06,Glenn,021,27897,1821,1622,334,1956,9
2021-01-06,Humboldt,023,135768,2118,1912,7,1919,22
2021-01-06,Imperial,025,180216,24580,23400,1902,25302,431
2021-01-06,Inyo,027,18085,832,630,8,638,20
2021-01-06,Kern,029,883053,75835,69893,6391,76284,646
2021-01-06,Kings,031,150075,18235,17019,670,17689,108
2021-01-06,Lake,033,64148,2278,2033,0,2033,26
2021-01-06,Lassen,035,31185,4674,4560,60,4620,1
2021-01-06,Los Angeles,037,10098052,929090,835052,28670,863722,11285
2021-01-06,Madera,039,155013,12544,11407,569,11976,67
2021-01-06,Marin,041,260295,10882,10282,107,10389,153
2021-01-06,Mariposa,043,17540,310,259,2,261,3
2021-01-06,Mendocino,045,87422,2812,2561,34,2595,30
2021-01-06,Merced,047,269075,21843,20258,480,20738,232
2021-01-06,Modoc,049,8938,293,263,80,343,0
2021-01-06,Mono,051,14174,985,905,13,918,3
2021-01-06,Monterey,053,433212,32643,30387,889,31276,222
2021-01-06,Napa,055,140530,6913,6342,26,6368,32
2021-01-06,Nevada,057,99092,3115,2805,109,2914,15
2021-01-06,Orange,059,3164182,195523,177686,7872,185558,1935
2021-01-06,Placer,061,380077,16785,14940,739,15679,134
2021-01-06,Plumas,063,18699,535,445,9,454,2
2021-01-06,Riverside,065,2383286,223540,203714,10487,214201,2121
2021-01-06,Sacramento,067,1510023,74761,71572,791,72363,909
2021-01-06,San Benito,069,59416,4440,4031,38,4069,32
2021-01-06,San Bernardino,071,2135413,236282,215286,6657,221943,1634
2021-01-06,San Diego,073,3302833,198156,176660,9088,185748,1691
2021-01-06,San Francisco,075,870044,27040,25424,306,25730,199
2021-01-06,San Joaquin,077,732212,53126,49286,2024,51310,673
2021-01-06,San Luis Obispo,079,281455,14176,12305,317,12622,115
2021-01-06,San Mateo,081,765935,30246,27050,160,27210,200
2021-01-06,Santa Barbara,083,443738,22231,19453,649,20102,177
2021-01-06,Santa Clara,085,1922200,84883,77485,359,77844,746
2021-01-06,Santa Cruz,087,273765,11616,9954,470,10424,97
2021-01-06,Shasta,089,179085,9204,8482,872,9354,78
2021-01-06,Sierra,091,2930,37,31,6,37,0
2021-01-06,Siskiyou,093,43540,1167,998,148,1146,3
2021-01-06,Solano,095,438530,23041,21102,245,21347,99
2021-01-06,Sonoma,097,501317,22095,20558,118,20676,196
2021-01-06,Stanislaus,099,539301,39691,36751,3803,40554,553
2021-01-06,Sutter,101,95872,7245,6839,52,6891,59
2021-01-06,Tehama,103,63373,3589,3306,352,3658,15
2021-01-06,Trinity,105,12862,437,246,63,309,2
2021-01-06,Tulare,107,460477,39055,35882,4704,40586,465
2021-01-06,Tuolumne,109,53932,3105,3008,25,3033,14
2021-01-06,Ventura,111,848112,53556,47428,1903,49331,280
2021-01-06,Yolo,113,214977,9984,9083,88,9171,127
2021-01-06,Yuba,115,75493,4412,4097,45,4142,25
2021-01-05,Alameda,001,1643700,60908,56432,1216,57648,602
2021-01-05,Alpine,003,1148,71,70,0,70,0
2021-01-05,Amador,005,37829,2878,2695,22,2717,24
2021-01-05,Butte,007,227075,8966,8008,1103,9111,107
2021-01-05,Calaveras,009,45235,1371,1292,6,1298,21
2021-01-05,Colusa,011,21464,1467,1376,124,1500,7
2021-01-05,Contra Costa,013,1133247,46944,43442,739,44181,353
2021-01-05,Del Norte,015,27424,826,770,2,772,2
2021-01-05,El Dorado,017,186661,7196,6270,391,6661,32
2021-01-05,Fresno,019,978130,77621,70971,5583,76554,741
2021-01-05,Glenn,021,27897,1797,1608,322,1930,9
2021-01-05,Humboldt,023,135768,2082,1884,7,1891,22
2021-01-05,Imperial,025,180216,24407,23165,1858,25023,421
2021-01-05,Inyo,027,18085,818,627,8,635,20
2021-01-05,Kern,029,883053,74758,68257,6252,74509,624
2021-01-05,Kings,031,150075,18036,16860,647,17507,108
2021-01-05,Lake,033,64148,2231,2015,0,2015,25
2021-01-05,Lassen,035,31185,4660,4554,56,4610,1
2021-01-05,Los Angeles,037,10098052,910376,823783,27994,851777,11028
2021-01-05,Madera,039,155013,12368,11359,556,11915,67
2021-01-05,Marin,041,260295,10728,10214,105,10319,151
2021-01-05,Mariposa,043,17540,304,257,2,259,3
2021-01-05,Mendocino,045,87422,2776,2501,34,2535,30
2021-01-05,Merced,047,269075,21491,20051,469,20520,230
2021-01-05,Modoc,049,8938,293,254,80,334,0
2021-01-05,Mono,051,14174,979,896,13,909,3
2021-01-05,Monterey,053,433212,32071,30045,855,30900,213
2021-01-05,Napa,055,140530,6826,6264,26,6290,29
2021-01-05,Nevada,057,99092,3087,2781,107,2888,15
2021-01-05,Orange,059,3164182,191885,174869,7676,182545,1918
2021-01-05,Placer,061,380077,16562,14723,716,15439,133
2021-01-05,Plumas,063,18699,528,428,9,437,2
2021-01-05,Riverside,065,2383286,219408,200439,10314,210753,2069
2021-01-05,Sacramento,067,1510023,73834,70677,765,71442,888
2021-01-05,San Benito,069,59416,4338,3961,36,3997,28
2021-01-05,San Bernardino,071,2135413,232344,212522,6543,219065,1615
2021-01-05,San Diego,073,3302833,194017,172845,8874,181719,1654
2021-01-05,San Francisco,075,870044,26676,24989,288,25277,196
2021-01-05,San Joaquin,077,732212,52251,48969,1975,50944,663
2021-01-05,San Luis Obispo,079,281455,13776,12027,307,12334,106
2021-01-05,San Mateo,081,765935,29762,26486,158,26644,198
2021-01-05,Santa Barbara,083,443738,21791,19063,639,19702,172
2021-01-05,Santa Clara,085,1922200,83348,76355,346,76701,729
2021-01-05,Santa Cruz,087,273765,11343,9753,446,10199,93
2021-01-05,Shasta,089,179085,9097,8345,854,9199,73
2021-01-05,Sierra,091,2930,37,31,6,37,0
2021-01-05,Siskiyou,093,43540,1155,985,146,1131,3
2021-01-05,Solano,095,438530,22634,20860,240,21100,97
2021-01-05,Sonoma,097,501317,21733,20247,117,20364,194
2021-01-05,Stanislaus,099,539301,39146,36363,3755,40118,553
2021-01-05,Sutter,101,95872,7147,6769,51,6820,59
2021-01-05,Tehama,103,63373,3532,3255,347,3602,9
2021-01-05,Trinity,105,12862,437,246,63,309,2
2021-01-05,Tulare,107,460477,38433,35585,4558,40143,455
2021-01-05,Tuolumne,109,53932,3081,2996,20,3016,13
2021-01-05,Ventura,111,848112,52309,46456,1881,48337,264
2021-01-05,Yolo,113,214977,9808,8980,87,9067,127
2021-01-05,Yuba,115,75493,4353,4053,44,4097,21
2021-01-04,Alameda,001,1643700,59668,55899,1183,57082,583
2021-01-04,Alpine,003,1148,71,68,0,68,0
2021-01-04,Amador,005,37829,2838,2596,22,2618,24
2021-01-04,Butte,007,227075,8807,7893,1079,8972,105
2021-01-04,Calaveras,009,45235,1330,1276,5,1281,21
2021-01-04,Colusa,011,21464,1442,1368,110,1478,7
2021-01-04,Contra Costa,013,1133247,46095,43019,714,43733,353
2021-01-04,Del Norte,015,27424,817,770,2,772,2
2021-01-04,El Dorado,017,186661,7062,6152,375,6527,27
2021-01-04,Fresno,019,978130,76352,69871,5486,75357,726
2021-01-04,Glenn,021,27897,1767,1590,314,1904,9
2021-01-04,Humboldt,023,135768,2046,1845,7,1852,22
2021-01-04,Imperial,025,180216,24253,23035,1805,24840,420
2021-01-04,Inyo,027,18085,791,623,8,631,20
2021-01-04,Kern,029,883053,73672,67418,6055,73473,623
2021-01-04,Kings,031,150075,17759,16801,622,17423,108
2021-01-04,Lake,033,64148,2191,1984,0,1984,25
2021-01-04,Lassen,035,31185,4638,4550,55,4605,1
2021-01-04,Los Angeles,037,10098052,890281,813022,27120,840142,10790
2021-01-04,Madera,039,155013,12148,11204,534,11738,67
2021-01-04,Marin,041,260295,10592,10115,102,10217,151
2021-01-04,Mariposa,043,17540,298,253,2,255,3
2021-01-04,Mendocino,045,87422,2736,2460,30,2490,28
2021-01-04,Merced,047,269075,21076,19804,450,20254,230
2021-01-04,Modoc,049,8938,277,250,78,328,0
2021-01-04,Mono,051,14174,968,895,13,908,3
2021-01-04,Monterey,053,433212,31429,29659,832,30491,212
2021-01-04,Napa,055,140530,6685,6187,26,6213,29
2021-01-04,Nevada,057,99092,3049,2765,104,2869,15
2021-01-04,Orange,059,3164182,187993,172458,7549,180007,1918
2021-01-04,Placer,061,380077,16304,14622,703,15325,133
2021-01-04,Plumas,063,18699,518,419,9,428,1
2021-01-04,Riverside,065,2383286,214862,196809,10123,206932,2066
2021-01-04,Sacramento,067,1510023,72773,70164,755,70919,870
2021-01-04,San Benito,069,59416,4226,3914,36,3950,28
2021-01-04,San Bernardino,071,2135413,228117,210868,6392,217260,1615
2021-01-04,San Diego,073,3302833,189443,171031,8678,179709,1598
2021-01-04,San Francisco,075,870044,26292,24753,282,25035,191
2021-01-04,San Joaquin,077,732212,51350,48644,1934,50578,661
2021-01-04,San Luis Obispo,079,281455,13290,11945,299,12244,96
2021-01-04,San Mateo,081,765935,29198,26150,153,26303,198
2021-01-04,Santa Barbara,083,443738,21270,18735,608,19343,165
2021-01-04,Santa Clara,085,1922200,81601,75297,338,75635,727
2021-01-04,Santa Cruz,087,273765,11056,9680,429,10109,85
2021-01-04,Shasta,089,179085,8992,8224,837,9061,72
2021-01-04,Sierra,091,2930,36,30,6,36,0
2021-01-04,Siskiyou,093,43540,1138,980,143,1123,3
2021-01-04,Solano,095,438530,22131,20588,233,20821,97
2021-01-04,Sonoma,097,501317,21393,20210,116,20326,194
2021-01-04,Stanislaus,099,539301,38583,36141,3700,39841,553
2021-01-04,Sutter,101,95872,7049,6712,50,6762,56
2021-01-04,Tehama,103,63373,3458,3190,342,3532,9
2021-01-04,Trinity,105,12862,434,245,63,308,2
2021-01-04,Tulare,107,460477,37873,35060,4456,39516,455
2021-01-04,Tuolumne,109,53932,3056,2987,20,3007,13
2021-01-04,Ventura,111,848112,50808,45014,1861,46875,255
2021-01-04,Yolo,113,214977,9611,8834,81,8915,121
2021-01-04,Yuba,115,75493,4295,4023,44,4067,21
2021-01-03,Alameda,001,1643700,58414,55082,1153,56235,580
2021-01-03,Alpine,003,1148,69,68,0,68,0
2021-01-03,Amador,005,37829,2774,2565,22,2587,24
2021-01-03,Butte,007,227075,8615,7837,1026,8863,105
2021-01-03,Calaveras,009,45235,1293,1249,3,1252,21
2021-01-03,Colusa,011,21464,1413,1337,104,1441,7
2021-01-03,Contra Costa,013,1133247,45207,42432,688,43120,352
2021-01-03,Del Norte,015,27424,804,768,2,770,2
2021-01-03,El Dorado,017,186661,6934,6034,358,6392,27
2021-01-03,Fresno,019,978130,75201,69326,5366,74692,719
2021-01-03,Glenn,021,27897,1741,1581,304,1885,9
2021-01-03,Humboldt,023,135768,2009,1833,7,1840,21
2021-01-03,Imperial,025,180216,23993,22951,1727,24678,419
2021-01-03,Inyo,027,18085,774,615,8,623,20
2021-01-03,Kern,029,883053,72414,66895,5876,72771,609
2021-01-03,Kings,031,150075,17483,16593,592,17185,108
2021-01-03,Lake,033,64148,2138,1976,0,1976,24
2021-01-03,Lassen,035,31185,4605,4531,54,4585,1
2021-01-03,Los Angeles,037,10098052,868299,792168,26053,818221,10633
2021-01-03,Madera,039,155013,11926,11152,511,11663,67
2021-01-03,Marin,041,260295,10443,10034,97,10131,150
2021-01-03,Mariposa,043,17540,291,248,2,250,3
2021-01-03,Mendocino,045,87422,2696,2445,29,2474,24
2021-01-03,Merced,047,269075,20608,19600,424,20024,230
2021-01-03,Modoc,049,8938,273,245,77,322,0
2021-01-03,Mono,051,14174,943,893,13,906,3
2021-01-03,Monterey,053,433212,30835,29357,798,30155,191
2021-01-03,Napa,055,140530,6584,6094,26,6120,29
2021-01-03,Nevada,057,99092,2988,2742,101,2843,15
2021-01-03,Orange,059,3164182,183803,169881,7356,177237,1919
2021-01-03,Placer,061,380077,16055,14319,679,14998,133
2021-01-03,Plumas,063,18699,505,416,9,425,1
2021-01-03,Riverside,065,2383286,209993,195048,9876,204924,2005
2021-01-03,Sacramento,067,1510023,71566,68558,734,69292,859
2021-01-03,San Benito,069,59416,4129,3882,35,3917,28
2021-01-03,San Bernardino,071,2135413,222854,208294,6219,214513,1592
2021-01-03,San Diego,073,3302833,184185,168018,8451,176469,1592
2021-01-03,San Francisco,075,870044,25795,24588,265,24853,193
2021-01-03,San Joaquin,077,732212,50225,47899,1876,49775,661
2021-01-03,San Luis Obispo,079,281455,12820,11636,290,11926,95
2021-01-03,San Mateo,081,765935,28604,25770,146,25916,196
2021-01-03,Santa Barbara,083,443738,20550,18267,591,18858,164
2021-01-03,Santa Clara,085,1922200,80050,74534,332,74866,720
2021-01-03,Santa Cruz,087,273765,10752,9528,413,9941,84
2021-01-03,Shasta,089,179085,8865,8192,797,8989,72
2021-01-03,Sierra,091,2930,36,30,6,36,0
2021-01-03,Siskiyou,093,43540,1105,976,134,1110,3
2021-01-03,Solano,095,438530,21599,20105,227,20332,97
2021-01-03,Sonoma,097,501317,21005,19982,112,20094,193
2021-01-03,Stanislaus,099,539301,37894,35762,3618,39380,553
2021-01-03,Sutter,101,95872,6952,6664,49,6713,53
2021-01-03,Tehama,103,63373,3402,3176,334,3510,9
2021-01-03,Trinity,105,12862,429,243,61,304,2
2021-01-03,Tulare,107,460477,37311,34747,4306,39053,455
2021-01-03,Tuolumne,109,53932,2996,2978,17,2995,13
2021-01-03,Ventura,111,848112,48985,43748,1843,45591,254
2021-01-03,Yolo,113,214977,9453,8674,77,8751,121
2021-01-03,Yuba,115,75493,4241,3966,43,4009,20
2021-01-02,Alameda,001,1643700,57786,54518,1124,55642,581
2021-01-02,Alpine,003,1148,69,68,0,68,0
2021-01-02,Amador,005,37829,2755,2540,22,2562,24
2021-01-02,Butte,007,227075,8508,7750,1007,8757,105
2021-01-02,Calaveras,009,45235,1273,1230,3,1233,21
2021-01-02,Colusa,011,21464,1403,1332,103,1435,7
2021-01-02,Contra Costa,013,1133247,44685,41993,677,42670,352
2021-01-02,Del Norte,015,27424,802,764,2,766,2
2021-01-02,El Dorado,017,186661,6879,5959,354,6313,27
2021-01-02,Fresno,019,978130,74658,68740,5256,73996,717
2021-01-02,Glenn,021,27897,1725,1546,302,1848,9
2021-01-02,Humboldt,023,135768,1982,1815,7,1822,21
2021-01-02,Imperial,025,180216,23912,22867,1690,24557,420
2021-01-02,Inyo,027,18085,761,609,8,617,20
2021-01-02,Kern,029,883053,71695,66457,5764,72221,610
2021-01-02,Kings,031,150075,17389,16515,588,17103,108
2021-01-02,Lake,033,64148,2100,1925,0,1925,24
2021-01-02,Lassen,035,31185,4594,4457,53,4510,1
2021-01-02,Los Angeles,037,10098052,859940,791892,25353,817245,10633
2021-01-02,Madera,039,155013,11815,11039,500,11539,67
2021-01-02,Marin,041,260295,10397,9924,94,10018,151
2021-01-02,Mariposa,043,17540,284,243,2,245,3
2021-01-02,Mendocino,045,87422,2653,2428,28,2456,24
2021-01-02,Merced,047,269075,20466,19395,408,19803,230
2021-01-02,Modoc,049,8938,272,245,77,322,0
2021-01-02,Mono,051,14174,932,884,13,897,3
2021-01-02,Monterey,053,433212,30628,28991,787,29778,191
2021-01-02,Napa,055,140530,6525,5994,26,6020,29
2021-01-02,Nevada,057,99092,2959,2706,97,2803,15
2021-01-02,Orange,059,3164182,181600,168457,7207,175664,1918
2021-01-02,Placer,061,380077,15882,14182,670,14852,133
2021-01-02,Plumas,063,18699,502,413,9,422,1
2021-01-02,Riverside,065,2383286,207356,192069,9651,201720,2008
2021-01-02,Sacramento,067,1510023,70926,67810,717,68527,858
2021-01-02,San Benito,069,59416,4047,3829,35,3864,28
2021-01-02,San Bernardino,071,2135413,221232,206939,6094,213033,1597
2021-01-02,San Diego,073,3302833,181586,164498,8256,172754,1592
2021-01-02,San Francisco,075,870044,25536,24414,258,24672,194
2021-01-02,San Joaquin,077,732212,49847,47310,1846,49156,662
2021-01-02,San Luis Obispo,079,281455,12684,11467,284,11751,95
2021-01-02,San Mateo,081,765935,28268,25483,138,25621,196
2021-01-02,Santa Barbara,083,443738,20263,18135,588,18723,164
2021-01-02,Santa Clara,085,1922200,78886,73662,325,73987,720
2021-01-02,Santa Cruz,087,273765,10597,9340,404,9744,85
2021-01-02,Shasta,089,179085,8798,8154,786,8940,72
2021-01-02,Sierra,091,2930,36,28,6,34,0
2021-01-02,Siskiyou,093,43540,1094,949,132,1081,3
2021-01-02,Solano,095,438530,21403,19805,217,20022,97
2021-01-02,Sonoma,097,501317,20838,19761,112,19873,194
2021-01-02,Stanislaus,099,539301,37577,35431,3553,38984,553
2021-01-02,Sutter,101,95872,6899,6621,49,6670,53
2021-01-02,Tehama,103,63373,3376,3146,330,3476,9
2021-01-02,Trinity,105,12862,426,243,61,304,2
2021-01-02,Tulare,107,460477,36994,34479,4232,38711,455
2021-01-02,Tuolumne,109,53932,2982,2942,15,2957,13
2021-01-02,Ventura,111,848112,47832,43397,1808,45205,254
2021-01-02,Yolo,113,214977,9358,8571,75,8646,122
2021-01-02,Yuba,115,75493,4202,3930,42,3972,21
2021-01-01,Alameda,001,1643700,57125,53518,1108,54626,579
2021-01-01,Alpine,003,1148,69,68,0,68,0
2021-01-01,Amador,005,37829,2729,2513,20,2533,24
2021-01-01,Butte,007,227075,8407,7589,982,8571,105
2021-01-01,Calaveras,009,45235,1258,1186,3,1189,21
2021-01-01,Colusa,011,21464,1394,1314,101,1415,7
2021-01-01,Contra Costa,013,1133247,44202,41412,658,42070,351
2021-01-01,Del Norte,015,27424,796,758,2,760,2
2021-01-01,El Dorado,017,186661,6787,5832,346,6178,27
2021-01-01,Fresno,019,978130,73585,67484,5170,72654,717
2021-01-01,Glenn,021,27897,1709,1520,299,1819,9
2021-01-01,Humboldt,023,135768,1943,1783,7,1790,21
2021-01-01,Imperial,025,180216,23826,22715,1639,24354,418
2021-01-01,Inyo,027,18085,737,606,8,614,20
2021-01-01,Kern,029,883053,70869,65571,5656,71227,609
2021-01-01,Kings,031,150075,17206,16358,581,16939,108
2021-01-01,Lake,033,64148,2068,1888,0,1888,24
2021-01-01,Lassen,035,31185,4588,4377,53,4430,1
2021-01-01,Los Angeles,037,10098052,845767,775578,24649,800227,10515
2021-01-01,Madera,039,155013,11655,10752,491,11243,66
2021-01-01,Marin,041,260295,10291,9821,94,9915,148
2021-01-01,Mariposa,043,17540,276,236,2,238,3
2021-01-01,Mendocino,045,87422,2599,2400,28,2428,24
2021-01-01,Merced,047,269075,20282,19118,392,19510,229
2021-01-01,Modoc,049,8938,272,241,77,318,0
2021-01-01,Mono,051,14174,914,884,12,896,3
2021-01-01,Monterey,053,433212,30396,28465,779,29244,191
2021-01-01,Napa,055,140530,6439,5899,26,5925,28
2021-01-01,Nevada,057,99092,2935,2663,97,2760,15
2021-01-01,Orange,059,3164182,178803,165440,7063,172503,1893
2021-01-01,Placer,061,380077,15692,13987,654,14641,133
2021-01-01,Plumas,063,18699,497,412,9,421,1
2021-01-01,Riverside,065,2383286,204181,188674,9395,198069,1990
2021-01-01,Sacramento,067,1510023,70328,66956,700,67656,848
2021-01-01,San Benito,069,59416,4009,3773,35,3808,28
2021-01-01,San Bernardino,071,2135413,218425,203651,5962,209613,1590
2021-01-01,San Diego,073,3302833,178513,160071,8077,168148,1592
2021-01-01,San Francisco,075,870044,25261,24145,247,24392,187
2021-01-01,San Joaquin,077,732212,49560,46640,1800,48440,657
2021-01-01,San Luis Obispo,079,281455,12456,11160,276,11436,94
2021-01-01,San Mateo,081,765935,27820,25041,134,25175,194
2021-01-01,Santa Barbara,083,443738,19944,17759,578,18337,164
2021-01-01,Santa Clara,085,1922200,77623,71904,320,72224,680
2021-01-01,Santa Cruz,087,273765,10417,9146,394,9540,84
2021-01-01,Shasta,089,179085,8717,8102,769,8871,72
2021-01-01,Sierra,091,2930,36,26,6,32,0
2021-01-01,Siskiyou,093,43540,1080,944,127,1071,3
2021-01-01,Solano,095,438530,21191,19393,215,19608,97
2021-01-01,Sonoma,097,501317,20647,19513,112,19625,189
2021-01-01,Stanislaus,099,539301,37298,34978,3487,38465,553
2021-01-01,Sutter,101,95872,6842,6553,48,6601,52
2021-01-01,Tehama,103,63373,3318,3079,323,3402,9
2021-01-01,Trinity,105,12862,426,243,61,304,2
2021-01-01,Tulare,107,460477,36590,33994,4138,38132,454
2021-01-01,Tuolumne,109,53932,2966,2909,15,2924,13
2021-01-01,Ventura,111,848112,46339,42026,1781,43807,253
2021-01-01,Yolo,113,214977,9248,8461,72,8533,120
2021-01-01,Yuba,115,75493,4148,3845,41,3886,19
2020-12-31,Alameda,001,1643700,56584,52475,1077,53552,579
2020-12-31,Alpine,003,1148,69,66,0,66,0
2020-12-31,Amador,005,37829,2715,2493,20,2513,24
2020-12-31,Butte,007,227075,8333,7405,963,8368,105
2020-12-31,Calaveras,009,45235,1247,1161,3,1164,21
2020-12-31,Colusa,011,21464,1386,1301,98,1399,7
2020-12-31,Contra Costa,013,1133247,43823,40512,643,41155,336
2020-12-31,Del Norte,015,27424,795,748,2,750,2
2020-12-31,El Dorado,017,186661,6735,5662,337,5999,26
2020-12-31,Fresno,019,978130,73152,66442,5108,71550,711
2020-12-31,Glenn,021,27897,1686,1484,294,1778,9
2020-12-31,Humboldt,023,135768,1926,1713,7,1720,21
2020-12-31,Imperial,025,180216,23761,22494,1623,24117,417
2020-12-31,Inyo,027,18085,729,591,8,599,20
2020-12-31,Kern,029,883053,70399,64904,5564,70468,609
2020-12-31,Kings,031,150075,17131,16077,573,16650,108
2020-12-31,Lake,033,64148,2055,1848,0,1848,23
2020-12-31,Lassen,035,31185,4582,4340,52,4392,1
2020-12-31,Los Angeles,037,10098052,840445,755844,24181,780025,10320
2020-12-31,Madera,039,155013,11582,10609,483,11092,64
2020-12-31,Marin,041,260295,10248,9731,93,9824,148
2020-12-31,Mariposa,043,17540,274,217,2,219,3
2020-12-31,Mendocino,045,87422,2584,2367,24,2391,24
2020-12-31,Merced,047,269075,20192,18808,383,19191,226
2020-12-31,Modoc,049,8938,272,238,77,315,0
2020-12-31,Mono,051,14174,906,868,12,880,3
2020-12-31,Monterey,053,433212,30193,27720,767,28487,188
2020-12-31,Napa,055,140530,6376,5801,26,5827,28
2020-12-31,Nevada,057,99092,2912,2619,95,2714,15
2020-12-31,Orange,059,3164182,176923,161586,6930,168516,1866
2020-12-31,Placer,061,380077,15536,13708,651,14359,126
2020-12-31,Plumas,063,18699,492,401,8,409,1
2020-12-31,Riverside,065,2383286,202522,184193,9262,193455,1958
2020-12-31,Sacramento,067,1510023,69808,65817,689,66506,830
2020-12-31,San Benito,069,59416,3986,3673,35,3708,28
2020-12-31,San Bernardino,071,2135413,216841,199115,5893,205008,1586
2020-12-31,San Diego,073,3302833,176750,155593,7978,163571,1534
2020-12-31,San Francisco,075,870044,25033,23740,240,23980,183
2020-12-31,San Joaquin,077,732212,49248,45764,1762,47526,646
2020-12-31,San Luis Obispo,079,281455,12342,10846,276,11122,89
2020-12-31,San Mateo,081,765935,27491,24570,128,24698,192
2020-12-31,Santa Barbara,083,443738,19699,17434,571,18005,161
2020-12-31,Santa Clara,085,1922200,76841,70032,315,70347,665
2020-12-31,Santa Cruz,087,273765,10299,8909,382,9291,84
2020-12-31,Shasta,089,179085,8652,7996,759,8755,69
2020-12-31,Sierra,091,2930,36,26,6,32,0
2020-12-31,Siskiyou,093,43540,1064,940,124,1064,3
2020-12-31,Solano,095,438530,20962,18942,214,19156,97
2020-12-31,Sonoma,097,501317,20527,19129,111,19240,188
2020-12-31,Stanislaus,099,539301,36999,34398,3434,37832,552
2020-12-31,Sutter,101,95872,6811,6432,48,6480,51
2020-12-31,Tehama,103,63373,3286,3036,322,3358,9
2020-12-31,Trinity,105,12862,425,241,61,302,2
2020-12-31,Tulare,107,460477,36422,33412,4076,37488,446
2020-12-31,Tuolumne,109,53932,2957,2902,15,2917,12
2020-12-31,Ventura,111,848112,45829,40854,1764,42618,251
2020-12-31,Yolo,113,214977,9163,8295,71,8366,117
2020-12-31,Yuba,115,75493,4107,3799,40,3839,18
2020-12-30,Alameda,001,1643700,55822,50158,1026,51184,573
2020-12-30,Alpine,003,1148,69,66,0,66,0
2020-12-30,Amador,005,37829,2695,2418,19,2437,24
2020-12-30,Butte,007,227075,8172,7140,946,8086,103
2020-12-30,Calaveras,009,45235,1222,1135,3,1138,21
2020-12-30,Colusa,011,21464,1370,1289,92,1381,7
2020-12-30,Contra Costa,013,1133247,43240,39601,631,40232,337
2020-12-30,Del Norte,015,27424,790,726,2,728,2
2020-12-30,El Dorado,017,186661,6634,5595,327,5922,27
2020-12-30,Fresno,019,978130,72305,65566,4953,70519,711
2020-12-30,Glenn,021,27897,1657,1471,281,1752,9
2020-12-30,Humboldt,023,135768,1892,1654,7,1661,22
2020-12-30,Imperial,025,180216,23594,22098,1547,23645,412
2020-12-30,Inyo,027,18085,722,572,8,580,20
2020-12-30,Kern,029,883053,69671,63292,5419,68711,604
2020-12-30,Kings,031,150075,17012,15862,565,16427,108
2020-12-30,Lake,033,64148,2032,1731,0,1731,23
2020-12-30,Lassen,035,31185,4573,4300,52,4352,1
2020-12-30,Los Angeles,037,10098052,829555,741907,23483,765390,10046
2020-12-30,Madera,039,155013,11472,10249,472,10721,65
2020-12-30,Marin,041,260295,10158,9569,86,9655,148
2020-12-30,Mariposa,043,17540,270,214,2,216,3
2020-12-30,Mendocino,045,87422,2566,2291,21,2312,24
2020-12-30,Merced,047,269075,19901,18519,373,18892,225
2020-12-30,Modoc,049,8938,269,234,77,311,0
2020-12-30,Mono,051,14174,903,868,12,880,3
2020-12-30,Monterey,053,433212,29576,26977,745,27722,186
2020-12-30,Napa,055,140530,6270,5754,26,5780,28
2020-12-30,Nevada,057,99092,2877,2595,93,2688,15
2020-12-30,Orange,059,3164182,174267,153951,6740,160691,1863
2020-12-30,Placer,061,380077,15307,13540,639,14179,127
2020-12-30,Plumas,063,18699,487,397,8,405,1
2020-12-30,Riverside,065,2383286,199573,176402,9077,185479,1919
2020-12-30,Sacramento,067,1510023,68944,64119,671,64790,847
2020-12-30,San Benito,069,59416,3905,3464,31,3495,29
2020-12-30,San Bernardino,071,2135413,214275,192648,5807,198455,1591
2020-12-30,San Diego,073,3302833,173117,152510,7803,160313,1472
2020-12-30,San Francisco,075,870044,24740,23099,235,23334,182
2020-12-30,San Joaquin,077,732212,48556,44465,1720,46185,634
2020-12-30,San Luis Obispo,079,281455,12074,10542,268,10810,89
2020-12-30,San Mateo,081,765935,27062,24150,124,24274,190
2020-12-30,Santa Barbara,083,443738,19304,16895,548,17443,161
2020-12-30,Santa Clara,085,1922200,75583,67218,311,67529,661
2020-12-30,Santa Cruz,087,273765,10103,8787,373,9160,86
2020-12-30,Shasta,089,179085,8539,7818,745,8563,69
2020-12-30,Sierra,091,2930,36,25,6,31,0
2020-12-30,Siskiyou,093,43540,1057,913,115,1028,3
2020-12-30,Solano,095,438530,20570,18300,211,18511,96
2020-12-30,Sonoma,097,501317,20269,18947,111,19058,191
2020-12-30,Stanislaus,099,539301,36521,33730,3360,37090,526
2020-12-30,Sutter,101,95872,6748,6328,46,6374,51
2020-12-30,Tehama,103,63373,3242,2969,318,3287,9
2020-12-30,Trinity,105,12862,424,231,60,291,2
2020-12-30,Tulare,107,460477,35871,32413,4011,36424,430
2020-12-30,Tuolumne,109,53932,2945,2772,13,2785,12
2020-12-30,Ventura,111,848112,44541,39039,1740,40779,251
2020-12-30,Yolo,113,214977,9055,8067,69,8136,117
2020-12-30,Yuba,115,75493,4036,3612,40,3652,18
2020-12-29,Alameda,001,1643700,54761,50946,991,51937,552
2020-12-29,Alpine,003,1148,69,65,0,65,0
2020-12-29,Amador,005,37829,2643,2388,18,2406,23
2020-12-29,Butte,007,227075,7999,7178,924,8102,98
2020-12-29,Calaveras,009,45235,1177,1111,2,1113,21
2020-12-29,Colusa,011,21464,1349,1272,87,1359,7
2020-12-29,Contra Costa,013,1133247,42435,39225,600,39825,325
2020-12-29,Del Norte,015,27424,783,724,2,726,2
2020-12-29,El Dorado,017,186661,6505,5551,314,5865,22
2020-12-29,Fresno,019,978130,70929,65149,4797,69946,688
2020-12-29,Glenn,021,27897,1623,1454,274,1728,9
2020-12-29,Humboldt,023,135768,1845,1616,7,1623,19
2020-12-29,Imperial,025,180216,23383,22105,1460,23565,407
2020-12-29,Inyo,027,18085,705,571,8,579,19
2020-12-29,Kern,029,883053,68505,63096,5248,68344,589
2020-12-29,Kings,031,150075,16843,15777,553,16330,108
2020-12-29,Lake,033,64148,2000,1805,0,1805,22
2020-12-29,Lassen,035,31185,4558,4288,52,4340,1
2020-12-29,Los Angeles,037,10098052,809375,731907,22618,754525,9786
2020-12-29,Madera,039,155013,11159,10251,457,10708,64
2020-12-29,Marin,041,260295,10007,9595,83,9678,146
2020-12-29,Mariposa,043,17540,262,212,2,214,3
2020-12-29,Mendocino,045,87422,2523,2249,20,2269,24
2020-12-29,Merced,047,269075,19551,18464,358,18822,221
2020-12-29,Modoc,049,8938,266,232,77,309,0
2020-12-29,Mono,051,14174,894,868,12,880,3
2020-12-29,Monterey,053,433212,28934,26894,718,27612,185
2020-12-29,Napa,055,140530,6150,5663,26,5689,28
2020-12-29,Nevada,057,99092,2829,2550,92,2642,15
2020-12-29,Orange,059,3164182,170472,154411,6572,160983,1839
2020-12-29,Placer,061,380077,15096,13392,617,14009,126
2020-12-29,Plumas,063,18699,478,395,8,403,1
2020-12-29,Riverside,065,2383286,194970,177624,8823,186447,1904
2020-12-29,Sacramento,067,1510023,67898,65078,657,65735,820
2020-12-29,San Benito,069,59416,3786,3474,30,3504,25
2020-12-29,San Bernardino,071,2135413,209455,190476,5670,196146,1557
2020-12-29,San Diego,073,3302833,168894,150062,7572,157634,1435
2020-12-29,San Francisco,075,870044,24401,22996,227,23223,178
2020-12-29,San Joaquin,077,732212,47634,44699,1665,46364,622
2020-12-29,San Luis Obispo,079,281455,11778,10387,260,10647,80
2020-12-29,San Mateo,081,765935,26520,23773,112,23885,189
2020-12-29,Santa Barbara,083,443738,18837,16797,522,17319,155
2020-12-29,Santa Clara,085,1922200,74033,67581,308,67889,621
2020-12-29,Santa Cruz,087,273765,9833,8492,364,8856,84
2020-12-29,Shasta,089,179085,8434,7782,730,8512,65
2020-12-29,Sierra,091,2930,34,24,5,29,0
2020-12-29,Siskiyou,093,43540,1042,926,113,1039,3
2020-12-29,Solano,095,438530,20188,18412,206,18618,96
2020-12-29,Sonoma,097,501317,19933,18790,109,18899,187
2020-12-29,Stanislaus,099,539301,36019,33775,3297,37072,508
2020-12-29,Sutter,101,95872,6680,6302,46,6348,50
2020-12-29,Tehama,103,63373,3173,2962,304,3266,9
2020-12-29,Trinity,105,12862,423,241,60,301,2
2020-12-29,Tulare,107,460477,35211,32545,3878,36423,419
2020-12-29,Tuolumne,109,53932,2904,2797,13,2810,12
2020-12-29,Ventura,111,848112,43287,38669,1714,40383,235
2020-12-29,Yolo,113,214977,8926,8124,67,8191,111
2020-12-29,Yuba,115,75493,3954,3723,40,3763,18
2020-12-28,Alameda,001,1643700,53728,50405,970,51375,551
2020-12-28,Alpine,003,1148,68,65,0,65,0
2020-12-28,Amador,005,37829,2573,2255,18,2273,23
2020-12-28,Butte,007,227075,7832,7053,894,7947,86
2020-12-28,Calaveras,009,45235,1154,1102,2,1104,21
2020-12-28,Colusa,011,21464,1324,1255,73,1328,7
2020-12-28,Contra Costa,013,1133247,41500,38872,573,39445,324
2020-12-28,Del Norte,015,27424,773,718,2,720,2
2020-12-28,El Dorado,017,186661,6349,5441,302,5743,18
2020-12-28,Fresno,019,978130,69656,64274,4646,68920,679
2020-12-28,Glenn,021,27897,1589,1435,262,1697,9
2020-12-28,Humboldt,023,135768,1810,1579,7,1586,19
2020-12-28,Imperial,025,180216,23124,22003,1386,23389,405
2020-12-28,Inyo,027,18085,698,569,8,577,19
2020-12-28,Kern,029,883053,67437,62392,5044,67436,579
2020-12-28,Kings,031,150075,16626,15733,536,16269,108
2020-12-28,Lake,033,64148,1959,1785,0,1785,22
2020-12-28,Lassen,035,31185,4451,4284,51,4335,1
2020-12-28,Los Angeles,037,10098052,787036,720699,21804,742503,9544
2020-12-28,Madera,039,155013,10985,10123,434,10557,64
2020-12-28,Marin,041,260295,9899,9546,77,9623,145
2020-12-28,Mariposa,043,17540,238,211,2,213,3
2020-12-28,Mendocino,045,87422,2488,2214,20,2234,23
2020-12-28,Merced,047,269075,19231,18245,340,18585,213
2020-12-28,Modoc,049,8938,261,220,76,296,0
2020-12-28,Mono,051,14174,890,848,12,860,3
2020-12-28,Monterey,053,433212,28094,26529,707,27236,182
2020-12-28,Napa,055,140530,6041,5576,26,5602,26
2020-12-28,Nevada,057,99092,2781,2532,88,2620,15
2020-12-28,Orange,059,3164182,166366,152089,6394,158483,1839
2020-12-28,Placer,061,380077,14757,13234,590,13824,126
2020-12-28,Plumas,063,18699,474,391,8,399,0
2020-12-28,Riverside,065,2383286,190073,174029,8532,182561,1855
2020-12-28,Sacramento,067,1510023,66666,64322,632,64954,813
2020-12-28,San Benito,069,59416,3717,3429,29,3458,24
2020-12-28,San Bernardino,071,2135413,204362,188919,5553,194472,1552
2020-12-28,San Diego,073,3302833,164150,147528,7390,154918,1404
2020-12-28,San Francisco,075,870044,24041,22726,222,22948,178
2020-12-28,San Joaquin,077,732212,46700,44172,1633,45805,618
2020-12-28,San Luis Obispo,079,281455,11427,10260,256,10516,76
2020-12-28,San Mateo,081,765935,26046,23467,108,23575,189
2020-12-28,Santa Barbara,083,443738,18374,16579,510,17089,155
2020-12-28,Santa Clara,085,1922200,72545,66418,301,66719,619
2020-12-28,Santa Cruz,087,273765,9565,8310,354,8664,81
2020-12-28,Shasta,089,179085,8315,7688,717,8405,65
2020-12-28,Sierra,091,2930,31,24,5,29,0
2020-12-28,Siskiyou,093,43540,1026,915,108,1023,3
2020-12-28,Solano,095,438530,19616,18171,200,18371,96
2020-12-28,Sonoma,097,501317,19585,18667,107,18774,185
2020-12-28,Stanislaus,099,539301,35471,33473,3233,36706,507
2020-12-28,Sutter,101,95872,6597,6253,46,6299,49
2020-12-28,Tehama,103,63373,3120,2934,295,3229,9
2020-12-28,Trinity,105,12862,421,240,60,300,2
2020-12-28,Tulare,107,460477,34525,32010,3770,35780,404
2020-12-28,Tuolumne,109,53932,2887,2777,13,2790,12
2020-12-28,Ventura,111,848112,41618,37151,1667,38818,230
2020-12-28,Yolo,113,214977,8771,8031,66,8097,111
2020-12-28,Yuba,115,75493,3893,3679,39,3718,18
2020-12-27,Alameda,001,1643700,52485,49764,944,50708,551
2020-12-27,Alpine,003,1148,66,65,0,65,0
2020-12-27,Amador,005,37829,2452,2218,18,2236,23
2020-12-27,Butte,007,227075,7677,7016,858,7874,86
2020-12-27,Calaveras,009,45235,1107,1097,2,1099,21
2020-12-27,Colusa,011,21464,1299,1253,70,1323,7
2020-12-27,Contra Costa,013,1133247,40571,38428,544,38972,324
2020-12-27,Del Norte,015,27424,750,712,2,714,2
2020-12-27,El Dorado,017,186661,6135,5388,279,5667,18
2020-12-27,Fresno,019,978130,68409,63811,4439,68250,679
2020-12-27,Glenn,021,27897,1561,1434,248,1682,9
2020-12-27,Humboldt,023,135768,1766,1575,7,1582,17
2020-12-27,Imperial,025,180216,22828,21934,1273,23207,405
2020-12-27,Inyo,027,18085,676,565,7,572,18
2020-12-27,Kern,029,883053,66158,61914,4871,66785,568
2020-12-27,Kings,031,150075,16390,15593,502,16095,108
2020-12-27,Lake,033,64148,1903,1769,0,1769,22
2020-12-27,Lassen,035,31185,4374,4230,44,4274,1
2020-12-27,Los Angeles,037,10098052,765560,707260,20910,728170,9476
2020-12-27,Madera,039,155013,10727,10005,424,10429,64
2020-12-27,Marin,041,260295,9776,9477,71,9548,144
2020-12-27,Mariposa,043,17540,231,208,2,210,3
2020-12-27,Mendocino,045,87422,2441,2209,20,2229,23
2020-12-27,Merced,047,269075,18863,18075,324,18399,213
2020-12-27,Modoc,049,8938,252,221,72,293,0
2020-12-27,Mono,051,14174,877,849,12,861,3
2020-12-27,Monterey,053,433212,27545,26322,690,27012,181
2020-12-27,Napa,055,140530,5907,5496,26,5522,26
2020-12-27,Nevada,057,99092,2745,2519,88,2607,15
2020-12-27,Orange,059,3164182,161967,149276,6206,155482,1839
2020-12-27,Placer,061,380077,14461,13017,558,13575,126
2020-12-27,Plumas,063,18699,468,390,8,398,0
2020-12-27,Riverside,065,2383286,185158,171995,8225,180220,1836
2020-12-27,Sacramento,067,1510023,65460,63416,609,64025,811
2020-12-27,San Benito,069,59416,3631,3394,29,3423,24
2020-12-27,San Bernardino,071,2135413,199289,186776,5416,192192,1551
2020-12-27,San Diego,073,3302833,159743,145777,7203,152980,1402
2020-12-27,San Francisco,075,870044,23694,22514,213,22727,178
2020-12-27,San Joaquin,077,732212,45664,43529,1583,45112,618
2020-12-27,San Luis Obispo,079,281455,11019,10154,251,10405,76
2020-12-27,San Mateo,081,765935,25481,23136,104,23240,187
2020-12-27,Santa Barbara,083,443738,17850,16364,482,16846,155
2020-12-27,Santa Clara,085,1922200,70922,65288,296,65584,619
2020-12-27,Santa Cruz,087,273765,9299,8234,345,8579,81
2020-12-27,Shasta,089,179085,8191,7671,695,8366,65
2020-12-27,Sierra,091,2930,31,24,4,28,0
2020-12-27,Siskiyou,093,43540,1016,914,103,1017,3
2020-12-27,Solano,095,438530,19121,17840,194,18034,96
2020-12-27,Sonoma,097,501317,19293,18487,106,18593,185
2020-12-27,Stanislaus,099,539301,34868,33076,3139,36215,506
2020-12-27,Sutter,101,95872,6515,6218,44,6262,48
2020-12-27,Tehama,103,63373,3051,2922,278,3200,9
2020-12-27,Trinity,105,12862,414,240,58,298,2
2020-12-27,Tulare,107,460477,33928,31864,3651,35515,400
2020-12-27,Tuolumne,109,53932,2781,2750,11,2761,12
2020-12-27,Ventura,111,848112,40555,36661,1614,38275,230
2020-12-27,Yolo,113,214977,8580,7919,61,7980,111
2020-12-27,Yuba,115,75493,3829,3665,37,3702,18
2020-12-26,Alameda,001,1643700,51875,49084,931,50015,551
2020-12-26,Alpine,003,1148,66,65,0,65,0
2020-12-26,Amador,005,37829,2438,2189,18,2207,23
2020-12-26,Butte,007,227075,7582,6968,835,7803,86
2020-12-26,Calaveras,009,45235,1101,1084,2,1086,21
2020-12-26,Colusa,011,21464,1289,1240,70,1310,7
2020-12-26,Contra Costa,013,1133247,40107,38008,530,38538,324
2020-12-26,Del Norte,015,27424,744,709,2,711,2
2020-12-26,El Dorado,017,186661,6080,5279,275,5554,18
2020-12-26,Fresno,019,978130,67939,63080,4376,67456,679
2020-12-26,Glenn,021,27897,1540,1413,242,1655,9
2020-12-26,Humboldt,023,135768,1728,1545,7,1552,17
2020-12-26,Imperial,025,180216,22737,21734,1221,22955,405
2020-12-26,Inyo,027,18085,663,554,7,561,18
2020-12-26,Kern,029,883053,65486,61174,4720,65894,564
2020-12-26,Kings,031,150075,16272,15517,498,16015,108
2020-12-26,Lake,033,64148,1861,1710,0,1710,22
2020-12-26,Lassen,035,31185,4353,3981,44,4025,1
2020-12-26,Los Angeles,037,10098052,757011,694149,20405,714554,9424
2020-12-26,Madera,039,155013,10650,9908,412,10320,64
2020-12-26,Marin,041,260295,9741,9413,70,9483,143
2020-12-26,Mariposa,043,17540,230,206,2,208,3
2020-12-26,Mendocino,045,87422,2395,2194,20,2214,23
2020-12-26,Merced,047,269075,18704,17890,319,18209,213
2020-12-26,Modoc,049,8938,249,222,72,294,0
2020-12-26,Mono,051,14174,871,850,12,862,3
2020-12-26,Monterey,053,433212,27411,26010,681,26691,182
2020-12-26,Napa,055,140530,5849,5427,26,5453,26
2020-12-26,Nevada,057,99092,2717,2480,88,2568,15
2020-12-26,Orange,059,3164182,159762,147304,6113,153417,1838
2020-12-26,Placer,061,380077,14291,12816,543,13359,122
2020-12-26,Plumas,063,18699,465,381,8,389,0
2020-12-26,Riverside,065,2383286,182672,169360,8064,177424,1834
2020-12-26,Sacramento,067,1510023,64837,62435,599,63034,807
2020-12-26,San Benito,069,59416,3558,3330,29,3359,24
2020-12-26,San Bernardino,071,2135413,197623,185111,5334,190445,1551
2020-12-26,San Diego,073,3302833,157218,142644,7056,149700,1402
2020-12-26,San Francisco,075,870044,23459,22319,213,22532,177
2020-12-26,San Joaquin,077,732212,45277,42887,1534,44421,618
2020-12-26,San Luis Obispo,079,281455,10932,9945,246,10191,76
2020-12-26,San Mateo,081,765935,25142,22908,99,23007,187
2020-12-26,Santa Barbara,083,443738,17612,16159,476,16635,155
2020-12-26,Santa Clara,085,1922200,69853,64185,294,64479,618
2020-12-26,Santa Cruz,087,273765,9173,8113,336,8449,81
2020-12-26,Shasta,089,179085,8132,7641,682,8323,65
2020-12-26,Sierra,091,2930,31,24,4,28,0
2020-12-26,Siskiyou,093,43540,1009,909,99,1008,2
2020-12-26,Solano,095,438530,18876,17528,194,17722,96
2020-12-26,Sonoma,097,501317,19091,18261,104,18365,184
2020-12-26,Stanislaus,099,539301,34578,32678,3088,35766,505
2020-12-26,Sutter,101,95872,6456,6121,44,6165,48
2020-12-26,Tehama,103,63373,3023,2884,273,3157,9
2020-12-26,Trinity,105,12862,412,237,57,294,2
2020-12-26,Tulare,107,460477,33627,31665,3596,35261,398
2020-12-26,Tuolumne,109,53932,2770,2703,11,2714,12
2020-12-26,Ventura,111,848112,39590,36064,1583,37647,230
2020-12-26,Yolo,113,214977,8478,7785,59,7844,111
2020-12-26,Yuba,115,75493,3801,3599,37,3636,18
2020-12-25,Alameda,001,1643700,51310,48365,916,49281,542
2020-12-25,Alpine,003,1148,66,64,0,64,0
2020-12-25,Amador,005,37829,2395,2172,18,2190,23
2020-12-25,Butte,007,227075,7482,6873,817,7690,85
2020-12-25,Calaveras,009,45235,1098,1062,2,1064,21
2020-12-25,Colusa,011,21464,1277,1219,69,1288,7
2020-12-25,Contra Costa,013,1133247,39640,37480,504,37984,324
2020-12-25,Del Norte,015,27424,741,692,2,694,2
2020-12-25,El Dorado,017,186661,6015,5170,262,5432,16
2020-12-25,Fresno,019,978130,67074,62251,4294,66545,679
2020-12-25,Glenn,021,27897,1524,1390,235,1625,9
2020-12-25,Humboldt,023,135768,1688,1532,7,1539,16
2020-12-25,Imperial,025,180216,22643,21646,1210,22856,405
2020-12-25,Inyo,027,18085,654,546,7,553,18
2020-12-25,Kern,029,883053,64757,60417,4573,64990,562
2020-12-25,Kings,031,150075,16161,15460,494,15954,108
2020-12-25,Lake,033,64148,1842,1669,0,1669,20
2020-12-25,Lassen,035,31185,4338,3926,44,3970,1
2020-12-25,Los Angeles,037,10098052,743370,665600,19724,685324,9292
2020-12-25,Madera,039,155013,10482,9770,405,10175,64
2020-12-25,Marin,041,260295,9692,9375,67,9442,143
2020-12-25,Mariposa,043,17540,224,203,2,205,3
2020-12-25,Mendocino,045,87422,2352,2176,20,2196,23
2020-12-25,Merced,047,269075,18543,17726,312,18038,213
2020-12-25,Modoc,049,8938,248,221,72,293,0
2020-12-25,Mono,051,14174,869,843,12,855,3
2020-12-25,Monterey,053,433212,27136,25788,672,26460,182
2020-12-25,Napa,055,140530,5769,5351,26,5377,26
2020-12-25,Nevada,057,99092,2691,2458,86,2544,15
2020-12-25,Orange,059,3164182,157083,144542,5921,150463,1814
2020-12-25,Placer,061,380077,14106,12660,521,13181,122
2020-12-25,Plumas,063,18699,458,381,8,389,0
2020-12-25,Riverside,065,2383286,179387,166690,7748,174438,1825
2020-12-25,Sacramento,067,1510023,64146,61630,572,62202,796
2020-12-25,San Benito,069,59416,3518,3281,27,3308,24
2020-12-25,San Bernardino,071,2135413,194988,181812,5218,187030,1546
2020-12-25,San Diego,073,3302833,154738,139958,6878,146836,1402
2020-12-25,San Francisco,075,870044,23183,22130,208,22338,175
2020-12-25,San Joaquin,077,732212,44971,42089,1479,43568,614
2020-12-25,San Luis Obispo,079,281455,10749,9749,239,9988,76
2020-12-25,San Mateo,081,765935,24820,22568,97,22665,187
2020-12-25,Santa Barbara,083,443738,17388,15936,469,16405,155
2020-12-25,Santa Clara,085,1922200,68742,63173,285,63458,612
2020-12-25,Santa Cruz,087,273765,9030,8018,314,8332,81
2020-12-25,Shasta,089,179085,8059,7612,659,8271,65
2020-12-25,Sierra,091,2930,31,24,3,27,0
2020-12-25,Siskiyou,093,43540,1003,905,96,1001,2
2020-12-25,Solano,095,438530,18704,17280,192,17472,96
2020-12-25,Sonoma,097,501317,18915,18035,102,18137,184
2020-12-25,Stanislaus,099,539301,34285,32290,3041,35331,498
2020-12-25,Sutter,101,95872,6397,6051,43,6094,47
2020-12-25,Tehama,103,63373,2974,2839,260,3099,9
2020-12-25,Trinity,105,12862,408,236,57,293,2
2020-12-25,Tulare,107,460477,33239,31323,3530,34853,398
2020-12-25,Tuolumne,109,53932,2751,2674,11,2685,12
2020-12-25,Ventura,111,848112,38435,35514,1535,37049,230
2020-12-25,Yolo,113,214977,8381,7700,57,7757,111
2020-12-25,Yuba,115,75493,3765,3549,36,3585,17
2020-12-24,Alameda,001,1643700,50969,47527,897,48424,541
2020-12-24,Alpine,003,1148,66,64,0,64,0
2020-12-24,Amador,005,37829,2383,2145,18,2163,23
2020-12-24,Butte,007,227075,7443,6716,803,7519,84
2020-12-24,Calaveras,009,45235,1095,1032,2,1034,21
2020-12-24,Colusa,011,21464,1272,1188,68,1256,7
2020-12-24,Contra Costa,013,1133247,39395,36623,493,37116,311
2020-12-24,Del Norte,015,27424,741,678,2,680,2
2020-12-24,El Dorado,017,186661,5989,5042,254,5296,16
2020-12-24,Fresno,019,978130,66851,61435,4280,65715,663
2020-12-24,Glenn,021,27897,1513,1363,227,1590,9
2020-12-24,Humboldt,023,135768,1665,1516,7,1523,16
2020-12-24,Imperial,025,180216,22594,21545,1201,22746,402
2020-12-24,Inyo,027,18085,652,532,7,539,17
2020-12-24,Kern,029,883053,64470,59601,4560,64161,556
2020-12-24,Kings,031,150075,16121,15211,493,15704,108
2020-12-24,Lake,033,64148,1827,1629,0,1629,20
2020-12-24,Lassen,035,31185,4325,3894,44,3938,1
2020-12-24,Los Angeles,037,10098052,739203,664840,19464,684304,9288
2020-12-24,Madera,039,155013,10442,9547,398,9945,63
2020-12-24,Marin,041,260295,9658,9287,67,9354,143
2020-12-24,Mariposa,043,17540,220,197,2,199,3
2020-12-24,Mendocino,045,87422,2341,2150,20,2170,23
2020-12-24,Merced,047,269075,18472,17485,308,17793,212
2020-12-24,Modoc,049,8938,248,220,71,291,0
2020-12-24,Mono,051,14174,867,817,12,829,3
2020-12-24,Monterey,053,433212,27027,25131,665,25796,180
2020-12-24,Napa,055,140530,5714,5265,26,5291,26
2020-12-24,Nevada,057,99092,2667,2429,86,2515,15
2020-12-24,Orange,059,3164182,155603,141205,5870,147075,1775
2020-12-24,Placer,061,380077,14017,12457,514,12971,121
2020-12-24,Plumas,063,18699,455,376,8,384,0
2020-12-24,Riverside,065,2383286,178456,162435,7708,170143,1816
2020-12-24,Sacramento,067,1510023,63872,60596,570,61166,788
2020-12-24,San Benito,069,59416,3487,3183,27,3210,24
2020-12-24,San Bernardino,071,2135413,193952,176866,5184,182050,1533
2020-12-24,San Diego,073,3302833,153654,136952,6846,143798,1382
2020-12-24,San Francisco,075,870044,23015,21830,205,22035,175
2020-12-24,San Joaquin,077,732212,44807,41324,1461,42785,611
2020-12-24,San Luis Obispo,079,281455,10681,9504,237,9741,77
2020-12-24,San Mateo,081,765935,24624,22093,97,22190,186
2020-12-24,Santa Barbara,083,443738,17284,15644,461,16105,153
2020-12-24,Santa Clara,085,1922200,68137,61742,278,62020,591
2020-12-24,Santa Cruz,087,273765,8959,7856,302,8158,82
2020-12-24,Shasta,089,179085,8018,7540,642,8182,65
2020-12-24,Sierra,091,2930,28,23,1,24,0
2020-12-24,Siskiyou,093,43540,998,900,90,990,2
2020-12-24,Solano,095,438530,18563,16872,187,17059,96
2020-12-24,Sonoma,097,501317,18817,17710,102,17812,183
2020-12-24,Stanislaus,099,539301,34089,31848,3016,34864,498
2020-12-24,Sutter,101,95872,6356,5960,42,6002,47
2020-12-24,Tehama,103,63373,2958,2779,259,3038,9
2020-12-24,Trinity,105,12862,407,235,57,292,2
2020-12-24,Tulare,107,460477,33120,30827,3504,34331,390
2020-12-24,Tuolumne,109,53932,2743,2653,11,2664,12
2020-12-24,Ventura,111,848112,38155,34400,1528,35928,224
2020-12-24,Yolo,113,214977,8339,7566,57,7623,113
2020-12-24,Yuba,115,75493,3740,3483,36,3519,16
2020-12-23,Alameda,001,1643700,50397,46753,870,47623,537
2020-12-23,Alpine,003,1148,66,64,0,64,0
2020-12-23,Amador,005,37829,2314,2108,17,2125,23
2020-12-23,Butte,007,227075,7355,6588,777,7365,84
2020-12-23,Calaveras,009,45235,1087,1002,1,1003,21
2020-12-23,Colusa,011,21464,1261,1167,68,1235,7
2020-12-23,Contra Costa,013,1133247,38996,36190,480,36670,311
2020-12-23,Del Norte,015,27424,734,670,2,672,2
2020-12-23,El Dorado,017,186661,5914,4967,246,5213,14
2020-12-23,Fresno,019,978130,66243,60488,4214,64702,654
2020-12-23,Glenn,021,27897,1499,1349,223,1572,9
2020-12-23,Humboldt,023,135768,1640,1458,7,1465,16
2020-12-23,Imperial,025,180216,22499,21323,1172,22495,399
2020-12-23,Inyo,027,18085,640,517,7,524,17
2020-12-23,Kern,029,883053,63953,58656,4466,63122,549
2020-12-23,Kings,031,150075,16043,14923,490,15413,105
2020-12-23,Lake,033,64148,1813,1595,0,1595,20
2020-12-23,Lassen,035,31185,4315,3865,41,3906,1
2020-12-23,Los Angeles,037,10098052,730156,651958,18932,670890,9146
2020-12-23,Madera,039,155013,10283,9371,384,9755,63
2020-12-23,Marin,041,260295,9600,9199,64,9263,142
2020-12-23,Mariposa,043,17540,218,194,2,196,3
2020-12-23,Mendocino,045,87422,2329,2121,20,2141,23
2020-12-23,Merced,047,269075,18316,17250,301,17551,203
2020-12-23,Modoc,049,8938,244,197,70,267,0
2020-12-23,Mono,051,14174,864,814,12,826,3
2020-12-23,Monterey,053,433212,26728,24856,659,25515,176
2020-12-23,Napa,055,140530,5646,5172,26,5198,25
2020-12-23,Nevada,057,99092,2622,2406,85,2491,15
2020-12-23,Orange,059,3164182,153152,138050,5703,143753,1771
2020-12-23,Placer,061,380077,13807,12213,506,12719,111
2020-12-23,Plumas,063,18699,448,369,8,377,0
2020-12-23,Riverside,065,2383286,176184,158110,7550,165660,1790
2020-12-23,Sacramento,067,1510023,63224,59661,556,60217,779
2020-12-23,San Benito,069,59416,3433,3073,25,3098,24
2020-12-23,San Bernardino,071,2135413,191914,172888,5115,178003,1509
2020-12-23,San Diego,073,3302833,151228,134695,6709,141404,1350
2020-12-23,San Francisco,075,870044,22792,21498,202,21700,174
2020-12-23,San Joaquin,077,732212,44282,35664,1419,37083,602
2020-12-23,San Luis Obispo,079,281455,10539,9267,232,9499,74
2020-12-23,San Mateo,081,765935,24322,21780,95,21875,186
2020-12-23,Santa Barbara,083,443738,17073,15399,435,15834,152
2020-12-23,Santa Clara,085,1922200,67227,60455,273,60728,579
2020-12-23,Santa Cruz,087,273765,8799,7637,284,7921,75
2020-12-23,Shasta,089,179085,7945,7487,636,8123,66
2020-12-23,Sierra,091,2930,27,23,0,23,0
2020-12-23,Siskiyou,093,43540,977,891,89,980,2
2020-12-23,Solano,095,438530,18355,16626,182,16808,95
2020-12-23,Sonoma,097,501317,18613,17397,102,17499,182
2020-12-23,Stanislaus,099,539301,33746,31492,2963,34455,499
2020-12-23,Sutter,101,95872,6290,5871,42,5913,46
2020-12-23,Tehama,103,63373,2941,2737,255,2992,9
2020-12-23,Trinity,105,12862,407,234,56,290,2
2020-12-23,Tulare,107,460477,32828,30315,3465,33780,385
2020-12-23,Tuolumne,109,53932,2704,2540,11,2551,12
2020-12-23,Ventura,111,848112,37758,33377,1499,34876,216
2020-12-23,Yolo,113,214977,8261,7508,56,7564,112
2020-12-23,Yuba,115,75493,3687,3438,36,3474,14
2020-12-22,Alameda,001,1643700,49512,45751,840,46591,534
2020-12-22,Alpine,003,1148,66,64,0,64,0
2020-12-22,Amador,005,37829,2303,1839,17,1856,23
2020-12-22,Butte,007,227075,7227,6467,762,7229,85
2020-12-22,Calaveras,009,45235,1060,988,0,988,21
2020-12-22,Colusa,011,21464,1238,1150,64,1214,7
2020-12-22,Contra Costa,013,1133247,38369,35681,468,36149,301
2020-12-22,Del Norte,015,27424,727,666,2,668,2
2020-12-22,El Dorado,017,186661,5791,4885,234,5119,12
2020-12-22,Fresno,019,978130,65209,59640,4108,63748,640
2020-12-22,Glenn,021,27897,1476,1337,212,1549,9
2020-12-22,Humboldt,023,135768,1607,1440,7,1447,16
2020-12-22,Imperial,025,180216,22310,21128,1129,22257,398
2020-12-22,Inyo,027,18085,620,506,7,513,17
2020-12-22,Kern,029,883053,63002,57816,4329,62145,547
2020-12-22,Kings,031,150075,15901,14855,484,15339,102
2020-12-22,Lake,033,64148,1789,1569,0,1569,20
2020-12-22,Lassen,035,31185,4173,3848,39,3887,1
2020-12-22,Los Angeles,037,10098052,712910,635931,18244,654175,9013
2020-12-22,Madera,039,155013,10165,9187,368,9555,63
2020-12-22,Marin,041,260295,9536,9115,63,9178,142
2020-12-22,Mariposa,043,17540,215,194,2,196,3
2020-12-22,Mendocino,045,87422,2296,2092,20,2112,23
2020-12-22,Merced,047,269075,18070,17012,296,17308,201
2020-12-22,Modoc,049,8938,236,182,69,251,0
2020-12-22,Mono,051,14174,858,786,12,798,3
2020-12-22,Monterey,053,433212,26062,24152,638,24790,176
2020-12-22,Napa,055,140530,5559,5059,26,5085,23
2020-12-22,Nevada,057,99092,2594,2367,84,2451,14
2020-12-22,Orange,059,3164182,149811,134850,5531,140381,1774
2020-12-22,Placer,061,380077,13563,11943,486,12429,105
2020-12-22,Plumas,063,18699,442,360,8,368,0
2020-12-22,Riverside,065,2383286,172373,155059,7281,162340,1777
2020-12-22,Sacramento,067,1510023,62295,57966,537,58503,772
2020-12-22,San Benito,069,59416,3355,2998,25,3023,24
2020-12-22,San Bernardino,071,2135413,187337,169266,4967,174233,1500
2020-12-22,San Diego,073,3302833,147869,132097,6547,138644,1311
2020-12-22,San Francisco,075,870044,22523,21232,198,21430,174
2020-12-22,San Joaquin,077,732212,43525,39423,1370,40793,592
2020-12-22,San Luis Obispo,079,281455,10194,9174,227,9401,69
2020-12-22,San Mateo,081,765935,23995,21382,79,21461,186
2020-12-22,Santa Barbara,083,443738,16809,15189,425,15614,150
2020-12-22,Santa Clara,085,1922200,66060,59192,265,59457,569
2020-12-22,Santa Cruz,087,273765,8620,7471,258,7729,72
2020-12-22,Shasta,089,179085,7867,7371,619,7990,64
2020-12-22,Sierra,091,2930,27,23,0,23,0
2020-12-22,Siskiyou,093,43540,971,880,88,968,2
2020-12-22,Solano,095,438530,17952,16229,179,16408,95
2020-12-22,Sonoma,097,501317,18295,17216,102,17318,180
2020-12-22,Stanislaus,099,539301,33365,30914,2891,33805,499
2020-12-22,Sutter,101,95872,6229,5791,41,5832,46
2020-12-22,Tehama,103,63373,2891,2688,248,2936,9
2020-12-22,Trinity,105,12862,406,231,56,287,2
2020-12-22,Tulare,107,460477,32363,30025,3397,33422,377
2020-12-22,Tuolumne,109,53932,2652,2526,11,2537,12
2020-12-22,Ventura,111,848112,36993,32488,1456,33944,213
2020-12-22,Yolo,113,214977,8148,7388,55,7443,113
2020-12-22,Yuba,115,75493,3636,3379,36,3415,14
2020-12-21,Alameda,001,1643700,48609,44756,813,45569,518
2020-12-21,Alpine,003,1148,65,64,0,64,0
2020-12-21,Amador,005,37829,2226,1815,17,1832,23
2020-12-21,Butte,007,227075,7072,6335,738,7073,81
2020-12-21,Calaveras,009,45235,1030,963,0,963,21
2020-12-21,Colusa,011,21464,1211,1135,59,1194,7
2020-12-21,Contra Costa,013,1133247,37618,35207,431,35638,300
2020-12-21,Del Norte,015,27424,712,660,2,662,2
2020-12-21,El Dorado,017,186661,5644,4805,221,5026,10
2020-12-21,Fresno,019,978130,64057,58568,3964,62532,634
2020-12-21,Glenn,021,27897,1444,1323,204,1527,9
2020-12-21,Humboldt,023,135768,1584,1419,7,1426,16
2020-12-21,Imperial,025,180216,22041,20994,1084,22078,395
2020-12-21,Inyo,027,18085,599,482,7,489,17
2020-12-21,Kern,029,883053,62112,56836,4192,61028,541
2020-12-21,Kings,031,150075,15651,14760,469,15229,100
2020-12-21,Lake,033,64148,1734,1538,0,1538,20
2020-12-21,Lassen,035,31185,4013,3798,37,3835,1
2020-12-21,Los Angeles,037,10098052,693835,624129,17562,641691,8918
2020-12-21,Madera,039,155013,9971,9069,348,9417,63
2020-12-21,Marin,041,260295,9467,9035,63,9098,142
2020-12-21,Mariposa,043,17540,210,186,2,188,3
2020-12-21,Mendocino,045,87422,2265,2066,20,2086,23
2020-12-21,Merced,047,269075,17821,16710,280,16990,198
2020-12-21,Modoc,049,8938,222,181,68,249,0
2020-12-21,Mono,051,14174,846,781,12,793,3
2020-12-21,Monterey,053,433212,25530,23673,624,24297,174
2020-12-21,Napa,055,140530,5471,4952,26,4978,23
2020-12-21,Nevada,057,99092,2561,2337,84,2421,13
2020-12-21,Orange,059,3164182,146400,130444,5377,135821,1772
2020-12-21,Placer,061,380077,13332,11715,466,12181,105
2020-12-21,Plumas,063,18699,438,353,8,361,0
2020-12-21,Riverside,065,2383286,168148,151713,6954,158667,1743
2020-12-21,Sacramento,067,1510023,61275,57064,519,57583,759
2020-12-21,San Benito,069,59416,3287,2921,25,2946,22
2020-12-21,San Bernardino,071,2135413,182545,165086,4801,169887,1476
2020-12-21,San Diego,073,3302833,144418,129716,6383,136099,1284
2020-12-21,San Francisco,075,870044,22236,21086,196,21282,174
2020-12-21,San Joaquin,077,732212,42729,38811,1319,40130,586
2020-12-21,San Luis Obispo,079,281455,10006,9006,222,9228,64
2020-12-21,San Mateo,081,765935,23590,21035,76,21111,185
2020-12-21,Santa Barbara,083,443738,16535,14988,420,15408,149
2020-12-21,Santa Clara,085,1922200,64867,57699,253,57952,570
2020-12-21,Santa Cruz,087,273765,8408,7315,245,7560,69
2020-12-21,Shasta,089,179085,7802,7299,609,7908,64
2020-12-21,Sierra,091,2930,24,23,0,23,0
2020-12-21,Siskiyou,093,43540,963,878,87,965,2
2020-12-21,Solano,095,438530,17482,15878,174,16052,95
2020-12-21,Sonoma,097,501317,18022,17075,98,17173,176
2020-12-21,Stanislaus,099,539301,32907,30437,2817,33254,499
2020-12-21,Sutter,101,95872,6133,5708,41,5749,46
2020-12-21,Tehama,103,63373,2823,2656,240,2896,9
2020-12-21,Trinity,105,12862,404,226,54,280,2
2020-12-21,Tulare,107,460477,31863,29482,3308,32790,373
2020-12-21,Tuolumne,109,53932,2627,2423,9,2432,12
2020-12-21,Ventura,111,848112,35912,31759,1419,33178,212
2020-12-21,Yolo,113,214977,8003,7266,51,7317,109
2020-12-21,Yuba,115,75493,3577,3329,36,3365,14
2020-12-20,Alameda,001,1643700,47729,44004,790,44794,516
2020-12-20,Alpine,003,1148,65,64,0,64,0
2020-12-20,Amador,005,37829,2168,1771,17,1788,23
2020-12-20,Butte,007,227075,6927,6228,702,6930,81
2020-12-20,Calaveras,009,45235,1006,926,0,926,21
2020-12-20,Colusa,011,21464,1183,1121,52,1173,7
2020-12-20,Contra Costa,013,1133247,37032,34798,414,35212,301
2020-12-20,Del Norte,015,27424,690,652,2,654,2
2020-12-20,El Dorado,017,186661,5519,4697,212,4909,10
2020-12-20,Fresno,019,978130,63065,57616,3827,61443,634
2020-12-20,Glenn,021,27897,1435,1295,197,1492,9
2020-12-20,Humboldt,023,135768,1547,1386,6,1392,15
2020-12-20,Imperial,025,180216,21799,20882,979,21861,395
2020-12-20,Inyo,027,18085,584,476,7,483,17
2020-12-20,Kern,029,883053,61014,55983,4036,60019,540
2020-12-20,Kings,031,150075,15431,14629,452,15081,100
2020-12-20,Lake,033,64148,1688,1463,0,1463,20
2020-12-20,Lassen,035,31185,3959,3669,35,3704,1
2020-12-20,Los Angeles,037,10098052,675760,612975,16820,629795,8862
2020-12-20,Madera,039,155013,9761,8871,339,9210,63
2020-12-20,Marin,041,260295,9369,8948,59,9007,142
2020-12-20,Mariposa,043,17540,209,179,2,181,3
2020-12-20,Mendocino,045,87422,2240,2033,20,2053,23
2020-12-20,Merced,047,269075,17505,16435,273,16708,198
2020-12-20,Modoc,049,8938,222,181,66,247,0
2020-12-20,Mono,051,14174,828,774,12,786,3
2020-12-20,Monterey,053,433212,25047,23250,583,23833,173
2020-12-20,Napa,055,140530,5349,4865,24,4889,23
2020-12-20,Nevada,057,99092,2515,2289,78,2367,13
2020-12-20,Orange,059,3164182,142895,128780,5228,134008,1763
2020-12-20,Placer,061,380077,13106,11496,447,11943,105
2020-12-20,Plumas,063,18699,430,347,8,355,0
2020-12-20,Riverside,065,2383286,163941,148714,6662,155376,1742
2020-12-20,Sacramento,067,1510023,60275,56017,499,56516,755
2020-12-20,San Benito,069,59416,3215,2885,24,2909,21
2020-12-20,San Bernardino,071,2135413,177561,162810,4642,167452,1458
2020-12-20,San Diego,073,3302833,140700,126465,6213,132678,1280
2020-12-20,San Francisco,075,870044,21921,20937,193,21130,174
2020-12-20,San Joaquin,077,732212,41887,38268,1258,39526,587
2020-12-20,San Luis Obispo,079,281455,9713,8881,216,9097,63
2020-12-20,San Mateo,081,765935,23156,20764,72,20836,185
2020-12-20,Santa Barbara,083,443738,16217,14817,400,15217,148
2020-12-20,Santa Clara,085,1922200,63460,56860,247,57107,566
2020-12-20,Santa Cruz,087,273765,8200,7178,232,7410,69
2020-12-20,Shasta,089,179085,7687,7256,595,7851,64
2020-12-20,Sierra,091,2930,24,22,0,22,0
2020-12-20,Siskiyou,093,43540,953,870,86,956,2
2020-12-20,Solano,095,438530,17104,15533,163,15696,95
2020-12-20,Sonoma,097,501317,17747,16802,97,16899,175
2020-12-20,Stanislaus,099,539301,32384,29995,2715,32710,498
2020-12-20,Sutter,101,95872,6046,5601,41,5642,43
2020-12-20,Tehama,103,63373,2773,2602,222,2824,9
2020-12-20,Trinity,105,12862,396,221,53,274,2
2020-12-20,Tulare,107,460477,31345,29078,3212,32290,373
2020-12-20,Tuolumne,109,53932,2517,2152,8,2160,12
2020-12-20,Ventura,111,848112,35209,31335,1386,32721,210
2020-12-20,Yolo,113,214977,7852,7121,48,7169,109
2020-12-20,Yuba,115,75493,3530,3254,34,3288,12
2020-12-19,Alameda,001,1643700,47287,43109,783,43892,516
2020-12-19,Alpine,003,1148,65,64,0,64,0
2020-12-19,Amador,005,37829,2144,1754,17,1771,23
2020-12-19,Butte,007,227075,6827,6118,678,6796,81
2020-12-19,Calaveras,009,45235,989,900,0,900,21
2020-12-19,Colusa,011,21464,1175,1096,50,1146,7
2020-12-19,Contra Costa,013,1133247,36717,34321,400,34721,301
2020-12-19,Del Norte,015,27424,688,641,1,642,2
2020-12-19,El Dorado,017,186661,5452,4588,204,4792,10
2020-12-19,Fresno,019,978130,62741,55428,3758,59186,634
2020-12-19,Glenn,021,27897,1400,1286,196,1482,9
2020-12-19,Humboldt,023,135768,1530,1357,6,1363,15
2020-12-19,Imperial,025,180216,21709,20711,932,21643,395
2020-12-19,Inyo,027,18085,577,475,7,482,17
2020-12-19,Kern,029,883053,60528,55118,3928,59046,540
2020-12-19,Kings,031,150075,15352,14474,450,14924,100
2020-12-19,Lake,033,64148,1653,1438,0,1438,20
2020-12-19,Lassen,035,31185,3931,3595,35,3630,1
2020-12-19,Los Angeles,037,10098052,668664,599888,16284,616172,8804
2020-12-19,Madera,039,155013,9669,8717,327,9044,63
2020-12-19,Marin,041,260295,9330,8864,59,8923,142
2020-12-19,Mariposa,043,17540,207,177,2,179,3
2020-12-19,Mendocino,045,87422,2215,2008,20,2028,23
2020-12-19,Merced,047,269075,17366,16230,265,16495,198
2020-12-19,Modoc,049,8938,219,181,66,247,0
2020-12-19,Mono,051,14174,821,766,12,778,3
2020-12-19,Monterey,053,433212,24933,22799,577,23376,172
2020-12-19,Napa,055,140530,5287,4772,24,4796,23
2020-12-19,Nevada,057,99092,2493,2260,78,2338,13
2020-12-19,Orange,059,3164182,140973,125574,5077,130651,1733
2020-12-19,Placer,061,380077,12951,11246,441,11687,105
2020-12-19,Plumas,063,18699,427,343,8,351,0
2020-12-19,Riverside,065,2383286,161953,146703,6426,153129,1737
2020-12-19,Sacramento,067,1510023,59743,55169,485,55654,746
2020-12-19,San Benito,069,59416,3169,2820,23,2843,21
2020-12-19,San Bernardino,071,2135413,175993,159883,4535,164418,1433
2020-12-19,San Diego,073,3302833,138933,122972,6074,129046,1280
2020-12-19,San Francisco,075,870044,21770,20643,193,20836,174
2020-12-19,San Joaquin,077,732212,41484,37340,1208,38548,586
2020-12-19,San Luis Obispo,079,281455,9642,8788,213,9001,63
2020-12-19,San Mateo,081,765935,22946,20393,65,20458,182
2020-12-19,Santa Barbara,083,443738,16061,14667,394,15061,148
2020-12-19,Santa Clara,085,1922200,62648,55540,243,55783,558
2020-12-19,Santa Cruz,087,273765,8096,7054,227,7281,68
2020-12-19,Shasta,089,179085,7634,7221,583,7804,63
2020-12-19,Sierra,091,2930,24,23,0,23,0
2020-12-19,Siskiyou,093,43540,949,853,85,938,2
2020-12-19,Solano,095,438530,16938,15204,159,15363,95
2020-12-19,Sonoma,097,501317,17639,16553,97,16650,175
2020-12-19,Stanislaus,099,539301,32065,29555,2643,32198,498
2020-12-19,Sutter,101,95872,5989,5506,41,5547,41
2020-12-19,Tehama,103,63373,2722,2574,220,2794,9
2020-12-19,Trinity,105,12862,395,219,53,272,2
2020-12-19,Tulare,107,460477,31123,28734,3146,31880,375
2020-12-19,Tuolumne,109,53932,2504,2107,8,2115,12
2020-12-19,Ventura,111,848112,34928,30843,1356,32199,209
2020-12-19,Yolo,113,214977,7783,7025,47,7072,109
2020-12-19,Yuba,115,75493,3498,3168,34,3202,11
2020-12-18,Alameda,001,1643700,46751,42196,766,42962,515
2020-12-18,Alpine,003,1148,65,64,0,64,0
2020-12-18,Amador,005,37829,2127,1727,15,1742,20
2020-12-18,Butte,007,227075,6742,5891,652,6543,81
2020-12-18,Calaveras,009,45235,979,870,0,870,21
2020-12-18,Colusa,011,21464,1166,1068,50,1118,7
2020-12-18,Contra Costa,013,1133247,36432,33610,388,33998,300
2020-12-18,Del Norte,015,27424,683,627,0,627,2
2020-12-18,El Dorado,017,186661,5390,4494,195,4689,10
2020-12-18,Fresno,019,978130,61914,52643,3694,56337,613
2020-12-18,Glenn,021,27897,1383,1264,191,1455,9
2020-12-18,Humboldt,023,135768,1515,1331,6,1337,15
2020-12-18,Imperial,025,180216,21631,20430,885,21315,393
2020-12-18,Inyo,027,18085,557,454,7,461,17
2020-12-18,Kern,029,883053,59868,54220,3843,58063,533
2020-12-18,Kings,031,150075,15226,14284,444,14728,98
2020-12-18,Lake,033,64148,1642,1397,0,1397,20
2020-12-18,Lassen,035,31185,3923,3486,35,3521,1
2020-12-18,Los Angeles,037,10098052,656529,586413,15782,602195,8744
2020-12-18,Madera,039,155013,9567,8609,322,8931,63
2020-12-18,Marin,041,260295,9246,8799,59,8858,142
2020-12-18,Mariposa,043,17540,204,176,2,178,3
2020-12-18,Mendocino,045,87422,2197,1977,20,1997,24
2020-12-18,Merced,047,269075,17285,15956,262,16218,195
2020-12-18,Modoc,049,8938,219,179,66,245,0
2020-12-18,Mono,051,14174,813,731,12,743,3
2020-12-18,Monterey,053,433212,24639,22336,571,22907,165
2020-12-18,Napa,055,140530,5239,4688,24,4712,23
2020-12-18,Nevada,057,99092,2476,2220,77,2297,13
2020-12-18,Orange,059,3164182,138537,121681,4928,126609,1725
2020-12-18,Placer,061,380077,12780,10995,432,11427,104
2020-12-18,Plumas,063,18699,421,336,8,344,0
2020-12-18,Riverside,065,2383286,159111,142375,6157,148532,1733
2020-12-18,Sacramento,067,1510023,59117,53980,469,54449,736
2020-12-18,San Benito,069,59416,3120,2744,23,2767,21
2020-12-18,San Bernardino,071,2135413,173696,154272,4401,158673,1430
2020-12-18,San Diego,073,3302833,136755,120463,5935,126398,1253
2020-12-18,San Francisco,075,870044,21603,20315,187,20502,173
2020-12-18,San Joaquin,077,732212,41126,36484,1177,37661,559
2020-12-18,San Luis Obispo,079,281455,9543,8598,208,8806,62
2020-12-18,San Mateo,081,765935,22632,19971,61,20032,182
2020-12-18,Santa Barbara,083,443738,15921,14361,381,14742,148
2020-12-18,Santa Clara,085,1922200,61775,53992,234,54226,539
2020-12-18,Santa Cruz,087,273765,7981,6838,219,7057,68
2020-12-18,Shasta,089,179085,7597,7114,572,7686,62
2020-12-18,Sierra,091,2930,24,23,0,23,0
2020-12-18,Siskiyou,093,43540,947,840,85,925,2
2020-12-18,Solano,095,438530,16785,14667,155,14822,95
2020-12-18,Sonoma,097,501317,17519,16261,97,16358,173
2020-12-18,Stanislaus,099,539301,31792,28967,2607,31574,490
2020-12-18,Sutter,101,95872,5905,5399,41,5440,39
2020-12-18,Tehama,103,63373,2706,2523,210,2733,9
2020-12-18,Trinity,105,12862,394,215,53,268,2
2020-12-18,Tulare,107,460477,30846,28322,3067,31389,370
2020-12-18,Tuolumne,109,53932,2493,2067,8,2075,12
2020-12-18,Ventura,111,848112,34424,29907,1313,31220,209
2020-12-18,Yolo,113,214977,7715,6901,46,6947,109
2020-12-18,Yuba,115,75493,3440,3097,34,3131,11
2020-12-17,Alameda,001,1643700,45943,41548,733,42281,508
2020-12-17,Alpine,003,1148,65,64,0,64,0
2020-12-17,Amador,005,37829,2079,1703,13,1716,19
2020-12-17,Butte,007,227075,6616,5746,634,6380,78
2020-12-17,Calaveras,009,45235,956,848,0,848,21
2020-12-17,Colusa,011,21464,1155,1053,48,1101,7
2020-12-17,Contra Costa,013,1133247,35908,33006,355,33361,293
2020-12-17,Del Norte,015,27424,678,583,0,583,1
2020-12-17,El Dorado,017,186661,5245,4327,183,4510,9
2020-12-17,Fresno,019,978130,61051,49918,3568,53486,597
2020-12-17,Glenn,021,27897,1359,1244,184,1428,9
2020-12-17,Humboldt,023,135768,1482,1322,6,1328,14
2020-12-17,Imperial,025,180216,21466,20208,814,21022,391
2020-12-17,Inyo,027,18085,539,450,6,456,16
2020-12-17,Kern,029,883053,58911,53683,3709,57392,526
2020-12-17,Kings,031,150075,15123,14057,429,14486,98
2020-12-17,Lake,033,64148,1617,1374,0,1374,20
2020-12-17,Lassen,035,31185,3887,3417,35,3452,1
2020-12-17,Los Angeles,037,10098052,640881,571093,15228,586321,8657
2020-12-17,Madera,039,155013,9450,8465,318,8783,62
2020-12-17,Marin,041,260295,9182,8721,57,8778,142
2020-12-17,Mariposa,043,17540,200,172,2,174,3
2020-12-17,Mendocino,045,87422,2163,1942,20,1962,23
2020-12-17,Merced,047,269075,17022,15648,254,15902,192
2020-12-17,Modoc,049,8938,216,179,66,245,0
2020-12-17,Mono,051,14174,800,718,12,730,3
2020-12-17,Monterey,053,433212,24120,21951,556,22507,163
2020-12-17,Napa,055,140530,5127,4612,24,4636,23
2020-12-17,Nevada,057,99092,2435,2173,74,2247,13
2020-12-17,Orange,059,3164182,135156,118367,4792,123159,1725
2020-12-17,Placer,061,380077,12506,10756,418,11174,99
2020-12-17,Plumas,063,18699,412,324,8,332,0
2020-12-17,Riverside,065,2383286,155227,139325,5941,145266,1696
2020-12-17,Sacramento,067,1510023,58211,53189,446,53635,721
2020-12-17,San Benito,069,59416,3051,2645,22,2667,20
2020-12-17,San Bernardino,071,2135413,169761,149838,4284,154122,1425
2020-12-17,San Diego,073,3302833,133955,116852,5779,122631,1239
2020-12-17,San Francisco,075,870044,21316,19939,182,20121,170
2020-12-17,San Joaquin,077,732212,40399,35894,1140,37034,554
2020-12-17,San Luis Obispo,079,281455,9423,8365,206,8571,59
2020-12-17,San Mateo,081,765935,22261,19647,61,19708,181
2020-12-17,Santa Barbara,083,443738,15687,14207,374,14581,147
2020-12-17,Santa Clara,085,1922200,60607,52559,228,52787,527
2020-12-17,Santa Cruz,087,273765,7826,6687,205,6892,64
2020-12-17,Shasta,089,179085,7520,7000,553,7553,62
2020-12-17,Sierra,091,2930,23,23,0,23,0
2020-12-17,Siskiyou,093,43540,940,827,84,911,2
2020-12-17,Solano,095,438530,16479,14361,153,14514,96
2020-12-17,Sonoma,097,501317,17247,15993,96,16089,171
2020-12-17,Stanislaus,099,539301,31366,28582,2548,31130,489
2020-12-17,Sutter,101,95872,5806,5309,40,5349,39
2020-12-17,Tehama,103,63373,2658,2480,204,2684,9
2020-12-17,Trinity,105,12862,389,213,53,266,2
2020-12-17,Tulare,107,460477,30452,27852,2988,30840,358
2020-12-17,Tuolumne,109,53932,2202,1992,8,2000,11
2020-12-17,Ventura,111,848112,33814,29404,1276,30680,208
2020-12-17,Yolo,113,214977,7590,6800,45,6845,105
2020-12-17,Yuba,115,75493,3381,3035,32,3067,12
2020-12-16,Alameda,001,1643700,45088,40751,706,41457,497
2020-12-16,Alpine,003,1148,65,64,0,64,0
2020-12-16,Amador,005,37829,2032,1693,12,1705,19
2020-12-16,Butte,007,227075,6427,5659,605,6264,76
2020-12-16,Calaveras,009,45235,921,821,0,821,21
2020-12-16,Colusa,011,21464,1142,1038,43,1081,7
2020-12-16,Contra Costa,013,1133247,35351,32429,335,32764,293
2020-12-16,Del Norte,015,27424,676,575,0,575,1
2020-12-16,El Dorado,017,186661,5124,4237,174,4411,9
2020-12-16,Fresno,019,978130,60093,49173,3472,52645,584
2020-12-16,Glenn,021,27897,1341,1236,173,1409,9
2020-12-16,Humboldt,023,135768,1450,1308,5,1313,12
2020-12-16,Imperial,025,180216,21283,19980,748,20728,388
2020-12-16,Inyo,027,18085,526,444,6,450,16
2020-12-16,Kern,029,883053,58034,52896,3576,56472,522
2020-12-16,Kings,031,150075,14943,13734,412,14146,99
2020-12-16,Lake,033,64148,1577,1363,0,1363,20
2020-12-16,Lassen,035,31185,3854,3396,34,3430,1
2020-12-16,Los Angeles,037,10098052,624359,557907,14543,572450,8561
2020-12-16,Madera,039,155013,9325,8278,310,8588,62
2020-12-16,Marin,041,260295,9111,8641,57,8698,142
2020-12-16,Mariposa,043,17540,197,175,2,177,3
2020-12-16,Mendocino,045,87422,2128,1929,20,1949,23
2020-12-16,Merced,047,269075,16736,15443,250,15693,190
2020-12-16,Modoc,049,8938,213,178,66,244,0
2020-12-16,Mono,051,14174,781,702,12,714,3
2020-12-16,Monterey,053,433212,23562,21107,545,21652,163
2020-12-16,Napa,055,140530,5030,4544,24,4568,23
2020-12-16,Nevada,057,99092,2399,2149,72,2221,13
2020-12-16,Orange,059,3164182,131678,115260,4624,119884,1712
2020-12-16,Placer,061,380077,12269,10554,397,10951,96
2020-12-16,Plumas,063,18699,403,319,8,327,0
2020-12-16,Riverside,065,2383286,151101,135751,5693,141444,1664
2020-12-16,Sacramento,067,1510023,57239,52166,421,52587,715
2020-12-16,San Benito,069,59416,2960,2582,22,2604,20
2020-12-16,San Bernardino,071,2135413,165153,143565,4149,147714,1403
2020-12-16,San Diego,073,3302833,130851,114248,5625,119873,1217
2020-12-16,San Francisco,075,870044,21057,19624,182,19806,170
2020-12-16,San Joaquin,077,732212,39574,35010,1100,36110,547
2020-12-16,San Luis Obispo,079,281455,9227,8252,197,8449,58
2020-12-16,San Mateo,081,765935,21935,19292,57,19349,179
2020-12-16,Santa Barbara,083,443738,15441,13966,362,14328,144
2020-12-16,Santa Clara,085,1922200,59365,51502,225,51727,523
2020-12-16,Santa Cruz,087,273765,7642,6536,193,6729,63
2020-12-16,Shasta,089,179085,7447,6914,531,7445,62
2020-12-16,Sierra,091,2930,23,23,0,23,0
2020-12-16,Siskiyou,093,43540,932,818,84,902,2
2020-12-16,Solano,095,438530,16013,14157,149,14306,96
2020-12-16,Sonoma,097,501317,16991,15768,96,15864,170
2020-12-16,Stanislaus,099,539301,30862,28279,2475,30754,489
2020-12-16,Sutter,101,95872,5726,5223,40,5263,39
2020-12-16,Tehama,103,63373,2627,2441,178,2619,9
2020-12-16,Trinity,105,12862,383,212,53,265,2
2020-12-16,Tulare,107,460477,30029,27500,2888,30388,352
2020-12-16,Tuolumne,109,53932,2160,1941,8,1949,11
2020-12-16,Ventura,111,848112,33040,28566,1233,29799,203
2020-12-16,Yolo,113,214977,7461,6649,44,6693,103
2020-12-16,Yuba,115,75493,3295,2980,31,3011,11
2020-12-15,Alameda,001,1643700,44233,40026,684,40710,492
2020-12-15,Alpine,003,1148,65,64,0,64,0
2020-12-15,Amador,005,37829,1919,1669,10,1679,19
2020-12-15,Butte,007,227075,6289,5565,576,6141,75
2020-12-15,Calaveras,009,45235,889,799,0,799,21
2020-12-15,Colusa,011,21464,1129,1026,42,1068,7
2020-12-15,Contra Costa,013,1133247,34696,31423,321,31744,281
2020-12-15,Del Norte,015,27424,665,564,0,564,1
2020-12-15,El Dorado,017,186661,5016,4113,160,4273,9
2020-12-15,Fresno,019,978130,58719,47316,3338,50654,574
2020-12-15,Glenn,021,27897,1328,1207,157,1364,9
2020-12-15,Humboldt,023,135768,1430,1276,5,1281,12
2020-12-15,Imperial,025,180216,21064,19756,668,20424,380
2020-12-15,Inyo,027,18085,513,394,6,400,16
2020-12-15,Kern,029,883053,57022,52002,3473,55475,511
2020-12-15,Kings,031,150075,14779,13652,393,14045,97
2020-12-15,Lake,033,64148,1552,1341,0,1341,21
2020-12-15,Lassen,035,31185,3682,3378,33,3411,1
2020-12-15,Los Angeles,037,10098052,607997,536258,13906,550164,8429
2020-12-15,Madera,039,155013,9171,8118,303,8421,60
2020-12-15,Marin,041,260295,9004,8528,55,8583,141
2020-12-15,Mariposa,043,17540,193,171,2,173,3
2020-12-15,Mendocino,045,87422,2101,1883,20,1903,24
2020-12-15,Merced,047,269075,16441,15120,247,15367,190
2020-12-15,Modoc,049,8938,211,179,66,245,0
2020-12-15,Mono,051,14174,765,702,12,714,3
2020-12-15,Monterey,053,433212,22963,19905,484,20389,161
2020-12-15,Napa,055,140530,4926,4440,24,4464,23
2020-12-15,Nevada,057,99092,2366,2117,70,2187,11
2020-12-15,Orange,059,3164182,128022,112893,4471,117364,1689
2020-12-15,Placer,061,380077,12035,10301,375,10676,95
2020-12-15,Plumas,063,18699,398,313,8,321,0
2020-12-15,Riverside,065,2383286,147041,131822,5414,137236,1624
2020-12-15,Sacramento,067,1510023,56222,51076,408,51484,703
2020-12-15,San Benito,069,59416,2880,2520,21,2541,19
2020-12-15,San Bernardino,071,2135413,160696,137548,3998,141546,1351
2020-12-15,San Diego,073,3302833,127285,111441,5462,116903,1194
2020-12-15,San Francisco,075,870044,20748,19283,179,19462,171
2020-12-15,San Joaquin,077,732212,38650,33849,1063,34912,537
2020-12-15,San Luis Obispo,079,281455,9118,8074,194,8268,55
2020-12-15,San Mateo,081,765935,21525,18907,55,18962,178
2020-12-15,Santa Barbara,083,443738,15216,13782,354,14136,144
2020-12-15,Santa Clara,085,1922200,57930,50311,222,50533,505
2020-12-15,Santa Cruz,087,273765,7458,6361,178,6539,59
2020-12-15,Shasta,089,179085,7389,6794,506,7300,54
2020-12-15,Sierra,091,2930,23,23,0,23,0
2020-12-15,Siskiyou,093,43540,923,812,83,895,2
2020-12-15,Solano,095,438530,15663,13796,149,13945,95
2020-12-15,Sonoma,097,501317,16770,15406,96,15502,167
2020-12-15,Stanislaus,099,539301,30349,27823,2394,30217,485
2020-12-15,Sutter,101,95872,5628,5080,39,5119,36
2020-12-15,Tehama,103,63373,2590,2392,173,2565,9
2020-12-15,Trinity,105,12862,375,213,51,264,1
2020-12-15,Tulare,107,460477,29540,27026,2798,29824,342
2020-12-15,Tuolumne,109,53932,2130,1874,8,1882,8
2020-12-15,Ventura,111,848112,32418,27936,1186,29122,201
2020-12-15,Yolo,113,214977,7338,6531,42,6573,104
2020-12-15,Yuba,115,75493,3201,2891,30,2921,11
2020-12-14,Alameda,001,1643700,43339,39252,665,39917,487
2020-12-14,Alpine,003,1148,65,63,0,63,0
2020-12-14,Amador,005,37829,1847,1609,10,1619,19
2020-12-14,Butte,007,227075,6121,5202,559,5761,75
2020-12-14,Calaveras,009,45235,851,718,0,718,21
2020-12-14,Colusa,011,21464,1105,949,41,990,7
2020-12-14,Contra Costa,013,1133247,33998,30594,307,30901,281
2020-12-14,Del Norte,015,27424,659,560,0,560,1
2020-12-14,El Dorado,017,186661,4860,4018,144,4162,9
2020-12-14,Fresno,019,978130,57694,44726,3158,47884,560
2020-12-14,Glenn,021,27897,1302,1186,149,1335,9
2020-12-14,Humboldt,023,135768,1417,1256,5,1261,9
2020-12-14,Imperial,025,180216,20826,19608,590,20198,379
2020-12-14,Inyo,027,18085,499,382,6,388,16
2020-12-14,Kern,029,883053,55985,50538,3352,53890,510
2020-12-14,Kings,031,150075,14594,13491,366,13857,97
2020-12-14,Lake,033,64148,1503,1301,0,1301,21
2020-12-14,Lassen,035,31185,3583,2905,30,2935,1
2020-12-14,Los Angeles,037,10098052,590380,524668,13262,537930,8340
2020-12-14,Madera,039,155013,8904,8011,294,8305,60
2020-12-14,Marin,041,260295,8921,8475,53,8528,141
2020-12-14,Mariposa,043,17540,192,171,2,173,3
2020-12-14,Mendocino,045,87422,2080,1845,20,1865,24
2020-12-14,Merced,047,269075,16035,14572,233,14805,189
2020-12-14,Modoc,049,8938,205,180,64,244,0
2020-12-14,Mono,051,14174,757,685,12,697,3
2020-12-14,Monterey,053,433212,22442,19154,478,19632,155
2020-12-14,Napa,055,140530,4833,4289,24,4313,22
2020-12-14,Nevada,057,99092,2327,2070,67,2137,11
2020-12-14,Orange,059,3164182,124131,108602,4335,112937,1688
2020-12-14,Placer,061,380077,11754,9551,364,9915,95
2020-12-14,Plumas,063,18699,386,309,8,317,0
2020-12-14,Riverside,065,2383286,142911,123715,5151,128866,1588
2020-12-14,Sacramento,067,1510023,55115,50304,383,50687,691
2020-12-14,San Benito,069,59416,2814,2467,20,2487,19
2020-12-14,San Bernardino,071,2135413,156252,129151,3870,133021,1347
2020-12-14,San Diego,073,3302833,123549,109578,5277,114855,1162
2020-12-14,San Francisco,075,870044,20372,18904,177,19081,171
2020-12-14,San Joaquin,077,732212,37806,32522,1017,33539,534
2020-12-14,San Luis Obispo,079,281455,8870,7791,190,7981,52
2020-12-14,San Mateo,081,765935,21026,18361,52,18413,178
2020-12-14,Santa Barbara,083,443738,14945,13587,346,13933,144
2020-12-14,Santa Clara,085,1922200,56368,49180,210,49390,502
2020-12-14,Santa Cruz,087,273765,7272,6049,163,6212,54
2020-12-14,Shasta,089,179085,7300,6665,487,7152,54
2020-12-14,Sierra,091,2930,23,21,0,21,0
2020-12-14,Siskiyou,093,43540,900,764,77,841,2
2020-12-14,Solano,095,438530,15301,13352,148,13500,93
2020-12-14,Sonoma,097,501317,16463,14807,95,14902,167
2020-12-14,Stanislaus,099,539301,29816,27311,2345,29656,485
2020-12-14,Sutter,101,95872,5523,5001,32,5033,35
2020-12-14,Tehama,103,63373,2546,2344,170,2514,9
2020-12-14,Trinity,105,12862,371,205,49,254,1
2020-12-14,Tulare,107,460477,29067,25735,2707,28442,341
2020-12-14,Tuolumne,109,53932,2077,1647,8,1655,8
2020-12-14,Ventura,111,848112,31495,27436,1127,28563,202
2020-12-14,Yolo,113,214977,7178,6389,41,6430,95
2020-12-14,Yuba,115,75493,3139,2851,30,2881,11
2020-12-13,Alameda,001,1643700,42145,38064,639,38703,486
2020-12-13,Alpine,003,1148,65,63,0,63,0
2020-12-13,Amador,005,37829,1791,1457,9,1466,19
2020-12-13,Butte,007,227075,5971,5103,517,5620,75
2020-12-13,Calaveras,009,45235,815,710,0,710,21
2020-12-13,Colusa,011,21464,1089,945,37,982,7
2020-12-13,Contra Costa,013,1133247,33270,29667,301,29968,281
2020-12-13,Del Norte,015,27424,606,542,0,542,1
2020-12-13,El Dorado,017,186661,4759,3770,133,3903,9
2020-12-13,Fresno,019,978130,56588,44114,2999,47113,559
2020-12-13,Glenn,021,27897,1289,1171,138,1309,9
2020-12-13,Humboldt,023,135768,1394,1238,4,1242,9
2020-12-13,Imperial,025,180216,20533,19472,463,19935,379
2020-12-13,Inyo,027,18085,478,380,6,386,16
2020-12-13,Kern,029,883053,54959,49051,3198,52249,510
2020-12-13,Kings,031,150075,14314,13357,348,13705,97
2020-12-13,Lake,033,64148,1460,1271,0,1271,21
2020-12-13,Lassen,035,31185,3476,2867,25,2892,1
2020-12-13,Los Angeles,037,10098052,572775,517472,12556,530028,8294
2020-12-13,Madera,039,155013,8722,7909,280,8189,60
2020-12-13,Marin,041,260295,8801,8409,53,8462,141
2020-12-13,Mariposa,043,17540,188,167,2,169,3
2020-12-13,Mendocino,045,87422,2046,1793,20,1813,24
2020-12-13,Merced,047,269075,15685,14384,230,14614,189
2020-12-13,Modoc,049,8938,192,179,58,237,0
2020-12-13,Mono,051,14174,741,675,12,687,3
2020-12-13,Monterey,053,433212,22019,18913,464,19377,153
2020-12-13,Napa,055,140530,4727,4194,24,4218,22
2020-12-13,Nevada,057,99092,2279,2030,65,2095,11
2020-12-13,Orange,059,3164182,120198,104768,4161,108929,1688
2020-12-13,Placer,061,380077,11440,9405,346,9751,95
2020-12-13,Plumas,063,18699,380,291,8,299,0
2020-12-13,Riverside,065,2383286,138782,119691,4888,124579,1581
2020-12-13,Sacramento,067,1510023,53843,49480,353,49833,682
2020-12-13,San Benito,069,59416,2744,2408,19,2427,19
2020-12-13,San Bernardino,071,2135413,151355,126718,3707,130425,1333
2020-12-13,San Diego,073,3302833,119949,107372,5108,112480,1162
2020-12-13,San Francisco,075,870044,20027,18686,168,18854,167
2020-12-13,San Joaquin,077,732212,37002,32170,976,33146,534
2020-12-13,San Luis Obispo,079,281455,8678,7625,182,7807,52
2020-12-13,San Mateo,081,765935,20535,18090,46,18136,177
2020-12-13,Santa Barbara,083,443738,14680,13249,331,13580,144
2020-12-13,Santa Clara,085,1922200,54942,47920,201,48121,499
2020-12-13,Santa Cruz,087,273765,7023,5986,152,6138,54
2020-12-13,Shasta,089,179085,7226,6647,461,7108,54
2020-12-13,Sierra,091,2930,23,21,0,21,0
2020-12-13,Siskiyou,093,43540,888,762,72,834,2
2020-12-13,Solano,095,438530,14862,13276,145,13421,93
2020-12-13,Sonoma,097,501317,16148,14495,94,14589,167
2020-12-13,Stanislaus,099,539301,29253,26569,2280,28849,485
2020-12-13,Sutter,101,95872,5396,4798,28,4826,34
2020-12-13,Tehama,103,63373,2500,2325,155,2480,9
2020-12-13,Trinity,105,12862,365,204,49,253,1
2020-12-13,Tulare,107,460477,28576,25496,2620,28116,340
2020-12-13,Tuolumne,109,53932,2015,1611,8,1619,8
2020-12-13,Ventura,111,848112,30492,26588,1064,27652,202
2020-12-13,Yolo,113,214977,6994,6265,35,6300,95
2020-12-13,Yuba,115,75493,3074,2754,27,2781,11
2020-12-12,Alameda,001,1643700,41702,37027,619,37646,486
2020-12-12,Alpine,003,1148,65,63,0,63,0
2020-12-12,Amador,005,37829,1763,1236,8,1244,19
2020-12-12,Butte,007,227075,5898,4972,505,5477,73
2020-12-12,Calaveras,009,45235,805,708,0,708,21
2020-12-12,Colusa,011,21464,1069,945,35,980,7
2020-12-12,Contra Costa,013,1133247,32927,29506,292,29798,281
2020-12-12,Del Norte,015,27424,598,529,0,529,1
2020-12-12,El Dorado,017,186661,4684,3706,116,3822,9
2020-12-12,Fresno,019,978130,56235,43756,2939,46695,559
2020-12-12,Glenn,021,27897,1281,1143,134,1277,8
2020-12-12,Humboldt,023,135768,1375,1208,4,1212,9
2020-12-12,Imperial,025,180216,20449,18947,405,19352,379
2020-12-12,Inyo,027,18085,474,380,6,386,16
2020-12-12,Kern,029,883053,54439,48194,3110,51304,507
2020-12-12,Kings,031,150075,14225,13205,344,13549,96
2020-12-12,Lake,033,64148,1444,1232,0,1232,21
2020-12-12,Lassen,035,31185,3453,2866,22,2888,1
2020-12-12,Los Angeles,037,10098052,565977,504317,12049,516366,8269
2020-12-12,Madera,039,155013,8595,7765,277,8042,59
2020-12-12,Marin,041,260295,8747,8363,52,8415,141
2020-12-12,Mariposa,043,17540,187,164,2,166,3
2020-12-12,Mendocino,045,87422,2010,1771,20,1791,24
2020-12-12,Merced,047,269075,15594,14181,226,14407,188
2020-12-12,Modoc,049,8938,191,169,55,224,0
2020-12-12,Mono,051,14174,734,640,12,652,3
2020-12-12,Monterey,053,433212,21908,18596,435,19031,151
2020-12-12,Napa,055,140530,4682,4113,24,4137,22
2020-12-12,Nevada,057,99092,2261,1981,63,2044,10
2020-12-12,Orange,059,3164182,118315,100468,4012,104480,1674
2020-12-12,Placer,061,380077,11275,9390,341,9731,95
2020-12-12,Plumas,063,18699,374,291,8,299,0
2020-12-12,Riverside,065,2383286,136725,118335,4682,123017,1579
2020-12-12,Sacramento,067,1510023,53258,48319,340,48659,673
2020-12-12,San Benito,069,59416,2688,2355,19,2374,19
2020-12-12,San Bernardino,071,2135413,149724,125741,3605,129346,1321
2020-12-12,San Diego,073,3302833,118328,104958,5011,109969,1151
2020-12-12,San Francisco,075,870044,19837,18413,164,18577,167
2020-12-12,San Joaquin,077,732212,36675,32200,945,33145,534
2020-12-12,San Luis Obispo,079,281455,8579,7462,176,7638,50
2020-12-12,San Mateo,081,765935,20314,17574,45,17619,177
2020-12-12,Santa Barbara,083,443738,14528,13174,323,13497,144
2020-12-12,Santa Clara,085,1922200,53991,45892,198,46090,498
2020-12-12,Santa Cruz,087,273765,6925,5905,143,6048,54
2020-12-12,Shasta,089,179085,7191,6551,443,6994,54
2020-12-12,Sierra,091,2930,23,21,0,21,0
2020-12-12,Siskiyou,093,43540,886,762,69,831,2
2020-12-12,Solano,095,438530,14664,12748,138,12886,93
2020-12-12,Sonoma,097,501317,16028,14466,94,14560,166
2020-12-12,Stanislaus,099,539301,28952,26246,2228,28474,483
2020-12-12,Sutter,101,95872,5334,4717,28,4745,32
2020-12-12,Tehama,103,63373,2482,2252,150,2402,9
2020-12-12,Trinity,105,12862,363,204,47,251,1
2020-12-12,Tulare,107,460477,28317,25333,2562,27895,341
2020-12-12,Tuolumne,109,53932,1972,1536,8,1544,8
2020-12-12,Ventura,111,848112,30048,25955,1031,26986,202
2020-12-12,Yolo,113,214977,6912,6116,33,6149,95
2020-12-12,Yuba,115,75493,3047,2692,26,2718,10
2020-12-11,Alameda,001,1643700,41136,36281,607,36888,482
2020-12-11,Alpine,003,1148,65,63,0,63,0
2020-12-11,Amador,005,37829,1747,1213,8,1221,19
2020-12-11,Butte,007,227075,5825,4941,486,5427,73
2020-12-11,Calaveras,009,45235,789,697,0,697,21
2020-12-11,Colusa,011,21464,1059,923,33,956,7
2020-12-11,Contra Costa,013,1133247,32503,29036,288,29324,282
2020-12-11,Del Norte,015,27424,592,505,0,505,1
2020-12-11,El Dorado,017,186661,4603,3669,101,3770,9
2020-12-11,Fresno,019,978130,55222,43071,2873,45944,550
2020-12-11,Glenn,021,27897,1265,1135,129,1264,8
2020-12-11,Humboldt,023,135768,1357,1190,4,1194,9
2020-12-11,Imperial,025,180216,20359,18599,361,18960,377
2020-12-11,Inyo,027,18085,462,372,6,378,16
2020-12-11,Kern,029,883053,53761,47664,3048,50712,502
2020-12-11,Kings,031,150075,14081,13118,340,13458,94
2020-12-11,Lake,033,64148,1431,1205,0,1205,21
2020-12-11,Lassen,035,31185,3441,2790,21,2811,1
2020-12-11,Los Angeles,037,10098052,554177,493592,11638,505230,8198
2020-12-11,Madera,039,155013,8504,7648,267,7915,59
2020-12-11,Marin,041,260295,8654,8317,51,8368,141
2020-12-11,Mariposa,043,17540,186,164,2,166,3
2020-12-11,Mendocino,045,87422,1987,1769,20,1789,24
2020-12-11,Merced,047,269075,15474,14038,218,14256,186
2020-12-11,Modoc,049,8938,191,168,54,222,0
2020-12-11,Mono,051,14174,724,631,12,643,3
2020-12-11,Monterey,053,433212,21607,18421,430,18851,150
2020-12-11,Napa,055,140530,4626,4054,24,4078,22
2020-12-11,Nevada,057,99092,2244,1959,60,2019,10
2020-12-11,Orange,059,3164182,116007,98357,3909,102266,1656
2020-12-11,Placer,061,380077,11113,8904,325,9229,93
2020-12-11,Plumas,063,18699,366,286,8,294,0
2020-12-11,Riverside,065,2383286,133657,115329,4462,119791,1573
2020-12-11,Sacramento,067,1510023,52597,47468,332,47800,669
2020-12-11,San Benito,069,59416,2637,2319,19,2338,19
2020-12-11,San Bernardino,071,2135413,147034,123092,3489,126581,1313
2020-12-11,San Diego,073,3302833,116368,102468,4928,107396,1137
2020-12-11,San Francisco,075,870044,19607,18246,163,18409,165
2020-12-11,San Joaquin,077,732212,36329,32044,917,32961,534
2020-12-11,San Luis Obispo,079,281455,8418,7415,174,7589,49
2020-12-11,San Mateo,081,765935,20043,17240,34,17274,177
2020-12-11,Santa Barbara,083,443738,14384,12997,315,13312,144
2020-12-11,Santa Clara,085,1922200,52985,45101,189,45290,494
2020-12-11,Santa Cruz,087,273765,6812,5764,134,5898,50
2020-12-11,Shasta,089,179085,7146,6459,436,6895,54
2020-12-11,Sierra,091,2930,23,19,0,19,0
2020-12-11,Siskiyou,093,43540,879,753,66,819,2
2020-12-11,Solano,095,438530,14478,12554,134,12688,92
2020-12-11,Sonoma,097,501317,15861,14298,92,14390,166
2020-12-11,Stanislaus,099,539301,28685,25928,2186,28114,464
2020-12-11,Sutter,101,95872,5271,4600,27,4627,30
2020-12-11,Tehama,103,63373,2452,2232,146,2378,9
2020-12-11,Trinity,105,12862,360,204,47,251,1
2020-12-11,Tulare,107,460477,27957,24953,2515,27468,338
2020-12-11,Tuolumne,109,53932,1958,1510,8,1518,8
2020-12-11,Ventura,111,848112,29442,24999,1009,26008,202
2020-12-11,Yolo,113,214977,6806,6006,32,6038,95
2020-12-11,Yuba,115,75493,2987,2649,25,2674,10
2020-12-10,Alameda,001,1643700,40366,35686,585,36271,477
2020-12-10,Alpine,003,1148,65,63,0,63,0
2020-12-10,Amador,005,37829,1690,1191,8,1199,18
2020-12-10,Butte,007,227075,5709,4863,459,5322,72
2020-12-10,Calaveras,009,45235,771,684,0,684,21
2020-12-10,Colusa,011,21464,1036,909,28,937,7
2020-12-10,Contra Costa,013,1133247,31822,28413,282,28695,276
2020-12-10,Del Norte,015,27424,582,501,0,501,1
2020-12-10,El Dorado,017,186661,4485,3557,96,3653,9
2020-12-10,Fresno,019,978130,54241,42461,2730,45191,540
2020-12-10,Glenn,021,27897,1245,1126,120,1246,8
2020-12-10,Humboldt,023,135768,1337,1140,4,1144,9
2020-12-10,Imperial,025,180216,20143,18333,282,18615,370
2020-12-10,Inyo,027,18085,441,365,6,371,15
2020-12-10,Kern,029,883053,52777,47176,2882,50058,499
2020-12-10,Kings,031,150075,13923,12993,334,13327,92
2020-12-10,Lake,033,64148,1390,1167,0,1167,21
2020-12-10,Lassen,035,31185,3419,2764,17,2781,0
2020-12-10,Los Angeles,037,10098052,540217,480354,11111,491465,8149
2020-12-10,Madera,039,155013,8398,7445,252,7697,59
2020-12-10,Marin,041,260295,8601,8245,50,8295,140
2020-12-10,Mariposa,043,17540,185,160,2,162,3
2020-12-10,Mendocino,045,87422,1961,1748,17,1765,24
2020-12-10,Merced,047,269075,15228,13756,215,13971,186
2020-12-10,Modoc,049,8938,186,165,52,217,0
2020-12-10,Mono,051,14174,719,601,12,613,3
2020-12-10,Monterey,053,433212,21126,18266,420,18686,145
2020-12-10,Napa,055,140530,4540,3974,23,3997,22
2020-12-10,Nevada,057,99092,2208,1919,60,1979,10
2020-12-10,Orange,059,3164182,112910,95297,3745,99042,1651
2020-12-10,Placer,061,380077,10860,8906,307,9213,90
2020-12-10,Plumas,063,18699,355,281,8,289,0
2020-12-10,Riverside,065,2383286,129971,112794,4193,116987,1552
2020-12-10,Sacramento,067,1510023,51699,46471,311,46782,664
2020-12-10,San Benito,069,59416,2577,2268,18,2286,19
2020-12-10,San Bernardino,071,2135413,142804,120186,3315,123501,1306
2020-12-10,San Diego,073,3302833,113843,99601,4779,104380,1114
2020-12-10,San Francisco,075,870044,19295,17945,155,18100,164
2020-12-10,San Joaquin,077,732212,35694,31228,887,32115,534
2020-12-10,San Luis Obispo,079,281455,8255,7245,163,7408,49
2020-12-10,San Mateo,081,765935,19598,16701,24,16725,177
2020-12-10,Santa Barbara,083,443738,14208,12788,306,13094,143
2020-12-10,Santa Clara,085,1922200,51847,43939,174,44113,491
2020-12-10,Santa Cruz,087,273765,6645,5645,121,5766,48
2020-12-10,Shasta,089,179085,7078,6312,411,6723,53
2020-12-10,Sierra,091,2930,23,18,0,18,0
2020-12-10,Siskiyou,093,43540,869,712,65,777,2
2020-12-10,Solano,095,438530,14111,12017,128,12145,90
2020-12-10,Sonoma,097,501317,15606,14282,91,14373,167
2020-12-10,Stanislaus,099,539301,28221,25582,2117,27699,464
2020-12-10,Sutter,101,95872,5141,4528,25,4553,27
2020-12-10,Tehama,103,63373,2409,2190,136,2326,9
2020-12-10,Trinity,105,12862,356,202,45,247,1
2020-12-10,Tulare,107,460477,27503,24506,2449,26955,337
2020-12-10,Tuolumne,109,53932,1716,1451,8,1459,8
2020-12-10,Ventura,111,848112,28591,24075,965,25040,202
2020-12-10,Yolo,113,214977,6686,5896,31,5927,95
2020-12-10,Yuba,115,75493,2923,2604,24,2628,10
2020-12-09,Alameda,001,1643700,39522,35047,563,35610,470
2020-12-09,Alpine,003,1148,65,58,0,58,0
2020-12-09,Amador,005,37829,1647,1121,8,1129,19
2020-12-09,Butte,007,227075,5566,4733,439,5172,70
2020-12-09,Calaveras,009,45235,744,670,0,670,21
2020-12-09,Colusa,011,21464,1021,896,27,923,7
2020-12-09,Contra Costa,013,1133247,31116,28308,271,28579,273
2020-12-09,Del Norte,015,27424,569,481,0,481,2
2020-12-09,El Dorado,017,186661,4350,3449,88,3537,8
2020-12-09,Fresno,019,978130,53240,41954,2575,44529,533
2020-12-09,Glenn,021,27897,1231,1107,114,1221,8
2020-12-09,Humboldt,023,135768,1305,1086,4,1090,10
2020-12-09,Imperial,025,180216,19889,17757,245,18002,368
2020-12-09,Inyo,027,18085,428,356,6,362,15
2020-12-09,Kern,029,883053,51618,46379,2740,49119,494
2020-12-09,Kings,031,150075,13778,12716,326,13042,92
2020-12-09,Lake,033,64148,1363,1158,0,1158,20
2020-12-09,Lassen,035,31185,3350,2331,15,2346,0
2020-12-09,Los Angeles,037,10098052,526743,467971,10561,478532,8075
2020-12-09,Madera,039,155013,8285,7216,249,7465,59
2020-12-09,Marin,041,260295,8539,8182,49,8231,138
2020-12-09,Mariposa,043,17540,183,154,2,156,3
2020-12-09,Mendocino,045,87422,1935,1703,16,1719,24
2020-12-09,Merced,047,269075,14989,13588,208,13796,183
2020-12-09,Modoc,049,8938,181,146,43,189,0
2020-12-09,Mono,051,14174,707,601,12,613,3
2020-12-09,Monterey,053,433212,20726,17891,412,18303,143
2020-12-09,Napa,055,140530,4455,3858,22,3880,21
2020-12-09,Nevada,057,99092,2155,1864,60,1924,10
2020-12-09,Orange,059,3164182,109819,93763,3573,97336,1629
2020-12-09,Placer,061,380077,10598,8588,293,8881,85
2020-12-09,Plumas,063,18699,347,271,8,279,0
2020-12-09,Riverside,065,2383286,126273,110376,3986,114362,1543
2020-12-09,Sacramento,067,1510023,50636,45284,284,45568,659
2020-12-09,San Benito,069,59416,2504,2217,16,2233,19
2020-12-09,San Bernardino,071,2135413,138525,114516,3121,117637,1305
2020-12-09,San Diego,073,3302833,110863,97551,4640,102191,1103
2020-12-09,San Francisco,075,870044,18995,17628,154,17782,163
2020-12-09,San Joaquin,077,732212,34876,30539,862,31401,531
2020-12-09,San Luis Obispo,079,281455,8036,7105,155,7260,47
2020-12-09,San Mateo,081,765935,19147,16422,23,16445,175
2020-12-09,Santa Barbara,083,443738,14007,12630,296,12926,142
2020-12-09,Santa Clara,085,1922200,50700,42912,158,43070,489
2020-12-09,Santa Cruz,087,273765,6486,5527,106,5633,47
2020-12-09,Shasta,089,179085,7013,6105,396,6501,52
2020-12-09,Sierra,091,2930,23,18,0,18,0
2020-12-09,Siskiyou,093,43540,858,713,64,777,2
2020-12-09,Solano,095,438530,13763,11862,120,11982,90
2020-12-09,Sonoma,097,501317,15350,13994,88,14082,164
2020-12-09,Stanislaus,099,539301,27724,25157,2056,27213,463
2020-12-09,Sutter,101,95872,5023,4418,21,4439,24
2020-12-09,Tehama,103,63373,2373,2102,132,2234,9
2020-12-09,Trinity,105,12862,348,199,42,241,0
2020-12-09,Tulare,107,460477,26907,24124,2371,26495,334
2020-12-09,Tuolumne,109,53932,1683,1319,8,1327,8
2020-12-09,Ventura,111,848112,27728,23830,923,24753,201
2020-12-09,Yolo,113,214977,6562,5760,29,5789,95
2020-12-09,Yuba,115,75493,2855,2513,23,2536,10
2020-12-08,Alameda,001,1643700,38622,34373,547,34920,469
2020-12-08,Alpine,003,1148,64,53,0,53,0
2020-12-08,Amador,005,37829,1361,1043,8,1051,17
2020-12-08,Butte,007,227075,5407,4651,398,5049,70
2020-12-08,Calaveras,009,45235,720,657,0,657,21
2020-12-08,Colusa,011,21464,1005,875,26,901,6
2020-12-08,Contra Costa,013,1133247,30413,27926,255,28181,270
2020-12-08,Del Norte,015,27424,553,465,0,465,2
2020-12-08,El Dorado,017,186661,4226,3296,75,3371,8
2020-12-08,Fresno,019,978130,51977,41574,2417,43991,529
2020-12-08,Glenn,021,27897,1211,1094,106,1200,8
2020-12-08,Humboldt,023,135768,1279,1059,4,1063,10
2020-12-08,Imperial,025,180216,19372,17568,236,17804,363
2020-12-08,Inyo,027,18085,405,333,6,339,15
2020-12-08,Kern,029,883053,50325,45116,2584,47700,487
2020-12-08,Kings,031,150075,13624,12623,317,12940,90
2020-12-08,Lake,033,64148,1322,1127,0,1127,20
2020-12-08,Lassen,035,31185,3194,2165,15,2180,0
2020-12-08,Los Angeles,037,10098052,514059,459738,10077,469815,8004
2020-12-08,Madera,039,155013,8154,7082,236,7318,59
2020-12-08,Marin,041,260295,8459,8099,48,8147,137
2020-12-08,Mariposa,043,17540,179,150,2,152,2
2020-12-08,Mendocino,045,87422,1894,1666,16,1682,23
2020-12-08,Merced,047,269075,14679,13380,207,13587,181
2020-12-08,Modoc,049,8938,173,138,40,178,0
2020-12-08,Mono,051,14174,693,597,12,609,3
2020-12-08,Monterey,053,433212,20153,17752,405,18157,134
2020-12-08,Napa,055,140530,4367,3778,21,3799,22
2020-12-08,Nevada,057,99092,2101,1809,57,1866,11
2020-12-08,Orange,059,3164182,106598,91406,3408,94814,1629
2020-12-08,Placer,061,380077,10330,8224,288,8512,82
2020-12-08,Plumas,063,18699,337,258,8,266,0
2020-12-08,Riverside,065,2383286,122912,107620,3806,111426,1514
2020-12-08,Sacramento,067,1510023,49572,44635,268,44903,649
2020-12-08,San Benito,069,59416,2451,2180,16,2196,18
2020-12-08,San Bernardino,071,2135413,134177,110676,2995,113671,1301
2020-12-08,San Diego,073,3302833,107492,95447,4483,99930,1088
2020-12-08,San Francisco,075,870044,18685,17384,152,17536,162
2020-12-08,San Joaquin,077,732212,33981,30225,829,31054,530
2020-12-08,San Luis Obispo,079,281455,7907,6903,144,7047,45
2020-12-08,San Mateo,081,765935,18747,16305,23,16328,175
2020-12-08,Santa Barbara,083,443738,13822,12516,287,12803,141
2020-12-08,Santa Clara,085,1922200,49393,41309,149,41458,484
2020-12-08,Santa Cruz,087,273765,6308,5374,104,5478,45
2020-12-08,Shasta,089,179085,6904,5946,388,6334,50
2020-12-08,Sierra,091,2930,22,18,0,18,0
2020-12-08,Siskiyou,093,43540,844,704,62,766,2
2020-12-08,Solano,095,438530,13361,11669,118,11787,89
2020-12-08,Sonoma,097,501317,15091,13601,87,13688,164
2020-12-08,Stanislaus,099,539301,27233,24793,1993,26786,461
2020-12-08,Sutter,101,95872,4927,4342,20,4362,24
2020-12-08,Tehama,103,63373,2293,2057,124,2181,9
2020-12-08,Trinity,105,12862,339,198,41,239,0
2020-12-08,Tulare,107,460477,26303,23607,2308,25915,330
2020-12-08,Tuolumne,109,53932,1659,1264,8,1272,7
2020-12-08,Ventura,111,848112,27065,23665,880,24545,195
2020-12-08,Yolo,113,214977,6431,5560,29,5589,90
2020-12-08,Yuba,115,75493,2778,2477,23,2500,10
2020-12-07,Alameda,001,1643700,37756,33887,512,34399,466
2020-12-07,Alpine,003,1148,63,53,0,53,0
2020-12-07,Amador,005,37829,1285,993,7,1000,17
2020-12-07,Butte,007,227075,5271,4604,376,4980,67
2020-12-07,Calaveras,009,45235,688,606,0,606,21
2020-12-07,Colusa,011,21464,980,825,24,849,6
2020-12-07,Contra Costa,013,1133247,29799,27307,242,27549,270
2020-12-07,Del Norte,015,27424,541,424,0,424,2
2020-12-07,El Dorado,017,186661,4047,3275,68,3343,8
2020-12-07,Fresno,019,978130,50503,41098,2294,43392,526
2020-12-07,Glenn,021,27897,1192,1085,100,1185,8
2020-12-07,Humboldt,023,135768,1244,1023,4,1027,9
2020-12-07,Imperial,025,180216,18950,17234,222,17456,364
2020-12-07,Inyo,027,18085,390,333,6,339,15
2020-12-07,Kern,029,883053,49301,44409,2448,46857,486
2020-12-07,Kings,031,150075,13481,12412,307,12719,90
2020-12-07,Lake,033,64148,1293,1090,0,1090,20
2020-12-07,Lassen,035,31185,3097,2167,15,2182,0
2020-12-07,Los Angeles,037,10098052,500404,451052,9633,460685,7937
2020-12-07,Madera,039,155013,7889,6935,231,7166,59
2020-12-07,Marin,041,260295,8401,8049,47,8096,136
2020-12-07,Mariposa,043,17540,176,146,2,148,2
2020-12-07,Mendocino,045,87422,1858,1638,14,1652,23
2020-12-07,Merced,047,269075,14320,13250,197,13447,179
2020-12-07,Modoc,049,8938,166,128,37,165,0
2020-12-07,Mono,051,14174,680,590,12,602,3
2020-12-07,Monterey,053,433212,19672,17746,393,18139,132
2020-12-07,Napa,055,140530,4276,3684,21,3705,21
2020-12-07,Nevada,057,99092,2052,1777,56,1833,11
2020-12-07,Orange,059,3164182,103336,89793,3289,93082,1628
2020-12-07,Placer,061,380077,10003,7911,274,8185,82
2020-12-07,Plumas,063,18699,325,256,5,261,0
2020-12-07,Riverside,065,2383286,119714,102363,3623,105986,1491
2020-12-07,Sacramento,067,1510023,48477,43419,250,43669,638
2020-12-07,San Benito,069,59416,2400,2165,15,2180,18
2020-12-07,San Bernardino,071,2135413,130229,108161,2876,111037,1295
2020-12-07,San Diego,073,3302833,104703,94171,4302,98473,1062
2020-12-07,San Francisco,075,870044,18394,17220,145,17365,161
2020-12-07,San Joaquin,077,732212,33106,28188,802,28990,530
2020-12-07,San Luis Obispo,079,281455,7725,6782,137,6919,45
2020-12-07,San Mateo,081,765935,18306,16029,22,16051,175
2020-12-07,Santa Barbara,083,443738,13581,12362,277,12639,141
2020-12-07,Santa Clara,085,1922200,48005,40621,140,40761,484
2020-12-07,Santa Cruz,087,273765,6143,5152,99,5251,41
2020-12-07,Shasta,089,179085,6780,5742,373,6115,50
2020-12-07,Sierra,091,2930,20,18,0,18,0
2020-12-07,Siskiyou,093,43540,817,652,62,714,2
2020-12-07,Solano,095,438530,13021,11354,114,11468,89
2020-12-07,Sonoma,097,501317,14806,13376,87,13463,164
2020-12-07,Stanislaus,099,539301,26674,24479,1941,26420,454
2020-12-07,Sutter,101,95872,4786,4106,20,4126,24
2020-12-07,Tehama,103,63373,2239,2030,119,2149,9
2020-12-07,Trinity,105,12862,335,194,41,235,0
2020-12-07,Tulare,107,460477,25768,22760,2251,25011,328
2020-12-07,Tuolumne,109,53932,1574,1256,7,1263,7
2020-12-07,Ventura,111,848112,26478,23354,844,24198,191
2020-12-07,Yolo,113,214977,6267,5537,28,5565,90
2020-12-07,Yuba,115,75493,2710,2428,21,2449,10
2020-12-06,Alameda,001,1643700,36769,33477,492,33969,465
2020-12-06,Alpine,003,1148,59,53,0,53,0
2020-12-06,Amador,005,37829,1222,952,6,958,17
2020-12-06,Butte,007,227075,5118,4527,342,4869,67
2020-12-06,Calaveras,009,45235,669,606,0,606,21
2020-12-06,Colusa,011,21464,963,824,21,845,6
2020-12-06,Contra Costa,013,1133247,29193,26566,235,26801,270
2020-12-06,Del Norte,015,27424,486,414,0,414,2
2020-12-06,El Dorado,017,186661,3910,3086,63,3149,8
2020-12-06,Fresno,019,978130,49548,40869,2177,43046,526
2020-12-06,Glenn,021,27897,1182,1067,96,1163,8
2020-12-06,Humboldt,023,135768,1219,1004,4,1008,9
2020-12-06,Imperial,025,180216,18640,16922,212,17134,364
2020-12-06,Inyo,027,18085,377,333,6,339,15
2020-12-06,Kern,029,883053,48313,43899,2277,46176,486
2020-12-06,Kings,031,150075,13209,12056,290,12346,90
2020-12-06,Lake,033,64148,1255,1075,0,1075,20
2020-12-06,Lassen,035,31185,2992,2168,13,2181,0
2020-12-06,Los Angeles,037,10098052,486822,443230,9186,452416,7910
2020-12-06,Madera,039,155013,7718,6826,223,7049,59
2020-12-06,Marin,041,260295,8320,8013,45,8058,136
2020-12-06,Mariposa,043,17540,175,144,2,146,2
2020-12-06,Mendocino,045,87422,1818,1614,14,1628,23
2020-12-06,Merced,047,269075,13985,12928,188,13116,179
2020-12-06,Modoc,049,8938,153,125,29,154,0
2020-12-06,Mono,051,14174,658,586,10,596,3
2020-12-06,Monterey,053,433212,19053,17426,383,17809,130
2020-12-06,Napa,055,140530,4164,3644,21,3665,21
2020-12-06,Nevada,057,99092,1993,1710,53,1763,10
2020-12-06,Orange,059,3164182,100269,87737,3159,90896,1627
2020-12-06,Placer,061,380077,9722,7837,253,8090,82
2020-12-06,Plumas,063,18699,312,254,4,258,0
2020-12-06,Riverside,065,2383286,116621,100088,3399,103487,1482
2020-12-06,Sacramento,067,1510023,47236,42808,234,43042,638
2020-12-06,San Benito,069,59416,2363,2135,15,2150,18
2020-12-06,San Bernardino,071,2135413,126086,106927,2719,109646,1286
2020-12-06,San Diego,073,3302833,101671,92173,4148,96321,1062
2020-12-06,San Francisco,075,870044,18072,17107,137,17244,161
2020-12-06,San Joaquin,077,732212,32272,28188,773,28961,530
2020-12-06,San Luis Obispo,079,281455,7559,6723,132,6855,45
2020-12-06,San Mateo,081,765935,17801,15855,19,15874,175
2020-12-06,Santa Barbara,083,443738,13351,12252,268,12520,141
2020-12-06,Santa Clara,085,1922200,46629,39112,134,39246,482
2020-12-06,Santa Cruz,087,273765,5969,5069,93,5162,40
2020-12-06,Shasta,089,179085,6639,5743,351,6094,49
2020-12-06,Sierra,091,2930,20,17,0,17,0
2020-12-06,Siskiyou,093,43540,799,652,60,712,2
2020-12-06,Solano,095,438530,12734,11354,104,11458,88
2020-12-06,Sonoma,097,501317,14517,13238,86,13324,164
2020-12-06,Stanislaus,099,539301,26122,24036,1877,25913,454
2020-12-06,Sutter,101,95872,4670,4009,19,4028,21
2020-12-06,Tehama,103,63373,2180,1982,111,2093,9
2020-12-06,Trinity,105,12862,328,181,39,220,0
2020-12-06,Tulare,107,460477,25242,22756,2183,24939,327
2020-12-06,Tuolumne,109,53932,1478,1210,7,1217,7
2020-12-06,Ventura,111,848112,25936,23035,817,23852,191
2020-12-06,Yolo,113,214977,6106,5465,23,5488,90
2020-12-06,Yuba,115,75493,2666,2340,20,2360,10
2020-12-05,Alameda,001,1643700,36410,32781,481,33262,465
2020-12-05,Alpine,003,1148,58,53,0,53,0
2020-12-05,Amador,005,37829,1198,847,6,853,17
2020-12-05,Butte,007,227075,5050,4455,323,4778,66
2020-12-05,Calaveras,009,45235,657,606,0,606,21
2020-12-05,Colusa,011,21464,945,825,18,843,6
2020-12-05,Contra Costa,013,1133247,28901,26217,228,26445,270
2020-12-05,Del Norte,015,27424,480,408,0,408,2
2020-12-05,El Dorado,017,186661,3845,3061,58,3119,8
2020-12-05,Fresno,019,978130,49228,40568,2122,42690,525
2020-12-05,Glenn,021,27897,1169,1056,90,1146,8
2020-12-05,Humboldt,023,135768,1186,979,4,983,9
2020-12-05,Imperial,025,180216,18474,16544,210,16754,362
2020-12-05,Inyo,027,18085,372,332,6,338,15
2020-12-05,Kern,029,883053,47850,43332,2190,45522,484
2020-12-05,Kings,031,150075,13128,11898,287,12185,90
2020-12-05,Lake,033,64148,1230,1069,0,1069,20
2020-12-05,Lassen,035,31185,2801,2168,11,2179,0
2020-12-05,Los Angeles,037,10098052,481025,433120,8866,441986,7888
2020-12-05,Madera,039,155013,7625,6619,216,6835,59
2020-12-05,Marin,041,260295,8293,7961,45,8006,136
2020-12-05,Mariposa,043,17540,170,143,2,145,2
2020-12-05,Mendocino,045,87422,1779,1585,14,1599,23
2020-12-05,Merced,047,269075,13878,12747,177,12924,180
2020-12-05,Modoc,049,8938,153,118,28,146,0
2020-12-05,Mono,051,14174,653,554,10,564,3
2020-12-05,Monterey,053,433212,18907,17077,379,17456,127
2020-12-05,Napa,055,140530,4094,3565,21,3586,21
2020-12-05,Nevada,057,99092,1978,1642,51,1693,10
2020-12-05,Orange,059,3164182,98811,85735,3063,88798,1612
2020-12-05,Placer,061,380077,9602,7811,244,8055,78
2020-12-05,Plumas,063,18699,305,246,1,247,0
2020-12-05,Riverside,065,2383286,115009,98612,3221,101833,1477
2020-12-05,Sacramento,067,1510023,46568,41878,219,42097,625
2020-12-05,San Benito,069,59416,2319,2073,15,2088,18
2020-12-05,San Bernardino,071,2135413,124563,105382,2589,107971,1283
2020-12-05,San Diego,073,3302833,100320,90470,4067,94537,1055
2020-12-05,San Francisco,075,870044,17888,16786,133,16919,161
2020-12-05,San Joaquin,077,732212,32008,28105,740,28845,523
2020-12-05,San Luis Obispo,079,281455,7492,6623,129,6752,44
2020-12-05,San Mateo,081,765935,17543,15512,19,15531,175
2020-12-05,Santa Barbara,083,443738,13251,12107,262,12369,141
2020-12-05,Santa Clara,085,1922200,45891,38339,129,38468,474
2020-12-05,Santa Cruz,087,273765,5895,4997,91,5088,40
2020-12-05,Shasta,089,179085,6578,5653,340,5993,49
2020-12-05,Sierra,091,2930,20,17,0,17,0
2020-12-05,Siskiyou,093,43540,791,649,59,708,2
2020-12-05,Solano,095,438530,12565,11351,102,11453,87
2020-12-05,Sonoma,097,501317,14421,13137,86,13223,164
2020-12-05,Stanislaus,099,539301,25809,23662,1842,25504,454
2020-12-05,Sutter,101,95872,4603,3937,19,3956,20
2020-12-05,Tehama,103,63373,2164,1926,109,2035,9
2020-12-05,Trinity,105,12862,327,177,39,216,0
2020-12-05,Tulare,107,460477,25026,22660,2125,24785,324
2020-12-05,Tuolumne,109,53932,1421,1180,7,1187,7
2020-12-05,Ventura,111,848112,25565,22710,803,23513,191
2020-12-05,Yolo,113,214977,6029,5351,22,5373,90
2020-12-05,Yuba,115,75493,2629,2275,20,2295,10
2020-12-04,Alameda,001,1643700,35861,31871,468,32339,465
2020-12-04,Alpine,003,1148,58,53,0,53,0
2020-12-04,Amador,005,37829,1184,766,3,769,16
2020-12-04,Butte,007,227075,4978,4336,303,4639,65
2020-12-04,Calaveras,009,45235,652,585,0,585,21
2020-12-04,Colusa,011,21464,931,790,17,807,6
2020-12-04,Contra Costa,013,1133247,28556,25705,216,25921,264
2020-12-04,Del Norte,015,27424,469,401,0,401,2
2020-12-04,El Dorado,017,186661,3757,2933,55,2988,7
2020-12-04,Fresno,019,978130,48519,40108,2054,42162,522
2020-12-04,Glenn,021,27897,1163,1017,82,1099,8
2020-12-04,Humboldt,023,135768,1168,960,4,964,9
2020-12-04,Imperial,025,180216,18232,16484,210,16694,362
2020-12-04,Inyo,027,18085,364,324,6,330,15
2020-12-04,Kern,029,883053,47299,42497,2087,44584,485
2020-12-04,Kings,031,150075,13035,11767,281,12048,88
2020-12-04,Lake,033,64148,1202,1018,0,1018,20
2020-12-04,Lassen,035,31185,2794,2167,10,2177,0
2020-12-04,Los Angeles,037,10098052,472414,424164,8566,432730,7845
2020-12-04,Madera,039,155013,7534,6479,213,6692,58
2020-12-04,Marin,041,260295,8242,7896,43,7939,136
2020-12-04,Mariposa,043,17540,170,136,2,138,2
2020-12-04,Mendocino,045,87422,1760,1563,13,1576,23
2020-12-04,Merced,047,269075,13763,12474,169,12643,177
2020-12-04,Modoc,049,8938,153,115,28,143,0
2020-12-04,Mono,051,14174,648,549,10,559,3
2020-12-04,Monterey,053,433212,18697,16737,370,17107,127
2020-12-04,Napa,055,140530,4041,3432,21,3453,19
2020-12-04,Nevada,057,99092,1953,1560,48,1608,10
2020-12-04,Orange,059,3164182,96890,83738,2998,86736,1597
2020-12-04,Placer,061,380077,9477,7461,230,7691,76
2020-12-04,Plumas,063,18699,298,232,0,232,0
2020-12-04,Riverside,065,2383286,112810,95255,3064,98319,1475
2020-12-04,Sacramento,067,1510023,45803,41061,202,41263,618
2020-12-04,San Benito,069,59416,2286,2006,15,2021,17
2020-12-04,San Bernardino,071,2135413,122292,102418,2481,104899,1290
2020-12-04,San Diego,073,3302833,98837,88183,3980,92163,1047
2020-12-04,San Francisco,075,870044,17697,16499,133,16632,161
2020-12-04,San Joaquin,077,732212,31571,27806,703,28509,522
2020-12-04,San Luis Obispo,079,281455,7407,6473,126,6599,42
2020-12-04,San Mateo,081,765935,17255,15112,18,15130,173
2020-12-04,Santa Barbara,083,443738,13144,11947,255,12202,141
2020-12-04,Santa Clara,085,1922200,44971,37465,123,37588,468
2020-12-04,Santa Cruz,087,273765,5808,4985,89,5074,32
2020-12-04,Shasta,089,179085,6490,5439,330,5769,49
2020-12-04,Sierra,091,2930,19,17,0,17,0
2020-12-04,Siskiyou,093,43540,784,639,56,695,2
2020-12-04,Solano,095,438530,12419,11037,99,11136,87
2020-12-04,Sonoma,097,501317,14273,12962,85,13047,164
2020-12-04,Stanislaus,099,539301,25539,23206,1796,25002,448
2020-12-04,Sutter,101,95872,4530,3791,14,3805,20
2020-12-04,Tehama,103,63373,2124,1876,104,1980,9
2020-12-04,Trinity,105,12862,325,172,39,211,0
2020-12-04,Tulare,107,460477,24743,22273,2052,24325,322
2020-12-04,Tuolumne,109,53932,1390,1134,7,1141,7
2020-12-04,Ventura,111,848112,25188,22024,786,22810,189
2020-12-04,Yolo,113,214977,5955,5294,21,5315,87
2020-12-04,Yuba,115,75493,2586,2225,19,2244,10
2020-12-03,Alameda,001,1643700,35099,31184,449,31633,465
2020-12-03,Alpine,003,1148,57,53,0,53,0
2020-12-03,Amador,005,37829,1133,653,3,656,16
2020-12-03,Butte,007,227075,4882,4305,284,4589,65
2020-12-03,Calaveras,009,45235,633,572,0,572,21
2020-12-03,Colusa,011,21464,918,774,17,791,6
2020-12-03,Contra Costa,013,1133247,28055,25464,209,25673,265
2020-12-03,Del Norte,015,27424,465,388,0,388,2
2020-12-03,El Dorado,017,186661,3631,2740,53,2793,6
2020-12-03,Fresno,019,978130,47766,39680,1982,41662,516
2020-12-03,Glenn,021,27897,1145,997,74,1071,8
2020-12-03,Humboldt,023,135768,1138,923,4,927,9
2020-12-03,Imperial,025,180216,18026,16436,199,16635,359
2020-12-03,Inyo,027,18085,361,321,6,327,15
2020-12-03,Kern,029,883053,46452,42062,1986,44048,483
2020-12-03,Kings,031,150075,12935,11658,269,11927,87
2020-12-03,Lake,033,64148,1187,991,0,991,20
2020-12-03,Lassen,035,31185,2754,2128,9,2137,0
2020-12-03,Los Angeles,037,10098052,462320,415805,8202,424007,7787
2020-12-03,Madera,039,155013,7411,6398,208,6606,58
2020-12-03,Marin,041,260295,8182,7861,39,7900,136
2020-12-03,Mariposa,043,17540,166,132,2,134,2
2020-12-03,Mendocino,045,87422,1743,1547,10,1557,23
2020-12-03,Merced,047,269075,13518,12310,161,12471,177
2020-12-03,Modoc,049,8938,151,114,28,142,0
2020-12-03,Mono,051,14174,626,527,10,537,3
2020-12-03,Monterey,053,433212,18235,16218,359,16577,125
2020-12-03,Napa,055,140530,3928,3360,21,3381,19
2020-12-03,Nevada,057,99092,1875,1472,47,1519,10
2020-12-03,Orange,059,3164182,94357,82187,2928,85115,1591
2020-12-03,Placer,061,380077,9275,7270,214,7484,73
2020-12-03,Plumas,063,18699,284,223,0,223,0
2020-12-03,Riverside,065,2383286,110047,92489,2902,95391,1461
2020-12-03,Sacramento,067,1510023,44743,40280,187,40467,614
2020-12-03,San Benito,069,59416,2240,1967,15,1982,16
2020-12-03,San Bernardino,071,2135413,118969,100787,2397,103184,1283
2020-12-03,San Diego,073,3302833,97022,86144,3862,90006,1040
2020-12-03,San Francisco,075,870044,17475,16236,132,16368,161
2020-12-03,San Joaquin,077,732212,30848,27239,656,27895,522
2020-12-03,San Luis Obispo,079,281455,7239,6388,125,6513,42
2020-12-03,San Mateo,081,765935,16902,14909,18,14927,173
2020-12-03,Santa Barbara,083,443738,13016,11829,249,12078,141
2020-12-03,Santa Clara,085,1922200,43775,36621,117,36738,465
2020-12-03,Santa Cruz,087,273765,5665,4850,85,4935,28
2020-12-03,Shasta,089,179085,6381,5330,323,5653,48
2020-12-03,Sierra,091,2930,19,17,0,17,0
2020-12-03,Siskiyou,093,43540,769,629,53,682,2
2020-12-03,Solano,095,438530,12205,10857,96,10953,87
2020-12-03,Sonoma,097,501317,14030,12772,84,12856,164
2020-12-03,Stanislaus,099,539301,25130,22821,1747,24568,447
2020-12-03,Sutter,101,95872,4447,3727,14,3741,20
2020-12-03,Tehama,103,63373,2071,1832,95,1927,9
2020-12-03,Trinity,105,12862,322,166,39,205,0
2020-12-03,Tulare,107,460477,24344,21993,1959,23952,321
2020-12-03,Tuolumne,109,53932,1348,1105,7,1112,7
2020-12-03,Ventura,111,848112,24485,21555,773,22328,187
2020-12-03,Yolo,113,214977,5817,5069,21,5090,87
2020-12-03,Yuba,115,75493,2516,2182,18,2200,10
2020-12-02,Alameda,001,1643700,34474,30697,439,31136,463
2020-12-02,Alpine,003,1148,56,52,0,52,0
2020-12-02,Amador,005,37829,1061,585,3,588,16
2020-12-02,Butte,007,227075,4759,4243,274,4517,65
2020-12-02,Calaveras,009,45235,617,553,0,553,21
2020-12-02,Colusa,011,21464,902,756,16,772,6
2020-12-02,Contra Costa,013,1133247,27595,25147,197,25344,264
2020-12-02,Del Norte,015,27424,451,384,0,384,2
2020-12-02,El Dorado,017,186661,3529,2638,49,2687,5
2020-12-02,Fresno,019,978130,47008,39324,1882,41206,507
2020-12-02,Glenn,021,27897,1128,995,66,1061,7
2020-12-02,Humboldt,023,135768,1112,899,4,903,9
2020-12-02,Imperial,025,180216,17602,16360,191,16551,356
2020-12-02,Inyo,027,18085,354,314,6,320,15
2020-12-02,Kern,029,883053,45555,41660,1889,43549,479
2020-12-02,Kings,031,150075,12582,11531,255,11786,86
2020-12-02,Lake,033,64148,1157,971,0,971,20
2020-12-02,Lassen,035,31185,2695,2115,9,2124,0
2020-12-02,Los Angeles,037,10098052,452275,408289,7865,416154,7739
2020-12-02,Madera,039,155013,7287,6370,202,6572,57
2020-12-02,Marin,041,260295,8135,7819,37,7856,136
2020-12-02,Mariposa,043,17540,163,131,2,133,2
2020-12-02,Mendocino,045,87422,1710,1524,10,1534,23
2020-12-02,Merced,047,269075,13275,12168,154,12322,173
2020-12-02,Modoc,049,8938,148,113,28,141,0
2020-12-02,Mono,051,14174,617,520,10,530,3
2020-12-02,Monterey,053,433212,17755,16064,320,16384,121
2020-12-02,Napa,055,140530,3825,3298,20,3318,19
2020-12-02,Nevada,057,99092,1813,1430,46,1476,9
2020-12-02,Orange,059,3164182,92161,81046,2848,83894,1569
2020-12-02,Placer,061,380077,9043,6941,200,7141,73
2020-12-02,Plumas,063,18699,271,218,0,218,0
2020-12-02,Riverside,065,2383286,107327,90089,2721,92810,1451
2020-12-02,Sacramento,067,1510023,43703,39334,176,39510,597
2020-12-02,San Benito,069,59416,2175,1921,15,1936,16
2020-12-02,San Bernardino,071,2135413,115402,98567,2289,100856,1240
2020-12-02,San Diego,073,3302833,95106,84640,3747,88387,1035
2020-12-02,San Francisco,075,870044,17239,16058,130,16188,157
2020-12-02,San Joaquin,077,732212,30227,26740,632,27372,519
2020-12-02,San Luis Obispo,079,281455,7141,6324,123,6447,42
2020-12-02,San Mateo,081,765935,16539,14757,17,14774,170
2020-12-02,Santa Barbara,083,443738,12865,11705,237,11942,140
2020-12-02,Santa Clara,085,1922200,42661,35878,117,35995,458
2020-12-02,Santa Cruz,087,273765,5533,4766,82,4848,27
2020-12-02,Shasta,089,179085,6257,5188,306,5494,47
2020-12-02,Sierra,091,2930,19,17,0,17,0
2020-12-02,Siskiyou,093,43540,753,624,51,675,1
2020-12-02,Solano,095,438530,11959,10701,92,10793,87
2020-12-02,Sonoma,097,501317,13790,12635,83,12718,163
2020-12-02,Stanislaus,099,539301,24629,22615,1692,24307,448
2020-12-02,Sutter,101,95872,4286,3604,14,3618,18
2020-12-02,Tehama,103,63373,2027,1800,80,1880,9
2020-12-02,Trinity,105,12862,312,165,38,203,0
2020-12-02,Tulare,107,460477,23964,21789,1878,23667,321
2020-12-02,Tuolumne,109,53932,1307,1076,7,1083,7
2020-12-02,Ventura,111,848112,24074,21208,755,21963,186
2020-12-02,Yolo,113,214977,5706,5053,20,5073,87
2020-12-02,Yuba,115,75493,2439,2119,17,2136,10
2020-12-01,Alameda,001,1643700,33785,30252,429,30681,460
2020-12-01,Alpine,003,1148,56,41,0,41,0
2020-12-01,Amador,005,37829,914,575,2,577,16
2020-12-01,Butte,007,227075,4653,4177,260,4437,65
2020-12-01,Calaveras,009,45235,599,544,0,544,21
2020-12-01,Colusa,011,21464,885,747,16,763,6
2020-12-01,Contra Costa,013,1133247,27023,24788,189,24977,264
2020-12-01,Del Norte,015,27424,423,357,0,357,2
2020-12-01,El Dorado,017,186661,3384,2542,44,2586,4
2020-12-01,Fresno,019,978130,46106,39004,1804,40808,505
2020-12-01,Glenn,021,27897,1107,989,62,1051,7
2020-12-01,Humboldt,023,135768,1081,886,4,890,9
2020-12-01,Imperial,025,180216,17289,16278,187,16465,356
2020-12-01,Inyo,027,18085,347,304,6,310,15
2020-12-01,Kern,029,883053,44752,41345,1758,43103,478
2020-12-01,Kings,031,150075,12267,11415,241,11656,86
2020-12-01,Lake,033,64148,1139,969,0,969,19
2020-12-01,Lassen,035,31185,2529,2047,8,2055,0
2020-12-01,Los Angeles,037,10098052,441915,403266,7537,410803,7704
2020-12-01,Madera,039,155013,7170,6270,192,6462,57
2020-12-01,Marin,041,260295,8065,7787,36,7823,136
2020-12-01,Mariposa,043,17540,158,128,2,130,2
2020-12-01,Mendocino,045,87422,1676,1497,10,1507,23
2020-12-01,Merced,047,269075,13032,12032,145,12177,172
2020-12-01,Modoc,049,8938,143,113,24,137,0
2020-12-01,Mono,051,14174,604,520,10,530,3
2020-12-01,Monterey,053,433212,17248,15835,309,16144,121
2020-12-01,Napa,055,140530,3741,3124,19,3143,19
2020-12-01,Nevada,057,99092,1751,1411,45,1456,9
2020-12-01,Orange,059,3164182,90063,79468,2760,82228,1567
2020-12-01,Placer,061,380077,8719,6794,193,6987,72
2020-12-01,Plumas,063,18699,259,201,0,201,0
2020-12-01,Riverside,065,2383286,104519,88530,2559,91089,1448
2020-12-01,Sacramento,067,1510023,42655,38966,171,39137,589
2020-12-01,San Benito,069,59416,2120,1888,15,1903,15
2020-12-01,San Bernardino,071,2135413,111930,95854,2165,98019,1220
2020-12-01,San Diego,073,3302833,92849,83423,3637,87060,1019
2020-12-01,San Francisco,075,870044,16958,15797,126,15923,157
2020-12-01,San Joaquin,077,732212,29427,26432,610,27042,514
2020-12-01,San Luis Obispo,079,281455,7001,6264,118,6382,40
2020-12-01,San Mateo,081,765935,16214,14495,17,14512,170
2020-12-01,Santa Barbara,083,443738,12726,11611,227,11838,140
2020-12-01,Santa Clara,085,1922200,41404,35397,111,35508,452
2020-12-01,Santa Cruz,087,273765,5375,4638,74,4712,27
2020-12-01,Shasta,089,179085,6129,5077,286,5363,47
2020-12-01,Sierra,091,2930,19,17,0,17,0
2020-12-01,Siskiyou,093,43540,739,608,47,655,1
2020-12-01,Solano,095,438530,11699,10604,87,10691,87
2020-12-01,Sonoma,097,501317,13585,12491,80,12571,163
2020-12-01,Stanislaus,099,539301,24172,22351,1635,23986,447
2020-12-01,Sutter,101,95872,4145,3538,14,3552,17
2020-12-01,Tehama,103,63373,1965,1773,70,1843,9
2020-12-01,Trinity,105,12862,298,165,32,197,0
2020-12-01,Tulare,107,460477,23509,21645,1808,23453,319
2020-12-01,Tuolumne,109,53932,1271,1052,5,1057,7
2020-12-01,Ventura,111,848112,23461,20604,733,21337,186
2020-12-01,Yolo,113,214977,5565,4928,20,4948,86
2020-12-01,Yuba,115,75493,2373,2088,16,2104,10
2020-11-30,Alameda,001,1643700,32969,29972,411,30383,457
2020-11-30,Alpine,003,1148,54,41,0,41,0
2020-11-30,Amador,005,37829,873,559,2,561,16
2020-11-30,Butte,007,227075,4536,4148,244,4392,65
2020-11-30,Calaveras,009,45235,577,478,0,478,21
2020-11-30,Colusa,011,21464,858,737,12,749,6
2020-11-30,Contra Costa,013,1133247,26442,24365,185,24550,264
2020-11-30,Del Norte,015,27424,400,339,0,339,2
2020-11-30,El Dorado,017,186661,3210,2488,39,2527,4
2020-11-30,Fresno,019,978130,44995,38712,1690,40402,500
2020-11-30,Glenn,021,27897,1084,954,57,1011,5
2020-11-30,Humboldt,023,135768,1034,870,4,874,9
2020-11-30,Imperial,025,180216,17036,16212,166,16378,356
2020-11-30,Inyo,027,18085,342,304,5,309,15
2020-11-30,Kern,029,883053,43989,40941,1622,42563,473
2020-11-30,Kings,031,150075,12119,11346,226,11572,85
2020-11-30,Lake,033,64148,1108,939,0,939,18
2020-11-30,Lassen,035,31185,2436,1793,8,1801,0
2020-11-30,Los Angeles,037,10098052,431256,396202,7205,403407,7658
2020-11-30,Madera,039,155013,7004,6210,178,6388,57
2020-11-30,Marin,041,260295,8022,7764,35,7799,136
2020-11-30,Mariposa,043,17540,151,123,2,125,2
2020-11-30,Mendocino,045,87422,1648,1482,10,1492,23
2020-11-30,Merced,047,269075,12757,11913,134,12047,172
2020-11-30,Modoc,049,8938,133,113,24,137,0
2020-11-30,Mono,051,14174,582,519,10,529,3
2020-11-30,Monterey,053,433212,16817,15837,301,16138,119
2020-11-30,Napa,055,140530,3641,3091,19,3110,18
2020-11-30,Nevada,057,99092,1665,1347,42,1389,9
2020-11-30,Orange,059,3164182,87951,78711,2664,81375,1568
2020-11-30,Placer,061,380077,8424,6575,180,6755,72
2020-11-30,Plumas,063,18699,248,192,0,192,0
2020-11-30,Riverside,065,2383286,101525,87722,2412,90134,1446
2020-11-30,Sacramento,067,1510023,41575,37834,162,37996,586
2020-11-30,San Benito,069,59416,2073,1875,14,1889,15
2020-11-30,San Bernardino,071,2135413,108202,92704,2053,94757,1220
2020-11-30,San Diego,073,3302833,90487,82045,3510,85555,997
2020-11-30,San Francisco,075,870044,16658,15638,123,15761,157
2020-11-30,San Joaquin,077,732212,28720,25742,584,26326,509
2020-11-30,San Luis Obispo,079,281455,6866,6224,116,6340,36
2020-11-30,San Mateo,081,765935,15854,14276,17,14293,170
2020-11-30,Santa Barbara,083,443738,12548,11572,219,11791,140
2020-11-30,Santa Clara,085,1922200,40196,35019,110,35129,451
2020-11-30,Santa Cruz,087,273765,5237,4558,70,4628,26
2020-11-30,Shasta,089,179085,5985,4933,257,5190,44
2020-11-30,Sierra,091,2930,19,16,0,16,0
2020-11-30,Siskiyou,093,43540,730,605,43,648,1
2020-11-30,Solano,095,438530,11437,10392,82,10474,87
2020-11-30,Sonoma,097,501317,13340,12232,76,12308,163
2020-11-30,Stanislaus,099,539301,23710,22110,1591,23701,446
2020-11-30,Sutter,101,95872,3988,3430,13,3443,16
2020-11-30,Tehama,103,63373,1917,1724,64,1788,9
2020-11-30,Trinity,105,12862,292,162,32,194,0
2020-11-30,Tulare,107,460477,23122,20833,1713,22546,319
2020-11-30,Tuolumne,109,53932,1226,1027,5,1032,7
2020-11-30,Ventura,111,848112,22705,20308,717,21025,180
2020-11-30,Yolo,113,214977,5453,4894,20,4914,81
2020-11-30,Yuba,115,75493,2312,2028,14,2042,10
2020-11-29,Alameda,001,1643700,32184,29918,389,30307,457
2020-11-29,Alpine,003,1148,51,41,0,41,0
2020-11-29,Amador,005,37829,722,548,2,550,16
2020-11-29,Butte,007,227075,4434,4008,227,4235,65
2020-11-29,Calaveras,009,45235,545,478,0,478,21
2020-11-29,Colusa,011,21464,829,723,8,731,6
2020-11-29,Contra Costa,013,1133247,25939,24165,179,24344,264
2020-11-29,Del Norte,015,27424,394,339,0,339,2
2020-11-29,El Dorado,017,186661,3079,2447,38,2485,4
2020-11-29,Fresno,019,978130,44042,38568,1618,40186,500
2020-11-29,Glenn,021,27897,1061,951,55,1006,4
2020-11-29,Humboldt,023,135768,1005,856,4,860,9
2020-11-29,Imperial,025,180216,16807,16138,138,16276,356
2020-11-29,Inyo,027,18085,327,289,5,294,15
2020-11-29,Kern,029,883053,43226,40596,1474,42070,473
2020-11-29,Kings,031,150075,11969,11247,208,11455,85
2020-11-29,Lake,033,64148,1084,927,0,927,18
2020-11-29,Lassen,035,31185,2333,1793,8,1801,0
2020-11-29,Los Angeles,037,10098052,420866,391162,6906,398068,7642
2020-11-29,Madera,039,155013,6861,6184,172,6356,57
2020-11-29,Marin,041,260295,7956,7739,33,7772,135
2020-11-29,Mariposa,043,17540,147,123,2,125,2
2020-11-29,Mendocino,045,87422,1614,1473,10,1483,23
2020-11-29,Merced,047,269075,12518,11773,125,11898,172
2020-11-29,Modoc,049,8938,129,105,22,127,0
2020-11-29,Mono,051,14174,559,515,9,524,3
2020-11-29,Monterey,053,433212,16505,15621,294,15915,119
2020-11-29,Napa,055,140530,3536,3090,18,3108,18
2020-11-29,Nevada,057,99092,1584,1311,40,1351,9
2020-11-29,Orange,059,3164182,85932,78057,2617,80674,1567
2020-11-29,Placer,061,380077,8126,6535,168,6703,72
2020-11-29,Plumas,063,18699,243,191,0,191,0
2020-11-29,Riverside,065,2383286,99132,87383,2259,89642,1442
2020-11-29,Sacramento,067,1510023,40496,37415,153,37568,585
2020-11-29,San Benito,069,59416,2029,1860,14,1874,15
2020-11-29,San Bernardino,071,2135413,104853,92052,1937,93989,1223
2020-11-29,San Diego,073,3302833,88076,81086,3357,84443,997
2020-11-29,San Francisco,075,870044,16377,15571,116,15687,153
2020-11-29,San Joaquin,077,732212,27978,25740,578,26318,509
2020-11-29,San Luis Obispo,079,281455,6744,6145,116,6261,36
2020-11-29,San Mateo,081,765935,15521,14177,17,14194,169
2020-11-29,Santa Barbara,083,443738,12392,11520,215,11735,140
2020-11-29,Santa Clara,085,1922200,38990,34234,104,34338,451
2020-11-29,Santa Cruz,087,273765,5078,4490,68,4558,26
2020-11-29,Shasta,089,179085,5810,4935,229,5164,43
2020-11-29,Sierra,091,2930,19,16,0,16,0
2020-11-29,Siskiyou,093,43540,707,590,41,631,1
2020-11-29,Solano,095,438530,11205,10393,78,10471,87
2020-11-29,Sonoma,097,501317,13088,12052,72,12124,163
2020-11-29,Stanislaus,099,539301,23214,21701,1555,23256,446
2020-11-29,Sutter,101,95872,3870,3297,13,3310,16
2020-11-29,Tehama,103,63373,1866,1710,48,1758,9
2020-11-29,Trinity,105,12862,289,159,30,189,0
2020-11-29,Tulare,107,460477,22753,20793,1637,22430,319
2020-11-29,Tuolumne,109,53932,1190,988,5,993,7
2020-11-29,Ventura,111,848112,22020,19952,704,20656,179
2020-11-29,Yolo,113,214977,5315,4830,19,4849,80
2020-11-29,Yuba,115,75493,2256,1959,14,1973,10
2020-11-28,Alameda,001,1643700,31874,29368,384,29752,456
2020-11-28,Alpine,003,1148,51,41,0,41,0
2020-11-28,Amador,005,37829,645,536,2,538,16
2020-11-28,Butte,007,227075,4376,3894,223,4117,65
2020-11-28,Calaveras,009,45235,541,478,0,478,21
2020-11-28,Colusa,011,21464,820,711,6,717,6
2020-11-28,Contra Costa,013,1133247,25606,23798,175,23973,264
2020-11-28,Del Norte,015,27424,384,328,0,328,2
2020-11-28,El Dorado,017,186661,3011,2415,32,2447,4
2020-11-28,Fresno,019,978130,43694,38288,1579,39867,500
2020-11-28,Glenn,021,27897,1050,925,51,976,4
2020-11-28,Humboldt,023,135768,970,844,4,848,9
2020-11-28,Imperial,025,180216,16742,16019,136,16155,356
2020-11-28,Inyo,027,18085,319,289,5,294,15
2020-11-28,Kern,029,883053,42863,40255,1386,41641,473
2020-11-28,Kings,031,150075,11904,11070,201,11271,85
2020-11-28,Lake,033,64148,1069,920,0,920,18
2020-11-28,Lassen,035,31185,2266,1714,8,1722,0
2020-11-28,Los Angeles,037,10098052,415950,386194,6750,392944,7625
2020-11-28,Madera,039,155013,6759,6119,165,6284,57
2020-11-28,Marin,041,260295,7926,7696,29,7725,135
2020-11-28,Mariposa,043,17540,144,120,2,122,2
2020-11-28,Mendocino,045,87422,1583,1458,10,1468,22
2020-11-28,Merced,047,269075,12420,11688,119,11807,172
2020-11-28,Modoc,049,8938,126,103,22,125,0
2020-11-28,Mono,051,14174,553,505,9,514,3
2020-11-28,Monterey,053,433212,16339,15328,290,15618,118
2020-11-28,Napa,055,140530,3484,3033,18,3051,18
2020-11-28,Nevada,057,99092,1556,1272,38,1310,9
2020-11-28,Orange,059,3164182,84835,76882,2570,79452,1568
2020-11-28,Placer,061,380077,7965,6497,165,6662,70
2020-11-28,Plumas,063,18699,236,188,0,188,0
2020-11-28,Riverside,065,2383286,97722,86854,2157,89011,1440
2020-11-28,Sacramento,067,1510023,39917,36905,149,37054,580
2020-11-28,San Benito,069,59416,1982,1835,14,1849,15
2020-11-28,San Bernardino,071,2135413,103454,91183,1839,93022,1224
2020-11-28,San Diego,073,3302833,86822,80020,3273,83293,997
2020-11-28,San Francisco,075,870044,16201,15450,108,15558,153
2020-11-28,San Joaquin,077,732212,27779,25742,563,26305,509
2020-11-28,San Luis Obispo,079,281455,6674,6106,112,6218,36
2020-11-28,San Mateo,081,765935,15330,14040,17,14057,169
2020-11-28,Santa Barbara,083,443738,12290,11481,210,11691,140
2020-11-28,Santa Clara,085,1922200,38246,33701,102,33803,449
2020-11-28,Santa Cruz,087,273765,5001,4426,68,4494,26
2020-11-28,Shasta,089,179085,5732,4882,222,5104,43
2020-11-28,Sierra,091,2930,19,16,0,16,0
2020-11-28,Siskiyou,093,43540,697,558,38,596,1
2020-11-28,Solano,095,438530,11086,10252,76,10328,87
2020-11-28,Sonoma,097,501317,12985,12008,63,12071,162
2020-11-28,Stanislaus,099,539301,22975,21574,1519,23093,446
2020-11-28,Sutter,101,95872,3786,3244,13,3257,15
2020-11-28,Tehama,103,63373,1850,1678,44,1722,9
2020-11-28,Trinity,105,12862,286,157,28,185,0
2020-11-28,Tulare,107,460477,22557,20701,1595,22296,319
2020-11-28,Tuolumne,109,53932,1168,976,5,981,7
2020-11-28,Ventura,111,848112,21722,19510,694,20204,179
2020-11-28,Yolo,113,214977,5241,4739,17,4756,80
2020-11-28,Yuba,115,75493,2203,1912,14,1926,10
2020-11-27,Alameda,001,1643700,31435,29064,373,29437,450
2020-11-27,Alpine,003,1148,51,41,0,41,0
2020-11-27,Amador,005,37829,598,498,1,499,16
2020-11-27,Butte,007,227075,4335,3894,217,4111,65
2020-11-27,Calaveras,009,45235,532,478,0,478,21
2020-11-27,Colusa,011,21464,803,694,4,698,6
2020-11-27,Contra Costa,013,1133247,25346,23463,169,23632,264
2020-11-27,Del Norte,015,27424,378,307,0,307,2
2020-11-27,El Dorado,017,186661,2940,2238,29,2267,4
2020-11-27,Fresno,019,978130,43288,37994,1521,39515,500
2020-11-27,Glenn,021,27897,1037,891,46,937,4
2020-11-27,Humboldt,023,135768,951,795,3,798,9
2020-11-27,Imperial,025,180216,16674,15960,127,16087,356
2020-11-27,Inyo,027,18085,313,289,5,294,15
2020-11-27,Kern,029,883053,42439,39707,1316,41023,473
2020-11-27,Kings,031,150075,11818,10667,183,10850,85
2020-11-27,Lake,033,64148,1033,909,0,909,18
2020-11-27,Lassen,035,31185,2254,1714,8,1722,0
2020-11-27,Los Angeles,037,10098052,409443,382740,6594,389334,7606
2020-11-27,Madera,039,155013,6687,6050,159,6209,57
2020-11-27,Marin,041,260295,7883,7660,29,7689,135
2020-11-27,Mariposa,043,17540,142,118,2,120,2
2020-11-27,Mendocino,045,87422,1569,1387,9,1396,22
2020-11-27,Merced,047,269075,12314,11550,112,11662,172
2020-11-27,Modoc,049,8938,125,100,22,122,0
2020-11-27,Mono,051,14174,549,498,9,507,3
2020-11-27,Monterey,053,433212,16171,14753,290,15043,113
2020-11-27,Napa,055,140530,3444,2988,18,3006,18
2020-11-27,Nevada,057,99092,1526,1184,36,1220,9
2020-11-27,Orange,059,3164182,83545,75151,2531,77682,1568
2020-11-27,Placer,061,380077,7804,6283,155,6438,68
2020-11-27,Plumas,063,18699,233,188,0,188,0
2020-11-27,Riverside,065,2383286,96111,85769,2004,87773,1440
2020-11-27,Sacramento,067,1510023,39295,36579,144,36723,579
2020-11-27,San Benito,069,59416,1948,1805,13,1818,15
2020-11-27,San Bernardino,071,2135413,101944,90254,1758,92012,1224
2020-11-27,San Diego,073,3302833,85628,78161,3184,81345,996
2020-11-27,San Francisco,075,870044,16046,15377,106,15483,153
2020-11-27,San Joaquin,077,732212,27558,25741,543,26284,509
2020-11-27,San Luis Obispo,079,281455,6591,6039,109,6148,36
2020-11-27,San Mateo,081,765935,15127,13872,16,13888,169
2020-11-27,Santa Barbara,083,443738,12197,11340,207,11547,140
2020-11-27,Santa Clara,085,1922200,37571,32935,95,33030,449
2020-11-27,Santa Cruz,087,273765,4930,4358,66,4424,26
2020-11-27,Shasta,089,179085,5655,4710,209,4919,43
2020-11-27,Sierra,091,2930,18,16,0,16,0
2020-11-27,Siskiyou,093,43540,682,554,35,589,1
2020-11-27,Solano,095,438530,10967,10044,73,10117,87
2020-11-27,Sonoma,097,501317,12853,11924,61,11985,162
2020-11-27,Stanislaus,099,539301,22747,21185,1489,22674,446
2020-11-27,Sutter,101,95872,3719,3101,13,3114,15
2020-11-27,Tehama,103,63373,1822,1649,40,1689,9
2020-11-27,Trinity,105,12862,282,151,28,179,0
2020-11-27,Tulare,107,460477,22369,20634,1538,22172,319
2020-11-27,Tuolumne,109,53932,1136,881,5,886,7
2020-11-27,Ventura,111,848112,21398,19379,672,20051,179
2020-11-27,Yolo,113,214977,5192,4737,17,4754,79
2020-11-27,Yuba,115,75493,2174,1864,13,1877,10
2020-11-26,Alameda,001,1643700,31024,28797,354,29151,447
2020-11-26,Alpine,003,1148,51,41,0,41,0
2020-11-26,Amador,005,37829,590,488,1,489,16
2020-11-26,Butte,007,227075,4272,3894,211,4105,65
2020-11-26,Calaveras,009,45235,504,478,0,478,21
2020-11-26,Colusa,011,21464,789,694,4,698,6
2020-11-26,Contra Costa,013,1133247,25011,23468,163,23631,264
2020-11-26,Del Norte,015,27424,367,307,0,307,2
2020-11-26,El Dorado,017,186661,2859,2217,27,2244,4
2020-11-26,Fresno,019,978130,42881,37724,1476,39200,500
2020-11-26,Glenn,021,27897,1021,892,44,936,4
2020-11-26,Humboldt,023,135768,929,795,2,797,9
2020-11-26,Imperial,025,180216,16565,15722,123,15845,355
2020-11-26,Inyo,027,18085,312,289,5,294,15
2020-11-26,Kern,029,883053,41989,39123,1254,40377,471
2020-11-26,Kings,031,150075,11763,10475,171,10646,85
2020-11-26,Lake,033,64148,1020,890,0,890,18
2020-11-26,Lassen,035,31185,2239,1714,8,1722,0
2020-11-26,Los Angeles,037,10098052,404294,378340,6357,384697,7581
2020-11-26,Madera,039,155013,6612,6003,153,6156,57
2020-11-26,Marin,041,260295,7846,7610,29,7639,135
2020-11-26,Mariposa,043,17540,137,116,2,118,2
2020-11-26,Mendocino,045,87422,1555,1387,7,1394,22
2020-11-26,Merced,047,269075,12166,11440,110,11550,172
2020-11-26,Modoc,049,8938,123,100,22,122,0
2020-11-26,Mono,051,14174,541,485,9,494,2
2020-11-26,Monterey,053,433212,15934,14750,282,15032,113
2020-11-26,Napa,055,140530,3380,2988,18,3006,18
2020-11-26,Nevada,057,99092,1480,1184,36,1220,9
2020-11-26,Orange,059,3164182,82157,74264,2469,76733,1563
2020-11-26,Placer,061,380077,7642,6278,146,6424,68
2020-11-26,Plumas,063,18699,225,188,0,188,0
2020-11-26,Riverside,065,2383286,94507,85774,1880,87654,1440
2020-11-26,Sacramento,067,1510023,38653,35854,136,35990,580
2020-11-26,San Benito,069,59416,1921,1769,13,1782,15
2020-11-26,San Bernardino,071,2135413,100294,89727,1666,91393,1223
2020-11-26,San Diego,073,3302833,84018,76359,3080,79439,996
2020-11-26,San Francisco,075,870044,15909,15156,103,15259,153
2020-11-26,San Joaquin,077,732212,27302,25738,531,26269,509
2020-11-26,San Luis Obispo,079,281455,6498,5964,106,6070,36
2020-11-26,San Mateo,081,765935,14938,13715,15,13730,169
2020-11-26,Santa Barbara,083,443738,12116,11277,206,11483,139
2020-11-26,Santa Clara,085,1922200,36929,32411,87,32498,446
2020-11-26,Santa Cruz,087,273765,4799,4269,60,4329,26
2020-11-26,Shasta,089,179085,5573,4712,198,4910,43
2020-11-26,Sierra,091,2930,18,15,0,15,0
2020-11-26,Siskiyou,093,43540,672,526,34,560,1
2020-11-26,Solano,095,438530,10824,9941,71,10012,87
2020-11-26,Sonoma,097,501317,12705,11922,59,11981,162
2020-11-26,Stanislaus,099,539301,22515,21186,1448,22634,445
2020-11-26,Sutter,101,95872,3625,3101,12,3113,15
2020-11-26,Tehama,103,63373,1780,1612,37,1649,9
2020-11-26,Trinity,105,12862,278,139,28,167,0
2020-11-26,Tulare,107,460477,22130,20649,1474,22123,319
2020-11-26,Tuolumne,109,53932,1108,871,5,876,7
2020-11-26,Ventura,111,848112,20902,19058,658,19716,179
2020-11-26,Yolo,113,214977,5105,4566,17,4583,76
2020-11-26,Yuba,115,75493,2114,1865,11,1876,10
2020-11-25,Alameda,001,1643700,30808,28378,346,28724,447
2020-11-25,Alpine,003,1148,51,41,0,41,0
2020-11-25,Amador,005,37829,580,484,1,485,16
2020-11-25,Butte,007,227075,4241,3848,208,4056,64
2020-11-25,Calaveras,009,45235,501,475,0,475,21
2020-11-25,Colusa,011,21464,772,693,4,697,6
2020-11-25,Contra Costa,013,1133247,24856,23307,162,23469,263
2020-11-25,Del Norte,015,27424,366,304,0,304,2
2020-11-25,El Dorado,017,186661,2823,2154,27,2181,4
2020-11-25,Fresno,019,978130,42648,37349,1454,38803,494
2020-11-25,Glenn,021,27897,1004,891,42,933,4
2020-11-25,Humboldt,023,135768,921,777,2,779,9
2020-11-25,Imperial,025,180216,16495,15640,121,15761,355
2020-11-25,Inyo,027,18085,310,289,5,294,15
2020-11-25,Kern,029,883053,41833,38878,1235,40113,467
2020-11-25,Kings,031,150075,11728,10417,167,10584,85
2020-11-25,Lake,033,64148,1003,878,0,878,18
2020-11-25,Lassen,035,31185,2196,1701,8,1709,0
2020-11-25,Los Angeles,037,10098052,401266,373919,6253,380172,7545
2020-11-25,Madera,039,155013,6590,5989,150,6139,57
2020-11-25,Marin,041,260295,7819,7601,28,7629,135
2020-11-25,Mariposa,043,17540,136,114,2,116,2
2020-11-25,Mendocino,045,87422,1536,1373,7,1380,22
2020-11-25,Merced,047,269075,12108,11346,110,11456,172
2020-11-25,Modoc,049,8938,123,96,22,118,0
2020-11-25,Mono,051,14174,536,487,9,496,2
2020-11-25,Monterey,053,433212,15817,14695,280,14975,113
2020-11-25,Napa,055,140530,3347,2945,18,2963,17
2020-11-25,Nevada,057,99092,1462,1170,34,1204,9
2020-11-25,Orange,059,3164182,81403,73014,2449,75463,1551
2020-11-25,Placer,061,380077,7566,6221,145,6366,68
2020-11-25,Plumas,063,18699,220,183,0,183,0
2020-11-25,Riverside,065,2383286,93963,85077,1862,86939,1438
2020-11-25,Sacramento,067,1510023,38317,35687,133,35820,574
2020-11-25,San Benito,069,59416,1898,1764,13,1777,15
2020-11-25,San Bernardino,071,2135413,99454,88469,1638,90107,1225
2020-11-25,San Diego,073,3302833,83361,75307,3044,78351,988
2020-11-25,San Francisco,075,870044,15804,15053,101,15154,153
2020-11-25,San Joaquin,077,732212,27175,25556,519,26075,515
2020-11-25,San Luis Obispo,079,281455,6455,5913,105,6018,34
2020-11-25,San Mateo,081,765935,14823,13614,15,13629,170
2020-11-25,Santa Barbara,083,443738,12066,11183,206,11389,138
2020-11-25,Santa Clara,085,1922200,36482,32032,86,32118,442
2020-11-25,Santa Cruz,087,273765,4747,4202,59,4261,25
2020-11-25,Shasta,089,179085,5527,4588,191,4779,43
2020-11-25,Sierra,091,2930,18,15,0,15,0
2020-11-25,Siskiyou,093,43540,665,499,34,533,1
2020-11-25,Solano,095,438530,10719,9832,70,9902,87
2020-11-25,Sonoma,097,501317,12642,11775,58,11833,162
2020-11-25,Stanislaus,099,539301,22384,21022,1421,22443,445
2020-11-25,Sutter,101,95872,3581,3064,12,3076,14
2020-11-25,Tehama,103,63373,1768,1587,32,1619,9
2020-11-25,Trinity,105,12862,276,135,28,163,0
2020-11-25,Tulare,107,460477,22040,20528,1443,21971,318
2020-11-25,Tuolumne,109,53932,1091,842,5,847,7
2020-11-25,Ventura,111,848112,20807,18914,652,19566,179
2020-11-25,Yolo,113,214977,5069,4527,17,4544,76
2020-11-25,Yuba,115,75493,2088,1840,11,1851,10
2020-11-24,Alameda,001,1643700,30330,28030,335,28365,444
2020-11-24,Alpine,003,1148,51,41,0,41,0
2020-11-24,Amador,005,37829,555,470,1,471,16
2020-11-24,Butte,007,227075,4156,3798,200,3998,63
2020-11-24,Calaveras,009,45235,494,466,0,466,21
2020-11-24,Colusa,011,21464,754,682,4,686,6
2020-11-24,Contra Costa,013,1133247,24503,23072,156,23228,259
2020-11-24,Del Norte,015,27424,357,298,0,298,2
2020-11-24,El Dorado,017,186661,2718,2005,26,2031,4
2020-11-24,Fresno,019,978130,42245,37021,1377,38398,493
2020-11-24,Glenn,021,27897,986,883,38,921,4
2020-11-24,Humboldt,023,135768,902,774,2,776,9
2020-11-24,Imperial,025,180216,16392,15600,115,15715,355
2020-11-24,Inyo,027,18085,309,282,5,287,15
2020-11-24,Kern,029,883053,41359,38551,1157,39708,465
2020-11-24,Kings,031,150075,11461,10338,154,10492,85
2020-11-24,Lake,033,64148,987,872,0,872,18
2020-11-24,Lassen,035,31185,2173,1657,8,1665,0
2020-11-24,Los Angeles,037,10098052,394957,370008,6016,376024,7501
2020-11-24,Madera,039,155013,6505,5881,144,6025,57
2020-11-24,Marin,041,260295,7772,7591,28,7619,135
2020-11-24,Mariposa,043,17540,126,114,1,115,2
2020-11-24,Mendocino,045,87422,1514,1346,6,1352,22
2020-11-24,Merced,047,269075,11919,11268,105,11373,171
2020-11-24,Modoc,049,8938,119,91,22,113,0
2020-11-24,Mono,051,14174,532,483,9,492,2
2020-11-24,Monterey,053,433212,15556,14354,268,14622,113
2020-11-24,Napa,055,140530,3281,2904,18,2922,17
2020-11-24,Nevada,057,99092,1398,1156,32,1188,9
2020-11-24,Orange,059,3164182,79959,71975,2368,74343,1547
2020-11-24,Placer,061,380077,7385,6147,138,6285,67
2020-11-24,Plumas,063,18699,217,180,0,180,0
2020-11-24,Riverside,065,2383286,92204,83685,1733,85418,1420
2020-11-24,Sacramento,067,1510023,37637,35097,126,35223,568
2020-11-24,San Benito,069,59416,1866,1740,12,1752,15
2020-11-24,San Bernardino,071,2135413,97118,86645,1537,88182,1226
2020-11-24,San Diego,073,3302833,81951,74363,2973,77336,984
2020-11-24,San Francisco,075,870044,15609,14874,97,14971,153
2020-11-24,San Joaquin,077,732212,26859,25318,491,25809,517
2020-11-24,San Luis Obispo,079,281455,6392,5805,104,5909,34
2020-11-24,San Mateo,081,765935,14614,13558,14,13572,170
2020-11-24,Santa Barbara,083,443738,11960,11154,204,11358,138
2020-11-24,Santa Clara,085,1922200,35692,31564,82,31646,438
2020-11-24,Santa Cruz,087,273765,4634,4132,58,4190,25
2020-11-24,Shasta,089,179085,5427,4410,172,4582,43
2020-11-24,Sierra,091,2930,18,15,0,15,0
2020-11-24,Siskiyou,093,43540,647,473,31,504,1
2020-11-24,Solano,095,438530,10548,9716,69,9785,86
2020-11-24,Sonoma,097,501317,12462,11644,55,11699,162
2020-11-24,Stanislaus,099,539301,22142,20830,1378,22208,438
2020-11-24,Sutter,101,95872,3475,2974,12,2986,14
2020-11-24,Tehama,103,63373,1718,1565,27,1592,9
2020-11-24,Trinity,105,12862,269,129,27,156,0
2020-11-24,Tulare,107,460477,21791,20319,1378,21697,315
2020-11-24,Tuolumne,109,53932,1062,832,5,837,7
2020-11-24,Ventura,111,848112,20425,18637,642,19279,179
2020-11-24,Yolo,113,214977,4985,4420,17,4437,76
2020-11-24,Yuba,115,75493,2037,1804,9,1813,10
2020-11-23,Alameda,001,1643700,29916,27718,323,28041,444
2020-11-23,Alpine,003,1148,49,41,0,41,0
2020-11-23,Amador,005,37829,514,457,1,458,16
2020-11-23,Butte,007,227075,4092,3765,194,3959,61
2020-11-23,Calaveras,009,45235,477,434,0,434,21
2020-11-23,Colusa,011,21464,740,662,4,666,6
2020-11-23,Contra Costa,013,1133247,24231,22674,150,22824,260
2020-11-23,Del Norte,015,27424,335,296,0,296,2
2020-11-23,El Dorado,017,186661,2598,2005,25,2030,4
2020-11-23,Fresno,019,978130,41797,36688,1314,38002,488
2020-11-23,Glenn,021,27897,960,853,38,891,4
2020-11-23,Humboldt,023,135768,889,746,2,748,9
2020-11-23,Imperial,025,180216,16221,15104,109,15213,355
2020-11-23,Inyo,027,18085,301,279,5,284,15
2020-11-23,Kern,029,883053,40846,38245,1094,39339,463
2020-11-23,Kings,031,150075,11041,10204,147,10351,85
2020-11-23,Lake,033,64148,964,840,0,840,18
2020-11-23,Lassen,035,31185,2093,1271,7,1278,0
2020-11-23,Los Angeles,037,10098052,388866,366374,5767,372141,7447
2020-11-23,Madera,039,155013,6379,5787,140,5927,56
2020-11-23,Marin,041,260295,7730,7543,28,7571,135
2020-11-23,Mariposa,043,17540,125,97,1,98,2
2020-11-23,Mendocino,045,87422,1484,1330,6,1336,22
2020-11-23,Merced,047,269075,11731,11148,102,11250,169
2020-11-23,Modoc,049,8938,105,91,21,112,0
2020-11-23,Mono,051,14174,519,480,9,489,2
2020-11-23,Monterey,053,433212,15277,14265,262,14527,112
2020-11-23,Napa,055,140530,3215,2811,17,2828,17
2020-11-23,Nevada,057,99092,1309,1087,32,1119,9
2020-11-23,Orange,059,3164182,78557,71074,2322,73396,1546
2020-11-23,Placer,061,380077,7183,5999,137,6136,66
2020-11-23,Plumas,063,18699,213,172,0,172,0
2020-11-23,Riverside,065,2383286,90425,82175,1668,83843,1415
2020-11-23,Sacramento,067,1510023,37068,34141,119,34260,556
2020-11-23,San Benito,069,59416,1838,1729,11,1740,15
2020-11-23,San Bernardino,071,2135413,95011,84387,1474,85861,1224
2020-11-23,San Diego,073,3302833,80489,72817,2885,75702,968
2020-11-23,San Francisco,075,870044,15451,14646,95,14741,153
2020-11-23,San Joaquin,077,732212,26510,24622,487,25109,517
2020-11-23,San Luis Obispo,079,281455,6310,5772,102,5874,34
2020-11-23,San Mateo,081,765935,14422,13364,14,13378,170
2020-11-23,Santa Barbara,083,443738,11853,10944,200,11144,137
2020-11-23,Santa Clara,085,1922200,35041,31064,79,31143,435
2020-11-23,Santa Cruz,087,273765,4524,4003,54,4057,25
2020-11-23,Shasta,089,179085,5309,4100,160,4260,43
2020-11-23,Sierra,091,2930,17,15,0,15,0
2020-11-23,Siskiyou,093,43540,620,460,30,490,0
2020-11-23,Solano,095,438530,10391,9394,66,9460,86
2020-11-23,Sonoma,097,501317,12289,11507,51,11558,160
2020-11-23,Stanislaus,099,539301,21849,20487,1345,21832,436
2020-11-23,Sutter,101,95872,3338,2840,11,2851,14
2020-11-23,Tehama,103,63373,1670,1526,24,1550,9
2020-11-23,Trinity,105,12862,260,120,25,145,0
2020-11-23,Tulare,107,460477,21496,19818,1312,21130,315
2020-11-23,Tuolumne,109,53932,1022,774,5,779,7
2020-11-23,Ventura,111,848112,20049,18480,629,19109,179
2020-11-23,Yolo,113,214977,4905,4265,16,4281,75
2020-11-23,Yuba,115,75493,1970,1702,9,1711,10
2020-11-22,Alameda,001,1643700,29481,27472,312,27784,444
2020-11-22,Alpine,003,1148,46,41,0,41,0
2020-11-22,Amador,005,37829,502,450,1,451,16
2020-11-22,Butte,007,227075,4041,3712,187,3899,61
2020-11-22,Calaveras,009,45235,465,434,0,434,21
2020-11-22,Colusa,011,21464,722,642,3,645,6
2020-11-22,Contra Costa,013,1133247,23926,22407,145,22552,260
2020-11-22,Del Norte,015,27424,311,271,0,271,2
2020-11-22,El Dorado,017,186661,2488,1917,22,1939,4
2020-11-22,Fresno,019,978130,41315,36315,1259,37574,488
2020-11-22,Glenn,021,27897,938,832,34,866,4
2020-11-22,Humboldt,023,135768,873,729,2,731,9
2020-11-22,Imperial,025,180216,16016,15109,64,15173,355
2020-11-22,Inyo,027,18085,295,279,5,284,15
2020-11-22,Kern,029,883053,40267,37904,1060,38964,463
2020-11-22,Kings,031,150075,10940,10035,138,10173,85
2020-11-22,Lake,033,64148,942,834,0,834,18
2020-11-22,Lassen,035,31185,1928,1211,6,1217,0
2020-11-22,Los Angeles,037,10098052,382586,360341,5516,365857,7438
2020-11-22,Madera,039,155013,6299,5745,129,5874,56
2020-11-22,Marin,041,260295,7695,7506,27,7533,135
2020-11-22,Mariposa,043,17540,124,95,1,96,2
2020-11-22,Mendocino,045,87422,1460,1285,5,1290,22
2020-11-22,Merced,047,269075,11582,10939,102,11041,169
2020-11-22,Modoc,049,8938,104,87,19,106,0
2020-11-22,Mono,051,14174,504,481,9,490,2
2020-11-22,Monterey,053,433212,15035,13887,256,14143,111
2020-11-22,Napa,055,140530,3134,2778,17,2795,17
2020-11-22,Nevada,057,99092,1251,1052,32,1084,9
2020-11-22,Orange,059,3164182,77144,69913,2283,72196,1546
2020-11-22,Placer,061,380077,6956,5880,127,6007,66
2020-11-22,Plumas,063,18699,200,172,0,172,0
2020-11-22,Riverside,065,2383286,88830,81565,1607,83172,1409
2020-11-22,Sacramento,067,1510023,36336,33421,106,33527,555
2020-11-22,San Benito,069,59416,1809,1704,11,1715,15
2020-11-22,San Bernardino,071,2135413,92666,83505,1404,84909,1224
2020-11-22,San Diego,073,3302833,78752,71649,2810,74459,968
2020-11-22,San Francisco,075,870044,15280,14515,94,14609,153
2020-11-22,San Joaquin,077,732212,26211,24619,475,25094,517
2020-11-22,San Luis Obispo,079,281455,6208,5664,101,5765,34
2020-11-22,San Mateo,081,765935,14217,13228,14,13242,170
2020-11-22,Santa Barbara,083,443738,11718,10946,195,11141,137
2020-11-22,Santa Clara,085,1922200,34363,30633,77,30710,434
2020-11-22,Santa Cruz,087,273765,4442,3896,47,3943,25
2020-11-22,Shasta,089,179085,5151,4100,142,4242,43
2020-11-22,Sierra,091,2930,17,13,0,13,0
2020-11-22,Siskiyou,093,43540,588,411,30,441,0
2020-11-22,Solano,095,438530,10220,9363,62,9425,86
2020-11-22,Sonoma,097,501317,12131,11415,49,11464,159
2020-11-22,Stanislaus,099,539301,21522,20223,1315,21538,436
2020-11-22,Sutter,101,95872,3220,2677,11,2688,13
2020-11-22,Tehama,103,63373,1636,1457,19,1476,9
2020-11-22,Trinity,105,12862,254,114,25,139,0
2020-11-22,Tulare,107,460477,21245,19818,1242,21060,314
2020-11-22,Tuolumne,109,53932,996,689,5,694,7
2020-11-22,Ventura,111,848112,19688,18105,615,18720,179
2020-11-22,Yolo,113,214977,4804,4206,16,4222,75
2020-11-22,Yuba,115,75493,1917,1672,9,1681,10
2020-11-21,Alameda,001,1643700,29294,27424,310,27734,444
2020-11-21,Alpine,003,1148,46,41,0,41,0
2020-11-21,Amador,005,37829,488,450,1,451,16
2020-11-21,Butte,007,227075,3993,3664,184,3848,61
2020-11-21,Calaveras,009,45235,459,434,0,434,21
2020-11-21,Colusa,011,21464,713,642,3,645,6
2020-11-21,Contra Costa,013,1133247,23773,22338,143,22481,260
2020-11-21,Del Norte,015,27424,306,271,0,271,2
2020-11-21,El Dorado,017,186661,2439,1900,21,1921,4
2020-11-21,Fresno,019,978130,41059,35973,1225,37198,482
2020-11-21,Glenn,021,27897,933,829,32,861,4
2020-11-21,Humboldt,023,135768,863,728,2,730,9
2020-11-21,Imperial,025,180216,15939,15053,64,15117,355
2020-11-21,Inyo,027,18085,293,283,5,288,15
2020-11-21,Kern,029,883053,40011,37403,1025,38428,463
2020-11-21,Kings,031,150075,10892,10019,134,10153,85
2020-11-21,Lake,033,64148,929,832,0,832,18
2020-11-21,Lassen,035,31185,1860,1211,6,1217,0
2020-11-21,Los Angeles,037,10098052,379408,357754,5371,363125,7428
2020-11-21,Madera,039,155013,6262,5706,129,5835,56
2020-11-21,Marin,041,260295,7672,7488,26,7514,134
2020-11-21,Mariposa,043,17540,124,92,1,93,2
2020-11-21,Mendocino,045,87422,1429,1282,5,1287,22
2020-11-21,Merced,047,269075,11521,10849,101,10950,169
2020-11-21,Modoc,049,8938,100,87,18,105,0
2020-11-21,Mono,051,14174,499,469,9,478,2
2020-11-21,Monterey,053,433212,14937,13886,251,14137,110
2020-11-21,Napa,055,140530,3100,2757,17,2774,17
2020-11-21,Nevada,057,99092,1239,1018,31,1049,9
2020-11-21,Orange,059,3164182,76341,69021,2253,71274,1543
2020-11-21,Placer,061,380077,6843,5778,124,5902,65
2020-11-21,Plumas,063,18699,195,172,0,172,0
2020-11-21,Riverside,065,2383286,88053,80676,1561,82237,1407
2020-11-21,Sacramento,067,1510023,35941,33133,98,33231,548
2020-11-21,San Benito,069,59416,1790,1691,11,1702,15
2020-11-21,San Bernardino,071,2135413,91789,83206,1327,84533,1222
2020-11-21,San Diego,073,3302833,77973,70711,2755,73466,966
2020-11-21,San Francisco,075,870044,15177,14445,93,14538,153
2020-11-21,San Joaquin,077,732212,26078,24620,460,25080,517
2020-11-21,San Luis Obispo,079,281455,6155,5618,98,5716,34
2020-11-21,San Mateo,081,765935,14115,13138,14,13152,170
2020-11-21,Santa Barbara,083,443738,11667,10922,192,11114,137
2020-11-21,Santa Clara,085,1922200,33979,30377,74,30451,433
2020-11-21,Santa Cruz,087,273765,4385,3898,47,3945,25
2020-11-21,Shasta,089,179085,5078,4095,139,4234,42
2020-11-21,Sierra,091,2930,17,13,0,13,0
2020-11-21,Siskiyou,093,43540,572,403,30,433,0
2020-11-21,Solano,095,438530,10130,9290,59,9349,86
2020-11-21,Sonoma,097,501317,12056,11394,47,11441,158
2020-11-21,Stanislaus,099,539301,21379,20111,1290,21401,435
2020-11-21,Sutter,101,95872,3160,2615,10,2625,13
2020-11-21,Tehama,103,63373,1616,1435,18,1453,9
2020-11-21,Trinity,105,12862,251,110,24,134,0
2020-11-21,Tulare,107,460477,21119,19752,1208,20960,313
2020-11-21,Tuolumne,109,53932,977,690,5,695,7
2020-11-21,Ventura,111,848112,19524,18040,605,18645,177
2020-11-21,Yolo,113,214977,4729,4147,15,4162,75
2020-11-21,Yuba,115,75493,1885,1643,9,1652,10
2020-11-20,Alameda,001,1643700,29079,27221,303,27524,444
2020-11-20,Alpine,003,1148,46,20,0,20,0
2020-11-20,Amador,005,37829,484,446,1,447,16
2020-11-20,Butte,007,227075,3961,3618,180,3798,60
2020-11-20,Calaveras,009,45235,447,424,0,424,21
2020-11-20,Colusa,011,21464,705,631,2,633,6
2020-11-20,Contra Costa,013,1133247,23587,22116,139,22255,260
2020-11-20,Del Norte,015,27424,302,264,0,264,2
2020-11-20,El Dorado,017,186661,2343,1868,19,1887,4
2020-11-20,Fresno,019,978130,40765,35635,1195,36830,480
2020-11-20,Glenn,021,27897,921,826,30,856,4
2020-11-20,Humboldt,023,135768,854,714,1,715,9
2020-11-20,Imperial,025,180216,15877,14864,59,14923,353
2020-11-20,Inyo,027,18085,291,262,5,267,15
2020-11-20,Kern,029,883053,39718,37143,999,38142,462
2020-11-20,Kings,031,150075,10844,9903,133,10036,85
2020-11-20,Lake,033,64148,920,820,0,820,18
2020-11-20,Lassen,035,31185,1775,1212,5,1217,0
2020-11-20,Los Angeles,037,10098052,375526,353554,5207,358761,7398
2020-11-20,Madera,039,155013,6169,5635,128,5763,54
2020-11-20,Marin,041,260295,7648,7467,25,7492,134
2020-11-20,Mariposa,043,17540,116,89,1,90,2
2020-11-20,Mendocino,045,87422,1409,1269,5,1274,22
2020-11-20,Merced,047,269075,11435,10729,101,10830,167
2020-11-20,Modoc,049,8938,100,83,18,101,0
2020-11-20,Mono,051,14174,497,469,9,478,2
2020-11-20,Monterey,053,433212,14812,13738,242,13980,110
2020-11-20,Napa,055,140530,3070,2718,17,2735,17
2020-11-20,Nevada,057,99092,1221,990,30,1020,9
2020-11-20,Orange,059,3164182,75504,68212,2215,70427,1532
2020-11-20,Placer,061,380077,6708,5687,109,5796,66
2020-11-20,Plumas,063,18699,193,163,0,163,0
2020-11-20,Riverside,065,2383286,87042,79613,1498,81111,1405
2020-11-20,Sacramento,067,1510023,35565,32832,89,32921,549
2020-11-20,San Benito,069,59416,1778,1668,11,1679,15
2020-11-20,San Bernardino,071,2135413,90423,81203,1246,82449,1220
2020-11-20,San Diego,073,3302833,76975,69233,2673,71906,960
2020-11-20,San Francisco,075,870044,15073,14327,92,14419,153
2020-11-20,San Joaquin,077,732212,25925,24460,447,24907,515
2020-11-20,San Luis Obispo,079,281455,6100,5524,95,5619,34
2020-11-20,San Mateo,081,765935,13982,12980,13,12993,169
2020-11-20,Santa Barbara,083,443738,11611,10825,186,11011,136
2020-11-20,Santa Clara,085,1922200,33557,30002,69,30071,431
2020-11-20,Santa Cruz,087,273765,4319,3815,47,3862,25
2020-11-20,Shasta,089,179085,5004,3861,134,3995,42
2020-11-20,Sierra,091,2930,17,12,0,12,0
2020-11-20,Siskiyou,093,43540,559,387,29,416,0
2020-11-20,Solano,095,438530,10038,9216,57,9273,85
2020-11-20,Sonoma,097,501317,11972,11316,46,11362,158
2020-11-20,Stanislaus,099,539301,21224,19889,1264,21153,433
2020-11-20,Sutter,101,95872,3110,2580,10,2590,13
2020-11-20,Tehama,103,63373,1601,1410,15,1425,9
2020-11-20,Trinity,105,12862,250,102,24,126,0
2020-11-20,Tulare,107,460477,20986,19568,1169,20737,311
2020-11-20,Tuolumne,109,53932,938,662,5,667,7
2020-11-20,Ventura,111,848112,19356,17741,577,18318,175
2020-11-20,Yolo,113,214977,4651,4081,14,4095,74
2020-11-20,Yuba,115,75493,1857,1611,9,1620,10
2020-11-19,Alameda,001,1643700,28733,26971,295,27266,441
2020-11-19,Alpine,003,1148,43,20,0,20,0
2020-11-19,Amador,005,37829,480,436,1,437,16
2020-11-19,Butte,007,227075,3912,3576,173,3749,60
2020-11-19,Calaveras,009,45235,437,417,0,417,21
2020-11-19,Colusa,011,21464,687,621,2,623,6
2020-11-19,Contra Costa,013,1133247,23314,21886,136,22022,259
2020-11-19,Del Norte,015,27424,294,251,0,251,2
2020-11-19,El Dorado,017,186661,2269,1825,18,1843,4
2020-11-19,Fresno,019,978130,40315,35278,1138,36416,478
2020-11-19,Glenn,021,27897,899,806,29,835,4
2020-11-19,Humboldt,023,135768,834,693,1,694,9
2020-11-19,Imperial,025,180216,15668,14507,59,14566,349
2020-11-19,Inyo,027,18085,289,262,5,267,15
2020-11-19,Kern,029,883053,39297,36779,957,37736,459
2020-11-19,Kings,031,150075,10696,9763,125,9888,85
2020-11-19,Lake,033,64148,906,809,0,809,18
2020-11-19,Lassen,035,31185,1658,1201,3,1204,0
2020-11-19,Los Angeles,037,10098052,370506,349493,5037,354530,7365
2020-11-19,Madera,039,155013,6097,5540,120,5660,54
2020-11-19,Marin,041,260295,7617,7451,25,7476,134
2020-11-19,Mariposa,043,17540,109,88,0,88,2
2020-11-19,Mendocino,045,87422,1388,1237,5,1242,23
2020-11-19,Merced,047,269075,11294,10634,95,10729,167
2020-11-19,Modoc,049,8938,97,82,18,100,0
2020-11-19,Mono,051,14174,489,468,9,477,2
2020-11-19,Monterey,053,433212,14597,13369,230,13599,108
2020-11-19,Napa,055,140530,3016,2641,17,2658,17
2020-11-19,Nevada,057,99092,1180,945,29,974,9
2020-11-19,Orange,059,3164182,74241,66998,2170,69168,1530
2020-11-19,Placer,061,380077,6517,5612,108,5720,65
2020-11-19,Plumas,063,18699,188,158,0,158,0
2020-11-19,Riverside,065,2383286,85557,78535,1427,79962,1402
2020-11-19,Sacramento,067,1510023,35052,32367,87,32454,546
2020-11-19,San Benito,069,59416,1755,1643,11,1654,15
2020-11-19,San Bernardino,071,2135413,88528,79244,1166,80410,1215
2020-11-19,San Diego,073,3302833,75725,68142,2569,70711,952
2020-11-19,San Francisco,075,870044,14916,14178,86,14264,153
2020-11-19,San Joaquin,077,732212,25605,24270,436,24706,516
2020-11-19,San Luis Obispo,079,281455,6023,5410,91,5501,34
2020-11-19,San Mateo,081,765935,13844,12714,13,12727,169
2020-11-19,Santa Barbara,083,443738,11531,10741,183,10924,136
2020-11-19,Santa Clara,085,1922200,32999,29630,68,29698,424
2020-11-19,Santa Cruz,087,273765,4228,3679,45,3724,25
2020-11-19,Shasta,089,179085,4866,3685,124,3809,42
2020-11-19,Sierra,091,2930,17,11,0,11,0
2020-11-19,Siskiyou,093,43540,534,360,28,388,0
2020-11-19,Solano,095,438530,9901,9093,53,9146,84
2020-11-19,Sonoma,097,501317,11802,11205,44,11249,156
2020-11-19,Stanislaus,099,539301,20984,19736,1222,20958,433
2020-11-19,Sutter,101,95872,3011,2509,10,2519,13
2020-11-19,Tehama,103,63373,1568,1373,12,1385,9
2020-11-19,Trinity,105,12862,244,97,24,121,0
2020-11-19,Tulare,107,460477,20764,19384,1104,20488,304
2020-11-19,Tuolumne,109,53932,905,602,5,607,7
2020-11-19,Ventura,111,848112,19003,17300,564,17864,174
2020-11-19,Yolo,113,214977,4555,3973,14,3987,72
2020-11-19,Yuba,115,75493,1817,1568,9,1577,10
2020-11-18,Alameda,001,1643700,28471,26610,290,26900,440
2020-11-18,Alpine,003,1148,42,16,0,16,0
2020-11-18,Amador,005,37829,475,430,1,431,16
2020-11-18,Butte,007,227075,3859,3537,160,3697,59
2020-11-18,Calaveras,009,45235,433,409,0,409,21
2020-11-18,Colusa,011,21464,674,611,2,613,6
2020-11-18,Contra Costa,013,1133247,23047,21685,132,21817,258
2020-11-18,Del Norte,015,27424,281,240,0,240,2
2020-11-18,El Dorado,017,186661,2181,1799,17,1816,4
2020-11-18,Fresno,019,978130,39874,34997,1087,36084,474
2020-11-18,Glenn,021,27897,883,803,27,830,4
2020-11-18,Humboldt,023,135768,820,690,1,691,9
2020-11-18,Imperial,025,180216,15446,14428,58,14486,348
2020-11-18,Inyo,027,18085,287,262,5,267,15
2020-11-18,Kern,029,883053,38908,36537,907,37444,456
2020-11-18,Kings,031,150075,10548,9696,122,9818,85
2020-11-18,Lake,033,64148,893,802,0,802,18
2020-11-18,Lassen,035,31185,1558,1124,3,1127,0
2020-11-18,Los Angeles,037,10098052,365639,344675,4851,349526,7338
2020-11-18,Madera,039,155013,6010,5519,108,5627,54
2020-11-18,Marin,041,260295,7593,7435,25,7460,134
2020-11-18,Mariposa,043,17540,106,88,0,88,2
2020-11-18,Mendocino,045,87422,1368,1237,5,1242,23
2020-11-18,Merced,047,269075,11178,10536,94,10630,166
2020-11-18,Modoc,049,8938,94,77,18,95,0
2020-11-18,Mono,051,14174,484,468,9,477,2
2020-11-18,Monterey,053,433212,14402,13340,216,13556,108
2020-11-18,Napa,055,140530,2969,2607,17,2624,17
2020-11-18,Nevada,057,99092,1140,933,27,960,9
2020-11-18,Orange,059,3164182,73145,66381,2145,68526,1521
2020-11-18,Placer,061,380077,6339,5543,103,5646,64
2020-11-18,Plumas,063,18699,183,143,0,143,0
2020-11-18,Riverside,065,2383286,84092,77739,1324,79063,1387
2020-11-18,Sacramento,067,1510023,34427,31816,79,31895,541
2020-11-18,San Benito,069,59416,1730,1632,10,1642,15
2020-11-18,San Bernardino,071,2135413,86768,77400,1086,78486,1206
2020-11-18,San Diego,073,3302833,74431,67243,2509,69752,945
2020-11-18,San Francisco,075,870044,14772,14057,84,14141,153
2020-11-18,San Joaquin,077,732212,25339,24146,421,24567,517
2020-11-18,San Luis Obispo,079,281455,5948,5322,90,5412,34
2020-11-18,San Mateo,081,765935,13691,12631,12,12643,169
2020-11-18,Santa Barbara,083,443738,11452,10684,176,10860,136
2020-11-18,Santa Clara,085,1922200,32534,29285,63,29348,421
2020-11-18,Santa Cruz,087,273765,4136,3618,43,3661,25
2020-11-18,Shasta,089,179085,4730,3547,120,3667,42
2020-11-18,Sierra,091,2930,17,11,0,11,0
2020-11-18,Siskiyou,093,43540,502,351,27,378,0
2020-11-18,Solano,095,438530,9769,8994,51,9045,84
2020-11-18,Sonoma,097,501317,11695,11129,41,11170,155
2020-11-18,Stanislaus,099,539301,20741,19609,1197,20806,431
2020-11-18,Sutter,101,95872,2893,2442,10,2452,13
2020-11-18,Tehama,103,63373,1529,1338,12,1350,8
2020-11-18,Trinity,105,12862,230,95,23,118,0
2020-11-18,Tulare,107,460477,20554,19286,1053,20339,306
2020-11-18,Tuolumne,109,53932,870,590,5,595,7
2020-11-18,Ventura,111,848112,18678,17169,549,17718,173
2020-11-18,Yolo,113,214977,4481,3929,14,3943,71
2020-11-18,Yuba,115,75493,1763,1540,9,1549,10
2020-11-17,Alameda,001,1643700,28144,26425,280,26705,439
2020-11-17,Alpine,003,1148,40,12,0,12,0
2020-11-17,Amador,005,37829,464,423,1,424,16
2020-11-17,Butte,007,227075,3816,3500,150,3650,59
2020-11-17,Calaveras,009,45235,418,405,0,405,21
2020-11-17,Colusa,011,21464,663,606,1,607,6
2020-11-17,Contra Costa,013,1133247,22774,21557,127,21684,256
2020-11-17,Del Norte,015,27424,275,233,0,233,2
2020-11-17,El Dorado,017,186661,2122,1758,17,1775,4
2020-11-17,Fresno,019,978130,39276,34765,1028,35793,472
2020-11-17,Glenn,021,27897,872,795,26,821,4
2020-11-17,Humboldt,023,135768,798,685,1,686,9
2020-11-17,Imperial,025,180216,15210,14204,56,14260,346
2020-11-17,Inyo,027,18085,286,263,5,268,15
2020-11-17,Kern,029,883053,38458,36164,854,37018,455
2020-11-17,Kings,031,150075,10475,9653,115,9768,85
2020-11-17,Lake,033,64148,873,792,0,792,18
2020-11-17,Lassen,035,31185,1479,1124,3,1127,0
2020-11-17,Los Angeles,037,10098052,360687,340933,4688,345621,7302
2020-11-17,Madera,039,155013,5921,5485,101,5586,54
2020-11-17,Marin,041,260295,7561,7404,24,7428,134
2020-11-17,Mariposa,043,17540,103,87,0,87,2
2020-11-17,Mendocino,045,87422,1347,1216,5,1221,23
2020-11-17,Merced,047,269075,11034,10457,87,10544,162
2020-11-17,Modoc,049,8938,88,71,17,88,0
2020-11-17,Mono,051,14174,479,459,9,468,2
2020-11-17,Monterey,053,433212,14173,13220,206,13426,108
2020-11-17,Napa,055,140530,2915,2568,17,2585,17
2020-11-17,Nevada,057,99092,1099,918,26,944,9
2020-11-17,Orange,059,3164182,71994,65757,2117,67874,1519
2020-11-17,Placer,061,380077,6177,5435,97,5532,63
2020-11-17,Plumas,063,18699,175,142,0,142,0
2020-11-17,Riverside,065,2383286,82705,77079,1233,78312,1379
2020-11-17,Sacramento,067,1510023,33828,31341,75,31416,538
2020-11-17,San Benito,069,59416,1714,1611,4,1615,15
2020-11-17,San Bernardino,071,2135413,84953,76134,997,77131,1188
2020-11-17,San Diego,073,3302833,73178,66321,2453,68774,933
2020-11-17,San Francisco,075,870044,14606,13952,83,14035,153
2020-11-17,San Joaquin,077,732212,25067,23997,401,24398,516
2020-11-17,San Luis Obispo,079,281455,5852,5235,90,5325,34
2020-11-17,San Mateo,081,765935,13529,12491,11,12502,169
2020-11-17,Santa Barbara,083,443738,11366,10597,171,10768,136
2020-11-17,Santa Clara,085,1922200,31987,29013,62,29075,419
2020-11-17,Santa Cruz,087,273765,4052,3548,40,3588,25
2020-11-17,Shasta,089,179085,4568,3457,108,3565,40
2020-11-17,Sierra,091,2930,15,11,0,11,0
2020-11-17,Siskiyou,093,43540,454,333,26,359,0
2020-11-17,Solano,095,438530,9624,8905,50,8955,84
2020-11-17,Sonoma,097,501317,11561,11084,39,11123,155
2020-11-17,Stanislaus,099,539301,20517,19466,1169,20635,425
2020-11-17,Sutter,101,95872,2810,2370,9,2379,12
2020-11-17,Tehama,103,63373,1479,1290,12,1302,7
2020-11-17,Trinity,105,12862,213,83,23,106,0
2020-11-17,Tulare,107,460477,20323,19176,991,20167,305
2020-11-17,Tuolumne,109,53932,832,568,5,573,7
2020-11-17,Ventura,111,848112,18406,16797,531,17328,173
2020-11-17,Yolo,113,214977,4304,3887,13,3900,70
2020-11-17,Yuba,115,75493,1715,1519,9,1528,10
2020-11-16,Alameda,001,1643700,27797,26063,275,26338,436
2020-11-16,Alpine,003,1148,37,12,0,12,0
2020-11-16,Amador,005,37829,456,414,1,415,16
2020-11-16,Butte,007,227075,3777,3490,142,3632,58
2020-11-16,Calaveras,009,45235,410,402,0,402,21
2020-11-16,Colusa,011,21464,654,601,1,602,6
2020-11-16,Contra Costa,013,1133247,22508,21386,122,21508,256
2020-11-16,Del Norte,015,27424,268,225,0,225,2
2020-11-16,El Dorado,017,186661,2062,1694,15,1709,4
2020-11-16,Fresno,019,978130,38786,34593,974,35567,471
2020-11-16,Glenn,021,27897,860,786,25,811,4
2020-11-16,Humboldt,023,135768,782,660,1,661,9
2020-11-16,Imperial,025,180216,14962,14111,56,14167,346
2020-11-16,Inyo,027,18085,283,263,5,268,15
2020-11-16,Kern,029,883053,38064,36049,811,36860,455
2020-11-16,Kings,031,150075,10208,9569,111,9680,85
2020-11-16,Lake,033,64148,861,784,0,784,18
2020-11-16,Lassen,035,31185,1298,1124,3,1127,0
2020-11-16,Los Angeles,037,10098052,355944,338778,4513,343291,7277
2020-11-16,Madera,039,155013,5834,5433,95,5528,54
2020-11-16,Marin,041,260295,7532,7359,24,7383,134
2020-11-16,Mariposa,043,17540,100,86,0,86,2
2020-11-16,Mendocino,045,87422,1322,1209,5,1214,23
2020-11-16,Merced,047,269075,10896,10399,84,10483,162
2020-11-16,Modoc,049,8938,86,71,17,88,0
2020-11-16,Mono,051,14174,477,453,9,462,2
2020-11-16,Monterey,053,433212,13927,13089,196,13285,107
2020-11-16,Napa,055,140530,2839,2536,17,2553,17
2020-11-16,Nevada,057,99092,1056,889,24,913,9
2020-11-16,Orange,059,3164182,70897,65396,2103,67499,1519
2020-11-16,Placer,061,380077,6057,5387,88,5475,63
2020-11-16,Plumas,063,18699,168,127,0,127,0
2020-11-16,Riverside,065,2383286,81330,76449,1168,77617,1379
2020-11-16,Sacramento,067,1510023,33190,30954,69,31023,534
2020-11-16,San Benito,069,59416,1696,1603,3,1606,15
2020-11-16,San Bernardino,071,2135413,83126,74401,928,75329,1186
2020-11-16,San Diego,073,3302833,71867,65603,2381,67984,926
2020-11-16,San Francisco,075,870044,14447,13847,80,13927,153
2020-11-16,San Joaquin,077,732212,24779,23515,392,23907,513
2020-11-16,San Luis Obispo,079,281455,5748,5161,85,5246,34
2020-11-16,San Mateo,081,765935,13369,12398,11,12409,169
2020-11-16,Santa Barbara,083,443738,11302,10565,167,10732,135
2020-11-16,Santa Clara,085,1922200,31422,28673,61,28734,419
2020-11-16,Santa Cruz,087,273765,3979,3520,40,3560,25
2020-11-16,Shasta,089,179085,4418,3284,103,3387,37
2020-11-16,Sierra,091,2930,15,11,0,11,0
2020-11-16,Siskiyou,093,43540,427,294,26,320,0
2020-11-16,Solano,095,438530,9425,8827,50,8877,84
2020-11-16,Sonoma,097,501317,11469,10961,38,10999,155
2020-11-16,Stanislaus,099,539301,20280,19333,1142,20475,425
2020-11-16,Sutter,101,95872,2704,2322,9,2331,12
2020-11-16,Tehama,103,63373,1434,1261,8,1269,7
2020-11-16,Trinity,105,12862,201,67,23,90,0
2020-11-16,Tulare,107,460477,20144,18891,938,19829,305
2020-11-16,Tuolumne,109,53932,796,543,5,548,7
2020-11-16,Ventura,111,848112,18068,16691,523,17214,172
2020-11-16,Yolo,113,214977,4208,3858,13,3871,70
2020-11-16,Yuba,115,75493,1679,1500,8,1508,10
2020-11-15,Alameda,001,1643700,27478,25879,269,26148,436
2020-11-15,Alpine,003,1148,35,12,0,12,0
2020-11-15,Amador,005,37829,444,409,1,410,16
2020-11-15,Butte,007,227075,3723,3452,133,3585,58
2020-11-15,Calaveras,009,45235,396,386,0,386,21
2020-11-15,Colusa,011,21464,645,601,1,602,6
2020-11-15,Contra Costa,013,1133247,22209,21179,121,21300,256
2020-11-15,Del Norte,015,27424,253,224,0,224,2
2020-11-15,El Dorado,017,186661,2000,1683,14,1697,4
2020-11-15,Fresno,019,978130,38273,34297,936,35233,471
2020-11-15,Glenn,021,27897,848,783,24,807,4
2020-11-15,Humboldt,023,135768,753,653,1,654,9
2020-11-15,Imperial,025,180216,14725,13940,56,13996,346
2020-11-15,Inyo,027,18085,273,263,5,268,15
2020-11-15,Kern,029,883053,37659,35911,776,36687,455
2020-11-15,Kings,031,150075,10015,9533,107,9640,85
2020-11-15,Lake,033,64148,852,777,0,777,17
2020-11-15,Lassen,035,31185,1251,1124,3,1127,0
2020-11-15,Los Angeles,037,10098052,350905,336035,4340,340375,7271
2020-11-15,Madera,039,155013,5737,5391,89,5480,54
2020-11-15,Marin,041,260295,7506,7347,24,7371,133
2020-11-15,Mariposa,043,17540,97,86,0,86,2
2020-11-15,Mendocino,045,87422,1303,1197,5,1202,22
2020-11-15,Merced,047,269075,10763,10350,84,10434,162
2020-11-15,Modoc,049,8938,85,68,17,85,0
2020-11-15,Mono,051,14174,475,453,9,462,2
2020-11-15,Monterey,053,433212,13730,12999,183,13182,107
2020-11-15,Napa,055,140530,2780,2509,15,2524,17
2020-11-15,Nevada,057,99092,1001,859,24,883,9
2020-11-15,Orange,059,3164182,69856,65008,2087,67095,1519
2020-11-15,Placer,061,380077,5902,5330,80,5410,63
2020-11-15,Plumas,063,18699,162,127,0,127,0
2020-11-15,Riverside,065,2383286,80006,75531,1109,76640,1374
2020-11-15,Sacramento,067,1510023,32564,30601,65,30666,534
2020-11-15,San Benito,069,59416,1671,1589,2,1591,15
2020-11-15,San Bernardino,071,2135413,80973,73769,853,74622,1185
2020-11-15,San Diego,073,3302833,70366,64770,2324,67094,926
2020-11-15,San Francisco,075,870044,14271,13757,79,13836,153
2020-11-15,San Joaquin,077,732212,24570,23516,376,23892,513
2020-11-15,San Luis Obispo,079,281455,5623,5120,83,5203,34
2020-11-15,San Mateo,081,765935,13192,12348,11,12359,169
2020-11-15,Santa Barbara,083,443738,11207,10516,165,10681,135
2020-11-15,Santa Clara,085,1922200,30968,28289,60,28349,418
2020-11-15,Santa Cruz,087,273765,3841,3439,39,3478,25
2020-11-15,Shasta,089,179085,4243,3290,94,3384,37
2020-11-15,Sierra,091,2930,15,11,0,11,0
2020-11-15,Siskiyou,093,43540,408,294,26,320,0
2020-11-15,Solano,095,438530,9264,8713,47,8760,84
2020-11-15,Sonoma,097,501317,11349,10833,37,10870,154
2020-11-15,Stanislaus,099,539301,20008,19228,1116,20344,425
2020-11-15,Sutter,101,95872,2614,2230,9,2239,12
2020-11-15,Tehama,103,63373,1383,1222,7,1229,7
2020-11-15,Trinity,105,12862,191,67,21,88,0
2020-11-15,Tulare,107,460477,19927,18891,885,19776,305
2020-11-15,Tuolumne,109,53932,754,486,5,491,7
2020-11-15,Ventura,111,848112,17794,16564,515,17079,172
2020-11-15,Yolo,113,214977,4105,3819,12,3831,67
2020-11-15,Yuba,115,75493,1638,1470,7,1477,10
2020-11-14,Alameda,001,1643700,27211,25714,267,25981,435
2020-11-14,Alpine,003,1148,35,12,0,12,0
2020-11-14,Amador,005,37829,435,404,0,404,16
2020-11-14,Butte,007,227075,3687,3434,119,3553,58
2020-11-14,Calaveras,009,45235,395,386,0,386,21
2020-11-14,Colusa,011,21464,633,601,1,602,6
2020-11-14,Contra Costa,013,1133247,22070,20975,114,21089,256
2020-11-14,Del Norte,015,27424,247,219,0,219,2
2020-11-14,El Dorado,017,186661,1956,1648,14,1662,4
2020-11-14,Fresno,019,978130,38022,33969,899,34868,471
2020-11-14,Glenn,021,27897,839,772,21,793,3
2020-11-14,Humboldt,023,135768,738,643,1,644,9
2020-11-14,Imperial,025,180216,14632,13932,55,13987,346
2020-11-14,Inyo,027,18085,272,263,5,268,15
2020-11-14,Kern,029,883053,37449,35626,757,36383,454
2020-11-14,Kings,031,150075,9980,9490,104,9594,85
2020-11-14,Lake,033,64148,843,773,0,773,17
2020-11-14,Lassen,035,31185,1237,833,3,836,0
2020-11-14,Los Angeles,037,10098052,348198,333021,4231,337252,7269
2020-11-14,Madera,039,155013,5707,5371,87,5458,54
2020-11-14,Marin,041,260295,7490,7325,24,7349,133
2020-11-14,Mariposa,043,17540,96,86,0,86,2
2020-11-14,Mendocino,045,87422,1287,1181,5,1186,22
2020-11-14,Merced,047,269075,10707,10286,82,10368,161
2020-11-14,Modoc,049,8938,84,64,16,80,0
2020-11-14,Mono,051,14174,475,453,9,462,2
2020-11-14,Monterey,053,433212,13634,12854,173,13027,105
2020-11-14,Napa,055,140530,2746,2473,15,2488,17
2020-11-14,Nevada,057,99092,985,835,24,859,9
2020-11-14,Orange,059,3164182,69235,64340,2076,66416,1517
2020-11-14,Placer,061,380077,5826,5215,74,5289,63
2020-11-14,Plumas,063,18699,157,128,0,128,0
2020-11-14,Riverside,065,2383286,79264,74910,1069,75979,1373
2020-11-14,Sacramento,067,1510023,32238,30298,65,30363,532
2020-11-14,San Benito,069,59416,1656,1573,2,1575,15
2020-11-14,San Bernardino,071,2135413,80039,72868,821,73689,1184
2020-11-14,San Diego,073,3302833,69601,63715,2272,65987,926
2020-11-14,San Francisco,075,870044,14183,13661,78,13739,153
2020-11-14,San Joaquin,077,732212,24479,23516,368,23884,511
2020-11-14,San Luis Obispo,079,281455,5559,5073,78,5151,34
2020-11-14,San Mateo,081,765935,13084,12293,11,12304,169
2020-11-14,Santa Barbara,083,443738,11153,10482,163,10645,135
2020-11-14,Santa Clara,085,1922200,30684,27962,58,28020,416
2020-11-14,Santa Cruz,087,273765,3786,3402,39,3441,25
2020-11-14,Shasta,089,179085,4159,3195,92,3287,37
2020-11-14,Sierra,091,2930,15,11,0,11,0
2020-11-14,Siskiyou,093,43540,395,292,26,318,0
2020-11-14,Solano,095,438530,9184,8655,46,8701,84
2020-11-14,Sonoma,097,501317,11296,10769,37,10806,154
2020-11-14,Stanislaus,099,539301,19866,19068,1094,20162,424
2020-11-14,Sutter,101,95872,2569,2182,9,2191,12
2020-11-14,Tehama,103,63373,1362,1206,6,1212,7
2020-11-14,Trinity,105,12862,186,67,21,88,0
2020-11-14,Tulare,107,460477,19832,18853,857,19710,305
2020-11-14,Tuolumne,109,53932,726,448,5,453,7
2020-11-14,Ventura,111,848112,17648,16297,504,16801,172
2020-11-14,Yolo,113,214977,4062,3765,10,3775,65
2020-11-14,Yuba,115,75493,1609,1453,7,1460,10
2020-11-13,Alameda,001,1643700,26995,25515,262,25777,434
2020-11-13,Alpine,003,1148,35,12,0,12,0
2020-11-13,Amador,005,37829,432,397,0,397,16
2020-11-13,Butte,007,227075,3663,3402,110,3512,58
2020-11-13,Calaveras,009,45235,391,378,0,378,21
2020-11-13,Colusa,011,21464,625,598,1,599,6
2020-11-13,Contra Costa,013,1133247,21897,20799,114,20913,256
2020-11-13,Del Norte,015,27424,244,208,0,208,2
2020-11-13,El Dorado,017,186661,1911,1611,13,1624,4
2020-11-13,Fresno,019,978130,37775,33693,885,34578,470
2020-11-13,Glenn,021,27897,825,755,17,772,3
2020-11-13,Humboldt,023,135768,723,638,1,639,9
2020-11-13,Imperial,025,180216,14562,13790,54,13844,341
2020-11-13,Inyo,027,18085,271,262,5,267,15
2020-11-13,Kern,029,883053,37247,35431,740,36171,453
2020-11-13,Kings,031,150075,9921,9428,103,9531,85
2020-11-13,Lake,033,64148,837,770,0,770,17
2020-11-13,Lassen,035,31185,1228,832,3,835,0
2020-11-13,Los Angeles,037,10098052,345072,329364,4124,333488,7248
2020-11-13,Madera,039,155013,5667,5340,86,5426,54
2020-11-13,Marin,041,260295,7477,7307,23,7330,133
2020-11-13,Mariposa,043,17540,94,86,0,86,2
2020-11-13,Mendocino,045,87422,1275,1173,5,1178,22
2020-11-13,Merced,047,269075,10651,10185,79,10264,159
2020-11-13,Modoc,049,8938,84,63,14,77,0
2020-11-13,Mono,051,14174,475,448,8,456,2
2020-11-13,Monterey,053,433212,13438,12681,161,12842,104
2020-11-13,Napa,055,140530,2707,2440,15,2455,17
2020-11-13,Nevada,057,99092,966,798,24,822,9
2020-11-13,Orange,059,3164182,68636,63804,2056,65860,1514
2020-11-13,Placer,061,380077,5721,5122,68,5190,63
2020-11-13,Plumas,063,18699,151,125,0,125,0
2020-11-13,Riverside,065,2383286,78525,74138,1040,75178,1372
2020-11-13,Sacramento,067,1510023,31920,29787,60,29847,524
2020-11-13,San Benito,069,59416,1644,1553,1,1554,15
2020-11-13,San Bernardino,071,2135413,78991,71895,800,72695,1184
2020-11-13,San Diego,073,3302833,68754,62978,2234,65212,921
2020-11-13,San Francisco,075,870044,14090,13516,76,13592,146
2020-11-13,San Joaquin,077,732212,24384,23314,362,23676,510
2020-11-13,San Luis Obispo,079,281455,5493,4960,75,5035,34
2020-11-13,San Mateo,081,765935,12990,12182,11,12193,169
2020-11-13,Santa Barbara,083,443738,11101,10405,161,10566,134
2020-11-13,Santa Clara,085,1922200,30357,27609,56,27665,415
2020-11-13,Santa Cruz,087,273765,3713,3343,39,3382,25
2020-11-13,Shasta,089,179085,4074,2983,88,3071,37
2020-11-13,Sierra,091,2930,15,11,0,11,0
2020-11-13,Siskiyou,093,43540,390,280,25,305,0
2020-11-13,Solano,095,438530,9093,8525,46,8571,84
2020-11-13,Sonoma,097,501317,11235,10685,35,10720,151
2020-11-13,Stanislaus,099,539301,19741,18936,1066,20002,422
2020-11-13,Sutter,101,95872,2523,2121,8,2129,12
2020-11-13,Tehama,103,63373,1334,1167,6,1173,7
2020-11-13,Trinity,105,12862,184,64,21,85,0
2020-11-13,Tulare,107,460477,19708,18714,816,19530,305
2020-11-13,Tuolumne,109,53932,693,427,5,432,7
2020-11-13,Ventura,111,848112,17502,16172,490,16662,171
2020-11-13,Yolo,113,214977,4011,3716,10,3726,65
2020-11-13,Yuba,115,75493,1582,1435,7,1442,10
2020-11-12,Alameda,001,1643700,26728,25345,262,25607,432
2020-11-12,Alpine,003,1148,34,12,0,12,0
2020-11-12,Amador,005,37829,431,392,0,392,16
2020-11-12,Butte,007,227075,3614,3347,107,3454,58
2020-11-12,Calaveras,009,45235,386,373,0,373,21
2020-11-12,Colusa,011,21464,620,591,1,592,6
2020-11-12,Contra Costa,013,1133247,21690,20619,112,20731,255
2020-11-12,Del Norte,015,27424,237,203,0,203,2
2020-11-12,El Dorado,017,186661,1865,1573,9,1582,4
2020-11-12,Fresno,019,978130,37427,33459,843,34302,468
2020-11-12,Glenn,021,27897,806,727,17,744,3
2020-11-12,Humboldt,023,135768,710,625,1,626,9
2020-11-12,Imperial,025,180216,14397,13619,54,13673,341
2020-11-12,Inyo,027,18085,270,255,5,260,15
2020-11-12,Kern,029,883053,36982,35207,725,35932,451
2020-11-12,Kings,031,150075,9854,9335,102,9437,85
2020-11-12,Lake,033,64148,828,764,0,764,17
2020-11-12,Lassen,035,31185,1159,832,2,834,0
2020-11-12,Los Angeles,037,10098052,341332,327001,4022,331023,7223
2020-11-12,Madera,039,155013,5632,5273,81,5354,54
2020-11-12,Marin,041,260295,7448,7268,23,7291,133
2020-11-12,Mariposa,043,17540,92,84,0,84,2
2020-11-12,Mendocino,045,87422,1256,1142,5,1147,22
2020-11-12,Merced,047,269075,10537,10107,76,10183,158
2020-11-12,Modoc,049,8938,84,63,14,77,0
2020-11-12,Mono,051,14174,474,442,8,450,2
2020-11-12,Monterey,053,433212,13317,12489,147,12636,100
2020-11-12,Napa,055,140530,2645,2398,15,2413,16
2020-11-12,Nevada,057,99092,943,780,23,803,9
2020-11-12,Orange,059,3164182,67891,63232,2037,65269,1514
2020-11-12,Placer,061,380077,5611,5044,58,5102,62
2020-11-12,Plumas,063,18699,147,121,0,121,0
2020-11-12,Riverside,065,2383286,77592,73381,997,74378,1362
2020-11-12,Sacramento,067,1510023,31429,29459,53,29512,520
2020-11-12,San Benito,069,59416,1624,1525,1,1526,15
2020-11-12,San Bernardino,071,2135413,77625,70758,761,71519,1183
2020-11-12,San Diego,073,3302833,67774,62336,2183,64519,918
2020-11-12,San Francisco,075,870044,13991,13289,75,13364,146
2020-11-12,San Joaquin,077,732212,24191,23002,341,23343,509
2020-11-12,San Luis Obispo,079,281455,5429,4898,74,4972,33
2020-11-12,San Mateo,081,765935,12866,12086,10,12096,169
2020-11-12,Santa Barbara,083,443738,11039,10325,156,10481,134
2020-11-12,Santa Clara,085,1922200,29981,27261,55,27316,414
2020-11-12,Santa Cruz,087,273765,3630,3317,37,3354,25
2020-11-12,Shasta,089,179085,3936,2825,77,2902,37
2020-11-12,Sierra,091,2930,15,11,0,11,0
2020-11-12,Siskiyou,093,43540,373,275,20,295,0
2020-11-12,Solano,095,438530,8993,8417,45,8462,85
2020-11-12,Sonoma,097,501317,11133,10602,34,10636,151
2020-11-12,Stanislaus,099,539301,19572,18787,1037,19824,422
2020-11-12,Sutter,101,95872,2439,2075,7,2082,12
2020-11-12,Tehama,103,63373,1307,1117,6,1123,7
2020-11-12,Trinity,105,12862,176,62,20,82,0
2020-11-12,Tulare,107,460477,19596,18545,778,19323,305
2020-11-12,Tuolumne,109,53932,654,353,5,358,7
2020-11-12,Ventura,111,848112,17252,16013,484,16497,158
2020-11-12,Yolo,113,214977,3967,3646,10,3656,63
2020-11-12,Yuba,115,75493,1547,1410,7,1417,10
2020-11-11,Alameda,001,1643700,26486,25140,260,25400,429
2020-11-11,Alpine,003,1148,29,12,0,12,0
2020-11-11,Amador,005,37829,424,389,0,389,16
2020-11-11,Butte,007,227075,3588,3348,94,3442,58
2020-11-11,Calaveras,009,45235,376,373,0,373,21
2020-11-11,Colusa,011,21464,614,591,1,592,6
2020-11-11,Contra Costa,013,1133247,21472,20452,110,20562,255
2020-11-11,Del Norte,015,27424,230,203,0,203,2
2020-11-11,El Dorado,017,186661,1819,1564,8,1572,4
2020-11-11,Fresno,019,978130,37107,33287,808,34095,468
2020-11-11,Glenn,021,27897,790,722,16,738,3
2020-11-11,Humboldt,023,135768,696,623,1,624,9
2020-11-11,Imperial,025,180216,14226,13623,52,13675,340
2020-11-11,Inyo,027,18085,268,255,5,260,15
2020-11-11,Kern,029,883053,36707,35014,708,35722,449
2020-11-11,Kings,031,150075,9748,9263,99,9362,85
2020-11-11,Lake,033,64148,818,763,0,763,17
2020-11-11,Lassen,035,31185,1134,831,2,833,0
2020-11-11,Los Angeles,037,10098052,337970,324567,3935,328502,7220
2020-11-11,Madera,039,155013,5597,5248,79,5327,54
2020-11-11,Marin,041,260295,7425,7268,23,7291,133
2020-11-11,Mariposa,043,17540,92,84,0,84,2
2020-11-11,Mendocino,045,87422,1244,1142,5,1147,22
2020-11-11,Merced,047,269075,10466,10074,74,10148,157
2020-11-11,Modoc,049,8938,80,62,13,75,0
2020-11-11,Mono,051,14174,472,443,8,451,2
2020-11-11,Monterey,053,433212,13173,12417,143,12560,100
2020-11-11,Napa,055,140530,2596,2365,12,2377,15
2020-11-11,Nevada,057,99092,901,741,23,764,9
2020-11-11,Orange,059,3164182,67253,62929,2014,64943,1506
2020-11-11,Placer,061,380077,5527,4981,50,5031,60
2020-11-11,Plumas,063,18699,145,111,0,111,0
2020-11-11,Riverside,065,2383286,76688,72953,951,73904,1361
2020-11-11,Sacramento,067,1510023,30972,28968,51,29019,520
2020-11-11,San Benito,069,59416,1610,1512,1,1513,15
2020-11-11,San Bernardino,071,2135413,76338,70374,734,71108,1182
2020-11-11,San Diego,073,3302833,66839,61746,2122,63868,918
2020-11-11,San Francisco,075,870044,13883,13287,74,13361,146
2020-11-11,San Joaquin,077,732212,24031,23001,335,23336,509
2020-11-11,San Luis Obispo,079,281455,5354,4832,71,4903,33
2020-11-11,San Mateo,081,765935,12751,12008,10,12018,169
2020-11-11,Santa Barbara,083,443738,10974,10278,156,10434,134
2020-11-11,Santa Clara,085,1922200,29628,27075,54,27129,413
2020-11-11,Santa Cruz,087,273765,3562,3247,37,3284,25
2020-11-11,Shasta,089,179085,3813,2766,67,2833,36
2020-11-11,Sierra,091,2930,13,11,0,11,0
2020-11-11,Siskiyou,093,43540,342,261,17,278,0
2020-11-11,Solano,095,438530,8875,8353,43,8396,85
2020-11-11,Sonoma,097,501317,11059,10498,34,10532,150
2020-11-11,Stanislaus,099,539301,19434,18671,1007,19678,422
2020-11-11,Sutter,101,95872,2391,2049,6,2055,12
2020-11-11,Tehama,103,63373,1265,1105,5,1110,7
2020-11-11,Trinity,105,12862,165,62,20,82,0
2020-11-11,Tulare,107,460477,19465,18500,747,19247,305
2020-11-11,Tuolumne,109,53932,598,354,4,358,7
2020-11-11,Ventura,111,848112,17037,15801,470,16271,158
2020-11-11,Yolo,113,214977,3916,3606,10,3616,63
2020-11-11,Yuba,115,75493,1532,1400,7,1407,10
2020-11-10,Alameda,001,1643700,26256,25008,257,25265,424
2020-11-10,Alpine,003,1148,29,9,0,9,0
2020-11-10,Amador,005,37829,418,384,0,384,16
2020-11-10,Butte,007,227075,3552,3327,90,3417,58
2020-11-10,Calaveras,009,45235,371,367,0,367,21
2020-11-10,Colusa,011,21464,606,590,1,591,6
2020-11-10,Contra Costa,013,1133247,21265,20326,108,20434,255
2020-11-10,Del Norte,015,27424,224,196,0,196,2
2020-11-10,El Dorado,017,186661,1758,1551,8,1559,4
2020-11-10,Fresno,019,978130,36837,33024,770,33794,465
2020-11-10,Glenn,021,27897,782,719,12,731,3
2020-11-10,Humboldt,023,135768,679,610,1,611,9
2020-11-10,Imperial,025,180216,14097,13570,52,13622,338
2020-11-10,Inyo,027,18085,267,252,5,257,14
2020-11-10,Kern,029,883053,36430,34858,689,35547,448
2020-11-10,Kings,031,150075,9701,9236,92,9328,85
2020-11-10,Lake,033,64148,808,762,0,762,16
2020-11-10,Lassen,035,31185,1119,830,2,832,0
2020-11-10,Los Angeles,037,10098052,334718,322569,3820,326389,7205
2020-11-10,Madera,039,155013,5555,5229,73,5302,54
2020-11-10,Marin,041,260295,7406,7259,23,7282,133
2020-11-10,Mariposa,043,17540,90,84,0,84,2
2020-11-10,Mendocino,045,87422,1236,1137,5,1142,22
2020-11-10,Merced,047,269075,10404,9992,68,10060,157
2020-11-10,Modoc,049,8938,78,61,13,74,0
2020-11-10,Mono,051,14174,470,443,8,451,2
2020-11-10,Monterey,053,433212,13035,12335,135,12470,100
2020-11-10,Napa,055,140530,2558,2341,10,2351,15
2020-11-10,Nevada,057,99092,885,734,23,757,9
2020-11-10,Orange,059,3164182,66702,62597,2004,64601,1504
2020-11-10,Placer,061,380077,5447,4902,49,4951,60
2020-11-10,Plumas,063,18699,141,108,0,108,0
2020-11-10,Riverside,065,2383286,76046,72316,924,73240,1359
2020-11-10,Sacramento,067,1510023,30565,28677,48,28725,519
2020-11-10,San Benito,069,59416,1595,1508,1,1509,15
2020-11-10,San Bernardino,071,2135413,75167,69666,701,70367,1182
2020-11-10,San Diego,073,3302833,65948,61085,2085,63170,915
2020-11-10,San Francisco,075,870044,13766,13210,74,13284,146
2020-11-10,San Joaquin,077,732212,23866,22865,328,23193,508
2020-11-10,San Luis Obispo,079,281455,5290,4780,68,4848,33
2020-11-10,San Mateo,081,765935,12650,11939,10,11949,169
2020-11-10,Santa Barbara,083,443738,10907,10252,152,10404,134
2020-11-10,Santa Clara,085,1922200,29284,26917,53,26970,409
2020-11-10,Santa Cruz,087,273765,3498,3221,37,3258,25
2020-11-10,Shasta,089,179085,3671,2686,59,2745,36
2020-11-10,Sierra,091,2930,12,10,0,10,0
2020-11-10,Siskiyou,093,43540,326,263,16,279,0
2020-11-10,Solano,095,438530,8777,8299,43,8342,85
2020-11-10,Sonoma,097,501317,10972,10414,34,10448,150
2020-11-10,Stanislaus,099,539301,19300,18592,983,19575,420
2020-11-10,Sutter,101,95872,2296,2035,5,2040,12
2020-11-10,Tehama,103,63373,1239,1099,4,1103,7
2020-11-10,Trinity,105,12862,156,62,18,80,0
2020-11-10,Tulare,107,460477,19351,18430,723,19153,305
2020-11-10,Tuolumne,109,53932,550,353,4,357,7
2020-11-10,Ventura,111,848112,16854,15625,468,16093,158
2020-11-10,Yolo,113,214977,3855,3573,10,3583,63
2020-11-10,Yuba,115,75493,1509,1392,7,1399,10
2020-11-09,Alameda,001,1643700,26007,24899,253,25152,424
2020-11-09,Alpine,003,1148,27,6,0,6,0
2020-11-09,Amador,005,37829,409,380,0,380,16
2020-11-09,Butte,007,227075,3507,3301,81,3382,57
2020-11-09,Calaveras,009,45235,367,360,0,360,21
2020-11-09,Colusa,011,21464,600,583,1,584,6
2020-11-09,Contra Costa,013,1133247,21092,20193,106,20299,255
2020-11-09,Del Norte,015,27424,218,195,0,195,2
2020-11-09,El Dorado,017,186661,1717,1515,8,1523,4
2020-11-09,Fresno,019,978130,36526,32755,730,33485,465
2020-11-09,Glenn,021,27897,776,714,9,723,3
2020-11-09,Humboldt,023,135768,666,607,1,608,9
2020-11-09,Imperial,025,180216,13980,13508,50,13558,338
2020-11-09,Inyo,027,18085,267,252,5,257,14
2020-11-09,Kern,029,883053,36199,34764,653,35417,448
2020-11-09,Kings,031,150075,9631,9141,90,9231,84
2020-11-09,Lake,033,64148,799,755,0,755,16
2020-11-09,Lassen,035,31185,1023,799,2,801,0
2020-11-09,Los Angeles,037,10098052,331621,320370,3744,324114,7180
2020-11-09,Madera,039,155013,5509,5209,70,5279,54
2020-11-09,Marin,041,260295,7380,7237,22,7259,131
2020-11-09,Mariposa,043,17540,90,84,0,84,2
2020-11-09,Mendocino,045,87422,1224,1132,5,1137,22
2020-11-09,Merced,047,269075,10301,9922,65,9987,157
2020-11-09,Modoc,049,8938,74,54,12,66,0
2020-11-09,Mono,051,14174,467,352,8,360,2
2020-11-09,Monterey,053,433212,12888,12148,126,12274,98
2020-11-09,Napa,055,140530,2515,2309,10,2319,15
2020-11-09,Nevada,057,99092,848,729,22,751,9
2020-11-09,Orange,059,3164182,66061,62335,1992,64327,1501
2020-11-09,Placer,061,380077,5362,4843,37,4880,60
2020-11-09,Plumas,063,18699,134,102,0,102,0
2020-11-09,Riverside,065,2383286,75263,72059,890,72949,1346
2020-11-09,Sacramento,067,1510023,30093,28200,48,28248,516
2020-11-09,San Benito,069,59416,1586,1506,1,1507,15
2020-11-09,San Bernardino,071,2135413,74113,69015,659,69674,1182
2020-11-09,San Diego,073,3302833,65093,60572,2045,62617,908
2020-11-09,San Francisco,075,870044,13647,12984,71,13055,146
2020-11-09,San Joaquin,077,732212,23701,22512,323,22835,505
2020-11-09,San Luis Obispo,079,281455,5204,4746,66,4812,32
2020-11-09,San Mateo,081,765935,12543,11857,10,11867,169
2020-11-09,Santa Barbara,083,443738,10850,10214,146,10360,134
2020-11-09,Santa Clara,085,1922200,28889,26693,53,26746,409
2020-11-09,Santa Cruz,087,273765,3440,3194,37,3231,25
2020-11-09,Shasta,089,179085,3516,2581,50,2631,36
2020-11-09,Sierra,091,2930,10,10,0,10,0
2020-11-09,Siskiyou,093,43540,315,257,14,271,0
2020-11-09,Solano,095,438530,8661,8254,42,8296,85
2020-11-09,Sonoma,097,501317,10864,10310,34,10344,150
2020-11-09,Stanislaus,099,539301,19146,18482,966,19448,418
2020-11-09,Sutter,101,95872,2229,2010,4,2014,12
2020-11-09,Tehama,103,63373,1203,1071,3,1074,7
2020-11-09,Trinity,105,12862,149,46,18,64,0
2020-11-09,Tulare,107,460477,19231,18272,691,18963,304
2020-11-09,Tuolumne,109,53932,496,346,4,350,7
2020-11-09,Ventura,111,848112,16652,15568,465,16033,156
2020-11-09,Yolo,113,214977,3795,3522,9,3531,62
2020-11-09,Yuba,115,75493,1476,1380,7,1387,10
2020-11-08,Alameda,001,1643700,25778,24731,253,24984,424
2020-11-08,Alpine,003,1148,24,6,0,6,0
2020-11-08,Amador,005,37829,402,376,0,376,16
2020-11-08,Butte,007,227075,3469,3285,74,3359,57
2020-11-08,Calaveras,009,45235,365,360,0,360,21
2020-11-08,Colusa,011,21464,597,583,1,584,6
2020-11-08,Contra Costa,013,1133247,20922,20031,104,20135,254
2020-11-08,Del Norte,015,27424,210,195,0,195,2
2020-11-08,El Dorado,017,186661,1679,1502,8,1510,4
2020-11-08,Fresno,019,978130,36189,32619,692,33311,465
2020-11-08,Glenn,021,27897,770,707,8,715,3
2020-11-08,Humboldt,023,135768,650,605,1,606,9
2020-11-08,Imperial,025,180216,13864,13428,50,13478,338
2020-11-08,Inyo,027,18085,263,252,5,257,14
2020-11-08,Kern,029,883053,35980,34644,636,35280,448
2020-11-08,Kings,031,150075,9497,9026,87,9113,84
2020-11-08,Lake,033,64148,791,754,0,754,16
2020-11-08,Lassen,035,31185,875,799,2,801,0
2020-11-08,Los Angeles,037,10098052,328495,318960,3676,322636,7176
2020-11-08,Madera,039,155013,5440,5196,67,5263,54
2020-11-08,Marin,041,260295,7360,7227,22,7249,131
2020-11-08,Mariposa,043,17540,90,83,0,83,2
2020-11-08,Mendocino,045,87422,1215,1129,5,1134,22
2020-11-08,Merced,047,269075,10226,9885,63,9948,157
2020-11-08,Modoc,049,8938,70,54,12,66,0
2020-11-08,Mono,051,14174,461,352,8,360,2
2020-11-08,Monterey,053,433212,12743,12122,115,12237,98
2020-11-08,Napa,055,140530,2475,2274,10,2284,15
2020-11-08,Nevada,057,99092,832,715,22,737,9
2020-11-08,Orange,059,3164182,65472,62034,1978,64012,1501
2020-11-08,Placer,061,380077,5259,4800,32,4832,60
2020-11-08,Plumas,063,18699,129,102,0,102,0
2020-11-08,Riverside,065,2383286,74608,71442,848,72290,1345
2020-11-08,Sacramento,067,1510023,29533,28059,45,28104,515
2020-11-08,San Benito,069,59416,1571,1496,1,1497,15
2020-11-08,San Bernardino,071,2135413,72862,68412,620,69032,1182
2020-11-08,San Diego,073,3302833,64248,60199,2001,62200,908
2020-11-08,San Francisco,075,870044,13516,12985,66,13051,146
2020-11-08,San Joaquin,077,732212,23507,22514,319,22833,505
2020-11-08,San Luis Obispo,079,281455,5138,4698,61,4759,32
2020-11-08,San Mateo,081,765935,12424,11783,10,11793,169
2020-11-08,Santa Barbara,083,443738,10780,10180,144,10324,134
2020-11-08,Santa Clara,085,1922200,28515,26442,52,26494,410
2020-11-08,Santa Cruz,087,273765,3383,3134,37,3171,25
2020-11-08,Shasta,089,179085,3380,2582,44,2626,36
2020-11-08,Sierra,091,2930,10,7,0,7,0
2020-11-08,Siskiyou,093,43540,303,246,13,259,0
2020-11-08,Solano,095,438530,8540,8132,41,8173,85
2020-11-08,Sonoma,097,501317,10757,10229,34,10263,149
2020-11-08,Stanislaus,099,539301,18970,18413,945,19358,418
2020-11-08,Sutter,101,95872,2171,1980,4,1984,12
2020-11-08,Tehama,103,63373,1179,1054,3,1057,7
2020-11-08,Trinity,105,12862,146,46,17,63,0
2020-11-08,Tulare,107,460477,19088,18272,661,18933,304
2020-11-08,Tuolumne,109,53932,469,341,4,345,7
2020-11-08,Ventura,111,848112,16457,15504,457,15961,156
2020-11-08,Yolo,113,214977,3734,3492,9,3501,61
2020-11-08,Yuba,115,75493,1455,1369,7,1376,10
2020-11-07,Alameda,001,1643700,25668,24578,251,24829,424
2020-11-07,Alpine,003,1148,24,6,0,6,0
2020-11-07,Amador,005,37829,399,375,0,375,16
2020-11-07,Butte,007,227075,3457,3277,69,3346,57
2020-11-07,Calaveras,009,45235,363,360,0,360,21
2020-11-07,Colusa,011,21464,597,583,1,584,6
2020-11-07,Contra Costa,013,1133247,20821,19943,103,20046,254
2020-11-07,Del Norte,015,27424,206,194,0,194,2
2020-11-07,El Dorado,017,186661,1654,1495,7,1502,4
2020-11-07,Fresno,019,978130,36035,32497,669,33166,465
2020-11-07,Glenn,021,27897,762,707,8,715,3
2020-11-07,Humboldt,023,135768,639,590,1,591,9
2020-11-07,Imperial,025,180216,13806,13388,49,13437,338
2020-11-07,Inyo,027,18085,261,252,5,257,14
2020-11-07,Kern,029,883053,35825,34513,626,35139,448
2020-11-07,Kings,031,150075,9464,9005,81,9086,84
2020-11-07,Lake,033,64148,787,751,0,751,16
2020-11-07,Lassen,035,31185,859,799,2,801,0
2020-11-07,Los Angeles,037,10098052,326987,316756,3608,320364,7174
2020-11-07,Madera,039,155013,5418,5177,65,5242,54
2020-11-07,Marin,041,260295,7349,7215,22,7237,131
2020-11-07,Mariposa,043,17540,90,81,0,81,2
2020-11-07,Mendocino,045,87422,1205,1118,5,1123,22
2020-11-07,Merced,047,269075,10194,9855,59,9914,157
2020-11-07,Modoc,049,8938,70,51,12,63,0
2020-11-07,Mono,051,14174,458,352,8,360,2
2020-11-07,Monterey,053,433212,12674,12030,111,12141,98
2020-11-07,Napa,055,140530,2445,2260,9,2269,15
2020-11-07,Nevada,057,99092,815,710,22,732,9
2020-11-07,Orange,059,3164182,65186,62038,1972,64010,1505
2020-11-07,Placer,061,380077,5196,4745,32,4777,60
2020-11-07,Plumas,063,18699,127,94,0,94,0
2020-11-07,Riverside,065,2383286,74213,71153,820,71973,1345
2020-11-07,Sacramento,067,1510023,29282,27773,45,27818,515
2020-11-07,San Benito,069,59416,1559,1489,1,1490,15
2020-11-07,San Bernardino,071,2135413,72347,67935,609,68544,1182
2020-11-07,San Diego,073,3302833,63736,59682,1969,61651,909
2020-11-07,San Francisco,075,870044,13455,12980,65,13045,146
2020-11-07,San Joaquin,077,732212,23398,22517,313,22830,505
2020-11-07,San Luis Obispo,079,281455,5089,4668,58,4726,32
2020-11-07,San Mateo,081,765935,12361,11711,10,11721,169
2020-11-07,Santa Barbara,083,443738,10738,10157,142,10299,134
2020-11-07,Santa Clara,085,1922200,28310,26244,51,26295,410
2020-11-07,Santa Cruz,087,273765,3345,3130,37,3167,25
2020-11-07,Shasta,089,179085,3311,2547,42,2589,36
2020-11-07,Sierra,091,2930,10,7,0,7,0
2020-11-07,Siskiyou,093,43540,299,241,13,254,0
2020-11-07,Solano,095,438530,8488,8066,41,8107,85
2020-11-07,Sonoma,097,501317,10711,10200,34,10234,149
2020-11-07,Stanislaus,099,539301,18861,18386,928,19314,418
2020-11-07,Sutter,101,95872,2131,1973,4,1977,12
2020-11-07,Tehama,103,63373,1155,1043,3,1046,7
2020-11-07,Trinity,105,12862,146,42,16,58,0
2020-11-07,Tulare,107,460477,19032,18229,644,18873,304
2020-11-07,Tuolumne,109,53932,458,327,4,331,7
2020-11-07,Ventura,111,848112,16397,15364,452,15816,156
2020-11-07,Yolo,113,214977,3703,3486,9,3495,61
2020-11-07,Yuba,115,75493,1440,1349,7,1356,10
2020-11-06,Alameda,001,1643700,25536,24389,249,24638,420
2020-11-06,Alpine,003,1148,24,6,0,6,0
2020-11-06,Amador,005,37829,397,369,0,369,16
2020-11-06,Butte,007,227075,3432,3254,61,3315,57
2020-11-06,Calaveras,009,45235,362,359,0,359,21
2020-11-06,Colusa,011,21464,595,580,1,581,6
2020-11-06,Contra Costa,013,1133247,20672,19744,103,19847,252
2020-11-06,Del Norte,015,27424,203,194,0,194,2
2020-11-06,El Dorado,017,186661,1628,1475,7,1482,4
2020-11-06,Fresno,019,978130,35847,32278,652,32930,460
2020-11-06,Glenn,021,27897,756,707,7,714,3
2020-11-06,Humboldt,023,135768,636,587,1,588,9
2020-11-06,Imperial,025,180216,13753,13230,49,13279,338
2020-11-06,Inyo,027,18085,259,246,5,251,14
2020-11-06,Kern,029,883053,35660,34360,608,34968,443
2020-11-06,Kings,031,150075,9440,8883,79,8962,83
2020-11-06,Lake,033,64148,786,741,0,741,16
2020-11-06,Lassen,035,31185,851,794,2,796,0
2020-11-06,Los Angeles,037,10098052,325014,314356,3555,317911,7160
2020-11-06,Madera,039,155013,5402,5136,64,5200,54
2020-11-06,Marin,041,260295,7328,7184,22,7206,131
2020-11-06,Mariposa,043,17540,89,79,0,79,2
2020-11-06,Mendocino,045,87422,1200,1113,5,1118,22
2020-11-06,Merced,047,269075,10154,9778,56,9834,157
2020-11-06,Modoc,049,8938,70,48,12,60,0
2020-11-06,Mono,051,14174,452,308,8,316,1
2020-11-06,Monterey,053,433212,12557,11914,110,12024,96
2020-11-06,Napa,055,140530,2420,2189,9,2198,15
2020-11-06,Nevada,057,99092,802,692,21,713,9
2020-11-06,Orange,059,3164182,64883,61049,1962,63011,1494
2020-11-06,Placer,061,380077,5123,4680,32,4712,60
2020-11-06,Plumas,063,18699,122,90,0,90,0
2020-11-06,Riverside,065,2383286,73763,70409,779,71188,1341
2020-11-06,Sacramento,067,1510023,28990,27489,43,27532,514
2020-11-06,San Benito,069,59416,1550,1479,1,1480,15
2020-11-06,San Bernardino,071,2135413,71751,66740,588,67328,1179
2020-11-06,San Diego,073,3302833,63212,59143,1937,61080,907
2020-11-06,San Francisco,075,870044,13385,12825,64,12889,146
2020-11-06,San Joaquin,077,732212,23313,22424,303,22727,502
2020-11-06,San Luis Obispo,079,281455,5024,4531,52,4583,32
2020-11-06,San Mateo,081,765935,12286,11587,10,11597,168
2020-11-06,Santa Barbara,083,443738,10702,10118,137,10255,133
2020-11-06,Santa Clara,085,1922200,28068,25831,51,25882,402
2020-11-06,Santa Cruz,087,273765,3308,3063,37,3100,25
2020-11-06,Shasta,089,179085,3238,2475,41,2516,35
2020-11-06,Sierra,091,2930,9,7,0,7,0
2020-11-06,Siskiyou,093,43540,286,237,12,249,0
2020-11-06,Solano,095,438530,8423,7959,41,8000,85
2020-11-06,Sonoma,097,501317,10661,10142,34,10176,149
2020-11-06,Stanislaus,099,539301,18773,18250,919,19169,417
2020-11-06,Sutter,101,95872,2104,1937,2,1939,12
2020-11-06,Tehama,103,63373,1134,1024,3,1027,6
2020-11-06,Trinity,105,12862,143,41,16,57,0
2020-11-06,Tulare,107,460477,18968,18136,619,18755,300
2020-11-06,Tuolumne,109,53932,437,316,4,320,5
2020-11-06,Ventura,111,848112,16311,15222,449,15671,154
2020-11-06,Yolo,113,214977,3674,3420,9,3429,62
2020-11-06,Yuba,115,75493,1427,1335,7,1342,10
2020-11-05,Alameda,001,1643700,25358,24270,249,24519,420
2020-11-05,Alpine,003,1148,24,6,0,6,0
2020-11-05,Amador,005,37829,394,363,0,363,16
2020-11-05,Butte,007,227075,3409,3239,55,3294,57
2020-11-05,Calaveras,009,45235,355,333,0,333,19
2020-11-05,Colusa,011,21464,591,574,1,575,6
2020-11-05,Contra Costa,013,1133247,20490,19656,101,19757,252
2020-11-05,Del Norte,015,27424,201,192,0,192,2
2020-11-05,El Dorado,017,186661,1604,1466,7,1473,4
2020-11-05,Fresno,019,978130,35604,32056,627,32683,460
2020-11-05,Glenn,021,27897,736,702,7,709,3
2020-11-05,Humboldt,023,135768,625,581,1,582,9
2020-11-05,Imperial,025,180216,13661,13178,47,13225,337
2020-11-05,Inyo,027,18085,259,247,5,252,14
2020-11-05,Kern,029,883053,35458,34232,594,34826,443
2020-11-05,Kings,031,150075,9285,8846,76,8922,83
2020-11-05,Lake,033,64148,782,739,0,739,16
2020-11-05,Lassen,035,31185,820,782,2,784,0
2020-11-05,Los Angeles,037,10098052,322658,312381,3502,315883,7146
2020-11-05,Madera,039,155013,5363,5129,61,5190,54
2020-11-05,Marin,041,260295,7306,7171,22,7193,131
2020-11-05,Mariposa,043,17540,88,79,0,79,2
2020-11-05,Mendocino,045,87422,1188,1112,5,1117,22
2020-11-05,Merced,047,269075,10095,9753,51,9804,155
2020-11-05,Modoc,049,8938,69,47,11,58,0
2020-11-05,Mono,051,14174,450,307,8,315,1
2020-11-05,Monterey,053,433212,12449,11784,106,11890,96
2020-11-05,Napa,055,140530,2393,2158,9,2167,15
2020-11-05,Nevada,057,99092,780,687,20,707,9
2020-11-05,Orange,059,3164182,64436,60740,1952,62692,1484
2020-11-05,Placer,061,380077,5054,4627,27,4654,60
2020-11-05,Plumas,063,18699,114,90,0,90,0
2020-11-05,Riverside,065,2383286,73052,70094,721,70815,1338
2020-11-05,Sacramento,067,1510023,28609,27232,42,27274,512
2020-11-05,San Benito,069,59416,1535,1477,1,1478,15
2020-11-05,San Bernardino,071,2135413,70924,66407,575,66982,1174
2020-11-05,San Diego,073,3302833,62586,58659,1911,60570,904
2020-11-05,San Francisco,075,870044,13273,12726,63,12789,146
2020-11-05,San Joaquin,077,732212,23149,22318,299,22617,502
2020-11-05,San Luis Obispo,079,281455,4957,4459,50,4509,32
2020-11-05,San Mateo,081,765935,12192,11535,10,11545,168
2020-11-05,Santa Barbara,083,443738,10658,10080,134,10214,133
2020-11-05,Santa Clara,085,1922200,27801,25651,51,25702,402
2020-11-05,Santa Cruz,087,273765,3270,3023,37,3060,25
2020-11-05,Shasta,089,179085,3148,2401,40,2441,34
2020-11-05,Sierra,091,2930,9,6,0,6,0
2020-11-05,Siskiyou,093,43540,275,228,12,240,0
2020-11-05,Solano,095,438530,8340,7842,41,7883,85
2020-11-05,Sonoma,097,501317,10549,10064,33,10097,145
2020-11-05,Stanislaus,099,539301,18659,18194,906,19100,417
2020-11-05,Sutter,101,95872,2072,1925,2,1927,12
2020-11-05,Tehama,103,63373,1112,1015,2,1017,6
2020-11-05,Trinity,105,12862,127,41,15,56,0
2020-11-05,Tulare,107,460477,18880,18049,592,18641,301
2020-11-05,Tuolumne,109,53932,408,312,4,316,5
2020-11-05,Ventura,111,848112,16145,15113,438,15551,155
2020-11-05,Yolo,113,214977,3624,3391,9,3400,61
2020-11-05,Yuba,115,75493,1409,1322,7,1329,10
2020-11-04,Alameda,001,1643700,25181,24172,247,24419,418
2020-11-04,Alpine,003,1148,20,5,0,5,0
2020-11-04,Amador,005,37829,391,362,0,362,16
2020-11-04,Butte,007,227075,3383,3218,52,3270,57
2020-11-04,Calaveras,009,45235,352,290,0,290,19
2020-11-04,Colusa,011,21464,589,571,1,572,6
2020-11-04,Contra Costa,013,1133247,20323,19472,98,19570,251
2020-11-04,Del Norte,015,27424,197,188,0,188,2
2020-11-04,El Dorado,017,186661,1589,1448,4,1452,4
2020-11-04,Fresno,019,978130,35370,31952,599,32551,457
2020-11-04,Glenn,021,27897,732,701,6,707,3
2020-11-04,Humboldt,023,135768,616,571,1,572,9
2020-11-04,Imperial,025,180216,13563,13087,47,13134,335
2020-11-04,Inyo,027,18085,258,247,5,252,14
2020-11-04,Kern,029,883053,35303,34027,583,34610,439
2020-11-04,Kings,031,150075,9251,8817,74,8891,83
2020-11-04,Lake,033,64148,775,735,0,735,16
2020-11-04,Lassen,035,31185,815,781,2,783,0
2020-11-04,Los Angeles,037,10098052,320348,310456,3422,313878,7124
2020-11-04,Madera,039,155013,5343,5083,57,5140,54
2020-11-04,Marin,041,260295,7294,7157,22,7179,131
2020-11-04,Mariposa,043,17540,88,79,0,79,2
2020-11-04,Mendocino,045,87422,1170,1089,5,1094,22
2020-11-04,Merced,047,269075,10045,9717,49,9766,153
2020-11-04,Modoc,049,8938,59,47,11,58,0
2020-11-04,Mono,051,14174,447,237,7,244,1
2020-11-04,Monterey,053,433212,12244,11743,100,11843,96
2020-11-04,Napa,055,140530,2339,2133,9,2142,15
2020-11-04,Nevada,057,99092,761,675,20,695,9
2020-11-04,Orange,059,3164182,64002,60463,1929,62392,1483
2020-11-04,Placer,061,380077,4975,4526,24,4550,60
2020-11-04,Plumas,063,18699,112,88,0,88,0
2020-11-04,Riverside,065,2383286,72435,69562,662,70224,1335
2020-11-04,Sacramento,067,1510023,28258,27005,41,27046,510
2020-11-04,San Benito,069,59416,1520,1464,1,1465,15
2020-11-04,San Bernardino,071,2135413,70127,65891,552,66443,1169
2020-11-04,San Diego,073,3302833,61940,58126,1885,60011,904
2020-11-04,San Francisco,075,870044,13189,12649,60,12709,146
2020-11-04,San Joaquin,077,732212,23012,22197,286,22483,500
2020-11-04,San Luis Obispo,079,281455,4890,4389,48,4437,32
2020-11-04,San Mateo,081,765935,12097,11456,10,11466,168
2020-11-04,Santa Barbara,083,443738,10619,10026,133,10159,132
2020-11-04,Santa Clara,085,1922200,27538,25487,51,25538,393
2020-11-04,Santa Cruz,087,273765,3233,2997,37,3034,25
2020-11-04,Shasta,089,179085,3017,2321,35,2356,34
2020-11-04,Sierra,091,2930,9,6,0,6,0
2020-11-04,Siskiyou,093,43540,266,222,12,234,0
2020-11-04,Solano,095,438530,8241,7733,41,7774,85
2020-11-04,Sonoma,097,501317,10455,9965,33,9998,142
2020-11-04,Stanislaus,099,539301,18542,18114,891,19005,416
2020-11-04,Sutter,101,95872,2038,1916,2,1918,12
2020-11-04,Tehama,103,63373,1088,997,2,999,6
2020-11-04,Trinity,105,12862,123,37,15,52,0
2020-11-04,Tulare,107,460477,18771,17952,564,18516,298
2020-11-04,Tuolumne,109,53932,386,310,4,314,5
2020-11-04,Ventura,111,848112,16004,14936,435,15371,155
2020-11-04,Yolo,113,214977,3583,3361,9,3370,62
2020-11-04,Yuba,115,75493,1388,1312,7,1319,10
2020-11-03,Alameda,001,1643700,24997,24055,245,24300,418
2020-11-03,Alpine,003,1148,19,4,0,4,0
2020-11-03,Amador,005,37829,386,361,0,361,16
2020-11-03,Butte,007,227075,3359,3211,47,3258,57
2020-11-03,Calaveras,009,45235,348,287,0,287,19
2020-11-03,Colusa,011,21464,584,572,1,573,6
2020-11-03,Contra Costa,013,1133247,20168,19416,98,19514,250
2020-11-03,Del Norte,015,27424,196,187,0,187,2
2020-11-03,El Dorado,017,186661,1567,1445,3,1448,4
2020-11-03,Fresno,019,978130,35099,31856,576,32432,457
2020-11-03,Glenn,021,27897,726,698,6,704,3
2020-11-03,Humboldt,023,135768,610,570,1,571,8
2020-11-03,Imperial,025,180216,13474,13044,45,13089,335
2020-11-03,Inyo,027,18085,257,244,5,249,14
2020-11-03,Kern,029,883053,35112,33957,572,34529,439
2020-11-03,Kings,031,150075,9088,8783,69,8852,83
2020-11-03,Lake,033,64148,765,732,0,732,16
2020-11-03,Lassen,035,31185,806,782,2,784,0
2020-11-03,Los Angeles,037,10098052,317892,308812,3354,312166,7104
2020-11-03,Madera,039,155013,5306,5058,56,5114,54
2020-11-03,Marin,041,260295,7274,7147,21,7168,131
2020-11-03,Mariposa,043,17540,87,79,0,79,2
2020-11-03,Mendocino,045,87422,1155,1084,5,1089,22
2020-11-03,Merced,047,269075,9992,9713,48,9761,153
2020-11-03,Modoc,049,8938,57,47,9,56,0
2020-11-03,Mono,051,14174,443,210,7,217,1
2020-11-03,Monterey,053,433212,12175,11703,93,11796,94
2020-11-03,Napa,055,140530,2303,2130,9,2139,15
2020-11-03,Nevada,057,99092,741,670,19,689,9
2020-11-03,Orange,059,3164182,63574,60283,1918,62201,1477
2020-11-03,Placer,061,380077,4901,4514,24,4538,60
2020-11-03,Plumas,063,18699,109,86,0,86,0
2020-11-03,Riverside,065,2383286,71816,69300,637,69937,1325
2020-11-03,Sacramento,067,1510023,27878,26841,40,26881,510
2020-11-03,San Benito,069,59416,1510,1463,1,1464,15
2020-11-03,San Bernardino,071,2135413,69316,65320,544,65864,1159
2020-11-03,San Diego,073,3302833,61264,57722,1841,59563,901
2020-11-03,San Francisco,075,870044,13066,12585,60,12645,146
2020-11-03,San Joaquin,077,732212,22877,22109,280,22389,500
2020-11-03,San Luis Obispo,079,281455,4808,4371,46,4417,32
2020-11-03,San Mateo,081,765935,12002,11406,10,11416,162
2020-11-03,Santa Barbara,083,443738,10565,10008,128,10136,132
2020-11-03,Santa Clara,085,1922200,27266,25386,50,25436,393
2020-11-03,Santa Cruz,087,273765,3183,2980,36,3016,25
2020-11-03,Shasta,089,179085,2922,2288,28,2316,33
2020-11-03,Sierra,091,2930,7,6,0,6,0
2020-11-03,Siskiyou,093,43540,262,219,11,230,0
2020-11-03,Solano,095,438530,8158,7691,41,7732,85
2020-11-03,Sonoma,097,501317,10353,9906,33,9939,142
2020-11-03,Stanislaus,099,539301,18421,18080,880,18960,416
2020-11-03,Sutter,101,95872,2005,1914,2,1916,12
2020-11-03,Tehama,103,63373,1067,988,2,990,6
2020-11-03,Trinity,105,12862,116,36,14,50,0
2020-11-03,Tulare,107,460477,18665,17890,539,18429,297
2020-11-03,Tuolumne,109,53932,363,302,4,306,5
2020-11-03,Ventura,111,848112,15877,14816,428,15244,155
2020-11-03,Yolo,113,214977,3532,3343,9,3352,61
2020-11-03,Yuba,115,75493,1375,1295,7,1302,10
2020-11-02,Alameda,001,1643700,24801,23991,242,24233,419
2020-11-02,Alpine,003,1148,16,4,0,4,0
2020-11-02,Amador,005,37829,378,357,0,357,16
2020-11-02,Butte,007,227075,3339,3198,44,3242,57
2020-11-02,Calaveras,009,45235,348,282,0,282,18
2020-11-02,Colusa,011,21464,579,571,1,572,6
2020-11-02,Contra Costa,013,1133247,20014,19339,97,19436,250
2020-11-02,Del Norte,015,27424,193,175,0,175,2
2020-11-02,El Dorado,017,186661,1543,1405,3,1408,4
2020-11-02,Fresno,019,978130,34829,31738,559,32297,451
2020-11-02,Glenn,021,27897,720,692,5,697,3
2020-11-02,Humboldt,023,135768,601,569,1,570,8
2020-11-02,Imperial,025,180216,13394,13004,44,13048,334
2020-11-02,Inyo,027,18085,254,243,5,248,14
2020-11-02,Kern,029,883053,34954,33834,562,34396,437
2020-11-02,Kings,031,150075,9058,8654,66,8720,82
2020-11-02,Lake,033,64148,759,728,0,728,17
2020-11-02,Lassen,035,31185,798,782,2,784,0
2020-11-02,Los Angeles,037,10098052,315547,307620,3276,310896,7079
2020-11-02,Madera,039,155013,5276,5033,55,5088,54
2020-11-02,Marin,041,260295,7256,7132,20,7152,125
2020-11-02,Mariposa,043,17540,87,79,0,79,2
2020-11-02,Mendocino,045,87422,1141,1076,5,1081,21
2020-11-02,Merced,047,269075,9930,9664,42,9706,152
2020-11-02,Modoc,049,8938,54,45,5,50,0
2020-11-02,Mono,051,14174,441,211,7,218,1
2020-11-02,Monterey,053,433212,12068,11602,90,11692,93
2020-11-02,Napa,055,140530,2261,2081,9,2090,15
2020-11-02,Nevada,057,99092,725,656,19,675,9
2020-11-02,Orange,059,3164182,63168,59996,1902,61898,1474
2020-11-02,Placer,061,380077,4833,4461,22,4483,60
2020-11-02,Plumas,063,18699,101,86,0,86,0
2020-11-02,Riverside,065,2383286,71185,68833,596,69429,1321
2020-11-02,Sacramento,067,1510023,27536,26676,38,26714,508
2020-11-02,San Benito,069,59416,1498,1459,1,1460,15
2020-11-02,San Bernardino,071,2135413,68462,64629,533,65162,1157
2020-11-02,San Diego,073,3302833,60541,57429,1796,59225,891
2020-11-02,San Francisco,075,870044,12969,12436,59,12495,145
2020-11-02,San Joaquin,077,732212,22737,21919,272,22191,500
2020-11-02,San Luis Obispo,079,281455,4708,4303,43,4346,31
2020-11-02,San Mateo,081,765935,11893,11328,10,11338,161
2020-11-02,Santa Barbara,083,443738,10524,9985,123,10108,130
2020-11-02,Santa Clara,085,1922200,26976,25222,50,25272,387
2020-11-02,Santa Cruz,087,273765,3141,2943,36,2979,25
2020-11-02,Shasta,089,179085,2817,2174,24,2198,33
2020-11-02,Sierra,091,2930,7,6,0,6,0
2020-11-02,Siskiyou,093,43540,252,216,11,227,0
2020-11-02,Solano,095,438530,8040,7665,41,7706,84
2020-11-02,Sonoma,097,501317,10270,9796,32,9828,140
2020-11-02,Stanislaus,099,539301,18325,18005,871,18876,412
2020-11-02,Sutter,101,95872,1981,1895,2,1897,12
2020-11-02,Tehama,103,63373,1044,971,2,973,6
2020-11-02,Trinity,105,12862,110,30,14,44,0
2020-11-02,Tulare,107,460477,18572,17774,518,18292,299
2020-11-02,Tuolumne,109,53932,343,302,4,306,5
2020-11-02,Ventura,111,848112,15736,14767,414,15181,156
2020-11-02,Yolo,113,214977,3483,3318,9,3327,61
2020-11-02,Yuba,115,75493,1362,1280,7,1287,10
2020-11-01,Alameda,001,1643700,24638,23892,240,24132,419
2020-11-01,Alpine,003,1148,10,4,0,4,0
2020-11-01,Amador,005,37829,375,352,0,352,16
2020-11-01,Butte,007,227075,3315,3185,43,3228,57
2020-11-01,Calaveras,009,45235,347,282,0,282,18
2020-11-01,Colusa,011,21464,577,567,1,568,6
2020-11-01,Contra Costa,013,1133247,19840,19246,96,19342,250
2020-11-01,Del Norte,015,27424,189,175,0,175,2
2020-11-01,El Dorado,017,186661,1527,1394,3,1397,4
2020-11-01,Fresno,019,978130,34571,31613,539,32152,451
2020-11-01,Glenn,021,27897,711,688,3,691,3
2020-11-01,Humboldt,023,135768,593,568,1,569,8
2020-11-01,Imperial,025,180216,13303,12969,42,13011,334
2020-11-01,Inyo,027,18085,252,241,5,246,14
2020-11-01,Kern,029,883053,34773,33760,467,34227,437
2020-11-01,Kings,031,150075,9020,8641,65,8706,82
2020-11-01,Lake,033,64148,753,727,0,727,17
2020-11-01,Lassen,035,31185,798,782,2,784,0
2020-11-01,Los Angeles,037,10098052,312979,306217,3183,309400,7077
2020-11-01,Madera,039,155013,5228,5019,53,5072,54
2020-11-01,Marin,041,260295,7239,7124,20,7144,125
2020-11-01,Mariposa,043,17540,83,79,0,79,2
2020-11-01,Mendocino,045,87422,1128,1074,5,1079,21
2020-11-01,Merced,047,269075,9869,9626,42,9668,152
2020-11-01,Modoc,049,8938,53,45,5,50,0
2020-11-01,Mono,051,14174,412,211,6,217,1
2020-11-01,Monterey,053,433212,11960,11587,87,11674,93
2020-11-01,Napa,055,140530,2227,2067,9,2076,15
2020-11-01,Nevada,057,99092,709,646,18,664,9
2020-11-01,Orange,059,3164182,62766,59733,1875,61608,1475
2020-11-01,Placer,061,380077,4767,4422,21,4443,58
2020-11-01,Plumas,063,18699,96,86,0,86,0
2020-11-01,Riverside,065,2383286,70555,68493,560,69053,1319
2020-11-01,Sacramento,067,1510023,27215,26442,38,26480,508
2020-11-01,San Benito,069,59416,1483,1451,1,1452,15
2020-11-01,San Bernardino,071,2135413,67619,64339,512,64851,1157
2020-11-01,San Diego,073,3302833,59853,57122,1756,58878,891
2020-11-01,San Francisco,075,870044,12846,12436,54,12490,145
2020-11-01,San Joaquin,077,732212,22609,21919,266,22185,500
2020-11-01,San Luis Obispo,079,281455,4628,4303,42,4345,31
2020-11-01,San Mateo,081,765935,11812,11280,10,11290,160
2020-11-01,Santa Barbara,083,443738,10473,9969,107,10076,130
2020-11-01,Santa Clara,085,1922200,26696,25090,50,25140,386
2020-11-01,Santa Cruz,087,273765,3088,2921,36,2957,25
2020-11-01,Shasta,089,179085,2682,2172,23,2195,33
2020-11-01,Sierra,091,2930,7,6,0,6,0
2020-11-01,Siskiyou,093,43540,247,205,11,216,0
2020-11-01,Solano,095,438530,7950,7591,41,7632,84
2020-11-01,Sonoma,097,501317,10178,9688,32,9720,140
2020-11-01,Stanislaus,099,539301,18224,17961,851,18812,412
2020-11-01,Sutter,101,95872,1955,1888,1,1889,12
2020-11-01,Tehama,103,63373,1027,965,2,967,5
2020-11-01,Trinity,105,12862,108,30,13,43,0
2020-11-01,Tulare,107,460477,18460,17774,487,18261,299
2020-11-01,Tuolumne,109,53932,321,295,4,299,5
2020-11-01,Ventura,111,848112,15587,14686,383,15069,156
2020-11-01,Yolo,113,214977,3435,3303,9,3312,60
2020-11-01,Yuba,115,75493,1345,1273,7,1280,10
2020-10-31,Alameda,001,1643700,24523,23780,236,24016,416
2020-10-31,Alpine,003,1148,10,4,0,4,0
2020-10-31,Amador,005,37829,371,347,0,347,16
2020-10-31,Butte,007,227075,3302,3172,41,3213,57
2020-10-31,Calaveras,009,45235,347,280,0,280,18
2020-10-31,Colusa,011,21464,575,555,1,556,6
2020-10-31,Contra Costa,013,1133247,19734,19161,96,19257,249
2020-10-31,Del Norte,015,27424,188,175,0,175,2
2020-10-31,El Dorado,017,186661,1518,1390,3,1393,4
2020-10-31,Fresno,019,978130,34435,31558,536,32094,451
2020-10-31,Glenn,021,27897,709,678,3,681,3
2020-10-31,Humboldt,023,135768,590,561,1,562,8
2020-10-31,Imperial,025,180216,13261,12912,42,12954,334
2020-10-31,Inyo,027,18085,251,241,5,246,14
2020-10-31,Kern,029,883053,34670,33666,457,34123,437
2020-10-31,Kings,031,150075,8999,8612,64,8676,82
2020-10-31,Lake,033,64148,749,724,0,724,16
2020-10-31,Lassen,035,31185,793,782,2,784,0
2020-10-31,Los Angeles,037,10098052,311607,304704,3139,307843,7073
2020-10-31,Madera,039,155013,5210,5013,50,5063,54
2020-10-31,Marin,041,260295,7223,7112,20,7132,125
2020-10-31,Mariposa,043,17540,83,79,0,79,2
2020-10-31,Mendocino,045,87422,1120,1066,5,1071,21
2020-10-31,Merced,047,269075,9836,9597,41,9638,151
2020-10-31,Modoc,049,8938,52,34,4,38,0
2020-10-31,Mono,051,14174,263,194,5,199,1
2020-10-31,Monterey,053,433212,11892,11539,83,11622,93
2020-10-31,Napa,055,140530,2208,2040,9,2049,15
2020-10-31,Nevada,057,99092,691,644,18,662,9
2020-10-31,Orange,059,3164182,62507,59488,1857,61345,1473
2020-10-31,Placer,061,380077,4717,4374,20,4394,58
2020-10-31,Plumas,063,18699,95,85,0,85,0
2020-10-31,Riverside,065,2383286,70198,68178,537,68715,1319
2020-10-31,Sacramento,067,1510023,27016,26316,36,26352,507
2020-10-31,San Benito,069,59416,1476,1448,1,1449,15
2020-10-31,San Bernardino,071,2135413,67194,64016,502,64518,1157
2020-10-31,San Diego,073,3302833,59400,56769,1728,58497,891
2020-10-31,San Francisco,075,870044,12772,12438,53,12491,145
2020-10-31,San Joaquin,077,732212,22534,21918,257,22175,500
2020-10-31,San Luis Obispo,079,281455,4559,4285,39,4324,31
2020-10-31,San Mateo,081,765935,11760,11253,10,11263,160
2020-10-31,Santa Barbara,083,443738,10445,9957,99,10056,130
2020-10-31,Santa Clara,085,1922200,26528,24957,50,25007,379
2020-10-31,Santa Cruz,087,273765,3053,2895,35,2930,25
2020-10-31,Shasta,089,179085,2632,2122,22,2144,33
2020-10-31,Sierra,091,2930,7,6,0,6,0
2020-10-31,Siskiyou,093,43540,245,200,11,211,0
2020-10-31,Solano,095,438530,7886,7545,41,7586,84
2020-10-31,Sonoma,097,501317,10125,9648,32,9680,140
2020-10-31,Stanislaus,099,539301,18161,17920,835,18755,412
2020-10-31,Sutter,101,95872,1946,1876,1,1877,12
2020-10-31,Tehama,103,63373,1017,953,2,955,5
2020-10-31,Trinity,105,12862,105,30,13,43,0
2020-10-31,Tulare,107,460477,18411,17758,479,18237,299
2020-10-31,Tuolumne,109,53932,314,290,4,294,5
2020-10-31,Ventura,111,848112,15503,14635,365,15000,155
2020-10-31,Yolo,113,214977,3400,3290,9,3299,60
2020-10-31,Yuba,115,75493,1329,1260,6,1266,10
2020-10-30,Alameda,001,1643700,24443,23676,234,23910,401
2020-10-30,Alpine,003,1148,10,4,0,4,0
2020-10-30,Amador,005,37829,371,344,0,344,16
2020-10-30,Butte,007,227075,3297,3160,41,3201,57
2020-10-30,Calaveras,009,45235,346,279,0,279,18
2020-10-30,Colusa,011,21464,573,554,1,555,6
2020-10-30,Contra Costa,013,1133247,19662,19074,96,19170,249
2020-10-30,Del Norte,015,27424,187,175,0,175,2
2020-10-30,El Dorado,017,186661,1505,1386,3,1389,4
2020-10-30,Fresno,019,978130,34313,31409,527,31936,446
2020-10-30,Glenn,021,27897,703,674,2,676,3
2020-10-30,Humboldt,023,135768,589,561,1,562,7
2020-10-30,Imperial,025,180216,13220,12853,42,12895,334
2020-10-30,Inyo,027,18085,250,241,5,246,14
2020-10-30,Kern,029,883053,34577,33583,456,34039,437
2020-10-30,Kings,031,150075,8989,8564,62,8626,82
2020-10-30,Lake,033,64148,749,720,0,720,16
2020-10-30,Lassen,035,31185,787,777,2,779,0
2020-10-30,Los Angeles,037,10098052,310171,303425,3104,306529,7060
2020-10-30,Madera,039,155013,5198,4991,48,5039,54
2020-10-30,Marin,041,260295,7203,7097,20,7117,125
2020-10-30,Mariposa,043,17540,83,78,0,78,2
2020-10-30,Mendocino,045,87422,1118,1062,5,1067,21
2020-10-30,Merced,047,269075,9804,9539,41,9580,150
2020-10-30,Modoc,049,8938,51,34,3,37,0
2020-10-30,Mono,051,14174,262,193,5,198,1
2020-10-30,Monterey,053,433212,11829,11491,78,11569,92
2020-10-30,Napa,055,140530,2190,2028,9,2037,15
2020-10-30,Nevada,057,99092,685,634,18,652,9
2020-10-30,Orange,059,3164182,62265,59334,1845,61179,1469
2020-10-30,Placer,061,380077,4670,4335,20,4355,58
2020-10-30,Plumas,063,18699,92,80,0,80,0
2020-10-30,Riverside,065,2383286,69858,67752,517,68269,1317
2020-10-30,Sacramento,067,1510023,26868,26147,36,26183,505
2020-10-30,San Benito,069,59416,1470,1440,1,1441,15
2020-10-30,San Bernardino,071,2135413,66779,63512,499,64011,1156
2020-10-30,San Diego,073,3302833,58995,56387,1706,58093,888
2020-10-30,San Francisco,075,870044,12717,12384,53,12437,145
2020-10-30,San Joaquin,077,732212,22467,21849,251,22100,500
2020-10-30,San Luis Obispo,079,281455,4516,4256,39,4295,31
2020-10-30,San Mateo,081,765935,11701,11207,10,11217,159
2020-10-30,Santa Barbara,083,443738,10422,9937,99,10036,128
2020-10-30,Santa Clara,085,1922200,26379,24811,50,24861,378
2020-10-30,Santa Cruz,087,273765,3035,2874,35,2909,25
2020-10-30,Shasta,089,179085,2588,2048,21,2069,32
2020-10-30,Sierra,091,2930,7,6,0,6,0
2020-10-30,Siskiyou,093,43540,245,192,11,203,0
2020-10-30,Solano,095,438530,7825,7497,41,7538,84
2020-10-30,Sonoma,097,501317,10050,9602,32,9634,140
2020-10-30,Stanislaus,099,539301,18113,17861,819,18680,410
2020-10-30,Sutter,101,95872,1933,1860,1,1861,12
2020-10-30,Tehama,103,63373,1013,932,2,934,5
2020-10-30,Trinity,105,12862,105,29,13,42,0
2020-10-30,Tulare,107,460477,18366,17682,464,18146,299
2020-10-30,Tuolumne,109,53932,307,286,4,290,4
2020-10-30,Ventura,111,848112,15430,14578,353,14931,154
2020-10-30,Yolo,113,214977,3383,3263,9,3272,60
2020-10-30,Yuba,115,75493,1321,1256,6,1262,10
2020-10-29,Alameda,001,1643700,24279,23530,233,23763,401
2020-10-29,Alpine,003,1148,7,4,0,4,0
2020-10-29,Amador,005,37829,367,338,0,338,16
2020-10-29,Butte,007,227075,3279,3143,40,3183,57
2020-10-29,Calaveras,009,45235,344,278,0,278,13
2020-10-29,Colusa,011,21464,569,552,1,553,6
2020-10-29,Contra Costa,013,1133247,19563,18933,95,19028,249
2020-10-29,Del Norte,015,27424,185,174,0,174,2
2020-10-29,El Dorado,017,186661,1483,1370,3,1373,4
2020-10-29,Fresno,019,978130,34156,31321,520,31841,445
2020-10-29,Glenn,021,27897,701,673,2,675,3
2020-10-29,Humboldt,023,135768,584,559,1,560,7
2020-10-29,Imperial,025,180216,13176,12769,42,12811,334
2020-10-29,Inyo,027,18085,248,238,5,243,14
2020-10-29,Kern,029,883053,34476,33460,452,33912,437
2020-10-29,Kings,031,150075,8835,8502,61,8563,82
2020-10-29,Lake,033,64148,746,702,0,702,16
2020-10-29,Lassen,035,31185,786,772,2,774,0
2020-10-29,Los Angeles,037,10098052,308543,302246,3057,305303,7046
2020-10-29,Madera,039,155013,5168,4970,46,5016,53
2020-10-29,Marin,041,260295,7189,7083,20,7103,125
2020-10-29,Mariposa,043,17540,81,78,0,78,2
2020-10-29,Mendocino,045,87422,1112,1058,5,1063,21
2020-10-29,Merced,047,269075,9751,9496,41,9537,150
2020-10-29,Modoc,049,8938,49,31,3,34,0
2020-10-29,Mono,051,14174,255,176,5,181,1
2020-10-29,Monterey,053,433212,11748,11425,76,11501,92
2020-10-29,Napa,055,140530,2166,2009,9,2018,15
2020-10-29,Nevada,057,99092,678,632,18,650,9
2020-10-29,Orange,059,3164182,61997,59046,1825,60871,1464
2020-10-29,Placer,061,380077,4625,4270,18,4288,58
2020-10-29,Plumas,063,18699,90,69,0,69,0
2020-10-29,Riverside,065,2383286,69481,67268,487,67755,1304
2020-10-29,Sacramento,067,1510023,26656,25978,35,26013,507
2020-10-29,San Benito,069,59416,1465,1431,1,1432,15
2020-10-29,San Bernardino,071,2135413,66211,62968,489,63457,1150
2020-10-29,San Diego,073,3302833,58529,55916,1677,57593,885
2020-10-29,San Francisco,075,870044,12638,12312,53,12365,145
2020-10-29,San Joaquin,077,732212,22383,21736,239,21975,498
2020-10-29,San Luis Obispo,079,281455,4486,4223,38,4261,31
2020-10-29,San Mateo,081,765935,11655,11145,10,11155,157
2020-10-29,Santa Barbara,083,443738,10389,9902,97,9999,128
2020-10-29,Santa Clara,085,1922200,26227,24614,50,24664,377
2020-10-29,Santa Cruz,087,273765,3010,2850,35,2885,24
2020-10-29,Shasta,089,179085,2525,2008,21,2029,32
2020-10-29,Sierra,091,2930,6,6,0,6,0
2020-10-29,Siskiyou,093,43540,229,185,11,196,0
2020-10-29,Solano,095,438530,7763,7453,41,7494,78
2020-10-29,Sonoma,097,501317,9986,9533,32,9565,140
2020-10-29,Stanislaus,099,539301,18060,17790,798,18588,410
2020-10-29,Sutter,101,95872,1925,1852,1,1853,12
2020-10-29,Tehama,103,63373,995,925,2,927,5
2020-10-29,Trinity,105,12862,100,28,12,40,0
2020-10-29,Tulare,107,460477,18288,17627,445,18072,299
2020-10-29,Tuolumne,109,53932,302,279,4,283,4
2020-10-29,Ventura,111,848112,15339,14486,349,14835,154
2020-10-29,Yolo,113,214977,3354,3246,9,3255,60
2020-10-29,Yuba,115,75493,1310,1248,6,1254,10
2020-10-28,Alameda,001,1643700,24179,23468,232,23700,400
2020-10-28,Alpine,003,1148,6,4,0,4,0
2020-10-28,Amador,005,37829,364,337,0,337,16
2020-10-28,Butte,007,227075,3263,3134,37,3171,56
2020-10-28,Calaveras,009,45235,343,278,0,278,13
2020-10-28,Colusa,011,21464,566,551,1,552,6
2020-10-28,Contra Costa,013,1133247,19476,18828,94,18922,246
2020-10-28,Del Norte,015,27424,182,173,0,173,2
2020-10-28,El Dorado,017,186661,1471,1363,3,1366,4
2020-10-28,Fresno,019,978130,34035,31195,514,31709,444
2020-10-28,Glenn,021,27897,697,673,2,675,3
2020-10-28,Humboldt,023,135768,580,559,1,560,7
2020-10-28,Imperial,025,180216,13127,12730,41,12771,333
2020-10-28,Inyo,027,18085,248,238,5,243,14
2020-10-28,Kern,029,883053,34374,33424,433,33857,436
2020-10-28,Kings,031,150075,8813,8486,60,8546,82
2020-10-28,Lake,033,64148,743,700,0,700,15
2020-10-28,Lassen,035,31185,782,771,2,773,0
2020-10-28,Los Angeles,037,10098052,307084,300726,3015,303741,7031
2020-10-28,Madera,039,155013,5151,4954,45,4999,53
2020-10-28,Marin,041,260295,7178,7079,20,7099,126
2020-10-28,Mariposa,043,17540,81,78,0,78,2
2020-10-28,Mendocino,045,87422,1111,1037,5,1042,20
2020-10-28,Merced,047,269075,9725,9480,40,9520,150
2020-10-28,Modoc,049,8938,48,31,2,33,0
2020-10-28,Mono,051,14174,237,176,5,181,1
2020-10-28,Monterey,053,433212,11690,11330,74,11404,89
2020-10-28,Napa,055,140530,2140,1998,8,2006,15
2020-10-28,Nevada,057,99092,670,629,18,647,9
2020-10-28,Orange,059,3164182,61733,58801,1809,60610,1459
2020-10-28,Placer,061,380077,4569,4236,18,4254,57
2020-10-28,Plumas,063,18699,89,67,0,67,0
2020-10-28,Riverside,065,2383286,69083,67003,463,67466,1302
2020-10-28,Sacramento,067,1510023,26460,25838,34,25872,506
2020-10-28,San Benito,069,59416,1457,1429,1,1430,15
2020-10-28,San Bernardino,071,2135413,65751,62778,480,63258,1154
2020-10-28,San Diego,073,3302833,58146,55556,1648,57204,881
2020-10-28,San Francisco,075,870044,12580,12261,52,12313,145
2020-10-28,San Joaquin,077,732212,22299,21707,228,21935,498
2020-10-28,San Luis Obispo,079,281455,4445,4197,35,4232,31
2020-10-28,San Mateo,081,765935,11588,11101,10,11111,157
2020-10-28,Santa Barbara,083,443738,10365,9872,95,9967,127
2020-10-28,Santa Clara,085,1922200,26083,24503,50,24553,375
2020-10-28,Santa Cruz,087,273765,2979,2836,35,2871,24
2020-10-28,Shasta,089,179085,2445,1996,20,2016,31
2020-10-28,Sierra,091,2930,6,6,0,6,0
2020-10-28,Siskiyou,093,43540,226,182,10,192,0
2020-10-28,Solano,095,438530,7704,7362,41,7403,77
2020-10-28,Sonoma,097,501317,9896,9457,27,9484,140
2020-10-28,Stanislaus,099,539301,17995,17765,789,18554,409
2020-10-28,Sutter,101,95872,1916,1840,1,1841,12
2020-10-28,Tehama,103,63373,984,921,2,923,5
2020-10-28,Trinity,105,12862,93,28,11,39,0
2020-10-28,Tulare,107,460477,18231,17569,429,17998,297
2020-10-28,Tuolumne,109,53932,299,277,4,281,4
2020-10-28,Ventura,111,848112,15266,14409,340,14749,153
2020-10-28,Yolo,113,214977,3330,3230,9,3239,60
2020-10-28,Yuba,115,75493,1298,1245,6,1251,10
2020-10-27,Alameda,001,1643700,24064,23365,230,23595,400
2020-10-27,Alpine,003,1148,6,3,0,3,0
2020-10-27,Amador,005,37829,361,335,0,335,16
2020-10-27,Butte,007,227075,3247,3107,34,3141,56
2020-10-27,Calaveras,009,45235,341,277,0,277,13
2020-10-27,Colusa,011,21464,561,549,1,550,6
2020-10-27,Contra Costa,013,1133247,19371,18766,94,18860,246
2020-10-27,Del Norte,015,27424,179,173,0,173,2
2020-10-27,El Dorado,017,186661,1458,1351,3,1354,4
2020-10-27,Fresno,019,978130,33916,31096,509,31605,442
2020-10-27,Glenn,021,27897,695,667,1,668,3
2020-10-27,Humboldt,023,135768,577,559,1,560,7
2020-10-27,Imperial,025,180216,13078,12680,40,12720,333
2020-10-27,Inyo,027,18085,248,231,5,236,14
2020-10-27,Kern,029,883053,34257,33328,429,33757,436
2020-10-27,Kings,031,150075,8782,8411,60,8471,83
2020-10-27,Lake,033,64148,740,700,0,700,15
2020-10-27,Lassen,035,31185,780,764,2,766,0
2020-10-27,Los Angeles,037,10098052,305699,299438,2986,302424,7008
2020-10-27,Madera,039,155013,5121,4942,44,4986,53
2020-10-27,Marin,041,260295,7162,7070,20,7090,126
2020-10-27,Mariposa,043,17540,80,78,0,78,2
2020-10-27,Mendocino,045,87422,1105,1033,4,1037,20
2020-10-27,Merced,047,269075,9685,9449,40,9489,150
2020-10-27,Modoc,049,8938,46,31,2,33,0
2020-10-27,Mono,051,14174,223,169,5,174,1
2020-10-27,Monterey,053,433212,11634,11261,72,11333,88
2020-10-27,Napa,055,140530,2124,1979,8,1987,15
2020-10-27,Nevada,057,99092,664,622,18,640,8
2020-10-27,Orange,059,3164182,61462,58550,1793,60343,1448
2020-10-27,Placer,061,380077,4520,4197,16,4213,57
2020-10-27,Plumas,063,18699,86,63,0,63,0
2020-10-27,Riverside,065,2383286,68730,66699,418,67117,1299
2020-10-27,Sacramento,067,1510023,26273,25701,33,25734,501
2020-10-27,San Benito,069,59416,1452,1428,1,1429,15
2020-10-27,San Bernardino,071,2135413,65288,62357,467,62824,1154
2020-10-27,San Diego,073,3302833,57673,55226,1625,56851,877
2020-10-27,San Francisco,075,870044,12505,12218,51,12269,140
2020-10-27,San Joaquin,077,732212,22208,21637,219,21856,496
2020-10-27,San Luis Obispo,079,281455,4417,4148,31,4179,31
2020-10-27,San Mateo,081,765935,11539,11074,10,11084,156
2020-10-27,Santa Barbara,083,443738,10335,9874,94,9968,125
2020-10-27,Santa Clara,085,1922200,25941,24368,50,24418,367
2020-10-27,Santa Cruz,087,273765,2949,2815,34,2849,24
2020-10-27,Shasta,089,179085,2358,1962,20,1982,29
2020-10-27,Sierra,091,2930,6,6,0,6,0
2020-10-27,Siskiyou,093,43540,217,181,10,191,0
2020-10-27,Solano,095,438530,7635,7298,41,7339,77
2020-10-27,Sonoma,097,501317,9829,9389,27,9416,140
2020-10-27,Stanislaus,099,539301,17927,17720,782,18502,408
2020-10-27,Sutter,101,95872,1903,1832,1,1833,12
2020-10-27,Tehama,103,63373,970,913,2,915,5
2020-10-27,Trinity,105,12862,90,28,11,39,0
2020-10-27,Tulare,107,460477,18168,17520,406,17926,296
2020-10-27,Tuolumne,109,53932,295,275,4,279,4
2020-10-27,Ventura,111,848112,15183,14347,333,14680,153
2020-10-27,Yolo,113,214977,3316,3216,9,3225,58
2020-10-27,Yuba,115,75493,1285,1235,6,1241,10
2020-10-26,Alameda,001,1643700,23951,23284,229,23513,398
2020-10-26,Alpine,003,1148,4,3,0,3,0
2020-10-26,Amador,005,37829,357,331,0,331,16
2020-10-26,Butte,007,227075,3235,3095,32,3127,56
2020-10-26,Calaveras,009,45235,337,274,0,274,13
2020-10-26,Colusa,011,21464,559,548,1,549,6
2020-10-26,Contra Costa,013,1133247,19275,18718,93,18811,245
2020-10-26,Del Norte,015,27424,179,171,0,171,2
2020-10-26,El Dorado,017,186661,1444,1336,3,1339,4
2020-10-26,Fresno,019,978130,33802,30969,502,31471,441
2020-10-26,Glenn,021,27897,688,660,1,661,3
2020-10-26,Humboldt,023,135768,569,554,1,555,7
2020-10-26,Imperial,025,180216,13024,12654,36,12690,333
2020-10-26,Inyo,027,18085,248,226,5,231,14
2020-10-26,Kern,029,883053,34173,33233,424,33657,432
2020-10-26,Kings,031,150075,8760,8264,58,8322,82
2020-10-26,Lake,033,64148,738,697,0,697,15
2020-10-26,Lassen,035,31185,777,764,2,766,0
2020-10-26,Los Angeles,037,10098052,304271,297961,2944,300905,6979
2020-10-26,Madera,039,155013,5100,4922,43,4965,53
2020-10-26,Marin,041,260295,7156,7064,19,7083,104
2020-10-26,Mariposa,043,17540,80,77,0,77,2
2020-10-26,Mendocino,045,87422,1097,1026,4,1030,20
2020-10-26,Merced,047,269075,9638,9375,39,9414,150
2020-10-26,Modoc,049,8938,44,28,0,28,0
2020-10-26,Mono,051,14174,217,167,5,172,1
2020-10-26,Monterey,053,433212,11584,11207,68,11275,87
2020-10-26,Napa,055,140530,2092,1966,8,1974,14
2020-10-26,Nevada,057,99092,657,618,18,636,8
2020-10-26,Orange,059,3164182,61259,58377,1774,60151,1442
2020-10-26,Placer,061,380077,4478,4161,15,4176,57
2020-10-26,Plumas,063,18699,84,63,0,63,0
2020-10-26,Riverside,065,2383286,68278,66475,392,66867,1294
2020-10-26,Sacramento,067,1510023,26090,25555,31,25586,496
2020-10-26,San Benito,069,59416,1444,1424,1,1425,15
2020-10-26,San Bernardino,071,2135413,64818,61871,464,62335,1153
2020-10-26,San Diego,073,3302833,57280,54957,1587,56544,870
2020-10-26,San Francisco,075,870044,12445,12072,51,12123,138
2020-10-26,San Joaquin,077,732212,22125,21459,213,21672,495
2020-10-26,San Luis Obispo,079,281455,4392,4133,31,4164,31
2020-10-26,San Mateo,081,765935,11495,11037,10,11047,156
2020-10-26,Santa Barbara,083,443738,10311,9827,94,9921,122
2020-10-26,Santa Clara,085,1922200,25751,24258,49,24307,365
2020-10-26,Santa Cruz,087,273765,2923,2808,34,2842,24
2020-10-26,Shasta,089,179085,2305,1889,20,1909,29
2020-10-26,Sierra,091,2930,6,6,0,6,0
2020-10-26,Siskiyou,093,43540,209,179,10,189,0
2020-10-26,Solano,095,438530,7555,7271,41,7312,62
2020-10-26,Sonoma,097,501317,9749,9315,27,9342,140
2020-10-26,Stanislaus,099,539301,17877,17666,772,18438,400
2020-10-26,Sutter,101,95872,1895,1817,1,1818,12
2020-10-26,Tehama,103,63373,950,892,2,894,5
2020-10-26,Trinity,105,12862,89,26,11,37,0
2020-10-26,Tulare,107,460477,18091,17432,383,17815,296
2020-10-26,Tuolumne,109,53932,286,271,4,275,4
2020-10-26,Ventura,111,848112,15113,14330,330,14660,154
2020-10-26,Yolo,113,214977,3297,3206,9,3215,58
2020-10-26,Yuba,115,75493,1269,1226,6,1232,10
2020-10-25,Alameda,001,1643700,23845,23192,229,23421,398
2020-10-25,Alpine,003,1148,3,3,0,3,0
2020-10-25,Amador,005,37829,346,330,0,330,16
2020-10-25,Butte,007,227075,3216,3087,32,3119,56
2020-10-25,Calaveras,009,45235,336,274,0,274,13
2020-10-25,Colusa,011,21464,555,548,1,549,6
2020-10-25,Contra Costa,013,1133247,19174,18640,93,18733,245
2020-10-25,Del Norte,015,27424,175,171,0,171,2
2020-10-25,El Dorado,017,186661,1429,1328,3,1331,4
2020-10-25,Fresno,019,978130,33668,30858,489,31347,441
2020-10-25,Glenn,021,27897,685,652,1,653,3
2020-10-25,Humboldt,023,135768,566,554,1,555,7
2020-10-25,Imperial,025,180216,12974,12572,36,12608,333
2020-10-25,Inyo,027,18085,245,226,5,231,14
2020-10-25,Kern,029,883053,34066,33185,420,33605,432
2020-10-25,Kings,031,150075,8727,8246,56,8302,82
2020-10-25,Lake,033,64148,721,695,0,695,15
2020-10-25,Lassen,035,31185,774,764,2,766,0
2020-10-25,Los Angeles,037,10098052,302709,297110,2907,300017,6973
2020-10-25,Madera,039,155013,5070,4909,38,4947,53
2020-10-25,Marin,041,260295,7146,7052,19,7071,102
2020-10-25,Mariposa,043,17540,80,77,0,77,2
2020-10-25,Mendocino,045,87422,1090,1024,4,1028,20
2020-10-25,Merced,047,269075,9573,9352,37,9389,150
2020-10-25,Modoc,049,8938,39,28,0,28,0
2020-10-25,Mono,051,14174,209,167,5,172,1
2020-10-25,Monterey,053,433212,11501,11182,63,11245,87
2020-10-25,Napa,055,140530,2062,1962,8,1970,14
2020-10-25,Nevada,057,99092,649,616,18,634,8
2020-10-25,Orange,059,3164182,60971,58185,1765,59950,1443
2020-10-25,Placer,061,380077,4426,4140,15,4155,57
2020-10-25,Plumas,063,18699,84,63,0,63,0
2020-10-25,Riverside,065,2383286,67826,66192,376,66568,1289
2020-10-25,Sacramento,067,1510023,25874,25445,28,25473,496
2020-10-25,San Benito,069,59416,1437,1423,1,1424,15
2020-10-25,San Bernardino,071,2135413,64277,61551,452,62003,1153
2020-10-25,San Diego,073,3302833,56817,54599,1555,56154,870
2020-10-25,San Francisco,075,870044,12372,12072,51,12123,137
2020-10-25,San Joaquin,077,732212,22017,21459,205,21664,495
2020-10-25,San Luis Obispo,079,281455,4350,4126,29,4155,31
2020-10-25,San Mateo,081,765935,11450,10987,10,10997,156
2020-10-25,Santa Barbara,083,443738,10291,9814,94,9908,122
2020-10-25,Santa Clara,085,1922200,25563,24087,49,24136,365
2020-10-25,Santa Cruz,087,273765,2896,2789,34,2823,24
2020-10-25,Shasta,089,179085,2241,1889,20,1909,29
2020-10-25,Sierra,091,2930,6,6,0,6,0
2020-10-25,Siskiyou,093,43540,206,176,10,186,0
2020-10-25,Solano,095,438530,7477,7197,41,7238,60
2020-10-25,Sonoma,097,501317,9656,9235,26,9261,140
2020-10-25,Stanislaus,099,539301,17820,17641,762,18403,400
2020-10-25,Sutter,101,95872,1877,1811,1,1812,12
2020-10-25,Tehama,103,63373,933,880,2,882,5
2020-10-25,Trinity,105,12862,85,26,11,37,0
2020-10-25,Tulare,107,460477,18018,17431,373,17804,296
2020-10-25,Tuolumne,109,53932,281,271,4,275,4
2020-10-25,Ventura,111,848112,15020,14300,324,14624,154
2020-10-25,Yolo,113,214977,3276,3190,9,3199,58
2020-10-25,Yuba,115,75493,1261,1219,6,1225,10
2020-10-24,Alameda,001,1643700,23774,23099,226,23325,398
2020-10-24,Alpine,003,1148,3,3,0,3,0
2020-10-24,Amador,005,37829,345,328,0,328,16
2020-10-24,Butte,007,227075,3207,3078,32,3110,56
2020-10-24,Calaveras,009,45235,334,274,0,274,13
2020-10-24,Colusa,011,21464,550,548,1,549,6
2020-10-24,Contra Costa,013,1133247,19107,18567,93,18660,244
2020-10-24,Del Norte,015,27424,174,171,0,171,2
2020-10-24,El Dorado,017,186661,1413,1317,3,1320,4
2020-10-24,Fresno,019,978130,33607,30752,484,31236,441
2020-10-24,Glenn,021,27897,682,650,1,651,3
2020-10-24,Humboldt,023,135768,564,553,1,554,7
2020-10-24,Imperial,025,180216,12947,12469,36,12505,333
2020-10-24,Inyo,027,18085,245,226,5,231,14
2020-10-24,Kern,029,883053,34008,33105,414,33519,432
2020-10-24,Kings,031,150075,8717,8228,55,8283,82
2020-10-24,Lake,033,64148,716,696,0,696,15
2020-10-24,Lassen,035,31185,773,764,2,766,0
2020-10-24,Los Angeles,037,10098052,301889,296323,2885,299208,6969
2020-10-24,Madera,039,155013,5057,4898,37,4935,53
2020-10-24,Marin,041,260295,7137,7042,19,7061,102
2020-10-24,Mariposa,043,17540,80,77,0,77,2
2020-10-24,Mendocino,045,87422,1078,1022,4,1026,20
2020-10-24,Merced,047,269075,9549,9351,37,9388,150
2020-10-24,Modoc,049,8938,38,28,0,28,0
2020-10-24,Mono,051,14174,195,167,5,172,1
2020-10-24,Monterey,053,433212,11432,11153,62,11215,87
2020-10-24,Napa,055,140530,2045,1957,8,1965,14
2020-10-24,Nevada,057,99092,645,608,18,626,8
2020-10-24,Orange,059,3164182,60816,57928,1755,59683,1441
2020-10-24,Placer,061,380077,4395,4093,15,4108,57
2020-10-24,Plumas,063,18699,78,63,0,63,0
2020-10-24,Riverside,065,2383286,67618,65902,361,66263,1288
2020-10-24,Sacramento,067,1510023,25793,25372,28,25400,496
2020-10-24,San Benito,069,59416,1432,1417,1,1418,15
2020-10-24,San Bernardino,071,2135413,64037,61351,443,61794,1153
2020-10-24,San Diego,073,3302833,56540,54330,1542,55872,868
2020-10-24,San Francisco,075,870044,12314,12073,50,12123,137
2020-10-24,San Joaquin,077,732212,21965,21458,200,21658,495
2020-10-24,San Luis Obispo,079,281455,4325,4119,28,4147,31
2020-10-24,San Mateo,081,765935,11411,10942,10,10952,155
2020-10-24,Santa Barbara,083,443738,10274,9781,94,9875,122
2020-10-24,Santa Clara,085,1922200,25476,23978,49,24027,365
2020-10-24,Santa Cruz,087,273765,2877,2775,34,2809,24
2020-10-24,Shasta,089,179085,2196,1878,20,1898,29
2020-10-24,Sierra,091,2930,6,6,0,6,0
2020-10-24,Siskiyou,093,43540,205,174,10,184,0
2020-10-24,Solano,095,438530,7424,7189,41,7230,60
2020-10-24,Sonoma,097,501317,9622,9179,26,9205,140
2020-10-24,Stanislaus,099,539301,17776,17574,746,18320,400
2020-10-24,Sutter,101,95872,1868,1804,1,1805,12
2020-10-24,Tehama,103,63373,925,872,2,874,5
2020-10-24,Trinity,105,12862,85,25,11,36,0
2020-10-24,Tulare,107,460477,17995,17406,362,17768,295
2020-10-24,Tuolumne,109,53932,278,269,4,273,4
2020-10-24,Ventura,111,848112,14967,14240,323,14563,154
2020-10-24,Yolo,113,214977,3264,3164,9,3173,57
2020-10-24,Yuba,115,75493,1258,1210,6,1216,10
2020-10-23,Alameda,001,1643700,23702,23047,224,23271,393
2020-10-23,Alpine,003,1148,3,3,0,3,0
2020-10-23,Amador,005,37829,344,324,0,324,16
2020-10-23,Butte,007,227075,3198,3059,32,3091,55
2020-10-23,Calaveras,009,45235,333,273,0,273,13
2020-10-23,Colusa,011,21464,550,547,1,548,6
2020-10-23,Contra Costa,013,1133247,19037,18483,92,18575,244
2020-10-23,Del Norte,015,27424,174,171,0,171,2
2020-10-23,El Dorado,017,186661,1404,1310,3,1313,4
2020-10-23,Fresno,019,978130,33540,30590,480,31070,441
2020-10-23,Glenn,021,27897,679,644,1,645,3
2020-10-23,Humboldt,023,135768,562,553,1,554,7
2020-10-23,Imperial,025,180216,12916,12398,35,12433,333
2020-10-23,Inyo,027,18085,244,226,5,231,14
2020-10-23,Kern,029,883053,33940,33077,409,33486,431
2020-10-23,Kings,031,150075,8708,8218,55,8273,82
2020-10-23,Lake,033,64148,714,689,0,689,15
2020-10-23,Lassen,035,31185,772,764,2,766,0
2020-10-23,Los Angeles,037,10098052,300807,294287,2857,297144,6956
2020-10-23,Madera,039,155013,5052,4888,37,4925,53
2020-10-23,Marin,041,260295,7124,7029,19,7048,102
2020-10-23,Mariposa,043,17540,80,77,0,77,2
2020-10-23,Mendocino,045,87422,1075,1019,4,1023,20
2020-10-23,Merced,047,269075,9535,9327,37,9364,149
2020-10-23,Modoc,049,8938,38,28,0,28,0
2020-10-23,Mono,051,14174,194,159,5,164,1
2020-10-23,Monterey,053,433212,11385,11099,58,11157,86
2020-10-23,Napa,055,140530,2037,1942,8,1950,14
2020-10-23,Nevada,057,99092,642,604,18,622,8
2020-10-23,Orange,059,3164182,60645,57595,1740,59335,1430
2020-10-23,Placer,061,380077,4349,4073,15,4088,57
2020-10-23,Plumas,063,18699,75,63,0,63,0
2020-10-23,Riverside,065,2383286,67379,65512,353,65865,1279
2020-10-23,Sacramento,067,1510023,25687,25224,28,25252,496
2020-10-23,San Benito,069,59416,1430,1412,1,1413,15
2020-10-23,San Bernardino,071,2135413,63750,60854,429,61283,1150
2020-10-23,San Diego,073,3302833,56234,53944,1515,55459,867
2020-10-23,San Francisco,075,870044,12283,12015,50,12065,137
2020-10-23,San Joaquin,077,732212,21909,21361,194,21555,495
2020-10-23,San Luis Obispo,079,281455,4299,4102,28,4130,31
2020-10-23,San Mateo,081,765935,11362,10872,10,10882,155
2020-10-23,Santa Barbara,083,443738,10258,9751,94,9845,121
2020-10-23,Santa Clara,085,1922200,25374,23822,49,23871,364
2020-10-23,Santa Cruz,087,273765,2863,2757,34,2791,24
2020-10-23,Shasta,089,179085,2160,1846,19,1865,29
2020-10-23,Sierra,091,2930,6,6,0,6,0
2020-10-23,Siskiyou,093,43540,201,172,10,182,0
2020-10-23,Solano,095,438530,7393,7174,41,7215,59
2020-10-23,Sonoma,097,501317,9566,9112,26,9138,139
2020-10-23,Stanislaus,099,539301,17739,17496,739,18235,395
2020-10-23,Sutter,101,95872,1861,1797,1,1798,12
2020-10-23,Tehama,103,63373,916,862,2,864,5
2020-10-23,Trinity,105,12862,85,26,11,37,0
2020-10-23,Tulare,107,460477,17950,17334,350,17684,295
2020-10-23,Tuolumne,109,53932,276,254,4,258,4
2020-10-23,Ventura,111,848112,14938,14192,323,14515,155
2020-10-23,Yolo,113,214977,3252,3140,9,3149,57
2020-10-23,Yuba,115,75493,1254,1206,6,1212,10
2020-10-22,Alameda,001,1643700,23599,22915,224,23139,393
2020-10-22,Alpine,003,1148,3,3,0,3,0
2020-10-22,Amador,005,37829,340,317,0,317,16
2020-10-22,Butte,007,227075,3188,3046,30,3076,55
2020-10-22,Calaveras,009,45235,330,273,0,273,13
2020-10-22,Colusa,011,21464,550,547,1,548,6
2020-10-22,Contra Costa,013,1133247,18965,18393,92,18485,243
2020-10-22,Del Norte,015,27424,173,168,0,168,2
2020-10-22,El Dorado,017,186661,1394,1308,3,1311,4
2020-10-22,Fresno,019,978130,33429,30471,471,30942,438
2020-10-22,Glenn,021,27897,672,643,1,644,3
2020-10-22,Humboldt,023,135768,561,548,1,549,7
2020-10-22,Imperial,025,180216,12863,12311,34,12345,333
2020-10-22,Inyo,027,18085,241,220,5,225,14
2020-10-22,Kern,029,883053,33859,32991,406,33397,431
2020-10-22,Kings,031,150075,8457,8201,55,8256,82
2020-10-22,Lake,033,64148,710,678,0,678,15
2020-10-22,Lassen,035,31185,769,764,2,766,0
2020-10-22,Los Angeles,037,10098052,299432,291599,2798,294397,6935
2020-10-22,Madera,039,155013,5031,4847,37,4884,52
2020-10-22,Marin,041,260295,7117,7014,19,7033,102
2020-10-22,Mariposa,043,17540,80,77,0,77,2
2020-10-22,Mendocino,045,87422,1070,1016,4,1020,20
2020-10-22,Merced,047,269075,9507,9323,37,9360,149
2020-10-22,Modoc,049,8938,34,26,0,26,0
2020-10-22,Mono,051,14174,189,156,5,161,1
2020-10-22,Monterey,053,433212,11326,11059,55,11114,84
2020-10-22,Napa,055,140530,2022,1928,8,1936,14
2020-10-22,Nevada,057,99092,636,600,18,618,8
2020-10-22,Orange,059,3164182,60430,57418,1723,59141,1422
2020-10-22,Placer,061,380077,4300,4036,15,4051,57
2020-10-22,Plumas,063,18699,72,62,0,62,0
2020-10-22,Riverside,065,2383286,67045,65104,333,65437,1279
2020-10-22,Sacramento,067,1510023,25547,25054,28,25082,492
2020-10-22,San Benito,069,59416,1426,1403,1,1404,15
2020-10-22,San Bernardino,071,2135413,63348,60402,414,60816,1149
2020-10-22,San Diego,073,3302833,55847,53514,1496,55010,866
2020-10-22,San Francisco,075,870044,12225,11991,48,12039,137
2020-10-22,San Joaquin,077,732212,21836,21282,188,21470,495
2020-10-22,San Luis Obispo,079,281455,4283,4081,28,4109,31
2020-10-22,San Mateo,081,765935,11306,10796,10,10806,155
2020-10-22,Santa Barbara,083,443738,10224,9710,92,9802,120
2020-10-22,Santa Clara,085,1922200,25220,23621,49,23670,363
2020-10-22,Santa Cruz,087,273765,2845,2738,33,2771,24
2020-10-22,Shasta,089,179085,2114,1799,19,1818,29
2020-10-22,Sierra,091,2930,6,6,0,6,0
2020-10-22,Siskiyou,093,43540,201,169,10,179,0
2020-10-22,Solano,095,438530,7347,7116,41,7157,59
2020-10-22,Sonoma,097,501317,9500,9052,25,9077,139
2020-10-22,Stanislaus,099,539301,17685,17440,727,18167,395
2020-10-22,Sutter,101,95872,1847,1794,1,1795,12
2020-10-22,Tehama,103,63373,905,852,2,854,5
2020-10-22,Trinity,105,12862,84,26,11,37,0
2020-10-22,Tulare,107,460477,17884,17265,337,17602,293
2020-10-22,Tuolumne,109,53932,274,252,4,256,4
2020-10-22,Ventura,111,848112,14891,14124,321,14445,154
2020-10-22,Yolo,113,214977,3240,3116,9,3125,58
2020-10-22,Yuba,115,75493,1247,1199,5,1204,10
2020-10-21,Alameda,001,1643700,23511,22853,222,23075,392
2020-10-21,Alpine,003,1148,3,3,0,3,0
2020-10-21,Amador,005,37829,335,313,0,313,16
2020-10-21,Butte,007,227075,3176,3041,30,3071,55
2020-10-21,Calaveras,009,45235,329,272,0,272,13
2020-10-21,Colusa,011,21464,550,546,1,547,6
2020-10-21,Contra Costa,013,1133247,18891,18299,92,18391,243
2020-10-21,Del Norte,015,27424,173,169,0,169,2
2020-10-21,El Dorado,017,186661,1382,1305,2,1307,4
2020-10-21,Fresno,019,978130,33333,30328,466,30794,433
2020-10-21,Glenn,021,27897,667,640,1,641,3
2020-10-21,Humboldt,023,135768,560,548,1,549,7
2020-10-21,Imperial,025,180216,12806,12210,34,12244,331
2020-10-21,Inyo,027,18085,237,220,5,225,14
2020-10-21,Kern,029,883053,33784,32956,405,33361,430
2020-10-21,Kings,031,150075,8430,8186,55,8241,80
2020-10-21,Lake,033,64148,709,676,0,676,15
2020-10-21,Lassen,035,31185,768,764,2,766,0
2020-10-21,Los Angeles,037,10098052,298092,288096,2756,290852,6923
2020-10-21,Madera,039,155013,5006,4831,37,4868,52
2020-10-21,Marin,041,260295,7108,7002,19,7021,102
2020-10-21,Mariposa,043,17540,80,77,0,77,2
2020-10-21,Mendocino,045,87422,1068,1011,4,1015,21
2020-10-21,Merced,047,269075,9483,9319,35,9354,149
2020-10-21,Modoc,049,8938,33,26,0,26,0
2020-10-21,Mono,051,14174,187,156,5,161,1
2020-10-21,Monterey,053,433212,11288,11005,54,11059,83
2020-10-21,Napa,055,140530,2007,1918,8,1926,13
2020-10-21,Nevada,057,99092,630,597,18,615,8
2020-10-21,Orange,059,3164182,60217,57189,1714,58903,1409
2020-10-21,Placer,061,380077,4263,4007,15,4022,56
2020-10-21,Plumas,063,18699,69,58,0,58,0
2020-10-21,Riverside,065,2383286,66749,64778,309,65087,1278
2020-10-21,Sacramento,067,1510023,25353,24908,28,24936,490
2020-10-21,San Benito,069,59416,1425,1401,1,1402,14
2020-10-21,San Bernardino,071,2135413,62940,59948,407,60355,1141
2020-10-21,San Diego,073,3302833,55495,53279,1468,54747,863
2020-10-21,San Francisco,075,870044,12176,11976,47,12023,137
2020-10-21,San Joaquin,077,732212,21760,21201,182,21383,495
2020-10-21,San Luis Obispo,079,281455,4269,4055,26,4081,31
2020-10-21,San Mateo,081,765935,11257,10730,10,10740,155
2020-10-21,Santa Barbara,083,443738,10206,9681,91,9772,121
2020-10-21,Santa Clara,085,1922200,25094,23537,49,23586,361
2020-10-21,Santa Cruz,087,273765,2822,2729,33,2762,24
2020-10-21,Shasta,089,179085,2077,1777,19,1796,27
2020-10-21,Sierra,091,2930,6,6,0,6,0
2020-10-21,Siskiyou,093,43540,197,169,10,179,0
2020-10-21,Solano,095,438530,7301,7088,41,7129,59
2020-10-21,Sonoma,097,501317,9420,8987,25,9012,138
2020-10-21,Stanislaus,099,539301,17635,17419,719,18138,392
2020-10-21,Sutter,101,95872,1832,1786,1,1787,12
2020-10-21,Tehama,103,63373,889,824,2,826,5
2020-10-21,Trinity,105,12862,78,25,10,35,0
2020-10-21,Tulare,107,460477,17846,17204,323,17527,292
2020-10-21,Tuolumne,109,53932,273,251,4,255,4
2020-10-21,Ventura,111,848112,14828,14050,318,14368,153
2020-10-21,Yolo,113,214977,3221,3095,9,3104,58
2020-10-21,Yuba,115,75493,1238,1194,5,1199,10
2020-10-20,Alameda,001,1643700,23408,22750,218,22968,391
2020-10-20,Alpine,003,1148,3,3,0,3,0
2020-10-20,Amador,005,37829,334,313,0,313,16
2020-10-20,Butte,007,227075,3164,3027,30,3057,56
2020-10-20,Calaveras,009,45235,328,273,0,273,13
2020-10-20,Colusa,011,21464,547,546,1,547,6
2020-10-20,Contra Costa,013,1133247,18799,18246,92,18338,241
2020-10-20,Del Norte,015,27424,172,169,0,169,2
2020-10-20,El Dorado,017,186661,1376,1295,2,1297,4
2020-10-20,Fresno,019,978130,33230,30220,460,30680,431
2020-10-20,Glenn,021,27897,662,638,1,639,3
2020-10-20,Humboldt,023,135768,556,545,1,546,7
2020-10-20,Imperial,025,180216,12737,12114,34,12148,330
2020-10-20,Inyo,027,18085,237,218,5,223,14
2020-10-20,Kern,029,883053,33709,32889,392,33281,429
2020-10-20,Kings,031,150075,8412,8178,54,8232,80
2020-10-20,Lake,033,64148,707,675,0,675,15
2020-10-20,Lassen,035,31185,767,757,2,759,0
2020-10-20,Los Angeles,037,10098052,296600,287727,2706,290433,6891
2020-10-20,Madera,039,155013,4989,4823,37,4860,52
2020-10-20,Marin,041,260295,7093,6994,19,7013,101
2020-10-20,Mariposa,043,17540,79,77,0,77,2
2020-10-20,Mendocino,045,87422,1066,1004,4,1008,21
2020-10-20,Merced,047,269075,9461,9323,35,9358,149
2020-10-20,Modoc,049,8938,32,26,0,26,0
2020-10-20,Mono,051,14174,187,156,5,161,1
2020-10-20,Monterey,053,433212,11245,10942,51,10993,81
2020-10-20,Napa,055,140530,1988,1912,8,1920,13
2020-10-20,Nevada,057,99092,620,596,18,614,8
2020-10-20,Orange,059,3164182,59953,56914,1704,58618,1397
2020-10-20,Placer,061,380077,4225,3997,15,4012,56
2020-10-20,Plumas,063,18699,66,53,0,53,0
2020-10-20,Riverside,065,2383286,66369,64452,297,64749,1275
2020-10-20,Sacramento,067,1510023,25226,24767,27,24794,485
2020-10-20,San Benito,069,59416,1422,1398,1,1399,14
2020-10-20,San Bernardino,071,2135413,62558,59571,405,59976,1109
2020-10-20,San Diego,073,3302833,55159,53004,1448,54452,857
2020-10-20,San Francisco,075,870044,12129,12013,46,12059,126
2020-10-20,San Joaquin,077,732212,21681,21173,172,21345,490
2020-10-20,San Luis Obispo,079,281455,4251,4043,25,4068,31
2020-10-20,San Mateo,081,765935,11210,10659,10,10669,155
2020-10-20,Santa Barbara,083,443738,10177,9664,89,9753,121
2020-10-20,Santa Clara,085,1922200,24957,23406,49,23455,358
2020-10-20,Santa Cruz,087,273765,2799,2710,33,2743,23
2020-10-20,Shasta,089,179085,2054,1747,19,1766,20
2020-10-20,Sierra,091,2930,6,6,0,6,0
2020-10-20,Siskiyou,093,43540,189,168,10,178,0
2020-10-20,Solano,095,438530,7252,7044,41,7085,57
2020-10-20,Sonoma,097,501317,9357,8904,23,8927,135
2020-10-20,Stanislaus,099,539301,17581,17367,715,18082,393
2020-10-20,Sutter,101,95872,1823,1783,1,1784,12
2020-10-20,Tehama,103,63373,874,813,2,815,5
2020-10-20,Trinity,105,12862,77,25,10,35,0
2020-10-20,Tulare,107,460477,17779,17156,318,17474,289
2020-10-20,Tuolumne,109,53932,271,250,4,254,4
2020-10-20,Ventura,111,848112,14764,13980,316,14296,152
2020-10-20,Yolo,113,214977,3198,3083,9,3092,56
2020-10-20,Yuba,115,75493,1228,1191,5,1196,10
2020-10-19,Alameda,001,1643700,23296,22647,217,22864,392
2020-10-19,Alpine,003,1148,3,3,0,3,0
2020-10-19,Amador,005,37829,328,313,0,313,16
2020-10-19,Butte,007,227075,3153,3026,30,3056,55
2020-10-19,Calaveras,009,45235,327,268,0,268,13
2020-10-19,Colusa,011,21464,547,544,1,545,6
2020-10-19,Contra Costa,013,1133247,18701,18173,92,18265,239
2020-10-19,Del Norte,015,27424,169,167,0,167,2
2020-10-19,El Dorado,017,186661,1355,1287,2,1289,4
2020-10-19,Fresno,019,978130,33121,30152,454,30606,431
2020-10-19,Glenn,021,27897,657,635,0,635,3
2020-10-19,Humboldt,023,135768,556,543,1,544,7
2020-10-19,Imperial,025,180216,12683,12036,32,12068,330
2020-10-19,Inyo,027,18085,236,218,5,223,14
2020-10-19,Kern,029,883053,33633,32840,389,33229,428
2020-10-19,Kings,031,150075,8394,8173,54,8227,80
2020-10-19,Lake,033,64148,704,673,0,673,15
2020-10-19,Lassen,035,31185,766,757,2,759,0
2020-10-19,Los Angeles,037,10098052,295113,287119,2668,289787,6858
2020-10-19,Madera,039,155013,4974,4787,37,4824,52
2020-10-19,Marin,041,260295,7075,6981,19,7000,100
2020-10-19,Mariposa,043,17540,79,77,0,77,2
2020-10-19,Mendocino,045,87422,1061,1001,4,1005,21
2020-10-19,Merced,047,269075,9436,9305,31,9336,148
2020-10-19,Modoc,049,8938,31,26,0,26,0
2020-10-19,Mono,051,14174,182,156,5,161,1
2020-10-19,Monterey,053,433212,11184,10907,51,10958,80
2020-10-19,Napa,055,140530,1976,1892,8,1900,12
2020-10-19,Nevada,057,99092,617,590,18,608,8
2020-10-19,Orange,059,3164182,59668,56652,1689,58341,1396
2020-10-19,Placer,061,380077,4176,3962,15,3977,49
2020-10-19,Plumas,063,18699,64,52,0,52,0
2020-10-19,Riverside,065,2383286,65938,64016,281,64297,1272
2020-10-19,Sacramento,067,1510023,25087,24542,27,24569,483
2020-10-19,San Benito,069,59416,1415,1395,1,1396,14
2020-10-19,San Bernardino,071,2135413,62108,59265,394,59659,1100
2020-10-19,San Diego,073,3302833,54773,52739,1423,54162,853
2020-10-19,San Francisco,075,870044,12085,11879,46,11925,126
2020-10-19,San Joaquin,077,732212,21606,20930,164,21094,489
2020-10-19,San Luis Obispo,079,281455,4235,4016,25,4041,31
2020-10-19,San Mateo,081,765935,11164,10568,10,10578,154
2020-10-19,Santa Barbara,083,443738,10142,9632,89,9721,121
2020-10-19,Santa Clara,085,1922200,24806,23301,49,23350,352
2020-10-19,Santa Cruz,087,273765,2782,2705,33,2738,19
2020-10-19,Shasta,089,179085,2010,1709,18,1727,20
2020-10-19,Sierra,091,2930,6,6,0,6,0
2020-10-19,Siskiyou,093,43540,182,167,10,177,0
2020-10-19,Solano,095,438530,7211,7003,41,7044,57
2020-10-19,Sonoma,097,501317,9270,8830,23,8853,135
2020-10-19,Stanislaus,099,539301,17530,17342,705,18047,390
2020-10-19,Sutter,101,95872,1818,1773,1,1774,12
2020-10-19,Tehama,103,63373,871,793,2,795,5
2020-10-19,Trinity,105,12862,75,23,10,33,0
2020-10-19,Tulare,107,460477,17729,17047,311,17358,291
2020-10-19,Tuolumne,109,53932,269,247,4,251,4
2020-10-19,Ventura,111,848112,14698,13930,313,14243,152
2020-10-19,Yolo,113,214977,3185,3069,9,3078,56
2020-10-19,Yuba,115,75493,1221,1183,5,1188,10
2020-10-18,Alameda,001,1643700,23192,22546,216,22762,392
2020-10-18,Alpine,003,1148,3,3,0,3,0
2020-10-18,Amador,005,37829,316,313,0,313,16
2020-10-18,Butte,007,227075,3140,3019,30,3049,55
2020-10-18,Calaveras,009,45235,326,267,0,267,13
2020-10-18,Colusa,011,21464,545,544,1,545,6
2020-10-18,Contra Costa,013,1133247,18602,18120,92,18212,237
2020-10-18,Del Norte,015,27424,169,167,0,167,2
2020-10-18,El Dorado,017,186661,1346,1283,2,1285,4
2020-10-18,Fresno,019,978130,32992,30051,446,30497,430
2020-10-18,Glenn,021,27897,655,634,0,634,3
2020-10-18,Humboldt,023,135768,553,540,1,541,7
2020-10-18,Imperial,025,180216,12621,11987,30,12017,330
2020-10-18,Inyo,027,18085,233,215,5,220,14
2020-10-18,Kern,029,883053,33560,32799,382,33181,428
2020-10-18,Kings,031,150075,8379,8159,54,8213,80
2020-10-18,Lake,033,64148,697,670,0,670,15
2020-10-18,Lassen,035,31185,766,757,2,759,0
2020-10-18,Los Angeles,037,10098052,293406,286187,2625,288812,6857
2020-10-18,Madera,039,155013,4949,4770,36,4806,52
2020-10-18,Marin,041,260295,7054,6969,19,6988,99
2020-10-18,Mariposa,043,17540,79,77,0,77,2
2020-10-18,Mendocino,045,87422,1059,988,4,992,21
2020-10-18,Merced,047,269075,9401,9292,31,9323,148
2020-10-18,Modoc,049,8938,30,26,0,26,0
2020-10-18,Mono,051,14174,177,155,5,160,1
2020-10-18,Monterey,053,433212,11131,10872,51,10923,80
2020-10-18,Napa,055,140530,1963,1882,8,1890,12
2020-10-18,Nevada,057,99092,611,582,18,600,8
2020-10-18,Orange,059,3164182,59370,56394,1673,58067,1396
2020-10-18,Placer,061,380077,4128,3938,15,3953,49
2020-10-18,Plumas,063,18699,62,52,0,52,0
2020-10-18,Riverside,065,2383286,65625,63765,260,64025,1270
2020-10-18,Sacramento,067,1510023,24932,24425,27,24452,482
2020-10-18,San Benito,069,59416,1408,1395,1,1396,14
2020-10-18,San Bernardino,071,2135413,61608,58893,386,59279,1098
2020-10-18,San Diego,073,3302833,54384,52359,1402,53761,853
2020-10-18,San Francisco,075,870044,12046,11878,46,11924,126
2020-10-18,San Joaquin,077,732212,21523,20931,151,21082,489
2020-10-18,San Luis Obispo,079,281455,4204,4009,23,4032,31
2020-10-18,San Mateo,081,765935,11105,10503,10,10513,154
2020-10-18,Santa Barbara,083,443738,10103,9608,88,9696,121
2020-10-18,Santa Clara,085,1922200,24633,23169,49,23218,352
2020-10-18,Santa Cruz,087,273765,2768,2692,33,2725,19
2020-10-18,Shasta,089,179085,1985,1708,18,1726,20
2020-10-18,Sierra,091,2930,6,6,0,6,0
2020-10-18,Siskiyou,093,43540,182,167,10,177,0
2020-10-18,Solano,095,438530,7164,6962,41,7003,57
2020-10-18,Sonoma,097,501317,9193,8781,22,8803,134
2020-10-18,Stanislaus,099,539301,17474,17290,696,17986,390
2020-10-18,Sutter,101,95872,1809,1764,1,1765,12
2020-10-18,Tehama,103,63373,839,774,2,776,5
2020-10-18,Trinity,105,12862,75,20,10,30,0
2020-10-18,Tulare,107,460477,17635,17048,302,17350,290
2020-10-18,Tuolumne,109,53932,264,245,4,249,4
2020-10-18,Ventura,111,848112,14619,13901,312,14213,151
2020-10-18,Yolo,113,214977,3146,3059,9,3068,55
2020-10-18,Yuba,115,75493,1210,1176,5,1181,10
2020-10-17,Alameda,001,1643700,23146,22394,214,22608,398
2020-10-17,Alpine,003,1148,3,3,0,3,0
2020-10-17,Amador,005,37829,314,309,0,309,16
2020-10-17,Butte,007,227075,3132,3012,28,3040,55
2020-10-17,Calaveras,009,45235,326,267,0,267,13
2020-10-17,Colusa,011,21464,544,544,1,545,6
2020-10-17,Contra Costa,013,1133247,18549,18005,92,18097,237
2020-10-17,Del Norte,015,27424,169,167,0,167,2
2020-10-17,El Dorado,017,186661,1342,1277,2,1279,4
2020-10-17,Fresno,019,978130,32938,29911,444,30355,430
2020-10-17,Glenn,021,27897,652,633,0,633,3
2020-10-17,Humboldt,023,135768,550,535,1,536,7
2020-10-17,Imperial,025,180216,12593,11962,30,11992,330
2020-10-17,Inyo,027,18085,228,212,5,217,14
2020-10-17,Kern,029,883053,33509,32710,379,33089,428
2020-10-17,Kings,031,150075,8373,8151,53,8204,80
2020-10-17,Lake,033,64148,694,663,0,663,15
2020-10-17,Lassen,035,31185,766,757,2,759,0
2020-10-17,Los Angeles,037,10098052,292653,285858,2598,288456,6844
2020-10-17,Madera,039,155013,4943,4759,36,4795,53
2020-10-17,Marin,041,260295,7051,6958,19,6977,99
2020-10-17,Mariposa,043,17540,78,77,0,77,2
2020-10-17,Mendocino,045,87422,1052,977,4,981,21
2020-10-17,Merced,047,269075,9387,9275,31,9306,148
2020-10-17,Modoc,049,8938,30,26,0,26,0
2020-10-17,Mono,051,14174,176,155,5,160,1
2020-10-17,Monterey,053,433212,11091,10807,50,10857,80
2020-10-17,Napa,055,140530,1954,1866,8,1874,12
2020-10-17,Nevada,057,99092,610,580,18,598,8
2020-10-17,Orange,059,3164182,59228,56197,1666,57863,1396
2020-10-17,Placer,061,380077,4101,3898,15,3913,49
2020-10-17,Plumas,063,18699,62,52,0,52,0
2020-10-17,Riverside,065,2383286,65427,63171,250,63421,1270
2020-10-17,Sacramento,067,1510023,24848,24304,27,24331,482
2020-10-17,San Benito,069,59416,1404,1389,1,1390,14
2020-10-17,San Bernardino,071,2135413,61338,58415,379,58794,1097
2020-10-17,San Diego,073,3302833,54159,51986,1391,53377,853
2020-10-17,San Francisco,075,870044,12018,11877,45,11922,126
2020-10-17,San Joaquin,077,732212,21469,20932,145,21077,489
2020-10-17,San Luis Obispo,079,281455,4189,3979,23,4002,31
2020-10-17,San Mateo,081,765935,11077,10423,10,10433,153
2020-10-17,Santa Barbara,083,443738,10084,9588,86,9674,121
2020-10-17,Santa Clara,085,1922200,24544,22997,49,23046,349
2020-10-17,Santa Cruz,087,273765,2754,2680,33,2713,19
2020-10-17,Shasta,089,179085,1959,1679,18,1697,20
2020-10-17,Sierra,091,2930,6,6,0,6,0
2020-10-17,Siskiyou,093,43540,181,167,10,177,0
2020-10-17,Solano,095,438530,7138,6929,41,6970,57
2020-10-17,Sonoma,097,501317,9150,8725,22,8747,134
2020-10-17,Stanislaus,099,539301,17434,17232,687,17919,390
2020-10-17,Sutter,101,95872,1807,1762,1,1763,12
2020-10-17,Tehama,103,63373,823,764,2,766,5
2020-10-17,Trinity,105,12862,75,20,10,30,0
2020-10-17,Tulare,107,460477,17605,16995,293,17288,290
2020-10-17,Tuolumne,109,53932,264,241,4,245,4
2020-10-17,Ventura,111,848112,14574,13845,309,14154,151
2020-10-17,Yolo,113,214977,3131,3045,7,3052,55
2020-10-17,Yuba,115,75493,1205,1164,5,1169,10
2020-10-16,Alameda,001,1643700,23092,22315,214,22529,397
2020-10-16,Alpine,003,1148,3,3,0,3,0
2020-10-16,Amador,005,37829,314,309,0,309,16
2020-10-16,Butte,007,227075,3121,3004,28,3032,54
2020-10-16,Calaveras,009,45235,326,267,0,267,13
2020-10-16,Colusa,011,21464,543,544,1,545,6
2020-10-16,Contra Costa,013,1133247,18496,17956,92,18048,237
2020-10-16,Del Norte,015,27424,169,166,0,166,2
2020-10-16,El Dorado,017,186661,1336,1273,2,1275,4
2020-10-16,Fresno,019,978130,32862,29796,443,30239,427
2020-10-16,Glenn,021,27897,647,632,0,632,3
2020-10-16,Humboldt,023,135768,550,533,1,534,7
2020-10-16,Imperial,025,180216,12553,11885,30,11915,330
2020-10-16,Inyo,027,18085,224,212,5,217,14
2020-10-16,Kern,029,883053,33466,32660,377,33037,428
2020-10-16,Kings,031,150075,8364,8146,52,8198,80
2020-10-16,Lake,033,64148,692,644,0,644,14
2020-10-16,Lassen,035,31185,766,757,2,759,0
2020-10-16,Los Angeles,037,10098052,291591,284988,2577,287565,6835
2020-10-16,Madera,039,155013,4931,4736,35,4771,53
2020-10-16,Marin,041,260295,7041,6933,19,6952,99
2020-10-16,Mariposa,043,17540,78,76,0,76,2
2020-10-16,Mendocino,045,87422,1045,974,4,978,21
2020-10-16,Merced,047,269075,9370,9246,31,9277,148
2020-10-16,Modoc,049,8938,30,26,0,26,0
2020-10-16,Mono,051,14174,174,155,5,160,1
2020-10-16,Monterey,053,433212,11056,10727,50,10777,79
2020-10-16,Napa,055,140530,1945,1855,8,1863,12
2020-10-16,Nevada,057,99092,608,579,18,597,8
2020-10-16,Orange,059,3164182,59050,56091,1660,57751,1388
2020-10-16,Placer,061,380077,4081,3864,15,3879,49
2020-10-16,Plumas,063,18699,61,52,0,52,0
2020-10-16,Riverside,065,2383286,65202,62986,249,63235,1267
2020-10-16,Sacramento,067,1510023,24754,24144,27,24171,479
2020-10-16,San Benito,069,59416,1401,1388,1,1389,14
2020-10-16,San Bernardino,071,2135413,61068,58233,379,58612,1069
2020-10-16,San Diego,073,3302833,53917,51785,1377,53162,850
2020-10-16,San Francisco,075,870044,11996,11840,44,11884,126
2020-10-16,San Joaquin,077,732212,21424,20910,144,21054,489
2020-10-16,San Luis Obispo,079,281455,4175,3952,23,3975,32
2020-10-16,San Mateo,081,765935,11052,10405,10,10415,153
2020-10-16,Santa Barbara,083,443738,10066,9549,86,9635,119
2020-10-16,Santa Clara,085,1922200,24457,22920,49,22969,345
2020-10-16,Santa Cruz,087,273765,2741,2666,33,2699,20
2020-10-16,Shasta,089,179085,1937,1660,18,1678,20
2020-10-16,Sierra,091,2930,6,6,0,6,0
2020-10-16,Siskiyou,093,43540,179,167,10,177,0
2020-10-16,Solano,095,438530,7115,6879,41,6920,55
2020-10-16,Sonoma,097,501317,9094,8652,22,8674,133
2020-10-16,Stanislaus,099,539301,17400,17201,679,17880,366
2020-10-16,Sutter,101,95872,1799,1756,1,1757,12
2020-10-16,Tehama,103,63373,822,737,2,739,3
2020-10-16,Trinity,105,12862,75,20,10,30,0
2020-10-16,Tulare,107,460477,17573,16965,285,17250,290
2020-10-16,Tuolumne,109,53932,261,237,4,241,4
2020-10-16,Ventura,111,848112,14531,13805,304,14109,152
2020-10-16,Yolo,113,214977,3122,3030,7,3037,55
2020-10-16,Yuba,115,75493,1205,1155,5,1160,10
2020-10-15,Alameda,001,1643700,23024,22267,213,22480,390
2020-10-15,Alpine,003,1148,3,3,0,3,0
2020-10-15,Amador,005,37829,314,309,0,309,16
2020-10-15,Butte,007,227075,3109,3000,27,3027,54
2020-10-15,Calaveras,009,45235,325,267,0,267,13
2020-10-15,Colusa,011,21464,542,543,1,544,6
2020-10-15,Contra Costa,013,1133247,18429,17893,91,17984,237
2020-10-15,Del Norte,015,27424,169,164,0,164,2
2020-10-15,El Dorado,017,186661,1331,1265,2,1267,4
2020-10-15,Fresno,019,978130,32765,29727,440,30167,425
2020-10-15,Glenn,021,27897,642,632,0,632,3
2020-10-15,Humboldt,023,135768,546,531,1,532,7
2020-10-15,Imperial,025,180216,12512,11820,29,11849,330
2020-10-15,Inyo,027,18085,224,210,5,215,14
2020-10-15,Kern,029,883053,33385,32593,374,32967,427
2020-10-15,Kings,031,150075,8349,8134,52,8186,80
2020-10-15,Lake,033,64148,690,642,0,642,14
2020-10-15,Lassen,035,31185,765,752,2,754,0
2020-10-15,Los Angeles,037,10098052,290306,284019,2543,286562,6807
2020-10-15,Madera,039,155013,4919,4723,34,4757,50
2020-10-15,Marin,041,260295,7033,6912,19,6931,99
2020-10-15,Mariposa,043,17540,78,76,0,76,2
2020-10-15,Mendocino,045,87422,1039,963,4,967,21
2020-10-15,Merced,047,269075,9343,9213,31,9244,147
2020-10-15,Modoc,049,8938,30,26,0,26,0
2020-10-15,Mono,051,14174,174,155,5,160,1
2020-10-15,Monterey,053,433212,10989,10677,49,10726,79
2020-10-15,Napa,055,140530,1932,1842,8,1850,12
2020-10-15,Nevada,057,99092,604,575,18,593,8
2020-10-15,Orange,059,3164182,58833,55952,1648,57600,1379
2020-10-15,Placer,061,380077,4052,3848,15,3863,48
2020-10-15,Plumas,063,18699,58,52,0,52,0
2020-10-15,Riverside,065,2383286,64871,62819,246,63065,1266
2020-10-15,Sacramento,067,1510023,24638,24068,27,24095,474
2020-10-15,San Benito,069,59416,1398,1384,1,1385,14
2020-10-15,San Bernardino,071,2135413,60729,58068,376,58444,1067
2020-10-15,San Diego,073,3302833,53633,51472,1361,52833,847
2020-10-15,San Francisco,075,870044,11968,11808,41,11849,126
2020-10-15,San Joaquin,077,732212,21351,20880,138,21018,487
2020-10-15,San Luis Obispo,079,281455,4160,3934,23,3957,32
2020-10-15,San Mateo,081,765935,11012,10340,10,10350,152
2020-10-15,Santa Barbara,083,443738,10042,9526,85,9611,117
2020-10-15,Santa Clara,085,1922200,24341,22808,49,22857,343
2020-10-15,Santa Cruz,087,273765,2727,2656,33,2689,13
2020-10-15,Shasta,089,179085,1926,1635,18,1653,20
2020-10-15,Sierra,091,2930,6,6,0,6,0
2020-10-15,Siskiyou,093,43540,175,166,10,176,0
2020-10-15,Solano,095,438530,7076,6830,41,6871,55
2020-10-15,Sonoma,097,501317,9002,8571,22,8593,133
2020-10-15,Stanislaus,099,539301,17362,17151,665,17816,366
2020-10-15,Sutter,101,95872,1796,1752,1,1753,12
2020-10-15,Tehama,103,63373,795,726,2,728,3
2020-10-15,Trinity,105,12862,75,20,10,30,0
2020-10-15,Tulare,107,460477,17513,16918,270,17188,289
2020-10-15,Tuolumne,109,53932,259,236,4,240,4
2020-10-15,Ventura,111,848112,14475,13750,299,14049,152
2020-10-15,Yolo,113,214977,3102,3014,7,3021,55
2020-10-15,Yuba,115,75493,1198,1151,5,1156,10
2020-10-14,Alameda,001,1643700,22925,22227,212,22439,398
2020-10-14,Alpine,003,1148,3,3,0,3,0
2020-10-14,Amador,005,37829,312,308,0,308,16
2020-10-14,Butte,007,227075,3101,2995,27,3022,54
2020-10-14,Calaveras,009,45235,325,266,0,266,12
2020-10-14,Colusa,011,21464,542,543,1,544,6
2020-10-14,Contra Costa,013,1133247,18372,17820,89,17909,236
2020-10-14,Del Norte,015,27424,168,163,0,163,2
2020-10-14,El Dorado,017,186661,1325,1264,2,1266,4
2020-10-14,Fresno,019,978130,32650,29650,433,30083,424
2020-10-14,Glenn,021,27897,641,629,0,629,3
2020-10-14,Humboldt,023,135768,543,531,1,532,7
2020-10-14,Imperial,025,180216,12475,11765,27,11792,330
2020-10-14,Inyo,027,18085,223,209,4,213,14
2020-10-14,Kern,029,883053,33310,32528,372,32900,425
2020-10-14,Kings,031,150075,8331,8118,52,8170,80
2020-10-14,Lake,033,64148,689,642,0,642,14
2020-10-14,Lassen,035,31185,763,752,2,754,0
2020-10-14,Los Angeles,037,10098052,288993,282918,2499,285417,6786
2020-10-14,Madera,039,155013,4904,4713,33,4746,50
2020-10-14,Marin,041,260295,7027,6907,19,6926,99
2020-10-14,Mariposa,043,17540,77,76,0,76,2
2020-10-14,Mendocino,045,87422,1033,955,4,959,21
2020-10-14,Merced,047,269075,9318,9201,29,9230,147
2020-10-14,Modoc,049,8938,30,27,0,27,0
2020-10-14,Mono,051,14174,174,155,5,160,1
2020-10-14,Monterey,053,433212,10938,10616,49,10665,78
2020-10-14,Napa,055,140530,1915,1837,8,1845,12
2020-10-14,Nevada,057,99092,602,573,18,591,7
2020-10-14,Orange,059,3164182,58619,55756,1639,57395,1348
2020-10-14,Placer,061,380077,4029,3829,15,3844,48
2020-10-14,Plumas,063,18699,54,52,0,52,0
2020-10-14,Riverside,065,2383286,64588,62607,245,62852,1261
2020-10-14,Sacramento,067,1510023,24494,24013,27,24040,472
2020-10-14,San Benito,069,59416,1396,1381,0,1381,14
2020-10-14,San Bernardino,071,2135413,60402,57774,373,58147,1063
2020-10-14,San Diego,073,3302833,53314,51329,1337,52666,844
2020-10-14,San Francisco,075,870044,11936,11783,40,11823,123
2020-10-14,San Joaquin,077,732212,21272,20845,124,20969,487
2020-10-14,San Luis Obispo,079,281455,4137,3901,22,3923,32
2020-10-14,San Mateo,081,765935,10961,10309,10,10319,132
2020-10-14,Santa Barbara,083,443738,10007,9509,85,9594,117
2020-10-14,Santa Clara,085,1922200,24192,22735,49,22784,343
2020-10-14,Santa Cruz,087,273765,2717,2618,33,2651,13
2020-10-14,Shasta,089,179085,1888,1553,18,1571,20
2020-10-14,Sierra,091,2930,6,6,0,6,0
2020-10-14,Siskiyou,093,43540,175,166,10,176,0
2020-10-14,Solano,095,438530,7020,6786,41,6827,55
2020-10-14,Sonoma,097,501317,8949,8514,22,8536,133
2020-10-14,Stanislaus,099,539301,17317,17105,662,17767,365
2020-10-14,Sutter,101,95872,1787,1747,1,1748,12
2020-10-14,Tehama,103,63373,784,721,2,723,3
2020-10-14,Trinity,105,12862,74,20,10,30,0
2020-10-14,Tulare,107,460477,17451,16863,257,17120,287
2020-10-14,Tuolumne,109,53932,258,236,4,240,4
2020-10-14,Ventura,111,848112,14422,13697,295,13992,152
2020-10-14,Yolo,113,214977,3084,3007,7,3014,55
2020-10-14,Yuba,115,75493,1190,1147,5,1152,10
2020-10-13,Alameda,001,1643700,22821,22185,210,22395,389
2020-10-13,Alpine,003,1148,3,3,0,3,0
2020-10-13,Amador,005,37829,310,306,0,306,16
2020-10-13,Butte,007,227075,3092,2992,27,3019,54
2020-10-13,Calaveras,009,45235,321,262,0,262,12
2020-10-13,Colusa,011,21464,542,541,1,542,6
2020-10-13,Contra Costa,013,1133247,18314,17783,89,17872,234
2020-10-13,Del Norte,015,27424,168,163,0,163,2
2020-10-13,El Dorado,017,186661,1316,1262,2,1264,4
2020-10-13,Fresno,019,978130,32528,29579,429,30008,424
2020-10-13,Glenn,021,27897,640,629,0,629,3
2020-10-13,Humboldt,023,135768,541,523,1,524,7
2020-10-13,Imperial,025,180216,12440,11727,26,11753,327
2020-10-13,Inyo,027,18085,220,207,4,211,14
2020-10-13,Kern,029,883053,33235,32497,370,32867,419
2020-10-13,Kings,031,150075,8322,8111,52,8163,80
2020-10-13,Lake,033,64148,686,639,0,639,12
2020-10-13,Lassen,035,31185,761,752,2,754,0
2020-10-13,Los Angeles,037,10098052,287716,281716,2456,284172,6767
2020-10-13,Madera,039,155013,4886,4700,33,4733,50
2020-10-13,Marin,041,260295,7005,6900,18,6918,97
2020-10-13,Mariposa,043,17540,77,76,0,76,2
2020-10-13,Mendocino,045,87422,1024,950,4,954,21
2020-10-13,Merced,047,269075,9301,9181,29,9210,146
2020-10-13,Modoc,049,8938,29,28,0,28,0
2020-10-13,Mono,051,14174,174,155,4,159,1
2020-10-13,Monterey,053,433212,10877,10574,48,10622,78
2020-10-13,Napa,055,140530,1906,1825,8,1833,12
2020-10-13,Nevada,057,99092,596,572,18,590,7
2020-10-13,Orange,059,3164182,58406,55515,1626,57141,1326
2020-10-13,Placer,061,380077,3991,3825,15,3840,48
2020-10-13,Plumas,063,18699,52,51,0,51,0
2020-10-13,Riverside,065,2383286,64268,62279,243,62522,1254
2020-10-13,Sacramento,067,1510023,24417,23930,27,23957,466
2020-10-13,San Benito,069,59416,1388,1380,0,1380,14
2020-10-13,San Bernardino,071,2135413,60062,57411,371,57782,1061
2020-10-13,San Diego,073,3302833,53021,51026,1320,52346,840
2020-10-13,San Francisco,075,870044,11901,11659,40,11699,122
2020-10-13,San Joaquin,077,732212,21211,20822,120,20942,481
2020-10-13,San Luis Obispo,079,281455,4126,3892,21,3913,32
2020-10-13,San Mateo,081,765935,10918,10286,10,10296,130
2020-10-13,Santa Barbara,083,443738,9976,9489,85,9574,117
2020-10-13,Santa Clara,085,1922200,24065,22678,49,22727,343
2020-10-13,Santa Cruz,087,273765,2699,2603,33,2636,13
2020-10-13,Shasta,089,179085,1864,1606,18,1624,20
2020-10-13,Sierra,091,2930,6,6,0,6,0
2020-10-13,Siskiyou,093,43540,174,163,10,173,0
2020-10-13,Solano,095,438530,6985,6761,41,6802,55
2020-10-13,Sonoma,097,501317,8866,8456,22,8478,133
2020-10-13,Stanislaus,099,539301,17272,17082,657,17739,362
2020-10-13,Sutter,101,95872,1778,1748,1,1749,12
2020-10-13,Tehama,103,63373,776,717,2,719,3
2020-10-13,Trinity,105,12862,70,19,9,28,0
2020-10-13,Tulare,107,460477,17392,16822,249,17071,286
2020-10-13,Tuolumne,109,53932,256,235,4,239,4
2020-10-13,Ventura,111,848112,14368,13645,291,13936,151
2020-10-13,Yolo,113,214977,3076,2983,6,2989,55
2020-10-13,Yuba,115,75493,1185,1143,5,1148,10
2020-10-12,Alameda,001,1643700,22741,22126,209,22335,389
2020-10-12,Alpine,003,1148,3,3,0,3,0
2020-10-12,Amador,005,37829,309,305,0,305,16
2020-10-12,Butte,007,227075,3086,2975,27,3002,54
2020-10-12,Calaveras,009,45235,321,262,0,262,12
2020-10-12,Colusa,011,21464,542,541,1,542,6
2020-10-12,Contra Costa,013,1133247,18239,17728,89,17817,233
2020-10-12,Del Norte,015,27424,168,161,0,161,2
2020-10-12,El Dorado,017,186661,1313,1254,2,1256,4
2020-10-12,Fresno,019,978130,32395,29523,425,29948,421
2020-10-12,Glenn,021,27897,639,626,0,626,3
2020-10-12,Humboldt,023,135768,538,522,1,523,7
2020-10-12,Imperial,025,180216,12401,11689,25,11714,328
2020-10-12,Inyo,027,18085,217,201,4,205,14
2020-10-12,Kern,029,883053,33142,32425,367,32792,419
2020-10-12,Kings,031,150075,8316,8106,51,8157,80
2020-10-12,Lake,033,64148,680,633,0,633,12
2020-10-12,Lassen,035,31185,761,752,2,754,0
2020-10-12,Los Angeles,037,10098052,286498,280961,2428,283389,6747
2020-10-12,Madera,039,155013,4867,4689,33,4722,50
2020-10-12,Marin,041,260295,6988,6886,18,6904,97
2020-10-12,Mariposa,043,17540,77,76,0,76,2
2020-10-12,Mendocino,045,87422,1018,947,4,951,21
2020-10-12,Merced,047,269075,9280,9141,29,9170,146
2020-10-12,Modoc,049,8938,29,27,0,27,0
2020-10-12,Mono,051,14174,174,154,4,158,1
2020-10-12,Monterey,053,433212,10811,10473,48,10521,77
2020-10-12,Napa,055,140530,1898,1819,8,1827,11
2020-10-12,Nevada,057,99092,592,570,18,588,7
2020-10-12,Orange,059,3164182,58176,55373,1616,56989,1326
2020-10-12,Placer,061,380077,3959,3808,14,3822,48
2020-10-12,Plumas,063,18699,52,51,0,51,0
2020-10-12,Riverside,065,2383286,63957,62279,239,62518,1254
2020-10-12,Sacramento,067,1510023,24311,23807,27,23834,466
2020-10-12,San Benito,069,59416,1385,1376,0,1376,13
2020-10-12,San Bernardino,071,2135413,59688,57235,370,57605,1061
2020-10-12,San Diego,073,3302833,52731,50748,1293,52041,826
2020-10-12,San Francisco,075,870044,11869,11659,40,11699,122
2020-10-12,San Joaquin,077,732212,21148,20701,114,20815,480
2020-10-12,San Luis Obispo,079,281455,4102,3874,21,3895,32
2020-10-12,San Mateo,081,765935,10870,10262,10,10272,130
2020-10-12,Santa Barbara,083,443738,9938,9462,85,9547,117
2020-10-12,Santa Clara,085,1922200,23950,22578,49,22627,343
2020-10-12,Santa Cruz,087,273765,2682,2590,33,2623,13
2020-10-12,Shasta,089,179085,1839,1515,18,1533,20
2020-10-12,Sierra,091,2930,6,6,0,6,0
2020-10-12,Siskiyou,093,43540,173,162,10,172,0
2020-10-12,Solano,095,438530,6946,6742,41,6783,55
2020-10-12,Sonoma,097,501317,8795,8377,22,8399,133
2020-10-12,Stanislaus,099,539301,17223,17051,648,17699,361
2020-10-12,Sutter,101,95872,1770,1741,1,1742,12
2020-10-12,Tehama,103,63373,760,708,2,710,3
2020-10-12,Trinity,105,12862,69,19,9,28,0
2020-10-12,Tulare,107,460477,17340,16742,242,16984,286
2020-10-12,Tuolumne,109,53932,251,234,4,238,4
2020-10-12,Ventura,111,848112,14306,13617,287,13904,151
2020-10-12,Yolo,113,214977,3061,2964,6,2970,55
2020-10-12,Yuba,115,75493,1174,1141,5,1146,10
2020-10-11,Alameda,001,1643700,22651,22057,205,22262,392
2020-10-11,Alpine,003,1148,3,3,0,3,0
2020-10-11,Amador,005,37829,307,305,0,305,16
2020-10-11,Butte,007,227075,3078,2967,26,2993,54
2020-10-11,Calaveras,009,45235,319,262,0,262,12
2020-10-11,Colusa,011,21464,540,541,1,542,6
2020-10-11,Contra Costa,013,1133247,18155,17678,89,17767,233
2020-10-11,Del Norte,015,27424,166,161,0,161,2
2020-10-11,El Dorado,017,186661,1304,1242,2,1244,4
2020-10-11,Fresno,019,978130,32257,29419,417,29836,421
2020-10-11,Glenn,021,27897,637,625,0,625,3
2020-10-11,Humboldt,023,135768,537,521,1,522,7
2020-10-11,Imperial,025,180216,12341,11614,24,11638,328
2020-10-11,Inyo,027,18085,213,201,4,205,14
2020-10-11,Kern,029,883053,33055,32399,360,32759,418
2020-10-11,Kings,031,150075,8299,8094,50,8144,80
2020-10-11,Lake,033,64148,667,631,0,631,12
2020-10-11,Lassen,035,31185,760,752,2,754,0
2020-10-11,Los Angeles,037,10098052,285060,280190,2386,282576,6745
2020-10-11,Madera,039,155013,4839,4680,32,4712,50
2020-10-11,Marin,041,260295,6979,6870,18,6888,97
2020-10-11,Mariposa,043,17540,77,76,0,76,2
2020-10-11,Mendocino,045,87422,1011,944,4,948,21
2020-10-11,Merced,047,269075,9262,9124,29,9153,146
2020-10-11,Modoc,049,8938,29,27,0,27,0
2020-10-11,Mono,051,14174,174,154,4,158,1
2020-10-11,Monterey,053,433212,10760,10445,46,10491,77
2020-10-11,Napa,055,140530,1882,1811,8,1819,11
2020-10-11,Nevada,057,99092,590,569,18,587,7
2020-10-11,Orange,059,3164182,57946,55202,1610,56812,1326
2020-10-11,Placer,061,380077,3938,3787,14,3801,48
2020-10-11,Plumas,063,18699,52,51,0,51,0
2020-10-11,Riverside,065,2383286,63668,62112,235,62347,1254
2020-10-11,Sacramento,067,1510023,24169,23778,27,23805,466
2020-10-11,San Benito,069,59416,1384,1374,0,1374,13
2020-10-11,San Bernardino,071,2135413,59233,56997,368,57365,1061
2020-10-11,San Diego,073,3302833,52381,50553,1271,51824,826
2020-10-11,San Francisco,075,870044,11826,11659,40,11699,122
2020-10-11,San Joaquin,077,732212,21073,20700,104,20804,480
2020-10-11,San Luis Obispo,079,281455,4085,3874,20,3894,32
2020-10-11,San Mateo,081,765935,10839,10240,10,10250,130
2020-10-11,Santa Barbara,083,443738,9907,9440,84,9524,117
2020-10-11,Santa Clara,085,1922200,23807,22487,48,22535,336
2020-10-11,Santa Cruz,087,273765,2668,2578,33,2611,13
2020-10-11,Shasta,089,179085,1809,1515,17,1532,20
2020-10-11,Sierra,091,2930,6,6,0,6,0
2020-10-11,Siskiyou,093,43540,172,162,10,172,0
2020-10-11,Solano,095,438530,6892,6685,41,6726,53
2020-10-11,Sonoma,097,501317,8738,8319,22,8341,133
2020-10-11,Stanislaus,099,539301,17159,17007,632,17639,360
2020-10-11,Sutter,101,95872,1767,1742,1,1743,12
2020-10-11,Tehama,103,63373,736,702,2,704,3
2020-10-11,Trinity,105,12862,69,19,9,28,0
2020-10-11,Tulare,107,460477,17276,16741,234,16975,286
2020-10-11,Tuolumne,109,53932,247,234,4,238,4
2020-10-11,Ventura,111,848112,14245,13604,282,13886,151
2020-10-11,Yolo,113,214977,3031,2952,6,2958,55
2020-10-11,Yuba,115,75493,1162,1137,5,1142,10
2020-10-10,Alameda,001,1643700,22601,21979,204,22183,398
2020-10-10,Alpine,003,1148,3,3,0,3,0
2020-10-10,Amador,005,37829,306,304,0,304,16
2020-10-10,Butte,007,227075,3073,2962,25,2987,54
2020-10-10,Calaveras,009,45235,318,262,0,262,12
2020-10-10,Colusa,011,21464,540,541,1,542,6
2020-10-10,Contra Costa,013,1133247,18119,17566,88,17654,233
2020-10-10,Del Norte,015,27424,166,161,0,161,2
2020-10-10,El Dorado,017,186661,1302,1240,2,1242,4
2020-10-10,Fresno,019,978130,32193,29286,415,29701,421
2020-10-10,Glenn,021,27897,637,623,0,623,3
2020-10-10,Humboldt,023,135768,534,518,1,519,7
2020-10-10,Imperial,025,180216,12326,11591,24,11615,327
2020-10-10,Inyo,027,18085,210,201,4,205,14
2020-10-10,Kern,029,883053,33018,32338,360,32698,418
2020-10-10,Kings,031,150075,8295,8078,50,8128,80
2020-10-10,Lake,033,64148,666,630,0,630,11
2020-10-10,Lassen,035,31185,760,752,2,754,0
2020-10-10,Los Angeles,037,10098052,284340,279213,2352,281565,6743
2020-10-10,Madera,039,155013,4826,4662,32,4694,50
2020-10-10,Marin,041,260295,6970,6852,18,6870,97
2020-10-10,Mariposa,043,17540,77,76,0,76,2
2020-10-10,Mendocino,045,87422,1004,935,4,939,21
2020-10-10,Merced,047,269075,9256,9105,28,9133,146
2020-10-10,Modoc,049,8938,29,27,0,27,0
2020-10-10,Mono,051,14174,174,154,4,158,1
2020-10-10,Monterey,053,433212,10727,10410,46,10456,75
2020-10-10,Napa,055,140530,1875,1804,8,1812,11
2020-10-10,Nevada,057,99092,587,564,18,582,6
2020-10-10,Orange,059,3164182,57825,54965,1605,56570,1324
2020-10-10,Placer,061,380077,3921,3757,14,3771,48
2020-10-10,Plumas,063,18699,52,51,0,51,0
2020-10-10,Riverside,065,2383286,63464,61845,233,62078,1254
2020-10-10,Sacramento,067,1510023,24102,23689,27,23716,466
2020-10-10,San Benito,069,59416,1382,1370,0,1370,13
2020-10-10,San Bernardino,071,2135413,59071,56683,366,57049,1061
2020-10-10,San Diego,073,3302833,52151,50145,1253,51398,825
2020-10-10,San Francisco,075,870044,11805,11663,40,11703,122
2020-10-10,San Joaquin,077,732212,21045,20700,100,20800,481
2020-10-10,San Luis Obispo,079,281455,4065,3832,20,3852,32
2020-10-10,San Mateo,081,765935,10802,10218,10,10228,130
2020-10-10,Santa Barbara,083,443738,9896,9417,84,9501,116
2020-10-10,Santa Clara,085,1922200,23715,22354,48,22402,330
2020-10-10,Santa Cruz,087,273765,2654,2572,33,2605,13
2020-10-10,Shasta,089,179085,1792,1473,17,1490,20
2020-10-10,Sierra,091,2930,6,6,0,6,0
2020-10-10,Siskiyou,093,43540,172,161,10,171,0
2020-10-10,Solano,095,438530,6866,6655,41,6696,53
2020-10-10,Sonoma,097,501317,8718,8235,22,8257,133
2020-10-10,Stanislaus,099,539301,17124,16960,624,17584,360
2020-10-10,Sutter,101,95872,1764,1735,1,1736,12
2020-10-10,Tehama,103,63373,729,693,2,695,3
2020-10-10,Trinity,105,12862,69,19,9,28,0
2020-10-10,Tulare,107,460477,17241,16709,229,16938,286
2020-10-10,Tuolumne,109,53932,247,233,4,237,4
2020-10-10,Ventura,111,848112,14220,13520,282,13802,151
2020-10-10,Yolo,113,214977,3022,2939,6,2945,55
2020-10-10,Yuba,115,75493,1160,1134,5,1139,10
2020-10-09,Alameda,001,1643700,22553,21924,204,22128,399
2020-10-09,Alpine,003,1148,3,3,0,3,0
2020-10-09,Amador,005,37829,306,303,0,303,16
2020-10-09,Butte,007,227075,3070,2956,25,2981,51
2020-10-09,Calaveras,009,45235,316,262,0,262,11
2020-10-09,Colusa,011,21464,540,541,1,542,6
2020-10-09,Contra Costa,013,1133247,18069,17487,88,17575,229
2020-10-09,Del Norte,015,27424,165,161,0,161,2
2020-10-09,El Dorado,017,186661,1298,1234,2,1236,4
2020-10-09,Fresno,019,978130,32120,29208,413,29621,417
2020-10-09,Glenn,021,27897,632,617,0,617,3
2020-10-09,Humboldt,023,135768,532,516,1,517,7
2020-10-09,Imperial,025,180216,12299,11516,24,11540,330
2020-10-09,Inyo,027,18085,207,200,4,204,14
2020-10-09,Kern,029,883053,32975,32237,358,32595,417
2020-10-09,Kings,031,150075,8288,7993,48,8041,80
2020-10-09,Lake,033,64148,656,610,0,610,11
2020-10-09,Lassen,035,31185,760,751,2,753,0
2020-10-09,Los Angeles,037,10098052,283206,278039,2327,280366,6715
2020-10-09,Madera,039,155013,4816,4646,32,4678,50
2020-10-09,Marin,041,260295,6956,6838,18,6856,96
2020-10-09,Mariposa,043,17540,77,76,0,76,2
2020-10-09,Mendocino,045,87422,994,933,4,937,20
2020-10-09,Merced,047,269075,9242,9095,28,9123,145
2020-10-09,Modoc,049,8938,29,27,0,27,0
2020-10-09,Mono,051,14174,174,154,4,158,1
2020-10-09,Monterey,053,433212,10693,10369,46,10415,75
2020-10-09,Napa,055,140530,1865,1795,8,1803,11
2020-10-09,Nevada,057,99092,582,561,18,579,6
2020-10-09,Orange,059,3164182,57653,54746,1600,56346,1305
2020-10-09,Placer,061,380077,3907,3737,14,3751,48
2020-10-09,Plumas,063,18699,52,50,0,50,0
2020-10-09,Riverside,065,2383286,63228,61529,232,61761,1252
2020-10-09,Sacramento,067,1510023,24032,23606,27,23633,457
2020-10-09,San Benito,069,59416,1377,1367,0,1367,13
2020-10-09,San Bernardino,071,2135413,58831,56434,364,56798,1057
2020-10-09,San Diego,073,3302833,51875,49825,1242,51067,821
2020-10-09,San Francisco,075,870044,11775,11620,40,11660,120
2020-10-09,San Joaquin,077,732212,21015,20648,91,20739,481
2020-10-09,San Luis Obispo,079,281455,4046,3810,20,3830,32
2020-10-09,San Mateo,081,765935,10774,10140,10,10150,130
2020-10-09,Santa Barbara,083,443738,9868,9396,84,9480,116
2020-10-09,Santa Clara,085,1922200,23613,22251,47,22298,328
2020-10-09,Santa Cruz,087,273765,2645,2555,33,2588,13
2020-10-09,Shasta,089,179085,1765,1353,16,1369,20
2020-10-09,Sierra,091,2930,6,6,0,6,0
2020-10-09,Siskiyou,093,43540,170,156,10,166,0
2020-10-09,Solano,095,438530,6827,6614,41,6655,53
2020-10-09,Sonoma,097,501317,8664,8133,22,8155,133
2020-10-09,Stanislaus,099,539301,17100,16904,615,17519,362
2020-10-09,Sutter,101,95872,1760,1732,1,1733,12
2020-10-09,Tehama,103,63373,723,682,2,684,3
2020-10-09,Trinity,105,12862,69,25,9,34,0
2020-10-09,Tulare,107,460477,17201,16644,220,16864,286
2020-10-09,Tuolumne,109,53932,244,230,4,234,4
2020-10-09,Ventura,111,848112,14184,13469,279,13748,151
2020-10-09,Yolo,113,214977,3015,2928,6,2934,55
2020-10-09,Yuba,115,75493,1159,1129,5,1134,10
2020-10-08,Alameda,001,1643700,22472,21826,203,22029,395
2020-10-08,Alpine,003,1148,3,3,0,3,0
2020-10-08,Amador,005,37829,305,302,0,302,16
2020-10-08,Butte,007,227075,3060,2935,25,2960,51
2020-10-08,Calaveras,009,45235,315,262,0,262,11
2020-10-08,Colusa,011,21464,540,539,1,540,6
2020-10-08,Contra Costa,013,1133247,18009,17418,87,17505,228
2020-10-08,Del Norte,015,27424,165,151,0,151,2
2020-10-08,El Dorado,017,186661,1297,1230,2,1232,4
2020-10-08,Fresno,019,978130,32015,29111,413,29524,416
2020-10-08,Glenn,021,27897,629,616,0,616,3
2020-10-08,Humboldt,023,135768,528,515,1,516,7
2020-10-08,Imperial,025,180216,12260,11405,24,11429,330
2020-10-08,Inyo,027,18085,204,199,4,203,14
2020-10-08,Kern,029,883053,32917,32169,353,32522,411
2020-10-08,Kings,031,150075,8282,7968,48,8016,80
2020-10-08,Lake,033,64148,651,604,0,604,11
2020-10-08,Lassen,035,31185,755,751,2,753,0
2020-10-08,Los Angeles,037,10098052,282006,276763,2287,279050,6699
2020-10-08,Madera,039,155013,4797,4637,32,4669,50
2020-10-08,Marin,041,260295,6942,6810,18,6828,96
2020-10-08,Mariposa,043,17540,77,76,0,76,2
2020-10-08,Mendocino,045,87422,989,930,4,934,20
2020-10-08,Merced,047,269075,9222,9069,28,9097,144
2020-10-08,Modoc,049,8938,29,27,0,27,0
2020-10-08,Mono,051,14174,174,153,4,157,1
2020-10-08,Monterey,053,433212,10626,10343,46,10389,75
2020-10-08,Napa,055,140530,1850,1779,8,1787,11
2020-10-08,Nevada,057,99092,579,556,18,574,6
2020-10-08,Orange,059,3164182,57460,54523,1589,56112,1293
2020-10-08,Placer,061,380077,3889,3715,14,3729,48
2020-10-08,Plumas,063,18699,52,50,0,50,0
2020-10-08,Riverside,065,2383286,62959,61105,230,61335,1244
2020-10-08,Sacramento,067,1510023,23924,23482,27,23509,454
2020-10-08,San Benito,069,59416,1372,1367,0,1367,13
2020-10-08,San Bernardino,071,2135413,58466,56152,363,56515,1048
2020-10-08,San Diego,073,3302833,51595,49468,1210,50678,819
2020-10-08,San Francisco,075,870044,11737,11608,40,11648,115
2020-10-08,San Joaquin,077,732212,20964,20576,86,20662,478
2020-10-08,San Luis Obispo,079,281455,4030,3785,20,3805,32
2020-10-08,San Mateo,081,765935,10742,10044,10,10054,130
2020-10-08,Santa Barbara,083,443738,9839,9374,84,9458,116
2020-10-08,Santa Clara,085,1922200,23511,22095,47,22142,323
2020-10-08,Santa Cruz,087,273765,2633,2535,33,2568,13
2020-10-08,Shasta,089,179085,1731,1305,16,1321,20
2020-10-08,Sierra,091,2930,6,6,0,6,0
2020-10-08,Siskiyou,093,43540,170,156,10,166,0
2020-10-08,Solano,095,438530,6803,6556,41,6597,53
2020-10-08,Sonoma,097,501317,8598,8063,22,8085,132
2020-10-08,Stanislaus,099,539301,17054,16821,607,17428,360
2020-10-08,Sutter,101,95872,1760,1725,1,1726,12
2020-10-08,Tehama,103,63373,714,676,2,678,3
2020-10-08,Trinity,105,12862,68,25,9,34,0
2020-10-08,Tulare,107,460477,17140,16573,211,16784,283
2020-10-08,Tuolumne,109,53932,243,230,4,234,4
2020-10-08,Ventura,111,848112,14136,13399,277,13676,151
2020-10-08,Yolo,113,214977,2998,2914,6,2920,55
2020-10-08,Yuba,115,75493,1154,1126,5,1131,10
2020-10-07,Alameda,001,1643700,22395,21736,203,21939,395
2020-10-07,Alpine,003,1148,3,3,0,3,0
2020-10-07,Amador,005,37829,305,302,0,302,16
2020-10-07,Butte,007,227075,3048,2927,25,2952,47
2020-10-07,Calaveras,009,45235,313,262,0,262,11
2020-10-07,Colusa,011,21464,539,539,0,539,6
2020-10-07,Contra Costa,013,1133247,17939,17346,86,17432,225
2020-10-07,Del Norte,015,27424,164,149,0,149,2
2020-10-07,El Dorado,017,186661,1289,1219,2,1221,4
2020-10-07,Fresno,019,978130,31894,29069,408,29477,413
2020-10-07,Glenn,021,27897,629,615,0,615,3
2020-10-07,Humboldt,023,135768,525,512,1,513,7
2020-10-07,Imperial,025,180216,12223,11289,22,11311,330
2020-10-07,Inyo,027,18085,204,199,4,203,14
2020-10-07,Kern,029,883053,32844,32068,352,32420,410
2020-10-07,Kings,031,150075,8267,7948,48,7996,80
2020-10-07,Lake,033,64148,650,599,0,599,11
2020-10-07,Lassen,035,31185,755,751,2,753,0
2020-10-07,Los Angeles,037,10098052,280827,275559,2253,277812,6681
2020-10-07,Madera,039,155013,4777,4618,32,4650,50
2020-10-07,Marin,041,260295,6915,6790,18,6808,95
2020-10-07,Mariposa,043,17540,77,75,0,75,2
2020-10-07,Mendocino,045,87422,983,927,4,931,19
2020-10-07,Merced,047,269075,9185,9045,27,9072,144
2020-10-07,Modoc,049,8938,29,27,0,27,0
2020-10-07,Mono,051,14174,173,153,3,156,1
2020-10-07,Monterey,053,433212,10567,10272,46,10318,75
2020-10-07,Napa,055,140530,1837,1774,8,1782,11
2020-10-07,Nevada,057,99092,575,552,18,570,6
2020-10-07,Orange,059,3164182,57242,54332,1579,55911,1277
2020-10-07,Placer,061,380077,3873,3693,14,3707,48
2020-10-07,Plumas,063,18699,52,50,0,50,0
2020-10-07,Riverside,065,2383286,62612,60857,226,61083,1241
2020-10-07,Sacramento,067,1510023,23827,23380,27,23407,452
2020-10-07,San Benito,069,59416,1369,1363,0,1363,13
2020-10-07,San Bernardino,071,2135413,58118,55738,362,56100,1043
2020-10-07,San Diego,073,3302833,51279,49177,1186,50363,813
2020-10-07,San Francisco,075,870044,11702,11551,40,11591,115
2020-10-07,San Joaquin,077,732212,20911,20527,79,20606,478
2020-10-07,San Luis Obispo,079,281455,4000,3749,20,3769,32
2020-10-07,San Mateo,081,765935,10699,9980,10,9990,130
2020-10-07,Santa Barbara,083,443738,9813,9350,83,9433,116
2020-10-07,Santa Clara,085,1922200,23383,21993,47,22040,320
2020-10-07,Santa Cruz,087,273765,2621,2518,33,2551,14
2020-10-07,Shasta,089,179085,1688,1268,16,1284,20
2020-10-07,Sierra,091,2930,6,6,0,6,0
2020-10-07,Siskiyou,093,43540,168,154,10,164,0
2020-10-07,Solano,095,438530,6768,6526,41,6567,53
2020-10-07,Sonoma,097,501317,8523,7993,21,8014,130
2020-10-07,Stanislaus,099,539301,17019,16786,601,17387,357
2020-10-07,Sutter,101,95872,1756,1723,1,1724,12
2020-10-07,Tehama,103,63373,705,666,2,668,3
2020-10-07,Trinity,105,12862,64,25,8,33,0
2020-10-07,Tulare,107,460477,17097,16483,202,16685,282
2020-10-07,Tuolumne,109,53932,243,227,4,231,3
2020-10-07,Ventura,111,848112,14086,13333,271,13604,150
2020-10-07,Yolo,113,214977,2972,2904,6,2910,55
2020-10-07,Yuba,115,75493,1148,1120,5,1125,10
2020-10-06,Alameda,001,1643700,22304,21698,201,21899,385
2020-10-06,Alpine,003,1148,3,3,0,3,0
2020-10-06,Amador,005,37829,303,301,0,301,16
2020-10-06,Butte,007,227075,3041,2925,25,2950,47
2020-10-06,Calaveras,009,45235,313,261,0,261,11
2020-10-06,Colusa,011,21464,538,538,0,538,6
2020-10-06,Contra Costa,013,1133247,17860,17295,86,17381,219
2020-10-06,Del Norte,015,27424,164,144,0,144,2
2020-10-06,El Dorado,017,186661,1285,1211,2,1213,4
2020-10-06,Fresno,019,978130,31750,29022,405,29427,412
2020-10-06,Glenn,021,27897,626,604,0,604,3
2020-10-06,Humboldt,023,135768,522,508,1,509,7
2020-10-06,Imperial,025,180216,12185,11196,21,11217,327
2020-10-06,Inyo,027,18085,202,198,4,202,14
2020-10-06,Kern,029,883053,32767,32006,350,32356,407
2020-10-06,Kings,031,150075,8251,7943,48,7991,81
2020-10-06,Lake,033,64148,644,596,0,596,11
2020-10-06,Lassen,035,31185,755,743,2,745,0
2020-10-06,Los Angeles,037,10098052,279590,274115,2203,276318,6657
2020-10-06,Madera,039,155013,4765,4608,32,4640,50
2020-10-06,Marin,041,260295,6901,6766,18,6784,91
2020-10-06,Mariposa,043,17540,77,75,0,75,2
2020-10-06,Mendocino,045,87422,976,920,4,924,19
2020-10-06,Merced,047,269075,9149,9034,26,9060,143
2020-10-06,Modoc,049,8938,29,26,0,26,0
2020-10-06,Mono,051,14174,173,153,3,156,1
2020-10-06,Monterey,053,433212,10511,10235,44,10279,72
2020-10-06,Napa,055,140530,1831,1770,8,1778,11
2020-10-06,Nevada,057,99092,573,551,18,569,6
2020-10-06,Orange,059,3164182,57027,54203,1570,55773,1273
2020-10-06,Placer,061,380077,3851,3680,14,3694,48
2020-10-06,Plumas,063,18699,52,49,0,49,0
2020-10-06,Riverside,065,2383286,62347,60593,223,60816,1238
2020-10-06,Sacramento,067,1510023,23740,23322,27,23349,442
2020-10-06,San Benito,069,59416,1368,1358,0,1358,12
2020-10-06,San Bernardino,071,2135413,57803,55416,358,55774,1040
2020-10-06,San Diego,073,3302833,50942,48823,1169,49992,806
2020-10-06,San Francisco,075,870044,11676,11513,39,11552,115
2020-10-06,San Joaquin,077,732212,20871,20481,76,20557,477
2020-10-06,San Luis Obispo,079,281455,3965,3723,20,3743,32
2020-10-06,San Mateo,081,765935,10666,9934,10,9944,129
2020-10-06,Santa Barbara,083,443738,9784,9331,82,9413,116
2020-10-06,Santa Clara,085,1922200,23288,21914,47,21961,320
2020-10-06,Santa Cruz,087,273765,2599,2510,33,2543,12
2020-10-06,Shasta,089,179085,1648,1242,16,1258,18
2020-10-06,Sierra,091,2930,6,6,0,6,0
2020-10-06,Siskiyou,093,43540,168,154,10,164,0
2020-10-06,Solano,095,438530,6722,6506,41,6547,52
2020-10-06,Sonoma,097,501317,8430,7895,21,7916,130
2020-10-06,Stanislaus,099,539301,16974,16759,595,17354,354
2020-10-06,Sutter,101,95872,1754,1722,1,1723,12
2020-10-06,Tehama,103,63373,696,660,2,662,3
2020-10-06,Trinity,105,12862,64,25,8,33,0
2020-10-06,Tulare,107,460477,17055,16456,194,16650,280
2020-10-06,Tuolumne,109,53932,242,227,4,231,2
2020-10-06,Ventura,111,848112,14019,13242,266,13508,150
2020-10-06,Yolo,113,214977,2958,2899,6,2905,56
2020-10-06,Yuba,115,75493,1147,1114,5,1119,10
2020-10-05,Alameda,001,1643700,22216,21637,198,21835,383
2020-10-05,Alpine,003,1148,3,2,0,2,0
2020-10-05,Amador,005,37829,303,299,0,299,16
2020-10-05,Butte,007,227075,3031,2910,25,2935,46
2020-10-05,Calaveras,009,45235,313,259,0,259,11
2020-10-05,Colusa,011,21464,538,537,0,537,6
2020-10-05,Contra Costa,013,1133247,17783,17250,86,17336,216
2020-10-05,Del Norte,015,27424,161,142,0,142,2
2020-10-05,El Dorado,017,186661,1281,1202,2,1204,4
2020-10-05,Fresno,019,978130,31633,29136,405,29541,408
2020-10-05,Glenn,021,27897,624,603,0,603,3
2020-10-05,Humboldt,023,135768,521,506,1,507,6
2020-10-05,Imperial,025,180216,12146,11169,19,11188,327
2020-10-05,Inyo,027,18085,202,197,4,201,14
2020-10-05,Kern,029,883053,32688,31933,346,32279,404
2020-10-05,Kings,031,150075,8154,7932,48,7980,80
2020-10-05,Lake,033,64148,640,592,0,592,10
2020-10-05,Lassen,035,31185,754,743,2,745,0
2020-10-05,Los Angeles,037,10098052,278504,273200,2161,275361,6632
2020-10-05,Madera,039,155013,4757,4598,30,4628,50
2020-10-05,Marin,041,260295,6884,6751,18,6769,91
2020-10-05,Mariposa,043,17540,77,75,0,75,2
2020-10-05,Mendocino,045,87422,968,913,4,917,19
2020-10-05,Merced,047,269075,9130,9021,25,9046,143
2020-10-05,Modoc,049,8938,29,26,0,26,0
2020-10-05,Mono,051,14174,173,152,3,155,1
2020-10-05,Monterey,053,433212,10464,10187,44,10231,72
2020-10-05,Napa,055,140530,1820,1760,8,1768,11
2020-10-05,Nevada,057,99092,570,550,17,567,6
2020-10-05,Orange,059,3164182,56811,54103,1557,55660,1271
2020-10-05,Placer,061,380077,3825,3670,14,3684,46
2020-10-05,Plumas,063,18699,51,49,0,49,0
2020-10-05,Riverside,065,2383286,62027,60454,219,60673,1232
2020-10-05,Sacramento,067,1510023,23636,23207,27,23234,438
2020-10-05,San Benito,069,59416,1365,1356,0,1356,12
2020-10-05,San Bernardino,071,2135413,57495,55100,357,55457,1031
2020-10-05,San Diego,073,3302833,50606,48662,1145,49807,803
2020-10-05,San Francisco,075,870044,11637,11476,36,11512,110
2020-10-05,San Joaquin,077,732212,20800,20319,73,20392,476
2020-10-05,San Luis Obispo,079,281455,3938,3710,20,3730,32
2020-10-05,San Mateo,081,765935,10639,9896,10,9906,128
2020-10-05,Santa Barbara,083,443738,9762,9309,82,9391,116
2020-10-05,Santa Clara,085,1922200,23171,21861,47,21908,319
2020-10-05,Santa Cruz,087,273765,2587,2492,33,2525,9
2020-10-05,Shasta,089,179085,1615,1158,16,1174,18
2020-10-05,Sierra,091,2930,6,6,0,6,0
2020-10-05,Siskiyou,093,43540,168,153,10,163,0
2020-10-05,Solano,095,438530,6683,6475,41,6516,52
2020-10-05,Sonoma,097,501317,8338,7817,21,7838,130
2020-10-05,Stanislaus,099,539301,16939,16730,588,17318,351
2020-10-05,Sutter,101,95872,1746,1719,1,1720,12
2020-10-05,Tehama,103,63373,688,642,2,644,3
2020-10-05,Trinity,105,12862,62,22,8,30,0
2020-10-05,Tulare,107,460477,16996,16343,190,16533,278
2020-10-05,Tuolumne,109,53932,239,226,4,230,2
2020-10-05,Ventura,111,848112,13950,13224,246,13470,149
2020-10-05,Yolo,113,214977,2939,2889,6,2895,56
2020-10-05,Yuba,115,75493,1134,1108,5,1113,9
2020-10-04,Alameda,001,1643700,22120,21597,198,21795,383
2020-10-04,Alpine,003,1148,3,2,0,2,0
2020-10-04,Amador,005,37829,301,297,0,297,16
2020-10-04,Butte,007,227075,3017,2903,25,2928,46
2020-10-04,Calaveras,009,45235,313,259,0,259,11
2020-10-04,Colusa,011,21464,537,537,0,537,6
2020-10-04,Contra Costa,013,1133247,17718,17192,86,17278,214
2020-10-04,Del Norte,015,27424,157,142,0,142,2
2020-10-04,El Dorado,017,186661,1277,1196,2,1198,4
2020-10-04,Fresno,019,978130,31510,29065,405,29470,408
2020-10-04,Glenn,021,27897,622,601,0,601,3
2020-10-04,Humboldt,023,135768,520,506,1,507,6
2020-10-04,Imperial,025,180216,12106,11127,19,11146,327
2020-10-04,Inyo,027,18085,199,195,4,199,14
2020-10-04,Kern,029,883053,32614,31906,343,32249,404
2020-10-04,Kings,031,150075,8139,7919,48,7967,80
2020-10-04,Lake,033,64148,626,589,0,589,10
2020-10-04,Lassen,035,31185,754,743,2,745,0
2020-10-04,Los Angeles,037,10098052,277115,272822,2115,274937,6625
2020-10-04,Madera,039,155013,4741,4587,30,4617,50
2020-10-04,Marin,041,260295,6864,6741,18,6759,91
2020-10-04,Mariposa,043,17540,77,75,0,75,2
2020-10-04,Mendocino,045,87422,955,905,4,909,18
2020-10-04,Merced,047,269075,9105,9006,25,9031,140
2020-10-04,Modoc,049,8938,29,26,0,26,0
2020-10-04,Mono,051,14174,172,152,2,154,1
2020-10-04,Monterey,053,433212,10423,10141,43,10184,72
2020-10-04,Napa,055,140530,1808,1759,8,1767,11
2020-10-04,Nevada,057,99092,566,547,16,563,6
2020-10-04,Orange,059,3164182,56575,53966,1548,55514,1270
2020-10-04,Placer,061,380077,3804,3664,14,3678,46
2020-10-04,Plumas,063,18699,51,49,0,49,0
2020-10-04,Riverside,065,2383286,61741,60251,215,60466,1226
2020-10-04,Sacramento,067,1510023,23523,23162,27,23189,438
2020-10-04,San Benito,069,59416,1365,1355,0,1355,12
2020-10-04,San Bernardino,071,2135413,57049,55100,355,55455,1031
2020-10-04,San Diego,073,3302833,50239,48438,1120,49558,803
2020-10-04,San Francisco,075,870044,11605,11474,34,11508,110
2020-10-04,San Joaquin,077,732212,20723,20320,67,20387,476
2020-10-04,San Luis Obispo,079,281455,3913,3688,20,3708,31
2020-10-04,San Mateo,081,765935,10578,9858,10,9868,128
2020-10-04,Santa Barbara,083,443738,9736,9276,80,9356,116
2020-10-04,Santa Clara,085,1922200,23034,21780,47,21827,316
2020-10-04,Santa Cruz,087,273765,2571,2483,33,2516,9
2020-10-04,Shasta,089,179085,1517,1158,15,1173,18
2020-10-04,Sierra,091,2930,6,6,0,6,0
2020-10-04,Siskiyou,093,43540,168,153,10,163,0
2020-10-04,Solano,095,438530,6632,6445,41,6486,52
2020-10-04,Sonoma,097,501317,8250,7794,21,7815,129
2020-10-04,Stanislaus,099,539301,16889,16711,579,17290,351
2020-10-04,Sutter,101,95872,1742,1711,1,1712,11
2020-10-04,Tehama,103,63373,673,637,2,639,3
2020-10-04,Trinity,105,12862,61,21,8,29,0
2020-10-04,Tulare,107,460477,16919,16343,178,16521,278
2020-10-04,Tuolumne,109,53932,237,226,4,230,2
2020-10-04,Ventura,111,848112,13868,13197,229,13426,149
2020-10-04,Yolo,113,214977,2928,2875,6,2881,56
2020-10-04,Yuba,115,75493,1130,1103,5,1108,9
2020-10-03,Alameda,001,1643700,22074,21510,197,21707,386
2020-10-03,Alpine,003,1148,3,2,0,2,0
2020-10-03,Amador,005,37829,300,296,0,296,16
2020-10-03,Butte,007,227075,3011,2894,25,2919,46
2020-10-03,Calaveras,009,45235,313,259,0,259,11
2020-10-03,Colusa,011,21464,536,537,0,537,6
2020-10-03,Contra Costa,013,1133247,17668,17087,84,17171,213
2020-10-03,Del Norte,015,27424,153,142,0,142,2
2020-10-03,El Dorado,017,186661,1270,1188,2,1190,4
2020-10-03,Fresno,019,978130,31450,28975,404,29379,408
2020-10-03,Glenn,021,27897,620,601,0,601,3
2020-10-03,Humboldt,023,135768,519,504,1,505,6
2020-10-03,Imperial,025,180216,12083,11090,19,11109,327
2020-10-03,Inyo,027,18085,199,194,4,198,14
2020-10-03,Kern,029,883053,32563,31864,340,32204,403
2020-10-03,Kings,031,150075,8135,7887,48,7935,80
2020-10-03,Lake,033,64148,616,588,0,588,10
2020-10-03,Lassen,035,31185,754,743,2,745,0
2020-10-03,Los Angeles,037,10098052,276410,271869,2086,273955,6620
2020-10-03,Madera,039,155013,4724,4565,30,4595,50
2020-10-03,Marin,041,260295,6858,6728,18,6746,91
2020-10-03,Mariposa,043,17540,77,75,0,75,2
2020-10-03,Mendocino,045,87422,953,898,4,902,18
2020-10-03,Merced,047,269075,9092,8986,25,9011,139
2020-10-03,Modoc,049,8938,29,26,0,26,0
2020-10-03,Mono,051,14174,171,152,2,154,1
2020-10-03,Monterey,053,433212,10389,10092,40,10132,72
2020-10-03,Napa,055,140530,1804,1752,8,1760,11
2020-10-03,Nevada,057,99092,564,544,16,560,6
2020-10-03,Orange,059,3164182,56458,53573,1543,55116,1268
2020-10-03,Placer,061,380077,3793,3648,14,3662,47
2020-10-03,Plumas,063,18699,51,48,0,48,0
2020-10-03,Riverside,065,2383286,61589,59991,213,60204,1226
2020-10-03,Sacramento,067,1510023,23472,23076,27,23103,437
2020-10-03,San Benito,069,59416,1365,1351,0,1351,12
2020-10-03,San Bernardino,071,2135413,56876,55004,352,55356,1031
2020-10-03,San Diego,073,3302833,50008,48202,1103,49305,798
2020-10-03,San Francisco,075,870044,11580,11475,32,11507,110
2020-10-03,San Joaquin,077,732212,20697,20322,67,20389,476
2020-10-03,San Luis Obispo,079,281455,3889,3670,20,3690,31
2020-10-03,San Mateo,081,765935,10552,9822,9,9831,128
2020-10-03,Santa Barbara,083,443738,9723,9256,80,9336,116
2020-10-03,Santa Clara,085,1922200,22954,21672,47,21719,309
2020-10-03,Santa Cruz,087,273765,2563,2476,33,2509,9
2020-10-03,Shasta,089,179085,1489,1117,14,1131,18
2020-10-03,Sierra,091,2930,6,6,0,6,0
2020-10-03,Siskiyou,093,43540,168,152,10,162,0
2020-10-03,Solano,095,438530,6606,6419,41,6460,52
2020-10-03,Sonoma,097,501317,8207,7747,21,7768,129
2020-10-03,Stanislaus,099,539301,16856,16645,575,17220,351
2020-10-03,Sutter,101,95872,1738,1705,1,1706,11
2020-10-03,Tehama,103,63373,667,630,2,632,3
2020-10-03,Trinity,105,12862,61,15,8,23,0
2020-10-03,Tulare,107,460477,16875,16322,174,16496,278
2020-10-03,Tuolumne,109,53932,236,224,4,228,2
2020-10-03,Ventura,111,848112,13829,13150,225,13375,148
2020-10-03,Yolo,113,214977,2921,2863,6,2869,56
2020-10-03,Yuba,115,75493,1122,1097,5,1102,8
2020-10-02,Alameda,001,1643700,22019,21404,196,21600,382
2020-10-02,Alpine,003,1148,3,2,0,2,0
2020-10-02,Amador,005,37829,299,296,0,296,16
2020-10-02,Butte,007,227075,3001,2879,25,2904,46
2020-10-02,Calaveras,009,45235,312,259,0,259,11
2020-10-02,Colusa,011,21464,535,537,0,537,6
2020-10-02,Contra Costa,013,1133247,17625,17002,83,17085,213
2020-10-02,Del Norte,015,27424,152,141,0,141,2
2020-10-02,El Dorado,017,186661,1263,1168,2,1170,4
2020-10-02,Fresno,019,978130,31367,28855,404,29259,403
2020-10-02,Glenn,021,27897,615,594,0,594,3
2020-10-02,Humboldt,023,135768,518,503,1,504,6
2020-10-02,Imperial,025,180216,12061,11024,19,11043,327
2020-10-02,Inyo,027,18085,197,191,4,195,14
2020-10-02,Kern,029,883053,32511,31790,338,32128,399
2020-10-02,Kings,031,150075,8126,7716,48,7764,79
2020-10-02,Lake,033,64148,610,579,0,579,10
2020-10-02,Lassen,035,31185,754,742,2,744,0
2020-10-02,Los Angeles,037,10098052,275509,270935,2058,272993,6602
2020-10-02,Madera,039,155013,4715,4537,30,4567,49
2020-10-02,Marin,041,260295,6841,6717,18,6735,91
2020-10-02,Mariposa,043,17540,77,75,0,75,2
2020-10-02,Mendocino,045,87422,948,883,4,887,18
2020-10-02,Merced,047,269075,9082,8961,25,8986,139
2020-10-02,Modoc,049,8938,29,26,0,26,0
2020-10-02,Mono,051,14174,171,150,2,152,1
2020-10-02,Monterey,053,433212,10355,9997,40,10037,71
2020-10-02,Napa,055,140530,1798,1737,8,1745,11
2020-10-02,Nevada,057,99092,561,543,16,559,6
2020-10-02,Orange,059,3164182,56327,53299,1536,54835,1262
2020-10-02,Placer,061,380077,3773,3612,14,3626,46
2020-10-02,Plumas,063,18699,51,48,0,48,0
2020-10-02,Riverside,065,2383286,61368,59673,210,59883,1223
2020-10-02,Sacramento,067,1510023,23407,22818,27,22845,436
2020-10-02,San Benito,069,59416,1361,1347,0,1347,12
2020-10-02,San Bernardino,071,2135413,56689,54613,352,54965,1028
2020-10-02,San Diego,073,3302833,49755,47793,1088,48881,794
2020-10-02,San Francisco,075,870044,11557,11398,32,11430,110
2020-10-02,San Joaquin,077,732212,20663,20235,66,20301,474
2020-10-02,San Luis Obispo,079,281455,3866,3654,20,3674,31
2020-10-02,San Mateo,081,765935,10511,9745,9,9754,128
2020-10-02,Santa Barbara,083,443738,9701,9234,80,9314,116
2020-10-02,Santa Clara,085,1922200,22868,21545,46,21591,305
2020-10-02,Santa Cruz,087,273765,2546,2463,33,2496,9
2020-10-02,Shasta,089,179085,1454,1046,14,1060,18
2020-10-02,Sierra,091,2930,6,6,0,6,0
2020-10-02,Siskiyou,093,43540,168,151,10,161,0
2020-10-02,Solano,095,438530,6576,6385,41,6426,52
2020-10-02,Sonoma,097,501317,8150,7662,21,7683,125
2020-10-02,Stanislaus,099,539301,16815,16609,566,17175,349
2020-10-02,Sutter,101,95872,1737,1693,1,1694,11
2020-10-02,Tehama,103,63373,662,619,2,621,3
2020-10-02,Trinity,105,12862,61,15,8,23,0
2020-10-02,Tulare,107,460477,16834,16245,167,16412,278
2020-10-02,Tuolumne,109,53932,234,225,4,229,2
2020-10-02,Ventura,111,848112,13790,13120,221,13341,146
2020-10-02,Yolo,113,214977,2916,2845,6,2851,55
2020-10-02,Yuba,115,75493,1120,1090,5,1095,8
2020-10-01,Alameda,001,1643700,21958,21349,192,21541,383
2020-10-01,Alpine,003,1148,3,2,0,2,0
2020-10-01,Amador,005,37829,299,294,0,294,16
2020-10-01,Butte,007,227075,2993,2865,25,2890,45
2020-10-01,Calaveras,009,45235,312,257,0,257,11
2020-10-01,Colusa,011,21464,535,536,0,536,6
2020-10-01,Contra Costa,013,1133247,17563,16898,83,16981,211
2020-10-01,Del Norte,015,27424,147,140,0,140,2
2020-10-01,El Dorado,017,186661,1259,1162,1,1163,4
2020-10-01,Fresno,019,978130,31287,28796,402,29198,397
2020-10-01,Glenn,021,27897,611,593,0,593,3
2020-10-01,Humboldt,023,135768,518,499,1,500,6
2020-10-01,Imperial,025,180216,12018,10928,17,10945,325
2020-10-01,Inyo,027,18085,197,191,4,195,14
2020-10-01,Kern,029,883053,32448,31678,333,32011,399
2020-10-01,Kings,031,150075,8115,7688,45,7733,79
2020-10-01,Lake,033,64148,604,572,0,572,11
2020-10-01,Lassen,035,31185,751,742,2,744,0
2020-10-01,Los Angeles,037,10098052,274467,271513,2024,273537,6621
2020-10-01,Madera,039,155013,4692,4508,30,4538,48
2020-10-01,Marin,041,260295,6827,6710,18,6728,92
2020-10-01,Mariposa,043,17540,77,76,0,76,2
2020-10-01,Mendocino,045,87422,943,874,4,878,19
2020-10-01,Merced,047,269075,9054,8942,25,8967,138
2020-10-01,Modoc,049,8938,29,26,0,26,0
2020-10-01,Mono,051,14174,169,150,2,152,1
2020-10-01,Monterey,053,433212,10279,9958,40,9998,71
2020-10-01,Napa,055,140530,1790,1729,8,1737,11
2020-10-01,Nevada,057,99092,560,543,16,559,6
2020-10-01,Orange,059,3164182,56162,53088,1523,54611,1257
2020-10-01,Placer,061,380077,3746,3599,14,3613,45
2020-10-01,Plumas,063,18699,51,48,0,48,0
2020-10-01,Riverside,065,2383286,61116,59293,204,59497,1223
2020-10-01,Sacramento,067,1510023,23295,22714,26,22740,433
2020-10-01,San Benito,069,59416,1359,1346,0,1346,12
2020-10-01,San Bernardino,071,2135413,56395,54350,349,54699,1021
2020-10-01,San Diego,073,3302833,49473,47487,1068,48555,792
2020-10-01,San Francisco,075,870044,11526,11284,30,11314,110
2020-10-01,San Joaquin,077,732212,20616,20204,63,20267,471
2020-10-01,San Luis Obispo,079,281455,3839,3625,20,3645,31
2020-10-01,San Mateo,081,765935,10466,9681,9,9690,128
2020-10-01,Santa Barbara,083,443738,9659,9215,80,9295,118
2020-10-01,Santa Clara,085,1922200,22767,21398,46,21444,305
2020-10-01,Santa Cruz,087,273765,2531,2418,33,2451,10
2020-10-01,Shasta,089,179085,1403,991,14,1005,18
2020-10-01,Sierra,091,2930,6,6,0,6,0
2020-10-01,Siskiyou,093,43540,165,150,10,160,0
2020-10-01,Solano,095,438530,6538,6352,41,6393,52
2020-10-01,Sonoma,097,501317,8083,7569,21,7590,125
2020-10-01,Stanislaus,099,539301,16782,16555,560,17115,346
2020-10-01,Sutter,101,95872,1732,1684,1,1685,11
2020-10-01,Tehama,103,63373,652,606,2,608,3
2020-10-01,Trinity,105,12862,61,15,8,23,0
2020-10-01,Tulare,107,460477,16759,16182,164,16346,275
2020-10-01,Tuolumne,109,53932,234,223,4,227,2
2020-10-01,Ventura,111,848112,13738,13057,207,13264,146
2020-10-01,Yolo,113,214977,2898,2833,6,2839,55
2020-10-01,Yuba,115,75493,1116,1082,5,1087,8
2020-09-30,Alameda,001,1643700,21879,21271,189,21460,380
2020-09-30,Alpine,003,1148,3,2,0,2,0
2020-09-30,Amador,005,37829,299,294,0,294,16
2020-09-30,Butte,007,227075,2985,2858,25,2883,44
2020-09-30,Calaveras,009,45235,311,258,0,258,11
2020-09-30,Colusa,011,21464,534,534,0,534,6
2020-09-30,Contra Costa,013,1133247,17494,16819,83,16902,211
2020-09-30,Del Norte,015,27424,146,140,0,140,2
2020-09-30,El Dorado,017,186661,1247,1157,1,1158,4
2020-09-30,Fresno,019,978130,31196,28706,399,29105,395
2020-09-30,Glenn,021,27897,606,592,0,592,3
2020-09-30,Humboldt,023,135768,516,497,1,498,6
2020-09-30,Imperial,025,180216,11993,10868,17,10885,287
2020-09-30,Inyo,027,18085,196,189,4,193,14
2020-09-30,Kern,029,883053,32373,31601,332,31933,398
2020-09-30,Kings,031,150075,8086,7685,45,7730,79
2020-09-30,Lake,033,64148,598,567,0,567,10
2020-09-30,Lassen,035,31185,748,742,2,744,0
2020-09-30,Los Angeles,037,10098052,273242,270260,1991,272251,6568
2020-09-30,Madera,039,155013,4683,4477,30,4507,47
2020-09-30,Marin,041,260295,6803,6700,17,6717,91
2020-09-30,Mariposa,043,17540,77,76,0,76,2
2020-09-30,Mendocino,045,87422,937,867,4,871,17
2020-09-30,Merced,047,269075,9034,8926,25,8951,136
2020-09-30,Modoc,049,8938,29,26,0,26,0
2020-09-30,Mono,051,14174,169,150,2,152,1
2020-09-30,Monterey,053,433212,10229,9898,39,9937,70
2020-09-30,Napa,055,140530,1776,1728,8,1736,11
2020-09-30,Nevada,057,99092,558,540,16,556,6
2020-09-30,Orange,059,3164182,55971,52916,1507,54423,1251
2020-09-30,Placer,061,380077,3725,3585,14,3599,43
2020-09-30,Plumas,063,18699,51,48,0,48,0
2020-09-30,Riverside,065,2383286,60761,59074,200,59274,1220
2020-09-30,Sacramento,067,1510023,23191,22613,26,22639,429
2020-09-30,San Benito,069,59416,1356,1342,0,1342,12
2020-09-30,San Bernardino,071,2135413,56117,53988,347,54335,1018
2020-09-30,San Diego,073,3302833,49169,47182,1047,48229,783
2020-09-30,San Francisco,075,870044,11496,11247,30,11277,106
2020-09-30,San Joaquin,077,732212,20533,20150,61,20211,461
2020-09-30,San Luis Obispo,079,281455,3814,3597,20,3617,31
2020-09-30,San Mateo,081,765935,10424,9634,9,9643,128
2020-09-30,Santa Barbara,083,443738,9634,9186,80,9266,115
2020-09-30,Santa Clara,085,1922200,22662,21318,46,21364,302
2020-09-30,Santa Cruz,087,273765,2518,2405,33,2438,10
2020-09-30,Shasta,089,179085,1347,976,13,989,17
2020-09-30,Sierra,091,2930,6,6,0,6,0
2020-09-30,Siskiyou,093,43540,163,150,10,160,0
2020-09-30,Solano,095,438530,6496,6315,41,6356,51
2020-09-30,Sonoma,097,501317,7994,7494,21,7515,125
2020-09-30,Stanislaus,099,539301,16735,16531,554,17085,343
2020-09-30,Sutter,101,95872,1716,1680,1,1681,10
2020-09-30,Tehama,103,63373,646,594,2,596,3
2020-09-30,Trinity,105,12862,58,15,8,23,0
2020-09-30,Tulare,107,460477,16693,16117,157,16274,274
2020-09-30,Tuolumne,109,53932,232,224,4,228,2
2020-09-30,Ventura,111,848112,13703,12968,191,13159,145
2020-09-30,Yolo,113,214977,2885,2822,6,2828,55
2020-09-30,Yuba,115,75493,1113,1075,5,1080,8
2020-09-29,Alameda,001,1643700,21800,21241,185,21426,374
2020-09-29,Alpine,003,1148,3,2,0,2,0
2020-09-29,Amador,005,37829,297,294,0,294,16
2020-09-29,Butte,007,227075,2971,2848,25,2873,44
2020-09-29,Calaveras,009,45235,309,261,0,261,11
2020-09-29,Colusa,011,21464,534,534,0,534,6
2020-09-29,Contra Costa,013,1133247,17439,16716,81,16797,209
2020-09-29,Del Norte,015,27424,142,142,0,142,2
2020-09-29,El Dorado,017,186661,1238,1151,1,1152,4
2020-09-29,Fresno,019,978130,31101,28621,398,29019,394
2020-09-29,Glenn,021,27897,602,589,0,589,3
2020-09-29,Humboldt,023,135768,514,497,1,498,6
2020-09-29,Imperial,025,180216,11959,10811,17,10828,283
2020-09-29,Inyo,027,18085,195,188,4,192,14
2020-09-29,Kern,029,883053,32318,31534,331,31865,397
2020-09-29,Kings,031,150075,8030,7681,45,7726,78
2020-09-29,Lake,033,64148,596,566,0,566,11
2020-09-29,Lassen,035,31185,748,741,2,743,0
2020-09-29,Los Angeles,037,10098052,272026,269246,1962,271208,6545
2020-09-29,Madera,039,155013,4659,4453,30,4483,47
2020-09-29,Marin,041,260295,6782,6692,17,6709,91
2020-09-29,Mariposa,043,17540,77,74,0,74,2
2020-09-29,Mendocino,045,87422,927,854,4,858,17
2020-09-29,Merced,047,269075,9021,8892,23,8915,136
2020-09-29,Modoc,049,8938,29,26,0,26,0
2020-09-29,Mono,051,14174,169,149,2,151,1
2020-09-29,Monterey,053,433212,10174,9826,37,9863,70
2020-09-29,Napa,055,140530,1773,1727,8,1735,11
2020-09-29,Nevada,057,99092,553,539,16,555,6
2020-09-29,Orange,059,3164182,55785,52755,1496,54251,1231
2020-09-29,Placer,061,380077,3703,3570,14,3584,42
2020-09-29,Plumas,063,18699,51,48,0,48,0
2020-09-29,Riverside,065,2383286,60431,58863,193,59056,1208
2020-09-29,Sacramento,067,1510023,23070,22547,26,22573,425
2020-09-29,San Benito,069,59416,1351,1341,0,1341,12
2020-09-29,San Bernardino,071,2135413,55808,53753,346,54099,1012
2020-09-29,San Diego,073,3302833,48892,46987,1024,48011,781
2020-09-29,San Francisco,075,870044,11460,11142,30,11172,104
2020-09-29,San Joaquin,077,732212,20467,20094,59,20153,454
2020-09-29,San Luis Obispo,079,281455,3794,3581,20,3601,31
2020-09-29,San Mateo,081,765935,10377,9619,9,9628,127
2020-09-29,Santa Barbara,083,443738,9614,9149,79,9228,114
2020-09-29,Santa Clara,085,1922200,22526,21233,45,21278,302
2020-09-29,Santa Cruz,087,273765,2503,2383,32,2415,10
2020-09-29,Shasta,089,179085,1286,943,13,956,17
2020-09-29,Sierra,091,2930,6,6,0,6,0
2020-09-29,Siskiyou,093,43540,157,150,10,160,0
2020-09-29,Solano,095,438530,6462,6303,41,6344,51
2020-09-29,Sonoma,097,501317,7922,7426,21,7447,125
2020-09-29,Stanislaus,099,539301,16704,16505,548,17053,341
2020-09-29,Sutter,101,95872,1710,1677,1,1678,10
2020-09-29,Tehama,103,63373,628,585,2,587,2
2020-09-29,Trinity,105,12862,56,16,8,24,0
2020-09-29,Tulare,107,460477,16629,16055,150,16205,270
2020-09-29,Tuolumne,109,53932,232,224,4,228,2
2020-09-29,Ventura,111,848112,13646,12875,188,13063,145
2020-09-29,Yolo,113,214977,2872,2818,6,2824,55
2020-09-29,Yuba,115,75493,1111,1071,5,1076,8
2020-09-28,Alameda,001,1643700,21713,21133,185,21318,370
2020-09-28,Alpine,003,1148,3,2,0,2,0
2020-09-28,Amador,005,37829,295,294,0,294,16
2020-09-28,Butte,007,227075,2956,2837,25,2862,44
2020-09-28,Calaveras,009,45235,309,257,0,257,11
2020-09-28,Colusa,011,21464,533,531,0,531,6
2020-09-28,Contra Costa,013,1133247,17374,16653,81,16734,195
2020-09-28,Del Norte,015,27424,142,138,0,138,2
2020-09-28,El Dorado,017,186661,1231,1144,1,1145,4
2020-09-28,Fresno,019,978130,31019,28517,390,28907,389
2020-09-28,Glenn,021,27897,600,585,0,585,3
2020-09-28,Humboldt,023,135768,508,495,1,496,6
2020-09-28,Imperial,025,180216,11924,10777,17,10794,283
2020-09-28,Inyo,027,18085,194,188,4,192,14
2020-09-28,Kern,029,883053,32253,31481,327,31808,395
2020-09-28,Kings,031,150075,7889,7661,43,7704,78
2020-09-28,Lake,033,64148,592,559,0,559,10
2020-09-28,Lassen,035,31185,747,737,2,739,0
2020-09-28,Los Angeles,037,10098052,270920,268404,1932,270336,6508
2020-09-28,Madera,039,155013,4638,4438,30,4468,47
2020-09-28,Marin,041,260295,6766,6676,17,6693,91
2020-09-28,Mariposa,043,17540,77,74,0,74,2
2020-09-28,Mendocino,045,87422,912,850,4,854,17
2020-09-28,Merced,047,269075,8993,8869,23,8892,136
2020-09-28,Modoc,049,8938,29,26,0,26,0
2020-09-28,Mono,051,14174,169,148,2,150,1
2020-09-28,Monterey,053,433212,10109,9780,35,9815,69
2020-09-28,Napa,055,140530,1761,1705,8,1713,11
2020-09-28,Nevada,057,99092,545,538,16,554,6
2020-09-28,Orange,059,3164182,55579,52633,1487,54120,1196
2020-09-28,Placer,061,380077,3682,3572,14,3586,42
2020-09-28,Plumas,063,18699,50,48,0,48,0
2020-09-28,Riverside,065,2383286,60133,58570,184,58754,1198
2020-09-28,Sacramento,067,1510023,22923,22392,26,22418,423
2020-09-28,San Benito,069,59416,1348,1336,0,1336,11
2020-09-28,San Bernardino,071,2135413,55461,53501,346,53847,988
2020-09-28,San Diego,073,3302833,48574,46736,1004,47740,776
2020-09-28,San Francisco,075,870044,11426,11114,30,11144,100
2020-09-28,San Joaquin,077,732212,20418,19982,58,20040,448
2020-09-28,San Luis Obispo,079,281455,3773,3567,20,3587,31
2020-09-28,San Mateo,081,765935,10326,9582,9,9591,127
2020-09-28,Santa Barbara,083,443738,9596,9121,79,9200,114
2020-09-28,Santa Clara,085,1922200,22409,21180,45,21225,271
2020-09-28,Santa Cruz,087,273765,2493,2359,32,2391,9
2020-09-28,Shasta,089,179085,1232,883,10,893,17
2020-09-28,Sierra,091,2930,6,6,0,6,0
2020-09-28,Siskiyou,093,43540,157,149,10,159,0
2020-09-28,Solano,095,438530,6426,6254,41,6295,51
2020-09-28,Sonoma,097,501317,7846,7369,21,7390,125
2020-09-28,Stanislaus,099,539301,16664,16467,541,17008,336
2020-09-28,Sutter,101,95872,1703,1676,1,1677,10
2020-09-28,Tehama,103,63373,620,579,2,581,2
2020-09-28,Trinity,105,12862,56,16,8,24,0
2020-09-28,Tulare,107,460477,16576,15918,145,16063,270
2020-09-28,Tuolumne,109,53932,232,225,4,229,2
2020-09-28,Ventura,111,848112,13568,12812,181,12993,139
2020-09-28,Yolo,113,214977,2855,2809,6,2815,55
2020-09-28,Yuba,115,75493,1108,1062,5,1067,7
2020-09-27,Alameda,001,1643700,21632,21077,181,21258,370
2020-09-27,Alpine,003,1148,3,2,0,2,0
2020-09-27,Amador,005,37829,295,291,0,291,16
2020-09-27,Butte,007,227075,2944,2833,25,2858,44
2020-09-27,Calaveras,009,45235,308,257,0,257,11
2020-09-27,Colusa,011,21464,532,531,0,531,6
2020-09-27,Contra Costa,013,1133247,17272,16596,80,16676,195
2020-09-27,Del Norte,015,27424,142,138,0,138,2
2020-09-27,El Dorado,017,186661,1216,1130,1,1131,4
2020-09-27,Fresno,019,978130,30913,28441,390,28831,389
2020-09-27,Glenn,021,27897,596,576,0,576,3
2020-09-27,Humboldt,023,135768,506,492,1,493,6
2020-09-27,Imperial,025,180216,11890,10743,16,10759,283
2020-09-27,Inyo,027,18085,192,188,4,192,14
2020-09-27,Kern,029,883053,32134,31462,324,31786,395
2020-09-27,Kings,031,150075,7869,7641,43,7684,78
2020-09-27,Lake,033,64148,588,555,0,555,10
2020-09-27,Lassen,035,31185,747,737,2,739,0
2020-09-27,Los Angeles,037,10098052,269745,267754,1911,269665,6507
2020-09-27,Madera,039,155013,4609,4416,30,4446,47
2020-09-27,Marin,041,260295,6756,6663,17,6680,91
2020-09-27,Mariposa,043,17540,77,74,0,74,2
2020-09-27,Mendocino,045,87422,906,846,4,850,17
2020-09-27,Merced,047,269075,8959,8853,23,8876,136
2020-09-27,Modoc,049,8938,29,26,0,26,0
2020-09-27,Mono,051,14174,169,148,2,150,1
2020-09-27,Monterey,053,433212,10049,9724,34,9758,69
2020-09-27,Napa,055,140530,1756,1690,8,1698,11
2020-09-27,Nevada,057,99092,544,537,16,553,6
2020-09-27,Orange,059,3164182,55304,52458,1478,53936,1195
2020-09-27,Placer,061,380077,3669,3562,14,3576,42
2020-09-27,Plumas,063,18699,50,48,0,48,0
2020-09-27,Riverside,065,2383286,59837,58509,176,58685,1191
2020-09-27,Sacramento,067,1510023,22825,22356,26,22382,422
2020-09-27,San Benito,069,59416,1348,1331,0,1331,11
2020-09-27,San Bernardino,071,2135413,55025,53127,346,53473,988
2020-09-27,San Diego,073,3302833,48230,46612,987,47599,776
2020-09-27,San Francisco,075,870044,11374,11114,30,11144,100
2020-09-27,San Joaquin,077,732212,20358,19981,58,20039,448
2020-09-27,San Luis Obispo,079,281455,3752,3562,20,3582,31
2020-09-27,San Mateo,081,765935,10258,9566,9,9575,127
2020-09-27,Santa Barbara,083,443738,9575,9090,78,9168,114
2020-09-27,Santa Clara,085,1922200,22300,21091,45,21136,271
2020-09-27,Santa Cruz,087,273765,2471,2359,32,2391,9
2020-09-27,Shasta,089,179085,1189,883,9,892,17
2020-09-27,Sierra,091,2930,6,6,0,6,0
2020-09-27,Siskiyou,093,43540,156,149,10,159,0
2020-09-27,Solano,095,438530,6391,6211,41,6252,51
2020-09-27,Sonoma,097,501317,7765,7336,21,7357,124
2020-09-27,Stanislaus,099,539301,16613,16448,535,16983,336
2020-09-27,Sutter,101,95872,1696,1672,1,1673,10
2020-09-27,Tehama,103,63373,603,573,2,575,2
2020-09-27,Trinity,105,12862,56,16,8,24,0
2020-09-27,Tulare,107,460477,16498,15918,136,16054,270
2020-09-27,Tuolumne,109,53932,231,224,4,228,2
2020-09-27,Ventura,111,848112,13479,12775,172,12947,139
2020-09-27,Yolo,113,214977,2841,2796,6,2802,55
2020-09-27,Yuba,115,75493,1098,1059,5,1064,7
2020-09-26,Alameda,001,1643700,21574,21019,180,21199,370
2020-09-26,Alpine,003,1148,3,2,0,2,0
2020-09-26,Amador,005,37829,294,291,0,291,16
2020-09-26,Butte,007,227075,2936,2827,25,2852,44
2020-09-26,Calaveras,009,45235,308,257,0,257,11
2020-09-26,Colusa,011,21464,532,529,0,529,6
2020-09-26,Contra Costa,013,1133247,17230,16508,80,16588,194
2020-09-26,Del Norte,015,27424,142,138,0,138,2
2020-09-26,El Dorado,017,186661,1211,1127,1,1128,4
2020-09-26,Fresno,019,978130,30846,28336,390,28726,389
2020-09-26,Glenn,021,27897,596,576,0,576,3
2020-09-26,Humboldt,023,135768,506,491,1,492,6
2020-09-26,Imperial,025,180216,11873,10721,16,10737,283
2020-09-26,Inyo,027,18085,191,187,4,191,14
2020-09-26,Kern,029,883053,32083,31410,324,31734,394
2020-09-26,Kings,031,150075,7857,7537,43,7580,78
2020-09-26,Lake,033,64148,585,549,0,549,10
2020-09-26,Lassen,035,31185,747,737,2,739,0
2020-09-26,Los Angeles,037,10098052,269111,266931,1896,268827,6497
2020-09-26,Madera,039,155013,4593,4410,30,4440,47
2020-09-26,Marin,041,260295,6743,6641,17,6658,91
2020-09-26,Mariposa,043,17540,76,74,0,74,2
2020-09-26,Mendocino,045,87422,901,836,4,840,17
2020-09-26,Merced,047,269075,8947,8841,22,8863,136
2020-09-26,Modoc,049,8938,29,26,0,26,0
2020-09-26,Mono,051,14174,169,148,2,150,1
2020-09-26,Monterey,053,433212,10022,9651,34,9685,68
2020-09-26,Napa,055,140530,1754,1681,8,1689,11
2020-09-26,Nevada,057,99092,544,534,16,550,6
2020-09-26,Orange,059,3164182,55164,52203,1472,53675,1194
2020-09-26,Placer,061,380077,3656,3551,14,3565,42
2020-09-26,Plumas,063,18699,49,48,0,48,0
2020-09-26,Riverside,065,2383286,59702,58076,174,58250,1190
2020-09-26,Sacramento,067,1510023,22769,22269,26,22295,421
2020-09-26,San Benito,069,59416,1346,1325,0,1325,11
2020-09-26,San Bernardino,071,2135413,54891,53122,346,53468,988
2020-09-26,San Diego,073,3302833,48025,46333,973,47306,775
2020-09-26,San Francisco,075,870044,11346,11113,30,11143,100
2020-09-26,San Joaquin,077,732212,20323,19982,56,20038,449
2020-09-26,San Luis Obispo,079,281455,3735,3546,20,3566,31
2020-09-26,San Mateo,081,765935,10224,9509,9,9518,127
2020-09-26,Santa Barbara,083,443738,9564,9061,78,9139,114
2020-09-26,Santa Clara,085,1922200,22229,20967,44,21011,270
2020-09-26,Santa Cruz,087,273765,2463,2336,32,2368,9
2020-09-26,Shasta,089,179085,1139,856,8,864,17
2020-09-26,Sierra,091,2930,6,6,0,6,0
2020-09-26,Siskiyou,093,43540,155,149,10,159,0
2020-09-26,Solano,095,438530,6372,6209,41,6250,51
2020-09-26,Sonoma,097,501317,7740,7285,20,7305,124
2020-09-26,Stanislaus,099,539301,16588,16421,526,16947,336
2020-09-26,Sutter,101,95872,1691,1662,1,1663,10
2020-09-26,Tehama,103,63373,591,560,2,562,2
2020-09-26,Trinity,105,12862,54,16,8,24,0
2020-09-26,Tulare,107,460477,16472,15881,134,16015,270
2020-09-26,Tuolumne,109,53932,231,223,4,227,2
2020-09-26,Ventura,111,848112,13444,12729,171,12900,137
2020-09-26,Yolo,113,214977,2839,2789,6,2795,55
2020-09-26,Yuba,115,75493,1094,1056,5,1061,7
2020-09-25,Alameda,001,1643700,21520,20911,180,21091,367
2020-09-25,Alpine,003,1148,3,2,0,2,0
2020-09-25,Amador,005,37829,294,289,0,289,16
2020-09-25,Butte,007,227075,2931,2819,25,2844,43
2020-09-25,Calaveras,009,45235,308,257,0,257,11
2020-09-25,Colusa,011,21464,532,528,0,528,6
2020-09-25,Contra Costa,013,1133247,17171,16401,80,16481,194
2020-09-25,Del Norte,015,27424,142,138,0,138,2
2020-09-25,El Dorado,017,186661,1207,1104,1,1105,4
2020-09-25,Fresno,019,978130,30786,28199,389,28588,385
2020-09-25,Glenn,021,27897,594,570,0,570,3
2020-09-25,Humboldt,023,135768,505,489,1,490,5
2020-09-25,Imperial,025,180216,11855,10681,16,10697,283
2020-09-25,Inyo,027,18085,189,187,4,191,14
2020-09-25,Kern,029,883053,32030,31333,322,31655,393
2020-09-25,Kings,031,150075,7852,7450,43,7493,77
2020-09-25,Lake,033,64148,584,539,0,539,9
2020-09-25,Lassen,035,31185,747,737,2,739,0
2020-09-25,Los Angeles,037,10098052,268322,265713,1882,267595,6483
2020-09-25,Madera,039,155013,4574,4369,30,4399,48
2020-09-25,Marin,041,260295,6740,6622,17,6639,90
2020-09-25,Mariposa,043,17540,76,74,0,74,2
2020-09-25,Mendocino,045,87422,886,819,3,822,17
2020-09-25,Merced,047,269075,8931,8830,22,8852,135
2020-09-25,Modoc,049,8938,29,26,0,26,0
2020-09-25,Mono,051,14174,169,149,2,151,1
2020-09-25,Monterey,053,433212,9970,9581,34,9615,68
2020-09-25,Napa,055,140530,1752,1669,8,1677,11
2020-09-25,Nevada,057,99092,542,529,16,545,6
2020-09-25,Orange,059,3164182,55037,52031,1464,53495,1184
2020-09-25,Placer,061,380077,3645,3527,14,3541,41
2020-09-25,Plumas,063,18699,49,48,0,48,0
2020-09-25,Riverside,065,2383286,59526,57783,169,57952,1183
2020-09-25,Sacramento,067,1510023,22692,22132,26,22158,418
2020-09-25,San Benito,069,59416,1345,1318,0,1318,11
2020-09-25,San Bernardino,071,2135413,54737,52814,346,53160,987
2020-09-25,San Diego,073,3302833,47823,46003,957,46960,775
2020-09-25,San Francisco,075,870044,11312,11066,29,11095,100
2020-09-25,San Joaquin,077,732212,20271,19909,56,19965,449
2020-09-25,San Luis Obispo,079,281455,3723,3512,20,3532,31
2020-09-25,San Mateo,081,765935,10188,9447,9,9456,127
2020-09-25,Santa Barbara,083,443738,9540,9026,78,9104,114
2020-09-25,Santa Clara,085,1922200,22165,20812,43,20855,265
2020-09-25,Santa Cruz,087,273765,2451,2309,31,2340,9
2020-09-25,Shasta,089,179085,1105,806,8,814,16
2020-09-25,Sierra,091,2930,6,6,0,6,0
2020-09-25,Siskiyou,093,43540,155,149,10,159,0
2020-09-25,Solano,095,438530,6356,6179,41,6220,50
2020-09-25,Sonoma,097,501317,7700,7202,20,7222,124
2020-09-25,Stanislaus,099,539301,16570,16381,524,16905,326
2020-09-25,Sutter,101,95872,1688,1655,1,1656,10
2020-09-25,Tehama,103,63373,583,546,2,548,2
2020-09-25,Trinity,105,12862,54,15,8,23,0
2020-09-25,Tulare,107,460477,16432,15815,132,15947,267
2020-09-25,Tuolumne,109,53932,231,223,4,227,2
2020-09-25,Ventura,111,848112,13401,12664,168,12832,137
2020-09-25,Yolo,113,214977,2831,2784,6,2790,55
2020-09-25,Yuba,115,75493,1089,1049,5,1054,5
2020-09-24,Alameda,001,1643700,21445,20838,177,21015,364
2020-09-24,Alpine,003,1148,3,2,0,2,0
2020-09-24,Amador,005,37829,294,288,0,288,16
2020-09-24,Butte,007,227075,2920,2803,25,2828,43
2020-09-24,Calaveras,009,45235,308,258,0,258,11
2020-09-24,Colusa,011,21464,532,523,0,523,6
2020-09-24,Contra Costa,013,1133247,17089,16252,80,16332,192
2020-09-24,Del Norte,015,27424,138,137,0,137,2
2020-09-24,El Dorado,017,186661,1198,1093,1,1094,4
2020-09-24,Fresno,019,978130,30681,28106,385,28491,375
2020-09-24,Glenn,021,27897,590,567,0,567,3
2020-09-24,Humboldt,023,135768,502,482,1,483,5
2020-09-24,Imperial,025,180216,11831,10622,16,10638,283
2020-09-24,Inyo,027,18085,189,187,4,191,13
2020-09-24,Kern,029,883053,31967,31273,320,31593,388
2020-09-24,Kings,031,150075,7836,7428,43,7471,76
2020-09-24,Lake,033,64148,575,531,0,531,9
2020-09-24,Lassen,035,31185,746,737,2,739,0
2020-09-24,Los Angeles,037,10098052,267280,264374,1864,266238,6452
2020-09-24,Madera,039,155013,4555,4344,30,4374,48
2020-09-24,Marin,041,260295,6712,6588,17,6605,85
2020-09-24,Mariposa,043,17540,76,74,0,74,2
2020-09-24,Mendocino,045,87422,882,810,3,813,17
2020-09-24,Merced,047,269075,8902,8813,21,8834,135
2020-09-24,Modoc,049,8938,29,24,0,24,0
2020-09-24,Mono,051,14174,169,149,2,151,1
2020-09-24,Monterey,053,433212,9904,9544,31,9575,67
2020-09-24,Napa,055,140530,1740,1661,8,1669,11
2020-09-24,Nevada,057,99092,541,527,16,543,6
2020-09-24,Orange,059,3164182,54829,51749,1446,53195,1164
2020-09-24,Placer,061,380077,3630,3514,14,3528,41
2020-09-24,Plumas,063,18699,49,48,0,48,0
2020-09-24,Riverside,065,2383286,59259,57491,163,57654,1172
2020-09-24,Sacramento,067,1510023,22566,21985,25,22010,417
2020-09-24,San Benito,069,59416,1343,1308,0,1308,11
2020-09-24,San Bernardino,071,2135413,54401,52455,345,52800,988
2020-09-24,San Diego,073,3302833,47554,45598,942,46540,773
2020-09-24,San Francisco,075,870044,11265,10992,29,11021,99
2020-09-24,San Joaquin,077,732212,20233,19851,55,19906,444
2020-09-24,San Luis Obispo,079,281455,3707,3480,20,3500,31
2020-09-24,San Mateo,081,765935,10140,9376,9,9385,127
2020-09-24,Santa Barbara,083,443738,9489,8988,77,9065,114
2020-09-24,Santa Clara,085,1922200,22077,20689,43,20732,262
2020-09-24,Santa Cruz,087,273765,2431,2300,29,2329,9
2020-09-24,Shasta,089,179085,1068,773,5,778,14
2020-09-24,Sierra,091,2930,6,6,0,6,0
2020-09-24,Siskiyou,093,43540,155,149,10,159,0
2020-09-24,Solano,095,438530,6323,6137,41,6178,49
2020-09-24,Sonoma,097,501317,7619,7163,20,7183,122
2020-09-24,Stanislaus,099,539301,16533,16326,519,16845,326
2020-09-24,Sutter,101,95872,1685,1646,1,1647,10
2020-09-24,Tehama,103,63373,580,540,2,542,2
2020-09-24,Trinity,105,12862,54,15,8,23,0
2020-09-24,Tulare,107,460477,16367,15754,131,15885,267
2020-09-24,Tuolumne,109,53932,231,224,4,228,2
2020-09-24,Ventura,111,848112,13319,12617,167,12784,138
2020-09-24,Yolo,113,214977,2824,2776,6,2782,55
2020-09-24,Yuba,115,75493,1084,1042,5,1047,5
2020-09-23,Alameda,001,1643700,21377,20718,175,20893,361
2020-09-23,Alpine,003,1148,3,2,0,2,0
2020-09-23,Amador,005,37829,293,288,0,288,16
2020-09-23,Butte,007,227075,2912,2790,25,2815,43
2020-09-23,Calaveras,009,45235,307,258,0,258,11
2020-09-23,Colusa,011,21464,531,521,0,521,6
2020-09-23,Contra Costa,013,1133247,17025,16167,79,16246,192
2020-09-23,Del Norte,015,27424,136,137,0,137,2
2020-09-23,El Dorado,017,186661,1184,1088,1,1089,4
2020-09-23,Fresno,019,978130,30585,28019,383,28402,371
2020-09-23,Glenn,021,27897,583,561,0,561,3
2020-09-23,Humboldt,023,135768,498,477,1,478,5
2020-09-23,Imperial,025,180216,11805,10587,16,10603,284
2020-09-23,Inyo,027,18085,188,177,4,181,13
2020-09-23,Kern,029,883053,31923,31172,318,31490,387
2020-09-23,Kings,031,150075,7814,7406,43,7449,76
2020-09-23,Lake,033,64148,570,519,0,519,9
2020-09-23,Lassen,035,31185,746,736,2,738,0
2020-09-23,Los Angeles,037,10098052,266262,263318,1835,265153,6421
2020-09-23,Madera,039,155013,4540,4311,30,4341,48
2020-09-23,Marin,041,260295,6693,6567,17,6584,85
2020-09-23,Mariposa,043,17540,76,74,0,74,2
2020-09-23,Mendocino,045,87422,881,801,2,803,17
2020-09-23,Merced,047,269075,8881,8785,20,8805,134
2020-09-23,Modoc,049,8938,29,24,0,24,0
2020-09-23,Mono,051,14174,169,149,2,151,1
2020-09-23,Monterey,053,433212,9835,9452,30,9482,67
2020-09-23,Napa,055,140530,1731,1653,8,1661,11
2020-09-23,Nevada,057,99092,540,523,16,539,6
2020-09-23,Orange,059,3164182,54602,51658,1438,53096,1155
2020-09-23,Placer,061,380077,3618,3506,14,3520,41
2020-09-23,Plumas,063,18699,49,48,0,48,0
2020-09-23,Riverside,065,2383286,58954,57257,160,57417,1165
2020-09-23,Sacramento,067,1510023,22489,21821,25,21846,415
2020-09-23,San Benito,069,59416,1337,1305,0,1305,10
2020-09-23,San Bernardino,071,2135413,54106,52132,344,52476,973
2020-09-23,San Diego,073,3302833,47278,45427,923,46350,767
2020-09-23,San Francisco,075,870044,11216,10926,29,10955,95
2020-09-23,San Joaquin,077,732212,20180,19785,55,19840,439
2020-09-23,San Luis Obispo,079,281455,3689,3447,20,3467,31
2020-09-23,San Mateo,081,765935,10100,9351,9,9360,127
2020-09-23,Santa Barbara,083,443738,9461,8952,77,9029,112
2020-09-23,Santa Clara,085,1922200,21966,20575,40,20615,260
2020-09-23,Santa Cruz,087,273765,2412,2283,29,2312,9
2020-09-23,Shasta,089,179085,1029,756,4,760,14
2020-09-23,Sierra,091,2930,6,6,0,6,0
2020-09-23,Siskiyou,093,43540,155,149,10,159,0
2020-09-23,Solano,095,438530,6298,6123,41,6164,50
2020-09-23,Sonoma,097,501317,7543,7091,20,7111,122
2020-09-23,Stanislaus,099,539301,16503,16271,516,16787,317
2020-09-23,Sutter,101,95872,1681,1646,1,1647,10
2020-09-23,Tehama,103,63373,574,533,2,535,2
2020-09-23,Trinity,105,12862,53,15,8,23,0
2020-09-23,Tulare,107,460477,16302,15664,130,15794,266
2020-09-23,Tuolumne,109,53932,231,223,4,227,2
2020-09-23,Ventura,111,848112,13263,12591,164,12755,137
2020-09-23,Yolo,113,214977,2806,2766,6,2772,55
2020-09-23,Yuba,115,75493,1082,1038,5,1043,5
2020-09-22,Alameda,001,1643700,21297,20607,173,20780,355
2020-09-22,Alpine,003,1148,2,2,0,2,0
2020-09-22,Amador,005,37829,292,287,0,287,16
2020-09-22,Butte,007,227075,2907,2776,25,2801,43
2020-09-22,Calaveras,009,45235,307,258,0,258,11
2020-09-22,Colusa,011,21464,529,518,0,518,6
2020-09-22,Contra Costa,013,1133247,16935,16090,79,16169,190
2020-09-22,Del Norte,015,27424,136,137,0,137,2
2020-09-22,El Dorado,017,186661,1165,1076,1,1077,4
2020-09-22,Fresno,019,978130,30490,27944,380,28324,369
2020-09-22,Glenn,021,27897,580,560,0,560,3
2020-09-22,Humboldt,023,135768,497,476,1,477,5
2020-09-22,Imperial,025,180216,11776,10529,16,10545,284
2020-09-22,Inyo,027,18085,188,177,4,181,13
2020-09-22,Kern,029,883053,31855,31110,311,31421,383
2020-09-22,Kings,031,150075,7757,7395,42,7437,76
2020-09-22,Lake,033,64148,562,516,0,516,9
2020-09-22,Lassen,035,31185,745,736,2,738,0
2020-09-22,Los Angeles,037,10098052,265196,262117,1809,263926,6394
2020-09-22,Madera,039,155013,4524,4303,30,4333,47
2020-09-22,Marin,041,260295,6679,6561,17,6578,84
2020-09-22,Mariposa,043,17540,76,74,0,74,2
2020-09-22,Mendocino,045,87422,861,794,1,795,18
2020-09-22,Merced,047,269075,8851,8769,20,8789,132
2020-09-22,Modoc,049,8938,29,24,0,24,0
2020-09-22,Mono,051,14174,168,149,2,151,1
2020-09-22,Monterey,053,433212,9777,9393,30,9423,67
2020-09-22,Napa,055,140530,1714,1652,8,1660,11
2020-09-22,Nevada,057,99092,540,523,16,539,6
2020-09-22,Orange,059,3164182,54352,51528,1430,52958,1132
2020-09-22,Placer,061,380077,3606,3492,14,3506,40
2020-09-22,Plumas,063,18699,49,48,0,48,0
2020-09-22,Riverside,065,2383286,58468,57066,156,57222,1162
2020-09-22,Sacramento,067,1510023,22369,21745,25,21770,410
2020-09-22,San Benito,069,59416,1332,1305,0,1305,10
2020-09-22,San Bernardino,071,2135413,53832,51899,344,52243,971
2020-09-22,San Diego,073,3302833,46971,45149,904,46053,765
2020-09-22,San Francisco,075,870044,11172,10893,28,10921,95
2020-09-22,San Joaquin,077,732212,20133,19755,54,19809,426
2020-09-22,San Luis Obispo,079,281455,3672,3420,20,3440,31
2020-09-22,San Mateo,081,765935,10062,9291,9,9300,127
2020-09-22,Santa Barbara,083,443738,9431,8927,76,9003,111
2020-09-22,Santa Clara,085,1922200,21847,20514,40,20554,253
2020-09-22,Santa Cruz,087,273765,2389,2264,29,2293,8
2020-09-22,Shasta,089,179085,994,723,4,727,14
2020-09-22,Sierra,091,2930,6,6,0,6,0
2020-09-22,Siskiyou,093,43540,155,149,10,159,0
2020-09-22,Solano,095,438530,6267,6107,41,6148,48
2020-09-22,Sonoma,097,501317,7464,7068,19,7087,117
2020-09-22,Stanislaus,099,539301,16480,16231,509,16740,316
2020-09-22,Sutter,101,95872,1675,1638,1,1639,10
2020-09-22,Tehama,103,63373,566,529,2,531,2
2020-09-22,Trinity,105,12862,53,15,8,23,0
2020-09-22,Tulare,107,460477,16235,15616,126,15742,263
2020-09-22,Tuolumne,109,53932,230,224,4,228,1
2020-09-22,Ventura,111,848112,13211,12507,160,12667,136
2020-09-22,Yolo,113,214977,2799,2763,6,2769,54
2020-09-22,Yuba,115,75493,1073,1035,5,1040,5
2020-09-21,Alameda,001,1643700,21218,20501,172,20673,343
2020-09-21,Alpine,003,1148,2,2,0,2,0
2020-09-21,Amador,005,37829,290,286,0,286,16
2020-09-21,Butte,007,227075,2893,2769,25,2794,41
2020-09-21,Calaveras,009,45235,305,256,0,256,10
2020-09-21,Colusa,011,21464,528,517,0,517,6
2020-09-21,Contra Costa,013,1133247,16848,16008,79,16087,189
2020-09-21,Del Norte,015,27424,136,132,0,132,2
2020-09-21,El Dorado,017,186661,1156,1074,1,1075,4
2020-09-21,Fresno,019,978130,30388,27843,373,28216,362
2020-09-21,Glenn,021,27897,576,556,0,556,3
2020-09-21,Humboldt,023,135768,493,473,1,474,5
2020-09-21,Imperial,025,180216,11745,10521,15,10536,284
2020-09-21,Inyo,027,18085,187,177,4,181,12
2020-09-21,Kern,029,883053,31783,31031,309,31340,379
2020-09-21,Kings,031,150075,7644,7297,41,7338,76
2020-09-21,Lake,033,64148,557,508,0,508,8
2020-09-21,Lassen,035,31185,743,735,2,737,0
2020-09-21,Los Angeles,037,10098052,264109,261418,1764,263182,6360
2020-09-21,Madera,039,155013,4513,4275,29,4304,47
2020-09-21,Marin,041,260295,6668,6538,16,6554,84
2020-09-21,Mariposa,043,17540,75,74,0,74,2
2020-09-21,Mendocino,045,87422,846,778,0,778,18
2020-09-21,Merced,047,269075,8832,8749,18,8767,128
2020-09-21,Modoc,049,8938,29,22,0,22,0
2020-09-21,Mono,051,14174,168,147,2,149,1
2020-09-21,Monterey,053,433212,9713,9331,27,9358,66
2020-09-21,Napa,055,140530,1703,1641,8,1649,11
2020-09-21,Nevada,057,99092,538,515,16,531,6
2020-09-21,Orange,059,3164182,54130,51363,1423,52786,1110
2020-09-21,Placer,061,380077,3596,3473,14,3487,40
2020-09-21,Plumas,063,18699,49,47,0,47,0
2020-09-21,Riverside,065,2383286,58194,57001,149,57150,1153
2020-09-21,Sacramento,067,1510023,22188,21568,25,21593,404
2020-09-21,San Benito,069,59416,1330,1298,0,1298,10
2020-09-21,San Bernardino,071,2135413,53546,51654,344,51998,970
2020-09-21,San Diego,073,3302833,46687,44927,883,45810,760
2020-09-21,San Francisco,075,870044,11124,10743,28,10771,95
2020-09-21,San Joaquin,077,732212,20075,19579,54,19633,423
2020-09-21,San Luis Obispo,079,281455,3646,3406,20,3426,27
2020-09-21,San Mateo,081,765935,10010,9239,9,9248,127
2020-09-21,Santa Barbara,083,443738,9403,8911,76,8987,110
2020-09-21,Santa Clara,085,1922200,21746,20432,40,20472,252
2020-09-21,Santa Cruz,087,273765,2372,2257,27,2284,8
2020-09-21,Shasta,089,179085,944,696,4,700,14
2020-09-21,Sierra,091,2930,6,6,0,6,0
2020-09-21,Siskiyou,093,43540,155,146,10,156,0
2020-09-21,Solano,095,438530,6243,6019,41,6060,46
2020-09-21,Sonoma,097,501317,7388,7017,19,7036,117
2020-09-21,Stanislaus,099,539301,16450,16186,509,16695,310
2020-09-21,Sutter,101,95872,1668,1634,1,1635,10
2020-09-21,Tehama,103,63373,547,513,2,515,2
2020-09-21,Trinity,105,12862,53,15,8,23,0
2020-09-21,Tulare,107,460477,16161,15528,117,15645,260
2020-09-21,Tuolumne,109,53932,230,221,4,225,1
2020-09-21,Ventura,111,848112,13127,12477,154,12631,133
2020-09-21,Yolo,113,214977,2793,2752,6,2758,54
2020-09-21,Yuba,115,75493,1069,1033,5,1038,1
2020-09-20,Alameda,001,1643700,21118,20425,169,20594,343
2020-09-20,Alpine,003,1148,2,2,0,2,0
2020-09-20,Amador,005,37829,289,286,0,286,16
2020-09-20,Butte,007,227075,2881,2764,25,2789,39
2020-09-20,Calaveras,009,45235,301,256,0,256,10
2020-09-20,Colusa,011,21464,526,510,0,510,6
2020-09-20,Contra Costa,013,1133247,16714,15917,78,15995,189
2020-09-20,Del Norte,015,27424,134,132,0,132,2
2020-09-20,El Dorado,017,186661,1141,1073,1,1074,4
2020-09-20,Fresno,019,978130,30273,27769,368,28137,362
2020-09-20,Glenn,021,27897,572,550,0,550,3
2020-09-20,Humboldt,023,135768,493,472,1,473,5
2020-09-20,Imperial,025,180216,11718,10496,13,10509,284
2020-09-20,Inyo,027,18085,187,177,4,181,12
2020-09-20,Kern,029,883053,31700,30992,306,31298,379
2020-09-20,Kings,031,150075,7597,7159,40,7199,76
2020-09-20,Lake,033,64148,545,492,0,492,8
2020-09-20,Lassen,035,31185,743,735,2,737,0
2020-09-20,Los Angeles,037,10098052,262880,260770,1738,262508,6347
2020-09-20,Madera,039,155013,4493,4257,29,4286,47
2020-09-20,Marin,041,260295,6642,6533,16,6549,83
2020-09-20,Mariposa,043,17540,75,74,0,74,2
2020-09-20,Mendocino,045,87422,834,765,0,765,18
2020-09-20,Merced,047,269075,8805,8745,18,8763,128
2020-09-20,Modoc,049,8938,27,22,0,22,0
2020-09-20,Mono,051,14174,167,147,2,149,1
2020-09-20,Monterey,053,433212,9635,9312,27,9339,65
2020-09-20,Napa,055,140530,1694,1626,8,1634,11
2020-09-20,Nevada,057,99092,535,511,16,527,6
2020-09-20,Orange,059,3164182,53889,51233,1413,52646,1110
2020-09-20,Placer,061,380077,3581,3452,14,3466,40
2020-09-20,Plumas,063,18699,49,47,0,47,0
2020-09-20,Riverside,065,2383286,57993,56783,143,56926,1147
2020-09-20,Sacramento,067,1510023,22001,21394,24,21418,401
2020-09-20,San Benito,069,59416,1319,1291,0,1291,9
2020-09-20,San Bernardino,071,2135413,53225,51559,342,51901,970
2020-09-20,San Diego,073,3302833,46314,44579,854,45433,760
2020-09-20,San Francisco,075,870044,11070,10743,28,10771,95
2020-09-20,San Joaquin,077,732212,20010,19578,47,19625,423
2020-09-20,San Luis Obispo,079,281455,3618,3393,20,3413,27
2020-09-20,San Mateo,081,765935,9943,9198,9,9207,127
2020-09-20,Santa Barbara,083,443738,9368,8880,75,8955,110
2020-09-20,Santa Clara,085,1922200,21625,20330,39,20369,252
2020-09-20,Santa Cruz,087,273765,2352,2199,27,2226,8
2020-09-20,Shasta,089,179085,903,696,3,699,14
2020-09-20,Sierra,091,2930,6,6,0,6,0
2020-09-20,Siskiyou,093,43540,155,146,10,156,0
2020-09-20,Solano,095,438530,6199,6020,41,6061,46
2020-09-20,Sonoma,097,501317,7284,6954,19,6973,117
2020-09-20,Stanislaus,099,539301,16419,16159,502,16661,310
2020-09-20,Sutter,101,95872,1662,1624,1,1625,10
2020-09-20,Tehama,103,63373,534,509,2,511,2
2020-09-20,Trinity,105,12862,53,15,8,23,0
2020-09-20,Tulare,107,460477,16075,15528,111,15639,260
2020-09-20,Tuolumne,109,53932,230,221,4,225,1
2020-09-20,Ventura,111,848112,13061,12406,150,12556,133
2020-09-20,Yolo,113,214977,2785,2745,6,2751,54
2020-09-20,Yuba,115,75493,1062,1029,5,1034,1
2020-09-19,Alameda,001,1643700,21067,20349,166,20515,343
2020-09-19,Alpine,003,1148,2,2,0,2,0
2020-09-19,Amador,005,37829,289,285,0,285,16
2020-09-19,Butte,007,227075,2875,2748,25,2773,38
2020-09-19,Calaveras,009,45235,301,256,0,256,10
2020-09-19,Colusa,011,21464,526,507,0,507,6
2020-09-19,Contra Costa,013,1133247,16651,15783,78,15861,186
2020-09-19,Del Norte,015,27424,133,132,0,132,2
2020-09-19,El Dorado,017,186661,1135,1068,0,1068,4
2020-09-19,Fresno,019,978130,30200,27668,368,28036,362
2020-09-19,Glenn,021,27897,569,547,0,547,3
2020-09-19,Humboldt,023,135768,492,471,1,472,5
2020-09-19,Imperial,025,180216,11703,10496,13,10509,284
2020-09-19,Inyo,027,18085,187,177,4,181,12
2020-09-19,Kern,029,883053,31646,30886,303,31189,379
2020-09-19,Kings,031,150075,7591,7130,40,7170,76
2020-09-19,Lake,033,64148,545,465,0,465,8
2020-09-19,Lassen,035,31185,743,731,2,733,0
2020-09-19,Los Angeles,037,10098052,262254,259801,1724,261525,6325
2020-09-19,Madera,039,155013,4470,4237,29,4266,47
2020-09-19,Marin,041,260295,6635,6513,15,6528,81
2020-09-19,Mariposa,043,17540,75,74,0,74,2
2020-09-19,Mendocino,045,87422,831,750,0,750,18
2020-09-19,Merced,047,269075,8794,8717,17,8734,128
2020-09-19,Modoc,049,8938,27,22,0,22,0
2020-09-19,Mono,051,14174,167,147,2,149,1
2020-09-19,Monterey,053,433212,9593,9237,27,9264,65
2020-09-19,Napa,055,140530,1686,1614,8,1622,11
2020-09-19,Nevada,057,99092,533,505,16,521,6
2020-09-19,Orange,059,3164182,53760,50999,1406,52405,1105
2020-09-19,Placer,061,380077,3572,3412,14,3426,40
2020-09-19,Plumas,063,18699,49,47,0,47,0
2020-09-19,Riverside,065,2383286,57867,56562,142,56704,1147
2020-09-19,Sacramento,067,1510023,21947,21297,24,21321,396
2020-09-19,San Benito,069,59416,1315,1276,0,1276,9
2020-09-19,San Bernardino,071,2135413,53069,51353,339,51692,971
2020-09-19,San Diego,073,3302833,46086,44295,831,45126,773
2020-09-19,San Francisco,075,870044,11037,10741,28,10769,95
2020-09-19,San Joaquin,077,732212,19973,19580,47,19627,424
2020-09-19,San Luis Obispo,079,281455,3597,3369,20,3389,27
2020-09-19,San Mateo,081,765935,9912,9158,9,9167,127
2020-09-19,Santa Barbara,083,443738,9347,8862,75,8937,106
2020-09-19,Santa Clara,085,1922200,21536,20170,39,20209,251
2020-09-19,Santa Cruz,087,273765,2338,2198,26,2224,8
2020-09-19,Shasta,089,179085,876,687,3,690,14
2020-09-19,Sierra,091,2930,6,6,0,6,0
2020-09-19,Siskiyou,093,43540,155,146,10,156,0
2020-09-19,Solano,095,438530,6183,5998,41,6039,46
2020-09-19,Sonoma,097,501317,7251,6905,19,6924,117
2020-09-19,Stanislaus,099,539301,16379,16109,495,16604,313
2020-09-19,Sutter,101,95872,1661,1602,1,1603,10
2020-09-19,Tehama,103,63373,529,498,2,500,2
2020-09-19,Trinity,105,12862,53,15,8,23,0
2020-09-19,Tulare,107,460477,16026,15485,108,15593,260
2020-09-19,Tuolumne,109,53932,230,217,4,221,1
2020-09-19,Ventura,111,848112,13029,12328,150,12478,133
2020-09-19,Yolo,113,214977,2777,2739,6,2745,54
2020-09-19,Yuba,115,75493,1055,1023,5,1028,1
2020-09-18,Alameda,001,1643700,21002,20222,160,20382,341
2020-09-18,Alpine,003,1148,2,2,0,2,0
2020-09-18,Amador,005,37829,289,285,0,285,16
2020-09-18,Butte,007,227075,2873,2738,25,2763,37
2020-09-18,Calaveras,009,45235,301,255,0,255,9
2020-09-18,Colusa,011,21464,526,504,0,504,6
2020-09-18,Contra Costa,013,1133247,16566,15667,78,15745,185
2020-09-18,Del Norte,015,27424,133,131,0,131,2
2020-09-18,El Dorado,017,186661,1122,1063,0,1063,4
2020-09-18,Fresno,019,978130,30135,27560,368,27928,359
2020-09-18,Glenn,021,27897,566,541,0,541,3
2020-09-18,Humboldt,023,135768,489,470,1,471,5
2020-09-18,Imperial,025,180216,11688,10460,13,10473,283
2020-09-18,Inyo,027,18085,187,177,4,181,12
2020-09-18,Kern,029,883053,31588,30742,300,31042,373
2020-09-18,Kings,031,150075,7581,7062,40,7102,74
2020-09-18,Lake,033,64148,539,458,0,458,8
2020-09-18,Lassen,035,31185,742,731,2,733,0
2020-09-18,Los Angeles,037,10098052,261493,258488,1706,260194,6324
2020-09-18,Madera,039,155013,4458,4211,29,4240,45
2020-09-18,Marin,041,260295,6620,6475,15,6490,81
2020-09-18,Mariposa,043,17540,75,74,0,74,2
2020-09-18,Mendocino,045,87422,823,739,0,739,18
2020-09-18,Merced,047,269075,8782,8691,16,8707,127
2020-09-18,Modoc,049,8938,27,22,0,22,0
2020-09-18,Mono,051,14174,165,147,2,149,1
2020-09-18,Monterey,053,433212,9551,9183,27,9210,64
2020-09-18,Napa,055,140530,1680,1604,8,1612,11
2020-09-18,Nevada,057,99092,530,504,16,520,6
2020-09-18,Orange,059,3164182,53613,50733,1394,52127,1107
2020-09-18,Placer,061,380077,3561,3389,14,3403,40
2020-09-18,Plumas,063,18699,49,45,0,45,0
2020-09-18,Riverside,065,2383286,57747,56248,138,56386,1143
2020-09-18,Sacramento,067,1510023,21864,21105,24,21129,391
2020-09-18,San Benito,069,59416,1307,1257,0,1257,8
2020-09-18,San Bernardino,071,2135413,52925,51106,336,51442,970
2020-09-18,San Diego,073,3302833,45836,44009,826,44835,757
2020-09-18,San Francisco,075,870044,10999,10644,27,10671,95
2020-09-18,San Joaquin,077,732212,19929,19531,46,19577,423
2020-09-18,San Luis Obispo,079,281455,3573,3328,20,3348,27
2020-09-18,San Mateo,081,765935,9872,9062,9,9071,127
2020-09-18,Santa Barbara,083,443738,9325,8824,75,8899,107
2020-09-18,Santa Clara,085,1922200,21438,20058,39,20097,252
2020-09-18,Santa Cruz,087,273765,2317,2180,25,2205,8
2020-09-18,Shasta,089,179085,841,668,3,671,14
2020-09-18,Sierra,091,2930,6,6,0,6,0
2020-09-18,Siskiyou,093,43540,154,146,10,156,0
2020-09-18,Solano,095,438530,6167,5961,41,6002,46
2020-09-18,Sonoma,097,501317,7203,6856,19,6875,114
2020-09-18,Stanislaus,099,539301,16351,16042,489,16531,277
2020-09-18,Sutter,101,95872,1653,1586,1,1587,10
2020-09-18,Tehama,103,63373,529,490,2,492,2
2020-09-18,Trinity,105,12862,53,15,7,22,0
2020-09-18,Tulare,107,460477,15993,15435,104,15539,259
2020-09-18,Tuolumne,109,53932,229,216,4,220,1
2020-09-18,Ventura,111,848112,12968,12236,146,12382,133
2020-09-18,Yolo,113,214977,2771,2732,6,2738,54
2020-09-18,Yuba,115,75493,1051,1020,5,1025,1
2020-09-17,Alameda,001,1643700,20903,20146,160,20306,339
2020-09-17,Alpine,003,1148,2,2,0,2,0
2020-09-17,Amador,005,37829,287,284,0,284,16
2020-09-17,Butte,007,227075,2855,2720,25,2745,38
2020-09-17,Calaveras,009,45235,301,254,0,254,9
2020-09-17,Colusa,011,21464,524,499,0,499,6
2020-09-17,Contra Costa,013,1133247,16476,15576,78,15654,184
2020-09-17,Del Norte,015,27424,133,131,0,131,2
2020-09-17,El Dorado,017,186661,1113,1057,0,1057,4
2020-09-17,Fresno,019,978130,30025,27487,363,27850,355
2020-09-17,Glenn,021,27897,565,541,0,541,3
2020-09-17,Humboldt,023,135768,483,466,1,467,5
2020-09-17,Imperial,025,180216,11671,10436,13,10449,281
2020-09-17,Inyo,027,18085,187,176,4,180,12
2020-09-17,Kern,029,883053,31527,30627,293,30920,372
2020-09-17,Kings,031,150075,7510,7015,40,7055,72
2020-09-17,Lake,033,64148,529,433,0,433,8
2020-09-17,Lassen,035,31185,740,731,2,733,0
2020-09-17,Los Angeles,037,10098052,260553,257246,1692,258938,6318
2020-09-17,Madera,039,155013,4424,4152,29,4181,45
2020-09-17,Marin,041,260295,6599,6457,15,6472,81
2020-09-17,Mariposa,043,17540,75,74,0,74,2
2020-09-17,Mendocino,045,87422,812,737,0,737,18
2020-09-17,Merced,047,269075,8763,8671,16,8687,119
2020-09-17,Modoc,049,8938,27,22,0,22,0
2020-09-17,Mono,051,14174,165,147,2,149,1
2020-09-17,Monterey,053,433212,9489,9113,25,9138,62
2020-09-17,Napa,055,140530,1669,1592,8,1600,11
2020-09-17,Nevada,057,99092,528,494,16,510,6
2020-09-17,Orange,059,3164182,53433,50537,1382,51919,1098
2020-09-17,Placer,061,380077,3540,3368,14,3382,40
2020-09-17,Plumas,063,18699,49,45,0,45,0
2020-09-17,Riverside,065,2383286,57521,56007,137,56144,1134
2020-09-17,Sacramento,067,1510023,21629,20895,24,20919,385
2020-09-17,San Benito,069,59416,1304,1252,0,1252,8
2020-09-17,San Bernardino,071,2135413,52724,50770,336,51106,904
2020-09-17,San Diego,073,3302833,45556,43621,814,44435,754
2020-09-17,San Francisco,075,870044,10904,10564,27,10591,95
2020-09-17,San Joaquin,077,732212,19870,19439,46,19485,416
2020-09-17,San Luis Obispo,079,281455,3545,3299,20,3319,27
2020-09-17,San Mateo,081,765935,9830,8984,9,8993,127
2020-09-17,Santa Barbara,083,443738,9301,8779,75,8854,107
2020-09-17,Santa Clara,085,1922200,21321,19825,39,19864,254
2020-09-17,Santa Cruz,087,273765,2301,2155,25,2180,7
2020-09-17,Shasta,089,179085,802,660,3,663,12
2020-09-17,Sierra,091,2930,6,6,0,6,0
2020-09-17,Siskiyou,093,43540,154,146,10,156,0
2020-09-17,Solano,095,438530,6144,5915,41,5956,44
2020-09-17,Sonoma,097,501317,7139,6754,19,6773,114
2020-09-17,Stanislaus,099,539301,16318,15984,485,16469,277
2020-09-17,Sutter,101,95872,1648,1572,1,1573,10
2020-09-17,Tehama,103,63373,515,487,2,489,2
2020-09-17,Trinity,105,12862,53,15,7,22,0
2020-09-17,Tulare,107,460477,15940,15344,102,15446,258
2020-09-17,Tuolumne,109,53932,228,214,4,218,1
2020-09-17,Ventura,111,848112,12881,12167,142,12309,130
2020-09-17,Yolo,113,214977,2762,2724,6,2730,53
2020-09-17,Yuba,115,75493,1047,1015,5,1020,1
2020-09-16,Alameda,001,1643700,20805,20009,158,20167,333
2020-09-16,Alpine,003,1148,2,2,0,2,0
2020-09-16,Amador,005,37829,287,284,0,284,16
2020-09-16,Butte,007,227075,2845,2704,25,2729,38
2020-09-16,Calaveras,009,45235,301,254,0,254,9
2020-09-16,Colusa,011,21464,522,497,0,497,6
2020-09-16,Contra Costa,013,1133247,16390,15473,78,15551,183
2020-09-16,Del Norte,015,27424,133,131,0,131,2
2020-09-16,El Dorado,017,186661,1105,1049,0,1049,4
2020-09-16,Fresno,019,978130,29918,27381,361,27742,343
2020-09-16,Glenn,021,27897,563,539,0,539,3
2020-09-16,Humboldt,023,135768,482,455,1,456,4
2020-09-16,Imperial,025,180216,11648,10401,13,10414,277
2020-09-16,Inyo,027,18085,186,176,4,180,12
2020-09-16,Kern,029,883053,31467,30570,292,30862,371
2020-09-16,Kings,031,150075,7485,7002,37,7039,71
2020-09-16,Lake,033,64148,518,417,0,417,6
2020-09-16,Lassen,035,31185,739,730,2,732,0
2020-09-16,Los Angeles,037,10098052,259575,256101,1674,257775,6299
2020-09-16,Madera,039,155013,4401,4138,29,4167,45
2020-09-16,Marin,041,260295,6571,6430,15,6445,77
2020-09-16,Mariposa,043,17540,75,74,0,74,2
2020-09-16,Mendocino,045,87422,803,727,0,727,18
2020-09-16,Merced,047,269075,8742,8646,16,8662,118
2020-09-16,Modoc,049,8938,27,22,0,22,0
2020-09-16,Mono,051,14174,165,147,2,149,1
2020-09-16,Monterey,053,433212,9435,8997,25,9022,62
2020-09-16,Napa,055,140530,1655,1587,8,1595,11
2020-09-16,Nevada,057,99092,523,495,15,510,6
2020-09-16,Orange,059,3164182,53233,50414,1373,51787,1096
2020-09-16,Placer,061,380077,3522,3351,14,3365,39
2020-09-16,Plumas,063,18699,49,45,0,45,0
2020-09-16,Riverside,065,2383286,57326,55811,129,55940,1127
2020-09-16,Sacramento,067,1510023,21534,20610,24,20634,377
2020-09-16,San Benito,069,59416,1296,1244,0,1244,8
2020-09-16,San Bernardino,071,2135413,52498,50509,335,50844,907
2020-09-16,San Diego,073,3302833,45264,43447,793,44240,748
2020-09-16,San Francisco,075,870044,10857,10502,27,10529,90
2020-09-16,San Joaquin,077,732212,19816,19377,45,19422,409
2020-09-16,San Luis Obispo,079,281455,3515,3285,20,3305,28
2020-09-16,San Mateo,081,765935,9765,8944,9,8953,127
2020-09-16,Santa Barbara,083,443738,9269,8764,75,8839,107
2020-09-16,Santa Clara,085,1922200,21202,19684,39,19723,253
2020-09-16,Santa Cruz,087,273765,2260,2089,24,2113,7
2020-09-16,Shasta,089,179085,776,635,3,638,11
2020-09-16,Sierra,091,2930,6,6,0,6,0
2020-09-16,Siskiyou,093,43540,153,145,10,155,0
2020-09-16,Solano,095,438530,6114,5899,41,5940,44
2020-09-16,Sonoma,097,501317,7078,6731,19,6750,104
2020-09-16,Stanislaus,099,539301,16270,15897,477,16374,263
2020-09-16,Sutter,101,95872,1635,1567,1,1568,10
2020-09-16,Tehama,103,63373,507,485,2,487,2
2020-09-16,Trinity,105,12862,53,15,7,22,0
2020-09-16,Tulare,107,460477,15896,15314,95,15409,258
2020-09-16,Tuolumne,109,53932,227,210,4,214,1
2020-09-16,Ventura,111,848112,12810,12073,140,12213,130
2020-09-16,Yolo,113,214977,2755,2709,6,2715,53
2020-09-16,Yuba,115,75493,1045,1000,5,1005,1
2020-09-15,Alameda,001,1643700,20698,19931,155,20086,327
2020-09-15,Alpine,003,1148,2,2,0,2,0
2020-09-15,Amador,005,37829,286,282,0,282,16
2020-09-15,Butte,007,227075,2832,2695,23,2718,38
2020-09-15,Calaveras,009,45235,301,248,0,248,5
2020-09-15,Colusa,011,21464,516,497,0,497,6
2020-09-15,Contra Costa,013,1133247,16287,15423,77,15500,180
2020-09-15,Del Norte,015,27424,133,129,0,129,2
2020-09-15,El Dorado,017,186661,1100,1046,0,1046,4
2020-09-15,Fresno,019,978130,29811,27312,356,27668,343
2020-09-15,Glenn,021,27897,562,531,0,531,3
2020-09-15,Humboldt,023,135768,480,456,1,457,4
2020-09-15,Imperial,025,180216,11623,10376,13,10389,277
2020-09-15,Inyo,027,18085,186,176,4,180,12
2020-09-15,Kern,029,883053,31354,30429,289,30718,368
2020-09-15,Kings,031,150075,7327,6977,37,7014,70
2020-09-15,Lake,033,64148,504,416,0,416,4
2020-09-15,Lassen,035,31185,735,719,2,721,0
2020-09-15,Los Angeles,037,10098052,258468,255048,1652,256700,6269
2020-09-15,Madera,039,155013,4382,4122,29,4151,45
2020-09-15,Marin,041,260295,6540,6423,15,6438,77
2020-09-15,Mariposa,043,17540,75,74,0,74,2
2020-09-15,Mendocino,045,87422,785,724,0,724,18
2020-09-15,Merced,047,269075,8712,8633,16,8649,114
2020-09-15,Modoc,049,8938,26,21,0,21,0
2020-09-15,Mono,051,14174,165,147,2,149,1
2020-09-15,Monterey,053,433212,9386,8943,25,8968,62
2020-09-15,Napa,055,140530,1641,1580,8,1588,11
2020-09-15,Nevada,057,99092,518,494,15,509,6
2020-09-15,Orange,059,3164182,53051,50294,1358,51652,1088
2020-09-15,Placer,061,380077,3498,3331,14,3345,38
2020-09-15,Plumas,063,18699,49,44,0,44,0
2020-09-15,Riverside,065,2383286,57032,55569,119,55688,1118
2020-09-15,Sacramento,067,1510023,21391,20487,24,20511,372
2020-09-15,San Benito,069,59416,1289,1237,0,1237,7
2020-09-15,San Bernardino,071,2135413,52282,50333,334,50667,904
2020-09-15,San Diego,073,3302833,44945,43183,773,43956,742
2020-09-15,San Francisco,075,870044,10799,10414,27,10441,90
2020-09-15,San Joaquin,077,732212,19764,19313,45,19358,401
2020-09-15,San Luis Obispo,079,281455,3495,3262,20,3282,28
2020-09-15,San Mateo,081,765935,9695,8895,9,8904,127
2020-09-15,Santa Barbara,083,443738,9244,8724,74,8798,104
2020-09-15,Santa Clara,085,1922200,21066,19610,39,19649,252
2020-09-15,Santa Cruz,087,273765,2234,2079,23,2102,7
2020-09-15,Shasta,089,179085,764,627,3,630,11
2020-09-15,Sierra,091,2930,6,6,0,6,0
2020-09-15,Siskiyou,093,43540,153,143,10,153,0
2020-09-15,Solano,095,438530,6080,5878,41,5919,45
2020-09-15,Sonoma,097,501317,7039,6701,19,6720,104
2020-09-15,Stanislaus,099,539301,16222,15880,475,16355,260
2020-09-15,Sutter,101,95872,1623,1556,1,1557,10
2020-09-15,Tehama,103,63373,495,484,2,486,2
2020-09-15,Trinity,105,12862,53,15,7,22,0
2020-09-15,Tulare,107,460477,15819,15203,93,15296,254
2020-09-15,Tuolumne,109,53932,227,209,4,213,1
2020-09-15,Ventura,111,848112,12757,11932,139,12071,128
2020-09-15,Yolo,113,214977,2751,2708,6,2714,53
2020-09-15,Yuba,115,75493,1039,991,4,995,1
2020-09-14,Alameda,001,1643700,20571,19851,154,20005,306
2020-09-14,Alpine,003,1148,2,2,0,2,0
2020-09-14,Amador,005,37829,284,281,0,281,16
2020-09-14,Butte,007,227075,2815,2642,23,2665,37
2020-09-14,Calaveras,009,45235,301,244,0,244,3
2020-09-14,Colusa,011,21464,515,486,0,486,6
2020-09-14,Contra Costa,013,1133247,16163,15354,76,15430,174
2020-09-14,Del Norte,015,27424,130,116,0,116,2
2020-09-14,El Dorado,017,186661,1096,1039,0,1039,3
2020-09-14,Fresno,019,978130,29725,27232,353,27585,344
2020-09-14,Glenn,021,27897,554,521,0,521,3
2020-09-14,Humboldt,023,135768,477,437,1,438,4
2020-09-14,Imperial,025,180216,11603,10340,13,10353,273
2020-09-14,Inyo,027,18085,186,176,4,180,12
2020-09-14,Kern,029,883053,31266,30344,288,30632,368
2020-09-14,Kings,031,150075,7245,6950,37,6987,70
2020-09-14,Lake,033,64148,484,407,0,407,4
2020-09-14,Lassen,035,31185,735,719,2,721,0
2020-09-14,Los Angeles,037,10098052,257441,254622,1627,256249,6226
2020-09-14,Madera,039,155013,4368,4104,29,4133,45
2020-09-14,Marin,041,260295,6519,6409,15,6424,70
2020-09-14,Mariposa,043,17540,75,74,0,74,2
2020-09-14,Mendocino,045,87422,768,710,0,710,17
2020-09-14,Merced,047,269075,8693,8593,16,8609,112
2020-09-14,Modoc,049,8938,26,21,0,21,0
2020-09-14,Mono,051,14174,165,147,2,149,1
2020-09-14,Monterey,053,433212,9315,8845,24,8869,61
2020-09-14,Napa,055,140530,1624,1576,8,1584,11
2020-09-14,Nevada,057,99092,513,489,15,504,6
2020-09-14,Orange,059,3164182,52890,50149,1342,51491,1079
2020-09-14,Placer,061,380077,3477,3302,14,3316,38
2020-09-14,Plumas,063,18699,48,42,0,42,0
2020-09-14,Riverside,065,2383286,56813,55488,114,55602,1113
2020-09-14,Sacramento,067,1510023,21196,20377,23,20400,367
2020-09-14,San Benito,069,59416,1274,1233,0,1233,7
2020-09-14,San Bernardino,071,2135413,52058,50163,333,50496,895
2020-09-14,San Diego,073,3302833,44634,42889,753,43642,734
2020-09-14,San Francisco,075,870044,10732,10255,25,10280,90
2020-09-14,San Joaquin,077,732212,19690,19111,44,19155,397
2020-09-14,San Luis Obispo,079,281455,3470,3248,20,3268,25
2020-09-14,San Mateo,081,765935,9633,8847,9,8856,127
2020-09-14,Santa Barbara,083,443738,9218,8692,74,8766,104
2020-09-14,Santa Clara,085,1922200,20877,19545,39,19584,247
2020-09-14,Santa Cruz,087,273765,2213,2016,22,2038,7
2020-09-14,Shasta,089,179085,741,584,3,587,10
2020-09-14,Sierra,091,2930,6,6,0,6,0
2020-09-14,Siskiyou,093,43540,152,143,10,153,0
2020-09-14,Solano,095,438530,6045,5834,41,5875,44
2020-09-14,Sonoma,097,501317,6976,6630,19,6649,102
2020-09-14,Stanislaus,099,539301,16177,15812,472,16284,253
2020-09-14,Sutter,101,95872,1612,1549,1,1550,10
2020-09-14,Tehama,103,63373,493,475,2,477,1
2020-09-14,Trinity,105,12862,52,14,7,21,0
2020-09-14,Tulare,107,460477,15749,15096,87,15183,254
2020-09-14,Tuolumne,109,53932,226,208,4,212,1
2020-09-14,Ventura,111,848112,12655,11903,136,12039,125
2020-09-14,Yolo,113,214977,2740,2687,6,2693,53
2020-09-14,Yuba,115,75493,1031,977,4,981,1
2020-09-13,Alameda,001,1643700,20465,19815,151,19966,306
2020-09-13,Alpine,003,1148,2,2,0,2,0
2020-09-13,Amador,005,37829,281,279,0,279,16
2020-09-13,Butte,007,227075,2793,2640,23,2663,37
2020-09-13,Calaveras,009,45235,300,246,0,246,3
2020-09-13,Colusa,011,21464,511,486,0,486,6
2020-09-13,Contra Costa,013,1133247,16055,15284,76,15360,172
2020-09-13,Del Norte,015,27424,127,116,0,116,1
2020-09-13,El Dorado,017,186661,1091,1035,0,1035,2
2020-09-13,Fresno,019,978130,29617,27196,344,27540,345
2020-09-13,Glenn,021,27897,550,517,0,517,3
2020-09-13,Humboldt,023,135768,477,434,1,435,4
2020-09-13,Imperial,025,180216,11566,10304,12,10316,273
2020-09-13,Inyo,027,18085,186,176,4,180,12
2020-09-13,Kern,029,883053,31173,30277,281,30558,368
2020-09-13,Kings,031,150075,7226,6937,37,6974,70
2020-09-13,Lake,033,64148,465,397,0,397,4
2020-09-13,Lassen,035,31185,732,719,2,721,0
2020-09-13,Los Angeles,037,10098052,256294,253950,1611,255561,6203
2020-09-13,Madera,039,155013,4311,4090,29,4119,45
2020-09-13,Marin,041,260295,6498,6395,15,6410,70
2020-09-13,Mariposa,043,17540,75,74,0,74,2
2020-09-13,Mendocino,045,87422,761,707,0,707,17
2020-09-13,Merced,047,269075,8659,8575,15,8590,112
2020-09-13,Modoc,049,8938,26,21,0,21,0
2020-09-13,Mono,051,14174,165,147,2,149,1
2020-09-13,Monterey,053,433212,9233,8826,23,8849,61
2020-09-13,Napa,055,140530,1617,1563,8,1571,11
2020-09-13,Nevada,057,99092,505,486,15,501,6
2020-09-13,Orange,059,3164182,52674,50061,1335,51396,1075
2020-09-13,Placer,061,380077,3447,3291,14,3305,38
2020-09-13,Plumas,063,18699,48,42,0,42,0
2020-09-13,Riverside,065,2383286,56605,55235,103,55338,1108
2020-09-13,Sacramento,067,1510023,20850,20279,23,20302,367
2020-09-13,San Benito,069,59416,1266,1217,0,1217,7
2020-09-13,San Bernardino,071,2135413,51773,49968,331,50299,895
2020-09-13,San Diego,073,3302833,44308,42681,719,43400,734
2020-09-13,San Francisco,075,870044,10654,10254,25,10279,90
2020-09-13,San Joaquin,077,732212,19618,19110,43,19153,396
2020-09-13,San Luis Obispo,079,281455,3434,3240,20,3260,24
2020-09-13,San Mateo,081,765935,9572,8811,9,8820,127
2020-09-13,Santa Barbara,083,443738,9181,8690,74,8764,104
2020-09-13,Santa Clara,085,1922200,20741,19456,38,19494,245
2020-09-13,Santa Cruz,087,273765,2180,2016,20,2036,7
2020-09-13,Shasta,089,179085,729,583,3,586,10
2020-09-13,Sierra,091,2930,6,6,0,6,0
2020-09-13,Siskiyou,093,43540,152,143,9,152,0
2020-09-13,Solano,095,438530,5999,5810,41,5851,43
2020-09-13,Sonoma,097,501317,6911,6592,19,6611,95
2020-09-13,Stanislaus,099,539301,16114,15759,460,16219,253
2020-09-13,Sutter,101,95872,1599,1539,1,1540,10
2020-09-13,Tehama,103,63373,489,476,2,478,1
2020-09-13,Trinity,105,12862,52,14,7,21,0
2020-09-13,Tulare,107,460477,15678,15098,86,15184,254
2020-09-13,Tuolumne,109,53932,223,208,4,212,1
2020-09-13,Ventura,111,848112,12547,11855,135,11990,123
2020-09-13,Yolo,113,214977,2728,2675,6,2681,53
2020-09-13,Yuba,115,75493,1026,967,4,971,1
2020-09-12,Alameda,001,1643700,20406,19758,151,19909,307
2020-09-12,Alpine,003,1148,2,2,0,2,0
2020-09-12,Amador,005,37829,280,278,0,278,16
2020-09-12,Butte,007,227075,2786,2629,22,2651,37
2020-09-12,Calaveras,009,45235,298,246,0,246,3
2020-09-12,Colusa,011,21464,507,486,0,486,6
2020-09-12,Contra Costa,013,1133247,15980,15135,75,15210,174
2020-09-12,Del Norte,015,27424,126,116,0,116,1
2020-09-12,El Dorado,017,186661,1084,1034,0,1034,2
2020-09-12,Fresno,019,978130,29546,27076,344,27420,345
2020-09-12,Glenn,021,27897,549,517,0,517,3
2020-09-12,Humboldt,023,135768,476,430,1,431,4
2020-09-12,Imperial,025,180216,11554,10305,12,10317,273
2020-09-12,Inyo,027,18085,186,177,4,181,12
2020-09-12,Kern,029,883053,31107,30202,281,30483,368
2020-09-12,Kings,031,150075,7216,6895,37,6932,70
2020-09-12,Lake,033,64148,459,393,0,393,4
2020-09-12,Lassen,035,31185,732,719,2,721,0
2020-09-12,Los Angeles,037,10098052,255735,253156,1590,254746,6193
2020-09-12,Madera,039,155013,4300,4058,29,4087,43
2020-09-12,Marin,041,260295,6489,6393,15,6408,69
2020-09-12,Mariposa,043,17540,75,72,0,72,2
2020-09-12,Mendocino,045,87422,758,700,0,700,17
2020-09-12,Merced,047,269075,8650,8533,15,8548,112
2020-09-12,Modoc,049,8938,25,21,0,21,0
2020-09-12,Mono,051,14174,165,147,2,149,1
2020-09-12,Monterey,053,433212,9197,8743,23,8766,61
2020-09-12,Napa,055,140530,1614,1556,8,1564,11
2020-09-12,Nevada,057,99092,504,482,15,497,6
2020-09-12,Orange,059,3164182,52559,49895,1332,51227,1078
2020-09-12,Placer,061,380077,3430,3280,14,3294,38
2020-09-12,Plumas,063,18699,48,42,0,42,0
2020-09-12,Riverside,065,2383286,56477,55058,99,55157,1108
2020-09-12,Sacramento,067,1510023,20781,20184,23,20207,367
2020-09-12,San Benito,069,59416,1263,1208,0,1208,7
2020-09-12,San Bernardino,071,2135413,51682,49945,329,50274,896
2020-09-12,San Diego,073,3302833,44113,42416,710,43126,747
2020-09-12,San Francisco,075,870044,10609,10257,25,10282,90
2020-09-12,San Joaquin,077,732212,19590,19108,43,19151,396
2020-09-12,San Luis Obispo,079,281455,3408,3220,20,3240,24
2020-09-12,San Mateo,081,765935,9527,8759,9,8768,127
2020-09-12,Santa Barbara,083,443738,9166,8642,74,8716,104
2020-09-12,Santa Clara,085,1922200,20657,19330,38,19368,237
2020-09-12,Santa Cruz,087,273765,2168,2016,20,2036,7
2020-09-12,Shasta,089,179085,717,569,3,572,10
2020-09-12,Sierra,091,2930,6,6,0,6,0
2020-09-12,Siskiyou,093,43540,152,141,9,150,0
2020-09-12,Solano,095,438530,5975,5772,41,5813,43
2020-09-12,Sonoma,097,501317,6887,6531,19,6550,95
2020-09-12,Stanislaus,099,539301,16082,15675,457,16132,253
2020-09-12,Sutter,101,95872,1593,1529,1,1530,10
2020-09-12,Tehama,103,63373,486,471,2,473,1
2020-09-12,Trinity,105,12862,52,15,7,22,0
2020-09-12,Tulare,107,460477,15632,15018,85,15103,254
2020-09-12,Tuolumne,109,53932,223,208,4,212,1
2020-09-12,Ventura,111,848112,12496,11759,133,11892,123
2020-09-12,Yolo,113,214977,2721,2646,6,2652,53
2020-09-12,Yuba,115,75493,1022,963,4,967,1
2020-09-11,Alameda,001,1643700,20351,19625,150,19775,298
2020-09-11,Alpine,003,1148,2,2,0,2,0
2020-09-11,Amador,005,37829,280,277,0,277,16
2020-09-11,Butte,007,227075,2775,2605,22,2627,37
2020-09-11,Calaveras,009,45235,297,242,0,242,1
2020-09-11,Colusa,011,21464,506,484,0,484,6
2020-09-11,Contra Costa,013,1133247,15928,15001,72,15073,173
2020-09-11,Del Norte,015,27424,126,115,0,115,1
2020-09-11,El Dorado,017,186661,1081,1024,0,1024,2
2020-09-11,Fresno,019,978130,29466,26917,343,27260,344
2020-09-11,Glenn,021,27897,544,515,0,515,3
2020-09-11,Humboldt,023,135768,474,426,1,427,4
2020-09-11,Imperial,025,180216,11536,10286,12,10298,273
2020-09-11,Inyo,027,18085,186,176,4,180,12
2020-09-11,Kern,029,883053,31039,30059,280,30339,365
2020-09-11,Kings,031,150075,7199,6770,37,6807,70
2020-09-11,Lake,033,64148,452,382,0,382,4
2020-09-11,Lassen,035,31185,732,719,2,721,0
2020-09-11,Los Angeles,037,10098052,255054,252057,1579,253636,6172
2020-09-11,Madera,039,155013,4281,4018,29,4047,43
2020-09-11,Marin,041,260295,6486,6364,15,6379,69
2020-09-11,Mariposa,043,17540,75,72,0,72,2
2020-09-11,Mendocino,045,87422,747,700,0,700,17
2020-09-11,Merced,047,269075,8629,8489,15,8504,109
2020-09-11,Modoc,049,8938,25,21,0,21,0
2020-09-11,Mono,051,14174,165,145,2,147,1
2020-09-11,Monterey,053,433212,9149,8595,23,8618,61
2020-09-11,Napa,055,140530,1603,1543,8,1551,11
2020-09-11,Nevada,057,99092,497,483,15,498,6
2020-09-11,Orange,059,3164182,52430,49755,1320,51075,1068
2020-09-11,Placer,061,380077,3415,3254,14,3268,37
2020-09-11,Plumas,063,18699,48,42,0,42,0
2020-09-11,Riverside,065,2383286,56343,54717,96,54813,1099
2020-09-11,Sacramento,067,1510023,20696,20012,23,20035,358
2020-09-11,San Benito,069,59416,1253,1202,0,1202,7
2020-09-11,San Bernardino,071,2135413,51582,49682,329,50011,871
2020-09-11,San Diego,073,3302833,43893,41971,704,42675,730
2020-09-11,San Francisco,075,870044,10561,10133,24,10157,89
2020-09-11,San Joaquin,077,732212,19542,19019,43,19062,391
2020-09-11,San Luis Obispo,079,281455,3390,3190,20,3210,24
2020-09-11,San Mateo,081,765935,9485,8611,9,8620,127
2020-09-11,Santa Barbara,083,443738,9132,8592,73,8665,103
2020-09-11,Santa Clara,085,1922200,20568,19065,38,19103,234
2020-09-11,Santa Cruz,087,273765,2151,1997,20,2017,7
2020-09-11,Shasta,089,179085,707,568,3,571,10
2020-09-11,Sierra,091,2930,6,6,0,6,0
2020-09-11,Siskiyou,093,43540,151,139,9,148,0
2020-09-11,Solano,095,438530,5958,5742,41,5783,42
2020-09-11,Sonoma,097,501317,6842,6469,19,6488,91
2020-09-11,Stanislaus,099,539301,16044,15613,454,16067,253
2020-09-11,Sutter,101,95872,1583,1505,1,1506,11
2020-09-11,Tehama,103,63373,483,466,2,468,1
2020-09-11,Trinity,105,12862,52,16,7,23,0
2020-09-11,Tulare,107,460477,15601,14932,83,15015,251
2020-09-11,Tuolumne,109,53932,223,208,4,212,1
2020-09-11,Ventura,111,848112,12442,11700,131,11831,123
2020-09-11,Yolo,113,214977,2710,2632,6,2638,53
2020-09-11,Yuba,115,75493,1014,946,4,950,1
2020-09-10,Alameda,001,1643700,20277,19509,150,19659,292
2020-09-10,Alpine,003,1148,2,2,0,2,0
2020-09-10,Amador,005,37829,279,277,0,277,16
2020-09-10,Butte,007,227075,2758,2590,22,2612,37
2020-09-10,Calaveras,009,45235,297,244,0,244,1
2020-09-10,Colusa,011,21464,504,482,0,482,6
2020-09-10,Contra Costa,013,1133247,15858,14909,72,14981,172
2020-09-10,Del Norte,015,27424,125,112,0,112,1
2020-09-10,El Dorado,017,186661,1078,1020,0,1020,2
2020-09-10,Fresno,019,978130,29344,26783,343,27126,338
2020-09-10,Glenn,021,27897,534,511,0,511,3
2020-09-10,Humboldt,023,135768,463,422,1,423,4
2020-09-10,Imperial,025,180216,11520,10251,12,10263,270
2020-09-10,Inyo,027,18085,185,176,4,180,11
2020-09-10,Kern,029,883053,30957,29988,276,30264,363
2020-09-10,Kings,031,150075,7169,6739,37,6776,70
2020-09-10,Lake,033,64148,445,377,0,377,4
2020-09-10,Lassen,035,31185,731,716,2,718,0
2020-09-10,Los Angeles,037,10098052,254083,251003,1557,252560,6132
2020-09-10,Madera,039,155013,4263,3979,29,4008,43
2020-09-10,Marin,041,260295,6474,6344,15,6359,68
2020-09-10,Mariposa,043,17540,75,72,0,72,2
2020-09-10,Mendocino,045,87422,737,697,0,697,16
2020-09-10,Merced,047,269075,8583,8461,15,8476,109
2020-09-10,Modoc,049,8938,25,21,0,21,0
2020-09-10,Mono,051,14174,165,145,2,147,1
2020-09-10,Monterey,053,433212,9079,8570,23,8593,59
2020-09-10,Napa,055,140530,1597,1536,8,1544,11
2020-09-10,Nevada,057,99092,493,478,15,493,6
2020-09-10,Orange,059,3164182,52267,49617,1314,50931,1057
2020-09-10,Placer,061,380077,3396,3233,14,3247,37
2020-09-10,Plumas,063,18699,48,42,0,42,0
2020-09-10,Riverside,065,2383286,56025,54417,93,54510,1091
2020-09-10,Sacramento,067,1510023,20574,19618,22,19640,354
2020-09-10,San Benito,069,59416,1247,1201,0,1201,5
2020-09-10,San Bernardino,071,2135413,51393,49467,327,49794,867
2020-09-10,San Diego,073,3302833,43627,41610,677,42287,725
2020-09-10,San Francisco,075,870044,10484,10082,24,10106,89
2020-09-10,San Joaquin,077,732212,19489,18854,43,18897,389
2020-09-10,San Luis Obispo,079,281455,3377,3161,20,3181,24
2020-09-10,San Mateo,081,765935,9439,8529,9,8538,125
2020-09-10,Santa Barbara,083,443738,9088,8552,73,8625,100
2020-09-10,Santa Clara,085,1922200,20454,18870,38,18908,231
2020-09-10,Santa Cruz,087,273765,2136,1986,18,2004,7
2020-09-10,Shasta,089,179085,696,566,3,569,10
2020-09-10,Sierra,091,2930,6,6,0,6,0
2020-09-10,Siskiyou,093,43540,151,137,9,146,0
2020-09-10,Solano,095,438530,5918,5696,41,5737,42
2020-09-10,Sonoma,097,501317,6793,6424,19,6443,91
2020-09-10,Stanislaus,099,539301,15990,15509,449,15958,243
2020-09-10,Sutter,101,95872,1571,1494,1,1495,11
2020-09-10,Tehama,103,63373,476,466,2,468,1
2020-09-10,Trinity,105,12862,52,15,7,22,0
2020-09-10,Tulare,107,460477,15546,14860,80,14940,250
2020-09-10,Tuolumne,109,53932,222,205,4,209,1
2020-09-10,Ventura,111,848112,12348,11600,124,11724,122
2020-09-10,Yolo,113,214977,2705,2612,6,2618,53
2020-09-10,Yuba,115,75493,1008,941,4,945,1
2020-09-09,Alameda,001,1643700,20198,19399,149,19548,289
2020-09-09,Alpine,003,1148,2,2,0,2,0
2020-09-09,Amador,005,37829,278,276,0,276,16
2020-09-09,Butte,007,227075,2741,2561,22,2583,37
2020-09-09,Calaveras,009,45235,297,242,0,242,1
2020-09-09,Colusa,011,21464,499,479,0,479,6
2020-09-09,Contra Costa,013,1133247,15772,14816,72,14888,171
2020-09-09,Del Norte,015,27424,121,109,0,109,1
2020-09-09,El Dorado,017,186661,1075,1020,0,1020,2
2020-09-09,Fresno,019,978130,29241,26724,338,27062,329
2020-09-09,Glenn,021,27897,531,508,0,508,3
2020-09-09,Humboldt,023,135768,461,420,1,421,4
2020-09-09,Imperial,025,180216,11499,10233,12,10245,268
2020-09-09,Inyo,027,18085,184,173,4,177,2
2020-09-09,Kern,029,883053,30859,29925,273,30198,355
2020-09-09,Kings,031,150075,7151,6721,37,6758,72
2020-09-09,Lake,033,64148,437,371,0,371,4
2020-09-09,Lassen,035,31185,730,714,2,716,0
2020-09-09,Los Angeles,037,10098052,253214,249876,1538,251414,6091
2020-09-09,Madera,039,155013,4237,3926,29,3955,43
2020-09-09,Marin,041,260295,6455,6321,15,6336,68
2020-09-09,Mariposa,043,17540,74,72,0,72,2
2020-09-09,Mendocino,045,87422,729,695,0,695,16
2020-09-09,Merced,047,269075,8557,8441,15,8456,107
2020-09-09,Modoc,049,8938,24,20,0,20,0
2020-09-09,Mono,051,14174,165,145,2,147,1
2020-09-09,Monterey,053,433212,9007,8527,23,8550,59
2020-09-09,Napa,055,140530,1587,1531,8,1539,11
2020-09-09,Nevada,057,99092,489,476,15,491,6
2020-09-09,Orange,059,3164182,52087,49394,1306,50700,1054
2020-09-09,Placer,061,380077,3376,3222,14,3236,36
2020-09-09,Plumas,063,18699,46,42,0,42,0
2020-09-09,Riverside,065,2383286,55796,54320,90,54410,1081
2020-09-09,Sacramento,067,1510023,20468,19474,21,19495,347
2020-09-09,San Benito,069,59416,1243,1199,0,1199,5
2020-09-09,San Bernardino,071,2135413,51195,49264,326,49590,866
2020-09-09,San Diego,073,3302833,43338,41326,665,41991,721
2020-09-09,San Francisco,075,870044,10434,9996,23,10019,86
2020-09-09,San Joaquin,077,732212,19425,18799,42,18841,388
2020-09-09,San Luis Obispo,079,281455,3359,3131,20,3151,24
2020-09-09,San Mateo,081,765935,9378,8478,9,8487,125
2020-09-09,Santa Barbara,083,443738,9045,8528,73,8601,97
2020-09-09,Santa Clara,085,1922200,20322,18759,38,18797,228
2020-09-09,Santa Cruz,087,273765,2113,1967,18,1985,7
2020-09-09,Shasta,089,179085,684,562,3,565,10
2020-09-09,Sierra,091,2930,6,6,0,6,0
2020-09-09,Siskiyou,093,43540,149,137,9,146,0
2020-09-09,Solano,095,438530,5886,5680,41,5721,36
2020-09-09,Sonoma,097,501317,6726,6397,19,6416,92
2020-09-09,Stanislaus,099,539301,15951,15469,438,15907,243
2020-09-09,Sutter,101,95872,1563,1487,1,1488,11
2020-09-09,Tehama,103,63373,473,462,2,464,1
2020-09-09,Trinity,105,12862,52,14,7,21,0
2020-09-09,Tulare,107,460477,15497,14787,75,14862,249
2020-09-09,Tuolumne,109,53932,221,204,3,207,1
2020-09-09,Ventura,111,848112,12257,11497,121,11618,121
2020-09-09,Yolo,113,214977,2694,2604,6,2610,53
2020-09-09,Yuba,115,75493,1003,936,4,940,1
2020-09-08,Alameda,001,1643700,20090,19293,149,19442,288
2020-09-08,Alpine,003,1148,2,2,0,2,0
2020-09-08,Amador,005,37829,278,276,0,276,16
2020-09-08,Butte,007,227075,2723,2453,22,2475,36
2020-09-08,Calaveras,009,45235,295,233,0,233,1
2020-09-08,Colusa,011,21464,497,475,0,475,6
2020-09-08,Contra Costa,013,1133247,15644,14740,69,14809,171
2020-09-08,Del Norte,015,27424,121,109,0,109,2
2020-09-08,El Dorado,017,186661,1072,1011,0,1011,2
2020-09-08,Fresno,019,978130,29121,26640,333,26973,329
2020-09-08,Glenn,021,27897,527,492,0,492,3
2020-09-08,Humboldt,023,135768,459,420,1,421,4
2020-09-08,Imperial,025,180216,11483,10198,12,10210,267
2020-09-08,Inyo,027,18085,184,169,4,173,2
2020-09-08,Kern,029,883053,30773,29850,271,30121,351
2020-09-08,Kings,031,150075,7113,6658,37,6695,72
2020-09-08,Lake,033,64148,427,370,0,370,4
2020-09-08,Lassen,035,31185,730,710,2,712,0
2020-09-08,Los Angeles,037,10098052,252287,249217,1510,250727,6034
2020-09-08,Madera,039,155013,4213,3904,29,3933,43
2020-09-08,Marin,041,260295,6424,6313,15,6328,68
2020-09-08,Mariposa,043,17540,74,72,0,72,2
2020-09-08,Mendocino,045,87422,722,690,0,690,16
2020-09-08,Merced,047,269075,8534,8381,15,8396,104
2020-09-08,Modoc,049,8938,24,20,0,20,0
2020-09-08,Mono,051,14174,165,145,2,147,1
2020-09-08,Monterey,053,433212,8922,8491,23,8514,59
2020-09-08,Napa,055,140530,1583,1518,8,1526,11
2020-09-08,Nevada,057,99092,489,470,15,485,6
2020-09-08,Orange,059,3164182,51946,49214,1302,50516,1044
2020-09-08,Placer,061,380077,3362,3205,14,3219,36
2020-09-08,Plumas,063,18699,46,42,0,42,0
2020-09-08,Riverside,065,2383286,55583,54168,87,54255,1069
2020-09-08,Sacramento,067,1510023,20233,19411,20,19431,347
2020-09-08,San Benito,069,59416,1236,1188,0,1188,5
2020-09-08,San Bernardino,071,2135413,51006,49034,325,49359,856
2020-09-08,San Diego,073,3302833,43022,41079,653,41732,709
2020-09-08,San Francisco,075,870044,10361,9821,23,9844,86
2020-09-08,San Joaquin,077,732212,19347,18550,42,18592,388
2020-09-08,San Luis Obispo,079,281455,3345,3120,20,3140,23
2020-09-08,San Mateo,081,765935,9302,8460,9,8469,125
2020-09-08,Santa Barbara,083,443738,9011,8488,72,8560,96
2020-09-08,Santa Clara,085,1922200,20146,18645,38,18683,228
2020-09-08,Santa Cruz,087,273765,2085,1903,18,1921,7
2020-09-08,Shasta,089,179085,676,556,3,559,10
2020-09-08,Sierra,091,2930,6,6,0,6,0
2020-09-08,Siskiyou,093,43540,147,136,9,145,0
2020-09-08,Solano,095,438530,5849,5654,41,5695,36
2020-09-08,Sonoma,097,501317,6657,6356,19,6375,92
2020-09-08,Stanislaus,099,539301,15887,15415,426,15841,238
2020-09-08,Sutter,101,95872,1548,1473,1,1474,11
2020-09-08,Tehama,103,63373,469,458,2,460,1
2020-09-08,Trinity,105,12862,51,13,7,20,0
2020-09-08,Tulare,107,460477,15417,14635,74,14709,249
2020-09-08,Tuolumne,109,53932,220,197,3,200,1
2020-09-08,Ventura,111,848112,12188,11475,118,11593,118
2020-09-08,Yolo,113,214977,2684,2580,6,2586,53
2020-09-08,Yuba,115,75493,991,923,4,927,1
2020-09-07,Alameda,001,1643700,19968,19188,143,19331,281
2020-09-07,Alpine,003,1148,2,2,0,2,0
2020-09-07,Amador,005,37829,278,276,0,276,16
2020-09-07,Butte,007,227075,2690,2450,21,2471,30
2020-09-07,Calaveras,009,45235,285,234,0,234,1
2020-09-07,Colusa,011,21464,496,475,0,475,6
2020-09-07,Contra Costa,013,1133247,15531,14637,66,14703,172
2020-09-07,Del Norte,015,27424,121,109,0,109,2
2020-09-07,El Dorado,017,186661,1061,1011,0,1011,2
2020-09-07,Fresno,019,978130,29027,26565,330,26895,329
2020-09-07,Glenn,021,27897,522,488,0,488,3
2020-09-07,Humboldt,023,135768,450,416,1,417,4
2020-09-07,Imperial,025,180216,11452,10199,11,10210,267
2020-09-07,Inyo,027,18085,184,169,4,173,2
2020-09-07,Kern,029,883053,30652,29790,266,30056,348
2020-09-07,Kings,031,150075,6988,6630,37,6667,72
2020-09-07,Lake,033,64148,404,367,0,367,2
2020-09-07,Lassen,035,31185,730,709,2,711,0
2020-09-07,Los Angeles,037,10098052,251243,248804,1488,250292,6030
2020-09-07,Madera,039,155013,4182,3889,28,3917,43
2020-09-07,Marin,041,260295,6394,6296,15,6311,67
2020-09-07,Mariposa,043,17540,74,72,0,72,2
2020-09-07,Mendocino,045,87422,714,687,0,687,16
2020-09-07,Merced,047,269075,8487,8381,15,8396,104
2020-09-07,Modoc,049,8938,23,20,0,20,0
2020-09-07,Mono,051,14174,165,145,2,147,1
2020-09-07,Monterey,053,433212,8843,8463,23,8486,57
2020-09-07,Napa,055,140530,1571,1514,8,1522,11
2020-09-07,Nevada,057,99092,487,469,15,484,6
2020-09-07,Orange,059,3164182,51775,49132,1298,50430,1042
2020-09-07,Placer,061,380077,3331,3188,13,3201,36
2020-09-07,Plumas,063,18699,45,42,0,42,0
2020-09-07,Riverside,065,2383286,55308,54178,81,54259,1069
2020-09-07,Sacramento,067,1510023,19990,19292,19,19311,345
2020-09-07,San Benito,069,59416,1230,1180,0,1180,4
2020-09-07,San Bernardino,071,2135413,50778,49043,323,49366,821
2020-09-07,San Diego,073,3302833,42622,40868,626,41494,708
2020-09-07,San Francisco,075,870044,10310,9813,22,9835,85
2020-09-07,San Joaquin,077,732212,19266,18552,40,18592,386
2020-09-07,San Luis Obispo,079,281455,3308,3116,20,3136,23
2020-09-07,San Mateo,081,765935,9220,8409,9,8418,125
2020-09-07,Santa Barbara,083,443738,8969,8479,72,8551,95
2020-09-07,Santa Clara,085,1922200,19988,18596,37,18633,226
2020-09-07,Santa Cruz,087,273765,2057,1902,18,1920,7
2020-09-07,Shasta,089,179085,666,556,3,559,10
2020-09-07,Sierra,091,2930,6,6,0,6,0
2020-09-07,Siskiyou,093,43540,146,133,9,142,0
2020-09-07,Solano,095,438530,5784,5640,41,5681,36
2020-09-07,Sonoma,097,501317,6590,6268,19,6287,85
2020-09-07,Stanislaus,099,539301,15822,15343,414,15757,236
2020-09-07,Sutter,101,95872,1531,1468,1,1469,11
2020-09-07,Tehama,103,63373,466,453,2,455,1
2020-09-07,Trinity,105,12862,51,13,7,20,0
2020-09-07,Tulare,107,460477,15311,14637,72,14709,249
2020-09-07,Tuolumne,109,53932,219,196,3,199,1
2020-09-07,Ventura,111,848112,12093,11463,115,11578,118
2020-09-07,Yolo,113,214977,2667,2565,5,2570,53
2020-09-07,Yuba,115,75493,975,923,3,926,1
2020-09-06,Alameda,001,1643700,19910,19029,141,19170,281
2020-09-06,Alpine,003,1148,2,2,0,2,0
2020-09-06,Amador,005,37829,276,275,0,275,16
2020-09-06,Butte,007,227075,2681,2446,21,2467,30
2020-09-06,Calaveras,009,45235,285,235,0,235,1
2020-09-06,Colusa,011,21464,492,475,0,475,6
2020-09-06,Contra Costa,013,1133247,15451,14565,65,14630,171
2020-09-06,Del Norte,015,27424,121,109,0,109,2
2020-09-06,El Dorado,017,186661,1059,1008,0,1008,2
2020-09-06,Fresno,019,978130,28963,26471,328,26799,329
2020-09-06,Glenn,021,27897,516,474,0,474,3
2020-09-06,Humboldt,023,135768,447,404,1,405,4
2020-09-06,Imperial,025,180216,11435,10152,11,10163,267
2020-09-06,Inyo,027,18085,184,169,4,173,2
2020-09-06,Kern,029,883053,30596,29699,262,29961,348
2020-09-06,Kings,031,150075,6968,6561,36,6597,72
2020-09-06,Lake,033,64148,401,362,0,362,2
2020-09-06,Lassen,035,31185,730,709,2,711,0
2020-09-06,Los Angeles,037,10098052,250613,248316,1474,249790,6004
2020-09-06,Madera,039,155013,4138,3867,28,3895,42
2020-09-06,Marin,041,260295,6382,6276,15,6291,67
2020-09-06,Mariposa,043,17540,74,72,0,72,2
2020-09-06,Mendocino,045,87422,713,672,0,672,16
2020-09-06,Merced,047,269075,8467,8327,15,8342,104
2020-09-06,Modoc,049,8938,23,20,0,20,0
2020-09-06,Mono,051,14174,164,145,2,147,1
2020-09-06,Monterey,053,433212,8803,8403,22,8425,56
2020-09-06,Napa,055,140530,1567,1501,6,1507,11
2020-09-06,Nevada,057,99092,487,467,14,481,6
2020-09-06,Orange,059,3164182,51662,48931,1294,50225,1042
2020-09-06,Placer,061,380077,3314,3169,13,3182,36
2020-09-06,Plumas,063,18699,44,42,0,42,0
2020-09-06,Riverside,065,2383286,55192,53970,79,54049,1069
2020-09-06,Sacramento,067,1510023,19895,19128,19,19147,340
2020-09-06,San Benito,069,59416,1228,1178,0,1178,4
2020-09-06,San Bernardino,071,2135413,50669,48923,323,49246,823
2020-09-06,San Diego,073,3302833,42374,40652,620,41272,707
2020-09-06,San Francisco,075,870044,10236,9813,22,9835,85
2020-09-06,San Joaquin,077,732212,19217,18558,40,18598,386
2020-09-06,San Luis Obispo,079,281455,3297,3101,20,3121,23
2020-09-06,San Mateo,081,765935,9167,8387,9,8396,125
2020-09-06,Santa Barbara,083,443738,8938,8434,72,8506,95
2020-09-06,Santa Clara,085,1922200,19887,18495,37,18532,207
2020-09-06,Santa Cruz,087,273765,2050,1902,18,1920,7
2020-09-06,Shasta,089,179085,660,550,3,553,10
2020-09-06,Sierra,091,2930,6,6,0,6,0
2020-09-06,Siskiyou,093,43540,146,132,9,141,0
2020-09-06,Solano,095,438530,5758,5619,41,5660,37
2020-09-06,Sonoma,097,501317,6561,6212,19,6231,85
2020-09-06,Stanislaus,099,539301,15778,15288,410,15698,236
2020-09-06,Sutter,101,95872,1518,1451,1,1452,11
2020-09-06,Tehama,103,63373,465,455,2,457,1
2020-09-06,Trinity,105,12862,50,13,7,20,0
2020-09-06,Tulare,107,460477,15268,14636,71,14707,249
2020-09-06,Tuolumne,109,53932,216,194,3,197,1
2020-09-06,Ventura,111,848112,12048,11315,115,11430,118
2020-09-06,Yolo,113,214977,2653,2556,5,2561,53
2020-09-06,Yuba,115,75493,966,913,3,916,1
2020-09-05,Alameda,001,1643700,19863,18973,139,19112,279
2020-09-05,Alpine,003,1148,2,2,0,2,0
2020-09-05,Amador,005,37829,276,274,0,274,16
2020-09-05,Butte,007,227075,2665,2406,20,2426,30
2020-09-05,Calaveras,009,45235,285,237,0,237,1
2020-09-05,Colusa,011,21464,488,472,0,472,6
2020-09-05,Contra Costa,013,1133247,15374,14456,63,14519,173
2020-09-05,Del Norte,015,27424,121,109,0,109,2
2020-09-05,El Dorado,017,186661,1059,1007,0,1007,2
2020-09-05,Fresno,019,978130,28895,26325,328,26653,331
2020-09-05,Glenn,021,27897,515,474,0,474,3
2020-09-05,Humboldt,023,135768,445,402,1,403,4
2020-09-05,Imperial,025,180216,11418,10151,11,10162,268
2020-09-05,Inyo,027,18085,184,169,4,173,2
2020-09-05,Kern,029,883053,30536,29645,258,29903,347
2020-09-05,Kings,031,150075,6959,6518,36,6554,66
2020-09-05,Lake,033,64148,398,359,0,359,2
2020-09-05,Lassen,035,31185,730,709,2,711,0
2020-09-05,Los Angeles,037,10098052,250078,247572,1462,249034,6001
2020-09-05,Madera,039,155013,4097,3851,28,3879,42
2020-09-05,Marin,041,260295,6375,6259,15,6274,66
2020-09-05,Mariposa,043,17540,74,72,0,72,2
2020-09-05,Mendocino,045,87422,712,658,0,658,16
2020-09-05,Merced,047,269075,8435,8297,13,8310,104
2020-09-05,Modoc,049,8938,23,19,0,19,0
2020-09-05,Mono,051,14174,164,145,2,147,1
2020-09-05,Monterey,053,433212,8773,8301,22,8323,56
2020-09-05,Napa,055,140530,1561,1484,6,1490,11
2020-09-05,Nevada,057,99092,484,461,14,475,6
2020-09-05,Orange,059,3164182,51560,48726,1289,50015,1039
2020-09-05,Placer,061,380077,3304,3141,13,3154,35
2020-09-05,Plumas,063,18699,44,42,0,42,0
2020-09-05,Riverside,065,2383286,55086,53780,79,53859,1066
2020-09-05,Sacramento,067,1510023,19804,18955,19,18974,339
2020-09-05,San Benito,069,59416,1226,1153,0,1153,4
2020-09-05,San Bernardino,071,2135413,50594,48800,322,49122,825
2020-09-05,San Diego,073,3302833,42181,40344,608,40952,717
2020-09-05,San Francisco,075,870044,10203,9812,21,9833,85
2020-09-05,San Joaquin,077,732212,19189,18557,40,18597,386
2020-09-05,San Luis Obispo,079,281455,3287,3083,20,3103,23
2020-09-05,San Mateo,081,765935,9122,8352,9,8361,124
2020-09-05,Santa Barbara,083,443738,8921,8404,72,8476,96
2020-09-05,Santa Clara,085,1922200,19803,18311,37,18348,207
2020-09-05,Santa Cruz,087,273765,2042,1904,18,1922,7
2020-09-05,Shasta,089,179085,659,544,3,547,10
2020-09-05,Sierra,091,2930,6,6,0,6,0
2020-09-05,Siskiyou,093,43540,145,131,9,140,0
2020-09-05,Solano,095,438530,5746,5579,41,5620,37
2020-09-05,Sonoma,097,501317,6528,6149,19,6168,85
2020-09-05,Stanislaus,099,539301,15730,15198,406,15604,236
2020-09-05,Sutter,101,95872,1511,1445,1,1446,11
2020-09-05,Tehama,103,63373,464,447,2,449,1
2020-09-05,Trinity,105,12862,50,13,7,20,0
2020-09-05,Tulare,107,460477,15211,14576,69,14645,249
2020-09-05,Tuolumne,109,53932,216,194,3,197,1
2020-09-05,Ventura,111,848112,12005,11254,115,11369,118
2020-09-05,Yolo,113,214977,2643,2534,5,2539,53
2020-09-05,Yuba,115,75493,960,902,3,905,1
2020-09-04,Alameda,001,1643700,19795,18843,137,18980,276
2020-09-04,Alpine,003,1148,2,2,0,2,0
2020-09-04,Amador,005,37829,275,274,0,274,16
2020-09-04,Butte,007,227075,2642,2325,20,2345,28
2020-09-04,Calaveras,009,45235,283,237,0,237,1
2020-09-04,Colusa,011,21464,486,467,0,467,6
2020-09-04,Contra Costa,013,1133247,15294,14355,62,14417,164
2020-09-04,Del Norte,015,27424,121,109,0,109,2
2020-09-04,El Dorado,017,186661,1055,992,0,992,2
2020-09-04,Fresno,019,978130,28790,26147,327,26474,321
2020-09-04,Glenn,021,27897,507,463,0,463,3
2020-09-04,Humboldt,023,135768,440,390,1,391,4
2020-09-04,Imperial,025,180216,11409,10136,10,10146,267
2020-09-04,Inyo,027,18085,184,169,4,173,2
2020-09-04,Kern,029,883053,30468,29526,255,29781,345
2020-09-04,Kings,031,150075,6946,6259,36,6295,66
2020-09-04,Lake,033,64148,398,347,0,347,2
2020-09-04,Lassen,035,31185,730,708,2,710,0
2020-09-04,Los Angeles,037,10098052,249512,246396,1442,247838,5977
2020-09-04,Madera,039,155013,4084,3838,28,3866,42
2020-09-04,Marin,041,260295,6363,6251,15,6266,66
2020-09-04,Mariposa,043,17540,74,72,0,72,2
2020-09-04,Mendocino,045,87422,710,646,0,646,16
2020-09-04,Merced,047,269075,8415,8214,13,8227,104
2020-09-04,Modoc,049,8938,23,15,0,15,0
2020-09-04,Mono,051,14174,164,145,2,147,1
2020-09-04,Monterey,053,433212,8728,8208,22,8230,56
2020-09-04,Napa,055,140530,1552,1475,6,1481,11
2020-09-04,Nevada,057,99092,481,455,14,469,6
2020-09-04,Orange,059,3164182,51436,48488,1282,49770,1031
2020-09-04,Placer,061,380077,3292,3101,13,3114,35
2020-09-04,Plumas,063,18699,44,42,0,42,0
2020-09-04,Riverside,065,2383286,54973,53606,74,53680,1066
2020-09-04,Sacramento,067,1510023,19716,18765,19,18784,337
2020-09-04,San Benito,069,59416,1217,1137,0,1137,4
2020-09-04,San Bernardino,071,2135413,50501,48497,320,48817,800
2020-09-04,San Diego,073,3302833,41951,39901,599,40500,701
2020-09-04,San Francisco,075,870044,10163,9694,20,9714,85
2020-09-04,San Joaquin,077,732212,19135,18438,40,18478,376
2020-09-04,San Luis Obispo,079,281455,3272,3049,19,3068,21
2020-09-04,San Mateo,081,765935,9078,8275,9,8284,122
2020-09-04,Santa Barbara,083,443738,8890,8340,72,8412,96
2020-09-04,Santa Clara,085,1922200,19695,18074,37,18111,209
2020-09-04,Santa Cruz,087,273765,2025,1896,17,1913,7
2020-09-04,Shasta,089,179085,656,536,3,539,10
2020-09-04,Sierra,091,2930,6,6,0,6,0
2020-09-04,Siskiyou,093,43540,145,129,9,138,0
2020-09-04,Solano,095,438530,5733,5552,41,5593,37
2020-09-04,Sonoma,097,501317,6463,6050,19,6069,85
2020-09-04,Stanislaus,099,539301,15696,15074,397,15471,233
2020-09-04,Sutter,101,95872,1495,1425,1,1426,11
2020-09-04,Tehama,103,63373,460,442,2,444,1
2020-09-04,Trinity,105,12862,50,13,7,20,0
2020-09-04,Tulare,107,460477,15183,14501,65,14566,247
2020-09-04,Tuolumne,109,53932,216,193,3,196,1
2020-09-04,Ventura,111,848112,11963,11171,115,11286,114
2020-09-04,Yolo,113,214977,2629,2495,5,2500,53
2020-09-04,Yuba,115,75493,955,884,3,887,1
2020-09-03,Alameda,001,1643700,19692,18687,137,18824,275
2020-09-03,Alpine,003,1148,2,2,0,2,0
2020-09-03,Amador,005,37829,275,274,0,274,16
2020-09-03,Butte,007,227075,2597,2274,20,2294,27
2020-09-03,Calaveras,009,45235,282,238,0,238,1
2020-09-03,Colusa,011,21464,484,464,0,464,6
2020-09-03,Contra Costa,013,1133247,15187,14206,59,14265,159
2020-09-03,Del Norte,015,27424,118,109,0,109,2
2020-09-03,El Dorado,017,186661,1051,983,0,983,2
2020-09-03,Fresno,019,978130,28671,25978,322,26300,313
2020-09-03,Glenn,021,27897,503,460,0,460,3
2020-09-03,Humboldt,023,135768,435,390,1,391,4
2020-09-03,Imperial,025,180216,11389,10083,9,10092,255
2020-09-03,Inyo,027,18085,182,171,4,175,3
2020-09-03,Kern,029,883053,30376,29426,241,29667,340
2020-09-03,Kings,031,150075,6866,6200,36,6236,64
2020-09-03,Lake,033,64148,389,347,0,347,2
2020-09-03,Lassen,035,31185,730,707,2,709,0
2020-09-03,Los Angeles,037,10098052,248653,245026,1421,246447,5931
2020-09-03,Madera,039,155013,4065,3780,28,3808,43
2020-09-03,Marin,041,260295,6344,6175,15,6190,66
2020-09-03,Mariposa,043,17540,74,71,0,71,2
2020-09-03,Mendocino,045,87422,701,638,0,638,16
2020-09-03,Merced,047,269075,8373,8136,13,8149,105
2020-09-03,Modoc,049,8938,23,14,0,14,0
2020-09-03,Mono,051,14174,163,144,2,146,1
2020-09-03,Monterey,053,433212,8674,8128,22,8150,56
2020-09-03,Napa,055,140530,1545,1466,6,1472,10
2020-09-03,Nevada,057,99092,478,453,14,467,6
2020-09-03,Orange,059,3164182,51249,48226,1267,49493,1009
2020-09-03,Placer,061,380077,3274,3069,13,3082,34
2020-09-03,Plumas,063,18699,44,39,0,39,0
2020-09-03,Riverside,065,2383286,54793,53341,70,53411,1052
2020-09-03,Sacramento,067,1510023,19588,18553,18,18571,328
2020-09-03,San Benito,069,59416,1206,1121,0,1121,4
2020-09-03,San Bernardino,071,2135413,50335,48165,319,48484,800
2020-09-03,San Diego,073,3302833,41637,39448,583,40031,700
2020-09-03,San Francisco,075,870044,10097,9636,18,9654,84
2020-09-03,San Joaquin,077,732212,19058,18331,40,18371,371
2020-09-03,San Luis Obispo,079,281455,3255,3023,19,3042,21
2020-09-03,San Mateo,081,765935,9004,8211,9,8220,122
2020-09-03,Santa Barbara,083,443738,8843,8277,72,8349,96
2020-09-03,Santa Clara,085,1922200,19515,17879,37,17916,208
2020-09-03,Santa Cruz,087,273765,2010,1870,17,1887,7
2020-09-03,Shasta,089,179085,651,535,3,538,10
2020-09-03,Sierra,091,2930,6,6,0,6,0
2020-09-03,Siskiyou,093,43540,145,128,9,137,0
2020-09-03,Solano,095,438530,5713,5499,40,5539,36
2020-09-03,Sonoma,097,501317,6401,5997,19,6016,62
2020-09-03,Stanislaus,099,539301,15644,14985,393,15378,217
2020-09-03,Sutter,101,95872,1485,1412,1,1413,11
2020-09-03,Tehama,103,63373,456,436,2,438,1
2020-09-03,Trinity,105,12862,48,13,7,20,0
2020-09-03,Tulare,107,460477,15117,14408,64,14472,244
2020-09-03,Tuolumne,109,53932,216,193,3,196,1
2020-09-03,Ventura,111,848112,11845,11109,112,11221,112
2020-09-03,Yolo,113,214977,2613,2475,5,2480,53
2020-09-03,Yuba,115,75493,948,867,3,870,1
2020-09-02,Alameda,001,1643700,19572,18522,134,18656,260
2020-09-02,Alpine,003,1148,2,2,0,2,0
2020-09-02,Amador,005,37829,275,245,0,245,14
2020-09-02,Butte,007,227075,2551,2241,20,2261,27
2020-09-02,Calaveras,009,45235,281,235,0,235,1
2020-09-02,Colusa,011,21464,480,460,0,460,6
2020-09-02,Contra Costa,013,1133247,15098,14097,57,14154,159
2020-09-02,Del Norte,015,27424,117,109,0,109,2
2020-09-02,El Dorado,017,186661,1047,975,0,975,2
2020-09-02,Fresno,019,978130,28523,25785,319,26104,292
2020-09-02,Glenn,021,27897,498,457,0,457,3
2020-09-02,Humboldt,023,135768,432,381,1,382,4
2020-09-02,Imperial,025,180216,11373,9832,9,9841,255
2020-09-02,Inyo,027,18085,182,171,4,175,3
2020-09-02,Kern,029,883053,30284,29288,235,29523,335
2020-09-02,Kings,031,150075,6781,6142,36,6178,64
2020-09-02,Lake,033,64148,385,342,0,342,2
2020-09-02,Lassen,035,31185,728,706,2,708,0
2020-09-02,Los Angeles,037,10098052,247723,243999,1393,245392,5887
2020-09-02,Madera,039,155013,4045,3735,28,3763,41
2020-09-02,Marin,041,260295,6329,6131,15,6146,66
2020-09-02,Mariposa,043,17540,74,71,0,71,2
2020-09-02,Mendocino,045,87422,691,636,0,636,15
2020-09-02,Merced,047,269075,8342,8097,12,8109,103
2020-09-02,Modoc,049,8938,22,11,0,11,0
2020-09-02,Mono,051,14174,163,145,2,147,1
2020-09-02,Monterey,053,433212,8610,8070,22,8092,56
2020-09-02,Napa,055,140530,1533,1454,6,1460,10
2020-09-02,Nevada,057,99092,472,452,13,465,6
2020-09-02,Orange,059,3164182,51068,47871,1257,49128,994
2020-09-02,Placer,061,380077,3249,3047,12,3059,33
2020-09-02,Plumas,063,18699,44,39,0,39,0
2020-09-02,Riverside,065,2383286,54591,52923,67,52990,1032
2020-09-02,Sacramento,067,1510023,19355,18355,17,18372,316
2020-09-02,San Benito,069,59416,1193,1107,0,1107,4
2020-09-02,San Bernardino,071,2135413,50172,47766,316,48082,794
2020-09-02,San Diego,073,3302833,41317,39123,569,39692,695
2020-09-02,San Francisco,075,870044,10028,9587,18,9605,84
2020-09-02,San Joaquin,077,732212,18977,18194,39,18233,352
2020-09-02,San Luis Obispo,079,281455,3229,3002,18,3020,21
2020-09-02,San Mateo,081,765935,8947,8148,9,8157,122
2020-09-02,Santa Barbara,083,443738,8788,8206,71,8277,94
2020-09-02,Santa Clara,085,1922200,19361,17673,37,17710,206
2020-09-02,Santa Cruz,087,273765,1987,1850,17,1867,7
2020-09-02,Shasta,089,179085,650,531,3,534,10
2020-09-02,Sierra,091,2930,6,6,0,6,0
2020-09-02,Siskiyou,093,43540,144,127,9,136,0
2020-09-02,Solano,095,438530,5685,5463,40,5503,36
2020-09-02,Sonoma,097,501317,6339,5846,19,5865,62
2020-09-02,Stanislaus,099,539301,15574,14854,386,15240,220
2020-09-02,Sutter,101,95872,1470,1401,1,1402,10
2020-09-02,Tehama,103,63373,453,429,2,431,1
2020-09-02,Trinity,105,12862,48,13,7,20,0
2020-09-02,Tulare,107,460477,15050,14298,63,14361,244
2020-09-02,Tuolumne,109,53932,216,190,3,193,1
2020-09-02,Ventura,111,848112,11758,11031,111,11142,111
2020-09-02,Yolo,113,214977,2592,2449,5,2454,54
2020-09-02,Yuba,115,75493,941,856,3,859,1
2020-09-01,Alameda,001,1643700,19432,18382,131,18513,248
2020-09-01,Alpine,003,1148,2,2,0,2,0
2020-09-01,Amador,005,37829,274,244,0,244,13
2020-09-01,Butte,007,227075,2494,2146,20,2166,26
2020-09-01,Calaveras,009,45235,273,228,0,228,1
2020-09-01,Colusa,011,21464,476,454,0,454,6
2020-09-01,Contra Costa,013,1133247,15004,13998,55,14053,158
2020-09-01,Del Norte,015,27424,116,108,0,108,2
2020-09-01,El Dorado,017,186661,1039,972,0,972,2
2020-09-01,Fresno,019,978130,28376,25542,316,25858,290
2020-09-01,Glenn,021,27897,491,449,0,449,3
2020-09-01,Humboldt,023,135768,426,378,1,379,4
2020-09-01,Imperial,025,180216,11347,9782,9,9791,250
2020-09-01,Inyo,027,18085,182,171,4,175,3
2020-09-01,Kern,029,883053,30193,29162,230,29392,332
2020-09-01,Kings,031,150075,6750,6088,36,6124,62
2020-09-01,Lake,033,64148,382,341,0,341,2
2020-09-01,Lassen,035,31185,725,706,2,708,0
2020-09-01,Los Angeles,037,10098052,246634,242633,1369,244002,5832
2020-09-01,Madera,039,155013,4016,3703,27,3730,41
2020-09-01,Marin,041,260295,6314,6102,15,6117,67
2020-09-01,Mariposa,043,17540,73,72,0,72,2
2020-09-01,Mendocino,045,87422,676,626,0,626,15
2020-09-01,Merced,047,269075,8289,8046,11,8057,103
2020-09-01,Modoc,049,8938,20,10,0,10,0
2020-09-01,Mono,051,14174,163,145,2,147,1
2020-09-01,Monterey,053,433212,8503,7926,22,7948,56
2020-09-01,Napa,055,140530,1518,1446,6,1452,10
2020-09-01,Nevada,057,99092,466,450,13,463,6
2020-09-01,Orange,059,3164182,50904,47671,1238,48909,976
2020-09-01,Placer,061,380077,3227,3013,12,3025,33
2020-09-01,Plumas,063,18699,44,39,0,39,0
2020-09-01,Riverside,065,2383286,54372,52785,66,52851,1027
2020-09-01,Sacramento,067,1510023,19171,18217,16,18233,305
2020-09-01,San Benito,069,59416,1181,1089,0,1089,4
2020-09-01,San Bernardino,071,2135413,49965,47371,315,47686,786
2020-09-01,San Diego,073,3302833,40959,38873,531,39404,688
2020-09-01,San Francisco,075,870044,9959,9492,18,9510,83
2020-09-01,San Joaquin,077,732212,18895,17915,38,17953,341
2020-09-01,San Luis Obispo,079,281455,3203,2970,18,2988,21
2020-09-01,San Mateo,081,765935,8867,8132,9,8141,122
2020-09-01,Santa Barbara,083,443738,8738,8142,70,8212,93
2020-09-01,Santa Clara,085,1922200,19182,17319,37,17356,204
2020-09-01,Santa Cruz,087,273765,1963,1752,17,1769,7
2020-09-01,Shasta,089,179085,642,527,3,530,9
2020-09-01,Sierra,091,2930,6,6,0,6,0
2020-09-01,Siskiyou,093,43540,141,128,8,136,0
2020-09-01,Solano,095,438530,5659,5438,40,5478,34
2020-09-01,Sonoma,097,501317,6249,5733,19,5752,60
2020-09-01,Stanislaus,099,539301,15498,14784,376,15160,212
2020-09-01,Sutter,101,95872,1459,1389,1,1390,10
2020-09-01,Tehama,103,63373,449,422,2,424,1
2020-09-01,Trinity,105,12862,47,13,6,19,0
2020-09-01,Tulare,107,460477,14967,14156,63,14219,241
2020-09-01,Tuolumne,109,53932,210,183,3,186,1
2020-09-01,Ventura,111,848112,11680,10899,106,11005,108
2020-09-01,Yolo,113,214977,2576,2440,5,2445,51
2020-09-01,Yuba,115,75493,932,841,3,844,1
2020-08-31,Alameda,001,1643700,19287,18148,131,18279,248
2020-08-31,Alpine,003,1148,2,2,0,2,0
2020-08-31,Amador,005,37829,274,243,0,243,13
2020-08-31,Butte,007,227075,2430,2069,20,2089,26
2020-08-31,Calaveras,009,45235,268,212,0,212,1
2020-08-31,Colusa,011,21464,475,443,0,443,6
2020-08-31,Contra Costa,013,1133247,14877,13902,52,13954,153
2020-08-31,Del Norte,015,27424,116,108,0,108,2
2020-08-31,El Dorado,017,186661,1032,965,0,965,2
2020-08-31,Fresno,019,978130,28155,25185,310,25495,290
2020-08-31,Glenn,021,27897,479,437,0,437,3
2020-08-31,Humboldt,023,135768,424,374,1,375,4
2020-08-31,Imperial,025,180216,11316,9759,9,9768,250
2020-08-31,Inyo,027,18085,181,160,4,164,3
2020-08-31,Kern,029,883053,30095,29067,229,29296,318
2020-08-31,Kings,031,150075,6482,6037,36,6073,62
2020-08-31,Lake,033,64148,366,341,0,341,2
2020-08-31,Lassen,035,31185,722,706,2,708,0
2020-08-31,Los Angeles,037,10098052,245531,241793,1341,243134,5787
2020-08-31,Madera,039,155013,3993,3662,26,3688,35
2020-08-31,Marin,041,260295,6278,6074,15,6089,67
2020-08-31,Mariposa,043,17540,73,69,0,69,2
2020-08-31,Mendocino,045,87422,664,618,0,618,15
2020-08-31,Merced,047,269075,8227,7991,11,8002,79
2020-08-31,Modoc,049,8938,18,10,0,10,0
2020-08-31,Mono,051,14174,163,145,2,147,1
2020-08-31,Monterey,053,433212,8396,7839,22,7861,56
2020-08-31,Napa,055,140530,1510,1434,6,1440,10
2020-08-31,Nevada,057,99092,464,447,13,460,6
2020-08-31,Orange,059,3164182,50704,47392,1210,48602,965
2020-08-31,Placer,061,380077,3178,2989,12,3001,33
2020-08-31,Plumas,063,18699,43,39,0,39,0
2020-08-31,Riverside,065,2383286,54151,52508,64,52572,1020
2020-08-31,Sacramento,067,1510023,18934,17999,16,18015,303
2020-08-31,San Benito,069,59416,1165,1080,0,1080,4
2020-08-31,San Bernardino,071,2135413,49755,47370,314,47684,755
2020-08-31,San Diego,073,3302833,40592,38606,498,39104,682
2020-08-31,San Francisco,075,870044,9880,9293,15,9308,83
2020-08-31,San Joaquin,077,732212,18808,17807,37,17844,338
2020-08-31,San Luis Obispo,079,281455,3180,2951,17,2968,21
2020-08-31,San Mateo,081,765935,8797,8065,9,8074,122
2020-08-31,Santa Barbara,083,443738,8691,8124,70,8194,94
2020-08-31,Santa Clara,085,1922200,18993,17211,37,17248,202
2020-08-31,Santa Cruz,087,273765,1938,1742,17,1759,7
2020-08-31,Shasta,089,179085,637,528,3,531,9
2020-08-31,Sierra,091,2930,6,6,0,6,0
2020-08-31,Siskiyou,093,43540,140,127,8,135,0
2020-08-31,Solano,095,438530,5627,5302,39,5341,34
2020-08-31,Sonoma,097,501317,6174,5650,19,5669,60
2020-08-31,Stanislaus,099,539301,15423,14685,367,15052,213
2020-08-31,Sutter,101,95872,1444,1365,1,1366,10
2020-08-31,Tehama,103,63373,446,421,2,423,1
2020-08-31,Trinity,105,12862,47,13,6,19,0
2020-08-31,Tulare,107,460477,14880,13985,61,14046,237
2020-08-31,Tuolumne,109,53932,210,178,3,181,1
2020-08-31,Ventura,111,848112,11592,10866,105,10971,108
2020-08-31,Yolo,113,214977,2558,2423,5,2428,51
2020-08-31,Yuba,115,75493,918,830,3,833,1
2020-08-30,Alameda,001,1643700,19163,18099,129,18228,248
2020-08-30,Alpine,003,1148,2,2,0,2,0
2020-08-30,Amador,005,37829,273,240,0,240,13
2020-08-30,Butte,007,227075,2349,1988,20,2008,26
2020-08-30,Calaveras,009,45235,259,211,0,211,1
2020-08-30,Colusa,011,21464,474,440,0,440,6
2020-08-30,Contra Costa,013,1133247,14739,13780,52,13832,150
2020-08-30,Del Norte,015,27424,115,108,0,108,2
2020-08-30,El Dorado,017,186661,1022,962,0,962,2
2020-08-30,Fresno,019,978130,28028,24963,309,25272,291
2020-08-30,Glenn,021,27897,472,437,0,437,3
2020-08-30,Humboldt,023,135768,413,362,1,363,4
2020-08-30,Imperial,025,180216,11297,9703,9,9712,250
2020-08-30,Inyo,027,18085,181,160,4,164,3
2020-08-30,Kern,029,883053,30002,28987,229,29216,317
2020-08-30,Kings,031,150075,6436,6000,36,6036,62
2020-08-30,Lake,033,64148,361,334,0,334,2
2020-08-30,Lassen,035,31185,720,706,2,708,0
2020-08-30,Los Angeles,037,10098052,244395,240775,1308,242083,5772
2020-08-30,Madera,039,155013,3964,3626,26,3652,33
2020-08-30,Marin,041,260295,6248,6060,15,6075,66
2020-08-30,Mariposa,043,17540,73,69,0,69,2
2020-08-30,Mendocino,045,87422,658,611,0,611,13
2020-08-30,Merced,047,269075,8152,7960,11,7971,79
2020-08-30,Modoc,049,8938,13,10,0,10,0
2020-08-30,Mono,051,14174,163,145,2,147,1
2020-08-30,Monterey,053,433212,8312,7816,22,7838,54
2020-08-30,Napa,055,140530,1498,1423,6,1429,10
2020-08-30,Nevada,057,99092,461,445,13,458,6
2020-08-30,Orange,059,3164182,50509,47283,1196,48479,965
2020-08-30,Placer,061,380077,3145,2961,12,2973,32
2020-08-30,Plumas,063,18699,42,39,0,39,0
2020-08-30,Riverside,065,2383286,53971,52227,63,52290,1017
2020-08-30,Sacramento,067,1510023,18756,17751,16,17767,300
2020-08-30,San Benito,069,59416,1155,1071,0,1071,4
2020-08-30,San Bernardino,071,2135413,49498,47201,314,47515,755
2020-08-30,San Diego,073,3302833,40194,38302,477,38779,682
2020-08-30,San Francisco,075,870044,9782,9294,12,9306,83
2020-08-30,San Joaquin,077,732212,18691,17637,36,17673,338
2020-08-30,San Luis Obispo,079,281455,3155,2934,17,2951,21
2020-08-30,San Mateo,081,765935,8720,8013,8,8021,122
2020-08-30,Santa Barbara,083,443738,8631,8088,70,8158,93
2020-08-30,Santa Clara,085,1922200,18817,17045,37,17082,202
2020-08-30,Santa Cruz,087,273765,1912,1743,17,1760,7
2020-08-30,Shasta,089,179085,634,525,3,528,9
2020-08-30,Sierra,091,2930,6,6,0,6,0
2020-08-30,Siskiyou,093,43540,138,125,8,133,0
2020-08-30,Solano,095,438530,5583,5303,39,5342,34
2020-08-30,Sonoma,097,501317,6116,5590,19,5609,60
2020-08-30,Stanislaus,099,539301,15352,14580,358,14938,209
2020-08-30,Sutter,101,95872,1422,1351,1,1352,10
2020-08-30,Tehama,103,63373,437,419,2,421,1
2020-08-30,Trinity,105,12862,47,13,6,19,0
2020-08-30,Tulare,107,460477,14785,13985,60,14045,236
2020-08-30,Tuolumne,109,53932,206,178,3,181,1
2020-08-30,Ventura,111,848112,11479,10775,100,10875,108
2020-08-30,Yolo,113,214977,2530,2391,4,2395,51
2020-08-30,Yuba,115,75493,904,832,3,835,1
2020-08-29,Alameda,001,1643700,19096,17888,129,18017,250
2020-08-29,Alpine,003,1148,2,2,0,2,0
2020-08-29,Amador,005,37829,273,239,0,239,13
2020-08-29,Butte,007,227075,2318,1948,20,1968,26
2020-08-29,Calaveras,009,45235,255,211,0,211,1
2020-08-29,Colusa,011,21464,471,440,0,440,6
2020-08-29,Contra Costa,013,1133247,14666,13663,51,13714,159
2020-08-29,Del Norte,015,27424,115,108,0,108,1
2020-08-29,El Dorado,017,186661,1019,958,0,958,2
2020-08-29,Fresno,019,978130,27973,24821,309,25130,291
2020-08-29,Glenn,021,27897,466,437,0,437,3
2020-08-29,Humboldt,023,135768,410,363,1,364,4
2020-08-29,Imperial,025,180216,11282,9698,9,9707,250
2020-08-29,Inyo,027,18085,181,160,4,164,3
2020-08-29,Kern,029,883053,29961,28947,228,29175,317
2020-08-29,Kings,031,150075,6421,5906,36,5942,62
2020-08-29,Lake,033,64148,360,329,0,329,2
2020-08-29,Lassen,035,31185,720,706,2,708,0
2020-08-29,Los Angeles,037,10098052,243765,239815,1295,241110,5762
2020-08-29,Madera,039,155013,3955,3605,25,3630,33
2020-08-29,Marin,041,260295,6236,6007,15,6022,64
2020-08-29,Mariposa,043,17540,73,69,0,69,2
2020-08-29,Mendocino,045,87422,653,596,0,596,13
2020-08-29,Merced,047,269075,8122,7867,11,7878,79
2020-08-29,Modoc,049,8938,13,9,0,9,0
2020-08-29,Mono,051,14174,163,145,2,147,1
2020-08-29,Monterey,053,433212,8267,7680,22,7702,53
2020-08-29,Napa,055,140530,1495,1413,6,1419,10
2020-08-29,Nevada,057,99092,461,442,13,455,5
2020-08-29,Orange,059,3164182,50399,47007,1186,48193,960
2020-08-29,Placer,061,380077,3128,2935,12,2947,32
2020-08-29,Plumas,063,18699,41,39,0,39,0
2020-08-29,Riverside,065,2383286,53860,51918,61,51979,1016
2020-08-29,Sacramento,067,1510023,18684,17588,16,17604,291
2020-08-29,San Benito,069,59416,1146,1045,0,1045,4
2020-08-29,San Bernardino,071,2135413,49383,46849,314,47163,755
2020-08-29,San Diego,073,3302833,39928,38049,459,38508,694
2020-08-29,San Francisco,075,870044,9754,9291,11,9302,83
2020-08-29,San Joaquin,077,732212,18647,17493,36,17529,335
2020-08-29,San Luis Obispo,079,281455,3131,2917,17,2934,21
2020-08-29,San Mateo,081,765935,8678,7928,8,7936,122
2020-08-29,Santa Barbara,083,443738,8605,8052,69,8121,93
2020-08-29,Santa Clara,085,1922200,18720,16898,36,16934,202
2020-08-29,Santa Cruz,087,273765,1900,1746,17,1763,7
2020-08-29,Shasta,089,179085,626,522,3,525,9
2020-08-29,Sierra,091,2930,6,6,0,6,0
2020-08-29,Siskiyou,093,43540,138,121,8,129,0
2020-08-29,Solano,095,438530,5562,5303,39,5342,34
2020-08-29,Sonoma,097,501317,6082,5537,19,5556,60
2020-08-29,Stanislaus,099,539301,15303,14479,348,14827,208
2020-08-29,Sutter,101,95872,1417,1333,1,1334,9
2020-08-29,Tehama,103,63373,436,417,2,419,1
2020-08-29,Trinity,105,12862,46,11,6,17,0
2020-08-29,Tulare,107,460477,14747,13890,59,13949,236
2020-08-29,Tuolumne,109,53932,206,178,3,181,1
2020-08-29,Ventura,111,848112,11437,10705,100,10805,108
2020-08-29,Yolo,113,214977,2512,2357,4,2361,51
2020-08-29,Yuba,115,75493,895,822,3,825,1
2020-08-28,Alameda,001,1643700,19013,17729,128,17857,237
2020-08-28,Alpine,003,1148,2,2,0,2,0
2020-08-28,Amador,005,37829,273,234,0,234,13
2020-08-28,Butte,007,227075,2288,1886,20,1906,25
2020-08-28,Calaveras,009,45235,253,207,0,207,1
2020-08-28,Colusa,011,21464,470,441,0,441,6
2020-08-28,Contra Costa,013,1133247,14595,13522,50,13572,158
2020-08-28,Del Norte,015,27424,115,107,0,107,1
2020-08-28,El Dorado,017,186661,1013,949,0,949,2
2020-08-28,Fresno,019,978130,27838,24612,309,24921,282
2020-08-28,Glenn,021,27897,459,429,0,429,3
2020-08-28,Humboldt,023,135768,406,362,1,363,4
2020-08-28,Imperial,025,180216,11268,9656,9,9665,241
2020-08-28,Inyo,027,18085,180,160,4,164,2
2020-08-28,Kern,029,883053,29913,28744,228,28972,306
2020-08-28,Kings,031,150075,6414,5829,35,5864,62
2020-08-28,Lake,033,64148,355,320,0,320,2
2020-08-28,Lassen,035,31185,720,704,2,706,0
2020-08-28,Los Angeles,037,10098052,242955,238544,1271,239815,5740
2020-08-28,Madera,039,155013,3936,3552,25,3577,33
2020-08-28,Marin,041,260295,6214,5991,15,6006,63
2020-08-28,Mariposa,043,17540,73,67,0,67,2
2020-08-28,Mendocino,045,87422,648,588,0,588,11
2020-08-28,Merced,047,269075,8092,7803,11,7814,77
2020-08-28,Modoc,049,8938,13,6,0,6,0
2020-08-28,Mono,051,14174,163,145,2,147,1
2020-08-28,Monterey,053,433212,8210,7591,22,7613,53
2020-08-28,Napa,055,140530,1487,1403,5,1408,10
2020-08-28,Nevada,057,99092,460,438,13,451,5
2020-08-28,Orange,059,3164182,50299,46696,1171,47867,942
2020-08-28,Placer,061,380077,3117,2891,12,2903,32
2020-08-28,Plumas,063,18699,41,39,0,39,0
2020-08-28,Riverside,065,2383286,53729,51510,58,51568,1008
2020-08-28,Sacramento,067,1510023,18587,17119,16,17135,283
2020-08-28,San Benito,069,59416,1130,1016,0,1016,3
2020-08-28,San Bernardino,071,2135413,49265,46553,310,46863,754
2020-08-28,San Diego,073,3302833,39698,37786,444,38230,676
2020-08-28,San Francisco,075,870044,9701,9135,11,9146,83
2020-08-28,San Joaquin,077,732212,18594,17114,35,17149,314
2020-08-28,San Luis Obispo,079,281455,3114,2849,17,2866,20
2020-08-28,San Mateo,081,765935,8631,7783,8,7791,121
2020-08-28,Santa Barbara,083,443738,8571,8001,69,8070,92
2020-08-28,Santa Clara,085,1922200,18589,16696,36,16732,201
2020-08-28,Santa Cruz,087,273765,1888,1747,17,1764,7
2020-08-28,Shasta,089,179085,622,516,3,519,9
2020-08-28,Sierra,091,2930,6,6,0,6,0
2020-08-28,Siskiyou,093,43540,136,119,8,127,0
2020-08-28,Solano,095,438530,5543,5219,39,5258,34
2020-08-28,Sonoma,097,501317,6047,5425,18,5443,58
2020-08-28,Stanislaus,099,539301,15261,14176,344,14520,190
2020-08-28,Sutter,101,95872,1407,1308,1,1309,9
2020-08-28,Tehama,103,63373,431,410,2,412,1
2020-08-28,Trinity,105,12862,46,11,6,17,0
2020-08-28,Tulare,107,460477,14701,13776,59,13835,236
2020-08-28,Tuolumne,109,53932,206,176,3,179,1
2020-08-28,Ventura,111,848112,11401,10606,98,10704,103
2020-08-28,Yolo,113,214977,2503,2323,4,2327,51
2020-08-28,Yuba,115,75493,886,810,3,813,1
2020-08-27,Alameda,001,1643700,18868,17584,125,17709,234
2020-08-27,Alpine,003,1148,2,2,0,2,0
2020-08-27,Amador,005,37829,272,233,0,233,13
2020-08-27,Butte,007,227075,2222,1803,19,1822,25
2020-08-27,Calaveras,009,45235,247,204,0,204,1
2020-08-27,Colusa,011,21464,468,438,0,438,6
2020-08-27,Contra Costa,013,1133247,14494,13379,49,13428,158
2020-08-27,Del Norte,015,27424,115,107,0,107,1
2020-08-27,El Dorado,017,186661,1009,942,0,942,2
2020-08-27,Fresno,019,978130,27655,24367,304,24671,272
2020-08-27,Glenn,021,27897,451,429,0,429,3
2020-08-27,Humboldt,023,135768,398,358,1,359,4
2020-08-27,Imperial,025,180216,11241,9608,9,9617,235
2020-08-27,Inyo,027,18085,180,157,3,160,2
2020-08-27,Kern,029,883053,29841,28635,219,28854,294
2020-08-27,Kings,031,150075,6392,5759,35,5794,62
2020-08-27,Lake,033,64148,353,314,0,314,2
2020-08-27,Lassen,035,31185,720,703,2,705,0
2020-08-27,Los Angeles,037,10098052,241953,237103,1255,238358,5704
2020-08-27,Madera,039,155013,3910,3465,25,3490,33
2020-08-27,Marin,041,260295,6190,5929,15,5944,62
2020-08-27,Mariposa,043,17540,73,67,0,67,2
2020-08-27,Mendocino,045,87422,639,581,0,581,10
2020-08-27,Merced,047,269075,8047,7765,11,7776,75
2020-08-27,Modoc,049,8938,11,5,0,5,0
2020-08-27,Mono,051,14174,163,145,2,147,1
2020-08-27,Monterey,053,433212,8116,7501,22,7523,52
2020-08-27,Napa,055,140530,1481,1397,5,1402,10
2020-08-27,Nevada,057,99092,457,435,13,448,5
2020-08-27,Orange,059,3164182,50142,46449,1160,47609,935
2020-08-27,Placer,061,380077,3086,2869,12,2881,32
2020-08-27,Plumas,063,18699,40,39,0,39,0
2020-08-27,Riverside,065,2383286,53521,51306,55,51361,999
2020-08-27,Sacramento,067,1510023,18389,16875,16,16891,281
2020-08-27,San Benito,069,59416,1114,987,0,987,3
2020-08-27,San Bernardino,071,2135413,49039,46345,303,46648,751
2020-08-27,San Diego,073,3302833,39427,37501,424,37925,673
2020-08-27,San Francisco,075,870044,9635,9014,11,9025,83
2020-08-27,San Joaquin,077,732212,18514,16989,35,17024,314
2020-08-27,San Luis Obispo,079,281455,3089,2808,17,2825,20
2020-08-27,San Mateo,081,765935,8522,7728,8,7736,121
2020-08-27,Santa Barbara,083,443738,8533,7934,69,8003,92
2020-08-27,Santa Clara,085,1922200,18406,16495,36,16531,199
2020-08-27,Santa Cruz,087,273765,1871,1734,17,1751,7
2020-08-27,Shasta,089,179085,616,512,3,515,9
2020-08-27,Sierra,091,2930,6,6,0,6,0
2020-08-27,Siskiyou,093,43540,136,118,8,126,0
2020-08-27,Solano,095,438530,5505,5167,39,5206,34
2020-08-27,Sonoma,097,501317,5935,5357,18,5375,58
2020-08-27,Stanislaus,099,539301,15180,14080,341,14421,186
2020-08-27,Sutter,101,95872,1387,1296,1,1297,9
2020-08-27,Tehama,103,63373,427,398,2,400,1
2020-08-27,Trinity,105,12862,46,11,6,17,0
2020-08-27,Tulare,107,460477,14609,13666,58,13724,231
2020-08-27,Tuolumne,109,53932,201,174,3,177,1
2020-08-27,Ventura,111,848112,11338,10483,94,10577,102
2020-08-27,Yolo,113,214977,2479,2293,4,2297,51
2020-08-27,Yuba,115,75493,875,807,3,810,1
2020-08-26,Alameda,001,1643700,18706,17373,125,17498,233
2020-08-26,Alpine,003,1148,2,2,0,2,0
2020-08-26,Amador,005,37829,272,229,0,229,13
2020-08-26,Butte,007,227075,2155,1765,17,1782,25
2020-08-26,Calaveras,009,45235,240,201,0,201,1
2020-08-26,Colusa,011,21464,462,433,0,433,5
2020-08-26,Contra Costa,013,1133247,14357,13248,49,13297,157
2020-08-26,Del Norte,015,27424,114,86,0,86,1
2020-08-26,El Dorado,017,186661,1007,938,0,938,2
2020-08-26,Fresno,019,978130,27507,24071,302,24373,255
2020-08-26,Glenn,021,27897,449,429,0,429,3
2020-08-26,Humboldt,023,135768,386,357,1,358,4
2020-08-26,Imperial,025,180216,11219,9453,9,9462,227
2020-08-26,Inyo,027,18085,177,157,3,160,2
2020-08-26,Kern,029,883053,29702,28507,216,28723,286
2020-08-26,Kings,031,150075,6371,5720,35,5755,62
2020-08-26,Lake,033,64148,348,308,0,308,2
2020-08-26,Lassen,035,31185,720,702,2,704,0
2020-08-26,Los Angeles,037,10098052,240943,235499,1223,236722,5665
2020-08-26,Madera,039,155013,3881,3458,25,3483,32
2020-08-26,Marin,041,260295,6173,5887,15,5902,56
2020-08-26,Mariposa,043,17540,73,68,0,68,2
2020-08-26,Mendocino,045,87422,628,581,0,581,10
2020-08-26,Merced,047,269075,8014,7720,11,7731,74
2020-08-26,Modoc,049,8938,8,5,0,5,0
2020-08-26,Mono,051,14174,163,141,2,143,1
2020-08-26,Monterey,053,433212,8023,7439,22,7461,51
2020-08-26,Napa,055,140530,1468,1382,5,1387,10
2020-08-26,Nevada,057,99092,454,432,13,445,2
2020-08-26,Orange,059,3164182,49958,46157,1145,47302,905
2020-08-26,Placer,061,380077,3064,2846,10,2856,32
2020-08-26,Plumas,063,18699,39,39,0,39,0
2020-08-26,Riverside,065,2383286,53279,51138,55,51193,987
2020-08-26,Sacramento,067,1510023,18226,16708,16,16724,271
2020-08-26,San Benito,069,59416,1099,978,0,978,3
2020-08-26,San Bernardino,071,2135413,48830,45840,299,46139,743
2020-08-26,San Diego,073,3302833,39089,37224,397,37621,668
2020-08-26,San Francisco,075,870044,9559,8938,11,8949,81
2020-08-26,San Joaquin,077,732212,18425,16845,34,16879,309
2020-08-26,San Luis Obispo,079,281455,3061,2761,17,2778,20
2020-08-26,San Mateo,081,765935,8455,7655,8,7663,121
2020-08-26,Santa Barbara,083,443738,8499,7904,69,7973,90
2020-08-26,Santa Clara,085,1922200,18229,16283,36,16319,198
2020-08-26,Santa Cruz,087,273765,1860,1726,17,1743,7
2020-08-26,Shasta,089,179085,611,511,3,514,9
2020-08-26,Sierra,091,2930,6,6,0,6,0
2020-08-26,Siskiyou,093,43540,133,109,8,117,0
2020-08-26,Solano,095,438530,5481,5131,38,5169,34
2020-08-26,Sonoma,097,501317,5861,5283,18,5301,58
2020-08-26,Stanislaus,099,539301,15103,13964,335,14299,186
2020-08-26,Sutter,101,95872,1369,1275,1,1276,9
2020-08-26,Tehama,103,63373,424,396,2,398,1
2020-08-26,Trinity,105,12862,45,10,6,16,0
2020-08-26,Tulare,107,460477,14542,13568,58,13626,232
2020-08-26,Tuolumne,109,53932,200,172,3,175,1
2020-08-26,Ventura,111,848112,11266,10412,87,10499,100
2020-08-26,Yolo,113,214977,2457,2279,4,2283,49
2020-08-26,Yuba,115,75493,860,779,3,782,1
2020-08-25,Alameda,001,1643700,18549,17278,125,17403,232
2020-08-25,Alpine,003,1148,2,2,0,2,0
2020-08-25,Amador,005,37829,272,227,0,227,13
2020-08-25,Butte,007,227075,2088,1718,17,1735,24
2020-08-25,Calaveras,009,45235,238,196,0,196,1
2020-08-25,Colusa,011,21464,455,430,0,430,5
2020-08-25,Contra Costa,013,1133247,14219,13181,48,13229,156
2020-08-25,Del Norte,015,27424,113,83,0,83,1
2020-08-25,El Dorado,017,186661,1004,928,0,928,2
2020-08-25,Fresno,019,978130,27318,23932,301,24233,250
2020-08-25,Glenn,021,27897,446,429,0,429,3
2020-08-25,Humboldt,023,135768,381,342,1,343,4
2020-08-25,Imperial,025,180216,11191,9381,9,9390,217
2020-08-25,Inyo,027,18085,175,144,3,147,1
2020-08-25,Kern,029,883053,29565,28416,216,28632,285
2020-08-25,Kings,031,150075,6214,5702,35,5737,59
2020-08-25,Lake,033,64148,343,304,0,304,2
2020-08-25,Lassen,035,31185,719,692,2,694,0
2020-08-25,Los Angeles,037,10098052,239649,233961,1173,235134,5612
2020-08-25,Madera,039,155013,3866,3446,24,3470,32
2020-08-25,Marin,041,260295,6135,5860,15,5875,56
2020-08-25,Mariposa,043,17540,73,67,0,67,2
2020-08-25,Mendocino,045,87422,620,571,0,571,10
2020-08-25,Merced,047,269075,7947,7693,10,7703,69
2020-08-25,Modoc,049,8938,8,5,0,5,0
2020-08-25,Mono,051,14174,163,129,2,131,1
2020-08-25,Monterey,053,433212,7943,7333,22,7355,51
2020-08-25,Napa,055,140530,1461,1374,5,1379,10
2020-08-25,Nevada,057,99092,451,430,13,443,2
2020-08-25,Orange,059,3164182,49765,45737,1129,46866,902
2020-08-25,Placer,061,380077,3045,2829,7,2836,31
2020-08-25,Plumas,063,18699,39,39,0,39,0
2020-08-25,Riverside,065,2383286,53048,50889,55,50944,981
2020-08-25,Sacramento,067,1510023,18073,16601,16,16617,265
2020-08-25,San Benito,069,59416,1083,973,0,973,3
2020-08-25,San Bernardino,071,2135413,48595,45544,296,45840,727
2020-08-25,San Diego,073,3302833,38810,36996,375,37371,665
2020-08-25,San Francisco,075,870044,9481,8848,11,8859,81
2020-08-25,San Joaquin,077,732212,18298,16795,34,16829,306
2020-08-25,San Luis Obispo,079,281455,3003,2731,16,2747,20
2020-08-25,San Mateo,081,765935,8395,7636,8,7644,120
2020-08-25,Santa Barbara,083,443738,8447,7854,69,7923,90
2020-08-25,Santa Clara,085,1922200,18056,16199,36,16235,194
2020-08-25,Santa Cruz,087,273765,1841,1708,17,1725,7
2020-08-25,Shasta,089,179085,607,511,3,514,9
2020-08-25,Sierra,091,2930,6,6,0,6,0
2020-08-25,Siskiyou,093,43540,132,109,8,117,0
2020-08-25,Solano,095,438530,5420,5114,38,5152,34
2020-08-25,Sonoma,097,501317,5776,5148,18,5166,56
2020-08-25,Stanislaus,099,539301,14995,13886,324,14210,182
2020-08-25,Sutter,101,95872,1352,1259,1,1260,9
2020-08-25,Tehama,103,63373,421,394,2,396,1
2020-08-25,Trinity,105,12862,44,10,6,16,0
2020-08-25,Tulare,107,460477,14439,13514,57,13571,224
2020-08-25,Tuolumne,109,53932,198,172,3,175,1
2020-08-25,Ventura,111,848112,11181,10313,82,10395,99
2020-08-25,Yolo,113,214977,2444,2254,4,2258,50
2020-08-25,Yuba,115,75493,850,775,3,778,1
2020-08-24,Alameda,001,1643700,18355,16913,124,17037,231
2020-08-24,Alpine,003,1148,2,2,0,2,0
2020-08-24,Amador,005,37829,270,227,0,227,13
2020-08-24,Butte,007,227075,2004,1649,17,1666,23
2020-08-24,Calaveras,009,45235,228,187,0,187,1
2020-08-24,Colusa,011,21464,451,425,0,425,5
2020-08-24,Contra Costa,013,1133247,14104,12906,46,12952,153
2020-08-24,Del Norte,015,27424,113,80,0,80,1
2020-08-24,El Dorado,017,186661,996,908,0,908,2
2020-08-24,Fresno,019,978130,27131,23618,294,23912,235
2020-08-24,Glenn,021,27897,444,421,0,421,2
2020-08-24,Humboldt,023,135768,377,340,1,341,4
2020-08-24,Imperial,025,180216,11157,9323,9,9332,210
2020-08-24,Inyo,027,18085,171,144,3,147,2
2020-08-24,Kern,029,883053,29468,28157,210,28367,277
2020-08-24,Kings,031,150075,6126,5652,35,5687,60
2020-08-24,Lake,033,64148,329,302,0,302,2
2020-08-24,Lassen,035,31185,719,693,2,695,0
2020-08-24,Los Angeles,037,10098052,238288,233036,1154,234190,5562
2020-08-24,Madera,039,155013,3839,3418,24,3442,32
2020-08-24,Marin,041,260295,6072,5834,15,5849,56
2020-08-24,Mariposa,043,17540,71,66,0,66,2
2020-08-24,Mendocino,045,87422,605,550,0,550,10
2020-08-24,Merced,047,269075,7869,7605,10,7615,69
2020-08-24,Modoc,049,8938,8,5,0,5,0
2020-08-24,Mono,051,14174,163,129,2,131,1
2020-08-24,Monterey,053,433212,7834,7212,21,7233,50
2020-08-24,Napa,055,140530,1448,1358,5,1363,10
2020-08-24,Nevada,057,99092,446,423,13,436,2
2020-08-24,Orange,059,3164182,49572,45536,1119,46655,887
2020-08-24,Placer,061,380077,2999,2793,7,2800,31
2020-08-24,Plumas,063,18699,39,37,0,37,0
2020-08-24,Riverside,065,2383286,52770,50496,55,50551,975
2020-08-24,Sacramento,067,1510023,17876,16318,16,16334,249
2020-08-24,San Benito,069,59416,1062,961,0,961,3
2020-08-24,San Bernardino,071,2135413,48332,45199,294,45493,720
2020-08-24,San Diego,073,3302833,38522,36729,347,37076,660
2020-08-24,San Francisco,075,870044,9398,8621,10,8631,81
2020-08-24,San Joaquin,077,732212,18157,16565,33,16598,305
2020-08-24,San Luis Obispo,079,281455,2975,2705,16,2721,20
2020-08-24,San Mateo,081,765935,8328,7502,8,7510,120
2020-08-24,Santa Barbara,083,443738,8405,7784,69,7853,90
2020-08-24,Santa Clara,085,1922200,17852,16049,36,16085,192
2020-08-24,Santa Cruz,087,273765,1821,1627,16,1643,6
2020-08-24,Shasta,089,179085,605,505,3,508,9
2020-08-24,Sierra,091,2930,6,6,0,6,0
2020-08-24,Siskiyou,093,43540,128,107,8,115,0
2020-08-24,Solano,095,438530,5371,4979,36,5015,32
2020-08-24,Sonoma,097,501317,5674,5071,18,5089,56
2020-08-24,Stanislaus,099,539301,14896,13521,310,13831,171
2020-08-24,Sutter,101,95872,1333,1219,1,1220,9
2020-08-24,Tehama,103,63373,416,388,2,390,1
2020-08-24,Trinity,105,12862,44,10,6,16,0
2020-08-24,Tulare,107,460477,14332,13360,56,13416,223
2020-08-24,Tuolumne,109,53932,197,170,3,173,1
2020-08-24,Ventura,111,848112,11101,10261,78,10339,99
2020-08-24,Yolo,113,214977,2410,2239,4,2243,47
2020-08-24,Yuba,115,75493,833,750,3,753,1
2020-08-23,Alameda,001,1643700,18132,16786,123,16909,231
2020-08-23,Alpine,003,1148,2,2,0,2,0
2020-08-23,Amador,005,37829,267,227,0,227,13
2020-08-23,Butte,007,227075,1890,1637,17,1654,23
2020-08-23,Calaveras,009,45235,218,187,0,187,1
2020-08-23,Colusa,011,21464,444,424,0,424,5
2020-08-23,Contra Costa,013,1133247,13944,12642,46,12688,153
2020-08-23,Del Norte,015,27424,113,80,0,80,1
2020-08-23,El Dorado,017,186661,983,901,0,901,2
2020-08-23,Fresno,019,978130,26927,23414,290,23704,235
2020-08-23,Glenn,021,27897,437,421,0,421,2
2020-08-23,Humboldt,023,135768,375,341,1,342,4
2020-08-23,Imperial,025,180216,11129,9243,9,9252,210
2020-08-23,Inyo,027,18085,168,144,3,147,2
2020-08-23,Kern,029,883053,29319,28028,205,28233,277
2020-08-23,Kings,031,150075,6083,5628,35,5663,60
2020-08-23,Lake,033,64148,325,299,0,299,2
2020-08-23,Lassen,035,31185,718,693,2,695,0
2020-08-23,Los Angeles,037,10098052,236695,231833,1084,232917,5549
2020-08-23,Madera,039,155013,3807,3401,23,3424,32
2020-08-23,Marin,041,260295,6033,5807,14,5821,50
2020-08-23,Mariposa,043,17540,71,66,0,66,2
2020-08-23,Mendocino,045,87422,601,550,0,550,10
2020-08-23,Merced,047,269075,7800,7574,9,7583,69
2020-08-23,Modoc,049,8938,7,5,0,5,0
2020-08-23,Mono,051,14174,163,129,2,131,1
2020-08-23,Monterey,053,433212,7744,7173,21,7194,50
2020-08-23,Napa,055,140530,1436,1348,5,1353,10
2020-08-23,Nevada,057,99092,441,421,13,434,2
2020-08-23,Orange,059,3164182,49335,45267,1108,46375,887
2020-08-23,Placer,061,380077,2960,2772,7,2779,31
2020-08-23,Plumas,063,18699,39,37,0,37,0
2020-08-23,Riverside,065,2383286,52500,50293,53,50346,955
2020-08-23,Sacramento,067,1510023,17652,16084,15,16099,243
2020-08-23,San Benito,069,59416,1049,938,0,938,3
2020-08-23,San Bernardino,071,2135413,48063,45010,284,45294,719
2020-08-23,San Diego,073,3302833,38201,36542,320,36862,660
2020-08-23,San Francisco,075,870044,9303,8564,9,8573,80
2020-08-23,San Joaquin,077,732212,18024,16069,32,16101,305
2020-08-23,San Luis Obispo,079,281455,2933,2679,16,2695,20
2020-08-23,San Mateo,081,765935,8233,7450,8,7458,120
2020-08-23,Santa Barbara,083,443738,8337,7725,69,7794,90
2020-08-23,Santa Clara,085,1922200,17657,15912,34,15946,191
2020-08-23,Santa Cruz,087,273765,1795,1627,16,1643,6
2020-08-23,Shasta,089,179085,600,501,3,504,9
2020-08-23,Sierra,091,2930,6,6,0,6,0
2020-08-23,Siskiyou,093,43540,123,107,8,115,0
2020-08-23,Solano,095,438530,5313,4977,34,5011,32
2020-08-23,Sonoma,097,501317,5586,5018,18,5036,56
2020-08-23,Stanislaus,099,539301,14761,13483,287,13770,171
2020-08-23,Sutter,101,95872,1311,1203,1,1204,9
2020-08-23,Tehama,103,63373,406,381,2,383,1
2020-08-23,Trinity,105,12862,44,10,6,16,0
2020-08-23,Tulare,107,460477,14200,13303,53,13356,223
2020-08-23,Tuolumne,109,53932,194,164,3,167,1
2020-08-23,Ventura,111,848112,11000,10126,74,10200,99
2020-08-23,Yolo,113,214977,2382,2210,4,2214,47
2020-08-23,Yuba,115,75493,812,750,3,753,1
2020-08-22,Alameda,001,1643700,18038,16648,122,16770,231
2020-08-22,Alpine,003,1148,2,2,0,2,0
2020-08-22,Amador,005,37829,266,224,0,224,13
2020-08-22,Butte,007,227075,1839,1618,17,1635,22
2020-08-22,Calaveras,009,45235,215,187,0,187,1
2020-08-22,Colusa,011,21464,440,419,0,419,5
2020-08-22,Contra Costa,013,1133247,13857,12522,46,12568,153
2020-08-22,Del Norte,015,27424,112,80,0,80,1
2020-08-22,El Dorado,017,186661,981,900,0,900,2
2020-08-22,Fresno,019,978130,26830,23197,289,23486,235
2020-08-22,Glenn,021,27897,436,421,0,421,2
2020-08-22,Humboldt,023,135768,365,334,1,335,4
2020-08-22,Imperial,025,180216,11121,9244,9,9253,210
2020-08-22,Inyo,027,18085,168,144,3,147,1
2020-08-22,Kern,029,883053,29265,27807,205,28012,277
2020-08-22,Kings,031,150075,6074,5447,35,5482,60
2020-08-22,Lake,033,64148,323,291,0,291,2
2020-08-22,Lassen,035,31185,718,693,2,695,0
2020-08-22,Los Angeles,037,10098052,236038,230858,1066,231924,5540
2020-08-22,Madera,039,155013,3788,3330,23,3353,32
2020-08-22,Marin,041,260295,6021,5789,14,5803,49
2020-08-22,Mariposa,043,17540,71,66,0,66,2
2020-08-22,Mendocino,045,87422,598,529,0,529,10
2020-08-22,Merced,047,269075,7772,7493,9,7502,69
2020-08-22,Modoc,049,8938,7,5,0,5,0
2020-08-22,Mono,051,14174,163,129,2,131,1
2020-08-22,Monterey,053,433212,7696,7081,21,7102,50
2020-08-22,Napa,055,140530,1431,1328,5,1333,11
2020-08-22,Nevada,057,99092,441,411,13,424,2
2020-08-22,Orange,059,3164182,49193,45131,1102,46233,885
2020-08-22,Placer,061,380077,2946,2734,7,2741,30
2020-08-22,Plumas,063,18699,39,37,0,37,0
2020-08-22,Riverside,065,2383286,52351,49944,52,49996,953
2020-08-22,Sacramento,067,1510023,17540,15516,15,15531,239
2020-08-22,San Benito,069,59416,1033,912,0,912,3
2020-08-22,San Bernardino,071,2135413,47934,44803,280,45083,719
2020-08-22,San Diego,073,3302833,38019,36205,309,36514,673
2020-08-22,San Francisco,075,870044,9243,8568,9,8577,80
2020-08-22,San Joaquin,077,732212,17968,16068,32,16100,305
2020-08-22,San Luis Obispo,079,281455,2908,2660,16,2676,20
2020-08-22,San Mateo,081,765935,8186,7361,8,7369,120
2020-08-22,Santa Barbara,083,443738,8311,7685,69,7754,90
2020-08-22,Santa Clara,085,1922200,17549,15590,34,15624,190
2020-08-22,Santa Cruz,087,273765,1779,1628,15,1643,6
2020-08-22,Shasta,089,179085,598,493,3,496,9
2020-08-22,Sierra,091,2930,6,6,0,6,0
2020-08-22,Siskiyou,093,43540,123,106,8,114,0
2020-08-22,Solano,095,438530,5283,4944,33,4977,32
2020-08-22,Sonoma,097,501317,5540,4891,18,4909,57
2020-08-22,Stanislaus,099,539301,14711,13380,270,13650,170
2020-08-22,Sutter,101,95872,1304,1189,1,1190,8
2020-08-22,Tehama,103,63373,405,368,2,370,1
2020-08-22,Trinity,105,12862,44,8,6,14,0
2020-08-22,Tulare,107,460477,14133,13196,53,13249,222
2020-08-22,Tuolumne,109,53932,192,162,3,165,1
2020-08-22,Ventura,111,848112,10945,9959,72,10031,99
2020-08-22,Yolo,113,214977,2366,2188,4,2192,47
2020-08-22,Yuba,115,75493,800,738,3,741,1
2020-08-21,Alameda,001,1643700,17946,16413,122,16535,232
2020-08-21,Alpine,003,1148,2,2,0,2,0
2020-08-21,Amador,005,37829,265,223,0,223,11
2020-08-21,Butte,007,227075,1800,1582,17,1599,19
2020-08-21,Calaveras,009,45235,215,182,0,182,1
2020-08-21,Colusa,011,21464,438,418,0,418,5
2020-08-21,Contra Costa,013,1133247,13767,12333,45,12378,149
2020-08-21,Del Norte,015,27424,112,78,0,78,1
2020-08-21,El Dorado,017,186661,977,885,0,885,2
2020-08-21,Fresno,019,978130,26660,22840,288,23128,232
2020-08-21,Glenn,021,27897,432,418,0,418,2
2020-08-21,Humboldt,023,135768,362,331,1,332,4
2020-08-21,Imperial,025,180216,11105,9166,9,9175,204
2020-08-21,Inyo,027,18085,168,144,3,147,1
2020-08-21,Kern,029,883053,29206,27567,203,27770,269
2020-08-21,Kings,031,150075,6052,5391,35,5426,60
2020-08-21,Lake,033,64148,321,281,0,281,2
2020-08-21,Lassen,035,31185,718,693,2,695,0
2020-08-21,Los Angeles,037,10098052,235165,229235,1046,230281,5494
2020-08-21,Madera,039,155013,3758,3271,23,3294,31
2020-08-21,Marin,041,260295,6001,5762,14,5776,49
2020-08-21,Mariposa,043,17540,71,66,0,66,2
2020-08-21,Mendocino,045,87422,588,505,0,505,10
2020-08-21,Merced,047,269075,7743,7357,9,7366,69
2020-08-21,Modoc,049,8938,7,5,0,5,0
2020-08-21,Mono,051,14174,163,128,2,130,1
2020-08-21,Monterey,053,433212,7624,6974,21,6995,49
2020-08-21,Napa,055,140530,1422,1317,5,1322,10
2020-08-21,Nevada,057,99092,440,406,13,419,2
2020-08-21,Orange,059,3164182,49052,44625,1093,45718,875
2020-08-21,Placer,061,380077,2930,2698,6,2704,30
2020-08-21,Plumas,063,18699,39,36,0,36,0
2020-08-21,Riverside,065,2383286,52157,49409,52,49461,932
2020-08-21,Sacramento,067,1510023,17417,15247,15,15262,237
2020-08-21,San Benito,069,59416,1023,891,0,891,3
2020-08-21,San Bernardino,071,2135413,47814,44249,276,44525,668
2020-08-21,San Diego,073,3302833,37815,35914,292,36206,652
2020-08-21,San Francisco,075,870044,9193,8375,9,8384,80
2020-08-21,San Joaquin,077,732212,17885,15888,30,15918,301
2020-08-21,San Luis Obispo,079,281455,2885,2640,16,2656,19
2020-08-21,San Mateo,081,765935,8128,7253,8,7261,120
2020-08-21,Santa Barbara,083,443738,8270,7645,69,7714,86
2020-08-21,Santa Clara,085,1922200,17397,15399,34,15433,190
2020-08-21,Santa Cruz,087,273765,1767,1617,15,1632,6
2020-08-21,Shasta,089,179085,598,486,3,489,9
2020-08-21,Sierra,091,2930,6,6,0,6,0
2020-08-21,Siskiyou,093,43540,123,103,6,109,0
2020-08-21,Solano,095,438530,5260,4891,32,4923,32
2020-08-21,Sonoma,097,501317,5470,4816,18,4834,57
2020-08-21,Stanislaus,099,539301,14642,13282,255,13537,161
2020-08-21,Sutter,101,95872,1291,1173,1,1174,8
2020-08-21,Tehama,103,63373,403,357,2,359,1
2020-08-21,Trinity,105,12862,44,8,6,14,0
2020-08-21,Tulare,107,460477,14061,13002,52,13054,217
2020-08-21,Tuolumne,109,53932,184,161,3,164,1
2020-08-21,Ventura,111,848112,10880,9865,70,9935,98
2020-08-21,Yolo,113,214977,2351,2164,4,2168,46
2020-08-21,Yuba,115,75493,796,717,3,720,1
2020-08-20,Alameda,001,1643700,17787,16174,122,16296,229
2020-08-20,Alpine,003,1148,2,2,0,2,0
2020-08-20,Amador,005,37829,263,222,0,222,11
2020-08-20,Butte,007,227075,1749,1549,17,1566,18
2020-08-20,Calaveras,009,45235,212,179,0,179,1
2020-08-20,Colusa,011,21464,436,415,0,415,5
2020-08-20,Contra Costa,013,1133247,13639,12108,44,12152,144
2020-08-20,Del Norte,015,27424,112,78,0,78,1
2020-08-20,El Dorado,017,186661,973,881,0,881,2
2020-08-20,Fresno,019,978130,26478,22535,283,22818,228
2020-08-20,Glenn,021,27897,427,414,0,414,2
2020-08-20,Humboldt,023,135768,357,318,1,319,4
2020-08-20,Imperial,025,180216,11086,9086,9,9095,196
2020-08-20,Inyo,027,18085,167,144,3,147,1
2020-08-20,Kern,029,883053,29038,27337,192,27529,267
2020-08-20,Kings,031,150075,6012,5347,34,5381,59
2020-08-20,Lake,033,64148,316,280,0,280,2
2020-08-20,Lassen,035,31185,717,693,2,695,0
2020-08-20,Los Angeles,037,10098052,233942,227492,1027,228519,5445
2020-08-20,Madera,039,155013,3732,3197,23,3220,31
2020-08-20,Marin,041,260295,5983,5745,14,5759,47
2020-08-20,Mariposa,043,17540,71,67,0,67,2
2020-08-20,Mendocino,045,87422,577,497,0,497,10
2020-08-20,Merced,047,269075,7668,7173,9,7182,68
2020-08-20,Modoc,049,8938,7,5,0,5,0
2020-08-20,Mono,051,14174,163,128,2,130,1
2020-08-20,Monterey,053,433212,7553,6892,21,6913,47
2020-08-20,Napa,055,140530,1414,1306,5,1311,10
2020-08-20,Nevada,057,99092,439,401,13,414,2
2020-08-20,Orange,059,3164182,48825,44299,1082,45381,849
2020-08-20,Placer,061,380077,2914,2681,6,2687,30
2020-08-20,Plumas,063,18699,39,36,0,36,0
2020-08-20,Riverside,065,2383286,51937,48953,51,49004,927
2020-08-20,Sacramento,067,1510023,17175,14992,15,15007,231
2020-08-20,San Benito,069,59416,1010,866,0,866,3
2020-08-20,San Bernardino,071,2135413,47558,43627,272,43899,665
2020-08-20,San Diego,073,3302833,37595,35610,274,35884,644
2020-08-20,San Francisco,075,870044,9107,8262,9,8271,72
2020-08-20,San Joaquin,077,732212,17792,15778,30,15808,297
2020-08-20,San Luis Obispo,079,281455,2865,2590,16,2606,19
2020-08-20,San Mateo,081,765935,8062,7188,8,7196,120
2020-08-20,Santa Barbara,083,443738,8232,7571,69,7640,81
2020-08-20,Santa Clara,085,1922200,17225,15162,34,15196,190
2020-08-20,Santa Cruz,087,273765,1754,1581,15,1596,6
2020-08-20,Shasta,089,179085,597,478,3,481,9
2020-08-20,Sierra,091,2930,6,6,0,6,0
2020-08-20,Siskiyou,093,43540,122,102,1,103,0
2020-08-20,Solano,095,438530,5216,4843,32,4875,31
2020-08-20,Sonoma,097,501317,5398,4737,18,4755,54
2020-08-20,Stanislaus,099,539301,14546,13120,246,13366,161
2020-08-20,Sutter,101,95872,1267,1158,1,1159,8
2020-08-20,Tehama,103,63373,397,350,2,352,1
2020-08-20,Trinity,105,12862,44,8,6,14,0
2020-08-20,Tulare,107,460477,13953,12907,51,12958,217
2020-08-20,Tuolumne,109,53932,180,159,3,162,1
2020-08-20,Ventura,111,848112,10767,9744,69,9813,93
2020-08-20,Yolo,113,214977,2329,2150,4,2154,47
2020-08-20,Yuba,115,75493,779,709,3,712,1
2020-08-19,Alameda,001,1643700,17628,15874,121,15995,226
2020-08-19,Alpine,003,1148,2,2,0,2,0
2020-08-19,Amador,005,37829,262,219,0,219,9
2020-08-19,Butte,007,227075,1706,1517,17,1534,16
2020-08-19,Calaveras,009,45235,209,177,0,177,1
2020-08-19,Colusa,011,21464,435,415,0,415,5
2020-08-19,Contra Costa,013,1133247,13527,11895,42,11937,142
2020-08-19,Del Norte,015,27424,112,78,0,78,1
2020-08-19,El Dorado,017,186661,967,870,0,870,2
2020-08-19,Fresno,019,978130,26289,22167,274,22441,221
2020-08-19,Glenn,021,27897,425,414,0,414,2
2020-08-19,Humboldt,023,135768,354,316,1,317,4
2020-08-19,Imperial,025,180216,11058,9041,9,9050,192
2020-08-19,Inyo,027,18085,165,140,3,143,1
2020-08-19,Kern,029,883053,28921,27142,188,27330,263
2020-08-19,Kings,031,150075,5839,5301,32,5333,59
2020-08-19,Lake,033,64148,313,277,0,277,2
2020-08-19,Lassen,035,31185,709,693,2,695,0
2020-08-19,Los Angeles,037,10098052,232670,226006,987,226993,5399
2020-08-19,Madera,039,155013,3698,3158,21,3179,30
2020-08-19,Marin,041,260295,5959,5723,13,5736,46
2020-08-19,Mariposa,043,17540,71,64,0,64,2
2020-08-19,Mendocino,045,87422,561,495,0,495,8
2020-08-19,Merced,047,269075,7541,7082,6,7088,66
2020-08-19,Modoc,049,8938,7,5,0,5,0
2020-08-19,Mono,051,14174,163,128,2,130,1
2020-08-19,Monterey,053,433212,7451,6693,21,6714,45
2020-08-19,Napa,055,140530,1409,1293,5,1298,10
2020-08-19,Nevada,057,99092,432,398,13,411,2
2020-08-19,Orange,059,3164182,48620,43938,1079,45017,829
2020-08-19,Placer,061,380077,2892,2659,6,2665,28
2020-08-19,Plumas,063,18699,39,36,0,36,0
2020-08-19,Riverside,065,2383286,51688,48741,51,48792,922
2020-08-19,Sacramento,067,1510023,16994,14764,15,14779,229
2020-08-19,San Benito,069,59416,993,853,0,853,3
2020-08-19,San Bernardino,071,2135413,47259,43224,266,43490,661
2020-08-19,San Diego,073,3302833,37346,35378,259,35637,638
2020-08-19,San Francisco,075,870044,9042,8236,9,8245,72
2020-08-19,San Joaquin,077,732212,17666,15677,29,15706,296
2020-08-19,San Luis Obispo,079,281455,2826,2553,16,2569,19
2020-08-19,San Mateo,081,765935,7994,7146,8,7154,119
2020-08-19,Santa Barbara,083,443738,8183,7499,69,7568,80
2020-08-19,Santa Clara,085,1922200,17079,14994,34,15028,189
2020-08-19,Santa Cruz,087,273765,1728,1554,15,1569,6
2020-08-19,Shasta,089,179085,593,475,3,478,9
2020-08-19,Sierra,091,2930,6,6,0,6,0
2020-08-19,Siskiyou,093,43540,121,103,1,104,0
2020-08-19,Solano,095,438530,5175,4807,32,4839,31
2020-08-19,Sonoma,097,501317,5319,4614,18,4632,54
2020-08-19,Stanislaus,099,539301,14443,13084,224,13308,160
2020-08-19,Sutter,101,95872,1233,1146,1,1147,8
2020-08-19,Tehama,103,63373,391,342,2,344,1
2020-08-19,Trinity,105,12862,43,8,6,14,0
2020-08-19,Tulare,107,460477,13855,12756,51,12807,217
2020-08-19,Tuolumne,109,53932,177,159,3,162,1
2020-08-19,Ventura,111,848112,10675,9587,67,9654,91
2020-08-19,Yolo,113,214977,2306,2126,4,2130,47
2020-08-19,Yuba,115,75493,767,701,3,704,1
2020-08-18,Alameda,001,1643700,17451,15627,119,15746,223
2020-08-18,Alpine,003,1148,2,2,0,2,0
2020-08-18,Amador,005,37829,261,215,0,215,9
2020-08-18,Butte,007,227075,1673,1491,17,1508,16
2020-08-18,Calaveras,009,45235,205,174,0,174,1
2020-08-18,Colusa,011,21464,434,415,0,415,5
2020-08-18,Contra Costa,013,1133247,13407,11689,40,11729,141
2020-08-18,Del Norte,015,27424,111,78,0,78,0
2020-08-18,El Dorado,017,186661,962,866,0,866,2
2020-08-18,Fresno,019,978130,26068,21798,268,22066,212
2020-08-18,Glenn,021,27897,425,407,0,407,2
2020-08-18,Humboldt,023,135768,352,315,1,316,4
2020-08-18,Imperial,025,180216,11024,8968,9,8977,189
2020-08-18,Inyo,027,18085,164,140,3,143,1
2020-08-18,Kern,029,883053,28768,26978,184,27162,263
2020-08-18,Kings,031,150075,5804,5269,31,5300,58
2020-08-18,Lake,033,64148,310,274,0,274,2
2020-08-18,Lassen,035,31185,709,693,2,695,0
2020-08-18,Los Angeles,037,10098052,231410,224218,950,225168,5339
2020-08-18,Madera,039,155013,3670,3125,21,3146,28
2020-08-18,Marin,041,260295,5929,5708,13,5721,47
2020-08-18,Mariposa,043,17540,71,61,0,61,2
2020-08-18,Mendocino,045,87422,552,468,0,468,8
2020-08-18,Merced,047,269075,7493,6940,6,6946,66
2020-08-18,Modoc,049,8938,7,5,0,5,0
2020-08-18,Mono,051,14174,162,129,2,131,1
2020-08-18,Monterey,053,433212,7359,6691,20,6711,44
2020-08-18,Napa,055,140530,1406,1274,5,1279,10
2020-08-18,Nevada,057,99092,425,389,13,402,2
2020-08-18,Orange,059,3164182,48395,43659,1064,44723,809
2020-08-18,Placer,061,380077,2866,2644,5,2649,28
2020-08-18,Plumas,063,18699,39,34,0,34,0
2020-08-18,Riverside,065,2383286,51358,48447,51,48498,917
2020-08-18,Sacramento,067,1510023,16765,14610,14,14624,222
2020-08-18,San Benito,069,59416,973,836,0,836,3
2020-08-18,San Bernardino,071,2135413,46976,42827,260,43087,648
2020-08-18,San Diego,073,3302833,37053,35164,227,35391,633
2020-08-18,San Francisco,075,870044,8956,8016,9,8025,72
2020-08-18,San Joaquin,077,732212,17550,15509,28,15537,290
2020-08-18,San Luis Obispo,079,281455,2802,2535,15,2550,18
2020-08-18,San Mateo,081,765935,7932,7074,8,7082,119
2020-08-18,Santa Barbara,083,443738,8141,7472,69,7541,81
2020-08-18,Santa Clara,085,1922200,16906,14786,33,14819,184
2020-08-18,Santa Cruz,087,273765,1715,1509,15,1524,6
2020-08-18,Shasta,089,179085,589,468,3,471,9
2020-08-18,Sierra,091,2930,6,6,0,6,0
2020-08-18,Siskiyou,093,43540,120,103,1,104,0
2020-08-18,Solano,095,438530,5148,4700,32,4732,31
2020-08-18,Sonoma,097,501317,5250,4506,18,4524,48
2020-08-18,Stanislaus,099,539301,14345,12935,208,13143,149
2020-08-18,Sutter,101,95872,1214,1126,1,1127,8
2020-08-18,Tehama,103,63373,381,333,2,335,1
2020-08-18,Trinity,105,12862,41,8,6,14,0
2020-08-18,Tulare,107,460477,13724,12637,48,12685,212
2020-08-18,Tuolumne,109,53932,174,159,3,162,1
2020-08-18,Ventura,111,848112,10585,9536,62,9598,89
2020-08-18,Yolo,113,214977,2283,2102,4,2106,47
2020-08-18,Yuba,115,75493,759,679,3,682,1
2020-08-17,Alameda,001,1643700,17257,15454,118,15572,221
2020-08-17,Alpine,003,1148,2,2,0,2,0
2020-08-17,Amador,005,37829,261,215,0,215,9
2020-08-17,Butte,007,227075,1628,1463,17,1480,15
2020-08-17,Calaveras,009,45235,201,167,0,167,1
2020-08-17,Colusa,011,21464,431,408,0,408,5
2020-08-17,Contra Costa,013,1133247,13270,11442,40,11482,141
2020-08-17,Del Norte,015,27424,107,77,0,77,0
2020-08-17,El Dorado,017,186661,959,846,0,846,2
2020-08-17,Fresno,019,978130,25859,21316,261,21577,211
2020-08-17,Glenn,021,27897,424,402,0,402,2
2020-08-17,Humboldt,023,135768,348,302,1,303,4
2020-08-17,Imperial,025,180216,10983,8897,9,8906,188
2020-08-17,Inyo,027,18085,156,124,3,127,1
2020-08-17,Kern,029,883053,28620,26773,173,26946,249
2020-08-17,Kings,031,150075,5766,5249,31,5280,58
2020-08-17,Lake,033,64148,305,270,0,270,2
2020-08-17,Lassen,035,31185,709,666,2,668,0
2020-08-17,Los Angeles,037,10098052,229899,223418,902,224320,5282
2020-08-17,Madera,039,155013,3627,3050,20,3070,26
2020-08-17,Marin,041,260295,5906,5683,12,5695,46
2020-08-17,Mariposa,043,17540,71,61,0,61,2
2020-08-17,Mendocino,045,87422,534,454,0,454,8
2020-08-17,Merced,047,269075,7398,6814,6,6820,66
2020-08-17,Modoc,049,8938,7,5,0,5,0
2020-08-17,Mono,051,14174,162,126,2,128,1
2020-08-17,Monterey,053,433212,7259,6553,20,6573,44
2020-08-17,Napa,055,140530,1385,1255,5,1260,10
2020-08-17,Nevada,057,99092,420,383,13,396,2
2020-08-17,Orange,059,3164182,48185,43621,1051,44672,804
2020-08-17,Placer,061,380077,2841,2609,5,2614,28
2020-08-17,Plumas,063,18699,39,33,0,33,0
2020-08-17,Riverside,065,2383286,51026,48062,49,48111,916
2020-08-17,Sacramento,067,1510023,16545,14333,14,14347,219
2020-08-17,San Benito,069,59416,958,822,0,822,2
2020-08-17,San Bernardino,071,2135413,46631,42005,252,42257,604
2020-08-17,San Diego,073,3302833,36787,34962,213,35175,626
2020-08-17,San Francisco,075,870044,8885,7600,9,7609,72
2020-08-17,San Joaquin,077,732212,17387,15323,27,15350,280
2020-08-17,San Luis Obispo,079,281455,2769,2527,15,2542,18
2020-08-17,San Mateo,081,765935,7875,6987,7,6994,118
2020-08-17,Santa Barbara,083,443738,8099,7438,69,7507,80
2020-08-17,Santa Clara,085,1922200,16685,14546,33,14579,183
2020-08-17,Santa Cruz,087,273765,1699,1453,14,1467,6
2020-08-17,Shasta,089,179085,583,467,3,470,9
2020-08-17,Sierra,091,2930,6,6,0,6,0
2020-08-17,Siskiyou,093,43540,119,103,0,103,0
2020-08-17,Solano,095,438530,5091,4479,32,4511,31
2020-08-17,Sonoma,097,501317,5161,4402,16,4418,48
2020-08-17,Stanislaus,099,539301,14220,12745,201,12946,148
2020-08-17,Sutter,101,95872,1198,1071,1,1072,8
2020-08-17,Tehama,103,63373,372,324,2,326,1
2020-08-17,Trinity,105,12862,41,8,6,14,0
2020-08-17,Tulare,107,460477,13611,12487,47,12534,210
2020-08-17,Tuolumne,109,53932,171,157,3,160,1
2020-08-17,Ventura,111,848112,10462,9490,57,9547,89
2020-08-17,Yolo,113,214977,2256,2083,4,2087,47
2020-08-17,Yuba,115,75493,744,647,3,650,1
2020-08-16,Alameda,001,1643700,16966,15338,118,15456,221
2020-08-16,Alpine,003,1148,2,2,0,2,0
2020-08-16,Amador,005,37829,258,215,0,215,9
2020-08-16,Butte,007,227075,1590,1432,17,1449,15
2020-08-16,Calaveras,009,45235,194,167,0,167,1
2020-08-16,Colusa,011,21464,429,407,0,407,5
2020-08-16,Contra Costa,013,1133247,13084,11255,40,11295,140
2020-08-16,Del Norte,015,27424,103,77,0,77,0
2020-08-16,El Dorado,017,186661,947,843,0,843,2
2020-08-16,Fresno,019,978130,25638,21010,256,21266,211
2020-08-16,Glenn,021,27897,422,400,0,400,2
2020-08-16,Humboldt,023,135768,346,301,1,302,4
2020-08-16,Imperial,025,180216,10939,8883,9,8892,188
2020-08-16,Inyo,027,18085,149,125,2,127,1
2020-08-16,Kern,029,883053,28419,26520,165,26685,249
2020-08-16,Kings,031,150075,5735,5146,31,5177,58
2020-08-16,Lake,033,64148,301,269,0,269,2
2020-08-16,Lassen,035,31185,709,666,2,668,0
2020-08-16,Los Angeles,037,10098052,228335,222236,872,223108,5263
2020-08-16,Madera,039,155013,3582,3013,20,3033,26
2020-08-16,Marin,041,260295,5880,5664,12,5676,46
2020-08-16,Mariposa,043,17540,71,61,0,61,2
2020-08-16,Mendocino,045,87422,526,451,0,451,8
2020-08-16,Merced,047,269075,7316,6744,6,6750,66
2020-08-16,Modoc,049,8938,7,5,0,5,0
2020-08-16,Mono,051,14174,162,126,2,128,1
2020-08-16,Monterey,053,433212,7161,6516,19,6535,44
2020-08-16,Napa,055,140530,1367,1241,3,1244,10
2020-08-16,Nevada,057,99092,409,379,13,392,2
2020-08-16,Orange,059,3164182,47936,43303,1040,44343,803
2020-08-16,Placer,061,380077,2813,2583,4,2587,28
2020-08-16,Plumas,063,18699,39,33,0,33,0
2020-08-16,Riverside,065,2383286,50696,47669,48,47717,910
2020-08-16,Sacramento,067,1510023,16305,14210,14,14224,219
2020-08-16,San Benito,069,59416,929,815,0,815,2
2020-08-16,San Bernardino,071,2135413,46207,41724,244,41968,603
2020-08-16,San Diego,073,3302833,36523,34680,198,34878,626
2020-08-16,San Francisco,075,870044,8797,7602,9,7611,72
2020-08-16,San Joaquin,077,732212,17184,15288,27,15315,280
2020-08-16,San Luis Obispo,079,281455,2740,2494,15,2509,17
2020-08-16,San Mateo,081,765935,7800,6942,7,6949,118
2020-08-16,Santa Barbara,083,443738,8050,7368,69,7437,79
2020-08-16,Santa Clara,085,1922200,16487,14329,33,14362,183
2020-08-16,Santa Cruz,087,273765,1672,1449,13,1462,6
2020-08-16,Shasta,089,179085,576,465,3,468,9
2020-08-16,Sierra,091,2930,6,6,0,6,0
2020-08-16,Siskiyou,093,43540,118,102,0,102,0
2020-08-16,Solano,095,438530,5031,4479,32,4511,31
2020-08-16,Sonoma,097,501317,5057,4329,16,4345,46
2020-08-16,Stanislaus,099,539301,14062,12668,190,12858,148
2020-08-16,Sutter,101,95872,1180,1071,1,1072,8
2020-08-16,Tehama,103,63373,362,318,2,320,1
2020-08-16,Trinity,105,12862,38,8,6,14,0
2020-08-16,Tulare,107,460477,13479,12334,44,12378,211
2020-08-16,Tuolumne,109,53932,171,156,3,159,1
2020-08-16,Ventura,111,848112,10353,9408,52,9460,89
2020-08-16,Yolo,113,214977,2237,2057,4,2061,47
2020-08-16,Yuba,115,75493,735,647,2,649,1
2020-08-15,Alameda,001,1643700,16889,15165,118,15283,221
2020-08-15,Alpine,003,1148,2,2,0,2,0
2020-08-15,Amador,005,37829,258,210,0,210,9
2020-08-15,Butte,007,227075,1568,1409,17,1426,15
2020-08-15,Calaveras,009,45235,192,167,0,167,1
2020-08-15,Colusa,011,21464,428,401,0,401,5
2020-08-15,Contra Costa,013,1133247,12988,11106,40,11146,138
2020-08-15,Del Norte,015,27424,103,77,0,77,0
2020-08-15,El Dorado,017,186661,942,838,0,838,2
2020-08-15,Fresno,019,978130,25522,20603,254,20857,211
2020-08-15,Glenn,021,27897,422,398,0,398,2
2020-08-15,Humboldt,023,135768,345,301,1,302,4
2020-08-15,Imperial,025,180216,10919,8794,9,8803,188
2020-08-15,Inyo,027,18085,149,123,2,125,1
2020-08-15,Kern,029,883053,28331,26338,165,26503,249
2020-08-15,Kings,031,150075,5717,5039,31,5070,56
2020-08-15,Lake,033,64148,299,268,0,268,2
2020-08-15,Lassen,035,31185,709,666,2,668,0
2020-08-15,Los Angeles,037,10098052,227583,221043,863,221906,5252
2020-08-15,Madera,039,155013,3532,2950,20,2970,26
2020-08-15,Marin,041,260295,5873,5628,12,5640,46
2020-08-15,Mariposa,043,17540,71,61,0,61,2
2020-08-15,Mendocino,045,87422,522,444,0,444,8
2020-08-15,Merced,047,269075,7282,6656,6,6662,66
2020-08-15,Modoc,049,8938,7,5,0,5,0
2020-08-15,Mono,051,14174,162,126,2,128,1
2020-08-15,Monterey,053,433212,7116,6162,19,6181,44
2020-08-15,Napa,055,140530,1357,1232,3,1235,10
2020-08-15,Nevada,057,99092,409,376,13,389,2
2020-08-15,Orange,059,3164182,47823,42811,1029,43840,801
2020-08-15,Placer,061,380077,2792,2551,4,2555,27
2020-08-15,Plumas,063,18699,39,33,0,33,0
2020-08-15,Riverside,065,2383286,50545,46720,48,46768,910
2020-08-15,Sacramento,067,1510023,16195,14018,14,14032,219
2020-08-15,San Benito,069,59416,916,805,0,805,2
2020-08-15,San Bernardino,071,2135413,46055,41231,242,41473,602
2020-08-15,San Diego,073,3302833,36357,34346,184,34530,639
2020-08-15,San Francisco,075,870044,8733,7601,9,7610,69
2020-08-15,San Joaquin,077,732212,17111,15113,27,15140,280
2020-08-15,San Luis Obispo,079,281455,2723,2461,15,2476,17
2020-08-15,San Mateo,081,765935,7763,6860,7,6867,118
2020-08-15,Santa Barbara,083,443738,8022,7338,69,7407,79
2020-08-15,Santa Clara,085,1922200,16391,14105,33,14138,183
2020-08-15,Santa Cruz,087,273765,1651,1449,13,1462,6
2020-08-15,Shasta,089,179085,573,458,3,461,9
2020-08-15,Sierra,091,2930,6,6,0,6,0
2020-08-15,Siskiyou,093,43540,117,100,0,100,0
2020-08-15,Solano,095,438530,5009,4477,32,4509,31
2020-08-15,Sonoma,097,501317,5002,4134,16,4150,45
2020-08-15,Stanislaus,099,539301,13998,12541,189,12730,149
2020-08-15,Sutter,101,95872,1169,1046,1,1047,8
2020-08-15,Tehama,103,63373,361,312,2,314,1
2020-08-15,Trinity,105,12862,36,6,6,12,0
2020-08-15,Tulare,107,460477,13441,12262,44,12306,211
2020-08-15,Tuolumne,109,53932,171,155,3,158,1
2020-08-15,Ventura,111,848112,10294,9379,50,9429,89
2020-08-15,Yolo,113,214977,2225,2031,4,2035,46
2020-08-15,Yuba,115,75493,731,623,2,625,1
2020-08-14,Alameda,001,1643700,16750,14909,118,15027,221
2020-08-14,Alpine,003,1148,2,2,0,2,0
2020-08-14,Amador,005,37829,258,209,0,209,9
2020-08-14,Butte,007,227075,1559,1384,17,1401,15
2020-08-14,Calaveras,009,45235,188,165,0,165,1
2020-08-14,Colusa,011,21464,426,399,0,399,5
2020-08-14,Contra Costa,013,1133247,12876,10893,40,10933,137
2020-08-14,Del Norte,015,27424,103,76,0,76,0
2020-08-14,El Dorado,017,186661,934,827,0,827,2
2020-08-14,Fresno,019,978130,25388,19900,254,20154,208
2020-08-14,Glenn,021,27897,420,395,0,395,2
2020-08-14,Humboldt,023,135768,339,294,1,295,4
2020-08-14,Imperial,025,180216,10895,8756,9,8765,185
2020-08-14,Inyo,027,18085,148,115,2,117,1
2020-08-14,Kern,029,883053,28227,25893,164,26057,249
2020-08-14,Kings,031,150075,5703,4953,31,4984,56
2020-08-14,Lake,033,64148,290,267,0,267,2
2020-08-14,Lassen,035,31185,709,665,2,667,0
2020-08-14,Los Angeles,037,10098052,226416,219083,846,219929,5222
2020-08-14,Madera,039,155013,3502,2876,20,2896,26
2020-08-14,Marin,041,260295,5862,5601,12,5613,46
2020-08-14,Mariposa,043,17540,70,61,0,61,2
2020-08-14,Mendocino,045,87422,513,432,0,432,8
2020-08-14,Merced,047,269075,7252,6466,6,6472,67
2020-08-14,Modoc,049,8938,7,5,0,5,0
2020-08-14,Mono,051,14174,162,126,2,128,1
2020-08-14,Monterey,053,433212,7065,6121,19,6140,41
2020-08-14,Napa,055,140530,1347,1230,3,1233,10
2020-08-14,Nevada,057,99092,405,377,13,390,2
2020-08-14,Orange,059,3164182,47673,42399,1016,43415,798
2020-08-14,Placer,061,380077,2773,2546,4,2550,26
2020-08-14,Plumas,063,18699,38,33,0,33,0
2020-08-14,Riverside,065,2383286,50316,46456,48,46504,891
2020-08-14,Sacramento,067,1510023,16045,13645,14,13659,212
2020-08-14,San Benito,069,59416,899,783,0,783,2
2020-08-14,San Bernardino,071,2135413,45868,40442,239,40681,594
2020-08-14,San Diego,073,3302833,36163,34067,177,34244,622
2020-08-14,San Francisco,075,870044,8674,7467,9,7476,69
2020-08-14,San Joaquin,077,732212,17011,14925,27,14952,276
2020-08-14,San Luis Obispo,079,281455,2708,2422,15,2437,17
2020-08-14,San Mateo,081,765935,7704,6655,7,6662,118
2020-08-14,Santa Barbara,083,443738,7972,7302,69,7371,77
2020-08-14,Santa Clara,085,1922200,16225,13785,32,13817,183
2020-08-14,Santa Cruz,087,273765,1629,1418,12,1430,6
2020-08-14,Shasta,089,179085,568,446,3,449,9
2020-08-14,Sierra,091,2930,6,5,0,5,0
2020-08-14,Siskiyou,093,43540,117,98,0,98,0
2020-08-14,Solano,095,438530,4988,4421,32,4453,31
2020-08-14,Sonoma,097,501317,4943,4087,13,4100,45
2020-08-14,Stanislaus,099,539301,13921,12379,185,12564,140
2020-08-14,Sutter,101,95872,1161,1039,1,1040,8
2020-08-14,Tehama,103,63373,357,305,2,307,1
2020-08-14,Trinity,105,12862,36,6,6,12,0
2020-08-14,Tulare,107,460477,13364,12009,44,12053,211
2020-08-14,Tuolumne,109,53932,170,155,3,158,1
2020-08-14,Ventura,111,848112,10219,9313,50,9363,89
2020-08-14,Yolo,113,214977,2211,1991,4,1995,45
2020-08-14,Yuba,115,75493,715,606,2,608,1
2020-08-13,Alameda,001,1643700,16473,14385,118,14503,218
2020-08-13,Alpine,003,1148,2,2,0,2,0
2020-08-13,Amador,005,37829,258,198,0,198,8
2020-08-13,Butte,007,227075,1534,1345,17,1362,15
2020-08-13,Calaveras,009,45235,186,162,0,162,1
2020-08-13,Colusa,011,21464,426,395,0,395,5
2020-08-13,Contra Costa,013,1133247,12722,10545,39,10584,136
2020-08-13,Del Norte,015,27424,102,74,0,74,0
2020-08-13,El Dorado,017,186661,929,803,0,803,2
2020-08-13,Fresno,019,978130,25161,19157,248,19405,201
2020-08-13,Glenn,021,27897,416,392,0,392,1
2020-08-13,Humboldt,023,135768,331,281,1,282,4
2020-08-13,Imperial,025,180216,10864,8640,9,8649,170
2020-08-13,Inyo,027,18085,144,97,2,99,1
2020-08-13,Kern,029,883053,28060,25472,161,25633,242
2020-08-13,Kings,031,150075,5668,4824,31,4855,52
2020-08-13,Lake,033,64148,285,263,0,263,2
2020-08-13,Lassen,035,31185,709,652,2,654,0
2020-08-13,Los Angeles,037,10098052,225039,216497,825,217322,5179
2020-08-13,Madera,039,155013,3458,2675,19,2694,25
2020-08-13,Marin,041,260295,5846,5503,12,5515,44
2020-08-13,Mariposa,043,17540,69,61,0,61,2
2020-08-13,Mendocino,045,87422,508,401,0,401,8
2020-08-13,Merced,047,269075,7135,5945,6,5951,63
2020-08-13,Modoc,049,8938,7,5,0,5,0
2020-08-13,Mono,051,14174,162,124,2,126,1
2020-08-13,Monterey,053,433212,6982,5925,19,5944,38
2020-08-13,Napa,055,140530,1338,1179,3,1182,10
2020-08-13,Nevada,057,99092,401,362,13,375,1
2020-08-13,Orange,059,3164182,47434,42019,1004,43023,773
2020-08-13,Placer,061,380077,2750,2460,4,2464,26
2020-08-13,Plumas,063,18699,38,32,0,32,0
2020-08-13,Riverside,065,2383286,50020,45327,48,45375,885
2020-08-13,Sacramento,067,1510023,15843,13237,14,13251,197
2020-08-13,San Benito,069,59416,870,757,0,757,2
2020-08-13,San Bernardino,071,2135413,45473,39395,233,39628,591
2020-08-13,San Diego,073,3302833,35927,33661,159,33820,627
2020-08-13,San Francisco,075,870044,8580,7277,9,7286,69
2020-08-13,San Joaquin,077,732212,16856,14537,26,14563,261
2020-08-13,San Luis Obispo,079,281455,2687,2283,15,2298,16
2020-08-13,San Mateo,081,765935,7642,6503,7,6510,117
2020-08-13,Santa Barbara,083,443738,7927,7129,68,7197,74
2020-08-13,Santa Clara,085,1922200,16002,13257,32,13289,182
2020-08-13,Santa Cruz,087,273765,1604,1383,12,1395,6
2020-08-13,Shasta,089,179085,563,428,3,431,9
2020-08-13,Sierra,091,2930,6,5,0,5,0
2020-08-13,Siskiyou,093,43540,117,95,0,95,0
2020-08-13,Solano,095,438530,4951,4305,32,4337,31
2020-08-13,Sonoma,097,501317,4869,3902,13,3915,45
2020-08-13,Stanislaus,099,539301,13791,11953,169,12122,136
2020-08-13,Sutter,101,95872,1139,992,1,993,8
2020-08-13,Tehama,103,63373,348,302,2,304,1
2020-08-13,Trinity,105,12862,35,6,6,12,0
2020-08-13,Tulare,107,460477,13220,11692,41,11733,210
2020-08-13,Tuolumne,109,53932,169,152,3,155,1
2020-08-13,Ventura,111,848112,10130,9114,50,9164,90
2020-08-13,Yolo,113,214977,2184,1938,4,1942,44
2020-08-13,Yuba,115,75493,699,568,2,570,1
2020-08-12,Alameda,001,1643700,16261,14214,118,14332,215
2020-08-12,Alpine,003,1148,2,2,0,2,0
2020-08-12,Amador,005,37829,255,197,0,197,8
2020-08-12,Butte,007,227075,1506,1317,17,1334,15
2020-08-12,Calaveras,009,45235,183,157,0,157,1
2020-08-12,Colusa,011,21464,421,394,0,394,5
2020-08-12,Contra Costa,013,1133247,12577,10304,38,10342,134
2020-08-12,Del Norte,015,27424,101,74,0,74,0
2020-08-12,El Dorado,017,186661,911,794,0,794,2
2020-08-12,Fresno,019,978130,24931,18690,242,18932,194
2020-08-12,Glenn,021,27897,413,388,0,388,1
2020-08-12,Humboldt,023,135768,324,281,1,282,4
2020-08-12,Imperial,025,180216,10841,8566,9,8575,167
2020-08-12,Inyo,027,18085,127,97,2,99,1
2020-08-12,Kern,029,883053,27868,25191,159,25350,232
2020-08-12,Kings,031,150075,5629,4736,31,4767,50
2020-08-12,Lake,033,64148,283,253,0,253,2
2020-08-12,Lassen,035,31185,708,651,2,653,0
2020-08-12,Los Angeles,037,10098052,223648,214542,809,215351,5119
2020-08-12,Madera,039,155013,3424,2681,17,2698,23
2020-08-12,Marin,041,260295,5824,5423,12,5435,44
2020-08-12,Mariposa,043,17540,69,61,0,61,2
2020-08-12,Mendocino,045,87422,489,386,0,386,9
2020-08-12,Merced,047,269075,7073,5777,6,5783,66
2020-08-12,Modoc,049,8938,7,5,0,5,0
2020-08-12,Mono,051,14174,161,124,2,126,1
2020-08-12,Monterey,053,433212,6878,5919,19,5938,38
2020-08-12,Napa,055,140530,1328,1161,3,1164,10
2020-08-12,Nevada,057,99092,396,357,13,370,1
2020-08-12,Orange,059,3164182,47183,41576,980,42556,754
2020-08-12,Placer,061,380077,2717,2417,4,2421,25
2020-08-12,Plumas,063,18699,38,31,0,31,0
2020-08-12,Riverside,065,2383286,49672,44747,48,44795,867
2020-08-12,Sacramento,067,1510023,15632,12528,14,12542,189
2020-08-12,San Benito,069,59416,857,751,0,751,2
2020-08-12,San Bernardino,071,2135413,45130,38811,224,39035,589
2020-08-12,San Diego,073,3302833,35718,33395,139,33534,608
2020-08-12,San Francisco,075,870044,8497,7194,9,7203,66
2020-08-12,San Joaquin,077,732212,16709,14154,26,14180,253
2020-08-12,San Luis Obispo,079,281455,2662,2263,15,2278,15
2020-08-12,San Mateo,081,765935,7563,6427,7,6434,117
2020-08-12,Santa Barbara,083,443738,7867,7049,66,7115,74
2020-08-12,Santa Clara,085,1922200,15826,13002,32,13034,182
2020-08-12,Santa Cruz,087,273765,1575,1382,11,1393,6
2020-08-12,Shasta,089,179085,559,417,3,420,9
2020-08-12,Sierra,091,2930,5,4,0,4,0
2020-08-12,Siskiyou,093,43540,116,90,0,90,0
2020-08-12,Solano,095,438530,4906,4258,32,4290,31
2020-08-12,Sonoma,097,501317,4795,3847,13,3860,47
2020-08-12,Stanislaus,099,539301,13652,11682,161,11843,136
2020-08-12,Sutter,101,95872,1115,987,1,988,7
2020-08-12,Tehama,103,63373,338,289,2,291,1
2020-08-12,Trinity,105,12862,34,6,6,12,0
2020-08-12,Tulare,107,460477,13092,11460,41,11501,211
2020-08-12,Tuolumne,109,53932,168,150,3,153,1
2020-08-12,Ventura,111,848112,10043,9005,50,9055,87
2020-08-12,Yolo,113,214977,2160,1921,4,1925,44
2020-08-12,Yuba,115,75493,677,549,1,550,1
2020-08-11,Alameda,001,1643700,16001,13960,115,14075,204
2020-08-11,Alpine,003,1148,2,2,0,2,0
2020-08-11,Amador,005,37829,249,187,0,187,3
2020-08-11,Butte,007,227075,1479,1296,17,1313,15
2020-08-11,Calaveras,009,45235,181,161,0,161,1
2020-08-11,Colusa,011,21464,416,390,0,390,5
2020-08-11,Contra Costa,013,1133247,12388,10012,36,10048,131
2020-08-11,Del Norte,015,27424,100,73,0,73,0
2020-08-11,El Dorado,017,186661,904,786,0,786,2
2020-08-11,Fresno,019,978130,24609,18344,239,18583,187
2020-08-11,Glenn,021,27897,411,380,0,380,1
2020-08-11,Humboldt,023,135768,319,283,1,284,4
2020-08-11,Imperial,025,180216,10786,8518,9,8527,165
2020-08-11,Inyo,027,18085,122,97,2,99,1
2020-08-11,Kern,029,883053,27533,25042,157,25199,230
2020-08-11,Kings,031,150075,5438,4696,31,4727,50
2020-08-11,Lake,033,64148,280,243,0,243,2
2020-08-11,Lassen,035,31185,702,605,2,607,0
2020-08-11,Los Angeles,037,10098052,222153,212421,785,213206,5065
2020-08-11,Madera,039,155013,3370,2673,17,2690,22
2020-08-11,Marin,041,260295,5796,5287,11,5298,44
2020-08-11,Mariposa,043,17540,68,60,0,60,2
2020-08-11,Mendocino,045,87422,479,385,0,385,9
2020-08-11,Merced,047,269075,6978,5322,5,5327,65
2020-08-11,Modoc,049,8938,7,5,0,5,0
2020-08-11,Mono,051,14174,161,124,2,126,1
2020-08-11,Monterey,053,433212,6770,5624,19,5643,36
2020-08-11,Napa,055,140530,1317,1143,2,1145,11
2020-08-11,Nevada,057,99092,393,358,13,371,1
2020-08-11,Orange,059,3164182,46963,41205,958,42163,742
2020-08-11,Placer,061,380077,2685,2393,4,2397,24
2020-08-11,Plumas,063,18699,38,31,0,31,0
2020-08-11,Riverside,065,2383286,49314,44237,48,44285,836
2020-08-11,Sacramento,067,1510023,15341,12298,14,12312,182
2020-08-11,San Benito,069,59416,845,750,0,750,2
2020-08-11,San Bernardino,071,2135413,44789,38467,217,38684,584
2020-08-11,San Diego,073,3302833,35451,33159,120,33279,602
2020-08-11,San Francisco,075,870044,8401,6988,9,6997,66
2020-08-11,San Joaquin,077,732212,16532,13997,21,14018,251
2020-08-11,San Luis Obispo,079,281455,2605,2234,15,2249,15
2020-08-11,San Mateo,081,765935,7488,6339,7,6346,117
2020-08-11,Santa Barbara,083,443738,7817,6942,66,7008,70
2020-08-11,Santa Clara,085,1922200,15605,12920,32,12952,183
2020-08-11,Santa Cruz,087,273765,1552,1352,11,1363,4
2020-08-11,Shasta,089,179085,555,416,3,419,9
2020-08-11,Sierra,091,2930,5,4,0,4,0
2020-08-11,Siskiyou,093,43540,116,90,0,90,0
2020-08-11,Solano,095,438530,4858,4206,31,4237,31
2020-08-11,Sonoma,097,501317,4701,3752,13,3765,45
2020-08-11,Stanislaus,099,539301,13548,11592,149,11741,128
2020-08-11,Sutter,101,95872,1093,964,1,965,7
2020-08-11,Tehama,103,63373,334,289,2,291,1
2020-08-11,Trinity,105,12862,34,5,6,11,0
2020-08-11,Tulare,107,460477,12967,11392,40,11432,201
2020-08-11,Tuolumne,109,53932,163,146,3,149,1
2020-08-11,Ventura,111,848112,9975,8953,49,9002,88
2020-08-11,Yolo,113,214977,2138,1912,4,1916,44
2020-08-11,Yuba,115,75493,666,540,1,541,1
2020-08-10,Alameda,001,1643700,15760,13420,114,13534,203
2020-08-10,Alpine,003,1148,2,2,0,2,0
2020-08-10,Amador,005,37829,248,172,0,172,2
2020-08-10,Butte,007,227075,1455,1174,15,1189,15
2020-08-10,Calaveras,009,45235,171,121,0,121,1
2020-08-10,Colusa,011,21464,414,387,0,387,4
2020-08-10,Contra Costa,013,1133247,12235,9454,34,9488,130
2020-08-10,Del Norte,015,27424,98,69,0,69,0
2020-08-10,El Dorado,017,186661,892,771,0,771,2
2020-08-10,Fresno,019,978130,24328,17978,238,18216,183
2020-08-10,Glenn,021,27897,408,381,0,381,1
2020-08-10,Humboldt,023,135768,313,277,1,278,4
2020-08-10,Imperial,025,180216,10742,8465,9,8474,165
2020-08-10,Inyo,027,18085,122,97,2,99,1
2020-08-10,Kern,029,883053,27307,24499,156,24655,215
2020-08-10,Kings,031,150075,5332,4588,31,4619,50
2020-08-10,Lake,033,64148,273,239,0,239,2
2020-08-10,Lassen,035,31185,702,588,2,590,0
2020-08-10,Los Angeles,037,10098052,220583,211035,767,211802,5003
2020-08-10,Madera,039,155013,3337,2365,16,2381,22
2020-08-10,Marin,041,260295,5751,5242,10,5252,44
2020-08-10,Mariposa,043,17540,68,57,0,57,2
2020-08-10,Mendocino,045,87422,455,364,0,364,1
2020-08-10,Merced,047,269075,6897,4913,5,4918,51
2020-08-10,Modoc,049,8938,7,5,0,5,0
2020-08-10,Mono,051,14174,161,123,2,125,1
2020-08-10,Monterey,053,433212,6660,5358,19,5377,34
2020-08-10,Napa,055,140530,1299,1084,2,1086,8
2020-08-10,Nevada,057,99092,385,356,13,369,1
2020-08-10,Orange,059,3164182,46693,40445,940,41385,721
2020-08-10,Placer,061,380077,2646,2298,4,2302,21
2020-08-10,Plumas,063,18699,38,27,0,27,0
2020-08-10,Riverside,065,2383286,48929,43296,47,43343,830
2020-08-10,Sacramento,067,1510023,15030,12059,14,12073,168
2020-08-10,San Benito,069,59416,832,743,0,743,2
2020-08-10,San Bernardino,071,2135413,44412,37367,208,37575,579
2020-08-10,San Diego,073,3302833,35185,32977,104,33081,594
2020-08-10,San Francisco,075,870044,8311,6816,8,6824,66
2020-08-10,San Joaquin,077,732212,16350,13308,21,13329,240
2020-08-10,San Luis Obispo,079,281455,2506,2208,14,2222,15
2020-08-10,San Mateo,081,765935,7411,6222,7,6229,117
2020-08-10,Santa Barbara,083,443738,7762,6869,66,6935,66
2020-08-10,Santa Clara,085,1922200,15345,12615,31,12646,182
2020-08-10,Santa Cruz,087,273765,1532,1239,10,1249,4
2020-08-10,Shasta,089,179085,551,384,3,387,9
2020-08-10,Sierra,091,2930,5,3,0,3,0
2020-08-10,Siskiyou,093,43540,113,88,0,88,0
2020-08-10,Solano,095,438530,4798,4101,31,4132,31
2020-08-10,Sonoma,097,501317,4532,3640,9,3649,42
2020-08-10,Stanislaus,099,539301,13366,10855,132,10987,106
2020-08-10,Sutter,101,95872,1068,865,1,866,7
2020-08-10,Tehama,103,63373,327,282,2,284,1
2020-08-10,Trinity,105,12862,31,5,6,11,0
2020-08-10,Tulare,107,460477,12794,10750,38,10788,194
2020-08-10,Tuolumne,109,53932,163,143,2,145,1
2020-08-10,Ventura,111,848112,9891,8851,48,8899,85
2020-08-10,Yolo,113,214977,2115,1840,4,1844,45
2020-08-10,Yuba,115,75493,649,527,1,528,1
2020-08-09,Alameda,001,1643700,15480,13241,112,13353,203
2020-08-09,Alpine,003,1148,2,2,0,2,0
2020-08-09,Amador,005,37829,243,153,0,153,2
2020-08-09,Butte,007,227075,1411,1155,15,1170,15
2020-08-09,Calaveras,009,45235,166,122,0,122,1
2020-08-09,Colusa,011,21464,410,371,0,371,4
2020-08-09,Contra Costa,013,1133247,12007,9214,33,9247,130
2020-08-09,Del Norte,015,27424,98,69,0,69,0
2020-08-09,El Dorado,017,186661,884,748,0,748,2
2020-08-09,Fresno,019,978130,24019,17846,234,18080,183
2020-08-09,Glenn,021,27897,406,354,0,354,1
2020-08-09,Humboldt,023,135768,307,279,1,280,4
2020-08-09,Imperial,025,180216,10699,8310,8,8318,165
2020-08-09,Inyo,027,18085,117,86,1,87,1
2020-08-09,Kern,029,883053,27051,23680,156,23836,215
2020-08-09,Kings,031,150075,5289,4446,30,4476,50
2020-08-09,Lake,033,64148,266,225,0,225,2
2020-08-09,Lassen,035,31185,696,589,2,591,0
2020-08-09,Los Angeles,037,10098052,218526,208810,745,209555,4984
2020-08-09,Madera,039,155013,3278,2322,12,2334,22
2020-08-09,Marin,041,260295,5708,5204,10,5214,44
2020-08-09,Mariposa,043,17540,66,56,0,56,2
2020-08-09,Mendocino,045,87422,445,283,0,283,1
2020-08-09,Merced,047,269075,6799,4735,4,4739,51
2020-08-09,Modoc,049,8938,7,4,0,4,0
2020-08-09,Mono,051,14174,160,113,2,115,1
2020-08-09,Monterey,053,433212,6536,5199,19,5218,34
2020-08-09,Napa,055,140530,1280,1062,2,1064,8
2020-08-09,Nevada,057,99092,377,332,13,345,1
2020-08-09,Orange,059,3164182,46394,39244,925,40169,722
2020-08-09,Placer,061,380077,2617,2211,4,2215,20
2020-08-09,Plumas,063,18699,38,27,0,27,0
2020-08-09,Riverside,065,2383286,48583,41894,47,41941,828
2020-08-09,Sacramento,067,1510023,14750,11301,14,11315,167
2020-08-09,San Benito,069,59416,813,687,0,687,2
2020-08-09,San Bernardino,071,2135413,43937,36092,208,36300,579
2020-08-09,San Diego,073,3302833,34894,32749,93,32842,594
2020-08-09,San Francisco,075,870044,8196,6820,8,6828,66
2020-08-09,San Joaquin,077,732212,16145,12933,20,12953,240
2020-08-09,San Luis Obispo,079,281455,2470,2124,14,2138,15
2020-08-09,San Mateo,081,765935,7316,6094,7,6101,117
2020-08-09,Santa Barbara,083,443738,7675,6669,66,6735,66
2020-08-09,Santa Clara,085,1922200,15075,11878,31,11909,181
2020-08-09,Santa Cruz,087,273765,1508,1246,10,1256,4
2020-08-09,Shasta,089,179085,547,361,3,364,9
2020-08-09,Sierra,091,2930,5,3,0,3,0
2020-08-09,Siskiyou,093,43540,112,74,0,74,0
2020-08-09,Solano,095,438530,4745,3954,30,3984,31
2020-08-09,Sonoma,097,501317,4396,3531,7,3538,41
2020-08-09,Stanislaus,099,539301,13158,10264,119,10383,106
2020-08-09,Sutter,101,95872,1034,857,1,858,7
2020-08-09,Tehama,103,63373,319,265,2,267,1
2020-08-09,Trinity,105,12862,31,5,6,11,0
2020-08-09,Tulare,107,460477,12602,10630,35,10665,194
2020-08-09,Tuolumne,109,53932,160,143,2,145,1
2020-08-09,Ventura,111,848112,9743,8633,47,8680,85
2020-08-09,Yolo,113,214977,2084,1765,4,1769,44
2020-08-09,Yuba,115,75493,629,442,1,443,1
2020-08-08,Alameda,001,1643700,15370,13087,112,13199,204
2020-08-08,Alpine,003,1148,2,2,0,2,0
2020-08-08,Amador,005,37829,243,139,0,139,2
2020-08-08,Butte,007,227075,1393,1140,15,1155,15
2020-08-08,Calaveras,009,45235,165,122,0,122,1
2020-08-08,Colusa,011,21464,409,368,0,368,4
2020-08-08,Contra Costa,013,1133247,11898,9104,33,9137,129
2020-08-08,Del Norte,015,27424,97,69,0,69,0
2020-08-08,El Dorado,017,186661,877,734,0,734,2
2020-08-08,Fresno,019,978130,23882,17538,232,17770,183
2020-08-08,Glenn,021,27897,406,344,0,344,1
2020-08-08,Humboldt,023,135768,304,277,1,278,4
2020-08-08,Imperial,025,180216,10684,8213,8,8221,165
2020-08-08,Inyo,027,18085,113,86,1,87,1
2020-08-08,Kern,029,883053,26937,22803,156,22959,215
2020-08-08,Kings,031,150075,5275,4367,30,4397,49
2020-08-08,Lake,033,64148,264,221,0,221,2
2020-08-08,Lassen,035,31185,696,589,2,591,0
2020-08-08,Los Angeles,037,10098052,217640,206971,734,207705,4974
2020-08-08,Madera,039,155013,3247,2275,12,2287,22
2020-08-08,Marin,041,260295,5688,5118,10,5128,44
2020-08-08,Mariposa,043,17540,65,55,0,55,2
2020-08-08,Mendocino,045,87422,443,264,0,264,1
2020-08-08,Merced,047,269075,6759,4570,4,4574,51
2020-08-08,Modoc,049,8938,7,4,0,4,0
2020-08-08,Mono,051,14174,160,113,2,115,1
2020-08-08,Monterey,053,433212,6478,5101,19,5120,33
2020-08-08,Napa,055,140530,1272,1062,2,1064,8
2020-08-08,Nevada,057,99092,375,325,13,338,1
2020-08-08,Orange,059,3164182,46264,38688,916,39604,718
2020-08-08,Placer,061,380077,2600,2153,4,2157,20
2020-08-08,Plumas,063,18699,38,27,0,27,0
2020-08-08,Riverside,065,2383286,48379,41412,47,41459,823
2020-08-08,Sacramento,067,1510023,14621,11144,14,11158,166
2020-08-08,San Benito,069,59416,805,684,0,684,2
2020-08-08,San Bernardino,071,2135413,43741,35691,207,35898,531
2020-08-08,San Diego,073,3302833,34705,32332,84,32416,593
2020-08-08,San Francisco,075,870044,8130,6820,8,6828,66
2020-08-08,San Joaquin,077,732212,16064,12559,19,12578,240
2020-08-08,San Luis Obispo,079,281455,2447,2081,14,2095,15
2020-08-08,San Mateo,081,765935,7258,6021,7,6028,117
2020-08-08,Santa Barbara,083,443738,7637,6598,66,6664,66
2020-08-08,Santa Clara,085,1922200,14923,11615,31,11646,181
2020-08-08,Santa Cruz,087,273765,1494,1247,10,1257,4
2020-08-08,Shasta,089,179085,545,343,3,346,9
2020-08-08,Sierra,091,2930,5,3,0,3,0
2020-08-08,Siskiyou,093,43540,112,73,0,73,0
2020-08-08,Solano,095,438530,4724,3889,29,3918,31
2020-08-08,Sonoma,097,501317,4364,3399,7,3406,41
2020-08-08,Stanislaus,099,539301,13083,9963,113,10076,105
2020-08-08,Sutter,101,95872,1024,830,1,831,7
2020-08-08,Tehama,103,63373,318,251,2,253,1
2020-08-08,Trinity,105,12862,31,5,6,11,0
2020-08-08,Tulare,107,460477,12526,10505,35,10540,192
2020-08-08,Tuolumne,109,53932,160,143,2,145,1
2020-08-08,Ventura,111,848112,9688,8462,46,8508,85
2020-08-08,Yolo,113,214977,2071,1725,4,1729,44
2020-08-08,Yuba,115,75493,620,430,1,431,1
2020-08-07,Alameda,001,1643700,15260,12805,112,12917,204
2020-08-07,Alpine,003,1148,2,2,0,2,0
2020-08-07,Amador,005,37829,241,125,0,125,2
2020-08-07,Butte,007,227075,1375,1092,15,1107,13
2020-08-07,Calaveras,009,45235,165,119,0,119,1
2020-08-07,Colusa,011,21464,408,358,0,358,4
2020-08-07,Contra Costa,013,1133247,11749,8810,33,8843,126
2020-08-07,Del Norte,015,27424,97,69,0,69,0
2020-08-07,El Dorado,017,186661,872,724,0,724,2
2020-08-07,Fresno,019,978130,23722,17290,232,17522,171
2020-08-07,Glenn,021,27897,405,339,0,339,1
2020-08-07,Humboldt,023,135768,300,274,1,275,4
2020-08-07,Imperial,025,180216,10659,8085,8,8093,164
2020-08-07,Inyo,027,18085,112,81,1,82,1
2020-08-07,Kern,029,883053,26811,22143,153,22296,206
2020-08-07,Kings,031,150075,5258,4315,30,4345,48
2020-08-07,Lake,033,64148,262,215,0,215,1
2020-08-07,Lassen,035,31185,695,588,2,590,0
2020-08-07,Los Angeles,037,10098052,216188,204406,722,205128,4924
2020-08-07,Madera,039,155013,3215,2245,12,2257,20
2020-08-07,Marin,041,260295,5659,5094,10,5104,43
2020-08-07,Mariposa,043,17540,65,53,0,53,2
2020-08-07,Mendocino,045,87422,429,262,0,262,1
2020-08-07,Merced,047,269075,6716,4358,4,4362,30
2020-08-07,Modoc,049,8938,7,4,0,4,0
2020-08-07,Mono,051,14174,160,112,2,114,1
2020-08-07,Monterey,053,433212,6403,5041,19,5060,33
2020-08-07,Napa,055,140530,1267,1055,2,1057,8
2020-08-07,Nevada,057,99092,372,324,13,337,1
2020-08-07,Orange,059,3164182,46052,38459,899,39358,701
2020-08-07,Placer,061,380077,2582,2078,4,2082,20
2020-08-07,Plumas,063,18699,38,25,0,25,0
2020-08-07,Riverside,065,2383286,48116,40902,46,40948,810
2020-08-07,Sacramento,067,1510023,14476,10798,14,10812,160
2020-08-07,San Benito,069,59416,799,647,0,647,2
2020-08-07,San Bernardino,071,2135413,43494,35200,206,35406,524
2020-08-07,San Diego,073,3302833,34520,31781,81,31862,586
2020-08-07,San Francisco,075,870044,8052,6765,8,6773,66
2020-08-07,San Joaquin,077,732212,15979,12392,19,12411,223
2020-08-07,San Luis Obispo,079,281455,2416,2050,14,2064,14
2020-08-07,San Mateo,081,765935,7199,5948,7,5955,117
2020-08-07,Santa Barbara,083,443738,7586,6509,66,6575,66
2020-08-07,Santa Clara,085,1922200,14724,11409,31,11440,180
2020-08-07,Santa Cruz,087,273765,1476,1234,10,1244,5
2020-08-07,Shasta,089,179085,540,342,3,345,9
2020-08-07,Sierra,091,2930,5,3,0,3,0
2020-08-07,Siskiyou,093,43540,109,73,0,73,0
2020-08-07,Solano,095,438530,4692,3844,28,3872,31
2020-08-07,Sonoma,097,501317,4300,3329,7,3336,34
2020-08-07,Stanislaus,099,539301,12961,9665,103,9768,98
2020-08-07,Sutter,101,95872,1020,807,1,808,6
2020-08-07,Tehama,103,63373,314,246,2,248,1
2020-08-07,Trinity,105,12862,30,5,6,11,0
2020-08-07,Tulare,107,460477,12449,10292,35,10327,195
2020-08-07,Tuolumne,109,53932,159,136,2,138,1
2020-08-07,Ventura,111,848112,9628,8356,44,8400,84
2020-08-07,Yolo,113,214977,2044,1689,4,1693,37
2020-08-07,Yuba,115,75493,615,413,1,414,1
2020-08-06,Alameda,001,1643700,15038,12474,111,12585,200
2020-08-06,Alpine,003,1148,2,2,0,2,0
2020-08-06,Amador,005,37829,227,125,0,125,0
2020-08-06,Butte,007,227075,1356,1060,15,1075,13
2020-08-06,Calaveras,009,45235,163,117,0,117,1
2020-08-06,Colusa,011,21464,405,358,0,358,3
2020-08-06,Contra Costa,013,1133247,11555,8583,32,8615,124
2020-08-06,Del Norte,015,27424,97,69,0,69,0
2020-08-06,El Dorado,017,186661,861,703,0,703,1
2020-08-06,Fresno,019,978130,23424,17031,225,17256,161
2020-08-06,Glenn,021,27897,400,332,0,332,1
2020-08-06,Humboldt,023,135768,295,266,1,267,4
2020-08-06,Imperial,025,180216,10616,8064,8,8072,163
2020-08-06,Inyo,027,18085,104,83,1,84,1
2020-08-06,Kern,029,883053,26575,21843,152,21995,197
2020-08-06,Kings,031,150075,5196,4264,29,4293,47
2020-08-06,Lake,033,64148,259,209,0,209,1
2020-08-06,Lassen,035,31185,693,588,2,590,0
2020-08-06,Los Angeles,037,10098052,214122,201372,706,202078,4874
2020-08-06,Madera,039,155013,3167,2240,11,2251,19
2020-08-06,Marin,041,260295,5627,5058,10,5068,43
2020-08-06,Mariposa,043,17540,64,52,0,52,2
2020-08-06,Mendocino,045,87422,415,260,0,260,1
2020-08-06,Merced,047,269075,6615,4235,4,4239,30
2020-08-06,Modoc,049,8938,7,4,0,4,0
2020-08-06,Mono,051,14174,159,111,2,113,1
2020-08-06,Monterey,053,433212,6294,5001,18,5019,33
2020-08-06,Napa,055,140530,1253,1032,2,1034,8
2020-08-06,Nevada,057,99092,367,321,13,334,1
2020-08-06,Orange,059,3164182,45759,38399,894,39293,694
2020-08-06,Placer,061,380077,2556,2045,4,2049,20
2020-08-06,Plumas,063,18699,37,25,0,25,0
2020-08-06,Riverside,065,2383286,47721,40269,46,40315,781
2020-08-06,Sacramento,067,1510023,14247,10548,14,10562,153
2020-08-06,San Benito,069,59416,791,626,0,626,2
2020-08-06,San Bernardino,071,2135413,43090,34819,204,35023,516
2020-08-06,San Diego,073,3302833,34253,31129,74,31203,583
2020-08-06,San Francisco,075,870044,7959,6737,7,6744,60
2020-08-06,San Joaquin,077,732212,15820,12269,19,12288,203
2020-08-06,San Luis Obispo,079,281455,2392,2000,13,2013,13
2020-08-06,San Mateo,081,765935,7099,5885,7,5892,117
2020-08-06,Santa Barbara,083,443738,7526,6620,66,6686,65
2020-08-06,Santa Clara,085,1922200,14495,11280,31,11311,178
2020-08-06,Santa Cruz,087,273765,1455,1215,10,1225,4
2020-08-06,Shasta,089,179085,531,343,3,346,9
2020-08-06,Sierra,091,2930,5,3,0,3,0
2020-08-06,Siskiyou,093,43540,109,73,0,73,0
2020-08-06,Solano,095,438530,4649,3784,28,3812,29
2020-08-06,Sonoma,097,501317,4236,3259,7,3266,33
2020-08-06,Stanislaus,099,539301,12811,9566,87,9653,98
2020-08-06,Sutter,101,95872,989,797,1,798,6
2020-08-06,Tehama,103,63373,311,242,2,244,1
2020-08-06,Trinity,105,12862,27,5,6,11,0
2020-08-06,Tulare,107,460477,12290,10169,35,10204,195
2020-08-06,Tuolumne,109,53932,158,136,2,138,1
2020-08-06,Ventura,111,848112,9513,8245,41,8286,80
2020-08-06,Yolo,113,214977,2020,1662,4,1666,36
2020-08-06,Yuba,115,75493,606,407,0,407,1
2020-08-05,Alameda,001,1643700,14824,12140,111,12251,193
2020-08-05,Alpine,003,1148,2,2,0,2,0
2020-08-05,Amador,005,37829,217,123,0,123,0
2020-08-05,Butte,007,227075,1322,1038,14,1052,13
2020-08-05,Calaveras,009,45235,160,116,0,116,1
2020-08-05,Colusa,011,21464,401,354,0,354,3
2020-08-05,Contra Costa,013,1133247,11391,8362,32,8394,122
2020-08-05,Del Norte,015,27424,96,69,0,69,0
2020-08-05,El Dorado,017,186661,853,692,0,692,1
2020-08-05,Fresno,019,978130,23179,16625,220,16845,159
2020-08-05,Glenn,021,27897,397,330,0,330,1
2020-08-05,Humboldt,023,135768,293,249,1,250,4
2020-08-05,Imperial,025,180216,10581,8036,8,8044,163
2020-08-05,Inyo,027,18085,102,62,1,63,1
2020-08-05,Kern,029,883053,26387,21540,147,21687,194
2020-08-05,Kings,031,150075,5151,4192,27,4219,47
2020-08-05,Lake,033,64148,252,209,0,209,1
2020-08-05,Lassen,035,31185,646,557,2,559,0
2020-08-05,Los Angeles,037,10098052,212209,198355,687,199042,4832
2020-08-05,Madera,039,155013,3125,2172,11,2183,19
2020-08-05,Marin,041,260295,5595,5036,10,5046,43
2020-08-05,Mariposa,043,17540,64,52,0,52,2
2020-08-05,Mendocino,045,87422,403,248,0,248,1
2020-08-05,Merced,047,269075,6480,4119,4,4123,30
2020-08-05,Modoc,049,8938,7,3,0,3,0
2020-08-05,Mono,051,14174,159,104,2,106,1
2020-08-05,Monterey,053,433212,6179,4936,18,4954,32
2020-08-05,Napa,055,140530,1241,1020,2,1022,8
2020-08-05,Nevada,057,99092,358,327,13,340,2
2020-08-05,Orange,059,3164182,45450,37907,886,38793,663
2020-08-05,Placer,061,380077,2515,1989,4,1993,18
2020-08-05,Plumas,063,18699,36,25,0,25,0
2020-08-05,Riverside,065,2383286,47329,39454,44,39498,761
2020-08-05,Sacramento,067,1510023,14028,10261,13,10274,151
2020-08-05,San Benito,069,59416,782,613,0,613,2
2020-08-05,San Bernardino,071,2135413,42628,34442,199,34641,504
2020-08-05,San Diego,073,3302833,34029,30866,58,30924,578
2020-08-05,San Francisco,075,870044,7866,6701,7,6708,60
2020-08-05,San Joaquin,077,732212,15657,12148,19,12167,199
2020-08-05,San Luis Obispo,079,281455,2369,1928,13,1941,13
2020-08-05,San Mateo,081,765935,7003,5695,7,5702,116
2020-08-05,Santa Barbara,083,443738,7465,6597,66,6663,63
2020-08-05,Santa Clara,085,1922200,14261,11074,31,11105,176
2020-08-05,Santa Cruz,087,273765,1435,1192,8,1200,4
2020-08-05,Shasta,089,179085,525,338,3,341,9
2020-08-05,Sierra,091,2930,5,3,0,3,0
2020-08-05,Siskiyou,093,43540,105,72,0,72,0
2020-08-05,Solano,095,438530,4598,3750,27,3777,29
2020-08-05,Sonoma,097,501317,4154,3173,7,3180,33
2020-08-05,Stanislaus,099,539301,12652,9408,82,9490,97
2020-08-05,Sutter,101,95872,978,780,1,781,6
2020-08-05,Tehama,103,63373,308,231,2,233,1
2020-08-05,Trinity,105,12862,27,5,6,11,0
2020-08-05,Tulare,107,460477,12150,9924,35,9959,192
2020-08-05,Tuolumne,109,53932,158,137,2,139,0
2020-08-05,Ventura,111,848112,9397,8162,37,8199,75
2020-08-05,Yolo,113,214977,1992,1634,4,1638,36
2020-08-05,Yuba,115,75493,589,400,0,400,1
2020-08-04,Alameda,001,1643700,14607,11983,110,12093,192
2020-08-04,Alpine,003,1148,2,2,0,2,0
2020-08-04,Amador,005,37829,202,123,0,123,0
2020-08-04,Butte,007,227075,1298,1011,14,1025,10
2020-08-04,Calaveras,009,45235,156,116,0,116,1
2020-08-04,Colusa,011,21464,396,354,0,354,3
2020-08-04,Contra Costa,013,1133247,11224,8210,32,8242,122
2020-08-04,Del Norte,015,27424,94,69,0,69,0
2020-08-04,El Dorado,017,186661,843,668,0,668,1
2020-08-04,Fresno,019,978130,22895,16272,212,16484,154
2020-08-04,Glenn,021,27897,396,325,0,325,1
2020-08-04,Humboldt,023,135768,283,241,1,242,4
2020-08-04,Imperial,025,180216,10544,7974,8,7982,163
2020-08-04,Inyo,027,18085,88,59,1,60,1
2020-08-04,Kern,029,883053,26104,21403,147,21550,190
2020-08-04,Kings,031,150075,5086,4163,27,4190,47
2020-08-04,Lake,033,64148,252,206,0,206,1
2020-08-04,Lassen,035,31185,643,556,2,558,0
2020-08-04,Los Angeles,037,10098052,210284,196014,656,196670,4764
2020-08-04,Madera,039,155013,3081,2161,7,2168,19
2020-08-04,Marin,041,260295,5564,5020,9,5029,43
2020-08-04,Mariposa,043,17540,64,51,0,51,2
2020-08-04,Mendocino,045,87422,378,248,0,248,1
2020-08-04,Merced,047,269075,6366,4085,4,4089,30
2020-08-04,Modoc,049,8938,7,3,0,3,0
2020-08-04,Mono,051,14174,158,104,1,105,1
2020-08-04,Monterey,053,433212,6065,4892,18,4910,32
2020-08-04,Napa,055,140530,1228,994,0,994,8
2020-08-04,Nevada,057,99092,357,322,13,335,2
2020-08-04,Orange,059,3164182,45074,37844,880,38724,659
2020-08-04,Placer,061,380077,2478,1964,4,1968,17
2020-08-04,Plumas,063,18699,36,25,0,25,0
2020-08-04,Riverside,065,2383286,46944,38991,43,39034,743
2020-08-04,Sacramento,067,1510023,13810,10205,13,10218,146
2020-08-04,San Benito,069,59416,766,608,0,608,2
2020-08-04,San Bernardino,071,2135413,42079,34215,194,34409,495
2020-08-04,San Diego,073,3302833,33736,30518,46,30564,568
2020-08-04,San Francisco,075,870044,7778,6568,7,6575,60
2020-08-04,San Joaquin,077,732212,15528,12087,16,12103,189
2020-08-04,San Luis Obispo,079,281455,2339,1886,13,1899,13
2020-08-04,San Mateo,081,765935,6897,5690,7,5697,116
2020-08-04,Santa Barbara,083,443738,7405,6591,66,6657,61
2020-08-04,Santa Clara,085,1922200,13960,10986,30,11016,175
2020-08-04,Santa Cruz,087,273765,1416,1202,8,1210,4
2020-08-04,Shasta,089,179085,519,335,3,338,9
2020-08-04,Sierra,091,2930,5,1,0,1,0
2020-08-04,Siskiyou,093,43540,103,71,0,71,0
2020-08-04,Solano,095,438530,4527,3690,27,3717,29
2020-08-04,Sonoma,097,501317,4087,3108,7,3115,33
2020-08-04,Stanislaus,099,539301,12484,9359,74,9433,97
2020-08-04,Sutter,101,95872,964,761,1,762,6
2020-08-04,Tehama,103,63373,301,226,2,228,1
2020-08-04,Trinity,105,12862,27,5,6,11,0
2020-08-04,Tulare,107,460477,11970,9866,35,9901,192
2020-08-04,Tuolumne,109,53932,157,127,2,129,0
2020-08-04,Ventura,111,848112,9283,8134,35,8169,75
2020-08-04,Yolo,113,214977,1966,1626,4,1630,37
2020-08-04,Yuba,115,75493,574,398,0,398,1
2020-08-03,Alameda,001,1643700,14423,11817,106,11923,189
2020-08-03,Alpine,003,1148,2,2,0,2,0
2020-08-03,Amador,005,37829,198,119,0,119,0
2020-08-03,Butte,007,227075,1252,989,13,1002,9
2020-08-03,Calaveras,009,45235,153,117,0,117,1
2020-08-03,Colusa,011,21464,392,336,0,336,2
2020-08-03,Contra Costa,013,1133247,11027,8069,29,8098,120
2020-08-03,Del Norte,015,27424,90,68,0,68,0
2020-08-03,El Dorado,017,186661,832,645,0,645,1
2020-08-03,Fresno,019,978130,22601,15945,206,16151,151
2020-08-03,Glenn,021,27897,389,316,0,316,1
2020-08-03,Humboldt,023,135768,276,234,1,235,4
2020-08-03,Imperial,025,180216,10490,7953,8,7961,161
2020-08-03,Inyo,027,18085,85,57,1,58,1
2020-08-03,Kern,029,883053,25737,21285,140,21425,176
2020-08-03,Kings,031,150075,4974,4107,26,4133,47
2020-08-03,Lake,033,64148,245,201,0,201,1
2020-08-03,Lassen,035,31185,643,555,2,557,0
2020-08-03,Los Angeles,037,10098052,208257,194103,625,194728,4706
2020-08-03,Madera,039,155013,3032,2143,6,2149,18
2020-08-03,Marin,041,260295,5517,5001,9,5010,43
2020-08-03,Mariposa,043,17540,63,52,0,52,2
2020-08-03,Mendocino,045,87422,355,248,0,248,1
2020-08-03,Merced,047,269075,6244,4028,4,4032,29
2020-08-03,Modoc,049,8938,7,2,0,2,0
2020-08-03,Mono,051,14174,158,104,1,105,1
2020-08-03,Monterey,053,433212,5914,4806,15,4821,28
2020-08-03,Napa,055,140530,1214,973,0,973,8
2020-08-03,Nevada,057,99092,352,315,13,328,2
2020-08-03,Orange,059,3164182,44680,37705,870,38575,651
2020-08-03,Placer,061,380077,2423,1947,3,1950,16
2020-08-03,Plumas,063,18699,36,25,0,25,0
2020-08-03,Riverside,065,2383286,46476,38642,43,38685,740
2020-08-03,Sacramento,067,1510023,13615,10143,13,10156,142
2020-08-03,San Benito,069,59416,754,603,0,603,2
2020-08-03,San Bernardino,071,2135413,41552,33979,188,34167,444
2020-08-03,San Diego,073,3302833,33422,30228,36,30264,565
2020-08-03,San Francisco,075,870044,7684,6319,7,6326,60
2020-08-03,San Joaquin,077,732212,15331,12007,15,12022,189
2020-08-03,San Luis Obispo,079,281455,2297,1863,10,1873,14
2020-08-03,San Mateo,081,765935,6816,5661,7,5668,115
2020-08-03,Santa Barbara,083,443738,7360,6580,66,6646,59
2020-08-03,Santa Clara,085,1922200,13684,10747,30,10777,172
2020-08-03,Santa Cruz,087,273765,1396,1154,8,1162,4
2020-08-03,Shasta,089,179085,512,322,3,325,9
2020-08-03,Sierra,091,2930,5,1,0,1,0
2020-08-03,Siskiyou,093,43540,99,67,0,67,0
2020-08-03,Solano,095,438530,4458,3610,26,3636,29
2020-08-03,Sonoma,097,501317,3986,3079,6,3085,33
2020-08-03,Stanislaus,099,539301,12275,9308,66,9374,96
2020-08-03,Sutter,101,95872,940,713,1,714,6
2020-08-03,Tehama,103,63373,293,225,2,227,1
2020-08-03,Trinity,105,12862,27,5,6,11,0
2020-08-03,Tulare,107,460477,11786,9703,35,9738,188
2020-08-03,Tuolumne,109,53932,157,123,2,125,0
2020-08-03,Ventura,111,848112,9192,8084,32,8116,74
2020-08-03,Yolo,113,214977,1931,1598,3,1601,37
2020-08-03,Yuba,115,75493,550,393,0,393,1
2020-08-02,Alameda,001,1643700,14176,11696,94,11790,188
2020-08-02,Alpine,003,1148,2,2,0,2,0
2020-08-02,Amador,005,37829,193,117,0,117,0
2020-08-02,Butte,007,227075,1217,987,13,1000,9
2020-08-02,Calaveras,009,45235,150,116,0,116,1
2020-08-02,Colusa,011,21464,387,335,0,335,2
2020-08-02,Contra Costa,013,1133247,10788,7995,29,8024,118
2020-08-02,Del Norte,015,27424,89,68,0,68,0
2020-08-02,El Dorado,017,186661,822,643,0,643,1
2020-08-02,Fresno,019,978130,22326,15759,200,15959,151
2020-08-02,Glenn,021,27897,388,315,0,315,1
2020-08-02,Humboldt,023,135768,271,232,1,233,4
2020-08-02,Imperial,025,180216,10427,7919,7,7926,157
2020-08-02,Inyo,027,18085,84,45,1,46,1
2020-08-02,Kern,029,883053,25439,21162,138,21300,176
2020-08-02,Kings,031,150075,4912,3964,25,3989,47
2020-08-02,Lake,033,64148,240,201,0,201,1
2020-08-02,Lassen,035,31185,643,555,2,557,0
2020-08-02,Los Angeles,037,10098052,206177,192480,607,193087,4698
2020-08-02,Madera,039,155013,2966,2123,4,2127,18
2020-08-02,Marin,041,260295,5482,4985,9,4994,43
2020-08-02,Mariposa,043,17540,61,52,0,52,2
2020-08-02,Mendocino,045,87422,345,247,0,247,1
2020-08-02,Merced,047,269075,6103,4011,4,4015,29
2020-08-02,Modoc,049,8938,7,2,0,2,0
2020-08-02,Mono,051,14174,151,104,1,105,1
2020-08-02,Monterey,053,433212,5788,4698,15,4713,28
2020-08-02,Napa,055,140530,1198,956,0,956,8
2020-08-02,Nevada,057,99092,349,314,13,327,2
2020-08-02,Orange,059,3164182,44299,37266,859,38125,651
2020-08-02,Placer,061,380077,2384,1920,3,1923,15
2020-08-02,Plumas,063,18699,36,25,0,25,0
2020-08-02,Riverside,065,2383286,46043,38507,42,38549,735
2020-08-02,Sacramento,067,1510023,13336,10099,13,10112,142
2020-08-02,San Benito,069,59416,740,599,0,599,2
2020-08-02,San Bernardino,071,2135413,40951,33643,184,33827,443
2020-08-02,San Diego,073,3302833,33082,29885,27,29912,565
2020-08-02,San Francisco,075,870044,7566,6297,7,6304,60
2020-08-02,San Joaquin,077,732212,15045,11937,13,11950,189
2020-08-02,San Luis Obispo,079,281455,2234,1821,10,1831,14
2020-08-02,San Mateo,081,765935,6701,5618,7,5625,115
2020-08-02,Santa Barbara,083,443738,7269,6532,66,6598,59
2020-08-02,Santa Clara,085,1922200,13466,10577,30,10607,172
2020-08-02,Santa Cruz,087,273765,1376,1162,8,1170,4
2020-08-02,Shasta,089,179085,508,318,3,321,9
2020-08-02,Sierra,091,2930,4,1,0,1,0
2020-08-02,Siskiyou,093,43540,99,65,0,65,0
2020-08-02,Solano,095,438530,4399,3609,26,3635,29
2020-08-02,Sonoma,097,501317,3903,3005,6,3011,33
2020-08-02,Stanislaus,099,539301,12060,9277,61,9338,96
2020-08-02,Sutter,101,95872,905,714,1,715,6
2020-08-02,Tehama,103,63373,287,222,2,224,1
2020-08-02,Trinity,105,12862,27,5,6,11,0
2020-08-02,Tulare,107,460477,11577,9593,35,9628,188
2020-08-02,Tuolumne,109,53932,154,123,2,125,0
2020-08-02,Ventura,111,848112,9045,8014,32,8046,73
2020-08-02,Yolo,113,214977,1906,1588,3,1591,37
2020-08-02,Yuba,115,75493,530,393,0,393,1
2020-08-01,Alameda,001,1643700,14064,11590,94,11684,188
2020-08-01,Alpine,003,1148,2,2,0,2,0
2020-08-01,Amador,005,37829,189,109,0,109,0
2020-08-01,Butte,007,227075,1203,976,13,989,9
2020-08-01,Calaveras,009,45235,146,116,0,116,1
2020-08-01,Colusa,011,21464,386,327,0,327,2
2020-08-01,Contra Costa,013,1133247,10655,7867,28,7895,116
2020-08-01,Del Norte,015,27424,89,68,0,68,0
2020-08-01,El Dorado,017,186661,819,637,0,637,1
2020-08-01,Fresno,019,978130,22189,15448,200,15648,149
2020-08-01,Glenn,021,27897,387,311,0,311,1
2020-08-01,Humboldt,023,135768,270,232,1,233,4
2020-08-01,Imperial,025,180216,10391,7919,7,7926,156
2020-08-01,Inyo,027,18085,82,45,1,46,1
2020-08-01,Kern,029,883053,25279,20796,134,20930,176
2020-08-01,Kings,031,150075,4886,3948,25,3973,47
2020-08-01,Lake,033,64148,238,194,0,194,1
2020-08-01,Lassen,035,31185,642,555,2,557,0
2020-08-01,Los Angeles,037,10098052,205284,191023,580,191603,4674
2020-08-01,Madera,039,155013,2927,2103,4,2107,18
2020-08-01,Marin,041,260295,5467,4945,9,4954,43
2020-08-01,Mariposa,043,17540,61,50,0,50,2
2020-08-01,Mendocino,045,87422,338,243,0,243,1
2020-08-01,Merced,047,269075,6055,3972,4,3976,29
2020-08-01,Modoc,049,8938,7,2,0,2,0
2020-08-01,Mono,051,14174,150,104,1,105,1
2020-08-01,Monterey,053,433212,5721,4611,14,4625,28
2020-08-01,Napa,055,140530,1189,923,0,923,8
2020-08-01,Nevada,057,99092,345,305,13,318,2
2020-08-01,Orange,059,3164182,44072,36703,853,37556,648
2020-08-01,Placer,061,380077,2350,1891,3,1894,14
2020-08-01,Plumas,063,18699,35,25,0,25,0
2020-08-01,Riverside,065,2383286,45831,38216,40,38256,704
2020-08-01,Sacramento,067,1510023,13185,10044,13,10057,141
2020-08-01,San Benito,069,59416,729,579,0,579,2
2020-08-01,San Bernardino,071,2135413,40715,32947,183,33130,440
2020-08-01,San Diego,073,3302833,32865,29579,19,29598,565
2020-08-01,San Francisco,075,870044,7504,6296,7,6303,60
2020-08-01,San Joaquin,077,732212,14972,11807,12,11819,189
2020-08-01,San Luis Obispo,079,281455,2207,1798,10,1808,13
2020-08-01,San Mateo,081,765935,6647,5520,7,5527,115
2020-08-01,Santa Barbara,083,443738,7229,6465,66,6531,59
2020-08-01,Santa Clara,085,1922200,13315,10281,29,10310,171
2020-08-01,Santa Cruz,087,273765,1360,1164,8,1172,4
2020-08-01,Shasta,089,179085,503,312,3,315,9
2020-08-01,Sierra,091,2930,3,1,0,1,0
2020-08-01,Siskiyou,093,43540,99,64,0,64,0
2020-08-01,Solano,095,438530,4365,3591,25,3616,29
2020-08-01,Sonoma,097,501317,3857,2890,6,2896,29
2020-08-01,Stanislaus,099,539301,11942,9221,53,9274,96
2020-08-01,Sutter,101,95872,901,714,1,715,6
2020-08-01,Tehama,103,63373,284,220,2,222,1
2020-08-01,Trinity,105,12862,27,5,6,11,0
2020-08-01,Tulare,107,460477,11509,9520,35,9555,188
2020-08-01,Tuolumne,109,53932,154,123,2,125,0
2020-08-01,Ventura,111,848112,8999,7819,32,7851,73
2020-08-01,Yolo,113,214977,1896,1557,3,1560,37
2020-08-01,Yuba,115,75493,525,387,0,387,1
2020-07-31,Alameda,001,1643700,13933,11441,94,11535,187
2020-07-31,Alpine,003,1148,2,2,0,2,0
2020-07-31,Amador,005,37829,188,98,0,98,0
2020-07-31,Butte,007,227075,1180,925,13,938,7
2020-07-31,Calaveras,009,45235,146,112,0,112,1
2020-07-31,Colusa,011,21464,376,319,0,319,2
2020-07-31,Contra Costa,013,1133247,10507,7697,27,7724,113
2020-07-31,Del Norte,015,27424,88,68,0,68,0
2020-07-31,El Dorado,017,186661,808,616,0,616,1
2020-07-31,Fresno,019,978130,21969,15083,200,15283,133
2020-07-31,Glenn,021,27897,380,304,0,304,1
2020-07-31,Humboldt,023,135768,263,229,1,230,4
2020-07-31,Imperial,025,180216,10359,7886,7,7893,155
2020-07-31,Inyo,027,18085,72,45,1,46,1
2020-07-31,Kern,029,883053,25038,20061,130,20191,173
2020-07-31,Kings,031,150075,4858,3807,25,3832,45
2020-07-31,Lake,033,64148,237,191,0,191,1
2020-07-31,Lassen,035,31185,637,544,2,546,0
2020-07-31,Los Angeles,037,10098052,203684,188688,567,189255,4628
2020-07-31,Madera,039,155013,2880,2036,4,2040,19
2020-07-31,Marin,041,260295,5423,4885,6,4891,43
2020-07-31,Mariposa,043,17540,61,49,0,49,2
2020-07-31,Mendocino,045,87422,323,232,0,232,1
2020-07-31,Merced,047,269075,5972,3789,4,3793,30
2020-07-31,Modoc,049,8938,6,0,0,0,0
2020-07-31,Mono,051,14174,149,104,1,105,1
2020-07-31,Monterey,053,433212,5629,4493,14,4507,24
2020-07-31,Napa,055,140530,1177,897,0,897,7
2020-07-31,Nevada,057,99092,343,302,13,315,2
2020-07-31,Orange,059,3164182,43773,36196,838,37034,620
2020-07-31,Placer,061,380077,2325,1853,3,1856,14
2020-07-31,Plumas,063,18699,34,25,0,25,0
2020-07-31,Riverside,065,2383286,45441,37612,39,37651,694
2020-07-31,Sacramento,067,1510023,13007,9872,13,9885,132
2020-07-31,San Benito,069,59416,721,567,0,567,2
2020-07-31,San Bernardino,071,2135413,40385,32332,182,32514,434
2020-07-31,San Diego,073,3302833,32631,29050,11,29061,561
2020-07-31,San Francisco,075,870044,7405,6126,7,6133,60
2020-07-31,San Joaquin,077,732212,14832,11561,12,11573,177
2020-07-31,San Luis Obispo,079,281455,2138,1746,10,1756,12
2020-07-31,San Mateo,081,765935,6575,5416,7,5423,115
2020-07-31,Santa Barbara,083,443738,7162,6375,66,6441,58
2020-07-31,Santa Clara,085,1922200,13094,9863,29,9892,171
2020-07-31,Santa Cruz,087,273765,1337,1118,8,1126,4
2020-07-31,Shasta,089,179085,493,305,3,308,9
2020-07-31,Sierra,091,2930,3,1,0,1,0
2020-07-31,Siskiyou,093,43540,97,61,0,61,0
2020-07-31,Solano,095,438530,4318,3510,24,3534,29
2020-07-31,Sonoma,097,501317,3799,2745,6,2751,27
2020-07-31,Stanislaus,099,539301,11835,9061,48,9109,94
2020-07-31,Sutter,101,95872,896,714,1,715,6
2020-07-31,Tehama,103,63373,281,213,2,215,1
2020-07-31,Trinity,105,12862,27,5,6,11,0
2020-07-31,Tulare,107,460477,11388,9365,35,9400,184
2020-07-31,Tuolumne,109,53932,154,120,2,122,0
2020-07-31,Ventura,111,848112,8924,7521,32,7553,71
2020-07-31,Yolo,113,214977,1870,1522,3,1525,38
2020-07-31,Yuba,115,75493,516,369,0,369,1
2020-07-30,Alameda,001,1643700,13730,11303,54,11357,185
2020-07-30,Alpine,003,1148,2,2,0,2,0
2020-07-30,Amador,005,37829,170,97,0,97,0
2020-07-30,Butte,007,227075,1164,915,13,928,7
2020-07-30,Calaveras,009,45235,142,111,0,111,1
2020-07-30,Colusa,011,21464,373,315,0,315,2
2020-07-30,Contra Costa,013,1133247,10322,7615,26,7641,112
2020-07-30,Del Norte,015,27424,88,68,0,68,0
2020-07-30,El Dorado,017,186661,801,608,0,608,1
2020-07-30,Fresno,019,978130,21633,14793,194,14987,133
2020-07-30,Glenn,021,27897,373,297,0,297,1
2020-07-30,Humboldt,023,135768,261,228,1,229,4
2020-07-30,Imperial,025,180216,10300,7849,7,7856,151
2020-07-30,Inyo,027,18085,68,44,1,45,1
2020-07-30,Kern,029,883053,24745,19552,126,19678,171
2020-07-30,Kings,031,150075,4754,3785,25,3810,43
2020-07-30,Lake,033,64148,231,181,0,181,1
2020-07-30,Lassen,035,31185,634,544,2,546,0
2020-07-30,Los Angeles,037,10098052,201655,186177,536,186713,4564
2020-07-30,Madera,039,155013,2810,2007,4,2011,18
2020-07-30,Marin,041,260295,5381,4835,5,4840,39
2020-07-30,Mariposa,043,17540,61,49,0,49,1
2020-07-30,Mendocino,045,87422,316,232,0,232,1
2020-07-30,Merced,047,269075,5807,3695,4,3699,30
2020-07-30,Modoc,049,8938,6,0,0,0,0
2020-07-30,Mono,051,14174,148,104,1,105,1
2020-07-30,Monterey,053,433212,5517,4352,14,4366,24
2020-07-30,Napa,055,140530,1160,874,0,874,7
2020-07-30,Nevada,057,99092,338,292,13,305,2
2020-07-30,Orange,059,3164182,43358,36105,813,36918,607
2020-07-30,Placer,061,380077,2274,1821,3,1824,14
2020-07-30,Plumas,063,18699,33,25,0,25,0
2020-07-30,Riverside,065,2383286,44900,37308,39,37347,685
2020-07-30,Sacramento,067,1510023,12788,9704,13,9717,126
2020-07-30,San Benito,069,59416,708,558,0,558,2
2020-07-30,San Bernardino,071,2135413,39861,32010,182,32192,427
2020-07-30,San Diego,073,3302833,32284,28670,9,28679,558
2020-07-30,San Francisco,075,870044,7305,6107,7,6114,59
2020-07-30,San Joaquin,077,732212,14638,11435,12,11447,161
2020-07-30,San Luis Obispo,079,281455,2103,1703,10,1713,12
2020-07-30,San Mateo,081,765935,6480,5369,7,5376,115
2020-07-30,Santa Barbara,083,443738,7082,6273,66,6339,52
2020-07-30,Santa Clara,085,1922200,12858,9708,28,9736,170
2020-07-30,Santa Cruz,087,273765,1309,1087,8,1095,4
2020-07-30,Shasta,089,179085,489,306,3,309,8
2020-07-30,Sierra,091,2930,3,1,0,1,0
2020-07-30,Siskiyou,093,43540,96,60,0,60,0
2020-07-30,Solano,095,438530,4267,3463,24,3487,29
2020-07-30,Sonoma,097,501317,3727,2684,6,2690,25
2020-07-30,Stanislaus,099,539301,11622,8890,40,8930,94
2020-07-30,Sutter,101,95872,877,698,1,699,6
2020-07-30,Tehama,103,63373,278,208,2,210,1
2020-07-30,Trinity,105,12862,26,4,6,10,0
2020-07-30,Tulare,107,460477,11259,9167,35,9202,177
2020-07-30,Tuolumne,109,53932,153,119,2,121,0
2020-07-30,Ventura,111,848112,8812,7304,30,7334,69
2020-07-30,Yolo,113,214977,1850,1511,3,1514,37
2020-07-30,Yuba,115,75493,503,362,0,362,1
2020-07-29,Alameda,001,1643700,13511,11177,49,11226,180
2020-07-29,Alpine,003,1148,2,2,0,2,0
2020-07-29,Amador,005,37829,162,80,0,80,0
2020-07-29,Butte,007,227075,1138,889,11,900,7
2020-07-29,Calaveras,009,45235,136,107,0,107,1
2020-07-29,Colusa,011,21464,369,302,0,302,2
2020-07-29,Contra Costa,013,1133247,10118,7520,26,7546,108
2020-07-29,Del Norte,015,27424,88,68,0,68,0
2020-07-29,El Dorado,017,186661,791,588,0,588,1
2020-07-29,Fresno,019,978130,21341,14312,194,14506,125
2020-07-29,Glenn,021,27897,366,294,0,294,1
2020-07-29,Humboldt,023,135768,258,221,1,222,4
2020-07-29,Imperial,025,180216,10252,7825,7,7832,147
2020-07-29,Inyo,027,18085,63,44,1,45,1
2020-07-29,Kern,029,883053,24407,19073,123,19196,162
2020-07-29,Kings,031,150075,4706,3755,25,3780,43
2020-07-29,Lake,033,64148,229,179,0,179,1
2020-07-29,Lassen,035,31185,619,513,2,515,0
2020-07-29,Los Angeles,037,10098052,199629,183600,519,184119,4523
2020-07-29,Madera,039,155013,2756,1941,4,1945,18
2020-07-29,Marin,041,260295,5343,4747,5,4752,34
2020-07-29,Mariposa,043,17540,60,47,0,47,1
2020-07-29,Mendocino,045,87422,308,228,0,228,0
2020-07-29,Merced,047,269075,5667,3605,4,3609,25
2020-07-29,Modoc,049,8938,5,0,0,0,0
2020-07-29,Mono,051,14174,145,102,1,103,1
2020-07-29,Monterey,053,433212,5418,4252,14,4266,24
2020-07-29,Napa,055,140530,1132,866,0,866,7
2020-07-29,Nevada,057,99092,334,288,13,301,1
2020-07-29,Orange,059,3164182,42924,35339,801,36140,589
2020-07-29,Placer,061,380077,2242,1798,3,1801,14
2020-07-29,Plumas,063,18699,33,25,0,25,0
2020-07-29,Riverside,065,2383286,44308,36968,39,37007,678
2020-07-29,Sacramento,067,1510023,12542,9538,13,9551,122
2020-07-29,San Benito,069,59416,693,537,0,537,2
2020-07-29,San Bernardino,071,2135413,39372,31168,171,31339,417
2020-07-29,San Diego,073,3302833,31959,28289,8,28297,552
2020-07-29,San Francisco,075,870044,7211,6041,7,6048,56
2020-07-29,San Joaquin,077,732212,14390,11249,9,11258,154
2020-07-29,San Luis Obispo,079,281455,2083,1673,10,1683,11
2020-07-29,San Mateo,081,765935,6392,5305,7,5312,114
2020-07-29,Santa Barbara,083,443738,7012,6215,66,6281,31
2020-07-29,Santa Clara,085,1922200,12651,9567,28,9595,165
2020-07-29,Santa Cruz,087,273765,1285,1051,8,1059,4
2020-07-29,Shasta,089,179085,477,297,3,300,8
2020-07-29,Sierra,091,2930,2,1,0,1,0
2020-07-29,Siskiyou,093,43540,94,58,0,58,0
2020-07-29,Solano,095,438530,4213,3380,24,3404,29
2020-07-29,Sonoma,097,501317,3650,2598,6,2604,26
2020-07-29,Stanislaus,099,539301,11401,8745,34,8779,94
2020-07-29,Sutter,101,95872,849,678,1,679,6
2020-07-29,Tehama,103,63373,274,206,2,208,1
2020-07-29,Trinity,105,12862,26,4,6,10,0
2020-07-29,Tulare,107,460477,11088,9028,35,9063,156
2020-07-29,Tuolumne,109,53932,153,118,2,120,0
2020-07-29,Ventura,111,848112,8707,7161,30,7191,68
2020-07-29,Yolo,113,214977,1824,1488,3,1491,36
2020-07-29,Yuba,115,75493,487,350,0,350,1
2020-07-28,Alameda,001,1643700,13283,10875,48,10923,180
2020-07-28,Alpine,003,1148,2,2,0,2,0
2020-07-28,Amador,005,37829,152,77,0,77,0
2020-07-28,Butte,007,227075,1103,857,11,868,7
2020-07-28,Calaveras,009,45235,135,105,0,105,1
2020-07-28,Colusa,011,21464,363,290,0,290,2
2020-07-28,Contra Costa,013,1133247,9896,7426,26,7452,107
2020-07-28,Del Norte,015,27424,87,68,0,68,0
2020-07-28,El Dorado,017,186661,776,558,0,558,1
2020-07-28,Fresno,019,978130,21005,13933,188,14121,125
2020-07-28,Glenn,021,27897,364,289,0,289,1
2020-07-28,Humboldt,023,135768,257,218,1,219,4
2020-07-28,Imperial,025,180216,10216,7804,7,7811,145
2020-07-28,Inyo,027,18085,61,43,1,44,1
2020-07-28,Kern,029,883053,24044,18834,117,18951,155
2020-07-28,Kings,031,150075,4660,3721,25,3746,41
2020-07-28,Lake,033,64148,225,179,0,179,1
2020-07-28,Lassen,035,31185,613,508,2,510,0
2020-07-28,Los Angeles,037,10098052,197400,179107,496,179603,4435
2020-07-28,Madera,039,155013,2690,1889,4,1893,18
2020-07-28,Marin,041,260295,5274,4698,5,4703,23
2020-07-28,Mariposa,043,17540,58,45,0,45,1
2020-07-28,Mendocino,045,87422,297,222,0,222,0
2020-07-28,Merced,047,269075,5522,3446,4,3450,23
2020-07-28,Modoc,049,8938,4,0,0,0,0
2020-07-28,Mono,051,14174,144,102,1,103,1
2020-07-28,Monterey,053,433212,5297,4047,14,4061,22
2020-07-28,Napa,055,140530,1110,824,0,824,6
2020-07-28,Nevada,057,99092,329,278,13,291,1
2020-07-28,Orange,059,3164182,42466,34832,788,35620,582
2020-07-28,Placer,061,380077,2207,1759,3,1762,14
2020-07-28,Plumas,063,18699,33,22,0,22,0
2020-07-28,Riverside,065,2383286,43706,36458,39,36497,668
2020-07-28,Sacramento,067,1510023,12283,9429,12,9441,117
2020-07-28,San Benito,069,59416,683,503,0,503,2
2020-07-28,San Bernardino,071,2135413,38848,30493,167,30660,412
2020-07-28,San Diego,073,3302833,31609,28007,6,28013,547
2020-07-28,San Francisco,075,870044,7098,5888,7,5895,56
2020-07-28,San Joaquin,077,732212,14107,10958,7,10965,141
2020-07-28,San Luis Obispo,079,281455,2052,1636,10,1646,9
2020-07-28,San Mateo,081,765935,6318,5171,7,5178,114
2020-07-28,Santa Barbara,083,443738,6949,6110,64,6174,31
2020-07-28,Santa Clara,085,1922200,12416,9307,28,9335,165
2020-07-28,Santa Cruz,087,273765,1258,1018,8,1026,4
2020-07-28,Shasta,089,179085,465,275,3,278,8
2020-07-28,Sierra,091,2930,2,1,0,1,0
2020-07-28,Siskiyou,093,43540,90,57,0,57,0
2020-07-28,Solano,095,438530,4166,3292,23,3315,29
2020-07-28,Sonoma,097,501317,3577,2553,6,2559,20
2020-07-28,Stanislaus,099,539301,11179,8492,26,8518,92
2020-07-28,Sutter,101,95872,812,653,0,653,2
2020-07-28,Tehama,103,63373,269,199,2,201,1
2020-07-28,Trinity,105,12862,26,3,6,9,0
2020-07-28,Tulare,107,460477,10901,8787,35,8822,96
2020-07-28,Tuolumne,109,53932,152,116,2,118,0
2020-07-28,Ventura,111,848112,8581,7045,29,7074,68
2020-07-28,Yolo,113,214977,1796,1459,3,1462,36
2020-07-28,Yuba,115,75493,470,333,0,333,1
2020-07-27,Alameda,001,1643700,13056,10645,45,10690,176
2020-07-27,Alpine,003,1148,2,2,0,2,0
2020-07-27,Amador,005,37829,147,72,0,72,0
2020-07-27,Butte,007,227075,1076,843,11,854,7
2020-07-27,Calaveras,009,45235,131,103,0,103,1
2020-07-27,Colusa,011,21464,356,271,0,271,2
2020-07-27,Contra Costa,013,1133247,9674,7256,26,7282,104
2020-07-27,Del Norte,015,27424,86,67,0,67,0
2020-07-27,El Dorado,017,186661,764,548,0,548,1
2020-07-27,Fresno,019,978130,20658,13485,182,13667,117
2020-07-27,Glenn,021,27897,362,277,0,277,1
2020-07-27,Humboldt,023,135768,252,218,1,219,4
2020-07-27,Imperial,025,180216,10166,7789,7,7796,144
2020-07-27,Inyo,027,18085,61,43,1,44,1
2020-07-27,Kern,029,883053,23542,17994,111,18105,148
2020-07-27,Kings,031,150075,4411,3685,25,3710,39
2020-07-27,Lake,033,64148,221,176,0,176,1
2020-07-27,Lassen,035,31185,613,503,2,505,0
2020-07-27,Los Angeles,037,10098052,194980,176351,478,176829,4379
2020-07-27,Madera,039,155013,2625,1793,4,1797,17
2020-07-27,Marin,041,260295,5186,4669,5,4674,22
2020-07-27,Mariposa,043,17540,58,43,0,43,1
2020-07-27,Mendocino,045,87422,284,209,0,209,0
2020-07-27,Merced,047,269075,5382,3292,4,3296,23
2020-07-27,Modoc,049,8938,3,0,0,0,0
2020-07-27,Mono,051,14174,140,99,1,100,1
2020-07-27,Monterey,053,433212,5107,3960,14,3974,21
2020-07-27,Napa,055,140530,1095,769,0,769,6
2020-07-27,Nevada,057,99092,325,268,13,281,1
2020-07-27,Orange,059,3164182,42026,34649,772,35421,566
2020-07-27,Placer,061,380077,2157,1679,3,1682,12
2020-07-27,Plumas,063,18699,33,22,0,22,0
2020-07-27,Riverside,065,2383286,43028,35822,39,35861,667
2020-07-27,Sacramento,067,1510023,11990,9091,12,9103,114
2020-07-27,San Benito,069,59416,668,498,0,498,2
2020-07-27,San Bernardino,071,2135413,38255,29928,157,30085,401
2020-07-27,San Diego,073,3302833,31235,27509,5,27514,533
2020-07-27,San Francisco,075,870044,7011,5825,7,5832,55
2020-07-27,San Joaquin,077,732212,13817,10728,7,10735,129
2020-07-27,San Luis Obispo,079,281455,2007,1612,10,1622,9
2020-07-27,San Mateo,081,765935,6209,5108,7,5115,113
2020-07-27,Santa Barbara,083,443738,6867,6026,62,6088,30
2020-07-27,Santa Clara,085,1922200,12147,9157,27,9184,166
2020-07-27,Santa Cruz,087,273765,1235,984,8,992,4
2020-07-27,Shasta,089,179085,458,275,3,278,8
2020-07-27,Sierra,091,2930,2,1,0,1,0
2020-07-27,Siskiyou,093,43540,88,54,0,54,0
2020-07-27,Solano,095,438530,4099,3198,22,3220,29
2020-07-27,Sonoma,097,501317,3486,2504,6,2510,20
2020-07-27,Stanislaus,099,539301,10952,8288,18,8306,84
2020-07-27,Sutter,101,95872,786,620,0,620,2
2020-07-27,Tehama,103,63373,261,192,2,194,1
2020-07-27,Trinity,105,12862,26,3,6,9,0
2020-07-27,Tulare,107,460477,10683,8462,35,8497,172
2020-07-27,Tuolumne,109,53932,149,115,2,117,0
2020-07-27,Ventura,111,848112,8453,6998,28,7026,68
2020-07-27,Yolo,113,214977,1751,1439,3,1442,33
2020-07-27,Yuba,115,75493,450,328,0,328,1
2020-07-26,Alameda,001,1643700,12818,10489,44,10533,176
2020-07-26,Alpine,003,1148,2,2,0,2,0
2020-07-26,Amador,005,37829,141,67,0,67,0
2020-07-26,Butte,007,227075,1039,822,11,833,5
2020-07-26,Calaveras,009,45235,128,103,0,103,1
2020-07-26,Colusa,011,21464,347,270,0,270,2
2020-07-26,Contra Costa,013,1133247,9437,7095,26,7121,104
2020-07-26,Del Norte,015,27424,84,67,0,67,0
2020-07-26,El Dorado,017,186661,746,539,0,539,1
2020-07-26,Fresno,019,978130,20266,13209,174,13383,117
2020-07-26,Glenn,021,27897,354,265,0,265,1
2020-07-26,Humboldt,023,135768,246,214,1,215,4
2020-07-26,Imperial,025,180216,10093,7781,7,7788,144
2020-07-26,Inyo,027,18085,56,43,1,44,1
2020-07-26,Kern,029,883053,23018,17394,108,17502,148
2020-07-26,Kings,031,150075,4352,3591,25,3616,39
2020-07-26,Lake,033,64148,213,174,0,174,1
2020-07-26,Lassen,035,31185,572,503,2,505,0
2020-07-26,Los Angeles,037,10098052,192413,174322,460,174782,4364
2020-07-26,Madera,039,155013,2538,1744,4,1748,17
2020-07-26,Marin,041,260295,5140,4595,5,4600,22
2020-07-26,Mariposa,043,17540,56,43,0,43,1
2020-07-26,Mendocino,045,87422,275,206,0,206,0
2020-07-26,Merced,047,269075,5202,3251,3,3254,23
2020-07-26,Modoc,049,8938,3,0,0,0,0
2020-07-26,Mono,051,14174,136,82,1,83,1
2020-07-26,Monterey,053,433212,4941,3901,14,3915,21
2020-07-26,Napa,055,140530,1076,769,0,769,6
2020-07-26,Nevada,057,99092,322,261,13,274,1
2020-07-26,Orange,059,3164182,41501,34352,740,35092,564
2020-07-26,Placer,061,380077,2092,1628,3,1631,12
2020-07-26,Plumas,063,18699,33,22,0,22,0
2020-07-26,Riverside,065,2383286,42468,35636,39,35675,665
2020-07-26,Sacramento,067,1510023,11686,8972,12,8984,114
2020-07-26,San Benito,069,59416,656,495,0,495,2
2020-07-26,San Bernardino,071,2135413,37614,29545,148,29693,400
2020-07-26,San Diego,073,3302833,30839,26986,4,26990,533
2020-07-26,San Francisco,075,870044,6903,5823,7,5830,55
2020-07-26,San Joaquin,077,732212,13524,10637,7,10644,129
2020-07-26,San Luis Obispo,079,281455,1964,1565,10,1575,8
2020-07-26,San Mateo,081,765935,6103,5078,7,5085,113
2020-07-26,Santa Barbara,083,443738,6764,5939,62,6001,30
2020-07-26,Santa Clara,085,1922200,11918,8986,27,9013,166
2020-07-26,Santa Cruz,087,273765,1208,970,8,978,4
2020-07-26,Shasta,089,179085,451,265,3,268,8
2020-07-26,Sierra,091,2930,2,1,0,1,0
2020-07-26,Siskiyou,093,43540,86,54,0,54,0
2020-07-26,Solano,095,438530,4019,3197,20,3217,29
2020-07-26,Sonoma,097,501317,3397,2503,5,2508,20
2020-07-26,Stanislaus,099,539301,10691,8228,17,8245,84
2020-07-26,Sutter,101,95872,772,612,0,612,2
2020-07-26,Tehama,103,63373,254,175,2,177,1
2020-07-26,Trinity,105,12862,26,3,6,9,0
2020-07-26,Tulare,107,460477,10476,8392,35,8427,172
2020-07-26,Tuolumne,109,53932,144,113,2,115,0
2020-07-26,Ventura,111,848112,8246,6844,28,6872,67
2020-07-26,Yolo,113,214977,1720,1408,3,1411,33
2020-07-26,Yuba,115,75493,431,313,0,313,1
2020-07-25,Alameda,001,1643700,12721,10361,42,10403,176
2020-07-25,Alpine,003,1148,2,2,0,2,0
2020-07-25,Amador,005,37829,138,67,0,67,0
2020-07-25,Butte,007,227075,1030,810,11,821,5
2020-07-25,Calaveras,009,45235,124,103,0,103,1
2020-07-25,Colusa,011,21464,340,265,0,265,2
2020-07-25,Contra Costa,013,1133247,9292,6920,26,6946,104
2020-07-25,Del Norte,015,27424,84,67,0,67,0
2020-07-25,El Dorado,017,186661,735,528,0,528,1
2020-07-25,Fresno,019,978130,20080,12866,174,13040,117
2020-07-25,Glenn,021,27897,352,260,0,260,1
2020-07-25,Humboldt,023,135768,243,212,1,213,4
2020-07-25,Imperial,025,180216,10067,7727,7,7734,144
2020-07-25,Inyo,027,18085,55,43,1,44,1
2020-07-25,Kern,029,883053,22800,16910,107,17017,148
2020-07-25,Kings,031,150075,4335,3516,25,3541,39
2020-07-25,Lake,033,64148,211,173,0,173,1
2020-07-25,Lassen,035,31185,572,503,2,505,0
2020-07-25,Los Angeles,037,10098052,191282,172611,453,173064,4357
2020-07-25,Madera,039,155013,2506,1724,4,1728,17
2020-07-25,Marin,041,260295,5124,4562,5,4567,22
2020-07-25,Mariposa,043,17540,55,43,0,43,1
2020-07-25,Mendocino,045,87422,269,190,0,190,0
2020-07-25,Merced,047,269075,5123,3176,3,3179,23
2020-07-25,Modoc,049,8938,3,0,0,0,0
2020-07-25,Mono,051,14174,136,82,1,83,1
2020-07-25,Monterey,053,433212,4864,3805,14,3819,21
2020-07-25,Napa,055,140530,1063,746,0,746,6
2020-07-25,Nevada,057,99092,320,257,13,270,1
2020-07-25,Orange,059,3164182,41281,33978,719,34697,561
2020-07-25,Placer,061,380077,2076,1596,3,1599,12
2020-07-25,Plumas,063,18699,33,22,0,22,0
2020-07-25,Riverside,065,2383286,42200,34921,39,34960,655
2020-07-25,Sacramento,067,1510023,11540,8674,12,8686,113
2020-07-25,San Benito,069,59416,640,492,0,492,2
2020-07-25,San Bernardino,071,2135413,37335,29265,145,29410,394
2020-07-25,San Diego,073,3302833,30578,26703,3,26706,533
2020-07-25,San Francisco,075,870044,6845,5644,7,5651,55
2020-07-25,San Joaquin,077,732212,13398,10347,6,10353,129
2020-07-25,San Luis Obispo,079,281455,1944,1530,9,1539,8
2020-07-25,San Mateo,081,765935,6040,5023,7,5030,113
2020-07-25,Santa Barbara,083,443738,6728,5880,62,5942,30
2020-07-25,Santa Clara,085,1922200,11784,8767,27,8794,166
2020-07-25,Santa Cruz,087,273765,1191,939,8,947,4
2020-07-25,Shasta,089,179085,446,263,1,264,8
2020-07-25,Sierra,091,2930,2,1,0,1,0
2020-07-25,Siskiyou,093,43540,84,54,0,54,0
2020-07-25,Solano,095,438530,3979,3107,18,3125,29
2020-07-25,Sonoma,097,501317,3358,2412,5,2417,20
2020-07-25,Stanislaus,099,539301,10588,7994,14,8008,84
2020-07-25,Sutter,101,95872,753,603,0,603,2
2020-07-25,Tehama,103,63373,253,169,2,171,1
2020-07-25,Trinity,105,12862,26,3,6,9,0
2020-07-25,Tulare,107,460477,10376,8310,35,8345,172
2020-07-25,Tuolumne,109,53932,143,99,2,101,0
2020-07-25,Ventura,111,848112,8173,6662,28,6690,62
2020-07-25,Yolo,113,214977,1705,1357,3,1360,35
2020-07-25,Yuba,115,75493,425,312,0,312,1
2020-07-24,Alameda,001,1643700,12579,10216,39,10255,176
2020-07-24,Alpine,003,1148,2,2,0,2,0
2020-07-24,Amador,005,37829,136,66,0,66,0
2020-07-24,Butte,007,227075,1018,751,11,762,5
2020-07-24,Calaveras,009,45235,120,102,0,102,0
2020-07-24,Colusa,011,21464,337,255,0,255,2
2020-07-24,Contra Costa,013,1133247,9146,6814,26,6840,100
2020-07-24,Del Norte,015,27424,84,66,0,66,0
2020-07-24,El Dorado,017,186661,713,516,0,516,1
2020-07-24,Fresno,019,978130,19853,12564,174,12738,115
2020-07-24,Glenn,021,27897,349,251,0,251,1
2020-07-24,Humboldt,023,135768,240,210,1,211,4
2020-07-24,Imperial,025,180216,10045,7686,7,7693,141
2020-07-24,Inyo,027,18085,55,41,1,42,1
2020-07-24,Kern,029,883053,22559,16124,107,16231,143
2020-07-24,Kings,031,150075,4305,3471,25,3496,39
2020-07-24,Lake,033,64148,209,167,0,167,1
2020-07-24,Lassen,035,31185,572,503,2,505,0
2020-07-24,Los Angeles,037,10098052,189263,169078,442,169520,4302
2020-07-24,Madera,039,155013,2473,1679,4,1683,16
2020-07-24,Marin,041,260295,5097,4517,5,4522,22
2020-07-24,Mariposa,043,17540,55,41,0,41,1
2020-07-24,Mendocino,045,87422,262,188,0,188,0
2020-07-24,Merced,047,269075,5038,3100,3,3103,23
2020-07-24,Modoc,049,8938,3,0,0,0,0
2020-07-24,Mono,051,14174,135,82,1,83,1
2020-07-24,Monterey,053,433212,4792,3748,14,3762,21
2020-07-24,Napa,055,140530,1050,741,0,741,6
2020-07-24,Nevada,057,99092,317,255,13,268,1
2020-07-24,Orange,059,3164182,40993,33530,703,34233,557
2020-07-24,Placer,061,380077,2045,1551,3,1554,12
2020-07-24,Plumas,063,18699,33,22,0,22,0
2020-07-24,Riverside,065,2383286,41777,34513,38,34551,631
2020-07-24,Sacramento,067,1510023,11352,8570,12,8582,110
2020-07-24,San Benito,069,59416,633,485,0,485,2
2020-07-24,San Bernardino,071,2135413,36961,28990,140,29130,386
2020-07-24,San Diego,073,3302833,30278,26100,3,26103,524
2020-07-24,San Francisco,075,870044,6751,5611,7,5618,55
2020-07-24,San Joaquin,077,732212,13249,10190,6,10196,118
2020-07-24,San Luis Obispo,079,281455,1920,1476,9,1485,8
2020-07-24,San Mateo,081,765935,5977,4954,7,4961,112
2020-07-24,Santa Barbara,083,443738,6674,5776,60,5836,30
2020-07-24,Santa Clara,085,1922200,11619,8658,27,8685,165
2020-07-24,Santa Cruz,087,273765,1171,930,8,938,4
2020-07-24,Shasta,089,179085,438,262,1,263,8
2020-07-24,Sierra,091,2930,2,1,0,1,0
2020-07-24,Siskiyou,093,43540,84,53,0,53,0
2020-07-24,Solano,095,438530,3943,3062,15,3077,29
2020-07-24,Sonoma,097,501317,3305,2345,5,2350,20
2020-07-24,Stanislaus,099,539301,10416,7861,11,7872,82
2020-07-24,Sutter,101,95872,742,593,0,593,2
2020-07-24,Tehama,103,63373,245,170,2,172,1
2020-07-24,Trinity,105,12862,25,3,6,9,0
2020-07-24,Tulare,107,460477,10282,8167,33,8200,167
2020-07-24,Tuolumne,109,53932,137,99,2,101,0
2020-07-24,Ventura,111,848112,8088,6553,28,6581,60
2020-07-24,Yolo,113,214977,1691,1329,3,1332,35
2020-07-24,Yuba,115,75493,410,307,0,307,1
2020-07-23,Alameda,001,1643700,12338,9924,39,9963,171
2020-07-23,Alpine,003,1148,2,2,0,2,0
2020-07-23,Amador,005,37829,119,61,0,61,0
2020-07-23,Butte,007,227075,1003,726,10,736,5
2020-07-23,Calaveras,009,45235,113,102,0,102,0
2020-07-23,Colusa,011,21464,329,242,0,242,2
2020-07-23,Contra Costa,013,1133247,8946,6619,24,6643,98
2020-07-23,Del Norte,015,27424,84,66,0,66,0
2020-07-23,El Dorado,017,186661,702,491,0,491,1
2020-07-23,Fresno,019,978130,19497,12164,171,12335,112
2020-07-23,Glenn,021,27897,344,246,0,246,1
2020-07-23,Humboldt,023,135768,239,208,1,209,4
2020-07-23,Imperial,025,180216,9995,7604,7,7611,138
2020-07-23,Inyo,027,18085,53,38,1,39,1
2020-07-23,Kern,029,883053,22152,14491,103,14594,128
2020-07-23,Kings,031,150075,4193,3371,25,3396,39
2020-07-23,Lake,033,64148,200,160,0,160,1
2020-07-23,Lassen,035,31185,569,503,2,505,0
2020-07-23,Los Angeles,037,10098052,186719,167198,416,167614,4265
2020-07-23,Madera,039,155013,2407,1659,3,1662,13
2020-07-23,Marin,041,260295,5045,4423,5,4428,22
2020-07-23,Mariposa,043,17540,55,40,0,40,1
2020-07-23,Mendocino,045,87422,252,178,0,178,0
2020-07-23,Merced,047,269075,4882,2972,3,2975,22
2020-07-23,Modoc,049,8938,3,0,0,0,0
2020-07-23,Mono,051,14174,131,82,1,83,1
2020-07-23,Monterey,053,433212,4674,3655,14,3669,21
2020-07-23,Napa,055,140530,1026,713,0,713,5
2020-07-23,Nevada,057,99092,314,247,13,260,1
2020-07-23,Orange,059,3164182,40497,32863,673,33536,544
2020-07-23,Placer,061,380077,2002,1519,3,1522,12
2020-07-23,Plumas,063,18699,32,21,0,21,0
2020-07-23,Riverside,065,2383286,41172,33833,38,33871,630
2020-07-23,Sacramento,067,1510023,11121,8222,12,8234,108
2020-07-23,San Benito,069,59416,618,478,0,478,2
2020-07-23,San Bernardino,071,2135413,36441,28121,134,28255,369
2020-07-23,San Diego,073,3302833,29904,25109,3,25112,505
2020-07-23,San Francisco,075,870044,6650,5543,7,5550,55
2020-07-23,San Joaquin,077,732212,13030,9861,6,9867,111
2020-07-23,San Luis Obispo,079,281455,1892,1438,9,1447,7
2020-07-23,San Mateo,081,765935,5872,4895,7,4902,113
2020-07-23,Santa Barbara,083,443738,6595,5628,60,5688,30
2020-07-23,Santa Clara,085,1922200,11401,8458,27,8485,165
2020-07-23,Santa Cruz,087,273765,1135,887,8,895,3
2020-07-23,Shasta,089,179085,427,254,1,255,9
2020-07-23,Sierra,091,2930,2,1,0,1,0
2020-07-23,Siskiyou,093,43540,82,53,0,53,0
2020-07-23,Solano,095,438530,3879,2962,13,2975,29
2020-07-23,Sonoma,097,501317,3229,2289,5,2294,18
2020-07-23,Stanislaus,099,539301,10174,7603,11,7614,71
2020-07-23,Sutter,101,95872,709,570,0,570,2
2020-07-23,Tehama,103,63373,239,158,2,160,1
2020-07-23,Trinity,105,12862,24,3,6,9,0
2020-07-23,Tulare,107,460477,10093,7898,33,7931,168
2020-07-23,Tuolumne,109,53932,137,93,2,95,0
2020-07-23,Ventura,111,848112,7964,6303,28,6331,56
2020-07-23,Yolo,113,214977,1673,1279,3,1282,35
2020-07-23,Yuba,115,75493,390,297,0,297,1
2020-07-22,Alameda,001,1643700,12119,9678,38,9716,169
2020-07-22,Alpine,003,1148,2,2,0,2,0
2020-07-22,Amador,005,37829,117,58,0,58,0
2020-07-22,Butte,007,227075,967,694,10,704,5
2020-07-22,Calaveras,009,45235,113,98,0,98,0
2020-07-22,Colusa,011,21464,322,236,0,236,0
2020-07-22,Contra Costa,013,1133247,8720,6401,24,6425,98
2020-07-22,Del Norte,015,27424,84,66,0,66,0
2020-07-22,El Dorado,017,186661,689,466,0,466,1
2020-07-22,Fresno,019,978130,19135,11756,165,11921,110
2020-07-22,Glenn,021,27897,338,236,0,236,1
2020-07-22,Humboldt,023,135768,237,201,1,202,4
2020-07-22,Imperial,025,180216,9935,7533,7,7540,134
2020-07-22,Inyo,027,18085,49,38,1,39,1
2020-07-22,Kern,029,883053,21719,13513,96,13609,127
2020-07-22,Kings,031,150075,4137,3271,25,3296,38
2020-07-22,Lake,033,64148,197,160,0,160,1
2020-07-22,Lassen,035,31185,566,500,2,502,0
2020-07-22,Los Angeles,037,10098052,184071,165242,393,165635,4218
2020-07-22,Madera,039,155013,2332,1578,3,1581,10
2020-07-22,Marin,041,260295,4989,4373,5,4378,23
2020-07-22,Mariposa,043,17540,55,38,0,38,1
2020-07-22,Mendocino,045,87422,245,166,0,166,0
2020-07-22,Merced,047,269075,4755,2828,3,2831,15
2020-07-22,Modoc,049,8938,3,0,0,0,0
2020-07-22,Mono,051,14174,128,82,1,83,1
2020-07-22,Monterey,053,433212,4573,3533,14,3547,20
2020-07-22,Napa,055,140530,1004,687,0,687,5
2020-07-22,Nevada,057,99092,308,239,12,251,1
2020-07-22,Orange,059,3164182,39998,32047,664,32711,522
2020-07-22,Placer,061,380077,1946,1469,3,1472,12
2020-07-22,Plumas,063,18699,31,20,0,20,0
2020-07-22,Riverside,065,2383286,40536,33093,38,33131,612
2020-07-22,Sacramento,067,1510023,10857,8028,11,8039,106
2020-07-22,San Benito,069,59416,604,465,0,465,2
2020-07-22,San Bernardino,071,2135413,35919,26820,123,26943,348
2020-07-22,San Diego,073,3302833,29516,25109,2,25111,505
2020-07-22,San Francisco,075,870044,6546,5473,6,5479,53
2020-07-22,San Joaquin,077,732212,12754,9628,6,9634,102
2020-07-22,San Luis Obispo,079,281455,1846,1373,9,1382,7
2020-07-22,San Mateo,081,765935,5783,4796,7,4803,112
2020-07-22,Santa Barbara,083,443738,6504,5508,58,5566,29
2020-07-22,Santa Clara,085,1922200,11155,8266,27,8293,166
2020-07-22,Santa Cruz,087,273765,1112,866,8,874,3
2020-07-22,Shasta,089,179085,417,246,1,247,9
2020-07-22,Sierra,091,2930,1,1,0,1,0
2020-07-22,Siskiyou,093,43540,81,52,0,52,0
2020-07-22,Solano,095,438530,3818,2839,12,2851,29
2020-07-22,Sonoma,097,501317,3152,2255,5,2260,17
2020-07-22,Stanislaus,099,539301,10003,7401,11,7412,71
2020-07-22,Sutter,101,95872,685,551,0,551,2
2020-07-22,Tehama,103,63373,231,155,2,157,1
2020-07-22,Trinity,105,12862,23,3,6,9,0
2020-07-22,Tulare,107,460477,9860,7640,33,7673,167
2020-07-22,Tuolumne,109,53932,133,91,2,93,0
2020-07-22,Ventura,111,848112,7836,6223,26,6249,56
2020-07-22,Yolo,113,214977,1630,1233,3,1236,34
2020-07-22,Yuba,115,75493,375,288,0,288,1
2020-07-21,Alameda,001,1643700,11905,9390,38,9428,166
2020-07-21,Alpine,003,1148,2,2,0,2,0
2020-07-21,Amador,005,37829,112,55,0,55,0
2020-07-21,Butte,007,227075,922,659,9,668,5
2020-07-21,Calaveras,009,45235,107,96,0,96,0
2020-07-21,Colusa,011,21464,298,227,0,227,0
2020-07-21,Contra Costa,013,1133247,8478,6210,24,6234,98
2020-07-21,Del Norte,015,27424,84,66,0,66,0
2020-07-21,El Dorado,017,186661,681,440,0,440,1
2020-07-21,Fresno,019,978130,18736,11412,159,11571,107
2020-07-21,Glenn,021,27897,331,229,0,229,1
2020-07-21,Humboldt,023,135768,235,198,1,199,4
2020-07-21,Imperial,025,180216,9886,7458,7,7465,128
2020-07-21,Inyo,027,18085,48,38,1,39,1
2020-07-21,Kern,029,883053,21297,11998,90,12088,119
2020-07-21,Kings,031,150075,4072,3187,24,3211,38
2020-07-21,Lake,033,64148,197,157,0,157,1
2020-07-21,Lassen,035,31185,564,474,2,476,0
2020-07-21,Los Angeles,037,10098052,181088,162205,371,162576,4159
2020-07-21,Madera,039,155013,2267,1508,3,1511,10
2020-07-21,Marin,041,260295,4917,4318,5,4323,21
2020-07-21,Mariposa,043,17540,54,37,0,37,1
2020-07-21,Mendocino,045,87422,234,160,0,160,0
2020-07-21,Merced,047,269075,4576,2725,3,2728,15
2020-07-21,Modoc,049,8938,3,0,0,0,0
2020-07-21,Mono,051,14174,124,79,1,80,1
2020-07-21,Monterey,053,433212,4441,3404,13,3417,20
2020-07-21,Napa,055,140530,977,660,0,660,5
2020-07-21,Nevada,057,99092,306,228,10,238,1
2020-07-21,Orange,059,3164182,39501,31356,632,31988,515
2020-07-21,Placer,061,380077,1905,1413,3,1416,11
2020-07-21,Plumas,063,18699,31,19,0,19,0
2020-07-21,Riverside,065,2383286,39835,32231,38,32269,583
2020-07-21,Sacramento,067,1510023,10585,7789,10,7799,102
2020-07-21,San Benito,069,59416,593,444,0,444,2
2020-07-21,San Bernardino,071,2135413,35270,25323,116,25439,343
2020-07-21,San Diego,073,3302833,29067,24522,2,24524,487
2020-07-21,San Francisco,075,870044,6437,5377,6,5383,53
2020-07-21,San Joaquin,077,732212,12425,9150,6,9156,99
2020-07-21,San Luis Obispo,079,281455,1797,1338,9,1347,7
2020-07-21,San Mateo,081,765935,5691,4733,7,4740,111
2020-07-21,Santa Barbara,083,443738,6420,5422,57,5479,29
2020-07-21,Santa Clara,085,1922200,10892,7989,27,8016,164
2020-07-21,Santa Cruz,087,273765,1079,835,8,843,3
2020-07-21,Shasta,089,179085,409,241,1,242,9
2020-07-21,Sierra,091,2930,1,1,0,1,0
2020-07-21,Siskiyou,093,43540,81,48,0,48,0
2020-07-21,Solano,095,438530,3745,2727,12,2739,27
2020-07-21,Sonoma,097,501317,3095,2200,5,2205,17
2020-07-21,Stanislaus,099,539301,9740,6984,11,6995,69
2020-07-21,Sutter,101,95872,669,533,0,533,2
2020-07-21,Tehama,103,63373,221,150,2,152,1
2020-07-21,Trinity,105,12862,23,2,6,8,0
2020-07-21,Tulare,107,460477,9658,7447,33,7480,167
2020-07-21,Tuolumne,109,53932,131,75,2,77,0
2020-07-21,Ventura,111,848112,7704,6131,26,6157,55
2020-07-21,Yolo,113,214977,1576,1204,3,1207,34
2020-07-21,Yuba,115,75493,369,269,0,269,1
2020-07-20,Alameda,001,1643700,11651,9244,37,9281,162
2020-07-20,Alpine,003,1148,2,2,0,2,0
2020-07-20,Amador,005,37829,109,53,0,53,0
2020-07-20,Butte,007,227075,884,586,9,595,4
2020-07-20,Calaveras,009,45235,104,90,0,90,0
2020-07-20,Colusa,011,21464,287,217,0,217,0
2020-07-20,Contra Costa,013,1133247,8270,5823,24,5847,97
2020-07-20,Del Norte,015,27424,84,61,0,61,0
2020-07-20,El Dorado,017,186661,658,407,0,407,0
2020-07-20,Fresno,019,978130,18295,10891,157,11048,106
2020-07-20,Glenn,021,27897,323,225,0,225,1
2020-07-20,Humboldt,023,135768,228,194,1,195,4
2020-07-20,Imperial,025,180216,9846,7337,7,7344,124
2020-07-20,Inyo,027,18085,46,38,1,39,1
2020-07-20,Kern,029,883053,20787,10908,86,10994,118
2020-07-20,Kings,031,150075,4022,3093,24,3117,37
2020-07-20,Lake,033,64148,194,147,0,147,1
2020-07-20,Lassen,035,31185,562,474,2,476,0
2020-07-20,Los Angeles,037,10098052,178130,159202,344,159546,4108
2020-07-20,Madera,039,155013,2192,1433,3,1436,10
2020-07-20,Marin,041,260295,4835,4255,5,4260,21
2020-07-20,Mariposa,043,17540,53,36,0,36,1
2020-07-20,Mendocino,045,87422,221,153,0,153,0
2020-07-20,Merced,047,269075,4406,2584,3,2587,15
2020-07-20,Modoc,049,8938,3,0,0,0,0
2020-07-20,Mono,051,14174,118,78,1,79,1
2020-07-20,Monterey,053,433212,4335,3205,13,3218,19
2020-07-20,Napa,055,140530,942,632,0,632,5
2020-07-20,Nevada,057,99092,298,218,10,228,1
2020-07-20,Orange,059,3164182,38892,30337,602,30939,507
2020-07-20,Placer,061,380077,1853,1364,3,1367,11
2020-07-20,Plumas,063,18699,30,17,0,17,0
2020-07-20,Riverside,065,2383286,39005,31163,38,31201,581
2020-07-20,Sacramento,067,1510023,10257,7369,10,7379,99
2020-07-20,San Benito,069,59416,575,433,0,433,2
2020-07-20,San Bernardino,071,2135413,34460,24226,112,24338,338
2020-07-20,San Diego,073,3302833,28625,24137,2,24139,478
2020-07-20,San Francisco,075,870044,6316,5090,6,5096,53
2020-07-20,San Joaquin,077,732212,12069,8583,6,8589,97
2020-07-20,San Luis Obispo,079,281455,1757,1282,9,1291,6
2020-07-20,San Mateo,081,765935,5590,4609,7,4616,111
2020-07-20,Santa Barbara,083,443738,6297,5266,55,5321,29
2020-07-20,Santa Clara,085,1922200,10663,7711,26,7737,164
2020-07-20,Santa Cruz,087,273765,1047,758,8,766,3
2020-07-20,Shasta,089,179085,394,233,1,234,9
2020-07-20,Sierra,091,2930,1,1,0,1,0
2020-07-20,Siskiyou,093,43540,77,42,0,42,0
2020-07-20,Solano,095,438530,3662,2537,12,2549,26
2020-07-20,Sonoma,097,501317,2987,2148,5,2153,17
2020-07-20,Stanislaus,099,539301,9457,6835,11,6846,58
2020-07-20,Sutter,101,95872,636,507,0,507,2
2020-07-20,Tehama,103,63373,211,146,2,148,1
2020-07-20,Trinity,105,12862,23,2,6,8,0
2020-07-20,Tulare,107,460477,9424,6974,33,7007,166
2020-07-20,Tuolumne,109,53932,130,75,2,77,0
2020-07-20,Ventura,111,848112,7570,5912,26,5938,52
2020-07-20,Yolo,113,214977,1536,1155,3,1158,30
2020-07-20,Yuba,115,75493,349,258,0,258,1
2020-07-19,Alameda,001,1643700,11412,9227,31,9258,162
2020-07-19,Alpine,003,1148,2,2,0,2,0
2020-07-19,Amador,005,37829,102,51,0,51,0
2020-07-19,Butte,007,227075,859,555,9,564,4
2020-07-19,Calaveras,009,45235,102,89,0,89,0
2020-07-19,Colusa,011,21464,279,187,0,187,0
2020-07-19,Contra Costa,013,1133247,7979,5691,22,5713,95
2020-07-19,Del Norte,015,27424,83,61,0,61,0
2020-07-19,El Dorado,017,186661,640,385,0,385,0
2020-07-19,Fresno,019,978130,17771,10639,145,10784,106
2020-07-19,Glenn,021,27897,309,215,0,215,0
2020-07-19,Humboldt,023,135768,220,195,1,196,4
2020-07-19,Imperial,025,180216,9755,7280,7,7287,124
2020-07-19,Inyo,027,18085,42,38,1,39,1
2020-07-19,Kern,029,883053,20170,10094,79,10173,115
2020-07-19,Kings,031,150075,3936,3035,24,3059,37
2020-07-19,Lake,033,64148,189,144,0,144,1
2020-07-19,Lassen,035,31185,543,474,2,476,0
2020-07-19,Los Angeles,037,10098052,174689,156039,321,156360,4100
2020-07-19,Madera,039,155013,2115,1301,3,1304,10
2020-07-19,Marin,041,260295,4780,4172,5,4177,21
2020-07-19,Mariposa,043,17540,49,35,0,35,1
2020-07-19,Mendocino,045,87422,216,137,0,137,0
2020-07-19,Merced,047,269075,4199,2460,3,2463,15
2020-07-19,Modoc,049,8938,3,0,0,0,0
2020-07-19,Mono,051,14174,107,63,1,64,1
2020-07-19,Monterey,053,433212,4215,3079,13,3092,18
2020-07-19,Napa,055,140530,913,612,0,612,5
2020-07-19,Nevada,057,99092,292,210,10,220,1
2020-07-19,Orange,059,3164182,38328,29941,589,30530,505
2020-07-19,Placer,061,380077,1805,1246,3,1249,11
2020-07-19,Plumas,063,18699,30,17,0,17,0
2020-07-19,Riverside,065,2383286,38300,30340,38,30378,581
2020-07-19,Sacramento,067,1510023,9865,6985,10,6995,97
2020-07-19,San Benito,069,59416,559,412,0,412,2
2020-07-19,San Bernardino,071,2135413,33688,23928,100,24028,337
2020-07-19,San Diego,073,3302833,28124,23684,2,23686,478
2020-07-19,San Francisco,075,870044,6169,5094,6,5100,52
2020-07-19,San Joaquin,077,732212,11662,8308,6,8314,93
2020-07-19,San Luis Obispo,079,281455,1713,1262,8,1270,6
2020-07-19,San Mateo,081,765935,5483,4522,7,4529,110
2020-07-19,Santa Barbara,083,443738,6191,5145,52,5197,29
2020-07-19,Santa Clara,085,1922200,10419,7403,26,7429,164
2020-07-19,Santa Cruz,087,273765,1003,753,8,761,3
2020-07-19,Shasta,089,179085,381,218,1,219,9
2020-07-19,Sierra,091,2930,1,1,0,1,0
2020-07-19,Siskiyou,093,43540,75,42,0,42,0
2020-07-19,Solano,095,438530,3556,2551,12,2563,26
2020-07-19,Sonoma,097,501317,2887,2074,5,2079,17
2020-07-19,Stanislaus,099,539301,9161,6508,11,6519,58
2020-07-19,Sutter,101,95872,605,480,0,480,2
2020-07-19,Tehama,103,63373,207,138,2,140,1
2020-07-19,Trinity,105,12862,23,2,6,8,0
2020-07-19,Tulare,107,460477,9176,6856,33,6889,166
2020-07-19,Tuolumne,109,53932,125,75,2,77,0
2020-07-19,Ventura,111,848112,7380,5706,26,5732,52
2020-07-19,Yolo,113,214977,1496,1127,3,1130,30
2020-07-19,Yuba,115,75493,329,240,0,240,1
2020-07-18,Alameda,001,1643700,11276,9089,30,9119,162
2020-07-18,Alpine,003,1148,2,2,0,2,0
2020-07-18,Amador,005,37829,98,49,0,49,0
2020-07-18,Butte,007,227075,850,551,9,560,4
2020-07-18,Calaveras,009,45235,98,89,0,89,0
2020-07-18,Colusa,011,21464,274,182,0,182,0
2020-07-18,Contra Costa,013,1133247,7844,5617,22,5639,95
2020-07-18,Del Norte,015,27424,83,61,0,61,0
2020-07-18,El Dorado,017,186661,637,385,0,385,0
2020-07-18,Fresno,019,978130,17522,10381,143,10524,106
2020-07-18,Glenn,021,27897,303,212,0,212,0
2020-07-18,Humboldt,023,135768,217,189,1,190,4
2020-07-18,Imperial,025,180216,9724,7268,7,7275,124
2020-07-18,Inyo,027,18085,42,38,1,39,1
2020-07-18,Kern,029,883053,19867,9250,76,9326,114
2020-07-18,Kings,031,150075,3896,2996,23,3019,37
2020-07-18,Lake,033,64148,186,142,0,142,1
2020-07-18,Lassen,035,31185,542,474,2,476,0
2020-07-18,Los Angeles,037,10098052,173244,153265,310,153575,4088
2020-07-18,Madera,039,155013,2069,1260,3,1263,9
2020-07-18,Marin,041,260295,4751,4089,5,4094,21
2020-07-18,Mariposa,043,17540,49,35,0,35,1
2020-07-18,Mendocino,045,87422,209,137,0,137,0
2020-07-18,Merced,047,269075,4080,2424,3,2427,15
2020-07-18,Modoc,049,8938,3,0,0,0,0
2020-07-18,Mono,051,14174,105,54,1,55,1
2020-07-18,Monterey,053,433212,4147,3020,13,3033,17
2020-07-18,Napa,055,140530,902,609,0,609,5
2020-07-18,Nevada,057,99092,288,204,9,213,1
2020-07-18,Orange,059,3164182,38009,29603,568,30171,493
2020-07-18,Placer,061,380077,1782,1233,3,1236,11
2020-07-18,Plumas,063,18699,30,17,0,17,0
2020-07-18,Riverside,065,2383286,37947,30245,37,30282,581
2020-07-18,Sacramento,067,1510023,9620,6739,10,6749,95
2020-07-18,San Benito,069,59416,544,407,0,407,2
2020-07-18,San Bernardino,071,2135413,33227,23680,93,23773,336
2020-07-18,San Diego,073,3302833,27821,23116,2,23118,478
2020-07-18,San Francisco,075,870044,6067,5051,6,5057,52
2020-07-18,San Joaquin,077,732212,11449,8118,6,8124,93
2020-07-18,San Luis Obispo,079,281455,1679,1234,8,1242,6
2020-07-18,San Mateo,081,765935,5423,4488,7,4495,110
2020-07-18,Santa Barbara,083,443738,6131,5110,50,5160,29
2020-07-18,Santa Clara,085,1922200,10269,7255,25,7280,164
2020-07-18,Santa Cruz,087,273765,986,751,8,759,3
2020-07-18,Shasta,089,179085,372,216,1,217,9
2020-07-18,Sierra,091,2930,1,1,0,1,0
2020-07-18,Siskiyou,093,43540,71,42,0,42,0
2020-07-18,Solano,095,438530,3515,2503,12,2515,26
2020-07-18,Sonoma,097,501317,2836,2019,5,2024,15
2020-07-18,Stanislaus,099,539301,9026,6344,11,6355,58
2020-07-18,Sutter,101,95872,599,473,0,473,2
2020-07-18,Tehama,103,63373,202,136,2,138,1
2020-07-18,Trinity,105,12862,23,2,6,8,0
2020-07-18,Tulare,107,460477,9085,6810,32,6842,167
2020-07-18,Tuolumne,109,53932,122,75,2,77,0
2020-07-18,Ventura,111,848112,7298,5630,26,5656,52
2020-07-18,Yolo,113,214977,1468,1077,3,1080,30
2020-07-18,Yuba,115,75493,318,237,0,237,1
2020-07-17,Alameda,001,1643700,11135,8893,29,8922,160
2020-07-17,Alpine,003,1148,2,1,0,1,0
2020-07-17,Amador,005,37829,96,48,0,48,0
2020-07-17,Butte,007,227075,836,497,9,506,4
2020-07-17,Calaveras,009,45235,96,86,0,86,0
2020-07-17,Colusa,011,21464,272,146,0,146,0
2020-07-17,Contra Costa,013,1133247,7696,5483,22,5505,93
2020-07-17,Del Norte,015,27424,82,60,0,60,0
2020-07-17,El Dorado,017,186661,621,368,0,368,0
2020-07-17,Fresno,019,978130,17222,9954,143,10097,104
2020-07-17,Glenn,021,27897,296,203,0,203,0
2020-07-17,Humboldt,023,135768,216,185,1,186,4
2020-07-17,Imperial,025,180216,9702,7193,7,7200,120
2020-07-17,Inyo,027,18085,42,38,1,39,1
2020-07-17,Kern,029,883053,19547,8291,75,8366,113
2020-07-17,Kings,031,150075,3857,2978,23,3001,37
2020-07-17,Lake,033,64148,184,139,0,139,1
2020-07-17,Lassen,035,31185,523,391,2,393,0
2020-07-17,Los Angeles,037,10098052,170871,150481,298,150779,4052
2020-07-17,Madera,039,155013,2025,1214,3,1217,9
2020-07-17,Marin,041,260295,4714,3839,5,3844,21
2020-07-17,Mariposa,043,17540,47,35,0,35,1
2020-07-17,Mendocino,045,87422,201,126,0,126,0
2020-07-17,Merced,047,269075,4004,2328,3,2331,12
2020-07-17,Modoc,049,8938,2,0,0,0,0
2020-07-17,Mono,051,14174,100,54,1,55,1
2020-07-17,Monterey,053,433212,4018,2922,13,2935,18
2020-07-17,Napa,055,140530,888,598,0,598,5
2020-07-17,Nevada,057,99092,281,200,9,209,1
2020-07-17,Orange,059,3164182,37546,28962,535,29497,485
2020-07-17,Placer,061,380077,1753,1207,3,1210,11
2020-07-17,Plumas,063,18699,27,16,0,16,0
2020-07-17,Riverside,065,2383286,37349,29639,37,29676,580
2020-07-17,Sacramento,067,1510023,9376,6563,10,6573,95
2020-07-17,San Benito,069,59416,529,399,0,399,2
2020-07-17,San Bernardino,071,2135413,32707,23057,90,23147,322
2020-07-17,San Diego,073,3302833,27432,22491,2,22493,472
2020-07-17,San Francisco,075,870044,5973,4967,6,4973,52
2020-07-17,San Joaquin,077,732212,11205,7925,6,7931,86
2020-07-17,San Luis Obispo,079,281455,1642,1190,8,1198,6
2020-07-17,San Mateo,081,765935,5327,4407,7,4414,110
2020-07-17,Santa Barbara,083,443738,6058,5001,49,5050,29
2020-07-17,Santa Clara,085,1922200,10051,7080,25,7105,164
2020-07-17,Santa Cruz,087,273765,964,716,8,724,3
2020-07-17,Shasta,089,179085,360,213,1,214,8
2020-07-17,Sierra,091,2930,1,1,0,1,0
2020-07-17,Siskiyou,093,43540,70,40,0,40,0
2020-07-17,Solano,095,438530,3466,2452,12,2464,26
2020-07-17,Sonoma,097,501317,2788,1982,5,1987,15
2020-07-17,Stanislaus,099,539301,8852,6220,11,6231,56
2020-07-17,Sutter,101,95872,586,458,0,458,2
2020-07-17,Tehama,103,63373,198,128,2,130,1
2020-07-17,Trinity,105,12862,23,2,6,8,0
2020-07-17,Tulare,107,460477,8949,6671,32,6703,166
2020-07-17,Tuolumne,109,53932,121,73,2,75,0
2020-07-17,Ventura,111,848112,7214,5451,26,5477,51
2020-07-17,Yolo,113,214977,1444,1055,3,1058,30
2020-07-17,Yuba,115,75493,308,231,0,231,1
2020-07-16,Alameda,001,1643700,10901,8719,24,8743,153
2020-07-16,Alpine,003,1148,2,1,0,1,0
2020-07-16,Amador,005,37829,93,46,0,46,0
2020-07-16,Butte,007,227075,799,465,8,473,4
2020-07-16,Calaveras,009,45235,94,82,0,82,0
2020-07-16,Colusa,011,21464,263,140,0,140,0
2020-07-16,Contra Costa,013,1133247,7484,5338,16,5354,91
2020-07-16,Del Norte,015,27424,82,60,0,60,0
2020-07-16,El Dorado,017,186661,604,357,0,357,0
2020-07-16,Fresno,019,978130,16710,9481,134,9615,101
2020-07-16,Glenn,021,27897,287,190,0,190,0
2020-07-16,Humboldt,023,135768,214,184,1,185,4
2020-07-16,Imperial,025,180216,9607,7148,7,7155,113
2020-07-16,Inyo,027,18085,42,38,1,39,1
2020-07-16,Kern,029,883053,19025,7435,73,7508,112
2020-07-16,Kings,031,150075,3690,2937,23,2960,37
2020-07-16,Lake,033,64148,179,128,0,128,1
2020-07-16,Lassen,035,31185,522,355,2,357,0
2020-07-16,Los Angeles,037,10098052,167653,147759,275,148034,3994
2020-07-16,Madera,039,155013,1961,1192,3,1195,8
2020-07-16,Marin,041,260295,4642,3546,5,3551,21
2020-07-16,Mariposa,043,17540,45,34,0,34,1
2020-07-16,Mendocino,045,87422,196,121,0,121,0
2020-07-16,Merced,047,269075,3842,2228,3,2231,12
2020-07-16,Modoc,049,8938,1,0,0,0,0
2020-07-16,Mono,051,14174,97,53,1,54,1
2020-07-16,Monterey,053,433212,3914,2857,12,2869,18
2020-07-16,Napa,055,140530,859,581,0,581,5
2020-07-16,Nevada,057,99092,278,191,9,200,1
2020-07-16,Orange,059,3164182,36845,28525,499,29024,471
2020-07-16,Placer,061,380077,1705,1168,3,1171,11
2020-07-16,Plumas,063,18699,25,16,0,16,0
2020-07-16,Riverside,065,2383286,36604,28904,35,28939,577
2020-07-16,Sacramento,067,1510023,9063,6440,9,6449,91
2020-07-16,San Benito,069,59416,512,389,0,389,2
2020-07-16,San Bernardino,071,2135413,31846,22355,72,22427,321
2020-07-16,San Diego,073,3302833,26945,21857,2,21859,465
2020-07-16,San Francisco,075,870044,5832,4838,6,4844,52
2020-07-16,San Joaquin,077,732212,10842,7713,6,7719,82
2020-07-16,San Luis Obispo,079,281455,1598,1146,8,1154,6
2020-07-16,San Mateo,081,765935,5223,4336,7,4343,110
2020-07-16,Santa Barbara,083,443738,5962,4872,48,4920,28
2020-07-16,Santa Clara,085,1922200,9771,6990,23,7013,164
2020-07-16,Santa Cruz,087,273765,923,698,8,706,3
2020-07-16,Shasta,089,179085,345,208,1,209,7
2020-07-16,Sierra,091,2930,1,1,0,1,0
2020-07-16,Siskiyou,093,43540,67,39,0,39,0
2020-07-16,Solano,095,438530,3372,2372,12,2384,25
2020-07-16,Sonoma,097,501317,2698,1954,5,1959,14
2020-07-16,Stanislaus,099,539301,8570,6077,10,6087,56
2020-07-16,Sutter,101,95872,570,444,0,444,2
2020-07-16,Tehama,103,63373,188,126,2,128,1
2020-07-16,Trinity,105,12862,23,2,5,7,0
2020-07-16,Tulare,107,460477,8733,6467,31,6498,163
2020-07-16,Tuolumne,109,53932,116,71,2,73,0
2020-07-16,Ventura,111,848112,7052,5231,26,5257,50
2020-07-16,Yolo,113,214977,1403,1034,3,1037,29
2020-07-16,Yuba,115,75493,290,221,0,221,1
2020-07-15,Alameda,001,1643700,10696,8615,19,8634,153
2020-07-15,Alpine,003,1148,2,1,0,1,0
2020-07-15,Amador,005,37829,72,44,0,44,0
2020-07-15,Butte,007,227075,757,420,8,428,4
2020-07-15,Calaveras,009,45235,94,75,0,75,0
2020-07-15,Colusa,011,21464,258,135,0,135,0
2020-07-15,Contra Costa,013,1133247,7253,5246,16,5262,90
2020-07-15,Del Norte,015,27424,81,60,0,60,0
2020-07-15,El Dorado,017,186661,580,339,0,339,0
2020-07-15,Fresno,019,978130,16236,9124,127,9251,101
2020-07-15,Glenn,021,27897,278,184,0,184,0
2020-07-15,Humboldt,023,135768,212,181,1,182,4
2020-07-15,Imperial,025,180216,9540,7110,7,7117,110
2020-07-15,Inyo,027,18085,42,36,1,37,1
2020-07-15,Kern,029,883053,18405,7155,70,7225,108
2020-07-15,Kings,031,150075,3629,2906,23,2929,37
2020-07-15,Lake,033,64148,177,122,0,122,1
2020-07-15,Lassen,035,31185,518,319,2,321,0
2020-07-15,Los Angeles,037,10098052,164190,143343,260,143603,3946
2020-07-15,Madera,039,155013,1892,1147,3,1150,4
2020-07-15,Marin,041,260295,4587,3458,5,3463,21
2020-07-15,Mariposa,043,17540,45,34,0,34,1
2020-07-15,Mendocino,045,87422,193,119,0,119,0
2020-07-15,Merced,047,269075,3692,2156,3,2159,12
2020-07-15,Modoc,049,8938,1,0,0,0,0
2020-07-15,Mono,051,14174,95,52,1,53,1
2020-07-15,Monterey,053,433212,3802,2780,12,2792,18
2020-07-15,Napa,055,140530,833,573,0,573,5
2020-07-15,Nevada,057,99092,274,185,7,192,1
2020-07-15,Orange,059,3164182,36045,27718,465,28183,454
2020-07-15,Placer,061,380077,1647,1145,3,1148,11
2020-07-15,Plumas,063,18699,25,16,0,16,0
2020-07-15,Riverside,065,2383286,35822,28492,33,28525,568
2020-07-15,Sacramento,067,1510023,8682,6217,9,6226,91
2020-07-15,San Benito,069,59416,503,388,0,388,2
2020-07-15,San Bernardino,071,2135413,31056,21508,56,21564,317
2020-07-15,San Diego,073,3302833,26478,21448,2,21450,448
2020-07-15,San Francisco,075,870044,5718,4757,6,4763,50
2020-07-15,San Joaquin,077,732212,10410,7381,5,7386,75
2020-07-15,San Luis Obispo,079,281455,1555,1097,8,1105,6
2020-07-15,San Mateo,081,765935,5110,4258,7,4265,109
2020-07-15,Santa Barbara,083,443738,5845,4733,48,4781,28
2020-07-15,Santa Clara,085,1922200,9467,6900,23,6923,164
2020-07-15,Santa Cruz,087,273765,887,660,7,667,3
2020-07-15,Shasta,089,179085,336,193,1,194,7
2020-07-15,Sierra,091,2930,1,1,0,1,0
2020-07-15,Siskiyou,093,43540,66,38,0,38,0
2020-07-15,Solano,095,438530,3277,2343,12,2355,25
2020-07-15,Sonoma,097,501317,2600,1920,5,1925,14
2020-07-15,Stanislaus,099,539301,8273,5777,10,5787,56
2020-07-15,Sutter,101,95872,544,433,0,433,2
2020-07-15,Tehama,103,63373,180,126,2,128,1
2020-07-15,Trinity,105,12862,22,2,5,7,0
2020-07-15,Tulare,107,460477,8522,6320,30,6350,156
2020-07-15,Tuolumne,109,53932,109,68,2,70,0
2020-07-15,Ventura,111,848112,6875,5087,26,5113,50
2020-07-15,Yolo,113,214977,1371,1002,3,1005,27
2020-07-15,Yuba,115,75493,278,221,0,221,1
2020-07-14,Alameda,001,1643700,10354,8388,13,8401,151
2020-07-14,Alpine,003,1148,2,1,0,1,0
2020-07-14,Amador,005,37829,68,44,0,44,0
2020-07-14,Butte,007,227075,711,382,8,390,4
2020-07-14,Calaveras,009,45235,92,74,0,74,0
2020-07-14,Colusa,011,21464,248,128,0,128,0
2020-07-14,Contra Costa,013,1133247,7016,5110,14,5124,90
2020-07-14,Del Norte,015,27424,80,60,0,60,0
2020-07-14,El Dorado,017,186661,565,324,0,324,0
2020-07-14,Fresno,019,978130,15816,8941,122,9063,98
2020-07-14,Glenn,021,27897,268,177,0,177,0
2020-07-14,Humboldt,023,135768,209,175,1,176,4
2020-07-14,Imperial,025,180216,9412,7095,7,7102,109
2020-07-14,Inyo,027,18085,42,35,1,36,1
2020-07-14,Kern,029,883053,17646,6979,57,7036,107
2020-07-14,Kings,031,150075,3562,2867,22,2889,37
2020-07-14,Lake,033,64148,171,120,0,120,1
2020-07-14,Lassen,035,31185,501,263,2,265,0
2020-07-14,Los Angeles,037,10098052,161057,140632,230,140862,3900
2020-07-14,Madera,039,155013,1818,1118,3,1121,4
2020-07-14,Marin,041,260295,4473,3451,5,3456,21
2020-07-14,Mariposa,043,17540,41,32,0,32,1
2020-07-14,Mendocino,045,87422,185,110,0,110,0
2020-07-14,Merced,047,269075,3513,2084,3,2087,12
2020-07-14,Modoc,049,8938,1,0,0,0,0
2020-07-14,Mono,051,14174,85,48,1,49,1
2020-07-14,Monterey,053,433212,3688,2724,12,2736,18
2020-07-14,Napa,055,140530,777,557,0,557,4
2020-07-14,Nevada,057,99092,257,180,6,186,1
2020-07-14,Orange,059,3164182,35165,26915,418,27333,432
2020-07-14,Placer,061,380077,1589,1122,3,1125,11
2020-07-14,Plumas,063,18699,24,14,0,14,0
2020-07-14,Riverside,065,2383286,35065,27850,32,27882,547
2020-07-14,Sacramento,067,1510023,8328,5978,9,5987,87
2020-07-14,San Benito,069,59416,484,360,0,360,2
2020-07-14,San Bernardino,071,2135413,30204,20489,46,20535,316
2020-07-14,San Diego,073,3302833,25858,20887,2,20889,436
2020-07-14,San Francisco,075,870044,5568,4659,5,4664,50
2020-07-14,San Joaquin,077,732212,9982,7143,5,7148,75
2020-07-14,San Luis Obispo,079,281455,1517,1060,8,1068,5
2020-07-14,San Mateo,081,765935,5017,4173,7,4180,108
2020-07-14,Santa Barbara,083,443738,5721,4641,46,4687,28
2020-07-14,Santa Clara,085,1922200,9139,6686,20,6706,164
2020-07-14,Santa Cruz,087,273765,848,639,7,646,3
2020-07-14,Shasta,089,179085,327,190,1,191,7
2020-07-14,Sierra,091,2930,1,1,0,1,0
2020-07-14,Siskiyou,093,43540,65,38,0,38,0
2020-07-14,Solano,095,438530,3177,2266,10,2276,25
2020-07-14,Sonoma,097,501317,2507,1866,5,1871,14
2020-07-14,Stanislaus,099,539301,7899,5631,9,5640,53
2020-07-14,Sutter,101,95872,525,405,0,405,2
2020-07-14,Tehama,103,63373,168,123,2,125,1
2020-07-14,Trinity,105,12862,21,2,5,7,0
2020-07-14,Tulare,107,460477,8276,6199,30,6229,156
2020-07-14,Tuolumne,109,53932,104,68,2,70,0
2020-07-14,Ventura,111,848112,6714,4950,26,4976,50
2020-07-14,Yolo,113,214977,1323,966,3,969,27
2020-07-14,Yuba,115,75493,261,210,0,210,1
2020-07-13,Alameda,001,1643700,10045,8115,13,8128,148
2020-07-13,Alpine,003,1148,2,1,0,1,0
2020-07-13,Amador,005,37829,64,42,0,42,0
2020-07-13,Butte,007,227075,675,354,8,362,4
2020-07-13,Calaveras,009,45235,84,63,0,63,0
2020-07-13,Colusa,011,21464,242,116,0,116,0
2020-07-13,Contra Costa,013,1133247,6743,4882,12,4894,88
2020-07-13,Del Norte,015,27424,74,59,0,59,0
2020-07-13,El Dorado,017,186661,534,298,0,298,0
2020-07-13,Fresno,019,978130,15384,8666,117,8783,95
2020-07-13,Glenn,021,27897,261,168,0,168,0
2020-07-13,Humboldt,023,135768,204,174,1,175,4
2020-07-13,Imperial,025,180216,9327,7052,7,7059,109
2020-07-13,Inyo,027,18085,41,35,1,36,1
2020-07-13,Kern,029,883053,16961,6808,52,6860,107
2020-07-13,Kings,031,150075,3511,2824,22,2846,37
2020-07-13,Lake,033,64148,166,118,0,118,1
2020-07-13,Lassen,035,31185,496,237,2,239,0
2020-07-13,Los Angeles,037,10098052,157826,136368,216,136584,3829
2020-07-13,Madera,039,155013,1749,1059,3,1062,4
2020-07-13,Marin,041,260295,4370,3402,5,3407,21
2020-07-13,Mariposa,043,17540,40,31,0,31,1
2020-07-13,Mendocino,045,87422,181,87,0,87,0
2020-07-13,Merced,047,269075,3364,2007,3,2010,12
2020-07-13,Modoc,049,8938,1,0,0,0,0
2020-07-13,Mono,051,14174,81,47,0,47,1
2020-07-13,Monterey,053,433212,3565,2613,9,2622,18
2020-07-13,Napa,055,140530,741,534,0,534,4
2020-07-13,Nevada,057,99092,243,172,6,178,1
2020-07-13,Orange,059,3164182,34301,25978,388,26366,423
2020-07-13,Placer,061,380077,1544,1096,3,1099,11
2020-07-13,Plumas,063,18699,22,14,0,14,0
2020-07-13,Riverside,065,2383286,34139,27136,30,27166,545
2020-07-13,Sacramento,067,1510023,8031,5747,9,5756,85
2020-07-13,San Benito,069,59416,471,343,0,343,2
2020-07-13,San Bernardino,071,2135413,29326,19610,40,19650,313
2020-07-13,San Diego,073,3302833,25291,20348,2,20350,422
2020-07-13,San Francisco,075,870044,5440,4534,4,4538,50
2020-07-13,San Joaquin,077,732212,9565,6927,5,6932,71
2020-07-13,San Luis Obispo,079,281455,1486,989,8,997,5
2020-07-13,San Mateo,081,765935,4886,4057,7,4064,108
2020-07-13,Santa Barbara,083,443738,5607,4441,45,4486,28
2020-07-13,Santa Clara,085,1922200,8816,6488,19,6507,164
2020-07-13,Santa Cruz,087,273765,810,574,7,581,3
2020-07-13,Shasta,089,179085,316,185,1,186,6
2020-07-13,Sierra,091,2930,1,1,0,1,0
2020-07-13,Siskiyou,093,43540,61,37,0,37,0
2020-07-13,Solano,095,438530,3065,2046,10,2056,23
2020-07-13,Sonoma,097,501317,2396,1818,5,1823,14
2020-07-13,Stanislaus,099,539301,7596,5324,8,5332,53
2020-07-13,Sutter,101,95872,487,379,0,379,2
2020-07-13,Tehama,103,63373,155,112,2,114,1
2020-07-13,Trinity,105,12862,21,2,5,7,0
2020-07-13,Tulare,107,460477,8015,5930,28,5958,147
2020-07-13,Tuolumne,109,53932,96,56,2,58,0
2020-07-13,Ventura,111,848112,6524,4800,23,4823,50
2020-07-13,Yolo,113,214977,1277,941,3,944,27
2020-07-13,Yuba,115,75493,246,194,0,194,1
2020-07-12,Alameda,001,1643700,9774,8056,13,8069,148
2020-07-12,Alpine,003,1148,2,1,0,1,0
2020-07-12,Amador,005,37829,54,40,0,40,0
2020-07-12,Butte,007,227075,625,341,7,348,4
2020-07-12,Calaveras,009,45235,84,62,0,62,0
2020-07-12,Colusa,011,21464,208,116,0,116,0
2020-07-12,Contra Costa,013,1133247,6472,4708,10,4718,88
2020-07-12,Del Norte,015,27424,63,59,0,59,0
2020-07-12,El Dorado,017,186661,512,290,0,290,0
2020-07-12,Fresno,019,978130,14957,8407,112,8519,95
2020-07-12,Glenn,021,27897,248,166,0,166,0
2020-07-12,Humboldt,023,135768,200,174,1,175,4
2020-07-12,Imperial,025,180216,9208,6999,6,7005,109
2020-07-12,Inyo,027,18085,39,35,1,36,1
2020-07-12,Kern,029,883053,16217,6662,49,6711,105
2020-07-12,Kings,031,150075,3449,2779,22,2801,34
2020-07-12,Lake,033,64148,157,114,0,114,1
2020-07-12,Lassen,035,31185,489,237,2,239,0
2020-07-12,Los Angeles,037,10098052,154411,133830,187,134017,3816
2020-07-12,Madera,039,155013,1694,1025,3,1028,4
2020-07-12,Marin,041,260295,4293,3358,5,3363,21
2020-07-12,Mariposa,043,17540,39,31,0,31,1
2020-07-12,Mendocino,045,87422,162,88,0,88,0
2020-07-12,Merced,047,269075,3234,1908,3,1911,12
2020-07-12,Modoc,049,8938,1,0,0,0,0
2020-07-12,Mono,051,14174,71,45,0,45,1
2020-07-12,Monterey,053,433212,3450,2521,9,2530,18
2020-07-12,Napa,055,140530,709,519,0,519,4
2020-07-12,Nevada,057,99092,233,166,6,172,1
2020-07-12,Orange,059,3164182,33426,25399,379,25778,422
2020-07-12,Placer,061,380077,1488,1058,3,1061,11
2020-07-12,Plumas,063,18699,21,14,0,14,0
2020-07-12,Riverside,065,2383286,33379,26404,30,26434,542
2020-07-12,Sacramento,067,1510023,7719,5515,7,5522,85
2020-07-12,San Benito,069,59416,456,324,0,324,2
2020-07-12,San Bernardino,071,2135413,28413,19042,35,19077,312
2020-07-12,San Diego,073,3302833,24662,19929,2,19931,422
2020-07-12,San Francisco,075,870044,5290,4535,4,4539,50
2020-07-12,San Joaquin,077,732212,9203,6703,5,6708,71
2020-07-12,San Luis Obispo,079,281455,1439,972,7,979,5
2020-07-12,San Mateo,081,765935,4768,3988,7,3995,108
2020-07-12,Santa Barbara,083,443738,5477,4353,44,4397,28
2020-07-12,Santa Clara,085,1922200,8578,6252,18,6270,164
2020-07-12,Santa Cruz,087,273765,768,573,5,578,3
2020-07-12,Shasta,089,179085,310,173,1,174,6
2020-07-12,Sierra,091,2930,1,1,0,1,0
2020-07-12,Siskiyou,093,43540,59,36,0,36,0
2020-07-12,Solano,095,438530,2940,2037,10,2047,23
2020-07-12,Sonoma,097,501317,2302,1743,5,1748,13
2020-07-12,Stanislaus,099,539301,7292,5177,8,5185,53
2020-07-12,Sutter,101,95872,469,362,0,362,2
2020-07-12,Tehama,103,63373,148,111,2,113,1
2020-07-12,Trinity,105,12862,21,2,5,7,0
2020-07-12,Tulare,107,460477,7760,5864,27,5891,146
2020-07-12,Tuolumne,109,53932,88,52,2,54,0
2020-07-12,Ventura,111,848112,6308,4724,22,4746,50
2020-07-12,Yolo,113,214977,1236,889,3,892,27
2020-07-12,Yuba,115,75493,235,188,0,188,1
2020-07-11,Alameda,001,1643700,9672,7845,13,7858,148
2020-07-11,Alpine,003,1148,2,1,0,1,0
2020-07-11,Amador,005,37829,50,37,0,37,0
2020-07-11,Butte,007,227075,609,325,7,332,4
2020-07-11,Calaveras,009,45235,81,62,0,62,0
2020-07-11,Colusa,011,21464,203,110,0,110,0
2020-07-11,Contra Costa,013,1133247,6355,4650,10,4660,87
2020-07-11,Del Norte,015,27424,63,59,0,59,0
2020-07-11,El Dorado,017,186661,501,283,0,283,0
2020-07-11,Fresno,019,978130,14697,8086,110,8196,95
2020-07-11,Glenn,021,27897,240,161,0,161,0
2020-07-11,Humboldt,023,135768,199,174,1,175,4
2020-07-11,Imperial,025,180216,9169,6884,6,6890,109
2020-07-11,Inyo,027,18085,39,35,1,36,1
2020-07-11,Kern,029,883053,15860,6509,48,6557,103
2020-07-11,Kings,031,150075,3422,2753,22,2775,33
2020-07-11,Lake,033,64148,156,110,0,110,1
2020-07-11,Lassen,035,31185,488,237,2,239,0
2020-07-11,Los Angeles,037,10098052,152694,130479,177,130656,3802
2020-07-11,Madera,039,155013,1653,988,3,991,4
2020-07-11,Marin,041,260295,4265,3191,5,3196,21
2020-07-11,Mariposa,043,17540,39,31,0,31,1
2020-07-11,Mendocino,045,87422,158,88,0,88,0
2020-07-11,Merced,047,269075,3153,1851,3,1854,12
2020-07-11,Modoc,049,8938,1,0,0,0,0
2020-07-11,Mono,051,14174,68,45,0,45,1
2020-07-11,Monterey,053,433212,3361,2376,8,2384,18
2020-07-11,Napa,055,140530,697,509,0,509,4
2020-07-11,Nevada,057,99092,224,163,5,168,1
2020-07-11,Orange,059,3164182,33049,24430,365,24795,422
2020-07-11,Placer,061,380077,1453,1029,3,1032,11
2020-07-11,Plumas,063,18699,21,12,0,12,0
2020-07-11,Riverside,065,2383286,32988,25994,30,26024,538
2020-07-11,Sacramento,067,1510023,7545,5367,7,5374,84
2020-07-11,San Benito,069,59416,441,314,0,314,2
2020-07-11,San Bernardino,071,2135413,27976,18907,33,18940,310
2020-07-11,San Diego,073,3302833,24277,19371,2,19373,422
2020-07-11,San Francisco,075,870044,5194,4430,3,4433,50
2020-07-11,San Joaquin,077,732212,9025,6518,5,6523,72
2020-07-11,San Luis Obispo,079,281455,1391,930,7,937,4
2020-07-11,San Mateo,081,765935,4700,3956,7,3963,108
2020-07-11,Santa Barbara,083,443738,5408,4283,43,4326,28
2020-07-11,Santa Clara,085,1922200,8419,5959,18,5977,164
2020-07-11,Santa Cruz,087,273765,737,571,5,576,3
2020-07-11,Shasta,089,179085,303,168,1,169,6
2020-07-11,Sierra,091,2930,1,1,0,1,0
2020-07-11,Siskiyou,093,43540,59,36,0,36,0
2020-07-11,Solano,095,438530,2899,2034,10,2044,23
2020-07-11,Sonoma,097,501317,2265,1690,5,1695,13
2020-07-11,Stanislaus,099,539301,7151,4911,8,4919,51
2020-07-11,Sutter,101,95872,453,352,0,352,2
2020-07-11,Tehama,103,63373,146,111,2,113,1
2020-07-11,Trinity,105,12862,21,2,5,7,0
2020-07-11,Tulare,107,460477,7654,5780,27,5807,149
2020-07-11,Tuolumne,109,53932,86,50,2,52,0
2020-07-11,Ventura,111,848112,6212,4545,21,4566,49
2020-07-11,Yolo,113,214977,1207,833,3,836,27
2020-07-11,Yuba,115,75493,225,175,0,175,1
2020-07-10,Alameda,001,1643700,9515,7551,13,7564,147
2020-07-10,Alpine,003,1148,2,1,0,1,0
2020-07-10,Amador,005,37829,46,37,0,37,0
2020-07-10,Butte,007,227075,598,318,7,325,4
2020-07-10,Calaveras,009,45235,81,61,0,61,0
2020-07-10,Colusa,011,21464,197,103,0,103,0
2020-07-10,Contra Costa,013,1133247,6212,4482,10,4492,86
2020-07-10,Del Norte,015,27424,63,57,0,57,0
2020-07-10,El Dorado,017,186661,483,266,0,266,0
2020-07-10,Fresno,019,978130,14365,7760,107,7867,93
2020-07-10,Glenn,021,27897,235,157,0,157,0
2020-07-10,Humboldt,023,135768,198,168,1,169,4
2020-07-10,Imperial,025,180216,9124,6878,5,6883,98
2020-07-10,Inyo,027,18085,39,35,1,36,1
2020-07-10,Kern,029,883053,15427,6344,47,6391,102
2020-07-10,Kings,031,150075,3386,2707,22,2729,33
2020-07-10,Lake,033,64148,149,104,0,104,1
2020-07-10,Lassen,035,31185,487,235,2,237,0
2020-07-10,Los Angeles,037,10098052,150275,127503,171,127674,3750
2020-07-10,Madera,039,155013,1607,914,3,917,4
2020-07-10,Marin,041,260295,4202,3101,5,3106,21
2020-07-10,Mariposa,043,17540,38,31,0,31,1
2020-07-10,Mendocino,045,87422,150,88,0,88,0
2020-07-10,Merced,047,269075,3074,1802,3,1805,12
2020-07-10,Modoc,049,8938,1,0,0,0,0
2020-07-10,Mono,051,14174,67,45,0,45,1
2020-07-10,Monterey,053,433212,3282,2285,8,2293,18
2020-07-10,Napa,055,140530,686,496,0,496,4
2020-07-10,Nevada,057,99092,219,161,5,166,1
2020-07-10,Orange,059,3164182,32461,23692,362,24054,416
2020-07-10,Placer,061,380077,1412,1002,3,1005,11
2020-07-10,Plumas,063,18699,19,12,0,12,0
2020-07-10,Riverside,065,2383286,32472,25481,30,25511,533
2020-07-10,Sacramento,067,1510023,7290,5181,7,5188,81
2020-07-10,San Benito,069,59416,432,302,0,302,2
2020-07-10,San Bernardino,071,2135413,27450,18242,30,18272,308
2020-07-10,San Diego,073,3302833,23896,18862,2,18864,420
2020-07-10,San Francisco,075,870044,5103,4305,3,4308,50
2020-07-10,San Joaquin,077,732212,8792,6225,5,6230,67
2020-07-10,San Luis Obispo,079,281455,1353,891,7,898,4
2020-07-10,San Mateo,081,765935,4635,3844,7,3851,107
2020-07-10,Santa Barbara,083,443738,5311,4177,42,4219,28
2020-07-10,Santa Clara,085,1922200,8195,5819,18,5837,164
2020-07-10,Santa Cruz,087,273765,710,540,5,545,3
2020-07-10,Shasta,089,179085,299,158,1,159,6
2020-07-10,Sierra,091,2930,1,1,0,1,0
2020-07-10,Siskiyou,093,43540,59,31,0,31,0
2020-07-10,Solano,095,438530,2852,1950,10,1960,23
2020-07-10,Sonoma,097,501317,2218,1606,4,1610,13
2020-07-10,Stanislaus,099,539301,6981,4781,8,4789,46
2020-07-10,Sutter,101,95872,446,338,0,338,2
2020-07-10,Tehama,103,63373,145,107,2,109,1
2020-07-10,Trinity,105,12862,21,2,5,7,0
2020-07-10,Tulare,107,460477,7517,5677,27,5704,150
2020-07-10,Tuolumne,109,53932,85,49,2,51,0
2020-07-10,Ventura,111,848112,6098,4416,21,4437,48
2020-07-10,Yolo,113,214977,1183,794,3,797,27
2020-07-10,Yuba,115,75493,211,164,0,164,1
2020-07-09,Alameda,001,1643700,9279,7433,13,7446,146
2020-07-09,Alpine,003,1148,2,1,0,1,0
2020-07-09,Amador,005,37829,43,36,0,36,0
2020-07-09,Butte,007,227075,566,295,7,302,4
2020-07-09,Calaveras,009,45235,80,59,0,59,0
2020-07-09,Colusa,011,21464,189,97,0,97,0
2020-07-09,Contra Costa,013,1133247,5969,4388,10,4398,86
2020-07-09,Del Norte,015,27424,63,57,0,57,0
2020-07-09,El Dorado,017,186661,458,255,0,255,0
2020-07-09,Fresno,019,978130,13909,7385,104,7489,90
2020-07-09,Glenn,021,27897,225,150,0,150,0
2020-07-09,Humboldt,023,135768,195,166,1,167,4
2020-07-09,Imperial,025,180216,9029,6778,5,6783,87
2020-07-09,Inyo,027,18085,37,35,1,36,1
2020-07-09,Kern,029,883053,14782,6100,45,6145,95
2020-07-09,Kings,031,150075,3322,2686,21,2707,33
2020-07-09,Lake,033,64148,146,99,0,99,1
2020-07-09,Lassen,035,31185,431,221,2,223,0
2020-07-09,Los Angeles,037,10098052,147017,125062,147,125209,3698
2020-07-09,Madera,039,155013,1530,850,3,853,4
2020-07-09,Marin,041,260295,4051,2975,4,2979,20
2020-07-09,Mariposa,043,17540,38,32,0,32,1
2020-07-09,Mendocino,045,87422,146,88,0,88,0
2020-07-09,Merced,047,269075,2941,1728,3,1731,11
2020-07-09,Modoc,049,8938,1,0,0,0,0
2020-07-09,Mono,051,14174,63,45,0,45,1
2020-07-09,Monterey,053,433212,3157,2223,8,2231,17
2020-07-09,Napa,055,140530,669,468,0,468,4
2020-07-09,Nevada,057,99092,213,156,5,161,1
2020-07-09,Orange,059,3164182,31490,22960,344,23304,407
2020-07-09,Placer,061,380077,1369,982,3,985,11
2020-07-09,Plumas,063,18699,19,12,0,12,0
2020-07-09,Riverside,065,2383286,31578,24980,29,25009,529
2020-07-09,Sacramento,067,1510023,6963,4950,7,4957,81
2020-07-09,San Benito,069,59416,416,295,0,295,2
2020-07-09,San Bernardino,071,2135413,26577,17339,24,17363,307
2020-07-09,San Diego,073,3302833,23304,18404,2,18406,415
2020-07-09,San Francisco,075,870044,4971,4143,3,4146,50
2020-07-09,San Joaquin,077,732212,8433,6004,5,6009,66
2020-07-09,San Luis Obispo,079,281455,1313,869,7,876,3
2020-07-09,San Mateo,081,765935,4508,3792,7,3799,106
2020-07-09,Santa Barbara,083,443738,5178,4068,42,4110,28
2020-07-09,Santa Clara,085,1922200,7938,5638,18,5656,164
2020-07-09,Santa Cruz,087,273765,683,526,5,531,3
2020-07-09,Shasta,089,179085,293,155,1,156,5
2020-07-09,Sierra,091,2930,1,1,0,1,0
2020-07-09,Siskiyou,093,43540,55,31,0,31,0
2020-07-09,Solano,095,438530,2754,1892,10,1902,23
2020-07-09,Sonoma,097,501317,2132,1584,4,1588,13
2020-07-09,Stanislaus,099,539301,6665,4633,7,4640,46
2020-07-09,Sutter,101,95872,429,321,0,321,2
2020-07-09,Tehama,103,63373,140,102,2,104,1
2020-07-09,Trinity,105,12862,21,2,5,7,0
2020-07-09,Tulare,107,460477,7298,5501,26,5527,146
2020-07-09,Tuolumne,109,53932,84,47,2,49,0
2020-07-09,Ventura,111,848112,5930,4278,21,4299,47
2020-07-09,Yolo,113,214977,1136,764,3,767,27
2020-07-09,Yuba,115,75493,194,152,0,152,1
2020-07-08,Alameda,001,1643700,8987,7335,13,7348,142
2020-07-08,Alpine,003,1148,2,1,0,1,0
2020-07-08,Amador,005,37829,40,35,0,35,0
2020-07-08,Butte,007,227075,529,281,7,288,3
2020-07-08,Calaveras,009,45235,75,58,0,58,0
2020-07-08,Colusa,011,21464,176,90,0,90,0
2020-07-08,Contra Costa,013,1133247,5723,4268,8,4276,84
2020-07-08,Del Norte,015,27424,61,57,0,57,0
2020-07-08,El Dorado,017,186661,437,248,0,248,0
2020-07-08,Fresno,019,978130,13492,7102,96,7198,86
2020-07-08,Glenn,021,27897,214,146,0,146,0
2020-07-08,Humboldt,023,135768,192,162,1,163,4
2020-07-08,Imperial,025,180216,8942,6727,5,6732,76
2020-07-08,Inyo,027,18085,37,35,1,36,1
2020-07-08,Kern,029,883053,14204,5873,43,5916,91
2020-07-08,Kings,031,150075,3262,2629,18,2647,33
2020-07-08,Lake,033,64148,139,97,0,97,1
2020-07-08,Lassen,035,31185,335,221,2,223,0
2020-07-08,Los Angeles,037,10098052,143817,123462,120,123582,3650
2020-07-08,Madera,039,155013,1460,828,3,831,4
2020-07-08,Marin,041,260295,3952,2756,4,2760,17
2020-07-08,Mariposa,043,17540,38,31,0,31,1
2020-07-08,Mendocino,045,87422,133,84,0,84,0
2020-07-08,Merced,047,269075,2822,1578,3,1581,11
2020-07-08,Modoc,049,8938,1,0,0,0,0
2020-07-08,Mono,051,14174,60,45,0,45,1
2020-07-08,Monterey,053,433212,3039,2182,7,2189,17
2020-07-08,Napa,055,140530,647,468,0,468,4
2020-07-08,Nevada,057,99092,204,156,5,161,1
2020-07-08,Orange,059,3164182,30537,22088,339,22427,378
2020-07-08,Placer,061,380077,1321,948,3,951,11
2020-07-08,Plumas,063,18699,19,12,0,12,0
2020-07-08,Riverside,065,2383286,30614,24042,28,24070,508
2020-07-08,Sacramento,067,1510023,6675,4799,7,4806,80
2020-07-08,San Benito,069,59416,400,282,0,282,2
2020-07-08,San Bernardino,071,2135413,25722,16510,20,16530,296
2020-07-08,San Diego,073,3302833,22737,17844,2,17846,406
2020-07-08,San Francisco,075,870044,4882,4093,3,4096,50
2020-07-08,San Joaquin,077,732212,8090,5759,5,5764,61
2020-07-08,San Luis Obispo,079,281455,1261,825,7,832,2
2020-07-08,San Mateo,081,765935,4387,3733,7,3740,106
2020-07-08,Santa Barbara,083,443738,5059,3985,42,4027,28
2020-07-08,Santa Clara,085,1922200,7705,5510,18,5528,164
2020-07-08,Santa Cruz,087,273765,650,509,4,513,3
2020-07-08,Shasta,089,179085,284,148,1,149,6
2020-07-08,Sierra,091,2930,1,1,0,1,0
2020-07-08,Siskiyou,093,43540,55,31,0,31,0
2020-07-08,Solano,095,438530,2638,1821,10,1831,23
2020-07-08,Sonoma,097,501317,2057,1495,4,1499,9
2020-07-08,Stanislaus,099,539301,6365,4344,7,4351,46
2020-07-08,Sutter,101,95872,404,298,0,298,2
2020-07-08,Tehama,103,63373,134,100,2,102,1
2020-07-08,Trinity,105,12862,20,2,5,7,0
2020-07-08,Tulare,107,460477,7106,5307,21,5328,138
2020-07-08,Tuolumne,109,53932,80,42,2,44,0
2020-07-08,Ventura,111,848112,5765,4139,21,4160,47
2020-07-08,Yolo,113,214977,1093,727,3,730,26
2020-07-08,Yuba,115,75493,181,145,0,145,1
2020-07-07,Alameda,001,1643700,8667,7097,12,7109,141
2020-07-07,Alpine,003,1148,2,1,0,1,0
2020-07-07,Amador,005,37829,40,33,0,33,0
2020-07-07,Butte,007,227075,486,269,7,276,3
2020-07-07,Calaveras,009,45235,73,58,0,58,0
2020-07-07,Colusa,011,21464,143,84,0,84,0
2020-07-07,Contra Costa,013,1133247,5487,4131,7,4138,84
2020-07-07,Del Norte,015,27424,61,57,0,57,0
2020-07-07,El Dorado,017,186661,417,244,0,244,0
2020-07-07,Fresno,019,978130,13039,6738,95,6833,84
2020-07-07,Glenn,021,27897,205,145,0,145,0
2020-07-07,Humboldt,023,135768,189,150,1,151,4
2020-07-07,Imperial,025,180216,8843,6678,5,6683,51
2020-07-07,Inyo,027,18085,36,32,1,33,1
2020-07-07,Kern,029,883053,13505,5645,39,5684,88
2020-07-07,Kings,031,150075,3199,2623,16,2639,33
2020-07-07,Lake,033,64148,129,94,0,94,1
2020-07-07,Lassen,035,31185,264,219,2,221,0
2020-07-07,Los Angeles,037,10098052,140249,121026,112,121138,3588
2020-07-07,Madera,039,155013,1416,794,3,797,4
2020-07-07,Marin,041,260295,3863,2627,4,2631,17
2020-07-07,Mariposa,043,17540,38,31,0,31,1
2020-07-07,Mendocino,045,87422,125,82,0,82,0
2020-07-07,Merced,047,269075,2648,1531,3,1534,10
2020-07-07,Modoc,049,8938,1,0,0,0,0
2020-07-07,Mono,051,14174,59,42,0,42,1
2020-07-07,Monterey,053,433212,2896,2166,7,2173,17
2020-07-07,Napa,055,140530,628,459,0,459,4
2020-07-07,Nevada,057,99092,198,150,5,155,1
2020-07-07,Orange,059,3164182,29526,21741,325,22066,373
2020-07-07,Placer,061,380077,1280,930,3,933,11
2020-07-07,Plumas,063,18699,17,12,0,12,0
2020-07-07,Riverside,065,2383286,29600,23279,28,23307,499
2020-07-07,Sacramento,067,1510023,6331,4592,7,4599,76
2020-07-07,San Benito,069,59416,382,274,0,274,2
2020-07-07,San Bernardino,071,2135413,24850,16004,18,16022,277
2020-07-07,San Diego,073,3302833,22022,17580,2,17582,399
2020-07-07,San Francisco,075,870044,4789,4045,2,4047,50
2020-07-07,San Joaquin,077,732212,7748,5547,5,5552,59
2020-07-07,San Luis Obispo,079,281455,1200,795,7,802,2
2020-07-07,San Mateo,081,765935,4272,3691,7,3698,106
2020-07-07,Santa Barbara,083,443738,4931,3866,41,3907,27
2020-07-07,Santa Clara,085,1922200,7436,5438,18,5456,164
2020-07-07,Santa Cruz,087,273765,616,502,3,505,2
2020-07-07,Shasta,089,179085,271,144,1,145,6
2020-07-07,Sierra,091,2930,1,1,0,1,0
2020-07-07,Siskiyou,093,43540,54,30,0,30,0
2020-07-07,Solano,095,438530,2527,1776,9,1785,22
2020-07-07,Sonoma,097,501317,1986,1473,4,1477,8
2020-07-07,Stanislaus,099,539301,6026,4101,7,4108,46
2020-07-07,Sutter,101,95872,378,273,0,273,2
2020-07-07,Tehama,103,63373,125,95,2,97,1
2020-07-07,Trinity,105,12862,20,2,5,7,0
2020-07-07,Tulare,107,460477,6926,5189,19,5208,137
2020-07-07,Tuolumne,109,53932,74,40,2,42,0
2020-07-07,Ventura,111,848112,5596,3992,19,4011,46
2020-07-07,Yolo,113,214977,1025,706,3,709,26
2020-07-07,Yuba,115,75493,161,138,0,138,1
2020-07-06,Alameda,001,1643700,8429,6970,12,6982,141
2020-07-06,Alpine,003,1148,1,1,0,1,0
2020-07-06,Amador,005,37829,38,33,0,33,0
2020-07-06,Butte,007,227075,430,257,7,264,2
2020-07-06,Calaveras,009,45235,70,45,0,45,0
2020-07-06,Colusa,011,21464,134,80,0,80,0
2020-07-06,Contra Costa,013,1133247,5257,3901,6,3907,83
2020-07-06,Del Norte,015,27424,60,57,0,57,0
2020-07-06,El Dorado,017,186661,402,232,0,232,0
2020-07-06,Fresno,019,978130,12571,6364,89,6453,82
2020-07-06,Glenn,021,27897,197,129,0,129,0
2020-07-06,Humboldt,023,135768,187,148,1,149,3
2020-07-06,Imperial,025,180216,8724,6443,5,6448,47
2020-07-06,Inyo,027,18085,36,32,1,33,1
2020-07-06,Kern,029,883053,12699,5491,37,5528,82
2020-07-06,Kings,031,150075,3148,2583,11,2594,33
2020-07-06,Lake,033,64148,122,93,0,93,1
2020-07-06,Lassen,035,31185,262,219,2,221,0
2020-07-06,Los Angeles,037,10098052,136649,116707,98,116805,3541
2020-07-06,Madera,039,155013,1346,734,3,737,4
2020-07-06,Marin,041,260295,3623,2136,4,2140,17
2020-07-06,Mariposa,043,17540,36,31,0,31,1
2020-07-06,Mendocino,045,87422,108,72,0,72,0
2020-07-06,Merced,047,269075,2497,1396,3,1399,10
2020-07-06,Modoc,049,8938,1,0,0,0,0
2020-07-06,Mono,051,14174,58,40,0,40,1
2020-07-06,Monterey,053,433212,2806,2078,7,2085,15
2020-07-06,Napa,055,140530,610,454,0,454,4
2020-07-06,Nevada,057,99092,192,146,5,151,1
2020-07-06,Orange,059,3164182,28464,20167,288,20455,372
2020-07-06,Placer,061,380077,1218,904,3,907,11
2020-07-06,Plumas,063,18699,17,11,0,11,0
2020-07-06,Riverside,065,2383286,28548,22485,27,22512,477
2020-07-06,Sacramento,067,1510023,5981,4420,7,4427,71
2020-07-06,San Benito,069,59416,367,264,0,264,2
2020-07-06,San Bernardino,071,2135413,23994,15346,15,15361,272
2020-07-06,San Diego,073,3302833,21308,17002,2,17004,387
2020-07-06,San Francisco,075,870044,4668,3861,2,3863,50
2020-07-06,San Joaquin,077,732212,7378,5104,5,5109,57
2020-07-06,San Luis Obispo,079,281455,1143,751,7,758,2
2020-07-06,San Mateo,081,765935,4180,3650,6,3656,106
2020-07-06,Santa Barbara,083,443738,4794,3763,40,3803,27
2020-07-06,Santa Clara,085,1922200,7165,5369,18,5387,165
2020-07-06,Santa Cruz,087,273765,594,466,2,468,2
2020-07-06,Shasta,089,179085,261,143,1,144,6
2020-07-06,Sierra,091,2930,1,1,0,1,0
2020-07-06,Siskiyou,093,43540,50,30,0,30,0
2020-07-06,Solano,095,438530,2394,1668,9,1677,22
2020-07-06,Sonoma,097,501317,1922,1369,4,1373,8
2020-07-06,Stanislaus,099,539301,5624,3983,7,3990,46
2020-07-06,Sutter,101,95872,351,250,0,250,2
2020-07-06,Tehama,103,63373,122,95,2,97,1
2020-07-06,Trinity,105,12862,19,2,5,7,0
2020-07-06,Tulare,107,460477,6721,5039,17,5056,136
2020-07-06,Tuolumne,109,53932,71,30,2,32,0
2020-07-06,Ventura,111,848112,5403,3912,19,3931,44
2020-07-06,Yolo,113,214977,969,685,3,688,26
2020-07-06,Yuba,115,75493,147,124,0,124,1
2020-07-05,Alameda,001,1643700,8177,6861,12,6873,141
2020-07-05,Alpine,003,1148,1,1,0,1,0
2020-07-05,Amador,005,37829,36,31,0,31,0
2020-07-05,Butte,007,227075,395,248,7,255,2
2020-07-05,Calaveras,009,45235,66,45,0,45,0
2020-07-05,Colusa,011,21464,124,79,0,79,0
2020-07-05,Contra Costa,013,1133247,5017,3665,5,3670,80
2020-07-05,Del Norte,015,27424,60,57,0,57,0
2020-07-05,El Dorado,017,186661,384,227,0,227,0
2020-07-05,Fresno,019,978130,12003,6186,87,6273,82
2020-07-05,Glenn,021,27897,194,129,0,129,0
2020-07-05,Humboldt,023,135768,183,147,1,148,3
2020-07-05,Imperial,025,180216,8590,6441,5,6446,47
2020-07-05,Inyo,027,18085,35,32,1,33,1
2020-07-05,Kern,029,883053,11990,5351,37,5388,82
2020-07-05,Kings,031,150075,3065,2546,10,2556,31
2020-07-05,Lake,033,64148,122,92,0,92,1
2020-07-05,Lassen,035,31185,256,219,2,221,0
2020-07-05,Los Angeles,037,10098052,133429,115133,92,115225,3495
2020-07-05,Madera,039,155013,1268,564,3,567,4
2020-07-05,Marin,041,260295,3440,2080,4,2084,17
2020-07-05,Mariposa,043,17540,36,31,0,31,1
2020-07-05,Mendocino,045,87422,105,72,0,72,0
2020-07-05,Merced,047,269075,2352,1340,3,1343,10
2020-07-05,Modoc,049,8938,1,0,0,0,0
2020-07-05,Mono,051,14174,54,39,0,39,1
2020-07-05,Monterey,053,433212,2703,1994,7,2001,15
2020-07-05,Napa,055,140530,580,450,0,450,4
2020-07-05,Nevada,057,99092,186,141,5,146,1
2020-07-05,Orange,059,3164182,27523,19430,275,19705,372
2020-07-05,Placer,061,380077,1161,855,3,858,11
2020-07-05,Plumas,063,18699,16,11,0,11,0
2020-07-05,Riverside,065,2383286,27691,21511,27,21538,474
2020-07-05,Sacramento,067,1510023,5666,4265,6,4271,71
2020-07-05,San Benito,069,59416,348,258,0,258,2
2020-07-05,San Bernardino,071,2135413,23116,15026,15,15041,270
2020-07-05,San Diego,073,3302833,20620,16728,2,16730,387
2020-07-05,San Francisco,075,870044,4550,3861,2,3863,50
2020-07-05,San Joaquin,077,732212,7059,5015,5,5020,57
2020-07-05,San Luis Obispo,079,281455,1064,730,7,737,2
2020-07-05,San Mateo,081,765935,4069,3575,6,3581,106
2020-07-05,Santa Barbara,083,443738,4646,3671,37,3708,27
2020-07-05,Santa Clara,085,1922200,6873,5237,18,5255,162
2020-07-05,Santa Cruz,087,273765,576,467,0,467,2
2020-07-05,Shasta,089,179085,255,138,1,139,6
2020-07-05,Sierra,091,2930,1,1,0,1,0
2020-07-05,Siskiyou,093,43540,46,30,0,30,0
2020-07-05,Solano,095,438530,2274,1547,9,1556,22
2020-07-05,Sonoma,097,501317,1841,1369,4,1373,8
2020-07-05,Stanislaus,099,539301,5293,3777,6,3783,45
2020-07-05,Sutter,101,95872,323,241,0,241,2
2020-07-05,Tehama,103,63373,120,95,2,97,1
2020-07-05,Trinity,105,12862,19,2,5,7,0
2020-07-05,Tulare,107,460477,6462,4981,15,4996,135
2020-07-05,Tuolumne,109,53932,66,30,2,32,0
2020-07-05,Ventura,111,848112,5200,3866,19,3885,44
2020-07-05,Yolo,113,214977,929,644,3,647,26
2020-07-05,Yuba,115,75493,137,115,0,115,1
2020-07-04,Alameda,001,1643700,8065,6737,12,6749,141
2020-07-04,Alpine,003,1148,1,1,0,1,0
2020-07-04,Amador,005,37829,35,31,0,31,0
2020-07-04,Butte,007,227075,377,224,7,231,2
2020-07-04,Calaveras,009,45235,66,45,0,45,0
2020-07-04,Colusa,011,21464,123,76,0,76,0
2020-07-04,Contra Costa,013,1133247,4869,3583,5,3588,80
2020-07-04,Del Norte,015,27424,60,50,0,50,0
2020-07-04,El Dorado,017,186661,365,211,0,211,0
2020-07-04,Fresno,019,978130,11686,5999,85,6084,82
2020-07-04,Glenn,021,27897,187,128,0,128,0
2020-07-04,Humboldt,023,135768,176,144,1,145,3
2020-07-04,Imperial,025,180216,8542,6441,5,6446,47
2020-07-04,Inyo,027,18085,35,32,1,33,1
2020-07-04,Kern,029,883053,11686,5231,37,5268,81
2020-07-04,Kings,031,150075,3022,2509,10,2519,31
2020-07-04,Lake,033,64148,115,86,0,86,1
2020-07-04,Lassen,035,31185,256,219,2,221,0
2020-07-04,Los Angeles,037,10098052,131613,107256,81,107337,3462
2020-07-04,Madera,039,155013,1222,568,3,571,4
2020-07-04,Marin,041,260295,3411,1962,4,1966,17
2020-07-04,Mariposa,043,17540,36,28,0,28,1
2020-07-04,Mendocino,045,87422,105,72,0,72,0
2020-07-04,Merced,047,269075,2249,1252,2,1254,10
2020-07-04,Modoc,049,8938,1,0,0,0,0
2020-07-04,Mono,051,14174,54,37,0,37,1
2020-07-04,Monterey,053,433212,2623,1878,7,1885,15
2020-07-04,Napa,055,140530,571,426,0,426,4
2020-07-04,Nevada,057,99092,183,125,5,130,1
2020-07-04,Orange,059,3164182,27090,19247,262,19509,372
2020-07-04,Placer,061,380077,1126,796,3,799,11
2020-07-04,Plumas,063,18699,16,11,0,11,0
2020-07-04,Riverside,065,2383286,27324,21508,27,21535,474
2020-07-04,Sacramento,067,1510023,5495,4039,6,4045,71
2020-07-04,San Benito,069,59416,335,255,0,255,2
2020-07-04,San Bernardino,071,2135413,22689,14636,13,14649,270
2020-07-04,San Diego,073,3302833,20160,16166,2,16168,387
2020-07-04,San Francisco,075,870044,4458,3861,2,3863,50
2020-07-04,San Joaquin,077,732212,6846,4807,5,4812,57
2020-07-04,San Luis Obispo,079,281455,1024,699,7,706,2
2020-07-04,San Mateo,081,765935,4006,3532,6,3538,106
2020-07-04,Santa Barbara,083,443738,4571,3520,35,3555,27
2020-07-04,Santa Clara,085,1922200,6681,5045,17,5062,161
2020-07-04,Santa Cruz,087,273765,566,466,0,466,2
2020-07-04,Shasta,089,179085,252,135,1,136,6
2020-07-04,Sierra,091,2930,1,1,0,1,0
2020-07-04,Siskiyou,093,43540,39,30,0,30,0
2020-07-04,Solano,095,438530,2238,1548,9,1557,22
2020-07-04,Sonoma,097,501317,1815,1370,4,1374,8
2020-07-04,Stanislaus,099,539301,5135,3572,6,3578,44
2020-07-04,Sutter,101,95872,304,225,0,225,2
2020-07-04,Tehama,103,63373,117,92,2,94,1
2020-07-04,Trinity,105,12862,19,2,5,7,0
2020-07-04,Tulare,107,460477,6350,4802,14,4816,135
2020-07-04,Tuolumne,109,53932,62,30,2,32,0
2020-07-04,Ventura,111,848112,5076,3687,19,3706,44
2020-07-04,Yolo,113,214977,904,615,3,618,26
2020-07-04,Yuba,115,75493,130,102,0,102,1
2020-07-03,Alameda,001,1643700,7944,6486,12,6498,141
2020-07-03,Alpine,003,1148,1,1,0,1,0
2020-07-03,Amador,005,37829,35,25,0,25,0
2020-07-03,Butte,007,227075,365,212,7,219,2
2020-07-03,Calaveras,009,45235,66,44,0,44,0
2020-07-03,Colusa,011,21464,117,70,0,70,0
2020-07-03,Contra Costa,013,1133247,4735,3447,5,3452,78
2020-07-03,Del Norte,015,27424,60,50,0,50,0
2020-07-03,El Dorado,017,186661,353,201,0,201,0
2020-07-03,Fresno,019,978130,11381,5783,83,5866,81
2020-07-03,Glenn,021,27897,182,122,0,122,0
2020-07-03,Humboldt,023,135768,172,143,1,144,3
2020-07-03,Imperial,025,180216,8494,6345,5,6350,47
2020-07-03,Inyo,027,18085,35,32,1,33,1
2020-07-03,Kern,029,883053,11425,5213,37,5250,81
2020-07-03,Kings,031,150075,2986,2492,10,2502,31
2020-07-03,Lake,033,64148,108,83,0,83,0
2020-07-03,Lassen,035,31185,256,219,2,221,0
2020-07-03,Los Angeles,037,10098052,130097,107236,77,107313,3461
2020-07-03,Madera,039,155013,1177,565,3,568,4
2020-07-03,Marin,041,260295,3382,1776,4,1780,17
2020-07-03,Mariposa,043,17540,36,28,0,28,1
2020-07-03,Mendocino,045,87422,104,72,0,72,0
2020-07-03,Merced,047,269075,2183,1188,2,1190,10
2020-07-03,Modoc,049,8938,1,0,0,0,0
2020-07-03,Mono,051,14174,54,37,0,37,1
2020-07-03,Monterey,053,433212,2552,1804,7,1811,15
2020-07-03,Napa,055,140530,553,388,0,388,4
2020-07-03,Nevada,057,99092,182,125,5,130,1
2020-07-03,Orange,059,3164182,26699,18819,254,19073,366
2020-07-03,Placer,061,380077,1099,745,3,748,11
2020-07-03,Plumas,063,18699,16,11,0,11,0
2020-07-03,Riverside,065,2383286,27018,21171,27,21198,472
2020-07-03,Sacramento,067,1510023,5361,3711,6,3717,71
2020-07-03,San Benito,069,59416,328,243,0,243,2
2020-07-03,San Bernardino,071,2135413,22300,14040,13,14053,269
2020-07-03,San Diego,073,3302833,19704,15698,2,15700,387
2020-07-03,San Francisco,075,870044,4411,3781,2,3783,50
2020-07-03,San Joaquin,077,732212,6708,4416,4,4420,56
2020-07-03,San Luis Obispo,079,281455,989,676,7,683,2
2020-07-03,San Mateo,081,765935,3949,3439,6,3445,106
2020-07-03,Santa Barbara,083,443738,4484,3406,34,3440,27
2020-07-03,Santa Clara,085,1922200,6569,4820,17,4837,161
2020-07-03,Santa Cruz,087,273765,553,436,0,436,2
2020-07-03,Shasta,089,179085,244,113,1,114,6
2020-07-03,Sierra,091,2930,1,1,0,1,0
2020-07-03,Siskiyou,093,43540,36,30,0,30,0
2020-07-03,Solano,095,438530,2194,1496,8,1504,22
2020-07-03,Sonoma,097,501317,1767,1282,4,1286,8
2020-07-03,Stanislaus,099,539301,5010,3021,6,3027,43
2020-07-03,Sutter,101,95872,294,205,0,205,2
2020-07-03,Tehama,103,63373,115,89,2,91,1
2020-07-03,Trinity,105,12862,19,2,5,7,0
2020-07-03,Tulare,107,460477,6235,4656,14,4670,134
2020-07-03,Tuolumne,109,53932,60,27,2,29,0
2020-07-03,Ventura,111,848112,4980,3536,19,3555,44
2020-07-03,Yolo,113,214977,870,586,3,589,25
2020-07-03,Yuba,115,75493,125,96,0,96,1
2020-07-02,Alameda,001,1643700,7818,6386,12,6398,139
2020-07-02,Alpine,003,1148,1,1,0,1,0
2020-07-02,Amador,005,37829,34,23,0,23,0
2020-07-02,Butte,007,227075,348,199,7,206,2
2020-07-02,Calaveras,009,45235,62,42,0,42,0
2020-07-02,Colusa,011,21464,109,60,0,60,0
2020-07-02,Contra Costa,013,1133247,4551,3347,5,3352,77
2020-07-02,Del Norte,015,27424,59,50,0,50,0
2020-07-02,El Dorado,017,186661,342,193,0,193,0
2020-07-02,Fresno,019,978130,10922,5402,83,5485,78
2020-07-02,Glenn,021,27897,176,114,0,114,0
2020-07-02,Humboldt,023,135768,168,138,1,139,3
2020-07-02,Imperial,025,180216,8392,6236,5,6241,47
2020-07-02,Inyo,027,18085,35,29,1,30,1
2020-07-02,Kern,029,883053,10889,5036,35,5071,78
2020-07-02,Kings,031,150075,2935,2419,10,2429,31
2020-07-02,Lake,033,64148,104,81,0,81,0
2020-07-02,Lassen,035,31185,254,218,2,220,0
2020-07-02,Los Angeles,037,10098052,128079,107144,54,107198,3458
2020-07-02,Madera,039,155013,1109,548,3,551,4
2020-07-02,Marin,041,260295,3297,1706,4,1710,17
2020-07-02,Mariposa,043,17540,35,28,0,28,1
2020-07-02,Mendocino,045,87422,100,71,0,71,0
2020-07-02,Merced,047,269075,2086,1122,2,1124,10
2020-07-02,Modoc,049,8938,1,0,0,0,0
2020-07-02,Mono,051,14174,54,37,0,37,1
2020-07-02,Monterey,053,433212,2492,1796,7,1803,15
2020-07-02,Napa,055,140530,536,352,0,352,4
2020-07-02,Nevada,057,99092,176,118,4,122,1
2020-07-02,Orange,059,3164182,25935,17056,241,17297,360
2020-07-02,Placer,061,380077,1075,740,3,743,11
2020-07-02,Plumas,063,18699,15,8,0,8,0
2020-07-02,Riverside,065,2383286,26445,20253,27,20280,458
2020-07-02,Sacramento,067,1510023,5134,3587,6,3593,70
2020-07-02,San Benito,069,59416,320,236,0,236,2
2020-07-02,San Bernardino,071,2135413,21763,13185,13,13198,260
2020-07-02,San Diego,073,3302833,19242,15208,2,15210,377
2020-07-02,San Francisco,075,870044,4316,3676,2,3678,50
2020-07-02,San Joaquin,077,732212,6361,4243,4,4247,56
2020-07-02,San Luis Obispo,079,281455,944,659,7,666,2
2020-07-02,San Mateo,081,765935,3869,3390,6,3396,107
2020-07-02,Santa Barbara,083,443738,4384,3385,32,3417,27
2020-07-02,Santa Clara,085,1922200,6443,4722,17,4739,160
2020-07-02,Santa Cruz,087,273765,530,414,0,414,2
2020-07-02,Shasta,089,179085,241,110,1,111,5
2020-07-02,Sierra,091,2930,1,1,0,1,0
2020-07-02,Siskiyou,093,43540,36,30,0,30,0
2020-07-02,Solano,095,438530,2111,1429,8,1437,21
2020-07-02,Sonoma,097,501317,1709,1244,4,1248,6
2020-07-02,Stanislaus,099,539301,4838,2850,6,2856,41
2020-07-02,Sutter,101,95872,282,195,0,195,2
2020-07-02,Tehama,103,63373,113,86,2,88,1
2020-07-02,Trinity,105,12862,19,2,5,7,0
2020-07-02,Tulare,107,460477,6068,4559,13,4572,132
2020-07-02,Tuolumne,109,53932,57,23,2,25,0
2020-07-02,Ventura,111,848112,4824,3394,19,3413,42
2020-07-02,Yolo,113,214977,838,554,3,557,24
2020-07-02,Yuba,115,75493,115,93,0,93,1
2020-07-01,Alameda,001,1643700,7596,6125,12,6137,137
2020-07-01,Alpine,003,1148,1,1,0,1,0
2020-07-01,Amador,005,37829,33,22,0,22,0
2020-07-01,Butte,007,227075,323,185,7,192,2
2020-07-01,Calaveras,009,45235,60,37,0,37,0
2020-07-01,Colusa,011,21464,103,53,0,53,0
2020-07-01,Contra Costa,013,1133247,4339,3259,5,3264,76
2020-07-01,Del Norte,015,27424,59,50,0,50,0
2020-07-01,El Dorado,017,186661,315,183,0,183,0
2020-07-01,Fresno,019,978130,10488,5111,80,5191,76
2020-07-01,Glenn,021,27897,170,110,0,110,0
2020-07-01,Humboldt,023,135768,163,134,0,134,3
2020-07-01,Imperial,025,180216,8295,6150,5,6155,46
2020-07-01,Inyo,027,18085,34,30,1,31,1
2020-07-01,Kern,029,883053,10256,4853,33,4886,78
2020-07-01,Kings,031,150075,2867,2360,10,2370,30
2020-07-01,Lake,033,64148,103,75,0,75,0
2020-07-01,Lassen,035,31185,253,217,2,219,0
2020-07-01,Los Angeles,037,10098052,124877,105325,45,105370,3408
2020-07-01,Madera,039,155013,1068,519,3,522,4
2020-07-01,Marin,041,260295,3140,1636,4,1640,17
2020-07-01,Mariposa,043,17540,35,29,0,29,1
2020-07-01,Mendocino,045,87422,96,70,0,70,0
2020-07-01,Merced,047,269075,1986,1052,2,1054,10
2020-07-01,Modoc,049,8938,1,0,0,0,0
2020-07-01,Mono,051,14174,51,37,0,37,1
2020-07-01,Monterey,053,433212,2384,1703,6,1709,15
2020-07-01,Napa,055,140530,513,347,0,347,4
2020-07-01,Nevada,057,99092,166,115,4,119,1
2020-07-01,Orange,059,3164182,25050,15662,220,15882,343
2020-07-01,Placer,061,380077,1028,713,3,716,11
2020-07-01,Plumas,063,18699,13,8,0,8,0
2020-07-01,Riverside,065,2383286,25603,19537,26,19563,457
2020-07-01,Sacramento,067,1510023,4879,3425,6,3431,64
2020-07-01,San Benito,069,59416,311,219,0,219,2
2020-07-01,San Bernardino,071,2135413,20866,12712,10,12722,253
2020-07-01,San Diego,073,3302833,18683,14624,2,14626,372
2020-07-01,San Francisco,075,870044,4223,3626,2,3628,50
2020-07-01,San Joaquin,077,732212,6003,3990,4,3994,54
2020-07-01,San Luis Obispo,079,281455,917,613,7,620,1
2020-07-01,San Mateo,081,765935,3807,3326,6,3332,84
2020-07-01,Santa Barbara,083,443738,4264,3268,31,3299,27
2020-07-01,Santa Clara,085,1922200,6256,4547,16,4563,159
2020-07-01,Santa Cruz,087,273765,508,398,0,398,2
2020-07-01,Shasta,089,179085,236,104,1,105,5
2020-07-01,Sierra,091,2930,1,1,0,1,0
2020-07-01,Siskiyou,093,43540,36,28,0,28,0
2020-07-01,Solano,095,438530,2022,1350,8,1358,21
2020-07-01,Sonoma,097,501317,1613,1178,4,1182,6
2020-07-01,Stanislaus,099,539301,4559,2619,6,2625,41
2020-07-01,Sutter,101,95872,269,188,0,188,2
2020-07-01,Tehama,103,63373,106,80,2,82,1
2020-07-01,Trinity,105,12862,19,2,4,6,0
2020-07-01,Tulare,107,460477,5890,4359,13,4372,128
2020-07-01,Tuolumne,109,53932,54,17,2,19,0
2020-07-01,Ventura,111,848112,4681,3224,17,3241,41
2020-07-01,Yolo,113,214977,788,526,3,529,24
2020-07-01,Yuba,115,75493,110,57,0,57,1
2020-06-30,Alameda,001,1643700,7347,5959,10,5969,137
2020-06-30,Alpine,003,1148,1,1,0,1,0
2020-06-30,Amador,005,37829,33,21,0,21,0
2020-06-30,Butte,007,227075,306,163,7,170,2
2020-06-30,Calaveras,009,45235,55,31,0,31,0
2020-06-30,Colusa,011,21464,94,33,0,33,0
2020-06-30,Contra Costa,013,1133247,4132,3140,5,3145,75
2020-06-30,Del Norte,015,27424,59,48,0,48,0
2020-06-30,El Dorado,017,186661,302,175,0,175,0
2020-06-30,Fresno,019,978130,10039,4826,75,4901,75
2020-06-30,Glenn,021,27897,165,96,0,96,0
2020-06-30,Humboldt,023,135768,159,132,0,132,3
2020-06-30,Imperial,025,180216,8198,5968,5,5973,45
2020-06-30,Inyo,027,18085,34,30,1,31,1
2020-06-30,Kern,029,883053,9609,4721,30,4751,75
2020-06-30,Kings,031,150075,2818,2315,7,2322,30
2020-06-30,Lake,033,64148,95,56,0,56,0
2020-06-30,Lassen,035,31185,246,215,2,217,0
2020-06-30,Los Angeles,037,10098052,121298,103640,42,103682,3378
2020-06-30,Madera,039,155013,1011,475,3,478,4
2020-06-30,Marin,041,260295,3069,1614,4,1618,17
2020-06-30,Mariposa,043,17540,34,27,0,27,1
2020-06-30,Mendocino,045,87422,91,65,0,65,0
2020-06-30,Merced,047,269075,1849,970,2,972,10
2020-06-30,Modoc,049,8938,1,0,0,0,0
2020-06-30,Mono,051,14174,49,36,0,36,1
2020-06-30,Monterey,053,433212,2286,1657,6,1663,15
2020-06-30,Napa,055,140530,488,342,0,342,4
2020-06-30,Nevada,057,99092,158,113,4,117,1
2020-06-30,Orange,059,3164182,24119,14354,210,14564,335
2020-06-30,Placer,061,380077,1001,667,3,670,11
2020-06-30,Plumas,063,18699,12,8,0,8,0
2020-06-30,Riverside,065,2383286,24887,18656,25,18681,449
2020-06-30,Sacramento,067,1510023,4590,3246,6,3252,64
2020-06-30,San Benito,069,59416,300,200,0,200,2
2020-06-30,San Bernardino,071,2135413,19882,12375,10,12385,249
2020-06-30,San Diego,073,3302833,17979,14150,2,14152,365
2020-06-30,San Francisco,075,870044,4118,3555,1,3556,50
2020-06-30,San Joaquin,077,732212,5628,3744,4,3748,52
2020-06-30,San Luis Obispo,079,281455,880,583,7,590,1
2020-06-30,San Mateo,081,765935,3729,3268,6,3274,84
2020-06-30,Santa Barbara,083,443738,4147,3102,31,3133,25
2020-06-30,Santa Clara,085,1922200,6054,4346,16,4362,157
2020-06-30,Santa Cruz,087,273765,483,379,0,379,2
2020-06-30,Shasta,089,179085,220,100,1,101,5
2020-06-30,Sierra,091,2930,1,1,0,1,0
2020-06-30,Siskiyou,093,43540,35,26,0,26,0
2020-06-30,Solano,095,438530,1930,1256,8,1264,21
2020-06-30,Sonoma,097,501317,1549,1122,4,1126,6
2020-06-30,Stanislaus,099,539301,4261,2578,6,2584,41
2020-06-30,Sutter,101,95872,246,168,0,168,2
2020-06-30,Tehama,103,63373,104,75,2,77,1
2020-06-30,Trinity,105,12862,19,2,4,6,0
2020-06-30,Tulare,107,460477,5681,4207,13,4220,117
2020-06-30,Tuolumne,109,53932,50,16,2,18,0
2020-06-30,Ventura,111,848112,4547,3030,17,3047,40
2020-06-30,Yolo,113,214977,750,515,3,518,24
2020-06-30,Yuba,115,75493,106,55,0,55,1
2020-06-29,Alameda,001,1643700,7137,5766,10,5776,135
2020-06-29,Alpine,003,1148,1,1,0,1,0
2020-06-29,Amador,005,37829,30,20,0,20,0
2020-06-29,Butte,007,227075,285,157,7,164,2
2020-06-29,Calaveras,009,45235,53,30,0,30,0
2020-06-29,Colusa,011,21464,89,17,0,17,0
2020-06-29,Contra Costa,013,1133247,3969,2976,4,2980,75
2020-06-29,Del Norte,015,27424,59,47,0,47,0
2020-06-29,El Dorado,017,186661,288,163,0,163,0
2020-06-29,Fresno,019,978130,9691,4531,74,4605,74
2020-06-29,Glenn,021,27897,156,77,0,77,0
2020-06-29,Humboldt,023,135768,158,128,0,128,3
2020-06-29,Imperial,025,180216,8067,5512,5,5517,45
2020-06-29,Inyo,027,18085,33,29,0,29,1
2020-06-29,Kern,029,883053,8945,4613,28,4641,73
2020-06-29,Kings,031,150075,2753,2280,7,2287,20
2020-06-29,Lake,033,64148,88,53,0,53,0
2020-06-29,Lassen,035,31185,238,77,2,79,0
2020-06-29,Los Angeles,037,10098052,118259,100846,36,100882,3337
2020-06-29,Madera,039,155013,954,422,3,425,4
2020-06-29,Marin,041,260295,2993,1517,4,1521,17
2020-06-29,Mariposa,043,17540,32,25,0,25,1
2020-06-29,Mendocino,045,87422,88,63,0,63,0
2020-06-29,Merced,047,269075,1743,848,2,850,10
2020-06-29,Modoc,049,8938,1,0,0,0,0
2020-06-29,Mono,051,14174,47,35,0,35,1
2020-06-29,Monterey,053,433212,2214,1614,6,1620,14
2020-06-29,Napa,055,140530,466,317,0,317,4
2020-06-29,Nevada,057,99092,155,107,3,110,1
2020-06-29,Orange,059,3164182,23129,13682,194,13876,324
2020-06-29,Placer,061,380077,965,628,3,631,11
2020-06-29,Plumas,063,18699,12,6,0,6,0
2020-06-29,Riverside,065,2383286,23854,17683,25,17708,432
2020-06-29,Sacramento,067,1510023,4303,2985,6,2991,62
2020-06-29,San Benito,069,59416,285,193,0,193,2
2020-06-29,San Bernardino,071,2135413,18921,11643,10,11653,245
2020-06-29,San Diego,073,3302833,17402,13834,2,13836,361
2020-06-29,San Francisco,075,870044,4041,3389,1,3390,50
2020-06-29,San Joaquin,077,732212,5270,3202,4,3206,52
2020-06-29,San Luis Obispo,079,281455,846,544,7,551,1
2020-06-29,San Mateo,081,765935,3675,3170,6,3176,84
2020-06-29,Santa Barbara,083,443738,4037,2933,30,2963,25
2020-06-29,Santa Clara,085,1922200,5882,4231,16,4247,157
2020-06-29,Santa Cruz,087,273765,465,348,0,348,2
2020-06-29,Shasta,089,179085,212,94,1,95,5
2020-06-29,Sierra,091,2930,1,1,0,1,0
2020-06-29,Siskiyou,093,43540,35,25,0,25,0
2020-06-29,Solano,095,438530,1828,1077,8,1085,21
2020-06-29,Sonoma,097,501317,1477,1103,4,1107,5
2020-06-29,Stanislaus,099,539301,4055,2400,5,2405,36
2020-06-29,Sutter,101,95872,224,152,0,152,2
2020-06-29,Tehama,103,63373,100,63,2,65,1
2020-06-29,Trinity,105,12862,18,2,4,6,0
2020-06-29,Tulare,107,460477,5526,3906,12,3918,117
2020-06-29,Tuolumne,109,53932,46,16,2,18,0
2020-06-29,Ventura,111,848112,4400,2794,17,2811,40
2020-06-29,Yolo,113,214977,717,483,3,486,24
2020-06-29,Yuba,115,75493,93,55,0,55,1
2020-06-28,Alameda,001,1643700,6878,5698,10,5708,135
2020-06-28,Alpine,003,1148,1,1,0,1,0
2020-06-28,Amador,005,37829,28,20,0,20,0
2020-06-28,Butte,007,227075,265,150,7,157,2
2020-06-28,Calaveras,009,45235,48,30,0,30,0
2020-06-28,Colusa,011,21464,74,17,0,17,0
2020-06-28,Contra Costa,013,1133247,3779,2803,4,2807,73
2020-06-28,Del Norte,015,27424,58,47,0,47,0
2020-06-28,El Dorado,017,186661,276,162,0,162,0
2020-06-28,Fresno,019,978130,9330,4365,74,4439,74
2020-06-28,Glenn,021,27897,148,77,0,77,0
2020-06-28,Humboldt,023,135768,155,127,0,127,3
2020-06-28,Imperial,025,180216,7879,5513,4,5517,45
2020-06-28,Inyo,027,18085,33,29,0,29,1
2020-06-28,Kern,029,883053,8393,4541,26,4567,72
2020-06-28,Kings,031,150075,2694,2234,7,2241,18
2020-06-28,Lake,033,64148,84,53,0,53,0
2020-06-28,Lassen,035,31185,238,77,2,79,0
2020-06-28,Los Angeles,037,10098052,115057,98003,32,98035,3316
2020-06-28,Madera,039,155013,906,424,3,427,4
2020-06-28,Marin,041,260295,2647,1473,4,1477,17
2020-06-28,Mariposa,043,17540,32,24,0,24,1
2020-06-28,Mendocino,045,87422,86,63,0,63,0
2020-06-28,Merced,047,269075,1630,814,2,816,10
2020-06-28,Modoc,049,8938,1,0,0,0,0
2020-06-28,Mono,051,14174,47,35,0,35,1
2020-06-28,Monterey,053,433212,2132,1560,6,1566,13
2020-06-28,Napa,055,140530,432,307,0,307,4
2020-06-28,Nevada,057,99092,144,102,3,105,1
2020-06-28,Orange,059,3164182,22155,13213,176,13389,324
2020-06-28,Placer,061,380077,926,618,3,621,11
2020-06-28,Plumas,063,18699,11,6,0,6,0
2020-06-28,Riverside,065,2383286,23027,16848,24,16872,432
2020-06-28,Sacramento,067,1510023,4075,2803,6,2809,63
2020-06-28,San Benito,069,59416,274,190,0,190,2
2020-06-28,San Bernardino,071,2135413,18167,11344,9,11353,245
2020-06-28,San Diego,073,3302833,16857,13333,2,13335,361
2020-06-28,San Francisco,075,870044,3962,3388,1,3389,50
2020-06-28,San Joaquin,077,732212,4933,3201,4,3205,52
2020-06-28,San Luis Obispo,079,281455,806,531,6,537,1
2020-06-28,San Mateo,081,765935,3597,3124,6,3130,84
2020-06-28,Santa Barbara,083,443738,3892,2872,30,2902,25
2020-06-28,Santa Clara,085,1922200,5720,4131,16,4147,156
2020-06-28,Santa Cruz,087,273765,442,349,0,349,2
2020-06-28,Shasta,089,179085,199,89,0,89,5
2020-06-28,Sierra,091,2930,1,1,0,1,0
2020-06-28,Siskiyou,093,43540,35,25,0,25,0
2020-06-28,Solano,095,438530,1753,1077,8,1085,21
2020-06-28,Sonoma,097,501317,1423,1084,4,1088,5
2020-06-28,Stanislaus,099,539301,3849,2376,5,2381,36
2020-06-28,Sutter,101,95872,198,145,0,145,2
2020-06-28,Tehama,103,63373,93,63,2,65,1
2020-06-28,Trinity,105,12862,17,2,4,6,0
2020-06-28,Tulare,107,460477,5358,3812,12,3824,117
2020-06-28,Tuolumne,109,53932,41,14,2,16,0
2020-06-28,Ventura,111,848112,4242,2650,17,2667,40
2020-06-28,Yolo,113,214977,682,468,3,471,24
2020-06-28,Yuba,115,75493,89,39,0,39,1
2020-06-27,Alameda,001,1643700,6782,5581,10,5591,135
2020-06-27,Alpine,003,1148,1,1,0,1,0
2020-06-27,Amador,005,37829,26,20,0,20,0
2020-06-27,Butte,007,227075,257,137,7,144,2
2020-06-27,Calaveras,009,45235,46,30,0,30,0
2020-06-27,Colusa,011,21464,68,17,0,17,0
2020-06-27,Contra Costa,013,1133247,3684,2717,3,2720,72
2020-06-27,Del Norte,015,27424,58,47,0,47,0
2020-06-27,El Dorado,017,186661,270,159,0,159,0
2020-06-27,Fresno,019,978130,9084,4238,74,4312,74
2020-06-27,Glenn,021,27897,144,77,0,77,0
2020-06-27,Humboldt,023,135768,153,127,0,127,3
2020-06-27,Imperial,025,180216,7818,5513,4,5517,45
2020-06-27,Inyo,027,18085,33,29,0,29,1
2020-06-27,Kern,029,883053,8129,4411,25,4436,70
2020-06-27,Kings,031,150075,2668,2187,7,2194,18
2020-06-27,Lake,033,64148,81,42,0,42,0
2020-06-27,Lassen,035,31185,238,33,2,35,0
2020-06-27,Los Angeles,037,10098052,113315,95341,29,95370,3291
2020-06-27,Madera,039,155013,863,427,2,429,4
2020-06-27,Marin,041,260295,2602,1423,4,1427,17
2020-06-27,Mariposa,043,17540,31,22,0,22,1
2020-06-27,Mendocino,045,87422,86,63,0,63,0
2020-06-27,Merced,047,269075,1572,807,1,808,10
2020-06-27,Modoc,049,8938,1,0,0,0,0
2020-06-27,Mono,051,14174,46,35,0,35,1
2020-06-27,Monterey,053,433212,2068,1455,6,1461,12
2020-06-27,Napa,055,140530,422,282,0,282,3
2020-06-27,Nevada,057,99092,140,102,2,104,1
2020-06-27,Orange,059,3164182,21644,12951,171,13122,320
2020-06-27,Placer,061,380077,905,584,3,587,10
2020-06-27,Plumas,063,18699,11,6,0,6,0
2020-06-27,Riverside,065,2383286,22638,16209,24,16233,432
2020-06-27,Sacramento,067,1510023,3958,2685,6,2691,63
2020-06-27,San Benito,069,59416,267,182,0,182,2
2020-06-27,San Bernardino,071,2135413,17788,11238,9,11247,243
2020-06-27,San Diego,073,3302833,16492,12836,2,12838,360
2020-06-27,San Francisco,075,870044,3907,3332,1,3333,49
2020-06-27,San Joaquin,077,732212,4767,2995,4,2999,52
2020-06-27,San Luis Obispo,079,281455,782,505,6,511,1
2020-06-27,San Mateo,081,765935,3540,3083,6,3089,83
2020-06-27,Santa Barbara,083,443738,3820,2799,30,2829,25
2020-06-27,Santa Clara,085,1922200,5614,4006,16,4022,157
2020-06-27,Santa Cruz,087,273765,435,347,0,347,2
2020-06-27,Shasta,089,179085,194,87,0,87,5
2020-06-27,Sierra,091,2930,1,1,0,1,0
2020-06-27,Siskiyou,093,43540,35,25,0,25,0
2020-06-27,Solano,095,438530,1720,1076,8,1084,21
2020-06-27,Sonoma,097,501317,1392,1004,4,1008,5
2020-06-27,Stanislaus,099,539301,3749,2164,5,2169,36
2020-06-27,Sutter,101,95872,191,141,0,141,2
2020-06-27,Tehama,103,63373,90,63,2,65,1
2020-06-27,Trinity,105,12862,17,2,4,6,0
2020-06-27,Tulare,107,460477,5262,3810,12,3822,117
2020-06-27,Tuolumne,109,53932,40,13,2,15,0
2020-06-27,Ventura,111,848112,4142,2471,17,2488,40
2020-06-27,Yolo,113,214977,658,432,3,435,24
2020-06-27,Yuba,115,75493,81,39,0,39,1
2020-06-26,Alameda,001,1643700,6696,5502,9,5511,132
2020-06-26,Alpine,003,1148,1,1,0,1,0
2020-06-26,Amador,005,37829,25,20,0,20,0
2020-06-26,Butte,007,227075,242,135,7,142,2
2020-06-26,Calaveras,009,45235,44,30,0,30,0
2020-06-26,Colusa,011,21464,63,17,0,17,0
2020-06-26,Contra Costa,013,1133247,3571,2676,3,2679,72
2020-06-26,Del Norte,015,27424,57,47,0,47,0
2020-06-26,El Dorado,017,186661,262,159,0,159,0
2020-06-26,Fresno,019,978130,8858,4166,74,4240,74
2020-06-26,Glenn,021,27897,137,71,0,71,0
2020-06-26,Humboldt,023,135768,151,126,0,126,3
2020-06-26,Imperial,025,180216,7755,5400,4,5404,44
2020-06-26,Inyo,027,18085,32,29,0,29,1
2020-06-26,Kern,029,883053,7798,4366,25,4391,70
2020-06-26,Kings,031,150075,2636,2176,6,2182,18
2020-06-26,Lake,033,64148,80,42,0,42,0
2020-06-26,Lassen,035,31185,237,30,2,32,0
2020-06-26,Los Angeles,037,10098052,111149,93328,29,93357,3275
2020-06-26,Madera,039,155013,831,409,2,411,4
2020-06-26,Marin,041,260295,2566,1406,4,1410,17
2020-06-26,Mariposa,043,17540,30,21,0,21,1
2020-06-26,Mendocino,045,87422,83,63,0,63,0
2020-06-26,Merced,047,269075,1526,797,1,798,10
2020-06-26,Modoc,049,8938,1,0,0,0,0
2020-06-26,Mono,051,14174,45,35,0,35,1
2020-06-26,Monterey,053,433212,2016,1449,6,1455,12
2020-06-26,Napa,055,140530,412,277,0,277,3
2020-06-26,Nevada,057,99092,136,101,1,102,1
2020-06-26,Orange,059,3164182,20968,12659,168,12827,320
2020-06-26,Placer,061,380077,877,584,3,587,10
2020-06-26,Plumas,063,18699,11,6,0,6,0
2020-06-26,Riverside,065,2383286,22175,15858,24,15882,430
2020-06-26,Sacramento,067,1510023,3793,2687,6,2693,63
2020-06-26,San Benito,069,59416,263,176,0,176,2
2020-06-26,San Bernardino,071,2135413,17411,11111,9,11120,243
2020-06-26,San Diego,073,3302833,16127,12402,2,12404,358
2020-06-26,San Francisco,075,870044,3851,3330,1,3331,49
2020-06-26,San Joaquin,077,732212,4553,2943,4,2947,52
2020-06-26,San Luis Obispo,079,281455,767,498,6,504,1
2020-06-26,San Mateo,081,765935,3488,3055,6,3061,83
2020-06-26,Santa Barbara,083,443738,3730,2784,28,2812,25
2020-06-26,Santa Clara,085,1922200,5513,3968,16,3984,156
2020-06-26,Santa Cruz,087,273765,428,344,0,344,2
2020-06-26,Shasta,089,179085,187,86,0,86,5
2020-06-26,Sierra,091,2930,1,1,0,1,0
2020-06-26,Siskiyou,093,43540,34,24,0,24,0
2020-06-26,Solano,095,438530,1678,1068,8,1076,21
2020-06-26,Sonoma,097,501317,1360,977,4,981,5
2020-06-26,Stanislaus,099,539301,3636,2157,5,2162,36
2020-06-26,Sutter,101,95872,184,138,0,138,2
2020-06-26,Tehama,103,63373,87,63,2,65,1
2020-06-26,Trinity,105,12862,17,2,4,6,0
2020-06-26,Tulare,107,460477,5173,3720,12,3732,117
2020-06-26,Tuolumne,109,53932,38,10,2,12,0
2020-06-26,Ventura,111,848112,4056,2444,17,2461,40
2020-06-26,Yolo,113,214977,634,418,3,421,24
2020-06-26,Yuba,115,75493,75,38,0,38,1
2020-06-25,Alameda,001,1643700,6507,5398,9,5407,130
2020-06-25,Alpine,003,1148,1,1,0,1,0
2020-06-25,Amador,005,37829,24,18,0,18,0
2020-06-25,Butte,007,227075,237,127,7,134,1
2020-06-25,Calaveras,009,45235,39,26,0,26,0
2020-06-25,Colusa,011,21464,53,14,0,14,0
2020-06-25,Contra Costa,013,1133247,3386,2591,3,2594,71
2020-06-25,Del Norte,015,27424,55,47,0,47,0
2020-06-25,El Dorado,017,186661,254,150,0,150,0
2020-06-25,Fresno,019,978130,8545,3938,73,4011,71
2020-06-25,Glenn,021,27897,132,59,0,59,0
2020-06-25,Humboldt,023,135768,150,121,0,121,3
2020-06-25,Imperial,025,180216,7626,5192,4,5196,44
2020-06-25,Inyo,027,18085,29,27,0,27,1
2020-06-25,Kern,029,883053,7373,4236,22,4258,69
2020-06-25,Kings,031,150075,2584,2110,6,2116,17
2020-06-25,Lake,033,64148,79,42,0,42,0
2020-06-25,Lassen,035,31185,231,13,2,15,0
2020-06-25,Los Angeles,037,10098052,108382,91524,29,91553,3239
2020-06-25,Madera,039,155013,787,380,2,382,4
2020-06-25,Marin,041,260295,2464,1321,4,1325,17
2020-06-25,Mariposa,043,17540,29,20,0,20,1
2020-06-25,Mendocino,045,87422,80,61,0,61,0
2020-06-25,Merced,047,269075,1439,747,1,748,10
2020-06-25,Modoc,049,8938,1,0,0,0,0
2020-06-25,Mono,051,14174,44,35,0,35,1
2020-06-25,Monterey,053,433212,1928,1426,5,1431,12
2020-06-25,Napa,055,140530,394,260,0,260,3
2020-06-25,Nevada,057,99092,128,92,1,93,1
2020-06-25,Orange,059,3164182,20046,12221,166,12387,311
2020-06-25,Placer,061,380077,823,574,3,577,10
2020-06-25,Plumas,063,18699,10,6,0,6,0
2020-06-25,Riverside,065,2383286,21420,15224,24,15248,427
2020-06-25,Sacramento,067,1510023,3570,2519,6,2525,62
2020-06-25,San Benito,069,59416,255,174,0,174,2
2020-06-25,San Bernardino,071,2135413,16660,10590,9,10599,242
2020-06-25,San Diego,073,3302833,15588,11963,2,11965,352
2020-06-25,San Francisco,075,870044,3785,3252,1,3253,48
2020-06-25,San Joaquin,077,732212,4280,2803,4,2807,50
2020-06-25,San Luis Obispo,079,281455,735,473,6,479,1
2020-06-25,San Mateo,081,765935,3420,2996,6,3002,82
2020-06-25,Santa Barbara,083,443738,3624,2622,27,2649,25
2020-06-25,Santa Clara,085,1922200,5364,3871,16,3887,156
2020-06-25,Santa Cruz,087,273765,416,335,0,335,2
2020-06-25,Shasta,089,179085,177,84,0,84,5
2020-06-25,Sierra,091,2930,1,1,0,1,0
2020-06-25,Siskiyou,093,43540,33,24,0,24,0
2020-06-25,Solano,095,438530,1625,1034,8,1042,21
2020-06-25,Sonoma,097,501317,1313,953,3,956,5
2020-06-25,Stanislaus,099,539301,3424,2130,5,2135,36
2020-06-25,Sutter,101,95872,172,126,0,126,2
2020-06-25,Tehama,103,63373,83,59,2,61,1
2020-06-25,Trinity,105,12862,17,2,4,6,0
2020-06-25,Tulare,107,460477,5042,3656,12,3668,117
2020-06-25,Tuolumne,109,53932,37,10,1,11,0
2020-06-25,Ventura,111,848112,3874,2346,16,2362,40
2020-06-25,Yolo,113,214977,605,397,3,400,24
2020-06-25,Yuba,115,75493,64,38,0,38,1
2020-06-24,Alameda,001,1643700,6345,5242,9,5251,123
2020-06-24,Alpine,003,1148,1,1,0,1,0
2020-06-24,Amador,005,37829,22,16,0,16,0
2020-06-24,Butte,007,227075,221,119,7,126,1
2020-06-24,Calaveras,009,45235,37,26,0,26,0
2020-06-24,Colusa,011,21464,44,11,0,11,0
2020-06-24,Contra Costa,013,1133247,3231,2520,3,2523,66
2020-06-24,Del Norte,015,27424,49,47,0,47,0
2020-06-24,El Dorado,017,186661,238,149,0,149,0
2020-06-24,Fresno,019,978130,8214,3765,73,3838,71
2020-06-24,Glenn,021,27897,124,54,0,54,0
2020-06-24,Humboldt,023,135768,150,117,0,117,3
2020-06-24,Imperial,025,180216,7508,5138,4,5142,38
2020-06-24,Inyo,027,18085,29,28,0,28,1
2020-06-24,Kern,029,883053,6980,4155,20,4175,67
2020-06-24,Kings,031,150075,2520,2063,6,2069,16
2020-06-24,Lake,033,64148,66,40,0,40,0
2020-06-24,Lassen,035,31185,230,9,2,11,0
2020-06-24,Los Angeles,037,10098052,105622,89566,29,89595,3186
2020-06-24,Madera,039,155013,765,373,2,375,4
2020-06-24,Marin,041,260295,2236,1261,4,1265,17
2020-06-24,Mariposa,043,17540,28,19,0,19,1
2020-06-24,Mendocino,045,87422,80,60,0,60,0
2020-06-24,Merced,047,269075,1353,696,1,697,8
2020-06-24,Modoc,049,8938,1,0,0,0,0
2020-06-24,Mono,051,14174,42,35,0,35,1
2020-06-24,Monterey,053,433212,1851,1407,5,1412,12
2020-06-24,Napa,055,140530,377,258,0,258,3
2020-06-24,Nevada,057,99092,122,92,1,93,1
2020-06-24,Orange,059,3164182,19049,11804,148,11952,303
2020-06-24,Placer,061,380077,784,548,3,551,10
2020-06-24,Plumas,063,18699,10,6,0,6,0
2020-06-24,Riverside,065,2383286,20573,14946,24,14970,410
2020-06-24,Sacramento,067,1510023,3365,2446,5,2451,62
2020-06-24,San Benito,069,59416,251,171,0,171,2
2020-06-24,San Bernardino,071,2135413,15847,10211,9,10220,239
2020-06-24,San Diego,073,3302833,15085,11628,2,11630,347
2020-06-24,San Francisco,075,870044,3722,3216,1,3217,48
2020-06-24,San Joaquin,077,732212,4059,2680,4,2684,49
2020-06-24,San Luis Obispo,079,281455,703,461,5,466,1
2020-06-24,San Mateo,081,765935,3363,2964,6,2970,82
2020-06-24,Santa Barbara,083,443738,3504,2569,25,2594,22
2020-06-24,Santa Clara,085,1922200,5233,3812,16,3828,155
2020-06-24,Santa Cruz,087,273765,404,329,0,329,2
2020-06-24,Shasta,089,179085,169,83,0,83,5
2020-06-24,Sierra,091,2930,1,1,0,1,0
2020-06-24,Siskiyou,093,43540,32,24,0,24,0
2020-06-24,Solano,095,438530,1535,979,7,986,21
2020-06-24,Sonoma,097,501317,1264,933,3,936,4
2020-06-24,Stanislaus,099,539301,3245,2039,5,2044,36
2020-06-24,Sutter,101,95872,159,118,0,118,2
2020-06-24,Tehama,103,63373,81,55,2,57,1
2020-06-24,Trinity,105,12862,16,2,3,5,0
2020-06-24,Tulare,107,460477,4887,3541,10,3551,116
2020-06-24,Tuolumne,109,53932,32,9,1,10,0
2020-06-24,Ventura,111,848112,3533,2314,16,2330,42
2020-06-24,Yolo,113,214977,570,376,3,379,24
2020-06-24,Yuba,115,75493,58,37,0,37,1
2020-06-23,Alameda,001,1643700,6164,5159,9,5168,121
2020-06-23,Alpine,003,1148,1,1,0,1,0
2020-06-23,Amador,005,37829,21,13,0,13,0
2020-06-23,Butte,007,227075,203,111,7,118,1
2020-06-23,Calaveras,009,45235,37,26,0,26,0
2020-06-23,Colusa,011,21464,40,7,0,7,0
2020-06-23,Contra Costa,013,1133247,3105,2453,3,2456,60
2020-06-23,Del Norte,015,27424,48,46,0,46,0
2020-06-23,El Dorado,017,186661,229,142,0,142,0
2020-06-23,Fresno,019,978130,7563,3569,71,3640,67
2020-06-23,Glenn,021,27897,120,47,0,47,0
2020-06-23,Humboldt,023,135768,150,110,0,110,3
2020-06-23,Imperial,025,180216,7345,5025,4,5029,38
2020-06-23,Inyo,027,18085,29,26,0,26,1
2020-06-23,Kern,029,883053,6612,4087,17,4104,64
2020-06-23,Kings,031,150075,2455,1727,6,1733,16
2020-06-23,Lake,033,64148,60,40,0,40,0
2020-06-23,Lassen,035,31185,226,9,2,11,0
2020-06-23,Los Angeles,037,10098052,102682,88433,28,88461,3152
2020-06-23,Madera,039,155013,726,369,2,371,4
2020-06-23,Marin,041,260295,1968,1139,4,1143,17
2020-06-23,Mariposa,043,17540,26,18,0,18,1
2020-06-23,Mendocino,045,87422,79,61,0,61,0
2020-06-23,Merced,047,269075,1256,656,1,657,8
2020-06-23,Modoc,049,8938,1,0,0,0,0
2020-06-23,Mono,051,14174,42,35,0,35,1
2020-06-23,Monterey,053,433212,1781,1346,5,1351,12
2020-06-23,Napa,055,140530,362,230,0,230,3
2020-06-23,Nevada,057,99092,116,81,1,82,1
2020-06-23,Orange,059,3164182,18081,11071,145,11216,278
2020-06-23,Placer,061,380077,758,525,3,528,10
2020-06-23,Plumas,063,18699,9,6,0,6,0
2020-06-23,Riverside,065,2383286,19552,14469,24,14493,406
2020-06-23,Sacramento,067,1510023,3186,2374,5,2379,62
2020-06-23,San Benito,069,59416,237,167,0,167,2
2020-06-23,San Bernardino,071,2135413,15065,9771,9,9780,229
2020-06-23,San Diego,073,3302833,14565,11296,2,11298,341
2020-06-23,San Francisco,075,870044,3648,3177,1,3178,48
2020-06-23,San Joaquin,077,732212,3800,2502,4,2506,48
2020-06-23,San Luis Obispo,079,281455,672,445,5,450,1
2020-06-23,San Mateo,081,765935,3298,2907,6,2913,81
2020-06-23,Santa Barbara,083,443738,3407,2498,25,2523,22
2020-06-23,Santa Clara,085,1922200,5087,3700,16,3716,155
2020-06-23,Santa Cruz,087,273765,394,313,0,313,2
2020-06-23,Shasta,089,179085,160,81,0,81,5
2020-06-23,Sierra,091,2930,1,1,0,1,0
2020-06-23,Siskiyou,093,43540,30,24,0,24,0
2020-06-23,Solano,095,438530,1478,941,6,947,21
2020-06-23,Sonoma,097,501317,1211,912,3,915,4
2020-06-23,Stanislaus,099,539301,3069,1850,5,1855,35
2020-06-23,Sutter,101,95872,149,112,0,112,2
2020-06-23,Tehama,103,63373,79,50,2,52,1
2020-06-23,Trinity,105,12862,16,2,3,5,0
2020-06-23,Tulare,107,460477,4765,3456,10,3466,111
2020-06-23,Tuolumne,109,53932,27,9,0,9,0
2020-06-23,Ventura,111,848112,3373,2209,15,2224,40
2020-06-23,Yolo,113,214977,544,350,0,350,24
2020-06-23,Yuba,115,75493,55,35,0,35,1
2020-06-22,Alameda,001,1643700,6013,4944,9,4953,121
2020-06-22,Alpine,003,1148,1,1,0,1,0
2020-06-22,Amador,005,37829,18,12,0,12,0
2020-06-22,Butte,007,227075,184,104,7,111,1
2020-06-22,Calaveras,009,45235,35,20,0,20,0
2020-06-22,Colusa,011,21464,37,7,0,7,0
2020-06-22,Contra Costa,013,1133247,2963,2363,3,2366,60
2020-06-22,Del Norte,015,27424,48,46,0,46,0
2020-06-22,El Dorado,017,186661,220,137,0,137,0
2020-06-22,Fresno,019,978130,7030,3425,71,3496,67
2020-06-22,Glenn,021,27897,111,40,0,40,0
2020-06-22,Humboldt,023,135768,147,110,0,110,3
2020-06-22,Imperial,025,180216,7189,4700,4,4704,38
2020-06-22,Inyo,027,18085,29,26,0,26,1
2020-06-22,Kern,029,883053,6260,3982,15,3997,60
2020-06-22,Kings,031,150075,2406,1513,6,1519,13
2020-06-22,Lake,033,64148,54,37,0,37,0
2020-06-22,Lassen,035,31185,116,7,2,9,0
2020-06-22,Los Angeles,037,10098052,99785,85925,27,85952,3117
2020-06-22,Madera,039,155013,701,333,2,335,4
2020-06-22,Marin,041,260295,1711,1029,4,1033,17
2020-06-22,Mariposa,043,17540,25,18,0,18,1
2020-06-22,Mendocino,045,87422,74,48,0,48,0
2020-06-22,Merced,047,269075,1167,619,1,620,8
2020-06-22,Modoc,049,8938,1,0,0,0,0
2020-06-22,Mono,051,14174,42,34,0,34,1
2020-06-22,Monterey,053,433212,1720,1293,5,1298,12
2020-06-22,Napa,055,140530,338,222,0,222,3
2020-06-22,Nevada,057,99092,111,79,1,80,1
2020-06-22,Orange,059,3164182,17149,10711,142,10853,275
2020-06-22,Placer,061,380077,732,512,3,515,9
2020-06-22,Plumas,063,18699,7,6,0,6,0
2020-06-22,Riverside,065,2383286,18580,13948,24,13972,403
2020-06-22,Sacramento,067,1510023,2969,2243,5,2248,62
2020-06-22,San Benito,069,59416,228,164,0,164,2
2020-06-22,San Bernardino,071,2135413,14289,9133,9,9142,229
2020-06-22,San Diego,073,3302833,14073,11098,2,11100,338
2020-06-22,San Francisco,075,870044,3555,3000,1,3001,47
2020-06-22,San Joaquin,077,732212,3552,2332,4,2336,48
2020-06-22,San Luis Obispo,079,281455,639,422,5,427,1
2020-06-22,San Mateo,081,765935,3225,2813,5,2818,81
2020-06-22,Santa Barbara,083,443738,3315,2447,25,2472,21
2020-06-22,Santa Clara,085,1922200,4924,3580,16,3596,155
2020-06-22,Santa Cruz,087,273765,381,290,0,290,3
2020-06-22,Shasta,089,179085,157,77,0,77,5
2020-06-22,Sierra,091,2930,1,1,0,1,0
2020-06-22,Siskiyou,093,43540,30,23,0,23,0
2020-06-22,Solano,095,438530,1400,784,5,789,21
2020-06-22,Sonoma,097,501317,1166,860,1,861,4
2020-06-22,Stanislaus,099,539301,2884,1784,5,1789,35
2020-06-22,Sutter,101,95872,140,100,0,100,2
2020-06-22,Tehama,103,63373,75,38,2,40,1
2020-06-22,Trinity,105,12862,16,2,3,5,0
2020-06-22,Tulare,107,460477,4627,3185,10,3195,111
2020-06-22,Tuolumne,109,53932,18,8,0,8,0
2020-06-22,Ventura,111,848112,3224,2065,15,2080,39
2020-06-22,Yolo,113,214977,518,333,0,333,24
2020-06-22,Yuba,115,75493,50,36,0,36,1
2020-06-21,Alameda,001,1643700,5818,4835,9,4844,121
2020-06-21,Alpine,003,1148,1,1,0,1,0
2020-06-21,Amador,005,37829,13,12,0,12,0
2020-06-21,Butte,007,227075,170,97,7,104,1
2020-06-21,Calaveras,009,45235,35,20,0,20,0
2020-06-21,Colusa,011,21464,29,7,0,7,0
2020-06-21,Contra Costa,013,1133247,2837,2282,3,2285,60
2020-06-21,Del Norte,015,27424,47,46,0,46,0
2020-06-21,El Dorado,017,186661,211,132,0,132,0
2020-06-21,Fresno,019,978130,6459,3296,69,3365,67
2020-06-21,Glenn,021,27897,102,40,0,40,0
2020-06-21,Humboldt,023,135768,142,108,0,108,3
2020-06-21,Imperial,025,180216,7006,4701,4,4705,38
2020-06-21,Inyo,027,18085,27,26,0,26,1
2020-06-21,Kern,029,883053,5968,3918,14,3932,60
2020-06-21,Kings,031,150075,2342,1334,6,1340,11
2020-06-21,Lake,033,64148,49,36,0,36,0
2020-06-21,Lassen,035,31185,23,7,2,9,0
2020-06-21,Los Angeles,037,10098052,96903,83383,26,83409,3101
2020-06-21,Madera,039,155013,667,319,2,321,4
2020-06-21,Marin,041,260295,1554,907,4,911,17
2020-06-21,Mariposa,043,17540,22,18,0,18,1
2020-06-21,Mendocino,045,87422,71,48,0,48,0
2020-06-21,Merced,047,269075,1072,577,1,578,8
2020-06-21,Modoc,049,8938,1,0,0,0,0
2020-06-21,Mono,051,14174,42,34,0,34,1
2020-06-21,Monterey,053,433212,1647,1227,5,1232,12
2020-06-21,Napa,055,140530,323,218,0,218,3
2020-06-21,Nevada,057,99092,108,79,1,80,1
2020-06-21,Orange,059,3164182,16317,10563,138,10701,275
2020-06-21,Placer,061,380077,692,498,3,501,9
2020-06-21,Plumas,063,18699,7,6,0,6,0
2020-06-21,Riverside,065,2383286,17874,13528,23,13551,402
2020-06-21,Sacramento,067,1510023,2768,2156,4,2160,62
2020-06-21,San Benito,069,59416,214,151,0,151,2
2020-06-21,San Bernardino,071,2135413,13514,8925,8,8933,229
2020-06-21,San Diego,073,3302833,13527,10796,2,10798,338
2020-06-21,San Francisco,075,870044,3449,3000,1,3001,47
2020-06-21,San Joaquin,077,732212,3316,2188,4,2192,48
2020-06-21,San Luis Obispo,079,281455,614,418,5,423,1
2020-06-21,San Mateo,081,765935,3167,2781,5,2786,81
2020-06-21,Santa Barbara,083,443738,3208,2430,24,2454,21
2020-06-21,Santa Clara,085,1922200,4786,3514,16,3530,154
2020-06-21,Santa Cruz,087,273765,371,290,0,290,3
2020-06-21,Shasta,089,179085,147,75,0,75,5
2020-06-21,Sierra,091,2930,1,1,0,1,0
2020-06-21,Siskiyou,093,43540,30,23,0,23,0
2020-06-21,Solano,095,438530,1300,783,4,787,21
2020-06-21,Sonoma,097,501317,1116,836,1,837,4
2020-06-21,Stanislaus,099,539301,2698,1688,5,1693,35
2020-06-21,Sutter,101,95872,132,96,0,96,2
2020-06-21,Tehama,103,63373,64,35,2,37,1
2020-06-21,Trinity,105,12862,15,2,3,5,0
2020-06-21,Tulare,107,460477,4458,3173,10,3183,111
2020-06-21,Tuolumne,109,53932,16,8,0,8,0
2020-06-21,Ventura,111,848112,3046,2021,15,2036,39
2020-06-21,Yolo,113,214977,486,323,0,323,24
2020-06-21,Yuba,115,75493,46,35,0,35,1
2020-06-20,Alameda,001,1643700,5756,4758,9,4767,119
2020-06-20,Alpine,003,1148,1,1,0,1,0
2020-06-20,Amador,005,37829,13,12,0,12,0
2020-06-20,Butte,007,227075,163,94,7,101,1
2020-06-20,Calaveras,009,45235,35,20,0,20,0
2020-06-20,Colusa,011,21464,26,7,0,7,0
2020-06-20,Contra Costa,013,1133247,2778,2231,3,2234,54
2020-06-20,Del Norte,015,27424,47,46,0,46,0
2020-06-20,El Dorado,017,186661,206,130,0,130,0
2020-06-20,Fresno,019,978130,6333,3222,66,3288,67
2020-06-20,Glenn,021,27897,97,40,0,40,0
2020-06-20,Humboldt,023,135768,142,108,0,108,3
2020-06-20,Imperial,025,180216,6925,4616,4,4620,37
2020-06-20,Inyo,027,18085,27,26,0,26,1
2020-06-20,Kern,029,883053,5803,3836,14,3850,59
2020-06-20,Kings,031,150075,2318,1331,6,1337,9
2020-06-20,Lake,033,64148,49,37,0,37,0
2020-06-20,Lassen,035,31185,22,7,2,9,0
2020-06-20,Los Angeles,037,10098052,95331,81604,25,81629,3093
2020-06-20,Madera,039,155013,634,321,2,323,4
2020-06-20,Marin,041,260295,1534,879,4,883,17
2020-06-20,Mariposa,043,17540,22,18,0,18,1
2020-06-20,Mendocino,045,87422,70,48,0,48,0
2020-06-20,Merced,047,269075,1032,566,1,567,8
2020-06-20,Modoc,049,8938,1,0,0,0,0
2020-06-20,Mono,051,14174,42,34,0,34,1
2020-06-20,Monterey,053,433212,1611,1181,5,1186,12
2020-06-20,Napa,055,140530,314,212,0,212,3
2020-06-20,Nevada,057,99092,105,73,1,74,1
2020-06-20,Orange,059,3164182,15967,10284,134,10418,273
2020-06-20,Placer,061,380077,667,483,3,486,9
2020-06-20,Plumas,063,18699,6,6,0,6,0
2020-06-20,Riverside,065,2383286,17575,13021,23,13044,402
2020-06-20,Sacramento,067,1510023,2697,2069,4,2073,63
2020-06-20,San Benito,069,59416,210,139,0,139,2
2020-06-20,San Bernardino,071,2135413,13152,8718,8,8726,229
2020-06-20,San Diego,073,3302833,13204,10486,2,10488,338
2020-06-20,San Francisco,075,870044,3405,2999,1,3000,47
2020-06-20,San Joaquin,077,732212,3234,2046,4,2050,48
2020-06-20,San Luis Obispo,079,281455,601,405,5,410,1
2020-06-20,San Mateo,081,765935,3119,2755,5,2760,81
2020-06-20,Santa Barbara,083,443738,3152,2358,23,2381,21
2020-06-20,Santa Clara,085,1922200,4712,3435,16,3451,154
2020-06-20,Santa Cruz,087,273765,369,287,0,287,3
2020-06-20,Shasta,089,179085,141,66,0,66,5
2020-06-20,Sierra,091,2930,1,1,0,1,0
2020-06-20,Siskiyou,093,43540,29,22,0,22,0
2020-06-20,Solano,095,438530,1276,784,4,788,21
2020-06-20,Sonoma,097,501317,1080,806,1,807,4
2020-06-20,Stanislaus,099,539301,2590,1598,5,1603,35
2020-06-20,Sutter,101,95872,130,89,0,89,2
2020-06-20,Tehama,103,63373,62,35,2,37,1
2020-06-20,Trinity,105,12862,15,2,3,5,0
2020-06-20,Tulare,107,460477,4385,3172,10,3182,111
2020-06-20,Tuolumne,109,53932,13,8,0,8,0
2020-06-20,Ventura,111,848112,2981,1946,15,1961,37
2020-06-20,Yolo,113,214977,470,309,0,309,24
2020-06-20,Yuba,115,75493,44,34,0,34,1
2020-06-19,Alameda,001,1643700,5685,4646,9,4655,119
2020-06-19,Alpine,003,1148,1,1,0,1,0
2020-06-19,Amador,005,37829,13,12,0,12,0
2020-06-19,Butte,007,227075,158,91,7,98,1
2020-06-19,Calaveras,009,45235,34,20,0,20,0
2020-06-19,Colusa,011,21464,24,7,0,7,0
2020-06-19,Contra Costa,013,1133247,2698,2106,3,2109,54
2020-06-19,Del Norte,015,27424,47,46,0,46,0
2020-06-19,El Dorado,017,186661,197,124,0,124,0
2020-06-19,Fresno,019,978130,6171,3109,64,3173,61
2020-06-19,Glenn,021,27897,91,40,0,40,0
2020-06-19,Humboldt,023,135768,140,106,0,106,3
2020-06-19,Imperial,025,180216,6834,4504,4,4508,36
2020-06-19,Inyo,027,18085,27,26,0,26,1
2020-06-19,Kern,029,883053,5580,3742,13,3755,57
2020-06-19,Kings,031,150075,2297,1285,6,1291,9
2020-06-19,Lake,033,64148,46,36,0,36,0
2020-06-19,Lassen,035,31185,21,7,2,9,0
2020-06-19,Los Angeles,037,10098052,93352,79572,24,79596,3047
2020-06-19,Madera,039,155013,615,300,2,302,4
2020-06-19,Marin,041,260295,1505,829,4,833,17
2020-06-19,Mariposa,043,17540,21,18,0,18,1
2020-06-19,Mendocino,045,87422,69,48,0,48,0
2020-06-19,Merced,047,269075,987,529,1,530,8
2020-06-19,Modoc,049,8938,1,0,0,0,0
2020-06-19,Mono,051,14174,42,34,0,34,1
2020-06-19,Monterey,053,433212,1582,1159,5,1164,12
2020-06-19,Napa,055,140530,304,209,0,209,3
2020-06-19,Nevada,057,99092,102,71,1,72,1
2020-06-19,Orange,059,3164182,15434,9972,127,10099,260
2020-06-19,Placer,061,380077,649,464,3,467,9
2020-06-19,Plumas,063,18699,6,5,0,5,0
2020-06-19,Riverside,065,2383286,17170,12710,23,12733,398
2020-06-19,Sacramento,067,1510023,2614,1976,4,1980,64
2020-06-19,San Benito,069,59416,209,136,0,136,2
2020-06-19,San Bernardino,071,2135413,12746,8454,7,8461,226
2020-06-19,San Diego,073,3302833,12841,10352,2,10354,332
2020-06-19,San Francisco,075,870044,3350,2968,1,2969,47
2020-06-19,San Joaquin,077,732212,3111,1969,4,1973,48
2020-06-19,San Luis Obispo,079,281455,585,392,5,397,1
2020-06-19,San Mateo,081,765935,3080,2713,5,2718,81
2020-06-19,Santa Barbara,083,443738,3079,2284,21,2305,21
2020-06-19,Santa Clara,085,1922200,4638,3376,16,3392,154
2020-06-19,Santa Cruz,087,273765,359,283,0,283,3
2020-06-19,Shasta,089,179085,137,58,0,58,5
2020-06-19,Sierra,091,2930,1,1,0,1,0
2020-06-19,Siskiyou,093,43540,29,21,0,21,0
2020-06-19,Solano,095,438530,1238,755,4,759,21
2020-06-19,Sonoma,097,501317,1053,803,1,804,4
2020-06-19,Stanislaus,099,539301,2480,1549,5,1554,35
2020-06-19,Sutter,101,95872,129,89,0,89,2
2020-06-19,Tehama,103,63373,61,35,2,37,1
2020-06-19,Trinity,105,12862,15,2,3,5,0
2020-06-19,Tulare,107,460477,4314,3053,10,3063,107
2020-06-19,Tuolumne,109,53932,12,8,0,8,0
2020-06-19,Ventura,111,848112,2897,1865,15,1880,37
2020-06-19,Yolo,113,214977,451,303,0,303,24
2020-06-19,Yuba,115,75493,43,33,0,33,1
2020-06-18,Alameda,001,1643700,5555,4589,9,4598,118
2020-06-18,Alpine,003,1148,1,1,0,1,0
2020-06-18,Amador,005,37829,12,12,0,12,0
2020-06-18,Butte,007,227075,153,88,7,95,1
2020-06-18,Calaveras,009,45235,34,20,0,20,0
2020-06-18,Colusa,011,21464,20,7,0,7,0
2020-06-18,Contra Costa,013,1133247,2592,2072,3,2075,53
2020-06-18,Del Norte,015,27424,47,46,0,46,0
2020-06-18,El Dorado,017,186661,193,121,0,121,0
2020-06-18,Fresno,019,978130,5904,2947,63,3010,57
2020-06-18,Glenn,021,27897,82,35,0,35,0
2020-06-18,Humboldt,023,135768,139,106,0,106,3
2020-06-18,Imperial,025,180216,6685,4366,4,4370,36
2020-06-18,Inyo,027,18085,26,25,0,25,1
2020-06-18,Kern,029,883053,5362,3634,13,3647,57
2020-06-18,Kings,031,150075,2238,1141,6,1147,8
2020-06-18,Lake,033,64148,45,36,0,36,0
2020-06-18,Lassen,035,31185,20,5,2,7,0
2020-06-18,Los Angeles,037,10098052,91083,78244,24,78268,3009
2020-06-18,Madera,039,155013,580,288,2,290,4
2020-06-18,Marin,041,260295,1442,819,4,823,17
2020-06-18,Mariposa,043,17540,19,18,0,18,1
2020-06-18,Mendocino,045,87422,65,45,0,45,0
2020-06-18,Merced,047,269075,934,486,1,487,7
2020-06-18,Modoc,049,8938,1,0,0,0,0
2020-06-18,Mono,051,14174,42,34,0,34,1
2020-06-18,Monterey,053,433212,1514,1127,5,1132,12
2020-06-18,Napa,055,140530,289,205,0,205,3
2020-06-18,Nevada,057,99092,98,68,1,69,1
2020-06-18,Orange,059,3164182,14779,9597,108,9705,255
2020-06-18,Placer,061,380077,626,457,3,460,9
2020-06-18,Plumas,063,18699,6,5,0,5,0
2020-06-18,Riverside,065,2383286,16554,12410,23,12433,392
2020-06-18,Sacramento,067,1510023,2498,1938,4,1942,63
2020-06-18,San Benito,069,59416,203,134,0,134,2
2020-06-18,San Bernardino,071,2135413,12106,8141,7,8148,226
2020-06-18,San Diego,073,3302833,12419,10094,2,10096,331
2020-06-18,San Francisco,075,870044,3301,2951,1,2952,47
2020-06-18,San Joaquin,077,732212,2959,1908,4,1912,47
2020-06-18,San Luis Obispo,079,281455,566,378,5,383,1
2020-06-18,San Mateo,081,765935,3041,2674,5,2679,78
2020-06-18,Santa Barbara,083,443738,3005,2201,21,2222,19
2020-06-18,Santa Clara,085,1922200,4535,3338,16,3354,152
2020-06-18,Santa Cruz,087,273765,342,275,0,275,3
2020-06-18,Shasta,089,179085,126,51,0,51,4
2020-06-18,Sierra,091,2930,1,1,0,1,0
2020-06-18,Siskiyou,093,43540,29,18,0,18,0
2020-06-18,Solano,095,438530,1200,735,4,739,21
2020-06-18,Sonoma,097,501317,1011,789,1,790,4
2020-06-18,Stanislaus,099,539301,2346,1495,5,1500,35
2020-06-18,Sutter,101,95872,125,85,0,85,2
2020-06-18,Tehama,103,63373,56,31,2,33,1
2020-06-18,Trinity,105,12862,15,2,3,5,0
2020-06-18,Tulare,107,460477,4192,3005,10,3015,107
2020-06-18,Tuolumne,109,53932,11,8,0,8,0
2020-06-18,Ventura,111,848112,2771,1781,15,1796,37
2020-06-18,Yolo,113,214977,418,294,0,294,24
2020-06-18,Yuba,115,75493,42,32,0,32,1
2020-06-17,Alameda,001,1643700,5432,4485,9,4494,117
2020-06-17,Alpine,003,1148,1,1,0,1,0
2020-06-17,Amador,005,37829,11,10,0,10,0
2020-06-17,Butte,007,227075,144,81,7,88,1
2020-06-17,Calaveras,009,45235,34,20,0,20,0
2020-06-17,Colusa,011,21464,19,7,0,7,0
2020-06-17,Contra Costa,013,1133247,2495,2020,3,2023,45
2020-06-17,Del Norte,015,27424,47,45,0,45,0
2020-06-17,El Dorado,017,186661,186,116,0,116,0
2020-06-17,Fresno,019,978130,5678,2801,60,2861,56
2020-06-17,Glenn,021,27897,75,31,0,31,0
2020-06-17,Humboldt,023,135768,137,105,0,105,3
2020-06-17,Imperial,025,180216,6512,4108,4,4112,36
2020-06-17,Inyo,027,18085,25,25,0,25,1
2020-06-17,Kern,029,883053,5161,3547,13,3560,56
2020-06-17,Kings,031,150075,2208,1097,6,1103,7
2020-06-17,Lake,033,64148,44,32,0,32,0
2020-06-17,Lassen,035,31185,16,5,2,7,0
2020-06-17,Los Angeles,037,10098052,88776,77166,24,77190,2973
2020-06-17,Madera,039,155013,558,258,2,260,4
2020-06-17,Marin,041,260295,1250,771,3,774,17
2020-06-17,Mariposa,043,17540,18,18,0,18,1
2020-06-17,Mendocino,045,87422,63,42,0,42,0
2020-06-17,Merced,047,269075,862,460,1,461,7
2020-06-17,Modoc,049,8938,1,0,0,0,0
2020-06-17,Mono,051,14174,42,34,0,34,1
2020-06-17,Monterey,053,433212,1462,1077,5,1082,12
2020-06-17,Napa,055,140530,274,202,0,202,3
2020-06-17,Nevada,057,99092,94,57,1,58,1
2020-06-17,Orange,059,3164182,14173,9278,102,9380,230
2020-06-17,Placer,061,380077,606,427,3,430,9
2020-06-17,Plumas,063,18699,6,5,0,5,0
2020-06-17,Riverside,065,2383286,15918,11859,23,11882,370
2020-06-17,Sacramento,067,1510023,2391,1889,4,1893,63
2020-06-17,San Benito,069,59416,198,116,0,116,2
2020-06-17,San Bernardino,071,2135413,11554,7670,7,7677,225
2020-06-17,San Diego,073,3302833,12040,9856,2,9858,327
2020-06-17,San Francisco,075,870044,3262,2906,1,2907,46
2020-06-17,San Joaquin,077,732212,2786,1825,4,1829,46
2020-06-17,San Luis Obispo,079,281455,548,362,5,367,1
2020-06-17,San Mateo,081,765935,2994,2649,5,2654,78
2020-06-17,Santa Barbara,083,443738,2932,2147,19,2166,19
2020-06-17,Santa Clara,085,1922200,4442,3264,15,3279,148
2020-06-17,Santa Cruz,087,273765,336,265,0,265,2
2020-06-17,Shasta,089,179085,124,51,0,51,4
2020-06-17,Sierra,091,2930,1,1,0,1,0
2020-06-17,Siskiyou,093,43540,28,16,0,16,0
2020-06-17,Solano,095,438530,1150,722,4,726,21
2020-06-17,Sonoma,097,501317,985,748,1,749,4
2020-06-17,Stanislaus,099,539301,2222,1387,5,1392,35
2020-06-17,Sutter,101,95872,119,79,0,79,2
2020-06-17,Tehama,103,63373,41,24,2,26,1
2020-06-17,Trinity,105,12862,14,2,3,5,0
2020-06-17,Tulare,107,460477,4082,2882,10,2892,106
2020-06-17,Tuolumne,109,53932,11,7,0,7,0
2020-06-17,Ventura,111,848112,2671,1729,15,1744,37
2020-06-17,Yolo,113,214977,398,277,0,277,24
2020-06-17,Yuba,115,75493,41,30,0,30,1
2020-06-16,Alameda,001,1643700,5314,4428,9,4437,113
2020-06-16,Alpine,003,1148,1,1,0,1,0
2020-06-16,Amador,005,37829,11,10,0,10,0
2020-06-16,Butte,007,227075,140,79,7,86,1
2020-06-16,Calaveras,009,45235,31,19,0,19,0
2020-06-16,Colusa,011,21464,16,7,0,7,0
2020-06-16,Contra Costa,013,1133247,2404,1971,2,1973,45
2020-06-16,Del Norte,015,27424,47,45,0,45,0
2020-06-16,El Dorado,017,186661,180,115,0,115,0
2020-06-16,Fresno,019,978130,5440,2731,58,2789,50
2020-06-16,Glenn,021,27897,71,30,0,30,0
2020-06-16,Humboldt,023,135768,134,105,0,105,3
2020-06-16,Imperial,025,180216,6353,3939,4,3943,36
2020-06-16,Inyo,027,18085,25,24,0,24,1
2020-06-16,Kern,029,883053,4937,3496,13,3509,55
2020-06-16,Kings,031,150075,2162,1044,6,1050,6
2020-06-16,Lake,033,64148,44,31,0,31,0
2020-06-16,Lassen,035,31185,13,5,2,7,0
2020-06-16,Los Angeles,037,10098052,86454,75051,24,75075,2942
2020-06-16,Madera,039,155013,532,239,2,241,3
2020-06-16,Marin,041,260295,1197,725,3,728,17
2020-06-16,Mariposa,043,17540,18,17,0,17,1
2020-06-16,Mendocino,045,87422,62,35,0,35,0
2020-06-16,Merced,047,269075,814,436,1,437,7
2020-06-16,Modoc,049,8938,1,0,0,0,0
2020-06-16,Mono,051,14174,42,34,0,34,1
2020-06-16,Monterey,053,433212,1414,1019,5,1024,12
2020-06-16,Napa,055,140530,259,196,0,196,3
2020-06-16,Nevada,057,99092,91,53,1,54,1
2020-06-16,Orange,059,3164182,13589,9163,98,9261,223
2020-06-16,Placer,061,380077,574,392,3,395,9
2020-06-16,Plumas,063,18699,6,5,0,5,0
2020-06-16,Riverside,065,2383286,15243,11638,23,11661,364
2020-06-16,Sacramento,067,1510023,2282,1825,4,1829,60
2020-06-16,San Benito,069,59416,190,110,0,110,2
2020-06-16,San Bernardino,071,2135413,11011,7463,7,7470,225
2020-06-16,San Diego,073,3302833,11678,9732,1,9733,323
2020-06-16,San Francisco,075,870044,3211,2893,1,2894,46
2020-06-16,San Joaquin,077,732212,2633,1718,4,1722,47
2020-06-16,San Luis Obispo,079,281455,524,343,5,348,1
2020-06-16,San Mateo,081,765935,2940,2618,5,2623,77
2020-06-16,Santa Barbara,083,443738,2865,2090,19,2109,16
2020-06-16,Santa Clara,085,1922200,4331,3228,14,3242,148
2020-06-16,Santa Cruz,087,273765,320,257,0,257,2
2020-06-16,Shasta,089,179085,115,51,0,51,4
2020-06-16,Sierra,091,2930,1,1,0,1,0
2020-06-16,Siskiyou,093,43540,27,15,0,15,0
2020-06-16,Solano,095,438530,1060,694,4,698,19
2020-06-16,Sonoma,097,501317,953,739,1,740,4
2020-06-16,Stanislaus,099,539301,2069,1278,5,1283,36
2020-06-16,Sutter,101,95872,112,73,0,73,2
2020-06-16,Tehama,103,63373,37,24,2,26,1
2020-06-16,Trinity,105,12862,14,2,3,5,0
2020-06-16,Tulare,107,460477,3963,2802,10,2812,96
2020-06-16,Tuolumne,109,53932,11,7,0,7,0
2020-06-16,Ventura,111,848112,2570,1676,15,1691,37
2020-06-16,Yolo,113,214977,375,262,0,262,24
2020-06-16,Yuba,115,75493,39,29,0,29,1
2020-06-15,Alameda,001,1643700,5187,4323,9,4332,112
2020-06-15,Alpine,003,1148,1,1,0,1,0
2020-06-15,Amador,005,37829,11,10,0,10,0
2020-06-15,Butte,007,227075,132,78,7,85,1
2020-06-15,Calaveras,009,45235,31,18,0,18,0
2020-06-15,Colusa,011,21464,14,7,0,7,0
2020-06-15,Contra Costa,013,1133247,2327,1918,2,1920,43
2020-06-15,Del Norte,015,27424,47,45,0,45,0
2020-06-15,El Dorado,017,186661,170,114,0,114,0
2020-06-15,Fresno,019,978130,5227,2616,57,2673,48
2020-06-15,Glenn,021,27897,66,21,0,21,0
2020-06-15,Humboldt,023,135768,132,105,0,105,3
2020-06-15,Imperial,025,180216,6178,3726,4,3730,36
2020-06-15,Inyo,027,18085,25,23,0,23,1
2020-06-15,Kern,029,883053,4713,3417,13,3430,55
2020-06-15,Kings,031,150075,2085,1022,6,1028,6
2020-06-15,Lake,033,64148,44,31,0,31,0
2020-06-15,Lassen,035,31185,13,5,2,7,0
2020-06-15,Los Angeles,037,10098052,84267,73705,24,73729,2908
2020-06-15,Madera,039,155013,510,203,2,205,3
2020-06-15,Marin,041,260295,1030,708,3,711,17
2020-06-15,Mariposa,043,17540,18,17,0,17,1
2020-06-15,Mendocino,045,87422,53,33,0,33,0
2020-06-15,Merced,047,269075,768,414,1,415,7
2020-06-15,Modoc,049,8938,1,0,0,0,0
2020-06-15,Mono,051,14174,42,34,0,34,1
2020-06-15,Monterey,053,433212,1348,998,5,1003,12
2020-06-15,Napa,055,140530,251,187,0,187,3
2020-06-15,Nevada,057,99092,85,52,1,53,1
2020-06-15,Orange,059,3164182,13021,8944,90,9034,212
2020-06-15,Placer,061,380077,552,386,3,389,9
2020-06-15,Plumas,063,18699,6,4,0,4,0
2020-06-15,Riverside,065,2383286,14625,11376,22,11398,364
2020-06-15,Sacramento,067,1510023,2166,1791,4,1795,60
2020-06-15,San Benito,069,59416,184,108,0,108,2
2020-06-15,San Bernardino,071,2135413,10507,7189,7,7196,224
2020-06-15,San Diego,073,3302833,11338,9612,1,9613,320
2020-06-15,San Francisco,075,870044,3167,2833,1,2834,45
2020-06-15,San Joaquin,077,732212,2497,1667,4,1671,43
2020-06-15,San Luis Obispo,079,281455,509,332,5,337,1
2020-06-15,San Mateo,081,765935,2893,2591,5,2596,75
2020-06-15,Santa Barbara,083,443738,2796,2054,19,2073,16
2020-06-15,Santa Clara,085,1922200,4231,3204,14,3218,148
2020-06-15,Santa Cruz,087,273765,309,254,0,254,2
2020-06-15,Shasta,089,179085,109,50,0,50,4
2020-06-15,Sierra,091,2930,1,1,0,1,0
2020-06-15,Siskiyou,093,43540,26,14,0,14,0
2020-06-15,Solano,095,438530,1000,638,4,642,19
2020-06-15,Sonoma,097,501317,924,726,1,727,4
2020-06-15,Stanislaus,099,539301,1952,1253,5,1258,35
2020-06-15,Sutter,101,95872,102,71,0,71,2
2020-06-15,Tehama,103,63373,37,17,2,19,1
2020-06-15,Trinity,105,12862,13,2,3,5,0
2020-06-15,Tulare,107,460477,3849,2662,10,2672,96
2020-06-15,Tuolumne,109,53932,10,7,0,7,0
2020-06-15,Ventura,111,848112,2489,1656,15,1671,37
2020-06-15,Yolo,113,214977,355,255,0,255,24
2020-06-15,Yuba,115,75493,39,28,0,28,1
2020-06-14,Alameda,001,1643700,5042,4271,9,4280,112
2020-06-14,Alpine,003,1148,1,1,0,1,0
2020-06-14,Amador,005,37829,11,10,0,10,0
2020-06-14,Butte,007,227075,124,78,7,85,1
2020-06-14,Calaveras,009,45235,30,18,0,18,0
2020-06-14,Colusa,011,21464,13,7,0,7,0
2020-06-14,Contra Costa,013,1133247,2258,1893,2,1895,43
2020-06-14,Del Norte,015,27424,47,45,0,45,0
2020-06-14,El Dorado,017,186661,166,110,0,110,0
2020-06-14,Fresno,019,978130,5042,2585,56,2641,48
2020-06-14,Glenn,021,27897,51,21,0,21,0
2020-06-14,Humboldt,023,135768,128,105,0,105,3
2020-06-14,Imperial,025,180216,5947,3730,4,3734,36
2020-06-14,Inyo,027,18085,24,23,0,23,1
2020-06-14,Kern,029,883053,4502,3328,13,3341,55
2020-06-14,Kings,031,150075,2034,1022,5,1027,6
2020-06-14,Lake,033,64148,41,31,0,31,0
2020-06-14,Lassen,035,31185,13,5,2,7,0
2020-06-14,Los Angeles,037,10098052,81941,72932,23,72955,2887
2020-06-14,Madera,039,155013,491,203,2,205,3
2020-06-14,Marin,041,260295,865,689,2,691,17
2020-06-14,Mariposa,043,17540,18,16,0,16,1
2020-06-14,Mendocino,045,87422,50,33,0,33,0
2020-06-14,Merced,047,269075,717,403,1,404,7
2020-06-14,Modoc,049,8938,1,0,0,0,0
2020-06-14,Mono,051,14174,42,34,0,34,1
2020-06-14,Monterey,053,433212,1287,949,5,954,12
2020-06-14,Napa,055,140530,229,181,0,181,3
2020-06-14,Nevada,057,99092,81,52,1,53,1
2020-06-14,Orange,059,3164182,12594,8744,85,8829,211
2020-06-14,Placer,061,380077,526,369,3,372,9
2020-06-14,Plumas,063,18699,5,4,0,4,0
2020-06-14,Riverside,065,2383286,14183,11218,22,11240,364
2020-06-14,Sacramento,067,1510023,2079,1750,4,1754,60
2020-06-14,San Benito,069,59416,173,104,0,104,2
2020-06-14,San Bernardino,071,2135413,9966,7015,7,7022,224
2020-06-14,San Diego,073,3302833,10963,9442,1,9443,319
2020-06-14,San Francisco,075,870044,3127,2834,1,2835,45
2020-06-14,San Joaquin,077,732212,2346,1603,4,1607,43
2020-06-14,San Luis Obispo,079,281455,494,330,5,335,1
2020-06-14,San Mateo,081,765935,2835,2571,5,2576,75
2020-06-14,Santa Barbara,083,443738,2719,2049,19,2068,17
2020-06-14,Santa Clara,085,1922200,4136,3178,14,3192,148
2020-06-14,Santa Cruz,087,273765,295,254,0,254,2
2020-06-14,Shasta,089,179085,103,48,0,48,4
2020-06-14,Sierra,091,2930,1,1,0,1,0
2020-06-14,Siskiyou,093,43540,25,13,0,13,0
2020-06-14,Solano,095,438530,951,638,4,642,19
2020-06-14,Sonoma,097,501317,896,724,1,725,4
2020-06-14,Stanislaus,099,539301,1804,1159,5,1164,35
2020-06-14,Sutter,101,95872,97,63,0,63,2
2020-06-14,Tehama,103,63373,34,17,2,19,1
2020-06-14,Trinity,105,12862,13,2,3,5,0
2020-06-14,Tulare,107,460477,3715,2646,10,2656,96
2020-06-14,Tuolumne,109,53932,10,7,0,7,0
2020-06-14,Ventura,111,848112,2390,1610,14,1624,37
2020-06-14,Yolo,113,214977,339,254,0,254,24
2020-06-14,Yuba,115,75493,38,28,0,28,1
2020-06-13,Alameda,001,1643700,4979,4196,9,4205,112
2020-06-13,Alpine,003,1148,1,1,0,1,0
2020-06-13,Amador,005,37829,10,10,0,10,0
2020-06-13,Butte,007,227075,115,72,7,79,1
2020-06-13,Calaveras,009,45235,28,18,0,18,0
2020-06-13,Colusa,011,21464,12,7,0,7,0
2020-06-13,Contra Costa,013,1133247,2222,1868,2,1870,43
2020-06-13,Del Norte,015,27424,47,45,0,45,0
2020-06-13,El Dorado,017,186661,162,110,0,110,0
2020-06-13,Fresno,019,978130,4944,2499,56,2555,48
2020-06-13,Glenn,021,27897,49,21,0,21,0
2020-06-13,Humboldt,023,135768,127,104,0,104,3
2020-06-13,Imperial,025,180216,5874,3646,4,3650,36
2020-06-13,Inyo,027,18085,24,23,0,23,1
2020-06-13,Kern,029,883053,4393,3239,13,3252,55
2020-06-13,Kings,031,150075,2014,1023,5,1028,6
2020-06-13,Lake,033,64148,40,29,0,29,0
2020-06-13,Lassen,035,31185,13,5,2,7,0
2020-06-13,Los Angeles,037,10098052,80903,71938,23,71961,2874
2020-06-13,Madera,039,155013,487,203,2,205,3
2020-06-13,Marin,041,260295,834,677,2,679,17
2020-06-13,Mariposa,043,17540,18,16,0,16,1
2020-06-13,Mendocino,045,87422,50,33,0,33,0
2020-06-13,Merced,047,269075,699,376,1,377,7
2020-06-13,Modoc,049,8938,1,0,0,0,0
2020-06-13,Mono,051,14174,42,35,0,35,1
2020-06-13,Monterey,053,433212,1249,900,5,905,11
2020-06-13,Napa,055,140530,226,171,0,171,3
2020-06-13,Nevada,057,99092,79,52,1,53,1
2020-06-13,Orange,059,3164182,12350,8581,82,8663,211
2020-06-13,Placer,061,380077,509,346,3,349,9
2020-06-13,Plumas,063,18699,5,4,0,4,0
2020-06-13,Riverside,065,2383286,13904,10931,22,10953,364
2020-06-13,Sacramento,067,1510023,2025,1713,4,1717,60
2020-06-13,San Benito,069,59416,166,99,0,99,2
2020-06-13,San Bernardino,071,2135413,9741,6885,7,6892,224
2020-06-13,San Diego,073,3302833,10791,9316,1,9317,319
2020-06-13,San Francisco,075,870044,3107,2834,1,2835,44
2020-06-13,San Joaquin,077,732212,2265,1461,4,1465,43
2020-06-13,San Luis Obispo,079,281455,483,326,5,331,1
2020-06-13,San Mateo,081,765935,2812,2551,5,2556,75
2020-06-13,Santa Barbara,083,443738,2661,1999,19,2018,15
2020-06-13,Santa Clara,085,1922200,4093,3141,14,3155,148
2020-06-13,Santa Cruz,087,273765,289,254,0,254,2
2020-06-13,Shasta,089,179085,101,48,0,48,4
2020-06-13,Sierra,091,2930,1,1,0,1,0
2020-06-13,Siskiyou,093,43540,25,13,0,13,0
2020-06-13,Solano,095,438530,923,637,4,641,19
2020-06-13,Sonoma,097,501317,881,711,1,712,4
2020-06-13,Stanislaus,099,539301,1747,1122,5,1127,33
2020-06-13,Sutter,101,95872,96,62,0,62,2
2020-06-13,Tehama,103,63373,33,17,2,19,1
2020-06-13,Trinity,105,12862,13,2,3,5,0
2020-06-13,Tulare,107,460477,3683,2626,10,2636,96
2020-06-13,Tuolumne,109,53932,9,7,0,7,0
2020-06-13,Ventura,111,848112,2344,1567,14,1581,37
2020-06-13,Yolo,113,214977,318,251,0,251,24
2020-06-13,Yuba,115,75493,38,28,0,28,1
2020-06-12,Alameda,001,1643700,4906,4167,9,4176,109
2020-06-12,Alpine,003,1148,1,1,0,1,0
2020-06-12,Amador,005,37829,10,10,0,10,0
2020-06-12,Butte,007,227075,111,71,7,78,1
2020-06-12,Calaveras,009,45235,25,18,0,18,0
2020-06-12,Colusa,011,21464,12,7,0,7,0
2020-06-12,Contra Costa,013,1133247,2185,1827,2,1829,43
2020-06-12,Del Norte,015,27424,47,45,0,45,0
2020-06-12,El Dorado,017,186661,162,110,0,110,0
2020-06-12,Fresno,019,978130,4807,2428,56,2484,47
2020-06-12,Glenn,021,27897,46,21,0,21,0
2020-06-12,Humboldt,023,135768,125,105,0,105,3
2020-06-12,Imperial,025,180216,5790,3543,4,3547,36
2020-06-12,Inyo,027,18085,24,23,0,23,1
2020-06-12,Kern,029,883053,4276,3152,13,3165,54
2020-06-12,Kings,031,150075,2001,987,5,992,6
2020-06-12,Lake,033,64148,39,29,0,29,0
2020-06-12,Lassen,035,31185,13,5,2,7,0
2020-06-12,Los Angeles,037,10098052,79497,70385,23,70408,2814
2020-06-12,Madera,039,155013,462,187,2,189,3
2020-06-12,Marin,041,260295,831,649,2,651,17
2020-06-12,Mariposa,043,17540,18,16,0,16,1
2020-06-12,Mendocino,045,87422,50,33,0,33,0
2020-06-12,Merced,047,269075,665,372,1,373,7
2020-06-12,Modoc,049,8938,1,0,0,0,0
2020-06-12,Mono,051,14174,39,35,0,35,1
2020-06-12,Monterey,053,433212,1208,864,4,868,11
2020-06-12,Napa,055,140530,223,162,0,162,3
2020-06-12,Nevada,057,99092,73,52,1,53,1
2020-06-12,Orange,059,3164182,12044,8440,81,8521,203
2020-06-12,Placer,061,380077,492,333,3,336,9
2020-06-12,Plumas,063,18699,5,4,0,4,0
2020-06-12,Riverside,065,2383286,13567,10616,22,10638,364
2020-06-12,Sacramento,067,1510023,1970,1702,4,1706,60
2020-06-12,San Benito,069,59416,159,96,0,96,2
2020-06-12,San Bernardino,071,2135413,9473,6707,7,6714,223
2020-06-12,San Diego,073,3302833,10621,9132,1,9133,313
2020-06-12,San Francisco,075,870044,3073,2823,1,2824,44
2020-06-12,San Joaquin,077,732212,2185,1406,4,1410,43
2020-06-12,San Luis Obispo,079,281455,467,321,5,326,1
2020-06-12,San Mateo,081,765935,2777,2533,5,2538,75
2020-06-12,Santa Barbara,083,443738,2606,1969,19,1988,14
2020-06-12,Santa Clara,085,1922200,4049,3099,14,3113,149
2020-06-12,Santa Cruz,087,273765,281,251,0,251,2
2020-06-12,Shasta,089,179085,94,48,0,48,5
2020-06-12,Sierra,091,2930,1,1,0,1,0
2020-06-12,Siskiyou,093,43540,25,13,0,13,0
2020-06-12,Solano,095,438530,909,620,4,624,19
2020-06-12,Sonoma,097,501317,862,696,1,697,4
2020-06-12,Stanislaus,099,539301,1688,1092,5,1097,33
2020-06-12,Sutter,101,95872,95,56,0,56,2
2020-06-12,Tehama,103,63373,32,13,2,15,1
2020-06-12,Trinity,105,12862,13,2,3,5,0
2020-06-12,Tulare,107,460477,3629,2552,10,2562,95
2020-06-12,Tuolumne,109,53932,9,7,0,7,0
2020-06-12,Ventura,111,848112,2292,1534,14,1548,35
2020-06-12,Yolo,113,214977,306,243,0,243,24
2020-06-12,Yuba,115,75493,36,27,0,27,1
2020-06-11,Alameda,001,1643700,4776,4073,8,4081,108
2020-06-11,Alpine,003,1148,1,1,0,1,0
2020-06-11,Amador,005,37829,9,10,0,10,0
2020-06-11,Butte,007,227075,105,72,7,79,1
2020-06-11,Calaveras,009,45235,24,16,0,16,0
2020-06-11,Colusa,011,21464,12,7,0,7,0
2020-06-11,Contra Costa,013,1133247,2132,1797,2,1799,43
2020-06-11,Del Norte,015,27424,47,45,0,45,0
2020-06-11,El Dorado,017,186661,154,109,0,109,0
2020-06-11,Fresno,019,978130,4652,2338,56,2394,45
2020-06-11,Glenn,021,27897,42,21,0,21,0
2020-06-11,Humboldt,023,135768,121,113,0,113,3
2020-06-11,Imperial,025,180216,5634,3463,4,3467,36
2020-06-11,Inyo,027,18085,22,23,0,23,1
2020-06-11,Kern,029,883053,4124,3047,11,3058,54
2020-06-11,Kings,031,150075,1968,963,5,968,6
2020-06-11,Lake,033,64148,39,28,0,28,0
2020-06-11,Lassen,035,31185,13,5,2,7,0
2020-06-11,Los Angeles,037,10098052,77831,68807,22,68829,2800
2020-06-11,Madera,039,155013,444,178,2,180,3
2020-06-11,Marin,041,260295,783,637,2,639,17
2020-06-11,Mariposa,043,17540,18,16,0,16,1
2020-06-11,Mendocino,045,87422,41,35,0,35,0
2020-06-11,Merced,047,269075,625,370,1,371,7
2020-06-11,Modoc,049,8938,1,0,0,0,0
2020-06-11,Mono,051,14174,39,35,0,35,1
2020-06-11,Monterey,053,433212,1161,813,4,817,11
2020-06-11,Napa,055,140530,214,162,0,162,3
2020-06-11,Nevada,057,99092,67,50,1,51,1
2020-06-11,Orange,059,3164182,11735,8304,80,8384,188
2020-06-11,Placer,061,380077,473,321,3,324,9
2020-06-11,Plumas,063,18699,5,4,0,4,0
2020-06-11,Riverside,065,2383286,13214,10014,22,10036,361
2020-06-11,Sacramento,067,1510023,1922,1669,4,1673,60
2020-06-11,San Benito,069,59416,153,94,0,94,2
2020-06-11,San Bernardino,071,2135413,9176,6509,7,6516,221
2020-06-11,San Diego,073,3302833,10391,9000,0,9000,308
2020-06-11,San Francisco,075,870044,3044,2766,1,2767,44
2020-06-11,San Joaquin,077,732212,2073,1351,4,1355,43
2020-06-11,San Luis Obispo,079,281455,453,307,5,312,1
2020-06-11,San Mateo,081,765935,2739,2499,5,2504,74
2020-06-11,Santa Barbara,083,443738,2541,1895,19,1914,14
2020-06-11,Santa Clara,085,1922200,3982,3049,14,3063,149
2020-06-11,Santa Cruz,087,273765,277,247,0,247,2
2020-06-11,Shasta,089,179085,87,47,0,47,5
2020-06-11,Sierra,091,2930,1,1,0,1,0
2020-06-11,Siskiyou,093,43540,25,14,0,14,0
2020-06-11,Solano,095,438530,883,616,4,620,19
2020-06-11,Sonoma,097,501317,839,682,1,683,4
2020-06-11,Stanislaus,099,539301,1597,1062,5,1067,30
2020-06-11,Sutter,101,95872,92,56,0,56,2
2020-06-11,Tehama,103,63373,27,10,2,12,1
2020-06-11,Trinity,105,12862,11,2,3,5,0
2020-06-11,Tulare,107,460477,3530,2473,10,2483,95
2020-06-11,Tuolumne,109,53932,9,7,0,7,0
2020-06-11,Ventura,111,848112,2215,1491,13,1504,34
2020-06-11,Yolo,113,214977,298,230,0,230,24
2020-06-11,Yuba,115,75493,36,27,0,27,1
2020-06-10,Alameda,001,1643700,4676,4027,7,4034,107
2020-06-10,Alpine,003,1148,1,1,0,1,0
2020-06-10,Amador,005,37829,9,10,0,10,0
2020-06-10,Butte,007,227075,102,71,7,78,1
2020-06-10,Calaveras,009,45235,24,16,0,16,0
2020-06-10,Colusa,011,21464,11,7,0,7,0
2020-06-10,Contra Costa,013,1133247,2088,1778,2,1780,43
2020-06-10,Del Norte,015,27424,47,45,0,45,0
2020-06-10,El Dorado,017,186661,151,109,0,109,0
2020-06-10,Fresno,019,978130,4475,2324,56,2380,45
2020-06-10,Glenn,021,27897,39,21,0,21,0
2020-06-10,Humboldt,023,135768,117,112,0,112,3
2020-06-10,Imperial,025,180216,5486,3454,4,3458,36
2020-06-10,Inyo,027,18085,22,23,0,23,1
2020-06-10,Kern,029,883053,3999,3000,10,3010,54
2020-06-10,Kings,031,150075,1922,952,4,956,6
2020-06-10,Lake,033,64148,39,28,0,28,0
2020-06-10,Lassen,035,31185,13,5,2,7,0
2020-06-10,Los Angeles,037,10098052,76311,67018,22,67040,2752
2020-06-10,Madera,039,155013,430,176,1,177,3
2020-06-10,Marin,041,260295,752,633,2,635,17
2020-06-10,Mariposa,043,17540,17,16,0,16,1
2020-06-10,Mendocino,045,87422,40,35,0,35,0
2020-06-10,Merced,047,269075,592,370,1,371,7
2020-06-10,Modoc,049,8938,1,0,0,0,0
2020-06-10,Mono,051,14174,39,35,0,35,1
2020-06-10,Monterey,053,433212,1107,791,4,795,11
2020-06-10,Napa,055,140530,211,159,0,159,3
2020-06-10,Nevada,057,99092,65,50,1,51,1
2020-06-10,Orange,059,3164182,11459,8222,77,8299,184
2020-06-10,Placer,061,380077,448,309,3,312,9
2020-06-10,Plumas,063,18699,5,4,0,4,0
2020-06-10,Riverside,065,2383286,12891,9857,22,9879,361
2020-06-10,Sacramento,067,1510023,1883,1643,2,1645,59
2020-06-10,San Benito,069,59416,144,94,0,94,2
2020-06-10,San Bernardino,071,2135413,8884,6438,7,6445,219
2020-06-10,San Diego,073,3302833,10227,8839,0,8839,305
2020-06-10,San Francisco,075,870044,3019,2774,1,2775,44
2020-06-10,San Joaquin,077,732212,1944,1282,4,1286,41
2020-06-10,San Luis Obispo,079,281455,433,306,5,311,1
2020-06-10,San Mateo,081,765935,2699,2492,5,2497,74
2020-06-10,Santa Barbara,083,443738,2485,1878,19,1897,13
2020-06-10,Santa Clara,085,1922200,3931,3032,14,3046,149
2020-06-10,Santa Cruz,087,273765,273,242,0,242,2
2020-06-10,Shasta,089,179085,82,45,0,45,5
2020-06-10,Sierra,091,2930,1,1,0,1,0
2020-06-10,Siskiyou,093,43540,25,14,0,14,0
2020-06-10,Solano,095,438530,847,608,4,612,19
2020-06-10,Sonoma,097,501317,821,673,1,674,4
2020-06-10,Stanislaus,099,539301,1507,1030,5,1035,29
2020-06-10,Sutter,101,95872,91,56,0,56,2
2020-06-10,Tehama,103,63373,25,10,2,12,1
2020-06-10,Trinity,105,12862,11,2,3,5,0
2020-06-10,Tulare,107,460477,3437,2455,10,2465,95
2020-06-10,Tuolumne,109,53932,9,7,0,7,0
2020-06-10,Ventura,111,848112,2169,1446,12,1458,34
2020-06-10,Yolo,113,214977,290,226,0,226,24
2020-06-10,Yuba,115,75493,35,27,0,27,1
2020-06-09,Alameda,001,1643700,4566,3963,7,3970,103
2020-06-09,Alpine,003,1148,1,1,0,1,0
2020-06-09,Amador,005,37829,9,10,0,10,0
2020-06-09,Butte,007,227075,101,70,6,76,1
2020-06-09,Calaveras,009,45235,24,16,0,16,0
2020-06-09,Colusa,011,21464,10,7,0,7,0
2020-06-09,Contra Costa,013,1133247,2047,1744,2,1746,42
2020-06-09,Del Norte,015,27424,47,45,0,45,0
2020-06-09,El Dorado,017,186661,141,108,0,108,0
2020-06-09,Fresno,019,978130,4322,2278,56,2334,43
2020-06-09,Glenn,021,27897,38,19,0,19,0
2020-06-09,Humboldt,023,135768,115,113,0,113,2
2020-06-09,Imperial,025,180216,5334,3067,4,3071,36
2020-06-09,Inyo,027,18085,22,22,0,22,1
2020-06-09,Kern,029,883053,3871,2920,10,2930,51
2020-06-09,Kings,031,150075,1890,934,4,938,6
2020-06-09,Lake,033,64148,39,28,0,28,0
2020-06-09,Lassen,035,31185,13,5,2,7,0
2020-06-09,Los Angeles,037,10098052,74653,65827,22,65849,2692
2020-06-09,Madera,039,155013,415,172,1,173,3
2020-06-09,Marin,041,260295,716,616,2,618,17
2020-06-09,Mariposa,043,17540,17,16,0,16,1
2020-06-09,Mendocino,045,87422,36,35,0,35,0
2020-06-09,Merced,047,269075,563,349,1,350,7
2020-06-09,Modoc,049,8938,1,0,0,0,0
2020-06-09,Mono,051,14174,39,35,0,35,1
2020-06-09,Monterey,053,433212,1066,772,4,776,11
2020-06-09,Napa,055,140530,201,156,0,156,3
2020-06-09,Nevada,057,99092,57,50,1,51,1
2020-06-09,Orange,059,3164182,11218,7991,75,8066,174
2020-06-09,Placer,061,380077,435,301,3,304,9
2020-06-09,Plumas,063,18699,5,4,0,4,0
2020-06-09,Riverside,065,2383286,12513,9511,22,9533,354
2020-06-09,Sacramento,067,1510023,1829,1625,2,1627,59
2020-06-09,San Benito,069,59416,138,95,0,95,2
2020-06-09,San Bernardino,071,2135413,8560,6268,6,6274,217
2020-06-09,San Diego,073,3302833,10042,8731,0,8731,301
2020-06-09,San Francisco,075,870044,2994,2749,1,2750,44
2020-06-09,San Joaquin,077,732212,1838,1240,4,1244,41
2020-06-09,San Luis Obispo,079,281455,420,301,4,305,1
2020-06-09,San Mateo,081,765935,2668,2463,5,2468,74
2020-06-09,Santa Barbara,083,443738,2423,1854,19,1873,13
2020-06-09,Santa Clara,085,1922200,3863,3006,13,3019,147
2020-06-09,Santa Cruz,087,273765,267,237,0,237,2
2020-06-09,Shasta,089,179085,78,44,0,44,4
2020-06-09,Sierra,091,2930,1,1,0,1,0
2020-06-09,Siskiyou,093,43540,20,10,0,10,0
2020-06-09,Solano,095,438530,812,596,4,600,18
2020-06-09,Sonoma,097,501317,798,661,1,662,4
2020-06-09,Stanislaus,099,539301,1406,993,5,998,25
2020-06-09,Sutter,101,95872,88,56,0,56,2
2020-06-09,Tehama,103,63373,25,9,2,11,1
2020-06-09,Trinity,105,12862,10,2,3,5,0
2020-06-09,Tulare,107,460477,3371,2393,10,2403,91
2020-06-09,Tuolumne,109,53932,9,8,0,8,0
2020-06-09,Ventura,111,848112,2103,1407,12,1419,34
2020-06-09,Yolo,113,214977,279,226,0,226,24
2020-06-09,Yuba,115,75493,34,27,0,27,1
2020-06-08,Alameda,001,1643700,4486,3937,7,3944,103
2020-06-08,Alpine,003,1148,1,1,0,1,0
2020-06-08,Amador,005,37829,9,10,0,10,0
2020-06-08,Butte,007,227075,97,68,6,74,1
2020-06-08,Calaveras,009,45235,24,16,0,16,0
2020-06-08,Colusa,011,21464,9,7,0,7,0
2020-06-08,Contra Costa,013,1133247,2004,1714,2,1716,41
2020-06-08,Del Norte,015,27424,47,45,0,45,0
2020-06-08,El Dorado,017,186661,137,107,0,107,0
2020-06-08,Fresno,019,978130,4198,2194,55,2249,42
2020-06-08,Glenn,021,27897,36,17,0,17,0
2020-06-08,Humboldt,023,135768,115,112,0,112,2
2020-06-08,Imperial,025,180216,5182,3051,4,3055,21
2020-06-08,Inyo,027,18085,22,22,0,22,1
2020-06-08,Kern,029,883053,3740,2853,9,2862,49
2020-06-08,Kings,031,150075,1814,892,4,896,6
2020-06-08,Lake,033,64148,39,28,0,28,0
2020-06-08,Lassen,035,31185,13,4,2,6,0
2020-06-08,Los Angeles,037,10098052,73191,64634,22,64656,2640
2020-06-08,Madera,039,155013,385,154,1,155,3
2020-06-08,Marin,041,260295,675,596,2,598,17
2020-06-08,Mariposa,043,17540,16,16,0,16,1
2020-06-08,Mendocino,045,87422,34,32,0,32,0
2020-06-08,Merced,047,269075,529,331,1,332,7
2020-06-08,Modoc,049,8938,1,0,0,0,0
2020-06-08,Mono,051,14174,39,35,0,35,1
2020-06-08,Monterey,053,433212,1015,751,3,754,10
2020-06-08,Napa,055,140530,185,151,0,151,3
2020-06-08,Nevada,057,99092,56,50,1,51,1
2020-06-08,Orange,059,3164182,10967,7786,73,7859,160
2020-06-08,Placer,061,380077,418,290,3,293,9
2020-06-08,Plumas,063,18699,5,4,0,4,0
2020-06-08,Riverside,065,2383286,12144,9246,22,9268,347
2020-06-08,Sacramento,067,1510023,1779,1591,2,1593,59
2020-06-08,San Benito,069,59416,131,93,0,93,2
2020-06-08,San Bernardino,071,2135413,8239,6122,6,6128,214
2020-06-08,San Diego,073,3302833,9885,8621,0,8621,296
2020-06-08,San Francisco,075,870044,2966,2715,1,2716,43
2020-06-08,San Joaquin,077,732212,1731,1198,4,1202,40
2020-06-08,San Luis Obispo,079,281455,414,300,4,304,1
2020-06-08,San Mateo,081,765935,2638,2431,4,2435,74
2020-06-08,Santa Barbara,083,443738,2366,1824,17,1841,13
2020-06-08,Santa Clara,085,1922200,3817,2971,13,2984,146
2020-06-08,Santa Cruz,087,273765,266,234,0,234,2
2020-06-08,Shasta,089,179085,74,43,0,43,4
2020-06-08,Sierra,091,2930,1,1,0,1,0
2020-06-08,Siskiyou,093,43540,20,8,0,8,0
2020-06-08,Solano,095,438530,785,560,4,564,19
2020-06-08,Sonoma,097,501317,782,654,1,655,4
2020-06-08,Stanislaus,099,539301,1324,956,5,961,28
2020-06-08,Sutter,101,95872,81,55,0,55,2
2020-06-08,Tehama,103,63373,19,8,2,10,1
2020-06-08,Trinity,105,12862,10,2,3,5,0
2020-06-08,Tulare,107,460477,3288,2301,10,2311,91
2020-06-08,Tuolumne,109,53932,8,8,0,8,0
2020-06-08,Ventura,111,848112,2045,1382,12,1394,30
2020-06-08,Yolo,113,214977,268,228,0,228,24
2020-06-08,Yuba,115,75493,32,27,0,27,1
2020-06-07,Alameda,001,1643700,4373,3866,7,3873,102
2020-06-07,Alpine,003,1148,1,1,0,1,0
2020-06-07,Amador,005,37829,9,10,0,10,0
2020-06-07,Butte,007,227075,95,64,5,69,1
2020-06-07,Calaveras,009,45235,22,16,0,16,0
2020-06-07,Colusa,011,21464,9,7,0,7,0
2020-06-07,Contra Costa,013,1133247,1953,1653,1,1654,38
2020-06-07,Del Norte,015,27424,45,45,0,45,0
2020-06-07,El Dorado,017,186661,137,104,0,104,0
2020-06-07,Fresno,019,978130,4068,2144,55,2199,41
2020-06-07,Glenn,021,27897,29,16,0,16,0
2020-06-07,Humboldt,023,135768,115,112,0,112,2
2020-06-07,Imperial,025,180216,5031,3048,4,3052,19
2020-06-07,Inyo,027,18085,22,21,0,21,1
2020-06-07,Kern,029,883053,3609,2771,9,2780,46
2020-06-07,Kings,031,150075,1765,882,4,886,6
2020-06-07,Lake,033,64148,36,28,0,28,0
2020-06-07,Lassen,035,31185,12,4,2,6,0
2020-06-07,Los Angeles,037,10098052,71488,63750,22,63772,2629
2020-06-07,Madera,039,155013,368,149,1,150,3
2020-06-07,Marin,041,260295,661,584,2,586,17
2020-06-07,Mariposa,043,17540,16,16,0,16,1
2020-06-07,Mendocino,045,87422,34,32,0,32,0
2020-06-07,Merced,047,269075,496,318,1,319,7
2020-06-07,Modoc,049,8938,1,0,0,0,0
2020-06-07,Mono,051,14174,39,35,0,35,1
2020-06-07,Monterey,053,433212,968,732,3,735,10
2020-06-07,Napa,055,140530,177,142,0,142,3
2020-06-07,Nevada,057,99092,55,50,1,51,1
2020-06-07,Orange,059,3164182,10710,7643,71,7714,158
2020-06-07,Placer,061,380077,397,273,2,275,9
2020-06-07,Plumas,063,18699,5,4,0,4,0
2020-06-07,Riverside,065,2383286,11848,9105,22,9127,344
2020-06-07,Sacramento,067,1510023,1731,1568,2,1570,59
2020-06-07,San Benito,069,59416,128,92,0,92,2
2020-06-07,San Bernardino,071,2135413,7954,6033,6,6039,214
2020-06-07,San Diego,073,3302833,9706,8478,0,8478,296
2020-06-07,San Francisco,075,870044,2922,2674,0,2674,43
2020-06-07,San Joaquin,077,732212,1630,1126,4,1130,37
2020-06-07,San Luis Obispo,079,281455,404,296,4,300,1
2020-06-07,San Mateo,081,765935,2611,2399,4,2403,73
2020-06-07,Santa Barbara,083,443738,2306,1818,17,1835,13
2020-06-07,Santa Clara,085,1922200,3765,2947,13,2960,146
2020-06-07,Santa Cruz,087,273765,258,230,0,230,2
2020-06-07,Shasta,089,179085,73,41,0,41,4
2020-06-07,Sierra,091,2930,1,1,0,1,0
2020-06-07,Siskiyou,093,43540,20,8,0,8,0
2020-06-07,Solano,095,438530,762,560,4,564,19
2020-06-07,Sonoma,097,501317,751,639,1,640,4
2020-06-07,Stanislaus,099,539301,1244,905,5,910,28
2020-06-07,Sutter,101,95872,73,55,0,55,2
2020-06-07,Tehama,103,63373,16,8,2,10,1
2020-06-07,Trinity,105,12862,8,2,3,5,0
2020-06-07,Tulare,107,460477,3166,2219,10,2229,90
2020-06-07,Tuolumne,109,53932,8,4,0,4,0
2020-06-07,Ventura,111,848112,1979,1337,12,1349,30
2020-06-07,Yolo,113,214977,258,224,0,224,24
2020-06-07,Yuba,115,75493,32,27,0,27,1
2020-06-06,Alameda,001,1643700,4328,3801,7,3808,102
2020-06-06,Alpine,003,1148,1,1,0,1,0
2020-06-06,Amador,005,37829,9,10,0,10,0
2020-06-06,Butte,007,227075,94,63,5,68,1
2020-06-06,Calaveras,009,45235,20,16,0,16,0
2020-06-06,Colusa,011,21464,9,7,0,7,0
2020-06-06,Contra Costa,013,1133247,1932,1619,1,1620,37
2020-06-06,Del Norte,015,27424,45,45,0,45,0
2020-06-06,El Dorado,017,186661,132,104,0,104,0
2020-06-06,Fresno,019,978130,4013,2117,55,2172,41
2020-06-06,Glenn,021,27897,27,16,0,16,0
2020-06-06,Humboldt,023,135768,115,112,0,112,2
2020-06-06,Imperial,025,180216,4955,3047,4,3051,19
2020-06-06,Inyo,027,18085,22,21,0,21,1
2020-06-06,Kern,029,883053,3539,2695,9,2704,46
2020-06-06,Kings,031,150075,1746,882,4,886,6
2020-06-06,Lake,033,64148,36,28,0,28,0
2020-06-06,Lassen,035,31185,12,4,2,6,0
2020-06-06,Los Angeles,037,10098052,70741,62269,22,62291,2607
2020-06-06,Madera,039,155013,359,149,1,150,3
2020-06-06,Marin,041,260295,656,556,2,558,17
2020-06-06,Mariposa,043,17540,16,16,0,16,1
2020-06-06,Mendocino,045,87422,34,32,0,32,0
2020-06-06,Merced,047,269075,494,315,1,316,7
2020-06-06,Modoc,049,8938,1,0,0,0,0
2020-06-06,Mono,051,14174,39,35,0,35,1
2020-06-06,Monterey,053,433212,944,679,3,682,10
2020-06-06,Napa,055,140530,171,136,0,136,3
2020-06-06,Nevada,057,99092,54,50,1,51,1
2020-06-06,Orange,059,3164182,10551,7576,70,7646,157
2020-06-06,Placer,061,380077,385,270,2,272,9
2020-06-06,Plumas,063,18699,5,4,0,4,0
2020-06-06,Riverside,065,2383286,11670,8935,22,8957,345
2020-06-06,Sacramento,067,1510023,1708,1533,2,1535,59
2020-06-06,San Benito,069,59416,118,92,0,92,2
2020-06-06,San Bernardino,071,2135413,7806,5946,6,5952,214
2020-06-06,San Diego,073,3302833,9585,8347,0,8347,296
2020-06-06,San Francisco,075,870044,2907,2674,0,2674,43
2020-06-06,San Joaquin,077,732212,1590,1076,4,1080,37
2020-06-06,San Luis Obispo,079,281455,398,295,4,299,1
2020-06-06,San Mateo,081,765935,2596,2342,4,2346,72
2020-06-06,Santa Barbara,083,443738,2266,1815,17,1832,13
2020-06-06,Santa Clara,085,1922200,3724,2934,13,2947,144
2020-06-06,Santa Cruz,087,273765,256,226,0,226,2
2020-06-06,Shasta,089,179085,73,40,0,40,4
2020-06-06,Sierra,091,2930,1,1,0,1,0
2020-06-06,Siskiyou,093,43540,18,8,0,8,0
2020-06-06,Solano,095,438530,747,560,4,564,19
2020-06-06,Sonoma,097,501317,739,622,1,623,4
2020-06-06,Stanislaus,099,539301,1210,858,5,863,27
2020-06-06,Sutter,101,95872,73,51,0,51,2
2020-06-06,Tehama,103,63373,15,8,2,10,1
2020-06-06,Trinity,105,12862,8,2,2,4,0
2020-06-06,Tulare,107,460477,3133,2213,10,2223,90
2020-06-06,Tuolumne,109,53932,8,4,0,4,0
2020-06-06,Ventura,111,848112,1955,1303,12,1315,30
2020-06-06,Yolo,113,214977,256,223,0,223,24
2020-06-06,Yuba,115,75493,32,27,0,27,1
2020-06-05,Alameda,001,1643700,4277,3734,7,3741,102
2020-06-05,Alpine,003,1148,1,1,0,1,0
2020-06-05,Amador,005,37829,9,10,0,10,0
2020-06-05,Butte,007,227075,91,61,5,66,1
2020-06-05,Calaveras,009,45235,19,16,0,16,0
2020-06-05,Colusa,011,21464,9,7,0,7,0
2020-06-05,Contra Costa,013,1133247,1917,1575,1,1576,37
2020-06-05,Del Norte,015,27424,45,45,0,45,0
2020-06-05,El Dorado,017,186661,130,101,0,101,0
2020-06-05,Fresno,019,978130,3949,2051,54,2105,38
2020-06-05,Glenn,021,27897,25,16,0,16,0
2020-06-05,Humboldt,023,135768,114,111,0,111,2
2020-06-05,Imperial,025,180216,4849,2778,4,2782,19
2020-06-05,Inyo,027,18085,22,21,0,21,1
2020-06-05,Kern,029,883053,3450,2624,9,2633,46
2020-06-05,Kings,031,150075,1731,865,4,869,6
2020-06-05,Lake,033,64148,35,28,0,28,0
2020-06-05,Lassen,035,31185,11,4,2,6,0
2020-06-05,Los Angeles,037,10098052,69594,60955,22,60977,2553
2020-06-05,Madera,039,155013,337,144,1,145,3
2020-06-05,Marin,041,260295,647,546,2,548,17
2020-06-05,Mariposa,043,17540,16,16,0,16,1
2020-06-05,Mendocino,045,87422,34,32,0,32,0
2020-06-05,Merced,047,269075,492,309,1,310,7
2020-06-05,Modoc,049,8938,1,0,0,0,0
2020-06-05,Mono,051,14174,39,35,0,35,1
2020-06-05,Monterey,053,433212,912,649,3,652,10
2020-06-05,Napa,055,140530,168,123,0,123,3
2020-06-05,Nevada,057,99092,54,50,1,51,1
2020-06-05,Orange,059,3164182,10355,7391,68,7459,153
2020-06-05,Placer,061,380077,375,265,2,267,9
2020-06-05,Plumas,063,18699,5,4,0,4,0
2020-06-05,Riverside,065,2383286,11411,8700,22,8722,345
2020-06-05,Sacramento,067,1510023,1686,1514,2,1516,59
2020-06-05,San Benito,069,59416,116,92,0,92,2
2020-06-05,San Bernardino,071,2135413,7624,5869,5,5874,212
2020-06-05,San Diego,073,3302833,9470,8182,0,8182,294
2020-06-05,San Francisco,075,870044,2889,2675,0,2675,43
2020-06-05,San Joaquin,077,732212,1511,1046,4,1050,36
2020-06-05,San Luis Obispo,079,281455,391,293,4,297,1
2020-06-05,San Mateo,081,765935,2571,2331,4,2335,72
2020-06-05,Santa Barbara,083,443738,2232,1795,17,1812,13
2020-06-05,Santa Clara,085,1922200,3689,2902,13,2915,144
2020-06-05,Santa Cruz,087,273765,253,222,0,222,2
2020-06-05,Shasta,089,179085,72,40,0,40,4
2020-06-05,Sierra,091,2930,1,1,0,1,0
2020-06-05,Siskiyou,093,43540,16,8,0,8,0
2020-06-05,Solano,095,438530,740,558,4,562,19
2020-06-05,Sonoma,097,501317,718,618,1,619,4
2020-06-05,Stanislaus,099,539301,1177,842,5,847,27
2020-06-05,Sutter,101,95872,73,49,0,49,2
2020-06-05,Tehama,103,63373,15,7,2,9,1
2020-06-05,Trinity,105,12862,8,1,2,3,0
2020-06-05,Tulare,107,460477,3084,2180,10,2190,90
2020-06-05,Tuolumne,109,53932,8,4,0,4,0
2020-06-05,Ventura,111,848112,1922,1274,12,1286,30
2020-06-05,Yolo,113,214977,255,216,0,216,24
2020-06-05,Yuba,115,75493,32,27,0,27,1
2020-06-04,Alameda,001,1643700,4178,3643,7,3650,99
2020-06-04,Alpine,003,1148,1,1,0,1,0
2020-06-04,Amador,005,37829,9,10,0,10,0
2020-06-04,Butte,007,227075,87,57,4,61,1
2020-06-04,Calaveras,009,45235,19,15,0,15,0
2020-06-04,Colusa,011,21464,9,7,0,7,0
2020-06-04,Contra Costa,013,1133247,1859,1551,1,1552,37
2020-06-04,Del Norte,015,27424,45,45,0,45,0
2020-06-04,El Dorado,017,186661,128,101,0,101,0
2020-06-04,Fresno,019,978130,3843,2007,53,2060,35
2020-06-04,Glenn,021,27897,22,16,0,16,0
2020-06-04,Humboldt,023,135768,114,109,0,109,2
2020-06-04,Imperial,025,180216,4666,2631,4,2635,19
2020-06-04,Inyo,027,18085,22,20,0,20,1
2020-06-04,Kern,029,883053,3334,2530,9,2539,46
2020-06-04,Kings,031,150075,1661,842,4,846,6
2020-06-04,Lake,033,64148,34,27,0,27,0
2020-06-04,Lassen,035,31185,9,4,2,6,0
2020-06-04,Los Angeles,037,10098052,68126,59596,22,59618,2515
2020-06-04,Madera,039,155013,329,127,1,128,3
2020-06-04,Marin,041,260295,625,533,2,535,14
2020-06-04,Mariposa,043,17540,16,16,0,16,1
2020-06-04,Mendocino,045,87422,34,29,0,29,0
2020-06-04,Merced,047,269075,472,304,1,305,7
2020-06-04,Modoc,049,8938,1,0,0,0,0
2020-06-04,Mono,051,14174,39,35,0,35,1
2020-06-04,Monterey,053,433212,877,621,2,623,10
2020-06-04,Napa,055,140530,164,117,0,117,3
2020-06-04,Nevada,057,99092,53,49,1,50,1
2020-06-04,Orange,059,3164182,10101,7192,67,7259,148
2020-06-04,Placer,061,380077,359,256,2,258,9
2020-06-04,Plumas,063,18699,4,4,0,4,0
2020-06-04,Riverside,065,2383286,11133,8473,22,8495,341
2020-06-04,Sacramento,067,1510023,1659,1492,2,1494,58
2020-06-04,San Benito,069,59416,114,88,0,88,2
2020-06-04,San Bernardino,071,2135413,7355,5726,5,5731,207
2020-06-04,San Diego,073,3302833,9307,7942,0,7942,288
2020-06-04,San Francisco,075,870044,2856,2636,0,2636,43
2020-06-04,San Joaquin,077,732212,1449,1016,4,1020,36
2020-06-04,San Luis Obispo,079,281455,382,288,4,292,1
2020-06-04,San Mateo,081,765935,2545,2284,4,2288,72
2020-06-04,Santa Barbara,083,443738,2200,1750,16,1766,13
2020-06-04,Santa Clara,085,1922200,3655,2871,13,2884,144
2020-06-04,Santa Cruz,087,273765,247,218,0,218,2
2020-06-04,Shasta,089,179085,66,40,0,40,4
2020-06-04,Sierra,091,2930,1,1,0,1,0
2020-06-04,Siskiyou,093,43540,15,8,0,8,0
2020-06-04,Solano,095,438530,723,551,4,555,19
2020-06-04,Sonoma,097,501317,699,591,1,592,4
2020-06-04,Stanislaus,099,539301,1101,806,5,811,28
2020-06-04,Sutter,101,95872,68,46,0,46,2
2020-06-04,Tehama,103,63373,14,6,1,7,1
2020-06-04,Trinity,105,12862,8,1,2,3,0
2020-06-04,Tulare,107,460477,2967,2086,10,2096,90
2020-06-04,Tuolumne,109,53932,7,4,0,4,0
2020-06-04,Ventura,111,848112,1878,1236,11,1247,30
2020-06-04,Yolo,113,214977,250,216,0,216,24
2020-06-04,Yuba,115,75493,31,27,0,27,1
2020-06-03,Alameda,001,1643700,4119,3589,6,3595,99
2020-06-03,Alpine,003,1148,1,1,0,1,0
2020-06-03,Amador,005,37829,9,10,0,10,0
2020-06-03,Butte,007,227075,85,53,4,57,1
2020-06-03,Calaveras,009,45235,18,15,0,15,0
2020-06-03,Colusa,011,21464,9,7,0,7,0
2020-06-03,Contra Costa,013,1133247,1811,1511,1,1512,37
2020-06-03,Del Norte,015,27424,45,39,0,39,0
2020-06-03,El Dorado,017,186661,125,90,0,90,0
2020-06-03,Fresno,019,978130,3744,1943,53,1996,35
2020-06-03,Glenn,021,27897,22,16,0,16,0
2020-06-03,Humboldt,023,135768,114,103,0,103,2
2020-06-03,Imperial,025,180216,4493,2540,4,2544,19
2020-06-03,Inyo,027,18085,22,20,0,20,1
2020-06-03,Kern,029,883053,3238,2452,8,2460,44
2020-06-03,Kings,031,150075,1596,744,4,748,6
2020-06-03,Lake,033,64148,32,26,0,26,0
2020-06-03,Lassen,035,31185,9,4,2,6,0
2020-06-03,Los Angeles,037,10098052,66519,58166,22,58188,2472
2020-06-03,Madera,039,155013,321,117,1,118,3
2020-06-03,Marin,041,260295,607,527,2,529,14
2020-06-03,Mariposa,043,17540,16,16,0,16,1
2020-06-03,Mendocino,045,87422,33,29,0,29,0
2020-06-03,Merced,047,269075,458,299,1,300,7
2020-06-03,Modoc,049,8938,1,0,0,0,0
2020-06-03,Mono,051,14174,39,35,0,35,1
2020-06-03,Monterey,053,433212,849,592,2,594,10
2020-06-03,Napa,055,140530,163,116,0,116,3
2020-06-03,Nevada,057,99092,52,43,1,44,1
2020-06-03,Orange,059,3164182,9875,6939,66,7005,145
2020-06-03,Placer,061,380077,339,243,2,245,9
2020-06-03,Plumas,063,18699,4,4,0,4,0
2020-06-03,Riverside,065,2383286,10858,8208,22,8230,335
2020-06-03,Sacramento,067,1510023,1629,1457,2,1459,58
2020-06-03,San Benito,069,59416,108,88,0,88,2
2020-06-03,San Bernardino,071,2135413,7132,5565,5,5570,203
2020-06-03,San Diego,073,3302833,9159,7800,0,7800,283
2020-06-03,San Francisco,075,870044,2825,2608,0,2608,43
2020-06-03,San Joaquin,077,732212,1385,1004,4,1008,35
2020-06-03,San Luis Obispo,079,281455,377,279,4,283,1
2020-06-03,San Mateo,081,765935,2517,2243,4,2247,71
2020-06-03,Santa Barbara,083,443738,2161,1722,15,1737,12
2020-06-03,Santa Clara,085,1922200,3613,2836,13,2849,144
2020-06-03,Santa Cruz,087,273765,241,217,0,217,2
2020-06-03,Shasta,089,179085,63,40,0,40,4
2020-06-03,Sierra,091,2930,1,1,0,1,0
2020-06-03,Siskiyou,093,43540,14,8,0,8,0
2020-06-03,Solano,095,438530,698,543,2,545,18
2020-06-03,Sonoma,097,501317,687,578,1,579,4
2020-06-03,Stanislaus,099,539301,1061,780,5,785,27
2020-06-03,Sutter,101,95872,60,45,0,45,2
2020-06-03,Tehama,103,63373,14,6,1,7,1
2020-06-03,Trinity,105,12862,8,1,2,3,0
2020-06-03,Tulare,107,460477,2898,2041,10,2051,88
2020-06-03,Tuolumne,109,53932,5,4,0,4,0
2020-06-03,Ventura,111,848112,1811,1202,11,1213,30
2020-06-03,Yolo,113,214977,246,213,0,213,24
2020-06-03,Yuba,115,75493,31,27,0,27,1
2020-06-02,Alameda,001,1643700,4043,3517,6,3523,99
2020-06-02,Alpine,003,1148,1,1,0,1,0
2020-06-02,Amador,005,37829,9,10,0,10,0
2020-06-02,Butte,007,227075,81,51,3,54,1
2020-06-02,Calaveras,009,45235,18,15,0,15,0
2020-06-02,Colusa,011,21464,9,7,0,7,0
2020-06-02,Contra Costa,013,1133247,1779,1505,1,1506,37
2020-06-02,Del Norte,015,27424,45,39,0,39,0
2020-06-02,El Dorado,017,186661,124,88,0,88,0
2020-06-02,Fresno,019,978130,3631,1917,53,1970,34
2020-06-02,Glenn,021,27897,21,16,0,16,0
2020-06-02,Humboldt,023,135768,114,101,0,101,2
2020-06-02,Imperial,025,180216,4300,2459,4,2463,19
2020-06-02,Inyo,027,18085,20,20,0,20,1
2020-06-02,Kern,029,883053,3139,2406,6,2412,41
2020-06-02,Kings,031,150075,1568,720,4,724,5
2020-06-02,Lake,033,64148,32,25,0,25,0
2020-06-02,Lassen,035,31185,8,4,2,6,0
2020-06-02,Los Angeles,037,10098052,65117,57144,22,57166,2430
2020-06-02,Madera,039,155013,300,110,1,111,2
2020-06-02,Marin,041,260295,580,509,2,511,14
2020-06-02,Mariposa,043,17540,16,16,0,16,1
2020-06-02,Mendocino,045,87422,33,29,0,29,0
2020-06-02,Merced,047,269075,442,297,1,298,6
2020-06-02,Modoc,049,8938,1,0,0,0,0
2020-06-02,Mono,051,14174,39,35,0,35,1
2020-06-02,Monterey,053,433212,819,582,2,584,10
2020-06-02,Napa,055,140530,154,116,0,116,3
2020-06-02,Nevada,057,99092,51,41,1,42,1
2020-06-02,Orange,059,3164182,9674,6790,65,6855,142
2020-06-02,Placer,061,380077,325,226,2,228,9
2020-06-02,Plumas,063,18699,4,4,0,4,0
2020-06-02,Riverside,065,2383286,10562,8091,21,8112,330
2020-06-02,Sacramento,067,1510023,1600,1428,2,1430,58
2020-06-02,San Benito,069,59416,107,86,0,86,2
2020-06-02,San Bernardino,071,2135413,6924,5438,5,5443,202
2020-06-02,San Diego,073,3302833,9013,7676,0,7676,276
2020-06-02,San Francisco,075,870044,2790,2554,0,2554,43
2020-06-02,San Joaquin,077,732212,1319,985,4,989,35
2020-06-02,San Luis Obispo,079,281455,372,275,4,279,1
2020-06-02,San Mateo,081,765935,2482,2203,4,2207,71
2020-06-02,Santa Barbara,083,443738,2118,1703,15,1718,12
2020-06-02,Santa Clara,085,1922200,3563,2819,13,2832,144
2020-06-02,Santa Cruz,087,273765,236,215,0,215,2
2020-06-02,Shasta,089,179085,62,38,0,38,4
2020-06-02,Sierra,091,2930,1,1,0,1,0
2020-06-02,Siskiyou,093,43540,13,8,0,8,0
2020-06-02,Solano,095,438530,683,537,1,538,18
2020-06-02,Sonoma,097,501317,676,571,1,572,4
2020-06-02,Stanislaus,099,539301,1002,772,5,777,27
2020-06-02,Sutter,101,95872,57,43,0,43,2
2020-06-02,Tehama,103,63373,14,6,1,7,1
2020-06-02,Trinity,105,12862,8,1,2,3,0
2020-06-02,Tulare,107,460477,2818,2012,10,2022,86
2020-06-02,Tuolumne,109,53932,5,4,0,4,0
2020-06-02,Ventura,111,848112,1758,1178,11,1189,30
2020-06-02,Yolo,113,214977,244,213,0,213,24
2020-06-02,Yuba,115,75493,31,27,0,27,1
2020-06-01,Alameda,001,1643700,3977,3460,6,3466,98
2020-06-01,Alpine,003,1148,1,1,0,1,0
2020-06-01,Amador,005,37829,9,10,0,10,0
2020-06-01,Butte,007,227075,80,50,2,52,1
2020-06-01,Calaveras,009,45235,18,15,0,15,0
2020-06-01,Colusa,011,21464,9,7,0,7,0
2020-06-01,Contra Costa,013,1133247,1743,1486,1,1487,37
2020-06-01,Del Norte,015,27424,45,38,0,38,0
2020-06-01,El Dorado,017,186661,122,88,0,88,0
2020-06-01,Fresno,019,978130,3536,1854,51,1905,33
2020-06-01,Glenn,021,27897,21,16,0,16,0
2020-06-01,Humboldt,023,135768,114,98,0,98,2
2020-06-01,Imperial,025,180216,4078,2366,4,2370,14
2020-06-01,Inyo,027,18085,20,20,0,20,1
2020-06-01,Kern,029,883053,3056,2366,6,2372,38
2020-06-01,Kings,031,150075,1300,703,4,707,4
2020-06-01,Lake,033,64148,32,22,0,22,0
2020-06-01,Lassen,035,31185,8,4,2,6,0
2020-06-01,Los Angeles,037,10098052,63654,55899,22,55921,2367
2020-06-01,Madera,039,155013,288,103,1,104,2
2020-06-01,Marin,041,260295,539,495,2,497,14
2020-06-01,Mariposa,043,17540,16,16,0,16,1
2020-06-01,Mendocino,045,87422,33,28,0,28,0
2020-06-01,Merced,047,269075,423,289,1,290,6
2020-06-01,Modoc,049,8938,1,0,0,0,0
2020-06-01,Mono,051,14174,39,35,0,35,1
2020-06-01,Monterey,053,433212,794,554,2,556,10
2020-06-01,Napa,055,140530,151,114,0,114,3
2020-06-01,Nevada,057,99092,51,41,1,42,1
2020-06-01,Orange,059,3164182,9477,6640,64,6704,135
2020-06-01,Placer,061,380077,313,218,2,220,9
2020-06-01,Plumas,063,18699,4,4,0,4,0
2020-06-01,Riverside,065,2383286,10110,7921,20,7941,322
2020-06-01,Sacramento,067,1510023,1561,1415,2,1417,58
2020-06-01,San Benito,069,59416,104,86,0,86,2
2020-06-01,San Bernardino,071,2135413,6718,5310,5,5315,202
2020-06-01,San Diego,073,3302833,8833,7556,0,7556,269
2020-06-01,San Francisco,075,870044,2753,2546,0,2546,43
2020-06-01,San Joaquin,077,732212,1254,957,4,961,35
2020-06-01,San Luis Obispo,079,281455,368,275,4,279,1
2020-06-01,San Mateo,081,765935,2452,2190,4,2194,71
2020-06-01,Santa Barbara,083,443738,2080,1671,14,1685,10
2020-06-01,Santa Clara,085,1922200,3525,2797,12,2809,142
2020-06-01,Santa Cruz,087,273765,232,215,0,215,2
2020-06-01,Shasta,089,179085,62,38,0,38,4
2020-06-01,Sierra,091,2930,1,1,0,1,0
2020-06-01,Siskiyou,093,43540,13,7,0,7,0
2020-06-01,Solano,095,438530,659,529,1,530,17
2020-06-01,Sonoma,097,501317,660,565,1,566,4
2020-06-01,Stanislaus,099,539301,965,758,5,763,27
2020-06-01,Sutter,101,95872,52,43,0,43,2
2020-06-01,Tehama,103,63373,11,5,1,6,1
2020-06-01,Trinity,105,12862,7,1,2,3,0
2020-06-01,Tulare,107,460477,2703,1976,10,1986,84
2020-06-01,Tuolumne,109,53932,4,4,0,4,0
2020-06-01,Ventura,111,848112,1706,1163,11,1174,29
2020-06-01,Yolo,113,214977,241,212,0,212,24
2020-06-01,Yuba,115,75493,30,26,0,26,1
2020-05-31,Alameda,001,1643700,3872,3362,6,3368,98
2020-05-31,Alpine,003,1148,1,1,0,1,0
2020-05-31,Amador,005,37829,9,10,0,10,0
2020-05-31,Butte,007,227075,78,51,2,53,0
2020-05-31,Calaveras,009,45235,15,15,0,15,0
2020-05-31,Colusa,011,21464,9,5,0,5,0
2020-05-31,Contra Costa,013,1133247,1709,1458,1,1459,37
2020-05-31,Del Norte,015,27424,45,37,0,37,0
2020-05-31,El Dorado,017,186661,118,88,0,88,0
2020-05-31,Fresno,019,978130,3371,1780,44,1824,31
2020-05-31,Glenn,021,27897,20,16,0,16,0
2020-05-31,Humboldt,023,135768,112,98,0,98,2
2020-05-31,Imperial,025,180216,3811,2197,4,2201,14
2020-05-31,Inyo,027,18085,20,20,0,20,1
2020-05-31,Kern,029,883053,2921,2300,6,2306,38
2020-05-31,Kings,031,150075,1263,703,4,707,3
2020-05-31,Lake,033,64148,32,19,0,19,0
2020-05-31,Lassen,035,31185,8,4,2,6,0
2020-05-31,Los Angeles,037,10098052,62364,54925,22,54947,2344
2020-05-31,Madera,039,155013,270,101,1,102,2
2020-05-31,Marin,041,260295,529,486,2,488,14
2020-05-31,Mariposa,043,17540,16,16,0,16,1
2020-05-31,Mendocino,045,87422,33,24,0,24,0
2020-05-31,Merced,047,269075,396,288,0,288,6
2020-05-31,Modoc,049,8938,0,0,0,0,0
2020-05-31,Mono,051,14174,39,34,0,34,1
2020-05-31,Monterey,053,433212,720,545,2,547,10
2020-05-31,Napa,055,140530,149,114,0,114,3
2020-05-31,Nevada,057,99092,50,41,1,42,1
2020-05-31,Orange,059,3164182,9267,6532,63,6595,135
2020-05-31,Placer,061,380077,291,215,2,217,9
2020-05-31,Plumas,063,18699,4,4,0,4,0
2020-05-31,Riverside,065,2383286,9854,7704,20,7724,321
2020-05-31,Sacramento,067,1510023,1530,1398,2,1400,57
2020-05-31,San Benito,069,59416,98,85,0,85,2
2020-05-31,San Bernardino,071,2135413,6450,5185,5,5190,198
2020-05-31,San Diego,073,3302833,8639,7483,0,7483,269
2020-05-31,San Francisco,075,870044,2717,2501,0,2501,43
2020-05-31,San Joaquin,077,732212,1189,888,4,892,34
2020-05-31,San Luis Obispo,079,281455,358,271,4,275,1
2020-05-31,San Mateo,081,765935,2406,2169,4,2173,71
2020-05-31,Santa Barbara,083,443738,2026,1662,13,1675,9
2020-05-31,Santa Clara,085,1922200,3481,2785,12,2797,142
2020-05-31,Santa Cruz,087,273765,229,210,0,210,2
2020-05-31,Shasta,089,179085,60,38,0,38,4
2020-05-31,Sierra,091,2930,1,1,0,1,0
2020-05-31,Siskiyou,093,43540,12,7,0,7,0
2020-05-31,Solano,095,438530,633,512,1,513,6
2020-05-31,Sonoma,097,501317,640,555,1,556,4
2020-05-31,Stanislaus,099,539301,911,738,5,743,27
2020-05-31,Sutter,101,95872,50,42,0,42,2
2020-05-31,Tehama,103,63373,10,4,1,5,1
2020-05-31,Trinity,105,12862,7,1,2,3,0
2020-05-31,Tulare,107,460477,2630,1884,10,1894,82
2020-05-31,Tuolumne,109,53932,4,4,0,4,0
2020-05-31,Ventura,111,848112,1645,1151,11,1162,30
2020-05-31,Yolo,113,214977,235,211,0,211,24
2020-05-31,Yuba,115,75493,30,26,0,26,1
2020-05-30,Alameda,001,1643700,3846,3304,6,3310,96
2020-05-30,Alpine,003,1148,1,1,0,1,0
2020-05-30,Amador,005,37829,9,10,0,10,0
2020-05-30,Butte,007,227075,77,44,2,46,0
2020-05-30,Calaveras,009,45235,14,15,0,15,0
2020-05-30,Colusa,011,21464,8,5,0,5,0
2020-05-30,Contra Costa,013,1133247,1693,1429,1,1430,37
2020-05-30,Del Norte,015,27424,45,37,0,37,0
2020-05-30,El Dorado,017,186661,117,86,0,86,0
2020-05-30,Fresno,019,978130,3310,1744,43,1787,31
2020-05-30,Glenn,021,27897,19,16,0,16,0
2020-05-30,Humboldt,023,135768,111,98,0,98,2
2020-05-30,Imperial,025,180216,3721,2091,4,2095,14
2020-05-30,Inyo,027,18085,20,20,0,20,1
2020-05-30,Kern,029,883053,2852,2217,6,2223,38
2020-05-30,Kings,031,150075,1249,703,4,707,3
2020-05-30,Lake,033,64148,31,18,0,18,0
2020-05-30,Lassen,035,31185,8,4,2,6,0
2020-05-30,Los Angeles,037,10098052,61828,53627,22,53649,2319
2020-05-30,Madera,039,155013,265,101,1,102,2
2020-05-30,Marin,041,260295,529,462,2,464,14
2020-05-30,Mariposa,043,17540,16,16,0,16,1
2020-05-30,Mendocino,045,87422,33,24,0,24,0
2020-05-30,Merced,047,269075,395,285,0,285,6
2020-05-30,Modoc,049,8938,0,0,0,0,0
2020-05-30,Mono,051,14174,39,34,0,34,1
2020-05-30,Monterey,053,433212,704,520,2,522,10
2020-05-30,Napa,055,140530,147,113,0,113,3
2020-05-30,Nevada,057,99092,50,41,1,42,1
2020-05-30,Orange,059,3164182,9110,6354,63,6417,134
2020-05-30,Placer,061,380077,283,199,1,200,9
2020-05-30,Plumas,063,18699,4,4,0,4,0
2020-05-30,Riverside,065,2383286,9710,7492,20,7512,316
2020-05-30,Sacramento,067,1510023,1519,1384,2,1386,57
2020-05-30,San Benito,069,59416,97,85,0,85,2
2020-05-30,San Bernardino,071,2135413,6341,5122,5,5127,198
2020-05-30,San Diego,073,3302833,8546,7387,0,7387,269
2020-05-30,San Francisco,075,870044,2692,2496,0,2496,41
2020-05-30,San Joaquin,077,732212,1151,888,4,892,34
2020-05-30,San Luis Obispo,079,281455,353,270,4,274,1
2020-05-30,San Mateo,081,765935,2382,2129,4,2133,71
2020-05-30,Santa Barbara,083,443738,2006,1660,13,1673,9
2020-05-30,Santa Clara,085,1922200,3465,2741,12,2753,141
2020-05-30,Santa Cruz,087,273765,229,206,0,206,2
2020-05-30,Shasta,089,179085,60,36,0,36,4
2020-05-30,Sierra,091,2930,1,1,0,1,0
2020-05-30,Siskiyou,093,43540,11,7,0,7,0
2020-05-30,Solano,095,438530,626,512,1,513,6
2020-05-30,Sonoma,097,501317,630,551,1,552,4
2020-05-30,Stanislaus,099,539301,894,712,5,717,27
2020-05-30,Sutter,101,95872,49,40,0,40,2
2020-05-30,Tehama,103,63373,10,4,1,5,1
2020-05-30,Trinity,105,12862,7,1,2,3,0
2020-05-30,Tulare,107,460477,2593,1879,10,1889,81
2020-05-30,Tuolumne,109,53932,4,4,0,4,0
2020-05-30,Ventura,111,848112,1628,1116,11,1127,30
2020-05-30,Yolo,113,214977,231,210,0,210,24
2020-05-30,Yuba,115,75493,30,25,0,25,1
2020-05-29,Alameda,001,1643700,3811,3209,6,3215,96
2020-05-29,Alpine,003,1148,1,1,0,1,0
2020-05-29,Amador,005,37829,9,10,0,10,0
2020-05-29,Butte,007,227075,72,41,2,43,0
2020-05-29,Calaveras,009,45235,14,15,0,15,0
2020-05-29,Colusa,011,21464,8,5,0,5,0
2020-05-29,Contra Costa,013,1133247,1677,1411,1,1412,37
2020-05-29,Del Norte,015,27424,45,37,0,37,0
2020-05-29,El Dorado,017,186661,116,85,0,85,0
2020-05-29,Fresno,019,978130,3260,1687,43,1730,31
2020-05-29,Glenn,021,27897,19,14,0,14,0
2020-05-29,Humboldt,023,135768,110,98,0,98,2
2020-05-29,Imperial,025,180216,3603,1607,4,1611,14
2020-05-29,Inyo,027,18085,20,20,0,20,1
2020-05-29,Kern,029,883053,2794,2128,6,2134,36
2020-05-29,Kings,031,150075,1238,693,4,697,3
2020-05-29,Lake,033,64148,30,17,0,17,0
2020-05-29,Lassen,035,31185,8,0,2,2,0
2020-05-29,Los Angeles,037,10098052,60873,51578,22,51600,2273
2020-05-29,Madera,039,155013,250,98,1,99,2
2020-05-29,Marin,041,260295,521,448,2,450,14
2020-05-29,Mariposa,043,17540,16,16,0,16,1
2020-05-29,Mendocino,045,87422,31,25,0,25,0
2020-05-29,Merced,047,269075,390,285,0,285,7
2020-05-29,Modoc,049,8938,0,0,0,0,0
2020-05-29,Mono,051,14174,38,34,0,34,1
2020-05-29,Monterey,053,433212,674,479,2,481,10
2020-05-29,Napa,055,140530,144,113,0,113,3
2020-05-29,Nevada,057,99092,50,41,1,42,1
2020-05-29,Orange,059,3164182,8925,6176,61,6237,133
2020-05-29,Placer,061,380077,261,199,1,200,9
2020-05-29,Plumas,063,18699,4,4,0,4,0
2020-05-29,Riverside,065,2383286,9524,7376,20,7396,313
2020-05-29,Sacramento,067,1510023,1496,1360,2,1362,57
2020-05-29,San Benito,069,59416,97,84,0,84,2
2020-05-29,San Bernardino,071,2135413,6233,4983,5,4988,196
2020-05-29,San Diego,073,3302833,8423,7242,0,7242,266
2020-05-29,San Francisco,075,870044,2668,2453,0,2453,41
2020-05-29,San Joaquin,077,732212,1114,855,4,859,34
2020-05-29,San Luis Obispo,079,281455,349,270,4,274,1
2020-05-29,San Mateo,081,765935,2366,2103,4,2107,71
2020-05-29,Santa Barbara,083,443738,1977,1656,13,1669,9
2020-05-29,Santa Clara,085,1922200,3437,2707,12,2719,141
2020-05-29,Santa Cruz,087,273765,226,203,0,203,2
2020-05-29,Shasta,089,179085,60,36,0,36,4
2020-05-29,Sierra,091,2930,1,1,0,1,0
2020-05-29,Siskiyou,093,43540,11,7,0,7,0
2020-05-29,Solano,095,438530,618,498,1,499,6
2020-05-29,Sonoma,097,501317,619,537,1,538,4
2020-05-29,Stanislaus,099,539301,864,698,5,703,27
2020-05-29,Sutter,101,95872,47,40,0,40,2
2020-05-29,Tehama,103,63373,9,4,1,5,1
2020-05-29,Trinity,105,12862,7,1,2,3,0
2020-05-29,Tulare,107,460477,2555,1852,10,1862,80
2020-05-29,Tuolumne,109,53932,4,4,0,4,0
2020-05-29,Ventura,111,848112,1604,1093,11,1104,29
2020-05-29,Yolo,113,214977,227,211,0,211,24
2020-05-29,Yuba,115,75493,29,25,0,25,1
2020-05-28,Alameda,001,1643700,3711,3083,6,3089,94
2020-05-28,Alpine,003,1148,1,1,0,1,0
2020-05-28,Amador,005,37829,9,10,0,10,0
2020-05-28,Butte,007,227075,71,40,2,42,0
2020-05-28,Calaveras,009,45235,13,15,0,15,0
2020-05-28,Colusa,011,21464,8,5,0,5,0
2020-05-28,Contra Costa,013,1133247,1638,1392,1,1393,37
2020-05-28,Del Norte,015,27424,45,37,0,37,0
2020-05-28,El Dorado,017,186661,113,82,0,82,0
2020-05-28,Fresno,019,978130,3179,1653,42,1695,31
2020-05-28,Glenn,021,27897,18,14,0,14,0
2020-05-28,Humboldt,023,135768,109,97,0,97,2
2020-05-28,Imperial,025,180216,3408,1430,4,1434,14
2020-05-28,Inyo,027,18085,20,20,0,20,1
2020-05-28,Kern,029,883053,2716,2069,6,2075,36
2020-05-28,Kings,031,150075,901,626,4,630,3
2020-05-28,Lake,033,64148,29,17,0,17,0
2020-05-28,Lassen,035,31185,8,0,2,2,0
2020-05-28,Los Angeles,037,10098052,59294,49861,22,49883,2222
2020-05-28,Madera,039,155013,232,93,1,94,2
2020-05-28,Marin,041,260295,496,443,2,445,14
2020-05-28,Mariposa,043,17540,16,16,0,16,1
2020-05-28,Mendocino,045,87422,29,24,0,24,0
2020-05-28,Merced,047,269075,381,283,0,283,7
2020-05-28,Modoc,049,8938,0,0,0,0,0
2020-05-28,Mono,051,14174,38,34,0,34,1
2020-05-28,Monterey,053,433212,642,471,2,473,10
2020-05-28,Napa,055,140530,141,113,0,113,3
2020-05-28,Nevada,057,99092,45,41,1,42,1
2020-05-28,Orange,059,3164182,8729,6045,61,6106,130
2020-05-28,Placer,061,380077,254,196,1,197,9
2020-05-28,Plumas,063,18699,4,4,0,4,0
2020-05-28,Riverside,065,2383286,9121,7240,19,7259,304
2020-05-28,Sacramento,067,1510023,1476,1339,2,1341,57
2020-05-28,San Benito,069,59416,96,82,0,82,2
2020-05-28,San Bernardino,071,2135413,6068,4831,5,4836,191
2020-05-28,San Diego,073,3302833,8266,7102,0,7102,260
2020-05-28,San Francisco,075,870044,2634,2417,0,2417,40
2020-05-28,San Joaquin,077,732212,1079,840,4,844,34
2020-05-28,San Luis Obispo,079,281455,346,267,4,271,1
2020-05-28,San Mateo,081,765935,2339,2070,4,2074,71
2020-05-28,Santa Barbara,083,443738,1941,1642,12,1654,9
2020-05-28,Santa Clara,085,1922200,3397,2698,12,2710,140
2020-05-28,Santa Cruz,087,273765,225,201,0,201,2
2020-05-28,Shasta,089,179085,58,36,0,36,4
2020-05-28,Sierra,091,2930,1,1,0,1,0
2020-05-28,Siskiyou,093,43540,9,6,0,6,0
2020-05-28,Solano,095,438530,601,489,1,490,6
2020-05-28,Sonoma,097,501317,597,529,1,530,4
2020-05-28,Stanislaus,099,539301,823,684,5,689,27
2020-05-28,Sutter,101,95872,47,40,0,40,2
2020-05-28,Tehama,103,63373,9,4,1,5,1
2020-05-28,Trinity,105,12862,6,1,2,3,0
2020-05-28,Tulare,107,460477,2519,1832,10,1842,79
2020-05-28,Tuolumne,109,53932,4,4,0,4,0
2020-05-28,Ventura,111,848112,1571,1083,11,1094,29
2020-05-28,Yolo,113,214977,224,206,0,206,22
2020-05-28,Yuba,115,75493,28,24,0,24,1
2020-05-27,Alameda,001,1643700,3627,3037,6,3043,94
2020-05-27,Alpine,003,1148,1,1,0,1,0
2020-05-27,Amador,005,37829,9,10,0,10,0
2020-05-27,Butte,007,227075,68,40,1,41,0
2020-05-27,Calaveras,009,45235,12,15,0,15,0
2020-05-27,Colusa,011,21464,8,5,0,5,0
2020-05-27,Contra Costa,013,1133247,1598,1373,1,1374,37
2020-05-27,Del Norte,015,27424,45,34,0,34,0
2020-05-27,El Dorado,017,186661,112,82,0,82,0
2020-05-27,Fresno,019,978130,3091,1620,42,1662,27
2020-05-27,Glenn,021,27897,18,14,0,14,0
2020-05-27,Humboldt,023,135768,109,86,0,86,2
2020-05-27,Imperial,025,180216,3227,1369,4,1373,14
2020-05-27,Inyo,027,18085,20,20,0,20,1
2020-05-27,Kern,029,883053,2651,1999,6,2005,37
2020-05-27,Kings,031,150075,874,586,4,590,3
2020-05-27,Lake,033,64148,29,13,0,13,0
2020-05-27,Lassen,035,31185,8,0,2,2,0
2020-05-27,Los Angeles,037,10098052,57919,48711,22,48733,2177
2020-05-27,Madera,039,155013,223,91,1,92,2
2020-05-27,Marin,041,260295,467,439,2,441,14
2020-05-27,Mariposa,043,17540,16,16,0,16,1
2020-05-27,Mendocino,045,87422,28,21,0,21,0
2020-05-27,Merced,047,269075,377,278,0,278,7
2020-05-27,Modoc,049,8938,0,0,0,0,0
2020-05-27,Mono,051,14174,38,34,0,34,1
2020-05-27,Monterey,053,433212,602,443,2,445,8
2020-05-27,Napa,055,140530,136,112,0,112,3
2020-05-27,Nevada,057,99092,44,41,1,42,1
2020-05-27,Orange,059,3164182,8574,5849,61,5910,121
2020-05-27,Placer,061,380077,235,196,0,196,9
2020-05-27,Plumas,063,18699,4,4,0,4,0
2020-05-27,Riverside,065,2383286,8742,7156,19,7175,299
2020-05-27,Sacramento,067,1510023,1448,1318,2,1320,50
2020-05-27,San Benito,069,59416,93,74,0,74,2
2020-05-27,San Bernardino,071,2135413,5884,4708,5,4713,183
2020-05-27,San Diego,073,3302833,8115,6985,0,6985,255
2020-05-27,San Francisco,075,870044,2605,2394,0,2394,40
2020-05-27,San Joaquin,077,732212,1038,825,4,829,34
2020-05-27,San Luis Obispo,079,281455,341,266,4,270,1
2020-05-27,San Mateo,081,765935,2299,2045,4,2049,71
2020-05-27,Santa Barbara,083,443738,1923,1629,12,1641,9
2020-05-27,Santa Clara,085,1922200,3364,2680,12,2692,140
2020-05-27,Santa Cruz,087,273765,221,202,0,202,2
2020-05-27,Shasta,089,179085,55,36,0,36,4
2020-05-27,Sierra,091,2930,1,1,0,1,0
2020-05-27,Siskiyou,093,43540,9,6,0,6,0
2020-05-27,Solano,095,438530,581,477,1,478,5
2020-05-27,Sonoma,097,501317,583,521,1,522,4
2020-05-27,Stanislaus,099,539301,798,675,5,680,27
2020-05-27,Sutter,101,95872,46,40,0,40,2
2020-05-27,Tehama,103,63373,9,3,1,4,1
2020-05-27,Trinity,105,12862,6,1,2,3,0
2020-05-27,Tulare,107,460477,2467,1817,10,1827,77
2020-05-27,Tuolumne,109,53932,4,4,0,4,0
2020-05-27,Ventura,111,848112,1546,1065,11,1076,28
2020-05-27,Yolo,113,214977,223,204,0,204,22
2020-05-27,Yuba,115,75493,28,24,0,24,1
2020-05-26,Alameda,001,1643700,3532,2956,6,2962,92
2020-05-26,Alpine,003,1148,1,1,0,1,0
2020-05-26,Amador,005,37829,9,10,0,10,0
2020-05-26,Butte,007,227075,66,37,1,38,0
2020-05-26,Calaveras,009,45235,12,13,0,13,0
2020-05-26,Colusa,011,21464,8,4,0,4,0
2020-05-26,Contra Costa,013,1133247,1563,1352,1,1353,37
2020-05-26,Del Norte,015,27424,44,30,0,30,0
2020-05-26,El Dorado,017,186661,108,79,0,79,0
2020-05-26,Fresno,019,978130,3003,1496,42,1538,22
2020-05-26,Glenn,021,27897,16,12,0,12,0
2020-05-26,Humboldt,023,135768,107,81,0,81,2
2020-05-26,Imperial,025,180216,3011,1369,4,1373,14
2020-05-26,Inyo,027,18085,20,20,0,20,1
2020-05-26,Kern,029,883053,2573,1890,6,1896,31
2020-05-26,Kings,031,150075,806,449,3,452,2
2020-05-26,Lake,033,64148,27,12,0,12,0
2020-05-26,Lassen,035,31185,7,0,2,2,0
2020-05-26,Los Angeles,037,10098052,56452,47760,22,47782,2121
2020-05-26,Madera,039,155013,207,83,1,84,2
2020-05-26,Marin,041,260295,455,424,2,426,14
2020-05-26,Mariposa,043,17540,16,16,0,16,1
2020-05-26,Mendocino,045,87422,26,20,0,20,0
2020-05-26,Merced,047,269075,363,266,0,266,7
2020-05-26,Modoc,049,8938,0,1,0,1,0
2020-05-26,Mono,051,14174,37,34,0,34,1
2020-05-26,Monterey,053,433212,574,424,1,425,8
2020-05-26,Napa,055,140530,131,109,0,109,3
2020-05-26,Nevada,057,99092,43,41,1,42,1
2020-05-26,Orange,059,3164182,8304,5651,60,5711,115
2020-05-26,Placer,061,380077,230,188,0,188,9
2020-05-26,Plumas,063,18699,4,4,0,4,0
2020-05-26,Riverside,065,2383286,8295,6917,19,6936,284
2020-05-26,Sacramento,067,1510023,1422,1298,2,1300,50
2020-05-26,San Benito,069,59416,88,69,0,69,2
2020-05-26,San Bernardino,071,2135413,5716,4430,5,4435,175
2020-05-26,San Diego,073,3302833,7972,6884,0,6884,249
2020-05-26,San Francisco,075,870044,2572,2363,0,2363,40
2020-05-26,San Joaquin,077,732212,991,760,4,764,33
2020-05-26,San Luis Obispo,079,281455,339,260,4,264,1
2020-05-26,San Mateo,081,765935,2261,1967,3,1970,71
2020-05-26,Santa Barbara,083,443738,1903,1590,11,1601,9
2020-05-26,Santa Clara,085,1922200,3331,2659,12,2671,139
2020-05-26,Santa Cruz,087,273765,219,197,0,197,2
2020-05-26,Shasta,089,179085,55,36,0,36,4
2020-05-26,Sierra,091,2930,1,1,0,1,0
2020-05-26,Siskiyou,093,43540,8,6,0,6,0
2020-05-26,Solano,095,438530,563,470,1,471,5
2020-05-26,Sonoma,097,501317,575,509,0,509,4
2020-05-26,Stanislaus,099,539301,777,663,5,668,27
2020-05-26,Sutter,101,95872,45,39,0,39,2
2020-05-26,Tehama,103,63373,8,2,1,3,1
2020-05-26,Trinity,105,12862,6,1,2,3,0
2020-05-26,Tulare,107,460477,2411,1768,10,1778,76
2020-05-26,Tuolumne,109,53932,4,2,0,2,0
2020-05-26,Ventura,111,848112,1509,1033,8,1041,27
2020-05-26,Yolo,113,214977,217,198,0,198,22
2020-05-26,Yuba,115,75493,27,24,0,24,1
2020-05-25,Alameda,001,1643700,3439,2900,5,2905,92
2020-05-25,Alpine,003,1148,1,1,0,1,0
2020-05-25,Amador,005,37829,9,10,0,10,0
2020-05-25,Butte,007,227075,63,37,1,38,0
2020-05-25,Calaveras,009,45235,12,13,0,13,0
2020-05-25,Colusa,011,21464,7,4,0,4,0
2020-05-25,Contra Costa,013,1133247,1530,1348,1,1349,37
2020-05-25,Del Norte,015,27424,44,20,0,20,0
2020-05-25,El Dorado,017,186661,100,78,0,78,0
2020-05-25,Fresno,019,978130,2899,1496,40,1536,22
2020-05-25,Glenn,021,27897,16,12,0,12,0
2020-05-25,Humboldt,023,135768,106,81,0,81,2
2020-05-25,Imperial,025,180216,2800,1369,4,1373,14
2020-05-25,Inyo,027,18085,19,20,0,20,1
2020-05-25,Kern,029,883053,2502,1890,6,1896,31
2020-05-25,Kings,031,150075,776,447,3,450,2
2020-05-25,Lake,033,64148,25,13,0,13,0
2020-05-25,Lassen,035,31185,7,0,2,2,0
2020-05-25,Los Angeles,037,10098052,54641,45952,21,45973,2094
2020-05-25,Madera,039,155013,194,83,1,84,2
2020-05-25,Marin,041,260295,437,415,2,417,14
2020-05-25,Mariposa,043,17540,16,15,0,15,1
2020-05-25,Mendocino,045,87422,23,19,0,19,0
2020-05-25,Merced,047,269075,356,262,0,262,6
2020-05-25,Modoc,049,8938,0,1,0,1,0
2020-05-25,Mono,051,14174,37,34,0,34,1
2020-05-25,Monterey,053,433212,544,418,1,419,8
2020-05-25,Napa,055,140530,131,107,0,107,3
2020-05-25,Nevada,057,99092,43,41,1,42,1
2020-05-25,Orange,059,3164182,8082,5601,59,5660,115
2020-05-25,Placer,061,380077,226,186,0,186,9
2020-05-25,Plumas,063,18699,4,4,0,4,0
2020-05-25,Riverside,065,2383286,8064,6900,19,6919,284
2020-05-25,Sacramento,067,1510023,1402,1290,1,1291,50
2020-05-25,San Benito,069,59416,87,70,0,70,2
2020-05-25,San Bernardino,071,2135413,5526,4393,4,4397,175
2020-05-25,San Diego,073,3302833,7796,6799,0,6799,249
2020-05-25,San Francisco,075,870044,2535,2358,0,2358,40
2020-05-25,San Joaquin,077,732212,965,760,4,764,33
2020-05-25,San Luis Obispo,079,281455,337,260,4,264,1
2020-05-25,San Mateo,081,765935,2225,1938,3,1941,71
2020-05-25,Santa Barbara,083,443738,1893,1590,11,1601,9
2020-05-25,Santa Clara,085,1922200,3298,2647,12,2659,139
2020-05-25,Santa Cruz,087,273765,217,191,0,191,2
2020-05-25,Shasta,089,179085,54,36,0,36,4
2020-05-25,Sierra,091,2930,1,1,0,1,0
2020-05-25,Siskiyou,093,43540,8,6,0,6,0
2020-05-25,Solano,095,438530,549,437,1,438,5
2020-05-25,Sonoma,097,501317,563,496,0,496,4
2020-05-25,Stanislaus,099,539301,747,651,5,656,27
2020-05-25,Sutter,101,95872,45,38,0,38,2
2020-05-25,Tehama,103,63373,7,2,1,3,1
2020-05-25,Trinity,105,12862,6,1,2,3,0
2020-05-25,Tulare,107,460477,2347,1747,10,1757,76
2020-05-25,Tuolumne,109,53932,4,2,0,2,0
2020-05-25,Ventura,111,848112,1468,1020,8,1028,27
2020-05-25,Yolo,113,214977,215,197,0,197,22
2020-05-25,Yuba,115,75493,26,24,0,24,1
2020-05-24,Alameda,001,1643700,3366,2830,5,2835,92
2020-05-24,Alpine,003,1148,1,1,0,1,0
2020-05-24,Amador,005,37829,9,9,0,9,0
2020-05-24,Butte,007,227075,61,35,1,36,0
2020-05-24,Calaveras,009,45235,12,13,0,13,0
2020-05-24,Colusa,011,21464,7,4,0,4,0
2020-05-24,Contra Costa,013,1133247,1502,1325,1,1326,37
2020-05-24,Del Norte,015,27424,43,16,0,16,0
2020-05-24,El Dorado,017,186661,99,76,0,76,0
2020-05-24,Fresno,019,978130,2832,1455,39,1494,22
2020-05-24,Glenn,021,27897,15,12,0,12,0
2020-05-24,Humboldt,023,135768,106,81,0,81,2
2020-05-24,Imperial,025,180216,2674,1369,4,1373,14
2020-05-24,Inyo,027,18085,19,20,0,20,1
2020-05-24,Kern,029,883053,2429,1861,5,1866,31
2020-05-24,Kings,031,150075,765,446,3,449,2
2020-05-24,Lake,033,64148,24,12,0,12,0
2020-05-24,Lassen,035,31185,6,0,2,2,0
2020-05-24,Los Angeles,037,10098052,53627,44954,21,44975,2085
2020-05-24,Madera,039,155013,188,83,1,84,2
2020-05-24,Marin,041,260295,435,401,2,403,14
2020-05-24,Mariposa,043,17540,16,15,0,15,1
2020-05-24,Mendocino,045,87422,22,19,0,19,0
2020-05-24,Merced,047,269075,355,258,0,258,6
2020-05-24,Modoc,049,8938,0,0,0,0,0
2020-05-24,Mono,051,14174,37,34,0,34,1
2020-05-24,Monterey,053,433212,516,405,1,406,8
2020-05-24,Napa,055,140530,129,104,0,104,3
2020-05-24,Nevada,057,99092,43,41,1,42,1
2020-05-24,Orange,059,3164182,7928,5439,58,5497,113
2020-05-24,Placer,061,380077,218,184,0,184,9
2020-05-24,Plumas,063,18699,4,4,0,4,0
2020-05-24,Riverside,065,2383286,7923,6571,19,6590,284
2020-05-24,Sacramento,067,1510023,1386,1283,1,1284,50
2020-05-24,San Benito,069,59416,86,67,0,67,2
2020-05-24,San Bernardino,071,2135413,5418,4262,4,4266,175
2020-05-24,San Diego,073,3302833,7653,6703,0,6703,249
2020-05-24,San Francisco,075,870044,2511,2318,0,2318,40
2020-05-24,San Joaquin,077,732212,946,760,4,764,33
2020-05-24,San Luis Obispo,079,281455,335,257,4,261,1
2020-05-24,San Mateo,081,765935,2190,1925,3,1928,71
2020-05-24,Santa Barbara,083,443738,1880,1573,11,1584,9
2020-05-24,Santa Clara,085,1922200,3278,2623,12,2635,139
2020-05-24,Santa Cruz,087,273765,214,185,0,185,2
2020-05-24,Shasta,089,179085,53,36,0,36,4
2020-05-24,Sierra,091,2930,1,1,0,1,0
2020-05-24,Siskiyou,093,43540,7,6,0,6,0
2020-05-24,Solano,095,438530,541,436,0,436,5
2020-05-24,Sonoma,097,501317,552,485,0,485,4
2020-05-24,Stanislaus,099,539301,727,634,5,639,27
2020-05-24,Sutter,101,95872,45,38,0,38,2
2020-05-24,Tehama,103,63373,5,2,1,3,1
2020-05-24,Trinity,105,12862,6,1,2,3,0
2020-05-24,Tulare,107,460477,2301,1684,10,1694,74
2020-05-24,Tuolumne,109,53932,4,2,0,2,0
2020-05-24,Ventura,111,848112,1456,982,8,990,27
2020-05-24,Yolo,113,214977,213,192,0,192,22
2020-05-24,Yuba,115,75493,26,24,0,24,1
2020-05-23,Alameda,001,1643700,3325,2783,5,2788,91
2020-05-23,Alpine,003,1148,1,1,0,1,0
2020-05-23,Amador,005,37829,9,9,0,9,0
2020-05-23,Butte,007,227075,60,34,1,35,0
2020-05-23,Calaveras,009,45235,12,13,0,13,0
2020-05-23,Colusa,011,21464,7,4,0,4,0
2020-05-23,Contra Costa,013,1133247,1491,1302,1,1303,36
2020-05-23,Del Norte,015,27424,43,10,0,10,0
2020-05-23,El Dorado,017,186661,99,74,0,74,0
2020-05-23,Fresno,019,978130,2812,1447,39,1486,21
2020-05-23,Glenn,021,27897,15,12,0,12,0
2020-05-23,Humboldt,023,135768,104,80,0,80,2
2020-05-23,Imperial,025,180216,2586,1283,4,1287,14
2020-05-23,Inyo,027,18085,19,20,0,20,1
2020-05-23,Kern,029,883053,2386,1806,5,1811,31
2020-05-23,Kings,031,150075,761,444,3,447,2
2020-05-23,Lake,033,64148,23,10,0,10,0
2020-05-23,Lassen,035,31185,6,0,2,2,0
2020-05-23,Los Angeles,037,10098052,53086,44029,21,44050,2069
2020-05-23,Madera,039,155013,184,83,1,84,2
2020-05-23,Marin,041,260295,435,393,1,394,14
2020-05-23,Mariposa,043,17540,16,15,0,15,1
2020-05-23,Mendocino,045,87422,22,13,0,13,0
2020-05-23,Merced,047,269075,352,247,0,247,6
2020-05-23,Modoc,049,8938,0,0,0,0,0
2020-05-23,Mono,051,14174,36,34,0,34,1
2020-05-23,Monterey,053,433212,502,397,1,398,8
2020-05-23,Napa,055,140530,125,101,0,101,3
2020-05-23,Nevada,057,99092,43,41,1,42,1
2020-05-23,Orange,059,3164182,7769,5313,57,5370,113
2020-05-23,Placer,061,380077,212,184,0,184,9
2020-05-23,Plumas,063,18699,4,4,0,4,0
2020-05-23,Riverside,065,2383286,7832,6460,19,6479,284
2020-05-23,Sacramento,067,1510023,1370,1275,1,1276,50
2020-05-23,San Benito,069,59416,81,67,0,67,2
2020-05-23,San Bernardino,071,2135413,5324,4172,4,4176,175
2020-05-23,San Diego,073,3302833,7562,6561,0,6561,249
2020-05-23,San Francisco,075,870044,2492,2312,0,2312,40
2020-05-23,San Joaquin,077,732212,931,759,4,763,33
2020-05-23,San Luis Obispo,079,281455,332,256,4,260,1
2020-05-23,San Mateo,081,765935,2162,1862,3,1865,71
2020-05-23,Santa Barbara,083,443738,1871,1566,11,1577,9
2020-05-23,Santa Clara,085,1922200,3264,2593,11,2604,139
2020-05-23,Santa Cruz,087,273765,212,177,0,177,2
2020-05-23,Shasta,089,179085,53,35,0,35,4
2020-05-23,Sierra,091,2930,1,1,0,1,0
2020-05-23,Siskiyou,093,43540,7,6,0,6,0
2020-05-23,Solano,095,438530,536,435,0,435,5
2020-05-23,Sonoma,097,501317,538,462,0,462,4
2020-05-23,Stanislaus,099,539301,719,625,5,630,27
2020-05-23,Sutter,101,95872,44,38,0,38,2
2020-05-23,Tehama,103,63373,5,2,1,3,1
2020-05-23,Trinity,105,12862,6,1,2,3,0
2020-05-23,Tulare,107,460477,2280,1682,10,1692,73
2020-05-23,Tuolumne,109,53932,4,2,0,2,0
2020-05-23,Ventura,111,848112,1436,961,8,969,27
2020-05-23,Yolo,113,214977,212,188,0,188,22
2020-05-23,Yuba,115,75493,26,24,0,24,1
2020-05-22,Alameda,001,1643700,3271,2722,5,2727,91
2020-05-22,Alpine,003,1148,1,1,0,1,0
2020-05-22,Amador,005,37829,9,9,0,9,0
2020-05-22,Butte,007,227075,58,34,1,35,0
2020-05-22,Calaveras,009,45235,12,13,0,13,0
2020-05-22,Colusa,011,21464,7,4,0,4,0
2020-05-22,Contra Costa,013,1133247,1479,1272,1,1273,36
2020-05-22,Del Norte,015,27424,41,9,0,9,0
2020-05-22,El Dorado,017,186661,96,74,0,74,0
2020-05-22,Fresno,019,978130,2753,1399,38,1437,20
2020-05-22,Glenn,021,27897,15,12,0,12,0
2020-05-22,Humboldt,023,135768,104,80,0,80,2
2020-05-22,Imperial,025,180216,2485,1214,4,1218,14
2020-05-22,Inyo,027,18085,19,20,0,20,1
2020-05-22,Kern,029,883053,2337,1749,5,1754,28
2020-05-22,Kings,031,150075,758,428,3,431,2
2020-05-22,Lake,033,64148,22,10,0,10,0
2020-05-22,Lassen,035,31185,4,0,2,2,0
2020-05-22,Los Angeles,037,10098052,52294,43025,21,43046,2027
2020-05-22,Madera,039,155013,180,82,1,83,2
2020-05-22,Marin,041,260295,431,372,1,373,14
2020-05-22,Mariposa,043,17540,16,15,0,15,1
2020-05-22,Mendocino,045,87422,21,13,0,13,0
2020-05-22,Merced,047,269075,352,233,0,233,6
2020-05-22,Modoc,049,8938,0,0,0,0,0
2020-05-22,Mono,051,14174,36,34,0,34,1
2020-05-22,Monterey,053,433212,491,372,1,373,8
2020-05-22,Napa,055,140530,123,97,0,97,3
2020-05-22,Nevada,057,99092,42,41,1,42,1
2020-05-22,Orange,059,3164182,7572,5144,55,5199,113
2020-05-22,Placer,061,380077,212,181,0,181,9
2020-05-22,Plumas,063,18699,4,4,0,4,0
2020-05-22,Riverside,065,2383286,7717,6351,19,6370,283
2020-05-22,Sacramento,067,1510023,1354,1262,1,1263,50
2020-05-22,San Benito,069,59416,80,64,0,64,2
2020-05-22,San Bernardino,071,2135413,5249,4107,4,4111,173
2020-05-22,San Diego,073,3302833,7476,6436,0,6436,242
2020-05-22,San Francisco,075,870044,2474,2251,0,2251,40
2020-05-22,San Joaquin,077,732212,918,747,4,751,33
2020-05-22,San Luis Obispo,079,281455,332,254,4,258,1
2020-05-22,San Mateo,081,765935,2143,1847,3,1850,71
2020-05-22,Santa Barbara,083,443738,1861,1554,11,1565,9
2020-05-22,Santa Clara,085,1922200,3243,2537,11,2548,139
2020-05-22,Santa Cruz,087,273765,209,171,0,171,2
2020-05-22,Shasta,089,179085,53,34,0,34,4
2020-05-22,Sierra,091,2930,1,0,0,0,0
2020-05-22,Siskiyou,093,43540,7,6,0,6,0
2020-05-22,Solano,095,438530,533,431,0,431,4
2020-05-22,Sonoma,097,501317,534,444,0,444,4
2020-05-22,Stanislaus,099,539301,709,616,5,621,27
2020-05-22,Sutter,101,95872,44,38,0,38,2
2020-05-22,Tehama,103,63373,5,2,0,2,1
2020-05-22,Trinity,105,12862,6,1,2,3,0
2020-05-22,Tulare,107,460477,2250,1662,10,1672,73
2020-05-22,Tuolumne,109,53932,4,2,0,2,0
2020-05-22,Ventura,111,848112,1418,937,8,945,27
2020-05-22,Yolo,113,214977,210,187,0,187,22
2020-05-22,Yuba,115,75493,26,24,0,24,1
2020-05-21,Alameda,001,1643700,3206,2606,5,2611,89
2020-05-21,Alpine,003,1148,1,1,0,1,0
2020-05-21,Amador,005,37829,9,9,0,9,0
2020-05-21,Butte,007,227075,57,31,1,32,0
2020-05-21,Calaveras,009,45235,11,13,0,13,0
2020-05-21,Colusa,011,21464,7,4,0,4,0
2020-05-21,Contra Costa,013,1133247,1443,1243,1,1244,36
2020-05-21,Del Norte,015,27424,38,9,0,9,0
2020-05-21,El Dorado,017,186661,94,67,0,67,0
2020-05-21,Fresno,019,978130,2660,1362,38,1400,20
2020-05-21,Glenn,021,27897,14,12,0,12,0
2020-05-21,Humboldt,023,135768,103,79,0,79,0
2020-05-21,Imperial,025,180216,2327,1096,4,1100,14
2020-05-21,Inyo,027,18085,19,20,0,20,1
2020-05-21,Kern,029,883053,2261,1684,4,1688,27
2020-05-21,Kings,031,150075,737,417,2,419,2
2020-05-21,Lake,033,64148,17,10,0,10,0
2020-05-21,Lassen,035,31185,4,0,2,2,0
2020-05-21,Los Angeles,037,10098052,51260,42063,21,42084,1996
2020-05-21,Madera,039,155013,177,82,1,83,2
2020-05-21,Marin,041,260295,420,359,1,360,14
2020-05-21,Mariposa,043,17540,16,15,0,15,1
2020-05-21,Mendocino,045,87422,21,12,0,12,0
2020-05-21,Merced,047,269075,341,226,0,226,6
2020-05-21,Modoc,049,8938,0,0,0,0,0
2020-05-21,Mono,051,14174,36,33,0,33,1
2020-05-21,Monterey,053,433212,480,363,1,364,8
2020-05-21,Napa,055,140530,121,96,0,96,3
2020-05-21,Nevada,057,99092,42,41,1,42,1
2020-05-21,Orange,059,3164182,7369,4975,54,5029,106
2020-05-21,Placer,061,380077,205,176,0,176,8
2020-05-21,Plumas,063,18699,4,4,0,4,0
2020-05-21,Riverside,065,2383286,7530,6245,19,6264,279
2020-05-21,Sacramento,067,1510023,1341,1258,1,1259,56
2020-05-21,San Benito,069,59416,77,61,0,61,2
2020-05-21,San Bernardino,071,2135413,5102,3950,4,3954,167
2020-05-21,San Diego,073,3302833,7340,6317,0,6317,241
2020-05-21,San Francisco,075,870044,2450,2248,0,2248,37
2020-05-21,San Joaquin,077,732212,882,730,4,734,33
2020-05-21,San Luis Obispo,079,281455,332,251,3,254,1
2020-05-21,San Mateo,081,765935,2106,1791,3,1794,74
2020-05-21,Santa Barbara,083,443738,1843,1541,11,1552,10
2020-05-21,Santa Clara,085,1922200,3221,2520,11,2531,138
2020-05-21,Santa Cruz,087,273765,201,164,0,164,3
2020-05-21,Shasta,089,179085,51,34,0,34,4
2020-05-21,Sierra,091,2930,1,0,0,0,0
2020-05-21,Siskiyou,093,43540,7,6,0,6,0
2020-05-21,Solano,095,438530,524,424,0,424,4
2020-05-21,Sonoma,097,501317,516,427,0,427,4
2020-05-21,Stanislaus,099,539301,698,602,5,607,27
2020-05-21,Sutter,101,95872,43,38,0,38,2
2020-05-21,Tehama,103,63373,4,2,0,2,1
2020-05-21,Trinity,105,12862,5,1,2,3,0
2020-05-21,Tulare,107,460477,2200,1606,8,1614,73
2020-05-21,Tuolumne,109,53932,2,2,0,2,0
2020-05-21,Ventura,111,848112,1369,907,8,915,30
2020-05-21,Yolo,113,214977,207,185,0,185,22
2020-05-21,Yuba,115,75493,26,24,0,24,1
2020-05-20,Alameda,001,1643700,3132,2554,5,2559,89
2020-05-20,Alpine,003,1148,1,1,0,1,0
2020-05-20,Amador,005,37829,9,9,0,9,0
2020-05-20,Butte,007,227075,54,30,1,31,0
2020-05-20,Calaveras,009,45235,11,13,0,13,0
2020-05-20,Colusa,011,21464,7,3,0,3,0
2020-05-20,Contra Costa,013,1133247,1413,1223,1,1224,33
2020-05-20,Del Norte,015,27424,31,9,0,9,0
2020-05-20,El Dorado,017,186661,93,67,0,67,0
2020-05-20,Fresno,019,978130,2587,1329,37,1366,17
2020-05-20,Glenn,021,27897,13,12,0,12,0
2020-05-20,Humboldt,023,135768,100,73,0,73,0
2020-05-20,Imperial,025,180216,2214,1047,4,1051,14
2020-05-20,Inyo,027,18085,19,20,0,20,1
2020-05-20,Kern,029,883053,2198,1639,3,1642,27
2020-05-20,Kings,031,150075,593,403,2,405,2
2020-05-20,Lake,033,64148,17,9,0,9,0
2020-05-20,Lassen,035,31185,3,0,2,2,0
2020-05-20,Los Angeles,037,10098052,50266,40932,21,40953,1955
2020-05-20,Madera,039,155013,175,82,1,83,2
2020-05-20,Marin,041,260295,393,348,1,349,14
2020-05-20,Mariposa,043,17540,16,15,0,15,1
2020-05-20,Mendocino,045,87422,21,12,0,12,0
2020-05-20,Merced,047,269075,334,225,0,225,6
2020-05-20,Modoc,049,8938,0,0,0,0,0
2020-05-20,Mono,051,14174,36,33,0,33,1
2020-05-20,Monterey,053,433212,466,356,1,357,8
2020-05-20,Napa,055,140530,114,93,0,93,3
2020-05-20,Nevada,057,99092,42,41,1,42,1
2020-05-20,Orange,059,3164182,7161,4866,52,4918,96
2020-05-20,Placer,061,380077,203,176,0,176,8
2020-05-20,Plumas,063,18699,4,4,0,4,0
2020-05-20,Riverside,065,2383286,7387,6090,19,6109,265
2020-05-20,Sacramento,067,1510023,1331,1244,1,1245,56
2020-05-20,San Benito,069,59416,76,61,0,61,2
2020-05-20,San Bernardino,071,2135413,4975,3771,4,3775,161
2020-05-20,San Diego,073,3302833,7223,6142,0,6142,230
2020-05-20,San Francisco,075,870044,2427,2199,0,2199,37
2020-05-20,San Joaquin,077,732212,845,713,4,717,33
2020-05-20,San Luis Obispo,079,281455,326,249,3,252,1
2020-05-20,San Mateo,081,765935,2053,1739,3,1742,74
2020-05-20,Santa Barbara,083,443738,1821,1524,11,1535,10
2020-05-20,Santa Clara,085,1922200,3200,2508,10,2518,138
2020-05-20,Santa Cruz,087,273765,198,163,0,163,3
2020-05-20,Shasta,089,179085,51,34,0,34,4
2020-05-20,Sierra,091,2930,1,0,0,0,0
2020-05-20,Siskiyou,093,43540,7,6,0,6,0
2020-05-20,Solano,095,438530,519,418,0,418,4
2020-05-20,Sonoma,097,501317,507,411,0,411,4
2020-05-20,Stanislaus,099,539301,682,584,4,588,25
2020-05-20,Sutter,101,95872,43,38,0,38,2
2020-05-20,Tehama,103,63373,4,2,0,2,1
2020-05-20,Trinity,105,12862,4,1,1,2,0
2020-05-20,Tulare,107,460477,2159,1585,8,1593,71
2020-05-20,Tuolumne,109,53932,2,2,0,2,0
2020-05-20,Ventura,111,848112,1333,879,8,887,29
2020-05-20,Yolo,113,214977,204,184,0,184,22
2020-05-20,Yuba,115,75493,26,23,0,23,1
2020-05-19,Alameda,001,1643700,3055,2493,3,2496,88
2020-05-19,Alpine,003,1148,1,1,0,1,0
2020-05-19,Amador,005,37829,9,9,0,9,0
2020-05-19,Butte,007,227075,52,25,1,26,0
2020-05-19,Calaveras,009,45235,11,13,0,13,0
2020-05-19,Colusa,011,21464,5,3,0,3,0
2020-05-19,Contra Costa,013,1133247,1390,1205,1,1206,33
2020-05-19,Del Norte,015,27424,28,8,0,8,0
2020-05-19,El Dorado,017,186661,90,67,0,67,0
2020-05-19,Fresno,019,978130,2473,1288,36,1324,15
2020-05-19,Glenn,021,27897,13,12,0,12,0
2020-05-19,Humboldt,023,135768,100,72,0,72,0
2020-05-19,Imperial,025,180216,2052,1012,4,1016,14
2020-05-19,Inyo,027,18085,19,20,0,20,1
2020-05-19,Kern,029,883053,2100,1601,3,1604,26
2020-05-19,Kings,031,150075,582,393,2,395,2
2020-05-19,Lake,033,64148,14,11,0,11,0
2020-05-19,Lassen,035,31185,3,0,2,2,0
2020-05-19,Los Angeles,037,10098052,49060,39670,21,39691,1906
2020-05-19,Madera,039,155013,171,80,1,81,2
2020-05-19,Marin,041,260295,369,340,1,341,14
2020-05-19,Mariposa,043,17540,16,15,0,15,1
2020-05-19,Mendocino,045,87422,21,12,0,12,0
2020-05-19,Merced,047,269075,326,222,0,222,5
2020-05-19,Modoc,049,8938,0,0,0,0,0
2020-05-19,Mono,051,14174,36,33,0,33,1
2020-05-19,Monterey,053,433212,454,350,1,351,8
2020-05-19,Napa,055,140530,113,93,0,93,3
2020-05-19,Nevada,057,99092,42,41,1,42,1
2020-05-19,Orange,059,3164182,6967,4746,50,4796,90
2020-05-19,Placer,061,380077,201,177,0,177,8
2020-05-19,Plumas,063,18699,4,5,0,5,0
2020-05-19,Riverside,065,2383286,7227,5963,18,5981,265
2020-05-19,Sacramento,067,1510023,1317,1239,1,1240,57
2020-05-19,San Benito,069,59416,74,59,0,59,2
2020-05-19,San Bernardino,071,2135413,4825,3656,4,3660,158
2020-05-19,San Diego,073,3302833,7079,6028,0,6028,222
2020-05-19,San Francisco,075,870044,2393,2186,0,2186,37
2020-05-19,San Joaquin,077,732212,823,705,4,709,33
2020-05-19,San Luis Obispo,079,281455,325,245,3,248,1
2020-05-19,San Mateo,081,765935,2012,1704,3,1707,71
2020-05-19,Santa Barbara,083,443738,1805,1521,11,1532,10
2020-05-19,Santa Clara,085,1922200,3150,2480,10,2490,138
2020-05-19,Santa Cruz,087,273765,187,161,0,161,3
2020-05-19,Shasta,089,179085,51,34,0,34,4
2020-05-19,Sierra,091,2930,0,0,0,0,0
2020-05-19,Siskiyou,093,43540,7,6,0,6,0
2020-05-19,Solano,095,438530,505,415,0,415,4
2020-05-19,Sonoma,097,501317,496,389,0,389,4
2020-05-19,Stanislaus,099,539301,668,582,4,586,25
2020-05-19,Sutter,101,95872,43,38,0,38,2
2020-05-19,Tehama,103,63373,4,2,0,2,1
2020-05-19,Trinity,105,12862,3,1,0,1,0
2020-05-19,Tulare,107,460477,2111,1551,8,1559,68
2020-05-19,Tuolumne,109,53932,2,2,0,2,0
2020-05-19,Ventura,111,848112,1292,861,7,868,28
2020-05-19,Yolo,113,214977,202,183,0,183,22
2020-05-19,Yuba,115,75493,26,23,0,23,1
2020-05-18,Alameda,001,1643700,2982,2442,3,2445,84
2020-05-18,Alpine,003,1148,1,1,0,1,0
2020-05-18,Amador,005,37829,9,8,0,8,0
2020-05-18,Butte,007,227075,50,24,1,25,0
2020-05-18,Calaveras,009,45235,11,13,0,13,0
2020-05-18,Colusa,011,21464,5,3,0,3,0
2020-05-18,Contra Costa,013,1133247,1359,1173,1,1174,33
2020-05-18,Del Norte,015,27424,23,8,0,8,0
2020-05-18,El Dorado,017,186661,88,67,0,67,0
2020-05-18,Fresno,019,978130,2394,1244,35,1279,14
2020-05-18,Glenn,021,27897,13,11,0,11,0
2020-05-18,Humboldt,023,135768,100,70,0,70,0
2020-05-18,Imperial,025,180216,1899,767,4,771,14
2020-05-18,Inyo,027,18085,19,20,0,20,1
2020-05-18,Kern,029,883053,2051,1566,3,1569,26
2020-05-18,Kings,031,150075,551,381,2,383,2
2020-05-18,Lake,033,64148,13,9,0,9,0
2020-05-18,Lassen,035,31185,3,0,2,2,0
2020-05-18,Los Angeles,037,10098052,48039,38477,21,38498,1825
2020-05-18,Madera,039,155013,165,74,1,75,2
2020-05-18,Marin,041,260295,356,329,1,330,14
2020-05-18,Mariposa,043,17540,16,15,0,15,1
2020-05-18,Mendocino,045,87422,16,12,0,12,0
2020-05-18,Merced,047,269075,316,217,0,217,5
2020-05-18,Modoc,049,8938,0,0,0,0,0
2020-05-18,Mono,051,14174,36,33,0,33,1
2020-05-18,Monterey,053,433212,443,345,1,346,8
2020-05-18,Napa,055,140530,109,92,0,92,3
2020-05-18,Nevada,057,99092,42,41,1,42,1
2020-05-18,Orange,059,3164182,6778,4558,48,4606,88
2020-05-18,Placer,061,380077,199,176,0,176,8
2020-05-18,Plumas,063,18699,4,5,0,5,0
2020-05-18,Riverside,065,2383286,7027,5873,18,5891,253
2020-05-18,Sacramento,067,1510023,1311,1233,0,1233,57
2020-05-18,San Benito,069,59416,72,59,0,59,2
2020-05-18,San Bernardino,071,2135413,4678,3558,4,3562,156
2020-05-18,San Diego,073,3302833,6946,5948,0,5948,211
2020-05-18,San Francisco,075,870044,2370,2183,0,2183,36
2020-05-18,San Joaquin,077,732212,811,697,4,701,33
2020-05-18,San Luis Obispo,079,281455,321,243,3,246,1
2020-05-18,San Mateo,081,765935,1974,1701,3,1704,68
2020-05-18,Santa Barbara,083,443738,1793,1501,11,1512,10
2020-05-18,Santa Clara,085,1922200,3117,2468,10,2478,137
2020-05-18,Santa Cruz,087,273765,185,160,0,160,3
2020-05-18,Shasta,089,179085,50,34,0,34,4
2020-05-18,Sierra,091,2930,0,0,0,0,0
2020-05-18,Siskiyou,093,43540,7,6,0,6,0
2020-05-18,Solano,095,438530,495,398,0,398,4
2020-05-18,Sonoma,097,501317,478,387,0,387,4
2020-05-18,Stanislaus,099,539301,656,572,4,576,25
2020-05-18,Sutter,101,95872,43,38,0,38,2
2020-05-18,Tehama,103,63373,4,2,0,2,1
2020-05-18,Trinity,105,12862,3,1,0,1,0
2020-05-18,Tulare,107,460477,2067,1491,8,1499,63
2020-05-18,Tuolumne,109,53932,2,2,0,2,0
2020-05-18,Ventura,111,848112,1269,850,6,856,27
2020-05-18,Yolo,113,214977,197,183,0,183,22
2020-05-18,Yuba,115,75493,26,23,0,23,1
2020-05-17,Alameda,001,1643700,2887,2389,3,2392,83
2020-05-17,Alpine,003,1148,1,1,0,1,0
2020-05-17,Amador,005,37829,9,8,0,8,0
2020-05-17,Butte,007,227075,49,23,1,24,0
2020-05-17,Calaveras,009,45235,11,13,0,13,0
2020-05-17,Colusa,011,21464,3,3,0,3,0
2020-05-17,Contra Costa,013,1133247,1320,1155,1,1156,33
2020-05-17,Del Norte,015,27424,23,7,0,7,0
2020-05-17,El Dorado,017,186661,88,65,0,65,0
2020-05-17,Fresno,019,978130,2289,1213,32,1245,14
2020-05-17,Glenn,021,27897,13,9,0,9,0
2020-05-17,Humboldt,023,135768,93,70,0,70,0
2020-05-17,Imperial,025,180216,1751,715,4,719,14
2020-05-17,Inyo,027,18085,19,20,0,20,1
2020-05-17,Kern,029,883053,1973,1546,3,1549,26
2020-05-17,Kings,031,150075,504,356,2,358,2
2020-05-17,Lake,033,64148,13,7,0,7,0
2020-05-17,Lassen,035,31185,3,0,2,2,0
2020-05-17,Los Angeles,037,10098052,46801,37996,21,38017,1807
2020-05-17,Madera,039,155013,163,69,1,70,2
2020-05-17,Marin,041,260295,345,315,1,316,14
2020-05-17,Mariposa,043,17540,15,15,0,15,1
2020-05-17,Mendocino,045,87422,15,10,0,10,0
2020-05-17,Merced,047,269075,305,214,0,214,5
2020-05-17,Modoc,049,8938,0,0,0,0,0
2020-05-17,Mono,051,14174,36,32,0,32,1
2020-05-17,Monterey,053,433212,423,342,1,343,8
2020-05-17,Napa,055,140530,105,89,0,89,3
2020-05-17,Nevada,057,99092,42,41,1,42,1
2020-05-17,Orange,059,3164182,6599,4466,47,4513,88
2020-05-17,Placer,061,380077,194,175,0,175,8
2020-05-17,Plumas,063,18699,4,4,0,4,0
2020-05-17,Riverside,065,2383286,6854,5776,18,5794,245
2020-05-17,Sacramento,067,1510023,1300,1224,0,1224,56
2020-05-17,San Benito,069,59416,71,59,0,59,2
2020-05-17,San Bernardino,071,2135413,4528,3467,4,3471,155
2020-05-17,San Diego,073,3302833,6814,5838,0,5838,209
2020-05-17,San Francisco,075,870044,2343,2132,0,2132,36
2020-05-17,San Joaquin,077,732212,781,688,4,692,32
2020-05-17,San Luis Obispo,079,281455,319,242,3,245,1
2020-05-17,San Mateo,081,765935,1937,1680,3,1683,68
2020-05-17,Santa Barbara,083,443738,1770,1457,11,1468,10
2020-05-17,Santa Clara,085,1922200,3079,2453,10,2463,135
2020-05-17,Santa Cruz,087,273765,174,155,0,155,3
2020-05-17,Shasta,089,179085,49,34,0,34,4
2020-05-17,Sierra,091,2930,0,0,0,0,0
2020-05-17,Siskiyou,093,43540,7,6,0,6,0
2020-05-17,Solano,095,438530,483,392,0,392,4
2020-05-17,Sonoma,097,501317,457,376,0,376,4
2020-05-17,Stanislaus,099,539301,645,566,4,570,25
2020-05-17,Sutter,101,95872,42,38,0,38,2
2020-05-17,Tehama,103,63373,3,2,0,2,1
2020-05-17,Trinity,105,12862,2,1,0,1,0
2020-05-17,Tulare,107,460477,1991,1430,7,1437,63
2020-05-17,Tuolumne,109,53932,2,2,0,2,0
2020-05-17,Ventura,111,848112,1224,838,6,844,27
2020-05-17,Yolo,113,214977,195,182,0,182,22
2020-05-17,Yuba,115,75493,26,21,0,21,1
2020-05-16,Alameda,001,1643700,2837,2327,3,2330,83
2020-05-16,Alpine,003,1148,1,1,0,1,0
2020-05-16,Amador,005,37829,9,8,0,8,0
2020-05-16,Butte,007,227075,44,22,1,23,0
2020-05-16,Calaveras,009,45235,11,13,0,13,0
2020-05-16,Colusa,011,21464,3,3,0,3,0
2020-05-16,Contra Costa,013,1133247,1302,1136,1,1137,33
2020-05-16,Del Norte,015,27424,19,4,0,4,0
2020-05-16,El Dorado,017,186661,88,65,0,65,0
2020-05-16,Fresno,019,978130,2233,1177,32,1209,14
2020-05-16,Glenn,021,27897,13,9,0,9,0
2020-05-16,Humboldt,023,135768,91,69,0,69,0
2020-05-16,Imperial,025,180216,1687,712,4,716,14
2020-05-16,Inyo,027,18085,19,20,0,20,1
2020-05-16,Kern,029,883053,1937,1509,3,1512,26
2020-05-16,Kings,031,150075,494,356,2,358,2
2020-05-16,Lake,033,64148,13,7,0,7,0
2020-05-16,Lassen,035,31185,2,0,2,2,0
2020-05-16,Los Angeles,037,10098052,46224,37352,21,37373,1778
2020-05-16,Madera,039,155013,161,70,1,71,2
2020-05-16,Marin,041,260295,341,297,1,298,14
2020-05-16,Mariposa,043,17540,15,15,0,15,1
2020-05-16,Mendocino,045,87422,15,10,0,10,0
2020-05-16,Merced,047,269075,303,201,0,201,5
2020-05-16,Modoc,049,8938,0,0,0,0,0
2020-05-16,Mono,051,14174,36,32,0,32,1
2020-05-16,Monterey,053,433212,408,329,1,330,8
2020-05-16,Napa,055,140530,105,86,0,86,3
2020-05-16,Nevada,057,99092,42,41,1,42,1
2020-05-16,Orange,059,3164182,6523,4396,47,4443,87
2020-05-16,Placer,061,380077,192,174,0,174,8
2020-05-16,Plumas,063,18699,4,4,0,4,0
2020-05-16,Riverside,065,2383286,6769,5633,18,5651,243
2020-05-16,Sacramento,067,1510023,1293,1209,0,1209,55
2020-05-16,San Benito,069,59416,66,58,0,58,2
2020-05-16,San Bernardino,071,2135413,4456,3362,4,3366,155
2020-05-16,San Diego,073,3302833,6728,5664,0,5664,209
2020-05-16,San Francisco,075,870044,2320,2094,0,2094,36
2020-05-16,San Joaquin,077,732212,773,668,4,672,32
2020-05-16,San Luis Obispo,079,281455,318,240,3,243,1
2020-05-16,San Mateo,081,765935,1922,1652,3,1655,68
2020-05-16,Santa Barbara,083,443738,1757,1422,10,1432,10
2020-05-16,Santa Clara,085,1922200,3061,2420,10,2430,135
2020-05-16,Santa Cruz,087,273765,171,154,0,154,3
2020-05-16,Shasta,089,179085,49,33,0,33,4
2020-05-16,Sierra,091,2930,0,0,0,0,0
2020-05-16,Siskiyou,093,43540,7,6,0,6,0
2020-05-16,Solano,095,438530,478,392,0,392,4
2020-05-16,Sonoma,097,501317,444,356,0,356,4
2020-05-16,Stanislaus,099,539301,636,546,4,550,24
2020-05-16,Sutter,101,95872,42,35,0,35,2
2020-05-16,Tehama,103,63373,3,2,0,2,1
2020-05-16,Trinity,105,12862,2,1,0,1,0
2020-05-16,Tulare,107,460477,1973,1426,7,1433,63
2020-05-16,Tuolumne,109,53932,2,2,0,2,0
2020-05-16,Ventura,111,848112,1198,813,6,819,25
2020-05-16,Yolo,113,214977,194,181,0,181,22
2020-05-16,Yuba,115,75493,26,21,0,21,1
2020-05-15,Alameda,001,1643700,2803,2289,3,2292,83
2020-05-15,Alpine,003,1148,1,1,0,1,0
2020-05-15,Amador,005,37829,9,8,0,8,0
2020-05-15,Butte,007,227075,42,22,1,23,0
2020-05-15,Calaveras,009,45235,11,13,0,13,0
2020-05-15,Colusa,011,21464,3,3,0,3,0
2020-05-15,Contra Costa,013,1133247,1284,1106,1,1107,33
2020-05-15,Del Norte,015,27424,14,4,0,4,0
2020-05-15,El Dorado,017,186661,88,64,0,64,0
2020-05-15,Fresno,019,978130,2165,1126,32,1158,14
2020-05-15,Glenn,021,27897,13,9,0,9,0
2020-05-15,Humboldt,023,135768,90,60,0,60,0
2020-05-15,Imperial,025,180216,1603,680,0,680,14
2020-05-15,Inyo,027,18085,19,20,0,20,1
2020-05-15,Kern,029,883053,1881,1472,3,1475,25
2020-05-15,Kings,031,150075,491,347,2,349,2
2020-05-15,Lake,033,64148,13,7,0,7,0
2020-05-15,Lassen,035,31185,2,0,2,2,0
2020-05-15,Los Angeles,037,10098052,45438,36317,21,36338,1734
2020-05-15,Madera,039,155013,160,71,1,72,2
2020-05-15,Marin,041,260295,333,295,1,296,14
2020-05-15,Mariposa,043,17540,15,15,0,15,1
2020-05-15,Mendocino,045,87422,15,10,0,10,0
2020-05-15,Merced,047,269075,300,191,0,191,5
2020-05-15,Modoc,049,8938,0,0,0,0,0
2020-05-15,Mono,051,14174,36,31,0,31,1
2020-05-15,Monterey,053,433212,402,321,1,322,8
2020-05-15,Napa,055,140530,105,83,0,83,3
2020-05-15,Nevada,057,99092,42,41,1,42,1
2020-05-15,Orange,059,3164182,6350,4281,47,4328,87
2020-05-15,Placer,061,380077,190,174,0,174,8
2020-05-15,Plumas,063,18699,4,4,0,4,0
2020-05-15,Riverside,065,2383286,6655,5496,18,5514,233
2020-05-15,Sacramento,067,1510023,1283,1203,0,1203,55
2020-05-15,San Benito,069,59416,63,57,0,57,2
2020-05-15,San Bernardino,071,2135413,4378,3225,4,3229,153
2020-05-15,San Diego,073,3302833,6621,5525,0,5525,208
2020-05-15,San Francisco,075,870044,2304,2062,0,2062,36
2020-05-15,San Joaquin,077,732212,767,656,4,660,32
2020-05-15,San Luis Obispo,079,281455,316,237,3,240,1
2020-05-15,San Mateo,081,765935,1900,1612,3,1615,68
2020-05-15,Santa Barbara,083,443738,1748,1409,9,1418,10
2020-05-15,Santa Clara,085,1922200,3018,2395,9,2404,135
2020-05-15,Santa Cruz,087,273765,170,146,0,146,3
2020-05-15,Shasta,089,179085,48,33,0,33,4
2020-05-15,Sierra,091,2930,0,0,0,0,0
2020-05-15,Siskiyou,093,43540,6,5,0,5,0
2020-05-15,Solano,095,438530,474,388,0,388,4
2020-05-15,Sonoma,097,501317,436,349,0,349,4
2020-05-15,Stanislaus,099,539301,629,540,4,544,23
2020-05-15,Sutter,101,95872,41,35,0,35,2
2020-05-15,Tehama,103,63373,3,1,0,1,1
2020-05-15,Trinity,105,12862,2,1,0,1,0
2020-05-15,Tulare,107,460477,1945,1356,7,1363,61
2020-05-15,Tuolumne,109,53932,2,2,0,2,0
2020-05-15,Ventura,111,848112,1180,789,5,794,25
2020-05-15,Yolo,113,214977,193,182,0,182,22
2020-05-15,Yuba,115,75493,26,21,0,21,1
2020-05-14,Alameda,001,1643700,2710,2255,3,2258,80
2020-05-14,Alpine,003,1148,1,1,0,1,0
2020-05-14,Amador,005,37829,9,8,0,8,0
2020-05-14,Butte,007,227075,40,22,1,23,0
2020-05-14,Calaveras,009,45235,11,13,0,13,0
2020-05-14,Colusa,011,21464,3,3,0,3,0
2020-05-14,Contra Costa,013,1133247,1258,1090,1,1091,32
2020-05-14,Del Norte,015,27424,14,4,0,4,0
2020-05-14,El Dorado,017,186661,79,59,0,59,0
2020-05-14,Fresno,019,978130,2103,1038,28,1066,12
2020-05-14,Glenn,021,27897,12,8,0,8,0
2020-05-14,Humboldt,023,135768,88,59,0,59,0
2020-05-14,Imperial,025,180216,1486,652,0,652,13
2020-05-14,Inyo,027,18085,19,20,0,20,1
2020-05-14,Kern,029,883053,1839,1430,3,1433,21
2020-05-14,Kings,031,150075,475,342,2,344,1
2020-05-14,Lake,033,64148,13,7,0,7,0
2020-05-14,Lassen,035,31185,2,0,2,2,0
2020-05-14,Los Angeles,037,10098052,44263,35427,21,35448,1693
2020-05-14,Madera,039,155013,151,69,1,70,2
2020-05-14,Marin,041,260295,315,283,1,284,14
2020-05-14,Mariposa,043,17540,15,15,0,15,0
2020-05-14,Mendocino,045,87422,14,10,0,10,0
2020-05-14,Merced,047,269075,290,182,0,182,3
2020-05-14,Modoc,049,8938,0,0,0,0,0
2020-05-14,Mono,051,14174,36,31,0,31,1
2020-05-14,Monterey,053,433212,392,317,1,318,7
2020-05-14,Napa,055,140530,103,83,0,83,3
2020-05-14,Nevada,057,99092,41,41,1,42,1
2020-05-14,Orange,059,3164182,6174,4163,45,4208,83
2020-05-14,Placer,061,380077,190,172,0,172,8
2020-05-14,Plumas,063,18699,4,4,0,4,0
2020-05-14,Riverside,065,2383286,6471,5339,18,5357,224
2020-05-14,Sacramento,067,1510023,1271,1181,0,1181,55
2020-05-14,San Benito,069,59416,61,56,0,56,2
2020-05-14,San Bernardino,071,2135413,4200,3149,4,3153,149
2020-05-14,San Diego,073,3302833,6486,5393,0,5393,200
2020-05-14,San Francisco,075,870044,2271,2029,0,2029,36
2020-05-14,San Joaquin,077,732212,752,643,4,647,31
2020-05-14,San Luis Obispo,079,281455,313,236,3,239,1
2020-05-14,San Mateo,081,765935,1868,1588,3,1591,67
2020-05-14,Santa Barbara,083,443738,1734,1395,9,1404,11
2020-05-14,Santa Clara,085,1922200,2995,2380,9,2389,134
2020-05-14,Santa Cruz,087,273765,168,145,0,145,3
2020-05-14,Shasta,089,179085,48,33,0,33,4
2020-05-14,Sierra,091,2930,0,0,0,0,0
2020-05-14,Siskiyou,093,43540,6,5,0,5,0
2020-05-14,Solano,095,438530,465,372,0,372,4
2020-05-14,Sonoma,097,501317,419,333,0,333,4
2020-05-14,Stanislaus,099,539301,610,533,4,537,23
2020-05-14,Sutter,101,95872,41,34,0,34,2
2020-05-14,Tehama,103,63373,3,1,0,1,1
2020-05-14,Trinity,105,12862,2,1,0,1,0
2020-05-14,Tulare,107,460477,1906,1317,7,1324,55
2020-05-14,Tuolumne,109,53932,2,2,0,2,0
2020-05-14,Ventura,111,848112,1149,760,5,765,25
2020-05-14,Yolo,113,214977,193,180,0,180,22
2020-05-14,Yuba,115,75493,26,21,0,21,1
2020-05-13,Alameda,001,1643700,2652,2181,3,2184,78
2020-05-13,Alpine,003,1148,1,1,0,1,0
2020-05-13,Amador,005,37829,9,8,0,8,0
2020-05-13,Butte,007,227075,40,21,1,22,0
2020-05-13,Calaveras,009,45235,11,13,0,13,0
2020-05-13,Colusa,011,21464,3,3,0,3,0
2020-05-13,Contra Costa,013,1133247,1236,1082,1,1083,32
2020-05-13,Del Norte,015,27424,13,4,0,4,0
2020-05-13,El Dorado,017,186661,78,58,0,58,0
2020-05-13,Fresno,019,978130,2010,993,28,1021,10
2020-05-13,Glenn,021,27897,11,6,0,6,0
2020-05-13,Humboldt,023,135768,82,58,0,58,0
2020-05-13,Imperial,025,180216,1416,610,0,610,11
2020-05-13,Inyo,027,18085,19,20,0,20,1
2020-05-13,Kern,029,883053,1793,1390,3,1393,19
2020-05-13,Kings,031,150075,461,314,2,316,1
2020-05-13,Lake,033,64148,13,7,0,7,0
2020-05-13,Lassen,035,31185,2,0,2,2,0
2020-05-13,Los Angeles,037,10098052,42957,34574,21,34595,1643
2020-05-13,Madera,039,155013,142,69,1,70,2
2020-05-13,Marin,041,260295,302,278,1,279,14
2020-05-13,Mariposa,043,17540,15,15,0,15,0
2020-05-13,Mendocino,045,87422,14,10,0,10,0
2020-05-13,Merced,047,269075,287,176,0,176,3
2020-05-13,Modoc,049,8938,0,0,0,0,0
2020-05-13,Mono,051,14174,35,31,0,31,1
2020-05-13,Monterey,053,433212,382,309,1,310,6
2020-05-13,Napa,055,140530,103,81,0,81,3
2020-05-13,Nevada,057,99092,41,41,1,42,1
2020-05-13,Orange,059,3164182,5928,4025,43,4068,79
2020-05-13,Placer,061,380077,189,170,0,170,8
2020-05-13,Plumas,063,18699,4,4,0,4,0
2020-05-13,Riverside,065,2383286,6348,5204,18,5222,216
2020-05-13,Sacramento,067,1510023,1256,1173,0,1173,53
2020-05-13,San Benito,069,59416,61,55,0,55,2
2020-05-13,San Bernardino,071,2135413,3944,3064,3,3067,140
2020-05-13,San Diego,073,3302833,6350,5280,0,5280,194
2020-05-13,San Francisco,075,870044,2243,2004,0,2004,35
2020-05-13,San Joaquin,077,732212,731,639,3,642,31
2020-05-13,San Luis Obispo,079,281455,311,231,3,234,1
2020-05-13,San Mateo,081,765935,1836,1550,3,1553,66
2020-05-13,Santa Barbara,083,443738,1721,1382,9,1391,10
2020-05-13,Santa Clara,085,1922200,2975,2370,9,2379,132
2020-05-13,Santa Cruz,087,273765,164,142,0,142,2
2020-05-13,Shasta,089,179085,48,32,0,32,4
2020-05-13,Sierra,091,2930,0,0,0,0,0
2020-05-13,Siskiyou,093,43540,6,5,0,5,0
2020-05-13,Solano,095,438530,452,368,0,368,4
2020-05-13,Sonoma,097,501317,409,330,0,330,4
2020-05-13,Stanislaus,099,539301,601,521,4,525,15
2020-05-13,Sutter,101,95872,41,33,0,33,2
2020-05-13,Tehama,103,63373,3,1,0,1,1
2020-05-13,Trinity,105,12862,2,2,0,2,0
2020-05-13,Tulare,107,460477,1873,1283,7,1290,54
2020-05-13,Tuolumne,109,53932,2,2,0,2,0
2020-05-13,Ventura,111,848112,1118,742,5,747,25
2020-05-13,Yolo,113,214977,191,178,0,178,22
2020-05-13,Yuba,115,75493,24,19,0,19,1
2020-05-12,Alameda,001,1643700,2587,2146,3,2149,74
2020-05-12,Alpine,003,1148,1,1,0,1,0
2020-05-12,Amador,005,37829,9,8,0,8,0
2020-05-12,Butte,007,227075,38,20,1,21,0
2020-05-12,Calaveras,009,45235,10,13,0,13,0
2020-05-12,Colusa,011,21464,3,3,0,3,0
2020-05-12,Contra Costa,013,1133247,1205,1067,1,1068,32
2020-05-12,Del Norte,015,27424,10,3,0,3,0
2020-05-12,El Dorado,017,186661,75,56,0,56,0
2020-05-12,Fresno,019,978130,1926,978,26,1004,9
2020-05-12,Glenn,021,27897,10,6,0,6,0
2020-05-12,Humboldt,023,135768,79,58,0,58,0
2020-05-12,Imperial,025,180216,1284,602,0,602,9
2020-05-12,Inyo,027,18085,19,20,0,20,1
2020-05-12,Kern,029,883053,1752,1363,3,1366,18
2020-05-12,Kings,031,150075,440,302,2,304,1
2020-05-12,Lake,033,64148,13,7,0,7,0
2020-05-12,Lassen,035,31185,2,0,2,2,0
2020-05-12,Los Angeles,037,10098052,41962,33281,20,33301,1601
2020-05-12,Madera,039,155013,136,69,1,70,2
2020-05-12,Marin,041,260295,297,274,1,275,14
2020-05-12,Mariposa,043,17540,15,15,0,15,0
2020-05-12,Mendocino,045,87422,14,10,0,10,0
2020-05-12,Merced,047,269075,276,175,0,175,3
2020-05-12,Modoc,049,8938,0,0,0,0,0
2020-05-12,Mono,051,14174,35,31,0,31,1
2020-05-12,Monterey,053,433212,375,298,1,299,6
2020-05-12,Napa,055,140530,101,80,0,80,3
2020-05-12,Nevada,057,99092,41,41,1,42,1
2020-05-12,Orange,059,3164182,5745,3843,41,3884,78
2020-05-12,Placer,061,380077,188,170,0,170,8
2020-05-12,Plumas,063,18699,4,4,0,4,0
2020-05-12,Riverside,065,2383286,6226,5134,18,5152,210
2020-05-12,Sacramento,067,1510023,1236,1166,0,1166,52
2020-05-12,San Benito,069,59416,61,55,0,55,2
2020-05-12,San Bernardino,071,2135413,3792,2997,3,3000,131
2020-05-12,San Diego,073,3302833,6206,3,0,3,0
2020-05-12,San Francisco,075,870044,2208,1981,0,1981,35
2020-05-12,San Joaquin,077,732212,716,625,3,628,30
2020-05-12,San Luis Obispo,079,281455,308,226,3,229,1
2020-05-12,San Mateo,081,765935,1810,1533,3,1536,66
2020-05-12,Santa Barbara,083,443738,1687,1377,9,1386,10
2020-05-12,Santa Clara,085,1922200,2945,2362,9,2371,131
2020-05-12,Santa Cruz,087,273765,162,141,0,141,2
2020-05-12,Shasta,089,179085,47,33,0,33,4
2020-05-12,Sierra,091,2930,0,0,0,0,0
2020-05-12,Siskiyou,093,43540,6,5,0,5,0
2020-05-12,Solano,095,438530,444,361,0,361,4
2020-05-12,Sonoma,097,501317,386,308,0,308,4
2020-05-12,Stanislaus,099,539301,594,515,4,519,15
2020-05-12,Sutter,101,95872,41,33,0,33,2
2020-05-12,Tehama,103,63373,3,1,0,1,1
2020-05-12,Trinity,105,12862,2,1,0,1,0
2020-05-12,Tulare,107,460477,1841,1261,7,1268,52
2020-05-12,Tuolumne,109,53932,2,2,0,2,0
2020-05-12,Ventura,111,848112,1062,718,5,723,20
2020-05-12,Yolo,113,214977,190,176,0,176,22
2020-05-12,Yuba,115,75493,24,19,0,19,1
2020-05-11,Alameda,001,1643700,2537,2103,3,2106,71
2020-05-11,Alpine,003,1148,1,1,0,1,0
2020-05-11,Amador,005,37829,9,8,0,8,0
2020-05-11,Butte,007,227075,37,19,1,20,0
2020-05-11,Calaveras,009,45235,10,13,0,13,0
2020-05-11,Colusa,011,21464,3,3,0,3,0
2020-05-11,Contra Costa,013,1133247,1191,1052,1,1053,32
2020-05-11,Del Norte,015,27424,8,3,0,3,0
2020-05-11,El Dorado,017,186661,75,55,0,55,0
2020-05-11,Fresno,019,978130,1835,937,25,962,8
2020-05-11,Glenn,021,27897,10,6,0,6,0
2020-05-11,Humboldt,023,135768,76,56,0,56,0
2020-05-11,Imperial,025,180216,1178,562,0,562,9
2020-05-11,Inyo,027,18085,19,20,0,20,1
2020-05-11,Kern,029,883053,1700,1331,3,1334,17
2020-05-11,Kings,031,150075,417,289,1,290,1
2020-05-11,Lake,033,64148,12,7,0,7,0
2020-05-11,Lassen,035,31185,2,0,2,2,0
2020-05-11,Los Angeles,037,10098052,40783,32279,20,32299,1553
2020-05-11,Madera,039,155013,127,68,1,69,2
2020-05-11,Marin,041,260295,288,271,1,272,14
2020-05-11,Mariposa,043,17540,15,15,0,15,0
2020-05-11,Mendocino,045,87422,14,10,0,10,0
2020-05-11,Merced,047,269075,261,158,0,158,3
2020-05-11,Modoc,049,8938,0,0,0,0,0
2020-05-11,Mono,051,14174,35,30,0,30,1
2020-05-11,Monterey,053,433212,372,286,1,287,6
2020-05-11,Napa,055,140530,95,79,0,79,2
2020-05-11,Nevada,057,99092,41,41,1,42,1
2020-05-11,Orange,059,3164182,5529,3699,34,3733,77
2020-05-11,Placer,061,380077,188,170,0,170,8
2020-05-11,Plumas,063,18699,4,4,0,4,0
2020-05-11,Riverside,065,2383286,6068,5082,17,5099,203
2020-05-11,Sacramento,067,1510023,1221,1160,0,1160,52
2020-05-11,San Benito,069,59416,59,52,0,52,2
2020-05-11,San Bernardino,071,2135413,3682,2945,3,2948,124
2020-05-11,San Diego,073,3302833,6053,5067,0,5067,175
2020-05-11,San Francisco,075,870044,2161,1974,0,1974,35
2020-05-11,San Joaquin,077,732212,706,620,3,623,30
2020-05-11,San Luis Obispo,079,281455,306,224,3,227,1
2020-05-11,San Mateo,081,765935,1784,1499,2,1501,66
2020-05-11,Santa Barbara,083,443738,1666,1372,8,1380,10
2020-05-11,Santa Clara,085,1922200,2928,2340,9,2349,129
2020-05-11,Santa Cruz,087,273765,159,140,0,140,2
2020-05-11,Shasta,089,179085,47,31,0,31,4
2020-05-11,Sierra,091,2930,0,0,0,0,0
2020-05-11,Siskiyou,093,43540,6,5,0,5,0
2020-05-11,Solano,095,438530,439,354,0,354,4
2020-05-11,Sonoma,097,501317,376,303,0,303,3
2020-05-11,Stanislaus,099,539301,584,507,4,511,14
2020-05-11,Sutter,101,95872,40,32,0,32,2
2020-05-11,Tehama,103,63373,3,1,0,1,1
2020-05-11,Trinity,105,12862,2,1,0,1,0
2020-05-11,Tulare,107,460477,1792,1203,7,1210,49
2020-05-11,Tuolumne,109,53932,2,2,0,2,0
2020-05-11,Ventura,111,848112,1001,698,4,702,19
2020-05-11,Yolo,113,214977,190,174,0,174,20
2020-05-11,Yuba,115,75493,24,18,0,18,1
2020-05-10,Alameda,001,1643700,2460,2047,3,2050,71
2020-05-10,Alpine,003,1148,1,1,0,1,0
2020-05-10,Amador,005,37829,9,8,0,8,0
2020-05-10,Butte,007,227075,32,18,1,19,0
2020-05-10,Calaveras,009,45235,10,13,0,13,0
2020-05-10,Colusa,011,21464,3,3,0,3,0
2020-05-10,Contra Costa,013,1133247,1177,1046,0,1046,31
2020-05-10,Del Norte,015,27424,7,3,0,3,0
2020-05-10,El Dorado,017,186661,75,55,0,55,0
2020-05-10,Fresno,019,978130,1748,894,25,919,8
2020-05-10,Glenn,021,27897,10,6,0,6,0
2020-05-10,Humboldt,023,135768,72,56,0,56,0
2020-05-10,Imperial,025,180216,1082,509,0,509,7
2020-05-10,Inyo,027,18085,19,20,0,20,1
2020-05-10,Kern,029,883053,1649,1300,2,1302,16
2020-05-10,Kings,031,150075,404,266,1,267,1
2020-05-10,Lake,033,64148,12,7,0,7,0
2020-05-10,Lassen,035,31185,2,0,2,2,0
2020-05-10,Los Angeles,037,10098052,39523,31711,20,31731,1514
2020-05-10,Madera,039,155013,125,65,1,66,2
2020-05-10,Marin,041,260295,280,267,1,268,14
2020-05-10,Mariposa,043,17540,15,15,0,15,0
2020-05-10,Mendocino,045,87422,13,10,0,10,0
2020-05-10,Merced,047,269075,246,154,0,154,3
2020-05-10,Modoc,049,8938,0,0,0,0,0
2020-05-10,Mono,051,14174,35,27,0,27,1
2020-05-10,Monterey,053,433212,358,282,1,283,6
2020-05-10,Napa,055,140530,89,79,0,79,2
2020-05-10,Nevada,057,99092,41,41,1,42,1
2020-05-10,Orange,059,3164182,5386,3627,34,3661,76
2020-05-10,Placer,061,380077,187,168,0,168,8
2020-05-10,Plumas,063,18699,4,4,0,4,0
2020-05-10,Riverside,065,2383286,5946,4951,17,4968,193
2020-05-10,Sacramento,067,1510023,1205,1152,0,1152,52
2020-05-10,San Benito,069,59416,59,52,0,52,2
2020-05-10,San Bernardino,071,2135413,3584,2910,3,2913,121
2020-05-10,San Diego,073,3302833,5901,4928,0,4928,175
2020-05-10,San Francisco,075,870044,2143,1953,0,1953,35
2020-05-10,San Joaquin,077,732212,691,611,3,614,29
2020-05-10,San Luis Obispo,079,281455,303,218,3,221,1
2020-05-10,San Mateo,081,765935,1762,1463,2,1465,65
2020-05-10,Santa Barbara,083,443738,1653,1323,8,1331,10
2020-05-10,Santa Clara,085,1922200,2901,2331,9,2340,129
2020-05-10,Santa Cruz,087,273765,158,139,0,139,2
2020-05-10,Shasta,089,179085,47,31,0,31,4
2020-05-10,Sierra,091,2930,0,0,0,0,0
2020-05-10,Siskiyou,093,43540,5,5,0,5,0
2020-05-10,Solano,095,438530,429,322,0,322,4
2020-05-10,Sonoma,097,501317,366,290,0,290,3
2020-05-10,Stanislaus,099,539301,577,498,4,502,14
2020-05-10,Sutter,101,95872,37,31,0,31,2
2020-05-10,Tehama,103,63373,3,1,0,1,1
2020-05-10,Trinity,105,12862,2,1,0,1,0
2020-05-10,Tulare,107,460477,1722,1143,7,1150,47
2020-05-10,Tuolumne,109,53932,2,2,0,2,0
2020-05-10,Ventura,111,848112,943,690,2,692,19
2020-05-10,Yolo,113,214977,190,173,0,173,20
2020-05-10,Yuba,115,75493,23,17,0,17,1
2020-05-09,Alameda,001,1643700,2417,2011,3,2014,71
2020-05-09,Alpine,003,1148,1,1,0,1,0
2020-05-09,Amador,005,37829,8,8,0,8,0
2020-05-09,Butte,007,227075,31,18,1,19,0
2020-05-09,Calaveras,009,45235,10,13,0,13,0
2020-05-09,Colusa,011,21464,3,3,0,3,0
2020-05-09,Contra Costa,013,1133247,1163,1039,0,1039,31
2020-05-09,Del Norte,015,27424,7,3,0,3,0
2020-05-09,El Dorado,017,186661,72,54,0,54,0
2020-05-09,Fresno,019,978130,1710,861,24,885,8
2020-05-09,Glenn,021,27897,9,6,0,6,0
2020-05-09,Humboldt,023,135768,70,55,0,55,0
2020-05-09,Imperial,025,180216,1026,474,0,474,7
2020-05-09,Inyo,027,18085,19,20,0,20,1
2020-05-09,Kern,029,883053,1613,1262,1,1263,15
2020-05-09,Kings,031,150075,399,264,1,265,1
2020-05-09,Lake,033,64148,12,7,0,7,0
2020-05-09,Lassen,035,31185,2,0,2,2,0
2020-05-09,Los Angeles,037,10098052,38901,31268,20,31288,1499
2020-05-09,Madera,039,155013,124,61,1,62,2
2020-05-09,Marin,041,260295,279,261,1,262,14
2020-05-09,Mariposa,043,17540,15,15,0,15,0
2020-05-09,Mendocino,045,87422,13,10,0,10,0
2020-05-09,Merced,047,269075,242,153,0,153,3
2020-05-09,Modoc,049,8938,0,0,0,0,0
2020-05-09,Mono,051,14174,35,27,0,27,1
2020-05-09,Monterey,053,433212,351,273,1,274,6
2020-05-09,Napa,055,140530,88,78,0,78,2
2020-05-09,Nevada,057,99092,41,41,1,42,1
2020-05-09,Orange,059,3164182,5304,3506,33,3539,75
2020-05-09,Placer,061,380077,186,168,0,168,8
2020-05-09,Plumas,063,18699,4,4,0,4,0
2020-05-09,Riverside,065,2383286,5851,4871,17,4888,183
2020-05-09,Sacramento,067,1510023,1201,1150,0,1150,52
2020-05-09,San Benito,069,59416,58,52,0,52,2
2020-05-09,San Bernardino,071,2135413,3528,2825,3,2828,121
2020-05-09,San Diego,073,3302833,5789,4778,0,4778,175
2020-05-09,San Francisco,075,870044,2128,1944,0,1944,34
2020-05-09,San Joaquin,077,732212,682,605,3,608,28
2020-05-09,San Luis Obispo,079,281455,299,213,3,216,1
2020-05-09,San Mateo,081,765935,1743,1453,2,1455,65
2020-05-09,Santa Barbara,083,443738,1643,1245,8,1253,10
2020-05-09,Santa Clara,085,1922200,2887,2317,9,2326,128
2020-05-09,Santa Cruz,087,273765,157,138,0,138,2
2020-05-09,Shasta,089,179085,47,31,0,31,4
2020-05-09,Sierra,091,2930,0,0,0,0,0
2020-05-09,Siskiyou,093,43540,5,5,0,5,0
2020-05-09,Solano,095,438530,423,321,0,321,4
2020-05-09,Sonoma,097,501317,362,288,0,288,3
2020-05-09,Stanislaus,099,539301,569,491,4,495,12
2020-05-09,Sutter,101,95872,37,31,0,31,2
2020-05-09,Tehama,103,63373,2,1,0,1,1
2020-05-09,Trinity,105,12862,2,1,0,1,0
2020-05-09,Tulare,107,460477,1694,1083,7,1090,47
2020-05-09,Tuolumne,109,53932,2,2,0,2,0
2020-05-09,Ventura,111,848112,922,679,2,681,19
2020-05-09,Yolo,113,214977,190,172,0,172,18
2020-05-09,Yuba,115,75493,23,17,0,17,1
2020-05-08,Alameda,001,1643700,2374,1955,3,1958,70
2020-05-08,Alpine,003,1148,1,1,0,1,0
2020-05-08,Amador,005,37829,8,8,0,8,0
2020-05-08,Butte,007,227075,31,18,1,19,0
2020-05-08,Calaveras,009,45235,10,13,0,13,0
2020-05-08,Colusa,011,21464,3,3,0,3,0
2020-05-08,Contra Costa,013,1133247,1151,1024,0,1024,29
2020-05-08,Del Norte,015,27424,7,3,0,3,0
2020-05-08,El Dorado,017,186661,71,54,0,54,0
2020-05-08,Fresno,019,978130,1666,838,22,860,8
2020-05-08,Glenn,021,27897,8,6,0,6,0
2020-05-08,Humboldt,023,135768,67,54,0,54,0
2020-05-08,Imperial,025,180216,981,467,0,467,7
2020-05-08,Inyo,027,18085,19,20,0,20,1
2020-05-08,Kern,029,883053,1582,1214,1,1215,13
2020-05-08,Kings,031,150075,390,236,1,237,1
2020-05-08,Lake,033,64148,12,7,0,7,0
2020-05-08,Lassen,035,31185,2,0,2,2,0
2020-05-08,Los Angeles,037,10098052,38169,30357,20,30377,1447
2020-05-08,Madera,039,155013,121,57,1,58,2
2020-05-08,Marin,041,260295,279,257,1,258,14
2020-05-08,Mariposa,043,17540,15,15,0,15,0
2020-05-08,Mendocino,045,87422,13,10,0,10,0
2020-05-08,Merced,047,269075,241,151,0,151,3
2020-05-08,Modoc,049,8938,0,0,0,0,0
2020-05-08,Mono,051,14174,32,27,0,27,1
2020-05-08,Monterey,053,433212,343,265,1,266,6
2020-05-08,Napa,055,140530,87,78,0,78,2
2020-05-08,Nevada,057,99092,41,41,1,42,1
2020-05-08,Orange,059,3164182,5158,3395,33,3428,72
2020-05-08,Placer,061,380077,184,166,0,166,8
2020-05-08,Plumas,063,18699,4,4,0,4,0
2020-05-08,Riverside,065,2383286,5751,4672,16,4688,181
2020-05-08,Sacramento,067,1510023,1196,1145,0,1145,51
2020-05-08,San Benito,069,59416,58,51,0,51,2
2020-05-08,San Bernardino,071,2135413,3480,2631,3,2634,119
2020-05-08,San Diego,073,3302833,5682,4664,0,4664,169
2020-05-08,San Francisco,075,870044,2110,1890,0,1890,33
2020-05-08,San Joaquin,077,732212,675,595,3,598,28
2020-05-08,San Luis Obispo,079,281455,296,210,3,213,1
2020-05-08,San Mateo,081,765935,1658,1423,2,1425,62
2020-05-08,Santa Barbara,083,443738,1634,1054,6,1060,8
2020-05-08,Santa Clara,085,1922200,2864,2285,9,2294,128
2020-05-08,Santa Cruz,087,273765,153,137,0,137,2
2020-05-08,Shasta,089,179085,47,31,0,31,4
2020-05-08,Sierra,091,2930,0,0,0,0,0
2020-05-08,Siskiyou,093,43540,5,5,0,5,0
2020-05-08,Solano,095,438530,418,314,0,314,4
2020-05-08,Sonoma,097,501317,357,285,0,285,3
2020-05-08,Stanislaus,099,539301,555,487,4,491,12
2020-05-08,Sutter,101,95872,37,30,0,30,2
2020-05-08,Tehama,103,63373,2,1,0,1,1
2020-05-08,Trinity,105,12862,2,0,0,0,0
2020-05-08,Tulare,107,460477,1649,1050,6,1056,43
2020-05-08,Tuolumne,109,53932,2,2,0,2,0
2020-05-08,Ventura,111,848112,904,665,2,667,19
2020-05-08,Yolo,113,214977,189,172,0,172,18
2020-05-08,Yuba,115,75493,22,16,0,16,1
2020-05-07,Alameda,001,1643700,2314,1914,3,1917,68
2020-05-07,Alpine,003,1148,1,1,0,1,0
2020-05-07,Amador,005,37829,8,8,0,8,0
2020-05-07,Butte,007,227075,31,19,1,20,0
2020-05-07,Calaveras,009,45235,10,13,0,13,0
2020-05-07,Colusa,011,21464,3,3,0,3,0
2020-05-07,Contra Costa,013,1133247,1137,1005,0,1005,29
2020-05-07,Del Norte,015,27424,6,3,0,3,0
2020-05-07,El Dorado,017,186661,70,54,0,54,0
2020-05-07,Fresno,019,978130,1581,812,21,833,8
2020-05-07,Glenn,021,27897,8,5,0,5,0
2020-05-07,Humboldt,023,135768,66,54,0,54,0
2020-05-07,Imperial,025,180216,918,442,0,442,6
2020-05-07,Inyo,027,18085,19,20,0,20,1
2020-05-07,Kern,029,883053,1538,1176,1,1177,13
2020-05-07,Kings,031,150075,367,219,1,220,1
2020-05-07,Lake,033,64148,11,7,0,7,0
2020-05-07,Lassen,035,31185,2,0,2,2,0
2020-05-07,Los Angeles,037,10098052,37048,29544,20,29564,1399
2020-05-07,Madera,039,155013,117,54,1,55,2
2020-05-07,Marin,041,260295,272,252,1,253,14
2020-05-07,Mariposa,043,17540,15,15,0,15,0
2020-05-07,Mendocino,045,87422,13,10,0,10,0
2020-05-07,Merced,047,269075,233,146,0,146,3
2020-05-07,Modoc,049,8938,0,0,0,0,0
2020-05-07,Mono,051,14174,32,26,0,26,1
2020-05-07,Monterey,053,433212,335,249,1,250,6
2020-05-07,Napa,055,140530,87,78,0,78,2
2020-05-07,Nevada,057,99092,41,41,1,42,1
2020-05-07,Orange,059,3164182,4973,3283,32,3315,69
2020-05-07,Placer,061,380077,184,165,0,165,8
2020-05-07,Plumas,063,18699,4,4,0,4,0
2020-05-07,Riverside,065,2383286,5635,4608,16,4624,170
2020-05-07,Sacramento,067,1510023,1190,1139,0,1139,50
2020-05-07,San Benito,069,59416,58,50,0,50,2
2020-05-07,San Bernardino,071,2135413,3388,2522,3,2525,115
2020-05-07,San Diego,073,3302833,5525,4431,0,4431,165
2020-05-07,San Francisco,075,870044,2079,1852,0,1852,33
2020-05-07,San Joaquin,077,732212,662,583,3,586,28
2020-05-07,San Luis Obispo,079,281455,285,209,3,212,1
2020-05-07,San Mateo,081,765935,1636,1398,2,1400,58
2020-05-07,Santa Barbara,083,443738,1606,720,5,725,8
2020-05-07,Santa Clara,085,1922200,2826,2281,9,2290,127
2020-05-07,Santa Cruz,087,273765,150,136,0,136,2
2020-05-07,Shasta,089,179085,46,31,0,31,4
2020-05-07,Sierra,091,2930,0,0,0,0,0
2020-05-07,Siskiyou,093,43540,5,5,0,5,0
2020-05-07,Solano,095,438530,412,307,0,307,4
2020-05-07,Sonoma,097,501317,345,282,0,282,3
2020-05-07,Stanislaus,099,539301,546,466,4,470,10
2020-05-07,Sutter,101,95872,37,29,0,29,2
2020-05-07,Tehama,103,63373,2,1,0,1,1
2020-05-07,Trinity,105,12862,2,0,0,0,0
2020-05-07,Tulare,107,460477,1581,1001,6,1007,41
2020-05-07,Tuolumne,109,53932,2,2,0,2,0
2020-05-07,Ventura,111,848112,880,647,1,648,19
2020-05-07,Yolo,113,214977,188,172,0,172,18
2020-05-07,Yuba,115,75493,22,16,0,16,1
2020-05-06,Alameda,001,1643700,2276,1864,3,1867,67
2020-05-06,Alpine,003,1148,1,1,0,1,0
2020-05-06,Amador,005,37829,8,8,0,8,0
2020-05-06,Butte,007,227075,30,19,1,20,0
2020-05-06,Calaveras,009,45235,10,13,0,13,0
2020-05-06,Colusa,011,21464,3,3,0,3,0
2020-05-06,Contra Costa,013,1133247,1116,990,0,990,29
2020-05-06,Del Norte,015,27424,6,3,0,3,0
2020-05-06,El Dorado,017,186661,68,53,0,53,0
2020-05-06,Fresno,019,978130,1519,773,19,792,8
2020-05-06,Glenn,021,27897,8,3,0,3,0
2020-05-06,Humboldt,023,135768,65,54,0,54,0
2020-05-06,Imperial,025,180216,850,399,0,399,6
2020-05-06,Inyo,027,18085,19,20,0,20,1
2020-05-06,Kern,029,883053,1483,1112,1,1113,12
2020-05-06,Kings,031,150075,349,208,1,209,1
2020-05-06,Lake,033,64148,11,7,0,7,0
2020-05-06,Lassen,035,31185,2,0,2,2,0
2020-05-06,Los Angeles,037,10098052,36043,28687,20,28707,1347
2020-05-06,Madera,039,155013,115,55,1,56,2
2020-05-06,Marin,041,260295,265,244,1,245,14
2020-05-06,Mariposa,043,17540,15,14,0,14,0
2020-05-06,Mendocino,045,87422,13,10,0,10,0
2020-05-06,Merced,047,269075,226,140,0,140,3
2020-05-06,Modoc,049,8938,0,0,0,0,0
2020-05-06,Mono,051,14174,32,26,0,26,1
2020-05-06,Monterey,053,433212,327,246,1,247,6
2020-05-06,Napa,055,140530,86,78,0,78,2
2020-05-06,Nevada,057,99092,41,41,1,42,1
2020-05-06,Orange,059,3164182,4789,3156,31,3187,66
2020-05-06,Placer,061,380077,181,164,0,164,8
2020-05-06,Plumas,063,18699,4,4,0,4,0
2020-05-06,Riverside,065,2383286,5491,4535,16,4551,163
2020-05-06,Sacramento,067,1510023,1184,1135,0,1135,49
2020-05-06,San Benito,069,59416,57,50,0,50,2
2020-05-06,San Bernardino,071,2135413,3266,2426,2,2428,110
2020-05-06,San Diego,073,3302833,5392,4321,0,4321,158
2020-05-06,San Francisco,075,870044,2053,1804,0,1804,32
2020-05-06,San Joaquin,077,732212,649,581,3,584,28
2020-05-06,San Luis Obispo,079,281455,282,207,3,210,1
2020-05-06,San Mateo,081,765935,1606,1348,2,1350,57
2020-05-06,Santa Barbara,083,443738,1562,565,4,569,8
2020-05-06,Santa Clara,085,1922200,2810,2270,8,2278,127
2020-05-06,Santa Cruz,087,273765,146,135,0,135,2
2020-05-06,Shasta,089,179085,45,31,0,31,4
2020-05-06,Sierra,091,2930,0,0,0,0,0
2020-05-06,Siskiyou,093,43540,5,5,0,5,0
2020-05-06,Solano,095,438530,402,300,0,300,4
2020-05-06,Sonoma,097,501317,329,269,0,269,3
2020-05-06,Stanislaus,099,539301,530,434,4,438,9
2020-05-06,Sutter,101,95872,37,29,0,29,2
2020-05-06,Tehama,103,63373,2,1,0,1,1
2020-05-06,Trinity,105,12862,2,0,0,0,0
2020-05-06,Tulare,107,460477,1533,963,6,969,40
2020-05-06,Tuolumne,109,53932,2,2,0,2,0
2020-05-06,Ventura,111,848112,853,619,1,620,19
2020-05-06,Yolo,113,214977,187,172,0,172,18
2020-05-06,Yuba,115,75493,22,15,0,15,1
2020-05-05,Alameda,001,1643700,2233,1819,3,1822,67
2020-05-05,Alpine,003,1148,1,1,0,1,0
2020-05-05,Amador,005,37829,8,8,0,8,0
2020-05-05,Butte,007,227075,29,19,1,20,0
2020-05-05,Calaveras,009,45235,10,13,0,13,0
2020-05-05,Colusa,011,21464,3,3,0,3,0
2020-05-05,Contra Costa,013,1133247,1098,976,0,976,29
2020-05-05,Del Norte,015,27424,6,3,0,3,0
2020-05-05,El Dorado,017,186661,66,54,0,54,0
2020-05-05,Fresno,019,978130,1446,726,17,743,8
2020-05-05,Glenn,021,27897,8,3,0,3,0
2020-05-05,Humboldt,023,135768,62,54,0,54,0
2020-05-05,Imperial,025,180216,795,389,0,389,6
2020-05-05,Inyo,027,18085,19,20,0,20,1
2020-05-05,Kern,029,883053,1431,1084,1,1085,11
2020-05-05,Kings,031,150075,331,187,1,188,1
2020-05-05,Lake,033,64148,10,7,0,7,0
2020-05-05,Lassen,035,31185,2,0,2,2,0
2020-05-05,Los Angeles,037,10098052,34972,27867,20,27887,1289
2020-05-05,Madera,039,155013,112,53,1,54,2
2020-05-05,Marin,041,260295,259,244,1,245,14
2020-05-05,Mariposa,043,17540,15,14,0,14,0
2020-05-05,Mendocino,045,87422,13,10,0,10,0
2020-05-05,Merced,047,269075,221,141,0,141,3
2020-05-05,Modoc,049,8938,0,0,0,0,0
2020-05-05,Mono,051,14174,32,25,0,25,1
2020-05-05,Monterey,053,433212,313,240,1,241,6
2020-05-05,Napa,055,140530,86,74,0,74,2
2020-05-05,Nevada,057,99092,41,41,1,42,1
2020-05-05,Orange,059,3164182,4665,3041,31,3072,63
2020-05-05,Placer,061,380077,181,162,0,162,8
2020-05-05,Plumas,063,18699,4,4,0,4,0
2020-05-05,Riverside,065,2383286,5381,4309,16,4325,161
2020-05-05,Sacramento,067,1510023,1177,1125,0,1125,48
2020-05-05,San Benito,069,59416,56,50,0,50,2
2020-05-05,San Bernardino,071,2135413,3173,2345,2,2347,104
2020-05-05,San Diego,073,3302833,5249,4162,0,4162,150
2020-05-05,San Francisco,075,870044,2018,1779,0,1779,31
2020-05-05,San Joaquin,077,732212,640,577,3,580,26
2020-05-05,San Luis Obispo,079,281455,281,203,3,206,1
2020-05-05,San Mateo,081,765935,1574,1335,2,1337,56
2020-05-05,Santa Barbara,083,443738,1334,541,4,545,7
2020-05-05,Santa Clara,085,1922200,2764,2249,7,2256,124
2020-05-05,Santa Cruz,087,273765,143,134,0,134,2
2020-05-05,Shasta,089,179085,44,31,0,31,4
2020-05-05,Sierra,091,2930,0,0,0,0,0
2020-05-05,Siskiyou,093,43540,5,5,0,5,0
2020-05-05,Solano,095,438530,386,299,0,299,4
2020-05-05,Sonoma,097,501317,326,263,0,263,3
2020-05-05,Stanislaus,099,539301,518,430,4,434,9
2020-05-05,Sutter,101,95872,36,29,0,29,2
2020-05-05,Tehama,103,63373,2,1,0,1,1
2020-05-05,Trinity,105,12862,2,0,0,0,0
2020-05-05,Tulare,107,460477,1437,869,6,875,40
2020-05-05,Tuolumne,109,53932,2,2,0,2,0
2020-05-05,Ventura,111,848112,829,607,1,608,19
2020-05-05,Yolo,113,214977,185,171,0,171,18
2020-05-05,Yuba,115,75493,22,15,0,15,1
2020-05-04,Alameda,001,1643700,2174,1762,3,1765,65
2020-05-04,Alpine,003,1148,1,1,0,1,0
2020-05-04,Amador,005,37829,7,8,0,8,0
2020-05-04,Butte,007,227075,28,16,1,17,0
2020-05-04,Calaveras,009,45235,10,13,0,13,0
2020-05-04,Colusa,011,21464,3,3,0,3,0
2020-05-04,Contra Costa,013,1133247,1080,949,0,949,28
2020-05-04,Del Norte,015,27424,5,3,0,3,0
2020-05-04,El Dorado,017,186661,65,51,0,51,0
2020-05-04,Fresno,019,978130,1375,680,16,696,8
2020-05-04,Glenn,021,27897,8,4,0,4,0
2020-05-04,Humboldt,023,135768,60,54,0,54,0
2020-05-04,Imperial,025,180216,743,351,0,351,6
2020-05-04,Inyo,027,18085,19,20,0,20,1
2020-05-04,Kern,029,883053,1389,1047,1,1048,8
2020-05-04,Kings,031,150075,314,153,1,154,1
2020-05-04,Lake,033,64148,9,7,0,7,0
2020-05-04,Lassen,035,31185,1,0,2,2,0
2020-05-04,Los Angeles,037,10098052,33673,26243,18,26261,1235
2020-05-04,Madera,039,155013,110,52,1,53,2
2020-05-04,Marin,041,260295,254,244,1,245,13
2020-05-04,Mariposa,043,17540,15,13,0,13,0
2020-05-04,Mendocino,045,87422,13,10,0,10,0
2020-05-04,Merced,047,269075,221,138,0,138,3
2020-05-04,Modoc,049,8938,0,0,0,0,0
2020-05-04,Mono,051,14174,32,25,0,25,1
2020-05-04,Monterey,053,433212,302,237,1,238,6
2020-05-04,Napa,055,140530,86,72,0,72,2
2020-05-04,Nevada,057,99092,41,41,1,42,1
2020-05-04,Orange,059,3164182,4527,2931,28,2959,57
2020-05-04,Placer,061,380077,179,162,0,162,8
2020-05-04,Plumas,063,18699,4,4,0,4,0
2020-05-04,Riverside,065,2383286,5287,4221,16,4237,147
2020-05-04,Sacramento,067,1510023,1167,1119,0,1119,44
2020-05-04,San Benito,069,59416,54,49,0,49,2
2020-05-04,San Bernardino,071,2135413,3032,2184,2,2186,99
2020-05-04,San Diego,073,3302833,5108,4022,0,4022,144
2020-05-04,San Francisco,075,870044,1980,1760,0,1760,31
2020-05-04,San Joaquin,077,732212,626,574,3,577,26
2020-05-04,San Luis Obispo,079,281455,278,202,3,205,1
2020-05-04,San Mateo,081,765935,1549,1313,2,1315,53
2020-05-04,Santa Barbara,083,443738,1075,524,4,528,7
2020-05-04,Santa Clara,085,1922200,2749,2238,7,2245,119
2020-05-04,Santa Cruz,087,273765,142,133,0,133,2
2020-05-04,Shasta,089,179085,42,31,0,31,4
2020-05-04,Sierra,091,2930,0,0,0,0,0
2020-05-04,Siskiyou,093,43540,5,5,0,5,0
2020-05-04,Solano,095,438530,372,293,0,293,4
2020-05-04,Sonoma,097,501317,312,256,0,256,4
2020-05-04,Stanislaus,099,539301,512,422,4,426,8
2020-05-04,Sutter,101,95872,33,28,0,28,2
2020-05-04,Tehama,103,63373,2,1,0,1,1
2020-05-04,Trinity,105,12862,1,0,0,0,0
2020-05-04,Tulare,107,460477,1358,760,6,766,40
2020-05-04,Tuolumne,109,53932,2,3,0,3,0
2020-05-04,Ventura,111,848112,808,590,1,591,19
2020-05-04,Yolo,113,214977,184,171,0,171,18
2020-05-04,Yuba,115,75493,19,16,0,16,1
2020-05-03,Alameda,001,1643700,2117,1731,3,1734,64
2020-05-03,Alpine,003,1148,1,1,0,1,0
2020-05-03,Amador,005,37829,7,8,0,8,0
2020-05-03,Butte,007,227075,28,17,1,18,0
2020-05-03,Calaveras,009,45235,10,13,0,13,0
2020-05-03,Colusa,011,21464,3,3,0,3,0
2020-05-03,Contra Costa,013,1133247,1064,945,0,945,28
2020-05-03,Del Norte,015,27424,5,3,0,3,0
2020-05-03,El Dorado,017,186661,63,49,0,49,0
2020-05-03,Fresno,019,978130,1282,646,14,660,8
2020-05-03,Glenn,021,27897,7,5,0,5,0
2020-05-03,Humboldt,023,135768,59,54,0,54,0
2020-05-03,Imperial,025,180216,687,351,0,351,6
2020-05-03,Inyo,027,18085,19,20,0,20,1
2020-05-03,Kern,029,883053,1334,1025,1,1026,8
2020-05-03,Kings,031,150075,294,137,1,138,1
2020-05-03,Lake,033,64148,9,7,0,7,0
2020-05-03,Lassen,035,31185,1,0,2,2,0
2020-05-03,Los Angeles,037,10098052,32689,25708,18,25726,1210
2020-05-03,Madera,039,155013,103,46,1,47,2
2020-05-03,Marin,041,260295,249,243,1,244,13
2020-05-03,Mariposa,043,17540,15,13,0,13,0
2020-05-03,Mendocino,045,87422,13,10,0,10,0
2020-05-03,Merced,047,269075,213,134,0,134,3
2020-05-03,Modoc,049,8938,0,0,0,0,0
2020-05-03,Mono,051,14174,32,25,0,25,1
2020-05-03,Monterey,053,433212,293,235,1,236,6
2020-05-03,Napa,055,140530,86,72,0,72,2
2020-05-03,Nevada,057,99092,41,41,1,42,1
2020-05-03,Orange,059,3164182,4353,2859,27,2886,55
2020-05-03,Placer,061,380077,179,161,0,161,8
2020-05-03,Plumas,063,18699,4,4,0,4,0
2020-05-03,Riverside,065,2383286,5182,4034,16,4050,139
2020-05-03,Sacramento,067,1510023,1158,1109,0,1109,43
2020-05-03,San Benito,069,59416,54,49,0,49,2
2020-05-03,San Bernardino,071,2135413,2971,2123,2,2125,99
2020-05-03,San Diego,073,3302833,4970,3929,0,3929,142
2020-05-03,San Francisco,075,870044,1951,1692,0,1692,30
2020-05-03,San Joaquin,077,732212,619,570,3,573,26
2020-05-03,San Luis Obispo,079,281455,275,200,3,203,1
2020-05-03,San Mateo,081,765935,1521,1277,2,1279,53
2020-05-03,Santa Barbara,083,443738,707,512,4,516,7
2020-05-03,Santa Clara,085,1922200,2712,2235,7,2242,116
2020-05-03,Santa Cruz,087,273765,142,133,0,133,2
2020-05-03,Shasta,089,179085,40,31,0,31,4
2020-05-03,Sierra,091,2930,0,0,0,0,0
2020-05-03,Siskiyou,093,43540,5,5,0,5,0
2020-05-03,Solano,095,438530,362,266,0,266,4
2020-05-03,Sonoma,097,501317,303,254,0,254,4
2020-05-03,Stanislaus,099,539301,484,411,4,415,8
2020-05-03,Sutter,101,95872,31,28,0,28,2
2020-05-03,Tehama,103,63373,2,1,0,1,1
2020-05-03,Trinity,105,12862,1,0,0,0,0
2020-05-03,Tulare,107,460477,1279,736,6,742,40
2020-05-03,Tuolumne,109,53932,2,3,0,3,0
2020-05-03,Ventura,111,848112,774,583,1,584,19
2020-05-03,Yolo,113,214977,183,171,0,171,18
2020-05-03,Yuba,115,75493,19,16,0,16,1
2020-05-02,Alameda,001,1643700,2080,1678,3,1681,63
2020-05-02,Alpine,003,1148,1,1,0,1,0
2020-05-02,Amador,005,37829,7,8,0,8,0
2020-05-02,Butte,007,227075,28,17,1,18,0
2020-05-02,Calaveras,009,45235,10,13,0,13,0
2020-05-02,Colusa,011,21464,3,3,0,3,0
2020-05-02,Contra Costa,013,1133247,1047,929,0,929,28
2020-05-02,Del Norte,015,27424,5,3,0,3,0
2020-05-02,El Dorado,017,186661,63,47,0,47,0
2020-05-02,Fresno,019,978130,1256,629,13,642,8
2020-05-02,Glenn,021,27897,7,5,0,5,0
2020-05-02,Humboldt,023,135768,59,54,0,54,0
2020-05-02,Imperial,025,180216,660,345,0,345,6
2020-05-02,Inyo,027,18085,19,20,0,20,1
2020-05-02,Kern,029,883053,1308,1007,1,1008,8
2020-05-02,Kings,031,150075,291,120,1,121,1
2020-05-02,Lake,033,64148,9,7,0,7,0
2020-05-02,Lassen,035,31185,1,0,2,2,0
2020-05-02,Los Angeles,037,10098052,32160,24955,18,24973,1192
2020-05-02,Madera,039,155013,103,46,1,47,2
2020-05-02,Marin,041,260295,248,243,1,244,13
2020-05-02,Mariposa,043,17540,15,13,0,13,0
2020-05-02,Mendocino,045,87422,13,10,0,10,0
2020-05-02,Merced,047,269075,210,131,0,131,3
2020-05-02,Modoc,049,8938,0,0,0,0,0
2020-05-02,Mono,051,14174,32,25,0,25,1
2020-05-02,Monterey,053,433212,287,225,1,226,5
2020-05-02,Napa,055,140530,86,71,0,71,2
2020-05-02,Nevada,057,99092,41,41,1,42,1
2020-05-02,Orange,059,3164182,4239,2774,27,2801,52
2020-05-02,Placer,061,380077,177,150,0,150,8
2020-05-02,Plumas,063,18699,4,4,0,4,0
2020-05-02,Riverside,065,2383286,5116,3997,16,4013,137
2020-05-02,Sacramento,067,1510023,1155,1097,0,1097,43
2020-05-02,San Benito,069,59416,54,49,0,49,2
2020-05-02,San Bernardino,071,2135413,2932,2124,2,2126,99
2020-05-02,San Diego,073,3302833,4868,3844,0,3844,138
2020-05-02,San Francisco,075,870044,1928,1632,0,1632,29
2020-05-02,San Joaquin,077,732212,611,559,3,562,25
2020-05-02,San Luis Obispo,079,281455,269,193,3,196,1
2020-05-02,San Mateo,081,765935,1505,1272,2,1274,52
2020-05-02,Santa Barbara,083,443738,695,506,4,510,7
2020-05-02,Santa Clara,085,1922200,2702,2203,7,2210,115
2020-05-02,Santa Cruz,087,273765,141,131,0,131,2
2020-05-02,Shasta,089,179085,40,31,0,31,4
2020-05-02,Sierra,091,2930,0,0,0,0,0
2020-05-02,Siskiyou,093,43540,5,5,0,5,0
2020-05-02,Solano,095,438530,355,267,0,267,4
2020-05-02,Sonoma,097,501317,300,250,0,250,3
2020-05-02,Stanislaus,099,539301,476,388,4,392,8
2020-05-02,Sutter,101,95872,31,28,0,28,2
2020-05-02,Tehama,103,63373,2,1,0,1,1
2020-05-02,Trinity,105,12862,1,0,0,0,0
2020-05-02,Tulare,107,460477,1236,711,6,717,35
2020-05-02,Tuolumne,109,53932,2,3,0,3,0
2020-05-02,Ventura,111,848112,760,564,1,565,19
2020-05-02,Yolo,113,214977,183,169,0,169,17
2020-05-02,Yuba,115,75493,19,16,0,16,1
2020-05-01,Alameda,001,1643700,2042,1630,3,1633,63
2020-05-01,Alpine,003,1148,1,1,0,1,0
2020-05-01,Amador,005,37829,7,8,0,8,0
2020-05-01,Butte,007,227075,28,17,1,18,0
2020-05-01,Calaveras,009,45235,10,13,0,13,0
2020-05-01,Colusa,011,21464,3,3,0,3,0
2020-05-01,Contra Costa,013,1133247,1033,915,0,915,28
2020-05-01,Del Norte,015,27424,5,3,0,3,0
2020-05-01,El Dorado,017,186661,63,47,0,47,0
2020-05-01,Fresno,019,978130,1225,617,13,630,7
2020-05-01,Glenn,021,27897,7,4,0,4,0
2020-05-01,Humboldt,023,135768,59,54,0,54,0
2020-05-01,Imperial,025,180216,623,337,0,337,6
2020-05-01,Inyo,027,18085,19,20,0,20,1
2020-05-01,Kern,029,883053,1281,972,1,973,8
2020-05-01,Kings,031,150075,274,112,1,113,1
2020-05-01,Lake,033,64148,9,6,0,6,0
2020-05-01,Lassen,035,31185,1,0,2,2,0
2020-05-01,Los Angeles,037,10098052,31404,24306,18,24324,1155
2020-05-01,Madera,039,155013,99,46,1,47,2
2020-05-01,Marin,041,260295,248,242,1,243,13
2020-05-01,Mariposa,043,17540,15,10,0,10,0
2020-05-01,Mendocino,045,87422,13,11,0,11,0
2020-05-01,Merced,047,269075,207,131,0,131,3
2020-05-01,Modoc,049,8938,0,0,0,0,0
2020-05-01,Mono,051,14174,32,25,0,25,1
2020-05-01,Monterey,053,433212,283,222,1,223,5
2020-05-01,Napa,055,140530,86,69,0,69,2
2020-05-01,Nevada,057,99092,41,41,1,42,1
2020-05-01,Orange,059,3164182,4162,2660,25,2685,51
2020-05-01,Placer,061,380077,176,149,0,149,8
2020-05-01,Plumas,063,18699,4,4,0,4,0
2020-05-01,Riverside,065,2383286,5052,3893,16,3909,132
2020-05-01,Sacramento,067,1510023,1150,1081,0,1081,43
2020-05-01,San Benito,069,59416,54,49,0,49,2
2020-05-01,San Bernardino,071,2135413,2877,2084,2,2086,98
2020-05-01,San Diego,073,3302833,4777,3713,0,3713,134
2020-05-01,San Francisco,075,870044,1884,1552,0,1552,29
2020-05-01,San Joaquin,077,732212,607,554,3,557,25
2020-05-01,San Luis Obispo,079,281455,266,186,3,189,1
2020-05-01,San Mateo,081,765935,1483,1222,2,1224,52
2020-05-01,Santa Barbara,083,443738,684,499,3,502,7
2020-05-01,Santa Clara,085,1922200,2690,2176,7,2183,112
2020-05-01,Santa Cruz,087,273765,141,127,0,127,2
2020-05-01,Shasta,089,179085,40,31,0,31,4
2020-05-01,Sierra,091,2930,0,0,0,0,0
2020-05-01,Siskiyou,093,43540,5,5,0,5,0
2020-05-01,Solano,095,438530,347,266,0,266,4
2020-05-01,Sonoma,097,501317,297,242,0,242,3
2020-05-01,Stanislaus,099,539301,471,384,4,388,8
2020-05-01,Sutter,101,95872,31,28,0,28,2
2020-05-01,Tehama,103,63373,2,1,0,1,1
2020-05-01,Trinity,105,12862,1,0,0,0,0
2020-05-01,Tulare,107,460477,1192,685,6,691,32
2020-05-01,Tuolumne,109,53932,2,3,0,3,0
2020-05-01,Ventura,111,848112,747,556,1,557,18
2020-05-01,Yolo,113,214977,183,165,0,165,18
2020-05-01,Yuba,115,75493,19,16,0,16,1
2020-04-30,Alameda,001,1643700,1982,1599,3,1602,60
2020-04-30,Alpine,003,1148,1,1,0,1,0
2020-04-30,Amador,005,37829,7,8,0,8,0
2020-04-30,Butte,007,227075,28,16,1,17,0
2020-04-30,Calaveras,009,45235,10,13,0,13,0
2020-04-30,Colusa,011,21464,3,3,0,3,0
2020-04-30,Contra Costa,013,1133247,1011,900,0,900,25
2020-04-30,Del Norte,015,27424,4,3,0,3,0
2020-04-30,El Dorado,017,186661,63,44,0,44,0
2020-04-30,Fresno,019,978130,1160,562,10,572,7
2020-04-30,Glenn,021,27897,7,4,0,4,0
2020-04-30,Humboldt,023,135768,59,54,0,54,0
2020-04-30,Imperial,025,180216,577,322,0,322,6
2020-04-30,Inyo,027,18085,19,20,0,20,1
2020-04-30,Kern,029,883053,1249,941,1,942,8
2020-04-30,Kings,031,150075,262,87,1,88,1
2020-04-30,Lake,033,64148,9,6,0,6,0
2020-04-30,Lassen,035,31185,1,0,2,2,0
2020-04-30,Los Angeles,037,10098052,30397,23284,18,23302,1099
2020-04-30,Madera,039,155013,88,46,1,47,2
2020-04-30,Marin,041,260295,248,240,1,241,13
2020-04-30,Mariposa,043,17540,15,3,0,3,0
2020-04-30,Mendocino,045,87422,13,11,0,11,0
2020-04-30,Merced,047,269075,200,122,0,122,3
2020-04-30,Modoc,049,8938,0,0,0,0,0
2020-04-30,Mono,051,14174,31,25,0,25,1
2020-04-30,Monterey,053,433212,273,213,1,214,5
2020-04-30,Napa,055,140530,84,69,0,69,2
2020-04-30,Nevada,057,99092,41,41,1,42,1
2020-04-30,Orange,059,3164182,3939,2591,22,2613,46
2020-04-30,Placer,061,380077,175,148,0,148,8
2020-04-30,Plumas,063,18699,4,4,0,4,0
2020-04-30,Riverside,065,2383286,4952,3820,15,3835,124
2020-04-30,Sacramento,067,1510023,1144,1071,0,1071,43
2020-04-30,San Benito,069,59416,54,48,0,48,2
2020-04-30,San Bernardino,071,2135413,2675,2020,2,2022,96
2020-04-30,San Diego,073,3302833,4606,3566,0,3566,124
2020-04-30,San Francisco,075,870044,1850,1518,0,1518,26
2020-04-30,San Joaquin,077,732212,599,548,3,551,25
2020-04-30,San Luis Obispo,079,281455,263,182,3,185,1
2020-04-30,San Mateo,081,765935,1453,1194,2,1196,52
2020-04-30,Santa Barbara,083,443738,666,490,3,493,7
2020-04-30,Santa Clara,085,1922200,2650,2172,7,2179,111
2020-04-30,Santa Cruz,087,273765,140,126,0,126,2
2020-04-30,Shasta,089,179085,39,31,0,31,4
2020-04-30,Sierra,091,2930,0,0,0,0,0
2020-04-30,Siskiyou,093,43540,5,5,0,5,0
2020-04-30,Solano,095,438530,337,262,0,262,4
2020-04-30,Sonoma,097,501317,288,233,0,233,3
2020-04-30,Stanislaus,099,539301,464,378,4,382,7
2020-04-30,Sutter,101,95872,31,28,0,28,2
2020-04-30,Tehama,103,63373,1,1,0,1,1
2020-04-30,Trinity,105,12862,1,0,0,0,0
2020-04-30,Tulare,107,460477,1127,637,6,643,31
2020-04-30,Tuolumne,109,53932,2,3,0,3,0
2020-04-30,Ventura,111,848112,719,547,1,548,18
2020-04-30,Yolo,113,214977,182,164,0,164,16
2020-04-30,Yuba,115,75493,19,15,0,15,1
2020-04-29,Alameda,001,1643700,1924,1564,2,1566,60
2020-04-29,Alpine,003,1148,1,1,0,1,0
2020-04-29,Amador,005,37829,7,8,0,8,0
2020-04-29,Butte,007,227075,28,16,1,17,0
2020-04-29,Calaveras,009,45235,10,13,0,13,0
2020-04-29,Colusa,011,21464,3,3,0,3,0
2020-04-29,Contra Costa,013,1133247,992,885,0,885,25
2020-04-29,Del Norte,015,27424,4,3,0,3,0
2020-04-29,El Dorado,017,186661,61,44,0,44,0
2020-04-29,Fresno,019,978130,1108,544,10,554,7
2020-04-29,Glenn,021,27897,7,4,0,4,0
2020-04-29,Humboldt,023,135768,59,53,0,53,0
2020-04-29,Imperial,025,180216,547,300,0,300,6
2020-04-29,Inyo,027,18085,19,20,0,20,1
2020-04-29,Kern,029,883053,1206,910,1,911,6
2020-04-29,Kings,031,150075,243,80,1,81,1
2020-04-29,Lake,033,64148,9,6,0,6,0
2020-04-29,Lassen,035,31185,1,0,2,2,0
2020-04-29,Los Angeles,037,10098052,29420,22560,18,22578,1043
2020-04-29,Madera,039,155013,86,45,1,46,2
2020-04-29,Marin,041,260295,245,234,1,235,13
2020-04-29,Mariposa,043,17540,15,1,0,1,0
2020-04-29,Mendocino,045,87422,13,11,0,11,0
2020-04-29,Merced,047,269075,193,116,0,116,3
2020-04-29,Modoc,049,8938,0,0,0,0,0
2020-04-29,Mono,051,14174,31,25,0,25,1
2020-04-29,Monterey,053,433212,265,204,1,205,5
2020-04-29,Napa,055,140530,82,68,0,68,2
2020-04-29,Nevada,057,99092,41,41,1,42,1
2020-04-29,Orange,059,3164182,3803,2421,21,2442,43
2020-04-29,Placer,061,380077,173,145,0,145,8
2020-04-29,Plumas,063,18699,4,4,0,4,0
2020-04-29,Riverside,065,2383286,4876,3700,15,3715,116
2020-04-29,Sacramento,067,1510023,1122,1055,0,1055,41
2020-04-29,San Benito,069,59416,54,48,0,48,2
2020-04-29,San Bernardino,071,2135413,2588,1975,1,1976,91
2020-04-29,San Diego,073,3302833,4464,3434,0,3434,120
2020-04-29,San Francisco,075,870044,1821,1489,0,1489,23
2020-04-29,San Joaquin,077,732212,591,540,3,543,25
2020-04-29,San Luis Obispo,079,281455,261,181,3,184,1
2020-04-29,San Mateo,081,765935,1427,1170,2,1172,50
2020-04-29,Santa Barbara,083,443738,650,477,3,480,7
2020-04-29,Santa Clara,085,1922200,2624,2147,7,2154,108
2020-04-29,Santa Cruz,087,273765,139,124,0,124,2
2020-04-29,Shasta,089,179085,38,31,0,31,4
2020-04-29,Sierra,091,2930,0,0,0,0,0
2020-04-29,Siskiyou,093,43540,5,5,0,5,0
2020-04-29,Solano,095,438530,313,252,0,252,3
2020-04-29,Sonoma,097,501317,280,230,0,230,2
2020-04-29,Stanislaus,099,539301,451,374,4,378,5
2020-04-29,Sutter,101,95872,31,28,0,28,2
2020-04-29,Tehama,103,63373,1,1,0,1,1
2020-04-29,Trinity,105,12862,1,0,0,0,0
2020-04-29,Tulare,107,460477,1054,615,5,620,30
2020-04-29,Tuolumne,109,53932,2,4,0,4,0
2020-04-29,Ventura,111,848112,695,530,1,531,18
2020-04-29,Yolo,113,214977,179,161,0,161,11
2020-04-29,Yuba,115,75493,19,15,0,15,1
2020-04-28,Alameda,001,1643700,1867,1525,2,1527,55
2020-04-28,Alpine,003,1148,1,1,0,1,0
2020-04-28,Amador,005,37829,7,8,0,8,0
2020-04-28,Butte,007,227075,28,16,1,17,0
2020-04-28,Calaveras,009,45235,10,13,0,13,0
2020-04-28,Colusa,011,21464,3,3,0,3,0
2020-04-28,Contra Costa,013,1133247,985,866,0,866,25
2020-04-28,Del Norte,015,27424,4,3,0,3,0
2020-04-28,El Dorado,017,186661,60,43,0,43,0
2020-04-28,Fresno,019,978130,1057,525,8,533,7
2020-04-28,Glenn,021,27897,5,4,0,4,0
2020-04-28,Humboldt,023,135768,58,53,0,53,0
2020-04-28,Imperial,025,180216,513,295,0,295,6
2020-04-28,Inyo,027,18085,19,20,0,20,1
2020-04-28,Kern,029,883053,1163,882,1,883,5
2020-04-28,Kings,031,150075,230,57,1,58,1
2020-04-28,Lake,033,64148,9,6,0,6,0
2020-04-28,Lassen,035,31185,1,0,2,2,0
2020-04-28,Los Angeles,037,10098052,28354,21029,18,21047,984
2020-04-28,Madera,039,155013,86,44,1,45,2
2020-04-28,Marin,041,260295,244,228,1,229,12
2020-04-28,Mariposa,043,17540,15,0,0,0,0
2020-04-28,Mendocino,045,87422,13,10,0,10,0
2020-04-28,Merced,047,269075,186,108,0,108,3
2020-04-28,Modoc,049,8938,0,0,0,0,0
2020-04-28,Mono,051,14174,31,25,0,25,1
2020-04-28,Monterey,053,433212,259,191,1,192,5
2020-04-28,Napa,055,140530,81,67,0,67,2
2020-04-28,Nevada,057,99092,41,41,1,42,1
2020-04-28,Orange,059,3164182,3638,2324,20,2344,42
2020-04-28,Placer,061,380077,163,143,0,143,8
2020-04-28,Plumas,063,18699,4,4,0,4,0
2020-04-28,Riverside,065,2383286,4781,3504,15,3519,113
2020-04-28,Sacramento,067,1510023,1107,1044,0,1044,41
2020-04-28,San Benito,069,59416,52,46,0,46,2
2020-04-28,San Bernardino,071,2135413,2511,1891,1,1892,89
2020-04-28,San Diego,073,3302833,4334,3316,0,3316,118
2020-04-28,San Francisco,075,870044,1786,1471,0,1471,23
2020-04-28,San Joaquin,077,732212,585,532,3,535,25
2020-04-28,San Luis Obispo,079,281455,254,172,3,175,1
2020-04-28,San Mateo,081,765935,1414,1129,2,1131,48
2020-04-28,Santa Barbara,083,443738,643,469,2,471,7
2020-04-28,Santa Clara,085,1922200,2590,2130,7,2137,106
2020-04-28,Santa Cruz,087,273765,139,123,0,123,2
2020-04-28,Shasta,089,179085,38,29,0,29,4
2020-04-28,Sierra,091,2930,0,0,0,0,0
2020-04-28,Siskiyou,093,43540,5,5,0,5,0
2020-04-28,Solano,095,438530,294,246,0,246,3
2020-04-28,Sonoma,097,501317,277,226,0,226,1
2020-04-28,Stanislaus,099,539301,435,330,4,334,5
2020-04-28,Sutter,101,95872,31,25,0,25,2
2020-04-28,Tehama,103,63373,1,1,0,1,1
2020-04-28,Trinity,105,12862,1,0,0,0,0
2020-04-28,Tulare,107,460477,958,579,5,584,30
2020-04-28,Tuolumne,109,53932,2,4,0,4,0
2020-04-28,Ventura,111,848112,675,517,1,518,17
2020-04-28,Yolo,113,214977,179,160,0,160,10
2020-04-28,Yuba,115,75493,19,15,0,15,1
2020-04-27,Alameda,001,1643700,1807,1494,2,1496,53
2020-04-27,Alpine,003,1148,1,1,0,1,0
2020-04-27,Amador,005,37829,7,8,0,8,0
2020-04-27,Butte,007,227075,27,16,1,17,0
2020-04-27,Calaveras,009,45235,10,13,0,13,0
2020-04-27,Colusa,011,21464,3,3,0,3,0
2020-04-27,Contra Costa,013,1133247,973,843,0,843,25
2020-04-27,Del Norte,015,27424,4,3,0,3,0
2020-04-27,El Dorado,017,186661,59,43,0,43,0
2020-04-27,Fresno,019,978130,952,504,7,511,7
2020-04-27,Glenn,021,27897,5,4,0,4,0
2020-04-27,Humboldt,023,135768,58,52,0,52,0
2020-04-27,Imperial,025,180216,483,290,0,290,6
2020-04-27,Inyo,027,18085,19,20,0,20,1
2020-04-27,Kern,029,883053,1124,865,1,866,4
2020-04-27,Kings,031,150075,207,48,1,49,1
2020-04-27,Lake,033,64148,8,6,0,6,0
2020-04-27,Lassen,035,31185,1,0,2,2,0
2020-04-27,Los Angeles,037,10098052,27336,20456,18,20474,931
2020-04-27,Madera,039,155013,84,42,1,43,2
2020-04-27,Marin,041,260295,239,227,1,228,12
2020-04-27,Mariposa,043,17540,14,0,0,0,0
2020-04-27,Mendocino,045,87422,13,10,0,10,0
2020-04-27,Merced,047,269075,183,108,0,108,3
2020-04-27,Modoc,049,8938,0,0,0,0,0
2020-04-27,Mono,051,14174,31,23,0,23,1
2020-04-27,Monterey,053,433212,252,185,1,186,4
2020-04-27,Napa,055,140530,77,64,0,64,2
2020-04-27,Nevada,057,99092,41,39,1,40,1
2020-04-27,Orange,059,3164182,3468,2198,20,2218,42
2020-04-27,Placer,061,380077,163,142,0,142,8
2020-04-27,Plumas,063,18699,4,4,0,4,0
2020-04-27,Riverside,065,2383286,4658,3381,15,3396,100
2020-04-27,Sacramento,067,1510023,1092,1035,0,1035,41
2020-04-27,San Benito,069,59416,50,45,0,45,2
2020-04-27,San Bernardino,071,2135413,2397,1742,1,1743,82
2020-04-27,San Diego,073,3302833,4208,3143,0,3143,113
2020-04-27,San Francisco,075,870044,1732,1453,0,1453,23
2020-04-27,San Joaquin,077,732212,579,522,3,525,25
2020-04-27,San Luis Obispo,079,281455,246,166,3,169,1
2020-04-27,San Mateo,081,765935,1392,1092,2,1094,46
2020-04-27,Santa Barbara,083,443738,629,466,2,468,7
2020-04-27,Santa Clara,085,1922200,2565,2104,6,2110,105
2020-04-27,Santa Cruz,087,273765,139,123,0,123,2
2020-04-27,Shasta,089,179085,38,29,0,29,4
2020-04-27,Sierra,091,2930,0,0,0,0,0
2020-04-27,Siskiyou,093,43540,5,5,0,5,0
2020-04-27,Solano,095,438530,294,222,0,222,3
2020-04-27,Sonoma,097,501317,268,220,0,220,1
2020-04-27,Stanislaus,099,539301,419,316,4,320,5
2020-04-27,Sutter,101,95872,29,26,0,26,2
2020-04-27,Tehama,103,63373,1,1,0,1,1
2020-04-27,Trinity,105,12862,1,0,0,0,0
2020-04-27,Tulare,107,460477,887,535,5,540,28
2020-04-27,Tuolumne,109,53932,2,3,0,3,0
2020-04-27,Ventura,111,848112,656,513,1,514,17
2020-04-27,Yolo,113,214977,176,160,0,160,9
2020-04-27,Yuba,115,75493,19,15,0,15,1
2020-04-26,Alameda,001,1643700,1746,1449,2,1451,52
2020-04-26,Alpine,003,1148,1,1,0,1,0
2020-04-26,Amador,005,37829,7,8,0,8,0
2020-04-26,Butte,007,227075,27,16,1,17,0
2020-04-26,Calaveras,009,45235,10,13,0,13,0
2020-04-26,Colusa,011,21464,3,3,0,3,0
2020-04-26,Contra Costa,013,1133247,957,830,0,830,25
2020-04-26,Del Norte,015,27424,3,3,0,3,0
2020-04-26,El Dorado,017,186661,57,41,0,41,0
2020-04-26,Fresno,019,978130,859,476,7,483,7
2020-04-26,Glenn,021,27897,5,4,0,4,0
2020-04-26,Humboldt,023,135768,58,53,0,53,0
2020-04-26,Imperial,025,180216,449,272,0,272,6
2020-04-26,Inyo,027,18085,19,20,0,20,1
2020-04-26,Kern,029,883053,1074,831,1,832,4
2020-04-26,Kings,031,150075,182,33,1,34,1
2020-04-26,Lake,033,64148,8,6,0,6,0
2020-04-26,Lassen,035,31185,1,0,2,2,0
2020-04-26,Los Angeles,037,10098052,26186,19570,18,19588,901
2020-04-26,Madera,039,155013,82,39,1,40,2
2020-04-26,Marin,041,260295,233,225,1,226,12
2020-04-26,Mariposa,043,17540,14,0,0,0,0
2020-04-26,Mendocino,045,87422,13,5,0,5,0
2020-04-26,Merced,047,269075,166,104,0,104,3
2020-04-26,Modoc,049,8938,0,0,0,0,0
2020-04-26,Mono,051,14174,31,23,0,23,1
2020-04-26,Monterey,053,433212,245,182,1,183,4
2020-04-26,Napa,055,140530,76,62,0,62,2
2020-04-26,Nevada,057,99092,41,37,1,38,1
2020-04-26,Orange,059,3164182,3303,2124,20,2144,40
2020-04-26,Placer,061,380077,162,141,0,141,8
2020-04-26,Plumas,063,18699,4,4,0,4,0
2020-04-26,Riverside,065,2383286,4515,3301,15,3316,95
2020-04-26,Sacramento,067,1510023,1083,1027,0,1027,41
2020-04-26,San Benito,069,59416,50,45,0,45,2
2020-04-26,San Bernardino,071,2135413,2300,1681,1,1682,82
2020-04-26,San Diego,073,3302833,4066,3045,0,3045,111
2020-04-26,San Francisco,075,870044,1693,1403,0,1403,23
2020-04-26,San Joaquin,077,732212,571,514,3,517,25
2020-04-26,San Luis Obispo,079,281455,243,165,3,168,1
2020-04-26,San Mateo,081,765935,1366,1070,2,1072,46
2020-04-26,Santa Barbara,083,443738,618,464,2,466,7
2020-04-26,Santa Clara,085,1922200,2542,2097,5,2102,102
2020-04-26,Santa Cruz,087,273765,139,116,0,116,2
2020-04-26,Shasta,089,179085,35,29,0,29,4
2020-04-26,Sierra,091,2930,0,0,0,0,0
2020-04-26,Siskiyou,093,43540,5,5,0,5,0
2020-04-26,Solano,095,438530,285,205,0,205,3
2020-04-26,Sonoma,097,501317,257,216,0,216,1
2020-04-26,Stanislaus,099,539301,404,294,4,298,4
2020-04-26,Sutter,101,95872,29,26,0,26,2
2020-04-26,Tehama,103,63373,1,1,0,1,1
2020-04-26,Trinity,105,12862,1,0,0,0,0
2020-04-26,Tulare,107,460477,828,497,5,502,28
2020-04-26,Tuolumne,109,53932,2,3,0,3,0
2020-04-26,Ventura,111,848112,638,509,1,510,17
2020-04-26,Yolo,113,214977,175,158,0,158,8
2020-04-26,Yuba,115,75493,18,15,0,15,1
2020-04-25,Alameda,001,1643700,1721,1396,2,1398,52
2020-04-25,Alpine,003,1148,1,1,0,1,0
2020-04-25,Amador,005,37829,7,8,0,8,0
2020-04-25,Butte,007,227075,26,16,1,17,0
2020-04-25,Calaveras,009,45235,10,12,0,12,0
2020-04-25,Colusa,011,21464,3,3,0,3,0
2020-04-25,Contra Costa,013,1133247,943,821,0,821,24
2020-04-25,Del Norte,015,27424,2,2,0,2,0
2020-04-25,El Dorado,017,186661,56,41,0,41,0
2020-04-25,Fresno,019,978130,828,459,6,465,7
2020-04-25,Glenn,021,27897,5,4,0,4,0
2020-04-25,Humboldt,023,135768,58,53,0,53,0
2020-04-25,Imperial,025,180216,432,232,0,232,6
2020-04-25,Inyo,027,18085,19,20,0,20,1
2020-04-25,Kern,029,883053,1043,802,1,803,4
2020-04-25,Kings,031,150075,170,33,1,34,1
2020-04-25,Lake,033,64148,6,6,0,6,0
2020-04-25,Lassen,035,31185,1,0,2,2,0
2020-04-25,Los Angeles,037,10098052,25552,19144,18,19162,881
2020-04-25,Madera,039,155013,79,39,1,40,2
2020-04-25,Marin,041,260295,233,215,1,216,12
2020-04-25,Mariposa,043,17540,14,0,0,0,0
2020-04-25,Mendocino,045,87422,12,5,0,5,0
2020-04-25,Merced,047,269075,166,103,0,103,3
2020-04-25,Modoc,049,8938,0,0,0,0,0
2020-04-25,Mono,051,14174,31,23,0,23,1
2020-04-25,Monterey,053,433212,243,173,1,174,4
2020-04-25,Napa,055,140530,76,60,0,60,2
2020-04-25,Nevada,057,99092,41,37,1,38,1
2020-04-25,Orange,059,3164182,3194,2047,20,2067,40
2020-04-25,Placer,061,380077,162,137,0,137,8
2020-04-25,Plumas,063,18699,4,4,0,4,0
2020-04-25,Riverside,065,2383286,4425,3037,15,3052,93
2020-04-25,Sacramento,067,1510023,1081,1015,0,1015,41
2020-04-25,San Benito,069,59416,50,45,0,45,2
2020-04-25,San Bernardino,071,2135413,2255,1675,1,1676,82
2020-04-25,San Diego,073,3302833,3966,2945,0,2945,111
2020-04-25,San Francisco,075,870044,1668,1341,0,1341,22
2020-04-25,San Joaquin,077,732212,564,497,3,500,24
2020-04-25,San Luis Obispo,079,281455,242,159,3,162,1
2020-04-25,San Mateo,081,765935,1348,1054,2,1056,46
2020-04-25,Santa Barbara,083,443738,610,457,2,459,7
2020-04-25,Santa Clara,085,1922200,2520,2045,4,2049,99
2020-04-25,Santa Cruz,087,273765,139,112,0,112,2
2020-04-25,Shasta,089,179085,35,29,0,29,4
2020-04-25,Sierra,091,2930,0,0,0,0,0
2020-04-25,Siskiyou,093,43540,5,5,0,5,0
2020-04-25,Solano,095,438530,281,203,0,203,3
2020-04-25,Sonoma,097,501317,253,199,0,199,1
2020-04-25,Stanislaus,099,539301,396,276,4,280,4
2020-04-25,Sutter,101,95872,29,24,0,24,2
2020-04-25,Tehama,103,63373,1,1,0,1,1
2020-04-25,Trinity,105,12862,0,0,0,0,0
2020-04-25,Tulare,107,460477,795,478,5,483,28
2020-04-25,Tuolumne,109,53932,2,2,0,2,0
2020-04-25,Ventura,111,848112,624,494,1,495,16
2020-04-25,Yolo,113,214977,175,157,0,157,8
2020-04-25,Yuba,115,75493,17,15,0,15,1
2020-04-24,Alameda,001,1643700,1690,1385,2,1387,50
2020-04-24,Alpine,003,1148,1,1,0,1,0
2020-04-24,Amador,005,37829,7,8,0,8,0
2020-04-24,Butte,007,227075,25,15,1,16,0
2020-04-24,Calaveras,009,45235,10,12,0,12,0
2020-04-24,Colusa,011,21464,3,3,0,3,0
2020-04-24,Contra Costa,013,1133247,934,806,0,806,23
2020-04-24,Del Norte,015,27424,2,2,0,2,0
2020-04-24,El Dorado,017,186661,55,41,0,41,0
2020-04-24,Fresno,019,978130,805,449,6,455,7
2020-04-24,Glenn,021,27897,5,4,0,4,0
2020-04-24,Humboldt,023,135768,58,53,0,53,0
2020-04-24,Imperial,025,180216,416,232,0,232,6
2020-04-24,Inyo,027,18085,19,20,0,20,0
2020-04-24,Kern,029,883053,1019,770,1,771,4
2020-04-24,Kings,031,150075,141,30,1,31,1
2020-04-24,Lake,033,64148,6,6,0,6,0
2020-04-24,Lassen,035,31185,1,0,2,2,0
2020-04-24,Los Angeles,037,10098052,24620,18553,18,18571,836
2020-04-24,Madera,039,155013,79,39,1,40,2
2020-04-24,Marin,041,260295,233,211,1,212,11
2020-04-24,Mariposa,043,17540,8,0,0,0,0
2020-04-24,Mendocino,045,87422,12,5,0,5,0
2020-04-24,Merced,047,269075,163,102,0,102,3
2020-04-24,Modoc,049,8938,0,0,0,0,0
2020-04-24,Mono,051,14174,30,23,0,23,1
2020-04-24,Monterey,053,433212,236,167,1,168,4
2020-04-24,Napa,055,140530,75,59,0,59,2
2020-04-24,Nevada,057,99092,41,36,1,37,1
2020-04-24,Orange,059,3164182,3087,1945,20,1965,39
2020-04-24,Placer,061,380077,160,137,0,137,8
2020-04-24,Plumas,063,18699,4,4,0,4,0
2020-04-24,Riverside,065,2383286,4344,3044,15,3059,87
2020-04-24,Sacramento,067,1510023,1075,1009,0,1009,41
2020-04-24,San Benito,069,59416,50,45,0,45,2
2020-04-24,San Bernardino,071,2135413,2220,1667,1,1668,80
2020-04-24,San Diego,073,3302833,3855,2828,0,2828,102
2020-04-24,San Francisco,075,870044,1610,1345,0,1345,22
2020-04-24,San Joaquin,077,732212,557,484,3,487,24
2020-04-24,San Luis Obispo,079,281455,239,151,3,154,1
2020-04-24,San Mateo,081,765935,1325,1004,2,1006,43
2020-04-24,Santa Barbara,083,443738,603,450,2,452,6
2020-04-24,Santa Clara,085,1922200,2477,2026,4,2030,98
2020-04-24,Santa Cruz,087,273765,135,111,0,111,2
2020-04-24,Shasta,089,179085,35,28,0,28,4
2020-04-24,Sierra,091,2930,0,0,0,0,0
2020-04-24,Siskiyou,093,43540,5,5,0,5,0
2020-04-24,Solano,095,438530,279,203,0,203,3
2020-04-24,Sonoma,097,501317,249,199,0,199,1
2020-04-24,Stanislaus,099,539301,393,273,4,277,4
2020-04-24,Sutter,101,95872,28,24,0,24,2
2020-04-24,Tehama,103,63373,1,1,0,1,1
2020-04-24,Trinity,105,12862,0,0,0,0,0
2020-04-24,Tulare,107,460477,767,459,5,464,27
2020-04-24,Tuolumne,109,53932,2,2,0,2,0
2020-04-24,Ventura,111,848112,614,489,1,490,16
2020-04-24,Yolo,113,214977,174,155,0,155,8
2020-04-24,Yuba,115,75493,16,15,0,15,1
2020-04-23,Alameda,001,1643700,1652,1336,2,1338,46
2020-04-23,Alpine,003,1148,1,1,0,1,0
2020-04-23,Amador,005,37829,7,8,0,8,0
2020-04-23,Butte,007,227075,25,15,1,16,0
2020-04-23,Calaveras,009,45235,10,12,0,12,0
2020-04-23,Colusa,011,21464,3,3,0,3,0
2020-04-23,Contra Costa,013,1133247,913,786,0,786,23
2020-04-23,Del Norte,015,27424,2,2,0,2,0
2020-04-23,El Dorado,017,186661,54,39,0,39,0
2020-04-23,Fresno,019,978130,767,426,6,432,7
2020-04-23,Glenn,021,27897,5,3,0,3,0
2020-04-23,Humboldt,023,135768,58,53,0,53,0
2020-04-23,Imperial,025,180216,395,181,0,181,4
2020-04-23,Inyo,027,18085,19,19,0,19,0
2020-04-23,Kern,029,883053,971,732,1,733,4
2020-04-23,Kings,031,150075,126,28,1,29,1
2020-04-23,Lake,033,64148,6,6,0,6,0
2020-04-23,Lassen,035,31185,1,0,2,2,0
2020-04-23,Los Angeles,037,10098052,23560,17548,17,17565,784
2020-04-23,Madera,039,155013,77,37,1,38,2
2020-04-23,Marin,041,260295,220,209,1,210,11
2020-04-23,Mariposa,043,17540,7,0,0,0,0
2020-04-23,Mendocino,045,87422,10,5,0,5,0
2020-04-23,Merced,047,269075,159,98,0,98,3
2020-04-23,Modoc,049,8938,0,0,0,0,0
2020-04-23,Mono,051,14174,30,23,0,23,1
2020-04-23,Monterey,053,433212,232,161,1,162,4
2020-04-23,Napa,055,140530,68,59,0,59,2
2020-04-23,Nevada,057,99092,41,36,1,37,1
2020-04-23,Orange,059,3164182,2909,1841,19,1860,37
2020-04-23,Placer,061,380077,157,136,0,136,8
2020-04-23,Plumas,063,18699,4,4,0,4,0
2020-04-23,Riverside,065,2383286,4230,2935,14,2949,78
2020-04-23,Sacramento,067,1510023,1063,978,0,978,41
2020-04-23,San Benito,069,59416,47,43,0,43,2
2020-04-23,San Bernardino,071,2135413,2155,1604,1,1605,79
2020-04-23,San Diego,073,3302833,3694,2645,0,2645,100
2020-04-23,San Francisco,075,870044,1585,1312,0,1312,21
2020-04-23,San Joaquin,077,732212,547,479,3,482,20
2020-04-23,San Luis Obispo,079,281455,235,146,3,149,1
2020-04-23,San Mateo,081,765935,1286,970,2,972,42
2020-04-23,Santa Barbara,083,443738,593,445,2,447,6
2020-04-23,Santa Clara,085,1922200,2442,1996,4,2000,95
2020-04-23,Santa Cruz,087,273765,134,110,0,110,2
2020-04-23,Shasta,089,179085,35,27,0,27,3
2020-04-23,Sierra,091,2930,0,0,0,0,0
2020-04-23,Siskiyou,093,43540,5,5,0,5,0
2020-04-23,Solano,095,438530,265,196,0,196,3
2020-04-23,Sonoma,097,501317,237,187,0,187,1
2020-04-23,Stanislaus,099,539301,389,254,4,258,4
2020-04-23,Sutter,101,95872,28,24,0,24,2
2020-04-23,Tehama,103,63373,1,1,0,1,1
2020-04-23,Trinity,105,12862,0,0,0,0,0
2020-04-23,Tulare,107,460477,738,440,5,445,25
2020-04-23,Tuolumne,109,53932,2,2,0,2,0
2020-04-23,Ventura,111,848112,600,479,1,480,16
2020-04-23,Yolo,113,214977,171,151,0,151,8
2020-04-23,Yuba,115,75493,16,15,0,15,1
2020-04-22,Alameda,001,1643700,1603,1275,2,1277,46
2020-04-22,Alpine,003,1148,1,1,0,1,0
2020-04-22,Amador,005,37829,7,7,0,7,0
2020-04-22,Butte,007,227075,24,15,1,16,0
2020-04-22,Calaveras,009,45235,10,12,0,12,0
2020-04-22,Colusa,011,21464,3,3,0,3,0
2020-04-22,Contra Costa,013,1133247,898,772,0,772,22
2020-04-22,Del Norte,015,27424,2,2,0,2,0
2020-04-22,El Dorado,017,186661,54,39,0,39,0
2020-04-22,Fresno,019,978130,727,388,6,394,7
2020-04-22,Glenn,021,27897,5,3,0,3,0
2020-04-22,Humboldt,023,135768,58,53,0,53,0
2020-04-22,Imperial,025,180216,384,170,0,170,3
2020-04-22,Inyo,027,18085,19,18,0,18,0
2020-04-22,Kern,029,883053,949,713,1,714,4
2020-04-22,Kings,031,150075,105,28,1,29,1
2020-04-22,Lake,033,64148,6,6,0,6,0
2020-04-22,Lassen,035,31185,1,0,2,2,0
2020-04-22,Los Angeles,037,10098052,22534,16400,17,16417,715
2020-04-22,Madera,039,155013,75,37,1,38,2
2020-04-22,Marin,041,260295,218,202,1,203,11
2020-04-22,Mariposa,043,17540,6,0,0,0,0
2020-04-22,Mendocino,045,87422,7,5,0,5,0
2020-04-22,Merced,047,269075,147,92,0,92,3
2020-04-22,Modoc,049,8938,0,0,0,0,0
2020-04-22,Mono,051,14174,29,23,0,23,1
2020-04-22,Monterey,053,433212,225,154,1,155,4
2020-04-22,Napa,055,140530,67,58,0,58,2
2020-04-22,Nevada,057,99092,41,36,1,37,1
2020-04-22,Orange,059,3164182,2815,1785,18,1803,36
2020-04-22,Placer,061,380077,155,133,0,133,8
2020-04-22,Plumas,063,18699,4,4,0,4,0
2020-04-22,Riverside,065,2383286,4126,2822,14,2836,76
2020-04-22,Sacramento,067,1510023,1058,959,0,959,36
2020-04-22,San Benito,069,59416,46,43,0,43,2
2020-04-22,San Bernardino,071,2135413,2092,1564,1,1565,74
2020-04-22,San Diego,073,3302833,3566,2493,0,2493,96
2020-04-22,San Francisco,075,870044,1548,1255,0,1255,21
2020-04-22,San Joaquin,077,732212,536,462,3,465,20
2020-04-22,San Luis Obispo,079,281455,226,142,3,145,1
2020-04-22,San Mateo,081,765935,1263,945,2,947,40
2020-04-22,Santa Barbara,083,443738,585,437,2,439,6
2020-04-22,Santa Clara,085,1922200,2426,1969,4,1973,95
2020-04-22,Santa Cruz,087,273765,130,106,0,106,2
2020-04-22,Shasta,089,179085,34,26,0,26,3
2020-04-22,Sierra,091,2930,0,0,0,0,0
2020-04-22,Siskiyou,093,43540,5,5,0,5,0
2020-04-22,Solano,095,438530,246,195,0,195,3
2020-04-22,Sonoma,097,501317,234,185,0,185,1
2020-04-22,Stanislaus,099,539301,332,247,4,251,4
2020-04-22,Sutter,101,95872,28,22,0,22,2
2020-04-22,Tehama,103,63373,1,1,0,1,1
2020-04-22,Trinity,105,12862,0,0,0,0,0
2020-04-22,Tulare,107,460477,704,425,5,430,23
2020-04-22,Tuolumne,109,53932,2,2,0,2,0
2020-04-22,Ventura,111,848112,590,465,1,466,15
2020-04-22,Yolo,113,214977,171,147,0,147,8
2020-04-22,Yuba,115,75493,16,15,0,15,1
2020-04-21,Alameda,001,1643700,1573,1234,2,1236,46
2020-04-21,Alpine,003,1148,1,1,0,1,0
2020-04-21,Amador,005,37829,7,7,0,7,0
2020-04-21,Butte,007,227075,23,15,1,16,0
2020-04-21,Calaveras,009,45235,9,12,0,12,0
2020-04-21,Colusa,011,21464,3,3,0,3,0
2020-04-21,Contra Costa,013,1133247,884,766,0,766,22
2020-04-21,Del Norte,015,27424,2,2,0,2,0
2020-04-21,El Dorado,017,186661,53,36,0,36,0
2020-04-21,Fresno,019,978130,693,372,6,378,7
2020-04-21,Glenn,021,27897,5,3,0,3,0
2020-04-21,Humboldt,023,135768,57,53,0,53,0
2020-04-21,Imperial,025,180216,364,165,0,165,2
2020-04-21,Inyo,027,18085,19,18,0,18,0
2020-04-21,Kern,029,883053,907,676,1,677,4
2020-04-21,Kings,031,150075,91,28,1,29,1
2020-04-21,Lake,033,64148,6,6,0,6,0
2020-04-21,Lassen,035,31185,1,0,2,2,0
2020-04-21,Los Angeles,037,10098052,21674,15096,17,15113,650
2020-04-21,Madera,039,155013,75,37,1,38,2
2020-04-21,Marin,041,260295,212,202,1,203,10
2020-04-21,Mariposa,043,17540,5,0,0,0,0
2020-04-21,Mendocino,045,87422,7,5,0,5,0
2020-04-21,Merced,047,269075,143,89,0,89,3
2020-04-21,Modoc,049,8938,0,0,0,0,0
2020-04-21,Mono,051,14174,29,23,0,23,1
2020-04-21,Monterey,053,433212,222,151,1,152,4
2020-04-21,Napa,055,140530,66,58,0,58,2
2020-04-21,Nevada,057,99092,41,36,1,37,1
2020-04-21,Orange,059,3164182,2692,1717,17,1734,36
2020-04-21,Placer,061,380077,153,133,0,133,8
2020-04-21,Plumas,063,18699,4,4,0,4,0
2020-04-21,Riverside,065,2383286,3995,2631,14,2645,68
2020-04-21,Sacramento,067,1510023,1048,941,0,941,33
2020-04-21,San Benito,069,59416,45,43,0,43,2
2020-04-21,San Bernardino,071,2135413,2031,1499,1,1500,71
2020-04-21,San Diego,073,3302833,3410,2436,0,2436,87
2020-04-21,San Francisco,075,870044,1518,1232,0,1232,20
2020-04-21,San Joaquin,077,732212,526,447,3,450,20
2020-04-21,San Luis Obispo,079,281455,218,134,3,137,1
2020-04-21,San Mateo,081,765935,1217,933,2,935,34
2020-04-21,Santa Barbara,083,443738,573,414,2,416,5
2020-04-21,Santa Clara,085,1922200,2376,1943,4,1947,91
2020-04-21,Santa Cruz,087,273765,128,104,0,104,2
2020-04-21,Shasta,089,179085,33,26,0,26,3
2020-04-21,Sierra,091,2930,0,0,0,0,0
2020-04-21,Siskiyou,093,43540,5,5,0,5,0
2020-04-21,Solano,095,438530,238,193,0,193,3
2020-04-21,Sonoma,097,501317,224,182,0,182,1
2020-04-21,Stanislaus,099,539301,313,235,4,239,4
2020-04-21,Sutter,101,95872,28,22,0,22,2
2020-04-21,Tehama,103,63373,1,1,0,1,1
2020-04-21,Trinity,105,12862,0,0,0,0,0
2020-04-21,Tulare,107,460477,667,410,5,415,23
2020-04-21,Tuolumne,109,53932,2,2,0,2,0
2020-04-21,Ventura,111,848112,578,455,1,456,14
2020-04-21,Yolo,113,214977,169,143,0,143,8
2020-04-21,Yuba,115,75493,16,15,0,15,1
2020-04-20,Alameda,001,1643700,1540,1181,2,1183,42
2020-04-20,Alpine,003,1148,1,1,0,1,0
2020-04-20,Amador,005,37829,7,7,0,7,0
2020-04-20,Butte,007,227075,23,15,1,16,0
2020-04-20,Calaveras,009,45235,9,12,0,12,0
2020-04-20,Colusa,011,21464,3,3,0,3,0
2020-04-20,Contra Costa,013,1133247,874,753,0,753,22
2020-04-20,Del Norte,015,27424,2,2,0,2,0
2020-04-20,El Dorado,017,186661,53,36,0,36,0
2020-04-20,Fresno,019,978130,675,356,6,362,7
2020-04-20,Glenn,021,27897,4,3,0,3,0
2020-04-20,Humboldt,023,135768,57,53,0,53,0
2020-04-20,Imperial,025,180216,345,149,0,149,2
2020-04-20,Inyo,027,18085,19,17,0,17,0
2020-04-20,Kern,029,883053,875,651,1,652,3
2020-04-20,Kings,031,150075,80,19,1,20,1
2020-04-20,Lake,033,64148,6,6,0,6,0
2020-04-20,Lassen,035,31185,1,0,2,2,0
2020-04-20,Los Angeles,037,10098052,20759,13787,17,13804,608
2020-04-20,Madera,039,155013,74,35,1,36,2
2020-04-20,Marin,041,260295,208,200,1,201,10
2020-04-20,Mariposa,043,17540,5,0,0,0,0
2020-04-20,Mendocino,045,87422,7,5,0,5,0
2020-04-20,Merced,047,269075,136,88,0,88,3
2020-04-20,Modoc,049,8938,0,0,0,0,0
2020-04-20,Mono,051,14174,29,23,0,23,1
2020-04-20,Monterey,053,433212,213,147,1,148,4
2020-04-20,Napa,055,140530,66,55,0,55,2
2020-04-20,Nevada,057,99092,41,34,1,35,1
2020-04-20,Orange,059,3164182,2608,1679,17,1696,33
2020-04-20,Placer,061,380077,152,132,0,132,8
2020-04-20,Plumas,063,18699,4,4,0,4,0
2020-04-20,Riverside,065,2383286,3870,2477,14,2491,61
2020-04-20,Sacramento,067,1510023,1038,924,0,924,32
2020-04-20,San Benito,069,59416,45,43,0,43,2
2020-04-20,San Bernardino,071,2135413,1944,1344,1,1345,63
2020-04-20,San Diego,073,3302833,3268,2327,0,2327,72
2020-04-20,San Francisco,075,870044,1486,1223,0,1223,19
2020-04-20,San Joaquin,077,732212,522,422,3,425,17
2020-04-20,San Luis Obispo,079,281455,204,132,3,135,1
2020-04-20,San Mateo,081,765935,1194,890,2,892,31
2020-04-20,Santa Barbara,083,443738,562,388,2,390,4
2020-04-20,Santa Clara,085,1922200,2345,1920,4,1924,84
2020-04-20,Santa Cruz,087,273765,126,102,0,102,2
2020-04-20,Shasta,089,179085,33,26,0,26,3
2020-04-20,Sierra,091,2930,0,0,0,0,0
2020-04-20,Siskiyou,093,43540,5,5,0,5,0
2020-04-20,Solano,095,438530,235,185,0,185,2
2020-04-20,Sonoma,097,501317,216,178,0,178,1
2020-04-20,Stanislaus,099,539301,299,228,4,232,3
2020-04-20,Sutter,101,95872,27,22,0,22,2
2020-04-20,Tehama,103,63373,1,1,0,1,1
2020-04-20,Trinity,105,12862,0,0,0,0,0
2020-04-20,Tulare,107,460477,657,401,5,406,20
2020-04-20,Tuolumne,109,53932,2,2,0,2,0
2020-04-20,Ventura,111,848112,564,426,1,427,13
2020-04-20,Yolo,113,214977,168,125,0,125,5
2020-04-20,Yuba,115,75493,16,15,0,15,1
2020-04-19,Alameda,001,1643700,1490,1134,2,1136,41
2020-04-19,Alpine,003,1148,1,1,0,1,0
2020-04-19,Amador,005,37829,6,7,0,7,0
2020-04-19,Butte,007,227075,22,15,1,16,0
2020-04-19,Calaveras,009,45235,9,12,0,12,0
2020-04-19,Colusa,011,21464,3,3,0,3,0
2020-04-19,Contra Costa,013,1133247,860,731,0,731,20
2020-04-19,Del Norte,015,27424,2,2,0,2,0
2020-04-19,El Dorado,017,186661,53,36,0,36,0
2020-04-19,Fresno,019,978130,639,326,6,332,7
2020-04-19,Glenn,021,27897,4,3,0,3,0
2020-04-19,Humboldt,023,135768,57,53,0,53,0
2020-04-19,Imperial,025,180216,319,144,0,144,2
2020-04-19,Inyo,027,18085,19,17,0,17,0
2020-04-19,Kern,029,883053,850,629,1,630,3
2020-04-19,Kings,031,150075,70,17,1,18,1
2020-04-19,Lake,033,64148,6,6,0,6,0
2020-04-19,Lassen,035,31185,1,0,2,2,0
2020-04-19,Los Angeles,037,10098052,19764,12299,17,12316,589
2020-04-19,Madera,039,155013,72,34,1,35,2
2020-04-19,Marin,041,260295,207,194,1,195,10
2020-04-19,Mariposa,043,17540,2,0,0,0,0
2020-04-19,Mendocino,045,87422,7,4,0,4,0
2020-04-19,Merced,047,269075,131,85,0,85,3
2020-04-19,Modoc,049,8938,0,0,0,0,0
2020-04-19,Mono,051,14174,29,23,0,23,1
2020-04-19,Monterey,053,433212,204,140,1,141,4
2020-04-19,Napa,055,140530,64,49,0,49,2
2020-04-19,Nevada,057,99092,40,34,1,35,1
2020-04-19,Orange,059,3164182,2511,1591,15,1606,32
2020-04-19,Placer,061,380077,151,131,0,131,8
2020-04-19,Plumas,063,18699,4,4,0,4,0
2020-04-19,Riverside,065,2383286,3727,2316,14,2330,56
2020-04-19,Sacramento,067,1510023,1011,912,0,912,32
2020-04-19,San Benito,069,59416,43,40,0,40,2
2020-04-19,San Bernardino,071,2135413,1881,1262,1,1263,58
2020-04-19,San Diego,073,3302833,3101,2270,0,2270,71
2020-04-19,San Francisco,075,870044,1453,1153,0,1153,19
2020-04-19,San Joaquin,077,732212,504,404,3,407,17
2020-04-19,San Luis Obispo,079,281455,199,132,3,135,1
2020-04-19,San Mateo,081,765935,1158,845,2,847,31
2020-04-19,Santa Barbara,083,443738,552,377,2,379,3
2020-04-19,Santa Clara,085,1922200,2301,1878,4,1882,81
2020-04-19,Santa Cruz,087,273765,123,98,0,98,2
2020-04-19,Shasta,089,179085,31,26,0,26,3
2020-04-19,Sierra,091,2930,0,0,0,0,0
2020-04-19,Siskiyou,093,43540,5,5,0,5,0
2020-04-19,Solano,095,438530,227,174,0,174,2
2020-04-19,Sonoma,097,501317,210,172,0,172,1
2020-04-19,Stanislaus,099,539301,291,221,4,225,3
2020-04-19,Sutter,101,95872,26,21,0,21,2
2020-04-19,Tehama,103,63373,1,1,0,1,1
2020-04-19,Trinity,105,12862,0,0,0,0,0
2020-04-19,Tulare,107,460477,611,391,5,396,17
2020-04-19,Tuolumne,109,53932,2,2,0,2,0
2020-04-19,Ventura,111,848112,556,418,1,419,13
2020-04-19,Yolo,113,214977,168,120,0,120,5
2020-04-19,Yuba,115,75493,16,15,0,15,1
2020-04-18,Alameda,001,1643700,1465,1085,2,1087,40
2020-04-18,Alpine,003,1148,1,1,0,1,0
2020-04-18,Amador,005,37829,6,7,0,7,0
2020-04-18,Butte,007,227075,21,15,1,16,0
2020-04-18,Calaveras,009,45235,9,12,0,12,0
2020-04-18,Colusa,011,21464,3,3,0,3,0
2020-04-18,Contra Costa,013,1133247,848,721,0,721,17
2020-04-18,Del Norte,015,27424,2,2,0,2,0
2020-04-18,El Dorado,017,186661,53,36,0,36,0
2020-04-18,Fresno,019,978130,619,319,6,325,7
2020-04-18,Glenn,021,27897,4,3,0,3,0
2020-04-18,Humboldt,023,135768,57,52,0,52,0
2020-04-18,Imperial,025,180216,310,137,0,137,2
2020-04-18,Inyo,027,18085,19,17,0,17,0
2020-04-18,Kern,029,883053,828,626,1,627,3
2020-04-18,Kings,031,150075,69,17,1,18,1
2020-04-18,Lake,033,64148,6,6,0,6,0
2020-04-18,Lassen,035,31185,1,0,2,2,0
2020-04-18,Los Angeles,037,10098052,19239,11984,16,12000,566
2020-04-18,Madera,039,155013,71,34,1,35,2
2020-04-18,Marin,041,260295,205,193,1,194,10
2020-04-18,Mariposa,043,17540,2,0,0,0,0
2020-04-18,Mendocino,045,87422,7,4,0,4,0
2020-04-18,Merced,047,269075,129,82,0,82,3
2020-04-18,Modoc,049,8938,0,0,0,0,0
2020-04-18,Mono,051,14174,29,22,0,22,1
2020-04-18,Monterey,053,433212,200,135,1,136,3
2020-04-18,Napa,055,140530,64,49,0,49,2
2020-04-18,Nevada,057,99092,39,34,1,35,1
2020-04-18,Orange,059,3164182,2447,1569,14,1583,32
2020-04-18,Placer,061,380077,149,130,0,130,8
2020-04-18,Plumas,063,18699,4,4,0,4,0
2020-04-18,Riverside,065,2383286,3652,2257,14,2271,56
2020-04-18,Sacramento,067,1510023,999,901,0,901,32
2020-04-18,San Benito,069,59416,43,40,0,40,2
2020-04-18,San Bernardino,071,2135413,1836,1255,1,1256,58
2020-04-18,San Diego,073,3302833,2999,2215,0,2215,71
2020-04-18,San Francisco,075,870044,1414,1144,0,1144,19
2020-04-18,San Joaquin,077,732212,495,392,3,395,17
2020-04-18,San Luis Obispo,079,281455,195,129,3,132,1
2020-04-18,San Mateo,081,765935,1136,821,2,823,31
2020-04-18,Santa Barbara,083,443738,546,372,2,374,3
2020-04-18,Santa Clara,085,1922200,2268,1862,4,1866,79
2020-04-18,Santa Cruz,087,273765,121,96,0,96,2
2020-04-18,Shasta,089,179085,31,26,0,26,3
2020-04-18,Sierra,091,2930,0,0,0,0,0
2020-04-18,Siskiyou,093,43540,5,5,0,5,0
2020-04-18,Solano,095,438530,224,175,0,175,2
2020-04-18,Sonoma,097,501317,206,168,0,168,1
2020-04-18,Stanislaus,099,539301,283,216,4,220,3
2020-04-18,Sutter,101,95872,26,21,0,21,2
2020-04-18,Tehama,103,63373,1,1,0,1,1
2020-04-18,Trinity,105,12862,0,0,0,0,0
2020-04-18,Tulare,107,460477,600,385,5,390,17
2020-04-18,Tuolumne,109,53932,2,2,0,2,0
2020-04-18,Ventura,111,848112,548,416,1,417,13
2020-04-18,Yolo,113,214977,166,118,0,118,5
2020-04-18,Yuba,115,75493,16,14,0,14,1
2020-04-17,Alameda,001,1643700,1409,1043,1,1044,40
2020-04-17,Alpine,003,1148,1,1,0,1,0
2020-04-17,Amador,005,37829,6,7,0,7,0
2020-04-17,Butte,007,227075,21,15,1,16,0
2020-04-17,Calaveras,009,45235,9,11,0,11,0
2020-04-17,Colusa,011,21464,3,3,0,3,0
2020-04-17,Contra Costa,013,1133247,837,687,0,687,15
2020-04-17,Del Norte,015,27424,2,2,0,2,0
2020-04-17,El Dorado,017,186661,53,35,0,35,0
2020-04-17,Fresno,019,978130,597,315,6,321,7
2020-04-17,Glenn,021,27897,4,3,0,3,0
2020-04-17,Humboldt,023,135768,56,52,0,52,0
2020-04-17,Imperial,025,180216,301,135,0,135,2
2020-04-17,Inyo,027,18085,19,17,0,17,0
2020-04-17,Kern,029,883053,808,612,1,613,3
2020-04-17,Kings,031,150075,67,15,1,16,1
2020-04-17,Lake,033,64148,6,6,0,6,0
2020-04-17,Lassen,035,31185,1,0,2,2,0
2020-04-17,Los Angeles,037,10098052,18596,11354,16,11370,489
2020-04-17,Madera,039,155013,71,34,1,35,2
2020-04-17,Marin,041,260295,202,189,1,190,10
2020-04-17,Mariposa,043,17540,1,0,0,0,0
2020-04-17,Mendocino,045,87422,7,4,0,4,0
2020-04-17,Merced,047,269075,128,80,0,80,3
2020-04-17,Modoc,049,8938,0,0,0,0,0
2020-04-17,Mono,051,14174,29,22,0,22,1
2020-04-17,Monterey,053,433212,195,119,1,120,3
2020-04-17,Napa,055,140530,62,46,0,46,2
2020-04-17,Nevada,057,99092,38,34,1,35,1
2020-04-17,Orange,059,3164182,2396,1496,14,1510,31
2020-04-17,Placer,061,380077,149,130,0,130,8
2020-04-17,Plumas,063,18699,4,4,0,4,0
2020-04-17,Riverside,065,2383286,3525,2080,14,2094,50
2020-04-17,Sacramento,067,1510023,992,882,0,882,32
2020-04-17,San Benito,069,59416,43,38,0,38,2
2020-04-17,San Bernardino,071,2135413,1797,1229,1,1230,57
2020-04-17,San Diego,073,3302833,2909,2160,0,2160,70
2020-04-17,San Francisco,075,870044,1388,1090,0,1090,19
2020-04-17,San Joaquin,077,732212,484,356,3,359,17
2020-04-17,San Luis Obispo,079,281455,188,116,3,119,1
2020-04-17,San Mateo,081,765935,1120,768,2,770,31
2020-04-17,Santa Barbara,083,443738,541,349,2,351,3
2020-04-17,Santa Clara,085,1922200,2232,1834,4,1838,74
2020-04-17,Santa Cruz,087,273765,120,94,0,94,2
2020-04-17,Shasta,089,179085,31,26,0,26,3
2020-04-17,Sierra,091,2930,0,0,0,0,0
2020-04-17,Siskiyou,093,43540,5,5,0,5,0
2020-04-17,Solano,095,438530,223,173,0,173,2
2020-04-17,Sonoma,097,501317,203,167,0,167,1
2020-04-17,Stanislaus,099,539301,281,201,4,205,3
2020-04-17,Sutter,101,95872,26,20,0,20,2
2020-04-17,Tehama,103,63373,1,1,0,1,1
2020-04-17,Trinity,105,12862,0,0,0,0,0
2020-04-17,Tulare,107,460477,593,370,5,375,17
2020-04-17,Tuolumne,109,53932,2,2,0,2,0
2020-04-17,Ventura,111,848112,543,398,1,399,13
2020-04-17,Yolo,113,214977,165,117,0,117,5
2020-04-17,Yuba,115,75493,16,14,0,14,1
2020-04-16,Alameda,001,1643700,1374,981,1,982,39
2020-04-16,Alpine,003,1148,1,1,0,1,0
2020-04-16,Amador,005,37829,6,7,0,7,0
2020-04-16,Butte,007,227075,20,15,1,16,0
2020-04-16,Calaveras,009,45235,9,10,0,10,0
2020-04-16,Colusa,011,21464,3,3,0,3,0
2020-04-16,Contra Costa,013,1133247,823,675,0,675,14
2020-04-16,Del Norte,015,27424,2,2,0,2,0
2020-04-16,El Dorado,017,186661,52,34,0,34,0
2020-04-16,Fresno,019,978130,567,289,6,295,7
2020-04-16,Glenn,021,27897,4,3,0,3,0
2020-04-16,Humboldt,023,135768,56,47,0,47,0
2020-04-16,Imperial,025,180216,287,132,0,132,2
2020-04-16,Inyo,027,18085,17,17,0,17,0
2020-04-16,Kern,029,883053,781,587,1,588,3
2020-04-16,Kings,031,150075,63,12,1,13,1
2020-04-16,Lake,033,64148,6,6,0,6,0
2020-04-16,Lassen,035,31185,1,0,2,2,0
2020-04-16,Los Angeles,037,10098052,17711,10786,16,10802,447
2020-04-16,Madera,039,155013,69,34,1,35,2
2020-04-16,Marin,041,260295,198,170,1,171,10
2020-04-16,Mariposa,043,17540,1,1,0,1,0
2020-04-16,Mendocino,045,87422,7,4,0,4,0
2020-04-16,Merced,047,269075,122,76,0,76,3
2020-04-16,Modoc,049,8938,0,0,0,0,0
2020-04-16,Mono,051,14174,29,22,0,22,1
2020-04-16,Monterey,053,433212,192,116,1,117,3
2020-04-16,Napa,055,140530,59,44,0,44,2
2020-04-16,Nevada,057,99092,38,34,1,35,1
2020-04-16,Orange,059,3164182,2331,1439,13,1452,28
2020-04-16,Placer,061,380077,147,129,0,129,7
2020-04-16,Plumas,063,18699,4,4,0,4,0
2020-04-16,Riverside,065,2383286,3405,1913,14,1927,45
2020-04-16,Sacramento,067,1510023,984,865,0,865,32
2020-04-16,San Benito,069,59416,43,36,0,36,2
2020-04-16,San Bernardino,071,2135413,1714,1143,0,1143,54
2020-04-16,San Diego,073,3302833,2801,2089,0,2089,63
2020-04-16,San Francisco,075,870044,1344,1039,0,1039,16
2020-04-16,San Joaquin,077,732212,469,345,3,348,17
2020-04-16,San Luis Obispo,079,281455,184,113,3,116,1
2020-04-16,San Mateo,081,765935,1091,745,2,747,29
2020-04-16,Santa Barbara,083,443738,528,331,2,333,3
2020-04-16,Santa Clara,085,1922200,2195,1789,4,1793,70
2020-04-16,Santa Cruz,087,273765,118,90,0,90,2
2020-04-16,Shasta,089,179085,31,25,0,25,3
2020-04-16,Sierra,091,2930,0,0,0,0,0
2020-04-16,Siskiyou,093,43540,5,5,0,5,0
2020-04-16,Solano,095,438530,220,162,0,162,2
2020-04-16,Sonoma,097,501317,198,145,0,145,1
2020-04-16,Stanislaus,099,539301,278,185,4,189,3
2020-04-16,Sutter,101,95872,25,21,0,21,2
2020-04-16,Tehama,103,63373,1,1,0,1,1
2020-04-16,Trinity,105,12862,0,0,0,0,0
2020-04-16,Tulare,107,460477,576,305,5,310,16
2020-04-16,Tuolumne,109,53932,2,1,0,1,0
2020-04-16,Ventura,111,848112,531,384,1,385,13
2020-04-16,Yolo,113,214977,163,98,0,98,4
2020-04-16,Yuba,115,75493,15,14,0,14,1
2020-04-15,Alameda,001,1643700,1324,915,1,916,38
2020-04-15,Alpine,003,1148,1,1,0,1,0
2020-04-15,Amador,005,37829,6,7,0,7,0
2020-04-15,Butte,007,227075,20,14,1,15,0
2020-04-15,Calaveras,009,45235,8,9,0,9,0
2020-04-15,Colusa,011,21464,3,3,0,3,0
2020-04-15,Contra Costa,013,1133247,801,645,0,645,14
2020-04-15,Del Norte,015,27424,2,2,0,2,0
2020-04-15,El Dorado,017,186661,50,33,0,33,0
2020-04-15,Fresno,019,978130,542,264,6,270,7
2020-04-15,Glenn,021,27897,4,3,0,3,0
2020-04-15,Humboldt,023,135768,56,47,0,47,0
2020-04-15,Imperial,025,180216,260,115,0,115,2
2020-04-15,Inyo,027,18085,17,12,0,12,0
2020-04-15,Kern,029,883053,759,500,1,501,3
2020-04-15,Kings,031,150075,59,12,1,13,1
2020-04-15,Lake,033,64148,6,4,0,4,0
2020-04-15,Lassen,035,31185,1,0,2,2,0
2020-04-15,Los Angeles,037,10098052,16891,10416,15,10431,394
2020-04-15,Madera,039,155013,69,30,1,31,2
2020-04-15,Marin,041,260295,195,162,1,163,10
2020-04-15,Mariposa,043,17540,0,0,0,0,0
2020-04-15,Mendocino,045,87422,6,4,0,4,0
2020-04-15,Merced,047,269075,120,74,0,74,3
2020-04-15,Modoc,049,8938,0,0,0,0,0
2020-04-15,Mono,051,14174,29,22,0,22,1
2020-04-15,Monterey,053,433212,184,106,1,107,3
2020-04-15,Napa,055,140530,56,34,0,34,2
2020-04-15,Nevada,057,99092,37,34,1,35,1
2020-04-15,Orange,059,3164182,2228,1377,13,1390,24
2020-04-15,Placer,061,380077,146,123,0,123,6
2020-04-15,Plumas,063,18699,4,4,0,4,0
2020-04-15,Riverside,065,2383286,3210,1723,14,1737,42
2020-04-15,Sacramento,067,1510023,975,839,0,839,32
2020-04-15,San Benito,069,59416,43,34,0,34,2
2020-04-15,San Bernardino,071,2135413,1644,1063,0,1063,45
2020-04-15,San Diego,073,3302833,2713,2014,0,2014,60
2020-04-15,San Francisco,075,870044,1308,1006,0,1006,16
2020-04-15,San Joaquin,077,732212,461,329,3,332,17
2020-04-15,San Luis Obispo,079,281455,176,112,3,115,1
2020-04-15,San Mateo,081,765935,1042,707,2,709,28
2020-04-15,Santa Barbara,083,443738,508,317,2,319,2
2020-04-15,Santa Clara,085,1922200,2156,1692,4,1696,69
2020-04-15,Santa Cruz,087,273765,114,92,0,92,2
2020-04-15,Shasta,089,179085,31,25,0,25,3
2020-04-15,Sierra,091,2930,0,0,0,0,0
2020-04-15,Siskiyou,093,43540,5,5,0,5,0
2020-04-15,Solano,095,438530,215,153,0,153,2
2020-04-15,Sonoma,097,501317,196,140,0,140,1
2020-04-15,Stanislaus,099,539301,271,174,4,178,3
2020-04-15,Sutter,101,95872,25,19,0,19,2
2020-04-15,Tehama,103,63373,1,1,0,1,1
2020-04-15,Trinity,105,12862,0,0,0,0,0
2020-04-15,Tulare,107,460477,558,289,5,294,14
2020-04-15,Tuolumne,109,53932,2,1,0,1,0
2020-04-15,Ventura,111,848112,516,365,1,366,13
2020-04-15,Yolo,113,214977,159,93,0,93,3
2020-04-15,Yuba,115,75493,15,15,0,15,1
2020-04-14,Alameda,001,1643700,1279,843,1,844,30
2020-04-14,Alpine,003,1148,1,1,0,1,0
2020-04-14,Amador,005,37829,6,6,0,6,0
2020-04-14,Butte,007,227075,20,13,1,14,0
2020-04-14,Calaveras,009,45235,8,5,0,5,0
2020-04-14,Colusa,011,21464,3,3,0,3,0
2020-04-14,Contra Costa,013,1133247,789,617,0,617,12
2020-04-14,Del Norte,015,27424,2,2,0,2,0
2020-04-14,El Dorado,017,186661,50,30,0,30,0
2020-04-14,Fresno,019,978130,519,244,6,250,6
2020-04-14,Glenn,021,27897,4,3,0,3,0
2020-04-14,Humboldt,023,135768,56,44,0,44,0
2020-04-14,Imperial,025,180216,240,86,0,86,2
2020-04-14,Inyo,027,18085,17,12,0,12,0
2020-04-14,Kern,029,883053,736,453,1,454,3
2020-04-14,Kings,031,150075,58,12,1,13,1
2020-04-14,Lake,033,64148,6,3,0,3,0
2020-04-14,Lassen,035,31185,1,0,2,2,0
2020-04-14,Los Angeles,037,10098052,15997,9948,14,9962,357
2020-04-14,Madera,039,155013,68,29,1,30,2
2020-04-14,Marin,041,260295,191,147,1,148,9
2020-04-14,Mariposa,043,17540,0,0,0,0,0
2020-04-14,Mendocino,045,87422,6,4,0,4,0
2020-04-14,Merced,047,269075,113,61,0,61,3
2020-04-14,Modoc,049,8938,0,0,0,0,0
2020-04-14,Mono,051,14174,29,22,0,22,1
2020-04-14,Monterey,053,433212,179,98,1,99,3
2020-04-14,Napa,055,140530,56,33,0,33,2
2020-04-14,Nevada,057,99092,37,34,1,35,1
2020-04-14,Orange,059,3164182,2126,1362,13,1375,24
2020-04-14,Placer,061,380077,145,117,0,117,5
2020-04-14,Plumas,063,18699,4,3,0,3,0
2020-04-14,Riverside,065,2383286,3075,1467,14,1481,40
2020-04-14,Sacramento,067,1510023,966,737,0,737,29
2020-04-14,San Benito,069,59416,40,34,0,34,2
2020-04-14,San Bernardino,071,2135413,1589,933,0,933,37
2020-04-14,San Diego,073,3302833,2618,1932,0,1932,53
2020-04-14,San Francisco,075,870044,1254,968,0,968,14
2020-04-14,San Joaquin,077,732212,451,280,3,283,17
2020-04-14,San Luis Obispo,079,281455,173,109,3,112,1
2020-04-14,San Mateo,081,765935,1008,681,2,683,28
2020-04-14,Santa Barbara,083,443738,483,292,2,294,2
2020-04-14,Santa Clara,085,1922200,2123,1561,4,1565,63
2020-04-14,Santa Cruz,087,273765,106,84,0,84,2
2020-04-14,Shasta,089,179085,31,24,0,24,3
2020-04-14,Sierra,091,2930,0,0,0,0,0
2020-04-14,Siskiyou,093,43540,5,5,0,5,0
2020-04-14,Solano,095,438530,212,140,0,140,2
2020-04-14,Sonoma,097,501317,192,133,0,133,1
2020-04-14,Stanislaus,099,539301,258,136,4,140,3
2020-04-14,Sutter,101,95872,24,19,0,19,2
2020-04-14,Tehama,103,63373,1,1,0,1,1
2020-04-14,Trinity,105,12862,0,0,0,0,0
2020-04-14,Tulare,107,460477,534,228,5,233,12
2020-04-14,Tuolumne,109,53932,2,0,0,0,0
2020-04-14,Ventura,111,848112,503,328,1,329,11
2020-04-14,Yolo,113,214977,155,81,0,81,3
2020-04-14,Yuba,115,75493,14,14,0,14,1
2020-04-13,Alameda,001,1643700,1240,821,1,822,23
2020-04-13,Alpine,003,1148,1,1,0,1,0
2020-04-13,Amador,005,37829,6,6,0,6,0
2020-04-13,Butte,007,227075,20,13,1,14,0
2020-04-13,Calaveras,009,45235,7,5,0,5,0
2020-04-13,Colusa,011,21464,3,3,0,3,0
2020-04-13,Contra Costa,013,1133247,773,569,0,569,12
2020-04-13,Del Norte,015,27424,2,2,0,2,0
2020-04-13,El Dorado,017,186661,48,29,0,29,0
2020-04-13,Fresno,019,978130,497,205,5,210,4
2020-04-13,Glenn,021,27897,4,3,0,3,0
2020-04-13,Humboldt,023,135768,56,44,0,44,0
2020-04-13,Imperial,025,180216,222,82,0,82,2
2020-04-13,Inyo,027,18085,17,12,0,12,0
2020-04-13,Kern,029,883053,711,346,1,347,3
2020-04-13,Kings,031,150075,54,9,1,10,0
2020-04-13,Lake,033,64148,6,3,0,3,0
2020-04-13,Lassen,035,31185,1,0,2,2,0
2020-04-13,Los Angeles,037,10098052,15283,9367,14,9381,317
2020-04-13,Madera,039,155013,66,29,1,30,2
2020-04-13,Marin,041,260295,187,144,1,145,6
2020-04-13,Mariposa,043,17540,0,0,0,0,0
2020-04-13,Mendocino,045,87422,6,4,0,4,0
2020-04-13,Merced,047,269075,112,60,0,60,3
2020-04-13,Modoc,049,8938,0,0,0,0,0
2020-04-13,Mono,051,14174,29,21,0,21,1
2020-04-13,Monterey,053,433212,172,86,1,87,3
2020-04-13,Napa,055,140530,55,30,0,30,2
2020-04-13,Nevada,057,99092,37,24,1,25,1
2020-04-13,Orange,059,3164182,2053,1313,13,1326,21
2020-04-13,Placer,061,380077,144,116,0,116,5
2020-04-13,Plumas,063,18699,4,3,0,3,0
2020-04-13,Riverside,065,2383286,2934,1460,13,1473,35
2020-04-13,Sacramento,067,1510023,954,723,0,723,25
2020-04-13,San Benito,069,59416,39,33,0,33,2
2020-04-13,San Bernardino,071,2135413,1514,920,0,920,30
2020-04-13,San Diego,073,3302833,2535,1849,0,1849,47
2020-04-13,San Francisco,075,870044,1216,948,0,948,12
2020-04-13,San Joaquin,077,732212,436,255,3,258,16
2020-04-13,San Luis Obispo,079,281455,168,106,3,109,1
2020-04-13,San Mateo,081,765935,968,679,2,681,25
2020-04-13,Santa Barbara,083,443738,464,271,1,272,2
2020-04-13,Santa Clara,085,1922200,2077,1540,4,1544,58
2020-04-13,Santa Cruz,087,273765,100,82,0,82,1
2020-04-13,Shasta,089,179085,30,24,0,24,3
2020-04-13,Sierra,091,2930,0,0,0,0,0
2020-04-13,Siskiyou,093,43540,5,5,0,5,0
2020-04-13,Solano,095,438530,209,136,0,136,2
2020-04-13,Sonoma,097,501317,185,133,0,133,1
2020-04-13,Stanislaus,099,539301,252,130,4,134,1
2020-04-13,Sutter,101,95872,24,18,0,18,2
2020-04-13,Tehama,103,63373,1,1,0,1,0
2020-04-13,Trinity,105,12862,0,0,0,0,0
2020-04-13,Tulare,107,460477,498,185,5,190,11
2020-04-13,Tuolumne,109,53932,2,0,0,0,0
2020-04-13,Ventura,111,848112,482,309,0,309,9
2020-04-13,Yolo,113,214977,149,81,0,81,3
2020-04-13,Yuba,115,75493,14,13,0,13,1
2020-04-12,Alameda,001,1643700,1197,774,1,775,23
2020-04-12,Alpine,003,1148,1,1,0,1,0
2020-04-12,Amador,005,37829,6,6,0,6,0
2020-04-12,Butte,007,227075,20,13,1,14,0
2020-04-12,Calaveras,009,45235,7,5,0,5,0
2020-04-12,Colusa,011,21464,3,3,0,3,0
2020-04-12,Contra Costa,013,1133247,760,553,0,553,12
2020-04-12,Del Norte,015,27424,2,2,0,2,0
2020-04-12,El Dorado,017,186661,48,28,0,28,0
2020-04-12,Fresno,019,978130,468,205,5,210,4
2020-04-12,Glenn,021,27897,4,3,0,3,0
2020-04-12,Humboldt,023,135768,56,43,0,43,0
2020-04-12,Imperial,025,180216,199,78,0,78,2
2020-04-12,Inyo,027,18085,15,12,0,12,0
2020-04-12,Kern,029,883053,679,319,0,319,3
2020-04-12,Kings,031,150075,52,9,1,10,0
2020-04-12,Lake,033,64148,6,3,0,3,0
2020-04-12,Lassen,035,31185,1,0,2,2,0
2020-04-12,Los Angeles,037,10098052,14570,9133,14,9147,294
2020-04-12,Madera,039,155013,65,29,1,30,2
2020-04-12,Marin,041,260295,176,138,1,139,6
2020-04-12,Mariposa,043,17540,0,0,0,0,0
2020-04-12,Mendocino,045,87422,6,4,0,4,0
2020-04-12,Merced,047,269075,106,58,0,58,3
2020-04-12,Modoc,049,8938,0,0,0,0,0
2020-04-12,Mono,051,14174,29,20,0,20,1
2020-04-12,Monterey,053,433212,158,85,1,86,3
2020-04-12,Napa,055,140530,53,29,0,29,2
2020-04-12,Nevada,057,99092,37,24,1,25,1
2020-04-12,Orange,059,3164182,1993,1283,12,1295,21
2020-04-12,Placer,061,380077,143,114,0,114,4
2020-04-12,Plumas,063,18699,4,3,0,3,0
2020-04-12,Riverside,065,2383286,2752,1330,13,1343,34
2020-04-12,Sacramento,067,1510023,917,689,0,689,25
2020-04-12,San Benito,069,59416,37,33,0,33,2
2020-04-12,San Bernardino,071,2135413,1438,827,0,827,30
2020-04-12,San Diego,073,3302833,2445,1806,0,1806,45
2020-04-12,San Francisco,075,870044,1189,886,0,886,11
2020-04-12,San Joaquin,077,732212,418,246,3,249,15
2020-04-12,San Luis Obispo,079,281455,165,102,2,104,1
2020-04-12,San Mateo,081,765935,942,664,2,666,25
2020-04-12,Santa Barbara,083,443738,438,261,1,262,2
2020-04-12,Santa Clara,085,1922200,2049,1461,4,1465,53
2020-04-12,Santa Cruz,087,273765,98,80,0,80,1
2020-04-12,Shasta,089,179085,30,24,0,24,3
2020-04-12,Sierra,091,2930,0,0,0,0,0
2020-04-12,Siskiyou,093,43540,5,5,0,5,0
2020-04-12,Solano,095,438530,203,136,0,136,2
2020-04-12,Sonoma,097,501317,182,131,0,131,1
2020-04-12,Stanislaus,099,539301,244,117,4,121,1
2020-04-12,Sutter,101,95872,23,18,0,18,2
2020-04-12,Tehama,103,63373,1,1,0,1,0
2020-04-12,Trinity,105,12862,0,0,0,0,0
2020-04-12,Tulare,107,460477,486,166,5,171,11
2020-04-12,Tuolumne,109,53932,2,0,0,0,0
2020-04-12,Ventura,111,848112,473,306,0,306,9
2020-04-12,Yolo,113,214977,136,67,0,67,3
2020-04-12,Yuba,115,75493,14,13,0,13,1
2020-04-11,Alameda,001,1643700,1156,751,1,752,23
2020-04-11,Alpine,003,1148,1,1,0,1,0
2020-04-11,Amador,005,37829,6,6,0,6,0
2020-04-11,Butte,007,227075,20,13,1,14,0
2020-04-11,Calaveras,009,45235,7,5,0,5,0
2020-04-11,Colusa,011,21464,3,3,0,3,0
2020-04-11,Contra Costa,013,1133247,751,550,0,550,12
2020-04-11,Del Norte,015,27424,2,2,0,2,0
2020-04-11,El Dorado,017,186661,47,29,0,29,0
2020-04-11,Fresno,019,978130,458,201,5,206,4
2020-04-11,Glenn,021,27897,4,3,0,3,0
2020-04-11,Humboldt,023,135768,56,38,0,38,0
2020-04-11,Imperial,025,180216,189,78,0,78,2
2020-04-11,Inyo,027,18085,15,12,0,12,0
2020-04-11,Kern,029,883053,651,304,0,304,3
2020-04-11,Kings,031,150075,49,9,1,10,0
2020-04-11,Lake,033,64148,6,3,0,3,0
2020-04-11,Lassen,035,31185,1,0,2,2,0
2020-04-11,Los Angeles,037,10098052,14100,8823,14,8837,262
2020-04-11,Madera,039,155013,64,29,1,30,2
2020-04-11,Marin,041,260295,173,136,1,137,6
2020-04-11,Mariposa,043,17540,0,0,0,0,0
2020-04-11,Mendocino,045,87422,6,4,0,4,0
2020-04-11,Merced,047,269075,103,59,0,59,3
2020-04-11,Modoc,049,8938,0,0,0,0,0
2020-04-11,Mono,051,14174,29,20,0,20,1
2020-04-11,Monterey,053,433212,152,78,1,79,3
2020-04-11,Napa,055,140530,53,29,0,29,2
2020-04-11,Nevada,057,99092,37,24,1,25,1
2020-04-11,Orange,059,3164182,1931,1267,12,1279,21
2020-04-11,Placer,061,380077,143,113,0,113,4
2020-04-11,Plumas,063,18699,4,3,0,3,0
2020-04-11,Riverside,065,2383286,2673,1260,13,1273,33
2020-04-11,Sacramento,067,1510023,906,685,0,685,25
2020-04-11,San Benito,069,59416,37,33,0,33,2
2020-04-11,San Bernardino,071,2135413,1402,826,0,826,28
2020-04-11,San Diego,073,3302833,2379,1763,0,1763,45
2020-04-11,San Francisco,075,870044,1167,860,0,860,11
2020-04-11,San Joaquin,077,732212,413,244,3,247,15
2020-04-11,San Luis Obispo,079,281455,165,100,1,101,1
2020-04-11,San Mateo,081,765935,930,662,2,664,25
2020-04-11,Santa Barbara,083,443738,430,258,1,259,2
2020-04-11,Santa Clara,085,1922200,1990,1441,4,1445,51
2020-04-11,Santa Cruz,087,273765,98,79,0,79,1
2020-04-11,Shasta,089,179085,30,24,0,24,3
2020-04-11,Sierra,091,2930,0,0,0,0,0
2020-04-11,Siskiyou,093,43540,5,5,0,5,0
2020-04-11,Solano,095,438530,199,138,0,138,2
2020-04-11,Sonoma,097,501317,180,131,0,131,1
2020-04-11,Stanislaus,099,539301,236,119,3,122,1
2020-04-11,Sutter,101,95872,23,18,0,18,2
2020-04-11,Tehama,103,63373,1,1,0,1,0
2020-04-11,Trinity,105,12862,0,0,0,0,0
2020-04-11,Tulare,107,460477,464,168,5,173,10
2020-04-11,Tuolumne,109,53932,2,0,0,0,0
2020-04-11,Ventura,111,848112,463,304,0,304,9
2020-04-11,Yolo,113,214977,133,67,0,67,3
2020-04-11,Yuba,115,75493,14,13,0,13,1
2020-04-10,Alameda,001,1643700,1115,706,1,707,21
2020-04-10,Alpine,003,1148,1,1,0,1,0
2020-04-10,Amador,005,37829,6,5,0,5,0
2020-04-10,Butte,007,227075,20,13,1,14,0
2020-04-10,Calaveras,009,45235,7,5,0,5,0
2020-04-10,Colusa,011,21464,3,3,0,3,0
2020-04-10,Contra Costa,013,1133247,738,537,0,537,10
2020-04-10,Del Norte,015,27424,2,2,0,2,0
2020-04-10,El Dorado,017,186661,47,26,0,26,0
2020-04-10,Fresno,019,978130,451,186,4,190,3
2020-04-10,Glenn,021,27897,4,3,0,3,0
2020-04-10,Humboldt,023,135768,56,36,0,36,0
2020-04-10,Imperial,025,180216,182,70,0,70,2
2020-04-10,Inyo,027,18085,13,11,0,11,0
2020-04-10,Kern,029,883053,627,272,0,272,3
2020-04-10,Kings,031,150075,46,7,1,8,0
2020-04-10,Lake,033,64148,6,3,0,3,0
2020-04-10,Lassen,035,31185,1,0,2,2,0
2020-04-10,Los Angeles,037,10098052,13587,8384,13,8397,239
2020-04-10,Madera,039,155013,63,29,1,30,2
2020-04-10,Marin,041,260295,168,128,1,129,6
2020-04-10,Mariposa,043,17540,0,0,0,0,0
2020-04-10,Mendocino,045,87422,6,4,0,4,0
2020-04-10,Merced,047,269075,100,56,0,56,3
2020-04-10,Modoc,049,8938,0,0,0,0,0
2020-04-10,Mono,051,14174,29,20,0,20,1
2020-04-10,Monterey,053,433212,141,78,1,79,3
2020-04-10,Napa,055,140530,50,28,0,28,2
2020-04-10,Nevada,057,99092,37,23,1,24,1
2020-04-10,Orange,059,3164182,1884,1167,12,1179,21
2020-04-10,Placer,061,380077,142,112,0,112,4
2020-04-10,Plumas,063,18699,4,3,0,3,0
2020-04-10,Riverside,065,2383286,2607,1162,13,1175,30
2020-04-10,Sacramento,067,1510023,897,642,0,642,24
2020-04-10,San Benito,069,59416,37,32,0,32,2
2020-04-10,San Bernardino,071,2135413,1354,779,0,779,27
2020-04-10,San Diego,073,3302833,2319,1695,0,1695,44
2020-04-10,San Francisco,075,870044,1136,797,0,797,10
2020-04-10,San Joaquin,077,732212,401,234,3,237,14
2020-04-10,San Luis Obispo,079,281455,165,97,1,98,1
2020-04-10,San Mateo,081,765935,914,642,2,644,24
2020-04-10,Santa Barbara,083,443738,418,254,1,255,2
2020-04-10,Santa Clara,085,1922200,1938,1351,4,1355,50
2020-04-10,Santa Cruz,087,273765,97,75,0,75,1
2020-04-10,Shasta,089,179085,30,24,0,24,3
2020-04-10,Sierra,091,2930,0,0,0,0,0
2020-04-10,Siskiyou,093,43540,5,5,0,5,0
2020-04-10,Solano,095,438530,196,129,0,129,2
2020-04-10,Sonoma,097,501317,179,129,0,129,1
2020-04-10,Stanislaus,099,539301,229,101,3,104,0
2020-04-10,Sutter,101,95872,23,18,0,18,2
2020-04-10,Tehama,103,63373,1,1,0,1,0
2020-04-10,Trinity,105,12862,0,0,0,0,0
2020-04-10,Tulare,107,460477,422,163,5,168,10
2020-04-10,Tuolumne,109,53932,2,0,0,0,0
2020-04-10,Ventura,111,848112,454,290,0,290,9
2020-04-10,Yolo,113,214977,131,62,0,62,3
2020-04-10,Yuba,115,75493,14,13,0,13,1
2020-04-09,Alameda,001,1643700,1065,641,1,642,17
2020-04-09,Alpine,003,1148,1,1,0,1,0
2020-04-09,Amador,005,37829,6,2,0,2,0
2020-04-09,Butte,007,227075,19,12,1,13,0
2020-04-09,Calaveras,009,45235,7,5,0,5,0
2020-04-09,Colusa,011,21464,3,3,0,3,0
2020-04-09,Contra Costa,013,1133247,695,505,0,505,7
2020-04-09,Del Norte,015,27424,2,2,0,2,0
2020-04-09,El Dorado,017,186661,46,25,0,25,0
2020-04-09,Fresno,019,978130,426,165,4,169,3
2020-04-09,Glenn,021,27897,4,2,0,2,0
2020-04-09,Humboldt,023,135768,56,36,0,36,0
2020-04-09,Imperial,025,180216,161,67,0,67,2
2020-04-09,Inyo,027,18085,12,11,0,11,0
2020-04-09,Kern,029,883053,591,241,0,241,2
2020-04-09,Kings,031,150075,43,5,1,6,0
2020-04-09,Lake,033,64148,5,1,0,1,0
2020-04-09,Lassen,035,31185,1,0,2,2,0
2020-04-09,Los Angeles,037,10098052,12959,7919,13,7932,220
2020-04-09,Madera,039,155013,63,28,1,29,2
2020-04-09,Marin,041,260295,166,126,1,127,7
2020-04-09,Mariposa,043,17540,0,0,0,0,0
2020-04-09,Mendocino,045,87422,6,4,0,4,0
2020-04-09,Merced,047,269075,97,41,0,41,3
2020-04-09,Modoc,049,8938,0,0,0,0,0
2020-04-09,Mono,051,14174,29,19,0,19,1
2020-04-09,Monterey,053,433212,123,70,1,71,3
2020-04-09,Napa,055,140530,46,27,0,27,2
2020-04-09,Nevada,057,99092,36,23,1,24,1
2020-04-09,Orange,059,3164182,1810,1105,12,1117,19
2020-04-09,Placer,061,380077,141,107,0,107,4
2020-04-09,Plumas,063,18699,4,3,0,3,0
2020-04-09,Riverside,065,2383286,2464,1083,13,1096,29
2020-04-09,Sacramento,067,1510023,874,601,0,601,21
2020-04-09,San Benito,069,59416,37,32,0,32,2
2020-04-09,San Bernardino,071,2135413,1285,717,0,717,27
2020-04-09,San Diego,073,3302833,2223,1630,0,1630,40
2020-04-09,San Francisco,075,870044,1116,748,0,748,8
2020-04-09,San Joaquin,077,732212,380,223,3,226,14
2020-04-09,San Luis Obispo,079,281455,157,93,1,94,1
2020-04-09,San Mateo,081,765935,898,630,2,632,23
2020-04-09,Santa Barbara,083,443738,407,232,1,233,2
2020-04-09,Santa Clara,085,1922200,1868,1301,4,1305,49
2020-04-09,Santa Cruz,087,273765,97,73,0,73,1
2020-04-09,Shasta,089,179085,30,22,0,22,3
2020-04-09,Sierra,091,2930,0,0,0,0,0
2020-04-09,Siskiyou,093,43540,5,4,0,4,0
2020-04-09,Solano,095,438530,187,118,0,118,2
2020-04-09,Sonoma,097,501317,175,113,0,113,1
2020-04-09,Stanislaus,099,539301,217,93,3,96,0
2020-04-09,Sutter,101,95872,23,17,0,17,2
2020-04-09,Tehama,103,63373,1,1,0,1,0
2020-04-09,Trinity,105,12862,0,0,0,0,0
2020-04-09,Tulare,107,460477,394,147,5,152,9
2020-04-09,Tuolumne,109,53932,2,0,0,0,0
2020-04-09,Ventura,111,848112,435,273,0,273,9
2020-04-09,Yolo,113,214977,122,59,0,59,3
2020-04-09,Yuba,115,75493,14,13,0,13,0
2020-04-08,Alameda,001,1643700,1024,594,1,595,15
2020-04-08,Alpine,003,1148,1,1,0,1,0
2020-04-08,Amador,005,37829,6,2,0,2,0
2020-04-08,Butte,007,227075,18,11,1,12,0
2020-04-08,Calaveras,009,45235,7,5,0,5,0
2020-04-08,Colusa,011,21464,3,3,0,3,0
2020-04-08,Contra Costa,013,1133247,682,481,0,481,7
2020-04-08,Del Norte,015,27424,2,2,0,2,0
2020-04-08,El Dorado,017,186661,46,25,0,25,0
2020-04-08,Fresno,019,978130,406,151,4,155,3
2020-04-08,Glenn,021,27897,4,2,0,2,0
2020-04-08,Humboldt,023,135768,56,40,0,40,0
2020-04-08,Imperial,025,180216,150,59,0,59,2
2020-04-08,Inyo,027,18085,12,11,0,11,0
2020-04-08,Kern,029,883053,550,198,0,198,2
2020-04-08,Kings,031,150075,43,5,1,6,0
2020-04-08,Lake,033,64148,5,1,0,1,0
2020-04-08,Lassen,035,31185,1,0,2,2,0
2020-04-08,Los Angeles,037,10098052,12356,7505,13,7518,196
2020-04-08,Madera,039,155013,62,28,1,29,2
2020-04-08,Marin,041,260295,160,125,1,126,7
2020-04-08,Mariposa,043,17540,0,0,0,0,0
2020-04-08,Mendocino,045,87422,6,4,0,4,0
2020-04-08,Merced,047,269075,82,35,0,35,1
2020-04-08,Modoc,049,8938,0,0,0,0,0
2020-04-08,Mono,051,14174,29,19,0,19,1
2020-04-08,Monterey,053,433212,114,68,1,69,3
2020-04-08,Napa,055,140530,44,21,0,21,2
2020-04-08,Nevada,057,99092,36,21,1,22,1
2020-04-08,Orange,059,3164182,1747,1034,12,1046,19
2020-04-08,Placer,061,380077,141,102,0,102,4
2020-04-08,Plumas,063,18699,4,3,0,3,0
2020-04-08,Riverside,065,2383286,2307,974,13,987,28
2020-04-08,Sacramento,067,1510023,840,565,0,565,21
2020-04-08,San Benito,069,59416,37,31,0,31,2
2020-04-08,San Bernardino,071,2135413,1228,635,0,635,22
2020-04-08,San Diego,073,3302833,2149,1532,0,1532,36
2020-04-08,San Francisco,075,870044,1048,687,0,687,7
2020-04-08,San Joaquin,077,732212,363,211,3,214,12
2020-04-08,San Luis Obispo,079,281455,155,90,1,91,1
2020-04-08,San Mateo,081,765935,883,608,2,610,22
2020-04-08,Santa Barbara,083,443738,386,221,1,222,2
2020-04-08,Santa Clara,085,1922200,1823,1257,4,1261,47
2020-04-08,Santa Cruz,087,273765,96,69,0,69,1
2020-04-08,Shasta,089,179085,30,18,0,18,3
2020-04-08,Sierra,091,2930,0,0,0,0,0
2020-04-08,Siskiyou,093,43540,5,4,0,4,0
2020-04-08,Solano,095,438530,174,111,0,111,2
2020-04-08,Sonoma,097,501317,170,107,0,107,1
2020-04-08,Stanislaus,099,539301,201,86,3,89,0
2020-04-08,Sutter,101,95872,22,17,0,17,2
2020-04-08,Tehama,103,63373,1,1,0,1,0
2020-04-08,Trinity,105,12862,0,0,0,0,0
2020-04-08,Tulare,107,460477,363,145,5,150,6
2020-04-08,Tuolumne,109,53932,2,0,0,0,0
2020-04-08,Ventura,111,848112,426,263,0,263,7
2020-04-08,Yolo,113,214977,105,56,0,56,3
2020-04-08,Yuba,115,75493,14,10,0,10,0
2020-04-07,Alameda,001,1643700,989,560,1,561,14
2020-04-07,Alpine,003,1148,1,1,0,1,0
2020-04-07,Amador,005,37829,6,2,0,2,0
2020-04-07,Butte,007,227075,17,11,1,12,0
2020-04-07,Calaveras,009,45235,6,5,0,5,0
2020-04-07,Colusa,011,21464,3,2,0,2,0
2020-04-07,Contra Costa,013,1133247,662,471,0,471,7
2020-04-07,Del Norte,015,27424,2,2,0,2,0
2020-04-07,El Dorado,017,186661,45,22,0,22,0
2020-04-07,Fresno,019,978130,390,138,4,142,3
2020-04-07,Glenn,021,27897,4,2,0,2,0
2020-04-07,Humboldt,023,135768,55,40,0,40,0
2020-04-07,Imperial,025,180216,132,53,0,53,2
2020-04-07,Inyo,027,18085,12,11,0,11,0
2020-04-07,Kern,029,883053,507,134,0,134,2
2020-04-07,Kings,031,150075,40,5,1,6,0
2020-04-07,Lake,033,64148,4,1,0,1,0
2020-04-07,Lassen,035,31185,1,0,2,2,0
2020-04-07,Los Angeles,037,10098052,11707,6885,13,6898,170
2020-04-07,Madera,039,155013,60,28,0,28,2
2020-04-07,Marin,041,260295,158,122,1,123,7
2020-04-07,Mariposa,043,17540,0,0,0,0,0
2020-04-07,Mendocino,045,87422,6,4,0,4,0
2020-04-07,Merced,047,269075,67,27,0,27,1
2020-04-07,Modoc,049,8938,0,0,0,0,0
2020-04-07,Mono,051,14174,28,18,0,18,1
2020-04-07,Monterey,053,433212,106,63,1,64,2
2020-04-07,Napa,055,140530,42,18,0,18,2
2020-04-07,Nevada,057,99092,36,20,1,21,1
2020-04-07,Orange,059,3164182,1700,971,11,982,19
2020-04-07,Placer,061,380077,136,94,0,94,3
2020-04-07,Plumas,063,18699,4,3,0,3,0
2020-04-07,Riverside,065,2383286,2150,905,13,918,25
2020-04-07,Sacramento,067,1510023,810,513,0,513,18
2020-04-07,San Benito,069,59416,37,26,0,26,2
2020-04-07,San Bernardino,071,2135413,1161,554,0,554,19
2020-04-07,San Diego,073,3302833,2072,1456,0,1456,31
2020-04-07,San Francisco,075,870044,988,636,0,636,6
2020-04-07,San Joaquin,077,732212,345,198,3,201,12
2020-04-07,San Luis Obispo,079,281455,148,87,1,88,1
2020-04-07,San Mateo,081,765935,862,573,2,575,22
2020-04-07,Santa Barbara,083,443738,370,209,1,210,2
2020-04-07,Santa Clara,085,1922200,1754,1193,3,1196,46
2020-04-07,Santa Cruz,087,273765,96,67,0,67,1
2020-04-07,Shasta,089,179085,29,16,0,16,3
2020-04-07,Sierra,091,2930,0,0,0,0,0
2020-04-07,Siskiyou,093,43540,5,4,0,4,0
2020-04-07,Solano,095,438530,169,99,0,99,1
2020-04-07,Sonoma,097,501317,167,102,0,102,1
2020-04-07,Stanislaus,099,539301,184,83,3,86,0
2020-04-07,Sutter,101,95872,22,16,0,16,2
2020-04-07,Tehama,103,63373,1,1,0,1,0
2020-04-07,Trinity,105,12862,0,0,0,0,0
2020-04-07,Tulare,107,460477,334,144,5,149,5
2020-04-07,Tuolumne,109,53932,2,1,0,1,0
2020-04-07,Ventura,111,848112,409,247,0,247,6
2020-04-07,Yolo,113,214977,98,51,0,51,2
2020-04-07,Yuba,115,75493,14,10,0,10,0
2020-04-06,Alameda,001,1643700,959,527,1,528,13
2020-04-06,Alpine,003,1148,1,1,0,1,0
2020-04-06,Amador,005,37829,5,2,0,2,0
2020-04-06,Butte,007,227075,16,11,1,12,0
2020-04-06,Calaveras,009,45235,6,4,0,4,0
2020-04-06,Colusa,011,21464,3,1,0,1,0
2020-04-06,Contra Costa,013,1133247,637,447,0,447,7
2020-04-06,Del Norte,015,27424,2,2,0,2,0
2020-04-06,El Dorado,017,186661,43,23,0,23,0
2020-04-06,Fresno,019,978130,368,122,4,126,1
2020-04-06,Glenn,021,27897,4,2,0,2,0
2020-04-06,Humboldt,023,135768,54,37,0,37,0
2020-04-06,Imperial,025,180216,125,47,0,47,1
2020-04-06,Inyo,027,18085,11,11,0,11,0
2020-04-06,Kern,029,883053,470,117,0,117,2
2020-04-06,Kings,031,150075,40,3,1,4,0
2020-04-06,Lake,033,64148,4,1,0,1,0
2020-04-06,Lassen,035,31185,1,0,2,2,0
2020-04-06,Los Angeles,037,10098052,10974,6346,13,6359,145
2020-04-06,Madera,039,155013,58,29,0,29,2
2020-04-06,Marin,041,260295,155,119,1,120,7
2020-04-06,Mariposa,043,17540,0,0,0,0,0
2020-04-06,Mendocino,045,87422,6,4,0,4,0
2020-04-06,Merced,047,269075,60,25,0,25,1
2020-04-06,Modoc,049,8938,0,0,0,0,0
2020-04-06,Mono,051,14174,28,18,0,18,1
2020-04-06,Monterey,053,433212,101,62,1,63,2
2020-04-06,Napa,055,140530,42,18,0,18,2
2020-04-06,Nevada,057,99092,36,19,1,20,1
2020-04-06,Orange,059,3164182,1656,910,10,920,17
2020-04-06,Placer,061,380077,136,90,0,90,3
2020-04-06,Plumas,063,18699,4,2,0,2,0
2020-04-06,Riverside,065,2383286,2024,854,13,867,17
2020-04-06,Sacramento,067,1510023,780,448,0,448,15
2020-04-06,San Benito,069,59416,35,25,0,25,1
2020-04-06,San Bernardino,071,2135413,1102,550,0,550,13
2020-04-06,San Diego,073,3302833,1990,1406,0,1406,19
2020-04-06,San Francisco,075,870044,948,586,0,586,6
2020-04-06,San Joaquin,077,732212,330,191,3,194,10
2020-04-06,San Luis Obispo,079,281455,146,85,1,86,1
2020-04-06,San Mateo,081,765935,844,569,2,571,20
2020-04-06,Santa Barbara,083,443738,358,189,1,190,2
2020-04-06,Santa Clara,085,1922200,1701,1128,3,1131,43
2020-04-06,Santa Cruz,087,273765,94,65,0,65,1
2020-04-06,Shasta,089,179085,29,16,0,16,3
2020-04-06,Sierra,091,2930,0,0,0,0,0
2020-04-06,Siskiyou,093,43540,4,4,0,4,0
2020-04-06,Solano,095,438530,162,95,0,95,1
2020-04-06,Sonoma,097,501317,166,102,0,102,1
2020-04-06,Stanislaus,099,539301,168,72,3,75,0
2020-04-06,Sutter,101,95872,22,14,0,14,2
2020-04-06,Tehama,103,63373,1,1,0,1,0
2020-04-06,Trinity,105,12862,0,0,0,0,0
2020-04-06,Tulare,107,460477,318,126,5,131,5
2020-04-06,Tuolumne,109,53932,2,1,0,1,0
2020-04-06,Ventura,111,848112,391,234,0,234,6
2020-04-06,Yolo,113,214977,94,43,0,43,1
2020-04-06,Yuba,115,75493,14,8,0,8,0
2020-04-05,Alameda,001,1643700,917,475,1,476,12
2020-04-05,Alpine,003,1148,1,1,0,1,0
2020-04-05,Amador,005,37829,5,2,0,2,0
2020-04-05,Butte,007,227075,16,10,1,11,0
2020-04-05,Calaveras,009,45235,6,3,0,3,0
2020-04-05,Colusa,011,21464,3,1,0,1,0
2020-04-05,Contra Costa,013,1133247,620,415,0,415,6
2020-04-05,Del Norte,015,27424,2,1,0,1,0
2020-04-05,El Dorado,017,186661,41,19,0,19,0
2020-04-05,Fresno,019,978130,334,102,4,106,1
2020-04-05,Glenn,021,27897,4,2,0,2,0
2020-04-05,Humboldt,023,135768,54,29,0,29,0
2020-04-05,Imperial,025,180216,117,42,0,42,1
2020-04-05,Inyo,027,18085,11,10,0,10,0
2020-04-05,Kern,029,883053,415,109,0,109,2
2020-04-05,Kings,031,150075,39,4,1,5,0
2020-04-05,Lake,033,64148,4,0,0,0,0
2020-04-05,Lassen,035,31185,1,0,2,2,0
2020-04-05,Los Angeles,037,10098052,10402,5892,13,5905,130
2020-04-05,Madera,039,155013,57,27,0,27,2
2020-04-05,Marin,041,260295,155,113,1,114,6
2020-04-05,Mariposa,043,17540,0,0,0,0,0
2020-04-05,Mendocino,045,87422,6,4,0,4,0
2020-04-05,Merced,047,269075,53,16,0,16,0
2020-04-05,Modoc,049,8938,0,0,0,0,0
2020-04-05,Mono,051,14174,28,18,0,18,1
2020-04-05,Monterey,053,433212,94,61,1,62,2
2020-04-05,Napa,055,140530,40,15,0,15,2
2020-04-05,Nevada,057,99092,36,19,1,20,1
2020-04-05,Orange,059,3164182,1599,820,10,830,15
2020-04-05,Placer,061,380077,133,86,0,86,3
2020-04-05,Plumas,063,18699,3,2,0,2,0
2020-04-05,Riverside,065,2383286,1895,669,13,682,17
2020-04-05,Sacramento,067,1510023,749,393,0,393,11
2020-04-05,San Benito,069,59416,35,22,0,22,1
2020-04-05,San Bernardino,071,2135413,1028,375,0,375,13
2020-04-05,San Diego,073,3302833,1908,1328,0,1328,19
2020-04-05,San Francisco,075,870044,901,559,0,559,6
2020-04-05,San Joaquin,077,732212,315,179,3,182,10
2020-04-05,San Luis Obispo,079,281455,144,83,1,84,1
2020-04-05,San Mateo,081,765935,824,528,2,530,19
2020-04-05,Santa Barbara,083,443738,339,171,1,172,1
2020-04-05,Santa Clara,085,1922200,1653,1052,3,1055,42
2020-04-05,Santa Cruz,087,273765,94,59,0,59,1
2020-04-05,Shasta,089,179085,28,11,0,11,2
2020-04-05,Sierra,091,2930,0,0,0,0,0
2020-04-05,Siskiyou,093,43540,4,3,0,3,0
2020-04-05,Solano,095,438530,158,78,0,78,1
2020-04-05,Sonoma,097,501317,164,88,0,88,1
2020-04-05,Stanislaus,099,539301,154,51,3,54,0
2020-04-05,Sutter,101,95872,22,14,0,14,1
2020-04-05,Tehama,103,63373,1,1,0,1,0
2020-04-05,Trinity,105,12862,0,0,0,0,0
2020-04-05,Tulare,107,460477,281,81,5,86,4
2020-04-05,Tuolumne,109,53932,2,1,0,1,0
2020-04-05,Ventura,111,848112,377,196,0,196,6
2020-04-05,Yolo,113,214977,76,37,0,37,2
2020-04-05,Yuba,115,75493,14,7,0,7,0
2020-04-04,Alameda,001,1643700,894,468,1,469,12
2020-04-04,Alpine,003,1148,1,1,0,1,0
2020-04-04,Amador,005,37829,4,2,0,2,0
2020-04-04,Butte,007,227075,16,10,1,11,0
2020-04-04,Calaveras,009,45235,6,3,0,3,0
2020-04-04,Colusa,011,21464,3,1,0,1,0
2020-04-04,Contra Costa,013,1133247,612,382,0,382,5
2020-04-04,Del Norte,015,27424,2,1,0,1,0
2020-04-04,El Dorado,017,186661,41,19,0,19,0
2020-04-04,Fresno,019,978130,324,102,4,106,1
2020-04-04,Glenn,021,27897,4,2,0,2,0
2020-04-04,Humboldt,023,135768,54,29,0,29,0
2020-04-04,Imperial,025,180216,116,42,0,42,1
2020-04-04,Inyo,027,18085,11,10,0,10,0
2020-04-04,Kern,029,883053,385,103,0,103,2
2020-04-04,Kings,031,150075,39,3,1,4,0
2020-04-04,Lake,033,64148,4,0,0,0,0
2020-04-04,Lassen,035,31185,1,0,2,2,0
2020-04-04,Los Angeles,037,10098052,9786,5275,13,5288,117
2020-04-04,Madera,039,155013,55,27,0,27,2
2020-04-04,Marin,041,260295,153,111,0,111,6
2020-04-04,Mariposa,043,17540,0,0,0,0,0
2020-04-04,Mendocino,045,87422,6,4,0,4,0
2020-04-04,Merced,047,269075,49,11,0,11,0
2020-04-04,Modoc,049,8938,0,0,0,0,0
2020-04-04,Mono,051,14174,28,18,0,18,1
2020-04-04,Monterey,053,433212,90,61,1,62,2
2020-04-04,Napa,055,140530,40,15,0,15,2
2020-04-04,Nevada,057,99092,36,19,1,20,1
2020-04-04,Orange,059,3164182,1557,781,9,790,15
2020-04-04,Placer,061,380077,132,87,0,87,2
2020-04-04,Plumas,063,18699,3,2,0,2,0
2020-04-04,Riverside,065,2383286,1794,652,13,665,15
2020-04-04,Sacramento,067,1510023,731,393,0,393,11
2020-04-04,San Benito,069,59416,35,22,0,22,1
2020-04-04,San Bernardino,071,2135413,980,373,0,373,13
2020-04-04,San Diego,073,3302833,1860,1211,0,1211,18
2020-04-04,San Francisco,075,870044,863,537,0,537,6
2020-04-04,San Joaquin,077,732212,292,171,3,174,10
2020-04-04,San Luis Obispo,079,281455,144,82,1,83,0
2020-04-04,San Mateo,081,765935,813,520,2,522,17
2020-04-04,Santa Barbara,083,443738,330,167,1,168,1
2020-04-04,Santa Clara,085,1922200,1601,1045,3,1048,39
2020-04-04,Santa Cruz,087,273765,94,56,0,56,1
2020-04-04,Shasta,089,179085,27,11,0,11,2
2020-04-04,Sierra,091,2930,0,0,0,0,0
2020-04-04,Siskiyou,093,43540,4,3,0,3,0
2020-04-04,Solano,095,438530,153,79,0,79,1
2020-04-04,Sonoma,097,501317,161,88,0,88,1
2020-04-04,Stanislaus,099,539301,143,51,3,54,0
2020-04-04,Sutter,101,95872,22,14,0,14,1
2020-04-04,Tehama,103,63373,1,1,0,1,0
2020-04-04,Trinity,105,12862,0,0,0,0,0
2020-04-04,Tulare,107,460477,267,79,5,84,4
2020-04-04,Tuolumne,109,53932,2,1,0,1,0
2020-04-04,Ventura,111,848112,364,194,0,194,6
2020-04-04,Yolo,113,214977,74,40,0,40,2
2020-04-04,Yuba,115,75493,13,7,0,7,0
2020-04-03,Alameda,001,1643700,858,395,1,396,11
2020-04-03,Alpine,003,1148,1,1,0,1,0
2020-04-03,Amador,005,37829,4,2,0,2,0
2020-04-03,Butte,007,227075,16,8,1,9,0
2020-04-03,Calaveras,009,45235,6,3,0,3,0
2020-04-03,Colusa,011,21464,3,1,0,1,0
2020-04-03,Contra Costa,013,1133247,589,327,0,327,5
2020-04-03,Del Norte,015,27424,2,1,0,1,0
2020-04-03,El Dorado,017,186661,39,16,0,16,0
2020-04-03,Fresno,019,978130,312,98,4,102,1
2020-04-03,Glenn,021,27897,4,2,0,2,0
2020-04-03,Humboldt,023,135768,54,34,0,34,0
2020-04-03,Imperial,025,180216,107,35,0,35,0
2020-04-03,Inyo,027,18085,11,10,0,10,0
2020-04-03,Kern,029,883053,359,87,0,87,1
2020-04-03,Kings,031,150075,37,3,1,4,0
2020-04-03,Lake,033,64148,3,0,0,0,0
2020-04-03,Lassen,035,31185,1,0,2,2,0
2020-04-03,Los Angeles,037,10098052,9171,4566,13,4579,91
2020-04-03,Madera,039,155013,54,28,0,28,2
2020-04-03,Marin,041,260295,151,106,0,106,6
2020-04-03,Mariposa,043,17540,0,0,0,0,0
2020-04-03,Mendocino,045,87422,6,4,0,4,0
2020-04-03,Merced,047,269075,46,9,0,9,0
2020-04-03,Modoc,049,8938,0,0,0,0,0
2020-04-03,Mono,051,14174,28,18,0,18,1
2020-04-03,Monterey,053,433212,87,58,1,59,2
2020-04-03,Napa,055,140530,39,13,0,13,1
2020-04-03,Nevada,057,99092,36,19,1,20,1
2020-04-03,Orange,059,3164182,1518,713,9,722,13
2020-04-03,Placer,061,380077,128,76,0,76,2
2020-04-03,Plumas,063,18699,3,2,0,2,0
2020-04-03,Riverside,065,2383286,1714,540,13,553,14
2020-04-03,Sacramento,067,1510023,710,363,0,363,11
2020-04-03,San Benito,069,59416,35,22,0,22,1
2020-04-03,San Bernardino,071,2135413,935,356,0,356,11
2020-04-03,San Diego,073,3302833,1800,1114,0,1114,17
2020-04-03,San Francisco,075,870044,839,506,0,506,6
2020-04-03,San Joaquin,077,732212,280,162,3,165,10
2020-04-03,San Luis Obispo,079,281455,144,82,1,83,0
2020-04-03,San Mateo,081,765935,796,474,2,476,13
2020-04-03,Santa Barbara,083,443738,318,154,1,155,1
2020-04-03,Santa Clara,085,1922200,1565,983,3,986,39
2020-04-03,Santa Cruz,087,273765,94,52,0,52,1
2020-04-03,Shasta,089,179085,27,10,0,10,1
2020-04-03,Sierra,091,2930,0,0,0,0,0
2020-04-03,Siskiyou,093,43540,4,3,0,3,0
2020-04-03,Solano,095,438530,145,72,0,72,1
2020-04-03,Sonoma,097,501317,161,84,0,84,1
2020-04-03,Stanislaus,099,539301,137,48,3,51,0
2020-04-03,Sutter,101,95872,22,12,0,12,1
2020-04-03,Tehama,103,63373,1,1,0,1,0
2020-04-03,Trinity,105,12862,0,0,0,0,0
2020-04-03,Tulare,107,460477,253,73,5,78,3
2020-04-03,Tuolumne,109,53932,2,1,0,1,0
2020-04-03,Ventura,111,848112,354,186,0,186,6
2020-04-03,Yolo,113,214977,73,33,0,33,1
2020-04-03,Yuba,115,75493,13,6,0,6,0
2020-04-02,Alameda,001,1643700,807,345,1,346,10
2020-04-02,Alpine,003,1148,1,1,0,1,0
2020-04-02,Amador,005,37829,4,2,0,2,0
2020-04-02,Butte,007,227075,16,7,0,7,0
2020-04-02,Calaveras,009,45235,4,3,0,3,0
2020-04-02,Colusa,011,21464,3,1,0,1,0
2020-04-02,Contra Costa,013,1133247,559,297,0,297,3
2020-04-02,Del Norte,015,27424,2,0,0,0,0
2020-04-02,El Dorado,017,186661,37,16,0,16,0
2020-04-02,Fresno,019,978130,296,92,4,96,0
2020-04-02,Glenn,021,27897,3,2,0,2,0
2020-04-02,Humboldt,023,135768,50,23,0,23,0
2020-04-02,Imperial,025,180216,103,24,0,24,0
2020-04-02,Inyo,027,18085,10,8,0,8,0
2020-04-02,Kern,029,883053,332,74,0,74,0
2020-04-02,Kings,031,150075,37,3,1,4,0
2020-04-02,Lake,033,64148,3,0,0,0,0
2020-04-02,Lassen,035,31185,1,0,2,2,0
2020-04-02,Los Angeles,037,10098052,8339,4040,13,4053,79
2020-04-02,Madera,039,155013,52,25,0,25,1
2020-04-02,Marin,041,260295,145,102,0,102,1
2020-04-02,Mariposa,043,17540,0,0,0,0,0
2020-04-02,Mendocino,045,87422,6,4,0,4,0
2020-04-02,Merced,047,269075,41,9,0,9,0
2020-04-02,Modoc,049,8938,0,0,0,0,0
2020-04-02,Mono,051,14174,28,16,0,16,1
2020-04-02,Monterey,053,433212,85,50,1,51,2
2020-04-02,Napa,055,140530,39,13,0,13,0
2020-04-02,Nevada,057,99092,35,17,1,18,0
2020-04-02,Orange,059,3164182,1466,640,8,648,12
2020-04-02,Placer,061,380077,127,72,0,72,2
2020-04-02,Plumas,063,18699,3,1,0,1,0
2020-04-02,Riverside,065,2383286,1597,438,13,451,13
2020-04-02,Sacramento,067,1510023,692,322,0,322,9
2020-04-02,San Benito,069,59416,33,18,0,18,1
2020-04-02,San Bernardino,071,2135413,880,335,0,335,8
2020-04-02,San Diego,073,3302833,1733,968,0,968,16
2020-04-02,San Francisco,075,870044,812,473,0,473,6
2020-04-02,San Joaquin,077,732212,261,148,3,151,9
2020-04-02,San Luis Obispo,079,281455,139,79,1,80,0
2020-04-02,San Mateo,081,765935,775,423,2,425,13
2020-04-02,Santa Barbara,083,443738,304,125,1,126,1
2020-04-02,Santa Clara,085,1922200,1514,908,3,911,38
2020-04-02,Santa Cruz,087,273765,92,49,0,49,1
2020-04-02,Shasta,089,179085,26,7,0,7,1
2020-04-02,Sierra,091,2930,0,0,0,0,0
2020-04-02,Siskiyou,093,43540,4,3,0,3,0
2020-04-02,Solano,095,438530,135,65,0,65,0
2020-04-02,Sonoma,097,501317,157,76,0,76,1
2020-04-02,Stanislaus,099,539301,126,40,3,43,0
2020-04-02,Sutter,101,95872,21,10,0,10,1
2020-04-02,Tehama,103,63373,1,1,0,1,0
2020-04-02,Trinity,105,12862,0,0,0,0,0
2020-04-02,Tulare,107,460477,219,64,5,69,1
2020-04-02,Tuolumne,109,53932,2,1,0,1,0
2020-04-02,Ventura,111,848112,336,178,0,178,5
2020-04-02,Yolo,113,214977,71,29,0,29,1
2020-04-02,Yuba,115,75493,10,5,0,5,0
2020-04-01,Alameda,001,1643700,780,287,1,288,8
2020-04-01,Alpine,003,1148,1,1,0,1,0
2020-04-01,Amador,005,37829,4,1,0,1,0
2020-04-01,Butte,007,227075,16,6,0,6,0
2020-04-01,Calaveras,009,45235,3,3,0,3,0
2020-04-01,Colusa,011,21464,3,1,0,1,0
2020-04-01,Contra Costa,013,1133247,515,267,0,267,3
2020-04-01,Del Norte,015,27424,2,0,0,0,0
2020-04-01,El Dorado,017,186661,36,14,0,14,0
2020-04-01,Fresno,019,978130,274,75,3,78,0
2020-04-01,Glenn,021,27897,3,2,0,2,0
2020-04-01,Humboldt,023,135768,50,19,0,19,0
2020-04-01,Imperial,025,180216,96,25,0,25,0
2020-04-01,Inyo,027,18085,10,8,0,8,0
2020-04-01,Kern,029,883053,305,53,0,53,0
2020-04-01,Kings,031,150075,35,3,1,4,0
2020-04-01,Lake,033,64148,3,0,0,0,0
2020-04-01,Lassen,035,31185,1,0,2,2,0
2020-04-01,Los Angeles,037,10098052,7689,3502,13,3515,66
2020-04-01,Madera,039,155013,50,17,0,17,1
2020-04-01,Marin,041,260295,141,87,0,87,1
2020-04-01,Mariposa,043,17540,0,0,0,0,0
2020-04-01,Mendocino,045,87422,6,4,0,4,0
2020-04-01,Merced,047,269075,38,7,0,7,0
2020-04-01,Modoc,049,8938,0,0,0,0,0
2020-04-01,Mono,051,14174,28,12,0,12,1
2020-04-01,Monterey,053,433212,84,47,1,48,2
2020-04-01,Napa,055,140530,36,11,0,11,0
2020-04-01,Nevada,057,99092,35,15,1,16,0
2020-04-01,Orange,059,3164182,1414,579,8,587,11
2020-04-01,Placer,061,380077,125,52,0,52,2
2020-04-01,Plumas,063,18699,3,1,0,1,0
2020-04-01,Riverside,065,2383286,1429,306,12,318,11
2020-04-01,Sacramento,067,1510023,659,299,0,299,8
2020-04-01,San Benito,069,59416,30,14,0,14,1
2020-04-01,San Bernardino,071,2135413,831,245,0,245,5
2020-04-01,San Diego,073,3302833,1663,851,0,851,11
2020-04-01,San Francisco,075,870044,784,432,0,432,6
2020-04-01,San Joaquin,077,732212,250,132,3,135,8
2020-04-01,San Luis Obispo,079,281455,133,69,1,70,0
2020-04-01,San Mateo,081,765935,757,354,2,356,13
2020-04-01,Santa Barbara,083,443738,286,103,1,104,0
2020-04-01,Santa Clara,085,1922200,1472,805,3,808,33
2020-04-01,Santa Cruz,087,273765,87,44,0,44,1
2020-04-01,Shasta,089,179085,25,5,0,5,1
2020-04-01,Sierra,091,2930,0,0,0,0,0
2020-04-01,Siskiyou,093,43540,4,3,0,3,0
2020-04-01,Solano,095,438530,130,57,0,57,0
2020-04-01,Sonoma,097,501317,153,60,0,60,1
2020-04-01,Stanislaus,099,539301,115,29,3,32,0
2020-04-01,Sutter,101,95872,21,9,0,9,1
2020-04-01,Tehama,103,63373,1,0,0,0,0
2020-04-01,Trinity,105,12862,0,0,0,0,0
2020-04-01,Tulare,107,460477,181,43,5,48,1
2020-04-01,Tuolumne,109,53932,2,1,0,1,0
2020-04-01,Ventura,111,848112,323,154,0,154,5
2020-04-01,Yolo,113,214977,66,22,0,22,1
2020-04-01,Yuba,115,75493,9,5,0,5,0
2020-03-31,Alameda,001,1643700,712,269,1,270,7
2020-03-31,Alpine,003,1148,1,1,0,1,0
2020-03-31,Amador,005,37829,4,1,0,1,0
2020-03-31,Butte,007,227075,16,6,0,6,0
2020-03-31,Calaveras,009,45235,3,3,0,3,0
2020-03-31,Colusa,011,21464,3,1,0,1,0
2020-03-31,Contra Costa,013,1133247,490,246,0,246,3
2020-03-31,Del Norte,015,27424,1,0,0,0,0
2020-03-31,El Dorado,017,186661,32,14,0,14,0
2020-03-31,Fresno,019,978130,249,59,3,62,0
2020-03-31,Glenn,021,27897,3,2,0,2,0
2020-03-31,Humboldt,023,135768,50,18,0,18,0
2020-03-31,Imperial,025,180216,91,17,0,17,0
2020-03-31,Inyo,027,18085,10,8,0,8,0
2020-03-31,Kern,029,883053,281,47,0,47,0
2020-03-31,Kings,031,150075,33,2,1,3,0
2020-03-31,Lake,033,64148,1,0,0,0,0
2020-03-31,Lassen,035,31185,1,0,2,2,0
2020-03-31,Los Angeles,037,10098052,7024,3001,13,3014,53
2020-03-31,Madera,039,155013,49,17,0,17,1
2020-03-31,Marin,041,260295,132,85,0,85,1
2020-03-31,Mariposa,043,17540,0,0,0,0,0
2020-03-31,Mendocino,045,87422,6,4,0,4,0
2020-03-31,Merced,047,269075,33,6,0,6,0
2020-03-31,Modoc,049,8938,0,0,0,0,0
2020-03-31,Mono,051,14174,26,12,0,12,0
2020-03-31,Monterey,053,433212,82,43,1,44,2
2020-03-31,Napa,055,140530,35,9,0,9,0
2020-03-31,Nevada,057,99092,35,15,1,16,0
2020-03-31,Orange,059,3164182,1344,506,8,514,7
2020-03-31,Placer,061,380077,118,49,0,49,2
2020-03-31,Plumas,063,18699,1,0,0,0,0
2020-03-31,Riverside,065,2383286,1283,284,12,296,8
2020-03-31,Sacramento,067,1510023,607,271,0,271,8
2020-03-31,San Benito,069,59416,30,14,0,14,1
2020-03-31,San Bernardino,071,2135413,746,193,0,193,5
2020-03-31,San Diego,073,3302833,1581,736,0,736,9
2020-03-31,San Francisco,075,870044,749,404,0,404,5
2020-03-31,San Joaquin,077,732212,234,122,3,125,7
2020-03-31,San Luis Obispo,079,281455,129,67,1,68,0
2020-03-31,San Mateo,081,765935,738,297,2,299,12
2020-03-31,Santa Barbara,083,443738,270,89,1,90,0
2020-03-31,Santa Clara,085,1922200,1422,777,3,780,30
2020-03-31,Santa Cruz,087,273765,80,40,0,40,1
2020-03-31,Shasta,089,179085,22,5,0,5,1
2020-03-31,Sierra,091,2930,0,0,0,0,0
2020-03-31,Siskiyou,093,43540,4,3,0,3,0
2020-03-31,Solano,095,438530,116,56,0,56,0
2020-03-31,Sonoma,097,501317,148,58,0,58,1
2020-03-31,Stanislaus,099,539301,100,28,3,31,0
2020-03-31,Sutter,101,95872,21,8,0,8,0
2020-03-31,Tehama,103,63373,1,0,0,0,0
2020-03-31,Trinity,105,12862,0,0,0,0,0
2020-03-31,Tulare,107,460477,158,42,4,46,1
2020-03-31,Tuolumne,109,53932,2,1,0,1,0
2020-03-31,Ventura,111,848112,312,143,0,143,4
2020-03-31,Yolo,113,214977,59,21,0,21,1
2020-03-31,Yuba,115,75493,9,5,0,5,0
2020-03-30,Alameda,001,1643700,672,250,1,251,7
2020-03-30,Alpine,003,1148,1,1,0,1,0
2020-03-30,Amador,005,37829,4,1,0,1,0
2020-03-30,Butte,007,227075,14,5,0,5,0
2020-03-30,Calaveras,009,45235,3,3,0,3,0
2020-03-30,Colusa,011,21464,3,1,0,1,0
2020-03-30,Contra Costa,013,1133247,464,212,0,212,3
2020-03-30,Del Norte,015,27424,0,0,0,0,0
2020-03-30,El Dorado,017,186661,32,11,0,11,0
2020-03-30,Fresno,019,978130,224,46,3,49,0
2020-03-30,Glenn,021,27897,3,2,0,2,0
2020-03-30,Humboldt,023,135768,48,11,0,11,0
2020-03-30,Imperial,025,180216,88,9,0,9,0
2020-03-30,Inyo,027,18085,10,5,0,5,0
2020-03-30,Kern,029,883053,248,30,0,30,0
2020-03-30,Kings,031,150075,33,1,1,2,0
2020-03-30,Lake,033,64148,1,0,0,0,0
2020-03-30,Lassen,035,31185,1,0,1,1,0
2020-03-30,Los Angeles,037,10098052,6369,2467,13,2480,44
2020-03-30,Madera,039,155013,48,14,0,14,1
2020-03-30,Marin,041,260295,125,78,0,78,0
2020-03-30,Mariposa,043,17540,0,0,0,0,0
2020-03-30,Mendocino,045,87422,5,2,0,2,0
2020-03-30,Merced,047,269075,29,6,0,6,0
2020-03-30,Modoc,049,8938,0,0,0,0,0
2020-03-30,Mono,051,14174,26,11,0,11,0
2020-03-30,Monterey,053,433212,77,41,1,42,1
2020-03-30,Napa,055,140530,34,9,0,9,0
2020-03-30,Nevada,057,99092,34,14,1,15,0
2020-03-30,Orange,059,3164182,1278,418,8,426,5
2020-03-30,Placer,061,380077,115,44,0,44,2
2020-03-30,Plumas,063,18699,1,0,0,0,0
2020-03-30,Riverside,065,2383286,1203,204,12,216,7
2020-03-30,Sacramento,067,1510023,583,238,0,238,8
2020-03-30,San Benito,069,59416,30,11,0,11,1
2020-03-30,San Bernardino,071,2135413,702,145,0,145,4
2020-03-30,San Diego,073,3302833,1511,605,0,605,7
2020-03-30,San Francisco,075,870044,709,368,0,368,5
2020-03-30,San Joaquin,077,732212,227,112,3,115,5
2020-03-30,San Luis Obispo,079,281455,126,62,1,63,0
2020-03-30,San Mateo,081,765935,714,257,2,259,11
2020-03-30,Santa Barbara,083,443738,260,79,1,80,0
2020-03-30,Santa Clara,085,1922200,1391,745,3,748,31
2020-03-30,Santa Cruz,087,273765,77,36,0,36,1
2020-03-30,Shasta,089,179085,21,4,0,4,1
2020-03-30,Sierra,091,2930,0,0,0,0,0
2020-03-30,Siskiyou,093,43540,4,2,0,2,0
2020-03-30,Solano,095,438530,110,50,0,50,0
2020-03-30,Sonoma,097,501317,145,57,0,57,1
2020-03-30,Stanislaus,099,539301,93,28,3,31,0
2020-03-30,Sutter,101,95872,20,6,0,6,0
2020-03-30,Tehama,103,63373,1,0,0,0,0
2020-03-30,Trinity,105,12862,0,0,0,0,0
2020-03-30,Tulare,107,460477,146,40,3,43,1
2020-03-30,Tuolumne,109,53932,2,1,0,1,0
2020-03-30,Ventura,111,848112,301,118,0,118,2
2020-03-30,Yolo,113,214977,56,17,0,17,1
2020-03-30,Yuba,115,75493,8,5,0,5,0
2020-03-29,Alameda,001,1643700,638,207,1,208,6
2020-03-29,Alpine,003,1148,1,0,0,0,0
2020-03-29,Amador,005,37829,4,1,0,1,0
2020-03-29,Butte,007,227075,14,4,0,4,0
2020-03-29,Calaveras,009,45235,3,2,0,2,0
2020-03-29,Colusa,011,21464,3,1,0,1,0
2020-03-29,Contra Costa,013,1133247,434,187,0,187,3
2020-03-29,Del Norte,015,27424,0,0,0,0,0
2020-03-29,El Dorado,017,186661,31,9,0,9,0
2020-03-29,Fresno,019,978130,200,31,3,34,0
2020-03-29,Glenn,021,27897,2,1,0,1,0
2020-03-29,Humboldt,023,135768,45,9,0,9,0
2020-03-29,Imperial,025,180216,82,9,0,9,0
2020-03-29,Inyo,027,18085,9,0,0,0,0
2020-03-29,Kern,029,883053,230,20,0,20,0
2020-03-29,Kings,031,150075,30,1,1,2,0
2020-03-29,Lake,033,64148,0,0,0,0,0
2020-03-29,Lassen,035,31185,1,0,1,1,0
2020-03-29,Los Angeles,037,10098052,5724,2119,13,2132,37
2020-03-29,Madera,039,155013,43,11,0,11,1
2020-03-29,Marin,041,260295,120,60,0,60,0
2020-03-29,Mariposa,043,17540,0,0,0,0,0
2020-03-29,Mendocino,045,87422,5,2,0,2,0
2020-03-29,Merced,047,269075,28,4,0,4,0
2020-03-29,Modoc,049,8938,0,0,0,0,0
2020-03-29,Mono,051,14174,26,8,0,8,0
2020-03-29,Monterey,053,433212,72,36,1,37,1
2020-03-29,Napa,055,140530,32,5,0,5,0
2020-03-29,Nevada,057,99092,32,13,1,14,0
2020-03-29,Orange,059,3164182,1205,343,8,351,2
2020-03-29,Placer,061,380077,114,35,0,35,2
2020-03-29,Plumas,063,18699,1,0,0,0,0
2020-03-29,Riverside,065,2383286,1079,122,12,134,7
2020-03-29,Sacramento,067,1510023,543,217,0,217,7
2020-03-29,San Benito,069,59416,29,10,0,10,1
2020-03-29,San Bernardino,071,2135413,650,94,0,94,2
2020-03-29,San Diego,073,3302833,1439,521,0,521,7
2020-03-29,San Francisco,075,870044,665,333,0,333,5
2020-03-29,San Joaquin,077,732212,218,86,3,89,4
2020-03-29,San Luis Obispo,079,281455,119,55,0,55,0
2020-03-29,San Mateo,081,765935,689,234,2,236,12
2020-03-29,Santa Barbara,083,443738,249,52,1,53,0
2020-03-29,Santa Clara,085,1922200,1334,591,3,594,30
2020-03-29,Santa Cruz,087,273765,77,33,0,33,1
2020-03-29,Shasta,089,179085,20,4,0,4,1
2020-03-29,Sierra,091,2930,0,0,0,0,0
2020-03-29,Siskiyou,093,43540,4,2,0,2,0
2020-03-29,Solano,095,438530,102,48,0,48,0
2020-03-29,Sonoma,097,501317,143,35,0,35,1
2020-03-29,Stanislaus,099,539301,88,19,3,22,0
2020-03-29,Sutter,101,95872,17,6,0,6,0
2020-03-29,Tehama,103,63373,1,0,0,0,0
2020-03-29,Trinity,105,12862,0,0,0,0,0
2020-03-29,Tulare,107,460477,121,24,3,27,1
2020-03-29,Tuolumne,109,53932,1,1,0,1,0
2020-03-29,Ventura,111,848112,274,92,0,92,2
2020-03-29,Yolo,113,214977,51,13,0,13,1
2020-03-29,Yuba,115,75493,8,3,0,3,0
2020-03-28,Alameda,001,1643700,611,410,1,411,12
2020-03-28,Alpine,003,1148,1,0,0,0,0
2020-03-28,Amador,005,37829,4,2,0,2,0
2020-03-28,Butte,007,227075,14,8,0,8,0
2020-03-28,Calaveras,009,45235,3,4,0,4,0
2020-03-28,Colusa,011,21464,3,2,0,2,0
2020-03-28,Contra Costa,013,1133247,411,350,0,350,4
2020-03-28,Del Norte,015,27424,0,0,0,0,0
2020-03-28,El Dorado,017,186661,30,18,0,18,0
2020-03-28,Fresno,019,978130,190,62,3,65,0
2020-03-28,Glenn,021,27897,2,2,0,2,0
2020-03-28,Humboldt,023,135768,45,18,0,18,0
2020-03-28,Imperial,025,180216,77,18,0,18,0
2020-03-28,Inyo,027,18085,9,0,0,0,0
2020-03-28,Kern,029,883053,213,40,0,40,0
2020-03-28,Kings,031,150075,29,2,1,3,0
2020-03-28,Lake,033,64148,0,0,0,0,0
2020-03-28,Lassen,035,31185,1,0,1,1,0
2020-03-28,Los Angeles,037,10098052,5337,3600,12,3612,64
2020-03-28,Madera,039,155013,43,22,0,22,2
2020-03-28,Marin,041,260295,115,116,0,116,0
2020-03-28,Mariposa,043,17540,0,0,0,0,0
2020-03-28,Mendocino,045,87422,5,4,0,4,0
2020-03-28,Merced,047,269075,27,8,0,8,0
2020-03-28,Modoc,049,8938,0,0,0,0,0
2020-03-28,Mono,051,14174,24,12,0,12,0
2020-03-28,Monterey,053,433212,71,64,1,65,2
2020-03-28,Napa,055,140530,27,10,0,10,0
2020-03-28,Nevada,057,99092,32,22,1,23,0
2020-03-28,Orange,059,3164182,1169,656,8,664,4
2020-03-28,Placer,061,380077,109,70,0,70,2
2020-03-28,Plumas,063,18699,1,0,0,0,0
2020-03-28,Riverside,065,2383286,1011,242,12,254,14
2020-03-28,Sacramento,067,1510023,525,406,0,406,14
2020-03-28,San Benito,069,59416,29,20,0,20,2
2020-03-28,San Bernardino,071,2135413,602,162,0,162,4
2020-03-28,San Diego,073,3302833,1380,980,0,980,14
2020-03-28,San Francisco,075,870044,641,600,0,600,6
2020-03-28,San Joaquin,077,732212,210,166,3,169,8
2020-03-28,San Luis Obispo,079,281455,117,104,0,104,0
2020-03-28,San Mateo,081,765935,669,462,2,464,17
2020-03-28,Santa Barbara,083,443738,238,98,1,99,0
2020-03-28,Santa Clara,085,1922200,1315,1174,3,1177,54
2020-03-28,Santa Cruz,087,273765,76,62,0,62,0
2020-03-28,Shasta,089,179085,20,8,0,8,2
2020-03-28,Sierra,091,2930,0,0,0,0,0
2020-03-28,Siskiyou,093,43540,4,4,0,4,0
2020-03-28,Solano,095,438530,98,96,0,96,0
2020-03-28,Sonoma,097,501317,141,70,0,70,2
2020-03-28,Stanislaus,099,539301,83,34,3,37,0
2020-03-28,Sutter,101,95872,17,6,0,6,0
2020-03-28,Tehama,103,63373,1,0,0,0,0
2020-03-28,Trinity,105,12862,0,0,0,0,0
2020-03-28,Tulare,107,460477,114,46,3,49,0
2020-03-28,Tuolumne,109,53932,1,2,0,2,0
2020-03-28,Ventura,111,848112,270,178,0,178,4
2020-03-28,Yolo,113,214977,50,26,0,26,2
2020-03-28,Yuba,115,75493,8,6,0,6,0
2020-03-27,Alameda,001,1643700,593,185,1,186,4
2020-03-27,Alpine,003,1148,1,0,0,0,0
2020-03-27,Amador,005,37829,3,1,0,1,0
2020-03-27,Butte,007,227075,12,4,0,4,0
2020-03-27,Calaveras,009,45235,3,2,0,2,0
2020-03-27,Colusa,011,21464,3,0,0,0,0
2020-03-27,Contra Costa,013,1133247,390,161,0,161,2
2020-03-27,Del Norte,015,27424,0,0,0,0,0
2020-03-27,El Dorado,017,186661,28,9,0,9,0
2020-03-27,Fresno,019,978130,178,29,2,31,0
2020-03-27,Glenn,021,27897,2,0,0,0,0
2020-03-27,Humboldt,023,135768,41,9,0,9,0
2020-03-27,Imperial,025,180216,72,9,0,9,0
2020-03-27,Inyo,027,18085,9,0,0,0,0
2020-03-27,Kern,029,883053,200,20,0,20,0
2020-03-27,Kings,031,150075,28,0,1,1,0
2020-03-27,Lake,033,64148,0,0,0,0,0
2020-03-27,Lassen,035,31185,1,0,1,1,0
2020-03-27,Los Angeles,037,10098052,4926,1474,12,1486,26
2020-03-27,Madera,039,155013,41,10,0,10,1
2020-03-27,Marin,041,260295,110,58,0,58,0
2020-03-27,Mariposa,043,17540,0,0,0,0,0
2020-03-27,Mendocino,045,87422,5,2,0,2,0
2020-03-27,Merced,047,269075,26,3,0,3,0
2020-03-27,Modoc,049,8938,0,0,0,0,0
2020-03-27,Mono,051,14174,24,6,0,6,0
2020-03-27,Monterey,053,433212,68,26,1,27,1
2020-03-27,Napa,055,140530,27,5,0,5,0
2020-03-27,Nevada,057,99092,32,6,1,7,0
2020-03-27,Orange,059,3164182,1119,299,8,307,2
2020-03-27,Placer,061,380077,106,33,0,33,1
2020-03-27,Plumas,063,18699,0,0,0,0,0
2020-03-27,Riverside,065,2383286,955,121,12,133,7
2020-03-27,Sacramento,067,1510023,502,163,0,163,6
2020-03-27,San Benito,069,59416,28,9,0,9,1
2020-03-27,San Bernardino,071,2135413,512,77,0,77,2
2020-03-27,San Diego,073,3302833,1323,419,0,419,5
2020-03-27,San Francisco,075,870044,616,285,0,285,2
2020-03-27,San Joaquin,077,732212,199,73,3,76,3
2020-03-27,San Luis Obispo,079,281455,115,46,0,46,0
2020-03-27,San Mateo,081,765935,643,213,2,215,7
2020-03-27,Santa Barbara,083,443738,222,37,1,38,0
2020-03-27,Santa Clara,085,1922200,1277,557,3,560,25
2020-03-27,Santa Cruz,087,273765,75,31,0,31,0
2020-03-27,Shasta,089,179085,17,3,0,3,1
2020-03-27,Sierra,091,2930,0,0,0,0,0
2020-03-27,Siskiyou,093,43540,4,2,0,2,0
2020-03-27,Solano,095,438530,92,48,0,48,0
2020-03-27,Sonoma,097,501317,133,35,0,35,1
2020-03-27,Stanislaus,099,539301,81,16,3,19,0
2020-03-27,Sutter,101,95872,16,2,0,2,0
2020-03-27,Tehama,103,63373,1,0,0,0,0
2020-03-27,Trinity,105,12862,0,0,0,0,0
2020-03-27,Tulare,107,460477,106,15,3,18,0
2020-03-27,Tuolumne,109,53932,1,1,0,1,0
2020-03-27,Ventura,111,848112,261,80,0,80,2
2020-03-27,Yolo,113,214977,49,13,0,13,1
2020-03-27,Yuba,115,75493,7,3,0,3,0
2020-03-26,Alameda,001,1643700,553,172,1,173,4
2020-03-26,Alpine,003,1148,1,0,0,0,0
2020-03-26,Amador,005,37829,3,1,0,1,0
2020-03-26,Butte,007,227075,12,4,0,4,0
2020-03-26,Calaveras,009,45235,3,2,0,2,0
2020-03-26,Colusa,011,21464,3,0,0,0,0
2020-03-26,Contra Costa,013,1133247,380,147,0,147,2
2020-03-26,Del Norte,015,27424,0,0,0,0,0
2020-03-26,El Dorado,017,186661,26,7,0,7,0
2020-03-26,Fresno,019,978130,169,25,2,27,0
2020-03-26,Glenn,021,27897,2,0,0,0,0
2020-03-26,Humboldt,023,135768,37,8,0,8,0
2020-03-26,Imperial,025,180216,68,8,0,8,0
2020-03-26,Inyo,027,18085,8,0,0,0,0
2020-03-26,Kern,029,883053,184,20,0,20,0
2020-03-26,Kings,031,150075,28,0,1,1,0
2020-03-26,Lake,033,64148,0,0,0,0,0
2020-03-26,Lassen,035,31185,1,0,1,1,0
2020-03-26,Los Angeles,037,10098052,4523,1075,12,1087,19
2020-03-26,Madera,039,155013,39,8,0,8,0
2020-03-26,Marin,041,260295,101,56,0,56,0
2020-03-26,Mariposa,043,17540,0,0,0,0,0
2020-03-26,Mendocino,045,87422,4,1,0,1,0
2020-03-26,Merced,047,269075,23,1,0,1,0
2020-03-26,Modoc,049,8938,0,0,0,0,0
2020-03-26,Mono,051,14174,23,5,0,5,0
2020-03-26,Monterey,053,433212,65,25,1,26,1
2020-03-26,Napa,055,140530,26,5,0,5,0
2020-03-26,Nevada,057,99092,32,7,1,8,0
2020-03-26,Orange,059,3164182,1057,279,8,287,1
2020-03-26,Placer,061,380077,103,34,0,34,1
2020-03-26,Plumas,063,18699,0,0,0,0,0
2020-03-26,Riverside,065,2383286,884,118,12,130,7
2020-03-26,Sacramento,067,1510023,469,147,0,147,5
2020-03-26,San Benito,069,59416,28,8,0,8,1
2020-03-26,San Bernardino,071,2135413,446,57,0,57,1
2020-03-26,San Diego,073,3302833,1256,299,0,299,2
2020-03-26,San Francisco,075,870044,589,261,0,261,1
2020-03-26,San Joaquin,077,732212,188,69,3,72,3
2020-03-26,San Luis Obispo,079,281455,110,38,0,38,0
2020-03-26,San Mateo,081,765935,609,122,2,124,5
2020-03-26,Santa Barbara,083,443738,206,33,1,34,0
2020-03-26,Santa Clara,085,1922200,1232,487,2,489,20
2020-03-26,Santa Cruz,087,273765,71,30,0,30,0
2020-03-26,Shasta,089,179085,17,3,0,3,1
2020-03-26,Sierra,091,2930,0,0,0,0,0
2020-03-26,Siskiyou,093,43540,4,2,0,2,0
2020-03-26,Solano,095,438530,84,41,0,41,0
2020-03-26,Sonoma,097,501317,128,33,0,33,1
2020-03-26,Stanislaus,099,539301,79,15,3,18,0
2020-03-26,Sutter,101,95872,12,2,0,2,0
2020-03-26,Tehama,103,63373,1,0,0,0,0
2020-03-26,Trinity,105,12862,0,0,0,0,0
2020-03-26,Tulare,107,460477,97,15,3,18,0
2020-03-26,Tuolumne,109,53932,1,0,0,0,0
2020-03-26,Ventura,111,848112,245,70,0,70,1
2020-03-26,Yolo,113,214977,45,13,0,13,1
2020-03-26,Yuba,115,75493,7,3,0,3,0
2020-03-25,Alameda,001,1643700,532,134,1,135,3
2020-03-25,Alpine,003,1148,1,0,0,0,0
2020-03-25,Amador,005,37829,3,1,0,1,0
2020-03-25,Butte,007,227075,12,4,0,4,0
2020-03-25,Calaveras,009,45235,3,2,0,2,0
2020-03-25,Colusa,011,21464,2,0,0,0,0
2020-03-25,Contra Costa,013,1133247,366,131,0,131,1
2020-03-25,Del Norte,015,27424,0,0,0,0,0
2020-03-25,El Dorado,017,186661,26,5,0,5,0
2020-03-25,Fresno,019,978130,151,21,2,23,0
2020-03-25,Glenn,021,27897,2,0,0,0,0
2020-03-25,Humboldt,023,135768,34,3,0,3,0
2020-03-25,Imperial,025,180216,60,8,0,8,0
2020-03-25,Inyo,027,18085,5,0,0,0,0
2020-03-25,Kern,029,883053,164,13,0,13,0
2020-03-25,Kings,031,150075,26,0,1,1,0
2020-03-25,Lake,033,64148,0,0,0,0,0
2020-03-25,Lassen,035,31185,1,0,1,1,0
2020-03-25,Los Angeles,037,10098052,4128,725,12,737,10
2020-03-25,Madera,039,155013,37,6,0,6,0
2020-03-25,Marin,041,260295,95,47,0,47,0
2020-03-25,Mariposa,043,17540,0,0,0,0,0
2020-03-25,Mendocino,045,87422,3,1,0,1,0
2020-03-25,Merced,047,269075,19,0,0,0,0
2020-03-25,Modoc,049,8938,0,0,0,0,0
2020-03-25,Mono,051,14174,22,4,0,4,0
2020-03-25,Monterey,053,433212,62,23,1,24,1
2020-03-25,Napa,055,140530,26,5,0,5,0
2020-03-25,Nevada,057,99092,31,5,1,6,0
2020-03-25,Orange,059,3164182,999,214,8,222,1
2020-03-25,Placer,061,380077,97,30,0,30,1
2020-03-25,Plumas,063,18699,0,1,0,1,0
2020-03-25,Riverside,065,2383286,813,87,12,99,5
2020-03-25,Sacramento,067,1510023,443,114,0,114,5
2020-03-25,San Benito,069,59416,27,4,0,4,1
2020-03-25,San Bernardino,071,2135413,407,46,0,46,1
2020-03-25,San Diego,073,3302833,1194,238,0,238,2
2020-03-25,San Francisco,075,870044,548,212,0,212,1
2020-03-25,San Joaquin,077,732212,175,64,3,67,2
2020-03-25,San Luis Obispo,079,281455,105,35,0,35,0
2020-03-25,San Mateo,081,765935,574,111,2,113,5
2020-03-25,Santa Barbara,083,443738,195,25,1,26,0
2020-03-25,Santa Clara,085,1922200,1188,452,2,454,20
2020-03-25,Santa Cruz,087,273765,68,26,0,26,0
2020-03-25,Shasta,089,179085,16,3,0,3,1
2020-03-25,Sierra,091,2930,0,0,0,0,0
2020-03-25,Siskiyou,093,43540,4,2,0,2,0
2020-03-25,Solano,095,438530,79,39,0,39,0
2020-03-25,Sonoma,097,501317,123,31,0,31,1
2020-03-25,Stanislaus,099,539301,72,14,3,17,0
2020-03-25,Sutter,101,95872,9,1,0,1,0
2020-03-25,Tehama,103,63373,1,0,0,0,0
2020-03-25,Trinity,105,12862,0,0,0,0,0
2020-03-25,Tulare,107,460477,87,11,3,14,0
2020-03-25,Tuolumne,109,53932,1,0,0,0,0
2020-03-25,Ventura,111,848112,229,53,0,53,1
2020-03-25,Yolo,113,214977,43,9,0,9,1
2020-03-25,Yuba,115,75493,7,2,0,2,0
2020-03-24,Alameda,001,1643700,499,96,1,97,2
2020-03-24,Alpine,003,1148,1,0,0,0,0
2020-03-24,Amador,005,37829,1,1,0,1,0
2020-03-24,Butte,007,227075,11,3,0,3,0
2020-03-24,Calaveras,009,45235,2,2,0,2,0
2020-03-24,Colusa,011,21464,2,0,0,0,0
2020-03-24,Contra Costa,013,1133247,352,108,0,108,1
2020-03-24,Del Norte,015,27424,0,0,0,0,0
2020-03-24,El Dorado,017,186661,26,3,0,3,0
2020-03-24,Fresno,019,978130,132,18,2,20,0
2020-03-24,Glenn,021,27897,2,0,0,0,0
2020-03-24,Humboldt,023,135768,32,2,0,2,0
2020-03-24,Imperial,025,180216,57,3,0,3,0
2020-03-24,Inyo,027,18085,5,0,0,0,0
2020-03-24,Kern,029,883053,144,5,0,5,0
2020-03-24,Kings,031,150075,25,0,1,1,0
2020-03-24,Lake,033,64148,0,0,0,0,0
2020-03-24,Lassen,035,31185,1,0,1,1,0
2020-03-24,Los Angeles,037,10098052,3676,633,12,645,7
2020-03-24,Madera,039,155013,36,6,0,6,0
2020-03-24,Marin,041,260295,84,44,0,44,0
2020-03-24,Mariposa,043,17540,0,0,0,0,0
2020-03-24,Mendocino,045,87422,3,1,0,1,0
2020-03-24,Merced,047,269075,17,0,0,0,0
2020-03-24,Modoc,049,8938,0,0,0,0,0
2020-03-24,Mono,051,14174,21,1,0,1,0
2020-03-24,Monterey,053,433212,58,23,1,24,1
2020-03-24,Napa,055,140530,23,2,0,2,0
2020-03-24,Nevada,057,99092,30,4,1,5,0
2020-03-24,Orange,059,3164182,937,166,8,174,0
2020-03-24,Placer,061,380077,90,22,0,22,1
2020-03-24,Plumas,063,18699,0,1,0,1,0
2020-03-24,Riverside,065,2383286,746,56,12,68,5
2020-03-24,Sacramento,067,1510023,424,93,0,93,4
2020-03-24,San Benito,069,59416,26,4,0,4,1
2020-03-24,San Bernardino,071,2135413,363,27,0,27,0
2020-03-24,San Diego,073,3302833,1127,231,0,231,2
2020-03-24,San Francisco,075,870044,516,181,0,181,1
2020-03-24,San Joaquin,077,732212,164,52,3,55,2
2020-03-24,San Luis Obispo,079,281455,102,32,0,32,0
2020-03-24,San Mateo,081,765935,533,100,2,102,2
2020-03-24,Santa Barbara,083,443738,189,20,1,21,0
2020-03-24,Santa Clara,085,1922200,1119,389,2,391,17
2020-03-24,Santa Cruz,087,273765,63,22,0,22,0
2020-03-24,Shasta,089,179085,15,3,0,3,0
2020-03-24,Sierra,091,2930,0,0,0,0,0
2020-03-24,Siskiyou,093,43540,4,2,0,2,0
2020-03-24,Solano,095,438530,77,34,0,34,0
2020-03-24,Sonoma,097,501317,116,27,0,27,1
2020-03-24,Stanislaus,099,539301,63,13,3,16,0
2020-03-24,Sutter,101,95872,9,0,0,0,0
2020-03-24,Tehama,103,63373,1,0,0,0,0
2020-03-24,Trinity,105,12862,0,0,0,0,0
2020-03-24,Tulare,107,460477,77,10,3,13,0
2020-03-24,Tuolumne,109,53932,1,0,0,0,0
2020-03-24,Ventura,111,848112,213,44,0,44,1
2020-03-24,Yolo,113,214977,39,8,0,8,0
2020-03-24,Yuba,115,75493,7,2,0,2,0
2020-03-23,Alameda,001,1643700,468,88,1,89,1
2020-03-23,Alpine,003,1148,1,0,0,0,0
2020-03-23,Amador,005,37829,1,1,0,1,0
2020-03-23,Butte,007,227075,11,2,0,2,0
2020-03-23,Calaveras,009,45235,2,2,0,2,0
2020-03-23,Colusa,011,21464,1,0,0,0,0
2020-03-23,Contra Costa,013,1133247,332,91,0,91,2
2020-03-23,Del Norte,015,27424,0,0,0,0,0
2020-03-23,El Dorado,017,186661,25,3,0,3,0
2020-03-23,Fresno,019,978130,122,10,2,12,0
2020-03-23,Glenn,021,27897,2,0,0,0,0
2020-03-23,Humboldt,023,135768,30,2,0,2,0
2020-03-23,Imperial,025,180216,53,2,0,2,0
2020-03-23,Inyo,027,18085,3,0,0,0,0
2020-03-23,Kern,029,883053,130,5,0,5,0
2020-03-23,Kings,031,150075,25,0,1,1,0
2020-03-23,Lake,033,64148,0,0,0,0,0
2020-03-23,Lassen,035,31185,1,0,1,1,0
2020-03-23,Los Angeles,037,10098052,3372,389,12,401,4
2020-03-23,Madera,039,155013,36,4,0,4,0
2020-03-23,Marin,041,260295,79,30,0,30,0
2020-03-23,Mariposa,043,17540,0,0,0,0,0
2020-03-23,Mendocino,045,87422,3,1,0,1,0
2020-03-23,Merced,047,269075,11,0,0,0,0
2020-03-23,Modoc,049,8938,0,0,0,0,0
2020-03-23,Mono,051,14174,19,1,0,1,0
2020-03-23,Monterey,053,433212,53,14,1,15,1
2020-03-23,Napa,055,140530,21,1,0,1,0
2020-03-23,Nevada,057,99092,27,2,1,3,0
2020-03-23,Orange,059,3164182,882,138,7,145,0
2020-03-23,Placer,061,380077,87,19,0,19,1
2020-03-23,Plumas,063,18699,0,0,0,0,0
2020-03-23,Riverside,065,2383286,703,39,12,51,5
2020-03-23,Sacramento,067,1510023,391,87,0,87,4
2020-03-23,San Benito,069,59416,25,4,0,4,1
2020-03-23,San Bernardino,071,2135413,333,17,0,17,0
2020-03-23,San Diego,073,3302833,1068,178,0,178,1
2020-03-23,San Francisco,075,870044,487,152,0,152,0
2020-03-23,San Joaquin,077,732212,153,37,3,40,2
2020-03-23,San Luis Obispo,079,281455,96,23,0,23,0
2020-03-23,San Mateo,081,765935,495,88,2,90,1
2020-03-23,Santa Barbara,083,443738,168,18,1,19,0
2020-03-23,Santa Clara,085,1922200,1071,336,2,338,13
2020-03-23,Santa Cruz,087,273765,61,21,0,21,0
2020-03-23,Shasta,089,179085,13,2,0,2,0
2020-03-23,Sierra,091,2930,0,0,0,0,0
2020-03-23,Siskiyou,093,43540,4,2,0,2,0
2020-03-23,Solano,095,438530,73,33,0,33,0
2020-03-23,Sonoma,097,501317,104,19,0,19,1
2020-03-23,Stanislaus,099,539301,55,10,3,13,0
2020-03-23,Sutter,101,95872,9,0,0,0,0
2020-03-23,Tehama,103,63373,1,0,0,0,0
2020-03-23,Trinity,105,12862,0,0,0,0,0
2020-03-23,Tulare,107,460477,68,9,3,12,0
2020-03-23,Tuolumne,109,53932,1,0,0,0,0
2020-03-23,Ventura,111,848112,196,30,0,30,0
2020-03-23,Yolo,113,214977,38,8,0,8,0
2020-03-23,Yuba,115,75493,7,2,0,2,0
2020-03-22,Alameda,001,1643700,429,72,1,73,1
2020-03-22,Alpine,003,1148,1,0,0,0,0
2020-03-22,Amador,005,37829,1,1,0,1,0
2020-03-22,Butte,007,227075,8,1,0,1,0
2020-03-22,Calaveras,009,45235,2,2,0,2,0
2020-03-22,Colusa,011,21464,1,0,0,0,0
2020-03-22,Contra Costa,013,1133247,305,79,0,79,1
2020-03-22,Del Norte,015,27424,0,0,0,0,0
2020-03-22,El Dorado,017,186661,23,1,0,1,0
2020-03-22,Fresno,019,978130,102,8,2,10,0
2020-03-22,Glenn,021,27897,2,0,0,0,0
2020-03-22,Humboldt,023,135768,27,1,0,1,0
2020-03-22,Imperial,025,180216,51,2,0,2,0
2020-03-22,Inyo,027,18085,1,0,0,0,0
2020-03-22,Kern,029,883053,114,3,0,3,0
2020-03-22,Kings,031,150075,22,0,1,1,0
2020-03-22,Lake,033,64148,0,0,0,0,0
2020-03-22,Lassen,035,31185,1,0,1,1,0
2020-03-22,Los Angeles,037,10098052,3051,384,12,396,3
2020-03-22,Madera,039,155013,33,4,0,4,0
2020-03-22,Marin,041,260295,69,30,0,30,0
2020-03-22,Mariposa,043,17540,0,0,0,0,0
2020-03-22,Mendocino,045,87422,3,1,0,1,0
2020-03-22,Merced,047,269075,7,0,0,0,0
2020-03-22,Modoc,049,8938,0,0,0,0,0
2020-03-22,Mono,051,14174,14,1,0,1,0
2020-03-22,Monterey,053,433212,50,14,1,15,1
2020-03-22,Napa,055,140530,17,1,0,1,0
2020-03-22,Nevada,057,99092,23,2,1,3,0
2020-03-22,Orange,059,3164182,810,102,4,106,0
2020-03-22,Placer,061,380077,84,18,0,18,1
2020-03-22,Plumas,063,18699,0,0,0,0,0
2020-03-22,Riverside,065,2383286,613,26,8,34,5
2020-03-22,Sacramento,067,1510023,359,82,0,82,4
2020-03-22,San Benito,069,59416,20,4,0,4,1
2020-03-22,San Bernardino,071,2135413,290,16,0,16,0
2020-03-22,San Diego,073,3302833,980,161,0,161,0
2020-03-22,San Francisco,075,870044,450,134,0,134,0
2020-03-22,San Joaquin,077,732212,139,30,3,33,2
2020-03-22,San Luis Obispo,079,281455,90,19,0,19,0
2020-03-22,San Mateo,081,765935,462,82,2,84,1
2020-03-22,Santa Barbara,083,443738,150,16,1,17,0
2020-03-22,Santa Clara,085,1922200,1007,284,2,286,13
2020-03-22,Santa Cruz,087,273765,60,19,0,19,0
2020-03-22,Shasta,089,179085,13,1,0,1,0
2020-03-22,Sierra,091,2930,0,0,0,0,0
2020-03-22,Siskiyou,093,43540,4,2,0,2,0
2020-03-22,Solano,095,438530,64,30,0,30,0
2020-03-22,Sonoma,097,501317,99,18,0,18,1
2020-03-22,Stanislaus,099,539301,49,8,3,11,0
2020-03-22,Sutter,101,95872,8,0,0,0,0
2020-03-22,Tehama,103,63373,0,0,0,0,0
2020-03-22,Trinity,105,12862,0,0,0,0,0
2020-03-22,Tulare,107,460477,62,5,3,8,0
2020-03-22,Tuolumne,109,53932,1,0,0,0,0
2020-03-22,Ventura,111,848112,174,26,0,26,0
2020-03-22,Yolo,113,214977,32,6,0,6,0
2020-03-22,Yuba,115,75493,7,2,0,2,0
2020-03-21,Alameda,001,1643700,405,62,1,63,0
2020-03-21,Alpine,003,1148,1,0,0,0,0
2020-03-21,Amador,005,37829,1,1,0,1,0
2020-03-21,Butte,007,227075,7,1,0,1,0
2020-03-21,Calaveras,009,45235,2,2,0,2,0
2020-03-21,Colusa,011,21464,1,0,0,0,0
2020-03-21,Contra Costa,013,1133247,294,62,0,62,1
2020-03-21,Del Norte,015,27424,0,0,0,0,0
2020-03-21,El Dorado,017,186661,20,1,0,1,0
2020-03-21,Fresno,019,978130,98,8,2,10,0
2020-03-21,Glenn,021,27897,2,0,0,0,0
2020-03-21,Humboldt,023,135768,25,1,0,1,0
2020-03-21,Imperial,025,180216,47,2,0,2,0
2020-03-21,Inyo,027,18085,1,0,0,0,0
2020-03-21,Kern,029,883053,108,3,0,3,0
2020-03-21,Kings,031,150075,22,0,1,1,0
2020-03-21,Lake,033,64148,0,0,0,0,0
2020-03-21,Lassen,035,31185,1,0,1,1,0
2020-03-21,Los Angeles,037,10098052,2778,322,12,334,2
2020-03-21,Madera,039,155013,33,4,0,4,0
2020-03-21,Marin,041,260295,64,30,0,30,0
2020-03-21,Mariposa,043,17540,0,0,0,0,0
2020-03-21,Mendocino,045,87422,3,1,0,1,0
2020-03-21,Merced,047,269075,6,0,0,0,0
2020-03-21,Modoc,049,8938,0,0,0,0,0
2020-03-21,Mono,051,14174,14,1,0,1,0
2020-03-21,Monterey,053,433212,47,8,1,9,1
2020-03-21,Napa,055,140530,17,0,0,0,0
2020-03-21,Nevada,057,99092,23,2,1,3,0
2020-03-21,Orange,059,3164182,761,85,4,89,0
2020-03-21,Placer,061,380077,75,11,0,11,1
2020-03-21,Plumas,063,18699,0,0,0,0,0
2020-03-21,Riverside,065,2383286,566,20,8,28,3
2020-03-21,Sacramento,067,1510023,332,66,0,66,3
2020-03-21,San Benito,069,59416,18,4,0,4,1
2020-03-21,San Bernardino,071,2135413,270,13,0,13,0
2020-03-21,San Diego,073,3302833,903,121,0,121,0
2020-03-21,San Francisco,075,870044,414,106,0,106,0
2020-03-21,San Joaquin,077,732212,130,26,3,29,2
2020-03-21,San Luis Obispo,079,281455,85,16,0,16,0
2020-03-21,San Mateo,081,765935,424,78,2,80,1
2020-03-21,Santa Barbara,083,443738,135,8,1,9,0
2020-03-21,Santa Clara,085,1922200,946,269,2,271,10
2020-03-21,Santa Cruz,087,273765,58,17,0,17,0
2020-03-21,Shasta,089,179085,12,1,0,1,0
2020-03-21,Sierra,091,2930,0,0,0,0,0
2020-03-21,Siskiyou,093,43540,4,0,0,0,0
2020-03-21,Solano,095,438530,62,30,0,30,0
2020-03-21,Sonoma,097,501317,98,15,0,15,1
2020-03-21,Stanislaus,099,539301,43,7,3,10,0
2020-03-21,Sutter,101,95872,7,0,0,0,0
2020-03-21,Tehama,103,63373,0,0,0,0,0
2020-03-21,Trinity,105,12862,0,0,0,0,0
2020-03-21,Tulare,107,460477,54,5,3,8,0
2020-03-21,Tuolumne,109,53932,1,0,0,0,0
2020-03-21,Ventura,111,848112,166,22,0,22,0
2020-03-21,Yolo,113,214977,32,6,0,6,0
2020-03-21,Yuba,115,75493,7,1,0,1,0
2020-03-20,Alameda,001,1643700,384,42,1,43,0
2020-03-20,Alpine,003,1148,1,0,0,0,0
2020-03-20,Amador,005,37829,0,0,0,0,0
2020-03-20,Butte,007,227075,7,0,0,0,0
2020-03-20,Calaveras,009,45235,2,2,0,2,0
2020-03-20,Colusa,011,21464,1,0,0,0,0
2020-03-20,Contra Costa,013,1133247,264,52,0,52,1
2020-03-20,Del Norte,015,27424,0,0,0,0,0
2020-03-20,El Dorado,017,186661,19,1,0,1,0
2020-03-20,Fresno,019,978130,95,7,2,9,0
2020-03-20,Glenn,021,27897,1,0,0,0,0
2020-03-20,Humboldt,023,135768,25,1,0,1,0
2020-03-20,Imperial,025,180216,46,2,0,2,0
2020-03-20,Inyo,027,18085,0,0,0,0,0
2020-03-20,Kern,029,883053,93,3,0,3,0
2020-03-20,Kings,031,150075,21,0,1,1,0
2020-03-20,Lake,033,64148,0,0,0,0,0
2020-03-20,Lassen,035,31185,1,0,1,1,0
2020-03-20,Los Angeles,037,10098052,2552,267,11,278,1
2020-03-20,Madera,039,155013,32,4,0,4,0
2020-03-20,Marin,041,260295,61,30,0,30,0
2020-03-20,Mariposa,043,17540,0,0,0,0,0
2020-03-20,Mendocino,045,87422,3,1,0,1,0
2020-03-20,Merced,047,269075,6,0,0,0,0
2020-03-20,Modoc,049,8938,0,0,0,0,0
2020-03-20,Mono,051,14174,14,0,0,0,0
2020-03-20,Monterey,053,433212,46,4,1,5,0
2020-03-20,Napa,055,140530,16,0,0,0,0
2020-03-20,Nevada,057,99092,20,2,1,3,0
2020-03-20,Orange,059,3164182,714,71,4,75,2
2020-03-20,Placer,061,380077,69,9,0,9,1
2020-03-20,Plumas,063,18699,0,0,0,0,0
2020-03-20,Riverside,065,2383286,507,19,8,27,3
2020-03-20,Sacramento,067,1510023,311,56,0,56,4
2020-03-20,San Benito,069,59416,18,4,0,4,1
2020-03-20,San Bernardino,071,2135413,243,9,0,9,0
2020-03-20,San Diego,073,3302833,851,98,0,98,0
2020-03-20,San Francisco,075,870044,382,87,0,87,0
2020-03-20,San Joaquin,077,732212,115,18,3,21,2
2020-03-20,San Luis Obispo,079,281455,81,11,0,11,0
2020-03-20,San Mateo,081,765935,394,71,2,73,1
2020-03-20,Santa Barbara,083,443738,118,7,1,8,0
2020-03-20,Santa Clara,085,1922200,908,246,2,248,8
2020-03-20,Santa Cruz,087,273765,56,13,0,13,0
2020-03-20,Shasta,089,179085,11,1,0,1,0
2020-03-20,Sierra,091,2930,0,0,0,0,0
2020-03-20,Siskiyou,093,43540,4,0,0,0,0
2020-03-20,Solano,095,438530,58,29,0,29,0
2020-03-20,Sonoma,097,501317,90,7,0,7,0
2020-03-20,Stanislaus,099,539301,37,7,3,10,0
2020-03-20,Sutter,101,95872,7,0,0,0,0
2020-03-20,Tehama,103,63373,0,0,0,0,0
2020-03-20,Trinity,105,12862,0,0,0,0,0
2020-03-20,Tulare,107,460477,50,4,3,7,0
2020-03-20,Tuolumne,109,53932,1,0,0,0,0
2020-03-20,Ventura,111,848112,156,18,0,18,0
2020-03-20,Yolo,113,214977,30,5,0,5,0
2020-03-20,Yuba,115,75493,6,0,0,0,0
2020-03-19,Alameda,001,1643700,348,36,1,37,0
2020-03-19,Alpine,003,1148,1,0,0,0,0
2020-03-19,Amador,005,37829,0,0,0,0,0
2020-03-19,Butte,007,227075,5,0,0,0,0
2020-03-19,Calaveras,009,45235,2,2,0,2,0
2020-03-19,Colusa,011,21464,0,0,0,0,0
2020-03-19,Contra Costa,013,1133247,248,46,0,46,0
2020-03-19,Del Norte,015,27424,0,0,0,0,0
2020-03-19,El Dorado,017,186661,17,0,0,0,0
2020-03-19,Fresno,019,978130,86,6,2,8,0
2020-03-19,Glenn,021,27897,1,0,0,0,0
2020-03-19,Humboldt,023,135768,23,1,0,1,0
2020-03-19,Imperial,025,180216,39,2,0,2,0
2020-03-19,Inyo,027,18085,0,0,0,0,0
2020-03-19,Kern,029,883053,81,3,0,3,0
2020-03-19,Kings,031,150075,17,0,1,1,0
2020-03-19,Lake,033,64148,0,0,0,0,0
2020-03-19,Lassen,035,31185,0,0,1,1,0
2020-03-19,Los Angeles,037,10098052,2265,233,11,244,0
2020-03-19,Madera,039,155013,31,3,0,3,0
2020-03-19,Marin,041,260295,58,19,0,19,0
2020-03-19,Mariposa,043,17540,0,0,0,0,0
2020-03-19,Mendocino,045,87422,2,1,0,1,0
2020-03-19,Merced,047,269075,5,0,0,0,0
2020-03-19,Modoc,049,8938,0,0,0,0,0
2020-03-19,Mono,051,14174,12,0,0,0,0
2020-03-19,Monterey,053,433212,38,3,1,4,0
2020-03-19,Napa,055,140530,14,0,0,0,0
2020-03-19,Nevada,057,99092,18,2,1,3,0
2020-03-19,Orange,059,3164182,632,59,4,63,0
2020-03-19,Placer,061,380077,61,8,0,8,1
2020-03-19,Plumas,063,18699,0,0,0,0,0
2020-03-19,Riverside,065,2383286,396,14,6,20,3
2020-03-19,Sacramento,067,1510023,278,52,0,52,3
2020-03-19,San Benito,069,59416,15,3,0,3,0
2020-03-19,San Bernardino,071,2135413,213,7,0,7,0
2020-03-19,San Diego,073,3302833,768,68,0,68,0
2020-03-19,San Francisco,075,870044,346,80,0,80,0
2020-03-19,San Joaquin,077,732212,102,15,3,18,2
2020-03-19,San Luis Obispo,079,281455,78,6,0,6,0
2020-03-19,San Mateo,081,765935,359,58,2,60,1
2020-03-19,Santa Barbara,083,443738,103,5,0,5,0
2020-03-19,Santa Clara,085,1922200,841,183,2,185,8
2020-03-19,Santa Cruz,087,273765,53,13,0,13,0
2020-03-19,Shasta,089,179085,10,1,0,1,0
2020-03-19,Sierra,091,2930,0,0,0,0,0
2020-03-19,Siskiyou,093,43540,3,0,0,0,0
2020-03-19,Solano,095,438530,54,26,0,26,0
2020-03-19,Sonoma,097,501317,87,8,0,8,0
2020-03-19,Stanislaus,099,539301,36,7,3,10,0
2020-03-19,Sutter,101,95872,7,0,0,0,0
2020-03-19,Tehama,103,63373,0,0,0,0,0
2020-03-19,Trinity,105,12862,0,0,0,0,0
2020-03-19,Tulare,107,460477,44,3,3,6,0
2020-03-19,Tuolumne,109,53932,1,0,0,0,0
2020-03-19,Ventura,111,848112,134,15,0,15,0
2020-03-19,Yolo,113,214977,26,5,0,5,0
2020-03-19,Yuba,115,75493,5,0,0,0,0
2020-03-18,Alameda,001,1643700,320,29,1,30,0
2020-03-18,Alpine,003,1148,1,0,0,0,0
2020-03-18,Amador,005,37829,0,0,0,0,0
2020-03-18,Butte,007,227075,4,0,0,0,0
2020-03-18,Calaveras,009,45235,2,2,0,2,0
2020-03-18,Colusa,011,21464,0,0,0,0,0
2020-03-18,Contra Costa,013,1133247,227,44,0,44,0
2020-03-18,Del Norte,015,27424,0,0,0,0,0
2020-03-18,El Dorado,017,186661,16,0,0,0,0
2020-03-18,Fresno,019,978130,77,3,1,4,0
2020-03-18,Glenn,021,27897,1,0,0,0,0
2020-03-18,Humboldt,023,135768,19,1,0,1,0
2020-03-18,Imperial,025,180216,33,2,0,2,0
2020-03-18,Inyo,027,18085,0,0,0,0,0
2020-03-18,Kern,029,883053,66,1,0,1,0
2020-03-18,Kings,031,150075,15,0,1,1,0
2020-03-18,Lake,033,64148,0,0,0,0,0
2020-03-18,Lassen,035,31185,0,0,1,1,0
2020-03-18,Los Angeles,037,10098052,2026,47,11,58,0
2020-03-18,Madera,039,155013,30,2,0,2,0
2020-03-18,Marin,041,260295,53,10,0,10,0
2020-03-18,Mariposa,043,17540,0,0,0,0,0
2020-03-18,Mendocino,045,87422,2,0,0,0,0
2020-03-18,Merced,047,269075,5,0,0,0,0
2020-03-18,Modoc,049,8938,0,0,0,0,0
2020-03-18,Mono,051,14174,11,0,0,0,0
2020-03-18,Monterey,053,433212,30,1,0,1,0
2020-03-18,Napa,055,140530,11,0,0,0,0
2020-03-18,Nevada,057,99092,16,2,1,3,0
2020-03-18,Orange,059,3164182,575,38,4,42,0
2020-03-18,Placer,061,380077,54,8,0,8,1
2020-03-18,Plumas,063,18699,0,0,0,0,0
2020-03-18,Riverside,065,2383286,333,11,5,16,2
2020-03-18,Sacramento,067,1510023,255,46,0,46,3
2020-03-18,San Benito,069,59416,14,3,0,3,0
2020-03-18,San Bernardino,071,2135413,191,3,0,3,0
2020-03-18,San Diego,073,3302833,683,40,0,40,0
2020-03-18,San Francisco,075,870044,327,65,0,65,0
2020-03-18,San Joaquin,077,732212,90,14,3,17,2
2020-03-18,San Luis Obispo,079,281455,71,5,0,5,0
2020-03-18,San Mateo,081,765935,337,57,2,59,1
2020-03-18,Santa Barbara,083,443738,90,2,0,2,0
2020-03-18,Santa Clara,085,1922200,791,151,2,153,6
2020-03-18,Santa Cruz,087,273765,51,11,0,11,0
2020-03-18,Shasta,089,179085,9,1,0,1,0
2020-03-18,Sierra,091,2930,0,0,0,0,0
2020-03-18,Siskiyou,093,43540,3,0,0,0,0
2020-03-18,Solano,095,438530,50,26,0,26,0
2020-03-18,Sonoma,097,501317,78,6,0,6,0
2020-03-18,Stanislaus,099,539301,32,5,2,7,0
2020-03-18,Sutter,101,95872,5,0,0,0,0
2020-03-18,Tehama,103,63373,0,0,0,0,0
2020-03-18,Trinity,105,12862,0,0,0,0,0
2020-03-18,Tulare,107,460477,34,3,3,6,0
2020-03-18,Tuolumne,109,53932,1,0,0,0,0
2020-03-18,Ventura,111,848112,115,11,0,11,0
2020-03-18,Yolo,113,214977,23,4,0,4,0
2020-03-18,Yuba,115,75493,4,0,0,0,0
2020-03-17,Alameda,001,1643700,288,19,0,19,0
2020-03-17,Alpine,003,1148,0,0,0,0,0
2020-03-17,Amador,005,37829,0,0,0,0,0
2020-03-17,Butte,007,227075,4,0,0,0,0
2020-03-17,Calaveras,009,45235,2,2,0,2,0
2020-03-17,Colusa,011,21464,0,0,0,0,0
2020-03-17,Contra Costa,013,1133247,205,37,0,37,0
2020-03-17,Del Norte,015,27424,0,0,0,0,0
2020-03-17,El Dorado,017,186661,15,0,0,0,0
2020-03-17,Fresno,019,978130,67,2,1,3,0
2020-03-17,Glenn,021,27897,1,0,0,0,0
2020-03-17,Humboldt,023,135768,17,1,0,1,0
2020-03-17,Imperial,025,180216,27,2,0,2,0
2020-03-17,Inyo,027,18085,0,0,0,0,0
2020-03-17,Kern,029,883053,52,0,0,0,0
2020-03-17,Kings,031,150075,12,0,1,1,0
2020-03-17,Lake,033,64148,0,0,0,0,0
2020-03-17,Lassen,035,31185,0,0,1,1,0
2020-03-17,Los Angeles,037,10098052,1825,41,11,52,0
2020-03-17,Madera,039,155013,23,2,0,2,0
2020-03-17,Marin,041,260295,46,4,0,4,0
2020-03-17,Mariposa,043,17540,0,0,0,0,0
2020-03-17,Mendocino,045,87422,2,0,0,0,0
2020-03-17,Merced,047,269075,5,0,0,0,0
2020-03-17,Modoc,049,8938,0,0,0,0,0
2020-03-17,Mono,051,14174,9,0,0,0,0
2020-03-17,Monterey,053,433212,28,0,0,0,0
2020-03-17,Napa,055,140530,8,0,0,0,0
2020-03-17,Nevada,057,99092,15,1,1,2,0
2020-03-17,Orange,059,3164182,497,24,3,27,0
2020-03-17,Placer,061,380077,44,7,0,7,1
2020-03-17,Plumas,063,18699,0,0,0,0,0
2020-03-17,Riverside,065,2383286,271,11,5,16,0
2020-03-17,Sacramento,067,1510023,235,36,0,36,1
2020-03-17,San Benito,069,59416,12,2,0,2,0
2020-03-17,San Bernardino,071,2135413,163,2,0,2,0
2020-03-17,San Diego,073,3302833,616,17,0,17,0
2020-03-17,San Francisco,075,870044,300,46,0,46,0
2020-03-17,San Joaquin,077,732212,84,11,3,14,0
2020-03-17,San Luis Obispo,079,281455,63,1,0,1,0
2020-03-17,San Mateo,081,765935,305,46,2,48,1
2020-03-17,Santa Barbara,083,443738,76,0,0,0,0
2020-03-17,Santa Clara,085,1922200,733,121,2,123,4
2020-03-17,Santa Cruz,087,273765,48,10,0,10,0
2020-03-17,Shasta,089,179085,5,1,0,1,0
2020-03-17,Sierra,091,2930,0,0,0,0,0
2020-03-17,Siskiyou,093,43540,3,0,0,0,0
2020-03-17,Solano,095,438530,47,27,0,27,0
2020-03-17,Sonoma,097,501317,70,4,0,4,0
2020-03-17,Stanislaus,099,539301,29,4,2,6,0
2020-03-17,Sutter,101,95872,5,0,0,0,0
2020-03-17,Tehama,103,63373,0,0,0,0,0
2020-03-17,Trinity,105,12862,0,0,0,0,0
2020-03-17,Tulare,107,460477,29,2,3,5,0
2020-03-17,Tuolumne,109,53932,1,0,0,0,0
2020-03-17,Ventura,111,848112,98,7,0,7,0
2020-03-17,Yolo,113,214977,19,2,0,2,0
2020-03-17,Yuba,115,75493,4,0,0,0,0
2020-03-16,Alameda,001,1643700,260,17,0,17,0
2020-03-16,Alpine,003,1148,0,0,0,0,0
2020-03-16,Amador,005,37829,0,0,0,0,0
2020-03-16,Butte,007,227075,3,0,0,0,0
2020-03-16,Calaveras,009,45235,2,2,0,2,0
2020-03-16,Colusa,011,21464,0,0,0,0,0
2020-03-16,Contra Costa,013,1133247,183,36,0,36,0
2020-03-16,Del Norte,015,27424,0,0,0,0,0
2020-03-16,El Dorado,017,186661,14,0,0,0,0
2020-03-16,Fresno,019,978130,52,2,1,3,0
2020-03-16,Glenn,021,27897,0,0,0,0,0
2020-03-16,Humboldt,023,135768,13,1,0,1,0
2020-03-16,Imperial,025,180216,22,2,0,2,0
2020-03-16,Inyo,027,18085,0,0,0,0,0
2020-03-16,Kern,029,883053,43,0,0,0,0
2020-03-16,Kings,031,150075,11,0,1,1,0
2020-03-16,Lake,033,64148,0,0,0,0,0
2020-03-16,Lassen,035,31185,0,0,0,0,0
2020-03-16,Los Angeles,037,10098052,1590,43,11,54,0
2020-03-16,Madera,039,155013,22,2,0,2,0
2020-03-16,Marin,041,260295,43,4,0,4,0
2020-03-16,Mariposa,043,17540,0,0,0,0,0
2020-03-16,Mendocino,045,87422,2,0,0,0,0
2020-03-16,Merced,047,269075,5,0,0,0,0
2020-03-16,Modoc,049,8938,0,0,0,0,0
2020-03-16,Mono,051,14174,7,0,0,0,0
2020-03-16,Monterey,053,433212,27,0,0,0,0
2020-03-16,Napa,055,140530,7,0,0,0,0
2020-03-16,Nevada,057,99092,11,1,1,2,0
2020-03-16,Orange,059,3164182,414,18,3,21,0
2020-03-16,Placer,061,380077,36,7,0,7,1
2020-03-16,Plumas,063,18699,0,0,0,0,0
2020-03-16,Riverside,065,2383286,235,10,5,15,0
2020-03-16,Sacramento,067,1510023,208,34,0,34,1
2020-03-16,San Benito,069,59416,8,2,0,2,0
2020-03-16,San Bernardino,071,2135413,143,1,0,1,0
2020-03-16,San Diego,073,3302833,525,17,0,17,0
2020-03-16,San Francisco,075,870044,262,40,0,40,0
2020-03-16,San Joaquin,077,732212,74,9,3,12,0
2020-03-16,San Luis Obispo,079,281455,56,1,0,1,0
2020-03-16,San Mateo,081,765935,269,42,2,44,1
2020-03-16,Santa Barbara,083,443738,64,0,0,0,0
2020-03-16,Santa Clara,085,1922200,657,115,1,116,2
2020-03-16,Santa Cruz,087,273765,44,9,0,9,0
2020-03-16,Shasta,089,179085,5,1,0,1,0
2020-03-16,Sierra,091,2930,0,0,0,0,0
2020-03-16,Siskiyou,093,43540,2,0,0,0,0
2020-03-16,Solano,095,438530,43,27,0,27,0
2020-03-16,Sonoma,097,501317,63,4,0,4,0
2020-03-16,Stanislaus,099,539301,26,2,2,4,0
2020-03-16,Sutter,101,95872,3,0,0,0,0
2020-03-16,Tehama,103,63373,0,0,0,0,0
2020-03-16,Trinity,105,12862,0,0,0,0,0
2020-03-16,Tulare,107,460477,25,2,3,5,0
2020-03-16,Tuolumne,109,53932,1,0,0,0,0
2020-03-16,Ventura,111,848112,88,7,0,7,0
2020-03-16,Yolo,113,214977,18,2,0,2,0
2020-03-16,Yuba,115,75493,3,0,0,0,0
2020-03-15,Alameda,001,1643700,214,17,0,17,0
2020-03-15,Alpine,003,1148,0,0,0,0,0
2020-03-15,Amador,005,37829,0,0,0,0,0
2020-03-15,Butte,007,227075,3,0,0,0,0
2020-03-15,Calaveras,009,45235,2,2,0,2,0
2020-03-15,Colusa,011,21464,0,0,0,0,0
2020-03-15,Contra Costa,013,1133247,160,34,0,34,0
2020-03-15,Del Norte,015,27424,0,0,0,0,0
2020-03-15,El Dorado,017,186661,13,0,0,0,0
2020-03-15,Fresno,019,978130,32,1,1,2,0
2020-03-15,Glenn,021,27897,0,0,0,0,0
2020-03-15,Humboldt,023,135768,11,1,0,1,0
2020-03-15,Imperial,025,180216,17,2,0,2,0
2020-03-15,Inyo,027,18085,0,0,0,0,0
2020-03-15,Kern,029,883053,37,0,0,0,0
2020-03-15,Kings,031,150075,11,0,1,1,0
2020-03-15,Lake,033,64148,0,0,0,0,0
2020-03-15,Lassen,035,31185,0,0,0,0,0
2020-03-15,Los Angeles,037,10098052,1350,41,11,52,0
2020-03-15,Madera,039,155013,21,2,0,2,0
2020-03-15,Marin,041,260295,37,3,0,3,0
2020-03-15,Mariposa,043,17540,0,0,0,0,0
2020-03-15,Mendocino,045,87422,2,0,0,0,0
2020-03-15,Merced,047,269075,3,0,0,0,0
2020-03-15,Modoc,049,8938,0,0,0,0,0
2020-03-15,Mono,051,14174,6,0,0,0,0
2020-03-15,Monterey,053,433212,20,0,0,0,0
2020-03-15,Napa,055,140530,7,0,0,0,0
2020-03-15,Nevada,057,99092,11,0,1,1,0
2020-03-15,Orange,059,3164182,346,16,1,17,0
2020-03-15,Placer,061,380077,31,7,0,7,1
2020-03-15,Plumas,063,18699,0,0,0,0,0
2020-03-15,Riverside,065,2383286,183,10,5,15,0
2020-03-15,Sacramento,067,1510023,172,30,0,30,1
2020-03-15,San Benito,069,59416,8,2,0,2,0
2020-03-15,San Bernardino,071,2135413,121,0,0,0,0
2020-03-15,San Diego,073,3302833,438,16,0,16,0
2020-03-15,San Francisco,075,870044,206,31,0,31,0
2020-03-15,San Joaquin,077,732212,63,6,3,9,0
2020-03-15,San Luis Obispo,079,281455,46,1,0,1,0
2020-03-15,San Mateo,081,765935,236,29,1,30,1
2020-03-15,Santa Barbara,083,443738,54,0,0,0,0
2020-03-15,Santa Clara,085,1922200,585,79,1,80,2
2020-03-15,Santa Cruz,087,273765,38,8,0,8,0
2020-03-15,Shasta,089,179085,5,1,0,1,0
2020-03-15,Sierra,091,2930,0,0,0,0,0
2020-03-15,Siskiyou,093,43540,2,0,0,0,0
2020-03-15,Solano,095,438530,42,26,0,26,0
2020-03-15,Sonoma,097,501317,54,4,0,4,0
2020-03-15,Stanislaus,099,539301,26,2,2,4,0
2020-03-15,Sutter,101,95872,2,0,0,0,0
2020-03-15,Tehama,103,63373,0,0,0,0,0
2020-03-15,Trinity,105,12862,0,0,0,0,0
2020-03-15,Tulare,107,460477,19,2,3,5,0
2020-03-15,Tuolumne,109,53932,1,0,0,0,0
2020-03-15,Ventura,111,848112,77,5,0,5,0
2020-03-15,Yolo,113,214977,15,2,0,2,0
2020-03-15,Yuba,115,75493,2,0,0,0,0
2020-03-14,Alameda,001,1643700,195,11,0,11,0
2020-03-14,Alpine,003,1148,0,0,0,0,0
2020-03-14,Amador,005,37829,0,0,0,0,0
2020-03-14,Butte,007,227075,2,0,0,0,0
2020-03-14,Calaveras,009,45235,2,2,0,2,0
2020-03-14,Colusa,011,21464,0,0,0,0,0
2020-03-14,Contra Costa,013,1133247,138,30,0,30,0
2020-03-14,Del Norte,015,27424,0,0,0,0,0
2020-03-14,El Dorado,017,186661,11,0,0,0,0
2020-03-14,Fresno,019,978130,24,1,1,2,0
2020-03-14,Glenn,021,27897,0,0,0,0,0
2020-03-14,Humboldt,023,135768,7,1,0,1,0
2020-03-14,Imperial,025,180216,13,2,0,2,0
2020-03-14,Inyo,027,18085,0,0,0,0,0
2020-03-14,Kern,029,883053,32,0,0,0,0
2020-03-14,Kings,031,150075,11,0,1,1,0
2020-03-14,Lake,033,64148,0,0,0,0,0
2020-03-14,Lassen,035,31185,0,0,0,0,0
2020-03-14,Los Angeles,037,10098052,1172,35,11,46,0
2020-03-14,Madera,039,155013,20,2,0,2,0
2020-03-14,Marin,041,260295,36,3,0,3,0
2020-03-14,Mariposa,043,17540,0,0,0,0,0
2020-03-14,Mendocino,045,87422,2,0,0,0,0
2020-03-14,Merced,047,269075,3,0,0,0,0
2020-03-14,Modoc,049,8938,0,0,0,0,0
2020-03-14,Mono,051,14174,5,0,0,0,0
2020-03-14,Monterey,053,433212,14,0,0,0,0
2020-03-14,Napa,055,140530,5,0,0,0,0
2020-03-14,Nevada,057,99092,8,0,1,1,0
2020-03-14,Orange,059,3164182,307,14,0,14,0
2020-03-14,Placer,061,380077,28,6,0,6,1
2020-03-14,Plumas,063,18699,0,0,0,0,0
2020-03-14,Riverside,065,2383286,163,10,5,15,0
2020-03-14,Sacramento,067,1510023,151,31,0,31,1
2020-03-14,San Benito,069,59416,8,2,0,2,0
2020-03-14,San Bernardino,071,2135413,102,0,0,0,0
2020-03-14,San Diego,073,3302833,363,10,0,10,0
2020-03-14,San Francisco,075,870044,185,29,0,29,0
2020-03-14,San Joaquin,077,732212,54,6,3,9,0
2020-03-14,San Luis Obispo,079,281455,41,0,0,0,0
2020-03-14,San Mateo,081,765935,213,27,1,28,0
2020-03-14,Santa Barbara,083,443738,42,0,0,0,0
2020-03-14,Santa Clara,085,1922200,529,62,1,63,2
2020-03-14,Santa Cruz,087,273765,33,8,0,8,0
2020-03-14,Shasta,089,179085,5,1,0,1,0
2020-03-14,Sierra,091,2930,0,0,0,0,0
2020-03-14,Siskiyou,093,43540,1,0,0,0,0
2020-03-14,Solano,095,438530,40,26,0,26,0
2020-03-14,Sonoma,097,501317,41,2,0,2,0
2020-03-14,Stanislaus,099,539301,22,2,2,4,0
2020-03-14,Sutter,101,95872,2,0,0,0,0
2020-03-14,Tehama,103,63373,0,0,0,0,0
2020-03-14,Trinity,105,12862,0,0,0,0,0
2020-03-14,Tulare,107,460477,17,2,2,4,0
2020-03-14,Tuolumne,109,53932,1,0,0,0,0
2020-03-14,Ventura,111,848112,68,5,0,5,0
2020-03-14,Yolo,113,214977,15,2,0,2,0
2020-03-14,Yuba,115,75493,1,0,0,0,0
2020-03-13,Alameda,001,1643700,176,12,0,12,0
2020-03-13,Alpine,003,1148,0,0,0,0,0
2020-03-13,Amador,005,37829,0,0,0,0,0
2020-03-13,Butte,007,227075,0,0,0,0,0
2020-03-13,Calaveras,009,45235,2,2,0,2,0
2020-03-13,Colusa,011,21464,0,0,0,0,0
2020-03-13,Contra Costa,013,1133247,125,22,0,22,0
2020-03-13,Del Norte,015,27424,0,0,0,0,0
2020-03-13,El Dorado,017,186661,10,0,0,0,0
2020-03-13,Fresno,019,978130,19,1,1,2,0
2020-03-13,Glenn,021,27897,0,0,0,0,0
2020-03-13,Humboldt,023,135768,7,1,0,1,0
2020-03-13,Imperial,025,180216,12,2,0,2,0
2020-03-13,Inyo,027,18085,0,0,0,0,0
2020-03-13,Kern,029,883053,27,0,0,0,0
2020-03-13,Kings,031,150075,10,0,1,1,0
2020-03-13,Lake,033,64148,0,0,0,0,0
2020-03-13,Lassen,035,31185,0,0,0,0,0
2020-03-13,Los Angeles,037,10098052,1019,30,10,40,0
2020-03-13,Madera,039,155013,19,1,0,1,0
2020-03-13,Marin,041,260295,34,3,0,3,0
2020-03-13,Mariposa,043,17540,0,0,0,0,0
2020-03-13,Mendocino,045,87422,2,0,0,0,0
2020-03-13,Merced,047,269075,2,0,0,0,0
2020-03-13,Modoc,049,8938,0,0,0,0,0
2020-03-13,Mono,051,14174,3,0,0,0,0
2020-03-13,Monterey,053,433212,9,0,0,0,0
2020-03-13,Napa,055,140530,3,0,0,0,0
2020-03-13,Nevada,057,99092,7,0,1,1,0
2020-03-13,Orange,059,3164182,268,10,0,10,0
2020-03-13,Placer,061,380077,27,6,0,6,1
2020-03-13,Plumas,063,18699,0,0,0,0,0
2020-03-13,Riverside,065,2383286,133,5,4,9,0
2020-03-13,Sacramento,067,1510023,129,18,0,18,1
2020-03-13,San Benito,069,59416,6,2,0,2,0
2020-03-13,San Bernardino,071,2135413,95,0,0,0,0
2020-03-13,San Diego,073,3302833,313,8,0,8,0
2020-03-13,San Francisco,075,870044,171,28,0,28,0
2020-03-13,San Joaquin,077,732212,50,6,3,9,0
2020-03-13,San Luis Obispo,079,281455,33,0,0,0,0
2020-03-13,San Mateo,081,765935,192,24,1,25,0
2020-03-13,Santa Barbara,083,443738,38,0,0,0,0
2020-03-13,Santa Clara,085,1922200,467,59,1,60,1
2020-03-13,Santa Cruz,087,273765,32,7,0,7,0
2020-03-13,Shasta,089,179085,3,1,0,1,0
2020-03-13,Sierra,091,2930,0,0,0,0,0
2020-03-13,Siskiyou,093,43540,0,0,0,0,0
2020-03-13,Solano,095,438530,39,26,0,26,0
2020-03-13,Sonoma,097,501317,40,2,0,2,0
2020-03-13,Stanislaus,099,539301,17,2,2,4,0
2020-03-13,Sutter,101,95872,2,0,0,0,0
2020-03-13,Tehama,103,63373,0,0,0,0,0
2020-03-13,Trinity,105,12862,0,0,0,0,0
2020-03-13,Tulare,107,460477,14,2,2,4,0
2020-03-13,Tuolumne,109,53932,1,0,0,0,0
2020-03-13,Ventura,111,848112,54,5,0,5,0
2020-03-13,Yolo,113,214977,15,1,0,1,0
2020-03-13,Yuba,115,75493,1,0,0,0,0
2020-03-12,Alameda,001,1643700,151,9,0,9,0
2020-03-12,Alpine,003,1148,0,0,0,0,0
2020-03-12,Amador,005,37829,0,0,0,0,0
2020-03-12,Butte,007,227075,0,0,0,0,0
2020-03-12,Calaveras,009,45235,2,2,0,2,0
2020-03-12,Colusa,011,21464,0,0,0,0,0
2020-03-12,Contra Costa,013,1133247,108,18,0,18,0
2020-03-12,Del Norte,015,27424,0,0,0,0,0
2020-03-12,El Dorado,017,186661,8,0,0,0,0
2020-03-12,Fresno,019,978130,11,1,1,2,0
2020-03-12,Glenn,021,27897,0,0,0,0,0
2020-03-12,Humboldt,023,135768,6,1,0,1,0
2020-03-12,Imperial,025,180216,11,2,0,2,0
2020-03-12,Inyo,027,18085,0,0,0,0,0
2020-03-12,Kern,029,883053,18,0,0,0,0
2020-03-12,Kings,031,150075,7,0,1,1,0
2020-03-12,Lake,033,64148,0,0,0,0,0
2020-03-12,Lassen,035,31185,0,0,0,0,0
2020-03-12,Los Angeles,037,10098052,860,30,10,40,0
2020-03-12,Madera,039,155013,16,1,0,1,0
2020-03-12,Marin,041,260295,24,1,0,1,0
2020-03-12,Mariposa,043,17540,0,0,0,0,0
2020-03-12,Mendocino,045,87422,2,0,0,0,0
2020-03-12,Merced,047,269075,2,0,0,0,0
2020-03-12,Modoc,049,8938,0,0,0,0,0
2020-03-12,Mono,051,14174,3,0,0,0,0
2020-03-12,Monterey,053,433212,7,0,0,0,0
2020-03-12,Napa,055,140530,3,0,0,0,0
2020-03-12,Nevada,057,99092,4,0,1,1,0
2020-03-12,Orange,059,3164182,231,7,0,7,0
2020-03-12,Placer,061,380077,23,6,0,6,1
2020-03-12,Plumas,063,18699,0,0,0,0,0
2020-03-12,Riverside,065,2383286,107,5,2,7,0
2020-03-12,Sacramento,067,1510023,105,17,0,17,1
2020-03-12,San Benito,069,59416,5,2,0,2,0
2020-03-12,San Bernardino,071,2135413,79,0,0,0,0
2020-03-12,San Diego,073,3302833,258,9,0,9,0
2020-03-12,San Francisco,075,870044,147,20,0,20,0
2020-03-12,San Joaquin,077,732212,44,3,3,6,1
2020-03-12,San Luis Obispo,079,281455,26,0,0,0,0
2020-03-12,San Mateo,081,765935,158,21,1,22,0
2020-03-12,Santa Barbara,083,443738,25,0,0,0,0
2020-03-12,Santa Clara,085,1922200,409,51,1,52,1
2020-03-12,Santa Cruz,087,273765,29,5,0,5,0
2020-03-12,Shasta,089,179085,2,1,0,1,0
2020-03-12,Sierra,091,2930,0,0,0,0,0
2020-03-12,Siskiyou,093,43540,0,0,0,0,0
2020-03-12,Solano,095,438530,34,26,0,26,0
2020-03-12,Sonoma,097,501317,34,2,0,2,0
2020-03-12,Stanislaus,099,539301,15,2,2,4,0
2020-03-12,Sutter,101,95872,0,0,0,0,0
2020-03-12,Tehama,103,63373,0,0,0,0,0
2020-03-12,Trinity,105,12862,0,0,0,0,0
2020-03-12,Tulare,107,460477,12,1,1,2,0
2020-03-12,Tuolumne,109,53932,1,0,0,0,0
2020-03-12,Ventura,111,848112,45,3,0,3,0
2020-03-12,Yolo,113,214977,14,1,0,1,0
2020-03-12,Yuba,115,75493,1,0,0,0,0
2020-03-11,Alameda,001,1643700,120,5,0,5,0
2020-03-11,Alpine,003,1148,0,0,0,0,0
2020-03-11,Amador,005,37829,0,0,0,0,0
2020-03-11,Butte,007,227075,0,0,0,0,0
2020-03-11,Calaveras,009,45235,2,2,0,2,0
2020-03-11,Colusa,011,21464,0,0,0,0,0
2020-03-11,Contra Costa,013,1133247,93,16,0,16,0
2020-03-11,Del Norte,015,27424,0,0,0,0,0
2020-03-11,El Dorado,017,186661,7,0,0,0,0
2020-03-11,Fresno,019,978130,8,1,1,2,0
2020-03-11,Glenn,021,27897,0,0,0,0,0
2020-03-11,Humboldt,023,135768,6,1,0,1,0
2020-03-11,Imperial,025,180216,9,0,0,0,0
2020-03-11,Inyo,027,18085,0,0,0,0,0
2020-03-11,Kern,029,883053,16,0,0,0,0
2020-03-11,Kings,031,150075,5,0,1,1,0
2020-03-11,Lake,033,64148,0,0,0,0,0
2020-03-11,Lassen,035,31185,0,0,0,0,0
2020-03-11,Los Angeles,037,10098052,692,21,10,31,0
2020-03-11,Madera,039,155013,13,1,0,1,0
2020-03-11,Marin,041,260295,17,1,0,1,0
2020-03-11,Mariposa,043,17540,0,0,0,0,0
2020-03-11,Mendocino,045,87422,1,0,0,0,0
2020-03-11,Merced,047,269075,2,0,0,0,0
2020-03-11,Modoc,049,8938,0,0,0,0,0
2020-03-11,Mono,051,14174,3,0,0,0,0
2020-03-11,Monterey,053,433212,6,0,0,0,0
2020-03-11,Napa,055,140530,2,0,0,0,0
2020-03-11,Nevada,057,99092,4,0,1,1,0
2020-03-11,Orange,059,3164182,202,6,0,6,0
2020-03-11,Placer,061,380077,18,6,0,6,1
2020-03-11,Plumas,063,18699,0,0,0,0,0
2020-03-11,Riverside,065,2383286,81,4,1,5,0
2020-03-11,Sacramento,067,1510023,87,9,0,9,1
2020-03-11,San Benito,069,59416,5,2,0,2,0
2020-03-11,San Bernardino,071,2135413,72,0,0,0,0
2020-03-11,San Diego,073,3302833,208,4,0,4,0
2020-03-11,San Francisco,075,870044,124,17,0,17,0
2020-03-11,San Joaquin,077,732212,33,1,3,4,0
2020-03-11,San Luis Obispo,079,281455,23,0,0,0,0
2020-03-11,San Mateo,081,765935,140,16,0,16,0
2020-03-11,Santa Barbara,083,443738,15,0,0,0,0
2020-03-11,Santa Clara,085,1922200,369,48,1,49,1
2020-03-11,Santa Cruz,087,273765,26,2,0,2,0
2020-03-11,Shasta,089,179085,2,1,0,1,0
2020-03-11,Sierra,091,2930,0,0,0,0,0
2020-03-11,Siskiyou,093,43540,0,0,0,0,0
2020-03-11,Solano,095,438530,29,26,0,26,0
2020-03-11,Sonoma,097,501317,30,2,0,2,0
2020-03-11,Stanislaus,099,539301,15,2,2,4,0
2020-03-11,Sutter,101,95872,0,0,0,0,0
2020-03-11,Tehama,103,63373,0,0,0,0,0
2020-03-11,Trinity,105,12862,0,0,0,0,0
2020-03-11,Tulare,107,460477,10,0,1,1,0
2020-03-11,Tuolumne,109,53932,1,0,0,0,0
2020-03-11,Ventura,111,848112,37,3,0,3,0
2020-03-11,Yolo,113,214977,10,1,0,1,0
2020-03-11,Yuba,115,75493,1,0,0,0,0
2020-03-10,Alameda,001,1643700,98,4,0,4,0
2020-03-10,Alpine,003,1148,0,0,0,0,0
2020-03-10,Amador,005,37829,0,0,0,0,0
2020-03-10,Butte,007,227075,0,0,0,0,0
2020-03-10,Calaveras,009,45235,2,2,0,2,0
2020-03-10,Colusa,011,21464,0,0,0,0,0
2020-03-10,Contra Costa,013,1133247,84,11,0,11,0
2020-03-10,Del Norte,015,27424,0,0,0,0,0
2020-03-10,El Dorado,017,186661,6,0,0,0,0
2020-03-10,Fresno,019,978130,6,1,1,2,0
2020-03-10,Glenn,021,27897,0,0,0,0,0
2020-03-10,Humboldt,023,135768,6,1,0,1,0
2020-03-10,Imperial,025,180216,8,0,0,0,0
2020-03-10,Inyo,027,18085,0,0,0,0,0
2020-03-10,Kern,029,883053,11,0,0,0,0
2020-03-10,Kings,031,150075,5,0,1,1,0
2020-03-10,Lake,033,64148,0,0,0,0,0
2020-03-10,Lassen,035,31185,0,0,0,0,0
2020-03-10,Los Angeles,037,10098052,556,20,10,30,0
2020-03-10,Madera,039,155013,8,1,0,1,0
2020-03-10,Marin,041,260295,16,1,0,1,0
2020-03-10,Mariposa,043,17540,0,0,0,0,0
2020-03-10,Mendocino,045,87422,0,0,0,0,0
2020-03-10,Merced,047,269075,2,0,0,0,0
2020-03-10,Modoc,049,8938,0,0,0,0,0
2020-03-10,Mono,051,14174,3,0,0,0,0
2020-03-10,Monterey,053,433212,4,0,0,0,0
2020-03-10,Napa,055,140530,2,0,0,0,0
2020-03-10,Nevada,057,99092,3,0,1,1,0
2020-03-10,Orange,059,3164182,182,5,0,5,1
2020-03-10,Placer,061,380077,14,7,0,7,1
2020-03-10,Plumas,063,18699,0,0,0,0,0
2020-03-10,Riverside,065,2383286,59,4,1,5,0
2020-03-10,Sacramento,067,1510023,78,8,0,8,0
2020-03-10,San Benito,069,59416,5,2,0,2,0
2020-03-10,San Bernardino,071,2135413,64,0,0,0,0
2020-03-10,San Diego,073,3302833,165,3,0,3,0
2020-03-10,San Francisco,075,870044,92,16,0,16,0
2020-03-10,San Joaquin,077,732212,30,1,3,4,0
2020-03-10,San Luis Obispo,079,281455,15,0,0,0,0
2020-03-10,San Mateo,081,765935,124,11,0,11,0
2020-03-10,Santa Barbara,083,443738,11,0,0,0,0
2020-03-10,Santa Clara,085,1922200,321,45,1,46,1
2020-03-10,Santa Cruz,087,273765,22,2,0,2,0
2020-03-10,Shasta,089,179085,2,1,0,1,0
2020-03-10,Sierra,091,2930,0,0,0,0,0
2020-03-10,Siskiyou,093,43540,0,0,0,0,0
2020-03-10,Solano,095,438530,27,26,0,26,0
2020-03-10,Sonoma,097,501317,27,2,0,2,0
2020-03-10,Stanislaus,099,539301,11,0,2,2,0
2020-03-10,Sutter,101,95872,0,0,0,0,0
2020-03-10,Tehama,103,63373,0,0,0,0,0
2020-03-10,Trinity,105,12862,0,0,0,0,0
2020-03-10,Tulare,107,460477,9,0,1,1,0
2020-03-10,Tuolumne,109,53932,1,0,0,0,0
2020-03-10,Ventura,111,848112,29,1,0,1,0
2020-03-10,Yolo,113,214977,7,2,0,2,0
2020-03-10,Yuba,115,75493,1,0,0,0,0
2020-03-09,Alameda,001,1643700,70,4,0,4,0
2020-03-09,Alpine,003,1148,0,0,0,0,0
2020-03-09,Amador,005,37829,0,0,0,0,0
2020-03-09,Butte,007,227075,0,0,0,0,0
2020-03-09,Calaveras,009,45235,2,0,0,0,0
2020-03-09,Colusa,011,21464,0,0,0,0,0
2020-03-09,Contra Costa,013,1133247,72,9,0,9,0
2020-03-09,Del Norte,015,27424,0,0,0,0,0
2020-03-09,El Dorado,017,186661,4,0,0,0,0
2020-03-09,Fresno,019,978130,6,1,1,2,0
2020-03-09,Glenn,021,27897,0,0,0,0,0
2020-03-09,Humboldt,023,135768,5,1,0,1,0
2020-03-09,Imperial,025,180216,8,0,0,0,0
2020-03-09,Inyo,027,18085,0,0,0,0,0
2020-03-09,Kern,029,883053,8,0,0,0,0
2020-03-09,Kings,031,150075,4,0,1,1,0
2020-03-09,Lake,033,64148,0,0,0,0,0
2020-03-09,Lassen,035,31185,0,0,0,0,0
2020-03-09,Los Angeles,037,10098052,454,17,9,26,0
2020-03-09,Madera,039,155013,8,1,0,1,0
2020-03-09,Marin,041,260295,15,1,0,1,0
2020-03-09,Mariposa,043,17540,0,0,0,0,0
2020-03-09,Mendocino,045,87422,0,0,0,0,0
2020-03-09,Merced,047,269075,2,0,0,0,0
2020-03-09,Modoc,049,8938,0,0,0,0,0
2020-03-09,Mono,051,14174,3,0,0,0,0
2020-03-09,Monterey,053,433212,2,0,0,0,0
2020-03-09,Napa,055,140530,2,0,0,0,0
2020-03-09,Nevada,057,99092,2,0,1,1,0
2020-03-09,Orange,059,3164182,154,4,0,4,0
2020-03-09,Placer,061,380077,12,7,0,7,1
2020-03-09,Plumas,063,18699,0,0,0,0,0
2020-03-09,Riverside,065,2383286,49,4,1,5,0
2020-03-09,Sacramento,067,1510023,74,8,0,8,0
2020-03-09,San Benito,069,59416,3,2,0,2,0
2020-03-09,San Bernardino,071,2135413,53,0,0,0,0
2020-03-09,San Diego,073,3302833,126,2,0,2,0
2020-03-09,San Francisco,075,870044,72,14,0,14,0
2020-03-09,San Joaquin,077,732212,21,0,3,3,0
2020-03-09,San Luis Obispo,079,281455,15,0,0,0,0
2020-03-09,San Mateo,081,765935,110,6,0,6,0
2020-03-09,Santa Barbara,083,443738,9,0,0,0,0
2020-03-09,Santa Clara,085,1922200,277,42,1,43,1
2020-03-09,Santa Cruz,087,273765,19,2,0,2,0
2020-03-09,Shasta,089,179085,2,1,0,1,0
2020-03-09,Sierra,091,2930,0,0,0,0,0
2020-03-09,Siskiyou,093,43540,0,0,0,0,0
2020-03-09,Solano,095,438530,25,26,0,26,0
2020-03-09,Sonoma,097,501317,22,2,0,2,0
2020-03-09,Stanislaus,099,539301,11,0,2,2,0
2020-03-09,Sutter,101,95872,0,0,0,0,0
2020-03-09,Tehama,103,63373,0,0,0,0,0
2020-03-09,Trinity,105,12862,0,0,0,0,0
2020-03-09,Tulare,107,460477,9,0,1,1,0
2020-03-09,Tuolumne,109,53932,1,0,0,0,0
2020-03-09,Ventura,111,848112,25,1,0,1,0
2020-03-09,Yolo,113,214977,6,2,0,2,0
2020-03-09,Yuba,115,75493,0,0,0,0,0
2020-03-08,Alameda,001,1643700,45,4,0,4,0
2020-03-08,Alpine,003,1148,0,0,0,0,0
2020-03-08,Amador,005,37829,0,0,0,0,0
2020-03-08,Butte,007,227075,0,0,0,0,0
2020-03-08,Calaveras,009,45235,2,0,0,0,0
2020-03-08,Colusa,011,21464,0,0,0,0,0
2020-03-08,Contra Costa,013,1133247,58,9,0,9,0
2020-03-08,Del Norte,015,27424,0,0,0,0,0
2020-03-08,El Dorado,017,186661,4,0,0,0,0
2020-03-08,Fresno,019,978130,4,1,1,2,0
2020-03-08,Glenn,021,27897,0,0,0,0,0
2020-03-08,Humboldt,023,135768,5,1,0,1,0
2020-03-08,Imperial,025,180216,8,0,0,0,0
2020-03-08,Inyo,027,18085,0,0,0,0,0
2020-03-08,Kern,029,883053,8,0,0,0,0
2020-03-08,Kings,031,150075,3,0,1,1,0
2020-03-08,Lake,033,64148,0,0,0,0,0
2020-03-08,Lassen,035,31185,0,0,0,0,0
2020-03-08,Los Angeles,037,10098052,361,14,9,23,0
2020-03-08,Madera,039,155013,8,1,0,1,0
2020-03-08,Marin,041,260295,13,1,0,1,0
2020-03-08,Mariposa,043,17540,0,0,0,0,0
2020-03-08,Mendocino,045,87422,0,0,0,0,0
2020-03-08,Merced,047,269075,2,0,0,0,0
2020-03-08,Modoc,049,8938,0,0,0,0,0
2020-03-08,Mono,051,14174,3,0,0,0,0
2020-03-08,Monterey,053,433212,2,0,0,0,0
2020-03-08,Napa,055,140530,2,0,0,0,0
2020-03-08,Nevada,057,99092,1,0,1,1,0
2020-03-08,Orange,059,3164182,129,4,0,4,0
2020-03-08,Placer,061,380077,11,7,0,7,1
2020-03-08,Plumas,063,18699,0,0,0,0,0
2020-03-08,Riverside,065,2383286,41,1,1,2,0
2020-03-08,Sacramento,067,1510023,64,5,0,5,0
2020-03-08,San Benito,069,59416,3,2,0,2,0
2020-03-08,San Bernardino,071,2135413,42,0,0,0,0
2020-03-08,San Diego,073,3302833,92,2,0,2,0
2020-03-08,San Francisco,075,870044,53,9,0,9,0
2020-03-08,San Joaquin,077,732212,18,0,3,3,0
2020-03-08,San Luis Obispo,079,281455,9,0,0,0,0
2020-03-08,San Mateo,081,765935,97,4,0,4,0
2020-03-08,Santa Barbara,083,443738,6,0,0,0,0
2020-03-08,Santa Clara,085,1922200,235,36,1,37,0
2020-03-08,Santa Cruz,087,273765,17,1,0,1,0
2020-03-08,Shasta,089,179085,2,0,0,0,0
2020-03-08,Sierra,091,2930,0,0,0,0,0
2020-03-08,Siskiyou,093,43540,0,0,0,0,0
2020-03-08,Solano,095,438530,24,26,0,26,0
2020-03-08,Sonoma,097,501317,17,2,0,2,0
2020-03-08,Stanislaus,099,539301,10,0,2,2,0
2020-03-08,Sutter,101,95872,0,0,0,0,0
2020-03-08,Tehama,103,63373,0,0,0,0,0
2020-03-08,Trinity,105,12862,0,0,0,0,0
2020-03-08,Tulare,107,460477,9,0,0,0,0
2020-03-08,Tuolumne,109,53932,1,0,0,0,0
2020-03-08,Ventura,111,848112,21,1,0,1,0
2020-03-08,Yolo,113,214977,3,2,0,2,0
2020-03-08,Yuba,115,75493,0,0,0,0,0
2020-03-07,Alameda,001,1643700,40,3,0,3,0
2020-03-07,Alpine,003,1148,0,0,0,0,0
2020-03-07,Amador,005,37829,0,0,0,0,0
2020-03-07,Butte,007,227075,0,0,0,0,0
2020-03-07,Calaveras,009,45235,2,0,0,0,0
2020-03-07,Colusa,011,21464,0,0,0,0,0
2020-03-07,Contra Costa,013,1133247,55,4,0,4,0
2020-03-07,Del Norte,015,27424,0,0,0,0,0
2020-03-07,El Dorado,017,186661,3,0,0,0,0
2020-03-07,Fresno,019,978130,3,1,1,2,0
2020-03-07,Glenn,021,27897,0,0,0,0,0
2020-03-07,Humboldt,023,135768,5,1,0,1,0
2020-03-07,Imperial,025,180216,7,0,0,0,0
2020-03-07,Inyo,027,18085,0,0,0,0,0
2020-03-07,Kern,029,883053,7,0,0,0,0
2020-03-07,Kings,031,150075,3,0,1,1,0
2020-03-07,Lake,033,64148,0,0,0,0,0
2020-03-07,Lassen,035,31185,0,0,0,0,0
2020-03-07,Los Angeles,037,10098052,311,14,9,23,0
2020-03-07,Madera,039,155013,7,1,0,1,0
2020-03-07,Marin,041,260295,11,0,0,0,0
2020-03-07,Mariposa,043,17540,0,0,0,0,0
2020-03-07,Mendocino,045,87422,0,0,0,0,0
2020-03-07,Merced,047,269075,2,0,0,0,0
2020-03-07,Modoc,049,8938,0,0,0,0,0
2020-03-07,Mono,051,14174,3,0,0,0,0
2020-03-07,Monterey,053,433212,2,0,0,0,0
2020-03-07,Napa,055,140530,1,0,0,0,0
2020-03-07,Nevada,057,99092,1,0,1,1,0
2020-03-07,Orange,059,3164182,121,4,0,4,0
2020-03-07,Placer,061,380077,11,6,0,6,1
2020-03-07,Plumas,063,18699,0,0,0,0,0
2020-03-07,Riverside,065,2383286,31,0,1,1,0
2020-03-07,Sacramento,067,1510023,51,4,0,4,0
2020-03-07,San Benito,069,59416,3,2,0,2,0
2020-03-07,San Bernardino,071,2135413,40,0,0,0,0
2020-03-07,San Diego,073,3302833,74,2,0,2,0
2020-03-07,San Francisco,075,870044,47,9,0,9,0
2020-03-07,San Joaquin,077,732212,16,0,3,3,0
2020-03-07,San Luis Obispo,079,281455,6,0,0,0,0
2020-03-07,San Mateo,081,765935,87,1,0,1,0
2020-03-07,Santa Barbara,083,443738,5,0,0,0,0
2020-03-07,Santa Clara,085,1922200,205,31,1,32,0
2020-03-07,Santa Cruz,087,273765,17,1,0,1,0
2020-03-07,Shasta,089,179085,2,0,0,0,0
2020-03-07,Sierra,091,2930,0,0,0,0,0
2020-03-07,Siskiyou,093,43540,0,0,0,0,0
2020-03-07,Solano,095,438530,23,25,0,25,0
2020-03-07,Sonoma,097,501317,13,2,0,2,0
2020-03-07,Stanislaus,099,539301,9,0,2,2,0
2020-03-07,Sutter,101,95872,0,0,0,0,0
2020-03-07,Tehama,103,63373,0,0,0,0,0
2020-03-07,Trinity,105,12862,0,0,0,0,0
2020-03-07,Tulare,107,460477,6,0,0,0,0
2020-03-07,Tuolumne,109,53932,1,0,0,0,0
2020-03-07,Ventura,111,848112,18,1,0,1,0
2020-03-07,Yolo,113,214977,3,2,0,2,0
2020-03-07,Yuba,115,75493,0,0,0,0,0
2020-03-06,Alameda,001,1643700,38,3,0,3,0
2020-03-06,Alpine,003,1148,0,0,0,0,0
2020-03-06,Amador,005,37829,0,0,0,0,0
2020-03-06,Butte,007,227075,0,0,0,0,0
2020-03-06,Calaveras,009,45235,2,0,0,0,0
2020-03-06,Colusa,011,21464,0,0,0,0,0
2020-03-06,Contra Costa,013,1133247,46,4,0,4,0
2020-03-06,Del Norte,015,27424,0,0,0,0,0
2020-03-06,El Dorado,017,186661,3,0,0,0,0
2020-03-06,Fresno,019,978130,2,0,1,1,0
2020-03-06,Glenn,021,27897,0,0,0,0,0
2020-03-06,Humboldt,023,135768,4,1,0,1,0
2020-03-06,Imperial,025,180216,6,0,0,0,0
2020-03-06,Inyo,027,18085,0,0,0,0,0
2020-03-06,Kern,029,883053,6,0,0,0,0
2020-03-06,Kings,031,150075,3,0,1,1,0
2020-03-06,Lake,033,64148,0,0,0,0,0
2020-03-06,Lassen,035,31185,0,0,0,0,0
2020-03-06,Los Angeles,037,10098052,268,13,9,22,0
2020-03-06,Madera,039,155013,6,0,0,0,0
2020-03-06,Marin,041,260295,10,0,0,0,0
2020-03-06,Mariposa,043,17540,0,0,0,0,0
2020-03-06,Mendocino,045,87422,0,0,0,0,0
2020-03-06,Merced,047,269075,2,0,0,0,0
2020-03-06,Modoc,049,8938,0,0,0,0,0
2020-03-06,Mono,051,14174,1,0,0,0,0
2020-03-06,Monterey,053,433212,2,0,0,0,0
2020-03-06,Napa,055,140530,1,0,0,0,0
2020-03-06,Nevada,057,99092,1,0,1,1,0
2020-03-06,Orange,059,3164182,95,4,0,4,0
2020-03-06,Placer,061,380077,10,5,0,5,1
2020-03-06,Plumas,063,18699,0,0,0,0,0
2020-03-06,Riverside,065,2383286,30,0,1,1,0
2020-03-06,Sacramento,067,1510023,42,2,0,2,0
2020-03-06,San Benito,069,59416,3,2,0,2,0
2020-03-06,San Bernardino,071,2135413,38,0,0,0,0
2020-03-06,San Diego,073,3302833,61,2,0,2,0
2020-03-06,San Francisco,075,870044,41,2,0,2,0
2020-03-06,San Joaquin,077,732212,13,0,3,3,0
2020-03-06,San Luis Obispo,079,281455,4,0,0,0,0
2020-03-06,San Mateo,081,765935,79,1,0,1,0
2020-03-06,Santa Barbara,083,443738,3,0,0,0,0
2020-03-06,Santa Clara,085,1922200,187,20,1,21,0
2020-03-06,Santa Cruz,087,273765,15,0,0,0,0
2020-03-06,Shasta,089,179085,2,0,0,0,0
2020-03-06,Sierra,091,2930,0,0,0,0,0
2020-03-06,Siskiyou,093,43540,0,0,0,0,0
2020-03-06,Solano,095,438530,22,25,0,25,0
2020-03-06,Sonoma,097,501317,13,2,0,2,0
2020-03-06,Stanislaus,099,539301,5,0,2,2,0
2020-03-06,Sutter,101,95872,0,0,0,0,0
2020-03-06,Tehama,103,63373,0,0,0,0,0
2020-03-06,Trinity,105,12862,0,0,0,0,0
2020-03-06,Tulare,107,460477,6,0,0,0,0
2020-03-06,Tuolumne,109,53932,1,0,0,0,0
2020-03-06,Ventura,111,848112,15,1,0,1,0
2020-03-06,Yolo,113,214977,3,1,0,1,0
2020-03-06,Yuba,115,75493,0,0,0,0,0
2020-03-05,Alameda,001,1643700,33,2,0,2,0
2020-03-05,Alpine,003,1148,0,0,0,0,0
2020-03-05,Amador,005,37829,0,0,0,0,0
2020-03-05,Butte,007,227075,0,0,0,0,0
2020-03-05,Calaveras,009,45235,2,0,0,0,0
2020-03-05,Colusa,011,21464,0,0,0,0,0
2020-03-05,Contra Costa,013,1133247,39,1,0,1,0
2020-03-05,Del Norte,015,27424,0,0,0,0,0
2020-03-05,El Dorado,017,186661,1,0,0,0,0
2020-03-05,Fresno,019,978130,2,0,1,1,0
2020-03-05,Glenn,021,27897,0,0,0,0,0
2020-03-05,Humboldt,023,135768,4,1,0,1,0
2020-03-05,Imperial,025,180216,5,0,0,0,0
2020-03-05,Inyo,027,18085,0,0,0,0,0
2020-03-05,Kern,029,883053,6,0,0,0,0
2020-03-05,Kings,031,150075,3,0,1,1,0
2020-03-05,Lake,033,64148,0,0,0,0,0
2020-03-05,Lassen,035,31185,0,0,0,0,0
2020-03-05,Los Angeles,037,10098052,221,11,9,20,0
2020-03-05,Madera,039,155013,5,0,0,0,0
2020-03-05,Marin,041,260295,10,0,0,0,0
2020-03-05,Mariposa,043,17540,0,0,0,0,0
2020-03-05,Mendocino,045,87422,0,0,0,0,0
2020-03-05,Merced,047,269075,2,0,0,0,0
2020-03-05,Modoc,049,8938,0,0,0,0,0
2020-03-05,Mono,051,14174,1,0,0,0,0
2020-03-05,Monterey,053,433212,2,0,0,0,0
2020-03-05,Napa,055,140530,1,0,0,0,0
2020-03-05,Nevada,057,99092,0,0,1,1,0
2020-03-05,Orange,059,3164182,80,3,0,3,0
2020-03-05,Placer,061,380077,10,2,0,2,1
2020-03-05,Plumas,063,18699,0,0,0,0,0
2020-03-05,Riverside,065,2383286,27,0,1,1,0
2020-03-05,Sacramento,067,1510023,36,2,0,2,0
2020-03-05,San Benito,069,59416,1,2,0,2,0
2020-03-05,San Bernardino,071,2135413,33,0,0,0,0
2020-03-05,San Diego,073,3302833,54,2,0,2,0
2020-03-05,San Francisco,075,870044,31,2,0,2,0
2020-03-05,San Joaquin,077,732212,10,0,3,3,0
2020-03-05,San Luis Obispo,079,281455,4,0,0,0,0
2020-03-05,San Mateo,081,765935,65,1,0,1,0
2020-03-05,Santa Barbara,083,443738,2,0,0,0,0
2020-03-05,Santa Clara,085,1922200,163,14,1,15,0
2020-03-05,Santa Cruz,087,273765,13,0,0,0,0
2020-03-05,Shasta,089,179085,2,0,0,0,0
2020-03-05,Sierra,091,2930,0,0,0,0,0
2020-03-05,Siskiyou,093,43540,0,0,0,0,0
2020-03-05,Solano,095,438530,22,24,0,24,0
2020-03-05,Sonoma,097,501317,12,2,0,2,0
2020-03-05,Stanislaus,099,539301,4,0,2,2,0
2020-03-05,Sutter,101,95872,0,0,0,0,0
2020-03-05,Tehama,103,63373,0,0,0,0,0
2020-03-05,Trinity,105,12862,0,0,0,0,0
2020-03-05,Tulare,107,460477,6,0,0,0,0
2020-03-05,Tuolumne,109,53932,1,0,0,0,0
2020-03-05,Ventura,111,848112,13,0,0,0,0
2020-03-05,Yolo,113,214977,3,0,0,0,0
2020-03-05,Yuba,115,75493,0,0,0,0,0
2020-03-04,Alameda,001,1643700,29,2,0,2,0
2020-03-04,Alpine,003,1148,0,0,0,0,0
2020-03-04,Amador,005,37829,0,0,0,0,0
2020-03-04,Butte,007,227075,0,0,0,0,0
2020-03-04,Calaveras,009,45235,0,0,0,0,0
2020-03-04,Colusa,011,21464,0,0,0,0,0
2020-03-04,Contra Costa,013,1133247,34,1,0,1,0
2020-03-04,Del Norte,015,27424,0,0,0,0,0
2020-03-04,El Dorado,017,186661,1,0,0,0,0
2020-03-04,Fresno,019,978130,2,0,1,1,0
2020-03-04,Glenn,021,27897,0,0,0,0,0
2020-03-04,Humboldt,023,135768,1,1,0,1,0
2020-03-04,Imperial,025,180216,5,0,0,0,0
2020-03-04,Inyo,027,18085,0,0,0,0,0
2020-03-04,Kern,029,883053,6,0,0,0,0
2020-03-04,Kings,031,150075,3,0,1,1,0
2020-03-04,Lake,033,64148,0,0,0,0,0
2020-03-04,Lassen,035,31185,0,0,0,0,0
2020-03-04,Los Angeles,037,10098052,186,7,9,16,0
2020-03-04,Madera,039,155013,5,0,0,0,0
2020-03-04,Marin,041,260295,10,0,0,0,0
2020-03-04,Mariposa,043,17540,0,0,0,0,0
2020-03-04,Mendocino,045,87422,0,0,0,0,0
2020-03-04,Merced,047,269075,2,0,0,0,0
2020-03-04,Modoc,049,8938,0,0,0,0,0
2020-03-04,Mono,051,14174,1,0,0,0,0
2020-03-04,Monterey,053,433212,2,0,0,0,0
2020-03-04,Napa,055,140530,1,0,0,0,0
2020-03-04,Nevada,057,99092,0,0,1,1,0
2020-03-04,Orange,059,3164182,77,3,0,3,0
2020-03-04,Placer,061,380077,9,2,0,2,1
2020-03-04,Plumas,063,18699,0,0,0,0,0
2020-03-04,Riverside,065,2383286,23,0,1,1,0
2020-03-04,Sacramento,067,1510023,31,1,0,1,0
2020-03-04,San Benito,069,59416,1,2,0,2,0
2020-03-04,San Bernardino,071,2135413,30,0,0,0,0
2020-03-04,San Diego,073,3302833,41,2,0,2,0
2020-03-04,San Francisco,075,870044,26,0,0,0,0
2020-03-04,San Joaquin,077,732212,9,0,3,3,0
2020-03-04,San Luis Obispo,079,281455,4,0,0,0,0
2020-03-04,San Mateo,081,765935,60,1,0,1,0
2020-03-04,Santa Barbara,083,443738,2,0,0,0,0
2020-03-04,Santa Clara,085,1922200,146,12,1,13,0
2020-03-04,Santa Cruz,087,273765,13,0,0,0,0
2020-03-04,Shasta,089,179085,2,0,0,0,0
2020-03-04,Sierra,091,2930,0,0,0,0,0
2020-03-04,Siskiyou,093,43540,0,0,0,0,0
2020-03-04,Solano,095,438530,21,24,0,24,0
2020-03-04,Sonoma,097,501317,11,2,0,2,0
2020-03-04,Stanislaus,099,539301,4,0,2,2,0
2020-03-04,Sutter,101,95872,0,0,0,0,0
2020-03-04,Tehama,103,63373,0,0,0,0,0
2020-03-04,Trinity,105,12862,0,0,0,0,0
2020-03-04,Tulare,107,460477,6,0,0,0,0
2020-03-04,Tuolumne,109,53932,0,0,0,0,0
2020-03-04,Ventura,111,848112,12,0,0,0,0
2020-03-04,Yolo,113,214977,3,0,0,0,0
2020-03-04,Yuba,115,75493,0,0,0,0,0
2020-03-03,Alameda,001,1643700,24,2,0,2,0
2020-03-03,Alpine,003,1148,0,0,0,0,0
2020-03-03,Amador,005,37829,0,0,0,0,0
2020-03-03,Butte,007,227075,0,0,0,0,0
2020-03-03,Calaveras,009,45235,0,0,0,0,0
2020-03-03,Colusa,011,21464,0,0,0,0,0
2020-03-03,Contra Costa,013,1133247,30,0,0,0,0
2020-03-03,Del Norte,015,27424,0,0,0,0,0
2020-03-03,El Dorado,017,186661,1,0,0,0,0
2020-03-03,Fresno,019,978130,1,0,1,1,0
2020-03-03,Glenn,021,27897,0,0,0,0,0
2020-03-03,Humboldt,023,135768,1,1,0,1,0
2020-03-03,Imperial,025,180216,5,0,0,0,0
2020-03-03,Inyo,027,18085,0,0,0,0,0
2020-03-03,Kern,029,883053,4,0,0,0,0
2020-03-03,Kings,031,150075,3,0,1,1,0
2020-03-03,Lake,033,64148,0,0,0,0,0
2020-03-03,Lassen,035,31185,0,0,0,0,0
2020-03-03,Los Angeles,037,10098052,167,5,9,14,0
2020-03-03,Madera,039,155013,4,0,0,0,0
2020-03-03,Marin,041,260295,6,0,0,0,0
2020-03-03,Mariposa,043,17540,0,0,0,0,0
2020-03-03,Mendocino,045,87422,0,0,0,0,0
2020-03-03,Merced,047,269075,2,0,0,0,0
2020-03-03,Modoc,049,8938,0,0,0,0,0
2020-03-03,Mono,051,14174,1,0,0,0,0
2020-03-03,Monterey,053,433212,1,0,0,0,0
2020-03-03,Napa,055,140530,1,0,0,0,0
2020-03-03,Nevada,057,99092,0,0,1,1,0
2020-03-03,Orange,059,3164182,69,1,0,1,0
2020-03-03,Placer,061,380077,8,2,0,2,0
2020-03-03,Plumas,063,18699,0,0,0,0,0
2020-03-03,Riverside,065,2383286,20,0,1,1,0
2020-03-03,Sacramento,067,1510023,30,1,0,1,0
2020-03-03,San Benito,069,59416,1,2,0,2,0
2020-03-03,San Bernardino,071,2135413,27,0,0,0,0
2020-03-03,San Diego,073,3302833,34,2,0,2,0
2020-03-03,San Francisco,075,870044,24,0,0,0,0
2020-03-03,San Joaquin,077,732212,8,0,3,3,0
2020-03-03,San Luis Obispo,079,281455,2,0,0,0,0
2020-03-03,San Mateo,081,765935,53,1,0,1,0
2020-03-03,Santa Barbara,083,443738,1,0,0,0,0
2020-03-03,Santa Clara,085,1922200,131,11,1,12,0
2020-03-03,Santa Cruz,087,273765,10,0,0,0,0
2020-03-03,Shasta,089,179085,2,0,0,0,0
2020-03-03,Sierra,091,2930,0,0,0,0,0
2020-03-03,Siskiyou,093,43540,0,0,0,0,0
2020-03-03,Solano,095,438530,20,24,0,24,0
2020-03-03,Sonoma,097,501317,11,1,0,1,0
2020-03-03,Stanislaus,099,539301,4,0,2,2,0
2020-03-03,Sutter,101,95872,0,0,0,0,0
2020-03-03,Tehama,103,63373,0,0,0,0,0
2020-03-03,Trinity,105,12862,0,0,0,0,0
2020-03-03,Tulare,107,460477,6,0,0,0,0
2020-03-03,Tuolumne,109,53932,0,0,0,0,0
2020-03-03,Ventura,111,848112,11,0,0,0,0
2020-03-03,Yolo,113,214977,2,0,0,0,0
2020-03-03,Yuba,115,75493,0,0,0,0,0
2020-03-02,Alameda,001,1643700,21,1,0,1,0
2020-03-02,Alpine,003,1148,0,0,0,0,0
2020-03-02,Amador,005,37829,0,0,0,0,0
2020-03-02,Butte,007,227075,0,0,0,0,0
2020-03-02,Calaveras,009,45235,0,0,0,0,0
2020-03-02,Colusa,011,21464,0,0,0,0,0
2020-03-02,Contra Costa,013,1133247,27,0,0,0,0
2020-03-02,Del Norte,015,27424,0,0,0,0,0
2020-03-02,El Dorado,017,186661,1,0,0,0,0
2020-03-02,Fresno,019,978130,1,0,1,1,0
2020-03-02,Glenn,021,27897,0,0,0,0,0
2020-03-02,Humboldt,023,135768,1,1,0,1,0
2020-03-02,Imperial,025,180216,5,0,0,0,0
2020-03-02,Inyo,027,18085,0,0,0,0,0
2020-03-02,Kern,029,883053,4,0,0,0,0
2020-03-02,Kings,031,150075,3,0,1,1,0
2020-03-02,Lake,033,64148,0,0,0,0,0
2020-03-02,Lassen,035,31185,0,0,0,0,0
2020-03-02,Los Angeles,037,10098052,152,1,9,10,0
2020-03-02,Madera,039,155013,4,0,0,0,0
2020-03-02,Marin,041,260295,6,0,0,0,0
2020-03-02,Mariposa,043,17540,0,0,0,0,0
2020-03-02,Mendocino,045,87422,0,0,0,0,0
2020-03-02,Merced,047,269075,1,0,0,0,0
2020-03-02,Modoc,049,8938,0,0,0,0,0
2020-03-02,Mono,051,14174,1,0,0,0,0
2020-03-02,Monterey,053,433212,1,0,0,0,0
2020-03-02,Napa,055,140530,1,0,0,0,0
2020-03-02,Nevada,057,99092,0,0,1,1,0
2020-03-02,Orange,059,3164182,64,1,0,1,0
2020-03-02,Placer,061,380077,8,1,0,1,0
2020-03-02,Plumas,063,18699,0,0,0,0,0
2020-03-02,Riverside,065,2383286,19,0,1,1,0
2020-03-02,Sacramento,067,1510023,25,1,0,1,0
2020-03-02,San Benito,069,59416,1,2,0,2,0
2020-03-02,San Bernardino,071,2135413,27,0,0,0,0
2020-03-02,San Diego,073,3302833,28,2,0,2,0
2020-03-02,San Francisco,075,870044,17,0,0,0,0
2020-03-02,San Joaquin,077,732212,7,0,3,3,0
2020-03-02,San Luis Obispo,079,281455,2,0,0,0,0
2020-03-02,San Mateo,081,765935,44,1,0,1,0
2020-03-02,Santa Barbara,083,443738,1,0,0,0,0
2020-03-02,Santa Clara,085,1922200,109,7,1,8,0
2020-03-02,Santa Cruz,087,273765,9,0,0,0,0
2020-03-02,Shasta,089,179085,2,0,0,0,0
2020-03-02,Sierra,091,2930,0,0,0,0,0
2020-03-02,Siskiyou,093,43540,0,0,0,0,0
2020-03-02,Solano,095,438530,19,24,0,24,0
2020-03-02,Sonoma,097,501317,10,1,0,1,0
2020-03-02,Stanislaus,099,539301,2,0,2,2,0
2020-03-02,Sutter,101,95872,0,0,0,0,0
2020-03-02,Tehama,103,63373,0,0,0,0,0
2020-03-02,Trinity,105,12862,0,0,0,0,0
2020-03-02,Tulare,107,460477,6,0,0,0,0
2020-03-02,Tuolumne,109,53932,0,0,0,0,0
2020-03-02,Ventura,111,848112,10,0,0,0,0
2020-03-02,Yolo,113,214977,2,0,0,0,0
2020-03-02,Yuba,115,75493,0,0,0,0,0
2020-03-01,Alameda,001,1643700,20,1,0,1,0
2020-03-01,Alpine,003,1148,0,0,0,0,0
2020-03-01,Amador,005,37829,0,0,0,0,0
2020-03-01,Butte,007,227075,0,0,0,0,0
2020-03-01,Calaveras,009,45235,0,0,0,0,0
2020-03-01,Colusa,011,21464,0,0,0,0,0
2020-03-01,Contra Costa,013,1133247,24,0,0,0,0
2020-03-01,Del Norte,015,27424,0,0,0,0,0
2020-03-01,El Dorado,017,186661,1,0,0,0,0
2020-03-01,Fresno,019,978130,0,0,1,1,0
2020-03-01,Glenn,021,27897,0,0,0,0,0
2020-03-01,Humboldt,023,135768,1,1,0,1,0
2020-03-01,Imperial,025,180216,5,0,0,0,0
2020-03-01,Inyo,027,18085,0,0,0,0,0
2020-03-01,Kern,029,883053,2,0,0,0,0
2020-03-01,Kings,031,150075,3,0,1,1,0
2020-03-01,Lake,033,64148,0,0,0,0,0
2020-03-01,Lassen,035,31185,0,0,0,0,0
2020-03-01,Los Angeles,037,10098052,133,1,9,10,0
2020-03-01,Madera,039,155013,2,0,0,0,0
2020-03-01,Marin,041,260295,5,0,0,0,0
2020-03-01,Mariposa,043,17540,0,0,0,0,0
2020-03-01,Mendocino,045,87422,0,0,0,0,0
2020-03-01,Merced,047,269075,1,0,0,0,0
2020-03-01,Modoc,049,8938,0,0,0,0,0
2020-03-01,Mono,051,14174,1,0,0,0,0
2020-03-01,Monterey,053,433212,0,0,0,0,0
2020-03-01,Napa,055,140530,1,0,0,0,0
2020-03-01,Nevada,057,99092,0,0,1,1,0
2020-03-01,Orange,059,3164182,61,1,0,1,0
2020-03-01,Placer,061,380077,8,0,0,0,0
2020-03-01,Plumas,063,18699,0,0,0,0,0
2020-03-01,Riverside,065,2383286,18,0,1,1,0
2020-03-01,Sacramento,067,1510023,21,1,0,1,0
2020-03-01,San Benito,069,59416,0,2,0,2,0
2020-03-01,San Bernardino,071,2135413,25,0,0,0,0
2020-03-01,San Diego,073,3302833,21,2,0,2,0
2020-03-01,San Francisco,075,870044,13,0,0,0,0
2020-03-01,San Joaquin,077,732212,7,0,3,3,0
2020-03-01,San Luis Obispo,079,281455,2,0,0,0,0
2020-03-01,San Mateo,081,765935,36,0,0,0,0
2020-03-01,Santa Barbara,083,443738,1,0,0,0,0
2020-03-01,Santa Clara,085,1922200,96,6,1,7,0
2020-03-01,Santa Cruz,087,273765,8,0,0,0,0
2020-03-01,Shasta,089,179085,2,0,0,0,0
2020-03-01,Sierra,091,2930,0,0,0,0,0
2020-03-01,Siskiyou,093,43540,0,0,0,0,0
2020-03-01,Solano,095,438530,19,24,0,24,0
2020-03-01,Sonoma,097,501317,9,0,0,0,0
2020-03-01,Stanislaus,099,539301,2,0,2,2,0
2020-03-01,Sutter,101,95872,0,0,0,0,0
2020-03-01,Tehama,103,63373,0,0,0,0,0
2020-03-01,Trinity,105,12862,0,0,0,0,0
2020-03-01,Tulare,107,460477,6,0,0,0,0
2020-03-01,Tuolumne,109,53932,0,0,0,0,0
2020-03-01,Ventura,111,848112,8,0,0,0,0
2020-03-01,Yolo,113,214977,2,0,0,0,0
2020-03-01,Yuba,115,75493,0,0,0,0,0
2020-02-29,Alameda,001,1643700,16,0,0,0,0
2020-02-29,Alpine,003,1148,0,0,0,0,0
2020-02-29,Amador,005,37829,0,0,0,0,0
2020-02-29,Butte,007,227075,0,0,0,0,0
2020-02-29,Calaveras,009,45235,0,0,0,0,0
2020-02-29,Colusa,011,21464,0,0,0,0,0
2020-02-29,Contra Costa,013,1133247,20,0,0,0,0
2020-02-29,Del Norte,015,27424,0,0,0,0,0
2020-02-29,El Dorado,017,186661,1,0,0,0,0
2020-02-29,Fresno,019,978130,0,0,0,0,0
2020-02-29,Glenn,021,27897,0,0,0,0,0
2020-02-29,Humboldt,023,135768,1,1,0,1,0
2020-02-29,Imperial,025,180216,3,0,0,0,0
2020-02-29,Inyo,027,18085,0,0,0,0,0
2020-02-29,Kern,029,883053,2,0,0,0,0
2020-02-29,Kings,031,150075,3,0,1,1,0
2020-02-29,Lake,033,64148,0,0,0,0,0
2020-02-29,Lassen,035,31185,0,0,0,0,0
2020-02-29,Los Angeles,037,10098052,105,1,9,10,0
2020-02-29,Madera,039,155013,2,0,0,0,0
2020-02-29,Marin,041,260295,4,0,0,0,0
2020-02-29,Mariposa,043,17540,0,0,0,0,0
2020-02-29,Mendocino,045,87422,0,0,0,0,0
2020-02-29,Merced,047,269075,1,0,0,0,0
2020-02-29,Modoc,049,8938,0,0,0,0,0
2020-02-29,Mono,051,14174,1,0,0,0,0
2020-02-29,Monterey,053,433212,0,0,0,0,0
2020-02-29,Napa,055,140530,1,0,0,0,0
2020-02-29,Nevada,057,99092,0,0,1,1,0
2020-02-29,Orange,059,3164182,56,1,0,1,0
2020-02-29,Placer,061,380077,7,0,0,0,0
2020-02-29,Plumas,063,18699,0,0,0,0,0
2020-02-29,Riverside,065,2383286,15,0,1,1,0
2020-02-29,Sacramento,067,1510023,16,1,0,1,0
2020-02-29,San Benito,069,59416,0,2,0,2,0
2020-02-29,San Bernardino,071,2135413,23,0,0,0,0
2020-02-29,San Diego,073,3302833,16,2,0,2,0
2020-02-29,San Francisco,075,870044,12,0,0,0,0
2020-02-29,San Joaquin,077,732212,6,0,3,3,0
2020-02-29,San Luis Obispo,079,281455,2,0,0,0,0
2020-02-29,San Mateo,081,765935,29,0,0,0,0
2020-02-29,Santa Barbara,083,443738,0,0,0,0,0
2020-02-29,Santa Clara,085,1922200,74,3,1,4,0
2020-02-29,Santa Cruz,087,273765,8,0,0,0,0
2020-02-29,Shasta,089,179085,2,0,0,0,0
2020-02-29,Sierra,091,2930,0,0,0,0,0
2020-02-29,Siskiyou,093,43540,0,0,0,0,0
2020-02-29,Solano,095,438530,18,23,0,23,0
2020-02-29,Sonoma,097,501317,6,0,0,0,0
2020-02-29,Stanislaus,099,539301,2,0,2,2,0
2020-02-29,Sutter,101,95872,0,0,0,0,0
2020-02-29,Tehama,103,63373,0,0,0,0,0
2020-02-29,Trinity,105,12862,0,0,0,0,0
2020-02-29,Tulare,107,460477,4,0,0,0,0
2020-02-29,Tuolumne,109,53932,0,0,0,0,0
2020-02-29,Ventura,111,848112,6,0,0,0,0
2020-02-29,Yolo,113,214977,2,0,0,0,0
2020-02-29,Yuba,115,75493,0,0,0,0,0
2020-02-28,Alameda,001,1643700,14,0,0,0,0
2020-02-28,Alpine,003,1148,0,0,0,0,0
2020-02-28,Amador,005,37829,0,0,0,0,0
2020-02-28,Butte,007,227075,0,0,0,0,0
2020-02-28,Calaveras,009,45235,0,0,0,0,0
2020-02-28,Colusa,011,21464,0,0,0,0,0
2020-02-28,Contra Costa,013,1133247,20,0,0,0,0
2020-02-28,Del Norte,015,27424,0,0,0,0,0
2020-02-28,El Dorado,017,186661,0,0,0,0,0
2020-02-28,Fresno,019,978130,0,0,0,0,0
2020-02-28,Glenn,021,27897,0,0,0,0,0
2020-02-28,Humboldt,023,135768,1,1,0,1,0
2020-02-28,Imperial,025,180216,3,0,0,0,0
2020-02-28,Inyo,027,18085,0,0,0,0,0
2020-02-28,Kern,029,883053,2,0,0,0,0
2020-02-28,Kings,031,150075,3,0,1,1,0
2020-02-28,Lake,033,64148,0,0,0,0,0
2020-02-28,Lassen,035,31185,0,0,0,0,0
2020-02-28,Los Angeles,037,10098052,97,1,9,10,0
2020-02-28,Madera,039,155013,2,0,0,0,0
2020-02-28,Marin,041,260295,2,0,0,0,0
2020-02-28,Mariposa,043,17540,0,0,0,0,0
2020-02-28,Mendocino,045,87422,0,0,0,0,0
2020-02-28,Merced,047,269075,1,0,0,0,0
2020-02-28,Modoc,049,8938,0,0,0,0,0
2020-02-28,Mono,051,14174,0,0,0,0,0
2020-02-28,Monterey,053,433212,0,0,0,0,0
2020-02-28,Napa,055,140530,1,0,0,0,0
2020-02-28,Nevada,057,99092,0,0,1,1,0
2020-02-28,Orange,059,3164182,54,1,0,1,0
2020-02-28,Placer,061,380077,7,0,0,0,0
2020-02-28,Plumas,063,18699,0,0,0,0,0
2020-02-28,Riverside,065,2383286,13,0,1,1,0
2020-02-28,Sacramento,067,1510023,10,1,0,1,0
2020-02-28,San Benito,069,59416,0,2,0,2,0
2020-02-28,San Bernardino,071,2135413,23,0,0,0,0
2020-02-28,San Diego,073,3302833,13,2,0,2,0
2020-02-28,San Francisco,075,870044,10,0,0,0,0
2020-02-28,San Joaquin,077,732212,6,0,3,3,0
2020-02-28,San Luis Obispo,079,281455,2,0,0,0,0
2020-02-28,San Mateo,081,765935,24,0,0,0,0
2020-02-28,Santa Barbara,083,443738,0,0,0,0,0
2020-02-28,Santa Clara,085,1922200,69,3,1,4,0
2020-02-28,Santa Cruz,087,273765,8,0,0,0,0
2020-02-28,Shasta,089,179085,2,0,0,0,0
2020-02-28,Sierra,091,2930,0,0,0,0,0
2020-02-28,Siskiyou,093,43540,0,0,0,0,0
2020-02-28,Solano,095,438530,17,23,0,23,0
2020-02-28,Sonoma,097,501317,6,0,0,0,0
2020-02-28,Stanislaus,099,539301,2,0,2,2,0
2020-02-28,Sutter,101,95872,0,0,0,0,0
2020-02-28,Tehama,103,63373,0,0,0,0,0
2020-02-28,Trinity,105,12862,0,0,0,0,0
2020-02-28,Tulare,107,460477,3,0,0,0,0
2020-02-28,Tuolumne,109,53932,0,0,0,0,0
2020-02-28,Ventura,111,848112,6,0,0,0,0
2020-02-28,Yolo,113,214977,2,0,0,0,0
2020-02-28,Yuba,115,75493,0,0,0,0,0
2020-02-27,Alameda,001,1643700,13,0,0,0,0
2020-02-27,Alpine,003,1148,0,0,0,0,0
2020-02-27,Amador,005,37829,0,0,0,0,0
2020-02-27,Butte,007,227075,0,0,0,0,0
2020-02-27,Calaveras,009,45235,0,0,0,0,0
2020-02-27,Colusa,011,21464,0,0,0,0,0
2020-02-27,Contra Costa,013,1133247,14,0,0,0,0
2020-02-27,Del Norte,015,27424,0,0,0,0,0
2020-02-27,El Dorado,017,186661,0,0,0,0,0
2020-02-27,Fresno,019,978130,0,0,0,0,0
2020-02-27,Glenn,021,27897,0,0,0,0,0
2020-02-27,Humboldt,023,135768,1,1,0,1,0
2020-02-27,Imperial,025,180216,3,0,0,0,0
2020-02-27,Inyo,027,18085,0,0,0,0,0
2020-02-27,Kern,029,883053,2,0,0,0,0
2020-02-27,Kings,031,150075,3,0,1,1,0
2020-02-27,Lake,033,64148,0,0,0,0,0
2020-02-27,Lassen,035,31185,0,0,0,0,0
2020-02-27,Los Angeles,037,10098052,90,1,9,10,0
2020-02-27,Madera,039,155013,2,0,0,0,0
2020-02-27,Marin,041,260295,1,0,0,0,0
2020-02-27,Mariposa,043,17540,0,0,0,0,0
2020-02-27,Mendocino,045,87422,0,0,0,0,0
2020-02-27,Merced,047,269075,1,0,0,0,0
2020-02-27,Modoc,049,8938,0,0,0,0,0
2020-02-27,Mono,051,14174,0,0,0,0,0
2020-02-27,Monterey,053,433212,0,0,0,0,0
2020-02-27,Napa,055,140530,1,0,0,0,0
2020-02-27,Nevada,057,99092,0,0,1,1,0
2020-02-27,Orange,059,3164182,48,1,0,1,0
2020-02-27,Placer,061,380077,6,0,0,0,0
2020-02-27,Plumas,063,18699,0,0,0,0,0
2020-02-27,Riverside,065,2383286,12,0,1,1,0
2020-02-27,Sacramento,067,1510023,10,1,0,1,0
2020-02-27,San Benito,069,59416,0,2,0,2,0
2020-02-27,San Bernardino,071,2135413,23,0,0,0,0
2020-02-27,San Diego,073,3302833,12,2,0,2,0
2020-02-27,San Francisco,075,870044,9,0,0,0,0
2020-02-27,San Joaquin,077,732212,5,0,3,3,0
2020-02-27,San Luis Obispo,079,281455,2,0,0,0,0
2020-02-27,San Mateo,081,765935,20,0,0,0,0
2020-02-27,Santa Barbara,083,443738,0,0,0,0,0
2020-02-27,Santa Clara,085,1922200,58,2,1,3,0
2020-02-27,Santa Cruz,087,273765,6,0,0,0,0
2020-02-27,Shasta,089,179085,0,0,0,0,0
2020-02-27,Sierra,091,2930,0,0,0,0,0
2020-02-27,Siskiyou,093,43540,0,0,0,0,0
2020-02-27,Solano,095,438530,17,23,0,23,0
2020-02-27,Sonoma,097,501317,5,0,0,0,0
2020-02-27,Stanislaus,099,539301,2,0,2,2,0
2020-02-27,Sutter,101,95872,0,0,0,0,0
2020-02-27,Tehama,103,63373,0,0,0,0,0
2020-02-27,Trinity,105,12862,0,0,0,0,0
2020-02-27,Tulare,107,460477,3,0,0,0,0
2020-02-27,Tuolumne,109,53932,0,0,0,0,0
2020-02-27,Ventura,111,848112,4,0,0,0,0
2020-02-27,Yolo,113,214977,2,0,0,0,0
2020-02-27,Yuba,115,75493,0,0,0,0,0
2020-02-26,Alameda,001,1643700,13,0,0,0,0
2020-02-26,Alpine,003,1148,0,0,0,0,0
2020-02-26,Amador,005,37829,0,0,0,0,0
2020-02-26,Butte,007,227075,0,0,0,0,0
2020-02-26,Calaveras,009,45235,0,0,0,0,0
2020-02-26,Colusa,011,21464,0,0,0,0,0
2020-02-26,Contra Costa,013,1133247,13,0,0,0,0
2020-02-26,Del Norte,015,27424,0,0,0,0,0
2020-02-26,El Dorado,017,186661,0,0,0,0,0
2020-02-26,Fresno,019,978130,0,0,0,0,0
2020-02-26,Glenn,021,27897,0,0,0,0,0
2020-02-26,Humboldt,023,135768,1,1,0,1,0
2020-02-26,Imperial,025,180216,3,0,0,0,0
2020-02-26,Inyo,027,18085,0,0,0,0,0
2020-02-26,Kern,029,883053,2,0,0,0,0
2020-02-26,Kings,031,150075,3,0,1,1,0
2020-02-26,Lake,033,64148,0,0,0,0,0
2020-02-26,Lassen,035,31185,0,0,0,0,0
2020-02-26,Los Angeles,037,10098052,84,1,9,10,0
2020-02-26,Madera,039,155013,2,0,0,0,0
2020-02-26,Marin,041,260295,1,0,0,0,0
2020-02-26,Mariposa,043,17540,0,0,0,0,0
2020-02-26,Mendocino,045,87422,0,0,0,0,0
2020-02-26,Merced,047,269075,1,0,0,0,0
2020-02-26,Modoc,049,8938,0,0,0,0,0
2020-02-26,Mono,051,14174,0,0,0,0,0
2020-02-26,Monterey,053,433212,0,0,0,0,0
2020-02-26,Napa,055,140530,0,0,0,0,0
2020-02-26,Nevada,057,99092,0,0,1,1,0
2020-02-26,Orange,059,3164182,47,1,0,1,0
2020-02-26,Placer,061,380077,5,0,0,0,0
2020-02-26,Plumas,063,18699,0,0,0,0,0
2020-02-26,Riverside,065,2383286,10,0,1,1,0
2020-02-26,Sacramento,067,1510023,10,1,0,1,0
2020-02-26,San Benito,069,59416,0,2,0,2,0
2020-02-26,San Bernardino,071,2135413,21,0,0,0,0
2020-02-26,San Diego,073,3302833,11,2,0,2,0
2020-02-26,San Francisco,075,870044,9,0,0,0,0
2020-02-26,San Joaquin,077,732212,5,0,3,3,0
2020-02-26,San Luis Obispo,079,281455,2,0,0,0,0
2020-02-26,San Mateo,081,765935,18,0,0,0,0
2020-02-26,Santa Barbara,083,443738,0,0,0,0,0
2020-02-26,Santa Clara,085,1922200,49,2,1,3,0
2020-02-26,Santa Cruz,087,273765,6,0,0,0,0
2020-02-26,Shasta,089,179085,0,0,0,0,0
2020-02-26,Sierra,091,2930,0,0,0,0,0
2020-02-26,Siskiyou,093,43540,0,0,0,0,0
2020-02-26,Solano,095,438530,17,23,0,23,0
2020-02-26,Sonoma,097,501317,5,0,0,0,0
2020-02-26,Stanislaus,099,539301,2,0,2,2,0
2020-02-26,Sutter,101,95872,0,0,0,0,0
2020-02-26,Tehama,103,63373,0,0,0,0,0
2020-02-26,Trinity,105,12862,0,0,0,0,0
2020-02-26,Tulare,107,460477,3,0,0,0,0
2020-02-26,Tuolumne,109,53932,0,0,0,0,0
2020-02-26,Ventura,111,848112,4,0,0,0,0
2020-02-26,Yolo,113,214977,2,0,0,0,0
2020-02-26,Yuba,115,75493,0,0,0,0,0
2020-02-25,Alameda,001,1643700,13,0,0,0,0
2020-02-25,Alpine,003,1148,0,0,0,0,0
2020-02-25,Amador,005,37829,0,0,0,0,0
2020-02-25,Butte,007,227075,0,0,0,0,0
2020-02-25,Calaveras,009,45235,0,0,0,0,0
2020-02-25,Colusa,011,21464,0,0,0,0,0
2020-02-25,Contra Costa,013,1133247,11,0,0,0,0
2020-02-25,Del Norte,015,27424,0,0,0,0,0
2020-02-25,El Dorado,017,186661,0,0,0,0,0
2020-02-25,Fresno,019,978130,0,0,0,0,0
2020-02-25,Glenn,021,27897,0,0,0,0,0
2020-02-25,Humboldt,023,135768,1,1,0,1,0
2020-02-25,Imperial,025,180216,3,0,0,0,0
2020-02-25,Inyo,027,18085,0,0,0,0,0
2020-02-25,Kern,029,883053,2,0,0,0,0
2020-02-25,Kings,031,150075,3,0,1,1,0
2020-02-25,Lake,033,64148,0,0,0,0,0
2020-02-25,Lassen,035,31185,0,0,0,0,0
2020-02-25,Los Angeles,037,10098052,72,1,9,10,0
2020-02-25,Madera,039,155013,2,0,0,0,0
2020-02-25,Marin,041,260295,1,0,0,0,0
2020-02-25,Mariposa,043,17540,0,0,0,0,0
2020-02-25,Mendocino,045,87422,0,0,0,0,0
2020-02-25,Merced,047,269075,0,0,0,0,0
2020-02-25,Modoc,049,8938,0,0,0,0,0
2020-02-25,Mono,051,14174,0,0,0,0,0
2020-02-25,Monterey,053,433212,0,0,0,0,0
2020-02-25,Napa,055,140530,0,0,0,0,0
2020-02-25,Nevada,057,99092,0,0,1,1,0
2020-02-25,Orange,059,3164182,46,1,0,1,0
2020-02-25,Placer,061,380077,5,0,0,0,0
2020-02-25,Plumas,063,18699,0,0,0,0,0
2020-02-25,Riverside,065,2383286,10,0,1,1,0
2020-02-25,Sacramento,067,1510023,8,1,0,1,0
2020-02-25,San Benito,069,59416,0,2,0,2,0
2020-02-25,San Bernardino,071,2135413,19,0,0,0,0
2020-02-25,San Diego,073,3302833,7,2,0,2,0
2020-02-25,San Francisco,075,870044,7,0,0,0,0
2020-02-25,San Joaquin,077,732212,5,0,2,2,0
2020-02-25,San Luis Obispo,079,281455,2,0,0,0,0
2020-02-25,San Mateo,081,765935,17,0,0,0,0
2020-02-25,Santa Barbara,083,443738,0,0,0,0,0
2020-02-25,Santa Clara,085,1922200,40,2,1,3,0
2020-02-25,Santa Cruz,087,273765,5,0,0,0,0
2020-02-25,Shasta,089,179085,0,0,0,0,0
2020-02-25,Sierra,091,2930,0,0,0,0,0
2020-02-25,Siskiyou,093,43540,0,0,0,0,0
2020-02-25,Solano,095,438530,16,21,0,21,0
2020-02-25,Sonoma,097,501317,5,0,0,0,0
2020-02-25,Stanislaus,099,539301,2,0,2,2,0
2020-02-25,Sutter,101,95872,0,0,0,0,0
2020-02-25,Tehama,103,63373,0,0,0,0,0
2020-02-25,Trinity,105,12862,0,0,0,0,0
2020-02-25,Tulare,107,460477,3,0,0,0,0
2020-02-25,Tuolumne,109,53932,0,0,0,0,0
2020-02-25,Ventura,111,848112,4,0,0,0,0
2020-02-25,Yolo,113,214977,2,0,0,0,0
2020-02-25,Yuba,115,75493,0,0,0,0,0
2020-02-24,Alameda,001,1643700,13,0,0,0,0
2020-02-24,Alpine,003,1148,0,0,0,0,0
2020-02-24,Amador,005,37829,0,0,0,0,0
2020-02-24,Butte,007,227075,0,0,0,0,0
2020-02-24,Calaveras,009,45235,0,0,0,0,0
2020-02-24,Colusa,011,21464,0,0,0,0,0
2020-02-24,Contra Costa,013,1133247,9,0,0,0,0
2020-02-24,Del Norte,015,27424,0,0,0,0,0
2020-02-24,El Dorado,017,186661,0,0,0,0,0
2020-02-24,Fresno,019,978130,0,0,0,0,0
2020-02-24,Glenn,021,27897,0,0,0,0,0
2020-02-24,Humboldt,023,135768,1,1,0,1,0
2020-02-24,Imperial,025,180216,3,0,0,0,0
2020-02-24,Inyo,027,18085,0,0,0,0,0
2020-02-24,Kern,029,883053,2,0,0,0,0
2020-02-24,Kings,031,150075,3,0,1,1,0
2020-02-24,Lake,033,64148,0,0,0,0,0
2020-02-24,Lassen,035,31185,0,0,0,0,0
2020-02-24,Los Angeles,037,10098052,67,1,9,10,0
2020-02-24,Madera,039,155013,1,0,0,0,0
2020-02-24,Marin,041,260295,1,0,0,0,0
2020-02-24,Mariposa,043,17540,0,0,0,0,0
2020-02-24,Mendocino,045,87422,0,0,0,0,0
2020-02-24,Merced,047,269075,0,0,0,0,0
2020-02-24,Modoc,049,8938,0,0,0,0,0
2020-02-24,Mono,051,14174,0,0,0,0,0
2020-02-24,Monterey,053,433212,0,0,0,0,0
2020-02-24,Napa,055,140530,0,0,0,0,0
2020-02-24,Nevada,057,99092,0,0,1,1,0
2020-02-24,Orange,059,3164182,44,1,0,1,0
2020-02-24,Placer,061,380077,3,0,0,0,0
2020-02-24,Plumas,063,18699,0,0,0,0,0
2020-02-24,Riverside,065,2383286,9,0,1,1,0
2020-02-24,Sacramento,067,1510023,7,1,0,1,0
2020-02-24,San Benito,069,59416,0,2,0,2,0
2020-02-24,San Bernardino,071,2135413,19,0,0,0,0
2020-02-24,San Diego,073,3302833,7,2,0,2,0
2020-02-24,San Francisco,075,870044,6,0,0,0,0
2020-02-24,San Joaquin,077,732212,5,0,1,1,0
2020-02-24,San Luis Obispo,079,281455,2,0,0,0,0
2020-02-24,San Mateo,081,765935,13,0,0,0,0
2020-02-24,Santa Barbara,083,443738,0,0,0,0,0
2020-02-24,Santa Clara,085,1922200,38,2,1,3,0
2020-02-24,Santa Cruz,087,273765,5,0,0,0,0
2020-02-24,Shasta,089,179085,0,0,0,0,0
2020-02-24,Sierra,091,2930,0,0,0,0,0
2020-02-24,Siskiyou,093,43540,0,0,0,0,0
2020-02-24,Solano,095,438530,13,15,0,15,0
2020-02-24,Sonoma,097,501317,5,0,0,0,0
2020-02-24,Stanislaus,099,539301,2,0,2,2,0
2020-02-24,Sutter,101,95872,0,0,0,0,0
2020-02-24,Tehama,103,63373,0,0,0,0,0
2020-02-24,Trinity,105,12862,0,0,0,0,0
2020-02-24,Tulare,107,460477,3,0,0,0,0
2020-02-24,Tuolumne,109,53932,0,0,0,0,0
2020-02-24,Ventura,111,848112,4,0,0,0,0
2020-02-24,Yolo,113,214977,2,0,0,0,0
2020-02-24,Yuba,115,75493,0,0,0,0,0
2020-02-23,Alameda,001,1643700,11,0,0,0,0
2020-02-23,Alpine,003,1148,0,0,0,0,0
2020-02-23,Amador,005,37829,0,0,0,0,0
2020-02-23,Butte,007,227075,0,0,0,0,0
2020-02-23,Calaveras,009,45235,0,0,0,0,0
2020-02-23,Colusa,011,21464,0,0,0,0,0
2020-02-23,Contra Costa,013,1133247,6,0,0,0,0
2020-02-23,Del Norte,015,27424,0,0,0,0,0
2020-02-23,El Dorado,017,186661,0,0,0,0,0
2020-02-23,Fresno,019,978130,0,0,0,0,0
2020-02-23,Glenn,021,27897,0,0,0,0,0
2020-02-23,Humboldt,023,135768,1,1,0,1,0
2020-02-23,Imperial,025,180216,3,0,0,0,0
2020-02-23,Inyo,027,18085,0,0,0,0,0
2020-02-23,Kern,029,883053,2,0,0,0,0
2020-02-23,Kings,031,150075,3,0,1,1,0
2020-02-23,Lake,033,64148,0,0,0,0,0
2020-02-23,Lassen,035,31185,0,0,0,0,0
2020-02-23,Los Angeles,037,10098052,59,1,9,10,0
2020-02-23,Madera,039,155013,1,0,0,0,0
2020-02-23,Marin,041,260295,1,0,0,0,0
2020-02-23,Mariposa,043,17540,0,0,0,0,0
2020-02-23,Mendocino,045,87422,0,0,0,0,0
2020-02-23,Merced,047,269075,0,0,0,0,0
2020-02-23,Modoc,049,8938,0,0,0,0,0
2020-02-23,Mono,051,14174,0,0,0,0,0
2020-02-23,Monterey,053,433212,0,0,0,0,0
2020-02-23,Napa,055,140530,0,0,0,0,0
2020-02-23,Nevada,057,99092,0,0,1,1,0
2020-02-23,Orange,059,3164182,44,1,0,1,0
2020-02-23,Placer,061,380077,3,0,0,0,0
2020-02-23,Plumas,063,18699,0,0,0,0,0
2020-02-23,Riverside,065,2383286,9,0,0,0,0
2020-02-23,Sacramento,067,1510023,6,1,0,1,0
2020-02-23,San Benito,069,59416,0,2,0,2,0
2020-02-23,San Bernardino,071,2135413,18,0,0,0,0
2020-02-23,San Diego,073,3302833,6,2,0,2,0
2020-02-23,San Francisco,075,870044,5,0,0,0,0
2020-02-23,San Joaquin,077,732212,4,0,1,1,0
2020-02-23,San Luis Obispo,079,281455,2,0,0,0,0
2020-02-23,San Mateo,081,765935,10,0,0,0,0
2020-02-23,Santa Barbara,083,443738,0,0,0,0,0
2020-02-23,Santa Clara,085,1922200,26,2,1,3,0
2020-02-23,Santa Cruz,087,273765,2,0,0,0,0
2020-02-23,Shasta,089,179085,0,0,0,0,0
2020-02-23,Sierra,091,2930,0,0,0,0,0
2020-02-23,Siskiyou,093,43540,0,0,0,0,0
2020-02-23,Solano,095,438530,11,15,0,15,0
2020-02-23,Sonoma,097,501317,5,0,0,0,0
2020-02-23,Stanislaus,099,539301,2,0,2,2,0
2020-02-23,Sutter,101,95872,0,0,0,0,0
2020-02-23,Tehama,103,63373,0,0,0,0,0
2020-02-23,Trinity,105,12862,0,0,0,0,0
2020-02-23,Tulare,107,460477,2,0,0,0,0
2020-02-23,Tuolumne,109,53932,0,0,0,0,0
2020-02-23,Ventura,111,848112,4,0,0,0,0
2020-02-23,Yolo,113,214977,2,0,0,0,0
2020-02-23,Yuba,115,75493,0,0,0,0,0
2020-02-22,Alameda,001,1643700,10,0,0,0,0
2020-02-22,Alpine,003,1148,0,0,0,0,0
2020-02-22,Amador,005,37829,0,0,0,0,0
2020-02-22,Butte,007,227075,0,0,0,0,0
2020-02-22,Calaveras,009,45235,0,0,0,0,0
2020-02-22,Colusa,011,21464,0,0,0,0,0
2020-02-22,Contra Costa,013,1133247,5,0,0,0,0
2020-02-22,Del Norte,015,27424,0,0,0,0,0
2020-02-22,El Dorado,017,186661,0,0,0,0,0
2020-02-22,Fresno,019,978130,0,0,0,0,0
2020-02-22,Glenn,021,27897,0,0,0,0,0
2020-02-22,Humboldt,023,135768,1,1,0,1,0
2020-02-22,Imperial,025,180216,2,0,0,0,0
2020-02-22,Inyo,027,18085,0,0,0,0,0
2020-02-22,Kern,029,883053,2,0,0,0,0
2020-02-22,Kings,031,150075,3,0,1,1,0
2020-02-22,Lake,033,64148,0,0,0,0,0
2020-02-22,Lassen,035,31185,0,0,0,0,0
2020-02-22,Los Angeles,037,10098052,57,1,9,10,0
2020-02-22,Madera,039,155013,0,0,0,0,0
2020-02-22,Marin,041,260295,1,0,0,0,0
2020-02-22,Mariposa,043,17540,0,0,0,0,0
2020-02-22,Mendocino,045,87422,0,0,0,0,0
2020-02-22,Merced,047,269075,0,0,0,0,0
2020-02-22,Modoc,049,8938,0,0,0,0,0
2020-02-22,Mono,051,14174,0,0,0,0,0
2020-02-22,Monterey,053,433212,0,0,0,0,0
2020-02-22,Napa,055,140530,0,0,0,0,0
2020-02-22,Nevada,057,99092,0,0,1,1,0
2020-02-22,Orange,059,3164182,43,1,0,1,0
2020-02-22,Placer,061,380077,3,0,0,0,0
2020-02-22,Plumas,063,18699,0,0,0,0,0
2020-02-22,Riverside,065,2383286,9,0,0,0,0
2020-02-22,Sacramento,067,1510023,6,1,0,1,0
2020-02-22,San Benito,069,59416,0,2,0,2,0
2020-02-22,San Bernardino,071,2135413,16,0,0,0,0
2020-02-22,San Diego,073,3302833,5,2,0,2,0
2020-02-22,San Francisco,075,870044,3,0,0,0,0
2020-02-22,San Joaquin,077,732212,4,0,1,1,0
2020-02-22,San Luis Obispo,079,281455,2,0,0,0,0
2020-02-22,San Mateo,081,765935,8,0,0,0,0
2020-02-22,Santa Barbara,083,443738,0,0,0,0,0
2020-02-22,Santa Clara,085,1922200,23,2,1,3,0
2020-02-22,Santa Cruz,087,273765,2,0,0,0,0
2020-02-22,Shasta,089,179085,0,0,0,0,0
2020-02-22,Sierra,091,2930,0,0,0,0,0
2020-02-22,Siskiyou,093,43540,0,0,0,0,0
2020-02-22,Solano,095,438530,11,11,0,11,0
2020-02-22,Sonoma,097,501317,4,0,0,0,0
2020-02-22,Stanislaus,099,539301,2,0,2,2,0
2020-02-22,Sutter,101,95872,0,0,0,0,0
2020-02-22,Tehama,103,63373,0,0,0,0,0
2020-02-22,Trinity,105,12862,0,0,0,0,0
2020-02-22,Tulare,107,460477,2,0,0,0,0
2020-02-22,Tuolumne,109,53932,0,0,0,0,0
2020-02-22,Ventura,111,848112,4,0,0,0,0
2020-02-22,Yolo,113,214977,1,0,0,0,0
2020-02-22,Yuba,115,75493,0,0,0,0,0
2020-02-21,Alameda,001,1643700,9,0,0,0,0
2020-02-21,Alpine,003,1148,0,0,0,0,0
2020-02-21,Amador,005,37829,0,0,0,0,0
2020-02-21,Butte,007,227075,0,0,0,0,0
2020-02-21,Calaveras,009,45235,0,0,0,0,0
2020-02-21,Colusa,011,21464,0,0,0,0,0
2020-02-21,Contra Costa,013,1133247,4,0,0,0,0
2020-02-21,Del Norte,015,27424,0,0,0,0,0
2020-02-21,El Dorado,017,186661,0,0,0,0,0
2020-02-21,Fresno,019,978130,0,0,0,0,0
2020-02-21,Glenn,021,27897,0,0,0,0,0
2020-02-21,Humboldt,023,135768,1,1,0,1,0
2020-02-21,Imperial,025,180216,2,0,0,0,0
2020-02-21,Inyo,027,18085,0,0,0,0,0
2020-02-21,Kern,029,883053,2,0,0,0,0
2020-02-21,Kings,031,150075,3,0,1,1,0
2020-02-21,Lake,033,64148,0,0,0,0,0
2020-02-21,Lassen,035,31185,0,0,0,0,0
2020-02-21,Los Angeles,037,10098052,53,1,9,10,0
2020-02-21,Madera,039,155013,0,0,0,0,0
2020-02-21,Marin,041,260295,1,0,0,0,0
2020-02-21,Mariposa,043,17540,0,0,0,0,0
2020-02-21,Mendocino,045,87422,0,0,0,0,0
2020-02-21,Merced,047,269075,0,0,0,0,0
2020-02-21,Modoc,049,8938,0,0,0,0,0
2020-02-21,Mono,051,14174,0,0,0,0,0
2020-02-21,Monterey,053,433212,0,0,0,0,0
2020-02-21,Napa,055,140530,0,0,0,0,0
2020-02-21,Nevada,057,99092,0,0,1,1,0
2020-02-21,Orange,059,3164182,41,1,0,1,0
2020-02-21,Placer,061,380077,2,0,0,0,0
2020-02-21,Plumas,063,18699,0,0,0,0,0
2020-02-21,Riverside,065,2383286,9,0,0,0,0
2020-02-21,Sacramento,067,1510023,5,1,0,1,0
2020-02-21,San Benito,069,59416,0,2,0,2,0
2020-02-21,San Bernardino,071,2135413,15,0,0,0,0
2020-02-21,San Diego,073,3302833,5,2,0,2,0
2020-02-21,San Francisco,075,870044,3,0,0,0,0
2020-02-21,San Joaquin,077,732212,2,0,1,1,0
2020-02-21,San Luis Obispo,079,281455,2,0,0,0,0
2020-02-21,San Mateo,081,765935,8,0,0,0,0
2020-02-21,Santa Barbara,083,443738,0,0,0,0,0
2020-02-21,Santa Clara,085,1922200,21,2,1,3,0
2020-02-21,Santa Cruz,087,273765,2,0,0,0,0
2020-02-21,Shasta,089,179085,0,0,0,0,0
2020-02-21,Sierra,091,2930,0,0,0,0,0
2020-02-21,Siskiyou,093,43540,0,0,0,0,0
2020-02-21,Solano,095,438530,10,11,0,11,0
2020-02-21,Sonoma,097,501317,3,0,0,0,0
2020-02-21,Stanislaus,099,539301,2,0,2,2,0
2020-02-21,Sutter,101,95872,0,0,0,0,0
2020-02-21,Tehama,103,63373,0,0,0,0,0
2020-02-21,Trinity,105,12862,0,0,0,0,0
2020-02-21,Tulare,107,460477,2,0,0,0,0
2020-02-21,Tuolumne,109,53932,0,0,0,0,0
2020-02-21,Ventura,111,848112,4,0,0,0,0
2020-02-21,Yolo,113,214977,1,0,0,0,0
2020-02-21,Yuba,115,75493,0,0,0,0,0
2020-02-20,Alameda,001,1643700,7,0,0,0,0
2020-02-20,Alpine,003,1148,0,0,0,0,0
2020-02-20,Amador,005,37829,0,0,0,0,0
2020-02-20,Butte,007,227075,0,0,0,0,0
2020-02-20,Calaveras,009,45235,0,0,0,0,0
2020-02-20,Colusa,011,21464,0,0,0,0,0
2020-02-20,Contra Costa,013,1133247,3,0,0,0,0
2020-02-20,Del Norte,015,27424,0,0,0,0,0
2020-02-20,El Dorado,017,186661,0,0,0,0,0
2020-02-20,Fresno,019,978130,0,0,0,0,0
2020-02-20,Glenn,021,27897,0,0,0,0,0
2020-02-20,Humboldt,023,135768,1,1,0,1,0
2020-02-20,Imperial,025,180216,2,0,0,0,0
2020-02-20,Inyo,027,18085,0,0,0,0,0
2020-02-20,Kern,029,883053,2,0,0,0,0
2020-02-20,Kings,031,150075,3,0,1,1,0
2020-02-20,Lake,033,64148,0,0,0,0,0
2020-02-20,Lassen,035,31185,0,0,0,0,0
2020-02-20,Los Angeles,037,10098052,52,1,8,9,0
2020-02-20,Madera,039,155013,0,0,0,0,0
2020-02-20,Marin,041,260295,0,0,0,0,0
2020-02-20,Mariposa,043,17540,0,0,0,0,0
2020-02-20,Mendocino,045,87422,0,0,0,0,0
2020-02-20,Merced,047,269075,0,0,0,0,0
2020-02-20,Modoc,049,8938,0,0,0,0,0
2020-02-20,Mono,051,14174,0,0,0,0,0
2020-02-20,Monterey,053,433212,0,0,0,0,0
2020-02-20,Napa,055,140530,0,0,0,0,0
2020-02-20,Nevada,057,99092,0,0,1,1,0
2020-02-20,Orange,059,3164182,41,1,0,1,0
2020-02-20,Placer,061,380077,2,0,0,0,0
2020-02-20,Plumas,063,18699,0,0,0,0,0
2020-02-20,Riverside,065,2383286,7,0,0,0,0
2020-02-20,Sacramento,067,1510023,2,1,0,1,0
2020-02-20,San Benito,069,59416,0,2,0,2,0
2020-02-20,San Bernardino,071,2135413,14,0,0,0,0
2020-02-20,San Diego,073,3302833,5,2,0,2,0
2020-02-20,San Francisco,075,870044,3,0,0,0,0
2020-02-20,San Joaquin,077,732212,2,0,1,1,0
2020-02-20,San Luis Obispo,079,281455,2,0,0,0,0
2020-02-20,San Mateo,081,765935,7,0,0,0,0
2020-02-20,Santa Barbara,083,443738,0,0,0,0,0
2020-02-20,Santa Clara,085,1922200,17,2,1,3,0
2020-02-20,Santa Cruz,087,273765,2,0,0,0,0
2020-02-20,Shasta,089,179085,0,0,0,0,0
2020-02-20,Sierra,091,2930,0,0,0,0,0
2020-02-20,Siskiyou,093,43540,0,0,0,0,0
2020-02-20,Solano,095,438530,8,7,0,7,0
2020-02-20,Sonoma,097,501317,2,0,0,0,0
2020-02-20,Stanislaus,099,539301,2,0,2,2,0
2020-02-20,Sutter,101,95872,0,0,0,0,0
2020-02-20,Tehama,103,63373,0,0,0,0,0
2020-02-20,Trinity,105,12862,0,0,0,0,0
2020-02-20,Tulare,107,460477,2,0,0,0,0
2020-02-20,Tuolumne,109,53932,0,0,0,0,0
2020-02-20,Ventura,111,848112,4,0,0,0,0
2020-02-20,Yolo,113,214977,1,0,0,0,0
2020-02-20,Yuba,115,75493,0,0,0,0,0
2020-02-19,Alameda,001,1643700,6,0,0,0,0
2020-02-19,Alpine,003,1148,0,0,0,0,0
2020-02-19,Amador,005,37829,0,0,0,0,0
2020-02-19,Butte,007,227075,0,0,0,0,0
2020-02-19,Calaveras,009,45235,0,0,0,0,0
2020-02-19,Colusa,011,21464,0,0,0,0,0
2020-02-19,Contra Costa,013,1133247,3,0,0,0,0
2020-02-19,Del Norte,015,27424,0,0,0,0,0
2020-02-19,El Dorado,017,186661,0,0,0,0,0
2020-02-19,Fresno,019,978130,0,0,0,0,0
2020-02-19,Glenn,021,27897,0,0,0,0,0
2020-02-19,Humboldt,023,135768,1,0,0,0,0
2020-02-19,Imperial,025,180216,2,0,0,0,0
2020-02-19,Inyo,027,18085,0,0,0,0,0
2020-02-19,Kern,029,883053,2,0,0,0,0
2020-02-19,Kings,031,150075,3,0,1,1,0
2020-02-19,Lake,033,64148,0,0,0,0,0
2020-02-19,Lassen,035,31185,0,0,0,0,0
2020-02-19,Los Angeles,037,10098052,49,1,8,9,0
2020-02-19,Madera,039,155013,0,0,0,0,0
2020-02-19,Marin,041,260295,0,0,0,0,0
2020-02-19,Mariposa,043,17540,0,0,0,0,0
2020-02-19,Mendocino,045,87422,0,0,0,0,0
2020-02-19,Merced,047,269075,0,0,0,0,0
2020-02-19,Modoc,049,8938,0,0,0,0,0
2020-02-19,Mono,051,14174,0,0,0,0,0
2020-02-19,Monterey,053,433212,0,0,0,0,0
2020-02-19,Napa,055,140530,0,0,0,0,0
2020-02-19,Nevada,057,99092,0,0,1,1,0
2020-02-19,Orange,059,3164182,40,1,0,1,0
2020-02-19,Placer,061,380077,2,0,0,0,0
2020-02-19,Plumas,063,18699,0,0,0,0,0
2020-02-19,Riverside,065,2383286,5,0,0,0,0
2020-02-19,Sacramento,067,1510023,2,0,0,0,0
2020-02-19,San Benito,069,59416,0,2,0,2,0
2020-02-19,San Bernardino,071,2135413,13,0,0,0,0
2020-02-19,San Diego,073,3302833,4,2,0,2,0
2020-02-19,San Francisco,075,870044,2,0,0,0,0
2020-02-19,San Joaquin,077,732212,2,0,1,1,0
2020-02-19,San Luis Obispo,079,281455,2,0,0,0,0
2020-02-19,San Mateo,081,765935,6,0,0,0,0
2020-02-19,Santa Barbara,083,443738,0,0,0,0,0
2020-02-19,Santa Clara,085,1922200,15,2,1,3,0
2020-02-19,Santa Cruz,087,273765,0,0,0,0,0
2020-02-19,Shasta,089,179085,0,0,0,0,0
2020-02-19,Sierra,091,2930,0,0,0,0,0
2020-02-19,Siskiyou,093,43540,0,0,0,0,0
2020-02-19,Solano,095,438530,5,7,0,7,0
2020-02-19,Sonoma,097,501317,2,0,0,0,0
2020-02-19,Stanislaus,099,539301,1,0,2,2,0
2020-02-19,Sutter,101,95872,0,0,0,0,0
2020-02-19,Tehama,103,63373,0,0,0,0,0
2020-02-19,Trinity,105,12862,0,0,0,0,0
2020-02-19,Tulare,107,460477,2,0,0,0,0
2020-02-19,Tuolumne,109,53932,0,0,0,0,0
2020-02-19,Ventura,111,848112,2,0,0,0,0
2020-02-19,Yolo,113,214977,1,0,0,0,0
2020-02-19,Yuba,115,75493,0,0,0,0,0
2020-02-18,Alameda,001,1643700,6,0,0,0,0
2020-02-18,Alpine,003,1148,0,0,0,0,0
2020-02-18,Amador,005,37829,0,0,0,0,0
2020-02-18,Butte,007,227075,0,0,0,0,0
2020-02-18,Calaveras,009,45235,0,0,0,0,0
2020-02-18,Colusa,011,21464,0,0,0,0,0
2020-02-18,Contra Costa,013,1133247,3,0,0,0,0
2020-02-18,Del Norte,015,27424,0,0,0,0,0
2020-02-18,El Dorado,017,186661,0,0,0,0,0
2020-02-18,Fresno,019,978130,0,0,0,0,0
2020-02-18,Glenn,021,27897,0,0,0,0,0
2020-02-18,Humboldt,023,135768,1,0,0,0,0
2020-02-18,Imperial,025,180216,1,0,0,0,0
2020-02-18,Inyo,027,18085,0,0,0,0,0
2020-02-18,Kern,029,883053,2,0,0,0,0
2020-02-18,Kings,031,150075,3,0,1,1,0
2020-02-18,Lake,033,64148,0,0,0,0,0
2020-02-18,Lassen,035,31185,0,0,0,0,0
2020-02-18,Los Angeles,037,10098052,46,1,7,8,0
2020-02-18,Madera,039,155013,0,0,0,0,0
2020-02-18,Marin,041,260295,0,0,0,0,0
2020-02-18,Mariposa,043,17540,0,0,0,0,0
2020-02-18,Mendocino,045,87422,0,0,0,0,0
2020-02-18,Merced,047,269075,0,0,0,0,0
2020-02-18,Modoc,049,8938,0,0,0,0,0
2020-02-18,Mono,051,14174,0,0,0,0,0
2020-02-18,Monterey,053,433212,0,0,0,0,0
2020-02-18,Napa,055,140530,0,0,0,0,0
2020-02-18,Nevada,057,99092,0,0,1,1,0
2020-02-18,Orange,059,3164182,39,1,0,1,0
2020-02-18,Placer,061,380077,0,0,0,0,0
2020-02-18,Plumas,063,18699,0,0,0,0,0
2020-02-18,Riverside,065,2383286,5,0,0,0,0
2020-02-18,Sacramento,067,1510023,2,0,0,0,0
2020-02-18,San Benito,069,59416,0,2,0,2,0
2020-02-18,San Bernardino,071,2135413,13,0,0,0,0
2020-02-18,San Diego,073,3302833,4,2,0,2,0
2020-02-18,San Francisco,075,870044,2,0,0,0,0
2020-02-18,San Joaquin,077,732212,1,0,1,1,0
2020-02-18,San Luis Obispo,079,281455,2,0,0,0,0
2020-02-18,San Mateo,081,765935,5,0,0,0,0
2020-02-18,Santa Barbara,083,443738,0,0,0,0,0
2020-02-18,Santa Clara,085,1922200,14,2,1,3,0
2020-02-18,Santa Cruz,087,273765,0,0,0,0,0
2020-02-18,Shasta,089,179085,0,0,0,0,0
2020-02-18,Sierra,091,2930,0,0,0,0,0
2020-02-18,Siskiyou,093,43540,0,0,0,0,0
2020-02-18,Solano,095,438530,5,7,0,7,0
2020-02-18,Sonoma,097,501317,1,0,0,0,0
2020-02-18,Stanislaus,099,539301,1,0,2,2,0
2020-02-18,Sutter,101,95872,0,0,0,0,0
2020-02-18,Tehama,103,63373,0,0,0,0,0
2020-02-18,Trinity,105,12862,0,0,0,0,0
2020-02-18,Tulare,107,460477,2,0,0,0,0
2020-02-18,Tuolumne,109,53932,0,0,0,0,0
2020-02-18,Ventura,111,848112,2,0,0,0,0
2020-02-18,Yolo,113,214977,1,0,0,0,0
2020-02-18,Yuba,115,75493,0,0,0,0,0
2020-02-17,Alameda,001,1643700,6,0,0,0,0
2020-02-17,Alpine,003,1148,0,0,0,0,0
2020-02-17,Amador,005,37829,0,0,0,0,0
2020-02-17,Butte,007,227075,0,0,0,0,0
2020-02-17,Calaveras,009,45235,0,0,0,0,0
2020-02-17,Colusa,011,21464,0,0,0,0,0
2020-02-17,Contra Costa,013,1133247,3,0,0,0,0
2020-02-17,Del Norte,015,27424,0,0,0,0,0
2020-02-17,El Dorado,017,186661,0,0,0,0,0
2020-02-17,Fresno,019,978130,0,0,0,0,0
2020-02-17,Glenn,021,27897,0,0,0,0,0
2020-02-17,Humboldt,023,135768,1,0,0,0,0
2020-02-17,Imperial,025,180216,1,0,0,0,0
2020-02-17,Inyo,027,18085,0,0,0,0,0
2020-02-17,Kern,029,883053,2,0,0,0,0
2020-02-17,Kings,031,150075,3,0,0,0,0
2020-02-17,Lake,033,64148,0,0,0,0,0
2020-02-17,Lassen,035,31185,0,0,0,0,0
2020-02-17,Los Angeles,037,10098052,43,1,6,7,0
2020-02-17,Madera,039,155013,0,0,0,0,0
2020-02-17,Marin,041,260295,0,0,0,0,0
2020-02-17,Mariposa,043,17540,0,0,0,0,0
2020-02-17,Mendocino,045,87422,0,0,0,0,0
2020-02-17,Merced,047,269075,0,0,0,0,0
2020-02-17,Modoc,049,8938,0,0,0,0,0
2020-02-17,Mono,051,14174,0,0,0,0,0
2020-02-17,Monterey,053,433212,0,0,0,0,0
2020-02-17,Napa,055,140530,0,0,0,0,0
2020-02-17,Nevada,057,99092,0,0,1,1,0
2020-02-17,Orange,059,3164182,39,1,0,1,0
2020-02-17,Placer,061,380077,0,0,0,0,0
2020-02-17,Plumas,063,18699,0,0,0,0,0
2020-02-17,Riverside,065,2383286,5,0,0,0,0
2020-02-17,Sacramento,067,1510023,2,0,0,0,0
2020-02-17,San Benito,069,59416,0,2,0,2,0
2020-02-17,San Bernardino,071,2135413,11,0,0,0,0
2020-02-17,San Diego,073,3302833,4,2,0,2,0
2020-02-17,San Francisco,075,870044,2,0,0,0,0
2020-02-17,San Joaquin,077,732212,1,0,1,1,0
2020-02-17,San Luis Obispo,079,281455,1,0,0,0,0
2020-02-17,San Mateo,081,765935,5,0,0,0,0
2020-02-17,Santa Barbara,083,443738,0,0,0,0,0
2020-02-17,Santa Clara,085,1922200,12,2,1,3,0
2020-02-17,Santa Cruz,087,273765,0,0,0,0,0
2020-02-17,Shasta,089,179085,0,0,0,0,0
2020-02-17,Sierra,091,2930,0,0,0,0,0
2020-02-17,Siskiyou,093,43540,0,0,0,0,0
2020-02-17,Solano,095,438530,3,5,0,5,0
2020-02-17,Sonoma,097,501317,1,0,0,0,0
2020-02-17,Stanislaus,099,539301,1,0,2,2,0
2020-02-17,Sutter,101,95872,0,0,0,0,0
2020-02-17,Tehama,103,63373,0,0,0,0,0
2020-02-17,Trinity,105,12862,0,0,0,0,0
2020-02-17,Tulare,107,460477,2,0,0,0,0
2020-02-17,Tuolumne,109,53932,0,0,0,0,0
2020-02-17,Ventura,111,848112,2,0,0,0,0
2020-02-17,Yolo,113,214977,1,0,0,0,0
2020-02-17,Yuba,115,75493,0,0,0,0,0
2020-02-16,Alameda,001,1643700,5,0,0,0,0
2020-02-16,Alpine,003,1148,0,0,0,0,0
2020-02-16,Amador,005,37829,0,0,0,0,0
2020-02-16,Butte,007,227075,0,0,0,0,0
2020-02-16,Calaveras,009,45235,0,0,0,0,0
2020-02-16,Colusa,011,21464,0,0,0,0,0
2020-02-16,Contra Costa,013,1133247,3,0,0,0,0
2020-02-16,Del Norte,015,27424,0,0,0,0,0
2020-02-16,El Dorado,017,186661,0,0,0,0,0
2020-02-16,Fresno,019,978130,0,0,0,0,0
2020-02-16,Glenn,021,27897,0,0,0,0,0
2020-02-16,Humboldt,023,135768,1,0,0,0,0
2020-02-16,Imperial,025,180216,1,0,0,0,0
2020-02-16,Inyo,027,18085,0,0,0,0,0
2020-02-16,Kern,029,883053,2,0,0,0,0
2020-02-16,Kings,031,150075,3,0,0,0,0
2020-02-16,Lake,033,64148,0,0,0,0,0
2020-02-16,Lassen,035,31185,0,0,0,0,0
2020-02-16,Los Angeles,037,10098052,37,1,6,7,0
2020-02-16,Madera,039,155013,0,0,0,0,0
2020-02-16,Marin,041,260295,0,0,0,0,0
2020-02-16,Mariposa,043,17540,0,0,0,0,0
2020-02-16,Mendocino,045,87422,0,0,0,0,0
2020-02-16,Merced,047,269075,0,0,0,0,0
2020-02-16,Modoc,049,8938,0,0,0,0,0
2020-02-16,Mono,051,14174,0,0,0,0,0
2020-02-16,Monterey,053,433212,0,0,0,0,0
2020-02-16,Napa,055,140530,0,0,0,0,0
2020-02-16,Nevada,057,99092,0,0,0,0,0
2020-02-16,Orange,059,3164182,38,1,0,1,0
2020-02-16,Placer,061,380077,0,0,0,0,0
2020-02-16,Plumas,063,18699,0,0,0,0,0
2020-02-16,Riverside,065,2383286,5,0,0,0,0
2020-02-16,Sacramento,067,1510023,2,0,0,0,0
2020-02-16,San Benito,069,59416,0,2,0,2,0
2020-02-16,San Bernardino,071,2135413,10,0,0,0,0
2020-02-16,San Diego,073,3302833,4,2,0,2,0
2020-02-16,San Francisco,075,870044,2,0,0,0,0
2020-02-16,San Joaquin,077,732212,1,0,1,1,0
2020-02-16,San Luis Obispo,079,281455,1,0,0,0,0
2020-02-16,San Mateo,081,765935,4,0,0,0,0
2020-02-16,Santa Barbara,083,443738,0,0,0,0,0
2020-02-16,Santa Clara,085,1922200,10,2,1,3,0
2020-02-16,Santa Cruz,087,273765,0,0,0,0,0
2020-02-16,Shasta,089,179085,0,0,0,0,0
2020-02-16,Sierra,091,2930,0,0,0,0,0
2020-02-16,Siskiyou,093,43540,0,0,0,0,0
2020-02-16,Solano,095,438530,1,0,0,0,0
2020-02-16,Sonoma,097,501317,1,0,0,0,0
2020-02-16,Stanislaus,099,539301,1,0,2,2,0
2020-02-16,Sutter,101,95872,0,0,0,0,0
2020-02-16,Tehama,103,63373,0,0,0,0,0
2020-02-16,Trinity,105,12862,0,0,0,0,0
2020-02-16,Tulare,107,460477,2,0,0,0,0
2020-02-16,Tuolumne,109,53932,0,0,0,0,0
2020-02-16,Ventura,111,848112,2,0,0,0,0
2020-02-16,Yolo,113,214977,1,0,0,0,0
2020-02-16,Yuba,115,75493,0,0,0,0,0
2020-02-15,Alameda,001,1643700,5,0,0,0,0
2020-02-15,Alpine,003,1148,0,0,0,0,0
2020-02-15,Amador,005,37829,0,0,0,0,0
2020-02-15,Butte,007,227075,0,0,0,0,0
2020-02-15,Calaveras,009,45235,0,0,0,0,0
2020-02-15,Colusa,011,21464,0,0,0,0,0
2020-02-15,Contra Costa,013,1133247,3,0,0,0,0
2020-02-15,Del Norte,015,27424,0,0,0,0,0
2020-02-15,El Dorado,017,186661,0,0,0,0,0
2020-02-15,Fresno,019,978130,0,0,0,0,0
2020-02-15,Glenn,021,27897,0,0,0,0,0
2020-02-15,Humboldt,023,135768,1,0,0,0,0
2020-02-15,Imperial,025,180216,1,0,0,0,0
2020-02-15,Inyo,027,18085,0,0,0,0,0
2020-02-15,Kern,029,883053,2,0,0,0,0
2020-02-15,Kings,031,150075,3,0,0,0,0
2020-02-15,Lake,033,64148,0,0,0,0,0
2020-02-15,Lassen,035,31185,0,0,0,0,0
2020-02-15,Los Angeles,037,10098052,34,1,6,7,0
2020-02-15,Madera,039,155013,0,0,0,0,0
2020-02-15,Marin,041,260295,0,0,0,0,0
2020-02-15,Mariposa,043,17540,0,0,0,0,0
2020-02-15,Mendocino,045,87422,0,0,0,0,0
2020-02-15,Merced,047,269075,0,0,0,0,0
2020-02-15,Modoc,049,8938,0,0,0,0,0
2020-02-15,Mono,051,14174,0,0,0,0,0
2020-02-15,Monterey,053,433212,0,0,0,0,0
2020-02-15,Napa,055,140530,0,0,0,0,0
2020-02-15,Nevada,057,99092,0,0,0,0,0
2020-02-15,Orange,059,3164182,37,1,0,1,0
2020-02-15,Placer,061,380077,0,0,0,0,0
2020-02-15,Plumas,063,18699,0,0,0,0,0
2020-02-15,Riverside,065,2383286,4,0,0,0,0
2020-02-15,Sacramento,067,1510023,2,0,0,0,0
2020-02-15,San Benito,069,59416,0,2,0,2,0
2020-02-15,San Bernardino,071,2135413,9,0,0,0,0
2020-02-15,San Diego,073,3302833,4,2,0,2,0
2020-02-15,San Francisco,075,870044,2,0,0,0,0
2020-02-15,San Joaquin,077,732212,1,0,1,1,0
2020-02-15,San Luis Obispo,079,281455,1,0,0,0,0
2020-02-15,San Mateo,081,765935,4,0,0,0,0
2020-02-15,Santa Barbara,083,443738,0,0,0,0,0
2020-02-15,Santa Clara,085,1922200,10,2,1,3,0
2020-02-15,Santa Cruz,087,273765,0,0,0,0,0
2020-02-15,Shasta,089,179085,0,0,0,0,0
2020-02-15,Sierra,091,2930,0,0,0,0,0
2020-02-15,Siskiyou,093,43540,0,0,0,0,0
2020-02-15,Solano,095,438530,1,0,0,0,0
2020-02-15,Sonoma,097,501317,0,0,0,0,0
2020-02-15,Stanislaus,099,539301,1,0,2,2,0
2020-02-15,Sutter,101,95872,0,0,0,0,0
2020-02-15,Tehama,103,63373,0,0,0,0,0
2020-02-15,Trinity,105,12862,0,0,0,0,0
2020-02-15,Tulare,107,460477,2,0,0,0,0
2020-02-15,Tuolumne,109,53932,0,0,0,0,0
2020-02-15,Ventura,111,848112,2,0,0,0,0
2020-02-15,Yolo,113,214977,1,0,0,0,0
2020-02-15,Yuba,115,75493,0,0,0,0,0
2020-02-14,Alameda,001,1643700,4,0,0,0,0
2020-02-14,Alpine,003,1148,0,0,0,0,0
2020-02-14,Amador,005,37829,0,0,0,0,0
2020-02-14,Butte,007,227075,0,0,0,0,0
2020-02-14,Calaveras,009,45235,0,0,0,0,0
2020-02-14,Colusa,011,21464,0,0,0,0,0
2020-02-14,Contra Costa,013,1133247,3,0,0,0,0
2020-02-14,Del Norte,015,27424,0,0,0,0,0
2020-02-14,El Dorado,017,186661,0,0,0,0,0
2020-02-14,Fresno,019,978130,0,0,0,0,0
2020-02-14,Glenn,021,27897,0,0,0,0,0
2020-02-14,Humboldt,023,135768,1,0,0,0,0
2020-02-14,Imperial,025,180216,1,0,0,0,0
2020-02-14,Inyo,027,18085,0,0,0,0,0
2020-02-14,Kern,029,883053,2,0,0,0,0
2020-02-14,Kings,031,150075,1,0,0,0,0
2020-02-14,Lake,033,64148,0,0,0,0,0
2020-02-14,Lassen,035,31185,0,0,0,0,0
2020-02-14,Los Angeles,037,10098052,29,1,6,7,0
2020-02-14,Madera,039,155013,0,0,0,0,0
2020-02-14,Marin,041,260295,0,0,0,0,0
2020-02-14,Mariposa,043,17540,0,0,0,0,0
2020-02-14,Mendocino,045,87422,0,0,0,0,0
2020-02-14,Merced,047,269075,0,0,0,0,0
2020-02-14,Modoc,049,8938,0,0,0,0,0
2020-02-14,Mono,051,14174,0,0,0,0,0
2020-02-14,Monterey,053,433212,0,0,0,0,0
2020-02-14,Napa,055,140530,0,0,0,0,0
2020-02-14,Nevada,057,99092,0,0,0,0,0
2020-02-14,Orange,059,3164182,37,1,0,1,0
2020-02-14,Placer,061,380077,0,0,0,0,0
2020-02-14,Plumas,063,18699,0,0,0,0,0
2020-02-14,Riverside,065,2383286,4,0,0,0,0
2020-02-14,Sacramento,067,1510023,1,0,0,0,0
2020-02-14,San Benito,069,59416,0,2,0,2,0
2020-02-14,San Bernardino,071,2135413,9,0,0,0,0
2020-02-14,San Diego,073,3302833,3,2,0,2,0
2020-02-14,San Francisco,075,870044,2,0,0,0,0
2020-02-14,San Joaquin,077,732212,1,0,1,1,0
2020-02-14,San Luis Obispo,079,281455,0,0,0,0,0
2020-02-14,San Mateo,081,765935,3,0,0,0,0
2020-02-14,Santa Barbara,083,443738,0,0,0,0,0
2020-02-14,Santa Clara,085,1922200,8,2,1,3,0
2020-02-14,Santa Cruz,087,273765,0,0,0,0,0
2020-02-14,Shasta,089,179085,0,0,0,0,0
2020-02-14,Sierra,091,2930,0,0,0,0,0
2020-02-14,Siskiyou,093,43540,0,0,0,0,0
2020-02-14,Solano,095,438530,1,0,0,0,0
2020-02-14,Sonoma,097,501317,0,0,0,0,0
2020-02-14,Stanislaus,099,539301,1,0,2,2,0
2020-02-14,Sutter,101,95872,0,0,0,0,0
2020-02-14,Tehama,103,63373,0,0,0,0,0
2020-02-14,Trinity,105,12862,0,0,0,0,0
2020-02-14,Tulare,107,460477,2,0,0,0,0
2020-02-14,Tuolumne,109,53932,0,0,0,0,0
2020-02-14,Ventura,111,848112,2,0,0,0,0
2020-02-14,Yolo,113,214977,1,0,0,0,0
2020-02-14,Yuba,115,75493,0,0,0,0,0
2020-02-13,Alameda,001,1643700,4,0,0,0,0
2020-02-13,Alpine,003,1148,0,0,0,0,0
2020-02-13,Amador,005,37829,0,0,0,0,0
2020-02-13,Butte,007,227075,0,0,0,0,0
2020-02-13,Calaveras,009,45235,0,0,0,0,0
2020-02-13,Colusa,011,21464,0,0,0,0,0
2020-02-13,Contra Costa,013,1133247,3,0,0,0,0
2020-02-13,Del Norte,015,27424,0,0,0,0,0
2020-02-13,El Dorado,017,186661,0,0,0,0,0
2020-02-13,Fresno,019,978130,0,0,0,0,0
2020-02-13,Glenn,021,27897,0,0,0,0,0
2020-02-13,Humboldt,023,135768,1,0,0,0,0
2020-02-13,Imperial,025,180216,1,0,0,0,0
2020-02-13,Inyo,027,18085,0,0,0,0,0
2020-02-13,Kern,029,883053,2,0,0,0,0
2020-02-13,Kings,031,150075,1,0,0,0,0
2020-02-13,Lake,033,64148,0,0,0,0,0
2020-02-13,Lassen,035,31185,0,0,0,0,0
2020-02-13,Los Angeles,037,10098052,25,1,5,6,0
2020-02-13,Madera,039,155013,0,0,0,0,0
2020-02-13,Marin,041,260295,0,0,0,0,0
2020-02-13,Mariposa,043,17540,0,0,0,0,0
2020-02-13,Mendocino,045,87422,0,0,0,0,0
2020-02-13,Merced,047,269075,0,0,0,0,0
2020-02-13,Modoc,049,8938,0,0,0,0,0
2020-02-13,Mono,051,14174,0,0,0,0,0
2020-02-13,Monterey,053,433212,0,0,0,0,0
2020-02-13,Napa,055,140530,0,0,0,0,0
2020-02-13,Nevada,057,99092,0,0,0,0,0
2020-02-13,Orange,059,3164182,36,1,0,1,0
2020-02-13,Placer,061,380077,0,0,0,0,0
2020-02-13,Plumas,063,18699,0,0,0,0,0
2020-02-13,Riverside,065,2383286,4,0,0,0,0
2020-02-13,Sacramento,067,1510023,1,0,0,0,0
2020-02-13,San Benito,069,59416,0,2,0,2,0
2020-02-13,San Bernardino,071,2135413,8,0,0,0,0
2020-02-13,San Diego,073,3302833,2,2,0,2,0
2020-02-13,San Francisco,075,870044,2,0,0,0,0
2020-02-13,San Joaquin,077,732212,1,0,1,1,0
2020-02-13,San Luis Obispo,079,281455,0,0,0,0,0
2020-02-13,San Mateo,081,765935,2,0,0,0,0
2020-02-13,Santa Barbara,083,443738,0,0,0,0,0
2020-02-13,Santa Clara,085,1922200,7,2,0,2,0
2020-02-13,Santa Cruz,087,273765,0,0,0,0,0
2020-02-13,Shasta,089,179085,0,0,0,0,0
2020-02-13,Sierra,091,2930,0,0,0,0,0
2020-02-13,Siskiyou,093,43540,0,0,0,0,0
2020-02-13,Solano,095,438530,0,0,0,0,0
2020-02-13,Sonoma,097,501317,0,0,0,0,0
2020-02-13,Stanislaus,099,539301,1,0,1,1,0
2020-02-13,Sutter,101,95872,0,0,0,0,0
2020-02-13,Tehama,103,63373,0,0,0,0,0
2020-02-13,Trinity,105,12862,0,0,0,0,0
2020-02-13,Tulare,107,460477,2,0,0,0,0
2020-02-13,Tuolumne,109,53932,0,0,0,0,0
2020-02-13,Ventura,111,848112,2,0,0,0,0
2020-02-13,Yolo,113,214977,1,0,0,0,0
2020-02-13,Yuba,115,75493,0,0,0,0,0
2020-02-12,Alameda,001,1643700,4,0,0,0,0
2020-02-12,Alpine,003,1148,0,0,0,0,0
2020-02-12,Amador,005,37829,0,0,0,0,0
2020-02-12,Butte,007,227075,0,0,0,0,0
2020-02-12,Calaveras,009,45235,0,0,0,0,0
2020-02-12,Colusa,011,21464,0,0,0,0,0
2020-02-12,Contra Costa,013,1133247,3,0,0,0,0
2020-02-12,Del Norte,015,27424,0,0,0,0,0
2020-02-12,El Dorado,017,186661,0,0,0,0,0
2020-02-12,Fresno,019,978130,0,0,0,0,0
2020-02-12,Glenn,021,27897,0,0,0,0,0
2020-02-12,Humboldt,023,135768,1,0,0,0,0
2020-02-12,Imperial,025,180216,1,0,0,0,0
2020-02-12,Inyo,027,18085,0,0,0,0,0
2020-02-12,Kern,029,883053,2,0,0,0,0
2020-02-12,Kings,031,150075,1,0,0,0,0
2020-02-12,Lake,033,64148,0,0,0,0,0
2020-02-12,Lassen,035,31185,0,0,0,0,0
2020-02-12,Los Angeles,037,10098052,24,1,5,6,0
2020-02-12,Madera,039,155013,0,0,0,0,0
2020-02-12,Marin,041,260295,0,0,0,0,0
2020-02-12,Mariposa,043,17540,0,0,0,0,0
2020-02-12,Mendocino,045,87422,0,0,0,0,0
2020-02-12,Merced,047,269075,0,0,0,0,0
2020-02-12,Modoc,049,8938,0,0,0,0,0
2020-02-12,Mono,051,14174,0,0,0,0,0
2020-02-12,Monterey,053,433212,0,0,0,0,0
2020-02-12,Napa,055,140530,0,0,0,0,0
2020-02-12,Nevada,057,99092,0,0,0,0,0
2020-02-12,Orange,059,3164182,36,1,0,1,0
2020-02-12,Placer,061,380077,0,0,0,0,0
2020-02-12,Plumas,063,18699,0,0,0,0,0
2020-02-12,Riverside,065,2383286,4,0,0,0,0
2020-02-12,Sacramento,067,1510023,1,0,0,0,0
2020-02-12,San Benito,069,59416,0,2,0,2,0
2020-02-12,San Bernardino,071,2135413,8,0,0,0,0
2020-02-12,San Diego,073,3302833,2,2,0,2,0
2020-02-12,San Francisco,075,870044,2,0,0,0,0
2020-02-12,San Joaquin,077,732212,1,0,1,1,0
2020-02-12,San Luis Obispo,079,281455,0,0,0,0,0
2020-02-12,San Mateo,081,765935,2,0,0,0,0
2020-02-12,Santa Barbara,083,443738,0,0,0,0,0
2020-02-12,Santa Clara,085,1922200,6,2,0,2,0
2020-02-12,Santa Cruz,087,273765,0,0,0,0,0
2020-02-12,Shasta,089,179085,0,0,0,0,0
2020-02-12,Sierra,091,2930,0,0,0,0,0
2020-02-12,Siskiyou,093,43540,0,0,0,0,0
2020-02-12,Solano,095,438530,0,0,0,0,0
2020-02-12,Sonoma,097,501317,0,0,0,0,0
2020-02-12,Stanislaus,099,539301,1,0,1,1,0
2020-02-12,Sutter,101,95872,0,0,0,0,0
2020-02-12,Tehama,103,63373,0,0,0,0,0
2020-02-12,Trinity,105,12862,0,0,0,0,0
2020-02-12,Tulare,107,460477,2,0,0,0,0
2020-02-12,Tuolumne,109,53932,0,0,0,0,0
2020-02-12,Ventura,111,848112,2,0,0,0,0
2020-02-12,Yolo,113,214977,1,0,0,0,0
2020-02-12,Yuba,115,75493,0,0,0,0,0
2020-02-11,Alameda,001,1643700,4,0,0,0,0
2020-02-11,Alpine,003,1148,0,0,0,0,0
2020-02-11,Amador,005,37829,0,0,0,0,0
2020-02-11,Butte,007,227075,0,0,0,0,0
2020-02-11,Calaveras,009,45235,0,0,0,0,0
2020-02-11,Colusa,011,21464,0,0,0,0,0
2020-02-11,Contra Costa,013,1133247,3,0,0,0,0
2020-02-11,Del Norte,015,27424,0,0,0,0,0
2020-02-11,El Dorado,017,186661,0,0,0,0,0
2020-02-11,Fresno,019,978130,0,0,0,0,0
2020-02-11,Glenn,021,27897,0,0,0,0,0
2020-02-11,Humboldt,023,135768,1,0,0,0,0
2020-02-11,Imperial,025,180216,1,0,0,0,0
2020-02-11,Inyo,027,18085,0,0,0,0,0
2020-02-11,Kern,029,883053,2,0,0,0,0
2020-02-11,Kings,031,150075,1,0,0,0,0
2020-02-11,Lake,033,64148,0,0,0,0,0
2020-02-11,Lassen,035,31185,0,0,0,0,0
2020-02-11,Los Angeles,037,10098052,24,1,5,6,0
2020-02-11,Madera,039,155013,0,0,0,0,0
2020-02-11,Marin,041,260295,0,0,0,0,0
2020-02-11,Mariposa,043,17540,0,0,0,0,0
2020-02-11,Mendocino,045,87422,0,0,0,0,0
2020-02-11,Merced,047,269075,0,0,0,0,0
2020-02-11,Modoc,049,8938,0,0,0,0,0
2020-02-11,Mono,051,14174,0,0,0,0,0
2020-02-11,Monterey,053,433212,0,0,0,0,0
2020-02-11,Napa,055,140530,0,0,0,0,0
2020-02-11,Nevada,057,99092,0,0,0,0,0
2020-02-11,Orange,059,3164182,35,1,0,1,0
2020-02-11,Placer,061,380077,0,0,0,0,0
2020-02-11,Plumas,063,18699,0,0,0,0,0
2020-02-11,Riverside,065,2383286,4,0,0,0,0
2020-02-11,Sacramento,067,1510023,1,0,0,0,0
2020-02-11,San Benito,069,59416,0,2,0,2,0
2020-02-11,San Bernardino,071,2135413,8,0,0,0,0
2020-02-11,San Diego,073,3302833,2,1,0,1,0
2020-02-11,San Francisco,075,870044,2,0,0,0,0
2020-02-11,San Joaquin,077,732212,0,0,1,1,0
2020-02-11,San Luis Obispo,079,281455,0,0,0,0,0
2020-02-11,San Mateo,081,765935,2,0,0,0,0
2020-02-11,Santa Barbara,083,443738,0,0,0,0,0
2020-02-11,Santa Clara,085,1922200,5,2,0,2,0
2020-02-11,Santa Cruz,087,273765,0,0,0,0,0
2020-02-11,Shasta,089,179085,0,0,0,0,0
2020-02-11,Sierra,091,2930,0,0,0,0,0
2020-02-11,Siskiyou,093,43540,0,0,0,0,0
2020-02-11,Solano,095,438530,0,0,0,0,0
2020-02-11,Sonoma,097,501317,0,0,0,0,0
2020-02-11,Stanislaus,099,539301,1,0,1,1,0
2020-02-11,Sutter,101,95872,0,0,0,0,0
2020-02-11,Tehama,103,63373,0,0,0,0,0
2020-02-11,Trinity,105,12862,0,0,0,0,0
2020-02-11,Tulare,107,460477,2,0,0,0,0
2020-02-11,Tuolumne,109,53932,0,0,0,0,0
2020-02-11,Ventura,111,848112,2,0,0,0,0
2020-02-11,Yolo,113,214977,1,0,0,0,0
2020-02-11,Yuba,115,75493,0,0,0,0,0
2020-02-10,Alameda,001,1643700,4,0,0,0,0
2020-02-10,Alpine,003,1148,0,0,0,0,0
2020-02-10,Amador,005,37829,0,0,0,0,0
2020-02-10,Butte,007,227075,0,0,0,0,0
2020-02-10,Calaveras,009,45235,0,0,0,0,0
2020-02-10,Colusa,011,21464,0,0,0,0,0
2020-02-10,Contra Costa,013,1133247,3,0,0,0,0
2020-02-10,Del Norte,015,27424,0,0,0,0,0
2020-02-10,El Dorado,017,186661,0,0,0,0,0
2020-02-10,Fresno,019,978130,0,0,0,0,0
2020-02-10,Glenn,021,27897,0,0,0,0,0
2020-02-10,Humboldt,023,135768,0,0,0,0,0
2020-02-10,Imperial,025,180216,1,0,0,0,0
2020-02-10,Inyo,027,18085,0,0,0,0,0
2020-02-10,Kern,029,883053,2,0,0,0,0
2020-02-10,Kings,031,150075,1,0,0,0,0
2020-02-10,Lake,033,64148,0,0,0,0,0
2020-02-10,Lassen,035,31185,0,0,0,0,0
2020-02-10,Los Angeles,037,10098052,22,1,5,6,0
2020-02-10,Madera,039,155013,0,0,0,0,0
2020-02-10,Marin,041,260295,0,0,0,0,0
2020-02-10,Mariposa,043,17540,0,0,0,0,0
2020-02-10,Mendocino,045,87422,0,0,0,0,0
2020-02-10,Merced,047,269075,0,0,0,0,0
2020-02-10,Modoc,049,8938,0,0,0,0,0
2020-02-10,Mono,051,14174,0,0,0,0,0
2020-02-10,Monterey,053,433212,0,0,0,0,0
2020-02-10,Napa,055,140530,0,0,0,0,0
2020-02-10,Nevada,057,99092,0,0,0,0,0
2020-02-10,Orange,059,3164182,35,1,0,1,0
2020-02-10,Placer,061,380077,0,0,0,0,0
2020-02-10,Plumas,063,18699,0,0,0,0,0
2020-02-10,Riverside,065,2383286,4,0,0,0,0
2020-02-10,Sacramento,067,1510023,1,0,0,0,0
2020-02-10,San Benito,069,59416,0,2,0,2,0
2020-02-10,San Bernardino,071,2135413,7,0,0,0,0
2020-02-10,San Diego,073,3302833,2,0,0,0,0
2020-02-10,San Francisco,075,870044,2,0,0,0,0
2020-02-10,San Joaquin,077,732212,0,0,1,1,0
2020-02-10,San Luis Obispo,079,281455,0,0,0,0,0
2020-02-10,San Mateo,081,765935,2,0,0,0,0
2020-02-10,Santa Barbara,083,443738,0,0,0,0,0
2020-02-10,Santa Clara,085,1922200,5,2,0,2,0
2020-02-10,Santa Cruz,087,273765,0,0,0,0,0
2020-02-10,Shasta,089,179085,0,0,0,0,0
2020-02-10,Sierra,091,2930,0,0,0,0,0
2020-02-10,Siskiyou,093,43540,0,0,0,0,0
2020-02-10,Solano,095,438530,0,0,0,0,0
2020-02-10,Sonoma,097,501317,0,0,0,0,0
2020-02-10,Stanislaus,099,539301,1,0,0,0,0
2020-02-10,Sutter,101,95872,0,0,0,0,0
2020-02-10,Tehama,103,63373,0,0,0,0,0
2020-02-10,Trinity,105,12862,0,0,0,0,0
2020-02-10,Tulare,107,460477,2,0,0,0,0
2020-02-10,Tuolumne,109,53932,0,0,0,0,0
2020-02-10,Ventura,111,848112,2,0,0,0,0
2020-02-10,Yolo,113,214977,1,0,0,0,0
2020-02-10,Yuba,115,75493,0,0,0,0,0
2020-02-09,Alameda,001,1643700,4,0,0,0,0
2020-02-09,Alpine,003,1148,0,0,0,0,0
2020-02-09,Amador,005,37829,0,0,0,0,0
2020-02-09,Butte,007,227075,0,0,0,0,0
2020-02-09,Calaveras,009,45235,0,0,0,0,0
2020-02-09,Colusa,011,21464,0,0,0,0,0
2020-02-09,Contra Costa,013,1133247,3,0,0,0,0
2020-02-09,Del Norte,015,27424,0,0,0,0,0
2020-02-09,El Dorado,017,186661,0,0,0,0,0
2020-02-09,Fresno,019,978130,0,0,0,0,0
2020-02-09,Glenn,021,27897,0,0,0,0,0
2020-02-09,Humboldt,023,135768,0,0,0,0,0
2020-02-09,Imperial,025,180216,1,0,0,0,0
2020-02-09,Inyo,027,18085,0,0,0,0,0
2020-02-09,Kern,029,883053,2,0,0,0,0
2020-02-09,Kings,031,150075,1,0,0,0,0
2020-02-09,Lake,033,64148,0,0,0,0,0
2020-02-09,Lassen,035,31185,0,0,0,0,0
2020-02-09,Los Angeles,037,10098052,21,1,5,6,0
2020-02-09,Madera,039,155013,0,0,0,0,0
2020-02-09,Marin,041,260295,0,0,0,0,0
2020-02-09,Mariposa,043,17540,0,0,0,0,0
2020-02-09,Mendocino,045,87422,0,0,0,0,0
2020-02-09,Merced,047,269075,0,0,0,0,0
2020-02-09,Modoc,049,8938,0,0,0,0,0
2020-02-09,Mono,051,14174,0,0,0,0,0
2020-02-09,Monterey,053,433212,0,0,0,0,0
2020-02-09,Napa,055,140530,0,0,0,0,0
2020-02-09,Nevada,057,99092,0,0,0,0,0
2020-02-09,Orange,059,3164182,35,1,0,1,0
2020-02-09,Placer,061,380077,0,0,0,0,0
2020-02-09,Plumas,063,18699,0,0,0,0,0
2020-02-09,Riverside,065,2383286,4,0,0,0,0
2020-02-09,Sacramento,067,1510023,0,0,0,0,0
2020-02-09,San Benito,069,59416,0,2,0,2,0
2020-02-09,San Bernardino,071,2135413,7,0,0,0,0
2020-02-09,San Diego,073,3302833,2,0,0,0,0
2020-02-09,San Francisco,075,870044,1,0,0,0,0
2020-02-09,San Joaquin,077,732212,0,0,1,1,0
2020-02-09,San Luis Obispo,079,281455,0,0,0,0,0
2020-02-09,San Mateo,081,765935,2,0,0,0,0
2020-02-09,Santa Barbara,083,443738,0,0,0,0,0
2020-02-09,Santa Clara,085,1922200,4,2,0,2,0
2020-02-09,Santa Cruz,087,273765,0,0,0,0,0
2020-02-09,Shasta,089,179085,0,0,0,0,0
2020-02-09,Sierra,091,2930,0,0,0,0,0
2020-02-09,Siskiyou,093,43540,0,0,0,0,0
2020-02-09,Solano,095,438530,0,0,0,0,0
2020-02-09,Sonoma,097,501317,0,0,0,0,0
2020-02-09,Stanislaus,099,539301,0,0,0,0,0
2020-02-09,Sutter,101,95872,0,0,0,0,0
2020-02-09,Tehama,103,63373,0,0,0,0,0
2020-02-09,Trinity,105,12862,0,0,0,0,0
2020-02-09,Tulare,107,460477,2,0,0,0,0
2020-02-09,Tuolumne,109,53932,0,0,0,0,0
2020-02-09,Ventura,111,848112,1,0,0,0,0
2020-02-09,Yolo,113,214977,1,0,0,0,0
2020-02-09,Yuba,115,75493,0,0,0,0,0
2020-02-08,Alameda,001,1643700,3,0,0,0,0
2020-02-08,Alpine,003,1148,0,0,0,0,0
2020-02-08,Amador,005,37829,0,0,0,0,0
2020-02-08,Butte,007,227075,0,0,0,0,0
2020-02-08,Calaveras,009,45235,0,0,0,0,0
2020-02-08,Colusa,011,21464,0,0,0,0,0
2020-02-08,Contra Costa,013,1133247,2,0,0,0,0
2020-02-08,Del Norte,015,27424,0,0,0,0,0
2020-02-08,El Dorado,017,186661,0,0,0,0,0
2020-02-08,Fresno,019,978130,0,0,0,0,0
2020-02-08,Glenn,021,27897,0,0,0,0,0
2020-02-08,Humboldt,023,135768,0,0,0,0,0
2020-02-08,Imperial,025,180216,1,0,0,0,0
2020-02-08,Inyo,027,18085,0,0,0,0,0
2020-02-08,Kern,029,883053,2,0,0,0,0
2020-02-08,Kings,031,150075,1,0,0,0,0
2020-02-08,Lake,033,64148,0,0,0,0,0
2020-02-08,Lassen,035,31185,0,0,0,0,0
2020-02-08,Los Angeles,037,10098052,17,1,3,4,0
2020-02-08,Madera,039,155013,0,0,0,0,0
2020-02-08,Marin,041,260295,0,0,0,0,0
2020-02-08,Mariposa,043,17540,0,0,0,0,0
2020-02-08,Mendocino,045,87422,0,0,0,0,0
2020-02-08,Merced,047,269075,0,0,0,0,0
2020-02-08,Modoc,049,8938,0,0,0,0,0
2020-02-08,Mono,051,14174,0,0,0,0,0
2020-02-08,Monterey,053,433212,0,0,0,0,0
2020-02-08,Napa,055,140530,0,0,0,0,0
2020-02-08,Nevada,057,99092,0,0,0,0,0
2020-02-08,Orange,059,3164182,35,1,0,1,0
2020-02-08,Placer,061,380077,0,0,0,0,0
2020-02-08,Plumas,063,18699,0,0,0,0,0
2020-02-08,Riverside,065,2383286,4,0,0,0,0
2020-02-08,Sacramento,067,1510023,0,0,0,0,0
2020-02-08,San Benito,069,59416,0,2,0,2,0
2020-02-08,San Bernardino,071,2135413,7,0,0,0,0
2020-02-08,San Diego,073,3302833,1,0,0,0,0
2020-02-08,San Francisco,075,870044,1,0,0,0,0
2020-02-08,San Joaquin,077,732212,0,0,1,1,0
2020-02-08,San Luis Obispo,079,281455,0,0,0,0,0
2020-02-08,San Mateo,081,765935,2,0,0,0,0
2020-02-08,Santa Barbara,083,443738,0,0,0,0,0
2020-02-08,Santa Clara,085,1922200,4,2,0,2,0
2020-02-08,Santa Cruz,087,273765,0,0,0,0,0
2020-02-08,Shasta,089,179085,0,0,0,0,0
2020-02-08,Sierra,091,2930,0,0,0,0,0
2020-02-08,Siskiyou,093,43540,0,0,0,0,0
2020-02-08,Solano,095,438530,0,0,0,0,0
2020-02-08,Sonoma,097,501317,0,0,0,0,0
2020-02-08,Stanislaus,099,539301,0,0,0,0,0
2020-02-08,Sutter,101,95872,0,0,0,0,0
2020-02-08,Tehama,103,63373,0,0,0,0,0
2020-02-08,Trinity,105,12862,0,0,0,0,0
2020-02-08,Tulare,107,460477,2,0,0,0,0
2020-02-08,Tuolumne,109,53932,0,0,0,0,0
2020-02-08,Ventura,111,848112,1,0,0,0,0
2020-02-08,Yolo,113,214977,1,0,0,0,0
2020-02-08,Yuba,115,75493,0,0,0,0,0
2020-02-07,Alameda,001,1643700,3,0,0,0,0
2020-02-07,Alpine,003,1148,0,0,0,0,0
2020-02-07,Amador,005,37829,0,0,0,0,0
2020-02-07,Butte,007,227075,0,0,0,0,0
2020-02-07,Calaveras,009,45235,0,0,0,0,0
2020-02-07,Colusa,011,21464,0,0,0,0,0
2020-02-07,Contra Costa,013,1133247,2,0,0,0,0
2020-02-07,Del Norte,015,27424,0,0,0,0,0
2020-02-07,El Dorado,017,186661,0,0,0,0,0
2020-02-07,Fresno,019,978130,0,0,0,0,0
2020-02-07,Glenn,021,27897,0,0,0,0,0
2020-02-07,Humboldt,023,135768,0,0,0,0,0
2020-02-07,Imperial,025,180216,1,0,0,0,0
2020-02-07,Inyo,027,18085,0,0,0,0,0
2020-02-07,Kern,029,883053,2,0,0,0,0
2020-02-07,Kings,031,150075,1,0,0,0,0
2020-02-07,Lake,033,64148,0,0,0,0,0
2020-02-07,Lassen,035,31185,0,0,0,0,0
2020-02-07,Los Angeles,037,10098052,16,1,2,3,0
2020-02-07,Madera,039,155013,0,0,0,0,0
2020-02-07,Marin,041,260295,0,0,0,0,0
2020-02-07,Mariposa,043,17540,0,0,0,0,0
2020-02-07,Mendocino,045,87422,0,0,0,0,0
2020-02-07,Merced,047,269075,0,0,0,0,0
2020-02-07,Modoc,049,8938,0,0,0,0,0
2020-02-07,Mono,051,14174,0,0,0,0,0
2020-02-07,Monterey,053,433212,0,0,0,0,0
2020-02-07,Napa,055,140530,0,0,0,0,0
2020-02-07,Nevada,057,99092,0,0,0,0,0
2020-02-07,Orange,059,3164182,33,1,0,1,0
2020-02-07,Placer,061,380077,0,0,0,0,0
2020-02-07,Plumas,063,18699,0,0,0,0,0
2020-02-07,Riverside,065,2383286,4,0,0,0,0
2020-02-07,Sacramento,067,1510023,0,0,0,0,0
2020-02-07,San Benito,069,59416,0,2,0,2,0
2020-02-07,San Bernardino,071,2135413,4,0,0,0,0
2020-02-07,San Diego,073,3302833,1,0,0,0,0
2020-02-07,San Francisco,075,870044,1,0,0,0,0
2020-02-07,San Joaquin,077,732212,0,0,1,1,0
2020-02-07,San Luis Obispo,079,281455,0,0,0,0,0
2020-02-07,San Mateo,081,765935,1,0,0,0,0
2020-02-07,Santa Barbara,083,443738,0,0,0,0,0
2020-02-07,Santa Clara,085,1922200,4,2,0,2,0
2020-02-07,Santa Cruz,087,273765,0,0,0,0,0
2020-02-07,Shasta,089,179085,0,0,0,0,0
2020-02-07,Sierra,091,2930,0,0,0,0,0
2020-02-07,Siskiyou,093,43540,0,0,0,0,0
2020-02-07,Solano,095,438530,0,0,0,0,0
2020-02-07,Sonoma,097,501317,0,0,0,0,0
2020-02-07,Stanislaus,099,539301,0,0,0,0,0
2020-02-07,Sutter,101,95872,0,0,0,0,0
2020-02-07,Tehama,103,63373,0,0,0,0,0
2020-02-07,Trinity,105,12862,0,0,0,0,0
2020-02-07,Tulare,107,460477,2,0,0,0,0
2020-02-07,Tuolumne,109,53932,0,0,0,0,0
2020-02-07,Ventura,111,848112,1,0,0,0,0
2020-02-07,Yolo,113,214977,1,0,0,0,0
2020-02-07,Yuba,115,75493,0,0,0,0,0
2020-02-06,Alameda,001,1643700,3,0,0,0,0
2020-02-06,Alpine,003,1148,0,0,0,0,0
2020-02-06,Amador,005,37829,0,0,0,0,0
2020-02-06,Butte,007,227075,0,0,0,0,0
2020-02-06,Calaveras,009,45235,0,0,0,0,0
2020-02-06,Colusa,011,21464,0,0,0,0,0
2020-02-06,Contra Costa,013,1133247,2,0,0,0,0
2020-02-06,Del Norte,015,27424,0,0,0,0,0
2020-02-06,El Dorado,017,186661,0,0,0,0,0
2020-02-06,Fresno,019,978130,0,0,0,0,0
2020-02-06,Glenn,021,27897,0,0,0,0,0
2020-02-06,Humboldt,023,135768,0,0,0,0,0
2020-02-06,Imperial,025,180216,1,0,0,0,0
2020-02-06,Inyo,027,18085,0,0,0,0,0
2020-02-06,Kern,029,883053,2,0,0,0,0
2020-02-06,Kings,031,150075,0,0,0,0,0
2020-02-06,Lake,033,64148,0,0,0,0,0
2020-02-06,Lassen,035,31185,0,0,0,0,0
2020-02-06,Los Angeles,037,10098052,15,1,2,3,0
2020-02-06,Madera,039,155013,0,0,0,0,0
2020-02-06,Marin,041,260295,0,0,0,0,0
2020-02-06,Mariposa,043,17540,0,0,0,0,0
2020-02-06,Mendocino,045,87422,0,0,0,0,0
2020-02-06,Merced,047,269075,0,0,0,0,0
2020-02-06,Modoc,049,8938,0,0,0,0,0
2020-02-06,Mono,051,14174,0,0,0,0,0
2020-02-06,Monterey,053,433212,0,0,0,0,0
2020-02-06,Napa,055,140530,0,0,0,0,0
2020-02-06,Nevada,057,99092,0,0,0,0,0
2020-02-06,Orange,059,3164182,3,1,0,1,0
2020-02-06,Placer,061,380077,0,0,0,0,0
2020-02-06,Plumas,063,18699,0,0,0,0,0
2020-02-06,Riverside,065,2383286,4,0,0,0,0
2020-02-06,Sacramento,067,1510023,0,0,0,0,0
2020-02-06,San Benito,069,59416,0,2,0,2,0
2020-02-06,San Bernardino,071,2135413,4,0,0,0,0
2020-02-06,San Diego,073,3302833,1,0,0,0,0
2020-02-06,San Francisco,075,870044,1,0,0,0,0
2020-02-06,San Joaquin,077,732212,0,0,1,1,0
2020-02-06,San Luis Obispo,079,281455,0,0,0,0,0
2020-02-06,San Mateo,081,765935,1,0,0,0,0
2020-02-06,Santa Barbara,083,443738,0,0,0,0,0
2020-02-06,Santa Clara,085,1922200,4,2,0,2,0
2020-02-06,Santa Cruz,087,273765,0,0,0,0,0
2020-02-06,Shasta,089,179085,0,0,0,0,0
2020-02-06,Sierra,091,2930,0,0,0,0,0
2020-02-06,Siskiyou,093,43540,0,0,0,0,0
2020-02-06,Solano,095,438530,0,0,0,0,0
2020-02-06,Sonoma,097,501317,0,0,0,0,0
2020-02-06,Stanislaus,099,539301,0,0,0,0,0
2020-02-06,Sutter,101,95872,0,0,0,0,0
2020-02-06,Tehama,103,63373,0,0,0,0,0
2020-02-06,Trinity,105,12862,0,0,0,0,0
2020-02-06,Tulare,107,460477,2,0,0,0,0
2020-02-06,Tuolumne,109,53932,0,0,0,0,0
2020-02-06,Ventura,111,848112,1,0,0,0,0
2020-02-06,Yolo,113,214977,1,0,0,0,0
2020-02-06,Yuba,115,75493,0,0,0,0,0
2020-02-05,Alameda,001,1643700,3,0,0,0,0
2020-02-05,Alpine,003,1148,0,0,0,0,0
2020-02-05,Amador,005,37829,0,0,0,0,0
2020-02-05,Butte,007,227075,0,0,0,0,0
2020-02-05,Calaveras,009,45235,0,0,0,0,0
2020-02-05,Colusa,011,21464,0,0,0,0,0
2020-02-05,Contra Costa,013,1133247,2,0,0,0,0
2020-02-05,Del Norte,015,27424,0,0,0,0,0
2020-02-05,El Dorado,017,186661,0,0,0,0,0
2020-02-05,Fresno,019,978130,0,0,0,0,0
2020-02-05,Glenn,021,27897,0,0,0,0,0
2020-02-05,Humboldt,023,135768,0,0,0,0,0
2020-02-05,Imperial,025,180216,1,0,0,0,0
2020-02-05,Inyo,027,18085,0,0,0,0,0
2020-02-05,Kern,029,883053,1,0,0,0,0
2020-02-05,Kings,031,150075,0,0,0,0,0
2020-02-05,Lake,033,64148,0,0,0,0,0
2020-02-05,Lassen,035,31185,0,0,0,0,0
2020-02-05,Los Angeles,037,10098052,15,1,1,2,0
2020-02-05,Madera,039,155013,0,0,0,0,0
2020-02-05,Marin,041,260295,0,0,0,0,0
2020-02-05,Mariposa,043,17540,0,0,0,0,0
2020-02-05,Mendocino,045,87422,0,0,0,0,0
2020-02-05,Merced,047,269075,0,0,0,0,0
2020-02-05,Modoc,049,8938,0,0,0,0,0
2020-02-05,Mono,051,14174,0,0,0,0,0
2020-02-05,Monterey,053,433212,0,0,0,0,0
2020-02-05,Napa,055,140530,0,0,0,0,0
2020-02-05,Nevada,057,99092,0,0,0,0,0
2020-02-05,Orange,059,3164182,1,1,0,1,0
2020-02-05,Placer,061,380077,0,0,0,0,0
2020-02-05,Plumas,063,18699,0,0,0,0,0
2020-02-05,Riverside,065,2383286,4,0,0,0,0
2020-02-05,Sacramento,067,1510023,0,0,0,0,0
2020-02-05,San Benito,069,59416,0,2,0,2,0
2020-02-05,San Bernardino,071,2135413,4,0,0,0,0
2020-02-05,San Diego,073,3302833,0,0,0,0,0
2020-02-05,San Francisco,075,870044,1,0,0,0,0
2020-02-05,San Joaquin,077,732212,0,0,1,1,0
2020-02-05,San Luis Obispo,079,281455,0,0,0,0,0
2020-02-05,San Mateo,081,765935,1,0,0,0,0
2020-02-05,Santa Barbara,083,443738,0,0,0,0,0
2020-02-05,Santa Clara,085,1922200,2,2,0,2,0
2020-02-05,Santa Cruz,087,273765,0,0,0,0,0
2020-02-05,Shasta,089,179085,0,0,0,0,0
2020-02-05,Sierra,091,2930,0,0,0,0,0
2020-02-05,Siskiyou,093,43540,0,0,0,0,0
2020-02-05,Solano,095,438530,0,0,0,0,0
2020-02-05,Sonoma,097,501317,0,0,0,0,0
2020-02-05,Stanislaus,099,539301,0,0,0,0,0
2020-02-05,Sutter,101,95872,0,0,0,0,0
2020-02-05,Tehama,103,63373,0,0,0,0,0
2020-02-05,Trinity,105,12862,0,0,0,0,0
2020-02-05,Tulare,107,460477,2,0,0,0,0
2020-02-05,Tuolumne,109,53932,0,0,0,0,0
2020-02-05,Ventura,111,848112,0,0,0,0,0
2020-02-05,Yolo,113,214977,1,0,0,0,0
2020-02-05,Yuba,115,75493,0,0,0,0,0
2020-02-04,Alameda,001,1643700,3,0,0,0,0
2020-02-04,Alpine,003,1148,0,0,0,0,0
2020-02-04,Amador,005,37829,0,0,0,0,0
2020-02-04,Butte,007,227075,0,0,0,0,0
2020-02-04,Calaveras,009,45235,0,0,0,0,0
2020-02-04,Colusa,011,21464,0,0,0,0,0
2020-02-04,Contra Costa,013,1133247,2,0,0,0,0
2020-02-04,Del Norte,015,27424,0,0,0,0,0
2020-02-04,El Dorado,017,186661,0,0,0,0,0
2020-02-04,Fresno,019,978130,0,0,0,0,0
2020-02-04,Glenn,021,27897,0,0,0,0,0
2020-02-04,Humboldt,023,135768,0,0,0,0,0
2020-02-04,Imperial,025,180216,1,0,0,0,0
2020-02-04,Inyo,027,18085,0,0,0,0,0
2020-02-04,Kern,029,883053,0,0,0,0,0
2020-02-04,Kings,031,150075,0,0,0,0,0
2020-02-04,Lake,033,64148,0,0,0,0,0
2020-02-04,Lassen,035,31185,0,0,0,0,0
2020-02-04,Los Angeles,037,10098052,15,1,1,2,0
2020-02-04,Madera,039,155013,0,0,0,0,0
2020-02-04,Marin,041,260295,0,0,0,0,0
2020-02-04,Mariposa,043,17540,0,0,0,0,0
2020-02-04,Mendocino,045,87422,0,0,0,0,0
2020-02-04,Merced,047,269075,0,0,0,0,0
2020-02-04,Modoc,049,8938,0,0,0,0,0
2020-02-04,Mono,051,14174,0,0,0,0,0
2020-02-04,Monterey,053,433212,0,0,0,0,0
2020-02-04,Napa,055,140530,0,0,0,0,0
2020-02-04,Nevada,057,99092,0,0,0,0,0
2020-02-04,Orange,059,3164182,1,1,0,1,0
2020-02-04,Placer,061,380077,0,0,0,0,0
2020-02-04,Plumas,063,18699,0,0,0,0,0
2020-02-04,Riverside,065,2383286,4,0,0,0,0
2020-02-04,Sacramento,067,1510023,0,0,0,0,0
2020-02-04,San Benito,069,59416,0,2,0,2,0
2020-02-04,San Bernardino,071,2135413,3,0,0,0,0
2020-02-04,San Diego,073,3302833,0,0,0,0,0
2020-02-04,San Francisco,075,870044,1,0,0,0,0
2020-02-04,San Joaquin,077,732212,0,0,1,1,0
2020-02-04,San Luis Obispo,079,281455,0,0,0,0,0
2020-02-04,San Mateo,081,765935,0,0,0,0,0
2020-02-04,Santa Barbara,083,443738,0,0,0,0,0
2020-02-04,Santa Clara,085,1922200,2,2,0,2,0
2020-02-04,Santa Cruz,087,273765,0,0,0,0,0
2020-02-04,Shasta,089,179085,0,0,0,0,0
2020-02-04,Sierra,091,2930,0,0,0,0,0
2020-02-04,Siskiyou,093,43540,0,0,0,0,0
2020-02-04,Solano,095,438530,0,0,0,0,0
2020-02-04,Sonoma,097,501317,0,0,0,0,0
2020-02-04,Stanislaus,099,539301,0,0,0,0,0
2020-02-04,Sutter,101,95872,0,0,0,0,0
2020-02-04,Tehama,103,63373,0,0,0,0,0
2020-02-04,Trinity,105,12862,0,0,0,0,0
2020-02-04,Tulare,107,460477,2,0,0,0,0
2020-02-04,Tuolumne,109,53932,0,0,0,0,0
2020-02-04,Ventura,111,848112,0,0,0,0,0
2020-02-04,Yolo,113,214977,1,0,0,0,0
2020-02-04,Yuba,115,75493,0,0,0,0,0
2020-02-03,Alameda,001,1643700,3,0,0,0,0
2020-02-03,Alpine,003,1148,0,0,0,0,0
2020-02-03,Amador,005,37829,0,0,0,0,0
2020-02-03,Butte,007,227075,0,0,0,0,0
2020-02-03,Calaveras,009,45235,0,0,0,0,0
2020-02-03,Colusa,011,21464,0,0,0,0,0
2020-02-03,Contra Costa,013,1133247,2,0,0,0,0
2020-02-03,Del Norte,015,27424,0,0,0,0,0
2020-02-03,El Dorado,017,186661,0,0,0,0,0
2020-02-03,Fresno,019,978130,0,0,0,0,0
2020-02-03,Glenn,021,27897,0,0,0,0,0
2020-02-03,Humboldt,023,135768,0,0,0,0,0
2020-02-03,Imperial,025,180216,1,0,0,0,0
2020-02-03,Inyo,027,18085,0,0,0,0,0
2020-02-03,Kern,029,883053,0,0,0,0,0
2020-02-03,Kings,031,150075,0,0,0,0,0
2020-02-03,Lake,033,64148,0,0,0,0,0
2020-02-03,Lassen,035,31185,0,0,0,0,0
2020-02-03,Los Angeles,037,10098052,15,1,0,1,0
2020-02-03,Madera,039,155013,0,0,0,0,0
2020-02-03,Marin,041,260295,0,0,0,0,0
2020-02-03,Mariposa,043,17540,0,0,0,0,0
2020-02-03,Mendocino,045,87422,0,0,0,0,0
2020-02-03,Merced,047,269075,0,0,0,0,0
2020-02-03,Modoc,049,8938,0,0,0,0,0
2020-02-03,Mono,051,14174,0,0,0,0,0
2020-02-03,Monterey,053,433212,0,0,0,0,0
2020-02-03,Napa,055,140530,0,0,0,0,0
2020-02-03,Nevada,057,99092,0,0,0,0,0
2020-02-03,Orange,059,3164182,1,1,0,1,0
2020-02-03,Placer,061,380077,0,0,0,0,0
2020-02-03,Plumas,063,18699,0,0,0,0,0
2020-02-03,Riverside,065,2383286,4,0,0,0,0
2020-02-03,Sacramento,067,1510023,0,0,0,0,0
2020-02-03,San Benito,069,59416,0,2,0,2,0
2020-02-03,San Bernardino,071,2135413,3,0,0,0,0
2020-02-03,San Diego,073,3302833,0,0,0,0,0
2020-02-03,San Francisco,075,870044,1,0,0,0,0
2020-02-03,San Joaquin,077,732212,0,0,1,1,0
2020-02-03,San Luis Obispo,079,281455,0,0,0,0,0
2020-02-03,San Mateo,081,765935,0,0,0,0,0
2020-02-03,Santa Barbara,083,443738,0,0,0,0,0
2020-02-03,Santa Clara,085,1922200,2,2,0,2,0
2020-02-03,Santa Cruz,087,273765,0,0,0,0,0
2020-02-03,Shasta,089,179085,0,0,0,0,0
2020-02-03,Sierra,091,2930,0,0,0,0,0
2020-02-03,Siskiyou,093,43540,0,0,0,0,0
2020-02-03,Solano,095,438530,0,0,0,0,0
2020-02-03,Sonoma,097,501317,0,0,0,0,0
2020-02-03,Stanislaus,099,539301,0,0,0,0,0
2020-02-03,Sutter,101,95872,0,0,0,0,0
2020-02-03,Tehama,103,63373,0,0,0,0,0
2020-02-03,Trinity,105,12862,0,0,0,0,0
2020-02-03,Tulare,107,460477,2,0,0,0,0
2020-02-03,Tuolumne,109,53932,0,0,0,0,0
2020-02-03,Ventura,111,848112,0,0,0,0,0
2020-02-03,Yolo,113,214977,1,0,0,0,0
2020-02-03,Yuba,115,75493,0,0,0,0,0
2020-02-02,Alameda,001,1643700,3,0,0,0,0
2020-02-02,Alpine,003,1148,0,0,0,0,0
2020-02-02,Amador,005,37829,0,0,0,0,0
2020-02-02,Butte,007,227075,0,0,0,0,0
2020-02-02,Calaveras,009,45235,0,0,0,0,0
2020-02-02,Colusa,011,21464,0,0,0,0,0
2020-02-02,Contra Costa,013,1133247,1,0,0,0,0
2020-02-02,Del Norte,015,27424,0,0,0,0,0
2020-02-02,El Dorado,017,186661,0,0,0,0,0
2020-02-02,Fresno,019,978130,0,0,0,0,0
2020-02-02,Glenn,021,27897,0,0,0,0,0
2020-02-02,Humboldt,023,135768,0,0,0,0,0
2020-02-02,Imperial,025,180216,1,0,0,0,0
2020-02-02,Inyo,027,18085,0,0,0,0,0
2020-02-02,Kern,029,883053,0,0,0,0,0
2020-02-02,Kings,031,150075,0,0,0,0,0
2020-02-02,Lake,033,64148,0,0,0,0,0
2020-02-02,Lassen,035,31185,0,0,0,0,0
2020-02-02,Los Angeles,037,10098052,13,1,0,1,0
2020-02-02,Madera,039,155013,0,0,0,0,0
2020-02-02,Marin,041,260295,0,0,0,0,0
2020-02-02,Mariposa,043,17540,0,0,0,0,0
2020-02-02,Mendocino,045,87422,0,0,0,0,0
2020-02-02,Merced,047,269075,0,0,0,0,0
2020-02-02,Modoc,049,8938,0,0,0,0,0
2020-02-02,Mono,051,14174,0,0,0,0,0
2020-02-02,Monterey,053,433212,0,0,0,0,0
2020-02-02,Napa,055,140530,0,0,0,0,0
2020-02-02,Nevada,057,99092,0,0,0,0,0
2020-02-02,Orange,059,3164182,1,1,0,1,0
2020-02-02,Placer,061,380077,0,0,0,0,0
2020-02-02,Plumas,063,18699,0,0,0,0,0
2020-02-02,Riverside,065,2383286,3,0,0,0,0
2020-02-02,Sacramento,067,1510023,0,0,0,0,0
2020-02-02,San Benito,069,59416,0,2,0,2,0
2020-02-02,San Bernardino,071,2135413,2,0,0,0,0
2020-02-02,San Diego,073,3302833,0,0,0,0,0
2020-02-02,San Francisco,075,870044,1,0,0,0,0
2020-02-02,San Joaquin,077,732212,0,0,1,1,0
2020-02-02,San Luis Obispo,079,281455,0,0,0,0,0
2020-02-02,San Mateo,081,765935,0,0,0,0,0
2020-02-02,Santa Barbara,083,443738,0,0,0,0,0
2020-02-02,Santa Clara,085,1922200,2,2,0,2,0
2020-02-02,Santa Cruz,087,273765,0,0,0,0,0
2020-02-02,Shasta,089,179085,0,0,0,0,0
2020-02-02,Sierra,091,2930,0,0,0,0,0
2020-02-02,Siskiyou,093,43540,0,0,0,0,0
2020-02-02,Solano,095,438530,0,0,0,0,0
2020-02-02,Sonoma,097,501317,0,0,0,0,0
2020-02-02,Stanislaus,099,539301,0,0,0,0,0
2020-02-02,Sutter,101,95872,0,0,0,0,0
2020-02-02,Tehama,103,63373,0,0,0,0,0
2020-02-02,Trinity,105,12862,0,0,0,0,0
2020-02-02,Tulare,107,460477,2,0,0,0,0
2020-02-02,Tuolumne,109,53932,0,0,0,0,0
2020-02-02,Ventura,111,848112,0,0,0,0,0
2020-02-02,Yolo,113,214977,1,0,0,0,0
2020-02-02,Yuba,115,75493,0,0,0,0,0
2020-02-01,Alameda,001,1643700,3,0,0,0,0
2020-02-01,Alpine,003,1148,0,0,0,0,0
2020-02-01,Amador,005,37829,0,0,0,0,0
2020-02-01,Butte,007,227075,0,0,0,0,0
2020-02-01,Calaveras,009,45235,0,0,0,0,0
2020-02-01,Colusa,011,21464,0,0,0,0,0
2020-02-01,Contra Costa,013,1133247,0,0,0,0,0
2020-02-01,Del Norte,015,27424,0,0,0,0,0
2020-02-01,El Dorado,017,186661,0,0,0,0,0
2020-02-01,Fresno,019,978130,0,0,0,0,0
2020-02-01,Glenn,021,27897,0,0,0,0,0
2020-02-01,Humboldt,023,135768,0,0,0,0,0
2020-02-01,Imperial,025,180216,0,0,0,0,0
2020-02-01,Inyo,027,18085,0,0,0,0,0
2020-02-01,Kern,029,883053,0,0,0,0,0
2020-02-01,Kings,031,150075,0,0,0,0,0
2020-02-01,Lake,033,64148,0,0,0,0,0
2020-02-01,Lassen,035,31185,0,0,0,0,0
2020-02-01,Los Angeles,037,10098052,12,1,0,1,0
2020-02-01,Madera,039,155013,0,0,0,0,0
2020-02-01,Marin,041,260295,0,0,0,0,0
2020-02-01,Mariposa,043,17540,0,0,0,0,0
2020-02-01,Mendocino,045,87422,0,0,0,0,0
2020-02-01,Merced,047,269075,0,0,0,0,0
2020-02-01,Modoc,049,8938,0,0,0,0,0
2020-02-01,Mono,051,14174,0,0,0,0,0
2020-02-01,Monterey,053,433212,0,0,0,0,0
2020-02-01,Napa,055,140530,0,0,0,0,0
2020-02-01,Nevada,057,99092,0,0,0,0,0
2020-02-01,Orange,059,3164182,1,1,0,1,0
2020-02-01,Placer,061,380077,0,0,0,0,0
2020-02-01,Plumas,063,18699,0,0,0,0,0
2020-02-01,Riverside,065,2383286,2,0,0,0,0
2020-02-01,Sacramento,067,1510023,0,0,0,0,0
2020-02-01,San Benito,069,59416,0,0,0,0,0
2020-02-01,San Bernardino,071,2135413,1,0,0,0,0
2020-02-01,San Diego,073,3302833,0,0,0,0,0
2020-02-01,San Francisco,075,870044,1,0,0,0,0
2020-02-01,San Joaquin,077,732212,0,0,1,1,0
2020-02-01,San Luis Obispo,079,281455,0,0,0,0,0
2020-02-01,San Mateo,081,765935,0,0,0,0,0
2020-02-01,Santa Barbara,083,443738,0,0,0,0,0
2020-02-01,Santa Clara,085,1922200,2,1,0,1,0
2020-02-01,Santa Cruz,087,273765,0,0,0,0,0
2020-02-01,Shasta,089,179085,0,0,0,0,0
2020-02-01,Sierra,091,2930,0,0,0,0,0
2020-02-01,Siskiyou,093,43540,0,0,0,0,0
2020-02-01,Solano,095,438530,0,0,0,0,0
2020-02-01,Sonoma,097,501317,0,0,0,0,0
2020-02-01,Stanislaus,099,539301,0,0,0,0,0
2020-02-01,Sutter,101,95872,0,0,0,0,0
2020-02-01,Tehama,103,63373,0,0,0,0,0
2020-02-01,Trinity,105,12862,0,0,0,0,0
2020-02-01,Tulare,107,460477,1,0,0,0,0
2020-02-01,Tuolumne,109,53932,0,0,0,0,0
2020-02-01,Ventura,111,848112,0,0,0,0,0
2020-02-01,Yolo,113,214977,0,0,0,0,0
2020-02-01,Yuba,115,75493,0,0,0,0,0
