date,county,fips,population,confirmed_cases,reported_cases,probable_cases,reported_and_probable_cases,reported_deaths
2022-01-26,Alameda,001,1643700,222721,222680,11008,233688,1596
2022-01-26,Alpine,003,1148,123,123,0,123,0
2022-01-26,Amador,005,37829,7429,7427,219,7646,73
2022-01-26,Butte,007,227075,29232,29229,5249,34478,353
2022-01-26,Calaveras,009,45235,6388,6387,171,6558,96
2022-01-26,Colusa,011,21464,3094,3094,886,3980,21
2022-01-26,Contra Costa,013,1133247,165992,165972,8696,174668,1095
2022-01-26,Del Norte,015,27424,4542,4542,99,4641,43
2022-01-26,El Dorado,017,186661,23807,23819,2572,26391,181
2022-01-26,Fresno,019,978130,199709,199689,15787,215476,2452
2022-01-26,Glenn,021,27897,4472,4472,1296,5768,39
2022-01-26,Humboldt,023,135768,14714,14715,1843,16558,126
2022-01-26,Imperial,025,180216,49477,49477,6316,55793,839
2022-01-26,Inyo,027,18085,3889,3889,174,4063,50
2022-01-26,Kern,029,883053,173105,173052,30273,203325,1953
2022-01-26,Kings,031,150075,44373,44367,2610,46977,396
2022-01-26,Lake,033,64148,8647,8645,583,9228,119
2022-01-26,Lassen,035,31185,7888,7888,623,8511,55
2022-01-26,Los Angeles,037,10098052,2450384,2450620,96558,2547178,28382
2022-01-26,Madera,039,155013,32324,32323,3435,35758,329
2022-01-26,Marin,041,260295,29807,29813,2592,32405,253
2022-01-26,Mariposa,043,17540,2108,2108,101,2209,6
2022-01-26,Mendocino,045,87422,11454,11453,1547,13000,103
2022-01-26,Merced,047,269075,56068,56060,4122,60182,733
2022-01-26,Modoc,049,8938,652,652,223,875,6
2022-01-26,Mono,051,14174,2852,2852,103,2955,4
2022-01-26,Monterey,053,433212,63265,63264,11327,74591,659
2022-01-26,Napa,055,140530,21863,21864,401,22265,112
2022-01-26,Nevada,057,99092,14123,14128,728,14856,112
2022-01-26,Orange,059,3164182,506422,506419,29562,535981,6007
2022-01-26,Placer,061,380077,55907,55892,5816,61708,524
2022-01-26,Plumas,063,18699,2425,2425,160,2585,12
2022-01-26,Riverside,065,2383286,543713,543788,21557,565345,5701
2022-01-26,Sacramento,067,1510023,246419,246416,17569,263985,2559
2022-01-26,San Benito,069,59416,11562,11563,410,11973,90
2022-01-26,San Bernardino,071,2135413,521676,521699,18626,540325,6291
2022-01-26,San Diego,073,3302833,676392,676392,38664,715056,4622
2022-01-26,San Francisco,075,870044,107166,107174,9619,116793,704
2022-01-26,San Joaquin,077,732212,148769,148770,8460,157230,1971
2022-01-26,San Luis Obispo,079,281455,45706,45716,2902,48618,391
2022-01-26,San Mateo,081,765935,99008,99016,10288,109304,586
2022-01-26,Santa Barbara,083,443738,75547,75548,3167,78715,600
2022-01-26,Santa Clara,085,1922200,270500,270470,8789,279259,2015
2022-01-26,Santa Cruz,087,273765,38294,38298,1852,40150,239
2022-01-26,Shasta,089,179085,27256,27255,4671,31926,452
2022-01-26,Sierra,091,2930,260,260,28,288,0
2022-01-26,Siskiyou,093,43540,3971,3971,1956,5927,66
2022-01-26,Solano,095,438530,69145,69150,3445,72595,401
2022-01-26,Sonoma,097,501317,72504,72509,1529,74038,423
2022-01-26,Stanislaus,099,539301,106566,106582,11985,118567,1396
2022-01-26,Sutter,101,95872,18662,18670,856,19526,202
2022-01-26,Tehama,103,63373,10749,10749,2057,12806,145
2022-01-26,Trinity,105,12862,1008,1008,242,1250,19
2022-01-26,Tulare,107,460477,91907,91904,21890,113794,1234
2022-01-26,Tuolumne,109,53932,10697,10699,248,10947,91
2022-01-26,Ventura,111,848112,159086,159077,6912,165989,1263
2022-01-26,Yolo,113,214977,31918,31913,2321,34234,275
2022-01-26,Yuba,115,75493,14172,14171,762,14933,103
2022-01-25,Alameda,001,1643700,222721,219753,11008,230761,1589
2022-01-25,Alpine,003,1148,123,122,0,122,0
2022-01-25,Amador,005,37829,7429,7352,219,7571,73
2022-01-25,Butte,007,227075,29232,28887,5249,34136,351
2022-01-25,Calaveras,009,45235,6388,6266,171,6437,95
2022-01-25,Colusa,011,21464,3094,3074,886,3960,21
2022-01-25,Contra Costa,013,1133247,165992,163792,8696,172488,1092
2022-01-25,Del Norte,015,27424,4542,4514,99,4613,43
2022-01-25,El Dorado,017,186661,23807,23339,2572,25911,179
2022-01-25,Fresno,019,978130,199709,198262,15787,214049,2434
2022-01-25,Glenn,021,27897,4472,4418,1296,5714,39
2022-01-25,Humboldt,023,135768,14714,14574,1843,16417,126
2022-01-25,Imperial,025,180216,49477,48913,6316,55229,832
2022-01-25,Inyo,027,18085,3889,3857,174,4031,50
2022-01-25,Kern,029,883053,173105,171695,30273,201968,1947
2022-01-25,Kings,031,150075,44373,43853,2610,46463,396
2022-01-25,Lake,033,64148,8647,8543,583,9126,118
2022-01-25,Lassen,035,31185,7888,7834,623,8457,55
2022-01-25,Los Angeles,037,10098052,2450384,2433516,96558,2530074,28293
2022-01-25,Madera,039,155013,32324,31794,3435,35229,329
2022-01-25,Marin,041,260295,29807,29589,2592,32181,253
2022-01-25,Mariposa,043,17540,2108,2069,101,2170,6
2022-01-25,Mendocino,045,87422,11454,11280,1547,12827,103
2022-01-25,Merced,047,269075,56068,55555,4122,59677,733
2022-01-25,Modoc,049,8938,652,652,223,875,6
2022-01-25,Mono,051,14174,2852,2826,103,2929,4
2022-01-25,Monterey,053,433212,63265,62498,11327,73825,654
2022-01-25,Napa,055,140530,21863,21668,401,22069,111
2022-01-25,Nevada,057,99092,14123,13944,728,14672,112
2022-01-25,Orange,059,3164182,506422,504274,29562,533836,5980
2022-01-25,Placer,061,380077,55907,55465,5816,61281,518
2022-01-25,Plumas,063,18699,2425,2397,160,2557,12
2022-01-25,Riverside,065,2383286,543713,540723,21557,562280,5686
2022-01-25,Sacramento,067,1510023,246419,244468,17569,262037,2545
2022-01-25,San Benito,069,59416,11562,11446,410,11856,88
2022-01-25,San Bernardino,071,2135413,521676,519150,18626,537776,6288
2022-01-25,San Diego,073,3302833,676392,670110,38664,708774,4604
2022-01-25,San Francisco,075,870044,107166,106254,9619,115873,703
2022-01-25,San Joaquin,077,732212,148769,147271,8460,155731,1972
2022-01-25,San Luis Obispo,079,281455,45706,45130,2902,48032,391
2022-01-25,San Mateo,081,765935,99008,98010,10288,108298,586
2022-01-25,Santa Barbara,083,443738,75547,74686,3167,77853,594
2022-01-25,Santa Clara,085,1922200,270500,268031,8789,276820,2006
2022-01-25,Santa Cruz,087,273765,38294,37850,1852,39702,237
2022-01-25,Shasta,089,179085,27256,27090,4671,31761,452
2022-01-25,Sierra,091,2930,260,260,28,288,0
2022-01-25,Siskiyou,093,43540,3971,3958,1956,5914,65
2022-01-25,Solano,095,438530,69145,68657,3445,72102,399
2022-01-25,Sonoma,097,501317,72504,71633,1529,73162,423
2022-01-25,Stanislaus,099,539301,106566,105965,11985,117950,1396
2022-01-25,Sutter,101,95872,18662,18508,856,19364,200
2022-01-25,Tehama,103,63373,10749,10669,2057,12726,145
2022-01-25,Trinity,105,12862,1008,999,242,1241,19
2022-01-25,Tulare,107,460477,91907,91237,21890,113127,1229
2022-01-25,Tuolumne,109,53932,10697,10516,248,10764,91
2022-01-25,Ventura,111,848112,159086,157971,6912,164883,1263
2022-01-25,Yolo,113,214977,31918,31677,2321,33998,274
2022-01-25,Yuba,115,75493,14172,14038,762,14800,103
2022-01-24,Alameda,001,1643700,222600,216252,11008,227260,1581
2022-01-24,Alpine,003,1148,123,120,0,120,0
2022-01-24,Amador,005,37829,7427,7166,219,7385,73
2022-01-24,Butte,007,227075,29179,28607,5249,33856,350
2022-01-24,Calaveras,009,45235,6375,6172,171,6343,95
2022-01-24,Colusa,011,21464,3087,3052,886,3938,21
2022-01-24,Contra Costa,013,1133247,165936,162161,8696,170857,1092
2022-01-24,Del Norte,015,27424,4540,4460,99,4559,43
2022-01-24,El Dorado,017,186661,23795,23128,2572,25700,179
2022-01-24,Fresno,019,978130,199535,196092,15787,211879,2430
2022-01-24,Glenn,021,27897,4469,4367,1296,5663,39
2022-01-24,Humboldt,023,135768,14708,14416,1843,16259,126
2022-01-24,Imperial,025,180216,49365,48228,6316,54544,824
2022-01-24,Inyo,027,18085,3888,3805,174,3979,50
2022-01-24,Kern,029,883053,172987,169892,30273,200165,1946
2022-01-24,Kings,031,150075,44334,43260,2610,45870,396
2022-01-24,Lake,033,64148,8637,8423,583,9006,118
2022-01-24,Lassen,035,31185,7888,7732,623,8355,55
2022-01-24,Los Angeles,037,10098052,2450237,2391045,96558,2487603,28230
2022-01-24,Madera,039,155013,32288,31339,3435,34774,329
2022-01-24,Marin,041,260295,29779,29301,2592,31893,253
2022-01-24,Mariposa,043,17540,2104,2033,101,2134,6
2022-01-24,Mendocino,045,87422,11423,11002,1547,12549,103
2022-01-24,Merced,047,269075,56054,54970,4122,59092,730
2022-01-24,Modoc,049,8938,652,648,223,871,6
2022-01-24,Mono,051,14174,2849,2802,103,2905,4
2022-01-24,Monterey,053,433212,63202,61975,11327,73302,654
2022-01-24,Napa,055,140530,21841,21494,401,21895,111
2022-01-24,Nevada,057,99092,14118,13774,728,14502,112
2022-01-24,Orange,059,3164182,506159,501634,29562,531196,5969
2022-01-24,Placer,061,380077,55867,54933,5816,60749,518
2022-01-24,Plumas,063,18699,2406,2370,160,2530,12
2022-01-24,Riverside,065,2383286,543573,535962,21557,557519,5661
2022-01-24,Sacramento,067,1510023,246305,241522,17569,259091,2526
2022-01-24,San Benito,069,59416,11554,11331,410,11741,88
2022-01-24,San Bernardino,071,2135413,521541,515604,18626,534230,6285
2022-01-24,San Diego,073,3302833,675608,663580,38664,702244,4586
2022-01-24,San Francisco,075,870044,107108,105418,9619,115037,703
2022-01-24,San Joaquin,077,732212,148679,145984,8460,154444,1959
2022-01-24,San Luis Obispo,079,281455,45676,44616,2902,47518,387
2022-01-24,San Mateo,081,765935,98955,96968,10288,107256,586
2022-01-24,Santa Barbara,083,443738,75476,73866,3167,77033,591
2022-01-24,Santa Clara,085,1922200,270362,265341,8789,274130,2006
2022-01-24,Santa Cruz,087,273765,38258,37188,1852,39040,237
2022-01-24,Shasta,089,179085,27237,26871,4671,31542,452
2022-01-24,Sierra,091,2930,260,258,28,286,0
2022-01-24,Siskiyou,093,43540,3967,3934,1956,5890,64
2022-01-24,Solano,095,438530,69114,68094,3445,71539,400
2022-01-24,Sonoma,097,501317,72482,70733,1529,72262,423
2022-01-24,Stanislaus,099,539301,106503,104933,11985,116918,1395
2022-01-24,Sutter,101,95872,18614,18336,856,19192,200
2022-01-24,Tehama,103,63373,10745,10567,2057,12624,145
2022-01-24,Trinity,105,12862,1007,978,242,1220,19
2022-01-24,Tulare,107,460477,91828,90089,21890,111979,1219
2022-01-24,Tuolumne,109,53932,10659,10374,248,10622,91
2022-01-24,Ventura,111,848112,159002,156551,6912,163463,1261
2022-01-24,Yolo,113,214977,31903,31480,2321,33801,273
2022-01-24,Yuba,115,75493,14129,13862,762,14624,103
2022-01-23,Alameda,001,1643700,221716,214003,11008,225011,1583
2022-01-23,Alpine,003,1148,123,120,0,120,0
2022-01-23,Amador,005,37829,7408,7090,219,7309,73
2022-01-23,Butte,007,227075,29058,28340,5249,33589,350
2022-01-23,Calaveras,009,45235,6355,6095,171,6266,95
2022-01-23,Colusa,011,21464,3081,3040,886,3926,21
2022-01-23,Contra Costa,013,1133247,165221,160798,8696,169494,1092
2022-01-23,Del Norte,015,27424,4534,4419,99,4518,43
2022-01-23,El Dorado,017,186661,23736,22925,2572,25497,179
2022-01-23,Fresno,019,978130,198826,193642,15787,209429,2430
2022-01-23,Glenn,021,27897,4455,4340,1296,5636,39
2022-01-23,Humboldt,023,135768,14685,14296,1843,16139,126
2022-01-23,Imperial,025,180216,49119,47935,6316,54251,824
2022-01-23,Inyo,027,18085,3857,3781,174,3955,50
2022-01-23,Kern,029,883053,172596,168585,30273,198858,1946
2022-01-23,Kings,031,150075,44195,42622,2610,45232,397
2022-01-23,Lake,033,64148,8615,8363,583,8946,118
2022-01-23,Lassen,035,31185,7873,7710,623,8333,55
2022-01-23,Los Angeles,037,10098052,2444262,2390590,96558,2487148,28231
2022-01-23,Madera,039,155013,32111,30962,3435,34397,329
2022-01-23,Marin,041,260295,29680,29025,2592,31617,253
2022-01-23,Mariposa,043,17540,2094,2011,101,2112,6
2022-01-23,Mendocino,045,87422,11374,10889,1547,12436,103
2022-01-23,Merced,047,269075,55846,54644,4122,58766,730
2022-01-23,Modoc,049,8938,652,645,223,868,6
2022-01-23,Mono,051,14174,2848,2788,103,2891,4
2022-01-23,Monterey,053,433212,63054,61522,11327,72849,654
2022-01-23,Napa,055,140530,21774,21281,401,21682,111
2022-01-23,Nevada,057,99092,14091,13629,728,14357,112
2022-01-23,Orange,059,3164182,505089,498968,29562,528530,5970
2022-01-23,Placer,061,380077,55750,54568,5816,60384,518
2022-01-23,Plumas,063,18699,2376,2368,160,2528,12
2022-01-23,Riverside,065,2383286,542098,532273,21557,553830,5661
2022-01-23,Sacramento,067,1510023,245733,239589,17569,257158,2530
2022-01-23,San Benito,069,59416,11500,11225,410,11635,88
2022-01-23,San Bernardino,071,2135413,520342,512657,18626,531283,6281
2022-01-23,San Diego,073,3302833,672057,640215,38664,678879,4566
2022-01-23,San Francisco,075,870044,106508,104485,9619,114104,704
2022-01-23,San Joaquin,077,732212,148412,144621,8460,153081,1959
2022-01-23,San Luis Obispo,079,281455,45533,44183,2902,47085,386
2022-01-23,San Mateo,081,765935,98553,95940,10288,106228,586
2022-01-23,Santa Barbara,083,443738,75302,73041,3167,76208,590
2022-01-23,Santa Clara,085,1922200,269077,261991,8789,270780,2005
2022-01-23,Santa Cruz,087,273765,38079,36547,1852,38399,237
2022-01-23,Shasta,089,179085,27135,26732,4671,31403,452
2022-01-23,Sierra,091,2930,260,252,28,280,0
2022-01-23,Siskiyou,093,43540,3956,3916,1956,5872,64
2022-01-23,Solano,095,438530,68914,67457,3445,70902,400
2022-01-23,Sonoma,097,501317,72275,69791,1529,71320,423
2022-01-23,Stanislaus,099,539301,106332,104067,11985,116052,1395
2022-01-23,Sutter,101,95872,18516,18175,856,19031,200
2022-01-23,Tehama,103,63373,10718,10481,2057,12538,145
2022-01-23,Trinity,105,12862,1007,961,242,1203,19
2022-01-23,Tulare,107,460477,91350,89120,21890,111010,1219
2022-01-23,Tuolumne,109,53932,10576,10243,248,10491,91
2022-01-23,Ventura,111,848112,158566,155052,6912,161964,1261
2022-01-23,Yolo,113,214977,31793,30908,2321,33229,273
2022-01-23,Yuba,115,75493,14063,13762,762,14524,103
2022-01-22,Alameda,001,1643700,220923,203927,11008,214935,1575
2022-01-22,Alpine,003,1148,122,119,0,119,0
2022-01-22,Amador,005,37829,7398,6845,219,7064,73
2022-01-22,Butte,007,227075,28990,27232,5249,32481,350
2022-01-22,Calaveras,009,45235,6344,5835,171,6006,95
2022-01-22,Colusa,011,21464,3073,2954,886,3840,21
2022-01-22,Contra Costa,013,1133247,164469,154111,8696,162807,1091
2022-01-22,Del Norte,015,27424,4520,4269,99,4368,43
2022-01-22,El Dorado,017,186661,23690,22273,2572,24845,179
2022-01-22,Fresno,019,978130,198390,185292,15787,201079,2429
2022-01-22,Glenn,021,27897,4452,4174,1296,5470,39
2022-01-22,Humboldt,023,135768,14644,13628,1843,15471,125
2022-01-22,Imperial,025,180216,48999,45741,6316,52057,820
2022-01-22,Inyo,027,18085,3856,3706,174,3880,50
2022-01-22,Kern,029,883053,172296,162902,30273,193175,1946
2022-01-22,Kings,031,150075,44149,40580,2610,43190,396
2022-01-22,Lake,033,64148,8600,8056,583,8639,118
2022-01-22,Lassen,035,31185,7861,7545,623,8168,55
2022-01-22,Los Angeles,037,10098052,2440116,2286280,96558,2382838,28038
2022-01-22,Madera,039,155013,32036,29595,3435,33030,329
2022-01-22,Marin,041,260295,29604,27893,2592,30485,253
2022-01-22,Mariposa,043,17540,2093,1920,101,2021,6
2022-01-22,Mendocino,045,87422,11343,10395,1547,11942,103
2022-01-22,Merced,047,269075,55749,53025,4122,57147,727
2022-01-22,Modoc,049,8938,651,639,223,862,6
2022-01-22,Mono,051,14174,2848,2723,103,2826,4
2022-01-22,Monterey,053,433212,62951,59038,11327,70365,651
2022-01-22,Napa,055,140530,21705,20402,401,20803,111
2022-01-22,Nevada,057,99092,14068,12957,728,13685,112
2022-01-22,Orange,059,3164182,503834,480329,29562,509891,5946
2022-01-22,Placer,061,380077,55607,52557,5816,58373,512
2022-01-22,Plumas,063,18699,2372,2289,160,2449,12
2022-01-22,Riverside,065,2383286,540724,513567,21557,535124,5623
2022-01-22,Sacramento,067,1510023,245063,230206,17569,247775,2510
2022-01-22,San Benito,069,59416,11450,10743,410,11153,88
2022-01-22,San Bernardino,071,2135413,519552,495209,18626,513835,6267
2022-01-22,San Diego,073,3302833,670040,628904,38664,667568,4559
2022-01-22,San Francisco,075,870044,106135,100238,9619,109857,702
2022-01-22,San Joaquin,077,732212,148207,138264,8460,146724,1960
2022-01-22,San Luis Obispo,079,281455,45470,42154,2902,45056,385
2022-01-22,San Mateo,081,765935,98109,91440,10288,101728,585
2022-01-22,Santa Barbara,083,443738,74983,69555,3167,72722,589
2022-01-22,Santa Clara,085,1922200,267837,249205,8789,257994,1993
2022-01-22,Santa Cruz,087,273765,37981,33741,1852,35593,237
2022-01-22,Shasta,089,179085,27107,25919,4671,30590,450
2022-01-22,Sierra,091,2930,260,248,28,276,0
2022-01-22,Siskiyou,093,43540,3950,3845,1956,5801,62
2022-01-22,Solano,095,438530,68765,63882,3445,67327,391
2022-01-22,Sonoma,097,501317,71961,66013,1529,67542,422
2022-01-22,Stanislaus,099,539301,106107,100092,11985,112077,1393
2022-01-22,Sutter,101,95872,18463,17616,856,18472,199
2022-01-22,Tehama,103,63373,10704,10171,2057,12228,142
2022-01-22,Trinity,105,12862,1007,925,242,1167,19
2022-01-22,Tulare,107,460477,91153,85223,21890,107113,1211
2022-01-22,Tuolumne,109,53932,10550,9731,248,9979,91
2022-01-22,Ventura,111,848112,158092,148742,6912,155654,1250
2022-01-22,Yolo,113,214977,31673,30061,2321,32382,273
2022-01-22,Yuba,115,75493,14005,13288,762,14050,103
2022-01-21,Alameda,001,1643700,219636,203927,11008,214935,1575
2022-01-21,Alpine,003,1148,122,119,0,119,0
2022-01-21,Amador,005,37829,7340,6845,219,7064,73
2022-01-21,Butte,007,227075,28886,27232,5249,32481,350
2022-01-21,Calaveras,009,45235,6334,5835,171,6006,95
2022-01-21,Colusa,011,21464,3068,2954,886,3840,21
2022-01-21,Contra Costa,013,1133247,163590,154111,8696,162807,1091
2022-01-21,Del Norte,015,27424,4488,4269,99,4368,43
2022-01-21,El Dorado,017,186661,23640,22273,2572,24845,179
2022-01-21,Fresno,019,978130,197388,185292,15787,201079,2429
2022-01-21,Glenn,021,27897,4434,4174,1296,5470,39
2022-01-21,Humboldt,023,135768,14602,13628,1843,15471,125
2022-01-21,Imperial,025,180216,48814,45741,6316,52057,820
2022-01-21,Inyo,027,18085,3850,3706,174,3880,50
2022-01-21,Kern,029,883053,171789,162902,30273,193175,1946
2022-01-21,Kings,031,150075,44002,40580,2610,43190,396
2022-01-21,Lake,033,64148,8572,8056,583,8639,118
2022-01-21,Lassen,035,31185,7824,7545,623,8168,55
2022-01-21,Los Angeles,037,10098052,2431341,2286280,96558,2382838,28038
2022-01-21,Madera,039,155013,31807,29595,3435,33030,329
2022-01-21,Marin,041,260295,29443,27893,2592,30485,253
2022-01-21,Mariposa,043,17540,2081,1920,101,2021,6
2022-01-21,Mendocino,045,87422,11281,10395,1547,11942,103
2022-01-21,Merced,047,269075,55630,53025,4122,57147,727
2022-01-21,Modoc,049,8938,651,639,223,862,6
2022-01-21,Mono,051,14174,2832,2723,103,2826,4
2022-01-21,Monterey,053,433212,62563,59038,11327,70365,651
2022-01-21,Napa,055,140530,21629,20402,401,20803,111
2022-01-21,Nevada,057,99092,13994,12957,728,13685,112
2022-01-21,Orange,059,3164182,501778,480329,29562,509891,5946
2022-01-21,Placer,061,380077,55316,52557,5816,58373,512
2022-01-21,Plumas,063,18699,2370,2289,160,2449,12
2022-01-21,Riverside,065,2383286,538402,513567,21557,535124,5623
2022-01-21,Sacramento,067,1510023,243862,230206,17569,247775,2510
2022-01-21,San Benito,069,59416,11420,10743,410,11153,88
2022-01-21,San Bernardino,071,2135413,518009,495209,18626,513835,6267
2022-01-21,San Diego,073,3302833,666262,628904,38664,667568,4559
2022-01-21,San Francisco,075,870044,105587,100238,9619,109857,702
2022-01-21,San Joaquin,077,732212,147901,138264,8460,146724,1960
2022-01-21,San Luis Obispo,079,281455,45397,42154,2902,45056,385
2022-01-21,San Mateo,081,765935,97639,91440,10288,101728,585
2022-01-21,Santa Barbara,083,443738,74556,69555,3167,72722,589
2022-01-21,Santa Clara,085,1922200,266326,249205,8789,257994,1993
2022-01-21,Santa Cruz,087,273765,37320,33741,1852,35593,237
2022-01-21,Shasta,089,179085,27072,25919,4671,30590,450
2022-01-21,Sierra,091,2930,259,248,28,276,0
2022-01-21,Siskiyou,093,43540,3946,3845,1956,5801,62
2022-01-21,Solano,095,438530,68409,63882,3445,67327,391
2022-01-21,Sonoma,097,501317,71508,66013,1529,67542,422
2022-01-21,Stanislaus,099,539301,105770,100092,11985,112077,1393
2022-01-21,Sutter,101,95872,18395,17616,856,18472,199
2022-01-21,Tehama,103,63373,10681,10171,2057,12228,142
2022-01-21,Trinity,105,12862,1007,925,242,1167,19
2022-01-21,Tulare,107,460477,90840,85223,21890,107113,1211
2022-01-21,Tuolumne,109,53932,10491,9731,248,9979,91
2022-01-21,Ventura,111,848112,157360,148742,6912,155654,1250
2022-01-21,Yolo,113,214977,31547,30061,2321,32382,273
2022-01-21,Yuba,115,75493,13948,13288,762,14050,103
2022-01-20,Alameda,001,1643700,216844,203927,11008,214935,1575
2022-01-20,Alpine,003,1148,122,119,0,119,0
2022-01-20,Amador,005,37829,7294,6845,219,7064,73
2022-01-20,Butte,007,227075,28662,27232,5249,32481,350
2022-01-20,Calaveras,009,45235,6231,5835,171,6006,95
2022-01-20,Colusa,011,21464,3041,2954,886,3840,21
2022-01-20,Contra Costa,013,1133247,161779,154111,8696,162807,1091
2022-01-20,Del Norte,015,27424,4454,4269,99,4368,43
2022-01-20,El Dorado,017,186661,23466,22273,2572,24845,179
2022-01-20,Fresno,019,978130,195041,185292,15787,201079,2429
2022-01-20,Glenn,021,27897,4403,4174,1296,5470,39
2022-01-20,Humboldt,023,135768,14491,13628,1843,15471,125
2022-01-20,Imperial,025,180216,48266,45741,6316,52057,820
2022-01-20,Inyo,027,18085,3840,3706,174,3880,50
2022-01-20,Kern,029,883053,170483,162902,30273,193175,1946
2022-01-20,Kings,031,150075,43539,40580,2610,43190,396
2022-01-20,Lake,033,64148,8489,8056,583,8639,118
2022-01-20,Lassen,035,31185,7790,7545,623,8168,55
2022-01-20,Los Angeles,037,10098052,2410329,2286280,96558,2382838,28038
2022-01-20,Madera,039,155013,31485,29595,3435,33030,329
2022-01-20,Marin,041,260295,29171,27893,2592,30485,253
2022-01-20,Mariposa,043,17540,2056,1920,101,2021,6
2022-01-20,Mendocino,045,87422,11205,10395,1547,11942,103
2022-01-20,Merced,047,269075,55225,53025,4122,57147,727
2022-01-20,Modoc,049,8938,649,639,223,862,6
2022-01-20,Mono,051,14174,2823,2723,103,2826,4
2022-01-20,Monterey,053,433212,61976,59038,11327,70365,651
2022-01-20,Napa,055,140530,21386,20402,401,20803,111
2022-01-20,Nevada,057,99092,13853,12957,728,13685,112
2022-01-20,Orange,059,3164182,497855,480329,29562,509891,5946
2022-01-20,Placer,061,380077,54945,52557,5816,58373,512
2022-01-20,Plumas,063,18699,2355,2289,160,2449,12
2022-01-20,Riverside,065,2383286,534195,513567,21557,535124,5623
2022-01-20,Sacramento,067,1510023,241831,230206,17569,247775,2510
2022-01-20,San Benito,069,59416,11314,10743,410,11153,88
2022-01-20,San Bernardino,071,2135413,514567,495209,18626,513835,6267
2022-01-20,San Diego,073,3302833,659931,628904,38664,667568,4559
2022-01-20,San Francisco,075,870044,104568,100238,9619,109857,702
2022-01-20,San Joaquin,077,732212,146864,138264,8460,146724,1960
2022-01-20,San Luis Obispo,079,281455,44938,42154,2902,45056,385
2022-01-20,San Mateo,081,765935,96697,91440,10288,101728,585
2022-01-20,Santa Barbara,083,443738,73729,69555,3167,72722,589
2022-01-20,Santa Clara,085,1922200,263436,249205,8789,257994,1993
2022-01-20,Santa Cruz,087,273765,36477,33741,1852,35593,237
2022-01-20,Shasta,089,179085,26889,25919,4671,30590,450
2022-01-20,Sierra,091,2930,259,248,28,276,0
2022-01-20,Siskiyou,093,43540,3938,3845,1956,5801,62
2022-01-20,Solano,095,438530,67781,63882,3445,67327,391
2022-01-20,Sonoma,097,501317,70540,66013,1529,67542,422
2022-01-20,Stanislaus,099,539301,104979,100092,11985,112077,1393
2022-01-20,Sutter,101,95872,18230,17616,856,18472,199
2022-01-20,Tehama,103,63373,10609,10171,2057,12228,142
2022-01-20,Trinity,105,12862,1005,925,242,1167,19
2022-01-20,Tulare,107,460477,89957,85223,21890,107113,1211
2022-01-20,Tuolumne,109,53932,10383,9731,248,9979,91
2022-01-20,Ventura,111,848112,156049,148742,6912,155654,1250
2022-01-20,Yolo,113,214977,31302,30061,2321,32382,273
2022-01-20,Yuba,115,75493,13858,13288,762,14050,103
2022-01-19,Alameda,001,1643700,213582,199739,11008,210747,1571
2022-01-19,Alpine,003,1148,121,119,0,119,0
2022-01-19,Amador,005,37829,7225,6789,219,7008,73
2022-01-19,Butte,007,227075,28376,26839,5249,32088,351
2022-01-19,Calaveras,009,45235,6144,5765,171,5936,95
2022-01-19,Colusa,011,21464,3017,2938,886,3824,21
2022-01-19,Contra Costa,013,1133247,159660,151543,8696,160239,1091
2022-01-19,Del Norte,015,27424,4408,4240,99,4339,43
2022-01-19,El Dorado,017,186661,23267,21953,2572,24525,177
2022-01-19,Fresno,019,978130,192330,181526,15787,197313,2430
2022-01-19,Glenn,021,27897,4354,4127,1296,5423,39
2022-01-19,Humboldt,023,135768,14335,13391,1843,15234,125
2022-01-19,Imperial,025,180216,47518,45156,6316,51472,820
2022-01-19,Inyo,027,18085,3820,3680,174,3854,49
2022-01-19,Kern,029,883053,168869,160747,30273,191020,1946
2022-01-19,Kings,031,150075,42899,40027,2610,42637,395
2022-01-19,Lake,033,64148,8395,7972,583,8555,118
2022-01-19,Lassen,035,31185,7731,7507,623,8130,55
2022-01-19,Los Angeles,037,10098052,2385488,2251718,96558,2348276,27934
2022-01-19,Madera,039,155013,31187,29021,3435,32456,329
2022-01-19,Marin,041,260295,28873,27375,2592,29967,251
2022-01-19,Mariposa,043,17540,2029,1896,101,1997,6
2022-01-19,Mendocino,045,87422,11035,10252,1547,11799,103
2022-01-19,Merced,047,269075,54683,52355,4122,56477,724
2022-01-19,Modoc,049,8938,646,635,223,858,6
2022-01-19,Mono,051,14174,2804,2677,103,2780,4
2022-01-19,Monterey,053,433212,61155,58426,11327,69753,651
2022-01-19,Napa,055,140530,21164,20090,401,20491,110
2022-01-19,Nevada,057,99092,13723,12703,728,13431,112
2022-01-19,Orange,059,3164182,493303,468460,29562,498022,5943
2022-01-19,Placer,061,380077,54446,51545,5816,57361,511
2022-01-19,Plumas,063,18699,2333,2239,160,2399,12
2022-01-19,Riverside,065,2383286,528861,503575,21557,525132,5604
2022-01-19,Sacramento,067,1510023,239072,226035,17569,243604,2512
2022-01-19,San Benito,069,59416,11176,10639,410,11049,88
2022-01-19,San Bernardino,071,2135413,510650,487846,18626,506472,6265
2022-01-19,San Diego,073,3302833,651904,614709,38664,653373,4553
2022-01-19,San Francisco,075,870044,103444,98652,9619,108271,694
2022-01-19,San Joaquin,077,732212,145074,135953,8460,144413,1959
2022-01-19,San Luis Obispo,079,281455,44365,41374,2902,44276,382
2022-01-19,San Mateo,081,765935,95499,89715,10288,100003,585
2022-01-19,Santa Barbara,083,443738,72753,68531,3167,71698,586
2022-01-19,Santa Clara,085,1922200,260013,244922,8789,253711,1991
2022-01-19,Santa Cruz,087,273765,35253,33026,1852,34878,237
2022-01-19,Shasta,089,179085,26659,25355,4671,30026,450
2022-01-19,Sierra,091,2930,259,245,28,273,0
2022-01-19,Siskiyou,093,43540,3918,3821,1956,5777,62
2022-01-19,Solano,095,438530,66998,63003,3445,66448,392
2022-01-19,Sonoma,097,501317,69479,64689,1529,66218,420
2022-01-19,Stanislaus,099,539301,104089,98952,11985,110937,1381
2022-01-19,Sutter,101,95872,18089,17436,856,18292,199
2022-01-19,Tehama,103,63373,10506,10064,2057,12121,142
2022-01-19,Trinity,105,12862,991,916,242,1158,19
2022-01-19,Tulare,107,460477,88870,83743,21890,105633,1200
2022-01-19,Tuolumne,109,53932,10249,9613,248,9861,91
2022-01-19,Ventura,111,848112,154634,144738,6912,151650,1234
2022-01-19,Yolo,113,214977,31018,29392,2321,31713,273
2022-01-19,Yuba,115,75493,13707,13114,762,13876,104
2022-01-18,Alameda,001,1643700,210359,195728,11008,206736,1566
2022-01-18,Alpine,003,1148,121,118,0,118,0
2022-01-18,Amador,005,37829,7096,6691,219,6910,73
2022-01-18,Butte,007,227075,28026,26514,5249,31763,347
2022-01-18,Calaveras,009,45235,6068,5684,171,5855,94
2022-01-18,Colusa,011,21464,2985,2903,886,3789,21
2022-01-18,Contra Costa,013,1133247,157821,149446,8696,158142,1085
2022-01-18,Del Norte,015,27424,4343,4229,99,4328,43
2022-01-18,El Dorado,017,186661,22933,21707,2572,24279,175
2022-01-18,Fresno,019,978130,189147,178922,15787,194709,2425
2022-01-18,Glenn,021,27897,4322,4070,1296,5366,39
2022-01-18,Humboldt,023,135768,14178,13218,1843,15061,125
2022-01-18,Imperial,025,180216,46844,44742,6316,51058,819
2022-01-18,Inyo,027,18085,3778,3654,174,3828,49
2022-01-18,Kern,029,883053,167045,158864,30273,189137,1943
2022-01-18,Kings,031,150075,42082,39440,2610,42050,392
2022-01-18,Lake,033,64148,8318,7919,583,8502,117
2022-01-18,Lassen,035,31185,7646,7461,623,8084,55
2022-01-18,Los Angeles,037,10098052,2356104,2227360,96558,2323918,27871
2022-01-18,Madera,039,155013,30723,28717,3435,32152,329
2022-01-18,Marin,041,260295,28612,27036,2592,29628,251
2022-01-18,Mariposa,043,17540,2007,1872,101,1973,6
2022-01-18,Mendocino,045,87422,10872,10114,1547,11661,103
2022-01-18,Merced,047,269075,54095,51746,4122,55868,718
2022-01-18,Modoc,049,8938,644,633,223,856,6
2022-01-18,Mono,051,14174,2780,2643,103,2746,4
2022-01-18,Monterey,053,433212,60509,57846,11327,69173,650
2022-01-18,Napa,055,140530,20859,19911,401,20312,109
2022-01-18,Nevada,057,99092,13535,12584,728,13312,111
2022-01-18,Orange,059,3164182,488141,461324,29562,490886,5938
2022-01-18,Placer,061,380077,53819,50983,5816,56799,508
2022-01-18,Plumas,063,18699,2306,2218,160,2378,12
2022-01-18,Riverside,065,2383286,522994,497278,21557,518835,5599
2022-01-18,Sacramento,067,1510023,236149,223745,17569,241314,2496
2022-01-18,San Benito,069,59416,11036,10520,410,10930,88
2022-01-18,San Bernardino,071,2135413,505932,483753,18626,502379,6258
2022-01-18,San Diego,073,3302833,642287,605137,38664,643801,4547
2022-01-18,San Francisco,075,870044,102193,96505,9619,106124,694
2022-01-18,San Joaquin,077,732212,143307,134365,8460,142825,1957
2022-01-18,San Luis Obispo,079,281455,43711,40848,2902,43750,381
2022-01-18,San Mateo,081,765935,94236,88225,10288,98513,585
2022-01-18,Santa Barbara,083,443738,71540,67216,3167,70383,581
2022-01-18,Santa Clara,085,1922200,256126,240281,8789,249070,1986
2022-01-18,Santa Cruz,087,273765,34663,32203,1852,34055,237
2022-01-18,Shasta,089,179085,26403,25162,4671,29833,448
2022-01-18,Sierra,091,2930,255,244,28,272,0
2022-01-18,Siskiyou,093,43540,3886,3799,1956,5755,62
2022-01-18,Solano,095,438530,66202,62204,3445,65649,391
2022-01-18,Sonoma,097,501317,68221,63714,1529,65243,419
2022-01-18,Stanislaus,099,539301,102998,98000,11985,109985,1379
2022-01-18,Sutter,101,95872,17906,17295,856,18151,198
2022-01-18,Tehama,103,63373,10409,9975,2057,12032,142
2022-01-18,Trinity,105,12862,980,907,242,1149,19
2022-01-18,Tulare,107,460477,87558,82667,21890,104557,1196
2022-01-18,Tuolumne,109,53932,10112,9528,248,9776,91
2022-01-18,Ventura,111,848112,153038,143384,6912,150296,1233
2022-01-18,Yolo,113,214977,30688,28786,2321,31107,270
2022-01-18,Yuba,115,75493,13560,12971,762,13733,101
2022-01-17,Alameda,001,1643700,205748,193276,11008,204284,1565
2022-01-17,Alpine,003,1148,120,118,0,118,0
2022-01-17,Amador,005,37829,6997,6640,219,6859,73
2022-01-17,Butte,007,227075,27690,26303,5248,31551,348
2022-01-17,Calaveras,009,45235,5915,5584,170,5754,94
2022-01-17,Colusa,011,21464,2961,2905,886,3791,21
2022-01-17,Contra Costa,013,1133247,155182,147993,8696,156689,1086
2022-01-17,Del Norte,015,27424,4294,4209,99,4308,43
2022-01-17,El Dorado,017,186661,22733,21540,2562,24102,175
2022-01-17,Fresno,019,978130,185854,176959,15787,192746,2426
2022-01-17,Glenn,021,27897,4265,4055,1294,5349,39
2022-01-17,Humboldt,023,135768,13978,13120,1843,14963,125
2022-01-17,Imperial,025,180216,46196,44412,6316,50728,821
2022-01-17,Inyo,027,18085,3755,3650,174,3824,49
2022-01-17,Kern,029,883053,164726,157645,30269,187914,1944
2022-01-17,Kings,031,150075,40970,39143,2610,41753,392
2022-01-17,Lake,033,64148,8210,7864,582,8446,117
2022-01-17,Lassen,035,31185,7551,7417,615,8032,55
2022-01-17,Los Angeles,037,10098052,2321692,2205740,96494,2302234,27832
2022-01-17,Madera,039,155013,30160,28568,3435,32003,329
2022-01-17,Marin,041,260295,28218,26633,2592,29225,251
2022-01-17,Mariposa,043,17540,1986,1862,101,1963,6
2022-01-17,Mendocino,045,87422,10663,10030,1547,11577,103
2022-01-17,Merced,047,269075,53436,51227,4119,55346,718
2022-01-17,Modoc,049,8938,643,630,223,853,6
2022-01-17,Mono,051,14174,2754,2642,103,2745,4
2022-01-17,Monterey,053,433212,59535,57318,11318,68636,647
2022-01-17,Napa,055,140530,20549,19647,398,20045,109
2022-01-17,Nevada,057,99092,13363,12414,728,13142,111
2022-01-17,Orange,059,3164182,482367,457418,29562,486980,5933
2022-01-17,Placer,061,380077,53056,50511,5815,56326,508
2022-01-17,Plumas,063,18699,2284,2205,160,2365,12
2022-01-17,Riverside,065,2383286,516502,491322,21557,512879,5600
2022-01-17,Sacramento,067,1510023,232251,221143,17569,238712,2497
2022-01-17,San Benito,069,59416,10870,10432,410,10842,88
2022-01-17,San Bernardino,071,2135413,500259,480243,18605,498848,6259
2022-01-17,San Diego,073,3302833,631060,569241,38535,607776,4545
2022-01-17,San Francisco,075,870044,100469,95292,9619,104911,694
2022-01-17,San Joaquin,077,732212,140607,133414,8460,141874,1958
2022-01-17,San Luis Obispo,079,281455,42936,40425,2899,43324,379
2022-01-17,San Mateo,081,765935,92554,87013,10288,97301,585
2022-01-17,Santa Barbara,083,443738,70230,66704,3167,69871,581
2022-01-17,Santa Clara,085,1922200,251931,237934,8789,246723,1985
2022-01-17,Santa Cruz,087,273765,33864,31714,1852,33566,237
2022-01-17,Shasta,089,179085,26137,25025,4661,29686,448
2022-01-17,Sierra,091,2930,252,242,28,270,0
2022-01-17,Siskiyou,093,43540,3847,3764,1956,5720,62
2022-01-17,Solano,095,438530,65184,61497,3445,64942,391
2022-01-17,Sonoma,097,501317,66759,62763,1529,64292,419
2022-01-17,Stanislaus,099,539301,101767,96951,11985,108936,1379
2022-01-17,Sutter,101,95872,17722,17159,854,18013,198
2022-01-17,Tehama,103,63373,10277,9912,2045,11957,142
2022-01-17,Trinity,105,12862,969,906,242,1148,19
2022-01-17,Tulare,107,460477,86003,81741,21869,103610,1199
2022-01-17,Tuolumne,109,53932,9996,9416,248,9664,91
2022-01-17,Ventura,111,848112,151038,142070,6912,148982,1234
2022-01-17,Yolo,113,214977,30242,28638,2320,30958,270
2022-01-17,Yuba,115,75493,13376,12871,739,13610,101
2022-01-16,Alameda,001,1643700,202849,190691,10809,201500,1564
2022-01-16,Alpine,003,1148,120,118,0,118,0
2022-01-16,Amador,005,37829,6927,6618,217,6835,73
2022-01-16,Butte,007,227075,27406,26139,5216,31355,348
2022-01-16,Calaveras,009,45235,5822,5537,168,5705,94
2022-01-16,Colusa,011,21464,2946,2886,886,3772,21
2022-01-16,Contra Costa,013,1133247,153371,146307,8654,154961,1086
2022-01-16,Del Norte,015,27424,4253,4177,95,4272,43
2022-01-16,El Dorado,017,186661,22516,21303,2544,23847,175
2022-01-16,Fresno,019,978130,183324,174818,15649,190467,2425
2022-01-16,Glenn,021,27897,4212,4049,1285,5334,39
2022-01-16,Humboldt,023,135768,13845,13075,1839,14914,125
2022-01-16,Imperial,025,180216,45627,44035,6312,50347,821
2022-01-16,Inyo,027,18085,3723,3602,167,3769,49
2022-01-16,Kern,029,883053,163650,156655,30203,186858,1944
2022-01-16,Kings,031,150075,40648,38861,2599,41460,392
2022-01-16,Lake,033,64148,8126,7823,580,8403,117
2022-01-16,Lassen,035,31185,7513,7391,613,8004,55
2022-01-16,Los Angeles,037,10098052,2301578,2174403,96077,2270480,27805
2022-01-16,Madera,039,155013,29828,28313,3393,31706,329
2022-01-16,Marin,041,260295,27931,26292,2567,28859,251
2022-01-16,Mariposa,043,17540,1960,1851,93,1944,6
2022-01-16,Mendocino,045,87422,10524,9992,1485,11477,102
2022-01-16,Merced,047,269075,52848,50882,4102,54984,718
2022-01-16,Modoc,049,8938,640,629,223,852,6
2022-01-16,Mono,051,14174,2752,2614,100,2714,4
2022-01-16,Monterey,053,433212,58989,57012,11242,68254,647
2022-01-16,Napa,055,140530,20325,19521,395,19916,109
2022-01-16,Nevada,057,99092,13149,12307,720,13027,111
2022-01-16,Orange,059,3164182,477156,451962,29265,481227,5932
2022-01-16,Placer,061,380077,52300,50076,5759,55835,508
2022-01-16,Plumas,063,18699,2261,2204,144,2348,12
2022-01-16,Riverside,065,2383286,511155,485191,21446,506637,5600
2022-01-16,Sacramento,067,1510023,229435,218819,16962,235781,2491
2022-01-16,San Benito,069,59416,10714,10377,408,10785,88
2022-01-16,San Bernardino,071,2135413,496938,474425,18522,492947,6259
2022-01-16,San Diego,073,3302833,624327,569241,38272,607513,4545
2022-01-16,San Francisco,075,870044,98893,94139,9490,103629,694
2022-01-16,San Joaquin,077,732212,138941,132214,8314,140528,1958
2022-01-16,San Luis Obispo,079,281455,42341,40113,2883,42996,379
2022-01-16,San Mateo,081,765935,91431,85966,10249,96215,585
2022-01-16,Santa Barbara,083,443738,69268,66111,3134,69245,582
2022-01-16,Santa Clara,085,1922200,248435,234293,8717,243010,1984
2022-01-16,Santa Cruz,087,273765,33236,31469,1841,33310,237
2022-01-16,Shasta,089,179085,25926,24980,4640,29620,449
2022-01-16,Sierra,091,2930,249,238,28,266,0
2022-01-16,Siskiyou,093,43540,3823,3748,1942,5690,62
2022-01-16,Solano,095,438530,64484,60885,3429,64314,391
2022-01-16,Sonoma,097,501317,65766,61842,1527,63369,419
2022-01-16,Stanislaus,099,539301,100774,96370,11948,108318,1379
2022-01-16,Sutter,101,95872,17538,16996,846,17842,198
2022-01-16,Tehama,103,63373,10206,9868,2037,11905,142
2022-01-16,Trinity,105,12862,967,889,242,1131,19
2022-01-16,Tulare,107,460477,84777,80867,21660,102527,1199
2022-01-16,Tuolumne,109,53932,9907,9369,243,9612,91
2022-01-16,Ventura,111,848112,149542,140715,6851,147566,1234
2022-01-16,Yolo,113,214977,29909,28481,2306,30787,270
2022-01-16,Yuba,115,75493,13220,12760,739,13499,101
2022-01-15,Alameda,001,1643700,201599,177768,10750,188518,1561
2022-01-15,Alpine,003,1148,120,117,0,117,0
2022-01-15,Amador,005,37829,6901,6434,217,6651,72
2022-01-15,Butte,007,227075,27275,25032,5191,30223,348
2022-01-15,Calaveras,009,45235,5808,5258,168,5426,93
2022-01-15,Colusa,011,21464,2942,2796,886,3682,21
2022-01-15,Contra Costa,013,1133247,152227,137643,8614,146257,1082
2022-01-15,Del Norte,015,27424,4241,4065,92,4157,43
2022-01-15,El Dorado,017,186661,22431,20434,2529,22963,175
2022-01-15,Fresno,019,978130,182484,167361,15631,182992,2415
2022-01-15,Glenn,021,27897,4204,3906,1282,5188,39
2022-01-15,Humboldt,023,135768,13752,12419,1836,14255,123
2022-01-15,Imperial,025,180216,45500,42508,6306,48814,817
2022-01-15,Inyo,027,18085,3713,3395,166,3561,49
2022-01-15,Kern,029,883053,162932,150085,30139,180224,1938
2022-01-15,Kings,031,150075,40439,37221,2596,39817,391
2022-01-15,Lake,033,64148,8093,7641,577,8218,117
2022-01-15,Lassen,035,31185,7491,7274,611,7885,55
2022-01-15,Los Angeles,037,10098052,2291373,2047927,95541,2143468,27641
2022-01-15,Madera,039,155013,29706,27294,3382,30676,329
2022-01-15,Marin,041,260295,27749,25248,2554,27802,251
2022-01-15,Mariposa,043,17540,1955,1762,93,1855,6
2022-01-15,Mendocino,045,87422,10463,9534,1482,11016,102
2022-01-15,Merced,047,269075,52695,48904,4092,52996,715
2022-01-15,Modoc,049,8938,638,628,221,849,6
2022-01-15,Mono,051,14174,2748,2508,99,2607,4
2022-01-15,Monterey,053,433212,58692,55315,11203,66518,647
2022-01-15,Napa,055,140530,20245,17648,394,18042,109
2022-01-15,Nevada,057,99092,13103,11773,716,12489,111
2022-01-15,Orange,059,3164182,474697,433141,29044,462185,5914
2022-01-15,Placer,061,380077,52050,47780,5749,53529,501
2022-01-15,Plumas,063,18699,2248,2158,144,2302,12
2022-01-15,Riverside,065,2383286,508645,466381,21408,487789,5578
2022-01-15,Sacramento,067,1510023,228470,208156,16890,225046,2491
2022-01-15,San Benito,069,59416,10615,9868,402,10270,87
2022-01-15,San Bernardino,071,2135413,495009,454395,18460,472855,6233
2022-01-15,San Diego,073,3302833,621058,559385,38128,597513,4540
2022-01-15,San Francisco,075,870044,98114,88004,9333,97337,692
2022-01-15,San Joaquin,077,732212,138447,125136,8238,133374,1954
2022-01-15,San Luis Obispo,079,281455,42179,38231,2877,41108,374
2022-01-15,San Mateo,081,765935,90610,80494,10222,90716,582
2022-01-15,Santa Barbara,083,443738,68703,62312,3126,65438,579
2022-01-15,Santa Clara,085,1922200,246354,218986,8617,227603,1974
2022-01-15,Santa Cruz,087,273765,32917,29414,1837,31251,235
2022-01-15,Shasta,089,179085,25854,24482,4634,29116,445
2022-01-15,Sierra,091,2930,248,232,28,260,0
2022-01-15,Siskiyou,093,43540,3815,3661,1933,5594,62
2022-01-15,Solano,095,438530,64220,58061,3397,61458,389
2022-01-15,Sonoma,097,501317,65226,58181,1516,59697,418
2022-01-15,Stanislaus,099,539301,100251,92986,11928,104914,1379
2022-01-15,Sutter,101,95872,17459,16345,845,17190,197
2022-01-15,Tehama,103,63373,10170,9572,2032,11604,141
2022-01-15,Trinity,105,12862,966,872,242,1114,19
2022-01-15,Tulare,107,460477,84431,77769,21572,99341,1192
2022-01-15,Tuolumne,109,53932,9825,9042,242,9284,91
2022-01-15,Ventura,111,848112,148812,134736,6829,141565,1227
2022-01-15,Yolo,113,214977,29744,27311,2302,29613,270
2022-01-15,Yuba,115,75493,13163,12200,735,12935,101
2022-01-14,Alameda,001,1643700,199595,177768,10683,188451,1561
2022-01-14,Alpine,003,1148,120,117,0,117,0
2022-01-14,Amador,005,37829,6831,6434,217,6651,72
2022-01-14,Butte,007,227075,27110,25032,5177,30209,348
2022-01-14,Calaveras,009,45235,5778,5258,166,5424,93
2022-01-14,Colusa,011,21464,2933,2796,886,3682,21
2022-01-14,Contra Costa,013,1133247,150841,137643,8564,146207,1082
2022-01-14,Del Norte,015,27424,4223,4065,90,4155,43
2022-01-14,El Dorado,017,186661,22285,20434,2515,22949,175
2022-01-14,Fresno,019,978130,180937,167361,15598,182959,2415
2022-01-14,Glenn,021,27897,4182,3906,1273,5179,39
2022-01-14,Humboldt,023,135768,13654,12419,1828,14247,123
2022-01-14,Imperial,025,180216,45367,42508,6299,48807,817
2022-01-14,Inyo,027,18085,3688,3395,165,3560,49
2022-01-14,Kern,029,883053,162034,150085,30115,180200,1938
2022-01-14,Kings,031,150075,40226,37221,2593,39814,391
2022-01-14,Lake,033,64148,8054,7641,576,8217,117
2022-01-14,Lassen,035,31185,7476,7274,610,7884,55
2022-01-14,Los Angeles,037,10098052,2272887,2047927,95035,2142962,27641
2022-01-14,Madera,039,155013,29490,27294,3352,30646,329
2022-01-14,Marin,041,260295,27505,25248,2503,27751,251
2022-01-14,Mariposa,043,17540,1940,1762,93,1855,6
2022-01-14,Mendocino,045,87422,10359,9534,1462,10996,102
2022-01-14,Merced,047,269075,52524,48904,4078,52982,715
2022-01-14,Modoc,049,8938,637,628,220,848,6
2022-01-14,Mono,051,14174,2719,2508,96,2604,4
2022-01-14,Monterey,053,433212,58301,55315,11000,66315,647
2022-01-14,Napa,055,140530,20125,17648,390,18038,109
2022-01-14,Nevada,057,99092,12999,11773,714,12487,111
2022-01-14,Orange,059,3164182,471180,433141,28836,461977,5914
2022-01-14,Placer,061,380077,51632,47780,5734,53514,501
2022-01-14,Plumas,063,18699,2240,2158,141,2299,12
2022-01-14,Riverside,065,2383286,505282,466381,21357,487738,5578
2022-01-14,Sacramento,067,1510023,226660,208156,16687,224843,2491
2022-01-14,San Benito,069,59416,10568,9868,400,10268,87
2022-01-14,San Bernardino,071,2135413,492206,454395,18346,472741,6233
2022-01-14,San Diego,073,3302833,615710,559385,37950,597335,4540
2022-01-14,San Francisco,075,870044,97219,88004,9124,97128,692
2022-01-14,San Joaquin,077,732212,137652,125136,8170,133306,1954
2022-01-14,San Luis Obispo,079,281455,42030,38231,2869,41100,374
2022-01-14,San Mateo,081,765935,89730,80494,10140,90634,582
2022-01-14,Santa Barbara,083,443738,68216,62312,3121,65433,579
2022-01-14,Santa Clara,085,1922200,243881,218986,8536,227522,1974
2022-01-14,Santa Cruz,087,273765,32601,29414,1834,31248,235
2022-01-14,Shasta,089,179085,25744,24482,4621,29103,445
2022-01-14,Sierra,091,2930,246,232,28,260,0
2022-01-14,Siskiyou,093,43540,3802,3661,1924,5585,62
2022-01-14,Solano,095,438530,63760,58061,3343,61404,389
2022-01-14,Sonoma,097,501317,64721,58181,1499,59680,418
2022-01-14,Stanislaus,099,539301,99708,92986,11900,104886,1379
2022-01-14,Sutter,101,95872,17344,16345,845,17190,197
2022-01-14,Tehama,103,63373,10127,9572,2030,11602,141
2022-01-14,Trinity,105,12862,962,872,237,1109,19
2022-01-14,Tulare,107,460477,83975,77769,21446,99215,1192
2022-01-14,Tuolumne,109,53932,9721,9042,241,9283,91
2022-01-14,Ventura,111,848112,147755,134736,6796,141532,1227
2022-01-14,Yolo,113,214977,29529,27311,2297,29608,270
2022-01-14,Yuba,115,75493,13063,12200,734,12934,101
2022-01-13,Alameda,001,1643700,195386,177768,10222,187990,1561
2022-01-13,Alpine,003,1148,119,117,0,117,0
2022-01-13,Amador,005,37829,6774,6434,194,6628,72
2022-01-13,Butte,007,227075,26832,25032,5091,30123,348
2022-01-13,Calaveras,009,45235,5686,5258,149,5407,93
2022-01-13,Colusa,011,21464,2903,2796,880,3676,21
2022-01-13,Contra Costa,013,1133247,148397,137643,8402,146045,1082
2022-01-13,Del Norte,015,27424,4196,4065,89,4154,43
2022-01-13,El Dorado,017,186661,22058,20434,2474,22908,175
2022-01-13,Fresno,019,978130,178211,167361,15278,182639,2415
2022-01-13,Glenn,021,27897,4138,3906,1259,5165,39
2022-01-13,Humboldt,023,135768,13503,12419,1757,14176,123
2022-01-13,Imperial,025,180216,44843,42508,6223,48731,817
2022-01-13,Inyo,027,18085,3630,3395,143,3538,49
2022-01-13,Kern,029,883053,160589,150085,29977,180062,1938
2022-01-13,Kings,031,150075,39765,37221,2549,39770,391
2022-01-13,Lake,033,64148,7968,7641,567,8208,117
2022-01-13,Lassen,035,31185,7458,7274,596,7870,55
2022-01-13,Los Angeles,037,10098052,2237067,2047927,94011,2141938,27641
2022-01-13,Madera,039,155013,29034,27294,3274,30568,329
2022-01-13,Marin,041,260295,27162,25248,2456,27704,251
2022-01-13,Mariposa,043,17540,1918,1762,87,1849,6
2022-01-13,Mendocino,045,87422,10280,9534,1381,10915,102
2022-01-13,Merced,047,269075,51890,48904,3898,52802,715
2022-01-13,Modoc,049,8938,634,628,220,848,6
2022-01-13,Mono,051,14174,2689,2508,89,2597,4
2022-01-13,Monterey,053,433212,57612,55315,10686,66001,647
2022-01-13,Napa,055,140530,19857,17648,381,18029,109
2022-01-13,Nevada,057,99092,12798,11773,689,12462,111
2022-01-13,Orange,059,3164182,464918,433141,28473,461614,5914
2022-01-13,Placer,061,380077,50989,47780,5657,53437,501
2022-01-13,Plumas,063,18699,2221,2158,132,2290,12
2022-01-13,Riverside,065,2383286,499347,466381,21098,487479,5578
2022-01-13,Sacramento,067,1510023,223751,208156,15586,223742,2491
2022-01-13,San Benito,069,59416,10470,9868,392,10260,87
2022-01-13,San Bernardino,071,2135413,486964,454395,17865,472260,6233
2022-01-13,San Diego,073,3302833,607478,559385,37172,596557,4540
2022-01-13,San Francisco,075,870044,95690,88004,8783,96787,692
2022-01-13,San Joaquin,077,732212,135624,125136,7940,133076,1954
2022-01-13,San Luis Obispo,079,281455,41443,38231,2781,41012,374
2022-01-13,San Mateo,081,765935,88311,80494,9700,90194,582
2022-01-13,Santa Barbara,083,443738,67243,62312,3051,65363,579
2022-01-13,Santa Clara,085,1922200,239700,218986,8194,227180,1974
2022-01-13,Santa Cruz,087,273765,31898,29414,1829,31243,235
2022-01-13,Shasta,089,179085,25544,24482,4564,29046,445
2022-01-13,Sierra,091,2930,245,232,28,260,0
2022-01-13,Siskiyou,093,43540,3784,3661,1875,5536,62
2022-01-13,Solano,095,438530,62870,58061,3227,61288,389
2022-01-13,Sonoma,097,501317,63667,58181,1437,59618,418
2022-01-13,Stanislaus,099,539301,98583,92986,11738,104724,1379
2022-01-13,Sutter,101,95872,17155,16345,842,17187,197
2022-01-13,Tehama,103,63373,10037,9572,2008,11580,141
2022-01-13,Trinity,105,12862,954,872,233,1105,19
2022-01-13,Tulare,107,460477,82826,77769,21157,98926,1192
2022-01-13,Tuolumne,109,53932,9589,9042,219,9261,91
2022-01-13,Ventura,111,848112,146024,134736,6739,141475,1227
2022-01-13,Yolo,113,214977,29156,27311,2265,29576,270
2022-01-13,Yuba,115,75493,12928,12200,709,12909,101
2022-01-12,Alameda,001,1643700,190883,173001,9691,182692,1563
2022-01-12,Alpine,003,1148,119,117,0,117,0
2022-01-12,Amador,005,37829,6728,6354,182,6536,71
2022-01-12,Butte,007,227075,26520,24631,5020,29651,348
2022-01-12,Calaveras,009,45235,5602,5151,134,5285,93
2022-01-12,Colusa,011,21464,2868,2772,860,3632,21
2022-01-12,Contra Costa,013,1133247,145955,134579,7985,142564,1077
2022-01-12,Del Norte,015,27424,4170,4019,87,4106,43
2022-01-12,El Dorado,017,186661,21745,20092,2437,22529,175
2022-01-12,Fresno,019,978130,175522,165316,14970,180286,2413
2022-01-12,Glenn,021,27897,4088,3859,1236,5095,39
2022-01-12,Humboldt,023,135768,13336,12081,1667,13748,122
2022-01-12,Imperial,025,180216,44226,41985,6134,48119,814
2022-01-12,Inyo,027,18085,3584,3334,125,3459,49
2022-01-12,Kern,029,883053,158573,148435,29812,178247,1933
2022-01-12,Kings,031,150075,39179,36780,2504,39284,391
2022-01-12,Lake,033,64148,7871,7535,500,8035,117
2022-01-12,Lassen,035,31185,7418,7223,566,7789,55
2022-01-12,Los Angeles,037,10098052,2199163,2005065,92872,2097937,27601
2022-01-12,Madera,039,155013,28726,26952,3181,30133,329
2022-01-12,Marin,041,260295,26682,24704,2372,27076,251
2022-01-12,Mariposa,043,17540,1889,1725,84,1809,6
2022-01-12,Mendocino,045,87422,10122,9379,1269,10648,103
2022-01-12,Merced,047,269075,51205,48441,3681,52122,710
2022-01-12,Modoc,049,8938,632,627,220,847,6
2022-01-12,Mono,051,14174,2653,2466,85,2551,4
2022-01-12,Monterey,053,433212,56950,54524,10264,64788,647
2022-01-12,Napa,055,140530,19618,17347,362,17709,109
2022-01-12,Nevada,057,99092,12577,11552,648,12200,111
2022-01-12,Orange,059,3164182,458335,425737,28062,453799,5912
2022-01-12,Placer,061,380077,50359,47004,5548,52552,501
2022-01-12,Plumas,063,18699,2198,2135,121,2256,12
2022-01-12,Riverside,065,2383286,492467,458881,20764,479645,5565
2022-01-12,Sacramento,067,1510023,220280,204696,14597,219293,2479
2022-01-12,San Benito,069,59416,10343,9737,377,10114,87
2022-01-12,San Bernardino,071,2135413,481134,447869,17323,465192,6222
2022-01-12,San Diego,073,3302833,597207,551669,36470,588139,4529
2022-01-12,San Francisco,075,870044,93952,85700,8523,94223,691
2022-01-12,San Joaquin,077,732212,133380,122850,7752,130602,1948
2022-01-12,San Luis Obispo,079,281455,40725,37727,2689,40416,373
2022-01-12,San Mateo,081,765935,86635,78476,9185,87661,582
2022-01-12,Santa Barbara,083,443738,66060,60815,2985,63800,578
2022-01-12,Santa Clara,085,1922200,235252,213177,7759,220936,1971
2022-01-12,Santa Cruz,087,273765,31264,28463,1794,30257,235
2022-01-12,Shasta,089,179085,25341,24324,4494,28818,446
2022-01-12,Sierra,091,2930,244,228,27,255,0
2022-01-12,Siskiyou,093,43540,3757,3639,1817,5456,62
2022-01-12,Solano,095,438530,61841,57052,3113,60165,386
2022-01-12,Sonoma,097,501317,62390,56394,1368,57762,417
2022-01-12,Stanislaus,099,539301,97372,91738,11532,103270,1373
2022-01-12,Sutter,101,95872,16965,16135,818,16953,197
2022-01-12,Tehama,103,63373,9957,9475,1951,11426,141
2022-01-12,Trinity,105,12862,951,868,233,1101,19
2022-01-12,Tulare,107,460477,81871,76943,20767,97710,1192
2022-01-12,Tuolumne,109,53932,9473,8870,207,9077,91
2022-01-12,Ventura,111,848112,144177,132180,6669,138849,1220
2022-01-12,Yolo,113,214977,28781,26888,2205,29093,270
2022-01-12,Yuba,115,75493,12775,12015,669,12684,101
2022-01-11,Alameda,001,1643700,186536,169181,9248,178429,1561
2022-01-11,Alpine,003,1148,119,116,0,116,0
2022-01-11,Amador,005,37829,6646,6317,173,6490,71
2022-01-11,Butte,007,227075,26126,24479,4928,29407,347
2022-01-11,Calaveras,009,45235,5464,5083,120,5203,93
2022-01-11,Colusa,011,21464,2842,2766,839,3605,21
2022-01-11,Contra Costa,013,1133247,143055,132410,7453,139863,1077
2022-01-11,Del Norte,015,27424,4135,4006,85,4091,43
2022-01-11,El Dorado,017,186661,21441,19842,2370,22212,174
2022-01-11,Fresno,019,978130,172547,163509,14721,178230,2404
2022-01-11,Glenn,021,27897,4025,3844,1189,5033,39
2022-01-11,Humboldt,023,135768,13112,11960,1555,13515,122
2022-01-11,Imperial,025,180216,43638,41444,6052,47496,813
2022-01-11,Inyo,027,18085,3485,3278,118,3396,49
2022-01-11,Kern,029,883053,156472,146942,29610,176552,1929
2022-01-11,Kings,031,150075,38601,36524,2478,39002,389
2022-01-11,Lake,033,64148,7820,7494,471,7965,117
2022-01-11,Lassen,035,31185,7375,7210,552,7762,55
2022-01-11,Los Angeles,037,10098052,2158741,1966319,91323,2057642,27563
2022-01-11,Madera,039,155013,28313,26688,3097,29785,329
2022-01-11,Marin,041,260295,26343,24387,2299,26686,251
2022-01-11,Mariposa,043,17540,1868,1718,80,1798,6
2022-01-11,Mendocino,045,87422,9959,9301,1168,10469,102
2022-01-11,Merced,047,269075,50456,48068,3500,51568,708
2022-01-11,Modoc,049,8938,631,626,219,845,6
2022-01-11,Mono,051,14174,2600,2425,84,2509,4
2022-01-11,Monterey,053,433212,56194,53911,9866,63777,646
2022-01-11,Napa,055,140530,19336,17020,315,17335,109
2022-01-11,Nevada,057,99092,12336,11467,613,12080,110
2022-01-11,Orange,059,3164182,451010,417703,27605,445308,5909
2022-01-11,Placer,061,380077,49617,46459,5390,51849,500
2022-01-11,Plumas,063,18699,2177,2099,119,2218,12
2022-01-11,Riverside,065,2383286,485178,453766,20273,474039,5551
2022-01-11,Sacramento,067,1510023,216360,201058,13401,214459,2489
2022-01-11,San Benito,069,59416,10206,9624,363,9987,83
2022-01-11,San Bernardino,071,2135413,473922,442960,16753,459713,6198
2022-01-11,San Diego,073,3302833,585472,536954,35484,572438,4520
2022-01-11,San Francisco,075,870044,91987,83678,8102,91780,691
2022-01-11,San Joaquin,077,732212,131058,121139,7559,128698,1944
2022-01-11,San Luis Obispo,079,281455,39979,37183,2559,39742,372
2022-01-11,San Mateo,081,765935,84812,76756,8801,85557,582
2022-01-11,Santa Barbara,083,443738,64747,59758,2908,62666,578
2022-01-11,Santa Clara,085,1922200,229867,208425,7247,215672,1971
2022-01-11,Santa Cruz,087,273765,30802,27709,1748,29457,232
2022-01-11,Shasta,089,179085,25098,24132,4396,28528,446
2022-01-11,Sierra,091,2930,242,228,26,254,0
2022-01-11,Siskiyou,093,43540,3731,3621,1764,5385,62
2022-01-11,Solano,095,438530,60820,56349,2984,59333,388
2022-01-11,Sonoma,097,501317,60920,55411,1284,56695,416
2022-01-11,Stanislaus,099,539301,96049,90998,11282,102280,1372
2022-01-11,Sutter,101,95872,16772,15993,768,16761,197
2022-01-11,Tehama,103,63373,9830,9406,1908,11314,140
2022-01-11,Trinity,105,12862,939,858,233,1091,19
2022-01-11,Tulare,107,460477,80696,76267,20352,96619,1188
2022-01-11,Tuolumne,109,53932,9334,8811,200,9011,91
2022-01-11,Ventura,111,848112,142001,129548,6552,136100,1220
2022-01-11,Yolo,113,214977,28256,26482,2151,28633,270
2022-01-11,Yuba,115,75493,12606,11912,639,12551,101
2022-01-10,Alameda,001,1643700,181587,165657,8672,174329,1559
2022-01-10,Alpine,003,1148,119,116,0,116,0
2022-01-10,Amador,005,37829,6545,6279,157,6436,71
2022-01-10,Butte,007,227075,25770,24217,4824,29041,347
2022-01-10,Calaveras,009,45235,5363,5025,111,5136,93
2022-01-10,Colusa,011,21464,2814,2758,833,3591,21
2022-01-10,Contra Costa,013,1133247,140434,129951,6895,136846,1077
2022-01-10,Del Norte,015,27424,4113,3970,85,4055,43
2022-01-10,El Dorado,017,186661,20925,19606,2318,21924,172
2022-01-10,Fresno,019,978130,169580,161593,14458,176051,2404
2022-01-10,Glenn,021,27897,3965,3807,1175,4982,39
2022-01-10,Humboldt,023,135768,12863,11778,1426,13204,121
2022-01-10,Imperial,025,180216,42981,41080,5913,46993,811
2022-01-10,Inyo,027,18085,3431,3227,107,3334,49
2022-01-10,Kern,029,883053,154018,145744,29427,175171,1929
2022-01-10,Kings,031,150075,37972,36286,2436,38722,389
2022-01-10,Lake,033,64148,7749,7416,421,7837,117
2022-01-10,Lassen,035,31185,7339,7192,534,7726,55
2022-01-10,Los Angeles,037,10098052,2115340,1932475,89531,2022006,27546
2022-01-10,Madera,039,155013,27866,26501,3017,29518,328
2022-01-10,Marin,041,260295,25854,24023,2187,26210,251
2022-01-10,Mariposa,043,17540,1827,1684,75,1759,6
2022-01-10,Mendocino,045,87422,9786,9163,1075,10238,101
2022-01-10,Merced,047,269075,49705,47632,3181,50813,707
2022-01-10,Modoc,049,8938,629,622,217,839,6
2022-01-10,Mono,051,14174,2533,2415,81,2496,4
2022-01-10,Monterey,053,433212,55579,53485,9464,62949,645
2022-01-10,Napa,055,140530,19097,16775,308,17083,109
2022-01-10,Nevada,057,99092,12120,11300,575,11875,110
2022-01-10,Orange,059,3164182,442755,406170,27026,433196,5906
2022-01-10,Placer,061,380077,48810,45642,5250,50892,498
2022-01-10,Plumas,063,18699,2156,2086,118,2204,12
2022-01-10,Riverside,065,2383286,477162,445536,19958,465494,5546
2022-01-10,Sacramento,067,1510023,212132,198023,12320,210343,2474
2022-01-10,San Benito,069,59416,10041,9467,350,9817,83
2022-01-10,San Bernardino,071,2135413,466303,437207,16120,453327,6184
2022-01-10,San Diego,073,3302833,572998,530506,34372,564878,4500
2022-01-10,San Francisco,075,870044,90357,82209,7623,89832,690
2022-01-10,San Joaquin,077,732212,128408,119587,7355,126942,1927
2022-01-10,San Luis Obispo,079,281455,39198,36618,2455,39073,371
2022-01-10,San Mateo,081,765935,82815,75210,8278,83488,582
2022-01-10,Santa Barbara,083,443738,63487,58957,2729,61686,578
2022-01-10,Santa Clara,085,1922200,224094,203540,6712,210252,1971
2022-01-10,Santa Cruz,087,273765,29958,26906,1707,28613,232
2022-01-10,Shasta,089,179085,24902,23983,4326,28309,446
2022-01-10,Sierra,091,2930,239,223,26,249,0
2022-01-10,Siskiyou,093,43540,3697,3592,1720,5312,62
2022-01-10,Solano,095,438530,59799,55663,2808,58471,385
2022-01-10,Sonoma,097,501317,59373,54478,1218,55696,412
2022-01-10,Stanislaus,099,539301,94778,89997,11063,101060,1372
2022-01-10,Sutter,101,95872,16543,15823,707,16530,196
2022-01-10,Tehama,103,63373,9721,9360,1852,11212,140
2022-01-10,Trinity,105,12862,935,849,231,1080,19
2022-01-10,Tulare,107,460477,79350,75498,19935,95433,1186
2022-01-10,Tuolumne,109,53932,9222,8685,185,8870,91
2022-01-10,Ventura,111,848112,139446,126240,6424,132664,1217
2022-01-10,Yolo,113,214977,27724,26065,2097,28162,270
2022-01-10,Yuba,115,75493,12357,11776,599,12375,101
2022-01-09,Alameda,001,1643700,177269,162701,7853,170554,1561
2022-01-09,Alpine,003,1148,119,116,0,116,0
2022-01-09,Amador,005,37829,6460,6215,145,6360,71
2022-01-09,Butte,007,227075,25393,24018,4692,28710,347
2022-01-09,Calaveras,009,45235,5249,4976,102,5078,93
2022-01-09,Colusa,011,21464,2790,2750,813,3563,21
2022-01-09,Contra Costa,013,1133247,137700,128050,6128,134178,1077
2022-01-09,Del Norte,015,27424,4068,3950,79,4029,43
2022-01-09,El Dorado,017,186661,20605,19430,2256,21686,172
2022-01-09,Fresno,019,978130,167076,159989,14189,174178,2405
2022-01-09,Glenn,021,27897,3913,3797,1144,4941,39
2022-01-09,Humboldt,023,135768,12623,11582,1290,12872,121
2022-01-09,Imperial,025,180216,42217,40608,5738,46346,811
2022-01-09,Inyo,027,18085,3324,3149,101,3250,49
2022-01-09,Kern,029,883053,151675,144819,29152,173971,1927
2022-01-09,Kings,031,150075,37292,36041,2395,38436,389
2022-01-09,Lake,033,64148,7654,7393,352,7745,117
2022-01-09,Lassen,035,31185,7281,7172,501,7673,55
2022-01-09,Los Angeles,037,10098052,2070283,1887830,87167,1974997,27532
2022-01-09,Madera,039,155013,27489,26325,2904,29229,328
2022-01-09,Marin,041,260295,25372,23708,2045,25753,251
2022-01-09,Mariposa,043,17540,1778,1660,73,1733,6
2022-01-09,Mendocino,045,87422,9572,9097,958,10055,101
2022-01-09,Merced,047,269075,48978,47294,2902,50196,706
2022-01-09,Modoc,049,8938,627,619,217,836,6
2022-01-09,Mono,051,14174,2498,2390,72,2462,4
2022-01-09,Monterey,053,433212,54804,53251,9102,62353,645
2022-01-09,Napa,055,140530,18609,16614,295,16909,109
2022-01-09,Nevada,057,99092,11898,11152,508,11660,110
2022-01-09,Orange,059,3164182,433196,400563,26342,426905,5905
2022-01-09,Placer,061,380077,47854,45081,5097,50178,498
2022-01-09,Plumas,063,18699,2126,2081,94,2175,12
2022-01-09,Riverside,065,2383286,468435,440413,19468,459881,5546
2022-01-09,Sacramento,067,1510023,207727,195444,11125,206569,2475
2022-01-09,San Benito,069,59416,9863,9363,323,9686,83
2022-01-09,San Bernardino,071,2135413,458759,430257,15423,445680,6180
2022-01-09,San Diego,073,3302833,560289,478206,32281,510487,4500
2022-01-09,San Francisco,075,870044,88655,80463,7284,87747,690
2022-01-09,San Joaquin,077,732212,125375,118422,7109,125531,1927
2022-01-09,San Luis Obispo,079,281455,38409,36291,2314,38605,371
2022-01-09,San Mateo,081,765935,80890,73867,7724,81591,582
2022-01-09,Santa Barbara,083,443738,61831,58280,2466,60746,578
2022-01-09,Santa Clara,085,1922200,218022,199889,6108,205997,1976
2022-01-09,Santa Cruz,087,273765,29220,26513,1670,28183,232
2022-01-09,Shasta,089,179085,24679,23926,4223,28149,446
2022-01-09,Sierra,091,2930,237,223,25,248,0
2022-01-09,Siskiyou,093,43540,3671,3580,1650,5230,62
2022-01-09,Solano,095,438530,58671,54985,2548,57533,384
2022-01-09,Sonoma,097,501317,57739,53543,1152,54695,412
2022-01-09,Stanislaus,099,539301,93442,89248,10885,100133,1372
2022-01-09,Sutter,101,95872,16266,15695,627,16322,196
2022-01-09,Tehama,103,63373,9605,9306,1804,11110,140
2022-01-09,Trinity,105,12862,928,848,231,1079,19
2022-01-09,Tulare,107,460477,78042,75085,19553,94638,1186
2022-01-09,Tuolumne,109,53932,9070,8595,164,8759,91
2022-01-09,Ventura,111,848112,136430,124269,6250,130519,1217
2022-01-09,Yolo,113,214977,27147,25632,2044,27676,270
2022-01-09,Yuba,115,75493,12166,11666,562,12228,101
2022-01-08,Alameda,001,1643700,175447,148560,7625,156185,1558
2022-01-08,Alpine,003,1148,119,114,0,114,0
2022-01-08,Amador,005,37829,6426,6091,140,6231,71
2022-01-08,Butte,007,227075,25218,23429,4659,28088,347
2022-01-08,Calaveras,009,45235,5217,4823,100,4923,93
2022-01-08,Colusa,011,21464,2780,2713,810,3523,21
2022-01-08,Contra Costa,013,1133247,136244,119907,5993,125900,1077
2022-01-08,Del Norte,015,27424,4055,3902,78,3980,43
2022-01-08,El Dorado,017,186661,20437,18599,2224,20823,172
2022-01-08,Fresno,019,978130,166198,155394,14144,169538,2393
2022-01-08,Glenn,021,27897,3905,3732,1142,4874,39
2022-01-08,Humboldt,023,135768,12504,11149,1270,12419,121
2022-01-08,Imperial,025,180216,42051,39429,5662,45091,800
2022-01-08,Inyo,027,18085,3310,3020,98,3118,49
2022-01-08,Kern,029,883053,150596,140410,29023,169433,1921
2022-01-08,Kings,031,150075,37080,35275,2379,37654,390
2022-01-08,Lake,033,64148,7615,7209,343,7552,117
2022-01-08,Lassen,035,31185,7257,7127,487,7614,55
2022-01-08,Los Angeles,037,10098052,2053337,1765787,85982,1851769,27476
2022-01-08,Madera,039,155013,27329,25767,2869,28636,328
2022-01-08,Marin,041,260295,25110,22377,1999,24376,251
2022-01-08,Mariposa,043,17540,1768,1588,73,1661,6
2022-01-08,Mendocino,045,87422,9504,8792,953,9745,101
2022-01-08,Merced,047,269075,48854,46094,2888,48982,703
2022-01-08,Modoc,049,8938,627,610,217,827,6
2022-01-08,Mono,051,14174,2496,2240,68,2308,4
2022-01-08,Monterey,053,433212,54599,51721,8749,60470,644
2022-01-08,Napa,055,140530,18460,15819,281,16100,109
2022-01-08,Nevada,057,99092,11832,10765,497,11262,110
2022-01-08,Orange,059,3164182,429629,375124,25890,401014,5903
2022-01-08,Placer,061,380077,47480,43172,5062,48234,495
2022-01-08,Plumas,063,18699,2119,2053,90,2143,12
2022-01-08,Riverside,065,2383286,465065,422591,19271,441862,5535
2022-01-08,Sacramento,067,1510023,206516,185118,11015,196133,2470
2022-01-08,San Benito,069,59416,9700,9016,321,9337,83
2022-01-08,San Bernardino,071,2135413,455674,411724,15269,426993,6122
2022-01-08,San Diego,073,3302833,555545,472273,31913,504186,4495
2022-01-08,San Francisco,075,870044,87495,73660,6902,80562,690
2022-01-08,San Joaquin,077,732212,124423,112514,6985,119499,1916
2022-01-08,San Luis Obispo,079,281455,38223,34489,2217,36706,369
2022-01-08,San Mateo,081,765935,79755,67918,7599,75517,582
2022-01-08,Santa Barbara,083,443738,61172,54617,2443,57060,575
2022-01-08,Santa Clara,085,1922200,215045,183842,5864,189706,1966
2022-01-08,Santa Cruz,087,273765,28830,24678,1573,26251,230
2022-01-08,Shasta,089,179085,24598,23585,4203,27788,445
2022-01-08,Sierra,091,2930,233,215,25,240,0
2022-01-08,Siskiyou,093,43540,3661,3545,1638,5183,62
2022-01-08,Solano,095,438530,58286,52452,2483,54935,383
2022-01-08,Sonoma,097,501317,57259,50130,1073,51203,411
2022-01-08,Stanislaus,099,539301,92816,87049,10772,97821,1372
2022-01-08,Sutter,101,95872,16152,15261,616,15877,195
2022-01-08,Tehama,103,63373,9574,9109,1801,10910,140
2022-01-08,Trinity,105,12862,924,836,231,1067,19
2022-01-08,Tulare,107,460477,77676,73600,19366,92966,1185
2022-01-08,Tuolumne,109,53932,8980,8360,160,8520,91
2022-01-08,Ventura,111,848112,135312,117229,6188,123417,1216
2022-01-08,Yolo,113,214977,26875,24006,1988,25994,270
2022-01-08,Yuba,115,75493,12085,11277,560,11837,101
2022-01-07,Alameda,001,1643700,172864,148560,7404,155964,1558
2022-01-07,Alpine,003,1148,119,114,0,114,0
2022-01-07,Amador,005,37829,6379,6091,137,6228,71
2022-01-07,Butte,007,227075,25024,23429,4626,28055,347
2022-01-07,Calaveras,009,45235,5186,4823,100,4923,93
2022-01-07,Colusa,011,21464,2772,2713,802,3515,21
2022-01-07,Contra Costa,013,1133247,134443,119907,5789,125696,1077
2022-01-07,Del Norte,015,27424,4039,3902,77,3979,43
2022-01-07,El Dorado,017,186661,20290,18599,2215,20814,172
2022-01-07,Fresno,019,978130,164873,155394,14112,169506,2393
2022-01-07,Glenn,021,27897,3885,3732,1140,4872,39
2022-01-07,Humboldt,023,135768,12363,11149,1242,12391,121
2022-01-07,Imperial,025,180216,41914,39429,5583,45012,800
2022-01-07,Inyo,027,18085,3291,3020,97,3117,49
2022-01-07,Kern,029,883053,149683,140410,28864,169274,1921
2022-01-07,Kings,031,150075,36901,35275,2366,37641,390
2022-01-07,Lake,033,64148,7567,7209,324,7533,117
2022-01-07,Lassen,035,31185,7243,7127,485,7612,55
2022-01-07,Los Angeles,037,10098052,2023477,1765787,84888,1850675,27476
2022-01-07,Madera,039,155013,27156,25767,2843,28610,328
2022-01-07,Marin,041,260295,24743,22377,1963,24340,251
2022-01-07,Mariposa,043,17540,1752,1588,73,1661,6
2022-01-07,Mendocino,045,87422,9412,8792,951,9743,101
2022-01-07,Merced,047,269075,48727,46094,2864,48958,703
2022-01-07,Modoc,049,8938,626,610,217,827,6
2022-01-07,Mono,051,14174,2455,2240,61,2301,4
2022-01-07,Monterey,053,433212,54313,51721,8554,60275,644
2022-01-07,Napa,055,140530,18263,15819,275,16094,109
2022-01-07,Nevada,057,99092,11722,10765,483,11248,110
2022-01-07,Orange,059,3164182,425202,375124,25474,400598,5903
2022-01-07,Placer,061,380077,47036,43172,5015,48187,495
2022-01-07,Plumas,063,18699,2111,2053,88,2141,12
2022-01-07,Riverside,065,2383286,461370,422591,19150,441741,5535
2022-01-07,Sacramento,067,1510023,204560,185118,10875,195993,2470
2022-01-07,San Benito,069,59416,9656,9016,315,9331,83
2022-01-07,San Bernardino,071,2135413,452010,411724,15178,426902,6122
2022-01-07,San Diego,073,3302833,548462,472273,31449,503722,4495
2022-01-07,San Francisco,075,870044,86144,73660,6514,80174,690
2022-01-07,San Joaquin,077,732212,123496,112514,6904,119418,1916
2022-01-07,San Luis Obispo,079,281455,38015,34489,2143,36632,369
2022-01-07,San Mateo,081,765935,78588,67918,7369,75287,582
2022-01-07,Santa Barbara,083,443738,60495,54617,2424,57041,575
2022-01-07,Santa Clara,085,1922200,211831,183842,5745,189587,1966
2022-01-07,Santa Cruz,087,273765,28374,24678,1554,26232,230
2022-01-07,Shasta,089,179085,24509,23585,4167,27752,445
2022-01-07,Sierra,091,2930,230,215,25,240,0
2022-01-07,Siskiyou,093,43540,3653,3545,1633,5178,62
2022-01-07,Solano,095,438530,57752,52452,2454,54906,383
2022-01-07,Sonoma,097,501317,56669,50130,1025,51155,411
2022-01-07,Stanislaus,099,539301,92319,87049,10714,97763,1372
2022-01-07,Sutter,101,95872,16008,15261,607,15868,195
2022-01-07,Tehama,103,63373,9535,9109,1791,10900,140
2022-01-07,Trinity,105,12862,919,836,230,1066,19
2022-01-07,Tulare,107,460477,77294,73600,19207,92807,1185
2022-01-07,Tuolumne,109,53932,8903,8360,156,8516,91
2022-01-07,Ventura,111,848112,133766,117229,6131,123360,1216
2022-01-07,Yolo,113,214977,26524,24006,1958,25964,270
2022-01-07,Yuba,115,75493,11986,11277,557,11834,101
2022-01-06,Alameda,001,1643700,167634,148560,6858,155418,1558
2022-01-06,Alpine,003,1148,118,114,0,114,0
2022-01-06,Amador,005,37829,6333,6091,131,6222,71
2022-01-06,Butte,007,227075,24736,23429,4549,27978,347
2022-01-06,Calaveras,009,45235,5060,4823,97,4920,93
2022-01-06,Colusa,011,21464,2752,2713,793,3506,21
2022-01-06,Contra Costa,013,1133247,131688,119907,5316,125223,1077
2022-01-06,Del Norte,015,27424,4009,3902,75,3977,43
2022-01-06,El Dorado,017,186661,19977,18599,2171,20770,172
2022-01-06,Fresno,019,978130,162759,155394,13906,169300,2393
2022-01-06,Glenn,021,27897,3859,3732,1130,4862,39
2022-01-06,Humboldt,023,135768,12121,11149,1202,12351,121
2022-01-06,Imperial,025,180216,41353,39429,5452,44881,800
2022-01-06,Inyo,027,18085,3251,3020,96,3116,49
2022-01-06,Kern,029,883053,148129,140410,28606,169016,1921
2022-01-06,Kings,031,150075,36568,35275,2344,37619,390
2022-01-06,Lake,033,64148,7501,7209,310,7519,117
2022-01-06,Lassen,035,31185,7219,7127,476,7603,55
2022-01-06,Los Angeles,037,10098052,1970708,1765787,82890,1848677,27476
2022-01-06,Madera,039,155013,26853,25767,2773,28540,328
2022-01-06,Marin,041,260295,24360,22377,1876,24253,251
2022-01-06,Mariposa,043,17540,1733,1588,71,1659,6
2022-01-06,Mendocino,045,87422,9319,8792,907,9699,101
2022-01-06,Merced,047,269075,48186,46094,2731,48825,703
2022-01-06,Modoc,049,8938,625,610,217,827,6
2022-01-06,Mono,051,14174,2429,2240,56,2296,4
2022-01-06,Monterey,053,433212,53768,51721,7878,59599,644
2022-01-06,Napa,055,140530,17871,15819,264,16083,109
2022-01-06,Nevada,057,99092,11533,10765,467,11232,110
2022-01-06,Orange,059,3164182,416463,375124,24825,399949,5903
2022-01-06,Placer,061,380077,46361,43172,4919,48091,495
2022-01-06,Plumas,063,18699,2101,2053,80,2133,12
2022-01-06,Riverside,065,2383286,454074,422591,18816,441407,5535
2022-01-06,Sacramento,067,1510023,200894,185118,10089,195207,2470
2022-01-06,San Benito,069,59416,9556,9016,308,9324,83
2022-01-06,San Bernardino,071,2135413,445078,411724,14822,426546,6122
2022-01-06,San Diego,073,3302833,536913,472273,30399,502672,4495
2022-01-06,San Francisco,075,870044,83892,73660,6079,79739,690
2022-01-06,San Joaquin,077,732212,121352,112514,6773,119287,1916
2022-01-06,San Luis Obispo,079,281455,37319,34489,1980,36469,369
2022-01-06,San Mateo,081,765935,76564,67918,6880,74798,582
2022-01-06,Santa Barbara,083,443738,59335,54617,2359,56976,575
2022-01-06,Santa Clara,085,1922200,206932,183842,5294,189136,1966
2022-01-06,Santa Cruz,087,273765,27842,24678,1519,26197,230
2022-01-06,Shasta,089,179085,24365,23585,4120,27705,445
2022-01-06,Sierra,091,2930,226,215,25,240,0
2022-01-06,Siskiyou,093,43540,3638,3545,1587,5132,62
2022-01-06,Solano,095,438530,56762,52452,2314,54766,383
2022-01-06,Sonoma,097,501317,55304,50130,949,51079,411
2022-01-06,Stanislaus,099,539301,91183,87049,10524,97573,1372
2022-01-06,Sutter,101,95872,15837,15261,582,15843,195
2022-01-06,Tehama,103,63373,9462,9109,1764,10873,140
2022-01-06,Trinity,105,12862,913,836,228,1064,19
2022-01-06,Tulare,107,460477,76642,73600,19007,92607,1185
2022-01-06,Tuolumne,109,53932,8798,8360,150,8510,91
2022-01-06,Ventura,111,848112,131111,117229,5997,123226,1216
2022-01-06,Yolo,113,214977,26003,24006,1903,25909,270
2022-01-06,Yuba,115,75493,11851,11277,534,11811,101
2022-01-05,Alameda,001,1643700,162614,144824,6364,151188,1548
2022-01-05,Alpine,003,1148,118,112,0,112,0
2022-01-05,Amador,005,37829,6293,6012,129,6141,70
2022-01-05,Butte,007,227075,24424,23134,4494,27628,343
2022-01-05,Calaveras,009,45235,5012,4758,95,4853,90
2022-01-05,Colusa,011,21464,2740,2704,780,3484,21
2022-01-05,Contra Costa,013,1133247,128772,117188,4831,122019,1071
2022-01-05,Del Norte,015,27424,3988,3862,73,3935,43
2022-01-05,El Dorado,017,186661,19659,18367,2139,20506,171
2022-01-05,Fresno,019,978130,160744,153033,13702,166735,2377
2022-01-05,Glenn,021,27897,3810,3700,1121,4821,39
2022-01-05,Humboldt,023,135768,11914,10938,1147,12085,120
2022-01-05,Imperial,025,180216,40740,38789,5323,44112,800
2022-01-05,Inyo,027,18085,3162,2939,91,3030,49
2022-01-05,Kern,029,883053,146441,138186,28288,166474,1913
2022-01-05,Kings,031,150075,36250,34893,2321,37214,387
2022-01-05,Lake,033,64148,7416,7129,289,7418,117
2022-01-05,Lassen,035,31185,7201,7077,468,7545,55
2022-01-05,Los Angeles,037,10098052,1916802,1729640,80961,1810601,27443
2022-01-05,Madera,039,155013,26604,25392,2697,28089,327
2022-01-05,Marin,041,260295,24044,21829,1783,23612,251
2022-01-05,Mariposa,043,17540,1707,1564,70,1634,6
2022-01-05,Mendocino,045,87422,9196,8625,870,9495,101
2022-01-05,Merced,047,269075,47618,45721,2595,48316,700
2022-01-05,Modoc,049,8938,623,603,217,820,6
2022-01-05,Mono,051,14174,2402,2201,50,2251,4
2022-01-05,Monterey,053,433212,53112,51241,7494,58735,639
2022-01-05,Napa,055,140530,17509,15494,242,15736,108
2022-01-05,Nevada,057,99092,11347,10624,452,11076,110
2022-01-05,Orange,059,3164182,406941,366139,24072,390211,5869
2022-01-05,Placer,061,380077,45520,42456,4814,47270,492
2022-01-05,Plumas,063,18699,2085,2020,79,2099,12
2022-01-05,Riverside,065,2383286,446894,415253,18585,433838,5502
2022-01-05,Sacramento,067,1510023,196553,181488,9125,190613,2455
2022-01-05,San Benito,069,59416,9366,8829,295,9124,83
2022-01-05,San Bernardino,071,2135413,437171,405323,14391,419714,6085
2022-01-05,San Diego,073,3302833,523694,466602,29597,496199,4495
2022-01-05,San Francisco,075,870044,81382,71405,5782,77187,686
2022-01-05,San Joaquin,077,732212,118842,110497,6681,117178,1903
2022-01-05,San Luis Obispo,079,281455,36530,34066,1882,35948,369
2022-01-05,San Mateo,081,765935,74598,66018,6546,72564,578
2022-01-05,Santa Barbara,083,443738,58060,53082,2274,55356,570
2022-01-05,Santa Clara,085,1922200,201147,178629,4834,183463,1961
2022-01-05,Santa Cruz,087,273765,27087,24394,1484,25878,229
2022-01-05,Shasta,089,179085,24213,23361,4089,27450,441
2022-01-05,Sierra,091,2930,223,210,24,234,0
2022-01-05,Siskiyou,093,43540,3627,3513,1561,5074,60
2022-01-05,Solano,095,438530,55750,51505,2215,53720,380
2022-01-05,Sonoma,097,501317,54111,49120,897,50017,412
2022-01-05,Stanislaus,099,539301,90222,86248,10347,96595,1360
2022-01-05,Sutter,101,95872,15633,15117,543,15660,193
2022-01-05,Tehama,103,63373,9366,9011,1732,10743,140
2022-01-05,Trinity,105,12862,910,822,226,1048,19
2022-01-05,Tulare,107,460477,75925,72718,18822,91540,1173
2022-01-05,Tuolumne,109,53932,8707,8223,142,8365,90
2022-01-05,Ventura,111,848112,128406,114752,5836,120588,1211
2022-01-05,Yolo,113,214977,25431,23401,1859,25260,269
2022-01-05,Yuba,115,75493,11671,11138,507,11645,100
2022-01-04,Alameda,001,1643700,157189,143360,5947,149307,1532
2022-01-04,Alpine,003,1148,118,113,0,113,0
2022-01-04,Amador,005,37829,6227,6025,119,6144,71
2022-01-04,Butte,007,227075,24125,23094,4425,27519,346
2022-01-04,Calaveras,009,45235,4940,4767,89,4856,93
2022-01-04,Colusa,011,21464,2728,2689,775,3464,21
2022-01-04,Contra Costa,013,1133247,125790,116005,4421,120426,1075
2022-01-04,Del Norte,015,27424,3956,3882,71,3953,43
2022-01-04,El Dorado,017,186661,19350,18339,2115,20454,172
2022-01-04,Fresno,019,978130,158599,153244,13586,166830,2380
2022-01-04,Glenn,021,27897,3778,3705,1109,4814,39
2022-01-04,Humboldt,023,135768,11654,10865,1096,11961,120
2022-01-04,Imperial,025,180216,40173,38596,5152,43748,800
2022-01-04,Inyo,027,18085,3079,2870,89,2959,49
2022-01-04,Kern,029,883053,144642,138245,27897,166142,1916
2022-01-04,Kings,031,150075,35981,34931,2301,37232,388
2022-01-04,Lake,033,64148,7381,7152,269,7421,117
2022-01-04,Lassen,035,31185,7179,7111,464,7575,55
2022-01-04,Los Angeles,037,10098052,1859276,1705253,78903,1784156,27419
2022-01-04,Madera,039,155013,26265,25425,2635,28060,328
2022-01-04,Marin,041,260295,23594,21675,1627,23302,251
2022-01-04,Mariposa,043,17540,1669,1564,68,1632,6
2022-01-04,Mendocino,045,87422,9075,8636,845,9481,101
2022-01-04,Merced,047,269075,47015,45583,2466,48049,700
2022-01-04,Modoc,049,8938,621,611,217,828,6
2022-01-04,Mono,051,14174,2345,2190,40,2230,4
2022-01-04,Monterey,053,433212,52580,51176,7074,58250,643
2022-01-04,Napa,055,140530,17001,15370,235,15605,107
2022-01-04,Nevada,057,99092,11199,10608,444,11052,110
2022-01-04,Orange,059,3164182,396732,362051,23297,385348,5897
2022-01-04,Placer,061,380077,44723,42285,4699,46984,494
2022-01-04,Plumas,063,18699,2072,2014,77,2091,12
2022-01-04,Riverside,065,2383286,438561,413366,18420,431786,5504
2022-01-04,Sacramento,067,1510023,192135,181271,8344,189615,2453
2022-01-04,San Benito,069,59416,9183,8763,280,9043,79
2022-01-04,San Bernardino,071,2135413,429093,404409,14013,418422,6060
2022-01-04,San Diego,073,3302833,507462,458499,28757,487256,4487
2022-01-04,San Francisco,075,870044,78698,70666,5428,76094,688
2022-01-04,San Joaquin,077,732212,116435,110374,6513,116887,1911
2022-01-04,San Luis Obispo,079,281455,35735,33788,1779,35567,371
2022-01-04,San Mateo,081,765935,72501,65157,6231,71388,582
2022-01-04,Santa Barbara,083,443738,56608,52449,2193,54642,574
2022-01-04,Santa Clara,085,1922200,195200,176854,4227,181081,1964
2022-01-04,Santa Cruz,087,273765,26329,23904,1435,25339,228
2022-01-04,Shasta,089,179085,24074,23366,4034,27400,442
2022-01-04,Sierra,091,2930,223,214,24,238,0
2022-01-04,Siskiyou,093,43540,3610,3509,1542,5051,61
2022-01-04,Solano,095,438530,54497,51300,2066,53366,383
2022-01-04,Sonoma,097,501317,52514,48653,835,49488,410
2022-01-04,Stanislaus,099,539301,89178,86107,10200,96307,1361
2022-01-04,Sutter,101,95872,15486,15032,518,15550,193
2022-01-04,Tehama,103,63373,9287,9020,1710,10730,140
2022-01-04,Trinity,105,12862,903,833,223,1056,18
2022-01-04,Tulare,107,460477,75174,72893,18632,91525,1172
2022-01-04,Tuolumne,109,53932,8603,8235,134,8369,91
2022-01-04,Ventura,111,848112,125374,114079,5680,119759,1213
2022-01-04,Yolo,113,214977,24829,22938,1826,24764,270
2022-01-04,Yuba,115,75493,11491,11104,494,11598,101
2022-01-03,Alameda,001,1643700,151301,142090,5525,147615,1529
2022-01-03,Alpine,003,1148,117,113,0,113,0
2022-01-03,Amador,005,37829,6172,6004,110,6114,71
2022-01-03,Butte,007,227075,23837,22924,4375,27299,345
2022-01-03,Calaveras,009,45235,4881,4742,81,4823,93
2022-01-03,Colusa,011,21464,2720,2683,769,3452,21
2022-01-03,Contra Costa,013,1133247,122672,114966,3791,118757,1073
2022-01-03,Del Norte,015,27424,3937,3873,68,3941,43
2022-01-03,El Dorado,017,186661,18986,18183,2084,20267,172
2022-01-03,Fresno,019,978130,156635,152674,13454,166128,2379
2022-01-03,Glenn,021,27897,3750,3703,1070,4773,39
2022-01-03,Humboldt,023,135768,11452,10784,1045,11829,119
2022-01-03,Imperial,025,180216,39579,38411,5062,43473,800
2022-01-03,Inyo,027,18085,3014,2845,84,2929,49
2022-01-03,Kern,029,883053,142787,137773,27532,165305,1916
2022-01-03,Kings,031,150075,35697,34817,2271,37088,387
2022-01-03,Lake,033,64148,7287,7134,242,7376,117
2022-01-03,Lassen,035,31185,7163,7103,462,7565,55
2022-01-03,Los Angeles,037,10098052,1801858,1686203,76666,1762869,27394
2022-01-03,Madera,039,155013,25982,25323,2594,27917,320
2022-01-03,Marin,041,260295,23029,21532,1443,22975,251
2022-01-03,Mariposa,043,17540,1628,1559,68,1627,6
2022-01-03,Mendocino,045,87422,8928,8573,788,9361,101
2022-01-03,Merced,047,269075,46429,45459,2354,47813,696
2022-01-03,Modoc,049,8938,618,602,217,819,6
2022-01-03,Mono,051,14174,2233,2172,31,2203,4
2022-01-03,Monterey,053,433212,52004,51047,6635,57682,644
2022-01-03,Napa,055,140530,16487,15260,214,15474,107
2022-01-03,Nevada,057,99092,11054,10572,433,11005,110
2022-01-03,Orange,059,3164182,385869,358052,22530,380582,5894
2022-01-03,Placer,061,380077,43963,42054,4642,46696,489
2022-01-03,Plumas,063,18699,2055,2005,76,2081,12
2022-01-03,Riverside,065,2383286,430225,410155,18217,428372,5504
2022-01-03,Sacramento,067,1510023,187483,179992,7777,187769,2452
2022-01-03,San Benito,069,59416,9021,8688,264,8952,79
2022-01-03,San Bernardino,071,2135413,421084,401938,13683,415621,6056
2022-01-03,San Diego,073,3302833,491781,451154,28013,479167,4476
2022-01-03,San Francisco,075,870044,76047,69315,5006,74321,686
2022-01-03,San Joaquin,077,732212,114137,109757,6393,116150,1903
2022-01-03,San Luis Obispo,079,281455,34928,33667,1680,35347,367
2022-01-03,San Mateo,081,765935,70157,64470,5715,70185,582
2022-01-03,Santa Barbara,083,443738,55194,51912,2096,54008,571
2022-01-03,Santa Clara,085,1922200,189309,174215,3691,177906,1963
2022-01-03,Santa Cruz,087,273765,25550,23765,1380,25145,228
2022-01-03,Shasta,089,179085,23892,23301,4007,27308,440
2022-01-03,Sierra,091,2930,217,213,23,236,0
2022-01-03,Siskiyou,093,43540,3585,3500,1518,5018,61
2022-01-03,Solano,095,438530,53225,51030,1901,52931,380
2022-01-03,Sonoma,097,501317,50870,48391,796,49187,410
2022-01-03,Stanislaus,099,539301,88213,85793,10060,95853,1332
2022-01-03,Sutter,101,95872,15335,14973,498,15471,193
2022-01-03,Tehama,103,63373,9213,9005,1679,10684,140
2022-01-03,Trinity,105,12862,898,833,222,1055,18
2022-01-03,Tulare,107,460477,74524,72664,18434,91098,1167
2022-01-03,Tuolumne,109,53932,8475,8179,131,8310,91
2022-01-03,Ventura,111,848112,122248,112762,5506,118268,1211
2022-01-03,Yolo,113,214977,24177,22563,1777,24340,270
2022-01-03,Yuba,115,75493,11359,11037,474,11511,99
2022-01-02,Alameda,001,1643700,147070,133486,4964,138450,1528
2022-01-02,Alpine,003,1148,115,113,0,113,0
2022-01-02,Amador,005,37829,6109,5913,99,6012,70
2022-01-02,Butte,007,227075,23519,22469,4313,26782,341
2022-01-02,Calaveras,009,45235,4823,4668,74,4742,93
2022-01-02,Colusa,011,21464,2715,2659,758,3417,21
2022-01-02,Contra Costa,013,1133247,119360,109593,3261,112854,1073
2022-01-02,Del Norte,015,27424,3908,3841,65,3906,43
2022-01-02,El Dorado,017,186661,18692,17621,2028,19649,172
2022-01-02,Fresno,019,978130,154955,149927,13324,163251,2379
2022-01-02,Glenn,021,27897,3724,3663,1063,4726,39
2022-01-02,Humboldt,023,135768,11220,10381,964,11345,119
2022-01-02,Imperial,025,180216,38920,37672,4870,42542,800
2022-01-02,Inyo,027,18085,2949,2726,72,2798,49
2022-01-02,Kern,029,883053,140957,136123,27119,163242,1917
2022-01-02,Kings,031,150075,35397,34318,2241,36559,386
2022-01-02,Lake,033,64148,7220,7060,223,7283,117
2022-01-02,Lassen,035,31185,7148,7089,460,7549,55
2022-01-02,Los Angeles,037,10098052,1754080,1596123,74244,1670367,27371
2022-01-02,Madera,039,155013,25734,25002,2540,27542,320
2022-01-02,Marin,041,260295,22499,20475,1202,21677,249
2022-01-02,Mariposa,043,17540,1598,1509,66,1575,6
2022-01-02,Mendocino,045,87422,8812,8422,763,9185,101
2022-01-02,Merced,047,269075,45908,44769,2247,47016,694
2022-01-02,Modoc,049,8938,616,601,216,817,6
2022-01-02,Mono,051,14174,2209,2101,28,2129,4
2022-01-02,Monterey,053,433212,51579,50251,6247,56498,643
2022-01-02,Napa,055,140530,15935,14439,207,14646,107
2022-01-02,Nevada,057,99092,10871,10299,419,10718,110
2022-01-02,Orange,059,3164182,375303,339526,21668,361194,5890
2022-01-02,Placer,061,380077,43305,40857,4560,45417,489
2022-01-02,Plumas,063,18699,2040,1994,72,2066,12
2022-01-02,Riverside,065,2383286,422174,397124,17886,415010,5501
2022-01-02,Sacramento,067,1510023,183894,173562,6962,180524,2448
2022-01-02,San Benito,069,59416,8842,8320,246,8566,79
2022-01-02,San Bernardino,071,2135413,413890,386278,13289,399567,6051
2022-01-02,San Diego,073,3302833,477253,427087,26679,453766,4469
2022-01-02,San Francisco,075,870044,73369,64498,4602,69100,682
2022-01-02,San Joaquin,077,732212,112281,106640,6292,112932,1902
2022-01-02,San Luis Obispo,079,281455,34203,32342,1592,33934,365
2022-01-02,San Mateo,081,765935,68035,60504,5035,65539,581
2022-01-02,Santa Barbara,083,443738,53802,49555,2039,51594,568
2022-01-02,Santa Clara,085,1922200,183248,164547,3089,167636,1969
2022-01-02,Santa Cruz,087,273765,24921,22980,1343,24323,228
2022-01-02,Shasta,089,179085,23708,23161,3951,27112,435
2022-01-02,Sierra,091,2930,216,206,23,229,0
2022-01-02,Siskiyou,093,43540,3561,3474,1495,4969,61
2022-01-02,Solano,095,438530,52320,48957,1711,50668,379
2022-01-02,Sonoma,097,501317,49591,46040,760,46800,410
2022-01-02,Stanislaus,099,539301,87387,84367,9965,94332,1332
2022-01-02,Sutter,101,95872,15168,14741,476,15217,193
2022-01-02,Tehama,103,63373,9149,8944,1658,10602,139
2022-01-02,Trinity,105,12862,896,832,221,1053,17
2022-01-02,Tulare,107,460477,73933,71941,18250,90191,1160
2022-01-02,Tuolumne,109,53932,8382,8044,126,8170,91
2022-01-02,Ventura,111,848112,119400,107992,5325,113317,1211
2022-01-02,Yolo,113,214977,23542,21747,1703,23450,270
2022-01-02,Yuba,115,75493,11242,10844,454,11298,99
2022-01-01,Alameda,001,1643700,145353,133486,4465,137951,1528
2022-01-01,Alpine,003,1148,115,113,0,113,0
2022-01-01,Amador,005,37829,6074,5913,96,6009,70
2022-01-01,Butte,007,227075,23347,22469,4287,26756,341
2022-01-01,Calaveras,009,45235,4801,4668,73,4741,93
2022-01-01,Colusa,011,21464,2713,2659,748,3407,21
2022-01-01,Contra Costa,013,1133247,118098,109593,3117,112710,1073
2022-01-01,Del Norte,015,27424,3902,3841,65,3906,43
2022-01-01,El Dorado,017,186661,18553,17621,2010,19631,172
2022-01-01,Fresno,019,978130,154322,149927,13297,163224,2379
2022-01-01,Glenn,021,27897,3719,3663,1063,4726,39
2022-01-01,Humboldt,023,135768,11092,10381,943,11324,119
2022-01-01,Imperial,025,180216,38782,37672,4826,42498,800
2022-01-01,Inyo,027,18085,2921,2726,68,2794,49
2022-01-01,Kern,029,883053,140289,136123,26894,163017,1917
2022-01-01,Kings,031,150075,35265,34318,2224,36542,386
2022-01-01,Lake,033,64148,7190,7060,217,7277,117
2022-01-01,Lassen,035,31185,7142,7089,455,7544,55
2022-01-01,Los Angeles,037,10098052,1736206,1596123,72645,1668768,27371
2022-01-01,Madera,039,155013,25653,25002,2525,27527,320
2022-01-01,Marin,041,260295,22211,20475,1039,21514,249
2022-01-01,Mariposa,043,17540,1587,1509,66,1575,6
2022-01-01,Mendocino,045,87422,8721,8422,744,9166,101
2022-01-01,Merced,047,269075,45781,44769,2226,46995,694
2022-01-01,Modoc,049,8938,613,601,216,817,6
2022-01-01,Mono,051,14174,2205,2101,24,2125,4
2022-01-01,Monterey,053,433212,51411,50251,6052,56303,643
2022-01-01,Napa,055,140530,15795,14439,202,14641,107
2022-01-01,Nevada,057,99092,10810,10299,412,10711,110
2022-01-01,Orange,059,3164182,371271,339526,21242,360768,5890
2022-01-01,Placer,061,380077,43028,40857,4510,45367,489
2022-01-01,Plumas,063,18699,2030,1994,71,2065,12
2022-01-01,Riverside,065,2383286,418823,397124,17840,414964,5501
2022-01-01,Sacramento,067,1510023,182808,173562,6614,180176,2448
2022-01-01,San Benito,069,59416,8750,8320,242,8562,79
2022-01-01,San Bernardino,071,2135413,410995,386278,13132,399410,6051
2022-01-01,San Diego,073,3302833,471637,427087,26234,453321,4469
2022-01-01,San Francisco,075,870044,72070,64498,4308,68806,682
2022-01-01,San Joaquin,077,732212,111609,106640,6250,112890,1902
2022-01-01,San Luis Obispo,079,281455,34010,32342,1581,33923,365
2022-01-01,San Mateo,081,765935,66839,60504,4586,65090,581
2022-01-01,Santa Barbara,083,443738,53096,49555,1970,51525,568
2022-01-01,Santa Clara,085,1922200,180270,164547,2867,167414,1969
2022-01-01,Santa Cruz,087,273765,24619,22980,1301,24281,228
2022-01-01,Shasta,089,179085,23630,23161,3935,27096,435
2022-01-01,Sierra,091,2930,215,206,23,229,0
2022-01-01,Siskiyou,093,43540,3559,3474,1486,4960,61
2022-01-01,Solano,095,438530,52064,48957,1661,50618,379
2022-01-01,Sonoma,097,501317,49239,46040,740,46780,410
2022-01-01,Stanislaus,099,539301,86996,84367,9927,94294,1332
2022-01-01,Sutter,101,95872,15092,14741,465,15206,193
2022-01-01,Tehama,103,63373,9118,8944,1645,10589,139
2022-01-01,Trinity,105,12862,893,832,221,1053,17
2022-01-01,Tulare,107,460477,73706,71941,18153,90094,1160
2022-01-01,Tuolumne,109,53932,8326,8044,124,8168,91
2022-01-01,Ventura,111,848112,118051,107992,5241,113233,1211
2022-01-01,Yolo,113,214977,23127,21747,1662,23409,270
2022-01-01,Yuba,115,75493,11178,10844,448,11292,99
2021-12-31,Alameda,001,1643700,144678,133486,4365,137851,1528
2021-12-31,Alpine,003,1148,115,113,0,113,0
2021-12-31,Amador,005,37829,6053,5913,92,6005,70
2021-12-31,Butte,007,227075,23269,22469,4260,26729,341
2021-12-31,Calaveras,009,45235,4780,4668,73,4741,93
2021-12-31,Colusa,011,21464,2708,2659,741,3400,21
2021-12-31,Contra Costa,013,1133247,117308,109593,3070,112663,1073
2021-12-31,Del Norte,015,27424,3893,3841,63,3904,43
2021-12-31,El Dorado,017,186661,18482,17621,1989,19610,172
2021-12-31,Fresno,019,978130,154046,149927,13285,163212,2379
2021-12-31,Glenn,021,27897,3718,3663,1063,4726,39
2021-12-31,Humboldt,023,135768,11006,10381,925,11306,119
2021-12-31,Imperial,025,180216,38680,37672,4810,42482,800
2021-12-31,Inyo,027,18085,2896,2726,68,2794,49
2021-12-31,Kern,029,883053,139806,136123,26800,162923,1917
2021-12-31,Kings,031,150075,35171,34318,2220,36538,386
2021-12-31,Lake,033,64148,7172,7060,212,7272,117
2021-12-31,Lassen,035,31185,7131,7089,455,7544,55
2021-12-31,Los Angeles,037,10098052,1726926,1596123,72077,1668200,27371
2021-12-31,Madera,039,155013,25594,25002,2508,27510,320
2021-12-31,Marin,041,260295,22064,20475,977,21452,249
2021-12-31,Mariposa,043,17540,1582,1509,65,1574,6
2021-12-31,Mendocino,045,87422,8690,8422,734,9156,101
2021-12-31,Merced,047,269075,45709,44769,2207,46976,694
2021-12-31,Modoc,049,8938,609,601,214,815,6
2021-12-31,Mono,051,14174,2200,2101,24,2125,4
2021-12-31,Monterey,053,433212,51322,50251,5968,56219,643
2021-12-31,Napa,055,140530,15691,14439,199,14638,107
2021-12-31,Nevada,057,99092,10753,10299,405,10704,110
2021-12-31,Orange,059,3164182,368942,339526,20989,360515,5890
2021-12-31,Placer,061,380077,42822,40857,4465,45322,489
2021-12-31,Plumas,063,18699,2026,1994,70,2064,12
2021-12-31,Riverside,065,2383286,417315,397124,17822,414946,5501
2021-12-31,Sacramento,067,1510023,182091,173562,6511,180073,2448
2021-12-31,San Benito,069,59416,8736,8320,241,8561,79
2021-12-31,San Bernardino,071,2135413,409033,386278,13015,399293,6051
2021-12-31,San Diego,073,3302833,468652,427087,25971,453058,4469
2021-12-31,San Francisco,075,870044,71238,64498,4206,68704,682
2021-12-31,San Joaquin,077,732212,111018,106640,6210,112850,1902
2021-12-31,San Luis Obispo,079,281455,33918,32342,1569,33911,365
2021-12-31,San Mateo,081,765935,66071,60504,4466,64970,581
2021-12-31,Santa Barbara,083,443738,52748,49555,1948,51503,568
2021-12-31,Santa Clara,085,1922200,178388,164547,2729,167276,1969
2021-12-31,Santa Cruz,087,273765,24408,22980,1282,24262,228
2021-12-31,Shasta,089,179085,23569,23161,3913,27074,435
2021-12-31,Sierra,091,2930,215,206,23,229,0
2021-12-31,Siskiyou,093,43540,3554,3474,1470,4944,61
2021-12-31,Solano,095,438530,51917,48957,1633,50590,379
2021-12-31,Sonoma,097,501317,49030,46040,725,46765,410
2021-12-31,Stanislaus,099,539301,86687,84367,9897,94264,1332
2021-12-31,Sutter,101,95872,15034,14741,456,15197,193
2021-12-31,Tehama,103,63373,9090,8944,1637,10581,139
2021-12-31,Trinity,105,12862,892,832,221,1053,17
2021-12-31,Tulare,107,460477,73528,71941,18073,90014,1160
2021-12-31,Tuolumne,109,53932,8282,8044,122,8166,91
2021-12-31,Ventura,111,848112,117113,107992,5179,113171,1211
2021-12-31,Yolo,113,214977,22914,21747,1638,23385,270
2021-12-31,Yuba,115,75493,11123,10844,444,11288,99
2021-12-30,Alameda,001,1643700,143470,133486,4115,137601,1528
2021-12-30,Alpine,003,1148,114,113,0,113,0
2021-12-30,Amador,005,37829,6036,5913,91,6004,70
2021-12-30,Butte,007,227075,23156,22469,4236,26705,341
2021-12-30,Calaveras,009,45235,4764,4668,73,4741,93
2021-12-30,Colusa,011,21464,2707,2659,739,3398,21
2021-12-30,Contra Costa,013,1133247,116293,109593,2969,112562,1073
2021-12-30,Del Norte,015,27424,3883,3841,62,3903,43
2021-12-30,El Dorado,017,186661,18383,17621,1969,19590,172
2021-12-30,Fresno,019,978130,153567,149927,13257,163184,2379
2021-12-30,Glenn,021,27897,3712,3663,1061,4724,39
2021-12-30,Humboldt,023,135768,10940,10381,913,11294,119
2021-12-30,Imperial,025,180216,38529,37672,4760,42432,800
2021-12-30,Inyo,027,18085,2876,2726,67,2793,49
2021-12-30,Kern,029,883053,139300,136123,26605,162728,1917
2021-12-30,Kings,031,150075,35054,34318,2208,36526,386
2021-12-30,Lake,033,64148,7160,7060,207,7267,117
2021-12-30,Lassen,035,31185,7125,7089,455,7544,55
2021-12-30,Los Angeles,037,10098052,1705633,1596123,70960,1667083,27371
2021-12-30,Madera,039,155013,25513,25002,2488,27490,320
2021-12-30,Marin,041,260295,21899,20475,923,21398,249
2021-12-30,Mariposa,043,17540,1577,1509,65,1574,6
2021-12-30,Mendocino,045,87422,8673,8422,723,9145,101
2021-12-30,Merced,047,269075,45620,44769,2189,46958,694
2021-12-30,Modoc,049,8938,608,601,214,815,6
2021-12-30,Mono,051,14174,2199,2101,23,2124,4
2021-12-30,Monterey,053,433212,51186,50251,5752,56003,643
2021-12-30,Napa,055,140530,15551,14439,191,14630,107
2021-12-30,Nevada,057,99092,10691,10299,398,10697,110
2021-12-30,Orange,059,3164182,364058,339526,20585,360111,5890
2021-12-30,Placer,061,380077,42559,40857,4433,45290,489
2021-12-30,Plumas,063,18699,2023,1994,69,2063,12
2021-12-30,Riverside,065,2383286,414152,397124,17785,414909,5501
2021-12-30,Sacramento,067,1510023,180934,173562,6338,179900,2448
2021-12-30,San Benito,069,59416,8696,8320,234,8554,79
2021-12-30,San Bernardino,071,2135413,406760,386278,12950,399228,6051
2021-12-30,San Diego,073,3302833,463863,427087,25525,452612,4469
2021-12-30,San Francisco,075,870044,70248,64498,4014,68512,682
2021-12-30,San Joaquin,077,732212,110442,106640,6178,112818,1902
2021-12-30,San Luis Obispo,079,281455,33807,32342,1557,33899,365
2021-12-30,San Mateo,081,765935,65276,60504,4130,64634,581
2021-12-30,Santa Barbara,083,443738,52284,49555,1897,51452,568
2021-12-30,Santa Clara,085,1922200,176127,164547,2614,167161,1969
2021-12-30,Santa Cruz,087,273765,24177,22980,1257,24237,228
2021-12-30,Shasta,089,179085,23521,23161,3909,27070,435
2021-12-30,Sierra,091,2930,215,206,23,229,0
2021-12-30,Siskiyou,093,43540,3545,3474,1466,4940,61
2021-12-30,Solano,095,438530,51576,48957,1587,50544,379
2021-12-30,Sonoma,097,501317,48711,46040,711,46751,410
2021-12-30,Stanislaus,099,539301,86377,84367,9856,94223,1332
2021-12-30,Sutter,101,95872,14975,14741,453,15194,193
2021-12-30,Tehama,103,63373,9064,8944,1631,10575,139
2021-12-30,Trinity,105,12862,889,832,221,1053,17
2021-12-30,Tulare,107,460477,73359,71941,17994,89935,1160
2021-12-30,Tuolumne,109,53932,8244,8044,120,8164,91
2021-12-30,Ventura,111,848112,115880,107992,5115,113107,1211
2021-12-30,Yolo,113,214977,22783,21747,1616,23363,270
2021-12-30,Yuba,115,75493,11077,10844,441,11285,99
2021-12-29,Alameda,001,1643700,140335,131586,3964,135550,1529
2021-12-29,Alpine,003,1148,114,113,0,113,0
2021-12-29,Amador,005,37829,6013,5905,87,5992,70
2021-12-29,Butte,007,227075,23019,22353,4198,26551,338
2021-12-29,Calaveras,009,45235,4739,4646,71,4717,93
2021-12-29,Colusa,011,21464,2697,2657,734,3391,21
2021-12-29,Contra Costa,013,1133247,114239,108165,2877,111042,1072
2021-12-29,Del Norte,015,27424,3870,3826,60,3886,43
2021-12-29,El Dorado,017,186661,18168,17489,1951,19440,172
2021-12-29,Fresno,019,978130,152532,149318,13193,162511,2364
2021-12-29,Glenn,021,27897,3701,3653,1059,4712,39
2021-12-29,Humboldt,023,135768,10835,10249,890,11139,119
2021-12-29,Imperial,025,180216,38324,37460,4683,42143,800
2021-12-29,Inyo,027,18085,2844,2703,67,2770,49
2021-12-29,Kern,029,883053,138527,135648,26338,161986,1913
2021-12-29,Kings,031,150075,34933,34216,2205,36421,386
2021-12-29,Lake,033,64148,7132,7048,202,7250,117
2021-12-29,Lassen,035,31185,7122,7085,453,7538,55
2021-12-29,Los Angeles,037,10098052,1676964,1576414,69513,1645927,27349
2021-12-29,Madera,039,155013,25409,24923,2480,27403,320
2021-12-29,Marin,041,260295,21548,20025,891,20916,249
2021-12-29,Mariposa,043,17540,1555,1507,65,1572,6
2021-12-29,Mendocino,045,87422,8615,8386,714,9100,99
2021-12-29,Merced,047,269075,45403,44548,2176,46724,693
2021-12-29,Modoc,049,8938,605,600,214,814,6
2021-12-29,Mono,051,14174,2170,2056,23,2079,4
2021-12-29,Monterey,053,433212,50900,50097,5532,55629,641
2021-12-29,Napa,055,140530,15230,14247,174,14421,107
2021-12-29,Nevada,057,99092,10601,10274,397,10671,110
2021-12-29,Orange,059,3164182,356737,334557,20114,354671,5887
2021-12-29,Placer,061,380077,42078,40545,4376,44921,489
2021-12-29,Plumas,063,18699,2011,1990,69,2059,12
2021-12-29,Riverside,065,2383286,408898,392989,17705,410694,5486
2021-12-29,Sacramento,067,1510023,178709,172145,6199,178344,2437
2021-12-29,San Benito,069,59416,8553,8239,231,8470,79
2021-12-29,San Bernardino,071,2135413,401759,382872,12860,395732,6049
2021-12-29,San Diego,073,3302833,453470,421045,24936,445981,4461
2021-12-29,San Francisco,075,870044,68610,63117,3875,66992,684
2021-12-29,San Joaquin,077,732212,109277,106063,6132,112195,1891
2021-12-29,San Luis Obispo,079,281455,33398,31936,1515,33451,365
2021-12-29,San Mateo,081,765935,63960,59478,3789,63267,581
2021-12-29,Santa Barbara,083,443738,51470,49003,1872,50875,568
2021-12-29,Santa Clara,085,1922200,173004,162008,2499,164507,1962
2021-12-29,Santa Cruz,087,273765,23906,22669,1236,23905,228
2021-12-29,Shasta,089,179085,23446,23083,3900,26983,435
2021-12-29,Sierra,091,2930,215,206,23,229,0
2021-12-29,Siskiyou,093,43540,3533,3472,1455,4927,61
2021-12-29,Solano,095,438530,50884,48562,1544,50106,379
2021-12-29,Sonoma,097,501317,47909,45479,691,46170,410
2021-12-29,Stanislaus,099,539301,85889,84083,9817,93900,1332
2021-12-29,Sutter,101,95872,14910,14688,452,15140,193
2021-12-29,Tehama,103,63373,9043,8914,1619,10533,138
2021-12-29,Trinity,105,12862,888,832,221,1053,17
2021-12-29,Tulare,107,460477,73087,71752,17876,89628,1160
2021-12-29,Tuolumne,109,53932,8191,8012,119,8131,91
2021-12-29,Ventura,111,848112,113952,106974,5047,112021,1207
2021-12-29,Yolo,113,214977,22554,21564,1590,23154,270
2021-12-29,Yuba,115,75493,11015,10808,437,11245,99
2021-12-28,Alameda,001,1643700,137294,130427,3795,134222,1522
2021-12-28,Alpine,003,1148,114,113,0,113,0
2021-12-28,Amador,005,37829,5994,5900,85,5985,70
2021-12-28,Butte,007,227075,22881,22285,4181,26466,338
2021-12-28,Calaveras,009,45235,4724,4641,70,4711,91
2021-12-28,Colusa,011,21464,2691,2653,732,3385,21
2021-12-28,Contra Costa,013,1133247,112056,107160,2804,109964,1072
2021-12-28,Del Norte,015,27424,3864,3815,60,3875,43
2021-12-28,El Dorado,017,186661,17959,17419,1940,19359,172
2021-12-28,Fresno,019,978130,151578,148987,13134,162121,2365
2021-12-28,Glenn,021,27897,3676,3639,1058,4697,39
2021-12-28,Humboldt,023,135768,10716,10198,865,11063,119
2021-12-28,Imperial,025,180216,38059,37223,4583,41806,800
2021-12-28,Inyo,027,18085,2787,2676,65,2741,48
2021-12-28,Kern,029,883053,137834,135346,26072,161418,1909
2021-12-28,Kings,031,150075,34793,34165,2193,36358,386
2021-12-28,Lake,033,64148,7118,7044,196,7240,116
2021-12-28,Lassen,035,31185,7114,7083,453,7536,55
2021-12-28,Los Angeles,037,10098052,1645096,1561791,68211,1630002,27323
2021-12-28,Madera,039,155013,25283,24865,2464,27329,320
2021-12-28,Marin,041,260295,21144,19739,852,20591,249
2021-12-28,Mariposa,043,17540,1544,1499,64,1563,6
2021-12-28,Mendocino,045,87422,8554,8366,705,9071,98
2021-12-28,Merced,047,269075,45164,44434,2168,46602,691
2021-12-28,Modoc,049,8938,605,599,213,812,6
2021-12-28,Mono,051,14174,2152,2045,22,2067,4
2021-12-28,Monterey,053,433212,50665,49973,5336,55309,639
2021-12-28,Napa,055,140530,14915,14131,161,14292,107
2021-12-28,Nevada,057,99092,10511,10250,395,10645,110
2021-12-28,Orange,059,3164182,349262,331279,19632,350911,5882
2021-12-28,Placer,061,380077,41618,40410,4319,44729,489
2021-12-28,Plumas,063,18699,2008,1989,68,2057,12
2021-12-28,Riverside,065,2383286,403802,390343,17604,407947,5470
2021-12-28,Sacramento,067,1510023,176612,171290,6079,177369,2426
2021-12-28,San Benito,069,59416,8413,8170,228,8398,79
2021-12-28,San Bernardino,071,2135413,396489,381316,12750,394066,6047
2021-12-28,San Diego,073,3302833,442988,417383,24576,441959,4450
2021-12-28,San Francisco,075,870044,67090,61745,3734,65479,682
2021-12-28,San Joaquin,077,732212,108233,105572,6088,111660,1884
2021-12-28,San Luis Obispo,079,281455,32908,31759,1504,33263,365
2021-12-28,San Mateo,081,765935,62737,58712,3489,62201,582
2021-12-28,Santa Barbara,083,443738,50852,48493,1853,50346,568
2021-12-28,Santa Clara,085,1922200,169896,160811,2398,163209,1962
2021-12-28,Santa Cruz,087,273765,23539,22513,1208,23721,228
2021-12-28,Shasta,089,179085,23374,23035,3896,26931,434
2021-12-28,Sierra,091,2930,212,206,23,229,0
2021-12-28,Siskiyou,093,43540,3524,3468,1449,4917,60
2021-12-28,Solano,095,438530,50079,48318,1500,49818,378
2021-12-28,Sonoma,097,501317,47071,45086,679,45765,410
2021-12-28,Stanislaus,099,539301,85405,83946,9781,93727,1331
2021-12-28,Sutter,101,95872,14861,14662,450,15112,193
2021-12-28,Tehama,103,63373,9026,8893,1616,10509,138
2021-12-28,Trinity,105,12862,886,831,220,1051,17
2021-12-28,Tulare,107,460477,72830,71630,17757,89387,1156
2021-12-28,Tuolumne,109,53932,8148,8006,119,8125,91
2021-12-28,Ventura,111,848112,111848,105883,4989,110872,1207
2021-12-28,Yolo,113,214977,22227,21320,1544,22864,270
2021-12-28,Yuba,115,75493,10961,10778,434,11212,99
2021-12-27,Alameda,001,1643700,134790,129910,3638,133548,1530
2021-12-27,Alpine,003,1148,114,113,0,113,0
2021-12-27,Amador,005,37829,5966,5891,85,5976,70
2021-12-27,Butte,007,227075,22753,22234,4159,26393,335
2021-12-27,Calaveras,009,45235,4702,4630,69,4699,91
2021-12-27,Colusa,011,21464,2682,2652,726,3378,21
2021-12-27,Contra Costa,013,1133247,110017,106692,2742,109434,1071
2021-12-27,Del Norte,015,27424,3855,3802,59,3861,43
2021-12-27,El Dorado,017,186661,17804,17361,1926,19287,172
2021-12-27,Fresno,019,978130,150730,148826,13078,161904,2364
2021-12-27,Glenn,021,27897,3666,3634,1051,4685,39
2021-12-27,Humboldt,023,135768,10602,10164,840,11004,119
2021-12-27,Imperial,025,180216,37848,37180,4497,41677,800
2021-12-27,Inyo,027,18085,2759,2662,63,2725,48
2021-12-27,Kern,029,883053,137199,135119,25845,160964,1907
2021-12-27,Kings,031,150075,34642,34126,2183,36309,382
2021-12-27,Lake,033,64148,7098,7037,184,7221,116
2021-12-27,Lassen,035,31185,7108,7080,453,7533,55
2021-12-27,Los Angeles,037,10098052,1610482,1554074,66772,1620846,27300
2021-12-27,Madera,039,155013,25167,24840,2449,27289,320
2021-12-27,Marin,041,260295,20757,19601,819,20420,249
2021-12-27,Mariposa,043,17540,1529,1495,63,1558,6
2021-12-27,Mendocino,045,87422,8490,8351,699,9050,98
2021-12-27,Merced,047,269075,44935,44383,2150,46533,690
2021-12-27,Modoc,049,8938,603,599,213,812,6
2021-12-27,Mono,051,14174,2061,2026,22,2048,4
2021-12-27,Monterey,053,433212,50450,49918,5213,55131,639
2021-12-27,Napa,055,140530,14652,14083,156,14239,107
2021-12-27,Nevada,057,99092,10445,10239,390,10629,110
2021-12-27,Orange,059,3164182,341941,329222,19093,348315,5875
2021-12-27,Placer,061,380077,41244,40263,4288,44551,489
2021-12-27,Plumas,063,18699,2007,1988,66,2054,12
2021-12-27,Riverside,065,2383286,399358,389096,17532,406628,5470
2021-12-27,Sacramento,067,1510023,174666,170858,5930,176788,2422
2021-12-27,San Benito,069,59416,8299,8133,219,8352,79
2021-12-27,San Bernardino,071,2135413,391022,380526,12641,393167,6047
2021-12-27,San Diego,073,3302833,433375,414968,24301,439269,4445
2021-12-27,San Francisco,075,870044,65443,60920,3582,64502,682
2021-12-27,San Joaquin,077,732212,107327,105413,6045,111458,1876
2021-12-27,San Luis Obispo,079,281455,32453,31671,1481,33152,365
2021-12-27,San Mateo,081,765935,61495,58397,3185,61582,581
2021-12-27,Santa Barbara,083,443738,50093,48209,1834,50043,568
2021-12-27,Santa Clara,085,1922200,166937,159904,2294,162198,1961
2021-12-27,Santa Cruz,087,273765,23254,22456,1192,23648,228
2021-12-27,Shasta,089,179085,23310,23015,3885,26900,432
2021-12-27,Sierra,091,2930,212,206,23,229,0
2021-12-27,Siskiyou,093,43540,3515,3466,1445,4911,60
2021-12-27,Solano,095,438530,49352,48172,1458,49630,378
2021-12-27,Sonoma,097,501317,46509,44990,668,45658,410
2021-12-27,Stanislaus,099,539301,84957,83833,9756,93589,1331
2021-12-27,Sutter,101,95872,14806,14642,443,15085,191
2021-12-27,Tehama,103,63373,9011,8887,1610,10497,136
2021-12-27,Trinity,105,12862,886,827,220,1047,17
2021-12-27,Tulare,107,460477,72587,71562,17659,89221,1146
2021-12-27,Tuolumne,109,53932,8111,7978,118,8096,91
2021-12-27,Ventura,111,848112,109765,105212,4927,110139,1206
2021-12-27,Yolo,113,214977,21947,21300,1512,22812,270
2021-12-27,Yuba,115,75493,10901,10759,432,11191,98
2021-12-26,Alameda,001,1643700,132799,127221,3573,130794,1525
2021-12-26,Alpine,003,1148,114,113,0,113,0
2021-12-26,Amador,005,37829,5951,5861,81,5942,70
2021-12-26,Butte,007,227075,22605,22087,4136,26223,330
2021-12-26,Calaveras,009,45235,4680,4591,69,4660,91
2021-12-26,Colusa,011,21464,2672,2647,720,3367,21
2021-12-26,Contra Costa,013,1133247,108378,105022,2670,107692,1071
2021-12-26,Del Norte,015,27424,3850,3795,59,3854,43
2021-12-26,El Dorado,017,186661,17659,17188,1917,19105,172
2021-12-26,Fresno,019,978130,150103,148027,13026,161053,2358
2021-12-26,Glenn,021,27897,3660,3611,1047,4658,39
2021-12-26,Humboldt,023,135768,10460,10052,815,10867,119
2021-12-26,Imperial,025,180216,37573,36878,4412,41290,800
2021-12-26,Inyo,027,18085,2734,2636,60,2696,47
2021-12-26,Kern,029,883053,136503,134591,25628,160219,1908
2021-12-26,Kings,031,150075,34494,34009,2178,36187,379
2021-12-26,Lake,033,64148,7078,7019,181,7200,116
2021-12-26,Lassen,035,31185,7102,7072,452,7524,55
2021-12-26,Los Angeles,037,10098052,1582184,1515469,65206,1580675,27257
2021-12-26,Madera,039,155013,25048,24741,2434,27175,320
2021-12-26,Marin,041,260295,20384,19085,765,19850,249
2021-12-26,Mariposa,043,17540,1523,1480,63,1543,6
2021-12-26,Mendocino,045,87422,8440,8314,694,9008,98
2021-12-26,Merced,047,269075,44693,44208,2142,46350,690
2021-12-26,Modoc,049,8938,602,597,211,808,6
2021-12-26,Mono,051,14174,2043,2000,22,2022,4
2021-12-26,Monterey,053,433212,50266,49709,5081,54790,638
2021-12-26,Napa,055,140530,14423,13809,152,13961,107
2021-12-26,Nevada,057,99092,10389,10153,382,10535,110
2021-12-26,Orange,059,3164182,335737,322991,18551,341542,5863
2021-12-26,Placer,061,380077,40905,39852,4230,44082,489
2021-12-26,Plumas,063,18699,2000,1987,65,2052,12
2021-12-26,Riverside,065,2383286,395284,384567,17482,402049,5470
2021-12-26,Sacramento,067,1510023,173066,169144,5798,174942,2418
2021-12-26,San Benito,069,59416,8215,7991,210,8201,79
2021-12-26,San Bernardino,071,2135413,386654,376052,12562,388614,6043
2021-12-26,San Diego,073,3302833,424819,406616,24017,430633,4442
2021-12-26,San Francisco,075,870044,63934,58229,3468,61697,682
2021-12-26,San Joaquin,077,732212,106528,104590,5994,110584,1872
2021-12-26,San Luis Obispo,079,281455,32008,31290,1463,32753,365
2021-12-26,San Mateo,081,765935,60376,56973,2922,59895,581
2021-12-26,Santa Barbara,083,443738,49440,47553,1812,49365,567
2021-12-26,Santa Clara,085,1922200,164249,156872,2170,159042,1967
2021-12-26,Santa Cruz,087,273765,22976,22176,1177,23353,228
2021-12-26,Shasta,089,179085,23229,22959,3874,26833,432
2021-12-26,Sierra,091,2930,212,202,23,225,0
2021-12-26,Siskiyou,093,43540,3507,3460,1436,4896,60
2021-12-26,Solano,095,438530,48860,47646,1423,49069,377
2021-12-26,Sonoma,097,501317,46028,44358,657,45015,408
2021-12-26,Stanislaus,099,539301,84587,83368,9728,93096,1331
2021-12-26,Sutter,101,95872,14743,14533,439,14972,191
2021-12-26,Tehama,103,63373,8980,8861,1607,10468,136
2021-12-26,Trinity,105,12862,886,826,219,1045,17
2021-12-26,Tulare,107,460477,72367,71292,17549,88841,1137
2021-12-26,Tuolumne,109,53932,8074,7919,117,8036,91
2021-12-26,Ventura,111,848112,107949,103498,4862,108360,1206
2021-12-26,Yolo,113,214977,21669,21084,1475,22559,270
2021-12-26,Yuba,115,75493,10854,10694,429,11123,98
2021-12-25,Alameda,001,1643700,131791,127221,3519,130740,1525
2021-12-25,Alpine,003,1148,114,113,0,113,0
2021-12-25,Amador,005,37829,5933,5861,81,5942,70
2021-12-25,Butte,007,227075,22514,22087,4120,26207,330
2021-12-25,Calaveras,009,45235,4652,4591,69,4660,91
2021-12-25,Colusa,011,21464,2668,2647,714,3361,21
2021-12-25,Contra Costa,013,1133247,107616,105022,2631,107653,1071
2021-12-25,Del Norte,015,27424,3843,3795,58,3853,43
2021-12-25,El Dorado,017,186661,17608,17188,1907,19095,172
2021-12-25,Fresno,019,978130,149818,148027,13002,161029,2358
2021-12-25,Glenn,021,27897,3652,3611,1045,4656,39
2021-12-25,Humboldt,023,135768,10385,10052,805,10857,119
2021-12-25,Imperial,025,180216,37465,36878,4388,41266,800
2021-12-25,Inyo,027,18085,2714,2636,60,2696,47
2021-12-25,Kern,029,883053,136157,134591,25509,160100,1908
2021-12-25,Kings,031,150075,34412,34009,2170,36179,379
2021-12-25,Lake,033,64148,7067,7019,179,7198,116
2021-12-25,Lassen,035,31185,7100,7072,452,7524,55
2021-12-25,Los Angeles,037,10098052,1570453,1515469,64094,1579563,27257
2021-12-25,Madera,039,155013,25001,24741,2428,27169,320
2021-12-25,Marin,041,260295,20050,19085,722,19807,249
2021-12-25,Mariposa,043,17540,1517,1480,63,1543,6
2021-12-25,Mendocino,045,87422,8402,8314,694,9008,98
2021-12-25,Merced,047,269075,44595,44208,2140,46348,690
2021-12-25,Modoc,049,8938,602,597,211,808,6
2021-12-25,Mono,051,14174,2039,2000,22,2022,4
2021-12-25,Monterey,053,433212,50163,49709,4985,54694,638
2021-12-25,Napa,055,140530,14313,13809,152,13961,107
2021-12-25,Nevada,057,99092,10362,10153,379,10532,110
2021-12-25,Orange,059,3164182,332943,322991,18179,341170,5863
2021-12-25,Placer,061,380077,40737,39852,4211,44063,489
2021-12-25,Plumas,063,18699,1998,1987,64,2051,12
2021-12-25,Riverside,065,2383286,393067,384567,17437,402004,5470
2021-12-25,Sacramento,067,1510023,172297,169144,5706,174850,2418
2021-12-25,San Benito,069,59416,8152,7991,208,8199,79
2021-12-25,San Bernardino,071,2135413,384598,376052,12484,388536,6043
2021-12-25,San Diego,073,3302833,420889,406616,23913,430529,4442
2021-12-25,San Francisco,075,870044,62944,58229,3411,61640,682
2021-12-25,San Joaquin,077,732212,106203,104590,5964,110554,1872
2021-12-25,San Luis Obispo,079,281455,31882,31290,1456,32746,365
2021-12-25,San Mateo,081,765935,59584,56973,2690,59663,581
2021-12-25,Santa Barbara,083,443738,49087,47553,1803,49356,567
2021-12-25,Santa Clara,085,1922200,162793,156872,2104,158976,1967
2021-12-25,Santa Cruz,087,273765,22821,22176,1172,23348,228
2021-12-25,Shasta,089,179085,23198,22959,3867,26826,432
2021-12-25,Sierra,091,2930,212,202,23,225,0
2021-12-25,Siskiyou,093,43540,3504,3460,1430,4890,60
2021-12-25,Solano,095,438530,48741,47646,1404,49050,377
2021-12-25,Sonoma,097,501317,45654,44358,639,44997,408
2021-12-25,Stanislaus,099,539301,84378,83368,9713,93081,1331
2021-12-25,Sutter,101,95872,14703,14533,435,14968,191
2021-12-25,Tehama,103,63373,8961,8861,1603,10464,136
2021-12-25,Trinity,105,12862,885,826,219,1045,17
2021-12-25,Tulare,107,460477,72243,71292,17472,88764,1137
2021-12-25,Tuolumne,109,53932,8044,7919,117,8036,91
2021-12-25,Ventura,111,848112,106796,103498,4823,108321,1206
2021-12-25,Yolo,113,214977,21559,21084,1454,22538,270
2021-12-25,Yuba,115,75493,10828,10694,428,11122,98
2021-12-24,Alameda,001,1643700,131216,127221,3500,130721,1525
2021-12-24,Alpine,003,1148,114,113,0,113,0
2021-12-24,Amador,005,37829,5926,5861,80,5941,70
2021-12-24,Butte,007,227075,22460,22087,4107,26194,330
2021-12-24,Calaveras,009,45235,4646,4591,69,4660,91
2021-12-24,Colusa,011,21464,2666,2647,713,3360,21
2021-12-24,Contra Costa,013,1133247,107333,105022,2624,107646,1071
2021-12-24,Del Norte,015,27424,3836,3795,58,3853,43
2021-12-24,El Dorado,017,186661,17560,17188,1902,19090,172
2021-12-24,Fresno,019,978130,149659,148027,12997,161024,2358
2021-12-24,Glenn,021,27897,3650,3611,1045,4656,39
2021-12-24,Humboldt,023,135768,10329,10052,800,10852,119
2021-12-24,Imperial,025,180216,37384,36878,4382,41260,800
2021-12-24,Inyo,027,18085,2694,2636,60,2696,47
2021-12-24,Kern,029,883053,136035,134591,25470,160061,1908
2021-12-24,Kings,031,150075,34360,34009,2169,36178,379
2021-12-24,Lake,033,64148,7063,7019,179,7198,116
2021-12-24,Lassen,035,31185,7098,7072,451,7523,55
2021-12-24,Los Angeles,037,10098052,1566467,1515469,63738,1579207,27257
2021-12-24,Madera,039,155013,24968,24741,2423,27164,320
2021-12-24,Marin,041,260295,19909,19085,698,19783,249
2021-12-24,Mariposa,043,17540,1515,1480,63,1543,6
2021-12-24,Mendocino,045,87422,8387,8314,694,9008,98
2021-12-24,Merced,047,269075,44551,44208,2136,46344,690
2021-12-24,Modoc,049,8938,602,597,211,808,6
2021-12-24,Mono,051,14174,2037,2000,22,2022,4
2021-12-24,Monterey,053,433212,50101,49709,4927,54636,638
2021-12-24,Napa,055,140530,14248,13809,150,13959,107
2021-12-24,Nevada,057,99092,10335,10153,377,10530,110
2021-12-24,Orange,059,3164182,331961,322991,18105,341096,5863
2021-12-24,Placer,061,380077,40622,39852,4196,44048,489
2021-12-24,Plumas,063,18699,1997,1987,62,2049,12
2021-12-24,Riverside,065,2383286,392103,384567,17430,401997,5470
2021-12-24,Sacramento,067,1510023,172002,169144,5682,174826,2418
2021-12-24,San Benito,069,59416,8144,7991,207,8198,79
2021-12-24,San Bernardino,071,2135413,383544,376052,12450,388502,6043
2021-12-24,San Diego,073,3302833,419818,406616,23863,430479,4442
2021-12-24,San Francisco,075,870044,62454,58229,3384,61613,682
2021-12-24,San Joaquin,077,732212,106022,104590,5956,110546,1872
2021-12-24,San Luis Obispo,079,281455,31837,31290,1451,32741,365
2021-12-24,San Mateo,081,765935,59229,56973,2613,59586,581
2021-12-24,Santa Barbara,083,443738,48890,47553,1799,49352,567
2021-12-24,Santa Clara,085,1922200,161986,156872,2069,158941,1967
2021-12-24,Santa Cruz,087,273765,22739,22176,1168,23344,228
2021-12-24,Shasta,089,179085,23168,22959,3863,26822,432
2021-12-24,Sierra,091,2930,211,202,23,225,0
2021-12-24,Siskiyou,093,43540,3499,3460,1426,4886,60
2021-12-24,Solano,095,438530,48689,47646,1402,49048,377
2021-12-24,Sonoma,097,501317,45496,44358,633,44991,408
2021-12-24,Stanislaus,099,539301,84268,83368,9702,93070,1331
2021-12-24,Sutter,101,95872,14683,14533,431,14964,191
2021-12-24,Tehama,103,63373,8952,8861,1600,10461,136
2021-12-24,Trinity,105,12862,883,826,219,1045,17
2021-12-24,Tulare,107,460477,72179,71292,17428,88720,1137
2021-12-24,Tuolumne,109,53932,8020,7919,117,8036,91
2021-12-24,Ventura,111,848112,106359,103498,4807,108305,1206
2021-12-24,Yolo,113,214977,21488,21084,1434,22518,270
2021-12-24,Yuba,115,75493,10805,10694,427,11121,98
2021-12-23,Alameda,001,1643700,130563,127221,3469,130690,1525
2021-12-23,Alpine,003,1148,114,113,0,113,0
2021-12-23,Amador,005,37829,5914,5861,78,5939,70
2021-12-23,Butte,007,227075,22411,22087,4095,26182,330
2021-12-23,Calaveras,009,45235,4636,4591,69,4660,91
2021-12-23,Colusa,011,21464,2660,2647,709,3356,21
2021-12-23,Contra Costa,013,1133247,106949,105022,2597,107619,1071
2021-12-23,Del Norte,015,27424,3833,3795,58,3853,43
2021-12-23,El Dorado,017,186661,17503,17188,1896,19084,172
2021-12-23,Fresno,019,978130,149470,148027,12985,161012,2358
2021-12-23,Glenn,021,27897,3648,3611,1045,4656,39
2021-12-23,Humboldt,023,135768,10276,10052,797,10849,119
2021-12-23,Imperial,025,180216,37318,36878,4351,41229,800
2021-12-23,Inyo,027,18085,2682,2636,60,2696,47
2021-12-23,Kern,029,883053,135887,134591,25377,159968,1908
2021-12-23,Kings,031,150075,34322,34009,2168,36177,379
2021-12-23,Lake,033,64148,7053,7019,177,7196,116
2021-12-23,Lassen,035,31185,7097,7072,451,7523,55
2021-12-23,Los Angeles,037,10098052,1557606,1515469,62732,1578201,27257
2021-12-23,Madera,039,155013,24937,24741,2420,27161,320
2021-12-23,Marin,041,260295,19778,19085,684,19769,249
2021-12-23,Mariposa,043,17540,1510,1480,63,1543,6
2021-12-23,Mendocino,045,87422,8379,8314,694,9008,98
2021-12-23,Merced,047,269075,44506,44208,2134,46342,690
2021-12-23,Modoc,049,8938,602,597,211,808,6
2021-12-23,Mono,051,14174,2034,2000,21,2021,4
2021-12-23,Monterey,053,433212,50042,49709,4854,54563,638
2021-12-23,Napa,055,140530,14168,13809,148,13957,107
2021-12-23,Nevada,057,99092,10312,10153,376,10529,110
2021-12-23,Orange,059,3164182,330335,322991,17853,340844,5863
2021-12-23,Placer,061,380077,40502,39852,4180,44032,489
2021-12-23,Plumas,063,18699,1997,1987,62,2049,12
2021-12-23,Riverside,065,2383286,390923,384567,17410,401977,5470
2021-12-23,Sacramento,067,1510023,171576,169144,5647,174791,2418
2021-12-23,San Benito,069,59416,8126,7991,204,8195,79
2021-12-23,San Bernardino,071,2135413,382450,376052,12385,388437,6043
2021-12-23,San Diego,073,3302833,418037,406616,23772,430388,4442
2021-12-23,San Francisco,075,870044,61776,58229,3316,61545,682
2021-12-23,San Joaquin,077,732212,105807,104590,5945,110535,1872
2021-12-23,San Luis Obispo,079,281455,31778,31290,1447,32737,365
2021-12-23,San Mateo,081,765935,58780,56973,2518,59491,581
2021-12-23,Santa Barbara,083,443738,48694,47553,1796,49349,567
2021-12-23,Santa Clara,085,1922200,161088,156872,2010,158882,1967
2021-12-23,Santa Cruz,087,273765,22629,22176,1152,23328,228
2021-12-23,Shasta,089,179085,23142,22959,3860,26819,432
2021-12-23,Sierra,091,2930,208,202,23,225,0
2021-12-23,Siskiyou,093,43540,3499,3460,1424,4884,60
2021-12-23,Solano,095,438530,48588,47646,1388,49034,377
2021-12-23,Sonoma,097,501317,45321,44358,631,44989,408
2021-12-23,Stanislaus,099,539301,84143,83368,9690,93058,1331
2021-12-23,Sutter,101,95872,14665,14533,430,14963,191
2021-12-23,Tehama,103,63373,8940,8861,1596,10457,136
2021-12-23,Trinity,105,12862,883,826,219,1045,17
2021-12-23,Tulare,107,460477,72106,71292,17383,88675,1137
2021-12-23,Tuolumne,109,53932,8002,7919,116,8035,91
2021-12-23,Ventura,111,848112,105834,103498,4773,108271,1206
2021-12-23,Yolo,113,214977,21421,21084,1417,22501,270
2021-12-23,Yuba,115,75493,10792,10694,427,11121,98
2021-12-22,Alameda,001,1643700,129705,126533,3401,129934,1522
2021-12-22,Alpine,003,1148,114,112,0,112,0
2021-12-22,Amador,005,37829,5901,5850,77,5927,70
2021-12-22,Butte,007,227075,22363,22070,4084,26154,330
2021-12-22,Calaveras,009,45235,4627,4580,69,4649,91
2021-12-22,Colusa,011,21464,2660,2645,706,3351,21
2021-12-22,Contra Costa,013,1133247,106373,104559,2574,107133,1070
2021-12-22,Del Norte,015,27424,3833,3794,58,3852,43
2021-12-22,El Dorado,017,186661,17443,17140,1887,19027,172
2021-12-22,Fresno,019,978130,149221,147838,12967,160805,2349
2021-12-22,Glenn,021,27897,3642,3604,1044,4648,39
2021-12-22,Humboldt,023,135768,10216,10022,792,10814,119
2021-12-22,Imperial,025,180216,37240,36755,4312,41067,798
2021-12-22,Inyo,027,18085,2664,2632,60,2692,47
2021-12-22,Kern,029,883053,135652,134433,25301,159734,1900
2021-12-22,Kings,031,150075,34275,33953,2161,36114,376
2021-12-22,Lake,033,64148,7047,7008,176,7184,116
2021-12-22,Lassen,035,31185,7092,7069,450,7519,55
2021-12-22,Los Angeles,037,10098052,1544548,1507110,61761,1568871,27234
2021-12-22,Madera,039,155013,24898,24702,2416,27118,320
2021-12-22,Marin,041,260295,19560,18927,666,19593,249
2021-12-22,Mariposa,043,17540,1503,1480,63,1543,6
2021-12-22,Mendocino,045,87422,8370,8299,694,8993,99
2021-12-22,Merced,047,269075,44434,44137,2133,46270,689
2021-12-22,Modoc,049,8938,602,595,211,806,6
2021-12-22,Mono,051,14174,2029,1979,20,1999,4
2021-12-22,Monterey,053,433212,49947,49650,4786,54436,639
2021-12-22,Napa,055,140530,14041,13746,145,13891,107
2021-12-22,Nevada,057,99092,10285,10101,372,10473,110
2021-12-22,Orange,059,3164182,328123,321765,17610,339375,5858
2021-12-22,Placer,061,380077,40323,39758,4154,43912,489
2021-12-22,Plumas,063,18699,1994,1986,62,2048,12
2021-12-22,Riverside,065,2383286,389145,383319,17375,400694,5472
2021-12-22,Sacramento,067,1510023,170950,168695,5599,174294,2422
2021-12-22,San Benito,069,59416,8073,7971,202,8173,79
2021-12-22,San Bernardino,071,2135413,380858,375044,12341,387385,6039
2021-12-22,San Diego,073,3302833,413975,404269,23603,427872,4434
2021-12-22,San Francisco,075,870044,60800,57520,3265,60785,682
2021-12-22,San Joaquin,077,732212,105539,104385,5932,110317,1870
2021-12-22,San Luis Obispo,079,281455,31633,31175,1431,32606,365
2021-12-22,San Mateo,081,765935,58236,56604,2382,58986,581
2021-12-22,Santa Barbara,083,443738,48444,47372,1788,49160,566
2021-12-22,Santa Clara,085,1922200,159977,156258,1978,158236,1954
2021-12-22,Santa Cruz,087,273765,22524,22075,1147,23222,228
2021-12-22,Shasta,089,179085,23114,22937,3856,26793,432
2021-12-22,Sierra,091,2930,208,202,23,225,0
2021-12-22,Siskiyou,093,43540,3496,3458,1421,4879,59
2021-12-22,Solano,095,438530,48407,47531,1374,48905,375
2021-12-22,Sonoma,097,501317,45045,44201,621,44822,408
2021-12-22,Stanislaus,099,539301,84004,83245,9680,92925,1331
2021-12-22,Sutter,101,95872,14630,14513,427,14940,191
2021-12-22,Tehama,103,63373,8926,8853,1593,10446,136
2021-12-22,Trinity,105,12862,883,826,219,1045,17
2021-12-22,Tulare,107,460477,72010,71226,17331,88557,1137
2021-12-22,Tuolumne,109,53932,7982,7903,116,8019,91
2021-12-22,Ventura,111,848112,105234,103089,4733,107822,1206
2021-12-22,Yolo,113,214977,21348,21012,1402,22414,270
2021-12-22,Yuba,115,75493,10774,10681,427,11108,98
2021-12-21,Alameda,001,1643700,128755,126007,3362,129369,1518
2021-12-21,Alpine,003,1148,114,112,0,112,0
2021-12-21,Amador,005,37829,5891,5845,77,5922,70
2021-12-21,Butte,007,227075,22302,22041,4072,26113,330
2021-12-21,Calaveras,009,45235,4614,4575,68,4643,91
2021-12-21,Colusa,011,21464,2658,2643,705,3348,21
2021-12-21,Contra Costa,013,1133247,105795,104255,2545,106800,1068
2021-12-21,Del Norte,015,27424,3832,3793,58,3851,43
2021-12-21,El Dorado,017,186661,17382,17098,1877,18975,172
2021-12-21,Fresno,019,978130,148960,147707,12952,160659,2341
2021-12-21,Glenn,021,27897,3627,3602,1044,4646,39
2021-12-21,Humboldt,023,135768,10150,9989,787,10776,118
2021-12-21,Imperial,025,180216,37149,36580,4268,40848,792
2021-12-21,Inyo,027,18085,2652,2627,60,2687,47
2021-12-21,Kern,029,883053,135445,134321,25198,159519,1892
2021-12-21,Kings,031,150075,34220,33914,2160,36074,376
2021-12-21,Lake,033,64148,7042,7004,175,7179,116
2021-12-21,Lassen,035,31185,7090,7069,450,7519,55
2021-12-21,Los Angeles,037,10098052,1531020,1501169,60890,1562059,27220
2021-12-21,Madera,039,155013,24863,24688,2410,27098,320
2021-12-21,Marin,041,260295,19392,18828,637,19465,249
2021-12-21,Mariposa,043,17540,1502,1480,62,1542,6
2021-12-21,Mendocino,045,87422,8354,8282,693,8975,97
2021-12-21,Merced,047,269075,44363,44096,2130,46226,688
2021-12-21,Modoc,049,8938,600,595,209,804,6
2021-12-21,Mono,051,14174,2003,1979,20,1999,4
2021-12-21,Monterey,053,433212,49889,49586,4739,54325,638
2021-12-21,Napa,055,140530,13941,13703,140,13843,107
2021-12-21,Nevada,057,99092,10256,10095,372,10467,110
2021-12-21,Orange,059,3164182,326038,320705,17366,338071,5855
2021-12-21,Placer,061,380077,40194,39649,4125,43774,487
2021-12-21,Plumas,063,18699,1994,1975,61,2036,12
2021-12-21,Riverside,065,2383286,387453,382415,17336,399751,5465
2021-12-21,Sacramento,067,1510023,170339,168422,5550,173972,2419
2021-12-21,San Benito,069,59416,8033,7950,200,8150,79
2021-12-21,San Bernardino,071,2135413,379313,374219,12308,386527,6026
2021-12-21,San Diego,073,3302833,410284,402386,23469,425855,4424
2021-12-21,San Francisco,075,870044,59895,56950,3199,60149,681
2021-12-21,San Joaquin,077,732212,105256,104238,5916,110154,1870
2021-12-21,San Luis Obispo,079,281455,31471,31103,1423,32526,365
2021-12-21,San Mateo,081,765935,57740,56381,2276,58657,581
2021-12-21,Santa Barbara,083,443738,48220,47194,1783,48977,564
2021-12-21,Santa Clara,085,1922200,158974,155769,1953,157722,1951
2021-12-21,Santa Cruz,087,273765,22411,22028,1136,23164,228
2021-12-21,Shasta,089,179085,23084,22920,3853,26773,429
2021-12-21,Sierra,091,2930,206,201,23,224,0
2021-12-21,Siskiyou,093,43540,3495,3455,1421,4876,59
2021-12-21,Solano,095,438530,48256,47474,1370,48844,372
2021-12-21,Sonoma,097,501317,44823,44051,619,44670,408
2021-12-21,Stanislaus,099,539301,83851,83167,9660,92827,1331
2021-12-21,Sutter,101,95872,14607,14492,426,14918,190
2021-12-21,Tehama,103,63373,8918,8849,1589,10438,136
2021-12-21,Trinity,105,12862,883,826,219,1045,17
2021-12-21,Tulare,107,460477,71923,71166,17288,88454,1137
2021-12-21,Tuolumne,109,53932,7958,7893,116,8009,91
2021-12-21,Ventura,111,848112,104618,102631,4698,107329,1205
2021-12-21,Yolo,113,214977,21241,20944,1398,22342,267
2021-12-21,Yuba,115,75493,10758,10668,427,11095,98
2021-12-20,Alameda,001,1643700,127859,125762,3316,129078,1515
2021-12-20,Alpine,003,1148,114,112,0,112,0
2021-12-20,Amador,005,37829,5878,5838,77,5915,70
2021-12-20,Butte,007,227075,22240,22030,4063,26093,329
2021-12-20,Calaveras,009,45235,4604,4569,68,4637,91
2021-12-20,Colusa,011,21464,2656,2644,704,3348,21
2021-12-20,Contra Costa,013,1133247,105288,104051,2525,106576,1068
2021-12-20,Del Norte,015,27424,3830,3792,58,3850,43
2021-12-20,El Dorado,017,186661,17321,17083,1866,18949,172
2021-12-20,Fresno,019,978130,148724,147605,12934,160539,2341
2021-12-20,Glenn,021,27897,3619,3597,1044,4641,39
2021-12-20,Humboldt,023,135768,10107,9973,784,10757,118
2021-12-20,Imperial,025,180216,37038,36532,4236,40768,792
2021-12-20,Inyo,027,18085,2649,2615,59,2674,47
2021-12-20,Kern,029,883053,135252,134203,25142,159345,1883
2021-12-20,Kings,031,150075,34176,33898,2159,36057,376
2021-12-20,Lake,033,64148,7037,6999,175,7174,116
2021-12-20,Lassen,035,31185,7088,7065,449,7514,55
2021-12-20,Los Angeles,037,10098052,1519839,1495251,60300,1555551,27188
2021-12-20,Madera,039,155013,24834,24668,2405,27073,313
2021-12-20,Marin,041,260295,19178,18747,624,19371,249
2021-12-20,Mariposa,043,17540,1493,1479,62,1541,6
2021-12-20,Mendocino,045,87422,8342,8264,691,8955,96
2021-12-20,Merced,047,269075,44306,44071,2125,46196,687
2021-12-20,Modoc,049,8938,600,595,206,801,6
2021-12-20,Mono,051,14174,1983,1973,20,1993,4
2021-12-20,Monterey,053,433212,49821,49556,4694,54250,636
2021-12-20,Napa,055,140530,13859,13672,138,13810,107
2021-12-20,Nevada,057,99092,10216,10079,372,10451,109
2021-12-20,Orange,059,3164182,324466,320235,17184,337419,5852
2021-12-20,Placer,061,380077,40067,39579,4100,43679,485
2021-12-20,Plumas,063,18699,1992,1971,59,2030,12
2021-12-20,Riverside,065,2383286,386020,381841,17309,399150,5452
2021-12-20,Sacramento,067,1510023,169775,168153,5510,173663,2414
2021-12-20,San Benito,069,59416,7988,7934,198,8132,79
2021-12-20,San Bernardino,071,2135413,377879,373881,12262,386143,6023
2021-12-20,San Diego,073,3302833,407066,401483,23360,424843,4412
2021-12-20,San Francisco,075,870044,58850,56661,3128,59789,681
2021-12-20,San Joaquin,077,732212,105015,104188,5910,110098,1865
2021-12-20,San Luis Obispo,079,281455,31370,31075,1418,32493,365
2021-12-20,San Mateo,081,765935,57282,56247,2185,58432,581
2021-12-20,Santa Barbara,083,443738,48014,47131,1782,48913,562
2021-12-20,Santa Clara,085,1922200,158011,155427,1916,157343,1950
2021-12-20,Santa Cruz,087,273765,22330,21989,1130,23119,227
2021-12-20,Shasta,089,179085,23063,22888,3849,26737,429
2021-12-20,Sierra,091,2930,205,201,23,224,0
2021-12-20,Siskiyou,093,43540,3494,3453,1419,4872,59
2021-12-20,Solano,095,438530,48128,47394,1362,48756,370
2021-12-20,Sonoma,097,501317,44636,43982,616,44598,408
2021-12-20,Stanislaus,099,539301,83726,83110,9645,92755,1331
2021-12-20,Sutter,101,95872,14585,14480,426,14906,190
2021-12-20,Tehama,103,63373,8910,8840,1587,10427,136
2021-12-20,Trinity,105,12862,883,826,219,1045,17
2021-12-20,Tulare,107,460477,71836,71124,17221,88345,1129
2021-12-20,Tuolumne,109,53932,7945,7867,112,7979,91
2021-12-20,Ventura,111,848112,104108,102452,4676,107128,1203
2021-12-20,Yolo,113,214977,21156,20903,1387,22290,267
2021-12-20,Yuba,115,75493,10742,10656,424,11080,97
2021-12-19,Alameda,001,1643700,127027,125464,3276,128740,1519
2021-12-19,Alpine,003,1148,114,112,0,112,0
2021-12-19,Amador,005,37829,5866,5832,76,5908,70
2021-12-19,Butte,007,227075,22187,22022,4057,26079,329
2021-12-19,Calaveras,009,45235,4588,4563,67,4630,91
2021-12-19,Colusa,011,21464,2656,2643,701,3344,21
2021-12-19,Contra Costa,013,1133247,104810,103906,2500,106406,1068
2021-12-19,Del Norte,015,27424,3826,3797,58,3855,43
2021-12-19,El Dorado,017,186661,17265,17067,1864,18931,172
2021-12-19,Fresno,019,978130,148492,147505,12920,160425,2341
2021-12-19,Glenn,021,27897,3615,3596,1044,4640,39
2021-12-19,Humboldt,023,135768,10068,9957,779,10736,118
2021-12-19,Imperial,025,180216,36914,36501,4192,40693,792
2021-12-19,Inyo,027,18085,2640,2613,59,2672,47
2021-12-19,Kern,029,883053,135057,134136,25076,159212,1883
2021-12-19,Kings,031,150075,34117,33874,2155,36029,378
2021-12-19,Lake,033,64148,7028,6999,172,7171,116
2021-12-19,Lassen,035,31185,7084,7065,449,7514,55
2021-12-19,Los Angeles,037,10098052,1511186,1495082,59791,1554873,27189
2021-12-19,Madera,039,155013,24809,24642,2400,27042,313
2021-12-19,Marin,041,260295,19004,18707,612,19319,249
2021-12-19,Mariposa,043,17540,1487,1475,62,1537,6
2021-12-19,Mendocino,045,87422,8325,8257,688,8945,96
2021-12-19,Merced,047,269075,44211,44045,2117,46162,687
2021-12-19,Modoc,049,8938,599,595,206,801,6
2021-12-19,Mono,051,14174,1978,1968,20,1988,4
2021-12-19,Monterey,053,433212,49746,49516,4646,54162,636
2021-12-19,Napa,055,140530,13786,13659,136,13795,107
2021-12-19,Nevada,057,99092,10181,10057,369,10426,109
2021-12-19,Orange,059,3164182,323103,319615,17027,336642,5852
2021-12-19,Placer,061,380077,39947,39525,4086,43611,485
2021-12-19,Plumas,063,18699,1989,1971,59,2030,12
2021-12-19,Riverside,065,2383286,384600,381305,17285,398590,5452
2021-12-19,Sacramento,067,1510023,169290,167933,5481,173414,2415
2021-12-19,San Benito,069,59416,7962,7929,197,8126,79
2021-12-19,San Bernardino,071,2135413,376619,373480,12237,385717,6023
2021-12-19,San Diego,073,3302833,404567,398197,23260,421457,4406
2021-12-19,San Francisco,075,870044,57994,56358,3053,59411,681
2021-12-19,San Joaquin,077,732212,104758,104125,5899,110024,1865
2021-12-19,San Luis Obispo,079,281455,31255,31035,1410,32445,366
2021-12-19,San Mateo,081,765935,56894,56132,2109,58241,581
2021-12-19,Santa Barbara,083,443738,47794,47070,1780,48850,562
2021-12-19,Santa Clara,085,1922200,157112,155049,1890,156939,1950
2021-12-19,Santa Cruz,087,273765,22230,21960,1124,23084,227
2021-12-19,Shasta,089,179085,23027,22875,3845,26720,429
2021-12-19,Sierra,091,2930,204,201,23,224,0
2021-12-19,Siskiyou,093,43540,3491,3452,1419,4871,59
2021-12-19,Solano,095,438530,48011,47341,1357,48698,370
2021-12-19,Sonoma,097,501317,44455,43944,615,44559,408
2021-12-19,Stanislaus,099,539301,83588,83040,9622,92662,1331
2021-12-19,Sutter,101,95872,14546,14475,425,14900,190
2021-12-19,Tehama,103,63373,8903,8840,1587,10427,136
2021-12-19,Trinity,105,12862,883,826,219,1045,17
2021-12-19,Tulare,107,460477,71742,71085,17178,88263,1129
2021-12-19,Tuolumne,109,53932,7929,7865,110,7975,91
2021-12-19,Ventura,111,848112,103530,102170,4650,106820,1203
2021-12-19,Yolo,113,214977,21082,20887,1369,22256,267
2021-12-19,Yuba,115,75493,10725,10646,422,11068,97
2021-12-18,Alameda,001,1643700,126640,124583,3258,127841,1512
2021-12-18,Alpine,003,1148,114,110,0,110,0
2021-12-18,Amador,005,37829,5860,5821,76,5897,69
2021-12-18,Butte,007,227075,22170,21956,4052,26008,328
2021-12-18,Calaveras,009,45235,4581,4534,67,4601,91
2021-12-18,Colusa,011,21464,2654,2635,699,3334,21
2021-12-18,Contra Costa,013,1133247,104603,103380,2490,105870,1065
2021-12-18,Del Norte,015,27424,3823,3791,58,3849,43
2021-12-18,El Dorado,017,186661,17237,16968,1861,18829,171
2021-12-18,Fresno,019,978130,148390,147038,12916,159954,2335
2021-12-18,Glenn,021,27897,3612,3590,1044,4634,39
2021-12-18,Humboldt,023,135768,10052,9889,779,10668,118
2021-12-18,Imperial,025,180216,36848,36280,4181,40461,790
2021-12-18,Inyo,027,18085,2634,2607,59,2666,47
2021-12-18,Kern,029,883053,134967,133754,25032,158786,1873
2021-12-18,Kings,031,150075,34088,33783,2151,35934,374
2021-12-18,Lake,033,64148,7027,6976,172,7148,115
2021-12-18,Lassen,035,31185,7082,7061,448,7509,55
2021-12-18,Los Angeles,037,10098052,1507354,1484840,59511,1544351,27135
2021-12-18,Madera,039,155013,24795,24575,2398,26973,313
2021-12-18,Marin,041,260295,18906,18537,603,19140,249
2021-12-18,Mariposa,043,17540,1486,1468,62,1530,6
2021-12-18,Mendocino,045,87422,8319,8219,688,8907,95
2021-12-18,Merced,047,269075,44178,43929,2116,46045,686
2021-12-18,Modoc,049,8938,597,595,206,801,6
2021-12-18,Mono,051,14174,1978,1956,20,1976,4
2021-12-18,Monterey,053,433212,49713,49343,4617,53960,635
2021-12-18,Napa,055,140530,13760,13581,135,13716,107
2021-12-18,Nevada,057,99092,10159,9991,366,10357,108
2021-12-18,Orange,059,3164182,322451,318149,16924,335073,5844
2021-12-18,Placer,061,380077,39847,39336,4078,43414,485
2021-12-18,Plumas,063,18699,1989,1964,59,2023,13
2021-12-18,Riverside,065,2383286,383913,379354,17272,396626,5439
2021-12-18,Sacramento,067,1510023,169051,167046,5466,172512,2404
2021-12-18,San Benito,069,59416,7947,7894,197,8091,79
2021-12-18,San Bernardino,071,2135413,375987,371658,12217,383875,6017
2021-12-18,San Diego,073,3302833,403620,397130,23230,420360,4399
2021-12-18,San Francisco,075,870044,57513,55562,3006,58568,679
2021-12-18,San Joaquin,077,732212,104670,103698,5891,109589,1858
2021-12-18,San Luis Obispo,079,281455,31217,30873,1405,32278,365
2021-12-18,San Mateo,081,765935,56683,55730,2083,57813,580
2021-12-18,Santa Barbara,083,443738,47698,46776,1779,48555,562
2021-12-18,Santa Clara,085,1922200,156660,154243,1879,156122,1946
2021-12-18,Santa Cruz,087,273765,22178,21805,1122,22927,225
2021-12-18,Shasta,089,179085,23006,22811,3845,26656,429
2021-12-18,Sierra,091,2930,204,199,23,222,0
2021-12-18,Siskiyou,093,43540,3489,3441,1418,4859,58
2021-12-18,Solano,095,438530,47966,47174,1355,48529,369
2021-12-18,Sonoma,097,501317,44344,43658,613,44271,407
2021-12-18,Stanislaus,099,539301,83507,82736,9612,92348,1330
2021-12-18,Sutter,101,95872,14528,14435,425,14860,190
2021-12-18,Tehama,103,63373,8897,8814,1586,10400,136
2021-12-18,Trinity,105,12862,883,823,219,1042,17
2021-12-18,Tulare,107,460477,71706,70922,17153,88075,1120
2021-12-18,Tuolumne,109,53932,7916,7834,110,7944,91
2021-12-18,Ventura,111,848112,103246,101612,4641,106253,1201
2021-12-18,Yolo,113,214977,21042,20793,1363,22156,267
2021-12-18,Yuba,115,75493,10714,10599,422,11021,96
2021-12-17,Alameda,001,1643700,126327,124583,3238,127821,1512
2021-12-17,Alpine,003,1148,114,110,0,110,0
2021-12-17,Amador,005,37829,5853,5821,76,5897,69
2021-12-17,Butte,007,227075,22150,21956,4046,26002,328
2021-12-17,Calaveras,009,45235,4577,4534,67,4601,91
2021-12-17,Colusa,011,21464,2653,2635,698,3333,21
2021-12-17,Contra Costa,013,1133247,104403,103380,2486,105866,1065
2021-12-17,Del Norte,015,27424,3822,3791,58,3849,43
2021-12-17,El Dorado,017,186661,17208,16968,1858,18826,171
2021-12-17,Fresno,019,978130,148286,147038,12915,159953,2335
2021-12-17,Glenn,021,27897,3608,3590,1044,4634,39
2021-12-17,Humboldt,023,135768,10033,9889,777,10666,118
2021-12-17,Imperial,025,180216,36790,36280,4162,40442,790
2021-12-17,Inyo,027,18085,2629,2607,59,2666,47
2021-12-17,Kern,029,883053,134879,133754,24994,158748,1873
2021-12-17,Kings,031,150075,34070,33783,2151,35934,374
2021-12-17,Lake,033,64148,7023,6976,172,7148,115
2021-12-17,Lassen,035,31185,7082,7061,447,7508,55
2021-12-17,Los Angeles,037,10098052,1503509,1484840,59267,1544107,27135
2021-12-17,Madera,039,155013,24779,24575,2393,26968,313
2021-12-17,Marin,041,260295,18829,18537,597,19134,249
2021-12-17,Mariposa,043,17540,1482,1468,62,1530,6
2021-12-17,Mendocino,045,87422,8308,8219,688,8907,95
2021-12-17,Merced,047,269075,44150,43929,2115,46044,686
2021-12-17,Modoc,049,8938,597,595,206,801,6
2021-12-17,Mono,051,14174,1975,1956,20,1976,4
2021-12-17,Monterey,053,433212,49669,49343,4599,53942,635
2021-12-17,Napa,055,140530,13733,13581,134,13715,107
2021-12-17,Nevada,057,99092,10148,9991,366,10357,108
2021-12-17,Orange,059,3164182,321902,318149,16858,335007,5844
2021-12-17,Placer,061,380077,39795,39336,4071,43407,485
2021-12-17,Plumas,063,18699,1988,1964,59,2023,13
2021-12-17,Riverside,065,2383286,383273,379354,17263,396617,5439
2021-12-17,Sacramento,067,1510023,168826,167046,5452,172498,2404
2021-12-17,San Benito,069,59416,7945,7894,197,8091,79
2021-12-17,San Bernardino,071,2135413,375458,371658,12199,383857,6017
2021-12-17,San Diego,073,3302833,402691,397130,23180,420310,4399
2021-12-17,San Francisco,075,870044,57194,55562,2969,58531,679
2021-12-17,San Joaquin,077,732212,104596,103698,5881,109579,1858
2021-12-17,San Luis Obispo,079,281455,31190,30873,1401,32274,365
2021-12-17,San Mateo,081,765935,56519,55730,2058,57788,580
2021-12-17,Santa Barbara,083,443738,47621,46776,1773,48549,562
2021-12-17,Santa Clara,085,1922200,156290,154243,1862,156105,1946
2021-12-17,Santa Cruz,087,273765,22132,21805,1120,22925,225
2021-12-17,Shasta,089,179085,22993,22811,3843,26654,429
2021-12-17,Sierra,091,2930,203,199,23,222,0
2021-12-17,Siskiyou,093,43540,3485,3441,1416,4857,58
2021-12-17,Solano,095,438530,47898,47174,1351,48525,369
2021-12-17,Sonoma,097,501317,44249,43658,610,44268,407
2021-12-17,Stanislaus,099,539301,83456,82736,9606,92342,1330
2021-12-17,Sutter,101,95872,14517,14435,423,14858,190
2021-12-17,Tehama,103,63373,8890,8814,1585,10399,136
2021-12-17,Trinity,105,12862,883,823,219,1042,17
2021-12-17,Tulare,107,460477,71664,70922,17122,88044,1120
2021-12-17,Tuolumne,109,53932,7904,7834,110,7944,91
2021-12-17,Ventura,111,848112,102997,101612,4630,106242,1201
2021-12-17,Yolo,113,214977,21011,20793,1358,22151,267
2021-12-17,Yuba,115,75493,10703,10599,419,11018,96
2021-12-16,Alameda,001,1643700,125969,124583,3225,127808,1512
2021-12-16,Alpine,003,1148,112,110,0,110,0
2021-12-16,Amador,005,37829,5845,5821,76,5897,69
2021-12-16,Butte,007,227075,22132,21956,4043,25999,328
2021-12-16,Calaveras,009,45235,4569,4534,67,4601,91
2021-12-16,Colusa,011,21464,2653,2635,698,3333,21
2021-12-16,Contra Costa,013,1133247,104182,103380,2475,105855,1065
2021-12-16,Del Norte,015,27424,3819,3791,58,3849,43
2021-12-16,El Dorado,017,186661,17173,16968,1853,18821,171
2021-12-16,Fresno,019,978130,148129,147038,12908,159946,2335
2021-12-16,Glenn,021,27897,3607,3590,1044,4634,39
2021-12-16,Humboldt,023,135768,10008,9889,768,10657,118
2021-12-16,Imperial,025,180216,36708,36280,4131,40411,790
2021-12-16,Inyo,027,18085,2625,2607,58,2665,47
2021-12-16,Kern,029,883053,134738,133754,24944,158698,1873
2021-12-16,Kings,031,150075,34047,33783,2150,35933,374
2021-12-16,Lake,033,64148,7019,6976,172,7148,115
2021-12-16,Lassen,035,31185,7079,7061,446,7507,55
2021-12-16,Los Angeles,037,10098052,1499376,1484840,59015,1543855,27135
2021-12-16,Madera,039,155013,24751,24575,2389,26964,313
2021-12-16,Marin,041,260295,18782,18537,589,19126,249
2021-12-16,Mariposa,043,17540,1479,1468,62,1530,6
2021-12-16,Mendocino,045,87422,8297,8219,685,8904,95
2021-12-16,Merced,047,269075,44112,43929,2115,46044,686
2021-12-16,Modoc,049,8938,597,595,206,801,6
2021-12-16,Mono,051,14174,1966,1956,20,1976,4
2021-12-16,Monterey,053,433212,49609,49343,4572,53915,635
2021-12-16,Napa,055,140530,13702,13581,134,13715,107
2021-12-16,Nevada,057,99092,10122,9991,365,10356,108
2021-12-16,Orange,059,3164182,321310,318149,16781,334930,5844
2021-12-16,Placer,061,380077,39719,39336,4066,43402,485
2021-12-16,Plumas,063,18699,1988,1964,59,2023,13
2021-12-16,Riverside,065,2383286,382477,379354,17249,396603,5439
2021-12-16,Sacramento,067,1510023,168546,167046,5427,172473,2404
2021-12-16,San Benito,069,59416,7938,7894,197,8091,79
2021-12-16,San Bernardino,071,2135413,374824,371658,12182,383840,6017
2021-12-16,San Diego,073,3302833,401510,397130,23115,420245,4399
2021-12-16,San Francisco,075,870044,56838,55562,2938,58500,679
2021-12-16,San Joaquin,077,732212,104481,103698,5873,109571,1858
2021-12-16,San Luis Obispo,079,281455,31121,30873,1394,32267,365
2021-12-16,San Mateo,081,765935,56335,55730,2039,57769,580
2021-12-16,Santa Barbara,083,443738,47502,46776,1770,48546,562
2021-12-16,Santa Clara,085,1922200,155961,154243,1853,156096,1946
2021-12-16,Santa Cruz,087,273765,22085,21805,1119,22924,225
2021-12-16,Shasta,089,179085,22963,22811,3841,26652,429
2021-12-16,Sierra,091,2930,203,199,23,222,0
2021-12-16,Siskiyou,093,43540,3484,3441,1412,4853,58
2021-12-16,Solano,095,438530,47835,47174,1343,48517,369
2021-12-16,Sonoma,097,501317,44150,43658,608,44266,407
2021-12-16,Stanislaus,099,539301,83370,82736,9592,92328,1330
2021-12-16,Sutter,101,95872,14504,14435,422,14857,190
2021-12-16,Tehama,103,63373,8883,8814,1584,10398,136
2021-12-16,Trinity,105,12862,883,823,219,1042,17
2021-12-16,Tulare,107,460477,71616,70922,17095,88017,1120
2021-12-16,Tuolumne,109,53932,7885,7834,110,7944,91
2021-12-16,Ventura,111,848112,102729,101612,4623,106235,1201
2021-12-16,Yolo,113,214977,20962,20793,1352,22145,267
2021-12-16,Yuba,115,75493,10688,10599,418,11017,96
2021-12-15,Alameda,001,1643700,125658,124342,3212,127554,1509
2021-12-15,Alpine,003,1148,112,109,0,109,0
2021-12-15,Amador,005,37829,5839,5810,76,5886,69
2021-12-15,Butte,007,227075,22114,21922,4042,25964,327
2021-12-15,Calaveras,009,45235,4563,4523,67,4590,89
2021-12-15,Colusa,011,21464,2652,2632,697,3329,21
2021-12-15,Contra Costa,013,1133247,103968,103236,2472,105708,1064
2021-12-15,Del Norte,015,27424,3818,3789,57,3846,43
2021-12-15,El Dorado,017,186661,17141,16936,1847,18783,171
2021-12-15,Fresno,019,978130,148002,146859,12898,159757,2319
2021-12-15,Glenn,021,27897,3607,3589,1044,4633,39
2021-12-15,Humboldt,023,135768,9987,9854,767,10621,118
2021-12-15,Imperial,025,180216,36633,36187,4084,40271,789
2021-12-15,Inyo,027,18085,2620,2606,58,2664,47
2021-12-15,Kern,029,883053,134601,133590,24900,158490,1866
2021-12-15,Kings,031,150075,34018,33716,2146,35862,374
2021-12-15,Lake,033,64148,7010,6968,171,7139,115
2021-12-15,Lassen,035,31185,7079,7062,446,7508,55
2021-12-15,Los Angeles,037,10098052,1495536,1482735,58817,1541552,27116
2021-12-15,Madera,039,155013,24733,24549,2383,26932,313
2021-12-15,Marin,041,260295,18724,18514,584,19098,249
2021-12-15,Mariposa,043,17540,1476,1463,62,1525,6
2021-12-15,Mendocino,045,87422,8293,8209,682,8891,95
2021-12-15,Merced,047,269075,44072,43890,2103,45993,685
2021-12-15,Modoc,049,8938,597,595,206,801,6
2021-12-15,Mono,051,14174,1963,1955,20,1975,4
2021-12-15,Monterey,053,433212,49563,49279,4545,53824,635
2021-12-15,Napa,055,140530,13673,13557,132,13689,107
2021-12-15,Nevada,057,99092,10100,9958,365,10323,107
2021-12-15,Orange,059,3164182,320747,317808,16742,334550,5838
2021-12-15,Placer,061,380077,39666,39264,4056,43320,485
2021-12-15,Plumas,063,18699,1984,1957,59,2016,12
2021-12-15,Riverside,065,2383286,381765,378769,17238,396007,5438
2021-12-15,Sacramento,067,1510023,168245,166793,5405,172198,2401
2021-12-15,San Benito,069,59416,7925,7877,197,8074,79
2021-12-15,San Bernardino,071,2135413,374297,371122,12150,383272,6013
2021-12-15,San Diego,073,3302833,400328,396546,23044,419590,4395
2021-12-15,San Francisco,075,870044,56523,55414,2914,58328,679
2021-12-15,San Joaquin,077,732212,104334,103579,5863,109442,1853
2021-12-15,San Luis Obispo,079,281455,31073,30784,1387,32171,365
2021-12-15,San Mateo,081,765935,56213,55657,2017,57674,580
2021-12-15,Santa Barbara,083,443738,47422,46681,1768,48449,562
2021-12-15,Santa Clara,085,1922200,155650,153928,1830,155758,1944
2021-12-15,Santa Cruz,087,273765,22045,21753,1112,22865,225
2021-12-15,Shasta,089,179085,22948,22778,3837,26615,427
2021-12-15,Sierra,091,2930,203,199,23,222,0
2021-12-15,Siskiyou,093,43540,3483,3434,1411,4845,58
2021-12-15,Solano,095,438530,47766,47098,1337,48435,367
2021-12-15,Sonoma,097,501317,44067,43580,603,44183,407
2021-12-15,Stanislaus,099,539301,83261,82628,9584,92212,1298
2021-12-15,Sutter,101,95872,14484,14428,421,14849,189
2021-12-15,Tehama,103,63373,8876,8806,1583,10389,136
2021-12-15,Trinity,105,12862,882,822,219,1041,17
2021-12-15,Tulare,107,460477,71564,70846,17063,87909,1120
2021-12-15,Tuolumne,109,53932,7876,7818,109,7927,91
2021-12-15,Ventura,111,848112,102514,101447,4617,106064,1199
2021-12-15,Yolo,113,214977,20934,20749,1347,22096,267
2021-12-15,Yuba,115,75493,10677,10587,417,11004,96
2021-12-14,Alameda,001,1643700,125358,124272,3201,127473,1506
2021-12-14,Alpine,003,1148,111,109,0,109,0
2021-12-14,Amador,005,37829,5833,5808,75,5883,69
2021-12-14,Butte,007,227075,22082,21901,4040,25941,326
2021-12-14,Calaveras,009,45235,4551,4517,67,4584,89
2021-12-14,Colusa,011,21464,2650,2628,697,3325,21
2021-12-14,Contra Costa,013,1133247,103791,103135,2468,105603,1064
2021-12-14,Del Norte,015,27424,3815,3788,57,3845,43
2021-12-14,El Dorado,017,186661,17108,16915,1845,18760,170
2021-12-14,Fresno,019,978130,147835,146756,12895,159651,2316
2021-12-14,Glenn,021,27897,3605,3589,1044,4633,39
2021-12-14,Humboldt,023,135768,9973,9836,758,10594,118
2021-12-14,Imperial,025,180216,36568,36049,4042,40091,789
2021-12-14,Inyo,027,18085,2620,2601,58,2659,46
2021-12-14,Kern,029,883053,134465,133498,24853,158351,1863
2021-12-14,Kings,031,150075,33981,33693,2143,35836,373
2021-12-14,Lake,033,64148,7000,6961,171,7132,115
2021-12-14,Lassen,035,31185,7078,7061,446,7507,55
2021-12-14,Los Angeles,037,10098052,1491950,1481131,58641,1539772,27099
2021-12-14,Madera,039,155013,24707,24535,2375,26910,313
2021-12-14,Marin,041,260295,18676,18491,582,19073,249
2021-12-14,Mariposa,043,17540,1473,1463,61,1524,6
2021-12-14,Mendocino,045,87422,8266,8206,680,8886,95
2021-12-14,Merced,047,269075,44025,43870,2101,45971,684
2021-12-14,Modoc,049,8938,596,595,205,800,6
2021-12-14,Mono,051,14174,1958,1955,20,1975,4
2021-12-14,Monterey,053,433212,49492,49237,4522,53759,635
2021-12-14,Napa,055,140530,13645,13528,132,13660,107
2021-12-14,Nevada,057,99092,10074,9956,364,10320,106
2021-12-14,Orange,059,3164182,320202,317465,16693,334158,5827
2021-12-14,Placer,061,380077,39590,39221,4051,43272,482
2021-12-14,Plumas,063,18699,1980,1950,57,2007,12
2021-12-14,Riverside,065,2383286,381096,378227,17219,395446,5427
2021-12-14,Sacramento,067,1510023,167937,166605,5379,171984,2394
2021-12-14,San Benito,069,59416,7907,7871,197,8068,79
2021-12-14,San Bernardino,071,2135413,373684,370604,12121,382725,6013
2021-12-14,San Diego,073,3302833,399181,395876,22994,418870,4393
2021-12-14,San Francisco,075,870044,56225,55278,2891,58169,679
2021-12-14,San Joaquin,077,732212,104194,103488,5844,109332,1848
2021-12-14,San Luis Obispo,079,281455,31014,30753,1383,32136,363
2021-12-14,San Mateo,081,765935,56067,55601,1994,57595,580
2021-12-14,Santa Barbara,083,443738,47324,46648,1763,48411,560
2021-12-14,Santa Clara,085,1922200,155338,153814,1816,155630,1945
2021-12-14,Santa Cruz,087,273765,21980,21737,1108,22845,225
2021-12-14,Shasta,089,179085,22921,22756,3836,26592,427
2021-12-14,Sierra,091,2930,201,199,23,222,0
2021-12-14,Siskiyou,093,43540,3478,3430,1410,4840,58
2021-12-14,Solano,095,438530,47719,47065,1331,48396,367
2021-12-14,Sonoma,097,501317,43985,43538,602,44140,407
2021-12-14,Stanislaus,099,539301,83174,82581,9570,92151,1293
2021-12-14,Sutter,101,95872,14472,14421,420,14841,189
2021-12-14,Tehama,103,63373,8872,8805,1583,10388,134
2021-12-14,Trinity,105,12862,882,821,219,1040,17
2021-12-14,Tulare,107,460477,71491,70803,17032,87835,1120
2021-12-14,Tuolumne,109,53932,7863,7815,109,7924,91
2021-12-14,Ventura,111,848112,102292,101343,4610,105953,1199
2021-12-14,Yolo,113,214977,20901,20734,1333,22067,267
2021-12-14,Yuba,115,75493,10660,10574,417,10991,92
2021-12-13,Alameda,001,1643700,125086,124174,3183,127357,1501
2021-12-13,Alpine,003,1148,111,109,0,109,0
2021-12-13,Amador,005,37829,5829,5797,75,5872,69
2021-12-13,Butte,007,227075,22060,21889,4036,25925,326
2021-12-13,Calaveras,009,45235,4544,4507,66,4573,89
2021-12-13,Colusa,011,21464,2648,2627,697,3324,21
2021-12-13,Contra Costa,013,1133247,103645,103041,2456,105497,1064
2021-12-13,Del Norte,015,27424,3811,3787,57,3844,42
2021-12-13,El Dorado,017,186661,17085,16896,1843,18739,170
2021-12-13,Fresno,019,978130,147690,146641,12885,159526,2312
2021-12-13,Glenn,021,27897,3601,3589,1042,4631,37
2021-12-13,Humboldt,023,135768,9944,9821,754,10575,118
2021-12-13,Imperial,025,180216,36489,35974,4023,39997,787
2021-12-13,Inyo,027,18085,2619,2592,58,2650,46
2021-12-13,Kern,029,883053,134338,133381,24801,158182,1863
2021-12-13,Kings,031,150075,33938,33680,2138,35818,372
2021-12-13,Lake,033,64148,6998,6958,169,7127,115
2021-12-13,Lassen,035,31185,7077,7057,446,7503,55
2021-12-13,Los Angeles,037,10098052,1489219,1480195,58478,1538673,27085
2021-12-13,Madera,039,155013,24679,24527,2370,26897,311
2021-12-13,Marin,041,260295,18616,18471,579,19050,249
2021-12-13,Mariposa,043,17540,1470,1462,61,1523,6
2021-12-13,Mendocino,045,87422,8253,8196,678,8874,95
2021-12-13,Merced,047,269075,43988,43848,2096,45944,682
2021-12-13,Modoc,049,8938,595,595,205,800,6
2021-12-13,Mono,051,14174,1956,1952,20,1972,4
2021-12-13,Monterey,053,433212,49447,49222,4496,53718,631
2021-12-13,Napa,055,140530,13632,13518,132,13650,107
2021-12-13,Nevada,057,99092,10055,9946,363,10309,106
2021-12-13,Orange,059,3164182,319741,317112,16642,333754,5824
2021-12-13,Placer,061,380077,39529,39168,4040,43208,481
2021-12-13,Plumas,063,18699,1976,1943,57,2000,12
2021-12-13,Riverside,065,2383286,380515,377728,17203,394931,5414
2021-12-13,Sacramento,067,1510023,167660,166439,5345,171784,2392
2021-12-13,San Benito,069,59416,7898,7856,197,8053,79
2021-12-13,San Bernardino,071,2135413,373118,370274,12115,382389,6011
2021-12-13,San Diego,073,3302833,398360,395266,22942,418208,4389
2021-12-13,San Francisco,075,870044,55959,55245,2874,58119,678
2021-12-13,San Joaquin,077,732212,104079,103449,5835,109284,1846
2021-12-13,San Luis Obispo,079,281455,30968,30746,1380,32126,363
2021-12-13,San Mateo,081,765935,55925,55569,1975,57544,580
2021-12-13,Santa Barbara,083,443738,47239,46608,1758,48366,560
2021-12-13,Santa Clara,085,1922200,155069,153672,1805,155477,1944
2021-12-13,Santa Cruz,087,273765,21926,21698,1105,22803,225
2021-12-13,Shasta,089,179085,22901,22731,3834,26565,426
2021-12-13,Sierra,091,2930,201,199,23,222,0
2021-12-13,Siskiyou,093,43540,3474,3426,1406,4832,57
2021-12-13,Solano,095,438530,47658,47045,1326,48371,365
2021-12-13,Sonoma,097,501317,43889,43492,600,44092,407
2021-12-13,Stanislaus,099,539301,83060,82507,9550,92057,1282
2021-12-13,Sutter,101,95872,14465,14408,420,14828,188
2021-12-13,Tehama,103,63373,8860,8800,1583,10383,134
2021-12-13,Trinity,105,12862,882,820,219,1039,17
2021-12-13,Tulare,107,460477,71436,70758,17008,87766,1114
2021-12-13,Tuolumne,109,53932,7853,7804,109,7913,91
2021-12-13,Ventura,111,848112,102069,101180,4599,105779,1197
2021-12-13,Yolo,113,214977,20855,20706,1326,22032,267
2021-12-13,Yuba,115,75493,10643,10570,417,10987,92
2021-12-12,Alameda,001,1643700,124806,124075,3170,127245,1503
2021-12-12,Alpine,003,1148,111,109,0,109,0
2021-12-12,Amador,005,37829,5822,5797,74,5871,69
2021-12-12,Butte,007,227075,22035,21874,4033,25907,326
2021-12-12,Calaveras,009,45235,4534,4501,66,4567,89
2021-12-12,Colusa,011,21464,2643,2627,694,3321,21
2021-12-12,Contra Costa,013,1133247,103459,102976,2454,105430,1065
2021-12-12,Del Norte,015,27424,3808,3793,57,3850,42
2021-12-12,El Dorado,017,186661,17049,16890,1835,18725,170
2021-12-12,Fresno,019,978130,147529,146518,12873,159391,2310
2021-12-12,Glenn,021,27897,3601,3589,1041,4630,37
2021-12-12,Humboldt,023,135768,9920,9804,747,10551,118
2021-12-12,Imperial,025,180216,36350,35926,3990,39916,787
2021-12-12,Inyo,027,18085,2614,2592,58,2650,46
2021-12-12,Kern,029,883053,134174,133314,24760,158074,1861
2021-12-12,Kings,031,150075,33885,33661,2136,35797,372
2021-12-12,Lake,033,64148,6991,6955,167,7122,115
2021-12-12,Lassen,035,31185,7076,7057,446,7503,55
2021-12-12,Los Angeles,037,10098052,1486408,1479054,58297,1537351,27074
2021-12-12,Madera,039,155013,24649,24493,2362,26855,311
2021-12-12,Marin,041,260295,18563,18451,574,19025,249
2021-12-12,Mariposa,043,17540,1469,1461,61,1522,6
2021-12-12,Mendocino,045,87422,8240,8190,677,8867,95
2021-12-12,Merced,047,269075,43956,43821,2089,45910,682
2021-12-12,Modoc,049,8938,595,595,204,799,6
2021-12-12,Mono,051,14174,1955,1947,20,1967,4
2021-12-12,Monterey,053,433212,49400,49192,4463,53655,631
2021-12-12,Napa,055,140530,13589,13508,130,13638,107
2021-12-12,Nevada,057,99092,10029,9938,362,10300,106
2021-12-12,Orange,059,3164182,319245,316918,16582,333500,5825
2021-12-12,Placer,061,380077,39465,39139,4035,43174,481
2021-12-12,Plumas,063,18699,1972,1942,55,1997,12
2021-12-12,Riverside,065,2383286,379842,377467,17177,394644,5414
2021-12-12,Sacramento,067,1510023,167391,166291,5323,171614,2392
2021-12-12,San Benito,069,59416,7878,7853,197,8050,79
2021-12-12,San Bernardino,071,2135413,372493,369977,12092,382069,6011
2021-12-12,San Diego,073,3302833,397458,393307,22903,416210,4378
2021-12-12,San Francisco,075,870044,55711,55180,2857,58037,678
2021-12-12,San Joaquin,077,732212,103941,103405,5825,109230,1846
2021-12-12,San Luis Obispo,079,281455,30916,30719,1378,32097,363
2021-12-12,San Mateo,081,765935,55821,55505,1961,57466,580
2021-12-12,Santa Barbara,083,443738,47165,46586,1756,48342,560
2021-12-12,Santa Clara,085,1922200,154790,153452,1788,155240,1945
2021-12-12,Santa Cruz,087,273765,21878,21671,1103,22774,225
2021-12-12,Shasta,089,179085,22873,22732,3833,26565,426
2021-12-12,Sierra,091,2930,201,199,23,222,0
2021-12-12,Siskiyou,093,43540,3474,3424,1406,4830,57
2021-12-12,Solano,095,438530,47591,47021,1323,48344,365
2021-12-12,Sonoma,097,501317,43797,43424,597,44021,407
2021-12-12,Stanislaus,099,539301,82961,82460,9540,92000,1282
2021-12-12,Sutter,101,95872,14454,14396,420,14816,189
2021-12-12,Tehama,103,63373,8849,8796,1581,10377,134
2021-12-12,Trinity,105,12862,880,820,219,1039,17
2021-12-12,Tulare,107,460477,71359,70733,16966,87699,1115
2021-12-12,Tuolumne,109,53932,7836,7794,109,7903,91
2021-12-12,Ventura,111,848112,101874,101105,4586,105691,1197
2021-12-12,Yolo,113,214977,20805,20685,1315,22000,267
2021-12-12,Yuba,115,75493,10629,10565,414,10979,92
2021-12-11,Alameda,001,1643700,124683,123572,3167,126739,1496
2021-12-11,Alpine,003,1148,111,109,0,109,0
2021-12-11,Amador,005,37829,5817,5787,74,5861,69
2021-12-11,Butte,007,227075,22021,21819,4032,25851,326
2021-12-11,Calaveras,009,45235,4526,4469,65,4534,89
2021-12-11,Colusa,011,21464,2639,2619,693,3312,21
2021-12-11,Contra Costa,013,1133247,103375,102618,2452,105070,1061
2021-12-11,Del Norte,015,27424,3808,3778,57,3835,42
2021-12-11,El Dorado,017,186661,17028,16796,1834,18630,170
2021-12-11,Fresno,019,978130,147443,145988,12867,158855,2294
2021-12-11,Glenn,021,27897,3601,3585,1040,4625,37
2021-12-11,Humboldt,023,135768,9903,9721,744,10465,118
2021-12-11,Imperial,025,180216,36290,35635,3979,39614,782
2021-12-11,Inyo,027,18085,2609,2576,58,2634,46
2021-12-11,Kern,029,883053,134105,132852,24725,157577,1854
2021-12-11,Kings,031,150075,33871,33530,2134,35664,371
2021-12-11,Lake,033,64148,6990,6932,165,7097,114
2021-12-11,Lassen,035,31185,7075,7049,446,7495,55
2021-12-11,Los Angeles,037,10098052,1485226,1474030,58205,1532235,27031
2021-12-11,Madera,039,155013,24643,24417,2361,26778,311
2021-12-11,Marin,041,260295,18529,18339,571,18910,249
2021-12-11,Mariposa,043,17540,1468,1450,61,1511,6
2021-12-11,Mendocino,045,87422,8233,8130,677,8807,95
2021-12-11,Merced,047,269075,43937,43690,2088,45778,681
2021-12-11,Modoc,049,8938,595,594,204,798,6
2021-12-11,Mono,051,14174,1953,1926,20,1946,4
2021-12-11,Monterey,053,433212,49379,49008,4453,53461,631
2021-12-11,Napa,055,140530,13572,13459,130,13589,107
2021-12-11,Nevada,057,99092,10015,9880,362,10242,106
2021-12-11,Orange,059,3164182,318991,315759,16557,332316,5805
2021-12-11,Placer,061,380077,39407,38959,4028,42987,481
2021-12-11,Plumas,063,18699,1966,1934,55,1989,12
2021-12-11,Riverside,065,2383286,379426,375649,17162,392811,5408
2021-12-11,Sacramento,067,1510023,167266,165530,5313,170843,2386
2021-12-11,San Benito,069,59416,7864,7808,197,8005,79
2021-12-11,San Bernardino,071,2135413,372138,368145,12083,380228,6007
2021-12-11,San Diego,073,3302833,397033,392274,22862,415136,4374
2021-12-11,San Francisco,075,870044,55559,54869,2850,57719,678
2021-12-11,San Joaquin,077,732212,103881,103013,5821,108834,1842
2021-12-11,San Luis Obispo,079,281455,30893,30567,1374,31941,362
2021-12-11,San Mateo,081,765935,55747,55284,1958,57242,580
2021-12-11,Santa Barbara,083,443738,47131,46309,1756,48065,559
2021-12-11,Santa Clara,085,1922200,154593,152846,1776,154622,1941
2021-12-11,Santa Cruz,087,273765,21854,21557,1103,22660,225
2021-12-11,Shasta,089,179085,22858,22660,3829,26489,419
2021-12-11,Sierra,091,2930,201,199,23,222,0
2021-12-11,Siskiyou,093,43540,3468,3418,1403,4821,57
2021-12-11,Solano,095,438530,47562,46891,1318,48209,365
2021-12-11,Sonoma,097,501317,43749,43227,597,43824,407
2021-12-11,Stanislaus,099,539301,82911,82133,9532,91665,1264
2021-12-11,Sutter,101,95872,14445,14354,420,14774,187
2021-12-11,Tehama,103,63373,8846,8776,1579,10355,134
2021-12-11,Trinity,105,12862,880,819,219,1038,17
2021-12-11,Tulare,107,460477,71318,70523,16956,87479,1103
2021-12-11,Tuolumne,109,53932,7827,7760,109,7869,91
2021-12-11,Ventura,111,848112,101798,100711,4579,105290,1195
2021-12-11,Yolo,113,214977,20785,20608,1311,21919,267
2021-12-11,Yuba,115,75493,10617,10519,413,10932,92
2021-12-10,Alameda,001,1643700,124562,123572,3160,126732,1496
2021-12-10,Alpine,003,1148,110,109,0,109,0
2021-12-10,Amador,005,37829,5810,5787,74,5861,69
2021-12-10,Butte,007,227075,22008,21819,4030,25849,326
2021-12-10,Calaveras,009,45235,4523,4469,65,4534,89
2021-12-10,Colusa,011,21464,2638,2619,693,3312,21
2021-12-10,Contra Costa,013,1133247,103279,102618,2451,105069,1061
2021-12-10,Del Norte,015,27424,3808,3778,57,3835,42
2021-12-10,El Dorado,017,186661,17015,16796,1834,18630,170
2021-12-10,Fresno,019,978130,147353,145988,12863,158851,2294
2021-12-10,Glenn,021,27897,3601,3585,1040,4625,37
2021-12-10,Humboldt,023,135768,9886,9721,742,10463,118
2021-12-10,Imperial,025,180216,36233,35635,3963,39598,782
2021-12-10,Inyo,027,18085,2606,2576,58,2634,46
2021-12-10,Kern,029,883053,134017,132852,24701,157553,1854
2021-12-10,Kings,031,150075,33858,33530,2132,35662,371
2021-12-10,Lake,033,64148,6983,6932,165,7097,114
2021-12-10,Lassen,035,31185,7074,7049,446,7495,55
2021-12-10,Los Angeles,037,10098052,1484163,1474030,58119,1532149,27031
2021-12-10,Madera,039,155013,24625,24417,2359,26776,311
2021-12-10,Marin,041,260295,18507,18339,571,18910,249
2021-12-10,Mariposa,043,17540,1465,1450,61,1511,6
2021-12-10,Mendocino,045,87422,8226,8130,676,8806,95
2021-12-10,Merced,047,269075,43920,43690,2086,45776,681
2021-12-10,Modoc,049,8938,595,594,204,798,6
2021-12-10,Mono,051,14174,1950,1926,20,1946,4
2021-12-10,Monterey,053,433212,49349,49008,4442,53450,631
2021-12-10,Napa,055,140530,13560,13459,129,13588,107
2021-12-10,Nevada,057,99092,10006,9880,362,10242,106
2021-12-10,Orange,059,3164182,318718,315759,16525,332284,5805
2021-12-10,Placer,061,380077,39364,38959,4025,42984,481
2021-12-10,Plumas,063,18699,1964,1934,55,1989,12
2021-12-10,Riverside,065,2383286,379020,375649,17151,392800,5408
2021-12-10,Sacramento,067,1510023,167112,165530,5311,170841,2386
2021-12-10,San Benito,069,59416,7860,7808,197,8005,79
2021-12-10,San Bernardino,071,2135413,371766,368145,12063,380208,6007
2021-12-10,San Diego,073,3302833,396546,392274,22848,415122,4374
2021-12-10,San Francisco,075,870044,55475,54869,2844,57713,678
2021-12-10,San Joaquin,077,732212,103827,103013,5817,108830,1842
2021-12-10,San Luis Obispo,079,281455,30883,30567,1371,31938,362
2021-12-10,San Mateo,081,765935,55697,55284,1948,57232,580
2021-12-10,Santa Barbara,083,443738,47095,46309,1755,48064,559
2021-12-10,Santa Clara,085,1922200,154421,152846,1763,154609,1941
2021-12-10,Santa Cruz,087,273765,21835,21557,1102,22659,225
2021-12-10,Shasta,089,179085,22848,22660,3826,26486,419
2021-12-10,Sierra,091,2930,201,199,23,222,0
2021-12-10,Siskiyou,093,43540,3461,3418,1403,4821,57
2021-12-10,Solano,095,438530,47519,46891,1315,48206,365
2021-12-10,Sonoma,097,501317,43715,43227,596,43823,407
2021-12-10,Stanislaus,099,539301,82846,82133,9527,91660,1264
2021-12-10,Sutter,101,95872,14436,14354,420,14774,187
2021-12-10,Tehama,103,63373,8844,8776,1577,10353,134
2021-12-10,Trinity,105,12862,880,819,219,1038,17
2021-12-10,Tulare,107,460477,71288,70523,16929,87452,1103
2021-12-10,Tuolumne,109,53932,7822,7760,109,7869,91
2021-12-10,Ventura,111,848112,101694,100711,4576,105287,1195
2021-12-10,Yolo,113,214977,20770,20608,1309,21917,267
2021-12-10,Yuba,115,75493,10605,10519,412,10931,92
2021-12-09,Alameda,001,1643700,124424,123572,3155,126727,1496
2021-12-09,Alpine,003,1148,110,109,0,109,0
2021-12-09,Amador,005,37829,5807,5787,73,5860,69
2021-12-09,Butte,007,227075,21987,21819,4027,25846,326
2021-12-09,Calaveras,009,45235,4514,4469,65,4534,89
2021-12-09,Colusa,011,21464,2636,2619,693,3312,21
2021-12-09,Contra Costa,013,1133247,103160,102618,2445,105063,1061
2021-12-09,Del Norte,015,27424,3807,3778,57,3835,42
2021-12-09,El Dorado,017,186661,16988,16796,1829,18625,170
2021-12-09,Fresno,019,978130,147207,145988,12853,158841,2294
2021-12-09,Glenn,021,27897,3601,3585,1040,4625,37
2021-12-09,Humboldt,023,135768,9864,9721,741,10462,118
2021-12-09,Imperial,025,180216,36160,35635,3935,39570,782
2021-12-09,Inyo,027,18085,2604,2576,58,2634,46
2021-12-09,Kern,029,883053,133892,132852,24668,157520,1854
2021-12-09,Kings,031,150075,33832,33530,2129,35659,371
2021-12-09,Lake,033,64148,6976,6932,164,7096,114
2021-12-09,Lassen,035,31185,7072,7049,446,7495,55
2021-12-09,Los Angeles,037,10098052,1482643,1474030,58036,1532066,27031
2021-12-09,Madera,039,155013,24600,24417,2356,26773,311
2021-12-09,Marin,041,260295,18494,18339,569,18908,249
2021-12-09,Mariposa,043,17540,1464,1450,61,1511,6
2021-12-09,Mendocino,045,87422,8212,8130,676,8806,95
2021-12-09,Merced,047,269075,43881,43690,2075,45765,681
2021-12-09,Modoc,049,8938,595,594,204,798,6
2021-12-09,Mono,051,14174,1939,1926,20,1946,4
2021-12-09,Monterey,053,433212,49310,49008,4424,53432,631
2021-12-09,Napa,055,140530,13540,13459,125,13584,107
2021-12-09,Nevada,057,99092,9987,9880,362,10242,106
2021-12-09,Orange,059,3164182,318389,315759,16487,332246,5805
2021-12-09,Placer,061,380077,39321,38959,4012,42971,481
2021-12-09,Plumas,063,18699,1957,1934,55,1989,12
2021-12-09,Riverside,065,2383286,378475,375649,17136,392785,5408
2021-12-09,Sacramento,067,1510023,166894,165530,5295,170825,2386
2021-12-09,San Benito,069,59416,7848,7808,196,8004,79
2021-12-09,San Bernardino,071,2135413,371287,368145,12047,380192,6007
2021-12-09,San Diego,073,3302833,395899,392274,22817,415091,4374
2021-12-09,San Francisco,075,870044,55390,54869,2837,57706,678
2021-12-09,San Joaquin,077,732212,103735,103013,5811,108824,1842
2021-12-09,San Luis Obispo,079,281455,30855,30567,1369,31936,362
2021-12-09,San Mateo,081,765935,55614,55284,1941,57225,580
2021-12-09,Santa Barbara,083,443738,47017,46309,1748,48057,559
2021-12-09,Santa Clara,085,1922200,154208,152846,1752,154598,1941
2021-12-09,Santa Cruz,087,273765,21811,21557,1100,22657,225
2021-12-09,Shasta,089,179085,22832,22660,3825,26485,419
2021-12-09,Sierra,091,2930,201,199,23,222,0
2021-12-09,Siskiyou,093,43540,3457,3418,1402,4820,57
2021-12-09,Solano,095,438530,47484,46891,1313,48204,365
2021-12-09,Sonoma,097,501317,43658,43227,595,43822,407
2021-12-09,Stanislaus,099,539301,82774,82133,9513,91646,1264
2021-12-09,Sutter,101,95872,14421,14354,420,14774,187
2021-12-09,Tehama,103,63373,8837,8776,1576,10352,134
2021-12-09,Trinity,105,12862,880,819,219,1038,17
2021-12-09,Tulare,107,460477,71231,70523,16900,87423,1103
2021-12-09,Tuolumne,109,53932,7812,7760,109,7869,91
2021-12-09,Ventura,111,848112,101548,100711,4564,105275,1195
2021-12-09,Yolo,113,214977,20748,20608,1301,21909,267
2021-12-09,Yuba,115,75493,10597,10519,408,10927,92
2021-12-08,Alameda,001,1643700,124284,123438,3145,126583,1496
2021-12-08,Alpine,003,1148,110,108,0,108,0
2021-12-08,Amador,005,37829,5802,5781,73,5854,69
2021-12-08,Butte,007,227075,21971,21780,4024,25804,326
2021-12-08,Calaveras,009,45235,4505,4455,65,4520,89
2021-12-08,Colusa,011,21464,2633,2619,692,3311,21
2021-12-08,Contra Costa,013,1133247,103032,102506,2441,104947,1058
2021-12-08,Del Norte,015,27424,3806,3767,57,3824,42
2021-12-08,El Dorado,017,186661,16956,16757,1829,18586,170
2021-12-08,Fresno,019,978130,147051,145830,12842,158672,2293
2021-12-08,Glenn,021,27897,3600,3584,1038,4622,37
2021-12-08,Humboldt,023,135768,9841,9704,739,10443,117
2021-12-08,Imperial,025,180216,36087,35537,3904,39441,782
2021-12-08,Inyo,027,18085,2601,2570,58,2628,46
2021-12-08,Kern,029,883053,133769,132709,24624,157333,1846
2021-12-08,Kings,031,150075,33797,33468,2128,35596,371
2021-12-08,Lake,033,64148,6971,6927,163,7090,114
2021-12-08,Lassen,035,31185,7070,7041,444,7485,55
2021-12-08,Los Angeles,037,10098052,1481130,1472410,57929,1530339,27018
2021-12-08,Madera,039,155013,24579,24396,2349,26745,311
2021-12-08,Marin,041,260295,18473,18305,566,18871,249
2021-12-08,Mariposa,043,17540,1462,1447,61,1508,6
2021-12-08,Mendocino,045,87422,8200,8118,675,8793,95
2021-12-08,Merced,047,269075,43851,43631,2067,45698,680
2021-12-08,Modoc,049,8938,595,594,204,798,6
2021-12-08,Mono,051,14174,1938,1924,20,1944,4
2021-12-08,Monterey,053,433212,49256,48957,4398,53355,631
2021-12-08,Napa,055,140530,13526,13421,125,13546,107
2021-12-08,Nevada,057,99092,9971,9862,362,10224,106
2021-12-08,Orange,059,3164182,318047,315421,16450,331871,5795
2021-12-08,Placer,061,380077,39268,38934,4007,42941,478
2021-12-08,Plumas,063,18699,1955,1924,55,1979,12
2021-12-08,Riverside,065,2383286,377969,375099,17113,392212,5404
2021-12-08,Sacramento,067,1510023,166646,165278,5264,170542,2373
2021-12-08,San Benito,069,59416,7839,7793,196,7989,79
2021-12-08,San Bernardino,071,2135413,370827,367516,12028,379544,6006
2021-12-08,San Diego,073,3302833,395254,391676,22783,414459,4369
2021-12-08,San Francisco,075,870044,55302,54792,2829,57621,677
2021-12-08,San Joaquin,077,732212,103634,102877,5801,108678,1841
2021-12-08,San Luis Obispo,079,281455,30807,30519,1364,31883,361
2021-12-08,San Mateo,081,765935,55549,55220,1930,57150,580
2021-12-08,Santa Barbara,083,443738,46963,46250,1745,47995,558
2021-12-08,Santa Clara,085,1922200,154046,152674,1740,154414,1937
2021-12-08,Santa Cruz,087,273765,21764,21505,1098,22603,224
2021-12-08,Shasta,089,179085,22811,22616,3819,26435,419
2021-12-08,Sierra,091,2930,201,199,23,222,0
2021-12-08,Siskiyou,093,43540,3456,3415,1400,4815,57
2021-12-08,Solano,095,438530,47454,46837,1312,48149,365
2021-12-08,Sonoma,097,501317,43595,43179,594,43773,405
2021-12-08,Stanislaus,099,539301,82691,82038,9503,91541,1264
2021-12-08,Sutter,101,95872,14405,14336,418,14754,187
2021-12-08,Tehama,103,63373,8828,8768,1576,10344,133
2021-12-08,Trinity,105,12862,880,818,219,1037,17
2021-12-08,Tulare,107,460477,71169,70472,16875,87347,1102
2021-12-08,Tuolumne,109,53932,7799,7749,109,7858,91
2021-12-08,Ventura,111,848112,101419,100647,4561,105208,1194
2021-12-08,Yolo,113,214977,20721,20575,1294,21869,267
2021-12-08,Yuba,115,75493,10583,10499,405,10904,92
2021-12-07,Alameda,001,1643700,124123,123325,3136,126461,1497
2021-12-07,Alpine,003,1148,110,108,0,108,0
2021-12-07,Amador,005,37829,5799,5778,72,5850,69
2021-12-07,Butte,007,227075,21947,21761,4019,25780,324
2021-12-07,Calaveras,009,45235,4489,4445,65,4510,88
2021-12-07,Colusa,011,21464,2632,2619,692,3311,21
2021-12-07,Contra Costa,013,1133247,102911,102421,2432,104853,1058
2021-12-07,Del Norte,015,27424,3805,3766,57,3823,42
2021-12-07,El Dorado,017,186661,16933,16742,1826,18568,170
2021-12-07,Fresno,019,978130,146904,145715,12827,158542,2289
2021-12-07,Glenn,021,27897,3599,3579,1037,4616,36
2021-12-07,Humboldt,023,135768,9817,9693,734,10427,117
2021-12-07,Imperial,025,180216,36007,35502,3886,39388,778
2021-12-07,Inyo,027,18085,2597,2567,58,2625,46
2021-12-07,Kern,029,883053,133613,132564,24568,157132,1838
2021-12-07,Kings,031,150075,33765,33441,2125,35566,372
2021-12-07,Lake,033,64148,6966,6925,163,7088,113
2021-12-07,Lassen,035,31185,7069,7040,443,7483,55
2021-12-07,Los Angeles,037,10098052,1479366,1470904,57829,1528733,27007
2021-12-07,Madera,039,155013,24557,24367,2342,26709,311
2021-12-07,Marin,041,260295,18439,18284,560,18844,249
2021-12-07,Mariposa,043,17540,1460,1446,61,1507,6
2021-12-07,Mendocino,045,87422,8182,8107,675,8782,95
2021-12-07,Merced,047,269075,43809,43600,2061,45661,675
2021-12-07,Modoc,049,8938,595,594,203,797,6
2021-12-07,Mono,051,14174,1933,1921,20,1941,4
2021-12-07,Monterey,053,433212,49187,48880,4367,53247,631
2021-12-07,Napa,055,140530,13508,13409,125,13534,107
2021-12-07,Nevada,057,99092,9957,9858,361,10219,105
2021-12-07,Orange,059,3164182,317716,315138,16401,331539,5784
2021-12-07,Placer,061,380077,39192,38860,4003,42863,474
2021-12-07,Plumas,063,18699,1951,1915,55,1970,12
2021-12-07,Riverside,065,2383286,377443,374552,17097,391649,5397
2021-12-07,Sacramento,067,1510023,166402,165148,5242,170390,2375
2021-12-07,San Benito,069,59416,7823,7776,196,7972,78
2021-12-07,San Bernardino,071,2135413,370280,366981,12012,378993,6007
2021-12-07,San Diego,073,3302833,394401,391110,22743,413853,4357
2021-12-07,San Francisco,075,870044,55195,54729,2821,57550,676
2021-12-07,San Joaquin,077,732212,103516,102797,5789,108586,1839
2021-12-07,San Luis Obispo,079,281455,30768,30495,1362,31857,361
2021-12-07,San Mateo,081,765935,55466,55163,1917,57080,580
2021-12-07,Santa Barbara,083,443738,46892,46205,1743,47948,556
2021-12-07,Santa Clara,085,1922200,153859,152465,1731,154196,1941
2021-12-07,Santa Cruz,087,273765,21717,21493,1098,22591,224
2021-12-07,Shasta,089,179085,22790,22594,3816,26410,418
2021-12-07,Sierra,091,2930,201,199,23,222,0
2021-12-07,Siskiyou,093,43540,3453,3412,1400,4812,57
2021-12-07,Solano,095,438530,47414,46812,1312,48124,365
2021-12-07,Sonoma,097,501317,43521,43154,593,43747,405
2021-12-07,Stanislaus,099,539301,82614,81980,9490,91470,1258
2021-12-07,Sutter,101,95872,14397,14322,417,14739,186
2021-12-07,Tehama,103,63373,8820,8765,1575,10340,133
2021-12-07,Trinity,105,12862,880,818,219,1037,17
2021-12-07,Tulare,107,460477,71110,70411,16846,87257,1103
2021-12-07,Tuolumne,109,53932,7791,7743,109,7852,91
2021-12-07,Ventura,111,848112,101323,100569,4551,105120,1194
2021-12-07,Yolo,113,214977,20694,20560,1292,21852,263
2021-12-07,Yuba,115,75493,10566,10491,404,10895,91
2021-12-06,Alameda,001,1643700,123969,123227,3132,126359,1496
2021-12-06,Alpine,003,1148,110,108,0,108,0
2021-12-06,Amador,005,37829,5793,5769,71,5840,67
2021-12-06,Butte,007,227075,21930,21732,4016,25748,321
2021-12-06,Calaveras,009,45235,4482,4443,65,4508,88
2021-12-06,Colusa,011,21464,2631,2615,688,3303,21
2021-12-06,Contra Costa,013,1133247,102792,102327,2429,104756,1058
2021-12-06,Del Norte,015,27424,3803,3744,57,3801,42
2021-12-06,El Dorado,017,186661,16909,16726,1824,18550,168
2021-12-06,Fresno,019,978130,146710,145539,12817,158356,2285
2021-12-06,Glenn,021,27897,3597,3577,1035,4612,36
2021-12-06,Humboldt,023,135768,9797,9671,727,10398,117
2021-12-06,Imperial,025,180216,35931,35453,3868,39321,778
2021-12-06,Inyo,027,18085,2592,2562,56,2618,46
2021-12-06,Kern,029,883053,133428,132366,24511,156877,1835
2021-12-06,Kings,031,150075,33732,33399,2120,35519,368
2021-12-06,Lake,033,64148,6962,6922,163,7085,113
2021-12-06,Lassen,035,31185,7064,7032,441,7473,51
2021-12-06,Los Angeles,037,10098052,1477728,1470059,57735,1527794,26993
2021-12-06,Madera,039,155013,24530,24334,2338,26672,307
2021-12-06,Marin,041,260295,18411,18252,558,18810,249
2021-12-06,Mariposa,043,17540,1457,1443,61,1504,6
2021-12-06,Mendocino,045,87422,8168,8079,672,8751,95
2021-12-06,Merced,047,269075,43767,43549,2051,45600,672
2021-12-06,Modoc,049,8938,595,593,203,796,6
2021-12-06,Mono,051,14174,1925,1913,20,1933,4
2021-12-06,Monterey,053,433212,49120,48831,4336,53167,626
2021-12-06,Napa,055,140530,13485,13387,123,13510,107
2021-12-06,Nevada,057,99092,9931,9847,360,10207,105
2021-12-06,Orange,059,3164182,317340,314859,16360,331219,5771
2021-12-06,Placer,061,380077,39135,38785,3998,42783,473
2021-12-06,Plumas,063,18699,1943,1913,55,1968,10
2021-12-06,Riverside,065,2383286,376925,374116,17082,391198,5388
2021-12-06,Sacramento,067,1510023,166123,164926,5221,170147,2367
2021-12-06,San Benito,069,59416,7807,7755,196,7951,78
2021-12-06,San Bernardino,071,2135413,369738,366606,11987,378593,5998
2021-12-06,San Diego,073,3302833,393549,390389,22698,413087,4352
2021-12-06,San Francisco,075,870044,55089,54659,2814,57473,674
2021-12-06,San Joaquin,077,732212,103389,102728,5782,108510,1837
2021-12-06,San Luis Obispo,079,281455,30732,30464,1359,31823,361
2021-12-06,San Mateo,081,765935,55401,55112,1904,57016,580
2021-12-06,Santa Barbara,083,443738,46801,46146,1742,47888,556
2021-12-06,Santa Clara,085,1922200,153651,152310,1715,154025,1937
2021-12-06,Santa Cruz,087,273765,21683,21450,1094,22544,224
2021-12-06,Shasta,089,179085,22767,22556,3809,26365,416
2021-12-06,Sierra,091,2930,200,198,23,221,0
2021-12-06,Siskiyou,093,43540,3451,3409,1395,4804,57
2021-12-06,Solano,095,438530,47373,46748,1311,48059,360
2021-12-06,Sonoma,097,501317,43453,43114,585,43699,405
2021-12-06,Stanislaus,099,539301,82517,81889,9467,91356,1241
2021-12-06,Sutter,101,95872,14385,14319,417,14736,186
2021-12-06,Tehama,103,63373,8812,8760,1575,10335,133
2021-12-06,Trinity,105,12862,880,815,218,1033,17
2021-12-06,Tulare,107,460477,71037,70285,16807,87092,1101
2021-12-06,Tuolumne,109,53932,7778,7726,109,7835,91
2021-12-06,Ventura,111,848112,101219,100426,4543,104969,1194
2021-12-06,Yolo,113,214977,20672,20548,1291,21839,263
2021-12-06,Yuba,115,75493,10551,10480,398,10878,91
2021-12-05,Alameda,001,1643700,123786,123104,3124,126228,1496
2021-12-05,Alpine,003,1148,109,108,0,108,0
2021-12-05,Amador,005,37829,5790,5761,71,5832,67
2021-12-05,Butte,007,227075,21896,21720,4009,25729,320
2021-12-05,Calaveras,009,45235,4466,4434,65,4499,88
2021-12-05,Colusa,011,21464,2630,2615,687,3302,21
2021-12-05,Contra Costa,013,1133247,102666,102251,2418,104669,1058
2021-12-05,Del Norte,015,27424,3801,3751,57,3808,42
2021-12-05,El Dorado,017,186661,16872,16717,1818,18535,168
2021-12-05,Fresno,019,978130,146536,145452,12798,158250,2284
2021-12-05,Glenn,021,27897,3595,3577,1033,4610,36
2021-12-05,Humboldt,023,135768,9767,9662,724,10386,117
2021-12-05,Imperial,025,180216,35840,35422,3839,39261,778
2021-12-05,Inyo,027,18085,2585,2559,56,2615,46
2021-12-05,Kern,029,883053,133265,132286,24457,156743,1833
2021-12-05,Kings,031,150075,33667,33360,2120,35480,369
2021-12-05,Lake,033,64148,6958,6919,162,7081,113
2021-12-05,Lassen,035,31185,7062,7031,441,7472,51
2021-12-05,Los Angeles,037,10098052,1475903,1468937,57602,1526539,26991
2021-12-05,Madera,039,155013,24489,24311,2335,26646,307
2021-12-05,Marin,041,260295,18364,18216,550,18766,249
2021-12-05,Mariposa,043,17540,1454,1440,60,1500,6
2021-12-05,Mendocino,045,87422,8150,8069,666,8735,95
2021-12-05,Merced,047,269075,43725,43534,2042,45576,672
2021-12-05,Modoc,049,8938,595,593,203,796,6
2021-12-05,Mono,051,14174,1920,1907,20,1927,4
2021-12-05,Monterey,053,433212,49061,48813,4294,53107,626
2021-12-05,Napa,055,140530,13459,13382,120,13502,107
2021-12-05,Nevada,057,99092,9910,9827,360,10187,105
2021-12-05,Orange,059,3164182,316909,314560,16318,330878,5771
2021-12-05,Placer,061,380077,39078,38738,3989,42727,473
2021-12-05,Plumas,063,18699,1939,1913,54,1967,9
2021-12-05,Riverside,065,2383286,376272,373827,17052,390879,5388
2021-12-05,Sacramento,067,1510023,165816,164721,5203,169924,2367
2021-12-05,San Benito,069,59416,7790,7748,195,7943,78
2021-12-05,San Bernardino,071,2135413,369045,366282,11949,378231,5998
2021-12-05,San Diego,073,3302833,392751,387979,22649,410628,4351
2021-12-05,San Francisco,075,870044,54991,54603,2812,57415,674
2021-12-05,San Joaquin,077,732212,103248,102698,5777,108475,1837
2021-12-05,San Luis Obispo,079,281455,30663,30454,1356,31810,360
2021-12-05,San Mateo,081,765935,55322,55050,1886,56936,580
2021-12-05,Santa Barbara,083,443738,46718,46097,1734,47831,555
2021-12-05,Santa Clara,085,1922200,153395,152114,1695,153809,1933
2021-12-05,Santa Cruz,087,273765,21633,21424,1094,22518,224
2021-12-05,Shasta,089,179085,22709,22550,3808,26358,416
2021-12-05,Sierra,091,2930,200,198,23,221,0
2021-12-05,Siskiyou,093,43540,3449,3409,1392,4801,57
2021-12-05,Solano,095,438530,47312,46715,1309,48024,360
2021-12-05,Sonoma,097,501317,43376,43038,580,43618,405
2021-12-05,Stanislaus,099,539301,82372,81847,9459,91306,1241
2021-12-05,Sutter,101,95872,14361,14303,412,14715,186
2021-12-05,Tehama,103,63373,8805,8755,1574,10329,133
2021-12-05,Trinity,105,12862,879,815,218,1033,17
2021-12-05,Tulare,107,460477,70960,70254,16756,87010,1102
2021-12-05,Tuolumne,109,53932,7766,7718,109,7827,91
2021-12-05,Ventura,111,848112,101082,100367,4530,104897,1194
2021-12-05,Yolo,113,214977,20631,20512,1288,21800,263
2021-12-05,Yuba,115,75493,10538,10467,390,10857,91
2021-12-04,Alameda,001,1643700,123682,122508,3120,125628,1494
2021-12-04,Alpine,003,1148,109,108,0,108,0
2021-12-04,Amador,005,37829,5787,5729,71,5800,67
2021-12-04,Butte,007,227075,21877,21638,4005,25643,318
2021-12-04,Calaveras,009,45235,4458,4392,64,4456,88
2021-12-04,Colusa,011,21464,2630,2600,685,3285,21
2021-12-04,Contra Costa,013,1133247,102596,101824,2412,104236,1056
2021-12-04,Del Norte,015,27424,3798,3726,57,3783,42
2021-12-04,El Dorado,017,186661,16863,16621,1817,18438,168
2021-12-04,Fresno,019,978130,146448,144734,12793,157527,2270
2021-12-04,Glenn,021,27897,3595,3559,1033,4592,36
2021-12-04,Humboldt,023,135768,9752,9596,720,10316,117
2021-12-04,Imperial,025,180216,35785,35206,3826,39032,776
2021-12-04,Inyo,027,18085,2580,2538,56,2594,46
2021-12-04,Kern,029,883053,133188,131771,24434,156205,1817
2021-12-04,Kings,031,150075,33643,33183,2119,35302,367
2021-12-04,Lake,033,64148,6950,6903,161,7064,113
2021-12-04,Lassen,035,31185,7061,7014,439,7453,51
2021-12-04,Los Angeles,037,10098052,1475045,1463270,57526,1520796,26952
2021-12-04,Madera,039,155013,24475,24188,2331,26519,307
2021-12-04,Marin,041,260295,18342,18075,549,18624,249
2021-12-04,Mariposa,043,17540,1450,1421,60,1481,6
2021-12-04,Mendocino,045,87422,8145,7981,666,8647,91
2021-12-04,Merced,047,269075,43698,43337,2040,45377,671
2021-12-04,Modoc,049,8938,595,591,203,794,6
2021-12-04,Mono,051,14174,1920,1883,20,1903,4
2021-12-04,Monterey,053,433212,49033,48682,4282,52964,626
2021-12-04,Napa,055,140530,13449,13327,119,13446,106
2021-12-04,Nevada,057,99092,9903,9752,360,10112,105
2021-12-04,Orange,059,3164182,316682,313112,16292,329404,5748
2021-12-04,Placer,061,380077,39038,38460,3983,42443,473
2021-12-04,Plumas,063,18699,1936,1903,54,1957,7
2021-12-04,Riverside,065,2383286,375914,371768,17046,388814,5381
2021-12-04,Sacramento,067,1510023,165677,163900,5195,169095,2365
2021-12-04,San Benito,069,59416,7764,7688,195,7883,78
2021-12-04,San Bernardino,071,2135413,368661,364154,11935,376089,5983
2021-12-04,San Diego,073,3302833,392273,386710,22619,409329,4350
2021-12-04,San Francisco,075,870044,54925,54286,2808,57094,674
2021-12-04,San Joaquin,077,732212,103195,102286,5775,108061,1835
2021-12-04,San Luis Obispo,079,281455,30642,30318,1352,31670,360
2021-12-04,San Mateo,081,765935,55281,54774,1876,56650,579
2021-12-04,Santa Barbara,083,443738,46673,45774,1734,47508,555
2021-12-04,Santa Clara,085,1922200,153239,151275,1681,152956,1928
2021-12-04,Santa Cruz,087,273765,21607,21286,1093,22379,224
2021-12-04,Shasta,089,179085,22692,22418,3806,26224,414
2021-12-04,Sierra,091,2930,200,196,23,219,0
2021-12-04,Siskiyou,093,43540,3447,3398,1392,4790,57
2021-12-04,Solano,095,438530,47292,46529,1308,47837,360
2021-12-04,Sonoma,097,501317,43330,42778,577,43355,405
2021-12-04,Stanislaus,099,539301,82299,81462,9452,90914,1231
2021-12-04,Sutter,101,95872,14353,14258,411,14669,186
2021-12-04,Tehama,103,63373,8803,8742,1574,10316,131
2021-12-04,Trinity,105,12862,878,801,218,1019,17
2021-12-04,Tulare,107,460477,70922,70014,16727,86741,1100
2021-12-04,Tuolumne,109,53932,7761,7676,109,7785,91
2021-12-04,Ventura,111,848112,100991,99751,4526,104277,1192
2021-12-04,Yolo,113,214977,20610,20442,1287,21729,261
2021-12-04,Yuba,115,75493,10527,10418,389,10807,91
2021-12-03,Alameda,001,1643700,123592,122508,3110,125618,1494
2021-12-03,Alpine,003,1148,109,108,0,108,0
2021-12-03,Amador,005,37829,5782,5729,70,5799,67
2021-12-03,Butte,007,227075,21864,21638,4000,25638,318
2021-12-03,Calaveras,009,45235,4449,4392,64,4456,88
2021-12-03,Colusa,011,21464,2628,2600,685,3285,21
2021-12-03,Contra Costa,013,1133247,102523,101824,2407,104231,1056
2021-12-03,Del Norte,015,27424,3796,3726,57,3783,42
2021-12-03,El Dorado,017,186661,16834,16621,1814,18435,168
2021-12-03,Fresno,019,978130,146333,144734,12791,157525,2270
2021-12-03,Glenn,021,27897,3593,3559,1032,4591,36
2021-12-03,Humboldt,023,135768,9735,9596,718,10314,117
2021-12-03,Imperial,025,180216,35741,35206,3796,39002,776
2021-12-03,Inyo,027,18085,2573,2538,56,2594,46
2021-12-03,Kern,029,883053,133117,131771,24397,156168,1817
2021-12-03,Kings,031,150075,33614,33183,2119,35302,367
2021-12-03,Lake,033,64148,6950,6903,161,7064,113
2021-12-03,Lassen,035,31185,7059,7014,438,7452,51
2021-12-03,Los Angeles,037,10098052,1474118,1463270,57445,1520715,26952
2021-12-03,Madera,039,155013,24449,24188,2327,26515,307
2021-12-03,Marin,041,260295,18310,18075,544,18619,249
2021-12-03,Mariposa,043,17540,1448,1421,60,1481,6
2021-12-03,Mendocino,045,87422,8138,7981,666,8647,91
2021-12-03,Merced,047,269075,43675,43337,2037,45374,671
2021-12-03,Modoc,049,8938,595,591,203,794,6
2021-12-03,Mono,051,14174,1914,1883,20,1903,4
2021-12-03,Monterey,053,433212,49003,48682,4263,52945,626
2021-12-03,Napa,055,140530,13437,13327,119,13446,106
2021-12-03,Nevada,057,99092,9892,9752,360,10112,105
2021-12-03,Orange,059,3164182,316415,313112,16265,329377,5748
2021-12-03,Placer,061,380077,39001,38460,3976,42436,473
2021-12-03,Plumas,063,18699,1933,1903,54,1957,7
2021-12-03,Riverside,065,2383286,375525,371768,17040,388808,5381
2021-12-03,Sacramento,067,1510023,165498,163900,5179,169079,2365
2021-12-03,San Benito,069,59416,7757,7688,195,7883,78
2021-12-03,San Bernardino,071,2135413,368222,364154,11925,376079,5983
2021-12-03,San Diego,073,3302833,391796,386710,22594,409304,4350
2021-12-03,San Francisco,075,870044,54855,54286,2805,57091,674
2021-12-03,San Joaquin,077,732212,103139,102286,5774,108060,1835
2021-12-03,San Luis Obispo,079,281455,30616,30318,1349,31667,360
2021-12-03,San Mateo,081,765935,55222,54774,1870,56644,579
2021-12-03,Santa Barbara,083,443738,46638,45774,1734,47508,555
2021-12-03,Santa Clara,085,1922200,153057,151275,1665,152940,1928
2021-12-03,Santa Cruz,087,273765,21580,21286,1093,22379,224
2021-12-03,Shasta,089,179085,22677,22418,3806,26224,414
2021-12-03,Sierra,091,2930,200,196,23,219,0
2021-12-03,Siskiyou,093,43540,3444,3398,1390,4788,57
2021-12-03,Solano,095,438530,47250,46529,1307,47836,360
2021-12-03,Sonoma,097,501317,43294,42778,575,43353,405
2021-12-03,Stanislaus,099,539301,82242,81462,9443,90905,1231
2021-12-03,Sutter,101,95872,14340,14258,409,14667,186
2021-12-03,Tehama,103,63373,8802,8742,1573,10315,131
2021-12-03,Trinity,105,12862,878,801,218,1019,17
2021-12-03,Tulare,107,460477,70882,70014,16695,86709,1100
2021-12-03,Tuolumne,109,53932,7752,7676,109,7785,91
2021-12-03,Ventura,111,848112,100904,99751,4519,104270,1192
2021-12-03,Yolo,113,214977,20593,20442,1286,21728,261
2021-12-03,Yuba,115,75493,10519,10418,389,10807,91
2021-12-02,Alameda,001,1643700,123444,122508,3102,125610,1494
2021-12-02,Alpine,003,1148,109,108,0,108,0
2021-12-02,Amador,005,37829,5777,5729,69,5798,67
2021-12-02,Butte,007,227075,21839,21638,3997,25635,318
2021-12-02,Calaveras,009,45235,4439,4392,63,4455,88
2021-12-02,Colusa,011,21464,2627,2600,685,3285,21
2021-12-02,Contra Costa,013,1133247,102412,101824,2402,104226,1056
2021-12-02,Del Norte,015,27424,3788,3726,57,3783,42
2021-12-02,El Dorado,017,186661,16813,16621,1812,18433,168
2021-12-02,Fresno,019,978130,146167,144734,12782,157516,2270
2021-12-02,Glenn,021,27897,3593,3559,1031,4590,36
2021-12-02,Humboldt,023,135768,9716,9596,716,10312,117
2021-12-02,Imperial,025,180216,35676,35206,3772,38978,776
2021-12-02,Inyo,027,18085,2568,2538,56,2594,46
2021-12-02,Kern,029,883053,132946,131771,24346,156117,1817
2021-12-02,Kings,031,150075,33560,33183,2117,35300,367
2021-12-02,Lake,033,64148,6946,6903,161,7064,113
2021-12-02,Lassen,035,31185,7055,7014,438,7452,51
2021-12-02,Los Angeles,037,10098052,1472618,1463270,57361,1520631,26952
2021-12-02,Madera,039,155013,24413,24188,2315,26503,307
2021-12-02,Marin,041,260295,18280,18075,540,18615,249
2021-12-02,Mariposa,043,17540,1446,1421,60,1481,6
2021-12-02,Mendocino,045,87422,8122,7981,665,8646,91
2021-12-02,Merced,047,269075,43629,43337,2031,45368,671
2021-12-02,Modoc,049,8938,594,591,203,794,6
2021-12-02,Mono,051,14174,1900,1883,20,1903,4
2021-12-02,Monterey,053,433212,48944,48682,4229,52911,626
2021-12-02,Napa,055,140530,13424,13327,119,13446,106
2021-12-02,Nevada,057,99092,9874,9752,359,10111,105
2021-12-02,Orange,059,3164182,316077,313112,16229,329341,5748
2021-12-02,Placer,061,380077,38937,38460,3970,42430,473
2021-12-02,Plumas,063,18699,1931,1903,54,1957,7
2021-12-02,Riverside,065,2383286,374999,371768,17030,388798,5381
2021-12-02,Sacramento,067,1510023,165273,163900,5168,169068,2365
2021-12-02,San Benito,069,59416,7737,7688,195,7883,78
2021-12-02,San Bernardino,071,2135413,367680,364154,11906,376060,5983
2021-12-02,San Diego,073,3302833,391153,386710,22540,409250,4350
2021-12-02,San Francisco,075,870044,54757,54286,2798,57084,674
2021-12-02,San Joaquin,077,732212,103023,102286,5769,108055,1835
2021-12-02,San Luis Obispo,079,281455,30583,30318,1342,31660,360
2021-12-02,San Mateo,081,765935,55154,54774,1850,56624,579
2021-12-02,Santa Barbara,083,443738,46558,45774,1731,47505,555
2021-12-02,Santa Clara,085,1922200,152812,151275,1648,152923,1928
2021-12-02,Santa Cruz,087,273765,21529,21286,1092,22378,224
2021-12-02,Shasta,089,179085,22645,22418,3805,26223,414
2021-12-02,Sierra,091,2930,200,196,23,219,0
2021-12-02,Siskiyou,093,43540,3443,3398,1383,4781,57
2021-12-02,Solano,095,438530,47199,46529,1305,47834,360
2021-12-02,Sonoma,097,501317,43221,42778,575,43353,405
2021-12-02,Stanislaus,099,539301,82145,81462,9434,90896,1231
2021-12-02,Sutter,101,95872,14327,14258,406,14664,186
2021-12-02,Tehama,103,63373,8795,8742,1571,10313,131
2021-12-02,Trinity,105,12862,878,801,218,1019,17
2021-12-02,Tulare,107,460477,70797,70014,16643,86657,1100
2021-12-02,Tuolumne,109,53932,7737,7676,108,7784,91
2021-12-02,Ventura,111,848112,100779,99751,4516,104267,1192
2021-12-02,Yolo,113,214977,20568,20442,1282,21724,261
2021-12-02,Yuba,115,75493,10503,10418,386,10804,91
2021-12-01,Alameda,001,1643700,123296,122298,3091,125389,1492
2021-12-01,Alpine,003,1148,109,108,0,108,0
2021-12-01,Amador,005,37829,5770,5723,69,5792,67
2021-12-01,Butte,007,227075,21819,21600,3992,25592,318
2021-12-01,Calaveras,009,45235,4434,4371,63,4434,88
2021-12-01,Colusa,011,21464,2620,2595,682,3277,20
2021-12-01,Contra Costa,013,1133247,102306,101651,2391,104042,1048
2021-12-01,Del Norte,015,27424,3786,3722,57,3779,42
2021-12-01,El Dorado,017,186661,16793,16575,1810,18385,166
2021-12-01,Fresno,019,978130,145961,144507,12773,157280,2264
2021-12-01,Glenn,021,27897,3583,3556,1030,4586,36
2021-12-01,Humboldt,023,135768,9692,9573,711,10284,117
2021-12-01,Imperial,025,180216,35596,35085,3745,38830,776
2021-12-01,Inyo,027,18085,2564,2533,56,2589,46
2021-12-01,Kern,029,883053,132800,131580,24292,155872,1804
2021-12-01,Kings,031,150075,33510,33112,2116,35228,364
2021-12-01,Lake,033,64148,6938,6896,160,7056,112
2021-12-01,Lassen,035,31185,7049,7008,436,7444,51
2021-12-01,Los Angeles,037,10098052,1471039,1461394,57265,1518659,26928
2021-12-01,Madera,039,155013,24381,24134,2306,26440,307
2021-12-01,Marin,041,260295,18243,18038,533,18571,249
2021-12-01,Mariposa,043,17540,1442,1415,60,1475,6
2021-12-01,Mendocino,045,87422,8108,7966,660,8626,90
2021-12-01,Merced,047,269075,43574,43259,2010,45269,670
2021-12-01,Modoc,049,8938,594,576,203,779,5
2021-12-01,Mono,051,14174,1899,1876,20,1896,4
2021-12-01,Monterey,053,433212,48898,48611,4217,52828,626
2021-12-01,Napa,055,140530,13407,13319,117,13436,107
2021-12-01,Nevada,057,99092,9861,9706,359,10065,105
2021-12-01,Orange,059,3164182,315718,312772,16192,328964,5735
2021-12-01,Placer,061,380077,38881,38373,3964,42337,472
2021-12-01,Plumas,063,18699,1927,1893,54,1947,7
2021-12-01,Riverside,065,2383286,374480,371189,17013,388202,5369
2021-12-01,Sacramento,067,1510023,165062,163616,5148,168764,2360
2021-12-01,San Benito,069,59416,7723,7669,195,7864,78
2021-12-01,San Bernardino,071,2135413,367105,363368,11881,375249,5973
2021-12-01,San Diego,073,3302833,390353,386056,22487,408543,4346
2021-12-01,San Francisco,075,870044,54676,54199,2791,56990,672
2021-12-01,San Joaquin,077,732212,102916,102109,5768,107877,1834
2021-12-01,San Luis Obispo,079,281455,30543,30238,1338,31576,360
2021-12-01,San Mateo,081,765935,55077,54711,1841,56552,579
2021-12-01,Santa Barbara,083,443738,46488,45681,1728,47409,554
2021-12-01,Santa Clara,085,1922200,152592,150961,1629,152590,1925
2021-12-01,Santa Cruz,087,273765,21499,21191,1091,22282,224
2021-12-01,Shasta,089,179085,22613,22375,3799,26174,410
2021-12-01,Sierra,091,2930,200,195,23,218,0
2021-12-01,Siskiyou,093,43540,3440,3391,1383,4774,55
2021-12-01,Solano,095,438530,47156,46485,1305,47790,360
2021-12-01,Sonoma,097,501317,43147,42713,574,43287,405
2021-12-01,Stanislaus,099,539301,82050,81330,9423,90753,1231
2021-12-01,Sutter,101,95872,14312,14229,405,14634,186
2021-12-01,Tehama,103,63373,8785,8728,1571,10299,130
2021-12-01,Trinity,105,12862,873,801,218,1019,17
2021-12-01,Tulare,107,460477,70719,69953,16601,86554,1098
2021-12-01,Tuolumne,109,53932,7729,7655,108,7763,91
2021-12-01,Ventura,111,848112,100672,99680,4505,104185,1191
2021-12-01,Yolo,113,214977,20540,20393,1281,21674,260
2021-12-01,Yuba,115,75493,10491,10401,385,10786,89
2021-11-30,Alameda,001,1643700,123134,122196,3078,125274,1489
2021-11-30,Alpine,003,1148,109,108,0,108,0
2021-11-30,Amador,005,37829,5762,5716,69,5785,66
2021-11-30,Butte,007,227075,21790,21565,3983,25548,318
2021-11-30,Calaveras,009,45235,4416,4360,63,4423,88
2021-11-30,Colusa,011,21464,2619,2592,682,3274,21
2021-11-30,Contra Costa,013,1133247,102169,101538,2383,103921,1046
2021-11-30,Del Norte,015,27424,3780,3718,57,3775,42
2021-11-30,El Dorado,017,186661,16765,16558,1803,18361,166
2021-11-30,Fresno,019,978130,145764,144384,12767,157151,2259
2021-11-30,Glenn,021,27897,3577,3555,1029,4584,36
2021-11-30,Humboldt,023,135768,9661,9539,705,10244,116
2021-11-30,Imperial,025,180216,35487,34999,3717,38716,773
2021-11-30,Inyo,027,18085,2555,2530,56,2586,46
2021-11-30,Kern,029,883053,132627,131451,24236,155687,1799
2021-11-30,Kings,031,150075,33460,33074,2111,35185,362
2021-11-30,Lake,033,64148,6933,6892,158,7050,110
2021-11-30,Lassen,035,31185,7045,7003,435,7438,51
2021-11-30,Los Angeles,037,10098052,1469260,1460177,57159,1517336,26913
2021-11-30,Madera,039,155013,24347,24108,2301,26409,307
2021-11-30,Marin,041,260295,18199,18010,531,18541,249
2021-11-30,Mariposa,043,17540,1436,1412,60,1472,6
2021-11-30,Mendocino,045,87422,8079,7960,654,8614,89
2021-11-30,Merced,047,269075,43505,43200,2003,45203,668
2021-11-30,Modoc,049,8938,593,576,203,779,5
2021-11-30,Mono,051,14174,1894,1873,20,1893,4
2021-11-30,Monterey,053,433212,48841,48581,4199,52780,626
2021-11-30,Napa,055,140530,13387,13308,117,13425,105
2021-11-30,Nevada,057,99092,9845,9699,358,10057,105
2021-11-30,Orange,059,3164182,315300,312451,16153,328604,5724
2021-11-30,Placer,061,380077,38779,38324,3956,42280,470
2021-11-30,Plumas,063,18699,1922,1887,53,1940,7
2021-11-30,Riverside,065,2383286,373797,370739,16988,387727,5358
2021-11-30,Sacramento,067,1510023,164780,163420,5120,168540,2353
2021-11-30,San Benito,069,59416,7701,7645,194,7839,78
2021-11-30,San Bernardino,071,2135413,366442,363006,11859,374865,5967
2021-11-30,San Diego,073,3302833,389423,385405,22441,407846,4340
2021-11-30,San Francisco,075,870044,54574,54147,2779,56926,672
2021-11-30,San Joaquin,077,732212,102791,101972,5760,107732,1834
2021-11-30,San Luis Obispo,079,281455,30518,30200,1335,31535,360
2021-11-30,San Mateo,081,765935,54991,54656,1815,56471,579
2021-11-30,Santa Barbara,083,443738,46392,45628,1722,47350,553
2021-11-30,Santa Clara,085,1922200,152331,150799,1610,152409,1929
2021-11-30,Santa Cruz,087,273765,21441,21169,1087,22256,224
2021-11-30,Shasta,089,179085,22583,22347,3796,26143,401
2021-11-30,Sierra,091,2930,197,195,23,218,0
2021-11-30,Siskiyou,093,43540,3436,3385,1380,4765,55
2021-11-30,Solano,095,438530,47093,46434,1299,47733,358
2021-11-30,Sonoma,097,501317,43069,42663,573,43236,405
2021-11-30,Stanislaus,099,539301,81944,81276,9396,90672,1227
2021-11-30,Sutter,101,95872,14302,14210,402,14612,186
2021-11-30,Tehama,103,63373,8778,8727,1570,10297,130
2021-11-30,Trinity,105,12862,872,799,218,1017,17
2021-11-30,Tulare,107,460477,70631,69900,16554,86454,1099
2021-11-30,Tuolumne,109,53932,7714,7643,108,7751,91
2021-11-30,Ventura,111,848112,100517,99601,4493,104094,1191
2021-11-30,Yolo,113,214977,20501,20376,1275,21651,260
2021-11-30,Yuba,115,75493,10473,10398,378,10776,89
2021-11-29,Alameda,001,1643700,122980,122136,3068,125204,1489
2021-11-29,Alpine,003,1148,109,108,0,108,0
2021-11-29,Amador,005,37829,5755,5706,69,5775,66
2021-11-29,Butte,007,227075,21763,21544,3977,25521,314
2021-11-29,Calaveras,009,45235,4400,4353,63,4416,88
2021-11-29,Colusa,011,21464,2617,2585,679,3264,20
2021-11-29,Contra Costa,013,1133247,102025,101441,2375,103816,1046
2021-11-29,Del Norte,015,27424,3776,3704,57,3761,42
2021-11-29,El Dorado,017,186661,16747,16534,1798,18332,166
2021-11-29,Fresno,019,978130,145562,144282,12752,157034,2254
2021-11-29,Glenn,021,27897,3574,3555,1028,4583,36
2021-11-29,Humboldt,023,135768,9644,9514,698,10212,115
2021-11-29,Imperial,025,180216,35423,34960,3697,38657,773
2021-11-29,Inyo,027,18085,2550,2529,56,2585,46
2021-11-29,Kern,029,883053,132443,131362,24193,155555,1789
2021-11-29,Kings,031,150075,33407,33059,2107,35166,363
2021-11-29,Lake,033,64148,6922,6889,157,7046,110
2021-11-29,Lassen,035,31185,7042,7003,433,7436,51
2021-11-29,Los Angeles,037,10098052,1467423,1459446,57072,1516518,26889
2021-11-29,Madera,039,155013,24309,24069,2293,26362,307
2021-11-29,Marin,041,260295,18152,17980,526,18506,249
2021-11-29,Mariposa,043,17540,1428,1409,60,1469,6
2021-11-29,Mendocino,045,87422,8062,7954,650,8604,89
2021-11-29,Merced,047,269075,43431,43167,1996,45163,667
2021-11-29,Modoc,049,8938,592,569,203,772,5
2021-11-29,Mono,051,14174,1873,1859,20,1879,4
2021-11-29,Monterey,053,433212,48791,48548,4172,52720,626
2021-11-29,Napa,055,140530,13377,13304,116,13420,104
2021-11-29,Nevada,057,99092,9831,9689,358,10047,105
2021-11-29,Orange,059,3164182,314904,312203,16111,328314,5709
2021-11-29,Placer,061,380077,38714,38261,3951,42212,470
2021-11-29,Plumas,063,18699,1919,1884,53,1937,7
2021-11-29,Riverside,065,2383286,373264,370334,16977,387311,5358
2021-11-29,Sacramento,067,1510023,164529,163282,5086,168368,2342
2021-11-29,San Benito,069,59416,7681,7631,193,7824,77
2021-11-29,San Bernardino,071,2135413,365852,362694,11827,374521,5962
2021-11-29,San Diego,073,3302833,388532,384853,22410,407263,4335
2021-11-29,San Francisco,075,870044,54476,54125,2775,56900,669
2021-11-29,San Joaquin,077,732212,102655,101927,5753,107680,1834
2021-11-29,San Luis Obispo,079,281455,30483,30165,1331,31496,359
2021-11-29,San Mateo,081,765935,54898,54622,1802,56424,579
2021-11-29,Santa Barbara,083,443738,46295,45576,1718,47294,549
2021-11-29,Santa Clara,085,1922200,152062,150620,1604,152224,1925
2021-11-29,Santa Cruz,087,273765,21403,21149,1085,22234,224
2021-11-29,Shasta,089,179085,22549,22315,3792,26107,399
2021-11-29,Sierra,091,2930,197,195,23,218,0
2021-11-29,Siskiyou,093,43540,3433,3374,1373,4747,55
2021-11-29,Solano,095,438530,47046,46412,1297,47709,357
2021-11-29,Sonoma,097,501317,42996,42624,570,43194,405
2021-11-29,Stanislaus,099,539301,81862,81227,9379,90606,1223
2021-11-29,Sutter,101,95872,14286,14204,399,14603,186
2021-11-29,Tehama,103,63373,8773,8720,1565,10285,130
2021-11-29,Trinity,105,12862,867,798,218,1016,17
2021-11-29,Tulare,107,460477,70555,69850,16518,86368,1096
2021-11-29,Tuolumne,109,53932,7701,7627,107,7734,90
2021-11-29,Ventura,111,848112,100396,99520,4483,104003,1190
2021-11-29,Yolo,113,214977,20457,20344,1272,21616,257
2021-11-29,Yuba,115,75493,10456,10395,377,10772,89
2021-11-28,Alameda,001,1643700,122767,122082,3059,125141,1491
2021-11-28,Alpine,003,1148,109,108,0,108,0
2021-11-28,Amador,005,37829,5745,5703,69,5772,66
2021-11-28,Butte,007,227075,21725,21530,3975,25505,313
2021-11-28,Calaveras,009,45235,4378,4350,63,4413,88
2021-11-28,Colusa,011,21464,2613,2586,678,3264,19
2021-11-28,Contra Costa,013,1133247,101854,101355,2364,103719,1046
2021-11-28,Del Norte,015,27424,3771,3703,57,3760,42
2021-11-28,El Dorado,017,186661,16707,16527,1797,18324,166
2021-11-28,Fresno,019,978130,145318,144164,12731,156895,2252
2021-11-28,Glenn,021,27897,3571,3547,1026,4573,36
2021-11-28,Humboldt,023,135768,9612,9499,694,10193,115
2021-11-28,Imperial,025,180216,35315,34929,3673,38602,773
2021-11-28,Inyo,027,18085,2543,2531,56,2587,46
2021-11-28,Kern,029,883053,132236,131279,24137,155416,1789
2021-11-28,Kings,031,150075,33332,33057,2100,35157,364
2021-11-28,Lake,033,64148,6913,6885,155,7040,110
2021-11-28,Lassen,035,31185,7035,7002,429,7431,51
2021-11-28,Los Angeles,037,10098052,1465267,1458646,56981,1515627,26878
2021-11-28,Madera,039,155013,24261,24055,2286,26341,307
2021-11-28,Marin,041,260295,18104,17962,522,18484,249
2021-11-28,Mariposa,043,17540,1424,1406,60,1466,6
2021-11-28,Mendocino,045,87422,8032,7943,645,8588,89
2021-11-28,Merced,047,269075,43365,43166,1981,45147,667
2021-11-28,Modoc,049,8938,591,569,203,772,5
2021-11-28,Mono,051,14174,1868,1841,20,1861,4
2021-11-28,Monterey,053,433212,48734,48537,4144,52681,626
2021-11-28,Napa,055,140530,13365,13303,116,13419,104
2021-11-28,Nevada,057,99092,9802,9684,357,10041,105
2021-11-28,Orange,059,3164182,314526,312028,16073,328101,5693
2021-11-28,Placer,061,380077,38633,38240,3931,42171,470
2021-11-28,Plumas,063,18699,1913,1884,52,1936,7
2021-11-28,Riverside,065,2383286,372608,370051,16956,387007,5358
2021-11-28,Sacramento,067,1510023,164174,163170,5060,168230,2335
2021-11-28,San Benito,069,59416,7663,7623,192,7815,77
2021-11-28,San Bernardino,071,2135413,365142,362407,11802,374209,5958
2021-11-28,San Diego,073,3302833,387641,383025,22346,405371,4325
2021-11-28,San Francisco,075,870044,54403,54082,2769,56851,669
2021-11-28,San Joaquin,077,732212,102472,101895,5736,107631,1834
2021-11-28,San Luis Obispo,079,281455,30420,30152,1327,31479,358
2021-11-28,San Mateo,081,765935,54811,54567,1791,56358,579
2021-11-28,Santa Barbara,083,443738,46217,45551,1707,47258,549
2021-11-28,Santa Clara,085,1922200,151759,150436,1588,152024,1920
2021-11-28,Santa Cruz,087,273765,21332,21110,1084,22194,224
2021-11-28,Shasta,089,179085,22509,22316,3790,26106,400
2021-11-28,Sierra,091,2930,197,195,23,218,0
2021-11-28,Siskiyou,093,43540,3427,3372,1369,4741,55
2021-11-28,Solano,095,438530,46984,46385,1296,47681,356
2021-11-28,Sonoma,097,501317,42912,42583,567,43150,405
2021-11-28,Stanislaus,099,539301,81737,81181,9362,90543,1223
2021-11-28,Sutter,101,95872,14265,14192,393,14585,186
2021-11-28,Tehama,103,63373,8765,8720,1561,10281,130
2021-11-28,Trinity,105,12862,866,797,218,1015,17
2021-11-28,Tulare,107,460477,70460,69833,16463,86296,1095
2021-11-28,Tuolumne,109,53932,7681,7620,107,7727,90
2021-11-28,Ventura,111,848112,100240,99486,4472,103958,1190
2021-11-28,Yolo,113,214977,20416,20333,1271,21604,257
2021-11-28,Yuba,115,75493,10438,10391,375,10766,89
2021-11-27,Alameda,001,1643700,122674,121618,3054,124672,1477
2021-11-27,Alpine,003,1148,109,106,0,106,0
2021-11-27,Amador,005,37829,5744,5670,69,5739,66
2021-11-27,Butte,007,227075,21702,21384,3970,25354,309
2021-11-27,Calaveras,009,45235,4372,4294,63,4357,85
2021-11-27,Colusa,011,21464,2612,2568,676,3244,19
2021-11-27,Contra Costa,013,1133247,101772,100961,2362,103323,1045
2021-11-27,Del Norte,015,27424,3764,3661,57,3718,42
2021-11-27,El Dorado,017,186661,16672,16399,1796,18195,161
2021-11-27,Fresno,019,978130,145209,143386,12726,156112,2246
2021-11-27,Glenn,021,27897,3569,3532,1026,4558,36
2021-11-27,Humboldt,023,135768,9584,9399,691,10090,115
2021-11-27,Imperial,025,180216,35232,34611,3657,38268,769
2021-11-27,Inyo,027,18085,2540,2506,56,2562,45
2021-11-27,Kern,029,883053,132151,130245,24108,154353,1773
2021-11-27,Kings,031,150075,33310,32891,2098,34989,358
2021-11-27,Lake,033,64148,6911,6836,153,6989,110
2021-11-27,Lassen,035,31185,7033,6959,428,7387,47
2021-11-27,Los Angeles,037,10098052,1464277,1454495,56907,1511402,26817
2021-11-27,Madera,039,155013,24241,23880,2282,26162,296
2021-11-27,Marin,041,260295,18066,17857,517,18374,248
2021-11-27,Mariposa,043,17540,1422,1374,60,1434,6
2021-11-27,Mendocino,045,87422,8013,7871,645,8516,89
2021-11-27,Merced,047,269075,43330,42921,1978,44899,664
2021-11-27,Modoc,049,8938,589,551,203,754,5
2021-11-27,Mono,051,14174,1867,1810,20,1830,4
2021-11-27,Monterey,053,433212,48705,48400,4126,52526,625
2021-11-27,Napa,055,140530,13351,13256,116,13372,104
2021-11-27,Nevada,057,99092,9780,9584,356,9940,103
2021-11-27,Orange,059,3164182,314274,310809,16040,326849,5665
2021-11-27,Placer,061,380077,38572,38001,3925,41926,468
2021-11-27,Plumas,063,18699,1909,1860,52,1912,7
2021-11-27,Riverside,065,2383286,372249,367601,16949,384550,5306
2021-11-27,Sacramento,067,1510023,164020,162328,5057,167385,2335
2021-11-27,San Benito,069,59416,7646,7575,192,7767,77
2021-11-27,San Bernardino,071,2135413,364710,360033,11795,371828,5932
2021-11-27,San Diego,073,3302833,387144,382634,22320,404954,4319
2021-11-27,San Francisco,075,870044,54356,53830,2763,56593,669
2021-11-27,San Joaquin,077,732212,102405,101368,5734,107102,1833
2021-11-27,San Luis Obispo,079,281455,30385,29983,1326,31309,358
2021-11-27,San Mateo,081,765935,54760,54360,1782,56142,577
2021-11-27,Santa Barbara,083,443738,46163,45318,1705,47023,548
2021-11-27,Santa Clara,085,1922200,151554,149700,1582,151282,1922
2021-11-27,Santa Cruz,087,273765,21292,20929,1081,22010,222
2021-11-27,Shasta,089,179085,22486,22151,3789,25940,396
2021-11-27,Sierra,091,2930,196,194,23,217,0
2021-11-27,Siskiyou,093,43540,3424,3336,1366,4702,54
2021-11-27,Solano,095,438530,46948,46163,1293,47456,356
2021-11-27,Sonoma,097,501317,42849,42368,567,42935,405
2021-11-27,Stanislaus,099,539301,81664,80782,9344,90126,1220
2021-11-27,Sutter,101,95872,14257,14127,392,14519,181
2021-11-27,Tehama,103,63373,8763,8675,1560,10235,129
2021-11-27,Trinity,105,12862,866,789,218,1007,17
2021-11-27,Tulare,107,460477,70409,69377,16445,85822,1082
2021-11-27,Tuolumne,109,53932,7668,7574,107,7681,90
2021-11-27,Ventura,111,848112,100166,99163,4464,103627,1188
2021-11-27,Yolo,113,214977,20395,20237,1262,21499,257
2021-11-27,Yuba,115,75493,10428,10335,375,10710,88
2021-11-26,Alameda,001,1643700,122571,121618,3052,124670,1477
2021-11-26,Alpine,003,1148,109,106,0,106,0
2021-11-26,Amador,005,37829,5740,5670,69,5739,66
2021-11-26,Butte,007,227075,21679,21384,3965,25349,309
2021-11-26,Calaveras,009,45235,4363,4294,63,4357,85
2021-11-26,Colusa,011,21464,2610,2568,675,3243,19
2021-11-26,Contra Costa,013,1133247,101686,100961,2358,103319,1045
2021-11-26,Del Norte,015,27424,3761,3661,57,3718,42
2021-11-26,El Dorado,017,186661,16655,16399,1793,18192,161
2021-11-26,Fresno,019,978130,145077,143386,12717,156103,2246
2021-11-26,Glenn,021,27897,3562,3532,1026,4558,36
2021-11-26,Humboldt,023,135768,9565,9399,687,10086,115
2021-11-26,Imperial,025,180216,35175,34611,3644,38255,769
2021-11-26,Inyo,027,18085,2540,2506,56,2562,45
2021-11-26,Kern,029,883053,132068,130245,24064,154309,1773
2021-11-26,Kings,031,150075,33286,32891,2096,34987,358
2021-11-26,Lake,033,64148,6909,6836,153,6989,110
2021-11-26,Lassen,035,31185,7027,6959,428,7387,47
2021-11-26,Los Angeles,037,10098052,1463442,1454495,56848,1511343,26817
2021-11-26,Madera,039,155013,24214,23880,2280,26160,296
2021-11-26,Marin,041,260295,18037,17857,517,18374,248
2021-11-26,Mariposa,043,17540,1416,1374,59,1433,6
2021-11-26,Mendocino,045,87422,8003,7871,645,8516,89
2021-11-26,Merced,047,269075,43299,42921,1973,44894,664
2021-11-26,Modoc,049,8938,587,551,203,754,5
2021-11-26,Mono,051,14174,1855,1810,20,1830,4
2021-11-26,Monterey,053,433212,48674,48400,4108,52508,625
2021-11-26,Napa,055,140530,13335,13256,116,13372,104
2021-11-26,Nevada,057,99092,9769,9584,356,9940,103
2021-11-26,Orange,059,3164182,314003,310809,16010,326819,5665
2021-11-26,Placer,061,380077,38527,38001,3917,41918,468
2021-11-26,Plumas,063,18699,1904,1860,52,1912,7
2021-11-26,Riverside,065,2383286,371850,367601,16941,384542,5306
2021-11-26,Sacramento,067,1510023,163909,162328,5052,167380,2335
2021-11-26,San Benito,069,59416,7638,7575,192,7767,77
2021-11-26,San Bernardino,071,2135413,364280,360033,11788,371821,5932
2021-11-26,San Diego,073,3302833,386588,382634,22308,404942,4319
2021-11-26,San Francisco,075,870044,54311,53830,2758,56588,669
2021-11-26,San Joaquin,077,732212,102349,101368,5732,107100,1833
2021-11-26,San Luis Obispo,079,281455,30343,29983,1323,31306,358
2021-11-26,San Mateo,081,765935,54706,54360,1774,56134,577
2021-11-26,Santa Barbara,083,443738,46116,45318,1704,47022,548
2021-11-26,Santa Clara,085,1922200,151387,149700,1573,151273,1922
2021-11-26,Santa Cruz,087,273765,21252,20929,1081,22010,222
2021-11-26,Shasta,089,179085,22467,22151,3787,25938,396
2021-11-26,Sierra,091,2930,196,194,23,217,0
2021-11-26,Siskiyou,093,43540,3421,3336,1365,4701,54
2021-11-26,Solano,095,438530,46912,46163,1292,47455,356
2021-11-26,Sonoma,097,501317,42798,42368,565,42933,405
2021-11-26,Stanislaus,099,539301,81589,80782,9333,90115,1220
2021-11-26,Sutter,101,95872,14244,14127,391,14518,181
2021-11-26,Tehama,103,63373,8761,8675,1559,10234,129
2021-11-26,Trinity,105,12862,865,789,218,1007,17
2021-11-26,Tulare,107,460477,70367,69377,16413,85790,1082
2021-11-26,Tuolumne,109,53932,7658,7574,107,7681,90
2021-11-26,Ventura,111,848112,100086,99163,4459,103622,1188
2021-11-26,Yolo,113,214977,20375,20237,1256,21493,257
2021-11-26,Yuba,115,75493,10422,10335,375,10710,88
2021-11-25,Alameda,001,1643700,122465,121618,3047,124665,1477
2021-11-25,Alpine,003,1148,109,106,0,106,0
2021-11-25,Amador,005,37829,5732,5670,69,5739,66
2021-11-25,Butte,007,227075,21661,21384,3963,25347,309
2021-11-25,Calaveras,009,45235,4358,4294,63,4357,85
2021-11-25,Colusa,011,21464,2607,2568,673,3241,19
2021-11-25,Contra Costa,013,1133247,101582,100961,2354,103315,1045
2021-11-25,Del Norte,015,27424,3756,3661,57,3718,42
2021-11-25,El Dorado,017,186661,16636,16399,1792,18191,161
2021-11-25,Fresno,019,978130,144944,143386,12710,156096,2246
2021-11-25,Glenn,021,27897,3562,3532,1026,4558,36
2021-11-25,Humboldt,023,135768,9546,9399,684,10083,115
2021-11-25,Imperial,025,180216,35130,34611,3632,38243,769
2021-11-25,Inyo,027,18085,2538,2506,56,2562,45
2021-11-25,Kern,029,883053,131970,130245,24018,154263,1773
2021-11-25,Kings,031,150075,33258,32891,2095,34986,358
2021-11-25,Lake,033,64148,6902,6836,153,6989,110
2021-11-25,Lassen,035,31185,7025,6959,427,7386,47
2021-11-25,Los Angeles,037,10098052,1462482,1454495,56789,1511284,26817
2021-11-25,Madera,039,155013,24179,23880,2279,26159,296
2021-11-25,Marin,041,260295,18011,17857,511,18368,248
2021-11-25,Mariposa,043,17540,1413,1374,59,1433,6
2021-11-25,Mendocino,045,87422,7985,7871,645,8516,89
2021-11-25,Merced,047,269075,43260,42921,1968,44889,664
2021-11-25,Modoc,049,8938,586,551,203,754,5
2021-11-25,Mono,051,14174,1843,1810,20,1830,4
2021-11-25,Monterey,053,433212,48635,48400,4094,52494,625
2021-11-25,Napa,055,140530,13327,13256,116,13372,104
2021-11-25,Nevada,057,99092,9751,9584,353,9937,103
2021-11-25,Orange,059,3164182,313738,310809,15982,326791,5665
2021-11-25,Placer,061,380077,38480,38001,3910,41911,468
2021-11-25,Plumas,063,18699,1902,1860,52,1912,7
2021-11-25,Riverside,065,2383286,371437,367601,16934,384535,5306
2021-11-25,Sacramento,067,1510023,163727,162328,5046,167374,2335
2021-11-25,San Benito,069,59416,7631,7575,192,7767,77
2021-11-25,San Bernardino,071,2135413,363886,360033,11773,371806,5932
2021-11-25,San Diego,073,3302833,386142,382634,22288,404922,4319
2021-11-25,San Francisco,075,870044,54262,53830,2755,56585,669
2021-11-25,San Joaquin,077,732212,102265,101368,5728,107096,1833
2021-11-25,San Luis Obispo,079,281455,30315,29983,1320,31303,358
2021-11-25,San Mateo,081,765935,54660,54360,1769,56129,577
2021-11-25,Santa Barbara,083,443738,46079,45318,1702,47020,548
2021-11-25,Santa Clara,085,1922200,151231,149700,1567,151267,1922
2021-11-25,Santa Cruz,087,273765,21220,20929,1081,22010,222
2021-11-25,Shasta,089,179085,22441,22151,3787,25938,396
2021-11-25,Sierra,091,2930,196,194,23,217,0
2021-11-25,Siskiyou,093,43540,3418,3336,1365,4701,54
2021-11-25,Solano,095,438530,46875,46163,1291,47454,356
2021-11-25,Sonoma,097,501317,42741,42368,561,42929,405
2021-11-25,Stanislaus,099,539301,81518,80782,9318,90100,1220
2021-11-25,Sutter,101,95872,14228,14127,390,14517,181
2021-11-25,Tehama,103,63373,8753,8675,1559,10234,129
2021-11-25,Trinity,105,12862,865,789,218,1007,17
2021-11-25,Tulare,107,460477,70302,69377,16385,85762,1082
2021-11-25,Tuolumne,109,53932,7647,7574,107,7681,90
2021-11-25,Ventura,111,848112,100018,99163,4456,103619,1188
2021-11-25,Yolo,113,214977,20346,20237,1252,21489,257
2021-11-25,Yuba,115,75493,10413,10335,374,10709,88
2021-11-24,Alameda,001,1643700,122401,121618,3043,124661,1477
2021-11-24,Alpine,003,1148,109,106,0,106,0
2021-11-24,Amador,005,37829,5722,5670,69,5739,66
2021-11-24,Butte,007,227075,21646,21384,3962,25346,309
2021-11-24,Calaveras,009,45235,4351,4294,63,4357,85
2021-11-24,Colusa,011,21464,2607,2568,672,3240,19
2021-11-24,Contra Costa,013,1133247,101545,100961,2351,103312,1045
2021-11-24,Del Norte,015,27424,3753,3661,57,3718,42
2021-11-24,El Dorado,017,186661,16624,16399,1791,18190,161
2021-11-24,Fresno,019,978130,144889,143386,12710,156096,2246
2021-11-24,Glenn,021,27897,3561,3532,1025,4557,36
2021-11-24,Humboldt,023,135768,9532,9399,684,10083,115
2021-11-24,Imperial,025,180216,35102,34611,3626,38237,769
2021-11-24,Inyo,027,18085,2535,2506,56,2562,45
2021-11-24,Kern,029,883053,131906,130245,24006,154251,1773
2021-11-24,Kings,031,150075,33245,32891,2093,34984,358
2021-11-24,Lake,033,64148,6898,6836,153,6989,110
2021-11-24,Lassen,035,31185,7025,6959,427,7386,47
2021-11-24,Los Angeles,037,10098052,1462002,1454495,56745,1511240,26817
2021-11-24,Madera,039,155013,24156,23880,2273,26153,296
2021-11-24,Marin,041,260295,17999,17857,509,18366,248
2021-11-24,Mariposa,043,17540,1413,1374,59,1433,6
2021-11-24,Mendocino,045,87422,7973,7871,645,8516,89
2021-11-24,Merced,047,269075,43228,42921,1965,44886,664
2021-11-24,Modoc,049,8938,586,551,203,754,5
2021-11-24,Mono,051,14174,1842,1810,20,1830,4
2021-11-24,Monterey,053,433212,48627,48400,4087,52487,625
2021-11-24,Napa,055,140530,13323,13256,116,13372,104
2021-11-24,Nevada,057,99092,9736,9584,353,9937,103
2021-11-24,Orange,059,3164182,313581,310809,15969,326778,5665
2021-11-24,Placer,061,380077,38448,38001,3908,41909,468
2021-11-24,Plumas,063,18699,1900,1860,52,1912,7
2021-11-24,Riverside,065,2383286,371257,367601,16928,384529,5306
2021-11-24,Sacramento,067,1510023,163654,162328,5046,167374,2335
2021-11-24,San Benito,069,59416,7629,7575,192,7767,77
2021-11-24,San Bernardino,071,2135413,363679,360033,11762,371795,5932
2021-11-24,San Diego,073,3302833,385888,382634,22275,404909,4319
2021-11-24,San Francisco,075,870044,54231,53830,2753,56583,669
2021-11-24,San Joaquin,077,732212,102224,101368,5725,107093,1833
2021-11-24,San Luis Obispo,079,281455,30297,29983,1320,31303,358
2021-11-24,San Mateo,081,765935,54630,54360,1768,56128,577
2021-11-24,Santa Barbara,083,443738,46052,45318,1702,47020,548
2021-11-24,Santa Clara,085,1922200,151135,149700,1567,151267,1922
2021-11-24,Santa Cruz,087,273765,21196,20929,1080,22009,222
2021-11-24,Shasta,089,179085,22430,22151,3784,25935,396
2021-11-24,Sierra,091,2930,196,194,23,217,0
2021-11-24,Siskiyou,093,43540,3416,3336,1365,4701,54
2021-11-24,Solano,095,438530,46847,46163,1289,47452,356
2021-11-24,Sonoma,097,501317,42711,42368,559,42927,405
2021-11-24,Stanislaus,099,539301,81480,80782,9313,90095,1220
2021-11-24,Sutter,101,95872,14215,14127,388,14515,181
2021-11-24,Tehama,103,63373,8750,8675,1558,10233,129
2021-11-24,Trinity,105,12862,865,789,218,1007,17
2021-11-24,Tulare,107,460477,70280,69377,16366,85743,1082
2021-11-24,Tuolumne,109,53932,7643,7574,107,7681,90
2021-11-24,Ventura,111,848112,99983,99163,4452,103615,1188
2021-11-24,Yolo,113,214977,20338,20237,1251,21488,257
2021-11-24,Yuba,115,75493,10409,10335,373,10708,88
2021-11-23,Alameda,001,1643700,122287,121618,3035,124653,1477
2021-11-23,Alpine,003,1148,109,106,0,106,0
2021-11-23,Amador,005,37829,5715,5670,69,5739,66
2021-11-23,Butte,007,227075,21617,21384,3958,25342,309
2021-11-23,Calaveras,009,45235,4345,4294,62,4356,85
2021-11-23,Colusa,011,21464,2603,2568,671,3239,19
2021-11-23,Contra Costa,013,1133247,101440,100961,2348,103309,1045
2021-11-23,Del Norte,015,27424,3750,3661,57,3718,42
2021-11-23,El Dorado,017,186661,16592,16399,1788,18187,161
2021-11-23,Fresno,019,978130,144753,143386,12700,156086,2246
2021-11-23,Glenn,021,27897,3555,3532,1025,4557,36
2021-11-23,Humboldt,023,135768,9508,9399,681,10080,115
2021-11-23,Imperial,025,180216,35032,34611,3606,38217,769
2021-11-23,Inyo,027,18085,2531,2506,56,2562,45
2021-11-23,Kern,029,883053,131802,130245,23958,154203,1773
2021-11-23,Kings,031,150075,33205,32891,2092,34983,358
2021-11-23,Lake,033,64148,6893,6836,153,6989,110
2021-11-23,Lassen,035,31185,7021,6959,424,7383,47
2021-11-23,Los Angeles,037,10098052,1460991,1454495,56684,1511179,26817
2021-11-23,Madera,039,155013,24130,23880,2271,26151,296
2021-11-23,Marin,041,260295,17968,17857,505,18362,248
2021-11-23,Mariposa,043,17540,1410,1374,59,1433,6
2021-11-23,Mendocino,045,87422,7952,7871,642,8513,89
2021-11-23,Merced,047,269075,43190,42921,1964,44885,664
2021-11-23,Modoc,049,8938,584,551,203,754,5
2021-11-23,Mono,051,14174,1832,1810,19,1829,4
2021-11-23,Monterey,053,433212,48601,48400,4073,52473,625
2021-11-23,Napa,055,140530,13314,13256,116,13372,104
2021-11-23,Nevada,057,99092,9707,9584,352,9936,103
2021-11-23,Orange,059,3164182,313331,310809,15935,326744,5665
2021-11-23,Placer,061,380077,38390,38001,3891,41892,468
2021-11-23,Plumas,063,18699,1896,1860,52,1912,7
2021-11-23,Riverside,065,2383286,370875,367601,16915,384516,5306
2021-11-23,Sacramento,067,1510023,163469,162328,5033,167361,2335
2021-11-23,San Benito,069,59416,7620,7575,190,7765,77
2021-11-23,San Bernardino,071,2135413,363265,360033,11748,371781,5932
2021-11-23,San Diego,073,3302833,385396,382634,22251,404885,4319
2021-11-23,San Francisco,075,870044,54172,53830,2749,56579,669
2021-11-23,San Joaquin,077,732212,102117,101368,5715,107083,1833
2021-11-23,San Luis Obispo,079,281455,30263,29983,1317,31300,358
2021-11-23,San Mateo,081,765935,54586,54360,1760,56120,577
2021-11-23,Santa Barbara,083,443738,46001,45318,1702,47020,548
2021-11-23,Santa Clara,085,1922200,150923,149700,1555,151255,1922
2021-11-23,Santa Cruz,087,273765,21158,20929,1080,22009,222
2021-11-23,Shasta,089,179085,22394,22151,3783,25934,396
2021-11-23,Sierra,091,2930,196,194,23,217,0
2021-11-23,Siskiyou,093,43540,3411,3336,1364,4700,54
2021-11-23,Solano,095,438530,46793,46163,1285,47448,356
2021-11-23,Sonoma,097,501317,42660,42368,556,42924,405
2021-11-23,Stanislaus,099,539301,81411,80782,9300,90082,1220
2021-11-23,Sutter,101,95872,14199,14127,387,14514,181
2021-11-23,Tehama,103,63373,8737,8675,1557,10232,129
2021-11-23,Trinity,105,12862,864,789,218,1007,17
2021-11-23,Tulare,107,460477,70233,69377,16336,85713,1082
2021-11-23,Tuolumne,109,53932,7632,7574,107,7681,90
2021-11-23,Ventura,111,848112,99900,99163,4446,103609,1188
2021-11-23,Yolo,113,214977,20317,20237,1243,21480,257
2021-11-23,Yuba,115,75493,10397,10335,373,10708,88
2021-11-22,Alameda,001,1643700,122176,121566,3032,124598,1475
2021-11-22,Alpine,003,1148,109,106,0,106,0
2021-11-22,Amador,005,37829,5702,5670,69,5739,66
2021-11-22,Butte,007,227075,21578,21363,3952,25315,305
2021-11-22,Calaveras,009,45235,4333,4294,62,4356,84
2021-11-22,Colusa,011,21464,2600,2565,671,3236,19
2021-11-22,Contra Costa,013,1133247,101354,100877,2343,103220,1045
2021-11-22,Del Norte,015,27424,3747,3659,57,3716,42
2021-11-22,El Dorado,017,186661,16570,16378,1785,18163,161
2021-11-22,Fresno,019,978130,144621,143290,12694,155984,2243
2021-11-22,Glenn,021,27897,3550,3530,1024,4554,36
2021-11-22,Humboldt,023,135768,9481,9389,676,10065,115
2021-11-22,Imperial,025,180216,34970,34562,3592,38154,766
2021-11-22,Inyo,027,18085,2525,2501,56,2557,44
2021-11-22,Kern,029,883053,131640,130091,23908,153999,1762
2021-11-22,Kings,031,150075,33169,32867,2087,34954,358
2021-11-22,Lake,033,64148,6888,6837,153,6990,110
2021-11-22,Lassen,035,31185,7020,6954,423,7377,47
2021-11-22,Los Angeles,037,10098052,1459928,1453945,56605,1510550,26800
2021-11-22,Madera,039,155013,24096,23872,2264,26136,296
2021-11-22,Marin,041,260295,17937,17842,503,18345,248
2021-11-22,Mariposa,043,17540,1406,1372,59,1431,6
2021-11-22,Mendocino,045,87422,7936,7859,641,8500,89
2021-11-22,Merced,047,269075,43139,42898,1953,44851,660
2021-11-22,Modoc,049,8938,583,551,203,754,5
2021-11-22,Mono,051,14174,1818,1809,19,1828,4
2021-11-22,Monterey,053,433212,48579,48374,4063,52437,611
2021-11-22,Napa,055,140530,13306,13255,115,13370,104
2021-11-22,Nevada,057,99092,9688,9575,350,9925,96
2021-11-22,Orange,059,3164182,313087,310654,15909,326563,5663
2021-11-22,Placer,061,380077,38345,37956,3883,41839,465
2021-11-22,Plumas,063,18699,1893,1858,52,1910,7
2021-11-22,Riverside,065,2383286,370440,367301,16904,384205,5283
2021-11-22,Sacramento,067,1510023,163277,162222,5024,167246,2328
2021-11-22,San Benito,069,59416,7600,7567,190,7757,77
2021-11-22,San Bernardino,071,2135413,362857,359851,11738,371589,5916
2021-11-22,San Diego,073,3302833,384897,382132,22226,404358,4317
2021-11-22,San Francisco,075,870044,54082,53778,2741,56519,669
2021-11-22,San Joaquin,077,732212,101992,101299,5710,107009,1833
2021-11-22,San Luis Obispo,079,281455,30237,29963,1316,31279,358
2021-11-22,San Mateo,081,765935,54532,54330,1755,56085,577
2021-11-22,Santa Barbara,083,443738,45930,45279,1702,46981,546
2021-11-22,Santa Clara,085,1922200,150737,149541,1545,151086,1919
2021-11-22,Santa Cruz,087,273765,21117,20891,1080,21971,222
2021-11-22,Shasta,089,179085,22380,22116,3779,25895,393
2021-11-22,Sierra,091,2930,196,193,23,216,0
2021-11-22,Siskiyou,093,43540,3405,3336,1362,4698,54
2021-11-22,Solano,095,438530,46745,46153,1283,47436,356
2021-11-22,Sonoma,097,501317,42603,42344,555,42899,404
2021-11-22,Stanislaus,099,539301,81322,80718,9291,90009,1209
2021-11-22,Sutter,101,95872,14183,14125,385,14510,181
2021-11-22,Tehama,103,63373,8731,8669,1552,10221,127
2021-11-22,Trinity,105,12862,863,785,218,1003,17
2021-11-22,Tulare,107,460477,70170,69314,16301,85615,1075
2021-11-22,Tuolumne,109,53932,7617,7567,107,7674,90
2021-11-22,Ventura,111,848112,99833,99114,4443,103557,1186
2021-11-22,Yolo,113,214977,20294,20227,1241,21468,257
2021-11-22,Yuba,115,75493,10388,10332,372,10704,88
2021-11-21,Alameda,001,1643700,122055,121443,3028,124471,1475
2021-11-21,Alpine,003,1148,107,106,0,106,0
2021-11-21,Amador,005,37829,5697,5662,68,5730,66
2021-11-21,Butte,007,227075,21537,21342,3947,25289,306
2021-11-21,Calaveras,009,45235,4324,4287,62,4349,84
2021-11-21,Colusa,011,21464,2596,2562,670,3232,19
2021-11-21,Contra Costa,013,1133247,101252,100807,2337,103144,1045
2021-11-21,Del Norte,015,27424,3743,3659,57,3716,42
2021-11-21,El Dorado,017,186661,16543,16370,1779,18149,161
2021-11-21,Fresno,019,978130,144455,143203,12680,155883,2242
2021-11-21,Glenn,021,27897,3547,3529,1024,4553,36
2021-11-21,Humboldt,023,135768,9458,9378,675,10053,115
2021-11-21,Imperial,025,180216,34881,34527,3580,38107,766
2021-11-21,Inyo,027,18085,2518,2501,56,2557,44
2021-11-21,Kern,029,883053,131476,130020,23862,153882,1762
2021-11-21,Kings,031,150075,33132,32843,2083,34926,356
2021-11-21,Lake,033,64148,6881,6834,153,6987,110
2021-11-21,Lassen,035,31185,7011,6953,423,7376,47
2021-11-21,Los Angeles,037,10098052,1458860,1453181,56556,1509737,26793
2021-11-21,Madera,039,155013,24070,23856,2259,26115,296
2021-11-21,Marin,041,260295,17908,17829,500,18329,248
2021-11-21,Mariposa,043,17540,1405,1371,58,1429,6
2021-11-21,Mendocino,045,87422,7930,7846,638,8484,89
2021-11-21,Merced,047,269075,43084,42881,1949,44830,660
2021-11-21,Modoc,049,8938,579,551,203,754,5
2021-11-21,Mono,051,14174,1810,1799,19,1818,4
2021-11-21,Monterey,053,433212,48537,48358,4048,52406,611
2021-11-21,Napa,055,140530,13294,13250,115,13365,104
2021-11-21,Nevada,057,99092,9662,9556,349,9905,96
2021-11-21,Orange,059,3164182,312833,310477,15877,326354,5663
2021-11-21,Placer,061,380077,38263,37929,3882,41811,465
2021-11-21,Plumas,063,18699,1892,1858,52,1910,7
2021-11-21,Riverside,065,2383286,369952,367093,16896,383989,5283
2021-11-21,Sacramento,067,1510023,163057,162087,5012,167099,2327
2021-11-21,San Benito,069,59416,7586,7563,189,7752,77
2021-11-21,San Bernardino,071,2135413,362380,359621,11703,371324,5912
2021-11-21,San Diego,073,3302833,384361,380747,22201,402948,4317
2021-11-21,San Francisco,075,870044,54017,53741,2733,56474,669
2021-11-21,San Joaquin,077,732212,101888,101264,5697,106961,1833
2021-11-21,San Luis Obispo,079,281455,30199,29948,1316,31264,358
2021-11-21,San Mateo,081,765935,54487,54290,1749,56039,577
2021-11-21,Santa Barbara,083,443738,45870,45237,1699,46936,546
2021-11-21,Santa Clara,085,1922200,150533,149387,1525,150912,1918
2021-11-21,Santa Cruz,087,273765,21073,20866,1078,21944,222
2021-11-21,Shasta,089,179085,22349,22112,3777,25889,393
2021-11-21,Sierra,091,2930,196,193,23,216,0
2021-11-21,Siskiyou,093,43540,3402,3333,1359,4692,54
2021-11-21,Solano,095,438530,46690,46122,1276,47398,356
2021-11-21,Sonoma,097,501317,42543,42298,554,42852,404
2021-11-21,Stanislaus,099,539301,81225,80687,9278,89965,1209
2021-11-21,Sutter,101,95872,14169,14111,385,14496,181
2021-11-21,Tehama,103,63373,8725,8669,1551,10220,127
2021-11-21,Trinity,105,12862,861,784,216,1000,17
2021-11-21,Tulare,107,460477,70088,69285,16263,85548,1075
2021-11-21,Tuolumne,109,53932,7609,7560,106,7666,90
2021-11-21,Ventura,111,848112,99742,99081,4439,103520,1186
2021-11-21,Yolo,113,214977,20267,20209,1238,21447,257
2021-11-21,Yuba,115,75493,10379,10326,372,10698,88
2021-11-20,Alameda,001,1643700,121966,121059,3021,124080,1473
2021-11-20,Alpine,003,1148,107,105,0,105,0
2021-11-20,Amador,005,37829,5691,5652,67,5719,66
2021-11-20,Butte,007,227075,21521,21265,3943,25208,300
2021-11-20,Calaveras,009,45235,4315,4268,62,4330,84
2021-11-20,Colusa,011,21464,2595,2549,669,3218,19
2021-11-20,Contra Costa,013,1133247,101174,100491,2333,102824,1043
2021-11-20,Del Norte,015,27424,3740,3637,57,3694,42
2021-11-20,El Dorado,017,186661,16522,16308,1777,18085,161
2021-11-20,Fresno,019,978130,144384,142579,12673,155252,2233
2021-11-20,Glenn,021,27897,3547,3526,1023,4549,35
2021-11-20,Humboldt,023,135768,9445,9302,673,9975,115
2021-11-20,Imperial,025,180216,34828,34312,3574,37886,766
2021-11-20,Inyo,027,18085,2517,2467,56,2523,44
2021-11-20,Kern,029,883053,131376,129488,23825,153313,1750
2021-11-20,Kings,031,150075,33122,32720,2083,34803,354
2021-11-20,Lake,033,64148,6878,6808,153,6961,110
2021-11-20,Lassen,035,31185,7010,6931,423,7354,47
2021-11-20,Los Angeles,037,10098052,1458248,1448963,56510,1505473,26741
2021-11-20,Madera,039,155013,24058,23720,2256,25976,296
2021-11-20,Marin,041,260295,17893,17774,500,18274,248
2021-11-20,Mariposa,043,17540,1404,1354,58,1412,6
2021-11-20,Mendocino,045,87422,7922,7773,638,8411,89
2021-11-20,Merced,047,269075,43059,42692,1949,44641,656
2021-11-20,Modoc,049,8938,578,550,203,753,5
2021-11-20,Mono,051,14174,1809,1767,19,1786,4
2021-11-20,Monterey,053,433212,48524,48260,4039,52299,609
2021-11-20,Napa,055,140530,13291,13184,115,13299,103
2021-11-20,Nevada,057,99092,9646,9480,349,9829,92
2021-11-20,Orange,059,3164182,312634,309672,15861,325533,5658
2021-11-20,Placer,061,380077,38222,37800,3877,41677,462
2021-11-20,Plumas,063,18699,1888,1841,52,1893,7
2021-11-20,Riverside,065,2383286,369680,365809,16883,382692,5265
2021-11-20,Sacramento,067,1510023,162954,161533,5008,166541,2316
2021-11-20,San Benito,069,59416,7582,7533,189,7722,77
2021-11-20,San Bernardino,071,2135413,362109,358322,11693,370015,5897
2021-11-20,San Diego,073,3302833,384030,380147,22173,402320,4311
2021-11-20,San Francisco,075,870044,53979,53525,2732,56257,669
2021-11-20,San Joaquin,077,732212,101840,100922,5692,106614,1832
2021-11-20,San Luis Obispo,079,281455,30184,29815,1315,31130,355
2021-11-20,San Mateo,081,765935,54455,54132,1745,55877,577
2021-11-20,Santa Barbara,083,443738,45838,45074,1699,46773,544
2021-11-20,Santa Clara,085,1922200,150428,148829,1524,150353,1917
2021-11-20,Santa Cruz,087,273765,21054,20756,1078,21834,222
2021-11-20,Shasta,089,179085,22325,21968,3776,25744,383
2021-11-20,Sierra,091,2930,196,191,23,214,0
2021-11-20,Siskiyou,093,43540,3399,3313,1359,4672,54
2021-11-20,Solano,095,438530,46669,46006,1276,47282,356
2021-11-20,Sonoma,097,501317,42512,42151,554,42705,403
2021-11-20,Stanislaus,099,539301,81179,80412,9273,89685,1205
2021-11-20,Sutter,101,95872,14161,14074,385,14459,181
2021-11-20,Tehama,103,63373,8720,8648,1551,10199,125
2021-11-20,Trinity,105,12862,857,771,216,987,17
2021-11-20,Tulare,107,460477,70052,69074,16242,85316,1054
2021-11-20,Tuolumne,109,53932,7600,7511,106,7617,90
2021-11-20,Ventura,111,848112,99693,98893,4432,103325,1186
2021-11-20,Yolo,113,214977,20260,20139,1234,21373,257
2021-11-20,Yuba,115,75493,10373,10290,371,10661,88
2021-11-19,Alameda,001,1643700,121895,121059,3018,124077,1473
2021-11-19,Alpine,003,1148,107,105,0,105,0
2021-11-19,Amador,005,37829,5681,5652,67,5719,66
2021-11-19,Butte,007,227075,21498,21265,3936,25201,300
2021-11-19,Calaveras,009,45235,4308,4268,62,4330,84
2021-11-19,Colusa,011,21464,2593,2549,668,3217,19
2021-11-19,Contra Costa,013,1133247,101118,100491,2328,102819,1043
2021-11-19,Del Norte,015,27424,3735,3637,57,3694,42
2021-11-19,El Dorado,017,186661,16501,16308,1775,18083,161
2021-11-19,Fresno,019,978130,144269,142579,12669,155248,2233
2021-11-19,Glenn,021,27897,3546,3526,1022,4548,35
2021-11-19,Humboldt,023,135768,9432,9302,670,9972,115
2021-11-19,Imperial,025,180216,34789,34312,3567,37879,766
2021-11-19,Inyo,027,18085,2513,2467,56,2523,44
2021-11-19,Kern,029,883053,131272,129488,23783,153271,1750
2021-11-19,Kings,031,150075,33096,32720,2081,34801,354
2021-11-19,Lake,033,64148,6875,6808,153,6961,110
2021-11-19,Lassen,035,31185,7006,6931,422,7353,47
2021-11-19,Los Angeles,037,10098052,1457570,1448963,56454,1505417,26741
2021-11-19,Madera,039,155013,24037,23720,2252,25972,296
2021-11-19,Marin,041,260295,17874,17774,498,18272,248
2021-11-19,Mariposa,043,17540,1402,1354,58,1412,6
2021-11-19,Mendocino,045,87422,7902,7773,638,8411,89
2021-11-19,Merced,047,269075,43033,42692,1948,44640,656
2021-11-19,Modoc,049,8938,577,550,203,753,5
2021-11-19,Mono,051,14174,1802,1767,19,1786,4
2021-11-19,Monterey,053,433212,48510,48260,4030,52290,609
2021-11-19,Napa,055,140530,13281,13184,114,13298,103
2021-11-19,Nevada,057,99092,9633,9480,349,9829,92
2021-11-19,Orange,059,3164182,312478,309672,15837,325509,5658
2021-11-19,Placer,061,380077,38185,37800,3873,41673,462
2021-11-19,Plumas,063,18699,1884,1841,52,1893,7
2021-11-19,Riverside,065,2383286,369408,365809,16878,382687,5265
2021-11-19,Sacramento,067,1510023,162832,161533,5004,166537,2316
2021-11-19,San Benito,069,59416,7576,7533,187,7720,77
2021-11-19,San Bernardino,071,2135413,361794,358322,11687,370009,5897
2021-11-19,San Diego,073,3302833,383628,380147,22146,402293,4311
2021-11-19,San Francisco,075,870044,53942,53525,2731,56256,669
2021-11-19,San Joaquin,077,732212,101784,100922,5688,106610,1832
2021-11-19,San Luis Obispo,079,281455,30166,29815,1313,31128,355
2021-11-19,San Mateo,081,765935,54414,54132,1734,55866,577
2021-11-19,Santa Barbara,083,443738,45802,45074,1699,46773,544
2021-11-19,Santa Clara,085,1922200,150281,148829,1521,150350,1917
2021-11-19,Santa Cruz,087,273765,21027,20756,1075,21831,222
2021-11-19,Shasta,089,179085,22313,21968,3775,25743,383
2021-11-19,Sierra,091,2930,196,191,23,214,0
2021-11-19,Siskiyou,093,43540,3396,3313,1359,4672,54
2021-11-19,Solano,095,438530,46639,46006,1274,47280,356
2021-11-19,Sonoma,097,501317,42479,42151,551,42702,403
2021-11-19,Stanislaus,099,539301,81120,80412,9263,89675,1205
2021-11-19,Sutter,101,95872,14159,14074,385,14459,181
2021-11-19,Tehama,103,63373,8717,8648,1551,10199,125
2021-11-19,Trinity,105,12862,855,771,216,987,17
2021-11-19,Tulare,107,460477,70013,69074,16213,85287,1054
2021-11-19,Tuolumne,109,53932,7589,7511,106,7617,90
2021-11-19,Ventura,111,848112,99627,98893,4428,103321,1186
2021-11-19,Yolo,113,214977,20251,20139,1231,21370,257
2021-11-19,Yuba,115,75493,10370,10290,371,10661,88
2021-11-18,Alameda,001,1643700,121776,121059,3009,124068,1473
2021-11-18,Alpine,003,1148,107,105,0,105,0
2021-11-18,Amador,005,37829,5679,5652,67,5719,66
2021-11-18,Butte,007,227075,21481,21265,3929,25194,300
2021-11-18,Calaveras,009,45235,4301,4268,61,4329,84
2021-11-18,Colusa,011,21464,2585,2549,668,3217,19
2021-11-18,Contra Costa,013,1133247,101016,100491,2319,102810,1043
2021-11-18,Del Norte,015,27424,3732,3637,57,3694,42
2021-11-18,El Dorado,017,186661,16483,16308,1772,18080,161
2021-11-18,Fresno,019,978130,144131,142579,12660,155239,2233
2021-11-18,Glenn,021,27897,3545,3526,1021,4547,35
2021-11-18,Humboldt,023,135768,9416,9302,665,9967,115
2021-11-18,Imperial,025,180216,34734,34312,3551,37863,766
2021-11-18,Inyo,027,18085,2505,2467,56,2523,44
2021-11-18,Kern,029,883053,131128,129488,23735,153223,1750
2021-11-18,Kings,031,150075,33059,32720,2078,34798,354
2021-11-18,Lake,033,64148,6870,6808,153,6961,110
2021-11-18,Lassen,035,31185,7003,6931,417,7348,47
2021-11-18,Los Angeles,037,10098052,1456590,1448963,56390,1505353,26741
2021-11-18,Madera,039,155013,24012,23720,2249,25969,296
2021-11-18,Marin,041,260295,17857,17774,494,18268,248
2021-11-18,Mariposa,043,17540,1399,1354,58,1412,6
2021-11-18,Mendocino,045,87422,7880,7773,628,8401,89
2021-11-18,Merced,047,269075,42976,42692,1946,44638,656
2021-11-18,Modoc,049,8938,566,550,203,753,5
2021-11-18,Mono,051,14174,1789,1767,19,1786,4
2021-11-18,Monterey,053,433212,48489,48260,4021,52281,609
2021-11-18,Napa,055,140530,13269,13184,113,13297,103
2021-11-18,Nevada,057,99092,9609,9480,349,9829,92
2021-11-18,Orange,059,3164182,312243,309672,15820,325492,5658
2021-11-18,Placer,061,380077,38143,37800,3862,41662,462
2021-11-18,Plumas,063,18699,1883,1841,52,1893,7
2021-11-18,Riverside,065,2383286,369036,365809,16865,382674,5265
2021-11-18,Sacramento,067,1510023,162605,161533,4987,166520,2316
2021-11-18,San Benito,069,59416,7566,7533,187,7720,77
2021-11-18,San Bernardino,071,2135413,361366,358322,11668,369990,5897
2021-11-18,San Diego,073,3302833,383122,380147,22130,402277,4311
2021-11-18,San Francisco,075,870044,53892,53525,2725,56250,669
2021-11-18,San Joaquin,077,732212,101691,100922,5679,106601,1832
2021-11-18,San Luis Obispo,079,281455,30136,29815,1311,31126,355
2021-11-18,San Mateo,081,765935,54362,54132,1725,55857,577
2021-11-18,Santa Barbara,083,443738,45758,45074,1692,46766,544
2021-11-18,Santa Clara,085,1922200,150097,148829,1513,150342,1917
2021-11-18,Santa Cruz,087,273765,20976,20756,1074,21830,222
2021-11-18,Shasta,089,179085,22277,21968,3770,25738,383
2021-11-18,Sierra,091,2930,195,191,23,214,0
2021-11-18,Siskiyou,093,43540,3396,3313,1354,4667,54
2021-11-18,Solano,095,438530,46597,46006,1272,47278,356
2021-11-18,Sonoma,097,501317,42431,42151,549,42700,403
2021-11-18,Stanislaus,099,539301,81053,80412,9256,89668,1205
2021-11-18,Sutter,101,95872,14148,14074,385,14459,181
2021-11-18,Tehama,103,63373,8712,8648,1551,10199,125
2021-11-18,Trinity,105,12862,854,771,216,987,17
2021-11-18,Tulare,107,460477,69943,69074,16165,85239,1054
2021-11-18,Tuolumne,109,53932,7581,7511,106,7617,90
2021-11-18,Ventura,111,848112,99549,98893,4424,103317,1186
2021-11-18,Yolo,113,214977,20234,20139,1226,21365,257
2021-11-18,Yuba,115,75493,10364,10290,371,10661,88
2021-11-17,Alameda,001,1643700,121658,120913,3007,123920,1472
2021-11-17,Alpine,003,1148,107,105,0,105,0
2021-11-17,Amador,005,37829,5672,5646,67,5713,66
2021-11-17,Butte,007,227075,21455,21230,3926,25156,300
2021-11-17,Calaveras,009,45235,4294,4259,61,4320,84
2021-11-17,Colusa,011,21464,2582,2546,667,3213,19
2021-11-17,Contra Costa,013,1133247,100924,100387,2314,102701,1039
2021-11-17,Del Norte,015,27424,3729,3630,57,3687,42
2021-11-17,El Dorado,017,186661,16464,16269,1771,18040,161
2021-11-17,Fresno,019,978130,143951,142366,12646,155012,2230
2021-11-17,Glenn,021,27897,3544,3527,1020,4547,34
2021-11-17,Humboldt,023,135768,9405,9270,662,9932,115
2021-11-17,Imperial,025,180216,34677,34256,3529,37785,766
2021-11-17,Inyo,027,18085,2499,2457,56,2513,44
2021-11-17,Kern,029,883053,130956,129307,23693,153000,1743
2021-11-17,Kings,031,150075,33031,32669,2074,34743,352
2021-11-17,Lake,033,64148,6866,6795,152,6947,110
2021-11-17,Lassen,035,31185,7001,6918,417,7335,47
2021-11-17,Los Angeles,037,10098052,1455490,1447947,56323,1504270,26721
2021-11-17,Madera,039,155013,23978,23673,2248,25921,287
2021-11-17,Marin,041,260295,17838,17757,492,18249,248
2021-11-17,Mariposa,043,17540,1395,1353,58,1411,6
2021-11-17,Mendocino,045,87422,7872,7735,627,8362,89
2021-11-17,Merced,047,269075,42915,42612,1943,44555,654
2021-11-17,Modoc,049,8938,562,540,203,743,5
2021-11-17,Mono,051,14174,1787,1765,19,1784,5
2021-11-17,Monterey,053,433212,48447,48221,4004,52225,609
2021-11-17,Napa,055,140530,13245,13167,113,13280,103
2021-11-17,Nevada,057,99092,9596,9447,349,9796,92
2021-11-17,Orange,059,3164182,312002,309396,15793,325189,5651
2021-11-17,Placer,061,380077,38094,37725,3853,41578,460
2021-11-17,Plumas,063,18699,1879,1833,52,1885,7
2021-11-17,Riverside,065,2383286,368626,365406,16850,382256,5229
2021-11-17,Sacramento,067,1510023,162434,161269,4979,166248,2302
2021-11-17,San Benito,069,59416,7559,7524,187,7711,77
2021-11-17,San Bernardino,071,2135413,361008,357947,11652,369599,5893
2021-11-17,San Diego,073,3302833,382625,379769,22101,401870,4301
2021-11-17,San Francisco,075,870044,53838,53469,2720,56189,667
2021-11-17,San Joaquin,077,732212,101589,100764,5674,106438,1828
2021-11-17,San Luis Obispo,079,281455,30110,29731,1308,31039,354
2021-11-17,San Mateo,081,765935,54307,54092,1710,55802,577
2021-11-17,Santa Barbara,083,443738,45721,45000,1692,46692,542
2021-11-17,Santa Clara,085,1922200,149935,148626,1505,150131,1915
2021-11-17,Santa Cruz,087,273765,20941,20700,1074,21774,222
2021-11-17,Shasta,089,179085,22244,21883,3768,25651,382
2021-11-17,Sierra,091,2930,194,189,23,212,0
2021-11-17,Siskiyou,093,43540,3392,3307,1351,4658,54
2021-11-17,Solano,095,438530,46564,45948,1271,47219,353
2021-11-17,Sonoma,097,501317,42385,42093,546,42639,403
2021-11-17,Stanislaus,099,539301,80963,80276,9246,89522,1199
2021-11-17,Sutter,101,95872,14134,14064,383,14447,181
2021-11-17,Tehama,103,63373,8703,8633,1548,10181,125
2021-11-17,Trinity,105,12862,853,765,216,981,17
2021-11-17,Tulare,107,460477,69873,68977,16138,85115,1047
2021-11-17,Tuolumne,109,53932,7565,7485,106,7591,90
2021-11-17,Ventura,111,848112,99488,98812,4418,103230,1183
2021-11-17,Yolo,113,214977,20215,20100,1223,21323,257
2021-11-17,Yuba,115,75493,10352,10275,367,10642,88
2021-11-16,Alameda,001,1643700,121552,120809,3003,123812,1467
2021-11-16,Alpine,003,1148,107,105,0,105,0
2021-11-16,Amador,005,37829,5666,5644,67,5711,66
2021-11-16,Butte,007,227075,21430,21208,3921,25129,297
2021-11-16,Calaveras,009,45235,4285,4249,61,4310,83
2021-11-16,Colusa,011,21464,2576,2538,667,3205,19
2021-11-16,Contra Costa,013,1133247,100803,100320,2311,102631,1038
2021-11-16,Del Norte,015,27424,3723,3630,57,3687,42
2021-11-16,El Dorado,017,186661,16440,16248,1769,18017,159
2021-11-16,Fresno,019,978130,143764,142200,12630,154830,2218
2021-11-16,Glenn,021,27897,3543,3527,1017,4544,34
2021-11-16,Humboldt,023,135768,9385,9252,657,9909,115
2021-11-16,Imperial,025,180216,34592,34177,3517,37694,766
2021-11-16,Inyo,027,18085,2492,2449,56,2505,42
2021-11-16,Kern,029,883053,130798,129136,23632,152768,1735
2021-11-16,Kings,031,150075,32979,32614,2068,34682,350
2021-11-16,Lake,033,64148,6861,6789,152,6941,110
2021-11-16,Lassen,035,31185,6991,6915,417,7332,47
2021-11-16,Los Angeles,037,10098052,1454327,1446815,56251,1503066,26703
2021-11-16,Madera,039,155013,23942,23642,2243,25885,287
2021-11-16,Marin,041,260295,17819,17736,491,18227,248
2021-11-16,Mariposa,043,17540,1387,1349,57,1406,6
2021-11-16,Mendocino,045,87422,7830,7723,623,8346,89
2021-11-16,Merced,047,269075,42878,42578,1936,44514,653
2021-11-16,Modoc,049,8938,561,539,202,741,5
2021-11-16,Mono,051,14174,1779,1767,19,1786,4
2021-11-16,Monterey,053,433212,48418,48195,3989,52184,609
2021-11-16,Napa,055,140530,13234,13151,113,13264,103
2021-11-16,Nevada,057,99092,9579,9435,347,9782,92
2021-11-16,Orange,059,3164182,311735,309170,15759,324929,5651
2021-11-16,Placer,061,380077,38051,37676,3847,41523,459
2021-11-16,Plumas,063,18699,1872,1832,52,1884,7
2021-11-16,Riverside,065,2383286,368205,365078,16828,381906,5208
2021-11-16,Sacramento,067,1510023,162255,161102,4965,166067,2299
2021-11-16,San Benito,069,59416,7545,7513,187,7700,77
2021-11-16,San Bernardino,071,2135413,360598,357528,11600,369128,5901
2021-11-16,San Diego,073,3302833,382069,379435,22071,401506,4287
2021-11-16,San Francisco,075,870044,53767,53415,2713,56128,667
2021-11-16,San Joaquin,077,732212,101450,100637,5658,106295,1807
2021-11-16,San Luis Obispo,079,281455,30079,29703,1305,31008,356
2021-11-16,San Mateo,081,765935,54250,54034,1703,55737,577
2021-11-16,Santa Barbara,083,443738,45653,44932,1689,46621,539
2021-11-16,Santa Clara,085,1922200,149756,148452,1493,149945,1916
2021-11-16,Santa Cruz,087,273765,20897,20684,1071,21755,222
2021-11-16,Shasta,089,179085,22205,21853,3764,25617,379
2021-11-16,Sierra,091,2930,194,189,23,212,0
2021-11-16,Siskiyou,093,43540,3389,3304,1349,4653,54
2021-11-16,Solano,095,438530,46524,45908,1270,47178,351
2021-11-16,Sonoma,097,501317,42336,42056,545,42601,401
2021-11-16,Stanislaus,099,539301,80864,80214,9224,89438,1196
2021-11-16,Sutter,101,95872,14122,14058,381,14439,181
2021-11-16,Tehama,103,63373,8696,8621,1541,10162,125
2021-11-16,Trinity,105,12862,853,762,215,977,17
2021-11-16,Tulare,107,460477,69795,68881,16103,84984,1039
2021-11-16,Tuolumne,109,53932,7556,7478,106,7584,90
2021-11-16,Ventura,111,848112,99412,98731,4415,103146,1183
2021-11-16,Yolo,113,214977,20178,20077,1221,21298,257
2021-11-16,Yuba,115,75493,10343,10262,365,10627,85
2021-11-15,Alameda,001,1643700,121400,120731,2998,123729,1464
2021-11-15,Alpine,003,1148,107,105,0,105,0
2021-11-15,Amador,005,37829,5662,5637,67,5704,66
2021-11-15,Butte,007,227075,21406,21182,3917,25099,296
2021-11-15,Calaveras,009,45235,4271,4237,61,4298,83
2021-11-15,Colusa,011,21464,2569,2535,664,3199,19
2021-11-15,Contra Costa,013,1133247,100700,100251,2307,102558,1038
2021-11-15,Del Norte,015,27424,3718,3630,56,3686,42
2021-11-15,El Dorado,017,186661,16416,16236,1765,18001,159
2021-11-15,Fresno,019,978130,143539,142015,12612,154627,2210
2021-11-15,Glenn,021,27897,3541,3526,1017,4543,34
2021-11-15,Humboldt,023,135768,9360,9230,649,9879,115
2021-11-15,Imperial,025,180216,34518,34130,3500,37630,766
2021-11-15,Inyo,027,18085,2487,2442,56,2498,42
2021-11-15,Kern,029,883053,130589,128928,23562,152490,1730
2021-11-15,Kings,031,150075,32945,32584,2064,34648,348
2021-11-15,Lake,033,64148,6857,6784,152,6936,109
2021-11-15,Lassen,035,31185,6981,6915,415,7330,47
2021-11-15,Los Angeles,037,10098052,1453140,1446114,56185,1502299,26677
2021-11-15,Madera,039,155013,23903,23605,2232,25837,287
2021-11-15,Marin,041,260295,17802,17723,490,18213,248
2021-11-15,Mariposa,043,17540,1386,1347,55,1402,6
2021-11-15,Mendocino,045,87422,7810,7694,617,8311,89
2021-11-15,Merced,047,269075,42819,42552,1926,44478,648
2021-11-15,Modoc,049,8938,560,538,202,740,5
2021-11-15,Mono,051,14174,1768,1763,19,1782,4
2021-11-15,Monterey,053,433212,48392,48154,3975,52129,609
2021-11-15,Napa,055,140530,13226,13143,113,13256,103
2021-11-15,Nevada,057,99092,9550,9420,347,9767,92
2021-11-15,Orange,059,3164182,311462,308859,15737,324596,5646
2021-11-15,Placer,061,380077,37987,37610,3843,41453,452
2021-11-15,Plumas,063,18699,1866,1829,52,1881,7
2021-11-15,Riverside,065,2383286,367759,364750,16809,381559,5199
2021-11-15,Sacramento,067,1510023,162033,160937,4952,165889,2293
2021-11-15,San Benito,069,59416,7540,7511,186,7697,77
2021-11-15,San Bernardino,071,2135413,360182,357306,11581,368887,5898
2021-11-15,San Diego,073,3302833,381519,378845,22045,400890,4284
2021-11-15,San Francisco,075,870044,53701,53374,2708,56082,667
2021-11-15,San Joaquin,077,732212,101297,100587,5647,106234,1799
2021-11-15,San Luis Obispo,079,281455,30036,29669,1293,30962,351
2021-11-15,San Mateo,081,765935,54206,54010,1691,55701,576
2021-11-15,Santa Barbara,083,443738,45598,44879,1683,46562,539
2021-11-15,Santa Clara,085,1922200,149537,148313,1486,149799,1914
2021-11-15,Santa Cruz,087,273765,20854,20630,1070,21700,223
2021-11-15,Shasta,089,179085,22159,21779,3759,25538,374
2021-11-15,Sierra,091,2930,194,189,23,212,0
2021-11-15,Siskiyou,093,43540,3382,3302,1347,4649,54
2021-11-15,Solano,095,438530,46487,45885,1267,47152,351
2021-11-15,Sonoma,097,501317,42286,42021,544,42565,401
2021-11-15,Stanislaus,099,539301,80779,80129,9210,89339,1174
2021-11-15,Sutter,101,95872,14109,14043,380,14423,181
2021-11-15,Tehama,103,63373,8690,8615,1540,10155,125
2021-11-15,Trinity,105,12862,852,757,213,970,17
2021-11-15,Tulare,107,460477,69708,68826,16058,84884,1039
2021-11-15,Tuolumne,109,53932,7546,7461,106,7567,90
2021-11-15,Ventura,111,848112,99327,98605,4410,103015,1183
2021-11-15,Yolo,113,214977,20148,20065,1216,21281,255
2021-11-15,Yuba,115,75493,10324,10254,361,10615,85
2021-11-14,Alameda,001,1643700,121232,120629,2994,123623,1461
2021-11-14,Alpine,003,1148,106,105,0,105,0
2021-11-14,Amador,005,37829,5655,5632,66,5698,66
2021-11-14,Butte,007,227075,21376,21146,3908,25054,296
2021-11-14,Calaveras,009,45235,4260,4222,61,4283,83
2021-11-14,Colusa,011,21464,2567,2532,661,3193,19
2021-11-14,Contra Costa,013,1133247,100594,100188,2305,102493,1038
2021-11-14,Del Norte,015,27424,3715,3629,56,3685,42
2021-11-14,El Dorado,017,186661,16375,16212,1760,17972,159
2021-11-14,Fresno,019,978130,143257,141869,12581,154450,2209
2021-11-14,Glenn,021,27897,3540,3521,1017,4538,34
2021-11-14,Humboldt,023,135768,9332,9215,639,9854,115
2021-11-14,Imperial,025,180216,34415,34078,3485,37563,766
2021-11-14,Inyo,027,18085,2475,2441,56,2497,42
2021-11-14,Kern,029,883053,130350,128842,23495,152337,1730
2021-11-14,Kings,031,150075,32888,32545,2057,34602,349
2021-11-14,Lake,033,64148,6849,6777,152,6929,109
2021-11-14,Lassen,035,31185,6971,6911,414,7325,47
2021-11-14,Los Angeles,037,10098052,1451784,1445284,56109,1501393,26667
2021-11-14,Madera,039,155013,23854,23566,2223,25789,287
2021-11-14,Marin,041,260295,17787,17712,490,18202,247
2021-11-14,Mariposa,043,17540,1376,1337,51,1388,6
2021-11-14,Mendocino,045,87422,7776,7684,613,8297,89
2021-11-14,Merced,047,269075,42729,42513,1920,44433,648
2021-11-14,Modoc,049,8938,558,538,202,740,5
2021-11-14,Mono,051,14174,1760,1760,19,1779,4
2021-11-14,Monterey,053,433212,48343,48135,3953,52088,609
2021-11-14,Napa,055,140530,13208,13132,113,13245,103
2021-11-14,Nevada,057,99092,9522,9408,347,9755,92
2021-11-14,Orange,059,3164182,311159,308699,15717,324416,5646
2021-11-14,Placer,061,380077,37906,37569,3833,41402,452
2021-11-14,Plumas,063,18699,1863,1829,51,1880,7
2021-11-14,Riverside,065,2383286,367263,364490,16792,381282,5199
2021-11-14,Sacramento,067,1510023,161797,160761,4935,165696,2295
2021-11-14,San Benito,069,59416,7529,7507,185,7692,77
2021-11-14,San Bernardino,071,2135413,359604,357014,11568,368582,5897
2021-11-14,San Diego,073,3302833,380920,377633,22007,399640,4280
2021-11-14,San Francisco,075,870044,53628,53338,2700,56038,667
2021-11-14,San Joaquin,077,732212,101171,100518,5642,106160,1799
2021-11-14,San Luis Obispo,079,281455,29953,29645,1289,30934,352
2021-11-14,San Mateo,081,765935,54159,53978,1683,55661,576
2021-11-14,Santa Barbara,083,443738,45520,44842,1680,46522,539
2021-11-14,Santa Clara,085,1922200,149340,148152,1476,149628,1913
2021-11-14,Santa Cruz,087,273765,20801,20609,1067,21676,223
2021-11-14,Shasta,089,179085,22107,21771,3746,25517,373
2021-11-14,Sierra,091,2930,194,189,23,212,0
2021-11-14,Siskiyou,093,43540,3373,3302,1346,4648,54
2021-11-14,Solano,095,438530,46431,45860,1260,47120,351
2021-11-14,Sonoma,097,501317,42220,41974,542,42516,401
2021-11-14,Stanislaus,099,539301,80646,80076,9197,89273,1174
2021-11-14,Sutter,101,95872,14092,14031,375,14406,181
2021-11-14,Tehama,103,63373,8680,8607,1538,10145,125
2021-11-14,Trinity,105,12862,849,754,211,965,17
2021-11-14,Tulare,107,460477,69588,68772,16000,84772,1037
2021-11-14,Tuolumne,109,53932,7528,7439,105,7544,90
2021-11-14,Ventura,111,848112,99208,98550,4408,102958,1183
2021-11-14,Yolo,113,214977,20121,20040,1210,21250,255
2021-11-14,Yuba,115,75493,10317,10238,359,10597,85
2021-11-13,Alameda,001,1643700,121163,120407,2992,123399,1454
2021-11-13,Alpine,003,1148,106,105,0,105,0
2021-11-13,Amador,005,37829,5654,5614,66,5680,66
2021-11-13,Butte,007,227075,21356,21104,3905,25009,296
2021-11-13,Calaveras,009,45235,4249,4203,61,4264,83
2021-11-13,Colusa,011,21464,2565,2522,661,3183,19
2021-11-13,Contra Costa,013,1133247,100522,100004,2299,102303,1028
2021-11-13,Del Norte,015,27424,3715,3629,56,3685,42
2021-11-13,El Dorado,017,186661,16363,16163,1757,17920,159
2021-11-13,Fresno,019,978130,143150,141452,12570,154022,2205
2021-11-13,Glenn,021,27897,3540,3514,1016,4530,34
2021-11-13,Humboldt,023,135768,9318,9177,633,9810,115
2021-11-13,Imperial,025,180216,34365,33990,3468,37458,766
2021-11-13,Inyo,027,18085,2469,2436,56,2492,42
2021-11-13,Kern,029,883053,130250,128472,23450,151922,1719
2021-11-13,Kings,031,150075,32871,32452,2056,34508,347
2021-11-13,Lake,033,64148,6844,6769,152,6921,109
2021-11-13,Lassen,035,31185,6966,6897,414,7311,47
2021-11-13,Los Angeles,037,10098052,1451133,1443088,56066,1499154,26649
2021-11-13,Madera,039,155013,23824,23462,2218,25680,287
2021-11-13,Marin,041,260295,17774,17684,488,18172,247
2021-11-13,Mariposa,043,17540,1373,1323,51,1374,6
2021-11-13,Mendocino,045,87422,7757,7652,611,8263,89
2021-11-13,Merced,047,269075,42691,42411,1917,44328,644
2021-11-13,Modoc,049,8938,557,536,202,738,5
2021-11-13,Mono,051,14174,1760,1750,19,1769,4
2021-11-13,Monterey,053,433212,48323,48087,3946,52033,609
2021-11-13,Napa,055,140530,13200,13110,113,13223,103
2021-11-13,Nevada,057,99092,9502,9369,345,9714,92
2021-11-13,Orange,059,3164182,310992,308211,15692,323903,5641
2021-11-13,Placer,061,380077,37856,37453,3830,41283,445
2021-11-13,Plumas,063,18699,1860,1828,51,1879,8
2021-11-13,Riverside,065,2383286,366958,363801,16785,380586,5187
2021-11-13,Sacramento,067,1510023,161664,160397,4922,165319,2291
2021-11-13,San Benito,069,59416,7516,7491,184,7675,77
2021-11-13,San Bernardino,071,2135413,359352,356325,11562,367887,5873
2021-11-13,San Diego,073,3302833,380583,377633,21977,399610,4280
2021-11-13,San Francisco,075,870044,53596,53195,2698,55893,667
2021-11-13,San Joaquin,077,732212,101114,100263,5632,105895,1799
2021-11-13,San Luis Obispo,079,281455,29923,29589,1287,30876,351
2021-11-13,San Mateo,081,765935,54125,53853,1679,55532,574
2021-11-13,Santa Barbara,083,443738,45487,44734,1680,46414,537
2021-11-13,Santa Clara,085,1922200,149223,147821,1470,149291,1905
2021-11-13,Santa Cruz,087,273765,20786,20565,1066,21631,223
2021-11-13,Shasta,089,179085,22076,21713,3742,25455,366
2021-11-13,Sierra,091,2930,193,188,23,211,0
2021-11-13,Siskiyou,093,43540,3364,3299,1345,4644,54
2021-11-13,Solano,095,438530,46403,45774,1256,47030,350
2021-11-13,Sonoma,097,501317,42186,41882,541,42423,399
2021-11-13,Stanislaus,099,539301,80569,79872,9183,89055,1174
2021-11-13,Sutter,101,95872,14082,14017,374,14391,181
2021-11-13,Tehama,103,63373,8674,8592,1534,10126,125
2021-11-13,Trinity,105,12862,848,749,211,960,17
2021-11-13,Tulare,107,460477,69521,68619,15977,84596,1033
2021-11-13,Tuolumne,109,53932,7512,7392,105,7497,90
2021-11-13,Ventura,111,848112,99145,98452,4405,102857,1183
2021-11-13,Yolo,113,214977,20105,20009,1205,21214,255
2021-11-13,Yuba,115,75493,10307,10218,357,10575,85
2021-11-12,Alameda,001,1643700,121082,120407,2989,123396,1454
2021-11-12,Alpine,003,1148,106,105,0,105,0
2021-11-12,Amador,005,37829,5648,5614,65,5679,66
2021-11-12,Butte,007,227075,21339,21104,3901,25005,296
2021-11-12,Calaveras,009,45235,4238,4203,61,4264,83
2021-11-12,Colusa,011,21464,2561,2522,660,3182,19
2021-11-12,Contra Costa,013,1133247,100468,100004,2298,102302,1028
2021-11-12,Del Norte,015,27424,3715,3629,56,3685,42
2021-11-12,El Dorado,017,186661,16344,16163,1756,17919,159
2021-11-12,Fresno,019,978130,143009,141452,12560,154012,2205
2021-11-12,Glenn,021,27897,3537,3514,1015,4529,34
2021-11-12,Humboldt,023,135768,9311,9177,631,9808,115
2021-11-12,Imperial,025,180216,34336,33990,3458,37448,766
2021-11-12,Inyo,027,18085,2465,2436,56,2492,42
2021-11-12,Kern,029,883053,130112,128472,23419,151891,1719
2021-11-12,Kings,031,150075,32845,32452,2055,34507,347
2021-11-12,Lake,033,64148,6840,6769,152,6921,109
2021-11-12,Lassen,035,31185,6962,6897,413,7310,47
2021-11-12,Los Angeles,037,10098052,1450413,1443088,56018,1499106,26649
2021-11-12,Madera,039,155013,23794,23462,2213,25675,287
2021-11-12,Marin,041,260295,17758,17684,487,18171,247
2021-11-12,Mariposa,043,17540,1366,1323,51,1374,6
2021-11-12,Mendocino,045,87422,7746,7652,608,8260,89
2021-11-12,Merced,047,269075,42664,42411,1915,44326,644
2021-11-12,Modoc,049,8938,556,536,202,738,5
2021-11-12,Mono,051,14174,1759,1750,19,1769,4
2021-11-12,Monterey,053,433212,48304,48087,3927,52014,609
2021-11-12,Napa,055,140530,13191,13110,113,13223,103
2021-11-12,Nevada,057,99092,9488,9369,344,9713,92
2021-11-12,Orange,059,3164182,310803,308211,15675,323886,5641
2021-11-12,Placer,061,380077,37816,37453,3827,41280,445
2021-11-12,Plumas,063,18699,1855,1828,51,1879,8
2021-11-12,Riverside,065,2383286,366692,363801,16781,380582,5187
2021-11-12,Sacramento,067,1510023,161507,160397,4917,165314,2291
2021-11-12,San Benito,069,59416,7516,7491,184,7675,77
2021-11-12,San Bernardino,071,2135413,359053,356325,11555,367880,5873
2021-11-12,San Diego,073,3302833,380209,377633,21951,399584,4280
2021-11-12,San Francisco,075,870044,53561,53195,2694,55889,667
2021-11-12,San Joaquin,077,732212,101069,100263,5626,105889,1799
2021-11-12,San Luis Obispo,079,281455,29894,29589,1286,30875,351
2021-11-12,San Mateo,081,765935,54078,53853,1674,55527,574
2021-11-12,Santa Barbara,083,443738,45433,44734,1679,46413,537
2021-11-12,Santa Clara,085,1922200,149079,147821,1465,149286,1905
2021-11-12,Santa Cruz,087,273765,20759,20565,1064,21629,223
2021-11-12,Shasta,089,179085,22044,21713,3738,25451,366
2021-11-12,Sierra,091,2930,192,188,23,211,0
2021-11-12,Siskiyou,093,43540,3363,3299,1343,4642,54
2021-11-12,Solano,095,438530,46376,45774,1252,47026,350
2021-11-12,Sonoma,097,501317,42145,41882,541,42423,399
2021-11-12,Stanislaus,099,539301,80516,79872,9175,89047,1174
2021-11-12,Sutter,101,95872,14074,14017,374,14391,181
2021-11-12,Tehama,103,63373,8670,8592,1533,10125,125
2021-11-12,Trinity,105,12862,841,749,211,960,17
2021-11-12,Tulare,107,460477,69479,68619,15942,84561,1033
2021-11-12,Tuolumne,109,53932,7500,7392,104,7496,90
2021-11-12,Ventura,111,848112,99080,98452,4404,102856,1183
2021-11-12,Yolo,113,214977,20091,20009,1199,21208,255
2021-11-12,Yuba,115,75493,10298,10218,356,10574,85
2021-11-11,Alameda,001,1643700,120966,120147,2980,123127,1453
2021-11-11,Alpine,003,1148,106,105,0,105,0
2021-11-11,Amador,005,37829,5644,5603,64,5667,66
2021-11-11,Butte,007,227075,21297,21047,3896,24943,293
2021-11-11,Calaveras,009,45235,4220,4179,61,4240,83
2021-11-11,Colusa,011,21464,2553,2518,658,3176,19
2021-11-11,Contra Costa,013,1133247,100363,99808,2292,102100,1028
2021-11-11,Del Norte,015,27424,3713,3622,56,3678,42
2021-11-11,El Dorado,017,186661,16311,16085,1753,17838,159
2021-11-11,Fresno,019,978130,142807,140833,12533,153366,2202
2021-11-11,Glenn,021,27897,3535,3503,1015,4518,34
2021-11-11,Humboldt,023,135768,9288,9125,628,9753,115
2021-11-11,Imperial,025,180216,34267,33844,3436,37280,766
2021-11-11,Inyo,027,18085,2460,2428,56,2484,42
2021-11-11,Kern,029,883053,129928,128023,23356,151379,1709
2021-11-11,Kings,031,150075,32794,32318,2053,34371,345
2021-11-11,Lake,033,64148,6833,6745,152,6897,107
2021-11-11,Lassen,035,31185,6956,6875,413,7288,47
2021-11-11,Los Angeles,037,10098052,1449327,1440436,55958,1496394,26614
2021-11-11,Madera,039,155013,23746,23316,2204,25520,287
2021-11-11,Marin,041,260295,17748,17639,487,18126,247
2021-11-11,Mariposa,043,17540,1356,1317,51,1368,6
2021-11-11,Mendocino,045,87422,7731,7612,599,8211,89
2021-11-11,Merced,047,269075,42608,42292,1913,44205,643
2021-11-11,Modoc,049,8938,554,536,202,738,5
2021-11-11,Mono,051,14174,1750,1743,19,1762,4
2021-11-11,Monterey,053,433212,48275,48008,3909,51917,609
2021-11-11,Napa,055,140530,13182,13075,113,13188,103
2021-11-11,Nevada,057,99092,9466,9308,344,9652,92
2021-11-11,Orange,059,3164182,310535,307674,15638,323312,5633
2021-11-11,Placer,061,380077,37764,37333,3819,41152,440
2021-11-11,Plumas,063,18699,1851,1814,51,1865,7
2021-11-11,Riverside,065,2383286,366261,362930,16763,379693,5175
2021-11-11,Sacramento,067,1510023,161295,159962,4898,164860,2289
2021-11-11,San Benito,069,59416,7508,7473,184,7657,76
2021-11-11,San Bernardino,071,2135413,358631,355413,11544,366957,5849
2021-11-11,San Diego,073,3302833,379695,376428,21926,398354,4272
2021-11-11,San Francisco,075,870044,53503,53063,2690,55753,666
2021-11-11,San Joaquin,077,732212,100974,99937,5610,105547,1799
2021-11-11,San Luis Obispo,079,281455,29843,29532,1284,30816,351
2021-11-11,San Mateo,081,765935,54038,53722,1659,55381,574
2021-11-11,Santa Barbara,083,443738,45376,44603,1676,46279,534
2021-11-11,Santa Clara,085,1922200,148897,147458,1459,148917,1901
2021-11-11,Santa Cruz,087,273765,20714,20479,1064,21543,222
2021-11-11,Shasta,089,179085,21997,21600,3736,25336,364
2021-11-11,Sierra,091,2930,191,186,23,209,0
2021-11-11,Siskiyou,093,43540,3357,3297,1342,4639,53
2021-11-11,Solano,095,438530,46338,45679,1251,46930,350
2021-11-11,Sonoma,097,501317,42108,41774,541,42315,395
2021-11-11,Stanislaus,099,539301,80431,79570,9161,88731,1166
2021-11-11,Sutter,101,95872,14061,13993,373,14366,181
2021-11-11,Tehama,103,63373,8658,8565,1531,10096,125
2021-11-11,Trinity,105,12862,840,748,211,959,17
2021-11-11,Tulare,107,460477,69388,68367,15904,84271,1028
2021-11-11,Tuolumne,109,53932,7487,7354,104,7458,90
2021-11-11,Ventura,111,848112,98992,98297,4397,102694,1182
2021-11-11,Yolo,113,214977,20064,19946,1197,21143,255
2021-11-11,Yuba,115,75493,10282,10191,356,10547,85
2021-11-10,Alameda,001,1643700,120858,120147,2971,123118,1453
2021-11-10,Alpine,003,1148,106,105,0,105,0
2021-11-10,Amador,005,37829,5638,5603,64,5667,66
2021-11-10,Butte,007,227075,21271,21047,3892,24939,293
2021-11-10,Calaveras,009,45235,4209,4179,61,4240,83
2021-11-10,Colusa,011,21464,2547,2518,658,3176,19
2021-11-10,Contra Costa,013,1133247,100281,99808,2287,102095,1028
2021-11-10,Del Norte,015,27424,3712,3622,56,3678,42
2021-11-10,El Dorado,017,186661,16295,16085,1752,17837,159
2021-11-10,Fresno,019,978130,142629,140833,12523,153356,2202
2021-11-10,Glenn,021,27897,3535,3503,1014,4517,34
2021-11-10,Humboldt,023,135768,9270,9125,628,9753,115
2021-11-10,Imperial,025,180216,34214,33844,3417,37261,766
2021-11-10,Inyo,027,18085,2453,2428,56,2484,42
2021-11-10,Kern,029,883053,129779,128023,23300,151323,1709
2021-11-10,Kings,031,150075,32762,32318,2051,34369,345
2021-11-10,Lake,033,64148,6823,6745,152,6897,107
2021-11-10,Lassen,035,31185,6951,6875,413,7288,47
2021-11-10,Los Angeles,037,10098052,1448383,1440436,55902,1496338,26614
2021-11-10,Madera,039,155013,23697,23316,2198,25514,287
2021-11-10,Marin,041,260295,17735,17639,485,18124,247
2021-11-10,Mariposa,043,17540,1350,1317,51,1368,6
2021-11-10,Mendocino,045,87422,7719,7612,598,8210,89
2021-11-10,Merced,047,269075,42573,42292,1911,44203,643
2021-11-10,Modoc,049,8938,553,536,201,737,5
2021-11-10,Mono,051,14174,1748,1743,19,1762,4
2021-11-10,Monterey,053,433212,48249,48008,3890,51898,609
2021-11-10,Napa,055,140530,13168,13075,112,13187,103
2021-11-10,Nevada,057,99092,9459,9308,342,9650,92
2021-11-10,Orange,059,3164182,310278,307674,15608,323282,5633
2021-11-10,Placer,061,380077,37719,37333,3812,41145,440
2021-11-10,Plumas,063,18699,1848,1814,50,1864,7
2021-11-10,Riverside,065,2383286,365881,362930,16757,379687,5175
2021-11-10,Sacramento,067,1510023,161142,159962,4888,164850,2289
2021-11-10,San Benito,069,59416,7500,7473,184,7657,76
2021-11-10,San Bernardino,071,2135413,358292,355413,11538,366951,5849
2021-11-10,San Diego,073,3302833,379282,376428,21901,398329,4272
2021-11-10,San Francisco,075,870044,53442,53063,2686,55749,666
2021-11-10,San Joaquin,077,732212,100868,99937,5604,105541,1799
2021-11-10,San Luis Obispo,079,281455,29813,29532,1283,30815,351
2021-11-10,San Mateo,081,765935,53991,53722,1654,55376,574
2021-11-10,Santa Barbara,083,443738,45338,44603,1675,46278,534
2021-11-10,Santa Clara,085,1922200,148751,147458,1452,148910,1901
2021-11-10,Santa Cruz,087,273765,20687,20479,1063,21542,222
2021-11-10,Shasta,089,179085,21961,21600,3734,25334,364
2021-11-10,Sierra,091,2930,190,186,23,209,0
2021-11-10,Siskiyou,093,43540,3355,3297,1342,4639,53
2021-11-10,Solano,095,438530,46309,45679,1249,46928,350
2021-11-10,Sonoma,097,501317,42057,41774,541,42315,395
2021-11-10,Stanislaus,099,539301,80330,79570,9144,88714,1166
2021-11-10,Sutter,101,95872,14053,13993,373,14366,181
2021-11-10,Tehama,103,63373,8647,8565,1525,10090,125
2021-11-10,Trinity,105,12862,836,748,210,958,17
2021-11-10,Tulare,107,460477,69328,68367,15864,84231,1028
2021-11-10,Tuolumne,109,53932,7463,7354,104,7458,90
2021-11-10,Ventura,111,848112,98917,98297,4397,102694,1182
2021-11-10,Yolo,113,214977,20046,19946,1197,21143,255
2021-11-10,Yuba,115,75493,10273,10191,356,10547,85
2021-11-09,Alameda,001,1643700,120721,120051,2962,123013,1450
2021-11-09,Alpine,003,1148,106,105,0,105,0
2021-11-09,Amador,005,37829,5634,5596,64,5660,66
2021-11-09,Butte,007,227075,21250,21022,3889,24911,291
2021-11-09,Calaveras,009,45235,4205,4174,61,4235,84
2021-11-09,Colusa,011,21464,2542,2517,657,3174,19
2021-11-09,Contra Costa,013,1133247,100190,99732,2280,102012,1028
2021-11-09,Del Norte,015,27424,3711,3620,56,3676,42
2021-11-09,El Dorado,017,186661,16257,16073,1747,17820,160
2021-11-09,Fresno,019,978130,142387,140666,12510,153176,2188
2021-11-09,Glenn,021,27897,3530,3499,1013,4512,34
2021-11-09,Humboldt,023,135768,9248,9112,623,9735,115
2021-11-09,Imperial,025,180216,34162,33751,3403,37154,766
2021-11-09,Inyo,027,18085,2449,2404,56,2460,42
2021-11-09,Kern,029,883053,129536,127901,23239,151140,1694
2021-11-09,Kings,031,150075,32695,32279,2047,34326,344
2021-11-09,Lake,033,64148,6814,6743,152,6895,106
2021-11-09,Lassen,035,31185,6939,6846,413,7259,47
2021-11-09,Los Angeles,037,10098052,1447146,1439125,55841,1494966,26581
2021-11-09,Madera,039,155013,23646,23285,2189,25474,287
2021-11-09,Marin,041,260295,17716,17630,483,18113,247
2021-11-09,Mariposa,043,17540,1342,1317,50,1367,5
2021-11-09,Mendocino,045,87422,7696,7598,592,8190,85
2021-11-09,Merced,047,269075,42531,42251,1907,44158,613
2021-11-09,Modoc,049,8938,552,536,199,735,5
2021-11-09,Mono,051,14174,1743,1738,19,1757,4
2021-11-09,Monterey,053,433212,48217,47975,3859,51834,609
2021-11-09,Napa,055,140530,13150,13051,112,13163,103
2021-11-09,Nevada,057,99092,9440,9288,342,9630,92
2021-11-09,Orange,059,3164182,309996,307412,15582,322994,5621
2021-11-09,Placer,061,380077,37665,37291,3795,41086,440
2021-11-09,Plumas,063,18699,1846,1802,50,1852,7
2021-11-09,Riverside,065,2383286,365416,362557,16742,379299,5160
2021-11-09,Sacramento,067,1510023,160904,159856,4875,164731,2286
2021-11-09,San Benito,069,59416,7489,7471,183,7654,76
2021-11-09,San Bernardino,071,2135413,357843,354972,11521,366493,5839
2021-11-09,San Diego,073,3302833,378781,375997,21869,397866,4272
2021-11-09,San Francisco,075,870044,53371,52996,2679,55675,666
2021-11-09,San Joaquin,077,732212,100690,99848,5591,105439,1794
2021-11-09,San Luis Obispo,079,281455,29772,29488,1282,30770,350
2021-11-09,San Mateo,081,765935,53947,53697,1640,55337,574
2021-11-09,Santa Barbara,083,443738,45271,44579,1667,46246,533
2021-11-09,Santa Clara,085,1922200,148545,147281,1445,148726,1901
2021-11-09,Santa Cruz,087,273765,20652,20463,1062,21525,222
2021-11-09,Shasta,089,179085,21907,21558,3729,25287,364
2021-11-09,Sierra,091,2930,190,186,23,209,0
2021-11-09,Siskiyou,093,43540,3353,3295,1340,4635,52
2021-11-09,Solano,095,438530,46255,45639,1248,46887,350
2021-11-09,Sonoma,097,501317,42002,41727,540,42267,395
2021-11-09,Stanislaus,099,539301,80226,79505,9128,88633,1165
2021-11-09,Sutter,101,95872,14038,13988,371,14359,180
2021-11-09,Tehama,103,63373,8629,8555,1523,10078,125
2021-11-09,Trinity,105,12862,835,746,210,956,17
2021-11-09,Tulare,107,460477,69225,68298,15824,84122,1024
2021-11-09,Tuolumne,109,53932,7444,7347,104,7451,90
2021-11-09,Ventura,111,848112,98836,98202,4392,102594,1182
2021-11-09,Yolo,113,214977,20022,19931,1193,21124,255
2021-11-09,Yuba,115,75493,10256,10175,350,10525,85
2021-11-08,Alameda,001,1643700,120582,119983,2955,122938,1447
2021-11-08,Alpine,003,1148,106,105,0,105,0
2021-11-08,Amador,005,37829,5628,5590,64,5654,66
2021-11-08,Butte,007,227075,21222,21000,3881,24881,288
2021-11-08,Calaveras,009,45235,4197,4166,61,4227,82
2021-11-08,Colusa,011,21464,2541,2514,656,3170,19
2021-11-08,Contra Costa,013,1133247,100089,99669,2275,101944,1028
2021-11-08,Del Norte,015,27424,3707,3619,56,3675,42
2021-11-08,El Dorado,017,186661,16239,16055,1742,17797,156
2021-11-08,Fresno,019,978130,142088,140466,12492,152958,2179
2021-11-08,Glenn,021,27897,3527,3496,1009,4505,34
2021-11-08,Humboldt,023,135768,9221,9095,613,9708,109
2021-11-08,Imperial,025,180216,34083,33690,3385,37075,766
2021-11-08,Inyo,027,18085,2442,2398,56,2454,41
2021-11-08,Kern,029,883053,129300,127722,23157,150879,1692
2021-11-08,Kings,031,150075,32649,32248,2046,34294,344
2021-11-08,Lake,033,64148,6808,6737,152,6889,106
2021-11-08,Lassen,035,31185,6932,6830,411,7241,46
2021-11-08,Los Angeles,037,10098052,1445807,1438322,55782,1494104,26575
2021-11-08,Madera,039,155013,23597,23253,2179,25432,287
2021-11-08,Marin,041,260295,17699,17617,480,18097,247
2021-11-08,Mariposa,043,17540,1334,1316,49,1365,5
2021-11-08,Mendocino,045,87422,7682,7581,586,8167,85
2021-11-08,Merced,047,269075,42460,42224,1899,44123,607
2021-11-08,Modoc,049,8938,551,529,199,728,5
2021-11-08,Mono,051,14174,1737,1739,19,1758,4
2021-11-08,Monterey,053,433212,48188,47942,3825,51767,602
2021-11-08,Napa,055,140530,13136,13045,112,13157,103
2021-11-08,Nevada,057,99092,9422,9278,340,9618,92
2021-11-08,Orange,059,3164182,309723,307156,15551,322707,5616
2021-11-08,Placer,061,380077,37612,37250,3792,41042,439
2021-11-08,Plumas,063,18699,1845,1788,49,1837,7
2021-11-08,Riverside,065,2383286,364962,362201,16727,378928,5152
2021-11-08,Sacramento,067,1510023,160689,159735,4855,164590,2275
2021-11-08,San Benito,069,59416,7487,7461,183,7644,75
2021-11-08,San Bernardino,071,2135413,357340,354741,11500,366241,5836
2021-11-08,San Diego,073,3302833,378197,375557,21819,397376,4259
2021-11-08,San Francisco,075,870044,53317,52942,2673,55615,666
2021-11-08,San Joaquin,077,732212,100575,99736,5589,105325,1794
2021-11-08,San Luis Obispo,079,281455,29723,29464,1278,30742,350
2021-11-08,San Mateo,081,765935,53873,53658,1632,55290,574
2021-11-08,Santa Barbara,083,443738,45217,44548,1666,46214,532
2021-11-08,Santa Clara,085,1922200,148317,147183,1439,148622,1899
2021-11-08,Santa Cruz,087,273765,20624,20435,1062,21497,222
2021-11-08,Shasta,089,179085,21860,21504,3723,25227,354
2021-11-08,Sierra,091,2930,190,183,23,206,0
2021-11-08,Siskiyou,093,43540,3349,3290,1329,4619,50
2021-11-08,Solano,095,438530,46214,45613,1246,46859,350
2021-11-08,Sonoma,097,501317,41934,41669,538,42207,395
2021-11-08,Stanislaus,099,539301,80074,79417,9114,88531,1150
2021-11-08,Sutter,101,95872,14030,13976,367,14343,180
2021-11-08,Tehama,103,63373,8619,8534,1523,10057,123
2021-11-08,Trinity,105,12862,835,743,209,952,13
2021-11-08,Tulare,107,460477,69108,68199,15786,83985,1020
2021-11-08,Tuolumne,109,53932,7425,7328,103,7431,90
2021-11-08,Ventura,111,848112,98743,98144,4389,102533,1182
2021-11-08,Yolo,113,214977,19984,19916,1188,21104,255
2021-11-08,Yuba,115,75493,10245,10172,347,10519,83
2021-11-07,Alameda,001,1643700,120429,119902,2949,122851,1444
2021-11-07,Alpine,003,1148,106,105,0,105,0
2021-11-07,Amador,005,37829,5621,5580,62,5642,66
2021-11-07,Butte,007,227075,21182,20969,3872,24841,288
2021-11-07,Calaveras,009,45235,4170,4158,60,4218,82
2021-11-07,Colusa,011,21464,2535,2511,654,3165,19
2021-11-07,Contra Costa,013,1133247,99979,99596,2266,101862,1028
2021-11-07,Del Norte,015,27424,3705,3617,56,3673,42
2021-11-07,El Dorado,017,186661,16202,16040,1739,17779,156
2021-11-07,Fresno,019,978130,141748,140263,12469,152732,2179
2021-11-07,Glenn,021,27897,3520,3493,1008,4501,34
2021-11-07,Humboldt,023,135768,9195,9074,609,9683,109
2021-11-07,Imperial,025,180216,34009,33674,3365,37039,766
2021-11-07,Inyo,027,18085,2429,2394,56,2450,41
2021-11-07,Kern,029,883053,129028,127583,23065,150648,1692
2021-11-07,Kings,031,150075,32559,32221,2041,34262,343
2021-11-07,Lake,033,64148,6792,6734,151,6885,106
2021-11-07,Lassen,035,31185,6923,6819,407,7226,46
2021-11-07,Los Angeles,037,10098052,1444326,1437314,55703,1493017,26573
2021-11-07,Madera,039,155013,23551,23225,2173,25398,287
2021-11-07,Marin,041,260295,17679,17594,479,18073,247
2021-11-07,Mariposa,043,17540,1333,1306,49,1355,5
2021-11-07,Mendocino,045,87422,7653,7567,582,8149,85
2021-11-07,Merced,047,269075,42379,42186,1869,44055,607
2021-11-07,Modoc,049,8938,548,528,198,726,5
2021-11-07,Mono,051,14174,1733,1739,19,1758,4
2021-11-07,Monterey,053,433212,48150,47924,3807,51731,602
2021-11-07,Napa,055,140530,13115,13041,112,13153,103
2021-11-07,Nevada,057,99092,9373,9254,340,9594,92
2021-11-07,Orange,059,3164182,309405,306954,15517,322471,5616
2021-11-07,Placer,061,380077,37535,37202,3777,40979,439
2021-11-07,Plumas,063,18699,1838,1787,48,1835,7
2021-11-07,Riverside,065,2383286,364428,361960,16708,378668,5152
2021-11-07,Sacramento,067,1510023,160458,159549,4837,164386,2277
2021-11-07,San Benito,069,59416,7474,7460,183,7643,75
2021-11-07,San Bernardino,071,2135413,356838,354488,11477,365965,5832
2021-11-07,San Diego,073,3302833,377611,375165,21784,396949,4250
2021-11-07,San Francisco,075,870044,53236,52868,2664,55532,666
2021-11-07,San Joaquin,077,732212,100390,99696,5583,105279,1794
2021-11-07,San Luis Obispo,079,281455,29674,29454,1274,30728,350
2021-11-07,San Mateo,081,765935,53814,53600,1630,55230,574
2021-11-07,Santa Barbara,083,443738,45154,44501,1665,46166,532
2021-11-07,Santa Clara,085,1922200,148116,147054,1425,148479,1898
2021-11-07,Santa Cruz,087,273765,20566,20397,1061,21458,222
2021-11-07,Shasta,089,179085,21813,21479,3717,25196,354
2021-11-07,Sierra,091,2930,188,183,23,206,0
2021-11-07,Siskiyou,093,43540,3344,3289,1326,4615,51
2021-11-07,Solano,095,438530,46162,45582,1241,46823,350
2021-11-07,Sonoma,097,501317,41885,41630,538,42168,395
2021-11-07,Stanislaus,099,539301,79921,79351,9093,88444,1150
2021-11-07,Sutter,101,95872,14017,13964,364,14328,180
2021-11-07,Tehama,103,63373,8596,8528,1521,10049,121
2021-11-07,Trinity,105,12862,834,742,208,950,13
2021-11-07,Tulare,107,460477,68955,68145,15741,83886,1020
2021-11-07,Tuolumne,109,53932,7407,7300,101,7401,90
2021-11-07,Ventura,111,848112,98639,98085,4387,102472,1182
2021-11-07,Yolo,113,214977,19964,19899,1183,21082,255
2021-11-07,Yuba,115,75493,10228,10162,342,10504,83
2021-11-06,Alameda,001,1643700,120370,119499,2946,122445,1436
2021-11-06,Alpine,003,1148,106,105,0,105,0
2021-11-06,Amador,005,37829,5615,5557,62,5619,66
2021-11-06,Butte,007,227075,21162,20796,3868,24664,288
2021-11-06,Calaveras,009,45235,4162,4105,60,4165,82
2021-11-06,Colusa,011,21464,2534,2501,653,3154,19
2021-11-06,Contra Costa,013,1133247,99925,99282,2264,101546,1025
2021-11-06,Del Norte,015,27424,3702,3607,56,3663,42
2021-11-06,El Dorado,017,186661,16185,15958,1739,17697,156
2021-11-06,Fresno,019,978130,141631,139249,12467,151716,2170
2021-11-06,Glenn,021,27897,3517,3479,1008,4487,33
2021-11-06,Humboldt,023,135768,9183,8972,605,9577,109
2021-11-06,Imperial,025,180216,33963,33471,3359,36830,766
2021-11-06,Inyo,027,18085,2423,2353,56,2409,41
2021-11-06,Kern,029,883053,128895,126848,23012,149860,1684
2021-11-06,Kings,031,150075,32527,32018,2036,34054,342
2021-11-06,Lake,033,64148,6790,6695,151,6846,106
2021-11-06,Lassen,035,31185,6918,6796,406,7202,46
2021-11-06,Los Angeles,037,10098052,1443552,1433081,55658,1488739,26533
2021-11-06,Madera,039,155013,23515,22994,2164,25158,287
2021-11-06,Marin,041,260295,17660,17520,476,17996,247
2021-11-06,Mariposa,043,17540,1331,1282,49,1331,5
2021-11-06,Mendocino,045,87422,7631,7486,582,8068,85
2021-11-06,Merced,047,269075,42355,41958,1861,43819,604
2021-11-06,Modoc,049,8938,547,523,198,721,5
2021-11-06,Mono,051,14174,1732,1725,19,1744,4
2021-11-06,Monterey,053,433212,48125,47830,3790,51620,602
2021-11-06,Napa,055,140530,13104,12950,112,13062,103
2021-11-06,Nevada,057,99092,9351,9169,339,9508,91
2021-11-06,Orange,059,3164182,309197,306049,15491,321540,5611
2021-11-06,Placer,061,380077,37494,36967,3774,40741,438
2021-11-06,Plumas,063,18699,1834,1755,47,1802,7
2021-11-06,Riverside,065,2383286,364110,360584,16699,377283,5138
2021-11-06,Sacramento,067,1510023,160366,158766,4832,163598,2263
2021-11-06,San Benito,069,59416,7467,7429,183,7612,75
2021-11-06,San Bernardino,071,2135413,356567,353142,11473,364615,5813
2021-11-06,San Diego,073,3302833,377265,373423,21765,395188,4246
2021-11-06,San Francisco,075,870044,53182,52556,2661,55217,666
2021-11-06,San Joaquin,077,732212,100334,99372,5582,104954,1782
2021-11-06,San Luis Obispo,079,281455,29646,29335,1270,30605,350
2021-11-06,San Mateo,081,765935,53784,53442,1625,55067,574
2021-11-06,Santa Barbara,083,443738,45118,44301,1664,45965,532
2021-11-06,Santa Clara,085,1922200,147971,146519,1419,147938,1894
2021-11-06,Santa Cruz,087,273765,20547,20311,1059,21370,222
2021-11-06,Shasta,089,179085,21794,21281,3712,24993,349
2021-11-06,Sierra,091,2930,188,181,23,204,0
2021-11-06,Siskiyou,093,43540,3344,3279,1324,4603,48
2021-11-06,Solano,095,438530,46132,45465,1240,46705,350
2021-11-06,Sonoma,097,501317,41835,41398,537,41935,395
2021-11-06,Stanislaus,099,539301,79853,78902,9085,87987,1193
2021-11-06,Sutter,101,95872,14013,13908,363,14271,180
2021-11-06,Tehama,103,63373,8585,8474,1519,9993,120
2021-11-06,Trinity,105,12862,831,732,208,940,11
2021-11-06,Tulare,107,460477,68905,67767,15713,83480,1010
2021-11-06,Tuolumne,109,53932,7394,7245,101,7346,90
2021-11-06,Ventura,111,848112,98573,97770,4383,102153,1180
2021-11-06,Yolo,113,214977,19947,19827,1179,21006,255
2021-11-06,Yuba,115,75493,10214,10107,342,10449,83
2021-11-05,Alameda,001,1643700,120291,119499,2944,122443,1436
2021-11-05,Alpine,003,1148,106,105,0,105,0
2021-11-05,Amador,005,37829,5610,5557,62,5619,66
2021-11-05,Butte,007,227075,21148,20796,3867,24663,288
2021-11-05,Calaveras,009,45235,4157,4105,60,4165,82
2021-11-05,Colusa,011,21464,2534,2501,652,3153,19
2021-11-05,Contra Costa,013,1133247,99860,99282,2262,101544,1025
2021-11-05,Del Norte,015,27424,3700,3607,56,3663,42
2021-11-05,El Dorado,017,186661,16167,15958,1733,17691,156
2021-11-05,Fresno,019,978130,141453,139249,12458,151707,2170
2021-11-05,Glenn,021,27897,3517,3479,1008,4487,33
2021-11-05,Humboldt,023,135768,9169,8972,605,9577,109
2021-11-05,Imperial,025,180216,33928,33471,3356,36827,766
2021-11-05,Inyo,027,18085,2415,2353,56,2409,41
2021-11-05,Kern,029,883053,128768,126848,22956,149804,1684
2021-11-05,Kings,031,150075,32504,32018,2035,34053,342
2021-11-05,Lake,033,64148,6784,6695,151,6846,106
2021-11-05,Lassen,035,31185,6914,6796,405,7201,46
2021-11-05,Los Angeles,037,10098052,1442734,1433081,55620,1488701,26533
2021-11-05,Madera,039,155013,23477,22994,2163,25157,287
2021-11-05,Marin,041,260295,17638,17520,475,17995,247
2021-11-05,Mariposa,043,17540,1328,1282,48,1330,5
2021-11-05,Mendocino,045,87422,7620,7486,581,8067,85
2021-11-05,Merced,047,269075,42329,41958,1857,43815,604
2021-11-05,Modoc,049,8938,547,523,198,721,5
2021-11-05,Mono,051,14174,1732,1725,19,1744,4
2021-11-05,Monterey,053,433212,48102,47830,3783,51613,602
2021-11-05,Napa,055,140530,13082,12950,112,13062,103
2021-11-05,Nevada,057,99092,9338,9169,339,9508,91
2021-11-05,Orange,059,3164182,309002,306049,15471,321520,5611
2021-11-05,Placer,061,380077,37468,36967,3764,40731,438
2021-11-05,Plumas,063,18699,1827,1755,47,1802,7
2021-11-05,Riverside,065,2383286,363770,360584,16688,377272,5138
2021-11-05,Sacramento,067,1510023,160243,158766,4826,163592,2263
2021-11-05,San Benito,069,59416,7465,7429,182,7611,75
2021-11-05,San Bernardino,071,2135413,356239,353142,11463,364605,5813
2021-11-05,San Diego,073,3302833,376900,373423,21752,395175,4246
2021-11-05,San Francisco,075,870044,53132,52556,2657,55213,666
2021-11-05,San Joaquin,077,732212,100281,99372,5573,104945,1782
2021-11-05,San Luis Obispo,079,281455,29624,29335,1270,30605,350
2021-11-05,San Mateo,081,765935,53745,53442,1623,55065,574
2021-11-05,Santa Barbara,083,443738,45074,44301,1663,45964,532
2021-11-05,Santa Clara,085,1922200,147833,146519,1418,147937,1894
2021-11-05,Santa Cruz,087,273765,20523,20311,1058,21369,222
2021-11-05,Shasta,089,179085,21762,21281,3707,24988,349
2021-11-05,Sierra,091,2930,188,181,23,204,0
2021-11-05,Siskiyou,093,43540,3339,3279,1322,4601,48
2021-11-05,Solano,095,438530,46093,45465,1237,46702,350
2021-11-05,Sonoma,097,501317,41795,41398,537,41935,395
2021-11-05,Stanislaus,099,539301,79795,78902,9073,87975,1193
2021-11-05,Sutter,101,95872,14005,13908,362,14270,180
2021-11-05,Tehama,103,63373,8578,8474,1518,9992,120
2021-11-05,Trinity,105,12862,831,732,208,940,11
2021-11-05,Tulare,107,460477,68835,67767,15675,83442,1010
2021-11-05,Tuolumne,109,53932,7377,7245,100,7345,90
2021-11-05,Ventura,111,848112,98527,97770,4380,102150,1180
2021-11-05,Yolo,113,214977,19937,19827,1178,21005,255
2021-11-05,Yuba,115,75493,10201,10107,340,10447,83
2021-11-04,Alameda,001,1643700,120179,119499,2938,122437,1436
2021-11-04,Alpine,003,1148,106,105,0,105,0
2021-11-04,Amador,005,37829,5602,5557,62,5619,66
2021-11-04,Butte,007,227075,21106,20796,3857,24653,288
2021-11-04,Calaveras,009,45235,4143,4105,58,4163,82
2021-11-04,Colusa,011,21464,2528,2501,651,3152,19
2021-11-04,Contra Costa,013,1133247,99767,99282,2257,101539,1025
2021-11-04,Del Norte,015,27424,3697,3607,56,3663,42
2021-11-04,El Dorado,017,186661,16141,15958,1729,17687,156
2021-11-04,Fresno,019,978130,141175,139249,12451,151700,2170
2021-11-04,Glenn,021,27897,3512,3479,1007,4486,33
2021-11-04,Humboldt,023,135768,9144,8972,602,9574,109
2021-11-04,Imperial,025,180216,33869,33471,3347,36818,766
2021-11-04,Inyo,027,18085,2407,2353,56,2409,41
2021-11-04,Kern,029,883053,128535,126848,22891,149739,1684
2021-11-04,Kings,031,150075,32423,32018,2027,34045,342
2021-11-04,Lake,033,64148,6774,6695,149,6844,106
2021-11-04,Lassen,035,31185,6904,6796,400,7196,46
2021-11-04,Los Angeles,037,10098052,1441436,1433081,55535,1488616,26533
2021-11-04,Madera,039,155013,23422,22994,2152,25146,287
2021-11-04,Marin,041,260295,17626,17520,473,17993,247
2021-11-04,Mariposa,043,17540,1321,1282,48,1330,5
2021-11-04,Mendocino,045,87422,7607,7486,575,8061,85
2021-11-04,Merced,047,269075,42274,41958,1853,43811,604
2021-11-04,Modoc,049,8938,546,523,198,721,5
2021-11-04,Mono,051,14174,1729,1725,19,1744,4
2021-11-04,Monterey,053,433212,48067,47830,3759,51589,602
2021-11-04,Napa,055,140530,13061,12950,112,13062,103
2021-11-04,Nevada,057,99092,9307,9169,338,9507,91
2021-11-04,Orange,059,3164182,308754,306049,15453,321502,5611
2021-11-04,Placer,061,380077,37397,36967,3755,40722,438
2021-11-04,Plumas,063,18699,1819,1755,43,1798,7
2021-11-04,Riverside,065,2383286,363374,360584,16679,377263,5138
2021-11-04,Sacramento,067,1510023,160007,158766,4805,163571,2263
2021-11-04,San Benito,069,59416,7459,7429,182,7611,75
2021-11-04,San Bernardino,071,2135413,355807,353142,11456,364598,5813
2021-11-04,San Diego,073,3302833,376422,373423,21730,395153,4246
2021-11-04,San Francisco,075,870044,53055,52556,2653,55209,666
2021-11-04,San Joaquin,077,732212,100174,99372,5561,104933,1782
2021-11-04,San Luis Obispo,079,281455,29600,29335,1263,30598,350
2021-11-04,San Mateo,081,765935,53692,53442,1610,55052,574
2021-11-04,Santa Barbara,083,443738,45018,44301,1663,45964,532
2021-11-04,Santa Clara,085,1922200,147679,146519,1414,147933,1894
2021-11-04,Santa Cruz,087,273765,20488,20311,1058,21369,222
2021-11-04,Shasta,089,179085,21703,21281,3701,24982,349
2021-11-04,Sierra,091,2930,186,181,23,204,0
2021-11-04,Siskiyou,093,43540,3336,3279,1315,4594,48
2021-11-04,Solano,095,438530,46051,45465,1236,46701,350
2021-11-04,Sonoma,097,501317,41734,41398,537,41935,395
2021-11-04,Stanislaus,099,539301,79657,78902,9067,87969,1193
2021-11-04,Sutter,101,95872,13994,13908,360,14268,180
2021-11-04,Tehama,103,63373,8569,8474,1514,9988,120
2021-11-04,Trinity,105,12862,830,732,208,940,11
2021-11-04,Tulare,107,460477,68719,67767,15628,83395,1010
2021-11-04,Tuolumne,109,53932,7355,7245,98,7343,90
2021-11-04,Ventura,111,848112,98437,97770,4375,102145,1180
2021-11-04,Yolo,113,214977,19911,19827,1172,20999,255
2021-11-04,Yuba,115,75493,10187,10107,338,10445,83
2021-11-03,Alameda,001,1643700,120042,119356,2935,122291,1428
2021-11-03,Alpine,003,1148,106,105,0,105,0
2021-11-03,Amador,005,37829,5596,5545,61,5606,66
2021-11-03,Butte,007,227075,21061,20769,3848,24617,284
2021-11-03,Calaveras,009,45235,4125,4087,57,4144,82
2021-11-03,Colusa,011,21464,2522,2499,651,3150,20
2021-11-03,Contra Costa,013,1133247,99668,99168,2251,101419,1025
2021-11-03,Del Norte,015,27424,3695,3600,55,3655,42
2021-11-03,El Dorado,017,186661,16115,15915,1726,17641,156
2021-11-03,Fresno,019,978130,140812,138873,12433,151306,2166
2021-11-03,Glenn,021,27897,3508,3470,1007,4477,33
2021-11-03,Humboldt,023,135768,9126,8949,597,9546,109
2021-11-03,Imperial,025,180216,33799,33402,3337,36739,766
2021-11-03,Inyo,027,18085,2387,2344,56,2400,41
2021-11-03,Kern,029,883053,128273,126523,22797,149320,1681
2021-11-03,Kings,031,150075,32368,31923,2019,33942,341
2021-11-03,Lake,033,64148,6758,6685,149,6834,106
2021-11-03,Lassen,035,31185,6888,6782,394,7176,46
2021-11-03,Los Angeles,037,10098052,1440090,1431209,55450,1486659,26517
2021-11-03,Madera,039,155013,23355,22893,2144,25037,287
2021-11-03,Marin,041,260295,17605,17491,469,17960,247
2021-11-03,Mariposa,043,17540,1311,1276,48,1324,5
2021-11-03,Mendocino,045,87422,7591,7457,567,8024,84
2021-11-03,Merced,047,269075,42212,41849,1843,43692,597
2021-11-03,Modoc,049,8938,546,521,196,717,5
2021-11-03,Mono,051,14174,1726,1719,19,1738,4
2021-11-03,Monterey,053,433212,48025,47794,3737,51531,601
2021-11-03,Napa,055,140530,13049,12937,111,13048,103
2021-11-03,Nevada,057,99092,9280,9131,337,9468,91
2021-11-03,Orange,059,3164182,308445,305661,15419,321080,5607
2021-11-03,Placer,061,380077,37327,36868,3750,40618,438
2021-11-03,Plumas,063,18699,1808,1739,42,1781,7
2021-11-03,Riverside,065,2383286,362915,360060,16675,376735,5131
2021-11-03,Sacramento,067,1510023,159781,158311,4794,163105,2259
2021-11-03,San Benito,069,59416,7451,7419,182,7601,75
2021-11-03,San Bernardino,071,2135413,355336,352225,11435,363660,5813
2021-11-03,San Diego,073,3302833,375912,372951,21704,394655,4241
2021-11-03,San Francisco,075,870044,52961,52493,2647,55140,663
2021-11-03,San Joaquin,077,732212,100062,99188,5550,104738,1776
2021-11-03,San Luis Obispo,079,281455,29558,29276,1257,30533,348
2021-11-03,San Mateo,081,765935,53632,53396,1599,54995,571
2021-11-03,Santa Barbara,083,443738,44962,44220,1660,45880,531
2021-11-03,Santa Clara,085,1922200,147511,146259,1407,147666,1897
2021-11-03,Santa Cruz,087,273765,20453,20275,1058,21333,222
2021-11-03,Shasta,089,179085,21645,21215,3694,24909,346
2021-11-03,Sierra,091,2930,184,180,23,203,0
2021-11-03,Siskiyou,093,43540,3332,3276,1313,4589,46
2021-11-03,Solano,095,438530,46025,45411,1234,46645,351
2021-11-03,Sonoma,097,501317,41657,41326,535,41861,395
2021-11-03,Stanislaus,099,539301,79527,78736,9052,87788,1193
2021-11-03,Sutter,101,95872,13981,13876,358,14234,179
2021-11-03,Tehama,103,63373,8558,8438,1514,9952,118
2021-11-03,Trinity,105,12862,829,730,208,938,11
2021-11-03,Tulare,107,460477,68593,67588,15585,83173,1007
2021-11-03,Tuolumne,109,53932,7338,7218,96,7314,90
2021-11-03,Ventura,111,848112,98319,97682,4371,102053,1178
2021-11-03,Yolo,113,214977,19895,19758,1164,20922,250
2021-11-03,Yuba,115,75493,10175,10092,338,10430,83
2021-11-02,Alameda,001,1643700,119905,119241,2929,122170,1425
2021-11-02,Alpine,003,1148,105,105,0,105,0
2021-11-02,Amador,005,37829,5591,5535,61,5596,66
2021-11-02,Butte,007,227075,21017,20744,3837,24581,282
2021-11-02,Calaveras,009,45235,4103,4075,56,4131,82
2021-11-02,Colusa,011,21464,2517,2497,650,3147,19
2021-11-02,Contra Costa,013,1133247,99566,99080,2238,101318,1025
2021-11-02,Del Norte,015,27424,3693,3596,55,3651,42
2021-11-02,El Dorado,017,186661,16087,15883,1726,17609,154
2021-11-02,Fresno,019,978130,140490,138644,12405,151049,2158
2021-11-02,Glenn,021,27897,3500,3469,1004,4473,33
2021-11-02,Humboldt,023,135768,9088,8937,593,9530,109
2021-11-02,Imperial,025,180216,33726,33371,3325,36696,766
2021-11-02,Inyo,027,18085,2380,2324,56,2380,41
2021-11-02,Kern,029,883053,128018,126311,22678,148989,1665
2021-11-02,Kings,031,150075,32309,31896,2014,33910,339
2021-11-02,Lake,033,64148,6753,6681,148,6829,106
2021-11-02,Lassen,035,31185,6876,6777,391,7168,45
2021-11-02,Los Angeles,037,10098052,1438641,1429601,55373,1484974,26496
2021-11-02,Madera,039,155013,23273,22837,2133,24970,287
2021-11-02,Marin,041,260295,17577,17482,469,17951,247
2021-11-02,Mariposa,043,17540,1300,1270,47,1317,5
2021-11-02,Mendocino,045,87422,7567,7447,555,8002,84
2021-11-02,Merced,047,269075,42145,41785,1835,43620,596
2021-11-02,Modoc,049,8938,543,520,195,715,5
2021-11-02,Mono,051,14174,1723,1718,19,1737,4
2021-11-02,Monterey,053,433212,47981,47775,3711,51486,599
2021-11-02,Napa,055,140530,13031,12930,111,13041,104
2021-11-02,Nevada,057,99092,9250,9122,336,9458,91
2021-11-02,Orange,059,3164182,308134,305369,15373,320742,5600
2021-11-02,Placer,061,380077,37255,36817,3735,40552,438
2021-11-02,Plumas,063,18699,1797,1721,42,1763,7
2021-11-02,Riverside,065,2383286,362463,359586,16654,376240,5116
2021-11-02,Sacramento,067,1510023,159525,158112,4768,162880,2250
2021-11-02,San Benito,069,59416,7434,7407,182,7589,75
2021-11-02,San Bernardino,071,2135413,354863,351832,11379,363211,5813
2021-11-02,San Diego,073,3302833,375322,372440,21671,394111,4232
2021-11-02,San Francisco,075,870044,52843,52450,2642,55092,663
2021-11-02,San Joaquin,077,732212,99927,99076,5538,104614,1772
2021-11-02,San Luis Obispo,079,281455,29525,29224,1254,30478,348
2021-11-02,San Mateo,081,765935,53570,53351,1586,54937,571
2021-11-02,Santa Barbara,083,443738,44906,44177,1656,45833,531
2021-11-02,Santa Clara,085,1922200,147319,146115,1400,147515,1896
2021-11-02,Santa Cruz,087,273765,20420,20266,1057,21323,222
2021-11-02,Shasta,089,179085,21571,21127,3683,24810,344
2021-11-02,Sierra,091,2930,184,180,22,202,0
2021-11-02,Siskiyou,093,43540,3330,3272,1310,4582,46
2021-11-02,Solano,095,438530,45988,45378,1229,46607,350
2021-11-02,Sonoma,097,501317,41579,41288,534,41822,395
2021-11-02,Stanislaus,099,539301,79373,78629,9032,87661,1193
2021-11-02,Sutter,101,95872,13960,13868,358,14226,179
2021-11-02,Tehama,103,63373,8545,8422,1512,9934,116
2021-11-02,Trinity,105,12862,829,729,208,937,11
2021-11-02,Tulare,107,460477,68469,67502,15534,83036,1002
2021-11-02,Tuolumne,109,53932,7317,7204,94,7298,90
2021-11-02,Ventura,111,848112,98203,97574,4367,101941,1178
2021-11-02,Yolo,113,214977,19864,19736,1162,20898,250
2021-11-02,Yuba,115,75493,10152,10080,336,10416,83
2021-11-01,Alameda,001,1643700,119772,119159,2927,122086,1421
2021-11-01,Alpine,003,1148,105,105,0,105,0
2021-11-01,Amador,005,37829,5589,5532,61,5593,64
2021-11-01,Butte,007,227075,20967,20710,3832,24542,281
2021-11-01,Calaveras,009,45235,4093,4059,55,4114,82
2021-11-01,Colusa,011,21464,2515,2494,647,3141,19
2021-11-01,Contra Costa,013,1133247,99444,99011,2226,101237,1025
2021-11-01,Del Norte,015,27424,3691,3594,55,3649,42
2021-11-01,El Dorado,017,186661,16063,15858,1720,17578,154
2021-11-01,Fresno,019,978130,140115,138421,12376,150797,2149
2021-11-01,Glenn,021,27897,3493,3461,1002,4463,33
2021-11-01,Humboldt,023,135768,9060,8929,588,9517,108
2021-11-01,Imperial,025,180216,33675,33342,3316,36658,766
2021-11-01,Inyo,027,18085,2368,2307,56,2363,41
2021-11-01,Kern,029,883053,127719,126092,22567,148659,1660
2021-11-01,Kings,031,150075,32257,31866,2012,33878,337
2021-11-01,Lake,033,64148,6742,6676,147,6823,106
2021-11-01,Lassen,035,31185,6861,6775,388,7163,42
2021-11-01,Los Angeles,037,10098052,1437268,1428891,55281,1484172,26483
2021-11-01,Madera,039,155013,23194,22801,2129,24930,283
2021-11-01,Marin,041,260295,17557,17460,468,17928,247
2021-11-01,Mariposa,043,17540,1292,1266,46,1312,5
2021-11-01,Mendocino,045,87422,7533,7422,537,7959,84
2021-11-01,Merced,047,269075,42058,41740,1832,43572,594
2021-11-01,Modoc,049,8938,538,520,193,713,5
2021-11-01,Mono,051,14174,1718,1714,19,1733,3
2021-11-01,Monterey,053,433212,47945,47756,3692,51448,597
2021-11-01,Napa,055,140530,13004,12916,110,13026,101
2021-11-01,Nevada,057,99092,9227,9108,335,9443,91
2021-11-01,Orange,059,3164182,307803,305192,15331,320523,5596
2021-11-01,Placer,061,380077,37172,36747,3723,40470,435
2021-11-01,Plumas,063,18699,1780,1719,40,1759,7
2021-11-01,Riverside,065,2383286,361962,359263,16632,375895,5115
2021-11-01,Sacramento,067,1510023,159253,157893,4741,162634,2239
2021-11-01,San Benito,069,59416,7424,7406,181,7587,73
2021-11-01,San Bernardino,071,2135413,354378,351620,11359,362979,5815
2021-11-01,San Diego,073,3302833,374740,372043,21649,393692,4232
2021-11-01,San Francisco,075,870044,52761,52418,2630,55048,661
2021-11-01,San Joaquin,077,732212,99764,98969,5531,104500,1772
2021-11-01,San Luis Obispo,079,281455,29481,29199,1250,30449,343
2021-11-01,San Mateo,081,765935,53508,53314,1580,54894,571
2021-11-01,Santa Barbara,083,443738,44840,44146,1652,45798,529
2021-11-01,Santa Clara,085,1922200,147122,145978,1395,147373,1907
2021-11-01,Santa Cruz,087,273765,20385,20238,1057,21295,221
2021-11-01,Shasta,089,179085,21518,21104,3676,24780,338
2021-11-01,Sierra,091,2930,184,180,22,202,0
2021-11-01,Siskiyou,093,43540,3323,3272,1305,4577,46
2021-11-01,Solano,095,438530,45940,45358,1229,46587,350
2021-11-01,Sonoma,097,501317,41506,41234,534,41768,395
2021-11-01,Stanislaus,099,539301,79245,78534,9017,87551,1193
2021-11-01,Sutter,101,95872,13936,13852,356,14208,179
2021-11-01,Tehama,103,63373,8517,8412,1511,9923,116
2021-11-01,Trinity,105,12862,827,727,208,935,11
2021-11-01,Tulare,107,460477,68326,67388,15482,82870,1002
2021-11-01,Tuolumne,109,53932,7301,7175,93,7268,90
2021-11-01,Ventura,111,848112,98122,97507,4361,101868,1178
2021-11-01,Yolo,113,214977,19844,19708,1155,20863,250
2021-11-01,Yuba,115,75493,10134,10066,333,10399,83
2021-10-31,Alameda,001,1643700,119633,119071,2924,121995,1419
2021-10-31,Alpine,003,1148,105,105,0,105,0
2021-10-31,Amador,005,37829,5578,5518,61,5579,64
2021-10-31,Butte,007,227075,20906,20689,3823,24512,281
2021-10-31,Calaveras,009,45235,4075,4052,54,4106,82
2021-10-31,Colusa,011,21464,2513,2493,644,3137,18
2021-10-31,Contra Costa,013,1133247,99319,98936,2223,101159,1025
2021-10-31,Del Norte,015,27424,3685,3591,55,3646,42
2021-10-31,El Dorado,017,186661,16017,15841,1717,17558,154
2021-10-31,Fresno,019,978130,139709,138165,12345,150510,2147
2021-10-31,Glenn,021,27897,3488,3459,1002,4461,33
2021-10-31,Humboldt,023,135768,9014,8919,581,9500,108
2021-10-31,Imperial,025,180216,33599,33334,3304,36638,766
2021-10-31,Inyo,027,18085,2349,2309,56,2365,41
2021-10-31,Kern,029,883053,127352,125917,22444,148361,1666
2021-10-31,Kings,031,150075,32170,31814,1999,33813,338
2021-10-31,Lake,033,64148,6731,6665,147,6812,106
2021-10-31,Lassen,035,31185,6846,6768,383,7151,42
2021-10-31,Los Angeles,037,10098052,1435738,1427933,55193,1483126,26474
2021-10-31,Madera,039,155013,23099,22744,2116,24860,283
2021-10-31,Marin,041,260295,17529,17443,467,17910,247
2021-10-31,Mariposa,043,17540,1286,1257,45,1302,5
2021-10-31,Mendocino,045,87422,7491,7403,520,7923,84
2021-10-31,Merced,047,269075,41964,41699,1812,43511,589
2021-10-31,Modoc,049,8938,532,517,190,707,5
2021-10-31,Mono,051,14174,1715,1711,19,1730,3
2021-10-31,Monterey,053,433212,47911,47744,3667,51411,596
2021-10-31,Napa,055,140530,12987,12906,108,13014,101
2021-10-31,Nevada,057,99092,9190,9084,330,9414,91
2021-10-31,Orange,059,3164182,307460,305032,15250,320282,5596
2021-10-31,Placer,061,380077,37075,36698,3709,40407,435
2021-10-31,Plumas,063,18699,1763,1716,39,1755,7
2021-10-31,Riverside,065,2383286,361385,359005,16618,375623,5104
2021-10-31,Sacramento,067,1510023,158905,157667,4725,162392,2243
2021-10-31,San Benito,069,59416,7415,7397,177,7574,73
2021-10-31,San Bernardino,071,2135413,353847,351411,11345,362756,5810
2021-10-31,San Diego,073,3302833,374167,371603,21616,393219,4218
2021-10-31,San Francisco,075,870044,52655,52370,2622,54992,661
2021-10-31,San Joaquin,077,732212,99601,98893,5517,104410,1772
2021-10-31,San Luis Obispo,079,281455,29430,29176,1249,30425,343
2021-10-31,San Mateo,081,765935,53457,53284,1572,54856,571
2021-10-31,Santa Barbara,083,443738,44772,44113,1647,45760,529
2021-10-31,Santa Clara,085,1922200,146910,145829,1381,147210,1908
2021-10-31,Santa Cruz,087,273765,20350,20218,1056,21274,221
2021-10-31,Shasta,089,179085,21435,21086,3664,24750,338
2021-10-31,Sierra,091,2930,184,180,22,202,0
2021-10-31,Siskiyou,093,43540,3317,3271,1304,4575,46
2021-10-31,Solano,095,438530,45893,45310,1223,46533,350
2021-10-31,Sonoma,097,501317,41437,41183,531,41714,395
2021-10-31,Stanislaus,099,539301,79055,78426,9002,87428,1193
2021-10-31,Sutter,101,95872,13917,13838,353,14191,179
2021-10-31,Tehama,103,63373,8486,8391,1507,9898,116
2021-10-31,Trinity,105,12862,827,724,208,932,11
2021-10-31,Tulare,107,460477,68130,67310,15391,82701,1002
2021-10-31,Tuolumne,109,53932,7272,7141,92,7233,90
2021-10-31,Ventura,111,848112,98004,97460,4356,101816,1178
2021-10-31,Yolo,113,214977,19803,19662,1149,20811,250
2021-10-31,Yuba,115,75493,10116,10051,323,10374,83
2021-10-30,Alameda,001,1643700,119576,118632,2921,121553,1419
2021-10-30,Alpine,003,1148,105,105,0,105,0
2021-10-30,Amador,005,37829,5569,5480,61,5541,64
2021-10-30,Butte,007,227075,20891,20516,3817,24333,277
2021-10-30,Calaveras,009,45235,4068,3992,54,4046,82
2021-10-30,Colusa,011,21464,2513,2484,643,3127,19
2021-10-30,Contra Costa,013,1133247,99258,98562,2222,100784,1024
2021-10-30,Del Norte,015,27424,3682,3574,55,3629,42
2021-10-30,El Dorado,017,186661,16001,15752,1712,17464,154
2021-10-30,Fresno,019,978130,139566,136901,12340,149241,2131
2021-10-30,Glenn,021,27897,3484,3442,1002,4444,33
2021-10-30,Humboldt,023,135768,8999,8871,579,9450,105
2021-10-30,Imperial,025,180216,33555,33156,3300,36456,766
2021-10-30,Inyo,027,18085,2346,2249,56,2305,41
2021-10-30,Kern,029,883053,127200,124892,22372,147264,1653
2021-10-30,Kings,031,150075,32133,31578,1995,33573,337
2021-10-30,Lake,033,64148,6726,6610,147,6757,106
2021-10-30,Lassen,035,31185,6840,6719,381,7100,42
2021-10-30,Los Angeles,037,10098052,1435018,1424257,55139,1479396,26625
2021-10-30,Madera,039,155013,23055,22524,2110,24634,283
2021-10-30,Marin,041,260295,17514,17380,465,17845,247
2021-10-30,Mariposa,043,17540,1283,1228,45,1273,5
2021-10-30,Mendocino,045,87422,7469,7338,518,7856,84
2021-10-30,Merced,047,269075,41924,41428,1810,43238,586
2021-10-30,Modoc,049,8938,531,513,188,701,5
2021-10-30,Mono,051,14174,1715,1684,19,1703,3
2021-10-30,Monterey,053,433212,47899,47649,3656,51305,588
2021-10-30,Napa,055,140530,12974,12863,107,12970,101
2021-10-30,Nevada,057,99092,9171,9015,330,9345,91
2021-10-30,Orange,059,3164182,307284,304120,15232,319352,5588
2021-10-30,Placer,061,380077,37029,36400,3703,40103,434
2021-10-30,Plumas,063,18699,1758,1695,39,1734,7
2021-10-30,Riverside,065,2383286,361085,357645,16609,374254,5088
2021-10-30,Sacramento,067,1510023,158749,157125,4715,161840,2233
2021-10-30,San Benito,069,59416,7408,7362,177,7539,71
2021-10-30,San Bernardino,071,2135413,353571,350076,11331,361407,5777
2021-10-30,San Diego,073,3302833,373797,370006,21592,391598,4213
2021-10-30,San Francisco,075,870044,52626,52161,2620,54781,661
2021-10-30,San Joaquin,077,732212,99546,98314,5516,103830,1768
2021-10-30,San Luis Obispo,079,281455,29398,29053,1246,30299,341
2021-10-30,San Mateo,081,765935,53424,53083,1567,54650,571
2021-10-30,Santa Barbara,083,443738,44737,43972,1646,45618,528
2021-10-30,Santa Clara,085,1922200,146805,145262,1377,146639,1903
2021-10-30,Santa Cruz,087,273765,20332,20134,1054,21188,221
2021-10-30,Shasta,089,179085,21390,20878,3658,24536,332
2021-10-30,Sierra,091,2930,184,175,22,197,0
2021-10-30,Siskiyou,093,43540,3316,3257,1301,4558,46
2021-10-30,Solano,095,438530,45872,45146,1222,46368,346
2021-10-30,Sonoma,097,501317,41398,40924,531,41455,393
2021-10-30,Stanislaus,099,539301,78986,77871,8995,86866,1191
2021-10-30,Sutter,101,95872,13904,13773,353,14126,178
2021-10-30,Tehama,103,63373,8475,8307,1502,9809,114
2021-10-30,Trinity,105,12862,825,708,207,915,11
2021-10-30,Tulare,107,460477,68062,66745,15343,82088,995
2021-10-30,Tuolumne,109,53932,7248,7050,91,7141,90
2021-10-30,Ventura,111,848112,97960,97182,4355,101537,1174
2021-10-30,Yolo,113,214977,19783,19568,1147,20715,250
2021-10-30,Yuba,115,75493,10106,9969,323,10292,82
2021-10-29,Alameda,001,1643700,119500,118632,2917,121549,1419
2021-10-29,Alpine,003,1148,105,105,0,105,0
2021-10-29,Amador,005,37829,5558,5480,61,5541,64
2021-10-29,Butte,007,227075,20867,20516,3807,24323,277
2021-10-29,Calaveras,009,45235,4061,3992,54,4046,82
2021-10-29,Colusa,011,21464,2513,2484,641,3125,19
2021-10-29,Contra Costa,013,1133247,99192,98562,2220,100782,1024
2021-10-29,Del Norte,015,27424,3675,3574,55,3629,42
2021-10-29,El Dorado,017,186661,15987,15752,1712,17464,154
2021-10-29,Fresno,019,978130,139352,136901,12329,149230,2131
2021-10-29,Glenn,021,27897,3482,3442,1001,4443,33
2021-10-29,Humboldt,023,135768,8994,8871,578,9449,105
2021-10-29,Imperial,025,180216,33528,33156,3297,36453,766
2021-10-29,Inyo,027,18085,2343,2249,56,2305,41
2021-10-29,Kern,029,883053,127023,124892,22283,147175,1653
2021-10-29,Kings,031,150075,32098,31578,1993,33571,337
2021-10-29,Lake,033,64148,6717,6610,145,6755,106
2021-10-29,Lassen,035,31185,6831,6719,378,7097,42
2021-10-29,Los Angeles,037,10098052,1434176,1424257,55096,1479353,26625
2021-10-29,Madera,039,155013,23003,22524,2105,24629,283
2021-10-29,Marin,041,260295,17498,17380,464,17844,247
2021-10-29,Mariposa,043,17540,1279,1228,45,1273,5
2021-10-29,Mendocino,045,87422,7461,7338,518,7856,84
2021-10-29,Merced,047,269075,41874,41428,1804,43232,586
2021-10-29,Modoc,049,8938,529,513,187,700,5
2021-10-29,Mono,051,14174,1712,1684,19,1703,3
2021-10-29,Monterey,053,433212,47883,47649,3648,51297,588
2021-10-29,Napa,055,140530,12953,12863,107,12970,101
2021-10-29,Nevada,057,99092,9159,9015,330,9345,91
2021-10-29,Orange,059,3164182,307059,304120,15215,319335,5588
2021-10-29,Placer,061,380077,36993,36400,3692,40092,434
2021-10-29,Plumas,063,18699,1752,1695,39,1734,7
2021-10-29,Riverside,065,2383286,360750,357645,16604,374249,5088
2021-10-29,Sacramento,067,1510023,158561,157125,4706,161831,2233
2021-10-29,San Benito,069,59416,7405,7362,177,7539,71
2021-10-29,San Bernardino,071,2135413,353275,350076,11322,361398,5777
2021-10-29,San Diego,073,3302833,373422,370006,21561,391567,4213
2021-10-29,San Francisco,075,870044,52568,52161,2613,54774,661
2021-10-29,San Joaquin,077,732212,99489,98314,5511,103825,1768
2021-10-29,San Luis Obispo,079,281455,29372,29053,1244,30297,341
2021-10-29,San Mateo,081,765935,53386,53083,1561,54644,571
2021-10-29,Santa Barbara,083,443738,44697,43972,1643,45615,528
2021-10-29,Santa Clara,085,1922200,146691,145262,1369,146631,1903
2021-10-29,Santa Cruz,087,273765,20325,20134,1053,21187,221
2021-10-29,Shasta,089,179085,21351,20878,3652,24530,332
2021-10-29,Sierra,091,2930,182,175,22,197,0
2021-10-29,Siskiyou,093,43540,3316,3257,1300,4557,46
2021-10-29,Solano,095,438530,45837,45146,1221,46367,346
2021-10-29,Sonoma,097,501317,41377,40924,531,41455,393
2021-10-29,Stanislaus,099,539301,78901,77871,8984,86855,1191
2021-10-29,Sutter,101,95872,13885,13773,353,14126,178
2021-10-29,Tehama,103,63373,8462,8307,1501,9808,114
2021-10-29,Trinity,105,12862,824,708,207,915,11
2021-10-29,Tulare,107,460477,67962,66745,15297,82042,995
2021-10-29,Tuolumne,109,53932,7235,7050,91,7141,90
2021-10-29,Ventura,111,848112,97906,97182,4353,101535,1174
2021-10-29,Yolo,113,214977,19765,19568,1143,20711,250
2021-10-29,Yuba,115,75493,10098,9969,319,10288,82
2021-10-28,Alameda,001,1643700,119377,118632,2910,121542,1419
2021-10-28,Alpine,003,1148,105,105,0,105,0
2021-10-28,Amador,005,37829,5545,5480,61,5541,64
2021-10-28,Butte,007,227075,20827,20516,3798,24314,277
2021-10-28,Calaveras,009,45235,4048,3992,54,4046,82
2021-10-28,Colusa,011,21464,2510,2484,640,3124,19
2021-10-28,Contra Costa,013,1133247,99063,98562,2213,100775,1024
2021-10-28,Del Norte,015,27424,3674,3574,55,3629,42
2021-10-28,El Dorado,017,186661,15961,15752,1709,17461,154
2021-10-28,Fresno,019,978130,139024,136901,12301,149202,2131
2021-10-28,Glenn,021,27897,3478,3442,998,4440,33
2021-10-28,Humboldt,023,135768,8978,8871,573,9444,105
2021-10-28,Imperial,025,180216,33463,33156,3291,36447,766
2021-10-28,Inyo,027,18085,2326,2249,56,2305,41
2021-10-28,Kern,029,883053,126779,124892,22167,147059,1653
2021-10-28,Kings,031,150075,32030,31578,1988,33566,337
2021-10-28,Lake,033,64148,6707,6610,145,6755,106
2021-10-28,Lassen,035,31185,6821,6719,374,7093,42
2021-10-28,Los Angeles,037,10098052,1433047,1424257,55021,1479278,26625
2021-10-28,Madera,039,155013,22949,22524,2094,24618,283
2021-10-28,Marin,041,260295,17480,17380,463,17843,247
2021-10-28,Mariposa,043,17540,1275,1228,45,1273,5
2021-10-28,Mendocino,045,87422,7448,7338,507,7845,84
2021-10-28,Merced,047,269075,41789,41428,1793,43221,586
2021-10-28,Modoc,049,8938,528,513,187,700,5
2021-10-28,Mono,051,14174,1707,1684,19,1703,3
2021-10-28,Monterey,053,433212,47861,47649,3623,51272,588
2021-10-28,Napa,055,140530,12944,12863,106,12969,101
2021-10-28,Nevada,057,99092,9141,9015,330,9345,91
2021-10-28,Orange,059,3164182,306773,304120,15152,319272,5588
2021-10-28,Placer,061,380077,36914,36400,3682,40082,434
2021-10-28,Plumas,063,18699,1744,1695,39,1734,7
2021-10-28,Riverside,065,2383286,360312,357645,16580,374225,5088
2021-10-28,Sacramento,067,1510023,158295,157125,4693,161818,2233
2021-10-28,San Benito,069,59416,7397,7362,177,7539,71
2021-10-28,San Bernardino,071,2135413,352861,350076,11300,361376,5777
2021-10-28,San Diego,073,3302833,372949,370006,21538,391544,4213
2021-10-28,San Francisco,075,870044,52523,52161,2606,54767,661
2021-10-28,San Joaquin,077,732212,99361,98314,5510,103824,1768
2021-10-28,San Luis Obispo,079,281455,29343,29053,1241,30294,341
2021-10-28,San Mateo,081,765935,53346,53083,1555,54638,571
2021-10-28,Santa Barbara,083,443738,44658,43972,1641,45613,528
2021-10-28,Santa Clara,085,1922200,146534,145262,1362,146624,1903
2021-10-28,Santa Cruz,087,273765,20301,20134,1053,21187,221
2021-10-28,Shasta,089,179085,21275,20878,3645,24523,332
2021-10-28,Sierra,091,2930,181,175,22,197,0
2021-10-28,Siskiyou,093,43540,3315,3257,1300,4557,46
2021-10-28,Solano,095,438530,45797,45146,1220,46366,346
2021-10-28,Sonoma,097,501317,41309,40924,530,41454,393
2021-10-28,Stanislaus,099,539301,78749,77871,8968,86839,1191
2021-10-28,Sutter,101,95872,13872,13773,349,14122,178
2021-10-28,Tehama,103,63373,8424,8307,1498,9805,114
2021-10-28,Trinity,105,12862,821,708,207,915,11
2021-10-28,Tulare,107,460477,67825,66745,15240,81985,995
2021-10-28,Tuolumne,109,53932,7204,7050,91,7141,90
2021-10-28,Ventura,111,848112,97814,97182,4351,101533,1174
2021-10-28,Yolo,113,214977,19728,19568,1138,20706,250
2021-10-28,Yuba,115,75493,10069,9969,316,10285,82
2021-10-27,Alameda,001,1643700,119258,118487,2906,121393,1414
2021-10-27,Alpine,003,1148,105,105,0,105,0
2021-10-27,Amador,005,37829,5533,5470,60,5530,64
2021-10-27,Butte,007,227075,20783,20446,3784,24230,274
2021-10-27,Calaveras,009,45235,4031,3970,53,4023,82
2021-10-27,Colusa,011,21464,2509,2480,639,3119,18
2021-10-27,Contra Costa,013,1133247,98957,98442,2201,100643,1018
2021-10-27,Del Norte,015,27424,3667,3571,54,3625,42
2021-10-27,El Dorado,017,186661,15930,15723,1704,17427,154
2021-10-27,Fresno,019,978130,138644,136447,12272,148719,2128
2021-10-27,Glenn,021,27897,3472,3435,997,4432,33
2021-10-27,Humboldt,023,135768,8959,8851,570,9421,105
2021-10-27,Imperial,025,180216,33424,33068,3286,36354,766
2021-10-27,Inyo,027,18085,2306,2236,56,2292,41
2021-10-27,Kern,029,883053,126510,124557,22067,146624,1647
2021-10-27,Kings,031,150075,31963,31437,1983,33420,335
2021-10-27,Lake,033,64148,6680,6589,145,6734,105
2021-10-27,Lassen,035,31185,6807,6706,372,7078,42
2021-10-27,Los Angeles,037,10098052,1431813,1422615,54962,1477577,26604
2021-10-27,Madera,039,155013,22863,22413,2071,24484,283
2021-10-27,Marin,041,260295,17465,17362,463,17825,247
2021-10-27,Mariposa,043,17540,1262,1228,45,1273,5
2021-10-27,Mendocino,045,87422,7435,7321,500,7821,84
2021-10-27,Merced,047,269075,41692,41310,1779,43089,583
2021-10-27,Modoc,049,8938,524,513,187,700,5
2021-10-27,Mono,051,14174,1704,1682,19,1701,3
2021-10-27,Monterey,053,433212,47828,47610,3596,51206,588
2021-10-27,Napa,055,140530,12929,12856,105,12961,101
2021-10-27,Nevada,057,99092,9124,8987,329,9316,90
2021-10-27,Orange,059,3164182,306461,303825,15102,318927,5584
2021-10-27,Placer,061,380077,36848,36296,3675,39971,434
2021-10-27,Plumas,063,18699,1736,1686,39,1725,7
2021-10-27,Riverside,065,2383286,359884,357152,16571,373723,5081
2021-10-27,Sacramento,067,1510023,158025,156830,4672,161502,2230
2021-10-27,San Benito,069,59416,7391,7337,177,7514,71
2021-10-27,San Bernardino,071,2135413,352439,349624,11278,360902,5770
2021-10-27,San Diego,073,3302833,372375,369579,21512,391091,4207
2021-10-27,San Francisco,075,870044,52472,52108,2601,54709,655
2021-10-27,San Joaquin,077,732212,99202,98168,5494,103662,1753
2021-10-27,San Luis Obispo,079,281455,29303,29002,1239,30241,341
2021-10-27,San Mateo,081,765935,53293,53032,1544,54576,571
2021-10-27,Santa Barbara,083,443738,44605,43901,1638,45539,527
2021-10-27,Santa Clara,085,1922200,146357,145081,1354,146435,1902
2021-10-27,Santa Cruz,087,273765,20274,20091,1051,21142,221
2021-10-27,Shasta,089,179085,21201,20813,3637,24450,331
2021-10-27,Sierra,091,2930,180,176,22,198,0
2021-10-27,Siskiyou,093,43540,3312,3256,1296,4552,46
2021-10-27,Solano,095,438530,45754,45089,1212,46301,346
2021-10-27,Sonoma,097,501317,41234,40829,528,41357,393
2021-10-27,Stanislaus,099,539301,78589,77687,8954,86641,1191
2021-10-27,Sutter,101,95872,13858,13754,349,14103,177
2021-10-27,Tehama,103,63373,8402,8265,1497,9762,113
2021-10-27,Trinity,105,12862,821,706,206,912,11
2021-10-27,Tulare,107,460477,67671,66568,15182,81750,991
2021-10-27,Tuolumne,109,53932,7177,7009,90,7099,90
2021-10-27,Ventura,111,848112,97724,97108,4347,101455,1172
2021-10-27,Yolo,113,214977,19699,19517,1131,20648,250
2021-10-27,Yuba,115,75493,10048,9945,314,10259,82
2021-10-26,Alameda,001,1643700,119125,118360,2901,121261,1407
2021-10-26,Alpine,003,1148,105,105,0,105,0
2021-10-26,Amador,005,37829,5525,5465,59,5524,64
2021-10-26,Butte,007,227075,20725,20387,3767,24154,274
2021-10-26,Calaveras,009,45235,4020,3966,53,4019,81
2021-10-26,Colusa,011,21464,2507,2478,638,3116,18
2021-10-26,Contra Costa,013,1133247,98836,98352,2190,100542,1017
2021-10-26,Del Norte,015,27424,3662,3563,54,3617,42
2021-10-26,El Dorado,017,186661,15902,15690,1695,17385,153
2021-10-26,Fresno,019,978130,138202,136211,12237,148448,2122
2021-10-26,Glenn,021,27897,3457,3431,994,4425,33
2021-10-26,Humboldt,023,135768,8941,8830,564,9394,105
2021-10-26,Imperial,025,180216,33358,33012,3281,36293,766
2021-10-26,Inyo,027,18085,2291,2200,56,2256,41
2021-10-26,Kern,029,883053,126167,124351,21946,146297,1645
2021-10-26,Kings,031,150075,31900,31382,1976,33358,336
2021-10-26,Lake,033,64148,6670,6584,143,6727,105
2021-10-26,Lassen,035,31185,6787,6689,370,7059,42
2021-10-26,Los Angeles,037,10098052,1430473,1421795,54889,1476684,26599
2021-10-26,Madera,039,155013,22773,22363,2060,24423,283
2021-10-26,Marin,041,260295,17448,17354,462,17816,244
2021-10-26,Mariposa,043,17540,1257,1225,44,1269,5
2021-10-26,Mendocino,045,87422,7406,7308,483,7791,83
2021-10-26,Merced,047,269075,41614,41267,1771,43038,583
2021-10-26,Modoc,049,8938,524,513,187,700,5
2021-10-26,Mono,051,14174,1695,1680,19,1699,3
2021-10-26,Monterey,053,433212,47795,47572,3581,51153,588
2021-10-26,Napa,055,140530,12917,12849,105,12954,101
2021-10-26,Nevada,057,99092,9092,8971,328,9299,90
2021-10-26,Orange,059,3164182,306191,303533,15064,318597,5580
2021-10-26,Placer,061,380077,36751,36245,3669,39914,434
2021-10-26,Plumas,063,18699,1727,1645,39,1684,7
2021-10-26,Riverside,065,2383286,359398,356775,16561,373336,5068
2021-10-26,Sacramento,067,1510023,157720,156643,4651,161294,2228
2021-10-26,San Benito,069,59416,7368,7325,177,7502,71
2021-10-26,San Bernardino,071,2135413,352016,349346,11262,360608,5764
2021-10-26,San Diego,073,3302833,371856,369043,21482,390525,4198
2021-10-26,San Francisco,075,870044,52396,52063,2598,54661,655
2021-10-26,San Joaquin,077,732212,99026,98036,5479,103515,1748
2021-10-26,San Luis Obispo,079,281455,29265,28928,1233,30161,337
2021-10-26,San Mateo,081,765935,53229,52974,1534,54508,571
2021-10-26,Santa Barbara,083,443738,44560,43835,1637,45472,525
2021-10-26,Santa Clara,085,1922200,146160,144932,1348,146280,1903
2021-10-26,Santa Cruz,087,273765,20243,20067,1050,21117,221
2021-10-26,Shasta,089,179085,21141,20725,3620,24345,330
2021-10-26,Sierra,091,2930,180,169,22,191,0
2021-10-26,Siskiyou,093,43540,3306,3254,1294,4548,46
2021-10-26,Solano,095,438530,45697,45044,1212,46256,344
2021-10-26,Sonoma,097,501317,41152,40794,526,41320,393
2021-10-26,Stanislaus,099,539301,78414,77552,8930,86482,1157
2021-10-26,Sutter,101,95872,13828,13739,348,14087,176
2021-10-26,Tehama,103,63373,8374,8247,1491,9738,112
2021-10-26,Trinity,105,12862,817,705,206,911,11
2021-10-26,Tulare,107,460477,67517,66476,15123,81599,991
2021-10-26,Tuolumne,109,53932,7152,6995,88,7083,90
2021-10-26,Ventura,111,848112,97617,97014,4342,101356,1170
2021-10-26,Yolo,113,214977,19671,19490,1128,20618,248
2021-10-26,Yuba,115,75493,10030,9927,309,10236,82
2021-10-25,Alameda,001,1643700,118981,118319,2898,121217,1404
2021-10-25,Alpine,003,1148,105,105,0,105,0
2021-10-25,Amador,005,37829,5511,5455,59,5514,64
2021-10-25,Butte,007,227075,20651,20331,3759,24090,273
2021-10-25,Calaveras,009,45235,3990,3942,52,3994,82
2021-10-25,Colusa,011,21464,2505,2471,636,3107,18
2021-10-25,Contra Costa,013,1133247,98722,98267,2185,100452,1017
2021-10-25,Del Norte,015,27424,3655,3562,54,3616,42
2021-10-25,El Dorado,017,186661,15867,15663,1693,17356,149
2021-10-25,Fresno,019,978130,137767,135974,12197,148171,2112
2021-10-25,Glenn,021,27897,3455,3421,993,4414,33
2021-10-25,Humboldt,023,135768,8917,8825,559,9384,105
2021-10-25,Imperial,025,180216,33296,32968,3270,36238,766
2021-10-25,Inyo,027,18085,2273,2183,56,2239,41
2021-10-25,Kern,029,883053,125817,124078,21806,145884,1649
2021-10-25,Kings,031,150075,31812,31329,1967,33296,335
2021-10-25,Lake,033,64148,6657,6571,143,6714,105
2021-10-25,Lassen,035,31185,6776,6688,368,7056,42
2021-10-25,Los Angeles,037,10098052,1429113,1421061,54821,1475882,26579
2021-10-25,Madera,039,155013,22719,22325,2052,24377,281
2021-10-25,Marin,041,260295,17426,17334,460,17794,244
2021-10-25,Mariposa,043,17540,1243,1220,44,1264,5
2021-10-25,Mendocino,045,87422,7376,7296,479,7775,82
2021-10-25,Merced,047,269075,41547,41207,1744,42951,583
2021-10-25,Modoc,049,8938,522,512,185,697,5
2021-10-25,Mono,051,14174,1679,1677,19,1696,3
2021-10-25,Monterey,053,433212,47768,47547,3577,51124,587
2021-10-25,Napa,055,140530,12904,12841,105,12946,100
2021-10-25,Nevada,057,99092,9066,8958,328,9286,90
2021-10-25,Orange,059,3164182,305893,303279,15026,318305,5574
2021-10-25,Placer,061,380077,36644,36153,3658,39811,431
2021-10-25,Plumas,063,18699,1715,1641,39,1680,7
2021-10-25,Riverside,065,2383286,358973,356381,16546,372927,5056
2021-10-25,Sacramento,067,1510023,157417,156516,4623,161139,2235
2021-10-25,San Benito,069,59416,7354,7314,176,7490,71
2021-10-25,San Bernardino,071,2135413,351520,349075,11249,360324,5748
2021-10-25,San Diego,073,3302833,371275,368386,21452,389838,4196
2021-10-25,San Francisco,075,870044,52324,52041,2589,54630,649
2021-10-25,San Joaquin,077,732212,98824,97980,5470,103450,1740
2021-10-25,San Luis Obispo,079,281455,29217,28907,1228,30135,336
2021-10-25,San Mateo,081,765935,53177,52927,1522,54449,571
2021-10-25,Santa Barbara,083,443738,44503,43775,1637,45412,525
2021-10-25,Santa Clara,085,1922200,145971,144895,1342,146237,1901
2021-10-25,Santa Cruz,087,273765,20214,20053,1049,21102,221
2021-10-25,Shasta,089,179085,21069,20666,3613,24279,326
2021-10-25,Sierra,091,2930,180,168,22,190,0
2021-10-25,Siskiyou,093,43540,3302,3248,1289,4537,46
2021-10-25,Solano,095,438530,45645,45022,1210,46232,344
2021-10-25,Sonoma,097,501317,41079,40746,524,41270,393
2021-10-25,Stanislaus,099,539301,78223,77452,8900,86352,1145
2021-10-25,Sutter,101,95872,13815,13721,345,14066,176
2021-10-25,Tehama,103,63373,8347,8224,1486,9710,111
2021-10-25,Trinity,105,12862,812,699,205,904,11
2021-10-25,Tulare,107,460477,67327,66357,15060,81417,986
2021-10-25,Tuolumne,109,53932,7118,6952,87,7039,90
2021-10-25,Ventura,111,848112,97519,96932,4338,101270,1167
2021-10-25,Yolo,113,214977,19622,19457,1125,20582,248
2021-10-25,Yuba,115,75493,10014,9924,305,10229,82
2021-10-24,Alameda,001,1643700,118851,117816,2893,120709,1397
2021-10-24,Alpine,003,1148,105,105,0,105,0
2021-10-24,Amador,005,37829,5506,5412,59,5471,64
2021-10-24,Butte,007,227075,20582,20101,3747,23848,273
2021-10-24,Calaveras,009,45235,3971,3865,51,3916,81
2021-10-24,Colusa,011,21464,2501,2458,633,3091,18
2021-10-24,Contra Costa,013,1133247,98607,97855,2175,100030,1008
2021-10-24,Del Norte,015,27424,3651,3540,54,3594,42
2021-10-24,El Dorado,017,186661,15832,15540,1689,17229,149
2021-10-24,Fresno,019,978130,137339,134466,12160,146626,2094
2021-10-24,Glenn,021,27897,3444,3399,991,4390,33
2021-10-24,Humboldt,023,135768,8902,8753,553,9306,105
2021-10-24,Imperial,025,180216,33218,32777,3263,36040,766
2021-10-24,Inyo,027,18085,2241,2108,56,2164,41
2021-10-24,Kern,029,883053,125487,122939,21686,144625,1636
2021-10-24,Kings,031,150075,31683,30942,1951,32893,325
2021-10-24,Lake,033,64148,6634,6501,143,6644,105
2021-10-24,Lassen,035,31185,6759,6632,367,6999,27
2021-10-24,Los Angeles,037,10098052,1427674,1415919,54752,1470671,26527
2021-10-24,Madera,039,155013,22642,22062,2039,24101,281
2021-10-24,Marin,041,260295,17410,17264,459,17723,244
2021-10-24,Mariposa,043,17540,1240,1184,44,1228,5
2021-10-24,Mendocino,045,87422,7352,7220,468,7688,82
2021-10-24,Merced,047,269075,41425,40808,1739,42547,581
2021-10-24,Modoc,049,8938,521,507,185,692,5
2021-10-24,Mono,051,14174,1676,1655,19,1674,3
2021-10-24,Monterey,053,433212,47727,47456,3559,51015,586
2021-10-24,Napa,055,140530,12893,12789,105,12894,100
2021-10-24,Nevada,057,99092,9043,8861,325,9186,90
2021-10-24,Orange,059,3164182,305547,302237,14989,317226,5546
2021-10-24,Placer,061,380077,36540,35822,3644,39466,426
2021-10-24,Plumas,063,18699,1705,1623,38,1661,7
2021-10-24,Riverside,065,2383286,358499,354688,16526,371214,5041
2021-10-24,Sacramento,067,1510023,157074,155125,4599,159724,2232
2021-10-24,San Benito,069,59416,7334,7280,176,7456,71
2021-10-24,San Bernardino,071,2135413,350975,347681,11237,358918,5688
2021-10-24,San Diego,073,3302833,370673,366085,21418,387503,4183
2021-10-24,San Francisco,075,870044,52262,51820,2582,54402,649
2021-10-24,San Joaquin,077,732212,98651,97440,5464,102904,1721
2021-10-24,San Luis Obispo,079,281455,29157,28755,1221,29976,333
2021-10-24,San Mateo,081,765935,53111,52719,1516,54235,571
2021-10-24,Santa Barbara,083,443738,44439,43552,1635,45187,523
2021-10-24,Santa Clara,085,1922200,145783,144276,1331,145607,1897
2021-10-24,Santa Cruz,087,273765,20176,19967,1048,21015,221
2021-10-24,Shasta,089,179085,20969,20386,3607,23993,321
2021-10-24,Sierra,091,2930,180,168,22,190,0
2021-10-24,Siskiyou,093,43540,3296,3231,1284,4515,46
2021-10-24,Solano,095,438530,45596,44861,1208,46069,341
2021-10-24,Sonoma,097,501317,40997,40476,524,41000,393
2021-10-24,Stanislaus,099,539301,78033,76812,8888,85700,1145
2021-10-24,Sutter,101,95872,13788,13616,337,13953,175
2021-10-24,Tehama,103,63373,8299,8105,1475,9580,110
2021-10-24,Trinity,105,12862,808,696,202,898,11
2021-10-24,Tulare,107,460477,67157,65585,14987,80572,978
2021-10-24,Tuolumne,109,53932,7077,6840,85,6925,90
2021-10-24,Ventura,111,848112,97417,96664,4335,100999,1167
2021-10-24,Yolo,113,214977,19571,19280,1122,20402,248
2021-10-24,Yuba,115,75493,9989,9838,303,10141,82
2021-10-23,Alameda,001,1643700,118763,117816,2888,120704,1397
2021-10-23,Alpine,003,1148,105,105,0,105,0
2021-10-23,Amador,005,37829,5499,5412,59,5471,64
2021-10-23,Butte,007,227075,20548,20101,3738,23839,273
2021-10-23,Calaveras,009,45235,3964,3865,50,3915,81
2021-10-23,Colusa,011,21464,2499,2458,632,3090,18
2021-10-23,Contra Costa,013,1133247,98555,97855,2171,100026,1008
2021-10-23,Del Norte,015,27424,3649,3540,54,3594,42
2021-10-23,El Dorado,017,186661,15806,15540,1687,17227,149
2021-10-23,Fresno,019,978130,137164,134466,12152,146618,2094
2021-10-23,Glenn,021,27897,3441,3399,990,4389,33
2021-10-23,Humboldt,023,135768,8887,8753,548,9301,105
2021-10-23,Imperial,025,180216,33171,32777,3259,36036,766
2021-10-23,Inyo,027,18085,2230,2108,56,2164,41
2021-10-23,Kern,029,883053,125328,122939,21596,144535,1636
2021-10-23,Kings,031,150075,31637,30942,1949,32891,325
2021-10-23,Lake,033,64148,6629,6501,143,6644,105
2021-10-23,Lassen,035,31185,6756,6632,365,6997,27
2021-10-23,Los Angeles,037,10098052,1427003,1415919,54695,1470614,26527
2021-10-23,Madera,039,155013,22593,22062,2030,24092,281
2021-10-23,Marin,041,260295,17393,17264,458,17722,244
2021-10-23,Mariposa,043,17540,1237,1184,43,1227,5
2021-10-23,Mendocino,045,87422,7347,7220,467,7687,82
2021-10-23,Merced,047,269075,41384,40808,1737,42545,581
2021-10-23,Modoc,049,8938,519,507,185,692,5
2021-10-23,Mono,051,14174,1675,1655,19,1674,3
2021-10-23,Monterey,053,433212,47711,47456,3553,51009,586
2021-10-23,Napa,055,140530,12888,12789,105,12894,100
2021-10-23,Nevada,057,99092,9032,8861,323,9184,90
2021-10-23,Orange,059,3164182,305360,302237,14972,317209,5546
2021-10-23,Placer,061,380077,36478,35822,3638,39460,426
2021-10-23,Plumas,063,18699,1704,1623,38,1661,7
2021-10-23,Riverside,065,2383286,358179,354688,16519,371207,5041
2021-10-23,Sacramento,067,1510023,156945,155125,4591,159716,2232
2021-10-23,San Benito,069,59416,7324,7280,176,7456,71
2021-10-23,San Bernardino,071,2135413,350711,347681,11231,358912,5688
2021-10-23,San Diego,073,3302833,370315,366085,21387,387472,4183
2021-10-23,San Francisco,075,870044,52229,51820,2579,54399,649
2021-10-23,San Joaquin,077,732212,98584,97440,5455,102895,1721
2021-10-23,San Luis Obispo,079,281455,29120,28755,1219,29974,333
2021-10-23,San Mateo,081,765935,53081,52719,1506,54225,571
2021-10-23,Santa Barbara,083,443738,44408,43552,1633,45185,523
2021-10-23,Santa Clara,085,1922200,145674,144276,1327,145603,1897
2021-10-23,Santa Cruz,087,273765,20164,19967,1048,21015,221
2021-10-23,Shasta,089,179085,20933,20386,3595,23981,321
2021-10-23,Sierra,091,2930,179,168,22,190,0
2021-10-23,Siskiyou,093,43540,3294,3231,1284,4515,46
2021-10-23,Solano,095,438530,45571,44861,1205,46066,341
2021-10-23,Sonoma,097,501317,40957,40476,524,41000,393
2021-10-23,Stanislaus,099,539301,77944,76812,8869,85681,1145
2021-10-23,Sutter,101,95872,13783,13616,336,13952,175
2021-10-23,Tehama,103,63373,8287,8105,1474,9579,110
2021-10-23,Trinity,105,12862,807,696,202,898,11
2021-10-23,Tulare,107,460477,67069,65585,14927,80512,978
2021-10-23,Tuolumne,109,53932,7057,6840,85,6925,90
2021-10-23,Ventura,111,848112,97359,96664,4334,100998,1167
2021-10-23,Yolo,113,214977,19553,19280,1119,20399,248
2021-10-23,Yuba,115,75493,9981,9838,303,10141,82
2021-10-22,Alameda,001,1643700,118678,117816,2884,120700,1397
2021-10-22,Alpine,003,1148,105,105,0,105,0
2021-10-22,Amador,005,37829,5488,5412,59,5471,64
2021-10-22,Butte,007,227075,20516,20101,3734,23835,273
2021-10-22,Calaveras,009,45235,3956,3865,50,3915,81
2021-10-22,Colusa,011,21464,2496,2458,632,3090,18
2021-10-22,Contra Costa,013,1133247,98464,97855,2169,100024,1008
2021-10-22,Del Norte,015,27424,3645,3540,54,3594,42
2021-10-22,El Dorado,017,186661,15793,15540,1685,17225,149
2021-10-22,Fresno,019,978130,136951,134466,12147,146613,2094
2021-10-22,Glenn,021,27897,3430,3399,990,4389,33
2021-10-22,Humboldt,023,135768,8874,8753,547,9300,105
2021-10-22,Imperial,025,180216,33128,32777,3259,36036,766
2021-10-22,Inyo,027,18085,2217,2108,56,2164,41
2021-10-22,Kern,029,883053,125141,122939,21523,144462,1636
2021-10-22,Kings,031,150075,31602,30942,1948,32890,325
2021-10-22,Lake,033,64148,6619,6501,143,6644,105
2021-10-22,Lassen,035,31185,6749,6632,362,6994,27
2021-10-22,Los Angeles,037,10098052,1426254,1415919,54636,1470555,26527
2021-10-22,Madera,039,155013,22544,22062,2017,24079,281
2021-10-22,Marin,041,260295,17381,17264,458,17722,244
2021-10-22,Mariposa,043,17540,1234,1184,43,1227,5
2021-10-22,Mendocino,045,87422,7333,7220,466,7686,82
2021-10-22,Merced,047,269075,41345,40808,1732,42540,581
2021-10-22,Modoc,049,8938,519,507,185,692,5
2021-10-22,Mono,051,14174,1675,1655,19,1674,3
2021-10-22,Monterey,053,433212,47689,47456,3539,50995,586
2021-10-22,Napa,055,140530,12882,12789,105,12894,100
2021-10-22,Nevada,057,99092,9015,8861,322,9183,90
2021-10-22,Orange,059,3164182,305143,302237,14946,317183,5546
2021-10-22,Placer,061,380077,36450,35822,3629,39451,426
2021-10-22,Plumas,063,18699,1698,1623,38,1661,7
2021-10-22,Riverside,065,2383286,357868,354688,16514,371202,5041
2021-10-22,Sacramento,067,1510023,156758,155125,4581,159706,2232
2021-10-22,San Benito,069,59416,7319,7280,176,7456,71
2021-10-22,San Bernardino,071,2135413,350385,347681,11217,358898,5688
2021-10-22,San Diego,073,3302833,369903,366085,21368,387453,4183
2021-10-22,San Francisco,075,870044,52197,51820,2572,54392,649
2021-10-22,San Joaquin,077,732212,98525,97440,5452,102892,1721
2021-10-22,San Luis Obispo,079,281455,29090,28755,1219,29974,333
2021-10-22,San Mateo,081,765935,53036,52719,1494,54213,571
2021-10-22,Santa Barbara,083,443738,44368,43552,1633,45185,523
2021-10-22,Santa Clara,085,1922200,145519,144276,1319,145595,1897
2021-10-22,Santa Cruz,087,273765,20142,19967,1048,21015,221
2021-10-22,Shasta,089,179085,20901,20386,3592,23978,321
2021-10-22,Sierra,091,2930,178,168,21,189,0
2021-10-22,Siskiyou,093,43540,3292,3231,1281,4512,46
2021-10-22,Solano,095,438530,45536,44861,1201,46062,341
2021-10-22,Sonoma,097,501317,40900,40476,524,41000,393
2021-10-22,Stanislaus,099,539301,77841,76812,8850,85662,1145
2021-10-22,Sutter,101,95872,13768,13616,336,13952,175
2021-10-22,Tehama,103,63373,8266,8105,1469,9574,110
2021-10-22,Trinity,105,12862,806,696,202,898,11
2021-10-22,Tulare,107,460477,66986,65585,14872,80457,978
2021-10-22,Tuolumne,109,53932,7022,6840,85,6925,90
2021-10-22,Ventura,111,848112,97307,96664,4327,100991,1167
2021-10-22,Yolo,113,214977,19526,19280,1117,20397,248
2021-10-22,Yuba,115,75493,9967,9838,301,10139,82
2021-10-21,Alameda,001,1643700,118564,117816,2879,120695,1397
2021-10-21,Alpine,003,1148,105,105,0,105,0
2021-10-21,Amador,005,37829,5480,5412,59,5471,64
2021-10-21,Butte,007,227075,20433,20101,3721,23822,273
2021-10-21,Calaveras,009,45235,3937,3865,50,3915,81
2021-10-21,Colusa,011,21464,2492,2458,625,3083,18
2021-10-21,Contra Costa,013,1133247,98350,97855,2163,100018,1008
2021-10-21,Del Norte,015,27424,3639,3540,53,3593,42
2021-10-21,El Dorado,017,186661,15765,15540,1678,17218,149
2021-10-21,Fresno,019,978130,136603,134466,12110,146576,2094
2021-10-21,Glenn,021,27897,3426,3399,986,4385,33
2021-10-21,Humboldt,023,135768,8859,8753,543,9296,105
2021-10-21,Imperial,025,180216,33073,32777,3254,36031,766
2021-10-21,Inyo,027,18085,2195,2108,56,2164,41
2021-10-21,Kern,029,883053,124894,122939,21410,144349,1636
2021-10-21,Kings,031,150075,31503,30942,1942,32884,325
2021-10-21,Lake,033,64148,6606,6501,143,6644,105
2021-10-21,Lassen,035,31185,6736,6632,358,6990,27
2021-10-21,Los Angeles,037,10098052,1425144,1415919,54586,1470505,26527
2021-10-21,Madera,039,155013,22486,22062,2007,24069,281
2021-10-21,Marin,041,260295,17363,17264,458,17722,244
2021-10-21,Mariposa,043,17540,1228,1184,42,1226,5
2021-10-21,Mendocino,045,87422,7315,7220,458,7678,82
2021-10-21,Merced,047,269075,41243,40808,1725,42533,581
2021-10-21,Modoc,049,8938,519,507,185,692,5
2021-10-21,Mono,051,14174,1667,1655,19,1674,3
2021-10-21,Monterey,053,433212,47662,47456,3520,50976,586
2021-10-21,Napa,055,140530,12870,12789,105,12894,100
2021-10-21,Nevada,057,99092,8990,8861,322,9183,90
2021-10-21,Orange,059,3164182,304867,302237,14913,317150,5546
2021-10-21,Placer,061,380077,36362,35822,3616,39438,426
2021-10-21,Plumas,063,18699,1684,1623,38,1661,7
2021-10-21,Riverside,065,2383286,357424,354688,16502,371190,5041
2021-10-21,Sacramento,067,1510023,156438,155125,4555,159680,2232
2021-10-21,San Benito,069,59416,7312,7280,174,7454,71
2021-10-21,San Bernardino,071,2135413,350007,347681,11182,358863,5688
2021-10-21,San Diego,073,3302833,369381,366085,21335,387420,4183
2021-10-21,San Francisco,075,870044,52142,51820,2571,54391,649
2021-10-21,San Joaquin,077,732212,98386,97440,5445,102885,1721
2021-10-21,San Luis Obispo,079,281455,29048,28755,1217,29972,333
2021-10-21,San Mateo,081,765935,52993,52719,1491,54210,571
2021-10-21,Santa Barbara,083,443738,44303,43552,1631,45183,523
2021-10-21,Santa Clara,085,1922200,145346,144276,1315,145591,1897
2021-10-21,Santa Cruz,087,273765,20118,19967,1046,21013,221
2021-10-21,Shasta,089,179085,20839,20386,3577,23963,321
2021-10-21,Sierra,091,2930,177,168,20,188,0
2021-10-21,Siskiyou,093,43540,3287,3231,1279,4510,46
2021-10-21,Solano,095,438530,45485,44861,1199,46060,341
2021-10-21,Sonoma,097,501317,40831,40476,522,40998,393
2021-10-21,Stanislaus,099,539301,77672,76812,8839,85651,1145
2021-10-21,Sutter,101,95872,13740,13616,332,13948,175
2021-10-21,Tehama,103,63373,8238,8105,1462,9567,110
2021-10-21,Trinity,105,12862,804,696,202,898,11
2021-10-21,Tulare,107,460477,66799,65585,14799,80384,978
2021-10-21,Tuolumne,109,53932,6985,6840,84,6924,90
2021-10-21,Ventura,111,848112,97215,96664,4326,100990,1167
2021-10-21,Yolo,113,214977,19481,19280,1115,20395,248
2021-10-21,Yuba,115,75493,9943,9838,300,10138,82
2021-10-20,Alameda,001,1643700,118444,117654,2877,120531,1390
2021-10-20,Alpine,003,1148,105,103,0,103,0
2021-10-20,Amador,005,37829,5472,5379,59,5438,64
2021-10-20,Butte,007,227075,20379,20021,3706,23727,270
2021-10-20,Calaveras,009,45235,3916,3844,49,3893,81
2021-10-20,Colusa,011,21464,2488,2454,623,3077,18
2021-10-20,Contra Costa,013,1133247,98240,97721,2157,99878,1008
2021-10-20,Del Norte,015,27424,3635,3536,53,3589,42
2021-10-20,El Dorado,017,186661,15735,15502,1674,17176,149
2021-10-20,Fresno,019,978130,136205,134025,12086,146111,2084
2021-10-20,Glenn,021,27897,3419,3382,984,4366,33
2021-10-20,Humboldt,023,135768,8837,8727,541,9268,105
2021-10-20,Imperial,025,180216,32999,32705,3245,35950,766
2021-10-20,Inyo,027,18085,2175,2077,55,2132,40
2021-10-20,Kern,029,883053,124601,122630,21289,143919,1623
2021-10-20,Kings,031,150075,31428,30805,1932,32737,322
2021-10-20,Lake,033,64148,6584,6475,143,6618,104
2021-10-20,Lassen,035,31185,6721,6622,358,6980,27
2021-10-20,Los Angeles,037,10098052,1424037,1414931,54507,1469438,26506
2021-10-20,Madera,039,155013,22416,21983,1998,23981,281
2021-10-20,Marin,041,260295,17342,17250,456,17706,244
2021-10-20,Mariposa,043,17540,1221,1174,42,1216,5
2021-10-20,Mendocino,045,87422,7288,7189,455,7644,82
2021-10-20,Merced,047,269075,41156,40685,1714,42399,581
2021-10-20,Modoc,049,8938,519,504,185,689,5
2021-10-20,Mono,051,14174,1666,1653,19,1672,3
2021-10-20,Monterey,053,433212,47639,47430,3506,50936,587
2021-10-20,Napa,055,140530,12857,12773,104,12877,100
2021-10-20,Nevada,057,99092,8962,8836,322,9158,90
2021-10-20,Orange,059,3164182,304587,301957,14892,316849,5534
2021-10-20,Placer,061,380077,36273,35729,3607,39336,425
2021-10-20,Plumas,063,18699,1677,1604,38,1642,7
2021-10-20,Riverside,065,2383286,356981,354311,16484,370795,5030
2021-10-20,Sacramento,067,1510023,156139,154822,4531,159353,2222
2021-10-20,San Benito,069,59416,7309,7275,172,7447,71
2021-10-20,San Bernardino,071,2135413,349611,347217,11151,358368,5663
2021-10-20,San Diego,073,3302833,368869,365698,21311,387009,4178
2021-10-20,San Francisco,075,870044,52096,51755,2566,54321,646
2021-10-20,San Joaquin,077,732212,98239,97246,5437,102683,1721
2021-10-20,San Luis Obispo,079,281455,29004,28727,1213,29940,332
2021-10-20,San Mateo,081,765935,52931,52663,1473,54136,571
2021-10-20,Santa Barbara,083,443738,44243,43489,1630,45119,523
2021-10-20,Santa Clara,085,1922200,145210,144124,1310,145434,1896
2021-10-20,Santa Cruz,087,273765,20105,19951,1046,20997,219
2021-10-20,Shasta,089,179085,20778,20313,3550,23863,320
2021-10-20,Sierra,091,2930,177,168,20,188,0
2021-10-20,Siskiyou,093,43540,3287,3224,1273,4497,46
2021-10-20,Solano,095,438530,45453,44819,1197,46016,341
2021-10-20,Sonoma,097,501317,40785,40404,522,40926,393
2021-10-20,Stanislaus,099,539301,77522,76631,8820,85451,1145
2021-10-20,Sutter,101,95872,13716,13592,326,13918,175
2021-10-20,Tehama,103,63373,8207,8081,1451,9532,110
2021-10-20,Trinity,105,12862,804,693,201,894,11
2021-10-20,Tulare,107,460477,66625,65413,14753,80166,967
2021-10-20,Tuolumne,109,53932,6964,6803,84,6887,89
2021-10-20,Ventura,111,848112,97125,96610,4323,100933,1166
2021-10-20,Yolo,113,214977,19437,19236,1113,20349,248
2021-10-20,Yuba,115,75493,9926,9808,297,10105,82
2021-10-19,Alameda,001,1643700,118333,117542,2871,120413,1383
2021-10-19,Alpine,003,1148,105,103,0,103,0
2021-10-19,Amador,005,37829,5456,5367,59,5426,64
2021-10-19,Butte,007,227075,20325,19974,3698,23672,268
2021-10-19,Calaveras,009,45235,3899,3826,48,3874,80
2021-10-19,Colusa,011,21464,2485,2447,621,3068,18
2021-10-19,Contra Costa,013,1133247,98150,97613,2151,99764,1004
2021-10-19,Del Norte,015,27424,3628,3531,53,3584,42
2021-10-19,El Dorado,017,186661,15710,15478,1669,17147,149
2021-10-19,Fresno,019,978130,135848,133813,12053,145866,2073
2021-10-19,Glenn,021,27897,3418,3380,980,4360,33
2021-10-19,Humboldt,023,135768,8813,8714,535,9249,105
2021-10-19,Imperial,025,180216,32931,32632,3241,35873,764
2021-10-19,Inyo,027,18085,2144,2045,55,2100,40
2021-10-19,Kern,029,883053,124282,122391,21164,143555,1613
2021-10-19,Kings,031,150075,31333,30757,1925,32682,322
2021-10-19,Lake,033,64148,6580,6465,143,6608,104
2021-10-19,Lassen,035,31185,6715,6612,353,6965,27
2021-10-19,Los Angeles,037,10098052,1422802,1413882,54429,1468311,26473
2021-10-19,Madera,039,155013,22353,21950,1990,23940,281
2021-10-19,Marin,041,260295,17328,17241,453,17694,244
2021-10-19,Mariposa,043,17540,1215,1171,40,1211,5
2021-10-19,Mendocino,045,87422,7273,7172,452,7624,82
2021-10-19,Merced,047,269075,41040,40628,1694,42322,580
2021-10-19,Modoc,049,8938,517,502,185,687,5
2021-10-19,Mono,051,14174,1660,1651,19,1670,3
2021-10-19,Monterey,053,433212,47610,47412,3486,50898,583
2021-10-19,Napa,055,140530,12850,12769,104,12873,100
2021-10-19,Nevada,057,99092,8941,8829,321,9150,90
2021-10-19,Orange,059,3164182,304334,301700,14862,316562,5527
2021-10-19,Placer,061,380077,36152,35663,3592,39255,422
2021-10-19,Plumas,063,18699,1659,1586,38,1624,8
2021-10-19,Riverside,065,2383286,356560,353891,16476,370367,5020
2021-10-19,Sacramento,067,1510023,155831,154570,4503,159073,2227
2021-10-19,San Benito,069,59416,7293,7264,172,7436,71
2021-10-19,San Bernardino,071,2135413,349215,346814,11121,357935,5627
2021-10-19,San Diego,073,3302833,368278,365285,21278,386563,4170
2021-10-19,San Francisco,075,870044,52036,51704,2563,54267,645
2021-10-19,San Joaquin,077,732212,98073,97105,5425,102530,1721
2021-10-19,San Luis Obispo,079,281455,28957,28670,1210,29880,332
2021-10-19,San Mateo,081,765935,52879,52617,1465,54082,571
2021-10-19,Santa Barbara,083,443738,44176,43413,1628,45041,522
2021-10-19,Santa Clara,085,1922200,145037,143989,1301,145290,1898
2021-10-19,Santa Cruz,087,273765,20081,19895,1044,20939,218
2021-10-19,Shasta,089,179085,20701,20209,3542,23751,319
2021-10-19,Sierra,091,2930,174,168,20,188,0
2021-10-19,Siskiyou,093,43540,3283,3216,1268,4484,46
2021-10-19,Solano,095,438530,45410,44782,1193,45975,341
2021-10-19,Sonoma,097,501317,40711,40379,521,40900,392
2021-10-19,Stanislaus,099,539301,77383,76526,8806,85332,1145
2021-10-19,Sutter,101,95872,13692,13569,325,13894,174
2021-10-19,Tehama,103,63373,8177,8057,1435,9492,108
2021-10-19,Trinity,105,12862,797,691,200,891,11
2021-10-19,Tulare,107,460477,66442,65253,14685,79938,958
2021-10-19,Tuolumne,109,53932,6936,6782,83,6865,89
2021-10-19,Ventura,111,848112,97045,96539,4319,100858,1166
2021-10-19,Yolo,113,214977,19394,19206,1108,20314,248
2021-10-19,Yuba,115,75493,9908,9796,296,10092,82
2021-10-18,Alameda,001,1643700,118199,117506,2862,120368,1381
2021-10-18,Alpine,003,1148,105,103,0,103,0
2021-10-18,Amador,005,37829,5445,5345,59,5404,64
2021-10-18,Butte,007,227075,20275,19921,3690,23611,265
2021-10-18,Calaveras,009,45235,3874,3819,47,3866,80
2021-10-18,Colusa,011,21464,2484,2444,619,3063,18
2021-10-18,Contra Costa,013,1133247,98039,97585,2148,99733,995
2021-10-18,Del Norte,015,27424,3621,3529,53,3582,41
2021-10-18,El Dorado,017,186661,15679,15452,1666,17118,149
2021-10-18,Fresno,019,978130,135453,133688,12018,145706,2063
2021-10-18,Glenn,021,27897,3412,3370,974,4344,32
2021-10-18,Humboldt,023,135768,8795,8699,526,9225,104
2021-10-18,Imperial,025,180216,32840,32558,3241,35799,764
2021-10-18,Inyo,027,18085,2126,2020,55,2075,40
2021-10-18,Kern,029,883053,123981,122231,21066,143297,1605
2021-10-18,Kings,031,150075,31217,30698,1912,32610,320
2021-10-18,Lake,033,64148,6561,6455,141,6596,104
2021-10-18,Lassen,035,31185,6695,6607,350,6957,26
2021-10-18,Los Angeles,037,10098052,1421567,1413291,54350,1467641,26446
2021-10-18,Madera,039,155013,22299,21909,1978,23887,277
2021-10-18,Marin,041,260295,17308,17232,450,17682,244
2021-10-18,Mariposa,043,17540,1207,1160,40,1200,5
2021-10-18,Mendocino,045,87422,7254,7156,443,7599,82
2021-10-18,Merced,047,269075,40916,40573,1684,42257,579
2021-10-18,Modoc,049,8938,517,498,185,683,5
2021-10-18,Mono,051,14174,1649,1648,18,1666,3
2021-10-18,Monterey,053,433212,47593,47389,3476,50865,583
2021-10-18,Napa,055,140530,12835,12762,104,12866,100
2021-10-18,Nevada,057,99092,8922,8816,321,9137,90
2021-10-18,Orange,059,3164182,303996,301573,14827,316400,5524
2021-10-18,Placer,061,380077,36074,35598,3588,39186,420
2021-10-18,Plumas,063,18699,1651,1579,38,1617,6
2021-10-18,Riverside,065,2383286,356145,353699,16462,370161,5008
2021-10-18,Sacramento,067,1510023,155526,154428,4471,158899,2203
2021-10-18,San Benito,069,59416,7281,7253,171,7424,71
2021-10-18,San Bernardino,071,2135413,348796,346742,11107,357849,5606
2021-10-18,San Diego,073,3302833,367715,364948,21236,386184,4169
2021-10-18,San Francisco,075,870044,51974,51671,2556,54227,644
2021-10-18,San Joaquin,077,732212,97906,97041,5415,102456,1721
2021-10-18,San Luis Obispo,079,281455,28918,28644,1207,29851,331
2021-10-18,San Mateo,081,765935,52818,52594,1463,54057,571
2021-10-18,Santa Barbara,083,443738,44119,43386,1626,45012,522
2021-10-18,Santa Clara,085,1922200,144881,143891,1292,145183,1895
2021-10-18,Santa Cruz,087,273765,20067,19876,1042,20918,218
2021-10-18,Shasta,089,179085,20620,20146,3530,23676,313
2021-10-18,Sierra,091,2930,174,166,20,186,0
2021-10-18,Siskiyou,093,43540,3280,3210,1260,4470,42
2021-10-18,Solano,095,438530,45366,44758,1191,45949,339
2021-10-18,Sonoma,097,501317,40648,40349,517,40866,392
2021-10-18,Stanislaus,099,539301,77218,76466,8793,85259,1145
2021-10-18,Sutter,101,95872,13658,13557,323,13880,172
2021-10-18,Tehama,103,63373,8143,8042,1423,9465,107
2021-10-18,Trinity,105,12862,796,688,200,888,11
2021-10-18,Tulare,107,460477,66267,65171,14621,79792,958
2021-10-18,Tuolumne,109,53932,6907,6755,83,6838,89
2021-10-18,Ventura,111,848112,96953,96506,4317,100823,1165
2021-10-18,Yolo,113,214977,19357,19197,1105,20302,248
2021-10-18,Yuba,115,75493,9882,9782,293,10075,82
2021-10-17,Alameda,001,1643700,118051,117423,2857,120280,1376
2021-10-17,Alpine,003,1148,105,103,0,103,0
2021-10-17,Amador,005,37829,5422,5341,59,5400,64
2021-10-17,Butte,007,227075,20189,19897,3681,23578,265
2021-10-17,Calaveras,009,45235,3858,3805,47,3852,80
2021-10-17,Colusa,011,21464,2479,2442,612,3054,18
2021-10-17,Contra Costa,013,1133247,97916,97485,2137,99622,995
2021-10-17,Del Norte,015,27424,3616,3526,53,3579,41
2021-10-17,El Dorado,017,186661,15621,15438,1659,17097,149
2021-10-17,Fresno,019,978130,134987,133429,11986,145415,2063
2021-10-17,Glenn,021,27897,3396,3364,972,4336,32
2021-10-17,Humboldt,023,135768,8775,8690,523,9213,104
2021-10-17,Imperial,025,180216,32758,32520,3235,35755,764
2021-10-17,Inyo,027,18085,2098,2000,55,2055,40
2021-10-17,Kern,029,883053,123633,122085,20968,143053,1603
2021-10-17,Kings,031,150075,31103,30636,1902,32538,315
2021-10-17,Lake,033,64148,6545,6437,140,6577,104
2021-10-17,Lassen,035,31185,6683,6605,345,6950,26
2021-10-17,Los Angeles,037,10098052,1420232,1412371,54272,1466643,26443
2021-10-17,Madera,039,155013,22237,21869,1968,23837,277
2021-10-17,Marin,041,260295,17286,17211,450,17661,243
2021-10-17,Mariposa,043,17540,1200,1150,40,1190,5
2021-10-17,Mendocino,045,87422,7226,7148,436,7584,82
2021-10-17,Merced,047,269075,40789,40531,1670,42201,579
2021-10-17,Modoc,049,8938,514,498,183,681,5
2021-10-17,Mono,051,14174,1648,1640,17,1657,3
2021-10-17,Monterey,053,433212,47561,47369,3456,50825,583
2021-10-17,Napa,055,140530,12820,12753,101,12854,100
2021-10-17,Nevada,057,99092,8905,8794,320,9114,90
2021-10-17,Orange,059,3164182,303683,301414,14796,316210,5524
2021-10-17,Placer,061,380077,35973,35559,3573,39132,420
2021-10-17,Plumas,063,18699,1628,1571,35,1606,6
2021-10-17,Riverside,065,2383286,355662,353500,16448,369948,5008
2021-10-17,Sacramento,067,1510023,155125,154080,4452,158532,2213
2021-10-17,San Benito,069,59416,7272,7250,170,7420,71
2021-10-17,San Bernardino,071,2135413,348367,346524,11086,357610,5597
2021-10-17,San Diego,073,3302833,367108,364675,21207,385882,4163
2021-10-17,San Francisco,075,870044,51901,51625,2546,54171,644
2021-10-17,San Joaquin,077,732212,97733,96950,5406,102356,1721
2021-10-17,San Luis Obispo,079,281455,28867,28604,1199,29803,331
2021-10-17,San Mateo,081,765935,52775,52541,1451,53992,571
2021-10-17,Santa Barbara,083,443738,44057,43344,1625,44969,522
2021-10-17,Santa Clara,085,1922200,144706,143768,1282,145050,1895
2021-10-17,Santa Cruz,087,273765,20039,19861,1040,20901,218
2021-10-17,Shasta,089,179085,20530,20116,3519,23635,312
2021-10-17,Sierra,091,2930,172,165,20,185,0
2021-10-17,Siskiyou,093,43540,3272,3204,1257,4461,42
2021-10-17,Solano,095,438530,45309,44722,1190,45912,340
2021-10-17,Sonoma,097,501317,40572,40306,517,40823,392
2021-10-17,Stanislaus,099,539301,77020,76354,8779,85133,1145
2021-10-17,Sutter,101,95872,13641,13543,321,13864,172
2021-10-17,Tehama,103,63373,8111,8015,1406,9421,107
2021-10-17,Trinity,105,12862,793,686,199,885,11
2021-10-17,Tulare,107,460477,66084,65057,14546,79603,958
2021-10-17,Tuolumne,109,53932,6873,6735,82,6817,89
2021-10-17,Ventura,111,848112,96858,96458,4314,100772,1165
2021-10-17,Yolo,113,214977,19317,19171,1095,20266,248
2021-10-17,Yuba,115,75493,9856,9771,291,10062,82
2021-10-16,Alameda,001,1643700,117964,117027,2856,119883,1365
2021-10-16,Alpine,003,1148,104,102,0,102,0
2021-10-16,Amador,005,37829,5415,5310,59,5369,64
2021-10-16,Butte,007,227075,20158,19612,3674,23286,260
2021-10-16,Calaveras,009,45235,3851,3771,47,3818,80
2021-10-16,Colusa,011,21464,2475,2431,609,3040,18
2021-10-16,Contra Costa,013,1133247,97825,97107,2130,99237,982
2021-10-16,Del Norte,015,27424,3613,3516,53,3569,41
2021-10-16,El Dorado,017,186661,15599,15315,1657,16972,149
2021-10-16,Fresno,019,978130,134838,132433,11979,144412,2051
2021-10-16,Glenn,021,27897,3393,3331,972,4303,26
2021-10-16,Humboldt,023,135768,8762,8621,518,9139,104
2021-10-16,Imperial,025,180216,32743,32368,3233,35601,764
2021-10-16,Inyo,027,18085,2084,1932,55,1987,39
2021-10-16,Kern,029,883053,123479,121354,20883,142237,1590
2021-10-16,Kings,031,150075,31055,30418,1899,32317,314
2021-10-16,Lake,033,64148,6534,6378,140,6518,104
2021-10-16,Lassen,035,31185,6675,6559,340,6899,26
2021-10-16,Los Angeles,037,10098052,1419585,1409418,54217,1463635,26398
2021-10-16,Madera,039,155013,22193,21707,1965,23672,277
2021-10-16,Marin,041,260295,17277,17148,450,17598,243
2021-10-16,Mariposa,043,17540,1197,1096,40,1136,5
2021-10-16,Mendocino,045,87422,7216,7099,436,7535,82
2021-10-16,Merced,047,269075,40756,40265,1669,41934,577
2021-10-16,Modoc,049,8938,511,492,183,675,5
2021-10-16,Mono,051,14174,1647,1628,17,1645,3
2021-10-16,Monterey,053,433212,47547,47293,3445,50738,582
2021-10-16,Napa,055,140530,12809,12706,101,12807,100
2021-10-16,Nevada,057,99092,8885,8739,320,9059,90
2021-10-16,Orange,059,3164182,303506,300722,14773,315495,5509
2021-10-16,Placer,061,380077,35888,35343,3567,38910,412
2021-10-16,Plumas,063,18699,1623,1542,34,1576,6
2021-10-16,Riverside,065,2383286,355394,352435,16436,368871,4990
2021-10-16,Sacramento,067,1510023,154926,153264,4448,157712,2192
2021-10-16,San Benito,069,59416,7259,7210,169,7379,71
2021-10-16,San Bernardino,071,2135413,348162,345418,11079,356497,5566
2021-10-16,San Diego,073,3302833,366785,363109,21191,384300,4151
2021-10-16,San Francisco,075,870044,51853,51436,2541,53977,645
2021-10-16,San Joaquin,077,732212,97662,96507,5403,101910,1708
2021-10-16,San Luis Obispo,079,281455,28841,28460,1198,29658,329
2021-10-16,San Mateo,081,765935,52732,52399,1445,53844,569
2021-10-16,Santa Barbara,083,443738,44021,43175,1624,44799,521
2021-10-16,Santa Clara,085,1922200,144605,143282,1274,144556,1890
2021-10-16,Santa Cruz,087,273765,20024,19794,1039,20833,218
2021-10-16,Shasta,089,179085,20481,19932,3507,23439,309
2021-10-16,Sierra,091,2930,170,160,20,180,0
2021-10-16,Siskiyou,093,43540,3270,3173,1250,4423,42
2021-10-16,Solano,095,438530,45283,44585,1186,45771,334
2021-10-16,Sonoma,097,501317,40532,40195,517,40712,390
2021-10-16,Stanislaus,099,539301,76934,75868,8770,84638,1142
2021-10-16,Sutter,101,95872,13622,13471,320,13791,169
2021-10-16,Tehama,103,63373,8097,7907,1401,9308,104
2021-10-16,Trinity,105,12862,793,679,199,878,11
2021-10-16,Tulare,107,460477,65950,64489,14512,79001,951
2021-10-16,Tuolumne,109,53932,6841,6666,82,6748,89
2021-10-16,Ventura,111,848112,96830,96181,4309,100490,1164
2021-10-16,Yolo,113,214977,19290,19078,1089,20167,247
2021-10-16,Yuba,115,75493,9833,9705,287,9992,82
2021-10-15,Alameda,001,1643700,117893,117027,2852,119879,1365
2021-10-15,Alpine,003,1148,104,102,0,102,0
2021-10-15,Amador,005,37829,5391,5310,59,5369,64
2021-10-15,Butte,007,227075,20122,19612,3667,23279,260
2021-10-15,Calaveras,009,45235,3845,3771,47,3818,80
2021-10-15,Colusa,011,21464,2473,2431,606,3037,18
2021-10-15,Contra Costa,013,1133247,97744,97107,2126,99233,982
2021-10-15,Del Norte,015,27424,3611,3516,53,3569,41
2021-10-15,El Dorado,017,186661,15579,15315,1652,16967,149
2021-10-15,Fresno,019,978130,134586,132433,11973,144406,2051
2021-10-15,Glenn,021,27897,3389,3331,971,4302,26
2021-10-15,Humboldt,023,135768,8753,8621,516,9137,104
2021-10-15,Imperial,025,180216,32696,32368,3229,35597,764
2021-10-15,Inyo,027,18085,2066,1932,55,1987,39
2021-10-15,Kern,029,883053,123344,121354,20809,142163,1590
2021-10-15,Kings,031,150075,30999,30418,1895,32313,314
2021-10-15,Lake,033,64148,6525,6378,140,6518,104
2021-10-15,Lassen,035,31185,6663,6559,339,6898,26
2021-10-15,Los Angeles,037,10098052,1418896,1409418,54168,1463586,26398
2021-10-15,Madera,039,155013,22149,21707,1957,23664,277
2021-10-15,Marin,041,260295,17266,17148,450,17598,243
2021-10-15,Mariposa,043,17540,1189,1096,40,1136,5
2021-10-15,Mendocino,045,87422,7201,7099,436,7535,82
2021-10-15,Merced,047,269075,40726,40265,1666,41931,577
2021-10-15,Modoc,049,8938,510,492,183,675,5
2021-10-15,Mono,051,14174,1646,1628,17,1645,3
2021-10-15,Monterey,053,433212,47527,47293,3441,50734,582
2021-10-15,Napa,055,140530,12805,12706,101,12807,100
2021-10-15,Nevada,057,99092,8870,8739,320,9059,90
2021-10-15,Orange,059,3164182,303337,300722,14756,315478,5509
2021-10-15,Placer,061,380077,35834,35343,3561,38904,412
2021-10-15,Plumas,063,18699,1615,1542,34,1576,6
2021-10-15,Riverside,065,2383286,355152,352435,16431,368866,4990
2021-10-15,Sacramento,067,1510023,154741,153264,4438,157702,2192
2021-10-15,San Benito,069,59416,7256,7210,169,7379,71
2021-10-15,San Bernardino,071,2135413,347927,345418,11077,356495,5566
2021-10-15,San Diego,073,3302833,366421,363109,21166,384275,4151
2021-10-15,San Francisco,075,870044,51815,51436,2533,53969,645
2021-10-15,San Joaquin,077,732212,97585,96507,5396,101903,1708
2021-10-15,San Luis Obispo,079,281455,28820,28460,1196,29656,329
2021-10-15,San Mateo,081,765935,52695,52399,1438,53837,569
2021-10-15,Santa Barbara,083,443738,43985,43175,1624,44799,521
2021-10-15,Santa Clara,085,1922200,144484,143282,1265,144547,1890
2021-10-15,Santa Cruz,087,273765,20013,19794,1039,20833,218
2021-10-15,Shasta,089,179085,20424,19932,3499,23431,309
2021-10-15,Sierra,091,2930,169,160,20,180,0
2021-10-15,Siskiyou,093,43540,3269,3173,1247,4420,42
2021-10-15,Solano,095,438530,45257,44585,1186,45771,334
2021-10-15,Sonoma,097,501317,40498,40195,516,40711,390
2021-10-15,Stanislaus,099,539301,76854,75868,8754,84622,1142
2021-10-15,Sutter,101,95872,13605,13471,318,13789,169
2021-10-15,Tehama,103,63373,8075,7907,1395,9302,104
2021-10-15,Trinity,105,12862,793,679,199,878,11
2021-10-15,Tulare,107,460477,65871,64489,14475,78964,951
2021-10-15,Tuolumne,109,53932,6818,6666,80,6746,89
2021-10-15,Ventura,111,848112,96789,96181,4305,100486,1164
2021-10-15,Yolo,113,214977,19276,19078,1085,20163,247
2021-10-15,Yuba,115,75493,9823,9705,286,9991,82
2021-10-14,Alameda,001,1643700,117787,117027,2846,119873,1365
2021-10-14,Alpine,003,1148,104,102,0,102,0
2021-10-14,Amador,005,37829,5380,5310,59,5369,64
2021-10-14,Butte,007,227075,20070,19612,3662,23274,260
2021-10-14,Calaveras,009,45235,3832,3771,46,3817,80
2021-10-14,Colusa,011,21464,2471,2431,604,3035,18
2021-10-14,Contra Costa,013,1133247,97610,97107,2119,99226,982
2021-10-14,Del Norte,015,27424,3605,3516,53,3569,41
2021-10-14,El Dorado,017,186661,15540,15315,1649,16964,149
2021-10-14,Fresno,019,978130,134293,132433,11952,144385,2051
2021-10-14,Glenn,021,27897,3386,3331,970,4301,26
2021-10-14,Humboldt,023,135768,8735,8621,513,9134,104
2021-10-14,Imperial,025,180216,32632,32368,3222,35590,764
2021-10-14,Inyo,027,18085,2047,1932,55,1987,39
2021-10-14,Kern,029,883053,123074,121354,20709,142063,1590
2021-10-14,Kings,031,150075,30934,30418,1887,32305,314
2021-10-14,Lake,033,64148,6504,6378,139,6517,104
2021-10-14,Lassen,035,31185,6657,6559,338,6897,26
2021-10-14,Los Angeles,037,10098052,1417919,1409418,54115,1463533,26398
2021-10-14,Madera,039,155013,22084,21707,1953,23660,277
2021-10-14,Marin,041,260295,17261,17148,448,17596,243
2021-10-14,Mariposa,043,17540,1176,1096,39,1135,5
2021-10-14,Mendocino,045,87422,7187,7099,435,7534,82
2021-10-14,Merced,047,269075,40637,40265,1653,41918,577
2021-10-14,Modoc,049,8938,510,492,183,675,5
2021-10-14,Mono,051,14174,1640,1628,17,1645,3
2021-10-14,Monterey,053,433212,47503,47293,3434,50727,582
2021-10-14,Napa,055,140530,12790,12706,101,12807,100
2021-10-14,Nevada,057,99092,8842,8739,318,9057,90
2021-10-14,Orange,059,3164182,303132,300722,14740,315462,5509
2021-10-14,Placer,061,380077,35767,35343,3547,38890,412
2021-10-14,Plumas,063,18699,1600,1542,34,1576,6
2021-10-14,Riverside,065,2383286,354755,352435,16421,368856,4990
2021-10-14,Sacramento,067,1510023,154489,153264,4416,157680,2192
2021-10-14,San Benito,069,59416,7245,7210,169,7379,71
2021-10-14,San Bernardino,071,2135413,347571,345418,11070,356488,5566
2021-10-14,San Diego,073,3302833,365973,363109,21138,384247,4151
2021-10-14,San Francisco,075,870044,51762,51436,2527,53963,645
2021-10-14,San Joaquin,077,732212,97456,96507,5387,101894,1708
2021-10-14,San Luis Obispo,079,281455,28777,28460,1192,29652,329
2021-10-14,San Mateo,081,765935,52650,52399,1434,53833,569
2021-10-14,Santa Barbara,083,443738,43929,43175,1619,44794,521
2021-10-14,Santa Clara,085,1922200,144343,143282,1259,144541,1890
2021-10-14,Santa Cruz,087,273765,19990,19794,1039,20833,218
2021-10-14,Shasta,089,179085,20368,19932,3487,23419,309
2021-10-14,Sierra,091,2930,169,160,20,180,0
2021-10-14,Siskiyou,093,43540,3266,3173,1239,4412,42
2021-10-14,Solano,095,438530,45207,44585,1180,45765,334
2021-10-14,Sonoma,097,501317,40447,40195,513,40708,390
2021-10-14,Stanislaus,099,539301,76708,75868,8741,84609,1142
2021-10-14,Sutter,101,95872,13585,13471,317,13788,169
2021-10-14,Tehama,103,63373,8044,7907,1388,9295,104
2021-10-14,Trinity,105,12862,792,679,198,877,11
2021-10-14,Tulare,107,460477,65691,64489,14428,78917,951
2021-10-14,Tuolumne,109,53932,6788,6666,79,6745,89
2021-10-14,Ventura,111,848112,96723,96181,4298,100479,1164
2021-10-14,Yolo,113,214977,19244,19078,1078,20156,247
2021-10-14,Yuba,115,75493,9809,9705,277,9982,82
2021-10-13,Alameda,001,1643700,117686,116914,2840,119754,1360
2021-10-13,Alpine,003,1148,104,102,0,102,0
2021-10-13,Amador,005,37829,5366,5305,59,5364,63
2021-10-13,Butte,007,227075,19996,19546,3658,23204,257
2021-10-13,Calaveras,009,45235,3811,3756,44,3800,79
2021-10-13,Colusa,011,21464,2464,2430,600,3030,18
2021-10-13,Contra Costa,013,1133247,97496,96975,2118,99093,969
2021-10-13,Del Norte,015,27424,3600,3512,53,3565,39
2021-10-13,El Dorado,017,186661,15517,15302,1644,16946,149
2021-10-13,Fresno,019,978130,133962,132055,11931,143986,2048
2021-10-13,Glenn,021,27897,3375,3327,967,4294,26
2021-10-13,Humboldt,023,135768,8724,8604,507,9111,102
2021-10-13,Imperial,025,180216,32572,32317,3219,35536,762
2021-10-13,Inyo,027,18085,2010,1907,55,1962,39
2021-10-13,Kern,029,883053,122832,120956,20617,141573,1586
2021-10-13,Kings,031,150075,30853,30246,1880,32126,312
2021-10-13,Lake,033,64148,6484,6371,139,6510,103
2021-10-13,Lassen,035,31185,6647,6535,332,6867,25
2021-10-13,Los Angeles,037,10098052,1416866,1408384,54057,1462441,26379
2021-10-13,Madera,039,155013,22029,21609,1938,23547,277
2021-10-13,Marin,041,260295,17237,17137,447,17584,243
2021-10-13,Mariposa,043,17540,1162,1090,39,1129,5
2021-10-13,Mendocino,045,87422,7172,7088,427,7515,82
2021-10-13,Merced,047,269075,40553,40164,1642,41806,577
2021-10-13,Modoc,049,8938,508,490,181,671,5
2021-10-13,Mono,051,14174,1640,1612,17,1629,3
2021-10-13,Monterey,053,433212,47486,47273,3425,50698,582
2021-10-13,Napa,055,140530,12779,12695,99,12794,100
2021-10-13,Nevada,057,99092,8820,8725,318,9043,90
2021-10-13,Orange,059,3164182,302926,300468,14724,315192,5503
2021-10-13,Placer,061,380077,35702,35254,3536,38790,412
2021-10-13,Plumas,063,18699,1586,1514,34,1548,6
2021-10-13,Riverside,065,2383286,354425,352044,16408,368452,4978
2021-10-13,Sacramento,067,1510023,154239,153141,4392,157533,2182
2021-10-13,San Benito,069,59416,7239,7196,168,7364,71
2021-10-13,San Bernardino,071,2135413,347248,344951,11054,356005,5562
2021-10-13,San Diego,073,3302833,365536,362564,21116,383680,4141
2021-10-13,San Francisco,075,870044,51720,51379,2523,53902,644
2021-10-13,San Joaquin,077,732212,97313,96343,5382,101725,1696
2021-10-13,San Luis Obispo,079,281455,28739,28397,1189,29586,330
2021-10-13,San Mateo,081,765935,52600,52352,1429,53781,569
2021-10-13,Santa Barbara,083,443738,43877,43109,1619,44728,518
2021-10-13,Santa Clara,085,1922200,144204,143064,1258,144322,1886
2021-10-13,Santa Cruz,087,273765,19964,19763,1038,20801,217
2021-10-13,Shasta,089,179085,20298,19802,3465,23267,307
2021-10-13,Sierra,091,2930,169,155,20,175,0
2021-10-13,Siskiyou,093,43540,3258,3173,1238,4411,42
2021-10-13,Solano,095,438530,45168,44558,1178,45736,334
2021-10-13,Sonoma,097,501317,40390,40122,513,40635,390
2021-10-13,Stanislaus,099,539301,76567,75698,8732,84430,1136
2021-10-13,Sutter,101,95872,13555,13458,315,13773,169
2021-10-13,Tehama,103,63373,8006,7849,1382,9231,103
2021-10-13,Trinity,105,12862,789,677,198,875,11
2021-10-13,Tulare,107,460477,65512,64297,14373,78670,945
2021-10-13,Tuolumne,109,53932,6774,6644,78,6722,89
2021-10-13,Ventura,111,848112,96649,96099,4293,100392,1162
2021-10-13,Yolo,113,214977,19214,19023,1075,20098,247
2021-10-13,Yuba,115,75493,9784,9690,263,9953,80
2021-10-12,Alameda,001,1643700,117585,116813,2835,119648,1357
2021-10-12,Alpine,003,1148,104,102,0,102,0
2021-10-12,Amador,005,37829,5355,5301,59,5360,63
2021-10-12,Butte,007,227075,19927,19506,3646,23152,256
2021-10-12,Calaveras,009,45235,3796,3750,44,3794,75
2021-10-12,Colusa,011,21464,2461,2428,598,3026,18
2021-10-12,Contra Costa,013,1133247,97383,96894,2109,99003,960
2021-10-12,Del Norte,015,27424,3594,3511,53,3564,39
2021-10-12,El Dorado,017,186661,15484,15287,1642,16929,148
2021-10-12,Fresno,019,978130,133603,131848,11903,143751,2042
2021-10-12,Glenn,021,27897,3365,3321,964,4285,26
2021-10-12,Humboldt,023,135768,8698,8587,500,9087,102
2021-10-12,Imperial,025,180216,32520,32267,3217,35484,762
2021-10-12,Inyo,027,18085,1978,1889,55,1944,39
2021-10-12,Kern,029,883053,122547,120826,20508,141334,1580
2021-10-12,Kings,031,150075,30781,30200,1869,32069,312
2021-10-12,Lake,033,64148,6469,6372,139,6511,97
2021-10-12,Lassen,035,31185,6637,6526,331,6857,25
2021-10-12,Los Angeles,037,10098052,1415805,1407462,54006,1461468,26362
2021-10-12,Madera,039,155013,21958,21574,1926,23500,277
2021-10-12,Marin,041,260295,17214,17126,447,17573,242
2021-10-12,Mariposa,043,17540,1148,1088,39,1127,5
2021-10-12,Mendocino,045,87422,7143,7077,425,7502,82
2021-10-12,Merced,047,269075,40474,40113,1636,41749,567
2021-10-12,Modoc,049,8938,503,485,180,665,5
2021-10-12,Mono,051,14174,1636,1608,17,1625,3
2021-10-12,Monterey,053,433212,47458,47254,3414,50668,582
2021-10-12,Napa,055,140530,12765,12671,99,12770,97
2021-10-12,Nevada,057,99092,8808,8720,317,9037,89
2021-10-12,Orange,059,3164182,302668,300256,14700,314956,5499
2021-10-12,Placer,061,380077,35639,35214,3528,38742,404
2021-10-12,Plumas,063,18699,1572,1488,33,1521,6
2021-10-12,Riverside,065,2383286,354098,351771,16395,368166,4973
2021-10-12,Sacramento,067,1510023,153934,152935,4363,157298,2170
2021-10-12,San Benito,069,59416,7225,7193,168,7361,71
2021-10-12,San Bernardino,071,2135413,346935,344788,11044,355832,5563
2021-10-12,San Diego,073,3302833,365012,362256,21086,383342,4137
2021-10-12,San Francisco,075,870044,51661,51301,2520,53821,643
2021-10-12,San Joaquin,077,732212,97176,96237,5377,101614,1690
2021-10-12,San Luis Obispo,079,281455,28692,28379,1188,29567,327
2021-10-12,San Mateo,081,765935,52553,52328,1425,53753,569
2021-10-12,Santa Barbara,083,443738,43816,43076,1619,44695,515
2021-10-12,Santa Clara,085,1922200,144050,142954,1256,144210,1882
2021-10-12,Santa Cruz,087,273765,19939,19757,1038,20795,218
2021-10-12,Shasta,089,179085,20224,19731,3443,23174,304
2021-10-12,Sierra,091,2930,169,153,20,173,0
2021-10-12,Siskiyou,093,43540,3248,3166,1231,4397,42
2021-10-12,Solano,095,438530,45125,44516,1173,45689,329
2021-10-12,Sonoma,097,501317,40348,40105,513,40618,390
2021-10-12,Stanislaus,099,539301,76416,75589,8717,84306,1126
2021-10-12,Sutter,101,95872,13532,13436,311,13747,168
2021-10-12,Tehama,103,63373,7973,7820,1378,9198,103
2021-10-12,Trinity,105,12862,786,676,198,874,11
2021-10-12,Tulare,107,460477,65334,64216,14314,78530,944
2021-10-12,Tuolumne,109,53932,6757,6637,77,6714,89
2021-10-12,Ventura,111,848112,96541,96022,4289,100311,1160
2021-10-12,Yolo,113,214977,19188,18987,1067,20054,247
2021-10-12,Yuba,115,75493,9769,9676,259,9935,70
2021-10-11,Alameda,001,1643700,117447,116759,2834,119593,1358
2021-10-11,Alpine,003,1148,103,102,0,102,0
2021-10-11,Amador,005,37829,5343,5286,59,5345,62
2021-10-11,Butte,007,227075,19868,19452,3641,23093,253
2021-10-11,Calaveras,009,45235,3775,3750,44,3794,75
2021-10-11,Colusa,011,21464,2457,2427,591,3018,18
2021-10-11,Contra Costa,013,1133247,97246,96832,2104,98936,960
2021-10-11,Del Norte,015,27424,3591,3510,49,3559,39
2021-10-11,El Dorado,017,186661,15456,15273,1638,16911,146
2021-10-11,Fresno,019,978130,133276,131703,11874,143577,2036
2021-10-11,Glenn,021,27897,3347,3308,963,4271,26
2021-10-11,Humboldt,023,135768,8673,8571,493,9064,101
2021-10-11,Imperial,025,180216,32470,32207,3211,35418,762
2021-10-11,Inyo,027,18085,1955,1862,54,1916,39
2021-10-11,Kern,029,883053,122313,120684,20411,141095,1575
2021-10-11,Kings,031,150075,30693,30180,1859,32039,309
2021-10-11,Lake,033,64148,6453,6361,135,6496,97
2021-10-11,Lassen,035,31185,6617,6499,328,6827,25
2021-10-11,Los Angeles,037,10098052,1414762,1406826,53953,1460779,26346
2021-10-11,Madera,039,155013,21901,21555,1910,23465,272
2021-10-11,Marin,041,260295,17196,17121,443,17564,242
2021-10-11,Mariposa,043,17540,1118,1083,38,1121,5
2021-10-11,Mendocino,045,87422,7127,7064,421,7485,82
2021-10-11,Merced,047,269075,40357,40064,1612,41676,566
2021-10-11,Modoc,049,8938,500,482,177,659,5
2021-10-11,Mono,051,14174,1626,1604,17,1621,3
2021-10-11,Monterey,053,433212,47429,47241,3407,50648,580
2021-10-11,Napa,055,140530,12742,12654,97,12751,96
2021-10-11,Nevada,057,99092,8788,8716,316,9032,90
2021-10-11,Orange,059,3164182,302441,299941,14672,314613,5499
2021-10-11,Placer,061,380077,35570,35173,3511,38684,404
2021-10-11,Plumas,063,18699,1554,1469,31,1500,6
2021-10-11,Riverside,065,2383286,353757,351444,16390,367834,4973
2021-10-11,Sacramento,067,1510023,153645,152681,4332,157013,2169
2021-10-11,San Benito,069,59416,7203,7184,166,7350,71
2021-10-11,San Bernardino,071,2135413,346548,344594,11035,355629,5549
2021-10-11,San Diego,073,3302833,364492,361712,21053,382765,4124
2021-10-11,San Francisco,075,870044,51591,51275,2514,53789,643
2021-10-11,San Joaquin,077,732212,97023,96152,5366,101518,1681
2021-10-11,San Luis Obispo,079,281455,28646,28355,1183,29538,327
2021-10-11,San Mateo,081,765935,52505,52298,1424,53722,569
2021-10-11,Santa Barbara,083,443738,43769,43018,1618,44636,515
2021-10-11,Santa Clara,085,1922200,143888,142836,1253,144089,1882
2021-10-11,Santa Cruz,087,273765,19915,19745,1037,20782,217
2021-10-11,Shasta,089,179085,20145,19662,3427,23089,295
2021-10-11,Sierra,091,2930,164,147,19,166,0
2021-10-11,Siskiyou,093,43540,3240,3159,1227,4386,42
2021-10-11,Solano,095,438530,45077,44474,1170,45644,329
2021-10-11,Sonoma,097,501317,40303,40067,513,40580,390
2021-10-11,Stanislaus,099,539301,76243,75478,8696,84174,1118
2021-10-11,Sutter,101,95872,13513,13427,309,13736,165
2021-10-11,Tehama,103,63373,7932,7795,1368,9163,102
2021-10-11,Trinity,105,12862,780,675,196,871,11
2021-10-11,Tulare,107,460477,65155,64094,14247,78341,942
2021-10-11,Tuolumne,109,53932,6721,6602,77,6679,89
2021-10-11,Ventura,111,848112,96440,95876,4281,100157,1160
2021-10-11,Yolo,113,214977,19142,18977,1064,20041,247
2021-10-11,Yuba,115,75493,9752,9657,247,9904,69
2021-10-10,Alameda,001,1643700,117327,116679,2830,119509,1358
2021-10-10,Alpine,003,1148,103,102,0,102,0
2021-10-10,Amador,005,37829,5328,5278,59,5337,62
2021-10-10,Butte,007,227075,19804,19430,3627,23057,253
2021-10-10,Calaveras,009,45235,3763,3747,44,3791,75
2021-10-10,Colusa,011,21464,2456,2425,590,3015,18
2021-10-10,Contra Costa,013,1133247,97147,96760,2098,98858,960
2021-10-10,Del Norte,015,27424,3587,3507,49,3556,39
2021-10-10,El Dorado,017,186661,15425,15250,1632,16882,146
2021-10-10,Fresno,019,978130,132948,131434,11846,143280,2035
2021-10-10,Glenn,021,27897,3345,3297,961,4258,26
2021-10-10,Humboldt,023,135768,8651,8554,489,9043,101
2021-10-10,Imperial,025,180216,32396,32167,3210,35377,762
2021-10-10,Inyo,027,18085,1934,1857,54,1911,39
2021-10-10,Kern,029,883053,121987,120552,20305,140857,1573
2021-10-10,Kings,031,150075,30605,30122,1849,31971,308
2021-10-10,Lake,033,64148,6437,6349,134,6483,97
2021-10-10,Lassen,035,31185,6597,6495,327,6822,26
2021-10-10,Los Angeles,037,10098052,1413589,1406034,53876,1459910,26338
2021-10-10,Madera,039,155013,21855,21486,1901,23387,272
2021-10-10,Marin,041,260295,17179,17112,443,17555,242
2021-10-10,Mariposa,043,17540,1115,1074,38,1112,5
2021-10-10,Mendocino,045,87422,7112,7060,413,7473,81
2021-10-10,Merced,047,269075,40274,40036,1594,41630,566
2021-10-10,Modoc,049,8938,500,482,177,659,5
2021-10-10,Mono,051,14174,1625,1596,17,1613,3
2021-10-10,Monterey,053,433212,47404,47228,3401,50629,580
2021-10-10,Napa,055,140530,12719,12641,97,12738,96
2021-10-10,Nevada,057,99092,8776,8689,316,9005,90
2021-10-10,Orange,059,3164182,302178,299787,14646,314433,5499
2021-10-10,Placer,061,380077,35477,35128,3499,38627,404
2021-10-10,Plumas,063,18699,1538,1468,29,1497,6
2021-10-10,Riverside,065,2383286,353385,351248,16371,367619,4973
2021-10-10,Sacramento,067,1510023,153381,152405,4315,156720,2178
2021-10-10,San Benito,069,59416,7198,7180,164,7344,71
2021-10-10,San Bernardino,071,2135413,346243,344423,11027,355450,5551
2021-10-10,San Diego,073,3302833,363971,361038,21001,382039,4113
2021-10-10,San Francisco,075,870044,51545,51216,2508,53724,643
2021-10-10,San Joaquin,077,732212,96852,96084,5349,101433,1681
2021-10-10,San Luis Obispo,079,281455,28605,28343,1183,29526,326
2021-10-10,San Mateo,081,765935,52464,52273,1423,53696,569
2021-10-10,Santa Barbara,083,443738,43724,42987,1617,44604,515
2021-10-10,Santa Clara,085,1922200,143723,142768,1246,144014,1881
2021-10-10,Santa Cruz,087,273765,19895,19727,1037,20764,217
2021-10-10,Shasta,089,179085,20057,19635,3416,23051,296
2021-10-10,Sierra,091,2930,162,147,19,166,0
2021-10-10,Siskiyou,093,43540,3226,3155,1219,4374,42
2021-10-10,Solano,095,438530,45021,44431,1170,45601,329
2021-10-10,Sonoma,097,501317,40251,40027,513,40540,390
2021-10-10,Stanislaus,099,539301,76064,75403,8681,84084,1118
2021-10-10,Sutter,101,95872,13489,13412,304,13716,165
2021-10-10,Tehama,103,63373,7894,7764,1359,9123,102
2021-10-10,Trinity,105,12862,779,669,195,864,11
2021-10-10,Tulare,107,460477,64986,63930,14197,78127,940
2021-10-10,Tuolumne,109,53932,6698,6580,76,6656,89
2021-10-10,Ventura,111,848112,96353,95829,4279,100108,1160
2021-10-10,Yolo,113,214977,19110,18952,1059,20011,247
2021-10-10,Yuba,115,75493,9735,9641,243,9884,69
2021-10-09,Alameda,001,1643700,117233,116253,2828,119081,1356
2021-10-09,Alpine,003,1148,102,102,0,102,0
2021-10-09,Amador,005,37829,5326,5237,58,5295,62
2021-10-09,Butte,007,227075,19774,19277,3624,22901,250
2021-10-09,Calaveras,009,45235,3759,3716,44,3760,75
2021-10-09,Colusa,011,21464,2452,2419,589,3008,18
2021-10-09,Contra Costa,013,1133247,97083,96378,2091,98469,958
2021-10-09,Del Norte,015,27424,3586,3495,49,3544,39
2021-10-09,El Dorado,017,186661,15407,15153,1629,16782,144
2021-10-09,Fresno,019,978130,132817,130508,11829,142337,2018
2021-10-09,Glenn,021,27897,3341,3277,960,4237,26
2021-10-09,Humboldt,023,135768,8637,8448,486,8934,97
2021-10-09,Imperial,025,180216,32362,31989,3208,35197,760
2021-10-09,Inyo,027,18085,1925,1808,54,1862,39
2021-10-09,Kern,029,883053,121849,119795,20277,140072,1559
2021-10-09,Kings,031,150075,30556,29894,1846,31740,308
2021-10-09,Lake,033,64148,6419,6283,132,6415,97
2021-10-09,Lassen,035,31185,6592,6442,326,6768,25
2021-10-09,Los Angeles,037,10098052,1413004,1402810,53836,1456646,26280
2021-10-09,Madera,039,155013,21822,21313,1888,23201,271
2021-10-09,Marin,041,260295,17174,17049,441,17490,242
2021-10-09,Mariposa,043,17540,1108,1042,37,1079,5
2021-10-09,Mendocino,045,87422,7105,7011,413,7424,82
2021-10-09,Merced,047,269075,40233,39784,1594,41378,565
2021-10-09,Modoc,049,8938,498,477,176,653,5
2021-10-09,Mono,051,14174,1623,1577,17,1594,3
2021-10-09,Monterey,053,433212,47393,47168,3397,50565,577
2021-10-09,Napa,055,140530,12715,12586,97,12683,96
2021-10-09,Nevada,057,99092,8765,8613,315,8928,90
2021-10-09,Orange,059,3164182,301999,299089,14627,313716,5457
2021-10-09,Placer,061,380077,35439,34877,3492,38369,393
2021-10-09,Plumas,063,18699,1527,1418,29,1447,6
2021-10-09,Riverside,065,2383286,353134,350082,16354,366436,4965
2021-10-09,Sacramento,067,1510023,153172,151566,4302,155868,2160
2021-10-09,San Benito,069,59416,7190,7123,164,7287,71
2021-10-09,San Bernardino,071,2135413,346060,343452,11023,354475,5556
2021-10-09,San Diego,073,3302833,363658,359909,20994,380903,4111
2021-10-09,San Francisco,075,870044,51499,50960,2501,53461,643
2021-10-09,San Joaquin,077,732212,96785,95606,5344,100950,1669
2021-10-09,San Luis Obispo,079,281455,28588,28197,1181,29378,324
2021-10-09,San Mateo,081,765935,52433,52121,1421,53542,569
2021-10-09,Santa Barbara,083,443738,43697,42735,1617,44352,514
2021-10-09,Santa Clara,085,1922200,143600,142298,1240,143538,1873
2021-10-09,Santa Cruz,087,273765,19886,19635,1036,20671,217
2021-10-09,Shasta,089,179085,20007,19437,3411,22848,290
2021-10-09,Sierra,091,2930,159,141,19,160,0
2021-10-09,Siskiyou,093,43540,3225,3124,1218,4342,42
2021-10-09,Solano,095,438530,45004,44265,1169,45434,329
2021-10-09,Sonoma,097,501317,40207,39848,513,40361,387
2021-10-09,Stanislaus,099,539301,75974,74899,8670,83569,1114
2021-10-09,Sutter,101,95872,13480,13314,302,13616,165
2021-10-09,Tehama,103,63373,7883,7670,1354,9024,99
2021-10-09,Trinity,105,12862,778,660,195,855,11
2021-10-09,Tulare,107,460477,64879,63398,14176,77574,932
2021-10-09,Tuolumne,109,53932,6679,6521,76,6597,89
2021-10-09,Ventura,111,848112,96297,95542,4276,99818,1158
2021-10-09,Yolo,113,214977,19089,18850,1056,19906,247
2021-10-09,Yuba,115,75493,9723,9551,241,9792,69
2021-10-08,Alameda,001,1643700,117151,116253,2825,119078,1356
2021-10-08,Alpine,003,1148,102,102,0,102,0
2021-10-08,Amador,005,37829,5313,5237,58,5295,62
2021-10-08,Butte,007,227075,19745,19277,3620,22897,250
2021-10-08,Calaveras,009,45235,3754,3716,44,3760,75
2021-10-08,Colusa,011,21464,2450,2419,589,3008,18
2021-10-08,Contra Costa,013,1133247,97039,96378,2086,98464,958
2021-10-08,Del Norte,015,27424,3585,3495,49,3544,39
2021-10-08,El Dorado,017,186661,15388,15153,1625,16778,144
2021-10-08,Fresno,019,978130,132621,130508,11807,142315,2018
2021-10-08,Glenn,021,27897,3330,3277,959,4236,26
2021-10-08,Humboldt,023,135768,8626,8448,483,8931,97
2021-10-08,Imperial,025,180216,32332,31989,3204,35193,760
2021-10-08,Inyo,027,18085,1907,1808,54,1862,39
2021-10-08,Kern,029,883053,121712,119795,20235,140030,1559
2021-10-08,Kings,031,150075,30463,29894,1845,31739,308
2021-10-08,Lake,033,64148,6411,6283,132,6415,97
2021-10-08,Lassen,035,31185,6579,6442,322,6764,25
2021-10-08,Los Angeles,037,10098052,1412344,1402810,53798,1456608,26280
2021-10-08,Madera,039,155013,21764,21313,1881,23194,271
2021-10-08,Marin,041,260295,17163,17049,440,17489,242
2021-10-08,Mariposa,043,17540,1101,1042,35,1077,5
2021-10-08,Mendocino,045,87422,7092,7011,413,7424,82
2021-10-08,Merced,047,269075,40201,39784,1591,41375,565
2021-10-08,Modoc,049,8938,496,477,176,653,5
2021-10-08,Mono,051,14174,1621,1577,17,1594,3
2021-10-08,Monterey,053,433212,47369,47168,3392,50560,577
2021-10-08,Napa,055,140530,12699,12586,97,12683,96
2021-10-08,Nevada,057,99092,8752,8613,315,8928,90
2021-10-08,Orange,059,3164182,301850,299089,14609,313698,5457
2021-10-08,Placer,061,380077,35401,34877,3484,38361,393
2021-10-08,Plumas,063,18699,1515,1418,29,1447,6
2021-10-08,Riverside,065,2383286,352865,350082,16343,366425,4965
2021-10-08,Sacramento,067,1510023,153005,151566,4287,155853,2160
2021-10-08,San Benito,069,59416,7186,7123,162,7285,71
2021-10-08,San Bernardino,071,2135413,345857,343452,11015,354467,5556
2021-10-08,San Diego,073,3302833,363323,359909,20973,380882,4111
2021-10-08,San Francisco,075,870044,51452,50960,2492,53452,643
2021-10-08,San Joaquin,077,732212,96717,95606,5338,100944,1669
2021-10-08,San Luis Obispo,079,281455,28561,28197,1180,29377,324
2021-10-08,San Mateo,081,765935,52408,52121,1420,53541,569
2021-10-08,Santa Barbara,083,443738,43662,42735,1616,44351,514
2021-10-08,Santa Clara,085,1922200,143487,142298,1235,143533,1873
2021-10-08,Santa Cruz,087,273765,19871,19635,1036,20671,217
2021-10-08,Shasta,089,179085,19965,19437,3405,22842,290
2021-10-08,Sierra,091,2930,157,141,17,158,0
2021-10-08,Siskiyou,093,43540,3217,3124,1217,4341,42
2021-10-08,Solano,095,438530,44965,44265,1168,45433,329
2021-10-08,Sonoma,097,501317,40172,39848,513,40361,387
2021-10-08,Stanislaus,099,539301,75905,74899,8662,83561,1114
2021-10-08,Sutter,101,95872,13467,13314,299,13613,165
2021-10-08,Tehama,103,63373,7867,7670,1351,9021,99
2021-10-08,Trinity,105,12862,777,660,195,855,11
2021-10-08,Tulare,107,460477,64762,63398,14143,77541,932
2021-10-08,Tuolumne,109,53932,6656,6521,76,6597,89
2021-10-08,Ventura,111,848112,96252,95542,4271,99813,1158
2021-10-08,Yolo,113,214977,19076,18850,1052,19902,247
2021-10-08,Yuba,115,75493,9702,9551,240,9791,69
2021-10-07,Alameda,001,1643700,117035,116253,2823,119076,1356
2021-10-07,Alpine,003,1148,102,102,0,102,0
2021-10-07,Amador,005,37829,5306,5237,58,5295,62
2021-10-07,Butte,007,227075,19695,19277,3609,22886,250
2021-10-07,Calaveras,009,45235,3742,3716,44,3760,75
2021-10-07,Colusa,011,21464,2447,2419,583,3002,18
2021-10-07,Contra Costa,013,1133247,96919,96378,2080,98458,958
2021-10-07,Del Norte,015,27424,3582,3495,49,3544,39
2021-10-07,El Dorado,017,186661,15352,15153,1621,16774,144
2021-10-07,Fresno,019,978130,132347,130508,11783,142291,2018
2021-10-07,Glenn,021,27897,3323,3277,956,4233,26
2021-10-07,Humboldt,023,135768,8600,8448,479,8927,97
2021-10-07,Imperial,025,180216,32260,31989,3191,35180,760
2021-10-07,Inyo,027,18085,1888,1808,54,1862,39
2021-10-07,Kern,029,883053,121481,119795,20169,139964,1559
2021-10-07,Kings,031,150075,30398,29894,1839,31733,308
2021-10-07,Lake,033,64148,6400,6283,132,6415,97
2021-10-07,Lassen,035,31185,6561,6442,320,6762,25
2021-10-07,Los Angeles,037,10098052,1411387,1402810,53752,1456562,26280
2021-10-07,Madera,039,155013,21691,21313,1865,23178,271
2021-10-07,Marin,041,260295,17145,17049,440,17489,242
2021-10-07,Mariposa,043,17540,1093,1042,35,1077,5
2021-10-07,Mendocino,045,87422,7082,7011,409,7420,82
2021-10-07,Merced,047,269075,40134,39784,1575,41359,565
2021-10-07,Modoc,049,8938,493,477,175,652,5
2021-10-07,Mono,051,14174,1610,1577,17,1594,3
2021-10-07,Monterey,053,433212,47348,47168,3379,50547,577
2021-10-07,Napa,055,140530,12684,12586,97,12683,96
2021-10-07,Nevada,057,99092,8724,8613,315,8928,90
2021-10-07,Orange,059,3164182,301626,299089,14596,313685,5457
2021-10-07,Placer,061,380077,35339,34877,3477,38354,393
2021-10-07,Plumas,063,18699,1498,1418,29,1447,6
2021-10-07,Riverside,065,2383286,352531,350082,16331,366413,4965
2021-10-07,Sacramento,067,1510023,152725,151566,4259,155825,2160
2021-10-07,San Benito,069,59416,7170,7123,160,7283,71
2021-10-07,San Bernardino,071,2135413,345584,343452,11008,354460,5556
2021-10-07,San Diego,073,3302833,362911,359909,20952,380861,4111
2021-10-07,San Francisco,075,870044,51382,50960,2489,53449,643
2021-10-07,San Joaquin,077,732212,96565,95606,5330,100936,1669
2021-10-07,San Luis Obispo,079,281455,28510,28197,1178,29375,324
2021-10-07,San Mateo,081,765935,52370,52121,1416,53537,569
2021-10-07,Santa Barbara,083,443738,43595,42735,1610,44345,514
2021-10-07,Santa Clara,085,1922200,143336,142298,1229,143527,1873
2021-10-07,Santa Cruz,087,273765,19851,19635,1035,20670,217
2021-10-07,Shasta,089,179085,19876,19437,3389,22826,290
2021-10-07,Sierra,091,2930,157,141,17,158,0
2021-10-07,Siskiyou,093,43540,3214,3124,1212,4336,42
2021-10-07,Solano,095,438530,44920,44265,1164,45429,329
2021-10-07,Sonoma,097,501317,40135,39848,511,40359,387
2021-10-07,Stanislaus,099,539301,75743,74899,8637,83536,1114
2021-10-07,Sutter,101,95872,13445,13314,296,13610,165
2021-10-07,Tehama,103,63373,7835,7670,1345,9015,99
2021-10-07,Trinity,105,12862,775,660,195,855,11
2021-10-07,Tulare,107,460477,64601,63398,14104,77502,932
2021-10-07,Tuolumne,109,53932,6634,6521,76,6597,89
2021-10-07,Ventura,111,848112,96169,95542,4268,99810,1158
2021-10-07,Yolo,113,214977,19042,18850,1047,19897,247
2021-10-07,Yuba,115,75493,9676,9551,233,9784,69
2021-10-06,Alameda,001,1643700,116901,116058,2817,118875,1353
2021-10-06,Alpine,003,1148,102,102,0,102,0
2021-10-06,Amador,005,37829,5303,5205,58,5263,62
2021-10-06,Butte,007,227075,19632,19208,3602,22810,247
2021-10-06,Calaveras,009,45235,3733,3669,44,3713,75
2021-10-06,Colusa,011,21464,2445,2414,576,2990,18
2021-10-06,Contra Costa,013,1133247,96792,96184,2076,98260,953
2021-10-06,Del Norte,015,27424,3579,3490,46,3536,39
2021-10-06,El Dorado,017,186661,15327,15078,1619,16697,140
2021-10-06,Fresno,019,978130,132058,130074,11756,141830,2008
2021-10-06,Glenn,021,27897,3313,3270,953,4223,26
2021-10-06,Humboldt,023,135768,8585,8416,472,8888,94
2021-10-06,Imperial,025,180216,32207,31930,3180,35110,760
2021-10-06,Inyo,027,18085,1873,1806,54,1860,39
2021-10-06,Kern,029,883053,121225,119491,20075,139566,1552
2021-10-06,Kings,031,150075,30333,29785,1830,31615,308
2021-10-06,Lake,033,64148,6386,6271,132,6403,97
2021-10-06,Lassen,035,31185,6545,6429,319,6748,25
2021-10-06,Los Angeles,037,10098052,1410429,1401675,53706,1455381,26252
2021-10-06,Madera,039,155013,21636,21230,1855,23085,269
2021-10-06,Marin,041,260295,17136,17042,437,17479,242
2021-10-06,Mariposa,043,17540,1086,1036,35,1071,5
2021-10-06,Mendocino,045,87422,7073,6986,408,7394,81
2021-10-06,Merced,047,269075,40056,39666,1566,41232,563
2021-10-06,Modoc,049,8938,493,477,173,650,5
2021-10-06,Mono,051,14174,1599,1568,17,1585,3
2021-10-06,Monterey,053,433212,47317,47136,3373,50509,577
2021-10-06,Napa,055,140530,12660,12552,96,12648,96
2021-10-06,Nevada,057,99092,8708,8582,314,8896,90
2021-10-06,Orange,059,3164182,301391,298785,14583,313368,5448
2021-10-06,Placer,061,380077,35288,34764,3470,38234,390
2021-10-06,Plumas,063,18699,1475,1383,29,1412,6
2021-10-06,Riverside,065,2383286,352175,349645,16310,365955,4953
2021-10-06,Sacramento,067,1510023,152474,151164,4228,155392,2141
2021-10-06,San Benito,069,59416,7155,7108,160,7268,69
2021-10-06,San Bernardino,071,2135413,345292,343022,11001,354023,5551
2021-10-06,San Diego,073,3302833,362412,359564,20924,380488,4104
2021-10-06,San Francisco,075,870044,51319,50894,2485,53379,641
2021-10-06,San Joaquin,077,732212,96430,95418,5318,100736,1658
2021-10-06,San Luis Obispo,079,281455,28461,28170,1172,29342,323
2021-10-06,San Mateo,081,765935,52325,52056,1406,53462,569
2021-10-06,Santa Barbara,083,443738,43513,42687,1608,44295,513
2021-10-06,Santa Clara,085,1922200,143185,142124,1224,143348,1872
2021-10-06,Santa Cruz,087,273765,19822,19604,1033,20637,217
2021-10-06,Shasta,089,179085,19801,19325,3375,22700,287
2021-10-06,Sierra,091,2930,155,138,17,155,0
2021-10-06,Siskiyou,093,43540,3205,3116,1204,4320,42
2021-10-06,Solano,095,438530,44886,44185,1163,45348,328
2021-10-06,Sonoma,097,501317,40085,39787,511,40298,383
2021-10-06,Stanislaus,099,539301,75601,74699,8624,83323,1114
2021-10-06,Sutter,101,95872,13424,13284,294,13578,164
2021-10-06,Tehama,103,63373,7799,7629,1338,8967,99
2021-10-06,Trinity,105,12862,772,656,195,851,11
2021-10-06,Tulare,107,460477,64426,63198,14046,77244,926
2021-10-06,Tuolumne,109,53932,6609,6486,76,6562,89
2021-10-06,Ventura,111,848112,96080,95449,4261,99710,1158
2021-10-06,Yolo,113,214977,19010,18815,1042,19857,247
2021-10-06,Yuba,115,75493,9652,9520,232,9752,69
2021-10-05,Alameda,001,1643700,116759,115968,2810,118778,1350
2021-10-05,Alpine,003,1148,102,102,0,102,0
2021-10-05,Amador,005,37829,5282,5194,57,5251,61
2021-10-05,Butte,007,227075,19584,19137,3592,22729,246
2021-10-05,Calaveras,009,45235,3717,3657,44,3701,73
2021-10-05,Colusa,011,21464,2438,2414,575,2989,18
2021-10-05,Contra Costa,013,1133247,96677,96108,2068,98176,941
2021-10-05,Del Norte,015,27424,3577,3485,45,3530,39
2021-10-05,El Dorado,017,186661,15288,15052,1616,16668,140
2021-10-05,Fresno,019,978130,131719,129957,11726,141683,1987
2021-10-05,Glenn,021,27897,3304,3270,949,4219,26
2021-10-05,Humboldt,023,135768,8553,8398,468,8866,94
2021-10-05,Imperial,025,180216,32159,31909,3175,35084,759
2021-10-05,Inyo,027,18085,1856,1800,54,1854,39
2021-10-05,Kern,029,883053,120959,119260,19974,139234,1540
2021-10-05,Kings,031,150075,30258,29749,1823,31572,301
2021-10-05,Lake,033,64148,6365,6264,131,6395,97
2021-10-05,Lassen,035,31185,6526,6417,317,6734,25
2021-10-05,Los Angeles,037,10098052,1409287,1400300,53654,1453954,26223
2021-10-05,Madera,039,155013,21578,21183,1842,23025,269
2021-10-05,Marin,041,260295,17124,17024,437,17461,242
2021-10-05,Mariposa,043,17540,1067,1033,32,1065,5
2021-10-05,Mendocino,045,87422,7057,6972,401,7373,79
2021-10-05,Merced,047,269075,39990,39608,1557,41165,562
2021-10-05,Modoc,049,8938,489,475,172,647,5
2021-10-05,Mono,051,14174,1593,1565,17,1582,3
2021-10-05,Monterey,053,433212,47304,47087,3359,50446,573
2021-10-05,Napa,055,140530,12636,12533,96,12629,96
2021-10-05,Nevada,057,99092,8678,8576,314,8890,90
2021-10-05,Orange,059,3164182,301116,298589,14552,313141,5441
2021-10-05,Placer,061,380077,35208,34728,3463,38191,382
2021-10-05,Plumas,063,18699,1450,1357,29,1386,6
2021-10-05,Riverside,065,2383286,351816,349365,16295,365660,4942
2021-10-05,Sacramento,067,1510023,152201,151111,4193,155304,2126
2021-10-05,San Benito,069,59416,7136,7103,158,7261,69
2021-10-05,San Bernardino,071,2135413,344966,342711,10994,353705,5557
2021-10-05,San Diego,073,3302833,361830,359194,20895,380089,4092
2021-10-05,San Francisco,075,870044,51228,50826,2479,53305,641
2021-10-05,San Joaquin,077,732212,96277,95276,5291,100567,1651
2021-10-05,San Luis Obispo,079,281455,28417,28113,1170,29283,324
2021-10-05,San Mateo,081,765935,52281,52008,1405,53413,569
2021-10-05,Santa Barbara,083,443738,43435,42595,1604,44199,511
2021-10-05,Santa Clara,085,1922200,143027,141971,1217,143188,1873
2021-10-05,Santa Cruz,087,273765,19781,19582,1032,20614,216
2021-10-05,Shasta,089,179085,19729,19285,3361,22646,286
2021-10-05,Sierra,091,2930,151,136,17,153,0
2021-10-05,Siskiyou,093,43540,3191,3107,1204,4311,42
2021-10-05,Solano,095,438530,44815,44149,1161,45310,325
2021-10-05,Sonoma,097,501317,40031,39756,506,40262,383
2021-10-05,Stanislaus,099,539301,75439,74599,8607,83206,1114
2021-10-05,Sutter,101,95872,13396,13270,293,13563,164
2021-10-05,Tehama,103,63373,7771,7607,1329,8936,98
2021-10-05,Trinity,105,12862,769,655,195,850,11
2021-10-05,Tulare,107,460477,64223,63093,13992,77085,920
2021-10-05,Tuolumne,109,53932,6594,6473,75,6548,89
2021-10-05,Ventura,111,848112,95975,95351,4260,99611,1155
2021-10-05,Yolo,113,214977,18975,18782,1036,19818,245
2021-10-05,Yuba,115,75493,9620,9504,229,9733,69
2021-10-04,Alameda,001,1643700,116602,115845,2806,118651,1347
2021-10-04,Alpine,003,1148,102,102,0,102,0
2021-10-04,Amador,005,37829,5272,5163,56,5219,61
2021-10-04,Butte,007,227075,19507,19081,3580,22661,245
2021-10-04,Calaveras,009,45235,3708,3641,44,3685,73
2021-10-04,Colusa,011,21464,2437,2414,574,2988,18
2021-10-04,Contra Costa,013,1133247,96536,95958,2063,98021,937
2021-10-04,Del Norte,015,27424,3575,3485,41,3526,39
2021-10-04,El Dorado,017,186661,15240,15031,1609,16640,138
2021-10-04,Fresno,019,978130,131411,129665,11705,141370,1978
2021-10-04,Glenn,021,27897,3298,3270,943,4213,26
2021-10-04,Humboldt,023,135768,8519,8355,460,8815,94
2021-10-04,Imperial,025,180216,32110,31866,3168,35034,757
2021-10-04,Inyo,027,18085,1844,1792,51,1843,39
2021-10-04,Kern,029,883053,120675,118984,19848,138832,1531
2021-10-04,Kings,031,150075,30165,29702,1820,31522,303
2021-10-04,Lake,033,64148,6352,6248,131,6379,97
2021-10-04,Lassen,035,31185,6510,6405,317,6722,25
2021-10-04,Los Angeles,037,10098052,1408176,1399604,53595,1453199,26186
2021-10-04,Madera,039,155013,21514,21126,1832,22958,266
2021-10-04,Marin,041,260295,17108,17008,436,17444,242
2021-10-04,Mariposa,043,17540,1055,1024,32,1056,5
2021-10-04,Mendocino,045,87422,7039,6947,398,7345,79
2021-10-04,Merced,047,269075,39875,39565,1540,41105,558
2021-10-04,Modoc,049,8938,486,473,172,645,5
2021-10-04,Mono,051,14174,1583,1561,17,1578,3
2021-10-04,Monterey,053,433212,47284,47058,3351,50409,571
2021-10-04,Napa,055,140530,12612,12506,96,12602,96
2021-10-04,Nevada,057,99092,8658,8563,314,8877,90
2021-10-04,Orange,059,3164182,300823,298165,14518,312683,5438
2021-10-04,Placer,061,380077,35124,34630,3435,38065,379
2021-10-04,Plumas,063,18699,1428,1329,29,1358,6
2021-10-04,Riverside,065,2383286,351435,348828,16285,365113,4923
2021-10-04,Sacramento,067,1510023,151878,150887,4166,155053,2115
2021-10-04,San Benito,069,59416,7123,7099,158,7257,69
2021-10-04,San Bernardino,071,2135413,344610,342418,10982,353400,5551
2021-10-04,San Diego,073,3302833,361252,358525,20864,379389,4090
2021-10-04,San Francisco,075,870044,51134,50798,2474,53272,638
2021-10-04,San Joaquin,077,732212,96079,95198,5270,100468,1649
2021-10-04,San Luis Obispo,079,281455,28372,28090,1164,29254,323
2021-10-04,San Mateo,081,765935,52229,51958,1397,53355,569
2021-10-04,Santa Barbara,083,443738,43352,42585,1603,44188,511
2021-10-04,Santa Clara,085,1922200,142883,141840,1211,143051,1869
2021-10-04,Santa Cruz,087,273765,19752,19559,1031,20590,216
2021-10-04,Shasta,089,179085,19622,19170,3346,22516,279
2021-10-04,Sierra,091,2930,144,136,16,152,0
2021-10-04,Siskiyou,093,43540,3182,3103,1189,4292,42
2021-10-04,Solano,095,438530,44756,44092,1159,45251,322
2021-10-04,Sonoma,097,501317,39966,39720,505,40225,381
2021-10-04,Stanislaus,099,539301,75286,74444,8588,83032,1106
2021-10-04,Sutter,101,95872,13367,13261,292,13553,164
2021-10-04,Tehama,103,63373,7730,7585,1323,8908,95
2021-10-04,Trinity,105,12862,768,649,194,843,11
2021-10-04,Tulare,107,460477,64037,62957,13924,76881,920
2021-10-04,Tuolumne,109,53932,6568,6442,75,6517,89
2021-10-04,Ventura,111,848112,95888,95170,4253,99423,1153
2021-10-04,Yolo,113,214977,18931,18761,1031,19792,242
2021-10-04,Yuba,115,75493,9581,9481,227,9708,68
2021-10-03,Alameda,001,1643700,116463,115751,2797,118548,1349
2021-10-03,Alpine,003,1148,102,102,0,102,0
2021-10-03,Amador,005,37829,5254,5160,54,5214,61
2021-10-03,Butte,007,227075,19434,19066,3564,22630,245
2021-10-03,Calaveras,009,45235,3691,3632,44,3676,73
2021-10-03,Colusa,011,21464,2436,2413,571,2984,18
2021-10-03,Contra Costa,013,1133247,96406,95890,2056,97946,937
2021-10-03,Del Norte,015,27424,3569,3483,40,3523,39
2021-10-03,El Dorado,017,186661,15182,15014,1602,16616,139
2021-10-03,Fresno,019,978130,131032,129365,11671,141036,1978
2021-10-03,Glenn,021,27897,3286,3266,935,4201,26
2021-10-03,Humboldt,023,135768,8474,8352,456,8808,94
2021-10-03,Imperial,025,180216,32043,31844,3160,35004,757
2021-10-03,Inyo,027,18085,1824,1788,50,1838,39
2021-10-03,Kern,029,883053,120371,118851,19726,138577,1535
2021-10-03,Kings,031,150075,30065,29623,1813,31436,300
2021-10-03,Lake,033,64148,6326,6239,131,6370,97
2021-10-03,Lassen,035,31185,6488,6400,315,6715,25
2021-10-03,Los Angeles,037,10098052,1406904,1398790,53540,1452330,26179
2021-10-03,Madera,039,155013,21442,21066,1822,22888,266
2021-10-03,Marin,041,260295,17085,16995,431,17426,242
2021-10-03,Mariposa,043,17540,1048,1011,32,1043,5
2021-10-03,Mendocino,045,87422,7019,6939,389,7328,79
2021-10-03,Merced,047,269075,39767,39516,1523,41039,558
2021-10-03,Modoc,049,8938,485,472,171,643,5
2021-10-03,Mono,051,14174,1572,1554,17,1571,3
2021-10-03,Monterey,053,433212,47264,47049,3335,50384,571
2021-10-03,Napa,055,140530,12584,12489,94,12583,96
2021-10-03,Nevada,057,99092,8623,8545,314,8859,90
2021-10-03,Orange,059,3164182,300542,298027,14500,312527,5447
2021-10-03,Placer,061,380077,34986,34596,3418,38014,379
2021-10-03,Plumas,063,18699,1400,1328,29,1357,6
2021-10-03,Riverside,065,2383286,351004,348593,16265,364858,4924
2021-10-03,Sacramento,067,1510023,151588,150664,4137,154801,2120
2021-10-03,San Benito,069,59416,7114,7095,158,7253,69
2021-10-03,San Bernardino,071,2135413,344204,342302,10973,353275,5555
2021-10-03,San Diego,073,3302833,360658,358153,20828,378981,4081
2021-10-03,San Francisco,075,870044,51049,50733,2468,53201,638
2021-10-03,San Joaquin,077,732212,95889,95133,5262,100395,1649
2021-10-03,San Luis Obispo,079,281455,28305,28065,1159,29224,325
2021-10-03,San Mateo,081,765935,52172,51923,1387,53310,569
2021-10-03,Santa Barbara,083,443738,43257,42550,1595,44145,511
2021-10-03,Santa Clara,085,1922200,142713,141737,1203,142940,1869
2021-10-03,Santa Cruz,087,273765,19712,19548,1029,20577,216
2021-10-03,Shasta,089,179085,19517,19132,3315,22447,279
2021-10-03,Sierra,091,2930,141,136,16,152,0
2021-10-03,Siskiyou,093,43540,3169,3096,1178,4274,42
2021-10-03,Solano,095,438530,44692,44051,1156,45207,322
2021-10-03,Sonoma,097,501317,39900,39679,505,40184,381
2021-10-03,Stanislaus,099,539301,75098,74366,8570,82936,1106
2021-10-03,Sutter,101,95872,13352,13248,288,13536,164
2021-10-03,Tehama,103,63373,7687,7564,1318,8882,94
2021-10-03,Trinity,105,12862,764,647,192,839,11
2021-10-03,Tulare,107,460477,63845,62860,13849,76709,924
2021-10-03,Tuolumne,109,53932,6539,6430,73,6503,89
2021-10-03,Ventura,111,848112,95777,95108,4250,99358,1153
2021-10-03,Yolo,113,214977,18901,18720,1024,19744,242
2021-10-03,Yuba,115,75493,9563,9462,226,9688,68
2021-10-02,Alameda,001,1643700,116360,115185,2793,117978,1343
2021-10-02,Alpine,003,1148,102,102,0,102,0
2021-10-02,Amador,005,37829,5245,5105,54,5159,61
2021-10-02,Butte,007,227075,19403,18911,3557,22468,243
2021-10-02,Calaveras,009,45235,3684,3585,44,3629,72
2021-10-02,Colusa,011,21464,2435,2403,569,2972,18
2021-10-02,Contra Costa,013,1133247,96335,95369,2052,97421,933
2021-10-02,Del Norte,015,27424,3564,3468,40,3508,39
2021-10-02,El Dorado,017,186661,15156,14887,1601,16488,136
2021-10-02,Fresno,019,978130,130861,128450,11660,140110,1964
2021-10-02,Glenn,021,27897,3286,3234,935,4169,26
2021-10-02,Humboldt,023,135768,8455,8244,455,8699,94
2021-10-02,Imperial,025,180216,32009,31674,3156,34830,757
2021-10-02,Inyo,027,18085,1815,1746,50,1796,39
2021-10-02,Kern,029,883053,120238,117962,19643,137605,1524
2021-10-02,Kings,031,150075,30015,29339,1810,31149,301
2021-10-02,Lake,033,64148,6317,6191,131,6322,97
2021-10-02,Lassen,035,31185,6483,6360,315,6675,25
2021-10-02,Los Angeles,037,10098052,1406300,1395070,53503,1448573,26126
2021-10-02,Madera,039,155013,21417,20931,1813,22744,266
2021-10-02,Marin,041,260295,17080,16936,428,17364,242
2021-10-02,Mariposa,043,17540,1046,967,32,999,5
2021-10-02,Mendocino,045,87422,7009,6869,389,7258,78
2021-10-02,Merced,047,269075,39740,39196,1520,40716,552
2021-10-02,Modoc,049,8938,483,468,171,639,5
2021-10-02,Mono,051,14174,1570,1540,17,1557,3
2021-10-02,Monterey,053,433212,47219,46964,3326,50290,571
2021-10-02,Napa,055,140530,12574,12433,94,12527,96
2021-10-02,Nevada,057,99092,8612,8474,313,8787,87
2021-10-02,Orange,059,3164182,300376,297307,14479,311786,5435
2021-10-02,Placer,061,380077,34920,34377,3409,37786,381
2021-10-02,Plumas,063,18699,1389,1298,29,1327,6
2021-10-02,Riverside,065,2383286,350763,347227,16254,363481,4895
2021-10-02,Sacramento,067,1510023,151414,149897,4129,154026,2099
2021-10-02,San Benito,069,59416,7107,7055,158,7213,69
2021-10-02,San Bernardino,071,2135413,344020,341212,10923,352135,5540
2021-10-02,San Diego,073,3302833,360338,356454,20804,377258,4078
2021-10-02,San Francisco,075,870044,51003,50393,2460,52853,634
2021-10-02,San Joaquin,077,732212,95825,94599,5256,99855,1646
2021-10-02,San Luis Obispo,079,281455,28282,27915,1159,29074,323
2021-10-02,San Mateo,081,765935,52133,51767,1381,53148,573
2021-10-02,Santa Barbara,083,443738,43217,42423,1595,44018,508
2021-10-02,Santa Clara,085,1922200,142599,141231,1199,142430,1862
2021-10-02,Santa Cruz,087,273765,19695,19461,1028,20489,214
2021-10-02,Shasta,089,179085,19471,18912,3309,22221,270
2021-10-02,Sierra,091,2930,140,131,16,147,0
2021-10-02,Siskiyou,093,43540,3168,3053,1175,4228,42
2021-10-02,Solano,095,438530,44647,43800,1155,44955,321
2021-10-02,Sonoma,097,501317,39866,39497,504,40001,382
2021-10-02,Stanislaus,099,539301,75012,73859,8556,82415,1099
2021-10-02,Sutter,101,95872,13343,13160,287,13447,160
2021-10-02,Tehama,103,63373,7672,7453,1318,8771,93
2021-10-02,Trinity,105,12862,761,625,192,817,10
2021-10-02,Tulare,107,460477,63771,62247,13822,76069,908
2021-10-02,Tuolumne,109,53932,6525,6369,73,6442,89
2021-10-02,Ventura,111,848112,95715,94854,4245,99099,1148
2021-10-02,Yolo,113,214977,18876,18640,1020,19660,242
2021-10-02,Yuba,115,75493,9544,9370,225,9595,66
2021-10-01,Alameda,001,1643700,116287,115185,2787,117972,1343
2021-10-01,Alpine,003,1148,102,102,0,102,0
2021-10-01,Amador,005,37829,5225,5105,54,5159,61
2021-10-01,Butte,007,227075,19362,18911,3551,22462,243
2021-10-01,Calaveras,009,45235,3674,3585,44,3629,72
2021-10-01,Colusa,011,21464,2433,2403,569,2972,18
2021-10-01,Contra Costa,013,1133247,96238,95369,2048,97417,933
2021-10-01,Del Norte,015,27424,3561,3468,39,3507,39
2021-10-01,El Dorado,017,186661,15138,14887,1597,16484,136
2021-10-01,Fresno,019,978130,130673,128450,11651,140101,1964
2021-10-01,Glenn,021,27897,3286,3234,933,4167,26
2021-10-01,Humboldt,023,135768,8439,8244,454,8698,94
2021-10-01,Imperial,025,180216,31990,31674,3146,34820,757
2021-10-01,Inyo,027,18085,1806,1746,50,1796,39
2021-10-01,Kern,029,883053,120087,117962,19584,137546,1524
2021-10-01,Kings,031,150075,29981,29339,1804,31143,301
2021-10-01,Lake,033,64148,6307,6191,131,6322,97
2021-10-01,Lassen,035,31185,6472,6360,313,6673,25
2021-10-01,Los Angeles,037,10098052,1405541,1395070,53458,1448528,26126
2021-10-01,Madera,039,155013,21367,20931,1804,22735,266
2021-10-01,Marin,041,260295,17065,16936,427,17363,242
2021-10-01,Mariposa,043,17540,1039,967,32,999,5
2021-10-01,Mendocino,045,87422,6997,6869,389,7258,78
2021-10-01,Merced,047,269075,39695,39196,1511,40707,552
2021-10-01,Modoc,049,8938,482,468,171,639,5
2021-10-01,Mono,051,14174,1568,1540,17,1557,3
2021-10-01,Monterey,053,433212,47200,46964,3321,50285,571
2021-10-01,Napa,055,140530,12564,12433,93,12526,96
2021-10-01,Nevada,057,99092,8598,8474,312,8786,87
2021-10-01,Orange,059,3164182,300192,297307,14462,311769,5435
2021-10-01,Placer,061,380077,34886,34377,3405,37782,381
2021-10-01,Plumas,063,18699,1380,1298,29,1327,6
2021-10-01,Riverside,065,2383286,350470,347227,16247,363474,4895
2021-10-01,Sacramento,067,1510023,151264,149897,4118,154015,2099
2021-10-01,San Benito,069,59416,7105,7055,156,7211,69
2021-10-01,San Bernardino,071,2135413,343822,341212,10920,352132,5540
2021-10-01,San Diego,073,3302833,359971,356454,20782,377236,4078
2021-10-01,San Francisco,075,870044,50961,50393,2458,52851,634
2021-10-01,San Joaquin,077,732212,95755,94599,5252,99851,1646
2021-10-01,San Luis Obispo,079,281455,28259,27915,1156,29071,323
2021-10-01,San Mateo,081,765935,52099,51767,1372,53139,573
2021-10-01,Santa Barbara,083,443738,43182,42423,1595,44018,508
2021-10-01,Santa Clara,085,1922200,142506,141231,1193,142424,1862
2021-10-01,Santa Cruz,087,273765,19675,19461,1027,20488,214
2021-10-01,Shasta,089,179085,19417,18912,3301,22213,270
2021-10-01,Sierra,091,2930,140,131,16,147,0
2021-10-01,Siskiyou,093,43540,3167,3053,1172,4225,42
2021-10-01,Solano,095,438530,44595,43800,1149,44949,321
2021-10-01,Sonoma,097,501317,39834,39497,503,40000,382
2021-10-01,Stanislaus,099,539301,74930,73859,8544,82403,1099
2021-10-01,Sutter,101,95872,13327,13160,285,13445,160
2021-10-01,Tehama,103,63373,7660,7453,1316,8769,93
2021-10-01,Trinity,105,12862,759,625,192,817,10
2021-10-01,Tulare,107,460477,63668,62247,13787,76034,908
2021-10-01,Tuolumne,109,53932,6508,6369,73,6442,89
2021-10-01,Ventura,111,848112,95655,94854,4239,99093,1148
2021-10-01,Yolo,113,214977,18852,18640,1017,19657,242
2021-10-01,Yuba,115,75493,9522,9370,225,9595,66
2021-09-30,Alameda,001,1643700,116146,115185,2783,117968,1343
2021-09-30,Alpine,003,1148,102,102,0,102,0
2021-09-30,Amador,005,37829,5213,5105,54,5159,61
2021-09-30,Butte,007,227075,19313,18911,3543,22454,243
2021-09-30,Calaveras,009,45235,3660,3585,44,3629,72
2021-09-30,Colusa,011,21464,2430,2403,568,2971,18
2021-09-30,Contra Costa,013,1133247,96135,95369,2043,97412,933
2021-09-30,Del Norte,015,27424,3557,3468,36,3504,39
2021-09-30,El Dorado,017,186661,15113,14887,1589,16476,136
2021-09-30,Fresno,019,978130,130396,128450,11621,140071,1964
2021-09-30,Glenn,021,27897,3275,3234,933,4167,26
2021-09-30,Humboldt,023,135768,8407,8244,448,8692,94
2021-09-30,Imperial,025,180216,31939,31674,3144,34818,757
2021-09-30,Inyo,027,18085,1796,1746,50,1796,39
2021-09-30,Kern,029,883053,119844,117962,19502,137464,1524
2021-09-30,Kings,031,150075,29893,29339,1800,31139,301
2021-09-30,Lake,033,64148,6289,6191,131,6322,97
2021-09-30,Lassen,035,31185,6458,6360,313,6673,25
2021-09-30,Los Angeles,037,10098052,1404336,1395070,53397,1448467,26126
2021-09-30,Madera,039,155013,21284,20931,1789,22720,266
2021-09-30,Marin,041,260295,17045,16936,426,17362,242
2021-09-30,Mariposa,043,17540,1017,967,32,999,5
2021-09-30,Mendocino,045,87422,6988,6869,380,7249,78
2021-09-30,Merced,047,269075,39598,39196,1508,40704,552
2021-09-30,Modoc,049,8938,482,468,170,638,5
2021-09-30,Mono,051,14174,1559,1540,17,1557,3
2021-09-30,Monterey,053,433212,47181,46964,3299,50263,571
2021-09-30,Napa,055,140530,12544,12433,93,12526,96
2021-09-30,Nevada,057,99092,8581,8474,311,8785,87
2021-09-30,Orange,059,3164182,299922,297307,14424,311731,5435
2021-09-30,Placer,061,380077,34834,34377,3384,37761,381
2021-09-30,Plumas,063,18699,1362,1298,29,1327,6
2021-09-30,Riverside,065,2383286,350038,347227,16226,363453,4895
2021-09-30,Sacramento,067,1510023,151009,149897,4092,153989,2099
2021-09-30,San Benito,069,59416,7099,7055,156,7211,69
2021-09-30,San Bernardino,071,2135413,343511,341212,10905,352117,5540
2021-09-30,San Diego,073,3302833,359479,356454,20754,377208,4078
2021-09-30,San Francisco,075,870044,50886,50393,2454,52847,634
2021-09-30,San Joaquin,077,732212,95626,94599,5244,99843,1646
2021-09-30,San Luis Obispo,079,281455,28211,27915,1152,29067,323
2021-09-30,San Mateo,081,765935,52055,51767,1367,53134,573
2021-09-30,Santa Barbara,083,443738,43127,42423,1594,44017,508
2021-09-30,Santa Clara,085,1922200,142356,141231,1190,142421,1862
2021-09-30,Santa Cruz,087,273765,19636,19461,1025,20486,214
2021-09-30,Shasta,089,179085,19355,18912,3286,22198,270
2021-09-30,Sierra,091,2930,139,131,16,147,0
2021-09-30,Siskiyou,093,43540,3159,3053,1167,4220,42
2021-09-30,Solano,095,438530,44543,43800,1146,44946,321
2021-09-30,Sonoma,097,501317,39785,39497,503,40000,382
2021-09-30,Stanislaus,099,539301,74770,73859,8523,82382,1099
2021-09-30,Sutter,101,95872,13306,13160,285,13445,160
2021-09-30,Tehama,103,63373,7623,7453,1305,8758,93
2021-09-30,Trinity,105,12862,755,625,192,817,10
2021-09-30,Tulare,107,460477,63497,62247,13726,75973,908
2021-09-30,Tuolumne,109,53932,6484,6369,73,6442,89
2021-09-30,Ventura,111,848112,95560,94854,4232,99086,1148
2021-09-30,Yolo,113,214977,18814,18640,1013,19653,242
2021-09-30,Yuba,115,75493,9499,9370,224,9594,66
2021-09-29,Alameda,001,1643700,116002,114998,2779,117777,1339
2021-09-29,Alpine,003,1148,102,101,0,101,0
2021-09-29,Amador,005,37829,5191,5058,54,5112,61
2021-09-29,Butte,007,227075,19259,18835,3536,22371,242
2021-09-29,Calaveras,009,45235,3643,3553,43,3596,72
2021-09-29,Colusa,011,21464,2428,2401,568,2969,18
2021-09-29,Contra Costa,013,1133247,96021,95213,2036,97249,929
2021-09-29,Del Norte,015,27424,3551,3467,36,3503,39
2021-09-29,El Dorado,017,186661,15082,14834,1582,16416,136
2021-09-29,Fresno,019,978130,130099,128068,11601,139669,1957
2021-09-29,Glenn,021,27897,3268,3213,931,4144,26
2021-09-29,Humboldt,023,135768,8384,8203,447,8650,94
2021-09-29,Imperial,025,180216,31872,31600,3139,34739,757
2021-09-29,Inyo,027,18085,1786,1740,48,1788,39
2021-09-29,Kern,029,883053,119609,117605,19426,137031,1513
2021-09-29,Kings,031,150075,29809,29195,1785,30980,299
2021-09-29,Lake,033,64148,6269,6164,131,6295,97
2021-09-29,Lassen,035,31185,6444,6347,313,6660,25
2021-09-29,Los Angeles,037,10098052,1403132,1393617,53325,1446942,26098
2021-09-29,Madera,039,155013,21239,20818,1774,22592,266
2021-09-29,Marin,041,260295,17027,16921,424,17345,242
2021-09-29,Mariposa,043,17540,1003,963,32,995,5
2021-09-29,Mendocino,045,87422,6976,6821,372,7193,78
2021-09-29,Merced,047,269075,39505,39026,1496,40522,552
2021-09-29,Modoc,049,8938,480,468,170,638,5
2021-09-29,Mono,051,14174,1558,1527,17,1544,3
2021-09-29,Monterey,053,433212,47152,46917,3278,50195,571
2021-09-29,Napa,055,140530,12524,12416,89,12505,96
2021-09-29,Nevada,057,99092,8568,8434,311,8745,87
2021-09-29,Orange,059,3164182,299652,296936,14389,311325,5429
2021-09-29,Placer,061,380077,34770,34271,3361,37632,379
2021-09-29,Plumas,063,18699,1343,1289,29,1318,6
2021-09-29,Riverside,065,2383286,349602,346558,16215,362773,4886
2021-09-29,Sacramento,067,1510023,150758,149686,4082,153768,2099
2021-09-29,San Benito,069,59416,7088,7039,156,7195,69
2021-09-29,San Bernardino,071,2135413,343190,340672,10892,351564,5539
2021-09-29,San Diego,073,3302833,358977,355899,20724,376623,4066
2021-09-29,San Francisco,075,870044,50801,50286,2451,52737,629
2021-09-29,San Joaquin,077,732212,95468,94356,5222,99578,1645
2021-09-29,San Luis Obispo,079,281455,28165,27800,1146,28946,323
2021-09-29,San Mateo,081,765935,52001,51673,1360,53033,573
2021-09-29,Santa Barbara,083,443738,43055,42328,1590,43918,507
2021-09-29,Santa Clara,085,1922200,142222,141036,1184,142220,1861
2021-09-29,Santa Cruz,087,273765,19619,19425,1023,20448,214
2021-09-29,Shasta,089,179085,19289,18805,3274,22079,271
2021-09-29,Sierra,091,2930,135,130,16,146,0
2021-09-29,Siskiyou,093,43540,3146,3043,1160,4203,42
2021-09-29,Solano,095,438530,44487,43724,1139,44863,321
2021-09-29,Sonoma,097,501317,39724,39426,501,39927,370
2021-09-29,Stanislaus,099,539301,74641,73634,8510,82144,1096
2021-09-29,Sutter,101,95872,13279,13135,282,13417,155
2021-09-29,Tehama,103,63373,7593,7409,1290,8699,88
2021-09-29,Trinity,105,12862,751,616,192,808,10
2021-09-29,Tulare,107,460477,63327,62046,13666,75712,908
2021-09-29,Tuolumne,109,53932,6467,6336,73,6409,89
2021-09-29,Ventura,111,848112,95472,94753,4228,98981,1144
2021-09-29,Yolo,113,214977,18781,18587,1008,19595,239
2021-09-29,Yuba,115,75493,9468,9351,220,9571,66
2021-09-28,Alameda,001,1643700,115844,114869,2772,117641,1333
2021-09-28,Alpine,003,1148,102,101,0,101,0
2021-09-28,Amador,005,37829,5169,5049,54,5103,61
2021-09-28,Butte,007,227075,19208,18764,3523,22287,241
2021-09-28,Calaveras,009,45235,3623,3530,43,3573,72
2021-09-28,Colusa,011,21464,2425,2399,566,2965,18
2021-09-28,Contra Costa,013,1133247,95879,95115,2031,97146,929
2021-09-28,Del Norte,015,27424,3548,3462,36,3498,39
2021-09-28,El Dorado,017,186661,15035,14793,1578,16371,133
2021-09-28,Fresno,019,978130,129753,127877,11574,139451,1948
2021-09-28,Glenn,021,27897,3262,3205,930,4135,26
2021-09-28,Humboldt,023,135768,8342,8159,444,8603,91
2021-09-28,Imperial,025,180216,31828,31543,3135,34678,757
2021-09-28,Inyo,027,18085,1772,1708,47,1755,39
2021-09-28,Kern,029,883053,119341,117420,19330,136750,1506
2021-09-28,Kings,031,150075,29711,29141,1775,30916,295
2021-09-28,Lake,033,64148,6254,6155,131,6286,95
2021-09-28,Lassen,035,31185,6438,6340,309,6649,25
2021-09-28,Los Angeles,037,10098052,1401841,1392445,53257,1445702,26068
2021-09-28,Madera,039,155013,21186,20764,1759,22523,266
2021-09-28,Marin,041,260295,17008,16887,422,17309,242
2021-09-28,Mariposa,043,17540,998,952,32,984,5
2021-09-28,Mendocino,045,87422,6954,6804,370,7174,78
2021-09-28,Merced,047,269075,39419,38953,1482,40435,551
2021-09-28,Modoc,049,8938,479,467,170,637,5
2021-09-28,Mono,051,14174,1548,1527,17,1544,3
2021-09-28,Monterey,053,433212,47120,46859,3264,50123,571
2021-09-28,Napa,055,140530,12507,12388,88,12476,96
2021-09-28,Nevada,057,99092,8545,8409,310,8719,84
2021-09-28,Orange,059,3164182,299401,296596,14362,310958,5421
2021-09-28,Placer,061,380077,34705,34187,3343,37530,370
2021-09-28,Plumas,063,18699,1333,1276,29,1305,6
2021-09-28,Riverside,065,2383286,349141,346096,16193,362289,4874
2021-09-28,Sacramento,067,1510023,150469,149310,4050,153360,2086
2021-09-28,San Benito,069,59416,7071,7028,155,7183,69
2021-09-28,San Bernardino,071,2135413,342839,340342,10874,351216,5540
2021-09-28,San Diego,073,3302833,358415,355373,20693,376066,4054
2021-09-28,San Francisco,075,870044,50703,50234,2445,52679,627
2021-09-28,San Joaquin,077,732212,95315,94194,5209,99403,1639
2021-09-28,San Luis Obispo,079,281455,28130,27755,1141,28896,321
2021-09-28,San Mateo,081,765935,51961,51620,1355,52975,571
2021-09-28,Santa Barbara,083,443738,42983,42226,1586,43812,506
2021-09-28,Santa Clara,085,1922200,142060,140886,1175,142061,1858
2021-09-28,Santa Cruz,087,273765,19578,19324,1022,20346,214
2021-09-28,Shasta,089,179085,19227,18701,3260,21961,267
2021-09-28,Sierra,091,2930,134,130,15,145,0
2021-09-28,Siskiyou,093,43540,3134,3032,1157,4189,42
2021-09-28,Solano,095,438530,44414,43652,1136,44788,316
2021-09-28,Sonoma,097,501317,39677,39395,500,39895,370
2021-09-28,Stanislaus,099,539301,74471,73528,8496,82024,1094
2021-09-28,Sutter,101,95872,13260,13102,278,13380,155
2021-09-28,Tehama,103,63373,7575,7382,1275,8657,88
2021-09-28,Trinity,105,12862,748,613,192,805,10
2021-09-28,Tulare,107,460477,63168,61916,13606,75522,905
2021-09-28,Tuolumne,109,53932,6441,6308,73,6381,89
2021-09-28,Ventura,111,848112,95353,94632,4225,98857,1143
2021-09-28,Yolo,113,214977,18755,18564,1005,19569,239
2021-09-28,Yuba,115,75493,9449,9323,219,9542,66
2021-09-27,Alameda,001,1643700,115657,114731,2763,117494,1327
2021-09-27,Alpine,003,1148,102,101,0,101,0
2021-09-27,Amador,005,37829,5155,5017,54,5071,59
2021-09-27,Butte,007,227075,19151,18687,3507,22194,239
2021-09-27,Calaveras,009,45235,3603,3514,42,3556,70
2021-09-27,Colusa,011,21464,2424,2393,565,2958,18
2021-09-27,Contra Costa,013,1133247,95748,94979,2022,97001,924
2021-09-27,Del Norte,015,27424,3546,3468,34,3502,37
2021-09-27,El Dorado,017,186661,14996,14764,1571,16335,132
2021-09-27,Fresno,019,978130,129433,127475,11541,139016,1942
2021-09-27,Glenn,021,27897,3249,3189,926,4115,26
2021-09-27,Humboldt,023,135768,8302,8118,444,8562,91
2021-09-27,Imperial,025,180216,31765,31491,3128,34619,756
2021-09-27,Inyo,027,18085,1760,1698,47,1745,39
2021-09-27,Kern,029,883053,119065,117064,19231,136295,1503
2021-09-27,Kings,031,150075,29613,28998,1763,30761,297
2021-09-27,Lake,033,64148,6234,6126,131,6257,95
2021-09-27,Lassen,035,31185,6423,6327,305,6632,25
2021-09-27,Los Angeles,037,10098052,1400509,1391538,53187,1444725,26040
2021-09-27,Madera,039,155013,21121,20691,1750,22441,262
2021-09-27,Marin,041,260295,16986,16861,421,17282,242
2021-09-27,Mariposa,043,17540,988,931,32,963,5
2021-09-27,Mendocino,045,87422,6928,6761,363,7124,74
2021-09-27,Merced,047,269075,39321,38840,1476,40316,548
2021-09-27,Modoc,049,8938,478,465,168,633,5
2021-09-27,Mono,051,14174,1533,1525,17,1542,3
2021-09-27,Monterey,053,433212,47081,46811,3248,50059,571
2021-09-27,Napa,055,140530,12483,12354,87,12441,95
2021-09-27,Nevada,057,99092,8522,8379,307,8686,84
2021-09-27,Orange,059,3164182,299095,296334,14332,310666,5409
2021-09-27,Placer,061,380077,34618,34087,3338,37425,370
2021-09-27,Plumas,063,18699,1324,1269,29,1298,6
2021-09-27,Riverside,065,2383286,348700,345529,16183,361712,4864
2021-09-27,Sacramento,067,1510023,150152,149096,4027,153123,2076
2021-09-27,San Benito,069,59416,7054,7017,155,7172,67
2021-09-27,San Bernardino,071,2135413,342427,339952,10849,350801,5544
2021-09-27,San Diego,073,3302833,357757,354755,20668,375423,4054
2021-09-27,San Francisco,075,870044,50619,50157,2442,52599,622
2021-09-27,San Joaquin,077,732212,95132,94085,5206,99291,1633
2021-09-27,San Luis Obispo,079,281455,28075,27674,1138,28812,320
2021-09-27,San Mateo,081,765935,51895,51552,1346,52898,571
2021-09-27,Santa Barbara,083,443738,42917,42012,1582,43594,505
2021-09-27,Santa Clara,085,1922200,141879,140802,1164,141966,1853
2021-09-27,Santa Cruz,087,273765,19555,19292,1021,20313,214
2021-09-27,Shasta,089,179085,19145,18599,3231,21830,267
2021-09-27,Sierra,091,2930,134,128,15,143,0
2021-09-27,Siskiyou,093,43540,3122,3015,1152,4167,42
2021-09-27,Solano,095,438530,44339,43582,1131,44713,314
2021-09-27,Sonoma,097,501317,39622,39347,500,39847,370
2021-09-27,Stanislaus,099,539301,74316,73370,8477,81847,1091
2021-09-27,Sutter,101,95872,13230,13082,274,13356,155
2021-09-27,Tehama,103,63373,7534,7345,1265,8610,88
2021-09-27,Trinity,105,12862,737,605,191,796,9
2021-09-27,Tulare,107,460477,62970,61708,13535,75243,904
2021-09-27,Tuolumne,109,53932,6423,6264,73,6337,89
2021-09-27,Ventura,111,848112,95230,94477,4221,98698,1138
2021-09-27,Yolo,113,214977,18723,18524,1004,19528,239
2021-09-27,Yuba,115,75493,9412,9292,215,9507,64
2021-09-26,Alameda,001,1643700,115460,114601,2756,117357,1326
2021-09-26,Alpine,003,1148,101,101,0,101,0
2021-09-26,Amador,005,37829,5123,5001,53,5054,59
2021-09-26,Butte,007,227075,19075,18634,3490,22124,238
2021-09-26,Calaveras,009,45235,3581,3505,42,3547,70
2021-09-26,Colusa,011,21464,2418,2392,562,2954,18
2021-09-26,Contra Costa,013,1133247,95576,94877,2009,96886,924
2021-09-26,Del Norte,015,27424,3540,3466,33,3499,37
2021-09-26,El Dorado,017,186661,14955,14738,1563,16301,132
2021-09-26,Fresno,019,978130,129078,127235,11502,138737,1939
2021-09-26,Glenn,021,27897,3237,3182,926,4108,26
2021-09-26,Humboldt,023,135768,8267,8098,443,8541,91
2021-09-26,Imperial,025,180216,31704,31462,3127,34589,756
2021-09-26,Inyo,027,18085,1745,1685,47,1732,39
2021-09-26,Kern,029,883053,118729,116927,19120,136047,1502
2021-09-26,Kings,031,150075,29511,28930,1751,30681,293
2021-09-26,Lake,033,64148,6217,6113,131,6244,95
2021-09-26,Lassen,035,31185,6413,6319,300,6619,25
2021-09-26,Los Angeles,037,10098052,1399023,1390577,53114,1443691,26035
2021-09-26,Madera,039,155013,21047,20629,1731,22360,262
2021-09-26,Marin,041,260295,16963,16860,421,17281,242
2021-09-26,Mariposa,043,17540,982,929,32,961,5
2021-09-26,Mendocino,045,87422,6895,6744,348,7092,74
2021-09-26,Merced,047,269075,39160,38717,1471,40188,548
2021-09-26,Modoc,049,8938,478,465,167,632,5
2021-09-26,Mono,051,14174,1531,1516,17,1533,3
2021-09-26,Monterey,053,433212,47036,46792,3232,50024,571
2021-09-26,Napa,055,140530,12459,12340,86,12426,95
2021-09-26,Nevada,057,99092,8491,8356,302,8658,84
2021-09-26,Orange,059,3164182,298763,296085,14299,310384,5409
2021-09-26,Placer,061,380077,34524,34043,3328,37371,370
2021-09-26,Plumas,063,18699,1306,1268,29,1297,6
2021-09-26,Riverside,065,2383286,348168,345257,16169,361426,4864
2021-09-26,Sacramento,067,1510023,149748,148745,4008,152753,2071
2021-09-26,San Benito,069,59416,7037,7012,154,7166,67
2021-09-26,San Bernardino,071,2135413,341974,339771,10834,350605,5545
2021-09-26,San Diego,073,3302833,357118,354414,20625,375039,4051
2021-09-26,San Francisco,075,870044,50495,50092,2432,52524,622
2021-09-26,San Joaquin,077,732212,94927,93935,5191,99126,1633
2021-09-26,San Luis Obispo,079,281455,28002,27624,1133,28757,319
2021-09-26,San Mateo,081,765935,51841,51496,1332,52828,571
2021-09-26,Santa Barbara,083,443738,42831,41946,1579,43525,505
2021-09-26,Santa Clara,085,1922200,141679,140667,1161,141828,1852
2021-09-26,Santa Cruz,087,273765,19530,19279,1021,20300,214
2021-09-26,Shasta,089,179085,19036,18566,3207,21773,266
2021-09-26,Sierra,091,2930,134,128,15,143,0
2021-09-26,Siskiyou,093,43540,3108,2998,1142,4140,42
2021-09-26,Solano,095,438530,44272,43537,1130,44667,314
2021-09-26,Sonoma,097,501317,39563,39302,500,39802,370
2021-09-26,Stanislaus,099,539301,74114,73243,8450,81693,1091
2021-09-26,Sutter,101,95872,13193,13045,273,13318,155
2021-09-26,Tehama,103,63373,7476,7323,1255,8578,88
2021-09-26,Trinity,105,12862,734,591,191,782,9
2021-09-26,Tulare,107,460477,62749,61560,13455,75015,904
2021-09-26,Tuolumne,109,53932,6395,6236,71,6307,89
2021-09-26,Ventura,111,848112,95118,94391,4214,98605,1138
2021-09-26,Yolo,113,214977,18688,18496,996,19492,239
2021-09-26,Yuba,115,75493,9385,9275,215,9490,64
2021-09-25,Alameda,001,1643700,115385,114014,2752,116766,1324
2021-09-25,Alpine,003,1148,101,101,0,101,0
2021-09-25,Amador,005,37829,5109,4934,52,4986,59
2021-09-25,Butte,007,227075,19046,18396,3481,21877,236
2021-09-25,Calaveras,009,45235,3578,3461,42,3503,70
2021-09-25,Colusa,011,21464,2416,2387,560,2947,16
2021-09-25,Contra Costa,013,1133247,95505,94337,2005,96342,924
2021-09-25,Del Norte,015,27424,3539,3404,33,3437,35
2021-09-25,El Dorado,017,186661,14932,14641,1559,16200,130
2021-09-25,Fresno,019,978130,128934,126299,11489,137788,1927
2021-09-25,Glenn,021,27897,3235,3144,925,4069,25
2021-09-25,Humboldt,023,135768,8248,8014,441,8455,88
2021-09-25,Imperial,025,180216,31677,31280,3127,34407,755
2021-09-25,Inyo,027,18085,1737,1657,47,1704,39
2021-09-25,Kern,029,883053,118574,116021,19051,135072,1485
2021-09-25,Kings,031,150075,29460,28636,1748,30384,293
2021-09-25,Lake,033,64148,6212,6046,129,6175,92
2021-09-25,Lassen,035,31185,6401,6248,299,6547,25
2021-09-25,Los Angeles,037,10098052,1398309,1386417,53073,1439490,25964
2021-09-25,Madera,039,155013,21022,20432,1725,22157,262
2021-09-25,Marin,041,260295,16954,16802,419,17221,242
2021-09-25,Mariposa,043,17540,977,906,32,938,5
2021-09-25,Mendocino,045,87422,6876,6657,347,7004,74
2021-09-25,Merced,047,269075,39114,38393,1469,39862,546
2021-09-25,Modoc,049,8938,478,460,167,627,5
2021-09-25,Mono,051,14174,1530,1501,17,1518,3
2021-09-25,Monterey,053,433212,47011,46653,3225,49878,567
2021-09-25,Napa,055,140530,12439,12266,86,12352,95
2021-09-25,Nevada,057,99092,8474,8285,302,8587,84
2021-09-25,Orange,059,3164182,298590,294514,14281,308795,5374
2021-09-25,Placer,061,380077,34460,33764,3325,37089,367
2021-09-25,Plumas,063,18699,1302,1238,29,1267,6
2021-09-25,Riverside,065,2383286,347845,343463,16161,359624,4843
2021-09-25,Sacramento,067,1510023,149572,147728,3998,151726,2049
2021-09-25,San Benito,069,59416,7032,6965,154,7119,67
2021-09-25,San Bernardino,071,2135413,341739,338413,10820,349233,5540
2021-09-25,San Diego,073,3302833,356768,352017,20599,372616,4039
2021-09-25,San Francisco,075,870044,50451,49840,2431,52271,615
2021-09-25,San Joaquin,077,732212,94841,93273,5189,98462,1628
2021-09-25,San Luis Obispo,079,281455,27964,27447,1129,28576,318
2021-09-25,San Mateo,081,765935,51787,51266,1322,52588,568
2021-09-25,Santa Barbara,083,443738,42773,41728,1579,43307,505
2021-09-25,Santa Clara,085,1922200,141573,140023,1158,141181,1844
2021-09-25,Santa Cruz,087,273765,19514,19200,1019,20219,214
2021-09-25,Shasta,089,179085,18985,18256,3198,21454,262
2021-09-25,Sierra,091,2930,133,127,15,142,0
2021-09-25,Siskiyou,093,43540,3101,2956,1132,4088,41
2021-09-25,Solano,095,438530,44231,43331,1127,44458,312
2021-09-25,Sonoma,097,501317,39522,39112,500,39612,369
2021-09-25,Stanislaus,099,539301,74005,72628,8435,81063,1091
2021-09-25,Sutter,101,95872,13175,12976,270,13246,154
2021-09-25,Tehama,103,63373,7461,7200,1253,8453,86
2021-09-25,Trinity,105,12862,734,576,191,767,9
2021-09-25,Tulare,107,460477,62666,60909,13409,74318,898
2021-09-25,Tuolumne,109,53932,6384,6168,71,6239,89
2021-09-25,Ventura,111,848112,95052,94059,4210,98269,1129
2021-09-25,Yolo,113,214977,18666,18393,995,19388,239
2021-09-25,Yuba,115,75493,9365,9191,215,9406,61
2021-09-24,Alameda,001,1643700,115282,114014,2747,116761,1324
2021-09-24,Alpine,003,1148,101,101,0,101,0
2021-09-24,Amador,005,37829,5079,4934,52,4986,59
2021-09-24,Butte,007,227075,18994,18396,3472,21868,236
2021-09-24,Calaveras,009,45235,3571,3461,41,3502,70
2021-09-24,Colusa,011,21464,2413,2387,559,2946,16
2021-09-24,Contra Costa,013,1133247,95397,94337,2001,96338,924
2021-09-24,Del Norte,015,27424,3536,3404,33,3437,35
2021-09-24,El Dorado,017,186661,14914,14641,1555,16196,130
2021-09-24,Fresno,019,978130,128735,126299,11477,137776,1927
2021-09-24,Glenn,021,27897,3230,3144,925,4069,25
2021-09-24,Humboldt,023,135768,8229,8014,438,8452,88
2021-09-24,Imperial,025,180216,31639,31280,3125,34405,755
2021-09-24,Inyo,027,18085,1728,1657,47,1704,39
2021-09-24,Kern,029,883053,118437,116021,18985,135006,1485
2021-09-24,Kings,031,150075,29419,28636,1743,30379,293
2021-09-24,Lake,033,64148,6204,6046,129,6175,92
2021-09-24,Lassen,035,31185,6393,6248,298,6546,25
2021-09-24,Los Angeles,037,10098052,1397430,1386417,53030,1439447,25964
2021-09-24,Madera,039,155013,20991,20432,1716,22148,262
2021-09-24,Marin,041,260295,16940,16802,418,17220,242
2021-09-24,Mariposa,043,17540,965,906,32,938,5
2021-09-24,Mendocino,045,87422,6863,6657,347,7004,74
2021-09-24,Merced,047,269075,39070,38393,1469,39862,546
2021-09-24,Modoc,049,8938,478,460,166,626,5
2021-09-24,Mono,051,14174,1527,1501,17,1518,3
2021-09-24,Monterey,053,433212,46995,46653,3212,49865,567
2021-09-24,Napa,055,140530,12420,12266,86,12352,95
2021-09-24,Nevada,057,99092,8460,8285,299,8584,84
2021-09-24,Orange,059,3164182,298385,294514,14263,308777,5374
2021-09-24,Placer,061,380077,34405,33764,3312,37076,367
2021-09-24,Plumas,063,18699,1297,1238,29,1267,6
2021-09-24,Riverside,065,2383286,347511,343463,16152,359615,4843
2021-09-24,Sacramento,067,1510023,149388,147728,3994,151722,2049
2021-09-24,San Benito,069,59416,7026,6965,154,7119,67
2021-09-24,San Bernardino,071,2135413,341474,338413,10810,349223,5540
2021-09-24,San Diego,073,3302833,356413,352017,20585,372602,4039
2021-09-24,San Francisco,075,870044,50389,49840,2421,52261,615
2021-09-24,San Joaquin,077,732212,94727,93273,5187,98460,1628
2021-09-24,San Luis Obispo,079,281455,27933,27447,1124,28571,318
2021-09-24,San Mateo,081,765935,51734,51266,1315,52581,568
2021-09-24,Santa Barbara,083,443738,42734,41728,1578,43306,505
2021-09-24,Santa Clara,085,1922200,141461,140023,1157,141180,1844
2021-09-24,Santa Cruz,087,273765,19491,19200,1018,20218,214
2021-09-24,Shasta,089,179085,18930,18256,3184,21440,262
2021-09-24,Sierra,091,2930,132,127,15,142,0
2021-09-24,Siskiyou,093,43540,3092,2956,1126,4082,41
2021-09-24,Solano,095,438530,44194,43331,1125,44456,312
2021-09-24,Sonoma,097,501317,39490,39112,500,39612,369
2021-09-24,Stanislaus,099,539301,73890,72628,8420,81048,1091
2021-09-24,Sutter,101,95872,13156,12976,269,13245,154
2021-09-24,Tehama,103,63373,7449,7200,1248,8448,86
2021-09-24,Trinity,105,12862,731,576,191,767,9
2021-09-24,Tulare,107,460477,62575,60909,13364,74273,898
2021-09-24,Tuolumne,109,53932,6355,6168,71,6239,89
2021-09-24,Ventura,111,848112,94974,94059,4203,98262,1129
2021-09-24,Yolo,113,214977,18634,18393,992,19385,239
2021-09-24,Yuba,115,75493,9346,9191,215,9406,61
2021-09-23,Alameda,001,1643700,115128,114014,2742,116756,1324
2021-09-23,Alpine,003,1148,101,101,0,101,0
2021-09-23,Amador,005,37829,5066,4934,52,4986,59
2021-09-23,Butte,007,227075,18932,18396,3448,21844,236
2021-09-23,Calaveras,009,45235,3550,3461,41,3502,70
2021-09-23,Colusa,011,21464,2411,2387,557,2944,16
2021-09-23,Contra Costa,013,1133247,95256,94337,1993,96330,924
2021-09-23,Del Norte,015,27424,3527,3404,32,3436,35
2021-09-23,El Dorado,017,186661,14888,14641,1549,16190,130
2021-09-23,Fresno,019,978130,128440,126299,11459,137758,1927
2021-09-23,Glenn,021,27897,3215,3144,922,4066,25
2021-09-23,Humboldt,023,135768,8203,8014,436,8450,88
2021-09-23,Imperial,025,180216,31603,31280,3125,34405,755
2021-09-23,Inyo,027,18085,1714,1657,47,1704,39
2021-09-23,Kern,029,883053,118180,116021,18903,134924,1485
2021-09-23,Kings,031,150075,29316,28636,1734,30370,293
2021-09-23,Lake,033,64148,6194,6046,129,6175,92
2021-09-23,Lassen,035,31185,6384,6248,293,6541,25
2021-09-23,Los Angeles,037,10098052,1396239,1386417,52966,1439383,25964
2021-09-23,Madera,039,155013,20909,20432,1712,22144,262
2021-09-23,Marin,041,260295,16925,16802,417,17219,242
2021-09-23,Mariposa,043,17540,952,906,32,938,5
2021-09-23,Mendocino,045,87422,6842,6657,345,7002,74
2021-09-23,Merced,047,269075,38967,38393,1462,39855,546
2021-09-23,Modoc,049,8938,477,460,166,626,5
2021-09-23,Mono,051,14174,1525,1501,17,1518,3
2021-09-23,Monterey,053,433212,46956,46653,3192,49845,567
2021-09-23,Napa,055,140530,12403,12266,86,12352,95
2021-09-23,Nevada,057,99092,8433,8285,299,8584,84
2021-09-23,Orange,059,3164182,298087,294514,14241,308755,5374
2021-09-23,Placer,061,380077,34329,33764,3305,37069,367
2021-09-23,Plumas,063,18699,1278,1238,28,1266,6
2021-09-23,Riverside,065,2383286,347060,343463,16144,359607,4843
2021-09-23,Sacramento,067,1510023,149058,147728,3974,151702,2049
2021-09-23,San Benito,069,59416,7015,6965,154,7119,67
2021-09-23,San Bernardino,071,2135413,341115,338413,10795,349208,5540
2021-09-23,San Diego,073,3302833,355950,352017,20546,372563,4039
2021-09-23,San Francisco,075,870044,50317,49840,2418,52258,615
2021-09-23,San Joaquin,077,732212,94554,93273,5172,98445,1628
2021-09-23,San Luis Obispo,079,281455,27890,27447,1122,28569,318
2021-09-23,San Mateo,081,765935,51668,51266,1306,52572,568
2021-09-23,Santa Barbara,083,443738,42656,41728,1575,43303,505
2021-09-23,Santa Clara,085,1922200,141312,140023,1149,141172,1844
2021-09-23,Santa Cruz,087,273765,19460,19200,1018,20218,214
2021-09-23,Shasta,089,179085,18850,18256,3166,21422,262
2021-09-23,Sierra,091,2930,132,127,15,142,0
2021-09-23,Siskiyou,093,43540,3088,2956,1115,4071,41
2021-09-23,Solano,095,438530,44126,43331,1122,44453,312
2021-09-23,Sonoma,097,501317,39431,39112,497,39609,369
2021-09-23,Stanislaus,099,539301,73733,72628,8388,81016,1091
2021-09-23,Sutter,101,95872,13127,12976,269,13245,154
2021-09-23,Tehama,103,63373,7408,7200,1243,8443,86
2021-09-23,Trinity,105,12862,717,576,190,766,9
2021-09-23,Tulare,107,460477,62399,60909,13307,74216,898
2021-09-23,Tuolumne,109,53932,6330,6168,70,6238,89
2021-09-23,Ventura,111,848112,94871,94059,4196,98255,1129
2021-09-23,Yolo,113,214977,18605,18393,987,19380,239
2021-09-23,Yuba,115,75493,9318,9191,214,9405,61
2021-09-22,Alameda,001,1643700,114974,113862,2738,116600,1322
2021-09-22,Alpine,003,1148,101,100,0,100,0
2021-09-22,Amador,005,37829,5050,4915,52,4967,59
2021-09-22,Butte,007,227075,18873,18337,3433,21770,235
2021-09-22,Calaveras,009,45235,3534,3448,41,3489,70
2021-09-22,Colusa,011,21464,2406,2384,556,2940,16
2021-09-22,Contra Costa,013,1133247,95072,94209,1985,96194,924
2021-09-22,Del Norte,015,27424,3516,3386,31,3417,35
2021-09-22,El Dorado,017,186661,14852,14605,1542,16147,127
2021-09-22,Fresno,019,978130,128183,126006,11446,137452,1908
2021-09-22,Glenn,021,27897,3213,3138,921,4059,25
2021-09-22,Humboldt,023,135768,8180,7998,428,8426,80
2021-09-22,Imperial,025,180216,31551,31243,3118,34361,755
2021-09-22,Inyo,027,18085,1704,1651,47,1698,39
2021-09-22,Kern,029,883053,117937,115757,18781,134538,1477
2021-09-22,Kings,031,150075,29232,28589,1728,30317,292
2021-09-22,Lake,033,64148,6182,6035,129,6164,93
2021-09-22,Lassen,035,31185,6364,6209,289,6498,25
2021-09-22,Los Angeles,037,10098052,1394920,1384719,52907,1437626,25930
2021-09-22,Madera,039,155013,20852,20382,1704,22086,262
2021-09-22,Marin,041,260295,16916,16782,414,17196,242
2021-09-22,Mariposa,043,17540,946,901,32,933,5
2021-09-22,Mendocino,045,87422,6815,6624,339,6963,70
2021-09-22,Merced,047,269075,38836,38305,1459,39764,541
2021-09-22,Modoc,049,8938,474,458,166,624,5
2021-09-22,Mono,051,14174,1516,1496,16,1512,3
2021-09-22,Monterey,053,433212,46912,46615,3179,49794,566
2021-09-22,Napa,055,140530,12380,12248,85,12333,95
2021-09-22,Nevada,057,99092,8411,8273,296,8569,84
2021-09-22,Orange,059,3164182,297813,294214,14224,308438,5366
2021-09-22,Placer,061,380077,34242,33661,3292,36953,367
2021-09-22,Plumas,063,18699,1265,1230,28,1258,6
2021-09-22,Riverside,065,2383286,346525,342946,16119,359065,4830
2021-09-22,Sacramento,067,1510023,148743,147533,3943,151476,2043
2021-09-22,San Benito,069,59416,7004,6961,152,7113,67
2021-09-22,San Bernardino,071,2135413,340720,337938,10786,348724,5528
2021-09-22,San Diego,073,3302833,355489,351132,20524,371656,4027
2021-09-22,San Francisco,075,870044,50233,49734,2413,52147,610
2021-09-22,San Joaquin,077,732212,94323,93010,5144,98154,1626
2021-09-22,San Luis Obispo,079,281455,27842,27398,1119,28517,315
2021-09-22,San Mateo,081,765935,51601,51197,1296,52493,568
2021-09-22,Santa Barbara,083,443738,42593,41678,1574,43252,504
2021-09-22,Santa Clara,085,1922200,141148,139803,1142,140945,1844
2021-09-22,Santa Cruz,087,273765,19421,19177,1018,20195,214
2021-09-22,Shasta,089,179085,18760,18153,3154,21307,260
2021-09-22,Sierra,091,2930,132,127,15,142,0
2021-09-22,Siskiyou,093,43540,3071,2947,1105,4052,41
2021-09-22,Solano,095,438530,44061,43269,1121,44390,312
2021-09-22,Sonoma,097,501317,39378,39063,496,39559,369
2021-09-22,Stanislaus,099,539301,73567,72355,8369,80724,1091
2021-09-22,Sutter,101,95872,13107,12960,266,13226,153
2021-09-22,Tehama,103,63373,7381,7173,1240,8413,86
2021-09-22,Trinity,105,12862,716,572,190,762,9
2021-09-22,Tulare,107,460477,62190,60776,13235,74011,896
2021-09-22,Tuolumne,109,53932,6309,6155,69,6224,89
2021-09-22,Ventura,111,848112,94767,93978,4190,98168,1122
2021-09-22,Yolo,113,214977,18567,18342,979,19321,239
2021-09-22,Yuba,115,75493,9289,9169,209,9378,61
2021-09-21,Alameda,001,1643700,114824,113765,2738,116503,1321
2021-09-21,Alpine,003,1148,101,100,0,100,0
2021-09-21,Amador,005,37829,5028,4897,52,4949,59
2021-09-21,Butte,007,227075,18776,18229,3395,21624,232
2021-09-21,Calaveras,009,45235,3516,3437,41,3478,70
2021-09-21,Colusa,011,21464,2403,2378,555,2933,16
2021-09-21,Contra Costa,013,1133247,94879,94101,1970,96071,924
2021-09-21,Del Norte,015,27424,3503,3378,31,3409,34
2021-09-21,El Dorado,017,186661,14822,14578,1535,16113,127
2021-09-21,Fresno,019,978130,127833,125789,11428,137217,1892
2021-09-21,Glenn,021,27897,3206,3134,914,4048,25
2021-09-21,Humboldt,023,135768,8148,7955,423,8378,80
2021-09-21,Imperial,025,180216,31493,31185,3116,34301,755
2021-09-21,Inyo,027,18085,1694,1646,47,1693,39
2021-09-21,Kern,029,883053,117644,115534,18666,134200,1467
2021-09-21,Kings,031,150075,29144,28545,1720,30265,291
2021-09-21,Lake,033,64148,6159,6013,129,6142,90
2021-09-21,Lassen,035,31185,6346,6159,285,6444,25
2021-09-21,Los Angeles,037,10098052,1393478,1383277,52851,1436128,25893
2021-09-21,Madera,039,155013,20791,20317,1693,22010,262
2021-09-21,Marin,041,260295,16901,16748,413,17161,242
2021-09-21,Mariposa,043,17540,941,894,31,925,5
2021-09-21,Mendocino,045,87422,6776,6580,328,6908,68
2021-09-21,Merced,047,269075,38715,38225,1455,39680,539
2021-09-21,Modoc,049,8938,471,458,166,624,5
2021-09-21,Mono,051,14174,1513,1495,15,1510,3
2021-09-21,Monterey,053,433212,46853,46583,3160,49743,565
2021-09-21,Napa,055,140530,12359,12238,85,12323,95
2021-09-21,Nevada,057,99092,8384,8259,286,8545,84
2021-09-21,Orange,059,3164182,297485,293898,14193,308091,5357
2021-09-21,Placer,061,380077,34141,33609,3281,36890,365
2021-09-21,Plumas,063,18699,1259,1225,28,1253,5
2021-09-21,Riverside,065,2383286,345964,342460,16094,358554,4817
2021-09-21,Sacramento,067,1510023,148360,147378,3911,151289,2027
2021-09-21,San Benito,069,59416,6993,6950,151,7101,67
2021-09-21,San Bernardino,071,2135413,340280,337387,10769,348156,5520
2021-09-21,San Diego,073,3302833,354869,350265,20501,370766,4021
2021-09-21,San Francisco,075,870044,50141,49653,2408,52061,609
2021-09-21,San Joaquin,077,732212,94089,92762,5132,97894,1621
2021-09-21,San Luis Obispo,079,281455,27784,27318,1115,28433,314
2021-09-21,San Mateo,081,765935,51538,51136,1290,52426,568
2021-09-21,Santa Barbara,083,443738,42526,41644,1570,43214,503
2021-09-21,Santa Clara,085,1922200,140931,139657,1138,140795,1843
2021-09-21,Santa Cruz,087,273765,19391,19140,1017,20157,212
2021-09-21,Shasta,089,179085,18632,18027,3131,21158,258
2021-09-21,Sierra,091,2930,132,127,15,142,0
2021-09-21,Siskiyou,093,43540,3058,2927,1090,4017,36
2021-09-21,Solano,095,438530,43985,43220,1121,44341,311
2021-09-21,Sonoma,097,501317,39325,39042,496,39538,369
2021-09-21,Stanislaus,099,539301,73380,72211,8347,80558,1091
2021-09-21,Sutter,101,95872,13084,12930,263,13193,153
2021-09-21,Tehama,103,63373,7335,7151,1235,8386,85
2021-09-21,Trinity,105,12862,705,572,188,760,9
2021-09-21,Tulare,107,460477,61975,60607,13174,73781,896
2021-09-21,Tuolumne,109,53932,6278,6139,69,6208,89
2021-09-21,Ventura,111,848112,94663,93818,4183,98001,1120
2021-09-21,Yolo,113,214977,18532,18313,975,19288,239
2021-09-21,Yuba,115,75493,9261,9135,209,9344,61
2021-09-20,Alameda,001,1643700,114645,113637,2734,116371,1320
2021-09-20,Alpine,003,1148,101,100,0,100,0
2021-09-20,Amador,005,37829,5010,4883,51,4934,59
2021-09-20,Butte,007,227075,18694,18135,3379,21514,231
2021-09-20,Calaveras,009,45235,3494,3395,40,3435,66
2021-09-20,Colusa,011,21464,2401,2376,552,2928,16
2021-09-20,Contra Costa,013,1133247,94729,93919,1964,95883,924
2021-09-20,Del Norte,015,27424,3495,3374,30,3404,34
2021-09-20,El Dorado,017,186661,14789,14545,1523,16068,127
2021-09-20,Fresno,019,978130,127420,125287,11406,136693,1889
2021-09-20,Glenn,021,27897,3197,3112,911,4023,25
2021-09-20,Humboldt,023,135768,8112,7938,418,8356,80
2021-09-20,Imperial,025,180216,31411,31146,3115,34261,755
2021-09-20,Inyo,027,18085,1686,1641,46,1687,39
2021-09-20,Kern,029,883053,117304,115271,18533,133804,1459
2021-09-20,Kings,031,150075,29057,28471,1714,30185,285
2021-09-20,Lake,033,64148,6144,5984,128,6112,87
2021-09-20,Lassen,035,31185,6316,6132,285,6417,25
2021-09-20,Los Angeles,037,10098052,1391961,1382206,52770,1434976,25858
2021-09-20,Madera,039,155013,20739,20203,1683,21886,257
2021-09-20,Marin,041,260295,16876,16732,411,17143,242
2021-09-20,Mariposa,043,17540,930,887,31,918,5
2021-09-20,Mendocino,045,87422,6742,6568,323,6891,67
2021-09-20,Merced,047,269075,38607,38144,1445,39589,536
2021-09-20,Modoc,049,8938,470,457,164,621,5
2021-09-20,Mono,051,14174,1508,1480,15,1495,3
2021-09-20,Monterey,053,433212,46819,46506,3134,49640,565
2021-09-20,Napa,055,140530,12334,12209,84,12293,95
2021-09-20,Nevada,057,99092,8364,8228,284,8512,84
2021-09-20,Orange,059,3164182,297143,293642,14167,307809,5354
2021-09-20,Placer,061,380077,34051,33531,3266,36797,364
2021-09-20,Plumas,063,18699,1256,1211,28,1239,5
2021-09-20,Riverside,065,2383286,345464,341961,16080,358041,4802
2021-09-20,Sacramento,067,1510023,147986,147016,3877,150893,2016
2021-09-20,San Benito,069,59416,6984,6947,150,7097,67
2021-09-20,San Bernardino,071,2135413,339887,337059,10753,347812,5507
2021-09-20,San Diego,073,3302833,354194,349579,20464,370043,4009
2021-09-20,San Francisco,075,870044,50039,49559,2402,51961,605
2021-09-20,San Joaquin,077,732212,93846,92614,5119,97733,1615
2021-09-20,San Luis Obispo,079,281455,27708,27259,1106,28365,313
2021-09-20,San Mateo,081,765935,51462,51100,1280,52380,567
2021-09-20,Santa Barbara,083,443738,42430,41589,1566,43155,500
2021-09-20,Santa Clara,085,1922200,140730,139578,1136,140714,1841
2021-09-20,Santa Cruz,087,273765,19359,19121,1017,20138,211
2021-09-20,Shasta,089,179085,18533,17893,3102,20995,258
2021-09-20,Sierra,091,2930,130,126,15,141,0
2021-09-20,Siskiyou,093,43540,3036,2902,1077,3979,35
2021-09-20,Solano,095,438530,43917,43152,1114,44266,312
2021-09-20,Sonoma,097,501317,39280,38991,496,39487,369
2021-09-20,Stanislaus,099,539301,73178,72031,8328,80359,1091
2021-09-20,Sutter,101,95872,13049,12896,258,13154,153
2021-09-20,Tehama,103,63373,7303,7121,1223,8344,84
2021-09-20,Trinity,105,12862,699,568,187,755,7
2021-09-20,Tulare,107,460477,61772,60302,13117,73419,896
2021-09-20,Tuolumne,109,53932,6252,6113,69,6182,89
2021-09-20,Ventura,111,848112,94551,93700,4176,97876,1120
2021-09-20,Yolo,113,214977,18487,18287,973,19260,239
2021-09-20,Yuba,115,75493,9225,9107,207,9314,61
2021-09-19,Alameda,001,1643700,114438,113446,2730,116176,1320
2021-09-19,Alpine,003,1148,100,100,0,100,0
2021-09-19,Amador,005,37829,4970,4875,50,4925,59
2021-09-19,Butte,007,227075,18601,18063,3352,21415,230
2021-09-19,Calaveras,009,45235,3469,3390,37,3427,66
2021-09-19,Colusa,011,21464,2399,2375,550,2925,16
2021-09-19,Contra Costa,013,1133247,94545,93788,1954,95742,924
2021-09-19,Del Norte,015,27424,3468,3344,29,3373,34
2021-09-19,El Dorado,017,186661,14737,14512,1517,16029,127
2021-09-19,Fresno,019,978130,127017,124985,11374,136359,1888
2021-09-19,Glenn,021,27897,3188,3102,906,4008,25
2021-09-19,Humboldt,023,135768,8066,7914,416,8330,80
2021-09-19,Imperial,025,180216,31342,31122,3112,34234,755
2021-09-19,Inyo,027,18085,1677,1639,46,1685,39
2021-09-19,Kern,029,883053,116991,115074,18426,133500,1459
2021-09-19,Kings,031,150075,28929,28416,1705,30121,284
2021-09-19,Lake,033,64148,6113,5962,128,6090,87
2021-09-19,Lassen,035,31185,6296,6129,279,6408,25
2021-09-19,Los Angeles,037,10098052,1389994,1381200,52671,1433871,25852
2021-09-19,Madera,039,155013,20661,20161,1672,21833,257
2021-09-19,Marin,041,260295,16847,16711,409,17120,242
2021-09-19,Mariposa,043,17540,922,881,31,912,5
2021-09-19,Mendocino,045,87422,6697,6538,317,6855,67
2021-09-19,Merced,047,269075,38450,38068,1437,39505,535
2021-09-19,Modoc,049,8938,467,457,162,619,5
2021-09-19,Mono,051,14174,1503,1480,15,1495,3
2021-09-19,Monterey,053,433212,46776,46486,3121,49607,565
2021-09-19,Napa,055,140530,12313,12190,82,12272,95
2021-09-19,Nevada,057,99092,8336,8203,282,8485,84
2021-09-19,Orange,059,3164182,296773,293258,14147,307405,5354
2021-09-19,Placer,061,380077,33938,33406,3248,36654,364
2021-09-19,Plumas,063,18699,1247,1211,28,1239,5
2021-09-19,Riverside,065,2383286,344870,341566,16071,357637,4804
2021-09-19,Sacramento,067,1510023,147627,146603,3831,150434,2012
2021-09-19,San Benito,069,59416,6965,6942,150,7092,67
2021-09-19,San Bernardino,071,2135413,339398,336688,10742,347430,5506
2021-09-19,San Diego,073,3302833,353479,349225,20428,369653,4006
2021-09-19,San Francisco,075,870044,49931,49458,2394,51852,605
2021-09-19,San Joaquin,077,732212,93550,92467,5108,97575,1615
2021-09-19,San Luis Obispo,079,281455,27607,27208,1097,28305,313
2021-09-19,San Mateo,081,765935,51378,51028,1265,52293,567
2021-09-19,Santa Barbara,083,443738,42326,41512,1566,43078,500
2021-09-19,Santa Clara,085,1922200,140543,139410,1131,140541,1841
2021-09-19,Santa Cruz,087,273765,19321,19096,1017,20113,211
2021-09-19,Shasta,089,179085,18419,17813,3067,20880,258
2021-09-19,Sierra,091,2930,129,126,15,141,0
2021-09-19,Siskiyou,093,43540,3010,2882,1068,3950,35
2021-09-19,Solano,095,438530,43828,43056,1109,44165,312
2021-09-19,Sonoma,097,501317,39208,38956,492,39448,369
2021-09-19,Stanislaus,099,539301,72933,71830,8305,80135,1091
2021-09-19,Sutter,101,95872,13022,12868,251,13119,153
2021-09-19,Tehama,103,63373,7249,7081,1212,8293,84
2021-09-19,Trinity,105,12862,688,562,185,747,7
2021-09-19,Tulare,107,460477,61511,60160,13023,73183,896
2021-09-19,Tuolumne,109,53932,6210,6097,69,6166,89
2021-09-19,Ventura,111,848112,94389,93491,4167,97658,1120
2021-09-19,Yolo,113,214977,18437,18238,967,19205,239
2021-09-19,Yuba,115,75493,9199,9087,206,9293,61
2021-09-18,Alameda,001,1643700,114334,113300,2729,116029,1320
2021-09-18,Alpine,003,1148,100,100,0,100,0
2021-09-18,Amador,005,37829,4960,4850,50,4900,59
2021-09-18,Butte,007,227075,18564,17961,3338,21299,230
2021-09-18,Calaveras,009,45235,3463,3361,36,3397,66
2021-09-18,Colusa,011,21464,2399,2373,549,2922,16
2021-09-18,Contra Costa,013,1133247,94455,93656,1950,95606,924
2021-09-18,Del Norte,015,27424,3460,3326,27,3353,34
2021-09-18,El Dorado,017,186661,14714,14472,1513,15985,127
2021-09-18,Fresno,019,978130,126875,124771,11361,136132,1889
2021-09-18,Glenn,021,27897,3180,3086,905,3991,25
2021-09-18,Humboldt,023,135768,8052,7881,414,8295,80
2021-09-18,Imperial,025,180216,31318,31096,3111,34207,755
2021-09-18,Inyo,027,18085,1671,1636,46,1682,39
2021-09-18,Kern,029,883053,116837,114781,18362,133143,1459
2021-09-18,Kings,031,150075,28881,28330,1700,30030,285
2021-09-18,Lake,033,64148,6096,5936,128,6064,87
2021-09-18,Lassen,035,31185,6286,6121,276,6397,25
2021-09-18,Los Angeles,037,10098052,1389237,1379880,52619,1432499,25849
2021-09-18,Madera,039,155013,20617,20126,1663,21789,257
2021-09-18,Marin,041,260295,16830,16685,408,17093,242
2021-09-18,Mariposa,043,17540,919,871,31,902,5
2021-09-18,Mendocino,045,87422,6676,6523,317,6840,67
2021-09-18,Merced,047,269075,38413,37977,1431,39408,535
2021-09-18,Modoc,049,8938,467,457,161,618,5
2021-09-18,Mono,051,14174,1501,1480,15,1495,3
2021-09-18,Monterey,053,433212,46744,46466,3112,49578,565
2021-09-18,Napa,055,140530,12301,12168,82,12250,95
2021-09-18,Nevada,057,99092,8319,8183,282,8465,84
2021-09-18,Orange,059,3164182,296576,293005,14133,307138,5354
2021-09-18,Placer,061,380077,33867,33309,3245,36554,364
2021-09-18,Plumas,063,18699,1247,1204,28,1232,5
2021-09-18,Riverside,065,2383286,344483,341136,16058,357194,4802
2021-09-18,Sacramento,067,1510023,147444,146162,3822,149984,2016
2021-09-18,San Benito,069,59416,6960,6937,150,7087,67
2021-09-18,San Bernardino,071,2135413,339126,336380,10729,347109,5501
2021-09-18,San Diego,073,3302833,353078,348848,20418,369266,4006
2021-09-18,San Francisco,075,870044,49869,49359,2388,51747,605
2021-09-18,San Joaquin,077,732212,93441,92242,5096,97338,1615
2021-09-18,San Luis Obispo,079,281455,27570,27181,1094,28275,313
2021-09-18,San Mateo,081,765935,51329,50961,1261,52222,567
2021-09-18,Santa Barbara,083,443738,42262,41465,1566,43031,500
2021-09-18,Santa Clara,085,1922200,140422,139233,1128,140361,1841
2021-09-18,Santa Cruz,087,273765,19301,19079,1017,20096,211
2021-09-18,Shasta,089,179085,18356,17777,3049,20826,258
2021-09-18,Sierra,091,2930,128,125,15,140,0
2021-09-18,Siskiyou,093,43540,3007,2875,1062,3937,35
2021-09-18,Solano,095,438530,43788,42966,1106,44072,312
2021-09-18,Sonoma,097,501317,39173,38891,490,39381,369
2021-09-18,Stanislaus,099,539301,72787,71587,8280,79867,1091
2021-09-18,Sutter,101,95872,13008,12829,251,13080,153
2021-09-18,Tehama,103,63373,7234,7055,1204,8259,84
2021-09-18,Trinity,105,12862,686,561,185,746,7
2021-09-18,Tulare,107,460477,61436,60003,12971,72974,896
2021-09-18,Tuolumne,109,53932,6195,6069,69,6138,89
2021-09-18,Ventura,111,848112,94321,93424,4162,97586,1120
2021-09-18,Yolo,113,214977,18411,18213,961,19174,239
2021-09-18,Yuba,115,75493,9185,9061,205,9266,61
2021-09-17,Alameda,001,1643700,114212,113070,2727,115797,1320
2021-09-17,Alpine,003,1148,100,99,0,99,0
2021-09-17,Amador,005,37829,4944,4835,49,4884,58
2021-09-17,Butte,007,227075,18513,17870,3329,21199,230
2021-09-17,Calaveras,009,45235,3451,3338,35,3373,66
2021-09-17,Colusa,011,21464,2398,2369,544,2913,16
2021-09-17,Contra Costa,013,1133247,94355,93485,1947,95432,924
2021-09-17,Del Norte,015,27424,3455,3311,25,3336,34
2021-09-17,El Dorado,017,186661,14695,14421,1511,15932,127
2021-09-17,Fresno,019,978130,126656,124296,11352,135648,1882
2021-09-17,Glenn,021,27897,3165,3072,903,3975,25
2021-09-17,Humboldt,023,135768,8031,7850,414,8264,80
2021-09-17,Imperial,025,180216,31292,31031,3110,34141,755
2021-09-17,Inyo,027,18085,1663,1634,46,1680,39
2021-09-17,Kern,029,883053,116646,114303,18266,132569,1456
2021-09-17,Kings,031,150075,28816,28240,1698,29938,281
2021-09-17,Lake,033,64148,6083,5915,128,6043,87
2021-09-17,Lassen,035,31185,6271,6080,274,6354,25
2021-09-17,Los Angeles,037,10098052,1388268,1377905,52549,1430454,25820
2021-09-17,Madera,039,155013,20565,20040,1651,21691,257
2021-09-17,Marin,041,260295,16817,16658,406,17064,242
2021-09-17,Mariposa,043,17540,917,869,31,900,5
2021-09-17,Mendocino,045,87422,6657,6498,317,6815,67
2021-09-17,Merced,047,269075,38366,37803,1429,39232,533
2021-09-17,Modoc,049,8938,467,456,161,617,5
2021-09-17,Mono,051,14174,1497,1457,15,1472,3
2021-09-17,Monterey,053,433212,46724,46421,3108,49529,564
2021-09-17,Napa,055,140530,12280,12153,82,12235,95
2021-09-17,Nevada,057,99092,8304,8157,282,8439,84
2021-09-17,Orange,059,3164182,296360,292685,14115,306800,5346
2021-09-17,Placer,061,380077,33806,33188,3234,36422,362
2021-09-17,Plumas,063,18699,1238,1192,27,1219,5
2021-09-17,Riverside,065,2383286,344081,340445,16048,356493,4792
2021-09-17,Sacramento,067,1510023,147245,145985,3811,149796,1999
2021-09-17,San Benito,069,59416,6957,6929,150,7079,67
2021-09-17,San Bernardino,071,2135413,338772,335810,10722,346532,5488
2021-09-17,San Diego,073,3302833,352644,348098,20401,368499,4002
2021-09-17,San Francisco,075,870044,49819,49249,2381,51630,605
2021-09-17,San Joaquin,077,732212,93303,91977,5084,97061,1610
2021-09-17,San Luis Obispo,079,281455,27536,27102,1083,28185,311
2021-09-17,San Mateo,081,765935,51280,50854,1255,52109,564
2021-09-17,Santa Barbara,083,443738,42200,41354,1566,42920,498
2021-09-17,Santa Clara,085,1922200,140273,138939,1127,140066,1838
2021-09-17,Santa Cruz,087,273765,19276,19039,1017,20056,211
2021-09-17,Shasta,089,179085,18285,17617,3036,20653,254
2021-09-17,Sierra,091,2930,128,124,15,139,0
2021-09-17,Siskiyou,093,43540,2992,2852,1062,3914,35
2021-09-17,Solano,095,438530,43725,42898,1102,44000,312
2021-09-17,Sonoma,097,501317,39136,38808,489,39297,369
2021-09-17,Stanislaus,099,539301,72681,71408,8262,79670,1091
2021-09-17,Sutter,101,95872,12992,12799,249,13048,153
2021-09-17,Tehama,103,63373,7210,7020,1192,8212,84
2021-09-17,Trinity,105,12862,681,556,184,740,7
2021-09-17,Tulare,107,460477,61320,59689,12937,72626,895
2021-09-17,Tuolumne,109,53932,6177,6047,68,6115,89
2021-09-17,Ventura,111,848112,94209,93273,4159,97432,1116
2021-09-17,Yolo,113,214977,18380,18177,957,19134,239
2021-09-17,Yuba,115,75493,9158,9019,204,9223,61
2021-09-16,Alameda,001,1643700,114033,112770,2723,115493,1318
2021-09-16,Alpine,003,1148,100,99,0,99,0
2021-09-16,Amador,005,37829,4924,4819,49,4868,58
2021-09-16,Butte,007,227075,18439,17750,3312,21062,230
2021-09-16,Calaveras,009,45235,3417,3313,35,3348,66
2021-09-16,Colusa,011,21464,2396,2363,542,2905,16
2021-09-16,Contra Costa,013,1133247,94186,93213,1938,95151,917
2021-09-16,Del Norte,015,27424,3437,3285,25,3310,34
2021-09-16,El Dorado,017,186661,14655,14372,1503,15875,127
2021-09-16,Fresno,019,978130,126299,123853,11310,135163,1868
2021-09-16,Glenn,021,27897,3153,3068,901,3969,24
2021-09-16,Humboldt,023,135768,7997,7809,404,8213,80
2021-09-16,Imperial,025,180216,31249,30966,3101,34067,753
2021-09-16,Inyo,027,18085,1661,1623,46,1669,39
2021-09-16,Kern,029,883053,116375,113828,18198,132026,1448
2021-09-16,Kings,031,150075,28730,28114,1689,29803,280
2021-09-16,Lake,033,64148,6059,5890,125,6015,87
2021-09-16,Lassen,035,31185,6237,6028,267,6295,25
2021-09-16,Los Angeles,037,10098052,1386884,1376277,52483,1428760,25796
2021-09-16,Madera,039,155013,20489,19974,1645,21619,257
2021-09-16,Marin,041,260295,16790,16625,405,17030,242
2021-09-16,Mariposa,043,17540,911,849,31,880,6
2021-09-16,Mendocino,045,87422,6625,6445,308,6753,67
2021-09-16,Merced,047,269075,38259,37675,1426,39101,532
2021-09-16,Modoc,049,8938,465,455,161,616,5
2021-09-16,Mono,051,14174,1488,1449,15,1464,3
2021-09-16,Monterey,053,433212,46678,46342,3094,49436,562
2021-09-16,Napa,055,140530,12255,12115,78,12193,95
2021-09-16,Nevada,057,99092,8276,8121,281,8402,84
2021-09-16,Orange,059,3164182,296017,292183,14095,306278,5340
2021-09-16,Placer,061,380077,33710,33037,3215,36252,354
2021-09-16,Plumas,063,18699,1228,1178,27,1205,5
2021-09-16,Riverside,065,2383286,343550,339770,16034,355804,4786
2021-09-16,Sacramento,067,1510023,146887,145754,3778,149532,1996
2021-09-16,San Benito,069,59416,6944,6913,149,7062,67
2021-09-16,San Bernardino,071,2135413,338346,335129,10716,345845,5474
2021-09-16,San Diego,073,3302833,352018,347472,20366,367838,3994
2021-09-16,San Francisco,075,870044,49735,49133,2371,51504,605
2021-09-16,San Joaquin,077,732212,93061,91650,5039,96689,1608
2021-09-16,San Luis Obispo,079,281455,27464,27044,1079,28123,310
2021-09-16,San Mateo,081,765935,51219,50773,1239,52012,564
2021-09-16,Santa Barbara,083,443738,42134,41272,1563,42835,497
2021-09-16,Santa Clara,085,1922200,140118,138685,1123,139808,1835
2021-09-16,Santa Cruz,087,273765,19248,19011,1017,20028,211
2021-09-16,Shasta,089,179085,18160,17438,3002,20440,251
2021-09-16,Sierra,091,2930,128,123,15,138,0
2021-09-16,Siskiyou,093,43540,2972,2819,1055,3874,35
2021-09-16,Solano,095,438530,43653,42792,1096,43888,312
2021-09-16,Sonoma,097,501317,39073,38707,488,39195,369
2021-09-16,Stanislaus,099,539301,72446,71105,8245,79350,1091
2021-09-16,Sutter,101,95872,12948,12729,243,12972,152
2021-09-16,Tehama,103,63373,7171,6953,1181,8134,83
2021-09-16,Trinity,105,12862,678,547,182,729,7
2021-09-16,Tulare,107,460477,61100,59459,12862,72321,894
2021-09-16,Tuolumne,109,53932,6157,5999,67,6066,89
2021-09-16,Ventura,111,848112,94070,93087,4155,97242,1110
2021-09-16,Yolo,113,214977,18349,18135,955,19090,239
2021-09-16,Yuba,115,75493,9124,8981,201,9182,61
2021-09-15,Alameda,001,1643700,113860,112498,2715,115213,1317
2021-09-15,Alpine,003,1148,100,99,0,99,0
2021-09-15,Amador,005,37829,4916,4792,49,4841,58
2021-09-15,Butte,007,227075,18341,17664,3292,20956,228
2021-09-15,Calaveras,009,45235,3385,3293,33,3326,66
2021-09-15,Colusa,011,21464,2394,2352,539,2891,16
2021-09-15,Contra Costa,013,1133247,94006,92989,1926,94915,913
2021-09-15,Del Norte,015,27424,3424,3271,23,3294,34
2021-09-15,El Dorado,017,186661,14629,14309,1495,15804,127
2021-09-15,Fresno,019,978130,125921,123370,11269,134639,1867
2021-09-15,Glenn,021,27897,3140,3051,896,3947,20
2021-09-15,Humboldt,023,135768,7962,7754,399,8153,52
2021-09-15,Imperial,025,180216,31194,30891,3096,33987,753
2021-09-15,Inyo,027,18085,1657,1614,46,1660,39
2021-09-15,Kern,029,883053,116026,113546,18098,131644,1434
2021-09-15,Kings,031,150075,28650,27991,1680,29671,279
2021-09-15,Lake,033,64148,6027,5852,124,5976,85
2021-09-15,Lassen,035,31185,6177,6018,262,6280,25
2021-09-15,Los Angeles,037,10098052,1385390,1374307,52412,1426719,25767
2021-09-15,Madera,039,155013,20415,19880,1638,21518,257
2021-09-15,Marin,041,260295,16755,16592,400,16992,242
2021-09-15,Mariposa,043,17540,900,843,31,874,5
2021-09-15,Mendocino,045,87422,6595,6399,303,6702,66
2021-09-15,Merced,047,269075,38151,37508,1424,38932,529
2021-09-15,Modoc,049,8938,465,454,161,615,5
2021-09-15,Mono,051,14174,1484,1445,15,1460,3
2021-09-15,Monterey,053,433212,46613,46317,3077,49394,562
2021-09-15,Napa,055,140530,12234,12082,78,12160,95
2021-09-15,Nevada,057,99092,8254,8081,278,8359,84
2021-09-15,Orange,059,3164182,295694,291834,14075,305909,5328
2021-09-15,Placer,061,380077,33599,32860,3193,36053,352
2021-09-15,Plumas,063,18699,1223,1164,26,1190,5
2021-09-15,Riverside,065,2383286,342967,339077,16010,355087,4769
2021-09-15,Sacramento,067,1510023,146461,145202,3746,148948,1981
2021-09-15,San Benito,069,59416,6941,6902,149,7051,67
2021-09-15,San Bernardino,071,2135413,337888,334556,10702,345258,5470
2021-09-15,San Diego,073,3302833,351389,346933,20340,367273,3983
2021-09-15,San Francisco,075,870044,49625,48999,2366,51365,605
2021-09-15,San Joaquin,077,732212,92787,91322,4995,96317,1607
2021-09-15,San Luis Obispo,079,281455,27381,26943,1073,28016,306
2021-09-15,San Mateo,081,765935,51141,50691,1233,51924,564
2021-09-15,Santa Barbara,083,443738,42034,41077,1559,42636,497
2021-09-15,Santa Clara,085,1922200,139946,138410,1118,139528,1833
2021-09-15,Santa Cruz,087,273765,19210,18984,1015,19999,210
2021-09-15,Shasta,089,179085,18049,17317,2981,20298,250
2021-09-15,Sierra,091,2930,128,123,15,138,0
2021-09-15,Siskiyou,093,43540,2952,2804,1024,3828,35
2021-09-15,Solano,095,438530,43581,42682,1091,43773,312
2021-09-15,Sonoma,097,501317,39014,38629,488,39117,369
2021-09-15,Stanislaus,099,539301,72223,70852,8224,79076,1091
2021-09-15,Sutter,101,95872,12915,12699,238,12937,151
2021-09-15,Tehama,103,63373,7130,6894,1172,8066,79
2021-09-15,Trinity,105,12862,676,541,180,721,7
2021-09-15,Tulare,107,460477,60843,59149,12800,71949,890
2021-09-15,Tuolumne,109,53932,6131,5969,67,6036,89
2021-09-15,Ventura,111,848112,93929,92960,4148,97108,1109
2021-09-15,Yolo,113,214977,18315,18064,947,19011,239
2021-09-15,Yuba,115,75493,9089,8953,201,9154,61
2021-09-14,Alameda,001,1643700,113649,112329,2709,115038,1316
2021-09-14,Alpine,003,1148,100,98,0,98,0
2021-09-14,Amador,005,37829,4896,4790,49,4839,57
2021-09-14,Butte,007,227075,18209,17516,3268,20784,226
2021-09-14,Calaveras,009,45235,3362,3280,30,3310,66
2021-09-14,Colusa,011,21464,2390,2344,535,2879,16
2021-09-14,Contra Costa,013,1133247,93808,92822,1917,94739,908
2021-09-14,Del Norte,015,27424,3408,3252,22,3274,32
2021-09-14,El Dorado,017,186661,14577,14247,1487,15734,123
2021-09-14,Fresno,019,978130,125446,123151,11226,134377,1856
2021-09-14,Glenn,021,27897,3119,3045,891,3936,20
2021-09-14,Humboldt,023,135768,7928,7717,394,8111,52
2021-09-14,Imperial,025,180216,31143,30845,3093,33938,752
2021-09-14,Inyo,027,18085,1648,1605,46,1651,39
2021-09-14,Kern,029,883053,115647,113250,17972,131222,1428
2021-09-14,Kings,031,150075,28574,27955,1672,29627,278
2021-09-14,Lake,033,64148,5995,5845,124,5969,83
2021-09-14,Lassen,035,31185,6163,5977,257,6234,25
2021-09-14,Los Angeles,037,10098052,1383555,1372831,52327,1425158,25729
2021-09-14,Madera,039,155013,20333,19800,1629,21429,254
2021-09-14,Marin,041,260295,16728,16584,398,16982,242
2021-09-14,Mariposa,043,17540,889,834,30,864,5
2021-09-14,Mendocino,045,87422,6560,6372,291,6663,65
2021-09-14,Merced,047,269075,38001,37430,1420,38850,526
2021-09-14,Modoc,049,8938,464,453,161,614,5
2021-09-14,Mono,051,14174,1472,1440,15,1455,4
2021-09-14,Monterey,053,433212,46583,46224,3053,49277,558
2021-09-14,Napa,055,140530,12201,12070,77,12147,91
2021-09-14,Nevada,057,99092,8220,8056,278,8334,83
2021-09-14,Orange,059,3164182,295305,291423,14051,305474,5319
2021-09-14,Placer,061,380077,33469,32735,3172,35907,350
2021-09-14,Plumas,063,18699,1212,1148,26,1174,5
2021-09-14,Riverside,065,2383286,342325,338534,15980,354514,4748
2021-09-14,Sacramento,067,1510023,146077,145051,3693,148744,1977
2021-09-14,San Benito,069,59416,6932,6887,148,7035,64
2021-09-14,San Bernardino,071,2135413,337393,333968,10677,344645,5465
2021-09-14,San Diego,073,3302833,350718,346204,20295,366499,3966
2021-09-14,San Francisco,075,870044,49503,48998,2351,51349,603
2021-09-14,San Joaquin,077,732212,92548,91128,4985,96113,1596
2021-09-14,San Luis Obispo,079,281455,27308,26845,1068,27913,304
2021-09-14,San Mateo,081,765935,51051,50602,1222,51824,564
2021-09-14,Santa Barbara,083,443738,41939,40783,1550,42333,495
2021-09-14,Santa Clara,085,1922200,139712,138321,1114,139435,1828
2021-09-14,Santa Cruz,087,273765,19170,18965,1013,19978,210
2021-09-14,Shasta,089,179085,17918,17152,2960,20112,246
2021-09-14,Sierra,091,2930,128,123,15,138,0
2021-09-14,Siskiyou,093,43540,2927,2756,1007,3763,35
2021-09-14,Solano,095,438530,43498,42599,1088,43687,307
2021-09-14,Sonoma,097,501317,38944,38595,484,39079,369
2021-09-14,Stanislaus,099,539301,71965,70697,8196,78893,1091
2021-09-14,Sutter,101,95872,12873,12670,231,12901,149
2021-09-14,Tehama,103,63373,7076,6859,1164,8023,80
2021-09-14,Trinity,105,12862,670,538,179,717,7
2021-09-14,Tulare,107,460477,60591,58961,12728,71689,888
2021-09-14,Tuolumne,109,53932,6110,5951,65,6016,89
2021-09-14,Ventura,111,848112,93749,92841,4132,96973,1107
2021-09-14,Yolo,113,214977,18271,18039,942,18981,239
2021-09-14,Yuba,115,75493,9053,8928,201,9129,61
2021-09-13,Alameda,001,1643700,113432,112159,2704,114863,1309
2021-09-13,Alpine,003,1148,99,98,0,98,0
2021-09-13,Amador,005,37829,4878,4761,49,4810,56
2021-09-13,Butte,007,227075,18085,17393,3241,20634,225
2021-09-13,Calaveras,009,45235,3332,3253,28,3281,65
2021-09-13,Colusa,011,21464,2380,2346,530,2876,16
2021-09-13,Contra Costa,013,1133247,93562,92658,1912,94570,908
2021-09-13,Del Norte,015,27424,3372,3232,22,3254,28
2021-09-13,El Dorado,017,186661,14517,14194,1478,15672,119
2021-09-13,Fresno,019,978130,124979,122650,11169,133819,1853
2021-09-13,Glenn,021,27897,3107,3026,883,3909,20
2021-09-13,Humboldt,023,135768,7896,7659,391,8050,52
2021-09-13,Imperial,025,180216,31091,30802,3090,33892,751
2021-09-13,Inyo,027,18085,1641,1602,46,1648,39
2021-09-13,Kern,029,883053,115266,112930,17846,130776,1424
2021-09-13,Kings,031,150075,28464,27858,1660,29518,275
2021-09-13,Lake,033,64148,5973,5809,124,5933,82
2021-09-13,Lassen,035,31185,6128,5953,256,6209,25
2021-09-13,Los Angeles,037,10098052,1381699,1371423,52258,1423681,25703
2021-09-13,Madera,039,155013,20262,19735,1619,21354,252
2021-09-13,Marin,041,260295,16692,16557,397,16954,242
2021-09-13,Mariposa,043,17540,875,825,30,855,5
2021-09-13,Mendocino,045,87422,6526,6323,282,6605,61
2021-09-13,Merced,047,269075,37850,37291,1414,38705,521
2021-09-13,Modoc,049,8938,463,451,161,612,5
2021-09-13,Mono,051,14174,1466,1435,15,1450,3
2021-09-13,Monterey,053,433212,46501,46188,3032,49220,558
2021-09-13,Napa,055,140530,12183,12039,77,12116,91
2021-09-13,Nevada,057,99092,8194,8021,276,8297,83
2021-09-13,Orange,059,3164182,294869,291128,14030,305158,5312
2021-09-13,Placer,061,380077,33304,32617,3155,35772,343
2021-09-13,Plumas,063,18699,1201,1142,26,1168,5
2021-09-13,Riverside,065,2383286,341680,337876,15962,353838,4731
2021-09-13,Sacramento,067,1510023,145589,144537,3659,148196,1956
2021-09-13,San Benito,069,59416,6917,6867,147,7014,64
2021-09-13,San Bernardino,071,2135413,336905,333613,10653,344266,5441
2021-09-13,San Diego,073,3302833,349928,345647,20245,365892,3961
2021-09-13,San Francisco,075,870044,49374,48914,2345,51259,603
2021-09-13,San Joaquin,077,732212,92265,90966,4967,95933,1581
2021-09-13,San Luis Obispo,079,281455,27211,26805,1065,27870,300
2021-09-13,San Mateo,081,765935,50971,50525,1208,51733,564
2021-09-13,Santa Barbara,083,443738,41822,40661,1543,42204,494
2021-09-13,Santa Clara,085,1922200,139466,138152,1108,139260,1820
2021-09-13,Santa Cruz,087,273765,19130,18917,1012,19929,210
2021-09-13,Shasta,089,179085,17789,17033,2918,19951,243
2021-09-13,Sierra,091,2930,128,123,15,138,0
2021-09-13,Siskiyou,093,43540,2912,2745,995,3740,35
2021-09-13,Solano,095,438530,43396,42501,1084,43585,306
2021-09-13,Sonoma,097,501317,38877,38513,481,38994,368
2021-09-13,Stanislaus,099,539301,71713,70477,8158,78635,1091
2021-09-13,Sutter,101,95872,12815,12624,227,12851,145
2021-09-13,Tehama,103,63373,7013,6803,1152,7955,79
2021-09-13,Trinity,105,12862,668,533,177,710,7
2021-09-13,Tulare,107,460477,60305,58768,12664,71432,887
2021-09-13,Tuolumne,109,53932,6079,5909,65,5974,89
2021-09-13,Ventura,111,848112,93596,92679,4123,96802,1107
2021-09-13,Yolo,113,214977,18229,17974,937,18911,239
2021-09-13,Yuba,115,75493,9008,8884,200,9084,61
2021-09-12,Alameda,001,1643700,113162,111961,2700,114661,1309
2021-09-12,Alpine,003,1148,99,98,0,98,0
2021-09-12,Amador,005,37829,4857,4752,49,4801,56
2021-09-12,Butte,007,227075,17940,17257,3196,20453,221
2021-09-12,Calaveras,009,45235,3300,3236,24,3260,65
2021-09-12,Colusa,011,21464,2377,2344,529,2873,16
2021-09-12,Contra Costa,013,1133247,93295,92498,1900,94398,908
2021-09-12,Del Norte,015,27424,3337,3200,22,3222,28
2021-09-12,El Dorado,017,186661,14444,14167,1461,15628,119
2021-09-12,Fresno,019,978130,124464,122407,11121,133528,1853
2021-09-12,Glenn,021,27897,3088,3016,876,3892,20
2021-09-12,Humboldt,023,135768,7825,7636,380,8016,52
2021-09-12,Imperial,025,180216,31028,30790,3084,33874,751
2021-09-12,Inyo,027,18085,1631,1596,45,1641,39
2021-09-12,Kern,029,883053,114855,112602,17687,130289,1424
2021-09-12,Kings,031,150075,28354,27764,1643,29407,274
2021-09-12,Lake,033,64148,5934,5781,122,5903,82
2021-09-12,Lassen,035,31185,6091,5943,246,6189,25
2021-09-12,Los Angeles,037,10098052,1379647,1365968,52179,1418147,25630
2021-09-12,Madera,039,155013,20175,19691,1607,21298,252
2021-09-12,Marin,041,260295,16669,16526,397,16923,242
2021-09-12,Mariposa,043,17540,864,811,28,839,5
2021-09-12,Mendocino,045,87422,6485,6283,274,6557,61
2021-09-12,Merced,047,269075,37677,37172,1403,38575,521
2021-09-12,Modoc,049,8938,463,451,160,611,5
2021-09-12,Mono,051,14174,1456,1431,15,1446,3
2021-09-12,Monterey,053,433212,46422,46167,3004,49171,558
2021-09-12,Napa,055,140530,12153,12011,77,12088,91
2021-09-12,Nevada,057,99092,8155,7987,273,8260,83
2021-09-12,Orange,059,3164182,294404,290718,14006,304724,5312
2021-09-12,Placer,061,380077,33156,32520,3130,35650,343
2021-09-12,Plumas,063,18699,1185,1138,26,1164,5
2021-09-12,Riverside,065,2383286,340996,337332,15930,353262,4731
2021-09-12,Sacramento,067,1510023,145081,144030,3618,147648,1959
2021-09-12,San Benito,069,59416,6898,6852,146,6998,64
2021-09-12,San Bernardino,071,2135413,336295,333049,10640,343689,5439
2021-09-12,San Diego,073,3302833,349104,345058,20173,365231,3942
2021-09-12,San Francisco,075,870044,49263,48819,2337,51156,603
2021-09-12,San Joaquin,077,732212,91936,90730,4959,95689,1581
2021-09-12,San Luis Obispo,079,281455,27093,26729,1052,27781,299
2021-09-12,San Mateo,081,765935,50875,50432,1194,51626,564
2021-09-12,Santa Barbara,083,443738,41716,40600,1535,42135,494
2021-09-12,Santa Clara,085,1922200,139213,137899,1104,139003,1820
2021-09-12,Santa Cruz,087,273765,19098,18892,1011,19903,210
2021-09-12,Shasta,089,179085,17624,16957,2859,19816,243
2021-09-12,Sierra,091,2930,128,123,15,138,0
2021-09-12,Siskiyou,093,43540,2885,2730,980,3710,35
2021-09-12,Solano,095,438530,43290,42409,1079,43488,306
2021-09-12,Sonoma,097,501317,38799,38456,479,38935,368
2021-09-12,Stanislaus,099,539301,71416,70184,8118,78302,1091
2021-09-12,Sutter,101,95872,12773,12589,221,12810,145
2021-09-12,Tehama,103,63373,6949,6732,1140,7872,79
2021-09-12,Trinity,105,12862,664,529,175,704,7
2021-09-12,Tulare,107,460477,59948,58582,12601,71183,887
2021-09-12,Tuolumne,109,53932,6046,5888,65,5953,89
2021-09-12,Ventura,111,848112,93479,92496,4117,96613,1107
2021-09-12,Yolo,113,214977,18163,17943,929,18872,239
2021-09-12,Yuba,115,75493,8971,8842,200,9042,61
2021-09-11,Alameda,001,1643700,113036,111715,2698,114413,1309
2021-09-11,Alpine,003,1148,99,98,0,98,0
2021-09-11,Amador,005,37829,4844,4728,48,4776,56
2021-09-11,Butte,007,227075,17858,17218,3167,20385,221
2021-09-11,Calaveras,009,45235,3297,3208,23,3231,65
2021-09-11,Colusa,011,21464,2376,2338,526,2864,16
2021-09-11,Contra Costa,013,1133247,93177,92269,1895,94164,908
2021-09-11,Del Norte,015,27424,3321,3184,22,3206,28
2021-09-11,El Dorado,017,186661,14425,14117,1454,15571,119
2021-09-11,Fresno,019,978130,124284,122224,11100,133324,1853
2021-09-11,Glenn,021,27897,3084,3007,874,3881,20
2021-09-11,Humboldt,023,135768,7803,7615,377,7992,52
2021-09-11,Imperial,025,180216,31003,30760,3080,33840,751
2021-09-11,Inyo,027,18085,1628,1590,45,1635,39
2021-09-11,Kern,029,883053,114607,112205,17569,129774,1424
2021-09-11,Kings,031,150075,28305,27631,1637,29268,275
2021-09-11,Lake,033,64148,5914,5761,122,5883,82
2021-09-11,Lassen,035,31185,6076,5930,242,6172,25
2021-09-11,Los Angeles,037,10098052,1378683,1365831,52113,1417944,25630
2021-09-11,Madera,039,155013,20122,19648,1601,21249,252
2021-09-11,Marin,041,260295,16641,16496,396,16892,242
2021-09-11,Mariposa,043,17540,859,799,28,827,5
2021-09-11,Mendocino,045,87422,6461,6257,274,6531,61
2021-09-11,Merced,047,269075,37623,37042,1400,38442,521
2021-09-11,Modoc,049,8938,463,449,160,609,5
2021-09-11,Mono,051,14174,1452,1431,15,1446,3
2021-09-11,Monterey,053,433212,46391,46140,2996,49136,558
2021-09-11,Napa,055,140530,12130,11991,77,12068,91
2021-09-11,Nevada,057,99092,8140,7967,273,8240,83
2021-09-11,Orange,059,3164182,294104,290429,13989,304418,5306
2021-09-11,Placer,061,380077,33072,32414,3119,35533,344
2021-09-11,Plumas,063,18699,1181,1112,26,1138,5
2021-09-11,Riverside,065,2383286,340558,336585,15916,352501,4731
2021-09-11,Sacramento,067,1510023,144781,143557,3605,147162,1955
2021-09-11,San Benito,069,59416,6885,6844,146,6990,64
2021-09-11,San Bernardino,071,2135413,335955,332512,10626,343138,5430
2021-09-11,San Diego,073,3302833,348614,344355,20149,364504,3942
2021-09-11,San Francisco,075,870044,49208,48660,2331,50991,603
2021-09-11,San Joaquin,077,732212,91791,90482,4952,95434,1581
2021-09-11,San Luis Obispo,079,281455,27047,26651,1051,27702,299
2021-09-11,San Mateo,081,765935,50810,50341,1192,51533,564
2021-09-11,Santa Barbara,083,443738,41643,40451,1535,41986,494
2021-09-11,Santa Clara,085,1922200,139063,137659,1101,138760,1820
2021-09-11,Santa Cruz,087,273765,19069,18865,1011,19876,210
2021-09-11,Shasta,089,179085,17532,16877,2838,19715,243
2021-09-11,Sierra,091,2930,128,123,15,138,0
2021-09-11,Siskiyou,093,43540,2868,2717,977,3694,35
2021-09-11,Solano,095,438530,43239,42344,1076,43420,306
2021-09-11,Sonoma,097,501317,38752,38399,477,38876,368
2021-09-11,Stanislaus,099,539301,71291,69974,8103,78077,1091
2021-09-11,Sutter,101,95872,12747,12538,218,12756,145
2021-09-11,Tehama,103,63373,6928,6703,1132,7835,79
2021-09-11,Trinity,105,12862,657,526,175,701,7
2021-09-11,Tulare,107,460477,59837,58321,12554,70875,889
2021-09-11,Tuolumne,109,53932,6027,5879,62,5941,89
2021-09-11,Ventura,111,848112,93400,92328,4112,96440,1107
2021-09-11,Yolo,113,214977,18139,17906,924,18830,239
2021-09-11,Yuba,115,75493,8946,8813,200,9013,61
2021-09-10,Alameda,001,1643700,112844,111386,2697,114083,1306
2021-09-10,Alpine,003,1148,98,97,0,97,0
2021-09-10,Amador,005,37829,4832,4706,48,4754,56
2021-09-10,Butte,007,227075,17783,17051,3152,20203,222
2021-09-10,Calaveras,009,45235,3291,3183,23,3206,65
2021-09-10,Colusa,011,21464,2372,2327,523,2850,16
2021-09-10,Contra Costa,013,1133247,93056,92024,1893,93917,908
2021-09-10,Del Norte,015,27424,3306,3128,21,3149,28
2021-09-10,El Dorado,017,186661,14394,14051,1449,15500,119
2021-09-10,Fresno,019,978130,123963,121659,11079,132738,1846
2021-09-10,Glenn,021,27897,3079,2977,874,3851,20
2021-09-10,Humboldt,023,135768,7770,7543,373,7916,52
2021-09-10,Imperial,025,180216,30979,30716,3078,33794,751
2021-09-10,Inyo,027,18085,1624,1590,45,1635,39
2021-09-10,Kern,029,883053,114353,111832,17450,129282,1419
2021-09-10,Kings,031,150075,28231,27473,1629,29102,274
2021-09-10,Lake,033,64148,5898,5713,120,5833,79
2021-09-10,Lassen,035,31185,6068,5914,239,6153,25
2021-09-10,Los Angeles,037,10098052,1377476,1365709,52045,1417754,25630
2021-09-10,Madera,039,155013,20076,19520,1596,21116,252
2021-09-10,Marin,041,260295,16622,16458,393,16851,242
2021-09-10,Mariposa,043,17540,854,795,28,823,5
2021-09-10,Mendocino,045,87422,6430,6184,273,6457,61
2021-09-10,Merced,047,269075,37571,36884,1399,38283,521
2021-09-10,Modoc,049,8938,463,448,160,608,5
2021-09-10,Mono,051,14174,1449,1422,15,1437,3
2021-09-10,Monterey,053,433212,46364,46084,2977,49061,557
2021-09-10,Napa,055,140530,12106,11948,77,12025,90
2021-09-10,Nevada,057,99092,8122,7932,272,8204,83
2021-09-10,Orange,059,3164182,293801,290022,13980,304002,5302
2021-09-10,Placer,061,380077,32972,32264,3106,35370,343
2021-09-10,Plumas,063,18699,1174,1111,26,1137,5
2021-09-10,Riverside,065,2383286,340084,335988,15909,351897,4720
2021-09-10,Sacramento,067,1510023,144438,143244,3597,146841,1950
2021-09-10,San Benito,069,59416,6881,6824,146,6970,64
2021-09-10,San Bernardino,071,2135413,335535,331894,10616,342510,5422
2021-09-10,San Diego,073,3302833,348051,343173,20108,363281,3941
2021-09-10,San Francisco,075,870044,49131,48518,2322,50840,602
2021-09-10,San Joaquin,077,732212,91612,90208,4945,95153,1573
2021-09-10,San Luis Obispo,079,281455,27014,26526,1049,27575,299
2021-09-10,San Mateo,081,765935,50752,50251,1186,51437,564
2021-09-10,Santa Barbara,083,443738,41590,40321,1532,41853,492
2021-09-10,Santa Clara,085,1922200,138879,137337,1100,138437,1817
2021-09-10,Santa Cruz,087,273765,19050,18785,1010,19795,210
2021-09-10,Shasta,089,179085,17438,16667,2810,19477,242
2021-09-10,Sierra,091,2930,128,117,15,132,0
2021-09-10,Siskiyou,093,43540,2856,2702,973,3675,35
2021-09-10,Solano,095,438530,43165,42230,1069,43299,305
2021-09-10,Sonoma,097,501317,38694,38271,476,38747,368
2021-09-10,Stanislaus,099,539301,71133,69617,8079,77696,1091
2021-09-10,Sutter,101,95872,12713,12468,218,12686,145
2021-09-10,Tehama,103,63373,6895,6652,1126,7778,77
2021-09-10,Trinity,105,12862,653,524,175,699,7
2021-09-10,Tulare,107,460477,59690,57930,12508,70438,883
2021-09-10,Tuolumne,109,53932,6009,5842,61,5903,89
2021-09-10,Ventura,111,848112,93311,92145,4107,96252,1104
2021-09-10,Yolo,113,214977,18115,17825,919,18744,239
2021-09-10,Yuba,115,75493,8927,8760,199,8959,62
2021-09-09,Alameda,001,1643700,112626,111014,2691,113705,1306
2021-09-09,Alpine,003,1148,98,94,0,94,0
2021-09-09,Amador,005,37829,4811,4698,47,4745,56
2021-09-09,Butte,007,227075,17638,16874,3126,20000,221
2021-09-09,Calaveras,009,45235,3257,3165,23,3188,65
2021-09-09,Colusa,011,21464,2365,2321,521,2842,16
2021-09-09,Contra Costa,013,1133247,92847,91687,1888,93575,904
2021-09-09,Del Norte,015,27424,3283,3102,21,3123,28
2021-09-09,El Dorado,017,186661,14337,13970,1439,15409,119
2021-09-09,Fresno,019,978130,123491,121040,11046,132086,1838
2021-09-09,Glenn,021,27897,3066,2947,867,3814,20
2021-09-09,Humboldt,023,135768,7721,7471,366,7837,52
2021-09-09,Imperial,025,180216,30941,30661,3075,33736,751
2021-09-09,Inyo,027,18085,1617,1586,45,1631,39
2021-09-09,Kern,029,883053,114005,111390,17290,128680,1414
2021-09-09,Kings,031,150075,28130,27282,1618,28900,273
2021-09-09,Lake,033,64148,5874,5638,118,5756,79
2021-09-09,Lassen,035,31185,6018,5860,233,6093,25
2021-09-09,Los Angeles,037,10098052,1375615,1363735,51971,1415706,25583
2021-09-09,Madera,039,155013,20003,19401,1583,20984,252
2021-09-09,Marin,041,260295,16598,16416,390,16806,242
2021-09-09,Mariposa,043,17540,841,779,27,806,5
2021-09-09,Mendocino,045,87422,6398,6089,264,6353,61
2021-09-09,Merced,047,269075,37416,36634,1386,38020,516
2021-09-09,Modoc,049,8938,463,448,160,608,5
2021-09-09,Mono,051,14174,1443,1420,15,1435,3
2021-09-09,Monterey,053,433212,46322,45991,2954,48945,556
2021-09-09,Napa,055,140530,12074,11878,77,11955,90
2021-09-09,Nevada,057,99092,8084,7855,272,8127,82
2021-09-09,Orange,059,3164182,293394,289109,13948,303057,5299
2021-09-09,Placer,061,380077,32855,32048,3091,35139,342
2021-09-09,Plumas,063,18699,1164,1098,25,1123,5
2021-09-09,Riverside,065,2383286,339445,334774,15891,350665,4701
2021-09-09,Sacramento,067,1510023,143956,142728,3551,146279,1929
2021-09-09,San Benito,069,59416,6871,6820,145,6965,64
2021-09-09,San Bernardino,071,2135413,334972,331040,10604,341644,5417
2021-09-09,San Diego,073,3302833,347325,342149,20051,362200,3929
2021-09-09,San Francisco,075,870044,49021,48404,2309,50713,597
2021-09-09,San Joaquin,077,732212,91338,89874,4927,94801,1570
2021-09-09,San Luis Obispo,079,281455,26932,26472,1046,27518,296
2021-09-09,San Mateo,081,765935,50640,50143,1174,51317,561
2021-09-09,Santa Barbara,083,443738,41485,40180,1527,41707,490
2021-09-09,Santa Clara,085,1922200,138656,137017,1095,138112,1816
2021-09-09,Santa Cruz,087,273765,19004,18728,1010,19738,210
2021-09-09,Shasta,089,179085,17292,16401,2767,19168,238
2021-09-09,Sierra,091,2930,128,115,15,130,0
2021-09-09,Siskiyou,093,43540,2833,2683,959,3642,35
2021-09-09,Solano,095,438530,43049,42081,1065,43146,303
2021-09-09,Sonoma,097,501317,38626,38171,475,38646,360
2021-09-09,Stanislaus,099,539301,70848,69178,8045,77223,1074
2021-09-09,Sutter,101,95872,12658,12396,216,12612,144
2021-09-09,Tehama,103,63373,6841,6554,1121,7675,75
2021-09-09,Trinity,105,12862,647,523,173,696,6
2021-09-09,Tulare,107,460477,59448,57564,12448,70012,879
2021-09-09,Tuolumne,109,53932,5981,5802,60,5862,89
2021-09-09,Ventura,111,848112,93168,91610,4098,95708,1098
2021-09-09,Yolo,113,214977,18059,17724,916,18640,239
2021-09-09,Yuba,115,75493,8882,8707,196,8903,55
2021-09-08,Alameda,001,1643700,112372,110781,2687,113468,1305
2021-09-08,Alpine,003,1148,98,94,0,94,0
2021-09-08,Amador,005,37829,4799,4693,47,4740,56
2021-09-08,Butte,007,227075,17505,16775,3109,19884,220
2021-09-08,Calaveras,009,45235,3238,3157,23,3180,63
2021-09-08,Colusa,011,21464,2363,2308,519,2827,16
2021-09-08,Contra Costa,013,1133247,92575,91471,1883,93354,900
2021-09-08,Del Norte,015,27424,3259,3085,21,3106,25
2021-09-08,El Dorado,017,186661,14257,13928,1417,15345,119
2021-09-08,Fresno,019,978130,123000,120644,10995,131639,1831
2021-09-08,Glenn,021,27897,3048,2942,855,3797,20
2021-09-08,Humboldt,023,135768,7678,7438,357,7795,52
2021-09-08,Imperial,025,180216,30908,30609,3062,33671,751
2021-09-08,Inyo,027,18085,1606,1580,45,1625,39
2021-09-08,Kern,029,883053,113608,110933,17150,128083,1409
2021-09-08,Kings,031,150075,28001,27235,1603,28838,267
2021-09-08,Lake,033,64148,5844,5618,116,5734,79
2021-09-08,Lassen,035,31185,6001,5848,225,6073,25
2021-09-08,Los Angeles,037,10098052,1373551,1362029,51883,1413912,25533
2021-09-08,Madera,039,155013,19943,19352,1569,20921,252
2021-09-08,Marin,041,260295,16570,16386,389,16775,242
2021-09-08,Mariposa,043,17540,829,777,26,803,5
2021-09-08,Mendocino,045,87422,6353,6069,255,6324,61
2021-09-08,Merced,047,269075,37255,36500,1374,37874,516
2021-09-08,Modoc,049,8938,463,448,160,608,5
2021-09-08,Mono,051,14174,1440,1418,15,1433,3
2021-09-08,Monterey,053,433212,46284,45959,2936,48895,554
2021-09-08,Napa,055,140530,12039,11842,75,11917,90
2021-09-08,Nevada,057,99092,8048,7843,271,8114,82
2021-09-08,Orange,059,3164182,292987,288511,13924,302435,5290
2021-09-08,Placer,061,380077,32718,31852,3074,34926,337
2021-09-08,Plumas,063,18699,1157,1072,24,1096,5
2021-09-08,Riverside,065,2383286,338685,334037,15864,349901,4683
2021-09-08,Sacramento,067,1510023,143478,142448,3502,145950,1921
2021-09-08,San Benito,069,59416,6854,6800,144,6944,64
2021-09-08,San Bernardino,071,2135413,334369,330279,10588,340867,5411
2021-09-08,San Diego,073,3302833,346389,341437,20005,361442,3926
2021-09-08,San Francisco,075,870044,48882,48263,2306,50569,589
2021-09-08,San Joaquin,077,732212,91059,89631,4902,94533,1561
2021-09-08,San Luis Obispo,079,281455,26839,26303,1041,27344,294
2021-09-08,San Mateo,081,765935,50543,50051,1171,51222,561
2021-09-08,Santa Barbara,083,443738,41374,40000,1523,41523,490
2021-09-08,Santa Clara,085,1922200,138425,136836,1089,137925,1810
2021-09-08,Santa Cruz,087,273765,18967,18699,1010,19709,210
2021-09-08,Shasta,089,179085,17138,16227,2723,18950,234
2021-09-08,Sierra,091,2930,128,113,15,128,0
2021-09-08,Siskiyou,093,43540,2800,2643,948,3591,35
2021-09-08,Solano,095,438530,42957,41971,1062,43033,302
2021-09-08,Sonoma,097,501317,38543,38075,474,38549,360
2021-09-08,Stanislaus,099,539301,70602,68945,8006,76951,1074
2021-09-08,Sutter,101,95872,12593,12349,213,12562,144
2021-09-08,Tehama,103,63373,6774,6520,1104,7624,75
2021-09-08,Trinity,105,12862,644,520,169,689,6
2021-09-08,Tulare,107,460477,59124,57425,12391,69816,876
2021-09-08,Tuolumne,109,53932,5948,5783,58,5841,89
2021-09-08,Ventura,111,848112,93018,91345,4080,95425,1096
2021-09-08,Yolo,113,214977,17977,17680,911,18591,239
2021-09-08,Yuba,115,75493,8840,8675,194,8869,55
2021-09-07,Alameda,001,1643700,112067,110550,2681,113231,1301
2021-09-07,Alpine,003,1148,97,94,0,94,0
2021-09-07,Amador,005,37829,4772,4679,47,4726,53
2021-09-07,Butte,007,227075,17349,16723,3073,19796,220
2021-09-07,Calaveras,009,45235,3197,3140,21,3161,63
2021-09-07,Colusa,011,21464,2352,2306,518,2824,16
2021-09-07,Contra Costa,013,1133247,92315,91167,1877,93044,891
2021-09-07,Del Norte,015,27424,3245,3081,21,3102,24
2021-09-07,El Dorado,017,186661,14185,13892,1401,15293,119
2021-09-07,Fresno,019,978130,122451,120268,10943,131211,1828
2021-09-07,Glenn,021,27897,3028,2937,847,3784,20
2021-09-07,Humboldt,023,135768,7618,7397,340,7737,52
2021-09-07,Imperial,025,180216,30868,30584,3054,33638,751
2021-09-07,Inyo,027,18085,1600,1579,44,1623,39
2021-09-07,Kern,029,883053,113175,110674,16987,127661,1408
2021-09-07,Kings,031,150075,27877,27169,1585,28754,267
2021-09-07,Lake,033,64148,5801,5597,108,5705,78
2021-09-07,Lassen,035,31185,5983,5842,219,6061,21
2021-09-07,Los Angeles,037,10098052,1371323,1360407,51789,1412196,25486
2021-09-07,Madera,039,155013,19856,19316,1562,20878,249
2021-09-07,Marin,041,260295,16532,16363,389,16752,242
2021-09-07,Mariposa,043,17540,814,771,26,797,5
2021-09-07,Mendocino,045,87422,6296,6036,244,6280,61
2021-09-07,Merced,047,269075,37081,36400,1368,37768,513
2021-09-07,Modoc,049,8938,461,449,160,609,5
2021-09-07,Mono,051,14174,1431,1416,15,1431,3
2021-09-07,Monterey,053,433212,46218,45911,2905,48816,543
2021-09-07,Napa,055,140530,11998,11814,75,11889,90
2021-09-07,Nevada,057,99092,8020,7829,271,8100,82
2021-09-07,Orange,059,3164182,292555,288225,13893,302118,5274
2021-09-07,Placer,061,380077,32565,31710,3045,34755,337
2021-09-07,Plumas,063,18699,1142,1071,24,1095,5
2021-09-07,Riverside,065,2383286,337898,333390,15846,349236,4666
2021-09-07,Sacramento,067,1510023,142938,142364,3455,145819,1905
2021-09-07,San Benito,069,59416,6836,6786,144,6930,64
2021-09-07,San Bernardino,071,2135413,333625,329962,10562,340524,5407
2021-09-07,San Diego,073,3302833,345377,340709,19942,360651,3922
2021-09-07,San Francisco,075,870044,48744,48175,2298,50473,589
2021-09-07,San Joaquin,077,732212,90724,89468,4888,94356,1548
2021-09-07,San Luis Obispo,079,281455,26721,26253,1032,27285,287
2021-09-07,San Mateo,081,765935,50455,49913,1165,51078,561
2021-09-07,Santa Barbara,083,443738,41249,39957,1518,41475,489
2021-09-07,Santa Clara,085,1922200,138139,136631,1082,137713,1807
2021-09-07,Santa Cruz,087,273765,18918,18669,1007,19676,210
2021-09-07,Shasta,089,179085,16980,16096,2669,18765,226
2021-09-07,Sierra,091,2930,128,111,15,126,0
2021-09-07,Siskiyou,093,43540,2774,2607,930,3537,34
2021-09-07,Solano,095,438530,42827,41862,1058,42920,300
2021-09-07,Sonoma,097,501317,38459,38013,471,38484,358
2021-09-07,Stanislaus,099,539301,70316,68831,7978,76809,1074
2021-09-07,Sutter,101,95872,12519,12310,207,12517,138
2021-09-07,Tehama,103,63373,6722,6482,1084,7566,74
2021-09-07,Trinity,105,12862,638,517,169,686,6
2021-09-07,Tulare,107,460477,58771,57228,12309,69537,874
2021-09-07,Tuolumne,109,53932,5911,5759,58,5817,88
2021-09-07,Ventura,111,848112,92807,91246,4069,95315,1093
2021-09-07,Yolo,113,214977,17908,17653,906,18559,235
2021-09-07,Yuba,115,75493,8797,8642,189,8831,55
2021-09-06,Alameda,001,1643700,111757,110357,2672,113029,1301
2021-09-06,Alpine,003,1148,95,94,0,94,0
2021-09-06,Amador,005,37829,4756,4648,46,4694,53
2021-09-06,Butte,007,227075,17157,16588,3029,19617,218
2021-09-06,Calaveras,009,45235,3179,3122,21,3143,63
2021-09-06,Colusa,011,21464,2345,2306,513,2819,16
2021-09-06,Contra Costa,013,1133247,92022,90971,1867,92838,891
2021-09-06,Del Norte,015,27424,3204,3037,20,3057,24
2021-09-06,El Dorado,017,186661,14116,13848,1385,15233,119
2021-09-06,Fresno,019,978130,121884,119738,10884,130622,1828
2021-09-06,Glenn,021,27897,2994,2912,832,3744,20
2021-09-06,Humboldt,023,135768,7541,7320,322,7642,52
2021-09-06,Imperial,025,180216,30805,30576,3048,33624,751
2021-09-06,Inyo,027,18085,1592,1578,30,1608,39
2021-09-06,Kern,029,883053,112666,110347,16795,127142,1408
2021-09-06,Kings,031,150075,27735,27094,1568,28662,264
2021-09-06,Lake,033,64148,5737,5548,101,5649,78
2021-09-06,Lassen,035,31185,5957,5822,208,6030,21
2021-09-06,Los Angeles,037,10098052,1368951,1359348,51670,1411018,25477
2021-09-06,Madera,039,155013,19754,19191,1538,20729,249
2021-09-06,Marin,041,260295,16492,16356,389,16745,242
2021-09-06,Mariposa,043,17540,802,764,26,790,5
2021-09-06,Mendocino,045,87422,6228,5984,230,6214,61
2021-09-06,Merced,047,269075,36864,36300,1359,37659,513
2021-09-06,Modoc,049,8938,458,449,160,609,5
2021-09-06,Mono,051,14174,1428,1416,15,1431,3
2021-09-06,Monterey,053,433212,46153,45833,2861,48694,541
2021-09-06,Napa,055,140530,11955,11792,74,11866,90
2021-09-06,Nevada,057,99092,7972,7748,269,8017,82
2021-09-06,Orange,059,3164182,292058,287948,13839,301787,5274
2021-09-06,Placer,061,380077,32389,31595,3006,34601,337
2021-09-06,Plumas,063,18699,1121,1068,21,1089,5
2021-09-06,Riverside,065,2383286,337080,333052,15825,348877,4666
2021-09-06,Sacramento,067,1510023,142298,141730,3385,145115,1905
2021-09-06,San Benito,069,59416,6813,6777,141,6918,64
2021-09-06,San Bernardino,071,2135413,332742,329693,10531,340224,5398
2021-09-06,San Diego,073,3302833,344361,340222,19847,360069,3922
2021-09-06,San Francisco,075,870044,48610,48120,2292,50412,589
2021-09-06,San Joaquin,077,732212,90380,89293,4862,94155,1548
2021-09-06,San Luis Obispo,079,281455,26592,26183,1029,27212,286
2021-09-06,San Mateo,081,765935,50344,49859,1148,51007,561
2021-09-06,Santa Barbara,083,443738,41121,39876,1509,41385,489
2021-09-06,Santa Clara,085,1922200,137850,136458,1079,137537,1807
2021-09-06,Santa Cruz,087,273765,18866,18615,1004,19619,210
2021-09-06,Shasta,089,179085,16800,15985,2614,18599,226
2021-09-06,Sierra,091,2930,128,109,15,124,0
2021-09-06,Siskiyou,093,43540,2730,2595,896,3491,34
2021-09-06,Solano,095,438530,42680,41774,1052,42826,300
2021-09-06,Sonoma,097,501317,38339,37929,470,38399,358
2021-09-06,Stanislaus,099,539301,69942,68596,7930,76526,1074
2021-09-06,Sutter,101,95872,12457,12238,198,12436,138
2021-09-06,Tehama,103,63373,6660,6413,1057,7470,74
2021-09-06,Trinity,105,12862,635,515,167,682,6
2021-09-06,Tulare,107,460477,58417,57068,12228,69296,874
2021-09-06,Tuolumne,109,53932,5876,5697,58,5755,88
2021-09-06,Ventura,111,848112,92632,91132,4058,95190,1093
2021-09-06,Yolo,113,214977,17826,17576,900,18476,235
2021-09-06,Yuba,115,75493,8747,8584,185,8769,55
2021-09-05,Alameda,001,1643700,111567,110173,2669,112842,1301
2021-09-05,Alpine,003,1148,95,94,0,94,0
2021-09-05,Amador,005,37829,4744,4642,46,4688,53
2021-09-05,Butte,007,227075,17067,16504,3001,19505,218
2021-09-05,Calaveras,009,45235,3172,3106,21,3127,63
2021-09-05,Colusa,011,21464,2337,2305,511,2816,16
2021-09-05,Contra Costa,013,1133247,91838,90862,1861,92723,891
2021-09-05,Del Norte,015,27424,3183,3023,20,3043,24
2021-09-05,El Dorado,017,186661,14087,13827,1371,15198,119
2021-09-05,Fresno,019,978130,121587,119384,10850,130234,1828
2021-09-05,Glenn,021,27897,2985,2899,829,3728,20
2021-09-05,Humboldt,023,135768,7508,7312,319,7631,52
2021-09-05,Imperial,025,180216,30776,30548,3046,33594,751
2021-09-05,Inyo,027,18085,1589,1572,30,1602,39
2021-09-05,Kern,029,883053,112366,110073,16631,126704,1408
2021-09-05,Kings,031,150075,27658,26989,1564,28553,264
2021-09-05,Lake,033,64148,5717,5525,101,5626,78
2021-09-05,Lassen,035,31185,5935,5820,204,6024,21
2021-09-05,Los Angeles,037,10098052,1367665,1357748,51596,1409344,25465
2021-09-05,Madera,039,155013,19711,19155,1527,20682,249
2021-09-05,Marin,041,260295,16473,16342,388,16730,242
2021-09-05,Mariposa,043,17540,798,761,26,787,5
2021-09-05,Mendocino,045,87422,6194,5965,230,6195,61
2021-09-05,Merced,047,269075,36788,36243,1358,37601,513
2021-09-05,Modoc,049,8938,458,447,160,607,5
2021-09-05,Mono,051,14174,1428,1416,15,1431,3
2021-09-05,Monterey,053,433212,46129,45795,2848,48643,540
2021-09-05,Napa,055,140530,11930,11770,74,11844,90
2021-09-05,Nevada,057,99092,7950,7722,268,7990,82
2021-09-05,Orange,059,3164182,291772,287614,13822,301436,5274
2021-09-05,Placer,061,380077,32262,31487,2992,34479,337
2021-09-05,Plumas,063,18699,1115,1067,21,1088,5
2021-09-05,Riverside,065,2383286,336628,332604,15814,348418,4654
2021-09-05,Sacramento,067,1510023,141859,141276,3363,144639,1905
2021-09-05,San Benito,069,59416,6812,6764,141,6905,64
2021-09-05,San Bernardino,071,2135413,332361,329062,10516,339578,5392
2021-09-05,San Diego,073,3302833,343802,339427,19811,359238,3914
2021-09-05,San Francisco,075,870044,48532,48035,2287,50322,589
2021-09-05,San Joaquin,077,732212,90215,89121,4845,93966,1548
2021-09-05,San Luis Obispo,079,281455,26544,26098,1028,27126,285
2021-09-05,San Mateo,081,765935,50280,49809,1142,50951,561
2021-09-05,Santa Barbara,083,443738,41054,39762,1507,41269,489
2021-09-05,Santa Clara,085,1922200,137640,136146,1077,137223,1807
2021-09-05,Santa Cruz,087,273765,18846,18588,1002,19590,210
2021-09-05,Shasta,089,179085,16717,15960,2588,18548,226
2021-09-05,Sierra,091,2930,127,109,15,124,0
2021-09-05,Siskiyou,093,43540,2713,2585,882,3467,34
2021-09-05,Solano,095,438530,42585,41687,1047,42734,300
2021-09-05,Sonoma,097,501317,38254,37881,469,38350,358
2021-09-05,Stanislaus,099,539301,69793,68434,7905,76339,1074
2021-09-05,Sutter,101,95872,12427,12179,192,12371,138
2021-09-05,Tehama,103,63373,6635,6400,1051,7451,74
2021-09-05,Trinity,105,12862,628,505,166,671,6
2021-09-05,Tulare,107,460477,58249,56915,12183,69098,874
2021-09-05,Tuolumne,109,53932,5864,5688,58,5746,88
2021-09-05,Ventura,111,848112,92497,91004,4054,95058,1093
2021-09-05,Yolo,113,214977,17791,17557,894,18451,235
2021-09-05,Yuba,115,75493,8721,8521,183,8704,55
2021-09-04,Alameda,001,1643700,111440,109944,2662,112606,1301
2021-09-04,Alpine,003,1148,95,94,0,94,0
2021-09-04,Amador,005,37829,4726,4637,45,4682,53
2021-09-04,Butte,007,227075,17010,16403,2985,19388,218
2021-09-04,Calaveras,009,45235,3161,3087,20,3107,63
2021-09-04,Colusa,011,21464,2335,2301,511,2812,16
2021-09-04,Contra Costa,013,1133247,91725,90623,1858,92481,891
2021-09-04,Del Norte,015,27424,3172,2984,20,3004,24
2021-09-04,El Dorado,017,186661,14061,13782,1363,15145,119
2021-09-04,Fresno,019,978130,121394,119033,10834,129867,1828
2021-09-04,Glenn,021,27897,2979,2878,825,3703,20
2021-09-04,Humboldt,023,135768,7477,7298,313,7611,52
2021-09-04,Imperial,025,180216,30753,30526,3044,33570,751
2021-09-04,Inyo,027,18085,1587,1571,30,1601,39
2021-09-04,Kern,029,883053,112121,109751,16500,126251,1408
2021-09-04,Kings,031,150075,27570,26896,1558,28454,263
2021-09-04,Lake,033,64148,5699,5507,101,5608,78
2021-09-04,Lassen,035,31185,5920,5814,196,6010,21
2021-09-04,Los Angeles,037,10098052,1366725,1355634,51534,1407168,25454
2021-09-04,Madera,039,155013,19678,19112,1520,20632,249
2021-09-04,Marin,041,260295,16457,16319,387,16706,242
2021-09-04,Mariposa,043,17540,793,759,26,785,5
2021-09-04,Mendocino,045,87422,6158,5933,230,6163,61
2021-09-04,Merced,047,269075,36743,36083,1355,37438,513
2021-09-04,Modoc,049,8938,458,447,160,607,5
2021-09-04,Mono,051,14174,1428,1417,15,1432,3
2021-09-04,Monterey,053,433212,46107,45756,2835,48591,540
2021-09-04,Napa,055,140530,11905,11760,72,11832,90
2021-09-04,Nevada,057,99092,7935,7691,267,7958,82
2021-09-04,Orange,059,3164182,291506,287244,13801,301045,5274
2021-09-04,Placer,061,380077,32157,31374,2975,34349,337
2021-09-04,Plumas,063,18699,1107,1067,21,1088,5
2021-09-04,Riverside,065,2383286,336158,331958,15802,347760,4654
2021-09-04,Sacramento,067,1510023,141566,140735,3354,144089,1896
2021-09-04,San Benito,069,59416,6803,6758,141,6899,64
2021-09-04,San Bernardino,071,2135413,332029,328425,10503,338928,5393
2021-09-04,San Diego,073,3302833,343368,338748,19789,358537,3914
2021-09-04,San Francisco,075,870044,48461,47937,2274,50211,589
2021-09-04,San Joaquin,077,732212,90100,88846,4835,93681,1548
2021-09-04,San Luis Obispo,079,281455,26513,26020,1028,27048,285
2021-09-04,San Mateo,081,765935,50233,49721,1133,50854,560
2021-09-04,Santa Barbara,083,443738,40988,39667,1505,41172,489
2021-09-04,Santa Clara,085,1922200,137454,135845,1074,136919,1806
2021-09-04,Santa Cruz,087,273765,18828,18579,998,19577,210
2021-09-04,Shasta,089,179085,16640,15924,2562,18486,226
2021-09-04,Sierra,091,2930,125,108,15,123,0
2021-09-04,Siskiyou,093,43540,2687,2563,871,3434,34
2021-09-04,Solano,095,438530,42512,41614,1045,42659,300
2021-09-04,Sonoma,097,501317,38221,37809,469,38278,358
2021-09-04,Stanislaus,099,539301,69635,68210,7881,76091,1074
2021-09-04,Sutter,101,95872,12386,12137,191,12328,138
2021-09-04,Tehama,103,63373,6610,6367,1033,7400,74
2021-09-04,Trinity,105,12862,626,497,166,663,6
2021-09-04,Tulare,107,460477,58141,56719,12140,68859,874
2021-09-04,Tuolumne,109,53932,5846,5667,56,5723,88
2021-09-04,Ventura,111,848112,92362,90904,4051,94955,1090
2021-09-04,Yolo,113,214977,17757,17522,890,18412,235
2021-09-04,Yuba,115,75493,8693,8475,182,8657,55
2021-09-03,Alameda,001,1643700,111290,109636,2659,112295,1301
2021-09-03,Alpine,003,1148,95,94,0,94,0
2021-09-03,Amador,005,37829,4704,4614,45,4659,53
2021-09-03,Butte,007,227075,16920,16259,2959,19218,215
2021-09-03,Calaveras,009,45235,3151,3069,20,3089,63
2021-09-03,Colusa,011,21464,2330,2295,510,2805,16
2021-09-03,Contra Costa,013,1133247,91574,90299,1855,92154,886
2021-09-03,Del Norte,015,27424,3144,2943,19,2962,24
2021-09-03,El Dorado,017,186661,14028,13710,1359,15069,119
2021-09-03,Fresno,019,978130,121062,118508,10819,129327,1822
2021-09-03,Glenn,021,27897,2973,2867,818,3685,20
2021-09-03,Humboldt,023,135768,7453,7194,308,7502,52
2021-09-03,Imperial,025,180216,30730,30475,3039,33514,751
2021-09-03,Inyo,027,18085,1582,1567,29,1596,39
2021-09-03,Kern,029,883053,111904,109296,16387,125683,1407
2021-09-03,Kings,031,150075,27486,26753,1554,28307,263
2021-09-03,Lake,033,64148,5679,5479,99,5578,78
2021-09-03,Lassen,035,31185,5903,5789,191,5980,21
2021-09-03,Los Angeles,037,10098052,1365397,1351185,51469,1402654,25384
2021-09-03,Madera,039,155013,19594,19021,1514,20535,247
2021-09-03,Marin,041,260295,16435,16293,386,16679,242
2021-09-03,Mariposa,043,17540,785,753,26,779,5
2021-09-03,Mendocino,045,87422,6123,5891,229,6120,61
2021-09-03,Merced,047,269075,36689,35941,1346,37287,512
2021-09-03,Modoc,049,8938,458,445,160,605,5
2021-09-03,Mono,051,14174,1427,1410,15,1425,3
2021-09-03,Monterey,053,433212,46080,45707,2820,48527,540
2021-09-03,Napa,055,140530,11884,11733,72,11805,89
2021-09-03,Nevada,057,99092,7902,7632,267,7899,82
2021-09-03,Orange,059,3164182,291184,286818,13771,300589,5253
2021-09-03,Placer,061,380077,32050,31238,2951,34189,335
2021-09-03,Plumas,063,18699,1096,1057,21,1078,5
2021-09-03,Riverside,065,2383286,335626,331011,15786,346797,4653
2021-09-03,Sacramento,067,1510023,141197,139982,3335,143317,1886
2021-09-03,San Benito,069,59416,6797,6746,141,6887,64
2021-09-03,San Bernardino,071,2135413,331617,327599,10493,338092,5381
2021-09-03,San Diego,073,3302833,342746,337627,19758,357385,3911
2021-09-03,San Francisco,075,870044,48387,47822,2266,50088,589
2021-09-03,San Joaquin,077,732212,89947,88366,4827,93193,1540
2021-09-03,San Luis Obispo,079,281455,26438,25917,1026,26943,283
2021-09-03,San Mateo,081,765935,50152,49617,1118,50735,560
2021-09-03,Santa Barbara,083,443738,40922,39507,1502,41009,489
2021-09-03,Santa Clara,085,1922200,137251,135522,1070,136592,1801
2021-09-03,Santa Cruz,087,273765,18803,18532,998,19530,210
2021-09-03,Shasta,089,179085,16565,15778,2538,18316,226
2021-09-03,Sierra,091,2930,123,105,15,120,0
2021-09-03,Siskiyou,093,43540,2675,2529,858,3387,34
2021-09-03,Solano,095,438530,42436,41457,1042,42499,300
2021-09-03,Sonoma,097,501317,38159,37699,469,38168,358
2021-09-03,Stanislaus,099,539301,69456,67887,7854,75741,1074
2021-09-03,Sutter,101,95872,12347,12073,190,12263,139
2021-09-03,Tehama,103,63373,6571,6334,1026,7360,72
2021-09-03,Trinity,105,12862,625,490,161,651,6
2021-09-03,Tulare,107,460477,58014,56401,12087,68488,872
2021-09-03,Tuolumne,109,53932,5804,5630,56,5686,88
2021-09-03,Ventura,111,848112,92228,90742,4047,94789,1088
2021-09-03,Yolo,113,214977,17734,17446,884,18330,235
2021-09-03,Yuba,115,75493,8661,8412,182,8594,55
2021-09-02,Alameda,001,1643700,111032,109377,2655,112032,1301
2021-09-02,Alpine,003,1148,94,92,0,92,0
2021-09-02,Amador,005,37829,4688,4606,45,4651,53
2021-09-02,Butte,007,227075,16794,16154,2939,19093,215
2021-09-02,Calaveras,009,45235,3140,3042,20,3062,62
2021-09-02,Colusa,011,21464,2327,2290,508,2798,16
2021-09-02,Contra Costa,013,1133247,91394,90038,1846,91884,886
2021-09-02,Del Norte,015,27424,3113,2891,19,2910,24
2021-09-02,El Dorado,017,186661,13968,13641,1333,14974,119
2021-09-02,Fresno,019,978130,120576,117974,10782,128756,1804
2021-09-02,Glenn,021,27897,2952,2855,813,3668,20
2021-09-02,Humboldt,023,135768,7406,7141,296,7437,52
2021-09-02,Imperial,025,180216,30686,30449,3035,33484,751
2021-09-02,Inyo,027,18085,1577,1564,28,1592,39
2021-09-02,Kern,029,883053,111492,108930,16241,125171,1404
2021-09-02,Kings,031,150075,27394,26638,1544,28182,263
2021-09-02,Lake,033,64148,5649,5432,95,5527,78
2021-09-02,Lassen,035,31185,5889,5747,184,5931,21
2021-09-02,Los Angeles,037,10098052,1363542,1351105,51375,1402480,25382
2021-09-02,Madera,039,155013,19503,18937,1496,20433,247
2021-09-02,Marin,041,260295,16422,16244,384,16628,242
2021-09-02,Mariposa,043,17540,779,745,23,768,5
2021-09-02,Mendocino,045,87422,6082,5848,226,6074,61
2021-09-02,Merced,047,269075,36526,35820,1339,37159,508
2021-09-02,Modoc,049,8938,458,437,160,597,5
2021-09-02,Mono,051,14174,1427,1409,15,1424,3
2021-09-02,Monterey,053,433212,46028,45648,2793,48441,539
2021-09-02,Napa,055,140530,11855,11684,72,11756,88
2021-09-02,Nevada,057,99092,7850,7575,266,7841,82
2021-09-02,Orange,059,3164182,290726,286326,13734,300060,5240
2021-09-02,Placer,061,380077,31913,31067,2921,33988,330
2021-09-02,Plumas,063,18699,1085,1045,20,1065,5
2021-09-02,Riverside,065,2383286,334912,330190,15760,345950,4644
2021-09-02,Sacramento,067,1510023,140615,139274,3295,142569,1882
2021-09-02,San Benito,069,59416,6792,6734,140,6874,64
2021-09-02,San Bernardino,071,2135413,331013,326940,10418,337358,5369
2021-09-02,San Diego,073,3302833,341778,336382,19706,356088,3909
2021-09-02,San Francisco,075,870044,48280,47674,2260,49934,587
2021-09-02,San Joaquin,077,732212,89662,88056,4802,92858,1540
2021-09-02,San Luis Obispo,079,281455,26354,25851,1021,26872,283
2021-09-02,San Mateo,081,765935,50063,49490,1104,50594,558
2021-09-02,Santa Barbara,083,443738,40831,39386,1489,40875,486
2021-09-02,Santa Clara,085,1922200,136950,135216,1064,136280,1799
2021-09-02,Santa Cruz,087,273765,18769,18473,995,19468,210
2021-09-02,Shasta,089,179085,16427,15670,2507,18177,224
2021-09-02,Sierra,091,2930,123,105,15,120,0
2021-09-02,Siskiyou,093,43540,2656,2513,828,3341,34
2021-09-02,Solano,095,438530,42330,41293,1039,42332,294
2021-09-02,Sonoma,097,501317,38078,37558,469,38027,352
2021-09-02,Stanislaus,099,539301,69199,67576,7832,75408,1074
2021-09-02,Sutter,101,95872,12277,11995,186,12181,138
2021-09-02,Tehama,103,63373,6512,6265,1007,7272,72
2021-09-02,Trinity,105,12862,621,484,159,643,6
2021-09-02,Tulare,107,460477,57785,56105,12034,68139,872
2021-09-02,Tuolumne,109,53932,5749,5578,56,5634,88
2021-09-02,Ventura,111,848112,92046,90610,4042,94652,1084
2021-09-02,Yolo,113,214977,17665,17357,873,18230,235
2021-09-02,Yuba,115,75493,8602,8363,182,8545,55
2021-09-01,Alameda,001,1643700,110760,109075,2649,111724,1299
2021-09-01,Alpine,003,1148,94,92,0,92,0
2021-09-01,Amador,005,37829,4672,4599,44,4643,53
2021-09-01,Butte,007,227075,16679,16046,2913,18959,215
2021-09-01,Calaveras,009,45235,3126,3023,20,3043,59
2021-09-01,Colusa,011,21464,2322,2281,508,2789,16
2021-09-01,Contra Costa,013,1133247,91167,89834,1835,91669,877
2021-09-01,Del Norte,015,27424,3080,2860,19,2879,24
2021-09-01,El Dorado,017,186661,13912,13577,1306,14883,119
2021-09-01,Fresno,019,978130,120091,117492,10731,128223,1800
2021-09-01,Glenn,021,27897,2925,2846,803,3649,20
2021-09-01,Humboldt,023,135768,7358,7090,289,7379,52
2021-09-01,Imperial,025,180216,30649,30393,3030,33423,750
2021-09-01,Inyo,027,18085,1573,1561,27,1588,39
2021-09-01,Kern,029,883053,111068,108449,16098,124547,1400
2021-09-01,Kings,031,150075,27281,26443,1533,27976,263
2021-09-01,Lake,033,64148,5607,5396,90,5486,77
2021-09-01,Lassen,035,31185,5867,5731,180,5911,21
2021-09-01,Los Angeles,037,10098052,1361316,1348589,51265,1399854,25341
2021-09-01,Madera,039,155013,19425,18852,1482,20334,247
2021-09-01,Marin,041,260295,16400,16224,379,16603,240
2021-09-01,Mariposa,043,17540,771,735,23,758,5
2021-09-01,Mendocino,045,87422,6042,5821,221,6042,59
2021-09-01,Merced,047,269075,36349,35686,1330,37016,500
2021-09-01,Modoc,049,8938,452,436,158,594,5
2021-09-01,Mono,051,14174,1427,1400,15,1415,3
2021-09-01,Monterey,053,433212,45959,45590,2767,48357,539
2021-09-01,Napa,055,140530,11822,11653,72,11725,88
2021-09-01,Nevada,057,99092,7797,7508,265,7773,82
2021-09-01,Orange,059,3164182,290253,285840,13695,299535,5233
2021-09-01,Placer,061,380077,31759,30902,2907,33809,330
2021-09-01,Plumas,063,18699,1077,1033,20,1053,5
2021-09-01,Riverside,065,2383286,334098,329388,15728,345116,4634
2021-09-01,Sacramento,067,1510023,140004,138499,3249,141748,1875
2021-09-01,San Benito,069,59416,6775,6716,140,6856,64
2021-09-01,San Bernardino,071,2135413,330366,326250,10389,336639,5364
2021-09-01,San Diego,073,3302833,340737,335302,19657,354959,3908
2021-09-01,San Francisco,075,870044,48174,47538,2250,49788,584
2021-09-01,San Joaquin,077,732212,89340,87640,4778,92418,1540
2021-09-01,San Luis Obispo,079,281455,26258,25691,1016,26707,283
2021-09-01,San Mateo,081,765935,49956,49394,1090,50484,558
2021-09-01,Santa Barbara,083,443738,40714,39263,1473,40736,483
2021-09-01,Santa Clara,085,1922200,136682,134855,1057,135912,1796
2021-09-01,Santa Cruz,087,273765,18722,18453,993,19446,210
2021-09-01,Shasta,089,179085,16293,15552,2464,18016,221
2021-09-01,Sierra,091,2930,122,98,15,113,0
2021-09-01,Siskiyou,093,43540,2627,2482,807,3289,34
2021-09-01,Solano,095,438530,42179,41194,1034,42228,293
2021-09-01,Sonoma,097,501317,37983,37454,468,37922,352
2021-09-01,Stanislaus,099,539301,68908,67287,7801,75088,1075
2021-09-01,Sutter,101,95872,12213,11945,179,12124,136
2021-09-01,Tehama,103,63373,6478,6228,990,7218,72
2021-09-01,Trinity,105,12862,620,482,156,638,5
2021-09-01,Tulare,107,460477,57503,55768,11997,67765,870
2021-09-01,Tuolumne,109,53932,5709,5553,56,5609,88
2021-09-01,Ventura,111,848112,91831,90471,4026,94497,1089
2021-09-01,Yolo,113,214977,17611,17264,867,18131,235
2021-09-01,Yuba,115,75493,8541,8308,182,8490,55
2021-08-31,Alameda,001,1643700,110454,108837,2642,111479,1297
2021-08-31,Alpine,003,1148,92,92,0,92,0
2021-08-31,Amador,005,37829,4651,4555,44,4599,53
2021-08-31,Butte,007,227075,16538,15896,2871,18767,216
2021-08-31,Calaveras,009,45235,3087,3008,20,3028,59
2021-08-31,Colusa,011,21464,2320,2275,506,2781,16
2021-08-31,Contra Costa,013,1133247,90874,89546,1824,91370,871
2021-08-31,Del Norte,015,27424,3044,2830,19,2849,19
2021-08-31,El Dorado,017,186661,13843,13539,1288,14827,119
2021-08-31,Fresno,019,978130,119519,117155,10667,127822,1801
2021-08-31,Glenn,021,27897,2907,2829,789,3618,20
2021-08-31,Humboldt,023,135768,7282,7030,275,7305,52
2021-08-31,Imperial,025,180216,30612,30348,3022,33370,750
2021-08-31,Inyo,027,18085,1569,1550,27,1577,39
2021-08-31,Kern,029,883053,110565,108151,15917,124068,1393
2021-08-31,Kings,031,150075,27141,26405,1518,27923,260
2021-08-31,Lake,033,64148,5563,5359,87,5446,74
2021-08-31,Lassen,035,31185,5841,5702,177,5879,21
2021-08-31,Los Angeles,037,10098052,1358810,1346686,51184,1397870,25303
2021-08-31,Madera,039,155013,19335,18811,1464,20275,247
2021-08-31,Marin,041,260295,16371,16215,376,16591,240
2021-08-31,Mariposa,043,17540,763,732,23,755,5
2021-08-31,Mendocino,045,87422,6002,5777,219,5996,59
2021-08-31,Merced,047,269075,36179,35512,1325,36837,498
2021-08-31,Modoc,049,8938,451,436,158,594,5
2021-08-31,Mono,051,14174,1411,1398,15,1413,3
2021-08-31,Monterey,053,433212,45895,45550,2734,48284,539
2021-08-31,Napa,055,140530,11775,11618,72,11690,88
2021-08-31,Nevada,057,99092,7730,7460,265,7725,82
2021-08-31,Orange,059,3164182,289652,285310,13659,298969,5229
2021-08-31,Placer,061,380077,31572,30745,2868,33613,325
2021-08-31,Plumas,063,18699,1073,1018,19,1037,5
2021-08-31,Riverside,065,2383286,333125,328556,15695,344251,4627
2021-08-31,Sacramento,067,1510023,139318,137879,3210,141089,1863
2021-08-31,San Benito,069,59416,6763,6694,138,6832,64
2021-08-31,San Bernardino,071,2135413,329626,325446,10369,335815,5350
2021-08-31,San Diego,073,3302833,339468,334377,19609,353986,3888
2021-08-31,San Francisco,075,870044,48035,47440,2227,49667,581
2021-08-31,San Joaquin,077,732212,88895,87365,4763,92128,1540
2021-08-31,San Luis Obispo,079,281455,26134,25518,1012,26530,282
2021-08-31,San Mateo,081,765935,49851,49299,1083,50382,556
2021-08-31,Santa Barbara,083,443738,40567,39091,1465,40556,481
2021-08-31,Santa Clara,085,1922200,136331,134637,1050,135687,1793
2021-08-31,Santa Cruz,087,273765,18681,18419,990,19409,210
2021-08-31,Shasta,089,179085,16139,15368,2436,17804,220
2021-08-31,Sierra,091,2930,119,95,15,110,0
2021-08-31,Siskiyou,093,43540,2607,2435,792,3227,33
2021-08-31,Solano,095,438530,42040,41067,1027,42094,289
2021-08-31,Sonoma,097,501317,37887,37379,467,37846,352
2021-08-31,Stanislaus,099,539301,68544,67004,7767,74771,1075
2021-08-31,Sutter,101,95872,12147,11901,175,12076,136
2021-08-31,Tehama,103,63373,6418,6169,959,7128,72
2021-08-31,Trinity,105,12862,614,480,156,636,3
2021-08-31,Tulare,107,460477,57171,55567,11924,67491,870
2021-08-31,Tuolumne,109,53932,5673,5516,56,5572,88
2021-08-31,Ventura,111,848112,91614,90292,4013,94305,1081
2021-08-31,Yolo,113,214977,17532,17205,858,18063,234
2021-08-31,Yuba,115,75493,8487,8253,182,8435,54
2021-08-30,Alameda,001,1643700,110129,107734,2631,110365,1296
2021-08-30,Alpine,003,1148,92,92,0,92,0
2021-08-30,Amador,005,37829,4640,4507,44,4551,53
2021-08-30,Butte,007,227075,16386,15719,2838,18557,214
2021-08-30,Calaveras,009,45235,3068,2975,20,2995,59
2021-08-30,Colusa,011,21464,2311,2271,502,2773,16
2021-08-30,Contra Costa,013,1133247,90618,87679,1813,89492,872
2021-08-30,Del Norte,015,27424,3002,2796,18,2814,11
2021-08-30,El Dorado,017,186661,13774,13217,1271,14488,119
2021-08-30,Fresno,019,978130,118955,115867,10606,126473,1790
2021-08-30,Glenn,021,27897,2896,2804,787,3591,20
2021-08-30,Humboldt,023,135768,7229,6930,268,7198,52
2021-08-30,Imperial,025,180216,30574,30311,3017,33328,750
2021-08-30,Inyo,027,18085,1564,1544,27,1571,39
2021-08-30,Kern,029,883053,110088,107615,15751,123366,1389
2021-08-30,Kings,031,150075,27025,26236,1503,27739,259
2021-08-30,Lake,033,64148,5529,5323,83,5406,74
2021-08-30,Lassen,035,31185,5819,5667,171,5838,21
2021-08-30,Los Angeles,037,10098052,1356364,1344949,51095,1396044,25269
2021-08-30,Madera,039,155013,19253,18622,1444,20066,247
2021-08-30,Marin,041,260295,16340,16160,376,16536,240
2021-08-30,Mariposa,043,17540,757,715,22,737,5
2021-08-30,Mendocino,045,87422,5969,5721,215,5936,55
2021-08-30,Merced,047,269075,36049,35335,1323,36658,497
2021-08-30,Modoc,049,8938,449,436,157,593,5
2021-08-30,Mono,051,14174,1411,1390,15,1405,3
2021-08-30,Monterey,053,433212,45841,45463,2708,48171,539
2021-08-30,Napa,055,140530,11725,11579,70,11649,87
2021-08-30,Nevada,057,99092,7671,7356,262,7618,82
2021-08-30,Orange,059,3164182,289075,284750,13608,298358,5223
2021-08-30,Placer,061,380077,31410,29825,2844,32669,319
2021-08-30,Plumas,063,18699,1056,998,19,1017,5
2021-08-30,Riverside,065,2383286,332228,327593,15664,343257,4623
2021-08-30,Sacramento,067,1510023,138666,134571,3160,137731,1847
2021-08-30,San Benito,069,59416,6754,6663,138,6801,64
2021-08-30,San Bernardino,071,2135413,328949,324870,10339,335209,5348
2021-08-30,San Diego,073,3302833,338188,333011,19538,352549,3885
2021-08-30,San Francisco,075,870044,47900,46966,2209,49175,581
2021-08-30,San Joaquin,077,732212,88564,86203,4743,90946,1528
2021-08-30,San Luis Obispo,079,281455,26008,25422,1005,26427,280
2021-08-30,San Mateo,081,765935,49737,48839,1066,49905,554
2021-08-30,Santa Barbara,083,443738,40419,38998,1460,40458,481
2021-08-30,Santa Clara,085,1922200,136010,133281,1042,134323,1789
2021-08-30,Santa Cruz,087,273765,18626,18326,986,19312,210
2021-08-30,Shasta,089,179085,16008,15238,2392,17630,217
2021-08-30,Sierra,091,2930,117,91,15,106,0
2021-08-30,Siskiyou,093,43540,2594,2411,781,3192,33
2021-08-30,Solano,095,438530,41897,39986,1023,41009,290
2021-08-30,Sonoma,097,501317,37784,36764,467,37231,352
2021-08-30,Stanislaus,099,539301,68201,66173,7737,73910,1074
2021-08-30,Sutter,101,95872,12076,11791,168,11959,136
2021-08-30,Tehama,103,63373,6339,6085,934,7019,71
2021-08-30,Trinity,105,12862,603,468,153,621,3
2021-08-30,Tulare,107,460477,56858,55140,11846,66986,870
2021-08-30,Tuolumne,109,53932,5627,5492,56,5548,74
2021-08-30,Ventura,111,848112,91398,90149,4001,94150,1082
2021-08-30,Yolo,113,214977,17469,17071,854,17925,231
2021-08-30,Yuba,115,75493,8413,8129,181,8310,54
2021-08-29,Alameda,001,1643700,109788,107494,2616,110110,1296
2021-08-29,Alpine,003,1148,92,92,0,92,0
2021-08-29,Amador,005,37829,4626,4501,44,4545,53
2021-08-29,Butte,007,227075,16216,15602,2802,18404,214
2021-08-29,Calaveras,009,45235,3034,2970,20,2990,59
2021-08-29,Colusa,011,21464,2301,2260,496,2756,16
2021-08-29,Contra Costa,013,1133247,90321,87439,1809,89248,872
2021-08-29,Del Norte,015,27424,2959,2752,18,2770,11
2021-08-29,El Dorado,017,186661,13719,13166,1260,14426,119
2021-08-29,Fresno,019,978130,118362,115502,10550,126052,1790
2021-08-29,Glenn,021,27897,2883,2778,780,3558,20
2021-08-29,Humboldt,023,135768,7185,6922,253,7175,52
2021-08-29,Imperial,025,180216,30513,30293,3007,33300,750
2021-08-29,Inyo,027,18085,1554,1543,25,1568,39
2021-08-29,Kern,029,883053,109640,107324,15578,122902,1389
2021-08-29,Kings,031,150075,26872,26143,1488,27631,259
2021-08-29,Lake,033,64148,5489,5293,73,5366,74
2021-08-29,Lassen,035,31185,5796,5666,167,5833,21
2021-08-29,Los Angeles,037,10098052,1353614,1342541,50980,1393521,25263
2021-08-29,Madera,039,155013,19166,18594,1428,20022,247
2021-08-29,Marin,041,260295,16309,16134,373,16507,240
2021-08-29,Mariposa,043,17540,751,709,20,729,5
2021-08-29,Mendocino,045,87422,5913,5689,202,5891,55
2021-08-29,Merced,047,269075,35811,35250,1310,36560,497
2021-08-29,Modoc,049,8938,446,436,157,593,5
2021-08-29,Mono,051,14174,1405,1387,15,1402,3
2021-08-29,Monterey,053,433212,45758,45424,2663,48087,539
2021-08-29,Napa,055,140530,11694,11552,70,11622,87
2021-08-29,Nevada,057,99092,7615,7294,261,7555,82
2021-08-29,Orange,059,3164182,288456,284432,13568,298000,5223
2021-08-29,Placer,061,380077,31237,29674,2803,32477,319
2021-08-29,Plumas,063,18699,1045,996,19,1015,5
2021-08-29,Riverside,065,2383286,331369,326987,15643,342630,4623
2021-08-29,Sacramento,067,1510023,137913,133981,3110,137091,1843
2021-08-29,San Benito,069,59416,6728,6646,138,6784,64
2021-08-29,San Bernardino,071,2135413,328161,324266,10305,334571,5347
2021-08-29,San Diego,073,3302833,337077,332014,19446,351460,3880
2021-08-29,San Francisco,075,870044,47769,46885,2193,49078,581
2021-08-29,San Joaquin,077,732212,88115,85922,4723,90645,1528
2021-08-29,San Luis Obispo,079,281455,25811,25288,1000,26288,280
2021-08-29,San Mateo,081,765935,49629,48737,1056,49793,554
2021-08-29,Santa Barbara,083,443738,40254,38900,1456,40356,481
2021-08-29,Santa Clara,085,1922200,135658,132979,1037,134016,1789
2021-08-29,Santa Cruz,087,273765,18579,18285,984,19269,210
2021-08-29,Shasta,089,179085,15855,15198,2365,17563,217
2021-08-29,Sierra,091,2930,115,91,15,106,0
2021-08-29,Siskiyou,093,43540,2547,2407,761,3168,33
2021-08-29,Solano,095,438530,41742,39887,1018,40905,290
2021-08-29,Sonoma,097,501317,37648,36650,463,37113,352
2021-08-29,Stanislaus,099,539301,67856,65956,7703,73659,1074
2021-08-29,Sutter,101,95872,12018,11719,161,11880,136
2021-08-29,Tehama,103,63373,6268,6040,911,6951,71
2021-08-29,Trinity,105,12862,600,468,149,617,3
2021-08-29,Tulare,107,460477,56523,54974,11762,66736,870
2021-08-29,Tuolumne,109,53932,5602,5478,55,5533,74
2021-08-29,Ventura,111,848112,91141,90114,3992,94106,1082
2021-08-29,Yolo,113,214977,17370,17015,842,17857,231
2021-08-29,Yuba,115,75493,8349,8042,181,8223,54
2021-08-28,Alameda,001,1643700,109625,107007,2607,109614,1296
2021-08-28,Alpine,003,1148,92,92,0,92,0
2021-08-28,Amador,005,37829,4607,4484,44,4528,53
2021-08-28,Butte,007,227075,16157,15487,2773,18260,214
2021-08-28,Calaveras,009,45235,3026,2926,20,2946,59
2021-08-28,Colusa,011,21464,2297,2252,494,2746,16
2021-08-28,Contra Costa,013,1133247,90109,86938,1807,88745,872
2021-08-28,Del Norte,015,27424,2932,2734,17,2751,11
2021-08-28,El Dorado,017,186661,13679,13089,1254,14343,119
2021-08-28,Fresno,019,978130,118121,115079,10526,125605,1792
2021-08-28,Glenn,021,27897,2875,2773,773,3546,20
2021-08-28,Humboldt,023,135768,7150,6887,248,7135,52
2021-08-28,Imperial,025,180216,30486,30260,3004,33264,750
2021-08-28,Inyo,027,18085,1552,1539,25,1564,39
2021-08-28,Kern,029,883053,109402,107012,15434,122446,1389
2021-08-28,Kings,031,150075,26805,26059,1485,27544,257
2021-08-28,Lake,033,64148,5466,5267,69,5336,74
2021-08-28,Lassen,035,31185,5781,5665,166,5831,21
2021-08-28,Los Angeles,037,10098052,1352409,1337097,50905,1388002,25234
2021-08-28,Madera,039,155013,19116,18553,1412,19965,247
2021-08-28,Marin,041,260295,16294,16106,373,16479,240
2021-08-28,Mariposa,043,17540,749,704,20,724,5
2021-08-28,Mendocino,045,87422,5888,5658,202,5860,55
2021-08-28,Merced,047,269075,35759,35108,1306,36414,497
2021-08-28,Modoc,049,8938,446,436,156,592,5
2021-08-28,Mono,051,14174,1402,1385,15,1400,3
2021-08-28,Monterey,053,433212,45722,45394,2652,48046,539
2021-08-28,Napa,055,140530,11671,11512,69,11581,88
2021-08-28,Nevada,057,99092,7591,7238,259,7497,82
2021-08-28,Orange,059,3164182,288097,283953,13519,297472,5222
2021-08-28,Placer,061,380077,31127,29428,2790,32218,319
2021-08-28,Plumas,063,18699,1038,991,19,1010,5
2021-08-28,Riverside,065,2383286,330781,326222,15632,341854,4623
2021-08-28,Sacramento,067,1510023,137521,132985,3094,136079,1844
2021-08-28,San Benito,069,59416,6721,6636,138,6774,64
2021-08-28,San Bernardino,071,2135413,327715,323672,10296,333968,5348
2021-08-28,San Diego,073,3302833,336492,331330,19412,350742,3880
2021-08-28,San Francisco,075,870044,47696,46654,2186,48840,581
2021-08-28,San Joaquin,077,732212,87946,85481,4714,90195,1527
2021-08-28,San Luis Obispo,079,281455,25745,25138,995,26133,280
2021-08-28,San Mateo,081,765935,49559,48575,1048,49623,554
2021-08-28,Santa Barbara,083,443738,40182,38780,1455,40235,481
2021-08-28,Santa Clara,085,1922200,135451,132488,1035,133523,1789
2021-08-28,Santa Cruz,087,273765,18562,18240,981,19221,210
2021-08-28,Shasta,089,179085,15752,15147,2346,17493,217
2021-08-28,Sierra,091,2930,111,91,15,106,0
2021-08-28,Siskiyou,093,43540,2539,2402,750,3152,33
2021-08-28,Solano,095,438530,41693,39610,1017,40627,290
2021-08-28,Sonoma,097,501317,37575,36466,461,36927,352
2021-08-28,Stanislaus,099,539301,67694,65670,7685,73355,1074
2021-08-28,Sutter,101,95872,11997,11669,160,11829,136
2021-08-28,Tehama,103,63373,6243,6004,899,6903,71
2021-08-28,Trinity,105,12862,596,463,148,611,3
2021-08-28,Tulare,107,460477,56392,54746,11717,66463,870
2021-08-28,Tuolumne,109,53932,5586,5469,55,5524,74
2021-08-28,Ventura,111,848112,91023,89934,3990,93924,1081
2021-08-28,Yolo,113,214977,17334,16907,835,17742,231
2021-08-28,Yuba,115,75493,8317,7985,180,8165,55
2021-08-27,Alameda,001,1643700,109413,106622,2604,109226,1296
2021-08-27,Alpine,003,1148,92,92,0,92,0
2021-08-27,Amador,005,37829,4591,4458,43,4501,53
2021-08-27,Butte,007,227075,16077,15277,2754,18031,214
2021-08-27,Calaveras,009,45235,3012,2903,20,2923,59
2021-08-27,Colusa,011,21464,2291,2240,492,2732,16
2021-08-27,Contra Costa,013,1133247,89912,86386,1804,88190,872
2021-08-27,Del Norte,015,27424,2900,2695,17,2712,11
2021-08-27,El Dorado,017,186661,13640,12968,1250,14218,119
2021-08-27,Fresno,019,978130,117687,114481,10508,124989,1774
2021-08-27,Glenn,021,27897,2859,2754,764,3518,20
2021-08-27,Humboldt,023,135768,7118,6782,244,7026,52
2021-08-27,Imperial,025,180216,30466,30201,3001,33202,750
2021-08-27,Inyo,027,18085,1551,1529,25,1554,39
2021-08-27,Kern,029,883053,109108,106570,15324,121894,1385
2021-08-27,Kings,031,150075,26726,25957,1483,27440,257
2021-08-27,Lake,033,64148,5442,5228,67,5295,74
2021-08-27,Lassen,035,31185,5765,5646,161,5807,21
2021-08-27,Los Angeles,037,10098052,1350895,1337006,50837,1387843,25230
2021-08-27,Madera,039,155013,19060,18476,1398,19874,247
2021-08-27,Marin,041,260295,16278,16055,371,16426,240
2021-08-27,Mariposa,043,17540,743,690,20,710,5
2021-08-27,Mendocino,045,87422,5857,5602,201,5803,55
2021-08-27,Merced,047,269075,35705,34906,1297,36203,495
2021-08-27,Modoc,049,8938,446,434,156,590,5
2021-08-27,Mono,051,14174,1393,1385,15,1400,3
2021-08-27,Monterey,053,433212,45683,45337,2635,47972,539
2021-08-27,Napa,055,140530,11637,11460,69,11529,87
2021-08-27,Nevada,057,99092,7551,7169,257,7426,82
2021-08-27,Orange,059,3164182,287739,283407,13481,296888,5206
2021-08-27,Placer,061,380077,30997,29157,2770,31927,320
2021-08-27,Plumas,063,18699,1032,984,19,1003,5
2021-08-27,Riverside,065,2383286,330264,325379,15617,340996,4622
2021-08-27,Sacramento,067,1510023,137085,131921,3081,135002,1838
2021-08-27,San Benito,069,59416,6715,6622,138,6760,64
2021-08-27,San Bernardino,071,2135413,327192,322893,10278,333171,5342
2021-08-27,San Diego,073,3302833,335707,330162,19358,349520,3877
2021-08-27,San Francisco,075,870044,47623,46456,2165,48621,581
2021-08-27,San Joaquin,077,732212,87763,84949,4695,89644,1524
2021-08-27,San Luis Obispo,079,281455,25697,24952,992,25944,280
2021-08-27,San Mateo,081,765935,49489,48424,1040,49464,553
2021-08-27,Santa Barbara,083,443738,40091,38675,1452,40127,480
2021-08-27,Santa Clara,085,1922200,135221,132011,1032,133043,1783
2021-08-27,Santa Cruz,087,273765,18523,18163,977,19140,210
2021-08-27,Shasta,089,179085,15671,14996,2330,17326,217
2021-08-27,Sierra,091,2930,110,91,15,106,0
2021-08-27,Siskiyou,093,43540,2524,2358,736,3094,33
2021-08-27,Solano,095,438530,41579,39347,1013,40360,287
2021-08-27,Sonoma,097,501317,37503,36326,460,36786,342
2021-08-27,Stanislaus,099,539301,67484,65167,7646,72813,1061
2021-08-27,Sutter,101,95872,11951,11590,158,11748,135
2021-08-27,Tehama,103,63373,6210,5964,884,6848,71
2021-08-27,Trinity,105,12862,596,458,147,605,3
2021-08-27,Tulare,107,460477,56256,54443,11671,66114,870
2021-08-27,Tuolumne,109,53932,5554,5438,55,5493,74
2021-08-27,Ventura,111,848112,90894,89774,3986,93760,1076
2021-08-27,Yolo,113,214977,17295,16805,830,17635,231
2021-08-27,Yuba,115,75493,8260,7926,180,8106,54
2021-08-26,Alameda,001,1643700,109135,106146,2593,108739,1296
2021-08-26,Alpine,003,1148,92,92,0,92,0
2021-08-26,Amador,005,37829,4576,4442,42,4484,53
2021-08-26,Butte,007,227075,15944,15159,2718,17877,214
2021-08-26,Calaveras,009,45235,3003,2873,20,2893,59
2021-08-26,Colusa,011,21464,2285,2234,488,2722,16
2021-08-26,Contra Costa,013,1133247,89554,85808,1797,87605,866
2021-08-26,Del Norte,015,27424,2864,2625,17,2642,8
2021-08-26,El Dorado,017,186661,13571,12863,1236,14099,118
2021-08-26,Fresno,019,978130,117185,113854,10459,124313,1770
2021-08-26,Glenn,021,27897,2840,2740,755,3495,20
2021-08-26,Humboldt,023,135768,7060,6695,234,6929,53
2021-08-26,Imperial,025,180216,30417,30121,2993,33114,748
2021-08-26,Inyo,027,18085,1541,1521,24,1545,39
2021-08-26,Kern,029,883053,108681,106051,15178,121229,1380
2021-08-26,Kings,031,150075,26603,25838,1475,27313,260
2021-08-26,Lake,033,64148,5396,5196,64,5260,74
2021-08-26,Lassen,035,31185,5753,5626,159,5785,21
2021-08-26,Los Angeles,037,10098052,1348642,1334372,50740,1385112,25199
2021-08-26,Madera,039,155013,18990,18393,1386,19779,247
2021-08-26,Marin,041,260295,16249,15983,368,16351,240
2021-08-26,Mariposa,043,17540,733,677,20,697,5
2021-08-26,Mendocino,045,87422,5821,5533,196,5729,55
2021-08-26,Merced,047,269075,35538,34755,1276,36031,495
2021-08-26,Modoc,049,8938,446,433,156,589,5
2021-08-26,Mono,051,14174,1391,1385,15,1400,3
2021-08-26,Monterey,053,433212,45628,45265,2607,47872,539
2021-08-26,Napa,055,140530,11615,11394,68,11462,87
2021-08-26,Nevada,057,99092,7493,7086,254,7340,80
2021-08-26,Orange,059,3164182,287244,282814,13458,296272,5200
2021-08-26,Placer,061,380077,30829,28898,2744,31642,319
2021-08-26,Plumas,063,18699,1025,971,18,989,5
2021-08-26,Riverside,065,2383286,329470,324486,15596,340082,4615
2021-08-26,Sacramento,067,1510023,136553,130977,3038,134015,1827
2021-08-26,San Benito,069,59416,6705,6604,138,6742,64
2021-08-26,San Bernardino,071,2135413,326535,322100,10254,332354,5339
2021-08-26,San Diego,073,3302833,334678,328276,19292,347568,3869
2021-08-26,San Francisco,075,870044,47499,46288,2157,48445,581
2021-08-26,San Joaquin,077,732212,87385,84429,4672,89101,1513
2021-08-26,San Luis Obispo,079,281455,25548,24831,986,25817,278
2021-08-26,San Mateo,081,765935,49369,48263,1031,49294,553
2021-08-26,Santa Barbara,083,443738,40008,38566,1451,40017,479
2021-08-26,Santa Clara,085,1922200,134896,131443,1027,132470,1782
2021-08-26,Santa Cruz,087,273765,18463,18072,975,19047,210
2021-08-26,Shasta,089,179085,15547,14891,2303,17194,217
2021-08-26,Sierra,091,2930,108,90,15,105,0
2021-08-26,Siskiyou,093,43540,2502,2342,722,3064,33
2021-08-26,Solano,095,438530,41430,39027,1005,40032,286
2021-08-26,Sonoma,097,501317,37414,36102,460,36562,337
2021-08-26,Stanislaus,099,539301,67167,64785,7606,72391,1061
2021-08-26,Sutter,101,95872,11891,11499,155,11654,135
2021-08-26,Tehama,103,63373,6152,5913,871,6784,68
2021-08-26,Trinity,105,12862,591,450,145,595,3
2021-08-26,Tulare,107,460477,55998,54157,11620,65777,870
2021-08-26,Tuolumne,109,53932,5534,5387,55,5442,74
2021-08-26,Ventura,111,848112,90708,89595,3977,93572,1080
2021-08-26,Yolo,113,214977,17228,16727,819,17546,231
2021-08-26,Yuba,115,75493,8187,7834,178,8012,54
2021-08-25,Alameda,001,1643700,108806,105636,2584,108220,1296
2021-08-25,Alpine,003,1148,92,92,0,92,0
2021-08-25,Amador,005,37829,4561,4415,42,4457,53
2021-08-25,Butte,007,227075,15839,15039,2676,17715,214
2021-08-25,Calaveras,009,45235,2983,2851,20,2871,59
2021-08-25,Colusa,011,21464,2278,2227,479,2706,16
2021-08-25,Contra Costa,013,1133247,89173,85322,1791,87113,863
2021-08-25,Del Norte,015,27424,2819,2573,17,2590,8
2021-08-25,El Dorado,017,186661,13512,12787,1220,14007,118
2021-08-25,Fresno,019,978130,116648,113384,10415,123799,1761
2021-08-25,Glenn,021,27897,2819,2728,743,3471,20
2021-08-25,Humboldt,023,135768,6991,6653,224,6877,52
2021-08-25,Imperial,025,180216,30380,30085,2987,33072,748
2021-08-25,Inyo,027,18085,1537,1518,24,1542,39
2021-08-25,Kern,029,883053,108250,105687,15021,120708,1379
2021-08-25,Kings,031,150075,26496,25676,1468,27144,258
2021-08-25,Lake,033,64148,5366,5163,61,5224,74
2021-08-25,Lassen,035,31185,5736,5583,158,5741,21
2021-08-25,Los Angeles,037,10098052,1346048,1331400,50652,1382052,25170
2021-08-25,Madera,039,155013,18926,18311,1364,19675,247
2021-08-25,Marin,041,260295,16227,15938,362,16300,240
2021-08-25,Mariposa,043,17540,727,676,20,696,5
2021-08-25,Mendocino,045,87422,5785,5486,191,5677,53
2021-08-25,Merced,047,269075,35400,34600,1271,35871,492
2021-08-25,Modoc,049,8938,446,433,156,589,5
2021-08-25,Mono,051,14174,1387,1382,15,1397,3
2021-08-25,Monterey,053,433212,45566,45196,2580,47776,539
2021-08-25,Napa,055,140530,11581,11348,67,11415,87
2021-08-25,Nevada,057,99092,7427,7000,253,7253,77
2021-08-25,Orange,059,3164182,286723,282061,13425,295486,5193
2021-08-25,Placer,061,380077,30653,28740,2711,31451,319
2021-08-25,Plumas,063,18699,1010,962,18,980,5
2021-08-25,Riverside,065,2383286,328627,323548,15574,339122,4610
2021-08-25,Sacramento,067,1510023,135871,130046,2998,133044,1827
2021-08-25,San Benito,069,59416,6684,6587,137,6724,64
2021-08-25,San Bernardino,071,2135413,325840,321228,10233,331461,5337
2021-08-25,San Diego,073,3302833,333398,327166,19218,346384,3859
2021-08-25,San Francisco,075,870044,47354,46107,2148,48255,578
2021-08-25,San Joaquin,077,732212,87001,84002,4656,88658,1510
2021-08-25,San Luis Obispo,079,281455,25356,24607,983,25590,276
2021-08-25,San Mateo,081,765935,49260,48153,1013,49166,553
2021-08-25,Santa Barbara,083,443738,39879,38450,1451,39901,479
2021-08-25,Santa Clara,085,1922200,134527,130995,1024,132019,1783
2021-08-25,Santa Cruz,087,273765,18402,17987,972,18959,210
2021-08-25,Shasta,089,179085,15419,14752,2269,17021,217
2021-08-25,Sierra,091,2930,105,90,15,105,0
2021-08-25,Siskiyou,093,43540,2457,2322,703,3025,33
2021-08-25,Solano,095,438530,41259,38848,993,39841,286
2021-08-25,Sonoma,097,501317,37290,35986,457,36443,336
2021-08-25,Stanislaus,099,539301,66877,64441,7572,72013,1061
2021-08-25,Sutter,101,95872,11823,11451,151,11602,134
2021-08-25,Tehama,103,63373,6093,5861,854,6715,68
2021-08-25,Trinity,105,12862,585,450,144,594,3
2021-08-25,Tulare,107,460477,55714,53877,11550,65427,866
2021-08-25,Tuolumne,109,53932,5508,5354,55,5409,74
2021-08-25,Ventura,111,848112,90525,89379,3963,93342,1068
2021-08-25,Yolo,113,214977,17164,16667,809,17476,231
2021-08-25,Yuba,115,75493,8121,7771,177,7948,54
2021-08-24,Alameda,001,1643700,108476,105319,2573,107892,1296
2021-08-24,Alpine,003,1148,92,92,0,92,0
2021-08-24,Amador,005,37829,4542,4380,42,4422,50
2021-08-24,Butte,007,227075,15684,14964,2641,17605,214
2021-08-24,Calaveras,009,45235,2943,2811,20,2831,59
2021-08-24,Colusa,011,21464,2270,2221,475,2696,16
2021-08-24,Contra Costa,013,1133247,88813,84963,1785,86748,857
2021-08-24,Del Norte,015,27424,2791,2543,17,2560,8
2021-08-24,El Dorado,017,186661,13435,12732,1204,13936,118
2021-08-24,Fresno,019,978130,116045,113024,10361,123385,1761
2021-08-24,Glenn,021,27897,2805,2717,735,3452,20
2021-08-24,Humboldt,023,135768,6928,6585,211,6796,52
2021-08-24,Imperial,025,180216,30319,30045,2981,33026,748
2021-08-24,Inyo,027,18085,1532,1512,24,1536,39
2021-08-24,Kern,029,883053,107788,105399,14852,120251,1375
2021-08-24,Kings,031,150075,26375,25629,1453,27082,258
2021-08-24,Lake,033,64148,5331,5135,61,5196,72
2021-08-24,Lassen,035,31185,5720,5576,156,5732,21
2021-08-24,Los Angeles,037,10098052,1343194,1328777,50551,1379328,25135
2021-08-24,Madera,039,155013,18850,18251,1347,19598,247
2021-08-24,Marin,041,260295,16191,15900,358,16258,240
2021-08-24,Mariposa,043,17540,720,670,20,690,5
2021-08-24,Mendocino,045,87422,5741,5416,184,5600,52
2021-08-24,Merced,047,269075,35232,34490,1260,35750,491
2021-08-24,Modoc,049,8938,446,432,156,588,5
2021-08-24,Mono,051,14174,1385,1382,15,1397,3
2021-08-24,Monterey,053,433212,45514,45126,2549,47675,539
2021-08-24,Napa,055,140530,11549,11299,65,11364,85
2021-08-24,Nevada,057,99092,7359,6981,249,7230,77
2021-08-24,Orange,059,3164182,286119,281461,13399,294860,5187
2021-08-24,Placer,061,380077,30450,28618,2670,31288,318
2021-08-24,Plumas,063,18699,1000,953,18,971,5
2021-08-24,Riverside,065,2383286,327753,322620,15542,338162,4605
2021-08-24,Sacramento,067,1510023,135186,129542,2947,132489,1812
2021-08-24,San Benito,069,59416,6671,6576,137,6713,64
2021-08-24,San Bernardino,071,2135413,325085,320300,10203,330503,5328
2021-08-24,San Diego,073,3302833,331935,325823,19122,344945,3851
2021-08-24,San Francisco,075,870044,47186,46010,2129,48139,574
2021-08-24,San Joaquin,077,732212,86561,83684,4618,88302,1508
2021-08-24,San Luis Obispo,079,281455,25179,24443,973,25416,274
2021-08-24,San Mateo,081,765935,49123,48050,1000,49050,553
2021-08-24,Santa Barbara,083,443738,39750,38307,1450,39757,478
2021-08-24,Santa Clara,085,1922200,134102,130763,1019,131782,1779
2021-08-24,Santa Cruz,087,273765,18328,17928,965,18893,209
2021-08-24,Shasta,089,179085,15310,14664,2238,16902,217
2021-08-24,Sierra,091,2930,102,90,15,105,0
2021-08-24,Siskiyou,093,43540,2435,2294,688,2982,33
2021-08-24,Solano,095,438530,41050,38724,982,39706,283
2021-08-24,Sonoma,097,501317,37162,35849,455,36304,336
2021-08-24,Stanislaus,099,539301,66518,64195,7521,71716,1058
2021-08-24,Sutter,101,95872,11756,11384,148,11532,134
2021-08-24,Tehama,103,63373,6047,5826,839,6665,67
2021-08-24,Trinity,105,12862,574,446,136,582,3
2021-08-24,Tulare,107,460477,55361,53702,11459,65161,856
2021-08-24,Tuolumne,109,53932,5477,5287,55,5342,74
2021-08-24,Ventura,111,848112,90340,89167,3952,93119,1068
2021-08-24,Yolo,113,214977,17089,16492,796,17288,231
2021-08-24,Yuba,115,75493,8038,7723,175,7898,54
2021-08-23,Alameda,001,1643700,108074,104922,2561,107483,1294
2021-08-23,Alpine,003,1148,92,91,0,91,0
2021-08-23,Amador,005,37829,4528,4369,42,4411,50
2021-08-23,Butte,007,227075,15538,14847,2606,17453,211
2021-08-23,Calaveras,009,45235,2908,2803,20,2823,59
2021-08-23,Colusa,011,21464,2266,2206,472,2678,16
2021-08-23,Contra Costa,013,1133247,88435,84651,1779,86430,857
2021-08-23,Del Norte,015,27424,2745,2499,17,2516,8
2021-08-23,El Dorado,017,186661,13332,12684,1182,13866,118
2021-08-23,Fresno,019,978130,115487,112445,10315,122760,1759
2021-08-23,Glenn,021,27897,2787,2696,728,3424,20
2021-08-23,Humboldt,023,135768,6854,6498,195,6693,52
2021-08-23,Imperial,025,180216,30268,30011,2978,32989,748
2021-08-23,Inyo,027,18085,1525,1509,24,1533,39
2021-08-23,Kern,029,883053,107334,104995,14695,119690,1375
2021-08-23,Kings,031,150075,26244,25465,1446,26911,257
2021-08-23,Lake,033,64148,5291,5099,59,5158,69
2021-08-23,Lassen,035,31185,5708,5562,156,5718,21
2021-08-23,Los Angeles,037,10098052,1340250,1326412,50424,1376836,25096
2021-08-23,Madera,039,155013,18764,18155,1332,19487,246
2021-08-23,Marin,041,260295,16143,15856,354,16210,240
2021-08-23,Mariposa,043,17540,709,645,20,665,5
2021-08-23,Mendocino,045,87422,5674,5374,177,5551,51
2021-08-23,Merced,047,269075,35049,34322,1255,35577,488
2021-08-23,Modoc,049,8938,443,431,155,586,6
2021-08-23,Mono,051,14174,1383,1384,15,1399,3
2021-08-23,Monterey,053,433212,45436,45047,2517,47564,538
2021-08-23,Napa,055,140530,11511,11257,65,11322,85
2021-08-23,Nevada,057,99092,7279,6930,247,7177,77
2021-08-23,Orange,059,3164182,285482,280891,13364,294255,5181
2021-08-23,Placer,061,380077,30250,28540,2631,31171,314
2021-08-23,Plumas,063,18699,992,934,18,952,5
2021-08-23,Riverside,065,2383286,326840,321650,15516,337166,4598
2021-08-23,Sacramento,067,1510023,134397,128969,2878,131847,1807
2021-08-23,San Benito,069,59416,6653,6562,135,6697,64
2021-08-23,San Bernardino,071,2135413,324284,319577,10162,329739,5324
2021-08-23,San Diego,073,3302833,330475,324536,19019,343555,3848
2021-08-23,San Francisco,075,870044,47039,45945,2113,48058,573
2021-08-23,San Joaquin,077,732212,86129,83466,4584,88050,1499
2021-08-23,San Luis Obispo,079,281455,24997,24317,971,25288,274
2021-08-23,San Mateo,081,765935,48991,47935,990,48925,553
2021-08-23,Santa Barbara,083,443738,39573,38181,1448,39629,478
2021-08-23,Santa Clara,085,1922200,133704,130489,1015,131504,1778
2021-08-23,Santa Cruz,087,273765,18271,17871,963,18834,209
2021-08-23,Shasta,089,179085,15184,14537,2198,16735,216
2021-08-23,Sierra,091,2930,102,90,15,105,0
2021-08-23,Siskiyou,093,43540,2414,2274,667,2941,33
2021-08-23,Solano,095,438530,40897,38612,974,39586,283
2021-08-23,Sonoma,097,501317,37043,35769,453,36222,336
2021-08-23,Stanislaus,099,539301,66166,63922,7482,71404,1058
2021-08-23,Sutter,101,95872,11667,11314,140,11454,133
2021-08-23,Tehama,103,63373,5993,5805,821,6626,67
2021-08-23,Trinity,105,12862,571,435,133,568,3
2021-08-23,Tulare,107,460477,55055,53370,11385,64755,856
2021-08-23,Tuolumne,109,53932,5435,5240,55,5295,73
2021-08-23,Ventura,111,848112,90121,88960,3940,92900,1063
2021-08-23,Yolo,113,214977,17002,16445,780,17225,226
2021-08-23,Yuba,115,75493,7967,7653,173,7826,54
2021-08-22,Alameda,001,1643700,107626,104539,2525,107064,1294
2021-08-22,Alpine,003,1148,92,91,0,91,0
2021-08-22,Amador,005,37829,4498,4349,42,4391,50
2021-08-22,Butte,007,227075,15399,14791,2570,17361,211
2021-08-22,Calaveras,009,45235,2869,2771,20,2791,59
2021-08-22,Colusa,011,21464,2258,2201,466,2667,16
2021-08-22,Contra Costa,013,1133247,87895,84371,1764,86135,857
2021-08-22,Del Norte,015,27424,2685,2455,17,2472,8
2021-08-22,El Dorado,017,186661,13228,12629,1162,13791,118
2021-08-22,Fresno,019,978130,114890,112057,10243,122300,1759
2021-08-22,Glenn,021,27897,2766,2678,713,3391,20
2021-08-22,Humboldt,023,135768,6777,6483,176,6659,52
2021-08-22,Imperial,025,180216,30210,29993,2973,32966,748
2021-08-22,Inyo,027,18085,1519,1505,24,1529,39
2021-08-22,Kern,029,883053,106810,104691,14538,119229,1375
2021-08-22,Kings,031,150075,26086,25391,1428,26819,257
2021-08-22,Lake,033,64148,5245,5069,56,5125,69
2021-08-22,Lassen,035,31185,5676,5556,151,5707,21
2021-08-22,Los Angeles,037,10098052,1336958,1324151,50292,1374443,25089
2021-08-22,Madera,039,155013,18645,18120,1318,19438,246
2021-08-22,Marin,041,260295,16091,15822,346,16168,240
2021-08-22,Mariposa,043,17540,699,638,18,656,5
2021-08-22,Mendocino,045,87422,5615,5336,177,5513,51
2021-08-22,Merced,047,269075,34845,34234,1242,35476,488
2021-08-22,Modoc,049,8938,442,431,155,586,6
2021-08-22,Mono,051,14174,1382,1378,15,1393,3
2021-08-22,Monterey,053,433212,45349,45017,2491,47508,538
2021-08-22,Napa,055,140530,11466,11231,65,11296,85
2021-08-22,Nevada,057,99092,7205,6864,245,7109,77
2021-08-22,Orange,059,3164182,284792,280390,13318,293708,5181
2021-08-22,Placer,061,380077,30042,28395,2594,30989,314
2021-08-22,Plumas,063,18699,974,923,17,940,5
2021-08-22,Riverside,065,2383286,325819,320836,15466,336302,4594
2021-08-22,Sacramento,067,1510023,133626,128231,2832,131063,1802
2021-08-22,San Benito,069,59416,6636,6550,135,6685,64
2021-08-22,San Bernardino,071,2135413,323315,318839,10126,328965,5324
2021-08-22,San Diego,073,3302833,329147,323591,18914,342505,3848
2021-08-22,San Francisco,075,870044,46880,45831,2095,47926,573
2021-08-22,San Joaquin,077,732212,85673,83121,4549,87670,1498
2021-08-22,San Luis Obispo,079,281455,24792,24250,964,25214,274
2021-08-22,San Mateo,081,765935,48846,47821,957,48778,553
2021-08-22,Santa Barbara,083,443738,39392,38099,1439,39538,478
2021-08-22,Santa Clara,085,1922200,133287,130189,1008,131197,1778
2021-08-22,Santa Cruz,087,273765,18210,17823,958,18781,209
2021-08-22,Shasta,089,179085,15045,14478,2162,16640,216
2021-08-22,Sierra,091,2930,102,87,15,102,0
2021-08-22,Siskiyou,093,43540,2385,2261,649,2910,33
2021-08-22,Solano,095,438530,40698,38489,961,39450,283
2021-08-22,Sonoma,097,501317,36887,35676,450,36126,336
2021-08-22,Stanislaus,099,539301,65803,63683,7387,71070,1058
2021-08-22,Sutter,101,95872,11585,11251,136,11387,133
2021-08-22,Tehama,103,63373,5948,5791,801,6592,67
2021-08-22,Trinity,105,12862,564,433,131,564,3
2021-08-22,Tulare,107,460477,54733,53220,11301,64521,856
2021-08-22,Tuolumne,109,53932,5393,5214,55,5269,73
2021-08-22,Ventura,111,848112,89912,88791,3923,92714,1063
2021-08-22,Yolo,113,214977,16900,16374,771,17145,226
2021-08-22,Yuba,115,75493,7893,7626,172,7798,54
2021-08-21,Alameda,001,1643700,107424,104281,2516,106797,1294
2021-08-21,Alpine,003,1148,92,91,0,91,0
2021-08-21,Amador,005,37829,4488,4338,40,4378,50
2021-08-21,Butte,007,227075,15331,14714,2548,17262,211
2021-08-21,Calaveras,009,45235,2856,2744,20,2764,59
2021-08-21,Colusa,011,21464,2253,2192,461,2653,16
2021-08-21,Contra Costa,013,1133247,87639,84136,1758,85894,857
2021-08-21,Del Norte,015,27424,2662,2409,17,2426,8
2021-08-21,El Dorado,017,186661,13184,12590,1158,13748,118
2021-08-21,Fresno,019,978130,114695,111765,10229,121994,1759
2021-08-21,Glenn,021,27897,2756,2654,706,3360,20
2021-08-21,Humboldt,023,135768,6739,6446,169,6615,52
2021-08-21,Imperial,025,180216,30167,29976,2970,32946,748
2021-08-21,Inyo,027,18085,1516,1500,24,1524,39
2021-08-21,Kern,029,883053,106554,104443,14413,118856,1375
2021-08-21,Kings,031,150075,26015,25313,1423,26736,257
2021-08-21,Lake,033,64148,5225,5055,54,5109,69
2021-08-21,Lassen,035,31185,5662,5553,151,5704,21
2021-08-21,Los Angeles,037,10098052,1335676,1321308,50202,1371510,25080
2021-08-21,Madera,039,155013,18607,18067,1312,19379,246
2021-08-21,Marin,041,260295,16057,15775,344,16119,240
2021-08-21,Mariposa,043,17540,689,634,18,652,5
2021-08-21,Mendocino,045,87422,5570,5307,176,5483,51
2021-08-21,Merced,047,269075,34740,34148,1237,35385,488
2021-08-21,Modoc,049,8938,442,430,155,585,6
2021-08-21,Mono,051,14174,1382,1378,15,1393,3
2021-08-21,Monterey,053,433212,45311,44969,2476,47445,538
2021-08-21,Napa,055,140530,11431,11211,65,11276,85
2021-08-21,Nevada,057,99092,7161,6810,244,7054,77
2021-08-21,Orange,059,3164182,284346,279855,13284,293139,5181
2021-08-21,Placer,061,380077,29904,28289,2569,30858,314
2021-08-21,Plumas,063,18699,970,916,16,932,5
2021-08-21,Riverside,065,2383286,325238,320086,15453,335539,4594
2021-08-21,Sacramento,067,1510023,133129,127751,2820,130571,1809
2021-08-21,San Benito,069,59416,6626,6542,134,6676,64
2021-08-21,San Bernardino,071,2135413,322864,318293,10106,328399,5324
2021-08-21,San Diego,073,3302833,328482,322620,18874,341494,3848
2021-08-21,San Francisco,075,870044,46785,45637,2080,47717,573
2021-08-21,San Joaquin,077,732212,85456,82825,4534,87359,1498
2021-08-21,San Luis Obispo,079,281455,24737,24169,964,25133,273
2021-08-21,San Mateo,081,765935,48755,47685,951,48636,553
2021-08-21,Santa Barbara,083,443738,39312,37951,1435,39386,478
2021-08-21,Santa Clara,085,1922200,133022,129911,1004,130915,1778
2021-08-21,Santa Cruz,087,273765,18173,17763,953,18716,209
2021-08-21,Shasta,089,179085,14971,14417,2148,16565,217
2021-08-21,Sierra,091,2930,97,85,15,100,0
2021-08-21,Siskiyou,093,43540,2371,2246,638,2884,33
2021-08-21,Solano,095,438530,40587,38423,951,39374,281
2021-08-21,Sonoma,097,501317,36800,35582,449,36031,336
2021-08-21,Stanislaus,099,539301,65610,63512,7369,70881,1058
2021-08-21,Sutter,101,95872,11540,11204,134,11338,133
2021-08-21,Tehama,103,63373,5923,5757,794,6551,67
2021-08-21,Trinity,105,12862,559,431,129,560,3
2021-08-21,Tulare,107,460477,54590,53045,11256,64301,857
2021-08-21,Tuolumne,109,53932,5362,5193,55,5248,73
2021-08-21,Ventura,111,848112,89768,88558,3908,92466,1063
2021-08-21,Yolo,113,214977,16853,16322,765,17087,226
2021-08-21,Yuba,115,75493,7847,7580,171,7751,54
2021-08-20,Alameda,001,1643700,107180,103812,2507,106319,1294
2021-08-20,Alpine,003,1148,92,91,0,91,0
2021-08-20,Amador,005,37829,4462,4323,40,4363,50
2021-08-20,Butte,007,227075,15259,14617,2526,17143,211
2021-08-20,Calaveras,009,45235,2841,2717,20,2737,59
2021-08-20,Colusa,011,21464,2248,2178,459,2637,16
2021-08-20,Contra Costa,013,1133247,87366,83721,1751,85472,857
2021-08-20,Del Norte,015,27424,2630,2316,17,2333,8
2021-08-20,El Dorado,017,186661,13146,12495,1150,13645,118
2021-08-20,Fresno,019,978130,114343,111315,10195,121510,1759
2021-08-20,Glenn,021,27897,2749,2642,701,3343,20
2021-08-20,Humboldt,023,135768,6688,6349,164,6513,52
2021-08-20,Imperial,025,180216,30144,29934,2970,32904,747
2021-08-20,Inyo,027,18085,1510,1495,24,1519,39
2021-08-20,Kern,029,883053,106269,104048,14283,118331,1373
2021-08-20,Kings,031,150075,25949,25241,1421,26662,256
2021-08-20,Lake,033,64148,5210,5024,51,5075,69
2021-08-20,Lassen,035,31185,5642,5539,151,5690,21
2021-08-20,Los Angeles,037,10098052,1333811,1317541,50103,1367644,25049
2021-08-20,Madera,039,155013,18558,18018,1296,19314,246
2021-08-20,Marin,041,260295,16039,15727,340,16067,240
2021-08-20,Mariposa,043,17540,684,630,18,648,5
2021-08-20,Mendocino,045,87422,5525,5241,174,5415,51
2021-08-20,Merced,047,269075,34675,34035,1229,35264,486
2021-08-20,Modoc,049,8938,442,429,155,584,6
2021-08-20,Mono,051,14174,1381,1368,15,1383,3
2021-08-20,Monterey,053,433212,45281,44890,2462,47352,538
2021-08-20,Napa,055,140530,11399,11152,65,11217,83
2021-08-20,Nevada,057,99092,7120,6753,237,6990,77
2021-08-20,Orange,059,3164182,283901,279193,13263,292456,5179
2021-08-20,Placer,061,380077,29809,28156,2540,30696,313
2021-08-20,Plumas,063,18699,962,908,16,924,5
2021-08-20,Riverside,065,2383286,324543,319072,15422,334494,4594
2021-08-20,Sacramento,067,1510023,132654,127226,2803,130029,1797
2021-08-20,San Benito,069,59416,6612,6508,134,6642,64
2021-08-20,San Bernardino,071,2135413,322251,317372,10076,327448,5322
2021-08-20,San Diego,073,3302833,327576,321102,18805,339907,3846
2021-08-20,San Francisco,075,870044,46689,45432,2061,47493,573
2021-08-20,San Joaquin,077,732212,85226,82419,4516,86935,1496
2021-08-20,San Luis Obispo,079,281455,24660,23986,960,24946,273
2021-08-20,San Mateo,081,765935,48648,47561,941,48502,551
2021-08-20,Santa Barbara,083,443738,39228,37794,1430,39224,477
2021-08-20,Santa Clara,085,1922200,132740,129510,999,130509,1774
2021-08-20,Santa Cruz,087,273765,18133,17701,950,18651,209
2021-08-20,Shasta,089,179085,14892,14277,2129,16406,215
2021-08-20,Sierra,091,2930,95,83,15,98,0
2021-08-20,Siskiyou,093,43540,2355,2226,633,2859,33
2021-08-20,Solano,095,438530,40447,38214,940,39154,277
2021-08-20,Sonoma,097,501317,36731,35416,448,35864,336
2021-08-20,Stanislaus,099,539301,65408,63219,7346,70565,1047
2021-08-20,Sutter,101,95872,11484,11136,133,11269,133
2021-08-20,Tehama,103,63373,5907,5730,782,6512,66
2021-08-20,Trinity,105,12862,559,422,128,550,3
2021-08-20,Tulare,107,460477,54458,52855,11213,64068,856
2021-08-20,Tuolumne,109,53932,5338,5153,54,5207,73
2021-08-20,Ventura,111,848112,89602,88285,3905,92190,1061
2021-08-20,Yolo,113,214977,16798,16236,759,16995,225
2021-08-20,Yuba,115,75493,7807,7523,171,7694,54
2021-08-19,Alameda,001,1643700,106729,103276,2482,105758,1294
2021-08-19,Alpine,003,1148,92,91,0,91,0
2021-08-19,Amador,005,37829,4455,4317,39,4356,50
2021-08-19,Butte,007,227075,15125,14518,2496,17014,211
2021-08-19,Calaveras,009,45235,2822,2673,20,2693,59
2021-08-19,Colusa,011,21464,2239,2167,455,2622,16
2021-08-19,Contra Costa,013,1133247,86930,83296,1737,85033,852
2021-08-19,Del Norte,015,27424,2580,2257,17,2274,8
2021-08-19,El Dorado,017,186661,13061,12410,1129,13539,118
2021-08-19,Fresno,019,978130,113905,110947,10147,121094,1759
2021-08-19,Glenn,021,27897,2730,2629,694,3323,20
2021-08-19,Humboldt,023,135768,6627,6246,158,6404,52
2021-08-19,Imperial,025,180216,30098,29865,2965,32830,747
2021-08-19,Inyo,027,18085,1503,1494,24,1518,39
2021-08-19,Kern,029,883053,105873,103731,14140,117871,1371
2021-08-19,Kings,031,150075,25818,25128,1409,26537,256
2021-08-19,Lake,033,64148,5180,4991,47,5038,69
2021-08-19,Lassen,035,31185,5624,5520,150,5670,21
2021-08-19,Los Angeles,037,10098052,1330842,1314453,49961,1364414,25020
2021-08-19,Madera,039,155013,18496,17947,1279,19226,246
2021-08-19,Marin,041,260295,16006,15672,337,16009,240
2021-08-19,Mariposa,043,17540,669,618,18,636,5
2021-08-19,Mendocino,045,87422,5492,5167,172,5339,51
2021-08-19,Merced,047,269075,34540,33851,1215,35066,486
2021-08-19,Modoc,049,8938,442,427,155,582,6
2021-08-19,Mono,051,14174,1377,1349,15,1364,3
2021-08-19,Monterey,053,433212,45217,44821,2442,47263,538
2021-08-19,Napa,055,140530,11347,11104,65,11169,83
2021-08-19,Nevada,057,99092,7056,6695,235,6930,77
2021-08-19,Orange,059,3164182,283269,278562,13211,291773,5172
2021-08-19,Placer,061,380077,29629,27953,2522,30475,313
2021-08-19,Plumas,063,18699,949,896,16,912,5
2021-08-19,Riverside,065,2383286,323517,318056,15391,333447,4589
2021-08-19,Sacramento,067,1510023,131952,126720,2766,129486,1801
2021-08-19,San Benito,069,59416,6594,6493,132,6625,64
2021-08-19,San Bernardino,071,2135413,321430,316398,10053,326451,5318
2021-08-19,San Diego,073,3302833,326313,319582,18715,338297,3839
2021-08-19,San Francisco,075,870044,46532,45220,2043,47263,571
2021-08-19,San Joaquin,077,732212,84781,82047,4467,86514,1491
2021-08-19,San Luis Obispo,079,281455,24520,23878,953,24831,271
2021-08-19,San Mateo,081,765935,48522,47431,931,48362,551
2021-08-19,Santa Barbara,083,443738,39083,37693,1427,39120,477
2021-08-19,Santa Clara,085,1922200,132350,129133,992,130125,1774
2021-08-19,Santa Cruz,087,273765,18071,17644,943,18587,209
2021-08-19,Shasta,089,179085,14768,14200,2106,16306,214
2021-08-19,Sierra,091,2930,91,83,15,98,0
2021-08-19,Siskiyou,093,43540,2340,2218,620,2838,33
2021-08-19,Solano,095,438530,40289,38025,929,38954,273
2021-08-19,Sonoma,097,501317,36644,35233,447,35680,336
2021-08-19,Stanislaus,099,539301,65051,62928,7299,70227,1047
2021-08-19,Sutter,101,95872,11400,11057,132,11189,133
2021-08-19,Tehama,103,63373,5871,5683,754,6437,66
2021-08-19,Trinity,105,12862,555,414,126,540,3
2021-08-19,Tulare,107,460477,54227,52685,11149,63834,856
2021-08-19,Tuolumne,109,53932,5302,5112,53,5165,64
2021-08-19,Ventura,111,848112,89399,88073,3890,91963,1060
2021-08-19,Yolo,113,214977,16713,16153,751,16904,225
2021-08-19,Yuba,115,75493,7755,7458,170,7628,51
2021-08-18,Alameda,001,1643700,106319,102696,2453,105149,1294
2021-08-18,Alpine,003,1148,91,91,0,91,0
2021-08-18,Amador,005,37829,4438,4279,38,4317,50
2021-08-18,Butte,007,227075,15015,14426,2470,16896,208
2021-08-18,Calaveras,009,45235,2781,2643,19,2662,59
2021-08-18,Colusa,011,21464,2232,2160,451,2611,16
2021-08-18,Contra Costa,013,1133247,86436,82767,1731,84498,851
2021-08-18,Del Norte,015,27424,2523,2219,17,2236,8
2021-08-18,El Dorado,017,186661,12972,12306,1114,13420,118
2021-08-18,Fresno,019,978130,113452,110523,10092,120615,1759
2021-08-18,Glenn,021,27897,2703,2623,687,3310,20
2021-08-18,Humboldt,023,135768,6556,6195,152,6347,52
2021-08-18,Imperial,025,180216,30065,29821,2962,32783,746
2021-08-18,Inyo,027,18085,1500,1494,24,1518,39
2021-08-18,Kern,029,883053,105525,103440,14045,117485,1370
2021-08-18,Kings,031,150075,25709,24984,1402,26386,256
2021-08-18,Lake,033,64148,5139,4957,46,5003,69
2021-08-18,Lassen,035,31185,5605,5506,149,5655,21
2021-08-18,Los Angeles,037,10098052,1327702,1311477,49829,1361306,24984
2021-08-18,Madera,039,155013,18436,17871,1266,19137,246
2021-08-18,Marin,041,260295,15968,15610,334,15944,240
2021-08-18,Mariposa,043,17540,656,615,17,632,5
2021-08-18,Mendocino,045,87422,5441,5129,169,5298,51
2021-08-18,Merced,047,269075,34375,33708,1204,34912,484
2021-08-18,Modoc,049,8938,442,427,154,581,6
2021-08-18,Mono,051,14174,1374,1344,15,1359,3
2021-08-18,Monterey,053,433212,45147,44735,2412,47147,532
2021-08-18,Napa,055,140530,11308,11060,64,11124,83
2021-08-18,Nevada,057,99092,6990,6633,235,6868,76
2021-08-18,Orange,059,3164182,282628,277795,13156,290951,5168
2021-08-18,Placer,061,380077,29403,27741,2493,30234,312
2021-08-18,Plumas,063,18699,940,874,16,890,5
2021-08-18,Riverside,065,2383286,322517,317107,15356,332463,4585
2021-08-18,Sacramento,067,1510023,131191,125599,2732,128331,1781
2021-08-18,San Benito,069,59416,6583,6481,131,6612,64
2021-08-18,San Bernardino,071,2135413,320629,315477,10034,325511,5304
2021-08-18,San Diego,073,3302833,324969,318152,18650,336802,3834
2021-08-18,San Francisco,075,870044,46333,44957,2029,46986,568
2021-08-18,San Joaquin,077,732212,84330,81601,4437,86038,1491
2021-08-18,San Luis Obispo,079,281455,24371,23726,941,24667,270
2021-08-18,San Mateo,081,765935,48363,47255,921,48176,551
2021-08-18,Santa Barbara,083,443738,38951,37599,1420,39019,475
2021-08-18,Santa Clara,085,1922200,131987,128563,988,129551,1773
2021-08-18,Santa Cruz,087,273765,18017,17566,938,18504,209
2021-08-18,Shasta,089,179085,14669,14087,2087,16174,213
2021-08-18,Sierra,091,2930,90,83,15,98,0
2021-08-18,Siskiyou,093,43540,2311,2204,608,2812,33
2021-08-18,Solano,095,438530,40084,37812,917,38729,271
2021-08-18,Sonoma,097,501317,36500,35063,446,35509,333
2021-08-18,Stanislaus,099,539301,64702,62613,7256,69869,1047
2021-08-18,Sutter,101,95872,11328,11004,127,11131,130
2021-08-18,Tehama,103,63373,5836,5653,744,6397,66
2021-08-18,Trinity,105,12862,548,409,123,532,3
2021-08-18,Tulare,107,460477,53986,52486,11080,63566,856
2021-08-18,Tuolumne,109,53932,5266,5081,51,5132,64
2021-08-18,Ventura,111,848112,89167,87835,3880,91715,1055
2021-08-18,Yolo,113,214977,16631,16047,731,16778,225
2021-08-18,Yuba,115,75493,7690,7391,170,7561,51
2021-08-17,Alameda,001,1643700,105904,102379,2437,104816,1290
2021-08-17,Alpine,003,1148,91,91,0,91,0
2021-08-17,Amador,005,37829,4409,4266,38,4304,50
2021-08-17,Butte,007,227075,14908,14357,2435,16792,206
2021-08-17,Calaveras,009,45235,2740,2624,19,2643,59
2021-08-17,Colusa,011,21464,2223,2156,447,2603,16
2021-08-17,Contra Costa,013,1133247,85988,82482,1721,84203,848
2021-08-17,Del Norte,015,27424,2469,2188,17,2205,8
2021-08-17,El Dorado,017,186661,12884,12242,1100,13342,118
2021-08-17,Fresno,019,978130,112970,110263,10031,120294,1755
2021-08-17,Glenn,021,27897,2689,2608,679,3287,20
2021-08-17,Humboldt,023,135768,6478,6155,150,6305,52
2021-08-17,Imperial,025,180216,30014,29768,2958,32726,746
2021-08-17,Inyo,027,18085,1497,1492,24,1516,39
2021-08-17,Kern,029,883053,105130,103048,13920,116968,1367
2021-08-17,Kings,031,150075,25602,24930,1391,26321,254
2021-08-17,Lake,033,64148,5096,4930,40,4970,68
2021-08-17,Lassen,035,31185,5588,5499,147,5646,21
2021-08-17,Los Angeles,037,10098052,1324171,1307999,49693,1357692,24952
2021-08-17,Madera,039,155013,18362,17838,1244,19082,246
2021-08-17,Marin,041,260295,15913,15570,334,15904,240
2021-08-17,Mariposa,043,17540,648,609,16,625,5
2021-08-17,Mendocino,045,87422,5386,5097,169,5266,51
2021-08-17,Merced,047,269075,34227,33508,1190,34698,482
2021-08-17,Modoc,049,8938,439,424,152,576,6
2021-08-17,Mono,051,14174,1368,1341,15,1356,3
2021-08-17,Monterey,053,433212,45070,44672,2396,47068,528
2021-08-17,Napa,055,140530,11267,11007,63,11070,83
2021-08-17,Nevada,057,99092,6916,6605,233,6838,75
2021-08-17,Orange,059,3164182,281986,277121,13120,290241,5164
2021-08-17,Placer,061,380077,29188,27634,2464,30098,312
2021-08-17,Plumas,063,18699,928,860,16,876,5
2021-08-17,Riverside,065,2383286,321501,316051,15317,331368,4582
2021-08-17,Sacramento,067,1510023,130400,125151,2689,127840,1774
2021-08-17,San Benito,069,59416,6564,6470,131,6601,64
2021-08-17,San Bernardino,071,2135413,319692,314402,9990,324392,5302
2021-08-17,San Diego,073,3302833,323353,317058,18554,335612,3824
2021-08-17,San Francisco,075,870044,46138,44820,2018,46838,567
2021-08-17,San Joaquin,077,732212,83861,81300,4405,85705,1489
2021-08-17,San Luis Obispo,079,281455,24214,23556,938,24494,268
2021-08-17,San Mateo,081,765935,48221,47127,902,48029,551
2021-08-17,Santa Barbara,083,443738,38796,37478,1412,38890,475
2021-08-17,Santa Clara,085,1922200,131585,128354,983,129337,1773
2021-08-17,Santa Cruz,087,273765,17931,17528,936,18464,209
2021-08-17,Shasta,089,179085,14538,14012,2068,16080,214
2021-08-17,Sierra,091,2930,89,82,15,97,0
2021-08-17,Siskiyou,093,43540,2296,2183,594,2777,33
2021-08-17,Solano,095,438530,39855,37662,907,38569,269
2021-08-17,Sonoma,097,501317,36352,34943,442,35385,333
2021-08-17,Stanislaus,099,539301,64350,62385,7194,69579,1047
2021-08-17,Sutter,101,95872,11256,10973,127,11100,130
2021-08-17,Tehama,103,63373,5802,5612,722,6334,66
2021-08-17,Trinity,105,12862,543,406,120,526,3
2021-08-17,Tulare,107,460477,53719,52362,11012,63374,856
2021-08-17,Tuolumne,109,53932,5223,5042,50,5092,64
2021-08-17,Ventura,111,848112,88929,87601,3859,91460,1053
2021-08-17,Yolo,113,214977,16542,15975,716,16691,225
2021-08-17,Yuba,115,75493,7620,7355,170,7525,51
2021-08-16,Alameda,001,1643700,105400,102052,2425,104477,1287
2021-08-16,Alpine,003,1148,91,91,0,91,0
2021-08-16,Amador,005,37829,4399,4235,38,4273,50
2021-08-16,Butte,007,227075,14790,14283,2402,16685,206
2021-08-16,Calaveras,009,45235,2682,2609,18,2627,57
2021-08-16,Colusa,011,21464,2212,2147,443,2590,16
2021-08-16,Contra Costa,013,1133247,85447,82070,1711,83781,848
2021-08-16,Del Norte,015,27424,2392,2125,17,2142,8
2021-08-16,El Dorado,017,186661,12782,12139,1087,13226,118
2021-08-16,Fresno,019,978130,112470,109623,9984,119607,1753
2021-08-16,Glenn,021,27897,2670,2593,673,3266,20
2021-08-16,Humboldt,023,135768,6407,6064,127,6191,52
2021-08-16,Imperial,025,180216,29974,29737,2943,32680,746
2021-08-16,Inyo,027,18085,1494,1490,24,1514,39
2021-08-16,Kern,029,883053,104755,102690,13802,116492,1367
2021-08-16,Kings,031,150075,25500,24817,1381,26198,254
2021-08-16,Lake,033,64148,5069,4898,39,4937,68
2021-08-16,Lassen,035,31185,5572,5481,139,5620,21
2021-08-16,Los Angeles,037,10098052,1320793,1305330,49543,1354873,24923
2021-08-16,Madera,039,155013,18287,17756,1223,18979,246
2021-08-16,Marin,041,260295,15854,15497,332,15829,239
2021-08-16,Mariposa,043,17540,631,597,16,613,5
2021-08-16,Mendocino,045,87422,5330,5037,167,5204,49
2021-08-16,Merced,047,269075,34026,33364,1178,34542,481
2021-08-16,Modoc,049,8938,437,421,151,572,5
2021-08-16,Mono,051,14174,1359,1339,15,1354,3
2021-08-16,Monterey,053,433212,45008,44595,2368,46963,527
2021-08-16,Napa,055,140530,11238,10946,63,11009,83
2021-08-16,Nevada,057,99092,6860,6535,232,6767,74
2021-08-16,Orange,059,3164182,281194,275985,13073,289058,5161
2021-08-16,Placer,061,380077,29006,27384,2430,29814,306
2021-08-16,Plumas,063,18699,917,851,16,867,5
2021-08-16,Riverside,065,2383286,320411,314774,15280,330054,4582
2021-08-16,Sacramento,067,1510023,129590,124554,2646,127200,1762
2021-08-16,San Benito,069,59416,6540,6452,131,6583,64
2021-08-16,San Bernardino,071,2135413,318731,313617,9962,323579,5301
2021-08-16,San Diego,073,3302833,321746,315348,18419,333767,3824
2021-08-16,San Francisco,075,870044,45942,44681,2001,46682,567
2021-08-16,San Joaquin,077,732212,83359,81087,4377,85464,1488
2021-08-16,San Luis Obispo,079,281455,24064,23452,929,24381,265
2021-08-16,San Mateo,081,765935,48056,47024,879,47903,548
2021-08-16,Santa Barbara,083,443738,38629,37358,1407,38765,475
2021-08-16,Santa Clara,085,1922200,131122,127978,977,128955,1773
2021-08-16,Santa Cruz,087,273765,17869,17491,929,18420,209
2021-08-16,Shasta,089,179085,14447,13862,2051,15913,211
2021-08-16,Sierra,091,2930,86,82,15,97,0
2021-08-16,Siskiyou,093,43540,2279,2169,574,2743,33
2021-08-16,Solano,095,438530,39574,37436,893,38329,263
2021-08-16,Sonoma,097,501317,36182,34844,440,35284,333
2021-08-16,Stanislaus,099,539301,63988,62033,7142,69175,1039
2021-08-16,Sutter,101,95872,11187,10902,126,11028,130
2021-08-16,Tehama,103,63373,5738,5565,717,6282,66
2021-08-16,Trinity,105,12862,537,400,119,519,3
2021-08-16,Tulare,107,460477,53474,52162,10940,63102,856
2021-08-16,Tuolumne,109,53932,5184,4984,50,5034,64
2021-08-16,Ventura,111,848112,88684,86954,3841,90795,1052
2021-08-16,Yolo,113,214977,16442,15922,708,16630,225
2021-08-16,Yuba,115,75493,7536,7314,169,7483,51
2021-08-15,Alameda,001,1643700,104907,101660,2408,104068,1287
2021-08-15,Alpine,003,1148,91,91,0,91,0
2021-08-15,Amador,005,37829,4371,4231,38,4269,49
2021-08-15,Butte,007,227075,14665,14263,2378,16641,206
2021-08-15,Calaveras,009,45235,2635,2599,18,2617,57
2021-08-15,Colusa,011,21464,2200,2140,433,2573,16
2021-08-15,Contra Costa,013,1133247,84967,81781,1694,83475,848
2021-08-15,Del Norte,015,27424,2325,2060,17,2077,8
2021-08-15,El Dorado,017,186661,12647,12057,1070,13127,118
2021-08-15,Fresno,019,978130,111998,109382,9921,119303,1753
2021-08-15,Glenn,021,27897,2646,2592,661,3253,20
2021-08-15,Humboldt,023,135768,6334,6024,120,6144,52
2021-08-15,Imperial,025,180216,29907,29711,2939,32650,746
2021-08-15,Inyo,027,18085,1493,1489,24,1513,39
2021-08-15,Kern,029,883053,104311,102524,13688,116212,1367
2021-08-15,Kings,031,150075,25350,24736,1371,26107,254
2021-08-15,Lake,033,64148,5010,4886,38,4924,68
2021-08-15,Lassen,035,31185,5555,5482,138,5620,21
2021-08-15,Los Angeles,037,10098052,1317272,1302882,49368,1352250,24918
2021-08-15,Madera,039,155013,18199,17714,1208,18922,246
2021-08-15,Marin,041,260295,15795,15461,330,15791,239
2021-08-15,Mariposa,043,17540,624,591,15,606,5
2021-08-15,Mendocino,045,87422,5274,5022,161,5183,49
2021-08-15,Merced,047,269075,33782,33305,1167,34472,481
2021-08-15,Modoc,049,8938,435,421,151,572,5
2021-08-15,Mono,051,14174,1351,1334,15,1349,3
2021-08-15,Monterey,053,433212,44896,44567,2335,46902,527
2021-08-15,Napa,055,140530,11183,10919,63,10982,83
2021-08-15,Nevada,057,99092,6776,6486,232,6718,74
2021-08-15,Orange,059,3164182,280417,275447,13032,288479,5161
2021-08-15,Placer,061,380077,28784,27220,2382,29602,306
2021-08-15,Plumas,063,18699,905,850,16,866,5
2021-08-15,Riverside,065,2383286,319273,314133,15250,329383,4582
2021-08-15,Sacramento,067,1510023,128777,123924,2613,126537,1761
2021-08-15,San Benito,069,59416,6522,6446,130,6576,64
2021-08-15,San Bernardino,071,2135413,317658,313120,9930,323050,5301
2021-08-15,San Diego,073,3302833,320261,314247,18304,332551,3824
2021-08-15,San Francisco,075,870044,45720,44531,1978,46509,567
2021-08-15,San Joaquin,077,732212,82871,80832,4336,85168,1488
2021-08-15,San Luis Obispo,079,281455,23868,23404,919,24323,265
2021-08-15,San Mateo,081,765935,47890,46897,855,47752,548
2021-08-15,Santa Barbara,083,443738,38460,37276,1400,38676,475
2021-08-15,Santa Clara,085,1922200,130689,127715,971,128686,1773
2021-08-15,Santa Cruz,087,273765,17800,17440,921,18361,209
2021-08-15,Shasta,089,179085,14344,13835,2025,15860,211
2021-08-15,Sierra,091,2930,85,82,14,96,0
2021-08-15,Siskiyou,093,43540,2258,2169,560,2729,33
2021-08-15,Solano,095,438530,39319,37320,882,38202,263
2021-08-15,Sonoma,097,501317,35986,34706,432,35138,333
2021-08-15,Stanislaus,099,539301,63597,61795,7064,68859,1039
2021-08-15,Sutter,101,95872,11096,10863,126,10989,130
2021-08-15,Tehama,103,63373,5689,5550,711,6261,66
2021-08-15,Trinity,105,12862,534,400,117,517,3
2021-08-15,Tulare,107,460477,53218,52046,10879,62925,856
2021-08-15,Tuolumne,109,53932,5146,4934,48,4982,64
2021-08-15,Ventura,111,848112,88379,86797,3826,90623,1052
2021-08-15,Yolo,113,214977,16347,15873,698,16571,225
2021-08-15,Yuba,115,75493,7459,7265,168,7433,51
2021-08-14,Alameda,001,1643700,104688,101305,2404,103709,1287
2021-08-14,Alpine,003,1148,91,91,0,91,0
2021-08-14,Amador,005,37829,4353,4206,38,4244,49
2021-08-14,Butte,007,227075,14628,14192,2362,16554,206
2021-08-14,Calaveras,009,45235,2630,2579,18,2597,57
2021-08-14,Colusa,011,21464,2190,2134,429,2563,16
2021-08-14,Contra Costa,013,1133247,84719,81458,1686,83144,848
2021-08-14,Del Norte,015,27424,2298,2015,17,2032,8
2021-08-14,El Dorado,017,186661,12611,12019,1061,13080,118
2021-08-14,Fresno,019,978130,111840,109056,9891,118947,1753
2021-08-14,Glenn,021,27897,2635,2583,659,3242,20
2021-08-14,Humboldt,023,135768,6280,5998,116,6114,52
2021-08-14,Imperial,025,180216,29880,29671,2939,32610,746
2021-08-14,Inyo,027,18085,1491,1487,24,1511,39
2021-08-14,Kern,029,883053,104116,102306,13592,115898,1367
2021-08-14,Kings,031,150075,25256,24647,1362,26009,254
2021-08-14,Lake,033,64148,4993,4850,37,4887,68
2021-08-14,Lassen,035,31185,5548,5475,137,5612,21
2021-08-14,Los Angeles,037,10098052,1315509,1299346,49229,1348575,24911
2021-08-14,Madera,039,155013,18152,17691,1203,18894,246
2021-08-14,Marin,041,260295,15761,15441,329,15770,239
2021-08-14,Mariposa,043,17540,620,584,15,599,5
2021-08-14,Mendocino,045,87422,5238,4977,158,5135,49
2021-08-14,Merced,047,269075,33718,33234,1161,34395,481
2021-08-14,Modoc,049,8938,435,421,151,572,5
2021-08-14,Mono,051,14174,1349,1332,15,1347,3
2021-08-14,Monterey,053,433212,44857,44514,2327,46841,527
2021-08-14,Napa,055,140530,11153,10878,62,10940,83
2021-08-14,Nevada,057,99092,6741,6419,231,6650,74
2021-08-14,Orange,059,3164182,279984,274732,13004,287736,5161
2021-08-14,Placer,061,380077,28638,27115,2358,29473,306
2021-08-14,Plumas,063,18699,895,849,16,865,5
2021-08-14,Riverside,065,2383286,318560,313264,15227,328491,4582
2021-08-14,Sacramento,067,1510023,128285,123438,2595,126033,1758
2021-08-14,San Benito,069,59416,6509,6428,130,6558,64
2021-08-14,San Bernardino,071,2135413,317110,312142,9909,322051,5301
2021-08-14,San Diego,073,3302833,319590,313589,18236,331825,3824
2021-08-14,San Francisco,075,870044,45593,44353,1957,46310,567
2021-08-14,San Joaquin,077,732212,82655,80585,4320,84905,1488
2021-08-14,San Luis Obispo,079,281455,23809,23328,916,24244,265
2021-08-14,San Mateo,081,765935,47780,46792,843,47635,548
2021-08-14,Santa Barbara,083,443738,38367,37118,1396,38514,475
2021-08-14,Santa Clara,085,1922200,130410,127432,968,128400,1772
2021-08-14,Santa Cruz,087,273765,17761,17384,920,18304,209
2021-08-14,Shasta,089,179085,14269,13813,2004,15817,211
2021-08-14,Sierra,091,2930,85,81,14,95,0
2021-08-14,Siskiyou,093,43540,2248,2160,550,2710,33
2021-08-14,Solano,095,438530,39232,37237,870,38107,263
2021-08-14,Sonoma,097,501317,35863,34606,430,35036,333
2021-08-14,Stanislaus,099,539301,63407,61564,7019,68583,1039
2021-08-14,Sutter,101,95872,11051,10808,125,10933,130
2021-08-14,Tehama,103,63373,5665,5530,707,6237,66
2021-08-14,Trinity,105,12862,528,399,117,516,3
2021-08-14,Tulare,107,460477,53083,51951,10833,62784,856
2021-08-14,Tuolumne,109,53932,5111,4924,48,4972,64
2021-08-14,Ventura,111,848112,88222,86569,3806,90375,1052
2021-08-14,Yolo,113,214977,16302,15815,688,16503,225
2021-08-14,Yuba,115,75493,7410,7223,168,7391,51
2021-08-13,Alameda,001,1643700,104388,100930,2395,103325,1284
2021-08-13,Alpine,003,1148,91,91,0,91,0
2021-08-13,Amador,005,37829,4325,4169,38,4207,49
2021-08-13,Butte,007,227075,14557,14100,2346,16446,206
2021-08-13,Calaveras,009,45235,2620,2564,18,2582,57
2021-08-13,Colusa,011,21464,2183,2123,424,2547,16
2021-08-13,Contra Costa,013,1133247,84406,81046,1678,82724,848
2021-08-13,Del Norte,015,27424,2257,1973,17,1990,8
2021-08-13,El Dorado,017,186661,12572,11951,1048,12999,118
2021-08-13,Fresno,019,978130,111552,108638,9870,118508,1753
2021-08-13,Glenn,021,27897,2624,2574,657,3231,20
2021-08-13,Humboldt,023,135768,6233,5882,113,5995,52
2021-08-13,Imperial,025,180216,29853,29654,2938,32592,745
2021-08-13,Inyo,027,18085,1490,1484,24,1508,39
2021-08-13,Kern,029,883053,103908,102029,13483,115512,1364
2021-08-13,Kings,031,150075,25172,24531,1355,25886,253
2021-08-13,Lake,033,64148,4970,4811,36,4847,68
2021-08-13,Lassen,035,31185,5540,5455,136,5591,21
2021-08-13,Los Angeles,037,10098052,1313197,1295406,49094,1344500,24891
2021-08-13,Madera,039,155013,18103,17614,1194,18808,246
2021-08-13,Marin,041,260295,15731,15380,329,15709,239
2021-08-13,Mariposa,043,17540,614,577,15,592,5
2021-08-13,Mendocino,045,87422,5191,4924,156,5080,49
2021-08-13,Merced,047,269075,33670,33111,1156,34267,480
2021-08-13,Modoc,049,8938,434,421,150,571,5
2021-08-13,Mono,051,14174,1347,1331,15,1346,3
2021-08-13,Monterey,053,433212,44804,44450,2319,46769,527
2021-08-13,Napa,055,140530,11117,10830,62,10892,83
2021-08-13,Nevada,057,99092,6700,6356,230,6586,74
2021-08-13,Orange,059,3164182,279491,274004,12955,286959,5159
2021-08-13,Placer,061,380077,28538,26987,2330,29317,306
2021-08-13,Plumas,063,18699,881,842,16,858,5
2021-08-13,Riverside,065,2383286,317822,312408,15202,327610,4581
2021-08-13,Sacramento,067,1510023,127817,122868,2567,125435,1758
2021-08-13,San Benito,069,59416,6503,6422,128,6550,64
2021-08-13,San Bernardino,071,2135413,316442,311378,9890,321268,5301
2021-08-13,San Diego,073,3302833,318544,312293,18156,330449,3821
2021-08-13,San Francisco,075,870044,45457,44196,1932,46128,567
2021-08-13,San Joaquin,077,732212,82438,80232,4305,84537,1481
2021-08-13,San Luis Obispo,079,281455,23748,23226,913,24139,265
2021-08-13,San Mateo,081,765935,47670,46660,834,47494,548
2021-08-13,Santa Barbara,083,443738,38284,37023,1392,38415,474
2021-08-13,Santa Clara,085,1922200,130123,126958,963,127921,1769
2021-08-13,Santa Cruz,087,273765,17722,17332,913,18245,209
2021-08-13,Shasta,089,179085,14206,13698,1990,15688,211
2021-08-13,Sierra,091,2930,84,81,14,95,0
2021-08-13,Siskiyou,093,43540,2239,2147,546,2693,33
2021-08-13,Solano,095,438530,39098,37104,862,37966,264
2021-08-13,Sonoma,097,501317,35758,34464,430,34894,333
2021-08-13,Stanislaus,099,539301,63224,61294,6977,68271,1039
2021-08-13,Sutter,101,95872,11007,10751,124,10875,130
2021-08-13,Tehama,103,63373,5641,5496,705,6201,66
2021-08-13,Trinity,105,12862,524,392,117,509,3
2021-08-13,Tulare,107,460477,52979,51770,10758,62528,856
2021-08-13,Tuolumne,109,53932,5078,4899,47,4946,64
2021-08-13,Ventura,111,848112,88064,86368,3793,90161,1052
2021-08-13,Yolo,113,214977,16249,15761,678,16439,225
2021-08-13,Yuba,115,75493,7372,7184,168,7352,51
2021-08-12,Alameda,001,1643700,103887,100472,2381,102853,1284
2021-08-12,Alpine,003,1148,91,91,0,91,0
2021-08-12,Amador,005,37829,4295,4161,37,4198,49
2021-08-12,Butte,007,227075,14479,14006,2327,16333,206
2021-08-12,Calaveras,009,45235,2600,2531,18,2549,57
2021-08-12,Colusa,011,21464,2178,2111,423,2534,17
2021-08-12,Contra Costa,013,1133247,83924,80738,1668,82406,846
2021-08-12,Del Norte,015,27424,2185,1923,17,1940,8
2021-08-12,El Dorado,017,186661,12458,11880,1040,12920,118
2021-08-12,Fresno,019,978130,111136,108193,9809,118002,1753
2021-08-12,Glenn,021,27897,2616,2559,650,3209,20
2021-08-12,Humboldt,023,135768,6163,5845,109,5954,52
2021-08-12,Imperial,025,180216,29797,29585,2932,32517,745
2021-08-12,Inyo,027,18085,1488,1483,24,1507,39
2021-08-12,Kern,029,883053,103621,101698,13403,115101,1364
2021-08-12,Kings,031,150075,25072,24423,1346,25769,252
2021-08-12,Lake,033,64148,4945,4774,35,4809,68
2021-08-12,Lassen,035,31185,5518,5428,135,5563,21
2021-08-12,Los Angeles,037,10098052,1310016,1291875,48959,1340834,24874
2021-08-12,Madera,039,155013,18039,17564,1182,18746,246
2021-08-12,Marin,041,260295,15682,15277,325,15602,239
2021-08-12,Mariposa,043,17540,605,568,14,582,5
2021-08-12,Mendocino,045,87422,5161,4873,150,5023,49
2021-08-12,Merced,047,269075,33546,32960,1149,34109,480
2021-08-12,Modoc,049,8938,433,423,150,573,5
2021-08-12,Mono,051,14174,1344,1325,15,1340,3
2021-08-12,Monterey,053,433212,44739,44383,2291,46674,527
2021-08-12,Napa,055,140530,11068,10780,61,10841,83
2021-08-12,Nevada,057,99092,6639,6283,230,6513,74
2021-08-12,Orange,059,3164182,278814,273167,12897,286064,5158
2021-08-12,Placer,061,380077,28338,26856,2306,29162,306
2021-08-12,Plumas,063,18699,873,829,16,845,5
2021-08-12,Riverside,065,2383286,316813,311304,15168,326472,4575
2021-08-12,Sacramento,067,1510023,127048,122222,2535,124757,1758
2021-08-12,San Benito,069,59416,6486,6398,125,6523,64
2021-08-12,San Bernardino,071,2135413,315568,310420,9861,320281,5297
2021-08-12,San Diego,073,3302833,317166,310596,18072,328668,3821
2021-08-12,San Francisco,075,870044,45252,43774,1916,45690,564
2021-08-12,San Joaquin,077,732212,82044,79945,4281,84226,1479
2021-08-12,San Luis Obispo,079,281455,23648,23101,899,24000,264
2021-08-12,San Mateo,081,765935,47537,46435,820,47255,548
2021-08-12,Santa Barbara,083,443738,38147,36881,1382,38263,473
2021-08-12,Santa Clara,085,1922200,129674,126614,957,127571,1769
2021-08-12,Santa Cruz,087,273765,17658,17261,911,18172,209
2021-08-12,Shasta,089,179085,14120,13621,1964,15585,211
2021-08-12,Sierra,091,2930,84,81,14,95,0
2021-08-12,Siskiyou,093,43540,2232,2134,536,2670,33
2021-08-12,Solano,095,438530,38868,36980,854,37834,262
2021-08-12,Sonoma,097,501317,35610,34299,427,34726,333
2021-08-12,Stanislaus,099,539301,62949,61026,6917,67943,1039
2021-08-12,Sutter,101,95872,10946,10695,122,10817,130
2021-08-12,Tehama,103,63373,5611,5462,695,6157,66
2021-08-12,Trinity,105,12862,520,386,116,502,3
2021-08-12,Tulare,107,460477,52834,51632,10706,62338,856
2021-08-12,Tuolumne,109,53932,5031,4845,45,4890,64
2021-08-12,Ventura,111,848112,87828,86106,3768,89874,1052
2021-08-12,Yolo,113,214977,16178,15686,665,16351,224
2021-08-12,Yuba,115,75493,7324,7128,167,7295,51
2021-08-11,Alameda,001,1643700,103357,100040,2376,102416,1281
2021-08-11,Alpine,003,1148,91,91,0,91,0
2021-08-11,Amador,005,37829,4271,4127,37,4164,49
2021-08-11,Butte,007,227075,14375,13905,2302,16207,206
2021-08-11,Calaveras,009,45235,2578,2505,18,2523,57
2021-08-11,Colusa,011,21464,2168,2101,421,2522,16
2021-08-11,Contra Costa,013,1133247,83426,80275,1654,81929,843
2021-08-11,Del Norte,015,27424,2126,1893,17,1910,8
2021-08-11,El Dorado,017,186661,12345,11799,1028,12827,119
2021-08-11,Fresno,019,978130,110678,107773,9766,117539,1751
2021-08-11,Glenn,021,27897,2608,2547,643,3190,20
2021-08-11,Humboldt,023,135768,6116,5765,108,5873,52
2021-08-11,Imperial,025,180216,29754,29565,2928,32493,745
2021-08-11,Inyo,027,18085,1488,1483,24,1507,39
2021-08-11,Kern,029,883053,103307,101448,13290,114738,1363
2021-08-11,Kings,031,150075,24958,24304,1337,25641,250
2021-08-11,Lake,033,64148,4908,4713,34,4747,68
2021-08-11,Lassen,035,31185,5509,5408,133,5541,21
2021-08-11,Los Angeles,037,10098052,1306708,1288238,48768,1337006,24851
2021-08-11,Madera,039,155013,17989,17511,1171,18682,245
2021-08-11,Marin,041,260295,15633,15235,325,15560,239
2021-08-11,Mariposa,043,17540,595,554,13,567,5
2021-08-11,Mendocino,045,87422,5092,4796,142,4938,49
2021-08-11,Merced,047,269075,33412,32802,1144,33946,479
2021-08-11,Modoc,049,8938,433,421,150,571,5
2021-08-11,Mono,051,14174,1339,1320,15,1335,3
2021-08-11,Monterey,053,433212,44649,44314,2264,46578,527
2021-08-11,Napa,055,140530,11027,10732,61,10793,83
2021-08-11,Nevada,057,99092,6585,6172,227,6399,74
2021-08-11,Orange,059,3164182,277961,272212,12855,285067,5155
2021-08-11,Placer,061,380077,28126,26687,2280,28967,305
2021-08-11,Plumas,063,18699,864,824,16,840,5
2021-08-11,Riverside,065,2383286,315829,310265,15124,325389,4570
2021-08-11,Sacramento,067,1510023,126255,121603,2492,124095,1757
2021-08-11,San Benito,069,59416,6473,6381,125,6506,64
2021-08-11,San Bernardino,071,2135413,314676,309498,9839,319337,5296
2021-08-11,San Diego,073,3302833,315680,309406,17973,327379,3818
2021-08-11,San Francisco,075,870044,45031,43555,1906,45461,564
2021-08-11,San Joaquin,077,732212,81638,79641,4254,83895,1478
2021-08-11,San Luis Obispo,079,281455,23544,22920,892,23812,264
2021-08-11,San Mateo,081,765935,47381,46300,806,47106,548
2021-08-11,Santa Barbara,083,443738,37985,36699,1372,38071,472
2021-08-11,Santa Clara,085,1922200,129195,126301,948,127249,1769
2021-08-11,Santa Cruz,087,273765,17592,17191,908,18099,209
2021-08-11,Shasta,089,179085,14046,13546,1948,15494,211
2021-08-11,Sierra,091,2930,83,81,14,95,0
2021-08-11,Siskiyou,093,43540,2218,2124,529,2653,33
2021-08-11,Solano,095,438530,38633,36862,840,37702,262
2021-08-11,Sonoma,097,501317,35433,34188,422,34610,333
2021-08-11,Stanislaus,099,539301,62605,60767,6887,67654,1037
2021-08-11,Sutter,101,95872,10874,10628,122,10750,130
2021-08-11,Tehama,103,63373,5581,5410,678,6088,66
2021-08-11,Trinity,105,12862,518,385,116,501,3
2021-08-11,Tulare,107,460477,52666,51464,10660,62124,854
2021-08-11,Tuolumne,109,53932,4999,4794,45,4839,64
2021-08-11,Ventura,111,848112,87577,85863,3747,89610,1051
2021-08-11,Yolo,113,214977,16103,15593,651,16244,218
2021-08-11,Yuba,115,75493,7265,7063,166,7229,53
2021-08-10,Alameda,001,1643700,102870,99771,2367,102138,1281
2021-08-10,Alpine,003,1148,91,91,0,91,0
2021-08-10,Amador,005,37829,4255,4093,37,4130,49
2021-08-10,Butte,007,227075,14291,13853,2280,16133,205
2021-08-10,Calaveras,009,45235,2555,2491,16,2507,57
2021-08-10,Colusa,011,21464,2155,2088,412,2500,16
2021-08-10,Contra Costa,013,1133247,82886,80018,1644,81662,840
2021-08-10,Del Norte,015,27424,2082,1870,17,1887,8
2021-08-10,El Dorado,017,186661,12246,11734,1018,12752,117
2021-08-10,Fresno,019,978130,110225,107616,9715,117331,1747
2021-08-10,Glenn,021,27897,2595,2538,636,3174,20
2021-08-10,Humboldt,023,135768,6062,5718,105,5823,52
2021-08-10,Imperial,025,180216,29719,29522,2922,32444,745
2021-08-10,Inyo,027,18085,1488,1482,24,1506,39
2021-08-10,Kern,029,883053,102979,101254,13192,114446,1359
2021-08-10,Kings,031,150075,24830,24252,1321,25573,251
2021-08-10,Lake,033,64148,4868,4700,33,4733,67
2021-08-10,Lassen,035,31185,5491,5401,133,5534,21
2021-08-10,Los Angeles,037,10098052,1302969,1285140,48601,1333741,24821
2021-08-10,Madera,039,155013,17916,17481,1160,18641,245
2021-08-10,Marin,041,260295,15586,15194,325,15519,239
2021-08-10,Mariposa,043,17540,582,550,13,563,5
2021-08-10,Mendocino,045,87422,5047,4775,139,4914,49
2021-08-10,Merced,047,269075,33264,32721,1136,33857,477
2021-08-10,Modoc,049,8938,432,421,150,571,5
2021-08-10,Mono,051,14174,1334,1320,15,1335,3
2021-08-10,Monterey,053,433212,44599,44259,2238,46497,527
2021-08-10,Napa,055,140530,10971,10703,60,10763,83
2021-08-10,Nevada,057,99092,6519,6151,226,6377,73
2021-08-10,Orange,059,3164182,277077,271688,12808,284496,5155
2021-08-10,Placer,061,380077,27907,26561,2237,28798,305
2021-08-10,Plumas,063,18699,855,816,16,832,5
2021-08-10,Riverside,065,2383286,314717,309529,15098,324627,4564
2021-08-10,Sacramento,067,1510023,125402,121159,2462,123621,1755
2021-08-10,San Benito,069,59416,6459,6371,125,6496,64
2021-08-10,San Bernardino,071,2135413,313757,308672,9822,318494,5295
2021-08-10,San Diego,073,3302833,314017,308288,17897,326185,3815
2021-08-10,San Francisco,075,870044,44790,43389,1878,45267,564
2021-08-10,San Joaquin,077,732212,81238,79391,4237,83628,1478
2021-08-10,San Luis Obispo,079,281455,23418,22776,890,23666,264
2021-08-10,San Mateo,081,765935,47222,46184,789,46973,548
2021-08-10,Santa Barbara,083,443738,37821,36574,1365,37939,472
2021-08-10,Santa Clara,085,1922200,128735,126019,939,126958,1770
2021-08-10,Santa Cruz,087,273765,17509,17142,906,18048,209
2021-08-10,Shasta,089,179085,13969,13461,1923,15384,211
2021-08-10,Sierra,091,2930,83,76,14,90,0
2021-08-10,Siskiyou,093,43540,2210,2088,521,2609,33
2021-08-10,Solano,095,438530,38388,36767,831,37598,262
2021-08-10,Sonoma,097,501317,35289,34054,419,34473,333
2021-08-10,Stanislaus,099,539301,62257,60605,6849,67454,1037
2021-08-10,Sutter,101,95872,10809,10569,122,10691,130
2021-08-10,Tehama,103,63373,5552,5392,673,6065,66
2021-08-10,Trinity,105,12862,518,384,116,500,3
2021-08-10,Tulare,107,460477,52503,51390,10609,61999,854
2021-08-10,Tuolumne,109,53932,4971,4780,43,4823,64
2021-08-10,Ventura,111,848112,87287,85714,3726,89440,1051
2021-08-10,Yolo,113,214977,16016,15568,640,16208,218
2021-08-10,Yuba,115,75493,7215,7028,166,7194,50
2021-08-09,Alameda,001,1643700,102309,99496,2363,101859,1276
2021-08-09,Alpine,003,1148,91,91,0,91,0
2021-08-09,Amador,005,37829,4229,4078,37,4115,48
2021-08-09,Butte,007,227075,14196,13813,2248,16061,205
2021-08-09,Calaveras,009,45235,2527,2472,16,2488,57
2021-08-09,Colusa,011,21464,2145,2075,404,2479,16
2021-08-09,Contra Costa,013,1133247,82342,79740,1633,81373,840
2021-08-09,Del Norte,015,27424,2014,1848,17,1865,8
2021-08-09,El Dorado,017,186661,12138,11672,1004,12676,117
2021-08-09,Fresno,019,978130,109733,107310,9679,116989,1747
2021-08-09,Glenn,021,27897,2584,2532,626,3158,20
2021-08-09,Humboldt,023,135768,5971,5632,103,5735,52
2021-08-09,Imperial,025,180216,29675,29512,2918,32430,745
2021-08-09,Inyo,027,18085,1488,1481,24,1505,39
2021-08-09,Kern,029,883053,102668,101069,13106,114175,1359
2021-08-09,Kings,031,150075,24723,24155,1305,25460,250
2021-08-09,Lake,033,64148,4833,4670,31,4701,66
2021-08-09,Lassen,035,31185,5469,5393,132,5525,21
2021-08-09,Los Angeles,037,10098052,1298975,1282891,48407,1331298,24798
2021-08-09,Madera,039,155013,17857,17429,1140,18569,245
2021-08-09,Marin,041,260295,15533,15154,324,15478,239
2021-08-09,Mariposa,043,17540,569,545,13,558,5
2021-08-09,Mendocino,045,87422,4996,4732,131,4863,49
2021-08-09,Merced,047,269075,33118,32666,1129,33795,477
2021-08-09,Modoc,049,8938,432,419,150,569,5
2021-08-09,Mono,051,14174,1331,1337,15,1352,3
2021-08-09,Monterey,053,433212,44535,44190,2213,46403,527
2021-08-09,Napa,055,140530,10924,10679,60,10739,83
2021-08-09,Nevada,057,99092,6449,6088,225,6313,73
2021-08-09,Orange,059,3164182,276044,271036,12756,283792,5153
2021-08-09,Placer,061,380077,27684,26457,2206,28663,305
2021-08-09,Plumas,063,18699,838,803,16,819,5
2021-08-09,Riverside,065,2383286,313639,308678,15078,323756,4562
2021-08-09,Sacramento,067,1510023,124570,120812,2436,123248,1748
2021-08-09,San Benito,069,59416,6439,6359,123,6482,63
2021-08-09,San Bernardino,071,2135413,312775,308038,9798,317836,5295
2021-08-09,San Diego,073,3302833,312345,306855,17802,324657,3811
2021-08-09,San Francisco,075,870044,44549,43261,1858,45119,564
2021-08-09,San Joaquin,077,732212,80854,79198,4219,83417,1469
2021-08-09,San Luis Obispo,079,281455,23280,22695,881,23576,264
2021-08-09,San Mateo,081,765935,47066,46040,769,46809,548
2021-08-09,Santa Barbara,083,443738,37635,36474,1357,37831,470
2021-08-09,Santa Clara,085,1922200,128231,125791,928,126719,2187
2021-08-09,Santa Cruz,087,273765,17448,17082,906,17988,209
2021-08-09,Shasta,089,179085,13852,13397,1912,15309,210
2021-08-09,Sierra,091,2930,82,75,14,89,0
2021-08-09,Siskiyou,093,43540,2199,2047,503,2550,32
2021-08-09,Solano,095,438530,38111,36653,828,37481,262
2021-08-09,Sonoma,097,501317,35108,33933,417,34350,333
2021-08-09,Stanislaus,099,539301,61974,60410,6797,67207,1037
2021-08-09,Sutter,101,95872,10760,10525,119,10644,129
2021-08-09,Tehama,103,63373,5509,5373,671,6044,66
2021-08-09,Trinity,105,12862,516,378,114,492,3
2021-08-09,Tulare,107,460477,52346,51274,10543,61817,854
2021-08-09,Tuolumne,109,53932,4929,4745,43,4788,64
2021-08-09,Ventura,111,848112,87016,85514,3716,89230,1047
2021-08-09,Yolo,113,214977,15938,15521,619,16140,218
2021-08-09,Yuba,115,75493,7156,6994,166,7160,50
2021-08-08,Alameda,001,1643700,101753,99135,2355,101490,1276
2021-08-08,Alpine,003,1148,91,91,0,91,0
2021-08-08,Amador,005,37829,4195,4057,36,4093,48
2021-08-08,Butte,007,227075,14111,13791,2229,16020,205
2021-08-08,Calaveras,009,45235,2495,2462,16,2478,57
2021-08-08,Colusa,011,21464,2128,2070,397,2467,16
2021-08-08,Contra Costa,013,1133247,81819,79454,1626,81080,840
2021-08-08,Del Norte,015,27424,1968,1810,17,1827,8
2021-08-08,El Dorado,017,186661,12020,11631,993,12624,117
2021-08-08,Fresno,019,978130,109296,107078,9646,116724,1747
2021-08-08,Glenn,021,27897,2574,2527,621,3148,20
2021-08-08,Humboldt,023,135768,5880,5571,103,5674,52
2021-08-08,Imperial,025,180216,29651,29485,2908,32393,745
2021-08-08,Inyo,027,18085,1488,1481,24,1505,39
2021-08-08,Kern,029,883053,102349,100909,12993,113902,1359
2021-08-08,Kings,031,150075,24609,24095,1296,25391,250
2021-08-08,Lake,033,64148,4783,4636,30,4666,66
2021-08-08,Lassen,035,31185,5454,5391,131,5522,21
2021-08-08,Los Angeles,037,10098052,1294740,1279982,48219,1328201,24793
2021-08-08,Madera,039,155013,17779,17398,1123,18521,245
2021-08-08,Marin,041,260295,15480,15124,322,15446,239
2021-08-08,Mariposa,043,17540,565,538,13,551,5
2021-08-08,Mendocino,045,87422,4934,4702,118,4820,49
2021-08-08,Merced,047,269075,32971,32634,1119,33753,477
2021-08-08,Modoc,049,8938,431,419,149,568,5
2021-08-08,Mono,051,14174,1327,1336,15,1351,3
2021-08-08,Monterey,053,433212,44474,44171,2192,46363,527
2021-08-08,Napa,055,140530,10888,10668,60,10728,83
2021-08-08,Nevada,057,99092,6364,6009,223,6232,73
2021-08-08,Orange,059,3164182,275132,270532,12717,283249,5153
2021-08-08,Placer,061,380077,27478,26332,2164,28496,305
2021-08-08,Plumas,063,18699,829,803,16,819,5
2021-08-08,Riverside,065,2383286,312518,308042,15052,323094,4562
2021-08-08,Sacramento,067,1510023,123743,120109,2424,122533,1744
2021-08-08,San Benito,069,59416,6422,6350,122,6472,63
2021-08-08,San Bernardino,071,2135413,311629,307378,9768,317146,5295
2021-08-08,San Diego,073,3302833,310998,305983,17708,323691,3811
2021-08-08,San Francisco,075,870044,44296,43098,1832,44930,564
2021-08-08,San Joaquin,077,732212,80406,79002,4203,83205,1469
2021-08-08,San Luis Obispo,079,281455,23106,22668,873,23541,263
2021-08-08,San Mateo,081,765935,46889,45927,754,46681,548
2021-08-08,Santa Barbara,083,443738,37459,36417,1350,37767,470
2021-08-08,Santa Clara,085,1922200,127781,125553,922,126475,2187
2021-08-08,Santa Cruz,087,273765,17373,17035,901,17936,209
2021-08-08,Shasta,089,179085,13767,13381,1901,15282,210
2021-08-08,Sierra,091,2930,82,74,14,88,0
2021-08-08,Siskiyou,093,43540,2183,2041,498,2539,32
2021-08-08,Solano,095,438530,37859,36551,826,37377,262
2021-08-08,Sonoma,097,501317,34864,33805,416,34221,333
2021-08-08,Stanislaus,099,539301,61630,60269,6751,67020,1037
2021-08-08,Sutter,101,95872,10700,10481,118,10599,129
2021-08-08,Tehama,103,63373,5471,5359,668,6027,66
2021-08-08,Trinity,105,12862,511,378,114,492,3
2021-08-08,Tulare,107,460477,52166,51220,10483,61703,854
2021-08-08,Tuolumne,109,53932,4890,4731,43,4774,64
2021-08-08,Ventura,111,848112,86725,85382,3706,89088,1047
2021-08-08,Yolo,113,214977,15846,15477,612,16089,218
2021-08-08,Yuba,115,75493,7117,6967,166,7133,50
2021-08-07,Alameda,001,1643700,101503,98812,2349,101161,1276
2021-08-07,Alpine,003,1148,91,91,0,91,0
2021-08-07,Amador,005,37829,4178,4041,35,4076,48
2021-08-07,Butte,007,227075,14059,13714,2218,15932,205
2021-08-07,Calaveras,009,45235,2485,2446,16,2462,57
2021-08-07,Colusa,011,21464,2123,2067,388,2455,16
2021-08-07,Contra Costa,013,1133247,81524,79168,1622,80790,840
2021-08-07,Del Norte,015,27424,1936,1791,17,1808,8
2021-08-07,El Dorado,017,186661,11970,11575,984,12559,117
2021-08-07,Fresno,019,978130,109095,106861,9624,116485,1747
2021-08-07,Glenn,021,27897,2567,2515,619,3134,20
2021-08-07,Humboldt,023,135768,5830,5510,100,5610,52
2021-08-07,Imperial,025,180216,29632,29470,2908,32378,745
2021-08-07,Inyo,027,18085,1486,1476,24,1500,39
2021-08-07,Kern,029,883053,102192,100693,12937,113630,1359
2021-08-07,Kings,031,150075,24551,24048,1290,25338,250
2021-08-07,Lake,033,64148,4762,4613,30,4643,66
2021-08-07,Lassen,035,31185,5450,5386,131,5517,21
2021-08-07,Los Angeles,037,10098052,1292741,1276853,48066,1324919,24786
2021-08-07,Madera,039,155013,17745,17366,1119,18485,245
2021-08-07,Marin,041,260295,15447,15085,320,15405,239
2021-08-07,Mariposa,043,17540,562,530,13,543,5
2021-08-07,Mendocino,045,87422,4898,4690,116,4806,49
2021-08-07,Merced,047,269075,32907,32569,1116,33685,477
2021-08-07,Modoc,049,8938,431,419,149,568,5
2021-08-07,Mono,051,14174,1325,1329,15,1344,3
2021-08-07,Monterey,053,433212,44426,44124,2183,46307,527
2021-08-07,Napa,055,140530,10867,10658,59,10717,83
2021-08-07,Nevada,057,99092,6314,5967,221,6188,73
2021-08-07,Orange,059,3164182,274544,269900,12686,282586,5153
2021-08-07,Placer,061,380077,27291,26244,2156,28400,305
2021-08-07,Plumas,063,18699,824,801,16,817,5
2021-08-07,Riverside,065,2383286,311847,307326,15044,322370,4562
2021-08-07,Sacramento,067,1510023,123242,119636,2420,122056,1744
2021-08-07,San Benito,069,59416,6412,6332,122,6454,63
2021-08-07,San Bernardino,071,2135413,311042,306663,9751,316414,5295
2021-08-07,San Diego,073,3302833,310243,304974,17672,322646,3811
2021-08-07,San Francisco,075,870044,44134,42926,1806,44732,564
2021-08-07,San Joaquin,077,732212,80242,78769,4189,82958,1469
2021-08-07,San Luis Obispo,079,281455,23039,22579,872,23451,263
2021-08-07,San Mateo,081,765935,46773,45804,743,46547,548
2021-08-07,Santa Barbara,083,443738,37363,36303,1344,37647,470
2021-08-07,Santa Clara,085,1922200,127510,125196,917,126113,2188
2021-08-07,Santa Cruz,087,273765,17331,16994,899,17893,209
2021-08-07,Shasta,089,179085,13712,13361,1893,15254,210
2021-08-07,Sierra,091,2930,82,74,14,88,0
2021-08-07,Siskiyou,093,43540,2171,2039,496,2535,32
2021-08-07,Solano,095,438530,37743,36458,818,37276,262
2021-08-07,Sonoma,097,501317,34742,33716,416,34132,333
2021-08-07,Stanislaus,099,539301,61442,60093,6720,66813,1037
2021-08-07,Sutter,101,95872,10663,10447,118,10565,129
2021-08-07,Tehama,103,63373,5461,5343,663,6006,66
2021-08-07,Trinity,105,12862,507,377,113,490,3
2021-08-07,Tulare,107,460477,52079,51133,10444,61577,854
2021-08-07,Tuolumne,109,53932,4860,4721,43,4764,64
2021-08-07,Ventura,111,848112,86545,85232,3691,88923,1047
2021-08-07,Yolo,113,214977,15803,15423,604,16027,218
2021-08-07,Yuba,115,75493,7093,6937,164,7101,50
2021-08-06,Alameda,001,1643700,101172,98487,2342,100829,1275
2021-08-06,Alpine,003,1148,91,91,0,91,0
2021-08-06,Amador,005,37829,4157,4002,35,4037,48
2021-08-06,Butte,007,227075,14011,13626,2206,15832,205
2021-08-06,Calaveras,009,45235,2475,2419,16,2435,57
2021-08-06,Colusa,011,21464,2117,2045,382,2427,16
2021-08-06,Contra Costa,013,1133247,81230,78796,1616,80412,840
2021-08-06,Del Norte,015,27424,1909,1755,16,1771,8
2021-08-06,El Dorado,017,186661,11921,11498,972,12470,117
2021-08-06,Fresno,019,978130,108835,106542,9598,116140,1747
2021-08-06,Glenn,021,27897,2552,2504,617,3121,20
2021-08-06,Humboldt,023,135768,5779,5421,97,5518,52
2021-08-06,Imperial,025,180216,29621,29404,2904,32308,745
2021-08-06,Inyo,027,18085,1483,1471,24,1495,39
2021-08-06,Kern,029,883053,102015,100427,12851,113278,1359
2021-08-06,Kings,031,150075,24494,23974,1286,25260,250
2021-08-06,Lake,033,64148,4739,4557,30,4587,66
2021-08-06,Lassen,035,31185,5430,5368,129,5497,21
2021-08-06,Los Angeles,037,10098052,1290261,1273081,47916,1320997,24772
2021-08-06,Madera,039,155013,17706,17324,1110,18434,245
2021-08-06,Marin,041,260295,15414,15051,320,15371,239
2021-08-06,Mariposa,043,17540,553,511,13,524,5
2021-08-06,Mendocino,045,87422,4856,4649,115,4764,49
2021-08-06,Merced,047,269075,32847,32456,1113,33569,477
2021-08-06,Modoc,049,8938,431,419,149,568,5
2021-08-06,Mono,051,14174,1323,1328,15,1343,3
2021-08-06,Monterey,053,433212,44367,44058,2160,46218,527
2021-08-06,Napa,055,140530,10840,10620,59,10679,83
2021-08-06,Nevada,057,99092,6258,5874,221,6095,73
2021-08-06,Orange,059,3164182,273983,269077,12669,281746,5151
2021-08-06,Placer,061,380077,27168,26086,2134,28220,305
2021-08-06,Plumas,063,18699,815,795,16,811,5
2021-08-06,Riverside,065,2383286,311137,306304,15033,321337,4562
2021-08-06,Sacramento,067,1510023,122754,119169,2400,121569,1740
2021-08-06,San Benito,069,59416,6395,6315,122,6437,63
2021-08-06,San Bernardino,071,2135413,310343,305806,9742,315548,5286
2021-08-06,San Diego,073,3302833,309205,303691,17623,321314,3810
2021-08-06,San Francisco,075,870044,43982,42659,1783,44442,565
2021-08-06,San Joaquin,077,732212,80094,78405,4177,82582,1469
2021-08-06,San Luis Obispo,079,281455,22973,22472,867,23339,263
2021-08-06,San Mateo,081,765935,46632,45665,727,46392,548
2021-08-06,Santa Barbara,083,443738,37273,36208,1340,37548,470
2021-08-06,Santa Clara,085,1922200,127219,124767,912,125679,2185
2021-08-06,Santa Cruz,087,273765,17289,16924,895,17819,207
2021-08-06,Shasta,089,179085,13646,13284,1887,15171,210
2021-08-06,Sierra,091,2930,82,73,14,87,0
2021-08-06,Siskiyou,093,43540,2161,2030,492,2522,32
2021-08-06,Solano,095,438530,37633,36351,809,37160,262
2021-08-06,Sonoma,097,501317,34655,33594,415,34009,333
2021-08-06,Stanislaus,099,539301,61289,59854,6698,66552,1037
2021-08-06,Sutter,101,95872,10620,10391,118,10509,128
2021-08-06,Tehama,103,63373,5437,5325,662,5987,66
2021-08-06,Trinity,105,12862,506,371,112,483,3
2021-08-06,Tulare,107,460477,51979,51018,10397,61415,854
2021-08-06,Tuolumne,109,53932,4833,4674,43,4717,64
2021-08-06,Ventura,111,848112,86374,85046,3679,88725,1047
2021-08-06,Yolo,113,214977,15749,15299,597,15896,218
2021-08-06,Yuba,115,75493,7070,6904,164,7068,50
2021-08-05,Alameda,001,1643700,100681,98052,2337,100389,1275
2021-08-05,Alpine,003,1148,91,91,0,91,0
2021-08-05,Amador,005,37829,4137,3992,35,4027,48
2021-08-05,Butte,007,227075,13955,13564,2184,15748,206
2021-08-05,Calaveras,009,45235,2457,2397,16,2413,57
2021-08-05,Colusa,011,21464,2105,2036,378,2414,16
2021-08-05,Contra Costa,013,1133247,80803,78514,1608,80122,840
2021-08-05,Del Norte,015,27424,1882,1731,16,1747,8
2021-08-05,El Dorado,017,186661,11837,11408,961,12369,117
2021-08-05,Fresno,019,978130,108466,106219,9562,115781,1747
2021-08-05,Glenn,021,27897,2547,2494,614,3108,20
2021-08-05,Humboldt,023,135768,5705,5328,95,5423,52
2021-08-05,Imperial,025,180216,29590,29383,2900,32283,745
2021-08-05,Inyo,027,18085,1479,1468,24,1492,38
2021-08-05,Kern,029,883053,101793,100091,12766,112857,1358
2021-08-05,Kings,031,150075,24410,23906,1281,25187,249
2021-08-05,Lake,033,64148,4700,4490,28,4518,66
2021-08-05,Lassen,035,31185,5422,5344,129,5473,21
2021-08-05,Los Angeles,037,10098052,1287053,1269445,47786,1317231,24756
2021-08-05,Madera,039,155013,17665,17301,1102,18403,245
2021-08-05,Marin,041,260295,15370,15005,316,15321,239
2021-08-05,Mariposa,043,17540,542,504,12,516,5
2021-08-05,Mendocino,045,87422,4813,4597,106,4703,49
2021-08-05,Merced,047,269075,32779,32381,1102,33483,477
2021-08-05,Modoc,049,8938,430,418,149,567,5
2021-08-05,Mono,051,14174,1313,1309,15,1324,3
2021-08-05,Monterey,053,433212,44315,43992,2139,46131,527
2021-08-05,Napa,055,140530,10804,10591,57,10648,83
2021-08-05,Nevada,057,99092,6177,5778,218,5996,73
2021-08-05,Orange,059,3164182,273207,268329,12644,280973,5149
2021-08-05,Placer,061,380077,26969,25965,2105,28070,305
2021-08-05,Plumas,063,18699,807,787,15,802,5
2021-08-05,Riverside,065,2383286,310221,305415,15005,320420,4562
2021-08-05,Sacramento,067,1510023,122046,118590,2387,120977,1739
2021-08-05,San Benito,069,59416,6377,6305,122,6427,63
2021-08-05,San Bernardino,071,2135413,309506,304956,9721,314677,5284
2021-08-05,San Diego,073,3302833,307925,302220,17546,319766,3806
2021-08-05,San Francisco,075,870044,43775,42301,1770,44071,564
2021-08-05,San Joaquin,077,732212,79734,78151,4159,82310,1468
2021-08-05,San Luis Obispo,079,281455,22859,22362,861,23223,263
2021-08-05,San Mateo,081,765935,46470,45554,714,46268,548
2021-08-05,Santa Barbara,083,443738,37168,36112,1337,37449,470
2021-08-05,Santa Clara,085,1922200,126886,124490,912,125402,2185
2021-08-05,Santa Cruz,087,273765,17246,16867,892,17759,207
2021-08-05,Shasta,089,179085,13589,13217,1878,15095,210
2021-08-05,Sierra,091,2930,77,73,14,87,0
2021-08-05,Siskiyou,093,43540,2140,2024,482,2506,32
2021-08-05,Solano,095,438530,37452,36250,802,37052,262
2021-08-05,Sonoma,097,501317,34520,33455,414,33869,330
2021-08-05,Stanislaus,099,539301,61042,59692,6660,66352,1037
2021-08-05,Sutter,101,95872,10565,10349,118,10467,127
2021-08-05,Tehama,103,63373,5419,5305,658,5963,66
2021-08-05,Trinity,105,12862,500,367,112,479,3
2021-08-05,Tulare,107,460477,51863,50889,10339,61228,854
2021-08-05,Tuolumne,109,53932,4803,4619,43,4662,64
2021-08-05,Ventura,111,848112,86124,84837,3665,88502,1047
2021-08-05,Yolo,113,214977,15683,15250,587,15837,218
2021-08-05,Yuba,115,75493,7027,6872,162,7034,50
2021-08-04,Alameda,001,1643700,100176,97477,2326,99803,1274
2021-08-04,Alpine,003,1148,91,91,0,91,0
2021-08-04,Amador,005,37829,4107,3962,34,3996,48
2021-08-04,Butte,007,227075,13888,13509,2168,15677,205
2021-08-04,Calaveras,009,45235,2434,2374,16,2390,57
2021-08-04,Colusa,011,21464,2093,2025,372,2397,16
2021-08-04,Contra Costa,013,1133247,80287,77966,1602,79568,840
2021-08-04,Del Norte,015,27424,1859,1701,16,1717,8
2021-08-04,El Dorado,017,186661,11759,11319,950,12269,117
2021-08-04,Fresno,019,978130,108102,105899,9525,115424,1747
2021-08-04,Glenn,021,27897,2540,2487,614,3101,20
2021-08-04,Humboldt,023,135768,5629,5271,94,5365,52
2021-08-04,Imperial,025,180216,29542,29375,2898,32273,745
2021-08-04,Inyo,027,18085,1478,1465,24,1489,38
2021-08-04,Kern,029,883053,101543,99868,12681,112549,1358
2021-08-04,Kings,031,150075,24340,23840,1273,25113,250
2021-08-04,Lake,033,64148,4669,4423,22,4445,65
2021-08-04,Lassen,035,31185,5414,5340,129,5469,21
2021-08-04,Los Angeles,037,10098052,1283584,1265788,47627,1313415,24737
2021-08-04,Madera,039,155013,17630,17251,1095,18346,245
2021-08-04,Marin,041,260295,15323,14950,315,15265,239
2021-08-04,Mariposa,043,17540,527,497,12,509,5
2021-08-04,Mendocino,045,87422,4789,4560,102,4662,49
2021-08-04,Merced,047,269075,32641,32274,1097,33371,476
2021-08-04,Modoc,049,8938,430,416,149,565,5
2021-08-04,Mono,051,14174,1310,1307,15,1322,3
2021-08-04,Monterey,053,433212,44256,43926,2122,46048,526
2021-08-04,Napa,055,140530,10767,10544,57,10601,82
2021-08-04,Nevada,057,99092,6112,5702,217,5919,73
2021-08-04,Orange,059,3164182,272335,267199,12603,279802,5146
2021-08-04,Placer,061,380077,26752,25688,2085,27773,305
2021-08-04,Plumas,063,18699,801,784,15,799,5
2021-08-04,Riverside,065,2383286,309296,304272,14979,319251,4562
2021-08-04,Sacramento,067,1510023,121286,117882,2360,120242,1736
2021-08-04,San Benito,069,59416,6362,6300,122,6422,63
2021-08-04,San Bernardino,071,2135413,308650,304164,9704,313868,5285
2021-08-04,San Diego,073,3302833,306402,301100,17486,318586,3805
2021-08-04,San Francisco,075,870044,43524,41913,1754,43667,562
2021-08-04,San Joaquin,077,732212,79377,77846,4147,81993,1466
2021-08-04,San Luis Obispo,079,281455,22752,22245,855,23100,262
2021-08-04,San Mateo,081,765935,46306,45392,706,46098,548
2021-08-04,Santa Barbara,083,443738,37040,36013,1329,37342,470
2021-08-04,Santa Clara,085,1922200,126495,124127,905,125032,2183
2021-08-04,Santa Cruz,087,273765,17185,16820,885,17705,208
2021-08-04,Shasta,089,179085,13537,13134,1867,15001,211
2021-08-04,Sierra,091,2930,77,73,14,87,0
2021-08-04,Siskiyou,093,43540,2120,2010,477,2487,32
2021-08-04,Solano,095,438530,37252,36025,793,36818,262
2021-08-04,Sonoma,097,501317,34349,33311,412,33723,330
2021-08-04,Stanislaus,099,539301,60803,59396,6620,66016,1037
2021-08-04,Sutter,101,95872,10528,10294,118,10412,127
2021-08-04,Tehama,103,63373,5393,5281,653,5934,66
2021-08-04,Trinity,105,12862,498,362,109,471,3
2021-08-04,Tulare,107,460477,51754,50797,10294,61091,855
2021-08-04,Tuolumne,109,53932,4778,4584,43,4627,64
2021-08-04,Ventura,111,848112,85867,84406,3642,88048,1047
2021-08-04,Yolo,113,214977,15605,15189,574,15763,215
2021-08-04,Yuba,115,75493,6987,6827,160,6987,50
2021-08-03,Alameda,001,1643700,99718,97275,2321,99596,1270
2021-08-03,Alpine,003,1148,91,91,0,91,0
2021-08-03,Amador,005,37829,4071,3953,34,3987,48
2021-08-03,Butte,007,227075,13822,13468,2153,15621,205
2021-08-03,Calaveras,009,45235,2411,2356,16,2372,57
2021-08-03,Colusa,011,21464,2080,2023,366,2389,16
2021-08-03,Contra Costa,013,1133247,79804,77739,1596,79335,836
2021-08-03,Del Norte,015,27424,1827,1691,15,1706,8
2021-08-03,El Dorado,017,186661,11669,11255,940,12195,117
2021-08-03,Fresno,019,978130,107743,105732,9493,115225,1746
2021-08-03,Glenn,021,27897,2533,2481,612,3093,20
2021-08-03,Humboldt,023,135768,5564,5199,89,5288,52
2021-08-03,Imperial,025,180216,29520,29333,2891,32224,745
2021-08-03,Inyo,027,18085,1475,1459,24,1483,38
2021-08-03,Kern,029,883053,101281,99708,12602,112310,1358
2021-08-03,Kings,031,150075,24253,23780,1266,25046,249
2021-08-03,Lake,033,64148,4613,4408,18,4426,66
2021-08-03,Lassen,035,31185,5404,5341,129,5470,21
2021-08-03,Los Angeles,037,10098052,1279860,1262678,47452,1310130,24721
2021-08-03,Madera,039,155013,17589,17220,1080,18300,245
2021-08-03,Marin,041,260295,15274,14906,312,15218,243
2021-08-03,Mariposa,043,17540,516,495,12,507,5
2021-08-03,Mendocino,045,87422,4740,4546,100,4646,49
2021-08-03,Merced,047,269075,32558,32197,1095,33292,476
2021-08-03,Modoc,049,8938,430,416,149,565,5
2021-08-03,Mono,051,14174,1306,1303,15,1318,3
2021-08-03,Monterey,053,433212,44196,43872,2106,45978,525
2021-08-03,Napa,055,140530,10724,10527,56,10583,82
2021-08-03,Nevada,057,99092,6031,5685,216,5901,73
2021-08-03,Orange,059,3164182,271594,266649,12573,279222,5146
2021-08-03,Placer,061,380077,26550,25624,2060,27684,305
2021-08-03,Plumas,063,18699,795,779,15,794,5
2021-08-03,Riverside,065,2383286,308372,303499,14953,318452,4562
2021-08-03,Sacramento,067,1510023,120543,117591,2338,119929,1732
2021-08-03,San Benito,069,59416,6346,6284,121,6405,63
2021-08-03,San Bernardino,071,2135413,307731,303386,9684,313070,5265
2021-08-03,San Diego,073,3302833,304953,300189,17386,317575,3803
2021-08-03,San Francisco,075,870044,43245,41758,1730,43488,562
2021-08-03,San Joaquin,077,732212,79028,77615,4126,81741,1461
2021-08-03,San Luis Obispo,079,281455,22617,22166,848,23014,264
2021-08-03,San Mateo,081,765935,46126,45255,686,45941,548
2021-08-03,Santa Barbara,083,443738,36921,35912,1323,37235,469
2021-08-03,Santa Clara,085,1922200,126074,123914,899,124813,2183
2021-08-03,Santa Cruz,087,273765,17118,16778,882,17660,207
2021-08-03,Shasta,089,179085,13463,13091,1856,14947,211
2021-08-03,Sierra,091,2930,77,72,14,86,0
2021-08-03,Siskiyou,093,43540,2109,1998,472,2470,32
2021-08-03,Solano,095,438530,37032,35953,781,36734,261
2021-08-03,Sonoma,097,501317,34167,33243,411,33654,330
2021-08-03,Stanislaus,099,539301,60571,59282,6601,65883,1037
2021-08-03,Sutter,101,95872,10488,10263,117,10380,127
2021-08-03,Tehama,103,63373,5368,5269,648,5917,66
2021-08-03,Trinity,105,12862,494,361,106,467,3
2021-08-03,Tulare,107,460477,51659,50729,10247,60976,854
2021-08-03,Tuolumne,109,53932,4743,4563,43,4606,64
2021-08-03,Ventura,111,848112,85623,84270,3620,87890,1046
2021-08-03,Yolo,113,214977,15514,15149,560,15709,215
2021-08-03,Yuba,115,75493,6951,6781,158,6939,50
2021-08-02,Alameda,001,1643700,99159,96954,2316,99270,1270
2021-08-02,Alpine,003,1148,91,91,0,91,0
2021-08-02,Amador,005,37829,4051,3927,34,3961,48
2021-08-02,Butte,007,227075,13746,13442,2134,15576,205
2021-08-02,Calaveras,009,45235,2382,2347,16,2363,57
2021-08-02,Colusa,011,21464,2068,2019,363,2382,16
2021-08-02,Contra Costa,013,1133247,79297,77516,1581,79097,836
2021-08-02,Del Norte,015,27424,1797,1653,15,1668,8
2021-08-02,El Dorado,017,186661,11566,11226,926,12152,116
2021-08-02,Fresno,019,978130,107401,105471,9456,114927,1744
2021-08-02,Glenn,021,27897,2525,2477,610,3087,20
2021-08-02,Humboldt,023,135768,5480,5161,87,5248,52
2021-08-02,Imperial,025,180216,29487,29302,2888,32190,743
2021-08-02,Inyo,027,18085,1469,1455,24,1479,38
2021-08-02,Kern,029,883053,101026,99556,12508,112064,1357
2021-08-02,Kings,031,150075,24184,23722,1259,24981,249
2021-08-02,Lake,033,64148,4571,4375,18,4393,66
2021-08-02,Lassen,035,31185,5381,5338,127,5465,21
2021-08-02,Los Angeles,037,10098052,1276150,1260807,47243,1308050,24705
2021-08-02,Madera,039,155013,17545,17158,1067,18225,245
2021-08-02,Marin,041,260295,15231,14859,310,15169,239
2021-08-02,Mariposa,043,17540,507,490,12,502,5
2021-08-02,Mendocino,045,87422,4700,4512,97,4609,49
2021-08-02,Merced,047,269075,32460,32163,1088,33251,474
2021-08-02,Modoc,049,8938,430,415,149,564,5
2021-08-02,Mono,051,14174,1301,1296,15,1311,3
2021-08-02,Monterey,053,433212,44138,43842,2096,45938,525
2021-08-02,Napa,055,140530,10681,10490,53,10543,82
2021-08-02,Nevada,057,99092,5960,5611,215,5826,73
2021-08-02,Orange,059,3164182,270678,266050,12527,278577,5146
2021-08-02,Placer,061,380077,26402,25516,2026,27542,306
2021-08-02,Plumas,063,18699,788,762,15,777,5
2021-08-02,Riverside,065,2383286,307435,302756,14937,317693,4562
2021-08-02,Sacramento,067,1510023,119848,117183,2317,119500,1728
2021-08-02,San Benito,069,59416,6327,6276,120,6396,63
2021-08-02,San Bernardino,071,2135413,306853,303000,9651,312651,5253
2021-08-02,San Diego,073,3302833,303458,299021,17316,316337,3798
2021-08-02,San Francisco,075,870044,42954,41553,1703,43256,562
2021-08-02,San Joaquin,077,732212,78686,77447,4099,81546,1461
2021-08-02,San Luis Obispo,079,281455,22523,22093,842,22935,261
2021-08-02,San Mateo,081,765935,45961,45154,663,45817,548
2021-08-02,Santa Barbara,083,443738,36783,35851,1317,37168,469
2021-08-02,Santa Clara,085,1922200,125604,123655,891,124546,2183
2021-08-02,Santa Cruz,087,273765,17061,16746,878,17624,207
2021-08-02,Shasta,089,179085,13399,13049,1842,14891,212
2021-08-02,Sierra,091,2930,77,71,14,85,0
2021-08-02,Siskiyou,093,43540,2098,1992,458,2450,31
2021-08-02,Solano,095,438530,36783,35852,772,36624,260
2021-08-02,Sonoma,097,501317,33940,33132,406,33538,330
2021-08-02,Stanislaus,099,539301,60338,59160,6573,65733,1037
2021-08-02,Sutter,101,95872,10442,10220,117,10337,127
2021-08-02,Tehama,103,63373,5344,5260,644,5904,66
2021-08-02,Trinity,105,12862,489,359,105,464,3
2021-08-02,Tulare,107,460477,51558,50640,10173,60813,854
2021-08-02,Tuolumne,109,53932,4677,4524,43,4567,64
2021-08-02,Ventura,111,848112,85438,84143,3597,87740,1044
2021-08-02,Yolo,113,214977,15415,15072,541,15613,215
2021-08-02,Yuba,115,75493,6909,6743,155,6898,50
2021-08-01,Alameda,001,1643700,98623,96775,2311,99086,1270
2021-08-01,Alpine,003,1148,91,91,0,91,0
2021-08-01,Amador,005,37829,4013,3923,34,3957,48
2021-08-01,Butte,007,227075,13665,13406,2117,15523,205
2021-08-01,Calaveras,009,45235,2357,2341,16,2357,57
2021-08-01,Colusa,011,21464,2057,2014,361,2375,16
2021-08-01,Contra Costa,013,1133247,78861,77360,1573,78933,836
2021-08-01,Del Norte,015,27424,1765,1642,15,1657,8
2021-08-01,El Dorado,017,186661,11465,11189,916,12105,116
2021-08-01,Fresno,019,978130,107075,105339,9410,114749,1744
2021-08-01,Glenn,021,27897,2519,2476,608,3084,20
2021-08-01,Humboldt,023,135768,5404,5118,83,5201,52
2021-08-01,Imperial,025,180216,29452,29297,2884,32181,743
2021-08-01,Inyo,027,18085,1467,1454,24,1478,38
2021-08-01,Kern,029,883053,100749,99396,12433,111829,1357
2021-08-01,Kings,031,150075,24095,23700,1253,24953,249
2021-08-01,Lake,033,64148,4492,4356,18,4374,66
2021-08-01,Lassen,035,31185,5368,5336,125,5461,21
2021-08-01,Los Angeles,037,10098052,1272471,1258461,47019,1305480,24700
2021-08-01,Madera,039,155013,17488,17146,1062,18208,245
2021-08-01,Marin,041,260295,15154,14844,309,15153,239
2021-08-01,Mariposa,043,17540,500,482,12,494,5
2021-08-01,Mendocino,045,87422,4654,4476,93,4569,49
2021-08-01,Merced,047,269075,32370,32144,1082,33226,474
2021-08-01,Modoc,049,8938,428,413,149,562,5
2021-08-01,Mono,051,14174,1298,1294,15,1309,3
2021-08-01,Monterey,053,433212,44092,43808,2081,45889,525
2021-08-01,Napa,055,140530,10633,10473,51,10524,82
2021-08-01,Nevada,057,99092,5875,5561,214,5775,73
2021-08-01,Orange,059,3164182,269874,265467,12483,277950,5146
2021-08-01,Placer,061,380077,26187,25464,1996,27460,306
2021-08-01,Plumas,063,18699,782,761,15,776,5
2021-08-01,Riverside,065,2383286,306504,302256,14919,317175,4562
2021-08-01,Sacramento,067,1510023,119113,116923,2301,119224,1727
2021-08-01,San Benito,069,59416,6310,6271,120,6391,63
2021-08-01,San Bernardino,071,2135413,305919,302542,9640,312182,5248
2021-08-01,San Diego,073,3302833,302264,298002,17257,315259,3798
2021-08-01,San Francisco,075,870044,42616,41432,1689,43121,562
2021-08-01,San Joaquin,077,732212,78319,77338,4072,81410,1461
2021-08-01,San Luis Obispo,079,281455,22421,22083,837,22920,261
2021-08-01,San Mateo,081,765935,45789,45036,647,45683,548
2021-08-01,Santa Barbara,083,443738,36663,35809,1313,37122,469
2021-08-01,Santa Clara,085,1922200,125194,123511,882,124393,2183
2021-08-01,Santa Cruz,087,273765,16982,16709,871,17580,207
2021-08-01,Shasta,089,179085,13328,13036,1833,14869,212
2021-08-01,Sierra,091,2930,75,71,14,85,0
2021-08-01,Siskiyou,093,43540,2092,1989,452,2441,31
2021-08-01,Solano,095,438530,36548,35800,765,36565,260
2021-08-01,Sonoma,097,501317,33748,33076,403,33479,330
2021-08-01,Stanislaus,099,539301,60097,59078,6540,65618,1037
2021-08-01,Sutter,101,95872,10387,10198,114,10312,127
2021-08-01,Tehama,103,63373,5328,5252,639,5891,66
2021-08-01,Trinity,105,12862,486,359,104,463,3
2021-08-01,Tulare,107,460477,51401,50600,10109,60709,854
2021-08-01,Tuolumne,109,53932,4639,4489,43,4532,64
2021-08-01,Ventura,111,848112,85208,84040,3582,87622,1044
2021-08-01,Yolo,113,214977,15343,15042,531,15573,215
2021-08-01,Yuba,115,75493,6871,6721,154,6875,50
2021-07-31,Alameda,001,1643700,98303,95279,2305,97584,1265
2021-07-31,Alpine,003,1148,91,89,0,89,0
2021-07-31,Amador,005,37829,3993,3877,34,3911,48
2021-07-31,Butte,007,227075,13632,13235,2097,15332,205
2021-07-31,Calaveras,009,45235,2350,2294,16,2310,57
2021-07-31,Colusa,011,21464,2051,2006,359,2365,16
2021-07-31,Contra Costa,013,1133247,78582,75866,1571,77437,832
2021-07-31,Del Norte,015,27424,1739,1576,15,1591,8
2021-07-31,El Dorado,017,186661,11412,11017,910,11927,116
2021-07-31,Fresno,019,978130,106916,104639,9395,114034,1744
2021-07-31,Glenn,021,27897,2514,2465,603,3068,20
2021-07-31,Humboldt,023,135768,5349,4978,82,5060,52
2021-07-31,Imperial,025,180216,29435,29164,2881,32045,743
2021-07-31,Inyo,027,18085,1464,1442,24,1466,38
2021-07-31,Kern,029,883053,100585,98903,12373,111276,1357
2021-07-31,Kings,031,150075,24043,23548,1248,24796,248
2021-07-31,Lake,033,64148,4468,4238,17,4255,66
2021-07-31,Lassen,035,31185,5362,5320,125,5445,21
2021-07-31,Los Angeles,037,10098052,1270286,1248545,46868,1295413,24691
2021-07-31,Madera,039,155013,17455,17058,1056,18114,245
2021-07-31,Marin,041,260295,15110,14701,308,15009,239
2021-07-31,Mariposa,043,17540,491,470,12,482,5
2021-07-31,Mendocino,045,87422,4629,4400,90,4490,49
2021-07-31,Merced,047,269075,32322,31959,1077,33036,474
2021-07-31,Modoc,049,8938,428,413,149,562,5
2021-07-31,Mono,051,14174,1297,1287,15,1302,3
2021-07-31,Monterey,053,433212,44054,43720,2072,45792,525
2021-07-31,Napa,055,140530,10613,10401,50,10451,82
2021-07-31,Nevada,057,99092,5836,5373,213,5586,72
2021-07-31,Orange,059,3164182,269300,263446,12464,275910,5144
2021-07-31,Placer,061,380077,26054,25104,1989,27093,306
2021-07-31,Plumas,063,18699,779,743,15,758,5
2021-07-31,Riverside,065,2383286,305888,300315,14910,315225,4554
2021-07-31,Sacramento,067,1510023,118701,115259,2295,117554,1720
2021-07-31,San Benito,069,59416,6299,6251,120,6371,63
2021-07-31,San Bernardino,071,2135413,305349,300726,9637,310363,5240
2021-07-31,San Diego,073,3302833,301585,295054,17222,312276,3798
2021-07-31,San Francisco,075,870044,42397,40412,1663,42075,562
2021-07-31,San Joaquin,077,732212,78154,76575,4059,80634,1443
2021-07-31,San Luis Obispo,079,281455,22367,21922,835,22757,260
2021-07-31,San Mateo,081,765935,45639,44622,635,45257,548
2021-07-31,Santa Barbara,083,443738,36582,35531,1312,36843,467
2021-07-31,Santa Clara,085,1922200,124939,122614,880,123494,2099
2021-07-31,Santa Cruz,087,273765,16943,16576,870,17446,207
2021-07-31,Shasta,089,179085,13292,12918,1825,14743,212
2021-07-31,Sierra,091,2930,75,68,14,82,0
2021-07-31,Siskiyou,093,43540,2083,1976,446,2422,31
2021-07-31,Solano,095,438530,36447,35340,759,36099,263
2021-07-31,Sonoma,097,501317,33623,32601,403,33004,329
2021-07-31,Stanislaus,099,539301,59935,58586,6517,65103,1035
2021-07-31,Sutter,101,95872,10352,10068,113,10181,127
2021-07-31,Tehama,103,63373,5313,5216,636,5852,66
2021-07-31,Trinity,105,12862,485,354,103,457,3
2021-07-31,Tulare,107,460477,51312,50409,10055,60464,854
2021-07-31,Tuolumne,109,53932,4600,4362,43,4405,64
2021-07-31,Ventura,111,848112,85047,83509,3565,87074,1044
2021-07-31,Yolo,113,214977,15295,14863,520,15383,215
2021-07-31,Yuba,115,75493,6848,6615,150,6765,50
2021-07-30,Alameda,001,1643700,97971,95279,2301,97580,1265
2021-07-30,Alpine,003,1148,91,89,0,89,0
2021-07-30,Amador,005,37829,3970,3877,34,3911,48
2021-07-30,Butte,007,227075,13577,13235,2084,15319,205
2021-07-30,Calaveras,009,45235,2345,2294,16,2310,57
2021-07-30,Colusa,011,21464,2047,2006,357,2363,16
2021-07-30,Contra Costa,013,1133247,78340,75866,1567,77433,832
2021-07-30,Del Norte,015,27424,1721,1576,15,1591,8
2021-07-30,El Dorado,017,186661,11379,11017,904,11921,116
2021-07-30,Fresno,019,978130,106721,104639,9383,114022,1744
2021-07-30,Glenn,021,27897,2509,2465,602,3067,20
2021-07-30,Humboldt,023,135768,5285,4978,79,5057,52
2021-07-30,Imperial,025,180216,29421,29164,2878,32042,743
2021-07-30,Inyo,027,18085,1463,1442,24,1466,38
2021-07-30,Kern,029,883053,100461,98903,12325,111228,1357
2021-07-30,Kings,031,150075,24002,23548,1244,24792,248
2021-07-30,Lake,033,64148,4440,4238,17,4255,66
2021-07-30,Lassen,035,31185,5358,5320,125,5445,21
2021-07-30,Los Angeles,037,10098052,1267969,1248545,46714,1295259,24691
2021-07-30,Madera,039,155013,17413,17058,1053,18111,245
2021-07-30,Marin,041,260295,15076,14701,308,15009,239
2021-07-30,Mariposa,043,17540,488,470,12,482,5
2021-07-30,Mendocino,045,87422,4599,4400,89,4489,49
2021-07-30,Merced,047,269075,32281,31959,1072,33031,474
2021-07-30,Modoc,049,8938,426,413,149,562,5
2021-07-30,Mono,051,14174,1291,1287,15,1302,3
2021-07-30,Monterey,053,433212,44021,43720,2062,45782,525
2021-07-30,Napa,055,140530,10591,10401,49,10450,82
2021-07-30,Nevada,057,99092,5779,5373,213,5586,72
2021-07-30,Orange,059,3164182,268669,263446,12436,275882,5144
2021-07-30,Placer,061,380077,25965,25104,1971,27075,306
2021-07-30,Plumas,063,18699,774,743,15,758,5
2021-07-30,Riverside,065,2383286,305251,300315,14900,315215,4554
2021-07-30,Sacramento,067,1510023,118250,115259,2291,117550,1720
2021-07-30,San Benito,069,59416,6292,6251,120,6371,63
2021-07-30,San Bernardino,071,2135413,304837,300726,9631,310357,5240
2021-07-30,San Diego,073,3302833,300812,295054,17164,312218,3798
2021-07-30,San Francisco,075,870044,42184,40412,1647,42059,562
2021-07-30,San Joaquin,077,732212,78001,76575,4053,80628,1443
2021-07-30,San Luis Obispo,079,281455,22329,21922,831,22753,260
2021-07-30,San Mateo,081,765935,45517,44622,619,45241,548
2021-07-30,Santa Barbara,083,443738,36513,35531,1306,36837,467
2021-07-30,Santa Clara,085,1922200,124715,122614,878,123492,2099
2021-07-30,Santa Cruz,087,273765,16917,16576,868,17444,207
2021-07-30,Shasta,089,179085,13245,12918,1825,14743,212
2021-07-30,Sierra,091,2930,74,68,14,82,0
2021-07-30,Siskiyou,093,43540,2074,1976,445,2421,31
2021-07-30,Solano,095,438530,36356,35340,743,36083,263
2021-07-30,Sonoma,097,501317,33529,32601,403,33004,329
2021-07-30,Stanislaus,099,539301,59790,58586,6497,65083,1035
2021-07-30,Sutter,101,95872,10316,10068,113,10181,127
2021-07-30,Tehama,103,63373,5302,5216,636,5852,66
2021-07-30,Trinity,105,12862,485,354,103,457,3
2021-07-30,Tulare,107,460477,51269,50409,10018,60427,854
2021-07-30,Tuolumne,109,53932,4582,4362,43,4405,64
2021-07-30,Ventura,111,848112,84883,83509,3550,87059,1044
2021-07-30,Yolo,113,214977,15234,14863,516,15379,215
2021-07-30,Yuba,115,75493,6812,6615,149,6764,50
2021-07-29,Alameda,001,1643700,97545,95279,2295,97574,1265
2021-07-29,Alpine,003,1148,91,89,0,89,0
2021-07-29,Amador,005,37829,3951,3877,34,3911,48
2021-07-29,Butte,007,227075,13529,13235,2076,15311,205
2021-07-29,Calaveras,009,45235,2325,2294,16,2310,57
2021-07-29,Colusa,011,21464,2040,2006,357,2363,16
2021-07-29,Contra Costa,013,1133247,77902,75866,1563,77429,832
2021-07-29,Del Norte,015,27424,1697,1576,15,1591,8
2021-07-29,El Dorado,017,186661,11315,11017,892,11909,116
2021-07-29,Fresno,019,978130,106459,104639,9356,113995,1744
2021-07-29,Glenn,021,27897,2499,2465,601,3066,20
2021-07-29,Humboldt,023,135768,5224,4978,77,5055,52
2021-07-29,Imperial,025,180216,29375,29164,2876,32040,743
2021-07-29,Inyo,027,18085,1459,1442,23,1465,38
2021-07-29,Kern,029,883053,100254,98903,12247,111150,1357
2021-07-29,Kings,031,150075,23958,23548,1239,24787,248
2021-07-29,Lake,033,64148,4405,4238,17,4255,66
2021-07-29,Lassen,035,31185,5350,5320,122,5442,21
2021-07-29,Los Angeles,037,10098052,1264888,1248545,46529,1295074,24691
2021-07-29,Madera,039,155013,17367,17058,1048,18106,245
2021-07-29,Marin,041,260295,15033,14701,308,15009,239
2021-07-29,Mariposa,043,17540,484,470,12,482,5
2021-07-29,Mendocino,045,87422,4576,4400,87,4487,49
2021-07-29,Merced,047,269075,32226,31959,1072,33031,474
2021-07-29,Modoc,049,8938,426,413,149,562,5
2021-07-29,Mono,051,14174,1290,1287,15,1302,3
2021-07-29,Monterey,053,433212,43972,43720,2051,45771,525
2021-07-29,Napa,055,140530,10559,10401,47,10448,82
2021-07-29,Nevada,057,99092,5727,5373,212,5585,72
2021-07-29,Orange,059,3164182,267960,263446,12403,275849,5144
2021-07-29,Placer,061,380077,25842,25104,1955,27059,306
2021-07-29,Plumas,063,18699,766,743,15,758,5
2021-07-29,Riverside,065,2383286,304546,300315,14877,315192,4554
2021-07-29,Sacramento,067,1510023,117694,115259,2278,117537,1720
2021-07-29,San Benito,069,59416,6281,6251,120,6371,63
2021-07-29,San Bernardino,071,2135413,304201,300726,9621,310347,5240
2021-07-29,San Diego,073,3302833,299750,295054,17104,312158,3798
2021-07-29,San Francisco,075,870044,41939,40412,1624,42036,562
2021-07-29,San Joaquin,077,732212,77746,76575,4045,80620,1443
2021-07-29,San Luis Obispo,079,281455,22276,21922,829,22751,260
2021-07-29,San Mateo,081,765935,45390,44622,609,45231,548
2021-07-29,Santa Barbara,083,443738,36429,35531,1305,36836,467
2021-07-29,Santa Clara,085,1922200,124418,122614,875,123489,2099
2021-07-29,Santa Cruz,087,273765,16864,16576,866,17442,207
2021-07-29,Shasta,089,179085,13191,12918,1816,14734,212
2021-07-29,Sierra,091,2930,74,68,14,82,0
2021-07-29,Siskiyou,093,43540,2069,1976,443,2419,31
2021-07-29,Solano,095,438530,36197,35340,733,36073,263
2021-07-29,Sonoma,097,501317,33354,32601,401,33002,329
2021-07-29,Stanislaus,099,539301,59617,58586,6480,65066,1035
2021-07-29,Sutter,101,95872,10270,10068,112,10180,127
2021-07-29,Tehama,103,63373,5290,5216,630,5846,66
2021-07-29,Trinity,105,12862,483,354,102,456,3
2021-07-29,Tulare,107,460477,51179,50409,9977,60386,854
2021-07-29,Tuolumne,109,53932,4544,4362,42,4404,64
2021-07-29,Ventura,111,848112,84716,83509,3543,87052,1044
2021-07-29,Yolo,113,214977,15166,14863,502,15365,215
2021-07-29,Yuba,115,75493,6764,6615,146,6761,50
2021-07-28,Alameda,001,1643700,97084,94965,2288,97253,1262
2021-07-28,Alpine,003,1148,91,89,0,89,0
2021-07-28,Amador,005,37829,3937,3870,34,3904,48
2021-07-28,Butte,007,227075,13473,13184,2063,15247,205
2021-07-28,Calaveras,009,45235,2311,2289,16,2305,57
2021-07-28,Colusa,011,21464,2036,2001,356,2357,16
2021-07-28,Contra Costa,013,1133247,77418,75487,1555,77042,832
2021-07-28,Del Norte,015,27424,1664,1545,15,1560,8
2021-07-28,El Dorado,017,186661,11266,10967,882,11849,116
2021-07-28,Fresno,019,978130,106213,104458,9336,113794,1744
2021-07-28,Glenn,021,27897,2495,2464,598,3062,20
2021-07-28,Humboldt,023,135768,5173,4946,76,5022,52
2021-07-28,Imperial,025,180216,29328,29096,2876,31972,743
2021-07-28,Inyo,027,18085,1453,1439,22,1461,38
2021-07-28,Kern,029,883053,100097,98781,12200,110981,1352
2021-07-28,Kings,031,150075,23894,23503,1229,24732,248
2021-07-28,Lake,033,64148,4359,4191,15,4206,65
2021-07-28,Lassen,035,31185,5342,5318,122,5440,21
2021-07-28,Los Angeles,037,10098052,1261733,1245485,46357,1291842,24673
2021-07-28,Madera,039,155013,17326,17024,1042,18066,245
2021-07-28,Marin,041,260295,14978,14652,308,14960,239
2021-07-28,Mariposa,043,17540,477,469,12,481,5
2021-07-28,Mendocino,045,87422,4548,4377,87,4464,49
2021-07-28,Merced,047,269075,32162,31886,1068,32954,474
2021-07-28,Modoc,049,8938,424,413,149,562,5
2021-07-28,Mono,051,14174,1289,1286,15,1301,3
2021-07-28,Monterey,053,433212,43925,43668,2041,45709,524
2021-07-28,Napa,055,140530,10519,10376,45,10421,82
2021-07-28,Nevada,057,99092,5672,5320,212,5532,72
2021-07-28,Orange,059,3164182,267170,262735,12372,275107,5143
2021-07-28,Placer,061,380077,25694,24978,1939,26917,306
2021-07-28,Plumas,063,18699,761,754,15,769,5
2021-07-28,Riverside,065,2383286,303777,299611,14858,314469,4554
2021-07-28,Sacramento,067,1510023,117043,114665,2257,116922,1714
2021-07-28,San Benito,069,59416,6270,6236,120,6356,63
2021-07-28,San Bernardino,071,2135413,303572,300121,9609,309730,5236
2021-07-28,San Diego,073,3302833,298466,294176,17039,311215,3798
2021-07-28,San Francisco,075,870044,41606,40144,1597,41741,561
2021-07-28,San Joaquin,077,732212,77496,76312,4015,80327,1443
2021-07-28,San Luis Obispo,079,281455,22217,21865,828,22693,260
2021-07-28,San Mateo,081,765935,45241,44477,599,45076,547
2021-07-28,Santa Barbara,083,443738,36353,35431,1300,36731,467
2021-07-28,Santa Clara,085,1922200,124157,122345,873,123218,2099
2021-07-28,Santa Cruz,087,273765,16826,16551,865,17416,207
2021-07-28,Shasta,089,179085,13147,12882,1805,14687,212
2021-07-28,Sierra,091,2930,70,67,14,81,0
2021-07-28,Siskiyou,093,43540,2060,1971,440,2411,31
2021-07-28,Solano,095,438530,36023,35204,726,35930,262
2021-07-28,Sonoma,097,501317,33211,32434,398,32832,328
2021-07-28,Stanislaus,099,539301,59418,58427,6464,64891,1035
2021-07-28,Sutter,101,95872,10238,10033,111,10144,126
2021-07-28,Tehama,103,63373,5278,5209,627,5836,66
2021-07-28,Trinity,105,12862,482,352,102,454,3
2021-07-28,Tulare,107,460477,51090,50363,9928,60291,854
2021-07-28,Tuolumne,109,53932,4505,4313,42,4355,64
2021-07-28,Ventura,111,848112,84520,83360,3527,86887,1043
2021-07-28,Yolo,113,214977,15094,14801,495,15296,215
2021-07-28,Yuba,115,75493,6731,6591,145,6736,51
2021-07-27,Alameda,001,1643700,96679,94682,2279,96961,1256
2021-07-27,Alpine,003,1148,91,89,0,89,0
2021-07-27,Amador,005,37829,3921,3861,34,3895,48
2021-07-27,Butte,007,227075,13424,13127,2052,15179,205
2021-07-27,Calaveras,009,45235,2299,2280,16,2296,57
2021-07-27,Colusa,011,21464,2028,1999,355,2354,16
2021-07-27,Contra Costa,013,1133247,76929,75227,1551,76778,830
2021-07-27,Del Norte,015,27424,1644,1538,15,1553,8
2021-07-27,El Dorado,017,186661,11206,10941,872,11813,116
2021-07-27,Fresno,019,978130,105921,104288,9312,113600,1746
2021-07-27,Glenn,021,27897,2487,2460,596,3056,20
2021-07-27,Humboldt,023,135768,5119,4925,75,5000,52
2021-07-27,Imperial,025,180216,29283,29048,2875,31923,743
2021-07-27,Inyo,027,18085,1451,1430,22,1452,38
2021-07-27,Kern,029,883053,99927,98724,12144,110868,1352
2021-07-27,Kings,031,150075,23837,23463,1219,24682,248
2021-07-27,Lake,033,64148,4320,4157,15,4172,65
2021-07-27,Lassen,035,31185,5336,5315,122,5437,21
2021-07-27,Los Angeles,037,10098052,1258300,1243336,46186,1289522,24658
2021-07-27,Madera,039,155013,17273,16998,1037,18035,245
2021-07-27,Marin,041,260295,14930,14631,305,14936,239
2021-07-27,Mariposa,043,17540,474,468,12,480,5
2021-07-27,Mendocino,045,87422,4524,4371,87,4458,49
2021-07-27,Merced,047,269075,32096,31825,1064,32889,473
2021-07-27,Modoc,049,8938,423,413,149,562,5
2021-07-27,Mono,051,14174,1285,1288,15,1303,3
2021-07-27,Monterey,053,433212,43885,43646,2030,45676,523
2021-07-27,Napa,055,140530,10489,10354,45,10399,82
2021-07-27,Nevada,057,99092,5595,5305,210,5515,72
2021-07-27,Orange,059,3164182,266430,262193,12346,274539,5143
2021-07-27,Placer,061,380077,25535,24916,1913,26829,306
2021-07-27,Plumas,063,18699,758,752,15,767,5
2021-07-27,Riverside,065,2383286,303046,299160,14839,313999,4554
2021-07-27,Sacramento,067,1510023,116440,114413,2248,116661,1710
2021-07-27,San Benito,069,59416,6261,6229,120,6349,63
2021-07-27,San Bernardino,071,2135413,302866,299593,9587,309180,5236
2021-07-27,San Diego,073,3302833,297375,293408,16966,310374,3798
2021-07-27,San Francisco,075,870044,41248,39939,1578,41517,561
2021-07-27,San Joaquin,077,732212,77235,76166,3995,80161,1442
2021-07-27,San Luis Obispo,079,281455,22162,21803,819,22622,260
2021-07-27,San Mateo,081,765935,45089,44378,594,44972,547
2021-07-27,Santa Barbara,083,443738,36255,35355,1298,36653,467
2021-07-27,Santa Clara,085,1922200,123863,122154,871,123025,2099
2021-07-27,Santa Cruz,087,273765,16780,16523,864,17387,207
2021-07-27,Shasta,089,179085,13096,12846,1792,14638,212
2021-07-27,Sierra,091,2930,70,65,14,79,0
2021-07-27,Siskiyou,093,43540,2055,1964,437,2401,31
2021-07-27,Solano,095,438530,35891,35093,716,35809,261
2021-07-27,Sonoma,097,501317,33065,32367,396,32763,328
2021-07-27,Stanislaus,099,539301,59246,58333,6438,64771,1033
2021-07-27,Sutter,101,95872,10197,9998,111,10109,115
2021-07-27,Tehama,103,63373,5257,5192,625,5817,66
2021-07-27,Trinity,105,12862,481,351,102,453,3
2021-07-27,Tulare,107,460477,51023,50324,9897,60221,854
2021-07-27,Tuolumne,109,53932,4453,4282,42,4324,64
2021-07-27,Ventura,111,848112,84312,83189,3515,86704,1043
2021-07-27,Yolo,113,214977,15020,14759,489,15248,215
2021-07-27,Yuba,115,75493,6709,6564,143,6707,51
2021-07-26,Alameda,001,1643700,96227,94436,2271,96707,1259
2021-07-26,Alpine,003,1148,91,89,0,89,0
2021-07-26,Amador,005,37829,3911,3854,34,3888,48
2021-07-26,Butte,007,227075,13370,13082,2040,15122,203
2021-07-26,Calaveras,009,45235,2294,2276,16,2292,57
2021-07-26,Colusa,011,21464,2021,1996,353,2349,16
2021-07-26,Contra Costa,013,1133247,76429,74854,1544,76398,830
2021-07-26,Del Norte,015,27424,1623,1530,15,1545,8
2021-07-26,El Dorado,017,186661,11142,10899,869,11768,116
2021-07-26,Fresno,019,978130,105718,104143,9289,113432,1742
2021-07-26,Glenn,021,27897,2485,2461,595,3056,20
2021-07-26,Humboldt,023,135768,5080,4906,73,4979,52
2021-07-26,Imperial,025,180216,29243,29034,2875,31909,743
2021-07-26,Inyo,027,18085,1446,1429,22,1451,38
2021-07-26,Kern,029,883053,99761,98633,12079,110712,1351
2021-07-26,Kings,031,150075,23789,23426,1215,24641,247
2021-07-26,Lake,033,64148,4299,4133,15,4148,65
2021-07-26,Lassen,035,31185,5332,5314,122,5436,21
2021-07-26,Los Angeles,037,10098052,1254986,1241527,46018,1287545,24647
2021-07-26,Madera,039,155013,17246,16971,1028,17999,245
2021-07-26,Marin,041,260295,14873,14579,304,14883,239
2021-07-26,Mariposa,043,17540,473,467,12,479,5
2021-07-26,Mendocino,045,87422,4504,4354,87,4441,49
2021-07-26,Merced,047,269075,32012,31774,1060,32834,473
2021-07-26,Modoc,049,8938,423,413,149,562,5
2021-07-26,Mono,051,14174,1283,1286,15,1301,3
2021-07-26,Monterey,053,433212,43843,43595,2016,45611,521
2021-07-26,Napa,055,140530,10466,10332,45,10377,82
2021-07-26,Nevada,057,99092,5508,5280,210,5490,72
2021-07-26,Orange,059,3164182,265796,261803,12325,274128,5142
2021-07-26,Placer,061,380077,25400,24842,1892,26734,304
2021-07-26,Plumas,063,18699,754,750,15,765,5
2021-07-26,Riverside,065,2383286,302352,298626,14824,313450,4553
2021-07-26,Sacramento,067,1510023,115840,113986,2232,116218,1705
2021-07-26,San Benito,069,59416,6255,6222,120,6342,63
2021-07-26,San Bernardino,071,2135413,302254,299238,9574,308812,5237
2021-07-26,San Diego,073,3302833,296261,292688,16893,309581,3793
2021-07-26,San Francisco,075,870044,40895,39800,1549,41349,561
2021-07-26,San Joaquin,077,732212,77000,76033,3991,80024,1440
2021-07-26,San Luis Obispo,079,281455,22113,21752,816,22568,260
2021-07-26,San Mateo,081,765935,44942,44297,583,44880,547
2021-07-26,Santa Barbara,083,443738,36184,35311,1286,36597,467
2021-07-26,Santa Clara,085,1922200,123554,121978,862,122840,2099
2021-07-26,Santa Cruz,087,273765,16741,16493,861,17354,207
2021-07-26,Shasta,089,179085,13047,12819,1779,14598,211
2021-07-26,Sierra,091,2930,69,65,14,79,0
2021-07-26,Siskiyou,093,43540,2052,1962,435,2397,31
2021-07-26,Solano,095,438530,35736,34990,708,35698,259
2021-07-26,Sonoma,097,501317,32930,32283,394,32677,328
2021-07-26,Stanislaus,099,539301,59100,58219,6419,64638,1033
2021-07-26,Sutter,101,95872,10157,9963,108,10071,115
2021-07-26,Tehama,103,63373,5247,5183,621,5804,66
2021-07-26,Trinity,105,12862,481,351,101,452,3
2021-07-26,Tulare,107,460477,50959,50265,9864,60129,854
2021-07-26,Tuolumne,109,53932,4423,4271,42,4313,64
2021-07-26,Ventura,111,848112,84139,83072,3500,86572,1041
2021-07-26,Yolo,113,214977,14960,14727,476,15203,215
2021-07-26,Yuba,115,75493,6675,6538,141,6679,51
2021-07-25,Alameda,001,1643700,95739,94146,2265,96411,1259
2021-07-25,Alpine,003,1148,89,89,0,89,0
2021-07-25,Amador,005,37829,3896,3848,34,3882,48
2021-07-25,Butte,007,227075,13331,13074,2030,15104,203
2021-07-25,Calaveras,009,45235,2283,2275,16,2291,57
2021-07-25,Colusa,011,21464,2012,1996,349,2345,16
2021-07-25,Contra Costa,013,1133247,75944,74634,1530,76164,830
2021-07-25,Del Norte,015,27424,1602,1526,15,1541,8
2021-07-25,El Dorado,017,186661,11084,10878,866,11744,116
2021-07-25,Fresno,019,978130,105477,104019,9273,113292,1742
2021-07-25,Glenn,021,27897,2476,2461,593,3054,20
2021-07-25,Humboldt,023,135768,5021,4892,71,4963,52
2021-07-25,Imperial,025,180216,29207,29037,2875,31912,743
2021-07-25,Inyo,027,18085,1441,1427,22,1449,38
2021-07-25,Kern,029,883053,99589,98503,12008,110511,1351
2021-07-25,Kings,031,150075,23736,23396,1211,24607,247
2021-07-25,Lake,033,64148,4246,4109,14,4123,65
2021-07-25,Lassen,035,31185,5328,5314,122,5436,21
2021-07-25,Los Angeles,037,10098052,1251594,1239596,45841,1285437,24643
2021-07-25,Madera,039,155013,17209,16947,1021,17968,245
2021-07-25,Marin,041,260295,14823,14558,301,14859,239
2021-07-25,Mariposa,043,17540,470,465,12,477,5
2021-07-25,Mendocino,045,87422,4474,4335,85,4420,49
2021-07-25,Merced,047,269075,31940,31760,1058,32818,473
2021-07-25,Modoc,049,8938,423,413,149,562,5
2021-07-25,Mono,051,14174,1281,1286,15,1301,3
2021-07-25,Monterey,053,433212,43804,43590,2008,45598,521
2021-07-25,Napa,055,140530,10429,10316,44,10360,82
2021-07-25,Nevada,057,99092,5443,5256,207,5463,72
2021-07-25,Orange,059,3164182,265088,261351,12302,273653,5142
2021-07-25,Placer,061,380077,25279,24755,1871,26626,304
2021-07-25,Plumas,063,18699,752,750,15,765,5
2021-07-25,Riverside,065,2383286,301585,298181,14808,312989,4553
2021-07-25,Sacramento,067,1510023,115292,113611,2215,115826,1704
2021-07-25,San Benito,069,59416,6248,6217,120,6337,63
2021-07-25,San Bernardino,071,2135413,301600,298982,9568,308550,5237
2021-07-25,San Diego,073,3302833,295187,290626,16825,307451,3793
2021-07-25,San Francisco,075,870044,40558,39663,1523,41186,561
2021-07-25,San Joaquin,077,732212,76745,75926,3972,79898,1440
2021-07-25,San Luis Obispo,079,281455,22040,21741,813,22554,260
2021-07-25,San Mateo,081,765935,44779,44189,577,44766,547
2021-07-25,Santa Barbara,083,443738,36107,35261,1283,36544,467
2021-07-25,Santa Clara,085,1922200,123223,121800,856,122656,2099
2021-07-25,Santa Cruz,087,273765,16694,16474,860,17334,207
2021-07-25,Shasta,089,179085,13000,12815,1774,14589,211
2021-07-25,Sierra,091,2930,69,65,14,79,0
2021-07-25,Siskiyou,093,43540,2044,1963,432,2395,31
2021-07-25,Solano,095,438530,35542,34863,705,35568,259
2021-07-25,Sonoma,097,501317,32805,32202,391,32593,328
2021-07-25,Stanislaus,099,539301,58933,58154,6414,64568,1033
2021-07-25,Sutter,101,95872,10103,9937,106,10043,115
2021-07-25,Tehama,103,63373,5231,5181,620,5801,66
2021-07-25,Trinity,105,12862,479,351,99,450,3
2021-07-25,Tulare,107,460477,50883,50221,9825,60046,854
2021-07-25,Tuolumne,109,53932,4371,4267,42,4309,64
2021-07-25,Ventura,111,848112,83925,82986,3478,86464,1041
2021-07-25,Yolo,113,214977,14899,14693,462,15155,215
2021-07-25,Yuba,115,75493,6642,6519,141,6660,51
2021-07-24,Alameda,001,1643700,95463,93170,2259,95429,1259
2021-07-24,Alpine,003,1148,89,89,0,89,0
2021-07-24,Amador,005,37829,3887,3816,34,3850,48
2021-07-24,Butte,007,227075,13302,12982,2028,15010,203
2021-07-24,Calaveras,009,45235,2279,2267,16,2283,57
2021-07-24,Colusa,011,21464,2011,1992,347,2339,16
2021-07-24,Contra Costa,013,1133247,75719,73682,1527,75209,830
2021-07-24,Del Norte,015,27424,1591,1497,15,1512,8
2021-07-24,El Dorado,017,186661,11050,10773,863,11636,116
2021-07-24,Fresno,019,978130,105359,103637,9264,112901,1736
2021-07-24,Glenn,021,27897,2475,2457,593,3050,20
2021-07-24,Humboldt,023,135768,4987,4780,70,4850,52
2021-07-24,Imperial,025,180216,29187,28996,2875,31871,742
2021-07-24,Inyo,027,18085,1438,1424,22,1446,38
2021-07-24,Kern,029,883053,99510,98261,11986,110247,1350
2021-07-24,Kings,031,150075,23705,23304,1208,24512,246
2021-07-24,Lake,033,64148,4223,3963,14,3977,64
2021-07-24,Lassen,035,31185,5327,5311,122,5433,21
2021-07-24,Los Angeles,037,10098052,1249830,1232164,45721,1277885,24623
2021-07-24,Madera,039,155013,17185,16885,1019,17904,245
2021-07-24,Marin,041,260295,14784,14454,301,14755,238
2021-07-24,Mariposa,043,17540,470,453,12,465,5
2021-07-24,Mendocino,045,87422,4449,4293,85,4378,49
2021-07-24,Merced,047,269075,31918,31661,1057,32718,473
2021-07-24,Modoc,049,8938,423,413,149,562,5
2021-07-24,Mono,051,14174,1279,1284,15,1299,3
2021-07-24,Monterey,053,433212,43779,43525,2001,45526,521
2021-07-24,Napa,055,140530,10413,10230,44,10274,81
2021-07-24,Nevada,057,99092,5410,5183,207,5390,72
2021-07-24,Orange,059,3164182,264622,259973,12289,272262,5141
2021-07-24,Placer,061,380077,25196,24530,1866,26396,303
2021-07-24,Plumas,063,18699,751,737,15,752,4
2021-07-24,Riverside,065,2383286,301117,296912,14798,311710,4552
2021-07-24,Sacramento,067,1510023,114975,112438,2210,114648,1698
2021-07-24,San Benito,069,59416,6244,6200,119,6319,63
2021-07-24,San Bernardino,071,2135413,301209,297899,9559,307458,5236
2021-07-24,San Diego,073,3302833,294720,289368,16798,306166,3788
2021-07-24,San Francisco,075,870044,40394,38954,1506,40460,561
2021-07-24,San Joaquin,077,732212,76618,75461,3961,79422,1436
2021-07-24,San Luis Obispo,079,281455,22009,21616,811,22427,260
2021-07-24,San Mateo,081,765935,44661,43880,571,44451,542
2021-07-24,Santa Barbara,083,443738,36048,35071,1279,36350,465
2021-07-24,Santa Clara,085,1922200,123011,121092,855,121947,2099
2021-07-24,Santa Cruz,087,273765,16672,16416,860,17276,207
2021-07-24,Shasta,089,179085,12972,12759,1771,14530,211
2021-07-24,Sierra,091,2930,68,64,14,78,0
2021-07-24,Siskiyou,093,43540,2044,1951,432,2383,31
2021-07-24,Solano,095,438530,35450,34499,696,35195,259
2021-07-24,Sonoma,097,501317,32681,31928,389,32317,327
2021-07-24,Stanislaus,099,539301,58840,57879,6402,64281,1030
2021-07-24,Sutter,101,95872,10076,9890,106,9996,115
2021-07-24,Tehama,103,63373,5224,5166,618,5784,65
2021-07-24,Trinity,105,12862,479,345,99,444,3
2021-07-24,Tulare,107,460477,50840,50104,9807,59911,854
2021-07-24,Tuolumne,109,53932,4345,4216,42,4258,64
2021-07-24,Ventura,111,848112,83798,82687,3461,86148,1041
2021-07-24,Yolo,113,214977,14862,14557,459,15016,214
2021-07-24,Yuba,115,75493,6623,6449,141,6590,51
2021-07-23,Alameda,001,1643700,95209,93170,2253,95423,1259
2021-07-23,Alpine,003,1148,89,89,0,89,0
2021-07-23,Amador,005,37829,3880,3816,34,3850,48
2021-07-23,Butte,007,227075,13273,12982,2020,15002,203
2021-07-23,Calaveras,009,45235,2277,2267,16,2283,57
2021-07-23,Colusa,011,21464,2010,1992,347,2339,16
2021-07-23,Contra Costa,013,1133247,75462,73682,1517,75199,830
2021-07-23,Del Norte,015,27424,1583,1497,15,1512,8
2021-07-23,El Dorado,017,186661,11021,10773,859,11632,116
2021-07-23,Fresno,019,978130,105228,103637,9254,112891,1736
2021-07-23,Glenn,021,27897,2473,2457,590,3047,20
2021-07-23,Humboldt,023,135768,4966,4780,68,4848,52
2021-07-23,Imperial,025,180216,29175,28996,2875,31871,742
2021-07-23,Inyo,027,18085,1435,1424,22,1446,38
2021-07-23,Kern,029,883053,99427,98261,11960,110221,1350
2021-07-23,Kings,031,150075,23674,23304,1205,24509,246
2021-07-23,Lake,033,64148,4193,3963,14,3977,64
2021-07-23,Lassen,035,31185,5325,5311,122,5433,21
2021-07-23,Los Angeles,037,10098052,1247907,1232164,45635,1277799,24623
2021-07-23,Madera,039,155013,17155,16885,1014,17899,245
2021-07-23,Marin,041,260295,14747,14454,299,14753,238
2021-07-23,Mariposa,043,17540,467,453,12,465,5
2021-07-23,Mendocino,045,87422,4436,4293,85,4378,49
2021-07-23,Merced,047,269075,31892,31661,1057,32718,473
2021-07-23,Modoc,049,8938,423,413,149,562,5
2021-07-23,Mono,051,14174,1278,1284,15,1299,3
2021-07-23,Monterey,053,433212,43754,43525,2001,45526,521
2021-07-23,Napa,055,140530,10392,10230,44,10274,81
2021-07-23,Nevada,057,99092,5365,5183,207,5390,72
2021-07-23,Orange,059,3164182,264170,259973,12266,272239,5141
2021-07-23,Placer,061,380077,25117,24530,1849,26379,303
2021-07-23,Plumas,063,18699,749,737,15,752,4
2021-07-23,Riverside,065,2383286,300652,296912,14786,311698,4552
2021-07-23,Sacramento,067,1510023,114620,112438,2208,114646,1698
2021-07-23,San Benito,069,59416,6238,6200,119,6319,63
2021-07-23,San Bernardino,071,2135413,300831,297899,9550,307449,5236
2021-07-23,San Diego,073,3302833,294119,289368,16750,306118,3788
2021-07-23,San Francisco,075,870044,40212,38954,1491,40445,561
2021-07-23,San Joaquin,077,732212,76518,75461,3946,79407,1436
2021-07-23,San Luis Obispo,079,281455,21971,21616,811,22427,260
2021-07-23,San Mateo,081,765935,44556,43880,566,44446,542
2021-07-23,Santa Barbara,083,443738,35981,35071,1278,36349,465
2021-07-23,Santa Clara,085,1922200,122792,121092,852,121944,2099
2021-07-23,Santa Cruz,087,273765,16647,16416,860,17276,207
2021-07-23,Shasta,089,179085,12945,12759,1768,14527,211
2021-07-23,Sierra,091,2930,68,64,14,78,0
2021-07-23,Siskiyou,093,43540,2042,1951,432,2383,31
2021-07-23,Solano,095,438530,35357,34499,692,35191,259
2021-07-23,Sonoma,097,501317,32587,31928,388,32316,327
2021-07-23,Stanislaus,099,539301,58760,57879,6391,64270,1030
2021-07-23,Sutter,101,95872,10047,9890,106,9996,115
2021-07-23,Tehama,103,63373,5215,5166,618,5784,65
2021-07-23,Trinity,105,12862,478,345,98,443,3
2021-07-23,Tulare,107,460477,50794,50104,9782,59886,854
2021-07-23,Tuolumne,109,53932,4323,4216,42,4258,64
2021-07-23,Ventura,111,848112,83636,82687,3443,86130,1041
2021-07-23,Yolo,113,214977,14823,14557,452,15009,214
2021-07-23,Yuba,115,75493,6597,6449,140,6589,51
2021-07-22,Alameda,001,1643700,94846,93170,2247,95417,1259
2021-07-22,Alpine,003,1148,89,89,0,89,0
2021-07-22,Amador,005,37829,3871,3816,34,3850,48
2021-07-22,Butte,007,227075,13239,12982,2011,14993,203
2021-07-22,Calaveras,009,45235,2274,2267,16,2283,57
2021-07-22,Colusa,011,21464,2008,1992,345,2337,16
2021-07-22,Contra Costa,013,1133247,75122,73682,1513,75195,830
2021-07-22,Del Norte,015,27424,1566,1497,15,1512,8
2021-07-22,El Dorado,017,186661,10987,10773,851,11624,116
2021-07-22,Fresno,019,978130,105099,103637,9244,112881,1736
2021-07-22,Glenn,021,27897,2469,2457,590,3047,20
2021-07-22,Humboldt,023,135768,4935,4780,66,4846,52
2021-07-22,Imperial,025,180216,29145,28996,2875,31871,742
2021-07-22,Inyo,027,18085,1433,1424,22,1446,38
2021-07-22,Kern,029,883053,99311,98261,11917,110178,1350
2021-07-22,Kings,031,150075,23635,23304,1203,24507,246
2021-07-22,Lake,033,64148,4142,3963,14,3977,64
2021-07-22,Lassen,035,31185,5322,5311,122,5433,21
2021-07-22,Los Angeles,037,10098052,1245512,1232164,45478,1277642,24623
2021-07-22,Madera,039,155013,17120,16885,1012,17897,245
2021-07-22,Marin,041,260295,14706,14454,298,14752,238
2021-07-22,Mariposa,043,17540,460,453,12,465,5
2021-07-22,Mendocino,045,87422,4423,4293,84,4377,49
2021-07-22,Merced,047,269075,31850,31661,1055,32716,473
2021-07-22,Modoc,049,8938,423,413,149,562,5
2021-07-22,Mono,051,14174,1277,1284,15,1299,3
2021-07-22,Monterey,053,433212,43725,43525,1995,45520,521
2021-07-22,Napa,055,140530,10374,10230,44,10274,81
2021-07-22,Nevada,057,99092,5339,5183,206,5389,72
2021-07-22,Orange,059,3164182,263617,259973,12257,272230,5141
2021-07-22,Placer,061,380077,25023,24530,1837,26367,303
2021-07-22,Plumas,063,18699,748,737,15,752,4
2021-07-22,Riverside,065,2383286,300142,296912,14766,311678,4552
2021-07-22,Sacramento,067,1510023,114184,112438,2199,114637,1698
2021-07-22,San Benito,069,59416,6230,6200,119,6319,63
2021-07-22,San Bernardino,071,2135413,300434,297899,9534,307433,5236
2021-07-22,San Diego,073,3302833,293396,289368,16690,306058,3788
2021-07-22,San Francisco,075,870044,39999,38954,1478,40432,561
2021-07-22,San Joaquin,077,732212,76375,75461,3933,79394,1436
2021-07-22,San Luis Obispo,079,281455,21934,21616,807,22423,260
2021-07-22,San Mateo,081,765935,44444,43880,561,44441,542
2021-07-22,Santa Barbara,083,443738,35917,35071,1276,36347,465
2021-07-22,Santa Clara,085,1922200,122550,121092,849,121941,2099
2021-07-22,Santa Cruz,087,273765,16610,16416,860,17276,207
2021-07-22,Shasta,089,179085,12921,12759,1764,14523,211
2021-07-22,Sierra,091,2930,66,64,14,78,0
2021-07-22,Siskiyou,093,43540,2039,1951,432,2383,31
2021-07-22,Solano,095,438530,35207,34499,685,35184,259
2021-07-22,Sonoma,097,501317,32478,31928,386,32314,327
2021-07-22,Stanislaus,099,539301,58630,57879,6379,64258,1030
2021-07-22,Sutter,101,95872,10026,9890,106,9996,115
2021-07-22,Tehama,103,63373,5209,5166,618,5784,65
2021-07-22,Trinity,105,12862,478,345,98,443,3
2021-07-22,Tulare,107,460477,50751,50104,9754,59858,854
2021-07-22,Tuolumne,109,53932,4311,4216,42,4258,64
2021-07-22,Ventura,111,848112,83502,82687,3430,86117,1041
2021-07-22,Yolo,113,214977,14785,14557,451,15008,214
2021-07-22,Yuba,115,75493,6567,6449,137,6586,51
2021-07-21,Alameda,001,1643700,94517,92840,2244,95084,1256
2021-07-21,Alpine,003,1148,89,89,0,89,0
2021-07-21,Amador,005,37829,3858,3813,34,3847,48
2021-07-21,Butte,007,227075,13198,12939,2006,14945,203
2021-07-21,Calaveras,009,45235,2273,2257,16,2273,57
2021-07-21,Colusa,011,21464,2004,1988,344,2332,16
2021-07-21,Contra Costa,013,1133247,74857,73320,1504,74824,827
2021-07-21,Del Norte,015,27424,1556,1492,15,1507,8
2021-07-21,El Dorado,017,186661,10952,10742,847,11589,116
2021-07-21,Fresno,019,978130,104951,103504,9234,112738,1736
2021-07-21,Glenn,021,27897,2467,2455,589,3044,20
2021-07-21,Humboldt,023,135768,4903,4763,64,4827,52
2021-07-21,Imperial,025,180216,29133,28964,2872,31836,742
2021-07-21,Inyo,027,18085,1433,1423,22,1445,38
2021-07-21,Kern,029,883053,99193,98152,11875,110027,1350
2021-07-21,Kings,031,150075,23607,23270,1199,24469,246
2021-07-21,Lake,033,64148,4077,3896,14,3910,64
2021-07-21,Lassen,035,31185,5319,5310,122,5432,21
2021-07-21,Los Angeles,037,10098052,1243037,1229598,45353,1274951,24609
2021-07-21,Madera,039,155013,17098,16858,1009,17867,245
2021-07-21,Marin,041,260295,14656,14427,298,14725,238
2021-07-21,Mariposa,043,17540,456,449,12,461,5
2021-07-21,Mendocino,045,87422,4405,4274,84,4358,49
2021-07-21,Merced,047,269075,31811,31607,1050,32657,473
2021-07-21,Modoc,049,8938,423,413,149,562,5
2021-07-21,Mono,051,14174,1274,1282,15,1297,3
2021-07-21,Monterey,053,433212,43695,43502,1991,45493,515
2021-07-21,Napa,055,140530,10349,10209,44,10253,81
2021-07-21,Nevada,057,99092,5304,5152,206,5358,72
2021-07-21,Orange,059,3164182,263066,259615,12225,271840,5139
2021-07-21,Placer,061,380077,24914,24441,1826,26267,303
2021-07-21,Plumas,063,18699,748,736,15,751,4
2021-07-21,Riverside,065,2383286,299629,296419,14749,311168,4552
2021-07-21,Sacramento,067,1510023,113768,112043,2188,114231,1696
2021-07-21,San Benito,069,59416,6220,6196,119,6315,63
2021-07-21,San Bernardino,071,2135413,299990,297519,9526,307045,5230
2021-07-21,San Diego,073,3302833,292548,288682,16626,305308,3787
2021-07-21,San Francisco,075,870044,39775,38699,1473,40172,559
2021-07-21,San Joaquin,077,732212,76186,75288,3921,79209,1434
2021-07-21,San Luis Obispo,079,281455,21897,21579,804,22383,260
2021-07-21,San Mateo,081,765935,44351,43755,557,44312,542
2021-07-21,Santa Barbara,083,443738,35858,34998,1260,36258,465
2021-07-21,Santa Clara,085,1922200,122340,120838,847,121685,2099
2021-07-21,Santa Cruz,087,273765,16576,16407,860,17267,207
2021-07-21,Shasta,089,179085,12888,12751,1761,14512,211
2021-07-21,Sierra,091,2930,66,64,14,78,0
2021-07-21,Siskiyou,093,43540,2037,1943,430,2373,31
2021-07-21,Solano,095,438530,35050,34374,680,35054,258
2021-07-21,Sonoma,097,501317,32362,31789,386,32175,327
2021-07-21,Stanislaus,099,539301,58528,57774,6370,64144,1028
2021-07-21,Sutter,101,95872,10002,9862,106,9968,113
2021-07-21,Tehama,103,63373,5205,5161,618,5779,65
2021-07-21,Trinity,105,12862,477,345,97,442,3
2021-07-21,Tulare,107,460477,50692,50066,9728,59794,854
2021-07-21,Tuolumne,109,53932,4274,4156,42,4198,64
2021-07-21,Ventura,111,848112,83380,82573,3418,85991,1041
2021-07-21,Yolo,113,214977,14744,14525,450,14975,213
2021-07-21,Yuba,115,75493,6539,6425,137,6562,52
2021-07-20,Alameda,001,1643700,94138,92625,2231,94856,1256
2021-07-20,Alpine,003,1148,89,89,0,89,0
2021-07-20,Amador,005,37829,3847,3807,34,3841,48
2021-07-20,Butte,007,227075,13161,12916,2001,14917,203
2021-07-20,Calaveras,009,45235,2270,2249,16,2265,57
2021-07-20,Colusa,011,21464,2004,1985,344,2329,16
2021-07-20,Contra Costa,013,1133247,74572,73143,1486,74629,825
2021-07-20,Del Norte,015,27424,1546,1490,15,1505,8
2021-07-20,El Dorado,017,186661,10912,10727,842,11569,116
2021-07-20,Fresno,019,978130,104815,103438,9214,112652,1736
2021-07-20,Glenn,021,27897,2467,2453,589,3042,20
2021-07-20,Humboldt,023,135768,4858,4735,62,4797,52
2021-07-20,Imperial,025,180216,29113,28933,2872,31805,742
2021-07-20,Inyo,027,18085,1429,1420,22,1442,36
2021-07-20,Kern,029,883053,99084,98082,11847,109929,1350
2021-07-20,Kings,031,150075,23566,23254,1195,24449,246
2021-07-20,Lake,033,64148,4052,3871,14,3885,64
2021-07-20,Lassen,035,31185,5319,5306,122,5428,21
2021-07-20,Los Angeles,037,10098052,1240264,1227404,45195,1272599,24603
2021-07-20,Madera,039,155013,17077,16856,1005,17861,245
2021-07-20,Marin,041,260295,14621,14396,295,14691,234
2021-07-20,Mariposa,043,17540,455,448,12,460,5
2021-07-20,Mendocino,045,87422,4388,4259,84,4343,49
2021-07-20,Merced,047,269075,31773,31578,1043,32621,473
2021-07-20,Modoc,049,8938,423,413,149,562,5
2021-07-20,Mono,051,14174,1270,1281,15,1296,3
2021-07-20,Monterey,053,433212,43664,43481,1988,45469,515
2021-07-20,Napa,055,140530,10326,10191,44,10235,81
2021-07-20,Nevada,057,99092,5285,5148,205,5353,72
2021-07-20,Orange,059,3164182,262513,259303,12193,271496,5139
2021-07-20,Placer,061,380077,24822,24408,1802,26210,303
2021-07-20,Plumas,063,18699,746,736,15,751,4
2021-07-20,Riverside,065,2383286,299095,296118,14735,310853,4543
2021-07-20,Sacramento,067,1510023,113330,111796,2158,113954,1695
2021-07-20,San Benito,069,59416,6213,6196,119,6315,63
2021-07-20,San Bernardino,071,2135413,299579,297222,9501,306723,5231
2021-07-20,San Diego,073,3302833,291627,288209,16531,304740,3786
2021-07-20,San Francisco,075,870044,39518,38536,1462,39998,558
2021-07-20,San Joaquin,077,732212,76014,75198,3908,79106,1433
2021-07-20,San Luis Obispo,079,281455,21852,21556,803,22359,259
2021-07-20,San Mateo,081,765935,44235,43670,555,44225,542
2021-07-20,Santa Barbara,083,443738,35787,34935,1254,36189,462
2021-07-20,Santa Clara,085,1922200,122083,120704,845,121549,2098
2021-07-20,Santa Cruz,087,273765,16547,16399,860,17259,207
2021-07-20,Shasta,089,179085,12862,12734,1757,14491,211
2021-07-20,Sierra,091,2930,66,64,14,78,0
2021-07-20,Siskiyou,093,43540,2033,1931,429,2360,31
2021-07-20,Solano,095,438530,34917,34337,673,35010,258
2021-07-20,Sonoma,097,501317,32243,31763,385,32148,326
2021-07-20,Stanislaus,099,539301,58412,57706,6364,64070,1028
2021-07-20,Sutter,101,95872,9975,9854,103,9957,114
2021-07-20,Tehama,103,63373,5203,5153,618,5771,65
2021-07-20,Trinity,105,12862,475,344,96,440,3
2021-07-20,Tulare,107,460477,50651,50047,9710,59757,854
2021-07-20,Tuolumne,109,53932,4255,4156,42,4198,64
2021-07-20,Ventura,111,848112,83227,82504,3401,85905,1041
2021-07-20,Yolo,113,214977,14681,14495,447,14942,213
2021-07-20,Yuba,115,75493,6514,6393,134,6527,52
2021-07-19,Alameda,001,1643700,93768,92357,2215,94572,1256
2021-07-19,Alpine,003,1148,89,89,0,89,0
2021-07-19,Amador,005,37829,3843,3802,34,3836,48
2021-07-19,Butte,007,227075,13118,12901,1995,14896,202
2021-07-19,Calaveras,009,45235,2269,2245,16,2261,57
2021-07-19,Colusa,011,21464,2002,1981,343,2324,16
2021-07-19,Contra Costa,013,1133247,74260,72935,1466,74401,825
2021-07-19,Del Norte,015,27424,1533,1484,15,1499,8
2021-07-19,El Dorado,017,186661,10882,10703,834,11537,114
2021-07-19,Fresno,019,978130,104687,103350,9199,112549,1731
2021-07-19,Glenn,021,27897,2467,2452,588,3040,20
2021-07-19,Humboldt,023,135768,4828,4719,60,4779,52
2021-07-19,Imperial,025,180216,29086,28888,2872,31760,742
2021-07-19,Inyo,027,18085,1428,1417,22,1439,36
2021-07-19,Kern,029,883053,98972,97999,11812,109811,1349
2021-07-19,Kings,031,150075,23536,23221,1189,24410,246
2021-07-19,Lake,033,64148,4016,3848,14,3862,64
2021-07-19,Lassen,035,31185,5318,5305,122,5427,21
2021-07-19,Los Angeles,037,10098052,1237684,1225946,45006,1270952,24600
2021-07-19,Madera,039,155013,17054,16846,1002,17848,244
2021-07-19,Marin,041,260295,14586,14369,292,14661,234
2021-07-19,Mariposa,043,17540,449,447,12,459,5
2021-07-19,Mendocino,045,87422,4370,4251,84,4335,49
2021-07-19,Merced,047,269075,31709,31565,1036,32601,472
2021-07-19,Modoc,049,8938,422,413,149,562,5
2021-07-19,Mono,051,14174,1268,1280,15,1295,3
2021-07-19,Monterey,053,433212,43641,43436,1986,45422,515
2021-07-19,Napa,055,140530,10301,10180,42,10222,81
2021-07-19,Nevada,057,99092,5257,5133,204,5337,72
2021-07-19,Orange,059,3164182,261994,258927,12161,271088,5138
2021-07-19,Placer,061,380077,24723,24359,1780,26139,303
2021-07-19,Plumas,063,18699,746,730,15,745,4
2021-07-19,Riverside,065,2383286,298606,295736,14697,310433,4543
2021-07-19,Sacramento,067,1510023,112967,111470,2134,113604,1696
2021-07-19,San Benito,069,59416,6210,6193,119,6312,63
2021-07-19,San Bernardino,071,2135413,299207,296929,9483,306412,5235
2021-07-19,San Diego,073,3302833,290737,287695,16431,304126,3786
2021-07-19,San Francisco,075,870044,39249,38463,1449,39912,560
2021-07-19,San Joaquin,077,732212,75848,75086,3902,78988,1431
2021-07-19,San Luis Obispo,079,281455,21807,21531,799,22330,259
2021-07-19,San Mateo,081,765935,44090,43563,546,44109,542
2021-07-19,Santa Barbara,083,443738,35714,34904,1252,36156,461
2021-07-19,Santa Clara,085,1922200,121825,120554,844,121398,2098
2021-07-19,Santa Cruz,087,273765,16531,16387,860,17247,207
2021-07-19,Shasta,089,179085,12844,12723,1755,14478,209
2021-07-19,Sierra,091,2930,65,64,14,78,0
2021-07-19,Siskiyou,093,43540,2028,1927,427,2354,31
2021-07-19,Solano,095,438530,34744,34262,662,34924,261
2021-07-19,Sonoma,097,501317,32122,31713,384,32097,325
2021-07-19,Stanislaus,099,539301,58309,57644,6353,63997,1027
2021-07-19,Sutter,101,95872,9959,9834,103,9937,114
2021-07-19,Tehama,103,63373,5197,5152,616,5768,65
2021-07-19,Trinity,105,12862,475,344,95,439,3
2021-07-19,Tulare,107,460477,50606,49994,9692,59686,855
2021-07-19,Tuolumne,109,53932,4245,4151,42,4193,64
2021-07-19,Ventura,111,848112,83131,82409,3379,85788,1041
2021-07-19,Yolo,113,214977,14650,14439,445,14884,213
2021-07-19,Yuba,115,75493,6490,6370,134,6504,52
2021-07-18,Alameda,001,1643700,93417,92162,2201,94363,1256
2021-07-18,Alpine,003,1148,89,89,0,89,0
2021-07-18,Amador,005,37829,3832,3799,34,3833,48
2021-07-18,Butte,007,227075,13075,12888,1990,14878,202
2021-07-18,Calaveras,009,45235,2268,2243,16,2259,57
2021-07-18,Colusa,011,21464,2002,1981,342,2323,16
2021-07-18,Contra Costa,013,1133247,73945,72849,1448,74297,825
2021-07-18,Del Norte,015,27424,1524,1482,15,1497,8
2021-07-18,El Dorado,017,186661,10844,10687,826,11513,114
2021-07-18,Fresno,019,978130,104534,103298,9181,112479,1731
2021-07-18,Glenn,021,27897,2466,2452,587,3039,20
2021-07-18,Humboldt,023,135768,4792,4714,60,4774,52
2021-07-18,Imperial,025,180216,29049,28877,2871,31748,742
2021-07-18,Inyo,027,18085,1424,1417,22,1439,36
2021-07-18,Kern,029,883053,98846,97963,11770,109733,1349
2021-07-18,Kings,031,150075,23515,23203,1185,24388,246
2021-07-18,Lake,033,64148,3980,3825,14,3839,64
2021-07-18,Lassen,035,31185,5318,5305,122,5427,21
2021-07-18,Los Angeles,037,10098052,1235014,1224691,44828,1269519,24598
2021-07-18,Madera,039,155013,17029,16838,998,17836,244
2021-07-18,Marin,041,260295,14550,14358,290,14648,234
2021-07-18,Mariposa,043,17540,448,447,12,459,5
2021-07-18,Mendocino,045,87422,4350,4246,84,4330,49
2021-07-18,Merced,047,269075,31678,31537,1034,32571,471
2021-07-18,Modoc,049,8938,422,413,149,562,5
2021-07-18,Mono,051,14174,1267,1280,15,1295,3
2021-07-18,Monterey,053,433212,43623,43422,1977,45399,515
2021-07-18,Napa,055,140530,10284,10174,39,10213,81
2021-07-18,Nevada,057,99092,5231,5124,204,5328,72
2021-07-18,Orange,059,3164182,261510,258724,12131,270855,5138
2021-07-18,Placer,061,380077,24656,24313,1753,26066,303
2021-07-18,Plumas,063,18699,746,730,15,745,4
2021-07-18,Riverside,065,2383286,298114,295522,14656,310178,4543
2021-07-18,Sacramento,067,1510023,112536,111255,2102,113357,1696
2021-07-18,San Benito,069,59416,6202,6191,119,6310,63
2021-07-18,San Bernardino,071,2135413,298734,296739,9467,306206,5233
2021-07-18,San Diego,073,3302833,289921,286287,16348,302635,3786
2021-07-18,San Francisco,075,870044,39018,38367,1437,39804,560
2021-07-18,San Joaquin,077,732212,75674,74997,3889,78886,1431
2021-07-18,San Luis Obispo,079,281455,21772,21527,796,22323,259
2021-07-18,San Mateo,081,765935,43976,43506,540,44046,542
2021-07-18,Santa Barbara,083,443738,35649,34880,1250,36130,461
2021-07-18,Santa Clara,085,1922200,121612,120438,836,121274,2098
2021-07-18,Santa Cruz,087,273765,16499,16372,859,17231,207
2021-07-18,Shasta,089,179085,12819,12714,1751,14465,209
2021-07-18,Sierra,091,2930,65,64,14,78,0
2021-07-18,Siskiyou,093,43540,2022,1927,422,2349,31
2021-07-18,Solano,095,438530,34617,34215,658,34873,261
2021-07-18,Sonoma,097,501317,32017,31675,383,32058,325
2021-07-18,Stanislaus,099,539301,58198,57600,6328,63928,1028
2021-07-18,Sutter,101,95872,9927,9826,103,9929,114
2021-07-18,Tehama,103,63373,5194,5150,615,5765,65
2021-07-18,Trinity,105,12862,475,344,95,439,3
2021-07-18,Tulare,107,460477,50553,49985,9669,59654,855
2021-07-18,Tuolumne,109,53932,4227,4149,42,4191,64
2021-07-18,Ventura,111,848112,83017,82361,3354,85715,1041
2021-07-18,Yolo,113,214977,14592,14425,439,14864,213
2021-07-18,Yuba,115,75493,6449,6357,134,6491,52
2021-07-17,Alameda,001,1643700,93195,91346,2189,93535,1255
2021-07-17,Alpine,003,1148,89,89,0,89,0
2021-07-17,Amador,005,37829,3823,3785,34,3819,48
2021-07-17,Butte,007,227075,13061,12824,1985,14809,202
2021-07-17,Calaveras,009,45235,2262,2237,16,2253,57
2021-07-17,Colusa,011,21464,1999,1976,342,2318,16
2021-07-17,Contra Costa,013,1133247,73765,72254,1434,73688,824
2021-07-17,Del Norte,015,27424,1516,1475,15,1490,8
2021-07-17,El Dorado,017,186661,10817,10622,822,11444,114
2021-07-17,Fresno,019,978130,104462,103055,9168,112223,1730
2021-07-17,Glenn,021,27897,2465,2451,587,3038,20
2021-07-17,Humboldt,023,135768,4779,4654,59,4713,52
2021-07-17,Imperial,025,180216,29033,28840,2871,31711,742
2021-07-17,Inyo,027,18085,1424,1416,22,1438,36
2021-07-17,Kern,029,883053,98789,97796,11733,109529,1348
2021-07-17,Kings,031,150075,23495,23163,1184,24347,246
2021-07-17,Lake,033,64148,3955,3760,14,3774,64
2021-07-17,Lassen,035,31185,5318,5302,122,5424,21
2021-07-17,Los Angeles,037,10098052,1233508,1219733,44683,1264416,24582
2021-07-17,Madera,039,155013,17021,16804,998,17802,240
2021-07-17,Marin,041,260295,14532,14297,288,14585,234
2021-07-17,Mariposa,043,17540,448,445,12,457,5
2021-07-17,Mendocino,045,87422,4338,4209,84,4293,49
2021-07-17,Merced,047,269075,31657,31451,1030,32481,471
2021-07-17,Modoc,049,8938,422,412,149,561,5
2021-07-17,Mono,051,14174,1265,1277,15,1292,3
2021-07-17,Monterey,053,433212,43600,43367,1971,45338,515
2021-07-17,Napa,055,140530,10268,10129,39,10168,81
2021-07-17,Nevada,057,99092,5216,5066,204,5270,72
2021-07-17,Orange,059,3164182,261200,257805,12092,269897,5136
2021-07-17,Placer,061,380077,24589,24169,1739,25908,303
2021-07-17,Plumas,063,18699,741,721,15,736,4
2021-07-17,Riverside,065,2383286,297807,294751,14624,309375,4542
2021-07-17,Sacramento,067,1510023,112300,110432,2080,112512,1694
2021-07-17,San Benito,069,59416,6196,6181,119,6300,63
2021-07-17,San Bernardino,071,2135413,298500,296048,9448,305496,5218
2021-07-17,San Diego,073,3302833,289514,285698,16281,301979,3786
2021-07-17,San Francisco,075,870044,38897,37978,1433,39411,560
2021-07-17,San Joaquin,077,732212,75588,74695,3881,78576,1430
2021-07-17,San Luis Obispo,079,281455,21745,21462,796,22258,258
2021-07-17,San Mateo,081,765935,43906,43324,538,43862,542
2021-07-17,Santa Barbara,083,443738,35608,34769,1247,36016,461
2021-07-17,Santa Clara,085,1922200,121440,119980,833,120813,2097
2021-07-17,Santa Cruz,087,273765,16492,16337,859,17196,207
2021-07-17,Shasta,089,179085,12804,12683,1746,14429,210
2021-07-17,Sierra,091,2930,65,62,14,76,0
2021-07-17,Siskiyou,093,43540,2017,1922,419,2341,29
2021-07-17,Solano,095,438530,34552,34015,650,34665,263
2021-07-17,Sonoma,097,501317,31950,31536,382,31918,322
2021-07-17,Stanislaus,099,539301,58120,57400,6314,63714,1028
2021-07-17,Sutter,101,95872,9917,9778,103,9881,114
2021-07-17,Tehama,103,63373,5191,5145,615,5760,64
2021-07-17,Trinity,105,12862,474,341,95,436,3
2021-07-17,Tulare,107,460477,50532,49937,9657,59594,854
2021-07-17,Tuolumne,109,53932,4217,4131,42,4173,64
2021-07-17,Ventura,111,848112,82949,82125,3343,85468,1041
2021-07-17,Yolo,113,214977,14561,14356,432,14788,213
2021-07-17,Yuba,115,75493,6438,6309,134,6443,52
2021-07-16,Alameda,001,1643700,92961,91346,2177,93523,1255
2021-07-16,Alpine,003,1148,89,89,0,89,0
2021-07-16,Amador,005,37829,3820,3785,34,3819,48
2021-07-16,Butte,007,227075,13036,12824,1982,14806,202
2021-07-16,Calaveras,009,45235,2262,2237,16,2253,57
2021-07-16,Colusa,011,21464,1997,1976,341,2317,16
2021-07-16,Contra Costa,013,1133247,73578,72254,1429,73683,824
2021-07-16,Del Norte,015,27424,1514,1475,15,1490,8
2021-07-16,El Dorado,017,186661,10798,10622,821,11443,114
2021-07-16,Fresno,019,978130,104410,103055,9149,112204,1730
2021-07-16,Glenn,021,27897,2465,2451,587,3038,20
2021-07-16,Humboldt,023,135768,4757,4654,59,4713,52
2021-07-16,Imperial,025,180216,29021,28840,2871,31711,742
2021-07-16,Inyo,027,18085,1422,1416,22,1438,36
2021-07-16,Kern,029,883053,98727,97796,11692,109488,1348
2021-07-16,Kings,031,150075,23470,23163,1182,24345,246
2021-07-16,Lake,033,64148,3928,3760,14,3774,64
2021-07-16,Lassen,035,31185,5317,5302,122,5424,21
2021-07-16,Los Angeles,037,10098052,1232015,1219733,44540,1264273,24582
2021-07-16,Madera,039,155013,17003,16804,998,17802,240
2021-07-16,Marin,041,260295,14508,14297,285,14582,234
2021-07-16,Mariposa,043,17540,448,445,12,457,5
2021-07-16,Mendocino,045,87422,4329,4209,83,4292,49
2021-07-16,Merced,047,269075,31635,31451,1028,32479,471
2021-07-16,Modoc,049,8938,422,412,149,561,5
2021-07-16,Mono,051,14174,1264,1277,15,1292,3
2021-07-16,Monterey,053,433212,43578,43367,1970,45337,515
2021-07-16,Napa,055,140530,10244,10129,38,10167,81
2021-07-16,Nevada,057,99092,5206,5066,204,5270,72
2021-07-16,Orange,059,3164182,260927,257805,12052,269857,5136
2021-07-16,Placer,061,380077,24536,24169,1734,25903,303
2021-07-16,Plumas,063,18699,740,721,15,736,4
2021-07-16,Riverside,065,2383286,297530,294751,14599,309350,4542
2021-07-16,Sacramento,067,1510023,112083,110432,2067,112499,1694
2021-07-16,San Benito,069,59416,6194,6181,119,6300,63
2021-07-16,San Bernardino,071,2135413,298222,296048,9431,305479,5218
2021-07-16,San Diego,073,3302833,289068,285698,16234,301932,3786
2021-07-16,San Francisco,075,870044,38780,37978,1428,39406,560
2021-07-16,San Joaquin,077,732212,75493,74695,3878,78573,1430
2021-07-16,San Luis Obispo,079,281455,21728,21462,796,22258,258
2021-07-16,San Mateo,081,765935,43853,43324,537,43861,542
2021-07-16,Santa Barbara,083,443738,35570,34769,1247,36016,461
2021-07-16,Santa Clara,085,1922200,121293,119980,825,120805,2097
2021-07-16,Santa Cruz,087,273765,16479,16337,859,17196,207
2021-07-16,Shasta,089,179085,12794,12683,1745,14428,210
2021-07-16,Sierra,091,2930,65,62,14,76,0
2021-07-16,Siskiyou,093,43540,2015,1922,417,2339,29
2021-07-16,Solano,095,438530,34485,34015,642,34657,263
2021-07-16,Sonoma,097,501317,31898,31536,379,31915,322
2021-07-16,Stanislaus,099,539301,58071,57400,6302,63702,1028
2021-07-16,Sutter,101,95872,9905,9778,103,9881,114
2021-07-16,Tehama,103,63373,5189,5145,615,5760,64
2021-07-16,Trinity,105,12862,474,341,94,435,3
2021-07-16,Tulare,107,460477,50508,49937,9647,59584,854
2021-07-16,Tuolumne,109,53932,4211,4131,42,4173,64
2021-07-16,Ventura,111,848112,82884,82125,3336,85461,1041
2021-07-16,Yolo,113,214977,14535,14356,428,14784,213
2021-07-16,Yuba,115,75493,6416,6309,133,6442,52
2021-07-15,Alameda,001,1643700,92664,91346,2168,93514,1255
2021-07-15,Alpine,003,1148,89,89,0,89,0
2021-07-15,Amador,005,37829,3817,3785,34,3819,48
2021-07-15,Butte,007,227075,13010,12824,1980,14804,202
2021-07-15,Calaveras,009,45235,2260,2237,16,2253,57
2021-07-15,Colusa,011,21464,1996,1976,340,2316,16
2021-07-15,Contra Costa,013,1133247,73365,72254,1421,73675,824
2021-07-15,Del Norte,015,27424,1511,1475,15,1490,8
2021-07-15,El Dorado,017,186661,10771,10622,819,11441,114
2021-07-15,Fresno,019,978130,104314,103055,9128,112183,1730
2021-07-15,Glenn,021,27897,2465,2451,587,3038,20
2021-07-15,Humboldt,023,135768,4739,4654,58,4712,52
2021-07-15,Imperial,025,180216,28998,28840,2871,31711,742
2021-07-15,Inyo,027,18085,1422,1416,22,1438,36
2021-07-15,Kern,029,883053,98657,97796,11664,109460,1348
2021-07-15,Kings,031,150075,23432,23163,1179,24342,246
2021-07-15,Lake,033,64148,3889,3760,14,3774,64
2021-07-15,Lassen,035,31185,5316,5302,122,5424,21
2021-07-15,Los Angeles,037,10098052,1230046,1219733,44378,1264111,24582
2021-07-15,Madera,039,155013,16981,16804,994,17798,240
2021-07-15,Marin,041,260295,14484,14297,285,14582,234
2021-07-15,Mariposa,043,17540,448,445,12,457,5
2021-07-15,Mendocino,045,87422,4321,4209,82,4291,49
2021-07-15,Merced,047,269075,31605,31451,1028,32479,471
2021-07-15,Modoc,049,8938,422,412,149,561,5
2021-07-15,Mono,051,14174,1264,1277,15,1292,3
2021-07-15,Monterey,053,433212,43549,43367,1967,45334,515
2021-07-15,Napa,055,140530,10219,10129,37,10166,81
2021-07-15,Nevada,057,99092,5188,5066,203,5269,72
2021-07-15,Orange,059,3164182,260575,257805,12020,269825,5136
2021-07-15,Placer,061,380077,24477,24169,1717,25886,303
2021-07-15,Plumas,063,18699,739,721,15,736,4
2021-07-15,Riverside,065,2383286,297207,294751,14584,309335,4542
2021-07-15,Sacramento,067,1510023,111779,110432,2049,112481,1694
2021-07-15,San Benito,069,59416,6192,6181,119,6300,63
2021-07-15,San Bernardino,071,2135413,297917,296048,9416,305464,5218
2021-07-15,San Diego,073,3302833,288435,285698,16158,301856,3786
2021-07-15,San Francisco,075,870044,38629,37978,1419,39397,560
2021-07-15,San Joaquin,077,732212,75376,74695,3873,78568,1430
2021-07-15,San Luis Obispo,079,281455,21696,21462,796,22258,258
2021-07-15,San Mateo,081,765935,43749,43324,533,43857,542
2021-07-15,Santa Barbara,083,443738,35517,34769,1246,36015,461
2021-07-15,Santa Clara,085,1922200,121171,119980,822,120802,2097
2021-07-15,Santa Cruz,087,273765,16466,16337,859,17196,207
2021-07-15,Shasta,089,179085,12786,12683,1740,14423,210
2021-07-15,Sierra,091,2930,65,62,14,76,0
2021-07-15,Siskiyou,093,43540,2014,1922,417,2339,29
2021-07-15,Solano,095,438530,34410,34015,636,34651,263
2021-07-15,Sonoma,097,501317,31837,31536,379,31915,322
2021-07-15,Stanislaus,099,539301,58003,57400,6289,63689,1028
2021-07-15,Sutter,101,95872,9885,9778,102,9880,114
2021-07-15,Tehama,103,63373,5183,5145,614,5759,64
2021-07-15,Trinity,105,12862,474,341,94,435,3
2021-07-15,Tulare,107,460477,50487,49937,9630,59567,854
2021-07-15,Tuolumne,109,53932,4199,4131,42,4173,64
2021-07-15,Ventura,111,848112,82807,82125,3331,85456,1041
2021-07-15,Yolo,113,214977,14508,14356,427,14783,213
2021-07-15,Yuba,115,75493,6401,6309,132,6441,52
2021-07-14,Alameda,001,1643700,92403,91092,2149,93241,1255
2021-07-14,Alpine,003,1148,89,89,0,89,0
2021-07-14,Amador,005,37829,3809,3784,34,3818,48
2021-07-14,Butte,007,227075,12983,12813,1973,14786,202
2021-07-14,Calaveras,009,45235,2252,2234,16,2250,57
2021-07-14,Colusa,011,21464,1993,1974,340,2314,16
2021-07-14,Contra Costa,013,1133247,73140,72091,1408,73499,823
2021-07-14,Del Norte,015,27424,1510,1472,15,1487,8
2021-07-14,El Dorado,017,186661,10745,10598,816,11414,114
2021-07-14,Fresno,019,978130,104235,102966,9117,112083,1728
2021-07-14,Glenn,021,27897,2465,2449,587,3036,20
2021-07-14,Humboldt,023,135768,4716,4644,56,4700,52
2021-07-14,Imperial,025,180216,28969,28822,2871,31693,742
2021-07-14,Inyo,027,18085,1421,1415,22,1437,36
2021-07-14,Kern,029,883053,98594,97736,11638,109374,1346
2021-07-14,Kings,031,150075,23419,23142,1179,24321,246
2021-07-14,Lake,033,64148,3856,3739,14,3753,63
2021-07-14,Lassen,035,31185,5315,5298,122,5420,21
2021-07-14,Los Angeles,037,10098052,1228045,1218265,44230,1262495,24578
2021-07-14,Madera,039,155013,16969,16786,992,17778,240
2021-07-14,Marin,041,260295,14450,14269,283,14552,233
2021-07-14,Mariposa,043,17540,446,445,12,457,5
2021-07-14,Mendocino,045,87422,4308,4193,82,4275,49
2021-07-14,Merced,047,269075,31568,31412,1025,32437,471
2021-07-14,Modoc,049,8938,422,412,149,561,4
2021-07-14,Mono,051,14174,1264,1278,15,1293,3
2021-07-14,Monterey,053,433212,43525,43347,1965,45312,504
2021-07-14,Napa,055,140530,10197,10121,37,10158,81
2021-07-14,Nevada,057,99092,5169,5058,203,5261,72
2021-07-14,Orange,059,3164182,260260,257558,11991,269549,5137
2021-07-14,Placer,061,380077,24424,24125,1705,25830,303
2021-07-14,Plumas,063,18699,732,719,15,734,4
2021-07-14,Riverside,065,2383286,296882,294511,14567,309078,4542
2021-07-14,Sacramento,067,1510023,111452,110193,2025,112218,1688
2021-07-14,San Benito,069,59416,6189,6177,119,6296,63
2021-07-14,San Bernardino,071,2135413,297616,295820,9401,305221,5193
2021-07-14,San Diego,073,3302833,287863,285269,16080,301349,3786
2021-07-14,San Francisco,075,870044,38490,37836,1412,39248,559
2021-07-14,San Joaquin,077,732212,75284,74599,3864,78463,1416
2021-07-14,San Luis Obispo,079,281455,21674,21444,794,22238,258
2021-07-14,San Mateo,081,765935,43652,43249,529,43778,542
2021-07-14,Santa Barbara,083,443738,35477,34719,1244,35963,461
2021-07-14,Santa Clara,085,1922200,121021,119844,819,120663,2098
2021-07-14,Santa Cruz,087,273765,16452,16326,859,17185,207
2021-07-14,Shasta,089,179085,12766,12669,1737,14406,209
2021-07-14,Sierra,091,2930,65,62,14,76,0
2021-07-14,Siskiyou,093,43540,2007,1922,414,2336,29
2021-07-14,Solano,095,438530,34337,33948,636,34584,268
2021-07-14,Sonoma,097,501317,31785,31470,379,31849,322
2021-07-14,Stanislaus,099,539301,57928,57340,6277,63617,1028
2021-07-14,Sutter,101,95872,9862,9766,102,9868,114
2021-07-14,Tehama,103,63373,5181,5142,614,5756,64
2021-07-14,Trinity,105,12862,474,341,94,435,3
2021-07-14,Tulare,107,460477,50470,49908,9616,59524,853
2021-07-14,Tuolumne,109,53932,4196,4128,41,4169,64
2021-07-14,Ventura,111,848112,82713,82041,3320,85361,1040
2021-07-14,Yolo,113,214977,14475,14332,424,14756,213
2021-07-14,Yuba,115,75493,6383,6294,132,6426,52
2021-07-13,Alameda,001,1643700,92136,90874,2138,93012,1255
2021-07-13,Alpine,003,1148,89,89,0,89,0
2021-07-13,Amador,005,37829,3802,3783,34,3817,48
2021-07-13,Butte,007,227075,12970,12802,1971,14773,202
2021-07-13,Calaveras,009,45235,2248,2230,16,2246,57
2021-07-13,Colusa,011,21464,1991,1972,336,2308,16
2021-07-13,Contra Costa,013,1133247,72915,71963,1399,73362,823
2021-07-13,Del Norte,015,27424,1506,1471,15,1486,8
2021-07-13,El Dorado,017,186661,10727,10581,813,11394,114
2021-07-13,Fresno,019,978130,104159,102909,9108,112017,1727
2021-07-13,Glenn,021,27897,2463,2448,587,3035,20
2021-07-13,Humboldt,023,135768,4701,4634,56,4690,51
2021-07-13,Imperial,025,180216,28958,28792,2871,31663,741
2021-07-13,Inyo,027,18085,1420,1415,22,1437,36
2021-07-13,Kern,029,883053,98505,97698,11599,109297,1346
2021-07-13,Kings,031,150075,23401,23132,1179,24311,246
2021-07-13,Lake,033,64148,3829,3719,13,3732,63
2021-07-13,Lassen,035,31185,5313,5292,122,5414,21
2021-07-13,Los Angeles,037,10098052,1226206,1217184,44057,1261241,24569
2021-07-13,Madera,039,155013,16960,16773,988,17761,240
2021-07-13,Marin,041,260295,14421,14254,282,14536,233
2021-07-13,Mariposa,043,17540,445,443,12,455,5
2021-07-13,Mendocino,045,87422,4301,4185,82,4267,49
2021-07-13,Merced,047,269075,31547,31379,1022,32401,471
2021-07-13,Modoc,049,8938,422,411,149,560,4
2021-07-13,Mono,051,14174,1263,1277,15,1292,3
2021-07-13,Monterey,053,433212,43507,43333,1961,45294,504
2021-07-13,Napa,055,140530,10176,10118,37,10155,81
2021-07-13,Nevada,057,99092,5144,5053,203,5256,72
2021-07-13,Orange,059,3164182,259928,257339,11961,269300,5136
2021-07-13,Placer,061,380077,24378,24091,1692,25783,303
2021-07-13,Plumas,063,18699,731,716,15,731,4
2021-07-13,Riverside,065,2383286,296559,294302,14541,308843,4541
2021-07-13,Sacramento,067,1510023,111142,109990,2003,111993,1687
2021-07-13,San Benito,069,59416,6187,6173,119,6292,63
2021-07-13,San Bernardino,071,2135413,297340,295596,9379,304975,5183
2021-07-13,San Diego,073,3302833,287321,284997,16001,300998,3785
2021-07-13,San Francisco,075,870044,38347,37725,1405,39130,559
2021-07-13,San Joaquin,077,732212,75168,74500,3861,78361,1417
2021-07-13,San Luis Obispo,079,281455,21648,21423,791,22214,258
2021-07-13,San Mateo,081,765935,43584,43180,528,43708,542
2021-07-13,Santa Barbara,083,443738,35428,34679,1241,35920,461
2021-07-13,Santa Clara,085,1922200,120867,119727,815,120542,2098
2021-07-13,Santa Cruz,087,273765,16443,16315,857,17172,207
2021-07-13,Shasta,089,179085,12753,12659,1730,14389,209
2021-07-13,Sierra,091,2930,65,62,14,76,0
2021-07-13,Siskiyou,093,43540,2006,1916,412,2328,29
2021-07-13,Solano,095,438530,34273,33918,630,34548,268
2021-07-13,Sonoma,097,501317,31726,31431,379,31810,322
2021-07-13,Stanislaus,099,539301,57859,57282,6263,63545,1028
2021-07-13,Sutter,101,95872,9844,9752,101,9853,114
2021-07-13,Tehama,103,63373,5174,5144,614,5758,64
2021-07-13,Trinity,105,12862,474,341,93,434,3
2021-07-13,Tulare,107,460477,50446,49891,9600,59491,853
2021-07-13,Tuolumne,109,53932,4188,4122,40,4162,64
2021-07-13,Ventura,111,848112,82629,81982,3295,85277,1040
2021-07-13,Yolo,113,214977,14447,14320,417,14737,213
2021-07-13,Yuba,115,75493,6366,6279,132,6411,52
2021-07-12,Alameda,001,1643700,91880,90720,2130,92850,1254
2021-07-12,Alpine,003,1148,89,89,0,89,0
2021-07-12,Amador,005,37829,3795,3781,34,3815,47
2021-07-12,Butte,007,227075,12950,12796,1969,14765,202
2021-07-12,Calaveras,009,45235,2246,2228,16,2244,57
2021-07-12,Colusa,011,21464,1987,1971,335,2306,16
2021-07-12,Contra Costa,013,1133247,72713,71833,1394,73227,823
2021-07-12,Del Norte,015,27424,1503,1469,15,1484,8
2021-07-12,El Dorado,017,186661,10699,10569,811,11380,114
2021-07-12,Fresno,019,978130,104066,102853,9096,111949,1728
2021-07-12,Glenn,021,27897,2463,2446,587,3033,20
2021-07-12,Humboldt,023,135768,4685,4621,56,4677,51
2021-07-12,Imperial,025,180216,28928,28789,2871,31660,741
2021-07-12,Inyo,027,18085,1420,1415,22,1437,36
2021-07-12,Kern,029,883053,98436,97660,11574,109234,1346
2021-07-12,Kings,031,150075,23381,23124,1177,24301,246
2021-07-12,Lake,033,64148,3808,3706,13,3719,63
2021-07-12,Lassen,035,31185,5312,5292,122,5414,21
2021-07-12,Los Angeles,037,10098052,1224428,1216230,43917,1260147,24559
2021-07-12,Madera,039,155013,16949,16772,988,17760,240
2021-07-12,Marin,041,260295,14396,14238,281,14519,233
2021-07-12,Mariposa,043,17540,445,442,12,454,5
2021-07-12,Mendocino,045,87422,4290,4175,82,4257,49
2021-07-12,Merced,047,269075,31516,31374,1021,32395,471
2021-07-12,Modoc,049,8938,421,411,149,560,4
2021-07-12,Mono,051,14174,1261,1275,15,1290,3
2021-07-12,Monterey,053,433212,43486,43315,1957,45272,504
2021-07-12,Napa,055,140530,10158,10104,36,10140,81
2021-07-12,Nevada,057,99092,5121,5046,203,5249,72
2021-07-12,Orange,059,3164182,259578,257171,11936,269107,5136
2021-07-12,Placer,061,380077,24327,24052,1686,25738,302
2021-07-12,Plumas,063,18699,731,716,15,731,4
2021-07-12,Riverside,065,2383286,296251,294108,14510,308618,4541
2021-07-12,Sacramento,067,1510023,110927,109849,1977,111826,1685
2021-07-12,San Benito,069,59416,6184,6166,119,6285,63
2021-07-12,San Bernardino,071,2135413,297069,295447,9365,304812,5171
2021-07-12,San Diego,073,3302833,286857,284648,15925,300573,3785
2021-07-12,San Francisco,075,870044,38200,37656,1401,39057,559
2021-07-12,San Joaquin,077,732212,75073,74424,3851,78275,1415
2021-07-12,San Luis Obispo,079,281455,21629,21408,790,22198,258
2021-07-12,San Mateo,081,765935,43491,43138,521,43659,542
2021-07-12,Santa Barbara,083,443738,35386,34664,1239,35903,461
2021-07-12,Santa Clara,085,1922200,120702,119634,812,120446,2098
2021-07-12,Santa Cruz,087,273765,16418,16310,856,17166,207
2021-07-12,Shasta,089,179085,12745,12648,1727,14375,208
2021-07-12,Sierra,091,2930,65,62,14,76,0
2021-07-12,Siskiyou,093,43540,2001,1916,407,2323,29
2021-07-12,Solano,095,438530,34183,33859,621,34480,268
2021-07-12,Sonoma,097,501317,31678,31377,378,31755,322
2021-07-12,Stanislaus,099,539301,57786,57243,6256,63499,1028
2021-07-12,Sutter,101,95872,9827,9736,100,9836,114
2021-07-12,Tehama,103,63373,5169,5138,613,5751,63
2021-07-12,Trinity,105,12862,470,340,91,431,3
2021-07-12,Tulare,107,460477,50418,49882,9587,59469,853
2021-07-12,Tuolumne,109,53932,4184,4116,40,4156,64
2021-07-12,Ventura,111,848112,82528,81919,3274,85193,1040
2021-07-12,Yolo,113,214977,14418,14303,413,14716,213
2021-07-12,Yuba,115,75493,6351,6266,132,6398,52
2021-07-11,Alameda,001,1643700,91552,90597,2115,92712,1254
2021-07-11,Alpine,003,1148,89,89,0,89,0
2021-07-11,Amador,005,37829,3793,3779,34,3813,47
2021-07-11,Butte,007,227075,12928,12794,1962,14756,202
2021-07-11,Calaveras,009,45235,2238,2226,15,2241,57
2021-07-11,Colusa,011,21464,1986,1971,334,2305,16
2021-07-11,Contra Costa,013,1133247,72503,71744,1387,73131,823
2021-07-11,Del Norte,015,27424,1499,1467,14,1481,8
2021-07-11,El Dorado,017,186661,10670,10554,809,11363,114
2021-07-11,Fresno,019,978130,103971,102813,9077,111890,1728
2021-07-11,Glenn,021,27897,2462,2446,587,3033,20
2021-07-11,Humboldt,023,135768,4672,4611,55,4666,51
2021-07-11,Imperial,025,180216,28910,28787,2870,31657,741
2021-07-11,Inyo,027,18085,1418,1415,22,1437,36
2021-07-11,Kern,029,883053,98363,97637,11558,109195,1346
2021-07-11,Kings,031,150075,23350,23116,1174,24290,246
2021-07-11,Lake,033,64148,3777,3699,13,3712,63
2021-07-11,Lassen,035,31185,5309,5291,122,5413,21
2021-07-11,Los Angeles,037,10098052,1222684,1215182,43757,1258939,24558
2021-07-11,Madera,039,155013,16930,16766,987,17753,240
2021-07-11,Marin,041,260295,14370,14231,281,14512,233
2021-07-11,Mariposa,043,17540,444,442,12,454,5
2021-07-11,Mendocino,045,87422,4270,4167,82,4249,49
2021-07-11,Merced,047,269075,31492,31366,1016,32382,471
2021-07-11,Modoc,049,8938,420,411,149,560,4
2021-07-11,Mono,051,14174,1261,1275,15,1290,3
2021-07-11,Monterey,053,433212,43468,43307,1952,45259,504
2021-07-11,Napa,055,140530,10154,10100,36,10136,81
2021-07-11,Nevada,057,99092,5110,5035,202,5237,72
2021-07-11,Orange,059,3164182,259265,257009,11907,268916,5136
2021-07-11,Placer,061,380077,24270,24017,1674,25691,302
2021-07-11,Plumas,063,18699,731,716,15,731,4
2021-07-11,Riverside,065,2383286,295987,293969,14492,308461,4541
2021-07-11,Sacramento,067,1510023,110649,109696,1967,111663,1685
2021-07-11,San Benito,069,59416,6179,6163,119,6282,63
2021-07-11,San Bernardino,071,2135413,296764,295342,9340,304682,5167
2021-07-11,San Diego,073,3302833,286444,283819,15839,299658,3784
2021-07-11,San Francisco,075,870044,38072,37596,1395,38991,559
2021-07-11,San Joaquin,077,732212,74957,74376,3834,78210,1415
2021-07-11,San Luis Obispo,079,281455,21596,21403,789,22192,258
2021-07-11,San Mateo,081,765935,43412,43107,514,43621,542
2021-07-11,Santa Barbara,083,443738,35340,34646,1239,35885,461
2021-07-11,Santa Clara,085,1922200,120548,119549,811,120360,2098
2021-07-11,Santa Cruz,087,273765,16402,16303,856,17159,207
2021-07-11,Shasta,089,179085,12728,12647,1725,14372,208
2021-07-11,Sierra,091,2930,65,62,14,76,0
2021-07-11,Siskiyou,093,43540,1997,1915,405,2320,29
2021-07-11,Solano,095,438530,34101,33837,617,34454,268
2021-07-11,Sonoma,097,501317,31596,31352,378,31730,322
2021-07-11,Stanislaus,099,539301,57713,57230,6245,63475,1028
2021-07-11,Sutter,101,95872,9813,9728,100,9828,114
2021-07-11,Tehama,103,63373,5166,5138,613,5751,63
2021-07-11,Trinity,105,12862,469,340,91,431,3
2021-07-11,Tulare,107,460477,50393,49877,9567,59444,853
2021-07-11,Tuolumne,109,53932,4178,4116,40,4156,64
2021-07-11,Ventura,111,848112,82456,81875,3254,85129,1040
2021-07-11,Yolo,113,214977,14391,14285,406,14691,213
2021-07-11,Yuba,115,75493,6340,6260,132,6392,52
2021-07-10,Alameda,001,1643700,91402,90090,2112,92202,1252
2021-07-10,Alpine,003,1148,89,89,0,89,0
2021-07-10,Amador,005,37829,3787,3773,34,3807,47
2021-07-10,Butte,007,227075,12917,12764,1959,14723,202
2021-07-10,Calaveras,009,45235,2237,2214,15,2229,57
2021-07-10,Colusa,011,21464,1984,1969,334,2303,16
2021-07-10,Contra Costa,013,1133247,72404,71376,1386,72762,821
2021-07-10,Del Norte,015,27424,1497,1451,14,1465,8
2021-07-10,El Dorado,017,186661,10654,10508,805,11313,114
2021-07-10,Fresno,019,978130,103938,102675,9070,111745,1730
2021-07-10,Glenn,021,27897,2459,2440,586,3026,20
2021-07-10,Humboldt,023,135768,4663,4574,55,4629,51
2021-07-10,Imperial,025,180216,28897,28729,2870,31599,741
2021-07-10,Inyo,027,18085,1417,1415,22,1437,36
2021-07-10,Kern,029,883053,98323,97538,11541,109079,1346
2021-07-10,Kings,031,150075,23343,23090,1173,24263,246
2021-07-10,Lake,033,64148,3760,3667,13,3680,63
2021-07-10,Lassen,035,31185,5309,5290,122,5412,21
2021-07-10,Los Angeles,037,10098052,1221666,1212043,43654,1255697,24542
2021-07-10,Madera,039,155013,16924,16744,984,17728,241
2021-07-10,Marin,041,260295,14356,14194,281,14475,233
2021-07-10,Mariposa,043,17540,444,442,12,454,5
2021-07-10,Mendocino,045,87422,4263,4153,81,4234,49
2021-07-10,Merced,047,269075,31479,31328,1016,32344,470
2021-07-10,Modoc,049,8938,420,410,149,559,4
2021-07-10,Mono,051,14174,1261,1275,15,1290,3
2021-07-10,Monterey,053,433212,43454,43251,1950,45201,499
2021-07-10,Napa,055,140530,10142,10077,36,10113,81
2021-07-10,Nevada,057,99092,5101,5000,202,5202,72
2021-07-10,Orange,059,3164182,259092,256438,11891,268329,5135
2021-07-10,Placer,061,380077,24241,23916,1664,25580,302
2021-07-10,Plumas,063,18699,730,717,15,732,4
2021-07-10,Riverside,065,2383286,295801,293474,14478,307952,4541
2021-07-10,Sacramento,067,1510023,110500,109091,1962,111053,1682
2021-07-10,San Benito,069,59416,6174,6141,119,6260,63
2021-07-10,San Bernardino,071,2135413,296576,294932,9328,304260,5117
2021-07-10,San Diego,073,3302833,286154,283577,15786,299363,3783
2021-07-10,San Francisco,075,870044,37987,37338,1391,38729,559
2021-07-10,San Joaquin,077,732212,74900,74150,3828,77978,1412
2021-07-10,San Luis Obispo,079,281455,21585,21375,788,22163,258
2021-07-10,San Mateo,081,765935,43362,42948,512,43460,542
2021-07-10,Santa Barbara,083,443738,35314,34595,1239,35834,460
2021-07-10,Santa Clara,085,1922200,120445,119330,808,120138,2094
2021-07-10,Santa Cruz,087,273765,16395,16286,856,17142,207
2021-07-10,Shasta,089,179085,12715,12623,1720,14343,206
2021-07-10,Sierra,091,2930,65,61,14,75,0
2021-07-10,Siskiyou,093,43540,1995,1909,402,2311,29
2021-07-10,Solano,095,438530,34060,33678,611,34289,268
2021-07-10,Sonoma,097,501317,31545,31231,378,31609,317
2021-07-10,Stanislaus,099,539301,57672,57104,6235,63339,1026
2021-07-10,Sutter,101,95872,9800,9692,100,9792,114
2021-07-10,Tehama,103,63373,5163,5131,613,5744,63
2021-07-10,Trinity,105,12862,469,341,91,432,3
2021-07-10,Tulare,107,460477,50383,49850,9561,59411,853
2021-07-10,Tuolumne,109,53932,4176,4114,40,4154,64
2021-07-10,Ventura,111,848112,82411,81713,3236,84949,1039
2021-07-10,Yolo,113,214977,14370,14250,403,14653,213
2021-07-10,Yuba,115,75493,6330,6238,132,6370,52
2021-07-09,Alameda,001,1643700,91249,90090,2106,92196,1252
2021-07-09,Alpine,003,1148,89,89,0,89,0
2021-07-09,Amador,005,37829,3786,3773,34,3807,47
2021-07-09,Butte,007,227075,12906,12764,1957,14721,202
2021-07-09,Calaveras,009,45235,2235,2214,15,2229,57
2021-07-09,Colusa,011,21464,1983,1969,334,2303,16
2021-07-09,Contra Costa,013,1133247,72279,71376,1385,72761,821
2021-07-09,Del Norte,015,27424,1492,1451,14,1465,8
2021-07-09,El Dorado,017,186661,10639,10508,804,11312,114
2021-07-09,Fresno,019,978130,103882,102675,9063,111738,1730
2021-07-09,Glenn,021,27897,2458,2440,584,3024,20
2021-07-09,Humboldt,023,135768,4644,4574,55,4629,51
2021-07-09,Imperial,025,180216,28889,28729,2869,31598,741
2021-07-09,Inyo,027,18085,1416,1415,22,1437,36
2021-07-09,Kern,029,883053,98285,97538,11529,109067,1346
2021-07-09,Kings,031,150075,23333,23090,1172,24262,246
2021-07-09,Lake,033,64148,3746,3667,13,3680,63
2021-07-09,Lassen,035,31185,5307,5290,121,5411,21
2021-07-09,Los Angeles,037,10098052,1220663,1212043,43581,1255624,24542
2021-07-09,Madera,039,155013,16915,16744,983,17727,241
2021-07-09,Marin,041,260295,14335,14194,280,14474,233
2021-07-09,Mariposa,043,17540,444,442,12,454,5
2021-07-09,Mendocino,045,87422,4256,4153,81,4234,49
2021-07-09,Merced,047,269075,31464,31328,1016,32344,470
2021-07-09,Modoc,049,8938,420,410,149,559,4
2021-07-09,Mono,051,14174,1261,1275,15,1290,3
2021-07-09,Monterey,053,433212,43445,43251,1950,45201,499
2021-07-09,Napa,055,140530,10135,10077,36,10113,81
2021-07-09,Nevada,057,99092,5092,5000,202,5202,72
2021-07-09,Orange,059,3164182,258888,256438,11877,268315,5135
2021-07-09,Placer,061,380077,24219,23916,1658,25574,302
2021-07-09,Plumas,063,18699,728,717,15,732,4
2021-07-09,Riverside,065,2383286,295615,293474,14464,307938,4541
2021-07-09,Sacramento,067,1510023,110347,109091,1953,111044,1682
2021-07-09,San Benito,069,59416,6172,6141,119,6260,63
2021-07-09,San Bernardino,071,2135413,296424,294932,9321,304253,5117
2021-07-09,San Diego,073,3302833,285868,283577,15738,299315,3783
2021-07-09,San Francisco,075,870044,37907,37338,1384,38722,559
2021-07-09,San Joaquin,077,732212,74827,74150,3821,77971,1412
2021-07-09,San Luis Obispo,079,281455,21573,21375,788,22163,258
2021-07-09,San Mateo,081,765935,43316,42948,508,43456,542
2021-07-09,Santa Barbara,083,443738,35295,34595,1238,35833,460
2021-07-09,Santa Clara,085,1922200,120335,119330,808,120138,2094
2021-07-09,Santa Cruz,087,273765,16392,16286,856,17142,207
2021-07-09,Shasta,089,179085,12709,12623,1715,14338,206
2021-07-09,Sierra,091,2930,65,61,14,75,0
2021-07-09,Siskiyou,093,43540,1993,1909,401,2310,29
2021-07-09,Solano,095,438530,34025,33678,607,34285,268
2021-07-09,Sonoma,097,501317,31509,31231,378,31609,317
2021-07-09,Stanislaus,099,539301,57630,57104,6233,63337,1026
2021-07-09,Sutter,101,95872,9791,9692,100,9792,114
2021-07-09,Tehama,103,63373,5161,5131,613,5744,63
2021-07-09,Trinity,105,12862,468,341,88,429,3
2021-07-09,Tulare,107,460477,50370,49850,9555,59405,853
2021-07-09,Tuolumne,109,53932,4173,4114,40,4154,64
2021-07-09,Ventura,111,848112,82356,81713,3227,84940,1039
2021-07-09,Yolo,113,214977,14355,14250,399,14649,213
2021-07-09,Yuba,115,75493,6317,6238,132,6370,52
2021-07-08,Alameda,001,1643700,91039,90090,2101,92191,1252
2021-07-08,Alpine,003,1148,89,89,0,89,0
2021-07-08,Amador,005,37829,3784,3773,34,3807,47
2021-07-08,Butte,007,227075,12893,12764,1954,14718,202
2021-07-08,Calaveras,009,45235,2230,2214,14,2228,57
2021-07-08,Colusa,011,21464,1983,1969,334,2303,16
2021-07-08,Contra Costa,013,1133247,72151,71376,1380,72756,821
2021-07-08,Del Norte,015,27424,1490,1451,14,1465,8
2021-07-08,El Dorado,017,186661,10622,10508,799,11307,114
2021-07-08,Fresno,019,978130,103820,102675,9052,111727,1730
2021-07-08,Glenn,021,27897,2458,2440,584,3024,20
2021-07-08,Humboldt,023,135768,4629,4574,54,4628,51
2021-07-08,Imperial,025,180216,28876,28729,2868,31597,741
2021-07-08,Inyo,027,18085,1416,1415,22,1437,36
2021-07-08,Kern,029,883053,98239,97538,11511,109049,1346
2021-07-08,Kings,031,150075,23324,23090,1172,24262,246
2021-07-08,Lake,033,64148,3732,3667,13,3680,63
2021-07-08,Lassen,035,31185,5304,5290,121,5411,21
2021-07-08,Los Angeles,037,10098052,1219453,1212043,43485,1255528,24542
2021-07-08,Madera,039,155013,16899,16744,983,17727,241
2021-07-08,Marin,041,260295,14321,14194,280,14474,233
2021-07-08,Mariposa,043,17540,443,442,12,454,5
2021-07-08,Mendocino,045,87422,4253,4153,81,4234,49
2021-07-08,Merced,047,269075,31450,31328,1014,32342,470
2021-07-08,Modoc,049,8938,420,410,149,559,4
2021-07-08,Mono,051,14174,1261,1275,15,1290,3
2021-07-08,Monterey,053,433212,43425,43251,1944,45195,499
2021-07-08,Napa,055,140530,10131,10077,36,10113,81
2021-07-08,Nevada,057,99092,5086,5000,202,5202,72
2021-07-08,Orange,059,3164182,258695,256438,11856,268294,5135
2021-07-08,Placer,061,380077,24180,23916,1650,25566,302
2021-07-08,Plumas,063,18699,727,717,15,732,4
2021-07-08,Riverside,065,2383286,295414,293474,14448,307922,4541
2021-07-08,Sacramento,067,1510023,110125,109091,1946,111037,1682
2021-07-08,San Benito,069,59416,6169,6141,119,6260,63
2021-07-08,San Bernardino,071,2135413,296249,294932,9312,304244,5117
2021-07-08,San Diego,073,3302833,285539,283577,15690,299267,3783
2021-07-08,San Francisco,075,870044,37827,37338,1380,38718,559
2021-07-08,San Joaquin,077,732212,74739,74150,3808,77958,1412
2021-07-08,San Luis Obispo,079,281455,21561,21375,785,22160,258
2021-07-08,San Mateo,081,765935,43266,42948,507,43455,542
2021-07-08,Santa Barbara,083,443738,35268,34595,1236,35831,460
2021-07-08,Santa Clara,085,1922200,120242,119330,807,120137,2094
2021-07-08,Santa Cruz,087,273765,16386,16286,856,17142,207
2021-07-08,Shasta,089,179085,12703,12623,1711,14334,206
2021-07-08,Sierra,091,2930,65,61,14,75,0
2021-07-08,Siskiyou,093,43540,1988,1909,398,2307,29
2021-07-08,Solano,095,438530,33971,33678,599,34277,268
2021-07-08,Sonoma,097,501317,31478,31231,377,31608,317
2021-07-08,Stanislaus,099,539301,57595,57104,6229,63333,1026
2021-07-08,Sutter,101,95872,9776,9692,98,9790,114
2021-07-08,Tehama,103,63373,5158,5131,612,5743,63
2021-07-08,Trinity,105,12862,468,341,88,429,3
2021-07-08,Tulare,107,460477,50352,49850,9546,59396,853
2021-07-08,Tuolumne,109,53932,4171,4114,40,4154,64
2021-07-08,Ventura,111,848112,82292,81713,3210,84923,1039
2021-07-08,Yolo,113,214977,14337,14250,397,14647,213
2021-07-08,Yuba,115,75493,6309,6238,132,6370,52
2021-07-07,Alameda,001,1643700,90855,89995,2095,92090,1253
2021-07-07,Alpine,003,1148,89,89,0,89,0
2021-07-07,Amador,005,37829,3779,3770,34,3804,47
2021-07-07,Butte,007,227075,12880,12750,1949,14699,202
2021-07-07,Calaveras,009,45235,2225,2212,14,2226,57
2021-07-07,Colusa,011,21464,1979,1969,334,2303,16
2021-07-07,Contra Costa,013,1133247,72006,71308,1378,72686,821
2021-07-07,Del Norte,015,27424,1485,1446,14,1460,8
2021-07-07,El Dorado,017,186661,10602,10494,797,11291,114
2021-07-07,Fresno,019,978130,103770,102639,9045,111684,1729
2021-07-07,Glenn,021,27897,2458,2441,584,3025,20
2021-07-07,Humboldt,023,135768,4615,4566,54,4620,51
2021-07-07,Imperial,025,180216,28869,28701,2868,31569,740
2021-07-07,Inyo,027,18085,1415,1415,22,1437,36
2021-07-07,Kern,029,883053,98195,97507,11496,109003,1348
2021-07-07,Kings,031,150075,23311,23085,1169,24254,245
2021-07-07,Lake,033,64148,3713,3660,13,3673,63
2021-07-07,Lassen,035,31185,5304,5286,121,5407,21
2021-07-07,Los Angeles,037,10098052,1218274,1211316,43378,1254694,24531
2021-07-07,Madera,039,155013,16888,16733,981,17714,241
2021-07-07,Marin,041,260295,14302,14183,279,14462,233
2021-07-07,Mariposa,043,17540,441,442,12,454,5
2021-07-07,Mendocino,045,87422,4244,4145,81,4226,49
2021-07-07,Merced,047,269075,31435,31317,1014,32331,470
2021-07-07,Modoc,049,8938,420,410,149,559,4
2021-07-07,Mono,051,14174,1260,1274,15,1289,3
2021-07-07,Monterey,053,433212,43401,43233,1942,45175,494
2021-07-07,Napa,055,140530,10120,10078,36,10114,81
2021-07-07,Nevada,057,99092,5079,4996,202,5198,72
2021-07-07,Orange,059,3164182,258468,256301,11833,268134,5132
2021-07-07,Placer,061,380077,24144,23901,1640,25541,302
2021-07-07,Plumas,063,18699,727,710,15,725,4
2021-07-07,Riverside,065,2383286,295199,293331,14437,307768,4538
2021-07-07,Sacramento,067,1510023,109934,108954,1938,110892,1682
2021-07-07,San Benito,069,59416,6164,6137,119,6256,63
2021-07-07,San Bernardino,071,2135413,296081,294787,9305,304092,5087
2021-07-07,San Diego,073,3302833,285221,283377,15650,299027,3782
2021-07-07,San Francisco,075,870044,37735,37284,1377,38661,558
2021-07-07,San Joaquin,077,732212,74662,74095,3792,77887,1410
2021-07-07,San Luis Obispo,079,281455,21552,21360,783,22143,258
2021-07-07,San Mateo,081,765935,43211,42908,504,43412,542
2021-07-07,Santa Barbara,083,443738,35242,34582,1236,35818,460
2021-07-07,Santa Clara,085,1922200,120144,119250,806,120056,2094
2021-07-07,Santa Cruz,087,273765,16377,16279,855,17134,207
2021-07-07,Shasta,089,179085,12695,12613,1708,14321,206
2021-07-07,Sierra,091,2930,65,60,14,74,0
2021-07-07,Siskiyou,093,43540,1982,1908,394,2302,29
2021-07-07,Solano,095,438530,33921,33659,592,34251,268
2021-07-07,Sonoma,097,501317,31432,31172,377,31549,316
2021-07-07,Stanislaus,099,539301,57550,57102,6224,63326,1028
2021-07-07,Sutter,101,95872,9766,9683,98,9781,114
2021-07-07,Tehama,103,63373,5157,5129,612,5741,63
2021-07-07,Trinity,105,12862,468,341,88,429,3
2021-07-07,Tulare,107,460477,50348,49835,9537,59372,853
2021-07-07,Tuolumne,109,53932,4167,4115,39,4154,64
2021-07-07,Ventura,111,848112,82248,81608,3196,84804,1036
2021-07-07,Yolo,113,214977,14327,14236,394,14630,213
2021-07-07,Yuba,115,75493,6293,6233,132,6365,51
2021-07-06,Alameda,001,1643700,90659,89918,2086,92004,1253
2021-07-06,Alpine,003,1148,89,89,0,89,0
2021-07-06,Amador,005,37829,3778,3768,33,3801,47
2021-07-06,Butte,007,227075,12867,12744,1946,14690,201
2021-07-06,Calaveras,009,45235,2225,2211,14,2225,55
2021-07-06,Colusa,011,21464,1978,1967,331,2298,16
2021-07-06,Contra Costa,013,1133247,71877,71262,1376,72638,820
2021-07-06,Del Norte,015,27424,1481,1445,14,1459,8
2021-07-06,El Dorado,017,186661,10584,10484,796,11280,113
2021-07-06,Fresno,019,978130,103718,102616,9034,111650,1727
2021-07-06,Glenn,021,27897,2457,2438,584,3022,20
2021-07-06,Humboldt,023,135768,4601,4565,53,4618,49
2021-07-06,Imperial,025,180216,28854,28693,2866,31559,739
2021-07-06,Inyo,027,18085,1415,1412,22,1434,36
2021-07-06,Kern,029,883053,98153,97491,11485,108976,1346
2021-07-06,Kings,031,150075,23303,23077,1168,24245,245
2021-07-06,Lake,033,64148,3703,3659,13,3672,63
2021-07-06,Lassen,035,31185,5303,5288,120,5408,21
2021-07-06,Los Angeles,037,10098052,1217064,1210965,43279,1254244,24525
2021-07-06,Madera,039,155013,16877,16730,981,17711,241
2021-07-06,Marin,041,260295,14288,14181,279,14460,233
2021-07-06,Mariposa,043,17540,441,442,12,454,5
2021-07-06,Mendocino,045,87422,4237,4143,81,4224,49
2021-07-06,Merced,047,269075,31418,31317,1013,32330,470
2021-07-06,Modoc,049,8938,420,411,149,560,4
2021-07-06,Mono,051,14174,1259,1274,15,1289,3
2021-07-06,Monterey,053,433212,43379,43224,1941,45165,494
2021-07-06,Napa,055,140530,10109,10081,36,10117,81
2021-07-06,Nevada,057,99092,5070,4988,202,5190,72
2021-07-06,Orange,059,3164182,258226,256227,11816,268043,5129
2021-07-06,Placer,061,380077,24103,23876,1634,25510,302
2021-07-06,Plumas,063,18699,726,708,15,723,4
2021-07-06,Riverside,065,2383286,294996,293227,14419,307646,4539
2021-07-06,Sacramento,067,1510023,109723,108850,1930,110780,1679
2021-07-06,San Benito,069,59416,6160,6137,119,6256,63
2021-07-06,San Bernardino,071,2135413,295902,294712,9292,304004,5056
2021-07-06,San Diego,073,3302833,284866,283278,15591,298869,3782
2021-07-06,San Francisco,075,870044,37617,37251,1376,38627,558
2021-07-06,San Joaquin,077,732212,74593,74019,3780,77799,1410
2021-07-06,San Luis Obispo,079,281455,21535,21354,782,22136,257
2021-07-06,San Mateo,081,765935,43135,42895,504,43399,541
2021-07-06,Santa Barbara,083,443738,35224,34572,1234,35806,460
2021-07-06,Santa Clara,085,1922200,120026,119194,803,119997,2095
2021-07-06,Santa Cruz,087,273765,16372,16274,854,17128,207
2021-07-06,Shasta,089,179085,12685,12606,1706,14312,205
2021-07-06,Sierra,091,2930,64,60,14,74,0
2021-07-06,Siskiyou,093,43540,1979,1905,390,2295,29
2021-07-06,Solano,095,438530,33870,33619,589,34208,268
2021-07-06,Sonoma,097,501317,31369,31130,376,31506,316
2021-07-06,Stanislaus,099,539301,57488,57120,6212,63332,1029
2021-07-06,Sutter,101,95872,9757,9674,97,9771,114
2021-07-06,Tehama,103,63373,5154,5126,611,5737,63
2021-07-06,Trinity,105,12862,468,341,88,429,3
2021-07-06,Tulare,107,460477,50333,49826,9526,59352,853
2021-07-06,Tuolumne,109,53932,4165,4113,39,4152,64
2021-07-06,Ventura,111,848112,82208,81534,3170,84704,1033
2021-07-06,Yolo,113,214977,14304,14227,391,14618,213
2021-07-06,Yuba,115,75493,6282,6231,132,6363,51
2021-07-05,Alameda,001,1643700,90483,89892,2080,91972,1253
2021-07-05,Alpine,003,1148,89,89,0,89,0
2021-07-05,Amador,005,37829,3776,3768,33,3801,47
2021-07-05,Butte,007,227075,12859,12740,1936,14676,201
2021-07-05,Calaveras,009,45235,2223,2211,14,2225,55
2021-07-05,Colusa,011,21464,1976,1966,330,2296,16
2021-07-05,Contra Costa,013,1133247,71750,71235,1376,72611,820
2021-07-05,Del Norte,015,27424,1477,1446,14,1460,8
2021-07-05,El Dorado,017,186661,10559,10481,796,11277,113
2021-07-05,Fresno,019,978130,103660,102592,9017,111609,1727
2021-07-05,Glenn,021,27897,2454,2438,583,3021,20
2021-07-05,Humboldt,023,135768,4587,4563,53,4616,49
2021-07-05,Imperial,025,180216,28836,28689,2866,31555,739
2021-07-05,Inyo,027,18085,1415,1412,22,1434,36
2021-07-05,Kern,029,883053,98105,97479,11464,108943,1346
2021-07-05,Kings,031,150075,23295,23065,1165,24230,245
2021-07-05,Lake,033,64148,3685,3645,13,3658,63
2021-07-05,Lassen,035,31185,5300,5288,119,5407,21
2021-07-05,Los Angeles,037,10098052,1215879,1210653,43176,1253829,24522
2021-07-05,Madera,039,155013,16866,16722,980,17702,241
2021-07-05,Marin,041,260295,14267,14178,279,14457,233
2021-07-05,Mariposa,043,17540,441,441,12,453,5
2021-07-05,Mendocino,045,87422,4232,4139,81,4220,49
2021-07-05,Merced,047,269075,31398,31312,1013,32325,470
2021-07-05,Modoc,049,8938,420,410,149,559,4
2021-07-05,Mono,051,14174,1259,1273,15,1288,3
2021-07-05,Monterey,053,433212,43359,43218,1936,45154,494
2021-07-05,Napa,055,140530,10103,10074,36,10110,81
2021-07-05,Nevada,057,99092,5052,4980,201,5181,72
2021-07-05,Orange,059,3164182,258025,256173,11797,267970,5129
2021-07-05,Placer,061,380077,24056,23867,1626,25493,302
2021-07-05,Plumas,063,18699,725,708,15,723,4
2021-07-05,Riverside,065,2383286,294803,293193,14407,307600,4539
2021-07-05,Sacramento,067,1510023,109541,108758,1921,110679,1679
2021-07-05,San Benito,069,59416,6153,6137,119,6256,63
2021-07-05,San Bernardino,071,2135413,295740,294647,9285,303932,5037
2021-07-05,San Diego,073,3302833,284504,282834,15548,298382,3782
2021-07-05,San Francisco,075,870044,37530,37237,1371,38608,558
2021-07-05,San Joaquin,077,732212,74523,73999,3774,77773,1410
2021-07-05,San Luis Obispo,079,281455,21522,21351,781,22132,257
2021-07-05,San Mateo,081,765935,43083,42876,501,43377,541
2021-07-05,Santa Barbara,083,443738,35204,34569,1234,35803,460
2021-07-05,Santa Clara,085,1922200,119921,119184,801,119985,2095
2021-07-05,Santa Cruz,087,273765,16363,16273,853,17126,208
2021-07-05,Shasta,089,179085,12676,12603,1704,14307,205
2021-07-05,Sierra,091,2930,64,60,14,74,0
2021-07-05,Siskiyou,093,43540,1978,1904,388,2292,29
2021-07-05,Solano,095,438530,33801,33612,583,34195,268
2021-07-05,Sonoma,097,501317,31316,31116,376,31492,316
2021-07-05,Stanislaus,099,539301,57452,57109,6202,63311,1029
2021-07-05,Sutter,101,95872,9745,9667,97,9764,114
2021-07-05,Tehama,103,63373,5153,5125,611,5736,63
2021-07-05,Trinity,105,12862,467,341,87,428,3
2021-07-05,Tulare,107,460477,50315,49818,9523,59341,853
2021-07-05,Tuolumne,109,53932,4161,4112,39,4151,64
2021-07-05,Ventura,111,848112,82158,81519,3150,84669,1033
2021-07-05,Yolo,113,214977,14286,14225,382,14607,213
2021-07-05,Yuba,115,75493,6274,6223,132,6355,51
2021-07-04,Alameda,001,1643700,90317,89683,2076,91759,1253
2021-07-04,Alpine,003,1148,89,89,0,89,0
2021-07-04,Amador,005,37829,3775,3758,33,3791,46
2021-07-04,Butte,007,227075,12849,12684,1936,14620,201
2021-07-04,Calaveras,009,45235,2223,2200,14,2214,55
2021-07-04,Colusa,011,21464,1976,1969,330,2299,15
2021-07-04,Contra Costa,013,1133247,71644,70941,1371,72312,818
2021-07-04,Del Norte,015,27424,1474,1439,14,1453,8
2021-07-04,El Dorado,017,186661,10550,10433,795,11228,113
2021-07-04,Fresno,019,978130,103614,102512,9000,111512,1727
2021-07-04,Glenn,021,27897,2452,2442,582,3024,20
2021-07-04,Humboldt,023,135768,4579,4530,53,4583,49
2021-07-04,Imperial,025,180216,28830,28661,2866,31527,739
2021-07-04,Inyo,027,18085,1415,1412,22,1434,35
2021-07-04,Kern,029,883053,98086,97421,11454,108875,1347
2021-07-04,Kings,031,150075,23287,23051,1165,24216,245
2021-07-04,Lake,033,64148,3675,3623,13,3636,62
2021-07-04,Lassen,035,31185,5299,5277,119,5396,20
2021-07-04,Los Angeles,037,10098052,1215026,1208705,43088,1251793,24506
2021-07-04,Madera,039,155013,16854,16696,978,17674,240
2021-07-04,Marin,041,260295,14252,14143,279,14422,233
2021-07-04,Mariposa,043,17540,441,441,12,453,5
2021-07-04,Mendocino,045,87422,4222,4122,81,4203,49
2021-07-04,Merced,047,269075,31387,31297,1013,32310,469
2021-07-04,Modoc,049,8938,420,410,149,559,4
2021-07-04,Mono,051,14174,1259,1275,15,1290,3
2021-07-04,Monterey,053,433212,43343,43212,1935,45147,492
2021-07-04,Napa,055,140530,10095,10045,35,10080,81
2021-07-04,Nevada,057,99092,5043,4966,201,5167,72
2021-07-04,Orange,059,3164182,257850,255823,11776,267599,5126
2021-07-04,Placer,061,380077,24019,23764,1619,25383,299
2021-07-04,Plumas,063,18699,725,707,15,722,4
2021-07-04,Riverside,065,2383286,294643,293260,14400,307660,4536
2021-07-04,Sacramento,067,1510023,109371,108257,1915,110172,1676
2021-07-04,San Benito,069,59416,6146,6108,119,6227,63
2021-07-04,San Bernardino,071,2135413,295573,294294,9278,303572,5003
2021-07-04,San Diego,073,3302833,284280,282692,15510,298202,3780
2021-07-04,San Francisco,075,870044,37473,37107,1365,38472,558
2021-07-04,San Joaquin,077,732212,74457,73841,3766,77607,1409
2021-07-04,San Luis Obispo,079,281455,21516,21330,780,22110,256
2021-07-04,San Mateo,081,765935,43049,42691,501,43192,541
2021-07-04,Santa Barbara,083,443738,35182,34526,1233,35759,456
2021-07-04,Santa Clara,085,1922200,119831,118966,800,119766,2090
2021-07-04,Santa Cruz,087,273765,16352,16254,853,17107,208
2021-07-04,Shasta,089,179085,12672,12582,1703,14285,204
2021-07-04,Sierra,091,2930,63,60,14,74,0
2021-07-04,Siskiyou,093,43540,1974,1899,387,2286,29
2021-07-04,Solano,095,438530,33760,33486,581,34067,268
2021-07-04,Sonoma,097,501317,31286,31000,375,31375,316
2021-07-04,Stanislaus,099,539301,57429,57018,6196,63214,1018
2021-07-04,Sutter,101,95872,9734,9644,97,9741,114
2021-07-04,Tehama,103,63373,5149,5124,611,5735,63
2021-07-04,Trinity,105,12862,466,341,87,428,3
2021-07-04,Tulare,107,460477,50305,49789,9520,59309,853
2021-07-04,Tuolumne,109,53932,4153,4113,39,4152,64
2021-07-04,Ventura,111,848112,82101,81425,3139,84564,1033
2021-07-04,Yolo,113,214977,14266,14188,379,14567,213
2021-07-04,Yuba,115,75493,6266,6197,132,6329,51
2021-07-03,Alameda,001,1643700,90233,89683,2068,91751,1253
2021-07-03,Alpine,003,1148,89,89,0,89,0
2021-07-03,Amador,005,37829,3775,3758,33,3791,46
2021-07-03,Butte,007,227075,12845,12684,1935,14619,201
2021-07-03,Calaveras,009,45235,2222,2200,14,2214,55
2021-07-03,Colusa,011,21464,1975,1969,330,2299,15
2021-07-03,Contra Costa,013,1133247,71585,70941,1368,72309,818
2021-07-03,Del Norte,015,27424,1471,1439,14,1453,8
2021-07-03,El Dorado,017,186661,10543,10433,793,11226,113
2021-07-03,Fresno,019,978130,103589,102512,8991,111503,1727
2021-07-03,Glenn,021,27897,2452,2442,582,3024,20
2021-07-03,Humboldt,023,135768,4574,4530,53,4583,49
2021-07-03,Imperial,025,180216,28820,28661,2866,31527,739
2021-07-03,Inyo,027,18085,1415,1412,22,1434,35
2021-07-03,Kern,029,883053,98066,97421,11446,108867,1347
2021-07-03,Kings,031,150075,23287,23051,1164,24215,245
2021-07-03,Lake,033,64148,3665,3623,13,3636,62
2021-07-03,Lassen,035,31185,5298,5277,119,5396,20
2021-07-03,Los Angeles,037,10098052,1214600,1208705,43058,1251763,24506
2021-07-03,Madera,039,155013,16845,16696,975,17671,240
2021-07-03,Marin,041,260295,14248,14143,279,14422,233
2021-07-03,Mariposa,043,17540,441,441,12,453,5
2021-07-03,Mendocino,045,87422,4221,4122,81,4203,49
2021-07-03,Merced,047,269075,31374,31297,1012,32309,469
2021-07-03,Modoc,049,8938,419,410,149,559,4
2021-07-03,Mono,051,14174,1258,1275,15,1290,3
2021-07-03,Monterey,053,433212,43331,43212,1932,45144,492
2021-07-03,Napa,055,140530,10090,10045,35,10080,81
2021-07-03,Nevada,057,99092,5029,4966,201,5167,72
2021-07-03,Orange,059,3164182,257766,255823,11769,267592,5126
2021-07-03,Placer,061,380077,24000,23764,1616,25380,299
2021-07-03,Plumas,063,18699,725,707,15,722,4
2021-07-03,Riverside,065,2383286,294551,293260,14396,307656,4536
2021-07-03,Sacramento,067,1510023,109297,108257,1912,110169,1676
2021-07-03,San Benito,069,59416,6139,6108,119,6227,63
2021-07-03,San Bernardino,071,2135413,295483,294294,9275,303569,5003
2021-07-03,San Diego,073,3302833,284149,282692,15491,298183,3780
2021-07-03,San Francisco,075,870044,37432,37107,1362,38469,558
2021-07-03,San Joaquin,077,732212,74421,73841,3761,77602,1409
2021-07-03,San Luis Obispo,079,281455,21504,21330,780,22110,256
2021-07-03,San Mateo,081,765935,43024,42691,500,43191,541
2021-07-03,Santa Barbara,083,443738,35173,34526,1232,35758,456
2021-07-03,Santa Clara,085,1922200,119784,118966,800,119766,2090
2021-07-03,Santa Cruz,087,273765,16345,16254,853,17107,208
2021-07-03,Shasta,089,179085,12668,12582,1701,14283,204
2021-07-03,Sierra,091,2930,63,60,14,74,0
2021-07-03,Siskiyou,093,43540,1973,1899,386,2285,29
2021-07-03,Solano,095,438530,33716,33486,581,34067,268
2021-07-03,Sonoma,097,501317,31252,31000,375,31375,316
2021-07-03,Stanislaus,099,539301,57415,57018,6188,63206,1018
2021-07-03,Sutter,101,95872,9724,9644,97,9741,114
2021-07-03,Tehama,103,63373,5147,5124,611,5735,63
2021-07-03,Trinity,105,12862,466,341,87,428,3
2021-07-03,Tulare,107,460477,50299,49789,9514,59303,853
2021-07-03,Tuolumne,109,53932,4152,4113,39,4152,64
2021-07-03,Ventura,111,848112,82071,81425,3131,84556,1033
2021-07-03,Yolo,113,214977,14256,14188,376,14564,213
2021-07-03,Yuba,115,75493,6260,6197,132,6329,51
2021-07-02,Alameda,001,1643700,90151,89683,2067,91750,1253
2021-07-02,Alpine,003,1148,89,89,0,89,0
2021-07-02,Amador,005,37829,3773,3758,33,3791,46
2021-07-02,Butte,007,227075,12838,12684,1935,14619,201
2021-07-02,Calaveras,009,45235,2221,2200,14,2214,55
2021-07-02,Colusa,011,21464,1974,1969,329,2298,15
2021-07-02,Contra Costa,013,1133247,71516,70941,1364,72305,818
2021-07-02,Del Norte,015,27424,1471,1439,14,1453,8
2021-07-02,El Dorado,017,186661,10535,10433,793,11226,113
2021-07-02,Fresno,019,978130,103560,102512,8985,111497,1727
2021-07-02,Glenn,021,27897,2451,2442,581,3023,20
2021-07-02,Humboldt,023,135768,4571,4530,52,4582,49
2021-07-02,Imperial,025,180216,28814,28661,2865,31526,739
2021-07-02,Inyo,027,18085,1415,1412,22,1434,35
2021-07-02,Kern,029,883053,98048,97421,11437,108858,1347
2021-07-02,Kings,031,150075,23277,23051,1164,24215,245
2021-07-02,Lake,033,64148,3659,3623,13,3636,62
2021-07-02,Lassen,035,31185,5298,5277,119,5396,20
2021-07-02,Los Angeles,037,10098052,1214126,1208705,43019,1251724,24506
2021-07-02,Madera,039,155013,16836,16696,974,17670,240
2021-07-02,Marin,041,260295,14243,14143,279,14422,233
2021-07-02,Mariposa,043,17540,441,441,12,453,5
2021-07-02,Mendocino,045,87422,4217,4122,80,4202,49
2021-07-02,Merced,047,269075,31365,31297,1012,32309,469
2021-07-02,Modoc,049,8938,419,410,149,559,4
2021-07-02,Mono,051,14174,1257,1275,15,1290,3
2021-07-02,Monterey,053,433212,43323,43212,1931,45143,492
2021-07-02,Napa,055,140530,10085,10045,35,10080,81
2021-07-02,Nevada,057,99092,5020,4966,201,5167,72
2021-07-02,Orange,059,3164182,257653,255823,11762,267585,5126
2021-07-02,Placer,061,380077,23983,23764,1609,25373,299
2021-07-02,Plumas,063,18699,725,707,15,722,4
2021-07-02,Riverside,065,2383286,294454,293260,14391,307651,4536
2021-07-02,Sacramento,067,1510023,109219,108257,1911,110168,1676
2021-07-02,San Benito,069,59416,6136,6108,119,6227,63
2021-07-02,San Bernardino,071,2135413,295396,294294,9273,303567,5003
2021-07-02,San Diego,073,3302833,284003,282692,15466,298158,3780
2021-07-02,San Francisco,075,870044,37384,37107,1360,38467,558
2021-07-02,San Joaquin,077,732212,74389,73841,3755,77596,1409
2021-07-02,San Luis Obispo,079,281455,21498,21330,779,22109,256
2021-07-02,San Mateo,081,765935,42988,42691,500,43191,541
2021-07-02,Santa Barbara,083,443738,35164,34526,1232,35758,456
2021-07-02,Santa Clara,085,1922200,119706,118966,800,119766,2090
2021-07-02,Santa Cruz,087,273765,16341,16254,853,17107,208
2021-07-02,Shasta,089,179085,12664,12582,1701,14283,204
2021-07-02,Sierra,091,2930,62,60,14,74,0
2021-07-02,Siskiyou,093,43540,1970,1899,385,2284,29
2021-07-02,Solano,095,438530,33691,33486,581,34067,268
2021-07-02,Sonoma,097,501317,31229,31000,375,31375,316
2021-07-02,Stanislaus,099,539301,57393,57018,6187,63205,1018
2021-07-02,Sutter,101,95872,9719,9644,97,9741,114
2021-07-02,Tehama,103,63373,5145,5124,609,5733,63
2021-07-02,Trinity,105,12862,466,341,87,428,3
2021-07-02,Tulare,107,460477,50289,49789,9506,59295,853
2021-07-02,Tuolumne,109,53932,4149,4113,39,4152,64
2021-07-02,Ventura,111,848112,82028,81425,3123,84548,1033
2021-07-02,Yolo,113,214977,14241,14188,374,14562,213
2021-07-02,Yuba,115,75493,6252,6197,132,6329,51
2021-07-01,Alameda,001,1643700,90047,89683,2065,91748,1253
2021-07-01,Alpine,003,1148,89,89,0,89,0
2021-07-01,Amador,005,37829,3772,3758,33,3791,46
2021-07-01,Butte,007,227075,12826,12684,1933,14617,201
2021-07-01,Calaveras,009,45235,2219,2200,14,2214,55
2021-07-01,Colusa,011,21464,1974,1969,327,2296,15
2021-07-01,Contra Costa,013,1133247,71445,70941,1363,72304,818
2021-07-01,Del Norte,015,27424,1470,1439,14,1453,8
2021-07-01,El Dorado,017,186661,10523,10433,793,11226,113
2021-07-01,Fresno,019,978130,103521,102512,8980,111492,1727
2021-07-01,Glenn,021,27897,2451,2442,581,3023,20
2021-07-01,Humboldt,023,135768,4569,4530,52,4582,49
2021-07-01,Imperial,025,180216,28797,28661,2865,31526,739
2021-07-01,Inyo,027,18085,1415,1412,22,1434,35
2021-07-01,Kern,029,883053,98022,97421,11426,108847,1347
2021-07-01,Kings,031,150075,23263,23051,1164,24215,245
2021-07-01,Lake,033,64148,3656,3623,13,3636,62
2021-07-01,Lassen,035,31185,5296,5277,119,5396,20
2021-07-01,Los Angeles,037,10098052,1213528,1208705,42963,1251668,24506
2021-07-01,Madera,039,155013,16827,16696,973,17669,240
2021-07-01,Marin,041,260295,14239,14143,279,14422,233
2021-07-01,Mariposa,043,17540,441,441,12,453,5
2021-07-01,Mendocino,045,87422,4213,4122,79,4201,49
2021-07-01,Merced,047,269075,31359,31297,1012,32309,469
2021-07-01,Modoc,049,8938,419,410,149,559,4
2021-07-01,Mono,051,14174,1256,1275,15,1290,3
2021-07-01,Monterey,053,433212,43315,43212,1927,45139,492
2021-07-01,Napa,055,140530,10078,10045,35,10080,81
2021-07-01,Nevada,057,99092,5015,4966,201,5167,72
2021-07-01,Orange,059,3164182,257532,255823,11743,267566,5126
2021-07-01,Placer,061,380077,23965,23764,1606,25370,299
2021-07-01,Plumas,063,18699,722,707,13,720,4
2021-07-01,Riverside,065,2383286,294345,293260,14383,307643,4536
2021-07-01,Sacramento,067,1510023,109093,108257,1904,110161,1676
2021-07-01,San Benito,069,59416,6132,6108,119,6227,63
2021-07-01,San Bernardino,071,2135413,295276,294294,9268,303562,5003
2021-07-01,San Diego,073,3302833,283825,282692,15429,298121,3780
2021-07-01,San Francisco,075,870044,37348,37107,1358,38465,558
2021-07-01,San Joaquin,077,732212,74338,73841,3751,77592,1409
2021-07-01,San Luis Obispo,079,281455,21483,21330,778,22108,256
2021-07-01,San Mateo,081,765935,42960,42691,499,43190,541
2021-07-01,Santa Barbara,083,443738,35152,34526,1232,35758,456
2021-07-01,Santa Clara,085,1922200,119657,118966,800,119766,2090
2021-07-01,Santa Cruz,087,273765,16336,16254,853,17107,208
2021-07-01,Shasta,089,179085,12656,12582,1700,14282,204
2021-07-01,Sierra,091,2930,62,60,14,74,0
2021-07-01,Siskiyou,093,43540,1970,1899,385,2284,29
2021-07-01,Solano,095,438530,33649,33486,580,34066,268
2021-07-01,Sonoma,097,501317,31185,31000,375,31375,316
2021-07-01,Stanislaus,099,539301,57369,57018,6183,63201,1018
2021-07-01,Sutter,101,95872,9710,9644,97,9741,114
2021-07-01,Tehama,103,63373,5145,5124,608,5732,63
2021-07-01,Trinity,105,12862,466,341,87,428,3
2021-07-01,Tulare,107,460477,50280,49789,9499,59288,853
2021-07-01,Tuolumne,109,53932,4142,4113,39,4152,64
2021-07-01,Ventura,111,848112,81997,81425,3112,84537,1033
2021-07-01,Yolo,113,214977,14226,14188,372,14560,213
2021-07-01,Yuba,115,75493,6245,6197,132,6329,51
2021-06-30,Alameda,001,1643700,89962,89597,2061,91658,1256
2021-06-30,Alpine,003,1148,89,89,0,89,0
2021-06-30,Amador,005,37829,3770,3756,33,3789,46
2021-06-30,Butte,007,227075,12819,12676,1924,14600,201
2021-06-30,Calaveras,009,45235,2214,2198,14,2212,55
2021-06-30,Colusa,011,21464,1972,1967,324,2291,15
2021-06-30,Contra Costa,013,1133247,71381,70869,1360,72229,818
2021-06-30,Del Norte,015,27424,1465,1435,14,1449,8
2021-06-30,El Dorado,017,186661,10504,10420,793,11213,113
2021-06-30,Fresno,019,978130,103485,102490,8977,111467,1727
2021-06-30,Glenn,021,27897,2449,2440,581,3021,20
2021-06-30,Humboldt,023,135768,4553,4522,50,4572,49
2021-06-30,Imperial,025,180216,28789,28651,2865,31516,739
2021-06-30,Inyo,027,18085,1415,1409,22,1431,35
2021-06-30,Kern,029,883053,97981,97267,11414,108681,1348
2021-06-30,Kings,031,150075,23258,23038,1163,24201,245
2021-06-30,Lake,033,64148,3643,3601,13,3614,56
2021-06-30,Lassen,035,31185,5291,5269,119,5388,20
2021-06-30,Los Angeles,037,10098052,1212858,1208246,42919,1251165,24499
2021-06-30,Madera,039,155013,16819,16688,971,17659,240
2021-06-30,Marin,041,260295,14230,14133,277,14410,232
2021-06-30,Mariposa,043,17540,440,441,12,453,5
2021-06-30,Mendocino,045,87422,4203,4115,79,4194,49
2021-06-30,Merced,047,269075,31349,31286,1012,32298,469
2021-06-30,Modoc,049,8938,419,410,149,559,4
2021-06-30,Mono,051,14174,1256,1275,15,1290,3
2021-06-30,Monterey,053,433212,43310,43209,1925,45134,492
2021-06-30,Napa,055,140530,10070,10039,35,10074,81
2021-06-30,Nevada,057,99092,5004,4958,201,5159,72
2021-06-30,Orange,059,3164182,257403,255764,11733,267497,5125
2021-06-30,Placer,061,380077,23942,23721,1602,25323,299
2021-06-30,Plumas,063,18699,722,705,13,718,4
2021-06-30,Riverside,065,2383286,294232,293280,14371,307651,4535
2021-06-30,Sacramento,067,1510023,108954,108137,1900,110037,1676
2021-06-30,San Benito,069,59416,6128,6105,119,6224,63
2021-06-30,San Bernardino,071,2135413,295117,294211,9263,303474,4975
2021-06-30,San Diego,073,3302833,283688,282583,15402,297985,3780
2021-06-30,San Francisco,075,870044,37299,37065,1353,38418,558
2021-06-30,San Joaquin,077,732212,74276,73777,3750,77527,1409
2021-06-30,San Luis Obispo,079,281455,21470,21326,777,22103,256
2021-06-30,San Mateo,081,765935,42923,42599,498,43097,537
2021-06-30,Santa Barbara,083,443738,35136,34521,1232,35753,456
2021-06-30,Santa Clara,085,1922200,119610,118930,797,119727,2090
2021-06-30,Santa Cruz,087,273765,16330,16250,853,17103,208
2021-06-30,Shasta,089,179085,12650,12564,1700,14264,204
2021-06-30,Sierra,091,2930,62,60,14,74,0
2021-06-30,Siskiyou,093,43540,1968,1900,382,2282,29
2021-06-30,Solano,095,438530,33610,33453,578,34031,268
2021-06-30,Sonoma,097,501317,31155,30947,375,31322,316
2021-06-30,Stanislaus,099,539301,57347,56997,6182,63179,1018
2021-06-30,Sutter,101,95872,9700,9638,97,9735,114
2021-06-30,Tehama,103,63373,5143,5124,608,5732,63
2021-06-30,Trinity,105,12862,466,341,87,428,3
2021-06-30,Tulare,107,460477,50269,49764,9488,59252,853
2021-06-30,Tuolumne,109,53932,4139,4112,39,4151,64
2021-06-30,Ventura,111,848112,81954,81392,3107,84499,1032
2021-06-30,Yolo,113,214977,14220,14178,369,14547,213
2021-06-30,Yuba,115,75493,6238,6191,132,6323,51
2021-06-29,Alameda,001,1643700,89858,89519,2060,91579,1257
2021-06-29,Alpine,003,1148,89,89,0,89,0
2021-06-29,Amador,005,37829,3766,3754,33,3787,46
2021-06-29,Butte,007,227075,12811,12669,1924,14593,201
2021-06-29,Calaveras,009,45235,2208,2198,14,2212,55
2021-06-29,Colusa,011,21464,1970,1967,324,2291,15
2021-06-29,Contra Costa,013,1133247,71307,70775,1360,72135,817
2021-06-29,Del Norte,015,27424,1464,1435,14,1449,8
2021-06-29,El Dorado,017,186661,10491,10403,789,11192,113
2021-06-29,Fresno,019,978130,103452,102464,8974,111438,1725
2021-06-29,Glenn,021,27897,2448,2439,581,3020,20
2021-06-29,Humboldt,023,135768,4549,4514,49,4563,49
2021-06-29,Imperial,025,180216,28780,28645,2864,31509,737
2021-06-29,Inyo,027,18085,1415,1408,22,1430,35
2021-06-29,Kern,029,883053,97960,97173,11408,108581,1347
2021-06-29,Kings,031,150075,23249,23035,1162,24197,245
2021-06-29,Lake,033,64148,3637,3594,13,3607,56
2021-06-29,Lassen,035,31185,5284,5268,119,5387,20
2021-06-29,Los Angeles,037,10098052,1212251,1207895,42888,1250783,24498
2021-06-29,Madera,039,155013,16815,16680,970,17650,240
2021-06-29,Marin,041,260295,14218,14127,277,14404,232
2021-06-29,Mariposa,043,17540,440,441,12,453,5
2021-06-29,Mendocino,045,87422,4200,4107,78,4185,49
2021-06-29,Merced,047,269075,31337,31277,1012,32289,469
2021-06-29,Modoc,049,8938,418,408,149,557,3
2021-06-29,Mono,051,14174,1256,1275,15,1290,3
2021-06-29,Monterey,053,433212,43300,43196,1923,45119,471
2021-06-29,Napa,055,140530,10064,10033,35,10068,81
2021-06-29,Nevada,057,99092,4997,4952,201,5153,72
2021-06-29,Orange,059,3164182,257305,255686,11718,267404,5124
2021-06-29,Placer,061,380077,23922,23693,1600,25293,299
2021-06-29,Plumas,063,18699,722,704,13,717,4
2021-06-29,Riverside,065,2383286,294133,292962,14364,307326,4524
2021-06-29,Sacramento,067,1510023,108802,108067,1897,109964,1677
2021-06-29,San Benito,069,59416,6117,6099,119,6218,63
2021-06-29,San Bernardino,071,2135413,295005,294118,9261,303379,4940
2021-06-29,San Diego,073,3302833,283533,282499,15375,297874,3780
2021-06-29,San Francisco,075,870044,37261,37041,1350,38391,558
2021-06-29,San Joaquin,077,732212,74228,73724,3747,77471,1409
2021-06-29,San Luis Obispo,079,281455,21460,21324,776,22100,256
2021-06-29,San Mateo,081,765935,42891,42540,496,43036,540
2021-06-29,Santa Barbara,083,443738,35126,34507,1231,35738,455
2021-06-29,Santa Clara,085,1922200,119555,118893,796,119689,2090
2021-06-29,Santa Cruz,087,273765,16324,16249,853,17102,208
2021-06-29,Shasta,089,179085,12638,12564,1699,14263,204
2021-06-29,Sierra,091,2930,62,59,14,73,0
2021-06-29,Siskiyou,093,43540,1965,1897,378,2275,29
2021-06-29,Solano,095,438530,33577,33440,576,34016,268
2021-06-29,Sonoma,097,501317,31113,30950,373,31323,316
2021-06-29,Stanislaus,099,539301,57319,56980,6175,63155,1018
2021-06-29,Sutter,101,95872,9689,9634,97,9731,114
2021-06-29,Tehama,103,63373,5143,5124,608,5732,63
2021-06-29,Trinity,105,12862,466,341,87,428,3
2021-06-29,Tulare,107,460477,50256,49751,9483,59234,852
2021-06-29,Tuolumne,109,53932,4137,4111,39,4150,64
2021-06-29,Ventura,111,848112,81916,81363,3101,84464,1032
2021-06-29,Yolo,113,214977,14208,14171,368,14539,213
2021-06-29,Yuba,115,75493,6228,6188,132,6320,51
2021-06-28,Alameda,001,1643700,89766,89638,2058,91696,1259
2021-06-28,Alpine,003,1148,89,89,0,89,0
2021-06-28,Amador,005,37829,3765,3753,33,3786,46
2021-06-28,Butte,007,227075,12802,12697,1922,14619,198
2021-06-28,Calaveras,009,45235,2205,2203,14,2217,55
2021-06-28,Colusa,011,21464,1968,1974,324,2298,15
2021-06-28,Contra Costa,013,1133247,71233,70807,1358,72165,816
2021-06-28,Del Norte,015,27424,1464,1436,14,1450,8
2021-06-28,El Dorado,017,186661,10481,10422,785,11207,115
2021-06-28,Fresno,019,978130,103422,103121,8972,112093,1727
2021-06-28,Glenn,021,27897,2448,2439,581,3020,20
2021-06-28,Humboldt,023,135768,4542,4520,48,4568,49
2021-06-28,Imperial,025,180216,28772,28981,2863,31844,741
2021-06-28,Inyo,027,18085,1412,1407,22,1429,35
2021-06-28,Kern,029,883053,97941,97252,11403,108655,1348
2021-06-28,Kings,031,150075,23243,23134,1162,24296,246
2021-06-28,Lake,033,64148,3629,3591,13,3604,56
2021-06-28,Lassen,035,31185,5282,5268,119,5387,20
2021-06-28,Los Angeles,037,10098052,1211735,1207714,42851,1250565,24496
2021-06-28,Madera,039,155013,16805,16683,969,17652,240
2021-06-28,Marin,041,260295,14203,14186,277,14463,232
2021-06-28,Mariposa,043,17540,440,440,12,452,5
2021-06-28,Mendocino,045,87422,4191,4102,77,4179,49
2021-06-28,Merced,047,269075,31325,31277,1012,32289,469
2021-06-28,Modoc,049,8938,418,411,148,559,3
2021-06-28,Mono,051,14174,1256,1276,15,1291,3
2021-06-28,Monterey,053,433212,43296,43202,1922,45124,462
2021-06-28,Napa,055,140530,10055,10050,34,10084,81
2021-06-28,Nevada,057,99092,4993,4951,201,5152,72
2021-06-28,Orange,059,3164182,257215,255755,11704,267459,5123
2021-06-28,Placer,061,380077,23902,23756,1595,25351,299
2021-06-28,Plumas,063,18699,720,704,13,717,4
2021-06-28,Riverside,065,2383286,294008,292647,14351,306998,4507
2021-06-28,Sacramento,067,1510023,108670,108342,1892,110234,1675
2021-06-28,San Benito,069,59416,6115,6101,119,6220,63
2021-06-28,San Bernardino,071,2135413,294904,294151,9256,303407,4928
2021-06-28,San Diego,073,3302833,283370,282417,15346,297763,3780
2021-06-28,San Francisco,075,870044,37225,37372,1348,38720,559
2021-06-28,San Joaquin,077,732212,74180,73973,3743,77716,1411
2021-06-28,San Luis Obispo,079,281455,21456,21340,775,22115,256
2021-06-28,San Mateo,081,765935,42857,42927,495,43422,540
2021-06-28,Santa Barbara,083,443738,35119,34534,1229,35763,455
2021-06-28,Santa Clara,085,1922200,119491,120377,795,121172,2103
2021-06-28,Santa Cruz,087,273765,16319,16245,853,17098,208
2021-06-28,Shasta,089,179085,12634,12642,1697,14339,203
2021-06-28,Sierra,091,2930,62,58,14,72,0
2021-06-28,Siskiyou,093,43540,1964,1896,378,2274,29
2021-06-28,Solano,095,438530,33541,33524,574,34098,267
2021-06-28,Sonoma,097,501317,31076,31137,372,31509,315
2021-06-28,Stanislaus,099,539301,57300,57047,6171,63218,1018
2021-06-28,Sutter,101,95872,9685,9682,97,9779,114
2021-06-28,Tehama,103,63373,5141,5122,608,5730,63
2021-06-28,Trinity,105,12862,466,341,87,428,3
2021-06-28,Tulare,107,460477,50246,49751,9479,59230,850
2021-06-28,Tuolumne,109,53932,4130,4121,39,4160,64
2021-06-28,Ventura,111,848112,81859,81393,3096,84489,1032
2021-06-28,Yolo,113,214977,14199,14199,365,14564,213
2021-06-28,Yuba,115,75493,6223,6207,132,6339,51
2021-06-27,Alameda,001,1643700,89680,89611,2054,91665,1259
2021-06-27,Alpine,003,1148,89,89,0,89,0
2021-06-27,Amador,005,37829,3764,3752,33,3785,46
2021-06-27,Butte,007,227075,12793,12696,1921,14617,198
2021-06-27,Calaveras,009,45235,2204,2203,14,2217,55
2021-06-27,Colusa,011,21464,1968,1974,324,2298,15
2021-06-27,Contra Costa,013,1133247,71147,70762,1354,72116,816
2021-06-27,Del Norte,015,27424,1461,1436,14,1450,8
2021-06-27,El Dorado,017,186661,10469,10418,782,11200,115
2021-06-27,Fresno,019,978130,103393,103110,8970,112080,1727
2021-06-27,Glenn,021,27897,2447,2439,580,3019,20
2021-06-27,Humboldt,023,135768,4530,4513,45,4558,49
2021-06-27,Imperial,025,180216,28758,28987,2863,31850,741
2021-06-27,Inyo,027,18085,1412,1407,22,1429,35
2021-06-27,Kern,029,883053,97915,97249,11396,108645,1348
2021-06-27,Kings,031,150075,23233,23132,1162,24294,246
2021-06-27,Lake,033,64148,3622,3581,13,3594,56
2021-06-27,Lassen,035,31185,5281,5265,119,5384,20
2021-06-27,Los Angeles,037,10098052,1211191,1207461,42811,1250272,24493
2021-06-27,Madera,039,155013,16797,16680,969,17649,240
2021-06-27,Marin,041,260295,14194,14182,277,14459,232
2021-06-27,Mariposa,043,17540,440,440,12,452,5
2021-06-27,Mendocino,045,87422,4184,4100,77,4177,49
2021-06-27,Merced,047,269075,31313,31266,1012,32278,469
2021-06-27,Modoc,049,8938,418,411,148,559,3
2021-06-27,Mono,051,14174,1256,1279,15,1294,3
2021-06-27,Monterey,053,433212,43283,43199,1922,45121,462
2021-06-27,Napa,055,140530,10049,10046,34,10080,81
2021-06-27,Nevada,057,99092,4987,4946,201,5147,72
2021-06-27,Orange,059,3164182,257101,255710,11693,267403,5123
2021-06-27,Placer,061,380077,23869,23731,1592,25323,299
2021-06-27,Plumas,063,18699,720,704,13,717,4
2021-06-27,Riverside,065,2383286,293905,292641,14345,306986,4507
2021-06-27,Sacramento,067,1510023,108536,108279,1888,110167,1675
2021-06-27,San Benito,069,59416,6109,6101,119,6220,63
2021-06-27,San Bernardino,071,2135413,294791,294115,9254,303369,4927
2021-06-27,San Diego,073,3302833,283230,282359,15320,297679,3780
2021-06-27,San Francisco,075,870044,37188,37360,1347,38707,559
2021-06-27,San Joaquin,077,732212,74144,73960,3741,77701,1411
2021-06-27,San Luis Obispo,079,281455,21449,21340,774,22114,256
2021-06-27,San Mateo,081,765935,42828,42925,492,43417,539
2021-06-27,Santa Barbara,083,443738,35104,34533,1227,35760,455
2021-06-27,Santa Clara,085,1922200,119440,120352,793,121145,2103
2021-06-27,Santa Cruz,087,273765,16310,16241,853,17094,208
2021-06-27,Shasta,089,179085,12628,12640,1696,14336,203
2021-06-27,Sierra,091,2930,62,58,14,72,0
2021-06-27,Siskiyou,093,43540,1962,1896,377,2273,29
2021-06-27,Solano,095,438530,33513,33516,574,34090,267
2021-06-27,Sonoma,097,501317,31038,31129,372,31501,315
2021-06-27,Stanislaus,099,539301,57253,57021,6168,63189,1018
2021-06-27,Sutter,101,95872,9679,9678,97,9775,114
2021-06-27,Tehama,103,63373,5137,5122,608,5730,63
2021-06-27,Trinity,105,12862,466,341,86,427,3
2021-06-27,Tulare,107,460477,50233,49749,9472,59221,850
2021-06-27,Tuolumne,109,53932,4128,4121,39,4160,64
2021-06-27,Ventura,111,848112,81825,81361,3087,84448,1032
2021-06-27,Yolo,113,214977,14184,14194,361,14555,213
2021-06-27,Yuba,115,75493,6217,6205,132,6337,51
2021-06-26,Alameda,001,1643700,89622,89560,2052,91612,1259
2021-06-26,Alpine,003,1148,89,89,0,89,0
2021-06-26,Amador,005,37829,3764,3748,33,3781,46
2021-06-26,Butte,007,227075,12789,12693,1918,14611,198
2021-06-26,Calaveras,009,45235,2202,2202,14,2216,55
2021-06-26,Colusa,011,21464,1968,1973,324,2297,15
2021-06-26,Contra Costa,013,1133247,71104,70712,1353,72065,816
2021-06-26,Del Norte,015,27424,1460,1432,14,1446,8
2021-06-26,El Dorado,017,186661,10461,10414,781,11195,115
2021-06-26,Fresno,019,978130,103373,103091,8968,112059,1727
2021-06-26,Glenn,021,27897,2445,2441,580,3021,20
2021-06-26,Humboldt,023,135768,4527,4509,45,4554,49
2021-06-26,Imperial,025,180216,28754,28970,2863,31833,741
2021-06-26,Inyo,027,18085,1412,1407,22,1429,35
2021-06-26,Kern,029,883053,97889,97239,11387,108626,1348
2021-06-26,Kings,031,150075,23229,23128,1161,24289,246
2021-06-26,Lake,033,64148,3611,3576,13,3589,56
2021-06-26,Lassen,035,31185,5278,5263,119,5382,20
2021-06-26,Los Angeles,037,10098052,1210888,1207198,42775,1249973,24490
2021-06-26,Madera,039,155013,16790,16679,968,17647,240
2021-06-26,Marin,041,260295,14185,14180,277,14457,232
2021-06-26,Mariposa,043,17540,440,440,12,452,5
2021-06-26,Mendocino,045,87422,4182,4096,77,4173,49
2021-06-26,Merced,047,269075,31307,31259,1011,32270,469
2021-06-26,Modoc,049,8938,418,411,148,559,3
2021-06-26,Mono,051,14174,1256,1279,15,1294,3
2021-06-26,Monterey,053,433212,43280,43192,1922,45114,462
2021-06-26,Napa,055,140530,10043,10043,34,10077,81
2021-06-26,Nevada,057,99092,4982,4939,201,5140,72
2021-06-26,Orange,059,3164182,257023,255640,11686,267326,5123
2021-06-26,Placer,061,380077,23855,23702,1590,25292,299
2021-06-26,Plumas,063,18699,720,704,13,717,4
2021-06-26,Riverside,065,2383286,293848,292480,14339,306819,4505
2021-06-26,Sacramento,067,1510023,108465,108179,1886,110065,1675
2021-06-26,San Benito,069,59416,6105,6100,119,6219,63
2021-06-26,San Bernardino,071,2135413,294697,294034,9249,303283,4928
2021-06-26,San Diego,073,3302833,283145,282263,15302,297565,3780
2021-06-26,San Francisco,075,870044,37156,37348,1346,38694,559
2021-06-26,San Joaquin,077,732212,74115,73928,3740,77668,1411
2021-06-26,San Luis Obispo,079,281455,21448,21330,773,22103,256
2021-06-26,San Mateo,081,765935,42808,42898,492,43390,539
2021-06-26,Santa Barbara,083,443738,35095,34525,1227,35752,455
2021-06-26,Santa Clara,085,1922200,119407,120321,793,121114,2103
2021-06-26,Santa Cruz,087,273765,16307,16239,853,17092,208
2021-06-26,Shasta,089,179085,12624,12635,1692,14327,203
2021-06-26,Sierra,091,2930,62,58,14,72,0
2021-06-26,Siskiyou,093,43540,1961,1896,376,2272,29
2021-06-26,Solano,095,438530,33495,33489,572,34061,267
2021-06-26,Sonoma,097,501317,31012,31088,372,31460,315
2021-06-26,Stanislaus,099,539301,57233,57006,6166,63172,1018
2021-06-26,Sutter,101,95872,9678,9669,97,9766,114
2021-06-26,Tehama,103,63373,5137,5119,608,5727,63
2021-06-26,Trinity,105,12862,466,341,86,427,3
2021-06-26,Tulare,107,460477,50227,49745,9472,59217,850
2021-06-26,Tuolumne,109,53932,4128,4121,39,4160,64
2021-06-26,Ventura,111,848112,81801,81352,3086,84438,1032
2021-06-26,Yolo,113,214977,14176,14184,361,14545,213
2021-06-26,Yuba,115,75493,6214,6200,132,6332,51
2021-06-25,Alameda,001,1643700,89556,89453,2049,91502,1271
2021-06-25,Alpine,003,1148,89,89,0,89,0
2021-06-25,Amador,005,37829,3763,3746,33,3779,46
2021-06-25,Butte,007,227075,12784,12682,1915,14597,198
2021-06-25,Calaveras,009,45235,2201,2201,14,2215,55
2021-06-25,Colusa,011,21464,1968,1972,324,2296,15
2021-06-25,Contra Costa,013,1133247,71068,70659,1353,72012,815
2021-06-25,Del Norte,015,27424,1460,1426,14,1440,8
2021-06-25,El Dorado,017,186661,10453,10406,778,11184,115
2021-06-25,Fresno,019,978130,103356,103073,8964,112037,1727
2021-06-25,Glenn,021,27897,2445,2441,580,3021,20
2021-06-25,Humboldt,023,135768,4521,4503,43,4546,49
2021-06-25,Imperial,025,180216,28751,28968,2863,31831,740
2021-06-25,Inyo,027,18085,1411,1406,22,1428,35
2021-06-25,Kern,029,883053,97870,97182,11383,108565,1347
2021-06-25,Kings,031,150075,23223,23118,1161,24279,246
2021-06-25,Lake,033,64148,3605,3571,13,3584,56
2021-06-25,Lassen,035,31185,5277,5259,119,5378,20
2021-06-25,Los Angeles,037,10098052,1210612,1206909,42757,1249666,24483
2021-06-25,Madera,039,155013,16787,16670,968,17638,240
2021-06-25,Marin,041,260295,14182,14179,277,14456,232
2021-06-25,Mariposa,043,17540,440,440,12,452,5
2021-06-25,Mendocino,045,87422,4179,4089,77,4166,49
2021-06-25,Merced,047,269075,31299,31256,1011,32267,467
2021-06-25,Modoc,049,8938,418,411,148,559,3
2021-06-25,Mono,051,14174,1256,1279,15,1294,3
2021-06-25,Monterey,053,433212,43275,43184,1921,45105,462
2021-06-25,Napa,055,140530,10038,10037,34,10071,81
2021-06-25,Nevada,057,99092,4979,4932,201,5133,72
2021-06-25,Orange,059,3164182,256952,255574,11684,267258,5119
2021-06-25,Placer,061,380077,23836,23672,1589,25261,299
2021-06-25,Plumas,063,18699,720,702,12,714,4
2021-06-25,Riverside,065,2383286,293781,291663,14333,305996,4490
2021-06-25,Sacramento,067,1510023,108393,108034,1883,109917,1673
2021-06-25,San Benito,069,59416,6101,6098,119,6217,63
2021-06-25,San Bernardino,071,2135413,294642,293941,9247,303188,4911
2021-06-25,San Diego,073,3302833,283085,282157,15289,297446,3779
2021-06-25,San Francisco,075,870044,37133,37338,1345,38683,559
2021-06-25,San Joaquin,077,732212,74082,73860,3738,77598,1410
2021-06-25,San Luis Obispo,079,281455,21445,21325,772,22097,256
2021-06-25,San Mateo,081,765935,42790,42849,492,43341,537
2021-06-25,Santa Barbara,083,443738,35087,34518,1226,35744,454
2021-06-25,Santa Clara,085,1922200,119387,120272,793,121065,2103
2021-06-25,Santa Cruz,087,273765,16304,16230,851,17081,208
2021-06-25,Shasta,089,179085,12614,12633,1691,14324,202
2021-06-25,Sierra,091,2930,62,58,14,72,0
2021-06-25,Siskiyou,093,43540,1960,1894,376,2270,29
2021-06-25,Solano,095,438530,33475,33449,572,34021,267
2021-06-25,Sonoma,097,501317,30990,31043,372,31415,314
2021-06-25,Stanislaus,099,539301,57214,56973,6159,63132,1018
2021-06-25,Sutter,101,95872,9671,9664,97,9761,114
2021-06-25,Tehama,103,63373,5136,5119,608,5727,63
2021-06-25,Trinity,105,12862,466,338,86,424,3
2021-06-25,Tulare,107,460477,50221,49731,9468,59199,850
2021-06-25,Tuolumne,109,53932,4127,4121,39,4160,64
2021-06-25,Ventura,111,848112,81772,81342,3080,84422,1032
2021-06-25,Yolo,113,214977,14170,14172,361,14533,213
2021-06-25,Yuba,115,75493,6210,6195,132,6327,51
2021-06-24,Alameda,001,1643700,89484,89358,2045,91403,1268
2021-06-24,Alpine,003,1148,89,89,0,89,0
2021-06-24,Amador,005,37829,3759,3745,33,3778,46
2021-06-24,Butte,007,227075,12778,12673,1913,14586,198
2021-06-24,Calaveras,009,45235,2198,2202,14,2216,55
2021-06-24,Colusa,011,21464,1967,1972,324,2296,15
2021-06-24,Contra Costa,013,1133247,71009,70590,1353,71943,813
2021-06-24,Del Norte,015,27424,1459,1421,14,1435,8
2021-06-24,El Dorado,017,186661,10446,10402,778,11180,115
2021-06-24,Fresno,019,978130,103336,103061,8961,112022,1727
2021-06-24,Glenn,021,27897,2444,2439,580,3019,20
2021-06-24,Humboldt,023,135768,4516,4493,43,4536,49
2021-06-24,Imperial,025,180216,28748,28981,2863,31844,740
2021-06-24,Inyo,027,18085,1410,1406,22,1428,35
2021-06-24,Kern,029,883053,97851,97129,11370,108499,1346
2021-06-24,Kings,031,150075,23219,23114,1159,24273,246
2021-06-24,Lake,033,64148,3599,3571,13,3584,56
2021-06-24,Lassen,035,31185,5276,5258,119,5377,20
2021-06-24,Los Angeles,037,10098052,1210288,1206590,42734,1249324,24480
2021-06-24,Madera,039,155013,16776,16662,967,17629,240
2021-06-24,Marin,041,260295,14178,14180,277,14457,232
2021-06-24,Mariposa,043,17540,440,440,12,452,5
2021-06-24,Mendocino,045,87422,4171,4085,77,4162,49
2021-06-24,Merced,047,269075,31289,31248,1010,32258,466
2021-06-24,Modoc,049,8938,418,411,148,559,3
2021-06-24,Mono,051,14174,1256,1276,15,1291,3
2021-06-24,Monterey,053,433212,43268,43180,1921,45101,451
2021-06-24,Napa,055,140530,10036,10036,34,10070,80
2021-06-24,Nevada,057,99092,4977,4927,201,5128,72
2021-06-24,Orange,059,3164182,256888,255520,11676,267196,5117
2021-06-24,Placer,061,380077,23811,23659,1587,25246,299
2021-06-24,Plumas,063,18699,719,702,12,714,4
2021-06-24,Riverside,065,2383286,293701,291067,14322,305389,4473
2021-06-24,Sacramento,067,1510023,108305,107965,1881,109846,1672
2021-06-24,San Benito,069,59416,6098,6098,119,6217,63
2021-06-24,San Bernardino,071,2135413,294574,293895,9242,303137,4898
2021-06-24,San Diego,073,3302833,282980,282053,15277,297330,3778
2021-06-24,San Francisco,075,870044,37111,37320,1343,38663,559
2021-06-24,San Joaquin,077,732212,74034,73814,3738,77552,1408
2021-06-24,San Luis Obispo,079,281455,21439,21326,772,22098,256
2021-06-24,San Mateo,081,765935,42764,42814,491,43305,542
2021-06-24,Santa Barbara,083,443738,35081,34512,1225,35737,454
2021-06-24,Santa Clara,085,1922200,119357,120274,792,121066,2103
2021-06-24,Santa Cruz,087,273765,16303,16227,851,17078,208
2021-06-24,Shasta,089,179085,12609,12629,1687,14316,202
2021-06-24,Sierra,091,2930,62,58,14,72,0
2021-06-24,Siskiyou,093,43540,1960,1892,376,2268,28
2021-06-24,Solano,095,438530,33453,33432,570,34002,267
2021-06-24,Sonoma,097,501317,30961,31020,372,31392,314
2021-06-24,Stanislaus,099,539301,57182,56946,6159,63105,1018
2021-06-24,Sutter,101,95872,9664,9660,97,9757,113
2021-06-24,Tehama,103,63373,5133,5115,608,5723,63
2021-06-24,Trinity,105,12862,465,338,86,424,3
2021-06-24,Tulare,107,460477,50210,49730,9466,59196,850
2021-06-24,Tuolumne,109,53932,4125,4120,39,4159,64
2021-06-24,Ventura,111,848112,81744,81332,3079,84411,1032
2021-06-24,Yolo,113,214977,14161,14169,358,14527,213
2021-06-24,Yuba,115,75493,6205,6195,132,6327,51
2021-06-23,Alameda,001,1643700,89412,89338,2044,91382,1266
2021-06-23,Alpine,003,1148,89,88,0,88,0
2021-06-23,Amador,005,37829,3757,3743,33,3776,46
2021-06-23,Butte,007,227075,12771,12666,1913,14579,198
2021-06-23,Calaveras,009,45235,2197,2199,14,2213,55
2021-06-23,Colusa,011,21464,1966,1972,324,2296,15
2021-06-23,Contra Costa,013,1133247,70944,70526,1352,71878,813
2021-06-23,Del Norte,015,27424,1455,1418,14,1432,8
2021-06-23,El Dorado,017,186661,10437,10395,775,11170,115
2021-06-23,Fresno,019,978130,103307,103020,8959,111979,1724
2021-06-23,Glenn,021,27897,2444,2437,579,3016,20
2021-06-23,Humboldt,023,135768,4507,4490,43,4533,48
2021-06-23,Imperial,025,180216,28741,28908,2863,31771,740
2021-06-23,Inyo,027,18085,1410,1406,22,1428,35
2021-06-23,Kern,029,883053,97823,97078,11356,108434,1345
2021-06-23,Kings,031,150075,23212,23105,1157,24262,245
2021-06-23,Lake,033,64148,3590,3566,13,3579,53
2021-06-23,Lassen,035,31185,5273,5257,119,5376,20
2021-06-23,Los Angeles,037,10098052,1209951,1206358,42724,1249082,24472
2021-06-23,Madera,039,155013,16770,16660,967,17627,240
2021-06-23,Marin,041,260295,14172,14177,277,14454,230
2021-06-23,Mariposa,043,17540,440,439,12,451,5
2021-06-23,Mendocino,045,87422,4167,4078,77,4155,49
2021-06-23,Merced,047,269075,31280,31260,1010,32270,465
2021-06-23,Modoc,049,8938,416,407,148,555,3
2021-06-23,Mono,051,14174,1256,1279,15,1294,3
2021-06-23,Monterey,053,433212,43259,43166,1921,45087,439
2021-06-23,Napa,055,140530,10027,10032,34,10066,80
2021-06-23,Nevada,057,99092,4974,4924,201,5125,72
2021-06-23,Orange,059,3164182,256821,255479,11668,267147,5116
2021-06-23,Placer,061,380077,23782,23630,1582,25212,299
2021-06-23,Plumas,063,18699,718,701,12,713,4
2021-06-23,Riverside,065,2383286,293618,290343,14320,304663,4462
2021-06-23,Sacramento,067,1510023,108213,107868,1876,109744,1671
2021-06-23,San Benito,069,59416,6094,6097,119,6216,63
2021-06-23,San Bernardino,071,2135413,294495,293816,9237,303053,4886
2021-06-23,San Diego,073,3302833,282880,281937,15256,297193,3777
2021-06-23,San Francisco,075,870044,37087,37304,1342,38646,559
2021-06-23,San Joaquin,077,732212,73995,73764,3736,77500,1405
2021-06-23,San Luis Obispo,079,281455,21435,21323,771,22094,257
2021-06-23,San Mateo,081,765935,42748,42756,491,43247,542
2021-06-23,Santa Barbara,083,443738,35071,34505,1225,35730,454
2021-06-23,Santa Clara,085,1922200,119328,120233,792,121025,2098
2021-06-23,Santa Cruz,087,273765,16299,16215,851,17066,209
2021-06-23,Shasta,089,179085,12602,12604,1685,14289,202
2021-06-23,Sierra,091,2930,62,57,14,71,0
2021-06-23,Siskiyou,093,43540,1958,1892,376,2268,28
2021-06-23,Solano,095,438530,33409,33408,570,33978,267
2021-06-23,Sonoma,097,501317,30921,30959,370,31329,314
2021-06-23,Stanislaus,099,539301,57149,56926,6158,63084,1017
2021-06-23,Sutter,101,95872,9658,9653,97,9750,113
2021-06-23,Tehama,103,63373,5133,5119,607,5726,63
2021-06-23,Trinity,105,12862,465,338,86,424,3
2021-06-23,Tulare,107,460477,50203,49711,9462,59173,850
2021-06-23,Tuolumne,109,53932,4122,4120,39,4159,64
2021-06-23,Ventura,111,848112,81721,81312,3076,84388,1032
2021-06-23,Yolo,113,214977,14151,14161,358,14519,212
2021-06-23,Yuba,115,75493,6202,6190,132,6322,51
2021-06-22,Alameda,001,1643700,89344,89308,2044,91352,1263
2021-06-22,Alpine,003,1148,89,88,0,88,0
2021-06-22,Amador,005,37829,3754,3743,33,3776,46
2021-06-22,Butte,007,227075,12767,12662,1910,14572,198
2021-06-22,Calaveras,009,45235,2196,2198,14,2212,55
2021-06-22,Colusa,011,21464,1965,1971,324,2295,15
2021-06-22,Contra Costa,013,1133247,70888,70480,1351,71831,813
2021-06-22,Del Norte,015,27424,1452,1417,14,1431,8
2021-06-22,El Dorado,017,186661,10432,10380,774,11154,113
2021-06-22,Fresno,019,978130,103288,102996,8955,111951,1724
2021-06-22,Glenn,021,27897,2443,2435,577,3012,19
2021-06-22,Humboldt,023,135768,4497,4483,43,4526,42
2021-06-22,Imperial,025,180216,28736,28880,2863,31743,740
2021-06-22,Inyo,027,18085,1410,1405,22,1427,35
2021-06-22,Kern,029,883053,97810,97013,11352,108365,1342
2021-06-22,Kings,031,150075,23204,23098,1156,24254,245
2021-06-22,Lake,033,64148,3588,3564,13,3577,45
2021-06-22,Lassen,035,31185,5268,5254,119,5373,20
2021-06-22,Los Angeles,037,10098052,1209638,1206146,42712,1248858,24461
2021-06-22,Madera,039,155013,16765,16652,967,17619,240
2021-06-22,Marin,041,260295,14170,14174,277,14451,230
2021-06-22,Mariposa,043,17540,440,439,12,451,5
2021-06-22,Mendocino,045,87422,4161,4072,77,4149,49
2021-06-22,Merced,047,269075,31269,31267,1010,32277,464
2021-06-22,Modoc,049,8938,414,405,147,552,3
2021-06-22,Mono,051,14174,1256,1277,15,1292,3
2021-06-22,Monterey,053,433212,43256,43162,1920,45082,427
2021-06-22,Napa,055,140530,10022,10029,34,10063,80
2021-06-22,Nevada,057,99092,4968,4923,201,5124,72
2021-06-22,Orange,059,3164182,256752,255452,11657,267109,5114
2021-06-22,Placer,061,380077,23760,23603,1582,25185,299
2021-06-22,Plumas,063,18699,718,697,12,709,4
2021-06-22,Riverside,065,2383286,293557,289839,14316,304155,4456
2021-06-22,Sacramento,067,1510023,108112,107801,1871,109672,1670
2021-06-22,San Benito,069,59416,6093,6098,119,6217,63
2021-06-22,San Bernardino,071,2135413,294419,293770,9231,303001,4873
2021-06-22,San Diego,073,3302833,282775,281867,15234,297101,3771
2021-06-22,San Francisco,075,870044,37073,37287,1342,38629,556
2021-06-22,San Joaquin,077,732212,73965,73723,3735,77458,1405
2021-06-22,San Luis Obispo,079,281455,21432,21321,770,22091,257
2021-06-22,San Mateo,081,765935,42734,42725,485,43210,542
2021-06-22,Santa Barbara,083,443738,35060,34500,1224,35724,454
2021-06-22,Santa Clara,085,1922200,119296,120194,792,120986,2095
2021-06-22,Santa Cruz,087,273765,16294,16218,851,17069,209
2021-06-22,Shasta,089,179085,12591,12616,1682,14298,202
2021-06-22,Sierra,091,2930,61,57,14,71,0
2021-06-22,Siskiyou,093,43540,1958,1892,376,2268,28
2021-06-22,Solano,095,438530,33391,33397,569,33966,267
2021-06-22,Sonoma,097,501317,30881,30933,370,31303,314
2021-06-22,Stanislaus,099,539301,57129,56915,6156,63071,1017
2021-06-22,Sutter,101,95872,9651,9649,97,9746,113
2021-06-22,Tehama,103,63373,5131,5118,606,5724,63
2021-06-22,Trinity,105,12862,463,337,86,423,3
2021-06-22,Tulare,107,460477,50195,49706,9457,59163,850
2021-06-22,Tuolumne,109,53932,4120,4119,39,4158,64
2021-06-22,Ventura,111,848112,81707,81300,3075,84375,1032
2021-06-22,Yolo,113,214977,14146,14157,356,14513,212
2021-06-22,Yuba,115,75493,6198,6181,132,6313,51
2021-06-21,Alameda,001,1643700,89284,89281,2043,91324,1262
2021-06-21,Alpine,003,1148,89,88,0,88,0
2021-06-21,Amador,005,37829,3748,3742,33,3775,46
2021-06-21,Butte,007,227075,12761,12668,1908,14576,195
2021-06-21,Calaveras,009,45235,2195,2194,14,2208,55
2021-06-21,Colusa,011,21464,1964,1970,323,2293,15
2021-06-21,Contra Costa,013,1133247,70817,70439,1349,71788,813
2021-06-21,Del Norte,015,27424,1448,1416,14,1430,8
2021-06-21,El Dorado,017,186661,10426,10375,773,11148,113
2021-06-21,Fresno,019,978130,103269,102971,8952,111923,1724
2021-06-21,Glenn,021,27897,2442,2433,577,3010,19
2021-06-21,Humboldt,023,135768,4488,4478,42,4520,42
2021-06-21,Imperial,025,180216,28732,28855,2863,31718,740
2021-06-21,Inyo,027,18085,1409,1405,22,1427,35
2021-06-21,Kern,029,883053,97781,96995,11343,108338,1342
2021-06-21,Kings,031,150075,23197,23091,1153,24244,245
2021-06-21,Lake,033,64148,3582,3563,13,3576,45
2021-06-21,Lassen,035,31185,5266,5233,119,5352,19
2021-06-21,Los Angeles,037,10098052,1209347,1205994,42691,1248685,24459
2021-06-21,Madera,039,155013,16756,16647,966,17613,240
2021-06-21,Marin,041,260295,14166,14173,277,14450,230
2021-06-21,Mariposa,043,17540,440,439,12,451,5
2021-06-21,Mendocino,045,87422,4158,4085,77,4162,49
2021-06-21,Merced,047,269075,31259,31264,1009,32273,465
2021-06-21,Modoc,049,8938,414,405,147,552,3
2021-06-21,Mono,051,14174,1256,1277,15,1292,3
2021-06-21,Monterey,053,433212,43253,43157,1920,45077,427
2021-06-21,Napa,055,140530,10018,10028,34,10062,80
2021-06-21,Nevada,057,99092,4964,4921,201,5122,72
2021-06-21,Orange,059,3164182,256680,255400,11650,267050,5113
2021-06-21,Placer,061,380077,23735,23577,1582,25159,298
2021-06-21,Plumas,063,18699,716,697,12,709,4
2021-06-21,Riverside,065,2383286,293481,289797,14311,304108,4456
2021-06-21,Sacramento,067,1510023,108001,107757,1870,109627,1669
2021-06-21,San Benito,069,59416,6089,6098,119,6217,63
2021-06-21,San Bernardino,071,2135413,294332,293736,9227,302963,4850
2021-06-21,San Diego,073,3302833,282669,281811,15214,297025,3771
2021-06-21,San Francisco,075,870044,37057,37275,1341,38616,556
2021-06-21,San Joaquin,077,732212,73924,73687,3734,77421,1405
2021-06-21,San Luis Obispo,079,281455,21423,21316,770,22086,257
2021-06-21,San Mateo,081,765935,42717,42685,484,43169,542
2021-06-21,Santa Barbara,083,443738,35055,34492,1224,35716,455
2021-06-21,Santa Clara,085,1922200,119263,120192,791,120983,2093
2021-06-21,Santa Cruz,087,273765,16292,16212,851,17063,208
2021-06-21,Shasta,089,179085,12578,12617,1679,14296,201
2021-06-21,Sierra,091,2930,61,57,14,71,0
2021-06-21,Siskiyou,093,43540,1958,1892,376,2268,27
2021-06-21,Solano,095,438530,33368,33383,567,33950,266
2021-06-21,Sonoma,097,501317,30859,30912,370,31282,314
2021-06-21,Stanislaus,099,539301,57099,56891,6151,63042,1017
2021-06-21,Sutter,101,95872,9650,9649,97,9746,113
2021-06-21,Tehama,103,63373,5131,5115,605,5720,63
2021-06-21,Trinity,105,12862,463,337,86,423,3
2021-06-21,Tulare,107,460477,50184,49689,9453,59142,849
2021-06-21,Tuolumne,109,53932,4116,4119,39,4158,63
2021-06-21,Ventura,111,848112,81679,81291,3071,84362,1031
2021-06-21,Yolo,113,214977,14140,14165,356,14521,212
2021-06-21,Yuba,115,75493,6197,6172,132,6304,51
2021-06-20,Alameda,001,1643700,89221,89255,2043,91298,1263
2021-06-20,Alpine,003,1148,89,88,0,88,0
2021-06-20,Amador,005,37829,3745,3740,33,3773,46
2021-06-20,Butte,007,227075,12754,12668,1907,14575,194
2021-06-20,Calaveras,009,45235,2193,2193,14,2207,55
2021-06-20,Colusa,011,21464,1964,1970,323,2293,15
2021-06-20,Contra Costa,013,1133247,70761,70401,1347,71748,813
2021-06-20,Del Norte,015,27424,1444,1416,14,1430,8
2021-06-20,El Dorado,017,186661,10412,10372,771,11143,113
2021-06-20,Fresno,019,978130,103228,102947,8949,111896,1724
2021-06-20,Glenn,021,27897,2442,2434,577,3011,19
2021-06-20,Humboldt,023,135768,4482,4472,42,4514,42
2021-06-20,Imperial,025,180216,28723,28855,2863,31718,740
2021-06-20,Inyo,027,18085,1408,1405,22,1427,35
2021-06-20,Kern,029,883053,97760,96985,11332,108317,1342
2021-06-20,Kings,031,150075,23192,23088,1151,24239,245
2021-06-20,Lake,033,64148,3580,3563,13,3576,45
2021-06-20,Lassen,035,31185,5263,5230,119,5349,19
2021-06-20,Los Angeles,037,10098052,1209050,1205874,42682,1248556,24456
2021-06-20,Madera,039,155013,16748,16638,964,17602,240
2021-06-20,Marin,041,260295,14163,14166,277,14443,230
2021-06-20,Mariposa,043,17540,438,439,12,451,5
2021-06-20,Mendocino,045,87422,4151,4080,77,4157,49
2021-06-20,Merced,047,269075,31246,31265,1009,32274,465
2021-06-20,Modoc,049,8938,414,405,147,552,3
2021-06-20,Mono,051,14174,1256,1275,15,1290,3
2021-06-20,Monterey,053,433212,43244,43156,1919,45075,427
2021-06-20,Napa,055,140530,10011,10026,33,10059,80
2021-06-20,Nevada,057,99092,4957,4919,201,5120,72
2021-06-20,Orange,059,3164182,256616,255377,11639,267016,5113
2021-06-20,Placer,061,380077,23702,23562,1578,25140,298
2021-06-20,Plumas,063,18699,715,697,12,709,4
2021-06-20,Riverside,065,2383286,293405,289770,14301,304071,4456
2021-06-20,Sacramento,067,1510023,107890,107700,1867,109567,1669
2021-06-20,San Benito,069,59416,6089,6098,119,6217,63
2021-06-20,San Bernardino,071,2135413,294232,293713,9223,302936,4845
2021-06-20,San Diego,073,3302833,282563,281750,15192,296942,3771
2021-06-20,San Francisco,075,870044,37035,37269,1341,38610,556
2021-06-20,San Joaquin,077,732212,73879,73676,3725,77401,1405
2021-06-20,San Luis Obispo,079,281455,21421,21313,770,22083,257
2021-06-20,San Mateo,081,765935,42688,42681,484,43165,542
2021-06-20,Santa Barbara,083,443738,35046,34487,1224,35711,455
2021-06-20,Santa Clara,085,1922200,119228,120163,791,120954,2093
2021-06-20,Santa Cruz,087,273765,16287,16210,851,17061,208
2021-06-20,Shasta,089,179085,12573,12617,1677,14294,201
2021-06-20,Sierra,091,2930,61,57,14,71,0
2021-06-20,Siskiyou,093,43540,1957,1891,376,2267,27
2021-06-20,Solano,095,438530,33346,33361,565,33926,266
2021-06-20,Sonoma,097,501317,30812,30884,367,31251,314
2021-06-20,Stanislaus,099,539301,57065,56868,6150,63018,1017
2021-06-20,Sutter,101,95872,9647,9645,97,9742,113
2021-06-20,Tehama,103,63373,5127,5115,605,5720,63
2021-06-20,Trinity,105,12862,463,337,86,423,3
2021-06-20,Tulare,107,460477,50175,49685,9451,59136,849
2021-06-20,Tuolumne,109,53932,4113,4117,39,4156,63
2021-06-20,Ventura,111,848112,81663,81282,3069,84351,1031
2021-06-20,Yolo,113,214977,14133,14160,356,14516,212
2021-06-20,Yuba,115,75493,6190,6167,132,6299,51
2021-06-19,Alameda,001,1643700,89188,89202,2043,91245,1263
2021-06-19,Alpine,003,1148,89,88,0,88,0
2021-06-19,Amador,005,37829,3743,3739,33,3772,46
2021-06-19,Butte,007,227075,12750,12659,1907,14566,194
2021-06-19,Calaveras,009,45235,2193,2192,14,2206,55
2021-06-19,Colusa,011,21464,1964,1969,323,2292,15
2021-06-19,Contra Costa,013,1133247,70730,70334,1346,71680,813
2021-06-19,Del Norte,015,27424,1443,1416,14,1430,8
2021-06-19,El Dorado,017,186661,10411,10363,770,11133,113
2021-06-19,Fresno,019,978130,103215,102922,8946,111868,1724
2021-06-19,Glenn,021,27897,2441,2434,576,3010,19
2021-06-19,Humboldt,023,135768,4471,4463,42,4505,42
2021-06-19,Imperial,025,180216,28722,28813,2863,31676,740
2021-06-19,Inyo,027,18085,1408,1405,22,1427,35
2021-06-19,Kern,029,883053,97744,96966,11328,108294,1342
2021-06-19,Kings,031,150075,23189,23086,1151,24237,245
2021-06-19,Lake,033,64148,3576,3563,13,3576,45
2021-06-19,Lassen,035,31185,5262,5225,119,5344,19
2021-06-19,Los Angeles,037,10098052,1208852,1205602,42668,1248270,24454
2021-06-19,Madera,039,155013,16746,16632,964,17596,240
2021-06-19,Marin,041,260295,14155,14152,277,14429,230
2021-06-19,Mariposa,043,17540,438,439,12,451,5
2021-06-19,Mendocino,045,87422,4145,4077,77,4154,49
2021-06-19,Merced,047,269075,31244,31256,1009,32265,465
2021-06-19,Modoc,049,8938,413,402,147,549,3
2021-06-19,Mono,051,14174,1256,1275,15,1290,3
2021-06-19,Monterey,053,433212,43238,43153,1919,45072,427
2021-06-19,Napa,055,140530,10007,10025,33,10058,80
2021-06-19,Nevada,057,99092,4952,4910,201,5111,72
2021-06-19,Orange,059,3164182,256569,255329,11636,266965,5112
2021-06-19,Placer,061,380077,23686,23537,1575,25112,298
2021-06-19,Plumas,063,18699,714,697,12,709,4
2021-06-19,Riverside,065,2383286,293359,289720,14301,304021,4456
2021-06-19,Sacramento,067,1510023,107844,107631,1864,109495,1669
2021-06-19,San Benito,069,59416,6088,6098,119,6217,63
2021-06-19,San Bernardino,071,2135413,294188,293673,9220,302893,4844
2021-06-19,San Diego,073,3302833,282503,281682,15178,296860,3771
2021-06-19,San Francisco,075,870044,37022,37256,1341,38597,556
2021-06-19,San Joaquin,077,732212,73863,73652,3721,77373,1405
2021-06-19,San Luis Obispo,079,281455,21419,21308,770,22078,257
2021-06-19,San Mateo,081,765935,42670,42646,482,43128,542
2021-06-19,Santa Barbara,083,443738,35044,34472,1224,35696,455
2021-06-19,Santa Clara,085,1922200,119205,120110,790,120900,2093
2021-06-19,Santa Cruz,087,273765,16282,16206,851,17057,208
2021-06-19,Shasta,089,179085,12571,12615,1676,14291,201
2021-06-19,Sierra,091,2930,61,57,14,71,0
2021-06-19,Siskiyou,093,43540,1957,1891,375,2266,27
2021-06-19,Solano,095,438530,33336,33341,564,33905,266
2021-06-19,Sonoma,097,501317,30771,30841,366,31207,314
2021-06-19,Stanislaus,099,539301,57046,56847,6147,62994,1017
2021-06-19,Sutter,101,95872,9644,9645,97,9742,113
2021-06-19,Tehama,103,63373,5126,5115,605,5720,63
2021-06-19,Trinity,105,12862,463,337,86,423,3
2021-06-19,Tulare,107,460477,50168,49681,9446,59127,849
2021-06-19,Tuolumne,109,53932,4113,4117,39,4156,63
2021-06-19,Ventura,111,848112,81650,81270,3068,84338,1031
2021-06-19,Yolo,113,214977,14129,14156,355,14511,212
2021-06-19,Yuba,115,75493,6189,6157,132,6289,51
2021-06-18,Alameda,001,1643700,89151,89123,2043,91166,1263
2021-06-18,Alpine,003,1148,89,88,0,88,0
2021-06-18,Amador,005,37829,3743,3739,33,3772,46
2021-06-18,Butte,007,227075,12747,12653,1904,14557,194
2021-06-18,Calaveras,009,45235,2193,2191,14,2205,55
2021-06-18,Colusa,011,21464,1963,1969,323,2292,15
2021-06-18,Contra Costa,013,1133247,70688,70271,1344,71615,813
2021-06-18,Del Norte,015,27424,1443,1415,14,1429,8
2021-06-18,El Dorado,017,186661,10408,10348,768,11116,113
2021-06-18,Fresno,019,978130,103199,102894,8944,111838,1722
2021-06-18,Glenn,021,27897,2440,2430,576,3006,19
2021-06-18,Humboldt,023,135768,4463,4450,42,4492,42
2021-06-18,Imperial,025,180216,28720,28809,2863,31672,740
2021-06-18,Inyo,027,18085,1408,1405,22,1427,35
2021-06-18,Kern,029,883053,97733,96948,11322,108270,1341
2021-06-18,Kings,031,150075,23184,23082,1151,24233,245
2021-06-18,Lake,033,64148,3572,3563,13,3576,45
2021-06-18,Lassen,035,31185,5261,5224,119,5343,19
2021-06-18,Los Angeles,037,10098052,1208696,1205472,42651,1248123,24451
2021-06-18,Madera,039,155013,16740,16625,964,17589,241
2021-06-18,Marin,041,260295,14152,14147,277,14424,230
2021-06-18,Mariposa,043,17540,438,439,12,451,5
2021-06-18,Mendocino,045,87422,4140,4068,77,4145,49
2021-06-18,Merced,047,269075,31242,31262,1009,32271,464
2021-06-18,Modoc,049,8938,413,402,147,549,3
2021-06-18,Mono,051,14174,1255,1275,14,1289,3
2021-06-18,Monterey,053,433212,43235,43148,1919,45067,427
2021-06-18,Napa,055,140530,10003,10021,33,10054,80
2021-06-18,Nevada,057,99092,4944,4903,201,5104,72
2021-06-18,Orange,059,3164182,256531,255274,11633,266907,5108
2021-06-18,Placer,061,380077,23678,23500,1572,25072,298
2021-06-18,Plumas,063,18699,714,697,12,709,4
2021-06-18,Riverside,065,2383286,293311,289676,14300,303976,4457
2021-06-18,Sacramento,067,1510023,107796,107570,1864,109434,1669
2021-06-18,San Benito,069,59416,6087,6097,119,6216,63
2021-06-18,San Bernardino,071,2135413,294143,293629,9215,302844,4826
2021-06-18,San Diego,073,3302833,282427,281608,15167,296775,3771
2021-06-18,San Francisco,075,870044,37013,37246,1341,38587,556
2021-06-18,San Joaquin,077,732212,73845,73623,3719,77342,1403
2021-06-18,San Luis Obispo,079,281455,21415,21301,769,22070,257
2021-06-18,San Mateo,081,765935,42659,42630,481,43111,542
2021-06-18,Santa Barbara,083,443738,35033,34469,1224,35693,455
2021-06-18,Santa Clara,085,1922200,119184,120081,789,120870,2093
2021-06-18,Santa Cruz,087,273765,16278,16202,851,17053,208
2021-06-18,Shasta,089,179085,12567,12607,1674,14281,201
2021-06-18,Sierra,091,2930,60,57,14,71,0
2021-06-18,Siskiyou,093,43540,1957,1890,375,2265,27
2021-06-18,Solano,095,438530,33322,33323,564,33887,266
2021-06-18,Sonoma,097,501317,30753,30816,364,31180,313
2021-06-18,Stanislaus,099,539301,57031,56803,6145,62948,1012
2021-06-18,Sutter,101,95872,9641,9643,97,9740,113
2021-06-18,Tehama,103,63373,5124,5114,605,5719,63
2021-06-18,Trinity,105,12862,463,337,85,422,3
2021-06-18,Tulare,107,460477,50166,49664,9439,59103,849
2021-06-18,Tuolumne,109,53932,4111,4116,39,4155,63
2021-06-18,Ventura,111,848112,81640,81256,3063,84319,1031
2021-06-18,Yolo,113,214977,14126,14148,353,14501,212
2021-06-18,Yuba,115,75493,6183,6150,132,6282,51
2021-06-17,Alameda,001,1643700,89105,89087,2043,91130,1262
2021-06-17,Alpine,003,1148,89,88,0,88,0
2021-06-17,Amador,005,37829,3741,3731,33,3764,46
2021-06-17,Butte,007,227075,12737,12644,1903,14547,194
2021-06-17,Calaveras,009,45235,2192,2189,14,2203,55
2021-06-17,Colusa,011,21464,1962,1969,323,2292,15
2021-06-17,Contra Costa,013,1133247,70649,70190,1341,71531,810
2021-06-17,Del Norte,015,27424,1441,1413,14,1427,8
2021-06-17,El Dorado,017,186661,10398,10341,768,11109,113
2021-06-17,Fresno,019,978130,103173,102867,8940,111807,1722
2021-06-17,Glenn,021,27897,2440,2430,576,3006,19
2021-06-17,Humboldt,023,135768,4454,4438,42,4480,42
2021-06-17,Imperial,025,180216,28712,28801,2863,31664,741
2021-06-17,Inyo,027,18085,1408,1405,22,1427,35
2021-06-17,Kern,029,883053,97718,96840,11315,108155,1340
2021-06-17,Kings,031,150075,23180,23078,1150,24228,245
2021-06-17,Lake,033,64148,3569,3563,9,3572,45
2021-06-17,Lassen,035,31185,5257,5223,119,5342,19
2021-06-17,Los Angeles,037,10098052,1208485,1205301,42622,1247923,24444
2021-06-17,Madera,039,155013,16735,16618,964,17582,241
2021-06-17,Marin,041,260295,14152,14141,277,14418,229
2021-06-17,Mariposa,043,17540,438,439,12,451,5
2021-06-17,Mendocino,045,87422,4133,4054,77,4131,49
2021-06-17,Merced,047,269075,31237,31262,1009,32271,464
2021-06-17,Modoc,049,8938,412,401,147,548,3
2021-06-17,Mono,051,14174,1254,1275,14,1289,3
2021-06-17,Monterey,053,433212,43227,43140,1919,45059,416
2021-06-17,Napa,055,140530,10003,10014,33,10047,80
2021-06-17,Nevada,057,99092,4940,4898,201,5099,72
2021-06-17,Orange,059,3164182,256485,255240,11622,266862,5109
2021-06-17,Placer,061,380077,23662,23461,1570,25031,298
2021-06-17,Plumas,063,18699,713,697,12,709,4
2021-06-17,Riverside,065,2383286,293258,289627,14297,303924,4458
2021-06-17,Sacramento,067,1510023,107732,107492,1862,109354,1666
2021-06-17,San Benito,069,59416,6087,6097,119,6216,63
2021-06-17,San Bernardino,071,2135413,294103,293560,9215,302775,4811
2021-06-17,San Diego,073,3302833,282351,281531,15153,296684,3771
2021-06-17,San Francisco,075,870044,37002,37243,1340,38583,556
2021-06-17,San Joaquin,077,732212,73821,73560,3714,77274,1403
2021-06-17,San Luis Obispo,079,281455,21413,21297,769,22066,257
2021-06-17,San Mateo,081,765935,42653,42615,481,43096,542
2021-06-17,Santa Barbara,083,443738,35027,34466,1224,35690,453
2021-06-17,Santa Clara,085,1922200,119159,120032,788,120820,2093
2021-06-17,Santa Cruz,087,273765,16274,16197,851,17048,208
2021-06-17,Shasta,089,179085,12559,12597,1674,14271,201
2021-06-17,Sierra,091,2930,60,56,14,70,0
2021-06-17,Siskiyou,093,43540,1956,1889,375,2264,27
2021-06-17,Solano,095,438530,33301,33296,563,33859,266
2021-06-17,Sonoma,097,501317,30722,30793,364,31157,323
2021-06-17,Stanislaus,099,539301,57000,56752,6139,62891,1012
2021-06-17,Sutter,101,95872,9638,9629,97,9726,113
2021-06-17,Tehama,103,63373,5123,5112,603,5715,63
2021-06-17,Trinity,105,12862,462,337,85,422,3
2021-06-17,Tulare,107,460477,50161,49649,9431,59080,849
2021-06-17,Tuolumne,109,53932,4110,4116,39,4155,63
2021-06-17,Ventura,111,848112,81631,81248,3060,84308,1030
2021-06-17,Yolo,113,214977,14118,14141,353,14494,212
2021-06-17,Yuba,115,75493,6174,6140,132,6272,51
2021-06-16,Alameda,001,1643700,89054,89045,2039,91084,1265
2021-06-16,Alpine,003,1148,89,88,0,88,0
2021-06-16,Amador,005,37829,3740,3730,33,3763,46
2021-06-16,Butte,007,227075,12735,12635,1901,14536,194
2021-06-16,Calaveras,009,45235,2190,2188,14,2202,55
2021-06-16,Colusa,011,21464,1962,1967,323,2290,15
2021-06-16,Contra Costa,013,1133247,70597,70136,1340,71476,810
2021-06-16,Del Norte,015,27424,1438,1413,14,1427,8
2021-06-16,El Dorado,017,186661,10392,10334,767,11101,113
2021-06-16,Fresno,019,978130,103143,102842,8936,111778,1722
2021-06-16,Glenn,021,27897,2440,2430,576,3006,19
2021-06-16,Humboldt,023,135768,4445,4427,41,4468,42
2021-06-16,Imperial,025,180216,28709,28796,2863,31659,741
2021-06-16,Inyo,027,18085,1407,1405,22,1427,35
2021-06-16,Kern,029,883053,97696,96789,11307,108096,1339
2021-06-16,Kings,031,150075,23179,23072,1149,24221,245
2021-06-16,Lake,033,64148,3569,3562,9,3571,45
2021-06-16,Lassen,035,31185,5254,5216,119,5335,19
2021-06-16,Los Angeles,037,10098052,1208262,1205102,42611,1247713,24439
2021-06-16,Madera,039,155013,16731,16603,964,17567,240
2021-06-16,Marin,041,260295,14150,14137,277,14414,229
2021-06-16,Mariposa,043,17540,438,437,12,449,5
2021-06-16,Mendocino,045,87422,4125,4041,77,4118,49
2021-06-16,Merced,047,269075,31229,31250,1009,32259,463
2021-06-16,Modoc,049,8938,411,383,146,529,3
2021-06-16,Mono,051,14174,1254,1275,14,1289,3
2021-06-16,Monterey,053,433212,43224,43122,1919,45041,416
2021-06-16,Napa,055,140530,9999,10011,33,10044,80
2021-06-16,Nevada,057,99092,4935,4894,201,5095,72
2021-06-16,Orange,059,3164182,256432,255188,11615,266803,5109
2021-06-16,Placer,061,380077,23652,23425,1566,24991,298
2021-06-16,Plumas,063,18699,713,697,12,709,4
2021-06-16,Riverside,065,2383286,293197,289539,14295,303834,4457
2021-06-16,Sacramento,067,1510023,107662,107422,1858,109280,1665
2021-06-16,San Benito,069,59416,6087,6090,119,6209,63
2021-06-16,San Bernardino,071,2135413,294054,293499,9213,302712,4797
2021-06-16,San Diego,073,3302833,282273,281423,15140,296563,3770
2021-06-16,San Francisco,075,870044,36989,37222,1338,38560,555
2021-06-16,San Joaquin,077,732212,73784,73530,3710,77240,1399
2021-06-16,San Luis Obispo,079,281455,21408,21294,769,22063,257
2021-06-16,San Mateo,081,765935,42637,42601,481,43082,542
2021-06-16,Santa Barbara,083,443738,35021,34459,1224,35683,460
2021-06-16,Santa Clara,085,1922200,119127,119982,788,120770,2087
2021-06-16,Santa Cruz,087,273765,16271,16187,851,17038,208
2021-06-16,Shasta,089,179085,12554,12592,1673,14265,200
2021-06-16,Sierra,091,2930,60,56,14,70,0
2021-06-16,Siskiyou,093,43540,1955,1886,375,2261,26
2021-06-16,Solano,095,438530,33273,33276,563,33839,266
2021-06-16,Sonoma,097,501317,30686,30741,364,31105,323
2021-06-16,Stanislaus,099,539301,56969,56738,6137,62875,984
2021-06-16,Sutter,101,95872,9634,9620,97,9717,113
2021-06-16,Tehama,103,63373,5121,5106,603,5709,63
2021-06-16,Trinity,105,12862,461,332,85,417,3
2021-06-16,Tulare,107,460477,50156,49578,9427,59005,849
2021-06-16,Tuolumne,109,53932,4110,4110,39,4149,63
2021-06-16,Ventura,111,848112,81617,81229,3058,84287,1029
2021-06-16,Yolo,113,214977,14109,14135,352,14487,212
2021-06-16,Yuba,115,75493,6164,6134,132,6266,51
2021-06-15,Alameda,001,1643700,89011,89008,2039,91047,1262
2021-06-15,Alpine,003,1148,89,88,0,88,0
2021-06-15,Amador,005,37829,3737,3723,33,3756,46
2021-06-15,Butte,007,227075,12727,12620,1900,14520,194
2021-06-15,Calaveras,009,45235,2188,2188,14,2202,55
2021-06-15,Colusa,011,21464,1962,1967,321,2288,15
2021-06-15,Contra Costa,013,1133247,70535,70101,1340,71441,810
2021-06-15,Del Norte,015,27424,1437,1411,14,1425,8
2021-06-15,El Dorado,017,186661,10383,10330,767,11097,113
2021-06-15,Fresno,019,978130,103112,102828,8935,111763,1722
2021-06-15,Glenn,021,27897,2439,2426,576,3002,19
2021-06-15,Humboldt,023,135768,4436,4414,40,4454,42
2021-06-15,Imperial,025,180216,28703,28789,2863,31652,741
2021-06-15,Inyo,027,18085,1407,1405,22,1427,35
2021-06-15,Kern,029,883053,97668,96782,11299,108081,1338
2021-06-15,Kings,031,150075,23173,23070,1147,24217,245
2021-06-15,Lake,033,64148,3568,3559,9,3568,45
2021-06-15,Lassen,035,31185,5253,5211,119,5330,19
2021-06-15,Los Angeles,037,10098052,1208033,1204926,42602,1247528,24435
2021-06-15,Madera,039,155013,16724,16600,963,17563,240
2021-06-15,Marin,041,260295,14142,14135,277,14412,229
2021-06-15,Mariposa,043,17540,438,437,12,449,5
2021-06-15,Mendocino,045,87422,4118,4034,77,4111,49
2021-06-15,Merced,047,269075,31223,31244,1009,32253,461
2021-06-15,Modoc,049,8938,410,383,146,529,3
2021-06-15,Mono,051,14174,1254,1275,14,1289,3
2021-06-15,Monterey,053,433212,43218,43118,1919,45037,416
2021-06-15,Napa,055,140530,9997,10010,33,10043,80
2021-06-15,Nevada,057,99092,4932,4888,201,5089,72
2021-06-15,Orange,059,3164182,256393,255127,11606,266733,5105
2021-06-15,Placer,061,380077,23630,23396,1565,24961,298
2021-06-15,Plumas,063,18699,712,697,12,709,4
2021-06-15,Riverside,065,2383286,293139,289508,14291,303799,4455
2021-06-15,Sacramento,067,1510023,107587,107370,1852,109222,1662
2021-06-15,San Benito,069,59416,6086,6089,119,6208,63
2021-06-15,San Bernardino,071,2135413,294004,293463,9207,302670,4790
2021-06-15,San Diego,073,3302833,282188,281375,15126,296501,3770
2021-06-15,San Francisco,075,870044,36980,37210,1337,38547,555
2021-06-15,San Joaquin,077,732212,73744,73494,3705,77199,1399
2021-06-15,San Luis Obispo,079,281455,21403,21293,768,22061,257
2021-06-15,San Mateo,081,765935,42624,42593,481,43074,543
2021-06-15,Santa Barbara,083,443738,35016,34451,1224,35675,460
2021-06-15,Santa Clara,085,1922200,119089,119963,788,120751,2086
2021-06-15,Santa Cruz,087,273765,16264,16180,850,17030,208
2021-06-15,Shasta,089,179085,12548,12583,1673,14256,201
2021-06-15,Sierra,091,2930,59,55,14,69,0
2021-06-15,Siskiyou,093,43540,1954,1887,375,2262,26
2021-06-15,Solano,095,438530,33254,33264,563,33827,266
2021-06-15,Sonoma,097,501317,30647,30707,363,31070,323
2021-06-15,Stanislaus,099,539301,56940,56724,6133,62857,979
2021-06-15,Sutter,101,95872,9625,9616,97,9713,113
2021-06-15,Tehama,103,63373,5119,5102,603,5705,63
2021-06-15,Trinity,105,12862,460,332,85,417,3
2021-06-15,Tulare,107,460477,50149,49561,9424,58985,848
2021-06-15,Tuolumne,109,53932,4110,4111,39,4150,63
2021-06-15,Ventura,111,848112,81606,81215,3055,84270,1029
2021-06-15,Yolo,113,214977,14105,14127,350,14477,212
2021-06-15,Yuba,115,75493,6153,6130,132,6262,51
2021-06-14,Alameda,001,1643700,88961,88966,2038,91004,1264
2021-06-14,Alpine,003,1148,89,88,0,88,0
2021-06-14,Amador,005,37829,3736,3722,33,3755,46
2021-06-14,Butte,007,227075,12716,12613,1896,14509,194
2021-06-14,Calaveras,009,45235,2186,2190,14,2204,55
2021-06-14,Colusa,011,21464,1961,1966,321,2287,15
2021-06-14,Contra Costa,013,1133247,70482,70069,1338,71407,810
2021-06-14,Del Norte,015,27424,1437,1411,14,1425,8
2021-06-14,El Dorado,017,186661,10374,10327,766,11093,113
2021-06-14,Fresno,019,978130,103090,102812,8934,111746,1719
2021-06-14,Glenn,021,27897,2439,2426,576,3002,19
2021-06-14,Humboldt,023,135768,4428,4407,39,4446,42
2021-06-14,Imperial,025,180216,28691,28836,2863,31699,741
2021-06-14,Inyo,027,18085,1406,1405,22,1427,35
2021-06-14,Kern,029,883053,97648,96760,11289,108049,1337
2021-06-14,Kings,031,150075,23170,23071,1146,24217,245
2021-06-14,Lake,033,64148,3567,3557,9,3566,45
2021-06-14,Lassen,035,31185,5250,5209,118,5327,19
2021-06-14,Los Angeles,037,10098052,1207799,1204748,42592,1247340,24434
2021-06-14,Madera,039,155013,16718,16597,962,17559,240
2021-06-14,Marin,041,260295,14140,14133,277,14410,229
2021-06-14,Mariposa,043,17540,437,437,12,449,5
2021-06-14,Mendocino,045,87422,4112,4028,77,4105,49
2021-06-14,Merced,047,269075,31214,31241,1008,32249,461
2021-06-14,Modoc,049,8938,401,382,144,526,3
2021-06-14,Mono,051,14174,1254,1275,14,1289,3
2021-06-14,Monterey,053,433212,43215,43110,1919,45029,415
2021-06-14,Napa,055,140530,9993,10000,33,10033,80
2021-06-14,Nevada,057,99092,4925,4885,201,5086,72
2021-06-14,Orange,059,3164182,256355,255069,11602,266671,5103
2021-06-14,Placer,061,380077,23605,23379,1564,24943,298
2021-06-14,Plumas,063,18699,712,696,12,708,4
2021-06-14,Riverside,065,2383286,293086,289476,14289,303765,4453
2021-06-14,Sacramento,067,1510023,107533,107334,1847,109181,1661
2021-06-14,San Benito,069,59416,6086,6087,119,6206,63
2021-06-14,San Bernardino,071,2135413,293948,293446,9203,302649,4790
2021-06-14,San Diego,073,3302833,282082,281314,15106,296420,3770
2021-06-14,San Francisco,075,870044,36967,37206,1337,38543,555
2021-06-14,San Joaquin,077,732212,73715,73453,3705,77158,1398
2021-06-14,San Luis Obispo,079,281455,21401,21302,768,22070,256
2021-06-14,San Mateo,081,765935,42610,42619,480,43099,543
2021-06-14,Santa Barbara,083,443738,35013,34449,1224,35673,460
2021-06-14,Santa Clara,085,1922200,119058,119957,787,120744,2085
2021-06-14,Santa Cruz,087,273765,16262,16175,850,17025,208
2021-06-14,Shasta,089,179085,12537,12561,1670,14231,201
2021-06-14,Sierra,091,2930,58,55,14,69,0
2021-06-14,Siskiyou,093,43540,1954,1886,375,2261,26
2021-06-14,Solano,095,438530,33237,33243,562,33805,266
2021-06-14,Sonoma,097,501317,30615,30679,362,31041,323
2021-06-14,Stanislaus,099,539301,56903,56689,6130,62819,975
2021-06-14,Sutter,101,95872,9622,9607,97,9704,112
2021-06-14,Tehama,103,63373,5117,5102,603,5705,63
2021-06-14,Trinity,105,12862,460,332,85,417,3
2021-06-14,Tulare,107,460477,50144,49538,9421,58959,848
2021-06-14,Tuolumne,109,53932,4107,4108,39,4147,63
2021-06-14,Ventura,111,848112,81596,81209,3055,84264,1028
2021-06-14,Yolo,113,214977,14097,14123,350,14473,212
2021-06-14,Yuba,115,75493,6146,6127,132,6259,50
2021-06-13,Alameda,001,1643700,88905,88947,2036,90983,1264
2021-06-13,Alpine,003,1148,88,88,0,88,0
2021-06-13,Amador,005,37829,3732,3721,33,3754,46
2021-06-13,Butte,007,227075,12705,12586,1893,14479,194
2021-06-13,Calaveras,009,45235,2186,2189,14,2203,55
2021-06-13,Colusa,011,21464,1961,1965,320,2285,15
2021-06-13,Contra Costa,013,1133247,70428,70040,1336,71376,810
2021-06-13,Del Norte,015,27424,1435,1412,14,1426,8
2021-06-13,El Dorado,017,186661,10365,10324,766,11090,113
2021-06-13,Fresno,019,978130,103059,102795,8929,111724,1719
2021-06-13,Glenn,021,27897,2438,2425,574,2999,19
2021-06-13,Humboldt,023,135768,4415,4401,39,4440,42
2021-06-13,Imperial,025,180216,28682,28800,2863,31663,741
2021-06-13,Inyo,027,18085,1406,1405,22,1427,35
2021-06-13,Kern,029,883053,97624,96743,11277,108020,1337
2021-06-13,Kings,031,150075,23165,23069,1145,24214,245
2021-06-13,Lake,033,64148,3567,3556,9,3565,45
2021-06-13,Lassen,035,31185,5245,5209,118,5327,19
2021-06-13,Los Angeles,037,10098052,1207539,1204614,42579,1247193,24433
2021-06-13,Madera,039,155013,16704,16590,962,17552,240
2021-06-13,Marin,041,260295,14134,14126,277,14403,229
2021-06-13,Mariposa,043,17540,437,434,12,446,5
2021-06-13,Mendocino,045,87422,4105,4026,77,4103,49
2021-06-13,Merced,047,269075,31208,31240,1007,32247,461
2021-06-13,Modoc,049,8938,399,382,142,524,3
2021-06-13,Mono,051,14174,1254,1275,14,1289,3
2021-06-13,Monterey,053,433212,43207,43108,1919,45027,415
2021-06-13,Napa,055,140530,9987,9995,33,10028,80
2021-06-13,Nevada,057,99092,4920,4883,201,5084,72
2021-06-13,Orange,059,3164182,256299,255043,11600,266643,5103
2021-06-13,Placer,061,380077,23579,23365,1562,24927,295
2021-06-13,Plumas,063,18699,711,696,12,708,4
2021-06-13,Riverside,065,2383286,293019,289447,14286,303733,4453
2021-06-13,Sacramento,067,1510023,107457,107289,1844,109133,1658
2021-06-13,San Benito,069,59416,6086,6086,119,6205,63
2021-06-13,San Bernardino,071,2135413,293897,293416,9198,302614,4788
2021-06-13,San Diego,073,3302833,282003,281268,15090,296358,3770
2021-06-13,San Francisco,075,870044,36956,37197,1337,38534,555
2021-06-13,San Joaquin,077,732212,73682,73438,3703,77141,1398
2021-06-13,San Luis Obispo,079,281455,21395,21298,767,22065,256
2021-06-13,San Mateo,081,765935,42597,42611,480,43091,542
2021-06-13,Santa Barbara,083,443738,35002,34449,1223,35672,460
2021-06-13,Santa Clara,085,1922200,119034,119946,787,120733,2085
2021-06-13,Santa Cruz,087,273765,16255,16172,850,17022,208
2021-06-13,Shasta,089,179085,12528,12560,1669,14229,201
2021-06-13,Sierra,091,2930,58,55,14,69,0
2021-06-13,Siskiyou,093,43540,1953,1885,375,2260,26
2021-06-13,Solano,095,438530,33215,33234,562,33796,266
2021-06-13,Sonoma,097,501317,30580,30663,360,31023,323
2021-06-13,Stanislaus,099,539301,56876,56671,6129,62800,975
2021-06-13,Sutter,101,95872,9615,9603,97,9700,112
2021-06-13,Tehama,103,63373,5115,5100,603,5703,63
2021-06-13,Trinity,105,12862,459,332,85,417,3
2021-06-13,Tulare,107,460477,50135,49537,9416,58953,848
2021-06-13,Tuolumne,109,53932,4105,4107,38,4145,63
2021-06-13,Ventura,111,848112,81582,81201,3055,84256,1028
2021-06-13,Yolo,113,214977,14090,14120,348,14468,212
2021-06-13,Yuba,115,75493,6139,6125,132,6257,50
2021-06-12,Alameda,001,1643700,88876,88901,2036,90937,1271
2021-06-12,Alpine,003,1148,88,88,0,88,0
2021-06-12,Amador,005,37829,3731,3721,33,3754,46
2021-06-12,Butte,007,227075,12701,12576,1893,14469,194
2021-06-12,Calaveras,009,45235,2186,2189,14,2203,55
2021-06-12,Colusa,011,21464,1961,1965,320,2285,15
2021-06-12,Contra Costa,013,1133247,70397,69989,1333,71322,810
2021-06-12,Del Norte,015,27424,1435,1412,14,1426,8
2021-06-12,El Dorado,017,186661,10360,10320,765,11085,113
2021-06-12,Fresno,019,978130,103049,102783,8928,111711,1720
2021-06-12,Glenn,021,27897,2436,2425,574,2999,19
2021-06-12,Humboldt,023,135768,4407,4396,39,4435,42
2021-06-12,Imperial,025,180216,28679,28799,2863,31662,741
2021-06-12,Inyo,027,18085,1406,1405,22,1427,35
2021-06-12,Kern,029,883053,97609,96731,11273,108004,1337
2021-06-12,Kings,031,150075,23163,23067,1145,24212,245
2021-06-12,Lake,033,64148,3566,3552,9,3561,45
2021-06-12,Lassen,035,31185,5245,5208,118,5326,19
2021-06-12,Los Angeles,037,10098052,1207402,1204439,42572,1247011,24434
2021-06-12,Madera,039,155013,16700,16586,962,17548,240
2021-06-12,Marin,041,260295,14131,14121,277,14398,229
2021-06-12,Mariposa,043,17540,437,434,12,446,5
2021-06-12,Mendocino,045,87422,4102,4024,77,4101,49
2021-06-12,Merced,047,269075,31205,31236,1007,32243,461
2021-06-12,Modoc,049,8938,398,382,142,524,3
2021-06-12,Mono,051,14174,1254,1275,14,1289,3
2021-06-12,Monterey,053,433212,43202,43103,1919,45022,415
2021-06-12,Napa,055,140530,9983,9986,33,10019,80
2021-06-12,Nevada,057,99092,4914,4878,201,5079,72
2021-06-12,Orange,059,3164182,256266,255004,11598,266602,5103
2021-06-12,Placer,061,380077,23560,23345,1562,24907,295
2021-06-12,Plumas,063,18699,711,696,12,708,4
2021-06-12,Riverside,065,2383286,292977,289413,14283,303696,4453
2021-06-12,Sacramento,067,1510023,107396,107199,1841,109040,1658
2021-06-12,San Benito,069,59416,6084,6083,119,6202,63
2021-06-12,San Bernardino,071,2135413,293863,293375,9196,302571,4788
2021-06-12,San Diego,073,3302833,281946,281203,15081,296284,3770
2021-06-12,San Francisco,075,870044,36946,37189,1337,38526,555
2021-06-12,San Joaquin,077,732212,73663,73413,3702,77115,1398
2021-06-12,San Luis Obispo,079,281455,21392,21293,767,22060,256
2021-06-12,San Mateo,081,765935,42592,42604,480,43084,542
2021-06-12,Santa Barbara,083,443738,34998,34450,1223,35673,460
2021-06-12,Santa Clara,085,1922200,118994,119894,787,120681,2085
2021-06-12,Santa Cruz,087,273765,16247,16170,850,17020,208
2021-06-12,Shasta,089,179085,12525,12556,1668,14224,201
2021-06-12,Sierra,091,2930,58,55,14,69,0
2021-06-12,Siskiyou,093,43540,1952,1884,375,2259,25
2021-06-12,Solano,095,438530,33206,33219,562,33781,266
2021-06-12,Sonoma,097,501317,30552,30647,359,31006,323
2021-06-12,Stanislaus,099,539301,56859,56649,6128,62777,974
2021-06-12,Sutter,101,95872,9611,9603,97,9700,112
2021-06-12,Tehama,103,63373,5115,5099,602,5701,63
2021-06-12,Trinity,105,12862,459,332,85,417,3
2021-06-12,Tulare,107,460477,50130,49533,9409,58942,848
2021-06-12,Tuolumne,109,53932,4104,4105,38,4143,63
2021-06-12,Ventura,111,848112,81570,81197,3055,84252,1028
2021-06-12,Yolo,113,214977,14087,14118,346,14464,212
2021-06-12,Yuba,115,75493,6134,6120,132,6252,50
2021-06-11,Alameda,001,1643700,88848,88844,2036,90880,1278
2021-06-11,Alpine,003,1148,88,88,0,88,0
2021-06-11,Amador,005,37829,3731,3710,33,3743,46
2021-06-11,Butte,007,227075,12697,12576,1891,14467,194
2021-06-11,Calaveras,009,45235,2186,2188,14,2202,55
2021-06-11,Colusa,011,21464,1960,1964,320,2284,15
2021-06-11,Contra Costa,013,1133247,70364,69940,1331,71271,808
2021-06-11,Del Norte,015,27424,1435,1409,14,1423,8
2021-06-11,El Dorado,017,186661,10357,10316,765,11081,113
2021-06-11,Fresno,019,978130,103031,102770,8927,111697,1720
2021-06-11,Glenn,021,27897,2436,2425,574,2999,19
2021-06-11,Humboldt,023,135768,4403,4389,39,4428,42
2021-06-11,Imperial,025,180216,28674,28793,2863,31656,741
2021-06-11,Inyo,027,18085,1406,1405,22,1427,35
2021-06-11,Kern,029,883053,97597,96718,11269,107987,1340
2021-06-11,Kings,031,150075,23159,23069,1144,24213,245
2021-06-11,Lake,033,64148,3565,3550,9,3559,45
2021-06-11,Lassen,035,31185,5244,5204,118,5322,18
2021-06-11,Los Angeles,037,10098052,1207256,1204259,42558,1246817,24434
2021-06-11,Madera,039,155013,16697,16582,962,17544,240
2021-06-11,Marin,041,260295,14128,14116,277,14393,229
2021-06-11,Mariposa,043,17540,437,434,12,446,5
2021-06-11,Mendocino,045,87422,4099,4022,77,4099,49
2021-06-11,Merced,047,269075,31200,31231,1007,32238,461
2021-06-11,Modoc,049,8938,398,382,141,523,3
2021-06-11,Mono,051,14174,1254,1274,14,1288,3
2021-06-11,Monterey,053,433212,43198,43097,1919,45016,415
2021-06-11,Napa,055,140530,9980,9977,33,10010,80
2021-06-11,Nevada,057,99092,4912,4873,201,5074,72
2021-06-11,Orange,059,3164182,256233,254975,11595,266570,5101
2021-06-11,Placer,061,380077,23555,23330,1562,24892,294
2021-06-11,Plumas,063,18699,711,696,12,708,4
2021-06-11,Riverside,065,2383286,292939,289376,14280,303656,4451
2021-06-11,Sacramento,067,1510023,107336,107119,1840,108959,1659
2021-06-11,San Benito,069,59416,6083,6082,119,6201,63
2021-06-11,San Bernardino,071,2135413,293827,293335,9192,302527,4788
2021-06-11,San Diego,073,3302833,281906,281144,15074,296218,3768
2021-06-11,San Francisco,075,870044,36941,37177,1337,38514,555
2021-06-11,San Joaquin,077,732212,73646,73347,3699,77046,1397
2021-06-11,San Luis Obispo,079,281455,21391,21288,767,22055,256
2021-06-11,San Mateo,081,765935,42578,42585,480,43065,542
2021-06-11,Santa Barbara,083,443738,34995,34438,1223,35661,460
2021-06-11,Santa Clara,085,1922200,118974,119860,787,120647,2083
2021-06-11,Santa Cruz,087,273765,16239,16164,850,17014,208
2021-06-11,Shasta,089,179085,12517,12550,1666,14216,201
2021-06-11,Sierra,091,2930,58,55,14,69,0
2021-06-11,Siskiyou,093,43540,1951,1882,375,2257,25
2021-06-11,Solano,095,438530,33186,33179,561,33740,266
2021-06-11,Sonoma,097,501317,30534,30624,359,30983,323
2021-06-11,Stanislaus,099,539301,56833,56617,6124,62741,974
2021-06-11,Sutter,101,95872,9608,9600,96,9696,112
2021-06-11,Tehama,103,63373,5114,5099,602,5701,63
2021-06-11,Trinity,105,12862,459,331,85,416,3
2021-06-11,Tulare,107,460477,50124,49516,9408,58924,848
2021-06-11,Tuolumne,109,53932,4101,4104,38,4142,63
2021-06-11,Ventura,111,848112,81560,81189,3055,84244,1026
2021-06-11,Yolo,113,214977,14080,14111,342,14453,212
2021-06-11,Yuba,115,75493,6130,6113,132,6245,50
2021-06-10,Alameda,001,1643700,88802,88806,2035,90841,1275
2021-06-10,Alpine,003,1148,88,88,0,88,0
2021-06-10,Amador,005,37829,3727,3709,33,3742,46
2021-06-10,Butte,007,227075,12680,12565,1891,14456,194
2021-06-10,Calaveras,009,45235,2185,2188,14,2202,55
2021-06-10,Colusa,011,21464,1958,1964,320,2284,15
2021-06-10,Contra Costa,013,1133247,70310,69876,1331,71207,807
2021-06-10,Del Norte,015,27424,1435,1405,14,1419,8
2021-06-10,El Dorado,017,186661,10350,10314,761,11075,113
2021-06-10,Fresno,019,978130,103006,102724,8926,111650,1717
2021-06-10,Glenn,021,27897,2436,2425,574,2999,19
2021-06-10,Humboldt,023,135768,4395,4384,39,4423,42
2021-06-10,Imperial,025,180216,28668,28779,2863,31642,739
2021-06-10,Inyo,027,18085,1406,1405,22,1427,35
2021-06-10,Kern,029,883053,97583,96706,11264,107970,1336
2021-06-10,Kings,031,150075,23158,23067,1144,24211,245
2021-06-10,Lake,033,64148,3560,3550,9,3559,45
2021-06-10,Lassen,035,31185,5242,5201,118,5319,18
2021-06-10,Los Angeles,037,10098052,1207093,1204110,42541,1246651,24440
2021-06-10,Madera,039,155013,16690,16581,962,17543,240
2021-06-10,Marin,041,260295,14125,14118,277,14395,229
2021-06-10,Mariposa,043,17540,435,434,12,446,5
2021-06-10,Mendocino,045,87422,4094,4016,77,4093,48
2021-06-10,Merced,047,269075,31192,31231,1004,32235,461
2021-06-10,Modoc,049,8938,397,381,141,522,3
2021-06-10,Mono,051,14174,1253,1274,14,1288,3
2021-06-10,Monterey,053,433212,43192,43090,1919,45009,415
2021-06-10,Napa,055,140530,9979,9974,33,10007,80
2021-06-10,Nevada,057,99092,4907,4866,201,5067,72
2021-06-10,Orange,059,3164182,256203,254950,11588,266538,5097
2021-06-10,Placer,061,380077,23542,23296,1562,24858,293
2021-06-10,Plumas,063,18699,711,696,12,708,4
2021-06-10,Riverside,065,2383286,292898,289335,14275,303610,4450
2021-06-10,Sacramento,067,1510023,107274,107049,1840,108889,1658
2021-06-10,San Benito,069,59416,6083,6079,119,6198,63
2021-06-10,San Bernardino,071,2135413,293786,293281,9189,302470,4782
2021-06-10,San Diego,073,3302833,281848,281052,15057,296109,3766
2021-06-10,San Francisco,075,870044,36931,37159,1335,38494,552
2021-06-10,San Joaquin,077,732212,73612,73276,3698,76974,1393
2021-06-10,San Luis Obispo,079,281455,21388,21280,767,22047,256
2021-06-10,San Mateo,081,765935,42571,42562,480,43042,666
2021-06-10,Santa Barbara,083,443738,34991,34434,1223,35657,460
2021-06-10,Santa Clara,085,1922200,118939,119832,786,120618,2075
2021-06-10,Santa Cruz,087,273765,16238,16159,850,17009,208
2021-06-10,Shasta,089,179085,12507,12536,1665,14201,201
2021-06-10,Sierra,091,2930,57,55,14,69,0
2021-06-10,Siskiyou,093,43540,1951,1881,375,2256,25
2021-06-10,Solano,095,438530,33169,33150,560,33710,265
2021-06-10,Sonoma,097,501317,30499,30571,357,30928,323
2021-06-10,Stanislaus,099,539301,56812,56588,6120,62708,974
2021-06-10,Sutter,101,95872,9601,9594,96,9690,112
2021-06-10,Tehama,103,63373,5114,5096,602,5698,63
2021-06-10,Trinity,105,12862,459,331,85,416,3
2021-06-10,Tulare,107,460477,50116,49503,9408,58911,848
2021-06-10,Tuolumne,109,53932,4101,4100,38,4138,63
2021-06-10,Ventura,111,848112,81549,81172,3054,84226,1026
2021-06-10,Yolo,113,214977,14077,14107,342,14449,212
2021-06-10,Yuba,115,75493,6126,6112,132,6244,50
2021-06-09,Alameda,001,1643700,88756,88762,2033,90795,1271
2021-06-09,Alpine,003,1148,88,88,0,88,0
2021-06-09,Amador,005,37829,3723,3706,33,3739,46
2021-06-09,Butte,007,227075,12674,12555,1889,14444,194
2021-06-09,Calaveras,009,45235,2183,2184,14,2198,55
2021-06-09,Colusa,011,21464,1958,1962,319,2281,15
2021-06-09,Contra Costa,013,1133247,70273,69829,1330,71159,803
2021-06-09,Del Norte,015,27424,1431,1403,14,1417,8
2021-06-09,El Dorado,017,186661,10347,10312,760,11072,113
2021-06-09,Fresno,019,978130,102986,102690,8922,111612,1717
2021-06-09,Glenn,021,27897,2435,2424,574,2998,19
2021-06-09,Humboldt,023,135768,4390,4379,38,4417,42
2021-06-09,Imperial,025,180216,28665,28754,2863,31617,739
2021-06-09,Inyo,027,18085,1406,1405,22,1427,35
2021-06-09,Kern,029,883053,97569,96697,11255,107952,1328
2021-06-09,Kings,031,150075,23156,23061,1144,24205,245
2021-06-09,Lake,033,64148,3557,3541,9,3550,45
2021-06-09,Lassen,035,31185,5241,5200,118,5318,18
2021-06-09,Los Angeles,037,10098052,1206909,1203955,42530,1246485,24432
2021-06-09,Madera,039,155013,16685,16580,962,17542,240
2021-06-09,Marin,041,260295,14120,14114,277,14391,229
2021-06-09,Mariposa,043,17540,435,434,12,446,5
2021-06-09,Mendocino,045,87422,4088,4008,77,4085,47
2021-06-09,Merced,047,269075,31188,31225,1004,32229,461
2021-06-09,Modoc,049,8938,395,377,140,517,3
2021-06-09,Mono,051,14174,1253,1274,14,1288,3
2021-06-09,Monterey,053,433212,43185,43082,1919,45001,415
2021-06-09,Napa,055,140530,9973,9971,33,10004,80
2021-06-09,Nevada,057,99092,4897,4863,200,5063,72
2021-06-09,Orange,059,3164182,256158,254893,11584,266477,5080
2021-06-09,Placer,061,380077,23523,23237,1562,24799,293
2021-06-09,Plumas,063,18699,710,697,12,709,4
2021-06-09,Riverside,065,2383286,292853,289299,14273,303572,4450
2021-06-09,Sacramento,067,1510023,107212,106971,1837,108808,1657
2021-06-09,San Benito,069,59416,6080,6078,119,6197,63
2021-06-09,San Bernardino,071,2135413,293744,293222,9189,302411,4782
2021-06-09,San Diego,073,3302833,281783,280941,15045,295986,3765
2021-06-09,San Francisco,075,870044,36918,37143,1334,38477,552
2021-06-09,San Joaquin,077,732212,73586,73232,3697,76929,1392
2021-06-09,San Luis Obispo,079,281455,21387,21259,767,22026,256
2021-06-09,San Mateo,081,765935,42555,42502,479,42981,666
2021-06-09,Santa Barbara,083,443738,34980,34422,1223,35645,460
2021-06-09,Santa Clara,085,1922200,118901,119793,785,120578,2068
2021-06-09,Santa Cruz,087,273765,16235,16155,850,17005,208
2021-06-09,Shasta,089,179085,12497,12521,1663,14184,201
2021-06-09,Sierra,091,2930,56,55,14,69,0
2021-06-09,Siskiyou,093,43540,1950,1871,375,2246,25
2021-06-09,Solano,095,438530,33153,33137,559,33696,264
2021-06-09,Sonoma,097,501317,30477,30540,357,30897,323
2021-06-09,Stanislaus,099,539301,56792,56560,6117,62677,974
2021-06-09,Sutter,101,95872,9592,9586,95,9681,111
2021-06-09,Tehama,103,63373,5113,5093,602,5695,63
2021-06-09,Trinity,105,12862,458,331,85,416,3
2021-06-09,Tulare,107,460477,50112,49496,9406,58902,847
2021-06-09,Tuolumne,109,53932,4098,4100,38,4138,63
2021-06-09,Ventura,111,848112,81539,81154,3053,84207,1026
2021-06-09,Yolo,113,214977,14075,14102,341,14443,212
2021-06-09,Yuba,115,75493,6122,6109,132,6241,50
2021-06-08,Alameda,001,1643700,88708,88731,2033,90764,1267
2021-06-08,Alpine,003,1148,88,88,0,88,0
2021-06-08,Amador,005,37829,3722,3704,33,3737,46
2021-06-08,Butte,007,227075,12668,12540,1886,14426,194
2021-06-08,Calaveras,009,45235,2182,2181,14,2195,55
2021-06-08,Colusa,011,21464,1958,1961,319,2280,15
2021-06-08,Contra Costa,013,1133247,70225,69762,1329,71091,803
2021-06-08,Del Norte,015,27424,1429,1402,14,1416,8
2021-06-08,El Dorado,017,186661,10342,10306,758,11064,113
2021-06-08,Fresno,019,978130,102961,102680,8920,111600,1717
2021-06-08,Glenn,021,27897,2434,2423,574,2997,19
2021-06-08,Humboldt,023,135768,4385,4363,38,4401,42
2021-06-08,Imperial,025,180216,28656,28752,2863,31615,738
2021-06-08,Inyo,027,18085,1406,1405,22,1427,35
2021-06-08,Kern,029,883053,97550,96671,11248,107919,1325
2021-06-08,Kings,031,150075,23155,23036,1144,24180,245
2021-06-08,Lake,033,64148,3556,3540,9,3549,45
2021-06-08,Lassen,035,31185,5241,5200,118,5318,18
2021-06-08,Los Angeles,037,10098052,1206715,1203794,42519,1246313,24426
2021-06-08,Madera,039,155013,16679,16579,961,17540,240
2021-06-08,Marin,041,260295,14118,14111,276,14387,229
2021-06-08,Mariposa,043,17540,435,434,12,446,5
2021-06-08,Mendocino,045,87422,4081,4002,77,4079,47
2021-06-08,Merced,047,269075,31180,31225,1004,32229,461
2021-06-08,Modoc,049,8938,389,377,139,516,3
2021-06-08,Mono,051,14174,1253,1274,14,1288,3
2021-06-08,Monterey,053,433212,43179,43078,1918,44996,415
2021-06-08,Napa,055,140530,9969,9962,33,9995,80
2021-06-08,Nevada,057,99092,4892,4861,200,5061,72
2021-06-08,Orange,059,3164182,256116,254852,11577,266429,5078
2021-06-08,Placer,061,380077,23505,23209,1558,24767,293
2021-06-08,Plumas,063,18699,710,692,12,704,4
2021-06-08,Riverside,065,2383286,292817,289268,14265,303533,4452
2021-06-08,Sacramento,067,1510023,107150,106901,1834,108735,1654
2021-06-08,San Benito,069,59416,6078,6076,119,6195,63
2021-06-08,San Bernardino,071,2135413,293695,293186,9185,302371,4778
2021-06-08,San Diego,073,3302833,281721,280879,15036,295915,3764
2021-06-08,San Francisco,075,870044,36903,37134,1333,38467,552
2021-06-08,San Joaquin,077,732212,73542,73186,3692,76878,1390
2021-06-08,San Luis Obispo,079,281455,21381,21251,766,22017,255
2021-06-08,San Mateo,081,765935,42542,42488,479,42967,663
2021-06-08,Santa Barbara,083,443738,34976,34418,1223,35641,459
2021-06-08,Santa Clara,085,1922200,118881,119770,784,120554,2068
2021-06-08,Santa Cruz,087,273765,16232,16160,850,17010,208
2021-06-08,Shasta,089,179085,12482,12498,1663,14161,201
2021-06-08,Sierra,091,2930,56,55,14,69,0
2021-06-08,Siskiyou,093,43540,1948,1870,373,2243,21
2021-06-08,Solano,095,438530,33132,33130,559,33689,259
2021-06-08,Sonoma,097,501317,30450,30523,355,30878,323
2021-06-08,Stanislaus,099,539301,56765,56548,6115,62663,973
2021-06-08,Sutter,101,95872,9589,9581,95,9676,111
2021-06-08,Tehama,103,63373,5110,5093,602,5695,63
2021-06-08,Trinity,105,12862,458,330,84,414,3
2021-06-08,Tulare,107,460477,50100,49485,9401,58886,847
2021-06-08,Tuolumne,109,53932,4095,4099,38,4137,63
2021-06-08,Ventura,111,848112,81523,81142,3052,84194,1026
2021-06-08,Yolo,113,214977,14070,14099,340,14439,212
2021-06-08,Yuba,115,75493,6120,6103,132,6235,50
2021-06-07,Alameda,001,1643700,88650,88688,2033,90721,1267
2021-06-07,Alpine,003,1148,88,88,0,88,0
2021-06-07,Amador,005,37829,3712,3697,33,3730,46
2021-06-07,Butte,007,227075,12661,12533,1884,14417,194
2021-06-07,Calaveras,009,45235,2181,2181,14,2195,55
2021-06-07,Colusa,011,21464,1957,1960,319,2279,15
2021-06-07,Contra Costa,013,1133247,70168,69718,1328,71046,817
2021-06-07,Del Norte,015,27424,1429,1401,14,1415,8
2021-06-07,El Dorado,017,186661,10337,10305,758,11063,113
2021-06-07,Fresno,019,978130,102932,102659,8913,111572,1717
2021-06-07,Glenn,021,27897,2434,2423,574,2997,19
2021-06-07,Humboldt,023,135768,4377,4354,38,4392,42
2021-06-07,Imperial,025,180216,28654,28754,2863,31617,738
2021-06-07,Inyo,027,18085,1406,1404,22,1426,35
2021-06-07,Kern,029,883053,97534,96645,11241,107886,1324
2021-06-07,Kings,031,150075,23151,23023,1144,24167,244
2021-06-07,Lake,033,64148,3554,3540,9,3549,45
2021-06-07,Lassen,035,31185,5236,5198,118,5316,18
2021-06-07,Los Angeles,037,10098052,1206493,1203664,42505,1246169,24413
2021-06-07,Madera,039,155013,16672,16572,961,17533,240
2021-06-07,Marin,041,260295,14114,14108,275,14383,229
2021-06-07,Mariposa,043,17540,435,434,12,446,5
2021-06-07,Mendocino,045,87422,4075,3998,77,4075,47
2021-06-07,Merced,047,269075,31168,31212,1003,32215,459
2021-06-07,Modoc,049,8938,388,375,136,511,3
2021-06-07,Mono,051,14174,1253,1275,14,1289,3
2021-06-07,Monterey,053,433212,43172,43077,1918,44995,415
2021-06-07,Napa,055,140530,9961,9962,33,9995,80
2021-06-07,Nevada,057,99092,4890,4860,200,5060,72
2021-06-07,Orange,059,3164182,256076,254808,11570,266378,5073
2021-06-07,Placer,061,380077,23486,23176,1556,24732,293
2021-06-07,Plumas,063,18699,710,692,12,704,4
2021-06-07,Riverside,065,2383286,292774,289232,14262,303494,4451
2021-06-07,Sacramento,067,1510023,107074,106841,1831,108672,1655
2021-06-07,San Benito,069,59416,6077,6074,119,6193,63
2021-06-07,San Bernardino,071,2135413,293657,293129,9184,302313,4775
2021-06-07,San Diego,073,3302833,281639,280808,15023,295831,3764
2021-06-07,San Francisco,075,870044,36887,37122,1333,38455,552
2021-06-07,San Joaquin,077,732212,73497,73130,3685,76815,1388
2021-06-07,San Luis Obispo,079,281455,21368,21252,766,22018,255
2021-06-07,San Mateo,081,765935,42526,42479,479,42958,664
2021-06-07,Santa Barbara,083,443738,34970,34407,1223,35630,459
2021-06-07,Santa Clara,085,1922200,118850,119743,784,120527,2066
2021-06-07,Santa Cruz,087,273765,16230,16159,850,17009,208
2021-06-07,Shasta,089,179085,12468,12483,1658,14141,200
2021-06-07,Sierra,091,2930,56,55,14,69,0
2021-06-07,Siskiyou,093,43540,1948,1869,373,2242,21
2021-06-07,Solano,095,438530,33110,33124,558,33682,258
2021-06-07,Sonoma,097,501317,30414,30504,354,30858,323
2021-06-07,Stanislaus,099,539301,56731,56521,6113,62634,972
2021-06-07,Sutter,101,95872,9585,9571,95,9666,111
2021-06-07,Tehama,103,63373,5106,5092,602,5694,63
2021-06-07,Trinity,105,12862,458,329,84,413,3
2021-06-07,Tulare,107,460477,50094,49471,9401,58872,847
2021-06-07,Tuolumne,109,53932,4094,4098,38,4136,63
2021-06-07,Ventura,111,848112,81506,81137,3051,84188,1025
2021-06-07,Yolo,113,214977,14065,14097,339,14436,211
2021-06-07,Yuba,115,75493,6118,6099,129,6228,49
2021-06-06,Alameda,001,1643700,88611,88636,2032,90668,1267
2021-06-06,Alpine,003,1148,88,88,0,88,0
2021-06-06,Amador,005,37829,3709,3696,33,3729,46
2021-06-06,Butte,007,227075,12650,12527,1883,14410,194
2021-06-06,Calaveras,009,45235,2180,2181,14,2195,55
2021-06-06,Colusa,011,21464,1955,1959,319,2278,15
2021-06-06,Contra Costa,013,1133247,70103,69659,1326,70985,817
2021-06-06,Del Norte,015,27424,1424,1401,13,1414,8
2021-06-06,El Dorado,017,186661,10330,10294,758,11052,113
2021-06-06,Fresno,019,978130,102899,102642,8910,111552,1717
2021-06-06,Glenn,021,27897,2433,2423,574,2997,19
2021-06-06,Humboldt,023,135768,4366,4353,38,4391,42
2021-06-06,Imperial,025,180216,28648,28762,2863,31625,738
2021-06-06,Inyo,027,18085,1405,1404,22,1426,35
2021-06-06,Kern,029,883053,97516,96623,11234,107857,1324
2021-06-06,Kings,031,150075,23145,23021,1144,24165,244
2021-06-06,Lake,033,64148,3554,3535,9,3544,45
2021-06-06,Lassen,035,31185,5234,5191,118,5309,18
2021-06-06,Los Angeles,037,10098052,1206294,1203539,42493,1246032,24410
2021-06-06,Madera,039,155013,16666,16567,961,17528,240
2021-06-06,Marin,041,260295,14108,14106,274,14380,229
2021-06-06,Mariposa,043,17540,434,435,12,447,5
2021-06-06,Mendocino,045,87422,4071,3993,77,4070,47
2021-06-06,Merced,047,269075,31162,31215,1002,32217,459
2021-06-06,Modoc,049,8938,388,375,135,510,3
2021-06-06,Mono,051,14174,1253,1275,14,1289,3
2021-06-06,Monterey,053,433212,43167,43078,1918,44996,415
2021-06-06,Napa,055,140530,9955,9963,33,9996,80
2021-06-06,Nevada,057,99092,4883,4854,199,5053,72
2021-06-06,Orange,059,3164182,256039,254782,11565,266347,5073
2021-06-06,Placer,061,380077,23461,23156,1553,24709,293
2021-06-06,Plumas,063,18699,710,692,12,704,4
2021-06-06,Riverside,065,2383286,292740,289201,14256,303457,4451
2021-06-06,Sacramento,067,1510023,106988,106749,1830,108579,1655
2021-06-06,San Benito,069,59416,6071,6074,119,6193,63
2021-06-06,San Bernardino,071,2135413,293602,293117,9175,302292,4773
2021-06-06,San Diego,073,3302833,281559,280743,15006,295749,3764
2021-06-06,San Francisco,075,870044,36875,37118,1332,38450,552
2021-06-06,San Joaquin,077,732212,73465,73105,3681,76786,1388
2021-06-06,San Luis Obispo,079,281455,21365,21246,766,22012,255
2021-06-06,San Mateo,081,765935,42509,42457,479,42936,664
2021-06-06,Santa Barbara,083,443738,34966,34403,1222,35625,459
2021-06-06,Santa Clara,085,1922200,118828,119711,784,120495,2066
2021-06-06,Santa Cruz,087,273765,16229,16158,850,17008,208
2021-06-06,Shasta,089,179085,12453,12478,1654,14132,200
2021-06-06,Sierra,091,2930,56,55,14,69,0
2021-06-06,Siskiyou,093,43540,1945,1869,373,2242,21
2021-06-06,Solano,095,438530,33083,33093,558,33651,258
2021-06-06,Sonoma,097,501317,30383,30478,353,30831,323
2021-06-06,Stanislaus,099,539301,56689,56486,6110,62596,972
2021-06-06,Sutter,101,95872,9578,9567,95,9662,111
2021-06-06,Tehama,103,63373,5102,5092,601,5693,63
2021-06-06,Trinity,105,12862,458,328,84,412,3
2021-06-06,Tulare,107,460477,50086,49466,9396,58862,847
2021-06-06,Tuolumne,109,53932,4092,4097,38,4135,63
2021-06-06,Ventura,111,848112,81495,81130,3048,84178,1025
2021-06-06,Yolo,113,214977,14057,14089,338,14427,210
2021-06-06,Yuba,115,75493,6110,6096,129,6225,49
2021-06-05,Alameda,001,1643700,88580,88612,2031,90643,1268
2021-06-05,Alpine,003,1148,88,88,0,88,0
2021-06-05,Amador,005,37829,3709,3694,33,3727,46
2021-06-05,Butte,007,227075,12644,12514,1882,14396,194
2021-06-05,Calaveras,009,45235,2180,2181,14,2195,55
2021-06-05,Colusa,011,21464,1955,1959,319,2278,15
2021-06-05,Contra Costa,013,1133247,70074,69601,1326,70927,817
2021-06-05,Del Norte,015,27424,1424,1400,13,1413,8
2021-06-05,El Dorado,017,186661,10328,10288,757,11045,113
2021-06-05,Fresno,019,978130,102890,102626,8910,111536,1717
2021-06-05,Glenn,021,27897,2432,2423,574,2997,19
2021-06-05,Humboldt,023,135768,4361,4346,38,4384,42
2021-06-05,Imperial,025,180216,28645,28764,2863,31627,738
2021-06-05,Inyo,027,18085,1405,1405,22,1427,35
2021-06-05,Kern,029,883053,97504,96597,11229,107826,1324
2021-06-05,Kings,031,150075,23142,23017,1144,24161,244
2021-06-05,Lake,033,64148,3551,3534,9,3543,45
2021-06-05,Lassen,035,31185,5233,5191,118,5309,18
2021-06-05,Los Angeles,037,10098052,1206167,1203338,42484,1245822,24411
2021-06-05,Madera,039,155013,16662,16563,961,17524,240
2021-06-05,Marin,041,260295,14106,14101,274,14375,229
2021-06-05,Mariposa,043,17540,434,435,12,447,5
2021-06-05,Mendocino,045,87422,4068,3989,77,4066,47
2021-06-05,Merced,047,269075,31160,31212,1001,32213,459
2021-06-05,Modoc,049,8938,388,375,134,509,3
2021-06-05,Mono,051,14174,1253,1274,14,1288,3
2021-06-05,Monterey,053,433212,43163,43071,1917,44988,415
2021-06-05,Napa,055,140530,9950,9960,33,9993,80
2021-06-05,Nevada,057,99092,4881,4849,199,5048,72
2021-06-05,Orange,059,3164182,256015,254752,11562,266314,5069
2021-06-05,Placer,061,380077,23445,23133,1553,24686,293
2021-06-05,Plumas,063,18699,710,692,12,704,4
2021-06-05,Riverside,065,2383286,292705,289157,14252,303409,4451
2021-06-05,Sacramento,067,1510023,106936,106688,1827,108515,1655
2021-06-05,San Benito,069,59416,6069,6074,119,6193,63
2021-06-05,San Bernardino,071,2135413,293569,293081,9173,302254,4772
2021-06-05,San Diego,073,3302833,281518,280676,14993,295669,3764
2021-06-05,San Francisco,075,870044,36866,37111,1332,38443,552
2021-06-05,San Joaquin,077,732212,73448,73078,3675,76753,1388
2021-06-05,San Luis Obispo,079,281455,21362,21236,766,22002,255
2021-06-05,San Mateo,081,765935,42499,42433,479,42912,664
2021-06-05,Santa Barbara,083,443738,34963,34399,1221,35620,459
2021-06-05,Santa Clara,085,1922200,118806,119676,782,120458,2066
2021-06-05,Santa Cruz,087,273765,16229,16154,850,17004,208
2021-06-05,Shasta,089,179085,12444,12472,1653,14125,200
2021-06-05,Sierra,091,2930,56,55,14,69,0
2021-06-05,Siskiyou,093,43540,1945,1867,373,2240,21
2021-06-05,Solano,095,438530,33068,33074,558,33632,257
2021-06-05,Sonoma,097,501317,30356,30450,351,30801,323
2021-06-05,Stanislaus,099,539301,56668,56463,6108,62571,973
2021-06-05,Sutter,101,95872,9575,9559,95,9654,111
2021-06-05,Tehama,103,63373,5101,5092,600,5692,63
2021-06-05,Trinity,105,12862,458,328,84,412,3
2021-06-05,Tulare,107,460477,50080,49463,9396,58859,847
2021-06-05,Tuolumne,109,53932,4090,4098,38,4136,63
2021-06-05,Ventura,111,848112,81486,81119,3046,84165,1025
2021-06-05,Yolo,113,214977,14055,14088,338,14426,210
2021-06-05,Yuba,115,75493,6109,6087,129,6216,49
2021-06-04,Alameda,001,1643700,88553,88585,2029,90614,1263
2021-06-04,Alpine,003,1148,88,88,0,88,0
2021-06-04,Amador,005,37829,3709,3690,33,3723,46
2021-06-04,Butte,007,227075,12633,12494,1879,14373,193
2021-06-04,Calaveras,009,45235,2180,2179,14,2193,55
2021-06-04,Colusa,011,21464,1955,1959,319,2278,15
2021-06-04,Contra Costa,013,1133247,70039,69540,1323,70863,816
2021-06-04,Del Norte,015,27424,1424,1398,13,1411,8
2021-06-04,El Dorado,017,186661,10324,10284,755,11039,112
2021-06-04,Fresno,019,978130,102874,102601,8910,111511,1712
2021-06-04,Glenn,021,27897,2432,2423,573,2996,19
2021-06-04,Humboldt,023,135768,4356,4327,38,4365,42
2021-06-04,Imperial,025,180216,28641,28753,2863,31616,738
2021-06-04,Inyo,027,18085,1405,1404,22,1426,35
2021-06-04,Kern,029,883053,97486,96573,11227,107800,1327
2021-06-04,Kings,031,150075,23141,23002,1144,24146,244
2021-06-04,Lake,033,64148,3549,3528,9,3537,45
2021-06-04,Lassen,035,31185,5233,5180,118,5298,18
2021-06-04,Los Angeles,037,10098052,1206045,1203106,42475,1245581,24400
2021-06-04,Madera,039,155013,16660,16557,961,17518,240
2021-06-04,Marin,041,260295,14105,14099,273,14372,229
2021-06-04,Mariposa,043,17540,434,435,12,447,5
2021-06-04,Mendocino,045,87422,4059,3983,77,4060,47
2021-06-04,Merced,047,269075,31155,31204,1000,32204,459
2021-06-04,Modoc,049,8938,386,375,134,509,3
2021-06-04,Mono,051,14174,1253,1275,14,1289,3
2021-06-04,Monterey,053,433212,43159,43068,1917,44985,415
2021-06-04,Napa,055,140530,9946,9958,33,9991,80
2021-06-04,Nevada,057,99092,4877,4844,199,5043,72
2021-06-04,Orange,059,3164182,255978,254730,11559,266289,5059
2021-06-04,Placer,061,380077,23429,23110,1552,24662,293
2021-06-04,Plumas,063,18699,710,691,12,703,4
2021-06-04,Riverside,065,2383286,292679,289098,14248,303346,4452
2021-06-04,Sacramento,067,1510023,106882,106616,1826,108442,1654
2021-06-04,San Benito,069,59416,6067,6073,119,6192,63
2021-06-04,San Bernardino,071,2135413,293546,293056,9171,302227,4768
2021-06-04,San Diego,073,3302833,281475,280556,14986,295542,3763
2021-06-04,San Francisco,075,870044,36861,37079,1331,38410,551
2021-06-04,San Joaquin,077,732212,73429,73039,3673,76712,1388
2021-06-04,San Luis Obispo,079,281455,21359,21234,765,21999,255
2021-06-04,San Mateo,081,765935,42487,42413,479,42892,478
2021-06-04,Santa Barbara,083,443738,34957,34402,1220,35622,459
2021-06-04,Santa Clara,085,1922200,118777,119619,782,120401,2065
2021-06-04,Santa Cruz,087,273765,16227,16150,850,17000,207
2021-06-04,Shasta,089,179085,12438,12458,1648,14106,200
2021-06-04,Sierra,091,2930,56,55,14,69,0
2021-06-04,Siskiyou,093,43540,1944,1865,373,2238,21
2021-06-04,Solano,095,438530,33057,33058,558,33616,256
2021-06-04,Sonoma,097,501317,30335,30411,351,30762,323
2021-06-04,Stanislaus,099,539301,56645,56442,6105,62547,973
2021-06-04,Sutter,101,95872,9570,9554,95,9649,111
2021-06-04,Tehama,103,63373,5096,5090,600,5690,63
2021-06-04,Trinity,105,12862,458,328,84,412,3
2021-06-04,Tulare,107,460477,50071,49452,9394,58846,847
2021-06-04,Tuolumne,109,53932,4089,4095,38,4133,63
2021-06-04,Ventura,111,848112,81479,81104,3044,84148,1023
2021-06-04,Yolo,113,214977,14053,14083,338,14421,210
2021-06-04,Yuba,115,75493,6106,6084,129,6213,49
2021-06-03,Alameda,001,1643700,88515,88555,2026,90581,1257
2021-06-03,Alpine,003,1148,88,88,0,88,0
2021-06-03,Amador,005,37829,3701,3688,33,3721,46
2021-06-03,Butte,007,227075,12629,12478,1878,14356,193
2021-06-03,Calaveras,009,45235,2180,2179,14,2193,55
2021-06-03,Colusa,011,21464,1955,1957,319,2276,15
2021-06-03,Contra Costa,013,1133247,69985,69500,1318,70818,816
2021-06-03,Del Norte,015,27424,1422,1397,13,1410,8
2021-06-03,El Dorado,017,186661,10318,10284,752,11036,112
2021-06-03,Fresno,019,978130,102857,102566,8910,111476,1709
2021-06-03,Glenn,021,27897,2432,2421,573,2994,19
2021-06-03,Humboldt,023,135768,4348,4314,38,4352,42
2021-06-03,Imperial,025,180216,28629,28737,2863,31600,738
2021-06-03,Inyo,027,18085,1405,1404,22,1426,35
2021-06-03,Kern,029,883053,97459,96507,11213,107720,1326
2021-06-03,Kings,031,150075,23137,22982,1144,24126,244
2021-06-03,Lake,033,64148,3547,3526,9,3535,45
2021-06-03,Lassen,035,31185,5224,5177,118,5295,12
2021-06-03,Los Angeles,037,10098052,1205871,1202923,42467,1245390,24386
2021-06-03,Madera,039,155013,16653,16554,961,17515,240
2021-06-03,Marin,041,260295,14100,14095,273,14368,230
2021-06-03,Mariposa,043,17540,434,435,12,447,5
2021-06-03,Mendocino,045,87422,4052,3978,77,4055,47
2021-06-03,Merced,047,269075,31152,31199,1000,32199,459
2021-06-03,Modoc,049,8938,385,376,133,509,3
2021-06-03,Mono,051,14174,1253,1275,14,1289,3
2021-06-03,Monterey,053,433212,43156,43063,1917,44980,415
2021-06-03,Napa,055,140530,9939,9957,33,9990,81
2021-06-03,Nevada,057,99092,4873,4837,199,5036,72
2021-06-03,Orange,059,3164182,255950,254676,11549,266225,5056
2021-06-03,Placer,061,380077,23420,23100,1551,24651,293
2021-06-03,Plumas,063,18699,710,691,12,703,4
2021-06-03,Riverside,065,2383286,292624,289035,14244,303279,4447
2021-06-03,Sacramento,067,1510023,106804,106526,1824,108350,1654
2021-06-03,San Benito,069,59416,6067,6073,119,6192,63
2021-06-03,San Bernardino,071,2135413,293515,293021,9171,302192,4762
2021-06-03,San Diego,073,3302833,281412,280430,14976,295406,3761
2021-06-03,San Francisco,075,870044,36855,37072,1331,38403,551
2021-06-03,San Joaquin,077,732212,73401,72989,3669,76658,1388
2021-06-03,San Luis Obispo,079,281455,21354,21224,765,21989,255
2021-06-03,San Mateo,081,765935,42474,42396,479,42875,467
2021-06-03,Santa Barbara,083,443738,34954,34391,1220,35611,459
2021-06-03,Santa Clara,085,1922200,118755,119592,780,120372,2058
2021-06-03,Santa Cruz,087,273765,16225,16144,850,16994,207
2021-06-03,Shasta,089,179085,12423,12441,1645,14086,199
2021-06-03,Sierra,091,2930,56,55,14,69,0
2021-06-03,Siskiyou,093,43540,1944,1862,372,2234,21
2021-06-03,Solano,095,438530,33043,33019,558,33577,256
2021-06-03,Sonoma,097,501317,30313,30383,350,30733,322
2021-06-03,Stanislaus,099,539301,56613,56401,6099,62500,973
2021-06-03,Sutter,101,95872,9561,9539,95,9634,111
2021-06-03,Tehama,103,63373,5096,5087,600,5687,63
2021-06-03,Trinity,105,12862,458,328,84,412,3
2021-06-03,Tulare,107,460477,50068,49442,9390,58832,848
2021-06-03,Tuolumne,109,53932,4087,4095,38,4133,63
2021-06-03,Ventura,111,848112,81467,81078,3042,84120,1023
2021-06-03,Yolo,113,214977,14049,14078,335,14413,210
2021-06-03,Yuba,115,75493,6099,6077,129,6206,49
2021-06-02,Alameda,001,1643700,88470,88525,2024,90549,1254
2021-06-02,Alpine,003,1148,88,88,0,88,0
2021-06-02,Amador,005,37829,3699,3687,33,3720,46
2021-06-02,Butte,007,227075,12609,12432,1875,14307,193
2021-06-02,Calaveras,009,45235,2177,2174,14,2188,55
2021-06-02,Colusa,011,21464,1954,1957,319,2276,15
2021-06-02,Contra Costa,013,1133247,69934,69455,1316,70771,814
2021-06-02,Del Norte,015,27424,1420,1395,13,1408,8
2021-06-02,El Dorado,017,186661,10314,10275,752,11027,110
2021-06-02,Fresno,019,978130,102833,102547,8907,111454,1707
2021-06-02,Glenn,021,27897,2432,2421,573,2994,19
2021-06-02,Humboldt,023,135768,4333,4302,38,4340,42
2021-06-02,Imperial,025,180216,28623,28737,2862,31599,738
2021-06-02,Inyo,027,18085,1404,1403,22,1425,35
2021-06-02,Kern,029,883053,97432,96481,11205,107686,1326
2021-06-02,Kings,031,150075,23135,22981,1144,24125,244
2021-06-02,Lake,033,64148,3542,3522,9,3531,45
2021-06-02,Lassen,035,31185,5223,5177,118,5295,6
2021-06-02,Los Angeles,037,10098052,1205669,1202760,42458,1245218,24375
2021-06-02,Madera,039,155013,16645,16550,961,17511,240
2021-06-02,Marin,041,260295,14098,14091,273,14364,229
2021-06-02,Mariposa,043,17540,434,434,12,446,5
2021-06-02,Mendocino,045,87422,4046,3970,77,4047,47
2021-06-02,Merced,047,269075,31139,31195,999,32194,458
2021-06-02,Modoc,049,8938,384,375,132,507,3
2021-06-02,Mono,051,14174,1253,1275,14,1289,3
2021-06-02,Monterey,053,433212,43154,43056,1917,44973,380
2021-06-02,Napa,055,140530,9938,9953,33,9986,82
2021-06-02,Nevada,057,99092,4870,4833,199,5032,72
2021-06-02,Orange,059,3164182,255903,254637,11544,266181,5055
2021-06-02,Placer,061,380077,23399,23058,1549,24607,293
2021-06-02,Plumas,063,18699,710,690,12,702,4
2021-06-02,Riverside,065,2383286,292569,289012,14234,303246,4445
2021-06-02,Sacramento,067,1510023,106739,106435,1817,108252,1649
2021-06-02,San Benito,069,59416,6066,6073,119,6192,63
2021-06-02,San Bernardino,071,2135413,293467,293004,9166,302170,4760
2021-06-02,San Diego,073,3302833,281332,280347,14955,295302,3760
2021-06-02,San Francisco,075,870044,36835,37050,1330,38380,550
2021-06-02,San Joaquin,077,732212,73370,72893,3666,76559,1387
2021-06-02,San Luis Obispo,079,281455,21347,21214,764,21978,255
2021-06-02,San Mateo,081,765935,42464,42383,478,42861,464
2021-06-02,Santa Barbara,083,443738,34948,34381,1220,35601,456
2021-06-02,Santa Clara,085,1922200,118727,119553,779,120332,2058
2021-06-02,Santa Cruz,087,273765,16222,16144,850,16994,207
2021-06-02,Shasta,089,179085,12405,12426,1640,14066,199
2021-06-02,Sierra,091,2930,56,55,14,69,0
2021-06-02,Siskiyou,093,43540,1944,1861,370,2231,21
2021-06-02,Solano,095,438530,33031,33007,557,33564,256
2021-06-02,Sonoma,097,501317,30294,30359,345,30704,322
2021-06-02,Stanislaus,099,539301,56584,56377,6094,62471,973
2021-06-02,Sutter,101,95872,9558,9533,95,9628,111
2021-06-02,Tehama,103,63373,5093,5081,600,5681,63
2021-06-02,Trinity,105,12862,456,328,84,412,3
2021-06-02,Tulare,107,460477,50060,49434,9386,58820,846
2021-06-02,Tuolumne,109,53932,4087,4095,38,4133,63
2021-06-02,Ventura,111,848112,81442,81033,3042,84075,1020
2021-06-02,Yolo,113,214977,14046,14074,334,14408,210
2021-06-02,Yuba,115,75493,6093,6072,129,6201,48
2021-06-01,Alameda,001,1643700,88437,88472,2022,90494,1253
2021-06-01,Alpine,003,1148,88,88,0,88,0
2021-06-01,Amador,005,37829,3697,3687,33,3720,46
2021-06-01,Butte,007,227075,12595,12427,1874,14301,193
2021-06-01,Calaveras,009,45235,2175,2173,14,2187,55
2021-06-01,Colusa,011,21464,1953,1955,318,2273,15
2021-06-01,Contra Costa,013,1133247,69877,69404,1316,70720,813
2021-06-01,Del Norte,015,27424,1419,1394,13,1407,8
2021-06-01,El Dorado,017,186661,10308,10271,752,11023,110
2021-06-01,Fresno,019,978130,102810,102534,8904,111438,1706
2021-06-01,Glenn,021,27897,2432,2422,573,2995,18
2021-06-01,Humboldt,023,135768,4323,4299,38,4337,42
2021-06-01,Imperial,025,180216,28619,28722,2861,31583,736
2021-06-01,Inyo,027,18085,1404,1403,22,1425,35
2021-06-01,Kern,029,883053,97405,96477,11197,107674,1319
2021-06-01,Kings,031,150075,23131,22977,1144,24121,244
2021-06-01,Lake,033,64148,3541,3523,9,3532,45
2021-06-01,Lassen,035,31185,5216,5172,118,5290,6
2021-06-01,Los Angeles,037,10098052,1205436,1202673,42445,1245118,24367
2021-06-01,Madera,039,155013,16636,16549,960,17509,240
2021-06-01,Marin,041,260295,14096,14081,273,14354,229
2021-06-01,Mariposa,043,17540,434,431,12,443,5
2021-06-01,Mendocino,045,87422,4039,3966,77,4043,47
2021-06-01,Merced,047,269075,31129,31195,999,32194,456
2021-06-01,Modoc,049,8938,382,375,132,507,3
2021-06-01,Mono,051,14174,1253,1275,14,1289,3
2021-06-01,Monterey,053,433212,43148,43051,1917,44968,379
2021-06-01,Napa,055,140530,9936,9949,33,9982,82
2021-06-01,Nevada,057,99092,4865,4825,199,5024,72
2021-06-01,Orange,059,3164182,255868,254603,11536,266139,5051
2021-06-01,Placer,061,380077,23369,23021,1547,24568,293
2021-06-01,Plumas,063,18699,709,690,12,702,4
2021-06-01,Riverside,065,2383286,292518,288996,14228,303224,4442
2021-06-01,Sacramento,067,1510023,106667,106330,1815,108145,1644
2021-06-01,San Benito,069,59416,6065,6073,118,6191,63
2021-06-01,San Bernardino,071,2135413,293443,292990,9165,302155,4758
2021-06-01,San Diego,073,3302833,281227,280305,14939,295244,3756
2021-06-01,San Francisco,075,870044,36819,37031,1330,38361,550
2021-06-01,San Joaquin,077,732212,73338,72858,3664,76522,1383
2021-06-01,San Luis Obispo,079,281455,21342,21217,764,21981,256
2021-06-01,San Mateo,081,765935,42447,42383,477,42860,462
2021-06-01,Santa Barbara,083,443738,34944,34374,1220,35594,456
2021-06-01,Santa Clara,085,1922200,118699,119528,779,120307,2057
2021-06-01,Santa Cruz,087,273765,16218,16143,849,16992,207
2021-06-01,Shasta,089,179085,12396,12409,1635,14044,199
2021-06-01,Sierra,091,2930,56,55,14,69,0
2021-06-01,Siskiyou,093,43540,1937,1860,369,2229,21
2021-06-01,Solano,095,438530,33006,32974,556,33530,256
2021-06-01,Sonoma,097,501317,30255,30324,344,30668,322
2021-06-01,Stanislaus,099,539301,56559,56348,6092,62440,973
2021-06-01,Sutter,101,95872,9551,9528,95,9623,111
2021-06-01,Tehama,103,63373,5091,5079,600,5679,63
2021-06-01,Trinity,105,12862,455,328,83,411,3
2021-06-01,Tulare,107,460477,50052,49419,9382,58801,845
2021-06-01,Tuolumne,109,53932,4087,4094,38,4132,63
2021-06-01,Ventura,111,848112,81426,81018,3041,84059,1021
2021-06-01,Yolo,113,214977,14040,14067,334,14401,210
2021-06-01,Yuba,115,75493,6089,6067,129,6196,48
2021-05-31,Alameda,001,1643700,88400,88458,2018,90476,1253
2021-05-31,Alpine,003,1148,88,88,0,88,0
2021-05-31,Amador,005,37829,3691,3687,33,3720,46
2021-05-31,Butte,007,227075,12582,12429,1874,14303,193
2021-05-31,Calaveras,009,45235,2174,2171,14,2185,55
2021-05-31,Colusa,011,21464,1953,1956,317,2273,15
2021-05-31,Contra Costa,013,1133247,69840,69390,1314,70704,813
2021-05-31,Del Norte,015,27424,1416,1394,13,1407,8
2021-05-31,El Dorado,017,186661,10302,10271,750,11021,110
2021-05-31,Fresno,019,978130,102773,102507,8903,111410,1706
2021-05-31,Glenn,021,27897,2431,2422,572,2994,18
2021-05-31,Humboldt,023,135768,4311,4295,38,4333,42
2021-05-31,Imperial,025,180216,28613,28732,2858,31590,736
2021-05-31,Inyo,027,18085,1403,1403,22,1425,35
2021-05-31,Kern,029,883053,97369,96457,11188,107645,1319
2021-05-31,Kings,031,150075,23127,22977,1144,24121,244
2021-05-31,Lake,033,64148,3536,3523,9,3532,45
2021-05-31,Lassen,035,31185,5214,5172,117,5289,6
2021-05-31,Los Angeles,037,10098052,1205195,1202567,42437,1245004,24364
2021-05-31,Madera,039,155013,16635,16543,959,17502,240
2021-05-31,Marin,041,260295,14094,14080,272,14352,229
2021-05-31,Mariposa,043,17540,434,430,12,442,5
2021-05-31,Mendocino,045,87422,4029,3961,77,4038,47
2021-05-31,Merced,047,269075,31124,31194,999,32193,456
2021-05-31,Modoc,049,8938,381,374,132,506,3
2021-05-31,Mono,051,14174,1253,1275,14,1289,3
2021-05-31,Monterey,053,433212,43144,43051,1917,44968,379
2021-05-31,Napa,055,140530,9929,9948,33,9981,82
2021-05-31,Nevada,057,99092,4855,4823,198,5021,72
2021-05-31,Orange,059,3164182,255841,254572,11529,266101,5051
2021-05-31,Placer,061,380077,23343,23019,1542,24561,293
2021-05-31,Plumas,063,18699,708,690,12,702,4
2021-05-31,Riverside,065,2383286,292461,288970,14216,303186,4442
2021-05-31,Sacramento,067,1510023,106570,106278,1809,108087,1644
2021-05-31,San Benito,069,59416,6065,6072,118,6190,63
2021-05-31,San Bernardino,071,2135413,293395,292973,9164,302137,4758
2021-05-31,San Diego,073,3302833,281123,280254,14927,295181,3756
2021-05-31,San Francisco,075,870044,36804,37022,1329,38351,550
2021-05-31,San Joaquin,077,732212,73290,72856,3658,76514,1383
2021-05-31,San Luis Obispo,079,281455,21334,21215,764,21979,256
2021-05-31,San Mateo,081,765935,42431,42389,477,42866,442
2021-05-31,Santa Barbara,083,443738,34931,34369,1218,35587,456
2021-05-31,Santa Clara,085,1922200,118655,119515,779,120294,2057
2021-05-31,Santa Cruz,087,273765,16215,16139,849,16988,207
2021-05-31,Shasta,089,179085,12380,12408,1632,14040,199
2021-05-31,Sierra,091,2930,56,55,14,69,0
2021-05-31,Siskiyou,093,43540,1936,1856,368,2224,21
2021-05-31,Solano,095,438530,32955,32973,556,33529,256
2021-05-31,Sonoma,097,501317,30212,30314,344,30658,322
2021-05-31,Stanislaus,099,539301,56509,56335,6089,62424,973
2021-05-31,Sutter,101,95872,9532,9523,95,9618,111
2021-05-31,Tehama,103,63373,5089,5076,599,5675,63
2021-05-31,Trinity,105,12862,455,328,83,411,3
2021-05-31,Tulare,107,460477,50041,49404,9377,58781,845
2021-05-31,Tuolumne,109,53932,4085,4095,38,4133,63
2021-05-31,Ventura,111,848112,81411,81017,3038,84055,1021
2021-05-31,Yolo,113,214977,14036,14064,334,14398,210
2021-05-31,Yuba,115,75493,6083,6063,126,6189,48
2021-05-30,Alameda,001,1643700,88375,88429,2018,90447,1253
2021-05-30,Alpine,003,1148,88,88,0,88,0
2021-05-30,Amador,005,37829,3687,3685,33,3718,46
2021-05-30,Butte,007,227075,12572,12427,1872,14299,190
2021-05-30,Calaveras,009,45235,2170,2166,14,2180,55
2021-05-30,Colusa,011,21464,1953,1954,317,2271,15
2021-05-30,Contra Costa,013,1133247,69806,69381,1312,70693,813
2021-05-30,Del Norte,015,27424,1415,1393,13,1406,8
2021-05-30,El Dorado,017,186661,10299,10271,750,11021,110
2021-05-30,Fresno,019,978130,102756,102499,8899,111398,1706
2021-05-30,Glenn,021,27897,2431,2422,571,2993,18
2021-05-30,Humboldt,023,135768,4302,4291,38,4329,42
2021-05-30,Imperial,025,180216,28608,28732,2857,31589,736
2021-05-30,Inyo,027,18085,1403,1403,22,1425,35
2021-05-30,Kern,029,883053,97353,96443,11185,107628,1319
2021-05-30,Kings,031,150075,23126,22974,1143,24117,244
2021-05-30,Lake,033,64148,3536,3517,9,3526,45
2021-05-30,Lassen,035,31185,5212,5171,117,5288,6
2021-05-30,Los Angeles,037,10098052,1205091,1202425,42430,1244855,24360
2021-05-30,Madera,039,155013,16631,16538,959,17497,240
2021-05-30,Marin,041,260295,14090,14083,271,14354,229
2021-05-30,Mariposa,043,17540,434,430,12,442,5
2021-05-30,Mendocino,045,87422,4022,3955,77,4032,47
2021-05-30,Merced,047,269075,31120,31189,998,32187,456
2021-05-30,Modoc,049,8938,381,374,132,506,3
2021-05-30,Mono,051,14174,1253,1275,14,1289,3
2021-05-30,Monterey,053,433212,43141,43049,1917,44966,379
2021-05-30,Napa,055,140530,9928,9948,33,9981,82
2021-05-30,Nevada,057,99092,4849,4818,198,5016,72
2021-05-30,Orange,059,3164182,255818,254559,11528,266087,5051
2021-05-30,Placer,061,380077,23337,23016,1542,24558,293
2021-05-30,Plumas,063,18699,706,690,12,702,4
2021-05-30,Riverside,065,2383286,292440,288961,14214,303175,4442
2021-05-30,Sacramento,067,1510023,106525,106252,1807,108059,1644
2021-05-30,San Benito,069,59416,6065,6072,118,6190,63
2021-05-30,San Bernardino,071,2135413,293369,292981,9163,302144,4758
2021-05-30,San Diego,073,3302833,281067,280209,14922,295131,3756
2021-05-30,San Francisco,075,870044,36785,37016,1329,38345,550
2021-05-30,San Joaquin,077,732212,73273,72853,3657,76510,1383
2021-05-30,San Luis Obispo,079,281455,21325,21211,763,21974,256
2021-05-30,San Mateo,081,765935,42423,42386,477,42863,439
2021-05-30,Santa Barbara,083,443738,34927,34369,1217,35586,456
2021-05-30,Santa Clara,085,1922200,118633,119510,775,120285,2057
2021-05-30,Santa Cruz,087,273765,16213,16140,849,16989,207
2021-05-30,Shasta,089,179085,12378,12408,1629,14037,199
2021-05-30,Sierra,091,2930,56,55,14,69,0
2021-05-30,Siskiyou,093,43540,1936,1856,368,2224,21
2021-05-30,Solano,095,438530,32944,32952,555,33507,256
2021-05-30,Sonoma,097,501317,30195,30310,343,30653,322
2021-05-30,Stanislaus,099,539301,56490,56323,6088,62411,973
2021-05-30,Sutter,101,95872,9531,9519,94,9613,111
2021-05-30,Tehama,103,63373,5089,5073,599,5672,63
2021-05-30,Trinity,105,12862,455,328,83,411,3
2021-05-30,Tulare,107,460477,50034,49397,9368,58765,845
2021-05-30,Tuolumne,109,53932,4085,4094,38,4132,63
2021-05-30,Ventura,111,848112,81407,81012,3037,84049,1021
2021-05-30,Yolo,113,214977,14031,14059,333,14392,210
2021-05-30,Yuba,115,75493,6076,6063,125,6188,48
2021-05-29,Alameda,001,1643700,88352,88433,2016,90449,1253
2021-05-29,Alpine,003,1148,88,88,0,88,0
2021-05-29,Amador,005,37829,3686,3683,33,3716,46
2021-05-29,Butte,007,227075,12566,12425,1872,14297,190
2021-05-29,Calaveras,009,45235,2169,2166,14,2180,55
2021-05-29,Colusa,011,21464,1950,1954,317,2271,15
2021-05-29,Contra Costa,013,1133247,69773,69351,1312,70663,813
2021-05-29,Del Norte,015,27424,1415,1391,13,1404,8
2021-05-29,El Dorado,017,186661,10298,10269,748,11017,110
2021-05-29,Fresno,019,978130,102744,102470,8896,111366,1706
2021-05-29,Glenn,021,27897,2431,2422,570,2992,18
2021-05-29,Humboldt,023,135768,4296,4283,38,4321,42
2021-05-29,Imperial,025,180216,28605,28729,2856,31585,736
2021-05-29,Inyo,027,18085,1403,1404,22,1426,35
2021-05-29,Kern,029,883053,97342,96424,11172,107596,1319
2021-05-29,Kings,031,150075,23125,22970,1142,24112,244
2021-05-29,Lake,033,64148,3536,3515,9,3524,45
2021-05-29,Lassen,035,31185,5212,5171,117,5288,6
2021-05-29,Los Angeles,037,10098052,1204968,1202264,42427,1244691,24359
2021-05-29,Madera,039,155013,16629,16535,959,17494,240
2021-05-29,Marin,041,260295,14086,14071,270,14341,229
2021-05-29,Mariposa,043,17540,433,428,12,440,5
2021-05-29,Mendocino,045,87422,4016,3952,77,4029,47
2021-05-29,Merced,047,269075,31108,31187,998,32185,456
2021-05-29,Modoc,049,8938,381,374,132,506,3
2021-05-29,Mono,051,14174,1253,1275,14,1289,3
2021-05-29,Monterey,053,433212,43139,43042,1917,44959,379
2021-05-29,Napa,055,140530,9925,9948,33,9981,82
2021-05-29,Nevada,057,99092,4848,4816,198,5014,72
2021-05-29,Orange,059,3164182,255796,254537,11518,266055,5049
2021-05-29,Placer,061,380077,23322,23009,1541,24550,293
2021-05-29,Plumas,063,18699,706,689,12,701,4
2021-05-29,Riverside,065,2383286,292420,288908,14213,303121,4442
2021-05-29,Sacramento,067,1510023,106495,106218,1806,108024,1643
2021-05-29,San Benito,069,59416,6064,6072,118,6190,63
2021-05-29,San Bernardino,071,2135413,293337,292961,9162,302123,4757
2021-05-29,San Diego,073,3302833,281008,280151,14917,295068,3756
2021-05-29,San Francisco,075,870044,36776,37008,1329,38337,550
2021-05-29,San Joaquin,077,732212,73257,72827,3655,76482,1383
2021-05-29,San Luis Obispo,079,281455,21323,21201,763,21964,256
2021-05-29,San Mateo,081,765935,42416,42375,476,42851,439
2021-05-29,Santa Barbara,083,443738,34923,34367,1217,35584,456
2021-05-29,Santa Clara,085,1922200,118609,119498,774,120272,2056
2021-05-29,Santa Cruz,087,273765,16212,16137,849,16986,207
2021-05-29,Shasta,089,179085,12370,12401,1628,14029,199
2021-05-29,Sierra,091,2930,56,55,14,69,0
2021-05-29,Siskiyou,093,43540,1931,1856,368,2224,21
2021-05-29,Solano,095,438530,32935,32917,555,33472,256
2021-05-29,Sonoma,097,501317,30172,30298,342,30640,322
2021-05-29,Stanislaus,099,539301,56470,56305,6086,62391,974
2021-05-29,Sutter,101,95872,9527,9516,94,9610,111
2021-05-29,Tehama,103,63373,5088,5070,599,5669,63
2021-05-29,Trinity,105,12862,455,328,83,411,3
2021-05-29,Tulare,107,460477,50024,49392,9364,58756,845
2021-05-29,Tuolumne,109,53932,4085,4093,38,4131,63
2021-05-29,Ventura,111,848112,81399,81008,3037,84045,1021
2021-05-29,Yolo,113,214977,14030,14055,333,14388,210
2021-05-29,Yuba,115,75493,6076,6059,125,6184,48
2021-05-28,Alameda,001,1643700,88328,88391,2012,90403,1261
2021-05-28,Alpine,003,1148,88,88,0,88,0
2021-05-28,Amador,005,37829,3686,3680,33,3713,46
2021-05-28,Butte,007,227075,12563,12407,1871,14278,190
2021-05-28,Calaveras,009,45235,2168,2165,14,2179,55
2021-05-28,Colusa,011,21464,1950,1954,315,2269,15
2021-05-28,Contra Costa,013,1133247,69737,69290,1311,70601,813
2021-05-28,Del Norte,015,27424,1414,1390,13,1403,8
2021-05-28,El Dorado,017,186661,10295,10265,748,11013,110
2021-05-28,Fresno,019,978130,102729,102437,8896,111333,1705
2021-05-28,Glenn,021,27897,2431,2419,570,2989,18
2021-05-28,Humboldt,023,135768,4290,4265,38,4303,42
2021-05-28,Imperial,025,180216,28602,28722,2856,31578,736
2021-05-28,Inyo,027,18085,1403,1404,22,1426,35
2021-05-28,Kern,029,883053,97325,96396,11164,107560,1320
2021-05-28,Kings,031,150075,23123,22962,1142,24104,244
2021-05-28,Lake,033,64148,3534,3515,9,3524,45
2021-05-28,Lassen,035,31185,5212,5169,117,5286,6
2021-05-28,Los Angeles,037,10098052,1204859,1202103,42416,1244519,24357
2021-05-28,Madera,039,155013,16627,16530,959,17489,240
2021-05-28,Marin,041,260295,14085,14063,269,14332,229
2021-05-28,Mariposa,043,17540,433,428,12,440,5
2021-05-28,Mendocino,045,87422,4011,3947,77,4024,47
2021-05-28,Merced,047,269075,31105,31176,998,32174,455
2021-05-28,Modoc,049,8938,381,374,132,506,3
2021-05-28,Mono,051,14174,1253,1274,14,1288,3
2021-05-28,Monterey,053,433212,43138,43036,1917,44953,379
2021-05-28,Napa,055,140530,9925,9941,33,9974,82
2021-05-28,Nevada,057,99092,4846,4813,198,5011,71
2021-05-28,Orange,059,3164182,255776,254494,11516,266010,5047
2021-05-28,Placer,061,380077,23312,22987,1539,24526,293
2021-05-28,Plumas,063,18699,704,688,12,700,4
2021-05-28,Riverside,065,2383286,292398,288872,14211,303083,4442
2021-05-28,Sacramento,067,1510023,106439,106131,1804,107935,1642
2021-05-28,San Benito,069,59416,6064,6074,118,6192,63
2021-05-28,San Bernardino,071,2135413,293314,292905,9162,302067,4757
2021-05-28,San Diego,073,3302833,280944,280043,14907,294950,3756
2021-05-28,San Francisco,075,870044,36770,36987,1329,38316,546
2021-05-28,San Joaquin,077,732212,73227,72793,3653,76446,1383
2021-05-28,San Luis Obispo,079,281455,21319,21190,761,21951,256
2021-05-28,San Mateo,081,765935,42410,42364,476,42840,439
2021-05-28,Santa Barbara,083,443738,34921,34371,1217,35588,455
2021-05-28,Santa Clara,085,1922200,118585,119462,774,120236,2056
2021-05-28,Santa Cruz,087,273765,16211,16129,849,16978,207
2021-05-28,Shasta,089,179085,12361,12383,1626,14009,198
2021-05-28,Sierra,091,2930,56,54,14,68,0
2021-05-28,Siskiyou,093,43540,1929,1850,368,2218,19
2021-05-28,Solano,095,438530,32920,32892,555,33447,256
2021-05-28,Sonoma,097,501317,30153,30270,342,30612,321
2021-05-28,Stanislaus,099,539301,56447,56278,6083,62361,974
2021-05-28,Sutter,101,95872,9523,9511,94,9605,111
2021-05-28,Tehama,103,63373,5082,5064,599,5663,63
2021-05-28,Trinity,105,12862,455,328,83,411,3
2021-05-28,Tulare,107,460477,50019,49375,9354,58729,846
2021-05-28,Tuolumne,109,53932,4085,4090,38,4128,63
2021-05-28,Ventura,111,848112,81388,80985,3036,84021,1021
2021-05-28,Yolo,113,214977,14026,14050,332,14382,210
2021-05-28,Yuba,115,75493,6074,6050,124,6174,48
2021-05-27,Alameda,001,1643700,88291,88342,2011,90353,1274
2021-05-27,Alpine,003,1148,88,88,0,88,0
2021-05-27,Amador,005,37829,3683,3680,33,3713,46
2021-05-27,Butte,007,227075,12557,12401,1870,14271,190
2021-05-27,Calaveras,009,45235,2167,2163,14,2177,55
2021-05-27,Colusa,011,21464,1947,1952,315,2267,15
2021-05-27,Contra Costa,013,1133247,69695,69245,1309,70554,813
2021-05-27,Del Norte,015,27424,1414,1388,13,1401,8
2021-05-27,El Dorado,017,186661,10294,10248,748,10996,112
2021-05-27,Fresno,019,978130,102713,102413,8893,111306,1704
2021-05-27,Glenn,021,27897,2431,2415,570,2985,18
2021-05-27,Humboldt,023,135768,4282,4260,38,4298,42
2021-05-27,Imperial,025,180216,28591,28728,2856,31584,736
2021-05-27,Inyo,027,18085,1403,1404,22,1426,35
2021-05-27,Kern,029,883053,97309,96364,11156,107520,1322
2021-05-27,Kings,031,150075,23120,22953,1142,24095,245
2021-05-27,Lake,033,64148,3529,3509,9,3518,45
2021-05-27,Lassen,035,31185,5211,5170,116,5286,6
2021-05-27,Los Angeles,037,10098052,1204698,1201927,42400,1244327,24348
2021-05-27,Madera,039,155013,16618,16527,959,17486,240
2021-05-27,Marin,041,260295,14081,14061,269,14330,229
2021-05-27,Mariposa,043,17540,431,427,12,439,5
2021-05-27,Mendocino,045,87422,4005,3945,77,4022,47
2021-05-27,Merced,047,269075,31093,31161,998,32159,455
2021-05-27,Modoc,049,8938,380,374,132,506,3
2021-05-27,Mono,051,14174,1253,1276,14,1290,3
2021-05-27,Monterey,053,433212,43132,43032,1917,44949,379
2021-05-27,Napa,055,140530,9924,9934,33,9967,82
2021-05-27,Nevada,057,99092,4842,4807,196,5003,71
2021-05-27,Orange,059,3164182,255739,254438,11512,265950,5059
2021-05-27,Placer,061,380077,23303,22966,1539,24505,293
2021-05-27,Plumas,063,18699,704,687,12,699,4
2021-05-27,Riverside,065,2383286,292363,288835,14206,303041,4443
2021-05-27,Sacramento,067,1510023,106363,106015,1802,107817,1642
2021-05-27,San Benito,069,59416,6063,6074,118,6192,63
2021-05-27,San Bernardino,071,2135413,293278,292755,9160,301915,4756
2021-05-27,San Diego,073,3302833,280870,279960,14893,294853,3756
2021-05-27,San Francisco,075,870044,36764,36980,1326,38306,546
2021-05-27,San Joaquin,077,732212,73195,72714,3649,76363,1388
2021-05-27,San Luis Obispo,079,281455,21316,21171,761,21932,256
2021-05-27,San Mateo,081,765935,42401,42345,476,42821,436
2021-05-27,Santa Barbara,083,443738,34917,34355,1217,35572,456
2021-05-27,Santa Clara,085,1922200,118564,119452,774,120226,2053
2021-05-27,Santa Cruz,087,273765,16208,16134,849,16983,207
2021-05-27,Shasta,089,179085,12350,12380,1626,14006,202
2021-05-27,Sierra,091,2930,56,54,14,68,0
2021-05-27,Siskiyou,093,43540,1926,1846,368,2214,18
2021-05-27,Solano,095,438530,32879,32855,554,33409,257
2021-05-27,Sonoma,097,501317,30126,30253,338,30591,321
2021-05-27,Stanislaus,099,539301,56419,56207,6082,62289,974
2021-05-27,Sutter,101,95872,9519,9501,94,9595,111
2021-05-27,Tehama,103,63373,5079,5064,598,5662,63
2021-05-27,Trinity,105,12862,455,328,83,411,3
2021-05-27,Tulare,107,460477,50005,49366,9345,58711,840
2021-05-27,Tuolumne,109,53932,4084,4090,38,4128,66
2021-05-27,Ventura,111,848112,81375,80965,3033,83998,1023
2021-05-27,Yolo,113,214977,14023,14036,331,14367,213
2021-05-27,Yuba,115,75493,6069,6040,123,6163,48
2021-05-26,Alameda,001,1643700,88262,88297,2011,90308,1266
2021-05-26,Alpine,003,1148,88,88,0,88,0
2021-05-26,Amador,005,37829,3683,3679,33,3712,46
2021-05-26,Butte,007,227075,12548,12332,1869,14201,190
2021-05-26,Calaveras,009,45235,2165,2154,14,2168,55
2021-05-26,Colusa,011,21464,1946,1952,315,2267,15
2021-05-26,Contra Costa,013,1133247,69658,69210,1309,70519,812
2021-05-26,Del Norte,015,27424,1414,1386,12,1398,8
2021-05-26,El Dorado,017,186661,10290,10242,747,10989,112
2021-05-26,Fresno,019,978130,102681,102374,8888,111262,1702
2021-05-26,Glenn,021,27897,2430,2415,570,2985,18
2021-05-26,Humboldt,023,135768,4277,4246,38,4284,42
2021-05-26,Imperial,025,180216,28586,28712,2854,31566,734
2021-05-26,Inyo,027,18085,1403,1403,22,1425,36
2021-05-26,Kern,029,883053,97284,96343,11149,107492,1320
2021-05-26,Kings,031,150075,23116,22950,1141,24091,245
2021-05-26,Lake,033,64148,3528,3508,9,3517,45
2021-05-26,Lassen,035,31185,5210,5164,116,5280,6
2021-05-26,Los Angeles,037,10098052,1204534,1198100,42382,1240482,24221
2021-05-26,Madera,039,155013,16615,16520,958,17478,240
2021-05-26,Marin,041,260295,14078,14061,268,14329,227
2021-05-26,Mariposa,043,17540,431,427,12,439,5
2021-05-26,Mendocino,045,87422,3999,3938,77,4015,47
2021-05-26,Merced,047,269075,31084,31139,998,32137,455
2021-05-26,Modoc,049,8938,380,371,131,502,3
2021-05-26,Mono,051,14174,1253,1274,14,1288,3
2021-05-26,Monterey,053,433212,43126,43018,1916,44934,379
2021-05-26,Napa,055,140530,9917,9932,31,9963,82
2021-05-26,Nevada,057,99092,4837,4803,196,4999,70
2021-05-26,Orange,059,3164182,255701,254368,11509,265877,5058
2021-05-26,Placer,061,380077,23278,22940,1539,24479,293
2021-05-26,Plumas,063,18699,703,685,12,697,4
2021-05-26,Riverside,065,2383286,292317,288782,14199,302981,4443
2021-05-26,Sacramento,067,1510023,106277,105919,1798,107717,1637
2021-05-26,San Benito,069,59416,6063,6074,118,6192,63
2021-05-26,San Bernardino,071,2135413,293243,292662,9159,301821,4755
2021-05-26,San Diego,073,3302833,280795,279859,14883,294742,3755
2021-05-26,San Francisco,075,870044,36752,36954,1326,38280,546
2021-05-26,San Joaquin,077,732212,73154,72681,3646,76327,1388
2021-05-26,San Luis Obispo,079,281455,21311,21163,761,21924,256
2021-05-26,San Mateo,081,765935,42392,42331,476,42807,436
2021-05-26,Santa Barbara,083,443738,34908,34348,1217,35565,459
2021-05-26,Santa Clara,085,1922200,118537,119421,773,120194,2031
2021-05-26,Santa Cruz,087,273765,16207,16139,849,16988,207
2021-05-26,Shasta,089,179085,12336,12357,1623,13980,202
2021-05-26,Sierra,091,2930,56,54,14,68,0
2021-05-26,Siskiyou,093,43540,1924,1847,366,2213,18
2021-05-26,Solano,095,438530,32843,32831,554,33385,257
2021-05-26,Sonoma,097,501317,30100,30230,338,30568,321
2021-05-26,Stanislaus,099,539301,56396,56193,6079,62272,974
2021-05-26,Sutter,101,95872,9514,9495,94,9589,112
2021-05-26,Tehama,103,63373,5078,5054,595,5649,63
2021-05-26,Trinity,105,12862,455,328,83,411,3
2021-05-26,Tulare,107,460477,49998,49352,9341,58693,839
2021-05-26,Tuolumne,109,53932,4080,4088,37,4125,66
2021-05-26,Ventura,111,848112,81352,80944,3031,83975,1023
2021-05-26,Yolo,113,214977,14020,14025,331,14356,213
2021-05-26,Yuba,115,75493,6064,6036,123,6159,49
2021-05-25,Alameda,001,1643700,88233,88237,2011,90248,1263
2021-05-25,Alpine,003,1148,88,88,0,88,0
2021-05-25,Amador,005,37829,3678,3676,33,3709,46
2021-05-25,Butte,007,227075,12537,12295,1868,14163,189
2021-05-25,Calaveras,009,45235,2163,2148,14,2162,55
2021-05-25,Colusa,011,21464,1945,1949,315,2264,15
2021-05-25,Contra Costa,013,1133247,69605,69167,1304,70471,809
2021-05-25,Del Norte,015,27424,1414,1385,12,1397,8
2021-05-25,El Dorado,017,186661,10283,10240,746,10986,112
2021-05-25,Fresno,019,978130,102659,102329,8888,111217,1701
2021-05-25,Glenn,021,27897,2429,2414,569,2983,17
2021-05-25,Humboldt,023,135768,4270,4231,36,4267,42
2021-05-25,Imperial,025,180216,28579,28586,2854,31440,735
2021-05-25,Inyo,027,18085,1403,1402,22,1424,36
2021-05-25,Kern,029,883053,97253,96319,11135,107454,1319
2021-05-25,Kings,031,150075,23109,22944,1141,24085,245
2021-05-25,Lake,033,64148,3527,3508,9,3517,44
2021-05-25,Lassen,035,31185,5206,5164,116,5280,6
2021-05-25,Los Angeles,037,10098052,1204358,1197940,42363,1240303,24212
2021-05-25,Madera,039,155013,16610,16519,957,17476,240
2021-05-25,Marin,041,260295,14072,14053,268,14321,227
2021-05-25,Mariposa,043,17540,430,427,12,439,5
2021-05-25,Mendocino,045,87422,3994,3928,77,4005,47
2021-05-25,Merced,047,269075,31063,31132,998,32130,455
2021-05-25,Modoc,049,8938,379,367,131,498,3
2021-05-25,Mono,051,14174,1253,1274,14,1288,3
2021-05-25,Monterey,053,433212,43122,43012,1915,44927,379
2021-05-25,Napa,055,140530,9915,9926,31,9957,82
2021-05-25,Nevada,057,99092,4831,4795,196,4991,70
2021-05-25,Orange,059,3164182,255672,254321,11508,265829,5057
2021-05-25,Placer,061,380077,23267,22920,1537,24457,292
2021-05-25,Plumas,063,18699,703,684,12,696,4
2021-05-25,Riverside,065,2383286,292278,288725,14196,302921,4443
2021-05-25,Sacramento,067,1510023,106196,105828,1794,107622,1633
2021-05-25,San Benito,069,59416,6063,6073,118,6191,63
2021-05-25,San Bernardino,071,2135413,293183,292485,9158,301643,4755
2021-05-25,San Diego,073,3302833,280715,279786,14878,294664,3753
2021-05-25,San Francisco,075,870044,36729,36939,1326,38265,546
2021-05-25,San Joaquin,077,732212,73113,72628,3643,76271,1387
2021-05-25,San Luis Obispo,079,281455,21308,21153,761,21914,256
2021-05-25,San Mateo,081,765935,42382,42268,476,42744,435
2021-05-25,Santa Barbara,083,443738,34905,34337,1217,35554,459
2021-05-25,Santa Clara,085,1922200,118513,119393,772,120165,2032
2021-05-25,Santa Cruz,087,273765,16202,16141,849,16990,207
2021-05-25,Shasta,089,179085,12326,12328,1620,13948,202
2021-05-25,Sierra,091,2930,55,54,14,68,0
2021-05-25,Siskiyou,093,43540,1923,1845,365,2210,18
2021-05-25,Solano,095,438530,32824,32817,553,33370,256
2021-05-25,Sonoma,097,501317,30071,30207,337,30544,321
2021-05-25,Stanislaus,099,539301,56359,56168,6077,62245,974
2021-05-25,Sutter,101,95872,9510,9495,94,9589,112
2021-05-25,Tehama,103,63373,5076,5048,594,5642,63
2021-05-25,Trinity,105,12862,455,328,82,410,3
2021-05-25,Tulare,107,460477,49988,49326,9333,58659,838
2021-05-25,Tuolumne,109,53932,4080,4084,37,4121,66
2021-05-25,Ventura,111,848112,81334,80905,3031,83936,1022
2021-05-25,Yolo,113,214977,14013,14018,329,14347,213
2021-05-25,Yuba,115,75493,6057,6028,123,6151,49
2021-05-24,Alameda,001,1643700,88171,88182,2010,90192,1263
2021-05-24,Alpine,003,1148,88,88,0,88,0
2021-05-24,Amador,005,37829,3676,3675,33,3708,46
2021-05-24,Butte,007,227075,12524,12279,1865,14144,189
2021-05-24,Calaveras,009,45235,2162,2146,14,2160,54
2021-05-24,Colusa,011,21464,1945,1949,315,2264,15
2021-05-24,Contra Costa,013,1133247,69566,69107,1300,70407,809
2021-05-24,Del Norte,015,27424,1413,1384,12,1396,8
2021-05-24,El Dorado,017,186661,10273,10227,745,10972,112
2021-05-24,Fresno,019,978130,102617,102289,8887,111176,1698
2021-05-24,Glenn,021,27897,2429,2413,569,2982,17
2021-05-24,Humboldt,023,135768,4263,4225,36,4261,42
2021-05-24,Imperial,025,180216,28577,28575,2854,31429,735
2021-05-24,Inyo,027,18085,1403,1402,22,1424,36
2021-05-24,Kern,029,883053,97226,96296,11130,107426,1319
2021-05-24,Kings,031,150075,23105,22940,1141,24081,246
2021-05-24,Lake,033,64148,3525,3506,9,3515,43
2021-05-24,Lassen,035,31185,5202,5163,116,5279,6
2021-05-24,Los Angeles,037,10098052,1204185,1197782,42348,1240130,24201
2021-05-24,Madera,039,155013,16607,16513,956,17469,239
2021-05-24,Marin,041,260295,14070,14051,268,14319,227
2021-05-24,Mariposa,043,17540,429,427,12,439,5
2021-05-24,Mendocino,045,87422,3992,3919,77,3996,47
2021-05-24,Merced,047,269075,31053,31128,997,32125,455
2021-05-24,Modoc,049,8938,379,366,130,496,3
2021-05-24,Mono,051,14174,1253,1270,14,1284,3
2021-05-24,Monterey,053,433212,43117,43005,1914,44919,379
2021-05-24,Napa,055,140530,9915,9924,31,9955,82
2021-05-24,Nevada,057,99092,4828,4790,196,4986,70
2021-05-24,Orange,059,3164182,255636,254287,11498,265785,5056
2021-05-24,Placer,061,380077,23248,22895,1536,24431,292
2021-05-24,Plumas,063,18699,702,683,12,695,4
2021-05-24,Riverside,065,2383286,292224,288669,14185,302854,4442
2021-05-24,Sacramento,067,1510023,106081,105716,1793,107509,1632
2021-05-24,San Benito,069,59416,6063,6072,118,6190,63
2021-05-24,San Bernardino,071,2135413,293143,292343,9157,301500,4747
2021-05-24,San Diego,073,3302833,280606,279715,14868,294583,3749
2021-05-24,San Francisco,075,870044,36710,36934,1325,38259,547
2021-05-24,San Joaquin,077,732212,73081,72586,3642,76228,1371
2021-05-24,San Luis Obispo,079,281455,21290,21146,760,21906,256
2021-05-24,San Mateo,081,765935,42372,42249,476,42725,433
2021-05-24,Santa Barbara,083,443738,34900,34322,1217,35539,459
2021-05-24,Santa Clara,085,1922200,118481,119358,772,120130,2030
2021-05-24,Santa Cruz,087,273765,16197,16135,849,16984,207
2021-05-24,Shasta,089,179085,12309,12315,1617,13932,201
2021-05-24,Sierra,091,2930,55,54,14,68,0
2021-05-24,Siskiyou,093,43540,1920,1840,365,2205,17
2021-05-24,Solano,095,438530,32799,32792,552,33344,254
2021-05-24,Sonoma,097,501317,30056,30187,337,30524,321
2021-05-24,Stanislaus,099,539301,56325,56128,6073,62201,974
2021-05-24,Sutter,101,95872,9504,9486,94,9580,113
2021-05-24,Tehama,103,63373,5073,5043,592,5635,63
2021-05-24,Trinity,105,12862,455,328,82,410,3
2021-05-24,Tulare,107,460477,49981,49318,9329,58647,838
2021-05-24,Tuolumne,109,53932,4080,4083,37,4120,65
2021-05-24,Ventura,111,848112,81321,80876,3029,83905,1022
2021-05-24,Yolo,113,214977,13996,14012,326,14338,213
2021-05-24,Yuba,115,75493,6048,6022,123,6145,49
2021-05-23,Alameda,001,1643700,88100,88157,2007,90164,1263
2021-05-23,Alpine,003,1148,88,88,0,88,0
2021-05-23,Amador,005,37829,3675,3673,33,3706,46
2021-05-23,Butte,007,227075,12510,12271,1864,14135,189
2021-05-23,Calaveras,009,45235,2153,2144,14,2158,54
2021-05-23,Colusa,011,21464,1945,1949,313,2262,15
2021-05-23,Contra Costa,013,1133247,69521,69075,1298,70373,809
2021-05-23,Del Norte,015,27424,1409,1383,12,1395,8
2021-05-23,El Dorado,017,186661,10267,10222,745,10967,112
2021-05-23,Fresno,019,978130,102571,102270,8882,111152,1698
2021-05-23,Glenn,021,27897,2427,2413,569,2982,17
2021-05-23,Humboldt,023,135768,4246,4216,36,4252,42
2021-05-23,Imperial,025,180216,28571,28569,2853,31422,735
2021-05-23,Inyo,027,18085,1403,1402,22,1424,36
2021-05-23,Kern,029,883053,97203,96282,11121,107403,1319
2021-05-23,Kings,031,150075,23092,22939,1139,24078,246
2021-05-23,Lake,033,64148,3522,3504,9,3513,43
2021-05-23,Lassen,035,31185,5198,5163,115,5278,6
2021-05-23,Los Angeles,037,10098052,1204000,1197633,42336,1239969,24197
2021-05-23,Madera,039,155013,16601,16504,955,17459,239
2021-05-23,Marin,041,260295,14061,14048,267,14315,227
2021-05-23,Mariposa,043,17540,429,427,12,439,5
2021-05-23,Mendocino,045,87422,3986,3913,76,3989,47
2021-05-23,Merced,047,269075,31043,31118,997,32115,455
2021-05-23,Modoc,049,8938,375,366,130,496,3
2021-05-23,Mono,051,14174,1252,1270,14,1284,3
2021-05-23,Monterey,053,433212,43107,43003,1914,44917,379
2021-05-23,Napa,055,140530,9911,9923,31,9954,82
2021-05-23,Nevada,057,99092,4818,4790,196,4986,70
2021-05-23,Orange,059,3164182,255598,254277,11492,265769,5050
2021-05-23,Placer,061,380077,23228,22888,1536,24424,292
2021-05-23,Plumas,063,18699,701,683,12,695,4
2021-05-23,Riverside,065,2383286,292156,288641,14181,302822,4442
2021-05-23,Sacramento,067,1510023,105965,105663,1790,107453,1632
2021-05-23,San Benito,069,59416,6062,6072,118,6190,63
2021-05-23,San Bernardino,071,2135413,293092,292327,9156,301483,4747
2021-05-23,San Diego,073,3302833,280516,279690,14857,294547,3751
2021-05-23,San Francisco,075,870044,36699,36927,1324,38251,547
2021-05-23,San Joaquin,077,732212,73032,72571,3639,76210,1371
2021-05-23,San Luis Obispo,079,281455,21280,21141,759,21900,256
2021-05-23,San Mateo,081,765935,42355,42248,476,42724,433
2021-05-23,Santa Barbara,083,443738,34893,34319,1217,35536,459
2021-05-23,Santa Clara,085,1922200,118457,119333,772,120105,2030
2021-05-23,Santa Cruz,087,273765,16194,16130,849,16979,207
2021-05-23,Shasta,089,179085,12292,12313,1613,13926,201
2021-05-23,Sierra,091,2930,55,54,14,68,0
2021-05-23,Siskiyou,093,43540,1915,1826,358,2184,17
2021-05-23,Solano,095,438530,32781,32780,551,33331,254
2021-05-23,Sonoma,097,501317,30027,30168,336,30504,321
2021-05-23,Stanislaus,099,539301,56275,56104,6070,62174,974
2021-05-23,Sutter,101,95872,9495,9479,94,9573,113
2021-05-23,Tehama,103,63373,5066,5041,590,5631,63
2021-05-23,Trinity,105,12862,455,328,82,410,3
2021-05-23,Tulare,107,460477,49967,49310,9325,58635,838
2021-05-23,Tuolumne,109,53932,4077,4081,37,4118,65
2021-05-23,Ventura,111,848112,81291,80872,3028,83900,1022
2021-05-23,Yolo,113,214977,13984,14004,323,14327,213
2021-05-23,Yuba,115,75493,6043,6017,123,6140,49
2021-05-22,Alameda,001,1643700,88075,88101,2006,90107,1263
2021-05-22,Alpine,003,1148,88,88,0,88,0
2021-05-22,Amador,005,37829,3674,3672,33,3705,46
2021-05-22,Butte,007,227075,12498,12265,1863,14128,189
2021-05-22,Calaveras,009,45235,2150,2141,14,2155,54
2021-05-22,Colusa,011,21464,1941,1949,312,2261,15
2021-05-22,Contra Costa,013,1133247,69488,69004,1297,70301,809
2021-05-22,Del Norte,015,27424,1408,1381,12,1393,8
2021-05-22,El Dorado,017,186661,10262,10215,745,10960,112
2021-05-22,Fresno,019,978130,102557,102238,8880,111118,1698
2021-05-22,Glenn,021,27897,2427,2412,569,2981,17
2021-05-22,Humboldt,023,135768,4237,4194,35,4229,42
2021-05-22,Imperial,025,180216,28562,28574,2853,31427,735
2021-05-22,Inyo,027,18085,1403,1402,22,1424,36
2021-05-22,Kern,029,883053,97191,96260,11114,107374,1319
2021-05-22,Kings,031,150075,23092,22936,1139,24075,246
2021-05-22,Lake,033,64148,3519,3502,9,3511,43
2021-05-22,Lassen,035,31185,5198,5163,115,5278,6
2021-05-22,Los Angeles,037,10098052,1203894,1197454,42327,1239781,24192
2021-05-22,Madera,039,155013,16598,16503,955,17458,239
2021-05-22,Marin,041,260295,14058,14043,267,14310,227
2021-05-22,Mariposa,043,17540,429,427,12,439,5
2021-05-22,Mendocino,045,87422,3980,3908,76,3984,47
2021-05-22,Merced,047,269075,31033,31099,997,32096,455
2021-05-22,Modoc,049,8938,375,366,130,496,3
2021-05-22,Mono,051,14174,1250,1270,14,1284,3
2021-05-22,Monterey,053,433212,43101,42998,1914,44912,379
2021-05-22,Napa,055,140530,9909,9918,31,9949,82
2021-05-22,Nevada,057,99092,4811,4787,195,4982,70
2021-05-22,Orange,059,3164182,255577,254238,11486,265724,5048
2021-05-22,Placer,061,380077,23214,22865,1535,24400,292
2021-05-22,Plumas,063,18699,700,683,12,695,4
2021-05-22,Riverside,065,2383286,292125,288580,14180,302760,4442
2021-05-22,Sacramento,067,1510023,105890,105551,1787,107338,1632
2021-05-22,San Benito,069,59416,6062,6071,118,6189,63
2021-05-22,San Bernardino,071,2135413,293067,292292,9156,301448,4747
2021-05-22,San Diego,073,3302833,280457,279614,14849,294463,3751
2021-05-22,San Francisco,075,870044,36689,36906,1322,38228,547
2021-05-22,San Joaquin,077,732212,73010,72528,3636,76164,1371
2021-05-22,San Luis Obispo,079,281455,21272,21134,758,21892,256
2021-05-22,San Mateo,081,765935,42345,42218,476,42694,433
2021-05-22,Santa Barbara,083,443738,34889,34313,1216,35529,459
2021-05-22,Santa Clara,085,1922200,118434,119292,772,120064,2030
2021-05-22,Santa Cruz,087,273765,16194,16125,849,16974,207
2021-05-22,Shasta,089,179085,12286,12307,1610,13917,201
2021-05-22,Sierra,091,2930,55,54,14,68,0
2021-05-22,Siskiyou,093,43540,1914,1824,357,2181,17
2021-05-22,Solano,095,438530,32768,32753,551,33304,254
2021-05-22,Sonoma,097,501317,30015,30154,336,30490,321
2021-05-22,Stanislaus,099,539301,56250,56069,6068,62137,974
2021-05-22,Sutter,101,95872,9490,9476,94,9570,113
2021-05-22,Tehama,103,63373,5065,5036,590,5626,63
2021-05-22,Trinity,105,12862,455,328,82,410,3
2021-05-22,Tulare,107,460477,49961,49299,9320,58619,838
2021-05-22,Tuolumne,109,53932,4077,4078,37,4115,65
2021-05-22,Ventura,111,848112,81287,80859,3028,83887,1022
2021-05-22,Yolo,113,214977,13982,13997,323,14320,213
2021-05-22,Yuba,115,75493,6040,6010,123,6133,49
2021-05-21,Alameda,001,1643700,88048,88041,2005,90046,1263
2021-05-21,Alpine,003,1148,88,88,0,88,0
2021-05-21,Amador,005,37829,3671,3672,33,3705,46
2021-05-21,Butte,007,227075,12491,12236,1861,14097,188
2021-05-21,Calaveras,009,45235,2148,2138,14,2152,54
2021-05-21,Colusa,011,21464,1941,1947,312,2259,15
2021-05-21,Contra Costa,013,1133247,69445,68965,1296,70261,810
2021-05-21,Del Norte,015,27424,1407,1376,12,1388,8
2021-05-21,El Dorado,017,186661,10258,10204,745,10949,112
2021-05-21,Fresno,019,978130,102529,102189,8878,111067,1698
2021-05-21,Glenn,021,27897,2427,2408,569,2977,17
2021-05-21,Humboldt,023,135768,4230,4175,35,4210,42
2021-05-21,Imperial,025,180216,28555,28572,2852,31424,732
2021-05-21,Inyo,027,18085,1403,1402,22,1424,36
2021-05-21,Kern,029,883053,97177,96233,11107,107340,1318
2021-05-21,Kings,031,150075,23092,22927,1139,24066,246
2021-05-21,Lake,033,64148,3517,3500,9,3509,43
2021-05-21,Lassen,035,31185,5197,5161,115,5276,6
2021-05-21,Los Angeles,037,10098052,1203784,1197263,42318,1239581,24180
2021-05-21,Madera,039,155013,16597,16500,954,17454,238
2021-05-21,Marin,041,260295,14053,14042,267,14309,227
2021-05-21,Mariposa,043,17540,428,427,12,439,5
2021-05-21,Mendocino,045,87422,3974,3897,76,3973,47
2021-05-21,Merced,047,269075,31025,31076,997,32073,455
2021-05-21,Modoc,049,8938,375,365,130,495,3
2021-05-21,Mono,051,14174,1250,1269,14,1283,3
2021-05-21,Monterey,053,433212,43099,42995,1914,44909,379
2021-05-21,Napa,055,140530,9905,9913,31,9944,82
2021-05-21,Nevada,057,99092,4810,4779,195,4974,70
2021-05-21,Orange,059,3164182,255557,254171,11484,265655,5042
2021-05-21,Placer,061,380077,23206,22853,1535,24388,292
2021-05-21,Plumas,063,18699,700,683,11,694,4
2021-05-21,Riverside,065,2383286,292098,288499,14173,302672,4442
2021-05-21,Sacramento,067,1510023,105823,105476,1784,107260,1632
2021-05-21,San Benito,069,59416,6062,6068,118,6186,63
2021-05-21,San Bernardino,071,2135413,293035,292205,9153,301358,4744
2021-05-21,San Diego,073,3302833,280386,279554,14839,294393,3748
2021-05-21,San Francisco,075,870044,36683,36879,1322,38201,546
2021-05-21,San Joaquin,077,732212,72991,72467,3634,76101,1371
2021-05-21,San Luis Obispo,079,281455,21266,21128,755,21883,256
2021-05-21,San Mateo,081,765935,42332,42163,475,42638,432
2021-05-21,Santa Barbara,083,443738,34884,34302,1216,35518,459
2021-05-21,Santa Clara,085,1922200,118407,119247,772,120019,2029
2021-05-21,Santa Cruz,087,273765,16190,16120,849,16969,207
2021-05-21,Shasta,089,179085,12269,12289,1608,13897,201
2021-05-21,Sierra,091,2930,55,54,14,68,0
2021-05-21,Siskiyou,093,43540,1913,1815,357,2172,16
2021-05-21,Solano,095,438530,32753,32742,551,33293,254
2021-05-21,Sonoma,097,501317,30002,30126,336,30462,321
2021-05-21,Stanislaus,099,539301,56218,56036,6066,62102,975
2021-05-21,Sutter,101,95872,9488,9470,94,9564,113
2021-05-21,Tehama,103,63373,5059,5030,590,5620,63
2021-05-21,Trinity,105,12862,455,329,81,410,3
2021-05-21,Tulare,107,460477,49956,49271,9318,58589,838
2021-05-21,Tuolumne,109,53932,4075,4079,37,4116,65
2021-05-21,Ventura,111,848112,81279,80821,3025,83846,1021
2021-05-21,Yolo,113,214977,13975,13983,323,14306,213
2021-05-21,Yuba,115,75493,6034,6006,123,6129,49
2021-05-20,Alameda,001,1643700,88001,87975,2004,89979,1264
2021-05-20,Alpine,003,1148,88,88,0,88,0
2021-05-20,Amador,005,37829,3670,3671,33,3704,46
2021-05-20,Butte,007,227075,12484,12220,1858,14078,188
2021-05-20,Calaveras,009,45235,2144,2138,14,2152,54
2021-05-20,Colusa,011,21464,1940,1946,310,2256,15
2021-05-20,Contra Costa,013,1133247,69400,68913,1294,70207,809
2021-05-20,Del Norte,015,27424,1407,1373,12,1385,8
2021-05-20,El Dorado,017,186661,10249,10188,745,10933,112
2021-05-20,Fresno,019,978130,102508,102135,8876,111011,1696
2021-05-20,Glenn,021,27897,2423,2406,569,2975,17
2021-05-20,Humboldt,023,135768,4213,4162,34,4196,42
2021-05-20,Imperial,025,180216,28550,28551,2852,31403,732
2021-05-20,Inyo,027,18085,1403,1402,22,1424,36
2021-05-20,Kern,029,883053,97156,96204,11100,107304,1317
2021-05-20,Kings,031,150075,23090,22922,1139,24061,246
2021-05-20,Lake,033,64148,3514,3500,9,3509,43
2021-05-20,Lassen,035,31185,5195,5160,114,5274,6
2021-05-20,Los Angeles,037,10098052,1203628,1197073,42309,1239382,24168
2021-05-20,Madera,039,155013,16591,16499,952,17451,238
2021-05-20,Marin,041,260295,14049,14036,266,14302,227
2021-05-20,Mariposa,043,17540,428,426,12,438,5
2021-05-20,Mendocino,045,87422,3967,3897,76,3973,47
2021-05-20,Merced,047,269075,31012,31046,996,32042,454
2021-05-20,Modoc,049,8938,375,365,130,495,3
2021-05-20,Mono,051,14174,1249,1269,14,1283,3
2021-05-20,Monterey,053,433212,43093,42984,1913,44897,379
2021-05-20,Napa,055,140530,9902,9913,31,9944,82
2021-05-20,Nevada,057,99092,4809,4775,195,4970,70
2021-05-20,Orange,059,3164182,255513,254127,11481,265608,5038
2021-05-20,Placer,061,380077,23193,22823,1534,24357,292
2021-05-20,Plumas,063,18699,698,682,11,693,4
2021-05-20,Riverside,065,2383286,292052,288453,14168,302621,4442
2021-05-20,Sacramento,067,1510023,105727,105414,1781,107195,1629
2021-05-20,San Benito,069,59416,6061,6067,118,6185,63
2021-05-20,San Bernardino,071,2135413,292989,292153,9152,301305,4728
2021-05-20,San Diego,073,3302833,280298,279490,14827,294317,3749
2021-05-20,San Francisco,075,870044,36674,36860,1322,38182,546
2021-05-20,San Joaquin,077,732212,72953,72388,3632,76020,1371
2021-05-20,San Luis Obispo,079,281455,21254,21095,753,21848,256
2021-05-20,San Mateo,081,765935,42318,42152,473,42625,432
2021-05-20,Santa Barbara,083,443738,34880,34293,1216,35509,459
2021-05-20,Santa Clara,085,1922200,118386,119222,772,119994,2029
2021-05-20,Santa Cruz,087,273765,16185,16119,849,16968,207
2021-05-20,Shasta,089,179085,12256,12266,1605,13871,200
2021-05-20,Sierra,091,2930,55,54,14,68,0
2021-05-20,Siskiyou,093,43540,1906,1811,356,2167,16
2021-05-20,Solano,095,438530,32738,32725,551,33276,253
2021-05-20,Sonoma,097,501317,29985,30107,335,30442,321
2021-05-20,Stanislaus,099,539301,56187,55979,6064,62043,970
2021-05-20,Sutter,101,95872,9484,9467,94,9561,113
2021-05-20,Tehama,103,63373,5057,5029,590,5619,63
2021-05-20,Trinity,105,12862,455,329,80,409,3
2021-05-20,Tulare,107,460477,49945,49217,9315,58532,837
2021-05-20,Tuolumne,109,53932,4074,4077,37,4114,65
2021-05-20,Ventura,111,848112,81268,80800,3025,83825,1019
2021-05-20,Yolo,113,214977,13970,13973,323,14296,211
2021-05-20,Yuba,115,75493,6025,6002,123,6125,49
2021-05-19,Alameda,001,1643700,87960,87889,2002,89891,1260
2021-05-19,Alpine,003,1148,88,88,0,88,0
2021-05-19,Amador,005,37829,3670,3669,33,3702,46
2021-05-19,Butte,007,227075,12474,12198,1858,14056,188
2021-05-19,Calaveras,009,45235,2140,2132,14,2146,54
2021-05-19,Colusa,011,21464,1940,1945,308,2253,15
2021-05-19,Contra Costa,013,1133247,69353,68836,1294,70130,808
2021-05-19,Del Norte,015,27424,1405,1371,12,1383,8
2021-05-19,El Dorado,017,186661,10244,10179,744,10923,112
2021-05-19,Fresno,019,978130,102478,102085,8873,110958,1693
2021-05-19,Glenn,021,27897,2423,2404,569,2973,17
2021-05-19,Humboldt,023,135768,4203,4143,34,4177,42
2021-05-19,Imperial,025,180216,28541,28550,2852,31402,732
2021-05-19,Inyo,027,18085,1403,1402,22,1424,36
2021-05-19,Kern,029,883053,97127,96173,11092,107265,1316
2021-05-19,Kings,031,150075,23084,22919,1139,24058,246
2021-05-19,Lake,033,64148,3514,3497,9,3506,43
2021-05-19,Lassen,035,31185,5194,5157,114,5271,6
2021-05-19,Los Angeles,037,10098052,1203435,1196856,42294,1239150,24143
2021-05-19,Madera,039,155013,16588,16496,952,17448,238
2021-05-19,Marin,041,260295,14045,14033,264,14297,227
2021-05-19,Mariposa,043,17540,428,425,12,437,5
2021-05-19,Mendocino,045,87422,3963,3886,76,3962,47
2021-05-19,Merced,047,269075,30996,31044,996,32040,452
2021-05-19,Modoc,049,8938,375,364,127,491,3
2021-05-19,Mono,051,14174,1249,1266,14,1280,3
2021-05-19,Monterey,053,433212,43088,42973,1912,44885,379
2021-05-19,Napa,055,140530,9899,9906,31,9937,82
2021-05-19,Nevada,057,99092,4807,4769,195,4964,70
2021-05-19,Orange,059,3164182,255476,254087,11471,265558,5035
2021-05-19,Placer,061,380077,23175,22784,1528,24312,291
2021-05-19,Plumas,063,18699,698,682,11,693,4
2021-05-19,Riverside,065,2383286,292006,288398,14166,302564,4442
2021-05-19,Sacramento,067,1510023,105649,105225,1780,107005,1629
2021-05-19,San Benito,069,59416,6060,6064,118,6182,63
2021-05-19,San Bernardino,071,2135413,292945,292078,9149,301227,4725
2021-05-19,San Diego,073,3302833,280214,279345,14806,294151,3746
2021-05-19,San Francisco,075,870044,36661,36835,1321,38156,546
2021-05-19,San Joaquin,077,732212,72910,72338,3627,75965,1369
2021-05-19,San Luis Obispo,079,281455,21246,21085,752,21837,256
2021-05-19,San Mateo,081,765935,42311,42126,473,42599,429
2021-05-19,Santa Barbara,083,443738,34872,34292,1216,35508,459
2021-05-19,Santa Clara,085,1922200,118346,119176,771,119947,2015
2021-05-19,Santa Cruz,087,273765,16181,16121,848,16969,207
2021-05-19,Shasta,089,179085,12238,12233,1601,13834,200
2021-05-19,Sierra,091,2930,55,54,14,68,0
2021-05-19,Siskiyou,093,43540,1903,1803,355,2158,16
2021-05-19,Solano,095,438530,32711,32678,549,33227,253
2021-05-19,Sonoma,097,501317,29970,30080,335,30415,321
2021-05-19,Stanislaus,099,539301,56165,55912,6059,61971,967
2021-05-19,Sutter,101,95872,9477,9459,93,9552,113
2021-05-19,Tehama,103,63373,5049,5026,587,5613,63
2021-05-19,Trinity,105,12862,455,329,80,409,3
2021-05-19,Tulare,107,460477,49932,49163,9311,58474,837
2021-05-19,Tuolumne,109,53932,4074,4074,37,4111,64
2021-05-19,Ventura,111,848112,81252,80747,3024,83771,1019
2021-05-19,Yolo,113,214977,13964,13961,322,14283,211
2021-05-19,Yuba,115,75493,6021,5993,123,6116,49
2021-05-18,Alameda,001,1643700,87887,87816,2002,89818,1254
2021-05-18,Alpine,003,1148,88,88,0,88,0
2021-05-18,Amador,005,37829,3670,3669,33,3702,46
2021-05-18,Butte,007,227075,12461,12164,1855,14019,191
2021-05-18,Calaveras,009,45235,2136,2131,14,2145,54
2021-05-18,Colusa,011,21464,1940,1943,308,2251,14
2021-05-18,Contra Costa,013,1133247,69296,68750,1293,70043,808
2021-05-18,Del Norte,015,27424,1402,1371,12,1383,8
2021-05-18,El Dorado,017,186661,10233,10169,743,10912,112
2021-05-18,Fresno,019,978130,102440,102056,8870,110926,1690
2021-05-18,Glenn,021,27897,2417,2403,568,2971,17
2021-05-18,Humboldt,023,135768,4185,4132,34,4166,42
2021-05-18,Imperial,025,180216,28535,28538,2850,31388,730
2021-05-18,Inyo,027,18085,1403,1401,21,1422,36
2021-05-18,Kern,029,883053,97093,96128,11078,107206,1315
2021-05-18,Kings,031,150075,23078,22916,1139,24055,247
2021-05-18,Lake,033,64148,3512,3495,9,3504,43
2021-05-18,Lassen,035,31185,5193,5157,113,5270,6
2021-05-18,Los Angeles,037,10098052,1203257,1196668,42282,1238950,24133
2021-05-18,Madera,039,155013,16578,16491,952,17443,238
2021-05-18,Marin,041,260295,14042,14026,264,14290,227
2021-05-18,Mariposa,043,17540,428,424,12,436,5
2021-05-18,Mendocino,045,87422,3952,3877,75,3952,47
2021-05-18,Merced,047,269075,30977,31036,996,32032,452
2021-05-18,Modoc,049,8938,374,364,126,490,3
2021-05-18,Mono,051,14174,1248,1265,14,1279,3
2021-05-18,Monterey,053,433212,43082,43001,1912,44913,379
2021-05-18,Napa,055,140530,9899,9905,31,9936,82
2021-05-18,Nevada,057,99092,4800,4762,195,4957,70
2021-05-18,Orange,059,3164182,255435,254041,11461,265502,5031
2021-05-18,Placer,061,380077,23142,22726,1524,24250,291
2021-05-18,Plumas,063,18699,698,682,11,693,4
2021-05-18,Riverside,065,2383286,291952,288354,14159,302513,4438
2021-05-18,Sacramento,067,1510023,105548,105083,1778,106861,1629
2021-05-18,San Benito,069,59416,6059,6065,118,6183,63
2021-05-18,San Bernardino,071,2135413,292889,292014,9144,301158,4722
2021-05-18,San Diego,073,3302833,280106,279254,14797,294051,3742
2021-05-18,San Francisco,075,870044,36641,36818,1321,38139,546
2021-05-18,San Joaquin,077,732212,72864,72282,3623,75905,1368
2021-05-18,San Luis Obispo,079,281455,21236,21080,750,21830,256
2021-05-18,San Mateo,081,765935,42299,42099,472,42571,428
2021-05-18,Santa Barbara,083,443738,34863,34278,1216,35494,459
2021-05-18,Santa Clara,085,1922200,118319,119171,771,119942,2014
2021-05-18,Santa Cruz,087,273765,16173,16137,848,16985,207
2021-05-18,Shasta,089,179085,12220,12197,1595,13792,200
2021-05-18,Sierra,091,2930,55,54,14,68,0
2021-05-18,Siskiyou,093,43540,1902,1799,355,2154,16
2021-05-18,Solano,095,438530,32686,32644,549,33193,253
2021-05-18,Sonoma,097,501317,29950,30054,334,30388,321
2021-05-18,Stanislaus,099,539301,56127,55860,6059,61919,959
2021-05-18,Sutter,101,95872,9469,9453,93,9546,113
2021-05-18,Tehama,103,63373,5045,5020,584,5604,63
2021-05-18,Trinity,105,12862,455,329,79,408,3
2021-05-18,Tulare,107,460477,49924,49142,9306,58448,836
2021-05-18,Tuolumne,109,53932,4072,4073,37,4110,64
2021-05-18,Ventura,111,848112,81236,80726,3021,83747,1017
2021-05-18,Yolo,113,214977,13957,13951,321,14272,211
2021-05-18,Yuba,115,75493,6017,5989,122,6111,49
2021-05-17,Alameda,001,1643700,87835,87766,1999,89765,1253
2021-05-17,Alpine,003,1148,88,88,0,88,0
2021-05-17,Amador,005,37829,3667,3668,33,3701,46
2021-05-17,Butte,007,227075,12453,12144,1855,13999,192
2021-05-17,Calaveras,009,45235,2136,2131,14,2145,53
2021-05-17,Colusa,011,21464,1940,1943,308,2251,14
2021-05-17,Contra Costa,013,1133247,69241,68720,1292,70012,805
2021-05-17,Del Norte,015,27424,1397,1369,12,1381,8
2021-05-17,El Dorado,017,186661,10216,10163,743,10906,112
2021-05-17,Fresno,019,978130,102397,102013,8863,110876,1690
2021-05-17,Glenn,021,27897,2417,2401,568,2969,17
2021-05-17,Humboldt,023,135768,4174,4112,34,4146,42
2021-05-17,Imperial,025,180216,28529,28533,2847,31380,729
2021-05-17,Inyo,027,18085,1403,1401,21,1422,36
2021-05-17,Kern,029,883053,97064,96095,11061,107156,1315
2021-05-17,Kings,031,150075,23075,22918,1139,24057,246
2021-05-17,Lake,033,64148,3507,3489,9,3498,43
2021-05-17,Lassen,035,31185,5190,5156,112,5268,6
2021-05-17,Los Angeles,037,10098052,1203083,1196556,42276,1238832,24123
2021-05-17,Madera,039,155013,16571,16486,952,17438,238
2021-05-17,Marin,041,260295,14036,14021,264,14285,227
2021-05-17,Mariposa,043,17540,427,423,12,435,5
2021-05-17,Mendocino,045,87422,3943,3868,75,3943,46
2021-05-17,Merced,047,269075,30962,31031,996,32027,450
2021-05-17,Modoc,049,8938,373,362,126,488,3
2021-05-17,Mono,051,14174,1244,1265,14,1279,3
2021-05-17,Monterey,053,433212,43075,42995,1912,44907,379
2021-05-17,Napa,055,140530,9898,9894,31,9925,82
2021-05-17,Nevada,057,99092,4796,4761,194,4955,70
2021-05-17,Orange,059,3164182,255389,253993,11454,265447,5031
2021-05-17,Placer,061,380077,23116,22706,1517,24223,289
2021-05-17,Plumas,063,18699,698,682,11,693,4
2021-05-17,Riverside,065,2383286,291885,288304,14155,302459,4433
2021-05-17,Sacramento,067,1510023,105441,105035,1775,106810,1629
2021-05-17,San Benito,069,59416,6056,6067,118,6185,63
2021-05-17,San Bernardino,071,2135413,292840,291989,9136,301125,4724
2021-05-17,San Diego,073,3302833,279974,279146,14775,293921,3742
2021-05-17,San Francisco,075,870044,36629,36816,1319,38135,546
2021-05-17,San Joaquin,077,732212,72826,72234,3620,75854,1359
2021-05-17,San Luis Obispo,079,281455,21227,21079,748,21827,256
2021-05-17,San Mateo,081,765935,42271,42083,472,42555,428
2021-05-17,Santa Barbara,083,443738,34856,34275,1216,35491,459
2021-05-17,Santa Clara,085,1922200,118282,119116,769,119885,2015
2021-05-17,Santa Cruz,087,273765,16170,16151,848,16999,206
2021-05-17,Shasta,089,179085,12198,12163,1594,13757,200
2021-05-17,Sierra,091,2930,55,54,14,68,0
2021-05-17,Siskiyou,093,43540,1893,1795,352,2147,15
2021-05-17,Solano,095,438530,32668,32627,549,33176,253
2021-05-17,Sonoma,097,501317,29927,30043,333,30376,321
2021-05-17,Stanislaus,099,539301,56076,55839,6052,61891,951
2021-05-17,Sutter,101,95872,9462,9447,93,9540,113
2021-05-17,Tehama,103,63373,5042,5016,583,5599,63
2021-05-17,Trinity,105,12862,455,328,79,407,3
2021-05-17,Tulare,107,460477,49902,49107,9299,58406,836
2021-05-17,Tuolumne,109,53932,4072,4071,37,4108,64
2021-05-17,Ventura,111,848112,81216,80699,3021,83720,1017
2021-05-17,Yolo,113,214977,13951,13941,321,14262,211
2021-05-17,Yuba,115,75493,6009,5987,122,6109,49
2021-05-16,Alameda,001,1643700,87771,87743,1999,89742,1253
2021-05-16,Alpine,003,1148,88,88,0,88,0
2021-05-16,Amador,005,37829,3666,3667,33,3700,46
2021-05-16,Butte,007,227075,12439,12140,1855,13995,192
2021-05-16,Calaveras,009,45235,2134,2129,14,2143,53
2021-05-16,Colusa,011,21464,1938,1943,308,2251,14
2021-05-16,Contra Costa,013,1133247,69173,68694,1289,69983,805
2021-05-16,Del Norte,015,27424,1394,1365,12,1377,8
2021-05-16,El Dorado,017,186661,10200,10159,742,10901,112
2021-05-16,Fresno,019,978130,102353,101987,8857,110844,1690
2021-05-16,Glenn,021,27897,2417,2401,567,2968,17
2021-05-16,Humboldt,023,135768,4159,4104,34,4138,42
2021-05-16,Imperial,025,180216,28518,28516,2846,31362,729
2021-05-16,Inyo,027,18085,1403,1401,21,1422,36
2021-05-16,Kern,029,883053,97031,96083,11040,107123,1315
2021-05-16,Kings,031,150075,23071,22918,1136,24054,246
2021-05-16,Lake,033,64148,3504,3489,9,3498,43
2021-05-16,Lassen,035,31185,5189,5156,112,5268,6
2021-05-16,Los Angeles,037,10098052,1202863,1196397,42260,1238657,24120
2021-05-16,Madera,039,155013,16566,16483,949,17432,238
2021-05-16,Marin,041,260295,14033,14015,264,14279,227
2021-05-16,Mariposa,043,17540,427,423,12,435,5
2021-05-16,Mendocino,045,87422,3933,3863,75,3938,46
2021-05-16,Merced,047,269075,30941,31023,994,32017,450
2021-05-16,Modoc,049,8938,373,362,126,488,3
2021-05-16,Mono,051,14174,1244,1265,14,1279,3
2021-05-16,Monterey,053,433212,43070,42991,1912,44903,379
2021-05-16,Napa,055,140530,9895,9891,31,9922,82
2021-05-16,Nevada,057,99092,4791,4755,194,4949,70
2021-05-16,Orange,059,3164182,255356,253962,11451,265413,5031
2021-05-16,Placer,061,380077,23084,22696,1511,24207,289
2021-05-16,Plumas,063,18699,697,682,11,693,4
2021-05-16,Riverside,065,2383286,291811,288259,14145,302404,4433
2021-05-16,Sacramento,067,1510023,105327,105013,1773,106786,1628
2021-05-16,San Benito,069,59416,6055,6067,117,6184,63
2021-05-16,San Bernardino,071,2135413,292767,291940,9134,301074,4724
2021-05-16,San Diego,073,3302833,279856,279099,14762,293861,3742
2021-05-16,San Francisco,075,870044,36607,36808,1318,38126,546
2021-05-16,San Joaquin,077,732212,72778,72218,3615,75833,1359
2021-05-16,San Luis Obispo,079,281455,21220,21072,747,21819,256
2021-05-16,San Mateo,081,765935,42260,42063,471,42534,428
2021-05-16,Santa Barbara,083,443738,34849,34270,1216,35486,459
2021-05-16,Santa Clara,085,1922200,118253,119098,768,119866,2015
2021-05-16,Santa Cruz,087,273765,16168,16143,848,16991,206
2021-05-16,Shasta,089,179085,12182,12156,1590,13746,200
2021-05-16,Sierra,091,2930,55,54,14,68,0
2021-05-16,Siskiyou,093,43540,1889,1790,351,2141,15
2021-05-16,Solano,095,438530,32635,32619,547,33166,253
2021-05-16,Sonoma,097,501317,29908,30033,333,30366,321
2021-05-16,Stanislaus,099,539301,56021,55814,6040,61854,951
2021-05-16,Sutter,101,95872,9455,9445,93,9538,113
2021-05-16,Tehama,103,63373,5038,5013,582,5595,63
2021-05-16,Trinity,105,12862,455,328,79,407,3
2021-05-16,Tulare,107,460477,49885,49091,9296,58387,837
2021-05-16,Tuolumne,109,53932,4068,4070,37,4107,64
2021-05-16,Ventura,111,848112,81185,80689,3021,83710,1017
2021-05-16,Yolo,113,214977,13936,13938,321,14259,211
2021-05-16,Yuba,115,75493,6006,5987,122,6109,49
2021-05-15,Alameda,001,1643700,87745,87677,1998,89675,1252
2021-05-15,Alpine,003,1148,88,88,0,88,0
2021-05-15,Amador,005,37829,3666,3666,33,3699,46
2021-05-15,Butte,007,227075,12432,12095,1854,13949,192
2021-05-15,Calaveras,009,45235,2133,2126,14,2140,53
2021-05-15,Colusa,011,21464,1938,1941,306,2247,14
2021-05-15,Contra Costa,013,1133247,69127,68658,1289,69947,805
2021-05-15,Del Norte,015,27424,1389,1359,12,1371,8
2021-05-15,El Dorado,017,186661,10188,10156,741,10897,112
2021-05-15,Fresno,019,978130,102317,101957,8854,110811,1690
2021-05-15,Glenn,021,27897,2417,2400,567,2967,17
2021-05-15,Humboldt,023,135768,4149,4080,34,4114,42
2021-05-15,Imperial,025,180216,28515,28504,2845,31349,729
2021-05-15,Inyo,027,18085,1403,1402,21,1423,36
2021-05-15,Kern,029,883053,97018,96061,11024,107085,1315
2021-05-15,Kings,031,150075,23070,22913,1136,24049,246
2021-05-15,Lake,033,64148,3503,3485,9,3494,43
2021-05-15,Lassen,035,31185,5186,5156,111,5267,6
2021-05-15,Los Angeles,037,10098052,1202741,1196255,42246,1238501,24115
2021-05-15,Madera,039,155013,16563,16482,949,17431,238
2021-05-15,Marin,041,260295,14029,14012,264,14276,227
2021-05-15,Mariposa,043,17540,427,423,12,435,5
2021-05-15,Mendocino,045,87422,3930,3861,75,3936,46
2021-05-15,Merced,047,269075,30920,31012,994,32006,450
2021-05-15,Modoc,049,8938,373,362,126,488,3
2021-05-15,Mono,051,14174,1244,1265,14,1279,3
2021-05-15,Monterey,053,433212,43066,42982,1912,44894,379
2021-05-15,Napa,055,140530,9892,9887,31,9918,82
2021-05-15,Nevada,057,99092,4790,4755,194,4949,70
2021-05-15,Orange,059,3164182,255329,253919,11444,265363,5030
2021-05-15,Placer,061,380077,23063,22688,1511,24199,289
2021-05-15,Plumas,063,18699,697,681,11,692,4
2021-05-15,Riverside,065,2383286,291769,288203,14140,302343,4433
2021-05-15,Sacramento,067,1510023,105255,104929,1770,106699,1628
2021-05-15,San Benito,069,59416,6055,6066,117,6183,63
2021-05-15,San Bernardino,071,2135413,292725,291892,9132,301024,4724
2021-05-15,San Diego,073,3302833,279785,278991,14747,293738,3737
2021-05-15,San Francisco,075,870044,36591,36795,1316,38111,546
2021-05-15,San Joaquin,077,732212,72752,72197,3613,75810,1359
2021-05-15,San Luis Obispo,079,281455,21217,21061,746,21807,256
2021-05-15,San Mateo,081,765935,42244,42059,471,42530,428
2021-05-15,Santa Barbara,083,443738,34842,34259,1216,35475,459
2021-05-15,Santa Clara,085,1922200,118233,119060,768,119828,2016
2021-05-15,Santa Cruz,087,273765,16164,16137,848,16985,206
2021-05-15,Shasta,089,179085,12170,12152,1587,13739,200
2021-05-15,Sierra,091,2930,55,54,14,68,0
2021-05-15,Siskiyou,093,43540,1883,1788,349,2137,15
2021-05-15,Solano,095,438530,32626,32604,546,33150,253
2021-05-15,Sonoma,097,501317,29889,30020,333,30353,321
2021-05-15,Stanislaus,099,539301,55989,55795,6033,61828,952
2021-05-15,Sutter,101,95872,9453,9436,93,9529,113
2021-05-15,Tehama,103,63373,5034,5012,580,5592,63
2021-05-15,Trinity,105,12862,455,328,79,407,3
2021-05-15,Tulare,107,460477,49875,49080,9292,58372,837
2021-05-15,Tuolumne,109,53932,4066,4064,37,4101,63
2021-05-15,Ventura,111,848112,81174,80662,3021,83683,1017
2021-05-15,Yolo,113,214977,13929,13932,320,14252,211
2021-05-15,Yuba,115,75493,6003,5979,121,6100,49
2021-05-14,Alameda,001,1643700,87711,87621,1995,89616,1249
2021-05-14,Alpine,003,1148,88,88,0,88,0
2021-05-14,Amador,005,37829,3666,3665,33,3698,46
2021-05-14,Butte,007,227075,12423,12076,1851,13927,192
2021-05-14,Calaveras,009,45235,2129,2121,14,2135,53
2021-05-14,Colusa,011,21464,1937,1940,305,2245,14
2021-05-14,Contra Costa,013,1133247,69085,68589,1287,69876,806
2021-05-14,Del Norte,015,27424,1389,1355,12,1367,8
2021-05-14,El Dorado,017,186661,10181,10143,740,10883,113
2021-05-14,Fresno,019,978130,102288,101917,8848,110765,1688
2021-05-14,Glenn,021,27897,2416,2398,567,2965,17
2021-05-14,Humboldt,023,135768,4141,4050,34,4084,37
2021-05-14,Imperial,025,180216,28508,28485,2844,31329,728
2021-05-14,Inyo,027,18085,1403,1400,21,1421,36
2021-05-14,Kern,029,883053,96988,96033,11015,107048,1311
2021-05-14,Kings,031,150075,23069,22910,1136,24046,246
2021-05-14,Lake,033,64148,3499,3483,9,3492,43
2021-05-14,Lassen,035,31185,5186,5154,111,5265,6
2021-05-14,Los Angeles,037,10098052,1202607,1196038,42241,1238279,24101
2021-05-14,Madera,039,155013,16560,16474,949,17423,238
2021-05-14,Marin,041,260295,14025,14010,264,14274,227
2021-05-14,Mariposa,043,17540,427,422,12,434,5
2021-05-14,Mendocino,045,87422,3928,3855,75,3930,46
2021-05-14,Merced,047,269075,30910,31010,994,32004,450
2021-05-14,Modoc,049,8938,373,362,126,488,3
2021-05-14,Mono,051,14174,1243,1265,14,1279,3
2021-05-14,Monterey,053,433212,43061,42973,1912,44885,380
2021-05-14,Napa,055,140530,9889,9883,31,9914,82
2021-05-14,Nevada,057,99092,4785,4745,194,4939,70
2021-05-14,Orange,059,3164182,255296,253855,11437,265292,5028
2021-05-14,Placer,061,380077,23044,22660,1505,24165,287
2021-05-14,Plumas,063,18699,696,680,11,691,4
2021-05-14,Riverside,065,2383286,291719,288140,14137,302277,4433
2021-05-14,Sacramento,067,1510023,105166,104828,1769,106597,1627
2021-05-14,San Benito,069,59416,6055,6064,117,6181,63
2021-05-14,San Bernardino,071,2135413,292677,291834,9132,300966,4721
2021-05-14,San Diego,073,3302833,279712,278853,14736,293589,3732
2021-05-14,San Francisco,075,870044,36582,36771,1312,38083,545
2021-05-14,San Joaquin,077,732212,72720,72160,3606,75766,1359
2021-05-14,San Luis Obispo,079,281455,21213,21051,745,21796,256
2021-05-14,San Mateo,081,765935,42233,42041,471,42512,428
2021-05-14,Santa Barbara,083,443738,34832,34243,1216,35459,456
2021-05-14,Santa Clara,085,1922200,118204,119006,768,119774,2014
2021-05-14,Santa Cruz,087,273765,16159,16130,848,16978,207
2021-05-14,Shasta,089,179085,12164,12130,1582,13712,200
2021-05-14,Sierra,091,2930,55,54,14,68,0
2021-05-14,Siskiyou,093,43540,1876,1779,348,2127,14
2021-05-14,Solano,095,438530,32606,32585,545,33130,252
2021-05-14,Sonoma,097,501317,29871,30007,333,30340,321
2021-05-14,Stanislaus,099,539301,55953,55752,6027,61779,950
2021-05-14,Sutter,101,95872,9444,9433,91,9524,113
2021-05-14,Tehama,103,63373,5027,5005,580,5585,63
2021-05-14,Trinity,105,12862,455,328,79,407,3
2021-05-14,Tulare,107,460477,49858,49060,9287,58347,836
2021-05-14,Tuolumne,109,53932,4066,4060,37,4097,63
2021-05-14,Ventura,111,848112,81160,80628,3021,83649,1014
2021-05-14,Yolo,113,214977,13924,13922,316,14238,210
2021-05-14,Yuba,115,75493,5999,5970,121,6091,47
2021-05-13,Alameda,001,1643700,87666,87557,1994,89551,1250
2021-05-13,Alpine,003,1148,88,88,0,88,0
2021-05-13,Amador,005,37829,3666,3662,33,3695,46
2021-05-13,Butte,007,227075,12410,12051,1850,13901,196
2021-05-13,Calaveras,009,45235,2129,2120,14,2134,53
2021-05-13,Colusa,011,21464,1936,1939,301,2240,14
2021-05-13,Contra Costa,013,1133247,69037,68522,1286,69808,806
2021-05-13,Del Norte,015,27424,1387,1354,12,1366,8
2021-05-13,El Dorado,017,186661,10179,10133,740,10873,112
2021-05-13,Fresno,019,978130,102259,101862,8847,110709,1687
2021-05-13,Glenn,021,27897,2415,2395,567,2962,17
2021-05-13,Humboldt,023,135768,4123,4027,34,4061,37
2021-05-13,Imperial,025,180216,28493,28468,2842,31310,729
2021-05-13,Inyo,027,18085,1403,1400,21,1421,36
2021-05-13,Kern,029,883053,96964,95996,10996,106992,1311
2021-05-13,Kings,031,150075,23068,22904,1136,24040,246
2021-05-13,Lake,033,64148,3497,3479,9,3488,43
2021-05-13,Lassen,035,31185,5186,5152,110,5262,6
2021-05-13,Los Angeles,037,10098052,1202418,1195504,42228,1237732,24083
2021-05-13,Madera,039,155013,16552,16467,949,17416,238
2021-05-13,Marin,041,260295,14020,14004,262,14266,227
2021-05-13,Mariposa,043,17540,427,422,12,434,5
2021-05-13,Mendocino,045,87422,3924,3846,75,3921,46
2021-05-13,Merced,047,269075,30902,30989,994,31983,450
2021-05-13,Modoc,049,8938,373,362,126,488,3
2021-05-13,Mono,051,14174,1243,1265,14,1279,3
2021-05-13,Monterey,053,433212,43046,42966,1912,44878,380
2021-05-13,Napa,055,140530,9882,9877,31,9908,82
2021-05-13,Nevada,057,99092,4781,4743,193,4936,70
2021-05-13,Orange,059,3164182,255253,253778,11435,265213,5026
2021-05-13,Placer,061,380077,23020,22668,1498,24166,288
2021-05-13,Plumas,063,18699,696,680,11,691,4
2021-05-13,Riverside,065,2383286,291658,288067,14134,302201,4433
2021-05-13,Sacramento,067,1510023,105079,104711,1767,106478,1626
2021-05-13,San Benito,069,59416,6053,6062,117,6179,63
2021-05-13,San Bernardino,071,2135413,292611,291765,9132,300897,4722
2021-05-13,San Diego,073,3302833,279598,278592,14719,293311,3729
2021-05-13,San Francisco,075,870044,36558,36741,1310,38051,544
2021-05-13,San Joaquin,077,732212,72677,72096,3602,75698,1357
2021-05-13,San Luis Obispo,079,281455,21198,21043,744,21787,255
2021-05-13,San Mateo,081,765935,42216,42059,471,42530,426
2021-05-13,Santa Barbara,083,443738,34820,34242,1216,35458,456
2021-05-13,Santa Clara,085,1922200,118177,118952,768,119720,2013
2021-05-13,Santa Cruz,087,273765,16153,16129,848,16977,208
2021-05-13,Shasta,089,179085,12144,12111,1578,13689,200
2021-05-13,Sierra,091,2930,55,54,14,68,0
2021-05-13,Siskiyou,093,43540,1869,1769,345,2114,14
2021-05-13,Solano,095,438530,32593,32548,543,33091,252
2021-05-13,Sonoma,097,501317,29846,29991,333,30324,321
2021-05-13,Stanislaus,099,539301,55915,55678,6021,61699,949
2021-05-13,Sutter,101,95872,9439,9431,89,9520,112
2021-05-13,Tehama,103,63373,5022,4997,580,5577,63
2021-05-13,Trinity,105,12862,454,327,78,405,3
2021-05-13,Tulare,107,460477,49832,49032,9278,58310,837
2021-05-13,Tuolumne,109,53932,4065,4059,37,4096,63
2021-05-13,Ventura,111,848112,81130,80615,3020,83635,1012
2021-05-13,Yolo,113,214977,13915,13914,314,14228,210
2021-05-13,Yuba,115,75493,5990,5962,121,6083,47
2021-05-12,Alameda,001,1643700,87632,87482,1992,89474,1261
2021-05-12,Alpine,003,1148,88,88,0,88,0
2021-05-12,Amador,005,37829,3666,3658,33,3691,46
2021-05-12,Butte,007,227075,12400,12026,1850,13876,199
2021-05-12,Calaveras,009,45235,2126,2119,14,2133,53
2021-05-12,Colusa,011,21464,1934,1939,300,2239,14
2021-05-12,Contra Costa,013,1133247,68979,68462,1280,69742,805
2021-05-12,Del Norte,015,27424,1385,1352,12,1364,8
2021-05-12,El Dorado,017,186661,10170,10123,740,10863,112
2021-05-12,Fresno,019,978130,102210,101838,8836,110674,1688
2021-05-12,Glenn,021,27897,2412,2391,567,2958,17
2021-05-12,Humboldt,023,135768,4095,3982,34,4016,37
2021-05-12,Imperial,025,180216,28475,28443,2839,31282,726
2021-05-12,Inyo,027,18085,1403,1400,21,1421,36
2021-05-12,Kern,029,883053,96928,95955,10989,106944,1310
2021-05-12,Kings,031,150075,23066,22896,1136,24032,246
2021-05-12,Lake,033,64148,3495,3476,9,3485,43
2021-05-12,Lassen,035,31185,5184,5151,110,5261,6
2021-05-12,Los Angeles,037,10098052,1202238,1195318,42212,1237530,24067
2021-05-12,Madera,039,155013,16546,16462,948,17410,238
2021-05-12,Marin,041,260295,14015,13997,262,14259,227
2021-05-12,Mariposa,043,17540,427,422,12,434,5
2021-05-12,Mendocino,045,87422,3914,3836,75,3911,46
2021-05-12,Merced,047,269075,30886,30941,994,31935,450
2021-05-12,Modoc,049,8938,372,362,126,488,3
2021-05-12,Mono,051,14174,1243,1265,14,1279,3
2021-05-12,Monterey,053,433212,43034,42950,1911,44861,380
2021-05-12,Napa,055,140530,9876,9870,31,9901,82
2021-05-12,Nevada,057,99092,4777,4738,193,4931,70
2021-05-12,Orange,059,3164182,255201,253587,11432,265019,5024
2021-05-12,Placer,061,380077,23001,22652,1491,24143,288
2021-05-12,Plumas,063,18699,696,681,11,692,4
2021-05-12,Riverside,065,2383286,291588,287830,14130,301960,4431
2021-05-12,Sacramento,067,1510023,104983,104592,1766,106358,1621
2021-05-12,San Benito,069,59416,6053,6062,117,6179,63
2021-05-12,San Bernardino,071,2135413,292564,291505,9127,300632,4715
2021-05-12,San Diego,073,3302833,279494,278402,14698,293100,3729
2021-05-12,San Francisco,075,870044,36539,36720,1309,38029,544
2021-05-12,San Joaquin,077,732212,72623,72043,3598,75641,1356
2021-05-12,San Luis Obispo,079,281455,21188,21021,744,21765,255
2021-05-12,San Mateo,081,765935,42207,42038,469,42507,426
2021-05-12,Santa Barbara,083,443738,34813,34218,1216,35434,456
2021-05-12,Santa Clara,085,1922200,118134,118897,768,119665,2005
2021-05-12,Santa Cruz,087,273765,16147,16123,848,16971,207
2021-05-12,Shasta,089,179085,12124,12092,1576,13668,200
2021-05-12,Sierra,091,2930,55,54,14,68,0
2021-05-12,Siskiyou,093,43540,1865,1760,344,2104,13
2021-05-12,Solano,095,438530,32569,32519,543,33062,252
2021-05-12,Sonoma,097,501317,29834,29976,333,30309,320
2021-05-12,Stanislaus,099,539301,55874,55632,6013,61645,919
2021-05-12,Sutter,101,95872,9436,9427,89,9516,112
2021-05-12,Tehama,103,63373,5018,4989,580,5569,62
2021-05-12,Trinity,105,12862,454,327,78,405,3
2021-05-12,Tulare,107,460477,49816,49001,9270,58271,838
2021-05-12,Tuolumne,109,53932,4064,4056,37,4093,63
2021-05-12,Ventura,111,848112,81111,80577,3020,83597,1010
2021-05-12,Yolo,113,214977,13908,13910,313,14223,210
2021-05-12,Yuba,115,75493,5987,5956,121,6077,47
2021-05-11,Alameda,001,1643700,87568,87413,1988,89401,1290
2021-05-11,Alpine,003,1148,88,88,0,88,0
2021-05-11,Amador,005,37829,3664,3657,33,3690,46
2021-05-11,Butte,007,227075,12385,12008,1847,13855,199
2021-05-11,Calaveras,009,45235,2126,2118,14,2132,52
2021-05-11,Colusa,011,21464,1933,1939,300,2239,14
2021-05-11,Contra Costa,013,1133247,68919,68406,1279,69685,806
2021-05-11,Del Norte,015,27424,1383,1347,12,1359,8
2021-05-11,El Dorado,017,186661,10164,10108,739,10847,112
2021-05-11,Fresno,019,978130,102164,101792,8831,110623,1686
2021-05-11,Glenn,021,27897,2411,2387,566,2953,17
2021-05-11,Humboldt,023,135768,4074,3964,33,3997,37
2021-05-11,Imperial,025,180216,28467,28413,2835,31248,722
2021-05-11,Inyo,027,18085,1402,1402,21,1423,36
2021-05-11,Kern,029,883053,96900,95938,10976,106914,1310
2021-05-11,Kings,031,150075,23058,22887,1136,24023,246
2021-05-11,Lake,033,64148,3495,3473,9,3482,43
2021-05-11,Lassen,035,31185,5182,5148,110,5258,6
2021-05-11,Los Angeles,037,10098052,1202002,1195100,42200,1237300,24048
2021-05-11,Madera,039,155013,16542,16459,948,17407,238
2021-05-11,Marin,041,260295,14008,13987,262,14249,227
2021-05-11,Mariposa,043,17540,427,421,12,433,5
2021-05-11,Mendocino,045,87422,3906,3821,75,3896,46
2021-05-11,Merced,047,269075,30877,30893,994,31887,449
2021-05-11,Modoc,049,8938,372,362,125,487,3
2021-05-11,Mono,051,14174,1243,1265,14,1279,3
2021-05-11,Monterey,053,433212,43026,42934,1910,44844,380
2021-05-11,Napa,055,140530,9869,9870,31,9901,81
2021-05-11,Nevada,057,99092,4773,4737,193,4930,70
2021-05-11,Orange,059,3164182,255138,253545,11424,264969,5017
2021-05-11,Placer,061,380077,22979,22615,1487,24102,287
2021-05-11,Plumas,063,18699,694,679,11,690,4
2021-05-11,Riverside,065,2383286,291528,287757,14125,301882,4429
2021-05-11,Sacramento,067,1510023,104884,104496,1763,106259,1616
2021-05-11,San Benito,069,59416,6050,6058,117,6175,63
2021-05-11,San Bernardino,071,2135413,292504,291421,9125,300546,4707
2021-05-11,San Diego,073,3302833,279359,278308,14679,292987,3725
2021-05-11,San Francisco,075,870044,36519,36707,1309,38016,543
2021-05-11,San Joaquin,077,732212,72575,71999,3595,75594,1356
2021-05-11,San Luis Obispo,079,281455,21181,21008,742,21750,255
2021-05-11,San Mateo,081,765935,42188,41985,468,42453,425
2021-05-11,Santa Barbara,083,443738,34804,34207,1216,35423,456
2021-05-11,Santa Clara,085,1922200,118088,118857,767,119624,2005
2021-05-11,Santa Cruz,087,273765,16143,16113,848,16961,206
2021-05-11,Shasta,089,179085,12101,12050,1570,13620,200
2021-05-11,Sierra,091,2930,55,54,14,68,0
2021-05-11,Siskiyou,093,43540,1856,1756,342,2098,13
2021-05-11,Solano,095,438530,32551,32499,541,33040,250
2021-05-11,Sonoma,097,501317,29819,29966,333,30299,318
2021-05-11,Stanislaus,099,539301,55824,55589,6009,61598,909
2021-05-11,Sutter,101,95872,9429,9417,89,9506,112
2021-05-11,Tehama,103,63373,5014,4985,579,5564,62
2021-05-11,Trinity,105,12862,454,327,77,404,3
2021-05-11,Tulare,107,460477,49790,48974,9255,58229,837
2021-05-11,Tuolumne,109,53932,4063,4056,37,4093,63
2021-05-11,Ventura,111,848112,81087,80544,3017,83561,1008
2021-05-11,Yolo,113,214977,13895,13902,310,14212,210
2021-05-11,Yuba,115,75493,5978,5950,121,6071,46
2021-05-10,Alameda,001,1643700,87497,87366,1987,89353,1284
2021-05-10,Alpine,003,1148,88,88,0,88,0
2021-05-10,Amador,005,37829,3663,3657,33,3690,46
2021-05-10,Butte,007,227075,12369,11993,1842,13835,199
2021-05-10,Calaveras,009,45235,2119,2118,14,2132,52
2021-05-10,Colusa,011,21464,1933,1939,300,2239,14
2021-05-10,Contra Costa,013,1133247,68856,68357,1279,69636,806
2021-05-10,Del Norte,015,27424,1380,1339,12,1351,8
2021-05-10,El Dorado,017,186661,10150,10093,739,10832,113
2021-05-10,Fresno,019,978130,102133,101755,8825,110580,1682
2021-05-10,Glenn,021,27897,2410,2384,564,2948,17
2021-05-10,Humboldt,023,135768,4044,3961,33,3994,36
2021-05-10,Imperial,025,180216,28453,28397,2831,31228,722
2021-05-10,Inyo,027,18085,1402,1401,21,1422,36
2021-05-10,Kern,029,883053,96857,95920,10962,106882,1310
2021-05-10,Kings,031,150075,23047,22884,1135,24019,246
2021-05-10,Lake,033,64148,3487,3471,9,3480,43
2021-05-10,Lassen,035,31185,5178,5148,110,5258,5
2021-05-10,Los Angeles,037,10098052,1201747,1194976,42183,1237159,24030
2021-05-10,Madera,039,155013,16532,16450,948,17398,238
2021-05-10,Marin,041,260295,14005,13981,262,14243,228
2021-05-10,Mariposa,043,17540,426,420,12,432,5
2021-05-10,Mendocino,045,87422,3900,3818,75,3893,46
2021-05-10,Merced,047,269075,30866,30880,994,31874,448
2021-05-10,Modoc,049,8938,372,361,125,486,3
2021-05-10,Mono,051,14174,1243,1265,14,1279,3
2021-05-10,Monterey,053,433212,43020,42927,1905,44832,380
2021-05-10,Napa,055,140530,9867,9860,31,9891,81
2021-05-10,Nevada,057,99092,4766,4735,193,4928,70
2021-05-10,Orange,059,3164182,255085,253484,11418,264902,5008
2021-05-10,Placer,061,380077,22957,22590,1484,24074,286
2021-05-10,Plumas,063,18699,693,679,11,690,4
2021-05-10,Riverside,065,2383286,291461,287689,14119,301808,4427
2021-05-10,Sacramento,067,1510023,104772,104378,1758,106136,1613
2021-05-10,San Benito,069,59416,6049,6058,117,6175,63
2021-05-10,San Bernardino,071,2135413,292452,291360,9124,300484,4707
2021-05-10,San Diego,073,3302833,279193,278183,14653,292836,3725
2021-05-10,San Francisco,075,870044,36500,36683,1309,37992,543
2021-05-10,San Joaquin,077,732212,72538,71954,3580,75534,1356
2021-05-10,San Luis Obispo,079,281455,21163,20993,741,21734,256
2021-05-10,San Mateo,081,765935,42170,41926,468,42394,424
2021-05-10,Santa Barbara,083,443738,34797,34201,1216,35417,456
2021-05-10,Santa Clara,085,1922200,118029,118822,767,119589,2003
2021-05-10,Santa Cruz,087,273765,16137,16114,848,16962,206
2021-05-10,Shasta,089,179085,12087,12036,1566,13602,200
2021-05-10,Sierra,091,2930,55,54,14,68,0
2021-05-10,Siskiyou,093,43540,1846,1752,340,2092,13
2021-05-10,Solano,095,438530,32531,32466,539,33005,250
2021-05-10,Sonoma,097,501317,29804,29955,332,30287,318
2021-05-10,Stanislaus,099,539301,55750,55541,6003,61544,898
2021-05-10,Sutter,101,95872,9423,9412,89,9501,111
2021-05-10,Tehama,103,63373,5010,4980,579,5559,62
2021-05-10,Trinity,105,12862,454,327,75,402,3
2021-05-10,Tulare,107,460477,49766,48956,9249,58205,837
2021-05-10,Tuolumne,109,53932,4059,4054,36,4090,63
2021-05-10,Ventura,111,848112,81071,80501,3015,83516,1008
2021-05-10,Yolo,113,214977,13883,13898,308,14206,209
2021-05-10,Yuba,115,75493,5976,5942,121,6063,46
2021-05-09,Alameda,001,1643700,87426,87292,1984,89276,1284
2021-05-09,Alpine,003,1148,88,88,0,88,0
2021-05-09,Amador,005,37829,3661,3655,33,3688,46
2021-05-09,Butte,007,227075,12350,11985,1838,13823,199
2021-05-09,Calaveras,009,45235,2118,2116,14,2130,52
2021-05-09,Colusa,011,21464,1932,1940,300,2240,14
2021-05-09,Contra Costa,013,1133247,68792,68302,1277,69579,806
2021-05-09,Del Norte,015,27424,1373,1338,12,1350,8
2021-05-09,El Dorado,017,186661,10136,10089,736,10825,113
2021-05-09,Fresno,019,978130,102095,101729,8816,110545,1682
2021-05-09,Glenn,021,27897,2403,2382,561,2943,17
2021-05-09,Humboldt,023,135768,4024,3950,33,3983,36
2021-05-09,Imperial,025,180216,28430,28388,2823,31211,722
2021-05-09,Inyo,027,18085,1402,1401,20,1421,36
2021-05-09,Kern,029,883053,96829,95903,10952,106855,1310
2021-05-09,Kings,031,150075,23038,22878,1135,24013,246
2021-05-09,Lake,033,64148,3483,3471,9,3480,43
2021-05-09,Lassen,035,31185,5176,5147,110,5257,5
2021-05-09,Los Angeles,037,10098052,1201487,1194820,42169,1236989,24026
2021-05-09,Madera,039,155013,16523,16444,942,17386,238
2021-05-09,Marin,041,260295,13994,13979,261,14240,228
2021-05-09,Mariposa,043,17540,423,420,12,432,5
2021-05-09,Mendocino,045,87422,3890,3814,75,3889,46
2021-05-09,Merced,047,269075,30843,30883,994,31877,448
2021-05-09,Modoc,049,8938,372,360,125,485,3
2021-05-09,Mono,051,14174,1243,1264,14,1278,3
2021-05-09,Monterey,053,433212,43002,42918,1905,44823,380
2021-05-09,Napa,055,140530,9856,9857,31,9888,81
2021-05-09,Nevada,057,99092,4759,4727,193,4920,70
2021-05-09,Orange,059,3164182,255031,253451,11410,264861,5008
2021-05-09,Placer,061,380077,22931,22566,1481,24047,286
2021-05-09,Plumas,063,18699,692,679,11,690,4
2021-05-09,Riverside,065,2383286,291383,287644,14113,301757,4427
2021-05-09,Sacramento,067,1510023,104624,104309,1751,106060,1612
2021-05-09,San Benito,069,59416,6047,6056,117,6173,63
2021-05-09,San Bernardino,071,2135413,292369,291337,9118,300455,4707
2021-05-09,San Diego,073,3302833,279026,277950,14631,292581,3725
2021-05-09,San Francisco,075,870044,36474,36669,1307,37976,543
2021-05-09,San Joaquin,077,732212,72492,71927,3579,75506,1356
2021-05-09,San Luis Obispo,079,281455,21153,20999,741,21740,256
2021-05-09,San Mateo,081,765935,42141,41903,468,42371,424
2021-05-09,Santa Barbara,083,443738,34784,34196,1215,35411,456
2021-05-09,Santa Clara,085,1922200,117975,118798,766,119564,2003
2021-05-09,Santa Cruz,087,273765,16131,16094,848,16942,206
2021-05-09,Shasta,089,179085,12057,12034,1561,13595,200
2021-05-09,Sierra,091,2930,55,54,14,68,0
2021-05-09,Siskiyou,093,43540,1840,1741,337,2078,13
2021-05-09,Solano,095,438530,32492,32434,536,32970,250
2021-05-09,Sonoma,097,501317,29790,29953,331,30284,318
2021-05-09,Stanislaus,099,539301,55684,55511,5999,61510,898
2021-05-09,Sutter,101,95872,9417,9413,89,9502,111
2021-05-09,Tehama,103,63373,5005,4979,579,5558,62
2021-05-09,Trinity,105,12862,454,327,75,402,3
2021-05-09,Tulare,107,460477,49739,48948,9244,58192,837
2021-05-09,Tuolumne,109,53932,4058,4053,36,4089,63
2021-05-09,Ventura,111,848112,81056,80487,3014,83501,1008
2021-05-09,Yolo,113,214977,13872,13897,307,14204,209
2021-05-09,Yuba,115,75493,5970,5934,121,6055,46
2021-05-08,Alameda,001,1643700,87384,87213,1980,89193,1284
2021-05-08,Alpine,003,1148,88,88,0,88,0
2021-05-08,Amador,005,37829,3659,3652,33,3685,46
2021-05-08,Butte,007,227075,12338,11962,1837,13799,199
2021-05-08,Calaveras,009,45235,2117,2114,14,2128,52
2021-05-08,Colusa,011,21464,1932,1939,300,2239,14
2021-05-08,Contra Costa,013,1133247,68759,68223,1275,69498,803
2021-05-08,Del Norte,015,27424,1370,1335,12,1347,8
2021-05-08,El Dorado,017,186661,10122,10079,736,10815,113
2021-05-08,Fresno,019,978130,102060,101676,8811,110487,1682
2021-05-08,Glenn,021,27897,2401,2382,559,2941,17
2021-05-08,Humboldt,023,135768,4008,3939,33,3972,36
2021-05-08,Imperial,025,180216,28422,28373,2823,31196,721
2021-05-08,Inyo,027,18085,1402,1402,20,1422,36
2021-05-08,Kern,029,883053,96805,95880,10939,106819,1310
2021-05-08,Kings,031,150075,23035,22872,1134,24006,246
2021-05-08,Lake,033,64148,3482,3470,9,3479,43
2021-05-08,Lassen,035,31185,5175,5145,110,5255,5
2021-05-08,Los Angeles,037,10098052,1201340,1194584,42153,1236737,24022
2021-05-08,Madera,039,155013,16519,16442,942,17384,238
2021-05-08,Marin,041,260295,13991,13974,260,14234,228
2021-05-08,Mariposa,043,17540,423,420,12,432,5
2021-05-08,Mendocino,045,87422,3885,3810,74,3884,46
2021-05-08,Merced,047,269075,30834,30876,994,31870,448
2021-05-08,Modoc,049,8938,372,360,124,484,3
2021-05-08,Mono,051,14174,1243,1262,14,1276,3
2021-05-08,Monterey,053,433212,42997,42914,1904,44818,380
2021-05-08,Napa,055,140530,9849,9853,31,9884,81
2021-05-08,Nevada,057,99092,4756,4716,193,4909,70
2021-05-08,Orange,059,3164182,254995,253412,11407,264819,5006
2021-05-08,Placer,061,380077,22913,22547,1479,24026,286
2021-05-08,Plumas,063,18699,691,679,11,690,4
2021-05-08,Riverside,065,2383286,291341,287574,14111,301685,4427
2021-05-08,Sacramento,067,1510023,104539,104208,1748,105956,1610
2021-05-08,San Benito,069,59416,6046,6048,117,6165,63
2021-05-08,San Bernardino,071,2135413,292326,291296,9118,300414,4707
2021-05-08,San Diego,073,3302833,278941,277760,14614,292374,3725
2021-05-08,San Francisco,075,870044,36451,36642,1307,37949,543
2021-05-08,San Joaquin,077,732212,72463,71869,3570,75439,1356
2021-05-08,San Luis Obispo,079,281455,21142,20992,741,21733,256
2021-05-08,San Mateo,081,765935,42130,41871,468,42339,424
2021-05-08,Santa Barbara,083,443738,34771,34185,1215,35400,456
2021-05-08,Santa Clara,085,1922200,117944,118751,766,119517,2003
2021-05-08,Santa Cruz,087,273765,16128,16089,848,16937,206
2021-05-08,Shasta,089,179085,12047,12030,1557,13587,200
2021-05-08,Sierra,091,2930,55,54,14,68,0
2021-05-08,Siskiyou,093,43540,1839,1741,333,2074,13
2021-05-08,Solano,095,438530,32467,32395,534,32929,249
2021-05-08,Sonoma,097,501317,29777,29942,331,30273,318
2021-05-08,Stanislaus,099,539301,55651,55467,5995,61462,898
2021-05-08,Sutter,101,95872,9414,9413,89,9502,111
2021-05-08,Tehama,103,63373,5003,4977,579,5556,62
2021-05-08,Trinity,105,12862,454,327,75,402,3
2021-05-08,Tulare,107,460477,49725,48929,9234,58163,837
2021-05-08,Tuolumne,109,53932,4057,4050,36,4086,63
2021-05-08,Ventura,111,848112,81045,80481,3011,83492,1008
2021-05-08,Yolo,113,214977,13869,13894,306,14200,209
2021-05-08,Yuba,115,75493,5962,5928,121,6049,46
2021-05-07,Alameda,001,1643700,87333,87128,1979,89107,1280
2021-05-07,Alpine,003,1148,88,88,0,88,0
2021-05-07,Amador,005,37829,3656,3651,33,3684,46
2021-05-07,Butte,007,227075,12318,11943,1832,13775,199
2021-05-07,Calaveras,009,45235,2115,2114,14,2128,52
2021-05-07,Colusa,011,21464,1932,1937,300,2237,14
2021-05-07,Contra Costa,013,1133247,68713,68156,1273,69429,804
2021-05-07,Del Norte,015,27424,1365,1329,12,1341,8
2021-05-07,El Dorado,017,186661,10109,10065,734,10799,112
2021-05-07,Fresno,019,978130,102026,101625,8810,110435,1684
2021-05-07,Glenn,021,27897,2398,2381,558,2939,17
2021-05-07,Humboldt,023,135768,3993,3919,33,3952,36
2021-05-07,Imperial,025,180216,28414,28352,2822,31174,721
2021-05-07,Inyo,027,18085,1402,1402,20,1422,36
2021-05-07,Kern,029,883053,96792,95839,10927,106766,1308
2021-05-07,Kings,031,150075,23034,22857,1133,23990,246
2021-05-07,Lake,033,64148,3480,3467,9,3476,43
2021-05-07,Lassen,035,31185,5174,5144,109,5253,5
2021-05-07,Los Angeles,037,10098052,1201166,1194294,42145,1236439,24008
2021-05-07,Madera,039,155013,16514,16439,941,17380,238
2021-05-07,Marin,041,260295,13987,13968,260,14228,228
2021-05-07,Mariposa,043,17540,422,419,12,431,5
2021-05-07,Mendocino,045,87422,3879,3805,74,3879,46
2021-05-07,Merced,047,269075,30831,30862,994,31856,446
2021-05-07,Modoc,049,8938,372,360,124,484,3
2021-05-07,Mono,051,14174,1242,1261,14,1275,3
2021-05-07,Monterey,053,433212,42991,42909,1902,44811,380
2021-05-07,Napa,055,140530,9848,9849,31,9880,81
2021-05-07,Nevada,057,99092,4752,4704,193,4897,70
2021-05-07,Orange,059,3164182,254958,253338,11397,264735,5000
2021-05-07,Placer,061,380077,22894,22524,1476,24000,286
2021-05-07,Plumas,063,18699,691,678,11,689,4
2021-05-07,Riverside,065,2383286,291284,287479,14110,301589,4426
2021-05-07,Sacramento,067,1510023,104466,104068,1743,105811,1609
2021-05-07,San Benito,069,59416,6045,6048,117,6165,63
2021-05-07,San Bernardino,071,2135413,292284,291185,9113,300298,4697
2021-05-07,San Diego,073,3302833,278855,277534,14600,292134,3718
2021-05-07,San Francisco,075,870044,36438,36616,1306,37922,543
2021-05-07,San Joaquin,077,732212,72423,71804,3568,75372,1351
2021-05-07,San Luis Obispo,079,281455,21135,20979,741,21720,256
2021-05-07,San Mateo,081,765935,42114,41844,468,42312,424
2021-05-07,Santa Barbara,083,443738,34761,34166,1215,35381,453
2021-05-07,Santa Clara,085,1922200,117911,118691,765,119456,2002
2021-05-07,Santa Cruz,087,273765,16125,16074,848,16922,206
2021-05-07,Shasta,089,179085,12025,12005,1555,13560,200
2021-05-07,Sierra,091,2930,55,54,14,68,0
2021-05-07,Siskiyou,093,43540,1836,1723,333,2056,13
2021-05-07,Solano,095,438530,32440,32352,532,32884,249
2021-05-07,Sonoma,097,501317,29759,29925,329,30254,318
2021-05-07,Stanislaus,099,539301,55610,55407,5989,61396,896
2021-05-07,Sutter,101,95872,9414,9407,88,9495,111
2021-05-07,Tehama,103,63373,4996,4974,579,5553,57
2021-05-07,Trinity,105,12862,454,327,75,402,3
2021-05-07,Tulare,107,460477,49708,48913,9229,58142,837
2021-05-07,Tuolumne,109,53932,4055,4048,36,4084,63
2021-05-07,Ventura,111,848112,81021,80444,3011,83455,1008
2021-05-07,Yolo,113,214977,13864,13875,305,14180,209
2021-05-07,Yuba,115,75493,5952,5910,121,6031,46
2021-05-06,Alameda,001,1643700,87255,87028,1976,89004,1278
2021-05-06,Alpine,003,1148,88,88,0,88,0
2021-05-06,Amador,005,37829,3654,3650,33,3683,46
2021-05-06,Butte,007,227075,12298,11929,1827,13756,198
2021-05-06,Calaveras,009,45235,2114,2111,14,2125,52
2021-05-06,Colusa,011,21464,1932,1935,300,2235,14
2021-05-06,Contra Costa,013,1133247,68658,68076,1270,69346,802
2021-05-06,Del Norte,015,27424,1357,1324,12,1336,6
2021-05-06,El Dorado,017,186661,10102,10048,734,10782,112
2021-05-06,Fresno,019,978130,101984,101536,8804,110340,1680
2021-05-06,Glenn,021,27897,2397,2380,557,2937,17
2021-05-06,Humboldt,023,135768,3968,3898,33,3931,36
2021-05-06,Imperial,025,180216,28403,28311,2821,31132,720
2021-05-06,Inyo,027,18085,1402,1401,20,1421,36
2021-05-06,Kern,029,883053,96767,95801,10910,106711,1307
2021-05-06,Kings,031,150075,23027,22848,1132,23980,246
2021-05-06,Lake,033,64148,3479,3465,9,3474,43
2021-05-06,Lassen,035,31185,5173,5143,109,5252,1
2021-05-06,Los Angeles,037,10098052,1200927,1193954,42128,1236082,23991
2021-05-06,Madera,039,155013,16506,16430,941,17371,238
2021-05-06,Marin,041,260295,13983,13956,260,14216,228
2021-05-06,Mariposa,043,17540,421,419,12,431,5
2021-05-06,Mendocino,045,87422,3868,3802,74,3876,46
2021-05-06,Merced,047,269075,30815,30863,993,31856,444
2021-05-06,Modoc,049,8938,372,360,124,484,3
2021-05-06,Mono,051,14174,1240,1261,14,1275,3
2021-05-06,Monterey,053,433212,42976,42899,1902,44801,379
2021-05-06,Napa,055,140530,9842,9843,31,9874,81
2021-05-06,Nevada,057,99092,4751,4687,193,4880,70
2021-05-06,Orange,059,3164182,254890,253286,11390,264676,4991
2021-05-06,Placer,061,380077,22872,22493,1476,23969,286
2021-05-06,Plumas,063,18699,691,678,11,689,4
2021-05-06,Riverside,065,2383286,291211,287399,14105,301504,4422
2021-05-06,Sacramento,067,1510023,104350,103956,1740,105696,1609
2021-05-06,San Benito,069,59416,6044,6045,117,6162,63
2021-05-06,San Bernardino,071,2135413,292214,291085,9112,300197,4683
2021-05-06,San Diego,073,3302833,278731,277324,14577,291901,3716
2021-05-06,San Francisco,075,870044,36423,36599,1306,37905,543
2021-05-06,San Joaquin,077,732212,72368,71729,3565,75294,1350
2021-05-06,San Luis Obispo,079,281455,21123,20965,739,21704,256
2021-05-06,San Mateo,081,765935,42096,41802,467,42269,424
2021-05-06,Santa Barbara,083,443738,34748,34152,1215,35367,453
2021-05-06,Santa Clara,085,1922200,117870,118591,765,119356,2001
2021-05-06,Santa Cruz,087,273765,16118,16050,848,16898,206
2021-05-06,Shasta,089,179085,12003,11983,1549,13532,199
2021-05-06,Sierra,091,2930,55,54,14,68,0
2021-05-06,Siskiyou,093,43540,1826,1711,332,2043,12
2021-05-06,Solano,095,438530,32414,32320,524,32844,249
2021-05-06,Sonoma,097,501317,29751,29911,329,30240,318
2021-05-06,Stanislaus,099,539301,55553,55323,5986,61309,834
2021-05-06,Sutter,101,95872,9408,9396,88,9484,111
2021-05-06,Tehama,103,63373,4991,4970,579,5549,53
2021-05-06,Trinity,105,12862,454,327,75,402,3
2021-05-06,Tulare,107,460477,49684,48890,9214,58104,836
2021-05-06,Tuolumne,109,53932,4051,4047,36,4083,63
2021-05-06,Ventura,111,848112,80990,80411,3008,83419,1005
2021-05-06,Yolo,113,214977,13856,13871,301,14172,209
2021-05-06,Yuba,115,75493,5940,5901,121,6022,46
2021-05-05,Alameda,001,1643700,87194,86950,1974,88924,1278
2021-05-05,Alpine,003,1148,88,88,0,88,0
2021-05-05,Amador,005,37829,3651,3650,33,3683,46
2021-05-05,Butte,007,227075,12280,11907,1824,13731,198
2021-05-05,Calaveras,009,45235,2110,2103,14,2117,52
2021-05-05,Colusa,011,21464,1931,1933,300,2233,14
2021-05-05,Contra Costa,013,1133247,68593,67997,1265,69262,803
2021-05-05,Del Norte,015,27424,1354,1317,12,1329,6
2021-05-05,El Dorado,017,186661,10091,10020,733,10753,111
2021-05-05,Fresno,019,978130,101935,101491,8795,110286,1680
2021-05-05,Glenn,021,27897,2394,2380,556,2936,17
2021-05-05,Humboldt,023,135768,3949,3886,32,3918,36
2021-05-05,Imperial,025,180216,28362,28295,2814,31109,720
2021-05-05,Inyo,027,18085,1401,1401,20,1421,36
2021-05-05,Kern,029,883053,96723,95753,10906,106659,1304
2021-05-05,Kings,031,150075,23021,22840,1131,23971,246
2021-05-05,Lake,033,64148,3476,3458,9,3467,43
2021-05-05,Lassen,035,31185,5173,5143,108,5251,1
2021-05-05,Los Angeles,037,10098052,1200659,1193608,42115,1235723,23977
2021-05-05,Madera,039,155013,16504,16423,941,17364,235
2021-05-05,Marin,041,260295,13975,13950,259,14209,228
2021-05-05,Mariposa,043,17540,421,418,12,430,5
2021-05-05,Mendocino,045,87422,3864,3799,74,3873,46
2021-05-05,Merced,047,269075,30794,30844,993,31837,444
2021-05-05,Modoc,049,8938,371,361,123,484,3
2021-05-05,Mono,051,14174,1240,1260,14,1274,3
2021-05-05,Monterey,053,433212,42963,42870,1899,44769,379
2021-05-05,Napa,055,140530,9836,9833,31,9864,81
2021-05-05,Nevada,057,99092,4748,4666,193,4859,70
2021-05-05,Orange,059,3164182,254835,253237,11385,264622,4978
2021-05-05,Placer,061,380077,22840,22362,1472,23834,287
2021-05-05,Plumas,063,18699,691,677,11,688,4
2021-05-05,Riverside,065,2383286,291122,287353,14095,301448,4414
2021-05-05,Sacramento,067,1510023,104262,103476,1735,105211,1607
2021-05-05,San Benito,069,59416,6035,6046,117,6163,63
2021-05-05,San Bernardino,071,2135413,292140,291008,9108,300116,4677
2021-05-05,San Diego,073,3302833,278594,277098,14557,291655,3716
2021-05-05,San Francisco,075,870044,36408,36577,1305,37882,543
2021-05-05,San Joaquin,077,732212,72315,71638,3562,75200,1345
2021-05-05,San Luis Obispo,079,281455,21115,20958,739,21697,256
2021-05-05,San Mateo,081,765935,42065,41755,466,42221,415
2021-05-05,Santa Barbara,083,443738,34734,34139,1214,35353,453
2021-05-05,Santa Clara,085,1922200,117840,118482,761,119243,1992
2021-05-05,Santa Cruz,087,273765,16112,16013,848,16861,207
2021-05-05,Shasta,089,179085,11987,11939,1545,13484,200
2021-05-05,Sierra,091,2930,55,54,14,68,0
2021-05-05,Siskiyou,093,43540,1809,1706,324,2030,11
2021-05-05,Solano,095,438530,32379,32250,522,32772,249
2021-05-05,Sonoma,097,501317,29738,29879,329,30208,318
2021-05-05,Stanislaus,099,539301,55495,55231,5984,61215,807
2021-05-05,Sutter,101,95872,9402,9387,88,9475,111
2021-05-05,Tehama,103,63373,4988,4968,579,5547,53
2021-05-05,Trinity,105,12862,454,326,75,401,3
2021-05-05,Tulare,107,460477,49660,48875,9205,58080,835
2021-05-05,Tuolumne,109,53932,4048,4040,36,4076,63
2021-05-05,Ventura,111,848112,80961,80372,3004,83376,1005
2021-05-05,Yolo,113,214977,13852,13846,299,14145,209
2021-05-05,Yuba,115,75493,5930,5895,120,6015,44
2021-05-04,Alameda,001,1643700,87102,86894,1974,88868,1277
2021-05-04,Alpine,003,1148,88,88,0,88,0
2021-05-04,Amador,005,37829,3651,3650,33,3683,46
2021-05-04,Butte,007,227075,12256,11883,1822,13705,198
2021-05-04,Calaveras,009,45235,2105,2100,14,2114,52
2021-05-04,Colusa,011,21464,1930,1933,300,2233,14
2021-05-04,Contra Costa,013,1133247,68514,67931,1262,69193,799
2021-05-04,Del Norte,015,27424,1354,1314,12,1326,6
2021-05-04,El Dorado,017,186661,10080,10009,729,10738,110
2021-05-04,Fresno,019,978130,101880,101451,8788,110239,1677
2021-05-04,Glenn,021,27897,2391,2379,553,2932,17
2021-05-04,Humboldt,023,135768,3923,3877,32,3909,36
2021-05-04,Imperial,025,180216,28342,28276,2810,31086,720
2021-05-04,Inyo,027,18085,1401,1399,20,1419,36
2021-05-04,Kern,029,883053,96687,95720,10888,106608,1301
2021-05-04,Kings,031,150075,23007,22822,1128,23950,246
2021-05-04,Lake,033,64148,3475,3454,9,3463,43
2021-05-04,Lassen,035,31185,5172,5142,108,5250,1
2021-05-04,Los Angeles,037,10098052,1200371,1193453,42103,1235556,23957
2021-05-04,Madera,039,155013,16503,16418,941,17359,235
2021-05-04,Marin,041,260295,13967,13935,259,14194,228
2021-05-04,Mariposa,043,17540,421,418,12,430,5
2021-05-04,Mendocino,045,87422,3859,3794,74,3868,46
2021-05-04,Merced,047,269075,30777,30829,993,31822,444
2021-05-04,Modoc,049,8938,370,360,122,482,3
2021-05-04,Mono,051,14174,1240,1260,14,1274,3
2021-05-04,Monterey,053,433212,42951,42845,1898,44743,380
2021-05-04,Napa,055,140530,9827,9824,31,9855,81
2021-05-04,Nevada,057,99092,4741,4656,193,4849,70
2021-05-04,Orange,059,3164182,254768,253177,11375,264552,4977
2021-05-04,Placer,061,380077,22811,22326,1469,23795,287
2021-05-04,Plumas,063,18699,690,675,11,686,4
2021-05-04,Riverside,065,2383286,291039,287285,14088,301373,4411
2021-05-04,Sacramento,067,1510023,104133,103383,1730,105113,1604
2021-05-04,San Benito,069,59416,6034,6039,117,6156,63
2021-05-04,San Bernardino,071,2135413,292063,290934,9101,300035,4668
2021-05-04,San Diego,073,3302833,278428,276879,14540,291419,3713
2021-05-04,San Francisco,075,870044,36390,36550,1305,37855,541
2021-05-04,San Joaquin,077,732212,72254,71582,3557,75139,1342
2021-05-04,San Luis Obispo,079,281455,21109,20923,737,21660,255
2021-05-04,San Mateo,081,765935,42039,41708,466,42174,415
2021-05-04,Santa Barbara,083,443738,34718,34131,1213,35344,453
2021-05-04,Santa Clara,085,1922200,117777,118431,760,119191,1988
2021-05-04,Santa Cruz,087,273765,16106,16005,848,16853,207
2021-05-04,Shasta,089,179085,11967,11923,1539,13462,198
2021-05-04,Sierra,091,2930,55,54,14,68,0
2021-05-04,Siskiyou,093,43540,1802,1694,322,2016,11
2021-05-04,Solano,095,438530,32338,32220,520,32740,249
2021-05-04,Sonoma,097,501317,29718,29867,328,30195,318
2021-05-04,Stanislaus,099,539301,55439,55165,5980,61145,807
2021-05-04,Sutter,101,95872,9397,9375,88,9463,111
2021-05-04,Tehama,103,63373,4986,4959,578,5537,53
2021-05-04,Trinity,105,12862,454,326,75,401,3
2021-05-04,Tulare,107,460477,49633,48857,9196,58053,835
2021-05-04,Tuolumne,109,53932,4046,4041,36,4077,61
2021-05-04,Ventura,111,848112,80932,80351,3002,83353,1005
2021-05-04,Yolo,113,214977,13839,13820,297,14117,208
2021-05-04,Yuba,115,75493,5924,5891,120,6011,44
2021-05-03,Alameda,001,1643700,87024,86845,1968,88813,1272
2021-05-03,Alpine,003,1148,88,88,0,88,0
2021-05-03,Amador,005,37829,3651,3651,33,3684,46
2021-05-03,Butte,007,227075,12246,11864,1819,13683,198
2021-05-03,Calaveras,009,45235,2104,2099,14,2113,50
2021-05-03,Colusa,011,21464,1929,1931,298,2229,14
2021-05-03,Contra Costa,013,1133247,68455,67895,1258,69153,799
2021-05-03,Del Norte,015,27424,1349,1306,11,1317,6
2021-05-03,El Dorado,017,186661,10062,9984,724,10708,110
2021-05-03,Fresno,019,978130,101826,101405,8777,110182,1678
2021-05-03,Glenn,021,27897,2391,2375,552,2927,17
2021-05-03,Humboldt,023,135768,3908,3865,32,3897,36
2021-05-03,Imperial,025,180216,28320,28280,2807,31087,720
2021-05-03,Inyo,027,18085,1400,1398,20,1418,36
2021-05-03,Kern,029,883053,96651,95693,10875,106568,1299
2021-05-03,Kings,031,150075,22998,22821,1128,23949,246
2021-05-03,Lake,033,64148,3473,3446,9,3455,43
2021-05-03,Lassen,035,31185,5171,5142,108,5250,1
2021-05-03,Los Angeles,037,10098052,1200103,1193261,42076,1235337,23942
2021-05-03,Madera,039,155013,16499,16414,940,17354,235
2021-05-03,Marin,041,260295,13961,13927,259,14186,228
2021-05-03,Mariposa,043,17540,421,418,12,430,5
2021-05-03,Mendocino,045,87422,3852,3792,74,3866,46
2021-05-03,Merced,047,269075,30766,30814,991,31805,444
2021-05-03,Modoc,049,8938,370,360,122,482,3
2021-05-03,Mono,051,14174,1240,1259,14,1273,3
2021-05-03,Monterey,053,433212,42940,42837,1896,44733,380
2021-05-03,Napa,055,140530,9822,9815,31,9846,81
2021-05-03,Nevada,057,99092,4733,4650,193,4843,70
2021-05-03,Orange,059,3164182,254708,253107,11366,264473,4968
2021-05-03,Placer,061,380077,22780,22289,1463,23752,287
2021-05-03,Plumas,063,18699,689,675,11,686,4
2021-05-03,Riverside,065,2383286,290967,287233,14087,301320,4412
2021-05-03,Sacramento,067,1510023,103980,103303,1720,105023,1602
2021-05-03,San Benito,069,59416,6033,6038,117,6155,63
2021-05-03,San Bernardino,071,2135413,291995,290886,9098,299984,4659
2021-05-03,San Diego,073,3302833,278265,276693,14515,291208,3712
2021-05-03,San Francisco,075,870044,36364,36538,1305,37843,541
2021-05-03,San Joaquin,077,732212,72203,71504,3554,75058,1325
2021-05-03,San Luis Obispo,079,281455,21093,20915,734,21649,254
2021-05-03,San Mateo,081,765935,42016,41689,465,42154,413
2021-05-03,Santa Barbara,083,443738,34706,34119,1213,35332,453
2021-05-03,Santa Clara,085,1922200,117723,118373,759,119132,1988
2021-05-03,Santa Cruz,087,273765,16103,16000,848,16848,207
2021-05-03,Shasta,089,179085,11944,11890,1534,13424,197
2021-05-03,Sierra,091,2930,55,54,14,68,0
2021-05-03,Siskiyou,093,43540,1796,1683,316,1999,11
2021-05-03,Solano,095,438530,32297,32201,519,32720,249
2021-05-03,Sonoma,097,501317,29706,29855,325,30180,318
2021-05-03,Stanislaus,099,539301,55374,55116,5970,61086,774
2021-05-03,Sutter,101,95872,9385,9370,88,9458,111
2021-05-03,Tehama,103,63373,4977,4952,578,5530,53
2021-05-03,Trinity,105,12862,454,326,75,401,3
2021-05-03,Tulare,107,460477,49616,48844,9186,58030,835
2021-05-03,Tuolumne,109,53932,4045,4038,36,4074,61
2021-05-03,Ventura,111,848112,80910,80291,3002,83293,1005
2021-05-03,Yolo,113,214977,13826,13809,295,14104,208
2021-05-03,Yuba,115,75493,5919,5880,120,6000,44
2021-05-02,Alameda,001,1643700,86939,86784,1967,88751,1272
2021-05-02,Alpine,003,1148,88,88,0,88,0
2021-05-02,Amador,005,37829,3651,3650,33,3683,46
2021-05-02,Butte,007,227075,12222,11859,1816,13675,198
2021-05-02,Calaveras,009,45235,2100,2098,14,2112,50
2021-05-02,Colusa,011,21464,1928,1931,297,2228,14
2021-05-02,Contra Costa,013,1133247,68369,67843,1255,69098,800
2021-05-02,Del Norte,015,27424,1342,1305,11,1316,6
2021-05-02,El Dorado,017,186661,10047,9962,723,10685,110
2021-05-02,Fresno,019,978130,101755,101372,8767,110139,1678
2021-05-02,Glenn,021,27897,2390,2374,550,2924,17
2021-05-02,Humboldt,023,135768,3896,3858,31,3889,36
2021-05-02,Imperial,025,180216,28286,28275,2798,31073,721
2021-05-02,Inyo,027,18085,1398,1398,20,1418,36
2021-05-02,Kern,029,883053,96593,95668,10868,106536,1299
2021-05-02,Kings,031,150075,22980,22816,1127,23943,246
2021-05-02,Lake,033,64148,3471,3443,9,3452,43
2021-05-02,Lassen,035,31185,5170,5142,107,5249,1
2021-05-02,Los Angeles,037,10098052,1199757,1193056,42053,1235109,23943
2021-05-02,Madera,039,155013,16493,16410,940,17350,235
2021-05-02,Marin,041,260295,13951,13917,259,14176,228
2021-05-02,Mariposa,043,17540,421,419,12,431,5
2021-05-02,Mendocino,045,87422,3847,3787,74,3861,46
2021-05-02,Merced,047,269075,30744,30793,989,31782,444
2021-05-02,Modoc,049,8938,369,360,122,482,3
2021-05-02,Mono,051,14174,1239,1259,14,1273,3
2021-05-02,Monterey,053,433212,42926,42837,1894,44731,380
2021-05-02,Napa,055,140530,9818,9805,31,9836,81
2021-05-02,Nevada,057,99092,4717,4635,193,4828,70
2021-05-02,Orange,059,3164182,254633,253025,11353,264378,4968
2021-05-02,Placer,061,380077,22751,22264,1460,23724,287
2021-05-02,Plumas,063,18699,689,675,11,686,4
2021-05-02,Riverside,065,2383286,290868,287197,14077,301274,4412
2021-05-02,Sacramento,067,1510023,103840,103153,1713,104866,1602
2021-05-02,San Benito,069,59416,6028,6037,117,6154,63
2021-05-02,San Bernardino,071,2135413,291896,290859,9096,299955,4655
2021-05-02,San Diego,073,3302833,278068,276521,14488,291009,3712
2021-05-02,San Francisco,075,870044,36338,36522,1305,37827,541
2021-05-02,San Joaquin,077,732212,72139,71447,3547,74994,1325
2021-05-02,San Luis Obispo,079,281455,21073,20910,733,21643,254
2021-05-02,San Mateo,081,765935,42000,41656,464,42120,412
2021-05-02,Santa Barbara,083,443738,34692,34106,1213,35319,453
2021-05-02,Santa Clara,085,1922200,117649,118321,759,119080,1988
2021-05-02,Santa Cruz,087,273765,16098,15995,847,16842,207
2021-05-02,Shasta,089,179085,11928,11885,1526,13411,197
2021-05-02,Sierra,091,2930,55,54,14,68,0
2021-05-02,Siskiyou,093,43540,1785,1661,315,1976,11
2021-05-02,Solano,095,438530,32258,32151,515,32666,249
2021-05-02,Sonoma,097,501317,29684,29842,325,30167,318
2021-05-02,Stanislaus,099,539301,55301,55057,5963,61020,774
2021-05-02,Sutter,101,95872,9378,9363,88,9451,111
2021-05-02,Tehama,103,63373,4972,4950,576,5526,53
2021-05-02,Trinity,105,12862,454,326,75,401,3
2021-05-02,Tulare,107,460477,49598,48834,9178,58012,835
2021-05-02,Tuolumne,109,53932,4042,4038,36,4074,61
2021-05-02,Ventura,111,848112,80873,80284,3001,83285,1005
2021-05-02,Yolo,113,214977,13814,13799,294,14093,208
2021-05-02,Yuba,115,75493,5909,5879,120,5999,44
2021-05-01,Alameda,001,1643700,86895,86704,1964,88668,1270
2021-05-01,Alpine,003,1148,88,88,0,88,0
2021-05-01,Amador,005,37829,3651,3650,33,3683,46
2021-05-01,Butte,007,227075,12208,11845,1811,13656,198
2021-05-01,Calaveras,009,45235,2098,2096,14,2110,50
2021-05-01,Colusa,011,21464,1927,1931,297,2228,14
2021-05-01,Contra Costa,013,1133247,68317,67779,1252,69031,800
2021-05-01,Del Norte,015,27424,1341,1292,11,1303,6
2021-05-01,El Dorado,017,186661,10033,9944,721,10665,110
2021-05-01,Fresno,019,978130,101710,101326,8761,110087,1678
2021-05-01,Glenn,021,27897,2387,2369,549,2918,17
2021-05-01,Humboldt,023,135768,3882,3845,31,3876,36
2021-05-01,Imperial,025,180216,28279,28262,2798,31060,721
2021-05-01,Inyo,027,18085,1398,1397,20,1417,36
2021-05-01,Kern,029,883053,96566,95645,10856,106501,1299
2021-05-01,Kings,031,150075,22977,22797,1125,23922,246
2021-05-01,Lake,033,64148,3469,3441,9,3450,43
2021-05-01,Lassen,035,31185,5168,5142,107,5249,1
2021-05-01,Los Angeles,037,10098052,1199590,1192781,42038,1234819,23946
2021-05-01,Madera,039,155013,16489,16408,940,17348,235
2021-05-01,Marin,041,260295,13944,13902,259,14161,228
2021-05-01,Mariposa,043,17540,421,418,12,430,5
2021-05-01,Mendocino,045,87422,3845,3782,74,3856,46
2021-05-01,Merced,047,269075,30726,30771,989,31760,444
2021-05-01,Modoc,049,8938,369,361,122,483,3
2021-05-01,Mono,051,14174,1239,1258,14,1272,3
2021-05-01,Monterey,053,433212,42920,42828,1894,44722,379
2021-05-01,Napa,055,140530,9815,9800,31,9831,81
2021-05-01,Nevada,057,99092,4712,4625,193,4818,70
2021-05-01,Orange,059,3164182,254590,252969,11342,264311,4964
2021-05-01,Placer,061,380077,22725,22240,1458,23698,287
2021-05-01,Plumas,063,18699,688,675,11,686,4
2021-05-01,Riverside,065,2383286,290829,287129,14075,301204,4412
2021-05-01,Sacramento,067,1510023,103759,103043,1712,104755,1602
2021-05-01,San Benito,069,59416,6025,6030,117,6147,63
2021-05-01,San Bernardino,071,2135413,291853,290802,9094,299896,4652
2021-05-01,San Diego,073,3302833,277944,276367,14467,290834,3706
2021-05-01,San Francisco,075,870044,36323,36496,1305,37801,541
2021-05-01,San Joaquin,077,732212,72091,71389,3545,74934,1325
2021-05-01,San Luis Obispo,079,281455,21068,20896,733,21629,254
2021-05-01,San Mateo,081,765935,41971,41617,463,42080,411
2021-05-01,Santa Barbara,083,443738,34687,34085,1212,35297,453
2021-05-01,Santa Clara,085,1922200,117597,118265,757,119022,1988
2021-05-01,Santa Cruz,087,273765,16095,15984,847,16831,207
2021-05-01,Shasta,089,179085,11908,11878,1518,13396,197
2021-05-01,Sierra,091,2930,55,53,14,67,0
2021-05-01,Siskiyou,093,43540,1777,1653,314,1967,11
2021-05-01,Solano,095,438530,32228,32124,507,32631,249
2021-05-01,Sonoma,097,501317,29681,29835,325,30160,318
2021-05-01,Stanislaus,099,539301,55266,55005,5957,60962,774
2021-05-01,Sutter,101,95872,9375,9358,88,9446,110
2021-05-01,Tehama,103,63373,4971,4950,575,5525,53
2021-05-01,Trinity,105,12862,454,326,74,400,3
2021-05-01,Tulare,107,460477,49591,48818,9172,57990,835
2021-05-01,Tuolumne,109,53932,4036,4035,36,4071,61
2021-05-01,Ventura,111,848112,80855,80268,3001,83269,1005
2021-05-01,Yolo,113,214977,13807,13784,292,14076,208
2021-05-01,Yuba,115,75493,5907,5875,120,5995,44
2021-04-30,Alameda,001,1643700,86833,86602,1961,88563,1268
2021-04-30,Alpine,003,1148,88,88,0,88,0
2021-04-30,Amador,005,37829,3649,3650,33,3683,46
2021-04-30,Butte,007,227075,12189,11812,1807,13619,197
2021-04-30,Calaveras,009,45235,2097,2087,14,2101,50
2021-04-30,Colusa,011,21464,1927,1931,296,2227,14
2021-04-30,Contra Costa,013,1133247,68269,67684,1249,68933,800
2021-04-30,Del Norte,015,27424,1329,1276,11,1287,6
2021-04-30,El Dorado,017,186661,10019,9906,721,10627,110
2021-04-30,Fresno,019,978130,101664,101263,8757,110020,1670
2021-04-30,Glenn,021,27897,2386,2369,549,2918,17
2021-04-30,Humboldt,023,135768,3869,3834,31,3865,36
2021-04-30,Imperial,025,180216,28270,28244,2795,31039,721
2021-04-30,Inyo,027,18085,1398,1397,20,1417,36
2021-04-30,Kern,029,883053,96549,95605,10852,106457,1298
2021-04-30,Kings,031,150075,22974,22793,1124,23917,246
2021-04-30,Lake,033,64148,3465,3440,9,3449,43
2021-04-30,Lassen,035,31185,5167,5140,107,5247,1
2021-04-30,Los Angeles,037,10098052,1199383,1192393,42025,1234418,23919
2021-04-30,Madera,039,155013,16483,16395,940,17335,235
2021-04-30,Marin,041,260295,13936,13895,257,14152,228
2021-04-30,Mariposa,043,17540,421,417,12,429,5
2021-04-30,Mendocino,045,87422,3841,3777,74,3851,46
2021-04-30,Merced,047,269075,30713,30740,988,31728,444
2021-04-30,Modoc,049,8938,368,360,122,482,3
2021-04-30,Mono,051,14174,1239,1258,14,1272,3
2021-04-30,Monterey,053,433212,42906,42810,1893,44703,379
2021-04-30,Napa,055,140530,9811,9792,31,9823,81
2021-04-30,Nevada,057,99092,4704,4608,193,4801,70
2021-04-30,Orange,059,3164182,254534,252883,11336,264219,4956
2021-04-30,Placer,061,380077,22706,22190,1454,23644,287
2021-04-30,Plumas,063,18699,688,677,11,688,4
2021-04-30,Riverside,065,2383286,290775,287030,14068,301098,4412
2021-04-30,Sacramento,067,1510023,103658,102864,1708,104572,1596
2021-04-30,San Benito,069,59416,6021,6024,116,6140,63
2021-04-30,San Bernardino,071,2135413,291792,290704,9093,299797,4640
2021-04-30,San Diego,073,3302833,277850,276157,14456,290613,3702
2021-04-30,San Francisco,075,870044,36312,36453,1304,37757,538
2021-04-30,San Joaquin,077,732212,72040,71311,3542,74853,1306
2021-04-30,San Luis Obispo,079,281455,21062,20884,733,21617,255
2021-04-30,San Mateo,081,765935,41956,41583,462,42045,380
2021-04-30,Santa Barbara,083,443738,34674,34061,1212,35273,451
2021-04-30,Santa Clara,085,1922200,117539,118170,753,118923,1988
2021-04-30,Santa Cruz,087,273765,16090,15975,847,16822,207
2021-04-30,Shasta,089,179085,11887,11848,1515,13363,197
2021-04-30,Sierra,091,2930,55,53,14,67,0
2021-04-30,Siskiyou,093,43540,1766,1628,311,1939,11
2021-04-30,Solano,095,438530,32196,32050,504,32554,249
2021-04-30,Sonoma,097,501317,29671,29816,323,30139,318
2021-04-30,Stanislaus,099,539301,55215,54938,5954,60892,774
2021-04-30,Sutter,101,95872,9373,9353,88,9441,110
2021-04-30,Tehama,103,63373,4969,4944,575,5519,53
2021-04-30,Trinity,105,12862,454,326,74,400,3
2021-04-30,Tulare,107,460477,49581,48797,9155,57952,836
2021-04-30,Tuolumne,109,53932,4035,4033,36,4069,61
2021-04-30,Ventura,111,848112,80815,80232,2996,83228,1004
2021-04-30,Yolo,113,214977,13794,13756,292,14048,208
2021-04-30,Yuba,115,75493,5899,5870,120,5990,44
2021-04-29,Alameda,001,1643700,86768,86490,1958,88448,1263
2021-04-29,Alpine,003,1148,88,88,0,88,0
2021-04-29,Amador,005,37829,3649,3649,33,3682,46
2021-04-29,Butte,007,227075,12174,11787,1805,13592,196
2021-04-29,Calaveras,009,45235,2094,2082,14,2096,50
2021-04-29,Colusa,011,21464,1927,1929,296,2225,14
2021-04-29,Contra Costa,013,1133247,68214,67606,1246,68852,795
2021-04-29,Del Norte,015,27424,1325,1271,11,1282,6
2021-04-29,El Dorado,017,186661,9999,9884,718,10602,107
2021-04-29,Fresno,019,978130,101610,101189,8746,109935,1667
2021-04-29,Glenn,021,27897,2383,2369,549,2918,17
2021-04-29,Humboldt,023,135768,3855,3815,31,3846,36
2021-04-29,Imperial,025,180216,28258,28235,2794,31029,720
2021-04-29,Inyo,027,18085,1398,1396,20,1416,36
2021-04-29,Kern,029,883053,96516,95547,10848,106395,1295
2021-04-29,Kings,031,150075,22964,22777,1119,23896,245
2021-04-29,Lake,033,64148,3457,3438,9,3447,43
2021-04-29,Lassen,035,31185,5167,5140,107,5247,1
2021-04-29,Los Angeles,037,10098052,1199108,1192068,42004,1234072,23899
2021-04-29,Madera,039,155013,16478,16383,939,17322,235
2021-04-29,Marin,041,260295,13932,13884,249,14133,228
2021-04-29,Mariposa,043,17540,420,416,12,428,5
2021-04-29,Mendocino,045,87422,3835,3774,74,3848,46
2021-04-29,Merced,047,269075,30693,30706,988,31694,444
2021-04-29,Modoc,049,8938,368,360,122,482,3
2021-04-29,Mono,051,14174,1237,1259,14,1273,3
2021-04-29,Monterey,053,433212,42889,42797,1892,44689,379
2021-04-29,Napa,055,140530,9797,9789,31,9820,81
2021-04-29,Nevada,057,99092,4693,4590,193,4783,70
2021-04-29,Orange,059,3164182,254464,252823,11321,264144,4934
2021-04-29,Placer,061,380077,22681,22161,1452,23613,286
2021-04-29,Plumas,063,18699,687,676,11,687,4
2021-04-29,Riverside,065,2383286,290708,286947,14065,301012,4409
2021-04-29,Sacramento,067,1510023,103525,102686,1698,104384,1593
2021-04-29,San Benito,069,59416,6020,6023,116,6139,63
2021-04-29,San Bernardino,071,2135413,291720,290606,9088,299694,4609
2021-04-29,San Diego,073,3302833,277700,275961,14439,290400,3700
2021-04-29,San Francisco,075,870044,36286,36412,1304,37716,537
2021-04-29,San Joaquin,077,732212,71974,71225,3537,74762,1301
2021-04-29,San Luis Obispo,079,281455,21051,20876,733,21609,255
2021-04-29,San Mateo,081,765935,41928,41538,461,41999,358
2021-04-29,Santa Barbara,083,443738,34658,34039,1210,35249,448
2021-04-29,Santa Clara,085,1922200,117484,118082,751,118833,1984
2021-04-29,Santa Cruz,087,273765,16084,15961,847,16808,205
2021-04-29,Shasta,089,179085,11856,11836,1506,13342,193
2021-04-29,Sierra,091,2930,55,53,14,67,0
2021-04-29,Siskiyou,093,43540,1757,1615,308,1923,11
2021-04-29,Solano,095,438530,32155,32002,499,32501,248
2021-04-29,Sonoma,097,501317,29656,29785,320,30105,318
2021-04-29,Stanislaus,099,539301,55148,54836,5949,60785,774
2021-04-29,Sutter,101,95872,9366,9346,88,9434,110
2021-04-29,Tehama,103,63373,4961,4939,575,5514,53
2021-04-29,Trinity,105,12862,454,326,74,400,3
2021-04-29,Tulare,107,460477,49563,48785,9143,57928,832
2021-04-29,Tuolumne,109,53932,4034,4030,36,4066,58
2021-04-29,Ventura,111,848112,80781,80188,2994,83182,1002
2021-04-29,Yolo,113,214977,13774,13745,291,14036,205
2021-04-29,Yuba,115,75493,5889,5865,120,5985,44
2021-04-28,Alameda,001,1643700,86696,86390,1954,88344,1260
2021-04-28,Alpine,003,1148,88,88,0,88,0
2021-04-28,Amador,005,37829,3649,3646,33,3679,46
2021-04-28,Butte,007,227075,12154,11762,1800,13562,196
2021-04-28,Calaveras,009,45235,2090,2078,13,2091,50
2021-04-28,Colusa,011,21464,1924,1927,295,2222,14
2021-04-28,Contra Costa,013,1133247,68154,67539,1245,68784,795
2021-04-28,Del Norte,015,27424,1317,1267,11,1278,6
2021-04-28,El Dorado,017,186661,9975,9873,718,10591,107
2021-04-28,Fresno,019,978130,101563,101161,8735,109896,1666
2021-04-28,Glenn,021,27897,2380,2368,549,2917,17
2021-04-28,Humboldt,023,135768,3839,3796,31,3827,36
2021-04-28,Imperial,025,180216,28244,28177,2793,30970,720
2021-04-28,Inyo,027,18085,1398,1396,19,1415,36
2021-04-28,Kern,029,883053,96486,95494,10839,106333,1295
2021-04-28,Kings,031,150075,22953,22767,1116,23883,245
2021-04-28,Lake,033,64148,3454,3433,9,3442,43
2021-04-28,Lassen,035,31185,5167,5138,107,5245,1
2021-04-28,Los Angeles,037,10098052,1198812,1191729,41978,1233707,23858
2021-04-28,Madera,039,155013,16474,16372,939,17311,235
2021-04-28,Marin,041,260295,13921,13866,249,14115,227
2021-04-28,Mariposa,043,17540,417,415,12,427,5
2021-04-28,Mendocino,045,87422,3829,3770,72,3842,46
2021-04-28,Merced,047,269075,30674,30649,988,31637,443
2021-04-28,Modoc,049,8938,368,360,122,482,3
2021-04-28,Mono,051,14174,1237,1258,14,1272,3
2021-04-28,Monterey,053,433212,42884,42776,1892,44668,379
2021-04-28,Napa,055,140530,9786,9777,31,9808,81
2021-04-28,Nevada,057,99092,4673,4570,193,4763,70
2021-04-28,Orange,059,3164182,254384,252747,11307,264054,4931
2021-04-28,Placer,061,380077,22654,22115,1451,23566,285
2021-04-28,Plumas,063,18699,687,676,11,687,4
2021-04-28,Riverside,065,2383286,290652,286868,14060,300928,4407
2021-04-28,Sacramento,067,1510023,103403,102613,1694,104307,1591
2021-04-28,San Benito,069,59416,6018,6021,116,6137,63
2021-04-28,San Bernardino,071,2135413,291642,290548,9077,299625,4582
2021-04-28,San Diego,073,3302833,277544,275821,14426,290247,3698
2021-04-28,San Francisco,075,870044,36257,36382,1303,37685,534
2021-04-28,San Joaquin,077,732212,71894,71171,3529,74700,1301
2021-04-28,San Luis Obispo,079,281455,21043,20851,733,21584,255
2021-04-28,San Mateo,081,765935,41903,41498,459,41957,358
2021-04-28,Santa Barbara,083,443738,34644,34003,1210,35213,448
2021-04-28,Santa Clara,085,1922200,117415,117997,748,118745,1969
2021-04-28,Santa Cruz,087,273765,16080,15943,846,16789,205
2021-04-28,Shasta,089,179085,11840,11815,1499,13314,192
2021-04-28,Sierra,091,2930,55,51,14,65,0
2021-04-28,Siskiyou,093,43540,1744,1603,306,1909,11
2021-04-28,Solano,095,438530,32123,31982,495,32477,248
2021-04-28,Sonoma,097,501317,29642,29773,316,30089,318
2021-04-28,Stanislaus,099,539301,55093,54745,5945,60690,774
2021-04-28,Sutter,101,95872,9361,9343,88,9431,110
2021-04-28,Tehama,103,63373,4955,4930,574,5504,53
2021-04-28,Trinity,105,12862,454,326,74,400,3
2021-04-28,Tulare,107,460477,49545,48754,9127,57881,832
2021-04-28,Tuolumne,109,53932,4031,4029,36,4065,58
2021-04-28,Ventura,111,848112,80746,80172,2992,83164,1000
2021-04-28,Yolo,113,214977,13759,13721,290,14011,205
2021-04-28,Yuba,115,75493,5883,5857,120,5977,44
2021-04-27,Alameda,001,1643700,86597,86301,1949,88250,1260
2021-04-27,Alpine,003,1148,88,88,0,88,0
2021-04-27,Amador,005,37829,3649,3645,33,3678,46
2021-04-27,Butte,007,227075,12129,11738,1794,13532,196
2021-04-27,Calaveras,009,45235,2087,2076,13,2089,50
2021-04-27,Colusa,011,21464,1923,1926,295,2221,14
2021-04-27,Contra Costa,013,1133247,68085,67470,1241,68711,791
2021-04-27,Del Norte,015,27424,1305,1266,11,1277,6
2021-04-27,El Dorado,017,186661,9946,9866,715,10581,106
2021-04-27,Fresno,019,978130,101499,101138,8723,109861,1663
2021-04-27,Glenn,021,27897,2380,2368,549,2917,17
2021-04-27,Humboldt,023,135768,3827,3780,31,3811,35
2021-04-27,Imperial,025,180216,28228,28149,2787,30936,720
2021-04-27,Inyo,027,18085,1398,1396,19,1415,36
2021-04-27,Kern,029,883053,96429,95466,10828,106294,1295
2021-04-27,Kings,031,150075,22938,22759,1114,23873,244
2021-04-27,Lake,033,64148,3453,3431,9,3440,43
2021-04-27,Lassen,035,31185,5167,5137,107,5244,1
2021-04-27,Los Angeles,037,10098052,1198492,1191504,41948,1233452,23825
2021-04-27,Madera,039,155013,16467,16365,939,17304,235
2021-04-27,Marin,041,260295,13899,13855,249,14104,227
2021-04-27,Mariposa,043,17540,416,413,12,425,5
2021-04-27,Mendocino,045,87422,3825,3765,72,3837,46
2021-04-27,Merced,047,269075,30634,30620,988,31608,443
2021-04-27,Modoc,049,8938,367,360,122,482,3
2021-04-27,Mono,051,14174,1237,1257,14,1271,3
2021-04-27,Monterey,053,433212,42866,42752,1889,44641,379
2021-04-27,Napa,055,140530,9779,9774,31,9805,81
2021-04-27,Nevada,057,99092,4658,4557,193,4750,70
2021-04-27,Orange,059,3164182,254314,252667,11302,263969,4925
2021-04-27,Placer,061,380077,22623,22050,1448,23498,285
2021-04-27,Plumas,063,18699,686,675,11,686,4
2021-04-27,Riverside,065,2383286,290578,286820,14056,300876,4405
2021-04-27,Sacramento,067,1510023,103274,102595,1684,104279,1589
2021-04-27,San Benito,069,59416,6013,6016,116,6132,63
2021-04-27,San Bernardino,071,2135413,291574,290461,9072,299533,4575
2021-04-27,San Diego,073,3302833,277387,275685,14406,290091,3692
2021-04-27,San Francisco,075,870044,36229,36358,1302,37660,533
2021-04-27,San Joaquin,077,732212,71841,71104,3523,74627,1301
2021-04-27,San Luis Obispo,079,281455,21036,20841,733,21574,255
2021-04-27,San Mateo,081,765935,41868,41474,458,41932,358
2021-04-27,Santa Barbara,083,443738,34621,33973,1209,35182,448
2021-04-27,Santa Clara,085,1922200,117365,117945,747,118692,1969
2021-04-27,Santa Cruz,087,273765,16073,15905,845,16750,205
2021-04-27,Shasta,089,179085,11813,11802,1492,13294,192
2021-04-27,Sierra,091,2930,55,51,14,65,0
2021-04-27,Siskiyou,093,43540,1729,1597,305,1902,11
2021-04-27,Solano,095,438530,32075,31964,494,32458,248
2021-04-27,Sonoma,097,501317,29624,29761,315,30076,318
2021-04-27,Stanislaus,099,539301,55023,54695,5937,60632,752
2021-04-27,Sutter,101,95872,9356,9342,88,9430,110
2021-04-27,Tehama,103,63373,4952,4922,570,5492,53
2021-04-27,Trinity,105,12862,454,326,74,400,3
2021-04-27,Tulare,107,460477,49529,48744,9118,57862,832
2021-04-27,Tuolumne,109,53932,4028,4028,36,4064,58
2021-04-27,Ventura,111,848112,80717,80152,2990,83142,1000
2021-04-27,Yolo,113,214977,13746,13697,288,13985,205
2021-04-27,Yuba,115,75493,5883,5853,120,5973,44
2021-04-26,Alameda,001,1643700,86507,86230,1945,88175,1256
2021-04-26,Alpine,003,1148,88,88,0,88,0
2021-04-26,Amador,005,37829,3648,3645,33,3678,46
2021-04-26,Butte,007,227075,12105,11720,1790,13510,196
2021-04-26,Calaveras,009,45235,2078,2074,13,2087,50
2021-04-26,Colusa,011,21464,1923,1925,294,2219,14
2021-04-26,Contra Costa,013,1133247,68017,67392,1237,68629,789
2021-04-26,Del Norte,015,27424,1296,1263,11,1274,6
2021-04-26,El Dorado,017,186661,9925,9849,714,10563,106
2021-04-26,Fresno,019,978130,101444,101099,8710,109809,1662
2021-04-26,Glenn,021,27897,2378,2367,549,2916,17
2021-04-26,Humboldt,023,135768,3817,3764,30,3794,35
2021-04-26,Imperial,025,180216,28215,28148,2784,30932,720
2021-04-26,Inyo,027,18085,1397,1396,19,1415,36
2021-04-26,Kern,029,883053,96403,95429,10821,106250,1295
2021-04-26,Kings,031,150075,22935,22756,1111,23867,244
2021-04-26,Lake,033,64148,3448,3428,9,3437,43
2021-04-26,Lassen,035,31185,5167,5138,107,5245,1
2021-04-26,Los Angeles,037,10098052,1198167,1191253,41929,1233182,23802
2021-04-26,Madera,039,155013,16455,16353,938,17291,231
2021-04-26,Marin,041,260295,13884,13849,249,14098,227
2021-04-26,Mariposa,043,17540,415,410,12,422,5
2021-04-26,Mendocino,045,87422,3823,3757,72,3829,46
2021-04-26,Merced,047,269075,30617,30611,985,31596,443
2021-04-26,Modoc,049,8938,367,360,122,482,3
2021-04-26,Mono,051,14174,1237,1258,14,1272,3
2021-04-26,Monterey,053,433212,42850,42740,1888,44628,379
2021-04-26,Napa,055,140530,9767,9769,31,9800,79
2021-04-26,Nevada,057,99092,4637,4548,193,4741,70
2021-04-26,Orange,059,3164182,254229,252592,11291,263883,4919
2021-04-26,Placer,061,380077,22594,22032,1443,23475,285
2021-04-26,Plumas,063,18699,686,670,11,681,4
2021-04-26,Riverside,065,2383286,290517,286724,14048,300772,4401
2021-04-26,Sacramento,067,1510023,103102,102459,1670,104129,1587
2021-04-26,San Benito,069,59416,6011,6013,116,6129,63
2021-04-26,San Bernardino,071,2135413,291523,290394,9071,299465,4572
2021-04-26,San Diego,073,3302833,277213,275541,14378,289919,3692
2021-04-26,San Francisco,075,870044,36201,36330,1301,37631,532
2021-04-26,San Joaquin,077,732212,71775,71050,3515,74565,1301
2021-04-26,San Luis Obispo,079,281455,21028,20830,732,21562,255
2021-04-26,San Mateo,081,765935,41838,41457,458,41915,357
2021-04-26,Santa Barbara,083,443738,34590,33948,1209,35157,448
2021-04-26,Santa Clara,085,1922200,117266,117874,743,118617,1968
2021-04-26,Santa Cruz,087,273765,16064,15877,845,16722,205
2021-04-26,Shasta,089,179085,11796,11787,1486,13273,192
2021-04-26,Sierra,091,2930,54,51,14,65,0
2021-04-26,Siskiyou,093,43540,1719,1592,301,1893,11
2021-04-26,Solano,095,438530,32030,31913,492,32405,247
2021-04-26,Sonoma,097,501317,29601,29755,313,30068,318
2021-04-26,Stanislaus,099,539301,54933,54638,5931,60569,744
2021-04-26,Sutter,101,95872,9351,9328,88,9416,110
2021-04-26,Tehama,103,63373,4947,4920,567,5487,53
2021-04-26,Trinity,105,12862,454,326,74,400,3
2021-04-26,Tulare,107,460477,49509,48735,9109,57844,831
2021-04-26,Tuolumne,109,53932,4027,4024,36,4060,58
2021-04-26,Ventura,111,848112,80692,80137,2987,83124,999
2021-04-26,Yolo,113,214977,13726,13684,285,13969,205
2021-04-26,Yuba,115,75493,5881,5851,120,5971,44
2021-04-25,Alameda,001,1643700,86401,86162,1938,88100,1256
2021-04-25,Alpine,003,1148,88,87,0,87,0
2021-04-25,Amador,005,37829,3647,3643,33,3676,46
2021-04-25,Butte,007,227075,12076,11709,1783,13492,196
2021-04-25,Calaveras,009,45235,2072,2072,12,2084,50
2021-04-25,Colusa,011,21464,1922,1924,294,2218,14
2021-04-25,Contra Costa,013,1133247,67925,67316,1236,68552,789
2021-04-25,Del Norte,015,27424,1290,1259,11,1270,6
2021-04-25,El Dorado,017,186661,9909,9837,712,10549,106
2021-04-25,Fresno,019,978130,101385,101061,8698,109759,1662
2021-04-25,Glenn,021,27897,2378,2366,549,2915,17
2021-04-25,Humboldt,023,135768,3804,3751,30,3781,35
2021-04-25,Imperial,025,180216,28190,28136,2780,30916,720
2021-04-25,Inyo,027,18085,1397,1396,19,1415,36
2021-04-25,Kern,029,883053,96338,95398,10808,106206,1295
2021-04-25,Kings,031,150075,22921,22755,1109,23864,244
2021-04-25,Lake,033,64148,3446,3427,9,3436,43
2021-04-25,Lassen,035,31185,5165,5138,107,5245,1
2021-04-25,Los Angeles,037,10098052,1197834,1190970,41908,1232878,23799
2021-04-25,Madera,039,155013,16443,16346,938,17284,231
2021-04-25,Marin,041,260295,13875,13852,249,14101,227
2021-04-25,Mariposa,043,17540,415,410,12,422,5
2021-04-25,Mendocino,045,87422,3816,3757,72,3829,46
2021-04-25,Merced,047,269075,30582,30586,985,31571,443
2021-04-25,Modoc,049,8938,367,360,122,482,3
2021-04-25,Mono,051,14174,1237,1257,14,1271,3
2021-04-25,Monterey,053,433212,42837,42737,1886,44623,379
2021-04-25,Napa,055,140530,9762,9762,31,9793,79
2021-04-25,Nevada,057,99092,4625,4536,193,4729,70
2021-04-25,Orange,059,3164182,254152,252531,11284,263815,4919
2021-04-25,Placer,061,380077,22547,22011,1435,23446,285
2021-04-25,Plumas,063,18699,685,670,11,681,4
2021-04-25,Riverside,065,2383286,290423,286651,14042,300693,4401
2021-04-25,Sacramento,067,1510023,102934,102319,1660,103979,1587
2021-04-25,San Benito,069,59416,6009,6014,115,6129,63
2021-04-25,San Bernardino,071,2135413,291448,290357,9063,299420,4571
2021-04-25,San Diego,073,3302833,277000,275412,14345,289757,3692
2021-04-25,San Francisco,075,870044,36170,36310,1301,37611,532
2021-04-25,San Joaquin,077,732212,71680,70987,3505,74492,1301
2021-04-25,San Luis Obispo,079,281455,21009,20820,730,21550,255
2021-04-25,San Mateo,081,765935,41803,41465,457,41922,356
2021-04-25,Santa Barbara,083,443738,34564,33931,1209,35140,448
2021-04-25,Santa Clara,085,1922200,117187,117778,741,118519,1968
2021-04-25,Santa Cruz,087,273765,16058,15868,843,16711,205
2021-04-25,Shasta,089,179085,11773,11784,1481,13265,192
2021-04-25,Sierra,091,2930,54,51,14,65,0
2021-04-25,Siskiyou,093,43540,1708,1580,299,1879,11
2021-04-25,Solano,095,438530,31983,31864,484,32348,247
2021-04-25,Sonoma,097,501317,29583,29756,313,30069,318
2021-04-25,Stanislaus,099,539301,54837,54543,5923,60466,744
2021-04-25,Sutter,101,95872,9345,9326,88,9414,110
2021-04-25,Tehama,103,63373,4943,4916,565,5481,53
2021-04-25,Trinity,105,12862,454,326,74,400,3
2021-04-25,Tulare,107,460477,49494,48728,9095,57823,831
2021-04-25,Tuolumne,109,53932,4025,4022,36,4058,58
2021-04-25,Ventura,111,848112,80668,80110,2987,83097,999
2021-04-25,Yolo,113,214977,13704,13667,283,13950,205
2021-04-25,Yuba,115,75493,5878,5849,119,5968,44
2021-04-24,Alameda,001,1643700,86347,86016,1936,87952,1257
2021-04-24,Alpine,003,1148,88,86,0,86,0
2021-04-24,Amador,005,37829,3646,3640,33,3673,46
2021-04-24,Butte,007,227075,12060,11678,1781,13459,196
2021-04-24,Calaveras,009,45235,2069,2067,12,2079,50
2021-04-24,Colusa,011,21464,1921,1921,294,2215,14
2021-04-24,Contra Costa,013,1133247,67856,67222,1234,68456,789
2021-04-24,Del Norte,015,27424,1285,1255,11,1266,6
2021-04-24,El Dorado,017,186661,9898,9814,711,10525,106
2021-04-24,Fresno,019,978130,101354,100991,8692,109683,1662
2021-04-24,Glenn,021,27897,2378,2363,549,2912,17
2021-04-24,Humboldt,023,135768,3790,3722,30,3752,35
2021-04-24,Imperial,025,180216,28183,28124,2779,30903,720
2021-04-24,Inyo,027,18085,1396,1396,19,1415,36
2021-04-24,Kern,029,883053,96319,95365,10798,106163,1295
2021-04-24,Kings,031,150075,22918,22749,1109,23858,244
2021-04-24,Lake,033,64148,3445,3426,9,3435,43
2021-04-24,Lassen,035,31185,5164,5137,107,5244,1
2021-04-24,Los Angeles,037,10098052,1197610,1190603,41891,1232494,23802
2021-04-24,Madera,039,155013,16440,16338,938,17276,231
2021-04-24,Marin,041,260295,13867,13847,249,14096,227
2021-04-24,Mariposa,043,17540,415,409,12,421,5
2021-04-24,Mendocino,045,87422,3814,3754,71,3825,46
2021-04-24,Merced,047,269075,30562,30559,985,31544,443
2021-04-24,Modoc,049,8938,367,360,122,482,3
2021-04-24,Mono,051,14174,1237,1256,14,1270,3
2021-04-24,Monterey,053,433212,42825,42727,1885,44612,379
2021-04-24,Napa,055,140530,9756,9756,31,9787,79
2021-04-24,Nevada,057,99092,4618,4522,193,4715,70
2021-04-24,Orange,059,3164182,254108,252441,11278,263719,4910
2021-04-24,Placer,061,380077,22535,21983,1434,23417,285
2021-04-24,Plumas,063,18699,684,670,11,681,4
2021-04-24,Riverside,065,2383286,290355,286552,14038,300590,4400
2021-04-24,Sacramento,067,1510023,102851,102179,1653,103832,1587
2021-04-24,San Benito,069,59416,6007,6007,115,6122,63
2021-04-24,San Bernardino,071,2135413,291399,290264,9062,299326,4568
2021-04-24,San Diego,073,3302833,276896,275252,14325,289577,3688
2021-04-24,San Francisco,075,870044,36141,36285,1297,37582,532
2021-04-24,San Joaquin,077,732212,71636,70911,3501,74412,1301
2021-04-24,San Luis Obispo,079,281455,20999,20797,729,21526,255
2021-04-24,San Mateo,081,765935,41790,41424,455,41879,355
2021-04-24,Santa Barbara,083,443738,34549,33911,1208,35119,448
2021-04-24,Santa Clara,085,1922200,117132,117674,739,118413,1968
2021-04-24,Santa Cruz,087,273765,16050,15840,843,16683,205
2021-04-24,Shasta,089,179085,11755,11770,1478,13248,192
2021-04-24,Sierra,091,2930,54,51,14,65,0
2021-04-24,Siskiyou,093,43540,1698,1574,298,1872,11
2021-04-24,Solano,095,438530,31960,31821,482,32303,247
2021-04-24,Sonoma,097,501317,29581,29739,313,30052,318
2021-04-24,Stanislaus,099,539301,54788,54455,5920,60375,744
2021-04-24,Sutter,101,95872,9342,9316,88,9404,110
2021-04-24,Tehama,103,63373,4938,4907,565,5472,53
2021-04-24,Trinity,105,12862,454,326,74,400,3
2021-04-24,Tulare,107,460477,49483,48705,9085,57790,830
2021-04-24,Tuolumne,109,53932,4021,4020,36,4056,58
2021-04-24,Ventura,111,848112,80655,80097,2985,83082,999
2021-04-24,Yolo,113,214977,13693,13653,283,13936,205
2021-04-24,Yuba,115,75493,5876,5837,119,5956,44
2021-04-23,Alameda,001,1643700,86276,85935,1934,87869,1256
2021-04-23,Alpine,003,1148,87,86,0,86,0
2021-04-23,Amador,005,37829,3645,3637,33,3670,46
2021-04-23,Butte,007,227075,12039,11672,1776,13448,196
2021-04-23,Calaveras,009,45235,2067,2064,12,2076,50
2021-04-23,Colusa,011,21464,1920,1921,294,2215,14
2021-04-23,Contra Costa,013,1133247,67801,67164,1231,68395,785
2021-04-23,Del Norte,015,27424,1284,1254,11,1265,6
2021-04-23,El Dorado,017,186661,9881,9788,708,10496,106
2021-04-23,Fresno,019,978130,101313,100928,8686,109614,1662
2021-04-23,Glenn,021,27897,2378,2361,548,2909,17
2021-04-23,Humboldt,023,135768,3779,3698,30,3728,35
2021-04-23,Imperial,025,180216,28168,28108,2778,30886,720
2021-04-23,Inyo,027,18085,1396,1395,19,1414,36
2021-04-23,Kern,029,883053,96294,95330,10792,106122,1295
2021-04-23,Kings,031,150075,22915,22735,1109,23844,244
2021-04-23,Lake,033,64148,3443,3425,9,3434,43
2021-04-23,Lassen,035,31185,5164,5141,107,5248,1
2021-04-23,Los Angeles,037,10098052,1197347,1190264,41865,1232129,23785
2021-04-23,Madera,039,155013,16431,16328,938,17266,231
2021-04-23,Marin,041,260295,13862,13838,249,14087,227
2021-04-23,Mariposa,043,17540,414,405,12,417,5
2021-04-23,Mendocino,045,87422,3812,3745,70,3815,46
2021-04-23,Merced,047,269075,30544,30530,985,31515,443
2021-04-23,Modoc,049,8938,367,360,122,482,3
2021-04-23,Mono,051,14174,1235,1256,14,1270,3
2021-04-23,Monterey,053,433212,42819,42722,1885,44607,377
2021-04-23,Napa,055,140530,9750,9752,31,9783,79
2021-04-23,Nevada,057,99092,4609,4510,193,4703,70
2021-04-23,Orange,059,3164182,254064,252399,11271,263670,4904
2021-04-23,Placer,061,380077,22512,21959,1433,23392,282
2021-04-23,Plumas,063,18699,683,670,11,681,4
2021-04-23,Riverside,065,2383286,290297,286456,14033,300489,4399
2021-04-23,Sacramento,067,1510023,102764,102041,1650,103691,1586
2021-04-23,San Benito,069,59416,6005,6005,115,6120,63
2021-04-23,San Bernardino,071,2135413,291348,290189,9061,299250,4568
2021-04-23,San Diego,073,3302833,276758,275097,14302,289399,3684
2021-04-23,San Francisco,075,870044,36124,36252,1296,37548,532
2021-04-23,San Joaquin,077,732212,71580,70840,3498,74338,1295
2021-04-23,San Luis Obispo,079,281455,20990,20781,728,21509,255
2021-04-23,San Mateo,081,765935,41763,41386,455,41841,355
2021-04-23,Santa Barbara,083,443738,34539,33895,1206,35101,447
2021-04-23,Santa Clara,085,1922200,117071,117593,738,118331,1965
2021-04-23,Santa Cruz,087,273765,16043,15802,843,16645,205
2021-04-23,Shasta,089,179085,11748,11759,1477,13236,192
2021-04-23,Sierra,091,2930,54,51,14,65,0
2021-04-23,Siskiyou,093,43540,1686,1567,297,1864,11
2021-04-23,Solano,095,438530,31928,31784,478,32262,247
2021-04-23,Sonoma,097,501317,29568,29727,313,30040,318
2021-04-23,Stanislaus,099,539301,54725,54391,5912,60303,744
2021-04-23,Sutter,101,95872,9340,9312,88,9400,110
2021-04-23,Tehama,103,63373,4935,4906,565,5471,53
2021-04-23,Trinity,105,12862,454,326,74,400,3
2021-04-23,Tulare,107,460477,49466,48694,9077,57771,829
2021-04-23,Tuolumne,109,53932,4020,4020,36,4056,58
2021-04-23,Ventura,111,848112,80636,80095,2985,83080,996
2021-04-23,Yolo,113,214977,13682,13647,282,13929,205
2021-04-23,Yuba,115,75493,5873,5828,119,5947,44
2021-04-22,Alameda,001,1643700,86185,85829,1933,87762,1253
2021-04-22,Alpine,003,1148,87,86,0,86,0
2021-04-22,Amador,005,37829,3644,3633,33,3666,46
2021-04-22,Butte,007,227075,12025,11656,1773,13429,196
2021-04-22,Calaveras,009,45235,2065,2059,12,2071,50
2021-04-22,Colusa,011,21464,1918,1920,292,2212,14
2021-04-22,Contra Costa,013,1133247,67729,67029,1226,68255,782
2021-04-22,Del Norte,015,27424,1279,1252,11,1263,6
2021-04-22,El Dorado,017,186661,9870,9773,705,10478,106
2021-04-22,Fresno,019,978130,101269,100864,8675,109539,1657
2021-04-22,Glenn,021,27897,2377,2361,548,2909,17
2021-04-22,Humboldt,023,135768,3770,3680,30,3710,35
2021-04-22,Imperial,025,180216,28147,28096,2775,30871,720
2021-04-22,Inyo,027,18085,1395,1394,19,1413,36
2021-04-22,Kern,029,883053,96251,95292,10777,106069,1299
2021-04-22,Kings,031,150075,22905,22725,1109,23834,243
2021-04-22,Lake,033,64148,3441,3423,9,3432,43
2021-04-22,Lassen,035,31185,5164,5155,107,5262,1
2021-04-22,Los Angeles,037,10098052,1197029,1189878,41842,1231720,23762
2021-04-22,Madera,039,155013,16412,16316,938,17254,231
2021-04-22,Marin,041,260295,13854,13832,249,14081,227
2021-04-22,Mariposa,043,17540,413,403,12,415,5
2021-04-22,Mendocino,045,87422,3806,3729,70,3799,46
2021-04-22,Merced,047,269075,30509,30490,984,31474,443
2021-04-22,Modoc,049,8938,367,360,122,482,3
2021-04-22,Mono,051,14174,1235,1254,14,1268,3
2021-04-22,Monterey,053,433212,42812,42708,1883,44591,377
2021-04-22,Napa,055,140530,9740,9734,31,9765,79
2021-04-22,Nevada,057,99092,4599,4504,191,4695,70
2021-04-22,Orange,059,3164182,253992,252307,11259,263566,4898
2021-04-22,Placer,061,380077,22482,21916,1429,23345,282
2021-04-22,Plumas,063,18699,682,670,11,681,4
2021-04-22,Riverside,065,2383286,290204,286362,14024,300386,4398
2021-04-22,Sacramento,067,1510023,102615,101870,1641,103511,1585
2021-04-22,San Benito,069,59416,6001,5998,115,6113,63
2021-04-22,San Bernardino,071,2135413,291277,290125,9053,299178,4571
2021-04-22,San Diego,073,3302833,276592,275913,14280,290193,3684
2021-04-22,San Francisco,075,870044,36102,36218,1293,37511,532
2021-04-22,San Joaquin,077,732212,71521,70751,3491,74242,1295
2021-04-22,San Luis Obispo,079,281455,20976,20761,728,21489,255
2021-04-22,San Mateo,081,765935,41736,41345,453,41798,355
2021-04-22,Santa Barbara,083,443738,34516,33870,1205,35075,446
2021-04-22,Santa Clara,085,1922200,116983,117457,734,118191,1954
2021-04-22,Santa Cruz,087,273765,16040,15737,842,16579,205
2021-04-22,Shasta,089,179085,11733,11738,1474,13212,192
2021-04-22,Sierra,091,2930,54,51,14,65,0
2021-04-22,Siskiyou,093,43540,1682,1564,296,1860,11
2021-04-22,Solano,095,438530,31882,31731,475,32206,247
2021-04-22,Sonoma,097,501317,29553,29705,309,30014,318
2021-04-22,Stanislaus,099,539301,54652,54313,5906,60219,744
2021-04-22,Sutter,101,95872,9336,9302,88,9390,110
2021-04-22,Tehama,103,63373,4929,4896,561,5457,53
2021-04-22,Trinity,105,12862,454,326,74,400,3
2021-04-22,Tulare,107,460477,49447,48669,9067,57736,828
2021-04-22,Tuolumne,109,53932,4016,4020,36,4056,58
2021-04-22,Ventura,111,848112,80611,80073,2983,83056,996
2021-04-22,Yolo,113,214977,13661,13616,282,13898,205
2021-04-22,Yuba,115,75493,5863,5825,119,5944,44
2021-04-21,Alameda,001,1643700,86104,85762,1931,87693,1249
2021-04-21,Alpine,003,1148,87,86,0,86,0
2021-04-21,Amador,005,37829,3641,3632,33,3665,46
2021-04-21,Butte,007,227075,12005,11643,1771,13414,196
2021-04-21,Calaveras,009,45235,2055,2057,12,2069,50
2021-04-21,Colusa,011,21464,1916,1920,291,2211,14
2021-04-21,Contra Costa,013,1133247,67663,66981,1225,68206,782
2021-04-21,Del Norte,015,27424,1275,1252,11,1263,6
2021-04-21,El Dorado,017,186661,9853,9760,703,10463,106
2021-04-21,Fresno,019,978130,101213,100838,8669,109507,1654
2021-04-21,Glenn,021,27897,2376,2361,548,2909,17
2021-04-21,Humboldt,023,135768,3750,3642,30,3672,35
2021-04-21,Imperial,025,180216,28135,28052,2774,30826,719
2021-04-21,Inyo,027,18085,1395,1392,19,1411,36
2021-04-21,Kern,029,883053,96205,95257,10767,106024,1297
2021-04-21,Kings,031,150075,22898,22713,1108,23821,243
2021-04-21,Lake,033,64148,3438,3421,9,3430,43
2021-04-21,Lassen,035,31185,5163,5156,107,5263,1
2021-04-21,Los Angeles,037,10098052,1196691,1189530,41820,1231350,23729
2021-04-21,Madera,039,155013,16407,16309,938,17247,231
2021-04-21,Marin,041,260295,13839,13822,249,14071,227
2021-04-21,Mariposa,043,17540,412,402,12,414,5
2021-04-21,Mendocino,045,87422,3804,3729,70,3799,46
2021-04-21,Merced,047,269075,30488,30471,983,31454,442
2021-04-21,Modoc,049,8938,367,360,122,482,3
2021-04-21,Mono,051,14174,1235,1254,14,1268,3
2021-04-21,Monterey,053,433212,42797,42699,1881,44580,377
2021-04-21,Napa,055,140530,9734,9727,31,9758,79
2021-04-21,Nevada,057,99092,4585,4499,191,4690,70
2021-04-21,Orange,059,3164182,253917,252243,11246,263489,4889
2021-04-21,Placer,061,380077,22451,21896,1424,23320,282
2021-04-21,Plumas,063,18699,682,670,11,681,4
2021-04-21,Riverside,065,2383286,290112,286299,14017,300316,4388
2021-04-21,Sacramento,067,1510023,102486,101803,1635,103438,1579
2021-04-21,San Benito,069,59416,5998,5998,115,6113,63
2021-04-21,San Bernardino,071,2135413,291203,290049,9051,299100,4572
2021-04-21,San Diego,073,3302833,276383,275632,14242,289874,3681
2021-04-21,San Francisco,075,870044,36082,36194,1292,37486,529
2021-04-21,San Joaquin,077,732212,71466,70687,3481,74168,1295
2021-04-21,San Luis Obispo,079,281455,20961,20724,727,21451,255
2021-04-21,San Mateo,081,765935,41704,41318,452,41770,355
2021-04-21,Santa Barbara,083,443738,34497,33830,1204,35034,445
2021-04-21,Santa Clara,085,1922200,116905,117318,728,118046,1946
2021-04-21,Santa Cruz,087,273765,16031,15698,842,16540,204
2021-04-21,Shasta,089,179085,11714,11722,1472,13194,192
2021-04-21,Sierra,091,2930,54,51,14,65,0
2021-04-21,Siskiyou,093,43540,1675,1557,296,1853,11
2021-04-21,Solano,095,438530,31843,31712,474,32186,244
2021-04-21,Sonoma,097,501317,29541,29697,307,30004,318
2021-04-21,Stanislaus,099,539301,54591,54290,5900,60190,742
2021-04-21,Sutter,101,95872,9328,9297,88,9385,110
2021-04-21,Tehama,103,63373,4922,4893,560,5453,53
2021-04-21,Trinity,105,12862,454,326,74,400,3
2021-04-21,Tulare,107,460477,49432,48653,9054,57707,828
2021-04-21,Tuolumne,109,53932,4013,4019,36,4055,58
2021-04-21,Ventura,111,848112,80579,80039,2980,83019,996
2021-04-21,Yolo,113,214977,13641,13606,281,13887,200
2021-04-21,Yuba,115,75493,5856,5822,118,5940,44
2021-04-20,Alameda,001,1643700,86012,85652,1929,87581,1248
2021-04-20,Alpine,003,1148,86,85,0,85,0
2021-04-20,Amador,005,37829,3640,3631,33,3664,46
2021-04-20,Butte,007,227075,11986,11619,1769,13388,196
2021-04-20,Calaveras,009,45235,2053,2053,12,2065,50
2021-04-20,Colusa,011,21464,1916,1915,290,2205,14
2021-04-20,Contra Costa,013,1133247,67579,66889,1222,68111,782
2021-04-20,Del Norte,015,27424,1274,1250,11,1261,6
2021-04-20,El Dorado,017,186661,9825,9743,701,10444,106
2021-04-20,Fresno,019,978130,101155,100768,8659,109427,1650
2021-04-20,Glenn,021,27897,2374,2359,547,2906,17
2021-04-20,Humboldt,023,135768,3730,3612,30,3642,35
2021-04-20,Imperial,025,180216,28116,28024,2771,30795,719
2021-04-20,Inyo,027,18085,1395,1393,19,1412,36
2021-04-20,Kern,029,883053,96169,95223,10750,105973,1295
2021-04-20,Kings,031,150075,22892,22693,1105,23798,243
2021-04-20,Lake,033,64148,3436,3418,9,3427,43
2021-04-20,Lassen,035,31185,5163,5155,107,5262,1
2021-04-20,Los Angeles,037,10098052,1196347,1189256,41790,1231046,23694
2021-04-20,Madera,039,155013,16401,16301,938,17239,231
2021-04-20,Marin,041,260295,13825,13807,249,14056,227
2021-04-20,Mariposa,043,17540,411,402,12,414,5
2021-04-20,Mendocino,045,87422,3803,3726,70,3796,46
2021-04-20,Merced,047,269075,30460,30439,983,31422,441
2021-04-20,Modoc,049,8938,367,359,122,481,3
2021-04-20,Mono,051,14174,1234,1254,14,1268,3
2021-04-20,Monterey,053,433212,42786,42663,1878,44541,363
2021-04-20,Napa,055,140530,9730,9711,31,9742,79
2021-04-20,Nevada,057,99092,4567,4485,190,4675,70
2021-04-20,Orange,059,3164182,253827,252134,11234,263368,4887
2021-04-20,Placer,061,380077,22417,21846,1420,23266,282
2021-04-20,Plumas,063,18699,681,670,11,681,4
2021-04-20,Riverside,065,2383286,290018,286194,14012,300206,4388
2021-04-20,Sacramento,067,1510023,102348,101629,1626,103255,1574
2021-04-20,San Benito,069,59416,5995,5988,115,6103,63
2021-04-20,San Bernardino,071,2135413,291123,289905,9048,298953,4569
2021-04-20,San Diego,073,3302833,276153,275369,14209,289578,3674
2021-04-20,San Francisco,075,870044,36063,36117,1291,37408,529
2021-04-20,San Joaquin,077,732212,71393,70590,3472,74062,1289
2021-04-20,San Luis Obispo,079,281455,20938,20691,719,21410,254
2021-04-20,San Mateo,081,765935,41673,41251,452,41703,355
2021-04-20,Santa Barbara,083,443738,34479,33803,1204,35007,445
2021-04-20,Santa Clara,085,1922200,116806,117228,724,117952,1944
2021-04-20,Santa Cruz,087,273765,16019,15647,842,16489,204
2021-04-20,Shasta,089,179085,11698,11677,1469,13146,189
2021-04-20,Sierra,091,2930,54,51,14,65,0
2021-04-20,Siskiyou,093,43540,1667,1551,295,1846,10
2021-04-20,Solano,095,438530,31788,31673,470,32143,243
2021-04-20,Sonoma,097,501317,29532,29676,305,29981,311
2021-04-20,Stanislaus,099,539301,54526,54236,5887,60123,735
2021-04-20,Sutter,101,95872,9324,9279,88,9367,109
2021-04-20,Tehama,103,63373,4917,4887,559,5446,52
2021-04-20,Trinity,105,12862,454,326,74,400,3
2021-04-20,Tulare,107,460477,49410,48650,9044,57694,831
2021-04-20,Tuolumne,109,53932,4013,4014,36,4050,58
2021-04-20,Ventura,111,848112,80551,80018,2978,82996,995
2021-04-20,Yolo,113,214977,13622,13581,279,13860,200
2021-04-20,Yuba,115,75493,5846,5814,118,5932,44
2021-04-19,Alameda,001,1643700,85890,85583,1926,87509,1247
2021-04-19,Alpine,003,1148,86,85,0,85,0
2021-04-19,Amador,005,37829,3639,3629,33,3662,46
2021-04-19,Butte,007,227075,11967,11601,1764,13365,196
2021-04-19,Calaveras,009,45235,2050,2050,12,2062,50
2021-04-19,Colusa,011,21464,1916,1913,289,2202,14
2021-04-19,Contra Costa,013,1133247,67501,66833,1220,68053,782
2021-04-19,Del Norte,015,27424,1272,1247,11,1258,6
2021-04-19,El Dorado,017,186661,9809,9726,696,10422,106
2021-04-19,Fresno,019,978130,101087,100702,8646,109348,1646
2021-04-19,Glenn,021,27897,2374,2358,546,2904,17
2021-04-19,Humboldt,023,135768,3710,3602,28,3630,35
2021-04-19,Imperial,025,180216,28095,27995,2771,30766,719
2021-04-19,Inyo,027,18085,1395,1392,19,1411,36
2021-04-19,Kern,029,883053,96139,95162,10735,105897,1290
2021-04-19,Kings,031,150075,22876,22688,1105,23793,243
2021-04-19,Lake,033,64148,3435,3416,9,3425,43
2021-04-19,Lassen,035,31185,5162,5156,107,5263,1
2021-04-19,Los Angeles,037,10098052,1195970,1188945,41765,1230710,23666
2021-04-19,Madera,039,155013,16390,16289,937,17226,231
2021-04-19,Marin,041,260295,13814,13804,248,14052,226
2021-04-19,Mariposa,043,17540,410,401,12,413,5
2021-04-19,Mendocino,045,87422,3801,3722,70,3792,46
2021-04-19,Merced,047,269075,30431,30422,982,31404,441
2021-04-19,Modoc,049,8938,367,359,122,481,3
2021-04-19,Mono,051,14174,1233,1254,14,1268,3
2021-04-19,Monterey,053,433212,42773,42642,1873,44515,356
2021-04-19,Napa,055,140530,9722,9680,31,9711,79
2021-04-19,Nevada,057,99092,4551,4477,190,4667,70
2021-04-19,Orange,059,3164182,253709,252013,11220,263233,4883
2021-04-19,Placer,061,380077,22394,21814,1416,23230,282
2021-04-19,Plumas,063,18699,681,665,11,676,4
2021-04-19,Riverside,065,2383286,289925,286087,14003,300090,4371
2021-04-19,Sacramento,067,1510023,102213,101482,1616,103098,1572
2021-04-19,San Benito,069,59416,5987,5989,115,6104,63
2021-04-19,San Bernardino,071,2135413,291038,289738,9042,298780,4561
2021-04-19,San Diego,073,3302833,275905,275113,14176,289289,3674
2021-04-19,San Francisco,075,870044,36028,36094,1288,37382,529
2021-04-19,San Joaquin,077,732212,71314,70514,3464,73978,1289
2021-04-19,San Luis Obispo,079,281455,20912,20669,713,21382,254
2021-04-19,San Mateo,081,765935,41640,41226,451,41677,355
2021-04-19,Santa Barbara,083,443738,34464,33786,1204,34990,446
2021-04-19,Santa Clara,085,1922200,116695,117099,720,117819,1944
2021-04-19,Santa Cruz,087,273765,16007,15600,842,16442,204
2021-04-19,Shasta,089,179085,11683,11662,1461,13123,189
2021-04-19,Sierra,091,2930,54,51,14,65,0
2021-04-19,Siskiyou,093,43540,1657,1544,295,1839,10
2021-04-19,Solano,095,438530,31750,31643,465,32108,239
2021-04-19,Sonoma,097,501317,29513,29667,305,29972,311
2021-04-19,Stanislaus,099,539301,54450,54179,5883,60062,728
2021-04-19,Sutter,101,95872,9313,9269,88,9357,109
2021-04-19,Tehama,103,63373,4912,4878,559,5437,52
2021-04-19,Trinity,105,12862,454,326,73,399,3
2021-04-19,Tulare,107,460477,49394,48630,9031,57661,831
2021-04-19,Tuolumne,109,53932,4012,4010,36,4046,58
2021-04-19,Ventura,111,848112,80525,80000,2976,82976,996
2021-04-19,Yolo,113,214977,13610,13572,276,13848,200
2021-04-19,Yuba,115,75493,5839,5804,117,5921,44
2021-04-18,Alameda,001,1643700,85777,85481,1918,87399,1247
2021-04-18,Alpine,003,1148,86,85,0,85,0
2021-04-18,Amador,005,37829,3636,3627,33,3660,46
2021-04-18,Butte,007,227075,11949,11591,1759,13350,196
2021-04-18,Calaveras,009,45235,2046,2047,12,2059,50
2021-04-18,Colusa,011,21464,1912,1912,288,2200,14
2021-04-18,Contra Costa,013,1133247,67396,66750,1216,67966,782
2021-04-18,Del Norte,015,27424,1272,1240,11,1251,6
2021-04-18,El Dorado,017,186661,9786,9710,694,10404,106
2021-04-18,Fresno,019,978130,101029,100621,8640,109261,1646
2021-04-18,Glenn,021,27897,2369,2358,546,2904,17
2021-04-18,Humboldt,023,135768,3682,3590,28,3618,35
2021-04-18,Imperial,025,180216,28080,27991,2766,30757,719
2021-04-18,Inyo,027,18085,1394,1392,19,1411,36
2021-04-18,Kern,029,883053,96103,95129,10719,105848,1290
2021-04-18,Kings,031,150075,22867,22685,1105,23790,243
2021-04-18,Lake,033,64148,3434,3413,9,3422,43
2021-04-18,Lassen,035,31185,5159,5156,107,5263,1
2021-04-18,Los Angeles,037,10098052,1195514,1188620,41742,1230362,23648
2021-04-18,Madera,039,155013,16379,16277,936,17213,231
2021-04-18,Marin,041,260295,13807,13801,247,14048,226
2021-04-18,Mariposa,043,17540,409,400,11,411,5
2021-04-18,Mendocino,045,87422,3798,3722,70,3792,46
2021-04-18,Merced,047,269075,30394,30405,980,31385,441
2021-04-18,Modoc,049,8938,367,359,122,481,3
2021-04-18,Mono,051,14174,1233,1254,14,1268,3
2021-04-18,Monterey,053,433212,42761,42638,1872,44510,356
2021-04-18,Napa,055,140530,9706,9674,31,9705,79
2021-04-18,Nevada,057,99092,4536,4464,190,4654,70
2021-04-18,Orange,059,3164182,253594,251940,11212,263152,4883
2021-04-18,Placer,061,380077,22350,21783,1410,23193,282
2021-04-18,Plumas,063,18699,680,665,11,676,4
2021-04-18,Riverside,065,2383286,289835,286043,13999,300042,4371
2021-04-18,Sacramento,067,1510023,102037,101354,1610,102964,1572
2021-04-18,San Benito,069,59416,5985,5989,115,6104,63
2021-04-18,San Bernardino,071,2135413,290945,289691,9033,298724,4556
2021-04-18,San Diego,073,3302833,275626,274961,14141,289102,3674
2021-04-18,San Francisco,075,870044,35992,36073,1284,37357,525
2021-04-18,San Joaquin,077,732212,71233,70466,3455,73921,1289
2021-04-18,San Luis Obispo,079,281455,20890,20656,707,21363,254
2021-04-18,San Mateo,081,765935,41611,41201,450,41651,352
2021-04-18,Santa Barbara,083,443738,34429,33769,1203,34972,446
2021-04-18,Santa Clara,085,1922200,116542,116996,703,117699,1944
2021-04-18,Santa Cruz,087,273765,15997,15580,841,16421,204
2021-04-18,Shasta,089,179085,11662,11658,1458,13116,189
2021-04-18,Sierra,091,2930,54,51,14,65,0
2021-04-18,Siskiyou,093,43540,1646,1538,293,1831,10
2021-04-18,Solano,095,438530,31700,31606,464,32070,239
2021-04-18,Sonoma,097,501317,29497,29660,303,29963,311
2021-04-18,Stanislaus,099,539301,54368,54132,5876,60008,728
2021-04-18,Sutter,101,95872,9299,9261,88,9349,109
2021-04-18,Tehama,103,63373,4903,4877,558,5435,52
2021-04-18,Trinity,105,12862,454,326,73,399,3
2021-04-18,Tulare,107,460477,49382,48618,9025,57643,829
2021-04-18,Tuolumne,109,53932,4011,4008,35,4043,58
2021-04-18,Ventura,111,848112,80495,79984,2972,82956,996
2021-04-18,Yolo,113,214977,13598,13562,274,13836,200
2021-04-18,Yuba,115,75493,5832,5804,117,5921,44
2021-04-17,Alameda,001,1643700,85704,85367,1914,87281,1247
2021-04-17,Alpine,003,1148,86,85,0,85,0
2021-04-17,Amador,005,37829,3634,3625,33,3658,46
2021-04-17,Butte,007,227075,11929,11573,1755,13328,196
2021-04-17,Calaveras,009,45235,2044,2045,12,2057,50
2021-04-17,Colusa,011,21464,1912,1912,288,2200,14
2021-04-17,Contra Costa,013,1133247,67348,66657,1208,67865,782
2021-04-17,Del Norte,015,27424,1272,1238,11,1249,6
2021-04-17,El Dorado,017,186661,9771,9692,691,10383,106
2021-04-17,Fresno,019,978130,100996,100562,8634,109196,1646
2021-04-17,Glenn,021,27897,2369,2357,546,2903,17
2021-04-17,Humboldt,023,135768,3659,3579,28,3607,35
2021-04-17,Imperial,025,180216,28069,27987,2765,30752,719
2021-04-17,Inyo,027,18085,1391,1392,19,1411,36
2021-04-17,Kern,029,883053,96085,95102,10715,105817,1290
2021-04-17,Kings,031,150075,22862,22678,1104,23782,243
2021-04-17,Lake,033,64148,3433,3409,9,3418,43
2021-04-17,Lassen,035,31185,5159,5154,107,5261,1
2021-04-17,Los Angeles,037,10098052,1195259,1188262,41709,1229971,23653
2021-04-17,Madera,039,155013,16375,16260,935,17195,231
2021-04-17,Marin,041,260295,13803,13797,246,14043,226
2021-04-17,Mariposa,043,17540,408,398,11,409,5
2021-04-17,Mendocino,045,87422,3795,3721,70,3791,46
2021-04-17,Merced,047,269075,30379,30392,978,31370,441
2021-04-17,Modoc,049,8938,367,357,122,479,3
2021-04-17,Mono,051,14174,1233,1253,14,1267,3
2021-04-17,Monterey,053,433212,42752,42630,1870,44500,356
2021-04-17,Napa,055,140530,9702,9666,31,9697,79
2021-04-17,Nevada,057,99092,4528,4457,190,4647,70
2021-04-17,Orange,059,3164182,253525,251873,11200,263073,4878
2021-04-17,Placer,061,380077,22327,21736,1405,23141,282
2021-04-17,Plumas,063,18699,679,666,11,677,4
2021-04-17,Riverside,065,2383286,289766,285963,13991,299954,4371
2021-04-17,Sacramento,067,1510023,101927,101172,1599,102771,1572
2021-04-17,San Benito,069,59416,5979,5986,115,6101,63
2021-04-17,San Bernardino,071,2135413,290890,289624,9030,298654,4555
2021-04-17,San Diego,073,3302833,275479,274812,14107,288919,3674
2021-04-17,San Francisco,075,870044,35971,36032,1281,37313,523
2021-04-17,San Joaquin,077,732212,71193,70372,3445,73817,1288
2021-04-17,San Luis Obispo,079,281455,20877,20642,704,21346,254
2021-04-17,San Mateo,081,765935,41588,41157,450,41607,352
2021-04-17,Santa Barbara,083,443738,34398,33738,1201,34939,446
2021-04-17,Santa Clara,085,1922200,116450,116887,701,117588,1944
2021-04-17,Santa Cruz,087,273765,15991,15571,841,16412,204
2021-04-17,Shasta,089,179085,11647,11647,1457,13104,189
2021-04-17,Sierra,091,2930,54,51,14,65,0
2021-04-17,Siskiyou,093,43540,1641,1539,292,1831,10
2021-04-17,Solano,095,438530,31669,31541,461,32002,239
2021-04-17,Sonoma,097,501317,29490,29637,303,29940,311
2021-04-17,Stanislaus,099,539301,54331,54058,5871,59929,728
2021-04-17,Sutter,101,95872,9293,9252,88,9340,109
2021-04-17,Tehama,103,63373,4897,4875,557,5432,52
2021-04-17,Trinity,105,12862,454,326,73,399,3
2021-04-17,Tulare,107,460477,49370,48603,9021,57624,829
2021-04-17,Tuolumne,109,53932,4009,4005,35,4040,58
2021-04-17,Ventura,111,848112,80474,79964,2972,82936,996
2021-04-17,Yolo,113,214977,13588,13580,274,13854,200
2021-04-17,Yuba,115,75493,5827,5802,116,5918,44
2021-04-16,Alameda,001,1643700,85624,85243,1912,87155,1245
2021-04-16,Alpine,003,1148,86,85,0,85,0
2021-04-16,Amador,005,37829,3629,3621,33,3654,46
2021-04-16,Butte,007,227075,11917,11549,1753,13302,196
2021-04-16,Calaveras,009,45235,2043,2042,12,2054,50
2021-04-16,Colusa,011,21464,1910,1911,288,2199,14
2021-04-16,Contra Costa,013,1133247,67293,66569,1205,67774,782
2021-04-16,Del Norte,015,27424,1271,1237,11,1248,6
2021-04-16,El Dorado,017,186661,9751,9665,687,10352,106
2021-04-16,Fresno,019,978130,100947,100500,8627,109127,1643
2021-04-16,Glenn,021,27897,2369,2355,546,2901,17
2021-04-16,Humboldt,023,135768,3638,3570,27,3597,35
2021-04-16,Imperial,025,180216,28059,27962,2764,30726,719
2021-04-16,Inyo,027,18085,1391,1392,19,1411,36
2021-04-16,Kern,029,883053,96056,95066,10712,105778,1288
2021-04-16,Kings,031,150075,22858,22667,1103,23770,243
2021-04-16,Lake,033,64148,3427,3406,9,3415,43
2021-04-16,Lassen,035,31185,5158,5155,107,5262,1
2021-04-16,Los Angeles,037,10098052,1194960,1187818,41671,1229489,23627
2021-04-16,Madera,039,155013,16369,16250,934,17184,231
2021-04-16,Marin,041,260295,13800,13788,246,14034,226
2021-04-16,Mariposa,043,17540,407,396,10,406,5
2021-04-16,Mendocino,045,87422,3793,3719,70,3789,46
2021-04-16,Merced,047,269075,30364,30355,978,31333,438
2021-04-16,Modoc,049,8938,367,355,122,477,3
2021-04-16,Mono,051,14174,1233,1253,14,1267,3
2021-04-16,Monterey,053,433212,42741,42620,1868,44488,351
2021-04-16,Napa,055,140530,9694,9653,31,9684,79
2021-04-16,Nevada,057,99092,4519,4443,190,4633,70
2021-04-16,Orange,059,3164182,253461,251770,11191,262961,4873
2021-04-16,Placer,061,380077,22300,21680,1399,23079,282
2021-04-16,Plumas,063,18699,678,665,11,676,4
2021-04-16,Riverside,065,2383286,289690,285818,13989,299807,4369
2021-04-16,Sacramento,067,1510023,101830,100993,1594,102587,1572
2021-04-16,San Benito,069,59416,5977,5982,115,6097,63
2021-04-16,San Bernardino,071,2135413,290843,289424,9028,298452,4550
2021-04-16,San Diego,073,3302833,275325,274567,14089,288656,3662
2021-04-16,San Francisco,075,870044,35946,35993,1277,37270,517
2021-04-16,San Joaquin,077,732212,71126,70280,3437,73717,1288
2021-04-16,San Luis Obispo,079,281455,20865,20623,703,21326,253
2021-04-16,San Mateo,081,765935,41559,41107,449,41556,352
2021-04-16,Santa Barbara,083,443738,34380,33703,1201,34904,446
2021-04-16,Santa Clara,085,1922200,116350,116693,698,117391,1941
2021-04-16,Santa Cruz,087,273765,15989,15539,841,16380,204
2021-04-16,Shasta,089,179085,11635,11623,1455,13078,189
2021-04-16,Sierra,091,2930,54,51,14,65,0
2021-04-16,Siskiyou,093,43540,1637,1530,290,1820,10
2021-04-16,Solano,095,438530,31630,31470,458,31928,239
2021-04-16,Sonoma,097,501317,29479,29617,303,29920,311
2021-04-16,Stanislaus,099,539301,54283,53983,5869,59852,728
2021-04-16,Sutter,101,95872,9287,9247,88,9335,109
2021-04-16,Tehama,103,63373,4896,4866,557,5423,52
2021-04-16,Trinity,105,12862,454,326,73,399,3
2021-04-16,Tulare,107,460477,49359,48583,9018,57601,830
2021-04-16,Tuolumne,109,53932,4006,4005,35,4040,58
2021-04-16,Ventura,111,848112,80449,79942,2967,82909,994
2021-04-16,Yolo,113,214977,13575,13559,272,13831,198
2021-04-16,Yuba,115,75493,5824,5795,115,5910,44
2021-04-15,Alameda,001,1643700,85518,85089,1910,86999,1246
2021-04-15,Alpine,003,1148,86,85,0,85,0
2021-04-15,Amador,005,37829,3628,3616,33,3649,46
2021-04-15,Butte,007,227075,11902,11529,1749,13278,196
2021-04-15,Calaveras,009,45235,2043,2039,12,2051,50
2021-04-15,Colusa,011,21464,1908,1909,287,2196,14
2021-04-15,Contra Costa,013,1133247,67219,66480,1201,67681,781
2021-04-15,Del Norte,015,27424,1264,1235,11,1246,6
2021-04-15,El Dorado,017,186661,9738,9639,685,10324,106
2021-04-15,Fresno,019,978130,100886,100431,8621,109052,1642
2021-04-15,Glenn,021,27897,2369,2354,546,2900,17
2021-04-15,Humboldt,023,135768,3616,3561,27,3588,35
2021-04-15,Imperial,025,180216,28031,27920,2761,30681,718
2021-04-15,Inyo,027,18085,1391,1393,19,1412,36
2021-04-15,Kern,029,883053,96023,94989,10698,105687,1289
2021-04-15,Kings,031,150075,22844,22648,1103,23751,242
2021-04-15,Lake,033,64148,3426,3399,9,3408,43
2021-04-15,Lassen,035,31185,5157,5152,107,5259,1
2021-04-15,Los Angeles,037,10098052,1194563,1187274,41633,1228907,23598
2021-04-15,Madera,039,155013,16354,16234,934,17168,231
2021-04-15,Marin,041,260295,13796,13783,245,14028,226
2021-04-15,Mariposa,043,17540,405,395,10,405,5
2021-04-15,Mendocino,045,87422,3792,3714,70,3784,46
2021-04-15,Merced,047,269075,30338,30325,977,31302,437
2021-04-15,Modoc,049,8938,367,355,122,477,3
2021-04-15,Mono,051,14174,1232,1253,14,1267,3
2021-04-15,Monterey,053,433212,42731,42604,1866,44470,347
2021-04-15,Napa,055,140530,9686,9645,31,9676,79
2021-04-15,Nevada,057,99092,4507,4434,189,4623,70
2021-04-15,Orange,059,3164182,253366,251679,11178,262857,4857
2021-04-15,Placer,061,380077,22270,21614,1392,23006,281
2021-04-15,Plumas,063,18699,676,665,11,676,4
2021-04-15,Riverside,065,2383286,289590,285698,13982,299680,4363
2021-04-15,Sacramento,067,1510023,101700,100782,1580,102362,1570
2021-04-15,San Benito,069,59416,5974,5969,114,6083,63
2021-04-15,San Bernardino,071,2135413,290754,289288,9021,298309,4544
2021-04-15,San Diego,073,3302833,275079,274250,14030,288280,3653
2021-04-15,San Francisco,075,870044,35927,35947,1275,37222,510
2021-04-15,San Joaquin,077,732212,71045,70189,3429,73618,1288
2021-04-15,San Luis Obispo,079,281455,20849,20591,700,21291,253
2021-04-15,San Mateo,081,765935,41520,41050,448,41498,352
2021-04-15,Santa Barbara,083,443738,34362,33672,1197,34869,446
2021-04-15,Santa Clara,085,1922200,116244,116602,694,117296,1927
2021-04-15,Santa Cruz,087,273765,15979,15509,841,16350,203
2021-04-15,Shasta,089,179085,11621,11597,1451,13048,191
2021-04-15,Sierra,091,2930,54,51,14,65,0
2021-04-15,Siskiyou,093,43540,1631,1524,290,1814,10
2021-04-15,Solano,095,438530,31592,31394,457,31851,239
2021-04-15,Sonoma,097,501317,29465,29587,303,29890,311
2021-04-15,Stanislaus,099,539301,54229,53918,5861,59779,728
2021-04-15,Sutter,101,95872,9280,9237,88,9325,109
2021-04-15,Tehama,103,63373,4894,4854,556,5410,52
2021-04-15,Trinity,105,12862,454,326,73,399,3
2021-04-15,Tulare,107,460477,49338,48556,9018,57574,829
2021-04-15,Tuolumne,109,53932,4006,4003,35,4038,57
2021-04-15,Ventura,111,848112,80430,79917,2965,82882,989
2021-04-15,Yolo,113,214977,13556,13547,270,13817,198
2021-04-15,Yuba,115,75493,5821,5788,115,5903,44
2021-04-14,Alameda,001,1643700,85420,85009,1909,86918,1247
2021-04-14,Alpine,003,1148,86,85,0,85,0
2021-04-14,Amador,005,37829,3627,3613,33,3646,46
2021-04-14,Butte,007,227075,11889,11513,1748,13261,196
2021-04-14,Calaveras,009,45235,2043,2037,12,2049,50
2021-04-14,Colusa,011,21464,1908,1905,287,2192,14
2021-04-14,Contra Costa,013,1133247,67133,66400,1195,67595,781
2021-04-14,Del Norte,015,27424,1264,1228,11,1239,6
2021-04-14,El Dorado,017,186661,9723,9625,680,10305,106
2021-04-14,Fresno,019,978130,100829,100376,8608,108984,1640
2021-04-14,Glenn,021,27897,2369,2353,546,2899,17
2021-04-14,Humboldt,023,135768,3595,3551,26,3577,35
2021-04-14,Imperial,025,180216,28009,27907,2759,30666,718
2021-04-14,Inyo,027,18085,1391,1392,19,1411,36
2021-04-14,Kern,029,883053,95998,94947,10691,105638,1287
2021-04-14,Kings,031,150075,22835,22641,1101,23742,243
2021-04-14,Lake,033,64148,3421,3396,9,3405,43
2021-04-14,Lassen,035,31185,5156,5151,107,5258,1
2021-04-14,Los Angeles,037,10098052,1194167,1186821,41585,1228406,23579
2021-04-14,Madera,039,155013,16345,16218,934,17152,231
2021-04-14,Marin,041,260295,13794,13768,244,14012,226
2021-04-14,Mariposa,043,17540,404,394,10,404,5
2021-04-14,Mendocino,045,87422,3787,3711,70,3781,46
2021-04-14,Merced,047,269075,30320,30296,977,31273,436
2021-04-14,Modoc,049,8938,367,355,122,477,3
2021-04-14,Mono,051,14174,1232,1252,14,1266,3
2021-04-14,Monterey,053,433212,42715,42595,1862,44457,347
2021-04-14,Napa,055,140530,9675,9643,31,9674,79
2021-04-14,Nevada,057,99092,4500,4421,189,4610,70
2021-04-14,Orange,059,3164182,253260,251568,11158,262726,4849
2021-04-14,Placer,061,380077,22237,21575,1391,22966,280
2021-04-14,Plumas,063,18699,676,665,11,676,4
2021-04-14,Riverside,065,2383286,289482,285583,13976,299559,4358
2021-04-14,Sacramento,067,1510023,101525,100645,1566,102211,1570
2021-04-14,San Benito,069,59416,5972,5960,114,6074,62
2021-04-14,San Bernardino,071,2135413,290687,289078,9018,298096,4523
2021-04-14,San Diego,073,3302833,274868,273969,14001,287970,3648
2021-04-14,San Francisco,075,870044,35889,35898,1274,37172,510
2021-04-14,San Joaquin,077,732212,70975,70095,3423,73518,1288
2021-04-14,San Luis Obispo,079,281455,20826,20561,690,21251,253
2021-04-14,San Mateo,081,765935,41480,40982,445,41427,352
2021-04-14,Santa Barbara,083,443738,34333,33650,1197,34847,445
2021-04-14,Santa Clara,085,1922200,116126,116488,691,117179,1922
2021-04-14,Santa Cruz,087,273765,15969,15481,841,16322,203
2021-04-14,Shasta,089,179085,11595,11581,1449,13030,190
2021-04-14,Sierra,091,2930,54,51,14,65,0
2021-04-14,Siskiyou,093,43540,1623,1518,289,1807,10
2021-04-14,Solano,095,438530,31539,31357,450,31807,239
2021-04-14,Sonoma,097,501317,29457,29572,301,29873,311
2021-04-14,Stanislaus,099,539301,54158,53836,5852,59688,727
2021-04-14,Sutter,101,95872,9272,9230,88,9318,106
2021-04-14,Tehama,103,63373,4888,4853,555,5408,52
2021-04-14,Trinity,105,12862,454,326,73,399,3
2021-04-14,Tulare,107,460477,49312,48527,9015,57542,827
2021-04-14,Tuolumne,109,53932,4005,3997,35,4032,57
2021-04-14,Ventura,111,848112,80394,79891,2963,82854,986
2021-04-14,Yolo,113,214977,13540,13530,268,13798,198
2021-04-14,Yuba,115,75493,5819,5778,115,5893,44
2021-04-13,Alameda,001,1643700,85315,84921,1904,86825,1239
2021-04-13,Alpine,003,1148,86,85,0,85,0
2021-04-13,Amador,005,37829,3624,3609,33,3642,46
2021-04-13,Butte,007,227075,11871,11497,1745,13242,196
2021-04-13,Calaveras,009,45235,2041,2035,12,2047,50
2021-04-13,Colusa,011,21464,1906,1905,285,2190,14
2021-04-13,Contra Costa,013,1133247,67043,66304,1195,67499,778
2021-04-13,Del Norte,015,27424,1259,1221,11,1232,6
2021-04-13,El Dorado,017,186661,9697,9609,678,10287,106
2021-04-13,Fresno,019,978130,100748,100357,8602,108959,1636
2021-04-13,Glenn,021,27897,2368,2351,546,2897,17
2021-04-13,Humboldt,023,135768,3578,3540,26,3566,35
2021-04-13,Imperial,025,180216,27990,27887,2750,30637,718
2021-04-13,Inyo,027,18085,1391,1391,19,1410,36
2021-04-13,Kern,029,883053,95954,94908,10679,105587,1285
2021-04-13,Kings,031,150075,22819,22636,1100,23736,243
2021-04-13,Lake,033,64148,3418,3390,9,3399,43
2021-04-13,Lassen,035,31185,5155,5147,107,5254,1
2021-04-13,Los Angeles,037,10098052,1193716,1186482,41541,1228023,23526
2021-04-13,Madera,039,155013,16335,16207,932,17139,231
2021-04-13,Marin,041,260295,13786,13760,243,14003,224
2021-04-13,Mariposa,043,17540,403,394,7,401,5
2021-04-13,Mendocino,045,87422,3781,3702,70,3772,46
2021-04-13,Merced,047,269075,30289,30276,975,31251,435
2021-04-13,Modoc,049,8938,367,355,122,477,3
2021-04-13,Mono,051,14174,1232,1251,14,1265,3
2021-04-13,Monterey,053,433212,42704,42577,1862,44439,347
2021-04-13,Napa,055,140530,9665,9627,31,9658,79
2021-04-13,Nevada,057,99092,4488,4415,189,4604,69
2021-04-13,Orange,059,3164182,253164,251491,11139,262630,4836
2021-04-13,Placer,061,380077,22200,21534,1388,22922,280
2021-04-13,Plumas,063,18699,675,665,11,676,4
2021-04-13,Riverside,065,2383286,289364,285505,13969,299474,4348
2021-04-13,Sacramento,067,1510023,101350,100551,1561,102112,1569
2021-04-13,San Benito,069,59416,5969,5946,114,6060,62
2021-04-13,San Bernardino,071,2135413,290571,288929,9012,297941,4521
2021-04-13,San Diego,073,3302833,274613,273709,13967,287676,3623
2021-04-13,San Francisco,075,870044,35853,35869,1270,37139,506
2021-04-13,San Joaquin,077,732212,70867,70034,3415,73449,1288
2021-04-13,San Luis Obispo,079,281455,20799,20536,680,21216,253
2021-04-13,San Mateo,081,765935,41435,40955,445,41400,353
2021-04-13,Santa Barbara,083,443738,34311,33613,1194,34807,444
2021-04-13,Santa Clara,085,1922200,115997,116363,689,117052,1923
2021-04-13,Santa Cruz,087,273765,15962,15449,841,16290,203
2021-04-13,Shasta,089,179085,11575,11536,1446,12982,189
2021-04-13,Sierra,091,2930,54,51,14,65,0
2021-04-13,Siskiyou,093,43540,1615,1511,285,1796,10
2021-04-13,Solano,095,438530,31490,31335,446,31781,239
2021-04-13,Sonoma,097,501317,29449,29544,300,29844,311
2021-04-13,Stanislaus,099,539301,54085,53797,5842,59639,722
2021-04-13,Sutter,101,95872,9268,9226,88,9314,106
2021-04-13,Tehama,103,63373,4881,4850,552,5402,52
2021-04-13,Trinity,105,12862,454,326,73,399,3
2021-04-13,Tulare,107,460477,49299,48511,9012,57523,825
2021-04-13,Tuolumne,109,53932,4003,3995,35,4030,57
2021-04-13,Ventura,111,848112,80362,79854,2961,82815,986
2021-04-13,Yolo,113,214977,13528,13516,267,13783,198
2021-04-13,Yuba,115,75493,5810,5776,115,5891,44
2021-04-12,Alameda,001,1643700,85212,84817,1903,86720,1238
2021-04-12,Alpine,003,1148,86,85,0,85,0
2021-04-12,Amador,005,37829,3623,3607,33,3640,46
2021-04-12,Butte,007,227075,11856,11488,1741,13229,193
2021-04-12,Calaveras,009,45235,2041,2033,12,2045,50
2021-04-12,Colusa,011,21464,1904,1904,283,2187,14
2021-04-12,Contra Costa,013,1133247,66962,66176,1195,67371,777
2021-04-12,Del Norte,015,27424,1256,1216,11,1227,6
2021-04-12,El Dorado,017,186661,9680,9588,676,10264,106
2021-04-12,Fresno,019,978130,100687,100277,8578,108855,1633
2021-04-12,Glenn,021,27897,2367,2349,546,2895,17
2021-04-12,Humboldt,023,135768,3564,3533,25,3558,35
2021-04-12,Imperial,025,180216,27960,27851,2745,30596,717
2021-04-12,Inyo,027,18085,1391,1390,19,1409,36
2021-04-12,Kern,029,883053,95918,94861,10667,105528,1283
2021-04-12,Kings,031,150075,22811,22621,1099,23720,241
2021-04-12,Lake,033,64148,3414,3380,9,3389,43
2021-04-12,Lassen,035,31185,5154,5147,107,5254,1
2021-04-12,Los Angeles,037,10098052,1193218,1186145,41501,1227646,23505
2021-04-12,Madera,039,155013,16323,16174,930,17104,231
2021-04-12,Marin,041,260295,13774,13751,240,13991,224
2021-04-12,Mariposa,043,17540,402,394,7,401,5
2021-04-12,Mendocino,045,87422,3780,3699,70,3769,46
2021-04-12,Merced,047,269075,30257,30261,973,31234,435
2021-04-12,Modoc,049,8938,365,352,122,474,3
2021-04-12,Mono,051,14174,1232,1251,14,1265,3
2021-04-12,Monterey,053,433212,42690,42555,1860,44415,346
2021-04-12,Napa,055,140530,9651,9603,31,9634,80
2021-04-12,Nevada,057,99092,4477,4408,189,4597,69
2021-04-12,Orange,059,3164182,253078,251350,11118,262468,4826
2021-04-12,Placer,061,380077,22151,21475,1384,22859,278
2021-04-12,Plumas,063,18699,673,666,11,677,4
2021-04-12,Riverside,065,2383286,289257,285361,13963,299324,4336
2021-04-12,Sacramento,067,1510023,101175,100394,1556,101950,1566
2021-04-12,San Benito,069,59416,5961,5942,113,6055,62
2021-04-12,San Bernardino,071,2135413,290464,288736,9000,297736,4493
2021-04-12,San Diego,073,3302833,274353,273431,13939,287370,3621
2021-04-12,San Francisco,075,870044,35819,35841,1269,37110,506
2021-04-12,San Joaquin,077,732212,70795,69968,3407,73375,1288
2021-04-12,San Luis Obispo,079,281455,20754,20515,667,21182,253
2021-04-12,San Mateo,081,765935,41393,40920,441,41361,353
2021-04-12,Santa Barbara,083,443738,34280,33606,1194,34800,444
2021-04-12,Santa Clara,085,1922200,115869,116252,687,116939,1923
2021-04-12,Santa Cruz,087,273765,15942,15406,841,16247,203
2021-04-12,Shasta,089,179085,11558,11509,1442,12951,189
2021-04-12,Sierra,091,2930,54,51,14,65,0
2021-04-12,Siskiyou,093,43540,1604,1511,283,1794,7
2021-04-12,Solano,095,438530,31448,31305,443,31748,238
2021-04-12,Sonoma,097,501317,29421,29500,300,29800,310
2021-04-12,Stanislaus,099,539301,54019,53722,5835,59557,707
2021-04-12,Sutter,101,95872,9257,9221,88,9309,106
2021-04-12,Tehama,103,63373,4872,4834,548,5382,52
2021-04-12,Trinity,105,12862,454,324,73,397,3
2021-04-12,Tulare,107,460477,49279,48495,9002,57497,824
2021-04-12,Tuolumne,109,53932,3999,3993,35,4028,57
2021-04-12,Ventura,111,848112,80329,79818,2959,82777,985
2021-04-12,Yolo,113,214977,13514,13510,266,13776,198
2021-04-12,Yuba,115,75493,5804,5773,115,5888,43
2021-04-11,Alameda,001,1643700,85075,84756,1898,86654,1238
2021-04-11,Alpine,003,1148,86,85,0,85,0
2021-04-11,Amador,005,37829,3621,3605,33,3638,46
2021-04-11,Butte,007,227075,11821,11487,1738,13225,193
2021-04-11,Calaveras,009,45235,2039,2036,12,2048,50
2021-04-11,Colusa,011,21464,1903,1904,282,2186,14
2021-04-11,Contra Costa,013,1133247,66853,66107,1192,67299,777
2021-04-11,Del Norte,015,27424,1250,1214,11,1225,6
2021-04-11,El Dorado,017,186661,9666,9575,673,10248,106
2021-04-11,Fresno,019,978130,100619,100230,8566,108796,1633
2021-04-11,Glenn,021,27897,2363,2348,545,2893,17
2021-04-11,Humboldt,023,135768,3554,3523,25,3548,35
2021-04-11,Imperial,025,180216,27936,27841,2743,30584,717
2021-04-11,Inyo,027,18085,1391,1390,19,1409,36
2021-04-11,Kern,029,883053,95858,94830,10659,105489,1283
2021-04-11,Kings,031,150075,22802,22618,1096,23714,241
2021-04-11,Lake,033,64148,3410,3377,9,3386,43
2021-04-11,Lassen,035,31185,5150,5147,107,5254,1
2021-04-11,Los Angeles,037,10098052,1192706,1185757,41458,1227215,23503
2021-04-11,Madera,039,155013,16304,16166,929,17095,231
2021-04-11,Marin,041,260295,13767,13741,238,13979,226
2021-04-11,Mariposa,043,17540,402,394,7,401,5
2021-04-11,Mendocino,045,87422,3778,3696,70,3766,46
2021-04-11,Merced,047,269075,30219,30249,972,31221,435
2021-04-11,Modoc,049,8938,364,352,120,472,3
2021-04-11,Mono,051,14174,1231,1250,14,1264,3
2021-04-11,Monterey,053,433212,42683,42547,1853,44400,346
2021-04-11,Napa,055,140530,9640,9592,31,9623,80
2021-04-11,Nevada,057,99092,4463,4394,189,4583,69
2021-04-11,Orange,059,3164182,252952,251233,11106,262339,4826
2021-04-11,Placer,061,380077,22093,21458,1380,22838,278
2021-04-11,Plumas,063,18699,673,666,11,677,4
2021-04-11,Riverside,065,2383286,289127,285269,13953,299222,4336
2021-04-11,Sacramento,067,1510023,101005,100296,1544,101840,1566
2021-04-11,San Benito,069,59416,5953,5941,112,6053,62
2021-04-11,San Bernardino,071,2135413,290355,288686,8994,297680,4492
2021-04-11,San Diego,073,3302833,274056,273287,13880,287167,3621
2021-04-11,San Francisco,075,870044,35783,35815,1266,37081,498
2021-04-11,San Joaquin,077,732212,70708,69939,3396,73335,1288
2021-04-11,San Luis Obispo,079,281455,20728,20501,664,21165,253
2021-04-11,San Mateo,081,765935,41335,40901,440,41341,353
2021-04-11,Santa Barbara,083,443738,34244,33591,1193,34784,444
2021-04-11,Santa Clara,085,1922200,115733,116161,684,116845,1923
2021-04-11,Santa Cruz,087,273765,15930,15382,841,16223,203
2021-04-11,Shasta,089,179085,11514,11504,1441,12945,189
2021-04-11,Sierra,091,2930,54,51,14,65,0
2021-04-11,Siskiyou,093,43540,1597,1509,280,1789,7
2021-04-11,Solano,095,438530,31396,31268,439,31707,238
2021-04-11,Sonoma,097,501317,29395,29496,296,29792,310
2021-04-11,Stanislaus,099,539301,53936,53683,5826,59509,707
2021-04-11,Sutter,101,95872,9248,9222,88,9310,106
2021-04-11,Tehama,103,63373,4869,4832,546,5378,52
2021-04-11,Trinity,105,12862,454,324,73,397,3
2021-04-11,Tulare,107,460477,49265,48479,8995,57474,824
2021-04-11,Tuolumne,109,53932,3997,3993,35,4028,57
2021-04-11,Ventura,111,848112,80281,79800,2953,82753,985
2021-04-11,Yolo,113,214977,13493,13496,264,13760,198
2021-04-11,Yuba,115,75493,5794,5768,115,5883,43
2021-04-10,Alameda,001,1643700,85010,84626,1898,86524,1238
2021-04-10,Alpine,003,1148,86,85,0,85,0
2021-04-10,Amador,005,37829,3619,3603,33,3636,46
2021-04-10,Butte,007,227075,11810,11482,1737,13219,193
2021-04-10,Calaveras,009,45235,2037,2032,12,2044,50
2021-04-10,Colusa,011,21464,1903,1902,282,2184,14
2021-04-10,Contra Costa,013,1133247,66792,66001,1189,67190,778
2021-04-10,Del Norte,015,27424,1247,1212,11,1223,6
2021-04-10,El Dorado,017,186661,9654,9549,670,10219,106
2021-04-10,Fresno,019,978130,100586,100135,8559,108694,1633
2021-04-10,Glenn,021,27897,2363,2343,545,2888,17
2021-04-10,Humboldt,023,135768,3544,3508,25,3533,35
2021-04-10,Imperial,025,180216,27922,27816,2743,30559,717
2021-04-10,Inyo,027,18085,1391,1387,19,1406,36
2021-04-10,Kern,029,883053,95844,94802,10653,105455,1284
2021-04-10,Kings,031,150075,22798,22614,1094,23708,241
2021-04-10,Lake,033,64148,3405,3368,9,3377,43
2021-04-10,Lassen,035,31185,5150,5146,106,5252,1
2021-04-10,Los Angeles,037,10098052,1192434,1185246,41440,1226686,23493
2021-04-10,Madera,039,155013,16296,16143,928,17071,231
2021-04-10,Marin,041,260295,13762,13731,238,13969,226
2021-04-10,Mariposa,043,17540,399,393,7,400,5
2021-04-10,Mendocino,045,87422,3776,3696,70,3766,46
2021-04-10,Merced,047,269075,30199,30225,971,31196,435
2021-04-10,Modoc,049,8938,364,352,120,472,3
2021-04-10,Mono,051,14174,1231,1249,14,1263,3
2021-04-10,Monterey,053,433212,42672,42527,1852,44379,346
2021-04-10,Napa,055,140530,9633,9569,31,9600,79
2021-04-10,Nevada,057,99092,4456,4379,189,4568,69
2021-04-10,Orange,059,3164182,252859,251139,11099,262238,4818
2021-04-10,Placer,061,380077,22062,21402,1374,22776,278
2021-04-10,Plumas,063,18699,673,666,11,677,4
2021-04-10,Riverside,065,2383286,289048,285082,13945,299027,4336
2021-04-10,Sacramento,067,1510023,100902,100048,1542,101590,1566
2021-04-10,San Benito,069,59416,5942,5932,111,6043,62
2021-04-10,San Bernardino,071,2135413,290291,288590,8987,297577,4489
2021-04-10,San Diego,073,3302833,273840,273058,13861,286919,3613
2021-04-10,San Francisco,075,870044,35753,35774,1262,37036,498
2021-04-10,San Joaquin,077,732212,70673,69852,3386,73238,1288
2021-04-10,San Luis Obispo,079,281455,20712,20461,663,21124,253
2021-04-10,San Mateo,081,765935,41302,40878,440,41318,350
2021-04-10,Santa Barbara,083,443738,34216,33541,1191,34732,444
2021-04-10,Santa Clara,085,1922200,115637,116015,683,116698,1923
2021-04-10,Santa Cruz,087,273765,15924,15360,841,16201,203
2021-04-10,Shasta,089,179085,11505,11492,1437,12929,189
2021-04-10,Sierra,091,2930,54,51,14,65,0
2021-04-10,Siskiyou,093,43540,1594,1512,280,1792,7
2021-04-10,Solano,095,438530,31362,31218,435,31653,238
2021-04-10,Sonoma,097,501317,29380,29469,296,29765,310
2021-04-10,Stanislaus,099,539301,53902,53596,5819,59415,707
2021-04-10,Sutter,101,95872,9246,9214,88,9302,106
2021-04-10,Tehama,103,63373,4867,4820,544,5364,52
2021-04-10,Trinity,105,12862,454,324,73,397,3
2021-04-10,Tulare,107,460477,49256,48470,8989,57459,824
2021-04-10,Tuolumne,109,53932,3994,3991,35,4026,57
2021-04-10,Ventura,111,848112,80253,79758,2951,82709,985
2021-04-10,Yolo,113,214977,13485,13494,263,13757,198
2021-04-10,Yuba,115,75493,5791,5757,114,5871,43
2021-04-09,Alameda,001,1643700,84938,84404,1890,86294,1237
2021-04-09,Alpine,003,1148,86,85,0,85,0
2021-04-09,Amador,005,37829,3618,3600,33,3633,46
2021-04-09,Butte,007,227075,11800,11454,1736,13190,193
2021-04-09,Calaveras,009,45235,2036,2028,12,2040,50
2021-04-09,Colusa,011,21464,1903,1898,282,2180,14
2021-04-09,Contra Costa,013,1133247,66699,65857,1183,67040,777
2021-04-09,Del Norte,015,27424,1246,1207,11,1218,6
2021-04-09,El Dorado,017,186661,9631,9528,666,10194,106
2021-04-09,Fresno,019,978130,100552,100027,8554,108581,1630
2021-04-09,Glenn,021,27897,2363,2337,545,2882,17
2021-04-09,Humboldt,023,135768,3534,3496,25,3521,35
2021-04-09,Imperial,025,180216,27907,27764,2741,30505,717
2021-04-09,Inyo,027,18085,1390,1386,19,1405,36
2021-04-09,Kern,029,883053,95806,94675,10651,105326,1282
2021-04-09,Kings,031,150075,22789,22595,1091,23686,242
2021-04-09,Lake,033,64148,3401,3362,9,3371,43
2021-04-09,Lassen,035,31185,5150,5140,106,5246,1
2021-04-09,Los Angeles,037,10098052,1192065,1184501,41410,1225911,23458
2021-04-09,Madera,039,155013,16293,16118,928,17046,231
2021-04-09,Marin,041,260295,13755,13721,238,13959,226
2021-04-09,Mariposa,043,17540,399,393,7,400,5
2021-04-09,Mendocino,045,87422,3774,3693,70,3763,46
2021-04-09,Merced,047,269075,30170,30179,970,31149,435
2021-04-09,Modoc,049,8938,363,352,120,472,3
2021-04-09,Mono,051,14174,1231,1247,14,1261,3
2021-04-09,Monterey,053,433212,42663,42481,1848,44329,344
2021-04-09,Napa,055,140530,9614,9574,31,9605,80
2021-04-09,Nevada,057,99092,4448,4373,189,4562,69
2021-04-09,Orange,059,3164182,252785,250852,11094,261946,4813
2021-04-09,Placer,061,380077,22031,21327,1366,22693,278
2021-04-09,Plumas,063,18699,672,666,11,677,4
2021-04-09,Riverside,065,2383286,288965,284562,13939,298501,4325
2021-04-09,Sacramento,067,1510023,100747,99722,1536,101258,1564
2021-04-09,San Benito,069,59416,5937,5925,110,6035,62
2021-04-09,San Bernardino,071,2135413,290222,288000,8984,296984,4467
2021-04-09,San Diego,073,3302833,273642,272697,13819,286516,3600
2021-04-09,San Francisco,075,870044,35712,35716,1257,36973,497
2021-04-09,San Joaquin,077,732212,70610,69675,3374,73049,1281
2021-04-09,San Luis Obispo,079,281455,20698,20427,663,21090,252
2021-04-09,San Mateo,081,765935,41266,40800,439,41239,350
2021-04-09,Santa Barbara,083,443738,34193,33424,1188,34612,444
2021-04-09,Santa Clara,085,1922200,115553,115749,681,116430,1923
2021-04-09,Santa Cruz,087,273765,15919,15331,841,16172,203
2021-04-09,Shasta,089,179085,11495,11478,1434,12912,188
2021-04-09,Sierra,091,2930,54,51,14,65,0
2021-04-09,Siskiyou,093,43540,1591,1510,279,1789,7
2021-04-09,Solano,095,438530,31329,31166,430,31596,238
2021-04-09,Sonoma,097,501317,29367,29433,296,29729,310
2021-04-09,Stanislaus,099,539301,53847,53504,5810,59314,705
2021-04-09,Sutter,101,95872,9239,9201,88,9289,106
2021-04-09,Tehama,103,63373,4861,4806,544,5350,52
2021-04-09,Trinity,105,12862,453,324,73,397,3
2021-04-09,Tulare,107,460477,49252,48430,8983,57413,824
2021-04-09,Tuolumne,109,53932,3993,3986,35,4021,57
2021-04-09,Ventura,111,848112,80225,79698,2951,82649,987
2021-04-09,Yolo,113,214977,13474,13478,261,13739,198
2021-04-09,Yuba,115,75493,5784,5754,114,5868,43
2021-04-08,Alameda,001,1643700,84835,84213,1887,86100,1232
2021-04-08,Alpine,003,1148,86,85,0,85,0
2021-04-08,Amador,005,37829,3614,3595,33,3628,46
2021-04-08,Butte,007,227075,11789,11414,1735,13149,193
2021-04-08,Calaveras,009,45235,2035,2027,12,2039,50
2021-04-08,Colusa,011,21464,1902,1897,282,2179,14
2021-04-08,Contra Costa,013,1133247,66590,65706,1180,66886,775
2021-04-08,Del Norte,015,27424,1240,1201,11,1212,6
2021-04-08,El Dorado,017,186661,9615,9513,660,10173,106
2021-04-08,Fresno,019,978130,100489,99935,8547,108482,1627
2021-04-08,Glenn,021,27897,2361,2337,545,2882,17
2021-04-08,Humboldt,023,135768,3524,3486,25,3511,35
2021-04-08,Imperial,025,180216,27880,27744,2738,30482,713
2021-04-08,Inyo,027,18085,1389,1386,19,1405,36
2021-04-08,Kern,029,883053,95760,94493,10638,105131,1281
2021-04-08,Kings,031,150075,22783,22589,1088,23677,243
2021-04-08,Lake,033,64148,3394,3360,9,3369,43
2021-04-08,Lassen,035,31185,5149,5136,106,5242,1
2021-04-08,Los Angeles,037,10098052,1191566,1184443,41371,1225814,23416
2021-04-08,Madera,039,155013,16281,16103,928,17031,231
2021-04-08,Marin,041,260295,13748,13704,238,13942,226
2021-04-08,Mariposa,043,17540,398,393,7,400,5
2021-04-08,Mendocino,045,87422,3772,3690,70,3760,45
2021-04-08,Merced,047,269075,30148,30163,970,31133,430
2021-04-08,Modoc,049,8938,363,352,120,472,3
2021-04-08,Mono,051,14174,1229,1247,14,1261,3
2021-04-08,Monterey,053,433212,42642,42437,1842,44279,342
2021-04-08,Napa,055,140530,9597,9569,31,9600,80
2021-04-08,Nevada,057,99092,4437,4367,189,4556,69
2021-04-08,Orange,059,3164182,252674,250529,11079,261608,4797
2021-04-08,Placer,061,380077,21990,21258,1357,22615,277
2021-04-08,Plumas,063,18699,672,665,11,676,4
2021-04-08,Riverside,065,2383286,288854,283853,13934,297787,4296
2021-04-08,Sacramento,067,1510023,100607,99319,1525,100844,1561
2021-04-08,San Benito,069,59416,5934,5914,108,6022,62
2021-04-08,San Bernardino,071,2135413,290124,287190,8981,296171,4445
2021-04-08,San Diego,073,3302833,273412,272495,13783,286278,3592
2021-04-08,San Francisco,075,870044,35689,35657,1256,36913,494
2021-04-08,San Joaquin,077,732212,70538,69479,3368,72847,1279
2021-04-08,San Luis Obispo,079,281455,20678,20402,661,21063,252
2021-04-08,San Mateo,081,765935,41226,40749,439,41188,350
2021-04-08,Santa Barbara,083,443738,34169,33309,1187,34496,444
2021-04-08,Santa Clara,085,1922200,115447,115487,680,116167,1905
2021-04-08,Santa Cruz,087,273765,15913,15296,841,16137,203
2021-04-08,Shasta,089,179085,11485,11466,1430,12896,186
2021-04-08,Sierra,091,2930,54,51,14,65,0
2021-04-08,Siskiyou,093,43540,1588,1511,279,1790,7
2021-04-08,Solano,095,438530,31280,31120,430,31550,238
2021-04-08,Sonoma,097,501317,29347,29410,295,29705,310
2021-04-08,Stanislaus,099,539301,53769,53401,5800,59201,706
2021-04-08,Sutter,101,95872,9235,9195,88,9283,106
2021-04-08,Tehama,103,63373,4857,4802,544,5346,52
2021-04-08,Trinity,105,12862,453,324,73,397,3
2021-04-08,Tulare,107,460477,49239,48409,8972,57381,821
2021-04-08,Tuolumne,109,53932,3993,3986,35,4021,57
2021-04-08,Ventura,111,848112,80188,79626,2947,82573,986
2021-04-08,Yolo,113,214977,13465,13468,260,13728,198
2021-04-08,Yuba,115,75493,5780,5743,114,5857,43
2021-04-07,Alameda,001,1643700,84751,84130,1884,86014,1224
2021-04-07,Alpine,003,1148,86,85,0,85,0
2021-04-07,Amador,005,37829,3611,3590,33,3623,46
2021-04-07,Butte,007,227075,11785,11405,1732,13137,193
2021-04-07,Calaveras,009,45235,2032,2022,12,2034,50
2021-04-07,Colusa,011,21464,1898,1894,281,2175,14
2021-04-07,Contra Costa,013,1133247,66504,65619,1179,66798,775
2021-04-07,Del Norte,015,27424,1238,1198,11,1209,6
2021-04-07,El Dorado,017,186661,9594,9500,655,10155,106
2021-04-07,Fresno,019,978130,100424,99865,8537,108402,1627
2021-04-07,Glenn,021,27897,2358,2337,544,2881,17
2021-04-07,Humboldt,023,135768,3512,3484,25,3509,35
2021-04-07,Imperial,025,180216,27856,27704,2732,30436,713
2021-04-07,Inyo,027,18085,1388,1386,18,1404,36
2021-04-07,Kern,029,883053,95724,94456,10623,105079,1275
2021-04-07,Kings,031,150075,22781,22589,1088,23677,243
2021-04-07,Lake,033,64148,3392,3358,9,3367,43
2021-04-07,Lassen,035,31185,5149,5137,106,5243,1
2021-04-07,Los Angeles,037,10098052,1191131,1183862,41348,1225210,23372
2021-04-07,Madera,039,155013,16262,16090,927,17017,231
2021-04-07,Marin,041,260295,13737,13688,236,13924,225
2021-04-07,Mariposa,043,17540,397,391,7,398,5
2021-04-07,Mendocino,045,87422,3771,3691,70,3761,45
2021-04-07,Merced,047,269075,30124,30132,966,31098,430
2021-04-07,Modoc,049,8938,363,351,120,471,3
2021-04-07,Mono,051,14174,1229,1246,14,1260,3
2021-04-07,Monterey,053,433212,42624,42427,1841,44268,341
2021-04-07,Napa,055,140530,9583,9556,31,9587,80
2021-04-07,Nevada,057,99092,4431,4364,189,4553,69
2021-04-07,Orange,059,3164182,252551,250378,11055,261433,4778
2021-04-07,Placer,061,380077,21945,21227,1349,22576,276
2021-04-07,Plumas,063,18699,672,665,11,676,4
2021-04-07,Riverside,065,2383286,288744,283749,13924,297673,4285
2021-04-07,Sacramento,067,1510023,100439,99202,1519,100721,1544
2021-04-07,San Benito,069,59416,5929,5912,107,6019,62
2021-04-07,San Bernardino,071,2135413,290007,286978,8976,295954,4433
2021-04-07,San Diego,073,3302833,273187,272195,13754,285949,3588
2021-04-07,San Francisco,075,870044,35649,35618,1252,36870,493
2021-04-07,San Joaquin,077,732212,70469,69375,3363,72738,1278
2021-04-07,San Luis Obispo,079,281455,20652,20373,658,21031,252
2021-04-07,San Mateo,081,765935,41182,40693,439,41132,350
2021-04-07,Santa Barbara,083,443738,34144,33289,1184,34473,444
2021-04-07,Santa Clara,085,1922200,115316,115311,678,115989,1900
2021-04-07,Santa Cruz,087,273765,15903,15275,840,16115,203
2021-04-07,Shasta,089,179085,11473,11456,1425,12881,184
2021-04-07,Sierra,091,2930,54,51,14,65,0
2021-04-07,Siskiyou,093,43540,1582,1512,278,1790,7
2021-04-07,Solano,095,438530,31229,31097,429,31526,238
2021-04-07,Sonoma,097,501317,29329,29394,294,29688,310
2021-04-07,Stanislaus,099,539301,53701,53344,5790,59134,686
2021-04-07,Sutter,101,95872,9232,9188,88,9276,106
2021-04-07,Tehama,103,63373,4849,4802,542,5344,52
2021-04-07,Trinity,105,12862,453,322,73,395,3
2021-04-07,Tulare,107,460477,49226,48386,8960,57346,820
2021-04-07,Tuolumne,109,53932,3991,3982,35,4017,57
2021-04-07,Ventura,111,848112,80154,79595,2945,82540,986
2021-04-07,Yolo,113,214977,13450,13450,258,13708,198
2021-04-07,Yuba,115,75493,5776,5737,114,5851,43
2021-04-06,Alameda,001,1643700,84638,84091,1880,85971,1223
2021-04-06,Alpine,003,1148,86,85,0,85,0
2021-04-06,Amador,005,37829,3610,3587,33,3620,45
2021-04-06,Butte,007,227075,11770,11396,1730,13126,193
2021-04-06,Calaveras,009,45235,2029,2021,12,2033,50
2021-04-06,Colusa,011,21464,1896,1894,279,2173,14
2021-04-06,Contra Costa,013,1133247,66427,65575,1178,66753,774
2021-04-06,Del Norte,015,27424,1233,1197,11,1208,6
2021-04-06,El Dorado,017,186661,9564,9489,653,10142,106
2021-04-06,Fresno,019,978130,100360,99814,8531,108345,1626
2021-04-06,Glenn,021,27897,2357,2335,544,2879,17
2021-04-06,Humboldt,023,135768,3503,3477,25,3502,35
2021-04-06,Imperial,025,180216,27822,27661,2722,30383,713
2021-04-06,Inyo,027,18085,1388,1379,18,1397,36
2021-04-06,Kern,029,883053,95680,94422,10617,105039,1259
2021-04-06,Kings,031,150075,22775,22587,1088,23675,240
2021-04-06,Lake,033,64148,3389,3358,9,3367,43
2021-04-06,Lassen,035,31185,5147,5137,106,5243,1
2021-04-06,Los Angeles,037,10098052,1190624,1183499,41304,1224803,23323
2021-04-06,Madera,039,155013,16242,16085,922,17007,230
2021-04-06,Marin,041,260295,13728,13675,233,13908,224
2021-04-06,Mariposa,043,17540,397,390,7,397,5
2021-04-06,Mendocino,045,87422,3769,3686,70,3756,45
2021-04-06,Merced,047,269075,30095,30100,961,31061,430
2021-04-06,Modoc,049,8938,362,351,120,471,3
2021-04-06,Mono,051,14174,1229,1246,14,1260,3
2021-04-06,Monterey,053,433212,42615,42412,1840,44252,341
2021-04-06,Napa,055,140530,9564,9509,31,9540,78
2021-04-06,Nevada,057,99092,4421,4356,187,4543,69
2021-04-06,Orange,059,3164182,252443,250304,11041,261345,4771
2021-04-06,Placer,061,380077,21898,21184,1346,22530,276
2021-04-06,Plumas,063,18699,672,665,11,676,4
2021-04-06,Riverside,065,2383286,288566,283622,13914,297536,4264
2021-04-06,Sacramento,067,1510023,100230,99110,1511,100621,1537
2021-04-06,San Benito,069,59416,5920,5907,107,6014,62
2021-04-06,San Bernardino,071,2135413,289895,286792,8966,295758,4428
2021-04-06,San Diego,073,3302833,272925,271867,13726,285593,3585
2021-04-06,San Francisco,075,870044,35606,35572,1252,36824,488
2021-04-06,San Joaquin,077,732212,70386,69316,3351,72667,1278
2021-04-06,San Luis Obispo,079,281455,20630,20350,655,21005,252
2021-04-06,San Mateo,081,765935,41134,40649,438,41087,350
2021-04-06,Santa Barbara,083,443738,34126,33257,1183,34440,443
2021-04-06,Santa Clara,085,1922200,115145,115184,677,115861,1900
2021-04-06,Santa Cruz,087,273765,15893,15252,840,16092,203
2021-04-06,Shasta,089,179085,11452,11443,1423,12866,184
2021-04-06,Sierra,091,2930,54,51,14,65,0
2021-04-06,Siskiyou,093,43540,1578,1510,277,1787,7
2021-04-06,Solano,095,438530,31182,31078,428,31506,237
2021-04-06,Sonoma,097,501317,29304,29386,292,29678,311
2021-04-06,Stanislaus,099,539301,53644,53304,5784,59088,686
2021-04-06,Sutter,101,95872,9222,9179,88,9267,106
2021-04-06,Tehama,103,63373,4840,4798,542,5340,52
2021-04-06,Trinity,105,12862,453,321,73,394,3
2021-04-06,Tulare,107,460477,49183,48372,8956,57328,819
2021-04-06,Tuolumne,109,53932,3991,3981,35,4016,57
2021-04-06,Ventura,111,848112,80117,79556,2943,82499,983
2021-04-06,Yolo,113,214977,13437,13443,257,13700,198
2021-04-06,Yuba,115,75493,5772,5733,113,5846,43
2021-04-05,Alameda,001,1643700,84520,84007,1875,85882,1219
2021-04-05,Alpine,003,1148,86,85,0,85,0
2021-04-05,Amador,005,37829,3607,3584,33,3617,45
2021-04-05,Butte,007,227075,11755,11384,1728,13112,193
2021-04-05,Calaveras,009,45235,2027,2019,12,2031,50
2021-04-05,Colusa,011,21464,1896,1894,278,2172,14
2021-04-05,Contra Costa,013,1133247,66361,65457,1176,66633,774
2021-04-05,Del Norte,015,27424,1231,1189,11,1200,6
2021-04-05,El Dorado,017,186661,9549,9463,653,10116,106
2021-04-05,Fresno,019,978130,100272,99755,8523,108278,1622
2021-04-05,Glenn,021,27897,2356,2335,544,2879,17
2021-04-05,Humboldt,023,135768,3494,3475,25,3500,35
2021-04-05,Imperial,025,180216,27790,27604,2717,30321,710
2021-04-05,Inyo,027,18085,1385,1377,18,1395,36
2021-04-05,Kern,029,883053,95625,94401,10592,104993,1249
2021-04-05,Kings,031,150075,22771,22580,1088,23668,239
2021-04-05,Lake,033,64148,3381,3359,9,3368,43
2021-04-05,Lassen,035,31185,5147,5138,105,5243,1
2021-04-05,Los Angeles,037,10098052,1190090,1183200,41253,1224453,23302
2021-04-05,Madera,039,155013,16228,16065,921,16986,230
2021-04-05,Marin,041,260295,13714,13666,229,13895,221
2021-04-05,Mariposa,043,17540,397,390,7,397,5
2021-04-05,Mendocino,045,87422,3767,3687,70,3757,45
2021-04-05,Merced,047,269075,30068,30068,960,31028,427
2021-04-05,Modoc,049,8938,360,346,120,466,3
2021-04-05,Mono,051,14174,1229,1246,14,1260,3
2021-04-05,Monterey,053,433212,42602,42396,1836,44232,341
2021-04-05,Napa,055,140530,9541,9492,31,9523,78
2021-04-05,Nevada,057,99092,4410,4346,187,4533,69
2021-04-05,Orange,059,3164182,252329,250177,11017,261194,4759
2021-04-05,Placer,061,380077,21852,21133,1338,22471,276
2021-04-05,Plumas,063,18699,672,666,11,677,4
2021-04-05,Riverside,065,2383286,288434,283549,13902,297451,4237
2021-04-05,Sacramento,067,1510023,100068,98908,1503,100411,1533
2021-04-05,San Benito,069,59416,5914,5904,107,6011,61
2021-04-05,San Bernardino,071,2135413,289784,286597,8963,295560,4425
2021-04-05,San Diego,073,3302833,272676,271655,13685,285340,3583
2021-04-05,San Francisco,075,870044,35575,35538,1252,36790,488
2021-04-05,San Joaquin,077,732212,70297,69214,3342,72556,1268
2021-04-05,San Luis Obispo,079,281455,20593,20333,655,20988,252
2021-04-05,San Mateo,081,765935,41091,40609,437,41046,350
2021-04-05,Santa Barbara,083,443738,34093,33235,1183,34418,443
2021-04-05,Santa Clara,085,1922200,114978,115091,674,115765,1893
2021-04-05,Santa Cruz,087,273765,15886,15228,840,16068,201
2021-04-05,Shasta,089,179085,11431,11435,1418,12853,184
2021-04-05,Sierra,091,2930,54,50,14,64,0
2021-04-05,Siskiyou,093,43540,1575,1509,275,1784,7
2021-04-05,Solano,095,438530,31142,31026,426,31452,237
2021-04-05,Sonoma,097,501317,29272,29361,290,29651,311
2021-04-05,Stanislaus,099,539301,53564,53238,5781,59019,686
2021-04-05,Sutter,101,95872,9215,9169,88,9257,106
2021-04-05,Tehama,103,63373,4834,4794,542,5336,52
2021-04-05,Trinity,105,12862,452,321,73,394,3
2021-04-05,Tulare,107,460477,49171,48356,8949,57305,818
2021-04-05,Tuolumne,109,53932,3990,3980,35,4015,57
2021-04-05,Ventura,111,848112,80086,79549,2940,82489,983
2021-04-05,Yolo,113,214977,13423,13427,256,13683,198
2021-04-05,Yuba,115,75493,5767,5728,112,5840,43
2021-04-04,Alameda,001,1643700,84401,83951,1871,85822,1219
2021-04-04,Alpine,003,1148,86,85,0,85,0
2021-04-04,Amador,005,37829,3601,3582,33,3615,45
2021-04-04,Butte,007,227075,11740,11375,1727,13102,193
2021-04-04,Calaveras,009,45235,2023,2020,12,2032,50
2021-04-04,Colusa,011,21464,1895,1893,278,2171,14
2021-04-04,Contra Costa,013,1133247,66255,65408,1171,66579,774
2021-04-04,Del Norte,015,27424,1223,1186,11,1197,6
2021-04-04,El Dorado,017,186661,9530,9455,649,10104,106
2021-04-04,Fresno,019,978130,100198,99702,8510,108212,1622
2021-04-04,Glenn,021,27897,2353,2335,543,2878,17
2021-04-04,Humboldt,023,135768,3483,3472,25,3497,35
2021-04-04,Imperial,025,180216,27734,27588,2715,30303,710
2021-04-04,Inyo,027,18085,1381,1377,18,1395,36
2021-04-04,Kern,029,883053,95581,94388,10570,104958,1247
2021-04-04,Kings,031,150075,22769,22580,1087,23667,239
2021-04-04,Lake,033,64148,3375,3355,8,3363,43
2021-04-04,Lassen,035,31185,5146,5138,105,5243,1
2021-04-04,Los Angeles,037,10098052,1189549,1182872,41207,1224079,23301
2021-04-04,Madera,039,155013,16202,16052,917,16969,230
2021-04-04,Marin,041,260295,13701,13663,228,13891,221
2021-04-04,Mariposa,043,17540,397,390,7,397,5
2021-04-04,Mendocino,045,87422,3764,3684,70,3754,45
2021-04-04,Merced,047,269075,30025,30048,957,31005,427
2021-04-04,Modoc,049,8938,360,346,120,466,3
2021-04-04,Mono,051,14174,1228,1245,14,1259,3
2021-04-04,Monterey,053,433212,42585,42391,1835,44226,341
2021-04-04,Napa,055,140530,9529,9486,31,9517,78
2021-04-04,Nevada,057,99092,4398,4337,186,4523,69
2021-04-04,Orange,059,3164182,252193,250117,11001,261118,4759
2021-04-04,Placer,061,380077,21808,21104,1319,22423,276
2021-04-04,Plumas,063,18699,672,666,11,677,4
2021-04-04,Riverside,065,2383286,288310,283537,13898,297435,4237
2021-04-04,Sacramento,067,1510023,99869,98821,1494,100315,1531
2021-04-04,San Benito,069,59416,5904,5901,103,6004,61
2021-04-04,San Bernardino,071,2135413,289643,286561,8955,295516,4423
2021-04-04,San Diego,073,3302833,272365,271528,13643,285171,3583
2021-04-04,San Francisco,075,870044,35521,35525,1249,36774,488
2021-04-04,San Joaquin,077,732212,70196,69147,3330,72477,1268
2021-04-04,San Luis Obispo,079,281455,20561,20328,647,20975,252
2021-04-04,San Mateo,081,765935,41048,40587,434,41021,350
2021-04-04,Santa Barbara,083,443738,34057,33213,1183,34396,443
2021-04-04,Santa Clara,085,1922200,114812,114976,667,115643,1893
2021-04-04,Santa Cruz,087,273765,15877,15219,840,16059,201
2021-04-04,Shasta,089,179085,11405,11433,1417,12850,184
2021-04-04,Sierra,091,2930,54,50,14,64,0
2021-04-04,Siskiyou,093,43540,1572,1509,271,1780,7
2021-04-04,Solano,095,438530,31095,31002,424,31426,237
2021-04-04,Sonoma,097,501317,29240,29340,288,29628,311
2021-04-04,Stanislaus,099,539301,53471,53181,5773,58954,686
2021-04-04,Sutter,101,95872,9208,9164,88,9252,106
2021-04-04,Tehama,103,63373,4822,4792,541,5333,52
2021-04-04,Trinity,105,12862,450,321,73,394,3
2021-04-04,Tulare,107,460477,49156,48343,8941,57284,818
2021-04-04,Tuolumne,109,53932,3982,3980,35,4015,57
2021-04-04,Ventura,111,848112,80043,79526,2938,82464,983
2021-04-04,Yolo,113,214977,13402,13425,255,13680,198
2021-04-04,Yuba,115,75493,5760,5722,112,5834,43
2021-04-03,Alameda,001,1643700,84333,83861,1869,85730,1218
2021-04-03,Alpine,003,1148,86,85,0,85,0
2021-04-03,Amador,005,37829,3598,3577,33,3610,45
2021-04-03,Butte,007,227075,11736,11359,1723,13082,193
2021-04-03,Calaveras,009,45235,2020,2019,12,2031,50
2021-04-03,Colusa,011,21464,1895,1891,278,2169,14
2021-04-03,Contra Costa,013,1133247,66183,65338,1171,66509,774
2021-04-03,Del Norte,015,27424,1218,1183,11,1194,6
2021-04-03,El Dorado,017,186661,9521,9448,648,10096,106
2021-04-03,Fresno,019,978130,100141,99602,8505,108107,1622
2021-04-03,Glenn,021,27897,2353,2334,542,2876,17
2021-04-03,Humboldt,023,135768,3481,3467,25,3492,35
2021-04-03,Imperial,025,180216,27718,27572,2712,30284,710
2021-04-03,Inyo,027,18085,1380,1376,18,1394,36
2021-04-03,Kern,029,883053,95555,94369,10552,104921,1243
2021-04-03,Kings,031,150075,22767,22580,1087,23667,239
2021-04-03,Lake,033,64148,3374,3350,8,3358,43
2021-04-03,Lassen,035,31185,5145,5136,105,5241,1
2021-04-03,Los Angeles,037,10098052,1189250,1182402,41188,1223590,23301
2021-04-03,Madera,039,155013,16193,16051,915,16966,230
2021-04-03,Marin,041,260295,13693,13658,227,13885,221
2021-04-03,Mariposa,043,17540,397,390,6,396,5
2021-04-03,Mendocino,045,87422,3763,3684,70,3754,45
2021-04-03,Merced,047,269075,30010,30031,957,30988,427
2021-04-03,Modoc,049,8938,360,346,120,466,3
2021-04-03,Mono,051,14174,1228,1245,14,1259,3
2021-04-03,Monterey,053,433212,42572,42376,1833,44209,341
2021-04-03,Napa,055,140530,9520,9473,31,9504,78
2021-04-03,Nevada,057,99092,4394,4323,186,4509,69
2021-04-03,Orange,059,3164182,252113,249982,10983,260965,4755
2021-04-03,Placer,061,380077,21777,21060,1315,22375,276
2021-04-03,Plumas,063,18699,672,666,11,677,4
2021-04-03,Riverside,065,2383286,288233,283423,13895,297318,4237
2021-04-03,Sacramento,067,1510023,99761,98660,1488,100148,1531
2021-04-03,San Benito,069,59416,5901,5893,102,5995,61
2021-04-03,San Bernardino,071,2135413,289578,286473,8949,295422,4422
2021-04-03,San Diego,073,3302833,272196,271335,13626,284961,3571
2021-04-03,San Francisco,075,870044,35503,35488,1247,36735,489
2021-04-03,San Joaquin,077,732212,70155,69100,3314,72414,1268
2021-04-03,San Luis Obispo,079,281455,20542,20301,647,20948,252
2021-04-03,San Mateo,081,765935,41023,40560,434,40994,350
2021-04-03,Santa Barbara,083,443738,34031,33172,1182,34354,443
2021-04-03,Santa Clara,085,1922200,114703,114865,665,115530,1893
2021-04-03,Santa Cruz,087,273765,15870,15205,840,16045,201
2021-04-03,Shasta,089,179085,11397,11418,1417,12835,184
2021-04-03,Sierra,091,2930,54,50,14,64,0
2021-04-03,Siskiyou,093,43540,1571,1509,271,1780,7
2021-04-03,Solano,095,438530,31074,30970,421,31391,237
2021-04-03,Sonoma,097,501317,29224,29315,287,29602,311
2021-04-03,Stanislaus,099,539301,53436,53137,5767,58904,686
2021-04-03,Sutter,101,95872,9202,9158,88,9246,106
2021-04-03,Tehama,103,63373,4815,4788,541,5329,52
2021-04-03,Trinity,105,12862,450,321,73,394,3
2021-04-03,Tulare,107,460477,49146,48327,8937,57264,818
2021-04-03,Tuolumne,109,53932,3982,3980,35,4015,57
2021-04-03,Ventura,111,848112,80022,79489,2936,82425,983
2021-04-03,Yolo,113,214977,13396,13414,255,13669,198
2021-04-03,Yuba,115,75493,5754,5716,112,5828,43
2021-04-02,Alameda,001,1643700,84260,83776,1865,85641,1217
2021-04-02,Alpine,003,1148,86,85,0,85,0
2021-04-02,Amador,005,37829,3594,3573,32,3605,45
2021-04-02,Butte,007,227075,11728,11350,1723,13073,193
2021-04-02,Calaveras,009,45235,2016,2010,12,2022,50
2021-04-02,Colusa,011,21464,1895,1891,278,2169,14
2021-04-02,Contra Costa,013,1133247,66119,65299,1170,66469,774
2021-04-02,Del Norte,015,27424,1215,1174,11,1185,6
2021-04-02,El Dorado,017,186661,9508,9437,645,10082,106
2021-04-02,Fresno,019,978130,100087,99551,8494,108045,1620
2021-04-02,Glenn,021,27897,2353,2331,542,2873,17
2021-04-02,Humboldt,023,135768,3477,3465,25,3490,35
2021-04-02,Imperial,025,180216,27705,27553,2706,30259,710
2021-04-02,Inyo,027,18085,1380,1377,18,1395,36
2021-04-02,Kern,029,883053,95537,94348,10549,104897,1233
2021-04-02,Kings,031,150075,22767,22571,1084,23655,239
2021-04-02,Lake,033,64148,3372,3348,8,3356,43
2021-04-02,Lassen,035,31185,5145,5134,105,5239,1
2021-04-02,Los Angeles,037,10098052,1188941,1181682,41165,1222847,23264
2021-04-02,Madera,039,155013,16184,16036,914,16950,230
2021-04-02,Marin,041,260295,13685,13649,227,13876,221
2021-04-02,Mariposa,043,17540,395,390,6,396,5
2021-04-02,Mendocino,045,87422,3760,3682,70,3752,45
2021-04-02,Merced,047,269075,29986,29998,957,30955,426
2021-04-02,Modoc,049,8938,357,346,120,466,3
2021-04-02,Mono,051,14174,1228,1246,14,1260,3
2021-04-02,Monterey,053,433212,42562,42359,1830,44189,341
2021-04-02,Napa,055,140530,9505,9453,31,9484,78
2021-04-02,Nevada,057,99092,4390,4323,186,4509,69
2021-04-02,Orange,059,3164182,252016,249891,10970,260861,4748
2021-04-02,Placer,061,380077,21741,21035,1309,22344,275
2021-04-02,Plumas,063,18699,672,666,11,677,4
2021-04-02,Riverside,065,2383286,288149,283328,13887,297215,4213
2021-04-02,Sacramento,067,1510023,99654,98648,1481,100129,1527
2021-04-02,San Benito,069,59416,5899,5888,100,5988,61
2021-04-02,San Bernardino,071,2135413,289505,286308,8945,295253,4417
2021-04-02,San Diego,073,3302833,272010,271036,13600,284636,3568
2021-04-02,San Francisco,075,870044,35468,35451,1245,36696,488
2021-04-02,San Joaquin,077,732212,70090,68996,3299,72295,1268
2021-04-02,San Luis Obispo,079,281455,20525,20271,646,20917,252
2021-04-02,San Mateo,081,765935,40981,40514,434,40948,350
2021-04-02,Santa Barbara,083,443738,34003,33145,1182,34327,443
2021-04-02,Santa Clara,085,1922200,114592,114777,663,115440,1882
2021-04-02,Santa Cruz,087,273765,15862,15216,840,16056,202
2021-04-02,Shasta,089,179085,11392,11377,1409,12786,181
2021-04-02,Sierra,091,2930,54,50,14,64,0
2021-04-02,Siskiyou,093,43540,1571,1508,270,1778,7
2021-04-02,Solano,095,438530,31045,30951,418,31369,237
2021-04-02,Sonoma,097,501317,29203,29288,286,29574,311
2021-04-02,Stanislaus,099,539301,53391,53073,5761,58834,687
2021-04-02,Sutter,101,95872,9194,9131,88,9219,106
2021-04-02,Tehama,103,63373,4808,4775,540,5315,52
2021-04-02,Trinity,105,12862,450,320,73,393,3
2021-04-02,Tulare,107,460477,49140,48306,8931,57237,818
2021-04-02,Tuolumne,109,53932,3979,3980,35,4015,57
2021-04-02,Ventura,111,848112,79994,79434,2934,82368,982
2021-04-02,Yolo,113,214977,13386,13381,255,13636,197
2021-04-02,Yuba,115,75493,5750,5709,112,5821,44
2021-04-01,Alameda,001,1643700,84178,83574,1860,85434,1216
2021-04-01,Alpine,003,1148,86,85,0,85,0
2021-04-01,Amador,005,37829,3590,3558,32,3590,45
2021-04-01,Butte,007,227075,11710,11328,1721,13049,193
2021-04-01,Calaveras,009,45235,2012,2006,12,2018,50
2021-04-01,Colusa,011,21464,1892,1890,278,2168,14
2021-04-01,Contra Costa,013,1133247,66059,65176,1168,66344,771
2021-04-01,Del Norte,015,27424,1210,1138,11,1149,6
2021-04-01,El Dorado,017,186661,9499,9393,641,10034,106
2021-04-01,Fresno,019,978130,100034,99317,8486,107803,1616
2021-04-01,Glenn,021,27897,2353,2322,541,2863,17
2021-04-01,Humboldt,023,135768,3473,3464,25,3489,35
2021-04-01,Imperial,025,180216,27675,27520,2700,30220,710
2021-04-01,Inyo,027,18085,1379,1374,18,1392,36
2021-04-01,Kern,029,883053,95501,94244,10536,104780,1233
2021-04-01,Kings,031,150075,22760,22560,1083,23643,239
2021-04-01,Lake,033,64148,3367,3337,8,3345,43
2021-04-01,Lassen,035,31185,5144,5132,105,5237,1
2021-04-01,Los Angeles,037,10098052,1188454,1181101,41139,1222240,23220
2021-04-01,Madera,039,155013,16168,16023,914,16937,230
2021-04-01,Marin,041,260295,13675,13635,227,13862,221
2021-04-01,Mariposa,043,17540,393,389,6,395,5
2021-04-01,Mendocino,045,87422,3760,3680,70,3750,45
2021-04-01,Merced,047,269075,29952,29820,957,30777,425
2021-04-01,Modoc,049,8938,356,346,120,466,3
2021-04-01,Mono,051,14174,1228,1245,14,1259,3
2021-04-01,Monterey,053,433212,42554,42324,1828,44152,339
2021-04-01,Napa,055,140530,9493,9410,31,9441,78
2021-04-01,Nevada,057,99092,4380,4288,185,4473,68
2021-04-01,Orange,059,3164182,251896,249617,10952,260569,4742
2021-04-01,Placer,061,380077,21702,20909,1297,22206,274
2021-04-01,Plumas,063,18699,672,664,11,675,4
2021-04-01,Riverside,065,2383286,288046,283128,13885,297013,4193
2021-04-01,Sacramento,067,1510023,99509,97952,1467,99419,1521
2021-04-01,San Benito,069,59416,5891,5878,99,5977,61
2021-04-01,San Bernardino,071,2135413,289388,286086,8936,295022,4404
2021-04-01,San Diego,073,3302833,271785,270540,13570,284110,3555
2021-04-01,San Francisco,075,870044,35447,35386,1242,36628,488
2021-04-01,San Joaquin,077,732212,70008,68802,3291,72093,1262
2021-04-01,San Luis Obispo,079,281455,20496,20235,645,20880,252
2021-04-01,San Mateo,081,765935,40940,40454,434,40888,350
2021-04-01,Santa Barbara,083,443738,33958,33096,1177,34273,443
2021-04-01,Santa Clara,085,1922200,114479,114606,662,115268,1874
2021-04-01,Santa Cruz,087,273765,15847,15271,840,16111,202
2021-04-01,Shasta,089,179085,11377,11355,1403,12758,181
2021-04-01,Sierra,091,2930,54,50,14,64,0
2021-04-01,Siskiyou,093,43540,1569,1507,269,1776,7
2021-04-01,Solano,095,438530,31012,30850,415,31265,237
2021-04-01,Sonoma,097,501317,29172,29241,279,29520,311
2021-04-01,Stanislaus,099,539301,53328,52825,5755,58580,687
2021-04-01,Sutter,101,95872,9182,9105,88,9193,106
2021-04-01,Tehama,103,63373,4802,4764,537,5301,52
2021-04-01,Trinity,105,12862,450,319,73,392,3
2021-04-01,Tulare,107,460477,49117,48279,8921,57200,817
2021-04-01,Tuolumne,109,53932,3978,3978,35,4013,57
2021-04-01,Ventura,111,848112,79970,79369,2933,82302,977
2021-04-01,Yolo,113,214977,13373,13342,255,13597,197
2021-04-01,Yuba,115,75493,5745,5694,112,5806,44
2021-03-31,Alameda,001,1643700,84096,83475,1855,85330,1215
2021-03-31,Alpine,003,1148,86,85,0,85,0
2021-03-31,Amador,005,37829,3587,3556,32,3588,45
2021-03-31,Butte,007,227075,11700,11321,1718,13039,193
2021-03-31,Calaveras,009,45235,2010,2005,12,2017,50
2021-03-31,Colusa,011,21464,1892,1890,278,2168,14
2021-03-31,Contra Costa,013,1133247,65974,65109,1167,66276,769
2021-03-31,Del Norte,015,27424,1201,1129,11,1140,6
2021-03-31,El Dorado,017,186661,9482,9390,641,10031,106
2021-03-31,Fresno,019,978130,99942,99240,8471,107711,1616
2021-03-31,Glenn,021,27897,2348,2318,539,2857,17
2021-03-31,Humboldt,023,135768,3467,3460,25,3485,35
2021-03-31,Imperial,025,180216,27655,27506,2699,30205,710
2021-03-31,Inyo,027,18085,1376,1373,18,1391,35
2021-03-31,Kern,029,883053,95458,94205,10527,104732,1229
2021-03-31,Kings,031,150075,22757,22540,1083,23623,239
2021-03-31,Lake,033,64148,3363,3332,8,3340,43
2021-03-31,Lassen,035,31185,5140,5132,105,5237,1
2021-03-31,Los Angeles,037,10098052,1187990,1180538,41099,1221637,23171
2021-03-31,Madera,039,155013,16154,16015,913,16928,229
2021-03-31,Marin,041,260295,13664,13624,227,13851,221
2021-03-31,Mariposa,043,17540,393,389,6,395,5
2021-03-31,Mendocino,045,87422,3754,3675,70,3745,45
2021-03-31,Merced,047,269075,29923,29780,957,30737,423
2021-03-31,Modoc,049,8938,356,346,120,466,3
2021-03-31,Mono,051,14174,1228,1245,14,1259,3
2021-03-31,Monterey,053,433212,42537,42309,1826,44135,338
2021-03-31,Napa,055,140530,9475,9401,31,9432,78
2021-03-31,Nevada,057,99092,4374,4283,185,4468,68
2021-03-31,Orange,059,3164182,251784,249518,10937,260455,4731
2021-03-31,Placer,061,380077,21653,20885,1289,22174,271
2021-03-31,Plumas,063,18699,671,663,11,674,4
2021-03-31,Riverside,065,2383286,287946,283006,13875,296881,4171
2021-03-31,Sacramento,067,1510023,99332,97760,1460,99220,1519
2021-03-31,San Benito,069,59416,5881,5875,99,5974,61
2021-03-31,San Bernardino,071,2135413,289294,285916,8933,294849,4356
2021-03-31,San Diego,073,3302833,271554,270288,13535,283823,3555
2021-03-31,San Francisco,075,870044,35403,35347,1241,36588,474
2021-03-31,San Joaquin,077,732212,69919,68685,3274,71959,1259
2021-03-31,San Luis Obispo,079,281455,20475,20215,644,20859,251
2021-03-31,San Mateo,081,765935,40910,40423,434,40857,350
2021-03-31,Santa Barbara,083,443738,33927,33052,1175,34227,443
2021-03-31,Santa Clara,085,1922200,114352,114499,662,115161,1874
2021-03-31,Santa Cruz,087,273765,15834,15295,839,16134,201
2021-03-31,Shasta,089,179085,11365,11327,1395,12722,179
2021-03-31,Sierra,091,2930,54,50,14,64,0
2021-03-31,Siskiyou,093,43540,1568,1505,269,1774,7
2021-03-31,Solano,095,438530,30966,30824,414,31238,235
2021-03-31,Sonoma,097,501317,29145,29216,279,29495,311
2021-03-31,Stanislaus,099,539301,53260,52782,5743,58525,687
2021-03-31,Sutter,101,95872,9171,9111,88,9199,106
2021-03-31,Tehama,103,63373,4797,4762,534,5296,52
2021-03-31,Trinity,105,12862,450,319,73,392,3
2021-03-31,Tulare,107,460477,49097,48261,8905,57166,816
2021-03-31,Tuolumne,109,53932,3978,3976,35,4011,57
2021-03-31,Ventura,111,848112,79938,79326,2929,82255,969
2021-03-31,Yolo,113,214977,13356,13359,254,13613,197
2021-03-31,Yuba,115,75493,5738,5686,112,5798,44
2021-03-30,Alameda,001,1643700,83997,83395,1852,85247,1211
2021-03-30,Alpine,003,1148,86,85,0,85,0
2021-03-30,Amador,005,37829,3584,3551,32,3583,45
2021-03-30,Butte,007,227075,11688,11296,1715,13011,193
2021-03-30,Calaveras,009,45235,2004,1997,12,2009,50
2021-03-30,Colusa,011,21464,1891,1890,277,2167,14
2021-03-30,Contra Costa,013,1133247,65886,65041,1165,66206,767
2021-03-30,Del Norte,015,27424,1193,1118,10,1128,6
2021-03-30,El Dorado,017,186661,9463,9381,638,10019,105
2021-03-30,Fresno,019,978130,99879,99156,8459,107615,1609
2021-03-30,Glenn,021,27897,2348,2310,538,2848,17
2021-03-30,Humboldt,023,135768,3465,3461,25,3486,35
2021-03-30,Imperial,025,180216,27626,27471,2697,30168,706
2021-03-30,Inyo,027,18085,1376,1374,18,1392,35
2021-03-30,Kern,029,883053,95416,94151,10518,104669,1221
2021-03-30,Kings,031,150075,22753,22530,1081,23611,238
2021-03-30,Lake,033,64148,3357,3330,8,3338,43
2021-03-30,Lassen,035,31185,5140,5132,105,5237,1
2021-03-30,Los Angeles,037,10098052,1187497,1180044,41077,1221121,23136
2021-03-30,Madera,039,155013,16144,16003,909,16912,229
2021-03-30,Marin,041,260295,13655,13611,219,13830,221
2021-03-30,Mariposa,043,17540,393,388,6,394,5
2021-03-30,Mendocino,045,87422,3752,3670,70,3740,45
2021-03-30,Merced,047,269075,29887,29731,957,30688,423
2021-03-30,Modoc,049,8938,355,346,120,466,3
2021-03-30,Mono,051,14174,1227,1245,14,1259,3
2021-03-30,Monterey,053,433212,42511,42308,1823,44131,338
2021-03-30,Napa,055,140530,9460,9391,31,9422,78
2021-03-30,Nevada,057,99092,4362,4266,184,4450,68
2021-03-30,Orange,059,3164182,251655,249412,10909,260321,4727
2021-03-30,Placer,061,380077,21613,20866,1283,22149,271
2021-03-30,Plumas,063,18699,671,661,11,672,4
2021-03-30,Riverside,065,2383286,287826,282930,13866,296796,4154
2021-03-30,Sacramento,067,1510023,99195,97718,1456,99174,1516
2021-03-30,San Benito,069,59416,5875,5870,99,5969,61
2021-03-30,San Bernardino,071,2135413,289186,285758,8924,294682,4343
2021-03-30,San Diego,073,3302833,271317,269998,13497,283495,3555
2021-03-30,San Francisco,075,870044,35353,35325,1240,36565,474
2021-03-30,San Joaquin,077,732212,69832,68613,3263,71876,1232
2021-03-30,San Luis Obispo,079,281455,20455,20194,644,20838,251
2021-03-30,San Mateo,081,765935,40865,40377,434,40811,349
2021-03-30,Santa Barbara,083,443738,33901,33016,1175,34191,441
2021-03-30,Santa Clara,085,1922200,114230,114413,661,115074,1873
2021-03-30,Santa Cruz,087,273765,15828,15278,839,16117,201
2021-03-30,Shasta,089,179085,11357,11316,1394,12710,184
2021-03-30,Sierra,091,2930,54,50,14,64,0
2021-03-30,Siskiyou,093,43540,1567,1501,269,1770,7
2021-03-30,Solano,095,438530,30936,30802,413,31215,232
2021-03-30,Sonoma,097,501317,29113,29198,279,29477,311
2021-03-30,Stanislaus,099,539301,53182,52690,5735,58425,677
2021-03-30,Sutter,101,95872,9167,9107,87,9194,106
2021-03-30,Tehama,103,63373,4788,4748,533,5281,52
2021-03-30,Trinity,105,12862,450,316,73,389,3
2021-03-30,Tulare,107,460477,49083,48249,8896,57145,815
2021-03-30,Tuolumne,109,53932,3973,3972,35,4007,57
2021-03-30,Ventura,111,848112,79894,79282,2926,82208,958
2021-03-30,Yolo,113,214977,13344,13353,254,13607,195
2021-03-30,Yuba,115,75493,5727,5679,106,5785,42
2021-03-29,Alameda,001,1643700,83895,83338,1851,85189,1211
2021-03-29,Alpine,003,1148,86,85,0,85,0
2021-03-29,Amador,005,37829,3578,3549,32,3581,45
2021-03-29,Butte,007,227075,11679,11291,1712,13003,191
2021-03-29,Calaveras,009,45235,2003,1998,12,2010,50
2021-03-29,Colusa,011,21464,1891,1889,276,2165,14
2021-03-29,Contra Costa,013,1133247,65818,64971,1164,66135,767
2021-03-29,Del Norte,015,27424,1188,1116,9,1125,6
2021-03-29,El Dorado,017,186661,9443,9374,632,10006,105
2021-03-29,Fresno,019,978130,99796,99085,8444,107529,1606
2021-03-29,Glenn,021,27897,2342,2310,538,2848,17
2021-03-29,Humboldt,023,135768,3460,3459,25,3484,34
2021-03-29,Imperial,025,180216,27606,27442,2693,30135,704
2021-03-29,Inyo,027,18085,1376,1372,18,1390,35
2021-03-29,Kern,029,883053,95368,94098,10498,104596,1220
2021-03-29,Kings,031,150075,22741,22522,1080,23602,238
2021-03-29,Lake,033,64148,3354,3325,8,3333,43
2021-03-29,Lassen,035,31185,5140,5131,105,5236,1
2021-03-29,Los Angeles,037,10098052,1187005,1179736,41037,1220773,23108
2021-03-29,Madera,039,155013,16124,15987,907,16894,210
2021-03-29,Marin,041,260295,13643,13600,215,13815,220
2021-03-29,Mariposa,043,17540,392,388,6,394,5
2021-03-29,Mendocino,045,87422,3749,3667,70,3737,45
2021-03-29,Merced,047,269075,29863,29699,957,30656,422
2021-03-29,Modoc,049,8938,354,344,120,464,3
2021-03-29,Mono,051,14174,1226,1243,14,1257,3
2021-03-29,Monterey,053,433212,42495,42305,1818,44123,337
2021-03-29,Napa,055,140530,9444,9379,31,9410,78
2021-03-29,Nevada,057,99092,4355,4258,184,4442,68
2021-03-29,Orange,059,3164182,251543,249295,10897,260192,4713
2021-03-29,Placer,061,380077,21578,20827,1276,22103,267
2021-03-29,Plumas,063,18699,670,660,11,671,4
2021-03-29,Riverside,065,2383286,287734,282867,13864,296731,4133
2021-03-29,Sacramento,067,1510023,99001,97577,1448,99025,1514
2021-03-29,San Benito,069,59416,5868,5865,99,5964,61
2021-03-29,San Bernardino,071,2135413,289090,285615,8920,294535,4335
2021-03-29,San Diego,073,3302833,271050,269771,13472,283243,3547
2021-03-29,San Francisco,075,870044,35318,35291,1237,36528,474
2021-03-29,San Joaquin,077,732212,69746,68537,3249,71786,1211
2021-03-29,San Luis Obispo,079,281455,20420,20176,642,20818,250
2021-03-29,San Mateo,081,765935,40823,40357,433,40790,348
2021-03-29,Santa Barbara,083,443738,33867,32983,1174,34157,439
2021-03-29,Santa Clara,085,1922200,114123,114335,656,114991,1871
2021-03-29,Santa Cruz,087,273765,15817,15249,838,16087,201
2021-03-29,Shasta,089,179085,11339,11313,1392,12705,183
2021-03-29,Sierra,091,2930,54,50,14,64,0
2021-03-29,Siskiyou,093,43540,1566,1497,268,1765,6
2021-03-29,Solano,095,438530,30897,30762,411,31173,232
2021-03-29,Sonoma,097,501317,29090,29184,276,29460,310
2021-03-29,Stanislaus,099,539301,53098,52614,5727,58341,677
2021-03-29,Sutter,101,95872,9160,9105,87,9192,106
2021-03-29,Tehama,103,63373,4780,4742,532,5274,52
2021-03-29,Trinity,105,12862,450,314,73,387,3
2021-03-29,Tulare,107,460477,49056,48226,8885,57111,815
2021-03-29,Tuolumne,109,53932,3971,3969,35,4004,57
2021-03-29,Ventura,111,848112,79853,79252,2925,82177,956
2021-03-29,Yolo,113,214977,13326,13346,254,13600,195
2021-03-29,Yuba,115,75493,5720,5671,105,5776,42
2021-03-28,Alameda,001,1643700,83772,83239,1849,85088,1212
2021-03-28,Alpine,003,1148,86,85,0,85,0
2021-03-28,Amador,005,37829,3574,3541,32,3573,45
2021-03-28,Butte,007,227075,11666,11285,1710,12995,191
2021-03-28,Calaveras,009,45235,2001,1995,12,2007,50
2021-03-28,Colusa,011,21464,1890,1889,276,2165,14
2021-03-28,Contra Costa,013,1133247,65744,64878,1160,66038,767
2021-03-28,Del Norte,015,27424,1181,1107,7,1114,6
2021-03-28,El Dorado,017,186661,9428,9371,630,10001,105
2021-03-28,Fresno,019,978130,99714,99004,8432,107436,1606
2021-03-28,Glenn,021,27897,2339,2309,536,2845,17
2021-03-28,Humboldt,023,135768,3457,3452,24,3476,34
2021-03-28,Imperial,025,180216,27579,27426,2690,30116,704
2021-03-28,Inyo,027,18085,1375,1372,18,1390,35
2021-03-28,Kern,029,883053,95323,94084,10486,104570,1219
2021-03-28,Kings,031,150075,22737,22514,1076,23590,238
2021-03-28,Lake,033,64148,3349,3320,8,3328,43
2021-03-28,Lassen,035,31185,5140,5131,104,5235,1
2021-03-28,Los Angeles,037,10098052,1186456,1179316,40978,1220294,23101
2021-03-28,Madera,039,155013,16109,15973,906,16879,210
2021-03-28,Marin,041,260295,13630,13594,213,13807,221
2021-03-28,Mariposa,043,17540,392,388,6,394,5
2021-03-28,Mendocino,045,87422,3747,3666,70,3736,45
2021-03-28,Merced,047,269075,29806,29679,957,30636,422
2021-03-28,Modoc,049,8938,354,344,120,464,3
2021-03-28,Mono,051,14174,1225,1242,14,1256,3
2021-03-28,Monterey,053,433212,42472,42294,1814,44108,337
2021-03-28,Napa,055,140530,9430,9368,31,9399,78
2021-03-28,Nevada,057,99092,4341,4239,184,4423,68
2021-03-28,Orange,059,3164182,251388,249238,10887,260125,4713
2021-03-28,Placer,061,380077,21534,20796,1270,22066,267
2021-03-28,Plumas,063,18699,668,657,11,668,4
2021-03-28,Riverside,065,2383286,287631,282811,13856,296667,4132
2021-03-28,Sacramento,067,1510023,98826,97425,1442,98867,1514
2021-03-28,San Benito,069,59416,5863,5862,99,5961,61
2021-03-28,San Bernardino,071,2135413,288971,285570,8911,294481,4332
2021-03-28,San Diego,073,3302833,270776,269476,13444,282920,3547
2021-03-28,San Francisco,075,870044,35272,35286,1233,36519,474
2021-03-28,San Joaquin,077,732212,69621,68459,3229,71688,1211
2021-03-28,San Luis Obispo,079,281455,20385,20172,639,20811,250
2021-03-28,San Mateo,081,765935,40778,40305,433,40738,348
2021-03-28,Santa Barbara,083,443738,33825,32953,1173,34126,439
2021-03-28,Santa Clara,085,1922200,114023,114232,652,114884,1871
2021-03-28,Santa Cruz,087,273765,15803,15238,837,16075,201
2021-03-28,Shasta,089,179085,11313,11308,1381,12689,183
2021-03-28,Sierra,091,2930,54,50,14,64,0
2021-03-28,Siskiyou,093,43540,1566,1497,267,1764,6
2021-03-28,Solano,095,438530,30860,30719,409,31128,232
2021-03-28,Sonoma,097,501317,29054,29161,274,29435,310
2021-03-28,Stanislaus,099,539301,53010,52567,5712,58279,678
2021-03-28,Sutter,101,95872,9151,9094,87,9181,106
2021-03-28,Tehama,103,63373,4770,4740,528,5268,52
2021-03-28,Trinity,105,12862,448,314,72,386,3
2021-03-28,Tulare,107,460477,49027,48218,8879,57097,815
2021-03-28,Tuolumne,109,53932,3969,3969,34,4003,57
2021-03-28,Ventura,111,848112,79802,79222,2920,82142,956
2021-03-28,Yolo,113,214977,13308,13325,253,13578,194
2021-03-28,Yuba,115,75493,5716,5662,105,5767,42
2021-03-27,Alameda,001,1643700,83699,83169,1845,85014,1211
2021-03-27,Alpine,003,1148,86,85,0,85,0
2021-03-27,Amador,005,37829,3569,3538,32,3570,45
2021-03-27,Butte,007,227075,11659,11278,1709,12987,191
2021-03-27,Calaveras,009,45235,1998,1992,12,2004,50
2021-03-27,Colusa,011,21464,1890,1889,276,2165,14
2021-03-27,Contra Costa,013,1133247,65674,64804,1157,65961,767
2021-03-27,Del Norte,015,27424,1171,1104,7,1111,6
2021-03-27,El Dorado,017,186661,9414,9367,630,9997,105
2021-03-27,Fresno,019,978130,99662,98901,8426,107327,1606
2021-03-27,Glenn,021,27897,2338,2308,536,2844,17
2021-03-27,Humboldt,023,135768,3452,3442,24,3466,34
2021-03-27,Imperial,025,180216,27567,27406,2687,30093,704
2021-03-27,Inyo,027,18085,1373,1372,18,1390,35
2021-03-27,Kern,029,883053,95304,94041,10473,104514,1217
2021-03-27,Kings,031,150075,22734,22502,1076,23578,238
2021-03-27,Lake,033,64148,3347,3317,8,3325,43
2021-03-27,Lassen,035,31185,5140,5129,104,5233,1
2021-03-27,Los Angeles,037,10098052,1186143,1178831,40949,1219780,23103
2021-03-27,Madera,039,155013,16102,15968,904,16872,210
2021-03-27,Marin,041,260295,13625,13579,213,13792,222
2021-03-27,Mariposa,043,17540,392,386,6,392,5
2021-03-27,Mendocino,045,87422,3746,3666,70,3736,45
2021-03-27,Merced,047,269075,29773,29647,955,30602,422
2021-03-27,Modoc,049,8938,354,344,120,464,3
2021-03-27,Mono,051,14174,1223,1241,14,1255,3
2021-03-27,Monterey,053,433212,42462,42271,1814,44085,337
2021-03-27,Napa,055,140530,9418,9360,31,9391,78
2021-03-27,Nevada,057,99092,4331,4231,184,4415,68
2021-03-27,Orange,059,3164182,251294,249160,10871,260031,4698
2021-03-27,Placer,061,380077,21514,20717,1263,21980,267
2021-03-27,Plumas,063,18699,667,655,11,666,4
2021-03-27,Riverside,065,2383286,287569,282707,13848,296555,4132
2021-03-27,Sacramento,067,1510023,98736,97247,1440,98687,1513
2021-03-27,San Benito,069,59416,5861,5862,97,5959,61
2021-03-27,San Bernardino,071,2135413,288909,285480,8909,294389,4325
2021-03-27,San Diego,073,3302833,270606,269271,13422,282693,3540
2021-03-27,San Francisco,075,870044,35248,35244,1231,36475,474
2021-03-27,San Joaquin,077,732212,69561,68365,3220,71585,1211
2021-03-27,San Luis Obispo,079,281455,20374,20153,636,20789,250
2021-03-27,San Mateo,081,765935,40755,40264,433,40697,348
2021-03-27,Santa Barbara,083,443738,33802,32921,1173,34094,439
2021-03-27,Santa Clara,085,1922200,113927,114124,650,114774,1871
2021-03-27,Santa Cruz,087,273765,15797,15215,837,16052,201
2021-03-27,Shasta,089,179085,11302,11288,1379,12667,183
2021-03-27,Sierra,091,2930,54,50,14,64,0
2021-03-27,Siskiyou,093,43540,1566,1497,267,1764,6
2021-03-27,Solano,095,438530,30832,30669,408,31077,232
2021-03-27,Sonoma,097,501317,29039,29133,272,29405,310
2021-03-27,Stanislaus,099,539301,52946,52497,5704,58201,678
2021-03-27,Sutter,101,95872,9143,9093,87,9180,106
2021-03-27,Tehama,103,63373,4764,4738,526,5264,52
2021-03-27,Trinity,105,12862,448,313,72,385,3
2021-03-27,Tulare,107,460477,49011,48203,8871,57074,813
2021-03-27,Tuolumne,109,53932,3966,3968,34,4002,57
2021-03-27,Ventura,111,848112,79775,79184,2918,82102,956
2021-03-27,Yolo,113,214977,13303,13317,252,13569,194
2021-03-27,Yuba,115,75493,5714,5657,105,5762,42
2021-03-26,Alameda,001,1643700,83638,83043,1843,84886,1208
2021-03-26,Alpine,003,1148,86,85,0,85,0
2021-03-26,Amador,005,37829,3564,3532,32,3564,45
2021-03-26,Butte,007,227075,11649,11278,1709,12987,191
2021-03-26,Calaveras,009,45235,1997,1989,12,2001,50
2021-03-26,Colusa,011,21464,1890,1889,276,2165,14
2021-03-26,Contra Costa,013,1133247,65614,64699,1155,65854,761
2021-03-26,Del Norte,015,27424,1168,1101,7,1108,6
2021-03-26,El Dorado,017,186661,9409,9353,630,9983,105
2021-03-26,Fresno,019,978130,99602,98731,8414,107145,1601
2021-03-26,Glenn,021,27897,2338,2307,535,2842,17
2021-03-26,Humboldt,023,135768,3450,3431,24,3455,34
2021-03-26,Imperial,025,180216,27543,27374,2687,30061,701
2021-03-26,Inyo,027,18085,1372,1369,18,1387,35
2021-03-26,Kern,029,883053,95278,93949,10467,104416,1211
2021-03-26,Kings,031,150075,22726,22493,1074,23567,239
2021-03-26,Lake,033,64148,3346,3314,8,3322,43
2021-03-26,Lassen,035,31185,5139,5131,104,5235,1
2021-03-26,Los Angeles,037,10098052,1185807,1178213,40935,1219148,23080
2021-03-26,Madera,039,155013,16092,15952,904,16856,210
2021-03-26,Marin,041,260295,13619,13553,208,13761,221
2021-03-26,Mariposa,043,17540,392,386,6,392,5
2021-03-26,Mendocino,045,87422,3745,3664,70,3734,45
2021-03-26,Merced,047,269075,29750,29613,953,30566,419
2021-03-26,Modoc,049,8938,354,344,120,464,3
2021-03-26,Mono,051,14174,1222,1236,14,1250,3
2021-03-26,Monterey,053,433212,42449,42241,1810,44051,338
2021-03-26,Napa,055,140530,9408,9349,31,9380,78
2021-03-26,Nevada,057,99092,4311,4222,184,4406,83
2021-03-26,Orange,059,3164182,251231,248995,10857,259852,4671
2021-03-26,Placer,061,380077,21488,20679,1261,21940,259
2021-03-26,Plumas,063,18699,666,654,11,665,4
2021-03-26,Riverside,065,2383286,287491,282602,13842,296444,4109
2021-03-26,Sacramento,067,1510023,98635,97040,1435,98475,1509
2021-03-26,San Benito,069,59416,5858,5855,97,5952,61
2021-03-26,San Bernardino,071,2135413,288854,285313,8906,294219,4288
2021-03-26,San Diego,073,3302833,270428,269045,13396,282441,3525
2021-03-26,San Francisco,075,870044,35222,35186,1231,36417,472
2021-03-26,San Joaquin,077,732212,69498,68249,3216,71465,1202
2021-03-26,San Luis Obispo,079,281455,20361,20118,636,20754,250
2021-03-26,San Mateo,081,765935,40720,40199,433,40632,348
2021-03-26,Santa Barbara,083,443738,33772,32895,1172,34067,439
2021-03-26,Santa Clara,085,1922200,113829,113959,649,114608,1868
2021-03-26,Santa Cruz,087,273765,15782,15199,836,16035,201
2021-03-26,Shasta,089,179085,11293,11276,1373,12649,182
2021-03-26,Sierra,091,2930,54,50,14,64,0
2021-03-26,Siskiyou,093,43540,1566,1493,266,1759,6
2021-03-26,Solano,095,438530,30807,30640,408,31048,205
2021-03-26,Sonoma,097,501317,29023,29101,269,29370,310
2021-03-26,Stanislaus,099,539301,52878,52420,5700,58120,678
2021-03-26,Sutter,101,95872,9140,9082,87,9169,104
2021-03-26,Tehama,103,63373,4763,4722,525,5247,51
2021-03-26,Trinity,105,12862,448,311,72,383,3
2021-03-26,Tulare,107,460477,48996,48179,8862,57041,813
2021-03-26,Tuolumne,109,53932,3965,3965,34,3999,57
2021-03-26,Ventura,111,848112,79741,79122,2916,82038,953
2021-03-26,Yolo,113,214977,13296,13299,250,13549,194
2021-03-26,Yuba,115,75493,5704,5653,105,5758,42
2021-03-25,Alameda,001,1643700,83540,82945,1841,84786,1206
2021-03-25,Alpine,003,1148,86,84,0,84,0
2021-03-25,Amador,005,37829,3562,3530,32,3562,45
2021-03-25,Butte,007,227075,11639,11270,1709,12979,188
2021-03-25,Calaveras,009,45235,1996,1982,12,1994,50
2021-03-25,Colusa,011,21464,1890,1888,276,2164,14
2021-03-25,Contra Costa,013,1133247,65547,64606,1151,65757,757
2021-03-25,Del Norte,015,27424,1162,1095,7,1102,6
2021-03-25,El Dorado,017,186661,9399,9331,630,9961,105
2021-03-25,Fresno,019,978130,99483,98602,8401,107003,1593
2021-03-25,Glenn,021,27897,2337,2302,534,2836,17
2021-03-25,Humboldt,023,135768,3445,3423,24,3447,34
2021-03-25,Imperial,025,180216,27527,27352,2686,30038,699
2021-03-25,Inyo,027,18085,1372,1369,18,1387,35
2021-03-25,Kern,029,883053,95246,93857,10462,104319,1206
2021-03-25,Kings,031,150075,22716,22472,1074,23546,237
2021-03-25,Lake,033,64148,3341,3312,8,3320,43
2021-03-25,Lassen,035,31185,5139,5129,104,5233,1
2021-03-25,Los Angeles,037,10098052,1185378,1177490,40899,1218389,23051
2021-03-25,Madera,039,155013,16073,15937,902,16839,210
2021-03-25,Marin,041,260295,13610,13538,205,13743,219
2021-03-25,Mariposa,043,17540,392,386,6,392,5
2021-03-25,Mendocino,045,87422,3744,3664,70,3734,45
2021-03-25,Merced,047,269075,29715,29576,945,30521,416
2021-03-25,Modoc,049,8938,354,343,120,463,3
2021-03-25,Mono,051,14174,1222,1235,14,1249,3
2021-03-25,Monterey,053,433212,42428,42220,1805,44025,336
2021-03-25,Napa,055,140530,9389,9321,31,9352,78
2021-03-25,Nevada,057,99092,4293,4202,182,4384,84
2021-03-25,Orange,059,3164182,251118,248871,10836,259707,4655
2021-03-25,Placer,061,380077,21447,20639,1254,21893,252
2021-03-25,Plumas,063,18699,666,654,11,665,4
2021-03-25,Riverside,065,2383286,287394,282492,13831,296323,4078
2021-03-25,Sacramento,067,1510023,98489,96823,1432,98255,1505
2021-03-25,San Benito,069,59416,5855,5850,97,5947,61
2021-03-25,San Bernardino,071,2135413,288772,285134,8901,294035,4222
2021-03-25,San Diego,073,3302833,270201,268623,13365,281988,3520
2021-03-25,San Francisco,075,870044,35183,35154,1229,36383,468
2021-03-25,San Joaquin,077,732212,69400,68089,3177,71266,1196
2021-03-25,San Luis Obispo,079,281455,20343,20076,636,20712,250
2021-03-25,San Mateo,081,765935,40680,40147,433,40580,348
2021-03-25,Santa Barbara,083,443738,33742,32857,1172,34029,439
2021-03-25,Santa Clara,085,1922200,113725,113877,647,114524,1868
2021-03-25,Santa Cruz,087,273765,15761,15170,836,16006,201
2021-03-25,Shasta,089,179085,11276,11262,1371,12633,181
2021-03-25,Sierra,091,2930,54,50,14,64,0
2021-03-25,Siskiyou,093,43540,1564,1491,265,1756,6
2021-03-25,Solano,095,438530,30746,30583,406,30989,193
2021-03-25,Sonoma,097,501317,28988,29060,265,29325,310
2021-03-25,Stanislaus,099,539301,52811,52321,5693,58014,678
2021-03-25,Sutter,101,95872,9131,9069,87,9156,104
2021-03-25,Tehama,103,63373,4761,4719,524,5243,52
2021-03-25,Trinity,105,12862,448,310,72,382,3
2021-03-25,Tulare,107,460477,48970,48148,8849,56997,811
2021-03-25,Tuolumne,109,53932,3964,3962,34,3996,57
2021-03-25,Ventura,111,848112,79700,79045,2912,81957,952
2021-03-25,Yolo,113,214977,13290,13287,250,13537,194
2021-03-25,Yuba,115,75493,5698,5647,99,5746,42
2021-03-24,Alameda,001,1643700,83445,82871,1838,84709,1199
2021-03-24,Alpine,003,1148,86,84,0,84,0
2021-03-24,Amador,005,37829,3556,3529,32,3561,45
2021-03-24,Butte,007,227075,11629,11252,1705,12957,187
2021-03-24,Calaveras,009,45235,1993,1975,12,1987,50
2021-03-24,Colusa,011,21464,1890,1886,275,2161,14
2021-03-24,Contra Costa,013,1133247,65467,64539,1150,65689,755
2021-03-24,Del Norte,015,27424,1157,1087,7,1094,6
2021-03-24,El Dorado,017,186661,9393,9319,629,9948,105
2021-03-24,Fresno,019,978130,99392,98437,8386,106823,1585
2021-03-24,Glenn,021,27897,2336,2297,533,2830,17
2021-03-24,Humboldt,023,135768,3442,3414,24,3438,34
2021-03-24,Imperial,025,180216,27518,27325,2686,30011,699
2021-03-24,Inyo,027,18085,1372,1368,18,1386,35
2021-03-24,Kern,029,883053,95198,93800,10453,104253,1198
2021-03-24,Kings,031,150075,22701,22456,1072,23528,237
2021-03-24,Lake,033,64148,3337,3307,8,3315,43
2021-03-24,Lassen,035,31185,5137,5130,103,5233,1
2021-03-24,Los Angeles,037,10098052,1184903,1177015,40863,1217878,22993
2021-03-24,Madera,039,155013,16064,15918,901,16819,210
2021-03-24,Marin,041,260295,13597,13526,203,13729,219
2021-03-24,Mariposa,043,17540,392,384,6,390,5
2021-03-24,Mendocino,045,87422,3741,3660,70,3730,45
2021-03-24,Merced,047,269075,29673,29525,945,30470,415
2021-03-24,Modoc,049,8938,353,341,120,461,3
2021-03-24,Mono,051,14174,1221,1243,14,1257,3
2021-03-24,Monterey,053,433212,42406,42201,1802,44003,335
2021-03-24,Napa,055,140530,9369,9310,31,9341,78
2021-03-24,Nevada,057,99092,4279,4191,181,4372,85
2021-03-24,Orange,059,3164182,251001,248775,10818,259593,4638
2021-03-24,Placer,061,380077,21416,20606,1246,21852,250
2021-03-24,Plumas,063,18699,664,652,11,663,4
2021-03-24,Riverside,065,2383286,287311,282410,13829,296239,4058
2021-03-24,Sacramento,067,1510023,98314,96628,1420,98048,1500
2021-03-24,San Benito,069,59416,5854,5847,97,5944,61
2021-03-24,San Bernardino,071,2135413,288687,284983,8899,293882,4170
2021-03-24,San Diego,073,3302833,269986,268413,13337,281750,3509
2021-03-24,San Francisco,075,870044,35156,35103,1226,36329,462
2021-03-24,San Joaquin,077,732212,69329,67978,3165,71143,1196
2021-03-24,San Luis Obispo,079,281455,20313,20021,635,20656,250
2021-03-24,San Mateo,081,765935,40630,40083,433,40516,348
2021-03-24,Santa Barbara,083,443738,33714,32810,1172,33982,438
2021-03-24,Santa Clara,085,1922200,113609,113757,644,114401,1851
2021-03-24,Santa Cruz,087,273765,15747,15138,835,15973,202
2021-03-24,Shasta,089,179085,11257,11243,1369,12612,181
2021-03-24,Sierra,091,2930,54,50,14,64,0
2021-03-24,Siskiyou,093,43540,1562,1490,265,1755,6
2021-03-24,Solano,095,438530,30709,30552,405,30957,178
2021-03-24,Sonoma,097,501317,28968,29034,260,29294,310
2021-03-24,Stanislaus,099,539301,52735,52259,5684,57943,677
2021-03-24,Sutter,101,95872,9115,9049,87,9136,104
2021-03-24,Tehama,103,63373,4755,4719,523,5242,49
2021-03-24,Trinity,105,12862,447,310,72,382,3
2021-03-24,Tulare,107,460477,48960,48109,8836,56945,808
2021-03-24,Tuolumne,109,53932,3963,3961,34,3995,57
2021-03-24,Ventura,111,848112,79648,78993,2905,81898,944
2021-03-24,Yolo,113,214977,13279,13269,250,13519,194
2021-03-24,Yuba,115,75493,5692,5634,96,5730,42
2021-03-23,Alameda,001,1643700,83342,82799,1834,84633,1190
2021-03-23,Alpine,003,1148,86,84,0,84,0
2021-03-23,Amador,005,37829,3550,3524,32,3556,45
2021-03-23,Butte,007,227075,11617,11227,1704,12931,187
2021-03-23,Calaveras,009,45235,1991,1971,12,1983,50
2021-03-23,Colusa,011,21464,1888,1885,274,2159,14
2021-03-23,Contra Costa,013,1133247,65368,64491,1149,65640,750
2021-03-23,Del Norte,015,27424,1152,1082,7,1089,6
2021-03-23,El Dorado,017,186661,9383,9318,627,9945,105
2021-03-23,Fresno,019,978130,99278,98362,8360,106722,1575
2021-03-23,Glenn,021,27897,2331,2293,531,2824,17
2021-03-23,Humboldt,023,135768,3433,3405,24,3429,34
2021-03-23,Imperial,025,180216,27510,27320,2686,30006,699
2021-03-23,Inyo,027,18085,1370,1364,18,1382,35
2021-03-23,Kern,029,883053,95091,93728,10446,104174,1191
2021-03-23,Kings,031,150075,22690,22439,1070,23509,237
2021-03-23,Lake,033,64148,3335,3294,8,3302,43
2021-03-23,Lassen,035,31185,5137,5130,103,5233,1
2021-03-23,Los Angeles,037,10098052,1184389,1176572,40823,1217395,22904
2021-03-23,Madera,039,155013,16048,15908,900,16808,210
2021-03-23,Marin,041,260295,13574,13514,201,13715,221
2021-03-23,Mariposa,043,17540,391,384,6,390,5
2021-03-23,Mendocino,045,87422,3739,3652,70,3722,45
2021-03-23,Merced,047,269075,29641,29485,945,30430,415
2021-03-23,Modoc,049,8938,352,342,120,462,3
2021-03-23,Mono,051,14174,1220,1263,14,1277,3
2021-03-23,Monterey,053,433212,42395,42180,1800,43980,335
2021-03-23,Napa,055,140530,9344,9299,31,9330,78
2021-03-23,Nevada,057,99092,4260,4179,180,4359,89
2021-03-23,Orange,059,3164182,250876,248661,10800,259461,4626
2021-03-23,Placer,061,380077,21381,20567,1242,21809,248
2021-03-23,Plumas,063,18699,664,652,11,663,4
2021-03-23,Riverside,065,2383286,287215,282317,13822,296139,4035
2021-03-23,Sacramento,067,1510023,98123,96521,1415,97936,1496
2021-03-23,San Benito,069,59416,5849,5845,96,5941,61
2021-03-23,San Bernardino,071,2135413,288603,284875,8891,293766,4134
2021-03-23,San Diego,073,3302833,269741,268156,13305,281461,3498
2021-03-23,San Francisco,075,870044,35098,35071,1220,36291,462
2021-03-23,San Joaquin,077,732212,69233,67903,3147,71050,1182
2021-03-23,San Luis Obispo,079,281455,20273,20009,634,20643,250
2021-03-23,San Mateo,081,765935,40574,40032,432,40464,348
2021-03-23,Santa Barbara,083,443738,33676,32771,1171,33942,438
2021-03-23,Santa Clara,085,1922200,113492,113645,641,114286,1848
2021-03-23,Santa Cruz,087,273765,15732,15106,835,15941,201
2021-03-23,Shasta,089,179085,11244,11234,1368,12602,175
2021-03-23,Sierra,091,2930,54,50,14,64,0
2021-03-23,Siskiyou,093,43540,1557,1485,263,1748,6
2021-03-23,Solano,095,438530,30668,30524,404,30928,178
2021-03-23,Sonoma,097,501317,28931,29020,258,29278,310
2021-03-23,Stanislaus,099,539301,52635,52148,5676,57824,677
2021-03-23,Sutter,101,95872,9107,9039,87,9126,104
2021-03-23,Tehama,103,63373,4744,4707,522,5229,46
2021-03-23,Trinity,105,12862,447,310,72,382,3
2021-03-23,Tulare,107,460477,48933,48095,8819,56914,808
2021-03-23,Tuolumne,109,53932,3960,3957,34,3991,57
2021-03-23,Ventura,111,848112,79587,78930,2902,81832,932
2021-03-23,Yolo,113,214977,13268,13255,250,13505,194
2021-03-23,Yuba,115,75493,5687,5628,96,5724,42
2021-03-22,Alameda,001,1643700,83250,82748,1828,84576,1189
2021-03-22,Alpine,003,1148,85,83,0,83,0
2021-03-22,Amador,005,37829,3542,3522,32,3554,44
2021-03-22,Butte,007,227075,11608,11211,1702,12913,185
2021-03-22,Calaveras,009,45235,1987,1963,12,1975,49
2021-03-22,Colusa,011,21464,1886,1885,274,2159,13
2021-03-22,Contra Costa,013,1133247,65273,64432,1147,65579,740
2021-03-22,Del Norte,015,27424,1146,1082,7,1089,6
2021-03-22,El Dorado,017,186661,9367,9310,624,9934,105
2021-03-22,Fresno,019,978130,99180,98276,8346,106622,1556
2021-03-22,Glenn,021,27897,2323,2291,531,2822,17
2021-03-22,Humboldt,023,135768,3428,3403,24,3427,34
2021-03-22,Imperial,025,180216,27495,27302,2682,29984,699
2021-03-22,Inyo,027,18085,1367,1363,18,1381,35
2021-03-22,Kern,029,883053,95021,93675,10429,104104,1178
2021-03-22,Kings,031,150075,22677,22433,1065,23498,236
2021-03-22,Lake,033,64148,3334,3290,8,3298,43
2021-03-22,Lassen,035,31185,5135,5129,103,5232,1
2021-03-22,Los Angeles,037,10098052,1183880,1176205,40788,1216993,22843
2021-03-22,Madera,039,155013,16033,15904,900,16804,210
2021-03-22,Marin,041,260295,13565,13501,200,13701,221
2021-03-22,Mariposa,043,17540,390,381,6,387,5
2021-03-22,Mendocino,045,87422,3737,3653,70,3723,45
2021-03-22,Merced,047,269075,29598,29468,942,30410,413
2021-03-22,Modoc,049,8938,350,342,120,462,3
2021-03-22,Mono,051,14174,1215,1263,14,1277,3
2021-03-22,Monterey,053,433212,42378,42161,1798,43959,335
2021-03-22,Napa,055,140530,9333,9288,31,9319,77
2021-03-22,Nevada,057,99092,4250,4174,175,4349,89
2021-03-22,Orange,059,3164182,250725,248517,10766,259283,4599
2021-03-22,Placer,061,380077,21345,20543,1237,21780,242
2021-03-22,Plumas,063,18699,664,652,11,663,4
2021-03-22,Riverside,065,2383286,287122,282242,13811,296053,4009
2021-03-22,Sacramento,067,1510023,97945,96385,1405,97790,1493
2021-03-22,San Benito,069,59416,5846,5844,95,5939,61
2021-03-22,San Bernardino,071,2135413,288516,284771,8879,293650,4107
2021-03-22,San Diego,073,3302833,269529,267913,13285,281198,3494
2021-03-22,San Francisco,075,870044,35056,35040,1216,36256,462
2021-03-22,San Joaquin,077,732212,69141,67815,3129,70944,1182
2021-03-22,San Luis Obispo,079,281455,20249,20000,633,20633,250
2021-03-22,San Mateo,081,765935,40523,40024,431,40455,348
2021-03-22,Santa Barbara,083,443738,33629,32756,1169,33925,437
2021-03-22,Santa Clara,085,1922200,113373,113575,641,114216,1845
2021-03-22,Santa Cruz,087,273765,15720,15077,834,15911,201
2021-03-22,Shasta,089,179085,11230,11218,1367,12585,150
2021-03-22,Sierra,091,2930,54,50,14,64,0
2021-03-22,Siskiyou,093,43540,1556,1487,262,1749,5
2021-03-22,Solano,095,438530,30628,30490,400,30890,171
2021-03-22,Sonoma,097,501317,28902,29010,254,29264,310
2021-03-22,Stanislaus,099,539301,52551,52083,5671,57754,677
2021-03-22,Sutter,101,95872,9094,9024,87,9111,104
2021-03-22,Tehama,103,63373,4736,4704,522,5226,45
2021-03-22,Trinity,105,12862,447,310,72,382,3
2021-03-22,Tulare,107,460477,48918,48074,8798,56872,807
2021-03-22,Tuolumne,109,53932,3957,3954,34,3988,57
2021-03-22,Ventura,111,848112,79539,78890,2899,81789,927
2021-03-22,Yolo,113,214977,13256,13243,249,13492,190
2021-03-22,Yuba,115,75493,5676,5627,94,5721,42
2021-03-21,Alameda,001,1643700,83162,82684,1825,84509,1187
2021-03-21,Alpine,003,1148,85,83,0,83,0
2021-03-21,Amador,005,37829,3538,3519,32,3551,44
2021-03-21,Butte,007,227075,11592,11208,1696,12904,185
2021-03-21,Calaveras,009,45235,1982,1962,12,1974,49
2021-03-21,Colusa,011,21464,1886,1885,274,2159,13
2021-03-21,Contra Costa,013,1133247,65190,64382,1144,65526,740
2021-03-21,Del Norte,015,27424,1131,1076,7,1083,6
2021-03-21,El Dorado,017,186661,9357,9302,619,9921,105
2021-03-21,Fresno,019,978130,99066,98211,8322,106533,1556
2021-03-21,Glenn,021,27897,2320,2288,530,2818,17
2021-03-21,Humboldt,023,135768,3423,3402,24,3426,34
2021-03-21,Imperial,025,180216,27477,27267,2674,29941,699
2021-03-21,Inyo,027,18085,1367,1363,18,1381,35
2021-03-21,Kern,029,883053,94956,93649,10419,104068,1170
2021-03-21,Kings,031,150075,22660,22422,1064,23486,236
2021-03-21,Lake,033,64148,3330,3286,8,3294,43
2021-03-21,Lassen,035,31185,5135,5129,103,5232,1
2021-03-21,Los Angeles,037,10098052,1183353,1175684,40739,1216423,22834
2021-03-21,Madera,039,155013,16014,15895,898,16793,210
2021-03-21,Marin,041,260295,13549,13495,199,13694,220
2021-03-21,Mariposa,043,17540,390,381,6,387,5
2021-03-21,Mendocino,045,87422,3734,3651,70,3721,45
2021-03-21,Merced,047,269075,29538,29446,936,30382,413
2021-03-21,Modoc,049,8938,350,341,120,461,3
2021-03-21,Mono,051,14174,1210,1263,14,1277,3
2021-03-21,Monterey,053,433212,42353,42153,1795,43948,335
2021-03-21,Napa,055,140530,9313,9282,31,9313,77
2021-03-21,Nevada,057,99092,4237,4169,175,4344,89
2021-03-21,Orange,059,3164182,250591,248442,10739,259181,4598
2021-03-21,Placer,061,380077,21309,20520,1229,21749,242
2021-03-21,Plumas,063,18699,664,653,11,664,4
2021-03-21,Riverside,065,2383286,287016,282187,13800,295987,4009
2021-03-21,Sacramento,067,1510023,97751,96269,1397,97666,1489
2021-03-21,San Benito,069,59416,5840,5842,95,5937,61
2021-03-21,San Bernardino,071,2135413,288428,284732,8873,293605,4094
2021-03-21,San Diego,073,3302833,269269,267724,13259,280983,3494
2021-03-21,San Francisco,075,870044,35009,35012,1209,36221,460
2021-03-21,San Joaquin,077,732212,69019,67729,3111,70840,1182
2021-03-21,San Luis Obispo,079,281455,20217,19979,631,20610,250
2021-03-21,San Mateo,081,765935,40478,39988,430,40418,344
2021-03-21,Santa Barbara,083,443738,33589,32743,1168,33911,437
2021-03-21,Santa Clara,085,1922200,113244,113487,638,114125,1840
2021-03-21,Santa Cruz,087,273765,15713,15064,834,15898,199
2021-03-21,Shasta,089,179085,11210,11215,1366,12581,150
2021-03-21,Sierra,091,2930,54,50,14,64,0
2021-03-21,Siskiyou,093,43540,1556,1486,261,1747,5
2021-03-21,Solano,095,438530,30588,30474,397,30871,171
2021-03-21,Sonoma,097,501317,28873,28986,253,29239,310
2021-03-21,Stanislaus,099,539301,52461,52014,5670,57684,677
2021-03-21,Sutter,101,95872,9081,9021,87,9108,104
2021-03-21,Tehama,103,63373,4732,4701,522,5223,45
2021-03-21,Trinity,105,12862,445,310,72,382,3
2021-03-21,Tulare,107,460477,48902,48060,8786,56846,807
2021-03-21,Tuolumne,109,53932,3955,3953,34,3987,57
2021-03-21,Ventura,111,848112,79475,78863,2894,81757,927
2021-03-21,Yolo,113,214977,13235,13235,249,13484,190
2021-03-21,Yuba,115,75493,5666,5624,94,5718,42
2021-03-20,Alameda,001,1643700,83093,82614,1823,84437,1178
2021-03-20,Alpine,003,1148,85,83,0,83,0
2021-03-20,Amador,005,37829,3536,3518,32,3550,44
2021-03-20,Butte,007,227075,11586,11199,1694,12893,185
2021-03-20,Calaveras,009,45235,1978,1961,12,1973,49
2021-03-20,Colusa,011,21464,1886,1883,274,2157,12
2021-03-20,Contra Costa,013,1133247,65130,64313,1144,65457,713
2021-03-20,Del Norte,015,27424,1130,1075,7,1082,6
2021-03-20,El Dorado,017,186661,9351,9290,619,9909,105
2021-03-20,Fresno,019,978130,99005,98112,8315,106427,1532
2021-03-20,Glenn,021,27897,2319,2288,528,2816,17
2021-03-20,Humboldt,023,135768,3416,3399,24,3423,33
2021-03-20,Imperial,025,180216,27471,27239,2672,29911,695
2021-03-20,Inyo,027,18085,1367,1362,18,1380,35
2021-03-20,Kern,029,883053,94927,93606,10415,104021,1155
2021-03-20,Kings,031,150075,22655,22415,1063,23478,236
2021-03-20,Lake,033,64148,3326,3280,8,3288,43
2021-03-20,Lassen,035,31185,5135,5128,103,5231,1
2021-03-20,Los Angeles,037,10098052,1183054,1175290,40714,1216004,22810
2021-03-20,Madera,039,155013,16006,15891,897,16788,210
2021-03-20,Marin,041,260295,13537,13470,195,13665,220
2021-03-20,Mariposa,043,17540,389,381,6,387,5
2021-03-20,Mendocino,045,87422,3733,3639,70,3709,43
2021-03-20,Merced,047,269075,29507,29411,933,30344,412
2021-03-20,Modoc,049,8938,349,341,120,461,3
2021-03-20,Mono,051,14174,1210,1256,14,1270,3
2021-03-20,Monterey,053,433212,42344,42146,1794,43940,334
2021-03-20,Napa,055,140530,9305,9274,31,9305,77
2021-03-20,Nevada,057,99092,4226,4164,174,4338,89
2021-03-20,Orange,059,3164182,250509,248348,10727,259075,4522
2021-03-20,Placer,061,380077,21287,20505,1227,21732,242
2021-03-20,Plumas,063,18699,661,652,11,663,4
2021-03-20,Riverside,065,2383286,286943,282081,13796,295877,4000
2021-03-20,Sacramento,067,1510023,97641,96126,1393,97519,1488
2021-03-20,San Benito,069,59416,5836,5840,95,5935,61
2021-03-20,San Bernardino,071,2135413,288363,284690,8869,293559,3965
2021-03-20,San Diego,073,3302833,269098,267532,13252,280784,3493
2021-03-20,San Francisco,075,870044,34986,34968,1202,36170,453
2021-03-20,San Joaquin,077,732212,68978,67662,3104,70766,1161
2021-03-20,San Luis Obispo,079,281455,20201,19951,625,20576,250
2021-03-20,San Mateo,081,765935,40444,39958,429,40387,344
2021-03-20,Santa Barbara,083,443738,33565,32723,1167,33890,434
2021-03-20,Santa Clara,085,1922200,113152,113384,637,114021,1799
2021-03-20,Santa Cruz,087,273765,15697,15053,834,15887,199
2021-03-20,Shasta,089,179085,11204,11211,1366,12577,147
2021-03-20,Sierra,091,2930,54,50,14,64,0
2021-03-20,Siskiyou,093,43540,1556,1483,261,1744,5
2021-03-20,Solano,095,438530,30558,30439,397,30836,170
2021-03-20,Sonoma,097,501317,28858,28962,252,29214,309
2021-03-20,Stanislaus,099,539301,52406,51925,5662,57587,673
2021-03-20,Sutter,101,95872,9073,9014,87,9101,103
2021-03-20,Tehama,103,63373,4727,4696,520,5216,33
2021-03-20,Trinity,105,12862,444,310,72,382,3
2021-03-20,Tulare,107,460477,48887,48030,8769,56799,804
2021-03-20,Tuolumne,109,53932,3952,3950,34,3984,57
2021-03-20,Ventura,111,848112,79438,78818,2892,81710,922
2021-03-20,Yolo,113,214977,13231,13226,249,13475,190
2021-03-20,Yuba,115,75493,5663,5621,93,5714,42
2021-03-19,Alameda,001,1643700,83020,82499,1821,84320,1187
2021-03-19,Alpine,003,1148,84,82,0,82,0
2021-03-19,Amador,005,37829,3533,3515,32,3547,44
2021-03-19,Butte,007,227075,11578,11191,1691,12882,185
2021-03-19,Calaveras,009,45235,1977,1957,12,1969,49
2021-03-19,Colusa,011,21464,1885,1883,274,2157,12
2021-03-19,Contra Costa,013,1133247,65071,64195,1141,65336,737
2021-03-19,Del Norte,015,27424,1124,1071,5,1076,6
2021-03-19,El Dorado,017,186661,9342,9274,619,9893,105
2021-03-19,Fresno,019,978130,98922,97969,8301,106270,1527
2021-03-19,Glenn,021,27897,2319,2282,528,2810,17
2021-03-19,Humboldt,023,135768,3407,3388,24,3412,33
2021-03-19,Imperial,025,180216,27459,27218,2668,29886,695
2021-03-19,Inyo,027,18085,1365,1356,18,1374,35
2021-03-19,Kern,029,883053,94894,93534,10402,103936,1152
2021-03-19,Kings,031,150075,22646,22369,1060,23429,235
2021-03-19,Lake,033,64148,3320,3262,8,3270,43
2021-03-19,Lassen,035,31185,5135,5126,103,5229,1
2021-03-19,Los Angeles,037,10098052,1182719,1174818,40698,1215516,22752
2021-03-19,Madera,039,155013,15999,15877,896,16773,210
2021-03-19,Marin,041,260295,13525,13441,195,13636,220
2021-03-19,Mariposa,043,17540,388,380,6,386,5
2021-03-19,Mendocino,045,87422,3732,3639,70,3709,45
2021-03-19,Merced,047,269075,29478,29376,932,30308,412
2021-03-19,Modoc,049,8938,349,341,120,461,3
2021-03-19,Mono,051,14174,1208,1244,14,1258,3
2021-03-19,Monterey,053,433212,42335,42125,1792,43917,335
2021-03-19,Napa,055,140530,9293,9256,31,9287,77
2021-03-19,Nevada,057,99092,4215,4156,174,4330,88
2021-03-19,Orange,059,3164182,250408,248146,10716,258862,4501
2021-03-19,Placer,061,380077,21269,20451,1225,21676,242
2021-03-19,Plumas,063,18699,661,650,11,661,4
2021-03-19,Riverside,065,2383286,286861,281937,13791,295728,3989
2021-03-19,Sacramento,067,1510023,97539,95934,1390,97324,1486
2021-03-19,San Benito,069,59416,5836,5845,95,5940,61
2021-03-19,San Bernardino,071,2135413,288291,284501,8867,293368,4017
2021-03-19,San Diego,073,3302833,268963,267173,13242,280415,3491
2021-03-19,San Francisco,075,870044,34940,34936,1199,36135,461
2021-03-19,San Joaquin,077,732212,68908,67515,3090,70605,1180
2021-03-19,San Luis Obispo,079,281455,20181,19913,623,20536,249
2021-03-19,San Mateo,081,765935,40420,39893,429,40322,344
2021-03-19,Santa Barbara,083,443738,33536,32685,1166,33851,435
2021-03-19,Santa Clara,085,1922200,113077,113232,636,113868,1797
2021-03-19,Santa Cruz,087,273765,15690,15026,834,15860,199
2021-03-19,Shasta,089,179085,11197,11104,1364,12468,103
2021-03-19,Sierra,091,2930,53,49,14,63,0
2021-03-19,Siskiyou,093,43540,1556,1480,260,1740,5
2021-03-19,Solano,095,438530,30528,30395,395,30790,172
2021-03-19,Sonoma,097,501317,28837,28932,250,29182,292
2021-03-19,Stanislaus,099,539301,52348,51755,5659,57414,679
2021-03-19,Sutter,101,95872,9071,9005,87,9092,103
2021-03-19,Tehama,103,63373,4719,4685,520,5205,33
2021-03-19,Trinity,105,12862,444,310,72,382,3
2021-03-19,Tulare,107,460477,48864,47989,8746,56735,805
2021-03-19,Tuolumne,109,53932,3949,3946,34,3980,57
2021-03-19,Ventura,111,848112,79400,78753,2887,81640,920
2021-03-19,Yolo,113,214977,13223,13197,249,13446,189
2021-03-19,Yuba,115,75493,5660,5615,92,5707,42
2021-03-18,Alameda,001,1643700,82936,82419,1818,84237,1189
2021-03-18,Alpine,003,1148,84,82,0,82,0
2021-03-18,Amador,005,37829,3529,3513,32,3545,44
2021-03-18,Butte,007,227075,11567,11179,1689,12868,185
2021-03-18,Calaveras,009,45235,1975,1954,12,1966,49
2021-03-18,Colusa,011,21464,1885,1882,274,2156,12
2021-03-18,Contra Costa,013,1133247,64998,64103,1138,65241,739
2021-03-18,Del Norte,015,27424,1115,1059,5,1064,6
2021-03-18,El Dorado,017,186661,9329,9261,618,9879,105
2021-03-18,Fresno,019,978130,98825,97856,8286,106142,1527
2021-03-18,Glenn,021,27897,2315,2275,527,2802,17
2021-03-18,Humboldt,023,135768,3399,3381,24,3405,34
2021-03-18,Imperial,025,180216,27443,27190,2662,29852,695
2021-03-18,Inyo,027,18085,1362,1354,18,1372,35
2021-03-18,Kern,029,883053,94837,93458,10388,103846,1158
2021-03-18,Kings,031,150075,22639,22354,1059,23413,235
2021-03-18,Lake,033,64148,3317,3260,8,3268,43
2021-03-18,Lassen,035,31185,5134,5126,103,5229,1
2021-03-18,Los Angeles,037,10098052,1182288,1174205,40669,1214874,22689
2021-03-18,Madera,039,155013,15987,15860,893,16753,211
2021-03-18,Marin,041,260295,13507,13435,194,13629,219
2021-03-18,Mariposa,043,17540,386,380,6,386,5
2021-03-18,Mendocino,045,87422,3722,3630,70,3700,45
2021-03-18,Merced,047,269075,29443,29317,932,30249,410
2021-03-18,Modoc,049,8938,349,341,120,461,3
2021-03-18,Mono,051,14174,1204,1215,14,1229,3
2021-03-18,Monterey,053,433212,42322,42105,1792,43897,335
2021-03-18,Napa,055,140530,9284,9243,31,9274,77
2021-03-18,Nevada,057,99092,4208,4154,174,4328,74
2021-03-18,Orange,059,3164182,250305,248050,10703,258753,4514
2021-03-18,Placer,061,380077,21237,20421,1222,21643,243
2021-03-18,Plumas,063,18699,659,648,11,659,4
2021-03-18,Riverside,065,2383286,286782,281789,13784,295573,3957
2021-03-18,Sacramento,067,1510023,97391,95819,1386,97205,1481
2021-03-18,San Benito,069,59416,5834,5842,95,5937,61
2021-03-18,San Bernardino,071,2135413,288211,284294,8837,293131,4076
2021-03-18,San Diego,073,3302833,268811,266752,13232,279984,3478
2021-03-18,San Francisco,075,870044,34901,34904,1198,36102,461
2021-03-18,San Joaquin,077,732212,68808,67301,3078,70379,1169
2021-03-18,San Luis Obispo,079,281455,20152,19894,622,20516,249
2021-03-18,San Mateo,081,765935,40379,39874,429,40303,344
2021-03-18,Santa Barbara,083,443738,33494,32640,1166,33806,434
2021-03-18,Santa Clara,085,1922200,112960,113119,632,113751,1808
2021-03-18,Santa Cruz,087,273765,15680,14998,834,15832,198
2021-03-18,Shasta,089,179085,11183,11059,1362,12421,100
2021-03-18,Sierra,091,2930,53,49,14,63,0
2021-03-18,Siskiyou,093,43540,1553,1480,259,1739,5
2021-03-18,Solano,095,438530,30486,30352,392,30744,172
2021-03-18,Sonoma,097,501317,28815,28915,248,29163,292
2021-03-18,Stanislaus,099,539301,52276,51615,5655,57270,682
2021-03-18,Sutter,101,95872,9059,8999,87,9086,103
2021-03-18,Tehama,103,63373,4713,4683,519,5202,35
2021-03-18,Trinity,105,12862,444,310,72,382,3
2021-03-18,Tulare,107,460477,48845,47964,8731,56695,805
2021-03-18,Tuolumne,109,53932,3949,3942,34,3976,57
2021-03-18,Ventura,111,848112,79343,78697,2887,81584,918
2021-03-18,Yolo,113,214977,13210,13183,249,13432,191
2021-03-18,Yuba,115,75493,5656,5612,92,5704,42
2021-03-17,Alameda,001,1643700,82860,82353,1813,84166,1185
2021-03-17,Alpine,003,1148,84,82,0,82,0
2021-03-17,Amador,005,37829,3527,3511,32,3543,44
2021-03-17,Butte,007,227075,11558,11170,1687,12857,185
2021-03-17,Calaveras,009,45235,1972,1946,12,1958,49
2021-03-17,Colusa,011,21464,1884,1882,274,2156,12
2021-03-17,Contra Costa,013,1133247,64929,64026,1137,65163,737
2021-03-17,Del Norte,015,27424,1111,1053,5,1058,6
2021-03-17,El Dorado,017,186661,9319,9252,618,9870,105
2021-03-17,Fresno,019,978130,98714,97727,8268,105995,1507
2021-03-17,Glenn,021,27897,2308,2269,526,2795,17
2021-03-17,Humboldt,023,135768,3391,3365,24,3389,33
2021-03-17,Imperial,025,180216,27427,27168,2660,29828,691
2021-03-17,Inyo,027,18085,1360,1351,18,1369,35
2021-03-17,Kern,029,883053,94781,93392,10375,103767,1149
2021-03-17,Kings,031,150075,22623,22336,1058,23394,233
2021-03-17,Lake,033,64148,3310,3251,8,3259,43
2021-03-17,Lassen,035,31185,5133,5125,103,5228,1
2021-03-17,Los Angeles,037,10098052,1181835,1173416,40636,1214052,22602
2021-03-17,Madera,039,155013,15980,15835,892,16727,214
2021-03-17,Marin,041,260295,13489,13428,193,13621,218
2021-03-17,Mariposa,043,17540,386,379,6,385,5
2021-03-17,Mendocino,045,87422,3718,3625,70,3695,44
2021-03-17,Merced,047,269075,29415,29250,928,30178,408
2021-03-17,Modoc,049,8938,349,341,120,461,3
2021-03-17,Mono,051,14174,1202,1212,14,1226,3
2021-03-17,Monterey,053,433212,42303,42061,1789,43850,334
2021-03-17,Napa,055,140530,9269,9219,31,9250,76
2021-03-17,Nevada,057,99092,4198,4145,174,4319,74
2021-03-17,Orange,059,3164182,250187,247943,10675,258618,4502
2021-03-17,Placer,061,380077,21210,20369,1220,21589,243
2021-03-17,Plumas,063,18699,658,645,11,656,4
2021-03-17,Riverside,065,2383286,286671,281649,13776,295425,3925
2021-03-17,Sacramento,067,1510023,97263,95650,1381,97031,1477
2021-03-17,San Benito,069,59416,5831,5841,95,5936,61
2021-03-17,San Bernardino,071,2135413,288094,284170,8832,293002,4049
2021-03-17,San Diego,073,3302833,268600,266313,13214,279527,3470
2021-03-17,San Francisco,075,870044,34866,34873,1197,36070,457
2021-03-17,San Joaquin,077,732212,68723,67093,3062,70155,1164
2021-03-17,San Luis Obispo,079,281455,20129,19858,618,20476,249
2021-03-17,San Mateo,081,765935,40349,39838,428,40266,344
2021-03-17,Santa Barbara,083,443738,33474,32585,1165,33750,433
2021-03-17,Santa Clara,085,1922200,112867,112983,631,113614,1805
2021-03-17,Santa Cruz,087,273765,15672,14967,834,15801,199
2021-03-17,Shasta,089,179085,11178,11045,1359,12404,100
2021-03-17,Sierra,091,2930,53,49,14,63,0
2021-03-17,Siskiyou,093,43540,1552,1479,257,1736,5
2021-03-17,Solano,095,438530,30460,30320,390,30710,171
2021-03-17,Sonoma,097,501317,28791,28877,247,29124,292
2021-03-17,Stanislaus,099,539301,52202,51524,5648,57172,682
2021-03-17,Sutter,101,95872,9049,8982,87,9069,103
2021-03-17,Tehama,103,63373,4707,4670,519,5189,34
2021-03-17,Trinity,105,12862,444,308,72,380,3
2021-03-17,Tulare,107,460477,48825,47929,8721,56650,805
2021-03-17,Tuolumne,109,53932,3946,3938,34,3972,57
2021-03-17,Ventura,111,848112,79288,78648,2884,81532,916
2021-03-17,Yolo,113,214977,13194,13169,248,13417,190
2021-03-17,Yuba,115,75493,5653,5603,92,5695,42
2021-03-16,Alameda,001,1643700,82745,82259,1811,84070,1177
2021-03-16,Alpine,003,1148,84,82,0,82,0
2021-03-16,Amador,005,37829,3525,3510,32,3542,44
2021-03-16,Butte,007,227075,11546,11154,1686,12840,184
2021-03-16,Calaveras,009,45235,1967,1945,12,1957,49
2021-03-16,Colusa,011,21464,1883,1882,274,2156,12
2021-03-16,Contra Costa,013,1133247,64847,63951,1134,65085,736
2021-03-16,Del Norte,015,27424,1103,1048,5,1053,6
2021-03-16,El Dorado,017,186661,9303,9249,618,9867,105
2021-03-16,Fresno,019,978130,98578,97638,8244,105882,1498
2021-03-16,Glenn,021,27897,2300,2267,522,2789,17
2021-03-16,Humboldt,023,135768,3387,3351,24,3375,33
2021-03-16,Imperial,025,180216,27416,27143,2658,29801,689
2021-03-16,Inyo,027,18085,1359,1346,18,1364,35
2021-03-16,Kern,029,883053,94715,93340,10359,103699,1144
2021-03-16,Kings,031,150075,22587,22320,1057,23377,233
2021-03-16,Lake,033,64148,3302,3246,8,3254,43
2021-03-16,Lassen,035,31185,5132,5126,103,5229,1
2021-03-16,Los Angeles,037,10098052,1181304,1172676,40597,1213273,22527
2021-03-16,Madera,039,155013,15964,15822,890,16712,214
2021-03-16,Marin,041,260295,13471,13419,193,13612,218
2021-03-16,Mariposa,043,17540,383,379,6,385,5
2021-03-16,Mendocino,045,87422,3713,3623,70,3693,44
2021-03-16,Merced,047,269075,29362,29198,927,30125,407
2021-03-16,Modoc,049,8938,349,341,120,461,3
2021-03-16,Mono,051,14174,1201,1207,14,1221,3
2021-03-16,Monterey,053,433212,42284,42023,1789,43812,334
2021-03-16,Napa,055,140530,9259,9209,31,9240,75
2021-03-16,Nevada,057,99092,4189,4132,173,4305,67
2021-03-16,Orange,059,3164182,250048,247843,10656,258499,4479
2021-03-16,Placer,061,380077,21176,20339,1215,21554,240
2021-03-16,Plumas,063,18699,657,643,11,654,4
2021-03-16,Riverside,065,2383286,286565,281540,13763,295303,3893
2021-03-16,Sacramento,067,1510023,97120,95522,1377,96899,1466
2021-03-16,San Benito,069,59416,5826,5831,95,5926,61
2021-03-16,San Bernardino,071,2135413,287964,283980,8825,292805,4032
2021-03-16,San Diego,073,3302833,268368,265903,13201,279104,3462
2021-03-16,San Francisco,075,870044,34837,34833,1192,36025,456
2021-03-16,San Joaquin,077,732212,68621,66856,3049,69905,1163
2021-03-16,San Luis Obispo,079,281455,20100,19832,616,20448,248
2021-03-16,San Mateo,081,765935,40315,39806,426,40232,344
2021-03-16,Santa Barbara,083,443738,33442,32556,1164,33720,433
2021-03-16,Santa Clara,085,1922200,112749,112845,628,113473,1797
2021-03-16,Santa Cruz,087,273765,15666,14926,834,15760,199
2021-03-16,Shasta,089,179085,11162,11035,1356,12391,100
2021-03-16,Sierra,091,2930,52,49,14,63,0
2021-03-16,Siskiyou,093,43540,1548,1477,257,1734,5
2021-03-16,Solano,095,438530,30426,30298,389,30687,171
2021-03-16,Sonoma,097,501317,28759,28850,245,29095,291
2021-03-16,Stanislaus,099,539301,52122,51410,5641,57051,683
2021-03-16,Sutter,101,95872,9041,8970,87,9057,102
2021-03-16,Tehama,103,63373,4703,4660,518,5178,34
2021-03-16,Trinity,105,12862,444,308,71,379,3
2021-03-16,Tulare,107,460477,48778,47895,8713,56608,803
2021-03-16,Tuolumne,109,53932,3943,3938,34,3972,57
2021-03-16,Ventura,111,848112,79221,78671,2877,81548,916
2021-03-16,Yolo,113,214977,13179,13162,248,13410,190
2021-03-16,Yuba,115,75493,5650,5596,91,5687,42
2021-03-15,Alameda,001,1643700,82657,82159,1811,83970,1167
2021-03-15,Alpine,003,1148,84,82,0,82,0
2021-03-15,Amador,005,37829,3524,3506,32,3538,44
2021-03-15,Butte,007,227075,11533,11141,1682,12823,185
2021-03-15,Calaveras,009,45235,1966,1941,12,1953,49
2021-03-15,Colusa,011,21464,1883,1883,274,2157,12
2021-03-15,Contra Costa,013,1133247,64785,63847,1133,64980,732
2021-03-15,Del Norte,015,27424,1100,1048,5,1053,6
2021-03-15,El Dorado,017,186661,9297,9235,617,9852,103
2021-03-15,Fresno,019,978130,98451,97520,8229,105749,1496
2021-03-15,Glenn,021,27897,2295,2261,519,2780,15
2021-03-15,Humboldt,023,135768,3381,3337,24,3361,32
2021-03-15,Imperial,025,180216,27395,27122,2656,29778,684
2021-03-15,Inyo,027,18085,1359,1346,18,1364,35
2021-03-15,Kern,029,883053,94655,93266,10352,103618,1141
2021-03-15,Kings,031,150075,22570,22294,1052,23346,233
2021-03-15,Lake,033,64148,3290,3237,8,3245,43
2021-03-15,Lassen,035,31185,5132,5125,103,5228,1
2021-03-15,Los Angeles,037,10098052,1180738,1172445,40559,1213004,22477
2021-03-15,Madera,039,155013,15953,15806,888,16694,214
2021-03-15,Marin,041,260295,13465,13408,192,13600,218
2021-03-15,Mariposa,043,17540,383,376,6,382,5
2021-03-15,Mendocino,045,87422,3709,3615,70,3685,44
2021-03-15,Merced,047,269075,29322,29169,926,30095,407
2021-03-15,Modoc,049,8938,349,340,120,460,3
2021-03-15,Mono,051,14174,1200,1206,14,1220,3
2021-03-15,Monterey,053,433212,42256,42011,1786,43797,333
2021-03-15,Napa,055,140530,9248,9196,31,9227,75
2021-03-15,Nevada,057,99092,4184,4123,172,4295,66
2021-03-15,Orange,059,3164182,249935,247697,10635,258332,4481
2021-03-15,Placer,061,380077,21153,20308,1215,21523,238
2021-03-15,Plumas,063,18699,657,642,11,653,4
2021-03-15,Riverside,065,2383286,286420,281367,13753,295120,3856
2021-03-15,Sacramento,067,1510023,96967,95414,1371,96785,1463
2021-03-15,San Benito,069,59416,5823,5831,95,5926,61
2021-03-15,San Bernardino,071,2135413,287871,283815,8817,292632,4004
2021-03-15,San Diego,073,3302833,268118,265646,13185,278831,3452
2021-03-15,San Francisco,075,870044,34801,34820,1188,36008,456
2021-03-15,San Joaquin,077,732212,68517,66622,3036,69658,1140
2021-03-15,San Luis Obispo,079,281455,20069,19813,612,20425,247
2021-03-15,San Mateo,081,765935,40261,39765,426,40191,344
2021-03-15,Santa Barbara,083,443738,33420,32529,1161,33690,431
2021-03-15,Santa Clara,085,1922200,112646,112729,626,113355,1798
2021-03-15,Santa Cruz,087,273765,15660,14899,832,15731,200
2021-03-15,Shasta,089,179085,11146,11019,1351,12370,92
2021-03-15,Sierra,091,2930,52,49,14,63,0
2021-03-15,Siskiyou,093,43540,1548,1475,257,1732,5
2021-03-15,Solano,095,438530,30397,30258,388,30646,171
2021-03-15,Sonoma,097,501317,28741,28814,242,29056,285
2021-03-15,Stanislaus,099,539301,52044,51357,5634,56991,683
2021-03-15,Sutter,101,95872,9035,8962,87,9049,102
2021-03-15,Tehama,103,63373,4693,4650,517,5167,34
2021-03-15,Trinity,105,12862,444,308,71,379,3
2021-03-15,Tulare,107,460477,48748,47857,8698,56555,800
2021-03-15,Tuolumne,109,53932,3941,3937,33,3970,57
2021-03-15,Ventura,111,848112,79167,78626,2876,81502,910
2021-03-15,Yolo,113,214977,13160,13131,246,13377,190
2021-03-15,Yuba,115,75493,5645,5585,90,5675,42
2021-03-14,Alameda,001,1643700,82571,82116,1808,83924,1168
2021-03-14,Alpine,003,1148,84,82,0,82,0
2021-03-14,Amador,005,37829,3519,3504,32,3536,44
2021-03-14,Butte,007,227075,11520,11140,1678,12818,185
2021-03-14,Calaveras,009,45235,1962,1939,12,1951,49
2021-03-14,Colusa,011,21464,1883,1883,274,2157,12
2021-03-14,Contra Costa,013,1133247,64680,63808,1132,64940,731
2021-03-14,Del Norte,015,27424,1086,1048,5,1053,6
2021-03-14,El Dorado,017,186661,9287,9231,617,9848,103
2021-03-14,Fresno,019,978130,98343,97461,8210,105671,1496
2021-03-14,Glenn,021,27897,2290,2260,516,2776,15
2021-03-14,Humboldt,023,135768,3367,3335,24,3359,32
2021-03-14,Imperial,025,180216,27377,27122,2652,29774,685
2021-03-14,Inyo,027,18085,1355,1346,18,1364,35
2021-03-14,Kern,029,883053,94572,93252,10334,103586,1141
2021-03-14,Kings,031,150075,22551,22292,1049,23341,232
2021-03-14,Lake,033,64148,3285,3237,8,3245,43
2021-03-14,Lassen,035,31185,5130,5125,103,5228,1
2021-03-14,Los Angeles,037,10098052,1180169,1172100,40523,1212623,22476
2021-03-14,Madera,039,155013,15928,15804,888,16692,214
2021-03-14,Marin,041,260295,13449,13405,190,13595,218
2021-03-14,Mariposa,043,17540,381,376,6,382,5
2021-03-14,Mendocino,045,87422,3704,3613,70,3683,44
2021-03-14,Merced,047,269075,29254,29149,922,30071,407
2021-03-14,Modoc,049,8938,349,340,120,460,3
2021-03-14,Mono,051,14174,1194,1206,14,1220,3
2021-03-14,Monterey,053,433212,42234,42007,1782,43789,333
2021-03-14,Napa,055,140530,9230,9194,31,9225,75
2021-03-14,Nevada,057,99092,4178,4122,170,4292,66
2021-03-14,Orange,059,3164182,249801,247656,10614,258270,4460
2021-03-14,Placer,061,380077,21119,20288,1207,21495,238
2021-03-14,Plumas,063,18699,655,642,11,653,4
2021-03-14,Riverside,065,2383286,286267,281332,13745,295077,3845
2021-03-14,Sacramento,067,1510023,96789,95343,1366,96709,1462
2021-03-14,San Benito,069,59416,5814,5829,95,5924,61
2021-03-14,San Bernardino,071,2135413,287747,283791,8806,292597,3996
2021-03-14,San Diego,073,3302833,267883,265468,13172,278640,3452
2021-03-14,San Francisco,075,870044,34762,34810,1185,35995,455
2021-03-14,San Joaquin,077,732212,68389,66563,3019,69582,1140
2021-03-14,San Luis Obispo,079,281455,20040,19806,610,20416,247
2021-03-14,San Mateo,081,765935,40222,39744,426,40170,342
2021-03-14,Santa Barbara,083,443738,33376,32514,1159,33673,431
2021-03-14,Santa Clara,085,1922200,112518,112648,625,113273,1796
2021-03-14,Santa Cruz,087,273765,15643,14887,830,15717,200
2021-03-14,Shasta,089,179085,11130,11019,1344,12363,92
2021-03-14,Sierra,091,2930,52,49,14,63,0
2021-03-14,Siskiyou,093,43540,1544,1473,256,1729,5
2021-03-14,Solano,095,438530,30365,30230,383,30613,171
2021-03-14,Sonoma,097,501317,28707,28798,238,29036,284
2021-03-14,Stanislaus,099,539301,51923,51306,5626,56932,690
2021-03-14,Sutter,101,95872,9019,8958,87,9045,102
2021-03-14,Tehama,103,63373,4681,4650,516,5166,34
2021-03-14,Trinity,105,12862,443,308,70,378,3
2021-03-14,Tulare,107,460477,48715,47845,8677,56522,800
2021-03-14,Tuolumne,109,53932,3939,3937,33,3970,57
2021-03-14,Ventura,111,848112,79114,78611,2870,81481,910
2021-03-14,Yolo,113,214977,13138,13128,242,13370,189
2021-03-14,Yuba,115,75493,5635,5583,90,5673,42
2021-03-13,Alameda,001,1643700,82511,82010,1808,83818,1168
2021-03-13,Alpine,003,1148,84,82,0,82,0
2021-03-13,Amador,005,37829,3516,3504,32,3536,44
2021-03-13,Butte,007,227075,11511,11131,1677,12808,185
2021-03-13,Calaveras,009,45235,1962,1939,12,1951,49
2021-03-13,Colusa,011,21464,1883,1882,274,2156,12
2021-03-13,Contra Costa,013,1133247,64619,63689,1132,64821,731
2021-03-13,Del Norte,015,27424,1082,1041,5,1046,6
2021-03-13,El Dorado,017,186661,9279,9221,617,9838,103
2021-03-13,Fresno,019,978130,98284,97324,8190,105514,1495
2021-03-13,Glenn,021,27897,2289,2260,515,2775,15
2021-03-13,Humboldt,023,135768,3360,3325,24,3349,32
2021-03-13,Imperial,025,180216,27372,27099,2647,29746,677
2021-03-13,Inyo,027,18085,1354,1344,18,1362,35
2021-03-13,Kern,029,883053,94533,93197,10328,103525,1140
2021-03-13,Kings,031,150075,22535,22265,1048,23313,232
2021-03-13,Lake,033,64148,3278,3234,7,3241,43
2021-03-13,Lassen,035,31185,5130,5125,103,5228,1
2021-03-13,Los Angeles,037,10098052,1179853,1171505,40480,1211985,22451
2021-03-13,Madera,039,155013,15916,15780,888,16668,214
2021-03-13,Marin,041,260295,13443,13391,188,13579,218
2021-03-13,Mariposa,043,17540,380,376,6,382,5
2021-03-13,Mendocino,045,87422,3700,3611,70,3681,44
2021-03-13,Merced,047,269075,29223,29106,922,30028,406
2021-03-13,Modoc,049,8938,349,340,119,459,3
2021-03-13,Mono,051,14174,1194,1207,14,1221,3
2021-03-13,Monterey,053,433212,42224,41989,1780,43769,332
2021-03-13,Napa,055,140530,9224,9190,31,9221,75
2021-03-13,Nevada,057,99092,4171,4111,169,4280,66
2021-03-13,Orange,059,3164182,249721,247514,10598,258112,4423
2021-03-13,Placer,061,380077,21098,20238,1204,21442,239
2021-03-13,Plumas,063,18699,653,642,11,653,4
2021-03-13,Riverside,065,2383286,286179,281191,13736,294927,3848
2021-03-13,Sacramento,067,1510023,96703,95192,1364,96556,1461
2021-03-13,San Benito,069,59416,5811,5823,95,5918,61
2021-03-13,San Bernardino,071,2135413,287694,283727,8800,292527,3972
2021-03-13,San Diego,073,3302833,267728,265270,13158,278428,3444
2021-03-13,San Francisco,075,870044,34745,34784,1176,35960,455
2021-03-13,San Joaquin,077,732212,68333,66480,2997,69477,1141
2021-03-13,San Luis Obispo,079,281455,20022,19789,609,20398,247
2021-03-13,San Mateo,081,765935,40195,39689,425,40114,341
2021-03-13,Santa Barbara,083,443738,33351,32486,1158,33644,431
2021-03-13,Santa Clara,085,1922200,112433,112531,624,113155,1790
2021-03-13,Santa Cruz,087,273765,15636,14875,830,15705,199
2021-03-13,Shasta,089,179085,11122,11021,1341,12362,108
2021-03-13,Sierra,091,2930,51,49,14,63,0
2021-03-13,Siskiyou,093,43540,1543,1470,256,1726,5
2021-03-13,Solano,095,438530,30348,30198,383,30581,171
2021-03-13,Sonoma,097,501317,28687,28762,234,28996,285
2021-03-13,Stanislaus,099,539301,51872,51257,5621,56878,695
2021-03-13,Sutter,101,95872,9012,8948,87,9035,102
2021-03-13,Tehama,103,63373,4679,4647,516,5163,33
2021-03-13,Trinity,105,12862,443,306,70,376,3
2021-03-13,Tulare,107,460477,48689,47818,8668,56486,798
2021-03-13,Tuolumne,109,53932,3936,3937,33,3970,57
2021-03-13,Ventura,111,848112,79065,78693,2870,81563,906
2021-03-13,Yolo,113,214977,13130,13087,241,13328,189
2021-03-13,Yuba,115,75493,5634,5577,90,5667,42
2021-03-12,Alameda,001,1643700,82432,81898,1807,83705,1164
2021-03-12,Alpine,003,1148,84,82,0,82,0
2021-03-12,Amador,005,37829,3513,3503,32,3535,44
2021-03-12,Butte,007,227075,11501,11126,1675,12801,184
2021-03-12,Calaveras,009,45235,1960,1916,12,1928,49
2021-03-12,Colusa,011,21464,1883,1883,274,2157,12
2021-03-12,Contra Costa,013,1133247,64543,63583,1131,64714,728
2021-03-12,Del Norte,015,27424,1076,1033,5,1038,6
2021-03-12,El Dorado,017,186661,9270,9219,617,9836,103
2021-03-12,Fresno,019,978130,98187,97185,8178,105363,1489
2021-03-12,Glenn,021,27897,2288,2258,514,2772,15
2021-03-12,Humboldt,023,135768,3355,3315,24,3339,32
2021-03-12,Imperial,025,180216,27361,27071,2645,29716,677
2021-03-12,Inyo,027,18085,1352,1339,18,1357,35
2021-03-12,Kern,029,883053,94499,93142,10312,103454,1132
2021-03-12,Kings,031,150075,22516,22233,1048,23281,232
2021-03-12,Lake,033,64148,3272,3226,6,3232,43
2021-03-12,Lassen,035,31185,5130,5125,102,5227,1
2021-03-12,Los Angeles,037,10098052,1179456,1170860,40463,1211323,22409
2021-03-12,Madera,039,155013,15904,15761,885,16646,214
2021-03-12,Marin,041,260295,13436,13375,188,13563,218
2021-03-12,Mariposa,043,17540,378,376,6,382,5
2021-03-12,Mendocino,045,87422,3697,3605,70,3675,43
2021-03-12,Merced,047,269075,29192,29064,922,29986,403
2021-03-12,Modoc,049,8938,349,340,119,459,3
2021-03-12,Mono,051,14174,1193,1206,14,1220,3
2021-03-12,Monterey,053,433212,42210,41964,1775,43739,329
2021-03-12,Napa,055,140530,9215,9180,31,9211,75
2021-03-12,Nevada,057,99092,4161,4101,169,4270,66
2021-03-12,Orange,059,3164182,249629,247388,10587,257975,4401
2021-03-12,Placer,061,380077,21065,20210,1199,21409,239
2021-03-12,Plumas,063,18699,652,641,11,652,4
2021-03-12,Riverside,065,2383286,286080,281037,13728,294765,3854
2021-03-12,Sacramento,067,1510023,96579,95061,1357,96418,1460
2021-03-12,San Benito,069,59416,5808,5817,95,5912,61
2021-03-12,San Bernardino,071,2135413,287636,283558,8795,292353,3917
2021-03-12,San Diego,073,3302833,267565,264886,13150,278036,3434
2021-03-12,San Francisco,075,870044,34724,34758,1173,35931,452
2021-03-12,San Joaquin,077,732212,68262,66482,2988,69470,1144
2021-03-12,San Luis Obispo,079,281455,20008,19769,607,20376,247
2021-03-12,San Mateo,081,765935,40159,39638,423,40061,341
2021-03-12,Santa Barbara,083,443738,33328,32457,1155,33612,429
2021-03-12,Santa Clara,085,1922200,112338,112396,623,113019,1766
2021-03-12,Santa Cruz,087,273765,15624,14846,828,15674,195
2021-03-12,Shasta,089,179085,11114,11143,1339,12482,153
2021-03-12,Sierra,091,2930,51,49,14,63,0
2021-03-12,Siskiyou,093,43540,1543,1468,255,1723,5
2021-03-12,Solano,095,438530,30329,30180,382,30562,171
2021-03-12,Sonoma,097,501317,28660,28714,234,28948,285
2021-03-12,Stanislaus,099,539301,51814,51146,5614,56760,701
2021-03-12,Sutter,101,95872,9006,8940,87,9027,101
2021-03-12,Tehama,103,63373,4675,4638,515,5153,33
2021-03-12,Trinity,105,12862,442,306,69,375,3
2021-03-12,Tulare,107,460477,48664,47772,8662,56434,798
2021-03-12,Tuolumne,109,53932,3935,3936,33,3969,57
2021-03-12,Ventura,111,848112,79022,78698,2866,81564,899
2021-03-12,Yolo,113,214977,13120,13061,234,13295,189
2021-03-12,Yuba,115,75493,5627,5563,89,5652,42
2021-03-11,Alameda,001,1643700,82338,81809,1802,83611,1164
2021-03-11,Alpine,003,1148,84,78,0,78,0
2021-03-11,Amador,005,37829,3512,3498,32,3530,42
2021-03-11,Butte,007,227075,11490,11110,1673,12783,185
2021-03-11,Calaveras,009,45235,1957,1915,12,1927,49
2021-03-11,Colusa,011,21464,1883,1883,274,2157,12
2021-03-11,Contra Costa,013,1133247,64470,63469,1129,64598,728
2021-03-11,Del Norte,015,27424,1071,1027,5,1032,6
2021-03-11,El Dorado,017,186661,9256,9211,617,9828,101
2021-03-11,Fresno,019,978130,98072,97026,8150,105176,1481
2021-03-11,Glenn,021,27897,2285,2255,514,2769,15
2021-03-11,Humboldt,023,135768,3338,3302,24,3326,32
2021-03-11,Imperial,025,180216,27354,27045,2642,29687,675
2021-03-11,Inyo,027,18085,1347,1335,18,1353,35
2021-03-11,Kern,029,883053,94443,93052,10273,103325,1121
2021-03-11,Kings,031,150075,22501,22183,1045,23228,230
2021-03-11,Lake,033,64148,3268,3214,6,3220,42
2021-03-11,Lassen,035,31185,5129,5124,102,5226,1
2021-03-11,Los Angeles,037,10098052,1178925,1170111,40431,1210542,22316
2021-03-11,Madera,039,155013,15893,15725,883,16608,214
2021-03-11,Marin,041,260295,13424,13356,187,13543,217
2021-03-11,Mariposa,043,17540,378,376,6,382,5
2021-03-11,Mendocino,045,87422,3690,3604,70,3674,42
2021-03-11,Merced,047,269075,29143,29001,921,29922,401
2021-03-11,Modoc,049,8938,349,340,119,459,3
2021-03-11,Mono,051,14174,1192,1206,14,1220,3
2021-03-11,Monterey,053,433212,42187,41936,1769,43705,329
2021-03-11,Napa,055,140530,9202,9173,31,9204,75
2021-03-11,Nevada,057,99092,4149,4085,167,4252,66
2021-03-11,Orange,059,3164182,249490,247217,10569,257786,4373
2021-03-11,Placer,061,380077,21022,20178,1195,21373,239
2021-03-11,Plumas,063,18699,651,640,11,651,4
2021-03-11,Riverside,065,2383286,285915,280881,13715,294596,3842
2021-03-11,Sacramento,067,1510023,96438,94912,1354,96266,1455
2021-03-11,San Benito,069,59416,5805,5816,95,5911,61
2021-03-11,San Bernardino,071,2135413,287539,283312,8789,292101,3869
2021-03-11,San Diego,073,3302833,267401,264524,13134,277658,3422
2021-03-11,San Francisco,075,870044,34688,34722,1167,35889,452
2021-03-11,San Joaquin,077,732212,68149,66522,2980,69502,1157
2021-03-11,San Luis Obispo,079,281455,19984,19748,606,20354,247
2021-03-11,San Mateo,081,765935,40122,39590,422,40012,341
2021-03-11,Santa Barbara,083,443738,33301,32408,1152,33560,430
2021-03-11,Santa Clara,085,1922200,112207,112246,620,112866,1765
2021-03-11,Santa Cruz,087,273765,15612,14812,827,15639,193
2021-03-11,Shasta,089,179085,11104,11139,1334,12473,158
2021-03-11,Sierra,091,2930,51,48,14,62,0
2021-03-11,Siskiyou,093,43540,1540,1466,255,1721,5
2021-03-11,Solano,095,438530,30301,30138,381,30519,171
2021-03-11,Sonoma,097,501317,28631,28677,234,28911,285
2021-03-11,Stanislaus,099,539301,51729,51038,5606,56644,707
2021-03-11,Sutter,101,95872,9000,8933,87,9020,101
2021-03-11,Tehama,103,63373,4666,4632,514,5146,33
2021-03-11,Trinity,105,12862,441,304,68,372,3
2021-03-11,Tulare,107,460477,48627,47709,8651,56360,797
2021-03-11,Tuolumne,109,53932,3933,3934,33,3967,57
2021-03-11,Ventura,111,848112,78972,78697,2862,81559,889
2021-03-11,Yolo,113,214977,13103,13041,232,13273,190
2021-03-11,Yuba,115,75493,5623,5553,89,5642,42
2021-03-10,Alameda,001,1643700,82229,81701,1797,83498,1160
2021-03-10,Alpine,003,1148,83,78,0,78,0
2021-03-10,Amador,005,37829,3510,3496,32,3528,42
2021-03-10,Butte,007,227075,11480,11096,1673,12769,185
2021-03-10,Calaveras,009,45235,1951,1913,12,1925,48
2021-03-10,Colusa,011,21464,1883,1882,274,2156,12
2021-03-10,Contra Costa,013,1133247,64371,63372,1125,64497,725
2021-03-10,Del Norte,015,27424,1069,1020,5,1025,5
2021-03-10,El Dorado,017,186661,9243,9203,617,9820,100
2021-03-10,Fresno,019,978130,97964,96866,8133,104999,1471
2021-03-10,Glenn,021,27897,2282,2253,512,2765,15
2021-03-10,Humboldt,023,135768,3328,3296,23,3319,32
2021-03-10,Imperial,025,180216,27339,27051,2642,29693,675
2021-03-10,Inyo,027,18085,1347,1328,18,1346,35
2021-03-10,Kern,029,883053,94377,92965,10250,103215,1102
2021-03-10,Kings,031,150075,22482,22166,1043,23209,226
2021-03-10,Lake,033,64148,3258,3207,6,3213,42
2021-03-10,Lassen,035,31185,5129,5120,102,5222,1
2021-03-10,Los Angeles,037,10098052,1178379,1169079,40404,1209483,22199
2021-03-10,Madera,039,155013,15872,15705,880,16585,212
2021-03-10,Marin,041,260295,13414,13348,186,13534,216
2021-03-10,Mariposa,043,17540,378,376,6,382,5
2021-03-10,Mendocino,045,87422,3685,3602,70,3672,42
2021-03-10,Merced,047,269075,29106,28927,918,29845,401
2021-03-10,Modoc,049,8938,348,338,119,457,3
2021-03-10,Mono,051,14174,1189,1204,14,1218,3
2021-03-10,Monterey,053,433212,42165,41920,1765,43685,329
2021-03-10,Napa,055,140530,9193,9165,31,9196,75
2021-03-10,Nevada,057,99092,4145,4074,167,4241,66
2021-03-10,Orange,059,3164182,249341,247075,10552,257627,4342
2021-03-10,Placer,061,380077,20987,20144,1189,21333,239
2021-03-10,Plumas,063,18699,650,639,11,650,4
2021-03-10,Riverside,065,2383286,285778,280708,13701,294409,3822
2021-03-10,Sacramento,067,1510023,96308,94796,1348,96144,1452
2021-03-10,San Benito,069,59416,5796,5811,95,5906,61
2021-03-10,San Bernardino,071,2135413,287447,283140,8783,291923,3841
2021-03-10,San Diego,073,3302833,267180,264094,13122,277216,3413
2021-03-10,San Francisco,075,870044,34654,34688,1158,35846,450
2021-03-10,San Joaquin,077,732212,68047,66483,2963,69446,1156
2021-03-10,San Luis Obispo,079,281455,19960,19710,602,20312,247
2021-03-10,San Mateo,081,765935,40098,39571,422,39993,338
2021-03-10,Santa Barbara,083,443738,33274,32356,1149,33505,429
2021-03-10,Santa Clara,085,1922200,112100,112103,616,112719,1759
2021-03-10,Santa Cruz,087,273765,15597,14790,826,15616,192
2021-03-10,Shasta,089,179085,11094,11125,1331,12456,155
2021-03-10,Sierra,091,2930,51,48,14,62,0
2021-03-10,Siskiyou,093,43540,1538,1458,255,1713,5
2021-03-10,Solano,095,438530,30271,30111,380,30491,170
2021-03-10,Sonoma,097,501317,28596,28638,233,28871,286
2021-03-10,Stanislaus,099,539301,51640,50968,5587,56555,706
2021-03-10,Sutter,101,95872,8989,8918,87,9005,101
2021-03-10,Tehama,103,63373,4656,4623,514,5137,33
2021-03-10,Trinity,105,12862,441,304,68,372,3
2021-03-10,Tulare,107,460477,48579,47659,8632,56291,793
2021-03-10,Tuolumne,109,53932,3932,3931,33,3964,57
2021-03-10,Ventura,111,848112,78895,78609,2860,81469,878
2021-03-10,Yolo,113,214977,13080,13021,231,13252,189
2021-03-10,Yuba,115,75493,5609,5545,88,5633,42
2021-03-09,Alameda,001,1643700,82143,81618,1797,83415,1151
2021-03-09,Alpine,003,1148,83,78,0,78,0
2021-03-09,Amador,005,37829,3508,3494,32,3526,42
2021-03-09,Butte,007,227075,11467,11092,1671,12763,185
2021-03-09,Calaveras,009,45235,1949,1913,12,1925,48
2021-03-09,Colusa,011,21464,1883,1880,274,2154,11
2021-03-09,Contra Costa,013,1133247,64278,63314,1123,64437,723
2021-03-09,Del Norte,015,27424,1061,1017,5,1022,5
2021-03-09,El Dorado,017,186661,9236,9198,617,9815,98
2021-03-09,Fresno,019,978130,97845,96744,8107,104851,1463
2021-03-09,Glenn,021,27897,2278,2251,510,2761,15
2021-03-09,Humboldt,023,135768,3316,3288,22,3310,32
2021-03-09,Imperial,025,180216,27330,27045,2638,29683,675
2021-03-09,Inyo,027,18085,1345,1324,18,1342,35
2021-03-09,Kern,029,883053,94298,92924,10232,103156,1088
2021-03-09,Kings,031,150075,22457,22143,1041,23184,226
2021-03-09,Lake,033,64148,3252,3202,6,3208,42
2021-03-09,Lassen,035,31185,5129,5120,102,5222,1
2021-03-09,Los Angeles,037,10098052,1177783,1167967,40370,1208337,22080
2021-03-09,Madera,039,155013,15861,15701,878,16579,211
2021-03-09,Marin,041,260295,13396,13335,184,13519,214
2021-03-09,Mariposa,043,17540,378,376,6,382,5
2021-03-09,Mendocino,045,87422,3681,3595,70,3665,42
2021-03-09,Merced,047,269075,29044,28876,917,29793,399
2021-03-09,Modoc,049,8938,348,338,118,456,3
2021-03-09,Mono,051,14174,1188,1203,14,1217,3
2021-03-09,Monterey,053,433212,42147,41894,1756,43650,329
2021-03-09,Napa,055,140530,9179,9155,31,9186,75
2021-03-09,Nevada,057,99092,4137,4062,167,4229,66
2021-03-09,Orange,059,3164182,249198,246989,10531,257520,4310
2021-03-09,Placer,061,380077,20945,20122,1184,21306,239
2021-03-09,Plumas,063,18699,647,639,11,650,4
2021-03-09,Riverside,065,2383286,285648,280562,13696,294258,3821
2021-03-09,Sacramento,067,1510023,96141,94720,1342,96062,1442
2021-03-09,San Benito,069,59416,5792,5800,95,5895,61
2021-03-09,San Bernardino,071,2135413,287334,282971,8776,291747,3823
2021-03-09,San Diego,073,3302833,266948,263745,13101,276846,3405
2021-03-09,San Francisco,075,870044,34623,34654,1154,35808,450
2021-03-09,San Joaquin,077,732212,67919,66383,2953,69336,1150
2021-03-09,San Luis Obispo,079,281455,19942,19672,595,20267,245
2021-03-09,San Mateo,081,765935,40051,39535,420,39955,336
2021-03-09,Santa Barbara,083,443738,33233,32314,1147,33461,428
2021-03-09,Santa Clara,085,1922200,111989,111963,611,112574,1756
2021-03-09,Santa Cruz,087,273765,15575,14764,825,15589,188
2021-03-09,Shasta,089,179085,11087,11113,1325,12438,155
2021-03-09,Sierra,091,2930,51,48,14,62,0
2021-03-09,Siskiyou,093,43540,1534,1447,253,1700,5
2021-03-09,Solano,095,438530,30235,30090,378,30468,169
2021-03-09,Sonoma,097,501317,28546,28601,230,28831,284
2021-03-09,Stanislaus,099,539301,51545,50884,5577,56461,703
2021-03-09,Sutter,101,95872,8976,8914,87,9001,101
2021-03-09,Tehama,103,63373,4648,4620,513,5133,33
2021-03-09,Trinity,105,12862,441,304,68,372,3
2021-03-09,Tulare,107,460477,48553,47637,8609,56246,792
2021-03-09,Tuolumne,109,53932,3930,3929,33,3962,56
2021-03-09,Ventura,111,848112,78825,78526,2857,81383,863
2021-03-09,Yolo,113,214977,13069,13015,230,13245,189
2021-03-09,Yuba,115,75493,5602,5539,88,5627,42
2021-03-08,Alameda,001,1643700,82030,81543,1796,83339,1142
2021-03-08,Alpine,003,1148,83,78,0,78,0
2021-03-08,Amador,005,37829,3505,3490,32,3522,42
2021-03-08,Butte,007,227075,11452,11082,1670,12752,185
2021-03-08,Calaveras,009,45235,1945,1909,12,1921,48
2021-03-08,Colusa,011,21464,1883,1877,274,2151,11
2021-03-08,Contra Costa,013,1133247,64185,63240,1123,64363,719
2021-03-08,Del Norte,015,27424,1056,1012,5,1017,5
2021-03-08,El Dorado,017,186661,9233,9188,616,9804,97
2021-03-08,Fresno,019,978130,97745,96665,8084,104749,1442
2021-03-08,Glenn,021,27897,2277,2249,510,2759,15
2021-03-08,Humboldt,023,135768,3302,3278,22,3300,31
2021-03-08,Imperial,025,180216,27323,27033,2635,29668,663
2021-03-08,Inyo,027,18085,1343,1320,18,1338,35
2021-03-08,Kern,029,883053,94231,92857,10211,103068,1087
2021-03-08,Kings,031,150075,22436,22130,1039,23169,226
2021-03-08,Lake,033,64148,3240,3195,6,3201,42
2021-03-08,Lassen,035,31185,5129,5119,102,5221,1
2021-03-08,Los Angeles,037,10098052,1177166,1163409,40338,1203747,21868
2021-03-08,Madera,039,155013,15851,15691,876,16567,211
2021-03-08,Marin,041,260295,13376,13328,182,13510,214
2021-03-08,Mariposa,043,17540,378,376,6,382,5
2021-03-08,Mendocino,045,87422,3679,3590,69,3659,42
2021-03-08,Merced,047,269075,28984,28841,916,29757,398
2021-03-08,Modoc,049,8938,348,338,118,456,3
2021-03-08,Mono,051,14174,1187,1200,14,1214,3
2021-03-08,Monterey,053,433212,42126,41863,1755,43618,328
2021-03-08,Napa,055,140530,9176,9146,31,9177,75
2021-03-08,Nevada,057,99092,4129,4059,167,4226,66
2021-03-08,Orange,059,3164182,249026,246900,10499,257399,4243
2021-03-08,Placer,061,380077,20910,20102,1173,21275,239
2021-03-08,Plumas,063,18699,646,635,11,646,4
2021-03-08,Riverside,065,2383286,285508,280463,13687,294150,3783
2021-03-08,Sacramento,067,1510023,95971,94654,1337,95991,1438
2021-03-08,San Benito,069,59416,5789,5797,95,5892,61
2021-03-08,San Bernardino,071,2135413,287225,282894,8767,291661,3811
2021-03-08,San Diego,073,3302833,266707,263272,13086,276358,3390
2021-03-08,San Francisco,075,870044,34596,34634,1150,35784,446
2021-03-08,San Joaquin,077,732212,67803,66307,2944,69251,1139
2021-03-08,San Luis Obispo,079,281455,19900,19656,591,20247,245
2021-03-08,San Mateo,081,765935,40002,39492,418,39910,335
2021-03-08,Santa Barbara,083,443738,33201,32293,1147,33440,427
2021-03-08,Santa Clara,085,1922200,111861,111882,609,112491,1756
2021-03-08,Santa Cruz,087,273765,15555,14729,825,15554,188
2021-03-08,Shasta,089,179085,11079,11088,1320,12408,155
2021-03-08,Sierra,091,2930,51,48,14,62,0
2021-03-08,Siskiyou,093,43540,1533,1440,253,1693,5
2021-03-08,Solano,095,438530,30195,30068,376,30444,169
2021-03-08,Sonoma,097,501317,28502,28571,229,28800,284
2021-03-08,Stanislaus,099,539301,51465,50825,5572,56397,690
2021-03-08,Sutter,101,95872,8973,8905,87,8992,100
2021-03-08,Tehama,103,63373,4645,4615,512,5127,33
2021-03-08,Trinity,105,12862,440,302,68,370,3
2021-03-08,Tulare,107,460477,48513,47587,8582,56169,791
2021-03-08,Tuolumne,109,53932,3929,3921,33,3954,56
2021-03-08,Ventura,111,848112,78754,78526,2849,81375,852
2021-03-08,Yolo,113,214977,13046,13000,229,13229,189
2021-03-08,Yuba,115,75493,5592,5530,88,5618,42
2021-03-07,Alameda,001,1643700,81912,81413,1795,83208,1145
2021-03-07,Alpine,003,1148,83,78,0,78,0
2021-03-07,Amador,005,37829,3502,3489,32,3521,42
2021-03-07,Butte,007,227075,11437,11075,1669,12744,185
2021-03-07,Calaveras,009,45235,1941,1906,12,1918,48
2021-03-07,Colusa,011,21464,1882,1876,274,2150,11
2021-03-07,Contra Costa,013,1133247,64086,63148,1121,64269,719
2021-03-07,Del Norte,015,27424,1051,1010,5,1015,5
2021-03-07,El Dorado,017,186661,9231,9184,615,9799,97
2021-03-07,Fresno,019,978130,97568,96549,8059,104608,1442
2021-03-07,Glenn,021,27897,2275,2244,510,2754,15
2021-03-07,Humboldt,023,135768,3292,3274,22,3296,31
2021-03-07,Imperial,025,180216,27314,27019,2633,29652,658
2021-03-07,Inyo,027,18085,1340,1320,18,1338,35
2021-03-07,Kern,029,883053,94144,92746,10180,102926,1086
2021-03-07,Kings,031,150075,22415,22103,1038,23141,224
2021-03-07,Lake,033,64148,3234,3192,6,3198,42
2021-03-07,Lassen,035,31185,5128,5119,102,5221,1
2021-03-07,Los Angeles,037,10098052,1176443,1162749,40300,1203049,21857
2021-03-07,Madera,039,155013,15832,15675,876,16551,211
2021-03-07,Marin,041,260295,13368,13313,180,13493,214
2021-03-07,Mariposa,043,17540,377,376,6,382,5
2021-03-07,Mendocino,045,87422,3676,3581,69,3650,42
2021-03-07,Merced,047,269075,28911,28829,911,29740,399
2021-03-07,Modoc,049,8938,348,338,118,456,3
2021-03-07,Mono,051,14174,1185,1199,14,1213,3
2021-03-07,Monterey,053,433212,42105,41858,1752,43610,328
2021-03-07,Napa,055,140530,9166,9137,31,9168,75
2021-03-07,Nevada,057,99092,4115,4052,166,4218,66
2021-03-07,Orange,059,3164182,248835,246771,10471,257242,4218
2021-03-07,Placer,061,380077,20870,20070,1169,21239,239
2021-03-07,Plumas,063,18699,645,635,11,646,4
2021-03-07,Riverside,065,2383286,285361,280379,13678,294057,3779
2021-03-07,Sacramento,067,1510023,95794,94513,1329,95842,1437
2021-03-07,San Benito,069,59416,5782,5795,95,5890,61
2021-03-07,San Bernardino,071,2135413,287075,282860,8761,291621,3810
2021-03-07,San Diego,073,3302833,266425,262965,13062,276027,3390
2021-03-07,San Francisco,075,870044,34562,34594,1145,35739,445
2021-03-07,San Joaquin,077,732212,67668,66252,2930,69182,1139
2021-03-07,San Luis Obispo,079,281455,19863,19614,589,20203,245
2021-03-07,San Mateo,081,765935,39962,39436,415,39851,329
2021-03-07,Santa Barbara,083,443738,33154,32218,1146,33364,425
2021-03-07,Santa Clara,085,1922200,111715,111745,605,112350,1752
2021-03-07,Santa Cruz,087,273765,15533,14715,824,15539,189
2021-03-07,Shasta,089,179085,11066,11083,1312,12395,156
2021-03-07,Sierra,091,2930,50,48,14,62,0
2021-03-07,Siskiyou,093,43540,1530,1435,249,1684,5
2021-03-07,Solano,095,438530,30158,30027,376,30403,169
2021-03-07,Sonoma,097,501317,28453,28533,227,28760,284
2021-03-07,Stanislaus,099,539301,51333,50783,5554,56337,699
2021-03-07,Sutter,101,95872,8963,8900,87,8987,100
2021-03-07,Tehama,103,63373,4635,4614,509,5123,33
2021-03-07,Trinity,105,12862,440,302,68,370,3
2021-03-07,Tulare,107,460477,48455,47569,8549,56118,790
2021-03-07,Tuolumne,109,53932,3928,3922,32,3954,56
2021-03-07,Ventura,111,848112,78656,78487,2845,81332,851
2021-03-07,Yolo,113,214977,13027,12988,229,13217,189
2021-03-07,Yuba,115,75493,5588,5516,88,5604,42
2021-03-06,Alameda,001,1643700,81858,81310,1794,83104,1143
2021-03-06,Alpine,003,1148,83,78,0,78,0
2021-03-06,Amador,005,37829,3498,3487,32,3519,42
2021-03-06,Butte,007,227075,11434,11065,1668,12733,185
2021-03-06,Calaveras,009,45235,1938,1904,12,1916,48
2021-03-06,Colusa,011,21464,1880,1874,274,2148,11
2021-03-06,Contra Costa,013,1133247,64025,63040,1117,64157,719
2021-03-06,Del Norte,015,27424,1046,1000,5,1005,5
2021-03-06,El Dorado,017,186661,9227,9166,615,9781,97
2021-03-06,Fresno,019,978130,97475,96366,8045,104411,1440
2021-03-06,Glenn,021,27897,2275,2241,510,2751,15
2021-03-06,Humboldt,023,135768,3282,3260,22,3282,31
2021-03-06,Imperial,025,180216,27310,27009,2628,29637,658
2021-03-06,Inyo,027,18085,1337,1312,18,1330,35
2021-03-06,Kern,029,883053,94098,92684,10160,102844,1082
2021-03-06,Kings,031,150075,22398,22094,1038,23132,224
2021-03-06,Lake,033,64148,3232,3189,6,3195,42
2021-03-06,Lassen,035,31185,5128,5119,102,5221,1
2021-03-06,Los Angeles,037,10098052,1176008,1161745,40270,1202015,21843
2021-03-06,Madera,039,155013,15823,15646,874,16520,211
2021-03-06,Marin,041,260295,13359,13289,180,13469,213
2021-03-06,Mariposa,043,17540,377,376,6,382,5
2021-03-06,Mendocino,045,87422,3674,3579,69,3648,42
2021-03-06,Merced,047,269075,28869,28771,911,29682,399
2021-03-06,Modoc,049,8938,347,338,118,456,3
2021-03-06,Mono,051,14174,1184,1198,14,1212,3
2021-03-06,Monterey,053,433212,42100,41838,1749,43587,327
2021-03-06,Napa,055,140530,9158,9129,31,9160,75
2021-03-06,Nevada,057,99092,4109,4044,166,4210,66
2021-03-06,Orange,059,3164182,248744,246634,10457,257091,4165
2021-03-06,Placer,061,380077,20847,20030,1167,21197,239
2021-03-06,Plumas,063,18699,645,634,11,645,4
2021-03-06,Riverside,065,2383286,285269,280225,13669,293894,3781
2021-03-06,Sacramento,067,1510023,95705,94332,1320,95652,1436
2021-03-06,San Benito,069,59416,5777,5793,95,5888,61
2021-03-06,San Bernardino,071,2135413,286991,282737,8759,291496,3791
2021-03-06,San Diego,073,3302833,266237,262778,13046,275824,3385
2021-03-06,San Francisco,075,870044,34531,34560,1141,35701,435
2021-03-06,San Joaquin,077,732212,67593,66162,2920,69082,1138
2021-03-06,San Luis Obispo,079,281455,19843,19592,587,20179,245
2021-03-06,San Mateo,081,765935,39938,39384,415,39799,329
2021-03-06,Santa Barbara,083,443738,33122,32176,1145,33321,424
2021-03-06,Santa Clara,085,1922200,111619,111570,603,112173,1749
2021-03-06,Santa Cruz,087,273765,15522,14701,824,15525,188
2021-03-06,Shasta,089,179085,11057,11076,1310,12386,158
2021-03-06,Sierra,091,2930,50,48,14,62,0
2021-03-06,Siskiyou,093,43540,1528,1432,249,1681,5
2021-03-06,Solano,095,438530,30129,30000,375,30375,169
2021-03-06,Sonoma,097,501317,28430,28484,225,28709,284
2021-03-06,Stanislaus,099,539301,51264,50691,5547,56238,711
2021-03-06,Sutter,101,95872,8957,8887,87,8974,100
2021-03-06,Tehama,103,63373,4635,4610,507,5117,33
2021-03-06,Trinity,105,12862,440,302,68,370,3
2021-03-06,Tulare,107,460477,48423,47515,8520,56035,789
2021-03-06,Tuolumne,109,53932,3926,3920,32,3952,56
2021-03-06,Ventura,111,848112,78601,78439,2844,81283,848
2021-03-06,Yolo,113,214977,13021,12951,229,13180,189
2021-03-06,Yuba,115,75493,5579,5504,88,5592,42
2021-03-05,Alameda,001,1643700,81771,81215,1792,83007,1141
2021-03-05,Alpine,003,1148,83,78,0,78,0
2021-03-05,Amador,005,37829,3497,3484,32,3516,42
2021-03-05,Butte,007,227075,11423,11050,1667,12717,185
2021-03-05,Calaveras,009,45235,1934,1902,12,1914,48
2021-03-05,Colusa,011,21464,1880,1874,274,2148,11
2021-03-05,Contra Costa,013,1133247,63945,62886,1114,64000,711
2021-03-05,Del Norte,015,27424,1042,995,5,1000,5
2021-03-05,El Dorado,017,186661,9222,9150,614,9764,97
2021-03-05,Fresno,019,978130,97368,96184,8024,104208,1432
2021-03-05,Glenn,021,27897,2270,2241,510,2751,15
2021-03-05,Humboldt,023,135768,3275,3234,22,3256,31
2021-03-05,Imperial,025,180216,27300,26970,2619,29589,651
2021-03-05,Inyo,027,18085,1333,1309,18,1327,35
2021-03-05,Kern,029,883053,94058,92601,10147,102748,1076
2021-03-05,Kings,031,150075,22380,22063,1037,23100,224
2021-03-05,Lake,033,64148,3230,3185,6,3191,42
2021-03-05,Lassen,035,31185,5128,5117,100,5217,1
2021-03-05,Los Angeles,037,10098052,1175521,1160688,40238,1200926,21745
2021-03-05,Madera,039,155013,15813,15624,872,16496,211
2021-03-05,Marin,041,260295,13346,13275,179,13454,215
2021-03-05,Mariposa,043,17540,377,375,6,381,4
2021-03-05,Mendocino,045,87422,3671,3577,69,3646,42
2021-03-05,Merced,047,269075,28835,28734,910,29644,399
2021-03-05,Modoc,049,8938,347,337,118,455,3
2021-03-05,Mono,051,14174,1183,1197,14,1211,3
2021-03-05,Monterey,053,433212,42087,41802,1749,43551,325
2021-03-05,Napa,055,140530,9150,9109,31,9140,75
2021-03-05,Nevada,057,99092,4105,4033,166,4199,66
2021-03-05,Orange,059,3164182,248630,246489,10444,256933,4108
2021-03-05,Placer,061,380077,20821,19973,1163,21136,239
2021-03-05,Plumas,063,18699,645,635,11,646,4
2021-03-05,Riverside,065,2383286,285159,280075,13663,293738,3781
2021-03-05,Sacramento,067,1510023,95609,94182,1313,95495,1430
2021-03-05,San Benito,069,59416,5774,5790,95,5885,61
2021-03-05,San Bernardino,071,2135413,286897,282640,8755,291395,3774
2021-03-05,San Diego,073,3302833,266003,262357,13030,275387,3371
2021-03-05,San Francisco,075,870044,34491,34526,1137,35663,430
2021-03-05,San Joaquin,077,732212,67513,66041,2911,68952,1133
2021-03-05,San Luis Obispo,079,281455,19822,19557,585,20142,244
2021-03-05,San Mateo,081,765935,39906,39305,415,39720,326
2021-03-05,Santa Barbara,083,443738,33087,32139,1140,33279,424
2021-03-05,Santa Clara,085,1922200,111523,111384,603,111987,1745
2021-03-05,Santa Cruz,087,273765,15511,14694,824,15518,188
2021-03-05,Shasta,089,179085,11045,11062,1304,12366,148
2021-03-05,Sierra,091,2930,50,48,14,62,0
2021-03-05,Siskiyou,093,43540,1524,1429,248,1677,5
2021-03-05,Solano,095,438530,30112,29951,373,30324,168
2021-03-05,Sonoma,097,501317,28404,28417,225,28642,279
2021-03-05,Stanislaus,099,539301,51213,50606,5537,56143,721
2021-03-05,Sutter,101,95872,8950,8876,87,8963,100
2021-03-05,Tehama,103,63373,4626,4606,507,5113,33
2021-03-05,Trinity,105,12862,440,302,68,370,3
2021-03-05,Tulare,107,460477,48395,47469,8499,55968,789
2021-03-05,Tuolumne,109,53932,3924,3917,32,3949,56
2021-03-05,Ventura,111,848112,78534,78368,2842,81210,839
2021-03-05,Yolo,113,214977,13009,12920,228,13148,188
2021-03-05,Yuba,115,75493,5567,5496,88,5584,42
2021-03-04,Alameda,001,1643700,81659,81115,1792,82907,1136
2021-03-04,Alpine,003,1148,83,78,0,78,0
2021-03-04,Amador,005,37829,3496,3480,32,3512,42
2021-03-04,Butte,007,227075,11416,11033,1666,12699,185
2021-03-04,Calaveras,009,45235,1933,1896,12,1908,48
2021-03-04,Colusa,011,21464,1878,1873,269,2142,11
2021-03-04,Contra Costa,013,1133247,63846,62789,1111,63900,708
2021-03-04,Del Norte,015,27424,1034,989,5,994,5
2021-03-04,El Dorado,017,186661,9207,9133,614,9747,97
2021-03-04,Fresno,019,978130,97205,96023,8005,104028,1422
2021-03-04,Glenn,021,27897,2265,2236,508,2744,15
2021-03-04,Humboldt,023,135768,3261,3212,22,3234,31
2021-03-04,Imperial,025,180216,27288,26946,2615,29561,646
2021-03-04,Inyo,027,18085,1330,1300,18,1318,35
2021-03-04,Kern,029,883053,93970,92525,10128,102653,1070
2021-03-04,Kings,031,150075,22355,22025,1034,23059,224
2021-03-04,Lake,033,64148,3222,3181,6,3187,42
2021-03-04,Lassen,035,31185,5128,5116,100,5216,1
2021-03-04,Los Angeles,037,10098052,1174912,1159405,40189,1199594,21610
2021-03-04,Madera,039,155013,15778,15596,869,16465,208
2021-03-04,Marin,041,260295,13329,13240,176,13416,215
2021-03-04,Mariposa,043,17540,377,376,6,382,4
2021-03-04,Mendocino,045,87422,3668,3569,69,3638,42
2021-03-04,Merced,047,269075,28785,28671,908,29579,396
2021-03-04,Modoc,049,8938,346,336,118,454,3
2021-03-04,Mono,051,14174,1183,1197,14,1211,3
2021-03-04,Monterey,053,433212,42067,41771,1746,43517,325
2021-03-04,Napa,055,140530,9142,9094,31,9125,74
2021-03-04,Nevada,057,99092,4095,4020,166,4186,66
2021-03-04,Orange,059,3164182,248474,246354,10427,256781,4096
2021-03-04,Placer,061,380077,20789,19900,1157,21057,239
2021-03-04,Plumas,063,18699,645,634,11,645,4
2021-03-04,Riverside,065,2383286,285033,279871,13650,293521,3766
2021-03-04,Sacramento,067,1510023,95474,93982,1310,95292,1426
2021-03-04,San Benito,069,59416,5774,5781,95,5876,61
2021-03-04,San Bernardino,071,2135413,286767,282407,8751,291158,3757
2021-03-04,San Diego,073,3302833,265743,261858,12987,274845,3359
2021-03-04,San Francisco,075,870044,34457,34480,1134,35614,426
2021-03-04,San Joaquin,077,732212,67420,65931,2901,68832,1129
2021-03-04,San Luis Obispo,079,281455,19784,19520,583,20103,243
2021-03-04,San Mateo,081,765935,39862,39225,414,39639,322
2021-03-04,Santa Barbara,083,443738,33048,32090,1139,33229,423
2021-03-04,Santa Clara,085,1922200,111389,111194,601,111795,1723
2021-03-04,Santa Cruz,087,273765,15492,14669,824,15493,186
2021-03-04,Shasta,089,179085,11042,11050,1295,12345,150
2021-03-04,Sierra,091,2930,50,48,14,62,0
2021-03-04,Siskiyou,093,43540,1518,1427,248,1675,5
2021-03-04,Solano,095,438530,30085,29905,372,30277,168
2021-03-04,Sonoma,097,501317,28349,28379,224,28603,279
2021-03-04,Stanislaus,099,539301,51124,50521,5529,56050,731
2021-03-04,Sutter,101,95872,8938,8849,87,8936,100
2021-03-04,Tehama,103,63373,4620,4604,507,5111,33
2021-03-04,Trinity,105,12862,440,302,68,370,3
2021-03-04,Tulare,107,460477,48350,47398,8473,55871,784
2021-03-04,Tuolumne,109,53932,3918,3916,32,3948,56
2021-03-04,Ventura,111,848112,78447,78184,2840,81024,831
2021-03-04,Yolo,113,214977,12989,12895,228,13123,189
2021-03-04,Yuba,115,75493,5555,5483,88,5571,41
2021-03-03,Alameda,001,1643700,81539,80972,1790,82762,1127
2021-03-03,Alpine,003,1148,83,77,0,77,0
2021-03-03,Amador,005,37829,3494,3478,31,3509,42
2021-03-03,Butte,007,227075,11409,11014,1665,12679,184
2021-03-03,Calaveras,009,45235,1932,1893,12,1905,48
2021-03-03,Colusa,011,21464,1877,1873,269,2142,11
2021-03-03,Contra Costa,013,1133247,63748,62668,1108,63776,708
2021-03-03,Del Norte,015,27424,1031,988,5,993,5
2021-03-03,El Dorado,017,186661,9197,9121,614,9735,97
2021-03-03,Fresno,019,978130,97061,95893,7987,103880,1415
2021-03-03,Glenn,021,27897,2265,2233,508,2741,15
2021-03-03,Humboldt,023,135768,3250,3196,22,3218,30
2021-03-03,Imperial,025,180216,27271,26939,2610,29549,640
2021-03-03,Inyo,027,18085,1322,1294,18,1312,35
2021-03-03,Kern,029,883053,93894,92434,10110,102544,1063
2021-03-03,Kings,031,150075,22339,22009,1033,23042,223
2021-03-03,Lake,033,64148,3215,3175,6,3181,40
2021-03-03,Lassen,035,31185,5128,5115,100,5215,1
2021-03-03,Los Angeles,037,10098052,1174273,1157911,40148,1198059,21500
2021-03-03,Madera,039,155013,15759,15553,863,16416,203
2021-03-03,Marin,041,260295,13316,13216,176,13392,214
2021-03-03,Mariposa,043,17540,376,376,6,382,4
2021-03-03,Mendocino,045,87422,3660,3564,69,3633,42
2021-03-03,Merced,047,269075,28733,28625,908,29533,393
2021-03-03,Modoc,049,8938,346,333,117,450,3
2021-03-03,Mono,051,14174,1183,1191,14,1205,3
2021-03-03,Monterey,053,433212,42034,41731,1743,43474,325
2021-03-03,Napa,055,140530,9134,9090,31,9121,72
2021-03-03,Nevada,057,99092,4085,4009,166,4175,66
2021-03-03,Orange,059,3164182,248328,246120,10412,256532,4072
2021-03-03,Placer,061,380077,20763,19851,1154,21005,239
2021-03-03,Plumas,063,18699,644,631,11,642,4
2021-03-03,Riverside,065,2383286,284904,279626,13645,293271,3735
2021-03-03,Sacramento,067,1510023,95313,93819,1302,95121,1419
2021-03-03,San Benito,069,59416,5773,5774,95,5869,61
2021-03-03,San Bernardino,071,2135413,286626,282138,8744,290882,3664
2021-03-03,San Diego,073,3302833,265480,261350,12956,274306,3342
2021-03-03,San Francisco,075,870044,34426,34443,1131,35574,426
2021-03-03,San Joaquin,077,732212,67308,65855,2894,68749,1115
2021-03-03,San Luis Obispo,079,281455,19758,19479,580,20059,241
2021-03-03,San Mateo,081,765935,39816,39189,413,39602,319
2021-03-03,Santa Barbara,083,443738,33011,32027,1139,33166,421
2021-03-03,Santa Clara,085,1922200,111234,110991,599,111590,1720
2021-03-03,Santa Cruz,087,273765,15481,14645,824,15469,185
2021-03-03,Shasta,089,179085,11032,11023,1288,12311,150
2021-03-03,Sierra,091,2930,50,48,14,62,0
2021-03-03,Siskiyou,093,43540,1516,1424,248,1672,5
2021-03-03,Solano,095,438530,30049,29866,371,30237,167
2021-03-03,Sonoma,097,501317,28310,28307,223,28530,279
2021-03-03,Stanislaus,099,539301,51046,50438,5521,55959,730
2021-03-03,Sutter,101,95872,8929,8840,87,8927,99
2021-03-03,Tehama,103,63373,4617,4601,507,5108,32
2021-03-03,Trinity,105,12862,440,302,68,370,3
2021-03-03,Tulare,107,460477,48299,47348,8442,55790,778
2021-03-03,Tuolumne,109,53932,3916,3914,31,3945,56
2021-03-03,Ventura,111,848112,78364,78057,2834,80891,822
2021-03-03,Yolo,113,214977,12976,12890,228,13118,189
2021-03-03,Yuba,115,75493,5542,5479,88,5567,41
2021-03-02,Alameda,001,1643700,81421,80904,1788,82692,1116
2021-03-02,Alpine,003,1148,83,77,0,77,0
2021-03-02,Amador,005,37829,3492,3474,31,3505,42
2021-03-02,Butte,007,227075,11399,11007,1663,12670,182
2021-03-02,Calaveras,009,45235,1924,1890,12,1902,48
2021-03-02,Colusa,011,21464,1877,1872,268,2140,11
2021-03-02,Contra Costa,013,1133247,63637,62557,1103,63660,694
2021-03-02,Del Norte,015,27424,1024,983,5,988,5
2021-03-02,El Dorado,017,186661,9189,9116,614,9730,98
2021-03-02,Fresno,019,978130,96914,95785,7961,103746,1410
2021-03-02,Glenn,021,27897,2259,2232,507,2739,15
2021-03-02,Humboldt,023,135768,3231,3184,22,3206,30
2021-03-02,Imperial,025,180216,27261,26926,2608,29534,637
2021-03-02,Inyo,027,18085,1318,1292,18,1310,35
2021-03-02,Kern,029,883053,93788,92313,10082,102395,1046
2021-03-02,Kings,031,150075,22287,21999,1031,23030,217
2021-03-02,Lake,033,64148,3209,3169,6,3175,40
2021-03-02,Lassen,035,31185,5123,5115,99,5214,1
2021-03-02,Los Angeles,037,10098052,1173636,1156826,40101,1196927,21395
2021-03-02,Madera,039,155013,15739,15523,860,16383,194
2021-03-02,Marin,041,260295,13293,13186,175,13361,214
2021-03-02,Mariposa,043,17540,376,376,6,382,4
2021-03-02,Mendocino,045,87422,3657,3562,68,3630,41
2021-03-02,Merced,047,269075,28676,28598,908,29506,389
2021-03-02,Modoc,049,8938,346,332,117,449,3
2021-03-02,Mono,051,14174,1182,1191,14,1205,3
2021-03-02,Monterey,053,433212,42007,41716,1741,43457,325
2021-03-02,Napa,055,140530,9122,9080,31,9111,71
2021-03-02,Nevada,057,99092,4075,3983,164,4147,66
2021-03-02,Orange,059,3164182,248182,246004,10395,256399,4037
2021-03-02,Placer,061,380077,20709,19828,1151,20979,239
2021-03-02,Plumas,063,18699,642,628,11,639,4
2021-03-02,Riverside,065,2383286,284738,279486,13637,293123,3721
2021-03-02,Sacramento,067,1510023,95146,93690,1301,94991,1411
2021-03-02,San Benito,069,59416,5766,5770,95,5865,60
2021-03-02,San Bernardino,071,2135413,286493,281919,8738,290657,3604
2021-03-02,San Diego,073,3302833,265236,260998,12934,273932,3317
2021-03-02,San Francisco,075,870044,34385,34387,1127,35514,424
2021-03-02,San Joaquin,077,732212,67200,65769,2875,68644,1111
2021-03-02,San Luis Obispo,079,281455,19725,19452,580,20032,241
2021-03-02,San Mateo,081,765935,39764,39148,412,39560,317
2021-03-02,Santa Barbara,083,443738,32963,31964,1135,33099,416
2021-03-02,Santa Clara,085,1922200,111055,110832,598,111430,1706
2021-03-02,Santa Cruz,087,273765,15467,14611,822,15433,185
2021-03-02,Shasta,089,179085,11018,11012,1277,12289,149
2021-03-02,Sierra,091,2930,50,48,14,62,0
2021-03-02,Siskiyou,093,43540,1512,1412,246,1658,5
2021-03-02,Solano,095,438530,30016,29827,369,30196,167
2021-03-02,Sonoma,097,501317,28255,28261,223,28484,279
2021-03-02,Stanislaus,099,539301,50959,50359,5507,55866,724
2021-03-02,Sutter,101,95872,8920,8832,87,8919,99
2021-03-02,Tehama,103,63373,4615,4597,507,5104,32
2021-03-02,Trinity,105,12862,440,301,68,369,3
2021-03-02,Tulare,107,460477,48239,47326,8418,55744,783
2021-03-02,Tuolumne,109,53932,3912,3908,31,3939,53
2021-03-02,Ventura,111,848112,78273,77952,2830,80782,780
2021-03-02,Yolo,113,214977,12959,12867,228,13095,189
2021-03-02,Yuba,115,75493,5534,5475,88,5563,41
2021-03-01,Alameda,001,1643700,81294,80805,1786,82591,1105
2021-03-01,Alpine,003,1148,81,77,0,77,0
2021-03-01,Amador,005,37829,3489,3469,31,3500,42
2021-03-01,Butte,007,227075,11383,10981,1658,12639,180
2021-03-01,Calaveras,009,45235,1920,1885,12,1897,46
2021-03-01,Colusa,011,21464,1876,1871,268,2139,11
2021-03-01,Contra Costa,013,1133247,63528,62458,1102,63560,694
2021-03-01,Del Norte,015,27424,1019,982,5,987,5
2021-03-01,El Dorado,017,186661,9165,9085,614,9699,98
2021-03-01,Fresno,019,978130,96776,95677,7939,103616,1405
2021-03-01,Glenn,021,27897,2254,2232,506,2738,15
2021-03-01,Humboldt,023,135768,3212,3179,22,3201,30
2021-03-01,Imperial,025,180216,27251,26913,2600,29513,636
2021-03-01,Inyo,027,18085,1315,1285,18,1303,35
2021-03-01,Kern,029,883053,93699,92219,10056,102275,1041
2021-03-01,Kings,031,150075,22270,21988,1025,23013,217
2021-03-01,Lake,033,64148,3204,3164,6,3170,40
2021-03-01,Lassen,035,31185,5121,5111,99,5210,1
2021-03-01,Los Angeles,037,10098052,1172979,1155984,40059,1196043,21293
2021-03-01,Madera,039,155013,15710,15505,849,16354,194
2021-03-01,Marin,041,260295,13266,13161,174,13335,214
2021-03-01,Mariposa,043,17540,376,375,6,381,4
2021-03-01,Mendocino,045,87422,3650,3561,68,3629,41
2021-03-01,Merced,047,269075,28631,28575,904,29479,385
2021-03-01,Modoc,049,8938,343,331,116,447,3
2021-03-01,Mono,051,14174,1181,1192,14,1206,3
2021-03-01,Monterey,053,433212,41982,41697,1739,43436,324
2021-03-01,Napa,055,140530,9113,9056,31,9087,70
2021-03-01,Nevada,057,99092,4056,3979,164,4143,66
2021-03-01,Orange,059,3164182,247988,245852,10380,256232,3976
2021-03-01,Placer,061,380077,20671,19803,1148,20951,239
2021-03-01,Plumas,063,18699,642,628,11,639,4
2021-03-01,Riverside,065,2383286,284523,279323,13630,292953,3680
2021-03-01,Sacramento,067,1510023,95001,93546,1299,94845,1401
2021-03-01,San Benito,069,59416,5761,5772,95,5867,57
2021-03-01,San Bernardino,071,2135413,286349,281685,8734,290419,3603
2021-03-01,San Diego,073,3302833,264918,260622,12901,273523,3303
2021-03-01,San Francisco,075,870044,34341,34318,1119,35437,424
2021-03-01,San Joaquin,077,732212,67092,65699,2863,68562,1097
2021-03-01,San Luis Obispo,079,281455,19703,19429,578,20007,239
2021-03-01,San Mateo,081,765935,39712,39096,411,39507,314
2021-03-01,Santa Barbara,083,443738,32920,31909,1134,33043,413
2021-03-01,Santa Clara,085,1922200,110897,110684,595,111279,1704
2021-03-01,Santa Cruz,087,273765,15448,14575,821,15396,185
2021-03-01,Shasta,089,179085,11006,10990,1274,12264,149
2021-03-01,Sierra,091,2930,50,48,14,62,0
2021-03-01,Siskiyou,093,43540,1508,1408,244,1652,5
2021-03-01,Solano,095,438530,29973,29779,368,30147,166
2021-03-01,Sonoma,097,501317,28207,28222,221,28443,278
2021-03-01,Stanislaus,099,539301,50884,50293,5501,55794,722
2021-03-01,Sutter,101,95872,8908,8825,87,8912,99
2021-03-01,Tehama,103,63373,4611,4595,507,5102,32
2021-03-01,Trinity,105,12862,440,298,67,365,3
2021-03-01,Tulare,107,460477,48201,47275,8384,55659,781
2021-03-01,Tuolumne,109,53932,3909,3907,31,3938,53
2021-03-01,Ventura,111,848112,78191,77849,2829,80678,775
2021-03-01,Yolo,113,214977,12942,12854,226,13080,188
2021-03-01,Yuba,115,75493,5522,5466,88,5554,41
2021-02-28,Alameda,001,1643700,81171,80727,1784,82511,1105
2021-02-28,Alpine,003,1148,81,77,0,77,0
2021-02-28,Amador,005,37829,3484,3466,30,3496,42
2021-02-28,Butte,007,227075,11368,10970,1658,12628,180
2021-02-28,Calaveras,009,45235,1914,1881,12,1893,46
2021-02-28,Colusa,011,21464,1876,1871,267,2138,11
2021-02-28,Contra Costa,013,1133247,63401,62386,1097,63483,694
2021-02-28,Del Norte,015,27424,1017,981,5,986,5
2021-02-28,El Dorado,017,186661,9154,9082,614,9696,98
2021-02-28,Fresno,019,978130,96595,95548,7904,103452,1405
2021-02-28,Glenn,021,27897,2252,2230,504,2734,15
2021-02-28,Humboldt,023,135768,3189,3179,22,3201,30
2021-02-28,Imperial,025,180216,27224,26909,2594,29503,636
2021-02-28,Inyo,027,18085,1310,1282,18,1300,35
2021-02-28,Kern,029,883053,93584,92169,10035,102204,1012
2021-02-28,Kings,031,150075,22249,21967,1024,22991,217
2021-02-28,Lake,033,64148,3199,3164,6,3170,40
2021-02-28,Lassen,035,31185,5120,5106,99,5205,1
2021-02-28,Los Angeles,037,10098052,1172196,1155141,39996,1195137,21261
2021-02-28,Madera,039,155013,15668,15496,846,16342,199
2021-02-28,Marin,041,260295,13243,13152,172,13324,214
2021-02-28,Mariposa,043,17540,376,374,6,380,4
2021-02-28,Mendocino,045,87422,3644,3558,68,3626,41
2021-02-28,Merced,047,269075,28567,28546,903,29449,384
2021-02-28,Modoc,049,8938,343,331,116,447,3
2021-02-28,Mono,051,14174,1178,1192,14,1206,3
2021-02-28,Monterey,053,433212,41950,41683,1738,43421,323
2021-02-28,Napa,055,140530,9094,9053,31,9084,70
2021-02-28,Nevada,057,99092,4043,3972,164,4136,66
2021-02-28,Orange,059,3164182,247789,245706,10372,256078,3970
2021-02-28,Placer,061,380077,20624,19775,1146,20921,239
2021-02-28,Plumas,063,18699,642,628,11,639,4
2021-02-28,Riverside,065,2383286,284303,279214,13619,292833,3661
2021-02-28,Sacramento,067,1510023,94817,93463,1294,94757,1398
2021-02-28,San Benito,069,59416,5750,5772,95,5867,57
2021-02-28,San Bernardino,071,2135413,286211,281620,8721,290341,3595
2021-02-28,San Diego,073,3302833,264622,260353,12867,273220,3303
2021-02-28,San Francisco,075,870044,34300,34291,1112,35403,417
2021-02-28,San Joaquin,077,732212,66984,65662,2854,68516,1097
2021-02-28,San Luis Obispo,079,281455,19667,19422,575,19997,237
2021-02-28,San Mateo,081,765935,39659,39059,410,39469,314
2021-02-28,Santa Barbara,083,443738,32867,31877,1134,33011,413
2021-02-28,Santa Clara,085,1922200,110699,110556,592,111148,1704
2021-02-28,Santa Cruz,087,273765,15419,14571,818,15389,185
2021-02-28,Shasta,089,179085,10985,10990,1270,12260,149
2021-02-28,Sierra,091,2930,50,48,14,62,0
2021-02-28,Siskiyou,093,43540,1500,1408,243,1651,5
2021-02-28,Solano,095,438530,29917,29758,363,30121,166
2021-02-28,Sonoma,097,501317,28144,28193,220,28413,279
2021-02-28,Stanislaus,099,539301,50793,50228,5488,55716,728
2021-02-28,Sutter,101,95872,8893,8825,87,8912,99
2021-02-28,Tehama,103,63373,4604,4590,507,5097,32
2021-02-28,Trinity,105,12862,440,298,67,365,3
2021-02-28,Tulare,107,460477,48139,47258,8353,55611,780
2021-02-28,Tuolumne,109,53932,3904,3905,31,3936,53
2021-02-28,Ventura,111,848112,78080,77749,2826,80575,775
2021-02-28,Yolo,113,214977,12920,12851,226,13077,188
2021-02-28,Yuba,115,75493,5512,5461,88,5549,41
2021-02-27,Alameda,001,1643700,81099,80565,1782,82347,1108
2021-02-27,Alpine,003,1148,81,77,0,77,0
2021-02-27,Amador,005,37829,3482,3463,30,3493,42
2021-02-27,Butte,007,227075,11356,10962,1658,12620,180
2021-02-27,Calaveras,009,45235,1909,1875,12,1887,46
2021-02-27,Colusa,011,21464,1875,1869,267,2136,11
2021-02-27,Contra Costa,013,1133247,63330,62248,1094,63342,693
2021-02-27,Del Norte,015,27424,1015,978,5,983,5
2021-02-27,El Dorado,017,186661,9150,9072,614,9686,98
2021-02-27,Fresno,019,978130,96519,95393,7891,103284,1400
2021-02-27,Glenn,021,27897,2252,2225,503,2728,15
2021-02-27,Humboldt,023,135768,3183,3167,22,3189,30
2021-02-27,Imperial,025,180216,27216,26903,2593,29496,633
2021-02-27,Inyo,027,18085,1307,1275,18,1293,35
2021-02-27,Kern,029,883053,93523,92053,10020,102073,996
2021-02-27,Kings,031,150075,22239,21955,1021,22976,216
2021-02-27,Lake,033,64148,3196,3156,6,3162,40
2021-02-27,Lassen,035,31185,5120,5106,99,5205,1
2021-02-27,Los Angeles,037,10098052,1171702,1154275,39969,1194244,21158
2021-02-27,Madera,039,155013,15651,15467,845,16312,199
2021-02-27,Marin,041,260295,13219,13134,172,13306,214
2021-02-27,Mariposa,043,17540,376,374,6,380,4
2021-02-27,Mendocino,045,87422,3641,3555,68,3623,41
2021-02-27,Merced,047,269075,28526,28501,894,29395,384
2021-02-27,Modoc,049,8938,343,331,115,446,3
2021-02-27,Mono,051,14174,1176,1191,14,1205,3
2021-02-27,Monterey,053,433212,41941,41665,1738,43403,322
2021-02-27,Napa,055,140530,9083,9038,31,9069,71
2021-02-27,Nevada,057,99092,4037,3960,164,4124,66
2021-02-27,Orange,059,3164182,247662,245542,10361,255903,3960
2021-02-27,Placer,061,380077,20588,19726,1143,20869,239
2021-02-27,Plumas,063,18699,642,628,11,639,4
2021-02-27,Riverside,065,2383286,284193,279048,13609,292657,3663
2021-02-27,Sacramento,067,1510023,94734,93281,1284,94565,1396
2021-02-27,San Benito,069,59416,5749,5767,94,5861,57
2021-02-27,San Bernardino,071,2135413,286132,281471,8714,290185,3527
2021-02-27,San Diego,073,3302833,264432,260091,12829,272920,3284
2021-02-27,San Francisco,075,870044,34267,34260,1109,35369,413
2021-02-27,San Joaquin,077,732212,66938,65578,2852,68430,1100
2021-02-27,San Luis Obispo,079,281455,19646,19411,574,19985,237
2021-02-27,San Mateo,081,765935,39618,38998,409,39407,313
2021-02-27,Santa Barbara,083,443738,32831,31805,1133,32938,411
2021-02-27,Santa Clara,085,1922200,110551,110361,590,110951,1703
2021-02-27,Santa Cruz,087,273765,15410,14552,817,15369,185
2021-02-27,Shasta,089,179085,10979,10985,1266,12251,149
2021-02-27,Sierra,091,2930,50,48,14,62,0
2021-02-27,Siskiyou,093,43540,1498,1407,242,1649,5
2021-02-27,Solano,095,438530,29889,29718,362,30080,165
2021-02-27,Sonoma,097,501317,28100,28141,214,28355,281
2021-02-27,Stanislaus,099,539301,50738,50147,5478,55625,733
2021-02-27,Sutter,101,95872,8888,8820,87,8907,99
2021-02-27,Tehama,103,63373,4601,4584,507,5091,32
2021-02-27,Trinity,105,12862,440,298,67,365,3
2021-02-27,Tulare,107,460477,48102,47209,8327,55536,770
2021-02-27,Tuolumne,109,53932,3901,3899,31,3930,53
2021-02-27,Ventura,111,848112,78008,77623,2823,80446,771
2021-02-27,Yolo,113,214977,12908,12834,226,13060,188
2021-02-27,Yuba,115,75493,5509,5450,88,5538,39
2021-02-26,Alameda,001,1643700,81004,80387,1777,82164,1106
2021-02-26,Alpine,003,1148,81,77,0,77,0
2021-02-26,Amador,005,37829,3476,3457,30,3487,42
2021-02-26,Butte,007,227075,11345,10941,1658,12599,180
2021-02-26,Calaveras,009,45235,1906,1873,12,1885,46
2021-02-26,Colusa,011,21464,1875,1865,267,2132,11
2021-02-26,Contra Costa,013,1133247,63248,62114,1094,63208,685
2021-02-26,Del Norte,015,27424,1011,968,5,973,5
2021-02-26,El Dorado,017,186661,9145,9038,612,9650,98
2021-02-26,Fresno,019,978130,96414,95202,7883,103085,1391
2021-02-26,Glenn,021,27897,2249,2220,503,2723,15
2021-02-26,Humboldt,023,135768,3177,3152,22,3174,30
2021-02-26,Imperial,025,180216,27208,26888,2591,29479,631
2021-02-26,Inyo,027,18085,1305,1271,18,1289,34
2021-02-26,Kern,029,883053,93444,91884,10004,101888,997
2021-02-26,Kings,031,150075,22223,21917,1018,22935,216
2021-02-26,Lake,033,64148,3191,3153,6,3159,40
2021-02-26,Lassen,035,31185,5120,5102,99,5201,1
2021-02-26,Los Angeles,037,10098052,1171128,1153131,39908,1193039,21070
2021-02-26,Madera,039,155013,15635,15436,843,16279,199
2021-02-26,Marin,041,260295,13205,13091,172,13263,214
2021-02-26,Mariposa,043,17540,376,375,6,381,4
2021-02-26,Mendocino,045,87422,3636,3549,68,3617,41
2021-02-26,Merced,047,269075,28492,28455,894,29349,382
2021-02-26,Modoc,049,8938,342,330,115,445,3
2021-02-26,Mono,051,14174,1174,1191,14,1205,3
2021-02-26,Monterey,053,433212,41915,41607,1738,43345,322
2021-02-26,Napa,055,140530,9077,9014,31,9045,70
2021-02-26,Nevada,057,99092,4026,3952,164,4116,66
2021-02-26,Orange,059,3164182,247522,245278,10351,255629,3918
2021-02-26,Placer,061,380077,20562,19712,1137,20849,239
2021-02-26,Plumas,063,18699,642,628,11,639,4
2021-02-26,Riverside,065,2383286,284049,278772,13603,292375,3653
2021-02-26,Sacramento,067,1510023,94611,93180,1281,94461,1390
2021-02-26,San Benito,069,59416,5748,5759,94,5853,57
2021-02-26,San Bernardino,071,2135413,286033,281132,8712,289844,3461
2021-02-26,San Diego,073,3302833,264205,259641,12808,272449,3271
2021-02-26,San Francisco,075,870044,34237,34213,1104,35317,413
2021-02-26,San Joaquin,077,732212,66857,65492,2846,68338,1070
2021-02-26,San Luis Obispo,079,281455,19630,19359,572,19931,234
2021-02-26,San Mateo,081,765935,39572,38922,409,39331,313
2021-02-26,Santa Barbara,083,443738,32787,31724,1132,32856,410
2021-02-26,Santa Clara,085,1922200,110419,110168,588,110756,1700
2021-02-26,Santa Cruz,087,273765,15398,14528,816,15344,185
2021-02-26,Shasta,089,179085,10972,10972,1256,12228,149
2021-02-26,Sierra,091,2930,50,47,14,61,0
2021-02-26,Siskiyou,093,43540,1498,1401,242,1643,5
2021-02-26,Solano,095,438530,29855,29651,361,30012,165
2021-02-26,Sonoma,097,501317,28071,28063,213,28276,280
2021-02-26,Stanislaus,099,539301,50682,50054,5470,55524,737
2021-02-26,Sutter,101,95872,8879,8806,87,8893,99
2021-02-26,Tehama,103,63373,4599,4581,507,5088,32
2021-02-26,Trinity,105,12862,439,298,67,365,3
2021-02-26,Tulare,107,460477,48067,47135,8297,55432,770
2021-02-26,Tuolumne,109,53932,3900,3896,31,3927,53
2021-02-26,Ventura,111,848112,77908,77534,2821,80355,765
2021-02-26,Yolo,113,214977,12901,12816,226,13042,188
2021-02-26,Yuba,115,75493,5504,5438,88,5526,39
2021-02-25,Alameda,001,1643700,80882,80181,1776,81957,1093
2021-02-25,Alpine,003,1148,81,77,0,77,0
2021-02-25,Amador,005,37829,3473,3448,30,3478,41
2021-02-25,Butte,007,227075,11324,10922,1653,12575,178
2021-02-25,Calaveras,009,45235,1898,1868,12,1880,46
2021-02-25,Colusa,011,21464,1872,1863,266,2129,11
2021-02-25,Contra Costa,013,1133247,63146,61910,1094,63004,686
2021-02-25,Del Norte,015,27424,1001,966,5,971,5
2021-02-25,El Dorado,017,186661,9129,9012,612,9624,98
2021-02-25,Fresno,019,978130,96270,95015,7861,102876,1377
2021-02-25,Glenn,021,27897,2246,2219,502,2721,15
2021-02-25,Humboldt,023,135768,3170,3129,22,3151,30
2021-02-25,Imperial,025,180216,27202,26855,2587,29442,628
2021-02-25,Inyo,027,18085,1299,1264,18,1282,33
2021-02-25,Kern,029,883053,93328,91735,9978,101713,992
2021-02-25,Kings,031,150075,22214,21900,1015,22915,216
2021-02-25,Lake,033,64148,3182,3141,6,3147,40
2021-02-25,Lassen,035,31185,5119,5097,98,5195,1
2021-02-25,Los Angeles,037,10098052,1170389,1151846,39849,1191695,20931
2021-02-25,Madera,039,155013,15600,15414,839,16253,194
2021-02-25,Marin,041,260295,13181,13067,172,13239,214
2021-02-25,Mariposa,043,17540,376,375,6,381,4
2021-02-25,Mendocino,045,87422,3631,3542,68,3610,41
2021-02-25,Merced,047,269075,28442,28383,893,29276,382
2021-02-25,Modoc,049,8938,342,329,115,444,3
2021-02-25,Mono,051,14174,1173,1190,14,1204,3
2021-02-25,Monterey,053,433212,41890,41564,1733,43297,321
2021-02-25,Napa,055,140530,9051,8998,31,9029,70
2021-02-25,Nevada,057,99092,4009,3940,163,4103,66
2021-02-25,Orange,059,3164182,247348,245000,10341,255341,3882
2021-02-25,Placer,061,380077,20521,19661,1135,20796,239
2021-02-25,Plumas,063,18699,642,626,11,637,4
2021-02-25,Riverside,065,2383286,283862,278544,13581,292125,3646
2021-02-25,Sacramento,067,1510023,94453,92961,1269,94230,1386
2021-02-25,San Benito,069,59416,5743,5752,94,5846,58
2021-02-25,San Bernardino,071,2135413,285899,280946,8703,289649,3409
2021-02-25,San Diego,073,3302833,263910,258979,12778,271757,3260
2021-02-25,San Francisco,075,870044,34195,34138,1101,35239,408
2021-02-25,San Joaquin,077,732212,66773,65389,2834,68223,1047
2021-02-25,San Luis Obispo,079,281455,19609,19335,570,19905,234
2021-02-25,San Mateo,081,765935,39526,38872,409,39281,300
2021-02-25,Santa Barbara,083,443738,32710,31631,1131,32762,408
2021-02-25,Santa Clara,085,1922200,110255,109923,587,110510,1677
2021-02-25,Santa Cruz,087,273765,15379,14492,815,15307,185
2021-02-25,Shasta,089,179085,10960,10947,1251,12198,148
2021-02-25,Sierra,091,2930,50,47,14,61,0
2021-02-25,Siskiyou,093,43540,1494,1390,239,1629,4
2021-02-25,Solano,095,438530,29823,29616,361,29977,161
2021-02-25,Sonoma,097,501317,28017,28004,210,28214,278
2021-02-25,Stanislaus,099,539301,50592,49964,5460,55424,738
2021-02-25,Sutter,101,95872,8865,8789,86,8875,99
2021-02-25,Tehama,103,63373,4595,4578,505,5083,32
2021-02-25,Trinity,105,12862,439,297,67,364,3
2021-02-25,Tulare,107,460477,48018,47052,8270,55322,765
2021-02-25,Tuolumne,109,53932,3897,3894,31,3925,53
2021-02-25,Ventura,111,848112,77803,77395,2815,80210,751
2021-02-25,Yolo,113,214977,12884,12787,226,13013,188
2021-02-25,Yuba,115,75493,5496,5429,88,5517,39
2021-02-24,Alameda,001,1643700,80761,80070,1772,81842,1082
2021-02-24,Alpine,003,1148,80,77,0,77,0
2021-02-24,Amador,005,37829,3468,3444,30,3474,41
2021-02-24,Butte,007,227075,11312,10915,1649,12564,178
2021-02-24,Calaveras,009,45235,1896,1864,12,1876,31
2021-02-24,Colusa,011,21464,1870,1863,266,2129,11
2021-02-24,Contra Costa,013,1133247,63038,61776,1094,62870,663
2021-02-24,Del Norte,015,27424,1000,960,4,964,5
2021-02-24,El Dorado,017,186661,9117,8993,612,9605,98
2021-02-24,Fresno,019,978130,96123,94794,7844,102638,1369
2021-02-24,Glenn,021,27897,2244,2210,502,2712,14
2021-02-24,Humboldt,023,135768,3158,3123,22,3145,29
2021-02-24,Imperial,025,180216,27187,26843,2583,29426,596
2021-02-24,Inyo,027,18085,1294,1253,18,1271,32
2021-02-24,Kern,029,883053,93195,91525,9962,101487,992
2021-02-24,Kings,031,150075,22189,21871,1013,22884,216
2021-02-24,Lake,033,64148,3175,3134,6,3140,40
2021-02-24,Lassen,035,31185,5115,5095,97,5192,1
2021-02-24,Los Angeles,037,10098052,1169628,1150322,39803,1190125,20817
2021-02-24,Madera,039,155013,15573,15390,839,16229,194
2021-02-24,Marin,041,260295,13158,13044,171,13215,214
2021-02-24,Mariposa,043,17540,376,374,6,380,4
2021-02-24,Mendocino,045,87422,3624,3540,68,3608,41
2021-02-24,Merced,047,269075,28403,28295,890,29185,383
2021-02-24,Modoc,049,8938,341,329,115,444,3
2021-02-24,Mono,051,14174,1171,1189,14,1203,3
2021-02-24,Monterey,053,433212,41865,41495,1731,43226,320
2021-02-24,Napa,055,140530,9034,8976,30,9006,70
2021-02-24,Nevada,057,99092,3999,3927,163,4090,66
2021-02-24,Orange,059,3164182,247131,244743,10327,255070,3835
2021-02-24,Placer,061,380077,20483,19648,1129,20777,239
2021-02-24,Plumas,063,18699,640,626,11,637,4
2021-02-24,Riverside,065,2383286,283639,278293,13571,291864,3603
2021-02-24,Sacramento,067,1510023,94299,92742,1264,94006,1375
2021-02-24,San Benito,069,59416,5742,5743,94,5837,57
2021-02-24,San Bernardino,071,2135413,285748,280583,8699,289282,3360
2021-02-24,San Diego,073,3302833,263616,258460,12762,271222,3230
2021-02-24,San Francisco,075,870044,34150,34061,1097,35158,406
2021-02-24,San Joaquin,077,732212,66662,65274,2832,68106,1019
2021-02-24,San Luis Obispo,079,281455,19586,19309,568,19877,233
2021-02-24,San Mateo,081,765935,39489,38763,408,39171,300
2021-02-24,Santa Barbara,083,443738,32658,31563,1128,32691,405
2021-02-24,Santa Clara,085,1922200,110104,109671,586,110257,1674
2021-02-24,Santa Cruz,087,273765,15358,14458,815,15273,185
2021-02-24,Shasta,089,179085,10946,10922,1248,12170,148
2021-02-24,Sierra,091,2930,50,47,14,61,0
2021-02-24,Siskiyou,093,43540,1487,1385,235,1620,4
2021-02-24,Solano,095,438530,29784,29577,358,29935,158
2021-02-24,Sonoma,097,501317,27953,27954,206,28160,278
2021-02-24,Stanislaus,099,539301,50522,49851,5451,55302,732
2021-02-24,Sutter,101,95872,8855,8778,86,8864,99
2021-02-24,Tehama,103,63373,4591,4566,505,5071,31
2021-02-24,Trinity,105,12862,439,294,66,360,3
2021-02-24,Tulare,107,460477,47963,46976,8240,55216,759
2021-02-24,Tuolumne,109,53932,3894,3887,31,3918,53
2021-02-24,Ventura,111,848112,77695,77238,2814,80052,718
2021-02-24,Yolo,113,214977,12871,12760,222,12982,188
2021-02-24,Yuba,115,75493,5485,5425,86,5511,39
2021-02-23,Alameda,001,1643700,80622,79948,1769,81717,1070
2021-02-23,Alpine,003,1148,79,77,0,77,0
2021-02-23,Amador,005,37829,3466,3440,30,3470,41
2021-02-23,Butte,007,227075,11297,10887,1645,12532,176
2021-02-23,Calaveras,009,45235,1895,1863,12,1875,21
2021-02-23,Colusa,011,21464,1867,1862,266,2128,11
2021-02-23,Contra Costa,013,1133247,62904,61613,1092,62705,661
2021-02-23,Del Norte,015,27424,998,953,4,957,3
2021-02-23,El Dorado,017,186661,9104,8969,612,9581,96
2021-02-23,Fresno,019,978130,95962,94741,7830,102571,1356
2021-02-23,Glenn,021,27897,2242,2209,502,2711,14
2021-02-23,Humboldt,023,135768,3141,3108,22,3130,29
2021-02-23,Imperial,025,180216,27167,26816,2578,29394,591
2021-02-23,Inyo,027,18085,1290,1250,18,1268,32
2021-02-23,Kern,029,883053,93056,91390,9933,101323,982
2021-02-23,Kings,031,150075,22174,21839,1009,22848,216
2021-02-23,Lake,033,64148,3167,3121,6,3127,40
2021-02-23,Lassen,035,31185,5112,5092,97,5189,1
2021-02-23,Los Angeles,037,10098052,1168762,1148965,39746,1188711,19887
2021-02-23,Madera,039,155013,15559,15352,833,16185,193
2021-02-23,Marin,041,260295,13138,13015,170,13185,214
2021-02-23,Mariposa,043,17540,376,374,6,380,4
2021-02-23,Mendocino,045,87422,3622,3540,67,3607,41
2021-02-23,Merced,047,269075,28315,28209,889,29098,381
2021-02-23,Modoc,049,8938,340,328,114,442,3
2021-02-23,Mono,051,14174,1171,1189,14,1203,3
2021-02-23,Monterey,053,433212,41824,41439,1725,43164,317
2021-02-23,Napa,055,140530,9022,8967,30,8997,70
2021-02-23,Nevada,057,99092,3991,3912,163,4075,66
2021-02-23,Orange,059,3164182,246933,244566,10307,254873,3843
2021-02-23,Placer,061,380077,20457,19608,1125,20733,238
2021-02-23,Plumas,063,18699,639,626,11,637,4
2021-02-23,Riverside,065,2383286,283407,278075,13558,291633,3599
2021-02-23,Sacramento,067,1510023,94142,92632,1258,93890,1370
2021-02-23,San Benito,069,59416,5736,5731,93,5824,57
2021-02-23,San Bernardino,071,2135413,285559,280279,8693,288972,3283
2021-02-23,San Diego,073,3302833,263239,257802,12734,270536,3218
2021-02-23,San Francisco,075,870044,34101,33994,1096,35090,405
2021-02-23,San Joaquin,077,732212,66563,65141,2825,67966,1004
2021-02-23,San Luis Obispo,079,281455,19557,19233,567,19800,230
2021-02-23,San Mateo,081,765935,39428,38662,408,39070,299
2021-02-23,Santa Barbara,083,443738,32604,31483,1126,32609,402
2021-02-23,Santa Clara,085,1922200,109908,109449,582,110031,1661
2021-02-23,Santa Cruz,087,273765,15330,14435,812,15247,178
2021-02-23,Shasta,089,179085,10934,10903,1244,12147,146
2021-02-23,Sierra,091,2930,50,47,14,61,0
2021-02-23,Siskiyou,093,43540,1482,1380,233,1613,4
2021-02-23,Solano,095,438530,29744,29545,355,29900,154
2021-02-23,Sonoma,097,501317,27910,27882,203,28085,278
2021-02-23,Stanislaus,099,539301,50445,49749,5434,55183,722
2021-02-23,Sutter,101,95872,8842,8766,86,8852,98
2021-02-23,Tehama,103,63373,4587,4556,504,5060,30
2021-02-23,Trinity,105,12862,439,292,65,357,3
2021-02-23,Tulare,107,460477,47884,46937,8204,55141,757
2021-02-23,Tuolumne,109,53932,3890,3864,31,3895,53
2021-02-23,Ventura,111,848112,77579,77093,2805,79898,689
2021-02-23,Yolo,113,214977,12842,12729,222,12951,188
2021-02-23,Yuba,115,75493,5472,5417,85,5502,38
2021-02-22,Alameda,001,1643700,80472,79796,1766,81562,1062
2021-02-22,Alpine,003,1148,79,77,0,77,0
2021-02-22,Amador,005,37829,3461,3438,30,3468,39
2021-02-22,Butte,007,227075,11284,10855,1640,12495,176
2021-02-22,Calaveras,009,45235,1893,1862,12,1874,21
2021-02-22,Colusa,011,21464,1867,1860,266,2126,11
2021-02-22,Contra Costa,013,1133247,62769,61478,1090,62568,661
2021-02-22,Del Norte,015,27424,997,948,4,952,3
2021-02-22,El Dorado,017,186661,9087,8940,612,9552,96
2021-02-22,Fresno,019,978130,95800,94584,7813,102397,1351
2021-02-22,Glenn,021,27897,2236,2207,500,2707,14
2021-02-22,Humboldt,023,135768,3129,3095,22,3117,29
2021-02-22,Imperial,025,180216,27144,26778,2570,29348,590
2021-02-22,Inyo,027,18085,1285,1248,18,1266,32
2021-02-22,Kern,029,883053,92939,91201,9911,101112,982
2021-02-22,Kings,031,150075,22151,21801,1006,22807,214
2021-02-22,Lake,033,64148,3161,3107,6,3113,40
2021-02-22,Lassen,035,31185,5112,5088,96,5184,1
2021-02-22,Los Angeles,037,10098052,1167890,1147541,39690,1187231,19730
2021-02-22,Madera,039,155013,15534,15325,829,16154,193
2021-02-22,Marin,041,260295,13114,12991,167,13158,213
2021-02-22,Mariposa,043,17540,375,374,6,380,4
2021-02-22,Mendocino,045,87422,3616,3535,67,3602,41
2021-02-22,Merced,047,269075,28247,28166,887,29053,379
2021-02-22,Modoc,049,8938,340,329,114,443,3
2021-02-22,Mono,051,14174,1167,1189,14,1203,3
2021-02-22,Monterey,053,433212,41773,41397,1718,43115,311
2021-02-22,Napa,055,140530,8995,8950,30,8980,69
2021-02-22,Nevada,057,99092,3982,3900,161,4061,66
2021-02-22,Orange,059,3164182,246696,244118,10289,254407,3843
2021-02-22,Placer,061,380077,20421,19587,1117,20704,238
2021-02-22,Plumas,063,18699,639,625,11,636,4
2021-02-22,Riverside,065,2383286,283147,277730,13549,291279,3567
2021-02-22,Sacramento,067,1510023,93975,92476,1248,93724,1359
2021-02-22,San Benito,069,59416,5734,5723,93,5816,57
2021-02-22,San Bernardino,071,2135413,285377,279984,8680,288664,3259
2021-02-22,San Diego,073,3302833,262829,257348,12701,270049,3189
2021-02-22,San Francisco,075,870044,34041,33947,1091,35038,405
2021-02-22,San Joaquin,077,732212,66462,65060,2812,67872,1001
2021-02-22,San Luis Obispo,079,281455,19520,19198,565,19763,229
2021-02-22,San Mateo,081,765935,39371,38542,405,38947,282
2021-02-22,Santa Barbara,083,443738,32539,31421,1123,32544,399
2021-02-22,Santa Clara,085,1922200,109696,109213,571,109784,1655
2021-02-22,Santa Cruz,087,273765,15304,14417,812,15229,176
2021-02-22,Shasta,089,179085,10919,10872,1239,12111,145
2021-02-22,Sierra,091,2930,50,47,14,61,0
2021-02-22,Siskiyou,093,43540,1476,1373,232,1605,4
2021-02-22,Solano,095,438530,29705,29508,354,29862,150
2021-02-22,Sonoma,097,501317,27865,27845,202,28047,278
2021-02-22,Stanislaus,099,539301,50340,49630,5415,55045,722
2021-02-22,Sutter,101,95872,8834,8698,86,8784,98
2021-02-22,Tehama,103,63373,4578,4550,504,5054,30
2021-02-22,Trinity,105,12862,439,287,64,351,3
2021-02-22,Tulare,107,460477,47822,46879,8171,55050,751
2021-02-22,Tuolumne,109,53932,3886,3856,31,3887,53
2021-02-22,Ventura,111,848112,77451,76947,2800,79747,677
2021-02-22,Yolo,113,214977,12815,12689,222,12911,183
2021-02-22,Yuba,115,75493,5469,5404,84,5488,38
2021-02-21,Alameda,001,1643700,80278,79649,1761,81410,1061
2021-02-21,Alpine,003,1148,79,77,0,77,0
2021-02-21,Amador,005,37829,3453,3435,30,3465,39
2021-02-21,Butte,007,227075,11261,10855,1638,12493,176
2021-02-21,Calaveras,009,45235,1892,1860,12,1872,21
2021-02-21,Colusa,011,21464,1866,1860,262,2122,11
2021-02-21,Contra Costa,013,1133247,62604,61364,1087,62451,661
2021-02-21,Del Norte,015,27424,991,942,4,946,3
2021-02-21,El Dorado,017,186661,9069,8927,611,9538,96
2021-02-21,Fresno,019,978130,95657,94374,7795,102169,1349
2021-02-21,Glenn,021,27897,2234,2201,498,2699,14
2021-02-21,Humboldt,023,135768,3117,3096,22,3118,29
2021-02-21,Imperial,025,180216,27125,26779,2566,29345,590
2021-02-21,Inyo,027,18085,1279,1232,18,1250,32
2021-02-21,Kern,029,883053,92814,91141,9872,101013,980
2021-02-21,Kings,031,150075,22115,21784,1004,22788,213
2021-02-21,Lake,033,64148,3153,3100,6,3106,40
2021-02-21,Lassen,035,31185,5104,5077,96,5173,1
2021-02-21,Los Angeles,037,10098052,1166861,1146756,39638,1186394,19711
2021-02-21,Madera,039,155013,15501,15298,826,16124,192
2021-02-21,Marin,041,260295,13084,12968,167,13135,212
2021-02-21,Mariposa,043,17540,375,373,6,379,4
2021-02-21,Mendocino,045,87422,3611,3535,67,3602,41
2021-02-21,Merced,047,269075,28157,28106,875,28981,379
2021-02-21,Modoc,049,8938,337,329,114,443,3
2021-02-21,Mono,051,14174,1167,1189,14,1203,3
2021-02-21,Monterey,053,433212,41718,41373,1707,43080,309
2021-02-21,Napa,055,140530,8980,8929,30,8959,69
2021-02-21,Nevada,057,99092,3969,3895,161,4056,66
2021-02-21,Orange,059,3164182,246396,243985,10272,254257,3801
2021-02-21,Placer,061,380077,20385,19553,1113,20666,238
2021-02-21,Plumas,063,18699,639,625,11,636,4
2021-02-21,Riverside,065,2383286,282916,277555,13536,291091,3564
2021-02-21,Sacramento,067,1510023,93765,92288,1235,93523,1354
2021-02-21,San Benito,069,59416,5724,5716,90,5806,57
2021-02-21,San Bernardino,071,2135413,285130,279870,8666,288536,3247
2021-02-21,San Diego,073,3302833,262394,257027,12656,269683,3190
2021-02-21,San Francisco,075,870044,33976,33891,1087,34978,405
2021-02-21,San Joaquin,077,732212,66313,64997,2799,67796,1001
2021-02-21,San Luis Obispo,079,281455,19488,19178,563,19741,229
2021-02-21,San Mateo,081,765935,39311,38448,401,38849,282
2021-02-21,Santa Barbara,083,443738,32477,31374,1120,32494,399
2021-02-21,Santa Clara,085,1922200,109470,108992,562,109554,1654
2021-02-21,Santa Cruz,087,273765,15281,14401,811,15212,176
2021-02-21,Shasta,089,179085,10904,10867,1234,12101,145
2021-02-21,Sierra,091,2930,50,47,14,61,0
2021-02-21,Siskiyou,093,43540,1470,1371,232,1603,4
2021-02-21,Solano,095,438530,29648,29471,353,29824,150
2021-02-21,Sonoma,097,501317,27799,27793,195,27988,278
2021-02-21,Stanislaus,099,539301,50214,49527,5398,54925,726
2021-02-21,Sutter,101,95872,8816,8687,85,8772,97
2021-02-21,Tehama,103,63373,4566,4547,504,5051,30
2021-02-21,Trinity,105,12862,437,286,64,350,3
2021-02-21,Tulare,107,460477,47754,46830,8135,54965,749
2021-02-21,Tuolumne,109,53932,3872,3828,31,3859,53
2021-02-21,Ventura,111,848112,77303,76862,2786,79648,677
2021-02-21,Yolo,113,214977,12784,12670,222,12892,183
2021-02-21,Yuba,115,75493,5461,5396,83,5479,38
2021-02-20,Alameda,001,1643700,80188,79496,1757,81253,1055
2021-02-20,Alpine,003,1148,79,77,0,77,0
2021-02-20,Amador,005,37829,3451,3432,30,3462,39
2021-02-20,Butte,007,227075,11253,10838,1636,12474,176
2021-02-20,Calaveras,009,45235,1891,1858,12,1870,21
2021-02-20,Colusa,011,21464,1865,1858,262,2120,11
2021-02-20,Contra Costa,013,1133247,62515,61205,1085,62290,663
2021-02-20,Del Norte,015,27424,987,937,4,941,3
2021-02-20,El Dorado,017,186661,9059,8911,611,9522,96
2021-02-20,Fresno,019,978130,95574,94234,7776,102010,1341
2021-02-20,Glenn,021,27897,2231,2199,497,2696,14
2021-02-20,Humboldt,023,135768,3109,3073,22,3095,29
2021-02-20,Imperial,025,180216,27117,26771,2566,29337,590
2021-02-20,Inyo,027,18085,1275,1226,18,1244,32
2021-02-20,Kern,029,883053,92742,91025,9839,100864,968
2021-02-20,Kings,031,150075,22097,21773,1003,22776,212
2021-02-20,Lake,033,64148,3146,3089,6,3095,40
2021-02-20,Lassen,035,31185,5102,5067,96,5163,1
2021-02-20,Los Angeles,037,10098052,1166296,1145594,39595,1185189,19630
2021-02-20,Madera,039,155013,15481,15274,825,16099,191
2021-02-20,Marin,041,260295,13063,12945,165,13110,211
2021-02-20,Mariposa,043,17540,375,372,6,378,4
2021-02-20,Mendocino,045,87422,3609,3533,67,3600,40
2021-02-20,Merced,047,269075,28112,28066,873,28939,379
2021-02-20,Modoc,049,8938,337,328,114,442,3
2021-02-20,Mono,051,14174,1166,1187,14,1201,3
2021-02-20,Monterey,053,433212,41698,41313,1705,43018,309
2021-02-20,Napa,055,140530,8971,8910,30,8940,69
2021-02-20,Nevada,057,99092,3959,3887,160,4047,66
2021-02-20,Orange,059,3164182,246228,243761,10257,254018,3755
2021-02-20,Placer,061,380077,20345,19509,1109,20618,236
2021-02-20,Plumas,063,18699,639,626,11,637,4
2021-02-20,Riverside,065,2383286,282763,277267,13526,290793,3559
2021-02-20,Sacramento,067,1510023,93641,92057,1233,93290,1352
2021-02-20,San Benito,069,59416,5712,5709,90,5799,57
2021-02-20,San Bernardino,071,2135413,285029,279608,8661,288269,3203
2021-02-20,San Diego,073,3302833,262152,256510,12627,269137,3188
2021-02-20,San Francisco,075,870044,33934,33820,1078,34898,399
2021-02-20,San Joaquin,077,732212,66240,64916,2794,67710,1001
2021-02-20,San Luis Obispo,079,281455,19464,19138,561,19699,229
2021-02-20,San Mateo,081,765935,39267,38371,400,38771,282
2021-02-20,Santa Barbara,083,443738,32442,31289,1119,32408,396
2021-02-20,Santa Clara,085,1922200,109294,108728,559,109287,1649
2021-02-20,Santa Cruz,087,273765,15270,14378,809,15187,176
2021-02-20,Shasta,089,179085,10890,10850,1229,12079,146
2021-02-20,Sierra,091,2930,50,47,14,61,0
2021-02-20,Siskiyou,093,43540,1467,1366,232,1598,4
2021-02-20,Solano,095,438530,29633,29440,351,29791,150
2021-02-20,Sonoma,097,501317,27770,27703,193,27896,278
2021-02-20,Stanislaus,099,539301,50159,49445,5385,54830,733
2021-02-20,Sutter,101,95872,8810,8681,85,8766,97
2021-02-20,Tehama,103,63373,4565,4545,504,5049,30
2021-02-20,Trinity,105,12862,436,285,63,348,3
2021-02-20,Tulare,107,460477,47718,46769,8113,54882,739
2021-02-20,Tuolumne,109,53932,3867,3823,31,3854,53
2021-02-20,Ventura,111,848112,77207,76757,2783,79540,671
2021-02-20,Yolo,113,214977,12770,12639,221,12860,183
2021-02-20,Yuba,115,75493,5458,5386,83,5469,38
2021-02-19,Alameda,001,1643700,80084,79318,1753,81071,1047
2021-02-19,Alpine,003,1148,79,77,0,77,0
2021-02-19,Amador,005,37829,3447,3427,30,3457,39
2021-02-19,Butte,007,227075,11243,10823,1631,12454,176
2021-02-19,Calaveras,009,45235,1890,1856,12,1868,21
2021-02-19,Colusa,011,21464,1865,1858,262,2120,11
2021-02-19,Contra Costa,013,1133247,62407,61017,1083,62100,651
2021-02-19,Del Norte,015,27424,982,932,4,936,2
2021-02-19,El Dorado,017,186661,9050,8882,610,9492,96
2021-02-19,Fresno,019,978130,95443,93973,7759,101732,1330
2021-02-19,Glenn,021,27897,2226,2199,496,2695,14
2021-02-19,Humboldt,023,135768,3097,3037,22,3059,29
2021-02-19,Imperial,025,180216,27112,26751,2563,29314,589
2021-02-19,Inyo,027,18085,1270,1212,18,1230,32
2021-02-19,Kern,029,883053,92673,90807,9796,100603,963
2021-02-19,Kings,031,150075,22083,21724,1001,22725,211
2021-02-19,Lake,033,64148,3140,3078,6,3084,40
2021-02-19,Lassen,035,31185,5101,5057,96,5153,1
2021-02-19,Los Angeles,037,10098052,1165549,1143828,39554,1183382,19498
2021-02-19,Madera,039,155013,15464,15222,823,16045,188
2021-02-19,Marin,041,260295,13039,12919,163,13082,210
2021-02-19,Mariposa,043,17540,375,371,6,377,4
2021-02-19,Mendocino,045,87422,3607,3526,67,3593,39
2021-02-19,Merced,047,269075,28081,27985,870,28855,376
2021-02-19,Modoc,049,8938,337,328,114,442,3
2021-02-19,Mono,051,14174,1166,1186,14,1200,3
2021-02-19,Monterey,053,433212,41669,41209,1701,42910,309
2021-02-19,Napa,055,140530,8960,8899,30,8929,69
2021-02-19,Nevada,057,99092,3953,3863,160,4023,66
2021-02-19,Orange,059,3164182,246046,243397,10244,253641,3715
2021-02-19,Placer,061,380077,20323,19457,1109,20566,236
2021-02-19,Plumas,063,18699,637,624,11,635,4
2021-02-19,Riverside,065,2383286,282591,276941,13509,290450,3541
2021-02-19,Sacramento,067,1510023,93520,91815,1229,93044,1351
2021-02-19,San Benito,069,59416,5707,5699,90,5789,57
2021-02-19,San Bernardino,071,2135413,284902,279209,8655,287864,3117
2021-02-19,San Diego,073,3302833,261861,255799,12604,268403,3169
2021-02-19,San Francisco,075,870044,33886,33746,1072,34818,387
2021-02-19,San Joaquin,077,732212,66169,64774,2785,67559,988
2021-02-19,San Luis Obispo,079,281455,19434,19061,559,19620,230
2021-02-19,San Mateo,081,765935,39209,38256,398,38654,282
2021-02-19,Santa Barbara,083,443738,32378,31204,1118,32322,392
2021-02-19,Santa Clara,085,1922200,109081,108400,557,108957,1634
2021-02-19,Santa Cruz,087,273765,15255,14354,809,15163,176
2021-02-19,Shasta,089,179085,10878,10833,1226,12059,140
2021-02-19,Sierra,091,2930,50,47,14,61,0
2021-02-19,Siskiyou,093,43540,1463,1363,230,1593,4
2021-02-19,Solano,095,438530,29602,29383,350,29733,150
2021-02-19,Sonoma,097,501317,27722,27595,191,27786,280
2021-02-19,Stanislaus,099,539301,50098,49282,5369,54651,739
2021-02-19,Sutter,101,95872,8800,8665,85,8750,96
2021-02-19,Tehama,103,63373,4563,4535,504,5039,30
2021-02-19,Trinity,105,12862,434,282,61,343,3
2021-02-19,Tulare,107,460477,47671,46662,8086,54748,736
2021-02-19,Tuolumne,109,53932,3860,3817,31,3848,52
2021-02-19,Ventura,111,848112,77127,76582,2780,79362,667
2021-02-19,Yolo,113,214977,12754,12606,221,12827,183
2021-02-19,Yuba,115,75493,5448,5376,83,5459,38
2021-02-18,Alameda,001,1643700,79937,79111,1746,80857,1012
2021-02-18,Alpine,003,1148,79,77,0,77,0
2021-02-18,Amador,005,37829,3443,3417,29,3446,38
2021-02-18,Butte,007,227075,11225,10791,1628,12419,175
2021-02-18,Calaveras,009,45235,1885,1873,12,1885,21
2021-02-18,Colusa,011,21464,1863,1856,260,2116,11
2021-02-18,Contra Costa,013,1133247,62296,60868,1082,61950,640
2021-02-18,Del Norte,015,27424,977,929,4,933,2
2021-02-18,El Dorado,017,186661,9036,8850,609,9459,94
2021-02-18,Fresno,019,978130,95273,93734,7732,101466,1323
2021-02-18,Glenn,021,27897,2220,2195,496,2691,14
2021-02-18,Humboldt,023,135768,3085,3023,22,3045,29
2021-02-18,Imperial,025,180216,27086,26731,2558,29289,591
2021-02-18,Inyo,027,18085,1266,1213,17,1230,32
2021-02-18,Kern,029,883053,92515,90655,9767,100422,961
2021-02-18,Kings,031,150075,22060,21648,1000,22648,211
2021-02-18,Lake,033,64148,3132,3066,6,3072,40
2021-02-18,Lassen,035,31185,5092,5052,96,5148,1
2021-02-18,Los Angeles,037,10098052,1164590,1141930,39486,1181416,19358
2021-02-18,Madera,039,155013,15442,15175,818,15993,188
2021-02-18,Marin,041,260295,13025,12895,163,13058,209
2021-02-18,Mariposa,043,17540,374,369,6,375,4
2021-02-18,Mendocino,045,87422,3604,3519,66,3585,39
2021-02-18,Merced,047,269075,28031,27870,864,28734,372
2021-02-18,Modoc,049,8938,335,327,113,440,3
2021-02-18,Mono,051,14174,1166,1182,14,1196,3
2021-02-18,Monterey,053,433212,41604,41091,1692,42783,307
2021-02-18,Napa,055,140530,8943,8877,30,8907,68
2021-02-18,Nevada,057,99092,3944,3836,159,3995,66
2021-02-18,Orange,059,3164182,245826,243098,10227,253325,3673
2021-02-18,Placer,061,380077,20296,19429,1108,20537,232
2021-02-18,Plumas,063,18699,637,624,11,635,4
2021-02-18,Riverside,065,2383286,282310,276595,13489,290084,3510
2021-02-18,Sacramento,067,1510023,93358,91476,1222,92698,1334
2021-02-18,San Benito,069,59416,5704,5697,89,5786,58
2021-02-18,San Bernardino,071,2135413,284692,278887,8641,287528,3066
2021-02-18,San Diego,073,3302833,261507,254987,12581,267568,3135
2021-02-18,San Francisco,075,870044,33828,33650,1069,34719,386
2021-02-18,San Joaquin,077,732212,66083,64634,2774,67408,982
2021-02-18,San Luis Obispo,079,281455,19392,18987,556,19543,230
2021-02-18,San Mateo,081,765935,39147,38185,394,38579,282
2021-02-18,Santa Barbara,083,443738,32299,31054,1110,32164,387
2021-02-18,Santa Clara,085,1922200,108855,108210,554,108764,1605
2021-02-18,Santa Cruz,087,273765,15229,14314,809,15123,176
2021-02-18,Shasta,089,179085,10858,10811,1223,12034,139
2021-02-18,Sierra,091,2930,49,47,14,61,0
2021-02-18,Siskiyou,093,43540,1458,1359,229,1588,4
2021-02-18,Solano,095,438530,29575,29349,349,29698,150
2021-02-18,Sonoma,097,501317,27654,27512,190,27702,281
2021-02-18,Stanislaus,099,539301,50000,49150,5354,54504,738
2021-02-18,Sutter,101,95872,8792,8654,85,8739,96
2021-02-18,Tehama,103,63373,4560,4528,503,5031,30
2021-02-18,Trinity,105,12862,433,282,61,343,3
2021-02-18,Tulare,107,460477,47611,46591,8045,54636,728
2021-02-18,Tuolumne,109,53932,3823,3811,31,3842,52
2021-02-18,Ventura,111,848112,76995,76442,2770,79212,659
2021-02-18,Yolo,113,214977,12727,12549,218,12767,183
2021-02-18,Yuba,115,75493,5431,5358,83,5441,38
2021-02-17,Alameda,001,1643700,79775,78895,1744,80639,1002
2021-02-17,Alpine,003,1148,79,77,0,77,0
2021-02-17,Amador,005,37829,3439,3415,29,3444,38
2021-02-17,Butte,007,227075,11207,10770,1625,12395,174
2021-02-17,Calaveras,009,45235,1885,1876,12,1888,21
2021-02-17,Colusa,011,21464,1860,1854,260,2114,10
2021-02-17,Contra Costa,013,1133247,62155,60723,1079,61802,635
2021-02-17,Del Norte,015,27424,971,920,4,924,2
2021-02-17,El Dorado,017,186661,9024,8847,609,9456,94
2021-02-17,Fresno,019,978130,95133,93555,7705,101260,1307
2021-02-17,Glenn,021,27897,2220,2189,495,2684,14
2021-02-17,Humboldt,023,135768,3070,3006,22,3028,29
2021-02-17,Imperial,025,180216,27071,26726,2556,29282,580
2021-02-17,Inyo,027,18085,1258,1197,17,1214,32
2021-02-17,Kern,029,883053,92396,90454,9720,100174,962
2021-02-17,Kings,031,150075,22022,21617,996,22613,211
2021-02-17,Lake,033,64148,3121,3057,2,3059,38
2021-02-17,Lassen,035,31185,5087,5052,95,5147,1
2021-02-17,Los Angeles,037,10098052,1163540,1139786,39423,1179209,19213
2021-02-17,Madera,039,155013,15416,15135,809,15944,177
2021-02-17,Marin,041,260295,12999,12881,163,13044,207
2021-02-17,Mariposa,043,17540,374,368,5,373,4
2021-02-17,Mendocino,045,87422,3602,3494,65,3559,39
2021-02-17,Merced,047,269075,27977,27824,855,28679,372
2021-02-17,Modoc,049,8938,335,327,113,440,3
2021-02-17,Mono,051,14174,1166,1180,14,1194,3
2021-02-17,Monterey,053,433212,41550,41014,1680,42694,304
2021-02-17,Napa,055,140530,8929,8865,30,8895,68
2021-02-17,Nevada,057,99092,3925,3822,156,3978,52
2021-02-17,Orange,059,3164182,245559,242716,10193,252909,3626
2021-02-17,Placer,061,380077,20263,19405,1104,20509,230
2021-02-17,Plumas,063,18699,636,623,11,634,4
2021-02-17,Riverside,065,2383286,282034,276289,13466,289755,3491
2021-02-17,Sacramento,067,1510023,93200,91309,1215,92524,1326
2021-02-17,San Benito,069,59416,5698,5661,89,5750,57
2021-02-17,San Bernardino,071,2135413,284485,278461,8621,287082,3020
2021-02-17,San Diego,073,3302833,261130,254177,12560,266737,3099
2021-02-17,San Francisco,075,870044,33752,33558,1064,34622,379
2021-02-17,San Joaquin,077,732212,65983,64556,2767,67323,979
2021-02-17,San Luis Obispo,079,281455,19347,18964,556,19520,230
2021-02-17,San Mateo,081,765935,39081,38124,393,38517,282
2021-02-17,Santa Barbara,083,443738,32231,30927,1109,32036,384
2021-02-17,Santa Clara,085,1922200,108623,107949,552,108501,1592
2021-02-17,Santa Cruz,087,273765,15196,14268,806,15074,174
2021-02-17,Shasta,089,179085,10838,10770,1222,11992,139
2021-02-17,Sierra,091,2930,49,47,14,61,0
2021-02-17,Siskiyou,093,43540,1452,1352,226,1578,4
2021-02-17,Solano,095,438530,29518,29288,349,29637,149
2021-02-17,Sonoma,097,501317,27580,27408,185,27593,281
2021-02-17,Stanislaus,099,539301,49891,49050,5337,54387,730
2021-02-17,Sutter,101,95872,8782,8681,85,8766,95
2021-02-17,Tehama,103,63373,4556,4511,502,5013,30
2021-02-17,Trinity,105,12862,433,277,59,336,3
2021-02-17,Tulare,107,460477,47549,46495,8014,54509,726
2021-02-17,Tuolumne,109,53932,3814,3806,31,3837,49
2021-02-17,Ventura,111,848112,76870,76234,2763,78997,646
2021-02-17,Yolo,113,214977,12710,12506,216,12722,182
2021-02-17,Yuba,115,75493,5422,5345,83,5428,38
2021-02-16,Alameda,001,1643700,79602,78756,1741,80497,997
2021-02-16,Alpine,003,1148,79,76,0,76,0
2021-02-16,Amador,005,37829,3432,3413,29,3442,39
2021-02-16,Butte,007,227075,11180,10748,1622,12370,164
2021-02-16,Calaveras,009,45235,1883,1872,12,1884,21
2021-02-16,Colusa,011,21464,1857,1852,258,2110,10
2021-02-16,Contra Costa,013,1133247,62007,60564,1074,61638,631
2021-02-16,Del Norte,015,27424,963,913,4,917,2
2021-02-16,El Dorado,017,186661,9014,8836,608,9444,94
2021-02-16,Fresno,019,978130,94969,93363,7675,101038,1293
2021-02-16,Glenn,021,27897,2211,2189,490,2679,14
2021-02-16,Humboldt,023,135768,3047,2994,21,3015,29
2021-02-16,Imperial,025,180216,27058,26711,2552,29263,580
2021-02-16,Inyo,027,18085,1250,1191,17,1208,32
2021-02-16,Kern,029,883053,92263,90267,9687,99954,959
2021-02-16,Kings,031,150075,21976,21583,992,22575,206
2021-02-16,Lake,033,64148,3112,3041,2,3043,38
2021-02-16,Lassen,035,31185,5075,5047,95,5142,1
2021-02-16,Los Angeles,037,10098052,1162293,1138262,39362,1177624,19044
2021-02-16,Madera,039,155013,15377,15120,804,15924,172
2021-02-16,Marin,041,260295,12975,12832,163,12995,205
2021-02-16,Mariposa,043,17540,374,367,5,372,4
2021-02-16,Mendocino,045,87422,3598,3489,65,3554,39
2021-02-16,Merced,047,269075,27904,27724,849,28573,368
2021-02-16,Modoc,049,8938,335,326,113,439,3
2021-02-16,Mono,051,14174,1166,1180,14,1194,3
2021-02-16,Monterey,053,433212,41476,40962,1671,42633,303
2021-02-16,Napa,055,140530,8916,8854,30,8884,66
2021-02-16,Nevada,057,99092,3912,3774,155,3929,47
2021-02-16,Orange,059,3164182,245236,242382,10177,252559,3612
2021-02-16,Placer,061,380077,20231,19367,1101,20468,230
2021-02-16,Plumas,063,18699,636,619,11,630,4
2021-02-16,Riverside,065,2383286,281731,275954,13443,289397,3471
2021-02-16,Sacramento,067,1510023,92946,91246,1208,92454,1305
2021-02-16,San Benito,069,59416,5690,5659,88,5747,56
2021-02-16,San Bernardino,071,2135413,284263,277947,8610,286557,2978
2021-02-16,San Diego,073,3302833,260668,253638,12522,266160,3042
2021-02-16,San Francisco,075,870044,33681,33491,1059,34550,373
2021-02-16,San Joaquin,077,732212,65861,64448,2764,67212,979
2021-02-16,San Luis Obispo,079,281455,19302,18925,553,19478,229
2021-02-16,San Mateo,081,765935,39022,38041,391,38432,277
2021-02-16,Santa Barbara,083,443738,32156,30865,1105,31970,378
2021-02-16,Santa Clara,085,1922200,108371,107754,549,108303,1591
2021-02-16,Santa Cruz,087,273765,15176,14256,805,15061,174
2021-02-16,Shasta,089,179085,10822,10736,1220,11956,139
2021-02-16,Sierra,091,2930,49,47,14,61,0
2021-02-16,Siskiyou,093,43540,1448,1351,226,1577,4
2021-02-16,Solano,095,438530,29478,29246,348,29594,148
2021-02-16,Sonoma,097,501317,27518,27380,179,27559,279
2021-02-16,Stanislaus,099,539301,49770,48927,5322,54249,716
2021-02-16,Sutter,101,95872,8759,8671,85,8756,95
2021-02-16,Tehama,103,63373,4547,4501,501,5002,30
2021-02-16,Trinity,105,12862,429,275,59,334,3
2021-02-16,Tulare,107,460477,47483,46444,7970,54414,716
2021-02-16,Tuolumne,109,53932,3812,3796,31,3827,49
2021-02-16,Ventura,111,848112,76725,76043,2759,78802,631
2021-02-16,Yolo,113,214977,12679,12457,216,12673,175
2021-02-16,Yuba,115,75493,5415,5332,82,5414,38
2021-02-15,Alameda,001,1643700,79404,78647,1730,80377,996
2021-02-15,Alpine,003,1148,79,76,0,76,0
2021-02-15,Amador,005,37829,3428,3409,29,3438,39
2021-02-15,Butte,007,227075,11162,10723,1618,12341,155
2021-02-15,Calaveras,009,45235,1879,1871,12,1883,21
2021-02-15,Colusa,011,21464,1857,1849,254,2103,10
2021-02-15,Contra Costa,013,1133247,61832,60444,1067,61511,631
2021-02-15,Del Norte,015,27424,959,913,4,917,2
2021-02-15,El Dorado,017,186661,8997,8816,608,9424,94
2021-02-15,Fresno,019,978130,94770,93231,7636,100867,1288
2021-02-15,Glenn,021,27897,2208,2185,487,2672,14
2021-02-15,Humboldt,023,135768,3040,2997,21,3018,29
2021-02-15,Imperial,025,180216,27040,26700,2547,29247,580
2021-02-15,Inyo,027,18085,1231,1184,17,1201,32
2021-02-15,Kern,029,883053,92119,90181,9654,99835,959
2021-02-15,Kings,031,150075,21931,21574,988,22562,205
2021-02-15,Lake,033,64148,3098,3030,1,3031,38
2021-02-15,Lassen,035,31185,5073,5047,94,5141,1
2021-02-15,Los Angeles,037,10098052,1160904,1137164,39298,1176462,18925
2021-02-15,Madera,039,155013,15346,15108,802,15910,106
2021-02-15,Marin,041,260295,12955,12810,160,12970,203
2021-02-15,Mariposa,043,17540,372,367,5,372,4
2021-02-15,Mendocino,045,87422,3586,3481,65,3546,39
2021-02-15,Merced,047,269075,27829,27656,842,28498,368
2021-02-15,Modoc,049,8938,335,326,113,439,3
2021-02-15,Mono,051,14174,1163,1178,14,1192,3
2021-02-15,Monterey,053,433212,41415,40911,1657,42568,302
2021-02-15,Napa,055,140530,8902,8837,30,8867,57
2021-02-15,Nevada,057,99092,3895,3767,154,3921,47
2021-02-15,Orange,059,3164182,244918,242176,10149,252325,3586
2021-02-15,Placer,061,380077,20205,19361,1100,20461,230
2021-02-15,Plumas,063,18699,636,620,11,631,4
2021-02-15,Riverside,065,2383286,281385,275771,13428,289199,3468
2021-02-15,Sacramento,067,1510023,92619,91091,1203,92294,1304
2021-02-15,San Benito,069,59416,5681,5649,88,5737,56
2021-02-15,San Bernardino,071,2135413,284007,277869,8602,286471,2945
2021-02-15,San Diego,073,3302833,260154,252940,12491,265431,3037
2021-02-15,San Francisco,075,870044,33607,33454,1052,34506,373
2021-02-15,San Joaquin,077,732212,65696,64382,2757,67139,979
2021-02-15,San Luis Obispo,079,281455,19249,18891,551,19442,227
2021-02-15,San Mateo,081,765935,38945,37969,388,38357,277
2021-02-15,Santa Barbara,083,443738,32054,30810,1102,31912,378
2021-02-15,Santa Clara,085,1922200,108136,107630,547,108177,1588
2021-02-15,Santa Cruz,087,273765,15144,14239,802,15041,175
2021-02-15,Shasta,089,179085,10802,10730,1215,11945,139
2021-02-15,Sierra,091,2930,49,47,14,61,0
2021-02-15,Siskiyou,093,43540,1440,1345,225,1570,4
2021-02-15,Solano,095,438530,29423,29225,348,29573,148
2021-02-15,Sonoma,097,501317,27433,27359,175,27534,276
2021-02-15,Stanislaus,099,539301,49645,48808,5309,54117,716
2021-02-15,Sutter,101,95872,8744,8652,85,8737,95
2021-02-15,Tehama,103,63373,4536,4492,499,4991,30
2021-02-15,Trinity,105,12862,428,274,59,333,3
2021-02-15,Tulare,107,460477,47410,46344,7930,54274,715
2021-02-15,Tuolumne,109,53932,3802,3794,31,3825,49
2021-02-15,Ventura,111,848112,76569,75889,2756,78645,629
2021-02-15,Yolo,113,214977,12642,12412,210,12622,175
2021-02-15,Yuba,115,75493,5398,5320,81,5401,38
2021-02-14,Alameda,001,1643700,79248,78442,1729,80171,995
2021-02-14,Alpine,003,1148,79,76,0,76,0
2021-02-14,Amador,005,37829,3423,3398,29,3427,39
2021-02-14,Butte,007,227075,11138,10717,1613,12330,155
2021-02-14,Calaveras,009,45235,1876,1866,12,1878,21
2021-02-14,Colusa,011,21464,1853,1845,251,2096,10
2021-02-14,Contra Costa,013,1133247,61684,60272,1064,61336,631
2021-02-14,Del Norte,015,27424,955,911,4,915,2
2021-02-14,El Dorado,017,186661,8966,8790,607,9397,94
2021-02-14,Fresno,019,978130,94601,93065,7611,100676,1287
2021-02-14,Glenn,021,27897,2206,2184,487,2671,14
2021-02-14,Humboldt,023,135768,3027,2992,21,3013,29
2021-02-14,Imperial,025,180216,27032,26696,2546,29242,580
2021-02-14,Inyo,027,18085,1225,1177,17,1194,32
2021-02-14,Kern,029,883053,91960,90038,9599,99637,959
2021-02-14,Kings,031,150075,21905,21538,986,22524,205
2021-02-14,Lake,033,64148,3089,3030,1,3031,38
2021-02-14,Lassen,035,31185,5069,5037,94,5131,1
2021-02-14,Los Angeles,037,10098052,1159566,1135450,39211,1174661,18898
2021-02-14,Madera,039,155013,15314,15089,798,15887,106
2021-02-14,Marin,041,260295,12931,12784,160,12944,201
2021-02-14,Mariposa,043,17540,372,365,5,370,4
2021-02-14,Mendocino,045,87422,3581,3475,65,3540,39
2021-02-14,Merced,047,269075,27751,27601,836,28437,368
2021-02-14,Modoc,049,8938,335,326,113,439,3
2021-02-14,Mono,051,14174,1162,1180,14,1194,3
2021-02-14,Monterey,053,433212,41365,40842,1653,42495,302
2021-02-14,Napa,055,140530,8882,8826,30,8856,57
2021-02-14,Nevada,057,99092,3879,3761,154,3915,47
2021-02-14,Orange,059,3164182,244607,241859,10129,251988,3564
2021-02-14,Placer,061,380077,20166,19313,1095,20408,230
2021-02-14,Plumas,063,18699,635,620,11,631,4
2021-02-14,Riverside,065,2383286,281067,275518,13408,288926,3471
2021-02-14,Sacramento,067,1510023,92412,90856,1199,92055,1304
2021-02-14,San Benito,069,59416,5673,5641,87,5728,56
2021-02-14,San Bernardino,071,2135413,283691,277664,8582,286246,2929
2021-02-14,San Diego,073,3302833,259662,252247,12443,264690,3037
2021-02-14,San Francisco,075,870044,33534,33374,1043,34417,372
2021-02-14,San Joaquin,077,732212,65597,64243,2743,66986,979
2021-02-14,San Luis Obispo,079,281455,19211,18868,548,19416,225
2021-02-14,San Mateo,081,765935,38861,37859,388,38247,277
2021-02-14,Santa Barbara,083,443738,31962,30744,1098,31842,377
2021-02-14,Santa Clara,085,1922200,107935,107412,543,107955,1582
2021-02-14,Santa Cruz,087,273765,15116,14225,797,15022,175
2021-02-14,Shasta,089,179085,10771,10720,1210,11930,139
2021-02-14,Sierra,091,2930,49,47,14,61,0
2021-02-14,Siskiyou,093,43540,1436,1340,225,1565,4
2021-02-14,Solano,095,438530,29385,29150,344,29494,148
2021-02-14,Sonoma,097,501317,27356,27266,173,27439,276
2021-02-14,Stanislaus,099,539301,49538,48672,5294,53966,716
2021-02-14,Sutter,101,95872,8721,8642,85,8727,95
2021-02-14,Tehama,103,63373,4528,4490,497,4987,30
2021-02-14,Trinity,105,12862,428,272,59,331,3
2021-02-14,Tulare,107,460477,47330,46263,7876,54139,715
2021-02-14,Tuolumne,109,53932,3801,3764,31,3795,49
2021-02-14,Ventura,111,848112,76394,75742,2745,78487,629
2021-02-14,Yolo,113,214977,12613,12399,209,12608,175
2021-02-14,Yuba,115,75493,5388,5314,81,5395,38
2021-02-13,Alameda,001,1643700,79133,78246,1726,79972,995
2021-02-13,Alpine,003,1148,79,76,0,76,0
2021-02-13,Amador,005,37829,3420,3387,29,3416,38
2021-02-13,Butte,007,227075,11122,10699,1612,12311,155
2021-02-13,Calaveras,009,45235,1872,1863,12,1875,21
2021-02-13,Colusa,011,21464,1853,1837,251,2088,10
2021-02-13,Contra Costa,013,1133247,61564,60100,1064,61164,629
2021-02-13,Del Norte,015,27424,953,908,4,912,2
2021-02-13,El Dorado,017,186661,8955,8758,606,9364,93
2021-02-13,Fresno,019,978130,94487,92807,7589,100396,1287
2021-02-13,Glenn,021,27897,2205,2182,487,2669,14
2021-02-13,Humboldt,023,135768,3014,2974,20,2994,29
2021-02-13,Imperial,025,180216,27025,26680,2544,29224,580
2021-02-13,Inyo,027,18085,1221,1168,17,1185,32
2021-02-13,Kern,029,883053,91871,89915,9574,99489,957
2021-02-13,Kings,031,150075,21890,21513,984,22497,205
2021-02-13,Lake,033,64148,3083,3025,1,3026,37
2021-02-13,Lassen,035,31185,5066,5028,94,5122,1
2021-02-13,Los Angeles,037,10098052,1158707,1133752,39164,1172916,18822
2021-02-13,Madera,039,155013,15305,15053,793,15846,106
2021-02-13,Marin,041,260295,12910,12757,160,12917,201
2021-02-13,Mariposa,043,17540,372,365,5,370,4
2021-02-13,Mendocino,045,87422,3571,3466,65,3531,38
2021-02-13,Merced,047,269075,27707,27541,833,28374,368
2021-02-13,Modoc,049,8938,335,325,113,438,3
2021-02-13,Mono,051,14174,1162,1176,14,1190,3
2021-02-13,Monterey,053,433212,41334,40731,1651,42382,301
2021-02-13,Napa,055,140530,8873,8809,30,8839,57
2021-02-13,Nevada,057,99092,3870,3742,153,3895,47
2021-02-13,Orange,059,3164182,244401,241545,10109,251654,3520
2021-02-13,Placer,061,380077,20146,19214,1095,20309,230
2021-02-13,Plumas,063,18699,635,616,11,627,4
2021-02-13,Riverside,065,2383286,280837,275276,13399,288675,3462
2021-02-13,Sacramento,067,1510023,92245,90401,1196,91597,1302
2021-02-13,San Benito,069,59416,5659,5633,87,5720,56
2021-02-13,San Bernardino,071,2135413,283539,277405,8570,285975,2899
2021-02-13,San Diego,073,3302833,259331,251679,12431,264110,3009
2021-02-13,San Francisco,075,870044,33485,33291,1032,34323,364
2021-02-13,San Joaquin,077,732212,65529,64105,2733,66838,977
2021-02-13,San Luis Obispo,079,281455,19183,18803,542,19345,225
2021-02-13,San Mateo,081,765935,38808,37745,388,38133,277
2021-02-13,Santa Barbara,083,443738,31910,30594,1096,31690,374
2021-02-13,Santa Clara,085,1922200,107750,107125,539,107664,1570
2021-02-13,Santa Cruz,087,273765,15089,14198,796,14994,173
2021-02-13,Shasta,089,179085,10759,10713,1205,11918,139
2021-02-13,Sierra,091,2930,49,47,14,61,0
2021-02-13,Siskiyou,093,43540,1433,1336,225,1561,4
2021-02-13,Solano,095,438530,29348,29084,344,29428,148
2021-02-13,Sonoma,097,501317,27310,27157,171,27328,276
2021-02-13,Stanislaus,099,539301,49469,48568,5288,53856,697
2021-02-13,Sutter,101,95872,8709,8626,85,8711,94
2021-02-13,Tehama,103,63373,4519,4484,496,4980,30
2021-02-13,Trinity,105,12862,427,272,58,330,3
2021-02-13,Tulare,107,460477,47284,46162,7841,54003,709
2021-02-13,Tuolumne,109,53932,3800,3752,31,3783,49
2021-02-13,Ventura,111,848112,76256,75481,2739,78220,618
2021-02-13,Yolo,113,214977,12601,12374,208,12582,175
2021-02-13,Yuba,115,75493,5380,5289,81,5370,38
2021-02-12,Alameda,001,1643700,78999,77958,1720,79678,974
2021-02-12,Alpine,003,1148,79,76,0,76,0
2021-02-12,Amador,005,37829,3416,3381,29,3410,38
2021-02-12,Butte,007,227075,11107,10655,1605,12260,155
2021-02-12,Calaveras,009,45235,1869,1860,12,1872,21
2021-02-12,Colusa,011,21464,1853,1836,251,2087,10
2021-02-12,Contra Costa,013,1133247,61414,59878,1060,60938,620
2021-02-12,Del Norte,015,27424,943,901,4,905,2
2021-02-12,El Dorado,017,186661,8939,8725,603,9328,92
2021-02-12,Fresno,019,978130,94333,92520,7569,100089,1273
2021-02-12,Glenn,021,27897,2202,2175,487,2662,14
2021-02-12,Humboldt,023,135768,3006,2961,20,2981,29
2021-02-12,Imperial,025,180216,27016,26646,2542,29188,585
2021-02-12,Inyo,027,18085,1215,1156,17,1173,32
2021-02-12,Kern,029,883053,91760,89532,9538,99070,949
2021-02-12,Kings,031,150075,21859,21462,978,22440,202
2021-02-12,Lake,033,64148,3079,3012,1,3013,36
2021-02-12,Lassen,035,31185,5064,5015,94,5109,1
2021-02-12,Los Angeles,037,10098052,1157504,1131185,39095,1170280,18637
2021-02-12,Madera,039,155013,15278,15022,790,15812,106
2021-02-12,Marin,041,260295,12884,12720,160,12880,200
2021-02-12,Mariposa,043,17540,371,365,5,370,4
2021-02-12,Mendocino,045,87422,3569,3447,65,3512,38
2021-02-12,Merced,047,269075,27656,27453,830,28283,367
2021-02-12,Modoc,049,8938,335,324,113,437,3
2021-02-12,Mono,051,14174,1161,1172,14,1186,3
2021-02-12,Monterey,053,433212,41287,40633,1642,42275,297
2021-02-12,Napa,055,140530,8861,8785,30,8815,55
2021-02-12,Nevada,057,99092,3865,3728,153,3881,47
2021-02-12,Orange,059,3164182,244161,241075,10095,251170,3505
2021-02-12,Placer,061,380077,20104,19174,1090,20264,230
2021-02-12,Plumas,063,18699,634,614,11,625,4
2021-02-12,Riverside,065,2383286,280563,274792,13381,288173,3438
2021-02-12,Sacramento,067,1510023,92042,90252,1195,91447,1295
2021-02-12,San Benito,069,59416,5643,5622,86,5708,56
2021-02-12,San Bernardino,071,2135413,283346,276890,8559,285449,2827
2021-02-12,San Diego,073,3302833,258948,250788,12405,263193,2979
2021-02-12,San Francisco,075,870044,33426,33179,1028,34207,359
2021-02-12,San Joaquin,077,732212,65435,63966,2725,66691,975
2021-02-12,San Luis Obispo,079,281455,19142,18687,541,19228,224
2021-02-12,San Mateo,081,765935,38736,37560,388,37948,254
2021-02-12,Santa Barbara,083,443738,31839,30454,1091,31545,372
2021-02-12,Santa Clara,085,1922200,107581,106759,536,107295,1543
2021-02-12,Santa Cruz,087,273765,15069,14147,796,14943,170
2021-02-12,Shasta,089,179085,10741,10693,1195,11888,142
2021-02-12,Sierra,091,2930,48,45,14,59,0
2021-02-12,Siskiyou,093,43540,1429,1324,222,1546,4
2021-02-12,Solano,095,438530,29316,28996,341,29337,147
2021-02-12,Sonoma,097,501317,27256,27064,167,27231,275
2021-02-12,Stanislaus,099,539301,49385,48418,5264,53682,697
2021-02-12,Sutter,101,95872,8695,8609,85,8694,93
2021-02-12,Tehama,103,63373,4511,4470,495,4965,27
2021-02-12,Trinity,105,12862,427,269,58,327,3
2021-02-12,Tulare,107,460477,47206,46016,7814,53830,710
2021-02-12,Tuolumne,109,53932,3798,3736,30,3766,49
2021-02-12,Ventura,111,848112,76088,75210,2732,77942,605
2021-02-12,Yolo,113,214977,12581,12340,208,12548,175
2021-02-12,Yuba,115,75493,5372,5274,81,5355,38
2021-02-11,Alameda,001,1643700,78771,77564,1715,79279,960
2021-02-11,Alpine,003,1148,78,76,0,76,0
2021-02-11,Amador,005,37829,3412,3368,29,3397,35
2021-02-11,Butte,007,227075,11083,10624,1603,12227,155
2021-02-11,Calaveras,009,45235,1866,1856,12,1868,21
2021-02-11,Colusa,011,21464,1848,1823,249,2072,10
2021-02-11,Contra Costa,013,1133247,61247,59633,1056,60689,605
2021-02-11,Del Norte,015,27424,938,894,4,898,2
2021-02-11,El Dorado,017,186661,8918,8698,603,9301,92
2021-02-11,Fresno,019,978130,94178,92168,7543,99711,1255
2021-02-11,Glenn,021,27897,2200,2166,485,2651,14
2021-02-11,Humboldt,023,135768,2993,2954,19,2973,29
2021-02-11,Imperial,025,180216,26993,26545,2540,29085,578
2021-02-11,Inyo,027,18085,1206,1144,17,1161,32
2021-02-11,Kern,029,883053,91570,89224,9492,98716,941
2021-02-11,Kings,031,150075,21829,21373,975,22348,202
2021-02-11,Lake,033,64148,3069,3002,1,3003,36
2021-02-11,Lassen,035,31185,5053,5004,91,5095,1
2021-02-11,Los Angeles,037,10098052,1155875,1128437,39024,1167461,18500
2021-02-11,Madera,039,155013,15257,14984,788,15772,106
2021-02-11,Marin,041,260295,12847,12682,160,12842,200
2021-02-11,Mariposa,043,17540,371,361,5,366,4
2021-02-11,Mendocino,045,87422,3562,3420,65,3485,38
2021-02-11,Merced,047,269075,27591,27325,826,28151,363
2021-02-11,Modoc,049,8938,334,317,113,430,3
2021-02-11,Mono,051,14174,1157,1173,14,1187,3
2021-02-11,Monterey,053,433212,41179,40469,1636,42105,295
2021-02-11,Napa,055,140530,8840,8777,30,8807,55
2021-02-11,Nevada,057,99092,3849,3720,153,3873,47
2021-02-11,Orange,059,3164182,243794,240590,10072,250662,3476
2021-02-11,Placer,061,380077,20064,19118,1089,20207,224
2021-02-11,Plumas,063,18699,633,592,11,603,4
2021-02-11,Riverside,065,2383286,280197,274313,13366,287679,3394
2021-02-11,Sacramento,067,1510023,91800,89988,1189,91177,1286
2021-02-11,San Benito,069,59416,5634,5609,86,5695,56
2021-02-11,San Bernardino,071,2135413,283030,276349,8545,284894,2774
2021-02-11,San Diego,073,3302833,258396,249971,12371,262342,2955
2021-02-11,San Francisco,075,870044,33341,33076,1016,34092,356
2021-02-11,San Joaquin,077,732212,65265,63719,2715,66434,971
2021-02-11,San Luis Obispo,079,281455,19077,18615,537,19152,219
2021-02-11,San Mateo,081,765935,38646,37439,385,37824,253
2021-02-11,Santa Barbara,083,443738,31745,30375,1086,31461,370
2021-02-11,Santa Clara,085,1922200,107324,106392,530,106922,1507
2021-02-11,Santa Cruz,087,273765,15046,14088,791,14879,165
2021-02-11,Shasta,089,179085,10717,10672,1191,11863,140
2021-02-11,Sierra,091,2930,48,45,14,59,0
2021-02-11,Siskiyou,093,43540,1414,1320,222,1542,4
2021-02-11,Solano,095,438530,29264,28885,341,29226,138
2021-02-11,Sonoma,097,501317,27173,26971,164,27135,272
2021-02-11,Stanislaus,099,539301,49241,48205,5253,53458,697
2021-02-11,Sutter,101,95872,8681,8590,84,8674,93
2021-02-11,Tehama,103,63373,4505,4463,495,4958,26
2021-02-11,Trinity,105,12862,427,269,58,327,3
2021-02-11,Tulare,107,460477,47113,45897,7769,53666,706
2021-02-11,Tuolumne,109,53932,3761,3716,30,3746,48
2021-02-11,Ventura,111,848112,75887,74959,2723,77682,590
2021-02-11,Yolo,113,214977,12558,12303,206,12509,173
2021-02-11,Yuba,115,75493,5358,5261,79,5340,38
2021-02-10,Alameda,001,1643700,78568,77344,1713,79057,944
2021-02-10,Alpine,003,1148,78,76,0,76,0
2021-02-10,Amador,005,37829,3400,3348,29,3377,35
2021-02-10,Butte,007,227075,11057,10594,1602,12196,155
2021-02-10,Calaveras,009,45235,1864,1850,12,1862,21
2021-02-10,Colusa,011,21464,1841,1815,247,2062,10
2021-02-10,Contra Costa,013,1133247,61075,59488,1054,60542,590
2021-02-10,Del Norte,015,27424,932,888,4,892,2
2021-02-10,El Dorado,017,186661,8887,8682,599,9281,87
2021-02-10,Fresno,019,978130,94003,91876,7518,99394,1247
2021-02-10,Glenn,021,27897,2198,2160,482,2642,14
2021-02-10,Humboldt,023,135768,2985,2924,19,2943,29
2021-02-10,Imperial,025,180216,26953,26522,2537,29059,578
2021-02-10,Inyo,027,18085,1194,1138,17,1155,30
2021-02-10,Kern,029,883053,91364,88933,9437,98370,926
2021-02-10,Kings,031,150075,21786,21294,973,22267,197
2021-02-10,Lake,033,64148,3056,2975,1,2976,36
2021-02-10,Lassen,035,31185,5049,4993,91,5084,1
2021-02-10,Los Angeles,037,10098052,1154131,1125437,38893,1164330,18338
2021-02-10,Madera,039,155013,15219,14925,786,15711,105
2021-02-10,Marin,041,260295,12810,12651,160,12811,199
2021-02-10,Mariposa,043,17540,369,360,5,365,4
2021-02-10,Mendocino,045,87422,3547,3395,65,3460,38
2021-02-10,Merced,047,269075,27509,27246,815,28061,359
2021-02-10,Modoc,049,8938,333,315,111,426,3
2021-02-10,Mono,051,14174,1153,1170,14,1184,3
2021-02-10,Monterey,053,433212,41098,40366,1622,41988,288
2021-02-10,Napa,055,140530,8821,8769,30,8799,55
2021-02-10,Nevada,057,99092,3834,3693,151,3844,47
2021-02-10,Orange,059,3164182,243374,239974,10040,250014,3439
2021-02-10,Placer,061,380077,20025,19062,1084,20146,220
2021-02-10,Plumas,063,18699,630,589,11,600,2
2021-02-10,Riverside,065,2383286,279784,273721,13356,287077,3374
2021-02-10,Sacramento,067,1510023,91549,89653,1185,90838,1275
2021-02-10,San Benito,069,59416,5620,5591,86,5677,55
2021-02-10,San Bernardino,071,2135413,282668,275616,8528,284144,2696
2021-02-10,San Diego,073,3302833,257815,248858,12333,261191,2904
2021-02-10,San Francisco,075,870044,33259,32955,1013,33968,351
2021-02-10,San Joaquin,077,732212,65124,63484,2701,66185,954
2021-02-10,San Luis Obispo,079,281455,18998,18549,535,19084,216
2021-02-10,San Mateo,081,765935,38556,37323,385,37708,245
2021-02-10,Santa Barbara,083,443738,31655,30216,1081,31297,359
2021-02-10,Santa Clara,085,1922200,107085,106048,527,106575,1489
2021-02-10,Santa Cruz,087,273765,15010,14007,789,14796,165
2021-02-10,Shasta,089,179085,10694,10645,1188,11833,142
2021-02-10,Sierra,091,2930,48,45,14,59,0
2021-02-10,Siskiyou,093,43540,1409,1314,221,1535,4
2021-02-10,Solano,095,438530,29189,28835,339,29174,137
2021-02-10,Sonoma,097,501317,27081,26881,162,27043,271
2021-02-10,Stanislaus,099,539301,49126,48016,5236,53252,696
2021-02-10,Sutter,101,95872,8664,8571,84,8655,93
2021-02-10,Tehama,103,63373,4497,4445,495,4940,23
2021-02-10,Trinity,105,12862,424,268,58,326,3
2021-02-10,Tulare,107,460477,46997,45782,7730,53512,696
2021-02-10,Tuolumne,109,53932,3753,3691,30,3721,48
2021-02-10,Ventura,111,848112,75660,74651,2705,77356,580
2021-02-10,Yolo,113,214977,12534,12276,205,12481,174
2021-02-10,Yuba,115,75493,5340,5241,79,5320,38
2021-02-09,Alameda,001,1643700,78305,77018,1710,78728,936
2021-02-09,Alpine,003,1148,78,76,0,76,0
2021-02-09,Amador,005,37829,3392,3347,29,3376,35
2021-02-09,Butte,007,227075,11030,10563,1600,12163,153
2021-02-09,Calaveras,009,45235,1860,1847,12,1859,21
2021-02-09,Colusa,011,21464,1832,1812,242,2054,10
2021-02-09,Contra Costa,013,1133247,60887,59307,1048,60355,583
2021-02-09,Del Norte,015,27424,926,886,4,890,2
2021-02-09,El Dorado,017,186661,8860,8663,598,9261,87
2021-02-09,Fresno,019,978130,93763,91730,7487,99217,1211
2021-02-09,Glenn,021,27897,2194,2156,481,2637,14
2021-02-09,Humboldt,023,135768,2977,2904,19,2923,29
2021-02-09,Imperial,025,180216,26925,26509,2534,29043,568
2021-02-09,Inyo,027,18085,1186,1137,17,1154,30
2021-02-09,Kern,029,883053,91116,88684,9389,98073,920
2021-02-09,Kings,031,150075,21745,21275,971,22246,196
2021-02-09,Lake,033,64148,3045,2955,1,2956,36
2021-02-09,Lassen,035,31185,5042,4983,91,5074,1
2021-02-09,Los Angeles,037,10098052,1152164,1122745,38806,1161551,18198
2021-02-09,Madera,039,155013,15199,14912,783,15695,105
2021-02-09,Marin,041,260295,12777,12623,159,12782,197
2021-02-09,Mariposa,043,17540,367,355,5,360,4
2021-02-09,Mendocino,045,87422,3529,3369,65,3434,38
2021-02-09,Merced,047,269075,27411,27166,810,27976,354
2021-02-09,Modoc,049,8938,332,316,111,427,3
2021-02-09,Mono,051,14174,1152,1167,14,1181,3
2021-02-09,Monterey,053,433212,40990,40279,1611,41890,285
2021-02-09,Napa,055,140530,8808,8749,30,8779,55
2021-02-09,Nevada,057,99092,3818,3687,151,3838,44
2021-02-09,Orange,059,3164182,242957,239169,10009,249178,3406
2021-02-09,Placer,061,380077,19961,19008,1077,20085,220
2021-02-09,Plumas,063,18699,630,584,11,595,2
2021-02-09,Riverside,065,2383286,279297,273465,13341,286806,3334
2021-02-09,Sacramento,067,1510023,91238,89378,1184,90562,1265
2021-02-09,San Benito,069,59416,5608,5566,85,5651,54
2021-02-09,San Bernardino,071,2135413,282293,274998,8515,283513,2613
2021-02-09,San Diego,073,3302833,257158,248048,12290,260338,2853
2021-02-09,San Francisco,075,870044,33180,32782,1003,33785,349
2021-02-09,San Joaquin,077,732212,64950,63341,2696,66037,937
2021-02-09,San Luis Obispo,079,281455,18939,18489,534,19023,216
2021-02-09,San Mateo,081,765935,38425,37227,384,37611,235
2021-02-09,Santa Barbara,083,443738,31545,30118,1074,31192,351
2021-02-09,Santa Clara,085,1922200,106778,105762,524,106286,1463
2021-02-09,Santa Cruz,087,273765,14960,13958,784,14742,162
2021-02-09,Shasta,089,179085,10668,10595,1186,11781,139
2021-02-09,Sierra,091,2930,48,44,14,58,0
2021-02-09,Siskiyou,093,43540,1401,1306,219,1525,4
2021-02-09,Solano,095,438530,29112,28769,336,29105,131
2021-02-09,Sonoma,097,501317,26992,26826,160,26986,267
2021-02-09,Stanislaus,099,539301,48965,47906,5220,53126,679
2021-02-09,Sutter,101,95872,8647,8541,84,8625,92
2021-02-09,Tehama,103,63373,4490,4416,493,4909,22
2021-02-09,Trinity,105,12862,424,266,58,324,3
2021-02-09,Tulare,107,460477,46864,45704,7673,53377,686
2021-02-09,Tuolumne,109,53932,3733,3673,30,3703,48
2021-02-09,Ventura,111,848112,75410,74333,2697,77030,567
2021-02-09,Yolo,113,214977,12492,12220,205,12425,174
2021-02-09,Yuba,115,75493,5331,5235,79,5314,35
2021-02-08,Alameda,001,1643700,78043,76735,1705,78440,924
2021-02-08,Alpine,003,1148,78,73,0,73,0
2021-02-08,Amador,005,37829,3385,3344,28,3372,33
2021-02-08,Butte,007,227075,11008,10524,1597,12121,152
2021-02-08,Calaveras,009,45235,1859,1840,12,1852,21
2021-02-08,Colusa,011,21464,1824,1802,238,2040,10
2021-02-08,Contra Costa,013,1133247,60679,59039,1046,60085,567
2021-02-08,Del Norte,015,27424,923,885,4,889,2
2021-02-08,El Dorado,017,186661,8829,8627,596,9223,86
2021-02-08,Fresno,019,978130,93554,91430,7460,98890,1207
2021-02-08,Glenn,021,27897,2187,2148,479,2627,14
2021-02-08,Humboldt,023,135768,2969,2902,19,2921,29
2021-02-08,Imperial,025,180216,26906,26526,2532,29058,567
2021-02-08,Inyo,027,18085,1173,1126,17,1143,30
2021-02-08,Kern,029,883053,90901,88380,9331,97711,920
2021-02-08,Kings,031,150075,21683,21232,968,22200,195
2021-02-08,Lake,033,64148,3026,2949,1,2950,36
2021-02-08,Lassen,035,31185,5029,4976,91,5067,1
2021-02-08,Los Angeles,037,10098052,1150073,1120179,38686,1158865,17977
2021-02-08,Madera,039,155013,15162,14887,776,15663,93
2021-02-08,Marin,041,260295,12748,12591,159,12750,194
2021-02-08,Mariposa,043,17540,367,355,5,360,4
2021-02-08,Mendocino,045,87422,3515,3355,65,3420,38
2021-02-08,Merced,047,269075,27326,27082,805,27887,346
2021-02-08,Modoc,049,8938,330,318,111,429,3
2021-02-08,Mono,051,14174,1152,1165,14,1179,3
2021-02-08,Monterey,053,433212,40867,40186,1592,41778,283
2021-02-08,Napa,055,140530,8793,8719,30,8749,55
2021-02-08,Nevada,057,99092,3806,3671,151,3822,44
2021-02-08,Orange,059,3164182,242488,238715,9985,248700,3361
2021-02-08,Placer,061,380077,19918,18944,1070,20014,211
2021-02-08,Plumas,063,18699,629,584,11,595,2
2021-02-08,Riverside,065,2383286,278739,272904,13317,286221,3301
2021-02-08,Sacramento,067,1510023,90951,89267,1181,90448,1247
2021-02-08,San Benito,069,59416,5603,5553,84,5637,52
2021-02-08,San Bernardino,071,2135413,281890,274661,8509,283170,2587
2021-02-08,San Diego,073,3302833,256416,247259,12249,259508,2821
2021-02-08,San Francisco,075,870044,33086,32679,995,33674,348
2021-02-08,San Joaquin,077,732212,64789,63148,2686,65834,929
2021-02-08,San Luis Obispo,079,281455,18882,18421,529,18950,214
2021-02-08,San Mateo,081,765935,38316,37084,384,37468,232
2021-02-08,Santa Barbara,083,443738,31432,29978,1067,31045,340
2021-02-08,Santa Clara,085,1922200,106453,105413,516,105929,1456
2021-02-08,Santa Cruz,087,273765,14921,13921,777,14698,161
2021-02-08,Shasta,089,179085,10642,10574,1180,11754,137
2021-02-08,Sierra,091,2930,48,44,14,58,0
2021-02-08,Siskiyou,093,43540,1398,1303,219,1522,4
2021-02-08,Solano,095,438530,29049,28644,334,28978,130
2021-02-08,Sonoma,097,501317,26901,26760,159,26919,259
2021-02-08,Stanislaus,099,539301,48812,47704,5192,52896,679
2021-02-08,Sutter,101,95872,8628,8526,84,8610,92
2021-02-08,Tehama,103,63373,4475,4403,491,4894,22
2021-02-08,Trinity,105,12862,422,266,58,324,3
2021-02-08,Tulare,107,460477,46757,45617,7632,53249,673
2021-02-08,Tuolumne,109,53932,3725,3647,30,3677,48
2021-02-08,Ventura,111,848112,75153,74068,2691,76759,565
2021-02-08,Yolo,113,214977,12460,12169,204,12373,162
2021-02-08,Yuba,115,75493,5315,5215,79,5294,35
2021-02-07,Alameda,001,1643700,77739,76500,1697,78197,924
2021-02-07,Alpine,003,1148,75,72,0,72,0
2021-02-07,Amador,005,37829,3364,3343,28,3371,33
2021-02-07,Butte,007,227075,10975,10513,1587,12100,152
2021-02-07,Calaveras,009,45235,1855,1837,12,1849,21
2021-02-07,Colusa,011,21464,1813,1795,236,2031,10
2021-02-07,Contra Costa,013,1133247,60442,58836,1041,59877,566
2021-02-07,Del Norte,015,27424,919,881,4,885,2
2021-02-07,El Dorado,017,186661,8800,8596,594,9190,86
2021-02-07,Fresno,019,978130,93325,91184,7420,98604,1207
2021-02-07,Glenn,021,27897,2184,2141,475,2616,14
2021-02-07,Humboldt,023,135768,2948,2895,19,2914,28
2021-02-07,Imperial,025,180216,26880,26518,2525,29043,567
2021-02-07,Inyo,027,18085,1162,1124,17,1141,27
2021-02-07,Kern,029,883053,90656,88146,9274,97420,920
2021-02-07,Kings,031,150075,21622,21180,965,22145,192
2021-02-07,Lake,033,64148,3010,2940,1,2941,36
2021-02-07,Lassen,035,31185,5018,4973,91,5064,1
2021-02-07,Los Angeles,037,10098052,1147324,1117551,38555,1156106,17889
2021-02-07,Madera,039,155013,15128,14850,772,15622,93
2021-02-07,Marin,041,260295,12714,12571,155,12726,194
2021-02-07,Mariposa,043,17540,366,355,5,360,4
2021-02-07,Mendocino,045,87422,3498,3348,65,3413,38
2021-02-07,Merced,047,269075,27215,26977,793,27770,346
2021-02-07,Modoc,049,8938,330,317,107,424,3
2021-02-07,Mono,051,14174,1149,1165,14,1179,3
2021-02-07,Monterey,053,433212,40731,40113,1571,41684,283
2021-02-07,Napa,055,140530,8770,8701,30,8731,55
2021-02-07,Nevada,057,99092,3795,3643,151,3794,44
2021-02-07,Orange,059,3164182,241890,238155,9953,248108,3336
2021-02-07,Placer,061,380077,19870,18903,1056,19959,211
2021-02-07,Plumas,063,18699,629,584,11,595,2
2021-02-07,Riverside,065,2383286,278225,272301,13296,285597,3267
2021-02-07,Sacramento,067,1510023,90619,88919,1174,90093,1246
2021-02-07,San Benito,069,59416,5584,5548,83,5631,52
2021-02-07,San Bernardino,071,2135413,281307,274316,8484,282800,2587
2021-02-07,San Diego,073,3302833,255629,246561,12186,258747,2821
2021-02-07,San Francisco,075,870044,32965,32609,983,33592,348
2021-02-07,San Joaquin,077,732212,64517,63051,2671,65722,929
2021-02-07,San Luis Obispo,079,281455,18810,18349,522,18871,214
2021-02-07,San Mateo,081,765935,38182,36984,382,37366,232
2021-02-07,Santa Barbara,083,443738,31294,29815,1056,30871,340
2021-02-07,Santa Clara,085,1922200,106113,105118,506,105624,1450
2021-02-07,Santa Cruz,087,273765,14867,13887,773,14660,161
2021-02-07,Shasta,089,179085,10622,10570,1172,11742,137
2021-02-07,Sierra,091,2930,48,43,14,57,0
2021-02-07,Siskiyou,093,43540,1391,1295,217,1512,4
2021-02-07,Solano,095,438530,28939,28567,333,28900,130
2021-02-07,Sonoma,097,501317,26794,26684,155,26839,257
2021-02-07,Stanislaus,099,539301,48622,47551,5160,52711,679
2021-02-07,Sutter,101,95872,8600,8515,84,8599,92
2021-02-07,Tehama,103,63373,4461,4396,489,4885,22
2021-02-07,Trinity,105,12862,419,264,56,320,3
2021-02-07,Tulare,107,460477,46635,45520,7553,53073,671
2021-02-07,Tuolumne,109,53932,3701,3619,29,3648,48
2021-02-07,Ventura,111,848112,74844,73759,2679,76438,561
2021-02-07,Yolo,113,214977,12415,12135,204,12339,162
2021-02-07,Yuba,115,75493,5300,5198,77,5275,35
2021-02-06,Alameda,001,1643700,77582,76170,1686,77856,922
2021-02-06,Alpine,003,1148,75,72,0,72,0
2021-02-06,Amador,005,37829,3358,3306,28,3334,33
2021-02-06,Butte,007,227075,10958,10480,1583,12063,150
2021-02-06,Calaveras,009,45235,1853,1832,12,1844,21
2021-02-06,Colusa,011,21464,1811,1791,235,2026,10
2021-02-06,Contra Costa,013,1133247,60296,58567,1035,59602,566
2021-02-06,Del Norte,015,27424,915,879,4,883,2
2021-02-06,El Dorado,017,186661,8793,8575,590,9165,86
2021-02-06,Fresno,019,978130,93213,90944,7398,98342,1207
2021-02-06,Glenn,021,27897,2183,2136,473,2609,14
2021-02-06,Humboldt,023,135768,2937,2880,19,2899,28
2021-02-06,Imperial,025,180216,26870,26514,2524,29038,567
2021-02-06,Inyo,027,18085,1159,1113,17,1130,27
2021-02-06,Kern,029,883053,90504,87919,9228,97147,912
2021-02-06,Kings,031,150075,21592,21156,965,22121,190
2021-02-06,Lake,033,64148,3005,2920,1,2921,34
2021-02-06,Lassen,035,31185,5014,4964,90,5054,1
2021-02-06,Los Angeles,037,10098052,1145971,1114718,38455,1153173,17793
2021-02-06,Madera,039,155013,15107,14807,770,15577,93
2021-02-06,Marin,041,260295,12694,12531,155,12686,194
2021-02-06,Mariposa,043,17540,365,355,4,359,4
2021-02-06,Mendocino,045,87422,3480,3316,64,3380,38
2021-02-06,Merced,047,269075,27130,26881,785,27666,346
2021-02-06,Modoc,049,8938,330,313,107,420,3
2021-02-06,Mono,051,14174,1148,1159,14,1173,3
2021-02-06,Monterey,053,433212,40675,39995,1563,41558,282
2021-02-06,Napa,055,140530,8757,8639,30,8669,55
2021-02-06,Nevada,057,99092,3783,3624,151,3775,43
2021-02-06,Orange,059,3164182,241526,237391,9919,247310,3293
2021-02-06,Placer,061,380077,19833,18836,1053,19889,211
2021-02-06,Plumas,063,18699,629,584,11,595,2
2021-02-06,Riverside,065,2383286,277865,271741,13277,285018,3243
2021-02-06,Sacramento,067,1510023,90402,88532,1165,89697,1237
2021-02-06,San Benito,069,59416,5566,5516,83,5599,52
2021-02-06,San Bernardino,071,2135413,281002,273718,8461,282179,2564
2021-02-06,San Diego,073,3302833,255133,245331,12151,257482,2812
2021-02-06,San Francisco,075,870044,32892,32437,972,33409,346
2021-02-06,San Joaquin,077,732212,64438,62840,2660,65500,906
2021-02-06,San Luis Obispo,079,281455,18768,18284,518,18802,214
2021-02-06,San Mateo,081,765935,38114,36824,379,37203,232
2021-02-06,Santa Barbara,083,443738,31219,29645,1054,30699,337
2021-02-06,Santa Clara,085,1922200,105892,104639,501,105140,1439
2021-02-06,Santa Cruz,087,273765,14836,13845,769,14614,161
2021-02-06,Shasta,089,179085,10611,10561,1170,11731,137
2021-02-06,Sierra,091,2930,48,43,14,57,0
2021-02-06,Siskiyou,093,43540,1388,1289,216,1505,4
2021-02-06,Solano,095,438530,28903,28446,332,28778,129
2021-02-06,Sonoma,097,501317,26758,26564,153,26717,257
2021-02-06,Stanislaus,099,539301,48524,47325,5144,52469,679
2021-02-06,Sutter,101,95872,8592,8485,84,8569,92
2021-02-06,Tehama,103,63373,4454,4380,487,4867,22
2021-02-06,Trinity,105,12862,419,263,56,319,3
2021-02-06,Tulare,107,460477,46567,45349,7506,52855,664
2021-02-06,Tuolumne,109,53932,3694,3612,29,3641,48
2021-02-06,Ventura,111,848112,74664,73431,2673,76104,552
2021-02-06,Yolo,113,214977,12392,12061,204,12265,161
2021-02-06,Yuba,115,75493,5290,5177,76,5253,35
2021-02-05,Alameda,001,1643700,77358,75716,1684,77400,916
2021-02-05,Alpine,003,1148,75,72,0,72,0
2021-02-05,Amador,005,37829,3353,3299,27,3326,33
2021-02-05,Butte,007,227075,10940,10421,1577,11998,150
2021-02-05,Calaveras,009,45235,1849,1818,12,1830,21
2021-02-05,Colusa,011,21464,1807,1785,235,2020,10
2021-02-05,Contra Costa,013,1133247,60135,58195,1033,59228,560
2021-02-05,Del Norte,015,27424,914,874,4,878,2
2021-02-05,El Dorado,017,186661,8773,8527,588,9115,86
2021-02-05,Fresno,019,978130,93011,90513,7377,97890,1194
2021-02-05,Glenn,021,27897,2177,2122,468,2590,14
2021-02-05,Humboldt,023,135768,2927,2857,19,2876,28
2021-02-05,Imperial,025,180216,26851,26474,2524,28998,557
2021-02-05,Inyo,027,18085,1155,1104,17,1121,27
2021-02-05,Kern,029,883053,90335,87470,9161,96631,906
2021-02-05,Kings,031,150075,21554,21021,962,21983,190
2021-02-05,Lake,033,64148,2993,2906,1,2907,33
2021-02-05,Lassen,035,31185,5010,4936,90,5026,1
2021-02-05,Los Angeles,037,10098052,1143879,1110384,38314,1148698,17608
2021-02-05,Madera,039,155013,15073,14752,765,15517,95
2021-02-05,Marin,041,260295,12659,12479,155,12634,193
2021-02-05,Mariposa,043,17540,365,352,4,356,4
2021-02-05,Mendocino,045,87422,3466,3272,64,3336,38
2021-02-05,Merced,047,269075,27070,26760,784,27544,345
2021-02-05,Modoc,049,8938,330,312,107,419,3
2021-02-05,Mono,051,14174,1147,1157,14,1171,3
2021-02-05,Monterey,053,433212,40611,39840,1552,41392,281
2021-02-05,Napa,055,140530,8743,8598,30,8628,55
2021-02-05,Nevada,057,99092,3780,3607,151,3758,43
2021-02-05,Orange,059,3164182,241099,236335,9892,246227,3260
2021-02-05,Placer,061,380077,19798,18756,1051,19807,211
2021-02-05,Plumas,063,18699,627,578,11,589,2
2021-02-05,Riverside,065,2383286,277459,270666,13258,283924,3235
2021-02-05,Sacramento,067,1510023,90222,87992,1158,89150,1231
2021-02-05,San Benito,069,59416,5555,5502,83,5585,51
2021-02-05,San Bernardino,071,2135413,280663,272938,8444,281382,2495
2021-02-05,San Diego,073,3302833,254557,244066,12116,256182,2777
2021-02-05,San Francisco,075,870044,32802,32229,961,33190,337
2021-02-05,San Joaquin,077,732212,64289,62565,2652,65217,902
2021-02-05,San Luis Obispo,079,281455,18707,18152,514,18666,213
2021-02-05,San Mateo,081,765935,38030,36582,378,36960,227
2021-02-05,Santa Barbara,083,443738,31125,29455,1040,30495,334
2021-02-05,Santa Clara,085,1922200,105644,104112,499,104611,1421
2021-02-05,Santa Cruz,087,273765,14815,13776,767,14543,161
2021-02-05,Shasta,089,179085,10595,10507,1163,11670,136
2021-02-05,Sierra,091,2930,48,42,14,56,0
2021-02-05,Siskiyou,093,43540,1381,1276,214,1490,4
2021-02-05,Solano,095,438530,28853,28283,332,28615,127
2021-02-05,Sonoma,097,501317,26689,26423,150,26573,252
2021-02-05,Stanislaus,099,539301,48382,47024,5126,52150,678
2021-02-05,Sutter,101,95872,8572,8443,84,8527,92
2021-02-05,Tehama,103,63373,4446,4355,487,4842,22
2021-02-05,Trinity,105,12862,418,260,56,316,3
2021-02-05,Tulare,107,460477,46491,45138,7455,52593,663
2021-02-05,Tuolumne,109,53932,3668,3595,29,3624,45
2021-02-05,Ventura,111,848112,74419,72953,2662,75615,546
2021-02-05,Yolo,113,214977,12373,12025,199,12224,162
2021-02-05,Yuba,115,75493,5273,5145,76,5221,35
2021-02-04,Alameda,001,1643700,77074,75422,1678,77100,899
2021-02-04,Alpine,003,1148,74,72,0,72,0
2021-02-04,Amador,005,37829,3350,3288,27,3315,33
2021-02-04,Butte,007,227075,10907,10386,1568,11954,147
2021-02-04,Calaveras,009,45235,1847,1808,12,1820,21
2021-02-04,Colusa,011,21464,1803,1777,233,2010,10
2021-02-04,Contra Costa,013,1133247,59946,57991,1029,59020,550
2021-02-04,Del Norte,015,27424,908,870,4,874,2
2021-02-04,El Dorado,017,186661,8747,8490,585,9075,86
2021-02-04,Fresno,019,978130,92796,90126,7350,97476,1114
2021-02-04,Glenn,021,27897,2173,2102,468,2570,14
2021-02-04,Humboldt,023,135768,2917,2827,19,2846,28
2021-02-04,Imperial,025,180216,26804,26411,2522,28933,556
2021-02-04,Inyo,027,18085,1143,1084,17,1101,27
2021-02-04,Kern,029,883053,90061,87156,9082,96238,898
2021-02-04,Kings,031,150075,21504,20918,954,21872,187
2021-02-04,Lake,033,64148,2981,2882,1,2883,34
2021-02-04,Lassen,035,31185,5007,4927,90,5017,1
2021-02-04,Los Angeles,037,10098052,1141089,1106323,38186,1144509,17396
2021-02-04,Madera,039,155013,15044,14706,761,15467,95
2021-02-04,Marin,041,260295,12623,12431,155,12586,192
2021-02-04,Mariposa,043,17540,365,348,4,352,4
2021-02-04,Mendocino,045,87422,3448,3240,62,3302,38
2021-02-04,Merced,047,269075,26977,26629,781,27410,345
2021-02-04,Modoc,049,8938,330,309,107,416,3
2021-02-04,Mono,051,14174,1145,1153,14,1167,3
2021-02-04,Monterey,053,433212,40502,39619,1535,41154,279
2021-02-04,Napa,055,140530,8714,8573,30,8603,55
2021-02-04,Nevada,057,99092,3760,3590,150,3740,37
2021-02-04,Orange,059,3164182,240456,235677,9850,245527,3238
2021-02-04,Placer,061,380077,19738,18711,1042,19753,210
2021-02-04,Plumas,063,18699,624,562,11,573,2
2021-02-04,Riverside,065,2383286,276719,269851,13219,283070,3230
2021-02-04,Sacramento,067,1510023,89921,87658,1148,88806,1222
2021-02-04,San Benito,069,59416,5541,5488,82,5570,51
2021-02-04,San Bernardino,071,2135413,280114,272223,8424,280647,2409
2021-02-04,San Diego,073,3302833,253767,242613,12052,254665,2738
2021-02-04,San Francisco,075,870044,32688,32116,952,33068,326
2021-02-04,San Joaquin,077,732212,64064,62374,2644,65018,883
2021-02-04,San Luis Obispo,079,281455,18640,18058,512,18570,211
2021-02-04,San Mateo,081,765935,37910,36437,375,36812,226
2021-02-04,Santa Barbara,083,443738,30993,29344,1022,30366,322
2021-02-04,Santa Clara,085,1922200,105295,103781,496,104277,1404
2021-02-04,Santa Cruz,087,273765,14782,13713,759,14472,156
2021-02-04,Shasta,089,179085,10569,10466,1158,11624,131
2021-02-04,Sierra,091,2930,48,42,14,56,0
2021-02-04,Siskiyou,093,43540,1372,1273,214,1487,4
2021-02-04,Solano,095,438530,28750,28192,331,28523,120
2021-02-04,Sonoma,097,501317,26607,26276,146,26422,249
2021-02-04,Stanislaus,099,539301,48219,46822,5106,51928,678
2021-02-04,Sutter,101,95872,8552,8401,84,8485,92
2021-02-04,Tehama,103,63373,4430,4327,487,4814,21
2021-02-04,Trinity,105,12862,417,260,55,315,3
2021-02-04,Tulare,107,460477,46365,44983,7389,52372,656
2021-02-04,Tuolumne,109,53932,3628,3585,29,3614,45
2021-02-04,Ventura,111,848112,74087,72595,2649,75244,537
2021-02-04,Yolo,113,214977,12339,11982,198,12180,161
2021-02-04,Yuba,115,75493,5247,5135,76,5211,34
2021-02-03,Alameda,001,1643700,76740,74968,1674,76642,880
2021-02-03,Alpine,003,1148,74,72,0,72,0
2021-02-03,Amador,005,37829,3346,3281,27,3308,33
2021-02-03,Butte,007,227075,10871,10355,1561,11916,144
2021-02-03,Calaveras,009,45235,1833,1799,11,1810,21
2021-02-03,Colusa,011,21464,1798,1773,232,2005,10
2021-02-03,Contra Costa,013,1133247,59707,57762,1017,58779,537
2021-02-03,Del Norte,015,27424,903,869,4,873,2
2021-02-03,El Dorado,017,186661,8727,8428,584,9012,86
2021-02-03,Fresno,019,978130,92575,89748,7311,97059,1015
2021-02-03,Glenn,021,27897,2164,2098,466,2564,14
2021-02-03,Humboldt,023,135768,2907,2800,19,2819,27
2021-02-03,Imperial,025,180216,26770,26363,2516,28879,547
2021-02-03,Inyo,027,18085,1133,1071,17,1088,27
2021-02-03,Kern,029,883053,89819,86771,9041,95812,877
2021-02-03,Kings,031,150075,21443,20831,951,21782,172
2021-02-03,Lake,033,64148,2964,2869,1,2870,33
2021-02-03,Lassen,035,31185,4996,4910,90,5000,1
2021-02-03,Los Angeles,037,10098052,1138017,1101890,38059,1139949,17163
2021-02-03,Madera,039,155013,15005,14605,759,15364,94
2021-02-03,Marin,041,260295,12589,12406,155,12561,190
2021-02-03,Mariposa,043,17540,364,347,4,351,4
2021-02-03,Mendocino,045,87422,3422,3236,61,3297,38
2021-02-03,Merced,047,269075,26861,26520,776,27296,343
2021-02-03,Modoc,049,8938,329,308,107,415,3
2021-02-03,Mono,051,14174,1138,1146,14,1160,3
2021-02-03,Monterey,053,433212,40374,39500,1517,41017,279
2021-02-03,Napa,055,140530,8679,8534,30,8564,54
2021-02-03,Nevada,057,99092,3746,3572,150,3722,35
2021-02-03,Orange,059,3164182,239712,234738,9818,244556,3189
2021-02-03,Placer,061,380077,19682,18646,1040,19686,210
2021-02-03,Plumas,063,18699,624,559,11,570,2
2021-02-03,Riverside,065,2383286,275994,269019,13188,282207,3195
2021-02-03,Sacramento,067,1510023,89598,87415,1144,88559,1212
2021-02-03,San Benito,069,59416,5523,5463,79,5542,51
2021-02-03,San Bernardino,071,2135413,279633,271477,8401,279878,2308
2021-02-03,San Diego,073,3302833,252866,241015,12005,253020,2683
2021-02-03,San Francisco,075,870044,32558,31983,947,32930,325
2021-02-03,San Joaquin,077,732212,63836,61976,2634,64610,880
2021-02-03,San Luis Obispo,079,281455,18563,17922,509,18431,206
2021-02-03,San Mateo,081,765935,37772,36227,371,36598,225
2021-02-03,Santa Barbara,083,443738,30846,29121,1012,30133,315
2021-02-03,Santa Clara,085,1922200,104978,103278,494,103772,1364
2021-02-03,Santa Cruz,087,273765,14727,13611,752,14363,154
2021-02-03,Shasta,089,179085,10526,10422,1153,11575,130
2021-02-03,Sierra,091,2930,48,42,14,56,0
2021-02-03,Siskiyou,093,43540,1361,1268,213,1481,4
2021-02-03,Solano,095,438530,28628,28057,331,28388,119
2021-02-03,Sonoma,097,501317,26523,26155,145,26300,248
2021-02-03,Stanislaus,099,539301,48044,46598,5086,51684,662
2021-02-03,Sutter,101,95872,8527,8379,84,8463,90
2021-02-03,Tehama,103,63373,4408,4309,484,4793,21
2021-02-03,Trinity,105,12862,417,260,54,314,3
2021-02-03,Tulare,107,460477,46197,44838,7329,52167,640
2021-02-03,Tuolumne,109,53932,3617,3568,29,3597,45
2021-02-03,Ventura,111,848112,73751,72124,2637,74761,526
2021-02-03,Yolo,113,214977,12315,11933,197,12130,161
2021-02-03,Yuba,115,75493,5229,5124,76,5200,34
2021-02-02,Alameda,001,1643700,76394,74642,1660,76302,869
2021-02-02,Alpine,003,1148,74,72,0,72,0
2021-02-02,Amador,005,37829,3315,3275,27,3302,33
2021-02-02,Butte,007,227075,10844,10307,1553,11860,141
2021-02-02,Calaveras,009,45235,1824,1786,11,1797,21
2021-02-02,Colusa,011,21464,1790,1769,227,1996,9
2021-02-02,Contra Costa,013,1133247,59427,57551,1013,58564,536
2021-02-02,Del Norte,015,27424,897,868,4,872,2
2021-02-02,El Dorado,017,186661,8687,8405,584,8989,84
2021-02-02,Fresno,019,978130,92273,89542,7276,96818,1009
2021-02-02,Glenn,021,27897,2152,2090,463,2553,14
2021-02-02,Humboldt,023,135768,2895,2784,19,2803,25
2021-02-02,Imperial,025,180216,26719,26317,2511,28828,535
2021-02-02,Inyo,027,18085,1130,1074,17,1091,27
2021-02-02,Kern,029,883053,89517,86485,8965,95450,867
2021-02-02,Kings,031,150075,21365,20785,943,21728,172
2021-02-02,Lake,033,64148,2944,2857,1,2858,33
2021-02-02,Lassen,035,31185,4989,4908,90,4998,1
2021-02-02,Los Angeles,037,10098052,1134643,1097573,37890,1135463,16913
2021-02-02,Madera,039,155013,14954,14595,754,15349,94
2021-02-02,Marin,041,260295,12560,12367,155,12522,189
2021-02-02,Mariposa,043,17540,361,345,4,349,4
2021-02-02,Mendocino,045,87422,3389,3210,61,3271,38
2021-02-02,Merced,047,269075,26764,26427,769,27196,340
2021-02-02,Modoc,049,8938,324,306,107,413,3
2021-02-02,Mono,051,14174,1136,1147,14,1161,3
2021-02-02,Monterey,053,433212,40239,39371,1503,40874,278
2021-02-02,Napa,055,140530,8650,8505,30,8535,53
2021-02-02,Nevada,057,99092,3731,3548,150,3698,20
2021-02-02,Orange,059,3164182,238910,233783,9783,243566,3152
2021-02-02,Placer,061,380077,19622,18615,1036,19651,205
2021-02-02,Plumas,063,18699,624,560,11,571,2
2021-02-02,Riverside,065,2383286,275158,267901,13154,281055,3169
2021-02-02,Sacramento,067,1510023,89309,87107,1133,88240,1202
2021-02-02,San Benito,069,59416,5509,5444,78,5522,50
2021-02-02,San Bernardino,071,2135413,278958,270486,8371,278857,2244
2021-02-02,San Diego,073,3302833,251827,240047,11918,251965,2629
2021-02-02,San Francisco,075,870044,32403,31788,936,32724,324
2021-02-02,San Joaquin,077,732212,63616,61708,2619,64327,878
2021-02-02,San Luis Obispo,079,281455,18469,17811,507,18318,201
2021-02-02,San Mateo,081,765935,37608,36004,365,36369,225
2021-02-02,Santa Barbara,083,443738,30677,28951,1005,29956,304
2021-02-02,Santa Clara,085,1922200,104515,102872,489,103361,1349
2021-02-02,Santa Cruz,087,273765,14668,13572,748,14320,150
2021-02-02,Shasta,089,179085,10500,10371,1142,11513,128
2021-02-02,Sierra,091,2930,48,42,14,56,0
2021-02-02,Siskiyou,093,43540,1354,1252,210,1462,4
2021-02-02,Solano,095,438530,28532,27963,327,28290,118
2021-02-02,Sonoma,097,501317,26405,26054,145,26199,247
2021-02-02,Stanislaus,099,539301,47824,46306,5053,51359,641
2021-02-02,Sutter,101,95872,8504,8340,84,8424,89
2021-02-02,Tehama,103,63373,4395,4289,483,4772,21
2021-02-02,Trinity,105,12862,417,260,54,314,3
2021-02-02,Tulare,107,460477,46041,44720,7262,51982,625
2021-02-02,Tuolumne,109,53932,3605,3548,29,3577,39
2021-02-02,Ventura,111,848112,73333,71557,2627,74184,514
2021-02-02,Yolo,113,214977,12270,11886,190,12076,158
2021-02-02,Yuba,115,75493,5211,5111,76,5187,34
2021-02-01,Alameda,001,1643700,76036,74374,1655,76029,858
2021-02-01,Alpine,003,1148,74,72,0,72,0
2021-02-01,Amador,005,37829,3304,3234,27,3261,32
2021-02-01,Butte,007,227075,10802,10263,1549,11812,141
2021-02-01,Calaveras,009,45235,1816,1785,11,1796,21
2021-02-01,Colusa,011,21464,1785,1763,218,1981,9
2021-02-01,Contra Costa,013,1133247,59182,57324,1012,58336,531
2021-02-01,Del Norte,015,27424,894,865,4,869,2
2021-02-01,El Dorado,017,186661,8648,8337,584,8921,83
2021-02-01,Fresno,019,978130,91942,89272,7238,96510,994
2021-02-01,Glenn,021,27897,2137,2086,455,2541,14
2021-02-01,Humboldt,023,135768,2873,2773,18,2791,25
2021-02-01,Imperial,025,180216,26676,26224,2509,28733,530
2021-02-01,Inyo,027,18085,1120,1072,17,1089,27
2021-02-01,Kern,029,883053,89120,86170,8894,95064,862
2021-02-01,Kings,031,150075,21275,20746,934,21680,172
2021-02-01,Lake,033,64148,2928,2843,1,2844,33
2021-02-01,Lassen,035,31185,4969,4907,90,4997,1
2021-02-01,Los Angeles,037,10098052,1130828,1094341,37716,1132057,16695
2021-02-01,Madera,039,155013,14919,14572,751,15323,94
2021-02-01,Marin,041,260295,12522,12341,154,12495,188
2021-02-01,Mariposa,043,17540,359,344,4,348,4
2021-02-01,Mendocino,045,87422,3356,3192,61,3253,37
2021-02-01,Merced,047,269075,26638,26282,760,27042,337
2021-02-01,Modoc,049,8938,318,303,103,406,1
2021-02-01,Mono,051,14174,1133,1145,14,1159,3
2021-02-01,Monterey,053,433212,40058,39196,1481,40677,278
2021-02-01,Napa,055,140530,8618,8449,30,8479,52
2021-02-01,Nevada,057,99092,3714,3535,149,3684,20
2021-02-01,Orange,059,3164182,238000,233155,9737,242892,3100
2021-02-01,Placer,061,380077,19553,18574,1029,19603,204
2021-02-01,Plumas,063,18699,622,554,11,565,2
2021-02-01,Riverside,065,2383286,274245,267025,13120,280145,3092
2021-02-01,Sacramento,067,1510023,88908,86856,1121,87977,1193
2021-02-01,San Benito,069,59416,5491,5432,78,5510,48
2021-02-01,San Bernardino,071,2135413,278262,270012,8331,278343,2172
2021-02-01,San Diego,073,3302833,250602,239121,11843,250964,2619
2021-02-01,San Francisco,075,870044,32269,31703,924,32627,324
2021-02-01,San Joaquin,077,732212,63412,61542,2608,64150,877
2021-02-01,San Luis Obispo,079,281455,18350,17690,499,18189,199
2021-02-01,San Mateo,081,765935,37459,35843,365,36208,220
2021-02-01,Santa Barbara,083,443738,30508,28837,997,29834,297
2021-02-01,Santa Clara,085,1922200,104100,102462,488,102950,1343
2021-02-01,Santa Cruz,087,273765,14615,13524,746,14270,149
2021-02-01,Shasta,089,179085,10475,10329,1136,11465,112
2021-02-01,Sierra,091,2930,48,42,14,56,0
2021-02-01,Siskiyou,093,43540,1347,1238,207,1445,4
2021-02-01,Solano,095,438530,28427,27844,326,28170,117
2021-02-01,Sonoma,097,501317,26317,26011,144,26155,243
2021-02-01,Stanislaus,099,539301,47565,46112,5025,51137,642
2021-02-01,Sutter,101,95872,8464,8313,84,8397,89
2021-02-01,Tehama,103,63373,4371,4263,483,4746,21
2021-02-01,Trinity,105,12862,415,260,54,314,3
2021-02-01,Tulare,107,460477,45897,44569,7180,51749,618
2021-02-01,Tuolumne,109,53932,3597,3534,29,3563,39
2021-02-01,Ventura,111,848112,72927,71104,2611,73715,502
2021-02-01,Yolo,113,214977,12226,11824,182,12006,151
2021-02-01,Yuba,115,75493,5197,5084,75,5159,33
2021-01-31,Alameda,001,1643700,75612,73979,1647,75626,857
2021-01-31,Alpine,003,1148,74,72,0,72,0
2021-01-31,Amador,005,37829,3294,3212,25,3237,32
2021-01-31,Butte,007,227075,10760,10215,1538,11753,140
2021-01-31,Calaveras,009,45235,1793,1778,11,1789,21
2021-01-31,Colusa,011,21464,1778,1754,213,1967,9
2021-01-31,Contra Costa,013,1133247,58851,57079,1012,58091,531
2021-01-31,Del Norte,015,27424,892,865,4,869,2
2021-01-31,El Dorado,017,186661,8612,8317,581,8898,83
2021-01-31,Fresno,019,978130,91630,88852,7186,96038,994
2021-01-31,Glenn,021,27897,2126,2083,454,2537,14
2021-01-31,Humboldt,023,135768,2857,2767,18,2785,25
2021-01-31,Imperial,025,180216,26605,26206,2499,28705,530
2021-01-31,Inyo,027,18085,1107,1072,17,1089,27
2021-01-31,Kern,029,883053,88624,85872,8806,94678,861
2021-01-31,Kings,031,150075,21190,20709,923,21632,172
2021-01-31,Lake,033,64148,2907,2826,1,2827,33
2021-01-31,Lassen,035,31185,4953,4900,90,4990,1
2021-01-31,Los Angeles,037,10098052,1126217,1090304,37507,1127811,16609
2021-01-31,Madera,039,155013,14865,14496,743,15239,94
2021-01-31,Marin,041,260295,12475,12297,150,12447,185
2021-01-31,Mariposa,043,17540,357,344,4,348,4
2021-01-31,Mendocino,045,87422,3333,3181,60,3241,37
2021-01-31,Merced,047,269075,26494,26222,755,26977,337
2021-01-31,Modoc,049,8938,315,304,101,405,1
2021-01-31,Mono,051,14174,1130,1146,14,1160,3
2021-01-31,Monterey,053,433212,39879,39035,1453,40488,278
2021-01-31,Napa,055,140530,8576,8404,30,8434,52
2021-01-31,Nevada,057,99092,3692,3518,147,3665,20
2021-01-31,Orange,059,3164182,236981,232347,9696,242043,3053
2021-01-31,Placer,061,380077,19480,18506,1017,19523,204
2021-01-31,Plumas,063,18699,621,554,11,565,2
2021-01-31,Riverside,065,2383286,273271,266145,13073,279218,3074
2021-01-31,Sacramento,067,1510023,88468,86560,1106,87666,1186
2021-01-31,San Benito,069,59416,5469,5425,76,5501,48
2021-01-31,San Bernardino,071,2135413,277230,269533,8299,277832,2156
2021-01-31,San Diego,073,3302833,249289,238039,11729,249768,2619
2021-01-31,San Francisco,075,870044,32078,31563,913,32476,323
2021-01-31,San Joaquin,077,732212,63009,61379,2598,63977,877
2021-01-31,San Luis Obispo,079,281455,18216,17615,494,18109,199
2021-01-31,San Mateo,081,765935,37269,35659,362,36021,219
2021-01-31,Santa Barbara,083,443738,30269,28570,988,29558,297
2021-01-31,Santa Clara,085,1922200,103553,101986,479,102465,1330
2021-01-31,Santa Cruz,087,273765,14520,13469,732,14201,149
2021-01-31,Shasta,089,179085,10430,10313,1127,11440,112
2021-01-31,Sierra,091,2930,47,43,14,57,0
2021-01-31,Siskiyou,093,43540,1337,1238,207,1445,4
2021-01-31,Solano,095,438530,28297,27678,326,28004,118
2021-01-31,Sonoma,097,501317,26215,25925,143,26068,243
2021-01-31,Stanislaus,099,539301,47279,45971,4986,50957,642
2021-01-31,Sutter,101,95872,8419,8289,84,8373,89
2021-01-31,Tehama,103,63373,4351,4256,482,4738,21
2021-01-31,Trinity,105,12862,413,260,54,314,3
2021-01-31,Tulare,107,460477,45730,44440,7098,51538,618
2021-01-31,Tuolumne,109,53932,3558,3519,29,3548,39
2021-01-31,Ventura,111,848112,72332,70635,2598,73233,502
2021-01-31,Yolo,113,214977,12165,11771,176,11947,151
2021-01-31,Yuba,115,75493,5177,5071,74,5145,33
2021-01-30,Alameda,001,1643700,75408,73622,1642,75264,850
2021-01-30,Alpine,003,1148,74,72,0,72,0
2021-01-30,Amador,005,37829,3290,3181,25,3206,32
2021-01-30,Butte,007,227075,10725,10177,1529,11706,139
2021-01-30,Calaveras,009,45235,1780,1763,11,1774,21
2021-01-30,Colusa,011,21464,1776,1748,213,1961,9
2021-01-30,Contra Costa,013,1133247,58667,56763,1008,57771,531
2021-01-30,Del Norte,015,27424,891,865,4,869,2
2021-01-30,El Dorado,017,186661,8592,8299,580,8879,83
2021-01-30,Fresno,019,978130,91451,88476,7166,95642,964
2021-01-30,Glenn,021,27897,2123,2074,452,2526,14
2021-01-30,Humboldt,023,135768,2846,2742,18,2760,24
2021-01-30,Imperial,025,180216,26584,26160,2498,28658,530
2021-01-30,Inyo,027,18085,1103,1068,17,1085,27
2021-01-30,Kern,029,883053,88423,85572,8740,94312,848
2021-01-30,Kings,031,150075,21119,20605,918,21523,169
2021-01-30,Lake,033,64148,2901,2809,1,2810,33
2021-01-30,Lassen,035,31185,4949,4890,90,4980,1
2021-01-30,Los Angeles,037,10098052,1123846,1084763,37364,1122127,16484
2021-01-30,Madera,039,155013,14823,14443,738,15181,94
2021-01-30,Marin,041,260295,12447,12225,149,12374,185
2021-01-30,Mariposa,043,17540,355,344,4,348,4
2021-01-30,Mendocino,045,87422,3319,3153,59,3212,36
2021-01-30,Merced,047,269075,26419,26078,754,26832,335
2021-01-30,Modoc,049,8938,315,303,101,404,1
2021-01-30,Mono,051,14174,1130,1143,14,1157,3
2021-01-30,Monterey,053,433212,39818,38847,1450,40297,277
2021-01-30,Napa,055,140530,8560,8342,30,8372,52
2021-01-30,Nevada,057,99092,3673,3499,147,3646,20
2021-01-30,Orange,059,3164182,236435,231358,9658,241016,3013
2021-01-30,Placer,061,380077,19429,18430,1011,19441,205
2021-01-30,Plumas,063,18699,619,554,11,565,2
2021-01-30,Riverside,065,2383286,272681,265137,13042,278179,3061
2021-01-30,Sacramento,067,1510023,88275,86388,1100,87488,1184
2021-01-30,San Benito,069,59416,5451,5401,75,5476,48
2021-01-30,San Bernardino,071,2135413,276815,268660,8281,276941,2122
2021-01-30,San Diego,073,3302833,248531,236765,11684,248449,2603
2021-01-30,San Francisco,075,870044,31977,31427,910,32337,316
2021-01-30,San Joaquin,077,732212,62877,61120,2588,63708,864
2021-01-30,San Luis Obispo,079,281455,18137,17522,492,18014,198
2021-01-30,San Mateo,081,765935,37130,35451,361,35812,219
2021-01-30,Santa Barbara,083,443738,30126,28342,985,29327,296
2021-01-30,Santa Clara,085,1922200,103207,101471,476,101947,1307
2021-01-30,Santa Cruz,087,273765,14480,13383,731,14114,149
2021-01-30,Shasta,089,179085,10411,10283,1123,11406,112
2021-01-30,Sierra,091,2930,47,43,14,57,0
2021-01-30,Siskiyou,093,43540,1334,1236,205,1441,4
2021-01-30,Solano,095,438530,28214,27511,324,27835,118
2021-01-30,Sonoma,097,501317,26166,25810,140,25950,243
2021-01-30,Stanislaus,099,539301,47150,45697,4962,50659,642
2021-01-30,Sutter,101,95872,8403,8226,84,8310,87
2021-01-30,Tehama,103,63373,4337,4229,481,4710,21
2021-01-30,Trinity,105,12862,413,259,54,313,3
2021-01-30,Tulare,107,460477,45596,44203,7060,51263,615
2021-01-30,Tuolumne,109,53932,3554,3508,29,3537,36
2021-01-30,Ventura,111,848112,72020,69931,2583,72514,493
2021-01-30,Yolo,113,214977,12151,11698,175,11873,151
2021-01-30,Yuba,115,75493,5167,5042,73,5115,33
2021-01-29,Alameda,001,1643700,75140,73210,1635,74845,841
2021-01-29,Alpine,003,1148,74,72,0,72,0
2021-01-29,Amador,005,37829,3278,3134,24,3158,32
2021-01-29,Butte,007,227075,10694,10122,1519,11641,138
2021-01-29,Calaveras,009,45235,1773,1757,11,1768,21
2021-01-29,Colusa,011,21464,1772,1734,212,1946,8
2021-01-29,Contra Costa,013,1133247,58495,56318,1006,57324,529
2021-01-29,Del Norte,015,27424,890,865,4,869,2
2021-01-29,El Dorado,017,186661,8575,8231,579,8810,83
2021-01-29,Fresno,019,978130,91237,87936,7127,95063,962
2021-01-29,Glenn,021,27897,2118,2061,451,2512,14
2021-01-29,Humboldt,023,135768,2833,2707,18,2725,24
2021-01-29,Imperial,025,180216,26569,26045,2495,28540,521
2021-01-29,Inyo,027,18085,1091,1048,17,1065,27
2021-01-29,Kern,029,883053,88196,85044,8688,93732,836
2021-01-29,Kings,031,150075,21080,20466,913,21379,169
2021-01-29,Lake,033,64148,2892,2792,1,2793,32
2021-01-29,Lassen,035,31185,4946,4874,90,4964,1
2021-01-29,Los Angeles,037,10098052,1120380,1078329,37209,1115538,16190
2021-01-29,Madera,039,155013,14772,14377,738,15115,94
2021-01-29,Marin,041,260295,12404,12145,148,12293,185
2021-01-29,Mariposa,043,17540,354,342,4,346,4
2021-01-29,Mendocino,045,87422,3310,3131,58,3189,36
2021-01-29,Merced,047,269075,26344,25865,750,26615,334
2021-01-29,Modoc,049,8938,314,297,101,398,1
2021-01-29,Mono,051,14174,1128,1139,14,1153,3
2021-01-29,Monterey,053,433212,39698,38539,1442,39981,277
2021-01-29,Napa,055,140530,8528,8276,30,8306,52
2021-01-29,Nevada,057,99092,3664,3487,146,3633,20
2021-01-29,Orange,059,3164182,235756,229917,9620,239537,2967
2021-01-29,Placer,061,380077,19373,18367,1007,19374,203
2021-01-29,Plumas,063,18699,618,548,11,559,2
2021-01-29,Riverside,065,2383286,271886,263504,13008,276512,3008
2021-01-29,Sacramento,067,1510023,88020,86320,1096,87416,1169
2021-01-29,San Benito,069,59416,5443,5386,75,5461,48
2021-01-29,San Bernardino,071,2135413,276300,267490,8239,275729,2095
2021-01-29,San Diego,073,3302833,247589,234637,11606,246243,2571
2021-01-29,San Francisco,075,870044,31836,31294,901,32195,307
2021-01-29,San Joaquin,077,732212,62732,60899,2573,63472,858
2021-01-29,San Luis Obispo,079,281455,18077,17440,487,17927,193
2021-01-29,San Mateo,081,765935,36996,35223,358,35581,218
2021-01-29,Santa Barbara,083,443738,29996,28105,979,29084,291
2021-01-29,Santa Clara,085,1922200,102843,101010,474,101484,1273
2021-01-29,Santa Cruz,087,273765,14427,13311,728,14039,148
2021-01-29,Shasta,089,179085,10394,10220,1119,11339,112
2021-01-29,Sierra,091,2930,47,43,14,57,0
2021-01-29,Siskiyou,093,43540,1333,1227,205,1432,4
2021-01-29,Solano,095,438530,28128,27352,321,27673,116
2021-01-29,Sonoma,097,501317,26104,25710,139,25849,243
2021-01-29,Stanislaus,099,539301,47002,45466,4943,50409,642
2021-01-29,Sutter,101,95872,8384,8181,84,8265,87
2021-01-29,Tehama,103,63373,4324,4191,479,4670,20
2021-01-29,Trinity,105,12862,413,260,54,314,3
2021-01-29,Tulare,107,460477,45490,43925,7019,50944,606
2021-01-29,Tuolumne,109,53932,3544,3483,29,3512,36
2021-01-29,Ventura,111,848112,71596,69511,2569,72080,484
2021-01-29,Yolo,113,214977,12113,11612,174,11786,151
2021-01-29,Yuba,115,75493,5151,5018,73,5091,32
2021-01-28,Alameda,001,1643700,74713,72758,1627,74385,833
2021-01-28,Alpine,003,1148,74,72,0,72,0
2021-01-28,Amador,005,37829,3241,3124,24,3148,31
2021-01-28,Butte,007,227075,10654,10037,1508,11545,138
2021-01-28,Calaveras,009,45235,1758,1747,10,1757,21
2021-01-28,Colusa,011,21464,1765,1731,208,1939,8
2021-01-28,Contra Costa,013,1133247,58252,55999,996,56995,525
2021-01-28,Del Norte,015,27424,889,862,4,866,2
2021-01-28,El Dorado,017,186661,8562,8198,574,8772,79
2021-01-28,Fresno,019,978130,90950,87401,7077,94478,949
2021-01-28,Glenn,021,27897,2113,2043,442,2485,14
2021-01-28,Humboldt,023,135768,2816,2686,18,2704,24
2021-01-28,Imperial,025,180216,26525,25984,2488,28472,517
2021-01-28,Inyo,027,18085,1086,1039,17,1056,27
2021-01-28,Kern,029,883053,87865,84708,8604,93312,817
2021-01-28,Kings,031,150075,21020,20328,909,21237,167
2021-01-28,Lake,033,64148,2877,2772,1,2773,32
2021-01-28,Lassen,035,31185,4940,4865,90,4955,1
2021-01-28,Los Angeles,037,10098052,1116493,1072412,37016,1109428,15967
2021-01-28,Madera,039,155013,14716,14301,734,15035,94
2021-01-28,Marin,041,260295,12351,12079,147,12226,183
2021-01-28,Mariposa,043,17540,354,334,4,338,4
2021-01-28,Mendocino,045,87422,3293,3110,58,3168,36
2021-01-28,Merced,047,269075,26219,25620,742,26362,328
2021-01-28,Modoc,049,8938,313,297,101,398,0
2021-01-28,Mono,051,14174,1126,1131,14,1145,3
2021-01-28,Monterey,053,433212,39496,38312,1424,39736,274
2021-01-28,Napa,055,140530,8481,8233,30,8263,50
2021-01-28,Nevada,057,99092,3649,3452,145,3597,19
2021-01-28,Orange,059,3164182,234775,228636,9589,238225,2860
2021-01-28,Placer,061,380077,19304,18246,1004,19250,198
2021-01-28,Plumas,063,18699,617,547,11,558,2
2021-01-28,Riverside,065,2383286,271122,262342,12959,275301,2981
2021-01-28,Sacramento,067,1510023,87657,85698,1085,86783,1149
2021-01-28,San Benito,069,59416,5425,5344,74,5418,47
2021-01-28,San Bernardino,071,2135413,275606,266456,8217,274673,2057
2021-01-28,San Diego,073,3302833,246438,232967,11517,244484,2534
2021-01-28,San Francisco,075,870044,31699,31193,885,32078,290
2021-01-28,San Joaquin,077,732212,62465,60627,2558,63185,854
2021-01-28,San Luis Obispo,079,281455,17977,17279,485,17764,189
2021-01-28,San Mateo,081,765935,36827,34931,342,35273,218
2021-01-28,Santa Barbara,083,443738,29777,27674,966,28640,284
2021-01-28,Santa Clara,085,1922200,102376,100470,472,100942,1219
2021-01-28,Santa Cruz,087,273765,14338,13188,722,13910,145
2021-01-28,Shasta,089,179085,10360,10176,1111,11287,110
2021-01-28,Sierra,091,2930,47,43,14,57,0
2021-01-28,Siskiyou,093,43540,1326,1218,203,1421,4
2021-01-28,Solano,095,438530,27968,27163,320,27483,114
2021-01-28,Sonoma,097,501317,26012,25564,139,25703,236
2021-01-28,Stanislaus,099,539301,46785,45162,4919,50081,640
2021-01-28,Sutter,101,95872,8336,8136,84,8220,85
2021-01-28,Tehama,103,63373,4305,4163,476,4639,20
2021-01-28,Trinity,105,12862,411,260,54,314,3
2021-01-28,Tulare,107,460477,45333,43742,6939,50681,595
2021-01-28,Tuolumne,109,53932,3530,3472,29,3501,32
2021-01-28,Ventura,111,848112,71083,68896,2552,71448,475
2021-01-28,Yolo,113,214977,12071,11500,169,11669,151
2021-01-28,Yuba,115,75493,5135,4994,72,5066,32
2021-01-27,Alameda,001,1643700,74288,72188,1619,73807,815
2021-01-27,Alpine,003,1148,74,72,0,72,0
2021-01-27,Amador,005,37829,3225,3116,24,3140,31
2021-01-27,Butte,007,227075,10615,9988,1496,11484,138
2021-01-27,Calaveras,009,45235,1749,1737,10,1747,21
2021-01-27,Colusa,011,21464,1759,1724,206,1930,8
2021-01-27,Contra Costa,013,1133247,57954,55578,993,56571,507
2021-01-27,Del Norte,015,27424,888,859,4,863,2
2021-01-27,El Dorado,017,186661,8536,8141,573,8714,76
2021-01-27,Fresno,019,978130,90659,86886,7035,93921,938
2021-01-27,Glenn,021,27897,2109,2042,441,2483,14
2021-01-27,Humboldt,023,135768,2794,2630,18,2648,24
2021-01-27,Imperial,025,180216,26471,25861,2475,28336,504
2021-01-27,Inyo,027,18085,1082,1023,17,1040,27
2021-01-27,Kern,029,883053,87552,84244,8535,92779,809
2021-01-27,Kings,031,150075,20914,20211,901,21112,167
2021-01-27,Lake,033,64148,2857,2750,1,2751,32
2021-01-27,Lassen,035,31185,4934,4851,90,4941,1
2021-01-27,Los Angeles,037,10098052,1111723,1066569,36802,1103371,15757
2021-01-27,Madera,039,155013,14675,14194,729,14923,86
2021-01-27,Marin,041,260295,12314,12028,146,12174,180
2021-01-27,Mariposa,043,17540,354,333,4,337,4
2021-01-27,Mendocino,045,87422,3273,3095,58,3153,36
2021-01-27,Merced,047,269075,26060,25439,731,26170,315
2021-01-27,Modoc,049,8938,313,297,98,395,0
2021-01-27,Mono,051,14174,1124,1131,14,1145,3
2021-01-27,Monterey,053,433212,39292,38139,1405,39544,268
2021-01-27,Napa,055,140530,8409,8187,30,8217,46
2021-01-27,Nevada,057,99092,3627,3431,145,3576,18
2021-01-27,Orange,059,3164182,233654,227110,9535,236645,2832
2021-01-27,Placer,061,380077,19229,18106,993,19099,198
2021-01-27,Plumas,063,18699,617,544,11,555,2
2021-01-27,Riverside,065,2383286,269950,260796,12907,273703,2931
2021-01-27,Sacramento,067,1510023,87296,85428,1074,86502,1142
2021-01-27,San Benito,069,59416,5410,5284,74,5358,47
2021-01-27,San Bernardino,071,2135413,274756,265153,8186,273339,2019
2021-01-27,San Diego,073,3302833,245109,231478,11412,242890,2465
2021-01-27,San Francisco,075,870044,31556,31082,878,31960,287
2021-01-27,San Joaquin,077,732212,62196,60131,2534,62665,853
2021-01-27,San Luis Obispo,079,281455,17870,17119,481,17600,188
2021-01-27,San Mateo,081,765935,36672,34619,339,34958,216
2021-01-27,Santa Barbara,083,443738,29603,27435,960,28395,282
2021-01-27,Santa Clara,085,1922200,101971,99732,468,100200,1184
2021-01-27,Santa Cruz,087,273765,14268,13111,719,13830,143
2021-01-27,Shasta,089,179085,10326,10106,1105,11211,105
2021-01-27,Sierra,091,2930,47,44,14,58,0
2021-01-27,Siskiyou,093,43540,1320,1214,200,1414,4
2021-01-27,Solano,095,438530,27791,26982,313,27295,112
2021-01-27,Sonoma,097,501317,25914,25361,139,25500,237
2021-01-27,Stanislaus,099,539301,46599,44874,4890,49764,624
2021-01-27,Sutter,101,95872,8293,8093,83,8176,83
2021-01-27,Tehama,103,63373,4280,4133,472,4605,20
2021-01-27,Trinity,105,12862,411,260,54,314,3
2021-01-27,Tulare,107,460477,45145,43462,6864,50326,583
2021-01-27,Tuolumne,109,53932,3520,3464,29,3493,32
2021-01-27,Ventura,111,848112,70609,68291,2527,70818,468
2021-01-27,Yolo,113,214977,12024,11427,165,11592,151
2021-01-27,Yuba,115,75493,5119,4968,72,5040,32
2021-01-26,Alameda,001,1643700,73913,71851,1602,73453,789
2021-01-26,Alpine,003,1148,74,72,0,72,0
2021-01-26,Amador,005,37829,3214,3113,24,3137,31
2021-01-26,Butte,007,227075,10573,9943,1490,11433,136
2021-01-26,Calaveras,009,45235,1741,1723,10,1733,21
2021-01-26,Colusa,011,21464,1752,1719,203,1922,8
2021-01-26,Contra Costa,013,1133247,57673,55337,985,56322,491
2021-01-26,Del Norte,015,27424,887,856,4,860,2
2021-01-26,El Dorado,017,186661,8511,8115,570,8685,71
2021-01-26,Fresno,019,978130,90303,86673,6990,93663,923
2021-01-26,Glenn,021,27897,2099,2034,437,2471,13
2021-01-26,Humboldt,023,135768,2772,2612,17,2629,24
2021-01-26,Imperial,025,180216,26400,25812,2461,28273,498
2021-01-26,Inyo,027,18085,1075,1018,17,1035,27
2021-01-26,Kern,029,883053,87127,83868,8456,92324,790
2021-01-26,Kings,031,150075,20856,20156,896,21052,159
2021-01-26,Lake,033,64148,2848,2748,1,2749,32
2021-01-26,Lassen,035,31185,4928,4844,90,4934,1
2021-01-26,Los Angeles,037,10098052,1106464,1060492,36590,1097082,15458
2021-01-26,Madera,039,155013,14618,14130,723,14853,86
2021-01-26,Marin,041,260295,12269,11993,144,12137,179
2021-01-26,Mariposa,043,17540,352,332,4,336,3
2021-01-26,Mendocino,045,87422,3247,3076,57,3133,36
2021-01-26,Merced,047,269075,25920,25359,724,26083,309
2021-01-26,Modoc,049,8938,306,291,97,388,0
2021-01-26,Mono,051,14174,1123,1120,14,1134,3
2021-01-26,Monterey,053,433212,39097,37963,1384,39347,255
2021-01-26,Napa,055,140530,8352,8145,30,8175,43
2021-01-26,Nevada,057,99092,3620,3410,144,3554,18
2021-01-26,Orange,059,3164182,232529,225987,9490,235477,2760
2021-01-26,Placer,061,380077,19154,18016,991,19007,193
2021-01-26,Plumas,063,18699,615,536,11,547,2
2021-01-26,Riverside,065,2383286,268616,259399,12845,272244,2898
2021-01-26,Sacramento,067,1510023,86938,85062,1067,86129,1127
2021-01-26,San Benito,069,59416,5396,5251,73,5324,45
2021-01-26,San Bernardino,071,2135413,273759,263736,8142,271878,1970
2021-01-26,San Diego,073,3302833,243617,230063,11311,241374,2421
2021-01-26,San Francisco,075,870044,31426,30874,858,31732,286
2021-01-26,San Joaquin,077,732212,61944,59889,2518,62407,847
2021-01-26,San Luis Obispo,079,281455,17789,17016,478,17494,186
2021-01-26,San Mateo,081,765935,36477,34441,328,34769,213
2021-01-26,Santa Barbara,083,443738,29431,27321,948,28269,273
2021-01-26,Santa Clara,085,1922200,101492,99215,464,99679,1171
2021-01-26,Santa Cruz,087,273765,14203,13045,713,13758,134
2021-01-26,Shasta,089,179085,10291,10036,1097,11133,103
2021-01-26,Sierra,091,2930,47,43,14,57,0
2021-01-26,Siskiyou,093,43540,1306,1208,198,1406,4
2021-01-26,Solano,095,438530,27635,26858,307,27165,110
2021-01-26,Sonoma,097,501317,25791,25273,137,25410,236
2021-01-26,Stanislaus,099,539301,46414,44703,4848,49551,599
2021-01-26,Sutter,101,95872,8250,8067,83,8150,83
2021-01-26,Tehama,103,63373,4249,4115,472,4587,20
2021-01-26,Trinity,105,12862,411,260,54,314,3
2021-01-26,Tulare,107,460477,44944,43394,6793,50187,579
2021-01-26,Tuolumne,109,53932,3510,3451,29,3480,30
2021-01-26,Ventura,111,848112,70077,67526,2501,70027,448
2021-01-26,Yolo,113,214977,11979,11361,162,11523,148
2021-01-26,Yuba,115,75493,5094,4944,70,5014,31
2021-01-25,Alameda,001,1643700,73481,71255,1592,72847,780
2021-01-25,Alpine,003,1148,74,72,0,72,0
2021-01-25,Amador,005,37829,3174,3074,24,3098,30
2021-01-25,Butte,007,227075,10507,9865,1482,11347,133
2021-01-25,Calaveras,009,45235,1726,1713,10,1723,21
2021-01-25,Colusa,011,21464,1740,1709,199,1908,8
2021-01-25,Contra Costa,013,1133247,57316,54989,978,55967,488
2021-01-25,Del Norte,015,27424,886,855,4,859,2
2021-01-25,El Dorado,017,186661,8487,8060,570,8630,66
2021-01-25,Fresno,019,978130,89931,86336,6958,93294,913
2021-01-25,Glenn,021,27897,2088,2028,437,2465,13
2021-01-25,Humboldt,023,135768,2738,2587,17,2604,24
2021-01-25,Imperial,025,180216,26350,25745,2452,28197,491
2021-01-25,Inyo,027,18085,1069,1015,17,1032,27
2021-01-25,Kern,029,883053,86733,83401,8367,91768,787
2021-01-25,Kings,031,150075,20736,20067,892,20959,159
2021-01-25,Lake,033,64148,2829,2729,1,2730,32
2021-01-25,Lassen,035,31185,4902,4835,90,4925,1
2021-01-25,Los Angeles,037,10098052,1100535,1055181,36361,1091542,15163
2021-01-25,Madera,039,155013,14564,14068,718,14786,86
2021-01-25,Marin,041,260295,12217,11923,140,12063,177
2021-01-25,Mariposa,043,17540,349,331,4,335,3
2021-01-25,Mendocino,045,87422,3236,3054,57,3111,35
2021-01-25,Merced,047,269075,25781,25181,715,25896,305
2021-01-25,Modoc,049,8938,305,288,93,381,0
2021-01-25,Mono,051,14174,1120,1114,13,1127,3
2021-01-25,Monterey,053,433212,38843,37726,1364,39090,255
2021-01-25,Napa,055,140530,8318,8057,29,8086,43
2021-01-25,Nevada,057,99092,3606,3365,144,3509,18
2021-01-25,Orange,059,3164182,231325,225105,9449,234554,2696
2021-01-25,Placer,061,380077,19060,17936,976,18912,193
2021-01-25,Plumas,063,18699,612,533,11,544,2
2021-01-25,Riverside,065,2383286,266931,258082,12791,270873,2789
2021-01-25,Sacramento,067,1510023,86494,84653,1059,85712,1118
2021-01-25,San Benito,069,59416,5359,5238,72,5310,43
2021-01-25,San Bernardino,071,2135413,272809,263174,8106,271280,1947
2021-01-25,San Diego,073,3302833,242003,228630,11240,239870,2375
2021-01-25,San Francisco,075,870044,31277,30734,835,31569,288
2021-01-25,San Joaquin,077,732212,61649,59291,2491,61782,838
2021-01-25,San Luis Obispo,079,281455,17655,16868,473,17341,179
2021-01-25,San Mateo,081,765935,36242,34187,322,34509,213
2021-01-25,Santa Barbara,083,443738,29200,27065,938,28003,269
2021-01-25,Santa Clara,085,1922200,100921,98647,456,99103,1143
2021-01-25,Santa Cruz,087,273765,14116,12973,707,13680,133
2021-01-25,Shasta,089,179085,10250,9991,1086,11077,103
2021-01-25,Sierra,091,2930,47,42,14,56,0
2021-01-25,Siskiyou,093,43540,1298,1205,195,1400,4
2021-01-25,Solano,095,438530,27467,26648,306,26954,109
2021-01-25,Sonoma,097,501317,25680,25160,135,25295,233
2021-01-25,Stanislaus,099,539301,46168,44293,4806,49099,599
2021-01-25,Sutter,101,95872,8206,8023,83,8106,83
2021-01-25,Tehama,103,63373,4222,4082,468,4550,20
2021-01-25,Trinity,105,12862,411,262,54,316,3
2021-01-25,Tulare,107,460477,44729,43124,6687,49811,578
2021-01-25,Tuolumne,109,53932,3501,3422,29,3451,29
2021-01-25,Ventura,111,848112,69434,66910,2483,69393,439
2021-01-25,Yolo,113,214977,11893,11276,160,11436,140
2021-01-25,Yuba,115,75493,5070,4900,68,4968,31
2021-01-24,Alameda,001,1643700,72973,70823,1580,72403,780
2021-01-24,Alpine,003,1148,74,72,0,72,0
2021-01-24,Amador,005,37829,3141,3054,24,3078,30
2021-01-24,Butte,007,227075,10423,9820,1463,11283,133
2021-01-24,Calaveras,009,45235,1713,1704,10,1714,21
2021-01-24,Colusa,011,21464,1729,1689,193,1882,8
2021-01-24,Contra Costa,013,1133247,56926,54694,965,55659,488
2021-01-24,Del Norte,015,27424,882,855,4,859,2
2021-01-24,El Dorado,017,186661,8452,8003,566,8569,66
2021-01-24,Fresno,019,978130,89494,85808,6918,92726,911
2021-01-24,Glenn,021,27897,2082,2026,435,2461,13
2021-01-24,Humboldt,023,135768,2699,2562,17,2579,24
2021-01-24,Imperial,025,180216,26255,25707,2423,28130,488
2021-01-24,Inyo,027,18085,1053,1007,17,1024,27
2021-01-24,Kern,029,883053,86290,83125,8257,91382,785
2021-01-24,Kings,031,150075,20609,19988,875,20863,159
2021-01-24,Lake,033,64148,2811,2724,0,2724,32
2021-01-24,Lassen,035,31185,4891,4828,87,4915,1
2021-01-24,Los Angeles,037,10098052,1094165,1048757,36050,1084807,15119
2021-01-24,Madera,039,155013,14474,14000,712,14712,86
2021-01-24,Marin,041,260295,12150,11872,138,12010,177
2021-01-24,Mariposa,043,17540,345,322,4,326,3
2021-01-24,Mendocino,045,87422,3215,3037,56,3093,33
2021-01-24,Merced,047,269075,25568,25047,707,25754,305
2021-01-24,Modoc,049,8938,305,285,93,378,0
2021-01-24,Mono,051,14174,1113,1113,13,1126,3
2021-01-24,Monterey,053,433212,38565,37527,1331,38858,254
2021-01-24,Napa,055,140530,8276,8005,29,8034,43
2021-01-24,Nevada,057,99092,3564,3349,142,3491,18
2021-01-24,Orange,059,3164182,229896,223853,9381,233234,2632
2021-01-24,Placer,061,380077,18947,17839,955,18794,193
2021-01-24,Plumas,063,18699,609,532,11,543,2
2021-01-24,Riverside,065,2383286,265328,256767,12713,269480,2761
2021-01-24,Sacramento,067,1510023,85924,84110,1051,85161,1112
2021-01-24,San Benito,069,59416,5317,5223,69,5292,43
2021-01-24,San Bernardino,071,2135413,271486,262370,8051,270421,1935
2021-01-24,San Diego,073,3302833,240311,227193,11109,238302,2375
2021-01-24,San Francisco,075,870044,31089,30559,812,31371,275
2021-01-24,San Joaquin,077,732212,61221,59021,2475,61496,838
2021-01-24,San Luis Obispo,079,281455,17533,16758,471,17229,179
2021-01-24,San Mateo,081,765935,35998,33956,317,34273,213
2021-01-24,Santa Barbara,083,443738,28887,26735,928,27663,269
2021-01-24,Santa Clara,085,1922200,100274,98103,451,98554,1109
2021-01-24,Santa Cruz,087,273765,14030,12905,699,13604,133
2021-01-24,Shasta,089,179085,10179,9978,1077,11055,103
2021-01-24,Sierra,091,2930,46,42,14,56,0
2021-01-24,Siskiyou,093,43540,1291,1195,195,1390,4
2021-01-24,Solano,095,438530,27278,26515,302,26817,109
2021-01-24,Sonoma,097,501317,25496,25045,134,25179,233
2021-01-24,Stanislaus,099,539301,45857,44031,4747,48778,599
2021-01-24,Sutter,101,95872,8137,7980,82,8062,83
2021-01-24,Tehama,103,63373,4183,4062,460,4522,20
2021-01-24,Trinity,105,12862,411,262,54,316,3
2021-01-24,Tulare,107,460477,44511,43006,6592,49598,577
2021-01-24,Tuolumne,109,53932,3491,3416,29,3445,29
2021-01-24,Ventura,111,848112,68720,66347,2458,68805,439
2021-01-24,Yolo,113,214977,11808,11210,156,11366,140
2021-01-24,Yuba,115,75493,5030,4875,67,4942,31
2021-01-23,Alameda,001,1643700,72725,70080,1573,71653,780
2021-01-23,Alpine,003,1148,74,72,0,72,0
2021-01-23,Amador,005,37829,3138,3049,24,3073,30
2021-01-23,Butte,007,227075,10393,9757,1458,11215,133
2021-01-23,Calaveras,009,45235,1710,1695,10,1705,21
2021-01-23,Colusa,011,21464,1725,1672,192,1864,8
2021-01-23,Contra Costa,013,1133247,56713,54162,957,55119,487
2021-01-23,Del Norte,015,27424,881,855,4,859,2
2021-01-23,El Dorado,017,186661,8436,7984,564,8548,66
2021-01-23,Fresno,019,978130,89310,85274,6887,92161,910
2021-01-23,Glenn,021,27897,2079,2015,431,2446,13
2021-01-23,Humboldt,023,135768,2680,2493,16,2509,23
2021-01-23,Imperial,025,180216,26224,25581,2414,27995,487
2021-01-23,Inyo,027,18085,1044,987,17,1004,27
2021-01-23,Kern,029,883053,86044,82602,8182,90784,783
2021-01-23,Kings,031,150075,20565,19904,873,20777,159
2021-01-23,Lake,033,64148,2803,2673,0,2673,32
2021-01-23,Lassen,035,31185,4890,4816,84,4900,1
2021-01-23,Los Angeles,037,10098052,1090956,1040961,35891,1076852,15034
2021-01-23,Madera,039,155013,14438,13858,710,14568,86
2021-01-23,Marin,041,260295,12094,11796,136,11932,177
2021-01-23,Mariposa,043,17540,345,323,4,327,3
2021-01-23,Mendocino,045,87422,3201,2991,56,3047,32
2021-01-23,Merced,047,269075,25475,24787,693,25480,303
2021-01-23,Modoc,049,8938,305,285,93,378,0
2021-01-23,Mono,051,14174,1111,1111,13,1124,3
2021-01-23,Monterey,053,433212,38482,37165,1326,38491,253
2021-01-23,Napa,055,140530,8251,7893,29,7922,43
2021-01-23,Nevada,057,99092,3553,3332,141,3473,18
2021-01-23,Orange,059,3164182,229127,221722,9339,231061,2618
2021-01-23,Placer,061,380077,18898,17617,950,18567,193
2021-01-23,Plumas,063,18699,608,528,11,539,2
2021-01-23,Riverside,065,2383286,264451,253636,12658,266294,2733
2021-01-23,Sacramento,067,1510023,85696,83408,1048,84456,1108
2021-01-23,San Benito,069,59416,5293,5166,68,5234,43
2021-01-23,San Bernardino,071,2135413,270943,260381,8017,268398,1922
2021-01-23,San Diego,073,3302833,239251,225556,11037,236593,2344
2021-01-23,San Francisco,075,870044,30983,30308,783,31091,268
2021-01-23,San Joaquin,077,732212,61096,58164,2464,60628,836
2021-01-23,San Luis Obispo,079,281455,17470,16652,468,17120,176
2021-01-23,San Mateo,081,765935,35822,33696,306,34002,213
2021-01-23,Santa Barbara,083,443738,28705,26234,920,27154,264
2021-01-23,Santa Clara,085,1922200,99919,97189,450,97639,1086
2021-01-23,Santa Cruz,087,273765,13972,12771,696,13467,127
2021-01-23,Shasta,089,179085,10149,9951,1076,11027,103
2021-01-23,Sierra,091,2930,46,41,14,55,0
2021-01-23,Siskiyou,093,43540,1281,1190,194,1384,4
2021-01-23,Solano,095,438530,27185,26261,300,26561,107
2021-01-23,Sonoma,097,501317,25422,24790,134,24924,232
2021-01-23,Stanislaus,099,539301,45693,43723,4718,48441,599
2021-01-23,Sutter,101,95872,8119,7943,81,8024,80
2021-01-23,Tehama,103,63373,4164,4006,459,4465,20
2021-01-23,Trinity,105,12862,411,262,54,316,3
2021-01-23,Tulare,107,460477,44359,42661,6530,49191,575
2021-01-23,Tuolumne,109,53932,3484,3407,29,3436,29
2021-01-23,Ventura,111,848112,68273,65581,2434,68015,438
2021-01-23,Yolo,113,214977,11766,11087,152,11239,141
2021-01-23,Yuba,115,75493,5018,4831,66,4897,30
2021-01-22,Alameda,001,1643700,72404,69693,1567,71260,751
2021-01-22,Alpine,003,1148,74,71,0,71,0
2021-01-22,Amador,005,37829,3133,3042,24,3066,30
2021-01-22,Butte,007,227075,10344,9711,1445,11156,133
2021-01-22,Calaveras,009,45235,1703,1672,10,1682,21
2021-01-22,Colusa,011,21464,1723,1668,192,1860,7
2021-01-22,Contra Costa,013,1133247,56475,53887,951,54838,485
2021-01-22,Del Norte,015,27424,880,852,4,856,2
2021-01-22,El Dorado,017,186661,8403,7877,561,8438,64
2021-01-22,Fresno,019,978130,88970,84744,6858,91602,892
2021-01-22,Glenn,021,27897,2075,1985,426,2411,13
2021-01-22,Humboldt,023,135768,2656,2452,16,2468,23
2021-01-22,Imperial,025,180216,26189,25562,2399,27961,474
2021-01-22,Inyo,027,18085,1033,961,17,978,26
2021-01-22,Kern,029,883053,85744,82101,8108,90209,771
2021-01-22,Kings,031,150075,20489,19760,869,20629,159
2021-01-22,Lake,033,64148,2791,2681,0,2681,32
2021-01-22,Lassen,035,31185,4882,4765,83,4848,1
2021-01-22,Los Angeles,037,10098052,1086518,1031177,35699,1066876,14777
2021-01-22,Madera,039,155013,14377,13781,709,14490,86
2021-01-22,Marin,041,260295,12057,11769,134,11903,177
2021-01-22,Mariposa,043,17540,345,323,4,327,3
2021-01-22,Mendocino,045,87422,3176,2994,55,3049,32
2021-01-22,Merced,047,269075,25352,24616,685,25301,290
2021-01-22,Modoc,049,8938,305,285,93,378,0
2021-01-22,Mono,051,14174,1111,1108,13,1121,3
2021-01-22,Monterey,053,433212,38328,36909,1321,38230,253
2021-01-22,Napa,055,140530,8205,7828,29,7857,40
2021-01-22,Nevada,057,99092,3528,3296,140,3436,18
2021-01-22,Orange,059,3164182,228175,220384,9291,229675,2542
2021-01-22,Placer,061,380077,18843,17636,935,18571,193
2021-01-22,Plumas,063,18699,606,522,11,533,2
2021-01-22,Riverside,065,2383286,263325,252440,12590,265030,2710
2021-01-22,Sacramento,067,1510023,85371,82861,1040,83901,1094
2021-01-22,San Benito,069,59416,5268,5143,68,5211,43
2021-01-22,San Bernardino,071,2135413,270122,259121,7983,267104,1849
2021-01-22,San Diego,073,3302833,238011,222576,10972,233548,2301
2021-01-22,San Francisco,075,870044,30870,30027,765,30792,266
2021-01-22,San Joaquin,077,732212,60914,58485,2451,60936,812
2021-01-22,San Luis Obispo,079,281455,17381,16336,465,16801,172
2021-01-22,San Mateo,081,765935,35601,33401,303,33704,211
2021-01-22,Santa Barbara,083,443738,28505,25989,909,26898,256
2021-01-22,Santa Clara,085,1922200,99478,96435,447,96882,1062
2021-01-22,Santa Cruz,087,273765,13915,12687,691,13378,123
2021-01-22,Shasta,089,179085,10130,9866,1074,10940,103
2021-01-22,Sierra,091,2930,46,40,14,54,0
2021-01-22,Siskiyou,093,43540,1277,1182,192,1374,4
2021-01-22,Solano,095,438530,27096,26048,298,26346,107
2021-01-22,Sonoma,097,501317,25347,24659,134,24793,232
2021-01-22,Stanislaus,099,539301,45538,43489,4682,48171,599
2021-01-22,Sutter,101,95872,8094,7878,81,7959,80
2021-01-22,Tehama,103,63373,4145,3993,458,4451,19
2021-01-22,Trinity,105,12862,410,263,54,317,3
2021-01-22,Tulare,107,460477,44181,42307,6458,48765,573
2021-01-22,Tuolumne,109,53932,3455,3379,29,3408,29
2021-01-22,Ventura,111,848112,67766,64404,2418,66822,426
2021-01-22,Yolo,113,214977,11732,11014,144,11158,141
2021-01-22,Yuba,115,75493,4994,4789,64,4853,29
2021-01-21,Alameda,001,1643700,71972,69314,1550,70864,739
2021-01-21,Alpine,003,1148,74,71,0,71,0
2021-01-21,Amador,005,37829,3111,3038,24,3062,29
2021-01-21,Butte,007,227075,10274,9643,1438,11081,130
2021-01-21,Calaveras,009,45235,1694,1647,10,1657,21
2021-01-21,Colusa,011,21464,1716,1662,189,1851,7
2021-01-21,Contra Costa,013,1133247,56059,53595,937,54532,478
2021-01-21,Del Norte,015,27424,878,850,3,853,2
2021-01-21,El Dorado,017,186661,8354,7823,558,8381,58
2021-01-21,Fresno,019,978130,88565,84137,6818,90955,889
2021-01-21,Glenn,021,27897,2066,1964,422,2386,13
2021-01-21,Humboldt,023,135768,2633,2423,16,2439,23
2021-01-21,Imperial,025,180216,26097,25509,2384,27893,463
2021-01-21,Inyo,027,18085,1024,946,17,963,26
2021-01-21,Kern,029,883053,85331,81328,7989,89317,769
2021-01-21,Kings,031,150075,20419,19633,850,20483,158
2021-01-21,Lake,033,64148,2775,2669,0,2669,32
2021-01-21,Lassen,035,31185,4876,4763,83,4846,1
2021-01-21,Los Angeles,037,10098052,1079873,1023055,35375,1058430,14537
2021-01-21,Madera,039,155013,14309,13664,701,14365,86
2021-01-21,Marin,041,260295,12001,11732,132,11864,173
2021-01-21,Mariposa,043,17540,341,322,4,326,3
2021-01-21,Mendocino,045,87422,3153,2967,53,3020,32
2021-01-21,Merced,047,269075,25197,24426,679,25105,245
2021-01-21,Modoc,049,8938,302,284,92,376,0
2021-01-21,Mono,051,14174,1106,1104,13,1117,3
2021-01-21,Monterey,053,433212,38051,36149,1310,37459,253
2021-01-21,Napa,055,140530,8141,7774,29,7803,40
2021-01-21,Nevada,057,99092,3499,3274,139,3413,18
2021-01-21,Orange,059,3164182,226798,218867,9236,228103,2540
2021-01-21,Placer,061,380077,18763,17553,931,18484,190
2021-01-21,Plumas,063,18699,602,518,11,529,2
2021-01-21,Riverside,065,2383286,261614,251007,12510,263517,2676
2021-01-21,Sacramento,067,1510023,84892,82303,1020,83323,1084
2021-01-21,San Benito,069,59416,5235,5100,62,5162,43
2021-01-21,San Bernardino,071,2135413,268774,257754,7916,265670,1832
2021-01-21,San Diego,073,3302833,236236,219729,10866,230595,2222
2021-01-21,San Francisco,075,870044,30695,29801,731,30532,266
2021-01-21,San Joaquin,077,732212,60605,58270,2431,60701,806
2021-01-21,San Luis Obispo,079,281455,17295,16153,457,16610,169
2021-01-21,San Mateo,081,765935,35356,33156,289,33445,210
2021-01-21,Santa Barbara,083,443738,28221,25654,896,26550,253
2021-01-21,Santa Clara,085,1922200,98851,96028,439,96467,1062
2021-01-21,Santa Cruz,087,273765,13831,12548,681,13229,119
2021-01-21,Shasta,089,179085,10088,9795,1057,10852,98
2021-01-21,Sierra,091,2930,46,40,14,54,0
2021-01-21,Siskiyou,093,43540,1274,1178,189,1367,4
2021-01-21,Solano,095,438530,26916,25885,294,26179,106
2021-01-21,Sonoma,097,501317,25212,24440,132,24572,230
2021-01-21,Stanislaus,099,539301,45235,43223,4636,47859,599
2021-01-21,Sutter,101,95872,8060,7822,81,7903,80
2021-01-21,Tehama,103,63373,4110,3938,458,4396,19
2021-01-21,Trinity,105,12862,410,261,54,315,3
2021-01-21,Tulare,107,460477,43970,42082,6378,48460,569
2021-01-21,Tuolumne,109,53932,3445,3365,29,3394,29
2021-01-21,Ventura,111,848112,67074,63995,2397,66392,420
2021-01-21,Yolo,113,214977,11641,10940,136,11076,141
2021-01-21,Yuba,115,75493,4963,4757,63,4820,29
2021-01-20,Alameda,001,1643700,71487,68785,1536,70321,702
2021-01-20,Alpine,003,1148,74,71,0,71,0
2021-01-20,Amador,005,37829,3080,3036,24,3060,29
2021-01-20,Butte,007,227075,10218,9582,1428,11010,130
2021-01-20,Calaveras,009,45235,1674,1637,9,1646,21
2021-01-20,Colusa,011,21464,1700,1630,184,1814,7
2021-01-20,Contra Costa,013,1133247,55605,53108,931,54039,461
2021-01-20,Del Norte,015,27424,877,848,3,851,2
2021-01-20,El Dorado,017,186661,8307,7785,554,8339,53
2021-01-20,Fresno,019,978130,88145,83591,6765,90356,872
2021-01-20,Glenn,021,27897,2048,1955,419,2374,13
2021-01-20,Humboldt,023,135768,2590,2390,16,2406,22
2021-01-20,Imperial,025,180216,26025,25380,2346,27726,461
2021-01-20,Inyo,027,18085,1014,901,17,918,26
2021-01-20,Kern,029,883053,84881,80701,7882,88583,754
2021-01-20,Kings,031,150075,20329,19522,841,20363,146
2021-01-20,Lake,033,64148,2753,2646,0,2646,31
2021-01-20,Lassen,035,31185,4868,4758,81,4839,1
2021-01-20,Los Angeles,037,10098052,1072400,1015608,35084,1050692,14299
2021-01-20,Madera,039,155013,14245,13585,696,14281,86
2021-01-20,Marin,041,260295,11947,11684,130,11814,171
2021-01-20,Mariposa,043,17540,339,322,4,326,3
2021-01-20,Mendocino,045,87422,3138,2957,53,3010,32
2021-01-20,Merced,047,269075,25023,24220,658,24878,243
2021-01-20,Modoc,049,8938,301,282,92,374,0
2021-01-20,Mono,051,14174,1099,1105,12,1117,3
2021-01-20,Monterey,053,433212,37734,35960,1287,37247,249
2021-01-20,Napa,055,140530,8072,7731,28,7759,40
2021-01-20,Nevada,057,99092,3467,3238,139,3377,18
2021-01-20,Orange,059,3164182,225258,216893,9172,226065,2500
2021-01-20,Placer,061,380077,18658,17455,913,18368,186
2021-01-20,Plumas,063,18699,600,512,11,523,2
2021-01-20,Riverside,065,2383286,259606,248686,12425,261111,2615
2021-01-20,Sacramento,067,1510023,84330,81687,1009,82696,1072
2021-01-20,San Benito,069,59416,5205,5036,61,5097,35
2021-01-20,San Bernardino,071,2135413,267416,255921,7869,263790,1801
2021-01-20,San Diego,073,3302833,234381,218553,10764,229317,2174
2021-01-20,San Francisco,075,870044,30503,29665,711,30376,262
2021-01-20,San Joaquin,077,732212,60203,58025,2422,60447,783
2021-01-20,San Luis Obispo,079,281455,17114,15936,448,16384,164
2021-01-20,San Mateo,081,765935,35130,32929,288,33217,210
2021-01-20,Santa Barbara,083,443738,27906,25312,884,26196,248
2021-01-20,Santa Clara,085,1922200,98172,94995,437,95432,1040
2021-01-20,Santa Cruz,087,273765,13724,12460,668,13128,107
2021-01-20,Shasta,089,179085,10037,9697,1046,10743,98
2021-01-20,Sierra,091,2930,46,40,14,54,0
2021-01-20,Siskiyou,093,43540,1268,1163,188,1351,4
2021-01-20,Solano,095,438530,26722,25659,290,25949,106
2021-01-20,Sonoma,097,501317,25077,24262,130,24392,223
2021-01-20,Stanislaus,099,539301,44947,42955,4589,47544,585
2021-01-20,Sutter,101,95872,8008,7772,79,7851,80
2021-01-20,Tehama,103,63373,4085,3892,457,4349,19
2021-01-20,Trinity,105,12862,410,260,54,314,3
2021-01-20,Tulare,107,460477,43715,41799,6279,48078,559
2021-01-20,Tuolumne,109,53932,3431,3355,28,3383,29
2021-01-20,Ventura,111,848112,66118,63413,2368,65781,395
2021-01-20,Yolo,113,214977,11570,10852,133,10985,141
2021-01-20,Yuba,115,75493,4936,4729,63,4792,29
2021-01-19,Alameda,001,1643700,70829,68434,1526,69960,680
2021-01-19,Alpine,003,1148,74,71,0,71,0
2021-01-19,Amador,005,37829,3071,3024,24,3048,28
2021-01-19,Butte,007,227075,10152,9528,1414,10942,129
2021-01-19,Calaveras,009,45235,1658,1621,8,1629,21
2021-01-19,Colusa,011,21464,1678,1617,176,1793,7
2021-01-19,Contra Costa,013,1133247,55109,52730,918,53648,448
2021-01-19,Del Norte,015,27424,875,843,3,846,2
2021-01-19,El Dorado,017,186661,8247,7743,546,8289,47
2021-01-19,Fresno,019,978130,87625,83200,6712,89912,857
2021-01-19,Glenn,021,27897,2037,1948,413,2361,13
2021-01-19,Humboldt,023,135768,2566,2359,13,2372,22
2021-01-19,Imperial,025,180216,25944,25333,2328,27661,452
2021-01-19,Inyo,027,18085,1007,891,17,908,26
2021-01-19,Kern,029,883053,84294,80272,7775,88047,742
2021-01-19,Kings,031,150075,20190,19375,829,20204,143
2021-01-19,Lake,033,64148,2738,2625,0,2625,31
2021-01-19,Lassen,035,31185,4861,4753,81,4834,1
2021-01-19,Los Angeles,037,10098052,1063740,1010375,34813,1045188,14014
2021-01-19,Madera,039,155013,14128,13528,689,14217,86
2021-01-19,Marin,041,260295,11889,11654,126,11780,169
2021-01-19,Mariposa,043,17540,339,322,4,326,3
2021-01-19,Mendocino,045,87422,3121,2930,53,2983,32
2021-01-19,Merced,047,269075,24809,24108,652,24760,242
2021-01-19,Modoc,049,8938,300,281,92,373,0
2021-01-19,Mono,051,14174,1098,1106,12,1118,3
2021-01-19,Monterey,053,433212,37414,35840,1264,37104,248
2021-01-19,Napa,055,140530,8013,7672,28,7700,38
2021-01-19,Nevada,057,99092,3449,3216,137,3353,18
2021-01-19,Orange,059,3164182,223521,215244,9103,224347,2468
2021-01-19,Placer,061,380077,18555,17348,903,18251,182
2021-01-19,Plumas,063,18699,593,509,11,520,2
2021-01-19,Riverside,065,2383286,257551,246248,12347,258595,2585
2021-01-19,Sacramento,067,1510023,83792,81183,989,82172,1053
2021-01-19,San Benito,069,59416,5159,4988,60,5048,35
2021-01-19,San Bernardino,071,2135413,265673,253651,7809,261460,1777
2021-01-19,San Diego,073,3302833,231961,216833,10667,227500,2109
2021-01-19,San Francisco,075,870044,30284,29502,679,30181,261
2021-01-19,San Joaquin,077,732212,59819,57655,2408,60063,782
2021-01-19,San Luis Obispo,079,281455,16851,15855,445,16300,161
2021-01-19,San Mateo,081,765935,34845,32730,277,33007,208
2021-01-19,Santa Barbara,083,443738,27523,24991,868,25859,236
2021-01-19,Santa Clara,085,1922200,97394,94483,435,94918,1010
2021-01-19,Santa Cruz,087,273765,13608,12410,659,13069,106
2021-01-19,Shasta,089,179085,10001,9614,1036,10650,93
2021-01-19,Sierra,091,2930,46,40,12,52,0
2021-01-19,Siskiyou,093,43540,1260,1149,187,1336,4
2021-01-19,Solano,095,438530,26476,25520,290,25810,106
2021-01-19,Sonoma,097,501317,24898,24133,128,24261,223
2021-01-19,Stanislaus,099,539301,44596,42723,4531,47254,561
2021-01-19,Sutter,101,95872,7957,7709,73,7782,80
2021-01-19,Tehama,103,63373,4050,3876,455,4331,19
2021-01-19,Trinity,105,12862,409,260,54,314,3
2021-01-19,Tulare,107,460477,43438,41559,6180,47739,549
2021-01-19,Tuolumne,109,53932,3404,3328,28,3356,29
2021-01-19,Ventura,111,848112,65440,62656,2341,64997,383
2021-01-19,Yolo,113,214977,11487,10789,133,10922,134
2021-01-19,Yuba,115,75493,4902,4695,62,4757,29
2021-01-18,Alameda,001,1643700,70187,67938,1508,69446,680
2021-01-18,Alpine,003,1148,74,71,0,71,0
2021-01-18,Amador,005,37829,3057,3016,24,3040,28
2021-01-18,Butte,007,227075,10065,9474,1401,10875,129
2021-01-18,Calaveras,009,45235,1636,1617,7,1624,21
2021-01-18,Colusa,011,21464,1661,1608,171,1779,7
2021-01-18,Contra Costa,013,1133247,54592,52323,910,53233,448
2021-01-18,Del Norte,015,27424,874,840,3,843,2
2021-01-18,El Dorado,017,186661,8179,7707,544,8251,47
2021-01-18,Fresno,019,978130,87014,82485,6644,89129,857
2021-01-18,Glenn,021,27897,2020,1935,409,2344,13
2021-01-18,Humboldt,023,135768,2528,2343,13,2356,22
2021-01-18,Imperial,025,180216,25875,25317,2302,27619,452
2021-01-18,Inyo,027,18085,995,872,17,889,26
2021-01-18,Kern,029,883053,83654,79930,7683,87613,740
2021-01-18,Kings,031,150075,20021,19267,817,20084,141
2021-01-18,Lake,033,64148,2721,2591,0,2591,30
2021-01-18,Lassen,035,31185,4825,4749,80,4829,1
2021-01-18,Los Angeles,037,10098052,1054261,1002614,34516,1037130,13828
2021-01-18,Madera,039,155013,14014,13443,681,14124,85
2021-01-18,Marin,041,260295,11841,11607,124,11731,165
2021-01-18,Mariposa,043,17540,336,320,3,323,3
2021-01-18,Mendocino,045,87422,3098,2919,53,2972,31
2021-01-18,Merced,047,269075,24565,23927,635,24562,242
2021-01-18,Modoc,049,8938,297,281,89,370,0
2021-01-18,Mono,051,14174,1095,1101,12,1113,3
2021-01-18,Monterey,053,433212,36962,35549,1246,36795,247
2021-01-18,Napa,055,140530,7939,7601,28,7629,38
2021-01-18,Nevada,057,99092,3411,3199,136,3335,17
2021-01-18,Orange,059,3164182,221618,213866,9046,222912,2405
2021-01-18,Placer,061,380077,18434,17263,893,18156,182
2021-01-18,Plumas,063,18699,589,506,11,517,2
2021-01-18,Riverside,065,2383286,255274,244151,12256,256407,2568
2021-01-18,Sacramento,067,1510023,83111,80546,973,81519,1046
2021-01-18,San Benito,069,59416,5108,4963,58,5021,35
2021-01-18,San Bernardino,071,2135413,263895,252808,7751,260559,1775
2021-01-18,San Diego,073,3302833,229317,214335,10538,224873,2103
2021-01-18,San Francisco,075,870044,30078,29321,655,29976,259
2021-01-18,San Joaquin,077,732212,59301,57405,2386,59791,782
2021-01-18,San Luis Obispo,079,281455,16664,15742,435,16177,158
2021-01-18,San Mateo,081,765935,34530,32515,258,32773,208
2021-01-18,Santa Barbara,083,443738,27151,24638,854,25492,235
2021-01-18,Santa Clara,085,1922200,96500,93688,431,94119,992
2021-01-18,Santa Cruz,087,273765,13475,12298,647,12945,106
2021-01-18,Shasta,089,179085,9962,9600,1024,10624,92
2021-01-18,Sierra,091,2930,45,40,12,52,0
2021-01-18,Siskiyou,093,43540,1248,1144,185,1329,4
2021-01-18,Solano,095,438530,26197,25344,285,25629,105
2021-01-18,Sonoma,097,501317,24627,24068,127,24195,223
2021-01-18,Stanislaus,099,539301,44238,42413,4481,46894,562
2021-01-18,Sutter,101,95872,7900,7680,70,7750,78
2021-01-18,Tehama,103,63373,4006,3854,448,4302,19
2021-01-18,Trinity,105,12862,409,260,54,314,3
2021-01-18,Tulare,107,460477,43150,41196,6063,47259,549
2021-01-18,Tuolumne,109,53932,3381,3318,27,3345,28
2021-01-18,Ventura,111,848112,65010,61859,2318,64177,379
2021-01-18,Yolo,113,214977,11356,10620,130,10750,134
2021-01-18,Yuba,115,75493,4874,4671,60,4731,29
2021-01-17,Alameda,001,1643700,69611,67375,1489,68864,676
2021-01-17,Alpine,003,1148,74,71,0,71,0
2021-01-17,Amador,005,37829,3050,3001,24,3025,28
2021-01-17,Butte,007,227075,9993,9411,1379,10790,129
2021-01-17,Calaveras,009,45235,1623,1608,7,1615,21
2021-01-17,Colusa,011,21464,1647,1588,166,1754,7
2021-01-17,Contra Costa,013,1133247,54103,51932,903,52835,447
2021-01-17,Del Norte,015,27424,874,838,3,841,2
2021-01-17,El Dorado,017,186661,8123,7659,532,8191,47
2021-01-17,Fresno,019,978130,86463,82039,6565,88604,857
2021-01-17,Glenn,021,27897,2009,1924,404,2328,9
2021-01-17,Humboldt,023,135768,2490,2322,11,2333,22
2021-01-17,Imperial,025,180216,25805,25253,2259,27512,451
2021-01-17,Inyo,027,18085,989,864,16,880,26
2021-01-17,Kern,029,883053,83106,79489,7597,87086,738
2021-01-17,Kings,031,150075,19885,19201,803,20004,131
2021-01-17,Lake,033,64148,2705,2572,0,2572,30
2021-01-17,Lassen,035,31185,4817,4740,79,4819,1
2021-01-17,Los Angeles,037,10098052,1047633,993028,34107,1027135,13741
2021-01-17,Madera,039,155013,13922,13328,675,14003,85
2021-01-17,Marin,041,260295,11788,11552,122,11674,164
2021-01-17,Mariposa,043,17540,336,319,3,322,3
2021-01-17,Mendocino,045,87422,3070,2912,52,2964,31
2021-01-17,Merced,047,269075,24350,23800,618,24418,242
2021-01-17,Modoc,049,8938,296,279,89,368,0
2021-01-17,Mono,051,14174,1089,1091,11,1102,3
2021-01-17,Monterey,053,433212,36725,35340,1221,36561,244
2021-01-17,Napa,055,140530,7883,7521,28,7549,38
2021-01-17,Nevada,057,99092,3386,3176,134,3310,17
2021-01-17,Orange,059,3164182,219613,212389,8969,221358,2359
2021-01-17,Placer,061,380077,18319,17194,877,18071,181
2021-01-17,Plumas,063,18699,588,505,10,515,2
2021-01-17,Riverside,065,2383286,253175,242206,12136,254342,2534
2021-01-17,Sacramento,067,1510023,82506,80154,961,81115,1045
2021-01-17,San Benito,069,59416,5070,4941,58,4999,35
2021-01-17,San Bernardino,071,2135413,261768,251487,7661,259148,1775
2021-01-17,San Diego,073,3302833,227122,211785,10431,222216,2103
2021-01-17,San Francisco,075,870044,29893,29139,616,29755,255
2021-01-17,San Joaquin,077,732212,58941,57094,2371,59465,780
2021-01-17,San Luis Obispo,079,281455,16542,15658,426,16084,157
2021-01-17,San Mateo,081,765935,34277,32186,234,32420,208
2021-01-17,Santa Barbara,083,443738,26704,24401,838,25239,235
2021-01-17,Santa Clara,085,1922200,95749,92752,428,93180,976
2021-01-17,Santa Cruz,087,273765,13363,12196,644,12840,106
2021-01-17,Shasta,089,179085,9904,9588,1016,10604,92
2021-01-17,Sierra,091,2930,45,38,11,49,0
2021-01-17,Siskiyou,093,43540,1241,1136,182,1318,4
2021-01-17,Solano,095,438530,25967,25216,283,25499,105
2021-01-17,Sonoma,097,501317,24457,23871,127,23998,223
2021-01-17,Stanislaus,099,539301,43920,42221,4420,46641,562
2021-01-17,Sutter,101,95872,7836,7604,68,7672,77
2021-01-17,Tehama,103,63373,3976,3837,443,4280,18
2021-01-17,Trinity,105,12862,409,261,54,315,3
2021-01-17,Tulare,107,460477,42861,41016,5937,46953,549
2021-01-17,Tuolumne,109,53932,3364,3287,27,3314,27
2021-01-17,Ventura,111,848112,64166,61257,2271,63528,376
2021-01-17,Yolo,113,214977,11257,10519,129,10648,134
2021-01-17,Yuba,115,75493,4824,4640,58,4698,28
2021-01-16,Alameda,001,1643700,69286,66583,1475,68058,673
2021-01-16,Alpine,003,1148,74,71,0,71,0
2021-01-16,Amador,005,37829,3047,2986,24,3010,28
2021-01-16,Butte,007,227075,9963,9359,1359,10718,129
2021-01-16,Calaveras,009,45235,1609,1596,7,1603,21
2021-01-16,Colusa,011,21464,1635,1578,166,1744,7
2021-01-16,Contra Costa,013,1133247,53841,51363,896,52259,443
2021-01-16,Del Norte,015,27424,869,833,3,836,2
2021-01-16,El Dorado,017,186661,8101,7575,531,8106,47
2021-01-16,Fresno,019,978130,86191,81294,6511,87805,846
2021-01-16,Glenn,021,27897,2005,1894,400,2294,9
2021-01-16,Humboldt,023,135768,2470,2294,9,2303,22
2021-01-16,Imperial,025,180216,25771,25140,2251,27391,451
2021-01-16,Inyo,027,18085,985,845,16,861,25
2021-01-16,Kern,029,883053,82739,78865,7543,86408,733
2021-01-16,Kings,031,150075,19829,19072,800,19872,131
2021-01-16,Lake,033,64148,2695,2504,0,2504,30
2021-01-16,Lassen,035,31185,4805,4719,79,4798,1
2021-01-16,Los Angeles,037,10098052,1043561,982684,33863,1016547,13654
2021-01-16,Madera,039,155013,13856,13193,671,13864,85
2021-01-16,Marin,041,260295,11746,11482,122,11604,164
2021-01-16,Mariposa,043,17540,335,317,3,320,3
2021-01-16,Mendocino,045,87422,3056,2890,50,2940,31
2021-01-16,Merced,047,269075,24263,23478,604,24082,242
2021-01-16,Modoc,049,8938,296,278,89,367,0
2021-01-16,Mono,051,14174,1088,1079,11,1090,3
2021-01-16,Monterey,053,433212,36618,34972,1202,36174,243
2021-01-16,Napa,055,140530,7844,7356,28,7384,39
2021-01-16,Nevada,057,99092,3353,3144,134,3278,17
2021-01-16,Orange,059,3164182,218572,210111,8913,219024,2312
2021-01-16,Placer,061,380077,18259,16995,875,17870,177
2021-01-16,Plumas,063,18699,586,502,10,512,2
2021-01-16,Riverside,065,2383286,251823,239412,12016,251428,2506
2021-01-16,Sacramento,067,1510023,82129,79122,943,80065,1033
2021-01-16,San Benito,069,59416,5037,4875,58,4933,35
2021-01-16,San Bernardino,071,2135413,260988,249401,7595,256996,1755
2021-01-16,San Diego,073,3302833,225826,209895,10336,220231,2065
2021-01-16,San Francisco,075,870044,29766,28853,585,29438,244
2021-01-16,San Joaquin,077,732212,58695,56642,2338,58980,776
2021-01-16,San Luis Obispo,079,281455,16442,15466,424,15890,152
2021-01-16,San Mateo,081,765935,34112,31805,228,32033,208
2021-01-16,Santa Barbara,083,443738,26509,24088,830,24918,229
2021-01-16,Santa Clara,085,1922200,95283,91584,421,92005,954
2021-01-16,Santa Cruz,087,273765,13304,12026,642,12668,106
2021-01-16,Shasta,089,179085,9871,9547,1012,10559,92
2021-01-16,Sierra,091,2930,44,38,11,49,0
2021-01-16,Siskiyou,093,43540,1236,1124,182,1306,4
2021-01-16,Solano,095,438530,25859,24732,276,25008,103
2021-01-16,Sonoma,097,501317,24369,23607,126,23733,223
2021-01-16,Stanislaus,099,539301,43731,41809,4369,46178,562
2021-01-16,Sutter,101,95872,7804,7560,68,7628,76
2021-01-16,Tehama,103,63373,3962,3783,443,4226,18
2021-01-16,Trinity,105,12862,409,261,54,315,3
2021-01-16,Tulare,107,460477,42682,40655,5863,46518,542
2021-01-16,Tuolumne,109,53932,3357,3269,27,3296,27
2021-01-16,Ventura,111,848112,63614,60368,2241,62609,369
2021-01-16,Yolo,113,214977,11208,10406,128,10534,134
2021-01-16,Yuba,115,75493,4793,4602,58,4660,27
2021-01-15,Alameda,001,1643700,68846,65416,1465,66881,672
2021-01-15,Alpine,003,1148,74,71,0,71,0
2021-01-15,Amador,005,37829,3040,2953,24,2977,28
2021-01-15,Butte,007,227075,9925,9233,1341,10574,129
2021-01-15,Calaveras,009,45235,1602,1538,7,1545,21
2021-01-15,Colusa,011,21464,1624,1541,162,1703,7
2021-01-15,Contra Costa,013,1133247,53511,50408,889,51297,428
2021-01-15,Del Norte,015,27424,865,828,2,830,2
2021-01-15,El Dorado,017,186661,8052,7439,522,7961,47
2021-01-15,Fresno,019,978130,85653,79950,6478,86428,832
2021-01-15,Glenn,021,27897,2000,1824,398,2222,9
2021-01-15,Humboldt,023,135768,2443,2218,8,2226,22
2021-01-15,Imperial,025,180216,25737,24944,2245,27189,446
2021-01-15,Inyo,027,18085,967,814,16,830,25
2021-01-15,Kern,029,883053,82327,77873,7480,85353,719
2021-01-15,Kings,031,150075,19721,18661,792,19453,131
2021-01-15,Lake,033,64148,2669,2434,0,2434,28
2021-01-15,Lassen,035,31185,4794,4693,77,4770,1
2021-01-15,Los Angeles,037,10098052,1036526,968979,33567,1002546,13404
2021-01-15,Madera,039,155013,13770,12883,668,13551,85
2021-01-15,Marin,041,260295,11695,11310,122,11432,160
2021-01-15,Mariposa,043,17540,333,307,3,310,3
2021-01-15,Mendocino,045,87422,3045,2835,50,2885,31
2021-01-15,Merced,047,269075,24150,23060,600,23660,239
2021-01-15,Modoc,049,8938,296,278,87,365,0
2021-01-15,Mono,051,14174,1085,1057,11,1068,3
2021-01-15,Monterey,053,433212,36409,34460,1142,35602,243
2021-01-15,Napa,055,140530,7782,7231,28,7259,38
2021-01-15,Nevada,057,99092,3339,3099,130,3229,17
2021-01-15,Orange,059,3164182,217214,207129,8861,215990,2254
2021-01-15,Placer,061,380077,18158,16712,866,17578,173
2021-01-15,Plumas,063,18699,583,499,10,509,2
2021-01-15,Riverside,065,2383286,249986,235235,11937,247172,2458
2021-01-15,Sacramento,067,1510023,81712,80279,935,81214,1023
2021-01-15,San Benito,069,59416,4994,4766,56,4822,35
2021-01-15,San Bernardino,071,2135413,259828,246182,7536,253718,1726
2021-01-15,San Diego,073,3302833,224077,206868,10271,217139,2037
2021-01-15,San Francisco,075,870044,29592,28574,564,29138,242
2021-01-15,San Joaquin,077,732212,58461,55885,2323,58208,748
2021-01-15,San Luis Obispo,079,281455,16309,15129,419,15548,148
2021-01-15,San Mateo,081,765935,33867,31291,224,31515,208
2021-01-15,Santa Barbara,083,443738,26232,23487,819,24306,226
2021-01-15,Santa Clara,085,1922200,94632,90103,416,90519,942
2021-01-15,Santa Cruz,087,273765,13195,11776,627,12403,105
2021-01-15,Shasta,089,179085,9832,9459,1004,10463,91
2021-01-15,Sierra,091,2930,43,36,10,46,0
2021-01-15,Siskiyou,093,43540,1232,1119,181,1300,4
2021-01-15,Solano,095,438530,25710,24222,273,24495,103
2021-01-15,Sonoma,097,501317,24238,23204,125,23329,222
2021-01-15,Stanislaus,099,539301,43489,41178,4332,45510,562
2021-01-15,Sutter,101,95872,7757,7484,67,7551,75
2021-01-15,Tehama,103,63373,3941,3714,442,4156,17
2021-01-15,Trinity,105,12862,409,262,54,316,3
2021-01-15,Tulare,107,460477,42438,39951,5778,45729,535
2021-01-15,Tuolumne,109,53932,3341,3231,27,3258,27
2021-01-15,Ventura,111,848112,62870,59061,2207,61268,353
2021-01-15,Yolo,113,214977,11152,10240,127,10367,134
2021-01-15,Yuba,115,75493,4772,4549,58,4607,27
2021-01-14,Alameda,001,1643700,68193,64364,1450,65814,686
2021-01-14,Alpine,003,1148,74,71,0,71,0
2021-01-14,Amador,005,37829,3034,2940,24,2964,28
2021-01-14,Butte,007,227075,9841,9127,1319,10446,129
2021-01-14,Calaveras,009,45235,1585,1513,7,1520,21
2021-01-14,Colusa,011,21464,1609,1535,159,1694,7
2021-01-14,Contra Costa,013,1133247,52956,49545,875,50420,415
2021-01-14,Del Norte,015,27424,859,821,2,823,2
2021-01-14,El Dorado,017,186661,7978,7321,514,7835,45
2021-01-14,Fresno,019,978130,85021,79033,6403,85436,814
2021-01-14,Glenn,021,27897,1987,1798,393,2191,9
2021-01-14,Humboldt,023,135768,2400,2169,8,2177,22
2021-01-14,Imperial,025,180216,25627,24882,2209,27091,447
2021-01-14,Inyo,027,18085,960,790,16,806,25
2021-01-14,Kern,029,883053,81661,77070,7377,84447,705
2021-01-14,Kings,031,150075,19591,18405,788,19193,108
2021-01-14,Lake,033,64148,2626,2378,0,2378,27
2021-01-14,Lassen,035,31185,4784,4673,75,4748,1
2021-01-14,Los Angeles,037,10098052,1026537,954652,33182,987834,13147
2021-01-14,Madera,039,155013,13657,12742,657,13399,85
2021-01-14,Marin,041,260295,11621,11155,121,11276,159
2021-01-14,Mariposa,043,17540,330,302,3,305,3
2021-01-14,Mendocino,045,87422,3031,2801,48,2849,31
2021-01-14,Merced,047,269075,23921,22780,591,23371,239
2021-01-14,Modoc,049,8938,296,273,87,360,0
2021-01-14,Mono,051,14174,1077,1020,11,1031,3
2021-01-14,Monterey,053,433212,35994,34105,1122,35227,242
2021-01-14,Napa,055,140530,7697,7117,28,7145,38
2021-01-14,Nevada,057,99092,3312,3075,128,3203,17
2021-01-14,Orange,059,3164182,215286,204442,8775,213217,2162
2021-01-14,Placer,061,380077,18000,16488,859,17347,169
2021-01-14,Plumas,063,18699,575,496,10,506,2
2021-01-14,Riverside,065,2383286,247366,231684,11837,243521,2357
2021-01-14,Sacramento,067,1510023,81074,79137,910,80047,1007
2021-01-14,San Benito,069,59416,4960,4678,55,4733,35
2021-01-14,San Bernardino,071,2135413,257862,243379,7462,250841,1750
2021-01-14,San Diego,073,3302833,221681,204173,10152,214325,2005
2021-01-14,San Francisco,075,870044,29349,28200,513,28713,238
2021-01-14,San Joaquin,077,732212,57947,55058,2309,57367,739
2021-01-14,San Luis Obispo,079,281455,16149,14851,409,15260,146
2021-01-14,San Mateo,081,765935,33499,30694,215,30909,208
2021-01-14,Santa Barbara,083,443738,25825,23126,792,23918,219
2021-01-14,Santa Clara,085,1922200,93693,88505,409,88914,910
2021-01-14,Santa Cruz,087,273765,13048,11583,611,12194,109
2021-01-14,Shasta,089,179085,9783,9334,987,10321,90
2021-01-14,Sierra,091,2930,43,35,9,44,0
2021-01-14,Siskiyou,093,43540,1220,1108,178,1286,3
2021-01-14,Solano,095,438530,25449,23782,269,24051,103
2021-01-14,Sonoma,097,501317,23995,22910,125,23035,202
2021-01-14,Stanislaus,099,539301,43164,40597,4292,44889,574
2021-01-14,Sutter,101,95872,7698,7416,64,7480,74
2021-01-14,Tehama,103,63373,3912,3664,438,4102,17
2021-01-14,Trinity,105,12862,409,261,53,314,3
2021-01-14,Tulare,107,460477,42055,39565,5665,45230,533
2021-01-14,Tuolumne,109,53932,3320,3215,27,3242,28
2021-01-14,Ventura,111,848112,61998,57941,2169,60110,347
2021-01-14,Yolo,113,214977,11042,10097,121,10218,135
2021-01-14,Yuba,115,75493,4740,4496,58,4554,27
2021-01-13,Alameda,001,1643700,67438,63568,1432,65000,690
2021-01-13,Alpine,003,1148,74,71,0,71,0
2021-01-13,Amador,005,37829,3020,2914,24,2938,26
2021-01-13,Butte,007,227075,9762,9013,1304,10317,126
2021-01-13,Calaveras,009,45235,1563,1493,7,1500,21
2021-01-13,Colusa,011,21464,1597,1524,154,1678,7
2021-01-13,Contra Costa,013,1133247,52375,48877,861,49738,403
2021-01-13,Del Norte,015,27424,855,820,2,822,2
2021-01-13,El Dorado,017,186661,7885,7247,506,7753,43
2021-01-13,Fresno,019,978130,84305,78278,6352,84630,804
2021-01-13,Glenn,021,27897,1972,1792,385,2177,9
2021-01-13,Humboldt,023,135768,2368,2114,8,2122,22
2021-01-13,Imperial,025,180216,25503,24717,2176,26893,463
2021-01-13,Inyo,027,18085,948,785,16,801,25
2021-01-13,Kern,029,883053,80999,76049,7286,83335,704
2021-01-13,Kings,031,150075,19425,18121,763,18884,108
2021-01-13,Lake,033,64148,2581,2305,0,2305,27
2021-01-13,Lassen,035,31185,4777,4663,74,4737,1
2021-01-13,Los Angeles,037,10098052,1015774,937985,32769,970754,12873
2021-01-13,Madera,039,155013,13532,12570,651,13221,85
2021-01-13,Marin,041,260295,11564,11039,121,11160,161
2021-01-13,Mariposa,043,17540,328,304,3,307,3
2021-01-13,Mendocino,045,87422,3011,2790,48,2838,31
2021-01-13,Merced,047,269075,23681,22497,576,23073,241
2021-01-13,Modoc,049,8938,295,274,84,358,0
2021-01-13,Mono,051,14174,1073,1017,11,1028,3
2021-01-13,Monterey,053,433212,35576,33748,1097,34845,241
2021-01-13,Napa,055,140530,7583,7028,28,7056,36
2021-01-13,Nevada,057,99092,3288,3037,124,3161,17
2021-01-13,Orange,059,3164182,213196,201158,8706,209864,2172
2021-01-13,Placer,061,380077,17873,16272,845,17117,172
2021-01-13,Plumas,063,18699,573,490,10,500,2
2021-01-13,Riverside,065,2383286,244263,228192,11715,239907,2278
2021-01-13,Sacramento,067,1510023,80414,78268,903,79171,996
2021-01-13,San Benito,069,59416,4905,4583,54,4637,35
2021-01-13,San Bernardino,071,2135413,255487,240191,7389,247580,1759
2021-01-13,San Diego,073,3302833,219065,201578,10050,211628,1952
2021-01-13,San Francisco,075,870044,29108,27863,490,28353,238
2021-01-13,San Joaquin,077,732212,57323,54373,2279,56652,738
2021-01-13,San Luis Obispo,079,281455,15995,14625,398,15023,140
2021-01-13,San Mateo,081,765935,33158,30195,213,30408,207
2021-01-13,Santa Barbara,083,443738,25393,22714,768,23482,216
2021-01-13,Santa Clara,085,1922200,92720,87187,406,87593,911
2021-01-13,Santa Cruz,087,273765,12875,11423,597,12020,110
2021-01-13,Shasta,089,179085,9719,9180,973,10153,93
2021-01-13,Sierra,091,2930,43,33,9,42,0
2021-01-13,Siskiyou,093,43540,1214,1102,174,1276,3
2021-01-13,Solano,095,438530,25165,23503,268,23771,105
2021-01-13,Sonoma,097,501317,23745,22610,124,22734,206
2021-01-13,Stanislaus,099,539301,42763,40167,4236,44403,574
2021-01-13,Sutter,101,95872,7652,7350,63,7413,73
2021-01-13,Tehama,103,63373,3862,3589,433,4022,17
2021-01-13,Trinity,105,12862,409,260,53,313,3
2021-01-13,Tulare,107,460477,41647,39129,5562,44691,522
2021-01-13,Tuolumne,109,53932,3306,3196,27,3223,28
2021-01-13,Ventura,111,848112,60985,56453,2130,58583,338
2021-01-13,Yolo,113,214977,10941,9933,117,10050,135
2021-01-13,Yuba,115,75493,4698,4448,55,4503,27
2021-01-12,Alameda,001,1643700,66617,62642,1412,64054,677
2021-01-12,Alpine,003,1148,74,71,0,71,0
2021-01-12,Amador,005,37829,3003,2897,24,2921,26
2021-01-12,Butte,007,227075,9676,8883,1286,10169,124
2021-01-12,Calaveras,009,45235,1526,1475,7,1482,21
2021-01-12,Colusa,011,21464,1585,1510,150,1660,7
2021-01-12,Contra Costa,013,1133247,51729,48242,845,49087,399
2021-01-12,Del Norte,015,27424,850,816,2,818,2
2021-01-12,El Dorado,017,186661,7802,7156,495,7651,41
2021-01-12,Fresno,019,978130,83434,77651,6283,83934,796
2021-01-12,Glenn,021,27897,1944,1781,379,2160,9
2021-01-12,Humboldt,023,135768,2314,2077,7,2084,22
2021-01-12,Imperial,025,180216,25414,24566,2134,26700,457
2021-01-12,Inyo,027,18085,931,773,16,789,25
2021-01-12,Kern,029,883053,80295,75320,7185,82505,689
2021-01-12,Kings,031,150075,19215,18072,752,18824,108
2021-01-12,Lake,033,64148,2535,2260,0,2260,27
2021-01-12,Lassen,035,31185,4755,4659,72,4731,1
2021-01-12,Los Angeles,037,10098052,1004150,926295,32349,958644,12610
2021-01-12,Madera,039,155013,13391,12485,642,13127,85
2021-01-12,Marin,041,260295,11455,10960,121,11081,157
2021-01-12,Mariposa,043,17540,326,302,3,305,3
2021-01-12,Mendocino,045,87422,2991,2762,44,2806,31
2021-01-12,Merced,047,269075,23430,22172,554,22726,239
2021-01-12,Modoc,049,8938,293,274,84,358,0
2021-01-12,Mono,051,14174,1064,1008,11,1019,3
2021-01-12,Monterey,053,433212,35076,33381,1076,34457,240
2021-01-12,Napa,055,140530,7500,6936,28,6964,36
2021-01-12,Nevada,057,99092,3260,3014,122,3136,17
2021-01-12,Orange,059,3164182,210901,198260,8619,206879,2142
2021-01-12,Placer,061,380077,17699,16087,839,16926,163
2021-01-12,Plumas,063,18699,567,483,10,493,2
2021-01-12,Riverside,065,2383286,241181,225580,11575,237155,2266
2021-01-12,Sacramento,067,1510023,79675,77201,894,78095,985
2021-01-12,San Benito,069,59416,4838,4515,54,4569,35
2021-01-12,San Bernardino,071,2135413,252916,237008,7317,244325,1739
2021-01-12,San Diego,073,3302833,216152,198317,9933,208250,1898
2021-01-12,San Francisco,075,870044,28830,27531,457,27988,238
2021-01-12,San Joaquin,077,732212,56679,53630,2251,55881,725
2021-01-12,San Luis Obispo,079,281455,15747,14367,389,14756,132
2021-01-12,San Mateo,081,765935,32767,29747,201,29948,206
2021-01-12,Santa Barbara,083,443738,24984,22182,740,22922,209
2021-01-12,Santa Clara,085,1922200,91647,86075,398,86473,904
2021-01-12,Santa Cruz,087,273765,12661,11267,580,11847,110
2021-01-12,Shasta,089,179085,9646,9086,960,10046,84
2021-01-12,Sierra,091,2930,41,33,8,41,0
2021-01-12,Siskiyou,093,43540,1204,1091,168,1259,3
2021-01-12,Solano,095,438530,24862,23160,263,23423,102
2021-01-12,Sonoma,097,501317,23439,22403,124,22527,205
2021-01-12,Stanislaus,099,539301,42313,39615,4200,43815,571
2021-01-12,Sutter,101,95872,7589,7276,62,7338,73
2021-01-12,Tehama,103,63373,3826,3567,429,3996,17
2021-01-12,Trinity,105,12862,409,258,53,311,3
2021-01-12,Tulare,107,460477,41188,38797,5446,44243,509
2021-01-12,Tuolumne,109,53932,3272,3178,27,3205,28
2021-01-12,Ventura,111,848112,60012,55342,2097,57439,324
2021-01-12,Yolo,113,214977,10806,9857,106,9963,133
2021-01-12,Yuba,115,75493,4657,4389,55,4444,27
2021-01-11,Alameda,001,1643700,65757,61949,1395,63344,652
2021-01-11,Alpine,003,1148,74,70,0,70,0
2021-01-11,Amador,005,37829,2989,2867,24,2891,24
2021-01-11,Butte,007,227075,9562,8757,1268,10025,119
2021-01-11,Calaveras,009,45235,1508,1460,7,1467,21
2021-01-11,Colusa,011,21464,1567,1494,146,1640,7
2021-01-11,Contra Costa,013,1133247,51052,47728,835,48563,398
2021-01-11,Del Norte,015,27424,846,810,2,812,2
2021-01-11,El Dorado,017,186661,7708,6987,487,7474,36
2021-01-11,Fresno,019,978130,82555,76581,6205,82786,775
2021-01-11,Glenn,021,27897,1915,1763,370,2133,9
2021-01-11,Humboldt,023,135768,2275,2069,7,2076,22
2021-01-11,Imperial,025,180216,25299,24418,2099,26517,453
2021-01-11,Inyo,027,18085,913,763,16,779,25
2021-01-11,Kern,029,883053,79440,74489,7082,81571,682
2021-01-11,Kings,031,150075,18952,17909,744,18653,108
2021-01-11,Lake,033,64148,2483,2205,0,2205,26
2021-01-11,Lassen,035,31185,4732,4647,71,4718,1
2021-01-11,Los Angeles,037,10098052,990965,914434,31873,946307,12304
2021-01-11,Madera,039,155013,13260,12366,631,12997,85
2021-01-11,Marin,041,260295,11359,10814,118,10932,156
2021-01-11,Mariposa,043,17540,319,296,3,299,3
2021-01-11,Mendocino,045,87422,2964,2728,44,2772,31
2021-01-11,Merced,047,269075,23107,21884,540,22424,238
2021-01-11,Modoc,049,8938,292,271,83,354,0
2021-01-11,Mono,051,14174,1058,1006,11,1017,3
2021-01-11,Monterey,053,433212,34538,32858,1011,33869,239
2021-01-11,Napa,055,140530,7398,6822,28,6850,36
2021-01-11,Nevada,057,99092,3233,2980,122,3102,17
2021-01-11,Orange,059,3164182,208321,196340,8516,204856,2113
2021-01-11,Placer,061,380077,17518,15919,828,16747,163
2021-01-11,Plumas,063,18699,563,477,10,487,2
2021-01-11,Riverside,065,2383286,237724,222907,11422,234329,2222
2021-01-11,Sacramento,067,1510023,78747,76009,878,76887,974
2021-01-11,San Benito,069,59416,4761,4482,47,4529,34
2021-01-11,San Bernardino,071,2135413,250079,235543,7216,242759,1739
2021-01-11,San Diego,073,3302833,212882,194793,9775,204568,1857
2021-01-11,San Francisco,075,870044,28557,27264,434,27698,238
2021-01-11,San Joaquin,077,732212,56068,53002,2221,55223,725
2021-01-11,San Luis Obispo,079,281455,15377,14213,381,14594,126
2021-01-11,San Mateo,081,765935,32322,29355,189,29544,206
2021-01-11,Santa Barbara,083,443738,24547,21740,723,22463,200
2021-01-11,Santa Clara,085,1922200,90445,84851,389,85240,877
2021-01-11,Santa Cruz,087,273765,12482,11093,554,11647,106
2021-01-11,Shasta,089,179085,9548,8977,947,9924,81
2021-01-11,Sierra,091,2930,40,33,8,41,0
2021-01-11,Siskiyou,093,43540,1195,1087,166,1253,3
2021-01-11,Solano,095,438530,24541,22893,258,23151,101
2021-01-11,Sonoma,097,501317,23193,22191,124,22315,205
2021-01-11,Stanislaus,099,539301,41822,39149,4147,43296,571
2021-01-11,Sutter,101,95872,7530,7204,61,7265,71
2021-01-11,Tehama,103,63373,3762,3524,406,3930,17
2021-01-11,Trinity,105,12862,409,256,53,309,2
2021-01-11,Tulare,107,460477,40776,38380,5364,43744,497
2021-01-11,Tuolumne,109,53932,3261,3165,27,3192,27
2021-01-11,Ventura,111,848112,58875,54202,2073,56275,320
2021-01-11,Yolo,113,214977,10596,9699,104,9803,129
2021-01-11,Yuba,115,75493,4619,4349,48,4397,27
2021-01-10,Alameda,001,1643700,64768,61111,1366,62477,650
2021-01-10,Alpine,003,1148,74,70,0,70,0
2021-01-10,Amador,005,37829,2965,2861,24,2885,24
2021-01-10,Butte,007,227075,9444,8665,1241,9906,119
2021-01-10,Calaveras,009,45235,1483,1449,7,1456,21
2021-01-10,Colusa,011,21464,1543,1478,145,1623,7
2021-01-10,Contra Costa,013,1133247,50265,47109,817,47926,398
2021-01-10,Del Norte,015,27424,843,809,2,811,2
2021-01-10,El Dorado,017,186661,7621,6904,469,7373,36
2021-01-10,Fresno,019,978130,81744,75621,6079,81700,775
2021-01-10,Glenn,021,27897,1891,1746,362,2108,9
2021-01-10,Humboldt,023,135768,2214,2049,7,2056,22
2021-01-10,Imperial,025,180216,25137,24233,2046,26279,453
2021-01-10,Inyo,027,18085,885,748,16,764,25
2021-01-10,Kern,029,883053,78615,73712,6948,80660,679
2021-01-10,Kings,031,150075,18733,17812,737,18549,108
2021-01-10,Lake,033,64148,2430,2174,0,2174,26
2021-01-10,Lassen,035,31185,4710,4642,70,4712,1
2021-01-10,Los Angeles,037,10098052,976409,901783,31231,933014,12170
2021-01-10,Madera,039,155013,13071,12179,616,12795,85
2021-01-10,Marin,041,260295,11239,10737,116,10853,155
2021-01-10,Mariposa,043,17540,319,291,3,294,3
2021-01-10,Mendocino,045,87422,2933,2706,41,2747,31
2021-01-10,Merced,047,269075,22833,21691,530,22221,238
2021-01-10,Modoc,049,8938,292,271,81,352,0
2021-01-10,Mono,051,14174,1040,965,11,976,3
2021-01-10,Monterey,053,433212,34098,32571,979,33550,237
2021-01-10,Napa,055,140530,7294,6687,26,6713,36
2021-01-10,Nevada,057,99092,3214,2959,118,3077,17
2021-01-10,Orange,059,3164182,205557,193766,8391,202157,2104
2021-01-10,Placer,061,380077,17339,15779,806,16585,163
2021-01-10,Plumas,063,18699,553,477,10,487,2
2021-01-10,Riverside,065,2383286,234396,219486,11232,230718,2216
2021-01-10,Sacramento,067,1510023,77788,75394,848,76242,965
2021-01-10,San Benito,069,59416,4664,4434,46,4480,34
2021-01-10,San Bernardino,071,2135413,246494,232171,7113,239284,1736
2021-01-10,San Diego,073,3302833,209215,191886,9611,201497,1857
2021-01-10,San Francisco,075,870044,28173,27054,402,27456,238
2021-01-10,San Joaquin,077,732212,55208,52535,2187,54722,725
2021-01-10,San Luis Obispo,079,281455,15047,13968,368,14336,122
2021-01-10,San Mateo,081,765935,31831,28972,175,29147,206
2021-01-10,Santa Barbara,083,443738,24000,21290,701,21991,200
2021-01-10,Santa Clara,085,1922200,89271,83779,380,84159,858
2021-01-10,Santa Cruz,087,273765,12269,10951,532,11483,106
2021-01-10,Shasta,089,179085,9437,8936,930,9866,81
2021-01-10,Sierra,091,2930,39,32,8,40,0
2021-01-10,Siskiyou,093,43540,1189,1075,163,1238,3
2021-01-10,Solano,095,438530,24140,22621,255,22876,101
2021-01-10,Sonoma,097,501317,22920,21925,123,22048,204
2021-01-10,Stanislaus,099,539301,41257,38809,4067,42876,571
2021-01-10,Sutter,101,95872,7469,7133,58,7191,71
2021-01-10,Tehama,103,63373,3689,3504,393,3897,17
2021-01-10,Trinity,105,12862,409,253,52,305,2
2021-01-10,Tulare,107,460477,40357,38012,5240,43252,497
2021-01-10,Tuolumne,109,53932,3227,3143,26,3169,27
2021-01-10,Ventura,111,848112,57607,53095,2028,55123,319
2021-01-10,Yolo,113,214977,10444,9610,103,9713,129
2021-01-10,Yuba,115,75493,4567,4300,45,4345,27
2021-01-09,Alameda,001,1643700,64243,60125,1350,61475,649
2021-01-09,Alpine,003,1148,74,70,0,70,0
2021-01-09,Amador,005,37829,2958,2809,24,2833,24
2021-01-09,Butte,007,227075,9363,8552,1217,9769,118
2021-01-09,Calaveras,009,45235,1473,1425,7,1432,21
2021-01-09,Colusa,011,21464,1537,1468,144,1612,7
2021-01-09,Contra Costa,013,1133247,49916,46406,802,47208,393
2021-01-09,Del Norte,015,27424,841,802,2,804,2
2021-01-09,El Dorado,017,186661,7589,6800,466,7266,36
2021-01-09,Fresno,019,978130,81334,74816,6037,80853,773
2021-01-09,Glenn,021,27897,1876,1707,357,2064,9
2021-01-09,Humboldt,023,135768,2196,2026,7,2033,22
2021-01-09,Imperial,025,180216,25069,24028,2032,26060,448
2021-01-09,Inyo,027,18085,875,734,16,750,25
2021-01-09,Kern,029,883053,78153,73015,6870,79885,677
2021-01-09,Kings,031,150075,18638,17679,733,18412,108
2021-01-09,Lake,033,64148,2395,2144,0,2144,26
2021-01-09,Lassen,035,31185,4698,4613,69,4682,1
2021-01-09,Los Angeles,037,10098052,970857,887949,30786,918735,12011
2021-01-09,Madera,039,155013,12980,12063,611,12674,85
2021-01-09,Marin,041,260295,11176,10634,115,10749,154
2021-01-09,Mariposa,043,17540,316,287,3,290,3
2021-01-09,Mendocino,045,87422,2915,2664,41,2705,31
2021-01-09,Merced,047,269075,22692,21357,520,21877,237
2021-01-09,Modoc,049,8938,292,271,80,351,0
2021-01-09,Mono,051,14174,1035,964,11,975,3
2021-01-09,Monterey,053,433212,33951,31948,970,32918,235
2021-01-09,Napa,055,140530,7224,6594,23,6617,36
2021-01-09,Nevada,057,99092,3192,2932,115,3047,17
2021-01-09,Orange,059,3164182,204054,191004,8296,199300,2034
2021-01-09,Placer,061,380077,17241,15609,804,16413,162
2021-01-09,Plumas,063,18699,551,477,10,487,2
2021-01-09,Riverside,065,2383286,232676,216076,11088,227164,2201
2021-01-09,Sacramento,067,1510023,77263,74482,843,75325,953
2021-01-09,San Benito,069,59416,4615,4335,46,4381,34
2021-01-09,San Bernardino,071,2135413,245308,228857,7043,235900,1714
2021-01-09,San Diego,073,3302833,207520,188598,9493,198091,1824
2021-01-09,San Francisco,075,870044,27998,26708,357,27065,235
2021-01-09,San Joaquin,077,732212,54860,51927,2167,54094,724
2021-01-09,San Luis Obispo,079,281455,14923,13647,356,14003,121
2021-01-09,San Mateo,081,765935,31534,28512,168,28680,205
2021-01-09,Santa Barbara,083,443738,23792,20971,692,21663,197
2021-01-09,Santa Clara,085,1922200,88429,82269,368,82637,808
2021-01-09,Santa Cruz,087,273765,12173,10717,527,11244,107
2021-01-09,Shasta,089,179085,9404,8893,926,9819,81
2021-01-09,Sierra,091,2930,37,32,8,40,0
2021-01-09,Siskiyou,093,43540,1185,1062,159,1221,3
2021-01-09,Solano,095,438530,23984,22226,254,22480,101
2021-01-09,Sonoma,097,501317,22799,21393,123,21516,202
2021-01-09,Stanislaus,099,539301,40962,38403,4028,42431,567
2021-01-09,Sutter,101,95872,7433,7072,57,7129,69
2021-01-09,Tehama,103,63373,3659,3451,381,3832,15
2021-01-09,Trinity,105,12862,409,252,52,304,2
2021-01-09,Tulare,107,460477,40106,37684,5169,42853,496
2021-01-09,Tuolumne,109,53932,3219,3117,25,3142,26
2021-01-09,Ventura,111,848112,56778,51988,2001,53989,306
2021-01-09,Yolo,113,214977,10373,9524,100,9624,129
2021-01-09,Yuba,115,75493,4539,4265,45,4310,27
2021-01-08,Alameda,001,1643700,63691,59172,1339,60511,646
2021-01-08,Alpine,003,1148,74,70,0,70,0
2021-01-08,Amador,005,37829,2951,2792,24,2816,24
2021-01-08,Butte,007,227075,9303,8430,1202,9632,115
2021-01-08,Calaveras,009,45235,1460,1385,7,1392,21
2021-01-08,Colusa,011,21464,1524,1448,143,1591,7
2021-01-08,Contra Costa,013,1133247,49391,45667,798,46465,381
2021-01-08,Del Norte,015,27424,839,795,2,797,2
2021-01-08,El Dorado,017,186661,7519,6690,454,7144,36
2021-01-08,Fresno,019,978130,80520,73689,5974,79663,771
2021-01-08,Glenn,021,27897,1860,1680,353,2033,9
2021-01-08,Humboldt,023,135768,2172,1988,7,1995,22
2021-01-08,Imperial,025,180216,25003,23751,2017,25768,446
2021-01-08,Inyo,027,18085,861,682,16,698,24
2021-01-08,Kern,029,883053,77591,71978,6798,78776,674
2021-01-08,Kings,031,150075,18510,17441,728,18169,108
2021-01-08,Lake,033,64148,2370,2098,0,2098,26
2021-01-08,Lassen,035,31185,4690,4598,67,4665,1
2021-01-08,Los Angeles,037,10098052,960077,871188,30352,901540,11796
2021-01-08,Madera,039,155013,12829,11846,602,12448,85
2021-01-08,Marin,041,260295,11082,10531,114,10645,153
2021-01-08,Mariposa,043,17540,315,273,3,276,3
2021-01-08,Mendocino,045,87422,2896,2634,38,2672,31
2021-01-08,Merced,047,269075,22497,20862,514,21376,236
2021-01-08,Modoc,049,8938,292,266,80,346,0
2021-01-08,Mono,051,14174,1025,951,11,962,3
2021-01-08,Monterey,053,433212,33692,31543,959,32502,224
2021-01-08,Napa,055,140530,7154,6544,23,6567,32
2021-01-08,Nevada,057,99092,3170,2888,115,3003,17
2021-01-08,Orange,059,3164182,202060,186608,8209,194817,1991
2021-01-08,Placer,061,380077,17119,15401,797,16198,161
2021-01-08,Plumas,063,18699,545,465,10,475,2
2021-01-08,Riverside,065,2383286,230316,212122,10955,223077,2184
2021-01-08,Sacramento,067,1510023,76682,73245,837,74082,939
2021-01-08,San Benito,069,59416,4578,4225,45,4270,33
2021-01-08,San Bernardino,071,2135413,243421,224267,6972,231239,1703
2021-01-08,San Diego,073,3302833,204985,185060,9399,194459,1771
2021-01-08,San Francisco,075,870044,27749,26378,333,26711,207
2021-01-08,San Joaquin,077,732212,54525,50990,2136,53126,710
2021-01-08,San Luis Obispo,079,281455,14790,13286,343,13629,119
2021-01-08,San Mateo,081,765935,31185,28072,165,28237,204
2021-01-08,Santa Barbara,083,443738,23514,20461,683,21144,189
2021-01-08,Santa Clara,085,1922200,87406,80561,366,80927,789
2021-01-08,Santa Cruz,087,273765,12033,10486,518,11004,106
2021-01-08,Shasta,089,179085,9354,8772,911,9683,81
2021-01-08,Sierra,091,2930,37,31,8,39,0
2021-01-08,Siskiyou,093,43540,1182,1027,158,1185,3
2021-01-08,Solano,095,438530,23813,21832,254,22086,100
2021-01-08,Sonoma,097,501317,22659,21178,123,21301,201
2021-01-08,Stanislaus,099,539301,40666,37858,3991,41849,566
2021-01-08,Sutter,101,95872,7383,6982,57,7039,68
2021-01-08,Tehama,103,63373,3636,3406,376,3782,15
2021-01-08,Trinity,105,12862,409,247,52,299,2
2021-01-08,Tulare,107,460477,39836,36946,5063,42009,491
2021-01-08,Tuolumne,109,53932,3210,3099,25,3124,19
2021-01-08,Ventura,111,848112,55912,50553,1976,52529,294
2021-01-08,Yolo,113,214977,10284,9391,96,9487,129
2021-01-08,Yuba,115,75493,4497,4195,44,4239,26
2021-01-07,Alameda,001,1643700,62817,57921,1311,59232,632
2021-01-07,Alpine,003,1148,72,70,0,70,0
2021-01-07,Amador,005,37829,2938,2740,23,2763,24
2021-01-07,Butte,007,227075,9206,8278,1174,9452,112
2021-01-07,Calaveras,009,45235,1443,1342,6,1348,21
2021-01-07,Colusa,011,21464,1512,1420,136,1556,7
2021-01-07,Contra Costa,013,1133247,48612,44756,781,45537,376
2021-01-07,Del Norte,015,27424,837,791,2,793,2
2021-01-07,El Dorado,017,186661,7418,6545,442,6987,36
2021-01-07,Fresno,019,978130,79563,72557,5873,78430,765
2021-01-07,Glenn,021,27897,1844,1639,344,1983,9
2021-01-07,Humboldt,023,135768,2145,1954,7,1961,22
2021-01-07,Imperial,025,180216,24810,23608,1964,25572,431
2021-01-07,Inyo,027,18085,848,656,16,672,20
2021-01-07,Kern,029,883053,76736,70953,6646,77599,660
2021-01-07,Kings,031,150075,18382,17238,719,17957,108
2021-01-07,Lake,033,64148,2315,2054,0,2054,26
2021-01-07,Lassen,035,31185,4685,4581,65,4646,1
2021-01-07,Los Angeles,037,10098052,945206,853187,29800,882987,11480
2021-01-07,Madera,039,155013,12672,11644,590,12234,76
2021-01-07,Marin,041,260295,10990,10364,112,10476,153
2021-01-07,Mariposa,043,17540,313,264,3,267,3
2021-01-07,Mendocino,045,87422,2841,2585,34,2619,30
2021-01-07,Merced,047,269075,22176,20510,499,21009,234
2021-01-07,Modoc,049,8938,292,265,80,345,0
2021-01-07,Mono,051,14174,1014,905,11,916,3
2021-01-07,Monterey,053,433212,33168,30903,936,31839,222
2021-01-07,Napa,055,140530,7044,6408,23,6431,32
2021-01-07,Nevada,057,99092,3136,2847,110,2957,17
2021-01-07,Orange,059,3164182,199220,181922,8110,190032,1974
2021-01-07,Placer,061,380077,16943,15155,767,15922,144
2021-01-07,Plumas,063,18699,543,454,10,464,2
2021-01-07,Riverside,065,2383286,226962,208177,10797,218974,2156
2021-01-07,Sacramento,067,1510023,75777,72342,816,73158,919
2021-01-07,San Benito,069,59416,4516,4112,41,4153,33
2021-01-07,San Bernardino,071,2135413,239887,219691,6891,226582,1666
2021-01-07,San Diego,073,3302833,201679,180510,9221,189731,1738
2021-01-07,San Francisco,075,870044,27416,25885,318,26203,202
2021-01-07,San Joaquin,077,732212,53839,50156,2104,52260,689
2021-01-07,San Luis Obispo,079,281455,14551,12810,330,13140,118
2021-01-07,San Mateo,081,765935,30675,27494,161,27655,201
2021-01-07,Santa Barbara,083,443738,23095,19931,669,20600,187
2021-01-07,Santa Clara,085,1922200,86190,78808,362,79170,775
2021-01-07,Santa Cruz,087,273765,11824,10228,511,10739,104
2021-01-07,Shasta,089,179085,9267,8612,903,9515,81
2021-01-07,Sierra,091,2930,37,31,8,39,0
2021-01-07,Siskiyou,093,43540,1177,1010,156,1166,3
2021-01-07,Solano,095,438530,23421,21384,250,21634,100
2021-01-07,Sonoma,097,501317,22396,20857,122,20979,200
2021-01-07,Stanislaus,099,539301,40239,37296,3937,41233,553
2021-01-07,Sutter,101,95872,7323,6890,56,6946,65
2021-01-07,Tehama,103,63373,3612,3330,369,3699,15
2021-01-07,Trinity,105,12862,409,247,52,299,2
2021-01-07,Tulare,107,460477,39436,36397,4924,41321,482
2021-01-07,Tuolumne,109,53932,3190,3068,24,3092,14
2021-01-07,Ventura,111,848112,54751,49083,1948,51031,288
2021-01-07,Yolo,113,214977,10146,9207,94,9301,128
2021-01-07,Yuba,115,75493,4455,4128,44,4172,25
2021-01-06,Alameda,001,1643700,61965,57081,1281,58362,616
2021-01-06,Alpine,003,1148,72,70,0,70,0
2021-01-06,Amador,005,37829,2917,2717,22,2739,24
2021-01-06,Butte,007,227075,9093,8147,1155,9302,110
2021-01-06,Calaveras,009,45235,1419,1321,6,1327,21
2021-01-06,Colusa,011,21464,1491,1385,131,1516,7
2021-01-06,Contra Costa,013,1133247,47807,44054,764,44818,358
2021-01-06,Del Norte,015,27424,831,780,2,782,2
2021-01-06,El Dorado,017,186661,7306,6397,429,6826,35
2021-01-06,Fresno,019,978130,78721,71404,5769,77173,752
2021-01-06,Glenn,021,27897,1819,1622,339,1961,9
2021-01-06,Humboldt,023,135768,2119,1912,7,1919,22
2021-01-06,Imperial,025,180216,24560,23400,1923,25323,431
2021-01-06,Inyo,027,18085,832,630,16,646,20
2021-01-06,Kern,029,883053,75793,69893,6511,76404,646
2021-01-06,Kings,031,150075,18185,17019,698,17717,108
2021-01-06,Lake,033,64148,2277,2033,0,2033,26
2021-01-06,Lassen,035,31185,4673,4560,61,4621,1
2021-01-06,Los Angeles,037,10098052,929288,835052,29095,864147,11285
2021-01-06,Madera,039,155013,12536,11407,584,11991,67
2021-01-06,Marin,041,260295,10862,10282,111,10393,153
2021-01-06,Mariposa,043,17540,310,259,3,262,3
2021-01-06,Mendocino,045,87422,2811,2561,34,2595,30
2021-01-06,Merced,047,269075,21837,20258,483,20741,232
2021-01-06,Modoc,049,8938,292,263,80,343,0
2021-01-06,Mono,051,14174,983,905,11,916,3
2021-01-06,Monterey,053,433212,32575,30387,901,31288,222
2021-01-06,Napa,055,140530,6914,6342,23,6365,32
2021-01-06,Nevada,057,99092,3116,2805,109,2914,15
2021-01-06,Orange,059,3164182,195771,177686,7968,185654,1935
2021-01-06,Placer,061,380077,16758,14940,749,15689,134
2021-01-06,Plumas,063,18699,535,445,10,455,2
2021-01-06,Riverside,065,2383286,223000,203714,10604,214318,2121
2021-01-06,Sacramento,067,1510023,74755,71572,799,72371,909
2021-01-06,San Benito,069,59416,4439,4031,40,4071,32
2021-01-06,San Bernardino,071,2135413,236170,215286,6780,222066,1634
2021-01-06,San Diego,073,3302833,198181,176660,9052,185712,1691
2021-01-06,San Francisco,075,870044,27046,25424,309,25733,199
2021-01-06,San Joaquin,077,732212,53081,49286,2061,51347,673
2021-01-06,San Luis Obispo,079,281455,14158,12305,323,12628,115
2021-01-06,San Mateo,081,765935,30251,27050,158,27208,200
2021-01-06,Santa Barbara,083,443738,22613,19453,659,20112,177
2021-01-06,Santa Clara,085,1922200,84782,77485,355,77840,746
2021-01-06,Santa Cruz,087,273765,11606,9954,491,10445,97
2021-01-06,Shasta,089,179085,9196,8482,896,9378,78
2021-01-06,Sierra,091,2930,36,31,8,39,0
2021-01-06,Siskiyou,093,43540,1165,998,152,1150,3
2021-01-06,Solano,095,438530,23036,21102,247,21349,99
2021-01-06,Sonoma,097,501317,22091,20558,122,20680,196
2021-01-06,Stanislaus,099,539301,39642,36751,3874,40625,553
2021-01-06,Sutter,101,95872,7241,6839,55,6894,59
2021-01-06,Tehama,103,63373,3584,3306,363,3669,15
2021-01-06,Trinity,105,12862,409,246,52,298,2
2021-01-06,Tulare,107,460477,38878,35882,4824,40706,465
2021-01-06,Tuolumne,109,53932,3170,3008,24,3032,14
2021-01-06,Ventura,111,848112,53505,47428,1924,49352,280
2021-01-06,Yolo,113,214977,9984,9083,91,9174,127
2021-01-06,Yuba,115,75493,4406,4097,44,4141,25
2021-01-05,Alameda,001,1643700,60844,56432,1245,57677,602
2021-01-05,Alpine,003,1148,72,70,0,70,0
2021-01-05,Amador,005,37829,2877,2695,22,2717,24
2021-01-05,Butte,007,227075,8953,8008,1128,9136,107
2021-01-05,Calaveras,009,45235,1373,1292,6,1298,21
2021-01-05,Colusa,011,21464,1466,1376,125,1501,7
2021-01-05,Contra Costa,013,1133247,46926,43442,753,44195,353
2021-01-05,Del Norte,015,27424,824,770,2,772,2
2021-01-05,El Dorado,017,186661,7188,6270,408,6678,32
2021-01-05,Fresno,019,978130,77498,70971,5675,76646,741
2021-01-05,Glenn,021,27897,1794,1608,327,1935,9
2021-01-05,Humboldt,023,135768,2083,1884,7,1891,22
2021-01-05,Imperial,025,180216,24387,23165,1878,25043,421
2021-01-05,Inyo,027,18085,818,627,16,643,20
2021-01-05,Kern,029,883053,74717,68257,6368,74625,624
2021-01-05,Kings,031,150075,17986,16860,674,17534,108
2021-01-05,Lake,033,64148,2230,2015,0,2015,25
2021-01-05,Lassen,035,31185,4659,4554,57,4611,1
2021-01-05,Los Angeles,037,10098052,910592,823783,28418,852201,11028
2021-01-05,Madera,039,155013,12360,11359,571,11930,67
2021-01-05,Marin,041,260295,10709,10214,109,10323,151
2021-01-05,Mariposa,043,17540,304,257,3,260,3
2021-01-05,Mendocino,045,87422,2775,2501,34,2535,30
2021-01-05,Merced,047,269075,21486,20051,471,20522,230
2021-01-05,Modoc,049,8938,292,254,80,334,0
2021-01-05,Mono,051,14174,977,896,11,907,3
2021-01-05,Monterey,053,433212,32004,30045,866,30911,213
2021-01-05,Napa,055,140530,6827,6264,23,6287,29
2021-01-05,Nevada,057,99092,3088,2781,107,2888,15
2021-01-05,Orange,059,3164182,192129,174869,7771,182640,1918
2021-01-05,Placer,061,380077,16535,14723,726,15449,133
2021-01-05,Plumas,063,18699,528,428,10,438,2
2021-01-05,Riverside,065,2383286,218947,200439,10426,210865,2069
2021-01-05,Sacramento,067,1510023,73829,70677,771,71448,888
2021-01-05,San Benito,069,59416,4337,3961,38,3999,28
2021-01-05,San Bernardino,071,2135413,232234,212522,6665,219187,1615
2021-01-05,San Diego,073,3302833,194041,172845,8839,181684,1654
2021-01-05,San Francisco,075,870044,26682,24989,291,25280,196
2021-01-05,San Joaquin,077,732212,52204,48969,2010,50979,663
2021-01-05,San Luis Obispo,079,281455,13758,12027,313,12340,106
2021-01-05,San Mateo,081,765935,29766,26486,156,26642,198
2021-01-05,Santa Barbara,083,443738,22179,19063,648,19711,172
2021-01-05,Santa Clara,085,1922200,83244,76355,342,76697,729
2021-01-05,Santa Cruz,087,273765,11334,9753,466,10219,93
2021-01-05,Shasta,089,179085,9089,8345,877,9222,73
2021-01-05,Sierra,091,2930,36,31,8,39,0
2021-01-05,Siskiyou,093,43540,1153,985,150,1135,3
2021-01-05,Solano,095,438530,22630,20860,242,21102,97
2021-01-05,Sonoma,097,501317,21726,20247,121,20368,194
2021-01-05,Stanislaus,099,539301,39099,36363,3826,40189,553
2021-01-05,Sutter,101,95872,7143,6769,54,6823,59
2021-01-05,Tehama,103,63373,3527,3255,358,3613,9
2021-01-05,Trinity,105,12862,409,246,52,298,2
2021-01-05,Tulare,107,460477,38257,35585,4673,40258,455
2021-01-05,Tuolumne,109,53932,3146,2996,19,3015,13
2021-01-05,Ventura,111,848112,52257,46456,1902,48358,264
2021-01-05,Yolo,113,214977,9808,8980,90,9070,127
2021-01-05,Yuba,115,75493,4348,4053,43,4096,21
2021-01-04,Alameda,001,1643700,59605,55899,1213,57112,583
2021-01-04,Alpine,003,1148,72,68,0,68,0
2021-01-04,Amador,005,37829,2837,2596,22,2618,24
2021-01-04,Butte,007,227075,8794,7893,1104,8997,105
2021-01-04,Calaveras,009,45235,1332,1276,5,1281,21
2021-01-04,Colusa,011,21464,1441,1368,111,1479,7
2021-01-04,Contra Costa,013,1133247,46077,43019,727,43746,353
2021-01-04,Del Norte,015,27424,815,770,2,772,2
2021-01-04,El Dorado,017,186661,7055,6152,392,6544,27
2021-01-04,Fresno,019,978130,76231,69871,5575,75446,726
2021-01-04,Glenn,021,27897,1763,1590,319,1909,9
2021-01-04,Humboldt,023,135768,2047,1845,7,1852,22
2021-01-04,Imperial,025,180216,24234,23035,1822,24857,420
2021-01-04,Inyo,027,18085,791,623,15,638,20
2021-01-04,Kern,029,883053,73635,67418,6164,73582,623
2021-01-04,Kings,031,150075,17710,16801,647,17448,108
2021-01-04,Lake,033,64148,2189,1984,0,1984,25
2021-01-04,Lassen,035,31185,4637,4550,56,4606,1
2021-01-04,Los Angeles,037,10098052,890521,813022,27532,840554,10790
2021-01-04,Madera,039,155013,12140,11204,549,11753,67
2021-01-04,Marin,041,260295,10573,10115,106,10221,151
2021-01-04,Mariposa,043,17540,298,253,3,256,3
2021-01-04,Mendocino,045,87422,2735,2460,30,2490,28
2021-01-04,Merced,047,269075,21072,19804,452,20256,230
2021-01-04,Modoc,049,8938,276,250,78,328,0
2021-01-04,Mono,051,14174,966,895,11,906,3
2021-01-04,Monterey,053,433212,31362,29659,843,30502,212
2021-01-04,Napa,055,140530,6686,6187,23,6210,29
2021-01-04,Nevada,057,99092,3050,2765,102,2867,15
2021-01-04,Orange,059,3164182,188244,172458,7640,180098,1918
2021-01-04,Placer,061,380077,16277,14622,713,15335,133
2021-01-04,Plumas,063,18699,518,419,10,429,1
2021-01-04,Riverside,065,2383286,214474,196809,10234,207043,2066
2021-01-04,Sacramento,067,1510023,72767,70164,759,70923,870
2021-01-04,San Benito,069,59416,4225,3914,38,3952,28
2021-01-04,San Bernardino,071,2135413,228010,210868,6506,217374,1615
2021-01-04,San Diego,073,3302833,189467,171031,8644,179675,1598
2021-01-04,San Francisco,075,870044,26299,24753,285,25038,191
2021-01-04,San Joaquin,077,732212,51306,48644,1967,50611,661
2021-01-04,San Luis Obispo,079,281455,13271,11945,305,12250,96
2021-01-04,San Mateo,081,765935,29204,26150,151,26301,198
2021-01-04,Santa Barbara,083,443738,21663,18735,616,19351,165
2021-01-04,Santa Clara,085,1922200,81494,75297,334,75631,727
2021-01-04,Santa Cruz,087,273765,11047,9680,449,10129,85
2021-01-04,Shasta,089,179085,8984,8224,860,9084,72
2021-01-04,Sierra,091,2930,35,30,8,38,0
2021-01-04,Siskiyou,093,43540,1136,980,147,1127,3
2021-01-04,Solano,095,438530,22127,20588,235,20823,97
2021-01-04,Sonoma,097,501317,21382,20210,119,20329,194
2021-01-04,Stanislaus,099,539301,38535,36141,3770,39911,553
2021-01-04,Sutter,101,95872,7045,6712,53,6765,56
2021-01-04,Tehama,103,63373,3454,3190,352,3542,9
2021-01-04,Trinity,105,12862,406,245,52,297,2
2021-01-04,Tulare,107,460477,37699,35060,4569,39629,455
2021-01-04,Tuolumne,109,53932,3121,2987,19,3006,13
2021-01-04,Ventura,111,848112,50757,45014,1882,46896,255
2021-01-04,Yolo,113,214977,9611,8834,84,8918,121
2021-01-04,Yuba,115,75493,4290,4023,43,4066,21
2021-01-03,Alameda,001,1643700,58353,55082,1183,56265,580
2021-01-03,Alpine,003,1148,70,68,0,68,0
2021-01-03,Amador,005,37829,2773,2565,22,2587,24
2021-01-03,Butte,007,227075,8602,7837,1051,8888,105
2021-01-03,Calaveras,009,45235,1295,1249,3,1252,21
2021-01-03,Colusa,011,21464,1412,1337,105,1442,7
2021-01-03,Contra Costa,013,1133247,45187,42432,703,43135,352
2021-01-03,Del Norte,015,27424,802,768,2,770,2
2021-01-03,El Dorado,017,186661,6927,6034,375,6409,27
2021-01-03,Fresno,019,978130,75080,69326,5452,74778,719
2021-01-03,Glenn,021,27897,1737,1581,309,1890,9
2021-01-03,Humboldt,023,135768,2010,1833,7,1840,21
2021-01-03,Imperial,025,180216,23981,22951,1739,24690,419
2021-01-03,Inyo,027,18085,774,615,15,630,20
2021-01-03,Kern,029,883053,72378,66895,5980,72875,609
2021-01-03,Kings,031,150075,17436,16593,615,17208,108
2021-01-03,Lake,033,64148,2136,1976,0,1976,24
2021-01-03,Lassen,035,31185,4604,4531,55,4586,1
2021-01-03,Los Angeles,037,10098052,868571,792168,26454,818622,10633
2021-01-03,Madera,039,155013,11916,11152,526,11678,67
2021-01-03,Marin,041,260295,10424,10034,101,10135,150
2021-01-03,Mariposa,043,17540,291,248,3,251,3
2021-01-03,Mendocino,045,87422,2695,2445,29,2474,24
2021-01-03,Merced,047,269075,20604,19600,426,20026,230
2021-01-03,Modoc,049,8938,272,245,77,322,0
2021-01-03,Mono,051,14174,941,893,11,904,3
2021-01-03,Monterey,053,433212,30768,29357,808,30165,191
2021-01-03,Napa,055,140530,6585,6094,23,6117,29
2021-01-03,Nevada,057,99092,2988,2742,99,2841,15
2021-01-03,Orange,059,3164182,184061,169881,7445,177326,1919
2021-01-03,Placer,061,380077,16029,14319,689,15008,133
2021-01-03,Plumas,063,18699,505,416,10,426,1
2021-01-03,Riverside,065,2383286,209679,195048,9982,205030,2005
2021-01-03,Sacramento,067,1510023,71561,68558,737,69295,859
2021-01-03,San Benito,069,59416,4127,3882,37,3919,28
2021-01-03,San Bernardino,071,2135413,222754,208294,6329,214623,1592
2021-01-03,San Diego,073,3302833,184207,168018,8421,176439,1592
2021-01-03,San Francisco,075,870044,25802,24588,268,24856,193
2021-01-03,San Joaquin,077,732212,50183,47899,1907,49806,661
2021-01-03,San Luis Obispo,079,281455,12801,11636,296,11932,95
2021-01-03,San Mateo,081,765935,28611,25770,145,25915,196
2021-01-03,Santa Barbara,083,443738,20945,18267,599,18866,164
2021-01-03,Santa Clara,085,1922200,79943,74534,328,74862,720
2021-01-03,Santa Cruz,087,273765,10745,9528,429,9957,84
2021-01-03,Shasta,089,179085,8858,8192,818,9010,72
2021-01-03,Sierra,091,2930,35,30,8,38,0
2021-01-03,Siskiyou,093,43540,1103,976,138,1114,3
2021-01-03,Solano,095,438530,21595,20105,230,20335,97
2021-01-03,Sonoma,097,501317,20990,19982,115,20097,193
2021-01-03,Stanislaus,099,539301,37846,35762,3688,39450,553
2021-01-03,Sutter,101,95872,6948,6664,52,6716,53
2021-01-03,Tehama,103,63373,3396,3176,344,3520,9
2021-01-03,Trinity,105,12862,403,243,51,294,2
2021-01-03,Tulare,107,460477,37138,34747,4419,39166,455
2021-01-03,Tuolumne,109,53932,3060,2978,16,2994,13
2021-01-03,Ventura,111,848112,48933,43748,1864,45612,254
2021-01-03,Yolo,113,214977,9453,8674,80,8754,121
2021-01-03,Yuba,115,75493,4236,3966,42,4008,20
2021-01-02,Alameda,001,1643700,57725,54518,1154,55672,581
2021-01-02,Alpine,003,1148,70,68,0,68,0
2021-01-02,Amador,005,37829,2754,2540,22,2562,24
2021-01-02,Butte,007,227075,8495,7750,1031,8781,105
2021-01-02,Calaveras,009,45235,1275,1230,3,1233,21
2021-01-02,Colusa,011,21464,1402,1332,104,1436,7
2021-01-02,Contra Costa,013,1133247,44666,41993,691,42684,352
2021-01-02,Del Norte,015,27424,800,764,2,766,2
2021-01-02,El Dorado,017,186661,6872,5959,371,6330,27
2021-01-02,Fresno,019,978130,74538,68740,5340,74080,717
2021-01-02,Glenn,021,27897,1722,1546,307,1853,9
2021-01-02,Humboldt,023,135768,1983,1815,7,1822,21
2021-01-02,Imperial,025,180216,23900,22867,1701,24568,420
2021-01-02,Inyo,027,18085,761,609,15,624,20
2021-01-02,Kern,029,883053,71659,66457,5869,72326,610
2021-01-02,Kings,031,150075,17342,16515,611,17126,108
2021-01-02,Lake,033,64148,2098,1925,0,1925,24
2021-01-02,Lassen,035,31185,4593,4457,54,4511,1
2021-01-02,Los Angeles,037,10098052,860234,791892,25746,817638,10633
2021-01-02,Madera,039,155013,11805,11039,514,11553,67
2021-01-02,Marin,041,260295,10379,9924,96,10020,151
2021-01-02,Mariposa,043,17540,284,243,3,246,3
2021-01-02,Mendocino,045,87422,2652,2428,28,2456,24
2021-01-02,Merced,047,269075,20463,19395,410,19805,230
2021-01-02,Modoc,049,8938,271,245,77,322,0
2021-01-02,Mono,051,14174,931,884,11,895,3
2021-01-02,Monterey,053,433212,30562,28991,797,29788,191
2021-01-02,Napa,055,140530,6526,5994,23,6017,29
2021-01-02,Nevada,057,99092,2959,2706,95,2801,15
2021-01-02,Orange,059,3164182,181858,168457,7292,175749,1918
2021-01-02,Placer,061,380077,15856,14182,679,14861,133
2021-01-02,Plumas,063,18699,502,413,10,423,1
2021-01-02,Riverside,065,2383286,207081,192069,9758,201827,2008
2021-01-02,Sacramento,067,1510023,70921,67810,721,68531,858
2021-01-02,San Benito,069,59416,4046,3829,37,3866,28
2021-01-02,San Bernardino,071,2135413,221138,206939,6203,213142,1597
2021-01-02,San Diego,073,3302833,181608,164498,8228,172726,1592
2021-01-02,San Francisco,075,870044,25543,24414,261,24675,194
2021-01-02,San Joaquin,077,732212,49807,47310,1877,49187,662
2021-01-02,San Luis Obispo,079,281455,12665,11467,290,11757,95
2021-01-02,San Mateo,081,765935,28275,25483,137,25620,196
2021-01-02,Santa Barbara,083,443738,20660,18135,596,18731,164
2021-01-02,Santa Clara,085,1922200,78778,73662,321,73983,720
2021-01-02,Santa Cruz,087,273765,10590,9340,420,9760,85
2021-01-02,Shasta,089,179085,8791,8154,807,8961,72
2021-01-02,Sierra,091,2930,35,28,8,36,0
2021-01-02,Siskiyou,093,43540,1092,949,136,1085,3
2021-01-02,Solano,095,438530,21399,19805,220,20025,97
2021-01-02,Sonoma,097,501317,20824,19761,115,19876,194
2021-01-02,Stanislaus,099,539301,37529,35431,3623,39054,553
2021-01-02,Sutter,101,95872,6894,6621,52,6673,53
2021-01-02,Tehama,103,63373,3371,3146,340,3486,9
2021-01-02,Trinity,105,12862,400,243,51,294,2
2021-01-02,Tulare,107,460477,36822,34479,4342,38821,455
2021-01-02,Tuolumne,109,53932,3046,2942,14,2956,13
2021-01-02,Ventura,111,848112,47782,43397,1829,45226,254
2021-01-02,Yolo,113,214977,9358,8571,78,8649,122
2021-01-02,Yuba,115,75493,4199,3930,41,3971,21
2021-01-01,Alameda,001,1643700,57065,53518,1135,54653,579
2021-01-01,Alpine,003,1148,70,68,0,68,0
2021-01-01,Amador,005,37829,2728,2513,20,2533,24
2021-01-01,Butte,007,227075,8394,7589,1006,8595,105
2021-01-01,Calaveras,009,45235,1260,1186,3,1189,21
2021-01-01,Colusa,011,21464,1393,1314,102,1416,7
2021-01-01,Contra Costa,013,1133247,44186,41412,671,42083,351
2021-01-01,Del Norte,015,27424,794,758,2,760,2
2021-01-01,El Dorado,017,186661,6780,5832,361,6193,27
2021-01-01,Fresno,019,978130,73466,67484,5253,72737,717
2021-01-01,Glenn,021,27897,1706,1520,304,1824,9
2021-01-01,Humboldt,023,135768,1944,1783,7,1790,21
2021-01-01,Imperial,025,180216,23814,22715,1649,24364,418
2021-01-01,Inyo,027,18085,737,606,15,621,20
2021-01-01,Kern,029,883053,70834,65571,5758,71329,609
2021-01-01,Kings,031,150075,17159,16358,604,16962,108
2021-01-01,Lake,033,64148,2067,1888,0,1888,24
2021-01-01,Lassen,035,31185,4587,4377,54,4431,1
2021-01-01,Los Angeles,037,10098052,846081,775578,25037,800615,10515
2021-01-01,Madera,039,155013,11645,10752,505,11257,66
2021-01-01,Marin,041,260295,10272,9821,95,9916,148
2021-01-01,Mariposa,043,17540,276,236,3,239,3
2021-01-01,Mendocino,045,87422,2598,2400,28,2428,24
2021-01-01,Merced,047,269075,20279,19118,394,19512,229
2021-01-01,Modoc,049,8938,271,241,77,318,0
2021-01-01,Mono,051,14174,913,884,11,895,3
2021-01-01,Monterey,053,433212,30330,28465,789,29254,191
2021-01-01,Napa,055,140530,6440,5899,23,5922,28
2021-01-01,Nevada,057,99092,2935,2663,95,2758,15
2021-01-01,Orange,059,3164182,179066,165440,7145,172585,1893
2021-01-01,Placer,061,380077,15672,13987,661,14648,133
2021-01-01,Plumas,063,18699,497,412,10,422,1
2021-01-01,Riverside,065,2383286,203950,188674,9497,198171,1990
2021-01-01,Sacramento,067,1510023,70323,66956,703,67659,848
2021-01-01,San Benito,069,59416,4008,3773,37,3810,28
2021-01-01,San Bernardino,071,2135413,218325,203651,6069,209720,1590
2021-01-01,San Diego,073,3302833,178534,160071,8051,168122,1592
2021-01-01,San Francisco,075,870044,25266,24145,250,24395,187
2021-01-01,San Joaquin,077,732212,49521,46640,1830,48470,657
2021-01-01,San Luis Obispo,079,281455,12437,11160,282,11442,94
2021-01-01,San Mateo,081,765935,27827,25041,133,25174,194
2021-01-01,Santa Barbara,083,443738,20341,17759,585,18344,164
2021-01-01,Santa Clara,085,1922200,77514,71904,316,72220,680
2021-01-01,Santa Cruz,087,273765,10410,9146,410,9556,84
2021-01-01,Shasta,089,179085,8710,8102,790,8892,72
2021-01-01,Sierra,091,2930,35,26,8,34,0
2021-01-01,Siskiyou,093,43540,1078,944,131,1075,3
2021-01-01,Solano,095,438530,21187,19393,218,19611,97
2021-01-01,Sonoma,097,501317,20634,19513,115,19628,189
2021-01-01,Stanislaus,099,539301,37252,34978,3554,38532,553
2021-01-01,Sutter,101,95872,6837,6553,51,6604,52
2021-01-01,Tehama,103,63373,3312,3079,332,3411,9
2021-01-01,Trinity,105,12862,400,243,51,294,2
2021-01-01,Tulare,107,460477,36418,33994,4245,38239,454
2021-01-01,Tuolumne,109,53932,3030,2909,14,2923,13
2021-01-01,Ventura,111,848112,46289,42026,1801,43827,253
2021-01-01,Yolo,113,214977,9248,8461,75,8536,120
2021-01-01,Yuba,115,75493,4145,3845,40,3885,19
2020-12-31,Alameda,001,1643700,56524,52475,1100,53575,579
2020-12-31,Alpine,003,1148,70,66,0,66,0
2020-12-31,Amador,005,37829,2714,2493,20,2513,24
2020-12-31,Butte,007,227075,8320,7405,987,8392,105
2020-12-31,Calaveras,009,45235,1249,1161,3,1164,21
2020-12-31,Colusa,011,21464,1385,1301,99,1400,7
2020-12-31,Contra Costa,013,1133247,43809,40512,656,41168,336
2020-12-31,Del Norte,015,27424,793,748,2,750,2
2020-12-31,El Dorado,017,186661,6728,5662,352,6014,26
2020-12-31,Fresno,019,978130,73035,66442,5189,71631,711
2020-12-31,Glenn,021,27897,1686,1484,299,1783,9
2020-12-31,Humboldt,023,135768,1927,1713,7,1720,21
2020-12-31,Imperial,025,180216,23750,22494,1633,24127,417
2020-12-31,Inyo,027,18085,729,591,15,606,20
2020-12-31,Kern,029,883053,70365,64904,5665,70569,609
2020-12-31,Kings,031,150075,17084,16077,596,16673,108
2020-12-31,Lake,033,64148,2055,1848,0,1848,23
2020-12-31,Lassen,035,31185,4581,4340,53,4393,1
2020-12-31,Los Angeles,037,10098052,840774,755844,24563,780407,10320
2020-12-31,Madera,039,155013,11572,10609,495,11104,64
2020-12-31,Marin,041,260295,10230,9731,93,9824,148
2020-12-31,Mariposa,043,17540,274,217,3,220,3
2020-12-31,Mendocino,045,87422,2583,2367,24,2391,24
2020-12-31,Merced,047,269075,20189,18808,384,19192,226
2020-12-31,Modoc,049,8938,271,238,77,315,0
2020-12-31,Mono,051,14174,906,868,11,879,3
2020-12-31,Monterey,053,433212,30127,27720,777,28497,188
2020-12-31,Napa,055,140530,6377,5801,23,5824,28
2020-12-31,Nevada,057,99092,2912,2619,93,2712,15
2020-12-31,Orange,059,3164182,177183,161586,7012,168598,1866
2020-12-31,Placer,061,380077,15516,13708,658,14366,126
2020-12-31,Plumas,063,18699,492,401,9,410,1
2020-12-31,Riverside,065,2383286,202317,184193,9364,193557,1958
2020-12-31,Sacramento,067,1510023,69803,65817,692,66509,830
2020-12-31,San Benito,069,59416,3985,3673,37,3710,28
2020-12-31,San Bernardino,071,2135413,216746,199115,5999,205114,1586
2020-12-31,San Diego,073,3302833,176770,155593,7953,163546,1534
2020-12-31,San Francisco,075,870044,25039,23740,242,23982,183
2020-12-31,San Joaquin,077,732212,49211,45764,1792,47556,646
2020-12-31,San Luis Obispo,079,281455,12323,10846,282,11128,89
2020-12-31,San Mateo,081,765935,27498,24570,127,24697,192
2020-12-31,Santa Barbara,083,443738,20098,17434,578,18012,161
2020-12-31,Santa Clara,085,1922200,76736,70032,310,70342,665
2020-12-31,Santa Cruz,087,273765,10293,8909,398,9307,84
2020-12-31,Shasta,089,179085,8644,7996,779,8775,69
2020-12-31,Sierra,091,2930,35,26,8,34,0
2020-12-31,Siskiyou,093,43540,1062,940,128,1068,3
2020-12-31,Solano,095,438530,20958,18942,217,19159,97
2020-12-31,Sonoma,097,501317,20518,19129,114,19243,188
2020-12-31,Stanislaus,099,539301,36953,34398,3500,37898,552
2020-12-31,Sutter,101,95872,6807,6432,51,6483,51
2020-12-31,Tehama,103,63373,3280,3036,331,3367,9
2020-12-31,Trinity,105,12862,399,241,51,292,2
2020-12-31,Tulare,107,460477,36250,33412,4183,37595,446
2020-12-31,Tuolumne,109,53932,3021,2902,14,2916,12
2020-12-31,Ventura,111,848112,45779,40854,1784,42638,251
2020-12-31,Yolo,113,214977,9163,8295,74,8369,117
2020-12-31,Yuba,115,75493,4104,3799,39,3838,18
2020-12-30,Alameda,001,1643700,55760,50158,1049,51207,573
2020-12-30,Alpine,003,1148,70,66,0,66,0
2020-12-30,Amador,005,37829,2694,2418,19,2437,24
2020-12-30,Butte,007,227075,8160,7140,970,8110,103
2020-12-30,Calaveras,009,45235,1224,1135,3,1138,21
2020-12-30,Colusa,011,21464,1369,1289,93,1382,7
2020-12-30,Contra Costa,013,1133247,43226,39601,644,40245,337
2020-12-30,Del Norte,015,27424,788,726,2,728,2
2020-12-30,El Dorado,017,186661,6627,5595,340,5935,27
2020-12-30,Fresno,019,978130,72190,65566,5029,70595,711
2020-12-30,Glenn,021,27897,1657,1471,286,1757,9
2020-12-30,Humboldt,023,135768,1893,1654,7,1661,22
2020-12-30,Imperial,025,180216,23583,22098,1556,23654,412
2020-12-30,Inyo,027,18085,722,572,15,587,20
2020-12-30,Kern,029,883053,69638,63292,5519,68811,604
2020-12-30,Kings,031,150075,16965,15862,588,16450,108
2020-12-30,Lake,033,64148,2032,1731,0,1731,23
2020-12-30,Lassen,035,31185,4572,4300,53,4353,1
2020-12-30,Los Angeles,037,10098052,829904,741907,23857,765764,10046
2020-12-30,Madera,039,155013,11462,10249,484,10733,65
2020-12-30,Marin,041,260295,10141,9569,86,9655,148
2020-12-30,Mariposa,043,17540,270,214,3,217,3
2020-12-30,Mendocino,045,87422,2565,2291,21,2312,24
2020-12-30,Merced,047,269075,19898,18519,374,18893,225
2020-12-30,Modoc,049,8938,268,234,77,311,0
2020-12-30,Mono,051,14174,903,868,11,879,3
2020-12-30,Monterey,053,433212,29510,26977,755,27732,186
2020-12-30,Napa,055,140530,6271,5754,23,5777,28
2020-12-30,Nevada,057,99092,2877,2595,91,2686,15
2020-12-30,Orange,059,3164182,174522,153951,6821,160772,1863
2020-12-30,Placer,061,380077,15288,13540,646,14186,127
2020-12-30,Plumas,063,18699,487,397,9,406,1
2020-12-30,Riverside,065,2383286,199370,176402,9176,185578,1919
2020-12-30,Sacramento,067,1510023,68939,64119,674,64793,847
2020-12-30,San Benito,069,59416,3904,3464,33,3497,29
2020-12-30,San Bernardino,071,2135413,214178,192648,5912,198560,1591
2020-12-30,San Diego,073,3302833,173134,152510,7781,160291,1472
2020-12-30,San Francisco,075,870044,24746,23099,237,23336,182
2020-12-30,San Joaquin,077,732212,48521,44465,1750,46215,634
2020-12-30,San Luis Obispo,079,281455,12055,10542,274,10816,89
2020-12-30,San Mateo,081,765935,27068,24150,123,24273,190
2020-12-30,Santa Barbara,083,443738,19707,16895,554,17449,161
2020-12-30,Santa Clara,085,1922200,75476,67218,306,67524,661
2020-12-30,Santa Cruz,087,273765,10096,8787,389,9176,86
2020-12-30,Shasta,089,179085,8531,7818,765,8583,69
2020-12-30,Sierra,091,2930,35,25,8,33,0
2020-12-30,Siskiyou,093,43540,1055,913,119,1032,3
2020-12-30,Solano,095,438530,20566,18300,214,18514,96
2020-12-30,Sonoma,097,501317,20260,18947,114,19061,191
2020-12-30,Stanislaus,099,539301,36476,33730,3425,37155,526
2020-12-30,Sutter,101,95872,6744,6328,49,6377,51
2020-12-30,Tehama,103,63373,3236,2969,327,3296,9
2020-12-30,Trinity,105,12862,398,231,50,281,2
2020-12-30,Tulare,107,460477,35698,32413,4117,36530,430
2020-12-30,Tuolumne,109,53932,3010,2772,12,2784,12
2020-12-30,Ventura,111,848112,44491,39039,1760,40799,251
2020-12-30,Yolo,113,214977,9055,8067,72,8139,117
2020-12-30,Yuba,115,75493,4033,3612,39,3651,18
2020-12-29,Alameda,001,1643700,54698,50946,1014,51960,552
2020-12-29,Alpine,003,1148,70,65,0,65,0
2020-12-29,Amador,005,37829,2642,2388,18,2406,23
2020-12-29,Butte,007,227075,7987,7178,948,8126,98
2020-12-29,Calaveras,009,45235,1179,1111,2,1113,21
2020-12-29,Colusa,011,21464,1348,1272,88,1360,7
2020-12-29,Contra Costa,013,1133247,42422,39225,613,39838,325
2020-12-29,Del Norte,015,27424,781,724,2,726,2
2020-12-29,El Dorado,017,186661,6498,5551,326,5877,22
2020-12-29,Fresno,019,978130,70814,65149,4871,70020,688
2020-12-29,Glenn,021,27897,1623,1454,279,1733,9
2020-12-29,Humboldt,023,135768,1847,1616,7,1623,19
2020-12-29,Imperial,025,180216,23375,22105,1466,23571,407
2020-12-29,Inyo,027,18085,705,571,15,586,19
2020-12-29,Kern,029,883053,68477,63096,5341,68437,589
2020-12-29,Kings,031,150075,16796,15777,576,16353,108
2020-12-29,Lake,033,64148,2000,1805,0,1805,22
2020-12-29,Lassen,035,31185,4557,4288,53,4341,1
2020-12-29,Los Angeles,037,10098052,809739,731907,22977,754884,9786
2020-12-29,Madera,039,155013,11148,10251,469,10720,64
2020-12-29,Marin,041,260295,9990,9595,83,9678,146
2020-12-29,Mariposa,043,17540,262,212,3,215,3
2020-12-29,Mendocino,045,87422,2522,2249,20,2269,24
2020-12-29,Merced,047,269075,19547,18464,359,18823,221
2020-12-29,Modoc,049,8938,265,232,77,309,0
2020-12-29,Mono,051,14174,894,868,11,879,3
2020-12-29,Monterey,053,433212,28871,26894,727,27621,185
2020-12-29,Napa,055,140530,6151,5663,23,5686,28
2020-12-29,Nevada,057,99092,2829,2550,90,2640,15
2020-12-29,Orange,059,3164182,170730,154411,6651,161062,1839
2020-12-29,Placer,061,380077,15077,13392,624,14016,126
2020-12-29,Plumas,063,18699,478,395,9,404,1
2020-12-29,Riverside,065,2383286,194772,177624,8919,186543,1904
2020-12-29,Sacramento,067,1510023,67893,65078,660,65738,820
2020-12-29,San Benito,069,59416,3785,3474,32,3506,25
2020-12-29,San Bernardino,071,2135413,209358,190476,5774,196250,1557
2020-12-29,San Diego,073,3302833,168910,150062,7551,157613,1435
2020-12-29,San Francisco,075,870044,24406,22996,229,23225,178
2020-12-29,San Joaquin,077,732212,47600,44699,1693,46392,622
2020-12-29,San Luis Obispo,079,281455,11760,10387,266,10653,80
2020-12-29,San Mateo,081,765935,26524,23773,111,23884,189
2020-12-29,Santa Barbara,083,443738,19246,16797,528,17325,155
2020-12-29,Santa Clara,085,1922200,73924,67581,303,67884,621
2020-12-29,Santa Cruz,087,273765,9826,8492,380,8872,84
2020-12-29,Shasta,089,179085,8426,7782,750,8532,65
2020-12-29,Sierra,091,2930,33,24,7,31,0
2020-12-29,Siskiyou,093,43540,1040,926,117,1043,3
2020-12-29,Solano,095,438530,20183,18412,209,18621,96
2020-12-29,Sonoma,097,501317,19924,18790,112,18902,187
2020-12-29,Stanislaus,099,539301,35974,33775,3362,37137,508
2020-12-29,Sutter,101,95872,6676,6302,49,6351,50
2020-12-29,Tehama,103,63373,3167,2962,312,3274,9
2020-12-29,Trinity,105,12862,397,241,50,291,2
2020-12-29,Tulare,107,460477,35036,32545,3983,36528,419
2020-12-29,Tuolumne,109,53932,2969,2797,12,2809,12
2020-12-29,Ventura,111,848112,43238,38669,1734,40403,235
2020-12-29,Yolo,113,214977,8926,8124,70,8194,111
2020-12-29,Yuba,115,75493,3951,3723,39,3762,18
2020-12-28,Alameda,001,1643700,53663,50405,992,51397,551
2020-12-28,Alpine,003,1148,69,65,0,65,0
2020-12-28,Amador,005,37829,2572,2255,18,2273,23
2020-12-28,Butte,007,227075,7820,7053,918,7971,86
2020-12-28,Calaveras,009,45235,1156,1102,2,1104,21
2020-12-28,Colusa,011,21464,1323,1255,74,1329,7
2020-12-28,Contra Costa,013,1133247,41488,38872,586,39458,324
2020-12-28,Del Norte,015,27424,771,718,2,720,2
2020-12-28,El Dorado,017,186661,6342,5441,314,5755,18
2020-12-28,Fresno,019,978130,69542,64274,4718,68992,679
2020-12-28,Glenn,021,27897,1589,1435,267,1702,9
2020-12-28,Humboldt,023,135768,1812,1579,7,1586,19
2020-12-28,Imperial,025,180216,23116,22003,1389,23392,405
2020-12-28,Inyo,027,18085,698,569,15,584,19
2020-12-28,Kern,029,883053,67411,62392,5136,67528,579
2020-12-28,Kings,031,150075,16579,15733,559,16292,108
2020-12-28,Lake,033,64148,1959,1785,0,1785,22
2020-12-28,Lassen,035,31185,4450,4284,52,4336,1
2020-12-28,Los Angeles,037,10098052,787424,720699,22150,742849,9544
2020-12-28,Madera,039,155013,10974,10123,445,10568,64
2020-12-28,Marin,041,260295,9882,9546,77,9623,145
2020-12-28,Mariposa,043,17540,238,211,3,214,3
2020-12-28,Mendocino,045,87422,2487,2214,20,2234,23
2020-12-28,Merced,047,269075,19227,18245,341,18586,213
2020-12-28,Modoc,049,8938,260,220,76,296,0
2020-12-28,Mono,051,14174,890,848,11,859,3
2020-12-28,Monterey,053,433212,28032,26529,715,27244,182
2020-12-28,Napa,055,140530,6042,5576,23,5599,26
2020-12-28,Nevada,057,99092,2781,2532,86,2618,15
2020-12-28,Orange,059,3164182,166624,152089,6472,158561,1839
2020-12-28,Placer,061,380077,14738,13234,597,13831,126
2020-12-28,Plumas,063,18699,474,391,9,400,0
2020-12-28,Riverside,065,2383286,189883,174029,8621,182650,1855
2020-12-28,Sacramento,067,1510023,66661,64322,635,64957,813
2020-12-28,San Benito,069,59416,3716,3429,31,3460,24
2020-12-28,San Bernardino,071,2135413,204261,188919,5657,194576,1552
2020-12-28,San Diego,073,3302833,164166,147528,7369,154897,1404
2020-12-28,San Francisco,075,870044,24046,22726,223,22949,178
2020-12-28,San Joaquin,077,732212,46667,44172,1661,45833,618
2020-12-28,San Luis Obispo,079,281455,11409,10260,262,10522,76
2020-12-28,San Mateo,081,765935,26050,23467,108,23575,189
2020-12-28,Santa Barbara,083,443738,18786,16579,516,17095,155
2020-12-28,Santa Clara,085,1922200,72439,66418,296,66714,619
2020-12-28,Santa Cruz,087,273765,9558,8310,370,8680,81
2020-12-28,Shasta,089,179085,8307,7688,737,8425,65
2020-12-28,Sierra,091,2930,30,24,7,31,0
2020-12-28,Siskiyou,093,43540,1025,915,111,1026,3
2020-12-28,Solano,095,438530,19611,18171,203,18374,96
2020-12-28,Sonoma,097,501317,19578,18667,110,18777,185
2020-12-28,Stanislaus,099,539301,35427,33473,3296,36769,507
2020-12-28,Sutter,101,95872,6593,6253,49,6302,49
2020-12-28,Tehama,103,63373,3114,2934,303,3237,9
2020-12-28,Trinity,105,12862,395,240,50,290,2
2020-12-28,Tulare,107,460477,34353,32010,3870,35880,404
2020-12-28,Tuolumne,109,53932,2952,2777,12,2789,12
2020-12-28,Ventura,111,848112,41569,37151,1687,38838,230
2020-12-28,Yolo,113,214977,8771,8031,69,8100,111
2020-12-28,Yuba,115,75493,3891,3679,38,3717,18
2020-12-27,Alameda,001,1643700,52419,49764,964,50728,551
2020-12-27,Alpine,003,1148,67,65,0,65,0
2020-12-27,Amador,005,37829,2451,2218,18,2236,23
2020-12-27,Butte,007,227075,7665,7016,882,7898,86
2020-12-27,Calaveras,009,45235,1109,1097,2,1099,21
2020-12-27,Colusa,011,21464,1298,1253,71,1324,7
2020-12-27,Contra Costa,013,1133247,40559,38428,557,38985,324
2020-12-27,Del Norte,015,27424,748,712,2,714,2
2020-12-27,El Dorado,017,186661,6128,5388,288,5676,18
2020-12-27,Fresno,019,978130,68294,63811,4506,68317,679
2020-12-27,Glenn,021,27897,1562,1434,252,1686,9
2020-12-27,Humboldt,023,135768,1768,1575,7,1582,17
2020-12-27,Imperial,025,180216,22822,21934,1271,23205,405
2020-12-27,Inyo,027,18085,676,565,15,580,18
2020-12-27,Kern,029,883053,66134,61914,4967,66881,568
2020-12-27,Kings,031,150075,16343,15593,524,16117,108
2020-12-27,Lake,033,64148,1903,1769,0,1769,22
2020-12-27,Lassen,035,31185,4373,4230,45,4275,1
2020-12-27,Los Angeles,037,10098052,765972,707260,21236,728496,9476
2020-12-27,Madera,039,155013,10716,10005,435,10440,64
2020-12-27,Marin,041,260295,9759,9477,71,9548,144
2020-12-27,Mariposa,043,17540,231,208,3,211,3
2020-12-27,Mendocino,045,87422,2440,2209,20,2229,23
2020-12-27,Merced,047,269075,18859,18075,325,18400,213
2020-12-27,Modoc,049,8938,251,221,72,293,0
2020-12-27,Mono,051,14174,871,849,11,860,3
2020-12-27,Monterey,053,433212,27484,26322,698,27020,181
2020-12-27,Napa,055,140530,5908,5496,23,5519,26
2020-12-27,Nevada,057,99092,2745,2519,86,2605,15
2020-12-27,Orange,059,3164182,162233,149276,6282,155558,1839
2020-12-27,Placer,061,380077,14441,13017,565,13582,126
2020-12-27,Plumas,063,18699,468,390,9,399,0
2020-12-27,Riverside,065,2383286,184974,171995,8308,180303,1836
2020-12-27,Sacramento,067,1510023,65455,63416,611,64027,811
2020-12-27,San Benito,069,59416,3630,3394,31,3425,24
2020-12-27,San Bernardino,071,2135413,199188,186776,5517,192293,1551
2020-12-27,San Diego,073,3302833,159759,145777,7182,152959,1402
2020-12-27,San Francisco,075,870044,23699,22514,214,22728,178
2020-12-27,San Joaquin,077,732212,45630,43529,1610,45139,618
2020-12-27,San Luis Obispo,079,281455,11002,10154,257,10411,76
2020-12-27,San Mateo,081,765935,25484,23136,104,23240,187
2020-12-27,Santa Barbara,083,443738,18266,16364,488,16852,155
2020-12-27,Santa Clara,085,1922200,70821,65288,291,65579,619
2020-12-27,Santa Cruz,087,273765,9292,8234,361,8595,81
2020-12-27,Shasta,089,179085,8183,7671,713,8384,65
2020-12-27,Sierra,091,2930,30,24,6,30,0
2020-12-27,Siskiyou,093,43540,1015,914,106,1020,3
2020-12-27,Solano,095,438530,19117,17840,197,18037,96
2020-12-27,Sonoma,097,501317,19289,18487,109,18596,185
2020-12-27,Stanislaus,099,539301,34825,33076,3201,36277,506
2020-12-27,Sutter,101,95872,6511,6218,47,6265,48
2020-12-27,Tehama,103,63373,3046,2922,286,3208,9
2020-12-27,Trinity,105,12862,389,240,48,288,2
2020-12-27,Tulare,107,460477,33756,31864,3750,35614,400
2020-12-27,Tuolumne,109,53932,2845,2750,10,2760,12
2020-12-27,Ventura,111,848112,40506,36661,1633,38294,230
2020-12-27,Yolo,113,214977,8581,7919,63,7982,111
2020-12-27,Yuba,115,75493,3827,3665,36,3701,18
2020-12-26,Alameda,001,1643700,51808,49084,951,50035,551
2020-12-26,Alpine,003,1148,67,65,0,65,0
2020-12-26,Amador,005,37829,2437,2189,18,2207,23
2020-12-26,Butte,007,227075,7570,6968,860,7828,86
2020-12-26,Calaveras,009,45235,1103,1084,2,1086,21
2020-12-26,Colusa,011,21464,1288,1240,71,1311,7
2020-12-26,Contra Costa,013,1133247,40095,38008,543,38551,324
2020-12-26,Del Norte,015,27424,742,709,2,711,2
2020-12-26,El Dorado,017,186661,6073,5279,284,5563,18
2020-12-26,Fresno,019,978130,67823,63080,4442,67522,679
2020-12-26,Glenn,021,27897,1541,1413,246,1659,9
2020-12-26,Humboldt,023,135768,1730,1545,7,1552,17
2020-12-26,Imperial,025,180216,22732,21734,1218,22952,405
2020-12-26,Inyo,027,18085,663,554,15,569,18
2020-12-26,Kern,029,883053,65465,61174,4809,65983,564
2020-12-26,Kings,031,150075,16225,15517,519,16036,108
2020-12-26,Lake,033,64148,1860,1710,0,1710,22
2020-12-26,Lassen,035,31185,4352,3981,45,4026,1
2020-12-26,Los Angeles,037,10098052,757450,694149,20719,714868,9424
2020-12-26,Madera,039,155013,10639,9908,423,10331,64
2020-12-26,Marin,041,260295,9724,9413,70,9483,143
2020-12-26,Mariposa,043,17540,230,206,3,209,3
2020-12-26,Mendocino,045,87422,2394,2194,20,2214,23
2020-12-26,Merced,047,269075,18701,17890,320,18210,213
2020-12-26,Modoc,049,8938,248,222,72,294,0
2020-12-26,Mono,051,14174,865,850,11,861,3
2020-12-26,Monterey,053,433212,27351,26010,689,26699,182
2020-12-26,Napa,055,140530,5850,5427,23,5450,26
2020-12-26,Nevada,057,99092,2717,2480,86,2566,15
2020-12-26,Orange,059,3164182,160035,147304,6186,153490,1838
2020-12-26,Placer,061,380077,14271,12816,550,13366,122
2020-12-26,Plumas,063,18699,465,381,9,390,0
2020-12-26,Riverside,065,2383286,182490,169360,8145,177505,1834
2020-12-26,Sacramento,067,1510023,64832,62435,601,63036,807
2020-12-26,San Benito,069,59416,3557,3330,31,3361,24
2020-12-26,San Bernardino,071,2135413,197522,185111,5432,190543,1551
2020-12-26,San Diego,073,3302833,157234,142644,7035,149679,1402
2020-12-26,San Francisco,075,870044,23464,22319,213,22532,177
2020-12-26,San Joaquin,077,732212,45243,42887,1561,44448,618
2020-12-26,San Luis Obispo,079,281455,10915,9945,252,10197,76
2020-12-26,San Mateo,081,765935,25145,22908,99,23007,187
2020-12-26,Santa Barbara,083,443738,18029,16159,482,16641,155
2020-12-26,Santa Clara,085,1922200,69754,64185,288,64473,618
2020-12-26,Santa Cruz,087,273765,9166,8113,352,8465,81
2020-12-26,Shasta,089,179085,8124,7641,700,8341,65
2020-12-26,Sierra,091,2930,30,24,6,30,0
2020-12-26,Siskiyou,093,43540,1008,909,102,1011,2
2020-12-26,Solano,095,438530,18872,17528,197,17725,96
2020-12-26,Sonoma,097,501317,19089,18261,107,18368,184
2020-12-26,Stanislaus,099,539301,34535,32678,3150,35828,505
2020-12-26,Sutter,101,95872,6452,6121,47,6168,48
2020-12-26,Tehama,103,63373,3019,2884,281,3165,9
2020-12-26,Trinity,105,12862,387,237,47,284,2
2020-12-26,Tulare,107,460477,33456,31665,3695,35360,398
2020-12-26,Tuolumne,109,53932,2834,2703,10,2713,12
2020-12-26,Ventura,111,848112,39541,36064,1602,37666,230
2020-12-26,Yolo,113,214977,8479,7785,61,7846,111
2020-12-26,Yuba,115,75493,3799,3599,36,3635,18
2020-12-25,Alameda,001,1643700,51245,48365,936,49301,542
2020-12-25,Alpine,003,1148,67,64,0,64,0
2020-12-25,Amador,005,37829,2394,2172,18,2190,23
2020-12-25,Butte,007,227075,7471,6873,840,7713,85
2020-12-25,Calaveras,009,45235,1100,1062,2,1064,21
2020-12-25,Colusa,011,21464,1276,1219,70,1289,7
2020-12-25,Contra Costa,013,1133247,39627,37480,517,37997,324
2020-12-25,Del Norte,015,27424,739,692,2,694,2
2020-12-25,El Dorado,017,186661,6008,5170,271,5441,16
2020-12-25,Fresno,019,978130,66959,62251,4358,66609,679
2020-12-25,Glenn,021,27897,1525,1390,238,1628,9
2020-12-25,Humboldt,023,135768,1690,1532,7,1539,16
2020-12-25,Imperial,025,180216,22639,21646,1205,22851,405
2020-12-25,Inyo,027,18085,654,546,15,561,18
2020-12-25,Kern,029,883053,64737,60417,4661,65078,562
2020-12-25,Kings,031,150075,16114,15460,515,15975,108
2020-12-25,Lake,033,64148,1840,1669,0,1669,20
2020-12-25,Lassen,035,31185,4337,3926,45,3971,1
2020-12-25,Los Angeles,037,10098052,743824,665600,20026,685626,9292
2020-12-25,Madera,039,155013,10471,9770,415,10185,64
2020-12-25,Marin,041,260295,9674,9375,67,9442,143
2020-12-25,Mariposa,043,17540,224,203,3,206,3
2020-12-25,Mendocino,045,87422,2352,2176,20,2196,23
2020-12-25,Merced,047,269075,18540,17726,313,18039,213
2020-12-25,Modoc,049,8938,247,221,72,293,0
2020-12-25,Mono,051,14174,863,843,11,854,3
2020-12-25,Monterey,053,433212,27077,25788,680,26468,182
2020-12-25,Napa,055,140530,5770,5351,23,5374,26
2020-12-25,Nevada,057,99092,2691,2458,84,2542,15
2020-12-25,Orange,059,3164182,157351,144542,5993,150535,1814
2020-12-25,Placer,061,380077,14086,12660,527,13187,122
2020-12-25,Plumas,063,18699,458,381,9,390,0
2020-12-25,Riverside,065,2383286,179205,166690,7828,174518,1825
2020-12-25,Sacramento,067,1510023,64141,61630,574,62204,796
2020-12-25,San Benito,069,59416,3517,3281,29,3310,24
2020-12-25,San Bernardino,071,2135413,194887,181812,5316,187128,1546
2020-12-25,San Diego,073,3302833,154753,139958,6858,146816,1402
2020-12-25,San Francisco,075,870044,23188,22130,208,22338,175
2020-12-25,San Joaquin,077,732212,44937,42089,1506,43595,614
2020-12-25,San Luis Obispo,079,281455,10732,9749,245,9994,76
2020-12-25,San Mateo,081,765935,24822,22568,97,22665,187
2020-12-25,Santa Barbara,083,443738,17804,15936,475,16411,155
2020-12-25,Santa Clara,085,1922200,68641,63173,279,63452,612
2020-12-25,Santa Cruz,087,273765,9026,8018,328,8346,81
2020-12-25,Shasta,089,179085,8051,7612,677,8289,65
2020-12-25,Sierra,091,2930,30,24,5,29,0
2020-12-25,Siskiyou,093,43540,1002,905,99,1004,2
2020-12-25,Solano,095,438530,18700,17280,195,17475,96
2020-12-25,Sonoma,097,501317,18913,18035,105,18140,184
2020-12-25,Stanislaus,099,539301,34242,32290,3103,35393,498
2020-12-25,Sutter,101,95872,6393,6051,46,6097,47
2020-12-25,Tehama,103,63373,2971,2839,267,3106,9
2020-12-25,Trinity,105,12862,383,236,47,283,2
2020-12-25,Tulare,107,460477,33071,31323,3627,34950,398
2020-12-25,Tuolumne,109,53932,2815,2674,10,2684,12
2020-12-25,Ventura,111,848112,38388,35514,1552,37066,230
2020-12-25,Yolo,113,214977,8382,7700,59,7759,111
2020-12-25,Yuba,115,75493,3763,3549,35,3584,17
2020-12-24,Alameda,001,1643700,50905,47527,916,48443,541
2020-12-24,Alpine,003,1148,67,64,0,64,0
2020-12-24,Amador,005,37829,2382,2145,18,2163,23
2020-12-24,Butte,007,227075,7432,6716,826,7542,84
2020-12-24,Calaveras,009,45235,1097,1032,2,1034,21
2020-12-24,Colusa,011,21464,1271,1188,69,1257,7
2020-12-24,Contra Costa,013,1133247,39382,36623,506,37129,311
2020-12-24,Del Norte,015,27424,739,678,2,680,2
2020-12-24,El Dorado,017,186661,5982,5042,263,5305,16
2020-12-24,Fresno,019,978130,66736,61435,4344,65779,663
2020-12-24,Glenn,021,27897,1514,1363,230,1593,9
2020-12-24,Humboldt,023,135768,1667,1516,7,1523,16
2020-12-24,Imperial,025,180216,22590,21545,1196,22741,402
2020-12-24,Inyo,027,18085,652,532,15,547,17
2020-12-24,Kern,029,883053,64450,59601,4648,64249,556
2020-12-24,Kings,031,150075,16074,15211,514,15725,108
2020-12-24,Lake,033,64148,1825,1629,0,1629,20
2020-12-24,Lassen,035,31185,4324,3894,45,3939,1
2020-12-24,Los Angeles,037,10098052,739672,664840,19764,684604,9288
2020-12-24,Madera,039,155013,10433,9547,408,9955,63
2020-12-24,Marin,041,260295,9640,9287,67,9354,143
2020-12-24,Mariposa,043,17540,220,197,3,200,3
2020-12-24,Mendocino,045,87422,2341,2150,19,2169,23
2020-12-24,Merced,047,269075,18469,17485,309,17794,212
2020-12-24,Modoc,049,8938,247,220,71,291,0
2020-12-24,Mono,051,14174,861,817,11,828,3
2020-12-24,Monterey,053,433212,26969,25131,673,25804,180
2020-12-24,Napa,055,140530,5715,5265,23,5288,26
2020-12-24,Nevada,057,99092,2667,2429,84,2513,15
2020-12-24,Orange,059,3164182,155872,141205,5942,147147,1775
2020-12-24,Placer,061,380077,13997,12457,520,12977,121
2020-12-24,Plumas,063,18699,455,376,9,385,0
2020-12-24,Riverside,065,2383286,178273,162435,7789,170224,1816
2020-12-24,Sacramento,067,1510023,63867,60596,572,61168,788
2020-12-24,San Benito,069,59416,3486,3183,29,3212,24
2020-12-24,San Bernardino,071,2135413,193857,176866,5282,182148,1533
2020-12-24,San Diego,073,3302833,153669,136952,6826,143778,1382
2020-12-24,San Francisco,075,870044,23020,21830,205,22035,175
2020-12-24,San Joaquin,077,732212,44775,41324,1488,42812,611
2020-12-24,San Luis Obispo,079,281455,10664,9504,243,9747,77
2020-12-24,San Mateo,081,765935,24625,22093,97,22190,186
2020-12-24,Santa Barbara,083,443738,17699,15644,467,16111,153
2020-12-24,Santa Clara,085,1922200,68035,61742,272,62014,591
2020-12-24,Santa Cruz,087,273765,8955,7856,316,8172,82
2020-12-24,Shasta,089,179085,8010,7540,659,8199,65
2020-12-24,Sierra,091,2930,27,23,2,25,0
2020-12-24,Siskiyou,093,43540,997,900,93,993,2
2020-12-24,Solano,095,438530,18559,16872,190,17062,96
2020-12-24,Sonoma,097,501317,18815,17710,105,17815,183
2020-12-24,Stanislaus,099,539301,34047,31848,3078,34926,498
2020-12-24,Sutter,101,95872,6352,5960,45,6005,47
2020-12-24,Tehama,103,63373,2955,2779,266,3045,9
2020-12-24,Trinity,105,12862,382,235,47,282,2
2020-12-24,Tulare,107,460477,32953,30827,3600,34427,390
2020-12-24,Tuolumne,109,53932,2806,2653,10,2663,12
2020-12-24,Ventura,111,848112,38108,34400,1545,35945,224
2020-12-24,Yolo,113,214977,8340,7566,59,7625,113
2020-12-24,Yuba,115,75493,3738,3483,35,3518,16
2020-12-23,Alameda,001,1643700,50334,46753,888,47641,537
2020-12-23,Alpine,003,1148,67,64,0,64,0
2020-12-23,Amador,005,37829,2313,2108,17,2125,23
2020-12-23,Butte,007,227075,7345,6588,798,7386,84
2020-12-23,Calaveras,009,45235,1089,1002,1,1003,21
2020-12-23,Colusa,011,21464,1260,1167,69,1236,7
2020-12-23,Contra Costa,013,1133247,38984,36190,493,36683,311
2020-12-23,Del Norte,015,27424,732,670,2,672,2
2020-12-23,El Dorado,017,186661,5908,4967,254,5221,14
2020-12-23,Fresno,019,978130,66128,60488,4278,64766,654
2020-12-23,Glenn,021,27897,1500,1349,226,1575,9
2020-12-23,Humboldt,023,135768,1642,1458,7,1465,16
2020-12-23,Imperial,025,180216,22495,21323,1166,22489,399
2020-12-23,Inyo,027,18085,640,517,15,532,17
2020-12-23,Kern,029,883053,63933,58656,4553,63209,549
2020-12-23,Kings,031,150075,15996,14923,511,15434,105
2020-12-23,Lake,033,64148,1811,1595,0,1595,20
2020-12-23,Lassen,035,31185,4314,3865,42,3907,1
2020-12-23,Los Angeles,037,10098052,730646,651958,19222,671180,9146
2020-12-23,Madera,039,155013,10274,9371,394,9765,63
2020-12-23,Marin,041,260295,9582,9199,64,9263,142
2020-12-23,Mariposa,043,17540,218,194,3,197,3
2020-12-23,Mendocino,045,87422,2329,2121,19,2140,23
2020-12-23,Merced,047,269075,18313,17250,302,17552,203
2020-12-23,Modoc,049,8938,243,197,70,267,0
2020-12-23,Mono,051,14174,859,814,11,825,3
2020-12-23,Monterey,053,433212,26671,24856,667,25523,176
2020-12-23,Napa,055,140530,5647,5172,23,5195,25
2020-12-23,Nevada,057,99092,2622,2406,83,2489,15
2020-12-23,Orange,059,3164182,153419,138050,5775,143825,1771
2020-12-23,Placer,061,380077,13789,12213,512,12725,111
2020-12-23,Plumas,063,18699,448,369,9,378,0
2020-12-23,Riverside,065,2383286,176005,158110,7629,165739,1790
2020-12-23,Sacramento,067,1510023,63219,59661,557,60218,779
2020-12-23,San Benito,069,59416,3432,3073,27,3100,24
2020-12-23,San Bernardino,071,2135413,191823,172888,5213,178101,1509
2020-12-23,San Diego,073,3302833,151242,134695,6690,141385,1350
2020-12-23,San Francisco,075,870044,22797,21498,202,21700,174
2020-12-23,San Joaquin,077,732212,44250,35664,1445,37109,602
2020-12-23,San Luis Obispo,079,281455,10522,9267,238,9505,74
2020-12-23,San Mateo,081,765935,24323,21780,95,21875,186
2020-12-23,Santa Barbara,083,443738,17491,15399,438,15837,152
2020-12-23,Santa Clara,085,1922200,67127,60455,267,60722,579
2020-12-23,Santa Cruz,087,273765,8795,7637,298,7935,75
2020-12-23,Shasta,089,179085,7937,7487,652,8139,66
2020-12-23,Sierra,091,2930,27,23,0,23,0
2020-12-23,Siskiyou,093,43540,976,891,91,982,2
2020-12-23,Solano,095,438530,18351,16626,185,16811,95
2020-12-23,Sonoma,097,501317,18611,17397,105,17502,182
2020-12-23,Stanislaus,099,539301,33705,31492,3024,34516,499
2020-12-23,Sutter,101,95872,6286,5871,45,5916,46
2020-12-23,Tehama,103,63373,2938,2737,262,2999,9
2020-12-23,Trinity,105,12862,382,234,46,280,2
2020-12-23,Tulare,107,460477,32661,30315,3560,33875,385
2020-12-23,Tuolumne,109,53932,2766,2540,10,2550,12
2020-12-23,Ventura,111,848112,37713,33377,1514,34891,216
2020-12-23,Yolo,113,214977,8262,7508,58,7566,112
2020-12-23,Yuba,115,75493,3686,3438,35,3473,14
2020-12-22,Alameda,001,1643700,49449,45751,856,46607,534
2020-12-22,Alpine,003,1148,67,64,0,64,0
2020-12-22,Amador,005,37829,2302,1839,17,1856,23
2020-12-22,Butte,007,227075,7217,6467,783,7250,85
2020-12-22,Calaveras,009,45235,1062,988,0,988,21
2020-12-22,Colusa,011,21464,1237,1150,65,1215,7
2020-12-22,Contra Costa,013,1133247,38357,35681,481,36162,301
2020-12-22,Del Norte,015,27424,726,666,2,668,2
2020-12-22,El Dorado,017,186661,5785,4885,241,5126,12
2020-12-22,Fresno,019,978130,65096,59640,4170,63810,640
2020-12-22,Glenn,021,27897,1477,1337,215,1552,9
2020-12-22,Humboldt,023,135768,1608,1440,7,1447,16
2020-12-22,Imperial,025,180216,22306,21128,1123,22251,398
2020-12-22,Inyo,027,18085,620,506,15,521,17
2020-12-22,Kern,029,883053,62982,57816,4410,62226,547
2020-12-22,Kings,031,150075,15856,14855,505,15360,102
2020-12-22,Lake,033,64148,1788,1569,0,1569,20
2020-12-22,Lassen,035,31185,4172,3848,40,3888,1
2020-12-22,Los Angeles,037,10098052,713416,635931,18519,654450,9013
2020-12-22,Madera,039,155013,10157,9187,378,9565,63
2020-12-22,Marin,041,260295,9518,9115,63,9178,142
2020-12-22,Mariposa,043,17540,215,194,3,197,3
2020-12-22,Mendocino,045,87422,2296,2092,19,2111,23
2020-12-22,Merced,047,269075,18067,17012,297,17309,201
2020-12-22,Modoc,049,8938,235,182,69,251,0
2020-12-22,Mono,051,14174,849,786,11,797,3
2020-12-22,Monterey,053,433212,26005,24152,646,24798,176
2020-12-22,Napa,055,140530,5560,5059,23,5082,23
2020-12-22,Nevada,057,99092,2595,2367,82,2449,14
2020-12-22,Orange,059,3164182,150077,134850,5602,140452,1774
2020-12-22,Placer,061,380077,13546,11943,492,12435,105
2020-12-22,Plumas,063,18699,442,360,9,369,0
2020-12-22,Riverside,065,2383286,172199,155059,7357,162416,1777
2020-12-22,Sacramento,067,1510023,62291,57966,538,58504,772
2020-12-22,San Benito,069,59416,3354,2998,27,3025,24
2020-12-22,San Bernardino,071,2135413,187248,169266,5065,174331,1500
2020-12-22,San Diego,073,3302833,147883,132097,6528,138625,1311
2020-12-22,San Francisco,075,870044,22529,21232,198,21430,174
2020-12-22,San Joaquin,077,732212,43494,39423,1397,40820,592
2020-12-22,San Luis Obispo,079,281455,10177,9174,233,9407,69
2020-12-22,San Mateo,081,765935,23996,21382,79,21461,186
2020-12-22,Santa Barbara,083,443738,17230,15189,428,15617,150
2020-12-22,Santa Clara,085,1922200,65961,59192,260,59452,569
2020-12-22,Santa Cruz,087,273765,8616,7471,272,7743,72
2020-12-22,Shasta,089,179085,7858,7371,635,8006,64
2020-12-22,Sierra,091,2930,27,23,0,23,0
2020-12-22,Siskiyou,093,43540,970,880,89,969,2
2020-12-22,Solano,095,438530,17948,16229,182,16411,95
2020-12-22,Sonoma,097,501317,18293,17216,105,17321,180
2020-12-22,Stanislaus,099,539301,33325,30914,2950,33864,499
2020-12-22,Sutter,101,95872,6225,5791,44,5835,46
2020-12-22,Tehama,103,63373,2889,2688,254,2942,9
2020-12-22,Trinity,105,12862,382,231,46,277,2
2020-12-22,Tulare,107,460477,32196,30025,3490,33515,377
2020-12-22,Tuolumne,109,53932,2711,2526,10,2536,12
2020-12-22,Ventura,111,848112,36948,32488,1470,33958,213
2020-12-22,Yolo,113,214977,8149,7388,57,7445,113
2020-12-22,Yuba,115,75493,3635,3379,35,3414,14
2020-12-21,Alameda,001,1643700,48549,44756,829,45585,518
2020-12-21,Alpine,003,1148,66,64,0,64,0
2020-12-21,Amador,005,37829,2225,1815,17,1832,23
2020-12-21,Butte,007,227075,7062,6335,759,7094,81
2020-12-21,Calaveras,009,45235,1032,963,0,963,21
2020-12-21,Colusa,011,21464,1210,1135,60,1195,7
2020-12-21,Contra Costa,013,1133247,37606,35207,444,35651,300
2020-12-21,Del Norte,015,27424,711,660,2,662,2
2020-12-21,El Dorado,017,186661,5638,4805,228,5033,10
2020-12-21,Fresno,019,978130,63944,58568,4023,62591,634
2020-12-21,Glenn,021,27897,1445,1323,207,1530,9
2020-12-21,Humboldt,023,135768,1584,1419,7,1426,16
2020-12-21,Imperial,025,180216,22037,20994,1079,22073,395
2020-12-21,Inyo,027,18085,599,482,15,497,17
2020-12-21,Kern,029,883053,62092,56836,4271,61107,541
2020-12-21,Kings,031,150075,15607,14760,489,15249,100
2020-12-21,Lake,033,64148,1733,1538,0,1538,20
2020-12-21,Lassen,035,31185,4012,3798,38,3836,1
2020-12-21,Los Angeles,037,10098052,694367,624129,17821,641950,8918
2020-12-21,Madera,039,155013,9963,9069,358,9427,63
2020-12-21,Marin,041,260295,9449,9035,63,9098,142
2020-12-21,Mariposa,043,17540,210,186,3,189,3
2020-12-21,Mendocino,045,87422,2265,2066,19,2085,23
2020-12-21,Merced,047,269075,17818,16710,281,16991,198
2020-12-21,Modoc,049,8938,221,181,68,249,0
2020-12-21,Mono,051,14174,838,781,11,792,3
2020-12-21,Monterey,053,433212,25473,23673,632,24305,174
2020-12-21,Napa,055,140530,5472,4952,23,4975,23
2020-12-21,Nevada,057,99092,2562,2337,82,2419,13
2020-12-21,Orange,059,3164182,146666,130444,5446,135890,1772
2020-12-21,Placer,061,380077,13313,11715,472,12187,105
2020-12-21,Plumas,063,18699,438,353,9,362,0
2020-12-21,Riverside,065,2383286,167981,151713,7024,158737,1743
2020-12-21,Sacramento,067,1510023,61270,57064,520,57584,759
2020-12-21,San Benito,069,59416,3286,2921,27,2948,22
2020-12-21,San Bernardino,071,2135413,182462,165086,4899,169985,1476
2020-12-21,San Diego,073,3302833,144431,129716,6365,136081,1284
2020-12-21,San Francisco,075,870044,22243,21086,196,21282,174
2020-12-21,San Joaquin,077,732212,42700,38811,1344,40155,586
2020-12-21,San Luis Obispo,079,281455,9989,9006,228,9234,64
2020-12-21,San Mateo,081,765935,23591,21035,76,21111,185
2020-12-21,Santa Barbara,083,443738,16959,14988,423,15411,149
2020-12-21,Santa Clara,085,1922200,64767,57699,248,57947,570
2020-12-21,Santa Cruz,087,273765,8404,7315,259,7574,69
2020-12-21,Shasta,089,179085,7793,7299,625,7924,64
2020-12-21,Sierra,091,2930,24,23,0,23,0
2020-12-21,Siskiyou,093,43540,962,878,88,966,2
2020-12-21,Solano,095,438530,17478,15878,177,16055,95
2020-12-21,Sonoma,097,501317,18019,17075,101,17176,176
2020-12-21,Stanislaus,099,539301,32867,30437,2876,33313,499
2020-12-21,Sutter,101,95872,6129,5708,44,5752,46
2020-12-21,Tehama,103,63373,2821,2656,246,2902,9
2020-12-21,Trinity,105,12862,380,226,45,271,2
2020-12-21,Tulare,107,460477,31698,29482,3399,32881,373
2020-12-21,Tuolumne,109,53932,2686,2423,8,2431,12
2020-12-21,Ventura,111,848112,35867,31759,1433,33192,212
2020-12-21,Yolo,113,214977,8003,7266,53,7319,109
2020-12-21,Yuba,115,75493,3576,3329,35,3364,14
2020-12-20,Alameda,001,1643700,47669,44004,806,44810,516
2020-12-20,Alpine,003,1148,66,64,0,64,0
2020-12-20,Amador,005,37829,2167,1771,17,1788,23
2020-12-20,Butte,007,227075,6917,6228,723,6951,81
2020-12-20,Calaveras,009,45235,1008,926,0,926,21
2020-12-20,Colusa,011,21464,1183,1121,52,1173,7
2020-12-20,Contra Costa,013,1133247,37020,34798,427,35225,301
2020-12-20,Del Norte,015,27424,689,652,2,654,2
2020-12-20,El Dorado,017,186661,5513,4697,219,4916,10
2020-12-20,Fresno,019,978130,62956,57616,3882,61498,634
2020-12-20,Glenn,021,27897,1436,1295,200,1495,9
2020-12-20,Humboldt,023,135768,1547,1386,6,1392,15
2020-12-20,Imperial,025,180216,21795,20882,972,21854,395
2020-12-20,Inyo,027,18085,584,476,15,491,17
2020-12-20,Kern,029,883053,60993,55983,4114,60097,540
2020-12-20,Kings,031,150075,15387,14629,470,15099,100
2020-12-20,Lake,033,64148,1687,1463,0,1463,20
2020-12-20,Lassen,035,31185,3958,3669,36,3705,1
2020-12-20,Los Angeles,037,10098052,676319,612975,17067,630042,8862
2020-12-20,Madera,039,155013,9753,8871,349,9220,63
2020-12-20,Marin,041,260295,9351,8948,59,9007,142
2020-12-20,Mariposa,043,17540,209,179,3,182,3
2020-12-20,Mendocino,045,87422,2240,2033,19,2052,23
2020-12-20,Merced,047,269075,17502,16435,274,16709,198
2020-12-20,Modoc,049,8938,221,181,66,247,0
2020-12-20,Mono,051,14174,820,774,11,785,3
2020-12-20,Monterey,053,433212,24996,23250,590,23840,173
2020-12-20,Napa,055,140530,5350,4865,21,4886,23
2020-12-20,Nevada,057,99092,2516,2289,76,2365,13
2020-12-20,Orange,059,3164182,143172,128780,5295,134075,1763
2020-12-20,Placer,061,380077,13088,11496,453,11949,105
2020-12-20,Plumas,063,18699,430,347,9,356,0
2020-12-20,Riverside,065,2383286,163781,148714,6728,155442,1742
2020-12-20,Sacramento,067,1510023,60270,56017,500,56517,755
2020-12-20,San Benito,069,59416,3214,2885,26,2911,21
2020-12-20,San Bernardino,071,2135413,177485,162810,4737,167547,1458
2020-12-20,San Diego,073,3302833,140711,126465,6196,132661,1280
2020-12-20,San Francisco,075,870044,21929,20937,192,21129,174
2020-12-20,San Joaquin,077,732212,41863,38268,1280,39548,587
2020-12-20,San Luis Obispo,079,281455,9696,8881,221,9102,63
2020-12-20,San Mateo,081,765935,23157,20764,72,20836,185
2020-12-20,Santa Barbara,083,443738,16643,14817,402,15219,148
2020-12-20,Santa Clara,085,1922200,63361,56860,242,57102,566
2020-12-20,Santa Cruz,087,273765,8196,7178,246,7424,69
2020-12-20,Shasta,089,179085,7678,7256,611,7867,64
2020-12-20,Sierra,091,2930,24,22,0,22,0
2020-12-20,Siskiyou,093,43540,952,870,87,957,2
2020-12-20,Solano,095,438530,17100,15533,166,15699,95
2020-12-20,Sonoma,097,501317,17744,16802,100,16902,175
2020-12-20,Stanislaus,099,539301,32345,29995,2773,32768,498
2020-12-20,Sutter,101,95872,6042,5601,44,5645,43
2020-12-20,Tehama,103,63373,2771,2602,227,2829,9
2020-12-20,Trinity,105,12862,373,221,44,265,2
2020-12-20,Tulare,107,460477,31183,29078,3299,32377,373
2020-12-20,Tuolumne,109,53932,2574,2152,7,2159,12
2020-12-20,Ventura,111,848112,35164,31335,1400,32735,210
2020-12-20,Yolo,113,214977,7852,7121,50,7171,109
2020-12-20,Yuba,115,75493,3529,3254,33,3287,12
2020-12-19,Alameda,001,1643700,47226,43109,799,43908,516
2020-12-19,Alpine,003,1148,66,64,0,64,0
2020-12-19,Amador,005,37829,2143,1754,17,1771,23
2020-12-19,Butte,007,227075,6817,6118,699,6817,81
2020-12-19,Calaveras,009,45235,991,900,0,900,21
2020-12-19,Colusa,011,21464,1175,1096,50,1146,7
2020-12-19,Contra Costa,013,1133247,36706,34321,413,34734,301
2020-12-19,Del Norte,015,27424,687,641,1,642,2
2020-12-19,El Dorado,017,186661,5446,4588,211,4799,10
2020-12-19,Fresno,019,978130,62633,55428,3814,59242,634
2020-12-19,Glenn,021,27897,1401,1286,199,1485,9
2020-12-19,Humboldt,023,135768,1530,1357,6,1363,15
2020-12-19,Imperial,025,180216,21705,20711,923,21634,395
2020-12-19,Inyo,027,18085,577,475,15,490,17
2020-12-19,Kern,029,883053,60507,55118,4004,59122,540
2020-12-19,Kings,031,150075,15308,14474,468,14942,100
2020-12-19,Lake,033,64148,1653,1438,0,1438,20
2020-12-19,Lassen,035,31185,3930,3595,36,3631,1
2020-12-19,Los Angeles,037,10098052,669256,599888,16526,616414,8804
2020-12-19,Madera,039,155013,9661,8717,337,9054,63
2020-12-19,Marin,041,260295,9312,8864,59,8923,142
2020-12-19,Mariposa,043,17540,207,177,3,180,3
2020-12-19,Mendocino,045,87422,2215,2008,19,2027,23
2020-12-19,Merced,047,269075,17363,16230,266,16496,198
2020-12-19,Modoc,049,8938,218,181,66,247,0
2020-12-19,Mono,051,14174,816,766,11,777,3
2020-12-19,Monterey,053,433212,24885,22799,584,23383,172
2020-12-19,Napa,055,140530,5288,4772,21,4793,23
2020-12-19,Nevada,057,99092,2494,2260,76,2336,13
2020-12-19,Orange,059,3164182,141251,125574,5141,130715,1733
2020-12-19,Placer,061,380077,12933,11246,447,11693,105
2020-12-19,Plumas,063,18699,427,343,9,352,0
2020-12-19,Riverside,065,2383286,161801,146703,6491,153194,1737
2020-12-19,Sacramento,067,1510023,59738,55169,486,55655,746
2020-12-19,San Benito,069,59416,3168,2820,25,2845,21
2020-12-19,San Bernardino,071,2135413,175920,159883,4630,164513,1433
2020-12-19,San Diego,073,3302833,138944,122972,6057,129029,1280
2020-12-19,San Francisco,075,870044,21778,20643,192,20835,174
2020-12-19,San Joaquin,077,732212,41461,37340,1228,38568,586
2020-12-19,San Luis Obispo,079,281455,9625,8788,218,9006,63
2020-12-19,San Mateo,081,765935,22947,20393,65,20458,182
2020-12-19,Santa Barbara,083,443738,16487,14667,395,15062,148
2020-12-19,Santa Clara,085,1922200,62550,55540,238,55778,558
2020-12-19,Santa Cruz,087,273765,8093,7054,240,7294,68
2020-12-19,Shasta,089,179085,7625,7221,599,7820,63
2020-12-19,Sierra,091,2930,24,23,0,23,0
2020-12-19,Siskiyou,093,43540,948,853,86,939,2
2020-12-19,Solano,095,438530,16934,15204,162,15366,95
2020-12-19,Sonoma,097,501317,17636,16553,100,16653,175
2020-12-19,Stanislaus,099,539301,32027,29555,2700,32255,498
2020-12-19,Sutter,101,95872,5985,5506,44,5550,41
2020-12-19,Tehama,103,63373,2720,2574,224,2798,9
2020-12-19,Trinity,105,12862,372,219,43,262,2
2020-12-19,Tulare,107,460477,30961,28734,3233,31967,375
2020-12-19,Tuolumne,109,53932,2561,2107,7,2114,12
2020-12-19,Ventura,111,848112,34883,30843,1370,32213,209
2020-12-19,Yolo,113,214977,7783,7025,49,7074,109
2020-12-19,Yuba,115,75493,3497,3168,33,3201,11
2020-12-18,Alameda,001,1643700,46689,42196,783,42979,515
2020-12-18,Alpine,003,1148,66,64,0,64,0
2020-12-18,Amador,005,37829,2126,1727,15,1742,20
2020-12-18,Butte,007,227075,6732,5891,673,6564,81
2020-12-18,Calaveras,009,45235,981,870,0,870,21
2020-12-18,Colusa,011,21464,1166,1068,50,1118,7
2020-12-18,Contra Costa,013,1133247,36421,33610,400,34010,300
2020-12-18,Del Norte,015,27424,682,627,0,627,2
2020-12-18,El Dorado,017,186661,5384,4494,201,4695,10
2020-12-18,Fresno,019,978130,61806,52643,3751,56394,613
2020-12-18,Glenn,021,27897,1384,1264,194,1458,9
2020-12-18,Humboldt,023,135768,1515,1331,6,1337,15
2020-12-18,Imperial,025,180216,21627,20430,876,21306,393
2020-12-18,Inyo,027,18085,557,454,15,469,17
2020-12-18,Kern,029,883053,59847,54220,3919,58139,533
2020-12-18,Kings,031,150075,15182,14284,462,14746,98
2020-12-18,Lake,033,64148,1642,1397,0,1397,20
2020-12-18,Lassen,035,31185,3922,3486,36,3522,1
2020-12-18,Los Angeles,037,10098052,657134,586413,16017,602430,8744
2020-12-18,Madera,039,155013,9559,8609,332,8941,63
2020-12-18,Marin,041,260295,9228,8799,59,8858,142
2020-12-18,Mariposa,043,17540,204,176,3,179,3
2020-12-18,Mendocino,045,87422,2197,1977,19,1996,24
2020-12-18,Merced,047,269075,17282,15956,263,16219,195
2020-12-18,Modoc,049,8938,218,179,66,245,0
2020-12-18,Mono,051,14174,809,731,11,742,3
2020-12-18,Monterey,053,433212,24593,22336,578,22914,165
2020-12-18,Napa,055,140530,5240,4688,21,4709,23
2020-12-18,Nevada,057,99092,2477,2220,75,2295,13
2020-12-18,Orange,059,3164182,138814,121681,4991,126672,1725
2020-12-18,Placer,061,380077,12762,10995,438,11433,104
2020-12-18,Plumas,063,18699,421,336,9,345,0
2020-12-18,Riverside,065,2383286,158966,142375,6219,148594,1733
2020-12-18,Sacramento,067,1510023,59113,53980,469,54449,736
2020-12-18,San Benito,069,59416,3119,2744,25,2769,21
2020-12-18,San Bernardino,071,2135413,173621,154272,4496,158768,1430
2020-12-18,San Diego,073,3302833,136765,120463,5919,126382,1253
2020-12-18,San Francisco,075,870044,21611,20315,186,20501,173
2020-12-18,San Joaquin,077,732212,41105,36484,1195,37679,559
2020-12-18,San Luis Obispo,079,281455,9526,8598,213,8811,62
2020-12-18,San Mateo,081,765935,22633,19971,61,20032,182
2020-12-18,Santa Barbara,083,443738,16347,14361,382,14743,148
2020-12-18,Santa Clara,085,1922200,61680,53992,227,54219,539
2020-12-18,Santa Cruz,087,273765,7978,6838,232,7070,68
2020-12-18,Shasta,089,179085,7589,7114,587,7701,62
2020-12-18,Sierra,091,2930,24,23,0,23,0
2020-12-18,Siskiyou,093,43540,946,840,86,926,2
2020-12-18,Solano,095,438530,16781,14667,158,14825,95
2020-12-18,Sonoma,097,501317,17516,16261,100,16361,173
2020-12-18,Stanislaus,099,539301,31754,28967,2663,31630,490
2020-12-18,Sutter,101,95872,5901,5399,44,5443,39
2020-12-18,Tehama,103,63373,2704,2523,215,2738,9
2020-12-18,Trinity,105,12862,371,215,43,258,2
2020-12-18,Tulare,107,460477,30685,28322,3151,31473,370
2020-12-18,Tuolumne,109,53932,2550,2067,7,2074,12
2020-12-18,Ventura,111,848112,34379,29907,1327,31234,209
2020-12-18,Yolo,113,214977,7715,6901,48,6949,109
2020-12-18,Yuba,115,75493,3439,3097,33,3130,11
2020-12-17,Alameda,001,1643700,45882,41548,750,42298,508
2020-12-17,Alpine,003,1148,66,64,0,64,0
2020-12-17,Amador,005,37829,2078,1703,13,1716,19
2020-12-17,Butte,007,227075,6606,5746,655,6401,78
2020-12-17,Calaveras,009,45235,958,848,0,848,21
2020-12-17,Colusa,011,21464,1155,1053,48,1101,7
2020-12-17,Contra Costa,013,1133247,35897,33006,366,33372,293
2020-12-17,Del Norte,015,27424,677,583,0,583,1
2020-12-17,El Dorado,017,186661,5239,4327,189,4516,9
2020-12-17,Fresno,019,978130,60944,49918,3624,53542,597
2020-12-17,Glenn,021,27897,1360,1244,187,1431,9
2020-12-17,Humboldt,023,135768,1482,1322,6,1328,14
2020-12-17,Imperial,025,180216,21463,20208,801,21009,391
2020-12-17,Inyo,027,18085,539,450,14,464,16
2020-12-17,Kern,029,883053,58892,53683,3783,57466,526
2020-12-17,Kings,031,150075,15083,14057,446,14503,98
2020-12-17,Lake,033,64148,1617,1374,0,1374,20
2020-12-17,Lassen,035,31185,3886,3417,36,3453,1
2020-12-17,Los Angeles,037,10098052,641505,571093,15452,586545,8657
2020-12-17,Madera,039,155013,9443,8465,327,8792,62
2020-12-17,Marin,041,260295,9170,8721,57,8778,142
2020-12-17,Mariposa,043,17540,200,172,3,175,3
2020-12-17,Mendocino,045,87422,2163,1942,19,1961,23
2020-12-17,Merced,047,269075,17019,15648,255,15903,192
2020-12-17,Modoc,049,8938,215,179,66,245,0
2020-12-17,Mono,051,14174,799,718,11,729,3
2020-12-17,Monterey,053,433212,24074,21951,563,22514,163
2020-12-17,Napa,055,140530,5128,4612,21,4633,23
2020-12-17,Nevada,057,99092,2436,2173,72,2245,13
2020-12-17,Orange,059,3164182,135430,118367,4855,123222,1725
2020-12-17,Placer,061,380077,12487,10756,424,11180,99
2020-12-17,Plumas,063,18699,412,324,9,333,0
2020-12-17,Riverside,065,2383286,155096,139325,6001,145326,1696
2020-12-17,Sacramento,067,1510023,58208,53189,446,53635,721
2020-12-17,San Benito,069,59416,3050,2645,24,2669,20
2020-12-17,San Bernardino,071,2135413,169691,149838,4377,154215,1425
2020-12-17,San Diego,073,3302833,133965,116852,5763,122615,1239
2020-12-17,San Francisco,075,870044,21324,19939,181,20120,170
2020-12-17,San Joaquin,077,732212,40376,35894,1157,37051,554
2020-12-17,San Luis Obispo,079,281455,9406,8365,211,8576,59
2020-12-17,San Mateo,081,765935,22261,19647,61,19708,181
2020-12-17,Santa Barbara,083,443738,16113,14207,375,14582,147
2020-12-17,Santa Clara,085,1922200,60512,52559,220,52779,527
2020-12-17,Santa Cruz,087,273765,7823,6687,217,6904,64
2020-12-17,Shasta,089,179085,7512,7000,568,7568,62
2020-12-17,Sierra,091,2930,23,23,0,23,0
2020-12-17,Siskiyou,093,43540,939,827,85,912,2
2020-12-17,Solano,095,438530,16474,14361,156,14517,96
2020-12-17,Sonoma,097,501317,17244,15993,99,16092,171
2020-12-17,Stanislaus,099,539301,31329,28582,2603,31185,489
2020-12-17,Sutter,101,95872,5802,5309,43,5352,39
2020-12-17,Tehama,103,63373,2656,2480,209,2689,9
2020-12-17,Trinity,105,12862,366,213,42,255,2
2020-12-17,Tulare,107,460477,30291,27852,3072,30924,358
2020-12-17,Tuolumne,109,53932,2239,1992,7,1999,11
2020-12-17,Ventura,111,848112,33769,29404,1290,30694,208
2020-12-17,Yolo,113,214977,7591,6800,47,6847,105
2020-12-17,Yuba,115,75493,3380,3035,31,3066,12
2020-12-16,Alameda,001,1643700,45026,40751,723,41474,497
2020-12-16,Alpine,003,1148,66,64,0,64,0
2020-12-16,Amador,005,37829,2031,1693,12,1705,19
2020-12-16,Butte,007,227075,6417,5659,625,6284,76
2020-12-16,Calaveras,009,45235,923,821,0,821,21
2020-12-16,Colusa,011,21464,1142,1038,43,1081,7
2020-12-16,Contra Costa,013,1133247,35339,32429,344,32773,293
2020-12-16,Del Norte,015,27424,675,575,0,575,1
2020-12-16,El Dorado,017,186661,5117,4237,179,4416,9
2020-12-16,Fresno,019,978130,59988,49173,3523,52696,584
2020-12-16,Glenn,021,27897,1342,1236,176,1412,9
2020-12-16,Humboldt,023,135768,1450,1308,5,1313,12
2020-12-16,Imperial,025,180216,21280,19980,733,20713,388
2020-12-16,Inyo,027,18085,526,444,14,458,16
2020-12-16,Kern,029,883053,58016,52896,3649,56545,522
2020-12-16,Kings,031,150075,14903,13734,429,14163,99
2020-12-16,Lake,033,64148,1577,1363,0,1363,20
2020-12-16,Lassen,035,31185,3853,3396,35,3431,1
2020-12-16,Los Angeles,037,10098052,625004,557907,14763,572670,8561
2020-12-16,Madera,039,155013,9318,8278,319,8597,62
2020-12-16,Marin,041,260295,9100,8641,57,8698,142
2020-12-16,Mariposa,043,17540,197,175,3,178,3
2020-12-16,Mendocino,045,87422,2128,1929,19,1948,23
2020-12-16,Merced,047,269075,16733,15443,251,15694,190
2020-12-16,Modoc,049,8938,212,178,66,244,0
2020-12-16,Mono,051,14174,781,702,11,713,3
2020-12-16,Monterey,053,433212,23517,21107,552,21659,163
2020-12-16,Napa,055,140530,5031,4544,21,4565,23
2020-12-16,Nevada,057,99092,2400,2149,70,2219,13
2020-12-16,Orange,059,3164182,131950,115260,4681,119941,1712
2020-12-16,Placer,061,380077,12249,10554,403,10957,96
2020-12-16,Plumas,063,18699,403,319,9,328,0
2020-12-16,Riverside,065,2383286,150977,135751,5751,141502,1664
2020-12-16,Sacramento,067,1510023,57236,52166,421,52587,715
2020-12-16,San Benito,069,59416,2959,2582,24,2606,20
2020-12-16,San Bernardino,071,2135413,165087,143565,4241,147806,1403
2020-12-16,San Diego,073,3302833,130861,114248,5609,119857,1217
2020-12-16,San Francisco,075,870044,21065,19624,180,19804,170
2020-12-16,San Joaquin,077,732212,39553,35010,1117,36127,547
2020-12-16,San Luis Obispo,079,281455,9211,8252,202,8454,58
2020-12-16,San Mateo,081,765935,21936,19292,57,19349,179
2020-12-16,Santa Barbara,083,443738,15870,13966,363,14329,144
2020-12-16,Santa Clara,085,1922200,59271,51502,217,51719,523
2020-12-16,Santa Cruz,087,273765,7638,6536,205,6741,63
2020-12-16,Shasta,089,179085,7439,6914,546,7460,62
2020-12-16,Sierra,091,2930,23,23,0,23,0
2020-12-16,Siskiyou,093,43540,931,818,85,903,2
2020-12-16,Solano,095,438530,16009,14157,151,14308,96
2020-12-16,Sonoma,097,501317,16988,15768,99,15867,170
2020-12-16,Stanislaus,099,539301,30825,28279,2530,30809,489
2020-12-16,Sutter,101,95872,5722,5223,43,5266,39
2020-12-16,Tehama,103,63373,2625,2441,183,2624,9
2020-12-16,Trinity,105,12862,360,212,42,254,2
2020-12-16,Tulare,107,460477,29871,27500,2968,30468,352
2020-12-16,Tuolumne,109,53932,2193,1941,7,1948,11
2020-12-16,Ventura,111,848112,32996,28566,1246,29812,203
2020-12-16,Yolo,113,214977,7462,6649,46,6695,103
2020-12-16,Yuba,115,75493,3293,2980,30,3010,11
2020-12-15,Alameda,001,1643700,44170,40026,700,40726,492
2020-12-15,Alpine,003,1148,66,64,0,64,0
2020-12-15,Amador,005,37829,1918,1669,10,1679,19
2020-12-15,Butte,007,227075,6279,5565,595,6160,75
2020-12-15,Calaveras,009,45235,891,799,0,799,21
2020-12-15,Colusa,011,21464,1129,1026,42,1068,7
2020-12-15,Contra Costa,013,1133247,34684,31423,329,31752,281
2020-12-15,Del Norte,015,27424,664,564,0,564,1
2020-12-15,El Dorado,017,186661,5009,4113,164,4277,9
2020-12-15,Fresno,019,978130,58616,47316,3387,50703,574
2020-12-15,Glenn,021,27897,1329,1207,159,1366,9
2020-12-15,Humboldt,023,135768,1430,1276,5,1281,12
2020-12-15,Imperial,025,180216,21062,19756,652,20408,380
2020-12-15,Inyo,027,18085,513,394,13,407,16
2020-12-15,Kern,029,883053,57004,52002,3545,55547,511
2020-12-15,Kings,031,150075,14739,13652,410,14062,97
2020-12-15,Lake,033,64148,1552,1341,0,1341,21
2020-12-15,Lassen,035,31185,3681,3378,34,3412,1
2020-12-15,Los Angeles,037,10098052,608654,536258,14120,550378,8429
2020-12-15,Madera,039,155013,9164,8118,310,8428,60
2020-12-15,Marin,041,260295,8994,8528,55,8583,141
2020-12-15,Mariposa,043,17540,193,171,3,174,3
2020-12-15,Mendocino,045,87422,2101,1883,19,1902,24
2020-12-15,Merced,047,269075,16438,15120,247,15367,190
2020-12-15,Modoc,049,8938,210,179,66,245,0
2020-12-15,Mono,051,14174,765,702,11,713,3
2020-12-15,Monterey,053,433212,22917,19905,490,20395,161
2020-12-15,Napa,055,140530,4927,4440,21,4461,23
2020-12-15,Nevada,057,99092,2367,2117,68,2185,11
2020-12-15,Orange,059,3164182,128289,112893,4525,117418,1689
2020-12-15,Placer,061,380077,12015,10301,381,10682,95
2020-12-15,Plumas,063,18699,398,313,9,322,0
2020-12-15,Riverside,065,2383286,146920,131822,5469,137291,1624
2020-12-15,Sacramento,067,1510023,56219,51076,406,51482,703
2020-12-15,San Benito,069,59416,2879,2520,23,2543,19
2020-12-15,San Bernardino,071,2135413,160633,137548,4083,141631,1351
2020-12-15,San Diego,073,3302833,127294,111441,5447,116888,1194
2020-12-15,San Francisco,075,870044,20756,19283,177,19460,171
2020-12-15,San Joaquin,077,732212,38630,33849,1080,34929,537
2020-12-15,San Luis Obispo,079,281455,9102,8074,199,8273,55
2020-12-15,San Mateo,081,765935,21526,18907,55,18962,178
2020-12-15,Santa Barbara,083,443738,15650,13782,354,14136,144
2020-12-15,Santa Clara,085,1922200,57834,50311,214,50525,505
2020-12-15,Santa Cruz,087,273765,7453,6361,189,6550,59
2020-12-15,Shasta,089,179085,7381,6794,521,7315,54
2020-12-15,Sierra,091,2930,23,23,0,23,0
2020-12-15,Siskiyou,093,43540,922,812,84,896,2
2020-12-15,Solano,095,438530,15660,13796,151,13947,95
2020-12-15,Sonoma,097,501317,16767,15406,99,15505,167
2020-12-15,Stanislaus,099,539301,30312,27823,2448,30271,485
2020-12-15,Sutter,101,95872,5624,5080,42,5122,36
2020-12-15,Tehama,103,63373,2588,2392,178,2570,9
2020-12-15,Trinity,105,12862,353,213,40,253,1
2020-12-15,Tulare,107,460477,29382,27026,2878,29904,342
2020-12-15,Tuolumne,109,53932,2162,1874,7,1881,8
2020-12-15,Ventura,111,848112,32375,27936,1198,29134,201
2020-12-15,Yolo,113,214977,7339,6531,44,6575,104
2020-12-15,Yuba,115,75493,3199,2891,29,2920,11
2020-12-14,Alameda,001,1643700,43277,39252,680,39932,487
2020-12-14,Alpine,003,1148,66,63,0,63,0
2020-12-14,Amador,005,37829,1846,1609,10,1619,19
2020-12-14,Butte,007,227075,6111,5202,578,5780,75
2020-12-14,Calaveras,009,45235,853,718,0,718,21
2020-12-14,Colusa,011,21464,1105,949,41,990,7
2020-12-14,Contra Costa,013,1133247,33986,30594,315,30909,281
2020-12-14,Del Norte,015,27424,658,560,0,560,1
2020-12-14,El Dorado,017,186661,4853,4018,148,4166,9
2020-12-14,Fresno,019,978130,57591,44726,3204,47930,560
2020-12-14,Glenn,021,27897,1303,1186,151,1337,9
2020-12-14,Humboldt,023,135768,1417,1256,5,1261,9
2020-12-14,Imperial,025,180216,20824,19608,573,20181,379
2020-12-14,Inyo,027,18085,499,382,13,395,16
2020-12-14,Kern,029,883053,55969,50538,3423,53961,510
2020-12-14,Kings,031,150075,14555,13491,382,13873,97
2020-12-14,Lake,033,64148,1503,1301,0,1301,21
2020-12-14,Lassen,035,31185,3582,2905,31,2936,1
2020-12-14,Los Angeles,037,10098052,591054,524668,13472,538140,8340
2020-12-14,Madera,039,155013,8896,8011,301,8312,60
2020-12-14,Marin,041,260295,8912,8475,53,8528,141
2020-12-14,Mariposa,043,17540,192,171,2,173,3
2020-12-14,Mendocino,045,87422,2080,1845,19,1864,24
2020-12-14,Merced,047,269075,16032,14572,233,14805,189
2020-12-14,Modoc,049,8938,204,180,64,244,0
2020-12-14,Mono,051,14174,757,685,11,696,3
2020-12-14,Monterey,053,433212,22397,19154,484,19638,155
2020-12-14,Napa,055,140530,4834,4289,21,4310,22
2020-12-14,Nevada,057,99092,2328,2070,65,2135,11
2020-12-14,Orange,059,3164182,124406,108602,4384,112986,1688
2020-12-14,Placer,061,380077,11735,9551,370,9921,95
2020-12-14,Plumas,063,18699,386,309,9,318,0
2020-12-14,Riverside,065,2383286,142795,123715,5205,128920,1588
2020-12-14,Sacramento,067,1510023,55111,50304,381,50685,691
2020-12-14,San Benito,069,59416,2813,2467,22,2489,19
2020-12-14,San Bernardino,071,2135413,156191,129151,3953,133104,1347
2020-12-14,San Diego,073,3302833,123558,109578,5262,114840,1162
2020-12-14,San Francisco,075,870044,20380,18904,175,19079,171
2020-12-14,San Joaquin,077,732212,37786,32522,1032,33554,534
2020-12-14,San Luis Obispo,079,281455,8854,7791,194,7985,52
2020-12-14,San Mateo,081,765935,21027,18361,52,18413,178
2020-12-14,Santa Barbara,083,443738,15380,13587,345,13932,144
2020-12-14,Santa Clara,085,1922200,56275,49180,202,49382,502
2020-12-14,Santa Cruz,087,273765,7267,6049,174,6223,54
2020-12-14,Shasta,089,179085,7292,6665,503,7168,54
2020-12-14,Sierra,091,2930,23,21,0,21,0
2020-12-14,Siskiyou,093,43540,899,764,78,842,2
2020-12-14,Solano,095,438530,15298,13352,149,13501,93
2020-12-14,Sonoma,097,501317,16460,14807,98,14905,167
2020-12-14,Stanislaus,099,539301,29779,27311,2400,29711,485
2020-12-14,Sutter,101,95872,5519,5001,35,5036,35
2020-12-14,Tehama,103,63373,2544,2344,175,2519,9
2020-12-14,Trinity,105,12862,350,205,38,243,1
2020-12-14,Tulare,107,460477,28908,25735,2782,28517,341
2020-12-14,Tuolumne,109,53932,2105,1647,7,1654,8
2020-12-14,Ventura,111,848112,31452,27436,1139,28575,202
2020-12-14,Yolo,113,214977,7179,6389,43,6432,95
2020-12-14,Yuba,115,75493,3137,2851,29,2880,11
2020-12-13,Alameda,001,1643700,42086,38064,653,38717,486
2020-12-13,Alpine,003,1148,66,63,0,63,0
2020-12-13,Amador,005,37829,1790,1457,9,1466,19
2020-12-13,Butte,007,227075,5962,5103,534,5637,75
2020-12-13,Calaveras,009,45235,817,710,0,710,21
2020-12-13,Colusa,011,21464,1089,945,37,982,7
2020-12-13,Contra Costa,013,1133247,33258,29667,309,29976,281
2020-12-13,Del Norte,015,27424,605,542,0,542,1
2020-12-13,El Dorado,017,186661,4753,3770,136,3906,9
2020-12-13,Fresno,019,978130,56488,44114,3038,47152,559
2020-12-13,Glenn,021,27897,1290,1171,140,1311,9
2020-12-13,Humboldt,023,135768,1394,1238,4,1242,9
2020-12-13,Imperial,025,180216,20532,19472,439,19911,379
2020-12-13,Inyo,027,18085,478,380,13,393,16
2020-12-13,Kern,029,883053,54945,49051,3264,52315,510
2020-12-13,Kings,031,150075,14275,13357,363,13720,97
2020-12-13,Lake,033,64148,1460,1271,0,1271,21
2020-12-13,Lassen,035,31185,3475,2867,26,2893,1
2020-12-13,Los Angeles,037,10098052,573470,517472,12756,530228,8294
2020-12-13,Madera,039,155013,8715,7909,286,8195,60
2020-12-13,Marin,041,260295,8792,8409,53,8462,141
2020-12-13,Mariposa,043,17540,188,167,2,169,3
2020-12-13,Mendocino,045,87422,2046,1793,19,1812,24
2020-12-13,Merced,047,269075,15682,14384,230,14614,189
2020-12-13,Modoc,049,8938,192,179,58,237,0
2020-12-13,Mono,051,14174,741,675,11,686,3
2020-12-13,Monterey,053,433212,21975,18913,468,19381,153
2020-12-13,Napa,055,140530,4728,4194,21,4215,22
2020-12-13,Nevada,057,99092,2280,2030,63,2093,11
2020-12-13,Orange,059,3164182,120477,104768,4205,108973,1688
2020-12-13,Placer,061,380077,11423,9405,352,9757,95
2020-12-13,Plumas,063,18699,380,291,9,300,0
2020-12-13,Riverside,065,2383286,138674,119691,4936,124627,1581
2020-12-13,Sacramento,067,1510023,53838,49480,350,49830,682
2020-12-13,San Benito,069,59416,2743,2408,21,2429,19
2020-12-13,San Bernardino,071,2135413,151300,126718,3788,130506,1333
2020-12-13,San Diego,073,3302833,119958,107372,5093,112465,1162
2020-12-13,San Francisco,075,870044,20036,18686,166,18852,167
2020-12-13,San Joaquin,077,732212,36982,32170,990,33160,534
2020-12-13,San Luis Obispo,079,281455,8662,7625,186,7811,52
2020-12-13,San Mateo,081,765935,20536,18090,46,18136,177
2020-12-13,Santa Barbara,083,443738,15111,13249,329,13578,144
2020-12-13,Santa Clara,085,1922200,54850,47920,193,48113,499
2020-12-13,Santa Cruz,087,273765,7018,5986,163,6149,54
2020-12-13,Shasta,089,179085,7218,6647,477,7124,54
2020-12-13,Sierra,091,2930,23,21,0,21,0
2020-12-13,Siskiyou,093,43540,887,762,73,835,2
2020-12-13,Solano,095,438530,14859,13276,146,13422,93
2020-12-13,Sonoma,097,501317,16145,14495,97,14592,167
2020-12-13,Stanislaus,099,539301,29216,26569,2334,28903,485
2020-12-13,Sutter,101,95872,5392,4798,30,4828,34
2020-12-13,Tehama,103,63373,2498,2325,160,2485,9
2020-12-13,Trinity,105,12862,344,204,37,241,1
2020-12-13,Tulare,107,460477,28418,25496,2695,28191,340
2020-12-13,Tuolumne,109,53932,2043,1611,7,1618,8
2020-12-13,Ventura,111,848112,30449,26588,1075,27663,202
2020-12-13,Yolo,113,214977,6996,6265,36,6301,95
2020-12-13,Yuba,115,75493,3072,2754,26,2780,11
2020-12-12,Alameda,001,1643700,41649,37027,633,37660,486
2020-12-12,Alpine,003,1148,66,63,0,63,0
2020-12-12,Amador,005,37829,1762,1236,8,1244,19
2020-12-12,Butte,007,227075,5889,4972,520,5492,73
2020-12-12,Calaveras,009,45235,807,708,0,708,21
2020-12-12,Colusa,011,21464,1069,945,35,980,7
2020-12-12,Contra Costa,013,1133247,32916,29506,299,29805,281
2020-12-12,Del Norte,015,27424,597,529,0,529,1
2020-12-12,El Dorado,017,186661,4678,3706,118,3824,9
2020-12-12,Fresno,019,978130,56136,43756,2978,46734,559
2020-12-12,Glenn,021,27897,1282,1143,136,1279,8
2020-12-12,Humboldt,023,135768,1375,1208,4,1212,9
2020-12-12,Imperial,025,180216,20449,18947,379,19326,379
2020-12-12,Inyo,027,18085,474,380,13,393,16
2020-12-12,Kern,029,883053,54426,48194,3174,51368,507
2020-12-12,Kings,031,150075,14187,13205,358,13563,96
2020-12-12,Lake,033,64148,1444,1232,0,1232,21
2020-12-12,Lassen,035,31185,3452,2866,23,2889,1
2020-12-12,Los Angeles,037,10098052,566686,504317,12237,516554,8269
2020-12-12,Madera,039,155013,8588,7765,283,8048,59
2020-12-12,Marin,041,260295,8738,8363,52,8415,141
2020-12-12,Mariposa,043,17540,187,164,2,166,3
2020-12-12,Mendocino,045,87422,2010,1771,19,1790,24
2020-12-12,Merced,047,269075,15592,14181,226,14407,188
2020-12-12,Modoc,049,8938,191,169,55,224,0
2020-12-12,Mono,051,14174,734,640,11,651,3
2020-12-12,Monterey,053,433212,21865,18596,439,19035,151
2020-12-12,Napa,055,140530,4683,4113,21,4134,22
2020-12-12,Nevada,057,99092,2262,1981,61,2042,10
2020-12-12,Orange,059,3164182,118598,100468,4051,104519,1674
2020-12-12,Placer,061,380077,11259,9390,346,9736,95
2020-12-12,Plumas,063,18699,374,291,9,300,0
2020-12-12,Riverside,065,2383286,136620,118335,4727,123062,1579
2020-12-12,Sacramento,067,1510023,53254,48319,336,48655,673
2020-12-12,San Benito,069,59416,2687,2355,21,2376,19
2020-12-12,San Bernardino,071,2135413,149672,125741,3685,129426,1321
2020-12-12,San Diego,073,3302833,118336,104958,4997,109955,1151
2020-12-12,San Francisco,075,870044,19846,18413,162,18575,167
2020-12-12,San Joaquin,077,732212,36656,32200,958,33158,534
2020-12-12,San Luis Obispo,079,281455,8566,7462,177,7639,50
2020-12-12,San Mateo,081,765935,20315,17574,45,17619,177
2020-12-12,Santa Barbara,083,443738,14959,13174,321,13495,144
2020-12-12,Santa Clara,085,1922200,53899,45892,190,46082,498
2020-12-12,Santa Cruz,087,273765,6920,5905,154,6059,54
2020-12-12,Shasta,089,179085,7183,6551,459,7010,54
2020-12-12,Sierra,091,2930,23,21,0,21,0
2020-12-12,Siskiyou,093,43540,885,762,70,832,2
2020-12-12,Solano,095,438530,14661,12748,139,12887,93
2020-12-12,Sonoma,097,501317,16025,14466,97,14563,166
2020-12-12,Stanislaus,099,539301,28915,26246,2279,28525,483
2020-12-12,Sutter,101,95872,5330,4717,30,4747,32
2020-12-12,Tehama,103,63373,2480,2252,155,2407,9
2020-12-12,Trinity,105,12862,342,204,35,239,1
2020-12-12,Tulare,107,460477,28160,25333,2637,27970,341
2020-12-12,Tuolumne,109,53932,2000,1536,7,1543,8
2020-12-12,Ventura,111,848112,30005,25955,1042,26997,202
2020-12-12,Yolo,113,214977,6914,6116,34,6150,95
2020-12-12,Yuba,115,75493,3045,2692,25,2717,10
2020-12-11,Alameda,001,1643700,41082,36281,621,36902,482
2020-12-11,Alpine,003,1148,66,63,0,63,0
2020-12-11,Amador,005,37829,1746,1213,8,1221,19
2020-12-11,Butte,007,227075,5816,4941,500,5441,73
2020-12-11,Calaveras,009,45235,791,697,0,697,21
2020-12-11,Colusa,011,21464,1059,923,33,956,7
2020-12-11,Contra Costa,013,1133247,32492,29036,295,29331,282
2020-12-11,Del Norte,015,27424,591,505,0,505,1
2020-12-11,El Dorado,017,186661,4597,3669,103,3772,9
2020-12-11,Fresno,019,978130,55125,43071,2910,45981,550
2020-12-11,Glenn,021,27897,1266,1135,131,1266,8
2020-12-11,Humboldt,023,135768,1357,1190,4,1194,9
2020-12-11,Imperial,025,180216,20359,18599,334,18933,377
2020-12-11,Inyo,027,18085,462,372,13,385,16
2020-12-11,Kern,029,883053,53748,47664,3111,50775,502
2020-12-11,Kings,031,150075,14044,13118,352,13470,94
2020-12-11,Lake,033,64148,1431,1205,0,1205,21
2020-12-11,Lassen,035,31185,3440,2790,22,2812,1
2020-12-11,Los Angeles,037,10098052,554894,493592,11821,505413,8198
2020-12-11,Madera,039,155013,8497,7648,273,7921,59
2020-12-11,Marin,041,260295,8645,8317,51,8368,141
2020-12-11,Mariposa,043,17540,186,164,2,166,3
2020-12-11,Mendocino,045,87422,1987,1769,19,1788,24
2020-12-11,Merced,047,269075,15471,14038,218,14256,186
2020-12-11,Modoc,049,8938,191,168,54,222,0
2020-12-11,Mono,051,14174,724,631,11,642,3
2020-12-11,Monterey,053,433212,21564,18421,434,18855,150
2020-12-11,Napa,055,140530,4627,4054,21,4075,22
2020-12-11,Nevada,057,99092,2245,1959,58,2017,10
2020-12-11,Orange,059,3164182,116292,98357,3948,102305,1656
2020-12-11,Placer,061,380077,11097,8904,330,9234,93
2020-12-11,Plumas,063,18699,366,286,9,295,0
2020-12-11,Riverside,065,2383286,133555,115329,4499,119828,1573
2020-12-11,Sacramento,067,1510023,52594,47468,327,47795,669
2020-12-11,San Benito,069,59416,2636,2319,21,2340,19
2020-12-11,San Bernardino,071,2135413,146982,123092,3567,126659,1313
2020-12-11,San Diego,073,3302833,116375,102468,4915,107383,1137
2020-12-11,San Francisco,075,870044,19616,18246,161,18407,165
2020-12-11,San Joaquin,077,732212,36311,32044,929,32973,534
2020-12-11,San Luis Obispo,079,281455,8405,7415,174,7589,49
2020-12-11,San Mateo,081,765935,20044,17240,34,17274,177
2020-12-11,Santa Barbara,083,443738,14816,12997,313,13310,144
2020-12-11,Santa Clara,085,1922200,52892,45101,181,45282,494
2020-12-11,Santa Cruz,087,273765,6807,5764,143,5907,50
2020-12-11,Shasta,089,179085,7138,6459,452,6911,54
2020-12-11,Sierra,091,2930,23,19,0,19,0
2020-12-11,Siskiyou,093,43540,878,753,67,820,2
2020-12-11,Solano,095,438530,14475,12554,135,12689,92
2020-12-11,Sonoma,097,501317,15859,14298,94,14392,166
2020-12-11,Stanislaus,099,539301,28649,25928,2236,28164,464
2020-12-11,Sutter,101,95872,5267,4600,29,4629,30
2020-12-11,Tehama,103,63373,2450,2232,151,2383,9
2020-12-11,Trinity,105,12862,339,204,34,238,1
2020-12-11,Tulare,107,460477,27801,24953,2588,27541,338
2020-12-11,Tuolumne,109,53932,1986,1510,7,1517,8
2020-12-11,Ventura,111,848112,29399,24999,1020,26019,202
2020-12-11,Yolo,113,214977,6809,6006,32,6038,95
2020-12-11,Yuba,115,75493,2985,2649,24,2673,10
2020-12-10,Alameda,001,1643700,40310,35686,599,36285,477
2020-12-10,Alpine,003,1148,66,63,0,63,0
2020-12-10,Amador,005,37829,1689,1191,8,1199,18
2020-12-10,Butte,007,227075,5700,4863,473,5336,72
2020-12-10,Calaveras,009,45235,773,684,0,684,21
2020-12-10,Colusa,011,21464,1036,909,28,937,7
2020-12-10,Contra Costa,013,1133247,31810,28413,289,28702,276
2020-12-10,Del Norte,015,27424,582,501,0,501,1
2020-12-10,El Dorado,017,186661,4479,3557,98,3655,9
2020-12-10,Fresno,019,978130,54144,42461,2764,45225,540
2020-12-10,Glenn,021,27897,1246,1126,122,1248,8
2020-12-10,Humboldt,023,135768,1337,1140,4,1144,9
2020-12-10,Imperial,025,180216,20143,18333,255,18588,370
2020-12-10,Inyo,027,18085,441,365,13,378,15
2020-12-10,Kern,029,883053,52764,47176,2944,50120,499
2020-12-10,Kings,031,150075,13892,12993,346,13339,92
2020-12-10,Lake,033,64148,1390,1167,0,1167,21
2020-12-10,Lassen,035,31185,3418,2764,18,2782,0
2020-12-10,Los Angeles,037,10098052,540947,480354,11281,491635,8149
2020-12-10,Madera,039,155013,8392,7445,258,7703,59
2020-12-10,Marin,041,260295,8598,8245,50,8295,140
2020-12-10,Mariposa,043,17540,185,160,2,162,3
2020-12-10,Mendocino,045,87422,1961,1748,16,1764,24
2020-12-10,Merced,047,269075,15226,13756,215,13971,186
2020-12-10,Modoc,049,8938,186,165,52,217,0
2020-12-10,Mono,051,14174,719,601,11,612,3
2020-12-10,Monterey,053,433212,21084,18266,424,18690,145
2020-12-10,Napa,055,140530,4541,3974,20,3994,22
2020-12-10,Nevada,057,99092,2208,1919,58,1977,10
2020-12-10,Orange,059,3164182,113190,95297,3783,99080,1651
2020-12-10,Placer,061,380077,10844,8906,312,9218,90
2020-12-10,Plumas,063,18699,355,281,9,290,0
2020-12-10,Riverside,065,2383286,129873,112794,4227,117021,1552
2020-12-10,Sacramento,067,1510023,51696,46471,306,46777,664
2020-12-10,San Benito,069,59416,2576,2268,20,2288,19
2020-12-10,San Bernardino,071,2135413,142756,120186,3389,123575,1306
2020-12-10,San Diego,073,3302833,113850,99601,4766,104367,1114
2020-12-10,San Francisco,075,870044,19302,17945,153,18098,164
2020-12-10,San Joaquin,077,732212,35677,31228,899,32127,534
2020-12-10,San Luis Obispo,079,281455,8243,7245,163,7408,49
2020-12-10,San Mateo,081,765935,19599,16701,24,16725,177
2020-12-10,Santa Barbara,083,443738,14638,12788,304,13092,143
2020-12-10,Santa Clara,085,1922200,51754,43939,165,44104,491
2020-12-10,Santa Cruz,087,273765,6641,5645,129,5774,48
2020-12-10,Shasta,089,179085,7070,6312,426,6738,53
2020-12-10,Sierra,091,2930,23,18,0,18,0
2020-12-10,Siskiyou,093,43540,868,712,66,778,2
2020-12-10,Solano,095,438530,14108,12017,129,12146,90
2020-12-10,Sonoma,097,501317,15604,14282,93,14375,167
2020-12-10,Stanislaus,099,539301,28186,25582,2165,27747,464
2020-12-10,Sutter,101,95872,5137,4528,27,4555,27
2020-12-10,Tehama,103,63373,2407,2190,141,2331,9
2020-12-10,Trinity,105,12862,335,202,33,235,1
2020-12-10,Tulare,107,460477,27347,24506,2522,27028,337
2020-12-10,Tuolumne,109,53932,1726,1451,7,1458,8
2020-12-10,Ventura,111,848112,28547,24075,976,25051,202
2020-12-10,Yolo,113,214977,6689,5896,31,5927,95
2020-12-10,Yuba,115,75493,2921,2604,23,2627,10
2020-12-09,Alameda,001,1643700,39467,35047,577,35624,470
2020-12-09,Alpine,003,1148,66,58,0,58,0
2020-12-09,Amador,005,37829,1646,1121,8,1129,19
2020-12-09,Butte,007,227075,5558,4733,452,5185,70
2020-12-09,Calaveras,009,45235,746,670,0,670,21
2020-12-09,Colusa,011,21464,1021,896,27,923,7
2020-12-09,Contra Costa,013,1133247,31105,28308,277,28585,273
2020-12-09,Del Norte,015,27424,569,481,0,481,2
2020-12-09,El Dorado,017,186661,4344,3449,90,3539,8
2020-12-09,Fresno,019,978130,53145,41954,2607,44561,533
2020-12-09,Glenn,021,27897,1232,1107,116,1223,8
2020-12-09,Humboldt,023,135768,1305,1086,4,1090,10
2020-12-09,Imperial,025,180216,19889,17757,218,17975,368
2020-12-09,Inyo,027,18085,428,356,13,369,15
2020-12-09,Kern,029,883053,51605,46379,2799,49178,494
2020-12-09,Kings,031,150075,13747,12716,338,13054,92
2020-12-09,Lake,033,64148,1363,1158,0,1158,20
2020-12-09,Lassen,035,31185,3349,2331,16,2347,0
2020-12-09,Los Angeles,037,10098052,527487,467971,10722,478693,8075
2020-12-09,Madera,039,155013,8280,7216,253,7469,59
2020-12-09,Marin,041,260295,8536,8182,49,8231,138
2020-12-09,Mariposa,043,17540,183,154,2,156,3
2020-12-09,Mendocino,045,87422,1935,1703,15,1718,24
2020-12-09,Merced,047,269075,14987,13588,208,13796,183
2020-12-09,Modoc,049,8938,181,146,43,189,0
2020-12-09,Mono,051,14174,707,601,11,612,3
2020-12-09,Monterey,053,433212,20689,17891,415,18306,143
2020-12-09,Napa,055,140530,4456,3858,19,3877,21
2020-12-09,Nevada,057,99092,2155,1864,58,1922,10
2020-12-09,Orange,059,3164182,110098,93763,3610,97373,1629
2020-12-09,Placer,061,380077,10583,8588,298,8886,85
2020-12-09,Plumas,063,18699,347,271,9,280,0
2020-12-09,Riverside,065,2383286,126182,110376,4020,114396,1543
2020-12-09,Sacramento,067,1510023,50634,45284,278,45562,659
2020-12-09,San Benito,069,59416,2503,2217,17,2234,19
2020-12-09,San Bernardino,071,2135413,138482,114516,3190,117706,1305
2020-12-09,San Diego,073,3302833,110870,97551,4627,102178,1103
2020-12-09,San Francisco,075,870044,19001,17628,152,17780,163
2020-12-09,San Joaquin,077,732212,34858,30539,874,31413,531
2020-12-09,San Luis Obispo,079,281455,8024,7105,155,7260,47
2020-12-09,San Mateo,081,765935,19148,16422,23,16445,175
2020-12-09,Santa Barbara,083,443738,14436,12630,294,12924,142
2020-12-09,Santa Clara,085,1922200,50607,42912,149,43061,489
2020-12-09,Santa Cruz,087,273765,6483,5527,113,5640,47
2020-12-09,Shasta,089,179085,7005,6105,411,6516,52
2020-12-09,Sierra,091,2930,23,18,0,18,0
2020-12-09,Siskiyou,093,43540,857,713,65,778,2
2020-12-09,Solano,095,438530,13760,11862,121,11983,90
2020-12-09,Sonoma,097,501317,15348,13994,90,14084,164
2020-12-09,Stanislaus,099,539301,27689,25157,2103,27260,463
2020-12-09,Sutter,101,95872,5019,4418,23,4441,24
2020-12-09,Tehama,103,63373,2371,2102,137,2239,9
2020-12-09,Trinity,105,12862,327,199,32,231,0
2020-12-09,Tulare,107,460477,26754,24124,2441,26565,334
2020-12-09,Tuolumne,109,53932,1692,1319,7,1326,8
2020-12-09,Ventura,111,848112,27685,23830,932,24762,201
2020-12-09,Yolo,113,214977,6565,5760,29,5789,95
2020-12-09,Yuba,115,75493,2853,2513,22,2535,10
2020-12-08,Alameda,001,1643700,38570,34373,560,34933,469
2020-12-08,Alpine,003,1148,65,53,0,53,0
2020-12-08,Amador,005,37829,1360,1043,8,1051,17
2020-12-08,Butte,007,227075,5400,4651,410,5061,70
2020-12-08,Calaveras,009,45235,721,657,0,657,21
2020-12-08,Colusa,011,21464,1005,875,26,901,6
2020-12-08,Contra Costa,013,1133247,30403,27926,260,28186,270
2020-12-08,Del Norte,015,27424,553,465,0,465,2
2020-12-08,El Dorado,017,186661,4220,3296,77,3373,8
2020-12-08,Fresno,019,978130,51886,41574,2442,44016,529
2020-12-08,Glenn,021,27897,1212,1094,108,1202,8
2020-12-08,Humboldt,023,135768,1279,1059,4,1063,10
2020-12-08,Imperial,025,180216,19372,17568,210,17778,363
2020-12-08,Inyo,027,18085,405,333,13,346,15
2020-12-08,Kern,029,883053,50312,45116,2642,47758,487
2020-12-08,Kings,031,150075,13594,12623,328,12951,90
2020-12-08,Lake,033,64148,1322,1127,0,1127,20
2020-12-08,Lassen,035,31185,3193,2165,16,2181,0
2020-12-08,Los Angeles,037,10098052,514818,459738,10233,469971,8004
2020-12-08,Madera,039,155013,8149,7082,239,7321,59
2020-12-08,Marin,041,260295,8456,8099,48,8147,137
2020-12-08,Mariposa,043,17540,179,150,2,152,2
2020-12-08,Mendocino,045,87422,1893,1666,15,1681,23
2020-12-08,Merced,047,269075,14678,13380,207,13587,181
2020-12-08,Modoc,049,8938,173,138,40,178,0
2020-12-08,Mono,051,14174,693,597,11,608,3
2020-12-08,Monterey,053,433212,20121,17752,408,18160,134
2020-12-08,Napa,055,140530,4368,3778,18,3796,22
2020-12-08,Nevada,057,99092,2101,1809,55,1864,11
2020-12-08,Orange,059,3164182,106874,91406,3442,94848,1629
2020-12-08,Placer,061,380077,10315,8224,292,8516,82
2020-12-08,Plumas,063,18699,337,258,9,267,0
2020-12-08,Riverside,065,2383286,122823,107620,3839,111459,1514
2020-12-08,Sacramento,067,1510023,49570,44635,261,44896,649
2020-12-08,San Benito,069,59416,2450,2180,17,2197,18
2020-12-08,San Bernardino,071,2135413,134133,110676,3060,113736,1301
2020-12-08,San Diego,073,3302833,107499,95447,4470,99917,1088
2020-12-08,San Francisco,075,870044,18690,17384,150,17534,162
2020-12-08,San Joaquin,077,732212,33965,30225,841,31066,530
2020-12-08,San Luis Obispo,079,281455,7895,6903,144,7047,45
2020-12-08,San Mateo,081,765935,18748,16305,23,16328,175
2020-12-08,Santa Barbara,083,443738,14252,12516,284,12800,141
2020-12-08,Santa Clara,085,1922200,49299,41309,140,41449,484
2020-12-08,Santa Cruz,087,273765,6306,5374,110,5484,45
2020-12-08,Shasta,089,179085,6896,5946,403,6349,50
2020-12-08,Sierra,091,2930,22,18,0,18,0
2020-12-08,Siskiyou,093,43540,843,704,63,767,2
2020-12-08,Solano,095,438530,13358,11669,119,11788,89
2020-12-08,Sonoma,097,501317,15089,13601,89,13690,164
2020-12-08,Stanislaus,099,539301,27200,24793,2038,26831,461
2020-12-08,Sutter,101,95872,4923,4342,22,4364,24
2020-12-08,Tehama,103,63373,2291,2057,129,2186,9
2020-12-08,Trinity,105,12862,318,198,31,229,0
2020-12-08,Tulare,107,460477,26151,23607,2375,25982,330
2020-12-08,Tuolumne,109,53932,1668,1264,7,1271,7
2020-12-08,Ventura,111,848112,27024,23665,888,24553,195
2020-12-08,Yolo,113,214977,6433,5560,29,5589,90
2020-12-08,Yuba,115,75493,2776,2477,22,2499,10
2020-12-07,Alameda,001,1643700,37703,33887,525,34412,466
2020-12-07,Alpine,003,1148,64,53,0,53,0
2020-12-07,Amador,005,37829,1285,993,7,1000,17
2020-12-07,Butte,007,227075,5264,4604,387,4991,67
2020-12-07,Calaveras,009,45235,689,606,0,606,21
2020-12-07,Colusa,011,21464,980,825,24,849,6
2020-12-07,Contra Costa,013,1133247,29787,27307,247,27554,270
2020-12-07,Del Norte,015,27424,541,424,0,424,2
2020-12-07,El Dorado,017,186661,4040,3275,70,3345,8
2020-12-07,Fresno,019,978130,50415,41098,2314,43412,526
2020-12-07,Glenn,021,27897,1193,1085,102,1187,8
2020-12-07,Humboldt,023,135768,1244,1023,4,1027,9
2020-12-07,Imperial,025,180216,18950,17234,198,17432,364
2020-12-07,Inyo,027,18085,390,333,11,344,15
2020-12-07,Kern,029,883053,49288,44409,2502,46911,486
2020-12-07,Kings,031,150075,13451,12412,317,12729,90
2020-12-07,Lake,033,64148,1293,1090,0,1090,20
2020-12-07,Lassen,035,31185,3096,2167,16,2183,0
2020-12-07,Los Angeles,037,10098052,501169,451052,9783,460835,7937
2020-12-07,Madera,039,155013,7884,6935,233,7168,59
2020-12-07,Marin,041,260295,8398,8049,47,8096,136
2020-12-07,Mariposa,043,17540,176,146,2,148,2
2020-12-07,Mendocino,045,87422,1857,1638,13,1651,23
2020-12-07,Merced,047,269075,14319,13250,197,13447,179
2020-12-07,Modoc,049,8938,166,128,37,165,0
2020-12-07,Mono,051,14174,680,590,11,601,3
2020-12-07,Monterey,053,433212,19640,17746,396,18142,132
2020-12-07,Napa,055,140530,4277,3684,18,3702,21
2020-12-07,Nevada,057,99092,2052,1777,54,1831,11
2020-12-07,Orange,059,3164182,103611,89793,3323,93116,1628
2020-12-07,Placer,061,380077,9988,7911,278,8189,82
2020-12-07,Plumas,063,18699,325,256,5,261,0
2020-12-07,Riverside,065,2383286,119624,102363,3654,106017,1491
2020-12-07,Sacramento,067,1510023,48474,43419,243,43662,638
2020-12-07,San Benito,069,59416,2399,2165,16,2181,18
2020-12-07,San Bernardino,071,2135413,130187,108161,2940,111101,1295
2020-12-07,San Diego,073,3302833,104709,94171,4290,98461,1062
2020-12-07,San Francisco,075,870044,18399,17220,142,17362,161
2020-12-07,San Joaquin,077,732212,33090,28188,814,29002,530
2020-12-07,San Luis Obispo,079,281455,7713,6782,137,6919,45
2020-12-07,San Mateo,081,765935,18307,16029,22,16051,175
2020-12-07,Santa Barbara,083,443738,14009,12362,273,12635,141
2020-12-07,Santa Clara,085,1922200,47912,40621,131,40752,484
2020-12-07,Santa Cruz,087,273765,6140,5152,103,5255,41
2020-12-07,Shasta,089,179085,6772,5742,388,6130,50
2020-12-07,Sierra,091,2930,20,18,0,18,0
2020-12-07,Siskiyou,093,43540,817,652,62,714,2
2020-12-07,Solano,095,438530,13018,11354,115,11469,89
2020-12-07,Sonoma,097,501317,14804,13376,89,13465,164
2020-12-07,Stanislaus,099,539301,26640,24479,1986,26465,454
2020-12-07,Sutter,101,95872,4782,4106,22,4128,24
2020-12-07,Tehama,103,63373,2237,2030,123,2153,9
2020-12-07,Trinity,105,12862,314,194,31,225,0
2020-12-07,Tulare,107,460477,25616,22760,2314,25074,328
2020-12-07,Tuolumne,109,53932,1582,1256,6,1262,7
2020-12-07,Ventura,111,848112,26438,23354,851,24205,191
2020-12-07,Yolo,113,214977,6269,5537,28,5565,90
2020-12-07,Yuba,115,75493,2708,2428,20,2448,10
2020-12-06,Alameda,001,1643700,36728,33477,504,33981,465
2020-12-06,Alpine,003,1148,60,53,0,53,0
2020-12-06,Amador,005,37829,1222,952,6,958,17
2020-12-06,Butte,007,227075,5111,4527,352,4879,67
2020-12-06,Calaveras,009,45235,670,606,0,606,21
2020-12-06,Colusa,011,21464,963,824,21,845,6
2020-12-06,Contra Costa,013,1133247,29181,26566,239,26805,270
2020-12-06,Del Norte,015,27424,487,414,0,414,2
2020-12-06,El Dorado,017,186661,3903,3086,65,3151,8
2020-12-06,Fresno,019,978130,49465,40869,2195,43064,526
2020-12-06,Glenn,021,27897,1183,1067,98,1165,8
2020-12-06,Humboldt,023,135768,1219,1004,4,1008,9
2020-12-06,Imperial,025,180216,18640,16922,188,17110,364
2020-12-06,Inyo,027,18085,377,333,11,344,15
2020-12-06,Kern,029,883053,48299,43899,2328,46227,486
2020-12-06,Kings,031,150075,13181,12056,300,12356,90
2020-12-06,Lake,033,64148,1255,1075,0,1075,20
2020-12-06,Lassen,035,31185,2992,2168,14,2182,0
2020-12-06,Los Angeles,037,10098052,487594,443230,9330,452560,7910
2020-12-06,Madera,039,155013,7713,6826,225,7051,59
2020-12-06,Marin,041,260295,8318,8013,45,8058,136
2020-12-06,Mariposa,043,17540,175,144,2,146,2
2020-12-06,Mendocino,045,87422,1817,1614,13,1627,23
2020-12-06,Merced,047,269075,13984,12928,188,13116,179
2020-12-06,Modoc,049,8938,153,125,29,154,0
2020-12-06,Mono,051,14174,658,586,9,595,3
2020-12-06,Monterey,053,433212,19021,17426,386,17812,130
2020-12-06,Napa,055,140530,4165,3644,18,3662,21
2020-12-06,Nevada,057,99092,1993,1710,51,1761,10
2020-12-06,Orange,059,3164182,100545,87737,3193,90930,1627
2020-12-06,Placer,061,380077,9706,7837,257,8094,82
2020-12-06,Plumas,063,18699,312,254,4,258,0
2020-12-06,Riverside,065,2383286,116540,100088,3423,103511,1482
2020-12-06,Sacramento,067,1510023,47233,42808,228,43036,638
2020-12-06,San Benito,069,59416,2362,2135,16,2151,18
2020-12-06,San Bernardino,071,2135413,126045,106927,2781,109708,1286
2020-12-06,San Diego,073,3302833,101677,92173,4136,96309,1062
2020-12-06,San Francisco,075,870044,18077,17107,134,17241,161
2020-12-06,San Joaquin,077,732212,32256,28188,785,28973,530
2020-12-06,San Luis Obispo,079,281455,7547,6723,133,6856,45
2020-12-06,San Mateo,081,765935,17802,15855,19,15874,175
2020-12-06,Santa Barbara,083,443738,13777,12252,264,12516,141
2020-12-06,Santa Clara,085,1922200,46536,39112,125,39237,482
2020-12-06,Santa Cruz,087,273765,5966,5069,97,5166,40
2020-12-06,Shasta,089,179085,6631,5743,366,6109,49
2020-12-06,Sierra,091,2930,20,17,0,17,0
2020-12-06,Siskiyou,093,43540,799,652,60,712,2
2020-12-06,Solano,095,438530,12731,11354,105,11459,88
2020-12-06,Sonoma,097,501317,14515,13238,88,13326,164
2020-12-06,Stanislaus,099,539301,26088,24036,1921,25957,454
2020-12-06,Sutter,101,95872,4666,4009,21,4030,21
2020-12-06,Tehama,103,63373,2178,1982,114,2096,9
2020-12-06,Trinity,105,12862,307,181,29,210,0
2020-12-06,Tulare,107,460477,25091,22756,2245,25001,327
2020-12-06,Tuolumne,109,53932,1479,1210,6,1216,7
2020-12-06,Ventura,111,848112,25895,23035,824,23859,191
2020-12-06,Yolo,113,214977,6108,5465,23,5488,90
2020-12-06,Yuba,115,75493,2664,2340,19,2359,10
2020-12-05,Alameda,001,1643700,36370,32781,493,33274,465
2020-12-05,Alpine,003,1148,59,53,0,53,0
2020-12-05,Amador,005,37829,1198,847,6,853,17
2020-12-05,Butte,007,227075,5043,4455,333,4788,66
2020-12-05,Calaveras,009,45235,659,606,0,606,21
2020-12-05,Colusa,011,21464,945,825,18,843,6
2020-12-05,Contra Costa,013,1133247,28889,26217,232,26449,270
2020-12-05,Del Norte,015,27424,481,408,0,408,2
2020-12-05,El Dorado,017,186661,3838,3061,60,3121,8
2020-12-05,Fresno,019,978130,49145,40568,2139,42707,525
2020-12-05,Glenn,021,27897,1170,1056,92,1148,8
2020-12-05,Humboldt,023,135768,1186,979,4,983,9
2020-12-05,Imperial,025,180216,18474,16544,186,16730,362
2020-12-05,Inyo,027,18085,372,332,11,343,15
2020-12-05,Kern,029,883053,47837,43332,2239,45571,484
2020-12-05,Kings,031,150075,13102,11898,297,12195,90
2020-12-05,Lake,033,64148,1230,1069,0,1069,20
2020-12-05,Lassen,035,31185,2801,2168,12,2180,0
2020-12-05,Los Angeles,037,10098052,481802,433120,9003,442123,7888
2020-12-05,Madera,039,155013,7620,6619,218,6837,59
2020-12-05,Marin,041,260295,8291,7961,45,8006,136
2020-12-05,Mariposa,043,17540,170,143,2,145,2
2020-12-05,Mendocino,045,87422,1778,1585,13,1598,23
2020-12-05,Merced,047,269075,13877,12747,177,12924,180
2020-12-05,Modoc,049,8938,153,118,28,146,0
2020-12-05,Mono,051,14174,653,554,9,563,3
2020-12-05,Monterey,053,433212,18875,17077,382,17459,127
2020-12-05,Napa,055,140530,4095,3565,18,3583,21
2020-12-05,Nevada,057,99092,1978,1642,49,1691,10
2020-12-05,Orange,059,3164182,99088,85735,3097,88832,1612
2020-12-05,Placer,061,380077,9586,7811,248,8059,78
2020-12-05,Plumas,063,18699,305,246,1,247,0
2020-12-05,Riverside,065,2383286,114928,98612,3242,101854,1477
2020-12-05,Sacramento,067,1510023,46565,41878,213,42091,625
2020-12-05,San Benito,069,59416,2318,2073,16,2089,18
2020-12-05,San Bernardino,071,2135413,124522,105382,2650,108032,1283
2020-12-05,San Diego,073,3302833,100325,90470,4056,94526,1055
2020-12-05,San Francisco,075,870044,17893,16786,130,16916,161
2020-12-05,San Joaquin,077,732212,31993,28105,751,28856,523
2020-12-05,San Luis Obispo,079,281455,7480,6623,130,6753,44
2020-12-05,San Mateo,081,765935,17544,15512,19,15531,175
2020-12-05,Santa Barbara,083,443738,13677,12107,258,12365,141
2020-12-05,Santa Clara,085,1922200,45798,38339,120,38459,474
2020-12-05,Santa Cruz,087,273765,5892,4997,95,5092,40
2020-12-05,Shasta,089,179085,6570,5653,355,6008,49
2020-12-05,Sierra,091,2930,20,17,0,17,0
2020-12-05,Siskiyou,093,43540,791,649,59,708,2
2020-12-05,Solano,095,438530,12562,11351,103,11454,87
2020-12-05,Sonoma,097,501317,14419,13137,88,13225,164
2020-12-05,Stanislaus,099,539301,25779,23662,1885,25547,454
2020-12-05,Sutter,101,95872,4599,3937,21,3958,20
2020-12-05,Tehama,103,63373,2162,1926,112,2038,9
2020-12-05,Trinity,105,12862,306,177,29,206,0
2020-12-05,Tulare,107,460477,24876,22660,2184,24844,324
2020-12-05,Tuolumne,109,53932,1420,1180,6,1186,7
2020-12-05,Ventura,111,848112,25526,22710,809,23519,191
2020-12-05,Yolo,113,214977,6031,5351,22,5373,90
2020-12-05,Yuba,115,75493,2627,2275,19,2294,10
2020-12-04,Alameda,001,1643700,35821,31871,480,32351,465
2020-12-04,Alpine,003,1148,59,53,0,53,0
2020-12-04,Amador,005,37829,1184,766,3,769,16
2020-12-04,Butte,007,227075,4972,4336,311,4647,65
2020-12-04,Calaveras,009,45235,654,585,0,585,21
2020-12-04,Colusa,011,21464,931,790,17,807,6
2020-12-04,Contra Costa,013,1133247,28546,25705,220,25925,264
2020-12-04,Del Norte,015,27424,470,401,0,401,2
2020-12-04,El Dorado,017,186661,3750,2933,57,2990,7
2020-12-04,Fresno,019,978130,48436,40108,2071,42179,522
2020-12-04,Glenn,021,27897,1164,1017,84,1101,8
2020-12-04,Humboldt,023,135768,1168,960,4,964,9
2020-12-04,Imperial,025,180216,18231,16484,186,16670,362
2020-12-04,Inyo,027,18085,364,324,11,335,15
2020-12-04,Kern,029,883053,47286,42497,2134,44631,485
2020-12-04,Kings,031,150075,13009,11767,291,12058,88
2020-12-04,Lake,033,64148,1202,1018,0,1018,20
2020-12-04,Lassen,035,31185,2794,2167,10,2177,0
2020-12-04,Los Angeles,037,10098052,473195,424164,8697,432861,7845
2020-12-04,Madera,039,155013,7529,6479,215,6694,58
2020-12-04,Marin,041,260295,8240,7896,43,7939,136
2020-12-04,Mariposa,043,17540,170,136,2,138,2
2020-12-04,Mendocino,045,87422,1759,1563,12,1575,23
2020-12-04,Merced,047,269075,13762,12474,169,12643,177
2020-12-04,Modoc,049,8938,153,115,28,143,0
2020-12-04,Mono,051,14174,648,549,9,558,3
2020-12-04,Monterey,053,433212,18670,16737,373,17110,127
2020-12-04,Napa,055,140530,4042,3432,18,3450,19
2020-12-04,Nevada,057,99092,1953,1560,46,1606,10
2020-12-04,Orange,059,3164182,97167,83738,3031,86769,1597
2020-12-04,Placer,061,380077,9460,7461,234,7695,76
2020-12-04,Plumas,063,18699,298,232,0,232,0
2020-12-04,Riverside,065,2383286,112731,95255,3084,98339,1475
2020-12-04,Sacramento,067,1510023,45800,41061,196,41257,618
2020-12-04,San Benito,069,59416,2285,2006,16,2022,17
2020-12-04,San Bernardino,071,2135413,122251,102418,2541,104959,1290
2020-12-04,San Diego,073,3302833,98842,88183,3969,92152,1047
2020-12-04,San Francisco,075,870044,17703,16499,130,16629,161
2020-12-04,San Joaquin,077,732212,31556,27806,714,28520,522
2020-12-04,San Luis Obispo,079,281455,7395,6473,127,6600,42
2020-12-04,San Mateo,081,765935,17256,15112,18,15130,173
2020-12-04,Santa Barbara,083,443738,13571,11947,250,12197,141
2020-12-04,Santa Clara,085,1922200,44879,37465,114,37579,468
2020-12-04,Santa Cruz,087,273765,5805,4985,93,5078,32
2020-12-04,Shasta,089,179085,6482,5439,345,5784,49
2020-12-04,Sierra,091,2930,19,17,0,17,0
2020-12-04,Siskiyou,093,43540,784,639,56,695,2
2020-12-04,Solano,095,438530,12416,11037,100,11137,87
2020-12-04,Sonoma,097,501317,14271,12962,87,13049,164
2020-12-04,Stanislaus,099,539301,25509,23206,1839,25045,448
2020-12-04,Sutter,101,95872,4526,3791,16,3807,20
2020-12-04,Tehama,103,63373,2122,1876,107,1983,9
2020-12-04,Trinity,105,12862,304,172,29,201,0
2020-12-04,Tulare,107,460477,24593,22273,2109,24382,322
2020-12-04,Tuolumne,109,53932,1389,1134,6,1140,7
2020-12-04,Ventura,111,848112,25149,22024,792,22816,189
2020-12-04,Yolo,113,214977,5957,5294,21,5315,87
2020-12-04,Yuba,115,75493,2584,2225,18,2243,10
2020-12-03,Alameda,001,1643700,35060,31184,461,31645,465
2020-12-03,Alpine,003,1148,58,53,0,53,0
2020-12-03,Amador,005,37829,1133,653,3,656,16
2020-12-03,Butte,007,227075,4876,4305,291,4596,65
2020-12-03,Calaveras,009,45235,635,572,0,572,21
2020-12-03,Colusa,011,21464,918,774,17,791,6
2020-12-03,Contra Costa,013,1133247,28045,25464,213,25677,265
2020-12-03,Del Norte,015,27424,466,388,0,388,2
2020-12-03,El Dorado,017,186661,3624,2740,55,2795,6
2020-12-03,Fresno,019,978130,47684,39680,1997,41677,516
2020-12-03,Glenn,021,27897,1146,997,76,1073,8
2020-12-03,Humboldt,023,135768,1138,923,4,927,9
2020-12-03,Imperial,025,180216,18026,16436,175,16611,359
2020-12-03,Inyo,027,18085,361,321,11,332,15
2020-12-03,Kern,029,883053,46439,42062,2031,44093,483
2020-12-03,Kings,031,150075,12909,11658,279,11937,87
2020-12-03,Lake,033,64148,1187,991,0,991,20
2020-12-03,Lassen,035,31185,2754,2128,9,2137,0
2020-12-03,Los Angeles,037,10098052,463104,415805,8330,424135,7787
2020-12-03,Madera,039,155013,7406,6398,210,6608,58
2020-12-03,Marin,041,260295,8180,7861,39,7900,136
2020-12-03,Mariposa,043,17540,166,132,2,134,2
2020-12-03,Mendocino,045,87422,1742,1547,8,1555,23
2020-12-03,Merced,047,269075,13517,12310,161,12471,177
2020-12-03,Modoc,049,8938,151,114,28,142,0
2020-12-03,Mono,051,14174,626,527,9,536,3
2020-12-03,Monterey,053,433212,18208,16218,362,16580,125
2020-12-03,Napa,055,140530,3929,3360,18,3378,19
2020-12-03,Nevada,057,99092,1875,1472,45,1517,10
2020-12-03,Orange,059,3164182,94631,82187,2961,85148,1591
2020-12-03,Placer,061,380077,9260,7270,218,7488,73
2020-12-03,Plumas,063,18699,284,223,0,223,0
2020-12-03,Riverside,065,2383286,109976,92489,2914,95403,1461
2020-12-03,Sacramento,067,1510023,44741,40280,181,40461,614
2020-12-03,San Benito,069,59416,2239,1967,16,1983,16
2020-12-03,San Bernardino,071,2135413,118930,100787,2454,103241,1283
2020-12-03,San Diego,073,3302833,97027,86144,3851,89995,1040
2020-12-03,San Francisco,075,870044,17481,16236,129,16365,161
2020-12-03,San Joaquin,077,732212,30834,27239,666,27905,522
2020-12-03,San Luis Obispo,079,281455,7227,6388,126,6514,42
2020-12-03,San Mateo,081,765935,16904,14909,18,14927,173
2020-12-03,Santa Barbara,083,443738,13443,11829,244,12073,141
2020-12-03,Santa Clara,085,1922200,43683,36621,108,36729,465
2020-12-03,Santa Cruz,087,273765,5662,4850,89,4939,28
2020-12-03,Shasta,089,179085,6373,5330,338,5668,48
2020-12-03,Sierra,091,2930,19,17,0,17,0
2020-12-03,Siskiyou,093,43540,769,629,53,682,2
2020-12-03,Solano,095,438530,12202,10857,97,10954,87
2020-12-03,Sonoma,097,501317,14028,12772,86,12858,164
2020-12-03,Stanislaus,099,539301,25102,22821,1786,24607,447
2020-12-03,Sutter,101,95872,4444,3727,15,3742,20
2020-12-03,Tehama,103,63373,2070,1832,97,1929,9
2020-12-03,Trinity,105,12862,301,166,29,195,0
2020-12-03,Tulare,107,460477,24194,21993,2015,24008,321
2020-12-03,Tuolumne,109,53932,1348,1105,6,1111,7
2020-12-03,Ventura,111,848112,24447,21555,778,22333,187
2020-12-03,Yolo,113,214977,5819,5069,21,5090,87
2020-12-03,Yuba,115,75493,2514,2182,17,2199,10
2020-12-02,Alameda,001,1643700,34435,30697,449,31146,463
2020-12-02,Alpine,003,1148,57,52,0,52,0
2020-12-02,Amador,005,37829,1061,585,3,588,16
2020-12-02,Butte,007,227075,4754,4243,281,4524,65
2020-12-02,Calaveras,009,45235,619,553,0,553,21
2020-12-02,Colusa,011,21464,902,756,16,772,6
2020-12-02,Contra Costa,013,1133247,27585,25147,201,25348,264
2020-12-02,Del Norte,015,27424,452,384,0,384,2
2020-12-02,El Dorado,017,186661,3523,2638,49,2687,5
2020-12-02,Fresno,019,978130,46928,39324,1894,41218,507
2020-12-02,Glenn,021,27897,1129,995,68,1063,7
2020-12-02,Humboldt,023,135768,1112,899,4,903,9
2020-12-02,Imperial,025,180216,17601,16360,166,16526,356
2020-12-02,Inyo,027,18085,354,314,11,325,15
2020-12-02,Kern,029,883053,45544,41660,1929,43589,479
2020-12-02,Kings,031,150075,12556,11531,265,11796,86
2020-12-02,Lake,033,64148,1157,971,0,971,20
2020-12-02,Lassen,035,31185,2695,2115,9,2124,0
2020-12-02,Los Angeles,037,10098052,453061,408289,7987,416276,7739
2020-12-02,Madera,039,155013,7282,6370,203,6573,57
2020-12-02,Marin,041,260295,8133,7819,37,7856,136
2020-12-02,Mariposa,043,17540,163,131,2,133,2
2020-12-02,Mendocino,045,87422,1709,1524,8,1532,23
2020-12-02,Merced,047,269075,13274,12168,154,12322,173
2020-12-02,Modoc,049,8938,148,113,28,141,0
2020-12-02,Mono,051,14174,617,520,9,529,3
2020-12-02,Monterey,053,433212,17730,16064,323,16387,121
2020-12-02,Napa,055,140530,3826,3298,17,3315,19
2020-12-02,Nevada,057,99092,1813,1430,44,1474,9
2020-12-02,Orange,059,3164182,92435,81046,2881,83927,1569
2020-12-02,Placer,061,380077,9027,6941,203,7144,73
2020-12-02,Plumas,063,18699,271,218,0,218,0
2020-12-02,Riverside,065,2383286,107258,90089,2730,92819,1451
2020-12-02,Sacramento,067,1510023,43703,39334,170,39504,597
2020-12-02,San Benito,069,59416,2174,1921,16,1937,16
2020-12-02,San Bernardino,071,2135413,115364,98567,2340,100907,1240
2020-12-02,San Diego,073,3302833,95111,84640,3736,88376,1035
2020-12-02,San Francisco,075,870044,17244,16058,127,16185,157
2020-12-02,San Joaquin,077,732212,30213,26740,642,27382,519
2020-12-02,San Luis Obispo,079,281455,7129,6324,123,6447,42
2020-12-02,San Mateo,081,765935,16541,14757,17,14774,170
2020-12-02,Santa Barbara,083,443738,13290,11705,232,11937,140
2020-12-02,Santa Clara,085,1922200,42569,35878,108,35986,458
2020-12-02,Santa Cruz,087,273765,5530,4766,86,4852,27
2020-12-02,Shasta,089,179085,6249,5188,321,5509,47
2020-12-02,Sierra,091,2930,19,17,0,17,0
2020-12-02,Siskiyou,093,43540,753,624,51,675,1
2020-12-02,Solano,095,438530,11956,10701,93,10794,87
2020-12-02,Sonoma,097,501317,13788,12635,85,12720,163
2020-12-02,Stanislaus,099,539301,24605,22615,1726,24341,448
2020-12-02,Sutter,101,95872,4283,3604,15,3619,18
2020-12-02,Tehama,103,63373,2026,1800,82,1882,9
2020-12-02,Trinity,105,12862,292,165,29,194,0
2020-12-02,Tulare,107,460477,23815,21789,1932,23721,321
2020-12-02,Tuolumne,109,53932,1307,1076,6,1082,7
2020-12-02,Ventura,111,848112,24036,21208,760,21968,186
2020-12-02,Yolo,113,214977,5708,5053,20,5073,87
2020-12-02,Yuba,115,75493,2437,2119,16,2135,10
2020-12-01,Alameda,001,1643700,33748,30252,437,30689,460
2020-12-01,Alpine,003,1148,57,41,0,41,0
2020-12-01,Amador,005,37829,914,575,2,577,16
2020-12-01,Butte,007,227075,4649,4177,266,4443,65
2020-12-01,Calaveras,009,45235,601,544,0,544,21
2020-12-01,Colusa,011,21464,885,747,16,763,6
2020-12-01,Contra Costa,013,1133247,27012,24788,193,24981,264
2020-12-01,Del Norte,015,27424,424,357,0,357,2
2020-12-01,El Dorado,017,186661,3378,2542,44,2586,4
2020-12-01,Fresno,019,978130,46026,39004,1812,40816,505
2020-12-01,Glenn,021,27897,1108,989,64,1053,7
2020-12-01,Humboldt,023,135768,1081,886,4,890,9
2020-12-01,Imperial,025,180216,17288,16278,163,16441,356
2020-12-01,Inyo,027,18085,347,304,10,314,15
2020-12-01,Kern,029,883053,44741,41345,1797,43142,478
2020-12-01,Kings,031,150075,12242,11415,249,11664,86
2020-12-01,Lake,033,64148,1139,969,0,969,19
2020-12-01,Lassen,035,31185,2529,2047,8,2055,0
2020-12-01,Los Angeles,037,10098052,442708,403266,7651,410917,7704
2020-12-01,Madera,039,155013,7165,6270,193,6463,57
2020-12-01,Marin,041,260295,8063,7787,36,7823,136
2020-12-01,Mariposa,043,17540,158,128,2,130,2
2020-12-01,Mendocino,045,87422,1675,1497,8,1505,23
2020-12-01,Merced,047,269075,13031,12032,145,12177,172
2020-12-01,Modoc,049,8938,143,113,24,137,0
2020-12-01,Mono,051,14174,604,520,9,529,3
2020-12-01,Monterey,053,433212,17223,15835,313,16148,121
2020-12-01,Napa,055,140530,3742,3124,16,3140,19
2020-12-01,Nevada,057,99092,1751,1411,43,1454,9
2020-12-01,Orange,059,3164182,90338,79468,2790,82258,1567
2020-12-01,Placer,061,380077,8703,6794,196,6990,72
2020-12-01,Plumas,063,18699,259,201,0,201,0
2020-12-01,Riverside,065,2383286,104450,88530,2564,91094,1448
2020-12-01,Sacramento,067,1510023,42655,38966,165,39131,589
2020-12-01,San Benito,069,59416,2119,1888,16,1904,15
2020-12-01,San Bernardino,071,2135413,111893,95854,2214,98068,1220
2020-12-01,San Diego,073,3302833,92854,83423,3626,87049,1019
2020-12-01,San Francisco,075,870044,16963,15797,123,15920,157
2020-12-01,San Joaquin,077,732212,29413,26432,620,27052,514
2020-12-01,San Luis Obispo,079,281455,6989,6264,118,6382,40
2020-12-01,San Mateo,081,765935,16216,14495,17,14512,170
2020-12-01,Santa Barbara,083,443738,13150,11611,222,11833,140
2020-12-01,Santa Clara,085,1922200,41312,35397,103,35500,452
2020-12-01,Santa Cruz,087,273765,5372,4638,78,4716,27
2020-12-01,Shasta,089,179085,6121,5077,300,5377,47
2020-12-01,Sierra,091,2930,19,17,0,17,0
2020-12-01,Siskiyou,093,43540,739,608,47,655,1
2020-12-01,Solano,095,438530,11697,10604,87,10691,87
2020-12-01,Sonoma,097,501317,13583,12491,82,12573,163
2020-12-01,Stanislaus,099,539301,24149,22351,1668,24019,447
2020-12-01,Sutter,101,95872,4142,3538,15,3553,17
2020-12-01,Tehama,103,63373,1965,1773,71,1844,9
2020-12-01,Trinity,105,12862,279,165,24,189,0
2020-12-01,Tulare,107,460477,23360,21645,1859,23504,319
2020-12-01,Tuolumne,109,53932,1271,1052,3,1055,7
2020-12-01,Ventura,111,848112,23423,20604,738,21342,186
2020-12-01,Yolo,113,214977,5568,4928,20,4948,86
2020-12-01,Yuba,115,75493,2371,2088,15,2103,10
2020-11-30,Alameda,001,1643700,32932,29972,419,30391,457
2020-11-30,Alpine,003,1148,55,41,0,41,0
2020-11-30,Amador,005,37829,873,559,2,561,16
2020-11-30,Butte,007,227075,4532,4148,250,4398,65
2020-11-30,Calaveras,009,45235,578,478,0,478,21
2020-11-30,Colusa,011,21464,858,737,12,749,6
2020-11-30,Contra Costa,013,1133247,26434,24365,189,24554,264
2020-11-30,Del Norte,015,27424,401,339,0,339,2
2020-11-30,El Dorado,017,186661,3204,2488,39,2527,4
2020-11-30,Fresno,019,978130,44916,38712,1694,40406,500
2020-11-30,Glenn,021,27897,1085,954,59,1013,5
2020-11-30,Humboldt,023,135768,1034,870,4,874,9
2020-11-30,Imperial,025,180216,17035,16212,138,16350,356
2020-11-30,Inyo,027,18085,342,304,9,313,15
2020-11-30,Kern,029,883053,43979,40941,1659,42600,473
2020-11-30,Kings,031,150075,12095,11346,232,11578,85
2020-11-30,Lake,033,64148,1108,939,0,939,18
2020-11-30,Lassen,035,31185,2436,1793,8,1801,0
2020-11-30,Los Angeles,037,10098052,432051,396202,7314,403516,7658
2020-11-30,Madera,039,155013,6999,6210,179,6389,57
2020-11-30,Marin,041,260295,8020,7764,35,7799,136
2020-11-30,Mariposa,043,17540,151,123,2,125,2
2020-11-30,Mendocino,045,87422,1647,1482,8,1490,23
2020-11-30,Merced,047,269075,12756,11913,134,12047,172
2020-11-30,Modoc,049,8938,133,113,24,137,0
2020-11-30,Mono,051,14174,582,519,9,528,3
2020-11-30,Monterey,053,433212,16794,15837,305,16142,119
2020-11-30,Napa,055,140530,3642,3091,16,3107,18
2020-11-30,Nevada,057,99092,1665,1347,40,1387,9
2020-11-30,Orange,059,3164182,88227,78711,2694,81405,1568
2020-11-30,Placer,061,380077,8410,6575,183,6758,72
2020-11-30,Plumas,063,18699,248,192,0,192,0
2020-11-30,Riverside,065,2383286,101454,87722,2414,90136,1446
2020-11-30,Sacramento,067,1510023,41576,37834,157,37991,586
2020-11-30,San Benito,069,59416,2072,1875,15,1890,15
2020-11-30,San Bernardino,071,2135413,108166,92704,2097,94801,1220
2020-11-30,San Diego,073,3302833,90492,82045,3499,85544,997
2020-11-30,San Francisco,075,870044,16663,15638,120,15758,157
2020-11-30,San Joaquin,077,732212,28706,25742,594,26336,509
2020-11-30,San Luis Obispo,079,281455,6854,6224,116,6340,36
2020-11-30,San Mateo,081,765935,15856,14276,17,14293,170
2020-11-30,Santa Barbara,083,443738,12972,11572,215,11787,140
2020-11-30,Santa Clara,085,1922200,40104,35019,102,35121,451
2020-11-30,Santa Cruz,087,273765,5234,4558,74,4632,26
2020-11-30,Shasta,089,179085,5978,4933,267,5200,44
2020-11-30,Sierra,091,2930,19,16,0,16,0
2020-11-30,Siskiyou,093,43540,730,605,43,648,1
2020-11-30,Solano,095,438530,11435,10392,82,10474,87
2020-11-30,Sonoma,097,501317,13338,12232,78,12310,163
2020-11-30,Stanislaus,099,539301,23689,22110,1623,23733,446
2020-11-30,Sutter,101,95872,3985,3430,14,3444,16
2020-11-30,Tehama,103,63373,1917,1724,65,1789,9
2020-11-30,Trinity,105,12862,273,162,24,186,0
2020-11-30,Tulare,107,460477,22975,20833,1763,22596,319
2020-11-30,Tuolumne,109,53932,1226,1027,3,1030,7
2020-11-30,Ventura,111,848112,22665,20308,722,21030,180
2020-11-30,Yolo,113,214977,5456,4894,20,4914,81
2020-11-30,Yuba,115,75493,2310,2028,13,2041,10
2020-11-29,Alameda,001,1643700,32147,29918,397,30315,457
2020-11-29,Alpine,003,1148,52,41,0,41,0
2020-11-29,Amador,005,37829,722,548,2,550,16
2020-11-29,Butte,007,227075,4432,4008,230,4238,65
2020-11-29,Calaveras,009,45235,546,478,0,478,21
2020-11-29,Colusa,011,21464,829,723,8,731,6
2020-11-29,Contra Costa,013,1133247,25931,24165,183,24348,264
2020-11-29,Del Norte,015,27424,395,339,0,339,2
2020-11-29,El Dorado,017,186661,3074,2447,38,2485,4
2020-11-29,Fresno,019,978130,43964,38568,1620,40188,500
2020-11-29,Glenn,021,27897,1062,951,57,1008,4
2020-11-29,Humboldt,023,135768,1005,856,4,860,9
2020-11-29,Imperial,025,180216,16807,16138,110,16248,356
2020-11-29,Inyo,027,18085,327,289,9,298,15
2020-11-29,Kern,029,883053,43217,40596,1510,42106,473
2020-11-29,Kings,031,150075,11946,11247,212,11459,85
2020-11-29,Lake,033,64148,1084,927,0,927,18
2020-11-29,Lassen,035,31185,2333,1793,8,1801,0
2020-11-29,Los Angeles,037,10098052,421663,391162,7008,398170,7642
2020-11-29,Madera,039,155013,6856,6184,173,6357,57
2020-11-29,Marin,041,260295,7954,7739,33,7772,135
2020-11-29,Mariposa,043,17540,147,123,2,125,2
2020-11-29,Mendocino,045,87422,1613,1473,8,1481,23
2020-11-29,Merced,047,269075,12517,11773,125,11898,172
2020-11-29,Modoc,049,8938,129,105,22,127,0
2020-11-29,Mono,051,14174,559,515,9,524,3
2020-11-29,Monterey,053,433212,16483,15621,298,15919,119
2020-11-29,Napa,055,140530,3537,3090,15,3105,18
2020-11-29,Nevada,057,99092,1584,1311,38,1349,9
2020-11-29,Orange,059,3164182,86206,78057,2647,80704,1567
2020-11-29,Placer,061,380077,8114,6535,169,6704,72
2020-11-29,Plumas,063,18699,243,191,0,191,0
2020-11-29,Riverside,065,2383286,99065,87383,2256,89639,1442
2020-11-29,Sacramento,067,1510023,40499,37415,149,37564,585
2020-11-29,San Benito,069,59416,2028,1860,15,1875,15
2020-11-29,San Bernardino,071,2135413,104819,92052,1977,94029,1223
2020-11-29,San Diego,073,3302833,88080,81086,3347,84433,997
2020-11-29,San Francisco,075,870044,16382,15571,113,15684,153
2020-11-29,San Joaquin,077,732212,27965,25740,588,26328,509
2020-11-29,San Luis Obispo,079,281455,6732,6145,116,6261,36
2020-11-29,San Mateo,081,765935,15522,14177,17,14194,169
2020-11-29,Santa Barbara,083,443738,12816,11520,211,11731,140
2020-11-29,Santa Clara,085,1922200,38898,34234,96,34330,451
2020-11-29,Santa Cruz,087,273765,5075,4490,72,4562,26
2020-11-29,Shasta,089,179085,5805,4935,236,5171,43
2020-11-29,Sierra,091,2930,19,16,0,16,0
2020-11-29,Siskiyou,093,43540,707,590,41,631,1
2020-11-29,Solano,095,438530,11203,10393,78,10471,87
2020-11-29,Sonoma,097,501317,13086,12052,74,12126,163
2020-11-29,Stanislaus,099,539301,23194,21701,1586,23287,446
2020-11-29,Sutter,101,95872,3867,3297,14,3311,16
2020-11-29,Tehama,103,63373,1866,1710,49,1759,9
2020-11-29,Trinity,105,12862,270,159,23,182,0
2020-11-29,Tulare,107,460477,22610,20793,1682,22475,319
2020-11-29,Tuolumne,109,53932,1190,988,3,991,7
2020-11-29,Ventura,111,848112,21980,19952,709,20661,179
2020-11-29,Yolo,113,214977,5318,4830,19,4849,80
2020-11-29,Yuba,115,75493,2254,1959,13,1972,10
2020-11-28,Alameda,001,1643700,31838,29368,392,29760,456
2020-11-28,Alpine,003,1148,52,41,0,41,0
2020-11-28,Amador,005,37829,645,536,2,538,16
2020-11-28,Butte,007,227075,4374,3894,226,4120,65
2020-11-28,Calaveras,009,45235,542,478,0,478,21
2020-11-28,Colusa,011,21464,820,711,6,717,6
2020-11-28,Contra Costa,013,1133247,25598,23798,179,23977,264
2020-11-28,Del Norte,015,27424,385,328,0,328,2
2020-11-28,El Dorado,017,186661,3006,2415,32,2447,4
2020-11-28,Fresno,019,978130,43617,38288,1580,39868,500
2020-11-28,Glenn,021,27897,1051,925,53,978,4
2020-11-28,Humboldt,023,135768,970,844,4,848,9
2020-11-28,Imperial,025,180216,16743,16019,108,16127,356
2020-11-28,Inyo,027,18085,319,289,9,298,15
2020-11-28,Kern,029,883053,42855,40255,1421,41676,473
2020-11-28,Kings,031,150075,11881,11070,204,11274,85
2020-11-28,Lake,033,64148,1069,920,0,920,18
2020-11-28,Lassen,035,31185,2266,1714,8,1722,0
2020-11-28,Los Angeles,037,10098052,416749,386194,6852,393046,7625
2020-11-28,Madera,039,155013,6754,6119,166,6285,57
2020-11-28,Marin,041,260295,7924,7696,29,7725,135
2020-11-28,Mariposa,043,17540,144,120,2,122,2
2020-11-28,Mendocino,045,87422,1582,1458,8,1466,22
2020-11-28,Merced,047,269075,12419,11688,119,11807,172
2020-11-28,Modoc,049,8938,126,103,22,125,0
2020-11-28,Mono,051,14174,553,505,9,514,3
2020-11-28,Monterey,053,433212,16317,15328,294,15622,118
2020-11-28,Napa,055,140530,3485,3033,15,3048,18
2020-11-28,Nevada,057,99092,1556,1272,36,1308,9
2020-11-28,Orange,059,3164182,85109,76882,2599,79481,1568
2020-11-28,Placer,061,380077,7955,6497,166,6663,70
2020-11-28,Plumas,063,18699,236,188,0,188,0
2020-11-28,Riverside,065,2383286,97656,86854,2154,89008,1440
2020-11-28,Sacramento,067,1510023,39920,36905,145,37050,580
2020-11-28,San Benito,069,59416,1981,1835,15,1850,15
2020-11-28,San Bernardino,071,2135413,103420,91183,1878,93061,1224
2020-11-28,San Diego,073,3302833,86826,80020,3263,83283,997
2020-11-28,San Francisco,075,870044,16205,15450,105,15555,153
2020-11-28,San Joaquin,077,732212,27768,25742,573,26315,509
2020-11-28,San Luis Obispo,079,281455,6662,6106,112,6218,36
2020-11-28,San Mateo,081,765935,15332,14040,17,14057,169
2020-11-28,Santa Barbara,083,443738,12714,11481,206,11687,140
2020-11-28,Santa Clara,085,1922200,38152,33701,94,33795,449
2020-11-28,Santa Cruz,087,273765,4998,4426,72,4498,26
2020-11-28,Shasta,089,179085,5727,4882,229,5111,43
2020-11-28,Sierra,091,2930,19,16,0,16,0
2020-11-28,Siskiyou,093,43540,697,558,38,596,1
2020-11-28,Solano,095,438530,11084,10252,76,10328,87
2020-11-28,Sonoma,097,501317,12983,12008,64,12072,162
2020-11-28,Stanislaus,099,539301,22956,21574,1550,23124,446
2020-11-28,Sutter,101,95872,3783,3244,14,3258,15
2020-11-28,Tehama,103,63373,1850,1678,45,1723,9
2020-11-28,Trinity,105,12862,267,157,21,178,0
2020-11-28,Tulare,107,460477,22421,20701,1634,22335,319
2020-11-28,Tuolumne,109,53932,1168,976,3,979,7
2020-11-28,Ventura,111,848112,21682,19510,699,20209,179
2020-11-28,Yolo,113,214977,5244,4739,17,4756,80
2020-11-28,Yuba,115,75493,2201,1912,13,1925,10
2020-11-27,Alameda,001,1643700,31400,29064,381,29445,450
2020-11-27,Alpine,003,1148,52,41,0,41,0
2020-11-27,Amador,005,37829,598,498,1,499,16
2020-11-27,Butte,007,227075,4333,3894,220,4114,65
2020-11-27,Calaveras,009,45235,533,478,0,478,21
2020-11-27,Colusa,011,21464,803,694,4,698,6
2020-11-27,Contra Costa,013,1133247,25338,23463,173,23636,264
2020-11-27,Del Norte,015,27424,379,307,0,307,2
2020-11-27,El Dorado,017,186661,2935,2238,29,2267,4
2020-11-27,Fresno,019,978130,43211,37994,1521,39515,500
2020-11-27,Glenn,021,27897,1038,891,48,939,4
2020-11-27,Humboldt,023,135768,951,795,3,798,9
2020-11-27,Imperial,025,180216,16675,15960,99,16059,356
2020-11-27,Inyo,027,18085,313,289,9,298,15
2020-11-27,Kern,029,883053,42433,39707,1348,41055,473
2020-11-27,Kings,031,150075,11795,10667,186,10853,85
2020-11-27,Lake,033,64148,1033,909,0,909,18
2020-11-27,Lassen,035,31185,2254,1714,8,1722,0
2020-11-27,Los Angeles,037,10098052,410246,382740,6692,389432,7606
2020-11-27,Madera,039,155013,6682,6050,160,6210,57
2020-11-27,Marin,041,260295,7881,7660,29,7689,135
2020-11-27,Mariposa,043,17540,142,118,2,120,2
2020-11-27,Mendocino,045,87422,1568,1387,7,1394,22
2020-11-27,Merced,047,269075,12313,11550,112,11662,172
2020-11-27,Modoc,049,8938,125,100,22,122,0
2020-11-27,Mono,051,14174,549,498,9,507,3
2020-11-27,Monterey,053,433212,16150,14753,294,15047,113
2020-11-27,Napa,055,140530,3445,2988,15,3003,18
2020-11-27,Nevada,057,99092,1526,1184,34,1218,9
2020-11-27,Orange,059,3164182,83820,75151,2561,77712,1568
2020-11-27,Placer,061,380077,7793,6283,156,6439,68
2020-11-27,Plumas,063,18699,233,188,0,188,0
2020-11-27,Riverside,065,2383286,96051,85769,1997,87766,1440
2020-11-27,Sacramento,067,1510023,39297,36579,141,36720,579
2020-11-27,San Benito,069,59416,1947,1805,14,1819,15
2020-11-27,San Bernardino,071,2135413,101909,90254,1796,92050,1224
2020-11-27,San Diego,073,3302833,85631,78161,3175,81336,996
2020-11-27,San Francisco,075,870044,16049,15377,103,15480,153
2020-11-27,San Joaquin,077,732212,27548,25741,552,26293,509
2020-11-27,San Luis Obispo,079,281455,6579,6039,109,6148,36
2020-11-27,San Mateo,081,765935,15130,13872,16,13888,169
2020-11-27,Santa Barbara,083,443738,12621,11340,203,11543,140
2020-11-27,Santa Clara,085,1922200,37477,32935,87,33022,449
2020-11-27,Santa Cruz,087,273765,4927,4358,70,4428,26
2020-11-27,Shasta,089,179085,5650,4710,216,4926,43
2020-11-27,Sierra,091,2930,18,16,0,16,0
2020-11-27,Siskiyou,093,43540,682,554,35,589,1
2020-11-27,Solano,095,438530,10965,10044,73,10117,87
2020-11-27,Sonoma,097,501317,12851,11924,62,11986,162
2020-11-27,Stanislaus,099,539301,22728,21185,1520,22705,446
2020-11-27,Sutter,101,95872,3716,3101,13,3114,15
2020-11-27,Tehama,103,63373,1822,1649,41,1690,9
2020-11-27,Trinity,105,12862,263,151,21,172,0
2020-11-27,Tulare,107,460477,22233,20634,1576,22210,319
2020-11-27,Tuolumne,109,53932,1136,881,3,884,7
2020-11-27,Ventura,111,848112,21359,19379,677,20056,179
2020-11-27,Yolo,113,214977,5195,4737,17,4754,79
2020-11-27,Yuba,115,75493,2172,1864,12,1876,10
2020-11-26,Alameda,001,1643700,30988,28797,362,29159,447
2020-11-26,Alpine,003,1148,52,41,0,41,0
2020-11-26,Amador,005,37829,590,488,1,489,16
2020-11-26,Butte,007,227075,4270,3894,214,4108,65
2020-11-26,Calaveras,009,45235,505,478,0,478,21
2020-11-26,Colusa,011,21464,789,694,4,698,6
2020-11-26,Contra Costa,013,1133247,25003,23468,167,23635,264
2020-11-26,Del Norte,015,27424,368,307,0,307,2
2020-11-26,El Dorado,017,186661,2854,2217,27,2244,4
2020-11-26,Fresno,019,978130,42806,37724,1475,39199,500
2020-11-26,Glenn,021,27897,1022,892,45,937,4
2020-11-26,Humboldt,023,135768,929,795,2,797,9
2020-11-26,Imperial,025,180216,16566,15722,94,15816,355
2020-11-26,Inyo,027,18085,312,289,9,298,15
2020-11-26,Kern,029,883053,41987,39123,1280,40403,471
2020-11-26,Kings,031,150075,11740,10475,173,10648,85
2020-11-26,Lake,033,64148,1020,890,0,890,18
2020-11-26,Lassen,035,31185,2239,1714,8,1722,0
2020-11-26,Los Angeles,037,10098052,405100,378340,6450,384790,7581
2020-11-26,Madera,039,155013,6607,6003,154,6157,57
2020-11-26,Marin,041,260295,7844,7610,29,7639,135
2020-11-26,Mariposa,043,17540,137,116,2,118,2
2020-11-26,Mendocino,045,87422,1554,1387,5,1392,22
2020-11-26,Merced,047,269075,12165,11440,110,11550,172
2020-11-26,Modoc,049,8938,123,100,22,122,0
2020-11-26,Mono,051,14174,541,485,9,494,2
2020-11-26,Monterey,053,433212,15914,14750,286,15036,113
2020-11-26,Napa,055,140530,3381,2988,15,3003,18
2020-11-26,Nevada,057,99092,1480,1184,34,1218,9
2020-11-26,Orange,059,3164182,82435,74264,2497,76761,1563
2020-11-26,Placer,061,380077,7629,6278,147,6425,68
2020-11-26,Plumas,063,18699,225,188,0,188,0
2020-11-26,Riverside,065,2383286,94452,85774,1869,87643,1440
2020-11-26,Sacramento,067,1510023,38655,35854,133,35987,580
2020-11-26,San Benito,069,59416,1920,1769,14,1783,15
2020-11-26,San Bernardino,071,2135413,100260,89727,1703,91430,1223
2020-11-26,San Diego,073,3302833,84021,76359,3071,79430,996
2020-11-26,San Francisco,075,870044,15912,15156,100,15256,153
2020-11-26,San Joaquin,077,732212,27293,25738,539,26277,509
2020-11-26,San Luis Obispo,079,281455,6486,5964,106,6070,36
2020-11-26,San Mateo,081,765935,14941,13715,14,13729,169
2020-11-26,Santa Barbara,083,443738,12540,11277,202,11479,139
2020-11-26,Santa Clara,085,1922200,36835,32411,79,32490,446
2020-11-26,Santa Cruz,087,273765,4796,4269,64,4333,26
2020-11-26,Shasta,089,179085,5569,4712,204,4916,43
2020-11-26,Sierra,091,2930,18,15,0,15,0
2020-11-26,Siskiyou,093,43540,672,526,34,560,1
2020-11-26,Solano,095,438530,10822,9941,71,10012,87
2020-11-26,Sonoma,097,501317,12703,11922,60,11982,162
2020-11-26,Stanislaus,099,539301,22497,21186,1478,22664,445
2020-11-26,Sutter,101,95872,3622,3101,12,3113,15
2020-11-26,Tehama,103,63373,1780,1612,37,1649,9
2020-11-26,Trinity,105,12862,259,139,21,160,0
2020-11-26,Tulare,107,460477,21995,20649,1510,22159,319
2020-11-26,Tuolumne,109,53932,1108,871,3,874,7
2020-11-26,Ventura,111,848112,20863,19058,663,19721,179
2020-11-26,Yolo,113,214977,5108,4566,17,4583,76
2020-11-26,Yuba,115,75493,2112,1865,10,1875,10
2020-11-25,Alameda,001,1643700,30772,28378,354,28732,447
2020-11-25,Alpine,003,1148,52,41,0,41,0
2020-11-25,Amador,005,37829,580,484,1,485,16
2020-11-25,Butte,007,227075,4239,3848,211,4059,64
2020-11-25,Calaveras,009,45235,502,475,0,475,21
2020-11-25,Colusa,011,21464,772,693,4,697,6
2020-11-25,Contra Costa,013,1133247,24848,23307,166,23473,263
2020-11-25,Del Norte,015,27424,367,304,0,304,2
2020-11-25,El Dorado,017,186661,2818,2154,27,2181,4
2020-11-25,Fresno,019,978130,42574,37349,1453,38802,494
2020-11-25,Glenn,021,27897,1005,891,43,934,4
2020-11-25,Humboldt,023,135768,921,777,2,779,9
2020-11-25,Imperial,025,180216,16496,15640,92,15732,355
2020-11-25,Inyo,027,18085,310,289,9,298,15
2020-11-25,Kern,029,883053,41831,38878,1261,40139,467
2020-11-25,Kings,031,150075,11705,10417,169,10586,85
2020-11-25,Lake,033,64148,1003,878,0,878,18
2020-11-25,Lassen,035,31185,2196,1701,8,1709,0
2020-11-25,Los Angeles,037,10098052,402073,373919,6346,380265,7545
2020-11-25,Madera,039,155013,6585,5989,151,6140,57
2020-11-25,Marin,041,260295,7817,7601,28,7629,135
2020-11-25,Mariposa,043,17540,136,114,2,116,2
2020-11-25,Mendocino,045,87422,1535,1373,5,1378,22
2020-11-25,Merced,047,269075,12107,11346,110,11456,172
2020-11-25,Modoc,049,8938,123,96,22,118,0
2020-11-25,Mono,051,14174,536,487,9,496,2
2020-11-25,Monterey,053,433212,15797,14695,284,14979,113
2020-11-25,Napa,055,140530,3348,2945,15,2960,17
2020-11-25,Nevada,057,99092,1462,1170,32,1202,9
2020-11-25,Orange,059,3164182,81682,73014,2477,75491,1551
2020-11-25,Placer,061,380077,7553,6221,146,6367,68
2020-11-25,Plumas,063,18699,220,183,0,183,0
2020-11-25,Riverside,065,2383286,93908,85077,1851,86928,1438
2020-11-25,Sacramento,067,1510023,38319,35687,130,35817,574
2020-11-25,San Benito,069,59416,1897,1764,14,1778,15
2020-11-25,San Bernardino,071,2135413,99420,88469,1675,90144,1225
2020-11-25,San Diego,073,3302833,83364,75307,3035,78342,988
2020-11-25,San Francisco,075,870044,15807,15053,98,15151,153
2020-11-25,San Joaquin,077,732212,27166,25556,527,26083,515
2020-11-25,San Luis Obispo,079,281455,6443,5913,105,6018,34
2020-11-25,San Mateo,081,765935,14826,13614,14,13628,170
2020-11-25,Santa Barbara,083,443738,12490,11183,202,11385,138
2020-11-25,Santa Clara,085,1922200,36388,32032,78,32110,442
2020-11-25,Santa Cruz,087,273765,4744,4202,62,4264,25
2020-11-25,Shasta,089,179085,5523,4588,196,4784,43
2020-11-25,Sierra,091,2930,18,15,0,15,0
2020-11-25,Siskiyou,093,43540,665,499,34,533,1
2020-11-25,Solano,095,438530,10717,9832,70,9902,87
2020-11-25,Sonoma,097,501317,12640,11775,59,11834,162
2020-11-25,Stanislaus,099,539301,22366,21022,1450,22472,445
2020-11-25,Sutter,101,95872,3578,3064,12,3076,14
2020-11-25,Tehama,103,63373,1768,1587,32,1619,9
2020-11-25,Trinity,105,12862,257,135,21,156,0
2020-11-25,Tulare,107,460477,21905,20528,1478,22006,318
2020-11-25,Tuolumne,109,53932,1091,842,3,845,7
2020-11-25,Ventura,111,848112,20770,18914,657,19571,179
2020-11-25,Yolo,113,214977,5072,4527,17,4544,76
2020-11-25,Yuba,115,75493,2086,1840,10,1850,10
2020-11-24,Alameda,001,1643700,30294,28030,343,28373,444
2020-11-24,Alpine,003,1148,52,41,0,41,0
2020-11-24,Amador,005,37829,555,470,1,471,16
2020-11-24,Butte,007,227075,4154,3798,203,4001,63
2020-11-24,Calaveras,009,45235,495,466,0,466,21
2020-11-24,Colusa,011,21464,754,682,4,686,6
2020-11-24,Contra Costa,013,1133247,24495,23072,160,23232,259
2020-11-24,Del Norte,015,27424,357,298,0,298,2
2020-11-24,El Dorado,017,186661,2713,2005,26,2031,4
2020-11-24,Fresno,019,978130,42171,37021,1376,38397,493
2020-11-24,Glenn,021,27897,987,883,39,922,4
2020-11-24,Humboldt,023,135768,902,774,2,776,9
2020-11-24,Imperial,025,180216,16393,15600,85,15685,355
2020-11-24,Inyo,027,18085,309,282,8,290,15
2020-11-24,Kern,029,883053,41357,38551,1183,39734,465
2020-11-24,Kings,031,150075,11438,10338,156,10494,85
2020-11-24,Lake,033,64148,987,872,0,872,18
2020-11-24,Lassen,035,31185,2173,1657,8,1665,0
2020-11-24,Los Angeles,037,10098052,395765,370008,6108,376116,7501
2020-11-24,Madera,039,155013,6500,5881,144,6025,57
2020-11-24,Marin,041,260295,7770,7591,28,7619,135
2020-11-24,Mariposa,043,17540,126,114,1,115,2
2020-11-24,Mendocino,045,87422,1513,1346,4,1350,22
2020-11-24,Merced,047,269075,11918,11268,105,11373,171
2020-11-24,Modoc,049,8938,119,91,22,113,0
2020-11-24,Mono,051,14174,532,483,9,492,2
2020-11-24,Monterey,053,433212,15539,14354,272,14626,113
2020-11-24,Napa,055,140530,3282,2904,15,2919,17
2020-11-24,Nevada,057,99092,1398,1156,30,1186,9
2020-11-24,Orange,059,3164182,80234,71975,2395,74370,1547
2020-11-24,Placer,061,380077,7371,6147,139,6286,67
2020-11-24,Plumas,063,18699,217,180,0,180,0
2020-11-24,Riverside,065,2383286,92149,83685,1721,85406,1420
2020-11-24,Sacramento,067,1510023,37639,35097,123,35220,568
2020-11-24,San Benito,069,59416,1865,1740,13,1753,15
2020-11-24,San Bernardino,071,2135413,97085,86645,1571,88216,1226
2020-11-24,San Diego,073,3302833,81954,74363,2964,77327,984
2020-11-24,San Francisco,075,870044,15611,14874,95,14969,153
2020-11-24,San Joaquin,077,732212,26850,25318,498,25816,517
2020-11-24,San Luis Obispo,079,281455,6380,5805,104,5909,34
2020-11-24,San Mateo,081,765935,14617,13558,13,13571,170
2020-11-24,Santa Barbara,083,443738,12383,11154,200,11354,138
2020-11-24,Santa Clara,085,1922200,35599,31564,74,31638,438
2020-11-24,Santa Cruz,087,273765,4631,4132,61,4193,25
2020-11-24,Shasta,089,179085,5423,4410,177,4587,43
2020-11-24,Sierra,091,2930,18,15,0,15,0
2020-11-24,Siskiyou,093,43540,647,473,31,504,1
2020-11-24,Solano,095,438530,10546,9716,69,9785,86
2020-11-24,Sonoma,097,501317,12460,11644,56,11700,162
2020-11-24,Stanislaus,099,539301,22124,20830,1406,22236,438
2020-11-24,Sutter,101,95872,3473,2974,12,2986,14
2020-11-24,Tehama,103,63373,1718,1565,27,1592,9
2020-11-24,Trinity,105,12862,250,129,20,149,0
2020-11-24,Tulare,107,460477,21658,20319,1412,21731,315
2020-11-24,Tuolumne,109,53932,1062,832,3,835,7
2020-11-24,Ventura,111,848112,20388,18637,647,19284,179
2020-11-24,Yolo,113,214977,4988,4420,17,4437,76
2020-11-24,Yuba,115,75493,2035,1804,8,1812,10
2020-11-23,Alameda,001,1643700,29880,27718,331,28049,444
2020-11-23,Alpine,003,1148,50,41,0,41,0
2020-11-23,Amador,005,37829,514,457,1,458,16
2020-11-23,Butte,007,227075,4090,3765,197,3962,61
2020-11-23,Calaveras,009,45235,478,434,0,434,21
2020-11-23,Colusa,011,21464,740,662,4,666,6
2020-11-23,Contra Costa,013,1133247,24223,22674,155,22829,260
2020-11-23,Del Norte,015,27424,335,296,0,296,2
2020-11-23,El Dorado,017,186661,2593,2005,25,2030,4
2020-11-23,Fresno,019,978130,41723,36688,1313,38001,488
2020-11-23,Glenn,021,27897,961,853,39,892,4
2020-11-23,Humboldt,023,135768,889,746,2,748,9
2020-11-23,Imperial,025,180216,16222,15104,79,15183,355
2020-11-23,Inyo,027,18085,301,279,8,287,15
2020-11-23,Kern,029,883053,40844,38245,1119,39364,463
2020-11-23,Kings,031,150075,11018,10204,149,10353,85
2020-11-23,Lake,033,64148,964,840,0,840,18
2020-11-23,Lassen,035,31185,2093,1271,7,1278,0
2020-11-23,Los Angeles,037,10098052,389678,366374,5853,372227,7447
2020-11-23,Madera,039,155013,6374,5787,139,5926,56
2020-11-23,Marin,041,260295,7728,7543,28,7571,135
2020-11-23,Mariposa,043,17540,125,97,1,98,2
2020-11-23,Mendocino,045,87422,1483,1330,4,1334,22
2020-11-23,Merced,047,269075,11730,11148,102,11250,169
2020-11-23,Modoc,049,8938,105,91,21,112,0
2020-11-23,Mono,051,14174,519,480,9,489,2
2020-11-23,Monterey,053,433212,15261,14265,265,14530,112
2020-11-23,Napa,055,140530,3216,2811,14,2825,17
2020-11-23,Nevada,057,99092,1309,1087,30,1117,9
2020-11-23,Orange,059,3164182,78826,71074,2349,73423,1546
2020-11-23,Placer,061,380077,7169,5999,138,6137,66
2020-11-23,Plumas,063,18699,213,172,0,172,0
2020-11-23,Riverside,065,2383286,90368,82175,1659,83834,1415
2020-11-23,Sacramento,067,1510023,37071,34141,115,34256,556
2020-11-23,San Benito,069,59416,1837,1729,12,1741,15
2020-11-23,San Bernardino,071,2135413,94979,84387,1507,85894,1224
2020-11-23,San Diego,073,3302833,80492,72817,2876,75693,968
2020-11-23,San Francisco,075,870044,15452,14646,93,14739,153
2020-11-23,San Joaquin,077,732212,26501,24622,494,25116,517
2020-11-23,San Luis Obispo,079,281455,6298,5772,102,5874,34
2020-11-23,San Mateo,081,765935,14425,13364,13,13377,170
2020-11-23,Santa Barbara,083,443738,12274,10944,196,11140,137
2020-11-23,Santa Clara,085,1922200,34948,31064,71,31135,435
2020-11-23,Santa Cruz,087,273765,4521,4003,57,4060,25
2020-11-23,Shasta,089,179085,5305,4100,164,4264,43
2020-11-23,Sierra,091,2930,17,15,0,15,0
2020-11-23,Siskiyou,093,43540,620,460,30,490,0
2020-11-23,Solano,095,438530,10389,9394,66,9460,86
2020-11-23,Sonoma,097,501317,12287,11507,52,11559,160
2020-11-23,Stanislaus,099,539301,21832,20487,1372,21859,436
2020-11-23,Sutter,101,95872,3335,2840,11,2851,14
2020-11-23,Tehama,103,63373,1670,1526,24,1550,9
2020-11-23,Trinity,105,12862,243,120,18,138,0
2020-11-23,Tulare,107,460477,21368,19818,1339,21157,315
2020-11-23,Tuolumne,109,53932,1022,774,3,777,7
2020-11-23,Ventura,111,848112,20012,18480,634,19114,179
2020-11-23,Yolo,113,214977,4908,4265,16,4281,75
2020-11-23,Yuba,115,75493,1968,1702,8,1710,10
2020-11-22,Alameda,001,1643700,29445,27472,320,27792,444
2020-11-22,Alpine,003,1148,47,41,0,41,0
2020-11-22,Amador,005,37829,502,450,1,451,16
2020-11-22,Butte,007,227075,4040,3712,189,3901,61
2020-11-22,Calaveras,009,45235,466,434,0,434,21
2020-11-22,Colusa,011,21464,722,642,3,645,6
2020-11-22,Contra Costa,013,1133247,23918,22407,150,22557,260
2020-11-22,Del Norte,015,27424,311,271,0,271,2
2020-11-22,El Dorado,017,186661,2483,1917,22,1939,4
2020-11-22,Fresno,019,978130,41241,36315,1256,37571,488
2020-11-22,Glenn,021,27897,939,832,34,866,4
2020-11-22,Humboldt,023,135768,873,729,2,731,9
2020-11-22,Imperial,025,180216,16017,15109,33,15142,355
2020-11-22,Inyo,027,18085,295,279,8,287,15
2020-11-22,Kern,029,883053,40265,37904,1083,38987,463
2020-11-22,Kings,031,150075,10917,10035,140,10175,85
2020-11-22,Lake,033,64148,942,834,0,834,18
2020-11-22,Lassen,035,31185,1928,1211,6,1217,0
2020-11-22,Los Angeles,037,10098052,383401,360341,5602,365943,7438
2020-11-22,Madera,039,155013,6294,5745,128,5873,56
2020-11-22,Marin,041,260295,7693,7506,27,7533,135
2020-11-22,Mariposa,043,17540,124,95,1,96,2
2020-11-22,Mendocino,045,87422,1459,1285,3,1288,22
2020-11-22,Merced,047,269075,11581,10939,102,11041,169
2020-11-22,Modoc,049,8938,104,87,19,106,0
2020-11-22,Mono,051,14174,504,481,9,490,2
2020-11-22,Monterey,053,433212,15020,13887,259,14146,111
2020-11-22,Napa,055,140530,3135,2778,14,2792,17
2020-11-22,Nevada,057,99092,1251,1052,30,1082,9
2020-11-22,Orange,059,3164182,77411,69913,2310,72223,1546
2020-11-22,Placer,061,380077,6945,5880,127,6007,66
2020-11-22,Plumas,063,18699,200,172,0,172,0
2020-11-22,Riverside,065,2383286,88779,81565,1597,83162,1409
2020-11-22,Sacramento,067,1510023,36340,33421,102,33523,555
2020-11-22,San Benito,069,59416,1808,1704,12,1716,15
2020-11-22,San Bernardino,071,2135413,92636,83505,1434,84939,1224
2020-11-22,San Diego,073,3302833,78754,71649,2801,74450,968
2020-11-22,San Francisco,075,870044,15281,14515,92,14607,153
2020-11-22,San Joaquin,077,732212,26203,24619,481,25100,517
2020-11-22,San Luis Obispo,079,281455,6196,5664,101,5765,34
2020-11-22,San Mateo,081,765935,14220,13228,13,13241,170
2020-11-22,Santa Barbara,083,443738,12137,10946,191,11137,137
2020-11-22,Santa Clara,085,1922200,34270,30633,69,30702,434
2020-11-22,Santa Cruz,087,273765,4439,3896,50,3946,25
2020-11-22,Shasta,089,179085,5147,4100,145,4245,43
2020-11-22,Sierra,091,2930,17,13,0,13,0
2020-11-22,Siskiyou,093,43540,588,411,30,441,0
2020-11-22,Solano,095,438530,10219,9363,62,9425,86
2020-11-22,Sonoma,097,501317,12129,11415,50,11465,159
2020-11-22,Stanislaus,099,539301,21504,20223,1340,21563,436
2020-11-22,Sutter,101,95872,3217,2677,11,2688,13
2020-11-22,Tehama,103,63373,1636,1457,19,1476,9
2020-11-22,Trinity,105,12862,237,114,18,132,0
2020-11-22,Tulare,107,460477,21118,19818,1267,21085,314
2020-11-22,Tuolumne,109,53932,996,689,3,692,7
2020-11-22,Ventura,111,848112,19651,18105,621,18726,179
2020-11-22,Yolo,113,214977,4807,4206,16,4222,75
2020-11-22,Yuba,115,75493,1915,1672,8,1680,10
2020-11-21,Alameda,001,1643700,29259,27424,318,27742,444
2020-11-21,Alpine,003,1148,47,41,0,41,0
2020-11-21,Amador,005,37829,488,450,1,451,16
2020-11-21,Butte,007,227075,3992,3664,186,3850,61
2020-11-21,Calaveras,009,45235,460,434,0,434,21
2020-11-21,Colusa,011,21464,713,642,3,645,6
2020-11-21,Contra Costa,013,1133247,23765,22338,148,22486,260
2020-11-21,Del Norte,015,27424,306,271,0,271,2
2020-11-21,El Dorado,017,186661,2434,1900,21,1921,4
2020-11-21,Fresno,019,978130,40985,35973,1223,37196,482
2020-11-21,Glenn,021,27897,934,829,32,861,4
2020-11-21,Humboldt,023,135768,863,728,2,730,9
2020-11-21,Imperial,025,180216,15940,15053,33,15086,355
2020-11-21,Inyo,027,18085,293,283,8,291,15
2020-11-21,Kern,029,883053,40009,37403,1047,38450,463
2020-11-21,Kings,031,150075,10869,10019,136,10155,85
2020-11-21,Lake,033,64148,929,832,0,832,18
2020-11-21,Lassen,035,31185,1860,1211,6,1217,0
2020-11-21,Los Angeles,037,10098052,380228,357754,5455,363209,7428
2020-11-21,Madera,039,155013,6257,5706,128,5834,56
2020-11-21,Marin,041,260295,7670,7488,26,7514,134
2020-11-21,Mariposa,043,17540,124,92,1,93,2
2020-11-21,Mendocino,045,87422,1428,1282,3,1285,22
2020-11-21,Merced,047,269075,11520,10849,101,10950,169
2020-11-21,Modoc,049,8938,100,87,18,105,0
2020-11-21,Mono,051,14174,499,469,9,478,2
2020-11-21,Monterey,053,433212,14922,13886,253,14139,110
2020-11-21,Napa,055,140530,3101,2757,14,2771,17
2020-11-21,Nevada,057,99092,1239,1018,29,1047,9
2020-11-21,Orange,059,3164182,76608,69021,2280,71301,1543
2020-11-21,Placer,061,380077,6834,5778,124,5902,65
2020-11-21,Plumas,063,18699,195,172,0,172,0
2020-11-21,Riverside,065,2383286,88005,80676,1549,82225,1407
2020-11-21,Sacramento,067,1510023,35945,33133,94,33227,548
2020-11-21,San Benito,069,59416,1789,1691,12,1703,15
2020-11-21,San Bernardino,071,2135413,91759,83206,1357,84563,1222
2020-11-21,San Diego,073,3302833,77975,70711,2746,73457,966
2020-11-21,San Francisco,075,870044,15178,14445,91,14536,153
2020-11-21,San Joaquin,077,732212,26070,24620,466,25086,517
2020-11-21,San Luis Obispo,079,281455,6143,5618,98,5716,34
2020-11-21,San Mateo,081,765935,14118,13138,13,13151,170
2020-11-21,Santa Barbara,083,443738,12086,10922,188,11110,137
2020-11-21,Santa Clara,085,1922200,33887,30377,66,30443,433
2020-11-21,Santa Cruz,087,273765,4382,3898,50,3948,25
2020-11-21,Shasta,089,179085,5074,4095,142,4237,42
2020-11-21,Sierra,091,2930,17,13,0,13,0
2020-11-21,Siskiyou,093,43540,572,403,30,433,0
2020-11-21,Solano,095,438530,10129,9290,59,9349,86
2020-11-21,Sonoma,097,501317,12054,11394,48,11442,158
2020-11-21,Stanislaus,099,539301,21361,20111,1315,21426,435
2020-11-21,Sutter,101,95872,3157,2615,10,2625,13
2020-11-21,Tehama,103,63373,1616,1435,18,1453,9
2020-11-21,Trinity,105,12862,234,110,17,127,0
2020-11-21,Tulare,107,460477,20992,19752,1233,20985,313
2020-11-21,Tuolumne,109,53932,977,690,3,693,7
2020-11-21,Ventura,111,848112,19487,18040,611,18651,177
2020-11-21,Yolo,113,214977,4732,4147,15,4162,75
2020-11-21,Yuba,115,75493,1883,1643,8,1651,10
2020-11-20,Alameda,001,1643700,29046,27221,310,27531,444
2020-11-20,Alpine,003,1148,47,20,0,20,0
2020-11-20,Amador,005,37829,484,446,1,447,16
2020-11-20,Butte,007,227075,3960,3618,182,3800,60
2020-11-20,Calaveras,009,45235,448,424,0,424,21
2020-11-20,Colusa,011,21464,705,631,2,633,6
2020-11-20,Contra Costa,013,1133247,23579,22116,144,22260,260
2020-11-20,Del Norte,015,27424,302,264,0,264,2
2020-11-20,El Dorado,017,186661,2338,1868,19,1887,4
2020-11-20,Fresno,019,978130,40691,35635,1191,36826,480
2020-11-20,Glenn,021,27897,922,826,30,856,4
2020-11-20,Humboldt,023,135768,854,714,1,715,9
2020-11-20,Imperial,025,180216,15878,14864,29,14893,353
2020-11-20,Inyo,027,18085,291,262,8,270,15
2020-11-20,Kern,029,883053,39716,37143,1021,38164,462
2020-11-20,Kings,031,150075,10822,9903,134,10037,85
2020-11-20,Lake,033,64148,920,820,0,820,18
2020-11-20,Lassen,035,31185,1775,1212,5,1217,0
2020-11-20,Los Angeles,037,10098052,376348,353554,5290,358844,7398
2020-11-20,Madera,039,155013,6164,5635,127,5762,54
2020-11-20,Marin,041,260295,7646,7467,25,7492,134
2020-11-20,Mariposa,043,17540,116,89,1,90,2
2020-11-20,Mendocino,045,87422,1408,1269,3,1272,22
2020-11-20,Merced,047,269075,11434,10729,101,10830,167
2020-11-20,Modoc,049,8938,100,83,18,101,0
2020-11-20,Mono,051,14174,497,469,9,478,2
2020-11-20,Monterey,053,433212,14797,13738,244,13982,110
2020-11-20,Napa,055,140530,3071,2718,14,2732,17
2020-11-20,Nevada,057,99092,1221,990,28,1018,9
2020-11-20,Orange,059,3164182,75772,68212,2242,70454,1532
2020-11-20,Placer,061,380077,6699,5687,109,5796,66
2020-11-20,Plumas,063,18699,193,163,0,163,0
2020-11-20,Riverside,065,2383286,86993,79613,1485,81098,1405
2020-11-20,Sacramento,067,1510023,35569,32832,85,32917,549
2020-11-20,San Benito,069,59416,1777,1668,12,1680,15
2020-11-20,San Bernardino,071,2135413,90393,81203,1275,82478,1220
2020-11-20,San Diego,073,3302833,76976,69233,2665,71898,960
2020-11-20,San Francisco,075,870044,15074,14327,90,14417,153
2020-11-20,San Joaquin,077,732212,25918,24460,452,24912,515
2020-11-20,San Luis Obispo,079,281455,6088,5524,95,5619,34
2020-11-20,San Mateo,081,765935,13985,12980,12,12992,169
2020-11-20,Santa Barbara,083,443738,12029,10825,182,11007,136
2020-11-20,Santa Clara,085,1922200,33465,30002,61,30063,431
2020-11-20,Santa Cruz,087,273765,4315,3815,50,3865,25
2020-11-20,Shasta,089,179085,5000,3861,137,3998,42
2020-11-20,Sierra,091,2930,17,12,0,12,0
2020-11-20,Siskiyou,093,43540,559,387,29,416,0
2020-11-20,Solano,095,438530,10037,9216,57,9273,85
2020-11-20,Sonoma,097,501317,11970,11316,47,11363,158
2020-11-20,Stanislaus,099,539301,21206,19889,1289,21178,433
2020-11-20,Sutter,101,95872,3107,2580,10,2590,13
2020-11-20,Tehama,103,63373,1601,1410,15,1425,9
2020-11-20,Trinity,105,12862,233,102,17,119,0
2020-11-20,Tulare,107,460477,20859,19568,1193,20761,311
2020-11-20,Tuolumne,109,53932,938,662,3,665,7
2020-11-20,Ventura,111,848112,19319,17741,584,18325,175
2020-11-20,Yolo,113,214977,4654,4081,14,4095,74
2020-11-20,Yuba,115,75493,1855,1611,8,1619,10
2020-11-19,Alameda,001,1643700,28700,26971,302,27273,441
2020-11-19,Alpine,003,1148,44,20,0,20,0
2020-11-19,Amador,005,37829,480,436,1,437,16
2020-11-19,Butte,007,227075,3911,3576,175,3751,60
2020-11-19,Calaveras,009,45235,438,417,0,417,21
2020-11-19,Colusa,011,21464,687,621,2,623,6
2020-11-19,Contra Costa,013,1133247,23306,21886,141,22027,259
2020-11-19,Del Norte,015,27424,294,251,0,251,2
2020-11-19,El Dorado,017,186661,2264,1825,18,1843,4
2020-11-19,Fresno,019,978130,40243,35278,1132,36410,478
2020-11-19,Glenn,021,27897,900,806,29,835,4
2020-11-19,Humboldt,023,135768,834,693,1,694,9
2020-11-19,Imperial,025,180216,15669,14507,29,14536,349
2020-11-19,Inyo,027,18085,289,262,8,270,15
2020-11-19,Kern,029,883053,39295,36779,977,37756,459
2020-11-19,Kings,031,150075,10674,9763,126,9889,85
2020-11-19,Lake,033,64148,906,809,0,809,18
2020-11-19,Lassen,035,31185,1658,1201,3,1204,0
2020-11-19,Los Angeles,037,10098052,371330,349493,5116,354609,7365
2020-11-19,Madera,039,155013,6092,5540,119,5659,54
2020-11-19,Marin,041,260295,7615,7451,25,7476,134
2020-11-19,Mariposa,043,17540,109,88,0,88,2
2020-11-19,Mendocino,045,87422,1387,1237,3,1240,23
2020-11-19,Merced,047,269075,11293,10634,95,10729,167
2020-11-19,Modoc,049,8938,97,82,18,100,0
2020-11-19,Mono,051,14174,489,468,9,477,2
2020-11-19,Monterey,053,433212,14582,13369,232,13601,108
2020-11-19,Napa,055,140530,3017,2641,14,2655,17
2020-11-19,Nevada,057,99092,1180,945,27,972,9
2020-11-19,Orange,059,3164182,74506,66998,2196,69194,1530
2020-11-19,Placer,061,380077,6509,5612,108,5720,65
2020-11-19,Plumas,063,18699,188,158,0,158,0
2020-11-19,Riverside,065,2383286,85512,78535,1415,79950,1402
2020-11-19,Sacramento,067,1510023,35056,32367,83,32450,546
2020-11-19,San Benito,069,59416,1754,1643,12,1655,15
2020-11-19,San Bernardino,071,2135413,88498,79244,1194,80438,1215
2020-11-19,San Diego,073,3302833,75726,68142,2561,70703,952
2020-11-19,San Francisco,075,870044,14917,14178,84,14262,153
2020-11-19,San Joaquin,077,732212,25598,24270,441,24711,516
2020-11-19,San Luis Obispo,079,281455,6011,5410,91,5501,34
2020-11-19,San Mateo,081,765935,13847,12714,12,12726,169
2020-11-19,Santa Barbara,083,443738,11948,10741,179,10920,136
2020-11-19,Santa Clara,085,1922200,32907,29630,60,29690,424
2020-11-19,Santa Cruz,087,273765,4224,3679,48,3727,25
2020-11-19,Shasta,089,179085,4862,3685,126,3811,42
2020-11-19,Sierra,091,2930,17,11,0,11,0
2020-11-19,Siskiyou,093,43540,534,360,28,388,0
2020-11-19,Solano,095,438530,9900,9093,53,9146,84
2020-11-19,Sonoma,097,501317,11800,11205,45,11250,156
2020-11-19,Stanislaus,099,539301,20965,19736,1247,20983,433
2020-11-19,Sutter,101,95872,3008,2509,10,2519,13
2020-11-19,Tehama,103,63373,1568,1373,12,1385,9
2020-11-19,Trinity,105,12862,227,97,17,114,0
2020-11-19,Tulare,107,460477,20637,19384,1127,20511,304
2020-11-19,Tuolumne,109,53932,905,602,3,605,7
2020-11-19,Ventura,111,848112,18966,17300,571,17871,174
2020-11-19,Yolo,113,214977,4559,3973,14,3987,72
2020-11-19,Yuba,115,75493,1815,1568,8,1576,10
2020-11-18,Alameda,001,1643700,28438,26610,297,26907,440
2020-11-18,Alpine,003,1148,43,16,0,16,0
2020-11-18,Amador,005,37829,475,430,1,431,16
2020-11-18,Butte,007,227075,3858,3537,162,3699,59
2020-11-18,Calaveras,009,45235,433,409,0,409,21
2020-11-18,Colusa,011,21464,674,611,2,613,6
2020-11-18,Contra Costa,013,1133247,23039,21685,137,21822,258
2020-11-18,Del Norte,015,27424,281,240,0,240,2
2020-11-18,El Dorado,017,186661,2176,1799,17,1816,4
2020-11-18,Fresno,019,978130,39801,34997,1080,36077,474
2020-11-18,Glenn,021,27897,884,803,27,830,4
2020-11-18,Humboldt,023,135768,820,690,1,691,9
2020-11-18,Imperial,025,180216,15447,14428,29,14457,348
2020-11-18,Inyo,027,18085,287,262,8,270,15
2020-11-18,Kern,029,883053,38906,36537,926,37463,456
2020-11-18,Kings,031,150075,10526,9696,123,9819,85
2020-11-18,Lake,033,64148,893,802,0,802,18
2020-11-18,Lassen,035,31185,1558,1124,3,1127,0
2020-11-18,Los Angeles,037,10098052,366467,344675,4928,349603,7338
2020-11-18,Madera,039,155013,6005,5519,107,5626,54
2020-11-18,Marin,041,260295,7591,7435,25,7460,134
2020-11-18,Mariposa,043,17540,106,88,0,88,2
2020-11-18,Mendocino,045,87422,1367,1237,3,1240,23
2020-11-18,Merced,047,269075,11177,10536,93,10629,166
2020-11-18,Modoc,049,8938,94,77,18,95,0
2020-11-18,Mono,051,14174,484,468,9,477,2
2020-11-18,Monterey,053,433212,14388,13340,218,13558,108
2020-11-18,Napa,055,140530,2970,2607,14,2621,17
2020-11-18,Nevada,057,99092,1140,933,25,958,9
2020-11-18,Orange,059,3164182,73410,66381,2171,68552,1521
2020-11-18,Placer,061,380077,6331,5543,103,5646,64
2020-11-18,Plumas,063,18699,183,143,0,143,0
2020-11-18,Riverside,065,2383286,84045,77739,1313,79052,1387
2020-11-18,Sacramento,067,1510023,34431,31816,75,31891,541
2020-11-18,San Benito,069,59416,1729,1632,11,1643,15
2020-11-18,San Bernardino,071,2135413,86738,77400,1113,78513,1206
2020-11-18,San Diego,073,3302833,74432,67243,2501,69744,945
2020-11-18,San Francisco,075,870044,14773,14057,82,14139,153
2020-11-18,San Joaquin,077,732212,25332,24146,426,24572,517
2020-11-18,San Luis Obispo,079,281455,5936,5322,90,5412,34
2020-11-18,San Mateo,081,765935,13693,12631,11,12642,169
2020-11-18,Santa Barbara,083,443738,11869,10684,172,10856,136
2020-11-18,Santa Clara,085,1922200,32442,29285,55,29340,421
2020-11-18,Santa Cruz,087,273765,4132,3618,46,3664,25
2020-11-18,Shasta,089,179085,4726,3547,122,3669,42
2020-11-18,Sierra,091,2930,17,11,0,11,0
2020-11-18,Siskiyou,093,43540,502,351,27,378,0
2020-11-18,Solano,095,438530,9768,8994,51,9045,84
2020-11-18,Sonoma,097,501317,11693,11129,42,11171,155
2020-11-18,Stanislaus,099,539301,20722,19609,1222,20831,431
2020-11-18,Sutter,101,95872,2890,2442,10,2452,13
2020-11-18,Tehama,103,63373,1529,1338,12,1350,8
2020-11-18,Trinity,105,12862,214,95,17,112,0
2020-11-18,Tulare,107,460477,20427,19286,1073,20359,306
2020-11-18,Tuolumne,109,53932,870,590,3,593,7
2020-11-18,Ventura,111,848112,18641,17169,556,17725,173
2020-11-18,Yolo,113,214977,4485,3929,14,3943,71
2020-11-18,Yuba,115,75493,1761,1540,8,1548,10
2020-11-17,Alameda,001,1643700,28114,26425,287,26712,439
2020-11-17,Alpine,003,1148,41,12,0,12,0
2020-11-17,Amador,005,37829,464,423,1,424,16
2020-11-17,Butte,007,227075,3815,3500,152,3652,59
2020-11-17,Calaveras,009,45235,418,405,0,405,21
2020-11-17,Colusa,011,21464,663,606,1,607,6
2020-11-17,Contra Costa,013,1133247,22766,21557,132,21689,256
2020-11-17,Del Norte,015,27424,275,233,0,233,2
2020-11-17,El Dorado,017,186661,2117,1758,17,1775,4
2020-11-17,Fresno,019,978130,39202,34765,1020,35785,472
2020-11-17,Glenn,021,27897,873,795,26,821,4
2020-11-17,Humboldt,023,135768,798,685,1,686,9
2020-11-17,Imperial,025,180216,15211,14204,28,14232,346
2020-11-17,Inyo,027,18085,286,263,8,271,15
2020-11-17,Kern,029,883053,38456,36164,873,37037,455
2020-11-17,Kings,031,150075,10453,9653,116,9769,85
2020-11-17,Lake,033,64148,873,792,0,792,18
2020-11-17,Lassen,035,31185,1479,1124,3,1127,0
2020-11-17,Los Angeles,037,10098052,361518,340933,4766,345699,7302
2020-11-17,Madera,039,155013,5916,5485,100,5585,54
2020-11-17,Marin,041,260295,7559,7404,24,7428,134
2020-11-17,Mariposa,043,17540,103,87,0,87,2
2020-11-17,Mendocino,045,87422,1346,1216,3,1219,23
2020-11-17,Merced,047,269075,11033,10457,86,10543,162
2020-11-17,Modoc,049,8938,88,71,17,88,0
2020-11-17,Mono,051,14174,479,459,9,468,2
2020-11-17,Monterey,053,433212,14160,13220,208,13428,108
2020-11-17,Napa,055,140530,2916,2568,14,2582,17
2020-11-17,Nevada,057,99092,1099,918,24,942,9
2020-11-17,Orange,059,3164182,72259,65757,2142,67899,1519
2020-11-17,Placer,061,380077,6169,5435,97,5532,63
2020-11-17,Plumas,063,18699,175,142,0,142,0
2020-11-17,Riverside,065,2383286,82662,77079,1222,78301,1379
2020-11-17,Sacramento,067,1510023,33831,31341,71,31412,538
2020-11-17,San Benito,069,59416,1713,1611,4,1615,15
2020-11-17,San Bernardino,071,2135413,84925,76134,1022,77156,1188
2020-11-17,San Diego,073,3302833,73178,66321,2446,68767,933
2020-11-17,San Francisco,075,870044,14607,13952,81,14033,153
2020-11-17,San Joaquin,077,732212,25060,23997,407,24404,516
2020-11-17,San Luis Obispo,079,281455,5840,5235,90,5325,34
2020-11-17,San Mateo,081,765935,13531,12491,10,12501,169
2020-11-17,Santa Barbara,083,443738,11780,10597,167,10764,136
2020-11-17,Santa Clara,085,1922200,31895,29013,54,29067,419
2020-11-17,Santa Cruz,087,273765,4048,3548,43,3591,25
2020-11-17,Shasta,089,179085,4565,3457,109,3566,40
2020-11-17,Sierra,091,2930,15,11,0,11,0
2020-11-17,Siskiyou,093,43540,454,333,26,359,0
2020-11-17,Solano,095,438530,9623,8905,50,8955,84
2020-11-17,Sonoma,097,501317,11559,11084,40,11124,155
2020-11-17,Stanislaus,099,539301,20498,19466,1194,20660,425
2020-11-17,Sutter,101,95872,2807,2370,9,2379,12
2020-11-17,Tehama,103,63373,1479,1290,12,1302,7
2020-11-17,Trinity,105,12862,197,83,17,100,0
2020-11-17,Tulare,107,460477,20204,19176,1010,20186,305
2020-11-17,Tuolumne,109,53932,832,568,3,571,7
2020-11-17,Ventura,111,848112,18369,16797,537,17334,173
2020-11-17,Yolo,113,214977,4309,3887,13,3900,70
2020-11-17,Yuba,115,75493,1713,1519,8,1527,10
2020-11-16,Alameda,001,1643700,27767,26063,282,26345,436
2020-11-16,Alpine,003,1148,38,12,0,12,0
2020-11-16,Amador,005,37829,456,414,1,415,16
2020-11-16,Butte,007,227075,3776,3490,143,3633,58
2020-11-16,Calaveras,009,45235,410,402,0,402,21
2020-11-16,Colusa,011,21464,654,601,1,602,6
2020-11-16,Contra Costa,013,1133247,22500,21386,127,21513,256
2020-11-16,Del Norte,015,27424,268,225,0,225,2
2020-11-16,El Dorado,017,186661,2057,1694,15,1709,4
2020-11-16,Fresno,019,978130,38712,34593,964,35557,471
2020-11-16,Glenn,021,27897,861,786,25,811,4
2020-11-16,Humboldt,023,135768,781,660,1,661,9
2020-11-16,Imperial,025,180216,14963,14111,28,14139,346
2020-11-16,Inyo,027,18085,283,263,8,271,15
2020-11-16,Kern,029,883053,38063,36049,829,36878,455
2020-11-16,Kings,031,150075,10186,9569,112,9681,85
2020-11-16,Lake,033,64148,861,784,0,784,18
2020-11-16,Lassen,035,31185,1298,1124,3,1127,0
2020-11-16,Los Angeles,037,10098052,356776,338778,4587,343365,7277
2020-11-16,Madera,039,155013,5829,5433,94,5527,54
2020-11-16,Marin,041,260295,7530,7359,24,7383,134
2020-11-16,Mariposa,043,17540,100,86,0,86,2
2020-11-16,Mendocino,045,87422,1321,1209,3,1212,23
2020-11-16,Merced,047,269075,10895,10399,83,10482,162
2020-11-16,Modoc,049,8938,86,71,17,88,0
2020-11-16,Mono,051,14174,477,453,9,462,2
2020-11-16,Monterey,053,433212,13915,13089,196,13285,107
2020-11-16,Napa,055,140530,2840,2536,14,2550,17
2020-11-16,Nevada,057,99092,1056,889,22,911,9
2020-11-16,Orange,059,3164182,71160,65396,2128,67524,1519
2020-11-16,Placer,061,380077,6049,5387,88,5475,63
2020-11-16,Plumas,063,18699,168,127,0,127,0
2020-11-16,Riverside,065,2383286,81291,76449,1156,77605,1379
2020-11-16,Sacramento,067,1510023,33194,30954,64,31018,534
2020-11-16,San Benito,069,59416,1695,1603,3,1606,15
2020-11-16,San Bernardino,071,2135413,83098,74401,952,75353,1186
2020-11-16,San Diego,073,3302833,71868,65603,2374,67977,926
2020-11-16,San Francisco,075,870044,14448,13847,78,13925,153
2020-11-16,San Joaquin,077,732212,24772,23515,397,23912,513
2020-11-16,San Luis Obispo,079,281455,5736,5161,85,5246,34
2020-11-16,San Mateo,081,765935,13371,12398,10,12408,169
2020-11-16,Santa Barbara,083,443738,11715,10565,163,10728,135
2020-11-16,Santa Clara,085,1922200,31330,28673,53,28726,419
2020-11-16,Santa Cruz,087,273765,3975,3520,43,3563,25
2020-11-16,Shasta,089,179085,4415,3284,104,3388,37
2020-11-16,Sierra,091,2930,15,11,0,11,0
2020-11-16,Siskiyou,093,43540,427,294,26,320,0
2020-11-16,Solano,095,438530,9424,8827,50,8877,84
2020-11-16,Sonoma,097,501317,11468,10961,39,11000,155
2020-11-16,Stanislaus,099,539301,20261,19333,1166,20499,425
2020-11-16,Sutter,101,95872,2701,2322,9,2331,12
2020-11-16,Tehama,103,63373,1434,1261,8,1269,7
2020-11-16,Trinity,105,12862,185,67,17,84,0
2020-11-16,Tulare,107,460477,20026,18891,955,19846,305
2020-11-16,Tuolumne,109,53932,796,543,3,546,7
2020-11-16,Ventura,111,848112,18031,16691,529,17220,172
2020-11-16,Yolo,113,214977,4213,3858,13,3871,70
2020-11-16,Yuba,115,75493,1677,1500,7,1507,10
2020-11-15,Alameda,001,1643700,27447,25879,276,26155,436
2020-11-15,Alpine,003,1148,36,12,0,12,0
2020-11-15,Amador,005,37829,444,409,1,410,16
2020-11-15,Butte,007,227075,3722,3452,134,3586,58
2020-11-15,Calaveras,009,45235,397,386,0,386,21
2020-11-15,Colusa,011,21464,645,601,1,602,6
2020-11-15,Contra Costa,013,1133247,22200,21179,126,21305,256
2020-11-15,Del Norte,015,27424,252,224,0,224,2
2020-11-15,El Dorado,017,186661,1995,1683,14,1697,4
2020-11-15,Fresno,019,978130,38199,34297,924,35221,471
2020-11-15,Glenn,021,27897,849,783,24,807,4
2020-11-15,Humboldt,023,135768,753,653,1,654,9
2020-11-15,Imperial,025,180216,14726,13940,28,13968,346
2020-11-15,Inyo,027,18085,273,263,8,271,15
2020-11-15,Kern,029,883053,37659,35911,793,36704,455
2020-11-15,Kings,031,150075,9993,9533,108,9641,85
2020-11-15,Lake,033,64148,852,777,0,777,17
2020-11-15,Lassen,035,31185,1251,1124,3,1127,0
2020-11-15,Los Angeles,037,10098052,351738,336035,4413,340448,7271
2020-11-15,Madera,039,155013,5732,5391,88,5479,54
2020-11-15,Marin,041,260295,7504,7347,24,7371,133
2020-11-15,Mariposa,043,17540,97,86,0,86,2
2020-11-15,Mendocino,045,87422,1302,1197,3,1200,22
2020-11-15,Merced,047,269075,10762,10350,83,10433,162
2020-11-15,Modoc,049,8938,85,68,17,85,0
2020-11-15,Mono,051,14174,475,453,9,462,2
2020-11-15,Monterey,053,433212,13718,12999,183,13182,107
2020-11-15,Napa,055,140530,2781,2509,12,2521,17
2020-11-15,Nevada,057,99092,1001,859,22,881,9
2020-11-15,Orange,059,3164182,70120,65008,2110,67118,1519
2020-11-15,Placer,061,380077,5894,5330,80,5410,63
2020-11-15,Plumas,063,18699,162,127,0,127,0
2020-11-15,Riverside,065,2383286,79970,75531,1096,76627,1374
2020-11-15,Sacramento,067,1510023,32568,30601,60,30661,534
2020-11-15,San Benito,069,59416,1670,1589,2,1591,15
2020-11-15,San Bernardino,071,2135413,80950,73769,872,74641,1185
2020-11-15,San Diego,073,3302833,70368,64770,2317,67087,926
2020-11-15,San Francisco,075,870044,14271,13757,77,13834,153
2020-11-15,San Joaquin,077,732212,24564,23516,381,23897,513
2020-11-15,San Luis Obispo,079,281455,5612,5120,83,5203,34
2020-11-15,San Mateo,081,765935,13194,12348,10,12358,169
2020-11-15,Santa Barbara,083,443738,11620,10516,161,10677,135
2020-11-15,Santa Clara,085,1922200,30876,28289,52,28341,418
2020-11-15,Santa Cruz,087,273765,3837,3439,42,3481,25
2020-11-15,Shasta,089,179085,4241,3290,95,3385,37
2020-11-15,Sierra,091,2930,15,11,0,11,0
2020-11-15,Siskiyou,093,43540,408,294,26,320,0
2020-11-15,Solano,095,438530,9263,8713,47,8760,84
2020-11-15,Sonoma,097,501317,11348,10833,38,10871,154
2020-11-15,Stanislaus,099,539301,19989,19228,1140,20368,425
2020-11-15,Sutter,101,95872,2611,2230,9,2239,12
2020-11-15,Tehama,103,63373,1383,1222,7,1229,7
2020-11-15,Trinity,105,12862,175,67,15,82,0
2020-11-15,Tulare,107,460477,19809,18891,901,19792,305
2020-11-15,Tuolumne,109,53932,754,486,3,489,7
2020-11-15,Ventura,111,848112,17757,16564,521,17085,172
2020-11-15,Yolo,113,214977,4110,3819,12,3831,67
2020-11-15,Yuba,115,75493,1636,1470,6,1476,10
2020-11-14,Alameda,001,1643700,27180,25714,274,25988,435
2020-11-14,Alpine,003,1148,36,12,0,12,0
2020-11-14,Amador,005,37829,435,404,0,404,16
2020-11-14,Butte,007,227075,3686,3434,120,3554,58
2020-11-14,Calaveras,009,45235,396,386,0,386,21
2020-11-14,Colusa,011,21464,633,601,1,602,6
2020-11-14,Contra Costa,013,1133247,22061,20975,119,21094,256
2020-11-14,Del Norte,015,27424,246,219,0,219,2
2020-11-14,El Dorado,017,186661,1951,1648,14,1662,4
2020-11-14,Fresno,019,978130,37948,33969,887,34856,471
2020-11-14,Glenn,021,27897,840,772,21,793,3
2020-11-14,Humboldt,023,135768,738,643,1,644,9
2020-11-14,Imperial,025,180216,14633,13932,27,13959,346
2020-11-14,Inyo,027,18085,272,263,8,271,15
2020-11-14,Kern,029,883053,37449,35626,774,36400,454
2020-11-14,Kings,031,150075,9958,9490,105,9595,85
2020-11-14,Lake,033,64148,843,773,0,773,17
2020-11-14,Lassen,035,31185,1237,833,3,836,0
2020-11-14,Los Angeles,037,10098052,349032,333021,4303,337324,7269
2020-11-14,Madera,039,155013,5702,5371,86,5457,54
2020-11-14,Marin,041,260295,7488,7325,24,7349,133
2020-11-14,Mariposa,043,17540,96,86,0,86,2
2020-11-14,Mendocino,045,87422,1286,1181,3,1184,22
2020-11-14,Merced,047,269075,10706,10286,81,10367,161
2020-11-14,Modoc,049,8938,84,64,16,80,0
2020-11-14,Mono,051,14174,475,453,9,462,2
2020-11-14,Monterey,053,433212,13622,12854,173,13027,105
2020-11-14,Napa,055,140530,2747,2473,12,2485,17
2020-11-14,Nevada,057,99092,985,835,22,857,9
2020-11-14,Orange,059,3164182,69498,64340,2099,66439,1517
2020-11-14,Placer,061,380077,5818,5215,74,5289,63
2020-11-14,Plumas,063,18699,157,128,0,128,0
2020-11-14,Riverside,065,2383286,79231,74910,1054,75964,1373
2020-11-14,Sacramento,067,1510023,32242,30298,60,30358,532
2020-11-14,San Benito,069,59416,1655,1573,2,1575,15
2020-11-14,San Bernardino,071,2135413,80016,72868,840,73708,1184
2020-11-14,San Diego,073,3302833,69603,63715,2265,65980,926
2020-11-14,San Francisco,075,870044,14184,13661,76,13737,153
2020-11-14,San Joaquin,077,732212,24473,23516,373,23889,511
2020-11-14,San Luis Obispo,079,281455,5548,5073,77,5150,34
2020-11-14,San Mateo,081,765935,13086,12293,10,12303,169
2020-11-14,Santa Barbara,083,443738,11566,10482,159,10641,135
2020-11-14,Santa Clara,085,1922200,30592,27962,50,28012,416
2020-11-14,Santa Cruz,087,273765,3782,3402,42,3444,25
2020-11-14,Shasta,089,179085,4157,3195,93,3288,37
2020-11-14,Sierra,091,2930,15,11,0,11,0
2020-11-14,Siskiyou,093,43540,395,292,26,318,0
2020-11-14,Solano,095,438530,9183,8655,46,8701,84
2020-11-14,Sonoma,097,501317,11295,10769,38,10807,154
2020-11-14,Stanislaus,099,539301,19847,19068,1118,20186,424
2020-11-14,Sutter,101,95872,2566,2182,9,2191,12
2020-11-14,Tehama,103,63373,1362,1206,6,1212,7
2020-11-14,Trinity,105,12862,170,67,15,82,0
2020-11-14,Tulare,107,460477,19715,18853,872,19725,305
2020-11-14,Tuolumne,109,53932,726,448,3,451,7
2020-11-14,Ventura,111,848112,17611,16297,510,16807,172
2020-11-14,Yolo,113,214977,4067,3765,10,3775,65
2020-11-14,Yuba,115,75493,1607,1453,6,1459,10
2020-11-13,Alameda,001,1643700,26964,25515,269,25784,434
2020-11-13,Alpine,003,1148,36,12,0,12,0
2020-11-13,Amador,005,37829,432,397,0,397,16
2020-11-13,Butte,007,227075,3662,3402,111,3513,58
2020-11-13,Calaveras,009,45235,392,378,0,378,21
2020-11-13,Colusa,011,21464,625,598,1,599,6
2020-11-13,Contra Costa,013,1133247,21889,20799,119,20918,256
2020-11-13,Del Norte,015,27424,244,208,0,208,2
2020-11-13,El Dorado,017,186661,1906,1611,13,1624,4
2020-11-13,Fresno,019,978130,37701,33693,873,34566,470
2020-11-13,Glenn,021,27897,826,755,17,772,3
2020-11-13,Humboldt,023,135768,723,638,1,639,9
2020-11-13,Imperial,025,180216,14563,13790,26,13816,341
2020-11-13,Inyo,027,18085,271,262,8,270,15
2020-11-13,Kern,029,883053,37247,35431,757,36188,453
2020-11-13,Kings,031,150075,9899,9428,104,9532,85
2020-11-13,Lake,033,64148,837,770,0,770,17
2020-11-13,Lassen,035,31185,1228,832,3,835,0
2020-11-13,Los Angeles,037,10098052,345905,329364,4193,333557,7248
2020-11-13,Madera,039,155013,5662,5340,85,5425,54
2020-11-13,Marin,041,260295,7475,7307,23,7330,133
2020-11-13,Mariposa,043,17540,94,86,0,86,2
2020-11-13,Mendocino,045,87422,1274,1173,3,1176,22
2020-11-13,Merced,047,269075,10650,10185,78,10263,159
2020-11-13,Modoc,049,8938,84,63,14,77,0
2020-11-13,Mono,051,14174,475,448,8,456,2
2020-11-13,Monterey,053,433212,13427,12681,161,12842,104
2020-11-13,Napa,055,140530,2708,2440,12,2452,17
2020-11-13,Nevada,057,99092,966,798,22,820,9
2020-11-13,Orange,059,3164182,68897,63804,2079,65883,1514
2020-11-13,Placer,061,380077,5713,5122,68,5190,63
2020-11-13,Plumas,063,18699,151,125,0,125,0
2020-11-13,Riverside,065,2383286,78493,74138,1025,75163,1372
2020-11-13,Sacramento,067,1510023,31924,29787,55,29842,524
2020-11-13,San Benito,069,59416,1643,1553,1,1554,15
2020-11-13,San Bernardino,071,2135413,78969,71895,819,72714,1184
2020-11-13,San Diego,073,3302833,68756,62978,2227,65205,921
2020-11-13,San Francisco,075,870044,14091,13516,74,13590,146
2020-11-13,San Joaquin,077,732212,24378,23314,367,23681,510
2020-11-13,San Luis Obispo,079,281455,5481,4960,74,5034,34
2020-11-13,San Mateo,081,765935,12992,12182,10,12192,169
2020-11-13,Santa Barbara,083,443738,11514,10405,157,10562,134
2020-11-13,Santa Clara,085,1922200,30265,27609,48,27657,415
2020-11-13,Santa Cruz,087,273765,3709,3343,42,3385,25
2020-11-13,Shasta,089,179085,4072,2983,89,3072,37
2020-11-13,Sierra,091,2930,15,11,0,11,0
2020-11-13,Siskiyou,093,43540,390,280,25,305,0
2020-11-13,Solano,095,438530,9092,8525,46,8571,84
2020-11-13,Sonoma,097,501317,11234,10685,36,10721,151
2020-11-13,Stanislaus,099,539301,19722,18936,1090,20026,422
2020-11-13,Sutter,101,95872,2520,2121,8,2129,12
2020-11-13,Tehama,103,63373,1334,1167,6,1173,7
2020-11-13,Trinity,105,12862,168,64,15,79,0
2020-11-13,Tulare,107,460477,19592,18714,830,19544,305
2020-11-13,Tuolumne,109,53932,693,427,3,430,7
2020-11-13,Ventura,111,848112,17465,16172,496,16668,171
2020-11-13,Yolo,113,214977,4016,3716,10,3726,65
2020-11-13,Yuba,115,75493,1580,1435,6,1441,10
2020-11-12,Alameda,001,1643700,26697,25345,269,25614,432
2020-11-12,Alpine,003,1148,35,12,0,12,0
2020-11-12,Amador,005,37829,431,392,0,392,16
2020-11-12,Butte,007,227075,3613,3347,108,3455,58
2020-11-12,Calaveras,009,45235,387,373,0,373,21
2020-11-12,Colusa,011,21464,620,591,1,592,6
2020-11-12,Contra Costa,013,1133247,21682,20619,117,20736,255
2020-11-12,Del Norte,015,27424,237,203,0,203,2
2020-11-12,El Dorado,017,186661,1860,1573,9,1582,4
2020-11-12,Fresno,019,978130,37355,33459,831,34290,468
2020-11-12,Glenn,021,27897,807,727,17,744,3
2020-11-12,Humboldt,023,135768,710,625,1,626,9
2020-11-12,Imperial,025,180216,14398,13619,26,13645,341
2020-11-12,Inyo,027,18085,270,255,8,263,15
2020-11-12,Kern,029,883053,36983,35207,741,35948,451
2020-11-12,Kings,031,150075,9832,9335,102,9437,85
2020-11-12,Lake,033,64148,828,764,0,764,17
2020-11-12,Lassen,035,31185,1159,832,2,834,0
2020-11-12,Los Angeles,037,10098052,342165,327001,4092,331093,7223
2020-11-12,Madera,039,155013,5627,5273,80,5353,54
2020-11-12,Marin,041,260295,7446,7268,23,7291,133
2020-11-12,Mariposa,043,17540,92,84,0,84,2
2020-11-12,Mendocino,045,87422,1255,1142,3,1145,22
2020-11-12,Merced,047,269075,10536,10107,75,10182,158
2020-11-12,Modoc,049,8938,84,63,14,77,0
2020-11-12,Mono,051,14174,474,442,8,450,2
2020-11-12,Monterey,053,433212,13306,12489,147,12636,100
2020-11-12,Napa,055,140530,2646,2398,12,2410,16
2020-11-12,Nevada,057,99092,943,780,21,801,9
2020-11-12,Orange,059,3164182,68151,63232,2059,65291,1514
2020-11-12,Placer,061,380077,5603,5044,58,5102,62
2020-11-12,Plumas,063,18699,147,121,0,121,0
2020-11-12,Riverside,065,2383286,77565,73381,981,74362,1362
2020-11-12,Sacramento,067,1510023,31433,29459,48,29507,520
2020-11-12,San Benito,069,59416,1623,1525,1,1526,15
2020-11-12,San Bernardino,071,2135413,77604,70758,780,71538,1183
2020-11-12,San Diego,073,3302833,67776,62336,2176,64512,918
2020-11-12,San Francisco,075,870044,13992,13289,73,13362,146
2020-11-12,San Joaquin,077,732212,24184,23002,346,23348,509
2020-11-12,San Luis Obispo,079,281455,5417,4898,73,4971,33
2020-11-12,San Mateo,081,765935,12869,12086,9,12095,169
2020-11-12,Santa Barbara,083,443738,11451,10325,152,10477,134
2020-11-12,Santa Clara,085,1922200,29889,27261,47,27308,414
2020-11-12,Santa Cruz,087,273765,3626,3317,40,3357,25
2020-11-12,Shasta,089,179085,3934,2825,78,2903,37
2020-11-12,Sierra,091,2930,15,11,0,11,0
2020-11-12,Siskiyou,093,43540,373,275,20,295,0
2020-11-12,Solano,095,438530,8992,8417,45,8462,85
2020-11-12,Sonoma,097,501317,11132,10602,35,10637,151
2020-11-12,Stanislaus,099,539301,19555,18787,1060,19847,422
2020-11-12,Sutter,101,95872,2436,2075,7,2082,12
2020-11-12,Tehama,103,63373,1307,1117,6,1123,7
2020-11-12,Trinity,105,12862,160,62,15,77,0
2020-11-12,Tulare,107,460477,19480,18545,792,19337,305
2020-11-12,Tuolumne,109,53932,654,353,3,356,7
2020-11-12,Ventura,111,848112,17215,16013,490,16503,158
2020-11-12,Yolo,113,214977,3972,3646,10,3656,63
2020-11-12,Yuba,115,75493,1545,1410,6,1416,10
2020-11-11,Alameda,001,1643700,26455,25140,267,25407,429
2020-11-11,Alpine,003,1148,30,12,0,12,0
2020-11-11,Amador,005,37829,424,389,0,389,16
2020-11-11,Butte,007,227075,3587,3348,95,3443,58
2020-11-11,Calaveras,009,45235,377,373,0,373,21
2020-11-11,Colusa,011,21464,614,591,1,592,6
2020-11-11,Contra Costa,013,1133247,21463,20452,115,20567,255
2020-11-11,Del Norte,015,27424,230,203,0,203,2
2020-11-11,El Dorado,017,186661,1814,1564,8,1572,4
2020-11-11,Fresno,019,978130,37035,33287,797,34084,468
2020-11-11,Glenn,021,27897,791,722,16,738,3
2020-11-11,Humboldt,023,135768,696,623,1,624,9
2020-11-11,Imperial,025,180216,14227,13623,24,13647,340
2020-11-11,Inyo,027,18085,268,255,8,263,15
2020-11-11,Kern,029,883053,36709,35014,723,35737,449
2020-11-11,Kings,031,150075,9726,9263,99,9362,85
2020-11-11,Lake,033,64148,818,763,0,763,17
2020-11-11,Lassen,035,31185,1134,831,2,833,0
2020-11-11,Los Angeles,037,10098052,338804,324567,4002,328569,7220
2020-11-11,Madera,039,155013,5593,5248,77,5325,54
2020-11-11,Marin,041,260295,7423,7268,23,7291,133
2020-11-11,Mariposa,043,17540,92,84,0,84,2
2020-11-11,Mendocino,045,87422,1243,1142,3,1145,22
2020-11-11,Merced,047,269075,10465,10074,73,10147,157
2020-11-11,Modoc,049,8938,80,62,13,75,0
2020-11-11,Mono,051,14174,472,443,8,451,2
2020-11-11,Monterey,053,433212,13162,12417,143,12560,100
2020-11-11,Napa,055,140530,2597,2365,9,2374,15
2020-11-11,Nevada,057,99092,901,741,21,762,9
2020-11-11,Orange,059,3164182,67514,62929,2036,64965,1506
2020-11-11,Placer,061,380077,5519,4981,50,5031,60
2020-11-11,Plumas,063,18699,145,111,0,111,0
2020-11-11,Riverside,065,2383286,76660,72953,935,73888,1361
2020-11-11,Sacramento,067,1510023,30976,28968,46,29014,520
2020-11-11,San Benito,069,59416,1609,1512,1,1513,15
2020-11-11,San Bernardino,071,2135413,76317,70374,753,71127,1182
2020-11-11,San Diego,073,3302833,66841,61746,2115,63861,918
2020-11-11,San Francisco,075,870044,13883,13287,72,13359,146
2020-11-11,San Joaquin,077,732212,24025,23001,340,23341,509
2020-11-11,San Luis Obispo,079,281455,5342,4832,70,4902,33
2020-11-11,San Mateo,081,765935,12754,12008,9,12017,169
2020-11-11,Santa Barbara,083,443738,11386,10278,152,10430,134
2020-11-11,Santa Clara,085,1922200,29536,27075,46,27121,413
2020-11-11,Santa Cruz,087,273765,3558,3247,40,3287,25
2020-11-11,Shasta,089,179085,3811,2766,68,2834,36
2020-11-11,Sierra,091,2930,13,11,0,11,0
2020-11-11,Siskiyou,093,43540,342,261,17,278,0
2020-11-11,Solano,095,438530,8874,8353,43,8396,85
2020-11-11,Sonoma,097,501317,11058,10498,35,10533,150
2020-11-11,Stanislaus,099,539301,19417,18671,1028,19699,422
2020-11-11,Sutter,101,95872,2388,2049,6,2055,12
2020-11-11,Tehama,103,63373,1265,1105,5,1110,7
2020-11-11,Trinity,105,12862,149,62,15,77,0
2020-11-11,Tulare,107,460477,19350,18500,761,19261,305
2020-11-11,Tuolumne,109,53932,598,354,3,357,7
2020-11-11,Ventura,111,848112,17000,15801,476,16277,158
2020-11-11,Yolo,113,214977,3921,3606,10,3616,63
2020-11-11,Yuba,115,75493,1530,1400,6,1406,10
2020-11-10,Alameda,001,1643700,26225,25008,264,25272,424
2020-11-10,Alpine,003,1148,30,9,0,9,0
2020-11-10,Amador,005,37829,418,384,0,384,16
2020-11-10,Butte,007,227075,3551,3327,91,3418,58
2020-11-10,Calaveras,009,45235,372,367,0,367,21
2020-11-10,Colusa,011,21464,606,590,1,591,6
2020-11-10,Contra Costa,013,1133247,21256,20326,112,20438,255
2020-11-10,Del Norte,015,27424,224,196,0,196,2
2020-11-10,El Dorado,017,186661,1753,1551,8,1559,4
2020-11-10,Fresno,019,978130,36765,33024,759,33783,465
2020-11-10,Glenn,021,27897,783,719,12,731,3
2020-11-10,Humboldt,023,135768,679,610,1,611,9
2020-11-10,Imperial,025,180216,14097,13570,24,13594,338
2020-11-10,Inyo,027,18085,267,252,7,259,14
2020-11-10,Kern,029,883053,36432,34858,704,35562,448
2020-11-10,Kings,031,150075,9679,9236,92,9328,85
2020-11-10,Lake,033,64148,808,762,0,762,16
2020-11-10,Lassen,035,31185,1119,830,2,832,0
2020-11-10,Los Angeles,037,10098052,335556,322569,3885,326454,7205
2020-11-10,Madera,039,155013,5551,5229,71,5300,54
2020-11-10,Marin,041,260295,7404,7259,23,7282,133
2020-11-10,Mariposa,043,17540,90,84,0,84,2
2020-11-10,Mendocino,045,87422,1235,1137,3,1140,22
2020-11-10,Merced,047,269075,10403,9992,67,10059,157
2020-11-10,Modoc,049,8938,78,61,13,74,0
2020-11-10,Mono,051,14174,470,443,8,451,2
2020-11-10,Monterey,053,433212,13024,12335,135,12470,100
2020-11-10,Napa,055,140530,2559,2341,7,2348,15
2020-11-10,Nevada,057,99092,885,734,21,755,9
2020-11-10,Orange,059,3164182,66964,62597,2025,64622,1504
2020-11-10,Placer,061,380077,5439,4902,49,4951,60
2020-11-10,Plumas,063,18699,141,108,0,108,0
2020-11-10,Riverside,065,2383286,76019,72316,908,73224,1359
2020-11-10,Sacramento,067,1510023,30569,28677,43,28720,519
2020-11-10,San Benito,069,59416,1594,1508,1,1509,15
2020-11-10,San Bernardino,071,2135413,75147,69666,718,70384,1182
2020-11-10,San Diego,073,3302833,65950,61085,2078,63163,915
2020-11-10,San Francisco,075,870044,13766,13210,72,13282,146
2020-11-10,San Joaquin,077,732212,23860,22865,333,23198,508
2020-11-10,San Luis Obispo,079,281455,5279,4780,66,4846,33
2020-11-10,San Mateo,081,765935,12653,11939,9,11948,169
2020-11-10,Santa Barbara,083,443738,11319,10252,148,10400,134
2020-11-10,Santa Clara,085,1922200,29193,26917,45,26962,409
2020-11-10,Santa Cruz,087,273765,3494,3221,40,3261,25
2020-11-10,Shasta,089,179085,3669,2686,60,2746,36
2020-11-10,Sierra,091,2930,12,10,0,10,0
2020-11-10,Siskiyou,093,43540,326,263,16,279,0
2020-11-10,Solano,095,438530,8776,8299,43,8342,85
2020-11-10,Sonoma,097,501317,10971,10414,35,10449,150
2020-11-10,Stanislaus,099,539301,19283,18592,1004,19596,420
2020-11-10,Sutter,101,95872,2293,2035,5,2040,12
2020-11-10,Tehama,103,63373,1239,1099,4,1103,7
2020-11-10,Trinity,105,12862,140,62,14,76,0
2020-11-10,Tulare,107,460477,19236,18430,737,19167,305
2020-11-10,Tuolumne,109,53932,550,353,3,356,7
2020-11-10,Ventura,111,848112,16817,15625,474,16099,158
2020-11-10,Yolo,113,214977,3860,3573,10,3583,63
2020-11-10,Yuba,115,75493,1507,1392,6,1398,10
2020-11-09,Alameda,001,1643700,25976,24899,260,25159,424
2020-11-09,Alpine,003,1148,28,6,0,6,0
2020-11-09,Amador,005,37829,409,380,0,380,16
2020-11-09,Butte,007,227075,3506,3301,82,3383,57
2020-11-09,Calaveras,009,45235,368,360,0,360,21
2020-11-09,Colusa,011,21464,600,583,1,584,6
2020-11-09,Contra Costa,013,1133247,21083,20193,110,20303,255
2020-11-09,Del Norte,015,27424,218,195,0,195,2
2020-11-09,El Dorado,017,186661,1712,1515,8,1523,4
2020-11-09,Fresno,019,978130,36454,32755,716,33471,465
2020-11-09,Glenn,021,27897,777,714,9,723,3
2020-11-09,Humboldt,023,135768,666,607,1,608,9
2020-11-09,Imperial,025,180216,13980,13508,23,13531,338
2020-11-09,Inyo,027,18085,267,252,7,259,14
2020-11-09,Kern,029,883053,36201,34764,667,35431,448
2020-11-09,Kings,031,150075,9609,9141,90,9231,84
2020-11-09,Lake,033,64148,799,755,0,755,16
2020-11-09,Lassen,035,31185,1023,799,2,801,0
2020-11-09,Los Angeles,037,10098052,332460,320370,3807,324177,7180
2020-11-09,Madera,039,155013,5505,5209,68,5277,54
2020-11-09,Marin,041,260295,7378,7237,22,7259,131
2020-11-09,Mariposa,043,17540,90,84,0,84,2
2020-11-09,Mendocino,045,87422,1223,1132,3,1135,22
2020-11-09,Merced,047,269075,10300,9922,64,9986,157
2020-11-09,Modoc,049,8938,74,54,12,66,0
2020-11-09,Mono,051,14174,467,352,8,360,2
2020-11-09,Monterey,053,433212,12877,12148,127,12275,98
2020-11-09,Napa,055,140530,2516,2309,7,2316,15
2020-11-09,Nevada,057,99092,848,729,20,749,9
2020-11-09,Orange,059,3164182,66323,62335,2013,64348,1501
2020-11-09,Placer,061,380077,5354,4843,37,4880,60
2020-11-09,Plumas,063,18699,134,102,0,102,0
2020-11-09,Riverside,065,2383286,75236,72059,875,72934,1346
2020-11-09,Sacramento,067,1510023,30097,28200,43,28243,516
2020-11-09,San Benito,069,59416,1585,1506,1,1507,15
2020-11-09,San Bernardino,071,2135413,74093,69015,676,69691,1182
2020-11-09,San Diego,073,3302833,65094,60572,2039,62611,908
2020-11-09,San Francisco,075,870044,13647,12984,69,13053,146
2020-11-09,San Joaquin,077,732212,23695,22512,328,22840,505
2020-11-09,San Luis Obispo,079,281455,5193,4746,64,4810,32
2020-11-09,San Mateo,081,765935,12546,11857,9,11866,169
2020-11-09,Santa Barbara,083,443738,11262,10214,142,10356,134
2020-11-09,Santa Clara,085,1922200,28798,26693,45,26738,409
2020-11-09,Santa Cruz,087,273765,3436,3194,40,3234,25
2020-11-09,Shasta,089,179085,3514,2581,51,2632,36
2020-11-09,Sierra,091,2930,10,10,0,10,0
2020-11-09,Siskiyou,093,43540,315,257,14,271,0
2020-11-09,Solano,095,438530,8660,8254,42,8296,85
2020-11-09,Sonoma,097,501317,10863,10310,35,10345,150
2020-11-09,Stanislaus,099,539301,19130,18482,987,19469,418
2020-11-09,Sutter,101,95872,2226,2010,4,2014,12
2020-11-09,Tehama,103,63373,1203,1071,3,1074,7
2020-11-09,Trinity,105,12862,133,46,14,60,0
2020-11-09,Tulare,107,460477,19116,18272,705,18977,304
2020-11-09,Tuolumne,109,53932,496,346,3,349,7
2020-11-09,Ventura,111,848112,16615,15568,471,16039,156
2020-11-09,Yolo,113,214977,3800,3522,9,3531,62
2020-11-09,Yuba,115,75493,1474,1380,6,1386,10
2020-11-08,Alameda,001,1643700,25748,24731,260,24991,424
2020-11-08,Alpine,003,1148,25,6,0,6,0
2020-11-08,Amador,005,37829,402,376,0,376,16
2020-11-08,Butte,007,227075,3468,3285,76,3361,57
2020-11-08,Calaveras,009,45235,366,360,0,360,21
2020-11-08,Colusa,011,21464,597,583,1,584,6
2020-11-08,Contra Costa,013,1133247,20913,20031,108,20139,254
2020-11-08,Del Norte,015,27424,210,195,0,195,2
2020-11-08,El Dorado,017,186661,1674,1502,8,1510,4
2020-11-08,Fresno,019,978130,36119,32619,677,33296,465
2020-11-08,Glenn,021,27897,771,707,8,715,3
2020-11-08,Humboldt,023,135768,650,605,1,606,9
2020-11-08,Imperial,025,180216,13864,13428,23,13451,338
2020-11-08,Inyo,027,18085,263,252,7,259,14
2020-11-08,Kern,029,883053,35982,34644,649,35293,448
2020-11-08,Kings,031,150075,9476,9026,87,9113,84
2020-11-08,Lake,033,64148,791,754,0,754,16
2020-11-08,Lassen,035,31185,875,799,2,801,0
2020-11-08,Los Angeles,037,10098052,329337,318960,3735,322695,7176
2020-11-08,Madera,039,155013,5437,5196,65,5261,54
2020-11-08,Marin,041,260295,7358,7227,22,7249,131
2020-11-08,Mariposa,043,17540,90,83,0,83,2
2020-11-08,Mendocino,045,87422,1214,1129,3,1132,22
2020-11-08,Merced,047,269075,10225,9885,62,9947,157
2020-11-08,Modoc,049,8938,70,54,12,66,0
2020-11-08,Mono,051,14174,461,352,8,360,2
2020-11-08,Monterey,053,433212,12732,12122,115,12237,98
2020-11-08,Napa,055,140530,2476,2274,7,2281,15
2020-11-08,Nevada,057,99092,832,715,20,735,9
2020-11-08,Orange,059,3164182,65735,62034,2000,64034,1501
2020-11-08,Placer,061,380077,5251,4800,32,4832,60
2020-11-08,Plumas,063,18699,129,102,0,102,0
2020-11-08,Riverside,065,2383286,74583,71442,833,72275,1345
2020-11-08,Sacramento,067,1510023,29537,28059,40,28099,515
2020-11-08,San Benito,069,59416,1570,1496,1,1497,15
2020-11-08,San Bernardino,071,2135413,72844,68412,634,69046,1182
2020-11-08,San Diego,073,3302833,64249,60199,1995,62194,908
2020-11-08,San Francisco,075,870044,13516,12985,64,13049,146
2020-11-08,San Joaquin,077,732212,23502,22514,324,22838,505
2020-11-08,San Luis Obispo,079,281455,5127,4698,59,4757,32
2020-11-08,San Mateo,081,765935,12427,11783,9,11792,169
2020-11-08,Santa Barbara,083,443738,11192,10180,140,10320,134
2020-11-08,Santa Clara,085,1922200,28424,26442,44,26486,410
2020-11-08,Santa Cruz,087,273765,3379,3134,40,3174,25
2020-11-08,Shasta,089,179085,3378,2582,45,2627,36
2020-11-08,Sierra,091,2930,10,7,0,7,0
2020-11-08,Siskiyou,093,43540,303,246,13,259,0
2020-11-08,Solano,095,438530,8539,8132,41,8173,85
2020-11-08,Sonoma,097,501317,10756,10229,35,10264,149
2020-11-08,Stanislaus,099,539301,18957,18413,964,19377,418
2020-11-08,Sutter,101,95872,2168,1980,4,1984,12
2020-11-08,Tehama,103,63373,1179,1054,3,1057,7
2020-11-08,Trinity,105,12862,130,46,14,60,0
2020-11-08,Tulare,107,460477,18973,18272,674,18946,304
2020-11-08,Tuolumne,109,53932,469,341,3,344,7
2020-11-08,Ventura,111,848112,16420,15504,463,15967,156
2020-11-08,Yolo,113,214977,3739,3492,9,3501,61
2020-11-08,Yuba,115,75493,1453,1369,6,1375,10
2020-11-07,Alameda,001,1643700,25638,24578,258,24836,424
2020-11-07,Alpine,003,1148,25,6,0,6,0
2020-11-07,Amador,005,37829,399,375,0,375,16
2020-11-07,Butte,007,227075,3456,3277,71,3348,57
2020-11-07,Calaveras,009,45235,364,360,0,360,21
2020-11-07,Colusa,011,21464,597,583,1,584,6
2020-11-07,Contra Costa,013,1133247,20812,19943,107,20050,254
2020-11-07,Del Norte,015,27424,206,194,0,194,2
2020-11-07,El Dorado,017,186661,1649,1495,7,1502,4
2020-11-07,Fresno,019,978130,35965,32497,655,33152,465
2020-11-07,Glenn,021,27897,763,707,8,715,3
2020-11-07,Humboldt,023,135768,639,590,1,591,9
2020-11-07,Imperial,025,180216,13806,13388,22,13410,338
2020-11-07,Inyo,027,18085,261,252,7,259,14
2020-11-07,Kern,029,883053,35827,34513,639,35152,448
2020-11-07,Kings,031,150075,9443,9005,81,9086,84
2020-11-07,Lake,033,64148,787,751,0,751,16
2020-11-07,Lassen,035,31185,859,799,2,801,0
2020-11-07,Los Angeles,037,10098052,327831,316756,3665,320421,7174
2020-11-07,Madera,039,155013,5415,5177,63,5240,54
2020-11-07,Marin,041,260295,7347,7215,22,7237,131
2020-11-07,Mariposa,043,17540,90,81,0,81,2
2020-11-07,Mendocino,045,87422,1204,1118,3,1121,22
2020-11-07,Merced,047,269075,10193,9855,58,9913,157
2020-11-07,Modoc,049,8938,70,51,12,63,0
2020-11-07,Mono,051,14174,458,352,8,360,2
2020-11-07,Monterey,053,433212,12663,12030,111,12141,98
2020-11-07,Napa,055,140530,2446,2260,6,2266,15
2020-11-07,Nevada,057,99092,815,710,20,730,9
2020-11-07,Orange,059,3164182,65449,62038,1993,64031,1505
2020-11-07,Placer,061,380077,5188,4745,32,4777,60
2020-11-07,Plumas,063,18699,127,94,0,94,0
2020-11-07,Riverside,065,2383286,74188,71153,804,71957,1345
2020-11-07,Sacramento,067,1510023,29286,27773,40,27813,515
2020-11-07,San Benito,069,59416,1558,1489,1,1490,15
2020-11-07,San Bernardino,071,2135413,72329,67935,623,68558,1182
2020-11-07,San Diego,073,3302833,63737,59682,1963,61645,909
2020-11-07,San Francisco,075,870044,13455,12980,63,13043,146
2020-11-07,San Joaquin,077,732212,23393,22517,318,22835,505
2020-11-07,San Luis Obispo,079,281455,5078,4668,56,4724,32
2020-11-07,San Mateo,081,765935,12364,11711,9,11720,169
2020-11-07,Santa Barbara,083,443738,11150,10157,138,10295,134
2020-11-07,Santa Clara,085,1922200,28219,26244,43,26287,410
2020-11-07,Santa Cruz,087,273765,3341,3130,40,3170,25
2020-11-07,Shasta,089,179085,3309,2547,43,2590,36
2020-11-07,Sierra,091,2930,10,7,0,7,0
2020-11-07,Siskiyou,093,43540,299,241,13,254,0
2020-11-07,Solano,095,438530,8487,8066,41,8107,85
2020-11-07,Sonoma,097,501317,10710,10200,35,10235,149
2020-11-07,Stanislaus,099,539301,18847,18386,948,19334,418
2020-11-07,Sutter,101,95872,2128,1973,4,1977,12
2020-11-07,Tehama,103,63373,1155,1043,3,1046,7
2020-11-07,Trinity,105,12862,130,42,13,55,0
2020-11-07,Tulare,107,460477,18917,18229,657,18886,304
2020-11-07,Tuolumne,109,53932,458,327,3,330,7
2020-11-07,Ventura,111,848112,16360,15364,458,15822,156
2020-11-07,Yolo,113,214977,3708,3486,9,3495,61
2020-11-07,Yuba,115,75493,1438,1349,6,1355,10
2020-11-06,Alameda,001,1643700,25506,24389,256,24645,420
2020-11-06,Alpine,003,1148,25,6,0,6,0
2020-11-06,Amador,005,37829,397,369,0,369,16
2020-11-06,Butte,007,227075,3431,3254,63,3317,57
2020-11-06,Calaveras,009,45235,363,359,0,359,21
2020-11-06,Colusa,011,21464,595,580,1,581,6
2020-11-06,Contra Costa,013,1133247,20663,19744,107,19851,252
2020-11-06,Del Norte,015,27424,203,194,0,194,2
2020-11-06,El Dorado,017,186661,1623,1475,7,1482,4
2020-11-06,Fresno,019,978130,35777,32278,638,32916,460
2020-11-06,Glenn,021,27897,757,707,7,714,3
2020-11-06,Humboldt,023,135768,636,587,1,588,9
2020-11-06,Imperial,025,180216,13753,13230,22,13252,338
2020-11-06,Inyo,027,18085,259,246,7,253,14
2020-11-06,Kern,029,883053,35662,34360,621,34981,443
2020-11-06,Kings,031,150075,9419,8883,79,8962,83
2020-11-06,Lake,033,64148,786,741,0,741,16
2020-11-06,Lassen,035,31185,851,794,2,796,0
2020-11-06,Los Angeles,037,10098052,325859,314356,3610,317966,7160
2020-11-06,Madera,039,155013,5399,5136,62,5198,54
2020-11-06,Marin,041,260295,7326,7184,22,7206,131
2020-11-06,Mariposa,043,17540,89,79,0,79,2
2020-11-06,Mendocino,045,87422,1199,1113,3,1116,22
2020-11-06,Merced,047,269075,10153,9778,55,9833,157
2020-11-06,Modoc,049,8938,70,48,12,60,0
2020-11-06,Mono,051,14174,452,308,8,316,1
2020-11-06,Monterey,053,433212,12546,11914,110,12024,96
2020-11-06,Napa,055,140530,2421,2189,6,2195,15
2020-11-06,Nevada,057,99092,802,692,19,711,9
2020-11-06,Orange,059,3164182,65146,61049,1983,63032,1494
2020-11-06,Placer,061,380077,5115,4680,32,4712,60
2020-11-06,Plumas,063,18699,122,90,0,90,0
2020-11-06,Riverside,065,2383286,73738,70409,762,71171,1341
2020-11-06,Sacramento,067,1510023,28994,27489,38,27527,514
2020-11-06,San Benito,069,59416,1549,1479,1,1480,15
2020-11-06,San Bernardino,071,2135413,71733,66740,602,67342,1179
2020-11-06,San Diego,073,3302833,63212,59143,1932,61075,907
2020-11-06,San Francisco,075,870044,13385,12825,62,12887,146
2020-11-06,San Joaquin,077,732212,23307,22424,308,22732,502
2020-11-06,San Luis Obispo,079,281455,5013,4531,50,4581,32
2020-11-06,San Mateo,081,765935,12289,11587,9,11596,168
2020-11-06,Santa Barbara,083,443738,11114,10118,133,10251,133
2020-11-06,Santa Clara,085,1922200,27977,25831,43,25874,402
2020-11-06,Santa Cruz,087,273765,3304,3063,40,3103,25
2020-11-06,Shasta,089,179085,3236,2475,41,2516,35
2020-11-06,Sierra,091,2930,9,7,0,7,0
2020-11-06,Siskiyou,093,43540,286,237,12,249,0
2020-11-06,Solano,095,438530,8422,7959,41,8000,85
2020-11-06,Sonoma,097,501317,10660,10142,35,10177,149
2020-11-06,Stanislaus,099,539301,18759,18250,939,19189,417
2020-11-06,Sutter,101,95872,2101,1937,2,1939,12
2020-11-06,Tehama,103,63373,1134,1024,3,1027,6
2020-11-06,Trinity,105,12862,127,41,13,54,0
2020-11-06,Tulare,107,460477,18853,18136,632,18768,300
2020-11-06,Tuolumne,109,53932,437,316,3,319,5
2020-11-06,Ventura,111,848112,16274,15222,455,15677,154
2020-11-06,Yolo,113,214977,3679,3420,9,3429,62
2020-11-06,Yuba,115,75493,1425,1335,6,1341,10
2020-11-05,Alameda,001,1643700,25328,24270,256,24526,420
2020-11-05,Alpine,003,1148,25,6,0,6,0
2020-11-05,Amador,005,37829,394,363,0,363,16
2020-11-05,Butte,007,227075,3408,3239,56,3295,57
2020-11-05,Calaveras,009,45235,356,333,0,333,19
2020-11-05,Colusa,011,21464,591,574,1,575,6
2020-11-05,Contra Costa,013,1133247,20481,19656,105,19761,252
2020-11-05,Del Norte,015,27424,201,192,0,192,2
2020-11-05,El Dorado,017,186661,1599,1466,7,1473,4
2020-11-05,Fresno,019,978130,35536,32056,613,32669,460
2020-11-05,Glenn,021,27897,737,702,7,709,3
2020-11-05,Humboldt,023,135768,625,581,1,582,9
2020-11-05,Imperial,025,180216,13661,13178,21,13199,337
2020-11-05,Inyo,027,18085,259,247,7,254,14
2020-11-05,Kern,029,883053,35460,34232,607,34839,443
2020-11-05,Kings,031,150075,9264,8846,76,8922,83
2020-11-05,Lake,033,64148,782,739,0,739,16
2020-11-05,Lassen,035,31185,820,782,2,784,0
2020-11-05,Los Angeles,037,10098052,323503,312381,3555,315936,7146
2020-11-05,Madera,039,155013,5360,5129,59,5188,54
2020-11-05,Marin,041,260295,7304,7171,22,7193,131
2020-11-05,Mariposa,043,17540,88,79,0,79,2
2020-11-05,Mendocino,045,87422,1187,1112,3,1115,22
2020-11-05,Merced,047,269075,10094,9753,50,9803,155
2020-11-05,Modoc,049,8938,69,47,11,58,0
2020-11-05,Mono,051,14174,450,307,8,315,1
2020-11-05,Monterey,053,433212,12438,11784,106,11890,96
2020-11-05,Napa,055,140530,2394,2158,6,2164,15
2020-11-05,Nevada,057,99092,780,687,18,705,9
2020-11-05,Orange,059,3164182,64699,60740,1973,62713,1484
2020-11-05,Placer,061,380077,5046,4627,27,4654,60
2020-11-05,Plumas,063,18699,114,90,0,90,0
2020-11-05,Riverside,065,2383286,73028,70094,703,70797,1338
2020-11-05,Sacramento,067,1510023,28613,27232,37,27269,512
2020-11-05,San Benito,069,59416,1534,1477,1,1478,15
2020-11-05,San Bernardino,071,2135413,70906,66407,589,66996,1174
2020-11-05,San Diego,073,3302833,62586,58659,1906,60565,904
2020-11-05,San Francisco,075,870044,13273,12726,61,12787,146
2020-11-05,San Joaquin,077,732212,23143,22318,304,22622,502
2020-11-05,San Luis Obispo,079,281455,4946,4459,48,4507,32
2020-11-05,San Mateo,081,765935,12195,11535,9,11544,168
2020-11-05,Santa Barbara,083,443738,11068,10080,129,10209,133
2020-11-05,Santa Clara,085,1922200,27709,25651,43,25694,402
2020-11-05,Santa Cruz,087,273765,3266,3023,40,3063,25
2020-11-05,Shasta,089,179085,3146,2401,40,2441,34
2020-11-05,Sierra,091,2930,9,6,0,6,0
2020-11-05,Siskiyou,093,43540,275,228,12,240,0
2020-11-05,Solano,095,438530,8339,7842,41,7883,85
2020-11-05,Sonoma,097,501317,10548,10064,34,10098,145
2020-11-05,Stanislaus,099,539301,18645,18194,926,19120,417
2020-11-05,Sutter,101,95872,2069,1925,2,1927,12
2020-11-05,Tehama,103,63373,1112,1015,2,1017,6
2020-11-05,Trinity,105,12862,111,41,13,54,0
2020-11-05,Tulare,107,460477,18768,18049,601,18650,301
2020-11-05,Tuolumne,109,53932,408,312,3,315,5
2020-11-05,Ventura,111,848112,16108,15113,444,15557,155
2020-11-05,Yolo,113,214977,3629,3391,9,3400,61
2020-11-05,Yuba,115,75493,1407,1322,6,1328,10
2020-11-04,Alameda,001,1643700,25150,24172,254,24426,418
2020-11-04,Alpine,003,1148,21,5,0,5,0
2020-11-04,Amador,005,37829,391,362,0,362,16
2020-11-04,Butte,007,227075,3382,3218,53,3271,57
2020-11-04,Calaveras,009,45235,353,290,0,290,19
2020-11-04,Colusa,011,21464,589,571,1,572,6
2020-11-04,Contra Costa,013,1133247,20314,19472,101,19573,251
2020-11-04,Del Norte,015,27424,197,188,0,188,2
2020-11-04,El Dorado,017,186661,1584,1448,4,1452,4
2020-11-04,Fresno,019,978130,35303,31952,585,32537,457
2020-11-04,Glenn,021,27897,733,701,6,707,3
2020-11-04,Humboldt,023,135768,616,571,1,572,9
2020-11-04,Imperial,025,180216,13563,13087,21,13108,335
2020-11-04,Inyo,027,18085,258,247,7,254,14
2020-11-04,Kern,029,883053,35305,34027,595,34622,439
2020-11-04,Kings,031,150075,9230,8817,74,8891,83
2020-11-04,Lake,033,64148,775,735,0,735,16
2020-11-04,Lassen,035,31185,815,781,2,783,0
2020-11-04,Los Angeles,037,10098052,321194,310456,3474,313930,7124
2020-11-04,Madera,039,155013,5340,5083,55,5138,54
2020-11-04,Marin,041,260295,7292,7157,22,7179,131
2020-11-04,Mariposa,043,17540,88,79,0,79,2
2020-11-04,Mendocino,045,87422,1169,1089,3,1092,22
2020-11-04,Merced,047,269075,10044,9717,48,9765,153
2020-11-04,Modoc,049,8938,59,47,11,58,0
2020-11-04,Mono,051,14174,447,237,7,244,1
2020-11-04,Monterey,053,433212,12233,11743,100,11843,96
2020-11-04,Napa,055,140530,2340,2133,6,2139,15
2020-11-04,Nevada,057,99092,761,675,18,693,9
2020-11-04,Orange,059,3164182,64264,60463,1949,62412,1483
2020-11-04,Placer,061,380077,4967,4526,24,4550,60
2020-11-04,Plumas,063,18699,112,88,0,88,0
2020-11-04,Riverside,065,2383286,72412,69562,643,70205,1335
2020-11-04,Sacramento,067,1510023,28262,27005,36,27041,510
2020-11-04,San Benito,069,59416,1519,1464,1,1465,15
2020-11-04,San Bernardino,071,2135413,70110,65891,565,66456,1169
2020-11-04,San Diego,073,3302833,61940,58126,1880,60006,904
2020-11-04,San Francisco,075,870044,13189,12649,58,12707,146
2020-11-04,San Joaquin,077,732212,23006,22197,291,22488,500
2020-11-04,San Luis Obispo,079,281455,4879,4389,46,4435,32
2020-11-04,San Mateo,081,765935,12100,11456,9,11465,168
2020-11-04,Santa Barbara,083,443738,11029,10026,128,10154,132
2020-11-04,Santa Clara,085,1922200,27447,25487,43,25530,393
2020-11-04,Santa Cruz,087,273765,3229,2997,40,3037,25
2020-11-04,Shasta,089,179085,3015,2321,35,2356,34
2020-11-04,Sierra,091,2930,9,6,0,6,0
2020-11-04,Siskiyou,093,43540,266,222,12,234,0
2020-11-04,Solano,095,438530,8240,7733,41,7774,85
2020-11-04,Sonoma,097,501317,10454,9965,34,9999,142
2020-11-04,Stanislaus,099,539301,18528,18114,910,19024,416
2020-11-04,Sutter,101,95872,2035,1916,2,1918,12
2020-11-04,Tehama,103,63373,1088,997,2,999,6
2020-11-04,Trinity,105,12862,107,37,13,50,0
2020-11-04,Tulare,107,460477,18660,17952,573,18525,298
2020-11-04,Tuolumne,109,53932,386,310,3,313,5
2020-11-04,Ventura,111,848112,15967,14936,441,15377,155
2020-11-04,Yolo,113,214977,3588,3361,9,3370,62
2020-11-04,Yuba,115,75493,1386,1312,6,1318,10
2020-11-03,Alameda,001,1643700,24966,24055,252,24307,418
2020-11-03,Alpine,003,1148,20,4,0,4,0
2020-11-03,Amador,005,37829,386,361,0,361,16
2020-11-03,Butte,007,227075,3358,3211,48,3259,57
2020-11-03,Calaveras,009,45235,349,287,0,287,19
2020-11-03,Colusa,011,21464,584,572,1,573,6
2020-11-03,Contra Costa,013,1133247,20159,19416,101,19517,250
2020-11-03,Del Norte,015,27424,196,187,0,187,2
2020-11-03,El Dorado,017,186661,1562,1445,3,1448,4
2020-11-03,Fresno,019,978130,35033,31856,560,32416,457
2020-11-03,Glenn,021,27897,727,698,6,704,3
2020-11-03,Humboldt,023,135768,610,570,1,571,8
2020-11-03,Imperial,025,180216,13474,13044,20,13064,335
2020-11-03,Inyo,027,18085,257,244,7,251,14
2020-11-03,Kern,029,883053,35114,33957,584,34541,439
2020-11-03,Kings,031,150075,9067,8783,69,8852,83
2020-11-03,Lake,033,64148,765,732,0,732,16
2020-11-03,Lassen,035,31185,806,782,2,784,0
2020-11-03,Los Angeles,037,10098052,318738,308812,3405,312217,7104
2020-11-03,Madera,039,155013,5303,5058,54,5112,54
2020-11-03,Marin,041,260295,7272,7147,21,7168,131
2020-11-03,Mariposa,043,17540,87,79,0,79,2
2020-11-03,Mendocino,045,87422,1154,1084,3,1087,22
2020-11-03,Merced,047,269075,9991,9713,47,9760,153
2020-11-03,Modoc,049,8938,57,47,9,56,0
2020-11-03,Mono,051,14174,443,210,7,217,1
2020-11-03,Monterey,053,433212,12164,11703,93,11796,94
2020-11-03,Napa,055,140530,2304,2130,6,2136,15
2020-11-03,Nevada,057,99092,741,670,17,687,9
2020-11-03,Orange,059,3164182,63835,60283,1938,62221,1477
2020-11-03,Placer,061,380077,4893,4514,24,4538,60
2020-11-03,Plumas,063,18699,109,86,0,86,0
2020-11-03,Riverside,065,2383286,71795,69300,617,69917,1325
2020-11-03,Sacramento,067,1510023,27882,26841,35,26876,510
2020-11-03,San Benito,069,59416,1509,1463,1,1464,15
2020-11-03,San Bernardino,071,2135413,69300,65320,556,65876,1159
2020-11-03,San Diego,073,3302833,61264,57722,1836,59558,901
2020-11-03,San Francisco,075,870044,13065,12585,58,12643,146
2020-11-03,San Joaquin,077,732212,22872,22109,285,22394,500
2020-11-03,San Luis Obispo,079,281455,4797,4371,44,4415,32
2020-11-03,San Mateo,081,765935,12005,11406,9,11415,162
2020-11-03,Santa Barbara,083,443738,10974,10008,123,10131,132
2020-11-03,Santa Clara,085,1922200,27174,25386,42,25428,393
2020-11-03,Santa Cruz,087,273765,3179,2980,39,3019,25
2020-11-03,Shasta,089,179085,2920,2288,28,2316,33
2020-11-03,Sierra,091,2930,7,6,0,6,0
2020-11-03,Siskiyou,093,43540,262,219,11,230,0
2020-11-03,Solano,095,438530,8157,7691,41,7732,85
2020-11-03,Sonoma,097,501317,10352,9906,34,9940,142
2020-11-03,Stanislaus,099,539301,18407,18080,899,18979,416
2020-11-03,Sutter,101,95872,2002,1914,2,1916,12
2020-11-03,Tehama,103,63373,1067,988,2,990,6
2020-11-03,Trinity,105,12862,100,36,12,48,0
2020-11-03,Tulare,107,460477,18555,17890,545,18435,297
2020-11-03,Tuolumne,109,53932,363,302,3,305,5
2020-11-03,Ventura,111,848112,15840,14816,434,15250,155
2020-11-03,Yolo,113,214977,3537,3343,9,3352,61
2020-11-03,Yuba,115,75493,1373,1295,6,1301,10
2020-11-02,Alameda,001,1643700,24770,23991,249,24240,419
2020-11-02,Alpine,003,1148,17,4,0,4,0
2020-11-02,Amador,005,37829,378,357,0,357,16
2020-11-02,Butte,007,227075,3338,3198,45,3243,57
2020-11-02,Calaveras,009,45235,349,282,0,282,18
2020-11-02,Colusa,011,21464,579,571,1,572,6
2020-11-02,Contra Costa,013,1133247,20005,19339,100,19439,250
2020-11-02,Del Norte,015,27424,193,175,0,175,2
2020-11-02,El Dorado,017,186661,1538,1405,3,1408,4
2020-11-02,Fresno,019,978130,34763,31738,543,32281,451
2020-11-02,Glenn,021,27897,721,692,5,697,3
2020-11-02,Humboldt,023,135768,601,569,1,570,8
2020-11-02,Imperial,025,180216,13394,13004,19,13023,334
2020-11-02,Inyo,027,18085,254,243,7,250,14
2020-11-02,Kern,029,883053,34957,33834,574,34408,437
2020-11-02,Kings,031,150075,9037,8654,66,8720,82
2020-11-02,Lake,033,64148,759,728,0,728,17
2020-11-02,Lassen,035,31185,798,782,2,784,0
2020-11-02,Los Angeles,037,10098052,316392,307620,3327,310947,7079
2020-11-02,Madera,039,155013,5273,5033,53,5086,54
2020-11-02,Marin,041,260295,7254,7132,20,7152,125
2020-11-02,Mariposa,043,17540,87,79,0,79,2
2020-11-02,Mendocino,045,87422,1140,1076,3,1079,21
2020-11-02,Merced,047,269075,9929,9664,41,9705,152
2020-11-02,Modoc,049,8938,54,45,5,50,0
2020-11-02,Mono,051,14174,441,211,7,218,1
2020-11-02,Monterey,053,433212,12057,11602,90,11692,93
2020-11-02,Napa,055,140530,2262,2081,6,2087,15
2020-11-02,Nevada,057,99092,725,656,17,673,9
2020-11-02,Orange,059,3164182,63429,59996,1922,61918,1474
2020-11-02,Placer,061,380077,4825,4461,22,4483,60
2020-11-02,Plumas,063,18699,101,86,0,86,0
2020-11-02,Riverside,065,2383286,71163,68833,577,69410,1321
2020-11-02,Sacramento,067,1510023,27540,26676,33,26709,508
2020-11-02,San Benito,069,59416,1497,1459,1,1460,15
2020-11-02,San Bernardino,071,2135413,68446,64629,545,65174,1157
2020-11-02,San Diego,073,3302833,60541,57429,1791,59220,891
2020-11-02,San Francisco,075,870044,12968,12436,57,12493,145
2020-11-02,San Joaquin,077,732212,22732,21919,276,22195,500
2020-11-02,San Luis Obispo,079,281455,4697,4303,41,4344,31
2020-11-02,San Mateo,081,765935,11896,11328,9,11337,161
2020-11-02,Santa Barbara,083,443738,10933,9985,118,10103,130
2020-11-02,Santa Clara,085,1922200,26884,25222,42,25264,387
2020-11-02,Santa Cruz,087,273765,3137,2943,39,2982,25
2020-11-02,Shasta,089,179085,2815,2174,24,2198,33
2020-11-02,Sierra,091,2930,7,6,0,6,0
2020-11-02,Siskiyou,093,43540,252,216,11,227,0
2020-11-02,Solano,095,438530,8039,7665,41,7706,84
2020-11-02,Sonoma,097,501317,10269,9796,33,9829,140
2020-11-02,Stanislaus,099,539301,18311,18005,890,18895,412
2020-11-02,Sutter,101,95872,1978,1895,2,1897,12
2020-11-02,Tehama,103,63373,1044,971,2,973,6
2020-11-02,Trinity,105,12862,95,30,12,42,0
2020-11-02,Tulare,107,460477,18461,17774,523,18297,299
2020-11-02,Tuolumne,109,53932,343,302,3,305,5
2020-11-02,Ventura,111,848112,15701,14767,417,15184,156
2020-11-02,Yolo,113,214977,3488,3318,9,3327,61
2020-11-02,Yuba,115,75493,1360,1280,6,1286,10
2020-11-01,Alameda,001,1643700,24607,23892,247,24139,419
2020-11-01,Alpine,003,1148,11,4,0,4,0
2020-11-01,Amador,005,37829,375,352,0,352,16
2020-11-01,Butte,007,227075,3315,3185,43,3228,57
2020-11-01,Calaveras,009,45235,348,282,0,282,18
2020-11-01,Colusa,011,21464,577,567,1,568,6
2020-11-01,Contra Costa,013,1133247,19831,19246,99,19345,250
2020-11-01,Del Norte,015,27424,189,175,0,175,2
2020-11-01,El Dorado,017,186661,1522,1394,3,1397,4
2020-11-01,Fresno,019,978130,34506,31613,524,32137,451
2020-11-01,Glenn,021,27897,712,688,3,691,3
2020-11-01,Humboldt,023,135768,593,568,1,569,8
2020-11-01,Imperial,025,180216,13303,12969,17,12986,334
2020-11-01,Inyo,027,18085,252,241,7,248,14
2020-11-01,Kern,029,883053,34776,33760,471,34231,437
2020-11-01,Kings,031,150075,8999,8641,65,8706,82
2020-11-01,Lake,033,64148,753,727,0,727,17
2020-11-01,Lassen,035,31185,798,782,2,784,0
2020-11-01,Los Angeles,037,10098052,313827,306217,3233,309450,7077
2020-11-01,Madera,039,155013,5225,5019,51,5070,54
2020-11-01,Marin,041,260295,7237,7124,20,7144,125
2020-11-01,Mariposa,043,17540,83,79,0,79,2
2020-11-01,Mendocino,045,87422,1127,1074,3,1077,21
2020-11-01,Merced,047,269075,9868,9626,41,9667,152
2020-11-01,Modoc,049,8938,53,45,5,50,0
2020-11-01,Mono,051,14174,412,211,6,217,1
2020-11-01,Monterey,053,433212,11949,11587,87,11674,93
2020-11-01,Napa,055,140530,2228,2067,6,2073,15
2020-11-01,Nevada,057,99092,709,646,16,662,9
2020-11-01,Orange,059,3164182,63027,59733,1894,61627,1475
2020-11-01,Placer,061,380077,4759,4422,21,4443,58
2020-11-01,Plumas,063,18699,96,86,0,86,0
2020-11-01,Riverside,065,2383286,70533,68493,542,69035,1319
2020-11-01,Sacramento,067,1510023,27217,26442,33,26475,508
2020-11-01,San Benito,069,59416,1482,1451,1,1452,15
2020-11-01,San Bernardino,071,2135413,67603,64339,524,64863,1157
2020-11-01,San Diego,073,3302833,59853,57122,1751,58873,891
2020-11-01,San Francisco,075,870044,12845,12436,52,12488,145
2020-11-01,San Joaquin,077,732212,22604,21919,270,22189,500
2020-11-01,San Luis Obispo,079,281455,4617,4303,40,4343,31
2020-11-01,San Mateo,081,765935,11816,11280,9,11289,160
2020-11-01,Santa Barbara,083,443738,10882,9969,102,10071,130
2020-11-01,Santa Clara,085,1922200,26605,25090,42,25132,386
2020-11-01,Santa Cruz,087,273765,3084,2921,39,2960,25
2020-11-01,Shasta,089,179085,2680,2172,23,2195,33
2020-11-01,Sierra,091,2930,7,6,0,6,0
2020-11-01,Siskiyou,093,43540,247,205,11,216,0
2020-11-01,Solano,095,438530,7949,7591,41,7632,84
2020-11-01,Sonoma,097,501317,10177,9688,33,9721,140
2020-11-01,Stanislaus,099,539301,18210,17961,870,18831,412
2020-11-01,Sutter,101,95872,1952,1888,1,1889,12
2020-11-01,Tehama,103,63373,1027,965,2,967,5
2020-11-01,Trinity,105,12862,93,30,11,41,0
2020-11-01,Tulare,107,460477,18349,17774,492,18266,299
2020-11-01,Tuolumne,109,53932,321,295,3,298,5
2020-11-01,Ventura,111,848112,15552,14686,384,15070,156
2020-11-01,Yolo,113,214977,3440,3303,9,3312,60
2020-11-01,Yuba,115,75493,1343,1273,6,1279,10
2020-10-31,Alameda,001,1643700,24492,23780,243,24023,416
2020-10-31,Alpine,003,1148,11,4,0,4,0
2020-10-31,Amador,005,37829,371,347,0,347,16
2020-10-31,Butte,007,227075,3302,3172,41,3213,57
2020-10-31,Calaveras,009,45235,348,280,0,280,18
2020-10-31,Colusa,011,21464,575,555,1,556,6
2020-10-31,Contra Costa,013,1133247,19725,19161,99,19260,249
2020-10-31,Del Norte,015,27424,188,175,0,175,2
2020-10-31,El Dorado,017,186661,1513,1390,3,1393,4
2020-10-31,Fresno,019,978130,34370,31558,521,32079,451
2020-10-31,Glenn,021,27897,710,678,3,681,3
2020-10-31,Humboldt,023,135768,590,561,1,562,8
2020-10-31,Imperial,025,180216,13261,12912,17,12929,334
2020-10-31,Inyo,027,18085,251,241,7,248,14
2020-10-31,Kern,029,883053,34673,33666,461,34127,437
2020-10-31,Kings,031,150075,8978,8612,64,8676,82
2020-10-31,Lake,033,64148,749,724,0,724,16
2020-10-31,Lassen,035,31185,793,782,2,784,0
2020-10-31,Los Angeles,037,10098052,312457,304704,3188,307892,7073
2020-10-31,Madera,039,155013,5207,5013,48,5061,54
2020-10-31,Marin,041,260295,7221,7112,20,7132,125
2020-10-31,Mariposa,043,17540,83,79,0,79,2
2020-10-31,Mendocino,045,87422,1119,1066,3,1069,21
2020-10-31,Merced,047,269075,9835,9597,40,9637,151
2020-10-31,Modoc,049,8938,52,34,4,38,0
2020-10-31,Mono,051,14174,263,194,5,199,1
2020-10-31,Monterey,053,433212,11881,11539,83,11622,93
2020-10-31,Napa,055,140530,2209,2040,6,2046,15
2020-10-31,Nevada,057,99092,691,644,16,660,9
2020-10-31,Orange,059,3164182,62768,59488,1876,61364,1473
2020-10-31,Placer,061,380077,4709,4374,20,4394,58
2020-10-31,Plumas,063,18699,95,85,0,85,0
2020-10-31,Riverside,065,2383286,70177,68178,519,68697,1319
2020-10-31,Sacramento,067,1510023,27018,26316,31,26347,507
2020-10-31,San Benito,069,59416,1475,1448,1,1449,15
2020-10-31,San Bernardino,071,2135413,67178,64016,514,64530,1157
2020-10-31,San Diego,073,3302833,59400,56769,1723,58492,891
2020-10-31,San Francisco,075,870044,12771,12438,51,12489,145
2020-10-31,San Joaquin,077,732212,22529,21918,261,22179,500
2020-10-31,San Luis Obispo,079,281455,4548,4285,37,4322,31
2020-10-31,San Mateo,081,765935,11764,11253,9,11262,160
2020-10-31,Santa Barbara,083,443738,10854,9957,94,10051,130
2020-10-31,Santa Clara,085,1922200,26437,24957,42,24999,379
2020-10-31,Santa Cruz,087,273765,3049,2895,38,2933,25
2020-10-31,Shasta,089,179085,2630,2122,22,2144,33
2020-10-31,Sierra,091,2930,7,6,0,6,0
2020-10-31,Siskiyou,093,43540,245,200,11,211,0
2020-10-31,Solano,095,438530,7885,7545,41,7586,84
2020-10-31,Sonoma,097,501317,10124,9648,33,9681,140
2020-10-31,Stanislaus,099,539301,18148,17920,853,18773,412
2020-10-31,Sutter,101,95872,1943,1876,1,1877,12
2020-10-31,Tehama,103,63373,1017,953,2,955,5
2020-10-31,Trinity,105,12862,90,30,11,41,0
2020-10-31,Tulare,107,460477,18300,17758,484,18242,299
2020-10-31,Tuolumne,109,53932,314,290,3,293,5
2020-10-31,Ventura,111,848112,15468,14635,365,15000,155
2020-10-31,Yolo,113,214977,3405,3290,9,3299,60
2020-10-31,Yuba,115,75493,1327,1260,5,1265,10
2020-10-30,Alameda,001,1643700,24412,23676,240,23916,401
2020-10-30,Alpine,003,1148,11,4,0,4,0
2020-10-30,Amador,005,37829,371,344,0,344,16
2020-10-30,Butte,007,227075,3297,3160,41,3201,57
2020-10-30,Calaveras,009,45235,347,279,0,279,18
2020-10-30,Colusa,011,21464,573,554,1,555,6
2020-10-30,Contra Costa,013,1133247,19653,19074,99,19173,249
2020-10-30,Del Norte,015,27424,187,175,0,175,2
2020-10-30,El Dorado,017,186661,1500,1386,3,1389,4
2020-10-30,Fresno,019,978130,34248,31409,513,31922,446
2020-10-30,Glenn,021,27897,704,674,2,676,3
2020-10-30,Humboldt,023,135768,589,561,1,562,7
2020-10-30,Imperial,025,180216,13220,12853,17,12870,334
2020-10-30,Inyo,027,18085,250,241,7,248,14
2020-10-30,Kern,029,883053,34580,33583,460,34043,437
2020-10-30,Kings,031,150075,8968,8564,62,8626,82
2020-10-30,Lake,033,64148,749,720,0,720,16
2020-10-30,Lassen,035,31185,787,777,2,779,0
2020-10-30,Los Angeles,037,10098052,311022,303425,3152,306577,7060
2020-10-30,Madera,039,155013,5195,4991,46,5037,54
2020-10-30,Marin,041,260295,7201,7097,20,7117,125
2020-10-30,Mariposa,043,17540,83,78,0,78,2
2020-10-30,Mendocino,045,87422,1117,1062,3,1065,21
2020-10-30,Merced,047,269075,9803,9539,40,9579,150
2020-10-30,Modoc,049,8938,51,34,3,37,0
2020-10-30,Mono,051,14174,262,193,5,198,1
2020-10-30,Monterey,053,433212,11819,11491,77,11568,92
2020-10-30,Napa,055,140530,2191,2028,6,2034,15
2020-10-30,Nevada,057,99092,685,634,16,650,9
2020-10-30,Orange,059,3164182,62526,59334,1864,61198,1469
2020-10-30,Placer,061,380077,4662,4335,20,4355,58
2020-10-30,Plumas,063,18699,92,80,0,80,0
2020-10-30,Riverside,065,2383286,69837,67752,499,68251,1317
2020-10-30,Sacramento,067,1510023,26870,26147,31,26178,505
2020-10-30,San Benito,069,59416,1469,1440,1,1441,15
2020-10-30,San Bernardino,071,2135413,66763,63512,511,64023,1156
2020-10-30,San Diego,073,3302833,58994,56387,1702,58089,888
2020-10-30,San Francisco,075,870044,12716,12384,51,12435,145
2020-10-30,San Joaquin,077,732212,22463,21849,254,22103,500
2020-10-30,San Luis Obispo,079,281455,4505,4256,37,4293,31
2020-10-30,San Mateo,081,765935,11705,11207,9,11216,159
2020-10-30,Santa Barbara,083,443738,10831,9937,94,10031,128
2020-10-30,Santa Clara,085,1922200,26288,24811,42,24853,378
2020-10-30,Santa Cruz,087,273765,3031,2874,38,2912,25
2020-10-30,Shasta,089,179085,2586,2048,21,2069,32
2020-10-30,Sierra,091,2930,7,6,0,6,0
2020-10-30,Siskiyou,093,43540,245,192,11,203,0
2020-10-30,Solano,095,438530,7824,7497,41,7538,84
2020-10-30,Sonoma,097,501317,10049,9602,33,9635,140
2020-10-30,Stanislaus,099,539301,18100,17861,837,18698,410
2020-10-30,Sutter,101,95872,1930,1860,1,1861,12
2020-10-30,Tehama,103,63373,1013,932,2,934,5
2020-10-30,Trinity,105,12862,90,29,11,40,0
2020-10-30,Tulare,107,460477,18255,17682,468,18150,299
2020-10-30,Tuolumne,109,53932,307,286,3,289,4
2020-10-30,Ventura,111,848112,15395,14578,352,14930,154
2020-10-30,Yolo,113,214977,3388,3263,9,3272,60
2020-10-30,Yuba,115,75493,1319,1256,5,1261,10
2020-10-29,Alameda,001,1643700,24249,23530,239,23769,401
2020-10-29,Alpine,003,1148,8,4,0,4,0
2020-10-29,Amador,005,37829,367,338,0,338,16
2020-10-29,Butte,007,227075,3279,3143,40,3183,57
2020-10-29,Calaveras,009,45235,345,278,0,278,13
2020-10-29,Colusa,011,21464,569,552,1,553,6
2020-10-29,Contra Costa,013,1133247,19554,18933,98,19031,249
2020-10-29,Del Norte,015,27424,185,174,0,174,2
2020-10-29,El Dorado,017,186661,1478,1370,3,1373,4
2020-10-29,Fresno,019,978130,34092,31321,505,31826,445
2020-10-29,Glenn,021,27897,702,673,2,675,3
2020-10-29,Humboldt,023,135768,584,559,1,560,7
2020-10-29,Imperial,025,180216,13176,12769,17,12786,334
2020-10-29,Inyo,027,18085,248,238,7,245,14
2020-10-29,Kern,029,883053,34478,33460,455,33915,437
2020-10-29,Kings,031,150075,8814,8502,61,8563,82
2020-10-29,Lake,033,64148,746,702,0,702,16
2020-10-29,Lassen,035,31185,786,772,2,774,0
2020-10-29,Los Angeles,037,10098052,309395,302246,3103,305349,7046
2020-10-29,Madera,039,155013,5166,4970,44,5014,53
2020-10-29,Marin,041,260295,7187,7083,20,7103,125
2020-10-29,Mariposa,043,17540,81,78,0,78,2
2020-10-29,Mendocino,045,87422,1111,1058,3,1061,21
2020-10-29,Merced,047,269075,9750,9496,40,9536,150
2020-10-29,Modoc,049,8938,49,31,3,34,0
2020-10-29,Mono,051,14174,255,176,5,181,1
2020-10-29,Monterey,053,433212,11738,11425,75,11500,92
2020-10-29,Napa,055,140530,2167,2009,6,2015,15
2020-10-29,Nevada,057,99092,678,632,16,648,9
2020-10-29,Orange,059,3164182,62258,59046,1844,60890,1464
2020-10-29,Placer,061,380077,4617,4270,18,4288,58
2020-10-29,Plumas,063,18699,90,69,0,69,0
2020-10-29,Riverside,065,2383286,69459,67268,471,67739,1304
2020-10-29,Sacramento,067,1510023,26658,25978,30,26008,507
2020-10-29,San Benito,069,59416,1464,1431,1,1432,15
2020-10-29,San Bernardino,071,2135413,66194,62968,501,63469,1150
2020-10-29,San Diego,073,3302833,58528,55916,1673,57589,885
2020-10-29,San Francisco,075,870044,12637,12312,51,12363,145
2020-10-29,San Joaquin,077,732212,22379,21736,242,21978,498
2020-10-29,San Luis Obispo,079,281455,4475,4223,35,4258,31
2020-10-29,San Mateo,081,765935,11659,11145,9,11154,157
2020-10-29,Santa Barbara,083,443738,10798,9902,92,9994,128
2020-10-29,Santa Clara,085,1922200,26136,24614,42,24656,377
2020-10-29,Santa Cruz,087,273765,3006,2850,38,2888,24
2020-10-29,Shasta,089,179085,2523,2008,21,2029,32
2020-10-29,Sierra,091,2930,6,6,0,6,0
2020-10-29,Siskiyou,093,43540,229,185,11,196,0
2020-10-29,Solano,095,438530,7762,7453,41,7494,78
2020-10-29,Sonoma,097,501317,9985,9533,33,9566,140
2020-10-29,Stanislaus,099,539301,18047,17790,815,18605,410
2020-10-29,Sutter,101,95872,1922,1852,1,1853,12
2020-10-29,Tehama,103,63373,995,925,2,927,5
2020-10-29,Trinity,105,12862,85,28,10,38,0
2020-10-29,Tulare,107,460477,18177,17627,449,18076,299
2020-10-29,Tuolumne,109,53932,302,279,3,282,4
2020-10-29,Ventura,111,848112,15305,14486,347,14833,154
2020-10-29,Yolo,113,214977,3359,3246,9,3255,60
2020-10-29,Yuba,115,75493,1308,1248,5,1253,10
2020-10-28,Alameda,001,1643700,24149,23468,238,23706,400
2020-10-28,Alpine,003,1148,7,4,0,4,0
2020-10-28,Amador,005,37829,364,337,0,337,16
2020-10-28,Butte,007,227075,3263,3134,37,3171,56
2020-10-28,Calaveras,009,45235,344,278,0,278,13
2020-10-28,Colusa,011,21464,566,551,1,552,6
2020-10-28,Contra Costa,013,1133247,19467,18828,97,18925,246
2020-10-28,Del Norte,015,27424,182,173,0,173,2
2020-10-28,El Dorado,017,186661,1466,1363,3,1366,4
2020-10-28,Fresno,019,978130,33971,31195,499,31694,444
2020-10-28,Glenn,021,27897,698,673,2,675,3
2020-10-28,Humboldt,023,135768,580,559,1,560,7
2020-10-28,Imperial,025,180216,13127,12730,17,12747,333
2020-10-28,Inyo,027,18085,248,238,7,245,14
2020-10-28,Kern,029,883053,34376,33424,436,33860,436
2020-10-28,Kings,031,150075,8792,8486,60,8546,82
2020-10-28,Lake,033,64148,743,700,0,700,15
2020-10-28,Lassen,035,31185,782,771,2,773,0
2020-10-28,Los Angeles,037,10098052,307936,300726,3061,303787,7031
2020-10-28,Madera,039,155013,5149,4954,43,4997,53
2020-10-28,Marin,041,260295,7176,7079,20,7099,126
2020-10-28,Mariposa,043,17540,81,78,0,78,2
2020-10-28,Mendocino,045,87422,1110,1037,3,1040,20
2020-10-28,Merced,047,269075,9724,9480,39,9519,150
2020-10-28,Modoc,049,8938,48,31,2,33,0
2020-10-28,Mono,051,14174,237,176,5,181,1
2020-10-28,Monterey,053,433212,11680,11330,73,11403,89
2020-10-28,Napa,055,140530,2141,1998,5,2003,15
2020-10-28,Nevada,057,99092,670,629,16,645,9
2020-10-28,Orange,059,3164182,61994,58801,1828,60629,1459
2020-10-28,Placer,061,380077,4561,4236,18,4254,57
2020-10-28,Plumas,063,18699,89,67,0,67,0
2020-10-28,Riverside,065,2383286,69059,67003,449,67452,1302
2020-10-28,Sacramento,067,1510023,26462,25838,29,25867,506
2020-10-28,San Benito,069,59416,1456,1429,1,1430,15
2020-10-28,San Bernardino,071,2135413,65734,62778,491,63269,1154
2020-10-28,San Diego,073,3302833,58144,55556,1645,57201,881
2020-10-28,San Francisco,075,870044,12579,12261,50,12311,145
2020-10-28,San Joaquin,077,732212,22295,21707,231,21938,498
2020-10-28,San Luis Obispo,079,281455,4434,4197,32,4229,31
2020-10-28,San Mateo,081,765935,11592,11101,9,11110,157
2020-10-28,Santa Barbara,083,443738,10774,9872,90,9962,127
2020-10-28,Santa Clara,085,1922200,25992,24503,42,24545,375
2020-10-28,Santa Cruz,087,273765,2975,2836,38,2874,24
2020-10-28,Shasta,089,179085,2443,1996,20,2016,31
2020-10-28,Sierra,091,2930,6,6,0,6,0
2020-10-28,Siskiyou,093,43540,226,182,10,192,0
2020-10-28,Solano,095,438530,7703,7362,41,7403,77
2020-10-28,Sonoma,097,501317,9895,9457,28,9485,140
2020-10-28,Stanislaus,099,539301,17982,17765,806,18571,409
2020-10-28,Sutter,101,95872,1913,1840,1,1841,12
2020-10-28,Tehama,103,63373,984,921,2,923,5
2020-10-28,Trinity,105,12862,78,28,8,36,0
2020-10-28,Tulare,107,460477,18120,17569,431,18000,297
2020-10-28,Tuolumne,109,53932,299,277,3,280,4
2020-10-28,Ventura,111,848112,15232,14409,338,14747,153
2020-10-28,Yolo,113,214977,3335,3230,9,3239,60
2020-10-28,Yuba,115,75493,1296,1245,5,1250,10
2020-10-27,Alameda,001,1643700,24036,23365,235,23600,400
2020-10-27,Alpine,003,1148,7,3,0,3,0
2020-10-27,Amador,005,37829,361,335,0,335,16
2020-10-27,Butte,007,227075,3247,3107,34,3141,56
2020-10-27,Calaveras,009,45235,342,277,0,277,13
2020-10-27,Colusa,011,21464,561,549,1,550,6
2020-10-27,Contra Costa,013,1133247,19362,18766,97,18863,246
2020-10-27,Del Norte,015,27424,179,173,0,173,2
2020-10-27,El Dorado,017,186661,1453,1351,3,1354,4
2020-10-27,Fresno,019,978130,33852,31096,494,31590,442
2020-10-27,Glenn,021,27897,696,667,1,668,3
2020-10-27,Humboldt,023,135768,577,559,1,560,7
2020-10-27,Imperial,025,180216,13078,12680,17,12697,333
2020-10-27,Inyo,027,18085,248,231,7,238,14
2020-10-27,Kern,029,883053,34259,33328,432,33760,436
2020-10-27,Kings,031,150075,8761,8411,60,8471,83
2020-10-27,Lake,033,64148,740,700,0,700,15
2020-10-27,Lassen,035,31185,780,764,2,766,0
2020-10-27,Los Angeles,037,10098052,306552,299438,3031,302469,7008
2020-10-27,Madera,039,155013,5119,4942,42,4984,53
2020-10-27,Marin,041,260295,7160,7070,20,7090,126
2020-10-27,Mariposa,043,17540,80,78,0,78,2
2020-10-27,Mendocino,045,87422,1104,1033,2,1035,20
2020-10-27,Merced,047,269075,9684,9449,39,9488,150
2020-10-27,Modoc,049,8938,46,31,2,33,0
2020-10-27,Mono,051,14174,223,169,5,174,1
2020-10-27,Monterey,053,433212,11624,11261,71,11332,88
2020-10-27,Napa,055,140530,2125,1979,5,1984,15
2020-10-27,Nevada,057,99092,664,622,16,638,8
2020-10-27,Orange,059,3164182,61723,58550,1812,60362,1448
2020-10-27,Placer,061,380077,4512,4197,16,4213,57
2020-10-27,Plumas,063,18699,86,63,0,63,0
2020-10-27,Riverside,065,2383286,68704,66699,406,67105,1299
2020-10-27,Sacramento,067,1510023,26275,25701,28,25729,501
2020-10-27,San Benito,069,59416,1451,1428,1,1429,15
2020-10-27,San Bernardino,071,2135413,65271,62357,478,62835,1154
2020-10-27,San Diego,073,3302833,57671,55226,1622,56848,877
2020-10-27,San Francisco,075,870044,12504,12218,49,12267,140
2020-10-27,San Joaquin,077,732212,22204,21637,222,21859,496
2020-10-27,San Luis Obispo,079,281455,4406,4148,28,4176,31
2020-10-27,San Mateo,081,765935,11543,11074,9,11083,156
2020-10-27,Santa Barbara,083,443738,10745,9874,89,9963,125
2020-10-27,Santa Clara,085,1922200,25850,24368,42,24410,367
2020-10-27,Santa Cruz,087,273765,2945,2815,37,2852,24
2020-10-27,Shasta,089,179085,2356,1962,20,1982,29
2020-10-27,Sierra,091,2930,6,6,0,6,0
2020-10-27,Siskiyou,093,43540,217,181,10,191,0
2020-10-27,Solano,095,438530,7634,7298,41,7339,77
2020-10-27,Sonoma,097,501317,9828,9389,28,9417,140
2020-10-27,Stanislaus,099,539301,17914,17720,798,18518,408
2020-10-27,Sutter,101,95872,1900,1832,1,1833,12
2020-10-27,Tehama,103,63373,970,913,2,915,5
2020-10-27,Trinity,105,12862,75,28,8,36,0
2020-10-27,Tulare,107,460477,18057,17520,408,17928,296
2020-10-27,Tuolumne,109,53932,295,275,3,278,4
2020-10-27,Ventura,111,848112,15149,14347,331,14678,153
2020-10-27,Yolo,113,214977,3321,3216,9,3225,58
2020-10-27,Yuba,115,75493,1283,1235,5,1240,10
2020-10-26,Alameda,001,1643700,23924,23284,234,23518,398
2020-10-26,Alpine,003,1148,5,3,0,3,0
2020-10-26,Amador,005,37829,357,331,0,331,16
2020-10-26,Butte,007,227075,3235,3095,32,3127,56
2020-10-26,Calaveras,009,45235,338,274,0,274,13
2020-10-26,Colusa,011,21464,559,548,1,549,6
2020-10-26,Contra Costa,013,1133247,19266,18718,96,18814,245
2020-10-26,Del Norte,015,27424,179,171,0,171,2
2020-10-26,El Dorado,017,186661,1439,1336,3,1339,4
2020-10-26,Fresno,019,978130,33738,30969,487,31456,441
2020-10-26,Glenn,021,27897,689,660,1,661,3
2020-10-26,Humboldt,023,135768,569,554,1,555,7
2020-10-26,Imperial,025,180216,13024,12654,14,12668,333
2020-10-26,Inyo,027,18085,248,226,7,233,14
2020-10-26,Kern,029,883053,34175,33233,427,33660,432
2020-10-26,Kings,031,150075,8739,8264,58,8322,82
2020-10-26,Lake,033,64148,738,697,0,697,15
2020-10-26,Lassen,035,31185,777,764,2,766,0
2020-10-26,Los Angeles,037,10098052,305124,297961,2989,300950,6979
2020-10-26,Madera,039,155013,5098,4922,41,4963,53
2020-10-26,Marin,041,260295,7154,7064,19,7083,104
2020-10-26,Mariposa,043,17540,80,77,0,77,2
2020-10-26,Mendocino,045,87422,1096,1026,2,1028,20
2020-10-26,Merced,047,269075,9637,9375,38,9413,150
2020-10-26,Modoc,049,8938,44,28,0,28,0
2020-10-26,Mono,051,14174,217,167,5,172,1
2020-10-26,Monterey,053,433212,11574,11207,67,11274,87
2020-10-26,Napa,055,140530,2093,1966,5,1971,14
2020-10-26,Nevada,057,99092,657,618,16,634,8
2020-10-26,Orange,059,3164182,61519,58377,1793,60170,1442
2020-10-26,Placer,061,380077,4470,4161,15,4176,57
2020-10-26,Plumas,063,18699,84,63,0,63,0
2020-10-26,Riverside,065,2383286,68250,66475,382,66857,1294
2020-10-26,Sacramento,067,1510023,26092,25555,26,25581,496
2020-10-26,San Benito,069,59416,1443,1424,1,1425,15
2020-10-26,San Bernardino,071,2135413,64800,61871,475,62346,1153
2020-10-26,San Diego,073,3302833,57277,54957,1585,56542,870
2020-10-26,San Francisco,075,870044,12444,12072,49,12121,138
2020-10-26,San Joaquin,077,732212,22121,21459,216,21675,495
2020-10-26,San Luis Obispo,079,281455,4381,4133,28,4161,31
2020-10-26,San Mateo,081,765935,11499,11037,9,11046,156
2020-10-26,Santa Barbara,083,443738,10722,9827,89,9916,122
2020-10-26,Santa Clara,085,1922200,25660,24258,41,24299,365
2020-10-26,Santa Cruz,087,273765,2919,2808,37,2845,24
2020-10-26,Shasta,089,179085,2303,1889,20,1909,29
2020-10-26,Sierra,091,2930,6,6,0,6,0
2020-10-26,Siskiyou,093,43540,209,179,10,189,0
2020-10-26,Solano,095,438530,7554,7271,41,7312,62
2020-10-26,Sonoma,097,501317,9748,9315,28,9343,140
2020-10-26,Stanislaus,099,539301,17864,17666,788,18454,400
2020-10-26,Sutter,101,95872,1892,1817,1,1818,12
2020-10-26,Tehama,103,63373,950,892,2,894,5
2020-10-26,Trinity,105,12862,74,26,8,34,0
2020-10-26,Tulare,107,460477,17980,17432,385,17817,296
2020-10-26,Tuolumne,109,53932,286,271,3,274,4
2020-10-26,Ventura,111,848112,15079,14330,328,14658,154
2020-10-26,Yolo,113,214977,3302,3206,9,3215,58
2020-10-26,Yuba,115,75493,1267,1226,5,1231,10
2020-10-25,Alameda,001,1643700,23818,23192,234,23426,398
2020-10-25,Alpine,003,1148,4,3,0,3,0
2020-10-25,Amador,005,37829,346,330,0,330,16
2020-10-25,Butte,007,227075,3216,3087,32,3119,56
2020-10-25,Calaveras,009,45235,337,274,0,274,13
2020-10-25,Colusa,011,21464,555,548,1,549,6
2020-10-25,Contra Costa,013,1133247,19165,18640,96,18736,245
2020-10-25,Del Norte,015,27424,175,171,0,171,2
2020-10-25,El Dorado,017,186661,1424,1328,3,1331,4
2020-10-25,Fresno,019,978130,33605,30858,474,31332,441
2020-10-25,Glenn,021,27897,686,652,1,653,3
2020-10-25,Humboldt,023,135768,566,554,1,555,7
2020-10-25,Imperial,025,180216,12974,12572,14,12586,333
2020-10-25,Inyo,027,18085,245,226,7,233,14
2020-10-25,Kern,029,883053,34068,33185,423,33608,432
2020-10-25,Kings,031,150075,8706,8246,56,8302,82
2020-10-25,Lake,033,64148,721,695,0,695,15
2020-10-25,Lassen,035,31185,774,764,2,766,0
2020-10-25,Los Angeles,037,10098052,303563,297110,2950,300060,6973
2020-10-25,Madera,039,155013,5068,4909,36,4945,53
2020-10-25,Marin,041,260295,7144,7052,19,7071,102
2020-10-25,Mariposa,043,17540,80,77,0,77,2
2020-10-25,Mendocino,045,87422,1089,1024,2,1026,20
2020-10-25,Merced,047,269075,9572,9352,36,9388,150
2020-10-25,Modoc,049,8938,39,28,0,28,0
2020-10-25,Mono,051,14174,209,167,5,172,1
2020-10-25,Monterey,053,433212,11491,11182,62,11244,87
2020-10-25,Napa,055,140530,2063,1962,5,1967,14
2020-10-25,Nevada,057,99092,649,616,16,632,8
2020-10-25,Orange,059,3164182,61230,58185,1783,59968,1443
2020-10-25,Placer,061,380077,4418,4140,15,4155,57
2020-10-25,Plumas,063,18699,84,63,0,63,0
2020-10-25,Riverside,065,2383286,67797,66192,366,66558,1289
2020-10-25,Sacramento,067,1510023,25876,25445,23,25468,496
2020-10-25,San Benito,069,59416,1436,1423,1,1424,15
2020-10-25,San Bernardino,071,2135413,64260,61551,463,62014,1153
2020-10-25,San Diego,073,3302833,56814,54599,1553,56152,870
2020-10-25,San Francisco,075,870044,12371,12072,49,12121,137
2020-10-25,San Joaquin,077,732212,22013,21459,208,21667,495
2020-10-25,San Luis Obispo,079,281455,4339,4126,26,4152,31
2020-10-25,San Mateo,081,765935,11454,10987,9,10996,156
2020-10-25,Santa Barbara,083,443738,10702,9814,89,9903,122
2020-10-25,Santa Clara,085,1922200,25472,24087,41,24128,365
2020-10-25,Santa Cruz,087,273765,2892,2789,37,2826,24
2020-10-25,Shasta,089,179085,2239,1889,20,1909,29
2020-10-25,Sierra,091,2930,6,6,0,6,0
2020-10-25,Siskiyou,093,43540,206,176,10,186,0
2020-10-25,Solano,095,438530,7476,7197,41,7238,60
2020-10-25,Sonoma,097,501317,9655,9235,27,9262,140
2020-10-25,Stanislaus,099,539301,17807,17641,778,18419,400
2020-10-25,Sutter,101,95872,1874,1811,1,1812,12
2020-10-25,Tehama,103,63373,933,880,2,882,5
2020-10-25,Trinity,105,12862,70,26,8,34,0
2020-10-25,Tulare,107,460477,17907,17431,375,17806,296
2020-10-25,Tuolumne,109,53932,281,271,3,274,4
2020-10-25,Ventura,111,848112,14986,14300,322,14622,154
2020-10-25,Yolo,113,214977,3281,3190,9,3199,58
2020-10-25,Yuba,115,75493,1259,1219,5,1224,10
2020-10-24,Alameda,001,1643700,23748,23099,231,23330,398
2020-10-24,Alpine,003,1148,4,3,0,3,0
2020-10-24,Amador,005,37829,345,328,0,328,16
2020-10-24,Butte,007,227075,3207,3078,32,3110,56
2020-10-24,Calaveras,009,45235,335,274,0,274,13
2020-10-24,Colusa,011,21464,550,548,1,549,6
2020-10-24,Contra Costa,013,1133247,19098,18567,96,18663,244
2020-10-24,Del Norte,015,27424,174,171,0,171,2
2020-10-24,El Dorado,017,186661,1408,1317,3,1320,4
2020-10-24,Fresno,019,978130,33544,30752,470,31222,441
2020-10-24,Glenn,021,27897,683,650,1,651,3
2020-10-24,Humboldt,023,135768,564,553,1,554,7
2020-10-24,Imperial,025,180216,12947,12469,14,12483,333
2020-10-24,Inyo,027,18085,245,226,7,233,14
2020-10-24,Kern,029,883053,34010,33105,418,33523,432
2020-10-24,Kings,031,150075,8696,8228,55,8283,82
2020-10-24,Lake,033,64148,716,696,0,696,15
2020-10-24,Lassen,035,31185,773,764,2,766,0
2020-10-24,Los Angeles,037,10098052,302743,296323,2927,299250,6969
2020-10-24,Madera,039,155013,5055,4898,35,4933,53
2020-10-24,Marin,041,260295,7135,7042,19,7061,102
2020-10-24,Mariposa,043,17540,80,77,0,77,2
2020-10-24,Mendocino,045,87422,1077,1022,2,1024,20
2020-10-24,Merced,047,269075,9548,9351,36,9387,150
2020-10-24,Modoc,049,8938,38,28,0,28,0
2020-10-24,Mono,051,14174,195,167,5,172,1
2020-10-24,Monterey,053,433212,11422,11153,61,11214,87
2020-10-24,Napa,055,140530,2046,1957,5,1962,14
2020-10-24,Nevada,057,99092,645,608,16,624,8
2020-10-24,Orange,059,3164182,61076,57928,1772,59700,1441
2020-10-24,Placer,061,380077,4387,4093,15,4108,57
2020-10-24,Plumas,063,18699,78,63,0,63,0
2020-10-24,Riverside,065,2383286,67587,65902,352,66254,1288
2020-10-24,Sacramento,067,1510023,25795,25372,23,25395,496
2020-10-24,San Benito,069,59416,1431,1417,1,1418,15
2020-10-24,San Bernardino,071,2135413,64020,61351,454,61805,1153
2020-10-24,San Diego,073,3302833,56536,54330,1541,55871,868
2020-10-24,San Francisco,075,870044,12313,12073,48,12121,137
2020-10-24,San Joaquin,077,732212,21961,21458,203,21661,495
2020-10-24,San Luis Obispo,079,281455,4314,4119,25,4144,31
2020-10-24,San Mateo,081,765935,11415,10942,9,10951,155
2020-10-24,Santa Barbara,083,443738,10685,9781,89,9870,122
2020-10-24,Santa Clara,085,1922200,25385,23978,41,24019,365
2020-10-24,Santa Cruz,087,273765,2873,2775,37,2812,24
2020-10-24,Shasta,089,179085,2194,1878,20,1898,29
2020-10-24,Sierra,091,2930,6,6,0,6,0
2020-10-24,Siskiyou,093,43540,205,174,10,184,0
2020-10-24,Solano,095,438530,7423,7189,41,7230,60
2020-10-24,Sonoma,097,501317,9621,9179,27,9206,140
2020-10-24,Stanislaus,099,539301,17763,17574,762,18336,400
2020-10-24,Sutter,101,95872,1865,1804,1,1805,12
2020-10-24,Tehama,103,63373,925,872,2,874,5
2020-10-24,Trinity,105,12862,70,25,8,33,0
2020-10-24,Tulare,107,460477,17884,17406,364,17770,295
2020-10-24,Tuolumne,109,53932,278,269,3,272,4
2020-10-24,Ventura,111,848112,14933,14240,321,14561,154
2020-10-24,Yolo,113,214977,3269,3164,9,3173,57
2020-10-24,Yuba,115,75493,1256,1210,5,1215,10
2020-10-23,Alameda,001,1643700,23676,23047,229,23276,393
2020-10-23,Alpine,003,1148,4,3,0,3,0
2020-10-23,Amador,005,37829,344,324,0,324,16
2020-10-23,Butte,007,227075,3198,3059,32,3091,55
2020-10-23,Calaveras,009,45235,334,273,0,273,13
2020-10-23,Colusa,011,21464,550,547,1,548,6
2020-10-23,Contra Costa,013,1133247,19028,18483,95,18578,244
2020-10-23,Del Norte,015,27424,174,171,0,171,2
2020-10-23,El Dorado,017,186661,1399,1310,3,1313,4
2020-10-23,Fresno,019,978130,33477,30590,466,31056,441
2020-10-23,Glenn,021,27897,680,644,1,645,3
2020-10-23,Humboldt,023,135768,562,553,1,554,7
2020-10-23,Imperial,025,180216,12916,12398,14,12412,333
2020-10-23,Inyo,027,18085,244,226,7,233,14
2020-10-23,Kern,029,883053,33942,33077,413,33490,431
2020-10-23,Kings,031,150075,8687,8218,55,8273,82
2020-10-23,Lake,033,64148,714,689,0,689,15
2020-10-23,Lassen,035,31185,772,764,2,766,0
2020-10-23,Los Angeles,037,10098052,301662,294287,2897,297184,6956
2020-10-23,Madera,039,155013,5050,4888,35,4923,53
2020-10-23,Marin,041,260295,7122,7029,19,7048,102
2020-10-23,Mariposa,043,17540,80,77,0,77,2
2020-10-23,Mendocino,045,87422,1074,1019,2,1021,20
2020-10-23,Merced,047,269075,9534,9327,36,9363,149
2020-10-23,Modoc,049,8938,38,28,0,28,0
2020-10-23,Mono,051,14174,194,159,5,164,1
2020-10-23,Monterey,053,433212,11375,11099,57,11156,86
2020-10-23,Napa,055,140530,2038,1942,5,1947,14
2020-10-23,Nevada,057,99092,642,604,16,620,8
2020-10-23,Orange,059,3164182,60905,57595,1757,59352,1430
2020-10-23,Placer,061,380077,4341,4073,15,4088,57
2020-10-23,Plumas,063,18699,75,63,0,63,0
2020-10-23,Riverside,065,2383286,67348,65512,344,65856,1279
2020-10-23,Sacramento,067,1510023,25689,25224,23,25247,496
2020-10-23,San Benito,069,59416,1429,1412,1,1413,15
2020-10-23,San Bernardino,071,2135413,63735,60854,440,61294,1150
2020-10-23,San Diego,073,3302833,56230,53944,1514,55458,867
2020-10-23,San Francisco,075,870044,12282,12015,48,12063,137
2020-10-23,San Joaquin,077,732212,21905,21361,197,21558,495
2020-10-23,San Luis Obispo,079,281455,4288,4102,25,4127,31
2020-10-23,San Mateo,081,765935,11366,10872,9,10881,155
2020-10-23,Santa Barbara,083,443738,10669,9751,89,9840,121
2020-10-23,Santa Clara,085,1922200,25283,23822,41,23863,364
2020-10-23,Santa Cruz,087,273765,2859,2757,37,2794,24
2020-10-23,Shasta,089,179085,2158,1846,19,1865,29
2020-10-23,Sierra,091,2930,6,6,0,6,0
2020-10-23,Siskiyou,093,43540,201,172,10,182,0
2020-10-23,Solano,095,438530,7392,7174,41,7215,59
2020-10-23,Sonoma,097,501317,9565,9112,27,9139,139
2020-10-23,Stanislaus,099,539301,17726,17496,754,18250,395
2020-10-23,Sutter,101,95872,1858,1797,1,1798,12
2020-10-23,Tehama,103,63373,916,862,2,864,5
2020-10-23,Trinity,105,12862,70,26,8,34,0
2020-10-23,Tulare,107,460477,17839,17334,352,17686,295
2020-10-23,Tuolumne,109,53932,276,254,3,257,4
2020-10-23,Ventura,111,848112,14904,14192,321,14513,155
2020-10-23,Yolo,113,214977,3257,3140,9,3149,57
2020-10-23,Yuba,115,75493,1252,1206,5,1211,10
2020-10-22,Alameda,001,1643700,23573,22915,229,23144,393
2020-10-22,Alpine,003,1148,4,3,0,3,0
2020-10-22,Amador,005,37829,340,317,0,317,16
2020-10-22,Butte,007,227075,3188,3046,30,3076,55
2020-10-22,Calaveras,009,45235,331,273,0,273,13
2020-10-22,Colusa,011,21464,550,547,1,548,6
2020-10-22,Contra Costa,013,1133247,18956,18393,95,18488,243
2020-10-22,Del Norte,015,27424,173,168,0,168,2
2020-10-22,El Dorado,017,186661,1389,1308,3,1311,4
2020-10-22,Fresno,019,978130,33366,30471,457,30928,438
2020-10-22,Glenn,021,27897,673,643,1,644,3
2020-10-22,Humboldt,023,135768,561,548,1,549,7
2020-10-22,Imperial,025,180216,12863,12311,14,12325,333
2020-10-22,Inyo,027,18085,241,220,7,227,14
2020-10-22,Kern,029,883053,33861,32991,410,33401,431
2020-10-22,Kings,031,150075,8436,8201,55,8256,82
2020-10-22,Lake,033,64148,710,678,0,678,15
2020-10-22,Lassen,035,31185,769,764,2,766,0
2020-10-22,Los Angeles,037,10098052,300287,291599,2838,294437,6935
2020-10-22,Madera,039,155013,5029,4847,35,4882,52
2020-10-22,Marin,041,260295,7115,7014,19,7033,102
2020-10-22,Mariposa,043,17540,80,77,0,77,2
2020-10-22,Mendocino,045,87422,1069,1016,2,1018,20
2020-10-22,Merced,047,269075,9506,9323,36,9359,149
2020-10-22,Modoc,049,8938,34,26,0,26,0
2020-10-22,Mono,051,14174,189,156,5,161,1
2020-10-22,Monterey,053,433212,11316,11059,54,11113,84
2020-10-22,Napa,055,140530,2023,1928,5,1933,14
2020-10-22,Nevada,057,99092,636,600,16,616,8
2020-10-22,Orange,059,3164182,60690,57418,1740,59158,1422
2020-10-22,Placer,061,380077,4292,4036,15,4051,57
2020-10-22,Plumas,063,18699,72,62,0,62,0
2020-10-22,Riverside,065,2383286,67014,65104,324,65428,1279
2020-10-22,Sacramento,067,1510023,25549,25054,23,25077,492
2020-10-22,San Benito,069,59416,1425,1403,1,1404,15
2020-10-22,San Bernardino,071,2135413,63333,60402,425,60827,1149
2020-10-22,San Diego,073,3302833,55843,53514,1495,55009,866
2020-10-22,San Francisco,075,870044,12224,11991,46,12037,137
2020-10-22,San Joaquin,077,732212,21832,21282,191,21473,495
2020-10-22,San Luis Obispo,079,281455,4272,4081,25,4106,31
2020-10-22,San Mateo,081,765935,11310,10796,9,10805,155
2020-10-22,Santa Barbara,083,443738,10635,9710,87,9797,120
2020-10-22,Santa Clara,085,1922200,25129,23621,41,23662,363
2020-10-22,Santa Cruz,087,273765,2841,2738,36,2774,24
2020-10-22,Shasta,089,179085,2112,1799,19,1818,29
2020-10-22,Sierra,091,2930,6,6,0,6,0
2020-10-22,Siskiyou,093,43540,201,169,10,179,0
2020-10-22,Solano,095,438530,7346,7116,41,7157,59
2020-10-22,Sonoma,097,501317,9499,9052,26,9078,139
2020-10-22,Stanislaus,099,539301,17673,17440,741,18181,395
2020-10-22,Sutter,101,95872,1844,1794,1,1795,12
2020-10-22,Tehama,103,63373,905,852,2,854,5
2020-10-22,Trinity,105,12862,69,26,8,34,0
2020-10-22,Tulare,107,460477,17773,17265,339,17604,293
2020-10-22,Tuolumne,109,53932,274,252,3,255,4
2020-10-22,Ventura,111,848112,14857,14124,319,14443,154
2020-10-22,Yolo,113,214977,3245,3116,9,3125,58
2020-10-22,Yuba,115,75493,1245,1199,5,1204,10
2020-10-21,Alameda,001,1643700,23485,22853,227,23080,392
2020-10-21,Alpine,003,1148,4,3,0,3,0
2020-10-21,Amador,005,37829,335,313,0,313,16
2020-10-21,Butte,007,227075,3176,3041,30,3071,55
2020-10-21,Calaveras,009,45235,330,272,0,272,13
2020-10-21,Colusa,011,21464,550,546,1,547,6
2020-10-21,Contra Costa,013,1133247,18882,18299,95,18394,243
2020-10-21,Del Norte,015,27424,173,169,0,169,2
2020-10-21,El Dorado,017,186661,1377,1305,2,1307,4
2020-10-21,Fresno,019,978130,33270,30328,454,30782,433
2020-10-21,Glenn,021,27897,668,640,1,641,3
2020-10-21,Humboldt,023,135768,560,548,1,549,7
2020-10-21,Imperial,025,180216,12806,12210,14,12224,331
2020-10-21,Inyo,027,18085,237,220,7,227,14
2020-10-21,Kern,029,883053,33786,32956,409,33365,430
2020-10-21,Kings,031,150075,8409,8186,55,8241,80
2020-10-21,Lake,033,64148,709,676,0,676,15
2020-10-21,Lassen,035,31185,768,764,2,766,0
2020-10-21,Los Angeles,037,10098052,298949,288096,2795,290891,6923
2020-10-21,Madera,039,155013,5004,4831,35,4866,52
2020-10-21,Marin,041,260295,7106,7002,19,7021,102
2020-10-21,Mariposa,043,17540,80,77,0,77,2
2020-10-21,Mendocino,045,87422,1067,1011,2,1013,21
2020-10-21,Merced,047,269075,9482,9319,34,9353,149
2020-10-21,Modoc,049,8938,33,26,0,26,0
2020-10-21,Mono,051,14174,187,156,5,161,1
2020-10-21,Monterey,053,433212,11278,11005,53,11058,83
2020-10-21,Napa,055,140530,2007,1918,5,1923,13
2020-10-21,Nevada,057,99092,630,597,16,613,8
2020-10-21,Orange,059,3164182,60476,57189,1731,58920,1409
2020-10-21,Placer,061,380077,4255,4007,15,4022,56
2020-10-21,Plumas,063,18699,69,58,0,58,0
2020-10-21,Riverside,065,2383286,66718,64778,300,65078,1278
2020-10-21,Sacramento,067,1510023,25355,24908,23,24931,490
2020-10-21,San Benito,069,59416,1424,1401,1,1402,14
2020-10-21,San Bernardino,071,2135413,62925,59948,418,60366,1141
2020-10-21,San Diego,073,3302833,55491,53279,1467,54746,863
2020-10-21,San Francisco,075,870044,12175,11976,45,12021,137
2020-10-21,San Joaquin,077,732212,21756,21201,185,21386,495
2020-10-21,San Luis Obispo,079,281455,4258,4055,23,4078,31
2020-10-21,San Mateo,081,765935,11261,10730,9,10739,155
2020-10-21,Santa Barbara,083,443738,10617,9681,86,9767,121
2020-10-21,Santa Clara,085,1922200,25003,23537,41,23578,361
2020-10-21,Santa Cruz,087,273765,2818,2729,36,2765,24
2020-10-21,Shasta,089,179085,2075,1777,19,1796,27
2020-10-21,Sierra,091,2930,6,6,0,6,0
2020-10-21,Siskiyou,093,43540,197,169,10,179,0
2020-10-21,Solano,095,438530,7300,7088,41,7129,59
2020-10-21,Sonoma,097,501317,9419,8987,26,9013,138
2020-10-21,Stanislaus,099,539301,17623,17419,733,18152,392
2020-10-21,Sutter,101,95872,1829,1786,1,1787,12
2020-10-21,Tehama,103,63373,889,824,2,826,5
2020-10-21,Trinity,105,12862,64,25,7,32,0
2020-10-21,Tulare,107,460477,17737,17204,325,17529,292
2020-10-21,Tuolumne,109,53932,273,251,3,254,4
2020-10-21,Ventura,111,848112,14794,14050,316,14366,153
2020-10-21,Yolo,113,214977,3226,3095,9,3104,58
2020-10-21,Yuba,115,75493,1236,1194,5,1199,10
2020-10-20,Alameda,001,1643700,23382,22750,223,22973,391
2020-10-20,Alpine,003,1148,4,3,0,3,0
2020-10-20,Amador,005,37829,334,313,0,313,16
2020-10-20,Butte,007,227075,3164,3027,30,3057,56
2020-10-20,Calaveras,009,45235,329,273,0,273,13
2020-10-20,Colusa,011,21464,547,546,1,547,6
2020-10-20,Contra Costa,013,1133247,18790,18246,95,18341,241
2020-10-20,Del Norte,015,27424,172,169,0,169,2
2020-10-20,El Dorado,017,186661,1371,1295,2,1297,4
2020-10-20,Fresno,019,978130,33167,30220,448,30668,431
2020-10-20,Glenn,021,27897,663,638,1,639,3
2020-10-20,Humboldt,023,135768,556,545,1,546,7
2020-10-20,Imperial,025,180216,12737,12114,14,12128,330
2020-10-20,Inyo,027,18085,237,218,7,225,14
2020-10-20,Kern,029,883053,33711,32889,396,33285,429
2020-10-20,Kings,031,150075,8391,8178,54,8232,80
2020-10-20,Lake,033,64148,707,675,0,675,15
2020-10-20,Lassen,035,31185,767,757,2,759,0
2020-10-20,Los Angeles,037,10098052,297457,287727,2744,290471,6891
2020-10-20,Madera,039,155013,4987,4823,35,4858,52
2020-10-20,Marin,041,260295,7091,6994,19,7013,101
2020-10-20,Mariposa,043,17540,79,77,0,77,2
2020-10-20,Mendocino,045,87422,1065,1004,2,1006,21
2020-10-20,Merced,047,269075,9460,9323,34,9357,149
2020-10-20,Modoc,049,8938,32,26,0,26,0
2020-10-20,Mono,051,14174,187,156,5,161,1
2020-10-20,Monterey,053,433212,11235,10942,50,10992,81
2020-10-20,Napa,055,140530,1988,1912,5,1917,13
2020-10-20,Nevada,057,99092,620,596,16,612,8
2020-10-20,Orange,059,3164182,60213,56914,1721,58635,1397
2020-10-20,Placer,061,380077,4217,3997,15,4012,56
2020-10-20,Plumas,063,18699,66,53,0,53,0
2020-10-20,Riverside,065,2383286,66336,64452,288,64740,1275
2020-10-20,Sacramento,067,1510023,25228,24767,22,24789,485
2020-10-20,San Benito,069,59416,1421,1398,1,1399,14
2020-10-20,San Bernardino,071,2135413,62543,59571,416,59987,1109
2020-10-20,San Diego,073,3302833,55155,53004,1447,54451,857
2020-10-20,San Francisco,075,870044,12128,12013,44,12057,126
2020-10-20,San Joaquin,077,732212,21677,21173,174,21347,490
2020-10-20,San Luis Obispo,079,281455,4240,4043,22,4065,31
2020-10-20,San Mateo,081,765935,11214,10659,9,10668,155
2020-10-20,Santa Barbara,083,443738,10588,9664,84,9748,121
2020-10-20,Santa Clara,085,1922200,24866,23406,41,23447,358
2020-10-20,Santa Cruz,087,273765,2795,2710,36,2746,23
2020-10-20,Shasta,089,179085,2052,1747,19,1766,20
2020-10-20,Sierra,091,2930,6,6,0,6,0
2020-10-20,Siskiyou,093,43540,189,168,10,178,0
2020-10-20,Solano,095,438530,7251,7044,41,7085,57
2020-10-20,Sonoma,097,501317,9356,8904,24,8928,135
2020-10-20,Stanislaus,099,539301,17569,17367,729,18096,393
2020-10-20,Sutter,101,95872,1820,1783,1,1784,12
2020-10-20,Tehama,103,63373,874,813,2,815,5
2020-10-20,Trinity,105,12862,63,25,7,32,0
2020-10-20,Tulare,107,460477,17670,17156,319,17475,289
2020-10-20,Tuolumne,109,53932,271,250,3,253,4
2020-10-20,Ventura,111,848112,14730,13980,314,14294,152
2020-10-20,Yolo,113,214977,3203,3083,9,3092,56
2020-10-20,Yuba,115,75493,1226,1191,5,1196,10
2020-10-19,Alameda,001,1643700,23271,22647,222,22869,392
2020-10-19,Alpine,003,1148,4,3,0,3,0
2020-10-19,Amador,005,37829,328,313,0,313,16
2020-10-19,Butte,007,227075,3153,3026,30,3056,55
2020-10-19,Calaveras,009,45235,328,268,0,268,13
2020-10-19,Colusa,011,21464,547,544,1,545,6
2020-10-19,Contra Costa,013,1133247,18692,18173,95,18268,239
2020-10-19,Del Norte,015,27424,169,167,0,167,2
2020-10-19,El Dorado,017,186661,1350,1287,2,1289,4
2020-10-19,Fresno,019,978130,33058,30152,442,30594,431
2020-10-19,Glenn,021,27897,658,635,0,635,3
2020-10-19,Humboldt,023,135768,556,543,1,544,7
2020-10-19,Imperial,025,180216,12683,12036,13,12049,330
2020-10-19,Inyo,027,18085,236,218,7,225,14
2020-10-19,Kern,029,883053,33635,32840,393,33233,428
2020-10-19,Kings,031,150075,8373,8173,54,8227,80
2020-10-19,Lake,033,64148,704,673,0,673,15
2020-10-19,Lassen,035,31185,766,757,2,759,0
2020-10-19,Los Angeles,037,10098052,295970,287119,2706,289825,6858
2020-10-19,Madera,039,155013,4972,4787,35,4822,52
2020-10-19,Marin,041,260295,7073,6981,19,7000,100
2020-10-19,Mariposa,043,17540,79,77,0,77,2
2020-10-19,Mendocino,045,87422,1060,1001,2,1003,21
2020-10-19,Merced,047,269075,9436,9305,29,9334,148
2020-10-19,Modoc,049,8938,31,26,0,26,0
2020-10-19,Mono,051,14174,182,156,5,161,1
2020-10-19,Monterey,053,433212,11174,10907,50,10957,80
2020-10-19,Napa,055,140530,1974,1892,5,1897,12
2020-10-19,Nevada,057,99092,617,590,16,606,8
2020-10-19,Orange,059,3164182,59927,56652,1707,58359,1396
2020-10-19,Placer,061,380077,4169,3962,15,3977,49
2020-10-19,Plumas,063,18699,64,52,0,52,0
2020-10-19,Riverside,065,2383286,65905,64016,272,64288,1272
2020-10-19,Sacramento,067,1510023,25089,24542,22,24564,483
2020-10-19,San Benito,069,59416,1414,1395,1,1396,14
2020-10-19,San Bernardino,071,2135413,62093,59265,405,59670,1100
2020-10-19,San Diego,073,3302833,54769,52739,1422,54161,853
2020-10-19,San Francisco,075,870044,12084,11879,44,11923,126
2020-10-19,San Joaquin,077,732212,21602,20930,166,21096,489
2020-10-19,San Luis Obispo,079,281455,4224,4016,22,4038,31
2020-10-19,San Mateo,081,765935,11168,10568,9,10577,154
2020-10-19,Santa Barbara,083,443738,10553,9632,84,9716,121
2020-10-19,Santa Clara,085,1922200,24715,23301,41,23342,352
2020-10-19,Santa Cruz,087,273765,2778,2705,36,2741,19
2020-10-19,Shasta,089,179085,2008,1709,18,1727,20
2020-10-19,Sierra,091,2930,6,6,0,6,0
2020-10-19,Siskiyou,093,43540,182,167,10,177,0
2020-10-19,Solano,095,438530,7210,7003,41,7044,57
2020-10-19,Sonoma,097,501317,9269,8830,24,8854,135
2020-10-19,Stanislaus,099,539301,17518,17342,719,18061,390
2020-10-19,Sutter,101,95872,1815,1773,1,1774,12
2020-10-19,Tehama,103,63373,871,793,2,795,5
2020-10-19,Trinity,105,12862,61,23,7,30,0
2020-10-19,Tulare,107,460477,17621,17047,311,17358,291
2020-10-19,Tuolumne,109,53932,269,247,3,250,4
2020-10-19,Ventura,111,848112,14664,13930,311,14241,152
2020-10-19,Yolo,113,214977,3190,3069,9,3078,56
2020-10-19,Yuba,115,75493,1219,1183,5,1188,10
2020-10-18,Alameda,001,1643700,23167,22546,221,22767,392
2020-10-18,Alpine,003,1148,4,3,0,3,0
2020-10-18,Amador,005,37829,316,313,0,313,16
2020-10-18,Butte,007,227075,3140,3019,30,3049,55
2020-10-18,Calaveras,009,45235,327,267,0,267,13
2020-10-18,Colusa,011,21464,545,544,1,545,6
2020-10-18,Contra Costa,013,1133247,18593,18120,95,18215,237
2020-10-18,Del Norte,015,27424,169,167,0,167,2
2020-10-18,El Dorado,017,186661,1341,1283,2,1285,4
2020-10-18,Fresno,019,978130,32930,30051,434,30485,430
2020-10-18,Glenn,021,27897,656,634,0,634,3
2020-10-18,Humboldt,023,135768,553,540,1,541,7
2020-10-18,Imperial,025,180216,12621,11987,12,11999,330
2020-10-18,Inyo,027,18085,233,215,7,222,14
2020-10-18,Kern,029,883053,33562,32799,386,33185,428
2020-10-18,Kings,031,150075,8358,8159,54,8213,80
2020-10-18,Lake,033,64148,697,670,0,670,15
2020-10-18,Lassen,035,31185,766,757,2,759,0
2020-10-18,Los Angeles,037,10098052,294264,286187,2662,288849,6857
2020-10-18,Madera,039,155013,4947,4770,34,4804,52
2020-10-18,Marin,041,260295,7052,6969,19,6988,99
2020-10-18,Mariposa,043,17540,79,77,0,77,2
2020-10-18,Mendocino,045,87422,1058,988,2,990,21
2020-10-18,Merced,047,269075,9401,9292,29,9321,148
2020-10-18,Modoc,049,8938,30,26,0,26,0
2020-10-18,Mono,051,14174,177,155,5,160,1
2020-10-18,Monterey,053,433212,11122,10872,49,10921,80
2020-10-18,Napa,055,140530,1961,1882,5,1887,12
2020-10-18,Nevada,057,99092,611,582,16,598,8
2020-10-18,Orange,059,3164182,59629,56394,1691,58085,1396
2020-10-18,Placer,061,380077,4121,3938,15,3953,49
2020-10-18,Plumas,063,18699,62,52,0,52,0
2020-10-18,Riverside,065,2383286,65593,63765,251,64016,1270
2020-10-18,Sacramento,067,1510023,24934,24425,22,24447,482
2020-10-18,San Benito,069,59416,1407,1395,1,1396,14
2020-10-18,San Bernardino,071,2135413,61593,58893,397,59290,1098
2020-10-18,San Diego,073,3302833,54380,52359,1401,53760,853
2020-10-18,San Francisco,075,870044,12045,11878,44,11922,126
2020-10-18,San Joaquin,077,732212,21519,20931,153,21084,489
2020-10-18,San Luis Obispo,079,281455,4193,4009,20,4029,31
2020-10-18,San Mateo,081,765935,11109,10503,9,10512,154
2020-10-18,Santa Barbara,083,443738,10514,9608,83,9691,121
2020-10-18,Santa Clara,085,1922200,24542,23169,41,23210,352
2020-10-18,Santa Cruz,087,273765,2764,2692,36,2728,19
2020-10-18,Shasta,089,179085,1983,1708,18,1726,20
2020-10-18,Sierra,091,2930,6,6,0,6,0
2020-10-18,Siskiyou,093,43540,182,167,10,177,0
2020-10-18,Solano,095,438530,7163,6962,41,7003,57
2020-10-18,Sonoma,097,501317,9192,8781,22,8803,134
2020-10-18,Stanislaus,099,539301,17462,17290,710,18000,390
2020-10-18,Sutter,101,95872,1806,1764,1,1765,12
2020-10-18,Tehama,103,63373,839,774,2,776,5
2020-10-18,Trinity,105,12862,61,20,7,27,0
2020-10-18,Tulare,107,460477,17528,17048,302,17350,290
2020-10-18,Tuolumne,109,53932,264,245,3,248,4
2020-10-18,Ventura,111,848112,14585,13901,310,14211,151
2020-10-18,Yolo,113,214977,3151,3059,9,3068,55
2020-10-18,Yuba,115,75493,1208,1176,5,1181,10
2020-10-17,Alameda,001,1643700,23121,22394,219,22613,398
2020-10-17,Alpine,003,1148,4,3,0,3,0
2020-10-17,Amador,005,37829,314,309,0,309,16
2020-10-17,Butte,007,227075,3132,3012,28,3040,55
2020-10-17,Calaveras,009,45235,327,267,0,267,13
2020-10-17,Colusa,011,21464,544,544,1,545,6
2020-10-17,Contra Costa,013,1133247,18540,18005,95,18100,237
2020-10-17,Del Norte,015,27424,169,167,0,167,2
2020-10-17,El Dorado,017,186661,1337,1277,2,1279,4
2020-10-17,Fresno,019,978130,32876,29911,432,30343,430
2020-10-17,Glenn,021,27897,653,633,0,633,3
2020-10-17,Humboldt,023,135768,550,535,1,536,7
2020-10-17,Imperial,025,180216,12593,11962,12,11974,330
2020-10-17,Inyo,027,18085,228,212,7,219,14
2020-10-17,Kern,029,883053,33511,32710,383,33093,428
2020-10-17,Kings,031,150075,8352,8151,53,8204,80
2020-10-17,Lake,033,64148,694,663,0,663,15
2020-10-17,Lassen,035,31185,766,757,2,759,0
2020-10-17,Los Angeles,037,10098052,293511,285858,2635,288493,6844
2020-10-17,Madera,039,155013,4941,4759,34,4793,53
2020-10-17,Marin,041,260295,7049,6958,19,6977,99
2020-10-17,Mariposa,043,17540,78,77,0,77,2
2020-10-17,Mendocino,045,87422,1051,977,2,979,21
2020-10-17,Merced,047,269075,9387,9275,29,9304,148
2020-10-17,Modoc,049,8938,30,26,0,26,0
2020-10-17,Mono,051,14174,176,155,5,160,1
2020-10-17,Monterey,053,433212,11082,10807,48,10855,80
2020-10-17,Napa,055,140530,1954,1866,5,1871,12
2020-10-17,Nevada,057,99092,610,580,16,596,8
2020-10-17,Orange,059,3164182,59487,56197,1684,57881,1396
2020-10-17,Placer,061,380077,4094,3898,15,3913,49
2020-10-17,Plumas,063,18699,62,52,0,52,0
2020-10-17,Riverside,065,2383286,65395,63171,241,63412,1270
2020-10-17,Sacramento,067,1510023,24850,24304,22,24326,482
2020-10-17,San Benito,069,59416,1403,1389,1,1390,14
2020-10-17,San Bernardino,071,2135413,61323,58415,390,58805,1097
2020-10-17,San Diego,073,3302833,54155,51986,1390,53376,853
2020-10-17,San Francisco,075,870044,12017,11877,43,11920,126
2020-10-17,San Joaquin,077,732212,21465,20932,147,21079,489
2020-10-17,San Luis Obispo,079,281455,4178,3979,20,3999,31
2020-10-17,San Mateo,081,765935,11081,10423,9,10432,153
2020-10-17,Santa Barbara,083,443738,10495,9588,81,9669,121
2020-10-17,Santa Clara,085,1922200,24453,22997,41,23038,349
2020-10-17,Santa Cruz,087,273765,2750,2680,36,2716,19
2020-10-17,Shasta,089,179085,1957,1679,18,1697,20
2020-10-17,Sierra,091,2930,6,6,0,6,0
2020-10-17,Siskiyou,093,43540,181,167,10,177,0
2020-10-17,Solano,095,438530,7137,6929,41,6970,57
2020-10-17,Sonoma,097,501317,9149,8725,22,8747,134
2020-10-17,Stanislaus,099,539301,17422,17232,701,17933,390
2020-10-17,Sutter,101,95872,1804,1762,1,1763,12
2020-10-17,Tehama,103,63373,823,764,2,766,5
2020-10-17,Trinity,105,12862,61,20,7,27,0
2020-10-17,Tulare,107,460477,17498,16995,293,17288,290
2020-10-17,Tuolumne,109,53932,264,241,3,244,4
2020-10-17,Ventura,111,848112,14540,13845,307,14152,151
2020-10-17,Yolo,113,214977,3136,3045,7,3052,55
2020-10-17,Yuba,115,75493,1203,1164,5,1169,10
2020-10-16,Alameda,001,1643700,23067,22315,219,22534,397
2020-10-16,Alpine,003,1148,4,3,0,3,0
2020-10-16,Amador,005,37829,314,309,0,309,16
2020-10-16,Butte,007,227075,3121,3004,28,3032,54
2020-10-16,Calaveras,009,45235,327,267,0,267,13
2020-10-16,Colusa,011,21464,543,544,1,545,6
2020-10-16,Contra Costa,013,1133247,18487,17956,95,18051,237
2020-10-16,Del Norte,015,27424,169,166,0,166,2
2020-10-16,El Dorado,017,186661,1331,1273,2,1275,4
2020-10-16,Fresno,019,978130,32800,29796,430,30226,427
2020-10-16,Glenn,021,27897,648,632,0,632,3
2020-10-16,Humboldt,023,135768,550,533,1,534,7
2020-10-16,Imperial,025,180216,12553,11885,12,11897,330
2020-10-16,Inyo,027,18085,224,212,7,219,14
2020-10-16,Kern,029,883053,33468,32660,381,33041,428
2020-10-16,Kings,031,150075,8343,8146,52,8198,80
2020-10-16,Lake,033,64148,692,644,0,644,14
2020-10-16,Lassen,035,31185,766,757,2,759,0
2020-10-16,Los Angeles,037,10098052,292449,284988,2613,287601,6835
2020-10-16,Madera,039,155013,4929,4736,33,4769,53
2020-10-16,Marin,041,260295,7039,6933,19,6952,99
2020-10-16,Mariposa,043,17540,78,76,0,76,2
2020-10-16,Mendocino,045,87422,1044,974,2,976,21
2020-10-16,Merced,047,269075,9370,9246,29,9275,148
2020-10-16,Modoc,049,8938,30,26,0,26,0
2020-10-16,Mono,051,14174,174,155,5,160,1
2020-10-16,Monterey,053,433212,11048,10727,48,10775,79
2020-10-16,Napa,055,140530,1945,1855,5,1860,12
2020-10-16,Nevada,057,99092,608,579,16,595,8
2020-10-16,Orange,059,3164182,59310,56091,1678,57769,1388
2020-10-16,Placer,061,380077,4074,3864,15,3879,49
2020-10-16,Plumas,063,18699,61,52,0,52,0
2020-10-16,Riverside,065,2383286,65170,62986,240,63226,1267
2020-10-16,Sacramento,067,1510023,24756,24144,22,24166,479
2020-10-16,San Benito,069,59416,1400,1388,1,1389,14
2020-10-16,San Bernardino,071,2135413,61054,58233,390,58623,1069
2020-10-16,San Diego,073,3302833,53913,51785,1376,53161,850
2020-10-16,San Francisco,075,870044,11995,11840,42,11882,126
2020-10-16,San Joaquin,077,732212,21420,20910,146,21056,489
2020-10-16,San Luis Obispo,079,281455,4164,3952,20,3972,32
2020-10-16,San Mateo,081,765935,11056,10405,9,10414,153
2020-10-16,Santa Barbara,083,443738,10477,9549,81,9630,119
2020-10-16,Santa Clara,085,1922200,24366,22920,41,22961,345
2020-10-16,Santa Cruz,087,273765,2737,2666,36,2702,20
2020-10-16,Shasta,089,179085,1935,1660,18,1678,20
2020-10-16,Sierra,091,2930,6,6,0,6,0
2020-10-16,Siskiyou,093,43540,179,167,10,177,0
2020-10-16,Solano,095,438530,7114,6879,41,6920,55
2020-10-16,Sonoma,097,501317,9093,8652,22,8674,133
2020-10-16,Stanislaus,099,539301,17389,17201,692,17893,366
2020-10-16,Sutter,101,95872,1796,1756,1,1757,12
2020-10-16,Tehama,103,63373,822,737,2,739,3
2020-10-16,Trinity,105,12862,61,20,7,27,0
2020-10-16,Tulare,107,460477,17466,16965,285,17250,290
2020-10-16,Tuolumne,109,53932,261,237,3,240,4
2020-10-16,Ventura,111,848112,14497,13805,302,14107,152
2020-10-16,Yolo,113,214977,3127,3030,7,3037,55
2020-10-16,Yuba,115,75493,1203,1155,5,1160,10
2020-10-15,Alameda,001,1643700,22999,22267,218,22485,390
2020-10-15,Alpine,003,1148,4,3,0,3,0
2020-10-15,Amador,005,37829,314,309,0,309,16
2020-10-15,Butte,007,227075,3109,3000,27,3027,54
2020-10-15,Calaveras,009,45235,326,267,0,267,13
2020-10-15,Colusa,011,21464,542,543,1,544,6
2020-10-15,Contra Costa,013,1133247,18420,17893,94,17987,237
2020-10-15,Del Norte,015,27424,169,164,0,164,2
2020-10-15,El Dorado,017,186661,1326,1265,2,1267,4
2020-10-15,Fresno,019,978130,32703,29727,427,30154,425
2020-10-15,Glenn,021,27897,643,632,0,632,3
2020-10-15,Humboldt,023,135768,546,531,1,532,7
2020-10-15,Imperial,025,180216,12512,11820,11,11831,330
2020-10-15,Inyo,027,18085,224,210,7,217,14
2020-10-15,Kern,029,883053,33387,32593,378,32971,427
2020-10-15,Kings,031,150075,8328,8134,52,8186,80
2020-10-15,Lake,033,64148,690,642,0,642,14
2020-10-15,Lassen,035,31185,765,752,2,754,0
2020-10-15,Los Angeles,037,10098052,291167,284019,2577,286596,6807
2020-10-15,Madera,039,155013,4917,4723,32,4755,50
2020-10-15,Marin,041,260295,7031,6912,19,6931,99
2020-10-15,Mariposa,043,17540,78,76,0,76,2
2020-10-15,Mendocino,045,87422,1038,963,2,965,21
2020-10-15,Merced,047,269075,9343,9213,29,9242,147
2020-10-15,Modoc,049,8938,30,26,0,26,0
2020-10-15,Mono,051,14174,174,155,5,160,1
2020-10-15,Monterey,053,433212,10981,10677,47,10724,79
2020-10-15,Napa,055,140530,1932,1842,5,1847,12
2020-10-15,Nevada,057,99092,604,575,16,591,8
2020-10-15,Orange,059,3164182,59094,55952,1666,57618,1379
2020-10-15,Placer,061,380077,4045,3848,15,3863,48
2020-10-15,Plumas,063,18699,58,52,0,52,0
2020-10-15,Riverside,065,2383286,64839,62819,237,63056,1266
2020-10-15,Sacramento,067,1510023,24640,24068,22,24090,474
2020-10-15,San Benito,069,59416,1397,1384,1,1385,14
2020-10-15,San Bernardino,071,2135413,60715,58068,387,58455,1067
2020-10-15,San Diego,073,3302833,53629,51472,1360,52832,847
2020-10-15,San Francisco,075,870044,11967,11808,39,11847,126
2020-10-15,San Joaquin,077,732212,21347,20880,140,21020,487
2020-10-15,San Luis Obispo,079,281455,4149,3934,20,3954,32
2020-10-15,San Mateo,081,765935,11016,10340,9,10349,152
2020-10-15,Santa Barbara,083,443738,10453,9526,80,9606,117
2020-10-15,Santa Clara,085,1922200,24250,22808,41,22849,343
2020-10-15,Santa Cruz,087,273765,2723,2656,36,2692,13
2020-10-15,Shasta,089,179085,1924,1635,18,1653,20
2020-10-15,Sierra,091,2930,6,6,0,6,0
2020-10-15,Siskiyou,093,43540,175,166,10,176,0
2020-10-15,Solano,095,438530,7075,6830,41,6871,55
2020-10-15,Sonoma,097,501317,9001,8571,22,8593,133
2020-10-15,Stanislaus,099,539301,17351,17151,678,17829,366
2020-10-15,Sutter,101,95872,1793,1752,1,1753,12
2020-10-15,Tehama,103,63373,795,726,2,728,3
2020-10-15,Trinity,105,12862,61,20,7,27,0
2020-10-15,Tulare,107,460477,17406,16918,269,17187,289
2020-10-15,Tuolumne,109,53932,259,236,3,239,4
2020-10-15,Ventura,111,848112,14441,13750,297,14047,152
2020-10-15,Yolo,113,214977,3107,3014,7,3021,55
2020-10-15,Yuba,115,75493,1196,1151,5,1156,10
2020-10-14,Alameda,001,1643700,22900,22227,217,22444,398
2020-10-14,Alpine,003,1148,4,3,0,3,0
2020-10-14,Amador,005,37829,312,308,0,308,16
2020-10-14,Butte,007,227075,3101,2995,27,3022,54
2020-10-14,Calaveras,009,45235,326,266,0,266,12
2020-10-14,Colusa,011,21464,542,543,1,544,6
2020-10-14,Contra Costa,013,1133247,18363,17820,92,17912,236
2020-10-14,Del Norte,015,27424,168,163,0,163,2
2020-10-14,El Dorado,017,186661,1320,1264,2,1266,4
2020-10-14,Fresno,019,978130,32588,29650,419,30069,424
2020-10-14,Glenn,021,27897,642,629,0,629,3
2020-10-14,Humboldt,023,135768,543,531,1,532,7
2020-10-14,Imperial,025,180216,12475,11765,10,11775,330
2020-10-14,Inyo,027,18085,223,209,6,215,14
2020-10-14,Kern,029,883053,33312,32528,376,32904,425
2020-10-14,Kings,031,150075,8310,8118,51,8169,80
2020-10-14,Lake,033,64148,689,642,0,642,14
2020-10-14,Lassen,035,31185,763,752,2,754,0
2020-10-14,Los Angeles,037,10098052,289854,282918,2533,285451,6786
2020-10-14,Madera,039,155013,4902,4713,31,4744,50
2020-10-14,Marin,041,260295,7025,6907,19,6926,99
2020-10-14,Mariposa,043,17540,77,76,0,76,2
2020-10-14,Mendocino,045,87422,1032,955,2,957,21
2020-10-14,Merced,047,269075,9318,9201,27,9228,147
2020-10-14,Modoc,049,8938,30,27,0,27,0
2020-10-14,Mono,051,14174,174,155,5,160,1
2020-10-14,Monterey,053,433212,10930,10616,47,10663,78
2020-10-14,Napa,055,140530,1915,1837,5,1842,12
2020-10-14,Nevada,057,99092,602,573,16,589,7
2020-10-14,Orange,059,3164182,58881,55756,1657,57413,1348
2020-10-14,Placer,061,380077,4022,3829,15,3844,48
2020-10-14,Plumas,063,18699,54,52,0,52,0
2020-10-14,Riverside,065,2383286,64556,62607,236,62843,1261
2020-10-14,Sacramento,067,1510023,24496,24013,22,24035,472
2020-10-14,San Benito,069,59416,1395,1381,0,1381,14
2020-10-14,San Bernardino,071,2135413,60389,57774,384,58158,1063
2020-10-14,San Diego,073,3302833,53310,51329,1336,52665,844
2020-10-14,San Francisco,075,870044,11935,11783,38,11821,123
2020-10-14,San Joaquin,077,732212,21268,20845,126,20971,487
2020-10-14,San Luis Obispo,079,281455,4126,3901,19,3920,32
2020-10-14,San Mateo,081,765935,10965,10309,9,10318,132
2020-10-14,Santa Barbara,083,443738,10418,9509,80,9589,117
2020-10-14,Santa Clara,085,1922200,24101,22735,41,22776,343
2020-10-14,Santa Cruz,087,273765,2713,2618,36,2654,13
2020-10-14,Shasta,089,179085,1886,1553,18,1571,20
2020-10-14,Sierra,091,2930,6,6,0,6,0
2020-10-14,Siskiyou,093,43540,175,166,10,176,0
2020-10-14,Solano,095,438530,7019,6786,41,6827,55
2020-10-14,Sonoma,097,501317,8948,8514,22,8536,133
2020-10-14,Stanislaus,099,539301,17306,17105,675,17780,365
2020-10-14,Sutter,101,95872,1784,1747,1,1748,12
2020-10-14,Tehama,103,63373,784,721,2,723,3
2020-10-14,Trinity,105,12862,60,20,7,27,0
2020-10-14,Tulare,107,460477,17344,16863,256,17119,287
2020-10-14,Tuolumne,109,53932,258,236,3,239,4
2020-10-14,Ventura,111,848112,14388,13697,293,13990,152
2020-10-14,Yolo,113,214977,3089,3007,7,3014,55
2020-10-14,Yuba,115,75493,1188,1147,5,1152,10
2020-10-13,Alameda,001,1643700,22796,22185,215,22400,389
2020-10-13,Alpine,003,1148,4,3,0,3,0
2020-10-13,Amador,005,37829,310,306,0,306,16
2020-10-13,Butte,007,227075,3092,2992,27,3019,54
2020-10-13,Calaveras,009,45235,322,262,0,262,12
2020-10-13,Colusa,011,21464,542,541,1,542,6
2020-10-13,Contra Costa,013,1133247,18305,17783,92,17875,234
2020-10-13,Del Norte,015,27424,168,163,0,163,2
2020-10-13,El Dorado,017,186661,1311,1262,2,1264,4
2020-10-13,Fresno,019,978130,32466,29579,415,29994,424
2020-10-13,Glenn,021,27897,641,629,0,629,3
2020-10-13,Humboldt,023,135768,541,523,1,524,7
2020-10-13,Imperial,025,180216,12440,11727,10,11737,327
2020-10-13,Inyo,027,18085,220,207,6,213,14
2020-10-13,Kern,029,883053,33237,32497,374,32871,419
2020-10-13,Kings,031,150075,8301,8111,51,8162,80
2020-10-13,Lake,033,64148,686,639,0,639,12
2020-10-13,Lassen,035,31185,761,752,2,754,0
2020-10-13,Los Angeles,037,10098052,288578,281716,2490,284206,6767
2020-10-13,Madera,039,155013,4884,4700,31,4731,50
2020-10-13,Marin,041,260295,7003,6900,18,6918,97
2020-10-13,Mariposa,043,17540,77,76,0,76,2
2020-10-13,Mendocino,045,87422,1023,950,2,952,21
2020-10-13,Merced,047,269075,9301,9181,27,9208,146
2020-10-13,Modoc,049,8938,29,28,0,28,0
2020-10-13,Mono,051,14174,174,155,4,159,1
2020-10-13,Monterey,053,433212,10869,10574,46,10620,78
2020-10-13,Napa,055,140530,1906,1825,5,1830,12
2020-10-13,Nevada,057,99092,596,572,16,588,7
2020-10-13,Orange,059,3164182,58669,55515,1643,57158,1326
2020-10-13,Placer,061,380077,3984,3825,15,3840,48
2020-10-13,Plumas,063,18699,52,51,0,51,0
2020-10-13,Riverside,065,2383286,64236,62279,234,62513,1254
2020-10-13,Sacramento,067,1510023,24419,23930,22,23952,466
2020-10-13,San Benito,069,59416,1387,1380,0,1380,14
2020-10-13,San Bernardino,071,2135413,60049,57411,382,57793,1061
2020-10-13,San Diego,073,3302833,53017,51026,1319,52345,840
2020-10-13,San Francisco,075,870044,11900,11659,38,11697,122
2020-10-13,San Joaquin,077,732212,21206,20822,122,20944,481
2020-10-13,San Luis Obispo,079,281455,4115,3892,18,3910,32
2020-10-13,San Mateo,081,765935,10922,10286,9,10295,130
2020-10-13,Santa Barbara,083,443738,10387,9489,80,9569,117
2020-10-13,Santa Clara,085,1922200,23974,22678,41,22719,343
2020-10-13,Santa Cruz,087,273765,2695,2603,36,2639,13
2020-10-13,Shasta,089,179085,1862,1606,18,1624,20
2020-10-13,Sierra,091,2930,6,6,0,6,0
2020-10-13,Siskiyou,093,43540,174,163,10,173,0
2020-10-13,Solano,095,438530,6984,6761,41,6802,55
2020-10-13,Sonoma,097,501317,8865,8456,22,8478,133
2020-10-13,Stanislaus,099,539301,17261,17082,670,17752,362
2020-10-13,Sutter,101,95872,1775,1748,1,1749,12
2020-10-13,Tehama,103,63373,776,717,2,719,3
2020-10-13,Trinity,105,12862,56,19,6,25,0
2020-10-13,Tulare,107,460477,17285,16822,248,17070,286
2020-10-13,Tuolumne,109,53932,256,235,3,238,4
2020-10-13,Ventura,111,848112,14334,13645,289,13934,151
2020-10-13,Yolo,113,214977,3081,2983,6,2989,55
2020-10-13,Yuba,115,75493,1183,1143,5,1148,10
2020-10-12,Alameda,001,1643700,22716,22126,214,22340,389
2020-10-12,Alpine,003,1148,4,3,0,3,0
2020-10-12,Amador,005,37829,309,305,0,305,16
2020-10-12,Butte,007,227075,3086,2975,27,3002,54
2020-10-12,Calaveras,009,45235,322,262,0,262,12
2020-10-12,Colusa,011,21464,542,541,1,542,6
2020-10-12,Contra Costa,013,1133247,18230,17728,92,17820,233
2020-10-12,Del Norte,015,27424,168,161,0,161,2
2020-10-12,El Dorado,017,186661,1308,1254,2,1256,4
2020-10-12,Fresno,019,978130,32333,29523,411,29934,421
2020-10-12,Glenn,021,27897,640,626,0,626,3
2020-10-12,Humboldt,023,135768,538,522,1,523,7
2020-10-12,Imperial,025,180216,12401,11689,10,11699,328
2020-10-12,Inyo,027,18085,217,201,6,207,14
2020-10-12,Kern,029,883053,33144,32425,371,32796,419
2020-10-12,Kings,031,150075,8295,8106,50,8156,80
2020-10-12,Lake,033,64148,680,633,0,633,12
2020-10-12,Lassen,035,31185,761,752,2,754,0
2020-10-12,Los Angeles,037,10098052,287361,280961,2462,283423,6747
2020-10-12,Madera,039,155013,4865,4689,31,4720,50
2020-10-12,Marin,041,260295,6986,6886,18,6904,97
2020-10-12,Mariposa,043,17540,77,76,0,76,2
2020-10-12,Mendocino,045,87422,1017,947,2,949,21
2020-10-12,Merced,047,269075,9280,9141,27,9168,146
2020-10-12,Modoc,049,8938,29,27,0,27,0
2020-10-12,Mono,051,14174,174,154,4,158,1
2020-10-12,Monterey,053,433212,10803,10473,46,10519,77
2020-10-12,Napa,055,140530,1898,1819,5,1824,11
2020-10-12,Nevada,057,99092,592,570,16,586,7
2020-10-12,Orange,059,3164182,58439,55373,1633,57006,1326
2020-10-12,Placer,061,380077,3952,3808,14,3822,48
2020-10-12,Plumas,063,18699,52,51,0,51,0
2020-10-12,Riverside,065,2383286,63924,62279,231,62510,1254
2020-10-12,Sacramento,067,1510023,24313,23807,22,23829,466
2020-10-12,San Benito,069,59416,1384,1376,0,1376,13
2020-10-12,San Bernardino,071,2135413,59675,57235,381,57616,1061
2020-10-12,San Diego,073,3302833,52727,50748,1292,52040,826
2020-10-12,San Francisco,075,870044,11868,11659,38,11697,122
2020-10-12,San Joaquin,077,732212,21143,20701,116,20817,480
2020-10-12,San Luis Obispo,079,281455,4091,3874,18,3892,32
2020-10-12,San Mateo,081,765935,10874,10262,9,10271,130
2020-10-12,Santa Barbara,083,443738,10350,9462,80,9542,117
2020-10-12,Santa Clara,085,1922200,23859,22578,41,22619,343
2020-10-12,Santa Cruz,087,273765,2678,2590,36,2626,13
2020-10-12,Shasta,089,179085,1837,1515,18,1533,20
2020-10-12,Sierra,091,2930,6,6,0,6,0
2020-10-12,Siskiyou,093,43540,173,162,10,172,0
2020-10-12,Solano,095,438530,6945,6742,41,6783,55
2020-10-12,Sonoma,097,501317,8794,8377,22,8399,133
2020-10-12,Stanislaus,099,539301,17212,17051,661,17712,361
2020-10-12,Sutter,101,95872,1767,1741,1,1742,12
2020-10-12,Tehama,103,63373,760,708,2,710,3
2020-10-12,Trinity,105,12862,55,19,6,25,0
2020-10-12,Tulare,107,460477,17233,16742,241,16983,286
2020-10-12,Tuolumne,109,53932,251,234,3,237,4
2020-10-12,Ventura,111,848112,14272,13617,285,13902,151
2020-10-12,Yolo,113,214977,3066,2964,6,2970,55
2020-10-12,Yuba,115,75493,1172,1141,5,1146,10
2020-10-11,Alameda,001,1643700,22626,22057,210,22267,392
2020-10-11,Alpine,003,1148,4,3,0,3,0
2020-10-11,Amador,005,37829,307,305,0,305,16
2020-10-11,Butte,007,227075,3078,2967,26,2993,54
2020-10-11,Calaveras,009,45235,320,262,0,262,12
2020-10-11,Colusa,011,21464,540,541,1,542,6
2020-10-11,Contra Costa,013,1133247,18148,17678,92,17770,233
2020-10-11,Del Norte,015,27424,166,161,0,161,2
2020-10-11,El Dorado,017,186661,1299,1242,2,1244,4
2020-10-11,Fresno,019,978130,32195,29419,403,29822,421
2020-10-11,Glenn,021,27897,638,625,0,625,3
2020-10-11,Humboldt,023,135768,537,521,1,522,7
2020-10-11,Imperial,025,180216,12341,11614,10,11624,328
2020-10-11,Inyo,027,18085,213,201,6,207,14
2020-10-11,Kern,029,883053,33057,32399,364,32763,418
2020-10-11,Kings,031,150075,8278,8094,49,8143,80
2020-10-11,Lake,033,64148,667,631,0,631,12
2020-10-11,Lassen,035,31185,760,752,2,754,0
2020-10-11,Los Angeles,037,10098052,285924,280190,2420,282610,6745
2020-10-11,Madera,039,155013,4837,4680,30,4710,50
2020-10-11,Marin,041,260295,6977,6870,18,6888,97
2020-10-11,Mariposa,043,17540,77,76,0,76,2
2020-10-11,Mendocino,045,87422,1010,944,2,946,21
2020-10-11,Merced,047,269075,9262,9124,27,9151,146
2020-10-11,Modoc,049,8938,29,27,0,27,0
2020-10-11,Mono,051,14174,174,154,4,158,1
2020-10-11,Monterey,053,433212,10752,10445,44,10489,77
2020-10-11,Napa,055,140530,1882,1811,5,1816,11
2020-10-11,Nevada,057,99092,590,569,16,585,7
2020-10-11,Orange,059,3164182,58209,55202,1627,56829,1326
2020-10-11,Placer,061,380077,3931,3787,14,3801,48
2020-10-11,Plumas,063,18699,52,51,0,51,0
2020-10-11,Riverside,065,2383286,63635,62112,227,62339,1254
2020-10-11,Sacramento,067,1510023,24171,23778,22,23800,466
2020-10-11,San Benito,069,59416,1383,1374,0,1374,13
2020-10-11,San Bernardino,071,2135413,59220,56997,377,57374,1061
2020-10-11,San Diego,073,3302833,52377,50553,1270,51823,826
2020-10-11,San Francisco,075,870044,11825,11659,38,11697,122
2020-10-11,San Joaquin,077,732212,21068,20700,106,20806,480
2020-10-11,San Luis Obispo,079,281455,4074,3874,17,3891,32
2020-10-11,San Mateo,081,765935,10843,10240,9,10249,130
2020-10-11,Santa Barbara,083,443738,10320,9440,79,9519,117
2020-10-11,Santa Clara,085,1922200,23716,22487,40,22527,336
2020-10-11,Santa Cruz,087,273765,2664,2578,36,2614,13
2020-10-11,Shasta,089,179085,1807,1515,17,1532,20
2020-10-11,Sierra,091,2930,6,6,0,6,0
2020-10-11,Siskiyou,093,43540,172,162,10,172,0
2020-10-11,Solano,095,438530,6891,6685,41,6726,53
2020-10-11,Sonoma,097,501317,8737,8319,22,8341,133
2020-10-11,Stanislaus,099,539301,17148,17007,645,17652,360
2020-10-11,Sutter,101,95872,1764,1742,1,1743,12
2020-10-11,Tehama,103,63373,736,702,2,704,3
2020-10-11,Trinity,105,12862,55,19,6,25,0
2020-10-11,Tulare,107,460477,17170,16741,233,16974,286
2020-10-11,Tuolumne,109,53932,247,234,3,237,4
2020-10-11,Ventura,111,848112,14211,13604,280,13884,151
2020-10-11,Yolo,113,214977,3036,2952,6,2958,55
2020-10-11,Yuba,115,75493,1160,1137,5,1142,10
2020-10-10,Alameda,001,1643700,22576,21979,209,22188,398
2020-10-10,Alpine,003,1148,4,3,0,3,0
2020-10-10,Amador,005,37829,306,304,0,304,16
2020-10-10,Butte,007,227075,3073,2962,25,2987,54
2020-10-10,Calaveras,009,45235,319,262,0,262,12
2020-10-10,Colusa,011,21464,540,541,1,542,6
2020-10-10,Contra Costa,013,1133247,18112,17566,91,17657,233
2020-10-10,Del Norte,015,27424,166,161,0,161,2
2020-10-10,El Dorado,017,186661,1297,1240,2,1242,4
2020-10-10,Fresno,019,978130,32131,29286,401,29687,421
2020-10-10,Glenn,021,27897,638,623,0,623,3
2020-10-10,Humboldt,023,135768,534,518,1,519,7
2020-10-10,Imperial,025,180216,12326,11591,10,11601,327
2020-10-10,Inyo,027,18085,210,201,6,207,14
2020-10-10,Kern,029,883053,33020,32338,364,32702,418
2020-10-10,Kings,031,150075,8274,8078,49,8127,80
2020-10-10,Lake,033,64148,666,630,0,630,11
2020-10-10,Lassen,035,31185,760,752,2,754,0
2020-10-10,Los Angeles,037,10098052,285204,279213,2386,281599,6743
2020-10-10,Madera,039,155013,4824,4662,30,4692,50
2020-10-10,Marin,041,260295,6968,6852,18,6870,97
2020-10-10,Mariposa,043,17540,77,76,0,76,2
2020-10-10,Mendocino,045,87422,1003,935,2,937,21
2020-10-10,Merced,047,269075,9256,9105,26,9131,146
2020-10-10,Modoc,049,8938,29,27,0,27,0
2020-10-10,Mono,051,14174,174,154,4,158,1
2020-10-10,Monterey,053,433212,10719,10410,44,10454,75
2020-10-10,Napa,055,140530,1875,1804,5,1809,11
2020-10-10,Nevada,057,99092,587,564,16,580,6
2020-10-10,Orange,059,3164182,58088,54965,1622,56587,1324
2020-10-10,Placer,061,380077,3914,3757,14,3771,48
2020-10-10,Plumas,063,18699,52,51,0,51,0
2020-10-10,Riverside,065,2383286,63431,61845,225,62070,1254
2020-10-10,Sacramento,067,1510023,24104,23689,22,23711,466
2020-10-10,San Benito,069,59416,1381,1370,0,1370,13
2020-10-10,San Bernardino,071,2135413,59058,56683,375,57058,1061
2020-10-10,San Diego,073,3302833,52147,50145,1252,51397,825
2020-10-10,San Francisco,075,870044,11804,11663,38,11701,122
2020-10-10,San Joaquin,077,732212,21040,20700,102,20802,481
2020-10-10,San Luis Obispo,079,281455,4054,3832,17,3849,32
2020-10-10,San Mateo,081,765935,10806,10218,9,10227,130
2020-10-10,Santa Barbara,083,443738,10309,9417,79,9496,116
2020-10-10,Santa Clara,085,1922200,23624,22354,40,22394,330
2020-10-10,Santa Cruz,087,273765,2650,2572,36,2608,13
2020-10-10,Shasta,089,179085,1790,1473,17,1490,20
2020-10-10,Sierra,091,2930,6,6,0,6,0
2020-10-10,Siskiyou,093,43540,172,161,10,171,0
2020-10-10,Solano,095,438530,6865,6655,41,6696,53
2020-10-10,Sonoma,097,501317,8717,8235,22,8257,133
2020-10-10,Stanislaus,099,539301,17113,16960,637,17597,360
2020-10-10,Sutter,101,95872,1761,1735,1,1736,12
2020-10-10,Tehama,103,63373,729,693,2,695,3
2020-10-10,Trinity,105,12862,55,19,6,25,0
2020-10-10,Tulare,107,460477,17136,16709,228,16937,286
2020-10-10,Tuolumne,109,53932,247,233,3,236,4
2020-10-10,Ventura,111,848112,14186,13520,280,13800,151
2020-10-10,Yolo,113,214977,3027,2939,6,2945,55
2020-10-10,Yuba,115,75493,1158,1134,5,1139,10
2020-10-09,Alameda,001,1643700,22528,21924,209,22133,399
2020-10-09,Alpine,003,1148,4,3,0,3,0
2020-10-09,Amador,005,37829,306,303,0,303,16
2020-10-09,Butte,007,227075,3070,2956,25,2981,51
2020-10-09,Calaveras,009,45235,317,262,0,262,11
2020-10-09,Colusa,011,21464,540,541,1,542,6
2020-10-09,Contra Costa,013,1133247,18062,17487,91,17578,229
2020-10-09,Del Norte,015,27424,165,161,0,161,2
2020-10-09,El Dorado,017,186661,1293,1234,2,1236,4
2020-10-09,Fresno,019,978130,32058,29208,399,29607,417
2020-10-09,Glenn,021,27897,633,617,0,617,3
2020-10-09,Humboldt,023,135768,532,516,1,517,7
2020-10-09,Imperial,025,180216,12299,11516,10,11526,330
2020-10-09,Inyo,027,18085,207,200,6,206,14
2020-10-09,Kern,029,883053,32977,32237,362,32599,417
2020-10-09,Kings,031,150075,8267,7993,47,8040,80
2020-10-09,Lake,033,64148,656,610,0,610,11
2020-10-09,Lassen,035,31185,760,751,2,753,0
2020-10-09,Los Angeles,037,10098052,284070,278039,2361,280400,6715
2020-10-09,Madera,039,155013,4814,4646,30,4676,50
2020-10-09,Marin,041,260295,6954,6838,18,6856,96
2020-10-09,Mariposa,043,17540,77,76,0,76,2
2020-10-09,Mendocino,045,87422,993,933,2,935,20
2020-10-09,Merced,047,269075,9242,9095,26,9121,145
2020-10-09,Modoc,049,8938,29,27,0,27,0
2020-10-09,Mono,051,14174,174,154,4,158,1
2020-10-09,Monterey,053,433212,10685,10369,44,10413,75
2020-10-09,Napa,055,140530,1865,1795,5,1800,11
2020-10-09,Nevada,057,99092,582,561,16,577,6
2020-10-09,Orange,059,3164182,57918,54746,1617,56363,1305
2020-10-09,Placer,061,380077,3900,3737,14,3751,48
2020-10-09,Plumas,063,18699,52,50,0,50,0
2020-10-09,Riverside,065,2383286,63195,61529,224,61753,1252
2020-10-09,Sacramento,067,1510023,24034,23606,22,23628,457
2020-10-09,San Benito,069,59416,1376,1367,0,1367,13
2020-10-09,San Bernardino,071,2135413,58818,56434,373,56807,1057
2020-10-09,San Diego,073,3302833,51870,49825,1242,51067,821
2020-10-09,San Francisco,075,870044,11774,11620,38,11658,120
2020-10-09,San Joaquin,077,732212,21011,20648,92,20740,481
2020-10-09,San Luis Obispo,079,281455,4035,3810,17,3827,32
2020-10-09,San Mateo,081,765935,10778,10140,9,10149,130
2020-10-09,Santa Barbara,083,443738,10281,9396,79,9475,116
2020-10-09,Santa Clara,085,1922200,23522,22251,39,22290,328
2020-10-09,Santa Cruz,087,273765,2641,2555,36,2591,13
2020-10-09,Shasta,089,179085,1763,1353,16,1369,20
2020-10-09,Sierra,091,2930,6,6,0,6,0
2020-10-09,Siskiyou,093,43540,170,156,10,166,0
2020-10-09,Solano,095,438530,6826,6614,41,6655,53
2020-10-09,Sonoma,097,501317,8663,8133,22,8155,133
2020-10-09,Stanislaus,099,539301,17090,16904,628,17532,362
2020-10-09,Sutter,101,95872,1757,1732,1,1733,12
2020-10-09,Tehama,103,63373,723,682,2,684,3
2020-10-09,Trinity,105,12862,55,25,6,31,0
2020-10-09,Tulare,107,460477,17096,16644,219,16863,286
2020-10-09,Tuolumne,109,53932,244,230,3,233,4
2020-10-09,Ventura,111,848112,14150,13469,277,13746,151
2020-10-09,Yolo,113,214977,3020,2928,6,2934,55
2020-10-09,Yuba,115,75493,1157,1129,5,1134,10
2020-10-08,Alameda,001,1643700,22447,21826,208,22034,395
2020-10-08,Alpine,003,1148,4,3,0,3,0
2020-10-08,Amador,005,37829,305,302,0,302,16
2020-10-08,Butte,007,227075,3060,2935,25,2960,51
2020-10-08,Calaveras,009,45235,316,262,0,262,11
2020-10-08,Colusa,011,21464,540,539,1,540,6
2020-10-08,Contra Costa,013,1133247,18002,17418,90,17508,228
2020-10-08,Del Norte,015,27424,165,151,0,151,2
2020-10-08,El Dorado,017,186661,1292,1230,2,1232,4
2020-10-08,Fresno,019,978130,31953,29111,399,29510,416
2020-10-08,Glenn,021,27897,630,616,0,616,3
2020-10-08,Humboldt,023,135768,528,515,1,516,7
2020-10-08,Imperial,025,180216,12260,11405,10,11415,330
2020-10-08,Inyo,027,18085,204,199,6,205,14
2020-10-08,Kern,029,883053,32919,32169,357,32526,411
2020-10-08,Kings,031,150075,8261,7968,47,8015,80
2020-10-08,Lake,033,64148,651,604,0,604,11
2020-10-08,Lassen,035,31185,755,751,2,753,0
2020-10-08,Los Angeles,037,10098052,282871,276763,2320,279083,6699
2020-10-08,Madera,039,155013,4795,4637,30,4667,50
2020-10-08,Marin,041,260295,6940,6810,18,6828,96
2020-10-08,Mariposa,043,17540,77,76,0,76,2
2020-10-08,Mendocino,045,87422,988,930,2,932,20
2020-10-08,Merced,047,269075,9222,9069,26,9095,144
2020-10-08,Modoc,049,8938,29,27,0,27,0
2020-10-08,Mono,051,14174,174,153,4,157,1
2020-10-08,Monterey,053,433212,10618,10343,44,10387,75
2020-10-08,Napa,055,140530,1850,1779,5,1784,11
2020-10-08,Nevada,057,99092,579,556,16,572,6
2020-10-08,Orange,059,3164182,57725,54523,1605,56128,1293
2020-10-08,Placer,061,380077,3882,3715,14,3729,48
2020-10-08,Plumas,063,18699,52,50,0,50,0
2020-10-08,Riverside,065,2383286,62927,61105,222,61327,1244
2020-10-08,Sacramento,067,1510023,23926,23482,22,23504,454
2020-10-08,San Benito,069,59416,1371,1367,0,1367,13
2020-10-08,San Bernardino,071,2135413,58453,56152,372,56524,1048
2020-10-08,San Diego,073,3302833,51590,49468,1210,50678,819
2020-10-08,San Francisco,075,870044,11737,11608,38,11646,115
2020-10-08,San Joaquin,077,732212,20960,20576,87,20663,478
2020-10-08,San Luis Obispo,079,281455,4019,3785,17,3802,32
2020-10-08,San Mateo,081,765935,10746,10044,9,10053,130
2020-10-08,Santa Barbara,083,443738,10252,9374,79,9453,116
2020-10-08,Santa Clara,085,1922200,23420,22095,39,22134,323
2020-10-08,Santa Cruz,087,273765,2629,2535,36,2571,13
2020-10-08,Shasta,089,179085,1729,1305,16,1321,20
2020-10-08,Sierra,091,2930,6,6,0,6,0
2020-10-08,Siskiyou,093,43540,170,156,10,166,0
2020-10-08,Solano,095,438530,6802,6556,41,6597,53
2020-10-08,Sonoma,097,501317,8597,8063,22,8085,132
2020-10-08,Stanislaus,099,539301,17044,16821,620,17441,360
2020-10-08,Sutter,101,95872,1757,1725,1,1726,12
2020-10-08,Tehama,103,63373,714,676,2,678,3
2020-10-08,Trinity,105,12862,54,25,6,31,0
2020-10-08,Tulare,107,460477,17035,16573,210,16783,283
2020-10-08,Tuolumne,109,53932,243,230,3,233,4
2020-10-08,Ventura,111,848112,14103,13399,274,13673,151
2020-10-08,Yolo,113,214977,3003,2914,6,2920,55
2020-10-08,Yuba,115,75493,1152,1126,5,1131,10
2020-10-07,Alameda,001,1643700,22370,21736,208,21944,395
2020-10-07,Alpine,003,1148,4,3,0,3,0
2020-10-07,Amador,005,37829,305,302,0,302,16
2020-10-07,Butte,007,227075,3048,2927,25,2952,47
2020-10-07,Calaveras,009,45235,314,262,0,262,11
2020-10-07,Colusa,011,21464,539,539,0,539,6
2020-10-07,Contra Costa,013,1133247,17931,17346,89,17435,225
2020-10-07,Del Norte,015,27424,164,149,0,149,2
2020-10-07,El Dorado,017,186661,1284,1219,2,1221,4
2020-10-07,Fresno,019,978130,31832,29069,394,29463,413
2020-10-07,Glenn,021,27897,630,615,0,615,3
2020-10-07,Humboldt,023,135768,525,512,1,513,7
2020-10-07,Imperial,025,180216,12223,11289,10,11299,330
2020-10-07,Inyo,027,18085,204,199,6,205,14
2020-10-07,Kern,029,883053,32846,32068,356,32424,410
2020-10-07,Kings,031,150075,8246,7948,47,7995,80
2020-10-07,Lake,033,64148,650,599,0,599,11
2020-10-07,Lassen,035,31185,755,751,2,753,0
2020-10-07,Los Angeles,037,10098052,281693,275559,2284,277843,6681
2020-10-07,Madera,039,155013,4775,4618,30,4648,50
2020-10-07,Marin,041,260295,6913,6790,18,6808,95
2020-10-07,Mariposa,043,17540,77,75,0,75,2
2020-10-07,Mendocino,045,87422,982,927,2,929,19
2020-10-07,Merced,047,269075,9185,9045,25,9070,144
2020-10-07,Modoc,049,8938,29,27,0,27,0
2020-10-07,Mono,051,14174,173,153,3,156,1
2020-10-07,Monterey,053,433212,10559,10272,44,10316,75
2020-10-07,Napa,055,140530,1837,1774,5,1779,11
2020-10-07,Nevada,057,99092,575,552,16,568,6
2020-10-07,Orange,059,3164182,57506,54332,1595,55927,1277
2020-10-07,Placer,061,380077,3866,3693,14,3707,48
2020-10-07,Plumas,063,18699,52,50,0,50,0
2020-10-07,Riverside,065,2383286,62579,60857,218,61075,1241
2020-10-07,Sacramento,067,1510023,23829,23380,22,23402,452
2020-10-07,San Benito,069,59416,1368,1363,0,1363,13
2020-10-07,San Bernardino,071,2135413,58105,55738,371,56109,1043
2020-10-07,San Diego,073,3302833,51274,49177,1186,50363,813
2020-10-07,San Francisco,075,870044,11702,11551,38,11589,115
2020-10-07,San Joaquin,077,732212,20907,20527,80,20607,478
2020-10-07,San Luis Obispo,079,281455,3989,3749,17,3766,32
2020-10-07,San Mateo,081,765935,10704,9980,9,9989,130
2020-10-07,Santa Barbara,083,443738,10224,9350,78,9428,116
2020-10-07,Santa Clara,085,1922200,23292,21993,39,22032,320
2020-10-07,Santa Cruz,087,273765,2617,2518,36,2554,14
2020-10-07,Shasta,089,179085,1686,1268,16,1284,20
2020-10-07,Sierra,091,2930,6,6,0,6,0
2020-10-07,Siskiyou,093,43540,168,154,10,164,0
2020-10-07,Solano,095,438530,6767,6526,41,6567,53
2020-10-07,Sonoma,097,501317,8521,7993,21,8014,130
2020-10-07,Stanislaus,099,539301,17009,16786,614,17400,357
2020-10-07,Sutter,101,95872,1753,1723,1,1724,12
2020-10-07,Tehama,103,63373,705,666,2,668,3
2020-10-07,Trinity,105,12862,52,25,6,31,0
2020-10-07,Tulare,107,460477,16993,16483,201,16684,282
2020-10-07,Tuolumne,109,53932,243,227,3,230,3
2020-10-07,Ventura,111,848112,14053,13333,268,13601,150
2020-10-07,Yolo,113,214977,2977,2904,6,2910,55
2020-10-07,Yuba,115,75493,1146,1120,5,1125,10
2020-10-06,Alameda,001,1643700,22279,21698,206,21904,385
2020-10-06,Alpine,003,1148,4,3,0,3,0
2020-10-06,Amador,005,37829,303,301,0,301,16
2020-10-06,Butte,007,227075,3041,2925,25,2950,47
2020-10-06,Calaveras,009,45235,314,261,0,261,11
2020-10-06,Colusa,011,21464,538,538,0,538,6
2020-10-06,Contra Costa,013,1133247,17852,17295,89,17384,219
2020-10-06,Del Norte,015,27424,164,144,0,144,2
2020-10-06,El Dorado,017,186661,1280,1211,2,1213,4
2020-10-06,Fresno,019,978130,31689,29022,391,29413,412
2020-10-06,Glenn,021,27897,627,604,0,604,3
2020-10-06,Humboldt,023,135768,522,508,1,509,7
2020-10-06,Imperial,025,180216,12185,11196,9,11205,327
2020-10-06,Inyo,027,18085,202,198,6,204,14
2020-10-06,Kern,029,883053,32769,32006,354,32360,407
2020-10-06,Kings,031,150075,8230,7943,47,7990,81
2020-10-06,Lake,033,64148,644,596,0,596,11
2020-10-06,Lassen,035,31185,755,743,2,745,0
2020-10-06,Los Angeles,037,10098052,280456,274115,2235,276350,6657
2020-10-06,Madera,039,155013,4763,4608,30,4638,50
2020-10-06,Marin,041,260295,6899,6766,18,6784,91
2020-10-06,Mariposa,043,17540,77,75,0,75,2
2020-10-06,Mendocino,045,87422,975,920,2,922,19
2020-10-06,Merced,047,269075,9149,9034,24,9058,143
2020-10-06,Modoc,049,8938,29,26,0,26,0
2020-10-06,Mono,051,14174,173,153,3,156,1
2020-10-06,Monterey,053,433212,10503,10235,43,10278,72
2020-10-06,Napa,055,140530,1831,1770,5,1775,11
2020-10-06,Nevada,057,99092,573,551,16,567,6
2020-10-06,Orange,059,3164182,57291,54203,1586,55789,1273
2020-10-06,Placer,061,380077,3844,3680,14,3694,48
2020-10-06,Plumas,063,18699,52,49,0,49,0
2020-10-06,Riverside,065,2383286,62315,60593,215,60808,1238
2020-10-06,Sacramento,067,1510023,23742,23322,22,23344,442
2020-10-06,San Benito,069,59416,1367,1358,0,1358,12
2020-10-06,San Bernardino,071,2135413,57790,55416,367,55783,1040
2020-10-06,San Diego,073,3302833,50937,48823,1169,49992,806
2020-10-06,San Francisco,075,870044,11676,11513,37,11550,115
2020-10-06,San Joaquin,077,732212,20867,20481,77,20558,477
2020-10-06,San Luis Obispo,079,281455,3954,3723,17,3740,32
2020-10-06,San Mateo,081,765935,10671,9934,9,9943,129
2020-10-06,Santa Barbara,083,443738,10195,9331,77,9408,116
2020-10-06,Santa Clara,085,1922200,23197,21914,39,21953,320
2020-10-06,Santa Cruz,087,273765,2595,2510,36,2546,12
2020-10-06,Shasta,089,179085,1646,1242,16,1258,18
2020-10-06,Sierra,091,2930,6,6,0,6,0
2020-10-06,Siskiyou,093,43540,168,154,10,164,0
2020-10-06,Solano,095,438530,6721,6506,41,6547,52
2020-10-06,Sonoma,097,501317,8429,7895,21,7916,130
2020-10-06,Stanislaus,099,539301,16964,16759,608,17367,354
2020-10-06,Sutter,101,95872,1751,1722,1,1723,12
2020-10-06,Tehama,103,63373,696,660,2,662,3
2020-10-06,Trinity,105,12862,52,25,6,31,0
2020-10-06,Tulare,107,460477,16951,16456,193,16649,280
2020-10-06,Tuolumne,109,53932,242,227,3,230,2
2020-10-06,Ventura,111,848112,13986,13242,263,13505,150
2020-10-06,Yolo,113,214977,2963,2899,6,2905,56
2020-10-06,Yuba,115,75493,1145,1114,5,1119,10
2020-10-05,Alameda,001,1643700,22191,21637,203,21840,383
2020-10-05,Alpine,003,1148,4,2,0,2,0
2020-10-05,Amador,005,37829,303,299,0,299,16
2020-10-05,Butte,007,227075,3031,2910,25,2935,46
2020-10-05,Calaveras,009,45235,314,259,0,259,11
2020-10-05,Colusa,011,21464,538,537,0,537,6
2020-10-05,Contra Costa,013,1133247,17775,17250,89,17339,216
2020-10-05,Del Norte,015,27424,161,142,0,142,2
2020-10-05,El Dorado,017,186661,1276,1202,2,1204,4
2020-10-05,Fresno,019,978130,31572,29136,391,29527,408
2020-10-05,Glenn,021,27897,625,603,0,603,3
2020-10-05,Humboldt,023,135768,521,506,1,507,6
2020-10-05,Imperial,025,180216,12146,11169,9,11178,327
2020-10-05,Inyo,027,18085,202,197,6,203,14
2020-10-05,Kern,029,883053,32689,31933,350,32283,404
2020-10-05,Kings,031,150075,8133,7932,47,7979,80
2020-10-05,Lake,033,64148,640,592,0,592,10
2020-10-05,Lassen,035,31185,754,743,2,745,0
2020-10-05,Los Angeles,037,10098052,279372,273200,2192,275392,6632
2020-10-05,Madera,039,155013,4755,4598,28,4626,50
2020-10-05,Marin,041,260295,6882,6751,18,6769,91
2020-10-05,Mariposa,043,17540,77,75,0,75,2
2020-10-05,Mendocino,045,87422,967,913,2,915,19
2020-10-05,Merced,047,269075,9130,9021,23,9044,143
2020-10-05,Modoc,049,8938,29,26,0,26,0
2020-10-05,Mono,051,14174,173,152,3,155,1
2020-10-05,Monterey,053,433212,10456,10187,43,10230,72
2020-10-05,Napa,055,140530,1821,1760,5,1765,11
2020-10-05,Nevada,057,99092,570,550,15,565,6
2020-10-05,Orange,059,3164182,57076,54103,1573,55676,1271
2020-10-05,Placer,061,380077,3818,3670,14,3684,46
2020-10-05,Plumas,063,18699,51,49,0,49,0
2020-10-05,Riverside,065,2383286,61996,60454,211,60665,1232
2020-10-05,Sacramento,067,1510023,23638,23207,22,23229,438
2020-10-05,San Benito,069,59416,1364,1356,0,1356,12
2020-10-05,San Bernardino,071,2135413,57482,55100,367,55467,1031
2020-10-05,San Diego,073,3302833,50601,48662,1145,49807,803
2020-10-05,San Francisco,075,870044,11637,11476,34,11510,110
2020-10-05,San Joaquin,077,732212,20796,20319,74,20393,476
2020-10-05,San Luis Obispo,079,281455,3927,3710,17,3727,32
2020-10-05,San Mateo,081,765935,10644,9896,9,9905,128
2020-10-05,Santa Barbara,083,443738,10173,9309,77,9386,116
2020-10-05,Santa Clara,085,1922200,23080,21861,39,21900,319
2020-10-05,Santa Cruz,087,273765,2583,2492,36,2528,9
2020-10-05,Shasta,089,179085,1613,1158,16,1174,18
2020-10-05,Sierra,091,2930,6,6,0,6,0
2020-10-05,Siskiyou,093,43540,168,153,10,163,0
2020-10-05,Solano,095,438530,6682,6475,41,6516,52
2020-10-05,Sonoma,097,501317,8337,7817,21,7838,130
2020-10-05,Stanislaus,099,539301,16929,16730,601,17331,351
2020-10-05,Sutter,101,95872,1743,1719,1,1720,12
2020-10-05,Tehama,103,63373,688,642,2,644,3
2020-10-05,Trinity,105,12862,51,22,6,28,0
2020-10-05,Tulare,107,460477,16893,16343,189,16532,278
2020-10-05,Tuolumne,109,53932,239,226,3,229,2
2020-10-05,Ventura,111,848112,13917,13224,243,13467,149
2020-10-05,Yolo,113,214977,2944,2889,6,2895,56
2020-10-05,Yuba,115,75493,1132,1108,5,1113,9
2020-10-04,Alameda,001,1643700,22095,21597,203,21800,383
2020-10-04,Alpine,003,1148,4,2,0,2,0
2020-10-04,Amador,005,37829,301,297,0,297,16
2020-10-04,Butte,007,227075,3017,2903,25,2928,46
2020-10-04,Calaveras,009,45235,314,259,0,259,11
2020-10-04,Colusa,011,21464,537,537,0,537,6
2020-10-04,Contra Costa,013,1133247,17710,17192,89,17281,214
2020-10-04,Del Norte,015,27424,157,142,0,142,2
2020-10-04,El Dorado,017,186661,1272,1196,2,1198,4
2020-10-04,Fresno,019,978130,31449,29065,391,29456,408
2020-10-04,Glenn,021,27897,623,601,0,601,3
2020-10-04,Humboldt,023,135768,520,506,1,507,6
2020-10-04,Imperial,025,180216,12106,11127,9,11136,327
2020-10-04,Inyo,027,18085,199,195,6,201,14
2020-10-04,Kern,029,883053,32615,31906,348,32254,404
2020-10-04,Kings,031,150075,8118,7919,47,7966,80
2020-10-04,Lake,033,64148,626,589,0,589,10
2020-10-04,Lassen,035,31185,754,743,2,745,0
2020-10-04,Los Angeles,037,10098052,277983,272822,2144,274966,6625
2020-10-04,Madera,039,155013,4739,4587,28,4615,50
2020-10-04,Marin,041,260295,6862,6741,18,6759,91
2020-10-04,Mariposa,043,17540,77,75,0,75,2
2020-10-04,Mendocino,045,87422,954,905,2,907,18
2020-10-04,Merced,047,269075,9105,9006,23,9029,140
2020-10-04,Modoc,049,8938,29,26,0,26,0
2020-10-04,Mono,051,14174,172,152,2,154,1
2020-10-04,Monterey,053,433212,10415,10141,42,10183,72
2020-10-04,Napa,055,140530,1809,1759,5,1764,11
2020-10-04,Nevada,057,99092,566,547,14,561,6
2020-10-04,Orange,059,3164182,56840,53966,1564,55530,1270
2020-10-04,Placer,061,380077,3797,3664,14,3678,46
2020-10-04,Plumas,063,18699,51,49,0,49,0
2020-10-04,Riverside,065,2383286,61710,60251,207,60458,1226
2020-10-04,Sacramento,067,1510023,23525,23162,22,23184,438
2020-10-04,San Benito,069,59416,1364,1355,0,1355,12
2020-10-04,San Bernardino,071,2135413,57036,55100,365,55465,1031
2020-10-04,San Diego,073,3302833,50234,48438,1120,49558,803
2020-10-04,San Francisco,075,870044,11605,11474,32,11506,110
2020-10-04,San Joaquin,077,732212,20719,20320,68,20388,476
2020-10-04,San Luis Obispo,079,281455,3902,3688,17,3705,31
2020-10-04,San Mateo,081,765935,10583,9858,9,9867,128
2020-10-04,Santa Barbara,083,443738,10147,9276,75,9351,116
2020-10-04,Santa Clara,085,1922200,22944,21780,39,21819,316
2020-10-04,Santa Cruz,087,273765,2567,2483,36,2519,9
2020-10-04,Shasta,089,179085,1515,1158,15,1173,18
2020-10-04,Sierra,091,2930,6,6,0,6,0
2020-10-04,Siskiyou,093,43540,168,153,10,163,0
2020-10-04,Solano,095,438530,6631,6445,41,6486,52
2020-10-04,Sonoma,097,501317,8249,7794,21,7815,129
2020-10-04,Stanislaus,099,539301,16879,16711,592,17303,351
2020-10-04,Sutter,101,95872,1739,1711,1,1712,11
2020-10-04,Tehama,103,63373,673,637,2,639,3
2020-10-04,Trinity,105,12862,50,21,6,27,0
2020-10-04,Tulare,107,460477,16818,16343,176,16519,278
2020-10-04,Tuolumne,109,53932,237,226,3,229,2
2020-10-04,Ventura,111,848112,13835,13197,226,13423,149
2020-10-04,Yolo,113,214977,2933,2875,6,2881,56
2020-10-04,Yuba,115,75493,1128,1103,5,1108,9
2020-10-03,Alameda,001,1643700,22049,21510,202,21712,386
2020-10-03,Alpine,003,1148,4,2,0,2,0
2020-10-03,Amador,005,37829,300,296,0,296,16
2020-10-03,Butte,007,227075,3011,2894,25,2919,46
2020-10-03,Calaveras,009,45235,314,259,0,259,11
2020-10-03,Colusa,011,21464,536,537,0,537,6
2020-10-03,Contra Costa,013,1133247,17660,17087,87,17174,213
2020-10-03,Del Norte,015,27424,153,142,0,142,2
2020-10-03,El Dorado,017,186661,1265,1188,2,1190,4
2020-10-03,Fresno,019,978130,31389,28975,390,29365,408
2020-10-03,Glenn,021,27897,621,601,0,601,3
2020-10-03,Humboldt,023,135768,519,504,1,505,6
2020-10-03,Imperial,025,180216,12083,11090,9,11099,327
2020-10-03,Inyo,027,18085,199,194,6,200,14
2020-10-03,Kern,029,883053,32564,31864,345,32209,403
2020-10-03,Kings,031,150075,8114,7887,47,7934,80
2020-10-03,Lake,033,64148,616,588,0,588,10
2020-10-03,Lassen,035,31185,754,743,2,745,0
2020-10-03,Los Angeles,037,10098052,277277,271869,2115,273984,6620
2020-10-03,Madera,039,155013,4722,4565,28,4593,50
2020-10-03,Marin,041,260295,6856,6728,18,6746,91
2020-10-03,Mariposa,043,17540,77,75,0,75,2
2020-10-03,Mendocino,045,87422,952,898,2,900,18
2020-10-03,Merced,047,269075,9092,8986,23,9009,139
2020-10-03,Modoc,049,8938,29,26,0,26,0
2020-10-03,Mono,051,14174,171,152,2,154,1
2020-10-03,Monterey,053,433212,10381,10092,39,10131,72
2020-10-03,Napa,055,140530,1805,1752,5,1757,11
2020-10-03,Nevada,057,99092,564,544,14,558,6
2020-10-03,Orange,059,3164182,56723,53573,1559,55132,1268
2020-10-03,Placer,061,380077,3786,3648,14,3662,47
2020-10-03,Plumas,063,18699,51,48,0,48,0
2020-10-03,Riverside,065,2383286,61556,59991,206,60197,1226
2020-10-03,Sacramento,067,1510023,23474,23076,22,23098,437
2020-10-03,San Benito,069,59416,1364,1351,0,1351,12
2020-10-03,San Bernardino,071,2135413,56863,55004,362,55366,1031
2020-10-03,San Diego,073,3302833,50003,48202,1103,49305,798
2020-10-03,San Francisco,075,870044,11580,11475,30,11505,110
2020-10-03,San Joaquin,077,732212,20693,20322,68,20390,476
2020-10-03,San Luis Obispo,079,281455,3878,3670,17,3687,31
2020-10-03,San Mateo,081,765935,10557,9822,8,9830,128
2020-10-03,Santa Barbara,083,443738,10134,9256,75,9331,116
2020-10-03,Santa Clara,085,1922200,22864,21672,39,21711,309
2020-10-03,Santa Cruz,087,273765,2559,2476,36,2512,9
2020-10-03,Shasta,089,179085,1487,1117,14,1131,18
2020-10-03,Sierra,091,2930,6,6,0,6,0
2020-10-03,Siskiyou,093,43540,168,152,10,162,0
2020-10-03,Solano,095,438530,6605,6419,41,6460,52
2020-10-03,Sonoma,097,501317,8206,7747,21,7768,129
2020-10-03,Stanislaus,099,539301,16846,16645,588,17233,351
2020-10-03,Sutter,101,95872,1735,1705,1,1706,11
2020-10-03,Tehama,103,63373,667,630,2,632,3
2020-10-03,Trinity,105,12862,50,15,6,21,0
2020-10-03,Tulare,107,460477,16775,16322,171,16493,278
2020-10-03,Tuolumne,109,53932,236,224,3,227,2
2020-10-03,Ventura,111,848112,13796,13150,222,13372,148
2020-10-03,Yolo,113,214977,2926,2863,6,2869,56
2020-10-03,Yuba,115,75493,1120,1097,5,1102,8
2020-10-02,Alameda,001,1643700,21994,21404,201,21605,382
2020-10-02,Alpine,003,1148,4,2,0,2,0
2020-10-02,Amador,005,37829,299,296,0,296,16
2020-10-02,Butte,007,227075,3001,2879,25,2904,46
2020-10-02,Calaveras,009,45235,313,259,0,259,11
2020-10-02,Colusa,011,21464,535,537,0,537,6
2020-10-02,Contra Costa,013,1133247,17617,17002,86,17088,213
2020-10-02,Del Norte,015,27424,152,141,0,141,2
2020-10-02,El Dorado,017,186661,1258,1168,2,1170,4
2020-10-02,Fresno,019,978130,31306,28855,390,29245,403
2020-10-02,Glenn,021,27897,616,594,0,594,3
2020-10-02,Humboldt,023,135768,518,503,1,504,6
2020-10-02,Imperial,025,180216,12061,11024,9,11033,327
2020-10-02,Inyo,027,18085,197,191,6,197,14
2020-10-02,Kern,029,883053,32512,31790,343,32133,399
2020-10-02,Kings,031,150075,8105,7716,47,7763,79
2020-10-02,Lake,033,64148,610,579,0,579,10
2020-10-02,Lassen,035,31185,754,742,2,744,0
2020-10-02,Los Angeles,037,10098052,276376,270935,2087,273022,6602
2020-10-02,Madera,039,155013,4713,4537,28,4565,49
2020-10-02,Marin,041,260295,6839,6717,18,6735,91
2020-10-02,Mariposa,043,17540,77,75,0,75,2
2020-10-02,Mendocino,045,87422,948,883,2,885,18
2020-10-02,Merced,047,269075,9082,8961,23,8984,139
2020-10-02,Modoc,049,8938,29,26,0,26,0
2020-10-02,Mono,051,14174,171,150,2,152,1
2020-10-02,Monterey,053,433212,10347,9997,39,10036,71
2020-10-02,Napa,055,140530,1799,1737,5,1742,11
2020-10-02,Nevada,057,99092,561,543,14,557,6
2020-10-02,Orange,059,3164182,56592,53299,1552,54851,1262
2020-10-02,Placer,061,380077,3766,3612,14,3626,46
2020-10-02,Plumas,063,18699,51,48,0,48,0
2020-10-02,Riverside,065,2383286,61335,59673,203,59876,1223
2020-10-02,Sacramento,067,1510023,23409,22818,22,22840,436
2020-10-02,San Benito,069,59416,1360,1347,0,1347,12
2020-10-02,San Bernardino,071,2135413,56676,54613,362,54975,1028
2020-10-02,San Diego,073,3302833,49750,47793,1088,48881,794
2020-10-02,San Francisco,075,870044,11557,11398,30,11428,110
2020-10-02,San Joaquin,077,732212,20659,20235,66,20301,474
2020-10-02,San Luis Obispo,079,281455,3855,3654,17,3671,31
2020-10-02,San Mateo,081,765935,10516,9745,8,9753,128
2020-10-02,Santa Barbara,083,443738,10112,9234,75,9309,116
2020-10-02,Santa Clara,085,1922200,22780,21545,39,21584,305
2020-10-02,Santa Cruz,087,273765,2542,2463,36,2499,9
2020-10-02,Shasta,089,179085,1452,1046,14,1060,18
2020-10-02,Sierra,091,2930,6,6,0,6,0
2020-10-02,Siskiyou,093,43540,168,151,10,161,0
2020-10-02,Solano,095,438530,6575,6385,41,6426,52
2020-10-02,Sonoma,097,501317,8149,7662,21,7683,125
2020-10-02,Stanislaus,099,539301,16805,16609,579,17188,349
2020-10-02,Sutter,101,95872,1734,1693,1,1694,11
2020-10-02,Tehama,103,63373,662,619,2,621,3
2020-10-02,Trinity,105,12862,50,15,6,21,0
2020-10-02,Tulare,107,460477,16735,16245,164,16409,278
2020-10-02,Tuolumne,109,53932,234,225,3,228,2
2020-10-02,Ventura,111,848112,13757,13120,218,13338,146
2020-10-02,Yolo,113,214977,2921,2845,6,2851,55
2020-10-02,Yuba,115,75493,1118,1090,5,1095,8
2020-10-01,Alameda,001,1643700,21933,21349,197,21546,383
2020-10-01,Alpine,003,1148,4,2,0,2,0
2020-10-01,Amador,005,37829,299,294,0,294,16
2020-10-01,Butte,007,227075,2993,2865,25,2890,45
2020-10-01,Calaveras,009,45235,313,257,0,257,11
2020-10-01,Colusa,011,21464,535,536,0,536,6
2020-10-01,Contra Costa,013,1133247,17555,16898,86,16984,211
2020-10-01,Del Norte,015,27424,147,140,0,140,2
2020-10-01,El Dorado,017,186661,1254,1162,1,1163,4
2020-10-01,Fresno,019,978130,31226,28796,388,29184,397
2020-10-01,Glenn,021,27897,612,593,0,593,3
2020-10-01,Humboldt,023,135768,518,499,1,500,6
2020-10-01,Imperial,025,180216,12018,10928,9,10937,325
2020-10-01,Inyo,027,18085,197,191,6,197,14
2020-10-01,Kern,029,883053,32449,31678,338,32016,399
2020-10-01,Kings,031,150075,8094,7688,44,7732,79
2020-10-01,Lake,033,64148,604,572,0,572,11
2020-10-01,Lassen,035,31185,751,742,2,744,0
2020-10-01,Los Angeles,037,10098052,275332,271513,2053,273566,6621
2020-10-01,Madera,039,155013,4690,4508,28,4536,48
2020-10-01,Marin,041,260295,6825,6710,18,6728,92
2020-10-01,Mariposa,043,17540,77,76,0,76,2
2020-10-01,Mendocino,045,87422,943,874,2,876,19
2020-10-01,Merced,047,269075,9054,8942,23,8965,138
2020-10-01,Modoc,049,8938,29,26,0,26,0
2020-10-01,Mono,051,14174,169,150,2,152,1
2020-10-01,Monterey,053,433212,10271,9958,39,9997,71
2020-10-01,Napa,055,140530,1791,1729,5,1734,11
2020-10-01,Nevada,057,99092,560,543,14,557,6
2020-10-01,Orange,059,3164182,56426,53088,1539,54627,1257
2020-10-01,Placer,061,380077,3739,3599,14,3613,45
2020-10-01,Plumas,063,18699,51,48,0,48,0
2020-10-01,Riverside,065,2383286,61083,59293,197,59490,1223
2020-10-01,Sacramento,067,1510023,23297,22714,21,22735,433
2020-10-01,San Benito,069,59416,1358,1346,0,1346,12
2020-10-01,San Bernardino,071,2135413,56382,54350,359,54709,1021
2020-10-01,San Diego,073,3302833,49468,47487,1068,48555,792
2020-10-01,San Francisco,075,870044,11526,11284,28,11312,110
2020-10-01,San Joaquin,077,732212,20611,20204,63,20267,471
2020-10-01,San Luis Obispo,079,281455,3828,3625,17,3642,31
2020-10-01,San Mateo,081,765935,10471,9681,8,9689,128
2020-10-01,Santa Barbara,083,443738,10070,9215,75,9290,118
2020-10-01,Santa Clara,085,1922200,22679,21398,39,21437,305
2020-10-01,Santa Cruz,087,273765,2527,2418,36,2454,10
2020-10-01,Shasta,089,179085,1401,991,14,1005,18
2020-10-01,Sierra,091,2930,6,6,0,6,0
2020-10-01,Siskiyou,093,43540,165,150,10,160,0
2020-10-01,Solano,095,438530,6537,6352,41,6393,52
2020-10-01,Sonoma,097,501317,8082,7569,21,7590,125
2020-10-01,Stanislaus,099,539301,16772,16555,573,17128,346
2020-10-01,Sutter,101,95872,1729,1684,1,1685,11
2020-10-01,Tehama,103,63373,652,606,2,608,3
2020-10-01,Trinity,105,12862,50,15,6,21,0
2020-10-01,Tulare,107,460477,16661,16182,161,16343,275
2020-10-01,Tuolumne,109,53932,234,223,3,226,2
2020-10-01,Ventura,111,848112,13705,13057,204,13261,146
2020-10-01,Yolo,113,214977,2903,2833,6,2839,55
2020-10-01,Yuba,115,75493,1114,1082,5,1087,8
2020-09-30,Alameda,001,1643700,21854,21271,193,21464,380
2020-09-30,Alpine,003,1148,4,2,0,2,0
2020-09-30,Amador,005,37829,299,294,0,294,16
2020-09-30,Butte,007,227075,2985,2858,25,2883,44
2020-09-30,Calaveras,009,45235,312,258,0,258,11
2020-09-30,Colusa,011,21464,534,534,0,534,6
2020-09-30,Contra Costa,013,1133247,17486,16819,86,16905,211
2020-09-30,Del Norte,015,27424,146,140,0,140,2
2020-09-30,El Dorado,017,186661,1242,1157,1,1158,4
2020-09-30,Fresno,019,978130,31135,28706,385,29091,395
2020-09-30,Glenn,021,27897,607,592,0,592,3
2020-09-30,Humboldt,023,135768,516,497,1,498,6
2020-09-30,Imperial,025,180216,11993,10868,9,10877,287
2020-09-30,Inyo,027,18085,196,189,6,195,14
2020-09-30,Kern,029,883053,32374,31601,337,31938,398
2020-09-30,Kings,031,150075,8065,7685,44,7729,79
2020-09-30,Lake,033,64148,598,567,0,567,10
2020-09-30,Lassen,035,31185,748,742,2,744,0
2020-09-30,Los Angeles,037,10098052,274093,270260,2020,272280,6568
2020-09-30,Madera,039,155013,4681,4477,28,4505,47
2020-09-30,Marin,041,260295,6801,6700,17,6717,91
2020-09-30,Mariposa,043,17540,77,76,0,76,2
2020-09-30,Mendocino,045,87422,937,867,2,869,17
2020-09-30,Merced,047,269075,9034,8926,23,8949,136
2020-09-30,Modoc,049,8938,29,26,0,26,0
2020-09-30,Mono,051,14174,169,150,2,152,1
2020-09-30,Monterey,053,433212,10221,9898,38,9936,70
2020-09-30,Napa,055,140530,1777,1728,5,1733,11
2020-09-30,Nevada,057,99092,558,540,14,554,6
2020-09-30,Orange,059,3164182,56234,52916,1523,54439,1251
2020-09-30,Placer,061,380077,3718,3585,14,3599,43
2020-09-30,Plumas,063,18699,51,48,0,48,0
2020-09-30,Riverside,065,2383286,60728,59074,193,59267,1220
2020-09-30,Sacramento,067,1510023,23193,22613,21,22634,429
2020-09-30,San Benito,069,59416,1355,1342,0,1342,12
2020-09-30,San Bernardino,071,2135413,56104,53988,357,54345,1018
2020-09-30,San Diego,073,3302833,49164,47182,1047,48229,783
2020-09-30,San Francisco,075,870044,11496,11247,28,11275,106
2020-09-30,San Joaquin,077,732212,20528,20150,61,20211,461
2020-09-30,San Luis Obispo,079,281455,3803,3597,17,3614,31
2020-09-30,San Mateo,081,765935,10429,9634,8,9642,128
2020-09-30,Santa Barbara,083,443738,10045,9186,75,9261,115
2020-09-30,Santa Clara,085,1922200,22574,21318,39,21357,302
2020-09-30,Santa Cruz,087,273765,2514,2405,36,2441,10
2020-09-30,Shasta,089,179085,1345,976,13,989,17
2020-09-30,Sierra,091,2930,6,6,0,6,0
2020-09-30,Siskiyou,093,43540,163,150,10,160,0
2020-09-30,Solano,095,438530,6495,6315,41,6356,51
2020-09-30,Sonoma,097,501317,7993,7494,21,7515,125
2020-09-30,Stanislaus,099,539301,16725,16531,567,17098,343
2020-09-30,Sutter,101,95872,1713,1680,1,1681,10
2020-09-30,Tehama,103,63373,646,594,2,596,3
2020-09-30,Trinity,105,12862,47,15,6,21,0
2020-09-30,Tulare,107,460477,16595,16117,154,16271,274
2020-09-30,Tuolumne,109,53932,232,224,3,227,2
2020-09-30,Ventura,111,848112,13670,12968,188,13156,145
2020-09-30,Yolo,113,214977,2890,2822,6,2828,55
2020-09-30,Yuba,115,75493,1111,1075,5,1080,8
2020-09-29,Alameda,001,1643700,21777,21241,189,21430,374
2020-09-29,Alpine,003,1148,4,2,0,2,0
2020-09-29,Amador,005,37829,297,294,0,294,16
2020-09-29,Butte,007,227075,2971,2848,25,2873,44
2020-09-29,Calaveras,009,45235,310,261,0,261,11
2020-09-29,Colusa,011,21464,534,534,0,534,6
2020-09-29,Contra Costa,013,1133247,17431,16716,84,16800,209
2020-09-29,Del Norte,015,27424,142,142,0,142,2
2020-09-29,El Dorado,017,186661,1233,1151,1,1152,4
2020-09-29,Fresno,019,978130,31040,28621,384,29005,394
2020-09-29,Glenn,021,27897,603,589,0,589,3
2020-09-29,Humboldt,023,135768,514,497,1,498,6
2020-09-29,Imperial,025,180216,11959,10811,9,10820,283
2020-09-29,Inyo,027,18085,195,188,6,194,14
2020-09-29,Kern,029,883053,32319,31534,336,31870,397
2020-09-29,Kings,031,150075,8009,7681,44,7725,78
2020-09-29,Lake,033,64148,596,566,0,566,11
2020-09-29,Lassen,035,31185,748,741,2,743,0
2020-09-29,Los Angeles,037,10098052,272873,269246,1991,271237,6545
2020-09-29,Madera,039,155013,4657,4453,28,4481,47
2020-09-29,Marin,041,260295,6780,6692,17,6709,91
2020-09-29,Mariposa,043,17540,77,74,0,74,2
2020-09-29,Mendocino,045,87422,927,854,2,856,17
2020-09-29,Merced,047,269075,9021,8892,21,8913,136
2020-09-29,Modoc,049,8938,29,26,0,26,0
2020-09-29,Mono,051,14174,169,149,2,151,1
2020-09-29,Monterey,053,433212,10166,9826,36,9862,70
2020-09-29,Napa,055,140530,1774,1727,5,1732,11
2020-09-29,Nevada,057,99092,553,539,14,553,6
2020-09-29,Orange,059,3164182,56047,52755,1512,54267,1231
2020-09-29,Placer,061,380077,3696,3570,14,3584,42
2020-09-29,Plumas,063,18699,51,48,0,48,0
2020-09-29,Riverside,065,2383286,60400,58863,184,59047,1208
2020-09-29,Sacramento,067,1510023,23072,22547,21,22568,425
2020-09-29,San Benito,069,59416,1350,1341,0,1341,12
2020-09-29,San Bernardino,071,2135413,55795,53753,356,54109,1012
2020-09-29,San Diego,073,3302833,48887,46987,1024,48011,781
2020-09-29,San Francisco,075,870044,11460,11142,28,11170,104
2020-09-29,San Joaquin,077,732212,20462,20094,59,20153,454
2020-09-29,San Luis Obispo,079,281455,3783,3581,17,3598,31
2020-09-29,San Mateo,081,765935,10382,9619,8,9627,127
2020-09-29,Santa Barbara,083,443738,10025,9149,74,9223,114
2020-09-29,Santa Clara,085,1922200,22439,21233,38,21271,302
2020-09-29,Santa Cruz,087,273765,2499,2383,35,2418,10
2020-09-29,Shasta,089,179085,1284,943,13,956,17
2020-09-29,Sierra,091,2930,6,6,0,6,0
2020-09-29,Siskiyou,093,43540,157,150,10,160,0
2020-09-29,Solano,095,438530,6461,6303,41,6344,51
2020-09-29,Sonoma,097,501317,7921,7426,21,7447,125
2020-09-29,Stanislaus,099,539301,16695,16505,561,17066,341
2020-09-29,Sutter,101,95872,1707,1677,1,1678,10
2020-09-29,Tehama,103,63373,628,585,2,587,2
2020-09-29,Trinity,105,12862,45,16,6,22,0
2020-09-29,Tulare,107,460477,16531,16055,146,16201,270
2020-09-29,Tuolumne,109,53932,232,224,3,227,2
2020-09-29,Ventura,111,848112,13613,12875,185,13060,145
2020-09-29,Yolo,113,214977,2877,2818,6,2824,55
2020-09-29,Yuba,115,75493,1109,1071,5,1076,8
2020-09-28,Alameda,001,1643700,21690,21133,189,21322,370
2020-09-28,Alpine,003,1148,4,2,0,2,0
2020-09-28,Amador,005,37829,295,294,0,294,16
2020-09-28,Butte,007,227075,2956,2837,25,2862,44
2020-09-28,Calaveras,009,45235,310,257,0,257,11
2020-09-28,Colusa,011,21464,533,531,0,531,6
2020-09-28,Contra Costa,013,1133247,17366,16653,84,16737,195
2020-09-28,Del Norte,015,27424,142,138,0,138,2
2020-09-28,El Dorado,017,186661,1226,1144,1,1145,4
2020-09-28,Fresno,019,978130,30958,28517,376,28893,389
2020-09-28,Glenn,021,27897,601,585,0,585,3
2020-09-28,Humboldt,023,135768,508,495,1,496,6
2020-09-28,Imperial,025,180216,11924,10777,9,10786,283
2020-09-28,Inyo,027,18085,194,188,6,194,14
2020-09-28,Kern,029,883053,32254,31481,332,31813,395
2020-09-28,Kings,031,150075,7868,7661,42,7703,78
2020-09-28,Lake,033,64148,592,559,0,559,10
2020-09-28,Lassen,035,31185,747,737,2,739,0
2020-09-28,Los Angeles,037,10098052,271759,268404,1960,270364,6508
2020-09-28,Madera,039,155013,4636,4438,28,4466,47
2020-09-28,Marin,041,260295,6764,6676,17,6693,91
2020-09-28,Mariposa,043,17540,77,74,0,74,2
2020-09-28,Mendocino,045,87422,912,850,2,852,17
2020-09-28,Merced,047,269075,8993,8869,21,8890,136
2020-09-28,Modoc,049,8938,29,26,0,26,0
2020-09-28,Mono,051,14174,169,148,2,150,1
2020-09-28,Monterey,053,433212,10102,9780,34,9814,69
2020-09-28,Napa,055,140530,1762,1705,5,1710,11
2020-09-28,Nevada,057,99092,545,538,14,552,6
2020-09-28,Orange,059,3164182,55842,52633,1503,54136,1196
2020-09-28,Placer,061,380077,3675,3572,14,3586,42
2020-09-28,Plumas,063,18699,50,48,0,48,0
2020-09-28,Riverside,065,2383286,60102,58570,175,58745,1198
2020-09-28,Sacramento,067,1510023,22925,22392,21,22413,423
2020-09-28,San Benito,069,59416,1347,1336,0,1336,11
2020-09-28,San Bernardino,071,2135413,55448,53501,356,53857,988
2020-09-28,San Diego,073,3302833,48569,46736,1004,47740,776
2020-09-28,San Francisco,075,870044,11426,11114,28,11142,100
2020-09-28,San Joaquin,077,732212,20413,19982,58,20040,448
2020-09-28,San Luis Obispo,079,281455,3762,3567,17,3584,31
2020-09-28,San Mateo,081,765935,10331,9582,8,9590,127
2020-09-28,Santa Barbara,083,443738,10007,9121,74,9195,114
2020-09-28,Santa Clara,085,1922200,22322,21180,38,21218,271
2020-09-28,Santa Cruz,087,273765,2489,2359,35,2394,9
2020-09-28,Shasta,089,179085,1230,883,10,893,17
2020-09-28,Sierra,091,2930,6,6,0,6,0
2020-09-28,Siskiyou,093,43540,157,149,10,159,0
2020-09-28,Solano,095,438530,6425,6254,41,6295,51
2020-09-28,Sonoma,097,501317,7845,7369,21,7390,125
2020-09-28,Stanislaus,099,539301,16655,16467,554,17021,336
2020-09-28,Sutter,101,95872,1700,1676,1,1677,10
2020-09-28,Tehama,103,63373,620,579,2,581,2
2020-09-28,Trinity,105,12862,45,16,6,22,0
2020-09-28,Tulare,107,460477,16478,15918,140,16058,270
2020-09-28,Tuolumne,109,53932,232,225,3,228,2
2020-09-28,Ventura,111,848112,13535,12812,178,12990,139
2020-09-28,Yolo,113,214977,2860,2809,6,2815,55
2020-09-28,Yuba,115,75493,1106,1062,5,1067,7
2020-09-27,Alameda,001,1643700,21610,21077,184,21261,370
2020-09-27,Alpine,003,1148,4,2,0,2,0
2020-09-27,Amador,005,37829,295,291,0,291,16
2020-09-27,Butte,007,227075,2944,2833,25,2858,44
2020-09-27,Calaveras,009,45235,309,257,0,257,11
2020-09-27,Colusa,011,21464,532,531,0,531,6
2020-09-27,Contra Costa,013,1133247,17264,16596,83,16679,195
2020-09-27,Del Norte,015,27424,142,138,0,138,2
2020-09-27,El Dorado,017,186661,1211,1130,1,1131,4
2020-09-27,Fresno,019,978130,30852,28441,375,28816,389
2020-09-27,Glenn,021,27897,597,576,0,576,3
2020-09-27,Humboldt,023,135768,506,492,1,493,6
2020-09-27,Imperial,025,180216,11890,10743,9,10752,283
2020-09-27,Inyo,027,18085,192,188,6,194,14
2020-09-27,Kern,029,883053,32135,31462,329,31791,395
2020-09-27,Kings,031,150075,7848,7641,42,7683,78
2020-09-27,Lake,033,64148,588,555,0,555,10
2020-09-27,Lassen,035,31185,747,737,2,739,0
2020-09-27,Los Angeles,037,10098052,270584,267754,1938,269692,6507
2020-09-27,Madera,039,155013,4607,4416,28,4444,47
2020-09-27,Marin,041,260295,6754,6663,17,6680,91
2020-09-27,Mariposa,043,17540,77,74,0,74,2
2020-09-27,Mendocino,045,87422,906,846,2,848,17
2020-09-27,Merced,047,269075,8959,8853,21,8874,136
2020-09-27,Modoc,049,8938,29,26,0,26,0
2020-09-27,Mono,051,14174,169,148,2,150,1
2020-09-27,Monterey,053,433212,10042,9724,33,9757,69
2020-09-27,Napa,055,140530,1757,1690,5,1695,11
2020-09-27,Nevada,057,99092,544,537,14,551,6
2020-09-27,Orange,059,3164182,55568,52458,1494,53952,1195
2020-09-27,Placer,061,380077,3662,3562,14,3576,42
2020-09-27,Plumas,063,18699,50,48,0,48,0
2020-09-27,Riverside,065,2383286,59806,58509,167,58676,1191
2020-09-27,Sacramento,067,1510023,22827,22356,21,22377,422
2020-09-27,San Benito,069,59416,1347,1331,0,1331,11
2020-09-27,San Bernardino,071,2135413,55012,53127,356,53483,988
2020-09-27,San Diego,073,3302833,48225,46612,987,47599,776
2020-09-27,San Francisco,075,870044,11374,11114,28,11142,100
2020-09-27,San Joaquin,077,732212,20353,19981,58,20039,448
2020-09-27,San Luis Obispo,079,281455,3741,3562,17,3579,31
2020-09-27,San Mateo,081,765935,10263,9566,8,9574,127
2020-09-27,Santa Barbara,083,443738,9986,9090,73,9163,114
2020-09-27,Santa Clara,085,1922200,22213,21091,38,21129,271
2020-09-27,Santa Cruz,087,273765,2467,2359,35,2394,9
2020-09-27,Shasta,089,179085,1187,883,9,892,17
2020-09-27,Sierra,091,2930,6,6,0,6,0
2020-09-27,Siskiyou,093,43540,156,149,10,159,0
2020-09-27,Solano,095,438530,6390,6211,41,6252,51
2020-09-27,Sonoma,097,501317,7764,7336,21,7357,124
2020-09-27,Stanislaus,099,539301,16605,16448,547,16995,336
2020-09-27,Sutter,101,95872,1693,1672,1,1673,10
2020-09-27,Tehama,103,63373,603,573,2,575,2
2020-09-27,Trinity,105,12862,45,16,6,22,0
2020-09-27,Tulare,107,460477,16401,15918,130,16048,270
2020-09-27,Tuolumne,109,53932,231,224,3,227,2
2020-09-27,Ventura,111,848112,13446,12775,169,12944,139
2020-09-27,Yolo,113,214977,2846,2796,6,2802,55
2020-09-27,Yuba,115,75493,1096,1059,5,1064,7
2020-09-26,Alameda,001,1643700,21552,21019,183,21202,370
2020-09-26,Alpine,003,1148,4,2,0,2,0
2020-09-26,Amador,005,37829,294,291,0,291,16
2020-09-26,Butte,007,227075,2936,2827,25,2852,44
2020-09-26,Calaveras,009,45235,309,257,0,257,11
2020-09-26,Colusa,011,21464,532,529,0,529,6
2020-09-26,Contra Costa,013,1133247,17222,16508,83,16591,194
2020-09-26,Del Norte,015,27424,142,138,0,138,2
2020-09-26,El Dorado,017,186661,1206,1127,1,1128,4
2020-09-26,Fresno,019,978130,30785,28336,375,28711,389
2020-09-26,Glenn,021,27897,597,576,0,576,3
2020-09-26,Humboldt,023,135768,506,491,1,492,6
2020-09-26,Imperial,025,180216,11873,10721,9,10730,283
2020-09-26,Inyo,027,18085,191,187,6,193,14
2020-09-26,Kern,029,883053,32084,31410,329,31739,394
2020-09-26,Kings,031,150075,7836,7537,42,7579,78
2020-09-26,Lake,033,64148,585,549,0,549,10
2020-09-26,Lassen,035,31185,747,737,2,739,0
2020-09-26,Los Angeles,037,10098052,269948,266931,1922,268853,6497
2020-09-26,Madera,039,155013,4591,4410,28,4438,47
2020-09-26,Marin,041,260295,6741,6641,17,6658,91
2020-09-26,Mariposa,043,17540,76,74,0,74,2
2020-09-26,Mendocino,045,87422,901,836,2,838,17
2020-09-26,Merced,047,269075,8947,8841,20,8861,136
2020-09-26,Modoc,049,8938,29,26,0,26,0
2020-09-26,Mono,051,14174,169,148,2,150,1
2020-09-26,Monterey,053,433212,10015,9651,33,9684,68
2020-09-26,Napa,055,140530,1755,1681,5,1686,11
2020-09-26,Nevada,057,99092,544,534,14,548,6
2020-09-26,Orange,059,3164182,55428,52203,1488,53691,1194
2020-09-26,Placer,061,380077,3649,3551,14,3565,42
2020-09-26,Plumas,063,18699,49,48,0,48,0
2020-09-26,Riverside,065,2383286,59671,58076,165,58241,1190
2020-09-26,Sacramento,067,1510023,22771,22269,21,22290,421
2020-09-26,San Benito,069,59416,1345,1325,0,1325,11
2020-09-26,San Bernardino,071,2135413,54878,53122,356,53478,988
2020-09-26,San Diego,073,3302833,48020,46333,973,47306,775
2020-09-26,San Francisco,075,870044,11346,11113,28,11141,100
2020-09-26,San Joaquin,077,732212,20318,19982,56,20038,449
2020-09-26,San Luis Obispo,079,281455,3724,3546,17,3563,31
2020-09-26,San Mateo,081,765935,10229,9509,8,9517,127
2020-09-26,Santa Barbara,083,443738,9975,9061,73,9134,114
2020-09-26,Santa Clara,085,1922200,22142,20967,37,21004,270
2020-09-26,Santa Cruz,087,273765,2459,2336,35,2371,9
2020-09-26,Shasta,089,179085,1137,856,8,864,17
2020-09-26,Sierra,091,2930,6,6,0,6,0
2020-09-26,Siskiyou,093,43540,155,149,10,159,0
2020-09-26,Solano,095,438530,6371,6209,41,6250,51
2020-09-26,Sonoma,097,501317,7739,7285,20,7305,124
2020-09-26,Stanislaus,099,539301,16580,16421,538,16959,336
2020-09-26,Sutter,101,95872,1688,1662,1,1663,10
2020-09-26,Tehama,103,63373,591,560,2,562,2
2020-09-26,Trinity,105,12862,43,16,6,22,0
2020-09-26,Tulare,107,460477,16376,15881,128,16009,270
2020-09-26,Tuolumne,109,53932,231,223,3,226,2
2020-09-26,Ventura,111,848112,13413,12729,168,12897,137
2020-09-26,Yolo,113,214977,2844,2789,6,2795,55
2020-09-26,Yuba,115,75493,1092,1056,5,1061,7
2020-09-25,Alameda,001,1643700,21498,20911,183,21094,367
2020-09-25,Alpine,003,1148,4,2,0,2,0
2020-09-25,Amador,005,37829,294,289,0,289,16
2020-09-25,Butte,007,227075,2931,2819,25,2844,43
2020-09-25,Calaveras,009,45235,309,257,0,257,11
2020-09-25,Colusa,011,21464,532,528,0,528,6
2020-09-25,Contra Costa,013,1133247,17163,16401,83,16484,194
2020-09-25,Del Norte,015,27424,142,138,0,138,2
2020-09-25,El Dorado,017,186661,1202,1104,1,1105,4
2020-09-25,Fresno,019,978130,30726,28199,374,28573,385
2020-09-25,Glenn,021,27897,595,570,0,570,3
2020-09-25,Humboldt,023,135768,505,489,1,490,5
2020-09-25,Imperial,025,180216,11855,10681,9,10690,283
2020-09-25,Inyo,027,18085,189,187,6,193,14
2020-09-25,Kern,029,883053,32031,31333,327,31660,393
2020-09-25,Kings,031,150075,7831,7450,42,7492,77
2020-09-25,Lake,033,64148,584,539,0,539,9
2020-09-25,Lassen,035,31185,747,737,2,739,0
2020-09-25,Los Angeles,037,10098052,269160,265713,1908,267621,6483
2020-09-25,Madera,039,155013,4572,4369,28,4397,48
2020-09-25,Marin,041,260295,6738,6622,17,6639,90
2020-09-25,Mariposa,043,17540,76,74,0,74,2
2020-09-25,Mendocino,045,87422,886,819,2,821,17
2020-09-25,Merced,047,269075,8931,8830,20,8850,135
2020-09-25,Modoc,049,8938,29,26,0,26,0
2020-09-25,Mono,051,14174,169,149,2,151,1
2020-09-25,Monterey,053,433212,9963,9581,33,9614,68
2020-09-25,Napa,055,140530,1753,1669,5,1674,11
2020-09-25,Nevada,057,99092,542,529,14,543,6
2020-09-25,Orange,059,3164182,55301,52031,1479,53510,1184
2020-09-25,Placer,061,380077,3638,3527,14,3541,41
2020-09-25,Plumas,063,18699,49,48,0,48,0
2020-09-25,Riverside,065,2383286,59495,57783,160,57943,1183
2020-09-25,Sacramento,067,1510023,22694,22132,21,22153,418
2020-09-25,San Benito,069,59416,1344,1318,0,1318,11
2020-09-25,San Bernardino,071,2135413,54724,52814,356,53170,987
2020-09-25,San Diego,073,3302833,47818,46003,957,46960,775
2020-09-25,San Francisco,075,870044,11312,11066,27,11093,100
2020-09-25,San Joaquin,077,732212,20266,19909,56,19965,449
2020-09-25,San Luis Obispo,079,281455,3712,3512,17,3529,31
2020-09-25,San Mateo,081,765935,10193,9447,8,9455,127
2020-09-25,Santa Barbara,083,443738,9951,9026,73,9099,114
2020-09-25,Santa Clara,085,1922200,22078,20812,36,20848,265
2020-09-25,Santa Cruz,087,273765,2447,2309,34,2343,9
2020-09-25,Shasta,089,179085,1103,806,8,814,16
2020-09-25,Sierra,091,2930,6,6,0,6,0
2020-09-25,Siskiyou,093,43540,155,149,10,159,0
2020-09-25,Solano,095,438530,6355,6179,41,6220,50
2020-09-25,Sonoma,097,501317,7699,7202,20,7222,124
2020-09-25,Stanislaus,099,539301,16562,16381,536,16917,326
2020-09-25,Sutter,101,95872,1685,1655,1,1656,10
2020-09-25,Tehama,103,63373,583,546,2,548,2
2020-09-25,Trinity,105,12862,43,15,6,21,0
2020-09-25,Tulare,107,460477,16336,15815,125,15940,267
2020-09-25,Tuolumne,109,53932,231,223,3,226,2
2020-09-25,Ventura,111,848112,13370,12664,165,12829,137
2020-09-25,Yolo,113,214977,2836,2784,6,2790,55
2020-09-25,Yuba,115,75493,1087,1049,5,1054,5
2020-09-24,Alameda,001,1643700,21423,20838,180,21018,364
2020-09-24,Alpine,003,1148,4,2,0,2,0
2020-09-24,Amador,005,37829,294,288,0,288,16
2020-09-24,Butte,007,227075,2920,2803,25,2828,43
2020-09-24,Calaveras,009,45235,309,258,0,258,11
2020-09-24,Colusa,011,21464,532,523,0,523,6
2020-09-24,Contra Costa,013,1133247,17081,16252,83,16335,192
2020-09-24,Del Norte,015,27424,138,137,0,137,2
2020-09-24,El Dorado,017,186661,1193,1093,1,1094,4
2020-09-24,Fresno,019,978130,30621,28106,370,28476,375
2020-09-24,Glenn,021,27897,591,567,0,567,3
2020-09-24,Humboldt,023,135768,502,482,1,483,5
2020-09-24,Imperial,025,180216,11831,10622,9,10631,283
2020-09-24,Inyo,027,18085,189,187,6,193,13
2020-09-24,Kern,029,883053,31968,31273,325,31598,388
2020-09-24,Kings,031,150075,7815,7428,42,7470,76
2020-09-24,Lake,033,64148,575,531,0,531,9
2020-09-24,Lassen,035,31185,746,737,2,739,0
2020-09-24,Los Angeles,037,10098052,268114,264374,1890,266264,6452
2020-09-24,Madera,039,155013,4553,4344,28,4372,48
2020-09-24,Marin,041,260295,6710,6588,17,6605,85
2020-09-24,Mariposa,043,17540,76,74,0,74,2
2020-09-24,Mendocino,045,87422,882,810,2,812,17
2020-09-24,Merced,047,269075,8902,8813,19,8832,135
2020-09-24,Modoc,049,8938,29,24,0,24,0
2020-09-24,Mono,051,14174,169,149,2,151,1
2020-09-24,Monterey,053,433212,9897,9544,30,9574,67
2020-09-24,Napa,055,140530,1741,1661,5,1666,11
2020-09-24,Nevada,057,99092,541,527,14,541,6
2020-09-24,Orange,059,3164182,55093,51749,1461,53210,1164
2020-09-24,Placer,061,380077,3623,3514,14,3528,41
2020-09-24,Plumas,063,18699,49,48,0,48,0
2020-09-24,Riverside,065,2383286,59226,57491,154,57645,1172
2020-09-24,Sacramento,067,1510023,22567,21985,20,22005,417
2020-09-24,San Benito,069,59416,1342,1308,0,1308,11
2020-09-24,San Bernardino,071,2135413,54388,52455,355,52810,988
2020-09-24,San Diego,073,3302833,47549,45598,942,46540,773
2020-09-24,San Francisco,075,870044,11265,10992,27,11019,99
2020-09-24,San Joaquin,077,732212,20229,19851,55,19906,444
2020-09-24,San Luis Obispo,079,281455,3696,3480,17,3497,31
2020-09-24,San Mateo,081,765935,10145,9376,8,9384,127
2020-09-24,Santa Barbara,083,443738,9900,8988,72,9060,114
2020-09-24,Santa Clara,085,1922200,21990,20689,36,20725,262
2020-09-24,Santa Cruz,087,273765,2427,2300,32,2332,9
2020-09-24,Shasta,089,179085,1066,773,5,778,14
2020-09-24,Sierra,091,2930,6,6,0,6,0
2020-09-24,Siskiyou,093,43540,155,149,10,159,0
2020-09-24,Solano,095,438530,6322,6137,41,6178,49
2020-09-24,Sonoma,097,501317,7618,7163,20,7183,122
2020-09-24,Stanislaus,099,539301,16525,16326,531,16857,326
2020-09-24,Sutter,101,95872,1682,1646,1,1647,10
2020-09-24,Tehama,103,63373,580,540,2,542,2
2020-09-24,Trinity,105,12862,43,15,6,21,0
2020-09-24,Tulare,107,460477,16271,15754,124,15878,267
2020-09-24,Tuolumne,109,53932,231,224,3,227,2
2020-09-24,Ventura,111,848112,13288,12617,164,12781,138
2020-09-24,Yolo,113,214977,2829,2776,6,2782,55
2020-09-24,Yuba,115,75493,1082,1042,5,1047,5
2020-09-23,Alameda,001,1643700,21355,20718,178,20896,361
2020-09-23,Alpine,003,1148,4,2,0,2,0
2020-09-23,Amador,005,37829,293,288,0,288,16
2020-09-23,Butte,007,227075,2912,2790,25,2815,43
2020-09-23,Calaveras,009,45235,308,258,0,258,11
2020-09-23,Colusa,011,21464,531,521,0,521,6
2020-09-23,Contra Costa,013,1133247,17017,16167,82,16249,192
2020-09-23,Del Norte,015,27424,136,137,0,137,2
2020-09-23,El Dorado,017,186661,1179,1088,1,1089,4
2020-09-23,Fresno,019,978130,30526,28019,368,28387,371
2020-09-23,Glenn,021,27897,584,561,0,561,3
2020-09-23,Humboldt,023,135768,498,477,1,478,5
2020-09-23,Imperial,025,180216,11805,10587,9,10596,284
2020-09-23,Inyo,027,18085,188,177,6,183,13
2020-09-23,Kern,029,883053,31924,31172,323,31495,387
2020-09-23,Kings,031,150075,7793,7406,42,7448,76
2020-09-23,Lake,033,64148,570,519,0,519,9
2020-09-23,Lassen,035,31185,746,736,2,738,0
2020-09-23,Los Angeles,037,10098052,267073,263318,1861,265179,6421
2020-09-23,Madera,039,155013,4538,4311,28,4339,48
2020-09-23,Marin,041,260295,6691,6567,17,6584,85
2020-09-23,Mariposa,043,17540,76,74,0,74,2
2020-09-23,Mendocino,045,87422,881,801,1,802,17
2020-09-23,Merced,047,269075,8881,8785,18,8803,134
2020-09-23,Modoc,049,8938,29,24,0,24,0
2020-09-23,Mono,051,14174,169,149,2,151,1
2020-09-23,Monterey,053,433212,9828,9452,29,9481,67
2020-09-23,Napa,055,140530,1732,1653,5,1658,11
2020-09-23,Nevada,057,99092,540,523,14,537,6
2020-09-23,Orange,059,3164182,54866,51658,1453,53111,1155
2020-09-23,Placer,061,380077,3611,3506,14,3520,41
2020-09-23,Plumas,063,18699,49,48,0,48,0
2020-09-23,Riverside,065,2383286,58922,57257,151,57408,1165
2020-09-23,Sacramento,067,1510023,22490,21821,20,21841,415
2020-09-23,San Benito,069,59416,1336,1305,0,1305,10
2020-09-23,San Bernardino,071,2135413,54093,52132,354,52486,973
2020-09-23,San Diego,073,3302833,47273,45427,923,46350,767
2020-09-23,San Francisco,075,870044,11216,10926,27,10953,95
2020-09-23,San Joaquin,077,732212,20176,19785,55,19840,439
2020-09-23,San Luis Obispo,079,281455,3678,3447,17,3464,31
2020-09-23,San Mateo,081,765935,10105,9351,8,9359,127
2020-09-23,Santa Barbara,083,443738,9872,8952,72,9024,112
2020-09-23,Santa Clara,085,1922200,21879,20575,33,20608,260
2020-09-23,Santa Cruz,087,273765,2408,2283,32,2315,9
2020-09-23,Shasta,089,179085,1027,756,4,760,14
2020-09-23,Sierra,091,2930,6,6,0,6,0
2020-09-23,Siskiyou,093,43540,155,149,10,159,0
2020-09-23,Solano,095,438530,6297,6123,41,6164,50
2020-09-23,Sonoma,097,501317,7542,7091,20,7111,122
2020-09-23,Stanislaus,099,539301,16495,16271,528,16799,317
2020-09-23,Sutter,101,95872,1678,1646,1,1647,10
2020-09-23,Tehama,103,63373,574,533,2,535,2
2020-09-23,Trinity,105,12862,42,15,6,21,0
2020-09-23,Tulare,107,460477,16206,15664,123,15787,266
2020-09-23,Tuolumne,109,53932,231,223,3,226,2
2020-09-23,Ventura,111,848112,13232,12591,161,12752,137
2020-09-23,Yolo,113,214977,2811,2766,6,2772,55
2020-09-23,Yuba,115,75493,1080,1038,5,1043,5
2020-09-22,Alameda,001,1643700,21275,20607,176,20783,355
2020-09-22,Alpine,003,1148,3,2,0,2,0
2020-09-22,Amador,005,37829,292,287,0,287,16
2020-09-22,Butte,007,227075,2907,2776,25,2801,43
2020-09-22,Calaveras,009,45235,308,258,0,258,11
2020-09-22,Colusa,011,21464,529,518,0,518,6
2020-09-22,Contra Costa,013,1133247,16927,16090,82,16172,190
2020-09-22,Del Norte,015,27424,136,137,0,137,2
2020-09-22,El Dorado,017,186661,1160,1076,1,1077,4
2020-09-22,Fresno,019,978130,30431,27944,365,28309,369
2020-09-22,Glenn,021,27897,581,560,0,560,3
2020-09-22,Humboldt,023,135768,497,476,1,477,5
2020-09-22,Imperial,025,180216,11776,10529,9,10538,284
2020-09-22,Inyo,027,18085,188,177,6,183,13
2020-09-22,Kern,029,883053,31856,31110,316,31426,383
2020-09-22,Kings,031,150075,7736,7395,41,7436,76
2020-09-22,Lake,033,64148,562,516,0,516,9
2020-09-22,Lassen,035,31185,745,736,2,738,0
2020-09-22,Los Angeles,037,10098052,265996,262117,1833,263950,6394
2020-09-22,Madera,039,155013,4522,4303,28,4331,47
2020-09-22,Marin,041,260295,6677,6561,17,6578,84
2020-09-22,Mariposa,043,17540,76,74,0,74,2
2020-09-22,Mendocino,045,87422,861,794,1,795,18
2020-09-22,Merced,047,269075,8851,8769,18,8787,132
2020-09-22,Modoc,049,8938,29,24,0,24,0
2020-09-22,Mono,051,14174,168,149,2,151,1
2020-09-22,Monterey,053,433212,9770,9393,29,9422,67
2020-09-22,Napa,055,140530,1715,1652,5,1657,11
2020-09-22,Nevada,057,99092,540,523,14,537,6
2020-09-22,Orange,059,3164182,54615,51528,1445,52973,1132
2020-09-22,Placer,061,380077,3599,3492,14,3506,40
2020-09-22,Plumas,063,18699,49,48,0,48,0
2020-09-22,Riverside,065,2383286,58435,57066,147,57213,1162
2020-09-22,Sacramento,067,1510023,22370,21745,20,21765,410
2020-09-22,San Benito,069,59416,1331,1305,0,1305,10
2020-09-22,San Bernardino,071,2135413,53820,51899,354,52253,971
2020-09-22,San Diego,073,3302833,46966,45149,904,46053,765
2020-09-22,San Francisco,075,870044,11172,10893,26,10919,95
2020-09-22,San Joaquin,077,732212,20129,19755,54,19809,426
2020-09-22,San Luis Obispo,079,281455,3661,3420,17,3437,31
2020-09-22,San Mateo,081,765935,10067,9291,8,9299,127
2020-09-22,Santa Barbara,083,443738,9842,8927,71,8998,111
2020-09-22,Santa Clara,085,1922200,21761,20514,33,20547,253
2020-09-22,Santa Cruz,087,273765,2385,2264,32,2296,8
2020-09-22,Shasta,089,179085,992,723,4,727,14
2020-09-22,Sierra,091,2930,6,6,0,6,0
2020-09-22,Siskiyou,093,43540,155,149,10,159,0
2020-09-22,Solano,095,438530,6266,6107,41,6148,48
2020-09-22,Sonoma,097,501317,7463,7068,19,7087,117
2020-09-22,Stanislaus,099,539301,16472,16231,521,16752,316
2020-09-22,Sutter,101,95872,1672,1638,1,1639,10
2020-09-22,Tehama,103,63373,566,529,2,531,2
2020-09-22,Trinity,105,12862,42,15,6,21,0
2020-09-22,Tulare,107,460477,16140,15616,119,15735,263
2020-09-22,Tuolumne,109,53932,230,224,3,227,1
2020-09-22,Ventura,111,848112,13180,12507,157,12664,136
2020-09-22,Yolo,113,214977,2804,2763,6,2769,54
2020-09-22,Yuba,115,75493,1071,1035,5,1040,5
2020-09-21,Alameda,001,1643700,21196,20501,175,20676,343
2020-09-21,Alpine,003,1148,3,2,0,2,0
2020-09-21,Amador,005,37829,290,286,0,286,16
2020-09-21,Butte,007,227075,2893,2769,25,2794,41
2020-09-21,Calaveras,009,45235,306,256,0,256,10
2020-09-21,Colusa,011,21464,528,517,0,517,6
2020-09-21,Contra Costa,013,1133247,16840,16008,82,16090,189
2020-09-21,Del Norte,015,27424,136,132,0,132,2
2020-09-21,El Dorado,017,186661,1151,1074,1,1075,4
2020-09-21,Fresno,019,978130,30329,27843,358,28201,362
2020-09-21,Glenn,021,27897,577,556,0,556,3
2020-09-21,Humboldt,023,135768,493,473,1,474,5
2020-09-21,Imperial,025,180216,11745,10521,9,10530,284
2020-09-21,Inyo,027,18085,187,177,6,183,12
2020-09-21,Kern,029,883053,31784,31031,314,31345,379
2020-09-21,Kings,031,150075,7623,7297,40,7337,76
2020-09-21,Lake,033,64148,557,508,0,508,8
2020-09-21,Lassen,035,31185,743,735,2,737,0
2020-09-21,Los Angeles,037,10098052,264910,261418,1788,263206,6360
2020-09-21,Madera,039,155013,4511,4275,27,4302,47
2020-09-21,Marin,041,260295,6666,6538,16,6554,84
2020-09-21,Mariposa,043,17540,75,74,0,74,2
2020-09-21,Mendocino,045,87422,846,778,0,778,18
2020-09-21,Merced,047,269075,8832,8749,16,8765,128
2020-09-21,Modoc,049,8938,29,22,0,22,0
2020-09-21,Mono,051,14174,168,147,2,149,1
2020-09-21,Monterey,053,433212,9706,9331,26,9357,66
2020-09-21,Napa,055,140530,1704,1641,5,1646,11
2020-09-21,Nevada,057,99092,538,515,14,529,6
2020-09-21,Orange,059,3164182,54394,51363,1438,52801,1110
2020-09-21,Placer,061,380077,3589,3473,14,3487,40
2020-09-21,Plumas,063,18699,49,47,0,47,0
2020-09-21,Riverside,065,2383286,58161,57001,140,57141,1153
2020-09-21,Sacramento,067,1510023,22188,21568,20,21588,404
2020-09-21,San Benito,069,59416,1329,1298,0,1298,10
2020-09-21,San Bernardino,071,2135413,53534,51654,353,52007,970
2020-09-21,San Diego,073,3302833,46682,44927,883,45810,760
2020-09-21,San Francisco,075,870044,11124,10743,26,10769,95
2020-09-21,San Joaquin,077,732212,20071,19579,54,19633,423
2020-09-21,San Luis Obispo,079,281455,3635,3406,17,3423,27
2020-09-21,San Mateo,081,765935,10015,9239,8,9247,127
2020-09-21,Santa Barbara,083,443738,9814,8911,71,8982,110
2020-09-21,Santa Clara,085,1922200,21660,20432,33,20465,252
2020-09-21,Santa Cruz,087,273765,2368,2257,30,2287,8
2020-09-21,Shasta,089,179085,942,696,4,700,14
2020-09-21,Sierra,091,2930,6,6,0,6,0
2020-09-21,Siskiyou,093,43540,155,146,10,156,0
2020-09-21,Solano,095,438530,6242,6019,41,6060,46
2020-09-21,Sonoma,097,501317,7387,7017,19,7036,117
2020-09-21,Stanislaus,099,539301,16442,16186,521,16707,310
2020-09-21,Sutter,101,95872,1665,1634,1,1635,10
2020-09-21,Tehama,103,63373,547,513,2,515,2
2020-09-21,Trinity,105,12862,42,15,6,21,0
2020-09-21,Tulare,107,460477,16066,15528,110,15638,260
2020-09-21,Tuolumne,109,53932,230,221,3,224,1
2020-09-21,Ventura,111,848112,13096,12477,151,12628,133
2020-09-21,Yolo,113,214977,2798,2752,6,2758,54
2020-09-21,Yuba,115,75493,1067,1033,5,1038,1
2020-09-20,Alameda,001,1643700,21096,20425,172,20597,343
2020-09-20,Alpine,003,1148,3,2,0,2,0
2020-09-20,Amador,005,37829,289,286,0,286,16
2020-09-20,Butte,007,227075,2881,2764,25,2789,39
2020-09-20,Calaveras,009,45235,302,256,0,256,10
2020-09-20,Colusa,011,21464,526,510,0,510,6
2020-09-20,Contra Costa,013,1133247,16706,15917,81,15998,189
2020-09-20,Del Norte,015,27424,134,132,0,132,2
2020-09-20,El Dorado,017,186661,1136,1073,1,1074,4
2020-09-20,Fresno,019,978130,30214,27769,352,28121,362
2020-09-20,Glenn,021,27897,573,550,0,550,3
2020-09-20,Humboldt,023,135768,493,472,1,473,5
2020-09-20,Imperial,025,180216,11718,10496,8,10504,284
2020-09-20,Inyo,027,18085,187,177,6,183,12
2020-09-20,Kern,029,883053,31701,30992,310,31302,379
2020-09-20,Kings,031,150075,7576,7159,39,7198,76
2020-09-20,Lake,033,64148,545,492,0,492,8
2020-09-20,Lassen,035,31185,743,735,2,737,0
2020-09-20,Los Angeles,037,10098052,263675,260770,1761,262531,6347
2020-09-20,Madera,039,155013,4491,4257,27,4284,47
2020-09-20,Marin,041,260295,6640,6533,16,6549,83
2020-09-20,Mariposa,043,17540,75,74,0,74,2
2020-09-20,Mendocino,045,87422,834,765,0,765,18
2020-09-20,Merced,047,269075,8805,8745,16,8761,128
2020-09-20,Modoc,049,8938,27,22,0,22,0
2020-09-20,Mono,051,14174,167,147,2,149,1
2020-09-20,Monterey,053,433212,9628,9312,26,9338,65
2020-09-20,Napa,055,140530,1695,1626,5,1631,11
2020-09-20,Nevada,057,99092,535,511,14,525,6
2020-09-20,Orange,059,3164182,54153,51233,1427,52660,1110
2020-09-20,Placer,061,380077,3574,3452,14,3466,40
2020-09-20,Plumas,063,18699,49,47,0,47,0
2020-09-20,Riverside,065,2383286,57960,56783,134,56917,1147
2020-09-20,Sacramento,067,1510023,22001,21394,19,21413,401
2020-09-20,San Benito,069,59416,1318,1291,0,1291,9
2020-09-20,San Bernardino,071,2135413,53213,51559,351,51910,970
2020-09-20,San Diego,073,3302833,46309,44579,854,45433,760
2020-09-20,San Francisco,075,870044,11070,10743,26,10769,95
2020-09-20,San Joaquin,077,732212,20006,19578,47,19625,423
2020-09-20,San Luis Obispo,079,281455,3607,3393,17,3410,27
2020-09-20,San Mateo,081,765935,9948,9198,8,9206,127
2020-09-20,Santa Barbara,083,443738,9779,8880,70,8950,110
2020-09-20,Santa Clara,085,1922200,21539,20330,32,20362,252
2020-09-20,Santa Cruz,087,273765,2348,2199,30,2229,8
2020-09-20,Shasta,089,179085,901,696,3,699,14
2020-09-20,Sierra,091,2930,6,6,0,6,0
2020-09-20,Siskiyou,093,43540,155,146,10,156,0
2020-09-20,Solano,095,438530,6198,6020,41,6061,46
2020-09-20,Sonoma,097,501317,7283,6954,19,6973,117
2020-09-20,Stanislaus,099,539301,16411,16159,514,16673,310
2020-09-20,Sutter,101,95872,1659,1624,1,1625,10
2020-09-20,Tehama,103,63373,534,509,2,511,2
2020-09-20,Trinity,105,12862,42,15,6,21,0
2020-09-20,Tulare,107,460477,15980,15528,104,15632,260
2020-09-20,Tuolumne,109,53932,230,221,3,224,1
2020-09-20,Ventura,111,848112,13030,12406,147,12553,133
2020-09-20,Yolo,113,214977,2790,2745,6,2751,54
2020-09-20,Yuba,115,75493,1060,1029,5,1034,1
2020-09-19,Alameda,001,1643700,21045,20349,169,20518,343
2020-09-19,Alpine,003,1148,3,2,0,2,0
2020-09-19,Amador,005,37829,289,285,0,285,16
2020-09-19,Butte,007,227075,2875,2748,25,2773,38
2020-09-19,Calaveras,009,45235,302,256,0,256,10
2020-09-19,Colusa,011,21464,526,507,0,507,6
2020-09-19,Contra Costa,013,1133247,16643,15783,81,15864,186
2020-09-19,Del Norte,015,27424,133,132,0,132,2
2020-09-19,El Dorado,017,186661,1130,1068,0,1068,4
2020-09-19,Fresno,019,978130,30141,27668,352,28020,362
2020-09-19,Glenn,021,27897,570,547,0,547,3
2020-09-19,Humboldt,023,135768,492,471,1,472,5
2020-09-19,Imperial,025,180216,11703,10496,8,10504,284
2020-09-19,Inyo,027,18085,187,177,6,183,12
2020-09-19,Kern,029,883053,31647,30886,307,31193,379
2020-09-19,Kings,031,150075,7570,7130,39,7169,76
2020-09-19,Lake,033,64148,545,465,0,465,8
2020-09-19,Lassen,035,31185,743,731,2,733,0
2020-09-19,Los Angeles,037,10098052,263051,259801,1746,261547,6325
2020-09-19,Madera,039,155013,4468,4237,27,4264,47
2020-09-19,Marin,041,260295,6633,6513,15,6528,81
2020-09-19,Mariposa,043,17540,75,74,0,74,2
2020-09-19,Mendocino,045,87422,831,750,0,750,18
2020-09-19,Merced,047,269075,8794,8717,15,8732,128
2020-09-19,Modoc,049,8938,27,22,0,22,0
2020-09-19,Mono,051,14174,167,147,2,149,1
2020-09-19,Monterey,053,433212,9586,9237,26,9263,65
2020-09-19,Napa,055,140530,1687,1614,5,1619,11
2020-09-19,Nevada,057,99092,533,505,14,519,6
2020-09-19,Orange,059,3164182,54024,50999,1420,52419,1105
2020-09-19,Placer,061,380077,3565,3412,14,3426,40
2020-09-19,Plumas,063,18699,49,47,0,47,0
2020-09-19,Riverside,065,2383286,57836,56562,133,56695,1147
2020-09-19,Sacramento,067,1510023,21947,21297,19,21316,396
2020-09-19,San Benito,069,59416,1314,1276,0,1276,9
2020-09-19,San Bernardino,071,2135413,53057,51353,348,51701,971
2020-09-19,San Diego,073,3302833,46081,44295,831,45126,773
2020-09-19,San Francisco,075,870044,11037,10741,26,10767,95
2020-09-19,San Joaquin,077,732212,19969,19580,47,19627,424
2020-09-19,San Luis Obispo,079,281455,3586,3369,17,3386,27
2020-09-19,San Mateo,081,765935,9917,9158,8,9166,127
2020-09-19,Santa Barbara,083,443738,9758,8862,70,8932,106
2020-09-19,Santa Clara,085,1922200,21450,20170,32,20202,251
2020-09-19,Santa Cruz,087,273765,2334,2198,29,2227,8
2020-09-19,Shasta,089,179085,874,687,3,690,14
2020-09-19,Sierra,091,2930,6,6,0,6,0
2020-09-19,Siskiyou,093,43540,155,146,10,156,0
2020-09-19,Solano,095,438530,6182,5998,41,6039,46
2020-09-19,Sonoma,097,501317,7250,6905,19,6924,117
2020-09-19,Stanislaus,099,539301,16371,16109,507,16616,313
2020-09-19,Sutter,101,95872,1658,1602,1,1603,10
2020-09-19,Tehama,103,63373,529,498,2,500,2
2020-09-19,Trinity,105,12862,42,15,6,21,0
2020-09-19,Tulare,107,460477,15931,15485,101,15586,260
2020-09-19,Tuolumne,109,53932,230,217,3,220,1
2020-09-19,Ventura,111,848112,12998,12328,147,12475,133
2020-09-19,Yolo,113,214977,2782,2739,6,2745,54
2020-09-19,Yuba,115,75493,1053,1023,5,1028,1
2020-09-18,Alameda,001,1643700,20980,20222,163,20385,341
2020-09-18,Alpine,003,1148,3,2,0,2,0
2020-09-18,Amador,005,37829,289,285,0,285,16
2020-09-18,Butte,007,227075,2873,2738,25,2763,37
2020-09-18,Calaveras,009,45235,302,255,0,255,9
2020-09-18,Colusa,011,21464,526,504,0,504,6
2020-09-18,Contra Costa,013,1133247,16558,15667,81,15748,185
2020-09-18,Del Norte,015,27424,133,131,0,131,2
2020-09-18,El Dorado,017,186661,1117,1063,0,1063,4
2020-09-18,Fresno,019,978130,30076,27560,352,27912,359
2020-09-18,Glenn,021,27897,567,541,0,541,3
2020-09-18,Humboldt,023,135768,489,470,1,471,5
2020-09-18,Imperial,025,180216,11688,10460,8,10468,283
2020-09-18,Inyo,027,18085,187,177,6,183,12
2020-09-18,Kern,029,883053,31589,30742,304,31046,373
2020-09-18,Kings,031,150075,7560,7062,39,7101,74
2020-09-18,Lake,033,64148,539,458,0,458,8
2020-09-18,Lassen,035,31185,742,731,2,733,0
2020-09-18,Los Angeles,037,10098052,262276,258488,1727,260215,6324
2020-09-18,Madera,039,155013,4456,4211,27,4238,45
2020-09-18,Marin,041,260295,6618,6475,15,6490,81
2020-09-18,Mariposa,043,17540,75,74,0,74,2
2020-09-18,Mendocino,045,87422,823,739,0,739,18
2020-09-18,Merced,047,269075,8782,8691,14,8705,127
2020-09-18,Modoc,049,8938,27,22,0,22,0
2020-09-18,Mono,051,14174,165,147,2,149,1
2020-09-18,Monterey,053,433212,9544,9183,26,9209,64
2020-09-18,Napa,055,140530,1681,1604,5,1609,11
2020-09-18,Nevada,057,99092,530,504,14,518,6
2020-09-18,Orange,059,3164182,53877,50733,1408,52141,1107
2020-09-18,Placer,061,380077,3554,3389,14,3403,40
2020-09-18,Plumas,063,18699,49,45,0,45,0
2020-09-18,Riverside,065,2383286,57716,56248,129,56377,1143
2020-09-18,Sacramento,067,1510023,21864,21105,19,21124,391
2020-09-18,San Benito,069,59416,1306,1257,0,1257,8
2020-09-18,San Bernardino,071,2135413,52913,51106,345,51451,970
2020-09-18,San Diego,073,3302833,45831,44009,826,44835,757
2020-09-18,San Francisco,075,870044,10999,10644,25,10669,95
2020-09-18,San Joaquin,077,732212,19925,19531,46,19577,423
2020-09-18,San Luis Obispo,079,281455,3562,3328,17,3345,27
2020-09-18,San Mateo,081,765935,9877,9062,8,9070,127
2020-09-18,Santa Barbara,083,443738,9736,8824,70,8894,107
2020-09-18,Santa Clara,085,1922200,21352,20058,32,20090,252
2020-09-18,Santa Cruz,087,273765,2313,2180,28,2208,8
2020-09-18,Shasta,089,179085,839,668,3,671,14
2020-09-18,Sierra,091,2930,6,6,0,6,0
2020-09-18,Siskiyou,093,43540,154,146,10,156,0
2020-09-18,Solano,095,438530,6166,5961,41,6002,46
2020-09-18,Sonoma,097,501317,7202,6856,19,6875,114
2020-09-18,Stanislaus,099,539301,16343,16042,501,16543,277
2020-09-18,Sutter,101,95872,1650,1586,1,1587,10
2020-09-18,Tehama,103,63373,529,490,2,492,2
2020-09-18,Trinity,105,12862,42,15,5,20,0
2020-09-18,Tulare,107,460477,15898,15435,97,15532,259
2020-09-18,Tuolumne,109,53932,229,216,3,219,1
2020-09-18,Ventura,111,848112,12937,12236,143,12379,133
2020-09-18,Yolo,113,214977,2776,2732,6,2738,54
2020-09-18,Yuba,115,75493,1049,1020,5,1025,1
2020-09-17,Alameda,001,1643700,20881,20146,163,20309,339
2020-09-17,Alpine,003,1148,3,2,0,2,0
2020-09-17,Amador,005,37829,287,284,0,284,16
2020-09-17,Butte,007,227075,2855,2720,25,2745,38
2020-09-17,Calaveras,009,45235,302,254,0,254,9
2020-09-17,Colusa,011,21464,524,499,0,499,6
2020-09-17,Contra Costa,013,1133247,16468,15576,81,15657,184
2020-09-17,Del Norte,015,27424,133,131,0,131,2
2020-09-17,El Dorado,017,186661,1108,1057,0,1057,4
2020-09-17,Fresno,019,978130,29966,27487,347,27834,355
2020-09-17,Glenn,021,27897,566,541,0,541,3
2020-09-17,Humboldt,023,135768,483,466,1,467,5
2020-09-17,Imperial,025,180216,11671,10436,8,10444,281
2020-09-17,Inyo,027,18085,187,176,6,182,12
2020-09-17,Kern,029,883053,31528,30627,297,30924,372
2020-09-17,Kings,031,150075,7489,7015,39,7054,72
2020-09-17,Lake,033,64148,529,433,0,433,8
2020-09-17,Lassen,035,31185,740,731,2,733,0
2020-09-17,Los Angeles,037,10098052,261331,257246,1713,258959,6318
2020-09-17,Madera,039,155013,4422,4152,27,4179,45
2020-09-17,Marin,041,260295,6597,6457,15,6472,81
2020-09-17,Mariposa,043,17540,75,74,0,74,2
2020-09-17,Mendocino,045,87422,812,737,0,737,18
2020-09-17,Merced,047,269075,8763,8671,14,8685,119
2020-09-17,Modoc,049,8938,27,22,0,22,0
2020-09-17,Mono,051,14174,165,147,2,149,1
2020-09-17,Monterey,053,433212,9482,9113,25,9138,62
2020-09-17,Napa,055,140530,1670,1592,5,1597,11
2020-09-17,Nevada,057,99092,528,494,14,508,6
2020-09-17,Orange,059,3164182,53697,50537,1395,51932,1098
2020-09-17,Placer,061,380077,3533,3368,14,3382,40
2020-09-17,Plumas,063,18699,49,45,0,45,0
2020-09-17,Riverside,065,2383286,57490,56007,128,56135,1134
2020-09-17,Sacramento,067,1510023,21629,20895,19,20914,385
2020-09-17,San Benito,069,59416,1303,1252,0,1252,8
2020-09-17,San Bernardino,071,2135413,52712,50770,345,51115,904
2020-09-17,San Diego,073,3302833,45551,43621,814,44435,754
2020-09-17,San Francisco,075,870044,10904,10564,25,10589,95
2020-09-17,San Joaquin,077,732212,19866,19439,46,19485,416
2020-09-17,San Luis Obispo,079,281455,3534,3299,17,3316,27
2020-09-17,San Mateo,081,765935,9835,8984,8,8992,127
2020-09-17,Santa Barbara,083,443738,9712,8779,70,8849,107
2020-09-17,Santa Clara,085,1922200,21235,19825,32,19857,254
2020-09-17,Santa Cruz,087,273765,2297,2155,28,2183,7
2020-09-17,Shasta,089,179085,800,660,3,663,12
2020-09-17,Sierra,091,2930,6,6,0,6,0
2020-09-17,Siskiyou,093,43540,154,146,10,156,0
2020-09-17,Solano,095,438530,6143,5915,41,5956,44
2020-09-17,Sonoma,097,501317,7138,6754,19,6773,114
2020-09-17,Stanislaus,099,539301,16310,15984,497,16481,277
2020-09-17,Sutter,101,95872,1645,1572,1,1573,10
2020-09-17,Tehama,103,63373,515,487,2,489,2
2020-09-17,Trinity,105,12862,42,15,5,20,0
2020-09-17,Tulare,107,460477,15845,15344,95,15439,258
2020-09-17,Tuolumne,109,53932,228,214,3,217,1
2020-09-17,Ventura,111,848112,12851,12167,139,12306,130
2020-09-17,Yolo,113,214977,2767,2724,6,2730,53
2020-09-17,Yuba,115,75493,1045,1015,5,1020,1
2020-09-16,Alameda,001,1643700,20784,20009,161,20170,333
2020-09-16,Alpine,003,1148,3,2,0,2,0
2020-09-16,Amador,005,37829,287,284,0,284,16
2020-09-16,Butte,007,227075,2845,2704,25,2729,38
2020-09-16,Calaveras,009,45235,302,254,0,254,9
2020-09-16,Colusa,011,21464,522,497,0,497,6
2020-09-16,Contra Costa,013,1133247,16382,15473,81,15554,183
2020-09-16,Del Norte,015,27424,133,131,0,131,2
2020-09-16,El Dorado,017,186661,1100,1049,0,1049,4
2020-09-16,Fresno,019,978130,29860,27381,345,27726,343
2020-09-16,Glenn,021,27897,564,539,0,539,3
2020-09-16,Humboldt,023,135768,482,455,1,456,4
2020-09-16,Imperial,025,180216,11648,10401,8,10409,277
2020-09-16,Inyo,027,18085,186,176,6,182,12
2020-09-16,Kern,029,883053,31468,30570,296,30866,371
2020-09-16,Kings,031,150075,7464,7002,37,7039,71
2020-09-16,Lake,033,64148,518,417,0,417,6
2020-09-16,Lassen,035,31185,739,730,2,732,0
2020-09-16,Los Angeles,037,10098052,260333,256101,1695,257796,6299
2020-09-16,Madera,039,155013,4399,4138,27,4165,45
2020-09-16,Marin,041,260295,6569,6430,15,6445,77
2020-09-16,Mariposa,043,17540,75,74,0,74,2
2020-09-16,Mendocino,045,87422,803,727,0,727,18
2020-09-16,Merced,047,269075,8742,8646,14,8660,118
2020-09-16,Modoc,049,8938,27,22,0,22,0
2020-09-16,Mono,051,14174,165,147,2,149,1
2020-09-16,Monterey,053,433212,9428,8997,25,9022,62
2020-09-16,Napa,055,140530,1656,1587,5,1592,11
2020-09-16,Nevada,057,99092,523,495,13,508,6
2020-09-16,Orange,059,3164182,53497,50414,1386,51800,1096
2020-09-16,Placer,061,380077,3515,3351,14,3365,39
2020-09-16,Plumas,063,18699,49,45,0,45,0
2020-09-16,Riverside,065,2383286,57294,55811,120,55931,1127
2020-09-16,Sacramento,067,1510023,21534,20610,19,20629,377
2020-09-16,San Benito,069,59416,1295,1244,0,1244,8
2020-09-16,San Bernardino,071,2135413,52486,50509,344,50853,907
2020-09-16,San Diego,073,3302833,45259,43447,793,44240,748
2020-09-16,San Francisco,075,870044,10857,10502,25,10527,90
2020-09-16,San Joaquin,077,732212,19812,19377,45,19422,409
2020-09-16,San Luis Obispo,079,281455,3504,3285,17,3302,28
2020-09-16,San Mateo,081,765935,9770,8944,8,8952,127
2020-09-16,Santa Barbara,083,443738,9680,8764,70,8834,107
2020-09-16,Santa Clara,085,1922200,21116,19684,32,19716,253
2020-09-16,Santa Cruz,087,273765,2256,2089,27,2116,7
2020-09-16,Shasta,089,179085,774,635,3,638,11
2020-09-16,Sierra,091,2930,6,6,0,6,0
2020-09-16,Siskiyou,093,43540,153,145,10,155,0
2020-09-16,Solano,095,438530,6113,5899,41,5940,44
2020-09-16,Sonoma,097,501317,7077,6731,19,6750,104
2020-09-16,Stanislaus,099,539301,16262,15897,489,16386,263
2020-09-16,Sutter,101,95872,1632,1567,1,1568,10
2020-09-16,Tehama,103,63373,507,485,2,487,2
2020-09-16,Trinity,105,12862,42,15,5,20,0
2020-09-16,Tulare,107,460477,15802,15314,88,15402,258
2020-09-16,Tuolumne,109,53932,227,210,3,213,1
2020-09-16,Ventura,111,848112,12781,12073,137,12210,130
2020-09-16,Yolo,113,214977,2760,2709,6,2715,53
2020-09-16,Yuba,115,75493,1043,1000,5,1005,1
2020-09-15,Alameda,001,1643700,20677,19931,158,20089,327
2020-09-15,Alpine,003,1148,3,2,0,2,0
2020-09-15,Amador,005,37829,286,282,0,282,16
2020-09-15,Butte,007,227075,2832,2695,23,2718,38
2020-09-15,Calaveras,009,45235,302,248,0,248,5
2020-09-15,Colusa,011,21464,516,497,0,497,6
2020-09-15,Contra Costa,013,1133247,16279,15423,80,15503,180
2020-09-15,Del Norte,015,27424,133,129,0,129,2
2020-09-15,El Dorado,017,186661,1095,1046,0,1046,4
2020-09-15,Fresno,019,978130,29753,27312,340,27652,343
2020-09-15,Glenn,021,27897,563,531,0,531,3
2020-09-15,Humboldt,023,135768,480,456,1,457,4
2020-09-15,Imperial,025,180216,11623,10376,8,10384,277
2020-09-15,Inyo,027,18085,186,176,6,182,12
2020-09-15,Kern,029,883053,31355,30429,293,30722,368
2020-09-15,Kings,031,150075,7306,6977,37,7014,70
2020-09-15,Lake,033,64148,504,416,0,416,4
2020-09-15,Lassen,035,31185,735,719,2,721,0
2020-09-15,Los Angeles,037,10098052,259218,255048,1673,256721,6269
2020-09-15,Madera,039,155013,4380,4122,27,4149,45
2020-09-15,Marin,041,260295,6538,6423,15,6438,77
2020-09-15,Mariposa,043,17540,75,74,0,74,2
2020-09-15,Mendocino,045,87422,785,724,0,724,18
2020-09-15,Merced,047,269075,8712,8633,14,8647,114
2020-09-15,Modoc,049,8938,26,21,0,21,0
2020-09-15,Mono,051,14174,165,147,2,149,1
2020-09-15,Monterey,053,433212,9379,8943,25,8968,62
2020-09-15,Napa,055,140530,1642,1580,5,1585,11
2020-09-15,Nevada,057,99092,518,494,13,507,6
2020-09-15,Orange,059,3164182,53315,50294,1371,51665,1088
2020-09-15,Placer,061,380077,3491,3331,14,3345,38
2020-09-15,Plumas,063,18699,49,44,0,44,0
2020-09-15,Riverside,065,2383286,57000,55569,110,55679,1118
2020-09-15,Sacramento,067,1510023,21391,20487,19,20506,372
2020-09-15,San Benito,069,59416,1288,1237,0,1237,7
2020-09-15,San Bernardino,071,2135413,52270,50333,343,50676,904
2020-09-15,San Diego,073,3302833,44940,43183,773,43956,742
2020-09-15,San Francisco,075,870044,10799,10414,25,10439,90
2020-09-15,San Joaquin,077,732212,19760,19313,45,19358,401
2020-09-15,San Luis Obispo,079,281455,3484,3262,17,3279,28
2020-09-15,San Mateo,081,765935,9700,8895,8,8903,127
2020-09-15,Santa Barbara,083,443738,9655,8724,69,8793,104
2020-09-15,Santa Clara,085,1922200,20980,19610,32,19642,252
2020-09-15,Santa Cruz,087,273765,2230,2079,26,2105,7
2020-09-15,Shasta,089,179085,762,627,3,630,11
2020-09-15,Sierra,091,2930,6,6,0,6,0
2020-09-15,Siskiyou,093,43540,153,143,10,153,0
2020-09-15,Solano,095,438530,6079,5878,41,5919,45
2020-09-15,Sonoma,097,501317,7038,6701,19,6720,104
2020-09-15,Stanislaus,099,539301,16214,15880,487,16367,260
2020-09-15,Sutter,101,95872,1620,1556,1,1557,10
2020-09-15,Tehama,103,63373,495,484,2,486,2
2020-09-15,Trinity,105,12862,42,15,5,20,0
2020-09-15,Tulare,107,460477,15725,15203,86,15289,254
2020-09-15,Tuolumne,109,53932,227,209,3,212,1
2020-09-15,Ventura,111,848112,12729,11932,136,12068,128
2020-09-15,Yolo,113,214977,2756,2708,6,2714,53
2020-09-15,Yuba,115,75493,1037,991,4,995,1
2020-09-14,Alameda,001,1643700,20550,19851,157,20008,306
2020-09-14,Alpine,003,1148,3,2,0,2,0
2020-09-14,Amador,005,37829,284,281,0,281,16
2020-09-14,Butte,007,227075,2815,2642,23,2665,37
2020-09-14,Calaveras,009,45235,302,244,0,244,3
2020-09-14,Colusa,011,21464,515,486,0,486,6
2020-09-14,Contra Costa,013,1133247,16155,15354,79,15433,174
2020-09-14,Del Norte,015,27424,130,116,0,116,2
2020-09-14,El Dorado,017,186661,1091,1039,0,1039,3
2020-09-14,Fresno,019,978130,29667,27232,337,27569,344
2020-09-14,Glenn,021,27897,555,521,0,521,3
2020-09-14,Humboldt,023,135768,477,437,1,438,4
2020-09-14,Imperial,025,180216,11603,10340,8,10348,273
2020-09-14,Inyo,027,18085,186,176,6,182,12
2020-09-14,Kern,029,883053,31267,30344,291,30635,368
2020-09-14,Kings,031,150075,7224,6950,37,6987,70
2020-09-14,Lake,033,64148,484,407,0,407,4
2020-09-14,Lassen,035,31185,735,719,2,721,0
2020-09-14,Los Angeles,037,10098052,258185,254622,1647,256269,6226
2020-09-14,Madera,039,155013,4366,4104,27,4131,45
2020-09-14,Marin,041,260295,6517,6409,15,6424,70
2020-09-14,Mariposa,043,17540,75,74,0,74,2
2020-09-14,Mendocino,045,87422,768,710,0,710,17
2020-09-14,Merced,047,269075,8693,8593,14,8607,112
2020-09-14,Modoc,049,8938,26,21,0,21,0
2020-09-14,Mono,051,14174,165,147,2,149,1
2020-09-14,Monterey,053,433212,9308,8845,24,8869,61
2020-09-14,Napa,055,140530,1625,1576,5,1581,11
2020-09-14,Nevada,057,99092,513,489,13,502,6
2020-09-14,Orange,059,3164182,53155,50149,1354,51503,1079
2020-09-14,Placer,061,380077,3470,3302,14,3316,38
2020-09-14,Plumas,063,18699,48,42,0,42,0
2020-09-14,Riverside,065,2383286,56781,55488,105,55593,1113
2020-09-14,Sacramento,067,1510023,21196,20377,18,20395,367
2020-09-14,San Benito,069,59416,1273,1233,0,1233,7
2020-09-14,San Bernardino,071,2135413,52046,50163,342,50505,895
2020-09-14,San Diego,073,3302833,44629,42889,753,43642,734
2020-09-14,San Francisco,075,870044,10732,10255,23,10278,90
2020-09-14,San Joaquin,077,732212,19686,19111,44,19155,397
2020-09-14,San Luis Obispo,079,281455,3459,3248,17,3265,25
2020-09-14,San Mateo,081,765935,9638,8847,8,8855,127
2020-09-14,Santa Barbara,083,443738,9629,8692,69,8761,104
2020-09-14,Santa Clara,085,1922200,20791,19545,32,19577,247
2020-09-14,Santa Cruz,087,273765,2210,2016,23,2039,7
2020-09-14,Shasta,089,179085,739,584,3,587,10
2020-09-14,Sierra,091,2930,6,6,0,6,0
2020-09-14,Siskiyou,093,43540,152,143,10,153,0
2020-09-14,Solano,095,438530,6044,5834,41,5875,44
2020-09-14,Sonoma,097,501317,6975,6630,19,6649,102
2020-09-14,Stanislaus,099,539301,16169,15812,484,16296,253
2020-09-14,Sutter,101,95872,1609,1549,1,1550,10
2020-09-14,Tehama,103,63373,493,475,2,477,1
2020-09-14,Trinity,105,12862,41,14,5,19,0
2020-09-14,Tulare,107,460477,15655,15096,80,15176,254
2020-09-14,Tuolumne,109,53932,226,208,3,211,1
2020-09-14,Ventura,111,848112,12627,11903,133,12036,125
2020-09-14,Yolo,113,214977,2745,2687,6,2693,53
2020-09-14,Yuba,115,75493,1029,977,4,981,1
2020-09-13,Alameda,001,1643700,20444,19815,154,19969,306
2020-09-13,Alpine,003,1148,3,2,0,2,0
2020-09-13,Amador,005,37829,281,279,0,279,16
2020-09-13,Butte,007,227075,2793,2640,23,2663,37
2020-09-13,Calaveras,009,45235,301,246,0,246,3
2020-09-13,Colusa,011,21464,511,486,0,486,6
2020-09-13,Contra Costa,013,1133247,16048,15284,78,15362,172
2020-09-13,Del Norte,015,27424,127,116,0,116,1
2020-09-13,El Dorado,017,186661,1086,1035,0,1035,2
2020-09-13,Fresno,019,978130,29560,27196,328,27524,345
2020-09-13,Glenn,021,27897,551,517,0,517,3
2020-09-13,Humboldt,023,135768,477,434,1,435,4
2020-09-13,Imperial,025,180216,11566,10304,6,10310,273
2020-09-13,Inyo,027,18085,186,176,6,182,12
2020-09-13,Kern,029,883053,31174,30277,284,30561,368
2020-09-13,Kings,031,150075,7205,6937,37,6974,70
2020-09-13,Lake,033,64148,465,397,0,397,4
2020-09-13,Lassen,035,31185,732,719,2,721,0
2020-09-13,Los Angeles,037,10098052,257037,253950,1631,255581,6203
2020-09-13,Madera,039,155013,4309,4090,27,4117,45
2020-09-13,Marin,041,260295,6496,6395,15,6410,70
2020-09-13,Mariposa,043,17540,75,74,0,74,2
2020-09-13,Mendocino,045,87422,761,707,0,707,17
2020-09-13,Merced,047,269075,8659,8575,14,8589,112
2020-09-13,Modoc,049,8938,26,21,0,21,0
2020-09-13,Mono,051,14174,165,147,2,149,1
2020-09-13,Monterey,053,433212,9226,8826,23,8849,61
2020-09-13,Napa,055,140530,1618,1563,5,1568,11
2020-09-13,Nevada,057,99092,505,486,13,499,6
2020-09-13,Orange,059,3164182,52942,50061,1347,51408,1075
2020-09-13,Placer,061,380077,3440,3291,14,3305,38
2020-09-13,Plumas,063,18699,48,42,0,42,0
2020-09-13,Riverside,065,2383286,56572,55235,94,55329,1108
2020-09-13,Sacramento,067,1510023,20850,20279,18,20297,367
2020-09-13,San Benito,069,59416,1265,1217,0,1217,7
2020-09-13,San Bernardino,071,2135413,51761,49968,340,50308,895
2020-09-13,San Diego,073,3302833,44303,42681,719,43400,734
2020-09-13,San Francisco,075,870044,10654,10254,23,10277,90
2020-09-13,San Joaquin,077,732212,19614,19110,43,19153,396
2020-09-13,San Luis Obispo,079,281455,3423,3240,17,3257,24
2020-09-13,San Mateo,081,765935,9577,8811,8,8819,127
2020-09-13,Santa Barbara,083,443738,9592,8690,69,8759,104
2020-09-13,Santa Clara,085,1922200,20656,19456,31,19487,245
2020-09-13,Santa Cruz,087,273765,2177,2016,21,2037,7
2020-09-13,Shasta,089,179085,727,583,3,586,10
2020-09-13,Sierra,091,2930,6,6,0,6,0
2020-09-13,Siskiyou,093,43540,152,143,9,152,0
2020-09-13,Solano,095,438530,5998,5810,41,5851,43
2020-09-13,Sonoma,097,501317,6910,6592,19,6611,95
2020-09-13,Stanislaus,099,539301,16106,15759,472,16231,253
2020-09-13,Sutter,101,95872,1596,1539,1,1540,10
2020-09-13,Tehama,103,63373,489,476,2,478,1
2020-09-13,Trinity,105,12862,41,14,5,19,0
2020-09-13,Tulare,107,460477,15583,15098,79,15177,254
2020-09-13,Tuolumne,109,53932,223,208,3,211,1
2020-09-13,Ventura,111,848112,12519,11855,132,11987,123
2020-09-13,Yolo,113,214977,2733,2675,6,2681,53
2020-09-13,Yuba,115,75493,1024,967,4,971,1
2020-09-12,Alameda,001,1643700,20385,19758,154,19912,307
2020-09-12,Alpine,003,1148,3,2,0,2,0
2020-09-12,Amador,005,37829,280,278,0,278,16
2020-09-12,Butte,007,227075,2786,2629,22,2651,37
2020-09-12,Calaveras,009,45235,299,246,0,246,3
2020-09-12,Colusa,011,21464,507,486,0,486,6
2020-09-12,Contra Costa,013,1133247,15974,15135,77,15212,174
2020-09-12,Del Norte,015,27424,126,116,0,116,1
2020-09-12,El Dorado,017,186661,1079,1034,0,1034,2
2020-09-12,Fresno,019,978130,29489,27076,328,27404,345
2020-09-12,Glenn,021,27897,550,517,0,517,3
2020-09-12,Humboldt,023,135768,476,430,1,431,4
2020-09-12,Imperial,025,180216,11554,10305,6,10311,273
2020-09-12,Inyo,027,18085,186,177,6,183,12
2020-09-12,Kern,029,883053,31108,30202,284,30486,368
2020-09-12,Kings,031,150075,7195,6895,37,6932,70
2020-09-12,Lake,033,64148,459,393,0,393,4
2020-09-12,Lassen,035,31185,732,719,2,721,0
2020-09-12,Los Angeles,037,10098052,256478,253156,1610,254766,6193
2020-09-12,Madera,039,155013,4298,4058,27,4085,43
2020-09-12,Marin,041,260295,6487,6393,15,6408,69
2020-09-12,Mariposa,043,17540,75,72,0,72,2
2020-09-12,Mendocino,045,87422,758,700,0,700,17
2020-09-12,Merced,047,269075,8650,8533,14,8547,112
2020-09-12,Modoc,049,8938,25,21,0,21,0
2020-09-12,Mono,051,14174,165,147,2,149,1
2020-09-12,Monterey,053,433212,9190,8743,23,8766,61
2020-09-12,Napa,055,140530,1615,1556,5,1561,11
2020-09-12,Nevada,057,99092,504,482,13,495,6
2020-09-12,Orange,059,3164182,52828,49895,1344,51239,1078
2020-09-12,Placer,061,380077,3423,3280,14,3294,38
2020-09-12,Plumas,063,18699,48,42,0,42,0
2020-09-12,Riverside,065,2383286,56444,55058,90,55148,1108
2020-09-12,Sacramento,067,1510023,20781,20184,18,20202,367
2020-09-12,San Benito,069,59416,1262,1208,0,1208,7
2020-09-12,San Bernardino,071,2135413,51670,49945,338,50283,896
2020-09-12,San Diego,073,3302833,44109,42416,710,43126,747
2020-09-12,San Francisco,075,870044,10609,10257,23,10280,90
2020-09-12,San Joaquin,077,732212,19586,19108,43,19151,396
2020-09-12,San Luis Obispo,079,281455,3397,3220,17,3237,24
2020-09-12,San Mateo,081,765935,9532,8759,8,8767,127
2020-09-12,Santa Barbara,083,443738,9577,8642,69,8711,104
2020-09-12,Santa Clara,085,1922200,20572,19330,31,19361,237
2020-09-12,Santa Cruz,087,273765,2165,2016,21,2037,7
2020-09-12,Shasta,089,179085,715,569,3,572,10
2020-09-12,Sierra,091,2930,6,6,0,6,0
2020-09-12,Siskiyou,093,43540,152,141,9,150,0
2020-09-12,Solano,095,438530,5974,5772,41,5813,43
2020-09-12,Sonoma,097,501317,6886,6531,19,6550,95
2020-09-12,Stanislaus,099,539301,16074,15675,469,16144,253
2020-09-12,Sutter,101,95872,1590,1529,1,1530,10
2020-09-12,Tehama,103,63373,486,471,2,473,1
2020-09-12,Trinity,105,12862,41,15,5,20,0
2020-09-12,Tulare,107,460477,15538,15018,78,15096,254
2020-09-12,Tuolumne,109,53932,223,208,3,211,1
2020-09-12,Ventura,111,848112,12468,11759,130,11889,123
2020-09-12,Yolo,113,214977,2726,2646,6,2652,53
2020-09-12,Yuba,115,75493,1020,963,4,967,1
2020-09-11,Alameda,001,1643700,20330,19625,153,19778,298
2020-09-11,Alpine,003,1148,3,2,0,2,0
2020-09-11,Amador,005,37829,280,277,0,277,16
2020-09-11,Butte,007,227075,2775,2605,22,2627,37
2020-09-11,Calaveras,009,45235,298,242,0,242,1
2020-09-11,Colusa,011,21464,506,484,0,484,6
2020-09-11,Contra Costa,013,1133247,15922,15001,74,15075,173
2020-09-11,Del Norte,015,27424,126,115,0,115,1
2020-09-11,El Dorado,017,186661,1076,1024,0,1024,2
2020-09-11,Fresno,019,978130,29409,26917,327,27244,344
2020-09-11,Glenn,021,27897,545,515,0,515,3
2020-09-11,Humboldt,023,135768,474,426,1,427,4
2020-09-11,Imperial,025,180216,11536,10286,6,10292,273
2020-09-11,Inyo,027,18085,186,176,6,182,12
2020-09-11,Kern,029,883053,31040,30059,283,30342,365
2020-09-11,Kings,031,150075,7178,6770,37,6807,70
2020-09-11,Lake,033,64148,452,382,0,382,4
2020-09-11,Lassen,035,31185,732,719,2,721,0
2020-09-11,Los Angeles,037,10098052,255797,252057,1599,253656,6172
2020-09-11,Madera,039,155013,4279,4018,27,4045,43
2020-09-11,Marin,041,260295,6484,6364,15,6379,69
2020-09-11,Mariposa,043,17540,75,72,0,72,2
2020-09-11,Mendocino,045,87422,747,700,0,700,17
2020-09-11,Merced,047,269075,8629,8489,14,8503,109
2020-09-11,Modoc,049,8938,25,21,0,21,0
2020-09-11,Mono,051,14174,165,145,2,147,1
2020-09-11,Monterey,053,433212,9142,8595,23,8618,61
2020-09-11,Napa,055,140530,1604,1543,5,1548,11
2020-09-11,Nevada,057,99092,497,483,13,496,6
2020-09-11,Orange,059,3164182,52699,49755,1332,51087,1068
2020-09-11,Placer,061,380077,3408,3254,14,3268,37
2020-09-11,Plumas,063,18699,48,42,0,42,0
2020-09-11,Riverside,065,2383286,56311,54717,87,54804,1099
2020-09-11,Sacramento,067,1510023,20696,20012,18,20030,358
2020-09-11,San Benito,069,59416,1252,1202,0,1202,7
2020-09-11,San Bernardino,071,2135413,51570,49682,338,50020,871
2020-09-11,San Diego,073,3302833,43889,41971,704,42675,730
2020-09-11,San Francisco,075,870044,10561,10133,22,10155,89
2020-09-11,San Joaquin,077,732212,19539,19019,43,19062,391
2020-09-11,San Luis Obispo,079,281455,3379,3190,17,3207,24
2020-09-11,San Mateo,081,765935,9490,8611,8,8619,127
2020-09-11,Santa Barbara,083,443738,9543,8592,68,8660,103
2020-09-11,Santa Clara,085,1922200,20483,19065,31,19096,234
2020-09-11,Santa Cruz,087,273765,2148,1997,21,2018,7
2020-09-11,Shasta,089,179085,705,568,3,571,10
2020-09-11,Sierra,091,2930,6,6,0,6,0
2020-09-11,Siskiyou,093,43540,151,139,9,148,0
2020-09-11,Solano,095,438530,5957,5742,41,5783,42
2020-09-11,Sonoma,097,501317,6841,6469,19,6488,91
2020-09-11,Stanislaus,099,539301,16036,15613,466,16079,253
2020-09-11,Sutter,101,95872,1580,1505,1,1506,11
2020-09-11,Tehama,103,63373,483,466,2,468,1
2020-09-11,Trinity,105,12862,41,16,5,21,0
2020-09-11,Tulare,107,460477,15507,14932,76,15008,251
2020-09-11,Tuolumne,109,53932,223,208,3,211,1
2020-09-11,Ventura,111,848112,12414,11700,128,11828,123
2020-09-11,Yolo,113,214977,2715,2632,6,2638,53
2020-09-11,Yuba,115,75493,1012,946,4,950,1
2020-09-10,Alameda,001,1643700,20256,19509,153,19662,292
2020-09-10,Alpine,003,1148,3,2,0,2,0
2020-09-10,Amador,005,37829,279,277,0,277,16
2020-09-10,Butte,007,227075,2758,2590,22,2612,37
2020-09-10,Calaveras,009,45235,298,244,0,244,1
2020-09-10,Colusa,011,21464,504,482,0,482,6
2020-09-10,Contra Costa,013,1133247,15852,14909,74,14983,172
2020-09-10,Del Norte,015,27424,125,112,0,112,1
2020-09-10,El Dorado,017,186661,1073,1020,0,1020,2
2020-09-10,Fresno,019,978130,29287,26783,327,27110,338
2020-09-10,Glenn,021,27897,535,511,0,511,3
2020-09-10,Humboldt,023,135768,463,422,1,423,4
2020-09-10,Imperial,025,180216,11520,10251,6,10257,270
2020-09-10,Inyo,027,18085,185,176,6,182,11
2020-09-10,Kern,029,883053,30958,29988,279,30267,363
2020-09-10,Kings,031,150075,7148,6739,37,6776,70
2020-09-10,Lake,033,64148,445,377,0,377,4
2020-09-10,Lassen,035,31185,731,716,2,718,0
2020-09-10,Los Angeles,037,10098052,254817,251003,1577,252580,6132
2020-09-10,Madera,039,155013,4261,3979,27,4006,43
2020-09-10,Marin,041,260295,6473,6344,15,6359,68
2020-09-10,Mariposa,043,17540,75,72,0,72,2
2020-09-10,Mendocino,045,87422,737,697,0,697,16
2020-09-10,Merced,047,269075,8583,8461,14,8475,109
2020-09-10,Modoc,049,8938,25,21,0,21,0
2020-09-10,Mono,051,14174,165,145,2,147,1
2020-09-10,Monterey,053,433212,9072,8570,23,8593,59
2020-09-10,Napa,055,140530,1598,1536,5,1541,11
2020-09-10,Nevada,057,99092,493,478,13,491,6
2020-09-10,Orange,059,3164182,52535,49617,1326,50943,1057
2020-09-10,Placer,061,380077,3389,3233,14,3247,37
2020-09-10,Plumas,063,18699,48,42,0,42,0
2020-09-10,Riverside,065,2383286,55993,54417,84,54501,1091
2020-09-10,Sacramento,067,1510023,20574,19618,17,19635,354
2020-09-10,San Benito,069,59416,1246,1201,0,1201,5
2020-09-10,San Bernardino,071,2135413,51381,49467,336,49803,867
2020-09-10,San Diego,073,3302833,43623,41610,677,42287,725
2020-09-10,San Francisco,075,870044,10484,10082,22,10104,89
2020-09-10,San Joaquin,077,732212,19486,18854,43,18897,389
2020-09-10,San Luis Obispo,079,281455,3366,3161,17,3178,24
2020-09-10,San Mateo,081,765935,9444,8529,8,8537,125
2020-09-10,Santa Barbara,083,443738,9499,8552,68,8620,100
2020-09-10,Santa Clara,085,1922200,20369,18870,31,18901,231
2020-09-10,Santa Cruz,087,273765,2133,1986,19,2005,7
2020-09-10,Shasta,089,179085,694,566,3,569,10
2020-09-10,Sierra,091,2930,6,6,0,6,0
2020-09-10,Siskiyou,093,43540,151,137,9,146,0
2020-09-10,Solano,095,438530,5917,5696,41,5737,42
2020-09-10,Sonoma,097,501317,6792,6424,19,6443,91
2020-09-10,Stanislaus,099,539301,15982,15509,461,15970,243
2020-09-10,Sutter,101,95872,1568,1494,1,1495,11
2020-09-10,Tehama,103,63373,476,466,2,468,1
2020-09-10,Trinity,105,12862,41,15,5,20,0
2020-09-10,Tulare,107,460477,15452,14860,73,14933,250
2020-09-10,Tuolumne,109,53932,222,205,3,208,1
2020-09-10,Ventura,111,848112,12320,11600,121,11721,122
2020-09-10,Yolo,113,214977,2710,2612,6,2618,53
2020-09-10,Yuba,115,75493,1006,941,4,945,1
2020-09-09,Alameda,001,1643700,20177,19399,152,19551,289
2020-09-09,Alpine,003,1148,3,2,0,2,0
2020-09-09,Amador,005,37829,278,276,0,276,16
2020-09-09,Butte,007,227075,2741,2561,22,2583,37
2020-09-09,Calaveras,009,45235,298,242,0,242,1
2020-09-09,Colusa,011,21464,499,479,0,479,6
2020-09-09,Contra Costa,013,1133247,15766,14816,74,14890,171
2020-09-09,Del Norte,015,27424,121,109,0,109,1
2020-09-09,El Dorado,017,186661,1070,1020,0,1020,2
2020-09-09,Fresno,019,978130,29184,26724,322,27046,329
2020-09-09,Glenn,021,27897,532,508,0,508,3
2020-09-09,Humboldt,023,135768,461,420,1,421,4
2020-09-09,Imperial,025,180216,11499,10233,6,10239,268
2020-09-09,Inyo,027,18085,184,173,6,179,2
2020-09-09,Kern,029,883053,30859,29925,276,30201,355
2020-09-09,Kings,031,150075,7130,6721,37,6758,72
2020-09-09,Lake,033,64148,437,371,0,371,4
2020-09-09,Lassen,035,31185,730,714,2,716,0
2020-09-09,Los Angeles,037,10098052,253934,249876,1558,251434,6091
2020-09-09,Madera,039,155013,4235,3926,27,3953,43
2020-09-09,Marin,041,260295,6454,6321,15,6336,68
2020-09-09,Mariposa,043,17540,74,72,0,72,2
2020-09-09,Mendocino,045,87422,729,695,0,695,16
2020-09-09,Merced,047,269075,8557,8441,14,8455,107
2020-09-09,Modoc,049,8938,24,20,0,20,0
2020-09-09,Mono,051,14174,165,145,2,147,1
2020-09-09,Monterey,053,433212,9000,8527,23,8550,59
2020-09-09,Napa,055,140530,1588,1531,5,1536,11
2020-09-09,Nevada,057,99092,489,476,13,489,6
2020-09-09,Orange,059,3164182,52356,49394,1318,50712,1054
2020-09-09,Placer,061,380077,3369,3222,14,3236,36
2020-09-09,Plumas,063,18699,46,42,0,42,0
2020-09-09,Riverside,065,2383286,55763,54320,81,54401,1081
2020-09-09,Sacramento,067,1510023,20468,19474,17,19491,347
2020-09-09,San Benito,069,59416,1242,1199,0,1199,5
2020-09-09,San Bernardino,071,2135413,51183,49264,335,49599,866
2020-09-09,San Diego,073,3302833,43334,41326,665,41991,721
2020-09-09,San Francisco,075,870044,10434,9996,21,10017,86
2020-09-09,San Joaquin,077,732212,19422,18799,42,18841,388
2020-09-09,San Luis Obispo,079,281455,3348,3131,17,3148,24
2020-09-09,San Mateo,081,765935,9383,8478,8,8486,125
2020-09-09,Santa Barbara,083,443738,9456,8528,68,8596,97
2020-09-09,Santa Clara,085,1922200,20237,18759,31,18790,228
2020-09-09,Santa Cruz,087,273765,2110,1967,19,1986,7
2020-09-09,Shasta,089,179085,682,562,3,565,10
2020-09-09,Sierra,091,2930,6,6,0,6,0
2020-09-09,Siskiyou,093,43540,149,137,9,146,0
2020-09-09,Solano,095,438530,5885,5680,41,5721,36
2020-09-09,Sonoma,097,501317,6725,6397,19,6416,92
2020-09-09,Stanislaus,099,539301,15943,15469,449,15918,243
2020-09-09,Sutter,101,95872,1560,1487,1,1488,11
2020-09-09,Tehama,103,63373,473,462,2,464,1
2020-09-09,Trinity,105,12862,41,14,5,19,0
2020-09-09,Tulare,107,460477,15403,14787,68,14855,249
2020-09-09,Tuolumne,109,53932,221,204,3,207,1
2020-09-09,Ventura,111,848112,12231,11497,118,11615,121
2020-09-09,Yolo,113,214977,2699,2604,6,2610,53
2020-09-09,Yuba,115,75493,1001,936,4,940,1
2020-09-08,Alameda,001,1643700,20069,19293,152,19445,288
2020-09-08,Alpine,003,1148,3,2,0,2,0
2020-09-08,Amador,005,37829,278,276,0,276,16
2020-09-08,Butte,007,227075,2723,2453,22,2475,36
2020-09-08,Calaveras,009,45235,296,233,0,233,1
2020-09-08,Colusa,011,21464,497,475,0,475,6
2020-09-08,Contra Costa,013,1133247,15638,14740,71,14811,171
2020-09-08,Del Norte,015,27424,121,109,0,109,2
2020-09-08,El Dorado,017,186661,1067,1011,0,1011,2
2020-09-08,Fresno,019,978130,29065,26640,318,26958,329
2020-09-08,Glenn,021,27897,528,492,0,492,3
2020-09-08,Humboldt,023,135768,459,420,1,421,4
2020-09-08,Imperial,025,180216,11483,10198,6,10204,267
2020-09-08,Inyo,027,18085,184,169,6,175,2
2020-09-08,Kern,029,883053,30773,29850,274,30124,351
2020-09-08,Kings,031,150075,7092,6658,37,6695,72
2020-09-08,Lake,033,64148,427,370,0,370,4
2020-09-08,Lassen,035,31185,730,710,2,712,0
2020-09-08,Los Angeles,037,10098052,252999,249217,1530,250747,6034
2020-09-08,Madera,039,155013,4211,3904,27,3931,43
2020-09-08,Marin,041,260295,6423,6313,15,6328,68
2020-09-08,Mariposa,043,17540,74,72,0,72,2
2020-09-08,Mendocino,045,87422,722,690,0,690,16
2020-09-08,Merced,047,269075,8534,8381,14,8395,104
2020-09-08,Modoc,049,8938,24,20,0,20,0
2020-09-08,Mono,051,14174,165,145,2,147,1
2020-09-08,Monterey,053,433212,8915,8491,23,8514,59
2020-09-08,Napa,055,140530,1584,1518,5,1523,11
2020-09-08,Nevada,057,99092,489,470,13,483,6
2020-09-08,Orange,059,3164182,52215,49214,1314,50528,1044
2020-09-08,Placer,061,380077,3355,3205,14,3219,36
2020-09-08,Plumas,063,18699,46,42,0,42,0
2020-09-08,Riverside,065,2383286,55550,54168,78,54246,1069
2020-09-08,Sacramento,067,1510023,20233,19411,16,19427,347
2020-09-08,San Benito,069,59416,1235,1188,0,1188,5
2020-09-08,San Bernardino,071,2135413,50994,49034,334,49368,856
2020-09-08,San Diego,073,3302833,43018,41079,653,41732,709
2020-09-08,San Francisco,075,870044,10361,9821,21,9842,86
2020-09-08,San Joaquin,077,732212,19344,18550,42,18592,388
2020-09-08,San Luis Obispo,079,281455,3334,3120,17,3137,23
2020-09-08,San Mateo,081,765935,9307,8460,8,8468,125
2020-09-08,Santa Barbara,083,443738,9422,8488,67,8555,96
2020-09-08,Santa Clara,085,1922200,20061,18645,31,18676,228
2020-09-08,Santa Cruz,087,273765,2082,1903,19,1922,7
2020-09-08,Shasta,089,179085,674,556,3,559,10
2020-09-08,Sierra,091,2930,6,6,0,6,0
2020-09-08,Siskiyou,093,43540,147,136,9,145,0
2020-09-08,Solano,095,438530,5848,5654,41,5695,36
2020-09-08,Sonoma,097,501317,6656,6356,19,6375,92
2020-09-08,Stanislaus,099,539301,15879,15415,437,15852,238
2020-09-08,Sutter,101,95872,1545,1473,1,1474,11
2020-09-08,Tehama,103,63373,469,458,2,460,1
2020-09-08,Trinity,105,12862,40,13,5,18,0
2020-09-08,Tulare,107,460477,15323,14635,67,14702,249
2020-09-08,Tuolumne,109,53932,220,197,3,200,1
2020-09-08,Ventura,111,848112,12162,11475,115,11590,118
2020-09-08,Yolo,113,214977,2689,2580,6,2586,53
2020-09-08,Yuba,115,75493,989,923,4,927,1
2020-09-07,Alameda,001,1643700,19947,19188,146,19334,281
2020-09-07,Alpine,003,1148,3,2,0,2,0
2020-09-07,Amador,005,37829,278,276,0,276,16
2020-09-07,Butte,007,227075,2690,2450,21,2471,30
2020-09-07,Calaveras,009,45235,286,234,0,234,1
2020-09-07,Colusa,011,21464,496,475,0,475,6
2020-09-07,Contra Costa,013,1133247,15525,14637,68,14705,172
2020-09-07,Del Norte,015,27424,121,109,0,109,2
2020-09-07,El Dorado,017,186661,1056,1011,0,1011,2
2020-09-07,Fresno,019,978130,28971,26565,315,26880,329
2020-09-07,Glenn,021,27897,523,488,0,488,3
2020-09-07,Humboldt,023,135768,450,416,1,417,4
2020-09-07,Imperial,025,180216,11452,10199,6,10205,267
2020-09-07,Inyo,027,18085,184,169,6,175,2
2020-09-07,Kern,029,883053,30652,29790,269,30059,348
2020-09-07,Kings,031,150075,6968,6630,37,6667,72
2020-09-07,Lake,033,64148,404,367,0,367,2
2020-09-07,Lassen,035,31185,730,709,2,711,0
2020-09-07,Los Angeles,037,10098052,251953,248804,1508,250312,6030
2020-09-07,Madera,039,155013,4180,3889,27,3916,43
2020-09-07,Marin,041,260295,6393,6296,15,6311,67
2020-09-07,Mariposa,043,17540,74,72,0,72,2
2020-09-07,Mendocino,045,87422,714,687,0,687,16
2020-09-07,Merced,047,269075,8487,8381,14,8395,104
2020-09-07,Modoc,049,8938,23,20,0,20,0
2020-09-07,Mono,051,14174,165,145,2,147,1
2020-09-07,Monterey,053,433212,8836,8463,23,8486,57
2020-09-07,Napa,055,140530,1572,1514,5,1519,11
2020-09-07,Nevada,057,99092,487,469,13,482,6
2020-09-07,Orange,059,3164182,52042,49132,1310,50442,1042
2020-09-07,Placer,061,380077,3324,3188,13,3201,36
2020-09-07,Plumas,063,18699,45,42,0,42,0
2020-09-07,Riverside,065,2383286,55274,54178,73,54251,1069
2020-09-07,Sacramento,067,1510023,19990,19292,16,19308,345
2020-09-07,San Benito,069,59416,1229,1180,0,1180,4
2020-09-07,San Bernardino,071,2135413,50766,49043,332,49375,821
2020-09-07,San Diego,073,3302833,42618,40868,626,41494,708
2020-09-07,San Francisco,075,870044,10311,9813,20,9833,85
2020-09-07,San Joaquin,077,732212,19263,18552,40,18592,386
2020-09-07,San Luis Obispo,079,281455,3297,3116,17,3133,23
2020-09-07,San Mateo,081,765935,9225,8409,8,8417,125
2020-09-07,Santa Barbara,083,443738,9380,8479,67,8546,95
2020-09-07,Santa Clara,085,1922200,19903,18596,30,18626,226
2020-09-07,Santa Cruz,087,273765,2054,1902,19,1921,7
2020-09-07,Shasta,089,179085,664,556,3,559,10
2020-09-07,Sierra,091,2930,6,6,0,6,0
2020-09-07,Siskiyou,093,43540,146,133,9,142,0
2020-09-07,Solano,095,438530,5783,5640,41,5681,36
2020-09-07,Sonoma,097,501317,6589,6268,19,6287,85
2020-09-07,Stanislaus,099,539301,15814,15343,424,15767,236
2020-09-07,Sutter,101,95872,1528,1468,1,1469,11
2020-09-07,Tehama,103,63373,466,453,2,455,1
2020-09-07,Trinity,105,12862,40,13,5,18,0
2020-09-07,Tulare,107,460477,15217,14637,65,14702,249
2020-09-07,Tuolumne,109,53932,219,196,3,199,1
2020-09-07,Ventura,111,848112,12067,11463,112,11575,118
2020-09-07,Yolo,113,214977,2672,2565,5,2570,53
2020-09-07,Yuba,115,75493,973,923,3,926,1
2020-09-06,Alameda,001,1643700,19889,19029,144,19173,281
2020-09-06,Alpine,003,1148,3,2,0,2,0
2020-09-06,Amador,005,37829,276,275,0,275,16
2020-09-06,Butte,007,227075,2681,2446,21,2467,30
2020-09-06,Calaveras,009,45235,286,235,0,235,1
2020-09-06,Colusa,011,21464,492,475,0,475,6
2020-09-06,Contra Costa,013,1133247,15445,14565,67,14632,171
2020-09-06,Del Norte,015,27424,121,109,0,109,2
2020-09-06,El Dorado,017,186661,1054,1008,0,1008,2
2020-09-06,Fresno,019,978130,28907,26471,313,26784,329
2020-09-06,Glenn,021,27897,517,474,0,474,3
2020-09-06,Humboldt,023,135768,447,404,1,405,4
2020-09-06,Imperial,025,180216,11435,10152,6,10158,267
2020-09-06,Inyo,027,18085,184,169,6,175,2
2020-09-06,Kern,029,883053,30596,29699,265,29964,348
2020-09-06,Kings,031,150075,6948,6561,36,6597,72
2020-09-06,Lake,033,64148,401,362,0,362,2
2020-09-06,Lassen,035,31185,730,709,2,711,0
2020-09-06,Los Angeles,037,10098052,251324,248316,1493,249809,6004
2020-09-06,Madera,039,155013,4136,3867,27,3894,42
2020-09-06,Marin,041,260295,6381,6276,15,6291,67
2020-09-06,Mariposa,043,17540,74,72,0,72,2
2020-09-06,Mendocino,045,87422,713,672,0,672,16
2020-09-06,Merced,047,269075,8467,8327,14,8341,104
2020-09-06,Modoc,049,8938,23,20,0,20,0
2020-09-06,Mono,051,14174,164,145,2,147,1
2020-09-06,Monterey,053,433212,8797,8403,22,8425,56
2020-09-06,Napa,055,140530,1568,1501,3,1504,11
2020-09-06,Nevada,057,99092,487,467,13,480,6
2020-09-06,Orange,059,3164182,51929,48931,1306,50237,1042
2020-09-06,Placer,061,380077,3307,3169,13,3182,36
2020-09-06,Plumas,063,18699,44,42,0,42,0
2020-09-06,Riverside,065,2383286,55158,53970,71,54041,1069
2020-09-06,Sacramento,067,1510023,19895,19128,16,19144,340
2020-09-06,San Benito,069,59416,1227,1178,0,1178,4
2020-09-06,San Bernardino,071,2135413,50657,48923,332,49255,823
2020-09-06,San Diego,073,3302833,42370,40652,620,41272,707
2020-09-06,San Francisco,075,870044,10237,9813,20,9833,85
2020-09-06,San Joaquin,077,732212,19214,18558,40,18598,386
2020-09-06,San Luis Obispo,079,281455,3286,3101,17,3118,23
2020-09-06,San Mateo,081,765935,9172,8387,8,8395,125
2020-09-06,Santa Barbara,083,443738,9350,8434,67,8501,95
2020-09-06,Santa Clara,085,1922200,19802,18495,30,18525,207
2020-09-06,Santa Cruz,087,273765,2047,1902,19,1921,7
2020-09-06,Shasta,089,179085,658,550,3,553,10
2020-09-06,Sierra,091,2930,6,6,0,6,0
2020-09-06,Siskiyou,093,43540,146,132,9,141,0
2020-09-06,Solano,095,438530,5757,5619,41,5660,37
2020-09-06,Sonoma,097,501317,6560,6212,19,6231,85
2020-09-06,Stanislaus,099,539301,15770,15288,420,15708,236
2020-09-06,Sutter,101,95872,1515,1451,1,1452,11
2020-09-06,Tehama,103,63373,465,455,2,457,1
2020-09-06,Trinity,105,12862,39,13,5,18,0
2020-09-06,Tulare,107,460477,15174,14636,64,14700,249
2020-09-06,Tuolumne,109,53932,216,194,3,197,1
2020-09-06,Ventura,111,848112,12022,11315,112,11427,118
2020-09-06,Yolo,113,214977,2658,2556,5,2561,53
2020-09-06,Yuba,115,75493,965,913,3,916,1
2020-09-05,Alameda,001,1643700,19842,18973,142,19115,279
2020-09-05,Alpine,003,1148,3,2,0,2,0
2020-09-05,Amador,005,37829,276,274,0,274,16
2020-09-05,Butte,007,227075,2665,2406,20,2426,30
2020-09-05,Calaveras,009,45235,286,237,0,237,1
2020-09-05,Colusa,011,21464,488,472,0,472,6
2020-09-05,Contra Costa,013,1133247,15368,14456,65,14521,173
2020-09-05,Del Norte,015,27424,121,109,0,109,2
2020-09-05,El Dorado,017,186661,1054,1007,0,1007,2
2020-09-05,Fresno,019,978130,28839,26325,313,26638,331
2020-09-05,Glenn,021,27897,516,474,0,474,3
2020-09-05,Humboldt,023,135768,445,402,1,403,4
2020-09-05,Imperial,025,180216,11418,10151,6,10157,268
2020-09-05,Inyo,027,18085,184,169,6,175,2
2020-09-05,Kern,029,883053,30536,29645,261,29906,347
2020-09-05,Kings,031,150075,6939,6518,36,6554,66
2020-09-05,Lake,033,64148,398,359,0,359,2
2020-09-05,Lassen,035,31185,730,709,2,711,0
2020-09-05,Los Angeles,037,10098052,250789,247572,1481,249053,6001
2020-09-05,Madera,039,155013,4095,3851,27,3878,42
2020-09-05,Marin,041,260295,6374,6259,15,6274,66
2020-09-05,Mariposa,043,17540,74,72,0,72,2
2020-09-05,Mendocino,045,87422,712,658,0,658,16
2020-09-05,Merced,047,269075,8435,8297,12,8309,104
2020-09-05,Modoc,049,8938,23,19,0,19,0
2020-09-05,Mono,051,14174,164,145,2,147,1
2020-09-05,Monterey,053,433212,8767,8301,22,8323,56
2020-09-05,Napa,055,140530,1562,1484,3,1487,11
2020-09-05,Nevada,057,99092,484,461,13,474,6
2020-09-05,Orange,059,3164182,51827,48726,1301,50027,1039
2020-09-05,Placer,061,380077,3297,3141,13,3154,35
2020-09-05,Plumas,063,18699,44,42,0,42,0
2020-09-05,Riverside,065,2383286,55053,53780,71,53851,1066
2020-09-05,Sacramento,067,1510023,19804,18955,16,18971,339
2020-09-05,San Benito,069,59416,1225,1153,0,1153,4
2020-09-05,San Bernardino,071,2135413,50582,48800,331,49131,825
2020-09-05,San Diego,073,3302833,42177,40344,608,40952,717
2020-09-05,San Francisco,075,870044,10204,9812,19,9831,85
2020-09-05,San Joaquin,077,732212,19186,18557,40,18597,386
2020-09-05,San Luis Obispo,079,281455,3276,3083,17,3100,23
2020-09-05,San Mateo,081,765935,9127,8352,8,8360,124
2020-09-05,Santa Barbara,083,443738,9333,8404,67,8471,96
2020-09-05,Santa Clara,085,1922200,19717,18311,30,18341,207
2020-09-05,Santa Cruz,087,273765,2039,1904,19,1923,7
2020-09-05,Shasta,089,179085,657,544,3,547,10
2020-09-05,Sierra,091,2930,6,6,0,6,0
2020-09-05,Siskiyou,093,43540,145,131,9,140,0
2020-09-05,Solano,095,438530,5745,5579,41,5620,37
2020-09-05,Sonoma,097,501317,6527,6149,19,6168,85
2020-09-05,Stanislaus,099,539301,15722,15198,416,15614,236
2020-09-05,Sutter,101,95872,1508,1445,1,1446,11
2020-09-05,Tehama,103,63373,464,447,2,449,1
2020-09-05,Trinity,105,12862,39,13,5,18,0
2020-09-05,Tulare,107,460477,15118,14576,62,14638,249
2020-09-05,Tuolumne,109,53932,216,194,3,197,1
2020-09-05,Ventura,111,848112,11979,11254,112,11366,118
2020-09-05,Yolo,113,214977,2648,2534,5,2539,53
2020-09-05,Yuba,115,75493,959,902,3,905,1
2020-09-04,Alameda,001,1643700,19774,18843,140,18983,276
2020-09-04,Alpine,003,1148,3,2,0,2,0
2020-09-04,Amador,005,37829,275,274,0,274,16
2020-09-04,Butte,007,227075,2642,2325,20,2345,28
2020-09-04,Calaveras,009,45235,284,237,0,237,1
2020-09-04,Colusa,011,21464,486,467,0,467,6
2020-09-04,Contra Costa,013,1133247,15288,14355,64,14419,164
2020-09-04,Del Norte,015,27424,121,109,0,109,2
2020-09-04,El Dorado,017,186661,1050,992,0,992,2
2020-09-04,Fresno,019,978130,28734,26147,312,26459,321
2020-09-04,Glenn,021,27897,508,463,0,463,3
2020-09-04,Humboldt,023,135768,440,390,1,391,4
2020-09-04,Imperial,025,180216,11409,10136,6,10142,267
2020-09-04,Inyo,027,18085,184,169,6,175,2
2020-09-04,Kern,029,883053,30468,29526,258,29784,345
2020-09-04,Kings,031,150075,6926,6259,36,6295,66
2020-09-04,Lake,033,64148,398,347,0,347,2
2020-09-04,Lassen,035,31185,730,708,2,710,0
2020-09-04,Los Angeles,037,10098052,250216,246396,1461,247857,5977
2020-09-04,Madera,039,155013,4082,3838,27,3865,42
2020-09-04,Marin,041,260295,6362,6251,15,6266,66
2020-09-04,Mariposa,043,17540,74,72,0,72,2
2020-09-04,Mendocino,045,87422,710,646,0,646,16
2020-09-04,Merced,047,269075,8415,8214,12,8226,104
2020-09-04,Modoc,049,8938,23,15,0,15,0
2020-09-04,Mono,051,14174,164,145,2,147,1
2020-09-04,Monterey,053,433212,8722,8208,22,8230,56
2020-09-04,Napa,055,140530,1553,1475,3,1478,11
2020-09-04,Nevada,057,99092,481,455,13,468,6
2020-09-04,Orange,059,3164182,51703,48488,1294,49782,1031
2020-09-04,Placer,061,380077,3285,3101,13,3114,35
2020-09-04,Plumas,063,18699,44,42,0,42,0
2020-09-04,Riverside,065,2383286,54940,53606,66,53672,1066
2020-09-04,Sacramento,067,1510023,19716,18765,16,18781,337
2020-09-04,San Benito,069,59416,1216,1137,0,1137,4
2020-09-04,San Bernardino,071,2135413,50489,48497,329,48826,800
2020-09-04,San Diego,073,3302833,41947,39901,599,40500,701
2020-09-04,San Francisco,075,870044,10164,9694,18,9712,85
2020-09-04,San Joaquin,077,732212,19132,18438,40,18478,376
2020-09-04,San Luis Obispo,079,281455,3261,3049,16,3065,21
2020-09-04,San Mateo,081,765935,9083,8275,8,8283,122
2020-09-04,Santa Barbara,083,443738,9302,8340,67,8407,96
2020-09-04,Santa Clara,085,1922200,19609,18074,30,18104,209
2020-09-04,Santa Cruz,087,273765,2022,1896,18,1914,7
2020-09-04,Shasta,089,179085,654,536,3,539,10
2020-09-04,Sierra,091,2930,6,6,0,6,0
2020-09-04,Siskiyou,093,43540,145,129,9,138,0
2020-09-04,Solano,095,438530,5732,5552,41,5593,37
2020-09-04,Sonoma,097,501317,6462,6050,19,6069,85
2020-09-04,Stanislaus,099,539301,15687,15074,407,15481,233
2020-09-04,Sutter,101,95872,1492,1425,1,1426,11
2020-09-04,Tehama,103,63373,460,442,2,444,1
2020-09-04,Trinity,105,12862,39,13,5,18,0
2020-09-04,Tulare,107,460477,15090,14501,58,14559,247
2020-09-04,Tuolumne,109,53932,216,193,3,196,1
2020-09-04,Ventura,111,848112,11937,11171,112,11283,114
2020-09-04,Yolo,113,214977,2634,2495,5,2500,53
2020-09-04,Yuba,115,75493,954,884,3,887,1
2020-09-03,Alameda,001,1643700,19671,18687,140,18827,275
2020-09-03,Alpine,003,1148,3,2,0,2,0
2020-09-03,Amador,005,37829,275,274,0,274,16
2020-09-03,Butte,007,227075,2597,2274,20,2294,27
2020-09-03,Calaveras,009,45235,283,238,0,238,1
2020-09-03,Colusa,011,21464,484,464,0,464,6
2020-09-03,Contra Costa,013,1133247,15181,14206,61,14267,159
2020-09-03,Del Norte,015,27424,118,109,0,109,2
2020-09-03,El Dorado,017,186661,1046,983,0,983,2
2020-09-03,Fresno,019,978130,28616,25978,306,26284,313
2020-09-03,Glenn,021,27897,504,460,0,460,3
2020-09-03,Humboldt,023,135768,435,390,1,391,4
2020-09-03,Imperial,025,180216,11389,10083,5,10088,255
2020-09-03,Inyo,027,18085,182,171,6,177,3
2020-09-03,Kern,029,883053,30376,29426,243,29669,340
2020-09-03,Kings,031,150075,6846,6200,36,6236,64
2020-09-03,Lake,033,64148,389,347,0,347,2
2020-09-03,Lassen,035,31185,730,707,2,709,0
2020-09-03,Los Angeles,037,10098052,249339,245026,1440,246466,5931
2020-09-03,Madera,039,155013,4063,3780,27,3807,43
2020-09-03,Marin,041,260295,6343,6175,15,6190,66
2020-09-03,Mariposa,043,17540,74,71,0,71,2
2020-09-03,Mendocino,045,87422,701,638,0,638,16
2020-09-03,Merced,047,269075,8373,8136,12,8148,105
2020-09-03,Modoc,049,8938,23,14,0,14,0
2020-09-03,Mono,051,14174,163,144,2,146,1
2020-09-03,Monterey,053,433212,8668,8128,22,8150,56
2020-09-03,Napa,055,140530,1546,1466,3,1469,10
2020-09-03,Nevada,057,99092,478,453,13,466,6
2020-09-03,Orange,059,3164182,51515,48226,1279,49505,1009
2020-09-03,Placer,061,380077,3267,3069,13,3082,34
2020-09-03,Plumas,063,18699,44,39,0,39,0
2020-09-03,Riverside,065,2383286,54760,53341,62,53403,1052
2020-09-03,Sacramento,067,1510023,19588,18553,15,18568,328
2020-09-03,San Benito,069,59416,1205,1121,0,1121,4
2020-09-03,San Bernardino,071,2135413,50324,48165,328,48493,800
2020-09-03,San Diego,073,3302833,41633,39448,583,40031,700
2020-09-03,San Francisco,075,870044,10098,9636,16,9652,84
2020-09-03,San Joaquin,077,732212,19055,18331,40,18371,371
2020-09-03,San Luis Obispo,079,281455,3244,3023,16,3039,21
2020-09-03,San Mateo,081,765935,9009,8211,8,8219,122
2020-09-03,Santa Barbara,083,443738,9255,8277,67,8344,96
2020-09-03,Santa Clara,085,1922200,19429,17879,30,17909,208
2020-09-03,Santa Cruz,087,273765,2007,1870,18,1888,7
2020-09-03,Shasta,089,179085,649,535,3,538,10
2020-09-03,Sierra,091,2930,6,6,0,6,0
2020-09-03,Siskiyou,093,43540,145,128,9,137,0
2020-09-03,Solano,095,438530,5712,5499,40,5539,36
2020-09-03,Sonoma,097,501317,6400,5997,19,6016,62
2020-09-03,Stanislaus,099,539301,15635,14985,403,15388,217
2020-09-03,Sutter,101,95872,1482,1412,1,1413,11
2020-09-03,Tehama,103,63373,456,436,2,438,1
2020-09-03,Trinity,105,12862,37,13,5,18,0
2020-09-03,Tulare,107,460477,15024,14408,57,14465,244
2020-09-03,Tuolumne,109,53932,216,193,3,196,1
2020-09-03,Ventura,111,848112,11819,11109,109,11218,112
2020-09-03,Yolo,113,214977,2618,2475,5,2480,53
2020-09-03,Yuba,115,75493,947,867,3,870,1
2020-09-02,Alameda,001,1643700,19551,18522,137,18659,260
2020-09-02,Alpine,003,1148,3,2,0,2,0
2020-09-02,Amador,005,37829,275,245,0,245,14
2020-09-02,Butte,007,227075,2551,2241,20,2261,27
2020-09-02,Calaveras,009,45235,282,235,0,235,1
2020-09-02,Colusa,011,21464,480,460,0,460,6
2020-09-02,Contra Costa,013,1133247,15092,14097,58,14155,159
2020-09-02,Del Norte,015,27424,117,109,0,109,2
2020-09-02,El Dorado,017,186661,1042,975,0,975,2
2020-09-02,Fresno,019,978130,28469,25785,303,26088,292
2020-09-02,Glenn,021,27897,499,457,0,457,3
2020-09-02,Humboldt,023,135768,432,381,1,382,4
2020-09-02,Imperial,025,180216,11373,9832,5,9837,255
2020-09-02,Inyo,027,18085,182,171,6,177,3
2020-09-02,Kern,029,883053,30284,29288,237,29525,335
2020-09-02,Kings,031,150075,6761,6142,36,6178,64
2020-09-02,Lake,033,64148,385,342,0,342,2
2020-09-02,Lassen,035,31185,728,706,2,708,0
2020-09-02,Los Angeles,037,10098052,248396,243999,1412,245411,5887
2020-09-02,Madera,039,155013,4043,3735,27,3762,41
2020-09-02,Marin,041,260295,6328,6131,15,6146,66
2020-09-02,Mariposa,043,17540,74,71,0,71,2
2020-09-02,Mendocino,045,87422,691,636,0,636,15
2020-09-02,Merced,047,269075,8342,8097,11,8108,103
2020-09-02,Modoc,049,8938,22,11,0,11,0
2020-09-02,Mono,051,14174,163,145,2,147,1
2020-09-02,Monterey,053,433212,8604,8070,22,8092,56
2020-09-02,Napa,055,140530,1534,1454,3,1457,10
2020-09-02,Nevada,057,99092,472,452,12,464,6
2020-09-02,Orange,059,3164182,51333,47871,1269,49140,994
2020-09-02,Placer,061,380077,3242,3047,12,3059,33
2020-09-02,Plumas,063,18699,44,39,0,39,0
2020-09-02,Riverside,065,2383286,54558,52923,59,52982,1032
2020-09-02,Sacramento,067,1510023,19355,18355,14,18369,316
2020-09-02,San Benito,069,59416,1192,1107,0,1107,4
2020-09-02,San Bernardino,071,2135413,50161,47766,325,48091,794
2020-09-02,San Diego,073,3302833,41313,39123,569,39692,695
2020-09-02,San Francisco,075,870044,10029,9587,16,9603,84
2020-09-02,San Joaquin,077,732212,18974,18194,39,18233,352
2020-09-02,San Luis Obispo,079,281455,3218,3002,15,3017,21
2020-09-02,San Mateo,081,765935,8952,8148,8,8156,122
2020-09-02,Santa Barbara,083,443738,9200,8206,66,8272,94
2020-09-02,Santa Clara,085,1922200,19275,17673,30,17703,206
2020-09-02,Santa Cruz,087,273765,1984,1850,18,1868,7
2020-09-02,Shasta,089,179085,648,531,3,534,10
2020-09-02,Sierra,091,2930,6,6,0,6,0
2020-09-02,Siskiyou,093,43540,144,127,9,136,0
2020-09-02,Solano,095,438530,5684,5463,40,5503,36
2020-09-02,Sonoma,097,501317,6338,5846,19,5865,62
2020-09-02,Stanislaus,099,539301,15565,14854,396,15250,220
2020-09-02,Sutter,101,95872,1467,1401,1,1402,10
2020-09-02,Tehama,103,63373,453,429,2,431,1
2020-09-02,Trinity,105,12862,37,13,5,18,0
2020-09-02,Tulare,107,460477,14957,14298,56,14354,244
2020-09-02,Tuolumne,109,53932,216,190,3,193,1
2020-09-02,Ventura,111,848112,11732,11031,108,11139,111
2020-09-02,Yolo,113,214977,2597,2449,5,2454,54
2020-09-02,Yuba,115,75493,940,856,3,859,1
2020-09-01,Alameda,001,1643700,19411,18382,134,18516,248
2020-09-01,Alpine,003,1148,3,2,0,2,0
2020-09-01,Amador,005,37829,274,244,0,244,13
2020-09-01,Butte,007,227075,2494,2146,20,2166,26
2020-09-01,Calaveras,009,45235,274,228,0,228,1
2020-09-01,Colusa,011,21464,476,454,0,454,6
2020-09-01,Contra Costa,013,1133247,14998,13998,56,14054,158
2020-09-01,Del Norte,015,27424,116,108,0,108,2
2020-09-01,El Dorado,017,186661,1034,972,0,972,2
2020-09-01,Fresno,019,978130,28322,25542,299,25841,290
2020-09-01,Glenn,021,27897,492,449,0,449,3
2020-09-01,Humboldt,023,135768,426,378,1,379,4
2020-09-01,Imperial,025,180216,11347,9782,5,9787,250
2020-09-01,Inyo,027,18085,182,171,6,177,3
2020-09-01,Kern,029,883053,30193,29162,232,29394,332
2020-09-01,Kings,031,150075,6730,6088,36,6124,62
2020-09-01,Lake,033,64148,382,341,0,341,2
2020-09-01,Lassen,035,31185,725,706,2,708,0
2020-09-01,Los Angeles,037,10098052,247288,242633,1386,244019,5832
2020-09-01,Madera,039,155013,4014,3703,26,3729,41
2020-09-01,Marin,041,260295,6313,6102,15,6117,67
2020-09-01,Mariposa,043,17540,73,72,0,72,2
2020-09-01,Mendocino,045,87422,676,626,0,626,15
2020-09-01,Merced,047,269075,8289,8046,10,8056,103
2020-09-01,Modoc,049,8938,20,10,0,10,0
2020-09-01,Mono,051,14174,163,145,2,147,1
2020-09-01,Monterey,053,433212,8497,7926,22,7948,56
2020-09-01,Napa,055,140530,1519,1446,3,1449,10
2020-09-01,Nevada,057,99092,466,450,12,462,6
2020-09-01,Orange,059,3164182,51166,47671,1250,48921,976
2020-09-01,Placer,061,380077,3220,3013,12,3025,33
2020-09-01,Plumas,063,18699,44,39,0,39,0
2020-09-01,Riverside,065,2383286,54339,52785,58,52843,1027
2020-09-01,Sacramento,067,1510023,19171,18217,13,18230,305
2020-09-01,San Benito,069,59416,1180,1089,0,1089,4
2020-09-01,San Bernardino,071,2135413,49954,47371,324,47695,786
2020-09-01,San Diego,073,3302833,40955,38873,531,39404,688
2020-09-01,San Francisco,075,870044,9960,9492,16,9508,83
2020-09-01,San Joaquin,077,732212,18892,17915,38,17953,341
2020-09-01,San Luis Obispo,079,281455,3192,2970,15,2985,21
2020-09-01,San Mateo,081,765935,8872,8132,8,8140,122
2020-09-01,Santa Barbara,083,443738,9150,8142,65,8207,93
2020-09-01,Santa Clara,085,1922200,19096,17319,30,17349,204
2020-09-01,Santa Cruz,087,273765,1960,1752,18,1770,7
2020-09-01,Shasta,089,179085,640,527,3,530,9
2020-09-01,Sierra,091,2930,6,6,0,6,0
2020-09-01,Siskiyou,093,43540,141,128,8,136,0
2020-09-01,Solano,095,438530,5658,5438,40,5478,34
2020-09-01,Sonoma,097,501317,6248,5733,19,5752,60
2020-09-01,Stanislaus,099,539301,15490,14784,386,15170,212
2020-09-01,Sutter,101,95872,1456,1389,1,1390,10
2020-09-01,Tehama,103,63373,449,422,2,424,1
2020-09-01,Trinity,105,12862,37,13,5,18,0
2020-09-01,Tulare,107,460477,14875,14156,56,14212,241
2020-09-01,Tuolumne,109,53932,210,183,3,186,1
2020-09-01,Ventura,111,848112,11656,10899,102,11001,108
2020-09-01,Yolo,113,214977,2581,2440,5,2445,51
2020-09-01,Yuba,115,75493,931,841,3,844,1
2020-08-31,Alameda,001,1643700,19267,18148,134,18282,248
2020-08-31,Alpine,003,1148,3,2,0,2,0
2020-08-31,Amador,005,37829,274,243,0,243,13
2020-08-31,Butte,007,227075,2430,2069,20,2089,26
2020-08-31,Calaveras,009,45235,269,212,0,212,1
2020-08-31,Colusa,011,21464,475,443,0,443,6
2020-08-31,Contra Costa,013,1133247,14871,13902,53,13955,153
2020-08-31,Del Norte,015,27424,116,108,0,108,2
2020-08-31,El Dorado,017,186661,1027,965,0,965,2
2020-08-31,Fresno,019,978130,28102,25185,293,25478,290
2020-08-31,Glenn,021,27897,480,437,0,437,3
2020-08-31,Humboldt,023,135768,424,374,1,375,4
2020-08-31,Imperial,025,180216,11316,9759,5,9764,250
2020-08-31,Inyo,027,18085,181,160,6,166,3
2020-08-31,Kern,029,883053,30095,29067,231,29298,318
2020-08-31,Kings,031,150075,6462,6037,36,6073,62
2020-08-31,Lake,033,64148,366,341,0,341,2
2020-08-31,Lassen,035,31185,722,706,2,708,0
2020-08-31,Los Angeles,037,10098052,246174,241793,1358,243151,5787
2020-08-31,Madera,039,155013,3991,3662,25,3687,35
2020-08-31,Marin,041,260295,6277,6074,15,6089,67
2020-08-31,Mariposa,043,17540,73,69,0,69,2
2020-08-31,Mendocino,045,87422,664,618,0,618,15
2020-08-31,Merced,047,269075,8227,7991,10,8001,79
2020-08-31,Modoc,049,8938,18,10,0,10,0
2020-08-31,Mono,051,14174,163,145,2,147,1
2020-08-31,Monterey,053,433212,8390,7839,22,7861,56
2020-08-31,Napa,055,140530,1511,1434,3,1437,10
2020-08-31,Nevada,057,99092,464,447,12,459,6
2020-08-31,Orange,059,3164182,50966,47392,1222,48614,965
2020-08-31,Placer,061,380077,3171,2989,12,3001,33
2020-08-31,Plumas,063,18699,43,39,0,39,0
2020-08-31,Riverside,065,2383286,54118,52508,56,52564,1020
2020-08-31,Sacramento,067,1510023,18934,17999,13,18012,303
2020-08-31,San Benito,069,59416,1164,1080,0,1080,4
2020-08-31,San Bernardino,071,2135413,49743,47370,323,47693,755
2020-08-31,San Diego,073,3302833,40588,38606,498,39104,682
2020-08-31,San Francisco,075,870044,9881,9293,13,9306,83
2020-08-31,San Joaquin,077,732212,18805,17807,37,17844,338
2020-08-31,San Luis Obispo,079,281455,3169,2951,14,2965,21
2020-08-31,San Mateo,081,765935,8802,8065,8,8073,122
2020-08-31,Santa Barbara,083,443738,9103,8124,65,8189,94
2020-08-31,Santa Clara,085,1922200,18907,17211,30,17241,202
2020-08-31,Santa Cruz,087,273765,1935,1742,18,1760,7
2020-08-31,Shasta,089,179085,635,528,3,531,9
2020-08-31,Sierra,091,2930,6,6,0,6,0
2020-08-31,Siskiyou,093,43540,140,127,8,135,0
2020-08-31,Solano,095,438530,5626,5302,39,5341,34
2020-08-31,Sonoma,097,501317,6173,5650,19,5669,60
2020-08-31,Stanislaus,099,539301,15417,14685,376,15061,213
2020-08-31,Sutter,101,95872,1441,1365,1,1366,10
2020-08-31,Tehama,103,63373,446,421,2,423,1
2020-08-31,Trinity,105,12862,37,13,5,18,0
2020-08-31,Tulare,107,460477,14788,13985,55,14040,237
2020-08-31,Tuolumne,109,53932,210,178,3,181,1
2020-08-31,Ventura,111,848112,11568,10866,101,10967,108
2020-08-31,Yolo,113,214977,2563,2423,5,2428,51
2020-08-31,Yuba,115,75493,917,830,3,833,1
2020-08-30,Alameda,001,1643700,19143,18099,132,18231,248
2020-08-30,Alpine,003,1148,3,2,0,2,0
2020-08-30,Amador,005,37829,273,240,0,240,13
2020-08-30,Butte,007,227075,2349,1988,20,2008,26
2020-08-30,Calaveras,009,45235,260,211,0,211,1
2020-08-30,Colusa,011,21464,474,440,0,440,6
2020-08-30,Contra Costa,013,1133247,14733,13780,53,13833,150
2020-08-30,Del Norte,015,27424,115,108,0,108,2
2020-08-30,El Dorado,017,186661,1017,962,0,962,2
2020-08-30,Fresno,019,978130,27977,24963,292,25255,291
2020-08-30,Glenn,021,27897,473,437,0,437,3
2020-08-30,Humboldt,023,135768,413,362,1,363,4
2020-08-30,Imperial,025,180216,11297,9703,5,9708,250
2020-08-30,Inyo,027,18085,181,160,6,166,3
2020-08-30,Kern,029,883053,30002,28987,231,29218,317
2020-08-30,Kings,031,150075,6416,6000,36,6036,62
2020-08-30,Lake,033,64148,361,334,0,334,2
2020-08-30,Lassen,035,31185,720,706,2,708,0
2020-08-30,Los Angeles,037,10098052,245019,240775,1325,242100,5772
2020-08-30,Madera,039,155013,3962,3626,25,3651,33
2020-08-30,Marin,041,260295,6247,6060,15,6075,66
2020-08-30,Mariposa,043,17540,73,69,0,69,2
2020-08-30,Mendocino,045,87422,658,611,0,611,13
2020-08-30,Merced,047,269075,8152,7960,10,7970,79
2020-08-30,Modoc,049,8938,13,10,0,10,0
2020-08-30,Mono,051,14174,163,145,2,147,1
2020-08-30,Monterey,053,433212,8306,7816,22,7838,54
2020-08-30,Napa,055,140530,1499,1423,3,1426,10
2020-08-30,Nevada,057,99092,461,445,12,457,6
2020-08-30,Orange,059,3164182,50771,47283,1207,48490,965
2020-08-30,Placer,061,380077,3138,2961,12,2973,32
2020-08-30,Plumas,063,18699,42,39,0,39,0
2020-08-30,Riverside,065,2383286,53939,52227,54,52281,1017
2020-08-30,Sacramento,067,1510023,18756,17751,13,17764,300
2020-08-30,San Benito,069,59416,1154,1071,0,1071,4
2020-08-30,San Bernardino,071,2135413,49486,47201,322,47523,755
2020-08-30,San Diego,073,3302833,40190,38302,477,38779,682
2020-08-30,San Francisco,075,870044,9783,9294,10,9304,83
2020-08-30,San Joaquin,077,732212,18688,17637,36,17673,338
2020-08-30,San Luis Obispo,079,281455,3144,2934,14,2948,21
2020-08-30,San Mateo,081,765935,8725,8013,7,8020,122
2020-08-30,Santa Barbara,083,443738,9043,8088,65,8153,93
2020-08-30,Santa Clara,085,1922200,18731,17045,30,17075,202
2020-08-30,Santa Cruz,087,273765,1909,1743,18,1761,7
2020-08-30,Shasta,089,179085,632,525,3,528,9
2020-08-30,Sierra,091,2930,6,6,0,6,0
2020-08-30,Siskiyou,093,43540,138,125,8,133,0
2020-08-30,Solano,095,438530,5582,5303,39,5342,34
2020-08-30,Sonoma,097,501317,6115,5590,19,5609,60
2020-08-30,Stanislaus,099,539301,15346,14580,367,14947,209
2020-08-30,Sutter,101,95872,1419,1351,1,1352,10
2020-08-30,Tehama,103,63373,437,419,2,421,1
2020-08-30,Trinity,105,12862,37,13,5,18,0
2020-08-30,Tulare,107,460477,14693,13985,54,14039,236
2020-08-30,Tuolumne,109,53932,206,178,3,181,1
2020-08-30,Ventura,111,848112,11455,10775,96,10871,108
2020-08-30,Yolo,113,214977,2535,2391,4,2395,51
2020-08-30,Yuba,115,75493,903,832,3,835,1
2020-08-29,Alameda,001,1643700,19076,17888,132,18020,250
2020-08-29,Alpine,003,1148,3,2,0,2,0
2020-08-29,Amador,005,37829,273,239,0,239,13
2020-08-29,Butte,007,227075,2318,1948,20,1968,26
2020-08-29,Calaveras,009,45235,256,211,0,211,1
2020-08-29,Colusa,011,21464,471,440,0,440,6
2020-08-29,Contra Costa,013,1133247,14660,13663,52,13715,159
2020-08-29,Del Norte,015,27424,115,108,0,108,1
2020-08-29,El Dorado,017,186661,1014,958,0,958,2
2020-08-29,Fresno,019,978130,27922,24821,292,25113,291
2020-08-29,Glenn,021,27897,467,437,0,437,3
2020-08-29,Humboldt,023,135768,410,363,1,364,4
2020-08-29,Imperial,025,180216,11282,9698,5,9703,250
2020-08-29,Inyo,027,18085,181,160,6,166,3
2020-08-29,Kern,029,883053,29961,28947,230,29177,317
2020-08-29,Kings,031,150075,6401,5906,36,5942,62
2020-08-29,Lake,033,64148,360,329,0,329,2
2020-08-29,Lassen,035,31185,720,706,2,708,0
2020-08-29,Los Angeles,037,10098052,244367,239815,1312,241127,5762
2020-08-29,Madera,039,155013,3953,3605,24,3629,33
2020-08-29,Marin,041,260295,6235,6007,15,6022,64
2020-08-29,Mariposa,043,17540,73,69,0,69,2
2020-08-29,Mendocino,045,87422,653,596,0,596,13
2020-08-29,Merced,047,269075,8122,7867,10,7877,79
2020-08-29,Modoc,049,8938,13,9,0,9,0
2020-08-29,Mono,051,14174,163,145,2,147,1
2020-08-29,Monterey,053,433212,8261,7680,22,7702,53
2020-08-29,Napa,055,140530,1496,1413,3,1416,10
2020-08-29,Nevada,057,99092,461,442,12,454,5
2020-08-29,Orange,059,3164182,50660,47007,1197,48204,960
2020-08-29,Placer,061,380077,3121,2935,12,2947,32
2020-08-29,Plumas,063,18699,41,39,0,39,0
2020-08-29,Riverside,065,2383286,53828,51918,52,51970,1016
2020-08-29,Sacramento,067,1510023,18684,17588,13,17601,291
2020-08-29,San Benito,069,59416,1145,1045,0,1045,4
2020-08-29,San Bernardino,071,2135413,49371,46849,322,47171,755
2020-08-29,San Diego,073,3302833,39924,38049,459,38508,694
2020-08-29,San Francisco,075,870044,9755,9291,9,9300,83
2020-08-29,San Joaquin,077,732212,18644,17493,36,17529,335
2020-08-29,San Luis Obispo,079,281455,3120,2917,14,2931,21
2020-08-29,San Mateo,081,765935,8683,7928,7,7935,122
2020-08-29,Santa Barbara,083,443738,9017,8052,64,8116,93
2020-08-29,Santa Clara,085,1922200,18634,16898,29,16927,202
2020-08-29,Santa Cruz,087,273765,1897,1746,18,1764,7
2020-08-29,Shasta,089,179085,624,522,3,525,9
2020-08-29,Sierra,091,2930,6,6,0,6,0
2020-08-29,Siskiyou,093,43540,138,121,8,129,0
2020-08-29,Solano,095,438530,5561,5303,39,5342,34
2020-08-29,Sonoma,097,501317,6081,5537,19,5556,60
2020-08-29,Stanislaus,099,539301,15297,14479,357,14836,208
2020-08-29,Sutter,101,95872,1414,1333,1,1334,9
2020-08-29,Tehama,103,63373,436,417,2,419,1
2020-08-29,Trinity,105,12862,37,11,5,16,0
2020-08-29,Tulare,107,460477,14655,13890,53,13943,236
2020-08-29,Tuolumne,109,53932,206,178,3,181,1
2020-08-29,Ventura,111,848112,11413,10705,96,10801,108
2020-08-29,Yolo,113,214977,2517,2357,4,2361,51
2020-08-29,Yuba,115,75493,894,822,3,825,1
2020-08-28,Alameda,001,1643700,18993,17729,131,17860,237
2020-08-28,Alpine,003,1148,3,2,0,2,0
2020-08-28,Amador,005,37829,273,234,0,234,13
2020-08-28,Butte,007,227075,2288,1886,20,1906,25
2020-08-28,Calaveras,009,45235,254,207,0,207,1
2020-08-28,Colusa,011,21464,470,441,0,441,6
2020-08-28,Contra Costa,013,1133247,14589,13522,51,13573,158
2020-08-28,Del Norte,015,27424,115,107,0,107,1
2020-08-28,El Dorado,017,186661,1008,949,0,949,2
2020-08-28,Fresno,019,978130,27787,24612,292,24904,282
2020-08-28,Glenn,021,27897,460,429,0,429,3
2020-08-28,Humboldt,023,135768,406,362,1,363,4
2020-08-28,Imperial,025,180216,11268,9656,5,9661,241
2020-08-28,Inyo,027,18085,180,160,5,165,2
2020-08-28,Kern,029,883053,29913,28744,230,28974,306
2020-08-28,Kings,031,150075,6394,5829,35,5864,62
2020-08-28,Lake,033,64148,355,320,0,320,2
2020-08-28,Lassen,035,31185,720,704,2,706,0
2020-08-28,Los Angeles,037,10098052,243558,238544,1288,239832,5740
2020-08-28,Madera,039,155013,3934,3552,24,3576,33
2020-08-28,Marin,041,260295,6213,5991,15,6006,63
2020-08-28,Mariposa,043,17540,73,67,0,67,2
2020-08-28,Mendocino,045,87422,648,588,0,588,11
2020-08-28,Merced,047,269075,8092,7803,10,7813,77
2020-08-28,Modoc,049,8938,13,6,0,6,0
2020-08-28,Mono,051,14174,163,145,2,147,1
2020-08-28,Monterey,053,433212,8204,7591,22,7613,53
2020-08-28,Napa,055,140530,1488,1403,3,1406,10
2020-08-28,Nevada,057,99092,460,438,12,450,5
2020-08-28,Orange,059,3164182,50560,46696,1182,47878,942
2020-08-28,Placer,061,380077,3110,2891,12,2903,32
2020-08-28,Plumas,063,18699,41,39,0,39,0
2020-08-28,Riverside,065,2383286,53697,51510,49,51559,1008
2020-08-28,Sacramento,067,1510023,18587,17119,13,17132,283
2020-08-28,San Benito,069,59416,1129,1016,0,1016,3
2020-08-28,San Bernardino,071,2135413,49253,46553,318,46871,754
2020-08-28,San Diego,073,3302833,39694,37786,444,38230,676
2020-08-28,San Francisco,075,870044,9701,9135,9,9144,83
2020-08-28,San Joaquin,077,732212,18591,17114,35,17149,314
2020-08-28,San Luis Obispo,079,281455,3103,2849,14,2863,20
2020-08-28,San Mateo,081,765935,8636,7783,7,7790,121
2020-08-28,Santa Barbara,083,443738,8983,8001,64,8065,92
2020-08-28,Santa Clara,085,1922200,18503,16696,29,16725,201
2020-08-28,Santa Cruz,087,273765,1885,1747,18,1765,7
2020-08-28,Shasta,089,179085,620,516,3,519,9
2020-08-28,Sierra,091,2930,6,6,0,6,0
2020-08-28,Siskiyou,093,43540,136,119,8,127,0
2020-08-28,Solano,095,438530,5542,5219,39,5258,34
2020-08-28,Sonoma,097,501317,6046,5425,18,5443,58
2020-08-28,Stanislaus,099,539301,15255,14176,353,14529,190
2020-08-28,Sutter,101,95872,1404,1308,1,1309,9
2020-08-28,Tehama,103,63373,431,410,2,412,1
2020-08-28,Trinity,105,12862,37,11,5,16,0
2020-08-28,Tulare,107,460477,14609,13776,53,13829,236
2020-08-28,Tuolumne,109,53932,206,176,3,179,1
2020-08-28,Ventura,111,848112,11377,10606,94,10700,103
2020-08-28,Yolo,113,214977,2508,2323,4,2327,51
2020-08-28,Yuba,115,75493,885,810,3,813,1
2020-08-27,Alameda,001,1643700,18848,17584,128,17712,234
2020-08-27,Alpine,003,1148,3,2,0,2,0
2020-08-27,Amador,005,37829,272,233,0,233,13
2020-08-27,Butte,007,227075,2222,1803,19,1822,25
2020-08-27,Calaveras,009,45235,248,204,0,204,1
2020-08-27,Colusa,011,21464,468,438,0,438,6
2020-08-27,Contra Costa,013,1133247,14489,13379,50,13429,158
2020-08-27,Del Norte,015,27424,115,107,0,107,1
2020-08-27,El Dorado,017,186661,1004,942,0,942,2
2020-08-27,Fresno,019,978130,27605,24367,288,24655,272
2020-08-27,Glenn,021,27897,452,429,0,429,3
2020-08-27,Humboldt,023,135768,398,358,1,359,4
2020-08-27,Imperial,025,180216,11241,9608,5,9613,235
2020-08-27,Inyo,027,18085,180,157,4,161,2
2020-08-27,Kern,029,883053,29841,28635,221,28856,294
2020-08-27,Kings,031,150075,6372,5759,35,5794,62
2020-08-27,Lake,033,64148,353,314,0,314,2
2020-08-27,Lassen,035,31185,720,703,2,705,0
2020-08-27,Los Angeles,037,10098052,242553,237103,1271,238374,5704
2020-08-27,Madera,039,155013,3908,3465,24,3489,33
2020-08-27,Marin,041,260295,6189,5929,15,5944,62
2020-08-27,Mariposa,043,17540,73,67,0,67,2
2020-08-27,Mendocino,045,87422,639,581,0,581,10
2020-08-27,Merced,047,269075,8048,7765,10,7775,75
2020-08-27,Modoc,049,8938,11,5,0,5,0
2020-08-27,Mono,051,14174,163,145,2,147,1
2020-08-27,Monterey,053,433212,8110,7501,22,7523,52
2020-08-27,Napa,055,140530,1482,1397,3,1400,10
2020-08-27,Nevada,057,99092,457,435,12,447,5
2020-08-27,Orange,059,3164182,50400,46449,1171,47620,935
2020-08-27,Placer,061,380077,3079,2869,12,2881,32
2020-08-27,Plumas,063,18699,40,39,0,39,0
2020-08-27,Riverside,065,2383286,53489,51306,46,51352,999
2020-08-27,Sacramento,067,1510023,18389,16875,13,16888,281
2020-08-27,San Benito,069,59416,1113,987,0,987,3
2020-08-27,San Bernardino,071,2135413,49027,46345,311,46656,751
2020-08-27,San Diego,073,3302833,39423,37501,424,37925,673
2020-08-27,San Francisco,075,870044,9635,9014,9,9023,83
2020-08-27,San Joaquin,077,732212,18511,16989,35,17024,314
2020-08-27,San Luis Obispo,079,281455,3078,2808,14,2822,20
2020-08-27,San Mateo,081,765935,8527,7728,7,7735,121
2020-08-27,Santa Barbara,083,443738,8945,7934,64,7998,92
2020-08-27,Santa Clara,085,1922200,18319,16495,29,16524,199
2020-08-27,Santa Cruz,087,273765,1868,1734,18,1752,7
2020-08-27,Shasta,089,179085,614,512,3,515,9
2020-08-27,Sierra,091,2930,6,6,0,6,0
2020-08-27,Siskiyou,093,43540,136,118,8,126,0
2020-08-27,Solano,095,438530,5504,5167,39,5206,34
2020-08-27,Sonoma,097,501317,5934,5357,18,5375,58
2020-08-27,Stanislaus,099,539301,15174,14080,350,14430,186
2020-08-27,Sutter,101,95872,1384,1296,1,1297,9
2020-08-27,Tehama,103,63373,427,398,2,400,1
2020-08-27,Trinity,105,12862,37,11,5,16,0
2020-08-27,Tulare,107,460477,14517,13666,52,13718,231
2020-08-27,Tuolumne,109,53932,201,174,3,177,1
2020-08-27,Ventura,111,848112,11314,10483,90,10573,102
2020-08-27,Yolo,113,214977,2484,2293,4,2297,51
2020-08-27,Yuba,115,75493,874,807,3,810,1
2020-08-26,Alameda,001,1643700,18686,17373,128,17501,233
2020-08-26,Alpine,003,1148,3,2,0,2,0
2020-08-26,Amador,005,37829,272,229,0,229,13
2020-08-26,Butte,007,227075,2155,1765,17,1782,25
2020-08-26,Calaveras,009,45235,240,201,0,201,1
2020-08-26,Colusa,011,21464,462,433,0,433,5
2020-08-26,Contra Costa,013,1133247,14351,13248,50,13298,157
2020-08-26,Del Norte,015,27424,114,86,0,86,1
2020-08-26,El Dorado,017,186661,1002,938,0,938,2
2020-08-26,Fresno,019,978130,27457,24071,286,24357,255
2020-08-26,Glenn,021,27897,450,429,0,429,3
2020-08-26,Humboldt,023,135768,386,357,1,358,4
2020-08-26,Imperial,025,180216,11219,9453,5,9458,227
2020-08-26,Inyo,027,18085,177,157,4,161,2
2020-08-26,Kern,029,883053,29703,28507,217,28724,286
2020-08-26,Kings,031,150075,6351,5720,35,5755,62
2020-08-26,Lake,033,64148,348,308,0,308,2
2020-08-26,Lassen,035,31185,720,702,2,704,0
2020-08-26,Los Angeles,037,10098052,241519,235499,1238,236737,5665
2020-08-26,Madera,039,155013,3879,3458,24,3482,32
2020-08-26,Marin,041,260295,6172,5887,15,5902,56
2020-08-26,Mariposa,043,17540,73,68,0,68,2
2020-08-26,Mendocino,045,87422,628,581,0,581,10
2020-08-26,Merced,047,269075,8015,7720,10,7730,74
2020-08-26,Modoc,049,8938,8,5,0,5,0
2020-08-26,Mono,051,14174,163,141,2,143,1
2020-08-26,Monterey,053,433212,8017,7439,22,7461,51
2020-08-26,Napa,055,140530,1469,1382,3,1385,10
2020-08-26,Nevada,057,99092,454,432,12,444,2
2020-08-26,Orange,059,3164182,50216,46157,1156,47313,905
2020-08-26,Placer,061,380077,3057,2846,10,2856,32
2020-08-26,Plumas,063,18699,39,39,0,39,0
2020-08-26,Riverside,065,2383286,53247,51138,46,51184,987
2020-08-26,Sacramento,067,1510023,18226,16708,13,16721,271
2020-08-26,San Benito,069,59416,1098,978,0,978,3
2020-08-26,San Bernardino,071,2135413,48818,45840,307,46147,743
2020-08-26,San Diego,073,3302833,39085,37224,397,37621,668
2020-08-26,San Francisco,075,870044,9559,8938,9,8947,81
2020-08-26,San Joaquin,077,732212,18422,16845,34,16879,309
2020-08-26,San Luis Obispo,079,281455,3050,2761,14,2775,20
2020-08-26,San Mateo,081,765935,8460,7655,7,7662,121
2020-08-26,Santa Barbara,083,443738,8911,7904,64,7968,90
2020-08-26,Santa Clara,085,1922200,18141,16283,29,16312,198
2020-08-26,Santa Cruz,087,273765,1857,1726,18,1744,7
2020-08-26,Shasta,089,179085,609,511,3,514,9
2020-08-26,Sierra,091,2930,6,6,0,6,0
2020-08-26,Siskiyou,093,43540,133,109,8,117,0
2020-08-26,Solano,095,438530,5480,5131,38,5169,34
2020-08-26,Sonoma,097,501317,5860,5283,18,5301,58
2020-08-26,Stanislaus,099,539301,15097,13964,344,14308,186
2020-08-26,Sutter,101,95872,1366,1275,1,1276,9
2020-08-26,Tehama,103,63373,424,396,2,398,1
2020-08-26,Trinity,105,12862,36,10,5,15,0
2020-08-26,Tulare,107,460477,14450,13568,52,13620,232
2020-08-26,Tuolumne,109,53932,200,172,3,175,1
2020-08-26,Ventura,111,848112,11242,10412,83,10495,100
2020-08-26,Yolo,113,214977,2462,2279,4,2283,49
2020-08-26,Yuba,115,75493,859,779,3,782,1
2020-08-25,Alameda,001,1643700,18529,17278,128,17406,232
2020-08-25,Alpine,003,1148,3,2,0,2,0
2020-08-25,Amador,005,37829,272,227,0,227,13
2020-08-25,Butte,007,227075,2088,1718,17,1735,24
2020-08-25,Calaveras,009,45235,238,196,0,196,1
2020-08-25,Colusa,011,21464,455,430,0,430,5
2020-08-25,Contra Costa,013,1133247,14213,13181,49,13230,156
2020-08-25,Del Norte,015,27424,113,83,0,83,1
2020-08-25,El Dorado,017,186661,999,928,0,928,2
2020-08-25,Fresno,019,978130,27268,23932,285,24217,250
2020-08-25,Glenn,021,27897,447,429,0,429,3
2020-08-25,Humboldt,023,135768,381,342,1,343,4
2020-08-25,Imperial,025,180216,11191,9381,5,9386,217
2020-08-25,Inyo,027,18085,175,144,4,148,1
2020-08-25,Kern,029,883053,29566,28416,217,28633,285
2020-08-25,Kings,031,150075,6194,5702,35,5737,59
2020-08-25,Lake,033,64148,343,304,0,304,2
2020-08-25,Lassen,035,31185,719,692,2,694,0
2020-08-25,Los Angeles,037,10098052,240191,233961,1186,235147,5612
2020-08-25,Madera,039,155013,3864,3446,23,3469,32
2020-08-25,Marin,041,260295,6134,5860,15,5875,56
2020-08-25,Mariposa,043,17540,73,67,0,67,2
2020-08-25,Mendocino,045,87422,620,571,0,571,10
2020-08-25,Merced,047,269075,7948,7693,9,7702,69
2020-08-25,Modoc,049,8938,8,5,0,5,0
2020-08-25,Mono,051,14174,163,129,2,131,1
2020-08-25,Monterey,053,433212,7937,7333,22,7355,51
2020-08-25,Napa,055,140530,1462,1374,3,1377,10
2020-08-25,Nevada,057,99092,451,430,12,442,2
2020-08-25,Orange,059,3164182,50022,45737,1140,46877,902
2020-08-25,Placer,061,380077,3038,2829,7,2836,31
2020-08-25,Plumas,063,18699,39,39,0,39,0
2020-08-25,Riverside,065,2383286,53016,50889,46,50935,981
2020-08-25,Sacramento,067,1510023,18073,16601,13,16614,265
2020-08-25,San Benito,069,59416,1082,973,0,973,3
2020-08-25,San Bernardino,071,2135413,48583,45544,304,45848,727
2020-08-25,San Diego,073,3302833,38806,36996,375,37371,665
2020-08-25,San Francisco,075,870044,9481,8848,9,8857,81
2020-08-25,San Joaquin,077,732212,18295,16795,34,16829,306
2020-08-25,San Luis Obispo,079,281455,2992,2731,13,2744,20
2020-08-25,San Mateo,081,765935,8400,7636,7,7643,120
2020-08-25,Santa Barbara,083,443738,8859,7854,64,7918,90
2020-08-25,Santa Clara,085,1922200,17969,16199,29,16228,194
2020-08-25,Santa Cruz,087,273765,1838,1708,18,1726,7
2020-08-25,Shasta,089,179085,605,511,3,514,9
2020-08-25,Sierra,091,2930,6,6,0,6,0
2020-08-25,Siskiyou,093,43540,132,109,8,117,0
2020-08-25,Solano,095,438530,5419,5114,38,5152,34
2020-08-25,Sonoma,097,501317,5775,5148,18,5166,56
2020-08-25,Stanislaus,099,539301,14989,13886,333,14219,182
2020-08-25,Sutter,101,95872,1349,1259,1,1260,9
2020-08-25,Tehama,103,63373,421,394,2,396,1
2020-08-25,Trinity,105,12862,34,10,5,15,0
2020-08-25,Tulare,107,460477,14347,13514,51,13565,224
2020-08-25,Tuolumne,109,53932,198,172,3,175,1
2020-08-25,Ventura,111,848112,11157,10313,78,10391,99
2020-08-25,Yolo,113,214977,2449,2254,4,2258,50
2020-08-25,Yuba,115,75493,849,775,3,778,1
2020-08-24,Alameda,001,1643700,18335,16913,127,17040,231
2020-08-24,Alpine,003,1148,3,2,0,2,0
2020-08-24,Amador,005,37829,270,227,0,227,13
2020-08-24,Butte,007,227075,2004,1649,17,1666,23
2020-08-24,Calaveras,009,45235,228,187,0,187,1
2020-08-24,Colusa,011,21464,451,425,0,425,5
2020-08-24,Contra Costa,013,1133247,14098,12906,47,12953,153
2020-08-24,Del Norte,015,27424,113,80,0,80,1
2020-08-24,El Dorado,017,186661,991,908,0,908,2
2020-08-24,Fresno,019,978130,27081,23618,278,23896,235
2020-08-24,Glenn,021,27897,445,421,0,421,2
2020-08-24,Humboldt,023,135768,377,340,1,341,4
2020-08-24,Imperial,025,180216,11157,9323,5,9328,210
2020-08-24,Inyo,027,18085,171,144,4,148,2
2020-08-24,Kern,029,883053,29469,28157,211,28368,277
2020-08-24,Kings,031,150075,6106,5652,35,5687,60
2020-08-24,Lake,033,64148,329,302,0,302,2
2020-08-24,Lassen,035,31185,719,693,2,695,0
2020-08-24,Los Angeles,037,10098052,238825,233036,1166,234202,5562
2020-08-24,Madera,039,155013,3837,3418,23,3441,32
2020-08-24,Marin,041,260295,6071,5834,15,5849,56
2020-08-24,Mariposa,043,17540,71,66,0,66,2
2020-08-24,Mendocino,045,87422,605,550,0,550,10
2020-08-24,Merced,047,269075,7870,7605,9,7614,69
2020-08-24,Modoc,049,8938,8,5,0,5,0
2020-08-24,Mono,051,14174,163,129,2,131,1
2020-08-24,Monterey,053,433212,7828,7212,21,7233,50
2020-08-24,Napa,055,140530,1449,1358,3,1361,10
2020-08-24,Nevada,057,99092,446,423,12,435,2
2020-08-24,Orange,059,3164182,49829,45536,1130,46666,887
2020-08-24,Placer,061,380077,2992,2793,7,2800,31
2020-08-24,Plumas,063,18699,39,37,0,37,0
2020-08-24,Riverside,065,2383286,52739,50496,46,50542,975
2020-08-24,Sacramento,067,1510023,17876,16318,13,16331,249
2020-08-24,San Benito,069,59416,1061,961,0,961,3
2020-08-24,San Bernardino,071,2135413,48320,45199,302,45501,720
2020-08-24,San Diego,073,3302833,38518,36729,347,37076,660
2020-08-24,San Francisco,075,870044,9398,8621,9,8630,81
2020-08-24,San Joaquin,077,732212,18154,16565,33,16598,305
2020-08-24,San Luis Obispo,079,281455,2964,2705,13,2718,20
2020-08-24,San Mateo,081,765935,8333,7502,7,7509,120
2020-08-24,Santa Barbara,083,443738,8817,7784,64,7848,90
2020-08-24,Santa Clara,085,1922200,17765,16049,29,16078,192
2020-08-24,Santa Cruz,087,273765,1818,1627,17,1644,6
2020-08-24,Shasta,089,179085,603,505,3,508,9
2020-08-24,Sierra,091,2930,6,6,0,6,0
2020-08-24,Siskiyou,093,43540,128,107,8,115,0
2020-08-24,Solano,095,438530,5370,4979,36,5015,32
2020-08-24,Sonoma,097,501317,5673,5071,18,5089,56
2020-08-24,Stanislaus,099,539301,14891,13521,318,13839,171
2020-08-24,Sutter,101,95872,1330,1219,1,1220,9
2020-08-24,Tehama,103,63373,416,388,2,390,1
2020-08-24,Trinity,105,12862,34,10,5,15,0
2020-08-24,Tulare,107,460477,14240,13360,50,13410,223
2020-08-24,Tuolumne,109,53932,197,170,3,173,1
2020-08-24,Ventura,111,848112,11077,10261,75,10336,99
2020-08-24,Yolo,113,214977,2414,2239,4,2243,47
2020-08-24,Yuba,115,75493,832,750,3,753,1
2020-08-23,Alameda,001,1643700,18112,16786,126,16912,231
2020-08-23,Alpine,003,1148,3,2,0,2,0
2020-08-23,Amador,005,37829,267,227,0,227,13
2020-08-23,Butte,007,227075,1890,1637,17,1654,23
2020-08-23,Calaveras,009,45235,218,187,0,187,1
2020-08-23,Colusa,011,21464,444,424,0,424,5
2020-08-23,Contra Costa,013,1133247,13938,12642,47,12689,153
2020-08-23,Del Norte,015,27424,113,80,0,80,1
2020-08-23,El Dorado,017,186661,978,901,0,901,2
2020-08-23,Fresno,019,978130,26877,23414,273,23687,235
2020-08-23,Glenn,021,27897,438,421,0,421,2
2020-08-23,Humboldt,023,135768,375,341,1,342,4
2020-08-23,Imperial,025,180216,11129,9243,5,9248,210
2020-08-23,Inyo,027,18085,168,144,4,148,2
2020-08-23,Kern,029,883053,29320,28028,206,28234,277
2020-08-23,Kings,031,150075,6064,5628,35,5663,60
2020-08-23,Lake,033,64148,325,299,0,299,2
2020-08-23,Lassen,035,31185,718,693,2,695,0
2020-08-23,Los Angeles,037,10098052,237222,231833,1093,232926,5549
2020-08-23,Madera,039,155013,3805,3401,22,3423,32
2020-08-23,Marin,041,260295,6032,5807,14,5821,50
2020-08-23,Mariposa,043,17540,71,66,0,66,2
2020-08-23,Mendocino,045,87422,601,550,0,550,10
2020-08-23,Merced,047,269075,7801,7574,8,7582,69
2020-08-23,Modoc,049,8938,7,5,0,5,0
2020-08-23,Mono,051,14174,163,129,2,131,1
2020-08-23,Monterey,053,433212,7738,7173,21,7194,50
2020-08-23,Napa,055,140530,1437,1348,3,1351,10
2020-08-23,Nevada,057,99092,441,421,12,433,2
2020-08-23,Orange,059,3164182,49592,45267,1118,46385,887
2020-08-23,Placer,061,380077,2953,2772,7,2779,31
2020-08-23,Plumas,063,18699,39,37,0,37,0
2020-08-23,Riverside,065,2383286,52470,50293,44,50337,955
2020-08-23,Sacramento,067,1510023,17652,16084,12,16096,243
2020-08-23,San Benito,069,59416,1048,938,0,938,3
2020-08-23,San Bernardino,071,2135413,48051,45010,292,45302,719
2020-08-23,San Diego,073,3302833,38197,36542,320,36862,660
2020-08-23,San Francisco,075,870044,9303,8564,8,8572,80
2020-08-23,San Joaquin,077,732212,18021,16069,32,16101,305
2020-08-23,San Luis Obispo,079,281455,2922,2679,13,2692,20
2020-08-23,San Mateo,081,765935,8238,7450,7,7457,120
2020-08-23,Santa Barbara,083,443738,8749,7725,64,7789,90
2020-08-23,Santa Clara,085,1922200,17571,15912,27,15939,191
2020-08-23,Santa Cruz,087,273765,1792,1627,17,1644,6
2020-08-23,Shasta,089,179085,598,501,3,504,9
2020-08-23,Sierra,091,2930,6,6,0,6,0
2020-08-23,Siskiyou,093,43540,123,107,8,115,0
2020-08-23,Solano,095,438530,5312,4977,34,5011,32
2020-08-23,Sonoma,097,501317,5585,5018,18,5036,56
2020-08-23,Stanislaus,099,539301,14756,13483,294,13777,171
2020-08-23,Sutter,101,95872,1308,1203,1,1204,9
2020-08-23,Tehama,103,63373,406,381,2,383,1
2020-08-23,Trinity,105,12862,34,10,5,15,0
2020-08-23,Tulare,107,460477,14109,13303,46,13349,223
2020-08-23,Tuolumne,109,53932,194,164,3,167,1
2020-08-23,Ventura,111,848112,10976,10126,70,10196,99
2020-08-23,Yolo,113,214977,2386,2210,4,2214,47
2020-08-23,Yuba,115,75493,811,750,3,753,1
2020-08-22,Alameda,001,1643700,18018,16648,125,16773,231
2020-08-22,Alpine,003,1148,3,2,0,2,0
2020-08-22,Amador,005,37829,266,224,0,224,13
2020-08-22,Butte,007,227075,1839,1618,17,1635,22
2020-08-22,Calaveras,009,45235,215,187,0,187,1
2020-08-22,Colusa,011,21464,440,419,0,419,5
2020-08-22,Contra Costa,013,1133247,13851,12522,47,12569,153
2020-08-22,Del Norte,015,27424,112,80,0,80,1
2020-08-22,El Dorado,017,186661,976,900,0,900,2
2020-08-22,Fresno,019,978130,26780,23197,272,23469,235
2020-08-22,Glenn,021,27897,437,421,0,421,2
2020-08-22,Humboldt,023,135768,365,334,1,335,4
2020-08-22,Imperial,025,180216,11121,9244,5,9249,210
2020-08-22,Inyo,027,18085,168,144,4,148,1
2020-08-22,Kern,029,883053,29266,27807,206,28013,277
2020-08-22,Kings,031,150075,6055,5447,35,5482,60
2020-08-22,Lake,033,64148,323,291,0,291,2
2020-08-22,Lassen,035,31185,718,693,2,695,0
2020-08-22,Los Angeles,037,10098052,236564,230858,1075,231933,5540
2020-08-22,Madera,039,155013,3786,3330,22,3352,32
2020-08-22,Marin,041,260295,6020,5789,14,5803,49
2020-08-22,Mariposa,043,17540,71,66,0,66,2
2020-08-22,Mendocino,045,87422,598,529,0,529,10
2020-08-22,Merced,047,269075,7773,7493,8,7501,69
2020-08-22,Modoc,049,8938,7,5,0,5,0
2020-08-22,Mono,051,14174,163,129,2,131,1
2020-08-22,Monterey,053,433212,7690,7081,21,7102,50
2020-08-22,Napa,055,140530,1432,1328,3,1331,11
2020-08-22,Nevada,057,99092,441,411,12,423,2
2020-08-22,Orange,059,3164182,49450,45131,1112,46243,885
2020-08-22,Placer,061,380077,2939,2734,7,2741,30
2020-08-22,Plumas,063,18699,39,37,0,37,0
2020-08-22,Riverside,065,2383286,52321,49944,43,49987,953
2020-08-22,Sacramento,067,1510023,17540,15516,12,15528,239
2020-08-22,San Benito,069,59416,1032,912,0,912,3
2020-08-22,San Bernardino,071,2135413,47922,44803,288,45091,719
2020-08-22,San Diego,073,3302833,38015,36205,309,36514,673
2020-08-22,San Francisco,075,870044,9243,8568,8,8576,80
2020-08-22,San Joaquin,077,732212,17965,16068,32,16100,305
2020-08-22,San Luis Obispo,079,281455,2897,2660,13,2673,20
2020-08-22,San Mateo,081,765935,8191,7361,7,7368,120
2020-08-22,Santa Barbara,083,443738,8723,7685,64,7749,90
2020-08-22,Santa Clara,085,1922200,17463,15590,27,15617,190
2020-08-22,Santa Cruz,087,273765,1776,1628,16,1644,6
2020-08-22,Shasta,089,179085,596,493,3,496,9
2020-08-22,Sierra,091,2930,6,6,0,6,0
2020-08-22,Siskiyou,093,43540,123,106,8,114,0
2020-08-22,Solano,095,438530,5282,4944,33,4977,32
2020-08-22,Sonoma,097,501317,5539,4891,18,4909,57
2020-08-22,Stanislaus,099,539301,14707,13380,275,13655,170
2020-08-22,Sutter,101,95872,1301,1189,1,1190,8
2020-08-22,Tehama,103,63373,405,368,2,370,1
2020-08-22,Trinity,105,12862,34,8,5,13,0
2020-08-22,Tulare,107,460477,14042,13196,46,13242,222
2020-08-22,Tuolumne,109,53932,192,162,3,165,1
2020-08-22,Ventura,111,848112,10921,9959,68,10027,99
2020-08-22,Yolo,113,214977,2370,2188,4,2192,47
2020-08-22,Yuba,115,75493,799,738,3,741,1
2020-08-21,Alameda,001,1643700,17927,16413,125,16538,232
2020-08-21,Alpine,003,1148,3,2,0,2,0
2020-08-21,Amador,005,37829,265,223,0,223,11
2020-08-21,Butte,007,227075,1800,1582,17,1599,19
2020-08-21,Calaveras,009,45235,215,182,0,182,1
2020-08-21,Colusa,011,21464,438,418,0,418,5
2020-08-21,Contra Costa,013,1133247,13761,12333,46,12379,149
2020-08-21,Del Norte,015,27424,112,78,0,78,1
2020-08-21,El Dorado,017,186661,972,885,0,885,2
2020-08-21,Fresno,019,978130,26610,22840,271,23111,232
2020-08-21,Glenn,021,27897,433,418,0,418,2
2020-08-21,Humboldt,023,135768,362,331,1,332,4
2020-08-21,Imperial,025,180216,11105,9166,5,9171,204
2020-08-21,Inyo,027,18085,168,144,4,148,1
2020-08-21,Kern,029,883053,29207,27567,204,27771,269
2020-08-21,Kings,031,150075,6033,5391,35,5426,60
2020-08-21,Lake,033,64148,321,281,0,281,2
2020-08-21,Lassen,035,31185,718,693,2,695,0
2020-08-21,Los Angeles,037,10098052,235687,229235,1054,230289,5494
2020-08-21,Madera,039,155013,3756,3271,22,3293,31
2020-08-21,Marin,041,260295,6000,5762,14,5776,49
2020-08-21,Mariposa,043,17540,71,66,0,66,2
2020-08-21,Mendocino,045,87422,588,505,0,505,10
2020-08-21,Merced,047,269075,7744,7357,8,7365,69
2020-08-21,Modoc,049,8938,7,5,0,5,0
2020-08-21,Mono,051,14174,163,128,2,130,1
2020-08-21,Monterey,053,433212,7618,6974,21,6995,49
2020-08-21,Napa,055,140530,1423,1317,3,1320,10
2020-08-21,Nevada,057,99092,440,406,12,418,2
2020-08-21,Orange,059,3164182,49309,44625,1103,45728,875
2020-08-21,Placer,061,380077,2923,2698,6,2704,30
2020-08-21,Plumas,063,18699,39,36,0,36,0
2020-08-21,Riverside,065,2383286,52127,49409,43,49452,932
2020-08-21,Sacramento,067,1510023,17417,15247,12,15259,237
2020-08-21,San Benito,069,59416,1022,891,0,891,3
2020-08-21,San Bernardino,071,2135413,47802,44249,284,44533,668
2020-08-21,San Diego,073,3302833,37811,35914,292,36206,652
2020-08-21,San Francisco,075,870044,9193,8375,8,8383,80
2020-08-21,San Joaquin,077,732212,17882,15888,30,15918,301
2020-08-21,San Luis Obispo,079,281455,2874,2640,13,2653,19
2020-08-21,San Mateo,081,765935,8132,7253,7,7260,120
2020-08-21,Santa Barbara,083,443738,8682,7645,64,7709,86
2020-08-21,Santa Clara,085,1922200,17311,15399,27,15426,190
2020-08-21,Santa Cruz,087,273765,1764,1617,16,1633,6
2020-08-21,Shasta,089,179085,596,486,3,489,9
2020-08-21,Sierra,091,2930,6,6,0,6,0
2020-08-21,Siskiyou,093,43540,123,103,6,109,0
2020-08-21,Solano,095,438530,5259,4891,32,4923,32
2020-08-21,Sonoma,097,501317,5469,4816,18,4834,57
2020-08-21,Stanislaus,099,539301,14638,13282,260,13542,161
2020-08-21,Sutter,101,95872,1288,1173,1,1174,8
2020-08-21,Tehama,103,63373,403,357,2,359,1
2020-08-21,Trinity,105,12862,34,8,5,13,0
2020-08-21,Tulare,107,460477,13970,13002,45,13047,217
2020-08-21,Tuolumne,109,53932,184,161,3,164,1
2020-08-21,Ventura,111,848112,10856,9865,66,9931,98
2020-08-21,Yolo,113,214977,2355,2164,4,2168,46
2020-08-21,Yuba,115,75493,795,717,3,720,1
2020-08-20,Alameda,001,1643700,17769,16174,125,16299,229
2020-08-20,Alpine,003,1148,3,2,0,2,0
2020-08-20,Amador,005,37829,263,222,0,222,11
2020-08-20,Butte,007,227075,1749,1549,17,1566,18
2020-08-20,Calaveras,009,45235,212,179,0,179,1
2020-08-20,Colusa,011,21464,436,415,0,415,5
2020-08-20,Contra Costa,013,1133247,13633,12108,45,12153,144
2020-08-20,Del Norte,015,27424,112,78,0,78,1
2020-08-20,El Dorado,017,186661,968,881,0,881,2
2020-08-20,Fresno,019,978130,26428,22535,266,22801,228
2020-08-20,Glenn,021,27897,428,414,0,414,2
2020-08-20,Humboldt,023,135768,357,318,1,319,4
2020-08-20,Imperial,025,180216,11086,9086,5,9091,196
2020-08-20,Inyo,027,18085,167,144,4,148,1
2020-08-20,Kern,029,883053,29039,27337,193,27530,267
2020-08-20,Kings,031,150075,5993,5347,34,5381,59
2020-08-20,Lake,033,64148,316,280,0,280,2
2020-08-20,Lassen,035,31185,717,693,2,695,0
2020-08-20,Los Angeles,037,10098052,234452,227492,1035,228527,5445
2020-08-20,Madera,039,155013,3730,3197,22,3219,31
2020-08-20,Marin,041,260295,5982,5745,14,5759,47
2020-08-20,Mariposa,043,17540,71,67,0,67,2
2020-08-20,Mendocino,045,87422,577,497,0,497,10
2020-08-20,Merced,047,269075,7669,7173,8,7181,68
2020-08-20,Modoc,049,8938,7,5,0,5,0
2020-08-20,Mono,051,14174,163,128,2,130,1
2020-08-20,Monterey,053,433212,7547,6892,21,6913,47
2020-08-20,Napa,055,140530,1415,1306,3,1309,10
2020-08-20,Nevada,057,99092,439,401,12,413,2
2020-08-20,Orange,059,3164182,49082,44299,1092,45391,849
2020-08-20,Placer,061,380077,2907,2681,6,2687,30
2020-08-20,Plumas,063,18699,39,36,0,36,0
2020-08-20,Riverside,065,2383286,51907,48953,42,48995,927
2020-08-20,Sacramento,067,1510023,17175,14992,12,15004,231
2020-08-20,San Benito,069,59416,1009,866,0,866,3
2020-08-20,San Bernardino,071,2135413,47546,43627,280,43907,665
2020-08-20,San Diego,073,3302833,37591,35610,274,35884,644
2020-08-20,San Francisco,075,870044,9107,8262,8,8270,72
2020-08-20,San Joaquin,077,732212,17789,15778,30,15808,297
2020-08-20,San Luis Obispo,079,281455,2854,2590,13,2603,19
2020-08-20,San Mateo,081,765935,8066,7188,7,7195,120
2020-08-20,Santa Barbara,083,443738,8644,7571,64,7635,81
2020-08-20,Santa Clara,085,1922200,17139,15162,27,15189,190
2020-08-20,Santa Cruz,087,273765,1751,1581,16,1597,6
2020-08-20,Shasta,089,179085,595,478,3,481,9
2020-08-20,Sierra,091,2930,6,6,0,6,0
2020-08-20,Siskiyou,093,43540,122,102,1,103,0
2020-08-20,Solano,095,438530,5215,4843,32,4875,31
2020-08-20,Sonoma,097,501317,5397,4737,18,4755,54
2020-08-20,Stanislaus,099,539301,14542,13120,251,13371,161
2020-08-20,Sutter,101,95872,1264,1158,1,1159,8
2020-08-20,Tehama,103,63373,397,350,2,352,1
2020-08-20,Trinity,105,12862,34,8,5,13,0
2020-08-20,Tulare,107,460477,13862,12907,44,12951,217
2020-08-20,Tuolumne,109,53932,180,159,3,162,1
2020-08-20,Ventura,111,848112,10743,9744,65,9809,93
2020-08-20,Yolo,113,214977,2333,2150,4,2154,47
2020-08-20,Yuba,115,75493,778,709,3,712,1
2020-08-19,Alameda,001,1643700,17610,15874,124,15998,226
2020-08-19,Alpine,003,1148,3,2,0,2,0
2020-08-19,Amador,005,37829,262,219,0,219,9
2020-08-19,Butte,007,227075,1706,1517,17,1534,16
2020-08-19,Calaveras,009,45235,209,177,0,177,1
2020-08-19,Colusa,011,21464,435,415,0,415,5
2020-08-19,Contra Costa,013,1133247,13521,11895,43,11938,142
2020-08-19,Del Norte,015,27424,112,78,0,78,1
2020-08-19,El Dorado,017,186661,962,870,0,870,2
2020-08-19,Fresno,019,978130,26238,22167,258,22425,221
2020-08-19,Glenn,021,27897,426,414,0,414,2
2020-08-19,Humboldt,023,135768,354,316,1,317,4
2020-08-19,Imperial,025,180216,11058,9041,5,9046,192
2020-08-19,Inyo,027,18085,165,140,4,144,1
2020-08-19,Kern,029,883053,28922,27142,189,27331,263
2020-08-19,Kings,031,150075,5821,5301,32,5333,59
2020-08-19,Lake,033,64148,313,277,0,277,2
2020-08-19,Lassen,035,31185,709,693,2,695,0
2020-08-19,Los Angeles,037,10098052,233169,226006,994,227000,5399
2020-08-19,Madera,039,155013,3696,3158,20,3178,30
2020-08-19,Marin,041,260295,5958,5723,13,5736,46
2020-08-19,Mariposa,043,17540,71,64,0,64,2
2020-08-19,Mendocino,045,87422,561,495,0,495,8
2020-08-19,Merced,047,269075,7542,7082,5,7087,66
2020-08-19,Modoc,049,8938,7,5,0,5,0
2020-08-19,Mono,051,14174,163,128,2,130,1
2020-08-19,Monterey,053,433212,7445,6693,21,6714,45
2020-08-19,Napa,055,140530,1410,1293,3,1296,10
2020-08-19,Nevada,057,99092,432,398,12,410,2
2020-08-19,Orange,059,3164182,48877,43938,1089,45027,829
2020-08-19,Placer,061,380077,2885,2659,6,2665,28
2020-08-19,Plumas,063,18699,39,36,0,36,0
2020-08-19,Riverside,065,2383286,51658,48741,41,48782,922
2020-08-19,Sacramento,067,1510023,16994,14764,12,14776,229
2020-08-19,San Benito,069,59416,992,853,0,853,3
2020-08-19,San Bernardino,071,2135413,47247,43224,274,43498,661
2020-08-19,San Diego,073,3302833,37342,35378,259,35637,638
2020-08-19,San Francisco,075,870044,9042,8236,8,8244,72
2020-08-19,San Joaquin,077,732212,17663,15677,29,15706,296
2020-08-19,San Luis Obispo,079,281455,2815,2553,13,2566,19
2020-08-19,San Mateo,081,765935,7998,7146,7,7153,119
2020-08-19,Santa Barbara,083,443738,8595,7499,64,7563,80
2020-08-19,Santa Clara,085,1922200,16993,14994,27,15021,189
2020-08-19,Santa Cruz,087,273765,1725,1554,16,1570,6
2020-08-19,Shasta,089,179085,591,475,3,478,9
2020-08-19,Sierra,091,2930,6,6,0,6,0
2020-08-19,Siskiyou,093,43540,121,103,1,104,0
2020-08-19,Solano,095,438530,5174,4807,32,4839,31
2020-08-19,Sonoma,097,501317,5318,4614,18,4632,54
2020-08-19,Stanislaus,099,539301,14439,13084,229,13313,160
2020-08-19,Sutter,101,95872,1230,1146,1,1147,8
2020-08-19,Tehama,103,63373,391,342,2,344,1
2020-08-19,Trinity,105,12862,33,8,5,13,0
2020-08-19,Tulare,107,460477,13764,12756,44,12800,217
2020-08-19,Tuolumne,109,53932,177,159,3,162,1
2020-08-19,Ventura,111,848112,10651,9587,63,9650,91
2020-08-19,Yolo,113,214977,2310,2126,4,2130,47
2020-08-19,Yuba,115,75493,766,701,3,704,1
2020-08-18,Alameda,001,1643700,17434,15627,121,15748,223
2020-08-18,Alpine,003,1148,3,2,0,2,0
2020-08-18,Amador,005,37829,261,215,0,215,9
2020-08-18,Butte,007,227075,1673,1491,17,1508,16
2020-08-18,Calaveras,009,45235,205,174,0,174,1
2020-08-18,Colusa,011,21464,434,415,0,415,5
2020-08-18,Contra Costa,013,1133247,13401,11689,41,11730,141
2020-08-18,Del Norte,015,27424,111,78,0,78,0
2020-08-18,El Dorado,017,186661,957,866,0,866,2
2020-08-18,Fresno,019,978130,26019,21798,252,22050,212
2020-08-18,Glenn,021,27897,426,407,0,407,2
2020-08-18,Humboldt,023,135768,352,315,1,316,4
2020-08-18,Imperial,025,180216,11024,8968,5,8973,189
2020-08-18,Inyo,027,18085,164,140,4,144,1
2020-08-18,Kern,029,883053,28769,26978,185,27163,263
2020-08-18,Kings,031,150075,5788,5269,31,5300,58
2020-08-18,Lake,033,64148,310,274,0,274,2
2020-08-18,Lassen,035,31185,709,693,2,695,0
2020-08-18,Los Angeles,037,10098052,231888,224218,957,225175,5339
2020-08-18,Madera,039,155013,3668,3125,20,3145,28
2020-08-18,Marin,041,260295,5928,5708,13,5721,47
2020-08-18,Mariposa,043,17540,71,61,0,61,2
2020-08-18,Mendocino,045,87422,552,468,0,468,8
2020-08-18,Merced,047,269075,7494,6940,5,6945,66
2020-08-18,Modoc,049,8938,7,5,0,5,0
2020-08-18,Mono,051,14174,162,129,2,131,1
2020-08-18,Monterey,053,433212,7353,6691,20,6711,44
2020-08-18,Napa,055,140530,1407,1274,3,1277,10
2020-08-18,Nevada,057,99092,425,389,12,401,2
2020-08-18,Orange,059,3164182,48650,43659,1074,44733,809
2020-08-18,Placer,061,380077,2859,2644,5,2649,28
2020-08-18,Plumas,063,18699,39,34,0,34,0
2020-08-18,Riverside,065,2383286,51328,48447,41,48488,917
2020-08-18,Sacramento,067,1510023,16765,14610,11,14621,222
2020-08-18,San Benito,069,59416,972,836,0,836,3
2020-08-18,San Bernardino,071,2135413,46965,42827,267,43094,648
2020-08-18,San Diego,073,3302833,37049,35164,227,35391,633
2020-08-18,San Francisco,075,870044,8956,8016,8,8024,72
2020-08-18,San Joaquin,077,732212,17547,15509,28,15537,290
2020-08-18,San Luis Obispo,079,281455,2791,2535,12,2547,18
2020-08-18,San Mateo,081,765935,7936,7074,7,7081,119
2020-08-18,Santa Barbara,083,443738,8553,7472,64,7536,81
2020-08-18,Santa Clara,085,1922200,16820,14786,26,14812,184
2020-08-18,Santa Cruz,087,273765,1712,1509,16,1525,6
2020-08-18,Shasta,089,179085,587,468,3,471,9
2020-08-18,Sierra,091,2930,6,6,0,6,0
2020-08-18,Siskiyou,093,43540,120,103,1,104,0
2020-08-18,Solano,095,438530,5147,4700,32,4732,31
2020-08-18,Sonoma,097,501317,5249,4506,18,4524,48
2020-08-18,Stanislaus,099,539301,14341,12935,213,13148,149
2020-08-18,Sutter,101,95872,1211,1126,1,1127,8
2020-08-18,Tehama,103,63373,381,333,2,335,1
2020-08-18,Trinity,105,12862,32,8,5,13,0
2020-08-18,Tulare,107,460477,13633,12637,41,12678,212
2020-08-18,Tuolumne,109,53932,174,159,3,162,1
2020-08-18,Ventura,111,848112,10561,9536,58,9594,89
2020-08-18,Yolo,113,214977,2287,2102,4,2106,47
2020-08-18,Yuba,115,75493,758,679,3,682,1
2020-08-17,Alameda,001,1643700,17242,15454,119,15573,221
2020-08-17,Alpine,003,1148,3,2,0,2,0
2020-08-17,Amador,005,37829,261,215,0,215,9
2020-08-17,Butte,007,227075,1628,1463,17,1480,15
2020-08-17,Calaveras,009,45235,201,167,0,167,1
2020-08-17,Colusa,011,21464,431,408,0,408,5
2020-08-17,Contra Costa,013,1133247,13264,11442,41,11483,141
2020-08-17,Del Norte,015,27424,107,77,0,77,0
2020-08-17,El Dorado,017,186661,954,846,0,846,2
2020-08-17,Fresno,019,978130,25810,21316,245,21561,211
2020-08-17,Glenn,021,27897,425,402,0,402,2
2020-08-17,Humboldt,023,135768,348,302,1,303,4
2020-08-17,Imperial,025,180216,10983,8897,5,8902,188
2020-08-17,Inyo,027,18085,156,124,4,128,1
2020-08-17,Kern,029,883053,28621,26773,174,26947,249
2020-08-17,Kings,031,150075,5750,5249,31,5280,58
2020-08-17,Lake,033,64148,305,270,0,270,2
2020-08-17,Lassen,035,31185,709,666,2,668,0
2020-08-17,Los Angeles,037,10098052,230370,223418,908,224326,5282
2020-08-17,Madera,039,155013,3625,3050,19,3069,26
2020-08-17,Marin,041,260295,5905,5683,12,5695,46
2020-08-17,Mariposa,043,17540,71,61,0,61,2
2020-08-17,Mendocino,045,87422,534,454,0,454,8
2020-08-17,Merced,047,269075,7399,6814,5,6819,66
2020-08-17,Modoc,049,8938,7,5,0,5,0
2020-08-17,Mono,051,14174,162,126,2,128,1
2020-08-17,Monterey,053,433212,7253,6553,20,6573,44
2020-08-17,Napa,055,140530,1386,1255,3,1258,10
2020-08-17,Nevada,057,99092,420,383,12,395,2
2020-08-17,Orange,059,3164182,48440,43621,1062,44683,804
2020-08-17,Placer,061,380077,2834,2609,5,2614,28
2020-08-17,Plumas,063,18699,39,33,0,33,0
2020-08-17,Riverside,065,2383286,50997,48062,39,48101,916
2020-08-17,Sacramento,067,1510023,16545,14333,11,14344,219
2020-08-17,San Benito,069,59416,957,822,0,822,2
2020-08-17,San Bernardino,071,2135413,46620,42005,258,42263,604
2020-08-17,San Diego,073,3302833,36783,34962,213,35175,626
2020-08-17,San Francisco,075,870044,8885,7600,8,7608,72
2020-08-17,San Joaquin,077,732212,17384,15323,27,15350,280
2020-08-17,San Luis Obispo,079,281455,2758,2527,12,2539,18
2020-08-17,San Mateo,081,765935,7879,6987,6,6993,118
2020-08-17,Santa Barbara,083,443738,8511,7438,64,7502,80
2020-08-17,Santa Clara,085,1922200,16599,14546,26,14572,183
2020-08-17,Santa Cruz,087,273765,1696,1453,15,1468,6
2020-08-17,Shasta,089,179085,581,467,3,470,9
2020-08-17,Sierra,091,2930,6,6,0,6,0
2020-08-17,Siskiyou,093,43540,119,103,0,103,0
2020-08-17,Solano,095,438530,5090,4479,32,4511,31
2020-08-17,Sonoma,097,501317,5160,4402,16,4418,48
2020-08-17,Stanislaus,099,539301,14216,12745,206,12951,148
2020-08-17,Sutter,101,95872,1195,1071,1,1072,8
2020-08-17,Tehama,103,63373,372,324,2,326,1
2020-08-17,Trinity,105,12862,32,8,5,13,0
2020-08-17,Tulare,107,460477,13520,12487,40,12527,210
2020-08-17,Tuolumne,109,53932,171,157,3,160,1
2020-08-17,Ventura,111,848112,10438,9490,53,9543,89
2020-08-17,Yolo,113,214977,2260,2083,4,2087,47
2020-08-17,Yuba,115,75493,743,647,3,650,1
2020-08-16,Alameda,001,1643700,16951,15338,119,15457,221
2020-08-16,Alpine,003,1148,3,2,0,2,0
2020-08-16,Amador,005,37829,258,215,0,215,9
2020-08-16,Butte,007,227075,1590,1432,17,1449,15
2020-08-16,Calaveras,009,45235,194,167,0,167,1
2020-08-16,Colusa,011,21464,429,407,0,407,5
2020-08-16,Contra Costa,013,1133247,13078,11255,41,11296,140
2020-08-16,Del Norte,015,27424,103,77,0,77,0
2020-08-16,El Dorado,017,186661,942,843,0,843,2
2020-08-16,Fresno,019,978130,25590,21010,240,21250,211
2020-08-16,Glenn,021,27897,423,400,0,400,2
2020-08-16,Humboldt,023,135768,346,301,1,302,4
2020-08-16,Imperial,025,180216,10939,8883,5,8888,188
2020-08-16,Inyo,027,18085,149,125,4,129,1
2020-08-16,Kern,029,883053,28420,26520,166,26686,249
2020-08-16,Kings,031,150075,5719,5146,31,5177,58
2020-08-16,Lake,033,64148,301,269,0,269,2
2020-08-16,Lassen,035,31185,709,666,2,668,0
2020-08-16,Los Angeles,037,10098052,228803,222236,878,223114,5263
2020-08-16,Madera,039,155013,3580,3013,19,3032,26
2020-08-16,Marin,041,260295,5879,5664,12,5676,46
2020-08-16,Mariposa,043,17540,71,61,0,61,2
2020-08-16,Mendocino,045,87422,526,451,0,451,8
2020-08-16,Merced,047,269075,7317,6744,5,6749,66
2020-08-16,Modoc,049,8938,7,5,0,5,0
2020-08-16,Mono,051,14174,162,126,2,128,1
2020-08-16,Monterey,053,433212,7155,6516,19,6535,44
2020-08-16,Napa,055,140530,1368,1241,2,1243,10
2020-08-16,Nevada,057,99092,409,379,12,391,2
2020-08-16,Orange,059,3164182,48190,43303,1051,44354,803
2020-08-16,Placer,061,380077,2805,2583,4,2587,28
2020-08-16,Plumas,063,18699,39,33,0,33,0
2020-08-16,Riverside,065,2383286,50667,47669,39,47708,910
2020-08-16,Sacramento,067,1510023,16305,14210,11,14221,219
2020-08-16,San Benito,069,59416,928,815,0,815,2
2020-08-16,San Bernardino,071,2135413,46197,41724,249,41973,603
2020-08-16,San Diego,073,3302833,36519,34680,198,34878,626
2020-08-16,San Francisco,075,870044,8797,7602,8,7610,72
2020-08-16,San Joaquin,077,732212,17181,15288,27,15315,280
2020-08-16,San Luis Obispo,079,281455,2729,2494,12,2506,17
2020-08-16,San Mateo,081,765935,7804,6942,6,6948,118
2020-08-16,Santa Barbara,083,443738,8462,7368,64,7432,79
2020-08-16,Santa Clara,085,1922200,16401,14329,26,14355,183
2020-08-16,Santa Cruz,087,273765,1669,1449,14,1463,6
2020-08-16,Shasta,089,179085,574,465,3,468,9
2020-08-16,Sierra,091,2930,6,6,0,6,0
2020-08-16,Siskiyou,093,43540,118,102,0,102,0
2020-08-16,Solano,095,438530,5030,4479,32,4511,31
2020-08-16,Sonoma,097,501317,5056,4329,16,4345,46
2020-08-16,Stanislaus,099,539301,14059,12668,194,12862,148
2020-08-16,Sutter,101,95872,1177,1071,1,1072,8
2020-08-16,Tehama,103,63373,362,318,2,320,1
2020-08-16,Trinity,105,12862,30,8,5,13,0
2020-08-16,Tulare,107,460477,13388,12334,36,12370,211
2020-08-16,Tuolumne,109,53932,171,156,3,159,1
2020-08-16,Ventura,111,848112,10329,9408,48,9456,89
2020-08-16,Yolo,113,214977,2241,2057,4,2061,47
2020-08-16,Yuba,115,75493,734,647,2,649,1
2020-08-15,Alameda,001,1643700,16874,15165,119,15284,221
2020-08-15,Alpine,003,1148,3,2,0,2,0
2020-08-15,Amador,005,37829,258,210,0,210,9
2020-08-15,Butte,007,227075,1568,1409,17,1426,15
2020-08-15,Calaveras,009,45235,192,167,0,167,1
2020-08-15,Colusa,011,21464,428,401,0,401,5
2020-08-15,Contra Costa,013,1133247,12982,11106,41,11147,138
2020-08-15,Del Norte,015,27424,103,77,0,77,0
2020-08-15,El Dorado,017,186661,937,838,0,838,2
2020-08-15,Fresno,019,978130,25474,20603,238,20841,211
2020-08-15,Glenn,021,27897,423,398,0,398,2
2020-08-15,Humboldt,023,135768,345,301,1,302,4
2020-08-15,Imperial,025,180216,10919,8794,5,8799,188
2020-08-15,Inyo,027,18085,149,123,4,127,1
2020-08-15,Kern,029,883053,28332,26338,166,26504,249
2020-08-15,Kings,031,150075,5701,5039,31,5070,56
2020-08-15,Lake,033,64148,299,268,0,268,2
2020-08-15,Lassen,035,31185,709,666,2,668,0
2020-08-15,Los Angeles,037,10098052,228051,221043,869,221912,5252
2020-08-15,Madera,039,155013,3530,2950,19,2969,26
2020-08-15,Marin,041,260295,5872,5628,12,5640,46
2020-08-15,Mariposa,043,17540,71,61,0,61,2
2020-08-15,Mendocino,045,87422,522,444,0,444,8
2020-08-15,Merced,047,269075,7283,6656,5,6661,66
2020-08-15,Modoc,049,8938,7,5,0,5,0
2020-08-15,Mono,051,14174,162,126,2,128,1
2020-08-15,Monterey,053,433212,7110,6162,19,6181,44
2020-08-15,Napa,055,140530,1358,1232,2,1234,10
2020-08-15,Nevada,057,99092,409,376,12,388,2
2020-08-15,Orange,059,3164182,48077,42811,1040,43851,801
2020-08-15,Placer,061,380077,2784,2551,4,2555,27
2020-08-15,Plumas,063,18699,39,33,0,33,0
2020-08-15,Riverside,065,2383286,50516,46720,39,46759,910
2020-08-15,Sacramento,067,1510023,16195,14018,11,14029,219
2020-08-15,San Benito,069,59416,915,805,0,805,2
2020-08-15,San Bernardino,071,2135413,46045,41231,247,41478,602
2020-08-15,San Diego,073,3302833,36353,34346,184,34530,639
2020-08-15,San Francisco,075,870044,8733,7601,8,7609,69
2020-08-15,San Joaquin,077,732212,17108,15113,27,15140,280
2020-08-15,San Luis Obispo,079,281455,2712,2461,12,2473,17
2020-08-15,San Mateo,081,765935,7767,6860,6,6866,118
2020-08-15,Santa Barbara,083,443738,8434,7338,64,7402,79
2020-08-15,Santa Clara,085,1922200,16305,14105,26,14131,183
2020-08-15,Santa Cruz,087,273765,1648,1449,14,1463,6
2020-08-15,Shasta,089,179085,571,458,3,461,9
2020-08-15,Sierra,091,2930,6,6,0,6,0
2020-08-15,Siskiyou,093,43540,117,100,0,100,0
2020-08-15,Solano,095,438530,5008,4477,32,4509,31
2020-08-15,Sonoma,097,501317,5001,4134,16,4150,45
2020-08-15,Stanislaus,099,539301,13995,12541,193,12734,149
2020-08-15,Sutter,101,95872,1166,1046,1,1047,8
2020-08-15,Tehama,103,63373,361,312,2,314,1
2020-08-15,Trinity,105,12862,28,6,5,11,0
2020-08-15,Tulare,107,460477,13350,12262,36,12298,211
2020-08-15,Tuolumne,109,53932,171,155,3,158,1
2020-08-15,Ventura,111,848112,10270,9379,46,9425,89
2020-08-15,Yolo,113,214977,2229,2031,4,2035,46
2020-08-15,Yuba,115,75493,730,623,2,625,1
2020-08-14,Alameda,001,1643700,16735,14909,119,15028,221
2020-08-14,Alpine,003,1148,3,2,0,2,0
2020-08-14,Amador,005,37829,258,209,0,209,9
2020-08-14,Butte,007,227075,1559,1384,17,1401,15
2020-08-14,Calaveras,009,45235,188,165,0,165,1
2020-08-14,Colusa,011,21464,426,399,0,399,5
2020-08-14,Contra Costa,013,1133247,12870,10893,41,10934,137
2020-08-14,Del Norte,015,27424,103,76,0,76,0
2020-08-14,El Dorado,017,186661,929,827,0,827,2
2020-08-14,Fresno,019,978130,25340,19900,238,20138,208
2020-08-14,Glenn,021,27897,421,395,0,395,2
2020-08-14,Humboldt,023,135768,339,294,1,295,4
2020-08-14,Imperial,025,180216,10895,8756,5,8761,185
2020-08-14,Inyo,027,18085,148,115,4,119,1
2020-08-14,Kern,029,883053,28228,25893,165,26058,249
2020-08-14,Kings,031,150075,5687,4953,31,4984,56
2020-08-14,Lake,033,64148,290,267,0,267,2
2020-08-14,Lassen,035,31185,709,665,2,667,0
2020-08-14,Los Angeles,037,10098052,226885,219083,852,219935,5222
2020-08-14,Madera,039,155013,3500,2876,19,2895,26
2020-08-14,Marin,041,260295,5861,5601,12,5613,46
2020-08-14,Mariposa,043,17540,70,61,0,61,2
2020-08-14,Mendocino,045,87422,513,432,0,432,8
2020-08-14,Merced,047,269075,7253,6466,5,6471,67
2020-08-14,Modoc,049,8938,7,5,0,5,0
2020-08-14,Mono,051,14174,162,126,2,128,1
2020-08-14,Monterey,053,433212,7059,6121,19,6140,41
2020-08-14,Napa,055,140530,1348,1230,2,1232,10
2020-08-14,Nevada,057,99092,405,377,12,389,2
2020-08-14,Orange,059,3164182,47927,42399,1027,43426,798
2020-08-14,Placer,061,380077,2765,2546,4,2550,26
2020-08-14,Plumas,063,18699,38,33,0,33,0
2020-08-14,Riverside,065,2383286,50287,46456,39,46495,891
2020-08-14,Sacramento,067,1510023,16045,13645,11,13656,212
2020-08-14,San Benito,069,59416,898,783,0,783,2
2020-08-14,San Bernardino,071,2135413,45859,40442,243,40685,594
2020-08-14,San Diego,073,3302833,36159,34067,177,34244,622
2020-08-14,San Francisco,075,870044,8674,7467,8,7475,69
2020-08-14,San Joaquin,077,732212,17008,14925,27,14952,276
2020-08-14,San Luis Obispo,079,281455,2697,2422,12,2434,17
2020-08-14,San Mateo,081,765935,7708,6655,6,6661,118
2020-08-14,Santa Barbara,083,443738,8384,7302,64,7366,77
2020-08-14,Santa Clara,085,1922200,16139,13785,25,13810,183
2020-08-14,Santa Cruz,087,273765,1626,1418,13,1431,6
2020-08-14,Shasta,089,179085,566,446,3,449,9
2020-08-14,Sierra,091,2930,6,5,0,5,0
2020-08-14,Siskiyou,093,43540,117,98,0,98,0
2020-08-14,Solano,095,438530,4987,4421,32,4453,31
2020-08-14,Sonoma,097,501317,4942,4087,13,4100,45
2020-08-14,Stanislaus,099,539301,13918,12379,189,12568,140
2020-08-14,Sutter,101,95872,1158,1039,1,1040,8
2020-08-14,Tehama,103,63373,357,305,2,307,1
2020-08-14,Trinity,105,12862,28,6,5,11,0
2020-08-14,Tulare,107,460477,13273,12009,36,12045,211
2020-08-14,Tuolumne,109,53932,170,155,3,158,1
2020-08-14,Ventura,111,848112,10195,9313,46,9359,89
2020-08-14,Yolo,113,214977,2215,1991,4,1995,45
2020-08-14,Yuba,115,75493,714,606,2,608,1
2020-08-13,Alameda,001,1643700,16458,14385,119,14504,218
2020-08-13,Alpine,003,1148,3,2,0,2,0
2020-08-13,Amador,005,37829,258,198,0,198,8
2020-08-13,Butte,007,227075,1534,1345,17,1362,15
2020-08-13,Calaveras,009,45235,186,162,0,162,1
2020-08-13,Colusa,011,21464,426,395,0,395,5
2020-08-13,Contra Costa,013,1133247,12716,10545,40,10585,136
2020-08-13,Del Norte,015,27424,102,74,0,74,0
2020-08-13,El Dorado,017,186661,924,803,0,803,2
2020-08-13,Fresno,019,978130,25113,19157,232,19389,201
2020-08-13,Glenn,021,27897,417,392,0,392,1
2020-08-13,Humboldt,023,135768,331,281,1,282,4
2020-08-13,Imperial,025,180216,10864,8640,5,8645,170
2020-08-13,Inyo,027,18085,144,97,4,101,1
2020-08-13,Kern,029,883053,28061,25472,162,25634,242
2020-08-13,Kings,031,150075,5653,4824,31,4855,52
2020-08-13,Lake,033,64148,285,263,0,263,2
2020-08-13,Lassen,035,31185,709,652,2,654,0
2020-08-13,Los Angeles,037,10098052,225487,216497,830,217327,5179
2020-08-13,Madera,039,155013,3456,2675,18,2693,25
2020-08-13,Marin,041,260295,5845,5503,12,5515,44
2020-08-13,Mariposa,043,17540,69,61,0,61,2
2020-08-13,Mendocino,045,87422,508,401,0,401,8
2020-08-13,Merced,047,269075,7135,5945,4,5949,63
2020-08-13,Modoc,049,8938,7,5,0,5,0
2020-08-13,Mono,051,14174,162,124,2,126,1
2020-08-13,Monterey,053,433212,6976,5925,19,5944,38
2020-08-13,Napa,055,140530,1339,1179,2,1181,10
2020-08-13,Nevada,057,99092,401,362,12,374,1
2020-08-13,Orange,059,3164182,47688,42019,1015,43034,773
2020-08-13,Placer,061,380077,2743,2460,4,2464,26
2020-08-13,Plumas,063,18699,38,32,0,32,0
2020-08-13,Riverside,065,2383286,49992,45327,39,45366,885
2020-08-13,Sacramento,067,1510023,15843,13237,11,13248,197
2020-08-13,San Benito,069,59416,869,757,0,757,2
2020-08-13,San Bernardino,071,2135413,45464,39395,237,39632,591
2020-08-13,San Diego,073,3302833,35923,33661,159,33820,627
2020-08-13,San Francisco,075,870044,8580,7277,8,7285,69
2020-08-13,San Joaquin,077,732212,16853,14537,26,14563,261
2020-08-13,San Luis Obispo,079,281455,2676,2283,12,2295,16
2020-08-13,San Mateo,081,765935,7646,6503,6,6509,117
2020-08-13,Santa Barbara,083,443738,8339,7129,63,7192,74
2020-08-13,Santa Clara,085,1922200,15916,13257,25,13282,182
2020-08-13,Santa Cruz,087,273765,1601,1383,13,1396,6
2020-08-13,Shasta,089,179085,561,428,3,431,9
2020-08-13,Sierra,091,2930,6,5,0,5,0
2020-08-13,Siskiyou,093,43540,117,95,0,95,0
2020-08-13,Solano,095,438530,4950,4305,32,4337,31
2020-08-13,Sonoma,097,501317,4868,3902,13,3915,45
2020-08-13,Stanislaus,099,539301,13788,11953,173,12126,136
2020-08-13,Sutter,101,95872,1136,992,1,993,8
2020-08-13,Tehama,103,63373,348,302,2,304,1
2020-08-13,Trinity,105,12862,27,6,5,11,0
2020-08-13,Tulare,107,460477,13130,11692,33,11725,210
2020-08-13,Tuolumne,109,53932,169,152,3,155,1
2020-08-13,Ventura,111,848112,10106,9114,46,9160,90
2020-08-13,Yolo,113,214977,2188,1938,4,1942,44
2020-08-13,Yuba,115,75493,698,568,2,570,1
2020-08-12,Alameda,001,1643700,16245,14214,119,14333,215
2020-08-12,Alpine,003,1148,3,2,0,2,0
2020-08-12,Amador,005,37829,255,197,0,197,8
2020-08-12,Butte,007,227075,1506,1317,17,1334,15
2020-08-12,Calaveras,009,45235,183,157,0,157,1
2020-08-12,Colusa,011,21464,421,394,0,394,5
2020-08-12,Contra Costa,013,1133247,12571,10304,38,10342,134
2020-08-12,Del Norte,015,27424,101,74,0,74,0
2020-08-12,El Dorado,017,186661,906,794,0,794,2
2020-08-12,Fresno,019,978130,24883,18690,226,18916,194
2020-08-12,Glenn,021,27897,414,388,0,388,1
2020-08-12,Humboldt,023,135768,324,281,1,282,4
2020-08-12,Imperial,025,180216,10841,8566,5,8571,167
2020-08-12,Inyo,027,18085,127,97,4,101,1
2020-08-12,Kern,029,883053,27870,25191,160,25351,232
2020-08-12,Kings,031,150075,5614,4736,31,4767,50
2020-08-12,Lake,033,64148,283,253,0,253,2
2020-08-12,Lassen,035,31185,708,651,2,653,0
2020-08-12,Los Angeles,037,10098052,224032,214542,814,215356,5119
2020-08-12,Madera,039,155013,3422,2681,16,2697,23
2020-08-12,Marin,041,260295,5823,5423,12,5435,44
2020-08-12,Mariposa,043,17540,69,61,0,61,2
2020-08-12,Mendocino,045,87422,489,386,0,386,9
2020-08-12,Merced,047,269075,7073,5777,4,5781,66
2020-08-12,Modoc,049,8938,7,5,0,5,0
2020-08-12,Mono,051,14174,161,124,2,126,1
2020-08-12,Monterey,053,433212,6872,5919,19,5938,38
2020-08-12,Napa,055,140530,1329,1161,2,1163,10
2020-08-12,Nevada,057,99092,396,357,12,369,1
2020-08-12,Orange,059,3164182,47436,41576,991,42567,754
2020-08-12,Placer,061,380077,2711,2417,4,2421,25
2020-08-12,Plumas,063,18699,38,31,0,31,0
2020-08-12,Riverside,065,2383286,49644,44747,39,44786,867
2020-08-12,Sacramento,067,1510023,15631,12528,11,12539,189
2020-08-12,San Benito,069,59416,856,751,0,751,2
2020-08-12,San Bernardino,071,2135413,45121,38811,228,39039,589
2020-08-12,San Diego,073,3302833,35714,33395,139,33534,608
2020-08-12,San Francisco,075,870044,8496,7194,8,7202,66
2020-08-12,San Joaquin,077,732212,16709,14154,26,14180,253
2020-08-12,San Luis Obispo,079,281455,2651,2263,12,2275,15
2020-08-12,San Mateo,081,765935,7567,6427,6,6433,117
2020-08-12,Santa Barbara,083,443738,8279,7049,61,7110,74
2020-08-12,Santa Clara,085,1922200,15740,13002,25,13027,182
2020-08-12,Santa Cruz,087,273765,1572,1382,12,1394,6
2020-08-12,Shasta,089,179085,557,417,3,420,9
2020-08-12,Sierra,091,2930,5,4,0,4,0
2020-08-12,Siskiyou,093,43540,116,90,0,90,0
2020-08-12,Solano,095,438530,4905,4258,32,4290,31
2020-08-12,Sonoma,097,501317,4794,3847,13,3860,47
2020-08-12,Stanislaus,099,539301,13650,11682,164,11846,136
2020-08-12,Sutter,101,95872,1112,987,1,988,7
2020-08-12,Tehama,103,63373,338,289,2,291,1
2020-08-12,Trinity,105,12862,26,6,5,11,0
2020-08-12,Tulare,107,460477,13002,11460,33,11493,211
2020-08-12,Tuolumne,109,53932,168,150,3,153,1
2020-08-12,Ventura,111,848112,10020,9005,45,9050,87
2020-08-12,Yolo,113,214977,2164,1921,4,1925,44
2020-08-12,Yuba,115,75493,676,549,1,550,1
2020-08-11,Alameda,001,1643700,15986,13960,116,14076,204
2020-08-11,Alpine,003,1148,3,2,0,2,0
2020-08-11,Amador,005,37829,249,187,0,187,3
2020-08-11,Butte,007,227075,1479,1296,17,1313,15
2020-08-11,Calaveras,009,45235,181,161,0,161,1
2020-08-11,Colusa,011,21464,416,390,0,390,5
2020-08-11,Contra Costa,013,1133247,12382,10012,36,10048,131
2020-08-11,Del Norte,015,27424,100,73,0,73,0
2020-08-11,El Dorado,017,186661,899,786,0,786,2
2020-08-11,Fresno,019,978130,24561,18344,223,18567,187
2020-08-11,Glenn,021,27897,412,380,0,380,1
2020-08-11,Humboldt,023,135768,319,283,1,284,4
2020-08-11,Imperial,025,180216,10786,8518,5,8523,165
2020-08-11,Inyo,027,18085,122,97,4,101,1
2020-08-11,Kern,029,883053,27536,25042,157,25199,230
2020-08-11,Kings,031,150075,5423,4696,31,4727,50
2020-08-11,Lake,033,64148,280,243,0,243,2
2020-08-11,Lassen,035,31185,702,605,2,607,0
2020-08-11,Los Angeles,037,10098052,222527,212421,790,213211,5065
2020-08-11,Madera,039,155013,3368,2673,16,2689,22
2020-08-11,Marin,041,260295,5795,5287,11,5298,44
2020-08-11,Mariposa,043,17540,68,60,0,60,2
2020-08-11,Mendocino,045,87422,479,385,0,385,9
2020-08-11,Merced,047,269075,6978,5322,3,5325,65
2020-08-11,Modoc,049,8938,7,5,0,5,0
2020-08-11,Mono,051,14174,161,124,2,126,1
2020-08-11,Monterey,053,433212,6764,5624,19,5643,36
2020-08-11,Napa,055,140530,1318,1143,1,1144,11
2020-08-11,Nevada,057,99092,393,358,12,370,1
2020-08-11,Orange,059,3164182,47216,41205,968,42173,742
2020-08-11,Placer,061,380077,2679,2393,4,2397,24
2020-08-11,Plumas,063,18699,38,31,0,31,0
2020-08-11,Riverside,065,2383286,49285,44237,39,44276,836
2020-08-11,Sacramento,067,1510023,15340,12298,11,12309,182
2020-08-11,San Benito,069,59416,844,750,0,750,2
2020-08-11,San Bernardino,071,2135413,44780,38467,221,38688,584
2020-08-11,San Diego,073,3302833,35447,33159,120,33279,602
2020-08-11,San Francisco,075,870044,8400,6988,8,6996,66
2020-08-11,San Joaquin,077,732212,16532,13997,21,14018,251
2020-08-11,San Luis Obispo,079,281455,2594,2234,12,2246,15
2020-08-11,San Mateo,081,765935,7492,6339,6,6345,117
2020-08-11,Santa Barbara,083,443738,8229,6942,61,7003,70
2020-08-11,Santa Clara,085,1922200,15519,12920,25,12945,183
2020-08-11,Santa Cruz,087,273765,1549,1352,12,1364,4
2020-08-11,Shasta,089,179085,553,416,3,419,9
2020-08-11,Sierra,091,2930,5,4,0,4,0
2020-08-11,Siskiyou,093,43540,116,90,0,90,0
2020-08-11,Solano,095,438530,4857,4206,31,4237,31
2020-08-11,Sonoma,097,501317,4700,3752,13,3765,45
2020-08-11,Stanislaus,099,539301,13546,11592,152,11744,128
2020-08-11,Sutter,101,95872,1090,964,1,965,7
2020-08-11,Tehama,103,63373,334,289,2,291,1
2020-08-11,Trinity,105,12862,26,5,5,10,0
2020-08-11,Tulare,107,460477,12877,11392,32,11424,201
2020-08-11,Tuolumne,109,53932,163,146,3,149,1
2020-08-11,Ventura,111,848112,9952,8953,44,8997,88
2020-08-11,Yolo,113,214977,2142,1912,4,1916,44
2020-08-11,Yuba,115,75493,665,540,1,541,1
2020-08-10,Alameda,001,1643700,15744,13420,115,13535,203
2020-08-10,Alpine,003,1148,3,2,0,2,0
2020-08-10,Amador,005,37829,248,172,0,172,2
2020-08-10,Butte,007,227075,1455,1174,15,1189,15
2020-08-10,Calaveras,009,45235,171,121,0,121,1
2020-08-10,Colusa,011,21464,414,387,0,387,4
2020-08-10,Contra Costa,013,1133247,12229,9454,34,9488,130
2020-08-10,Del Norte,015,27424,98,69,0,69,0
2020-08-10,El Dorado,017,186661,887,771,0,771,2
2020-08-10,Fresno,019,978130,24280,17978,222,18200,183
2020-08-10,Glenn,021,27897,409,381,0,381,1
2020-08-10,Humboldt,023,135768,313,277,1,278,4
2020-08-10,Imperial,025,180216,10742,8465,5,8470,165
2020-08-10,Inyo,027,18085,122,97,4,101,1
2020-08-10,Kern,029,883053,27310,24499,156,24655,215
2020-08-10,Kings,031,150075,5317,4588,31,4619,50
2020-08-10,Lake,033,64148,273,239,0,239,2
2020-08-10,Lassen,035,31185,702,588,2,590,0
2020-08-10,Los Angeles,037,10098052,220941,211035,772,211807,5003
2020-08-10,Madera,039,155013,3335,2365,15,2380,22
2020-08-10,Marin,041,260295,5750,5242,10,5252,44
2020-08-10,Mariposa,043,17540,68,57,0,57,2
2020-08-10,Mendocino,045,87422,455,364,0,364,1
2020-08-10,Merced,047,269075,6897,4913,3,4916,51
2020-08-10,Modoc,049,8938,7,5,0,5,0
2020-08-10,Mono,051,14174,161,123,2,125,1
2020-08-10,Monterey,053,433212,6654,5358,19,5377,34
2020-08-10,Napa,055,140530,1300,1084,1,1085,8
2020-08-10,Nevada,057,99092,385,356,12,368,1
2020-08-10,Orange,059,3164182,46946,40445,950,41395,721
2020-08-10,Placer,061,380077,2640,2298,4,2302,21
2020-08-10,Plumas,063,18699,38,27,0,27,0
2020-08-10,Riverside,065,2383286,48899,43296,38,43334,830
2020-08-10,Sacramento,067,1510023,15029,12059,11,12070,168
2020-08-10,San Benito,069,59416,831,743,0,743,2
2020-08-10,San Bernardino,071,2135413,44403,37367,212,37579,579
2020-08-10,San Diego,073,3302833,35181,32977,104,33081,594
2020-08-10,San Francisco,075,870044,8310,6816,7,6823,66
2020-08-10,San Joaquin,077,732212,16350,13308,21,13329,240
2020-08-10,San Luis Obispo,079,281455,2495,2208,11,2219,15
2020-08-10,San Mateo,081,765935,7415,6222,6,6228,117
2020-08-10,Santa Barbara,083,443738,8174,6869,61,6930,66
2020-08-10,Santa Clara,085,1922200,15259,12615,24,12639,182
2020-08-10,Santa Cruz,087,273765,1529,1239,11,1250,4
2020-08-10,Shasta,089,179085,549,384,3,387,9
2020-08-10,Sierra,091,2930,5,3,0,3,0
2020-08-10,Siskiyou,093,43540,113,88,0,88,0
2020-08-10,Solano,095,438530,4797,4101,31,4132,31
2020-08-10,Sonoma,097,501317,4531,3640,9,3649,42
2020-08-10,Stanislaus,099,539301,13364,10855,135,10990,106
2020-08-10,Sutter,101,95872,1065,865,1,866,7
2020-08-10,Tehama,103,63373,327,282,2,284,1
2020-08-10,Trinity,105,12862,24,5,5,10,0
2020-08-10,Tulare,107,460477,12704,10750,30,10780,194
2020-08-10,Tuolumne,109,53932,163,143,2,145,1
2020-08-10,Ventura,111,848112,9868,8851,43,8894,85
2020-08-10,Yolo,113,214977,2119,1840,4,1844,45
2020-08-10,Yuba,115,75493,648,527,1,528,1
2020-08-09,Alameda,001,1643700,15464,13241,113,13354,203
2020-08-09,Alpine,003,1148,3,2,0,2,0
2020-08-09,Amador,005,37829,243,153,0,153,2
2020-08-09,Butte,007,227075,1411,1155,15,1170,15
2020-08-09,Calaveras,009,45235,166,122,0,122,1
2020-08-09,Colusa,011,21464,410,371,0,371,4
2020-08-09,Contra Costa,013,1133247,12002,9214,32,9246,130
2020-08-09,Del Norte,015,27424,98,69,0,69,0
2020-08-09,El Dorado,017,186661,879,748,0,748,2
2020-08-09,Fresno,019,978130,23972,17846,218,18064,183
2020-08-09,Glenn,021,27897,407,354,0,354,1
2020-08-09,Humboldt,023,135768,307,279,1,280,4
2020-08-09,Imperial,025,180216,10699,8310,4,8314,165
2020-08-09,Inyo,027,18085,117,86,4,90,1
2020-08-09,Kern,029,883053,27054,23680,156,23836,215
2020-08-09,Kings,031,150075,5274,4446,30,4476,50
2020-08-09,Lake,033,64148,266,225,0,225,2
2020-08-09,Lassen,035,31185,696,589,2,591,0
2020-08-09,Los Angeles,037,10098052,218874,208810,750,209560,4984
2020-08-09,Madera,039,155013,3276,2322,11,2333,22
2020-08-09,Marin,041,260295,5707,5204,10,5214,44
2020-08-09,Mariposa,043,17540,66,56,0,56,2
2020-08-09,Mendocino,045,87422,445,283,0,283,1
2020-08-09,Merced,047,269075,6799,4735,2,4737,51
2020-08-09,Modoc,049,8938,7,4,0,4,0
2020-08-09,Mono,051,14174,160,113,2,115,1
2020-08-09,Monterey,053,433212,6530,5199,19,5218,34
2020-08-09,Napa,055,140530,1281,1062,1,1063,8
2020-08-09,Nevada,057,99092,377,332,12,344,1
2020-08-09,Orange,059,3164182,46645,39244,935,40179,722
2020-08-09,Placer,061,380077,2611,2211,4,2215,20
2020-08-09,Plumas,063,18699,38,27,0,27,0
2020-08-09,Riverside,065,2383286,48553,41894,38,41932,828
2020-08-09,Sacramento,067,1510023,14749,11301,11,11312,167
2020-08-09,San Benito,069,59416,812,687,0,687,2
2020-08-09,San Bernardino,071,2135413,43928,36092,212,36304,579
2020-08-09,San Diego,073,3302833,34890,32749,93,32842,594
2020-08-09,San Francisco,075,870044,8195,6820,7,6827,66
2020-08-09,San Joaquin,077,732212,16145,12933,20,12953,240
2020-08-09,San Luis Obispo,079,281455,2459,2124,11,2135,15
2020-08-09,San Mateo,081,765935,7320,6094,6,6100,117
2020-08-09,Santa Barbara,083,443738,8087,6669,61,6730,66
2020-08-09,Santa Clara,085,1922200,14989,11878,24,11902,181
2020-08-09,Santa Cruz,087,273765,1505,1246,11,1257,4
2020-08-09,Shasta,089,179085,545,361,3,364,9
2020-08-09,Sierra,091,2930,5,3,0,3,0
2020-08-09,Siskiyou,093,43540,112,74,0,74,0
2020-08-09,Solano,095,438530,4744,3954,30,3984,31
2020-08-09,Sonoma,097,501317,4395,3531,7,3538,41
2020-08-09,Stanislaus,099,539301,13156,10264,122,10386,106
2020-08-09,Sutter,101,95872,1031,857,1,858,7
2020-08-09,Tehama,103,63373,319,265,2,267,1
2020-08-09,Trinity,105,12862,24,5,5,10,0
2020-08-09,Tulare,107,460477,12512,10630,27,10657,194
2020-08-09,Tuolumne,109,53932,160,143,2,145,1
2020-08-09,Ventura,111,848112,9720,8633,42,8675,85
2020-08-09,Yolo,113,214977,2088,1765,4,1769,44
2020-08-09,Yuba,115,75493,628,442,1,443,1
2020-08-08,Alameda,001,1643700,15354,13087,113,13200,204
2020-08-08,Alpine,003,1148,3,2,0,2,0
2020-08-08,Amador,005,37829,243,139,0,139,2
2020-08-08,Butte,007,227075,1393,1140,15,1155,15
2020-08-08,Calaveras,009,45235,165,122,0,122,1
2020-08-08,Colusa,011,21464,409,368,0,368,4
2020-08-08,Contra Costa,013,1133247,11893,9104,32,9136,129
2020-08-08,Del Norte,015,27424,97,69,0,69,0
2020-08-08,El Dorado,017,186661,872,734,0,734,2
2020-08-08,Fresno,019,978130,23835,17538,216,17754,183
2020-08-08,Glenn,021,27897,407,344,0,344,1
2020-08-08,Humboldt,023,135768,304,277,1,278,4
2020-08-08,Imperial,025,180216,10684,8213,4,8217,165
2020-08-08,Inyo,027,18085,113,86,4,90,1
2020-08-08,Kern,029,883053,26940,22803,156,22959,215
2020-08-08,Kings,031,150075,5260,4367,30,4397,49
2020-08-08,Lake,033,64148,264,221,0,221,2
2020-08-08,Lassen,035,31185,696,589,2,591,0
2020-08-08,Los Angeles,037,10098052,217987,206971,739,207710,4974
2020-08-08,Madera,039,155013,3245,2275,11,2286,22
2020-08-08,Marin,041,260295,5687,5118,10,5128,44
2020-08-08,Mariposa,043,17540,65,55,0,55,2
2020-08-08,Mendocino,045,87422,443,264,0,264,1
2020-08-08,Merced,047,269075,6759,4570,2,4572,51
2020-08-08,Modoc,049,8938,7,4,0,4,0
2020-08-08,Mono,051,14174,160,113,2,115,1
2020-08-08,Monterey,053,433212,6472,5101,19,5120,33
2020-08-08,Napa,055,140530,1273,1062,1,1063,8
2020-08-08,Nevada,057,99092,375,325,12,337,1
2020-08-08,Orange,059,3164182,46514,38688,926,39614,718
2020-08-08,Placer,061,380077,2594,2153,4,2157,20
2020-08-08,Plumas,063,18699,38,27,0,27,0
2020-08-08,Riverside,065,2383286,48349,41412,38,41450,823
2020-08-08,Sacramento,067,1510023,14620,11144,11,11155,166
2020-08-08,San Benito,069,59416,804,684,0,684,2
2020-08-08,San Bernardino,071,2135413,43732,35691,211,35902,531
2020-08-08,San Diego,073,3302833,34701,32332,84,32416,593
2020-08-08,San Francisco,075,870044,8129,6820,7,6827,66
2020-08-08,San Joaquin,077,732212,16064,12559,19,12578,240
2020-08-08,San Luis Obispo,079,281455,2436,2081,11,2092,15
2020-08-08,San Mateo,081,765935,7262,6021,6,6027,117
2020-08-08,Santa Barbara,083,443738,8049,6598,61,6659,66
2020-08-08,Santa Clara,085,1922200,14837,11615,24,11639,181
2020-08-08,Santa Cruz,087,273765,1491,1247,11,1258,4
2020-08-08,Shasta,089,179085,543,343,3,346,9
2020-08-08,Sierra,091,2930,5,3,0,3,0
2020-08-08,Siskiyou,093,43540,112,73,0,73,0
2020-08-08,Solano,095,438530,4723,3889,29,3918,31
2020-08-08,Sonoma,097,501317,4363,3399,7,3406,41
2020-08-08,Stanislaus,099,539301,13081,9963,116,10079,105
2020-08-08,Sutter,101,95872,1021,830,1,831,7
2020-08-08,Tehama,103,63373,318,251,2,253,1
2020-08-08,Trinity,105,12862,24,5,5,10,0
2020-08-08,Tulare,107,460477,12436,10505,27,10532,192
2020-08-08,Tuolumne,109,53932,160,143,2,145,1
2020-08-08,Ventura,111,848112,9665,8462,41,8503,85
2020-08-08,Yolo,113,214977,2075,1725,4,1729,44
2020-08-08,Yuba,115,75493,619,430,1,431,1
2020-08-07,Alameda,001,1643700,15245,12805,113,12918,204
2020-08-07,Alpine,003,1148,3,2,0,2,0
2020-08-07,Amador,005,37829,241,125,0,125,2
2020-08-07,Butte,007,227075,1375,1092,15,1107,13
2020-08-07,Calaveras,009,45235,165,119,0,119,1
2020-08-07,Colusa,011,21464,408,358,0,358,4
2020-08-07,Contra Costa,013,1133247,11744,8810,32,8842,126
2020-08-07,Del Norte,015,27424,97,69,0,69,0
2020-08-07,El Dorado,017,186661,867,724,0,724,2
2020-08-07,Fresno,019,978130,23675,17290,216,17506,171
2020-08-07,Glenn,021,27897,406,339,0,339,1
2020-08-07,Humboldt,023,135768,300,274,1,275,4
2020-08-07,Imperial,025,180216,10659,8085,4,8089,164
2020-08-07,Inyo,027,18085,112,81,4,85,1
2020-08-07,Kern,029,883053,26814,22143,153,22296,206
2020-08-07,Kings,031,150075,5243,4315,30,4345,48
2020-08-07,Lake,033,64148,262,215,0,215,1
2020-08-07,Lassen,035,31185,695,588,2,590,0
2020-08-07,Los Angeles,037,10098052,216530,204406,727,205133,4924
2020-08-07,Madera,039,155013,3213,2245,11,2256,20
2020-08-07,Marin,041,260295,5658,5094,10,5104,43
2020-08-07,Mariposa,043,17540,65,53,0,53,2
2020-08-07,Mendocino,045,87422,429,262,0,262,1
2020-08-07,Merced,047,269075,6716,4358,2,4360,30
2020-08-07,Modoc,049,8938,7,4,0,4,0
2020-08-07,Mono,051,14174,160,112,2,114,1
2020-08-07,Monterey,053,433212,6397,5041,19,5060,33
2020-08-07,Napa,055,140530,1268,1055,1,1056,8
2020-08-07,Nevada,057,99092,372,324,12,336,1
2020-08-07,Orange,059,3164182,46301,38459,909,39368,701
2020-08-07,Placer,061,380077,2577,2078,4,2082,20
2020-08-07,Plumas,063,18699,38,25,0,25,0
2020-08-07,Riverside,065,2383286,48086,40902,37,40939,810
2020-08-07,Sacramento,067,1510023,14474,10798,11,10809,160
2020-08-07,San Benito,069,59416,798,647,0,647,2
2020-08-07,San Bernardino,071,2135413,43485,35200,210,35410,524
2020-08-07,San Diego,073,3302833,34516,31781,81,31862,586
2020-08-07,San Francisco,075,870044,8051,6765,7,6772,66
2020-08-07,San Joaquin,077,732212,15979,12392,19,12411,223
2020-08-07,San Luis Obispo,079,281455,2405,2050,11,2061,14
2020-08-07,San Mateo,081,765935,7203,5948,6,5954,117
2020-08-07,Santa Barbara,083,443738,7998,6509,61,6570,66
2020-08-07,Santa Clara,085,1922200,14637,11409,24,11433,180
2020-08-07,Santa Cruz,087,273765,1473,1234,11,1245,5
2020-08-07,Shasta,089,179085,538,342,3,345,9
2020-08-07,Sierra,091,2930,5,3,0,3,0
2020-08-07,Siskiyou,093,43540,109,73,0,73,0
2020-08-07,Solano,095,438530,4691,3844,28,3872,31
2020-08-07,Sonoma,097,501317,4299,3329,7,3336,34
2020-08-07,Stanislaus,099,539301,12959,9665,106,9771,98
2020-08-07,Sutter,101,95872,1017,807,1,808,6
2020-08-07,Tehama,103,63373,314,246,2,248,1
2020-08-07,Trinity,105,12862,23,5,5,10,0
2020-08-07,Tulare,107,460477,12359,10292,27,10319,195
2020-08-07,Tuolumne,109,53932,159,136,2,138,1
2020-08-07,Ventura,111,848112,9605,8356,39,8395,84
2020-08-07,Yolo,113,214977,2048,1689,4,1693,37
2020-08-07,Yuba,115,75493,614,413,1,414,1
2020-08-06,Alameda,001,1643700,15023,12474,112,12586,200
2020-08-06,Alpine,003,1148,3,2,0,2,0
2020-08-06,Amador,005,37829,227,125,0,125,0
2020-08-06,Butte,007,227075,1356,1060,15,1075,13
2020-08-06,Calaveras,009,45235,163,117,0,117,1
2020-08-06,Colusa,011,21464,405,358,0,358,3
2020-08-06,Contra Costa,013,1133247,11550,8583,31,8614,124
2020-08-06,Del Norte,015,27424,97,69,0,69,0
2020-08-06,El Dorado,017,186661,856,703,0,703,1
2020-08-06,Fresno,019,978130,23378,17031,209,17240,161
2020-08-06,Glenn,021,27897,401,332,0,332,1
2020-08-06,Humboldt,023,135768,295,266,1,267,4
2020-08-06,Imperial,025,180216,10616,8064,4,8068,163
2020-08-06,Inyo,027,18085,104,83,4,87,1
2020-08-06,Kern,029,883053,26578,21843,152,21995,197
2020-08-06,Kings,031,150075,5183,4264,28,4292,47
2020-08-06,Lake,033,64148,259,209,0,209,1
2020-08-06,Lassen,035,31185,693,588,2,590,0
2020-08-06,Los Angeles,037,10098052,214449,201372,710,202082,4874
2020-08-06,Madera,039,155013,3165,2240,10,2250,19
2020-08-06,Marin,041,260295,5626,5058,10,5068,43
2020-08-06,Mariposa,043,17540,64,52,0,52,2
2020-08-06,Mendocino,045,87422,415,260,0,260,1
2020-08-06,Merced,047,269075,6615,4235,2,4237,30
2020-08-06,Modoc,049,8938,7,4,0,4,0
2020-08-06,Mono,051,14174,159,111,2,113,1
2020-08-06,Monterey,053,433212,6288,5001,18,5019,33
2020-08-06,Napa,055,140530,1254,1032,1,1033,8
2020-08-06,Nevada,057,99092,367,321,12,333,1
2020-08-06,Orange,059,3164182,46009,38399,904,39303,694
2020-08-06,Placer,061,380077,2551,2045,4,2049,20
2020-08-06,Plumas,063,18699,37,25,0,25,0
2020-08-06,Riverside,065,2383286,47691,40269,37,40306,781
2020-08-06,Sacramento,067,1510023,14245,10548,11,10559,153
2020-08-06,San Benito,069,59416,790,626,0,626,2
2020-08-06,San Bernardino,071,2135413,43081,34819,208,35027,516
2020-08-06,San Diego,073,3302833,34249,31129,74,31203,583
2020-08-06,San Francisco,075,870044,7958,6737,6,6743,60
2020-08-06,San Joaquin,077,732212,15820,12269,19,12288,203
2020-08-06,San Luis Obispo,079,281455,2381,2000,10,2010,13
2020-08-06,San Mateo,081,765935,7103,5885,6,5891,117
2020-08-06,Santa Barbara,083,443738,7938,6620,61,6681,65
2020-08-06,Santa Clara,085,1922200,14408,11280,24,11304,178
2020-08-06,Santa Cruz,087,273765,1452,1215,11,1226,4
2020-08-06,Shasta,089,179085,529,343,3,346,9
2020-08-06,Sierra,091,2930,5,3,0,3,0
2020-08-06,Siskiyou,093,43540,109,73,0,73,0
2020-08-06,Solano,095,438530,4648,3784,28,3812,29
2020-08-06,Sonoma,097,501317,4235,3259,7,3266,33
2020-08-06,Stanislaus,099,539301,12810,9566,89,9655,98
2020-08-06,Sutter,101,95872,986,797,1,798,6
2020-08-06,Tehama,103,63373,311,242,2,244,1
2020-08-06,Trinity,105,12862,21,5,5,10,0
2020-08-06,Tulare,107,460477,12200,10169,27,10196,195
2020-08-06,Tuolumne,109,53932,158,136,2,138,1
2020-08-06,Ventura,111,848112,9490,8245,36,8281,80
2020-08-06,Yolo,113,214977,2024,1662,4,1666,36
2020-08-06,Yuba,115,75493,605,407,0,407,1
2020-08-05,Alameda,001,1643700,14810,12140,111,12251,193
2020-08-05,Alpine,003,1148,3,2,0,2,0
2020-08-05,Amador,005,37829,217,123,0,123,0
2020-08-05,Butte,007,227075,1322,1038,14,1052,13
2020-08-05,Calaveras,009,45235,160,116,0,116,1
2020-08-05,Colusa,011,21464,401,354,0,354,3
2020-08-05,Contra Costa,013,1133247,11386,8362,31,8393,122
2020-08-05,Del Norte,015,27424,96,69,0,69,0
2020-08-05,El Dorado,017,186661,848,692,0,692,1
2020-08-05,Fresno,019,978130,23134,16625,202,16827,159
2020-08-05,Glenn,021,27897,398,330,0,330,1
2020-08-05,Humboldt,023,135768,293,249,1,250,4
2020-08-05,Imperial,025,180216,10581,8036,4,8040,163
2020-08-05,Inyo,027,18085,102,62,4,66,1
2020-08-05,Kern,029,883053,26390,21540,147,21687,194
2020-08-05,Kings,031,150075,5138,4192,26,4218,47
2020-08-05,Lake,033,64148,252,209,0,209,1
2020-08-05,Lassen,035,31185,646,557,2,559,0
2020-08-05,Los Angeles,037,10098052,212530,198355,689,199044,4832
2020-08-05,Madera,039,155013,3123,2172,10,2182,19
2020-08-05,Marin,041,260295,5594,5036,10,5046,43
2020-08-05,Mariposa,043,17540,64,52,0,52,2
2020-08-05,Mendocino,045,87422,403,248,0,248,1
2020-08-05,Merced,047,269075,6480,4119,2,4121,30
2020-08-05,Modoc,049,8938,7,3,0,3,0
2020-08-05,Mono,051,14174,159,104,2,106,1
2020-08-05,Monterey,053,433212,6173,4936,18,4954,32
2020-08-05,Napa,055,140530,1242,1020,1,1021,8
2020-08-05,Nevada,057,99092,358,327,12,339,2
2020-08-05,Orange,059,3164182,45700,37907,896,38803,663
2020-08-05,Placer,061,380077,2510,1989,4,1993,18
2020-08-05,Plumas,063,18699,36,25,0,25,0
2020-08-05,Riverside,065,2383286,47299,39454,35,39489,761
2020-08-05,Sacramento,067,1510023,14026,10261,10,10271,151
2020-08-05,San Benito,069,59416,781,613,0,613,2
2020-08-05,San Bernardino,071,2135413,42618,34442,203,34645,504
2020-08-05,San Diego,073,3302833,34025,30866,58,30924,578
2020-08-05,San Francisco,075,870044,7865,6701,6,6707,60
2020-08-05,San Joaquin,077,732212,15657,12148,19,12167,199
2020-08-05,San Luis Obispo,079,281455,2358,1928,10,1938,13
2020-08-05,San Mateo,081,765935,7007,5695,6,5701,116
2020-08-05,Santa Barbara,083,443738,7877,6597,61,6658,63
2020-08-05,Santa Clara,085,1922200,14174,11074,24,11098,176
2020-08-05,Santa Cruz,087,273765,1432,1192,9,1201,4
2020-08-05,Shasta,089,179085,523,338,3,341,9
2020-08-05,Sierra,091,2930,5,3,0,3,0
2020-08-05,Siskiyou,093,43540,105,72,0,72,0
2020-08-05,Solano,095,438530,4597,3750,27,3777,29
2020-08-05,Sonoma,097,501317,4153,3173,7,3180,33
2020-08-05,Stanislaus,099,539301,12651,9408,84,9492,97
2020-08-05,Sutter,101,95872,975,780,1,781,6
2020-08-05,Tehama,103,63373,308,231,2,233,1
2020-08-05,Trinity,105,12862,21,5,5,10,0
2020-08-05,Tulare,107,460477,12060,9924,27,9951,192
2020-08-05,Tuolumne,109,53932,158,137,2,139,0
2020-08-05,Ventura,111,848112,9376,8162,32,8194,75
2020-08-05,Yolo,113,214977,1996,1634,4,1638,36
2020-08-05,Yuba,115,75493,588,400,0,400,1
2020-08-04,Alameda,001,1643700,14593,11983,110,12093,192
2020-08-04,Alpine,003,1148,3,2,0,2,0
2020-08-04,Amador,005,37829,202,123,0,123,0
2020-08-04,Butte,007,227075,1298,1011,14,1025,10
2020-08-04,Calaveras,009,45235,156,116,0,116,1
2020-08-04,Colusa,011,21464,396,354,0,354,3
2020-08-04,Contra Costa,013,1133247,11219,8210,31,8241,122
2020-08-04,Del Norte,015,27424,94,69,0,69,0
2020-08-04,El Dorado,017,186661,838,668,0,668,1
2020-08-04,Fresno,019,978130,22849,16272,194,16466,154
2020-08-04,Glenn,021,27897,397,325,0,325,1
2020-08-04,Humboldt,023,135768,283,241,1,242,4
2020-08-04,Imperial,025,180216,10544,7974,4,7978,163
2020-08-04,Inyo,027,18085,88,59,4,63,1
2020-08-04,Kern,029,883053,26106,21403,147,21550,190
2020-08-04,Kings,031,150075,5073,4163,26,4189,47
2020-08-04,Lake,033,64148,252,206,0,206,1
2020-08-04,Lassen,035,31185,643,556,2,558,0
2020-08-04,Los Angeles,037,10098052,210570,196014,658,196672,4764
2020-08-04,Madera,039,155013,3080,2161,5,2166,19
2020-08-04,Marin,041,260295,5563,5020,9,5029,43
2020-08-04,Mariposa,043,17540,64,51,0,51,2
2020-08-04,Mendocino,045,87422,378,248,0,248,1
2020-08-04,Merced,047,269075,6366,4085,2,4087,30
2020-08-04,Modoc,049,8938,7,3,0,3,0
2020-08-04,Mono,051,14174,158,104,1,105,1
2020-08-04,Monterey,053,433212,6059,4892,18,4910,32
2020-08-04,Napa,055,140530,1229,994,0,994,8
2020-08-04,Nevada,057,99092,357,322,12,334,2
2020-08-04,Orange,059,3164182,45326,37844,889,38733,659
2020-08-04,Placer,061,380077,2473,1964,4,1968,17
2020-08-04,Plumas,063,18699,36,25,0,25,0
2020-08-04,Riverside,065,2383286,46914,38991,34,39025,743
2020-08-04,Sacramento,067,1510023,13808,10205,10,10215,146
2020-08-04,San Benito,069,59416,765,608,0,608,2
2020-08-04,San Bernardino,071,2135413,42070,34215,197,34412,495
2020-08-04,San Diego,073,3302833,33732,30518,46,30564,568
2020-08-04,San Francisco,075,870044,7777,6568,6,6574,60
2020-08-04,San Joaquin,077,732212,15528,12087,16,12103,189
2020-08-04,San Luis Obispo,079,281455,2328,1886,10,1896,13
2020-08-04,San Mateo,081,765935,6901,5690,6,5696,116
2020-08-04,Santa Barbara,083,443738,7817,6591,61,6652,61
2020-08-04,Santa Clara,085,1922200,13873,10986,23,11009,175
2020-08-04,Santa Cruz,087,273765,1413,1202,9,1211,4
2020-08-04,Shasta,089,179085,517,335,3,338,9
2020-08-04,Sierra,091,2930,5,1,0,1,0
2020-08-04,Siskiyou,093,43540,103,71,0,71,0
2020-08-04,Solano,095,438530,4526,3690,27,3717,29
2020-08-04,Sonoma,097,501317,4086,3108,7,3115,33
2020-08-04,Stanislaus,099,539301,12483,9359,76,9435,97
2020-08-04,Sutter,101,95872,961,761,1,762,6
2020-08-04,Tehama,103,63373,301,226,2,228,1
2020-08-04,Trinity,105,12862,21,5,5,10,0
2020-08-04,Tulare,107,460477,11880,9866,27,9893,192
2020-08-04,Tuolumne,109,53932,157,127,2,129,0
2020-08-04,Ventura,111,848112,9264,8134,30,8164,75
2020-08-04,Yolo,113,214977,1970,1626,4,1630,37
2020-08-04,Yuba,115,75493,573,398,0,398,1
2020-08-03,Alameda,001,1643700,14410,11817,106,11923,189
2020-08-03,Alpine,003,1148,3,2,0,2,0
2020-08-03,Amador,005,37829,198,119,0,119,0
2020-08-03,Butte,007,227075,1252,989,13,1002,9
2020-08-03,Calaveras,009,45235,153,117,0,117,1
2020-08-03,Colusa,011,21464,392,336,0,336,2
2020-08-03,Contra Costa,013,1133247,11022,8069,28,8097,120
2020-08-03,Del Norte,015,27424,90,68,0,68,0
2020-08-03,El Dorado,017,186661,827,645,0,645,1
2020-08-03,Fresno,019,978130,22555,15945,188,16133,151
2020-08-03,Glenn,021,27897,390,316,0,316,1
2020-08-03,Humboldt,023,135768,276,234,1,235,4
2020-08-03,Imperial,025,180216,10490,7953,4,7957,161
2020-08-03,Inyo,027,18085,85,57,4,61,1
2020-08-03,Kern,029,883053,25739,21285,140,21425,176
2020-08-03,Kings,031,150075,4961,4107,25,4132,47
2020-08-03,Lake,033,64148,245,201,0,201,1
2020-08-03,Lassen,035,31185,643,555,2,557,0
2020-08-03,Los Angeles,037,10098052,208528,194103,627,194730,4706
2020-08-03,Madera,039,155013,3031,2143,4,2147,18
2020-08-03,Marin,041,260295,5516,5001,9,5010,43
2020-08-03,Mariposa,043,17540,63,52,0,52,2
2020-08-03,Mendocino,045,87422,355,248,0,248,1
2020-08-03,Merced,047,269075,6244,4028,2,4030,29
2020-08-03,Modoc,049,8938,7,2,0,2,0
2020-08-03,Mono,051,14174,158,104,1,105,1
2020-08-03,Monterey,053,433212,5908,4806,15,4821,28
2020-08-03,Napa,055,140530,1214,973,0,973,8
2020-08-03,Nevada,057,99092,352,315,12,327,2
2020-08-03,Orange,059,3164182,44931,37705,880,38585,651
2020-08-03,Placer,061,380077,2418,1947,3,1950,16
2020-08-03,Plumas,063,18699,36,25,0,25,0
2020-08-03,Riverside,065,2383286,46446,38642,34,38676,740
2020-08-03,Sacramento,067,1510023,13613,10143,10,10153,142
2020-08-03,San Benito,069,59416,753,603,0,603,2
2020-08-03,San Bernardino,071,2135413,41543,33979,191,34170,444
2020-08-03,San Diego,073,3302833,33418,30228,36,30264,565
2020-08-03,San Francisco,075,870044,7683,6319,6,6325,60
2020-08-03,San Joaquin,077,732212,15331,12007,15,12022,189
2020-08-03,San Luis Obispo,079,281455,2286,1863,7,1870,14
2020-08-03,San Mateo,081,765935,6820,5661,6,5667,115
2020-08-03,Santa Barbara,083,443738,7772,6580,60,6640,59
2020-08-03,Santa Clara,085,1922200,13597,10747,23,10770,172
2020-08-03,Santa Cruz,087,273765,1393,1154,9,1163,4
2020-08-03,Shasta,089,179085,510,322,3,325,9
2020-08-03,Sierra,091,2930,5,1,0,1,0
2020-08-03,Siskiyou,093,43540,99,67,0,67,0
2020-08-03,Solano,095,438530,4457,3610,26,3636,29
2020-08-03,Sonoma,097,501317,3987,3079,6,3085,33
2020-08-03,Stanislaus,099,539301,12274,9308,67,9375,96
2020-08-03,Sutter,101,95872,937,713,1,714,6
2020-08-03,Tehama,103,63373,293,225,2,227,1
2020-08-03,Trinity,105,12862,21,5,5,10,0
2020-08-03,Tulare,107,460477,11696,9703,27,9730,188
2020-08-03,Tuolumne,109,53932,157,123,2,125,0
2020-08-03,Ventura,111,848112,9173,8084,27,8111,74
2020-08-03,Yolo,113,214977,1935,1598,3,1601,37
2020-08-03,Yuba,115,75493,549,393,0,393,1
2020-08-02,Alameda,001,1643700,14164,11696,94,11790,188
2020-08-02,Alpine,003,1148,3,2,0,2,0
2020-08-02,Amador,005,37829,193,117,0,117,0
2020-08-02,Butte,007,227075,1217,987,13,1000,9
2020-08-02,Calaveras,009,45235,150,116,0,116,1
2020-08-02,Colusa,011,21464,387,335,0,335,2
2020-08-02,Contra Costa,013,1133247,10783,7995,28,8023,118
2020-08-02,Del Norte,015,27424,89,68,0,68,0
2020-08-02,El Dorado,017,186661,817,643,0,643,1
2020-08-02,Fresno,019,978130,22280,15759,182,15941,151
2020-08-02,Glenn,021,27897,389,315,0,315,1
2020-08-02,Humboldt,023,135768,271,232,1,233,4
2020-08-02,Imperial,025,180216,10427,7919,4,7923,157
2020-08-02,Inyo,027,18085,84,45,4,49,1
2020-08-02,Kern,029,883053,25441,21162,138,21300,176
2020-08-02,Kings,031,150075,4899,3964,24,3988,47
2020-08-02,Lake,033,64148,240,201,0,201,1
2020-08-02,Lassen,035,31185,643,555,2,557,0
2020-08-02,Los Angeles,037,10098052,206433,192480,609,193089,4698
2020-08-02,Madera,039,155013,2965,2123,2,2125,18
2020-08-02,Marin,041,260295,5481,4985,9,4994,43
2020-08-02,Mariposa,043,17540,61,52,0,52,2
2020-08-02,Mendocino,045,87422,345,247,0,247,1
2020-08-02,Merced,047,269075,6103,4011,2,4013,29
2020-08-02,Modoc,049,8938,7,2,0,2,0
2020-08-02,Mono,051,14174,151,104,1,105,1
2020-08-02,Monterey,053,433212,5782,4698,15,4713,28
2020-08-02,Napa,055,140530,1199,956,0,956,8
2020-08-02,Nevada,057,99092,349,314,12,326,2
2020-08-02,Orange,059,3164182,44550,37266,869,38135,651
2020-08-02,Placer,061,380077,2379,1920,3,1923,15
2020-08-02,Plumas,063,18699,36,25,0,25,0
2020-08-02,Riverside,065,2383286,46013,38507,33,38540,735
2020-08-02,Sacramento,067,1510023,13334,10099,10,10109,142
2020-08-02,San Benito,069,59416,739,599,0,599,2
2020-08-02,San Bernardino,071,2135413,40942,33643,187,33830,443
2020-08-02,San Diego,073,3302833,33078,29885,27,29912,565
2020-08-02,San Francisco,075,870044,7565,6297,6,6303,60
2020-08-02,San Joaquin,077,732212,15045,11937,13,11950,189
2020-08-02,San Luis Obispo,079,281455,2223,1821,7,1828,14
2020-08-02,San Mateo,081,765935,6705,5618,6,5624,115
2020-08-02,Santa Barbara,083,443738,7681,6532,60,6592,59
2020-08-02,Santa Clara,085,1922200,13379,10577,23,10600,172
2020-08-02,Santa Cruz,087,273765,1373,1162,9,1171,4
2020-08-02,Shasta,089,179085,506,318,3,321,9
2020-08-02,Sierra,091,2930,4,1,0,1,0
2020-08-02,Siskiyou,093,43540,99,65,0,65,0
2020-08-02,Solano,095,438530,4398,3609,26,3635,29
2020-08-02,Sonoma,097,501317,3903,3005,6,3011,33
2020-08-02,Stanislaus,099,539301,12059,9277,61,9338,96
2020-08-02,Sutter,101,95872,902,714,1,715,6
2020-08-02,Tehama,103,63373,287,222,2,224,1
2020-08-02,Trinity,105,12862,21,5,5,10,0
2020-08-02,Tulare,107,460477,11487,9593,27,9620,188
2020-08-02,Tuolumne,109,53932,154,123,2,125,0
2020-08-02,Ventura,111,848112,9027,8014,27,8041,73
2020-08-02,Yolo,113,214977,1910,1588,3,1591,37
2020-08-02,Yuba,115,75493,529,393,0,393,1
2020-08-01,Alameda,001,1643700,14052,11590,94,11684,188
2020-08-01,Alpine,003,1148,3,2,0,2,0
2020-08-01,Amador,005,37829,189,109,0,109,0
2020-08-01,Butte,007,227075,1203,976,13,989,9
2020-08-01,Calaveras,009,45235,146,116,0,116,1
2020-08-01,Colusa,011,21464,386,327,0,327,2
2020-08-01,Contra Costa,013,1133247,10650,7867,27,7894,116
2020-08-01,Del Norte,015,27424,89,68,0,68,0
2020-08-01,El Dorado,017,186661,814,637,0,637,1
2020-08-01,Fresno,019,978130,22143,15448,182,15630,149
2020-08-01,Glenn,021,27897,388,311,0,311,1
2020-08-01,Humboldt,023,135768,270,232,1,233,4
2020-08-01,Imperial,025,180216,10391,7919,4,7923,156
2020-08-01,Inyo,027,18085,82,45,4,49,1
2020-08-01,Kern,029,883053,25281,20796,134,20930,176
2020-08-01,Kings,031,150075,4873,3948,24,3972,47
2020-08-01,Lake,033,64148,238,194,0,194,1
2020-08-01,Lassen,035,31185,642,555,2,557,0
2020-08-01,Los Angeles,037,10098052,205540,191023,582,191605,4674
2020-08-01,Madera,039,155013,2926,2103,2,2105,18
2020-08-01,Marin,041,260295,5466,4945,9,4954,43
2020-08-01,Mariposa,043,17540,61,50,0,50,2
2020-08-01,Mendocino,045,87422,338,243,0,243,1
2020-08-01,Merced,047,269075,6055,3972,2,3974,29
2020-08-01,Modoc,049,8938,7,2,0,2,0
2020-08-01,Mono,051,14174,150,104,1,105,1
2020-08-01,Monterey,053,433212,5715,4611,14,4625,28
2020-08-01,Napa,055,140530,1190,923,0,923,8
2020-08-01,Nevada,057,99092,345,305,12,317,2
2020-08-01,Orange,059,3164182,44323,36703,863,37566,648
2020-08-01,Placer,061,380077,2345,1891,3,1894,14
2020-08-01,Plumas,063,18699,35,25,0,25,0
2020-08-01,Riverside,065,2383286,45801,38216,31,38247,704
2020-08-01,Sacramento,067,1510023,13183,10044,10,10054,141
2020-08-01,San Benito,069,59416,728,579,0,579,2
2020-08-01,San Bernardino,071,2135413,40706,32947,186,33133,440
2020-08-01,San Diego,073,3302833,32861,29579,19,29598,565
2020-08-01,San Francisco,075,870044,7503,6296,6,6302,60
2020-08-01,San Joaquin,077,732212,14972,11807,12,11819,189
2020-08-01,San Luis Obispo,079,281455,2196,1798,7,1805,13
2020-08-01,San Mateo,081,765935,6651,5520,6,5526,115
2020-08-01,Santa Barbara,083,443738,7641,6465,60,6525,59
2020-08-01,Santa Clara,085,1922200,13228,10281,23,10304,171
2020-08-01,Santa Cruz,087,273765,1357,1164,9,1173,4
2020-08-01,Shasta,089,179085,501,312,3,315,9
2020-08-01,Sierra,091,2930,3,1,0,1,0
2020-08-01,Siskiyou,093,43540,99,64,0,64,0
2020-08-01,Solano,095,438530,4364,3591,25,3616,29
2020-08-01,Sonoma,097,501317,3857,2890,6,2896,29
2020-08-01,Stanislaus,099,539301,11941,9221,53,9274,96
2020-08-01,Sutter,101,95872,898,714,1,715,6
2020-08-01,Tehama,103,63373,284,220,2,222,1
2020-08-01,Trinity,105,12862,21,5,5,10,0
2020-08-01,Tulare,107,460477,11419,9520,27,9547,188
2020-08-01,Tuolumne,109,53932,154,123,2,125,0
2020-08-01,Ventura,111,848112,8981,7819,27,7846,73
2020-08-01,Yolo,113,214977,1900,1557,3,1560,37
2020-08-01,Yuba,115,75493,524,387,0,387,1
2020-07-31,Alameda,001,1643700,13921,11441,94,11535,187
2020-07-31,Alpine,003,1148,3,2,0,2,0
2020-07-31,Amador,005,37829,188,98,0,98,0
2020-07-31,Butte,007,227075,1180,925,13,938,7
2020-07-31,Calaveras,009,45235,146,112,0,112,1
2020-07-31,Colusa,011,21464,376,319,0,319,2
2020-07-31,Contra Costa,013,1133247,10502,7697,26,7723,113
2020-07-31,Del Norte,015,27424,88,68,0,68,0
2020-07-31,El Dorado,017,186661,803,616,0,616,1
2020-07-31,Fresno,019,978130,21924,15083,182,15265,133
2020-07-31,Glenn,021,27897,381,304,0,304,1
2020-07-31,Humboldt,023,135768,263,229,1,230,4
2020-07-31,Imperial,025,180216,10359,7886,4,7890,155
2020-07-31,Inyo,027,18085,72,45,4,49,1
2020-07-31,Kern,029,883053,25040,20061,129,20190,173
2020-07-31,Kings,031,150075,4845,3807,24,3831,45
2020-07-31,Lake,033,64148,237,191,0,191,1
2020-07-31,Lassen,035,31185,637,544,2,546,0
2020-07-31,Los Angeles,037,10098052,203931,188688,569,189257,4628
2020-07-31,Madera,039,155013,2879,2036,2,2038,19
2020-07-31,Marin,041,260295,5422,4885,6,4891,43
2020-07-31,Mariposa,043,17540,61,49,0,49,2
2020-07-31,Mendocino,045,87422,323,232,0,232,1
2020-07-31,Merced,047,269075,5972,3789,2,3791,30
2020-07-31,Modoc,049,8938,6,0,0,0,0
2020-07-31,Mono,051,14174,149,104,1,105,1
2020-07-31,Monterey,053,433212,5623,4493,14,4507,24
2020-07-31,Napa,055,140530,1178,897,0,897,7
2020-07-31,Nevada,057,99092,343,302,12,314,2
2020-07-31,Orange,059,3164182,44023,36196,848,37044,620
2020-07-31,Placer,061,380077,2320,1853,3,1856,14
2020-07-31,Plumas,063,18699,34,25,0,25,0
2020-07-31,Riverside,065,2383286,45411,37612,30,37642,694
2020-07-31,Sacramento,067,1510023,13005,9872,10,9882,132
2020-07-31,San Benito,069,59416,720,567,0,567,2
2020-07-31,San Bernardino,071,2135413,40376,32332,185,32517,434
2020-07-31,San Diego,073,3302833,32627,29050,11,29061,561
2020-07-31,San Francisco,075,870044,7404,6126,6,6132,60
2020-07-31,San Joaquin,077,732212,14834,11561,12,11573,177
2020-07-31,San Luis Obispo,079,281455,2127,1746,7,1753,12
2020-07-31,San Mateo,081,765935,6579,5416,6,5422,115
2020-07-31,Santa Barbara,083,443738,7574,6375,60,6435,58
2020-07-31,Santa Clara,085,1922200,13007,9863,23,9886,171
2020-07-31,Santa Cruz,087,273765,1334,1118,9,1127,4
2020-07-31,Shasta,089,179085,491,305,3,308,9
2020-07-31,Sierra,091,2930,3,1,0,1,0
2020-07-31,Siskiyou,093,43540,97,61,0,61,0
2020-07-31,Solano,095,438530,4317,3510,24,3534,29
2020-07-31,Sonoma,097,501317,3799,2745,6,2751,27
2020-07-31,Stanislaus,099,539301,11834,9061,48,9109,94
2020-07-31,Sutter,101,95872,893,714,1,715,6
2020-07-31,Tehama,103,63373,281,213,2,215,1
2020-07-31,Trinity,105,12862,21,5,5,10,0
2020-07-31,Tulare,107,460477,11298,9365,27,9392,184
2020-07-31,Tuolumne,109,53932,154,120,2,122,0
2020-07-31,Ventura,111,848112,8906,7521,27,7548,71
2020-07-31,Yolo,113,214977,1874,1522,3,1525,38
2020-07-31,Yuba,115,75493,515,369,0,369,1
2020-07-30,Alameda,001,1643700,13719,11303,53,11356,185
2020-07-30,Alpine,003,1148,3,2,0,2,0
2020-07-30,Amador,005,37829,170,97,0,97,0
2020-07-30,Butte,007,227075,1164,915,13,928,7
2020-07-30,Calaveras,009,45235,142,111,0,111,1
2020-07-30,Colusa,011,21464,373,315,0,315,2
2020-07-30,Contra Costa,013,1133247,10317,7615,25,7640,112
2020-07-30,Del Norte,015,27424,88,68,0,68,0
2020-07-30,El Dorado,017,186661,796,608,0,608,1
2020-07-30,Fresno,019,978130,21588,14793,176,14969,133
2020-07-30,Glenn,021,27897,374,297,0,297,1
2020-07-30,Humboldt,023,135768,261,228,1,229,4
2020-07-30,Imperial,025,180216,10300,7849,4,7853,151
2020-07-30,Inyo,027,18085,68,44,4,48,1
2020-07-30,Kern,029,883053,24747,19552,125,19677,171
2020-07-30,Kings,031,150075,4741,3785,24,3809,43
2020-07-30,Lake,033,64148,231,181,0,181,1
2020-07-30,Lassen,035,31185,634,544,2,546,0
2020-07-30,Los Angeles,037,10098052,201894,186177,538,186715,4564
2020-07-30,Madera,039,155013,2809,2007,2,2009,18
2020-07-30,Marin,041,260295,5380,4835,5,4840,39
2020-07-30,Mariposa,043,17540,61,49,0,49,1
2020-07-30,Mendocino,045,87422,316,232,0,232,1
2020-07-30,Merced,047,269075,5807,3695,2,3697,30
2020-07-30,Modoc,049,8938,6,0,0,0,0
2020-07-30,Mono,051,14174,148,104,1,105,1
2020-07-30,Monterey,053,433212,5511,4352,14,4366,24
2020-07-30,Napa,055,140530,1161,874,0,874,7
2020-07-30,Nevada,057,99092,338,292,12,304,2
2020-07-30,Orange,059,3164182,43608,36105,823,36928,607
2020-07-30,Placer,061,380077,2269,1821,3,1824,14
2020-07-30,Plumas,063,18699,33,25,0,25,0
2020-07-30,Riverside,065,2383286,44870,37308,30,37338,685
2020-07-30,Sacramento,067,1510023,12786,9704,10,9714,126
2020-07-30,San Benito,069,59416,707,558,0,558,2
2020-07-30,San Bernardino,071,2135413,39851,32010,185,32195,427
2020-07-30,San Diego,073,3302833,32280,28670,9,28679,558
2020-07-30,San Francisco,075,870044,7304,6107,6,6113,59
2020-07-30,San Joaquin,077,732212,14640,11435,12,11447,161
2020-07-30,San Luis Obispo,079,281455,2092,1703,7,1710,12
2020-07-30,San Mateo,081,765935,6484,5369,6,5375,115
2020-07-30,Santa Barbara,083,443738,7494,6273,60,6333,52
2020-07-30,Santa Clara,085,1922200,12770,9708,22,9730,170
2020-07-30,Santa Cruz,087,273765,1307,1087,9,1096,4
2020-07-30,Shasta,089,179085,487,306,3,309,8
2020-07-30,Sierra,091,2930,3,1,0,1,0
2020-07-30,Siskiyou,093,43540,96,60,0,60,0
2020-07-30,Solano,095,438530,4266,3463,24,3487,29
2020-07-30,Sonoma,097,501317,3727,2684,6,2690,25
2020-07-30,Stanislaus,099,539301,11621,8890,40,8930,94
2020-07-30,Sutter,101,95872,874,698,1,699,6
2020-07-30,Tehama,103,63373,278,208,2,210,1
2020-07-30,Trinity,105,12862,21,4,5,9,0
2020-07-30,Tulare,107,460477,11169,9167,27,9194,177
2020-07-30,Tuolumne,109,53932,153,119,2,121,0
2020-07-30,Ventura,111,848112,8794,7304,25,7329,69
2020-07-30,Yolo,113,214977,1854,1511,3,1514,37
2020-07-30,Yuba,115,75493,502,362,0,362,1
2020-07-29,Alameda,001,1643700,13500,11177,48,11225,180
2020-07-29,Alpine,003,1148,3,2,0,2,0
2020-07-29,Amador,005,37829,162,80,0,80,0
2020-07-29,Butte,007,227075,1138,889,11,900,7
2020-07-29,Calaveras,009,45235,136,107,0,107,1
2020-07-29,Colusa,011,21464,369,302,0,302,2
2020-07-29,Contra Costa,013,1133247,10114,7520,25,7545,108
2020-07-29,Del Norte,015,27424,88,68,0,68,0
2020-07-29,El Dorado,017,186661,786,588,0,588,1
2020-07-29,Fresno,019,978130,21296,14312,176,14488,125
2020-07-29,Glenn,021,27897,367,294,0,294,1
2020-07-29,Humboldt,023,135768,258,221,1,222,4
2020-07-29,Imperial,025,180216,10252,7825,4,7829,147
2020-07-29,Inyo,027,18085,63,44,4,48,1
2020-07-29,Kern,029,883053,24409,19073,122,19195,162
2020-07-29,Kings,031,150075,4693,3755,24,3779,43
2020-07-29,Lake,033,64148,229,179,0,179,1
2020-07-29,Lassen,035,31185,619,513,2,515,0
2020-07-29,Los Angeles,037,10098052,199858,183600,521,184121,4523
2020-07-29,Madera,039,155013,2755,1941,2,1943,18
2020-07-29,Marin,041,260295,5342,4747,5,4752,34
2020-07-29,Mariposa,043,17540,60,47,0,47,1
2020-07-29,Mendocino,045,87422,308,228,0,228,0
2020-07-29,Merced,047,269075,5667,3605,2,3607,25
2020-07-29,Modoc,049,8938,5,0,0,0,0
2020-07-29,Mono,051,14174,145,102,1,103,1
2020-07-29,Monterey,053,433212,5412,4252,14,4266,24
2020-07-29,Napa,055,140530,1133,866,0,866,7
2020-07-29,Nevada,057,99092,334,288,12,300,1
2020-07-29,Orange,059,3164182,43174,35339,810,36149,589
2020-07-29,Placer,061,380077,2237,1798,3,1801,14
2020-07-29,Plumas,063,18699,33,25,0,25,0
2020-07-29,Riverside,065,2383286,44279,36968,30,36998,678
2020-07-29,Sacramento,067,1510023,12540,9538,10,9548,122
2020-07-29,San Benito,069,59416,692,537,0,537,2
2020-07-29,San Bernardino,071,2135413,39362,31168,174,31342,417
2020-07-29,San Diego,073,3302833,31955,28289,8,28297,552
2020-07-29,San Francisco,075,870044,7210,6041,6,6047,56
2020-07-29,San Joaquin,077,732212,14392,11249,9,11258,154
2020-07-29,San Luis Obispo,079,281455,2072,1673,7,1680,11
2020-07-29,San Mateo,081,765935,6396,5305,6,5311,114
2020-07-29,Santa Barbara,083,443738,7424,6215,60,6275,31
2020-07-29,Santa Clara,085,1922200,12562,9567,22,9589,165
2020-07-29,Santa Cruz,087,273765,1283,1051,9,1060,4
2020-07-29,Shasta,089,179085,475,297,3,300,8
2020-07-29,Sierra,091,2930,2,1,0,1,0
2020-07-29,Siskiyou,093,43540,94,58,0,58,0
2020-07-29,Solano,095,438530,4212,3380,24,3404,29
2020-07-29,Sonoma,097,501317,3650,2598,6,2604,26
2020-07-29,Stanislaus,099,539301,11400,8745,34,8779,94
2020-07-29,Sutter,101,95872,846,678,1,679,6
2020-07-29,Tehama,103,63373,274,206,2,208,1
2020-07-29,Trinity,105,12862,21,4,5,9,0
2020-07-29,Tulare,107,460477,10998,9028,27,9055,156
2020-07-29,Tuolumne,109,53932,153,118,2,120,0
2020-07-29,Ventura,111,848112,8689,7161,25,7186,68
2020-07-29,Yolo,113,214977,1828,1488,3,1491,36
2020-07-29,Yuba,115,75493,486,350,0,350,1
2020-07-28,Alameda,001,1643700,13273,10875,47,10922,180
2020-07-28,Alpine,003,1148,3,2,0,2,0
2020-07-28,Amador,005,37829,152,77,0,77,0
2020-07-28,Butte,007,227075,1103,857,11,868,7
2020-07-28,Calaveras,009,45235,135,105,0,105,1
2020-07-28,Colusa,011,21464,363,290,0,290,2
2020-07-28,Contra Costa,013,1133247,9892,7426,25,7451,107
2020-07-28,Del Norte,015,27424,87,68,0,68,0
2020-07-28,El Dorado,017,186661,771,558,0,558,1
2020-07-28,Fresno,019,978130,20960,13933,170,14103,125
2020-07-28,Glenn,021,27897,365,289,0,289,1
2020-07-28,Humboldt,023,135768,257,218,1,219,4
2020-07-28,Imperial,025,180216,10216,7804,4,7808,145
2020-07-28,Inyo,027,18085,61,43,4,47,1
2020-07-28,Kern,029,883053,24046,18834,116,18950,155
2020-07-28,Kings,031,150075,4647,3721,24,3745,41
2020-07-28,Lake,033,64148,225,179,0,179,1
2020-07-28,Lassen,035,31185,613,508,2,510,0
2020-07-28,Los Angeles,037,10098052,197627,179107,498,179605,4435
2020-07-28,Madera,039,155013,2689,1889,2,1891,18
2020-07-28,Marin,041,260295,5273,4698,5,4703,23
2020-07-28,Mariposa,043,17540,58,45,0,45,1
2020-07-28,Mendocino,045,87422,297,222,0,222,0
2020-07-28,Merced,047,269075,5522,3446,2,3448,23
2020-07-28,Modoc,049,8938,4,0,0,0,0
2020-07-28,Mono,051,14174,144,102,1,103,1
2020-07-28,Monterey,053,433212,5291,4047,14,4061,22
2020-07-28,Napa,055,140530,1111,824,0,824,6
2020-07-28,Nevada,057,99092,329,278,12,290,1
2020-07-28,Orange,059,3164182,42716,34832,796,35628,582
2020-07-28,Placer,061,380077,2202,1759,3,1762,14
2020-07-28,Plumas,063,18699,33,22,0,22,0
2020-07-28,Riverside,065,2383286,43679,36458,30,36488,668
2020-07-28,Sacramento,067,1510023,12281,9429,10,9439,117
2020-07-28,San Benito,069,59416,682,503,0,503,2
2020-07-28,San Bernardino,071,2135413,38839,30493,170,30663,412
2020-07-28,San Diego,073,3302833,31605,28007,6,28013,547
2020-07-28,San Francisco,075,870044,7097,5888,6,5894,56
2020-07-28,San Joaquin,077,732212,14109,10958,7,10965,141
2020-07-28,San Luis Obispo,079,281455,2041,1636,7,1643,9
2020-07-28,San Mateo,081,765935,6322,5171,6,5177,114
2020-07-28,Santa Barbara,083,443738,7361,6110,58,6168,31
2020-07-28,Santa Clara,085,1922200,12327,9307,22,9329,165
2020-07-28,Santa Cruz,087,273765,1256,1018,9,1027,4
2020-07-28,Shasta,089,179085,463,275,3,278,8
2020-07-28,Sierra,091,2930,2,1,0,1,0
2020-07-28,Siskiyou,093,43540,90,57,0,57,0
2020-07-28,Solano,095,438530,4165,3292,23,3315,29
2020-07-28,Sonoma,097,501317,3577,2553,6,2559,20
2020-07-28,Stanislaus,099,539301,11178,8492,26,8518,92
2020-07-28,Sutter,101,95872,809,653,0,653,2
2020-07-28,Tehama,103,63373,269,199,2,201,1
2020-07-28,Trinity,105,12862,21,3,5,8,0
2020-07-28,Tulare,107,460477,10811,8787,27,8814,96
2020-07-28,Tuolumne,109,53932,152,116,2,118,0
2020-07-28,Ventura,111,848112,8563,7045,24,7069,68
2020-07-28,Yolo,113,214977,1800,1459,3,1462,36
2020-07-28,Yuba,115,75493,469,333,0,333,1
2020-07-27,Alameda,001,1643700,13046,10645,44,10689,176
2020-07-27,Alpine,003,1148,3,2,0,2,0
2020-07-27,Amador,005,37829,147,72,0,72,0
2020-07-27,Butte,007,227075,1076,843,11,854,7
2020-07-27,Calaveras,009,45235,131,103,0,103,1
2020-07-27,Colusa,011,21464,356,271,0,271,2
2020-07-27,Contra Costa,013,1133247,9670,7256,25,7281,104
2020-07-27,Del Norte,015,27424,86,67,0,67,0
2020-07-27,El Dorado,017,186661,759,548,0,548,1
2020-07-27,Fresno,019,978130,20612,13485,164,13649,117
2020-07-27,Glenn,021,27897,363,277,0,277,1
2020-07-27,Humboldt,023,135768,252,218,1,219,4
2020-07-27,Imperial,025,180216,10166,7789,4,7793,144
2020-07-27,Inyo,027,18085,61,43,4,47,1
2020-07-27,Kern,029,883053,23544,17994,110,18104,148
2020-07-27,Kings,031,150075,4398,3685,24,3709,39
2020-07-27,Lake,033,64148,221,176,0,176,1
2020-07-27,Lassen,035,31185,613,503,2,505,0
2020-07-27,Los Angeles,037,10098052,195174,176351,479,176830,4379
2020-07-27,Madera,039,155013,2624,1793,2,1795,17
2020-07-27,Marin,041,260295,5185,4669,5,4674,22
2020-07-27,Mariposa,043,17540,58,43,0,43,1
2020-07-27,Mendocino,045,87422,284,209,0,209,0
2020-07-27,Merced,047,269075,5382,3292,2,3294,23
2020-07-27,Modoc,049,8938,3,0,0,0,0
2020-07-27,Mono,051,14174,140,99,1,100,1
2020-07-27,Monterey,053,433212,5101,3960,14,3974,21
2020-07-27,Napa,055,140530,1096,769,0,769,6
2020-07-27,Nevada,057,99092,325,268,12,280,1
2020-07-27,Orange,059,3164182,42276,34649,780,35429,566
2020-07-27,Placer,061,380077,2152,1679,3,1682,12
2020-07-27,Plumas,063,18699,33,22,0,22,0
2020-07-27,Riverside,065,2383286,43001,35822,30,35852,667
2020-07-27,Sacramento,067,1510023,11989,9091,10,9101,114
2020-07-27,San Benito,069,59416,667,498,0,498,2
2020-07-27,San Bernardino,071,2135413,38247,29928,160,30088,401
2020-07-27,San Diego,073,3302833,31231,27509,5,27514,533
2020-07-27,San Francisco,075,870044,7010,5825,6,5831,55
2020-07-27,San Joaquin,077,732212,13817,10728,7,10735,129
2020-07-27,San Luis Obispo,079,281455,1996,1612,7,1619,9
2020-07-27,San Mateo,081,765935,6213,5108,6,5114,113
2020-07-27,Santa Barbara,083,443738,7279,6026,56,6082,30
2020-07-27,Santa Clara,085,1922200,12059,9157,21,9178,166
2020-07-27,Santa Cruz,087,273765,1234,984,9,993,4
2020-07-27,Shasta,089,179085,456,275,3,278,8
2020-07-27,Sierra,091,2930,2,1,0,1,0
2020-07-27,Siskiyou,093,43540,88,54,0,54,0
2020-07-27,Solano,095,438530,4098,3198,22,3220,29
2020-07-27,Sonoma,097,501317,3486,2504,6,2510,20
2020-07-27,Stanislaus,099,539301,10951,8288,18,8306,84
2020-07-27,Sutter,101,95872,783,620,0,620,2
2020-07-27,Tehama,103,63373,261,192,2,194,1
2020-07-27,Trinity,105,12862,21,3,5,8,0
2020-07-27,Tulare,107,460477,10593,8462,27,8489,172
2020-07-27,Tuolumne,109,53932,149,115,2,117,0
2020-07-27,Ventura,111,848112,8434,6998,23,7021,68
2020-07-27,Yolo,113,214977,1755,1439,3,1442,33
2020-07-27,Yuba,115,75493,449,328,0,328,1
2020-07-26,Alameda,001,1643700,12808,10489,44,10533,176
2020-07-26,Alpine,003,1148,3,2,0,2,0
2020-07-26,Amador,005,37829,141,67,0,67,0
2020-07-26,Butte,007,227075,1039,822,11,833,5
2020-07-26,Calaveras,009,45235,128,103,0,103,1
2020-07-26,Colusa,011,21464,347,270,0,270,2
2020-07-26,Contra Costa,013,1133247,9433,7095,25,7120,104
2020-07-26,Del Norte,015,27424,84,67,0,67,0
2020-07-26,El Dorado,017,186661,741,539,0,539,1
2020-07-26,Fresno,019,978130,20221,13209,156,13365,117
2020-07-26,Glenn,021,27897,355,265,0,265,1
2020-07-26,Humboldt,023,135768,246,214,1,215,4
2020-07-26,Imperial,025,180216,10093,7781,4,7785,144
2020-07-26,Inyo,027,18085,56,43,4,47,1
2020-07-26,Kern,029,883053,23020,17394,107,17501,148
2020-07-26,Kings,031,150075,4339,3591,24,3615,39
2020-07-26,Lake,033,64148,213,174,0,174,1
2020-07-26,Lassen,035,31185,572,503,2,505,0
2020-07-26,Los Angeles,037,10098052,192600,174322,461,174783,4364
2020-07-26,Madera,039,155013,2537,1744,2,1746,17
2020-07-26,Marin,041,260295,5139,4595,5,4600,22
2020-07-26,Mariposa,043,17540,56,43,0,43,1
2020-07-26,Mendocino,045,87422,275,206,0,206,0
2020-07-26,Merced,047,269075,5202,3251,2,3253,23
2020-07-26,Modoc,049,8938,3,0,0,0,0
2020-07-26,Mono,051,14174,136,82,1,83,1
2020-07-26,Monterey,053,433212,4935,3901,14,3915,21
2020-07-26,Napa,055,140530,1077,769,0,769,6
2020-07-26,Nevada,057,99092,322,261,12,273,1
2020-07-26,Orange,059,3164182,41750,34352,748,35100,564
2020-07-26,Placer,061,380077,2087,1628,3,1631,12
2020-07-26,Plumas,063,18699,33,22,0,22,0
2020-07-26,Riverside,065,2383286,42441,35636,30,35666,665
2020-07-26,Sacramento,067,1510023,11685,8972,10,8982,114
2020-07-26,San Benito,069,59416,655,495,0,495,2
2020-07-26,San Bernardino,071,2135413,37606,29545,151,29696,400
2020-07-26,San Diego,073,3302833,30835,26986,4,26990,533
2020-07-26,San Francisco,075,870044,6902,5823,6,5829,55
2020-07-26,San Joaquin,077,732212,13524,10637,7,10644,129
2020-07-26,San Luis Obispo,079,281455,1953,1565,7,1572,8
2020-07-26,San Mateo,081,765935,6107,5078,6,5084,113
2020-07-26,Santa Barbara,083,443738,7176,5939,56,5995,30
2020-07-26,Santa Clara,085,1922200,11830,8986,21,9007,166
2020-07-26,Santa Cruz,087,273765,1207,970,9,979,4
2020-07-26,Shasta,089,179085,449,265,3,268,8
2020-07-26,Sierra,091,2930,2,1,0,1,0
2020-07-26,Siskiyou,093,43540,86,54,0,54,0
2020-07-26,Solano,095,438530,4018,3197,20,3217,29
2020-07-26,Sonoma,097,501317,3397,2503,5,2508,20
2020-07-26,Stanislaus,099,539301,10690,8228,17,8245,84
2020-07-26,Sutter,101,95872,769,612,0,612,2
2020-07-26,Tehama,103,63373,254,175,2,177,1
2020-07-26,Trinity,105,12862,21,3,5,8,0
2020-07-26,Tulare,107,460477,10386,8392,27,8419,172
2020-07-26,Tuolumne,109,53932,144,113,2,115,0
2020-07-26,Ventura,111,848112,8227,6844,23,6867,67
2020-07-26,Yolo,113,214977,1724,1408,3,1411,33
2020-07-26,Yuba,115,75493,430,313,0,313,1
2020-07-25,Alameda,001,1643700,12711,10361,42,10403,176
2020-07-25,Alpine,003,1148,3,2,0,2,0
2020-07-25,Amador,005,37829,138,67,0,67,0
2020-07-25,Butte,007,227075,1030,810,11,821,5
2020-07-25,Calaveras,009,45235,124,103,0,103,1
2020-07-25,Colusa,011,21464,340,265,0,265,2
2020-07-25,Contra Costa,013,1133247,9288,6920,25,6945,104
2020-07-25,Del Norte,015,27424,84,67,0,67,0
2020-07-25,El Dorado,017,186661,730,528,0,528,1
2020-07-25,Fresno,019,978130,20035,12866,156,13022,117
2020-07-25,Glenn,021,27897,353,260,0,260,1
2020-07-25,Humboldt,023,135768,243,212,1,213,4
2020-07-25,Imperial,025,180216,10067,7727,4,7731,144
2020-07-25,Inyo,027,18085,55,43,4,47,1
2020-07-25,Kern,029,883053,22802,16910,106,17016,148
2020-07-25,Kings,031,150075,4322,3516,24,3540,39
2020-07-25,Lake,033,64148,211,173,0,173,1
2020-07-25,Lassen,035,31185,572,503,2,505,0
2020-07-25,Los Angeles,037,10098052,191468,172611,454,173065,4357
2020-07-25,Madera,039,155013,2505,1724,2,1726,17
2020-07-25,Marin,041,260295,5123,4562,5,4567,22
2020-07-25,Mariposa,043,17540,55,43,0,43,1
2020-07-25,Mendocino,045,87422,269,190,0,190,0
2020-07-25,Merced,047,269075,5123,3176,2,3178,23
2020-07-25,Modoc,049,8938,3,0,0,0,0
2020-07-25,Mono,051,14174,136,82,1,83,1
2020-07-25,Monterey,053,433212,4858,3805,14,3819,21
2020-07-25,Napa,055,140530,1064,746,0,746,6
2020-07-25,Nevada,057,99092,320,257,12,269,1
2020-07-25,Orange,059,3164182,41530,33978,727,34705,561
2020-07-25,Placer,061,380077,2071,1596,3,1599,12
2020-07-25,Plumas,063,18699,33,22,0,22,0
2020-07-25,Riverside,065,2383286,42173,34921,30,34951,655
2020-07-25,Sacramento,067,1510023,11539,8674,10,8684,113
2020-07-25,San Benito,069,59416,639,492,0,492,2
2020-07-25,San Bernardino,071,2135413,37327,29265,148,29413,394
2020-07-25,San Diego,073,3302833,30574,26703,3,26706,533
2020-07-25,San Francisco,075,870044,6844,5644,6,5650,55
2020-07-25,San Joaquin,077,732212,13398,10347,6,10353,129
2020-07-25,San Luis Obispo,079,281455,1933,1530,6,1536,8
2020-07-25,San Mateo,081,765935,6044,5023,6,5029,113
2020-07-25,Santa Barbara,083,443738,7140,5880,56,5936,30
2020-07-25,Santa Clara,085,1922200,11696,8767,21,8788,166
2020-07-25,Santa Cruz,087,273765,1190,939,9,948,4
2020-07-25,Shasta,089,179085,444,263,1,264,8
2020-07-25,Sierra,091,2930,2,1,0,1,0
2020-07-25,Siskiyou,093,43540,84,54,0,54,0
2020-07-25,Solano,095,438530,3978,3107,18,3125,29
2020-07-25,Sonoma,097,501317,3358,2412,5,2417,20
2020-07-25,Stanislaus,099,539301,10587,7994,14,8008,84
2020-07-25,Sutter,101,95872,750,603,0,603,2
2020-07-25,Tehama,103,63373,253,169,2,171,1
2020-07-25,Trinity,105,12862,21,3,5,8,0
2020-07-25,Tulare,107,460477,10286,8310,27,8337,172
2020-07-25,Tuolumne,109,53932,143,99,2,101,0
2020-07-25,Ventura,111,848112,8154,6662,23,6685,62
2020-07-25,Yolo,113,214977,1709,1357,3,1360,35
2020-07-25,Yuba,115,75493,424,312,0,312,1
2020-07-24,Alameda,001,1643700,12569,10216,39,10255,176
2020-07-24,Alpine,003,1148,3,2,0,2,0
2020-07-24,Amador,005,37829,136,66,0,66,0
2020-07-24,Butte,007,227075,1018,751,11,762,5
2020-07-24,Calaveras,009,45235,120,102,0,102,0
2020-07-24,Colusa,011,21464,337,255,0,255,2
2020-07-24,Contra Costa,013,1133247,9142,6814,25,6839,100
2020-07-24,Del Norte,015,27424,84,66,0,66,0
2020-07-24,El Dorado,017,186661,708,516,0,516,1
2020-07-24,Fresno,019,978130,19808,12564,156,12720,115
2020-07-24,Glenn,021,27897,350,251,0,251,1
2020-07-24,Humboldt,023,135768,240,210,1,211,4
2020-07-24,Imperial,025,180216,10045,7686,4,7690,141
2020-07-24,Inyo,027,18085,55,41,4,45,1
2020-07-24,Kern,029,883053,22561,16124,106,16230,143
2020-07-24,Kings,031,150075,4291,3471,24,3495,39
2020-07-24,Lake,033,64148,209,167,0,167,1
2020-07-24,Lassen,035,31185,572,503,2,505,0
2020-07-24,Los Angeles,037,10098052,189448,169078,442,169520,4302
2020-07-24,Madera,039,155013,2472,1679,2,1681,16
2020-07-24,Marin,041,260295,5096,4517,5,4522,22
2020-07-24,Mariposa,043,17540,55,41,0,41,1
2020-07-24,Mendocino,045,87422,262,188,0,188,0
2020-07-24,Merced,047,269075,5038,3100,2,3102,23
2020-07-24,Modoc,049,8938,3,0,0,0,0
2020-07-24,Mono,051,14174,135,82,1,83,1
2020-07-24,Monterey,053,433212,4786,3748,14,3762,21
2020-07-24,Napa,055,140530,1051,741,0,741,6
2020-07-24,Nevada,057,99092,317,255,12,267,1
2020-07-24,Orange,059,3164182,41242,33530,711,34241,557
2020-07-24,Placer,061,380077,2040,1551,3,1554,12
2020-07-24,Plumas,063,18699,33,22,0,22,0
2020-07-24,Riverside,065,2383286,41750,34513,29,34542,631
2020-07-24,Sacramento,067,1510023,11351,8570,10,8580,110
2020-07-24,San Benito,069,59416,632,485,0,485,2
2020-07-24,San Bernardino,071,2135413,36954,28990,142,29132,386
2020-07-24,San Diego,073,3302833,30274,26100,3,26103,524
2020-07-24,San Francisco,075,870044,6750,5611,6,5617,55
2020-07-24,San Joaquin,077,732212,13249,10190,6,10196,118
2020-07-24,San Luis Obispo,079,281455,1909,1476,6,1482,8
2020-07-24,San Mateo,081,765935,5981,4954,6,4960,112
2020-07-24,Santa Barbara,083,443738,7086,5776,54,5830,30
2020-07-24,Santa Clara,085,1922200,11532,8658,21,8679,165
2020-07-24,Santa Cruz,087,273765,1170,930,9,939,4
2020-07-24,Shasta,089,179085,436,262,1,263,8
2020-07-24,Sierra,091,2930,2,1,0,1,0
2020-07-24,Siskiyou,093,43540,84,53,0,53,0
2020-07-24,Solano,095,438530,3942,3062,15,3077,29
2020-07-24,Sonoma,097,501317,3305,2345,5,2350,20
2020-07-24,Stanislaus,099,539301,10415,7861,11,7872,82
2020-07-24,Sutter,101,95872,739,593,0,593,2
2020-07-24,Tehama,103,63373,245,170,2,172,1
2020-07-24,Trinity,105,12862,20,3,5,8,0
2020-07-24,Tulare,107,460477,10192,8167,25,8192,167
2020-07-24,Tuolumne,109,53932,137,99,2,101,0
2020-07-24,Ventura,111,848112,8069,6553,23,6576,60
2020-07-24,Yolo,113,214977,1695,1329,3,1332,35
2020-07-24,Yuba,115,75493,409,307,0,307,1
2020-07-23,Alameda,001,1643700,12329,9924,39,9963,171
2020-07-23,Alpine,003,1148,3,2,0,2,0
2020-07-23,Amador,005,37829,119,61,0,61,0
2020-07-23,Butte,007,227075,1003,726,11,737,5
2020-07-23,Calaveras,009,45235,113,102,0,102,0
2020-07-23,Colusa,011,21464,329,242,0,242,2
2020-07-23,Contra Costa,013,1133247,8942,6619,23,6642,98
2020-07-23,Del Norte,015,27424,84,66,0,66,0
2020-07-23,El Dorado,017,186661,697,491,0,491,1
2020-07-23,Fresno,019,978130,19451,12164,153,12317,112
2020-07-23,Glenn,021,27897,345,246,0,246,1
2020-07-23,Humboldt,023,135768,239,208,1,209,4
2020-07-23,Imperial,025,180216,9995,7604,4,7608,138
2020-07-23,Inyo,027,18085,53,38,4,42,1
2020-07-23,Kern,029,883053,22154,14491,102,14593,128
2020-07-23,Kings,031,150075,4180,3371,24,3395,39
2020-07-23,Lake,033,64148,200,160,0,160,1
2020-07-23,Lassen,035,31185,569,503,2,505,0
2020-07-23,Los Angeles,037,10098052,186898,167198,415,167613,4265
2020-07-23,Madera,039,155013,2406,1659,2,1661,13
2020-07-23,Marin,041,260295,5044,4423,5,4428,22
2020-07-23,Mariposa,043,17540,55,40,0,40,1
2020-07-23,Mendocino,045,87422,252,178,0,178,0
2020-07-23,Merced,047,269075,4882,2972,2,2974,22
2020-07-23,Modoc,049,8938,3,0,0,0,0
2020-07-23,Mono,051,14174,131,82,1,83,1
2020-07-23,Monterey,053,433212,4668,3655,14,3669,21
2020-07-23,Napa,055,140530,1027,713,0,713,5
2020-07-23,Nevada,057,99092,314,247,12,259,1
2020-07-23,Orange,059,3164182,40745,32863,681,33544,544
2020-07-23,Placer,061,380077,1997,1519,3,1522,12
2020-07-23,Plumas,063,18699,32,21,0,21,0
2020-07-23,Riverside,065,2383286,41144,33833,29,33862,630
2020-07-23,Sacramento,067,1510023,11120,8222,10,8232,108
2020-07-23,San Benito,069,59416,617,478,0,478,2
2020-07-23,San Bernardino,071,2135413,36434,28121,136,28257,369
2020-07-23,San Diego,073,3302833,29900,25109,3,25112,505
2020-07-23,San Francisco,075,870044,6648,5543,6,5549,55
2020-07-23,San Joaquin,077,732212,13030,9861,6,9867,111
2020-07-23,San Luis Obispo,079,281455,1881,1438,6,1444,7
2020-07-23,San Mateo,081,765935,5876,4895,6,4901,113
2020-07-23,Santa Barbara,083,443738,7008,5628,54,5682,30
2020-07-23,Santa Clara,085,1922200,11313,8458,21,8479,165
2020-07-23,Santa Cruz,087,273765,1134,887,9,896,3
2020-07-23,Shasta,089,179085,425,254,1,255,9
2020-07-23,Sierra,091,2930,2,1,0,1,0
2020-07-23,Siskiyou,093,43540,82,53,0,53,0
2020-07-23,Solano,095,438530,3878,2962,13,2975,29
2020-07-23,Sonoma,097,501317,3229,2289,5,2294,18
2020-07-23,Stanislaus,099,539301,10173,7603,11,7614,71
2020-07-23,Sutter,101,95872,706,570,0,570,2
2020-07-23,Tehama,103,63373,239,158,2,160,1
2020-07-23,Trinity,105,12862,19,3,5,8,0
2020-07-23,Tulare,107,460477,10003,7898,25,7923,168
2020-07-23,Tuolumne,109,53932,137,93,2,95,0
2020-07-23,Ventura,111,848112,7945,6303,23,6326,56
2020-07-23,Yolo,113,214977,1677,1279,3,1282,35
2020-07-23,Yuba,115,75493,389,297,0,297,1
2020-07-22,Alameda,001,1643700,12110,9678,38,9716,169
2020-07-22,Alpine,003,1148,3,2,0,2,0
2020-07-22,Amador,005,37829,117,58,0,58,0
2020-07-22,Butte,007,227075,967,694,11,705,5
2020-07-22,Calaveras,009,45235,113,98,0,98,0
2020-07-22,Colusa,011,21464,322,236,0,236,0
2020-07-22,Contra Costa,013,1133247,8716,6401,23,6424,98
2020-07-22,Del Norte,015,27424,84,66,0,66,0
2020-07-22,El Dorado,017,186661,684,466,0,466,1
2020-07-22,Fresno,019,978130,19089,11756,148,11904,110
2020-07-22,Glenn,021,27897,339,236,0,236,1
2020-07-22,Humboldt,023,135768,237,201,1,202,4
2020-07-22,Imperial,025,180216,9935,7533,4,7537,134
2020-07-22,Inyo,027,18085,49,38,4,42,1
2020-07-22,Kern,029,883053,21721,13513,95,13608,127
2020-07-22,Kings,031,150075,4125,3271,24,3295,38
2020-07-22,Lake,033,64148,197,160,0,160,1
2020-07-22,Lassen,035,31185,566,500,2,502,0
2020-07-22,Los Angeles,037,10098052,184240,165242,392,165634,4218
2020-07-22,Madera,039,155013,2331,1578,2,1580,10
2020-07-22,Marin,041,260295,4988,4373,5,4378,23
2020-07-22,Mariposa,043,17540,55,38,0,38,1
2020-07-22,Mendocino,045,87422,245,166,0,166,0
2020-07-22,Merced,047,269075,4755,2828,2,2830,15
2020-07-22,Modoc,049,8938,3,0,0,0,0
2020-07-22,Mono,051,14174,128,82,1,83,1
2020-07-22,Monterey,053,433212,4567,3533,14,3547,20
2020-07-22,Napa,055,140530,1005,687,0,687,5
2020-07-22,Nevada,057,99092,308,239,11,250,1
2020-07-22,Orange,059,3164182,40246,32047,672,32719,522
2020-07-22,Placer,061,380077,1941,1469,3,1472,12
2020-07-22,Plumas,063,18699,31,20,0,20,0
2020-07-22,Riverside,065,2383286,40509,33093,29,33122,612
2020-07-22,Sacramento,067,1510023,10856,8028,9,8037,106
2020-07-22,San Benito,069,59416,603,465,0,465,2
2020-07-22,San Bernardino,071,2135413,35912,26820,125,26945,348
2020-07-22,San Diego,073,3302833,29512,25109,2,25111,505
2020-07-22,San Francisco,075,870044,6544,5473,5,5478,53
2020-07-22,San Joaquin,077,732212,12754,9628,6,9634,102
2020-07-22,San Luis Obispo,079,281455,1835,1373,6,1379,7
2020-07-22,San Mateo,081,765935,5787,4796,6,4802,112
2020-07-22,Santa Barbara,083,443738,6917,5508,52,5560,29
2020-07-22,Santa Clara,085,1922200,11068,8266,21,8287,166
2020-07-22,Santa Cruz,087,273765,1111,866,9,875,3
2020-07-22,Shasta,089,179085,415,246,1,247,9
2020-07-22,Sierra,091,2930,1,1,0,1,0
2020-07-22,Siskiyou,093,43540,81,52,0,52,0
2020-07-22,Solano,095,438530,3817,2839,12,2851,29
2020-07-22,Sonoma,097,501317,3152,2255,5,2260,17
2020-07-22,Stanislaus,099,539301,10002,7401,11,7412,71
2020-07-22,Sutter,101,95872,682,551,0,551,2
2020-07-22,Tehama,103,63373,231,155,2,157,1
2020-07-22,Trinity,105,12862,18,3,5,8,0
2020-07-22,Tulare,107,460477,9770,7640,25,7665,167
2020-07-22,Tuolumne,109,53932,133,91,2,93,0
2020-07-22,Ventura,111,848112,7817,6223,21,6244,56
2020-07-22,Yolo,113,214977,1634,1233,3,1236,34
2020-07-22,Yuba,115,75493,374,288,0,288,1
2020-07-21,Alameda,001,1643700,11896,9390,38,9428,166
2020-07-21,Alpine,003,1148,3,2,0,2,0
2020-07-21,Amador,005,37829,112,55,0,55,0
2020-07-21,Butte,007,227075,922,659,10,669,5
2020-07-21,Calaveras,009,45235,107,96,0,96,0
2020-07-21,Colusa,011,21464,298,227,0,227,0
2020-07-21,Contra Costa,013,1133247,8474,6210,23,6233,98
2020-07-21,Del Norte,015,27424,84,66,0,66,0
2020-07-21,El Dorado,017,186661,676,440,0,440,1
2020-07-21,Fresno,019,978130,18690,11412,142,11554,107
2020-07-21,Glenn,021,27897,332,229,0,229,1
2020-07-21,Humboldt,023,135768,235,198,1,199,4
2020-07-21,Imperial,025,180216,9886,7458,4,7462,128
2020-07-21,Inyo,027,18085,48,38,4,42,1
2020-07-21,Kern,029,883053,21299,11998,89,12087,119
2020-07-21,Kings,031,150075,4060,3187,23,3210,38
2020-07-21,Lake,033,64148,197,157,0,157,1
2020-07-21,Lassen,035,31185,564,474,2,476,0
2020-07-21,Los Angeles,037,10098052,181237,162205,370,162575,4159
2020-07-21,Madera,039,155013,2266,1508,2,1510,10
2020-07-21,Marin,041,260295,4916,4318,5,4323,21
2020-07-21,Mariposa,043,17540,54,37,0,37,1
2020-07-21,Mendocino,045,87422,234,160,0,160,0
2020-07-21,Merced,047,269075,4576,2725,2,2727,15
2020-07-21,Modoc,049,8938,3,0,0,0,0
2020-07-21,Mono,051,14174,124,79,1,80,1
2020-07-21,Monterey,053,433212,4435,3404,13,3417,20
2020-07-21,Napa,055,140530,978,660,0,660,5
2020-07-21,Nevada,057,99092,306,228,9,237,1
2020-07-21,Orange,059,3164182,39749,31356,639,31995,515
2020-07-21,Placer,061,380077,1900,1413,3,1416,11
2020-07-21,Plumas,063,18699,31,19,0,19,0
2020-07-21,Riverside,065,2383286,39808,32231,29,32260,583
2020-07-21,Sacramento,067,1510023,10584,7789,8,7797,102
2020-07-21,San Benito,069,59416,592,444,0,444,2
2020-07-21,San Bernardino,071,2135413,35263,25323,118,25441,343
2020-07-21,San Diego,073,3302833,29063,24522,2,24524,487
2020-07-21,San Francisco,075,870044,6435,5377,5,5382,53
2020-07-21,San Joaquin,077,732212,12425,9150,6,9156,99
2020-07-21,San Luis Obispo,079,281455,1786,1338,6,1344,7
2020-07-21,San Mateo,081,765935,5695,4733,6,4739,111
2020-07-21,Santa Barbara,083,443738,6833,5422,51,5473,29
2020-07-21,Santa Clara,085,1922200,10805,7989,21,8010,164
2020-07-21,Santa Cruz,087,273765,1078,835,9,844,3
2020-07-21,Shasta,089,179085,407,241,1,242,9
2020-07-21,Sierra,091,2930,1,1,0,1,0
2020-07-21,Siskiyou,093,43540,81,48,0,48,0
2020-07-21,Solano,095,438530,3744,2727,12,2739,27
2020-07-21,Sonoma,097,501317,3095,2200,5,2205,17
2020-07-21,Stanislaus,099,539301,9739,6984,11,6995,69
2020-07-21,Sutter,101,95872,666,533,0,533,2
2020-07-21,Tehama,103,63373,221,150,2,152,1
2020-07-21,Trinity,105,12862,18,2,5,7,0
2020-07-21,Tulare,107,460477,9568,7447,25,7472,167
2020-07-21,Tuolumne,109,53932,131,75,2,77,0
2020-07-21,Ventura,111,848112,7685,6131,21,6152,55
2020-07-21,Yolo,113,214977,1581,1204,3,1207,34
2020-07-21,Yuba,115,75493,368,269,0,269,1
2020-07-20,Alameda,001,1643700,11642,9244,37,9281,162
2020-07-20,Alpine,003,1148,3,2,0,2,0
2020-07-20,Amador,005,37829,109,53,0,53,0
2020-07-20,Butte,007,227075,884,586,10,596,4
2020-07-20,Calaveras,009,45235,104,90,0,90,0
2020-07-20,Colusa,011,21464,287,217,0,217,0
2020-07-20,Contra Costa,013,1133247,8266,5823,23,5846,97
2020-07-20,Del Norte,015,27424,84,61,0,61,0
2020-07-20,El Dorado,017,186661,653,407,0,407,0
2020-07-20,Fresno,019,978130,18248,10891,140,11031,106
2020-07-20,Glenn,021,27897,324,225,0,225,1
2020-07-20,Humboldt,023,135768,228,194,1,195,4
2020-07-20,Imperial,025,180216,9846,7337,4,7341,124
2020-07-20,Inyo,027,18085,46,38,4,42,1
2020-07-20,Kern,029,883053,20789,10908,85,10993,118
2020-07-20,Kings,031,150075,4010,3093,23,3116,37
2020-07-20,Lake,033,64148,194,147,0,147,1
2020-07-20,Lassen,035,31185,562,474,2,476,0
2020-07-20,Los Angeles,037,10098052,178264,159202,343,159545,4108
2020-07-20,Madera,039,155013,2191,1433,2,1435,10
2020-07-20,Marin,041,260295,4835,4255,5,4260,21
2020-07-20,Mariposa,043,17540,53,36,0,36,1
2020-07-20,Mendocino,045,87422,221,153,0,153,0
2020-07-20,Merced,047,269075,4406,2584,2,2586,15
2020-07-20,Modoc,049,8938,3,0,0,0,0
2020-07-20,Mono,051,14174,118,78,1,79,1
2020-07-20,Monterey,053,433212,4329,3205,13,3218,19
2020-07-20,Napa,055,140530,941,632,0,632,5
2020-07-20,Nevada,057,99092,298,218,9,227,1
2020-07-20,Orange,059,3164182,39140,30337,609,30946,507
2020-07-20,Placer,061,380077,1848,1364,3,1367,11
2020-07-20,Plumas,063,18699,30,17,0,17,0
2020-07-20,Riverside,065,2383286,38978,31163,29,31192,581
2020-07-20,Sacramento,067,1510023,10256,7369,8,7377,99
2020-07-20,San Benito,069,59416,574,433,0,433,2
2020-07-20,San Bernardino,071,2135413,34453,24226,114,24340,338
2020-07-20,San Diego,073,3302833,28621,24137,2,24139,478
2020-07-20,San Francisco,075,870044,6314,5090,5,5095,53
2020-07-20,San Joaquin,077,732212,12069,8583,6,8589,97
2020-07-20,San Luis Obispo,079,281455,1746,1282,6,1288,6
2020-07-20,San Mateo,081,765935,5594,4609,6,4615,111
2020-07-20,Santa Barbara,083,443738,6704,5266,49,5315,29
2020-07-20,Santa Clara,085,1922200,10576,7711,20,7731,164
2020-07-20,Santa Cruz,087,273765,1046,758,9,767,3
2020-07-20,Shasta,089,179085,392,233,1,234,9
2020-07-20,Sierra,091,2930,1,1,0,1,0
2020-07-20,Siskiyou,093,43540,77,42,0,42,0
2020-07-20,Solano,095,438530,3661,2537,12,2549,26
2020-07-20,Sonoma,097,501317,2988,2148,5,2153,17
2020-07-20,Stanislaus,099,539301,9456,6835,11,6846,58
2020-07-20,Sutter,101,95872,633,507,0,507,2
2020-07-20,Tehama,103,63373,211,146,2,148,1
2020-07-20,Trinity,105,12862,18,2,5,7,0
2020-07-20,Tulare,107,460477,9334,6974,25,6999,166
2020-07-20,Tuolumne,109,53932,130,75,2,77,0
2020-07-20,Ventura,111,848112,7552,5912,21,5933,52
2020-07-20,Yolo,113,214977,1541,1155,3,1158,30
2020-07-20,Yuba,115,75493,348,258,0,258,1
2020-07-19,Alameda,001,1643700,11404,9227,31,9258,162
2020-07-19,Alpine,003,1148,3,2,0,2,0
2020-07-19,Amador,005,37829,102,51,0,51,0
2020-07-19,Butte,007,227075,859,555,10,565,4
2020-07-19,Calaveras,009,45235,102,89,0,89,0
2020-07-19,Colusa,011,21464,279,187,0,187,0
2020-07-19,Contra Costa,013,1133247,7975,5691,21,5712,95
2020-07-19,Del Norte,015,27424,83,61,0,61,0
2020-07-19,El Dorado,017,186661,635,385,0,385,0
2020-07-19,Fresno,019,978130,17726,10639,128,10767,106
2020-07-19,Glenn,021,27897,310,215,0,215,0
2020-07-19,Humboldt,023,135768,220,195,1,196,4
2020-07-19,Imperial,025,180216,9755,7280,4,7284,124
2020-07-19,Inyo,027,18085,42,38,3,41,1
2020-07-19,Kern,029,883053,20172,10094,78,10172,115
2020-07-19,Kings,031,150075,3924,3035,23,3058,37
2020-07-19,Lake,033,64148,189,144,0,144,1
2020-07-19,Lassen,035,31185,543,474,2,476,0
2020-07-19,Los Angeles,037,10098052,174820,156039,320,156359,4100
2020-07-19,Madera,039,155013,2114,1301,2,1303,10
2020-07-19,Marin,041,260295,4780,4172,5,4177,21
2020-07-19,Mariposa,043,17540,49,35,0,35,1
2020-07-19,Mendocino,045,87422,216,137,0,137,0
2020-07-19,Merced,047,269075,4199,2460,2,2462,15
2020-07-19,Modoc,049,8938,3,0,0,0,0
2020-07-19,Mono,051,14174,107,63,1,64,1
2020-07-19,Monterey,053,433212,4209,3079,13,3092,18
2020-07-19,Napa,055,140530,912,612,0,612,5
2020-07-19,Nevada,057,99092,292,210,9,219,1
2020-07-19,Orange,059,3164182,38576,29941,595,30536,505
2020-07-19,Placer,061,380077,1800,1246,3,1249,11
2020-07-19,Plumas,063,18699,30,17,0,17,0
2020-07-19,Riverside,065,2383286,38273,30340,29,30369,581
2020-07-19,Sacramento,067,1510023,9864,6985,8,6993,97
2020-07-19,San Benito,069,59416,558,412,0,412,2
2020-07-19,San Bernardino,071,2135413,33681,23928,103,24031,337
2020-07-19,San Diego,073,3302833,28120,23684,2,23686,478
2020-07-19,San Francisco,075,870044,6167,5094,5,5099,52
2020-07-19,San Joaquin,077,732212,11664,8308,6,8314,93
2020-07-19,San Luis Obispo,079,281455,1702,1262,5,1267,6
2020-07-19,San Mateo,081,765935,5487,4522,6,4528,110
2020-07-19,Santa Barbara,083,443738,6595,5145,46,5191,29
2020-07-19,Santa Clara,085,1922200,10332,7403,20,7423,164
2020-07-19,Santa Cruz,087,273765,1002,753,9,762,3
2020-07-19,Shasta,089,179085,379,218,1,219,9
2020-07-19,Sierra,091,2930,1,1,0,1,0
2020-07-19,Siskiyou,093,43540,75,42,0,42,0
2020-07-19,Solano,095,438530,3556,2551,12,2563,26
2020-07-19,Sonoma,097,501317,2887,2074,5,2079,17
2020-07-19,Stanislaus,099,539301,9160,6508,11,6519,58
2020-07-19,Sutter,101,95872,602,480,0,480,2
2020-07-19,Tehama,103,63373,207,138,2,140,1
2020-07-19,Trinity,105,12862,18,2,5,7,0
2020-07-19,Tulare,107,460477,9085,6856,25,6881,166
2020-07-19,Tuolumne,109,53932,125,75,2,77,0
2020-07-19,Ventura,111,848112,7362,5706,21,5727,52
2020-07-19,Yolo,113,214977,1502,1127,3,1130,30
2020-07-19,Yuba,115,75493,328,240,0,240,1
2020-07-18,Alameda,001,1643700,11268,9089,29,9118,162
2020-07-18,Alpine,003,1148,3,2,0,2,0
2020-07-18,Amador,005,37829,98,49,0,49,0
2020-07-18,Butte,007,227075,850,551,10,561,4
2020-07-18,Calaveras,009,45235,98,89,0,89,0
2020-07-18,Colusa,011,21464,274,182,0,182,0
2020-07-18,Contra Costa,013,1133247,7840,5617,21,5638,95
2020-07-18,Del Norte,015,27424,83,61,0,61,0
2020-07-18,El Dorado,017,186661,632,385,0,385,0
2020-07-18,Fresno,019,978130,17477,10381,126,10507,106
2020-07-18,Glenn,021,27897,304,212,0,212,0
2020-07-18,Humboldt,023,135768,217,189,1,190,4
2020-07-18,Imperial,025,180216,9724,7268,4,7272,124
2020-07-18,Inyo,027,18085,42,38,3,41,1
2020-07-18,Kern,029,883053,19869,9250,75,9325,114
2020-07-18,Kings,031,150075,3884,2996,22,3018,37
2020-07-18,Lake,033,64148,186,142,0,142,1
2020-07-18,Lassen,035,31185,542,474,2,476,0
2020-07-18,Los Angeles,037,10098052,173370,153265,309,153574,4088
2020-07-18,Madera,039,155013,2068,1260,2,1262,9
2020-07-18,Marin,041,260295,4751,4089,5,4094,21
2020-07-18,Mariposa,043,17540,49,35,0,35,1
2020-07-18,Mendocino,045,87422,209,137,0,137,0
2020-07-18,Merced,047,269075,4080,2424,2,2426,15
2020-07-18,Modoc,049,8938,3,0,0,0,0
2020-07-18,Mono,051,14174,105,54,1,55,1
2020-07-18,Monterey,053,433212,4141,3020,13,3033,17
2020-07-18,Napa,055,140530,901,609,0,609,5
2020-07-18,Nevada,057,99092,288,204,8,212,1
2020-07-18,Orange,059,3164182,38256,29603,574,30177,493
2020-07-18,Placer,061,380077,1777,1233,3,1236,11
2020-07-18,Plumas,063,18699,30,17,0,17,0
2020-07-18,Riverside,065,2383286,37920,30245,28,30273,581
2020-07-18,Sacramento,067,1510023,9619,6739,8,6747,95
2020-07-18,San Benito,069,59416,543,407,0,407,2
2020-07-18,San Bernardino,071,2135413,33221,23680,97,23777,336
2020-07-18,San Diego,073,3302833,27817,23116,2,23118,478
2020-07-18,San Francisco,075,870044,6065,5051,5,5056,52
2020-07-18,San Joaquin,077,732212,11451,8118,6,8124,93
2020-07-18,San Luis Obispo,079,281455,1669,1234,5,1239,6
2020-07-18,San Mateo,081,765935,5427,4488,6,4494,110
2020-07-18,Santa Barbara,083,443738,6535,5110,44,5154,29
2020-07-18,Santa Clara,085,1922200,10182,7255,19,7274,164
2020-07-18,Santa Cruz,087,273765,985,751,9,760,3
2020-07-18,Shasta,089,179085,370,216,1,217,9
2020-07-18,Sierra,091,2930,1,1,0,1,0
2020-07-18,Siskiyou,093,43540,71,42,0,42,0
2020-07-18,Solano,095,438530,3515,2503,12,2515,26
2020-07-18,Sonoma,097,501317,2836,2019,5,2024,15
2020-07-18,Stanislaus,099,539301,9025,6344,11,6355,58
2020-07-18,Sutter,101,95872,596,473,0,473,2
2020-07-18,Tehama,103,63373,202,136,2,138,1
2020-07-18,Trinity,105,12862,18,2,5,7,0
2020-07-18,Tulare,107,460477,8994,6810,24,6834,167
2020-07-18,Tuolumne,109,53932,122,75,2,77,0
2020-07-18,Ventura,111,848112,7280,5630,21,5651,52
2020-07-18,Yolo,113,214977,1474,1077,3,1080,30
2020-07-18,Yuba,115,75493,317,237,0,237,1
2020-07-17,Alameda,001,1643700,11127,8893,28,8921,160
2020-07-17,Alpine,003,1148,3,1,0,1,0
2020-07-17,Amador,005,37829,96,48,0,48,0
2020-07-17,Butte,007,227075,836,497,10,507,4
2020-07-17,Calaveras,009,45235,96,86,0,86,0
2020-07-17,Colusa,011,21464,272,146,0,146,0
2020-07-17,Contra Costa,013,1133247,7692,5483,21,5504,93
2020-07-17,Del Norte,015,27424,82,60,0,60,0
2020-07-17,El Dorado,017,186661,616,368,0,368,0
2020-07-17,Fresno,019,978130,17178,9954,126,10080,104
2020-07-17,Glenn,021,27897,297,203,0,203,0
2020-07-17,Humboldt,023,135768,216,185,1,186,4
2020-07-17,Imperial,025,180216,9702,7193,4,7197,120
2020-07-17,Inyo,027,18085,42,38,3,41,1
2020-07-17,Kern,029,883053,19549,8291,74,8365,113
2020-07-17,Kings,031,150075,3846,2978,22,3000,37
2020-07-17,Lake,033,64148,184,139,0,139,1
2020-07-17,Lassen,035,31185,523,391,2,393,0
2020-07-17,Los Angeles,037,10098052,170997,150481,297,150778,4052
2020-07-17,Madera,039,155013,2024,1214,2,1216,9
2020-07-17,Marin,041,260295,4714,3839,5,3844,21
2020-07-17,Mariposa,043,17540,47,35,0,35,1
2020-07-17,Mendocino,045,87422,201,126,0,126,0
2020-07-17,Merced,047,269075,4004,2328,2,2330,12
2020-07-17,Modoc,049,8938,2,0,0,0,0
2020-07-17,Mono,051,14174,100,54,1,55,1
2020-07-17,Monterey,053,433212,4012,2922,13,2935,18
2020-07-17,Napa,055,140530,887,598,0,598,5
2020-07-17,Nevada,057,99092,281,200,8,208,1
2020-07-17,Orange,059,3164182,37792,28962,541,29503,485
2020-07-17,Placer,061,380077,1748,1207,3,1210,11
2020-07-17,Plumas,063,18699,27,16,0,16,0
2020-07-17,Riverside,065,2383286,37322,29639,28,29667,580
2020-07-17,Sacramento,067,1510023,9375,6563,8,6571,95
2020-07-17,San Benito,069,59416,528,399,0,399,2
2020-07-17,San Bernardino,071,2135413,32702,23057,94,23151,322
2020-07-17,San Diego,073,3302833,27428,22491,2,22493,472
2020-07-17,San Francisco,075,870044,5971,4967,5,4972,52
2020-07-17,San Joaquin,077,732212,11206,7925,6,7931,86
2020-07-17,San Luis Obispo,079,281455,1633,1190,5,1195,6
2020-07-17,San Mateo,081,765935,5331,4407,6,4413,110
2020-07-17,Santa Barbara,083,443738,6461,5001,43,5044,29
2020-07-17,Santa Clara,085,1922200,9964,7080,19,7099,164
2020-07-17,Santa Cruz,087,273765,963,716,9,725,3
2020-07-17,Shasta,089,179085,358,213,1,214,8
2020-07-17,Sierra,091,2930,1,1,0,1,0
2020-07-17,Siskiyou,093,43540,70,40,0,40,0
2020-07-17,Solano,095,438530,3466,2452,12,2464,26
2020-07-17,Sonoma,097,501317,2788,1982,5,1987,15
2020-07-17,Stanislaus,099,539301,8851,6220,11,6231,56
2020-07-17,Sutter,101,95872,583,458,0,458,2
2020-07-17,Tehama,103,63373,198,128,2,130,1
2020-07-17,Trinity,105,12862,18,2,5,7,0
2020-07-17,Tulare,107,460477,8858,6671,24,6695,166
2020-07-17,Tuolumne,109,53932,121,73,2,75,0
2020-07-17,Ventura,111,848112,7196,5451,21,5472,51
2020-07-17,Yolo,113,214977,1450,1055,3,1058,30
2020-07-17,Yuba,115,75493,307,231,0,231,1
2020-07-16,Alameda,001,1643700,10893,8719,23,8742,153
2020-07-16,Alpine,003,1148,3,1,0,1,0
2020-07-16,Amador,005,37829,93,46,0,46,0
2020-07-16,Butte,007,227075,799,465,9,474,4
2020-07-16,Calaveras,009,45235,94,82,0,82,0
2020-07-16,Colusa,011,21464,263,140,0,140,0
2020-07-16,Contra Costa,013,1133247,7480,5338,15,5353,91
2020-07-16,Del Norte,015,27424,82,60,0,60,0
2020-07-16,El Dorado,017,186661,599,357,0,357,0
2020-07-16,Fresno,019,978130,16666,9481,117,9598,101
2020-07-16,Glenn,021,27897,288,190,0,190,0
2020-07-16,Humboldt,023,135768,214,184,1,185,4
2020-07-16,Imperial,025,180216,9607,7148,4,7152,113
2020-07-16,Inyo,027,18085,42,38,3,41,1
2020-07-16,Kern,029,883053,19027,7435,72,7507,112
2020-07-16,Kings,031,150075,3679,2937,22,2959,37
2020-07-16,Lake,033,64148,179,128,0,128,1
2020-07-16,Lassen,035,31185,522,355,2,357,0
2020-07-16,Los Angeles,037,10098052,167748,147759,273,148032,3994
2020-07-16,Madera,039,155013,1960,1192,2,1194,8
2020-07-16,Marin,041,260295,4642,3546,5,3551,21
2020-07-16,Mariposa,043,17540,45,34,0,34,1
2020-07-16,Mendocino,045,87422,196,121,0,121,0
2020-07-16,Merced,047,269075,3842,2228,2,2230,12
2020-07-16,Modoc,049,8938,1,0,0,0,0
2020-07-16,Mono,051,14174,97,53,1,54,1
2020-07-16,Monterey,053,433212,3908,2857,12,2869,18
2020-07-16,Napa,055,140530,858,581,0,581,5
2020-07-16,Nevada,057,99092,278,191,8,199,1
2020-07-16,Orange,059,3164182,37090,28525,505,29030,471
2020-07-16,Placer,061,380077,1700,1168,3,1171,11
2020-07-16,Plumas,063,18699,25,16,0,16,0
2020-07-16,Riverside,065,2383286,36577,28904,26,28930,577
2020-07-16,Sacramento,067,1510023,9062,6440,8,6448,91
2020-07-16,San Benito,069,59416,511,389,0,389,2
2020-07-16,San Bernardino,071,2135413,31839,22355,76,22431,321
2020-07-16,San Diego,073,3302833,26941,21857,2,21859,465
2020-07-16,San Francisco,075,870044,5830,4838,5,4843,52
2020-07-16,San Joaquin,077,732212,10843,7713,6,7719,82
2020-07-16,San Luis Obispo,079,281455,1589,1146,5,1151,6
2020-07-16,San Mateo,081,765935,5227,4336,6,4342,110
2020-07-16,Santa Barbara,083,443738,6360,4872,42,4914,28
2020-07-16,Santa Clara,085,1922200,9684,6990,17,7007,164
2020-07-16,Santa Cruz,087,273765,922,698,9,707,3
2020-07-16,Shasta,089,179085,343,208,1,209,7
2020-07-16,Sierra,091,2930,1,1,0,1,0
2020-07-16,Siskiyou,093,43540,67,39,0,39,0
2020-07-16,Solano,095,438530,3372,2372,12,2384,25
2020-07-16,Sonoma,097,501317,2698,1954,5,1959,14
2020-07-16,Stanislaus,099,539301,8569,6077,10,6087,56
2020-07-16,Sutter,101,95872,567,444,0,444,2
2020-07-16,Tehama,103,63373,188,126,2,128,1
2020-07-16,Trinity,105,12862,18,2,4,6,0
2020-07-16,Tulare,107,460477,8642,6467,23,6490,163
2020-07-16,Tuolumne,109,53932,116,71,2,73,0
2020-07-16,Ventura,111,848112,7034,5231,21,5252,50
2020-07-16,Yolo,113,214977,1408,1034,3,1037,29
2020-07-16,Yuba,115,75493,289,221,0,221,1
2020-07-15,Alameda,001,1643700,10688,8615,17,8632,153
2020-07-15,Alpine,003,1148,3,1,0,1,0
2020-07-15,Amador,005,37829,72,44,0,44,0
2020-07-15,Butte,007,227075,757,420,9,429,4
2020-07-15,Calaveras,009,45235,94,75,0,75,0
2020-07-15,Colusa,011,21464,258,135,0,135,0
2020-07-15,Contra Costa,013,1133247,7249,5246,15,5261,90
2020-07-15,Del Norte,015,27424,81,60,0,60,0
2020-07-15,El Dorado,017,186661,575,339,0,339,0
2020-07-15,Fresno,019,978130,16192,9124,110,9234,101
2020-07-15,Glenn,021,27897,279,184,0,184,0
2020-07-15,Humboldt,023,135768,212,181,1,182,4
2020-07-15,Imperial,025,180216,9540,7110,4,7114,110
2020-07-15,Inyo,027,18085,42,36,3,39,1
2020-07-15,Kern,029,883053,18407,7155,69,7224,108
2020-07-15,Kings,031,150075,3618,2906,22,2928,37
2020-07-15,Lake,033,64148,177,122,0,122,1
2020-07-15,Lassen,035,31185,518,319,2,321,0
2020-07-15,Los Angeles,037,10098052,164281,143343,258,143601,3946
2020-07-15,Madera,039,155013,1891,1147,2,1149,4
2020-07-15,Marin,041,260295,4587,3458,5,3463,21
2020-07-15,Mariposa,043,17540,45,34,0,34,1
2020-07-15,Mendocino,045,87422,193,119,0,119,0
2020-07-15,Merced,047,269075,3692,2156,2,2158,12
2020-07-15,Modoc,049,8938,1,0,0,0,0
2020-07-15,Mono,051,14174,95,52,1,53,1
2020-07-15,Monterey,053,433212,3796,2780,12,2792,18
2020-07-15,Napa,055,140530,832,573,0,573,5
2020-07-15,Nevada,057,99092,274,185,6,191,1
2020-07-15,Orange,059,3164182,36290,27718,470,28188,454
2020-07-15,Placer,061,380077,1642,1145,3,1148,11
2020-07-15,Plumas,063,18699,25,16,0,16,0
2020-07-15,Riverside,065,2383286,35796,28492,24,28516,568
2020-07-15,Sacramento,067,1510023,8681,6217,8,6225,91
2020-07-15,San Benito,069,59416,502,388,0,388,2
2020-07-15,San Bernardino,071,2135413,31050,21508,59,21567,317
2020-07-15,San Diego,073,3302833,26474,21448,2,21450,448
2020-07-15,San Francisco,075,870044,5716,4757,5,4762,50
2020-07-15,San Joaquin,077,732212,10411,7381,5,7386,75
2020-07-15,San Luis Obispo,079,281455,1546,1097,5,1102,6
2020-07-15,San Mateo,081,765935,5114,4258,6,4264,109
2020-07-15,Santa Barbara,083,443738,6244,4733,42,4775,28
2020-07-15,Santa Clara,085,1922200,9381,6900,17,6917,164
2020-07-15,Santa Cruz,087,273765,886,660,8,668,3
2020-07-15,Shasta,089,179085,334,193,1,194,7
2020-07-15,Sierra,091,2930,1,1,0,1,0
2020-07-15,Siskiyou,093,43540,66,38,0,38,0
2020-07-15,Solano,095,438530,3277,2343,12,2355,25
2020-07-15,Sonoma,097,501317,2600,1920,5,1925,14
2020-07-15,Stanislaus,099,539301,8272,5777,10,5787,56
2020-07-15,Sutter,101,95872,541,433,0,433,2
2020-07-15,Tehama,103,63373,180,126,2,128,1
2020-07-15,Trinity,105,12862,17,2,4,6,0
2020-07-15,Tulare,107,460477,8430,6320,22,6342,156
2020-07-15,Tuolumne,109,53932,109,68,2,70,0
2020-07-15,Ventura,111,848112,6857,5087,21,5108,50
2020-07-15,Yolo,113,214977,1375,1002,3,1005,27
2020-07-15,Yuba,115,75493,277,221,0,221,1
2020-07-14,Alameda,001,1643700,10346,8388,11,8399,151
2020-07-14,Alpine,003,1148,3,1,0,1,0
2020-07-14,Amador,005,37829,68,44,0,44,0
2020-07-14,Butte,007,227075,711,382,9,391,4
2020-07-14,Calaveras,009,45235,92,74,0,74,0
2020-07-14,Colusa,011,21464,248,128,0,128,0
2020-07-14,Contra Costa,013,1133247,7012,5110,13,5123,90
2020-07-14,Del Norte,015,27424,80,60,0,60,0
2020-07-14,El Dorado,017,186661,560,324,0,324,0
2020-07-14,Fresno,019,978130,15772,8941,106,9047,98
2020-07-14,Glenn,021,27897,269,177,0,177,0
2020-07-14,Humboldt,023,135768,209,175,1,176,4
2020-07-14,Imperial,025,180216,9412,7095,4,7099,109
2020-07-14,Inyo,027,18085,42,35,3,38,1
2020-07-14,Kern,029,883053,17648,6979,56,7035,107
2020-07-14,Kings,031,150075,3551,2867,21,2888,37
2020-07-14,Lake,033,64148,171,120,0,120,1
2020-07-14,Lassen,035,31185,501,263,2,265,0
2020-07-14,Los Angeles,037,10098052,161144,140632,228,140860,3900
2020-07-14,Madera,039,155013,1817,1118,2,1120,4
2020-07-14,Marin,041,260295,4473,3451,5,3456,21
2020-07-14,Mariposa,043,17540,41,32,0,32,1
2020-07-14,Mendocino,045,87422,185,110,0,110,0
2020-07-14,Merced,047,269075,3513,2084,2,2086,12
2020-07-14,Modoc,049,8938,1,0,0,0,0
2020-07-14,Mono,051,14174,85,48,1,49,1
2020-07-14,Monterey,053,433212,3682,2724,12,2736,18
2020-07-14,Napa,055,140530,776,557,0,557,4
2020-07-14,Nevada,057,99092,257,180,5,185,1
2020-07-14,Orange,059,3164182,35410,26915,423,27338,432
2020-07-14,Placer,061,380077,1584,1122,3,1125,11
2020-07-14,Plumas,063,18699,24,14,0,14,0
2020-07-14,Riverside,065,2383286,35039,27850,23,27873,547
2020-07-14,Sacramento,067,1510023,8327,5978,8,5986,87
2020-07-14,San Benito,069,59416,483,360,0,360,2
2020-07-14,San Bernardino,071,2135413,30199,20489,48,20537,316
2020-07-14,San Diego,073,3302833,25855,20887,2,20889,436
2020-07-14,San Francisco,075,870044,5566,4659,4,4663,50
2020-07-14,San Joaquin,077,732212,9983,7143,5,7148,75
2020-07-14,San Luis Obispo,079,281455,1508,1060,5,1065,5
2020-07-14,San Mateo,081,765935,5021,4173,6,4179,108
2020-07-14,Santa Barbara,083,443738,6120,4641,40,4681,28
2020-07-14,Santa Clara,085,1922200,9053,6686,14,6700,164
2020-07-14,Santa Cruz,087,273765,847,639,8,647,3
2020-07-14,Shasta,089,179085,325,190,1,191,7
2020-07-14,Sierra,091,2930,1,1,0,1,0
2020-07-14,Siskiyou,093,43540,65,38,0,38,0
2020-07-14,Solano,095,438530,3177,2266,10,2276,25
2020-07-14,Sonoma,097,501317,2508,1866,5,1871,14
2020-07-14,Stanislaus,099,539301,7898,5631,9,5640,53
2020-07-14,Sutter,101,95872,522,405,0,405,2
2020-07-14,Tehama,103,63373,168,123,2,125,1
2020-07-14,Trinity,105,12862,16,2,4,6,0
2020-07-14,Tulare,107,460477,8184,6199,22,6221,156
2020-07-14,Tuolumne,109,53932,104,68,2,70,0
2020-07-14,Ventura,111,848112,6696,4950,21,4971,50
2020-07-14,Yolo,113,214977,1327,966,3,969,27
2020-07-14,Yuba,115,75493,260,210,0,210,1
2020-07-13,Alameda,001,1643700,10038,8115,11,8126,148
2020-07-13,Alpine,003,1148,3,1,0,1,0
2020-07-13,Amador,005,37829,64,42,0,42,0
2020-07-13,Butte,007,227075,675,354,9,363,4
2020-07-13,Calaveras,009,45235,83,63,0,63,0
2020-07-13,Colusa,011,21464,242,116,0,116,0
2020-07-13,Contra Costa,013,1133247,6739,4882,11,4893,88
2020-07-13,Del Norte,015,27424,74,59,0,59,0
2020-07-13,El Dorado,017,186661,529,298,0,298,0
2020-07-13,Fresno,019,978130,15341,8666,101,8767,95
2020-07-13,Glenn,021,27897,262,168,0,168,0
2020-07-13,Humboldt,023,135768,204,174,1,175,4
2020-07-13,Imperial,025,180216,9327,7052,4,7056,109
2020-07-13,Inyo,027,18085,41,35,3,38,1
2020-07-13,Kern,029,883053,16963,6808,52,6860,107
2020-07-13,Kings,031,150075,3500,2824,21,2845,37
2020-07-13,Lake,033,64148,166,118,0,118,1
2020-07-13,Lassen,035,31185,496,237,2,239,0
2020-07-13,Los Angeles,037,10098052,157908,136368,214,136582,3829
2020-07-13,Madera,039,155013,1748,1059,2,1061,4
2020-07-13,Marin,041,260295,4370,3402,5,3407,21
2020-07-13,Mariposa,043,17540,40,31,0,31,1
2020-07-13,Mendocino,045,87422,181,87,0,87,0
2020-07-13,Merced,047,269075,3364,2007,2,2009,12
2020-07-13,Modoc,049,8938,1,0,0,0,0
2020-07-13,Mono,051,14174,81,47,0,47,1
2020-07-13,Monterey,053,433212,3559,2613,9,2622,18
2020-07-13,Napa,055,140530,740,534,0,534,4
2020-07-13,Nevada,057,99092,243,172,5,177,1
2020-07-13,Orange,059,3164182,34545,25978,393,26371,423
2020-07-13,Placer,061,380077,1539,1096,3,1099,11
2020-07-13,Plumas,063,18699,22,14,0,14,0
2020-07-13,Riverside,065,2383286,34115,27136,21,27157,545
2020-07-13,Sacramento,067,1510023,8030,5747,8,5755,85
2020-07-13,San Benito,069,59416,470,343,0,343,2
2020-07-13,San Bernardino,071,2135413,29321,19610,42,19652,313
2020-07-13,San Diego,073,3302833,25288,20348,2,20350,422
2020-07-13,San Francisco,075,870044,5438,4534,3,4537,50
2020-07-13,San Joaquin,077,732212,9565,6927,5,6932,71
2020-07-13,San Luis Obispo,079,281455,1477,989,5,994,5
2020-07-13,San Mateo,081,765935,4890,4057,6,4063,108
2020-07-13,Santa Barbara,083,443738,6006,4441,39,4480,28
2020-07-13,Santa Clara,085,1922200,8730,6488,13,6501,164
2020-07-13,Santa Cruz,087,273765,809,574,8,582,3
2020-07-13,Shasta,089,179085,314,185,1,186,6
2020-07-13,Sierra,091,2930,1,1,0,1,0
2020-07-13,Siskiyou,093,43540,61,37,0,37,0
2020-07-13,Solano,095,438530,3065,2046,10,2056,23
2020-07-13,Sonoma,097,501317,2397,1818,5,1823,14
2020-07-13,Stanislaus,099,539301,7595,5324,7,5331,53
2020-07-13,Sutter,101,95872,484,379,0,379,2
2020-07-13,Tehama,103,63373,155,112,2,114,1
2020-07-13,Trinity,105,12862,16,2,4,6,0
2020-07-13,Tulare,107,460477,7923,5930,20,5950,147
2020-07-13,Tuolumne,109,53932,96,56,2,58,0
2020-07-13,Ventura,111,848112,6506,4800,18,4818,50
2020-07-13,Yolo,113,214977,1282,941,3,944,27
2020-07-13,Yuba,115,75493,245,194,0,194,1
2020-07-12,Alameda,001,1643700,9767,8056,11,8067,148
2020-07-12,Alpine,003,1148,3,1,0,1,0
2020-07-12,Amador,005,37829,54,40,0,40,0
2020-07-12,Butte,007,227075,625,341,7,348,4
2020-07-12,Calaveras,009,45235,83,62,0,62,0
2020-07-12,Colusa,011,21464,208,116,0,116,0
2020-07-12,Contra Costa,013,1133247,6468,4708,9,4717,88
2020-07-12,Del Norte,015,27424,63,59,0,59,0
2020-07-12,El Dorado,017,186661,507,290,0,290,0
2020-07-12,Fresno,019,978130,14914,8407,98,8505,95
2020-07-12,Glenn,021,27897,249,166,0,166,0
2020-07-12,Humboldt,023,135768,200,174,1,175,4
2020-07-12,Imperial,025,180216,9208,6999,4,7003,109
2020-07-12,Inyo,027,18085,39,35,3,38,1
2020-07-12,Kern,029,883053,16219,6662,49,6711,105
2020-07-12,Kings,031,150075,3438,2779,21,2800,34
2020-07-12,Lake,033,64148,157,114,0,114,1
2020-07-12,Lassen,035,31185,489,237,2,239,0
2020-07-12,Los Angeles,037,10098052,154487,133830,185,134015,3816
2020-07-12,Madera,039,155013,1693,1025,2,1027,4
2020-07-12,Marin,041,260295,4293,3358,5,3363,21
2020-07-12,Mariposa,043,17540,39,31,0,31,1
2020-07-12,Mendocino,045,87422,162,88,0,88,0
2020-07-12,Merced,047,269075,3234,1908,2,1910,12
2020-07-12,Modoc,049,8938,1,0,0,0,0
2020-07-12,Mono,051,14174,71,45,0,45,1
2020-07-12,Monterey,053,433212,3444,2521,9,2530,18
2020-07-12,Napa,055,140530,708,519,0,519,4
2020-07-12,Nevada,057,99092,233,166,5,171,1
2020-07-12,Orange,059,3164182,33671,25399,384,25783,422
2020-07-12,Placer,061,380077,1483,1058,3,1061,11
2020-07-12,Plumas,063,18699,21,14,0,14,0
2020-07-12,Riverside,065,2383286,33356,26404,21,26425,542
2020-07-12,Sacramento,067,1510023,7718,5515,6,5521,85
2020-07-12,San Benito,069,59416,455,324,0,324,2
2020-07-12,San Bernardino,071,2135413,28408,19042,37,19079,312
2020-07-12,San Diego,073,3302833,24659,19929,2,19931,422
2020-07-12,San Francisco,075,870044,5288,4535,3,4538,50
2020-07-12,San Joaquin,077,732212,9203,6703,5,6708,71
2020-07-12,San Luis Obispo,079,281455,1430,972,5,977,5
2020-07-12,San Mateo,081,765935,4772,3988,6,3994,108
2020-07-12,Santa Barbara,083,443738,5876,4353,38,4391,28
2020-07-12,Santa Clara,085,1922200,8492,6252,12,6264,164
2020-07-12,Santa Cruz,087,273765,767,573,6,579,3
2020-07-12,Shasta,089,179085,308,173,1,174,6
2020-07-12,Sierra,091,2930,1,1,0,1,0
2020-07-12,Siskiyou,093,43540,59,36,0,36,0
2020-07-12,Solano,095,438530,2940,2037,10,2047,23
2020-07-12,Sonoma,097,501317,2302,1743,5,1748,13
2020-07-12,Stanislaus,099,539301,7291,5177,7,5184,53
2020-07-12,Sutter,101,95872,466,362,0,362,2
2020-07-12,Tehama,103,63373,148,111,2,113,1
2020-07-12,Trinity,105,12862,16,2,4,6,0
2020-07-12,Tulare,107,460477,7668,5864,19,5883,146
2020-07-12,Tuolumne,109,53932,88,52,2,54,0
2020-07-12,Ventura,111,848112,6290,4724,17,4741,50
2020-07-12,Yolo,113,214977,1241,889,3,892,27
2020-07-12,Yuba,115,75493,234,188,0,188,1
2020-07-11,Alameda,001,1643700,9665,7845,11,7856,148
2020-07-11,Alpine,003,1148,3,1,0,1,0
2020-07-11,Amador,005,37829,50,37,0,37,0
2020-07-11,Butte,007,227075,609,325,7,332,4
2020-07-11,Calaveras,009,45235,80,62,0,62,0
2020-07-11,Colusa,011,21464,203,110,0,110,0
2020-07-11,Contra Costa,013,1133247,6351,4650,9,4659,87
2020-07-11,Del Norte,015,27424,63,59,0,59,0
2020-07-11,El Dorado,017,186661,496,283,0,283,0
2020-07-11,Fresno,019,978130,14654,8086,96,8182,95
2020-07-11,Glenn,021,27897,241,161,0,161,0
2020-07-11,Humboldt,023,135768,199,174,1,175,4
2020-07-11,Imperial,025,180216,9169,6884,4,6888,109
2020-07-11,Inyo,027,18085,39,35,3,38,1
2020-07-11,Kern,029,883053,15862,6509,48,6557,103
2020-07-11,Kings,031,150075,3411,2753,21,2774,33
2020-07-11,Lake,033,64148,156,110,0,110,1
2020-07-11,Lassen,035,31185,488,237,2,239,0
2020-07-11,Los Angeles,037,10098052,152768,130479,175,130654,3802
2020-07-11,Madera,039,155013,1652,988,2,990,4
2020-07-11,Marin,041,260295,4265,3191,5,3196,21
2020-07-11,Mariposa,043,17540,39,31,0,31,1
2020-07-11,Mendocino,045,87422,158,88,0,88,0
2020-07-11,Merced,047,269075,3153,1851,2,1853,12
2020-07-11,Modoc,049,8938,1,0,0,0,0
2020-07-11,Mono,051,14174,68,45,0,45,1
2020-07-11,Monterey,053,433212,3355,2376,8,2384,18
2020-07-11,Napa,055,140530,696,509,0,509,4
2020-07-11,Nevada,057,99092,224,163,4,167,1
2020-07-11,Orange,059,3164182,33294,24430,370,24800,422
2020-07-11,Placer,061,380077,1448,1029,3,1032,11
2020-07-11,Plumas,063,18699,21,12,0,12,0
2020-07-11,Riverside,065,2383286,32965,25994,21,26015,538
2020-07-11,Sacramento,067,1510023,7544,5367,6,5373,84
2020-07-11,San Benito,069,59416,440,314,0,314,2
2020-07-11,San Bernardino,071,2135413,27971,18907,35,18942,310
2020-07-11,San Diego,073,3302833,24274,19371,2,19373,422
2020-07-11,San Francisco,075,870044,5192,4430,2,4432,50
2020-07-11,San Joaquin,077,732212,9025,6518,5,6523,72
2020-07-11,San Luis Obispo,079,281455,1382,930,5,935,4
2020-07-11,San Mateo,081,765935,4704,3956,6,3962,108
2020-07-11,Santa Barbara,083,443738,5807,4283,37,4320,28
2020-07-11,Santa Clara,085,1922200,8333,5959,12,5971,164
2020-07-11,Santa Cruz,087,273765,736,571,6,577,3
2020-07-11,Shasta,089,179085,301,168,1,169,6
2020-07-11,Sierra,091,2930,1,1,0,1,0
2020-07-11,Siskiyou,093,43540,59,36,0,36,0
2020-07-11,Solano,095,438530,2899,2034,10,2044,23
2020-07-11,Sonoma,097,501317,2265,1690,5,1695,13
2020-07-11,Stanislaus,099,539301,7150,4911,7,4918,51
2020-07-11,Sutter,101,95872,450,352,0,352,2
2020-07-11,Tehama,103,63373,146,111,2,113,1
2020-07-11,Trinity,105,12862,16,2,4,6,0
2020-07-11,Tulare,107,460477,7562,5780,19,5799,149
2020-07-11,Tuolumne,109,53932,86,50,2,52,0
2020-07-11,Ventura,111,848112,6194,4545,16,4561,49
2020-07-11,Yolo,113,214977,1211,833,3,836,27
2020-07-11,Yuba,115,75493,224,175,0,175,1
2020-07-10,Alameda,001,1643700,9508,7551,11,7562,147
2020-07-10,Alpine,003,1148,3,1,0,1,0
2020-07-10,Amador,005,37829,46,37,0,37,0
2020-07-10,Butte,007,227075,598,318,7,325,4
2020-07-10,Calaveras,009,45235,80,61,0,61,0
2020-07-10,Colusa,011,21464,197,103,0,103,0
2020-07-10,Contra Costa,013,1133247,6208,4482,9,4491,86
2020-07-10,Del Norte,015,27424,63,57,0,57,0
2020-07-10,El Dorado,017,186661,478,266,0,266,0
2020-07-10,Fresno,019,978130,14322,7760,93,7853,93
2020-07-10,Glenn,021,27897,236,157,0,157,0
2020-07-10,Humboldt,023,135768,198,168,1,169,4
2020-07-10,Imperial,025,180216,9124,6878,4,6882,98
2020-07-10,Inyo,027,18085,39,35,3,38,1
2020-07-10,Kern,029,883053,15429,6344,47,6391,102
2020-07-10,Kings,031,150075,3376,2707,21,2728,33
2020-07-10,Lake,033,64148,149,104,0,104,1
2020-07-10,Lassen,035,31185,487,235,2,237,0
2020-07-10,Los Angeles,037,10098052,150349,127503,169,127672,3750
2020-07-10,Madera,039,155013,1606,914,2,916,4
2020-07-10,Marin,041,260295,4202,3101,5,3106,21
2020-07-10,Mariposa,043,17540,38,31,0,31,1
2020-07-10,Mendocino,045,87422,150,88,0,88,0
2020-07-10,Merced,047,269075,3074,1802,2,1804,12
2020-07-10,Modoc,049,8938,1,0,0,0,0
2020-07-10,Mono,051,14174,67,45,0,45,1
2020-07-10,Monterey,053,433212,3276,2285,8,2293,18
2020-07-10,Napa,055,140530,685,496,0,496,4
2020-07-10,Nevada,057,99092,219,161,4,165,1
2020-07-10,Orange,059,3164182,32704,23692,367,24059,416
2020-07-10,Placer,061,380077,1408,1002,3,1005,11
2020-07-10,Plumas,063,18699,19,12,0,12,0
2020-07-10,Riverside,065,2383286,32448,25481,21,25502,533
2020-07-10,Sacramento,067,1510023,7289,5181,6,5187,81
2020-07-10,San Benito,069,59416,431,302,0,302,2
2020-07-10,San Bernardino,071,2135413,27445,18242,32,18274,308
2020-07-10,San Diego,073,3302833,23893,18862,2,18864,420
2020-07-10,San Francisco,075,870044,5101,4305,2,4307,50
2020-07-10,San Joaquin,077,732212,8792,6225,5,6230,67
2020-07-10,San Luis Obispo,079,281455,1344,891,5,896,4
2020-07-10,San Mateo,081,765935,4639,3844,6,3850,107
2020-07-10,Santa Barbara,083,443738,5710,4177,36,4213,28
2020-07-10,Santa Clara,085,1922200,8109,5819,12,5831,164
2020-07-10,Santa Cruz,087,273765,709,540,6,546,3
2020-07-10,Shasta,089,179085,297,158,1,159,6
2020-07-10,Sierra,091,2930,1,1,0,1,0
2020-07-10,Siskiyou,093,43540,59,31,0,31,0
2020-07-10,Solano,095,438530,2852,1950,10,1960,23
2020-07-10,Sonoma,097,501317,2218,1606,4,1610,13
2020-07-10,Stanislaus,099,539301,6980,4781,7,4788,46
2020-07-10,Sutter,101,95872,443,338,0,338,2
2020-07-10,Tehama,103,63373,145,107,2,109,1
2020-07-10,Trinity,105,12862,16,2,4,6,0
2020-07-10,Tulare,107,460477,7425,5677,19,5696,150
2020-07-10,Tuolumne,109,53932,85,49,2,51,0
2020-07-10,Ventura,111,848112,6080,4416,16,4432,48
2020-07-10,Yolo,113,214977,1187,794,3,797,27
2020-07-10,Yuba,115,75493,210,164,0,164,1
2020-07-09,Alameda,001,1643700,9272,7433,11,7444,146
2020-07-09,Alpine,003,1148,3,1,0,1,0
2020-07-09,Amador,005,37829,43,36,0,36,0
2020-07-09,Butte,007,227075,566,295,7,302,4
2020-07-09,Calaveras,009,45235,79,59,0,59,0
2020-07-09,Colusa,011,21464,189,97,0,97,0
2020-07-09,Contra Costa,013,1133247,5964,4388,9,4397,86
2020-07-09,Del Norte,015,27424,63,57,0,57,0
2020-07-09,El Dorado,017,186661,453,255,0,255,0
2020-07-09,Fresno,019,978130,13864,7385,91,7476,90
2020-07-09,Glenn,021,27897,226,150,0,150,0
2020-07-09,Humboldt,023,135768,195,166,1,167,4
2020-07-09,Imperial,025,180216,9029,6778,4,6782,87
2020-07-09,Inyo,027,18085,37,35,3,38,1
2020-07-09,Kern,029,883053,14784,6100,45,6145,95
2020-07-09,Kings,031,150075,3312,2686,20,2706,33
2020-07-09,Lake,033,64148,146,99,0,99,1
2020-07-09,Lassen,035,31185,431,221,2,223,0
2020-07-09,Los Angeles,037,10098052,147082,125062,145,125207,3698
2020-07-09,Madera,039,155013,1529,850,2,852,4
2020-07-09,Marin,041,260295,4051,2975,4,2979,20
2020-07-09,Mariposa,043,17540,38,32,0,32,1
2020-07-09,Mendocino,045,87422,146,88,0,88,0
2020-07-09,Merced,047,269075,2941,1728,2,1730,11
2020-07-09,Modoc,049,8938,1,0,0,0,0
2020-07-09,Mono,051,14174,63,45,0,45,1
2020-07-09,Monterey,053,433212,3151,2223,8,2231,17
2020-07-09,Napa,055,140530,668,468,0,468,4
2020-07-09,Nevada,057,99092,213,156,4,160,1
2020-07-09,Orange,059,3164182,31732,22960,349,23309,407
2020-07-09,Placer,061,380077,1365,982,3,985,11
2020-07-09,Plumas,063,18699,19,12,0,12,0
2020-07-09,Riverside,065,2383286,31554,24980,20,25000,529
2020-07-09,Sacramento,067,1510023,6962,4950,6,4956,81
2020-07-09,San Benito,069,59416,415,295,0,295,2
2020-07-09,San Bernardino,071,2135413,26573,17339,26,17365,307
2020-07-09,San Diego,073,3302833,23301,18404,2,18406,415
2020-07-09,San Francisco,075,870044,4969,4143,2,4145,50
2020-07-09,San Joaquin,077,732212,8433,6004,5,6009,66
2020-07-09,San Luis Obispo,079,281455,1304,869,5,874,3
2020-07-09,San Mateo,081,765935,4512,3792,6,3798,106
2020-07-09,Santa Barbara,083,443738,5576,4068,36,4104,28
2020-07-09,Santa Clara,085,1922200,7852,5638,12,5650,164
2020-07-09,Santa Cruz,087,273765,682,526,6,532,3
2020-07-09,Shasta,089,179085,291,155,1,156,5
2020-07-09,Sierra,091,2930,1,1,0,1,0
2020-07-09,Siskiyou,093,43540,55,31,0,31,0
2020-07-09,Solano,095,438530,2754,1892,10,1902,23
2020-07-09,Sonoma,097,501317,2132,1584,4,1588,13
2020-07-09,Stanislaus,099,539301,6664,4633,6,4639,46
2020-07-09,Sutter,101,95872,426,321,0,321,2
2020-07-09,Tehama,103,63373,140,102,2,104,1
2020-07-09,Trinity,105,12862,16,2,4,6,0
2020-07-09,Tulare,107,460477,7206,5501,18,5519,146
2020-07-09,Tuolumne,109,53932,84,47,2,49,0
2020-07-09,Ventura,111,848112,5912,4278,16,4294,47
2020-07-09,Yolo,113,214977,1140,764,3,767,27
2020-07-09,Yuba,115,75493,193,152,0,152,1
2020-07-08,Alameda,001,1643700,8980,7335,11,7346,142
2020-07-08,Alpine,003,1148,3,1,0,1,0
2020-07-08,Amador,005,37829,40,35,0,35,0
2020-07-08,Butte,007,227075,529,281,7,288,3
2020-07-08,Calaveras,009,45235,74,58,0,58,0
2020-07-08,Colusa,011,21464,176,90,0,90,0
2020-07-08,Contra Costa,013,1133247,5718,4268,7,4275,84
2020-07-08,Del Norte,015,27424,61,57,0,57,0
2020-07-08,El Dorado,017,186661,432,248,0,248,0
2020-07-08,Fresno,019,978130,13447,7102,86,7188,86
2020-07-08,Glenn,021,27897,215,146,0,146,0
2020-07-08,Humboldt,023,135768,192,162,1,163,4
2020-07-08,Imperial,025,180216,8942,6727,4,6731,76
2020-07-08,Inyo,027,18085,37,35,3,38,1
2020-07-08,Kern,029,883053,14206,5873,43,5916,91
2020-07-08,Kings,031,150075,3252,2629,18,2647,33
2020-07-08,Lake,033,64148,139,97,0,97,1
2020-07-08,Lassen,035,31185,335,221,2,223,0
2020-07-08,Los Angeles,037,10098052,143864,123462,118,123580,3650
2020-07-08,Madera,039,155013,1459,828,2,830,4
2020-07-08,Marin,041,260295,3952,2756,4,2760,17
2020-07-08,Mariposa,043,17540,38,31,0,31,1
2020-07-08,Mendocino,045,87422,133,84,0,84,0
2020-07-08,Merced,047,269075,2822,1578,2,1580,11
2020-07-08,Modoc,049,8938,1,0,0,0,0
2020-07-08,Mono,051,14174,60,45,0,45,1
2020-07-08,Monterey,053,433212,3033,2182,7,2189,17
2020-07-08,Napa,055,140530,645,468,0,468,4
2020-07-08,Nevada,057,99092,204,156,4,160,1
2020-07-08,Orange,059,3164182,30776,22088,344,22432,378
2020-07-08,Placer,061,380077,1319,948,3,951,11
2020-07-08,Plumas,063,18699,19,12,0,12,0
2020-07-08,Riverside,065,2383286,30590,24042,18,24060,508
2020-07-08,Sacramento,067,1510023,6674,4799,6,4805,80
2020-07-08,San Benito,069,59416,399,282,0,282,2
2020-07-08,San Bernardino,071,2135413,25719,16510,22,16532,296
2020-07-08,San Diego,073,3302833,22734,17844,2,17846,406
2020-07-08,San Francisco,075,870044,4880,4093,2,4095,50
2020-07-08,San Joaquin,077,732212,8090,5759,5,5764,61
2020-07-08,San Luis Obispo,079,281455,1253,825,5,830,2
2020-07-08,San Mateo,081,765935,4391,3733,6,3739,106
2020-07-08,Santa Barbara,083,443738,5457,3985,36,4021,28
2020-07-08,Santa Clara,085,1922200,7619,5510,12,5522,164
2020-07-08,Santa Cruz,087,273765,649,509,5,514,3
2020-07-08,Shasta,089,179085,282,148,1,149,6
2020-07-08,Sierra,091,2930,1,1,0,1,0
2020-07-08,Siskiyou,093,43540,55,31,0,31,0
2020-07-08,Solano,095,438530,2638,1821,10,1831,23
2020-07-08,Sonoma,097,501317,2057,1495,4,1499,9
2020-07-08,Stanislaus,099,539301,6364,4344,6,4350,46
2020-07-08,Sutter,101,95872,401,298,0,298,2
2020-07-08,Tehama,103,63373,134,100,2,102,1
2020-07-08,Trinity,105,12862,15,2,4,6,0
2020-07-08,Tulare,107,460477,7014,5307,13,5320,138
2020-07-08,Tuolumne,109,53932,80,42,2,44,0
2020-07-08,Ventura,111,848112,5747,4139,16,4155,47
2020-07-08,Yolo,113,214977,1097,727,3,730,26
2020-07-08,Yuba,115,75493,180,145,0,145,1
2020-07-07,Alameda,001,1643700,8661,7097,10,7107,141
2020-07-07,Alpine,003,1148,3,1,0,1,0
2020-07-07,Amador,005,37829,40,33,0,33,0
2020-07-07,Butte,007,227075,486,269,7,276,3
2020-07-07,Calaveras,009,45235,72,58,0,58,0
2020-07-07,Colusa,011,21464,143,84,0,84,0
2020-07-07,Contra Costa,013,1133247,5482,4131,6,4137,84
2020-07-07,Del Norte,015,27424,61,57,0,57,0
2020-07-07,El Dorado,017,186661,412,244,0,244,0
2020-07-07,Fresno,019,978130,12994,6738,85,6823,84
2020-07-07,Glenn,021,27897,206,145,0,145,0
2020-07-07,Humboldt,023,135768,189,150,1,151,4
2020-07-07,Imperial,025,180216,8843,6678,4,6682,51
2020-07-07,Inyo,027,18085,36,32,3,35,1
2020-07-07,Kern,029,883053,13507,5645,39,5684,88
2020-07-07,Kings,031,150075,3190,2623,15,2638,33
2020-07-07,Lake,033,64148,129,94,0,94,1
2020-07-07,Lassen,035,31185,264,219,2,221,0
2020-07-07,Los Angeles,037,10098052,140294,121026,109,121135,3588
2020-07-07,Madera,039,155013,1415,794,2,796,4
2020-07-07,Marin,041,260295,3863,2627,4,2631,17
2020-07-07,Mariposa,043,17540,38,31,0,31,1
2020-07-07,Mendocino,045,87422,125,82,0,82,0
2020-07-07,Merced,047,269075,2648,1531,2,1533,10
2020-07-07,Modoc,049,8938,1,0,0,0,0
2020-07-07,Mono,051,14174,59,42,0,42,1
2020-07-07,Monterey,053,433212,2890,2166,7,2173,17
2020-07-07,Napa,055,140530,626,459,0,459,4
2020-07-07,Nevada,057,99092,198,150,4,154,1
2020-07-07,Orange,059,3164182,29765,21741,330,22071,373
2020-07-07,Placer,061,380077,1278,930,3,933,11
2020-07-07,Plumas,063,18699,17,12,0,12,0
2020-07-07,Riverside,065,2383286,29575,23279,18,23297,499
2020-07-07,Sacramento,067,1510023,6331,4592,6,4598,76
2020-07-07,San Benito,069,59416,381,274,0,274,2
2020-07-07,San Bernardino,071,2135413,24848,16004,20,16024,277
2020-07-07,San Diego,073,3302833,22019,17580,2,17582,399
2020-07-07,San Francisco,075,870044,4787,4045,1,4046,50
2020-07-07,San Joaquin,077,732212,7747,5547,5,5552,59
2020-07-07,San Luis Obispo,079,281455,1192,795,5,800,2
2020-07-07,San Mateo,081,765935,4276,3691,6,3697,106
2020-07-07,Santa Barbara,083,443738,5328,3866,35,3901,27
2020-07-07,Santa Clara,085,1922200,7350,5438,12,5450,164
2020-07-07,Santa Cruz,087,273765,615,502,4,506,2
2020-07-07,Shasta,089,179085,269,144,1,145,6
2020-07-07,Sierra,091,2930,1,1,0,1,0
2020-07-07,Siskiyou,093,43540,54,30,0,30,0
2020-07-07,Solano,095,438530,2527,1776,9,1785,22
2020-07-07,Sonoma,097,501317,1986,1473,4,1477,8
2020-07-07,Stanislaus,099,539301,6025,4101,6,4107,46
2020-07-07,Sutter,101,95872,375,273,0,273,2
2020-07-07,Tehama,103,63373,125,95,2,97,1
2020-07-07,Trinity,105,12862,15,2,4,6,0
2020-07-07,Tulare,107,460477,6836,5189,11,5200,137
2020-07-07,Tuolumne,109,53932,74,40,2,42,0
2020-07-07,Ventura,111,848112,5578,3992,14,4006,46
2020-07-07,Yolo,113,214977,1029,706,3,709,26
2020-07-07,Yuba,115,75493,160,138,0,138,1
2020-07-06,Alameda,001,1643700,8423,6970,10,6980,141
2020-07-06,Alpine,003,1148,2,1,0,1,0
2020-07-06,Amador,005,37829,38,33,0,33,0
2020-07-06,Butte,007,227075,430,257,7,264,2
2020-07-06,Calaveras,009,45235,69,45,0,45,0
2020-07-06,Colusa,011,21464,134,80,0,80,0
2020-07-06,Contra Costa,013,1133247,5252,3901,5,3906,83
2020-07-06,Del Norte,015,27424,60,57,0,57,0
2020-07-06,El Dorado,017,186661,397,232,0,232,0
2020-07-06,Fresno,019,978130,12527,6364,79,6443,82
2020-07-06,Glenn,021,27897,198,129,0,129,0
2020-07-06,Humboldt,023,135768,187,148,1,149,3
2020-07-06,Imperial,025,180216,8724,6443,4,6447,47
2020-07-06,Inyo,027,18085,36,32,2,34,1
2020-07-06,Kern,029,883053,12701,5491,37,5528,82
2020-07-06,Kings,031,150075,3140,2583,9,2592,33
2020-07-06,Lake,033,64148,122,93,0,93,1
2020-07-06,Lassen,035,31185,262,219,2,221,0
2020-07-06,Los Angeles,037,10098052,136683,116707,95,116802,3541
2020-07-06,Madera,039,155013,1345,734,2,736,4
2020-07-06,Marin,041,260295,3623,2136,4,2140,17
2020-07-06,Mariposa,043,17540,36,31,0,31,1
2020-07-06,Mendocino,045,87422,108,72,0,72,0
2020-07-06,Merced,047,269075,2497,1396,2,1398,10
2020-07-06,Modoc,049,8938,1,0,0,0,0
2020-07-06,Mono,051,14174,58,40,0,40,1
2020-07-06,Monterey,053,433212,2801,2078,7,2085,15
2020-07-06,Napa,055,140530,608,454,0,454,4
2020-07-06,Nevada,057,99092,192,146,4,150,1
2020-07-06,Orange,059,3164182,28703,20167,292,20459,372
2020-07-06,Placer,061,380077,1216,904,3,907,11
2020-07-06,Plumas,063,18699,17,11,0,11,0
2020-07-06,Riverside,065,2383286,28523,22485,17,22502,477
2020-07-06,Sacramento,067,1510023,5981,4420,6,4426,71
2020-07-06,San Benito,069,59416,366,264,0,264,2
2020-07-06,San Bernardino,071,2135413,23992,15346,17,15363,272
2020-07-06,San Diego,073,3302833,21305,17002,2,17004,387
2020-07-06,San Francisco,075,870044,4666,3861,1,3862,50
2020-07-06,San Joaquin,077,732212,7377,5104,5,5109,57
2020-07-06,San Luis Obispo,079,281455,1134,751,5,756,2
2020-07-06,San Mateo,081,765935,4184,3650,5,3655,106
2020-07-06,Santa Barbara,083,443738,5191,3763,34,3797,27
2020-07-06,Santa Clara,085,1922200,7079,5369,12,5381,165
2020-07-06,Santa Cruz,087,273765,593,466,3,469,2
2020-07-06,Shasta,089,179085,259,143,1,144,6
2020-07-06,Sierra,091,2930,1,1,0,1,0
2020-07-06,Siskiyou,093,43540,50,30,0,30,0
2020-07-06,Solano,095,438530,2394,1668,9,1677,22
2020-07-06,Sonoma,097,501317,1922,1369,4,1373,8
2020-07-06,Stanislaus,099,539301,5623,3983,6,3989,46
2020-07-06,Sutter,101,95872,348,250,0,250,2
2020-07-06,Tehama,103,63373,122,95,2,97,1
2020-07-06,Trinity,105,12862,14,2,4,6,0
2020-07-06,Tulare,107,460477,6631,5039,9,5048,136
2020-07-06,Tuolumne,109,53932,71,30,2,32,0
2020-07-06,Ventura,111,848112,5385,3912,14,3926,44
2020-07-06,Yolo,113,214977,973,685,3,688,26
2020-07-06,Yuba,115,75493,146,124,0,124,1
2020-07-05,Alameda,001,1643700,8171,6861,10,6871,141
2020-07-05,Alpine,003,1148,2,1,0,1,0
2020-07-05,Amador,005,37829,36,31,0,31,0
2020-07-05,Butte,007,227075,395,248,7,255,2
2020-07-05,Calaveras,009,45235,66,45,0,45,0
2020-07-05,Colusa,011,21464,124,79,0,79,0
2020-07-05,Contra Costa,013,1133247,5012,3665,4,3669,80
2020-07-05,Del Norte,015,27424,60,57,0,57,0
2020-07-05,El Dorado,017,186661,379,227,0,227,0
2020-07-05,Fresno,019,978130,11960,6186,78,6264,82
2020-07-05,Glenn,021,27897,195,129,0,129,0
2020-07-05,Humboldt,023,135768,183,147,1,148,3
2020-07-05,Imperial,025,180216,8590,6441,4,6445,47
2020-07-05,Inyo,027,18085,35,32,2,34,1
2020-07-05,Kern,029,883053,11991,5351,37,5388,82
2020-07-05,Kings,031,150075,3057,2546,8,2554,31
2020-07-05,Lake,033,64148,122,92,0,92,1
2020-07-05,Lassen,035,31185,256,219,2,221,0
2020-07-05,Los Angeles,037,10098052,133463,115133,89,115222,3495
2020-07-05,Madera,039,155013,1266,564,2,566,4
2020-07-05,Marin,041,260295,3440,2080,4,2084,17
2020-07-05,Mariposa,043,17540,36,31,0,31,1
2020-07-05,Mendocino,045,87422,105,72,0,72,0
2020-07-05,Merced,047,269075,2352,1340,2,1342,10
2020-07-05,Modoc,049,8938,1,0,0,0,0
2020-07-05,Mono,051,14174,54,39,0,39,1
2020-07-05,Monterey,053,433212,2698,1994,7,2001,15
2020-07-05,Napa,055,140530,578,450,0,450,4
2020-07-05,Nevada,057,99092,186,141,4,145,1
2020-07-05,Orange,059,3164182,27761,19430,279,19709,372
2020-07-05,Placer,061,380077,1159,855,3,858,11
2020-07-05,Plumas,063,18699,16,11,0,11,0
2020-07-05,Riverside,065,2383286,27666,21511,17,21528,474
2020-07-05,Sacramento,067,1510023,5666,4265,5,4270,71
2020-07-05,San Benito,069,59416,347,258,0,258,2
2020-07-05,San Bernardino,071,2135413,23114,15026,17,15043,270
2020-07-05,San Diego,073,3302833,20617,16728,2,16730,387
2020-07-05,San Francisco,075,870044,4548,3861,1,3862,50
2020-07-05,San Joaquin,077,732212,7058,5015,5,5020,57
2020-07-05,San Luis Obispo,079,281455,1055,730,5,735,2
2020-07-05,San Mateo,081,765935,4073,3575,5,3580,106
2020-07-05,Santa Barbara,083,443738,5044,3671,31,3702,27
2020-07-05,Santa Clara,085,1922200,6788,5237,12,5249,162
2020-07-05,Santa Cruz,087,273765,575,467,1,468,2
2020-07-05,Shasta,089,179085,253,138,1,139,6
2020-07-05,Sierra,091,2930,1,1,0,1,0
2020-07-05,Siskiyou,093,43540,46,30,0,30,0
2020-07-05,Solano,095,438530,2274,1547,9,1556,22
2020-07-05,Sonoma,097,501317,1841,1369,4,1373,8
2020-07-05,Stanislaus,099,539301,5292,3777,6,3783,45
2020-07-05,Sutter,101,95872,320,241,0,241,2
2020-07-05,Tehama,103,63373,120,95,2,97,1
2020-07-05,Trinity,105,12862,14,2,4,6,0
2020-07-05,Tulare,107,460477,6372,4981,7,4988,135
2020-07-05,Tuolumne,109,53932,66,30,2,32,0
2020-07-05,Ventura,111,848112,5182,3866,14,3880,44
2020-07-05,Yolo,113,214977,933,644,3,647,26
2020-07-05,Yuba,115,75493,136,115,0,115,1
2020-07-04,Alameda,001,1643700,8059,6737,10,6747,141
2020-07-04,Alpine,003,1148,2,1,0,1,0
2020-07-04,Amador,005,37829,35,31,0,31,0
2020-07-04,Butte,007,227075,377,224,7,231,2
2020-07-04,Calaveras,009,45235,66,45,0,45,0
2020-07-04,Colusa,011,21464,123,76,0,76,0
2020-07-04,Contra Costa,013,1133247,4864,3583,4,3587,80
2020-07-04,Del Norte,015,27424,60,50,0,50,0
2020-07-04,El Dorado,017,186661,360,211,0,211,0
2020-07-04,Fresno,019,978130,11644,5999,76,6075,82
2020-07-04,Glenn,021,27897,188,128,0,128,0
2020-07-04,Humboldt,023,135768,176,144,1,145,3
2020-07-04,Imperial,025,180216,8542,6441,4,6445,47
2020-07-04,Inyo,027,18085,35,32,2,34,1
2020-07-04,Kern,029,883053,11687,5231,37,5268,81
2020-07-04,Kings,031,150075,3014,2509,8,2517,31
2020-07-04,Lake,033,64148,115,86,0,86,1
2020-07-04,Lassen,035,31185,256,219,2,221,0
2020-07-04,Los Angeles,037,10098052,131647,107256,78,107334,3462
2020-07-04,Madera,039,155013,1220,568,2,570,4
2020-07-04,Marin,041,260295,3411,1962,4,1966,17
2020-07-04,Mariposa,043,17540,36,28,0,28,1
2020-07-04,Mendocino,045,87422,105,72,0,72,0
2020-07-04,Merced,047,269075,2249,1252,2,1254,10
2020-07-04,Modoc,049,8938,1,0,0,0,0
2020-07-04,Mono,051,14174,54,37,0,37,1
2020-07-04,Monterey,053,433212,2618,1878,7,1885,15
2020-07-04,Napa,055,140530,569,426,0,426,4
2020-07-04,Nevada,057,99092,183,125,4,129,1
2020-07-04,Orange,059,3164182,27327,19247,265,19512,372
2020-07-04,Placer,061,380077,1124,796,3,799,11
2020-07-04,Plumas,063,18699,16,11,0,11,0
2020-07-04,Riverside,065,2383286,27299,21508,17,21525,474
2020-07-04,Sacramento,067,1510023,5495,4039,5,4044,71
2020-07-04,San Benito,069,59416,334,255,0,255,2
2020-07-04,San Bernardino,071,2135413,22687,14636,15,14651,270
2020-07-04,San Diego,073,3302833,20157,16166,2,16168,387
2020-07-04,San Francisco,075,870044,4456,3861,1,3862,50
2020-07-04,San Joaquin,077,732212,6845,4807,5,4812,57
2020-07-04,San Luis Obispo,079,281455,1015,699,5,704,2
2020-07-04,San Mateo,081,765935,4010,3532,5,3537,106
2020-07-04,Santa Barbara,083,443738,4968,3520,29,3549,27
2020-07-04,Santa Clara,085,1922200,6596,5045,11,5056,161
2020-07-04,Santa Cruz,087,273765,565,466,1,467,2
2020-07-04,Shasta,089,179085,250,135,1,136,6
2020-07-04,Sierra,091,2930,1,1,0,1,0
2020-07-04,Siskiyou,093,43540,39,30,0,30,0
2020-07-04,Solano,095,438530,2238,1548,9,1557,22
2020-07-04,Sonoma,097,501317,1815,1370,4,1374,8
2020-07-04,Stanislaus,099,539301,5134,3572,6,3578,44
2020-07-04,Sutter,101,95872,301,225,0,225,2
2020-07-04,Tehama,103,63373,117,92,2,94,1
2020-07-04,Trinity,105,12862,14,2,4,6,0
2020-07-04,Tulare,107,460477,6260,4802,6,4808,135
2020-07-04,Tuolumne,109,53932,62,30,2,32,0
2020-07-04,Ventura,111,848112,5058,3687,14,3701,44
2020-07-04,Yolo,113,214977,908,615,3,618,26
2020-07-04,Yuba,115,75493,129,102,0,102,1
2020-07-03,Alameda,001,1643700,7938,6486,10,6496,141
2020-07-03,Alpine,003,1148,2,1,0,1,0
2020-07-03,Amador,005,37829,35,25,0,25,0
2020-07-03,Butte,007,227075,365,212,7,219,2
2020-07-03,Calaveras,009,45235,66,44,0,44,0
2020-07-03,Colusa,011,21464,117,70,0,70,0
2020-07-03,Contra Costa,013,1133247,4730,3447,4,3451,78
2020-07-03,Del Norte,015,27424,60,50,0,50,0
2020-07-03,El Dorado,017,186661,348,201,0,201,0
2020-07-03,Fresno,019,978130,11339,5783,74,5857,81
2020-07-03,Glenn,021,27897,183,122,0,122,0
2020-07-03,Humboldt,023,135768,172,143,1,144,3
2020-07-03,Imperial,025,180216,8494,6345,4,6349,47
2020-07-03,Inyo,027,18085,35,32,2,34,1
2020-07-03,Kern,029,883053,11426,5213,37,5250,81
2020-07-03,Kings,031,150075,2978,2492,8,2500,31
2020-07-03,Lake,033,64148,108,83,0,83,0
2020-07-03,Lassen,035,31185,256,219,2,221,0
2020-07-03,Los Angeles,037,10098052,130130,107236,74,107310,3461
2020-07-03,Madera,039,155013,1175,565,2,567,4
2020-07-03,Marin,041,260295,3382,1776,4,1780,17
2020-07-03,Mariposa,043,17540,36,28,0,28,1
2020-07-03,Mendocino,045,87422,104,72,0,72,0
2020-07-03,Merced,047,269075,2183,1188,2,1190,10
2020-07-03,Modoc,049,8938,1,0,0,0,0
2020-07-03,Mono,051,14174,54,37,0,37,1
2020-07-03,Monterey,053,433212,2547,1804,7,1811,15
2020-07-03,Napa,055,140530,551,388,0,388,4
2020-07-03,Nevada,057,99092,182,125,4,129,1
2020-07-03,Orange,059,3164182,26935,18819,257,19076,366
2020-07-03,Placer,061,380077,1097,745,3,748,11
2020-07-03,Plumas,063,18699,16,11,0,11,0
2020-07-03,Riverside,065,2383286,26993,21171,17,21188,472
2020-07-03,Sacramento,067,1510023,5361,3711,5,3716,71
2020-07-03,San Benito,069,59416,327,243,0,243,2
2020-07-03,San Bernardino,071,2135413,22298,14040,15,14055,269
2020-07-03,San Diego,073,3302833,19701,15698,2,15700,387
2020-07-03,San Francisco,075,870044,4409,3781,1,3782,50
2020-07-03,San Joaquin,077,732212,6707,4416,4,4420,56
2020-07-03,San Luis Obispo,079,281455,980,676,5,681,2
2020-07-03,San Mateo,081,765935,3953,3439,5,3444,106
2020-07-03,Santa Barbara,083,443738,4881,3406,28,3434,27
2020-07-03,Santa Clara,085,1922200,6484,4820,11,4831,161
2020-07-03,Santa Cruz,087,273765,552,436,1,437,2
2020-07-03,Shasta,089,179085,242,113,1,114,6
2020-07-03,Sierra,091,2930,1,1,0,1,0
2020-07-03,Siskiyou,093,43540,36,30,0,30,0
2020-07-03,Solano,095,438530,2194,1496,8,1504,22
2020-07-03,Sonoma,097,501317,1767,1282,4,1286,8
2020-07-03,Stanislaus,099,539301,5009,3021,6,3027,43
2020-07-03,Sutter,101,95872,291,205,0,205,2
2020-07-03,Tehama,103,63373,115,89,2,91,1
2020-07-03,Trinity,105,12862,14,2,4,6,0
2020-07-03,Tulare,107,460477,6145,4656,6,4662,134
2020-07-03,Tuolumne,109,53932,60,27,2,29,0
2020-07-03,Ventura,111,848112,4962,3536,14,3550,44
2020-07-03,Yolo,113,214977,874,586,3,589,25
2020-07-03,Yuba,115,75493,124,96,0,96,1
2020-07-02,Alameda,001,1643700,7812,6386,10,6396,139
2020-07-02,Alpine,003,1148,2,1,0,1,0
2020-07-02,Amador,005,37829,34,23,0,23,0
2020-07-02,Butte,007,227075,348,199,7,206,2
2020-07-02,Calaveras,009,45235,62,42,0,42,0
2020-07-02,Colusa,011,21464,109,60,0,60,0
2020-07-02,Contra Costa,013,1133247,4547,3347,4,3351,77
2020-07-02,Del Norte,015,27424,59,50,0,50,0
2020-07-02,El Dorado,017,186661,337,193,0,193,0
2020-07-02,Fresno,019,978130,10880,5402,73,5475,78
2020-07-02,Glenn,021,27897,177,114,0,114,0
2020-07-02,Humboldt,023,135768,168,138,1,139,3
2020-07-02,Imperial,025,180216,8392,6236,4,6240,47
2020-07-02,Inyo,027,18085,35,29,2,31,1
2020-07-02,Kern,029,883053,10890,5036,35,5071,78
2020-07-02,Kings,031,150075,2927,2419,8,2427,31
2020-07-02,Lake,033,64148,104,81,0,81,0
2020-07-02,Lassen,035,31185,254,218,2,220,0
2020-07-02,Los Angeles,037,10098052,128112,107144,51,107195,3458
2020-07-02,Madera,039,155013,1107,548,2,550,4
2020-07-02,Marin,041,260295,3297,1706,4,1710,17
2020-07-02,Mariposa,043,17540,35,28,0,28,1
2020-07-02,Mendocino,045,87422,100,71,0,71,0
2020-07-02,Merced,047,269075,2086,1122,2,1124,10
2020-07-02,Modoc,049,8938,1,0,0,0,0
2020-07-02,Mono,051,14174,54,37,0,37,1
2020-07-02,Monterey,053,433212,2487,1796,7,1803,15
2020-07-02,Napa,055,140530,534,352,0,352,4
2020-07-02,Nevada,057,99092,176,118,4,122,1
2020-07-02,Orange,059,3164182,26168,17056,244,17300,360
2020-07-02,Placer,061,380077,1073,740,3,743,11
2020-07-02,Plumas,063,18699,15,8,0,8,0
2020-07-02,Riverside,065,2383286,26422,20253,17,20270,458
2020-07-02,Sacramento,067,1510023,5134,3587,5,3592,70
2020-07-02,San Benito,069,59416,319,236,0,236,2
2020-07-02,San Bernardino,071,2135413,21761,13185,15,13200,260
2020-07-02,San Diego,073,3302833,19239,15208,2,15210,377
2020-07-02,San Francisco,075,870044,4314,3676,1,3677,50
2020-07-02,San Joaquin,077,732212,6360,4243,4,4247,56
2020-07-02,San Luis Obispo,079,281455,935,659,5,664,2
2020-07-02,San Mateo,081,765935,3872,3390,5,3395,107
2020-07-02,Santa Barbara,083,443738,4781,3385,26,3411,27
2020-07-02,Santa Clara,085,1922200,6358,4722,11,4733,160
2020-07-02,Santa Cruz,087,273765,529,414,1,415,2
2020-07-02,Shasta,089,179085,239,110,1,111,5
2020-07-02,Sierra,091,2930,1,1,0,1,0
2020-07-02,Siskiyou,093,43540,36,30,0,30,0
2020-07-02,Solano,095,438530,2111,1429,8,1437,21
2020-07-02,Sonoma,097,501317,1709,1244,4,1248,6
2020-07-02,Stanislaus,099,539301,4837,2850,6,2856,41
2020-07-02,Sutter,101,95872,279,195,0,195,2
2020-07-02,Tehama,103,63373,113,86,2,88,1
2020-07-02,Trinity,105,12862,14,2,4,6,0
2020-07-02,Tulare,107,460477,5979,4559,5,4564,132
2020-07-02,Tuolumne,109,53932,57,23,2,25,0
2020-07-02,Ventura,111,848112,4806,3394,14,3408,42
2020-07-02,Yolo,113,214977,842,554,3,557,24
2020-07-02,Yuba,115,75493,114,93,0,93,1
2020-07-01,Alameda,001,1643700,7590,6125,10,6135,137
2020-07-01,Alpine,003,1148,2,1,0,1,0
2020-07-01,Amador,005,37829,33,22,0,22,0
2020-07-01,Butte,007,227075,323,185,7,192,2
2020-07-01,Calaveras,009,45235,60,37,0,37,0
2020-07-01,Colusa,011,21464,103,53,0,53,0
2020-07-01,Contra Costa,013,1133247,4335,3259,4,3263,76
2020-07-01,Del Norte,015,27424,59,50,0,50,0
2020-07-01,El Dorado,017,186661,310,183,0,183,0
2020-07-01,Fresno,019,978130,10445,5111,70,5181,76
2020-07-01,Glenn,021,27897,170,110,0,110,0
2020-07-01,Humboldt,023,135768,163,134,0,134,3
2020-07-01,Imperial,025,180216,8295,6150,4,6154,46
2020-07-01,Inyo,027,18085,34,30,2,32,1
2020-07-01,Kern,029,883053,10257,4853,33,4886,78
2020-07-01,Kings,031,150075,2859,2360,8,2368,30
2020-07-01,Lake,033,64148,103,75,0,75,0
2020-07-01,Lassen,035,31185,253,217,2,219,0
2020-07-01,Los Angeles,037,10098052,124908,105325,41,105366,3408
2020-07-01,Madera,039,155013,1066,519,2,521,4
2020-07-01,Marin,041,260295,3140,1636,4,1640,17
2020-07-01,Mariposa,043,17540,35,29,0,29,1
2020-07-01,Mendocino,045,87422,96,70,0,70,0
2020-07-01,Merced,047,269075,1986,1052,2,1054,10
2020-07-01,Modoc,049,8938,1,0,0,0,0
2020-07-01,Mono,051,14174,51,37,0,37,1
2020-07-01,Monterey,053,433212,2379,1703,7,1710,15
2020-07-01,Napa,055,140530,511,347,0,347,4
2020-07-01,Nevada,057,99092,166,115,4,119,1
2020-07-01,Orange,059,3164182,25282,15662,223,15885,343
2020-07-01,Placer,061,380077,1026,713,3,716,11
2020-07-01,Plumas,063,18699,13,8,0,8,0
2020-07-01,Riverside,065,2383286,25581,19537,16,19553,457
2020-07-01,Sacramento,067,1510023,4879,3425,5,3430,64
2020-07-01,San Benito,069,59416,310,219,0,219,2
2020-07-01,San Bernardino,071,2135413,20864,12712,12,12724,253
2020-07-01,San Diego,073,3302833,18680,14624,2,14626,372
2020-07-01,San Francisco,075,870044,4221,3626,1,3627,50
2020-07-01,San Joaquin,077,732212,6002,3990,4,3994,54
2020-07-01,San Luis Obispo,079,281455,909,613,5,618,1
2020-07-01,San Mateo,081,765935,3810,3326,5,3331,84
2020-07-01,Santa Barbara,083,443738,4661,3268,25,3293,27
2020-07-01,Santa Clara,085,1922200,6172,4547,10,4557,159
2020-07-01,Santa Cruz,087,273765,507,398,0,398,2
2020-07-01,Shasta,089,179085,234,104,1,105,5
2020-07-01,Sierra,091,2930,1,1,0,1,0
2020-07-01,Siskiyou,093,43540,36,28,0,28,0
2020-07-01,Solano,095,438530,2022,1350,8,1358,21
2020-07-01,Sonoma,097,501317,1613,1178,4,1182,6
2020-07-01,Stanislaus,099,539301,4558,2619,6,2625,41
2020-07-01,Sutter,101,95872,266,188,0,188,2
2020-07-01,Tehama,103,63373,106,80,2,82,1
2020-07-01,Trinity,105,12862,14,2,3,5,0
2020-07-01,Tulare,107,460477,5801,4359,5,4364,128
2020-07-01,Tuolumne,109,53932,54,17,2,19,0
2020-07-01,Ventura,111,848112,4663,3224,12,3236,41
2020-07-01,Yolo,113,214977,792,526,3,529,24
2020-07-01,Yuba,115,75493,109,57,0,57,1
2020-06-30,Alameda,001,1643700,7341,5959,8,5967,137
2020-06-30,Alpine,003,1148,2,1,0,1,0
2020-06-30,Amador,005,37829,33,21,0,21,0
2020-06-30,Butte,007,227075,306,163,7,170,2
2020-06-30,Calaveras,009,45235,55,31,0,31,0
2020-06-30,Colusa,011,21464,94,33,0,33,0
2020-06-30,Contra Costa,013,1133247,4129,3140,4,3144,75
2020-06-30,Del Norte,015,27424,59,48,0,48,0
2020-06-30,El Dorado,017,186661,297,175,0,175,0
2020-06-30,Fresno,019,978130,9997,4826,66,4892,75
2020-06-30,Glenn,021,27897,165,96,0,96,0
2020-06-30,Humboldt,023,135768,159,132,0,132,3
2020-06-30,Imperial,025,180216,8198,5968,4,5972,45
2020-06-30,Inyo,027,18085,34,30,2,32,1
2020-06-30,Kern,029,883053,9609,4721,29,4750,75
2020-06-30,Kings,031,150075,2810,2315,5,2320,30
2020-06-30,Lake,033,64148,95,56,0,56,0
2020-06-30,Lassen,035,31185,246,215,2,217,0
2020-06-30,Los Angeles,037,10098052,121319,103640,38,103678,3378
2020-06-30,Madera,039,155013,1009,475,2,477,4
2020-06-30,Marin,041,260295,3069,1614,4,1618,17
2020-06-30,Mariposa,043,17540,34,27,0,27,1
2020-06-30,Mendocino,045,87422,91,65,0,65,0
2020-06-30,Merced,047,269075,1849,970,2,972,10
2020-06-30,Modoc,049,8938,1,0,0,0,0
2020-06-30,Mono,051,14174,49,36,0,36,1
2020-06-30,Monterey,053,433212,2281,1657,7,1664,15
2020-06-30,Napa,055,140530,486,342,0,342,4
2020-06-30,Nevada,057,99092,158,113,4,117,1
2020-06-30,Orange,059,3164182,24351,14354,213,14567,335
2020-06-30,Placer,061,380077,999,667,3,670,11
2020-06-30,Plumas,063,18699,12,8,0,8,0
2020-06-30,Riverside,065,2383286,24865,18656,15,18671,449
2020-06-30,Sacramento,067,1510023,4590,3246,5,3251,64
2020-06-30,San Benito,069,59416,299,200,0,200,2
2020-06-30,San Bernardino,071,2135413,19880,12375,12,12387,249
2020-06-30,San Diego,073,3302833,17976,14150,2,14152,365
2020-06-30,San Francisco,075,870044,4116,3555,1,3556,50
2020-06-30,San Joaquin,077,732212,5627,3744,4,3748,52
2020-06-30,San Luis Obispo,079,281455,872,583,5,588,1
2020-06-30,San Mateo,081,765935,3732,3268,5,3273,84
2020-06-30,Santa Barbara,083,443738,4544,3102,25,3127,25
2020-06-30,Santa Clara,085,1922200,5970,4346,10,4356,157
2020-06-30,Santa Cruz,087,273765,482,379,0,379,2
2020-06-30,Shasta,089,179085,218,100,1,101,5
2020-06-30,Sierra,091,2930,1,1,0,1,0
2020-06-30,Siskiyou,093,43540,35,26,0,26,0
2020-06-30,Solano,095,438530,1930,1256,8,1264,21
2020-06-30,Sonoma,097,501317,1548,1122,4,1126,6
2020-06-30,Stanislaus,099,539301,4260,2578,6,2584,41
2020-06-30,Sutter,101,95872,243,168,0,168,2
2020-06-30,Tehama,103,63373,104,75,2,77,1
2020-06-30,Trinity,105,12862,14,2,3,5,0
2020-06-30,Tulare,107,460477,5594,4207,5,4212,117
2020-06-30,Tuolumne,109,53932,50,16,2,18,0
2020-06-30,Ventura,111,848112,4529,3030,12,3042,40
2020-06-30,Yolo,113,214977,754,515,3,518,24
2020-06-30,Yuba,115,75493,105,55,0,55,1
2020-06-29,Alameda,001,1643700,7131,5766,8,5774,135
2020-06-29,Alpine,003,1148,2,1,0,1,0
2020-06-29,Amador,005,37829,30,20,0,20,0
2020-06-29,Butte,007,227075,285,157,7,164,2
2020-06-29,Calaveras,009,45235,53,30,0,30,0
2020-06-29,Colusa,011,21464,89,17,0,17,0
2020-06-29,Contra Costa,013,1133247,3966,2976,3,2979,75
2020-06-29,Del Norte,015,27424,59,47,0,47,0
2020-06-29,El Dorado,017,186661,283,163,0,163,0
2020-06-29,Fresno,019,978130,9649,4531,65,4596,74
2020-06-29,Glenn,021,27897,156,77,0,77,0
2020-06-29,Humboldt,023,135768,158,128,0,128,3
2020-06-29,Imperial,025,180216,8067,5512,4,5516,45
2020-06-29,Inyo,027,18085,33,29,0,29,1
2020-06-29,Kern,029,883053,8945,4613,27,4640,73
2020-06-29,Kings,031,150075,2746,2280,5,2285,20
2020-06-29,Lake,033,64148,88,53,0,53,0
2020-06-29,Lassen,035,31185,238,77,2,79,0
2020-06-29,Los Angeles,037,10098052,118272,100846,32,100878,3337
2020-06-29,Madera,039,155013,952,422,2,424,4
2020-06-29,Marin,041,260295,2993,1517,4,1521,17
2020-06-29,Mariposa,043,17540,32,25,0,25,1
2020-06-29,Mendocino,045,87422,88,63,0,63,0
2020-06-29,Merced,047,269075,1743,848,2,850,10
2020-06-29,Modoc,049,8938,1,0,0,0,0
2020-06-29,Mono,051,14174,47,35,0,35,1
2020-06-29,Monterey,053,433212,2209,1614,7,1621,14
2020-06-29,Napa,055,140530,465,317,0,317,4
2020-06-29,Nevada,057,99092,155,107,3,110,1
2020-06-29,Orange,059,3164182,23361,13682,197,13879,324
2020-06-29,Placer,061,380077,963,628,3,631,11
2020-06-29,Plumas,063,18699,12,6,0,6,0
2020-06-29,Riverside,065,2383286,23832,17683,15,17698,432
2020-06-29,Sacramento,067,1510023,4303,2985,5,2990,62
2020-06-29,San Benito,069,59416,284,193,0,193,2
2020-06-29,San Bernardino,071,2135413,18918,11643,12,11655,245
2020-06-29,San Diego,073,3302833,17400,13834,2,13836,361
2020-06-29,San Francisco,075,870044,4039,3389,1,3390,50
2020-06-29,San Joaquin,077,732212,5269,3202,4,3206,52
2020-06-29,San Luis Obispo,079,281455,838,544,5,549,1
2020-06-29,San Mateo,081,765935,3678,3170,5,3175,84
2020-06-29,Santa Barbara,083,443738,4434,2933,24,2957,25
2020-06-29,Santa Clara,085,1922200,5798,4231,10,4241,157
2020-06-29,Santa Cruz,087,273765,464,348,0,348,2
2020-06-29,Shasta,089,179085,210,94,1,95,5
2020-06-29,Sierra,091,2930,1,1,0,1,0
2020-06-29,Siskiyou,093,43540,35,25,0,25,0
2020-06-29,Solano,095,438530,1828,1077,8,1085,21
2020-06-29,Sonoma,097,501317,1476,1103,4,1107,5
2020-06-29,Stanislaus,099,539301,4054,2400,5,2405,36
2020-06-29,Sutter,101,95872,221,152,0,152,2
2020-06-29,Tehama,103,63373,100,63,2,65,1
2020-06-29,Trinity,105,12862,13,2,3,5,0
2020-06-29,Tulare,107,460477,5441,3906,4,3910,117
2020-06-29,Tuolumne,109,53932,46,16,2,18,0
2020-06-29,Ventura,111,848112,4382,2794,12,2806,40
2020-06-29,Yolo,113,214977,721,483,3,486,24
2020-06-29,Yuba,115,75493,92,55,0,55,1
2020-06-28,Alameda,001,1643700,6872,5698,8,5706,135
2020-06-28,Alpine,003,1148,2,1,0,1,0
2020-06-28,Amador,005,37829,28,20,0,20,0
2020-06-28,Butte,007,227075,265,150,7,157,2
2020-06-28,Calaveras,009,45235,48,30,0,30,0
2020-06-28,Colusa,011,21464,74,17,0,17,0
2020-06-28,Contra Costa,013,1133247,3776,2803,3,2806,73
2020-06-28,Del Norte,015,27424,58,47,0,47,0
2020-06-28,El Dorado,017,186661,271,162,0,162,0
2020-06-28,Fresno,019,978130,9288,4365,65,4430,74
2020-06-28,Glenn,021,27897,148,77,0,77,0
2020-06-28,Humboldt,023,135768,155,127,0,127,3
2020-06-28,Imperial,025,180216,7879,5513,4,5517,45
2020-06-28,Inyo,027,18085,33,29,0,29,1
2020-06-28,Kern,029,883053,8393,4541,25,4566,72
2020-06-28,Kings,031,150075,2687,2234,5,2239,18
2020-06-28,Lake,033,64148,84,53,0,53,0
2020-06-28,Lassen,035,31185,238,77,2,79,0
2020-06-28,Los Angeles,037,10098052,115067,98003,28,98031,3316
2020-06-28,Madera,039,155013,904,424,2,426,4
2020-06-28,Marin,041,260295,2647,1473,4,1477,17
2020-06-28,Mariposa,043,17540,32,24,0,24,1
2020-06-28,Mendocino,045,87422,86,63,0,63,0
2020-06-28,Merced,047,269075,1630,814,2,816,10
2020-06-28,Modoc,049,8938,1,0,0,0,0
2020-06-28,Mono,051,14174,47,35,0,35,1
2020-06-28,Monterey,053,433212,2127,1560,7,1567,13
2020-06-28,Napa,055,140530,431,307,0,307,4
2020-06-28,Nevada,057,99092,144,102,3,105,1
2020-06-28,Orange,059,3164182,22384,13213,178,13391,324
2020-06-28,Placer,061,380077,924,618,3,621,11
2020-06-28,Plumas,063,18699,11,6,0,6,0
2020-06-28,Riverside,065,2383286,23005,16848,14,16862,432
2020-06-28,Sacramento,067,1510023,4075,2803,5,2808,63
2020-06-28,San Benito,069,59416,273,190,0,190,2
2020-06-28,San Bernardino,071,2135413,18164,11344,11,11355,245
2020-06-28,San Diego,073,3302833,16855,13333,2,13335,361
2020-06-28,San Francisco,075,870044,3960,3388,1,3389,50
2020-06-28,San Joaquin,077,732212,4932,3201,4,3205,52
2020-06-28,San Luis Obispo,079,281455,799,531,4,535,1
2020-06-28,San Mateo,081,765935,3600,3124,5,3129,84
2020-06-28,Santa Barbara,083,443738,4289,2872,24,2896,25
2020-06-28,Santa Clara,085,1922200,5636,4131,10,4141,156
2020-06-28,Santa Cruz,087,273765,441,349,0,349,2
2020-06-28,Shasta,089,179085,197,89,0,89,5
2020-06-28,Sierra,091,2930,1,1,0,1,0
2020-06-28,Siskiyou,093,43540,35,25,0,25,0
2020-06-28,Solano,095,438530,1753,1077,8,1085,21
2020-06-28,Sonoma,097,501317,1422,1084,4,1088,5
2020-06-28,Stanislaus,099,539301,3848,2376,5,2381,36
2020-06-28,Sutter,101,95872,195,145,0,145,2
2020-06-28,Tehama,103,63373,93,63,2,65,1
2020-06-28,Trinity,105,12862,12,2,3,5,0
2020-06-28,Tulare,107,460477,5276,3812,4,3816,117
2020-06-28,Tuolumne,109,53932,41,14,2,16,0
2020-06-28,Ventura,111,848112,4224,2650,12,2662,40
2020-06-28,Yolo,113,214977,686,468,3,471,24
2020-06-28,Yuba,115,75493,88,39,0,39,1
2020-06-27,Alameda,001,1643700,6777,5581,8,5589,135
2020-06-27,Alpine,003,1148,2,1,0,1,0
2020-06-27,Amador,005,37829,26,20,0,20,0
2020-06-27,Butte,007,227075,257,137,7,144,2
2020-06-27,Calaveras,009,45235,46,30,0,30,0
2020-06-27,Colusa,011,21464,68,17,0,17,0
2020-06-27,Contra Costa,013,1133247,3681,2717,2,2719,72
2020-06-27,Del Norte,015,27424,58,47,0,47,0
2020-06-27,El Dorado,017,186661,265,159,0,159,0
2020-06-27,Fresno,019,978130,9042,4238,65,4303,74
2020-06-27,Glenn,021,27897,144,77,0,77,0
2020-06-27,Humboldt,023,135768,153,127,0,127,3
2020-06-27,Imperial,025,180216,7818,5513,4,5517,45
2020-06-27,Inyo,027,18085,33,29,0,29,1
2020-06-27,Kern,029,883053,8129,4411,24,4435,70
2020-06-27,Kings,031,150075,2661,2187,5,2192,18
2020-06-27,Lake,033,64148,81,42,0,42,0
2020-06-27,Lassen,035,31185,238,33,2,35,0
2020-06-27,Los Angeles,037,10098052,113326,95341,25,95366,3291
2020-06-27,Madera,039,155013,861,427,1,428,4
2020-06-27,Marin,041,260295,2602,1423,4,1427,17
2020-06-27,Mariposa,043,17540,31,22,0,22,1
2020-06-27,Mendocino,045,87422,86,63,0,63,0
2020-06-27,Merced,047,269075,1572,807,1,808,10
2020-06-27,Modoc,049,8938,1,0,0,0,0
2020-06-27,Mono,051,14174,46,35,0,35,1
2020-06-27,Monterey,053,433212,2063,1455,7,1462,12
2020-06-27,Napa,055,140530,421,282,0,282,3
2020-06-27,Nevada,057,99092,140,102,2,104,1
2020-06-27,Orange,059,3164182,21872,12951,173,13124,320
2020-06-27,Placer,061,380077,903,584,3,587,10
2020-06-27,Plumas,063,18699,11,6,0,6,0
2020-06-27,Riverside,065,2383286,22615,16209,14,16223,432
2020-06-27,Sacramento,067,1510023,3958,2685,5,2690,63
2020-06-27,San Benito,069,59416,266,182,0,182,2
2020-06-27,San Bernardino,071,2135413,17786,11238,11,11249,243
2020-06-27,San Diego,073,3302833,16490,12836,2,12838,360
2020-06-27,San Francisco,075,870044,3905,3332,1,3333,49
2020-06-27,San Joaquin,077,732212,4767,2995,4,2999,52
2020-06-27,San Luis Obispo,079,281455,775,505,4,509,1
2020-06-27,San Mateo,081,765935,3543,3083,5,3088,83
2020-06-27,Santa Barbara,083,443738,4217,2799,24,2823,25
2020-06-27,Santa Clara,085,1922200,5531,4006,10,4016,157
2020-06-27,Santa Cruz,087,273765,434,347,0,347,2
2020-06-27,Shasta,089,179085,192,87,0,87,5
2020-06-27,Sierra,091,2930,1,1,0,1,0
2020-06-27,Siskiyou,093,43540,35,25,0,25,0
2020-06-27,Solano,095,438530,1720,1076,8,1084,21
2020-06-27,Sonoma,097,501317,1391,1004,4,1008,5
2020-06-27,Stanislaus,099,539301,3748,2164,5,2169,36
2020-06-27,Sutter,101,95872,188,141,0,141,2
2020-06-27,Tehama,103,63373,90,63,2,65,1
2020-06-27,Trinity,105,12862,12,2,3,5,0
2020-06-27,Tulare,107,460477,5180,3810,4,3814,117
2020-06-27,Tuolumne,109,53932,40,13,2,15,0
2020-06-27,Ventura,111,848112,4125,2471,12,2483,40
2020-06-27,Yolo,113,214977,661,432,3,435,24
2020-06-27,Yuba,115,75493,80,39,0,39,1
2020-06-26,Alameda,001,1643700,6691,5502,7,5509,132
2020-06-26,Alpine,003,1148,2,1,0,1,0
2020-06-26,Amador,005,37829,25,20,0,20,0
2020-06-26,Butte,007,227075,242,135,7,142,2
2020-06-26,Calaveras,009,45235,44,30,0,30,0
2020-06-26,Colusa,011,21464,63,17,0,17,0
2020-06-26,Contra Costa,013,1133247,3568,2676,2,2678,72
2020-06-26,Del Norte,015,27424,57,47,0,47,0
2020-06-26,El Dorado,017,186661,257,159,0,159,0
2020-06-26,Fresno,019,978130,8816,4166,65,4231,74
2020-06-26,Glenn,021,27897,137,71,0,71,0
2020-06-26,Humboldt,023,135768,151,126,0,126,3
2020-06-26,Imperial,025,180216,7755,5400,4,5404,44
2020-06-26,Inyo,027,18085,32,29,0,29,1
2020-06-26,Kern,029,883053,7798,4366,24,4390,70
2020-06-26,Kings,031,150075,2629,2176,4,2180,18
2020-06-26,Lake,033,64148,80,42,0,42,0
2020-06-26,Lassen,035,31185,237,30,2,32,0
2020-06-26,Los Angeles,037,10098052,111161,93328,25,93353,3275
2020-06-26,Madera,039,155013,829,409,1,410,4
2020-06-26,Marin,041,260295,2566,1406,4,1410,17
2020-06-26,Mariposa,043,17540,30,21,0,21,1
2020-06-26,Mendocino,045,87422,83,63,0,63,0
2020-06-26,Merced,047,269075,1526,797,1,798,10
2020-06-26,Modoc,049,8938,1,0,0,0,0
2020-06-26,Mono,051,14174,45,35,0,35,1
2020-06-26,Monterey,053,433212,2011,1449,7,1456,12
2020-06-26,Napa,055,140530,411,277,0,277,3
2020-06-26,Nevada,057,99092,136,101,1,102,1
2020-06-26,Orange,059,3164182,21195,12659,171,12830,320
2020-06-26,Placer,061,380077,875,584,3,587,10
2020-06-26,Plumas,063,18699,11,6,0,6,0
2020-06-26,Riverside,065,2383286,22153,15858,14,15872,430
2020-06-26,Sacramento,067,1510023,3793,2687,5,2692,63
2020-06-26,San Benito,069,59416,262,176,0,176,2
2020-06-26,San Bernardino,071,2135413,17409,11111,11,11122,243
2020-06-26,San Diego,073,3302833,16125,12402,2,12404,358
2020-06-26,San Francisco,075,870044,3849,3330,1,3331,49
2020-06-26,San Joaquin,077,732212,4553,2943,4,2947,52
2020-06-26,San Luis Obispo,079,281455,760,498,4,502,1
2020-06-26,San Mateo,081,765935,3491,3055,5,3060,83
2020-06-26,Santa Barbara,083,443738,4127,2784,22,2806,25
2020-06-26,Santa Clara,085,1922200,5430,3968,10,3978,156
2020-06-26,Santa Cruz,087,273765,427,344,0,344,2
2020-06-26,Shasta,089,179085,185,86,0,86,5
2020-06-26,Sierra,091,2930,1,1,0,1,0
2020-06-26,Siskiyou,093,43540,34,24,0,24,0
2020-06-26,Solano,095,438530,1678,1068,8,1076,21
2020-06-26,Sonoma,097,501317,1359,977,4,981,5
2020-06-26,Stanislaus,099,539301,3635,2157,5,2162,36
2020-06-26,Sutter,101,95872,181,138,0,138,2
2020-06-26,Tehama,103,63373,87,63,2,65,1
2020-06-26,Trinity,105,12862,12,2,3,5,0
2020-06-26,Tulare,107,460477,5091,3720,4,3724,117
2020-06-26,Tuolumne,109,53932,38,10,2,12,0
2020-06-26,Ventura,111,848112,4039,2444,12,2456,40
2020-06-26,Yolo,113,214977,637,418,3,421,24
2020-06-26,Yuba,115,75493,74,38,0,38,1
2020-06-25,Alameda,001,1643700,6500,5398,7,5405,130
2020-06-25,Alpine,003,1148,2,1,0,1,0
2020-06-25,Amador,005,37829,24,18,0,18,0
2020-06-25,Butte,007,227075,237,127,7,134,1
2020-06-25,Calaveras,009,45235,39,26,0,26,0
2020-06-25,Colusa,011,21464,53,14,0,14,0
2020-06-25,Contra Costa,013,1133247,3383,2591,2,2593,71
2020-06-25,Del Norte,015,27424,55,47,0,47,0
2020-06-25,El Dorado,017,186661,249,150,0,150,0
2020-06-25,Fresno,019,978130,8503,3938,64,4002,71
2020-06-25,Glenn,021,27897,132,59,0,59,0
2020-06-25,Humboldt,023,135768,150,121,0,121,3
2020-06-25,Imperial,025,180216,7626,5192,4,5196,44
2020-06-25,Inyo,027,18085,29,27,0,27,1
2020-06-25,Kern,029,883053,7373,4236,21,4257,69
2020-06-25,Kings,031,150075,2577,2110,4,2114,17
2020-06-25,Lake,033,64148,79,42,0,42,0
2020-06-25,Lassen,035,31185,231,13,2,15,0
2020-06-25,Los Angeles,037,10098052,108393,91524,25,91549,3239
2020-06-25,Madera,039,155013,785,380,1,381,4
2020-06-25,Marin,041,260295,2464,1321,4,1325,17
2020-06-25,Mariposa,043,17540,29,20,0,20,1
2020-06-25,Mendocino,045,87422,80,61,0,61,0
2020-06-25,Merced,047,269075,1439,747,1,748,10
2020-06-25,Modoc,049,8938,1,0,0,0,0
2020-06-25,Mono,051,14174,44,35,0,35,1
2020-06-25,Monterey,053,433212,1923,1426,6,1432,12
2020-06-25,Napa,055,140530,393,260,0,260,3
2020-06-25,Nevada,057,99092,128,92,1,93,1
2020-06-25,Orange,059,3164182,20273,12221,169,12390,311
2020-06-25,Placer,061,380077,821,574,3,577,10
2020-06-25,Plumas,063,18699,10,6,0,6,0
2020-06-25,Riverside,065,2383286,21398,15224,14,15238,427
2020-06-25,Sacramento,067,1510023,3570,2519,5,2524,62
2020-06-25,San Benito,069,59416,254,174,0,174,2
2020-06-25,San Bernardino,071,2135413,16657,10590,11,10601,242
2020-06-25,San Diego,073,3302833,15586,11963,2,11965,352
2020-06-25,San Francisco,075,870044,3784,3252,1,3253,48
2020-06-25,San Joaquin,077,732212,4280,2803,4,2807,50
2020-06-25,San Luis Obispo,079,281455,728,473,4,477,1
2020-06-25,San Mateo,081,765935,3423,2996,5,3001,82
2020-06-25,Santa Barbara,083,443738,4020,2622,21,2643,25
2020-06-25,Santa Clara,085,1922200,5282,3871,10,3881,156
2020-06-25,Santa Cruz,087,273765,415,335,0,335,2
2020-06-25,Shasta,089,179085,175,84,0,84,5
2020-06-25,Sierra,091,2930,1,1,0,1,0
2020-06-25,Siskiyou,093,43540,33,24,0,24,0
2020-06-25,Solano,095,438530,1625,1034,8,1042,21
2020-06-25,Sonoma,097,501317,1312,953,3,956,5
2020-06-25,Stanislaus,099,539301,3423,2130,5,2135,36
2020-06-25,Sutter,101,95872,169,126,0,126,2
2020-06-25,Tehama,103,63373,83,59,2,61,1
2020-06-25,Trinity,105,12862,12,2,3,5,0
2020-06-25,Tulare,107,460477,4961,3656,4,3660,117
2020-06-25,Tuolumne,109,53932,37,10,2,12,0
2020-06-25,Ventura,111,848112,3857,2346,11,2357,40
2020-06-25,Yolo,113,214977,607,397,3,400,24
2020-06-25,Yuba,115,75493,63,38,0,38,1
2020-06-24,Alameda,001,1643700,6338,5242,7,5249,123
2020-06-24,Alpine,003,1148,2,1,0,1,0
2020-06-24,Amador,005,37829,22,16,0,16,0
2020-06-24,Butte,007,227075,221,119,7,126,1
2020-06-24,Calaveras,009,45235,37,26,0,26,0
2020-06-24,Colusa,011,21464,44,11,0,11,0
2020-06-24,Contra Costa,013,1133247,3228,2520,2,2522,66
2020-06-24,Del Norte,015,27424,49,47,0,47,0
2020-06-24,El Dorado,017,186661,233,149,0,149,0
2020-06-24,Fresno,019,978130,8172,3765,64,3829,71
2020-06-24,Glenn,021,27897,124,54,0,54,0
2020-06-24,Humboldt,023,135768,150,117,0,117,3
2020-06-24,Imperial,025,180216,7508,5138,4,5142,38
2020-06-24,Inyo,027,18085,29,28,0,28,1
2020-06-24,Kern,029,883053,6980,4155,19,4174,67
2020-06-24,Kings,031,150075,2515,2063,4,2067,16
2020-06-24,Lake,033,64148,66,40,0,40,0
2020-06-24,Lassen,035,31185,230,9,2,11,0
2020-06-24,Los Angeles,037,10098052,105634,89566,25,89591,3186
2020-06-24,Madera,039,155013,763,373,1,374,4
2020-06-24,Marin,041,260295,2236,1261,4,1265,17
2020-06-24,Mariposa,043,17540,28,19,0,19,1
2020-06-24,Mendocino,045,87422,80,60,0,60,0
2020-06-24,Merced,047,269075,1353,696,1,697,8
2020-06-24,Modoc,049,8938,1,0,0,0,0
2020-06-24,Mono,051,14174,42,35,0,35,1
2020-06-24,Monterey,053,433212,1846,1407,6,1413,12
2020-06-24,Napa,055,140530,375,258,0,258,3
2020-06-24,Nevada,057,99092,122,92,1,93,1
2020-06-24,Orange,059,3164182,19275,11804,150,11954,303
2020-06-24,Placer,061,380077,782,548,3,551,10
2020-06-24,Plumas,063,18699,10,6,0,6,0
2020-06-24,Riverside,065,2383286,20551,14946,14,14960,410
2020-06-24,Sacramento,067,1510023,3365,2446,4,2450,62
2020-06-24,San Benito,069,59416,250,171,0,171,2
2020-06-24,San Bernardino,071,2135413,15844,10211,10,10221,239
2020-06-24,San Diego,073,3302833,15083,11628,2,11630,347
2020-06-24,San Francisco,075,870044,3721,3216,1,3217,48
2020-06-24,San Joaquin,077,732212,4059,2680,4,2684,49
2020-06-24,San Luis Obispo,079,281455,696,461,3,464,1
2020-06-24,San Mateo,081,765935,3366,2964,5,2969,82
2020-06-24,Santa Barbara,083,443738,3899,2569,19,2588,22
2020-06-24,Santa Clara,085,1922200,5151,3812,10,3822,155
2020-06-24,Santa Cruz,087,273765,403,329,0,329,2
2020-06-24,Shasta,089,179085,167,83,0,83,5
2020-06-24,Sierra,091,2930,1,1,0,1,0
2020-06-24,Siskiyou,093,43540,32,24,0,24,0
2020-06-24,Solano,095,438530,1535,979,7,986,21
2020-06-24,Sonoma,097,501317,1263,933,3,936,4
2020-06-24,Stanislaus,099,539301,3244,2039,5,2044,36
2020-06-24,Sutter,101,95872,156,118,0,118,2
2020-06-24,Tehama,103,63373,81,55,2,57,1
2020-06-24,Trinity,105,12862,12,2,2,4,0
2020-06-24,Tulare,107,460477,4808,3541,4,3545,116
2020-06-24,Tuolumne,109,53932,32,9,2,11,0
2020-06-24,Ventura,111,848112,3516,2314,11,2325,42
2020-06-24,Yolo,113,214977,572,376,3,379,24
2020-06-24,Yuba,115,75493,57,37,0,37,1
2020-06-23,Alameda,001,1643700,6157,5159,7,5166,121
2020-06-23,Alpine,003,1148,2,1,0,1,0
2020-06-23,Amador,005,37829,21,13,0,13,0
2020-06-23,Butte,007,227075,203,111,7,118,1
2020-06-23,Calaveras,009,45235,37,26,0,26,0
2020-06-23,Colusa,011,21464,40,7,0,7,0
2020-06-23,Contra Costa,013,1133247,3102,2453,2,2455,60
2020-06-23,Del Norte,015,27424,48,46,0,46,0
2020-06-23,El Dorado,017,186661,224,142,0,142,0
2020-06-23,Fresno,019,978130,7522,3569,62,3631,67
2020-06-23,Glenn,021,27897,120,47,0,47,0
2020-06-23,Humboldt,023,135768,150,110,0,110,3
2020-06-23,Imperial,025,180216,7344,5025,4,5029,38
2020-06-23,Inyo,027,18085,29,26,0,26,1
2020-06-23,Kern,029,883053,6612,4087,16,4103,64
2020-06-23,Kings,031,150075,2450,1727,4,1731,16
2020-06-23,Lake,033,64148,60,40,0,40,0
2020-06-23,Lassen,035,31185,226,9,2,11,0
2020-06-23,Los Angeles,037,10098052,102695,88433,24,88457,3152
2020-06-23,Madera,039,155013,724,369,1,370,4
2020-06-23,Marin,041,260295,1968,1139,4,1143,17
2020-06-23,Mariposa,043,17540,26,18,0,18,1
2020-06-23,Mendocino,045,87422,79,61,0,61,0
2020-06-23,Merced,047,269075,1256,656,1,657,8
2020-06-23,Modoc,049,8938,1,0,0,0,0
2020-06-23,Mono,051,14174,42,35,0,35,1
2020-06-23,Monterey,053,433212,1776,1346,6,1352,12
2020-06-23,Napa,055,140530,360,230,0,230,3
2020-06-23,Nevada,057,99092,116,81,1,82,1
2020-06-23,Orange,059,3164182,18307,11071,147,11218,278
2020-06-23,Placer,061,380077,756,525,3,528,10
2020-06-23,Plumas,063,18699,9,6,0,6,0
2020-06-23,Riverside,065,2383286,19531,14469,14,14483,406
2020-06-23,Sacramento,067,1510023,3186,2374,4,2378,62
2020-06-23,San Benito,069,59416,236,167,0,167,2
2020-06-23,San Bernardino,071,2135413,15062,9771,10,9781,229
2020-06-23,San Diego,073,3302833,14563,11296,2,11298,341
2020-06-23,San Francisco,075,870044,3647,3177,1,3178,48
2020-06-23,San Joaquin,077,732212,3800,2502,4,2506,48
2020-06-23,San Luis Obispo,079,281455,665,445,3,448,1
2020-06-23,San Mateo,081,765935,3301,2907,5,2912,81
2020-06-23,Santa Barbara,083,443738,3803,2498,19,2517,22
2020-06-23,Santa Clara,085,1922200,5005,3700,10,3710,155
2020-06-23,Santa Cruz,087,273765,393,313,0,313,2
2020-06-23,Shasta,089,179085,158,81,0,81,5
2020-06-23,Sierra,091,2930,1,1,0,1,0
2020-06-23,Siskiyou,093,43540,30,24,0,24,0
2020-06-23,Solano,095,438530,1478,941,6,947,21
2020-06-23,Sonoma,097,501317,1210,912,3,915,4
2020-06-23,Stanislaus,099,539301,3067,1850,5,1855,35
2020-06-23,Sutter,101,95872,146,112,0,112,2
2020-06-23,Tehama,103,63373,79,50,2,52,1
2020-06-23,Trinity,105,12862,12,2,2,4,0
2020-06-23,Tulare,107,460477,4686,3456,4,3460,111
2020-06-23,Tuolumne,109,53932,27,9,1,10,0
2020-06-23,Ventura,111,848112,3356,2209,10,2219,40
2020-06-23,Yolo,113,214977,546,350,0,350,24
2020-06-23,Yuba,115,75493,54,35,0,35,1
2020-06-22,Alameda,001,1643700,6006,4944,7,4951,121
2020-06-22,Alpine,003,1148,2,1,0,1,0
2020-06-22,Amador,005,37829,18,12,0,12,0
2020-06-22,Butte,007,227075,184,104,7,111,1
2020-06-22,Calaveras,009,45235,35,20,0,20,0
2020-06-22,Colusa,011,21464,37,7,0,7,0
2020-06-22,Contra Costa,013,1133247,2960,2363,2,2365,60
2020-06-22,Del Norte,015,27424,48,46,0,46,0
2020-06-22,El Dorado,017,186661,215,137,0,137,0
2020-06-22,Fresno,019,978130,6989,3425,62,3487,67
2020-06-22,Glenn,021,27897,111,40,0,40,0
2020-06-22,Humboldt,023,135768,147,110,0,110,3
2020-06-22,Imperial,025,180216,7188,4700,4,4704,38
2020-06-22,Inyo,027,18085,29,26,0,26,1
2020-06-22,Kern,029,883053,6260,3982,14,3996,60
2020-06-22,Kings,031,150075,2402,1513,4,1517,13
2020-06-22,Lake,033,64148,54,37,0,37,0
2020-06-22,Lassen,035,31185,116,7,2,9,0
2020-06-22,Los Angeles,037,10098052,99798,85925,23,85948,3117
2020-06-22,Madera,039,155013,699,333,1,334,4
2020-06-22,Marin,041,260295,1711,1029,4,1033,17
2020-06-22,Mariposa,043,17540,25,18,0,18,1
2020-06-22,Mendocino,045,87422,74,48,0,48,0
2020-06-22,Merced,047,269075,1167,619,1,620,8
2020-06-22,Modoc,049,8938,1,0,0,0,0
2020-06-22,Mono,051,14174,42,34,0,34,1
2020-06-22,Monterey,053,433212,1715,1293,6,1299,12
2020-06-22,Napa,055,140530,336,222,0,222,3
2020-06-22,Nevada,057,99092,111,79,1,80,1
2020-06-22,Orange,059,3164182,17375,10711,144,10855,275
2020-06-22,Placer,061,380077,730,512,3,515,9
2020-06-22,Plumas,063,18699,7,6,0,6,0
2020-06-22,Riverside,065,2383286,18559,13948,14,13962,403
2020-06-22,Sacramento,067,1510023,2969,2243,4,2247,62
2020-06-22,San Benito,069,59416,227,164,0,164,2
2020-06-22,San Bernardino,071,2135413,14286,9133,10,9143,229
2020-06-22,San Diego,073,3302833,14071,11098,2,11100,338
2020-06-22,San Francisco,075,870044,3554,3000,1,3001,47
2020-06-22,San Joaquin,077,732212,3552,2332,4,2336,48
2020-06-22,San Luis Obispo,079,281455,632,422,3,425,1
2020-06-22,San Mateo,081,765935,3228,2813,4,2817,81
2020-06-22,Santa Barbara,083,443738,3711,2447,19,2466,21
2020-06-22,Santa Clara,085,1922200,4844,3580,10,3590,155
2020-06-22,Santa Cruz,087,273765,380,290,0,290,3
2020-06-22,Shasta,089,179085,155,77,0,77,5
2020-06-22,Sierra,091,2930,1,1,0,1,0
2020-06-22,Siskiyou,093,43540,30,23,0,23,0
2020-06-22,Solano,095,438530,1400,784,5,789,21
2020-06-22,Sonoma,097,501317,1165,860,1,861,4
2020-06-22,Stanislaus,099,539301,2882,1784,5,1789,35
2020-06-22,Sutter,101,95872,137,100,0,100,2
2020-06-22,Tehama,103,63373,75,38,2,40,1
2020-06-22,Trinity,105,12862,12,2,2,4,0
2020-06-22,Tulare,107,460477,4548,3185,4,3189,111
2020-06-22,Tuolumne,109,53932,18,8,1,9,0
2020-06-22,Ventura,111,848112,3207,2065,10,2075,39
2020-06-22,Yolo,113,214977,519,333,0,333,24
2020-06-22,Yuba,115,75493,49,36,0,36,1
2020-06-21,Alameda,001,1643700,5810,4835,7,4842,121
2020-06-21,Alpine,003,1148,2,1,0,1,0
2020-06-21,Amador,005,37829,13,12,0,12,0
2020-06-21,Butte,007,227075,170,97,7,104,1
2020-06-21,Calaveras,009,45235,35,20,0,20,0
2020-06-21,Colusa,011,21464,29,7,0,7,0
2020-06-21,Contra Costa,013,1133247,2834,2282,2,2284,60
2020-06-21,Del Norte,015,27424,47,46,0,46,0
2020-06-21,El Dorado,017,186661,206,132,0,132,0
2020-06-21,Fresno,019,978130,6417,3296,61,3357,67
2020-06-21,Glenn,021,27897,102,40,0,40,0
2020-06-21,Humboldt,023,135768,142,108,0,108,3
2020-06-21,Imperial,025,180216,7005,4701,4,4705,38
2020-06-21,Inyo,027,18085,27,26,0,26,1
2020-06-21,Kern,029,883053,5968,3918,13,3931,60
2020-06-21,Kings,031,150075,2338,1334,4,1338,11
2020-06-21,Lake,033,64148,49,36,0,36,0
2020-06-21,Lassen,035,31185,23,7,2,9,0
2020-06-21,Los Angeles,037,10098052,96917,83383,23,83406,3101
2020-06-21,Madera,039,155013,665,319,1,320,4
2020-06-21,Marin,041,260295,1554,907,4,911,17
2020-06-21,Mariposa,043,17540,22,18,0,18,1
2020-06-21,Mendocino,045,87422,71,48,0,48,0
2020-06-21,Merced,047,269075,1072,577,1,578,8
2020-06-21,Modoc,049,8938,1,0,0,0,0
2020-06-21,Mono,051,14174,42,34,0,34,1
2020-06-21,Monterey,053,433212,1642,1227,6,1233,12
2020-06-21,Napa,055,140530,321,218,0,218,3
2020-06-21,Nevada,057,99092,108,79,1,80,1
2020-06-21,Orange,059,3164182,16537,10563,140,10703,275
2020-06-21,Placer,061,380077,690,498,3,501,9
2020-06-21,Plumas,063,18699,7,6,0,6,0
2020-06-21,Riverside,065,2383286,17853,13528,13,13541,402
2020-06-21,Sacramento,067,1510023,2768,2156,4,2160,62
2020-06-21,San Benito,069,59416,213,151,0,151,2
2020-06-21,San Bernardino,071,2135413,13510,8925,9,8934,229
2020-06-21,San Diego,073,3302833,13525,10796,2,10798,338
2020-06-21,San Francisco,075,870044,3448,3000,1,3001,47
2020-06-21,San Joaquin,077,732212,3316,2188,4,2192,48
2020-06-21,San Luis Obispo,079,281455,607,418,3,421,1
2020-06-21,San Mateo,081,765935,3170,2781,4,2785,81
2020-06-21,Santa Barbara,083,443738,3604,2430,18,2448,21
2020-06-21,Santa Clara,085,1922200,4706,3514,10,3524,154
2020-06-21,Santa Cruz,087,273765,370,290,0,290,3
2020-06-21,Shasta,089,179085,145,75,0,75,5
2020-06-21,Sierra,091,2930,1,1,0,1,0
2020-06-21,Siskiyou,093,43540,30,23,0,23,0
2020-06-21,Solano,095,438530,1300,783,4,787,21
2020-06-21,Sonoma,097,501317,1115,836,1,837,4
2020-06-21,Stanislaus,099,539301,2696,1688,5,1693,35
2020-06-21,Sutter,101,95872,129,96,0,96,2
2020-06-21,Tehama,103,63373,64,35,2,37,1
2020-06-21,Trinity,105,12862,12,2,2,4,0
2020-06-21,Tulare,107,460477,4380,3173,4,3177,111
2020-06-21,Tuolumne,109,53932,16,8,1,9,0
2020-06-21,Ventura,111,848112,3029,2021,10,2031,39
2020-06-21,Yolo,113,214977,487,323,0,323,24
2020-06-21,Yuba,115,75493,45,35,0,35,1
2020-06-20,Alameda,001,1643700,5748,4758,7,4765,119
2020-06-20,Alpine,003,1148,2,1,0,1,0
2020-06-20,Amador,005,37829,13,12,0,12,0
2020-06-20,Butte,007,227075,163,94,7,101,1
2020-06-20,Calaveras,009,45235,35,20,0,20,0
2020-06-20,Colusa,011,21464,26,7,0,7,0
2020-06-20,Contra Costa,013,1133247,2775,2231,2,2233,54
2020-06-20,Del Norte,015,27424,47,46,0,46,0
2020-06-20,El Dorado,017,186661,201,130,0,130,0
2020-06-20,Fresno,019,978130,6292,3222,59,3281,67
2020-06-20,Glenn,021,27897,97,40,0,40,0
2020-06-20,Humboldt,023,135768,142,108,0,108,3
2020-06-20,Imperial,025,180216,6924,4616,4,4620,37
2020-06-20,Inyo,027,18085,27,26,0,26,1
2020-06-20,Kern,029,883053,5803,3836,13,3849,59
2020-06-20,Kings,031,150075,2314,1331,4,1335,9
2020-06-20,Lake,033,64148,49,37,0,37,0
2020-06-20,Lassen,035,31185,22,7,2,9,0
2020-06-20,Los Angeles,037,10098052,95344,81604,22,81626,3093
2020-06-20,Madera,039,155013,632,321,1,322,4
2020-06-20,Marin,041,260295,1534,879,4,883,17
2020-06-20,Mariposa,043,17540,22,18,0,18,1
2020-06-20,Mendocino,045,87422,70,48,0,48,0
2020-06-20,Merced,047,269075,1032,566,1,567,8
2020-06-20,Modoc,049,8938,1,0,0,0,0
2020-06-20,Mono,051,14174,42,34,0,34,1
2020-06-20,Monterey,053,433212,1606,1181,6,1187,12
2020-06-20,Napa,055,140530,312,212,0,212,3
2020-06-20,Nevada,057,99092,105,73,1,74,1
2020-06-20,Orange,059,3164182,16186,10284,136,10420,273
2020-06-20,Placer,061,380077,665,483,3,486,9
2020-06-20,Plumas,063,18699,6,6,0,6,0
2020-06-20,Riverside,065,2383286,17554,13021,13,13034,402
2020-06-20,Sacramento,067,1510023,2697,2069,4,2073,63
2020-06-20,San Benito,069,59416,209,139,0,139,2
2020-06-20,San Bernardino,071,2135413,13148,8718,9,8727,229
2020-06-20,San Diego,073,3302833,13202,10486,2,10488,338
2020-06-20,San Francisco,075,870044,3404,2999,1,3000,47
2020-06-20,San Joaquin,077,732212,3233,2046,4,2050,48
2020-06-20,San Luis Obispo,079,281455,594,405,3,408,1
2020-06-20,San Mateo,081,765935,3122,2755,4,2759,81
2020-06-20,Santa Barbara,083,443738,3548,2358,17,2375,21
2020-06-20,Santa Clara,085,1922200,4633,3435,10,3445,154
2020-06-20,Santa Cruz,087,273765,368,287,0,287,3
2020-06-20,Shasta,089,179085,139,66,0,66,5
2020-06-20,Sierra,091,2930,1,1,0,1,0
2020-06-20,Siskiyou,093,43540,29,22,0,22,0
2020-06-20,Solano,095,438530,1276,784,4,788,21
2020-06-20,Sonoma,097,501317,1079,806,1,807,4
2020-06-20,Stanislaus,099,539301,2588,1598,5,1603,35
2020-06-20,Sutter,101,95872,127,89,0,89,2
2020-06-20,Tehama,103,63373,62,35,2,37,1
2020-06-20,Trinity,105,12862,12,2,2,4,0
2020-06-20,Tulare,107,460477,4307,3172,4,3176,111
2020-06-20,Tuolumne,109,53932,13,8,1,9,0
2020-06-20,Ventura,111,848112,2964,1946,10,1956,37
2020-06-20,Yolo,113,214977,471,309,0,309,24
2020-06-20,Yuba,115,75493,43,34,0,34,1
2020-06-19,Alameda,001,1643700,5677,4646,7,4653,119
2020-06-19,Alpine,003,1148,2,1,0,1,0
2020-06-19,Amador,005,37829,13,12,0,12,0
2020-06-19,Butte,007,227075,158,91,7,98,1
2020-06-19,Calaveras,009,45235,34,20,0,20,0
2020-06-19,Colusa,011,21464,24,7,0,7,0
2020-06-19,Contra Costa,013,1133247,2695,2106,2,2108,54
2020-06-19,Del Norte,015,27424,47,46,0,46,0
2020-06-19,El Dorado,017,186661,192,124,0,124,0
2020-06-19,Fresno,019,978130,6130,3109,57,3166,61
2020-06-19,Glenn,021,27897,91,40,0,40,0
2020-06-19,Humboldt,023,135768,140,106,0,106,3
2020-06-19,Imperial,025,180216,6833,4504,4,4508,36
2020-06-19,Inyo,027,18085,27,26,0,26,1
2020-06-19,Kern,029,883053,5580,3742,12,3754,57
2020-06-19,Kings,031,150075,2293,1285,4,1289,9
2020-06-19,Lake,033,64148,46,36,0,36,0
2020-06-19,Lassen,035,31185,21,7,2,9,0
2020-06-19,Los Angeles,037,10098052,93364,79572,22,79594,3047
2020-06-19,Madera,039,155013,613,300,1,301,4
2020-06-19,Marin,041,260295,1505,829,4,833,17
2020-06-19,Mariposa,043,17540,21,18,0,18,1
2020-06-19,Mendocino,045,87422,69,48,0,48,0
2020-06-19,Merced,047,269075,987,529,1,530,8
2020-06-19,Modoc,049,8938,1,0,0,0,0
2020-06-19,Mono,051,14174,42,34,0,34,1
2020-06-19,Monterey,053,433212,1577,1159,6,1165,12
2020-06-19,Napa,055,140530,302,209,0,209,3
2020-06-19,Nevada,057,99092,102,71,1,72,1
2020-06-19,Orange,059,3164182,15650,9972,129,10101,260
2020-06-19,Placer,061,380077,647,464,3,467,9
2020-06-19,Plumas,063,18699,6,5,0,5,0
2020-06-19,Riverside,065,2383286,17149,12710,13,12723,398
2020-06-19,Sacramento,067,1510023,2614,1976,4,1980,64
2020-06-19,San Benito,069,59416,208,136,0,136,2
2020-06-19,San Bernardino,071,2135413,12742,8454,8,8462,226
2020-06-19,San Diego,073,3302833,12839,10352,2,10354,332
2020-06-19,San Francisco,075,870044,3349,2968,1,2969,47
2020-06-19,San Joaquin,077,732212,3110,1969,4,1973,48
2020-06-19,San Luis Obispo,079,281455,579,392,3,395,1
2020-06-19,San Mateo,081,765935,3083,2713,4,2717,81
2020-06-19,Santa Barbara,083,443738,3475,2284,15,2299,21
2020-06-19,Santa Clara,085,1922200,4559,3376,10,3386,154
2020-06-19,Santa Cruz,087,273765,358,283,0,283,3
2020-06-19,Shasta,089,179085,135,58,0,58,5
2020-06-19,Sierra,091,2930,1,1,0,1,0
2020-06-19,Siskiyou,093,43540,29,21,0,21,0
2020-06-19,Solano,095,438530,1238,755,4,759,21
2020-06-19,Sonoma,097,501317,1052,803,1,804,4
2020-06-19,Stanislaus,099,539301,2478,1549,5,1554,35
2020-06-19,Sutter,101,95872,126,89,0,89,2
2020-06-19,Tehama,103,63373,61,35,2,37,1
2020-06-19,Trinity,105,12862,12,2,2,4,0
2020-06-19,Tulare,107,460477,4236,3053,4,3057,107
2020-06-19,Tuolumne,109,53932,12,8,1,9,0
2020-06-19,Ventura,111,848112,2880,1865,10,1875,37
2020-06-19,Yolo,113,214977,452,303,0,303,24
2020-06-19,Yuba,115,75493,42,33,0,33,1
2020-06-18,Alameda,001,1643700,5547,4589,7,4596,118
2020-06-18,Alpine,003,1148,2,1,0,1,0
2020-06-18,Amador,005,37829,12,12,0,12,0
2020-06-18,Butte,007,227075,153,88,7,95,1
2020-06-18,Calaveras,009,45235,34,20,0,20,0
2020-06-18,Colusa,011,21464,20,7,0,7,0
2020-06-18,Contra Costa,013,1133247,2589,2072,2,2074,53
2020-06-18,Del Norte,015,27424,47,46,0,46,0
2020-06-18,El Dorado,017,186661,188,121,0,121,0
2020-06-18,Fresno,019,978130,5863,2947,56,3003,57
2020-06-18,Glenn,021,27897,82,35,0,35,0
2020-06-18,Humboldt,023,135768,139,106,0,106,3
2020-06-18,Imperial,025,180216,6684,4366,4,4370,36
2020-06-18,Inyo,027,18085,26,25,0,25,1
2020-06-18,Kern,029,883053,5362,3634,12,3646,57
2020-06-18,Kings,031,150075,2234,1141,4,1145,8
2020-06-18,Lake,033,64148,45,36,0,36,0
2020-06-18,Lassen,035,31185,20,5,2,7,0
2020-06-18,Los Angeles,037,10098052,91096,78244,22,78266,3009
2020-06-18,Madera,039,155013,578,288,1,289,4
2020-06-18,Marin,041,260295,1442,819,4,823,17
2020-06-18,Mariposa,043,17540,19,18,0,18,1
2020-06-18,Mendocino,045,87422,65,45,0,45,0
2020-06-18,Merced,047,269075,934,486,1,487,7
2020-06-18,Modoc,049,8938,1,0,0,0,0
2020-06-18,Mono,051,14174,42,34,0,34,1
2020-06-18,Monterey,053,433212,1509,1127,6,1133,12
2020-06-18,Napa,055,140530,287,205,0,205,3
2020-06-18,Nevada,057,99092,98,68,1,69,1
2020-06-18,Orange,059,3164182,14993,9597,111,9708,255
2020-06-18,Placer,061,380077,624,457,3,460,9
2020-06-18,Plumas,063,18699,6,5,0,5,0
2020-06-18,Riverside,065,2383286,16535,12410,13,12423,392
2020-06-18,Sacramento,067,1510023,2498,1938,4,1942,63
2020-06-18,San Benito,069,59416,202,134,0,134,2
2020-06-18,San Bernardino,071,2135413,12103,8141,8,8149,226
2020-06-18,San Diego,073,3302833,12417,10094,2,10096,331
2020-06-18,San Francisco,075,870044,3300,2951,1,2952,47
2020-06-18,San Joaquin,077,732212,2958,1908,4,1912,47
2020-06-18,San Luis Obispo,079,281455,560,378,3,381,1
2020-06-18,San Mateo,081,765935,3044,2674,4,2678,78
2020-06-18,Santa Barbara,083,443738,3401,2201,15,2216,19
2020-06-18,Santa Clara,085,1922200,4456,3338,10,3348,152
2020-06-18,Santa Cruz,087,273765,341,275,0,275,3
2020-06-18,Shasta,089,179085,124,51,0,51,4
2020-06-18,Sierra,091,2930,1,1,0,1,0
2020-06-18,Siskiyou,093,43540,29,18,0,18,0
2020-06-18,Solano,095,438530,1200,735,4,739,21
2020-06-18,Sonoma,097,501317,1010,789,1,790,4
2020-06-18,Stanislaus,099,539301,2344,1495,5,1500,35
2020-06-18,Sutter,101,95872,122,85,0,85,2
2020-06-18,Tehama,103,63373,56,31,2,33,1
2020-06-18,Trinity,105,12862,12,2,2,4,0
2020-06-18,Tulare,107,460477,4116,3005,4,3009,107
2020-06-18,Tuolumne,109,53932,11,8,1,9,0
2020-06-18,Ventura,111,848112,2754,1781,10,1791,37
2020-06-18,Yolo,113,214977,419,294,0,294,24
2020-06-18,Yuba,115,75493,41,32,0,32,1
2020-06-17,Alameda,001,1643700,5424,4485,7,4492,117
2020-06-17,Alpine,003,1148,2,1,0,1,0
2020-06-17,Amador,005,37829,11,10,0,10,0
2020-06-17,Butte,007,227075,144,81,7,88,1
2020-06-17,Calaveras,009,45235,34,20,0,20,0
2020-06-17,Colusa,011,21464,19,7,0,7,0
2020-06-17,Contra Costa,013,1133247,2492,2020,2,2022,45
2020-06-17,Del Norte,015,27424,47,45,0,45,0
2020-06-17,El Dorado,017,186661,181,116,0,116,0
2020-06-17,Fresno,019,978130,5637,2801,54,2855,56
2020-06-17,Glenn,021,27897,75,31,0,31,0
2020-06-17,Humboldt,023,135768,137,105,0,105,3
2020-06-17,Imperial,025,180216,6511,4108,4,4112,36
2020-06-17,Inyo,027,18085,25,25,0,25,1
2020-06-17,Kern,029,883053,5161,3547,12,3559,56
2020-06-17,Kings,031,150075,2204,1097,4,1101,7
2020-06-17,Lake,033,64148,44,32,0,32,0
2020-06-17,Lassen,035,31185,16,5,2,7,0
2020-06-17,Los Angeles,037,10098052,88789,77166,22,77188,2973
2020-06-17,Madera,039,155013,556,258,1,259,4
2020-06-17,Marin,041,260295,1250,771,3,774,17
2020-06-17,Mariposa,043,17540,18,18,0,18,1
2020-06-17,Mendocino,045,87422,63,42,0,42,0
2020-06-17,Merced,047,269075,862,460,1,461,7
2020-06-17,Modoc,049,8938,1,0,0,0,0
2020-06-17,Mono,051,14174,42,34,0,34,1
2020-06-17,Monterey,053,433212,1457,1077,6,1083,12
2020-06-17,Napa,055,140530,272,202,0,202,3
2020-06-17,Nevada,057,99092,94,57,1,58,1
2020-06-17,Orange,059,3164182,14387,9278,107,9385,230
2020-06-17,Placer,061,380077,604,427,3,430,9
2020-06-17,Plumas,063,18699,6,5,0,5,0
2020-06-17,Riverside,065,2383286,15899,11859,13,11872,370
2020-06-17,Sacramento,067,1510023,2391,1889,4,1893,63
2020-06-17,San Benito,069,59416,197,116,0,116,2
2020-06-17,San Bernardino,071,2135413,11551,7670,8,7678,225
2020-06-17,San Diego,073,3302833,12038,9856,2,9858,327
2020-06-17,San Francisco,075,870044,3261,2906,1,2907,46
2020-06-17,San Joaquin,077,732212,2785,1825,4,1829,46
2020-06-17,San Luis Obispo,079,281455,543,362,3,365,1
2020-06-17,San Mateo,081,765935,2997,2649,4,2653,78
2020-06-17,Santa Barbara,083,443738,3328,2147,13,2160,19
2020-06-17,Santa Clara,085,1922200,4363,3264,9,3273,148
2020-06-17,Santa Cruz,087,273765,335,265,0,265,2
2020-06-17,Shasta,089,179085,122,51,0,51,4
2020-06-17,Sierra,091,2930,1,1,0,1,0
2020-06-17,Siskiyou,093,43540,28,16,0,16,0
2020-06-17,Solano,095,438530,1150,722,4,726,21
2020-06-17,Sonoma,097,501317,985,748,1,749,4
2020-06-17,Stanislaus,099,539301,2221,1387,5,1392,35
2020-06-17,Sutter,101,95872,116,79,0,79,2
2020-06-17,Tehama,103,63373,41,24,2,26,1
2020-06-17,Trinity,105,12862,12,2,2,4,0
2020-06-17,Tulare,107,460477,4007,2882,4,2886,106
2020-06-17,Tuolumne,109,53932,11,7,1,8,0
2020-06-17,Ventura,111,848112,2654,1729,10,1739,37
2020-06-17,Yolo,113,214977,399,277,0,277,24
2020-06-17,Yuba,115,75493,40,30,0,30,1
2020-06-16,Alameda,001,1643700,5308,4428,7,4435,113
2020-06-16,Alpine,003,1148,2,1,0,1,0
2020-06-16,Amador,005,37829,11,10,0,10,0
2020-06-16,Butte,007,227075,140,79,7,86,1
2020-06-16,Calaveras,009,45235,31,19,0,19,0
2020-06-16,Colusa,011,21464,16,7,0,7,0
2020-06-16,Contra Costa,013,1133247,2401,1971,1,1972,45
2020-06-16,Del Norte,015,27424,47,45,0,45,0
2020-06-16,El Dorado,017,186661,175,115,0,115,0
2020-06-16,Fresno,019,978130,5399,2731,53,2784,50
2020-06-16,Glenn,021,27897,71,30,0,30,0
2020-06-16,Humboldt,023,135768,134,105,0,105,3
2020-06-16,Imperial,025,180216,6352,3939,4,3943,36
2020-06-16,Inyo,027,18085,25,24,0,24,1
2020-06-16,Kern,029,883053,4937,3496,12,3508,55
2020-06-16,Kings,031,150075,2158,1044,4,1048,6
2020-06-16,Lake,033,64148,44,31,0,31,0
2020-06-16,Lassen,035,31185,13,5,2,7,0
2020-06-16,Los Angeles,037,10098052,86467,75051,22,75073,2942
2020-06-16,Madera,039,155013,530,239,1,240,3
2020-06-16,Marin,041,260295,1197,725,3,728,17
2020-06-16,Mariposa,043,17540,18,17,0,17,1
2020-06-16,Mendocino,045,87422,62,35,0,35,0
2020-06-16,Merced,047,269075,814,436,1,437,7
2020-06-16,Modoc,049,8938,1,0,0,0,0
2020-06-16,Mono,051,14174,42,34,0,34,1
2020-06-16,Monterey,053,433212,1409,1019,6,1025,12
2020-06-16,Napa,055,140530,257,196,0,196,3
2020-06-16,Nevada,057,99092,91,53,1,54,1
2020-06-16,Orange,059,3164182,13802,9163,103,9266,223
2020-06-16,Placer,061,380077,572,392,3,395,9
2020-06-16,Plumas,063,18699,6,5,0,5,0
2020-06-16,Riverside,065,2383286,15224,11638,13,11651,364
2020-06-16,Sacramento,067,1510023,2282,1825,4,1829,60
2020-06-16,San Benito,069,59416,189,110,0,110,2
2020-06-16,San Bernardino,071,2135413,11008,7463,7,7470,225
2020-06-16,San Diego,073,3302833,11676,9732,1,9733,323
2020-06-16,San Francisco,075,870044,3210,2893,1,2894,46
2020-06-16,San Joaquin,077,732212,2632,1718,4,1722,47
2020-06-16,San Luis Obispo,079,281455,519,343,3,346,1
2020-06-16,San Mateo,081,765935,2943,2618,4,2622,77
2020-06-16,Santa Barbara,083,443738,3261,2090,13,2103,16
2020-06-16,Santa Clara,085,1922200,4253,3228,8,3236,148
2020-06-16,Santa Cruz,087,273765,319,257,0,257,2
2020-06-16,Shasta,089,179085,113,51,0,51,4
2020-06-16,Sierra,091,2930,1,1,0,1,0
2020-06-16,Siskiyou,093,43540,27,15,0,15,0
2020-06-16,Solano,095,438530,1060,694,4,698,19
2020-06-16,Sonoma,097,501317,953,739,1,740,4
2020-06-16,Stanislaus,099,539301,2068,1278,5,1283,36
2020-06-16,Sutter,101,95872,109,73,0,73,2
2020-06-16,Tehama,103,63373,37,24,2,26,1
2020-06-16,Trinity,105,12862,12,2,2,4,0
2020-06-16,Tulare,107,460477,3889,2802,4,2806,96
2020-06-16,Tuolumne,109,53932,11,7,1,8,0
2020-06-16,Ventura,111,848112,2553,1676,10,1686,37
2020-06-16,Yolo,113,214977,375,262,0,262,24
2020-06-16,Yuba,115,75493,39,29,0,29,1
2020-06-15,Alameda,001,1643700,5182,4323,7,4330,112
2020-06-15,Alpine,003,1148,2,1,0,1,0
2020-06-15,Amador,005,37829,11,10,0,10,0
2020-06-15,Butte,007,227075,132,78,7,85,1
2020-06-15,Calaveras,009,45235,31,18,0,18,0
2020-06-15,Colusa,011,21464,14,7,0,7,0
2020-06-15,Contra Costa,013,1133247,2324,1918,1,1919,43
2020-06-15,Del Norte,015,27424,47,45,0,45,0
2020-06-15,El Dorado,017,186661,165,114,0,114,0
2020-06-15,Fresno,019,978130,5186,2616,52,2668,48
2020-06-15,Glenn,021,27897,66,21,0,21,0
2020-06-15,Humboldt,023,135768,132,105,0,105,3
2020-06-15,Imperial,025,180216,6177,3726,4,3730,36
2020-06-15,Inyo,027,18085,25,23,0,23,1
2020-06-15,Kern,029,883053,4713,3417,12,3429,55
2020-06-15,Kings,031,150075,2081,1022,4,1026,6
2020-06-15,Lake,033,64148,44,31,0,31,0
2020-06-15,Lassen,035,31185,13,5,2,7,0
2020-06-15,Los Angeles,037,10098052,84278,73705,22,73727,2908
2020-06-15,Madera,039,155013,508,203,1,204,3
2020-06-15,Marin,041,260295,1030,708,3,711,17
2020-06-15,Mariposa,043,17540,18,17,0,17,1
2020-06-15,Mendocino,045,87422,53,33,0,33,0
2020-06-15,Merced,047,269075,768,414,1,415,7
2020-06-15,Modoc,049,8938,1,0,0,0,0
2020-06-15,Mono,051,14174,42,34,0,34,1
2020-06-15,Monterey,053,433212,1343,998,6,1004,12
2020-06-15,Napa,055,140530,249,187,0,187,3
2020-06-15,Nevada,057,99092,85,52,1,53,1
2020-06-15,Orange,059,3164182,13232,8944,94,9038,212
2020-06-15,Placer,061,380077,550,386,3,389,9
2020-06-15,Plumas,063,18699,6,4,0,4,0
2020-06-15,Riverside,065,2383286,14606,11376,13,11389,364
2020-06-15,Sacramento,067,1510023,2166,1791,4,1795,60
2020-06-15,San Benito,069,59416,183,108,0,108,2
2020-06-15,San Bernardino,071,2135413,10504,7189,7,7196,224
2020-06-15,San Diego,073,3302833,11336,9612,1,9613,320
2020-06-15,San Francisco,075,870044,3166,2833,1,2834,45
2020-06-15,San Joaquin,077,732212,2496,1667,4,1671,43
2020-06-15,San Luis Obispo,079,281455,504,332,3,335,1
2020-06-15,San Mateo,081,765935,2896,2591,4,2595,75
2020-06-15,Santa Barbara,083,443738,3191,2054,13,2067,16
2020-06-15,Santa Clara,085,1922200,4154,3204,8,3212,148
2020-06-15,Santa Cruz,087,273765,308,254,0,254,2
2020-06-15,Shasta,089,179085,107,50,0,50,4
2020-06-15,Sierra,091,2930,1,1,0,1,0
2020-06-15,Siskiyou,093,43540,26,14,0,14,0
2020-06-15,Solano,095,438530,1000,638,4,642,19
2020-06-15,Sonoma,097,501317,924,726,1,727,4
2020-06-15,Stanislaus,099,539301,1951,1253,5,1258,35
2020-06-15,Sutter,101,95872,99,71,0,71,2
2020-06-15,Tehama,103,63373,37,17,2,19,1
2020-06-15,Trinity,105,12862,11,2,2,4,0
2020-06-15,Tulare,107,460477,3775,2662,4,2666,96
2020-06-15,Tuolumne,109,53932,10,7,1,8,0
2020-06-15,Ventura,111,848112,2472,1656,10,1666,37
2020-06-15,Yolo,113,214977,355,255,0,255,24
2020-06-15,Yuba,115,75493,39,28,0,28,1
2020-06-14,Alameda,001,1643700,5037,4271,7,4278,112
2020-06-14,Alpine,003,1148,2,1,0,1,0
2020-06-14,Amador,005,37829,11,10,0,10,0
2020-06-14,Butte,007,227075,124,78,7,85,1
2020-06-14,Calaveras,009,45235,30,18,0,18,0
2020-06-14,Colusa,011,21464,13,7,0,7,0
2020-06-14,Contra Costa,013,1133247,2255,1893,1,1894,43
2020-06-14,Del Norte,015,27424,47,45,0,45,0
2020-06-14,El Dorado,017,186661,161,110,0,110,0
2020-06-14,Fresno,019,978130,5001,2585,51,2636,48
2020-06-14,Glenn,021,27897,51,21,0,21,0
2020-06-14,Humboldt,023,135768,128,105,0,105,3
2020-06-14,Imperial,025,180216,5946,3730,4,3734,36
2020-06-14,Inyo,027,18085,24,23,0,23,1
2020-06-14,Kern,029,883053,4502,3328,12,3340,55
2020-06-14,Kings,031,150075,2030,1022,4,1026,6
2020-06-14,Lake,033,64148,41,31,0,31,0
2020-06-14,Lassen,035,31185,13,5,2,7,0
2020-06-14,Los Angeles,037,10098052,81951,72932,22,72954,2887
2020-06-14,Madera,039,155013,489,203,1,204,3
2020-06-14,Marin,041,260295,865,689,2,691,17
2020-06-14,Mariposa,043,17540,18,16,0,16,1
2020-06-14,Mendocino,045,87422,50,33,0,33,0
2020-06-14,Merced,047,269075,717,403,1,404,7
2020-06-14,Modoc,049,8938,1,0,0,0,0
2020-06-14,Mono,051,14174,42,34,0,34,1
2020-06-14,Monterey,053,433212,1282,949,6,955,12
2020-06-14,Napa,055,140530,227,181,0,181,3
2020-06-14,Nevada,057,99092,81,52,1,53,1
2020-06-14,Orange,059,3164182,12806,8744,90,8834,211
2020-06-14,Placer,061,380077,524,369,3,372,9
2020-06-14,Plumas,063,18699,5,4,0,4,0
2020-06-14,Riverside,065,2383286,14164,11218,13,11231,364
2020-06-14,Sacramento,067,1510023,2079,1750,4,1754,60
2020-06-14,San Benito,069,59416,172,104,0,104,2
2020-06-14,San Bernardino,071,2135413,9963,7015,7,7022,224
2020-06-14,San Diego,073,3302833,10961,9442,1,9443,319
2020-06-14,San Francisco,075,870044,3126,2834,1,2835,45
2020-06-14,San Joaquin,077,732212,2345,1603,4,1607,43
2020-06-14,San Luis Obispo,079,281455,489,330,3,333,1
2020-06-14,San Mateo,081,765935,2838,2571,4,2575,75
2020-06-14,Santa Barbara,083,443738,3113,2049,13,2062,17
2020-06-14,Santa Clara,085,1922200,4059,3178,8,3186,148
2020-06-14,Santa Cruz,087,273765,294,254,0,254,2
2020-06-14,Shasta,089,179085,101,48,0,48,4
2020-06-14,Sierra,091,2930,1,1,0,1,0
2020-06-14,Siskiyou,093,43540,25,13,0,13,0
2020-06-14,Solano,095,438530,951,638,4,642,19
2020-06-14,Sonoma,097,501317,896,724,1,725,4
2020-06-14,Stanislaus,099,539301,1803,1159,5,1164,35
2020-06-14,Sutter,101,95872,94,63,0,63,2
2020-06-14,Tehama,103,63373,34,17,2,19,1
2020-06-14,Trinity,105,12862,11,2,2,4,0
2020-06-14,Tulare,107,460477,3643,2646,4,2650,96
2020-06-14,Tuolumne,109,53932,10,7,1,8,0
2020-06-14,Ventura,111,848112,2373,1610,9,1619,37
2020-06-14,Yolo,113,214977,339,254,0,254,24
2020-06-14,Yuba,115,75493,38,28,0,28,1
2020-06-13,Alameda,001,1643700,4974,4196,7,4203,112
2020-06-13,Alpine,003,1148,2,1,0,1,0
2020-06-13,Amador,005,37829,10,10,0,10,0
2020-06-13,Butte,007,227075,115,72,7,79,1
2020-06-13,Calaveras,009,45235,28,18,0,18,0
2020-06-13,Colusa,011,21464,12,7,0,7,0
2020-06-13,Contra Costa,013,1133247,2219,1868,1,1869,43
2020-06-13,Del Norte,015,27424,47,45,0,45,0
2020-06-13,El Dorado,017,186661,157,110,0,110,0
2020-06-13,Fresno,019,978130,4903,2499,51,2550,48
2020-06-13,Glenn,021,27897,49,21,0,21,0
2020-06-13,Humboldt,023,135768,127,104,0,104,3
2020-06-13,Imperial,025,180216,5873,3646,4,3650,36
2020-06-13,Inyo,027,18085,24,23,0,23,1
2020-06-13,Kern,029,883053,4393,3239,12,3251,55
2020-06-13,Kings,031,150075,2010,1023,4,1027,6
2020-06-13,Lake,033,64148,40,29,0,29,0
2020-06-13,Lassen,035,31185,13,5,2,7,0
2020-06-13,Los Angeles,037,10098052,80913,71938,21,71959,2874
2020-06-13,Madera,039,155013,485,203,1,204,3
2020-06-13,Marin,041,260295,834,677,2,679,17
2020-06-13,Mariposa,043,17540,18,16,0,16,1
2020-06-13,Mendocino,045,87422,50,33,0,33,0
2020-06-13,Merced,047,269075,699,376,1,377,7
2020-06-13,Modoc,049,8938,1,0,0,0,0
2020-06-13,Mono,051,14174,42,35,0,35,1
2020-06-13,Monterey,053,433212,1244,900,6,906,11
2020-06-13,Napa,055,140530,224,171,0,171,3
2020-06-13,Nevada,057,99092,79,52,1,53,1
2020-06-13,Orange,059,3164182,12561,8581,86,8667,211
2020-06-13,Placer,061,380077,507,346,3,349,9
2020-06-13,Plumas,063,18699,5,4,0,4,0
2020-06-13,Riverside,065,2383286,13885,10931,13,10944,364
2020-06-13,Sacramento,067,1510023,2025,1713,4,1717,60
2020-06-13,San Benito,069,59416,165,99,0,99,2
2020-06-13,San Bernardino,071,2135413,9738,6885,7,6892,224
2020-06-13,San Diego,073,3302833,10789,9316,1,9317,319
2020-06-13,San Francisco,075,870044,3106,2834,1,2835,44
2020-06-13,San Joaquin,077,732212,2264,1461,4,1465,43
2020-06-13,San Luis Obispo,079,281455,478,326,3,329,1
2020-06-13,San Mateo,081,765935,2815,2551,4,2555,75
2020-06-13,Santa Barbara,083,443738,3055,1999,13,2012,15
2020-06-13,Santa Clara,085,1922200,4017,3141,8,3149,148
2020-06-13,Santa Cruz,087,273765,288,254,0,254,2
2020-06-13,Shasta,089,179085,99,48,0,48,4
2020-06-13,Sierra,091,2930,1,1,0,1,0
2020-06-13,Siskiyou,093,43540,25,13,0,13,0
2020-06-13,Solano,095,438530,923,637,4,641,19
2020-06-13,Sonoma,097,501317,881,711,1,712,4
2020-06-13,Stanislaus,099,539301,1746,1122,5,1127,33
2020-06-13,Sutter,101,95872,93,62,0,62,2
2020-06-13,Tehama,103,63373,33,17,2,19,1
2020-06-13,Trinity,105,12862,11,2,2,4,0
2020-06-13,Tulare,107,460477,3611,2626,4,2630,96
2020-06-13,Tuolumne,109,53932,9,7,1,8,0
2020-06-13,Ventura,111,848112,2327,1567,9,1576,37
2020-06-13,Yolo,113,214977,318,251,0,251,24
2020-06-13,Yuba,115,75493,38,28,0,28,1
2020-06-12,Alameda,001,1643700,4901,4167,7,4174,109
2020-06-12,Alpine,003,1148,2,1,0,1,0
2020-06-12,Amador,005,37829,10,10,0,10,0
2020-06-12,Butte,007,227075,111,71,7,78,1
2020-06-12,Calaveras,009,45235,25,18,0,18,0
2020-06-12,Colusa,011,21464,12,7,0,7,0
2020-06-12,Contra Costa,013,1133247,2182,1827,1,1828,43
2020-06-12,Del Norte,015,27424,47,45,0,45,0
2020-06-12,El Dorado,017,186661,157,110,0,110,0
2020-06-12,Fresno,019,978130,4766,2428,51,2479,47
2020-06-12,Glenn,021,27897,46,21,0,21,0
2020-06-12,Humboldt,023,135768,125,105,0,105,3
2020-06-12,Imperial,025,180216,5789,3543,4,3547,36
2020-06-12,Inyo,027,18085,24,23,0,23,1
2020-06-12,Kern,029,883053,4276,3152,12,3164,54
2020-06-12,Kings,031,150075,1997,987,4,991,6
2020-06-12,Lake,033,64148,39,29,0,29,0
2020-06-12,Lassen,035,31185,13,5,2,7,0
2020-06-12,Los Angeles,037,10098052,79507,70385,21,70406,2814
2020-06-12,Madera,039,155013,460,187,1,188,3
2020-06-12,Marin,041,260295,831,649,2,651,17
2020-06-12,Mariposa,043,17540,18,16,0,16,1
2020-06-12,Mendocino,045,87422,50,33,0,33,0
2020-06-12,Merced,047,269075,665,372,1,373,7
2020-06-12,Modoc,049,8938,1,0,0,0,0
2020-06-12,Mono,051,14174,39,35,0,35,1
2020-06-12,Monterey,053,433212,1203,864,5,869,11
2020-06-12,Napa,055,140530,221,162,0,162,3
2020-06-12,Nevada,057,99092,73,52,1,53,1
2020-06-12,Orange,059,3164182,12255,8440,85,8525,203
2020-06-12,Placer,061,380077,490,333,3,336,9
2020-06-12,Plumas,063,18699,5,4,0,4,0
2020-06-12,Riverside,065,2383286,13548,10616,13,10629,364
2020-06-12,Sacramento,067,1510023,1970,1702,4,1706,60
2020-06-12,San Benito,069,59416,158,96,0,96,2
2020-06-12,San Bernardino,071,2135413,9470,6707,7,6714,223
2020-06-12,San Diego,073,3302833,10619,9132,1,9133,313
2020-06-12,San Francisco,075,870044,3072,2823,1,2824,44
2020-06-12,San Joaquin,077,732212,2184,1406,4,1410,43
2020-06-12,San Luis Obispo,079,281455,462,321,3,324,1
2020-06-12,San Mateo,081,765935,2780,2533,4,2537,75
2020-06-12,Santa Barbara,083,443738,3000,1969,13,1982,14
2020-06-12,Santa Clara,085,1922200,3973,3099,8,3107,149
2020-06-12,Santa Cruz,087,273765,280,251,0,251,2
2020-06-12,Shasta,089,179085,92,48,0,48,5
2020-06-12,Sierra,091,2930,1,1,0,1,0
2020-06-12,Siskiyou,093,43540,25,13,0,13,0
2020-06-12,Solano,095,438530,909,620,4,624,19
2020-06-12,Sonoma,097,501317,862,696,1,697,4
2020-06-12,Stanislaus,099,539301,1687,1092,5,1097,33
2020-06-12,Sutter,101,95872,92,56,0,56,2
2020-06-12,Tehama,103,63373,32,13,2,15,1
2020-06-12,Trinity,105,12862,11,2,2,4,0
2020-06-12,Tulare,107,460477,3557,2552,4,2556,95
2020-06-12,Tuolumne,109,53932,9,7,1,8,0
2020-06-12,Ventura,111,848112,2275,1534,9,1543,35
2020-06-12,Yolo,113,214977,306,243,0,243,24
2020-06-12,Yuba,115,75493,36,27,0,27,1
2020-06-11,Alameda,001,1643700,4771,4073,6,4079,108
2020-06-11,Alpine,003,1148,2,1,0,1,0
2020-06-11,Amador,005,37829,9,10,0,10,0
2020-06-11,Butte,007,227075,105,72,7,79,1
2020-06-11,Calaveras,009,45235,24,16,0,16,0
2020-06-11,Colusa,011,21464,12,7,0,7,0
2020-06-11,Contra Costa,013,1133247,2129,1797,1,1798,43
2020-06-11,Del Norte,015,27424,47,45,0,45,0
2020-06-11,El Dorado,017,186661,149,109,0,109,0
2020-06-11,Fresno,019,978130,4611,2338,51,2389,45
2020-06-11,Glenn,021,27897,42,21,0,21,0
2020-06-11,Humboldt,023,135768,121,113,0,113,3
2020-06-11,Imperial,025,180216,5633,3463,4,3467,36
2020-06-11,Inyo,027,18085,22,23,0,23,1
2020-06-11,Kern,029,883053,4124,3047,10,3057,54
2020-06-11,Kings,031,150075,1964,963,4,967,6
2020-06-11,Lake,033,64148,39,28,0,28,0
2020-06-11,Lassen,035,31185,13,5,2,7,0
2020-06-11,Los Angeles,037,10098052,77840,68807,20,68827,2800
2020-06-11,Madera,039,155013,442,178,1,179,3
2020-06-11,Marin,041,260295,783,637,2,639,17
2020-06-11,Mariposa,043,17540,18,16,0,16,1
2020-06-11,Mendocino,045,87422,41,35,0,35,0
2020-06-11,Merced,047,269075,625,370,1,371,7
2020-06-11,Modoc,049,8938,1,0,0,0,0
2020-06-11,Mono,051,14174,39,35,0,35,1
2020-06-11,Monterey,053,433212,1156,813,5,818,11
2020-06-11,Napa,055,140530,212,162,0,162,3
2020-06-11,Nevada,057,99092,67,50,1,51,1
2020-06-11,Orange,059,3164182,11946,8304,84,8388,188
2020-06-11,Placer,061,380077,471,321,3,324,9
2020-06-11,Plumas,063,18699,5,4,0,4,0
2020-06-11,Riverside,065,2383286,13195,10014,13,10027,361
2020-06-11,Sacramento,067,1510023,1922,1669,4,1673,60
2020-06-11,San Benito,069,59416,152,94,0,94,2
2020-06-11,San Bernardino,071,2135413,9173,6509,7,6516,221
2020-06-11,San Diego,073,3302833,10389,9000,0,9000,308
2020-06-11,San Francisco,075,870044,3043,2766,1,2767,44
2020-06-11,San Joaquin,077,732212,2072,1351,4,1355,43
2020-06-11,San Luis Obispo,079,281455,448,307,3,310,1
2020-06-11,San Mateo,081,765935,2742,2499,4,2503,74
2020-06-11,Santa Barbara,083,443738,2934,1895,13,1908,14
2020-06-11,Santa Clara,085,1922200,3906,3049,8,3057,149
2020-06-11,Santa Cruz,087,273765,276,247,0,247,2
2020-06-11,Shasta,089,179085,85,47,0,47,5
2020-06-11,Sierra,091,2930,1,1,0,1,0
2020-06-11,Siskiyou,093,43540,25,14,0,14,0
2020-06-11,Solano,095,438530,883,616,4,620,19
2020-06-11,Sonoma,097,501317,839,682,1,683,4
2020-06-11,Stanislaus,099,539301,1596,1062,5,1067,30
2020-06-11,Sutter,101,95872,89,56,0,56,2
2020-06-11,Tehama,103,63373,27,10,2,12,1
2020-06-11,Trinity,105,12862,9,2,2,4,0
2020-06-11,Tulare,107,460477,3458,2473,4,2477,95
2020-06-11,Tuolumne,109,53932,9,7,1,8,0
2020-06-11,Ventura,111,848112,2198,1491,8,1499,34
2020-06-11,Yolo,113,214977,298,230,0,230,24
2020-06-11,Yuba,115,75493,36,27,0,27,1
2020-06-10,Alameda,001,1643700,4671,4027,5,4032,107
2020-06-10,Alpine,003,1148,2,1,0,1,0
2020-06-10,Amador,005,37829,9,10,0,10,0
2020-06-10,Butte,007,227075,102,71,7,78,1
2020-06-10,Calaveras,009,45235,24,16,0,16,0
2020-06-10,Colusa,011,21464,11,7,0,7,0
2020-06-10,Contra Costa,013,1133247,2085,1778,1,1779,43
2020-06-10,Del Norte,015,27424,47,45,0,45,0
2020-06-10,El Dorado,017,186661,146,109,0,109,0
2020-06-10,Fresno,019,978130,4435,2324,51,2375,45
2020-06-10,Glenn,021,27897,39,21,0,21,0
2020-06-10,Humboldt,023,135768,117,112,0,112,3
2020-06-10,Imperial,025,180216,5485,3454,4,3458,36
2020-06-10,Inyo,027,18085,22,23,0,23,1
2020-06-10,Kern,029,883053,3999,3000,9,3009,54
2020-06-10,Kings,031,150075,1917,952,3,955,6
2020-06-10,Lake,033,64148,39,28,0,28,0
2020-06-10,Lassen,035,31185,13,5,2,7,0
2020-06-10,Los Angeles,037,10098052,76319,67018,20,67038,2752
2020-06-10,Madera,039,155013,428,176,1,177,3
2020-06-10,Marin,041,260295,752,633,2,635,17
2020-06-10,Mariposa,043,17540,17,16,0,16,1
2020-06-10,Mendocino,045,87422,40,35,0,35,0
2020-06-10,Merced,047,269075,592,370,1,371,7
2020-06-10,Modoc,049,8938,1,0,0,0,0
2020-06-10,Mono,051,14174,39,35,0,35,1
2020-06-10,Monterey,053,433212,1102,791,5,796,11
2020-06-10,Napa,055,140530,209,159,0,159,3
2020-06-10,Nevada,057,99092,65,50,1,51,1
2020-06-10,Orange,059,3164182,11670,8222,81,8303,184
2020-06-10,Placer,061,380077,446,309,3,312,9
2020-06-10,Plumas,063,18699,5,4,0,4,0
2020-06-10,Riverside,065,2383286,12872,9857,13,9870,361
2020-06-10,Sacramento,067,1510023,1883,1643,2,1645,59
2020-06-10,San Benito,069,59416,143,94,0,94,2
2020-06-10,San Bernardino,071,2135413,8881,6438,7,6445,219
2020-06-10,San Diego,073,3302833,10225,8839,0,8839,305
2020-06-10,San Francisco,075,870044,3018,2774,1,2775,44
2020-06-10,San Joaquin,077,732212,1943,1282,4,1286,41
2020-06-10,San Luis Obispo,079,281455,429,306,3,309,1
2020-06-10,San Mateo,081,765935,2702,2492,4,2496,74
2020-06-10,Santa Barbara,083,443738,2878,1878,13,1891,13
2020-06-10,Santa Clara,085,1922200,3855,3032,8,3040,149
2020-06-10,Santa Cruz,087,273765,272,242,0,242,2
2020-06-10,Shasta,089,179085,80,45,0,45,5
2020-06-10,Sierra,091,2930,1,1,0,1,0
2020-06-10,Siskiyou,093,43540,25,14,0,14,0
2020-06-10,Solano,095,438530,847,608,4,612,19
2020-06-10,Sonoma,097,501317,821,673,1,674,4
2020-06-10,Stanislaus,099,539301,1506,1030,5,1035,29
2020-06-10,Sutter,101,95872,88,56,0,56,2
2020-06-10,Tehama,103,63373,25,10,2,12,1
2020-06-10,Trinity,105,12862,9,2,2,4,0
2020-06-10,Tulare,107,460477,3366,2455,4,2459,95
2020-06-10,Tuolumne,109,53932,9,7,1,8,0
2020-06-10,Ventura,111,848112,2152,1446,7,1453,34
2020-06-10,Yolo,113,214977,290,226,0,226,24
2020-06-10,Yuba,115,75493,35,27,0,27,1
2020-06-09,Alameda,001,1643700,4561,3963,5,3968,103
2020-06-09,Alpine,003,1148,2,1,0,1,0
2020-06-09,Amador,005,37829,9,10,0,10,0
2020-06-09,Butte,007,227075,101,70,6,76,1
2020-06-09,Calaveras,009,45235,24,16,0,16,0
2020-06-09,Colusa,011,21464,10,7,0,7,0
2020-06-09,Contra Costa,013,1133247,2044,1744,1,1745,42
2020-06-09,Del Norte,015,27424,47,45,0,45,0
2020-06-09,El Dorado,017,186661,137,108,0,108,0
2020-06-09,Fresno,019,978130,4283,2278,51,2329,43
2020-06-09,Glenn,021,27897,38,19,0,19,0
2020-06-09,Humboldt,023,135768,115,113,0,113,2
2020-06-09,Imperial,025,180216,5333,3067,4,3071,36
2020-06-09,Inyo,027,18085,22,22,0,22,1
2020-06-09,Kern,029,883053,3871,2920,9,2929,51
2020-06-09,Kings,031,150075,1885,934,3,937,6
2020-06-09,Lake,033,64148,39,28,0,28,0
2020-06-09,Lassen,035,31185,13,5,2,7,0
2020-06-09,Los Angeles,037,10098052,74661,65827,20,65847,2692
2020-06-09,Madera,039,155013,413,172,1,173,3
2020-06-09,Marin,041,260295,716,616,2,618,17
2020-06-09,Mariposa,043,17540,17,16,0,16,1
2020-06-09,Mendocino,045,87422,36,35,0,35,0
2020-06-09,Merced,047,269075,563,349,1,350,7
2020-06-09,Modoc,049,8938,1,0,0,0,0
2020-06-09,Mono,051,14174,39,35,0,35,1
2020-06-09,Monterey,053,433212,1061,772,5,777,11
2020-06-09,Napa,055,140530,199,156,0,156,3
2020-06-09,Nevada,057,99092,57,50,1,51,1
2020-06-09,Orange,059,3164182,11427,7991,79,8070,174
2020-06-09,Placer,061,380077,433,301,3,304,9
2020-06-09,Plumas,063,18699,5,4,0,4,0
2020-06-09,Riverside,065,2383286,12494,9511,13,9524,354
2020-06-09,Sacramento,067,1510023,1829,1625,2,1627,59
2020-06-09,San Benito,069,59416,137,95,0,95,2
2020-06-09,San Bernardino,071,2135413,8557,6268,6,6274,217
2020-06-09,San Diego,073,3302833,10040,8731,0,8731,301
2020-06-09,San Francisco,075,870044,2993,2749,1,2750,44
2020-06-09,San Joaquin,077,732212,1837,1240,4,1244,41
2020-06-09,San Luis Obispo,079,281455,416,301,2,303,1
2020-06-09,San Mateo,081,765935,2671,2463,4,2467,74
2020-06-09,Santa Barbara,083,443738,2814,1854,13,1867,13
2020-06-09,Santa Clara,085,1922200,3787,3006,8,3014,147
2020-06-09,Santa Cruz,087,273765,266,237,0,237,2
2020-06-09,Shasta,089,179085,76,44,0,44,4
2020-06-09,Sierra,091,2930,1,1,0,1,0
2020-06-09,Siskiyou,093,43540,20,10,0,10,0
2020-06-09,Solano,095,438530,812,596,4,600,18
2020-06-09,Sonoma,097,501317,798,661,1,662,4
2020-06-09,Stanislaus,099,539301,1405,993,5,998,25
2020-06-09,Sutter,101,95872,85,56,0,56,2
2020-06-09,Tehama,103,63373,25,9,2,11,1
2020-06-09,Trinity,105,12862,8,2,2,4,0
2020-06-09,Tulare,107,460477,3300,2393,4,2397,91
2020-06-09,Tuolumne,109,53932,9,8,1,9,0
2020-06-09,Ventura,111,848112,2086,1407,7,1414,34
2020-06-09,Yolo,113,214977,279,226,0,226,24
2020-06-09,Yuba,115,75493,34,27,0,27,1
2020-06-08,Alameda,001,1643700,4481,3937,5,3942,103
2020-06-08,Alpine,003,1148,2,1,0,1,0
2020-06-08,Amador,005,37829,9,10,0,10,0
2020-06-08,Butte,007,227075,97,68,6,74,1
2020-06-08,Calaveras,009,45235,24,16,0,16,0
2020-06-08,Colusa,011,21464,9,7,0,7,0
2020-06-08,Contra Costa,013,1133247,2001,1714,1,1715,41
2020-06-08,Del Norte,015,27424,47,45,0,45,0
2020-06-08,El Dorado,017,186661,133,107,0,107,0
2020-06-08,Fresno,019,978130,4159,2194,50,2244,42
2020-06-08,Glenn,021,27897,36,17,0,17,0
2020-06-08,Humboldt,023,135768,115,112,0,112,2
2020-06-08,Imperial,025,180216,5181,3051,4,3055,21
2020-06-08,Inyo,027,18085,22,22,0,22,1
2020-06-08,Kern,029,883053,3740,2853,8,2861,49
2020-06-08,Kings,031,150075,1809,892,3,895,6
2020-06-08,Lake,033,64148,39,28,0,28,0
2020-06-08,Lassen,035,31185,13,4,2,6,0
2020-06-08,Los Angeles,037,10098052,73199,64634,20,64654,2640
2020-06-08,Madera,039,155013,383,154,1,155,3
2020-06-08,Marin,041,260295,675,596,2,598,17
2020-06-08,Mariposa,043,17540,16,16,0,16,1
2020-06-08,Mendocino,045,87422,34,32,0,32,0
2020-06-08,Merced,047,269075,529,331,1,332,7
2020-06-08,Modoc,049,8938,1,0,0,0,0
2020-06-08,Mono,051,14174,39,35,0,35,1
2020-06-08,Monterey,053,433212,1010,751,4,755,10
2020-06-08,Napa,055,140530,183,151,0,151,3
2020-06-08,Nevada,057,99092,56,50,1,51,1
2020-06-08,Orange,059,3164182,11176,7786,77,7863,160
2020-06-08,Placer,061,380077,416,290,3,293,9
2020-06-08,Plumas,063,18699,5,4,0,4,0
2020-06-08,Riverside,065,2383286,12125,9246,13,9259,347
2020-06-08,Sacramento,067,1510023,1779,1591,2,1593,59
2020-06-08,San Benito,069,59416,130,93,0,93,2
2020-06-08,San Bernardino,071,2135413,8236,6122,6,6128,214
2020-06-08,San Diego,073,3302833,9883,8621,0,8621,296
2020-06-08,San Francisco,075,870044,2966,2715,1,2716,43
2020-06-08,San Joaquin,077,732212,1730,1198,4,1202,40
2020-06-08,San Luis Obispo,079,281455,410,300,2,302,1
2020-06-08,San Mateo,081,765935,2640,2431,3,2434,74
2020-06-08,Santa Barbara,083,443738,2747,1824,11,1835,13
2020-06-08,Santa Clara,085,1922200,3741,2971,8,2979,146
2020-06-08,Santa Cruz,087,273765,265,234,0,234,2
2020-06-08,Shasta,089,179085,72,43,0,43,4
2020-06-08,Sierra,091,2930,1,1,0,1,0
2020-06-08,Siskiyou,093,43540,20,8,0,8,0
2020-06-08,Solano,095,438530,785,560,4,564,19
2020-06-08,Sonoma,097,501317,782,654,1,655,4
2020-06-08,Stanislaus,099,539301,1323,956,5,961,28
2020-06-08,Sutter,101,95872,78,55,0,55,2
2020-06-08,Tehama,103,63373,19,8,2,10,1
2020-06-08,Trinity,105,12862,8,2,2,4,0
2020-06-08,Tulare,107,460477,3217,2301,4,2305,91
2020-06-08,Tuolumne,109,53932,8,8,1,9,0
2020-06-08,Ventura,111,848112,2028,1382,7,1389,30
2020-06-08,Yolo,113,214977,268,228,0,228,24
2020-06-08,Yuba,115,75493,32,27,0,27,1
2020-06-07,Alameda,001,1643700,4368,3866,5,3871,102
2020-06-07,Alpine,003,1148,2,1,0,1,0
2020-06-07,Amador,005,37829,9,10,0,10,0
2020-06-07,Butte,007,227075,95,64,5,69,1
2020-06-07,Calaveras,009,45235,22,16,0,16,0
2020-06-07,Colusa,011,21464,9,7,0,7,0
2020-06-07,Contra Costa,013,1133247,1950,1653,0,1653,38
2020-06-07,Del Norte,015,27424,45,45,0,45,0
2020-06-07,El Dorado,017,186661,133,104,0,104,0
2020-06-07,Fresno,019,978130,4029,2144,50,2194,41
2020-06-07,Glenn,021,27897,29,16,0,16,0
2020-06-07,Humboldt,023,135768,115,112,0,112,2
2020-06-07,Imperial,025,180216,5030,3048,4,3052,19
2020-06-07,Inyo,027,18085,22,21,0,21,1
2020-06-07,Kern,029,883053,3609,2771,8,2779,46
2020-06-07,Kings,031,150075,1760,882,3,885,6
2020-06-07,Lake,033,64148,36,28,0,28,0
2020-06-07,Lassen,035,31185,12,4,2,6,0
2020-06-07,Los Angeles,037,10098052,71496,63750,20,63770,2629
2020-06-07,Madera,039,155013,366,149,1,150,3
2020-06-07,Marin,041,260295,661,584,2,586,17
2020-06-07,Mariposa,043,17540,16,16,0,16,1
2020-06-07,Mendocino,045,87422,34,32,0,32,0
2020-06-07,Merced,047,269075,496,318,1,319,7
2020-06-07,Modoc,049,8938,1,0,0,0,0
2020-06-07,Mono,051,14174,39,35,0,35,1
2020-06-07,Monterey,053,433212,963,732,4,736,10
2020-06-07,Napa,055,140530,175,142,0,142,3
2020-06-07,Nevada,057,99092,55,50,1,51,1
2020-06-07,Orange,059,3164182,10918,7643,75,7718,158
2020-06-07,Placer,061,380077,395,273,2,275,9
2020-06-07,Plumas,063,18699,5,4,0,4,0
2020-06-07,Riverside,065,2383286,11829,9105,13,9118,344
2020-06-07,Sacramento,067,1510023,1731,1568,2,1570,59
2020-06-07,San Benito,069,59416,127,92,0,92,2
2020-06-07,San Bernardino,071,2135413,7951,6033,6,6039,214
2020-06-07,San Diego,073,3302833,9704,8478,0,8478,296
2020-06-07,San Francisco,075,870044,2922,2674,0,2674,43
2020-06-07,San Joaquin,077,732212,1629,1126,4,1130,37
2020-06-07,San Luis Obispo,079,281455,400,296,2,298,1
2020-06-07,San Mateo,081,765935,2613,2399,3,2402,73
2020-06-07,Santa Barbara,083,443738,2678,1818,11,1829,13
2020-06-07,Santa Clara,085,1922200,3690,2947,8,2955,146
2020-06-07,Santa Cruz,087,273765,257,230,0,230,2
2020-06-07,Shasta,089,179085,71,41,0,41,4
2020-06-07,Sierra,091,2930,1,1,0,1,0
2020-06-07,Siskiyou,093,43540,20,8,0,8,0
2020-06-07,Solano,095,438530,762,560,4,564,19
2020-06-07,Sonoma,097,501317,751,639,1,640,4
2020-06-07,Stanislaus,099,539301,1243,905,5,910,28
2020-06-07,Sutter,101,95872,70,55,0,55,2
2020-06-07,Tehama,103,63373,16,8,2,10,1
2020-06-07,Trinity,105,12862,7,2,2,4,0
2020-06-07,Tulare,107,460477,3095,2219,4,2223,90
2020-06-07,Tuolumne,109,53932,8,4,1,5,0
2020-06-07,Ventura,111,848112,1962,1337,7,1344,30
2020-06-07,Yolo,113,214977,258,224,0,224,24
2020-06-07,Yuba,115,75493,32,27,0,27,1
2020-06-06,Alameda,001,1643700,4323,3801,5,3806,102
2020-06-06,Alpine,003,1148,2,1,0,1,0
2020-06-06,Amador,005,37829,9,10,0,10,0
2020-06-06,Butte,007,227075,94,63,5,68,1
2020-06-06,Calaveras,009,45235,20,16,0,16,0
2020-06-06,Colusa,011,21464,9,7,0,7,0
2020-06-06,Contra Costa,013,1133247,1929,1619,0,1619,37
2020-06-06,Del Norte,015,27424,45,45,0,45,0
2020-06-06,El Dorado,017,186661,129,104,0,104,0
2020-06-06,Fresno,019,978130,3974,2117,50,2167,41
2020-06-06,Glenn,021,27897,27,16,0,16,0
2020-06-06,Humboldt,023,135768,115,112,0,112,2
2020-06-06,Imperial,025,180216,4954,3047,4,3051,19
2020-06-06,Inyo,027,18085,22,21,0,21,1
2020-06-06,Kern,029,883053,3539,2695,8,2703,46
2020-06-06,Kings,031,150075,1741,882,3,885,6
2020-06-06,Lake,033,64148,36,28,0,28,0
2020-06-06,Lassen,035,31185,12,4,2,6,0
2020-06-06,Los Angeles,037,10098052,70749,62269,20,62289,2607
2020-06-06,Madera,039,155013,357,149,1,150,3
2020-06-06,Marin,041,260295,656,556,2,558,17
2020-06-06,Mariposa,043,17540,16,16,0,16,1
2020-06-06,Mendocino,045,87422,34,32,0,32,0
2020-06-06,Merced,047,269075,494,315,1,316,7
2020-06-06,Modoc,049,8938,1,0,0,0,0
2020-06-06,Mono,051,14174,39,35,0,35,1
2020-06-06,Monterey,053,433212,939,679,4,683,10
2020-06-06,Napa,055,140530,169,136,0,136,3
2020-06-06,Nevada,057,99092,54,50,1,51,1
2020-06-06,Orange,059,3164182,10759,7576,74,7650,157
2020-06-06,Placer,061,380077,383,270,2,272,9
2020-06-06,Plumas,063,18699,5,4,0,4,0
2020-06-06,Riverside,065,2383286,11651,8935,13,8948,345
2020-06-06,Sacramento,067,1510023,1708,1533,2,1535,59
2020-06-06,San Benito,069,59416,117,92,0,92,2
2020-06-06,San Bernardino,071,2135413,7803,5946,6,5952,214
2020-06-06,San Diego,073,3302833,9583,8347,0,8347,296
2020-06-06,San Francisco,075,870044,2907,2674,0,2674,43
2020-06-06,San Joaquin,077,732212,1589,1076,4,1080,37
2020-06-06,San Luis Obispo,079,281455,394,295,2,297,1
2020-06-06,San Mateo,081,765935,2598,2342,3,2345,72
2020-06-06,Santa Barbara,083,443738,2634,1815,11,1826,13
2020-06-06,Santa Clara,085,1922200,3649,2934,8,2942,144
2020-06-06,Santa Cruz,087,273765,255,226,0,226,2
2020-06-06,Shasta,089,179085,71,40,0,40,4
2020-06-06,Sierra,091,2930,1,1,0,1,0
2020-06-06,Siskiyou,093,43540,18,8,0,8,0
2020-06-06,Solano,095,438530,747,560,4,564,19
2020-06-06,Sonoma,097,501317,739,622,1,623,4
2020-06-06,Stanislaus,099,539301,1209,858,5,863,27
2020-06-06,Sutter,101,95872,70,51,0,51,2
2020-06-06,Tehama,103,63373,15,8,2,10,1
2020-06-06,Trinity,105,12862,7,2,1,3,0
2020-06-06,Tulare,107,460477,3062,2213,4,2217,90
2020-06-06,Tuolumne,109,53932,8,4,1,5,0
2020-06-06,Ventura,111,848112,1938,1303,7,1310,30
2020-06-06,Yolo,113,214977,256,223,0,223,24
2020-06-06,Yuba,115,75493,32,27,0,27,1
2020-06-05,Alameda,001,1643700,4272,3734,5,3739,102
2020-06-05,Alpine,003,1148,2,1,0,1,0
2020-06-05,Amador,005,37829,9,10,0,10,0
2020-06-05,Butte,007,227075,91,61,5,66,1
2020-06-05,Calaveras,009,45235,19,16,0,16,0
2020-06-05,Colusa,011,21464,9,7,0,7,0
2020-06-05,Contra Costa,013,1133247,1914,1575,0,1575,37
2020-06-05,Del Norte,015,27424,45,45,0,45,0
2020-06-05,El Dorado,017,186661,128,101,0,101,0
2020-06-05,Fresno,019,978130,3910,2051,49,2100,38
2020-06-05,Glenn,021,27897,25,16,0,16,0
2020-06-05,Humboldt,023,135768,114,111,0,111,2
2020-06-05,Imperial,025,180216,4848,2778,4,2782,19
2020-06-05,Inyo,027,18085,22,21,0,21,1
2020-06-05,Kern,029,883053,3450,2624,8,2632,46
2020-06-05,Kings,031,150075,1726,865,3,868,6
2020-06-05,Lake,033,64148,35,28,0,28,0
2020-06-05,Lassen,035,31185,11,4,2,6,0
2020-06-05,Los Angeles,037,10098052,69602,60955,20,60975,2553
2020-06-05,Madera,039,155013,335,144,1,145,3
2020-06-05,Marin,041,260295,647,546,2,548,17
2020-06-05,Mariposa,043,17540,16,16,0,16,1
2020-06-05,Mendocino,045,87422,34,32,0,32,0
2020-06-05,Merced,047,269075,492,309,1,310,7
2020-06-05,Modoc,049,8938,1,0,0,0,0
2020-06-05,Mono,051,14174,39,35,0,35,1
2020-06-05,Monterey,053,433212,907,649,4,653,10
2020-06-05,Napa,055,140530,166,123,0,123,3
2020-06-05,Nevada,057,99092,54,50,1,51,1
2020-06-05,Orange,059,3164182,10562,7391,72,7463,153
2020-06-05,Placer,061,380077,373,265,2,267,9
2020-06-05,Plumas,063,18699,5,4,0,4,0
2020-06-05,Riverside,065,2383286,11392,8700,13,8713,345
2020-06-05,Sacramento,067,1510023,1686,1514,2,1516,59
2020-06-05,San Benito,069,59416,115,92,0,92,2
2020-06-05,San Bernardino,071,2135413,7621,5869,5,5874,212
2020-06-05,San Diego,073,3302833,9468,8182,0,8182,294
2020-06-05,San Francisco,075,870044,2889,2675,0,2675,43
2020-06-05,San Joaquin,077,732212,1510,1046,4,1050,36
2020-06-05,San Luis Obispo,079,281455,387,293,2,295,1
2020-06-05,San Mateo,081,765935,2573,2331,3,2334,72
2020-06-05,Santa Barbara,083,443738,2594,1795,11,1806,13
2020-06-05,Santa Clara,085,1922200,3617,2902,8,2910,144
2020-06-05,Santa Cruz,087,273765,252,222,0,222,2
2020-06-05,Shasta,089,179085,70,40,0,40,4
2020-06-05,Sierra,091,2930,1,1,0,1,0
2020-06-05,Siskiyou,093,43540,16,8,0,8,0
2020-06-05,Solano,095,438530,740,558,4,562,19
2020-06-05,Sonoma,097,501317,718,618,1,619,4
2020-06-05,Stanislaus,099,539301,1176,842,5,847,27
2020-06-05,Sutter,101,95872,70,49,0,49,2
2020-06-05,Tehama,103,63373,15,7,2,9,1
2020-06-05,Trinity,105,12862,7,1,1,2,0
2020-06-05,Tulare,107,460477,3013,2180,4,2184,90
2020-06-05,Tuolumne,109,53932,8,4,1,5,0
2020-06-05,Ventura,111,848112,1905,1274,7,1281,30
2020-06-05,Yolo,113,214977,255,216,0,216,24
2020-06-05,Yuba,115,75493,32,27,0,27,1
2020-06-04,Alameda,001,1643700,4173,3643,5,3648,99
2020-06-04,Alpine,003,1148,2,1,0,1,0
2020-06-04,Amador,005,37829,9,10,0,10,0
2020-06-04,Butte,007,227075,87,57,4,61,1
2020-06-04,Calaveras,009,45235,19,15,0,15,0
2020-06-04,Colusa,011,21464,9,7,0,7,0
2020-06-04,Contra Costa,013,1133247,1856,1551,0,1551,37
2020-06-04,Del Norte,015,27424,45,45,0,45,0
2020-06-04,El Dorado,017,186661,126,101,0,101,0
2020-06-04,Fresno,019,978130,3804,2007,48,2055,35
2020-06-04,Glenn,021,27897,22,16,0,16,0
2020-06-04,Humboldt,023,135768,114,109,0,109,2
2020-06-04,Imperial,025,180216,4665,2631,4,2635,19
2020-06-04,Inyo,027,18085,22,20,0,20,1
2020-06-04,Kern,029,883053,3334,2530,8,2538,46
2020-06-04,Kings,031,150075,1656,842,3,845,6
2020-06-04,Lake,033,64148,34,27,0,27,0
2020-06-04,Lassen,035,31185,9,4,2,6,0
2020-06-04,Los Angeles,037,10098052,68133,59596,20,59616,2515
2020-06-04,Madera,039,155013,327,127,1,128,3
2020-06-04,Marin,041,260295,625,533,2,535,14
2020-06-04,Mariposa,043,17540,16,16,0,16,1
2020-06-04,Mendocino,045,87422,34,29,0,29,0
2020-06-04,Merced,047,269075,472,304,1,305,7
2020-06-04,Modoc,049,8938,1,0,0,0,0
2020-06-04,Mono,051,14174,39,35,0,35,1
2020-06-04,Monterey,053,433212,872,621,3,624,10
2020-06-04,Napa,055,140530,162,117,0,117,3
2020-06-04,Nevada,057,99092,53,49,1,50,1
2020-06-04,Orange,059,3164182,10307,7192,71,7263,148
2020-06-04,Placer,061,380077,357,256,2,258,9
2020-06-04,Plumas,063,18699,4,4,0,4,0
2020-06-04,Riverside,065,2383286,11114,8473,13,8486,341
2020-06-04,Sacramento,067,1510023,1658,1492,2,1494,58
2020-06-04,San Benito,069,59416,113,88,0,88,2
2020-06-04,San Bernardino,071,2135413,7353,5726,5,5731,207
2020-06-04,San Diego,073,3302833,9305,7942,0,7942,288
2020-06-04,San Francisco,075,870044,2856,2636,0,2636,43
2020-06-04,San Joaquin,077,732212,1448,1016,4,1020,36
2020-06-04,San Luis Obispo,079,281455,378,288,2,290,1
2020-06-04,San Mateo,081,765935,2547,2284,3,2287,72
2020-06-04,Santa Barbara,083,443738,2542,1750,10,1760,13
2020-06-04,Santa Clara,085,1922200,3583,2871,8,2879,144
2020-06-04,Santa Cruz,087,273765,246,218,0,218,2
2020-06-04,Shasta,089,179085,64,40,0,40,4
2020-06-04,Sierra,091,2930,1,1,0,1,0
2020-06-04,Siskiyou,093,43540,15,8,0,8,0
2020-06-04,Solano,095,438530,723,551,4,555,19
2020-06-04,Sonoma,097,501317,699,591,1,592,4
2020-06-04,Stanislaus,099,539301,1100,806,5,811,28
2020-06-04,Sutter,101,95872,65,46,0,46,2
2020-06-04,Tehama,103,63373,14,6,1,7,1
2020-06-04,Trinity,105,12862,7,1,1,2,0
2020-06-04,Tulare,107,460477,2897,2086,4,2090,90
2020-06-04,Tuolumne,109,53932,7,4,1,5,0
2020-06-04,Ventura,111,848112,1861,1236,7,1243,30
2020-06-04,Yolo,113,214977,250,216,0,216,24
2020-06-04,Yuba,115,75493,31,27,0,27,1
2020-06-03,Alameda,001,1643700,4114,3589,4,3593,99
2020-06-03,Alpine,003,1148,2,1,0,1,0
2020-06-03,Amador,005,37829,9,10,0,10,0
2020-06-03,Butte,007,227075,85,53,4,57,1
2020-06-03,Calaveras,009,45235,18,15,0,15,0
2020-06-03,Colusa,011,21464,9,7,0,7,0
2020-06-03,Contra Costa,013,1133247,1808,1511,0,1511,37
2020-06-03,Del Norte,015,27424,45,39,0,39,0
2020-06-03,El Dorado,017,186661,123,90,0,90,0
2020-06-03,Fresno,019,978130,3705,1943,48,1991,35
2020-06-03,Glenn,021,27897,22,16,0,16,0
2020-06-03,Humboldt,023,135768,114,103,0,103,2
2020-06-03,Imperial,025,180216,4493,2540,4,2544,19
2020-06-03,Inyo,027,18085,22,20,0,20,1
2020-06-03,Kern,029,883053,3238,2452,8,2460,44
2020-06-03,Kings,031,150075,1591,744,3,747,6
2020-06-03,Lake,033,64148,32,26,0,26,0
2020-06-03,Lassen,035,31185,9,4,2,6,0
2020-06-03,Los Angeles,037,10098052,66527,58166,20,58186,2472
2020-06-03,Madera,039,155013,319,117,1,118,3
2020-06-03,Marin,041,260295,607,527,2,529,14
2020-06-03,Mariposa,043,17540,16,16,0,16,1
2020-06-03,Mendocino,045,87422,33,29,0,29,0
2020-06-03,Merced,047,269075,458,299,1,300,7
2020-06-03,Modoc,049,8938,1,0,0,0,0
2020-06-03,Mono,051,14174,39,35,0,35,1
2020-06-03,Monterey,053,433212,844,592,3,595,10
2020-06-03,Napa,055,140530,161,116,0,116,3
2020-06-03,Nevada,057,99092,52,43,1,44,1
2020-06-03,Orange,059,3164182,10078,6939,69,7008,145
2020-06-03,Placer,061,380077,337,243,2,245,9
2020-06-03,Plumas,063,18699,4,4,0,4,0
2020-06-03,Riverside,065,2383286,10839,8208,13,8221,335
2020-06-03,Sacramento,067,1510023,1628,1457,2,1459,58
2020-06-03,San Benito,069,59416,107,88,0,88,2
2020-06-03,San Bernardino,071,2135413,7130,5565,5,5570,203
2020-06-03,San Diego,073,3302833,9157,7800,0,7800,283
2020-06-03,San Francisco,075,870044,2825,2608,0,2608,43
2020-06-03,San Joaquin,077,732212,1384,1004,4,1008,35
2020-06-03,San Luis Obispo,079,281455,373,279,2,281,1
2020-06-03,San Mateo,081,765935,2519,2243,3,2246,71
2020-06-03,Santa Barbara,083,443738,2493,1722,9,1731,12
2020-06-03,Santa Clara,085,1922200,3543,2836,8,2844,144
2020-06-03,Santa Cruz,087,273765,240,217,0,217,2
2020-06-03,Shasta,089,179085,61,40,0,40,4
2020-06-03,Sierra,091,2930,1,1,0,1,0
2020-06-03,Siskiyou,093,43540,14,8,0,8,0
2020-06-03,Solano,095,438530,698,543,2,545,18
2020-06-03,Sonoma,097,501317,687,578,1,579,4
2020-06-03,Stanislaus,099,539301,1060,780,5,785,27
2020-06-03,Sutter,101,95872,57,45,0,45,2
2020-06-03,Tehama,103,63373,14,6,1,7,1
2020-06-03,Trinity,105,12862,7,1,1,2,0
2020-06-03,Tulare,107,460477,2828,2041,4,2045,88
2020-06-03,Tuolumne,109,53932,5,4,1,5,0
2020-06-03,Ventura,111,848112,1794,1202,7,1209,30
2020-06-03,Yolo,113,214977,246,213,0,213,24
2020-06-03,Yuba,115,75493,31,27,0,27,1
2020-06-02,Alameda,001,1643700,4038,3517,4,3521,99
2020-06-02,Alpine,003,1148,2,1,0,1,0
2020-06-02,Amador,005,37829,9,10,0,10,0
2020-06-02,Butte,007,227075,81,51,3,54,1
2020-06-02,Calaveras,009,45235,18,15,0,15,0
2020-06-02,Colusa,011,21464,9,7,0,7,0
2020-06-02,Contra Costa,013,1133247,1776,1505,0,1505,37
2020-06-02,Del Norte,015,27424,45,39,0,39,0
2020-06-02,El Dorado,017,186661,122,88,0,88,0
2020-06-02,Fresno,019,978130,3593,1917,48,1965,34
2020-06-02,Glenn,021,27897,21,16,0,16,0
2020-06-02,Humboldt,023,135768,114,101,0,101,2
2020-06-02,Imperial,025,180216,4300,2459,4,2463,19
2020-06-02,Inyo,027,18085,20,20,0,20,1
2020-06-02,Kern,029,883053,3139,2406,6,2412,41
2020-06-02,Kings,031,150075,1563,720,3,723,5
2020-06-02,Lake,033,64148,32,25,0,25,0
2020-06-02,Lassen,035,31185,8,4,2,6,0
2020-06-02,Los Angeles,037,10098052,65124,57144,20,57164,2430
2020-06-02,Madera,039,155013,298,110,1,111,2
2020-06-02,Marin,041,260295,580,509,2,511,14
2020-06-02,Mariposa,043,17540,16,16,0,16,1
2020-06-02,Mendocino,045,87422,33,29,0,29,0
2020-06-02,Merced,047,269075,442,297,1,298,6
2020-06-02,Modoc,049,8938,1,0,0,0,0
2020-06-02,Mono,051,14174,39,35,0,35,1
2020-06-02,Monterey,053,433212,814,582,3,585,10
2020-06-02,Napa,055,140530,152,116,0,116,3
2020-06-02,Nevada,057,99092,51,41,1,42,1
2020-06-02,Orange,059,3164182,9876,6790,68,6858,142
2020-06-02,Placer,061,380077,323,226,2,228,9
2020-06-02,Plumas,063,18699,4,4,0,4,0
2020-06-02,Riverside,065,2383286,10543,8091,12,8103,330
2020-06-02,Sacramento,067,1510023,1599,1428,2,1430,58
2020-06-02,San Benito,069,59416,106,86,0,86,2
2020-06-02,San Bernardino,071,2135413,6922,5438,5,5443,202
2020-06-02,San Diego,073,3302833,9011,7676,0,7676,276
2020-06-02,San Francisco,075,870044,2790,2554,0,2554,43
2020-06-02,San Joaquin,077,732212,1318,985,4,989,35
2020-06-02,San Luis Obispo,079,281455,368,275,2,277,1
2020-06-02,San Mateo,081,765935,2484,2203,3,2206,71
2020-06-02,Santa Barbara,083,443738,2442,1703,9,1712,12
2020-06-02,Santa Clara,085,1922200,3493,2819,8,2827,144
2020-06-02,Santa Cruz,087,273765,235,215,0,215,2
2020-06-02,Shasta,089,179085,60,38,0,38,4
2020-06-02,Sierra,091,2930,1,1,0,1,0
2020-06-02,Siskiyou,093,43540,13,8,0,8,0
2020-06-02,Solano,095,438530,683,537,1,538,18
2020-06-02,Sonoma,097,501317,676,571,1,572,4
2020-06-02,Stanislaus,099,539301,1001,772,5,777,27
2020-06-02,Sutter,101,95872,54,43,0,43,2
2020-06-02,Tehama,103,63373,14,6,1,7,1
2020-06-02,Trinity,105,12862,7,1,1,2,0
2020-06-02,Tulare,107,460477,2748,2012,4,2016,86
2020-06-02,Tuolumne,109,53932,5,4,1,5,0
2020-06-02,Ventura,111,848112,1741,1178,7,1185,30
2020-06-02,Yolo,113,214977,244,213,0,213,24
2020-06-02,Yuba,115,75493,31,27,0,27,1
2020-06-01,Alameda,001,1643700,3973,3460,4,3464,98
2020-06-01,Alpine,003,1148,2,1,0,1,0
2020-06-01,Amador,005,37829,9,10,0,10,0
2020-06-01,Butte,007,227075,80,50,2,52,1
2020-06-01,Calaveras,009,45235,18,15,0,15,0
2020-06-01,Colusa,011,21464,9,7,0,7,0
2020-06-01,Contra Costa,013,1133247,1740,1486,0,1486,37
2020-06-01,Del Norte,015,27424,45,38,0,38,0
2020-06-01,El Dorado,017,186661,120,88,0,88,0
2020-06-01,Fresno,019,978130,3498,1854,46,1900,33
2020-06-01,Glenn,021,27897,21,16,0,16,0
2020-06-01,Humboldt,023,135768,114,98,0,98,2
2020-06-01,Imperial,025,180216,4078,2366,4,2370,14
2020-06-01,Inyo,027,18085,20,20,0,20,1
2020-06-01,Kern,029,883053,3056,2366,6,2372,38
2020-06-01,Kings,031,150075,1295,703,3,706,4
2020-06-01,Lake,033,64148,32,22,0,22,0
2020-06-01,Lassen,035,31185,8,4,2,6,0
2020-06-01,Los Angeles,037,10098052,63658,55899,20,55919,2367
2020-06-01,Madera,039,155013,286,103,1,104,2
2020-06-01,Marin,041,260295,539,495,2,497,14
2020-06-01,Mariposa,043,17540,16,16,0,16,1
2020-06-01,Mendocino,045,87422,33,28,0,28,0
2020-06-01,Merced,047,269075,423,289,1,290,6
2020-06-01,Modoc,049,8938,1,0,0,0,0
2020-06-01,Mono,051,14174,39,35,0,35,1
2020-06-01,Monterey,053,433212,789,554,3,557,10
2020-06-01,Napa,055,140530,149,114,0,114,3
2020-06-01,Nevada,057,99092,51,41,1,42,1
2020-06-01,Orange,059,3164182,9679,6640,67,6707,135
2020-06-01,Placer,061,380077,311,218,2,220,9
2020-06-01,Plumas,063,18699,4,4,0,4,0
2020-06-01,Riverside,065,2383286,10091,7921,12,7933,322
2020-06-01,Sacramento,067,1510023,1560,1415,2,1417,58
2020-06-01,San Benito,069,59416,103,86,0,86,2
2020-06-01,San Bernardino,071,2135413,6716,5310,5,5315,202
2020-06-01,San Diego,073,3302833,8831,7556,0,7556,269
2020-06-01,San Francisco,075,870044,2753,2546,0,2546,43
2020-06-01,San Joaquin,077,732212,1253,957,4,961,35
2020-06-01,San Luis Obispo,079,281455,364,275,2,277,1
2020-06-01,San Mateo,081,765935,2454,2190,3,2193,71
2020-06-01,Santa Barbara,083,443738,2393,1671,8,1679,10
2020-06-01,Santa Clara,085,1922200,3455,2797,7,2804,142
2020-06-01,Santa Cruz,087,273765,231,215,0,215,2
2020-06-01,Shasta,089,179085,60,38,0,38,4
2020-06-01,Sierra,091,2930,1,1,0,1,0
2020-06-01,Siskiyou,093,43540,13,7,0,7,0
2020-06-01,Solano,095,438530,659,529,1,530,17
2020-06-01,Sonoma,097,501317,660,565,1,566,4
2020-06-01,Stanislaus,099,539301,964,758,5,763,27
2020-06-01,Sutter,101,95872,49,43,0,43,2
2020-06-01,Tehama,103,63373,11,5,1,6,1
2020-06-01,Trinity,105,12862,6,1,1,2,0
2020-06-01,Tulare,107,460477,2633,1976,4,1980,84
2020-06-01,Tuolumne,109,53932,4,4,1,5,0
2020-06-01,Ventura,111,848112,1690,1163,7,1170,29
2020-06-01,Yolo,113,214977,241,212,0,212,24
2020-06-01,Yuba,115,75493,30,26,0,26,1
2020-05-31,Alameda,001,1643700,3867,3362,4,3366,98
2020-05-31,Alpine,003,1148,2,1,0,1,0
2020-05-31,Amador,005,37829,9,10,0,10,0
2020-05-31,Butte,007,227075,78,51,2,53,0
2020-05-31,Calaveras,009,45235,15,15,0,15,0
2020-05-31,Colusa,011,21464,9,5,0,5,0
2020-05-31,Contra Costa,013,1133247,1706,1458,0,1458,37
2020-05-31,Del Norte,015,27424,45,37,0,37,0
2020-05-31,El Dorado,017,186661,116,88,0,88,0
2020-05-31,Fresno,019,978130,3335,1780,44,1824,31
2020-05-31,Glenn,021,27897,20,16,0,16,0
2020-05-31,Humboldt,023,135768,112,98,0,98,2
2020-05-31,Imperial,025,180216,3811,2197,4,2201,14
2020-05-31,Inyo,027,18085,20,20,0,20,1
2020-05-31,Kern,029,883053,2921,2300,6,2306,38
2020-05-31,Kings,031,150075,1258,703,3,706,3
2020-05-31,Lake,033,64148,32,19,0,19,0
2020-05-31,Lassen,035,31185,8,4,2,6,0
2020-05-31,Los Angeles,037,10098052,62368,54925,20,54945,2344
2020-05-31,Madera,039,155013,268,101,1,102,2
2020-05-31,Marin,041,260295,529,486,2,488,14
2020-05-31,Mariposa,043,17540,16,16,0,16,1
2020-05-31,Mendocino,045,87422,33,24,0,24,0
2020-05-31,Merced,047,269075,396,288,0,288,6
2020-05-31,Modoc,049,8938,0,0,0,0,0
2020-05-31,Mono,051,14174,39,34,0,34,1
2020-05-31,Monterey,053,433212,716,545,3,548,10
2020-05-31,Napa,055,140530,147,114,0,114,3
2020-05-31,Nevada,057,99092,50,41,1,42,1
2020-05-31,Orange,059,3164182,9467,6532,66,6598,135
2020-05-31,Placer,061,380077,289,215,2,217,9
2020-05-31,Plumas,063,18699,4,4,0,4,0
2020-05-31,Riverside,065,2383286,9835,7704,12,7716,321
2020-05-31,Sacramento,067,1510023,1529,1398,2,1400,57
2020-05-31,San Benito,069,59416,97,85,0,85,2
2020-05-31,San Bernardino,071,2135413,6448,5185,5,5190,198
2020-05-31,San Diego,073,3302833,8637,7483,0,7483,269
2020-05-31,San Francisco,075,870044,2717,2501,0,2501,43
2020-05-31,San Joaquin,077,732212,1188,888,4,892,34
2020-05-31,San Luis Obispo,079,281455,354,271,2,273,1
2020-05-31,San Mateo,081,765935,2408,2169,3,2172,71
2020-05-31,Santa Barbara,083,443738,2326,1662,7,1669,9
2020-05-31,Santa Clara,085,1922200,3411,2785,7,2792,142
2020-05-31,Santa Cruz,087,273765,228,210,0,210,2
2020-05-31,Shasta,089,179085,58,38,0,38,4
2020-05-31,Sierra,091,2930,1,1,0,1,0
2020-05-31,Siskiyou,093,43540,12,7,0,7,0
2020-05-31,Solano,095,438530,633,512,1,513,6
2020-05-31,Sonoma,097,501317,640,555,1,556,4
2020-05-31,Stanislaus,099,539301,910,738,5,743,27
2020-05-31,Sutter,101,95872,47,42,0,42,2
2020-05-31,Tehama,103,63373,10,4,1,5,1
2020-05-31,Trinity,105,12862,6,1,1,2,0
2020-05-31,Tulare,107,460477,2560,1884,4,1888,82
2020-05-31,Tuolumne,109,53932,4,4,1,5,0
2020-05-31,Ventura,111,848112,1629,1151,7,1158,30
2020-05-31,Yolo,113,214977,235,211,0,211,24
2020-05-31,Yuba,115,75493,30,26,0,26,1
2020-05-30,Alameda,001,1643700,3841,3304,4,3308,96
2020-05-30,Alpine,003,1148,2,1,0,1,0
2020-05-30,Amador,005,37829,9,10,0,10,0
2020-05-30,Butte,007,227075,77,44,2,46,0
2020-05-30,Calaveras,009,45235,14,15,0,15,0
2020-05-30,Colusa,011,21464,8,5,0,5,0
2020-05-30,Contra Costa,013,1133247,1691,1429,0,1429,37
2020-05-30,Del Norte,015,27424,45,37,0,37,0
2020-05-30,El Dorado,017,186661,115,86,0,86,0
2020-05-30,Fresno,019,978130,3274,1744,43,1787,31
2020-05-30,Glenn,021,27897,19,16,0,16,0
2020-05-30,Humboldt,023,135768,111,98,0,98,2
2020-05-30,Imperial,025,180216,3721,2091,4,2095,14
2020-05-30,Inyo,027,18085,20,20,0,20,1
2020-05-30,Kern,029,883053,2852,2217,6,2223,38
2020-05-30,Kings,031,150075,1244,703,3,706,3
2020-05-30,Lake,033,64148,31,18,0,18,0
2020-05-30,Lassen,035,31185,8,4,2,6,0
2020-05-30,Los Angeles,037,10098052,61832,53627,20,53647,2319
2020-05-30,Madera,039,155013,263,101,1,102,2
2020-05-30,Marin,041,260295,529,462,2,464,14
2020-05-30,Mariposa,043,17540,16,16,0,16,1
2020-05-30,Mendocino,045,87422,33,24,0,24,0
2020-05-30,Merced,047,269075,395,285,0,285,6
2020-05-30,Modoc,049,8938,0,0,0,0,0
2020-05-30,Mono,051,14174,39,34,0,34,1
2020-05-30,Monterey,053,433212,700,520,3,523,10
2020-05-30,Napa,055,140530,145,113,0,113,3
2020-05-30,Nevada,057,99092,50,41,1,42,1
2020-05-30,Orange,059,3164182,9309,6354,66,6420,134
2020-05-30,Placer,061,380077,281,199,1,200,9
2020-05-30,Plumas,063,18699,4,4,0,4,0
2020-05-30,Riverside,065,2383286,9691,7492,12,7504,316
2020-05-30,Sacramento,067,1510023,1518,1384,2,1386,57
2020-05-30,San Benito,069,59416,96,85,0,85,2
2020-05-30,San Bernardino,071,2135413,6339,5122,5,5127,198
2020-05-30,San Diego,073,3302833,8544,7387,0,7387,269
2020-05-30,San Francisco,075,870044,2692,2496,0,2496,41
2020-05-30,San Joaquin,077,732212,1150,888,4,892,34
2020-05-30,San Luis Obispo,079,281455,349,270,2,272,1
2020-05-30,San Mateo,081,765935,2384,2129,3,2132,71
2020-05-30,Santa Barbara,083,443738,2293,1660,7,1667,9
2020-05-30,Santa Clara,085,1922200,3395,2741,7,2748,141
2020-05-30,Santa Cruz,087,273765,228,206,0,206,2
2020-05-30,Shasta,089,179085,58,36,0,36,4
2020-05-30,Sierra,091,2930,1,1,0,1,0
2020-05-30,Siskiyou,093,43540,11,7,0,7,0
2020-05-30,Solano,095,438530,626,512,1,513,6
2020-05-30,Sonoma,097,501317,630,551,1,552,4
2020-05-30,Stanislaus,099,539301,893,712,5,717,27
2020-05-30,Sutter,101,95872,46,40,0,40,2
2020-05-30,Tehama,103,63373,10,4,1,5,1
2020-05-30,Trinity,105,12862,6,1,1,2,0
2020-05-30,Tulare,107,460477,2523,1879,4,1883,81
2020-05-30,Tuolumne,109,53932,4,4,1,5,0
2020-05-30,Ventura,111,848112,1612,1116,7,1123,30
2020-05-30,Yolo,113,214977,231,210,0,210,24
2020-05-30,Yuba,115,75493,30,25,0,25,1
2020-05-29,Alameda,001,1643700,3806,3209,4,3213,96
2020-05-29,Alpine,003,1148,2,1,0,1,0
2020-05-29,Amador,005,37829,9,10,0,10,0
2020-05-29,Butte,007,227075,72,41,2,43,0
2020-05-29,Calaveras,009,45235,14,15,0,15,0
2020-05-29,Colusa,011,21464,8,5,0,5,0
2020-05-29,Contra Costa,013,1133247,1675,1411,0,1411,37
2020-05-29,Del Norte,015,27424,45,37,0,37,0
2020-05-29,El Dorado,017,186661,114,85,0,85,0
2020-05-29,Fresno,019,978130,3224,1687,43,1730,31
2020-05-29,Glenn,021,27897,19,14,0,14,0
2020-05-29,Humboldt,023,135768,110,98,0,98,2
2020-05-29,Imperial,025,180216,3603,1607,4,1611,14
2020-05-29,Inyo,027,18085,20,20,0,20,1
2020-05-29,Kern,029,883053,2794,2128,6,2134,36
2020-05-29,Kings,031,150075,1233,693,3,696,3
2020-05-29,Lake,033,64148,30,17,0,17,0
2020-05-29,Lassen,035,31185,8,0,2,2,0
2020-05-29,Los Angeles,037,10098052,60877,51578,20,51598,2273
2020-05-29,Madera,039,155013,248,98,1,99,2
2020-05-29,Marin,041,260295,521,448,2,450,14
2020-05-29,Mariposa,043,17540,16,16,0,16,1
2020-05-29,Mendocino,045,87422,31,25,0,25,0
2020-05-29,Merced,047,269075,390,285,0,285,7
2020-05-29,Modoc,049,8938,0,0,0,0,0
2020-05-29,Mono,051,14174,38,34,0,34,1
2020-05-29,Monterey,053,433212,670,479,2,481,10
2020-05-29,Napa,055,140530,142,113,0,113,3
2020-05-29,Nevada,057,99092,50,41,1,42,1
2020-05-29,Orange,059,3164182,9110,6176,64,6240,133
2020-05-29,Placer,061,380077,259,199,1,200,9
2020-05-29,Plumas,063,18699,4,4,0,4,0
2020-05-29,Riverside,065,2383286,9505,7376,12,7388,313
2020-05-29,Sacramento,067,1510023,1495,1360,2,1362,57
2020-05-29,San Benito,069,59416,96,84,0,84,2
2020-05-29,San Bernardino,071,2135413,6231,4983,5,4988,196
2020-05-29,San Diego,073,3302833,8421,7242,0,7242,266
2020-05-29,San Francisco,075,870044,2668,2453,0,2453,41
2020-05-29,San Joaquin,077,732212,1113,855,4,859,34
2020-05-29,San Luis Obispo,079,281455,345,270,2,272,1
2020-05-29,San Mateo,081,765935,2368,2103,3,2106,71
2020-05-29,Santa Barbara,083,443738,2255,1656,7,1663,9
2020-05-29,Santa Clara,085,1922200,3367,2707,7,2714,141
2020-05-29,Santa Cruz,087,273765,225,203,0,203,2
2020-05-29,Shasta,089,179085,58,36,0,36,4
2020-05-29,Sierra,091,2930,1,1,0,1,0
2020-05-29,Siskiyou,093,43540,11,7,0,7,0
2020-05-29,Solano,095,438530,618,498,1,499,6
2020-05-29,Sonoma,097,501317,619,537,1,538,4
2020-05-29,Stanislaus,099,539301,863,698,5,703,27
2020-05-29,Sutter,101,95872,44,40,0,40,2
2020-05-29,Tehama,103,63373,9,4,1,5,1
2020-05-29,Trinity,105,12862,6,1,1,2,0
2020-05-29,Tulare,107,460477,2485,1852,4,1856,80
2020-05-29,Tuolumne,109,53932,4,4,1,5,0
2020-05-29,Ventura,111,848112,1588,1093,7,1100,29
2020-05-29,Yolo,113,214977,227,211,0,211,24
2020-05-29,Yuba,115,75493,29,25,0,25,1
2020-05-28,Alameda,001,1643700,3706,3083,4,3087,94
2020-05-28,Alpine,003,1148,2,1,0,1,0
2020-05-28,Amador,005,37829,9,10,0,10,0
2020-05-28,Butte,007,227075,71,40,2,42,0
2020-05-28,Calaveras,009,45235,13,15,0,15,0
2020-05-28,Colusa,011,21464,8,5,0,5,0
2020-05-28,Contra Costa,013,1133247,1636,1392,0,1392,37
2020-05-28,Del Norte,015,27424,45,37,0,37,0
2020-05-28,El Dorado,017,186661,111,82,0,82,0
2020-05-28,Fresno,019,978130,3143,1653,42,1695,31
2020-05-28,Glenn,021,27897,18,14,0,14,0
2020-05-28,Humboldt,023,135768,109,97,0,97,2
2020-05-28,Imperial,025,180216,3408,1430,4,1434,14
2020-05-28,Inyo,027,18085,20,20,0,20,1
2020-05-28,Kern,029,883053,2716,2069,6,2075,36
2020-05-28,Kings,031,150075,896,626,3,629,3
2020-05-28,Lake,033,64148,29,17,0,17,0
2020-05-28,Lassen,035,31185,8,0,2,2,0
2020-05-28,Los Angeles,037,10098052,59298,49861,20,49881,2222
2020-05-28,Madera,039,155013,230,93,1,94,2
2020-05-28,Marin,041,260295,496,443,2,445,14
2020-05-28,Mariposa,043,17540,16,16,0,16,1
2020-05-28,Mendocino,045,87422,29,24,0,24,0
2020-05-28,Merced,047,269075,381,283,0,283,7
2020-05-28,Modoc,049,8938,0,0,0,0,0
2020-05-28,Mono,051,14174,38,34,0,34,1
2020-05-28,Monterey,053,433212,638,471,2,473,10
2020-05-28,Napa,055,140530,139,113,0,113,3
2020-05-28,Nevada,057,99092,45,41,1,42,1
2020-05-28,Orange,059,3164182,8911,6045,64,6109,130
2020-05-28,Placer,061,380077,252,196,1,197,9
2020-05-28,Plumas,063,18699,4,4,0,4,0
2020-05-28,Riverside,065,2383286,9103,7240,11,7251,304
2020-05-28,Sacramento,067,1510023,1475,1339,2,1341,57
2020-05-28,San Benito,069,59416,95,82,0,82,2
2020-05-28,San Bernardino,071,2135413,6066,4831,5,4836,191
2020-05-28,San Diego,073,3302833,8264,7102,0,7102,260
2020-05-28,San Francisco,075,870044,2634,2417,0,2417,40
2020-05-28,San Joaquin,077,732212,1078,840,4,844,34
2020-05-28,San Luis Obispo,079,281455,342,267,2,269,1
2020-05-28,San Mateo,081,765935,2341,2070,3,2073,71
2020-05-28,Santa Barbara,083,443738,2194,1642,6,1648,9
2020-05-28,Santa Clara,085,1922200,3327,2698,7,2705,140
2020-05-28,Santa Cruz,087,273765,224,201,0,201,2
2020-05-28,Shasta,089,179085,56,36,0,36,4
2020-05-28,Sierra,091,2930,1,1,0,1,0
2020-05-28,Siskiyou,093,43540,9,6,0,6,0
2020-05-28,Solano,095,438530,601,489,1,490,6
2020-05-28,Sonoma,097,501317,597,529,1,530,4
2020-05-28,Stanislaus,099,539301,822,684,5,689,27
2020-05-28,Sutter,101,95872,44,40,0,40,2
2020-05-28,Tehama,103,63373,9,4,1,5,1
2020-05-28,Trinity,105,12862,5,1,1,2,0
2020-05-28,Tulare,107,460477,2449,1832,4,1836,79
2020-05-28,Tuolumne,109,53932,4,4,1,5,0
2020-05-28,Ventura,111,848112,1556,1083,7,1090,29
2020-05-28,Yolo,113,214977,224,206,0,206,22
2020-05-28,Yuba,115,75493,28,24,0,24,1
2020-05-27,Alameda,001,1643700,3623,3037,4,3041,94
2020-05-27,Alpine,003,1148,2,1,0,1,0
2020-05-27,Amador,005,37829,9,10,0,10,0
2020-05-27,Butte,007,227075,68,40,1,41,0
2020-05-27,Calaveras,009,45235,12,15,0,15,0
2020-05-27,Colusa,011,21464,8,5,0,5,0
2020-05-27,Contra Costa,013,1133247,1596,1373,0,1373,37
2020-05-27,Del Norte,015,27424,45,34,0,34,0
2020-05-27,El Dorado,017,186661,110,82,0,82,0
2020-05-27,Fresno,019,978130,3055,1620,42,1662,27
2020-05-27,Glenn,021,27897,18,14,0,14,0
2020-05-27,Humboldt,023,135768,109,86,0,86,2
2020-05-27,Imperial,025,180216,3228,1369,4,1373,14
2020-05-27,Inyo,027,18085,20,20,0,20,1
2020-05-27,Kern,029,883053,2651,1999,6,2005,37
2020-05-27,Kings,031,150075,869,586,3,589,3
2020-05-27,Lake,033,64148,29,13,0,13,0
2020-05-27,Lassen,035,31185,8,0,2,2,0
2020-05-27,Los Angeles,037,10098052,57921,48711,20,48731,2177
2020-05-27,Madera,039,155013,221,91,1,92,2
2020-05-27,Marin,041,260295,467,439,2,441,14
2020-05-27,Mariposa,043,17540,16,16,0,16,1
2020-05-27,Mendocino,045,87422,28,21,0,21,0
2020-05-27,Merced,047,269075,377,278,0,278,7
2020-05-27,Modoc,049,8938,0,0,0,0,0
2020-05-27,Mono,051,14174,38,34,0,34,1
2020-05-27,Monterey,053,433212,598,443,2,445,8
2020-05-27,Napa,055,140530,134,112,0,112,3
2020-05-27,Nevada,057,99092,44,41,1,42,1
2020-05-27,Orange,059,3164182,8755,5849,64,5913,121
2020-05-27,Placer,061,380077,233,196,0,196,9
2020-05-27,Plumas,063,18699,4,4,0,4,0
2020-05-27,Riverside,065,2383286,8724,7156,11,7167,299
2020-05-27,Sacramento,067,1510023,1447,1318,2,1320,50
2020-05-27,San Benito,069,59416,92,74,0,74,2
2020-05-27,San Bernardino,071,2135413,5882,4708,5,4713,183
2020-05-27,San Diego,073,3302833,8114,6985,0,6985,255
2020-05-27,San Francisco,075,870044,2605,2394,0,2394,40
2020-05-27,San Joaquin,077,732212,1037,825,4,829,34
2020-05-27,San Luis Obispo,079,281455,337,266,2,268,1
2020-05-27,San Mateo,081,765935,2301,2045,3,2048,71
2020-05-27,Santa Barbara,083,443738,2168,1629,6,1635,9
2020-05-27,Santa Clara,085,1922200,3294,2680,7,2687,140
2020-05-27,Santa Cruz,087,273765,220,202,0,202,2
2020-05-27,Shasta,089,179085,53,36,0,36,4
2020-05-27,Sierra,091,2930,1,1,0,1,0
2020-05-27,Siskiyou,093,43540,9,6,0,6,0
2020-05-27,Solano,095,438530,581,477,1,478,5
2020-05-27,Sonoma,097,501317,583,521,1,522,4
2020-05-27,Stanislaus,099,539301,797,675,5,680,27
2020-05-27,Sutter,101,95872,43,40,0,40,2
2020-05-27,Tehama,103,63373,9,3,1,4,1
2020-05-27,Trinity,105,12862,5,1,1,2,0
2020-05-27,Tulare,107,460477,2397,1817,4,1821,77
2020-05-27,Tuolumne,109,53932,4,4,1,5,0
2020-05-27,Ventura,111,848112,1532,1065,7,1072,28
2020-05-27,Yolo,113,214977,223,204,0,204,22
2020-05-27,Yuba,115,75493,28,24,0,24,1
2020-05-26,Alameda,001,1643700,3528,2956,4,2960,92
2020-05-26,Alpine,003,1148,2,1,0,1,0
2020-05-26,Amador,005,37829,9,10,0,10,0
2020-05-26,Butte,007,227075,66,37,1,38,0
2020-05-26,Calaveras,009,45235,12,13,0,13,0
2020-05-26,Colusa,011,21464,8,4,0,4,0
2020-05-26,Contra Costa,013,1133247,1561,1352,0,1352,37
2020-05-26,Del Norte,015,27424,44,30,0,30,0
2020-05-26,El Dorado,017,186661,106,79,0,79,0
2020-05-26,Fresno,019,978130,2968,1496,42,1538,22
2020-05-26,Glenn,021,27897,16,12,0,12,0
2020-05-26,Humboldt,023,135768,107,81,0,81,2
2020-05-26,Imperial,025,180216,3012,1369,4,1373,14
2020-05-26,Inyo,027,18085,20,20,0,20,1
2020-05-26,Kern,029,883053,2573,1890,6,1896,31
2020-05-26,Kings,031,150075,801,449,2,451,2
2020-05-26,Lake,033,64148,27,12,0,12,0
2020-05-26,Lassen,035,31185,7,0,2,2,0
2020-05-26,Los Angeles,037,10098052,56454,47760,20,47780,2121
2020-05-26,Madera,039,155013,205,83,1,84,2
2020-05-26,Marin,041,260295,455,424,2,426,14
2020-05-26,Mariposa,043,17540,16,16,0,16,1
2020-05-26,Mendocino,045,87422,26,20,0,20,0
2020-05-26,Merced,047,269075,363,266,0,266,7
2020-05-26,Modoc,049,8938,0,1,0,1,0
2020-05-26,Mono,051,14174,37,34,0,34,1
2020-05-26,Monterey,053,433212,570,424,1,425,8
2020-05-26,Napa,055,140530,129,109,0,109,3
2020-05-26,Nevada,057,99092,43,41,1,42,1
2020-05-26,Orange,059,3164182,8484,5651,63,5714,115
2020-05-26,Placer,061,380077,228,188,0,188,9
2020-05-26,Plumas,063,18699,4,4,0,4,0
2020-05-26,Riverside,065,2383286,8277,6917,11,6928,284
2020-05-26,Sacramento,067,1510023,1421,1298,2,1300,50
2020-05-26,San Benito,069,59416,87,69,0,69,2
2020-05-26,San Bernardino,071,2135413,5714,4430,5,4435,175
2020-05-26,San Diego,073,3302833,7971,6884,0,6884,249
2020-05-26,San Francisco,075,870044,2572,2363,0,2363,40
2020-05-26,San Joaquin,077,732212,990,760,4,764,33
2020-05-26,San Luis Obispo,079,281455,335,260,2,262,1
2020-05-26,San Mateo,081,765935,2263,1967,2,1969,71
2020-05-26,Santa Barbara,083,443738,2137,1590,6,1596,9
2020-05-26,Santa Clara,085,1922200,3261,2659,7,2666,139
2020-05-26,Santa Cruz,087,273765,218,197,0,197,2
2020-05-26,Shasta,089,179085,53,36,0,36,4
2020-05-26,Sierra,091,2930,1,1,0,1,0
2020-05-26,Siskiyou,093,43540,8,6,0,6,0
2020-05-26,Solano,095,438530,563,470,1,471,5
2020-05-26,Sonoma,097,501317,575,509,0,509,4
2020-05-26,Stanislaus,099,539301,776,663,5,668,27
2020-05-26,Sutter,101,95872,42,39,0,39,2
2020-05-26,Tehama,103,63373,8,2,1,3,1
2020-05-26,Trinity,105,12862,5,1,1,2,0
2020-05-26,Tulare,107,460477,2341,1768,4,1772,76
2020-05-26,Tuolumne,109,53932,4,2,1,3,0
2020-05-26,Ventura,111,848112,1496,1033,4,1037,27
2020-05-26,Yolo,113,214977,217,198,0,198,22
2020-05-26,Yuba,115,75493,27,24,0,24,1
2020-05-25,Alameda,001,1643700,3435,2900,3,2903,92
2020-05-25,Alpine,003,1148,2,1,0,1,0
2020-05-25,Amador,005,37829,9,10,0,10,0
2020-05-25,Butte,007,227075,63,37,1,38,0
2020-05-25,Calaveras,009,45235,12,13,0,13,0
2020-05-25,Colusa,011,21464,7,4,0,4,0
2020-05-25,Contra Costa,013,1133247,1528,1348,0,1348,37
2020-05-25,Del Norte,015,27424,44,20,0,20,0
2020-05-25,El Dorado,017,186661,98,78,0,78,0
2020-05-25,Fresno,019,978130,2864,1496,39,1535,22
2020-05-25,Glenn,021,27897,16,12,0,12,0
2020-05-25,Humboldt,023,135768,106,81,0,81,2
2020-05-25,Imperial,025,180216,2801,1369,4,1373,14
2020-05-25,Inyo,027,18085,19,20,0,20,1
2020-05-25,Kern,029,883053,2502,1890,6,1896,31
2020-05-25,Kings,031,150075,772,447,2,449,2
2020-05-25,Lake,033,64148,25,13,0,13,0
2020-05-25,Lassen,035,31185,7,0,2,2,0
2020-05-25,Los Angeles,037,10098052,54640,45952,20,45972,2094
2020-05-25,Madera,039,155013,192,83,1,84,2
2020-05-25,Marin,041,260295,437,415,2,417,14
2020-05-25,Mariposa,043,17540,16,15,0,15,1
2020-05-25,Mendocino,045,87422,23,19,0,19,0
2020-05-25,Merced,047,269075,356,262,0,262,6
2020-05-25,Modoc,049,8938,0,1,0,1,0
2020-05-25,Mono,051,14174,37,34,0,34,1
2020-05-25,Monterey,053,433212,540,418,1,419,8
2020-05-25,Napa,055,140530,129,107,0,107,3
2020-05-25,Nevada,057,99092,43,41,1,42,1
2020-05-25,Orange,059,3164182,8261,5601,62,5663,115
2020-05-25,Placer,061,380077,224,186,0,186,9
2020-05-25,Plumas,063,18699,4,4,0,4,0
2020-05-25,Riverside,065,2383286,8046,6900,11,6911,284
2020-05-25,Sacramento,067,1510023,1401,1290,1,1291,50
2020-05-25,San Benito,069,59416,86,70,0,70,2
2020-05-25,San Bernardino,071,2135413,5524,4393,4,4397,175
2020-05-25,San Diego,073,3302833,7795,6799,0,6799,249
2020-05-25,San Francisco,075,870044,2535,2358,0,2358,40
2020-05-25,San Joaquin,077,732212,964,760,4,764,33
2020-05-25,San Luis Obispo,079,281455,333,260,2,262,1
2020-05-25,San Mateo,081,765935,2227,1938,2,1940,71
2020-05-25,Santa Barbara,083,443738,2112,1590,6,1596,9
2020-05-25,Santa Clara,085,1922200,3229,2647,7,2654,139
2020-05-25,Santa Cruz,087,273765,216,191,0,191,2
2020-05-25,Shasta,089,179085,52,36,0,36,4
2020-05-25,Sierra,091,2930,1,1,0,1,0
2020-05-25,Siskiyou,093,43540,8,6,0,6,0
2020-05-25,Solano,095,438530,549,437,1,438,5
2020-05-25,Sonoma,097,501317,563,496,0,496,4
2020-05-25,Stanislaus,099,539301,746,651,5,656,27
2020-05-25,Sutter,101,95872,42,38,0,38,2
2020-05-25,Tehama,103,63373,7,2,1,3,1
2020-05-25,Trinity,105,12862,5,1,1,2,0
2020-05-25,Tulare,107,460477,2278,1747,4,1751,76
2020-05-25,Tuolumne,109,53932,4,2,1,3,0
2020-05-25,Ventura,111,848112,1455,1020,4,1024,27
2020-05-25,Yolo,113,214977,215,197,0,197,22
2020-05-25,Yuba,115,75493,26,24,0,24,1
2020-05-24,Alameda,001,1643700,3362,2830,3,2833,92
2020-05-24,Alpine,003,1148,2,1,0,1,0
2020-05-24,Amador,005,37829,9,9,0,9,0
2020-05-24,Butte,007,227075,61,35,1,36,0
2020-05-24,Calaveras,009,45235,12,13,0,13,0
2020-05-24,Colusa,011,21464,7,4,0,4,0
2020-05-24,Contra Costa,013,1133247,1500,1325,0,1325,37
2020-05-24,Del Norte,015,27424,43,16,0,16,0
2020-05-24,El Dorado,017,186661,97,76,0,76,0
2020-05-24,Fresno,019,978130,2798,1455,37,1492,22
2020-05-24,Glenn,021,27897,15,12,0,12,0
2020-05-24,Humboldt,023,135768,106,81,0,81,2
2020-05-24,Imperial,025,180216,2675,1369,4,1373,14
2020-05-24,Inyo,027,18085,19,20,0,20,1
2020-05-24,Kern,029,883053,2429,1861,5,1866,31
2020-05-24,Kings,031,150075,761,446,2,448,2
2020-05-24,Lake,033,64148,24,12,0,12,0
2020-05-24,Lassen,035,31185,6,0,2,2,0
2020-05-24,Los Angeles,037,10098052,53626,44954,20,44974,2085
2020-05-24,Madera,039,155013,186,83,1,84,2
2020-05-24,Marin,041,260295,435,401,2,403,14
2020-05-24,Mariposa,043,17540,16,15,0,15,1
2020-05-24,Mendocino,045,87422,22,19,0,19,0
2020-05-24,Merced,047,269075,355,258,0,258,6
2020-05-24,Modoc,049,8938,0,0,0,0,0
2020-05-24,Mono,051,14174,37,34,0,34,1
2020-05-24,Monterey,053,433212,512,405,1,406,8
2020-05-24,Napa,055,140530,127,104,0,104,3
2020-05-24,Nevada,057,99092,43,41,1,42,1
2020-05-24,Orange,059,3164182,8105,5439,61,5500,113
2020-05-24,Placer,061,380077,216,184,0,184,9
2020-05-24,Plumas,063,18699,4,4,0,4,0
2020-05-24,Riverside,065,2383286,7905,6571,11,6582,284
2020-05-24,Sacramento,067,1510023,1385,1283,1,1284,50
2020-05-24,San Benito,069,59416,85,67,0,67,2
2020-05-24,San Bernardino,071,2135413,5416,4262,4,4266,175
2020-05-24,San Diego,073,3302833,7652,6703,0,6703,249
2020-05-24,San Francisco,075,870044,2511,2318,0,2318,40
2020-05-24,San Joaquin,077,732212,945,760,4,764,33
2020-05-24,San Luis Obispo,079,281455,331,257,2,259,1
2020-05-24,San Mateo,081,765935,2192,1925,2,1927,71
2020-05-24,Santa Barbara,083,443738,2089,1573,6,1579,9
2020-05-24,Santa Clara,085,1922200,3209,2623,7,2630,139
2020-05-24,Santa Cruz,087,273765,213,185,0,185,2
2020-05-24,Shasta,089,179085,51,36,0,36,4
2020-05-24,Sierra,091,2930,1,1,0,1,0
2020-05-24,Siskiyou,093,43540,7,6,0,6,0
2020-05-24,Solano,095,438530,541,436,0,436,5
2020-05-24,Sonoma,097,501317,552,485,0,485,4
2020-05-24,Stanislaus,099,539301,726,634,5,639,27
2020-05-24,Sutter,101,95872,42,38,0,38,2
2020-05-24,Tehama,103,63373,5,2,1,3,1
2020-05-24,Trinity,105,12862,5,1,1,2,0
2020-05-24,Tulare,107,460477,2232,1684,4,1688,74
2020-05-24,Tuolumne,109,53932,4,2,0,2,0
2020-05-24,Ventura,111,848112,1443,982,4,986,27
2020-05-24,Yolo,113,214977,213,192,0,192,22
2020-05-24,Yuba,115,75493,26,24,0,24,1
2020-05-23,Alameda,001,1643700,3321,2783,3,2786,91
2020-05-23,Alpine,003,1148,2,1,0,1,0
2020-05-23,Amador,005,37829,9,9,0,9,0
2020-05-23,Butte,007,227075,60,34,1,35,0
2020-05-23,Calaveras,009,45235,12,13,0,13,0
2020-05-23,Colusa,011,21464,7,4,0,4,0
2020-05-23,Contra Costa,013,1133247,1489,1302,0,1302,36
2020-05-23,Del Norte,015,27424,43,10,0,10,0
2020-05-23,El Dorado,017,186661,97,74,0,74,0
2020-05-23,Fresno,019,978130,2778,1447,37,1484,21
2020-05-23,Glenn,021,27897,15,12,0,12,0
2020-05-23,Humboldt,023,135768,104,80,0,80,2
2020-05-23,Imperial,025,180216,2587,1283,4,1287,14
2020-05-23,Inyo,027,18085,19,20,0,20,1
2020-05-23,Kern,029,883053,2386,1806,5,1811,31
2020-05-23,Kings,031,150075,757,444,2,446,2
2020-05-23,Lake,033,64148,23,10,0,10,0
2020-05-23,Lassen,035,31185,6,0,2,2,0
2020-05-23,Los Angeles,037,10098052,53085,44029,20,44049,2069
2020-05-23,Madera,039,155013,182,83,1,84,2
2020-05-23,Marin,041,260295,435,393,1,394,14
2020-05-23,Mariposa,043,17540,16,15,0,15,1
2020-05-23,Mendocino,045,87422,22,13,0,13,0
2020-05-23,Merced,047,269075,352,247,0,247,6
2020-05-23,Modoc,049,8938,0,0,0,0,0
2020-05-23,Mono,051,14174,36,34,0,34,1
2020-05-23,Monterey,053,433212,498,397,1,398,8
2020-05-23,Napa,055,140530,123,101,0,101,3
2020-05-23,Nevada,057,99092,43,41,1,42,1
2020-05-23,Orange,059,3164182,7944,5313,60,5373,113
2020-05-23,Placer,061,380077,210,184,0,184,9
2020-05-23,Plumas,063,18699,4,4,0,4,0
2020-05-23,Riverside,065,2383286,7814,6460,11,6471,284
2020-05-23,Sacramento,067,1510023,1369,1275,1,1276,50
2020-05-23,San Benito,069,59416,80,67,0,67,2
2020-05-23,San Bernardino,071,2135413,5323,4172,4,4176,175
2020-05-23,San Diego,073,3302833,7561,6561,0,6561,249
2020-05-23,San Francisco,075,870044,2492,2312,0,2312,40
2020-05-23,San Joaquin,077,732212,930,759,4,763,33
2020-05-23,San Luis Obispo,079,281455,328,256,2,258,1
2020-05-23,San Mateo,081,765935,2164,1862,2,1864,71
2020-05-23,Santa Barbara,083,443738,2076,1566,6,1572,9
2020-05-23,Santa Clara,085,1922200,3196,2593,7,2600,139
2020-05-23,Santa Cruz,087,273765,211,177,0,177,2
2020-05-23,Shasta,089,179085,51,35,0,35,4
2020-05-23,Sierra,091,2930,1,1,0,1,0
2020-05-23,Siskiyou,093,43540,7,6,0,6,0
2020-05-23,Solano,095,438530,536,435,0,435,5
2020-05-23,Sonoma,097,501317,538,462,0,462,4
2020-05-23,Stanislaus,099,539301,718,625,5,630,27
2020-05-23,Sutter,101,95872,41,38,0,38,2
2020-05-23,Tehama,103,63373,5,2,1,3,1
2020-05-23,Trinity,105,12862,5,1,1,2,0
2020-05-23,Tulare,107,460477,2211,1682,4,1686,73
2020-05-23,Tuolumne,109,53932,4,2,0,2,0
2020-05-23,Ventura,111,848112,1423,961,4,965,27
2020-05-23,Yolo,113,214977,212,188,0,188,22
2020-05-23,Yuba,115,75493,26,24,0,24,1
2020-05-22,Alameda,001,1643700,3267,2722,3,2725,91
2020-05-22,Alpine,003,1148,2,1,0,1,0
2020-05-22,Amador,005,37829,9,9,0,9,0
2020-05-22,Butte,007,227075,58,34,1,35,0
2020-05-22,Calaveras,009,45235,12,13,0,13,0
2020-05-22,Colusa,011,21464,7,4,0,4,0
2020-05-22,Contra Costa,013,1133247,1477,1272,0,1272,36
2020-05-22,Del Norte,015,27424,41,9,0,9,0
2020-05-22,El Dorado,017,186661,94,74,0,74,0
2020-05-22,Fresno,019,978130,2719,1399,36,1435,20
2020-05-22,Glenn,021,27897,15,12,0,12,0
2020-05-22,Humboldt,023,135768,104,80,0,80,2
2020-05-22,Imperial,025,180216,2487,1214,4,1218,14
2020-05-22,Inyo,027,18085,19,20,0,20,1
2020-05-22,Kern,029,883053,2337,1749,5,1754,28
2020-05-22,Kings,031,150075,754,428,2,430,2
2020-05-22,Lake,033,64148,22,10,0,10,0
2020-05-22,Lassen,035,31185,4,0,2,2,0
2020-05-22,Los Angeles,037,10098052,52293,43025,20,43045,2027
2020-05-22,Madera,039,155013,178,82,1,83,2
2020-05-22,Marin,041,260295,431,372,1,373,14
2020-05-22,Mariposa,043,17540,16,15,0,15,1
2020-05-22,Mendocino,045,87422,21,13,0,13,0
2020-05-22,Merced,047,269075,352,233,0,233,6
2020-05-22,Modoc,049,8938,0,0,0,0,0
2020-05-22,Mono,051,14174,36,34,0,34,1
2020-05-22,Monterey,053,433212,487,372,1,373,8
2020-05-22,Napa,055,140530,121,97,0,97,3
2020-05-22,Nevada,057,99092,42,41,1,42,1
2020-05-22,Orange,059,3164182,7747,5144,58,5202,113
2020-05-22,Placer,061,380077,210,181,0,181,9
2020-05-22,Plumas,063,18699,4,4,0,4,0
2020-05-22,Riverside,065,2383286,7699,6351,11,6362,283
2020-05-22,Sacramento,067,1510023,1353,1262,1,1263,50
2020-05-22,San Benito,069,59416,79,64,0,64,2
2020-05-22,San Bernardino,071,2135413,5248,4107,4,4111,173
2020-05-22,San Diego,073,3302833,7475,6436,0,6436,242
2020-05-22,San Francisco,075,870044,2474,2251,0,2251,40
2020-05-22,San Joaquin,077,732212,917,747,4,751,33
2020-05-22,San Luis Obispo,079,281455,328,254,2,256,1
2020-05-22,San Mateo,081,765935,2145,1847,2,1849,71
2020-05-22,Santa Barbara,083,443738,2056,1554,6,1560,9
2020-05-22,Santa Clara,085,1922200,3176,2537,7,2544,139
2020-05-22,Santa Cruz,087,273765,208,171,0,171,2
2020-05-22,Shasta,089,179085,51,34,0,34,4
2020-05-22,Sierra,091,2930,1,0,0,0,0
2020-05-22,Siskiyou,093,43540,7,6,0,6,0
2020-05-22,Solano,095,438530,533,431,0,431,4
2020-05-22,Sonoma,097,501317,534,444,0,444,4
2020-05-22,Stanislaus,099,539301,708,616,5,621,27
2020-05-22,Sutter,101,95872,41,38,0,38,2
2020-05-22,Tehama,103,63373,5,2,0,2,1
2020-05-22,Trinity,105,12862,5,1,1,2,0
2020-05-22,Tulare,107,460477,2181,1662,4,1666,73
2020-05-22,Tuolumne,109,53932,4,2,0,2,0
2020-05-22,Ventura,111,848112,1405,937,4,941,27
2020-05-22,Yolo,113,214977,210,187,0,187,22
2020-05-22,Yuba,115,75493,26,24,0,24,1
2020-05-21,Alameda,001,1643700,3202,2606,3,2609,89
2020-05-21,Alpine,003,1148,2,1,0,1,0
2020-05-21,Amador,005,37829,9,9,0,9,0
2020-05-21,Butte,007,227075,57,31,1,32,0
2020-05-21,Calaveras,009,45235,11,13,0,13,0
2020-05-21,Colusa,011,21464,7,4,0,4,0
2020-05-21,Contra Costa,013,1133247,1441,1243,0,1243,36
2020-05-21,Del Norte,015,27424,38,9,0,9,0
2020-05-21,El Dorado,017,186661,92,67,0,67,0
2020-05-21,Fresno,019,978130,2628,1362,36,1398,20
2020-05-21,Glenn,021,27897,14,12,0,12,0
2020-05-21,Humboldt,023,135768,103,79,0,79,0
2020-05-21,Imperial,025,180216,2327,1096,4,1100,14
2020-05-21,Inyo,027,18085,19,20,0,20,1
2020-05-21,Kern,029,883053,2261,1684,4,1688,27
2020-05-21,Kings,031,150075,733,417,2,419,2
2020-05-21,Lake,033,64148,17,10,0,10,0
2020-05-21,Lassen,035,31185,4,0,2,2,0
2020-05-21,Los Angeles,037,10098052,51259,42063,20,42083,1996
2020-05-21,Madera,039,155013,175,82,1,83,2
2020-05-21,Marin,041,260295,420,359,1,360,14
2020-05-21,Mariposa,043,17540,16,15,0,15,1
2020-05-21,Mendocino,045,87422,21,12,0,12,0
2020-05-21,Merced,047,269075,341,226,0,226,6
2020-05-21,Modoc,049,8938,0,0,0,0,0
2020-05-21,Mono,051,14174,36,33,0,33,1
2020-05-21,Monterey,053,433212,476,363,1,364,8
2020-05-21,Napa,055,140530,119,96,0,96,3
2020-05-21,Nevada,057,99092,42,41,1,42,1
2020-05-21,Orange,059,3164182,7542,4975,57,5032,106
2020-05-21,Placer,061,380077,203,176,0,176,8
2020-05-21,Plumas,063,18699,4,4,0,4,0
2020-05-21,Riverside,065,2383286,7512,6245,11,6256,279
2020-05-21,Sacramento,067,1510023,1340,1258,1,1259,56
2020-05-21,San Benito,069,59416,76,61,0,61,2
2020-05-21,San Bernardino,071,2135413,5101,3950,4,3954,167
2020-05-21,San Diego,073,3302833,7339,6317,0,6317,241
2020-05-21,San Francisco,075,870044,2450,2248,0,2248,37
2020-05-21,San Joaquin,077,732212,881,730,4,734,33
2020-05-21,San Luis Obispo,079,281455,328,251,1,252,1
2020-05-21,San Mateo,081,765935,2108,1791,2,1793,74
2020-05-21,Santa Barbara,083,443738,2035,1541,6,1547,10
2020-05-21,Santa Clara,085,1922200,3155,2520,7,2527,138
2020-05-21,Santa Cruz,087,273765,200,164,0,164,3
2020-05-21,Shasta,089,179085,49,34,0,34,4
2020-05-21,Sierra,091,2930,1,0,0,0,0
2020-05-21,Siskiyou,093,43540,7,6,0,6,0
2020-05-21,Solano,095,438530,524,424,0,424,4
2020-05-21,Sonoma,097,501317,516,427,0,427,4
2020-05-21,Stanislaus,099,539301,697,602,5,607,27
2020-05-21,Sutter,101,95872,40,38,0,38,2
2020-05-21,Tehama,103,63373,4,2,0,2,1
2020-05-21,Trinity,105,12862,4,1,1,2,0
2020-05-21,Tulare,107,460477,2131,1606,4,1610,73
2020-05-21,Tuolumne,109,53932,2,2,0,2,0
2020-05-21,Ventura,111,848112,1356,907,4,911,30
2020-05-21,Yolo,113,214977,207,185,0,185,22
2020-05-21,Yuba,115,75493,26,24,0,24,1
2020-05-20,Alameda,001,1643700,3128,2554,3,2557,89
2020-05-20,Alpine,003,1148,2,1,0,1,0
2020-05-20,Amador,005,37829,9,9,0,9,0
2020-05-20,Butte,007,227075,54,30,1,31,0
2020-05-20,Calaveras,009,45235,11,13,0,13,0
2020-05-20,Colusa,011,21464,7,3,0,3,0
2020-05-20,Contra Costa,013,1133247,1411,1223,0,1223,33
2020-05-20,Del Norte,015,27424,31,9,0,9,0
2020-05-20,El Dorado,017,186661,91,67,0,67,0
2020-05-20,Fresno,019,978130,2555,1329,35,1364,17
2020-05-20,Glenn,021,27897,13,12,0,12,0
2020-05-20,Humboldt,023,135768,100,73,0,73,0
2020-05-20,Imperial,025,180216,2216,1047,4,1051,14
2020-05-20,Inyo,027,18085,19,20,0,20,1
2020-05-20,Kern,029,883053,2198,1639,3,1642,27
2020-05-20,Kings,031,150075,590,403,2,405,2
2020-05-20,Lake,033,64148,17,9,0,9,0
2020-05-20,Lassen,035,31185,3,0,2,2,0
2020-05-20,Los Angeles,037,10098052,50263,40932,20,40952,1955
2020-05-20,Madera,039,155013,173,82,1,83,2
2020-05-20,Marin,041,260295,393,348,1,349,14
2020-05-20,Mariposa,043,17540,16,15,0,15,1
2020-05-20,Mendocino,045,87422,21,12,0,12,0
2020-05-20,Merced,047,269075,334,225,0,225,6
2020-05-20,Modoc,049,8938,0,0,0,0,0
2020-05-20,Mono,051,14174,36,33,0,33,1
2020-05-20,Monterey,053,433212,462,356,1,357,8
2020-05-20,Napa,055,140530,112,93,0,93,3
2020-05-20,Nevada,057,99092,42,41,1,42,1
2020-05-20,Orange,059,3164182,7331,4866,55,4921,96
2020-05-20,Placer,061,380077,201,176,0,176,8
2020-05-20,Plumas,063,18699,4,4,0,4,0
2020-05-20,Riverside,065,2383286,7369,6090,11,6101,265
2020-05-20,Sacramento,067,1510023,1330,1244,1,1245,56
2020-05-20,San Benito,069,59416,75,61,0,61,2
2020-05-20,San Bernardino,071,2135413,4974,3771,4,3775,161
2020-05-20,San Diego,073,3302833,7222,6142,0,6142,230
2020-05-20,San Francisco,075,870044,2427,2199,0,2199,37
2020-05-20,San Joaquin,077,732212,844,713,4,717,33
2020-05-20,San Luis Obispo,079,281455,322,249,1,250,1
2020-05-20,San Mateo,081,765935,2055,1739,2,1741,74
2020-05-20,Santa Barbara,083,443738,2012,1524,6,1530,10
2020-05-20,Santa Clara,085,1922200,3134,2508,7,2515,138
2020-05-20,Santa Cruz,087,273765,197,163,0,163,3
2020-05-20,Shasta,089,179085,49,34,0,34,4
2020-05-20,Sierra,091,2930,1,0,0,0,0
2020-05-20,Siskiyou,093,43540,7,6,0,6,0
2020-05-20,Solano,095,438530,519,418,0,418,4
2020-05-20,Sonoma,097,501317,507,411,0,411,4
2020-05-20,Stanislaus,099,539301,681,584,4,588,25
2020-05-20,Sutter,101,95872,40,38,0,38,2
2020-05-20,Tehama,103,63373,4,2,0,2,1
2020-05-20,Trinity,105,12862,4,1,1,2,0
2020-05-20,Tulare,107,460477,2092,1585,4,1589,71
2020-05-20,Tuolumne,109,53932,2,2,0,2,0
2020-05-20,Ventura,111,848112,1320,879,4,883,29
2020-05-20,Yolo,113,214977,204,184,0,184,22
2020-05-20,Yuba,115,75493,26,23,0,23,1
2020-05-19,Alameda,001,1643700,3051,2493,1,2494,88
2020-05-19,Alpine,003,1148,2,1,0,1,0
2020-05-19,Amador,005,37829,9,9,0,9,0
2020-05-19,Butte,007,227075,52,25,1,26,0
2020-05-19,Calaveras,009,45235,11,13,0,13,0
2020-05-19,Colusa,011,21464,5,3,0,3,0
2020-05-19,Contra Costa,013,1133247,1388,1205,0,1205,33
2020-05-19,Del Norte,015,27424,28,8,0,8,0
2020-05-19,El Dorado,017,186661,88,67,0,67,0
2020-05-19,Fresno,019,978130,2442,1288,34,1322,15
2020-05-19,Glenn,021,27897,13,12,0,12,0
2020-05-19,Humboldt,023,135768,100,72,0,72,0
2020-05-19,Imperial,025,180216,2055,1012,4,1016,14
2020-05-19,Inyo,027,18085,19,20,0,20,1
2020-05-19,Kern,029,883053,2100,1601,3,1604,26
2020-05-19,Kings,031,150075,579,393,2,395,2
2020-05-19,Lake,033,64148,14,11,0,11,0
2020-05-19,Lassen,035,31185,3,0,2,2,0
2020-05-19,Los Angeles,037,10098052,49057,39670,20,39690,1906
2020-05-19,Madera,039,155013,169,80,1,81,2
2020-05-19,Marin,041,260295,369,340,1,341,14
2020-05-19,Mariposa,043,17540,16,15,0,15,1
2020-05-19,Mendocino,045,87422,21,12,0,12,0
2020-05-19,Merced,047,269075,326,222,0,222,5
2020-05-19,Modoc,049,8938,0,0,0,0,0
2020-05-19,Mono,051,14174,36,33,0,33,1
2020-05-19,Monterey,053,433212,450,350,1,351,8
2020-05-19,Napa,055,140530,111,93,0,93,3
2020-05-19,Nevada,057,99092,42,41,1,42,1
2020-05-19,Orange,059,3164182,7133,4746,53,4799,90
2020-05-19,Placer,061,380077,199,177,0,177,8
2020-05-19,Plumas,063,18699,4,5,0,5,0
2020-05-19,Riverside,065,2383286,7209,5963,11,5974,265
2020-05-19,Sacramento,067,1510023,1316,1239,1,1240,57
2020-05-19,San Benito,069,59416,73,59,0,59,2
2020-05-19,San Bernardino,071,2135413,4824,3656,4,3660,158
2020-05-19,San Diego,073,3302833,7078,6028,0,6028,222
2020-05-19,San Francisco,075,870044,2393,2186,0,2186,37
2020-05-19,San Joaquin,077,732212,822,705,4,709,33
2020-05-19,San Luis Obispo,079,281455,321,245,1,246,1
2020-05-19,San Mateo,081,765935,2014,1704,2,1706,71
2020-05-19,Santa Barbara,083,443738,1991,1521,6,1527,10
2020-05-19,Santa Clara,085,1922200,3084,2480,7,2487,138
2020-05-19,Santa Cruz,087,273765,186,161,0,161,3
2020-05-19,Shasta,089,179085,49,34,0,34,4
2020-05-19,Sierra,091,2930,0,0,0,0,0
2020-05-19,Siskiyou,093,43540,7,6,0,6,0
2020-05-19,Solano,095,438530,505,415,0,415,4
2020-05-19,Sonoma,097,501317,496,389,0,389,4
2020-05-19,Stanislaus,099,539301,667,582,4,586,25
2020-05-19,Sutter,101,95872,40,38,0,38,2
2020-05-19,Tehama,103,63373,4,2,0,2,1
2020-05-19,Trinity,105,12862,3,1,0,1,0
2020-05-19,Tulare,107,460477,2045,1551,4,1555,68
2020-05-19,Tuolumne,109,53932,2,2,0,2,0
2020-05-19,Ventura,111,848112,1279,861,3,864,28
2020-05-19,Yolo,113,214977,202,183,0,183,22
2020-05-19,Yuba,115,75493,26,23,0,23,1
2020-05-18,Alameda,001,1643700,2979,2442,1,2443,84
2020-05-18,Alpine,003,1148,1,1,0,1,0
2020-05-18,Amador,005,37829,9,8,0,8,0
2020-05-18,Butte,007,227075,50,24,1,25,0
2020-05-18,Calaveras,009,45235,11,13,0,13,0
2020-05-18,Colusa,011,21464,5,3,0,3,0
2020-05-18,Contra Costa,013,1133247,1357,1173,0,1173,33
2020-05-18,Del Norte,015,27424,23,8,0,8,0
2020-05-18,El Dorado,017,186661,86,67,0,67,0
2020-05-18,Fresno,019,978130,2363,1244,33,1277,14
2020-05-18,Glenn,021,27897,13,11,0,11,0
2020-05-18,Humboldt,023,135768,100,70,0,70,0
2020-05-18,Imperial,025,180216,1901,767,4,771,14
2020-05-18,Inyo,027,18085,19,20,0,20,1
2020-05-18,Kern,029,883053,2051,1566,3,1569,26
2020-05-18,Kings,031,150075,548,381,2,383,2
2020-05-18,Lake,033,64148,13,9,0,9,0
2020-05-18,Lassen,035,31185,3,0,2,2,0
2020-05-18,Los Angeles,037,10098052,48036,38477,20,38497,1825
2020-05-18,Madera,039,155013,163,74,1,75,2
2020-05-18,Marin,041,260295,356,329,1,330,14
2020-05-18,Mariposa,043,17540,16,15,0,15,1
2020-05-18,Mendocino,045,87422,16,12,0,12,0
2020-05-18,Merced,047,269075,316,217,0,217,5
2020-05-18,Modoc,049,8938,0,0,0,0,0
2020-05-18,Mono,051,14174,36,33,0,33,1
2020-05-18,Monterey,053,433212,439,345,1,346,8
2020-05-18,Napa,055,140530,107,92,0,92,3
2020-05-18,Nevada,057,99092,42,41,1,42,1
2020-05-18,Orange,059,3164182,6943,4558,50,4608,88
2020-05-18,Placer,061,380077,197,176,0,176,8
2020-05-18,Plumas,063,18699,4,5,0,5,0
2020-05-18,Riverside,065,2383286,7009,5873,11,5884,253
2020-05-18,Sacramento,067,1510023,1310,1233,0,1233,57
2020-05-18,San Benito,069,59416,71,59,0,59,2
2020-05-18,San Bernardino,071,2135413,4677,3558,4,3562,156
2020-05-18,San Diego,073,3302833,6945,5948,0,5948,211
2020-05-18,San Francisco,075,870044,2370,2183,0,2183,36
2020-05-18,San Joaquin,077,732212,810,697,4,701,33
2020-05-18,San Luis Obispo,079,281455,317,243,1,244,1
2020-05-18,San Mateo,081,765935,1976,1701,2,1703,68
2020-05-18,Santa Barbara,083,443738,1967,1501,6,1507,10
2020-05-18,Santa Clara,085,1922200,3051,2468,7,2475,137
2020-05-18,Santa Cruz,087,273765,184,160,0,160,3
2020-05-18,Shasta,089,179085,48,34,0,34,4
2020-05-18,Sierra,091,2930,0,0,0,0,0
2020-05-18,Siskiyou,093,43540,7,6,0,6,0
2020-05-18,Solano,095,438530,495,398,0,398,4
2020-05-18,Sonoma,097,501317,478,387,0,387,4
2020-05-18,Stanislaus,099,539301,655,572,4,576,25
2020-05-18,Sutter,101,95872,40,38,0,38,2
2020-05-18,Tehama,103,63373,4,2,0,2,1
2020-05-18,Trinity,105,12862,3,1,0,1,0
2020-05-18,Tulare,107,460477,2000,1491,4,1495,63
2020-05-18,Tuolumne,109,53932,2,2,0,2,0
2020-05-18,Ventura,111,848112,1257,850,2,852,27
2020-05-18,Yolo,113,214977,197,183,0,183,22
2020-05-18,Yuba,115,75493,26,23,0,23,1
2020-05-17,Alameda,001,1643700,2884,2389,1,2390,83
2020-05-17,Alpine,003,1148,1,1,0,1,0
2020-05-17,Amador,005,37829,9,8,0,8,0
2020-05-17,Butte,007,227075,49,23,1,24,0
2020-05-17,Calaveras,009,45235,11,13,0,13,0
2020-05-17,Colusa,011,21464,3,3,0,3,0
2020-05-17,Contra Costa,013,1133247,1318,1155,0,1155,33
2020-05-17,Del Norte,015,27424,23,7,0,7,0
2020-05-17,El Dorado,017,186661,86,65,0,65,0
2020-05-17,Fresno,019,978130,2261,1213,30,1243,14
2020-05-17,Glenn,021,27897,13,9,0,9,0
2020-05-17,Humboldt,023,135768,93,70,0,70,0
2020-05-17,Imperial,025,180216,1752,715,4,719,14
2020-05-17,Inyo,027,18085,19,20,0,20,1
2020-05-17,Kern,029,883053,1973,1546,3,1549,26
2020-05-17,Kings,031,150075,501,356,2,358,2
2020-05-17,Lake,033,64148,13,7,0,7,0
2020-05-17,Lassen,035,31185,3,0,2,2,0
2020-05-17,Los Angeles,037,10098052,46798,37996,20,38016,1807
2020-05-17,Madera,039,155013,161,69,1,70,2
2020-05-17,Marin,041,260295,345,315,1,316,14
2020-05-17,Mariposa,043,17540,15,15,0,15,1
2020-05-17,Mendocino,045,87422,15,10,0,10,0
2020-05-17,Merced,047,269075,305,214,0,214,5
2020-05-17,Modoc,049,8938,0,0,0,0,0
2020-05-17,Mono,051,14174,36,32,0,32,1
2020-05-17,Monterey,053,433212,419,342,1,343,8
2020-05-17,Napa,055,140530,103,89,0,89,3
2020-05-17,Nevada,057,99092,42,41,1,42,1
2020-05-17,Orange,059,3164182,6758,4466,49,4515,88
2020-05-17,Placer,061,380077,192,175,0,175,8
2020-05-17,Plumas,063,18699,4,4,0,4,0
2020-05-17,Riverside,065,2383286,6836,5776,11,5787,245
2020-05-17,Sacramento,067,1510023,1299,1224,0,1224,56
2020-05-17,San Benito,069,59416,70,59,0,59,2
2020-05-17,San Bernardino,071,2135413,4527,3467,4,3471,155
2020-05-17,San Diego,073,3302833,6813,5838,0,5838,209
2020-05-17,San Francisco,075,870044,2343,2132,0,2132,36
2020-05-17,San Joaquin,077,732212,780,688,4,692,32
2020-05-17,San Luis Obispo,079,281455,315,242,1,243,1
2020-05-17,San Mateo,081,765935,1939,1680,2,1682,68
2020-05-17,Santa Barbara,083,443738,1935,1457,6,1463,10
2020-05-17,Santa Clara,085,1922200,3013,2453,7,2460,135
2020-05-17,Santa Cruz,087,273765,173,155,0,155,3
2020-05-17,Shasta,089,179085,47,34,0,34,4
2020-05-17,Sierra,091,2930,0,0,0,0,0
2020-05-17,Siskiyou,093,43540,7,6,0,6,0
2020-05-17,Solano,095,438530,483,392,0,392,4
2020-05-17,Sonoma,097,501317,457,376,0,376,4
2020-05-17,Stanislaus,099,539301,644,566,4,570,25
2020-05-17,Sutter,101,95872,39,38,0,38,2
2020-05-17,Tehama,103,63373,3,2,0,2,1
2020-05-17,Trinity,105,12862,2,1,0,1,0
2020-05-17,Tulare,107,460477,1929,1430,3,1433,63
2020-05-17,Tuolumne,109,53932,2,2,0,2,0
2020-05-17,Ventura,111,848112,1212,838,2,840,27
2020-05-17,Yolo,113,214977,195,182,0,182,22
2020-05-17,Yuba,115,75493,26,21,0,21,1
2020-05-16,Alameda,001,1643700,2834,2327,1,2328,83
2020-05-16,Alpine,003,1148,1,1,0,1,0
2020-05-16,Amador,005,37829,9,8,0,8,0
2020-05-16,Butte,007,227075,44,22,1,23,0
2020-05-16,Calaveras,009,45235,11,13,0,13,0
2020-05-16,Colusa,011,21464,3,3,0,3,0
2020-05-16,Contra Costa,013,1133247,1300,1136,0,1136,33
2020-05-16,Del Norte,015,27424,19,4,0,4,0
2020-05-16,El Dorado,017,186661,86,65,0,65,0
2020-05-16,Fresno,019,978130,2206,1177,30,1207,14
2020-05-16,Glenn,021,27897,13,9,0,9,0
2020-05-16,Humboldt,023,135768,91,69,0,69,0
2020-05-16,Imperial,025,180216,1688,712,4,716,14
2020-05-16,Inyo,027,18085,19,20,0,20,1
2020-05-16,Kern,029,883053,1937,1509,3,1512,26
2020-05-16,Kings,031,150075,491,356,2,358,2
2020-05-16,Lake,033,64148,13,7,0,7,0
2020-05-16,Lassen,035,31185,2,0,2,2,0
2020-05-16,Los Angeles,037,10098052,46221,37352,20,37372,1778
2020-05-16,Madera,039,155013,159,70,1,71,2
2020-05-16,Marin,041,260295,341,297,1,298,14
2020-05-16,Mariposa,043,17540,15,15,0,15,1
2020-05-16,Mendocino,045,87422,15,10,0,10,0
2020-05-16,Merced,047,269075,303,201,0,201,5
2020-05-16,Modoc,049,8938,0,0,0,0,0
2020-05-16,Mono,051,14174,36,32,0,32,1
2020-05-16,Monterey,053,433212,404,329,1,330,8
2020-05-16,Napa,055,140530,103,86,0,86,3
2020-05-16,Nevada,057,99092,42,41,1,42,1
2020-05-16,Orange,059,3164182,6682,4396,49,4445,87
2020-05-16,Placer,061,380077,190,174,0,174,8
2020-05-16,Plumas,063,18699,4,4,0,4,0
2020-05-16,Riverside,065,2383286,6751,5633,11,5644,243
2020-05-16,Sacramento,067,1510023,1292,1209,0,1209,55
2020-05-16,San Benito,069,59416,65,58,0,58,2
2020-05-16,San Bernardino,071,2135413,4454,3362,4,3366,155
2020-05-16,San Diego,073,3302833,6727,5664,0,5664,209
2020-05-16,San Francisco,075,870044,2320,2094,0,2094,36
2020-05-16,San Joaquin,077,732212,772,668,4,672,32
2020-05-16,San Luis Obispo,079,281455,314,240,1,241,1
2020-05-16,San Mateo,081,765935,1924,1652,2,1654,68
2020-05-16,Santa Barbara,083,443738,1919,1422,5,1427,10
2020-05-16,Santa Clara,085,1922200,2996,2420,6,2426,135
2020-05-16,Santa Cruz,087,273765,170,154,0,154,3
2020-05-16,Shasta,089,179085,47,33,0,33,4
2020-05-16,Sierra,091,2930,0,0,0,0,0
2020-05-16,Siskiyou,093,43540,7,6,0,6,0
2020-05-16,Solano,095,438530,478,392,0,392,4
2020-05-16,Sonoma,097,501317,444,356,0,356,4
2020-05-16,Stanislaus,099,539301,635,546,4,550,24
2020-05-16,Sutter,101,95872,39,35,0,35,2
2020-05-16,Tehama,103,63373,3,2,0,2,1
2020-05-16,Trinity,105,12862,2,1,0,1,0
2020-05-16,Tulare,107,460477,1911,1426,3,1429,63
2020-05-16,Tuolumne,109,53932,2,2,0,2,0
2020-05-16,Ventura,111,848112,1187,813,2,815,25
2020-05-16,Yolo,113,214977,194,181,0,181,22
2020-05-16,Yuba,115,75493,26,21,0,21,1
2020-05-15,Alameda,001,1643700,2800,2289,1,2290,83
2020-05-15,Alpine,003,1148,1,1,0,1,0
2020-05-15,Amador,005,37829,9,8,0,8,0
2020-05-15,Butte,007,227075,42,22,1,23,0
2020-05-15,Calaveras,009,45235,11,13,0,13,0
2020-05-15,Colusa,011,21464,3,3,0,3,0
2020-05-15,Contra Costa,013,1133247,1282,1106,0,1106,33
2020-05-15,Del Norte,015,27424,14,4,0,4,0
2020-05-15,El Dorado,017,186661,86,64,0,64,0
2020-05-15,Fresno,019,978130,2138,1126,30,1156,14
2020-05-15,Glenn,021,27897,13,9,0,9,0
2020-05-15,Humboldt,023,135768,90,60,0,60,0
2020-05-15,Imperial,025,180216,1605,680,0,680,14
2020-05-15,Inyo,027,18085,19,20,0,20,1
2020-05-15,Kern,029,883053,1881,1472,3,1475,25
2020-05-15,Kings,031,150075,488,347,2,349,2
2020-05-15,Lake,033,64148,13,7,0,7,0
2020-05-15,Lassen,035,31185,2,0,2,2,0
2020-05-15,Los Angeles,037,10098052,45435,36317,20,36337,1734
2020-05-15,Madera,039,155013,158,71,1,72,2
2020-05-15,Marin,041,260295,333,295,1,296,14
2020-05-15,Mariposa,043,17540,15,15,0,15,1
2020-05-15,Mendocino,045,87422,15,10,0,10,0
2020-05-15,Merced,047,269075,300,191,0,191,5
2020-05-15,Modoc,049,8938,0,0,0,0,0
2020-05-15,Mono,051,14174,36,31,0,31,1
2020-05-15,Monterey,053,433212,398,321,1,322,8
2020-05-15,Napa,055,140530,103,83,0,83,3
2020-05-15,Nevada,057,99092,42,41,1,42,1
2020-05-15,Orange,059,3164182,6511,4281,49,4330,87
2020-05-15,Placer,061,380077,188,174,0,174,8
2020-05-15,Plumas,063,18699,4,4,0,4,0
2020-05-15,Riverside,065,2383286,6637,5496,11,5507,233
2020-05-15,Sacramento,067,1510023,1282,1203,0,1203,55
2020-05-15,San Benito,069,59416,62,57,0,57,2
2020-05-15,San Bernardino,071,2135413,4376,3225,4,3229,153
2020-05-15,San Diego,073,3302833,6620,5525,0,5525,208
2020-05-15,San Francisco,075,870044,2304,2062,0,2062,36
2020-05-15,San Joaquin,077,732212,766,656,4,660,32
2020-05-15,San Luis Obispo,079,281455,312,237,1,238,1
2020-05-15,San Mateo,081,765935,1902,1612,2,1614,68
2020-05-15,Santa Barbara,083,443738,1902,1409,5,1414,10
2020-05-15,Santa Clara,085,1922200,2959,2395,6,2401,135
2020-05-15,Santa Cruz,087,273765,169,146,0,146,3
2020-05-15,Shasta,089,179085,46,33,0,33,4
2020-05-15,Sierra,091,2930,0,0,0,0,0
2020-05-15,Siskiyou,093,43540,6,5,0,5,0
2020-05-15,Solano,095,438530,474,388,0,388,4
2020-05-15,Sonoma,097,501317,436,349,0,349,4
2020-05-15,Stanislaus,099,539301,628,540,4,544,23
2020-05-15,Sutter,101,95872,38,35,0,35,2
2020-05-15,Tehama,103,63373,3,1,0,1,1
2020-05-15,Trinity,105,12862,2,1,0,1,0
2020-05-15,Tulare,107,460477,1883,1356,3,1359,61
2020-05-15,Tuolumne,109,53932,2,2,0,2,0
2020-05-15,Ventura,111,848112,1170,789,1,790,25
2020-05-15,Yolo,113,214977,193,182,0,182,22
2020-05-15,Yuba,115,75493,26,21,0,21,1
2020-05-14,Alameda,001,1643700,2707,2255,1,2256,80
2020-05-14,Alpine,003,1148,1,1,0,1,0
2020-05-14,Amador,005,37829,9,8,0,8,0
2020-05-14,Butte,007,227075,40,22,1,23,0
2020-05-14,Calaveras,009,45235,11,13,0,13,0
2020-05-14,Colusa,011,21464,3,3,0,3,0
2020-05-14,Contra Costa,013,1133247,1256,1090,0,1090,32
2020-05-14,Del Norte,015,27424,14,4,0,4,0
2020-05-14,El Dorado,017,186661,77,59,0,59,0
2020-05-14,Fresno,019,978130,2080,1038,26,1064,12
2020-05-14,Glenn,021,27897,12,8,0,8,0
2020-05-14,Humboldt,023,135768,88,59,0,59,0
2020-05-14,Imperial,025,180216,1488,652,0,652,13
2020-05-14,Inyo,027,18085,19,20,0,20,1
2020-05-14,Kern,029,883053,1839,1430,3,1433,21
2020-05-14,Kings,031,150075,472,342,2,344,1
2020-05-14,Lake,033,64148,13,7,0,7,0
2020-05-14,Lassen,035,31185,2,0,2,2,0
2020-05-14,Los Angeles,037,10098052,44260,35427,20,35447,1693
2020-05-14,Madera,039,155013,149,69,1,70,2
2020-05-14,Marin,041,260295,315,283,1,284,14
2020-05-14,Mariposa,043,17540,15,15,0,15,0
2020-05-14,Mendocino,045,87422,14,10,0,10,0
2020-05-14,Merced,047,269075,290,182,0,182,3
2020-05-14,Modoc,049,8938,0,0,0,0,0
2020-05-14,Mono,051,14174,36,31,0,31,1
2020-05-14,Monterey,053,433212,388,317,1,318,7
2020-05-14,Napa,055,140530,101,83,0,83,3
2020-05-14,Nevada,057,99092,41,41,1,42,1
2020-05-14,Orange,059,3164182,6333,4163,47,4210,83
2020-05-14,Placer,061,380077,188,172,0,172,8
2020-05-14,Plumas,063,18699,4,4,0,4,0
2020-05-14,Riverside,065,2383286,6453,5339,11,5350,224
2020-05-14,Sacramento,067,1510023,1270,1181,0,1181,55
2020-05-14,San Benito,069,59416,60,56,0,56,2
2020-05-14,San Bernardino,071,2135413,4198,3149,4,3153,149
2020-05-14,San Diego,073,3302833,6485,5393,0,5393,200
2020-05-14,San Francisco,075,870044,2271,2029,0,2029,36
2020-05-14,San Joaquin,077,732212,751,643,4,647,31
2020-05-14,San Luis Obispo,079,281455,309,236,1,237,1
2020-05-14,San Mateo,081,765935,1870,1588,2,1590,67
2020-05-14,Santa Barbara,083,443738,1876,1395,5,1400,11
2020-05-14,Santa Clara,085,1922200,2936,2380,6,2386,134
2020-05-14,Santa Cruz,087,273765,167,145,0,145,3
2020-05-14,Shasta,089,179085,46,33,0,33,4
2020-05-14,Sierra,091,2930,0,0,0,0,0
2020-05-14,Siskiyou,093,43540,6,5,0,5,0
2020-05-14,Solano,095,438530,465,372,0,372,4
2020-05-14,Sonoma,097,501317,419,333,0,333,4
2020-05-14,Stanislaus,099,539301,609,533,4,537,23
2020-05-14,Sutter,101,95872,38,34,0,34,2
2020-05-14,Tehama,103,63373,3,1,0,1,1
2020-05-14,Trinity,105,12862,2,1,0,1,0
2020-05-14,Tulare,107,460477,1846,1317,3,1320,55
2020-05-14,Tuolumne,109,53932,2,2,0,2,0
2020-05-14,Ventura,111,848112,1140,760,1,761,25
2020-05-14,Yolo,113,214977,193,180,0,180,22
2020-05-14,Yuba,115,75493,26,21,0,21,1
2020-05-13,Alameda,001,1643700,2649,2181,1,2182,78
2020-05-13,Alpine,003,1148,1,1,0,1,0
2020-05-13,Amador,005,37829,9,8,0,8,0
2020-05-13,Butte,007,227075,40,21,1,22,0
2020-05-13,Calaveras,009,45235,11,13,0,13,0
2020-05-13,Colusa,011,21464,3,3,0,3,0
2020-05-13,Contra Costa,013,1133247,1234,1082,0,1082,32
2020-05-13,Del Norte,015,27424,13,4,0,4,0
2020-05-13,El Dorado,017,186661,76,58,0,58,0
2020-05-13,Fresno,019,978130,1987,993,26,1019,10
2020-05-13,Glenn,021,27897,11,6,0,6,0
2020-05-13,Humboldt,023,135768,82,58,0,58,0
2020-05-13,Imperial,025,180216,1418,610,0,610,11
2020-05-13,Inyo,027,18085,19,20,0,20,1
2020-05-13,Kern,029,883053,1793,1390,3,1393,19
2020-05-13,Kings,031,150075,458,314,2,316,1
2020-05-13,Lake,033,64148,13,7,0,7,0
2020-05-13,Lassen,035,31185,2,0,2,2,0
2020-05-13,Los Angeles,037,10098052,42954,34574,20,34594,1643
2020-05-13,Madera,039,155013,140,69,1,70,2
2020-05-13,Marin,041,260295,302,278,1,279,14
2020-05-13,Mariposa,043,17540,15,15,0,15,0
2020-05-13,Mendocino,045,87422,14,10,0,10,0
2020-05-13,Merced,047,269075,287,176,0,176,3
2020-05-13,Modoc,049,8938,0,0,0,0,0
2020-05-13,Mono,051,14174,35,31,0,31,1
2020-05-13,Monterey,053,433212,378,309,1,310,6
2020-05-13,Napa,055,140530,101,81,0,81,3
2020-05-13,Nevada,057,99092,41,41,1,42,1
2020-05-13,Orange,059,3164182,6081,4025,45,4070,79
2020-05-13,Placer,061,380077,187,170,0,170,8
2020-05-13,Plumas,063,18699,4,4,0,4,0
2020-05-13,Riverside,065,2383286,6330,5204,11,5215,216
2020-05-13,Sacramento,067,1510023,1255,1173,0,1173,53
2020-05-13,San Benito,069,59416,60,55,0,55,2
2020-05-13,San Bernardino,071,2135413,3942,3064,3,3067,140
2020-05-13,San Diego,073,3302833,6349,5280,0,5280,194
2020-05-13,San Francisco,075,870044,2243,2004,0,2004,35
2020-05-13,San Joaquin,077,732212,730,639,3,642,31
2020-05-13,San Luis Obispo,079,281455,307,231,1,232,1
2020-05-13,San Mateo,081,765935,1838,1550,2,1552,66
2020-05-13,Santa Barbara,083,443738,1849,1382,5,1387,10
2020-05-13,Santa Clara,085,1922200,2916,2370,6,2376,132
2020-05-13,Santa Cruz,087,273765,163,142,0,142,2
2020-05-13,Shasta,089,179085,46,32,0,32,4
2020-05-13,Sierra,091,2930,0,0,0,0,0
2020-05-13,Siskiyou,093,43540,6,5,0,5,0
2020-05-13,Solano,095,438530,452,368,0,368,4
2020-05-13,Sonoma,097,501317,409,330,0,330,4
2020-05-13,Stanislaus,099,539301,600,521,4,525,15
2020-05-13,Sutter,101,95872,38,33,0,33,2
2020-05-13,Tehama,103,63373,3,1,0,1,1
2020-05-13,Trinity,105,12862,2,2,0,2,0
2020-05-13,Tulare,107,460477,1813,1283,3,1286,54
2020-05-13,Tuolumne,109,53932,2,2,0,2,0
2020-05-13,Ventura,111,848112,1109,742,1,743,25
2020-05-13,Yolo,113,214977,191,178,0,178,22
2020-05-13,Yuba,115,75493,24,19,0,19,1
2020-05-12,Alameda,001,1643700,2585,2146,1,2147,74
2020-05-12,Alpine,003,1148,1,1,0,1,0
2020-05-12,Amador,005,37829,9,8,0,8,0
2020-05-12,Butte,007,227075,38,20,1,21,0
2020-05-12,Calaveras,009,45235,10,13,0,13,0
2020-05-12,Colusa,011,21464,3,3,0,3,0
2020-05-12,Contra Costa,013,1133247,1203,1067,0,1067,32
2020-05-12,Del Norte,015,27424,10,3,0,3,0
2020-05-12,El Dorado,017,186661,73,56,0,56,0
2020-05-12,Fresno,019,978130,1904,978,26,1004,9
2020-05-12,Glenn,021,27897,10,6,0,6,0
2020-05-12,Humboldt,023,135768,79,58,0,58,0
2020-05-12,Imperial,025,180216,1287,602,0,602,9
2020-05-12,Inyo,027,18085,19,20,0,20,1
2020-05-12,Kern,029,883053,1752,1363,3,1366,18
2020-05-12,Kings,031,150075,437,302,2,304,1
2020-05-12,Lake,033,64148,13,7,0,7,0
2020-05-12,Lassen,035,31185,2,0,2,2,0
2020-05-12,Los Angeles,037,10098052,41959,33281,19,33300,1601
2020-05-12,Madera,039,155013,136,69,1,70,2
2020-05-12,Marin,041,260295,297,274,1,275,14
2020-05-12,Mariposa,043,17540,15,15,0,15,0
2020-05-12,Mendocino,045,87422,14,10,0,10,0
2020-05-12,Merced,047,269075,276,175,0,175,3
2020-05-12,Modoc,049,8938,0,0,0,0,0
2020-05-12,Mono,051,14174,35,31,0,31,1
2020-05-12,Monterey,053,433212,371,298,1,299,6
2020-05-12,Napa,055,140530,99,80,0,80,3
2020-05-12,Nevada,057,99092,41,41,1,42,1
2020-05-12,Orange,059,3164182,5895,3843,43,3886,78
2020-05-12,Placer,061,380077,186,170,0,170,8
2020-05-12,Plumas,063,18699,4,4,0,4,0
2020-05-12,Riverside,065,2383286,6208,5134,11,5145,210
2020-05-12,Sacramento,067,1510023,1235,1166,0,1166,52
2020-05-12,San Benito,069,59416,60,55,0,55,2
2020-05-12,San Bernardino,071,2135413,3791,2997,3,3000,131
2020-05-12,San Diego,073,3302833,6205,3,0,3,0
2020-05-12,San Francisco,075,870044,2208,1981,0,1981,35
2020-05-12,San Joaquin,077,732212,715,625,3,628,30
2020-05-12,San Luis Obispo,079,281455,304,226,1,227,1
2020-05-12,San Mateo,081,765935,1812,1533,2,1535,66
2020-05-12,Santa Barbara,083,443738,1798,1377,5,1382,10
2020-05-12,Santa Clara,085,1922200,2886,2362,6,2368,131
2020-05-12,Santa Cruz,087,273765,161,141,0,141,2
2020-05-12,Shasta,089,179085,45,33,0,33,4
2020-05-12,Sierra,091,2930,0,0,0,0,0
2020-05-12,Siskiyou,093,43540,6,5,0,5,0
2020-05-12,Solano,095,438530,444,361,0,361,4
2020-05-12,Sonoma,097,501317,386,308,0,308,4
2020-05-12,Stanislaus,099,539301,593,515,4,519,15
2020-05-12,Sutter,101,95872,38,33,0,33,2
2020-05-12,Tehama,103,63373,3,1,0,1,1
2020-05-12,Trinity,105,12862,2,1,0,1,0
2020-05-12,Tulare,107,460477,1782,1261,3,1264,52
2020-05-12,Tuolumne,109,53932,2,2,0,2,0
2020-05-12,Ventura,111,848112,1055,718,1,719,20
2020-05-12,Yolo,113,214977,190,176,0,176,22
2020-05-12,Yuba,115,75493,24,19,0,19,1
2020-05-11,Alameda,001,1643700,2535,2103,1,2104,71
2020-05-11,Alpine,003,1148,1,1,0,1,0
2020-05-11,Amador,005,37829,9,8,0,8,0
2020-05-11,Butte,007,227075,37,19,1,20,0
2020-05-11,Calaveras,009,45235,10,13,0,13,0
2020-05-11,Colusa,011,21464,3,3,0,3,0
2020-05-11,Contra Costa,013,1133247,1189,1052,0,1052,32
2020-05-11,Del Norte,015,27424,8,3,0,3,0
2020-05-11,El Dorado,017,186661,73,55,0,55,0
2020-05-11,Fresno,019,978130,1813,937,25,962,8
2020-05-11,Glenn,021,27897,10,6,0,6,0
2020-05-11,Humboldt,023,135768,76,56,0,56,0
2020-05-11,Imperial,025,180216,1181,562,0,562,9
2020-05-11,Inyo,027,18085,19,20,0,20,1
2020-05-11,Kern,029,883053,1700,1331,3,1334,17
2020-05-11,Kings,031,150075,414,289,1,290,1
2020-05-11,Lake,033,64148,12,7,0,7,0
2020-05-11,Lassen,035,31185,2,0,2,2,0
2020-05-11,Los Angeles,037,10098052,40780,32279,19,32298,1553
2020-05-11,Madera,039,155013,127,68,1,69,2
2020-05-11,Marin,041,260295,288,271,1,272,14
2020-05-11,Mariposa,043,17540,15,15,0,15,0
2020-05-11,Mendocino,045,87422,14,10,0,10,0
2020-05-11,Merced,047,269075,261,158,0,158,3
2020-05-11,Modoc,049,8938,0,0,0,0,0
2020-05-11,Mono,051,14174,35,30,0,30,1
2020-05-11,Monterey,053,433212,368,286,1,287,6
2020-05-11,Napa,055,140530,93,79,0,79,2
2020-05-11,Nevada,057,99092,41,41,1,42,1
2020-05-11,Orange,059,3164182,5668,3699,36,3735,77
2020-05-11,Placer,061,380077,186,170,0,170,8
2020-05-11,Plumas,063,18699,4,4,0,4,0
2020-05-11,Riverside,065,2383286,6050,5082,11,5093,203
2020-05-11,Sacramento,067,1510023,1220,1160,0,1160,52
2020-05-11,San Benito,069,59416,58,52,0,52,2
2020-05-11,San Bernardino,071,2135413,3681,2945,3,2948,124
2020-05-11,San Diego,073,3302833,6052,5067,0,5067,175
2020-05-11,San Francisco,075,870044,2161,1974,0,1974,35
2020-05-11,San Joaquin,077,732212,705,620,3,623,30
2020-05-11,San Luis Obispo,079,281455,302,224,1,225,1
2020-05-11,San Mateo,081,765935,1786,1499,2,1501,66
2020-05-11,Santa Barbara,083,443738,1765,1372,5,1377,10
2020-05-11,Santa Clara,085,1922200,2869,2340,6,2346,129
2020-05-11,Santa Cruz,087,273765,158,140,0,140,2
2020-05-11,Shasta,089,179085,45,31,0,31,4
2020-05-11,Sierra,091,2930,0,0,0,0,0
2020-05-11,Siskiyou,093,43540,6,5,0,5,0
2020-05-11,Solano,095,438530,439,354,0,354,4
2020-05-11,Sonoma,097,501317,376,303,0,303,3
2020-05-11,Stanislaus,099,539301,583,507,4,511,14
2020-05-11,Sutter,101,95872,37,32,0,32,2
2020-05-11,Tehama,103,63373,3,1,0,1,1
2020-05-11,Trinity,105,12862,2,1,0,1,0
2020-05-11,Tulare,107,460477,1733,1203,3,1206,49
2020-05-11,Tuolumne,109,53932,2,2,0,2,0
2020-05-11,Ventura,111,848112,997,698,1,699,19
2020-05-11,Yolo,113,214977,190,174,0,174,20
2020-05-11,Yuba,115,75493,24,18,0,18,1
2020-05-10,Alameda,001,1643700,2458,2047,1,2048,71
2020-05-10,Alpine,003,1148,1,1,0,1,0
2020-05-10,Amador,005,37829,9,8,0,8,0
2020-05-10,Butte,007,227075,32,18,1,19,0
2020-05-10,Calaveras,009,45235,10,13,0,13,0
2020-05-10,Colusa,011,21464,3,3,0,3,0
2020-05-10,Contra Costa,013,1133247,1175,1046,0,1046,31
2020-05-10,Del Norte,015,27424,7,3,0,3,0
2020-05-10,El Dorado,017,186661,73,55,0,55,0
2020-05-10,Fresno,019,978130,1729,894,25,919,8
2020-05-10,Glenn,021,27897,10,6,0,6,0
2020-05-10,Humboldt,023,135768,72,56,0,56,0
2020-05-10,Imperial,025,180216,1084,509,0,509,7
2020-05-10,Inyo,027,18085,19,20,0,20,1
2020-05-10,Kern,029,883053,1649,1300,2,1302,16
2020-05-10,Kings,031,150075,401,266,1,267,1
2020-05-10,Lake,033,64148,12,7,0,7,0
2020-05-10,Lassen,035,31185,2,0,2,2,0
2020-05-10,Los Angeles,037,10098052,39521,31711,19,31730,1514
2020-05-10,Madera,039,155013,125,65,1,66,2
2020-05-10,Marin,041,260295,280,267,1,268,14
2020-05-10,Mariposa,043,17540,15,15,0,15,0
2020-05-10,Mendocino,045,87422,13,10,0,10,0
2020-05-10,Merced,047,269075,246,154,0,154,3
2020-05-10,Modoc,049,8938,0,0,0,0,0
2020-05-10,Mono,051,14174,35,27,0,27,1
2020-05-10,Monterey,053,433212,354,282,1,283,6
2020-05-10,Napa,055,140530,87,79,0,79,2
2020-05-10,Nevada,057,99092,41,41,1,42,1
2020-05-10,Orange,059,3164182,5523,3627,36,3663,76
2020-05-10,Placer,061,380077,185,168,0,168,8
2020-05-10,Plumas,063,18699,4,4,0,4,0
2020-05-10,Riverside,065,2383286,5928,4951,11,4962,193
2020-05-10,Sacramento,067,1510023,1204,1152,0,1152,52
2020-05-10,San Benito,069,59416,58,52,0,52,2
2020-05-10,San Bernardino,071,2135413,3583,2910,3,2913,121
2020-05-10,San Diego,073,3302833,5900,4928,0,4928,175
2020-05-10,San Francisco,075,870044,2143,1953,0,1953,35
2020-05-10,San Joaquin,077,732212,690,611,3,614,29
2020-05-10,San Luis Obispo,079,281455,299,218,1,219,1
2020-05-10,San Mateo,081,765935,1764,1463,2,1465,65
2020-05-10,Santa Barbara,083,443738,1738,1323,5,1328,10
2020-05-10,Santa Clara,085,1922200,2843,2331,6,2337,129
2020-05-10,Santa Cruz,087,273765,157,139,0,139,2
2020-05-10,Shasta,089,179085,45,31,0,31,4
2020-05-10,Sierra,091,2930,0,0,0,0,0
2020-05-10,Siskiyou,093,43540,5,5,0,5,0
2020-05-10,Solano,095,438530,429,322,0,322,4
2020-05-10,Sonoma,097,501317,366,290,0,290,3
2020-05-10,Stanislaus,099,539301,576,498,4,502,14
2020-05-10,Sutter,101,95872,34,31,0,31,2
2020-05-10,Tehama,103,63373,3,1,0,1,1
2020-05-10,Trinity,105,12862,2,1,0,1,0
2020-05-10,Tulare,107,460477,1664,1143,3,1146,47
2020-05-10,Tuolumne,109,53932,2,2,0,2,0
2020-05-10,Ventura,111,848112,939,690,1,691,19
2020-05-10,Yolo,113,214977,190,173,0,173,20
2020-05-10,Yuba,115,75493,23,17,0,17,1
2020-05-09,Alameda,001,1643700,2415,2011,1,2012,71
2020-05-09,Alpine,003,1148,1,1,0,1,0
2020-05-09,Amador,005,37829,8,8,0,8,0
2020-05-09,Butte,007,227075,31,18,1,19,0
2020-05-09,Calaveras,009,45235,10,13,0,13,0
2020-05-09,Colusa,011,21464,3,3,0,3,0
2020-05-09,Contra Costa,013,1133247,1161,1039,0,1039,31
2020-05-09,Del Norte,015,27424,7,3,0,3,0
2020-05-09,El Dorado,017,186661,70,54,0,54,0
2020-05-09,Fresno,019,978130,1691,861,24,885,8
2020-05-09,Glenn,021,27897,9,6,0,6,0
2020-05-09,Humboldt,023,135768,70,55,0,55,0
2020-05-09,Imperial,025,180216,1028,474,0,474,7
2020-05-09,Inyo,027,18085,19,20,0,20,1
2020-05-09,Kern,029,883053,1613,1262,1,1263,15
2020-05-09,Kings,031,150075,396,264,1,265,1
2020-05-09,Lake,033,64148,12,7,0,7,0
2020-05-09,Lassen,035,31185,2,0,2,2,0
2020-05-09,Los Angeles,037,10098052,38899,31268,19,31287,1499
2020-05-09,Madera,039,155013,124,61,1,62,2
2020-05-09,Marin,041,260295,279,261,1,262,14
2020-05-09,Mariposa,043,17540,15,15,0,15,0
2020-05-09,Mendocino,045,87422,13,10,0,10,0
2020-05-09,Merced,047,269075,242,153,0,153,3
2020-05-09,Modoc,049,8938,0,0,0,0,0
2020-05-09,Mono,051,14174,35,27,0,27,1
2020-05-09,Monterey,053,433212,347,273,1,274,6
2020-05-09,Napa,055,140530,86,78,0,78,2
2020-05-09,Nevada,057,99092,41,41,1,42,1
2020-05-09,Orange,059,3164182,5441,3506,35,3541,75
2020-05-09,Placer,061,380077,184,168,0,168,8
2020-05-09,Plumas,063,18699,4,4,0,4,0
2020-05-09,Riverside,065,2383286,5833,4871,11,4882,183
2020-05-09,Sacramento,067,1510023,1200,1150,0,1150,52
2020-05-09,San Benito,069,59416,57,52,0,52,2
2020-05-09,San Bernardino,071,2135413,3527,2825,3,2828,121
2020-05-09,San Diego,073,3302833,5788,4778,0,4778,175
2020-05-09,San Francisco,075,870044,2128,1944,0,1944,34
2020-05-09,San Joaquin,077,732212,681,605,3,608,28
2020-05-09,San Luis Obispo,079,281455,295,213,1,214,1
2020-05-09,San Mateo,081,765935,1745,1453,2,1455,65
2020-05-09,Santa Barbara,083,443738,1721,1245,5,1250,10
2020-05-09,Santa Clara,085,1922200,2829,2317,6,2323,128
2020-05-09,Santa Cruz,087,273765,156,138,0,138,2
2020-05-09,Shasta,089,179085,45,31,0,31,4
2020-05-09,Sierra,091,2930,0,0,0,0,0
2020-05-09,Siskiyou,093,43540,5,5,0,5,0
2020-05-09,Solano,095,438530,423,321,0,321,4
2020-05-09,Sonoma,097,501317,362,288,0,288,3
2020-05-09,Stanislaus,099,539301,568,491,4,495,12
2020-05-09,Sutter,101,95872,34,31,0,31,2
2020-05-09,Tehama,103,63373,2,1,0,1,1
2020-05-09,Trinity,105,12862,2,1,0,1,0
2020-05-09,Tulare,107,460477,1636,1083,3,1086,47
2020-05-09,Tuolumne,109,53932,2,2,0,2,0
2020-05-09,Ventura,111,848112,918,679,1,680,19
2020-05-09,Yolo,113,214977,190,172,0,172,18
2020-05-09,Yuba,115,75493,23,17,0,17,1
2020-05-08,Alameda,001,1643700,2372,1955,1,1956,70
2020-05-08,Alpine,003,1148,1,1,0,1,0
2020-05-08,Amador,005,37829,8,8,0,8,0
2020-05-08,Butte,007,227075,31,18,1,19,0
2020-05-08,Calaveras,009,45235,10,13,0,13,0
2020-05-08,Colusa,011,21464,3,3,0,3,0
2020-05-08,Contra Costa,013,1133247,1149,1024,0,1024,29
2020-05-08,Del Norte,015,27424,7,3,0,3,0
2020-05-08,El Dorado,017,186661,69,54,0,54,0
2020-05-08,Fresno,019,978130,1654,838,22,860,8
2020-05-08,Glenn,021,27897,8,6,0,6,0
2020-05-08,Humboldt,023,135768,67,54,0,54,0
2020-05-08,Imperial,025,180216,982,467,0,467,7
2020-05-08,Inyo,027,18085,19,20,0,20,1
2020-05-08,Kern,029,883053,1582,1214,1,1215,13
2020-05-08,Kings,031,150075,387,236,1,237,1
2020-05-08,Lake,033,64148,12,7,0,7,0
2020-05-08,Lassen,035,31185,2,0,2,2,0
2020-05-08,Los Angeles,037,10098052,38167,30357,19,30376,1447
2020-05-08,Madera,039,155013,121,57,1,58,2
2020-05-08,Marin,041,260295,279,257,1,258,14
2020-05-08,Mariposa,043,17540,15,15,0,15,0
2020-05-08,Mendocino,045,87422,13,10,0,10,0
2020-05-08,Merced,047,269075,241,151,0,151,3
2020-05-08,Modoc,049,8938,0,0,0,0,0
2020-05-08,Mono,051,14174,32,27,0,27,1
2020-05-08,Monterey,053,433212,339,265,1,266,6
2020-05-08,Napa,055,140530,85,78,0,78,2
2020-05-08,Nevada,057,99092,41,41,1,42,1
2020-05-08,Orange,059,3164182,5291,3395,35,3430,72
2020-05-08,Placer,061,380077,182,166,0,166,8
2020-05-08,Plumas,063,18699,4,4,0,4,0
2020-05-08,Riverside,065,2383286,5733,4672,10,4682,181
2020-05-08,Sacramento,067,1510023,1195,1145,0,1145,51
2020-05-08,San Benito,069,59416,57,51,0,51,2
2020-05-08,San Bernardino,071,2135413,3479,2631,3,2634,119
2020-05-08,San Diego,073,3302833,5681,4664,0,4664,169
2020-05-08,San Francisco,075,870044,2110,1890,0,1890,33
2020-05-08,San Joaquin,077,732212,674,595,3,598,28
2020-05-08,San Luis Obispo,079,281455,292,210,1,211,1
2020-05-08,San Mateo,081,765935,1660,1423,2,1425,62
2020-05-08,Santa Barbara,083,443738,1702,1054,4,1058,8
2020-05-08,Santa Clara,085,1922200,2806,2285,6,2291,128
2020-05-08,Santa Cruz,087,273765,152,137,0,137,2
2020-05-08,Shasta,089,179085,45,31,0,31,4
2020-05-08,Sierra,091,2930,0,0,0,0,0
2020-05-08,Siskiyou,093,43540,5,5,0,5,0
2020-05-08,Solano,095,438530,418,314,0,314,4
2020-05-08,Sonoma,097,501317,357,285,0,285,3
2020-05-08,Stanislaus,099,539301,554,487,4,491,12
2020-05-08,Sutter,101,95872,34,30,0,30,2
2020-05-08,Tehama,103,63373,2,1,0,1,1
2020-05-08,Trinity,105,12862,2,0,0,0,0
2020-05-08,Tulare,107,460477,1591,1050,3,1053,43
2020-05-08,Tuolumne,109,53932,2,2,0,2,0
2020-05-08,Ventura,111,848112,900,665,1,666,19
2020-05-08,Yolo,113,214977,189,172,0,172,18
2020-05-08,Yuba,115,75493,22,16,0,16,1
2020-05-07,Alameda,001,1643700,2312,1914,1,1915,68
2020-05-07,Alpine,003,1148,1,1,0,1,0
2020-05-07,Amador,005,37829,8,8,0,8,0
2020-05-07,Butte,007,227075,31,19,1,20,0
2020-05-07,Calaveras,009,45235,10,13,0,13,0
2020-05-07,Colusa,011,21464,3,3,0,3,0
2020-05-07,Contra Costa,013,1133247,1135,1005,0,1005,29
2020-05-07,Del Norte,015,27424,6,3,0,3,0
2020-05-07,El Dorado,017,186661,68,54,0,54,0
2020-05-07,Fresno,019,978130,1572,812,21,833,8
2020-05-07,Glenn,021,27897,8,5,0,5,0
2020-05-07,Humboldt,023,135768,66,54,0,54,0
2020-05-07,Imperial,025,180216,919,442,0,442,6
2020-05-07,Inyo,027,18085,19,20,0,20,1
2020-05-07,Kern,029,883053,1538,1176,1,1177,13
2020-05-07,Kings,031,150075,364,219,1,220,1
2020-05-07,Lake,033,64148,11,7,0,7,0
2020-05-07,Lassen,035,31185,2,0,2,2,0
2020-05-07,Los Angeles,037,10098052,37044,29544,19,29563,1399
2020-05-07,Madera,039,155013,117,54,1,55,2
2020-05-07,Marin,041,260295,272,252,1,253,14
2020-05-07,Mariposa,043,17540,15,15,0,15,0
2020-05-07,Mendocino,045,87422,13,10,0,10,0
2020-05-07,Merced,047,269075,233,146,0,146,3
2020-05-07,Modoc,049,8938,0,0,0,0,0
2020-05-07,Mono,051,14174,32,26,0,26,1
2020-05-07,Monterey,053,433212,331,249,1,250,6
2020-05-07,Napa,055,140530,85,78,0,78,2
2020-05-07,Nevada,057,99092,41,41,1,42,1
2020-05-07,Orange,059,3164182,5106,3283,34,3317,69
2020-05-07,Placer,061,380077,182,165,0,165,8
2020-05-07,Plumas,063,18699,4,4,0,4,0
2020-05-07,Riverside,065,2383286,5617,4608,10,4618,170
2020-05-07,Sacramento,067,1510023,1189,1139,0,1139,50
2020-05-07,San Benito,069,59416,57,50,0,50,2
2020-05-07,San Bernardino,071,2135413,3387,2522,3,2525,115
2020-05-07,San Diego,073,3302833,5524,4431,0,4431,165
2020-05-07,San Francisco,075,870044,2079,1852,0,1852,33
2020-05-07,San Joaquin,077,732212,661,583,3,586,28
2020-05-07,San Luis Obispo,079,281455,281,209,1,210,1
2020-05-07,San Mateo,081,765935,1638,1398,2,1400,58
2020-05-07,Santa Barbara,083,443738,1667,720,3,723,8
2020-05-07,Santa Clara,085,1922200,2768,2281,6,2287,127
2020-05-07,Santa Cruz,087,273765,149,136,0,136,2
2020-05-07,Shasta,089,179085,44,31,0,31,4
2020-05-07,Sierra,091,2930,0,0,0,0,0
2020-05-07,Siskiyou,093,43540,5,5,0,5,0
2020-05-07,Solano,095,438530,412,307,0,307,4
2020-05-07,Sonoma,097,501317,345,282,0,282,3
2020-05-07,Stanislaus,099,539301,545,466,4,470,10
2020-05-07,Sutter,101,95872,34,29,0,29,2
2020-05-07,Tehama,103,63373,2,1,0,1,1
2020-05-07,Trinity,105,12862,2,0,0,0,0
2020-05-07,Tulare,107,460477,1524,1001,3,1004,41
2020-05-07,Tuolumne,109,53932,2,2,0,2,0
2020-05-07,Ventura,111,848112,876,647,0,647,19
2020-05-07,Yolo,113,214977,188,172,0,172,18
2020-05-07,Yuba,115,75493,22,16,0,16,1
2020-05-06,Alameda,001,1643700,2274,1864,1,1865,67
2020-05-06,Alpine,003,1148,1,1,0,1,0
2020-05-06,Amador,005,37829,8,8,0,8,0
2020-05-06,Butte,007,227075,30,19,1,20,0
2020-05-06,Calaveras,009,45235,10,13,0,13,0
2020-05-06,Colusa,011,21464,3,3,0,3,0
2020-05-06,Contra Costa,013,1133247,1114,990,0,990,29
2020-05-06,Del Norte,015,27424,6,3,0,3,0
2020-05-06,El Dorado,017,186661,66,53,0,53,0
2020-05-06,Fresno,019,978130,1511,773,19,792,8
2020-05-06,Glenn,021,27897,8,3,0,3,0
2020-05-06,Humboldt,023,135768,65,54,0,54,0
2020-05-06,Imperial,025,180216,851,399,0,399,6
2020-05-06,Inyo,027,18085,19,20,0,20,1
2020-05-06,Kern,029,883053,1483,1112,1,1113,12
2020-05-06,Kings,031,150075,346,208,1,209,1
2020-05-06,Lake,033,64148,11,7,0,7,0
2020-05-06,Lassen,035,31185,2,0,2,2,0
2020-05-06,Los Angeles,037,10098052,36039,28687,19,28706,1347
2020-05-06,Madera,039,155013,115,55,1,56,2
2020-05-06,Marin,041,260295,265,244,1,245,14
2020-05-06,Mariposa,043,17540,15,14,0,14,0
2020-05-06,Mendocino,045,87422,13,10,0,10,0
2020-05-06,Merced,047,269075,226,140,0,140,3
2020-05-06,Modoc,049,8938,0,0,0,0,0
2020-05-06,Mono,051,14174,32,26,0,26,1
2020-05-06,Monterey,053,433212,323,246,1,247,6
2020-05-06,Napa,055,140530,84,78,0,78,2
2020-05-06,Nevada,057,99092,41,41,1,42,1
2020-05-06,Orange,059,3164182,4920,3156,33,3189,66
2020-05-06,Placer,061,380077,179,164,0,164,8
2020-05-06,Plumas,063,18699,4,4,0,4,0
2020-05-06,Riverside,065,2383286,5473,4535,10,4545,163
2020-05-06,Sacramento,067,1510023,1183,1135,0,1135,49
2020-05-06,San Benito,069,59416,56,50,0,50,2
2020-05-06,San Bernardino,071,2135413,3265,2426,2,2428,110
2020-05-06,San Diego,073,3302833,5391,4321,0,4321,158
2020-05-06,San Francisco,075,870044,2054,1804,0,1804,32
2020-05-06,San Joaquin,077,732212,648,581,3,584,28
2020-05-06,San Luis Obispo,079,281455,278,207,1,208,1
2020-05-06,San Mateo,081,765935,1607,1348,2,1350,57
2020-05-06,Santa Barbara,083,443738,1616,565,2,567,8
2020-05-06,Santa Clara,085,1922200,2752,2270,5,2275,127
2020-05-06,Santa Cruz,087,273765,145,135,0,135,2
2020-05-06,Shasta,089,179085,44,31,0,31,4
2020-05-06,Sierra,091,2930,0,0,0,0,0
2020-05-06,Siskiyou,093,43540,5,5,0,5,0
2020-05-06,Solano,095,438530,402,300,0,300,4
2020-05-06,Sonoma,097,501317,329,269,0,269,3
2020-05-06,Stanislaus,099,539301,529,434,4,438,9
2020-05-06,Sutter,101,95872,34,29,0,29,2
2020-05-06,Tehama,103,63373,2,1,0,1,1
2020-05-06,Trinity,105,12862,2,0,0,0,0
2020-05-06,Tulare,107,460477,1476,963,3,966,40
2020-05-06,Tuolumne,109,53932,2,2,0,2,0
2020-05-06,Ventura,111,848112,849,619,0,619,19
2020-05-06,Yolo,113,214977,187,172,0,172,18
2020-05-06,Yuba,115,75493,22,15,0,15,1
2020-05-05,Alameda,001,1643700,2231,1819,1,1820,67
2020-05-05,Alpine,003,1148,1,1,0,1,0
2020-05-05,Amador,005,37829,8,8,0,8,0
2020-05-05,Butte,007,227075,29,19,1,20,0
2020-05-05,Calaveras,009,45235,10,13,0,13,0
2020-05-05,Colusa,011,21464,3,3,0,3,0
2020-05-05,Contra Costa,013,1133247,1096,976,0,976,29
2020-05-05,Del Norte,015,27424,6,3,0,3,0
2020-05-05,El Dorado,017,186661,64,54,0,54,0
2020-05-05,Fresno,019,978130,1438,726,17,743,8
2020-05-05,Glenn,021,27897,8,3,0,3,0
2020-05-05,Humboldt,023,135768,62,54,0,54,0
2020-05-05,Imperial,025,180216,796,389,0,389,6
2020-05-05,Inyo,027,18085,19,20,0,20,1
2020-05-05,Kern,029,883053,1431,1084,1,1085,11
2020-05-05,Kings,031,150075,328,187,1,188,1
2020-05-05,Lake,033,64148,10,7,0,7,0
2020-05-05,Lassen,035,31185,2,0,2,2,0
2020-05-05,Los Angeles,037,10098052,34969,27867,19,27886,1289
2020-05-05,Madera,039,155013,112,53,1,54,2
2020-05-05,Marin,041,260295,259,244,1,245,14
2020-05-05,Mariposa,043,17540,15,14,0,14,0
2020-05-05,Mendocino,045,87422,13,10,0,10,0
2020-05-05,Merced,047,269075,221,141,0,141,3
2020-05-05,Modoc,049,8938,0,0,0,0,0
2020-05-05,Mono,051,14174,32,25,0,25,1
2020-05-05,Monterey,053,433212,309,240,1,241,6
2020-05-05,Napa,055,140530,84,74,0,74,2
2020-05-05,Nevada,057,99092,41,41,1,42,1
2020-05-05,Orange,059,3164182,4794,3041,33,3074,63
2020-05-05,Placer,061,380077,179,162,0,162,8
2020-05-05,Plumas,063,18699,4,4,0,4,0
2020-05-05,Riverside,065,2383286,5363,4309,10,4319,161
2020-05-05,Sacramento,067,1510023,1176,1125,0,1125,48
2020-05-05,San Benito,069,59416,55,50,0,50,2
2020-05-05,San Bernardino,071,2135413,3172,2345,2,2347,104
2020-05-05,San Diego,073,3302833,5248,4162,0,4162,150
2020-05-05,San Francisco,075,870044,2019,1779,0,1779,31
2020-05-05,San Joaquin,077,732212,639,577,3,580,26
2020-05-05,San Luis Obispo,079,281455,277,203,1,204,1
2020-05-05,San Mateo,081,765935,1575,1335,2,1337,56
2020-05-05,Santa Barbara,083,443738,1383,541,2,543,7
2020-05-05,Santa Clara,085,1922200,2707,2249,4,2253,124
2020-05-05,Santa Cruz,087,273765,142,134,0,134,2
2020-05-05,Shasta,089,179085,43,31,0,31,4
2020-05-05,Sierra,091,2930,0,0,0,0,0
2020-05-05,Siskiyou,093,43540,5,5,0,5,0
2020-05-05,Solano,095,438530,386,299,0,299,4
2020-05-05,Sonoma,097,501317,326,263,0,263,3
2020-05-05,Stanislaus,099,539301,517,430,4,434,9
2020-05-05,Sutter,101,95872,34,29,0,29,2
2020-05-05,Tehama,103,63373,2,1,0,1,1
2020-05-05,Trinity,105,12862,2,0,0,0,0
2020-05-05,Tulare,107,460477,1385,869,3,872,40
2020-05-05,Tuolumne,109,53932,2,2,0,2,0
2020-05-05,Ventura,111,848112,826,607,0,607,19
2020-05-05,Yolo,113,214977,185,171,0,171,18
2020-05-05,Yuba,115,75493,22,15,0,15,1
2020-05-04,Alameda,001,1643700,2172,1762,1,1763,65
2020-05-04,Alpine,003,1148,1,1,0,1,0
2020-05-04,Amador,005,37829,7,8,0,8,0
2020-05-04,Butte,007,227075,28,16,1,17,0
2020-05-04,Calaveras,009,45235,10,13,0,13,0
2020-05-04,Colusa,011,21464,3,3,0,3,0
2020-05-04,Contra Costa,013,1133247,1078,949,0,949,28
2020-05-04,Del Norte,015,27424,5,3,0,3,0
2020-05-04,El Dorado,017,186661,63,51,0,51,0
2020-05-04,Fresno,019,978130,1370,680,16,696,8
2020-05-04,Glenn,021,27897,8,4,0,4,0
2020-05-04,Humboldt,023,135768,60,54,0,54,0
2020-05-04,Imperial,025,180216,743,351,0,351,6
2020-05-04,Inyo,027,18085,19,20,0,20,1
2020-05-04,Kern,029,883053,1389,1047,1,1048,8
2020-05-04,Kings,031,150075,311,153,1,154,1
2020-05-04,Lake,033,64148,9,7,0,7,0
2020-05-04,Lassen,035,31185,1,0,2,2,0
2020-05-04,Los Angeles,037,10098052,33667,26243,18,26261,1235
2020-05-04,Madera,039,155013,110,52,1,53,2
2020-05-04,Marin,041,260295,254,244,1,245,13
2020-05-04,Mariposa,043,17540,15,13,0,13,0
2020-05-04,Mendocino,045,87422,13,10,0,10,0
2020-05-04,Merced,047,269075,221,138,0,138,3
2020-05-04,Modoc,049,8938,0,0,0,0,0
2020-05-04,Mono,051,14174,32,25,0,25,1
2020-05-04,Monterey,053,433212,298,237,1,238,6
2020-05-04,Napa,055,140530,84,72,0,72,2
2020-05-04,Nevada,057,99092,41,41,1,42,1
2020-05-04,Orange,059,3164182,4649,2931,30,2961,57
2020-05-04,Placer,061,380077,177,162,0,162,8
2020-05-04,Plumas,063,18699,4,4,0,4,0
2020-05-04,Riverside,065,2383286,5269,4221,10,4231,147
2020-05-04,Sacramento,067,1510023,1166,1119,0,1119,44
2020-05-04,San Benito,069,59416,53,49,0,49,2
2020-05-04,San Bernardino,071,2135413,3031,2184,2,2186,99
2020-05-04,San Diego,073,3302833,5107,4022,0,4022,144
2020-05-04,San Francisco,075,870044,1981,1760,0,1760,31
2020-05-04,San Joaquin,077,732212,625,574,3,577,26
2020-05-04,San Luis Obispo,079,281455,274,202,1,203,1
2020-05-04,San Mateo,081,765935,1550,1313,2,1315,53
2020-05-04,Santa Barbara,083,443738,1119,524,2,526,7
2020-05-04,Santa Clara,085,1922200,2692,2238,4,2242,119
2020-05-04,Santa Cruz,087,273765,141,133,0,133,2
2020-05-04,Shasta,089,179085,41,31,0,31,4
2020-05-04,Sierra,091,2930,0,0,0,0,0
2020-05-04,Siskiyou,093,43540,5,5,0,5,0
2020-05-04,Solano,095,438530,372,293,0,293,4
2020-05-04,Sonoma,097,501317,312,256,0,256,4
2020-05-04,Stanislaus,099,539301,511,422,4,426,8
2020-05-04,Sutter,101,95872,31,28,0,28,2
2020-05-04,Tehama,103,63373,2,1,0,1,1
2020-05-04,Trinity,105,12862,1,0,0,0,0
2020-05-04,Tulare,107,460477,1307,760,3,763,40
2020-05-04,Tuolumne,109,53932,2,3,0,3,0
2020-05-04,Ventura,111,848112,805,590,0,590,19
2020-05-04,Yolo,113,214977,184,171,0,171,18
2020-05-04,Yuba,115,75493,19,16,0,16,1
2020-05-03,Alameda,001,1643700,2115,1731,1,1732,64
2020-05-03,Alpine,003,1148,1,1,0,1,0
2020-05-03,Amador,005,37829,7,8,0,8,0
2020-05-03,Butte,007,227075,28,17,1,18,0
2020-05-03,Calaveras,009,45235,10,13,0,13,0
2020-05-03,Colusa,011,21464,3,3,0,3,0
2020-05-03,Contra Costa,013,1133247,1062,945,0,945,28
2020-05-03,Del Norte,015,27424,5,3,0,3,0
2020-05-03,El Dorado,017,186661,61,49,0,49,0
2020-05-03,Fresno,019,978130,1278,646,14,660,8
2020-05-03,Glenn,021,27897,7,5,0,5,0
2020-05-03,Humboldt,023,135768,59,54,0,54,0
2020-05-03,Imperial,025,180216,687,351,0,351,6
2020-05-03,Inyo,027,18085,19,20,0,20,1
2020-05-03,Kern,029,883053,1334,1025,1,1026,8
2020-05-03,Kings,031,150075,291,137,1,138,1
2020-05-03,Lake,033,64148,9,7,0,7,0
2020-05-03,Lassen,035,31185,1,0,2,2,0
2020-05-03,Los Angeles,037,10098052,32683,25708,18,25726,1210
2020-05-03,Madera,039,155013,103,46,1,47,2
2020-05-03,Marin,041,260295,249,243,1,244,13
2020-05-03,Mariposa,043,17540,15,13,0,13,0
2020-05-03,Mendocino,045,87422,13,10,0,10,0
2020-05-03,Merced,047,269075,213,134,0,134,3
2020-05-03,Modoc,049,8938,0,0,0,0,0
2020-05-03,Mono,051,14174,32,25,0,25,1
2020-05-03,Monterey,053,433212,289,235,1,236,6
2020-05-03,Napa,055,140530,84,72,0,72,2
2020-05-03,Nevada,057,99092,41,41,1,42,1
2020-05-03,Orange,059,3164182,4472,2859,29,2888,55
2020-05-03,Placer,061,380077,177,161,0,161,8
2020-05-03,Plumas,063,18699,4,4,0,4,0
2020-05-03,Riverside,065,2383286,5164,4034,10,4044,139
2020-05-03,Sacramento,067,1510023,1157,1109,0,1109,43
2020-05-03,San Benito,069,59416,53,49,0,49,2
2020-05-03,San Bernardino,071,2135413,2970,2123,2,2125,99
2020-05-03,San Diego,073,3302833,4970,3929,0,3929,142
2020-05-03,San Francisco,075,870044,1952,1692,0,1692,30
2020-05-03,San Joaquin,077,732212,618,570,3,573,26
2020-05-03,San Luis Obispo,079,281455,271,200,1,201,1
2020-05-03,San Mateo,081,765935,1522,1277,2,1279,53
2020-05-03,Santa Barbara,083,443738,741,512,2,514,7
2020-05-03,Santa Clara,085,1922200,2659,2235,4,2239,116
2020-05-03,Santa Cruz,087,273765,141,133,0,133,2
2020-05-03,Shasta,089,179085,39,31,0,31,4
2020-05-03,Sierra,091,2930,0,0,0,0,0
2020-05-03,Siskiyou,093,43540,5,5,0,5,0
2020-05-03,Solano,095,438530,362,266,0,266,4
2020-05-03,Sonoma,097,501317,303,254,0,254,4
2020-05-03,Stanislaus,099,539301,483,411,4,415,8
2020-05-03,Sutter,101,95872,30,28,0,28,2
2020-05-03,Tehama,103,63373,2,1,0,1,1
2020-05-03,Trinity,105,12862,1,0,0,0,0
2020-05-03,Tulare,107,460477,1229,736,3,739,40
2020-05-03,Tuolumne,109,53932,2,3,0,3,0
2020-05-03,Ventura,111,848112,772,583,0,583,19
2020-05-03,Yolo,113,214977,183,171,0,171,18
2020-05-03,Yuba,115,75493,19,16,0,16,1
2020-05-02,Alameda,001,1643700,2078,1678,1,1679,63
2020-05-02,Alpine,003,1148,1,1,0,1,0
2020-05-02,Amador,005,37829,7,8,0,8,0
2020-05-02,Butte,007,227075,28,17,1,18,0
2020-05-02,Calaveras,009,45235,10,13,0,13,0
2020-05-02,Colusa,011,21464,3,3,0,3,0
2020-05-02,Contra Costa,013,1133247,1045,929,0,929,28
2020-05-02,Del Norte,015,27424,5,3,0,3,0
2020-05-02,El Dorado,017,186661,61,47,0,47,0
2020-05-02,Fresno,019,978130,1253,629,13,642,8
2020-05-02,Glenn,021,27897,7,5,0,5,0
2020-05-02,Humboldt,023,135768,59,54,0,54,0
2020-05-02,Imperial,025,180216,660,345,0,345,6
2020-05-02,Inyo,027,18085,19,20,0,20,1
2020-05-02,Kern,029,883053,1308,1007,1,1008,8
2020-05-02,Kings,031,150075,288,120,1,121,1
2020-05-02,Lake,033,64148,9,7,0,7,0
2020-05-02,Lassen,035,31185,1,0,2,2,0
2020-05-02,Los Angeles,037,10098052,32154,24955,18,24973,1192
2020-05-02,Madera,039,155013,103,46,1,47,2
2020-05-02,Marin,041,260295,248,243,1,244,13
2020-05-02,Mariposa,043,17540,15,13,0,13,0
2020-05-02,Mendocino,045,87422,13,10,0,10,0
2020-05-02,Merced,047,269075,210,131,0,131,3
2020-05-02,Modoc,049,8938,0,0,0,0,0
2020-05-02,Mono,051,14174,32,25,0,25,1
2020-05-02,Monterey,053,433212,283,225,1,226,5
2020-05-02,Napa,055,140530,84,71,0,71,2
2020-05-02,Nevada,057,99092,41,41,1,42,1
2020-05-02,Orange,059,3164182,4357,2774,29,2803,52
2020-05-02,Placer,061,380077,175,150,0,150,8
2020-05-02,Plumas,063,18699,4,4,0,4,0
2020-05-02,Riverside,065,2383286,5098,3997,10,4007,137
2020-05-02,Sacramento,067,1510023,1154,1097,0,1097,43
2020-05-02,San Benito,069,59416,53,49,0,49,2
2020-05-02,San Bernardino,071,2135413,2931,2124,2,2126,99
2020-05-02,San Diego,073,3302833,4868,3844,0,3844,138
2020-05-02,San Francisco,075,870044,1929,1632,0,1632,29
2020-05-02,San Joaquin,077,732212,610,559,3,562,25
2020-05-02,San Luis Obispo,079,281455,265,193,1,194,1
2020-05-02,San Mateo,081,765935,1506,1272,2,1274,52
2020-05-02,Santa Barbara,083,443738,727,506,2,508,7
2020-05-02,Santa Clara,085,1922200,2649,2203,4,2207,115
2020-05-02,Santa Cruz,087,273765,140,131,0,131,2
2020-05-02,Shasta,089,179085,39,31,0,31,4
2020-05-02,Sierra,091,2930,0,0,0,0,0
2020-05-02,Siskiyou,093,43540,5,5,0,5,0
2020-05-02,Solano,095,438530,355,267,0,267,4
2020-05-02,Sonoma,097,501317,300,250,0,250,3
2020-05-02,Stanislaus,099,539301,475,388,4,392,8
2020-05-02,Sutter,101,95872,30,28,0,28,2
2020-05-02,Tehama,103,63373,2,1,0,1,1
2020-05-02,Trinity,105,12862,1,0,0,0,0
2020-05-02,Tulare,107,460477,1188,711,3,714,35
2020-05-02,Tuolumne,109,53932,2,3,0,3,0
2020-05-02,Ventura,111,848112,758,564,0,564,19
2020-05-02,Yolo,113,214977,183,169,0,169,17
2020-05-02,Yuba,115,75493,19,16,0,16,1
2020-05-01,Alameda,001,1643700,2040,1630,1,1631,63
2020-05-01,Alpine,003,1148,1,1,0,1,0
2020-05-01,Amador,005,37829,7,8,0,8,0
2020-05-01,Butte,007,227075,28,17,1,18,0
2020-05-01,Calaveras,009,45235,10,13,0,13,0
2020-05-01,Colusa,011,21464,3,3,0,3,0
2020-05-01,Contra Costa,013,1133247,1031,915,0,915,28
2020-05-01,Del Norte,015,27424,5,3,0,3,0
2020-05-01,El Dorado,017,186661,61,47,0,47,0
2020-05-01,Fresno,019,978130,1222,617,13,630,7
2020-05-01,Glenn,021,27897,7,4,0,4,0
2020-05-01,Humboldt,023,135768,59,54,0,54,0
2020-05-01,Imperial,025,180216,623,337,0,337,6
2020-05-01,Inyo,027,18085,19,20,0,20,1
2020-05-01,Kern,029,883053,1281,972,1,973,8
2020-05-01,Kings,031,150075,271,112,1,113,1
2020-05-01,Lake,033,64148,9,6,0,6,0
2020-05-01,Lassen,035,31185,1,0,2,2,0
2020-05-01,Los Angeles,037,10098052,31399,24306,18,24324,1155
2020-05-01,Madera,039,155013,99,46,1,47,2
2020-05-01,Marin,041,260295,248,242,1,243,13
2020-05-01,Mariposa,043,17540,15,10,0,10,0
2020-05-01,Mendocino,045,87422,13,11,0,11,0
2020-05-01,Merced,047,269075,207,131,0,131,3
2020-05-01,Modoc,049,8938,0,0,0,0,0
2020-05-01,Mono,051,14174,32,25,0,25,1
2020-05-01,Monterey,053,433212,279,222,1,223,5
2020-05-01,Napa,055,140530,84,69,0,69,2
2020-05-01,Nevada,057,99092,41,41,1,42,1
2020-05-01,Orange,059,3164182,4278,2660,27,2687,51
2020-05-01,Placer,061,380077,174,149,0,149,8
2020-05-01,Plumas,063,18699,4,4,0,4,0
2020-05-01,Riverside,065,2383286,5034,3893,10,3903,132
2020-05-01,Sacramento,067,1510023,1149,1081,0,1081,43
2020-05-01,San Benito,069,59416,53,49,0,49,2
2020-05-01,San Bernardino,071,2135413,2876,2084,2,2086,98
2020-05-01,San Diego,073,3302833,4777,3713,0,3713,134
2020-05-01,San Francisco,075,870044,1885,1552,0,1552,29
2020-05-01,San Joaquin,077,732212,606,554,3,557,25
2020-05-01,San Luis Obispo,079,281455,262,186,1,187,1
2020-05-01,San Mateo,081,765935,1484,1222,2,1224,52
2020-05-01,Santa Barbara,083,443738,712,499,2,501,7
2020-05-01,Santa Clara,085,1922200,2637,2176,4,2180,112
2020-05-01,Santa Cruz,087,273765,140,127,0,127,2
2020-05-01,Shasta,089,179085,39,31,0,31,4
2020-05-01,Sierra,091,2930,0,0,0,0,0
2020-05-01,Siskiyou,093,43540,5,5,0,5,0
2020-05-01,Solano,095,438530,347,266,0,266,4
2020-05-01,Sonoma,097,501317,297,242,0,242,3
2020-05-01,Stanislaus,099,539301,470,384,4,388,8
2020-05-01,Sutter,101,95872,30,28,0,28,2
2020-05-01,Tehama,103,63373,2,1,0,1,1
2020-05-01,Trinity,105,12862,1,0,0,0,0
2020-05-01,Tulare,107,460477,1144,685,3,688,32
2020-05-01,Tuolumne,109,53932,2,3,0,3,0
2020-05-01,Ventura,111,848112,745,556,0,556,18
2020-05-01,Yolo,113,214977,183,165,0,165,18
2020-05-01,Yuba,115,75493,19,16,0,16,1
2020-04-30,Alameda,001,1643700,1980,1599,1,1600,60
2020-04-30,Alpine,003,1148,1,1,0,1,0
2020-04-30,Amador,005,37829,7,8,0,8,0
2020-04-30,Butte,007,227075,28,16,1,17,0
2020-04-30,Calaveras,009,45235,10,13,0,13,0
2020-04-30,Colusa,011,21464,3,3,0,3,0
2020-04-30,Contra Costa,013,1133247,1009,900,0,900,25
2020-04-30,Del Norte,015,27424,4,3,0,3,0
2020-04-30,El Dorado,017,186661,61,44,0,44,0
2020-04-30,Fresno,019,978130,1158,562,10,572,7
2020-04-30,Glenn,021,27897,7,4,0,4,0
2020-04-30,Humboldt,023,135768,59,54,0,54,0
2020-04-30,Imperial,025,180216,577,322,0,322,6
2020-04-30,Inyo,027,18085,19,20,0,20,1
2020-04-30,Kern,029,883053,1249,941,1,942,8
2020-04-30,Kings,031,150075,259,87,1,88,1
2020-04-30,Lake,033,64148,9,6,0,6,0
2020-04-30,Lassen,035,31185,1,0,2,2,0
2020-04-30,Los Angeles,037,10098052,30392,23284,18,23302,1099
2020-04-30,Madera,039,155013,88,46,1,47,2
2020-04-30,Marin,041,260295,248,240,1,241,13
2020-04-30,Mariposa,043,17540,15,3,0,3,0
2020-04-30,Mendocino,045,87422,13,11,0,11,0
2020-04-30,Merced,047,269075,200,122,0,122,3
2020-04-30,Modoc,049,8938,0,0,0,0,0
2020-04-30,Mono,051,14174,31,25,0,25,1
2020-04-30,Monterey,053,433212,269,213,1,214,5
2020-04-30,Napa,055,140530,82,69,0,69,2
2020-04-30,Nevada,057,99092,41,41,1,42,1
2020-04-30,Orange,059,3164182,4052,2591,24,2615,46
2020-04-30,Placer,061,380077,173,148,0,148,8
2020-04-30,Plumas,063,18699,4,4,0,4,0
2020-04-30,Riverside,065,2383286,4934,3820,9,3829,124
2020-04-30,Sacramento,067,1510023,1143,1071,0,1071,43
2020-04-30,San Benito,069,59416,53,48,0,48,2
2020-04-30,San Bernardino,071,2135413,2675,2020,2,2022,96
2020-04-30,San Diego,073,3302833,4606,3566,0,3566,124
2020-04-30,San Francisco,075,870044,1851,1518,0,1518,26
2020-04-30,San Joaquin,077,732212,598,548,3,551,25
2020-04-30,San Luis Obispo,079,281455,259,182,1,183,1
2020-04-30,San Mateo,081,765935,1454,1194,2,1196,52
2020-04-30,Santa Barbara,083,443738,686,490,2,492,7
2020-04-30,Santa Clara,085,1922200,2599,2172,4,2176,111
2020-04-30,Santa Cruz,087,273765,139,126,0,126,2
2020-04-30,Shasta,089,179085,38,31,0,31,4
2020-04-30,Sierra,091,2930,0,0,0,0,0
2020-04-30,Siskiyou,093,43540,5,5,0,5,0
2020-04-30,Solano,095,438530,337,262,0,262,4
2020-04-30,Sonoma,097,501317,288,233,0,233,3
2020-04-30,Stanislaus,099,539301,463,378,4,382,7
2020-04-30,Sutter,101,95872,30,28,0,28,2
2020-04-30,Tehama,103,63373,1,1,0,1,1
2020-04-30,Trinity,105,12862,1,0,0,0,0
2020-04-30,Tulare,107,460477,1081,637,3,640,31
2020-04-30,Tuolumne,109,53932,2,3,0,3,0
2020-04-30,Ventura,111,848112,717,547,0,547,18
2020-04-30,Yolo,113,214977,182,164,0,164,16
2020-04-30,Yuba,115,75493,19,15,0,15,1
2020-04-29,Alameda,001,1643700,1922,1564,1,1565,60
2020-04-29,Alpine,003,1148,1,1,0,1,0
2020-04-29,Amador,005,37829,7,8,0,8,0
2020-04-29,Butte,007,227075,28,16,1,17,0
2020-04-29,Calaveras,009,45235,10,13,0,13,0
2020-04-29,Colusa,011,21464,3,3,0,3,0
2020-04-29,Contra Costa,013,1133247,990,885,0,885,25
2020-04-29,Del Norte,015,27424,4,3,0,3,0
2020-04-29,El Dorado,017,186661,59,44,0,44,0
2020-04-29,Fresno,019,978130,1106,544,10,554,7
2020-04-29,Glenn,021,27897,7,4,0,4,0
2020-04-29,Humboldt,023,135768,59,53,0,53,0
2020-04-29,Imperial,025,180216,548,300,0,300,6
2020-04-29,Inyo,027,18085,19,20,0,20,1
2020-04-29,Kern,029,883053,1206,910,1,911,6
2020-04-29,Kings,031,150075,240,80,1,81,1
2020-04-29,Lake,033,64148,9,6,0,6,0
2020-04-29,Lassen,035,31185,1,0,2,2,0
2020-04-29,Los Angeles,037,10098052,29414,22560,18,22578,1043
2020-04-29,Madera,039,155013,86,45,1,46,2
2020-04-29,Marin,041,260295,245,234,1,235,13
2020-04-29,Mariposa,043,17540,15,1,0,1,0
2020-04-29,Mendocino,045,87422,13,11,0,11,0
2020-04-29,Merced,047,269075,193,116,0,116,3
2020-04-29,Modoc,049,8938,0,0,0,0,0
2020-04-29,Mono,051,14174,31,25,0,25,1
2020-04-29,Monterey,053,433212,261,204,1,205,5
2020-04-29,Napa,055,140530,80,68,0,68,2
2020-04-29,Nevada,057,99092,41,41,1,42,1
2020-04-29,Orange,059,3164182,3916,2421,23,2444,43
2020-04-29,Placer,061,380077,171,145,0,145,8
2020-04-29,Plumas,063,18699,4,4,0,4,0
2020-04-29,Riverside,065,2383286,4858,3700,9,3709,116
2020-04-29,Sacramento,067,1510023,1121,1055,0,1055,41
2020-04-29,San Benito,069,59416,53,48,0,48,2
2020-04-29,San Bernardino,071,2135413,2588,1975,1,1976,91
2020-04-29,San Diego,073,3302833,4464,3434,0,3434,120
2020-04-29,San Francisco,075,870044,1822,1489,0,1489,23
2020-04-29,San Joaquin,077,732212,590,540,3,543,25
2020-04-29,San Luis Obispo,079,281455,257,181,1,182,1
2020-04-29,San Mateo,081,765935,1428,1170,2,1172,50
2020-04-29,Santa Barbara,083,443738,670,477,2,479,7
2020-04-29,Santa Clara,085,1922200,2575,2147,4,2151,108
2020-04-29,Santa Cruz,087,273765,138,124,0,124,2
2020-04-29,Shasta,089,179085,37,31,0,31,4
2020-04-29,Sierra,091,2930,0,0,0,0,0
2020-04-29,Siskiyou,093,43540,5,5,0,5,0
2020-04-29,Solano,095,438530,313,252,0,252,3
2020-04-29,Sonoma,097,501317,280,230,0,230,2
2020-04-29,Stanislaus,099,539301,450,374,4,378,5
2020-04-29,Sutter,101,95872,30,28,0,28,2
2020-04-29,Tehama,103,63373,1,1,0,1,1
2020-04-29,Trinity,105,12862,1,0,0,0,0
2020-04-29,Tulare,107,460477,1009,615,3,618,30
2020-04-29,Tuolumne,109,53932,2,4,0,4,0
2020-04-29,Ventura,111,848112,694,530,0,530,18
2020-04-29,Yolo,113,214977,179,161,0,161,11
2020-04-29,Yuba,115,75493,19,15,0,15,1
2020-04-28,Alameda,001,1643700,1865,1525,1,1526,55
2020-04-28,Alpine,003,1148,1,1,0,1,0
2020-04-28,Amador,005,37829,7,8,0,8,0
2020-04-28,Butte,007,227075,28,16,1,17,0
2020-04-28,Calaveras,009,45235,10,13,0,13,0
2020-04-28,Colusa,011,21464,3,3,0,3,0
2020-04-28,Contra Costa,013,1133247,983,866,0,866,25
2020-04-28,Del Norte,015,27424,4,3,0,3,0
2020-04-28,El Dorado,017,186661,58,43,0,43,0
2020-04-28,Fresno,019,978130,1055,525,8,533,7
2020-04-28,Glenn,021,27897,5,4,0,4,0
2020-04-28,Humboldt,023,135768,58,53,0,53,0
2020-04-28,Imperial,025,180216,514,295,0,295,6
2020-04-28,Inyo,027,18085,19,20,0,20,1
2020-04-28,Kern,029,883053,1163,882,1,883,5
2020-04-28,Kings,031,150075,227,57,1,58,1
2020-04-28,Lake,033,64148,9,6,0,6,0
2020-04-28,Lassen,035,31185,1,0,2,2,0
2020-04-28,Los Angeles,037,10098052,28348,21029,18,21047,984
2020-04-28,Madera,039,155013,86,44,1,45,2
2020-04-28,Marin,041,260295,244,228,1,229,12
2020-04-28,Mariposa,043,17540,15,0,0,0,0
2020-04-28,Mendocino,045,87422,13,10,0,10,0
2020-04-28,Merced,047,269075,186,108,0,108,3
2020-04-28,Modoc,049,8938,0,0,0,0,0
2020-04-28,Mono,051,14174,31,25,0,25,1
2020-04-28,Monterey,053,433212,255,191,1,192,5
2020-04-28,Napa,055,140530,79,67,0,67,2
2020-04-28,Nevada,057,99092,41,41,1,42,1
2020-04-28,Orange,059,3164182,3748,2324,22,2346,42
2020-04-28,Placer,061,380077,161,143,0,143,8
2020-04-28,Plumas,063,18699,4,4,0,4,0
2020-04-28,Riverside,065,2383286,4763,3504,9,3513,113
2020-04-28,Sacramento,067,1510023,1106,1044,0,1044,41
2020-04-28,San Benito,069,59416,52,46,0,46,2
2020-04-28,San Bernardino,071,2135413,2511,1891,1,1892,89
2020-04-28,San Diego,073,3302833,4334,3316,0,3316,118
2020-04-28,San Francisco,075,870044,1787,1471,0,1471,23
2020-04-28,San Joaquin,077,732212,584,532,3,535,25
2020-04-28,San Luis Obispo,079,281455,250,172,1,173,1
2020-04-28,San Mateo,081,765935,1415,1129,2,1131,48
2020-04-28,Santa Barbara,083,443738,663,469,2,471,7
2020-04-28,Santa Clara,085,1922200,2542,2130,4,2134,106
2020-04-28,Santa Cruz,087,273765,138,123,0,123,2
2020-04-28,Shasta,089,179085,37,29,0,29,4
2020-04-28,Sierra,091,2930,0,0,0,0,0
2020-04-28,Siskiyou,093,43540,5,5,0,5,0
2020-04-28,Solano,095,438530,294,246,0,246,3
2020-04-28,Sonoma,097,501317,277,226,0,226,1
2020-04-28,Stanislaus,099,539301,434,330,4,334,5
2020-04-28,Sutter,101,95872,30,25,0,25,2
2020-04-28,Tehama,103,63373,1,1,0,1,1
2020-04-28,Trinity,105,12862,1,0,0,0,0
2020-04-28,Tulare,107,460477,915,579,3,582,30
2020-04-28,Tuolumne,109,53932,2,4,0,4,0
2020-04-28,Ventura,111,848112,674,517,0,517,17
2020-04-28,Yolo,113,214977,179,160,0,160,10
2020-04-28,Yuba,115,75493,19,15,0,15,1
2020-04-27,Alameda,001,1643700,1805,1494,1,1495,53
2020-04-27,Alpine,003,1148,1,1,0,1,0
2020-04-27,Amador,005,37829,7,8,0,8,0
2020-04-27,Butte,007,227075,27,16,1,17,0
2020-04-27,Calaveras,009,45235,10,13,0,13,0
2020-04-27,Colusa,011,21464,3,3,0,3,0
2020-04-27,Contra Costa,013,1133247,971,843,0,843,25
2020-04-27,Del Norte,015,27424,4,3,0,3,0
2020-04-27,El Dorado,017,186661,57,43,0,43,0
2020-04-27,Fresno,019,978130,951,504,7,511,7
2020-04-27,Glenn,021,27897,5,4,0,4,0
2020-04-27,Humboldt,023,135768,58,52,0,52,0
2020-04-27,Imperial,025,180216,484,290,0,290,6
2020-04-27,Inyo,027,18085,19,20,0,20,1
2020-04-27,Kern,029,883053,1124,865,1,866,4
2020-04-27,Kings,031,150075,204,48,1,49,1
2020-04-27,Lake,033,64148,8,6,0,6,0
2020-04-27,Lassen,035,31185,1,0,2,2,0
2020-04-27,Los Angeles,037,10098052,27331,20456,18,20474,931
2020-04-27,Madera,039,155013,84,42,1,43,2
2020-04-27,Marin,041,260295,239,227,1,228,12
2020-04-27,Mariposa,043,17540,14,0,0,0,0
2020-04-27,Mendocino,045,87422,13,10,0,10,0
2020-04-27,Merced,047,269075,183,108,0,108,3
2020-04-27,Modoc,049,8938,0,0,0,0,0
2020-04-27,Mono,051,14174,31,23,0,23,1
2020-04-27,Monterey,053,433212,248,185,1,186,4
2020-04-27,Napa,055,140530,76,64,0,64,2
2020-04-27,Nevada,057,99092,41,39,1,40,1
2020-04-27,Orange,059,3164182,3575,2198,22,2220,42
2020-04-27,Placer,061,380077,161,142,0,142,8
2020-04-27,Plumas,063,18699,4,4,0,4,0
2020-04-27,Riverside,065,2383286,4640,3381,9,3390,100
2020-04-27,Sacramento,067,1510023,1091,1035,0,1035,41
2020-04-27,San Benito,069,59416,50,45,0,45,2
2020-04-27,San Bernardino,071,2135413,2397,1742,1,1743,82
2020-04-27,San Diego,073,3302833,4208,3143,0,3143,113
2020-04-27,San Francisco,075,870044,1733,1453,0,1453,23
2020-04-27,San Joaquin,077,732212,578,522,3,525,25
2020-04-27,San Luis Obispo,079,281455,242,166,1,167,1
2020-04-27,San Mateo,081,765935,1393,1092,2,1094,46
2020-04-27,Santa Barbara,083,443738,647,466,2,468,7
2020-04-27,Santa Clara,085,1922200,2520,2104,3,2107,105
2020-04-27,Santa Cruz,087,273765,138,123,0,123,2
2020-04-27,Shasta,089,179085,37,29,0,29,4
2020-04-27,Sierra,091,2930,0,0,0,0,0
2020-04-27,Siskiyou,093,43540,5,5,0,5,0
2020-04-27,Solano,095,438530,294,222,0,222,3
2020-04-27,Sonoma,097,501317,268,220,0,220,1
2020-04-27,Stanislaus,099,539301,418,316,4,320,5
2020-04-27,Sutter,101,95872,29,26,0,26,2
2020-04-27,Tehama,103,63373,1,1,0,1,1
2020-04-27,Trinity,105,12862,1,0,0,0,0
2020-04-27,Tulare,107,460477,844,535,3,538,28
2020-04-27,Tuolumne,109,53932,2,3,0,3,0
2020-04-27,Ventura,111,848112,656,513,0,513,17
2020-04-27,Yolo,113,214977,176,160,0,160,9
2020-04-27,Yuba,115,75493,19,15,0,15,1
2020-04-26,Alameda,001,1643700,1744,1449,1,1450,52
2020-04-26,Alpine,003,1148,1,1,0,1,0
2020-04-26,Amador,005,37829,7,8,0,8,0
2020-04-26,Butte,007,227075,27,16,1,17,0
2020-04-26,Calaveras,009,45235,10,13,0,13,0
2020-04-26,Colusa,011,21464,3,3,0,3,0
2020-04-26,Contra Costa,013,1133247,955,830,0,830,25
2020-04-26,Del Norte,015,27424,3,3,0,3,0
2020-04-26,El Dorado,017,186661,55,41,0,41,0
2020-04-26,Fresno,019,978130,858,476,7,483,7
2020-04-26,Glenn,021,27897,5,4,0,4,0
2020-04-26,Humboldt,023,135768,58,53,0,53,0
2020-04-26,Imperial,025,180216,450,272,0,272,6
2020-04-26,Inyo,027,18085,19,20,0,20,1
2020-04-26,Kern,029,883053,1074,831,1,832,4
2020-04-26,Kings,031,150075,179,33,1,34,1
2020-04-26,Lake,033,64148,8,6,0,6,0
2020-04-26,Lassen,035,31185,1,0,2,2,0
2020-04-26,Los Angeles,037,10098052,26182,19570,18,19588,901
2020-04-26,Madera,039,155013,82,39,1,40,2
2020-04-26,Marin,041,260295,233,225,1,226,12
2020-04-26,Mariposa,043,17540,14,0,0,0,0
2020-04-26,Mendocino,045,87422,13,5,0,5,0
2020-04-26,Merced,047,269075,166,104,0,104,3
2020-04-26,Modoc,049,8938,0,0,0,0,0
2020-04-26,Mono,051,14174,31,23,0,23,1
2020-04-26,Monterey,053,433212,241,182,1,183,4
2020-04-26,Napa,055,140530,75,62,0,62,2
2020-04-26,Nevada,057,99092,41,37,1,38,1
2020-04-26,Orange,059,3164182,3407,2124,22,2146,40
2020-04-26,Placer,061,380077,161,141,0,141,8
2020-04-26,Plumas,063,18699,4,4,0,4,0
2020-04-26,Riverside,065,2383286,4497,3301,9,3310,95
2020-04-26,Sacramento,067,1510023,1082,1027,0,1027,41
2020-04-26,San Benito,069,59416,50,45,0,45,2
2020-04-26,San Bernardino,071,2135413,2299,1681,1,1682,82
2020-04-26,San Diego,073,3302833,4066,3045,0,3045,111
2020-04-26,San Francisco,075,870044,1694,1403,0,1403,23
2020-04-26,San Joaquin,077,732212,570,514,3,517,25
2020-04-26,San Luis Obispo,079,281455,239,165,1,166,1
2020-04-26,San Mateo,081,765935,1367,1070,2,1072,46
2020-04-26,Santa Barbara,083,443738,634,464,2,466,7
2020-04-26,Santa Clara,085,1922200,2497,2097,2,2099,102
2020-04-26,Santa Cruz,087,273765,138,116,0,116,2
2020-04-26,Shasta,089,179085,34,29,0,29,4
2020-04-26,Sierra,091,2930,0,0,0,0,0
2020-04-26,Siskiyou,093,43540,5,5,0,5,0
2020-04-26,Solano,095,438530,285,205,0,205,3
2020-04-26,Sonoma,097,501317,257,216,0,216,1
2020-04-26,Stanislaus,099,539301,403,294,4,298,4
2020-04-26,Sutter,101,95872,29,26,0,26,2
2020-04-26,Tehama,103,63373,1,1,0,1,1
2020-04-26,Trinity,105,12862,1,0,0,0,0
2020-04-26,Tulare,107,460477,786,497,3,500,28
2020-04-26,Tuolumne,109,53932,2,3,0,3,0
2020-04-26,Ventura,111,848112,638,509,0,509,17
2020-04-26,Yolo,113,214977,175,158,0,158,8
2020-04-26,Yuba,115,75493,18,15,0,15,1
2020-04-25,Alameda,001,1643700,1719,1396,1,1397,52
2020-04-25,Alpine,003,1148,1,1,0,1,0
2020-04-25,Amador,005,37829,7,8,0,8,0
2020-04-25,Butte,007,227075,26,16,1,17,0
2020-04-25,Calaveras,009,45235,10,12,0,12,0
2020-04-25,Colusa,011,21464,3,3,0,3,0
2020-04-25,Contra Costa,013,1133247,941,821,0,821,24
2020-04-25,Del Norte,015,27424,2,2,0,2,0
2020-04-25,El Dorado,017,186661,54,41,0,41,0
2020-04-25,Fresno,019,978130,827,459,6,465,7
2020-04-25,Glenn,021,27897,5,4,0,4,0
2020-04-25,Humboldt,023,135768,58,53,0,53,0
2020-04-25,Imperial,025,180216,433,232,0,232,6
2020-04-25,Inyo,027,18085,19,20,0,20,1
2020-04-25,Kern,029,883053,1043,802,1,803,4
2020-04-25,Kings,031,150075,167,33,1,34,1
2020-04-25,Lake,033,64148,6,6,0,6,0
2020-04-25,Lassen,035,31185,1,0,2,2,0
2020-04-25,Los Angeles,037,10098052,25548,19144,18,19162,881
2020-04-25,Madera,039,155013,79,39,1,40,2
2020-04-25,Marin,041,260295,233,215,1,216,12
2020-04-25,Mariposa,043,17540,14,0,0,0,0
2020-04-25,Mendocino,045,87422,12,5,0,5,0
2020-04-25,Merced,047,269075,166,103,0,103,3
2020-04-25,Modoc,049,8938,0,0,0,0,0
2020-04-25,Mono,051,14174,31,23,0,23,1
2020-04-25,Monterey,053,433212,239,173,1,174,4
2020-04-25,Napa,055,140530,75,60,0,60,2
2020-04-25,Nevada,057,99092,41,37,1,38,1
2020-04-25,Orange,059,3164182,3295,2047,22,2069,40
2020-04-25,Placer,061,380077,161,137,0,137,8
2020-04-25,Plumas,063,18699,4,4,0,4,0
2020-04-25,Riverside,065,2383286,4407,3037,9,3046,93
2020-04-25,Sacramento,067,1510023,1080,1015,0,1015,41
2020-04-25,San Benito,069,59416,50,45,0,45,2
2020-04-25,San Bernardino,071,2135413,2254,1675,1,1676,82
2020-04-25,San Diego,073,3302833,3966,2945,0,2945,111
2020-04-25,San Francisco,075,870044,1669,1341,0,1341,22
2020-04-25,San Joaquin,077,732212,563,497,3,500,24
2020-04-25,San Luis Obispo,079,281455,238,159,1,160,1
2020-04-25,San Mateo,081,765935,1349,1054,2,1056,46
2020-04-25,Santa Barbara,083,443738,626,457,2,459,7
2020-04-25,Santa Clara,085,1922200,2477,2045,2,2047,99
2020-04-25,Santa Cruz,087,273765,138,112,0,112,2
2020-04-25,Shasta,089,179085,34,29,0,29,4
2020-04-25,Sierra,091,2930,0,0,0,0,0
2020-04-25,Siskiyou,093,43540,5,5,0,5,0
2020-04-25,Solano,095,438530,281,203,0,203,3
2020-04-25,Sonoma,097,501317,253,199,0,199,1
2020-04-25,Stanislaus,099,539301,395,276,4,280,4
2020-04-25,Sutter,101,95872,29,24,0,24,2
2020-04-25,Tehama,103,63373,1,1,0,1,1
2020-04-25,Trinity,105,12862,0,0,0,0,0
2020-04-25,Tulare,107,460477,753,478,3,481,28
2020-04-25,Tuolumne,109,53932,2,2,0,2,0
2020-04-25,Ventura,111,848112,624,494,0,494,16
2020-04-25,Yolo,113,214977,175,157,0,157,8
2020-04-25,Yuba,115,75493,17,15,0,15,1
2020-04-24,Alameda,001,1643700,1688,1385,1,1386,50
2020-04-24,Alpine,003,1148,1,1,0,1,0
2020-04-24,Amador,005,37829,7,8,0,8,0
2020-04-24,Butte,007,227075,25,15,1,16,0
2020-04-24,Calaveras,009,45235,10,12,0,12,0
2020-04-24,Colusa,011,21464,3,3,0,3,0
2020-04-24,Contra Costa,013,1133247,932,806,0,806,23
2020-04-24,Del Norte,015,27424,2,2,0,2,0
2020-04-24,El Dorado,017,186661,53,41,0,41,0
2020-04-24,Fresno,019,978130,804,449,6,455,7
2020-04-24,Glenn,021,27897,5,4,0,4,0
2020-04-24,Humboldt,023,135768,58,53,0,53,0
2020-04-24,Imperial,025,180216,417,232,0,232,6
2020-04-24,Inyo,027,18085,19,20,0,20,0
2020-04-24,Kern,029,883053,1019,770,1,771,4
2020-04-24,Kings,031,150075,138,30,1,31,1
2020-04-24,Lake,033,64148,6,6,0,6,0
2020-04-24,Lassen,035,31185,1,0,2,2,0
2020-04-24,Los Angeles,037,10098052,24616,18553,18,18571,836
2020-04-24,Madera,039,155013,79,39,1,40,2
2020-04-24,Marin,041,260295,233,211,1,212,11
2020-04-24,Mariposa,043,17540,8,0,0,0,0
2020-04-24,Mendocino,045,87422,12,5,0,5,0
2020-04-24,Merced,047,269075,163,102,0,102,3
2020-04-24,Modoc,049,8938,0,0,0,0,0
2020-04-24,Mono,051,14174,30,23,0,23,1
2020-04-24,Monterey,053,433212,232,167,1,168,4
2020-04-24,Napa,055,140530,74,59,0,59,2
2020-04-24,Nevada,057,99092,41,36,1,37,1
2020-04-24,Orange,059,3164182,3181,1945,22,1967,39
2020-04-24,Placer,061,380077,159,137,0,137,8
2020-04-24,Plumas,063,18699,4,4,0,4,0
2020-04-24,Riverside,065,2383286,4326,3044,9,3053,87
2020-04-24,Sacramento,067,1510023,1074,1009,0,1009,41
2020-04-24,San Benito,069,59416,50,45,0,45,2
2020-04-24,San Bernardino,071,2135413,2219,1667,1,1668,80
2020-04-24,San Diego,073,3302833,3855,2828,0,2828,102
2020-04-24,San Francisco,075,870044,1611,1345,0,1345,22
2020-04-24,San Joaquin,077,732212,556,484,3,487,24
2020-04-24,San Luis Obispo,079,281455,235,151,1,152,1
2020-04-24,San Mateo,081,765935,1326,1004,2,1006,43
2020-04-24,Santa Barbara,083,443738,619,450,2,452,6
2020-04-24,Santa Clara,085,1922200,2438,2026,2,2028,98
2020-04-24,Santa Cruz,087,273765,134,111,0,111,2
2020-04-24,Shasta,089,179085,34,28,0,28,4
2020-04-24,Sierra,091,2930,0,0,0,0,0
2020-04-24,Siskiyou,093,43540,5,5,0,5,0
2020-04-24,Solano,095,438530,279,203,0,203,3
2020-04-24,Sonoma,097,501317,249,199,0,199,1
2020-04-24,Stanislaus,099,539301,392,273,4,277,4
2020-04-24,Sutter,101,95872,28,24,0,24,2
2020-04-24,Tehama,103,63373,1,1,0,1,1
2020-04-24,Trinity,105,12862,0,0,0,0,0
2020-04-24,Tulare,107,460477,725,459,3,462,27
2020-04-24,Tuolumne,109,53932,2,2,0,2,0
2020-04-24,Ventura,111,848112,614,489,0,489,16
2020-04-24,Yolo,113,214977,174,155,0,155,8
2020-04-24,Yuba,115,75493,16,15,0,15,1
2020-04-23,Alameda,001,1643700,1650,1336,1,1337,46
2020-04-23,Alpine,003,1148,1,1,0,1,0
2020-04-23,Amador,005,37829,7,8,0,8,0
2020-04-23,Butte,007,227075,25,15,1,16,0
2020-04-23,Calaveras,009,45235,10,12,0,12,0
2020-04-23,Colusa,011,21464,3,3,0,3,0
2020-04-23,Contra Costa,013,1133247,911,786,0,786,23
2020-04-23,Del Norte,015,27424,2,2,0,2,0
2020-04-23,El Dorado,017,186661,52,39,0,39,0
2020-04-23,Fresno,019,978130,766,426,6,432,7
2020-04-23,Glenn,021,27897,5,3,0,3,0
2020-04-23,Humboldt,023,135768,58,53,0,53,0
2020-04-23,Imperial,025,180216,397,181,0,181,4
2020-04-23,Inyo,027,18085,19,19,0,19,0
2020-04-23,Kern,029,883053,971,732,1,733,4
2020-04-23,Kings,031,150075,123,28,1,29,1
2020-04-23,Lake,033,64148,6,6,0,6,0
2020-04-23,Lassen,035,31185,1,0,2,2,0
2020-04-23,Los Angeles,037,10098052,23556,17548,17,17565,784
2020-04-23,Madera,039,155013,77,37,1,38,2
2020-04-23,Marin,041,260295,220,209,1,210,11
2020-04-23,Mariposa,043,17540,7,0,0,0,0
2020-04-23,Mendocino,045,87422,10,5,0,5,0
2020-04-23,Merced,047,269075,159,98,0,98,3
2020-04-23,Modoc,049,8938,0,0,0,0,0
2020-04-23,Mono,051,14174,30,23,0,23,1
2020-04-23,Monterey,053,433212,228,161,1,162,4
2020-04-23,Napa,055,140530,67,59,0,59,2
2020-04-23,Nevada,057,99092,41,36,1,37,1
2020-04-23,Orange,059,3164182,3003,1841,21,1862,37
2020-04-23,Placer,061,380077,156,136,0,136,8
2020-04-23,Plumas,063,18699,4,4,0,4,0
2020-04-23,Riverside,065,2383286,4212,2935,8,2943,78
2020-04-23,Sacramento,067,1510023,1062,978,0,978,41
2020-04-23,San Benito,069,59416,47,43,0,43,2
2020-04-23,San Bernardino,071,2135413,2154,1604,1,1605,79
2020-04-23,San Diego,073,3302833,3694,2645,0,2645,100
2020-04-23,San Francisco,075,870044,1586,1312,0,1312,21
2020-04-23,San Joaquin,077,732212,546,479,3,482,20
2020-04-23,San Luis Obispo,079,281455,231,146,1,147,1
2020-04-23,San Mateo,081,765935,1286,970,2,972,42
2020-04-23,Santa Barbara,083,443738,609,445,2,447,6
2020-04-23,Santa Clara,085,1922200,2404,1996,2,1998,95
2020-04-23,Santa Cruz,087,273765,133,110,0,110,2
2020-04-23,Shasta,089,179085,34,27,0,27,3
2020-04-23,Sierra,091,2930,0,0,0,0,0
2020-04-23,Siskiyou,093,43540,5,5,0,5,0
2020-04-23,Solano,095,438530,265,196,0,196,3
2020-04-23,Sonoma,097,501317,237,187,0,187,1
2020-04-23,Stanislaus,099,539301,388,254,4,258,4
2020-04-23,Sutter,101,95872,28,24,0,24,2
2020-04-23,Tehama,103,63373,1,1,0,1,1
2020-04-23,Trinity,105,12862,0,0,0,0,0
2020-04-23,Tulare,107,460477,696,440,3,443,25
2020-04-23,Tuolumne,109,53932,2,2,0,2,0
2020-04-23,Ventura,111,848112,600,479,0,479,16
2020-04-23,Yolo,113,214977,171,151,0,151,8
2020-04-23,Yuba,115,75493,16,15,0,15,1
2020-04-22,Alameda,001,1643700,1601,1275,1,1276,46
2020-04-22,Alpine,003,1148,1,1,0,1,0
2020-04-22,Amador,005,37829,7,7,0,7,0
2020-04-22,Butte,007,227075,24,15,1,16,0
2020-04-22,Calaveras,009,45235,10,12,0,12,0
2020-04-22,Colusa,011,21464,3,3,0,3,0
2020-04-22,Contra Costa,013,1133247,896,772,0,772,22
2020-04-22,Del Norte,015,27424,2,2,0,2,0
2020-04-22,El Dorado,017,186661,52,39,0,39,0
2020-04-22,Fresno,019,978130,727,388,6,394,7
2020-04-22,Glenn,021,27897,5,3,0,3,0
2020-04-22,Humboldt,023,135768,58,53,0,53,0
2020-04-22,Imperial,025,180216,386,170,0,170,3
2020-04-22,Inyo,027,18085,19,18,0,18,0
2020-04-22,Kern,029,883053,949,713,1,714,4
2020-04-22,Kings,031,150075,102,28,1,29,1
2020-04-22,Lake,033,64148,6,6,0,6,0
2020-04-22,Lassen,035,31185,1,0,2,2,0
2020-04-22,Los Angeles,037,10098052,22530,16400,17,16417,715
2020-04-22,Madera,039,155013,75,37,1,38,2
2020-04-22,Marin,041,260295,218,202,1,203,11
2020-04-22,Mariposa,043,17540,6,0,0,0,0
2020-04-22,Mendocino,045,87422,7,5,0,5,0
2020-04-22,Merced,047,269075,147,92,0,92,3
2020-04-22,Modoc,049,8938,0,0,0,0,0
2020-04-22,Mono,051,14174,29,23,0,23,1
2020-04-22,Monterey,053,433212,221,154,1,155,4
2020-04-22,Napa,055,140530,66,58,0,58,2
2020-04-22,Nevada,057,99092,41,36,1,37,1
2020-04-22,Orange,059,3164182,2907,1785,21,1806,36
2020-04-22,Placer,061,380077,154,133,0,133,8
2020-04-22,Plumas,063,18699,4,4,0,4,0
2020-04-22,Riverside,065,2383286,4108,2822,8,2830,76
2020-04-22,Sacramento,067,1510023,1057,959,0,959,36
2020-04-22,San Benito,069,59416,46,43,0,43,2
2020-04-22,San Bernardino,071,2135413,2091,1564,1,1565,74
2020-04-22,San Diego,073,3302833,3566,2493,0,2493,96
2020-04-22,San Francisco,075,870044,1549,1255,0,1255,21
2020-04-22,San Joaquin,077,732212,535,462,3,465,20
2020-04-22,San Luis Obispo,079,281455,222,142,1,143,1
2020-04-22,San Mateo,081,765935,1263,945,2,947,40
2020-04-22,Santa Barbara,083,443738,601,437,2,439,6
2020-04-22,Santa Clara,085,1922200,2390,1969,2,1971,95
2020-04-22,Santa Cruz,087,273765,129,106,0,106,2
2020-04-22,Shasta,089,179085,33,26,0,26,3
2020-04-22,Sierra,091,2930,0,0,0,0,0
2020-04-22,Siskiyou,093,43540,5,5,0,5,0
2020-04-22,Solano,095,438530,246,195,0,195,3
2020-04-22,Sonoma,097,501317,234,185,0,185,1
2020-04-22,Stanislaus,099,539301,331,247,4,251,4
2020-04-22,Sutter,101,95872,28,22,0,22,2
2020-04-22,Tehama,103,63373,1,1,0,1,1
2020-04-22,Trinity,105,12862,0,0,0,0,0
2020-04-22,Tulare,107,460477,663,425,3,428,23
2020-04-22,Tuolumne,109,53932,2,2,0,2,0
2020-04-22,Ventura,111,848112,590,465,0,465,15
2020-04-22,Yolo,113,214977,171,147,0,147,8
2020-04-22,Yuba,115,75493,16,15,0,15,1
2020-04-21,Alameda,001,1643700,1571,1234,1,1235,46
2020-04-21,Alpine,003,1148,1,1,0,1,0
2020-04-21,Amador,005,37829,7,7,0,7,0
2020-04-21,Butte,007,227075,23,15,1,16,0
2020-04-21,Calaveras,009,45235,9,12,0,12,0
2020-04-21,Colusa,011,21464,3,3,0,3,0
2020-04-21,Contra Costa,013,1133247,882,766,0,766,22
2020-04-21,Del Norte,015,27424,2,2,0,2,0
2020-04-21,El Dorado,017,186661,51,36,0,36,0
2020-04-21,Fresno,019,978130,693,372,6,378,7
2020-04-21,Glenn,021,27897,5,3,0,3,0
2020-04-21,Humboldt,023,135768,57,53,0,53,0
2020-04-21,Imperial,025,180216,366,165,0,165,2
2020-04-21,Inyo,027,18085,19,18,0,18,0
2020-04-21,Kern,029,883053,907,676,1,677,4
2020-04-21,Kings,031,150075,88,28,1,29,1
2020-04-21,Lake,033,64148,6,6,0,6,0
2020-04-21,Lassen,035,31185,1,0,2,2,0
2020-04-21,Los Angeles,037,10098052,21670,15096,17,15113,650
2020-04-21,Madera,039,155013,75,37,1,38,2
2020-04-21,Marin,041,260295,212,202,1,203,10
2020-04-21,Mariposa,043,17540,5,0,0,0,0
2020-04-21,Mendocino,045,87422,7,5,0,5,0
2020-04-21,Merced,047,269075,143,89,0,89,3
2020-04-21,Modoc,049,8938,0,0,0,0,0
2020-04-21,Mono,051,14174,29,23,0,23,1
2020-04-21,Monterey,053,433212,218,151,1,152,4
2020-04-21,Napa,055,140530,65,58,0,58,2
2020-04-21,Nevada,057,99092,41,36,1,37,1
2020-04-21,Orange,059,3164182,2783,1717,20,1737,36
2020-04-21,Placer,061,380077,152,133,0,133,8
2020-04-21,Plumas,063,18699,4,4,0,4,0
2020-04-21,Riverside,065,2383286,3977,2631,8,2639,68
2020-04-21,Sacramento,067,1510023,1047,941,0,941,33
2020-04-21,San Benito,069,59416,45,43,0,43,2
2020-04-21,San Bernardino,071,2135413,2030,1499,1,1500,71
2020-04-21,San Diego,073,3302833,3410,2436,0,2436,87
2020-04-21,San Francisco,075,870044,1519,1232,0,1232,20
2020-04-21,San Joaquin,077,732212,525,447,3,450,20
2020-04-21,San Luis Obispo,079,281455,216,134,1,135,1
2020-04-21,San Mateo,081,765935,1217,933,2,935,34
2020-04-21,Santa Barbara,083,443738,589,414,1,415,5
2020-04-21,Santa Clara,085,1922200,2342,1943,2,1945,91
2020-04-21,Santa Cruz,087,273765,127,104,0,104,2
2020-04-21,Shasta,089,179085,32,26,0,26,3
2020-04-21,Sierra,091,2930,0,0,0,0,0
2020-04-21,Siskiyou,093,43540,5,5,0,5,0
2020-04-21,Solano,095,438530,238,193,0,193,3
2020-04-21,Sonoma,097,501317,224,182,0,182,1
2020-04-21,Stanislaus,099,539301,312,235,4,239,4
2020-04-21,Sutter,101,95872,28,22,0,22,2
2020-04-21,Tehama,103,63373,1,1,0,1,1
2020-04-21,Trinity,105,12862,0,0,0,0,0
2020-04-21,Tulare,107,460477,627,410,3,413,23
2020-04-21,Tuolumne,109,53932,2,2,0,2,0
2020-04-21,Ventura,111,848112,578,455,0,455,14
2020-04-21,Yolo,113,214977,169,143,0,143,8
2020-04-21,Yuba,115,75493,16,15,0,15,1
2020-04-20,Alameda,001,1643700,1538,1181,1,1182,42
2020-04-20,Alpine,003,1148,1,1,0,1,0
2020-04-20,Amador,005,37829,7,7,0,7,0
2020-04-20,Butte,007,227075,23,15,1,16,0
2020-04-20,Calaveras,009,45235,9,12,0,12,0
2020-04-20,Colusa,011,21464,3,3,0,3,0
2020-04-20,Contra Costa,013,1133247,872,753,0,753,22
2020-04-20,Del Norte,015,27424,2,2,0,2,0
2020-04-20,El Dorado,017,186661,51,36,0,36,0
2020-04-20,Fresno,019,978130,675,356,6,362,7
2020-04-20,Glenn,021,27897,4,3,0,3,0
2020-04-20,Humboldt,023,135768,57,53,0,53,0
2020-04-20,Imperial,025,180216,346,149,0,149,2
2020-04-20,Inyo,027,18085,19,17,0,17,0
2020-04-20,Kern,029,883053,875,651,1,652,3
2020-04-20,Kings,031,150075,77,19,1,20,1
2020-04-20,Lake,033,64148,6,6,0,6,0
2020-04-20,Lassen,035,31185,1,0,2,2,0
2020-04-20,Los Angeles,037,10098052,20755,13787,17,13804,608
2020-04-20,Madera,039,155013,74,35,1,36,2
2020-04-20,Marin,041,260295,208,200,1,201,10
2020-04-20,Mariposa,043,17540,5,0,0,0,0
2020-04-20,Mendocino,045,87422,7,5,0,5,0
2020-04-20,Merced,047,269075,136,88,0,88,3
2020-04-20,Modoc,049,8938,0,0,0,0,0
2020-04-20,Mono,051,14174,29,23,0,23,1
2020-04-20,Monterey,053,433212,209,147,1,148,4
2020-04-20,Napa,055,140530,65,55,0,55,2
2020-04-20,Nevada,057,99092,41,34,1,35,1
2020-04-20,Orange,059,3164182,2699,1679,20,1699,33
2020-04-20,Placer,061,380077,151,132,0,132,8
2020-04-20,Plumas,063,18699,4,4,0,4,0
2020-04-20,Riverside,065,2383286,3852,2477,8,2485,61
2020-04-20,Sacramento,067,1510023,1037,924,0,924,32
2020-04-20,San Benito,069,59416,45,43,0,43,2
2020-04-20,San Bernardino,071,2135413,1943,1344,1,1345,63
2020-04-20,San Diego,073,3302833,3268,2327,0,2327,72
2020-04-20,San Francisco,075,870044,1487,1223,0,1223,19
2020-04-20,San Joaquin,077,732212,521,422,3,425,17
2020-04-20,San Luis Obispo,079,281455,202,132,1,133,1
2020-04-20,San Mateo,081,765935,1194,890,2,892,31
2020-04-20,Santa Barbara,083,443738,577,388,1,389,4
2020-04-20,Santa Clara,085,1922200,2315,1920,2,1922,84
2020-04-20,Santa Cruz,087,273765,125,102,0,102,2
2020-04-20,Shasta,089,179085,32,26,0,26,3
2020-04-20,Sierra,091,2930,0,0,0,0,0
2020-04-20,Siskiyou,093,43540,5,5,0,5,0
2020-04-20,Solano,095,438530,235,185,0,185,2
2020-04-20,Sonoma,097,501317,216,178,0,178,1
2020-04-20,Stanislaus,099,539301,298,228,4,232,3
2020-04-20,Sutter,101,95872,27,22,0,22,2
2020-04-20,Tehama,103,63373,1,1,0,1,1
2020-04-20,Trinity,105,12862,0,0,0,0,0
2020-04-20,Tulare,107,460477,617,401,3,404,20
2020-04-20,Tuolumne,109,53932,2,2,0,2,0
2020-04-20,Ventura,111,848112,564,426,0,426,13
2020-04-20,Yolo,113,214977,168,125,0,125,5
2020-04-20,Yuba,115,75493,16,15,0,15,1
2020-04-19,Alameda,001,1643700,1488,1134,1,1135,41
2020-04-19,Alpine,003,1148,1,1,0,1,0
2020-04-19,Amador,005,37829,6,7,0,7,0
2020-04-19,Butte,007,227075,22,15,1,16,0
2020-04-19,Calaveras,009,45235,9,12,0,12,0
2020-04-19,Colusa,011,21464,3,3,0,3,0
2020-04-19,Contra Costa,013,1133247,858,731,0,731,20
2020-04-19,Del Norte,015,27424,2,2,0,2,0
2020-04-19,El Dorado,017,186661,51,36,0,36,0
2020-04-19,Fresno,019,978130,639,326,6,332,7
2020-04-19,Glenn,021,27897,4,3,0,3,0
2020-04-19,Humboldt,023,135768,57,53,0,53,0
2020-04-19,Imperial,025,180216,320,144,0,144,2
2020-04-19,Inyo,027,18085,19,17,0,17,0
2020-04-19,Kern,029,883053,850,629,1,630,3
2020-04-19,Kings,031,150075,67,17,1,18,1
2020-04-19,Lake,033,64148,6,6,0,6,0
2020-04-19,Lassen,035,31185,1,0,2,2,0
2020-04-19,Los Angeles,037,10098052,19760,12299,17,12316,589
2020-04-19,Madera,039,155013,72,34,1,35,2
2020-04-19,Marin,041,260295,207,194,1,195,10
2020-04-19,Mariposa,043,17540,2,0,0,0,0
2020-04-19,Mendocino,045,87422,7,4,0,4,0
2020-04-19,Merced,047,269075,131,85,0,85,3
2020-04-19,Modoc,049,8938,0,0,0,0,0
2020-04-19,Mono,051,14174,29,23,0,23,1
2020-04-19,Monterey,053,433212,200,140,1,141,4
2020-04-19,Napa,055,140530,63,49,0,49,2
2020-04-19,Nevada,057,99092,40,34,1,35,1
2020-04-19,Orange,059,3164182,2599,1591,18,1609,32
2020-04-19,Placer,061,380077,150,131,0,131,8
2020-04-19,Plumas,063,18699,4,4,0,4,0
2020-04-19,Riverside,065,2383286,3709,2316,8,2324,56
2020-04-19,Sacramento,067,1510023,1010,912,0,912,32
2020-04-19,San Benito,069,59416,43,40,0,40,2
2020-04-19,San Bernardino,071,2135413,1880,1262,1,1263,58
2020-04-19,San Diego,073,3302833,3101,2270,0,2270,71
2020-04-19,San Francisco,075,870044,1454,1153,0,1153,19
2020-04-19,San Joaquin,077,732212,503,404,3,407,17
2020-04-19,San Luis Obispo,079,281455,197,132,1,133,1
2020-04-19,San Mateo,081,765935,1158,845,2,847,31
2020-04-19,Santa Barbara,083,443738,565,377,1,378,3
2020-04-19,Santa Clara,085,1922200,2273,1878,2,1880,81
2020-04-19,Santa Cruz,087,273765,122,98,0,98,2
2020-04-19,Shasta,089,179085,30,26,0,26,3
2020-04-19,Sierra,091,2930,0,0,0,0,0
2020-04-19,Siskiyou,093,43540,5,5,0,5,0
2020-04-19,Solano,095,438530,227,174,0,174,2
2020-04-19,Sonoma,097,501317,210,172,0,172,1
2020-04-19,Stanislaus,099,539301,290,221,4,225,3
2020-04-19,Sutter,101,95872,26,21,0,21,2
2020-04-19,Tehama,103,63373,1,1,0,1,1
2020-04-19,Trinity,105,12862,0,0,0,0,0
2020-04-19,Tulare,107,460477,572,391,3,394,17
2020-04-19,Tuolumne,109,53932,2,2,0,2,0
2020-04-19,Ventura,111,848112,556,418,0,418,13
2020-04-19,Yolo,113,214977,168,120,0,120,5
2020-04-19,Yuba,115,75493,16,15,0,15,1
2020-04-18,Alameda,001,1643700,1463,1085,1,1086,40
2020-04-18,Alpine,003,1148,1,1,0,1,0
2020-04-18,Amador,005,37829,6,7,0,7,0
2020-04-18,Butte,007,227075,21,15,1,16,0
2020-04-18,Calaveras,009,45235,9,12,0,12,0
2020-04-18,Colusa,011,21464,3,3,0,3,0
2020-04-18,Contra Costa,013,1133247,846,721,0,721,17
2020-04-18,Del Norte,015,27424,2,2,0,2,0
2020-04-18,El Dorado,017,186661,51,36,0,36,0
2020-04-18,Fresno,019,978130,619,319,6,325,7
2020-04-18,Glenn,021,27897,4,3,0,3,0
2020-04-18,Humboldt,023,135768,57,52,0,52,0
2020-04-18,Imperial,025,180216,311,137,0,137,2
2020-04-18,Inyo,027,18085,19,17,0,17,0
2020-04-18,Kern,029,883053,828,626,1,627,3
2020-04-18,Kings,031,150075,66,17,1,18,1
2020-04-18,Lake,033,64148,6,6,0,6,0
2020-04-18,Lassen,035,31185,1,0,2,2,0
2020-04-18,Los Angeles,037,10098052,19235,11984,16,12000,566
2020-04-18,Madera,039,155013,71,34,1,35,2
2020-04-18,Marin,041,260295,205,193,1,194,10
2020-04-18,Mariposa,043,17540,2,0,0,0,0
2020-04-18,Mendocino,045,87422,7,4,0,4,0
2020-04-18,Merced,047,269075,129,82,0,82,3
2020-04-18,Modoc,049,8938,0,0,0,0,0
2020-04-18,Mono,051,14174,29,22,0,22,1
2020-04-18,Monterey,053,433212,196,135,1,136,3
2020-04-18,Napa,055,140530,63,49,0,49,2
2020-04-18,Nevada,057,99092,39,34,1,35,1
2020-04-18,Orange,059,3164182,2535,1569,17,1586,32
2020-04-18,Placer,061,380077,148,130,0,130,8
2020-04-18,Plumas,063,18699,4,4,0,4,0
2020-04-18,Riverside,065,2383286,3634,2257,8,2265,56
2020-04-18,Sacramento,067,1510023,998,901,0,901,32
2020-04-18,San Benito,069,59416,43,40,0,40,2
2020-04-18,San Bernardino,071,2135413,1835,1255,1,1256,58
2020-04-18,San Diego,073,3302833,2999,2215,0,2215,71
2020-04-18,San Francisco,075,870044,1415,1144,0,1144,19
2020-04-18,San Joaquin,077,732212,494,392,3,395,17
2020-04-18,San Luis Obispo,079,281455,193,129,1,130,1
2020-04-18,San Mateo,081,765935,1136,821,2,823,31
2020-04-18,Santa Barbara,083,443738,559,372,1,373,3
2020-04-18,Santa Clara,085,1922200,2241,1862,2,1864,79
2020-04-18,Santa Cruz,087,273765,120,96,0,96,2
2020-04-18,Shasta,089,179085,30,26,0,26,3
2020-04-18,Sierra,091,2930,0,0,0,0,0
2020-04-18,Siskiyou,093,43540,5,5,0,5,0
2020-04-18,Solano,095,438530,224,175,0,175,2
2020-04-18,Sonoma,097,501317,206,168,0,168,1
2020-04-18,Stanislaus,099,539301,282,216,4,220,3
2020-04-18,Sutter,101,95872,26,21,0,21,2
2020-04-18,Tehama,103,63373,1,1,0,1,1
2020-04-18,Trinity,105,12862,0,0,0,0,0
2020-04-18,Tulare,107,460477,563,385,3,388,17
2020-04-18,Tuolumne,109,53932,2,2,0,2,0
2020-04-18,Ventura,111,848112,548,416,0,416,13
2020-04-18,Yolo,113,214977,166,118,0,118,5
2020-04-18,Yuba,115,75493,16,14,0,14,1
2020-04-17,Alameda,001,1643700,1407,1043,1,1044,40
2020-04-17,Alpine,003,1148,1,1,0,1,0
2020-04-17,Amador,005,37829,6,7,0,7,0
2020-04-17,Butte,007,227075,21,15,1,16,0
2020-04-17,Calaveras,009,45235,9,11,0,11,0
2020-04-17,Colusa,011,21464,3,3,0,3,0
2020-04-17,Contra Costa,013,1133247,836,687,0,687,15
2020-04-17,Del Norte,015,27424,2,2,0,2,0
2020-04-17,El Dorado,017,186661,51,35,0,35,0
2020-04-17,Fresno,019,978130,597,315,6,321,7
2020-04-17,Glenn,021,27897,4,3,0,3,0
2020-04-17,Humboldt,023,135768,56,52,0,52,0
2020-04-17,Imperial,025,180216,302,135,0,135,2
2020-04-17,Inyo,027,18085,19,17,0,17,0
2020-04-17,Kern,029,883053,808,612,1,613,3
2020-04-17,Kings,031,150075,64,15,1,16,1
2020-04-17,Lake,033,64148,6,6,0,6,0
2020-04-17,Lassen,035,31185,1,0,2,2,0
2020-04-17,Los Angeles,037,10098052,18592,11354,16,11370,489
2020-04-17,Madera,039,155013,71,34,1,35,2
2020-04-17,Marin,041,260295,202,189,1,190,10
2020-04-17,Mariposa,043,17540,1,0,0,0,0
2020-04-17,Mendocino,045,87422,7,4,0,4,0
2020-04-17,Merced,047,269075,128,80,0,80,3
2020-04-17,Modoc,049,8938,0,0,0,0,0
2020-04-17,Mono,051,14174,29,22,0,22,1
2020-04-17,Monterey,053,433212,191,119,1,120,3
2020-04-17,Napa,055,140530,61,46,0,46,2
2020-04-17,Nevada,057,99092,38,34,1,35,1
2020-04-17,Orange,059,3164182,2484,1496,17,1513,31
2020-04-17,Placer,061,380077,148,130,0,130,8
2020-04-17,Plumas,063,18699,4,4,0,4,0
2020-04-17,Riverside,065,2383286,3507,2080,8,2088,50
2020-04-17,Sacramento,067,1510023,991,882,0,882,32
2020-04-17,San Benito,069,59416,43,38,0,38,2
2020-04-17,San Bernardino,071,2135413,1796,1229,1,1230,57
2020-04-17,San Diego,073,3302833,2909,2160,0,2160,70
2020-04-17,San Francisco,075,870044,1389,1090,0,1090,19
2020-04-17,San Joaquin,077,732212,483,356,3,359,17
2020-04-17,San Luis Obispo,079,281455,186,116,1,117,1
2020-04-17,San Mateo,081,765935,1120,768,2,770,31
2020-04-17,Santa Barbara,083,443738,554,349,1,350,3
2020-04-17,Santa Clara,085,1922200,2209,1834,2,1836,74
2020-04-17,Santa Cruz,087,273765,119,94,0,94,2
2020-04-17,Shasta,089,179085,30,26,0,26,3
2020-04-17,Sierra,091,2930,0,0,0,0,0
2020-04-17,Siskiyou,093,43540,5,5,0,5,0
2020-04-17,Solano,095,438530,223,173,0,173,2
2020-04-17,Sonoma,097,501317,203,167,0,167,1
2020-04-17,Stanislaus,099,539301,280,201,4,205,3
2020-04-17,Sutter,101,95872,26,20,0,20,2
2020-04-17,Tehama,103,63373,1,1,0,1,1
2020-04-17,Trinity,105,12862,0,0,0,0,0
2020-04-17,Tulare,107,460477,556,370,3,373,17
2020-04-17,Tuolumne,109,53932,2,2,0,2,0
2020-04-17,Ventura,111,848112,543,398,0,398,13
2020-04-17,Yolo,113,214977,165,117,0,117,5
2020-04-17,Yuba,115,75493,16,14,0,14,1
2020-04-16,Alameda,001,1643700,1373,981,1,982,39
2020-04-16,Alpine,003,1148,1,1,0,1,0
2020-04-16,Amador,005,37829,6,7,0,7,0
2020-04-16,Butte,007,227075,20,15,1,16,0
2020-04-16,Calaveras,009,45235,9,10,0,10,0
2020-04-16,Colusa,011,21464,3,3,0,3,0
2020-04-16,Contra Costa,013,1133247,822,675,0,675,14
2020-04-16,Del Norte,015,27424,2,2,0,2,0
2020-04-16,El Dorado,017,186661,50,34,0,34,0
2020-04-16,Fresno,019,978130,567,289,6,295,7
2020-04-16,Glenn,021,27897,4,3,0,3,0
2020-04-16,Humboldt,023,135768,56,47,0,47,0
2020-04-16,Imperial,025,180216,288,132,0,132,2
2020-04-16,Inyo,027,18085,17,17,0,17,0
2020-04-16,Kern,029,883053,781,587,1,588,3
2020-04-16,Kings,031,150075,60,12,1,13,1
2020-04-16,Lake,033,64148,6,6,0,6,0
2020-04-16,Lassen,035,31185,1,0,2,2,0
2020-04-16,Los Angeles,037,10098052,17708,10786,16,10802,447
2020-04-16,Madera,039,155013,69,34,1,35,2
2020-04-16,Marin,041,260295,198,170,1,171,10
2020-04-16,Mariposa,043,17540,1,1,0,1,0
2020-04-16,Mendocino,045,87422,7,4,0,4,0
2020-04-16,Merced,047,269075,122,76,0,76,3
2020-04-16,Modoc,049,8938,0,0,0,0,0
2020-04-16,Mono,051,14174,29,22,0,22,1
2020-04-16,Monterey,053,433212,188,116,1,117,3
2020-04-16,Napa,055,140530,58,44,0,44,2
2020-04-16,Nevada,057,99092,38,34,1,35,1
2020-04-16,Orange,059,3164182,2417,1439,16,1455,28
2020-04-16,Placer,061,380077,146,129,0,129,7
2020-04-16,Plumas,063,18699,4,4,0,4,0
2020-04-16,Riverside,065,2383286,3387,1913,8,1921,45
2020-04-16,Sacramento,067,1510023,983,865,0,865,32
2020-04-16,San Benito,069,59416,43,36,0,36,2
2020-04-16,San Bernardino,071,2135413,1713,1143,0,1143,54
2020-04-16,San Diego,073,3302833,2801,2089,0,2089,63
2020-04-16,San Francisco,075,870044,1345,1039,0,1039,16
2020-04-16,San Joaquin,077,732212,468,345,3,348,17
2020-04-16,San Luis Obispo,079,281455,182,113,1,114,1
2020-04-16,San Mateo,081,765935,1091,745,2,747,29
2020-04-16,Santa Barbara,083,443738,541,331,1,332,3
2020-04-16,Santa Clara,085,1922200,2172,1789,2,1791,70
2020-04-16,Santa Cruz,087,273765,117,90,0,90,2
2020-04-16,Shasta,089,179085,30,25,0,25,3
2020-04-16,Sierra,091,2930,0,0,0,0,0
2020-04-16,Siskiyou,093,43540,5,5,0,5,0
2020-04-16,Solano,095,438530,220,162,0,162,2
2020-04-16,Sonoma,097,501317,198,145,0,145,1
2020-04-16,Stanislaus,099,539301,277,185,4,189,3
2020-04-16,Sutter,101,95872,25,21,0,21,2
2020-04-16,Tehama,103,63373,1,1,0,1,1
2020-04-16,Trinity,105,12862,0,0,0,0,0
2020-04-16,Tulare,107,460477,539,305,3,308,16
2020-04-16,Tuolumne,109,53932,2,1,0,1,0
2020-04-16,Ventura,111,848112,531,384,0,384,13
2020-04-16,Yolo,113,214977,163,98,0,98,4
2020-04-16,Yuba,115,75493,15,14,0,14,1
2020-04-15,Alameda,001,1643700,1323,915,1,916,38
2020-04-15,Alpine,003,1148,1,1,0,1,0
2020-04-15,Amador,005,37829,6,7,0,7,0
2020-04-15,Butte,007,227075,20,14,1,15,0
2020-04-15,Calaveras,009,45235,8,9,0,9,0
2020-04-15,Colusa,011,21464,3,3,0,3,0
2020-04-15,Contra Costa,013,1133247,800,645,0,645,14
2020-04-15,Del Norte,015,27424,2,2,0,2,0
2020-04-15,El Dorado,017,186661,48,33,0,33,0
2020-04-15,Fresno,019,978130,542,264,6,270,7
2020-04-15,Glenn,021,27897,4,3,0,3,0
2020-04-15,Humboldt,023,135768,56,47,0,47,0
2020-04-15,Imperial,025,180216,261,115,0,115,2
2020-04-15,Inyo,027,18085,17,12,0,12,0
2020-04-15,Kern,029,883053,759,500,1,501,3
2020-04-15,Kings,031,150075,56,12,1,13,1
2020-04-15,Lake,033,64148,6,4,0,4,0
2020-04-15,Lassen,035,31185,1,0,2,2,0
2020-04-15,Los Angeles,037,10098052,16888,10416,16,10432,394
2020-04-15,Madera,039,155013,69,30,1,31,2
2020-04-15,Marin,041,260295,195,162,1,163,10
2020-04-15,Mariposa,043,17540,0,0,0,0,0
2020-04-15,Mendocino,045,87422,6,4,0,4,0
2020-04-15,Merced,047,269075,120,74,0,74,3
2020-04-15,Modoc,049,8938,0,0,0,0,0
2020-04-15,Mono,051,14174,29,22,0,22,1
2020-04-15,Monterey,053,433212,180,106,1,107,3
2020-04-15,Napa,055,140530,55,34,0,34,2
2020-04-15,Nevada,057,99092,37,34,1,35,1
2020-04-15,Orange,059,3164182,2314,1377,16,1393,24
2020-04-15,Placer,061,380077,145,123,0,123,6
2020-04-15,Plumas,063,18699,4,4,0,4,0
2020-04-15,Riverside,065,2383286,3192,1723,8,1731,42
2020-04-15,Sacramento,067,1510023,974,839,0,839,32
2020-04-15,San Benito,069,59416,43,34,0,34,2
2020-04-15,San Bernardino,071,2135413,1643,1063,0,1063,45
2020-04-15,San Diego,073,3302833,2713,2014,0,2014,60
2020-04-15,San Francisco,075,870044,1309,1006,0,1006,16
2020-04-15,San Joaquin,077,732212,460,329,3,332,17
2020-04-15,San Luis Obispo,079,281455,174,112,1,113,1
2020-04-15,San Mateo,081,765935,1042,707,2,709,28
2020-04-15,Santa Barbara,083,443738,520,317,1,318,2
2020-04-15,Santa Clara,085,1922200,2134,1692,2,1694,69
2020-04-15,Santa Cruz,087,273765,113,92,0,92,2
2020-04-15,Shasta,089,179085,30,25,0,25,3
2020-04-15,Sierra,091,2930,0,0,0,0,0
2020-04-15,Siskiyou,093,43540,5,5,0,5,0
2020-04-15,Solano,095,438530,215,153,0,153,2
2020-04-15,Sonoma,097,501317,196,140,0,140,1
2020-04-15,Stanislaus,099,539301,270,174,4,178,3
2020-04-15,Sutter,101,95872,25,19,0,19,2
2020-04-15,Tehama,103,63373,1,1,0,1,1
2020-04-15,Trinity,105,12862,0,0,0,0,0
2020-04-15,Tulare,107,460477,521,289,3,292,14
2020-04-15,Tuolumne,109,53932,2,1,0,1,0
2020-04-15,Ventura,111,848112,516,365,0,365,13
2020-04-15,Yolo,113,214977,159,93,0,93,3
2020-04-15,Yuba,115,75493,15,15,0,15,1
2020-04-14,Alameda,001,1643700,1278,843,1,844,30
2020-04-14,Alpine,003,1148,1,1,0,1,0
2020-04-14,Amador,005,37829,6,6,0,6,0
2020-04-14,Butte,007,227075,20,13,1,14,0
2020-04-14,Calaveras,009,45235,8,5,0,5,0
2020-04-14,Colusa,011,21464,3,3,0,3,0
2020-04-14,Contra Costa,013,1133247,788,617,0,617,12
2020-04-14,Del Norte,015,27424,2,2,0,2,0
2020-04-14,El Dorado,017,186661,48,30,0,30,0
2020-04-14,Fresno,019,978130,519,244,6,250,6
2020-04-14,Glenn,021,27897,4,3,0,3,0
2020-04-14,Humboldt,023,135768,56,44,0,44,0
2020-04-14,Imperial,025,180216,241,86,0,86,2
2020-04-14,Inyo,027,18085,17,12,0,12,0
2020-04-14,Kern,029,883053,736,453,1,454,3
2020-04-14,Kings,031,150075,55,12,1,13,1
2020-04-14,Lake,033,64148,6,3,0,3,0
2020-04-14,Lassen,035,31185,1,0,2,2,0
2020-04-14,Los Angeles,037,10098052,15994,9948,15,9963,357
2020-04-14,Madera,039,155013,68,29,1,30,2
2020-04-14,Marin,041,260295,191,147,1,148,9
2020-04-14,Mariposa,043,17540,0,0,0,0,0
2020-04-14,Mendocino,045,87422,6,4,0,4,0
2020-04-14,Merced,047,269075,113,61,0,61,3
2020-04-14,Modoc,049,8938,0,0,0,0,0
2020-04-14,Mono,051,14174,29,22,0,22,1
2020-04-14,Monterey,053,433212,175,98,1,99,3
2020-04-14,Napa,055,140530,55,33,0,33,2
2020-04-14,Nevada,057,99092,37,34,1,35,1
2020-04-14,Orange,059,3164182,2208,1362,16,1378,24
2020-04-14,Placer,061,380077,144,117,0,117,5
2020-04-14,Plumas,063,18699,4,3,0,3,0
2020-04-14,Riverside,065,2383286,3057,1467,8,1475,40
2020-04-14,Sacramento,067,1510023,965,737,0,737,29
2020-04-14,San Benito,069,59416,40,34,0,34,2
2020-04-14,San Bernardino,071,2135413,1588,933,0,933,37
2020-04-14,San Diego,073,3302833,2618,1932,0,1932,53
2020-04-14,San Francisco,075,870044,1255,968,0,968,14
2020-04-14,San Joaquin,077,732212,450,280,3,283,17
2020-04-14,San Luis Obispo,079,281455,171,109,1,110,1
2020-04-14,San Mateo,081,765935,1008,681,2,683,28
2020-04-14,Santa Barbara,083,443738,495,292,1,293,2
2020-04-14,Santa Clara,085,1922200,2101,1561,2,1563,63
2020-04-14,Santa Cruz,087,273765,105,84,0,84,2
2020-04-14,Shasta,089,179085,30,24,0,24,3
2020-04-14,Sierra,091,2930,0,0,0,0,0
2020-04-14,Siskiyou,093,43540,5,5,0,5,0
2020-04-14,Solano,095,438530,212,140,0,140,2
2020-04-14,Sonoma,097,501317,192,133,0,133,1
2020-04-14,Stanislaus,099,539301,257,136,4,140,3
2020-04-14,Sutter,101,95872,24,19,0,19,2
2020-04-14,Tehama,103,63373,1,1,0,1,1
2020-04-14,Trinity,105,12862,0,0,0,0,0
2020-04-14,Tulare,107,460477,498,228,3,231,12
2020-04-14,Tuolumne,109,53932,2,0,0,0,0
2020-04-14,Ventura,111,848112,503,328,0,328,11
2020-04-14,Yolo,113,214977,155,81,0,81,3
2020-04-14,Yuba,115,75493,14,14,0,14,1
2020-04-13,Alameda,001,1643700,1239,821,1,822,23
2020-04-13,Alpine,003,1148,1,1,0,1,0
2020-04-13,Amador,005,37829,6,6,0,6,0
2020-04-13,Butte,007,227075,20,13,1,14,0
2020-04-13,Calaveras,009,45235,7,5,0,5,0
2020-04-13,Colusa,011,21464,3,3,0,3,0
2020-04-13,Contra Costa,013,1133247,772,569,0,569,12
2020-04-13,Del Norte,015,27424,2,2,0,2,0
2020-04-13,El Dorado,017,186661,46,29,0,29,0
2020-04-13,Fresno,019,978130,497,205,5,210,4
2020-04-13,Glenn,021,27897,4,3,0,3,0
2020-04-13,Humboldt,023,135768,56,44,0,44,0
2020-04-13,Imperial,025,180216,223,82,0,82,2
2020-04-13,Inyo,027,18085,17,12,0,12,0
2020-04-13,Kern,029,883053,711,346,1,347,3
2020-04-13,Kings,031,150075,51,9,1,10,0
2020-04-13,Lake,033,64148,6,3,0,3,0
2020-04-13,Lassen,035,31185,1,0,2,2,0
2020-04-13,Los Angeles,037,10098052,15280,9367,15,9382,317
2020-04-13,Madera,039,155013,66,29,1,30,2
2020-04-13,Marin,041,260295,187,144,1,145,6
2020-04-13,Mariposa,043,17540,0,0,0,0,0
2020-04-13,Mendocino,045,87422,6,4,0,4,0
2020-04-13,Merced,047,269075,112,60,0,60,3
2020-04-13,Modoc,049,8938,0,0,0,0,0
2020-04-13,Mono,051,14174,29,21,0,21,1
2020-04-13,Monterey,053,433212,168,86,1,87,3
2020-04-13,Napa,055,140530,54,30,0,30,2
2020-04-13,Nevada,057,99092,37,24,1,25,1
2020-04-13,Orange,059,3164182,2133,1313,16,1329,21
2020-04-13,Placer,061,380077,143,116,0,116,5
2020-04-13,Plumas,063,18699,4,3,0,3,0
2020-04-13,Riverside,065,2383286,2916,1460,7,1467,35
2020-04-13,Sacramento,067,1510023,953,723,0,723,25
2020-04-13,San Benito,069,59416,39,33,0,33,2
2020-04-13,San Bernardino,071,2135413,1513,920,0,920,30
2020-04-13,San Diego,073,3302833,2535,1849,0,1849,47
2020-04-13,San Francisco,075,870044,1217,948,0,948,12
2020-04-13,San Joaquin,077,732212,436,255,3,258,16
2020-04-13,San Luis Obispo,079,281455,166,106,1,107,1
2020-04-13,San Mateo,081,765935,968,679,2,681,25
2020-04-13,Santa Barbara,083,443738,474,271,0,271,2
2020-04-13,Santa Clara,085,1922200,2058,1540,2,1542,58
2020-04-13,Santa Cruz,087,273765,99,82,0,82,1
2020-04-13,Shasta,089,179085,29,24,0,24,3
2020-04-13,Sierra,091,2930,0,0,0,0,0
2020-04-13,Siskiyou,093,43540,5,5,0,5,0
2020-04-13,Solano,095,438530,209,136,0,136,2
2020-04-13,Sonoma,097,501317,185,133,0,133,1
2020-04-13,Stanislaus,099,539301,251,130,4,134,1
2020-04-13,Sutter,101,95872,24,18,0,18,2
2020-04-13,Tehama,103,63373,1,1,0,1,0
2020-04-13,Trinity,105,12862,0,0,0,0,0
2020-04-13,Tulare,107,460477,462,185,3,188,11
2020-04-13,Tuolumne,109,53932,2,0,0,0,0
2020-04-13,Ventura,111,848112,482,309,0,309,9
2020-04-13,Yolo,113,214977,149,81,0,81,3
2020-04-13,Yuba,115,75493,14,13,0,13,1
2020-04-12,Alameda,001,1643700,1196,774,1,775,23
2020-04-12,Alpine,003,1148,1,1,0,1,0
2020-04-12,Amador,005,37829,6,6,0,6,0
2020-04-12,Butte,007,227075,20,13,1,14,0
2020-04-12,Calaveras,009,45235,7,5,0,5,0
2020-04-12,Colusa,011,21464,3,3,0,3,0
2020-04-12,Contra Costa,013,1133247,760,553,0,553,12
2020-04-12,Del Norte,015,27424,2,2,0,2,0
2020-04-12,El Dorado,017,186661,46,28,0,28,0
2020-04-12,Fresno,019,978130,468,205,5,210,4
2020-04-12,Glenn,021,27897,4,3,0,3,0
2020-04-12,Humboldt,023,135768,56,43,0,43,0
2020-04-12,Imperial,025,180216,200,78,0,78,2
2020-04-12,Inyo,027,18085,15,12,0,12,0
2020-04-12,Kern,029,883053,679,319,0,319,3
2020-04-12,Kings,031,150075,49,9,1,10,0
2020-04-12,Lake,033,64148,6,3,0,3,0
2020-04-12,Lassen,035,31185,1,0,2,2,0
2020-04-12,Los Angeles,037,10098052,14567,9133,15,9148,294
2020-04-12,Madera,039,155013,65,29,1,30,2
2020-04-12,Marin,041,260295,176,138,1,139,6
2020-04-12,Mariposa,043,17540,0,0,0,0,0
2020-04-12,Mendocino,045,87422,6,4,0,4,0
2020-04-12,Merced,047,269075,106,58,0,58,3
2020-04-12,Modoc,049,8938,0,0,0,0,0
2020-04-12,Mono,051,14174,29,20,0,20,1
2020-04-12,Monterey,053,433212,154,85,1,86,3
2020-04-12,Napa,055,140530,52,29,0,29,2
2020-04-12,Nevada,057,99092,37,24,1,25,1
2020-04-12,Orange,059,3164182,2073,1283,15,1298,21
2020-04-12,Placer,061,380077,142,114,0,114,4
2020-04-12,Plumas,063,18699,4,3,0,3,0
2020-04-12,Riverside,065,2383286,2734,1330,7,1337,34
2020-04-12,Sacramento,067,1510023,916,689,0,689,25
2020-04-12,San Benito,069,59416,37,33,0,33,2
2020-04-12,San Bernardino,071,2135413,1437,827,0,827,30
2020-04-12,San Diego,073,3302833,2445,1806,0,1806,45
2020-04-12,San Francisco,075,870044,1190,886,0,886,11
2020-04-12,San Joaquin,077,732212,418,246,3,249,15
2020-04-12,San Luis Obispo,079,281455,163,102,1,103,1
2020-04-12,San Mateo,081,765935,942,664,2,666,25
2020-04-12,Santa Barbara,083,443738,448,261,0,261,2
2020-04-12,Santa Clara,085,1922200,2032,1461,2,1463,53
2020-04-12,Santa Cruz,087,273765,97,80,0,80,1
2020-04-12,Shasta,089,179085,29,24,0,24,3
2020-04-12,Sierra,091,2930,0,0,0,0,0
2020-04-12,Siskiyou,093,43540,5,5,0,5,0
2020-04-12,Solano,095,438530,203,136,0,136,2
2020-04-12,Sonoma,097,501317,182,131,0,131,1
2020-04-12,Stanislaus,099,539301,243,117,4,121,1
2020-04-12,Sutter,101,95872,23,18,0,18,2
2020-04-12,Tehama,103,63373,1,1,0,1,0
2020-04-12,Trinity,105,12862,0,0,0,0,0
2020-04-12,Tulare,107,460477,450,166,3,169,11
2020-04-12,Tuolumne,109,53932,2,0,0,0,0
2020-04-12,Ventura,111,848112,473,306,0,306,9
2020-04-12,Yolo,113,214977,136,67,0,67,3
2020-04-12,Yuba,115,75493,14,13,0,13,1
2020-04-11,Alameda,001,1643700,1155,751,1,752,23
2020-04-11,Alpine,003,1148,1,1,0,1,0
2020-04-11,Amador,005,37829,6,6,0,6,0
2020-04-11,Butte,007,227075,20,13,1,14,0
2020-04-11,Calaveras,009,45235,7,5,0,5,0
2020-04-11,Colusa,011,21464,3,3,0,3,0
2020-04-11,Contra Costa,013,1133247,751,550,0,550,12
2020-04-11,Del Norte,015,27424,2,2,0,2,0
2020-04-11,El Dorado,017,186661,45,29,0,29,0
2020-04-11,Fresno,019,978130,458,201,5,206,4
2020-04-11,Glenn,021,27897,4,3,0,3,0
2020-04-11,Humboldt,023,135768,56,38,0,38,0
2020-04-11,Imperial,025,180216,190,78,0,78,2
2020-04-11,Inyo,027,18085,15,12,0,12,0
2020-04-11,Kern,029,883053,651,304,0,304,3
2020-04-11,Kings,031,150075,46,9,1,10,0
2020-04-11,Lake,033,64148,6,3,0,3,0
2020-04-11,Lassen,035,31185,1,0,2,2,0
2020-04-11,Los Angeles,037,10098052,14097,8823,15,8838,262
2020-04-11,Madera,039,155013,64,29,1,30,2
2020-04-11,Marin,041,260295,173,136,1,137,6
2020-04-11,Mariposa,043,17540,0,0,0,0,0
2020-04-11,Mendocino,045,87422,6,4,0,4,0
2020-04-11,Merced,047,269075,103,59,0,59,3
2020-04-11,Modoc,049,8938,0,0,0,0,0
2020-04-11,Mono,051,14174,29,20,0,20,1
2020-04-11,Monterey,053,433212,148,78,1,79,3
2020-04-11,Napa,055,140530,52,29,0,29,2
2020-04-11,Nevada,057,99092,37,24,1,25,1
2020-04-11,Orange,059,3164182,2011,1267,15,1282,21
2020-04-11,Placer,061,380077,142,113,0,113,4
2020-04-11,Plumas,063,18699,4,3,0,3,0
2020-04-11,Riverside,065,2383286,2654,1260,7,1267,33
2020-04-11,Sacramento,067,1510023,905,685,0,685,25
2020-04-11,San Benito,069,59416,37,33,0,33,2
2020-04-11,San Bernardino,071,2135413,1401,826,0,826,28
2020-04-11,San Diego,073,3302833,2379,1763,0,1763,45
2020-04-11,San Francisco,075,870044,1168,860,0,860,11
2020-04-11,San Joaquin,077,732212,413,244,3,247,15
2020-04-11,San Luis Obispo,079,281455,163,100,0,100,1
2020-04-11,San Mateo,081,765935,930,662,2,664,25
2020-04-11,Santa Barbara,083,443738,440,258,0,258,2
2020-04-11,Santa Clara,085,1922200,1981,1441,2,1443,51
2020-04-11,Santa Cruz,087,273765,97,79,0,79,1
2020-04-11,Shasta,089,179085,29,24,0,24,3
2020-04-11,Sierra,091,2930,0,0,0,0,0
2020-04-11,Siskiyou,093,43540,5,5,0,5,0
2020-04-11,Solano,095,438530,199,138,0,138,2
2020-04-11,Sonoma,097,501317,180,131,0,131,1
2020-04-11,Stanislaus,099,539301,236,119,3,122,1
2020-04-11,Sutter,101,95872,23,18,0,18,2
2020-04-11,Tehama,103,63373,1,1,0,1,0
2020-04-11,Trinity,105,12862,0,0,0,0,0
2020-04-11,Tulare,107,460477,428,168,3,171,10
2020-04-11,Tuolumne,109,53932,2,0,0,0,0
2020-04-11,Ventura,111,848112,463,304,0,304,9
2020-04-11,Yolo,113,214977,133,67,0,67,3
2020-04-11,Yuba,115,75493,14,13,0,13,1
2020-04-10,Alameda,001,1643700,1114,706,1,707,21
2020-04-10,Alpine,003,1148,1,1,0,1,0
2020-04-10,Amador,005,37829,6,5,0,5,0
2020-04-10,Butte,007,227075,20,13,1,14,0
2020-04-10,Calaveras,009,45235,7,5,0,5,0
2020-04-10,Colusa,011,21464,3,3,0,3,0
2020-04-10,Contra Costa,013,1133247,738,537,0,537,10
2020-04-10,Del Norte,015,27424,2,2,0,2,0
2020-04-10,El Dorado,017,186661,45,26,0,26,0
2020-04-10,Fresno,019,978130,451,186,4,190,3
2020-04-10,Glenn,021,27897,4,3,0,3,0
2020-04-10,Humboldt,023,135768,56,36,0,36,0
2020-04-10,Imperial,025,180216,183,70,0,70,2
2020-04-10,Inyo,027,18085,13,11,0,11,0
2020-04-10,Kern,029,883053,627,272,0,272,3
2020-04-10,Kings,031,150075,43,7,1,8,0
2020-04-10,Lake,033,64148,6,3,0,3,0
2020-04-10,Lassen,035,31185,1,0,2,2,0
2020-04-10,Los Angeles,037,10098052,13584,8384,14,8398,239
2020-04-10,Madera,039,155013,63,29,1,30,2
2020-04-10,Marin,041,260295,168,128,1,129,6
2020-04-10,Mariposa,043,17540,0,0,0,0,0
2020-04-10,Mendocino,045,87422,6,4,0,4,0
2020-04-10,Merced,047,269075,100,56,0,56,3
2020-04-10,Modoc,049,8938,0,0,0,0,0
2020-04-10,Mono,051,14174,29,20,0,20,1
2020-04-10,Monterey,053,433212,137,78,1,79,3
2020-04-10,Napa,055,140530,49,28,0,28,2
2020-04-10,Nevada,057,99092,37,23,1,24,1
2020-04-10,Orange,059,3164182,1963,1167,15,1182,21
2020-04-10,Placer,061,380077,141,112,0,112,4
2020-04-10,Plumas,063,18699,4,3,0,3,0
2020-04-10,Riverside,065,2383286,2588,1162,7,1169,30
2020-04-10,Sacramento,067,1510023,896,642,0,642,24
2020-04-10,San Benito,069,59416,37,32,0,32,2
2020-04-10,San Bernardino,071,2135413,1353,779,0,779,27
2020-04-10,San Diego,073,3302833,2319,1695,0,1695,44
2020-04-10,San Francisco,075,870044,1137,797,0,797,10
2020-04-10,San Joaquin,077,732212,401,234,3,237,14
2020-04-10,San Luis Obispo,079,281455,163,97,0,97,1
2020-04-10,San Mateo,081,765935,914,642,2,644,24
2020-04-10,Santa Barbara,083,443738,428,254,0,254,2
2020-04-10,Santa Clara,085,1922200,1929,1351,2,1353,50
2020-04-10,Santa Cruz,087,273765,96,75,0,75,1
2020-04-10,Shasta,089,179085,29,24,0,24,3
2020-04-10,Sierra,091,2930,0,0,0,0,0
2020-04-10,Siskiyou,093,43540,5,5,0,5,0
2020-04-10,Solano,095,438530,196,129,0,129,2
2020-04-10,Sonoma,097,501317,179,129,0,129,1
2020-04-10,Stanislaus,099,539301,229,101,3,104,0
2020-04-10,Sutter,101,95872,23,18,0,18,2
2020-04-10,Tehama,103,63373,1,1,0,1,0
2020-04-10,Trinity,105,12862,0,0,0,0,0
2020-04-10,Tulare,107,460477,386,163,3,166,10
2020-04-10,Tuolumne,109,53932,2,0,0,0,0
2020-04-10,Ventura,111,848112,454,290,0,290,9
2020-04-10,Yolo,113,214977,131,62,0,62,3
2020-04-10,Yuba,115,75493,14,13,0,13,1
2020-04-09,Alameda,001,1643700,1064,641,1,642,17
2020-04-09,Alpine,003,1148,1,1,0,1,0
2020-04-09,Amador,005,37829,6,2,0,2,0
2020-04-09,Butte,007,227075,19,12,1,13,0
2020-04-09,Calaveras,009,45235,7,5,0,5,0
2020-04-09,Colusa,011,21464,3,3,0,3,0
2020-04-09,Contra Costa,013,1133247,695,505,0,505,7
2020-04-09,Del Norte,015,27424,2,2,0,2,0
2020-04-09,El Dorado,017,186661,44,25,0,25,0
2020-04-09,Fresno,019,978130,426,165,4,169,3
2020-04-09,Glenn,021,27897,4,2,0,2,0
2020-04-09,Humboldt,023,135768,56,36,0,36,0
2020-04-09,Imperial,025,180216,162,67,0,67,2
2020-04-09,Inyo,027,18085,12,11,0,11,0
2020-04-09,Kern,029,883053,591,241,0,241,2
2020-04-09,Kings,031,150075,40,5,1,6,0
2020-04-09,Lake,033,64148,5,1,0,1,0
2020-04-09,Lassen,035,31185,1,0,2,2,0
2020-04-09,Los Angeles,037,10098052,12957,7919,14,7933,220
2020-04-09,Madera,039,155013,63,28,1,29,2
2020-04-09,Marin,041,260295,166,126,1,127,7
2020-04-09,Mariposa,043,17540,0,0,0,0,0
2020-04-09,Mendocino,045,87422,6,4,0,4,0
2020-04-09,Merced,047,269075,97,41,0,41,3
2020-04-09,Modoc,049,8938,0,0,0,0,0
2020-04-09,Mono,051,14174,29,19,0,19,1
2020-04-09,Monterey,053,433212,119,70,1,71,3
2020-04-09,Napa,055,140530,45,27,0,27,2
2020-04-09,Nevada,057,99092,36,23,1,24,1
2020-04-09,Orange,059,3164182,1886,1105,14,1119,19
2020-04-09,Placer,061,380077,140,107,0,107,4
2020-04-09,Plumas,063,18699,4,3,0,3,0
2020-04-09,Riverside,065,2383286,2445,1083,7,1090,29
2020-04-09,Sacramento,067,1510023,873,601,0,601,21
2020-04-09,San Benito,069,59416,37,32,0,32,2
2020-04-09,San Bernardino,071,2135413,1284,717,0,717,27
2020-04-09,San Diego,073,3302833,2223,1630,0,1630,40
2020-04-09,San Francisco,075,870044,1117,748,0,748,8
2020-04-09,San Joaquin,077,732212,380,223,3,226,14
2020-04-09,San Luis Obispo,079,281455,155,93,0,93,1
2020-04-09,San Mateo,081,765935,898,630,2,632,23
2020-04-09,Santa Barbara,083,443738,417,232,0,232,2
2020-04-09,Santa Clara,085,1922200,1859,1301,2,1303,49
2020-04-09,Santa Cruz,087,273765,96,73,0,73,1
2020-04-09,Shasta,089,179085,29,22,0,22,3
2020-04-09,Sierra,091,2930,0,0,0,0,0
2020-04-09,Siskiyou,093,43540,5,4,0,4,0
2020-04-09,Solano,095,438530,187,118,0,118,2
2020-04-09,Sonoma,097,501317,175,113,0,113,1
2020-04-09,Stanislaus,099,539301,217,93,3,96,0
2020-04-09,Sutter,101,95872,23,17,0,17,2
2020-04-09,Tehama,103,63373,1,1,0,1,0
2020-04-09,Trinity,105,12862,0,0,0,0,0
2020-04-09,Tulare,107,460477,359,147,3,150,9
2020-04-09,Tuolumne,109,53932,2,0,0,0,0
2020-04-09,Ventura,111,848112,435,273,0,273,9
2020-04-09,Yolo,113,214977,122,59,0,59,3
2020-04-09,Yuba,115,75493,14,13,0,13,0
2020-04-08,Alameda,001,1643700,1023,594,1,595,15
2020-04-08,Alpine,003,1148,1,1,0,1,0
2020-04-08,Amador,005,37829,6,2,0,2,0
2020-04-08,Butte,007,227075,18,11,1,12,0
2020-04-08,Calaveras,009,45235,7,5,0,5,0
2020-04-08,Colusa,011,21464,3,3,0,3,0
2020-04-08,Contra Costa,013,1133247,682,481,0,481,7
2020-04-08,Del Norte,015,27424,2,2,0,2,0
2020-04-08,El Dorado,017,186661,44,25,0,25,0
2020-04-08,Fresno,019,978130,406,151,4,155,3
2020-04-08,Glenn,021,27897,4,2,0,2,0
2020-04-08,Humboldt,023,135768,56,40,0,40,0
2020-04-08,Imperial,025,180216,151,59,0,59,2
2020-04-08,Inyo,027,18085,12,11,0,11,0
2020-04-08,Kern,029,883053,550,198,0,198,2
2020-04-08,Kings,031,150075,40,5,1,6,0
2020-04-08,Lake,033,64148,5,1,0,1,0
2020-04-08,Lassen,035,31185,1,0,2,2,0
2020-04-08,Los Angeles,037,10098052,12356,7505,14,7519,196
2020-04-08,Madera,039,155013,62,28,1,29,2
2020-04-08,Marin,041,260295,160,125,1,126,7
2020-04-08,Mariposa,043,17540,0,0,0,0,0
2020-04-08,Mendocino,045,87422,6,4,0,4,0
2020-04-08,Merced,047,269075,82,35,0,35,1
2020-04-08,Modoc,049,8938,0,0,0,0,0
2020-04-08,Mono,051,14174,29,19,0,19,1
2020-04-08,Monterey,053,433212,110,68,1,69,3
2020-04-08,Napa,055,140530,43,21,0,21,2
2020-04-08,Nevada,057,99092,36,21,1,22,1
2020-04-08,Orange,059,3164182,1823,1034,14,1048,19
2020-04-08,Placer,061,380077,140,102,0,102,4
2020-04-08,Plumas,063,18699,4,3,0,3,0
2020-04-08,Riverside,065,2383286,2288,974,7,981,28
2020-04-08,Sacramento,067,1510023,839,565,0,565,21
2020-04-08,San Benito,069,59416,37,31,0,31,2
2020-04-08,San Bernardino,071,2135413,1227,635,0,635,22
2020-04-08,San Diego,073,3302833,2149,1532,0,1532,36
2020-04-08,San Francisco,075,870044,1049,687,0,687,7
2020-04-08,San Joaquin,077,732212,363,211,3,214,12
2020-04-08,San Luis Obispo,079,281455,153,90,0,90,1
2020-04-08,San Mateo,081,765935,883,608,2,610,22
2020-04-08,Santa Barbara,083,443738,398,221,0,221,2
2020-04-08,Santa Clara,085,1922200,1814,1257,2,1259,47
2020-04-08,Santa Cruz,087,273765,95,69,0,69,1
2020-04-08,Shasta,089,179085,29,18,0,18,3
2020-04-08,Sierra,091,2930,0,0,0,0,0
2020-04-08,Siskiyou,093,43540,5,4,0,4,0
2020-04-08,Solano,095,438530,174,111,0,111,2
2020-04-08,Sonoma,097,501317,170,107,0,107,1
2020-04-08,Stanislaus,099,539301,201,86,3,89,0
2020-04-08,Sutter,101,95872,22,17,0,17,2
2020-04-08,Tehama,103,63373,1,1,0,1,0
2020-04-08,Trinity,105,12862,0,0,0,0,0
2020-04-08,Tulare,107,460477,329,145,3,148,6
2020-04-08,Tuolumne,109,53932,2,0,0,0,0
2020-04-08,Ventura,111,848112,426,263,0,263,7
2020-04-08,Yolo,113,214977,105,56,0,56,3
2020-04-08,Yuba,115,75493,14,10,0,10,0
2020-04-07,Alameda,001,1643700,988,560,1,561,14
2020-04-07,Alpine,003,1148,1,1,0,1,0
2020-04-07,Amador,005,37829,6,2,0,2,0
2020-04-07,Butte,007,227075,17,11,1,12,0
2020-04-07,Calaveras,009,45235,6,5,0,5,0
2020-04-07,Colusa,011,21464,3,2,0,2,0
2020-04-07,Contra Costa,013,1133247,662,471,0,471,7
2020-04-07,Del Norte,015,27424,2,2,0,2,0
2020-04-07,El Dorado,017,186661,43,22,0,22,0
2020-04-07,Fresno,019,978130,390,138,4,142,3
2020-04-07,Glenn,021,27897,4,2,0,2,0
2020-04-07,Humboldt,023,135768,55,40,0,40,0
2020-04-07,Imperial,025,180216,133,53,0,53,2
2020-04-07,Inyo,027,18085,12,11,0,11,0
2020-04-07,Kern,029,883053,507,134,0,134,2
2020-04-07,Kings,031,150075,37,5,1,6,0
2020-04-07,Lake,033,64148,4,1,0,1,0
2020-04-07,Lassen,035,31185,1,0,2,2,0
2020-04-07,Los Angeles,037,10098052,11706,6885,14,6899,170
2020-04-07,Madera,039,155013,60,28,0,28,2
2020-04-07,Marin,041,260295,158,122,1,123,7
2020-04-07,Mariposa,043,17540,0,0,0,0,0
2020-04-07,Mendocino,045,87422,6,4,0,4,0
2020-04-07,Merced,047,269075,67,27,0,27,1
2020-04-07,Modoc,049,8938,0,0,0,0,0
2020-04-07,Mono,051,14174,28,18,0,18,1
2020-04-07,Monterey,053,433212,102,63,1,64,2
2020-04-07,Napa,055,140530,41,18,0,18,2
2020-04-07,Nevada,057,99092,36,20,1,21,1
2020-04-07,Orange,059,3164182,1776,971,13,984,19
2020-04-07,Placer,061,380077,135,94,0,94,3
2020-04-07,Plumas,063,18699,4,3,0,3,0
2020-04-07,Riverside,065,2383286,2131,905,7,912,25
2020-04-07,Sacramento,067,1510023,809,513,0,513,18
2020-04-07,San Benito,069,59416,37,26,0,26,2
2020-04-07,San Bernardino,071,2135413,1160,554,0,554,19
2020-04-07,San Diego,073,3302833,2072,1456,0,1456,31
2020-04-07,San Francisco,075,870044,989,636,0,636,6
2020-04-07,San Joaquin,077,732212,345,198,3,201,12
2020-04-07,San Luis Obispo,079,281455,146,87,0,87,1
2020-04-07,San Mateo,081,765935,862,573,2,575,22
2020-04-07,Santa Barbara,083,443738,380,209,0,209,2
2020-04-07,Santa Clara,085,1922200,1745,1193,1,1194,46
2020-04-07,Santa Cruz,087,273765,95,67,0,67,1
2020-04-07,Shasta,089,179085,28,16,0,16,3
2020-04-07,Sierra,091,2930,0,0,0,0,0
2020-04-07,Siskiyou,093,43540,5,4,0,4,0
2020-04-07,Solano,095,438530,169,99,0,99,1
2020-04-07,Sonoma,097,501317,167,102,0,102,1
2020-04-07,Stanislaus,099,539301,184,83,3,86,0
2020-04-07,Sutter,101,95872,22,16,0,16,2
2020-04-07,Tehama,103,63373,1,1,0,1,0
2020-04-07,Trinity,105,12862,0,0,0,0,0
2020-04-07,Tulare,107,460477,302,144,3,147,5
2020-04-07,Tuolumne,109,53932,2,1,0,1,0
2020-04-07,Ventura,111,848112,409,247,0,247,6
2020-04-07,Yolo,113,214977,98,51,0,51,2
2020-04-07,Yuba,115,75493,14,10,0,10,0
2020-04-06,Alameda,001,1643700,958,527,1,528,13
2020-04-06,Alpine,003,1148,1,1,0,1,0
2020-04-06,Amador,005,37829,5,2,0,2,0
2020-04-06,Butte,007,227075,16,11,1,12,0
2020-04-06,Calaveras,009,45235,6,4,0,4,0
2020-04-06,Colusa,011,21464,3,1,0,1,0
2020-04-06,Contra Costa,013,1133247,637,447,0,447,7
2020-04-06,Del Norte,015,27424,2,2,0,2,0
2020-04-06,El Dorado,017,186661,41,23,0,23,0
2020-04-06,Fresno,019,978130,368,122,4,126,1
2020-04-06,Glenn,021,27897,4,2,0,2,0
2020-04-06,Humboldt,023,135768,54,37,0,37,0
2020-04-06,Imperial,025,180216,126,47,0,47,1
2020-04-06,Inyo,027,18085,11,11,0,11,0
2020-04-06,Kern,029,883053,470,117,0,117,2
2020-04-06,Kings,031,150075,37,3,1,4,0
2020-04-06,Lake,033,64148,4,1,0,1,0
2020-04-06,Lassen,035,31185,1,0,2,2,0
2020-04-06,Los Angeles,037,10098052,10973,6346,14,6360,145
2020-04-06,Madera,039,155013,58,29,0,29,2
2020-04-06,Marin,041,260295,155,119,1,120,7
2020-04-06,Mariposa,043,17540,0,0,0,0,0
2020-04-06,Mendocino,045,87422,6,4,0,4,0
2020-04-06,Merced,047,269075,60,25,0,25,1
2020-04-06,Modoc,049,8938,0,0,0,0,0
2020-04-06,Mono,051,14174,28,18,0,18,1
2020-04-06,Monterey,053,433212,97,62,1,63,2
2020-04-06,Napa,055,140530,41,18,0,18,2
2020-04-06,Nevada,057,99092,36,19,1,20,1
2020-04-06,Orange,059,3164182,1731,910,12,922,17
2020-04-06,Placer,061,380077,135,90,0,90,3
2020-04-06,Plumas,063,18699,4,2,0,2,0
2020-04-06,Riverside,065,2383286,2005,854,7,861,17
2020-04-06,Sacramento,067,1510023,779,448,0,448,15
2020-04-06,San Benito,069,59416,35,25,0,25,1
2020-04-06,San Bernardino,071,2135413,1101,550,0,550,13
2020-04-06,San Diego,073,3302833,1990,1406,0,1406,19
2020-04-06,San Francisco,075,870044,949,586,0,586,6
2020-04-06,San Joaquin,077,732212,330,191,3,194,10
2020-04-06,San Luis Obispo,079,281455,144,85,0,85,1
2020-04-06,San Mateo,081,765935,844,569,2,571,20
2020-04-06,Santa Barbara,083,443738,368,189,0,189,2
2020-04-06,Santa Clara,085,1922200,1692,1128,1,1129,43
2020-04-06,Santa Cruz,087,273765,93,65,0,65,1
2020-04-06,Shasta,089,179085,28,16,0,16,3
2020-04-06,Sierra,091,2930,0,0,0,0,0
2020-04-06,Siskiyou,093,43540,4,4,0,4,0
2020-04-06,Solano,095,438530,162,95,0,95,1
2020-04-06,Sonoma,097,501317,166,102,0,102,1
2020-04-06,Stanislaus,099,539301,168,72,3,75,0
2020-04-06,Sutter,101,95872,22,14,0,14,2
2020-04-06,Tehama,103,63373,1,1,0,1,0
2020-04-06,Trinity,105,12862,0,0,0,0,0
2020-04-06,Tulare,107,460477,288,126,3,129,5
2020-04-06,Tuolumne,109,53932,2,1,0,1,0
2020-04-06,Ventura,111,848112,391,234,0,234,6
2020-04-06,Yolo,113,214977,94,43,0,43,1
2020-04-06,Yuba,115,75493,14,8,0,8,0
2020-04-05,Alameda,001,1643700,916,475,1,476,12
2020-04-05,Alpine,003,1148,1,1,0,1,0
2020-04-05,Amador,005,37829,5,2,0,2,0
2020-04-05,Butte,007,227075,16,10,1,11,0
2020-04-05,Calaveras,009,45235,6,3,0,3,0
2020-04-05,Colusa,011,21464,3,1,0,1,0
2020-04-05,Contra Costa,013,1133247,620,415,0,415,6
2020-04-05,Del Norte,015,27424,2,1,0,1,0
2020-04-05,El Dorado,017,186661,40,19,0,19,0
2020-04-05,Fresno,019,978130,334,102,4,106,1
2020-04-05,Glenn,021,27897,4,2,0,2,0
2020-04-05,Humboldt,023,135768,54,29,0,29,0
2020-04-05,Imperial,025,180216,118,42,0,42,1
2020-04-05,Inyo,027,18085,11,10,0,10,0
2020-04-05,Kern,029,883053,415,109,0,109,2
2020-04-05,Kings,031,150075,36,4,1,5,0
2020-04-05,Lake,033,64148,4,0,0,0,0
2020-04-05,Lassen,035,31185,1,0,2,2,0
2020-04-05,Los Angeles,037,10098052,10402,5892,14,5906,130
2020-04-05,Madera,039,155013,57,27,0,27,2
2020-04-05,Marin,041,260295,155,113,1,114,6
2020-04-05,Mariposa,043,17540,0,0,0,0,0
2020-04-05,Mendocino,045,87422,6,4,0,4,0
2020-04-05,Merced,047,269075,53,16,0,16,0
2020-04-05,Modoc,049,8938,0,0,0,0,0
2020-04-05,Mono,051,14174,28,18,0,18,1
2020-04-05,Monterey,053,433212,90,61,1,62,2
2020-04-05,Napa,055,140530,39,15,0,15,2
2020-04-05,Nevada,057,99092,36,19,1,20,1
2020-04-05,Orange,059,3164182,1670,820,12,832,15
2020-04-05,Placer,061,380077,132,86,0,86,3
2020-04-05,Plumas,063,18699,3,2,0,2,0
2020-04-05,Riverside,065,2383286,1876,669,7,676,17
2020-04-05,Sacramento,067,1510023,748,393,0,393,11
2020-04-05,San Benito,069,59416,35,22,0,22,1
2020-04-05,San Bernardino,071,2135413,1027,375,0,375,13
2020-04-05,San Diego,073,3302833,1908,1328,0,1328,19
2020-04-05,San Francisco,075,870044,902,559,0,559,6
2020-04-05,San Joaquin,077,732212,315,179,3,182,10
2020-04-05,San Luis Obispo,079,281455,142,83,0,83,1
2020-04-05,San Mateo,081,765935,824,528,2,530,19
2020-04-05,Santa Barbara,083,443738,346,171,0,171,1
2020-04-05,Santa Clara,085,1922200,1644,1052,1,1053,42
2020-04-05,Santa Cruz,087,273765,93,59,0,59,1
2020-04-05,Shasta,089,179085,27,11,0,11,2
2020-04-05,Sierra,091,2930,0,0,0,0,0
2020-04-05,Siskiyou,093,43540,4,3,0,3,0
2020-04-05,Solano,095,438530,158,78,0,78,1
2020-04-05,Sonoma,097,501317,164,88,0,88,1
2020-04-05,Stanislaus,099,539301,154,51,3,54,0
2020-04-05,Sutter,101,95872,22,14,0,14,1
2020-04-05,Tehama,103,63373,1,1,0,1,0
2020-04-05,Trinity,105,12862,0,0,0,0,0
2020-04-05,Tulare,107,460477,255,81,3,84,4
2020-04-05,Tuolumne,109,53932,2,1,0,1,0
2020-04-05,Ventura,111,848112,377,196,0,196,6
2020-04-05,Yolo,113,214977,76,37,0,37,2
2020-04-05,Yuba,115,75493,14,7,0,7,0
2020-04-04,Alameda,001,1643700,893,468,1,469,12
2020-04-04,Alpine,003,1148,1,1,0,1,0
2020-04-04,Amador,005,37829,4,2,0,2,0
2020-04-04,Butte,007,227075,16,10,1,11,0
2020-04-04,Calaveras,009,45235,6,3,0,3,0
2020-04-04,Colusa,011,21464,3,1,0,1,0
2020-04-04,Contra Costa,013,1133247,612,382,0,382,5
2020-04-04,Del Norte,015,27424,2,1,0,1,0
2020-04-04,El Dorado,017,186661,40,19,0,19,0
2020-04-04,Fresno,019,978130,324,102,4,106,1
2020-04-04,Glenn,021,27897,4,2,0,2,0
2020-04-04,Humboldt,023,135768,54,29,0,29,0
2020-04-04,Imperial,025,180216,117,42,0,42,1
2020-04-04,Inyo,027,18085,11,10,0,10,0
2020-04-04,Kern,029,883053,385,103,0,103,2
2020-04-04,Kings,031,150075,36,3,1,4,0
2020-04-04,Lake,033,64148,4,0,0,0,0
2020-04-04,Lassen,035,31185,1,0,2,2,0
2020-04-04,Los Angeles,037,10098052,9785,5275,14,5289,117
2020-04-04,Madera,039,155013,55,27,0,27,2
2020-04-04,Marin,041,260295,153,111,0,111,6
2020-04-04,Mariposa,043,17540,0,0,0,0,0
2020-04-04,Mendocino,045,87422,6,4,0,4,0
2020-04-04,Merced,047,269075,49,11,0,11,0
2020-04-04,Modoc,049,8938,0,0,0,0,0
2020-04-04,Mono,051,14174,28,18,0,18,1
2020-04-04,Monterey,053,433212,87,61,1,62,2
2020-04-04,Napa,055,140530,39,15,0,15,2
2020-04-04,Nevada,057,99092,36,19,1,20,1
2020-04-04,Orange,059,3164182,1628,781,11,792,15
2020-04-04,Placer,061,380077,131,87,0,87,2
2020-04-04,Plumas,063,18699,3,2,0,2,0
2020-04-04,Riverside,065,2383286,1775,652,7,659,15
2020-04-04,Sacramento,067,1510023,730,393,0,393,11
2020-04-04,San Benito,069,59416,35,22,0,22,1
2020-04-04,San Bernardino,071,2135413,979,373,0,373,13
2020-04-04,San Diego,073,3302833,1860,1211,0,1211,18
2020-04-04,San Francisco,075,870044,864,537,0,537,6
2020-04-04,San Joaquin,077,732212,292,171,3,174,10
2020-04-04,San Luis Obispo,079,281455,142,82,0,82,0
2020-04-04,San Mateo,081,765935,813,520,2,522,17
2020-04-04,Santa Barbara,083,443738,337,167,0,167,1
2020-04-04,Santa Clara,085,1922200,1592,1045,1,1046,39
2020-04-04,Santa Cruz,087,273765,93,56,0,56,1
2020-04-04,Shasta,089,179085,26,11,0,11,2
2020-04-04,Sierra,091,2930,0,0,0,0,0
2020-04-04,Siskiyou,093,43540,4,3,0,3,0
2020-04-04,Solano,095,438530,153,79,0,79,1
2020-04-04,Sonoma,097,501317,161,88,0,88,1
2020-04-04,Stanislaus,099,539301,143,51,3,54,0
2020-04-04,Sutter,101,95872,22,14,0,14,1
2020-04-04,Tehama,103,63373,1,1,0,1,0
2020-04-04,Trinity,105,12862,0,0,0,0,0
2020-04-04,Tulare,107,460477,241,79,3,82,4
2020-04-04,Tuolumne,109,53932,2,1,0,1,0
2020-04-04,Ventura,111,848112,364,194,0,194,6
2020-04-04,Yolo,113,214977,74,40,0,40,2
2020-04-04,Yuba,115,75493,13,7,0,7,0
2020-04-03,Alameda,001,1643700,857,395,1,396,11
2020-04-03,Alpine,003,1148,1,1,0,1,0
2020-04-03,Amador,005,37829,4,2,0,2,0
2020-04-03,Butte,007,227075,16,8,1,9,0
2020-04-03,Calaveras,009,45235,6,3,0,3,0
2020-04-03,Colusa,011,21464,3,1,0,1,0
2020-04-03,Contra Costa,013,1133247,589,327,0,327,5
2020-04-03,Del Norte,015,27424,2,1,0,1,0
2020-04-03,El Dorado,017,186661,38,16,0,16,0
2020-04-03,Fresno,019,978130,312,98,4,102,1
2020-04-03,Glenn,021,27897,4,2,0,2,0
2020-04-03,Humboldt,023,135768,54,34,0,34,0
2020-04-03,Imperial,025,180216,108,35,0,35,0
2020-04-03,Inyo,027,18085,11,10,0,10,0
2020-04-03,Kern,029,883053,359,87,0,87,1
2020-04-03,Kings,031,150075,34,3,1,4,0
2020-04-03,Lake,033,64148,3,0,0,0,0
2020-04-03,Lassen,035,31185,1,0,2,2,0
2020-04-03,Los Angeles,037,10098052,9169,4566,14,4580,91
2020-04-03,Madera,039,155013,54,28,0,28,2
2020-04-03,Marin,041,260295,151,106,0,106,6
2020-04-03,Mariposa,043,17540,0,0,0,0,0
2020-04-03,Mendocino,045,87422,6,4,0,4,0
2020-04-03,Merced,047,269075,46,9,0,9,0
2020-04-03,Modoc,049,8938,0,0,0,0,0
2020-04-03,Mono,051,14174,28,18,0,18,1
2020-04-03,Monterey,053,433212,84,58,1,59,2
2020-04-03,Napa,055,140530,38,13,0,13,1
2020-04-03,Nevada,057,99092,36,19,1,20,1
2020-04-03,Orange,059,3164182,1589,713,11,724,13
2020-04-03,Placer,061,380077,127,76,0,76,2
2020-04-03,Plumas,063,18699,3,2,0,2,0
2020-04-03,Riverside,065,2383286,1695,540,7,547,14
2020-04-03,Sacramento,067,1510023,709,363,0,363,11
2020-04-03,San Benito,069,59416,35,22,0,22,1
2020-04-03,San Bernardino,071,2135413,934,356,0,356,11
2020-04-03,San Diego,073,3302833,1800,1114,0,1114,17
2020-04-03,San Francisco,075,870044,839,506,0,506,6
2020-04-03,San Joaquin,077,732212,280,162,3,165,10
2020-04-03,San Luis Obispo,079,281455,142,82,0,82,0
2020-04-03,San Mateo,081,765935,796,474,2,476,13
2020-04-03,Santa Barbara,083,443738,325,154,0,154,1
2020-04-03,Santa Clara,085,1922200,1558,983,1,984,39
2020-04-03,Santa Cruz,087,273765,93,52,0,52,1
2020-04-03,Shasta,089,179085,26,10,0,10,1
2020-04-03,Sierra,091,2930,0,0,0,0,0
2020-04-03,Siskiyou,093,43540,4,3,0,3,0
2020-04-03,Solano,095,438530,145,72,0,72,1
2020-04-03,Sonoma,097,501317,161,84,0,84,1
2020-04-03,Stanislaus,099,539301,137,48,3,51,0
2020-04-03,Sutter,101,95872,22,12,0,12,1
2020-04-03,Tehama,103,63373,1,1,0,1,0
2020-04-03,Trinity,105,12862,0,0,0,0,0
2020-04-03,Tulare,107,460477,228,73,3,76,3
2020-04-03,Tuolumne,109,53932,2,1,0,1,0
2020-04-03,Ventura,111,848112,354,186,0,186,6
2020-04-03,Yolo,113,214977,73,33,0,33,1
2020-04-03,Yuba,115,75493,13,6,0,6,0
2020-04-02,Alameda,001,1643700,806,345,1,346,10
2020-04-02,Alpine,003,1148,1,1,0,1,0
2020-04-02,Amador,005,37829,4,2,0,2,0
2020-04-02,Butte,007,227075,16,7,0,7,0
2020-04-02,Calaveras,009,45235,4,3,0,3,0
2020-04-02,Colusa,011,21464,3,1,0,1,0
2020-04-02,Contra Costa,013,1133247,559,297,0,297,3
2020-04-02,Del Norte,015,27424,2,0,0,0,0
2020-04-02,El Dorado,017,186661,36,16,0,16,0
2020-04-02,Fresno,019,978130,296,92,4,96,0
2020-04-02,Glenn,021,27897,3,2,0,2,0
2020-04-02,Humboldt,023,135768,50,23,0,23,0
2020-04-02,Imperial,025,180216,104,24,0,24,0
2020-04-02,Inyo,027,18085,10,8,0,8,0
2020-04-02,Kern,029,883053,332,74,0,74,0
2020-04-02,Kings,031,150075,34,3,1,4,0
2020-04-02,Lake,033,64148,3,0,0,0,0
2020-04-02,Lassen,035,31185,1,0,2,2,0
2020-04-02,Los Angeles,037,10098052,8337,4040,14,4054,79
2020-04-02,Madera,039,155013,52,25,0,25,1
2020-04-02,Marin,041,260295,145,102,0,102,1
2020-04-02,Mariposa,043,17540,0,0,0,0,0
2020-04-02,Mendocino,045,87422,6,4,0,4,0
2020-04-02,Merced,047,269075,41,9,0,9,0
2020-04-02,Modoc,049,8938,0,0,0,0,0
2020-04-02,Mono,051,14174,28,16,0,16,1
2020-04-02,Monterey,053,433212,82,50,1,51,2
2020-04-02,Napa,055,140530,38,13,0,13,0
2020-04-02,Nevada,057,99092,35,17,1,18,0
2020-04-02,Orange,059,3164182,1535,640,11,651,12
2020-04-02,Placer,061,380077,126,72,0,72,2
2020-04-02,Plumas,063,18699,3,1,0,1,0
2020-04-02,Riverside,065,2383286,1578,438,7,445,13
2020-04-02,Sacramento,067,1510023,691,322,0,322,9
2020-04-02,San Benito,069,59416,33,18,0,18,1
2020-04-02,San Bernardino,071,2135413,879,335,0,335,8
2020-04-02,San Diego,073,3302833,1733,968,0,968,16
2020-04-02,San Francisco,075,870044,812,473,0,473,6
2020-04-02,San Joaquin,077,732212,261,148,3,151,9
2020-04-02,San Luis Obispo,079,281455,137,79,0,79,0
2020-04-02,San Mateo,081,765935,775,423,2,425,13
2020-04-02,Santa Barbara,083,443738,312,125,0,125,1
2020-04-02,Santa Clara,085,1922200,1507,908,1,909,38
2020-04-02,Santa Cruz,087,273765,91,49,0,49,1
2020-04-02,Shasta,089,179085,25,7,0,7,1
2020-04-02,Sierra,091,2930,0,0,0,0,0
2020-04-02,Siskiyou,093,43540,4,3,0,3,0
2020-04-02,Solano,095,438530,135,65,0,65,0
2020-04-02,Sonoma,097,501317,157,76,0,76,1
2020-04-02,Stanislaus,099,539301,126,40,3,43,0
2020-04-02,Sutter,101,95872,21,10,0,10,1
2020-04-02,Tehama,103,63373,1,1,0,1,0
2020-04-02,Trinity,105,12862,0,0,0,0,0
2020-04-02,Tulare,107,460477,200,64,3,67,1
2020-04-02,Tuolumne,109,53932,2,1,0,1,0
2020-04-02,Ventura,111,848112,336,178,0,178,5
2020-04-02,Yolo,113,214977,71,29,0,29,1
2020-04-02,Yuba,115,75493,10,5,0,5,0
2020-04-01,Alameda,001,1643700,779,287,1,288,8
2020-04-01,Alpine,003,1148,1,1,0,1,0
2020-04-01,Amador,005,37829,4,1,0,1,0
2020-04-01,Butte,007,227075,16,6,0,6,0
2020-04-01,Calaveras,009,45235,3,3,0,3,0
2020-04-01,Colusa,011,21464,3,1,0,1,0
2020-04-01,Contra Costa,013,1133247,515,267,0,267,3
2020-04-01,Del Norte,015,27424,2,0,0,0,0
2020-04-01,El Dorado,017,186661,35,14,0,14,0
2020-04-01,Fresno,019,978130,274,75,3,78,0
2020-04-01,Glenn,021,27897,3,2,0,2,0
2020-04-01,Humboldt,023,135768,50,19,0,19,0
2020-04-01,Imperial,025,180216,97,25,0,25,0
2020-04-01,Inyo,027,18085,10,8,0,8,0
2020-04-01,Kern,029,883053,305,53,0,53,0
2020-04-01,Kings,031,150075,32,3,1,4,0
2020-04-01,Lake,033,64148,3,0,0,0,0
2020-04-01,Lassen,035,31185,1,0,2,2,0
2020-04-01,Los Angeles,037,10098052,7688,3502,14,3516,66
2020-04-01,Madera,039,155013,50,17,0,17,1
2020-04-01,Marin,041,260295,141,87,0,87,1
2020-04-01,Mariposa,043,17540,0,0,0,0,0
2020-04-01,Mendocino,045,87422,6,4,0,4,0
2020-04-01,Merced,047,269075,38,7,0,7,0
2020-04-01,Modoc,049,8938,0,0,0,0,0
2020-04-01,Mono,051,14174,28,12,0,12,1
2020-04-01,Monterey,053,433212,81,47,1,48,2
2020-04-01,Napa,055,140530,36,11,0,11,0
2020-04-01,Nevada,057,99092,35,15,1,16,0
2020-04-01,Orange,059,3164182,1482,579,11,590,11
2020-04-01,Placer,061,380077,125,52,0,52,2
2020-04-01,Plumas,063,18699,3,1,0,1,0
2020-04-01,Riverside,065,2383286,1410,306,7,313,11
2020-04-01,Sacramento,067,1510023,658,299,0,299,8
2020-04-01,San Benito,069,59416,30,14,0,14,1
2020-04-01,San Bernardino,071,2135413,830,245,0,245,5
2020-04-01,San Diego,073,3302833,1663,851,0,851,11
2020-04-01,San Francisco,075,870044,784,432,0,432,6
2020-04-01,San Joaquin,077,732212,250,132,3,135,8
2020-04-01,San Luis Obispo,079,281455,131,69,0,69,0
2020-04-01,San Mateo,081,765935,757,354,2,356,13
2020-04-01,Santa Barbara,083,443738,292,103,0,103,0
2020-04-01,Santa Clara,085,1922200,1466,805,1,806,33
2020-04-01,Santa Cruz,087,273765,86,44,0,44,1
2020-04-01,Shasta,089,179085,24,5,0,5,1
2020-04-01,Sierra,091,2930,0,0,0,0,0
2020-04-01,Siskiyou,093,43540,4,3,0,3,0
2020-04-01,Solano,095,438530,130,57,0,57,0
2020-04-01,Sonoma,097,501317,153,60,0,60,1
2020-04-01,Stanislaus,099,539301,115,29,3,32,0
2020-04-01,Sutter,101,95872,21,9,0,9,1
2020-04-01,Tehama,103,63373,1,0,0,0,0
2020-04-01,Trinity,105,12862,0,0,0,0,0
2020-04-01,Tulare,107,460477,163,43,3,46,1
2020-04-01,Tuolumne,109,53932,2,1,0,1,0
2020-04-01,Ventura,111,848112,323,154,0,154,5
2020-04-01,Yolo,113,214977,66,22,0,22,1
2020-04-01,Yuba,115,75493,9,5,0,5,0
2020-03-31,Alameda,001,1643700,711,269,1,270,7
2020-03-31,Alpine,003,1148,1,1,0,1,0
2020-03-31,Amador,005,37829,4,1,0,1,0
2020-03-31,Butte,007,227075,16,6,0,6,0
2020-03-31,Calaveras,009,45235,3,3,0,3,0
2020-03-31,Colusa,011,21464,3,1,0,1,0
2020-03-31,Contra Costa,013,1133247,490,246,0,246,3
2020-03-31,Del Norte,015,27424,1,0,0,0,0
2020-03-31,El Dorado,017,186661,31,14,0,14,0
2020-03-31,Fresno,019,978130,249,59,3,62,0
2020-03-31,Glenn,021,27897,3,2,0,2,0
2020-03-31,Humboldt,023,135768,50,18,0,18,0
2020-03-31,Imperial,025,180216,92,17,0,17,0
2020-03-31,Inyo,027,18085,10,8,0,8,0
2020-03-31,Kern,029,883053,281,47,0,47,0
2020-03-31,Kings,031,150075,30,2,1,3,0
2020-03-31,Lake,033,64148,1,0,0,0,0
2020-03-31,Lassen,035,31185,1,0,2,2,0
2020-03-31,Los Angeles,037,10098052,7023,3001,14,3015,53
2020-03-31,Madera,039,155013,49,17,0,17,1
2020-03-31,Marin,041,260295,132,85,0,85,1
2020-03-31,Mariposa,043,17540,0,0,0,0,0
2020-03-31,Mendocino,045,87422,6,4,0,4,0
2020-03-31,Merced,047,269075,33,6,0,6,0
2020-03-31,Modoc,049,8938,0,0,0,0,0
2020-03-31,Mono,051,14174,26,12,0,12,0
2020-03-31,Monterey,053,433212,79,43,1,44,2
2020-03-31,Napa,055,140530,35,9,0,9,0
2020-03-31,Nevada,057,99092,35,15,1,16,0
2020-03-31,Orange,059,3164182,1407,506,11,517,7
2020-03-31,Placer,061,380077,118,49,0,49,2
2020-03-31,Plumas,063,18699,1,0,0,0,0
2020-03-31,Riverside,065,2383286,1264,284,7,291,8
2020-03-31,Sacramento,067,1510023,606,271,0,271,8
2020-03-31,San Benito,069,59416,30,14,0,14,1
2020-03-31,San Bernardino,071,2135413,746,193,0,193,5
2020-03-31,San Diego,073,3302833,1581,736,0,736,9
2020-03-31,San Francisco,075,870044,749,404,0,404,5
2020-03-31,San Joaquin,077,732212,234,122,3,125,7
2020-03-31,San Luis Obispo,079,281455,127,67,0,67,0
2020-03-31,San Mateo,081,765935,738,297,2,299,12
2020-03-31,Santa Barbara,083,443738,273,89,0,89,0
2020-03-31,Santa Clara,085,1922200,1417,777,1,778,30
2020-03-31,Santa Cruz,087,273765,80,40,0,40,1
2020-03-31,Shasta,089,179085,21,5,0,5,1
2020-03-31,Sierra,091,2930,0,0,0,0,0
2020-03-31,Siskiyou,093,43540,4,3,0,3,0
2020-03-31,Solano,095,438530,116,56,0,56,0
2020-03-31,Sonoma,097,501317,148,58,0,58,1
2020-03-31,Stanislaus,099,539301,100,28,3,31,0
2020-03-31,Sutter,101,95872,21,8,0,8,0
2020-03-31,Tehama,103,63373,1,0,0,0,0
2020-03-31,Trinity,105,12862,0,0,0,0,0
2020-03-31,Tulare,107,460477,140,42,2,44,1
2020-03-31,Tuolumne,109,53932,2,1,0,1,0
2020-03-31,Ventura,111,848112,312,143,0,143,4
2020-03-31,Yolo,113,214977,59,21,0,21,1
2020-03-31,Yuba,115,75493,9,5,0,5,0
2020-03-30,Alameda,001,1643700,671,250,1,251,7
2020-03-30,Alpine,003,1148,1,1,0,1,0
2020-03-30,Amador,005,37829,4,1,0,1,0
2020-03-30,Butte,007,227075,14,5,0,5,0
2020-03-30,Calaveras,009,45235,3,3,0,3,0
2020-03-30,Colusa,011,21464,3,1,0,1,0
2020-03-30,Contra Costa,013,1133247,464,212,0,212,3
2020-03-30,Del Norte,015,27424,0,0,0,0,0
2020-03-30,El Dorado,017,186661,31,11,0,11,0
2020-03-30,Fresno,019,978130,224,46,3,49,0
2020-03-30,Glenn,021,27897,3,2,0,2,0
2020-03-30,Humboldt,023,135768,48,11,0,11,0
2020-03-30,Imperial,025,180216,88,9,0,9,0
2020-03-30,Inyo,027,18085,10,5,0,5,0
2020-03-30,Kern,029,883053,248,30,0,30,0
2020-03-30,Kings,031,150075,30,1,1,2,0
2020-03-30,Lake,033,64148,1,0,0,0,0
2020-03-30,Lassen,035,31185,1,0,1,1,0
2020-03-30,Los Angeles,037,10098052,6368,2467,14,2481,44
2020-03-30,Madera,039,155013,48,14,0,14,1
2020-03-30,Marin,041,260295,125,78,0,78,0
2020-03-30,Mariposa,043,17540,0,0,0,0,0
2020-03-30,Mendocino,045,87422,5,2,0,2,0
2020-03-30,Merced,047,269075,29,6,0,6,0
2020-03-30,Modoc,049,8938,0,0,0,0,0
2020-03-30,Mono,051,14174,26,11,0,11,0
2020-03-30,Monterey,053,433212,74,41,1,42,1
2020-03-30,Napa,055,140530,34,9,0,9,0
2020-03-30,Nevada,057,99092,34,14,1,15,0
2020-03-30,Orange,059,3164182,1340,418,11,429,5
2020-03-30,Placer,061,380077,115,44,0,44,2
2020-03-30,Plumas,063,18699,1,0,0,0,0
2020-03-30,Riverside,065,2383286,1184,204,7,211,7
2020-03-30,Sacramento,067,1510023,582,238,0,238,8
2020-03-30,San Benito,069,59416,30,11,0,11,1
2020-03-30,San Bernardino,071,2135413,702,145,0,145,4
2020-03-30,San Diego,073,3302833,1511,605,0,605,7
2020-03-30,San Francisco,075,870044,709,368,0,368,5
2020-03-30,San Joaquin,077,732212,227,112,3,115,5
2020-03-30,San Luis Obispo,079,281455,124,62,0,62,0
2020-03-30,San Mateo,081,765935,714,257,2,259,11
2020-03-30,Santa Barbara,083,443738,263,79,0,79,0
2020-03-30,Santa Clara,085,1922200,1386,745,1,746,31
2020-03-30,Santa Cruz,087,273765,77,36,0,36,1
2020-03-30,Shasta,089,179085,20,4,0,4,1
2020-03-30,Sierra,091,2930,0,0,0,0,0
2020-03-30,Siskiyou,093,43540,4,2,0,2,0
2020-03-30,Solano,095,438530,110,50,0,50,0
2020-03-30,Sonoma,097,501317,145,57,0,57,1
2020-03-30,Stanislaus,099,539301,93,28,3,31,0
2020-03-30,Sutter,101,95872,20,6,0,6,0
2020-03-30,Tehama,103,63373,1,0,0,0,0
2020-03-30,Trinity,105,12862,0,0,0,0,0
2020-03-30,Tulare,107,460477,128,40,2,42,1
2020-03-30,Tuolumne,109,53932,2,1,0,1,0
2020-03-30,Ventura,111,848112,301,118,0,118,2
2020-03-30,Yolo,113,214977,56,17,0,17,1
2020-03-30,Yuba,115,75493,8,5,0,5,0
2020-03-29,Alameda,001,1643700,637,207,1,208,6
2020-03-29,Alpine,003,1148,1,0,0,0,0
2020-03-29,Amador,005,37829,4,1,0,1,0
2020-03-29,Butte,007,227075,14,4,0,4,0
2020-03-29,Calaveras,009,45235,3,2,0,2,0
2020-03-29,Colusa,011,21464,3,1,0,1,0
2020-03-29,Contra Costa,013,1133247,434,187,0,187,3
2020-03-29,Del Norte,015,27424,0,0,0,0,0
2020-03-29,El Dorado,017,186661,30,9,0,9,0
2020-03-29,Fresno,019,978130,200,31,3,34,0
2020-03-29,Glenn,021,27897,2,1,0,1,0
2020-03-29,Humboldt,023,135768,45,9,0,9,0
2020-03-29,Imperial,025,180216,82,9,0,9,0
2020-03-29,Inyo,027,18085,9,0,0,0,0
2020-03-29,Kern,029,883053,230,20,0,20,0
2020-03-29,Kings,031,150075,27,1,1,2,0
2020-03-29,Lake,033,64148,0,0,0,0,0
2020-03-29,Lassen,035,31185,1,0,1,1,0
2020-03-29,Los Angeles,037,10098052,5723,2119,14,2133,37
2020-03-29,Madera,039,155013,43,11,0,11,1
2020-03-29,Marin,041,260295,120,60,0,60,0
2020-03-29,Mariposa,043,17540,0,0,0,0,0
2020-03-29,Mendocino,045,87422,5,2,0,2,0
2020-03-29,Merced,047,269075,28,4,0,4,0
2020-03-29,Modoc,049,8938,0,0,0,0,0
2020-03-29,Mono,051,14174,26,8,0,8,0
2020-03-29,Monterey,053,433212,69,36,1,37,1
2020-03-29,Napa,055,140530,32,5,0,5,0
2020-03-29,Nevada,057,99092,32,13,1,14,0
2020-03-29,Orange,059,3164182,1264,343,11,354,2
2020-03-29,Placer,061,380077,114,35,0,35,2
2020-03-29,Plumas,063,18699,1,0,0,0,0
2020-03-29,Riverside,065,2383286,1060,122,7,129,7
2020-03-29,Sacramento,067,1510023,542,217,0,217,7
2020-03-29,San Benito,069,59416,29,10,0,10,1
2020-03-29,San Bernardino,071,2135413,650,94,0,94,2
2020-03-29,San Diego,073,3302833,1439,521,0,521,7
2020-03-29,San Francisco,075,870044,665,333,0,333,5
2020-03-29,San Joaquin,077,732212,218,86,3,89,4
2020-03-29,San Luis Obispo,079,281455,118,55,0,55,0
2020-03-29,San Mateo,081,765935,689,234,2,236,12
2020-03-29,Santa Barbara,083,443738,252,52,0,52,0
2020-03-29,Santa Clara,085,1922200,1329,591,1,592,30
2020-03-29,Santa Cruz,087,273765,77,33,0,33,1
2020-03-29,Shasta,089,179085,19,4,0,4,1
2020-03-29,Sierra,091,2930,0,0,0,0,0
2020-03-29,Siskiyou,093,43540,4,2,0,2,0
2020-03-29,Solano,095,438530,102,48,0,48,0
2020-03-29,Sonoma,097,501317,143,35,0,35,1
2020-03-29,Stanislaus,099,539301,88,19,3,22,0
2020-03-29,Sutter,101,95872,17,6,0,6,0
2020-03-29,Tehama,103,63373,1,0,0,0,0
2020-03-29,Trinity,105,12862,0,0,0,0,0
2020-03-29,Tulare,107,460477,105,24,2,26,1
2020-03-29,Tuolumne,109,53932,1,1,0,1,0
2020-03-29,Ventura,111,848112,274,92,0,92,2
2020-03-29,Yolo,113,214977,51,13,0,13,1
2020-03-29,Yuba,115,75493,8,3,0,3,0
2020-03-28,Alameda,001,1643700,610,410,1,411,12
2020-03-28,Alpine,003,1148,1,0,0,0,0
2020-03-28,Amador,005,37829,4,2,0,2,0
2020-03-28,Butte,007,227075,14,8,0,8,0
2020-03-28,Calaveras,009,45235,3,4,0,4,0
2020-03-28,Colusa,011,21464,3,2,0,2,0
2020-03-28,Contra Costa,013,1133247,411,350,0,350,4
2020-03-28,Del Norte,015,27424,0,0,0,0,0
2020-03-28,El Dorado,017,186661,29,18,0,18,0
2020-03-28,Fresno,019,978130,190,62,3,65,0
2020-03-28,Glenn,021,27897,2,2,0,2,0
2020-03-28,Humboldt,023,135768,45,18,0,18,0
2020-03-28,Imperial,025,180216,77,18,0,18,0
2020-03-28,Inyo,027,18085,9,0,0,0,0
2020-03-28,Kern,029,883053,213,40,0,40,0
2020-03-28,Kings,031,150075,26,2,1,3,0
2020-03-28,Lake,033,64148,0,0,0,0,0
2020-03-28,Lassen,035,31185,1,0,1,1,0
2020-03-28,Los Angeles,037,10098052,5336,3600,13,3613,64
2020-03-28,Madera,039,155013,43,22,0,22,2
2020-03-28,Marin,041,260295,115,116,0,116,0
2020-03-28,Mariposa,043,17540,0,0,0,0,0
2020-03-28,Mendocino,045,87422,5,4,0,4,0
2020-03-28,Merced,047,269075,27,8,0,8,0
2020-03-28,Modoc,049,8938,0,0,0,0,0
2020-03-28,Mono,051,14174,24,12,0,12,0
2020-03-28,Monterey,053,433212,68,64,1,65,2
2020-03-28,Napa,055,140530,27,10,0,10,0
2020-03-28,Nevada,057,99092,32,22,1,23,0
2020-03-28,Orange,059,3164182,1228,656,11,667,4
2020-03-28,Placer,061,380077,109,70,0,70,2
2020-03-28,Plumas,063,18699,1,0,0,0,0
2020-03-28,Riverside,065,2383286,992,242,7,249,14
2020-03-28,Sacramento,067,1510023,524,406,0,406,14
2020-03-28,San Benito,069,59416,29,20,0,20,2
2020-03-28,San Bernardino,071,2135413,602,162,0,162,4
2020-03-28,San Diego,073,3302833,1380,980,0,980,14
2020-03-28,San Francisco,075,870044,641,600,0,600,6
2020-03-28,San Joaquin,077,732212,210,166,3,169,8
2020-03-28,San Luis Obispo,079,281455,116,104,0,104,0
2020-03-28,San Mateo,081,765935,669,462,2,464,17
2020-03-28,Santa Barbara,083,443738,240,98,0,98,0
2020-03-28,Santa Clara,085,1922200,1310,1174,1,1175,54
2020-03-28,Santa Cruz,087,273765,76,62,0,62,0
2020-03-28,Shasta,089,179085,19,8,0,8,2
2020-03-28,Sierra,091,2930,0,0,0,0,0
2020-03-28,Siskiyou,093,43540,4,4,0,4,0
2020-03-28,Solano,095,438530,98,96,0,96,0
2020-03-28,Sonoma,097,501317,141,70,0,70,2
2020-03-28,Stanislaus,099,539301,83,34,3,37,0
2020-03-28,Sutter,101,95872,17,6,0,6,0
2020-03-28,Tehama,103,63373,1,0,0,0,0
2020-03-28,Trinity,105,12862,0,0,0,0,0
2020-03-28,Tulare,107,460477,99,46,2,48,0
2020-03-28,Tuolumne,109,53932,1,2,0,2,0
2020-03-28,Ventura,111,848112,270,178,0,178,4
2020-03-28,Yolo,113,214977,50,26,0,26,2
2020-03-28,Yuba,115,75493,8,6,0,6,0
2020-03-27,Alameda,001,1643700,592,185,1,186,4
2020-03-27,Alpine,003,1148,1,0,0,0,0
2020-03-27,Amador,005,37829,3,1,0,1,0
2020-03-27,Butte,007,227075,12,4,0,4,0
2020-03-27,Calaveras,009,45235,3,2,0,2,0
2020-03-27,Colusa,011,21464,3,0,0,0,0
2020-03-27,Contra Costa,013,1133247,390,161,0,161,2
2020-03-27,Del Norte,015,27424,0,0,0,0,0
2020-03-27,El Dorado,017,186661,27,9,0,9,0
2020-03-27,Fresno,019,978130,178,29,2,31,0
2020-03-27,Glenn,021,27897,2,0,0,0,0
2020-03-27,Humboldt,023,135768,41,9,0,9,0
2020-03-27,Imperial,025,180216,72,9,0,9,0
2020-03-27,Inyo,027,18085,9,0,0,0,0
2020-03-27,Kern,029,883053,200,20,0,20,0
2020-03-27,Kings,031,150075,25,0,1,1,0
2020-03-27,Lake,033,64148,0,0,0,0,0
2020-03-27,Lassen,035,31185,1,0,1,1,0
2020-03-27,Los Angeles,037,10098052,4924,1474,13,1487,26
2020-03-27,Madera,039,155013,41,10,0,10,1
2020-03-27,Marin,041,260295,110,58,0,58,0
2020-03-27,Mariposa,043,17540,0,0,0,0,0
2020-03-27,Mendocino,045,87422,5,2,0,2,0
2020-03-27,Merced,047,269075,26,3,0,3,0
2020-03-27,Modoc,049,8938,0,0,0,0,0
2020-03-27,Mono,051,14174,24,6,0,6,0
2020-03-27,Monterey,053,433212,65,26,1,27,1
2020-03-27,Napa,055,140530,27,5,0,5,0
2020-03-27,Nevada,057,99092,32,6,1,7,0
2020-03-27,Orange,059,3164182,1175,299,11,310,2
2020-03-27,Placer,061,380077,106,33,0,33,1
2020-03-27,Plumas,063,18699,0,0,0,0,0
2020-03-27,Riverside,065,2383286,936,121,7,128,7
2020-03-27,Sacramento,067,1510023,501,163,0,163,6
2020-03-27,San Benito,069,59416,28,9,0,9,1
2020-03-27,San Bernardino,071,2135413,512,77,0,77,2
2020-03-27,San Diego,073,3302833,1323,419,0,419,5
2020-03-27,San Francisco,075,870044,616,285,0,285,2
2020-03-27,San Joaquin,077,732212,199,73,3,76,3
2020-03-27,San Luis Obispo,079,281455,114,46,0,46,0
2020-03-27,San Mateo,081,765935,643,213,2,215,7
2020-03-27,Santa Barbara,083,443738,224,37,0,37,0
2020-03-27,Santa Clara,085,1922200,1272,557,1,558,25
2020-03-27,Santa Cruz,087,273765,75,31,0,31,0
2020-03-27,Shasta,089,179085,16,3,0,3,1
2020-03-27,Sierra,091,2930,0,0,0,0,0
2020-03-27,Siskiyou,093,43540,4,2,0,2,0
2020-03-27,Solano,095,438530,92,48,0,48,0
2020-03-27,Sonoma,097,501317,133,35,0,35,1
2020-03-27,Stanislaus,099,539301,81,16,3,19,0
2020-03-27,Sutter,101,95872,16,2,0,2,0
2020-03-27,Tehama,103,63373,1,0,0,0,0
2020-03-27,Trinity,105,12862,0,0,0,0,0
2020-03-27,Tulare,107,460477,91,15,2,17,0
2020-03-27,Tuolumne,109,53932,1,1,0,1,0
2020-03-27,Ventura,111,848112,261,80,0,80,2
2020-03-27,Yolo,113,214977,49,13,0,13,1
2020-03-27,Yuba,115,75493,7,3,0,3,0
2020-03-26,Alameda,001,1643700,552,172,1,173,4
2020-03-26,Alpine,003,1148,1,0,0,0,0
2020-03-26,Amador,005,37829,3,1,0,1,0
2020-03-26,Butte,007,227075,12,4,0,4,0
2020-03-26,Calaveras,009,45235,3,2,0,2,0
2020-03-26,Colusa,011,21464,3,0,0,0,0
2020-03-26,Contra Costa,013,1133247,380,147,0,147,2
2020-03-26,Del Norte,015,27424,0,0,0,0,0
2020-03-26,El Dorado,017,186661,25,7,0,7,0
2020-03-26,Fresno,019,978130,169,25,2,27,0
2020-03-26,Glenn,021,27897,2,0,0,0,0
2020-03-26,Humboldt,023,135768,37,8,0,8,0
2020-03-26,Imperial,025,180216,68,8,0,8,0
2020-03-26,Inyo,027,18085,8,0,0,0,0
2020-03-26,Kern,029,883053,184,20,0,20,0
2020-03-26,Kings,031,150075,25,0,1,1,0
2020-03-26,Lake,033,64148,0,0,0,0,0
2020-03-26,Lassen,035,31185,1,0,1,1,0
2020-03-26,Los Angeles,037,10098052,4521,1075,13,1088,19
2020-03-26,Madera,039,155013,39,8,0,8,0
2020-03-26,Marin,041,260295,101,56,0,56,0
2020-03-26,Mariposa,043,17540,0,0,0,0,0
2020-03-26,Mendocino,045,87422,4,1,0,1,0
2020-03-26,Merced,047,269075,23,1,0,1,0
2020-03-26,Modoc,049,8938,0,0,0,0,0
2020-03-26,Mono,051,14174,23,5,0,5,0
2020-03-26,Monterey,053,433212,62,25,1,26,1
2020-03-26,Napa,055,140530,26,5,0,5,0
2020-03-26,Nevada,057,99092,32,7,1,8,0
2020-03-26,Orange,059,3164182,1111,279,11,290,1
2020-03-26,Placer,061,380077,103,34,0,34,1
2020-03-26,Plumas,063,18699,0,0,0,0,0
2020-03-26,Riverside,065,2383286,865,118,7,125,7
2020-03-26,Sacramento,067,1510023,468,147,0,147,5
2020-03-26,San Benito,069,59416,28,8,0,8,1
2020-03-26,San Bernardino,071,2135413,446,57,0,57,1
2020-03-26,San Diego,073,3302833,1256,299,0,299,2
2020-03-26,San Francisco,075,870044,589,261,0,261,1
2020-03-26,San Joaquin,077,732212,188,69,3,72,3
2020-03-26,San Luis Obispo,079,281455,109,38,0,38,0
2020-03-26,San Mateo,081,765935,609,122,2,124,5
2020-03-26,Santa Barbara,083,443738,208,33,0,33,0
2020-03-26,Santa Clara,085,1922200,1228,487,1,488,20
2020-03-26,Santa Cruz,087,273765,71,30,0,30,0
2020-03-26,Shasta,089,179085,16,3,0,3,1
2020-03-26,Sierra,091,2930,0,0,0,0,0
2020-03-26,Siskiyou,093,43540,4,2,0,2,0
2020-03-26,Solano,095,438530,84,41,0,41,0
2020-03-26,Sonoma,097,501317,128,33,0,33,1
2020-03-26,Stanislaus,099,539301,79,15,3,18,0
2020-03-26,Sutter,101,95872,12,2,0,2,0
2020-03-26,Tehama,103,63373,1,0,0,0,0
2020-03-26,Trinity,105,12862,0,0,0,0,0
2020-03-26,Tulare,107,460477,83,15,2,17,0
2020-03-26,Tuolumne,109,53932,1,0,0,0,0
2020-03-26,Ventura,111,848112,245,70,0,70,1
2020-03-26,Yolo,113,214977,45,13,0,13,1
2020-03-26,Yuba,115,75493,7,3,0,3,0
2020-03-25,Alameda,001,1643700,531,134,1,135,3
2020-03-25,Alpine,003,1148,1,0,0,0,0
2020-03-25,Amador,005,37829,3,1,0,1,0
2020-03-25,Butte,007,227075,12,4,0,4,0
2020-03-25,Calaveras,009,45235,3,2,0,2,0
2020-03-25,Colusa,011,21464,2,0,0,0,0
2020-03-25,Contra Costa,013,1133247,366,131,0,131,1
2020-03-25,Del Norte,015,27424,0,0,0,0,0
2020-03-25,El Dorado,017,186661,25,5,0,5,0
2020-03-25,Fresno,019,978130,152,21,2,23,0
2020-03-25,Glenn,021,27897,2,0,0,0,0
2020-03-25,Humboldt,023,135768,34,3,0,3,0
2020-03-25,Imperial,025,180216,60,8,0,8,0
2020-03-25,Inyo,027,18085,5,0,0,0,0
2020-03-25,Kern,029,883053,164,13,0,13,0
2020-03-25,Kings,031,150075,23,0,1,1,0
2020-03-25,Lake,033,64148,0,0,0,0,0
2020-03-25,Lassen,035,31185,1,0,1,1,0
2020-03-25,Los Angeles,037,10098052,4126,725,13,738,10
2020-03-25,Madera,039,155013,37,6,0,6,0
2020-03-25,Marin,041,260295,95,47,0,47,0
2020-03-25,Mariposa,043,17540,0,0,0,0,0
2020-03-25,Mendocino,045,87422,3,1,0,1,0
2020-03-25,Merced,047,269075,19,0,0,0,0
2020-03-25,Modoc,049,8938,0,0,0,0,0
2020-03-25,Mono,051,14174,22,4,0,4,0
2020-03-25,Monterey,053,433212,59,23,1,24,1
2020-03-25,Napa,055,140530,26,5,0,5,0
2020-03-25,Nevada,057,99092,31,5,1,6,0
2020-03-25,Orange,059,3164182,1049,214,11,225,1
2020-03-25,Placer,061,380077,97,30,0,30,1
2020-03-25,Plumas,063,18699,0,1,0,1,0
2020-03-25,Riverside,065,2383286,794,87,7,94,5
2020-03-25,Sacramento,067,1510023,442,114,0,114,5
2020-03-25,San Benito,069,59416,27,4,0,4,1
2020-03-25,San Bernardino,071,2135413,407,46,0,46,1
2020-03-25,San Diego,073,3302833,1194,238,0,238,2
2020-03-25,San Francisco,075,870044,548,212,0,212,1
2020-03-25,San Joaquin,077,732212,175,64,3,67,2
2020-03-25,San Luis Obispo,079,281455,104,35,0,35,0
2020-03-25,San Mateo,081,765935,574,111,2,113,5
2020-03-25,Santa Barbara,083,443738,197,25,0,25,0
2020-03-25,Santa Clara,085,1922200,1184,452,1,453,20
2020-03-25,Santa Cruz,087,273765,68,26,0,26,0
2020-03-25,Shasta,089,179085,15,3,0,3,1
2020-03-25,Sierra,091,2930,0,0,0,0,0
2020-03-25,Siskiyou,093,43540,4,2,0,2,0
2020-03-25,Solano,095,438530,79,39,0,39,0
2020-03-25,Sonoma,097,501317,123,31,0,31,1
2020-03-25,Stanislaus,099,539301,72,14,3,17,0
2020-03-25,Sutter,101,95872,9,1,0,1,0
2020-03-25,Tehama,103,63373,1,0,0,0,0
2020-03-25,Trinity,105,12862,0,0,0,0,0
2020-03-25,Tulare,107,460477,73,11,2,13,0
2020-03-25,Tuolumne,109,53932,1,0,0,0,0
2020-03-25,Ventura,111,848112,229,53,0,53,1
2020-03-25,Yolo,113,214977,43,9,0,9,1
2020-03-25,Yuba,115,75493,7,2,0,2,0
2020-03-24,Alameda,001,1643700,499,96,1,97,2
2020-03-24,Alpine,003,1148,1,0,0,0,0
2020-03-24,Amador,005,37829,1,1,0,1,0
2020-03-24,Butte,007,227075,11,3,0,3,0
2020-03-24,Calaveras,009,45235,2,2,0,2,0
2020-03-24,Colusa,011,21464,2,0,0,0,0
2020-03-24,Contra Costa,013,1133247,352,108,0,108,1
2020-03-24,Del Norte,015,27424,0,0,0,0,0
2020-03-24,El Dorado,017,186661,25,3,0,3,0
2020-03-24,Fresno,019,978130,133,18,2,20,0
2020-03-24,Glenn,021,27897,2,0,0,0,0
2020-03-24,Humboldt,023,135768,32,2,0,2,0
2020-03-24,Imperial,025,180216,57,3,0,3,0
2020-03-24,Inyo,027,18085,5,0,0,0,0
2020-03-24,Kern,029,883053,144,5,0,5,0
2020-03-24,Kings,031,150075,22,0,1,1,0
2020-03-24,Lake,033,64148,0,0,0,0,0
2020-03-24,Lassen,035,31185,1,0,1,1,0
2020-03-24,Los Angeles,037,10098052,3674,633,13,646,7
2020-03-24,Madera,039,155013,36,6,0,6,0
2020-03-24,Marin,041,260295,84,44,0,44,0
2020-03-24,Mariposa,043,17540,0,0,0,0,0
2020-03-24,Mendocino,045,87422,3,1,0,1,0
2020-03-24,Merced,047,269075,17,0,0,0,0
2020-03-24,Modoc,049,8938,0,0,0,0,0
2020-03-24,Mono,051,14174,21,1,0,1,0
2020-03-24,Monterey,053,433212,55,23,1,24,1
2020-03-24,Napa,055,140530,23,2,0,2,0
2020-03-24,Nevada,057,99092,30,4,1,5,0
2020-03-24,Orange,059,3164182,984,166,11,177,0
2020-03-24,Placer,061,380077,90,22,0,22,1
2020-03-24,Plumas,063,18699,0,1,0,1,0
2020-03-24,Riverside,065,2383286,727,56,7,63,5
2020-03-24,Sacramento,067,1510023,423,93,0,93,4
2020-03-24,San Benito,069,59416,26,4,0,4,1
2020-03-24,San Bernardino,071,2135413,363,27,0,27,0
2020-03-24,San Diego,073,3302833,1127,231,0,231,2
2020-03-24,San Francisco,075,870044,516,181,0,181,1
2020-03-24,San Joaquin,077,732212,164,52,3,55,2
2020-03-24,San Luis Obispo,079,281455,101,32,0,32,0
2020-03-24,San Mateo,081,765935,533,100,2,102,2
2020-03-24,Santa Barbara,083,443738,191,20,0,20,0
2020-03-24,Santa Clara,085,1922200,1115,389,1,390,17
2020-03-24,Santa Cruz,087,273765,63,22,0,22,0
2020-03-24,Shasta,089,179085,14,3,0,3,0
2020-03-24,Sierra,091,2930,0,0,0,0,0
2020-03-24,Siskiyou,093,43540,4,2,0,2,0
2020-03-24,Solano,095,438530,77,34,0,34,0
2020-03-24,Sonoma,097,501317,116,27,0,27,1
2020-03-24,Stanislaus,099,539301,63,13,3,16,0
2020-03-24,Sutter,101,95872,9,0,0,0,0
2020-03-24,Tehama,103,63373,1,0,0,0,0
2020-03-24,Trinity,105,12862,0,0,0,0,0
2020-03-24,Tulare,107,460477,65,10,2,12,0
2020-03-24,Tuolumne,109,53932,1,0,0,0,0
2020-03-24,Ventura,111,848112,213,44,0,44,1
2020-03-24,Yolo,113,214977,39,8,0,8,0
2020-03-24,Yuba,115,75493,7,2,0,2,0
2020-03-23,Alameda,001,1643700,468,88,1,89,1
2020-03-23,Alpine,003,1148,1,0,0,0,0
2020-03-23,Amador,005,37829,1,1,0,1,0
2020-03-23,Butte,007,227075,11,2,0,2,0
2020-03-23,Calaveras,009,45235,2,2,0,2,0
2020-03-23,Colusa,011,21464,1,0,0,0,0
2020-03-23,Contra Costa,013,1133247,332,91,0,91,2
2020-03-23,Del Norte,015,27424,0,0,0,0,0
2020-03-23,El Dorado,017,186661,24,3,0,3,0
2020-03-23,Fresno,019,978130,123,10,2,12,0
2020-03-23,Glenn,021,27897,2,0,0,0,0
2020-03-23,Humboldt,023,135768,30,2,0,2,0
2020-03-23,Imperial,025,180216,53,2,0,2,0
2020-03-23,Inyo,027,18085,3,0,0,0,0
2020-03-23,Kern,029,883053,130,5,0,5,0
2020-03-23,Kings,031,150075,22,0,1,1,0
2020-03-23,Lake,033,64148,0,0,0,0,0
2020-03-23,Lassen,035,31185,1,0,1,1,0
2020-03-23,Los Angeles,037,10098052,3370,389,13,402,4
2020-03-23,Madera,039,155013,36,4,0,4,0
2020-03-23,Marin,041,260295,79,30,0,30,0
2020-03-23,Mariposa,043,17540,0,0,0,0,0
2020-03-23,Mendocino,045,87422,3,1,0,1,0
2020-03-23,Merced,047,269075,11,0,0,0,0
2020-03-23,Modoc,049,8938,0,0,0,0,0
2020-03-23,Mono,051,14174,19,1,0,1,0
2020-03-23,Monterey,053,433212,50,14,1,15,1
2020-03-23,Napa,055,140530,21,1,0,1,0
2020-03-23,Nevada,057,99092,27,2,1,3,0
2020-03-23,Orange,059,3164182,927,138,10,148,0
2020-03-23,Placer,061,380077,87,19,0,19,1
2020-03-23,Plumas,063,18699,0,0,0,0,0
2020-03-23,Riverside,065,2383286,684,39,7,46,5
2020-03-23,Sacramento,067,1510023,390,87,0,87,4
2020-03-23,San Benito,069,59416,25,4,0,4,1
2020-03-23,San Bernardino,071,2135413,333,17,0,17,0
2020-03-23,San Diego,073,3302833,1068,178,0,178,1
2020-03-23,San Francisco,075,870044,487,152,0,152,0
2020-03-23,San Joaquin,077,732212,153,37,3,40,2
2020-03-23,San Luis Obispo,079,281455,95,23,0,23,0
2020-03-23,San Mateo,081,765935,495,88,2,90,1
2020-03-23,Santa Barbara,083,443738,170,18,0,18,0
2020-03-23,Santa Clara,085,1922200,1067,336,1,337,13
2020-03-23,Santa Cruz,087,273765,61,21,0,21,0
2020-03-23,Shasta,089,179085,12,2,0,2,0
2020-03-23,Sierra,091,2930,0,0,0,0,0
2020-03-23,Siskiyou,093,43540,4,2,0,2,0
2020-03-23,Solano,095,438530,73,33,0,33,0
2020-03-23,Sonoma,097,501317,104,19,0,19,1
2020-03-23,Stanislaus,099,539301,55,10,3,13,0
2020-03-23,Sutter,101,95872,9,0,0,0,0
2020-03-23,Tehama,103,63373,1,0,0,0,0
2020-03-23,Trinity,105,12862,0,0,0,0,0
2020-03-23,Tulare,107,460477,59,9,2,11,0
2020-03-23,Tuolumne,109,53932,1,0,0,0,0
2020-03-23,Ventura,111,848112,196,30,0,30,0
2020-03-23,Yolo,113,214977,38,8,0,8,0
2020-03-23,Yuba,115,75493,7,2,0,2,0
2020-03-22,Alameda,001,1643700,429,72,1,73,1
2020-03-22,Alpine,003,1148,1,0,0,0,0
2020-03-22,Amador,005,37829,1,1,0,1,0
2020-03-22,Butte,007,227075,8,1,0,1,0
2020-03-22,Calaveras,009,45235,2,2,0,2,0
2020-03-22,Colusa,011,21464,1,0,0,0,0
2020-03-22,Contra Costa,013,1133247,305,79,0,79,1
2020-03-22,Del Norte,015,27424,0,0,0,0,0
2020-03-22,El Dorado,017,186661,22,1,0,1,0
2020-03-22,Fresno,019,978130,103,8,2,10,0
2020-03-22,Glenn,021,27897,2,0,0,0,0
2020-03-22,Humboldt,023,135768,27,1,0,1,0
2020-03-22,Imperial,025,180216,51,2,0,2,0
2020-03-22,Inyo,027,18085,1,0,0,0,0
2020-03-22,Kern,029,883053,114,3,0,3,0
2020-03-22,Kings,031,150075,20,0,1,1,0
2020-03-22,Lake,033,64148,0,0,0,0,0
2020-03-22,Lassen,035,31185,1,0,1,1,0
2020-03-22,Los Angeles,037,10098052,3049,384,13,397,3
2020-03-22,Madera,039,155013,33,4,0,4,0
2020-03-22,Marin,041,260295,69,30,0,30,0
2020-03-22,Mariposa,043,17540,0,0,0,0,0
2020-03-22,Mendocino,045,87422,3,1,0,1,0
2020-03-22,Merced,047,269075,7,0,0,0,0
2020-03-22,Modoc,049,8938,0,0,0,0,0
2020-03-22,Mono,051,14174,14,1,0,1,0
2020-03-22,Monterey,053,433212,47,14,1,15,1
2020-03-22,Napa,055,140530,17,1,0,1,0
2020-03-22,Nevada,057,99092,23,2,1,3,0
2020-03-22,Orange,059,3164182,843,102,7,109,0
2020-03-22,Placer,061,380077,84,18,0,18,1
2020-03-22,Plumas,063,18699,0,0,0,0,0
2020-03-22,Riverside,065,2383286,596,26,4,30,5
2020-03-22,Sacramento,067,1510023,358,82,0,82,4
2020-03-22,San Benito,069,59416,20,4,0,4,1
2020-03-22,San Bernardino,071,2135413,290,16,0,16,0
2020-03-22,San Diego,073,3302833,980,161,0,161,0
2020-03-22,San Francisco,075,870044,450,134,0,134,0
2020-03-22,San Joaquin,077,732212,139,30,3,33,2
2020-03-22,San Luis Obispo,079,281455,89,19,0,19,0
2020-03-22,San Mateo,081,765935,462,82,2,84,1
2020-03-22,Santa Barbara,083,443738,152,16,0,16,0
2020-03-22,Santa Clara,085,1922200,1003,284,1,285,13
2020-03-22,Santa Cruz,087,273765,60,19,0,19,0
2020-03-22,Shasta,089,179085,12,1,0,1,0
2020-03-22,Sierra,091,2930,0,0,0,0,0
2020-03-22,Siskiyou,093,43540,4,2,0,2,0
2020-03-22,Solano,095,438530,64,30,0,30,0
2020-03-22,Sonoma,097,501317,99,18,0,18,1
2020-03-22,Stanislaus,099,539301,49,8,3,11,0
2020-03-22,Sutter,101,95872,8,0,0,0,0
2020-03-22,Tehama,103,63373,0,0,0,0,0
2020-03-22,Trinity,105,12862,0,0,0,0,0
2020-03-22,Tulare,107,460477,54,5,2,7,0
2020-03-22,Tuolumne,109,53932,1,0,0,0,0
2020-03-22,Ventura,111,848112,174,26,0,26,0
2020-03-22,Yolo,113,214977,32,6,0,6,0
2020-03-22,Yuba,115,75493,7,2,0,2,0
2020-03-21,Alameda,001,1643700,405,62,1,63,0
2020-03-21,Alpine,003,1148,1,0,0,0,0
2020-03-21,Amador,005,37829,1,1,0,1,0
2020-03-21,Butte,007,227075,7,1,0,1,0
2020-03-21,Calaveras,009,45235,2,2,0,2,0
2020-03-21,Colusa,011,21464,1,0,0,0,0
2020-03-21,Contra Costa,013,1133247,294,62,0,62,1
2020-03-21,Del Norte,015,27424,0,0,0,0,0
2020-03-21,El Dorado,017,186661,19,1,0,1,0
2020-03-21,Fresno,019,978130,99,8,2,10,0
2020-03-21,Glenn,021,27897,2,0,0,0,0
2020-03-21,Humboldt,023,135768,25,1,0,1,0
2020-03-21,Imperial,025,180216,47,2,0,2,0
2020-03-21,Inyo,027,18085,1,0,0,0,0
2020-03-21,Kern,029,883053,108,3,0,3,0
2020-03-21,Kings,031,150075,20,0,1,1,0
2020-03-21,Lake,033,64148,0,0,0,0,0
2020-03-21,Lassen,035,31185,1,0,1,1,0
2020-03-21,Los Angeles,037,10098052,2776,322,13,335,2
2020-03-21,Madera,039,155013,33,4,0,4,0
2020-03-21,Marin,041,260295,64,30,0,30,0
2020-03-21,Mariposa,043,17540,0,0,0,0,0
2020-03-21,Mendocino,045,87422,3,1,0,1,0
2020-03-21,Merced,047,269075,6,0,0,0,0
2020-03-21,Modoc,049,8938,0,0,0,0,0
2020-03-21,Mono,051,14174,14,1,0,1,0
2020-03-21,Monterey,053,433212,44,8,1,9,1
2020-03-21,Napa,055,140530,17,0,0,0,0
2020-03-21,Nevada,057,99092,23,2,1,3,0
2020-03-21,Orange,059,3164182,794,85,7,92,0
2020-03-21,Placer,061,380077,75,11,0,11,1
2020-03-21,Plumas,063,18699,0,0,0,0,0
2020-03-21,Riverside,065,2383286,550,20,4,24,3
2020-03-21,Sacramento,067,1510023,331,66,0,66,3
2020-03-21,San Benito,069,59416,18,4,0,4,1
2020-03-21,San Bernardino,071,2135413,270,13,0,13,0
2020-03-21,San Diego,073,3302833,903,121,0,121,0
2020-03-21,San Francisco,075,870044,414,106,0,106,0
2020-03-21,San Joaquin,077,732212,130,26,3,29,2
2020-03-21,San Luis Obispo,079,281455,85,16,0,16,0
2020-03-21,San Mateo,081,765935,424,78,2,80,1
2020-03-21,Santa Barbara,083,443738,137,8,0,8,0
2020-03-21,Santa Clara,085,1922200,942,269,1,270,10
2020-03-21,Santa Cruz,087,273765,58,17,0,17,0
2020-03-21,Shasta,089,179085,11,1,0,1,0
2020-03-21,Sierra,091,2930,0,0,0,0,0
2020-03-21,Siskiyou,093,43540,4,0,0,0,0
2020-03-21,Solano,095,438530,62,30,0,30,0
2020-03-21,Sonoma,097,501317,98,15,0,15,1
2020-03-21,Stanislaus,099,539301,43,7,3,10,0
2020-03-21,Sutter,101,95872,7,0,0,0,0
2020-03-21,Tehama,103,63373,0,0,0,0,0
2020-03-21,Trinity,105,12862,0,0,0,0,0
2020-03-21,Tulare,107,460477,48,5,2,7,0
2020-03-21,Tuolumne,109,53932,1,0,0,0,0
2020-03-21,Ventura,111,848112,166,22,0,22,0
2020-03-21,Yolo,113,214977,32,6,0,6,0
2020-03-21,Yuba,115,75493,7,1,0,1,0
2020-03-20,Alameda,001,1643700,384,42,1,43,0
2020-03-20,Alpine,003,1148,1,0,0,0,0
2020-03-20,Amador,005,37829,0,0,0,0,0
2020-03-20,Butte,007,227075,7,0,0,0,0
2020-03-20,Calaveras,009,45235,2,2,0,2,0
2020-03-20,Colusa,011,21464,1,0,0,0,0
2020-03-20,Contra Costa,013,1133247,264,52,0,52,1
2020-03-20,Del Norte,015,27424,0,0,0,0,0
2020-03-20,El Dorado,017,186661,18,1,0,1,0
2020-03-20,Fresno,019,978130,96,7,2,9,0
2020-03-20,Glenn,021,27897,1,0,0,0,0
2020-03-20,Humboldt,023,135768,25,1,0,1,0
2020-03-20,Imperial,025,180216,46,2,0,2,0
2020-03-20,Inyo,027,18085,0,0,0,0,0
2020-03-20,Kern,029,883053,93,3,0,3,0
2020-03-20,Kings,031,150075,19,0,1,1,0
2020-03-20,Lake,033,64148,0,0,0,0,0
2020-03-20,Lassen,035,31185,1,0,1,1,0
2020-03-20,Los Angeles,037,10098052,2551,267,12,279,1
2020-03-20,Madera,039,155013,32,4,0,4,0
2020-03-20,Marin,041,260295,61,30,0,30,0
2020-03-20,Mariposa,043,17540,0,0,0,0,0
2020-03-20,Mendocino,045,87422,3,1,0,1,0
2020-03-20,Merced,047,269075,6,0,0,0,0
2020-03-20,Modoc,049,8938,0,0,0,0,0
2020-03-20,Mono,051,14174,14,0,0,0,0
2020-03-20,Monterey,053,433212,43,4,1,5,0
2020-03-20,Napa,055,140530,16,0,0,0,0
2020-03-20,Nevada,057,99092,20,2,1,3,0
2020-03-20,Orange,059,3164182,746,71,7,78,2
2020-03-20,Placer,061,380077,69,9,0,9,1
2020-03-20,Plumas,063,18699,0,0,0,0,0
2020-03-20,Riverside,065,2383286,493,19,4,23,3
2020-03-20,Sacramento,067,1510023,310,56,0,56,4
2020-03-20,San Benito,069,59416,18,4,0,4,1
2020-03-20,San Bernardino,071,2135413,243,9,0,9,0
2020-03-20,San Diego,073,3302833,851,98,0,98,0
2020-03-20,San Francisco,075,870044,382,87,0,87,0
2020-03-20,San Joaquin,077,732212,115,18,3,21,2
2020-03-20,San Luis Obispo,079,281455,81,11,0,11,0
2020-03-20,San Mateo,081,765935,394,71,2,73,1
2020-03-20,Santa Barbara,083,443738,120,7,0,7,0
2020-03-20,Santa Clara,085,1922200,905,246,1,247,8
2020-03-20,Santa Cruz,087,273765,56,13,0,13,0
2020-03-20,Shasta,089,179085,10,1,0,1,0
2020-03-20,Sierra,091,2930,0,0,0,0,0
2020-03-20,Siskiyou,093,43540,4,0,0,0,0
2020-03-20,Solano,095,438530,58,29,0,29,0
2020-03-20,Sonoma,097,501317,90,7,0,7,0
2020-03-20,Stanislaus,099,539301,37,7,3,10,0
2020-03-20,Sutter,101,95872,7,0,0,0,0
2020-03-20,Tehama,103,63373,0,0,0,0,0
2020-03-20,Trinity,105,12862,0,0,0,0,0
2020-03-20,Tulare,107,460477,44,4,2,6,0
2020-03-20,Tuolumne,109,53932,1,0,0,0,0
2020-03-20,Ventura,111,848112,156,18,0,18,0
2020-03-20,Yolo,113,214977,30,5,0,5,0
2020-03-20,Yuba,115,75493,6,0,0,0,0
2020-03-19,Alameda,001,1643700,348,36,1,37,0
2020-03-19,Alpine,003,1148,1,0,0,0,0
2020-03-19,Amador,005,37829,0,0,0,0,0
2020-03-19,Butte,007,227075,5,0,0,0,0
2020-03-19,Calaveras,009,45235,2,2,0,2,0
2020-03-19,Colusa,011,21464,0,0,0,0,0
2020-03-19,Contra Costa,013,1133247,248,46,0,46,0
2020-03-19,Del Norte,015,27424,0,0,0,0,0
2020-03-19,El Dorado,017,186661,17,0,0,0,0
2020-03-19,Fresno,019,978130,87,6,2,8,0
2020-03-19,Glenn,021,27897,1,0,0,0,0
2020-03-19,Humboldt,023,135768,23,1,0,1,0
2020-03-19,Imperial,025,180216,39,2,0,2,0
2020-03-19,Inyo,027,18085,0,0,0,0,0
2020-03-19,Kern,029,883053,81,3,0,3,0
2020-03-19,Kings,031,150075,15,0,1,1,0
2020-03-19,Lake,033,64148,0,0,0,0,0
2020-03-19,Lassen,035,31185,0,0,1,1,0
2020-03-19,Los Angeles,037,10098052,2264,233,12,245,0
2020-03-19,Madera,039,155013,31,3,0,3,0
2020-03-19,Marin,041,260295,58,19,0,19,0
2020-03-19,Mariposa,043,17540,0,0,0,0,0
2020-03-19,Mendocino,045,87422,2,1,0,1,0
2020-03-19,Merced,047,269075,5,0,0,0,0
2020-03-19,Modoc,049,8938,0,0,0,0,0
2020-03-19,Mono,051,14174,12,0,0,0,0
2020-03-19,Monterey,053,433212,35,3,1,4,0
2020-03-19,Napa,055,140530,14,0,0,0,0
2020-03-19,Nevada,057,99092,18,2,1,3,0
2020-03-19,Orange,059,3164182,663,59,7,66,0
2020-03-19,Placer,061,380077,61,8,0,8,1
2020-03-19,Plumas,063,18699,0,0,0,0,0
2020-03-19,Riverside,065,2383286,386,14,2,16,3
2020-03-19,Sacramento,067,1510023,277,52,0,52,3
2020-03-19,San Benito,069,59416,15,3,0,3,0
2020-03-19,San Bernardino,071,2135413,213,7,0,7,0
2020-03-19,San Diego,073,3302833,768,68,0,68,0
2020-03-19,San Francisco,075,870044,346,80,0,80,0
2020-03-19,San Joaquin,077,732212,102,15,3,18,2
2020-03-19,San Luis Obispo,079,281455,78,6,0,6,0
2020-03-19,San Mateo,081,765935,359,58,2,60,1
2020-03-19,Santa Barbara,083,443738,103,5,0,5,0
2020-03-19,Santa Clara,085,1922200,839,183,1,184,8
2020-03-19,Santa Cruz,087,273765,53,13,0,13,0
2020-03-19,Shasta,089,179085,9,1,0,1,0
2020-03-19,Sierra,091,2930,0,0,0,0,0
2020-03-19,Siskiyou,093,43540,3,0,0,0,0
2020-03-19,Solano,095,438530,54,26,0,26,0
2020-03-19,Sonoma,097,501317,87,8,0,8,0
2020-03-19,Stanislaus,099,539301,36,7,3,10,0
2020-03-19,Sutter,101,95872,7,0,0,0,0
2020-03-19,Tehama,103,63373,0,0,0,0,0
2020-03-19,Trinity,105,12862,0,0,0,0,0
2020-03-19,Tulare,107,460477,39,3,2,5,0
2020-03-19,Tuolumne,109,53932,1,0,0,0,0
2020-03-19,Ventura,111,848112,134,15,0,15,0
2020-03-19,Yolo,113,214977,26,5,0,5,0
2020-03-19,Yuba,115,75493,5,0,0,0,0
2020-03-18,Alameda,001,1643700,320,29,1,30,0
2020-03-18,Alpine,003,1148,1,0,0,0,0
2020-03-18,Amador,005,37829,0,0,0,0,0
2020-03-18,Butte,007,227075,4,0,0,0,0
2020-03-18,Calaveras,009,45235,2,2,0,2,0
2020-03-18,Colusa,011,21464,0,0,0,0,0
2020-03-18,Contra Costa,013,1133247,227,44,0,44,0
2020-03-18,Del Norte,015,27424,0,0,0,0,0
2020-03-18,El Dorado,017,186661,16,0,0,0,0
2020-03-18,Fresno,019,978130,78,3,1,4,0
2020-03-18,Glenn,021,27897,1,0,0,0,0
2020-03-18,Humboldt,023,135768,19,1,0,1,0
2020-03-18,Imperial,025,180216,33,2,0,2,0
2020-03-18,Inyo,027,18085,0,0,0,0,0
2020-03-18,Kern,029,883053,66,1,0,1,0
2020-03-18,Kings,031,150075,13,0,1,1,0
2020-03-18,Lake,033,64148,0,0,0,0,0
2020-03-18,Lassen,035,31185,0,0,1,1,0
2020-03-18,Los Angeles,037,10098052,2025,47,12,59,0
2020-03-18,Madera,039,155013,30,2,0,2,0
2020-03-18,Marin,041,260295,53,10,0,10,0
2020-03-18,Mariposa,043,17540,0,0,0,0,0
2020-03-18,Mendocino,045,87422,2,0,0,0,0
2020-03-18,Merced,047,269075,5,0,0,0,0
2020-03-18,Modoc,049,8938,0,0,0,0,0
2020-03-18,Mono,051,14174,11,0,0,0,0
2020-03-18,Monterey,053,433212,28,1,1,2,0
2020-03-18,Napa,055,140530,11,0,0,0,0
2020-03-18,Nevada,057,99092,16,2,1,3,0
2020-03-18,Orange,059,3164182,599,38,7,45,0
2020-03-18,Placer,061,380077,54,8,0,8,1
2020-03-18,Plumas,063,18699,0,0,0,0,0
2020-03-18,Riverside,065,2383286,325,11,2,13,2
2020-03-18,Sacramento,067,1510023,254,46,0,46,3
2020-03-18,San Benito,069,59416,14,3,0,3,0
2020-03-18,San Bernardino,071,2135413,191,3,0,3,0
2020-03-18,San Diego,073,3302833,683,40,0,40,0
2020-03-18,San Francisco,075,870044,327,65,0,65,0
2020-03-18,San Joaquin,077,732212,90,14,3,17,2
2020-03-18,San Luis Obispo,079,281455,71,5,0,5,0
2020-03-18,San Mateo,081,765935,337,57,2,59,1
2020-03-18,Santa Barbara,083,443738,89,2,0,2,0
2020-03-18,Santa Clara,085,1922200,789,151,1,152,6
2020-03-18,Santa Cruz,087,273765,51,11,0,11,0
2020-03-18,Shasta,089,179085,8,1,0,1,0
2020-03-18,Sierra,091,2930,0,0,0,0,0
2020-03-18,Siskiyou,093,43540,3,0,0,0,0
2020-03-18,Solano,095,438530,50,26,0,26,0
2020-03-18,Sonoma,097,501317,78,6,0,6,0
2020-03-18,Stanislaus,099,539301,32,5,2,7,0
2020-03-18,Sutter,101,95872,5,0,0,0,0
2020-03-18,Tehama,103,63373,0,0,0,0,0
2020-03-18,Trinity,105,12862,0,0,0,0,0
2020-03-18,Tulare,107,460477,30,3,2,5,0
2020-03-18,Tuolumne,109,53932,1,0,0,0,0
2020-03-18,Ventura,111,848112,115,11,0,11,0
2020-03-18,Yolo,113,214977,23,4,0,4,0
2020-03-18,Yuba,115,75493,4,0,0,0,0
2020-03-17,Alameda,001,1643700,288,19,0,19,0
2020-03-17,Alpine,003,1148,0,0,0,0,0
2020-03-17,Amador,005,37829,0,0,0,0,0
2020-03-17,Butte,007,227075,4,0,0,0,0
2020-03-17,Calaveras,009,45235,2,2,0,2,0
2020-03-17,Colusa,011,21464,0,0,0,0,0
2020-03-17,Contra Costa,013,1133247,205,37,0,37,0
2020-03-17,Del Norte,015,27424,0,0,0,0,0
2020-03-17,El Dorado,017,186661,15,0,0,0,0
2020-03-17,Fresno,019,978130,68,2,1,3,0
2020-03-17,Glenn,021,27897,1,0,0,0,0
2020-03-17,Humboldt,023,135768,17,1,0,1,0
2020-03-17,Imperial,025,180216,27,2,0,2,0
2020-03-17,Inyo,027,18085,0,0,0,0,0
2020-03-17,Kern,029,883053,52,0,0,0,0
2020-03-17,Kings,031,150075,11,0,1,1,0
2020-03-17,Lake,033,64148,0,0,0,0,0
2020-03-17,Lassen,035,31185,0,0,1,1,0
2020-03-17,Los Angeles,037,10098052,1824,41,12,53,0
2020-03-17,Madera,039,155013,23,2,0,2,0
2020-03-17,Marin,041,260295,46,4,0,4,0
2020-03-17,Mariposa,043,17540,0,0,0,0,0
2020-03-17,Mendocino,045,87422,2,0,0,0,0
2020-03-17,Merced,047,269075,5,0,0,0,0
2020-03-17,Modoc,049,8938,0,0,0,0,0
2020-03-17,Mono,051,14174,9,0,0,0,0
2020-03-17,Monterey,053,433212,26,0,1,1,0
2020-03-17,Napa,055,140530,8,0,0,0,0
2020-03-17,Nevada,057,99092,15,1,1,2,0
2020-03-17,Orange,059,3164182,517,24,6,30,0
2020-03-17,Placer,061,380077,44,7,0,7,1
2020-03-17,Plumas,063,18699,0,0,0,0,0
2020-03-17,Riverside,065,2383286,264,11,2,13,0
2020-03-17,Sacramento,067,1510023,234,36,0,36,1
2020-03-17,San Benito,069,59416,12,2,0,2,0
2020-03-17,San Bernardino,071,2135413,163,2,0,2,0
2020-03-17,San Diego,073,3302833,616,17,0,17,0
2020-03-17,San Francisco,075,870044,300,46,0,46,0
2020-03-17,San Joaquin,077,732212,84,11,3,14,0
2020-03-17,San Luis Obispo,079,281455,63,1,0,1,0
2020-03-17,San Mateo,081,765935,305,46,2,48,1
2020-03-17,Santa Barbara,083,443738,76,0,0,0,0
2020-03-17,Santa Clara,085,1922200,731,121,1,122,4
2020-03-17,Santa Cruz,087,273765,48,10,0,10,0
2020-03-17,Shasta,089,179085,4,1,0,1,0
2020-03-17,Sierra,091,2930,0,0,0,0,0
2020-03-17,Siskiyou,093,43540,3,0,0,0,0
2020-03-17,Solano,095,438530,47,27,0,27,0
2020-03-17,Sonoma,097,501317,70,4,0,4,0
2020-03-17,Stanislaus,099,539301,29,4,2,6,0
2020-03-17,Sutter,101,95872,5,0,0,0,0
2020-03-17,Tehama,103,63373,0,0,0,0,0
2020-03-17,Trinity,105,12862,0,0,0,0,0
2020-03-17,Tulare,107,460477,26,2,2,4,0
2020-03-17,Tuolumne,109,53932,1,0,0,0,0
2020-03-17,Ventura,111,848112,98,7,0,7,0
2020-03-17,Yolo,113,214977,19,2,0,2,0
2020-03-17,Yuba,115,75493,4,0,0,0,0
2020-03-16,Alameda,001,1643700,260,17,0,17,0
2020-03-16,Alpine,003,1148,0,0,0,0,0
2020-03-16,Amador,005,37829,0,0,0,0,0
2020-03-16,Butte,007,227075,3,0,0,0,0
2020-03-16,Calaveras,009,45235,2,2,0,2,0
2020-03-16,Colusa,011,21464,0,0,0,0,0
2020-03-16,Contra Costa,013,1133247,183,36,0,36,0
2020-03-16,Del Norte,015,27424,0,0,0,0,0
2020-03-16,El Dorado,017,186661,14,0,0,0,0
2020-03-16,Fresno,019,978130,53,2,1,3,0
2020-03-16,Glenn,021,27897,0,0,0,0,0
2020-03-16,Humboldt,023,135768,13,1,0,1,0
2020-03-16,Imperial,025,180216,22,2,0,2,0
2020-03-16,Inyo,027,18085,0,0,0,0,0
2020-03-16,Kern,029,883053,43,0,0,0,0
2020-03-16,Kings,031,150075,10,0,1,1,0
2020-03-16,Lake,033,64148,0,0,0,0,0
2020-03-16,Lassen,035,31185,0,0,0,0,0
2020-03-16,Los Angeles,037,10098052,1589,43,12,55,0
2020-03-16,Madera,039,155013,22,2,0,2,0
2020-03-16,Marin,041,260295,43,4,0,4,0
2020-03-16,Mariposa,043,17540,0,0,0,0,0
2020-03-16,Mendocino,045,87422,2,0,0,0,0
2020-03-16,Merced,047,269075,5,0,0,0,0
2020-03-16,Modoc,049,8938,0,0,0,0,0
2020-03-16,Mono,051,14174,7,0,0,0,0
2020-03-16,Monterey,053,433212,25,0,1,1,0
2020-03-16,Napa,055,140530,7,0,0,0,0
2020-03-16,Nevada,057,99092,11,1,1,2,0
2020-03-16,Orange,059,3164182,432,18,6,24,0
2020-03-16,Placer,061,380077,36,7,0,7,1
2020-03-16,Plumas,063,18699,0,0,0,0,0
2020-03-16,Riverside,065,2383286,229,10,2,12,0
2020-03-16,Sacramento,067,1510023,207,34,0,34,1
2020-03-16,San Benito,069,59416,8,2,0,2,0
2020-03-16,San Bernardino,071,2135413,143,1,0,1,0
2020-03-16,San Diego,073,3302833,525,17,0,17,0
2020-03-16,San Francisco,075,870044,262,40,0,40,0
2020-03-16,San Joaquin,077,732212,74,9,3,12,0
2020-03-16,San Luis Obispo,079,281455,56,1,0,1,0
2020-03-16,San Mateo,081,765935,269,42,2,44,1
2020-03-16,Santa Barbara,083,443738,64,0,0,0,0
2020-03-16,Santa Clara,085,1922200,655,115,1,116,2
2020-03-16,Santa Cruz,087,273765,44,9,0,9,0
2020-03-16,Shasta,089,179085,4,1,0,1,0
2020-03-16,Sierra,091,2930,0,0,0,0,0
2020-03-16,Siskiyou,093,43540,2,0,0,0,0
2020-03-16,Solano,095,438530,43,27,0,27,0
2020-03-16,Sonoma,097,501317,63,4,0,4,0
2020-03-16,Stanislaus,099,539301,26,2,2,4,0
2020-03-16,Sutter,101,95872,3,0,0,0,0
2020-03-16,Tehama,103,63373,0,0,0,0,0
2020-03-16,Trinity,105,12862,0,0,0,0,0
2020-03-16,Tulare,107,460477,22,2,2,4,0
2020-03-16,Tuolumne,109,53932,1,0,0,0,0
2020-03-16,Ventura,111,848112,88,7,0,7,0
2020-03-16,Yolo,113,214977,18,2,0,2,0
2020-03-16,Yuba,115,75493,3,0,0,0,0
2020-03-15,Alameda,001,1643700,214,17,0,17,0
2020-03-15,Alpine,003,1148,0,0,0,0,0
2020-03-15,Amador,005,37829,0,0,0,0,0
2020-03-15,Butte,007,227075,3,0,0,0,0
2020-03-15,Calaveras,009,45235,2,2,0,2,0
2020-03-15,Colusa,011,21464,0,0,0,0,0
2020-03-15,Contra Costa,013,1133247,160,34,0,34,0
2020-03-15,Del Norte,015,27424,0,0,0,0,0
2020-03-15,El Dorado,017,186661,13,0,0,0,0
2020-03-15,Fresno,019,978130,32,1,1,2,0
2020-03-15,Glenn,021,27897,0,0,0,0,0
2020-03-15,Humboldt,023,135768,11,1,0,1,0
2020-03-15,Imperial,025,180216,17,2,0,2,0
2020-03-15,Inyo,027,18085,0,0,0,0,0
2020-03-15,Kern,029,883053,37,0,0,0,0
2020-03-15,Kings,031,150075,10,0,1,1,0
2020-03-15,Lake,033,64148,0,0,0,0,0
2020-03-15,Lassen,035,31185,0,0,0,0,0
2020-03-15,Los Angeles,037,10098052,1349,41,12,53,0
2020-03-15,Madera,039,155013,21,2,0,2,0
2020-03-15,Marin,041,260295,37,3,0,3,0
2020-03-15,Mariposa,043,17540,0,0,0,0,0
2020-03-15,Mendocino,045,87422,2,0,0,0,0
2020-03-15,Merced,047,269075,3,0,0,0,0
2020-03-15,Modoc,049,8938,0,0,0,0,0
2020-03-15,Mono,051,14174,6,0,0,0,0
2020-03-15,Monterey,053,433212,19,0,0,0,0
2020-03-15,Napa,055,140530,7,0,0,0,0
2020-03-15,Nevada,057,99092,11,0,1,1,0
2020-03-15,Orange,059,3164182,358,16,2,18,0
2020-03-15,Placer,061,380077,31,7,0,7,1
2020-03-15,Plumas,063,18699,0,0,0,0,0
2020-03-15,Riverside,065,2383286,179,10,2,12,0
2020-03-15,Sacramento,067,1510023,171,30,0,30,1
2020-03-15,San Benito,069,59416,8,2,0,2,0
2020-03-15,San Bernardino,071,2135413,121,0,0,0,0
2020-03-15,San Diego,073,3302833,438,16,0,16,0
2020-03-15,San Francisco,075,870044,206,31,0,31,0
2020-03-15,San Joaquin,077,732212,63,6,3,9,0
2020-03-15,San Luis Obispo,079,281455,46,1,0,1,0
2020-03-15,San Mateo,081,765935,236,29,1,30,1
2020-03-15,Santa Barbara,083,443738,54,0,0,0,0
2020-03-15,Santa Clara,085,1922200,583,79,1,80,2
2020-03-15,Santa Cruz,087,273765,38,8,0,8,0
2020-03-15,Shasta,089,179085,4,1,0,1,0
2020-03-15,Sierra,091,2930,0,0,0,0,0
2020-03-15,Siskiyou,093,43540,2,0,0,0,0
2020-03-15,Solano,095,438530,42,26,0,26,0
2020-03-15,Sonoma,097,501317,54,4,0,4,0
2020-03-15,Stanislaus,099,539301,26,2,2,4,0
2020-03-15,Sutter,101,95872,2,0,0,0,0
2020-03-15,Tehama,103,63373,0,0,0,0,0
2020-03-15,Trinity,105,12862,0,0,0,0,0
2020-03-15,Tulare,107,460477,17,2,2,4,0
2020-03-15,Tuolumne,109,53932,1,0,0,0,0
2020-03-15,Ventura,111,848112,77,5,0,5,0
2020-03-15,Yolo,113,214977,15,2,0,2,0
2020-03-15,Yuba,115,75493,2,0,0,0,0
2020-03-14,Alameda,001,1643700,195,11,0,11,0
2020-03-14,Alpine,003,1148,0,0,0,0,0
2020-03-14,Amador,005,37829,0,0,0,0,0
2020-03-14,Butte,007,227075,2,0,0,0,0
2020-03-14,Calaveras,009,45235,2,2,0,2,0
2020-03-14,Colusa,011,21464,0,0,0,0,0
2020-03-14,Contra Costa,013,1133247,138,30,0,30,0
2020-03-14,Del Norte,015,27424,0,0,0,0,0
2020-03-14,El Dorado,017,186661,11,0,0,0,0
2020-03-14,Fresno,019,978130,24,1,1,2,0
2020-03-14,Glenn,021,27897,0,0,0,0,0
2020-03-14,Humboldt,023,135768,7,1,0,1,0
2020-03-14,Imperial,025,180216,13,2,0,2,0
2020-03-14,Inyo,027,18085,0,0,0,0,0
2020-03-14,Kern,029,883053,32,0,0,0,0
2020-03-14,Kings,031,150075,10,0,1,1,0
2020-03-14,Lake,033,64148,0,0,0,0,0
2020-03-14,Lassen,035,31185,0,0,0,0,0
2020-03-14,Los Angeles,037,10098052,1171,35,12,47,0
2020-03-14,Madera,039,155013,20,2,0,2,0
2020-03-14,Marin,041,260295,36,3,0,3,0
2020-03-14,Mariposa,043,17540,0,0,0,0,0
2020-03-14,Mendocino,045,87422,2,0,0,0,0
2020-03-14,Merced,047,269075,3,0,0,0,0
2020-03-14,Modoc,049,8938,0,0,0,0,0
2020-03-14,Mono,051,14174,5,0,0,0,0
2020-03-14,Monterey,053,433212,13,0,0,0,0
2020-03-14,Napa,055,140530,5,0,0,0,0
2020-03-14,Nevada,057,99092,8,0,1,1,0
2020-03-14,Orange,059,3164182,317,14,0,14,0
2020-03-14,Placer,061,380077,28,6,0,6,1
2020-03-14,Plumas,063,18699,0,0,0,0,0
2020-03-14,Riverside,065,2383286,159,10,2,12,0
2020-03-14,Sacramento,067,1510023,150,31,0,31,1
2020-03-14,San Benito,069,59416,8,2,0,2,0
2020-03-14,San Bernardino,071,2135413,102,0,0,0,0
2020-03-14,San Diego,073,3302833,363,10,0,10,0
2020-03-14,San Francisco,075,870044,185,29,0,29,0
2020-03-14,San Joaquin,077,732212,54,6,3,9,0
2020-03-14,San Luis Obispo,079,281455,41,0,0,0,0
2020-03-14,San Mateo,081,765935,213,27,1,28,0
2020-03-14,Santa Barbara,083,443738,42,0,0,0,0
2020-03-14,Santa Clara,085,1922200,527,62,1,63,2
2020-03-14,Santa Cruz,087,273765,33,8,0,8,0
2020-03-14,Shasta,089,179085,4,1,0,1,0
2020-03-14,Sierra,091,2930,0,0,0,0,0
2020-03-14,Siskiyou,093,43540,1,0,0,0,0
2020-03-14,Solano,095,438530,40,26,0,26,0
2020-03-14,Sonoma,097,501317,41,2,0,2,0
2020-03-14,Stanislaus,099,539301,22,2,2,4,0
2020-03-14,Sutter,101,95872,2,0,0,0,0
2020-03-14,Tehama,103,63373,0,0,0,0,0
2020-03-14,Trinity,105,12862,0,0,0,0,0
2020-03-14,Tulare,107,460477,15,2,2,4,0
2020-03-14,Tuolumne,109,53932,1,0,0,0,0
2020-03-14,Ventura,111,848112,68,5,0,5,0
2020-03-14,Yolo,113,214977,15,2,0,2,0
2020-03-14,Yuba,115,75493,1,0,0,0,0
2020-03-13,Alameda,001,1643700,176,12,0,12,0
2020-03-13,Alpine,003,1148,0,0,0,0,0
2020-03-13,Amador,005,37829,0,0,0,0,0
2020-03-13,Butte,007,227075,0,0,0,0,0
2020-03-13,Calaveras,009,45235,2,2,0,2,0
2020-03-13,Colusa,011,21464,0,0,0,0,0
2020-03-13,Contra Costa,013,1133247,125,22,0,22,0
2020-03-13,Del Norte,015,27424,0,0,0,0,0
2020-03-13,El Dorado,017,186661,10,0,0,0,0
2020-03-13,Fresno,019,978130,19,1,1,2,0
2020-03-13,Glenn,021,27897,0,0,0,0,0
2020-03-13,Humboldt,023,135768,7,1,0,1,0
2020-03-13,Imperial,025,180216,12,2,0,2,0
2020-03-13,Inyo,027,18085,0,0,0,0,0
2020-03-13,Kern,029,883053,27,0,0,0,0
2020-03-13,Kings,031,150075,9,0,1,1,0
2020-03-13,Lake,033,64148,0,0,0,0,0
2020-03-13,Lassen,035,31185,0,0,0,0,0
2020-03-13,Los Angeles,037,10098052,1018,30,11,41,0
2020-03-13,Madera,039,155013,19,1,0,1,0
2020-03-13,Marin,041,260295,34,3,0,3,0
2020-03-13,Mariposa,043,17540,0,0,0,0,0
2020-03-13,Mendocino,045,87422,2,0,0,0,0
2020-03-13,Merced,047,269075,2,0,0,0,0
2020-03-13,Modoc,049,8938,0,0,0,0,0
2020-03-13,Mono,051,14174,3,0,0,0,0
2020-03-13,Monterey,053,433212,8,0,0,0,0
2020-03-13,Napa,055,140530,3,0,0,0,0
2020-03-13,Nevada,057,99092,7,0,1,1,0
2020-03-13,Orange,059,3164182,277,10,0,10,0
2020-03-13,Placer,061,380077,27,6,0,6,1
2020-03-13,Plumas,063,18699,0,0,0,0,0
2020-03-13,Riverside,065,2383286,130,5,2,7,0
2020-03-13,Sacramento,067,1510023,129,18,0,18,1
2020-03-13,San Benito,069,59416,6,2,0,2,0
2020-03-13,San Bernardino,071,2135413,95,0,0,0,0
2020-03-13,San Diego,073,3302833,313,8,0,8,0
2020-03-13,San Francisco,075,870044,171,28,0,28,0
2020-03-13,San Joaquin,077,732212,50,6,3,9,0
2020-03-13,San Luis Obispo,079,281455,33,0,0,0,0
2020-03-13,San Mateo,081,765935,192,24,1,25,0
2020-03-13,Santa Barbara,083,443738,38,0,0,0,0
2020-03-13,Santa Clara,085,1922200,465,59,1,60,1
2020-03-13,Santa Cruz,087,273765,32,7,0,7,0
2020-03-13,Shasta,089,179085,3,1,0,1,0
2020-03-13,Sierra,091,2930,0,0,0,0,0
2020-03-13,Siskiyou,093,43540,0,0,0,0,0
2020-03-13,Solano,095,438530,39,26,0,26,0
2020-03-13,Sonoma,097,501317,40,2,0,2,0
2020-03-13,Stanislaus,099,539301,17,2,2,4,0
2020-03-13,Sutter,101,95872,2,0,0,0,0
2020-03-13,Tehama,103,63373,0,0,0,0,0
2020-03-13,Trinity,105,12862,0,0,0,0,0
2020-03-13,Tulare,107,460477,12,2,2,4,0
2020-03-13,Tuolumne,109,53932,1,0,0,0,0
2020-03-13,Ventura,111,848112,54,5,0,5,0
2020-03-13,Yolo,113,214977,15,1,0,1,0
2020-03-13,Yuba,115,75493,1,0,0,0,0
2020-03-12,Alameda,001,1643700,151,9,0,9,0
2020-03-12,Alpine,003,1148,0,0,0,0,0
2020-03-12,Amador,005,37829,0,0,0,0,0
2020-03-12,Butte,007,227075,0,0,0,0,0
2020-03-12,Calaveras,009,45235,2,2,0,2,0
2020-03-12,Colusa,011,21464,0,0,0,0,0
2020-03-12,Contra Costa,013,1133247,108,18,0,18,0
2020-03-12,Del Norte,015,27424,0,0,0,0,0
2020-03-12,El Dorado,017,186661,8,0,0,0,0
2020-03-12,Fresno,019,978130,11,1,1,2,0
2020-03-12,Glenn,021,27897,0,0,0,0,0
2020-03-12,Humboldt,023,135768,6,1,0,1,0
2020-03-12,Imperial,025,180216,11,2,0,2,0
2020-03-12,Inyo,027,18085,0,0,0,0,0
2020-03-12,Kern,029,883053,18,0,0,0,0
2020-03-12,Kings,031,150075,6,0,1,1,0
2020-03-12,Lake,033,64148,0,0,0,0,0
2020-03-12,Lassen,035,31185,0,0,0,0,0
2020-03-12,Los Angeles,037,10098052,859,30,11,41,0
2020-03-12,Madera,039,155013,16,1,0,1,0
2020-03-12,Marin,041,260295,24,1,0,1,0
2020-03-12,Mariposa,043,17540,0,0,0,0,0
2020-03-12,Mendocino,045,87422,2,0,0,0,0
2020-03-12,Merced,047,269075,2,0,0,0,0
2020-03-12,Modoc,049,8938,0,0,0,0,0
2020-03-12,Mono,051,14174,3,0,0,0,0
2020-03-12,Monterey,053,433212,6,0,0,0,0
2020-03-12,Napa,055,140530,3,0,0,0,0
2020-03-12,Nevada,057,99092,4,0,1,1,0
2020-03-12,Orange,059,3164182,239,7,0,7,0
2020-03-12,Placer,061,380077,23,6,0,6,1
2020-03-12,Plumas,063,18699,0,0,0,0,0
2020-03-12,Riverside,065,2383286,104,5,1,6,0
2020-03-12,Sacramento,067,1510023,105,17,0,17,1
2020-03-12,San Benito,069,59416,5,2,0,2,0
2020-03-12,San Bernardino,071,2135413,79,0,0,0,0
2020-03-12,San Diego,073,3302833,258,9,0,9,0
2020-03-12,San Francisco,075,870044,147,20,0,20,0
2020-03-12,San Joaquin,077,732212,44,3,3,6,1
2020-03-12,San Luis Obispo,079,281455,26,0,0,0,0
2020-03-12,San Mateo,081,765935,158,21,1,22,0
2020-03-12,Santa Barbara,083,443738,26,0,0,0,0
2020-03-12,Santa Clara,085,1922200,407,51,1,52,1
2020-03-12,Santa Cruz,087,273765,29,5,0,5,0
2020-03-12,Shasta,089,179085,2,1,0,1,0
2020-03-12,Sierra,091,2930,0,0,0,0,0
2020-03-12,Siskiyou,093,43540,0,0,0,0,0
2020-03-12,Solano,095,438530,34,26,0,26,0
2020-03-12,Sonoma,097,501317,34,2,0,2,0
2020-03-12,Stanislaus,099,539301,15,2,2,4,0
2020-03-12,Sutter,101,95872,0,0,0,0,0
2020-03-12,Tehama,103,63373,0,0,0,0,0
2020-03-12,Trinity,105,12862,0,0,0,0,0
2020-03-12,Tulare,107,460477,12,1,1,2,0
2020-03-12,Tuolumne,109,53932,1,0,0,0,0
2020-03-12,Ventura,111,848112,45,3,0,3,0
2020-03-12,Yolo,113,214977,14,1,0,1,0
2020-03-12,Yuba,115,75493,1,0,0,0,0
2020-03-11,Alameda,001,1643700,120,5,0,5,0
2020-03-11,Alpine,003,1148,0,0,0,0,0
2020-03-11,Amador,005,37829,0,0,0,0,0
2020-03-11,Butte,007,227075,0,0,0,0,0
2020-03-11,Calaveras,009,45235,2,2,0,2,0
2020-03-11,Colusa,011,21464,0,0,0,0,0
2020-03-11,Contra Costa,013,1133247,93,16,0,16,0
2020-03-11,Del Norte,015,27424,0,0,0,0,0
2020-03-11,El Dorado,017,186661,7,0,0,0,0
2020-03-11,Fresno,019,978130,8,1,1,2,0
2020-03-11,Glenn,021,27897,0,0,0,0,0
2020-03-11,Humboldt,023,135768,6,1,0,1,0
2020-03-11,Imperial,025,180216,9,0,0,0,0
2020-03-11,Inyo,027,18085,0,0,0,0,0
2020-03-11,Kern,029,883053,16,0,0,0,0
2020-03-11,Kings,031,150075,4,0,1,1,0
2020-03-11,Lake,033,64148,0,0,0,0,0
2020-03-11,Lassen,035,31185,0,0,0,0,0
2020-03-11,Los Angeles,037,10098052,691,21,11,32,0
2020-03-11,Madera,039,155013,13,1,0,1,0
2020-03-11,Marin,041,260295,17,1,0,1,0
2020-03-11,Mariposa,043,17540,0,0,0,0,0
2020-03-11,Mendocino,045,87422,1,0,0,0,0
2020-03-11,Merced,047,269075,2,0,0,0,0
2020-03-11,Modoc,049,8938,0,0,0,0,0
2020-03-11,Mono,051,14174,3,0,0,0,0
2020-03-11,Monterey,053,433212,5,0,0,0,0
2020-03-11,Napa,055,140530,2,0,0,0,0
2020-03-11,Nevada,057,99092,4,0,1,1,0
2020-03-11,Orange,059,3164182,208,6,0,6,0
2020-03-11,Placer,061,380077,18,6,0,6,1
2020-03-11,Plumas,063,18699,0,0,0,0,0
2020-03-11,Riverside,065,2383286,79,4,1,5,0
2020-03-11,Sacramento,067,1510023,87,9,0,9,1
2020-03-11,San Benito,069,59416,5,2,0,2,0
2020-03-11,San Bernardino,071,2135413,72,0,0,0,0
2020-03-11,San Diego,073,3302833,208,4,0,4,0
2020-03-11,San Francisco,075,870044,124,17,0,17,0
2020-03-11,San Joaquin,077,732212,33,1,3,4,0
2020-03-11,San Luis Obispo,079,281455,23,0,0,0,0
2020-03-11,San Mateo,081,765935,140,16,0,16,0
2020-03-11,Santa Barbara,083,443738,16,0,0,0,0
2020-03-11,Santa Clara,085,1922200,367,48,1,49,1
2020-03-11,Santa Cruz,087,273765,26,2,0,2,0
2020-03-11,Shasta,089,179085,2,1,0,1,0
2020-03-11,Sierra,091,2930,0,0,0,0,0
2020-03-11,Siskiyou,093,43540,0,0,0,0,0
2020-03-11,Solano,095,438530,29,26,0,26,0
2020-03-11,Sonoma,097,501317,30,2,0,2,0
2020-03-11,Stanislaus,099,539301,15,2,2,4,0
2020-03-11,Sutter,101,95872,0,0,0,0,0
2020-03-11,Tehama,103,63373,0,0,0,0,0
2020-03-11,Trinity,105,12862,0,0,0,0,0
2020-03-11,Tulare,107,460477,10,0,1,1,0
2020-03-11,Tuolumne,109,53932,1,0,0,0,0
2020-03-11,Ventura,111,848112,37,3,0,3,0
2020-03-11,Yolo,113,214977,10,1,0,1,0
2020-03-11,Yuba,115,75493,1,0,0,0,0
2020-03-10,Alameda,001,1643700,98,4,0,4,0
2020-03-10,Alpine,003,1148,0,0,0,0,0
2020-03-10,Amador,005,37829,0,0,0,0,0
2020-03-10,Butte,007,227075,0,0,0,0,0
2020-03-10,Calaveras,009,45235,2,2,0,2,0
2020-03-10,Colusa,011,21464,0,0,0,0,0
2020-03-10,Contra Costa,013,1133247,84,11,0,11,0
2020-03-10,Del Norte,015,27424,0,0,0,0,0
2020-03-10,El Dorado,017,186661,6,0,0,0,0
2020-03-10,Fresno,019,978130,6,1,1,2,0
2020-03-10,Glenn,021,27897,0,0,0,0,0
2020-03-10,Humboldt,023,135768,6,1,0,1,0
2020-03-10,Imperial,025,180216,8,0,0,0,0
2020-03-10,Inyo,027,18085,0,0,0,0,0
2020-03-10,Kern,029,883053,11,0,0,0,0
2020-03-10,Kings,031,150075,4,0,1,1,0
2020-03-10,Lake,033,64148,0,0,0,0,0
2020-03-10,Lassen,035,31185,0,0,0,0,0
2020-03-10,Los Angeles,037,10098052,555,20,11,31,0
2020-03-10,Madera,039,155013,8,1,0,1,0
2020-03-10,Marin,041,260295,16,1,0,1,0
2020-03-10,Mariposa,043,17540,0,0,0,0,0
2020-03-10,Mendocino,045,87422,0,0,0,0,0
2020-03-10,Merced,047,269075,2,0,0,0,0
2020-03-10,Modoc,049,8938,0,0,0,0,0
2020-03-10,Mono,051,14174,3,0,0,0,0
2020-03-10,Monterey,053,433212,3,0,0,0,0
2020-03-10,Napa,055,140530,2,0,0,0,0
2020-03-10,Nevada,057,99092,3,0,1,1,0
2020-03-10,Orange,059,3164182,186,5,0,5,1
2020-03-10,Placer,061,380077,14,7,0,7,1
2020-03-10,Plumas,063,18699,0,0,0,0,0
2020-03-10,Riverside,065,2383286,57,4,1,5,0
2020-03-10,Sacramento,067,1510023,78,8,0,8,0
2020-03-10,San Benito,069,59416,5,2,0,2,0
2020-03-10,San Bernardino,071,2135413,64,0,0,0,0
2020-03-10,San Diego,073,3302833,165,3,0,3,0
2020-03-10,San Francisco,075,870044,92,16,0,16,0
2020-03-10,San Joaquin,077,732212,30,1,3,4,0
2020-03-10,San Luis Obispo,079,281455,15,0,0,0,0
2020-03-10,San Mateo,081,765935,124,11,0,11,0
2020-03-10,Santa Barbara,083,443738,11,0,0,0,0
2020-03-10,Santa Clara,085,1922200,319,45,1,46,1
2020-03-10,Santa Cruz,087,273765,22,2,0,2,0
2020-03-10,Shasta,089,179085,2,1,0,1,0
2020-03-10,Sierra,091,2930,0,0,0,0,0
2020-03-10,Siskiyou,093,43540,0,0,0,0,0
2020-03-10,Solano,095,438530,27,26,0,26,0
2020-03-10,Sonoma,097,501317,27,2,0,2,0
2020-03-10,Stanislaus,099,539301,11,0,2,2,0
2020-03-10,Sutter,101,95872,0,0,0,0,0
2020-03-10,Tehama,103,63373,0,0,0,0,0
2020-03-10,Trinity,105,12862,0,0,0,0,0
2020-03-10,Tulare,107,460477,9,0,1,1,0
2020-03-10,Tuolumne,109,53932,1,0,0,0,0
2020-03-10,Ventura,111,848112,29,1,0,1,0
2020-03-10,Yolo,113,214977,7,2,0,2,0
2020-03-10,Yuba,115,75493,1,0,0,0,0
2020-03-09,Alameda,001,1643700,70,4,0,4,0
2020-03-09,Alpine,003,1148,0,0,0,0,0
2020-03-09,Amador,005,37829,0,0,0,0,0
2020-03-09,Butte,007,227075,0,0,0,0,0
2020-03-09,Calaveras,009,45235,2,0,0,0,0
2020-03-09,Colusa,011,21464,0,0,0,0,0
2020-03-09,Contra Costa,013,1133247,72,9,0,9,0
2020-03-09,Del Norte,015,27424,0,0,0,0,0
2020-03-09,El Dorado,017,186661,4,0,0,0,0
2020-03-09,Fresno,019,978130,6,1,1,2,0
2020-03-09,Glenn,021,27897,0,0,0,0,0
2020-03-09,Humboldt,023,135768,5,1,0,1,0
2020-03-09,Imperial,025,180216,8,0,0,0,0
2020-03-09,Inyo,027,18085,0,0,0,0,0
2020-03-09,Kern,029,883053,8,0,0,0,0
2020-03-09,Kings,031,150075,3,0,1,1,0
2020-03-09,Lake,033,64148,0,0,0,0,0
2020-03-09,Lassen,035,31185,0,0,0,0,0
2020-03-09,Los Angeles,037,10098052,453,17,10,27,0
2020-03-09,Madera,039,155013,8,1,0,1,0
2020-03-09,Marin,041,260295,15,1,0,1,0
2020-03-09,Mariposa,043,17540,0,0,0,0,0
2020-03-09,Mendocino,045,87422,0,0,0,0,0
2020-03-09,Merced,047,269075,2,0,0,0,0
2020-03-09,Modoc,049,8938,0,0,0,0,0
2020-03-09,Mono,051,14174,3,0,0,0,0
2020-03-09,Monterey,053,433212,1,0,0,0,0
2020-03-09,Napa,055,140530,2,0,0,0,0
2020-03-09,Nevada,057,99092,2,0,1,1,0
2020-03-09,Orange,059,3164182,158,4,0,4,0
2020-03-09,Placer,061,380077,12,7,0,7,1
2020-03-09,Plumas,063,18699,0,0,0,0,0
2020-03-09,Riverside,065,2383286,48,4,1,5,0
2020-03-09,Sacramento,067,1510023,74,8,0,8,0
2020-03-09,San Benito,069,59416,3,2,0,2,0
2020-03-09,San Bernardino,071,2135413,53,0,0,0,0
2020-03-09,San Diego,073,3302833,126,2,0,2,0
2020-03-09,San Francisco,075,870044,72,14,0,14,0
2020-03-09,San Joaquin,077,732212,21,0,3,3,0
2020-03-09,San Luis Obispo,079,281455,15,0,0,0,0
2020-03-09,San Mateo,081,765935,110,6,0,6,0
2020-03-09,Santa Barbara,083,443738,9,0,0,0,0
2020-03-09,Santa Clara,085,1922200,275,42,1,43,1
2020-03-09,Santa Cruz,087,273765,19,2,0,2,0
2020-03-09,Shasta,089,179085,2,1,0,1,0
2020-03-09,Sierra,091,2930,0,0,0,0,0
2020-03-09,Siskiyou,093,43540,0,0,0,0,0
2020-03-09,Solano,095,438530,25,26,0,26,0
2020-03-09,Sonoma,097,501317,22,2,0,2,0
2020-03-09,Stanislaus,099,539301,11,0,2,2,0
2020-03-09,Sutter,101,95872,0,0,0,0,0
2020-03-09,Tehama,103,63373,0,0,0,0,0
2020-03-09,Trinity,105,12862,0,0,0,0,0
2020-03-09,Tulare,107,460477,9,0,1,1,0
2020-03-09,Tuolumne,109,53932,1,0,0,0,0
2020-03-09,Ventura,111,848112,25,1,0,1,0
2020-03-09,Yolo,113,214977,6,2,0,2,0
2020-03-09,Yuba,115,75493,0,0,0,0,0
2020-03-08,Alameda,001,1643700,45,4,0,4,0
2020-03-08,Alpine,003,1148,0,0,0,0,0
2020-03-08,Amador,005,37829,0,0,0,0,0
2020-03-08,Butte,007,227075,0,0,0,0,0
2020-03-08,Calaveras,009,45235,2,0,0,0,0
2020-03-08,Colusa,011,21464,0,0,0,0,0
2020-03-08,Contra Costa,013,1133247,58,9,0,9,0
2020-03-08,Del Norte,015,27424,0,0,0,0,0
2020-03-08,El Dorado,017,186661,4,0,0,0,0
2020-03-08,Fresno,019,978130,4,1,1,2,0
2020-03-08,Glenn,021,27897,0,0,0,0,0
2020-03-08,Humboldt,023,135768,5,1,0,1,0
2020-03-08,Imperial,025,180216,8,0,0,0,0
2020-03-08,Inyo,027,18085,0,0,0,0,0
2020-03-08,Kern,029,883053,8,0,0,0,0
2020-03-08,Kings,031,150075,2,0,1,1,0
2020-03-08,Lake,033,64148,0,0,0,0,0
2020-03-08,Lassen,035,31185,0,0,0,0,0
2020-03-08,Los Angeles,037,10098052,360,14,10,24,0
2020-03-08,Madera,039,155013,8,1,0,1,0
2020-03-08,Marin,041,260295,13,1,0,1,0
2020-03-08,Mariposa,043,17540,0,0,0,0,0
2020-03-08,Mendocino,045,87422,0,0,0,0,0
2020-03-08,Merced,047,269075,2,0,0,0,0
2020-03-08,Modoc,049,8938,0,0,0,0,0
2020-03-08,Mono,051,14174,3,0,0,0,0
2020-03-08,Monterey,053,433212,1,0,0,0,0
2020-03-08,Napa,055,140530,2,0,0,0,0
2020-03-08,Nevada,057,99092,1,0,1,1,0
2020-03-08,Orange,059,3164182,132,4,0,4,0
2020-03-08,Placer,061,380077,11,7,0,7,1
2020-03-08,Plumas,063,18699,0,0,0,0,0
2020-03-08,Riverside,065,2383286,40,1,1,2,0
2020-03-08,Sacramento,067,1510023,64,5,0,5,0
2020-03-08,San Benito,069,59416,3,2,0,2,0
2020-03-08,San Bernardino,071,2135413,42,0,0,0,0
2020-03-08,San Diego,073,3302833,92,2,0,2,0
2020-03-08,San Francisco,075,870044,53,9,0,9,0
2020-03-08,San Joaquin,077,732212,18,0,3,3,0
2020-03-08,San Luis Obispo,079,281455,9,0,0,0,0
2020-03-08,San Mateo,081,765935,97,4,0,4,0
2020-03-08,Santa Barbara,083,443738,6,0,0,0,0
2020-03-08,Santa Clara,085,1922200,233,36,1,37,0
2020-03-08,Santa Cruz,087,273765,17,1,0,1,0
2020-03-08,Shasta,089,179085,2,0,0,0,0
2020-03-08,Sierra,091,2930,0,0,0,0,0
2020-03-08,Siskiyou,093,43540,0,0,0,0,0
2020-03-08,Solano,095,438530,24,26,0,26,0
2020-03-08,Sonoma,097,501317,17,2,0,2,0
2020-03-08,Stanislaus,099,539301,10,0,2,2,0
2020-03-08,Sutter,101,95872,0,0,0,0,0
2020-03-08,Tehama,103,63373,0,0,0,0,0
2020-03-08,Trinity,105,12862,0,0,0,0,0
2020-03-08,Tulare,107,460477,9,0,0,0,0
2020-03-08,Tuolumne,109,53932,1,0,0,0,0
2020-03-08,Ventura,111,848112,21,1,0,1,0
2020-03-08,Yolo,113,214977,3,2,0,2,0
2020-03-08,Yuba,115,75493,0,0,0,0,0
2020-03-07,Alameda,001,1643700,40,3,0,3,0
2020-03-07,Alpine,003,1148,0,0,0,0,0
2020-03-07,Amador,005,37829,0,0,0,0,0
2020-03-07,Butte,007,227075,0,0,0,0,0
2020-03-07,Calaveras,009,45235,2,0,0,0,0
2020-03-07,Colusa,011,21464,0,0,0,0,0
2020-03-07,Contra Costa,013,1133247,55,4,0,4,0
2020-03-07,Del Norte,015,27424,0,0,0,0,0
2020-03-07,El Dorado,017,186661,3,0,0,0,0
2020-03-07,Fresno,019,978130,3,1,1,2,0
2020-03-07,Glenn,021,27897,0,0,0,0,0
2020-03-07,Humboldt,023,135768,5,1,0,1,0
2020-03-07,Imperial,025,180216,7,0,0,0,0
2020-03-07,Inyo,027,18085,0,0,0,0,0
2020-03-07,Kern,029,883053,7,0,0,0,0
2020-03-07,Kings,031,150075,2,0,1,1,0
2020-03-07,Lake,033,64148,0,0,0,0,0
2020-03-07,Lassen,035,31185,0,0,0,0,0
2020-03-07,Los Angeles,037,10098052,310,14,10,24,0
2020-03-07,Madera,039,155013,7,1,0,1,0
2020-03-07,Marin,041,260295,11,0,0,0,0
2020-03-07,Mariposa,043,17540,0,0,0,0,0
2020-03-07,Mendocino,045,87422,0,0,0,0,0
2020-03-07,Merced,047,269075,2,0,0,0,0
2020-03-07,Modoc,049,8938,0,0,0,0,0
2020-03-07,Mono,051,14174,3,0,0,0,0
2020-03-07,Monterey,053,433212,1,0,0,0,0
2020-03-07,Napa,055,140530,1,0,0,0,0
2020-03-07,Nevada,057,99092,1,0,1,1,0
2020-03-07,Orange,059,3164182,124,4,0,4,0
2020-03-07,Placer,061,380077,11,6,0,6,1
2020-03-07,Plumas,063,18699,0,0,0,0,0
2020-03-07,Riverside,065,2383286,30,0,1,1,0
2020-03-07,Sacramento,067,1510023,51,4,0,4,0
2020-03-07,San Benito,069,59416,3,2,0,2,0
2020-03-07,San Bernardino,071,2135413,40,0,0,0,0
2020-03-07,San Diego,073,3302833,74,2,0,2,0
2020-03-07,San Francisco,075,870044,47,9,0,9,0
2020-03-07,San Joaquin,077,732212,16,0,3,3,0
2020-03-07,San Luis Obispo,079,281455,6,0,0,0,0
2020-03-07,San Mateo,081,765935,87,1,0,1,0
2020-03-07,Santa Barbara,083,443738,5,0,0,0,0
2020-03-07,Santa Clara,085,1922200,203,31,1,32,0
2020-03-07,Santa Cruz,087,273765,17,1,0,1,0
2020-03-07,Shasta,089,179085,2,0,0,0,0
2020-03-07,Sierra,091,2930,0,0,0,0,0
2020-03-07,Siskiyou,093,43540,0,0,0,0,0
2020-03-07,Solano,095,438530,23,25,0,25,0
2020-03-07,Sonoma,097,501317,13,2,0,2,0
2020-03-07,Stanislaus,099,539301,9,0,2,2,0
2020-03-07,Sutter,101,95872,0,0,0,0,0
2020-03-07,Tehama,103,63373,0,0,0,0,0
2020-03-07,Trinity,105,12862,0,0,0,0,0
2020-03-07,Tulare,107,460477,6,0,0,0,0
2020-03-07,Tuolumne,109,53932,1,0,0,0,0
2020-03-07,Ventura,111,848112,18,1,0,1,0
2020-03-07,Yolo,113,214977,3,2,0,2,0
2020-03-07,Yuba,115,75493,0,0,0,0,0
2020-03-06,Alameda,001,1643700,38,3,0,3,0
2020-03-06,Alpine,003,1148,0,0,0,0,0
2020-03-06,Amador,005,37829,0,0,0,0,0
2020-03-06,Butte,007,227075,0,0,0,0,0
2020-03-06,Calaveras,009,45235,2,0,0,0,0
2020-03-06,Colusa,011,21464,0,0,0,0,0
2020-03-06,Contra Costa,013,1133247,46,4,0,4,0
2020-03-06,Del Norte,015,27424,0,0,0,0,0
2020-03-06,El Dorado,017,186661,3,0,0,0,0
2020-03-06,Fresno,019,978130,2,0,1,1,0
2020-03-06,Glenn,021,27897,0,0,0,0,0
2020-03-06,Humboldt,023,135768,4,1,0,1,0
2020-03-06,Imperial,025,180216,6,0,0,0,0
2020-03-06,Inyo,027,18085,0,0,0,0,0
2020-03-06,Kern,029,883053,6,0,0,0,0
2020-03-06,Kings,031,150075,2,0,1,1,0
2020-03-06,Lake,033,64148,0,0,0,0,0
2020-03-06,Lassen,035,31185,0,0,0,0,0
2020-03-06,Los Angeles,037,10098052,267,13,10,23,0
2020-03-06,Madera,039,155013,6,0,0,0,0
2020-03-06,Marin,041,260295,10,0,0,0,0
2020-03-06,Mariposa,043,17540,0,0,0,0,0
2020-03-06,Mendocino,045,87422,0,0,0,0,0
2020-03-06,Merced,047,269075,2,0,0,0,0
2020-03-06,Modoc,049,8938,0,0,0,0,0
2020-03-06,Mono,051,14174,1,0,0,0,0
2020-03-06,Monterey,053,433212,1,0,0,0,0
2020-03-06,Napa,055,140530,1,0,0,0,0
2020-03-06,Nevada,057,99092,1,0,1,1,0
2020-03-06,Orange,059,3164182,98,4,0,4,0
2020-03-06,Placer,061,380077,10,5,0,5,1
2020-03-06,Plumas,063,18699,0,0,0,0,0
2020-03-06,Riverside,065,2383286,30,0,1,1,0
2020-03-06,Sacramento,067,1510023,42,2,0,2,0
2020-03-06,San Benito,069,59416,3,2,0,2,0
2020-03-06,San Bernardino,071,2135413,38,0,0,0,0
2020-03-06,San Diego,073,3302833,61,2,0,2,0
2020-03-06,San Francisco,075,870044,41,2,0,2,0
2020-03-06,San Joaquin,077,732212,13,0,3,3,0
2020-03-06,San Luis Obispo,079,281455,4,0,0,0,0
2020-03-06,San Mateo,081,765935,79,1,0,1,0
2020-03-06,Santa Barbara,083,443738,3,0,0,0,0
2020-03-06,Santa Clara,085,1922200,185,20,1,21,0
2020-03-06,Santa Cruz,087,273765,15,0,0,0,0
2020-03-06,Shasta,089,179085,2,0,0,0,0
2020-03-06,Sierra,091,2930,0,0,0,0,0
2020-03-06,Siskiyou,093,43540,0,0,0,0,0
2020-03-06,Solano,095,438530,22,25,0,25,0
2020-03-06,Sonoma,097,501317,13,2,0,2,0
2020-03-06,Stanislaus,099,539301,5,0,2,2,0
2020-03-06,Sutter,101,95872,0,0,0,0,0
2020-03-06,Tehama,103,63373,0,0,0,0,0
2020-03-06,Trinity,105,12862,0,0,0,0,0
2020-03-06,Tulare,107,460477,6,0,0,0,0
2020-03-06,Tuolumne,109,53932,1,0,0,0,0
2020-03-06,Ventura,111,848112,15,1,0,1,0
2020-03-06,Yolo,113,214977,3,1,0,1,0
2020-03-06,Yuba,115,75493,0,0,0,0,0
2020-03-05,Alameda,001,1643700,33,2,0,2,0
2020-03-05,Alpine,003,1148,0,0,0,0,0
2020-03-05,Amador,005,37829,0,0,0,0,0
2020-03-05,Butte,007,227075,0,0,0,0,0
2020-03-05,Calaveras,009,45235,2,0,0,0,0
2020-03-05,Colusa,011,21464,0,0,0,0,0
2020-03-05,Contra Costa,013,1133247,39,1,0,1,0
2020-03-05,Del Norte,015,27424,0,0,0,0,0
2020-03-05,El Dorado,017,186661,1,0,0,0,0
2020-03-05,Fresno,019,978130,2,0,1,1,0
2020-03-05,Glenn,021,27897,0,0,0,0,0
2020-03-05,Humboldt,023,135768,4,1,0,1,0
2020-03-05,Imperial,025,180216,5,0,0,0,0
2020-03-05,Inyo,027,18085,0,0,0,0,0
2020-03-05,Kern,029,883053,6,0,0,0,0
2020-03-05,Kings,031,150075,2,0,1,1,0
2020-03-05,Lake,033,64148,0,0,0,0,0
2020-03-05,Lassen,035,31185,0,0,0,0,0
2020-03-05,Los Angeles,037,10098052,220,11,10,21,0
2020-03-05,Madera,039,155013,5,0,0,0,0
2020-03-05,Marin,041,260295,10,0,0,0,0
2020-03-05,Mariposa,043,17540,0,0,0,0,0
2020-03-05,Mendocino,045,87422,0,0,0,0,0
2020-03-05,Merced,047,269075,2,0,0,0,0
2020-03-05,Modoc,049,8938,0,0,0,0,0
2020-03-05,Mono,051,14174,1,0,0,0,0
2020-03-05,Monterey,053,433212,1,0,0,0,0
2020-03-05,Napa,055,140530,1,0,0,0,0
2020-03-05,Nevada,057,99092,0,0,1,1,0
2020-03-05,Orange,059,3164182,83,3,0,3,0
2020-03-05,Placer,061,380077,10,2,0,2,1
2020-03-05,Plumas,063,18699,0,0,0,0,0
2020-03-05,Riverside,065,2383286,27,0,1,1,0
2020-03-05,Sacramento,067,1510023,36,2,0,2,0
2020-03-05,San Benito,069,59416,1,2,0,2,0
2020-03-05,San Bernardino,071,2135413,33,0,0,0,0
2020-03-05,San Diego,073,3302833,54,2,0,2,0
2020-03-05,San Francisco,075,870044,31,2,0,2,0
2020-03-05,San Joaquin,077,732212,10,0,3,3,0
2020-03-05,San Luis Obispo,079,281455,4,0,0,0,0
2020-03-05,San Mateo,081,765935,65,1,0,1,0
2020-03-05,Santa Barbara,083,443738,2,0,0,0,0
2020-03-05,Santa Clara,085,1922200,162,14,1,15,0
2020-03-05,Santa Cruz,087,273765,13,0,0,0,0
2020-03-05,Shasta,089,179085,2,0,0,0,0
2020-03-05,Sierra,091,2930,0,0,0,0,0
2020-03-05,Siskiyou,093,43540,0,0,0,0,0
2020-03-05,Solano,095,438530,22,24,0,24,0
2020-03-05,Sonoma,097,501317,12,2,0,2,0
2020-03-05,Stanislaus,099,539301,4,0,2,2,0
2020-03-05,Sutter,101,95872,0,0,0,0,0
2020-03-05,Tehama,103,63373,0,0,0,0,0
2020-03-05,Trinity,105,12862,0,0,0,0,0
2020-03-05,Tulare,107,460477,6,0,0,0,0
2020-03-05,Tuolumne,109,53932,1,0,0,0,0
2020-03-05,Ventura,111,848112,13,0,0,0,0
2020-03-05,Yolo,113,214977,3,0,0,0,0
2020-03-05,Yuba,115,75493,0,0,0,0,0
2020-03-04,Alameda,001,1643700,29,2,0,2,0
2020-03-04,Alpine,003,1148,0,0,0,0,0
2020-03-04,Amador,005,37829,0,0,0,0,0
2020-03-04,Butte,007,227075,0,0,0,0,0
2020-03-04,Calaveras,009,45235,0,0,0,0,0
2020-03-04,Colusa,011,21464,0,0,0,0,0
2020-03-04,Contra Costa,013,1133247,34,1,0,1,0
2020-03-04,Del Norte,015,27424,0,0,0,0,0
2020-03-04,El Dorado,017,186661,1,0,0,0,0
2020-03-04,Fresno,019,978130,2,0,1,1,0
2020-03-04,Glenn,021,27897,0,0,0,0,0
2020-03-04,Humboldt,023,135768,1,1,0,1,0
2020-03-04,Imperial,025,180216,5,0,0,0,0
2020-03-04,Inyo,027,18085,0,0,0,0,0
2020-03-04,Kern,029,883053,6,0,0,0,0
2020-03-04,Kings,031,150075,2,0,1,1,0
2020-03-04,Lake,033,64148,0,0,0,0,0
2020-03-04,Lassen,035,31185,0,0,0,0,0
2020-03-04,Los Angeles,037,10098052,185,7,10,17,0
2020-03-04,Madera,039,155013,5,0,0,0,0
2020-03-04,Marin,041,260295,10,0,0,0,0
2020-03-04,Mariposa,043,17540,0,0,0,0,0
2020-03-04,Mendocino,045,87422,0,0,0,0,0
2020-03-04,Merced,047,269075,2,0,0,0,0
2020-03-04,Modoc,049,8938,0,0,0,0,0
2020-03-04,Mono,051,14174,1,0,0,0,0
2020-03-04,Monterey,053,433212,1,0,0,0,0
2020-03-04,Napa,055,140530,1,0,0,0,0
2020-03-04,Nevada,057,99092,0,0,1,1,0
2020-03-04,Orange,059,3164182,80,3,0,3,0
2020-03-04,Placer,061,380077,9,2,0,2,1
2020-03-04,Plumas,063,18699,0,0,0,0,0
2020-03-04,Riverside,065,2383286,23,0,1,1,0
2020-03-04,Sacramento,067,1510023,31,1,0,1,0
2020-03-04,San Benito,069,59416,1,2,0,2,0
2020-03-04,San Bernardino,071,2135413,30,0,0,0,0
2020-03-04,San Diego,073,3302833,41,2,0,2,0
2020-03-04,San Francisco,075,870044,26,0,0,0,0
2020-03-04,San Joaquin,077,732212,9,0,3,3,0
2020-03-04,San Luis Obispo,079,281455,4,0,0,0,0
2020-03-04,San Mateo,081,765935,60,1,0,1,0
2020-03-04,Santa Barbara,083,443738,2,0,0,0,0
2020-03-04,Santa Clara,085,1922200,145,12,1,13,0
2020-03-04,Santa Cruz,087,273765,13,0,0,0,0
2020-03-04,Shasta,089,179085,2,0,0,0,0
2020-03-04,Sierra,091,2930,0,0,0,0,0
2020-03-04,Siskiyou,093,43540,0,0,0,0,0
2020-03-04,Solano,095,438530,21,24,0,24,0
2020-03-04,Sonoma,097,501317,11,2,0,2,0
2020-03-04,Stanislaus,099,539301,4,0,2,2,0
2020-03-04,Sutter,101,95872,0,0,0,0,0
2020-03-04,Tehama,103,63373,0,0,0,0,0
2020-03-04,Trinity,105,12862,0,0,0,0,0
2020-03-04,Tulare,107,460477,6,0,0,0,0
2020-03-04,Tuolumne,109,53932,0,0,0,0,0
2020-03-04,Ventura,111,848112,12,0,0,0,0
2020-03-04,Yolo,113,214977,3,0,0,0,0
2020-03-04,Yuba,115,75493,0,0,0,0,0
2020-03-03,Alameda,001,1643700,24,2,0,2,0
2020-03-03,Alpine,003,1148,0,0,0,0,0
2020-03-03,Amador,005,37829,0,0,0,0,0
2020-03-03,Butte,007,227075,0,0,0,0,0
2020-03-03,Calaveras,009,45235,0,0,0,0,0
2020-03-03,Colusa,011,21464,0,0,0,0,0
2020-03-03,Contra Costa,013,1133247,30,0,0,0,0
2020-03-03,Del Norte,015,27424,0,0,0,0,0
2020-03-03,El Dorado,017,186661,1,0,0,0,0
2020-03-03,Fresno,019,978130,1,0,1,1,0
2020-03-03,Glenn,021,27897,0,0,0,0,0
2020-03-03,Humboldt,023,135768,1,1,0,1,0
2020-03-03,Imperial,025,180216,5,0,0,0,0
2020-03-03,Inyo,027,18085,0,0,0,0,0
2020-03-03,Kern,029,883053,4,0,0,0,0
2020-03-03,Kings,031,150075,2,0,1,1,0
2020-03-03,Lake,033,64148,0,0,0,0,0
2020-03-03,Lassen,035,31185,0,0,0,0,0
2020-03-03,Los Angeles,037,10098052,166,5,10,15,0
2020-03-03,Madera,039,155013,4,0,0,0,0
2020-03-03,Marin,041,260295,6,0,0,0,0
2020-03-03,Mariposa,043,17540,0,0,0,0,0
2020-03-03,Mendocino,045,87422,0,0,0,0,0
2020-03-03,Merced,047,269075,2,0,0,0,0
2020-03-03,Modoc,049,8938,0,0,0,0,0
2020-03-03,Mono,051,14174,1,0,0,0,0
2020-03-03,Monterey,053,433212,0,0,0,0,0
2020-03-03,Napa,055,140530,1,0,0,0,0
2020-03-03,Nevada,057,99092,0,0,1,1,0
2020-03-03,Orange,059,3164182,71,1,0,1,0
2020-03-03,Placer,061,380077,8,2,0,2,0
2020-03-03,Plumas,063,18699,0,0,0,0,0
2020-03-03,Riverside,065,2383286,20,0,1,1,0
2020-03-03,Sacramento,067,1510023,30,1,0,1,0
2020-03-03,San Benito,069,59416,1,2,0,2,0
2020-03-03,San Bernardino,071,2135413,27,0,0,0,0
2020-03-03,San Diego,073,3302833,34,2,0,2,0
2020-03-03,San Francisco,075,870044,24,0,0,0,0
2020-03-03,San Joaquin,077,732212,8,0,3,3,0
2020-03-03,San Luis Obispo,079,281455,2,0,0,0,0
2020-03-03,San Mateo,081,765935,53,1,0,1,0
2020-03-03,Santa Barbara,083,443738,1,0,0,0,0
2020-03-03,Santa Clara,085,1922200,130,11,1,12,0
2020-03-03,Santa Cruz,087,273765,10,0,0,0,0
2020-03-03,Shasta,089,179085,2,0,0,0,0
2020-03-03,Sierra,091,2930,0,0,0,0,0
2020-03-03,Siskiyou,093,43540,0,0,0,0,0
2020-03-03,Solano,095,438530,20,24,0,24,0
2020-03-03,Sonoma,097,501317,11,1,0,1,0
2020-03-03,Stanislaus,099,539301,4,0,2,2,0
2020-03-03,Sutter,101,95872,0,0,0,0,0
2020-03-03,Tehama,103,63373,0,0,0,0,0
2020-03-03,Trinity,105,12862,0,0,0,0,0
2020-03-03,Tulare,107,460477,6,0,0,0,0
2020-03-03,Tuolumne,109,53932,0,0,0,0,0
2020-03-03,Ventura,111,848112,11,0,0,0,0
2020-03-03,Yolo,113,214977,2,0,0,0,0
2020-03-03,Yuba,115,75493,0,0,0,0,0
2020-03-02,Alameda,001,1643700,21,1,0,1,0
2020-03-02,Alpine,003,1148,0,0,0,0,0
2020-03-02,Amador,005,37829,0,0,0,0,0
2020-03-02,Butte,007,227075,0,0,0,0,0
2020-03-02,Calaveras,009,45235,0,0,0,0,0
2020-03-02,Colusa,011,21464,0,0,0,0,0
2020-03-02,Contra Costa,013,1133247,27,0,0,0,0
2020-03-02,Del Norte,015,27424,0,0,0,0,0
2020-03-02,El Dorado,017,186661,1,0,0,0,0
2020-03-02,Fresno,019,978130,1,0,1,1,0
2020-03-02,Glenn,021,27897,0,0,0,0,0
2020-03-02,Humboldt,023,135768,1,1,0,1,0
2020-03-02,Imperial,025,180216,5,0,0,0,0
2020-03-02,Inyo,027,18085,0,0,0,0,0
2020-03-02,Kern,029,883053,4,0,0,0,0
2020-03-02,Kings,031,150075,2,0,1,1,0
2020-03-02,Lake,033,64148,0,0,0,0,0
2020-03-02,Lassen,035,31185,0,0,0,0,0
2020-03-02,Los Angeles,037,10098052,151,1,10,11,0
2020-03-02,Madera,039,155013,4,0,0,0,0
2020-03-02,Marin,041,260295,6,0,0,0,0
2020-03-02,Mariposa,043,17540,0,0,0,0,0
2020-03-02,Mendocino,045,87422,0,0,0,0,0
2020-03-02,Merced,047,269075,1,0,0,0,0
2020-03-02,Modoc,049,8938,0,0,0,0,0
2020-03-02,Mono,051,14174,1,0,0,0,0
2020-03-02,Monterey,053,433212,0,0,0,0,0
2020-03-02,Napa,055,140530,1,0,0,0,0
2020-03-02,Nevada,057,99092,0,0,1,1,0
2020-03-02,Orange,059,3164182,66,1,0,1,0
2020-03-02,Placer,061,380077,8,1,0,1,0
2020-03-02,Plumas,063,18699,0,0,0,0,0
2020-03-02,Riverside,065,2383286,19,0,1,1,0
2020-03-02,Sacramento,067,1510023,25,1,0,1,0
2020-03-02,San Benito,069,59416,1,2,0,2,0
2020-03-02,San Bernardino,071,2135413,27,0,0,0,0
2020-03-02,San Diego,073,3302833,28,2,0,2,0
2020-03-02,San Francisco,075,870044,17,0,0,0,0
2020-03-02,San Joaquin,077,732212,7,0,3,3,0
2020-03-02,San Luis Obispo,079,281455,2,0,0,0,0
2020-03-02,San Mateo,081,765935,44,1,0,1,0
2020-03-02,Santa Barbara,083,443738,1,0,0,0,0
2020-03-02,Santa Clara,085,1922200,108,7,1,8,0
2020-03-02,Santa Cruz,087,273765,9,0,0,0,0
2020-03-02,Shasta,089,179085,2,0,0,0,0
2020-03-02,Sierra,091,2930,0,0,0,0,0
2020-03-02,Siskiyou,093,43540,0,0,0,0,0
2020-03-02,Solano,095,438530,19,24,0,24,0
2020-03-02,Sonoma,097,501317,10,1,0,1,0
2020-03-02,Stanislaus,099,539301,2,0,2,2,0
2020-03-02,Sutter,101,95872,0,0,0,0,0
2020-03-02,Tehama,103,63373,0,0,0,0,0
2020-03-02,Trinity,105,12862,0,0,0,0,0
2020-03-02,Tulare,107,460477,6,0,0,0,0
2020-03-02,Tuolumne,109,53932,0,0,0,0,0
2020-03-02,Ventura,111,848112,10,0,0,0,0
2020-03-02,Yolo,113,214977,2,0,0,0,0
2020-03-02,Yuba,115,75493,0,0,0,0,0
2020-03-01,Alameda,001,1643700,20,1,0,1,0
2020-03-01,Alpine,003,1148,0,0,0,0,0
2020-03-01,Amador,005,37829,0,0,0,0,0
2020-03-01,Butte,007,227075,0,0,0,0,0
2020-03-01,Calaveras,009,45235,0,0,0,0,0
2020-03-01,Colusa,011,21464,0,0,0,0,0
2020-03-01,Contra Costa,013,1133247,24,0,0,0,0
2020-03-01,Del Norte,015,27424,0,0,0,0,0
2020-03-01,El Dorado,017,186661,1,0,0,0,0
2020-03-01,Fresno,019,978130,0,0,1,1,0
2020-03-01,Glenn,021,27897,0,0,0,0,0
2020-03-01,Humboldt,023,135768,1,1,0,1,0
2020-03-01,Imperial,025,180216,5,0,0,0,0
2020-03-01,Inyo,027,18085,0,0,0,0,0
2020-03-01,Kern,029,883053,2,0,0,0,0
2020-03-01,Kings,031,150075,2,0,1,1,0
2020-03-01,Lake,033,64148,0,0,0,0,0
2020-03-01,Lassen,035,31185,0,0,0,0,0
2020-03-01,Los Angeles,037,10098052,132,1,10,11,0
2020-03-01,Madera,039,155013,2,0,0,0,0
2020-03-01,Marin,041,260295,5,0,0,0,0
2020-03-01,Mariposa,043,17540,0,0,0,0,0
2020-03-01,Mendocino,045,87422,0,0,0,0,0
2020-03-01,Merced,047,269075,1,0,0,0,0
2020-03-01,Modoc,049,8938,0,0,0,0,0
2020-03-01,Mono,051,14174,1,0,0,0,0
2020-03-01,Monterey,053,433212,0,0,0,0,0
2020-03-01,Napa,055,140530,1,0,0,0,0
2020-03-01,Nevada,057,99092,0,0,1,1,0
2020-03-01,Orange,059,3164182,63,1,0,1,0
2020-03-01,Placer,061,380077,8,0,0,0,0
2020-03-01,Plumas,063,18699,0,0,0,0,0
2020-03-01,Riverside,065,2383286,18,0,1,1,0
2020-03-01,Sacramento,067,1510023,21,1,0,1,0
2020-03-01,San Benito,069,59416,0,2,0,2,0
2020-03-01,San Bernardino,071,2135413,25,0,0,0,0
2020-03-01,San Diego,073,3302833,21,2,0,2,0
2020-03-01,San Francisco,075,870044,13,0,0,0,0
2020-03-01,San Joaquin,077,732212,7,0,3,3,0
2020-03-01,San Luis Obispo,079,281455,2,0,0,0,0
2020-03-01,San Mateo,081,765935,36,0,0,0,0
2020-03-01,Santa Barbara,083,443738,1,0,0,0,0
2020-03-01,Santa Clara,085,1922200,95,6,1,7,0
2020-03-01,Santa Cruz,087,273765,8,0,0,0,0
2020-03-01,Shasta,089,179085,2,0,0,0,0
2020-03-01,Sierra,091,2930,0,0,0,0,0
2020-03-01,Siskiyou,093,43540,0,0,0,0,0
2020-03-01,Solano,095,438530,19,24,0,24,0
2020-03-01,Sonoma,097,501317,9,0,0,0,0
2020-03-01,Stanislaus,099,539301,2,0,2,2,0
2020-03-01,Sutter,101,95872,0,0,0,0,0
2020-03-01,Tehama,103,63373,0,0,0,0,0
2020-03-01,Trinity,105,12862,0,0,0,0,0
2020-03-01,Tulare,107,460477,6,0,0,0,0
2020-03-01,Tuolumne,109,53932,0,0,0,0,0
2020-03-01,Ventura,111,848112,8,0,0,0,0
2020-03-01,Yolo,113,214977,2,0,0,0,0
2020-03-01,Yuba,115,75493,0,0,0,0,0
2020-02-29,Alameda,001,1643700,16,0,0,0,0
2020-02-29,Alpine,003,1148,0,0,0,0,0
2020-02-29,Amador,005,37829,0,0,0,0,0
2020-02-29,Butte,007,227075,0,0,0,0,0
2020-02-29,Calaveras,009,45235,0,0,0,0,0
2020-02-29,Colusa,011,21464,0,0,0,0,0
2020-02-29,Contra Costa,013,1133247,20,0,0,0,0
2020-02-29,Del Norte,015,27424,0,0,0,0,0
2020-02-29,El Dorado,017,186661,1,0,0,0,0
2020-02-29,Fresno,019,978130,0,0,0,0,0
2020-02-29,Glenn,021,27897,0,0,0,0,0
2020-02-29,Humboldt,023,135768,1,1,0,1,0
2020-02-29,Imperial,025,180216,3,0,0,0,0
2020-02-29,Inyo,027,18085,0,0,0,0,0
2020-02-29,Kern,029,883053,2,0,0,0,0
2020-02-29,Kings,031,150075,2,0,1,1,0
2020-02-29,Lake,033,64148,0,0,0,0,0
2020-02-29,Lassen,035,31185,0,0,0,0,0
2020-02-29,Los Angeles,037,10098052,104,1,10,11,0
2020-02-29,Madera,039,155013,2,0,0,0,0
2020-02-29,Marin,041,260295,4,0,0,0,0
2020-02-29,Mariposa,043,17540,0,0,0,0,0
2020-02-29,Mendocino,045,87422,0,0,0,0,0
2020-02-29,Merced,047,269075,1,0,0,0,0
2020-02-29,Modoc,049,8938,0,0,0,0,0
2020-02-29,Mono,051,14174,1,0,0,0,0
2020-02-29,Monterey,053,433212,0,0,0,0,0
2020-02-29,Napa,055,140530,1,0,0,0,0
2020-02-29,Nevada,057,99092,0,0,1,1,0
2020-02-29,Orange,059,3164182,58,1,0,1,0
2020-02-29,Placer,061,380077,7,0,0,0,0
2020-02-29,Plumas,063,18699,0,0,0,0,0
2020-02-29,Riverside,065,2383286,15,0,1,1,0
2020-02-29,Sacramento,067,1510023,16,1,0,1,0
2020-02-29,San Benito,069,59416,0,2,0,2,0
2020-02-29,San Bernardino,071,2135413,23,0,0,0,0
2020-02-29,San Diego,073,3302833,16,2,0,2,0
2020-02-29,San Francisco,075,870044,12,0,0,0,0
2020-02-29,San Joaquin,077,732212,6,0,3,3,0
2020-02-29,San Luis Obispo,079,281455,2,0,0,0,0
2020-02-29,San Mateo,081,765935,29,0,0,0,0
2020-02-29,Santa Barbara,083,443738,0,0,0,0,0
2020-02-29,Santa Clara,085,1922200,73,3,1,4,0
2020-02-29,Santa Cruz,087,273765,8,0,0,0,0
2020-02-29,Shasta,089,179085,2,0,0,0,0
2020-02-29,Sierra,091,2930,0,0,0,0,0
2020-02-29,Siskiyou,093,43540,0,0,0,0,0
2020-02-29,Solano,095,438530,18,23,0,23,0
2020-02-29,Sonoma,097,501317,6,0,0,0,0
2020-02-29,Stanislaus,099,539301,2,0,2,2,0
2020-02-29,Sutter,101,95872,0,0,0,0,0
2020-02-29,Tehama,103,63373,0,0,0,0,0
2020-02-29,Trinity,105,12862,0,0,0,0,0
2020-02-29,Tulare,107,460477,4,0,0,0,0
2020-02-29,Tuolumne,109,53932,0,0,0,0,0
2020-02-29,Ventura,111,848112,6,0,0,0,0
2020-02-29,Yolo,113,214977,2,0,0,0,0
2020-02-29,Yuba,115,75493,0,0,0,0,0
2020-02-28,Alameda,001,1643700,14,0,0,0,0
2020-02-28,Alpine,003,1148,0,0,0,0,0
2020-02-28,Amador,005,37829,0,0,0,0,0
2020-02-28,Butte,007,227075,0,0,0,0,0
2020-02-28,Calaveras,009,45235,0,0,0,0,0
2020-02-28,Colusa,011,21464,0,0,0,0,0
2020-02-28,Contra Costa,013,1133247,20,0,0,0,0
2020-02-28,Del Norte,015,27424,0,0,0,0,0
2020-02-28,El Dorado,017,186661,0,0,0,0,0
2020-02-28,Fresno,019,978130,0,0,0,0,0
2020-02-28,Glenn,021,27897,0,0,0,0,0
2020-02-28,Humboldt,023,135768,1,1,0,1,0
2020-02-28,Imperial,025,180216,3,0,0,0,0
2020-02-28,Inyo,027,18085,0,0,0,0,0
2020-02-28,Kern,029,883053,2,0,0,0,0
2020-02-28,Kings,031,150075,2,0,1,1,0
2020-02-28,Lake,033,64148,0,0,0,0,0
2020-02-28,Lassen,035,31185,0,0,0,0,0
2020-02-28,Los Angeles,037,10098052,96,1,10,11,0
2020-02-28,Madera,039,155013,2,0,0,0,0
2020-02-28,Marin,041,260295,2,0,0,0,0
2020-02-28,Mariposa,043,17540,0,0,0,0,0
2020-02-28,Mendocino,045,87422,0,0,0,0,0
2020-02-28,Merced,047,269075,1,0,0,0,0
2020-02-28,Modoc,049,8938,0,0,0,0,0
2020-02-28,Mono,051,14174,0,0,0,0,0
2020-02-28,Monterey,053,433212,0,0,0,0,0
2020-02-28,Napa,055,140530,1,0,0,0,0
2020-02-28,Nevada,057,99092,0,0,1,1,0
2020-02-28,Orange,059,3164182,56,1,0,1,0
2020-02-28,Placer,061,380077,7,0,0,0,0
2020-02-28,Plumas,063,18699,0,0,0,0,0
2020-02-28,Riverside,065,2383286,13,0,1,1,0
2020-02-28,Sacramento,067,1510023,10,1,0,1,0
2020-02-28,San Benito,069,59416,0,2,0,2,0
2020-02-28,San Bernardino,071,2135413,23,0,0,0,0
2020-02-28,San Diego,073,3302833,13,2,0,2,0
2020-02-28,San Francisco,075,870044,10,0,0,0,0
2020-02-28,San Joaquin,077,732212,6,0,3,3,0
2020-02-28,San Luis Obispo,079,281455,2,0,0,0,0
2020-02-28,San Mateo,081,765935,24,0,0,0,0
2020-02-28,Santa Barbara,083,443738,0,0,0,0,0
2020-02-28,Santa Clara,085,1922200,68,3,1,4,0
2020-02-28,Santa Cruz,087,273765,8,0,0,0,0
2020-02-28,Shasta,089,179085,2,0,0,0,0
2020-02-28,Sierra,091,2930,0,0,0,0,0
2020-02-28,Siskiyou,093,43540,0,0,0,0,0
2020-02-28,Solano,095,438530,17,23,0,23,0
2020-02-28,Sonoma,097,501317,6,0,0,0,0
2020-02-28,Stanislaus,099,539301,2,0,2,2,0
2020-02-28,Sutter,101,95872,0,0,0,0,0
2020-02-28,Tehama,103,63373,0,0,0,0,0
2020-02-28,Trinity,105,12862,0,0,0,0,0
2020-02-28,Tulare,107,460477,3,0,0,0,0
2020-02-28,Tuolumne,109,53932,0,0,0,0,0
2020-02-28,Ventura,111,848112,6,0,0,0,0
2020-02-28,Yolo,113,214977,2,0,0,0,0
2020-02-28,Yuba,115,75493,0,0,0,0,0
2020-02-27,Alameda,001,1643700,13,0,0,0,0
2020-02-27,Alpine,003,1148,0,0,0,0,0
2020-02-27,Amador,005,37829,0,0,0,0,0
2020-02-27,Butte,007,227075,0,0,0,0,0
2020-02-27,Calaveras,009,45235,0,0,0,0,0
2020-02-27,Colusa,011,21464,0,0,0,0,0
2020-02-27,Contra Costa,013,1133247,14,0,0,0,0
2020-02-27,Del Norte,015,27424,0,0,0,0,0
2020-02-27,El Dorado,017,186661,0,0,0,0,0
2020-02-27,Fresno,019,978130,0,0,0,0,0
2020-02-27,Glenn,021,27897,0,0,0,0,0
2020-02-27,Humboldt,023,135768,1,1,0,1,0
2020-02-27,Imperial,025,180216,3,0,0,0,0
2020-02-27,Inyo,027,18085,0,0,0,0,0
2020-02-27,Kern,029,883053,2,0,0,0,0
2020-02-27,Kings,031,150075,2,0,1,1,0
2020-02-27,Lake,033,64148,0,0,0,0,0
2020-02-27,Lassen,035,31185,0,0,0,0,0
2020-02-27,Los Angeles,037,10098052,89,1,10,11,0
2020-02-27,Madera,039,155013,2,0,0,0,0
2020-02-27,Marin,041,260295,1,0,0,0,0
2020-02-27,Mariposa,043,17540,0,0,0,0,0
2020-02-27,Mendocino,045,87422,0,0,0,0,0
2020-02-27,Merced,047,269075,1,0,0,0,0
2020-02-27,Modoc,049,8938,0,0,0,0,0
2020-02-27,Mono,051,14174,0,0,0,0,0
2020-02-27,Monterey,053,433212,0,0,0,0,0
2020-02-27,Napa,055,140530,1,0,0,0,0
2020-02-27,Nevada,057,99092,0,0,1,1,0
2020-02-27,Orange,059,3164182,50,1,0,1,0
2020-02-27,Placer,061,380077,6,0,0,0,0
2020-02-27,Plumas,063,18699,0,0,0,0,0
2020-02-27,Riverside,065,2383286,12,0,1,1,0
2020-02-27,Sacramento,067,1510023,10,1,0,1,0
2020-02-27,San Benito,069,59416,0,2,0,2,0
2020-02-27,San Bernardino,071,2135413,23,0,0,0,0
2020-02-27,San Diego,073,3302833,12,2,0,2,0
2020-02-27,San Francisco,075,870044,9,0,0,0,0
2020-02-27,San Joaquin,077,732212,5,0,3,3,0
2020-02-27,San Luis Obispo,079,281455,2,0,0,0,0
2020-02-27,San Mateo,081,765935,20,0,0,0,0
2020-02-27,Santa Barbara,083,443738,0,0,0,0,0
2020-02-27,Santa Clara,085,1922200,57,2,1,3,0
2020-02-27,Santa Cruz,087,273765,6,0,0,0,0
2020-02-27,Shasta,089,179085,0,0,0,0,0
2020-02-27,Sierra,091,2930,0,0,0,0,0
2020-02-27,Siskiyou,093,43540,0,0,0,0,0
2020-02-27,Solano,095,438530,17,23,0,23,0
2020-02-27,Sonoma,097,501317,5,0,0,0,0
2020-02-27,Stanislaus,099,539301,2,0,2,2,0
2020-02-27,Sutter,101,95872,0,0,0,0,0
2020-02-27,Tehama,103,63373,0,0,0,0,0
2020-02-27,Trinity,105,12862,0,0,0,0,0
2020-02-27,Tulare,107,460477,3,0,0,0,0
2020-02-27,Tuolumne,109,53932,0,0,0,0,0
2020-02-27,Ventura,111,848112,4,0,0,0,0
2020-02-27,Yolo,113,214977,2,0,0,0,0
2020-02-27,Yuba,115,75493,0,0,0,0,0
2020-02-26,Alameda,001,1643700,13,0,0,0,0
2020-02-26,Alpine,003,1148,0,0,0,0,0
2020-02-26,Amador,005,37829,0,0,0,0,0
2020-02-26,Butte,007,227075,0,0,0,0,0
2020-02-26,Calaveras,009,45235,0,0,0,0,0
2020-02-26,Colusa,011,21464,0,0,0,0,0
2020-02-26,Contra Costa,013,1133247,13,0,0,0,0
2020-02-26,Del Norte,015,27424,0,0,0,0,0
2020-02-26,El Dorado,017,186661,0,0,0,0,0
2020-02-26,Fresno,019,978130,0,0,0,0,0
2020-02-26,Glenn,021,27897,0,0,0,0,0
2020-02-26,Humboldt,023,135768,1,1,0,1,0
2020-02-26,Imperial,025,180216,3,0,0,0,0
2020-02-26,Inyo,027,18085,0,0,0,0,0
2020-02-26,Kern,029,883053,2,0,0,0,0
2020-02-26,Kings,031,150075,2,0,1,1,0
2020-02-26,Lake,033,64148,0,0,0,0,0
2020-02-26,Lassen,035,31185,0,0,0,0,0
2020-02-26,Los Angeles,037,10098052,83,1,10,11,0
2020-02-26,Madera,039,155013,2,0,0,0,0
2020-02-26,Marin,041,260295,1,0,0,0,0
2020-02-26,Mariposa,043,17540,0,0,0,0,0
2020-02-26,Mendocino,045,87422,0,0,0,0,0
2020-02-26,Merced,047,269075,1,0,0,0,0
2020-02-26,Modoc,049,8938,0,0,0,0,0
2020-02-26,Mono,051,14174,0,0,0,0,0
2020-02-26,Monterey,053,433212,0,0,0,0,0
2020-02-26,Napa,055,140530,0,0,0,0,0
2020-02-26,Nevada,057,99092,0,0,1,1,0
2020-02-26,Orange,059,3164182,49,1,0,1,0
2020-02-26,Placer,061,380077,5,0,0,0,0
2020-02-26,Plumas,063,18699,0,0,0,0,0
2020-02-26,Riverside,065,2383286,10,0,1,1,0
2020-02-26,Sacramento,067,1510023,10,1,0,1,0
2020-02-26,San Benito,069,59416,0,2,0,2,0
2020-02-26,San Bernardino,071,2135413,21,0,0,0,0
2020-02-26,San Diego,073,3302833,11,2,0,2,0
2020-02-26,San Francisco,075,870044,9,0,0,0,0
2020-02-26,San Joaquin,077,732212,5,0,3,3,0
2020-02-26,San Luis Obispo,079,281455,2,0,0,0,0
2020-02-26,San Mateo,081,765935,18,0,0,0,0
2020-02-26,Santa Barbara,083,443738,0,0,0,0,0
2020-02-26,Santa Clara,085,1922200,49,2,1,3,0
2020-02-26,Santa Cruz,087,273765,6,0,0,0,0
2020-02-26,Shasta,089,179085,0,0,0,0,0
2020-02-26,Sierra,091,2930,0,0,0,0,0
2020-02-26,Siskiyou,093,43540,0,0,0,0,0
2020-02-26,Solano,095,438530,17,23,0,23,0
2020-02-26,Sonoma,097,501317,5,0,0,0,0
2020-02-26,Stanislaus,099,539301,2,0,2,2,0
2020-02-26,Sutter,101,95872,0,0,0,0,0
2020-02-26,Tehama,103,63373,0,0,0,0,0
2020-02-26,Trinity,105,12862,0,0,0,0,0
2020-02-26,Tulare,107,460477,3,0,0,0,0
2020-02-26,Tuolumne,109,53932,0,0,0,0,0
2020-02-26,Ventura,111,848112,4,0,0,0,0
2020-02-26,Yolo,113,214977,2,0,0,0,0
2020-02-26,Yuba,115,75493,0,0,0,0,0
2020-02-25,Alameda,001,1643700,13,0,0,0,0
2020-02-25,Alpine,003,1148,0,0,0,0,0
2020-02-25,Amador,005,37829,0,0,0,0,0
2020-02-25,Butte,007,227075,0,0,0,0,0
2020-02-25,Calaveras,009,45235,0,0,0,0,0
2020-02-25,Colusa,011,21464,0,0,0,0,0
2020-02-25,Contra Costa,013,1133247,11,0,0,0,0
2020-02-25,Del Norte,015,27424,0,0,0,0,0
2020-02-25,El Dorado,017,186661,0,0,0,0,0
2020-02-25,Fresno,019,978130,0,0,0,0,0
2020-02-25,Glenn,021,27897,0,0,0,0,0
2020-02-25,Humboldt,023,135768,1,1,0,1,0
2020-02-25,Imperial,025,180216,3,0,0,0,0
2020-02-25,Inyo,027,18085,0,0,0,0,0
2020-02-25,Kern,029,883053,2,0,0,0,0
2020-02-25,Kings,031,150075,2,0,1,1,0
2020-02-25,Lake,033,64148,0,0,0,0,0
2020-02-25,Lassen,035,31185,0,0,0,0,0
2020-02-25,Los Angeles,037,10098052,71,1,10,11,0
2020-02-25,Madera,039,155013,2,0,0,0,0
2020-02-25,Marin,041,260295,1,0,0,0,0
2020-02-25,Mariposa,043,17540,0,0,0,0,0
2020-02-25,Mendocino,045,87422,0,0,0,0,0
2020-02-25,Merced,047,269075,0,0,0,0,0
2020-02-25,Modoc,049,8938,0,0,0,0,0
2020-02-25,Mono,051,14174,0,0,0,0,0
2020-02-25,Monterey,053,433212,0,0,0,0,0
2020-02-25,Napa,055,140530,0,0,0,0,0
2020-02-25,Nevada,057,99092,0,0,1,1,0
2020-02-25,Orange,059,3164182,48,1,0,1,0
2020-02-25,Placer,061,380077,5,0,0,0,0
2020-02-25,Plumas,063,18699,0,0,0,0,0
2020-02-25,Riverside,065,2383286,10,0,1,1,0
2020-02-25,Sacramento,067,1510023,8,1,0,1,0
2020-02-25,San Benito,069,59416,0,2,0,2,0
2020-02-25,San Bernardino,071,2135413,19,0,0,0,0
2020-02-25,San Diego,073,3302833,7,2,0,2,0
2020-02-25,San Francisco,075,870044,7,0,0,0,0
2020-02-25,San Joaquin,077,732212,5,0,2,2,0
2020-02-25,San Luis Obispo,079,281455,2,0,0,0,0
2020-02-25,San Mateo,081,765935,17,0,0,0,0
2020-02-25,Santa Barbara,083,443738,0,0,0,0,0
2020-02-25,Santa Clara,085,1922200,40,2,1,3,0
2020-02-25,Santa Cruz,087,273765,5,0,0,0,0
2020-02-25,Shasta,089,179085,0,0,0,0,0
2020-02-25,Sierra,091,2930,0,0,0,0,0
2020-02-25,Siskiyou,093,43540,0,0,0,0,0
2020-02-25,Solano,095,438530,16,21,0,21,0
2020-02-25,Sonoma,097,501317,5,0,0,0,0
2020-02-25,Stanislaus,099,539301,2,0,2,2,0
2020-02-25,Sutter,101,95872,0,0,0,0,0
2020-02-25,Tehama,103,63373,0,0,0,0,0
2020-02-25,Trinity,105,12862,0,0,0,0,0
2020-02-25,Tulare,107,460477,3,0,0,0,0
2020-02-25,Tuolumne,109,53932,0,0,0,0,0
2020-02-25,Ventura,111,848112,4,0,0,0,0
2020-02-25,Yolo,113,214977,2,0,0,0,0
2020-02-25,Yuba,115,75493,0,0,0,0,0
2020-02-24,Alameda,001,1643700,13,0,0,0,0
2020-02-24,Alpine,003,1148,0,0,0,0,0
2020-02-24,Amador,005,37829,0,0,0,0,0
2020-02-24,Butte,007,227075,0,0,0,0,0
2020-02-24,Calaveras,009,45235,0,0,0,0,0
2020-02-24,Colusa,011,21464,0,0,0,0,0
2020-02-24,Contra Costa,013,1133247,9,0,0,0,0
2020-02-24,Del Norte,015,27424,0,0,0,0,0
2020-02-24,El Dorado,017,186661,0,0,0,0,0
2020-02-24,Fresno,019,978130,0,0,0,0,0
2020-02-24,Glenn,021,27897,0,0,0,0,0
2020-02-24,Humboldt,023,135768,1,1,0,1,0
2020-02-24,Imperial,025,180216,3,0,0,0,0
2020-02-24,Inyo,027,18085,0,0,0,0,0
2020-02-24,Kern,029,883053,2,0,0,0,0
2020-02-24,Kings,031,150075,2,0,1,1,0
2020-02-24,Lake,033,64148,0,0,0,0,0
2020-02-24,Lassen,035,31185,0,0,0,0,0
2020-02-24,Los Angeles,037,10098052,66,1,10,11,0
2020-02-24,Madera,039,155013,1,0,0,0,0
2020-02-24,Marin,041,260295,1,0,0,0,0
2020-02-24,Mariposa,043,17540,0,0,0,0,0
2020-02-24,Mendocino,045,87422,0,0,0,0,0
2020-02-24,Merced,047,269075,0,0,0,0,0
2020-02-24,Modoc,049,8938,0,0,0,0,0
2020-02-24,Mono,051,14174,0,0,0,0,0
2020-02-24,Monterey,053,433212,0,0,0,0,0
2020-02-24,Napa,055,140530,0,0,0,0,0
2020-02-24,Nevada,057,99092,0,0,1,1,0
2020-02-24,Orange,059,3164182,46,1,0,1,0
2020-02-24,Placer,061,380077,3,0,0,0,0
2020-02-24,Plumas,063,18699,0,0,0,0,0
2020-02-24,Riverside,065,2383286,9,0,1,1,0
2020-02-24,Sacramento,067,1510023,7,1,0,1,0
2020-02-24,San Benito,069,59416,0,2,0,2,0
2020-02-24,San Bernardino,071,2135413,19,0,0,0,0
2020-02-24,San Diego,073,3302833,7,2,0,2,0
2020-02-24,San Francisco,075,870044,6,0,0,0,0
2020-02-24,San Joaquin,077,732212,5,0,1,1,0
2020-02-24,San Luis Obispo,079,281455,2,0,0,0,0
2020-02-24,San Mateo,081,765935,13,0,0,0,0
2020-02-24,Santa Barbara,083,443738,0,0,0,0,0
2020-02-24,Santa Clara,085,1922200,38,2,1,3,0
2020-02-24,Santa Cruz,087,273765,5,0,0,0,0
2020-02-24,Shasta,089,179085,0,0,0,0,0
2020-02-24,Sierra,091,2930,0,0,0,0,0
2020-02-24,Siskiyou,093,43540,0,0,0,0,0
2020-02-24,Solano,095,438530,13,15,0,15,0
2020-02-24,Sonoma,097,501317,5,0,0,0,0
2020-02-24,Stanislaus,099,539301,2,0,2,2,0
2020-02-24,Sutter,101,95872,0,0,0,0,0
2020-02-24,Tehama,103,63373,0,0,0,0,0
2020-02-24,Trinity,105,12862,0,0,0,0,0
2020-02-24,Tulare,107,460477,3,0,0,0,0
2020-02-24,Tuolumne,109,53932,0,0,0,0,0
2020-02-24,Ventura,111,848112,4,0,0,0,0
2020-02-24,Yolo,113,214977,2,0,0,0,0
2020-02-24,Yuba,115,75493,0,0,0,0,0
2020-02-23,Alameda,001,1643700,11,0,0,0,0
2020-02-23,Alpine,003,1148,0,0,0,0,0
2020-02-23,Amador,005,37829,0,0,0,0,0
2020-02-23,Butte,007,227075,0,0,0,0,0
2020-02-23,Calaveras,009,45235,0,0,0,0,0
2020-02-23,Colusa,011,21464,0,0,0,0,0
2020-02-23,Contra Costa,013,1133247,6,0,0,0,0
2020-02-23,Del Norte,015,27424,0,0,0,0,0
2020-02-23,El Dorado,017,186661,0,0,0,0,0
2020-02-23,Fresno,019,978130,0,0,0,0,0
2020-02-23,Glenn,021,27897,0,0,0,0,0
2020-02-23,Humboldt,023,135768,1,1,0,1,0
2020-02-23,Imperial,025,180216,3,0,0,0,0
2020-02-23,Inyo,027,18085,0,0,0,0,0
2020-02-23,Kern,029,883053,2,0,0,0,0
2020-02-23,Kings,031,150075,2,0,1,1,0
2020-02-23,Lake,033,64148,0,0,0,0,0
2020-02-23,Lassen,035,31185,0,0,0,0,0
2020-02-23,Los Angeles,037,10098052,58,1,10,11,0
2020-02-23,Madera,039,155013,1,0,0,0,0
2020-02-23,Marin,041,260295,1,0,0,0,0
2020-02-23,Mariposa,043,17540,0,0,0,0,0
2020-02-23,Mendocino,045,87422,0,0,0,0,0
2020-02-23,Merced,047,269075,0,0,0,0,0
2020-02-23,Modoc,049,8938,0,0,0,0,0
2020-02-23,Mono,051,14174,0,0,0,0,0
2020-02-23,Monterey,053,433212,0,0,0,0,0
2020-02-23,Napa,055,140530,0,0,0,0,0
2020-02-23,Nevada,057,99092,0,0,1,1,0
2020-02-23,Orange,059,3164182,46,1,0,1,0
2020-02-23,Placer,061,380077,3,0,0,0,0
2020-02-23,Plumas,063,18699,0,0,0,0,0
2020-02-23,Riverside,065,2383286,9,0,0,0,0
2020-02-23,Sacramento,067,1510023,6,1,0,1,0
2020-02-23,San Benito,069,59416,0,2,0,2,0
2020-02-23,San Bernardino,071,2135413,18,0,0,0,0
2020-02-23,San Diego,073,3302833,6,2,0,2,0
2020-02-23,San Francisco,075,870044,5,0,0,0,0
2020-02-23,San Joaquin,077,732212,4,0,1,1,0
2020-02-23,San Luis Obispo,079,281455,2,0,0,0,0
2020-02-23,San Mateo,081,765935,10,0,0,0,0
2020-02-23,Santa Barbara,083,443738,0,0,0,0,0
2020-02-23,Santa Clara,085,1922200,26,2,1,3,0
2020-02-23,Santa Cruz,087,273765,2,0,0,0,0
2020-02-23,Shasta,089,179085,0,0,0,0,0
2020-02-23,Sierra,091,2930,0,0,0,0,0
2020-02-23,Siskiyou,093,43540,0,0,0,0,0
2020-02-23,Solano,095,438530,11,15,0,15,0
2020-02-23,Sonoma,097,501317,5,0,0,0,0
2020-02-23,Stanislaus,099,539301,2,0,2,2,0
2020-02-23,Sutter,101,95872,0,0,0,0,0
2020-02-23,Tehama,103,63373,0,0,0,0,0
2020-02-23,Trinity,105,12862,0,0,0,0,0
2020-02-23,Tulare,107,460477,2,0,0,0,0
2020-02-23,Tuolumne,109,53932,0,0,0,0,0
2020-02-23,Ventura,111,848112,4,0,0,0,0
2020-02-23,Yolo,113,214977,2,0,0,0,0
2020-02-23,Yuba,115,75493,0,0,0,0,0
2020-02-22,Alameda,001,1643700,10,0,0,0,0
2020-02-22,Alpine,003,1148,0,0,0,0,0
2020-02-22,Amador,005,37829,0,0,0,0,0
2020-02-22,Butte,007,227075,0,0,0,0,0
2020-02-22,Calaveras,009,45235,0,0,0,0,0
2020-02-22,Colusa,011,21464,0,0,0,0,0
2020-02-22,Contra Costa,013,1133247,5,0,0,0,0
2020-02-22,Del Norte,015,27424,0,0,0,0,0
2020-02-22,El Dorado,017,186661,0,0,0,0,0
2020-02-22,Fresno,019,978130,0,0,0,0,0
2020-02-22,Glenn,021,27897,0,0,0,0,0
2020-02-22,Humboldt,023,135768,1,1,0,1,0
2020-02-22,Imperial,025,180216,2,0,0,0,0
2020-02-22,Inyo,027,18085,0,0,0,0,0
2020-02-22,Kern,029,883053,2,0,0,0,0
2020-02-22,Kings,031,150075,2,0,1,1,0
2020-02-22,Lake,033,64148,0,0,0,0,0
2020-02-22,Lassen,035,31185,0,0,0,0,0
2020-02-22,Los Angeles,037,10098052,56,1,10,11,0
2020-02-22,Madera,039,155013,0,0,0,0,0
2020-02-22,Marin,041,260295,1,0,0,0,0
2020-02-22,Mariposa,043,17540,0,0,0,0,0
2020-02-22,Mendocino,045,87422,0,0,0,0,0
2020-02-22,Merced,047,269075,0,0,0,0,0
2020-02-22,Modoc,049,8938,0,0,0,0,0
2020-02-22,Mono,051,14174,0,0,0,0,0
2020-02-22,Monterey,053,433212,0,0,0,0,0
2020-02-22,Napa,055,140530,0,0,0,0,0
2020-02-22,Nevada,057,99092,0,0,1,1,0
2020-02-22,Orange,059,3164182,45,1,0,1,0
2020-02-22,Placer,061,380077,3,0,0,0,0
2020-02-22,Plumas,063,18699,0,0,0,0,0
2020-02-22,Riverside,065,2383286,9,0,0,0,0
2020-02-22,Sacramento,067,1510023,6,1,0,1,0
2020-02-22,San Benito,069,59416,0,2,0,2,0
2020-02-22,San Bernardino,071,2135413,16,0,0,0,0
2020-02-22,San Diego,073,3302833,5,2,0,2,0
2020-02-22,San Francisco,075,870044,3,0,0,0,0
2020-02-22,San Joaquin,077,732212,4,0,1,1,0
2020-02-22,San Luis Obispo,079,281455,2,0,0,0,0
2020-02-22,San Mateo,081,765935,8,0,0,0,0
2020-02-22,Santa Barbara,083,443738,0,0,0,0,0
2020-02-22,Santa Clara,085,1922200,23,2,1,3,0
2020-02-22,Santa Cruz,087,273765,2,0,0,0,0
2020-02-22,Shasta,089,179085,0,0,0,0,0
2020-02-22,Sierra,091,2930,0,0,0,0,0
2020-02-22,Siskiyou,093,43540,0,0,0,0,0
2020-02-22,Solano,095,438530,11,11,0,11,0
2020-02-22,Sonoma,097,501317,4,0,0,0,0
2020-02-22,Stanislaus,099,539301,2,0,2,2,0
2020-02-22,Sutter,101,95872,0,0,0,0,0
2020-02-22,Tehama,103,63373,0,0,0,0,0
2020-02-22,Trinity,105,12862,0,0,0,0,0
2020-02-22,Tulare,107,460477,2,0,0,0,0
2020-02-22,Tuolumne,109,53932,0,0,0,0,0
2020-02-22,Ventura,111,848112,4,0,0,0,0
2020-02-22,Yolo,113,214977,1,0,0,0,0
2020-02-22,Yuba,115,75493,0,0,0,0,0
2020-02-21,Alameda,001,1643700,9,0,0,0,0
2020-02-21,Alpine,003,1148,0,0,0,0,0
2020-02-21,Amador,005,37829,0,0,0,0,0
2020-02-21,Butte,007,227075,0,0,0,0,0
2020-02-21,Calaveras,009,45235,0,0,0,0,0
2020-02-21,Colusa,011,21464,0,0,0,0,0
2020-02-21,Contra Costa,013,1133247,4,0,0,0,0
2020-02-21,Del Norte,015,27424,0,0,0,0,0
2020-02-21,El Dorado,017,186661,0,0,0,0,0
2020-02-21,Fresno,019,978130,0,0,0,0,0
2020-02-21,Glenn,021,27897,0,0,0,0,0
2020-02-21,Humboldt,023,135768,1,1,0,1,0
2020-02-21,Imperial,025,180216,2,0,0,0,0
2020-02-21,Inyo,027,18085,0,0,0,0,0
2020-02-21,Kern,029,883053,2,0,0,0,0
2020-02-21,Kings,031,150075,2,0,1,1,0
2020-02-21,Lake,033,64148,0,0,0,0,0
2020-02-21,Lassen,035,31185,0,0,0,0,0
2020-02-21,Los Angeles,037,10098052,52,1,10,11,0
2020-02-21,Madera,039,155013,0,0,0,0,0
2020-02-21,Marin,041,260295,1,0,0,0,0
2020-02-21,Mariposa,043,17540,0,0,0,0,0
2020-02-21,Mendocino,045,87422,0,0,0,0,0
2020-02-21,Merced,047,269075,0,0,0,0,0
2020-02-21,Modoc,049,8938,0,0,0,0,0
2020-02-21,Mono,051,14174,0,0,0,0,0
2020-02-21,Monterey,053,433212,0,0,0,0,0
2020-02-21,Napa,055,140530,0,0,0,0,0
2020-02-21,Nevada,057,99092,0,0,1,1,0
2020-02-21,Orange,059,3164182,43,1,0,1,0
2020-02-21,Placer,061,380077,2,0,0,0,0
2020-02-21,Plumas,063,18699,0,0,0,0,0
2020-02-21,Riverside,065,2383286,9,0,0,0,0
2020-02-21,Sacramento,067,1510023,5,1,0,1,0
2020-02-21,San Benito,069,59416,0,2,0,2,0
2020-02-21,San Bernardino,071,2135413,15,0,0,0,0
2020-02-21,San Diego,073,3302833,5,2,0,2,0
2020-02-21,San Francisco,075,870044,3,0,0,0,0
2020-02-21,San Joaquin,077,732212,2,0,1,1,0
2020-02-21,San Luis Obispo,079,281455,2,0,0,0,0
2020-02-21,San Mateo,081,765935,8,0,0,0,0
2020-02-21,Santa Barbara,083,443738,0,0,0,0,0
2020-02-21,Santa Clara,085,1922200,21,2,1,3,0
2020-02-21,Santa Cruz,087,273765,2,0,0,0,0
2020-02-21,Shasta,089,179085,0,0,0,0,0
2020-02-21,Sierra,091,2930,0,0,0,0,0
2020-02-21,Siskiyou,093,43540,0,0,0,0,0
2020-02-21,Solano,095,438530,10,11,0,11,0
2020-02-21,Sonoma,097,501317,3,0,0,0,0
2020-02-21,Stanislaus,099,539301,2,0,2,2,0
2020-02-21,Sutter,101,95872,0,0,0,0,0
2020-02-21,Tehama,103,63373,0,0,0,0,0
2020-02-21,Trinity,105,12862,0,0,0,0,0
2020-02-21,Tulare,107,460477,2,0,0,0,0
2020-02-21,Tuolumne,109,53932,0,0,0,0,0
2020-02-21,Ventura,111,848112,4,0,0,0,0
2020-02-21,Yolo,113,214977,1,0,0,0,0
2020-02-21,Yuba,115,75493,0,0,0,0,0
2020-02-20,Alameda,001,1643700,7,0,0,0,0
2020-02-20,Alpine,003,1148,0,0,0,0,0
2020-02-20,Amador,005,37829,0,0,0,0,0
2020-02-20,Butte,007,227075,0,0,0,0,0
2020-02-20,Calaveras,009,45235,0,0,0,0,0
2020-02-20,Colusa,011,21464,0,0,0,0,0
2020-02-20,Contra Costa,013,1133247,3,0,0,0,0
2020-02-20,Del Norte,015,27424,0,0,0,0,0
2020-02-20,El Dorado,017,186661,0,0,0,0,0
2020-02-20,Fresno,019,978130,0,0,0,0,0
2020-02-20,Glenn,021,27897,0,0,0,0,0
2020-02-20,Humboldt,023,135768,1,1,0,1,0
2020-02-20,Imperial,025,180216,2,0,0,0,0
2020-02-20,Inyo,027,18085,0,0,0,0,0
2020-02-20,Kern,029,883053,2,0,0,0,0
2020-02-20,Kings,031,150075,2,0,1,1,0
2020-02-20,Lake,033,64148,0,0,0,0,0
2020-02-20,Lassen,035,31185,0,0,0,0,0
2020-02-20,Los Angeles,037,10098052,51,1,9,10,0
2020-02-20,Madera,039,155013,0,0,0,0,0
2020-02-20,Marin,041,260295,0,0,0,0,0
2020-02-20,Mariposa,043,17540,0,0,0,0,0
2020-02-20,Mendocino,045,87422,0,0,0,0,0
2020-02-20,Merced,047,269075,0,0,0,0,0
2020-02-20,Modoc,049,8938,0,0,0,0,0
2020-02-20,Mono,051,14174,0,0,0,0,0
2020-02-20,Monterey,053,433212,0,0,0,0,0
2020-02-20,Napa,055,140530,0,0,0,0,0
2020-02-20,Nevada,057,99092,0,0,1,1,0
2020-02-20,Orange,059,3164182,43,1,0,1,0
2020-02-20,Placer,061,380077,2,0,0,0,0
2020-02-20,Plumas,063,18699,0,0,0,0,0
2020-02-20,Riverside,065,2383286,7,0,0,0,0
2020-02-20,Sacramento,067,1510023,2,1,0,1,0
2020-02-20,San Benito,069,59416,0,2,0,2,0
2020-02-20,San Bernardino,071,2135413,14,0,0,0,0
2020-02-20,San Diego,073,3302833,5,2,0,2,0
2020-02-20,San Francisco,075,870044,3,0,0,0,0
2020-02-20,San Joaquin,077,732212,2,0,1,1,0
2020-02-20,San Luis Obispo,079,281455,2,0,0,0,0
2020-02-20,San Mateo,081,765935,7,0,0,0,0
2020-02-20,Santa Barbara,083,443738,0,0,0,0,0
2020-02-20,Santa Clara,085,1922200,17,2,1,3,0
2020-02-20,Santa Cruz,087,273765,2,0,0,0,0
2020-02-20,Shasta,089,179085,0,0,0,0,0
2020-02-20,Sierra,091,2930,0,0,0,0,0
2020-02-20,Siskiyou,093,43540,0,0,0,0,0
2020-02-20,Solano,095,438530,8,7,0,7,0
2020-02-20,Sonoma,097,501317,2,0,0,0,0
2020-02-20,Stanislaus,099,539301,2,0,2,2,0
2020-02-20,Sutter,101,95872,0,0,0,0,0
2020-02-20,Tehama,103,63373,0,0,0,0,0
2020-02-20,Trinity,105,12862,0,0,0,0,0
2020-02-20,Tulare,107,460477,2,0,0,0,0
2020-02-20,Tuolumne,109,53932,0,0,0,0,0
2020-02-20,Ventura,111,848112,4,0,0,0,0
2020-02-20,Yolo,113,214977,1,0,0,0,0
2020-02-20,Yuba,115,75493,0,0,0,0,0
2020-02-19,Alameda,001,1643700,6,0,0,0,0
2020-02-19,Alpine,003,1148,0,0,0,0,0
2020-02-19,Amador,005,37829,0,0,0,0,0
2020-02-19,Butte,007,227075,0,0,0,0,0
2020-02-19,Calaveras,009,45235,0,0,0,0,0
2020-02-19,Colusa,011,21464,0,0,0,0,0
2020-02-19,Contra Costa,013,1133247,3,0,0,0,0
2020-02-19,Del Norte,015,27424,0,0,0,0,0
2020-02-19,El Dorado,017,186661,0,0,0,0,0
2020-02-19,Fresno,019,978130,0,0,0,0,0
2020-02-19,Glenn,021,27897,0,0,0,0,0
2020-02-19,Humboldt,023,135768,1,0,0,0,0
2020-02-19,Imperial,025,180216,2,0,0,0,0
2020-02-19,Inyo,027,18085,0,0,0,0,0
2020-02-19,Kern,029,883053,2,0,0,0,0
2020-02-19,Kings,031,150075,2,0,1,1,0
2020-02-19,Lake,033,64148,0,0,0,0,0
2020-02-19,Lassen,035,31185,0,0,0,0,0
2020-02-19,Los Angeles,037,10098052,48,1,9,10,0
2020-02-19,Madera,039,155013,0,0,0,0,0
2020-02-19,Marin,041,260295,0,0,0,0,0
2020-02-19,Mariposa,043,17540,0,0,0,0,0
2020-02-19,Mendocino,045,87422,0,0,0,0,0
2020-02-19,Merced,047,269075,0,0,0,0,0
2020-02-19,Modoc,049,8938,0,0,0,0,0
2020-02-19,Mono,051,14174,0,0,0,0,0
2020-02-19,Monterey,053,433212,0,0,0,0,0
2020-02-19,Napa,055,140530,0,0,0,0,0
2020-02-19,Nevada,057,99092,0,0,1,1,0
2020-02-19,Orange,059,3164182,42,1,0,1,0
2020-02-19,Placer,061,380077,2,0,0,0,0
2020-02-19,Plumas,063,18699,0,0,0,0,0
2020-02-19,Riverside,065,2383286,5,0,0,0,0
2020-02-19,Sacramento,067,1510023,2,0,0,0,0
2020-02-19,San Benito,069,59416,0,2,0,2,0
2020-02-19,San Bernardino,071,2135413,13,0,0,0,0
2020-02-19,San Diego,073,3302833,4,2,0,2,0
2020-02-19,San Francisco,075,870044,2,0,0,0,0
2020-02-19,San Joaquin,077,732212,2,0,1,1,0
2020-02-19,San Luis Obispo,079,281455,2,0,0,0,0
2020-02-19,San Mateo,081,765935,6,0,0,0,0
2020-02-19,Santa Barbara,083,443738,0,0,0,0,0
2020-02-19,Santa Clara,085,1922200,15,2,1,3,0
2020-02-19,Santa Cruz,087,273765,0,0,0,0,0
2020-02-19,Shasta,089,179085,0,0,0,0,0
2020-02-19,Sierra,091,2930,0,0,0,0,0
2020-02-19,Siskiyou,093,43540,0,0,0,0,0
2020-02-19,Solano,095,438530,5,7,0,7,0
2020-02-19,Sonoma,097,501317,2,0,0,0,0
2020-02-19,Stanislaus,099,539301,1,0,2,2,0
2020-02-19,Sutter,101,95872,0,0,0,0,0
2020-02-19,Tehama,103,63373,0,0,0,0,0
2020-02-19,Trinity,105,12862,0,0,0,0,0
2020-02-19,Tulare,107,460477,2,0,0,0,0
2020-02-19,Tuolumne,109,53932,0,0,0,0,0
2020-02-19,Ventura,111,848112,2,0,0,0,0
2020-02-19,Yolo,113,214977,1,0,0,0,0
2020-02-19,Yuba,115,75493,0,0,0,0,0
2020-02-18,Alameda,001,1643700,6,0,0,0,0
2020-02-18,Alpine,003,1148,0,0,0,0,0
2020-02-18,Amador,005,37829,0,0,0,0,0
2020-02-18,Butte,007,227075,0,0,0,0,0
2020-02-18,Calaveras,009,45235,0,0,0,0,0
2020-02-18,Colusa,011,21464,0,0,0,0,0
2020-02-18,Contra Costa,013,1133247,3,0,0,0,0
2020-02-18,Del Norte,015,27424,0,0,0,0,0
2020-02-18,El Dorado,017,186661,0,0,0,0,0
2020-02-18,Fresno,019,978130,0,0,0,0,0
2020-02-18,Glenn,021,27897,0,0,0,0,0
2020-02-18,Humboldt,023,135768,1,0,0,0,0
2020-02-18,Imperial,025,180216,1,0,0,0,0
2020-02-18,Inyo,027,18085,0,0,0,0,0
2020-02-18,Kern,029,883053,2,0,0,0,0
2020-02-18,Kings,031,150075,2,0,1,1,0
2020-02-18,Lake,033,64148,0,0,0,0,0
2020-02-18,Lassen,035,31185,0,0,0,0,0
2020-02-18,Los Angeles,037,10098052,45,1,8,9,0
2020-02-18,Madera,039,155013,0,0,0,0,0
2020-02-18,Marin,041,260295,0,0,0,0,0
2020-02-18,Mariposa,043,17540,0,0,0,0,0
2020-02-18,Mendocino,045,87422,0,0,0,0,0
2020-02-18,Merced,047,269075,0,0,0,0,0
2020-02-18,Modoc,049,8938,0,0,0,0,0
2020-02-18,Mono,051,14174,0,0,0,0,0
2020-02-18,Monterey,053,433212,0,0,0,0,0
2020-02-18,Napa,055,140530,0,0,0,0,0
2020-02-18,Nevada,057,99092,0,0,1,1,0
2020-02-18,Orange,059,3164182,41,1,0,1,0
2020-02-18,Placer,061,380077,0,0,0,0,0
2020-02-18,Plumas,063,18699,0,0,0,0,0
2020-02-18,Riverside,065,2383286,5,0,0,0,0
2020-02-18,Sacramento,067,1510023,2,0,0,0,0
2020-02-18,San Benito,069,59416,0,2,0,2,0
2020-02-18,San Bernardino,071,2135413,13,0,0,0,0
2020-02-18,San Diego,073,3302833,4,2,0,2,0
2020-02-18,San Francisco,075,870044,2,0,0,0,0
2020-02-18,San Joaquin,077,732212,1,0,1,1,0
2020-02-18,San Luis Obispo,079,281455,2,0,0,0,0
2020-02-18,San Mateo,081,765935,5,0,0,0,0
2020-02-18,Santa Barbara,083,443738,0,0,0,0,0
2020-02-18,Santa Clara,085,1922200,14,2,1,3,0
2020-02-18,Santa Cruz,087,273765,0,0,0,0,0
2020-02-18,Shasta,089,179085,0,0,0,0,0
2020-02-18,Sierra,091,2930,0,0,0,0,0
2020-02-18,Siskiyou,093,43540,0,0,0,0,0
2020-02-18,Solano,095,438530,5,7,0,7,0
2020-02-18,Sonoma,097,501317,1,0,0,0,0
2020-02-18,Stanislaus,099,539301,1,0,2,2,0
2020-02-18,Sutter,101,95872,0,0,0,0,0
2020-02-18,Tehama,103,63373,0,0,0,0,0
2020-02-18,Trinity,105,12862,0,0,0,0,0
2020-02-18,Tulare,107,460477,2,0,0,0,0
2020-02-18,Tuolumne,109,53932,0,0,0,0,0
2020-02-18,Ventura,111,848112,2,0,0,0,0
2020-02-18,Yolo,113,214977,1,0,0,0,0
2020-02-18,Yuba,115,75493,0,0,0,0,0
2020-02-17,Alameda,001,1643700,6,0,0,0,0
2020-02-17,Alpine,003,1148,0,0,0,0,0
2020-02-17,Amador,005,37829,0,0,0,0,0
2020-02-17,Butte,007,227075,0,0,0,0,0
2020-02-17,Calaveras,009,45235,0,0,0,0,0
2020-02-17,Colusa,011,21464,0,0,0,0,0
2020-02-17,Contra Costa,013,1133247,3,0,0,0,0
2020-02-17,Del Norte,015,27424,0,0,0,0,0
2020-02-17,El Dorado,017,186661,0,0,0,0,0
2020-02-17,Fresno,019,978130,0,0,0,0,0
2020-02-17,Glenn,021,27897,0,0,0,0,0
2020-02-17,Humboldt,023,135768,1,0,0,0,0
2020-02-17,Imperial,025,180216,1,0,0,0,0
2020-02-17,Inyo,027,18085,0,0,0,0,0
2020-02-17,Kern,029,883053,2,0,0,0,0
2020-02-17,Kings,031,150075,2,0,0,0,0
2020-02-17,Lake,033,64148,0,0,0,0,0
2020-02-17,Lassen,035,31185,0,0,0,0,0
2020-02-17,Los Angeles,037,10098052,42,1,7,8,0
2020-02-17,Madera,039,155013,0,0,0,0,0
2020-02-17,Marin,041,260295,0,0,0,0,0
2020-02-17,Mariposa,043,17540,0,0,0,0,0
2020-02-17,Mendocino,045,87422,0,0,0,0,0
2020-02-17,Merced,047,269075,0,0,0,0,0
2020-02-17,Modoc,049,8938,0,0,0,0,0
2020-02-17,Mono,051,14174,0,0,0,0,0
2020-02-17,Monterey,053,433212,0,0,0,0,0
2020-02-17,Napa,055,140530,0,0,0,0,0
2020-02-17,Nevada,057,99092,0,0,1,1,0
2020-02-17,Orange,059,3164182,41,1,0,1,0
2020-02-17,Placer,061,380077,0,0,0,0,0
2020-02-17,Plumas,063,18699,0,0,0,0,0
2020-02-17,Riverside,065,2383286,5,0,0,0,0
2020-02-17,Sacramento,067,1510023,2,0,0,0,0
2020-02-17,San Benito,069,59416,0,2,0,2,0
2020-02-17,San Bernardino,071,2135413,11,0,0,0,0
2020-02-17,San Diego,073,3302833,4,2,0,2,0
2020-02-17,San Francisco,075,870044,2,0,0,0,0
2020-02-17,San Joaquin,077,732212,1,0,1,1,0
2020-02-17,San Luis Obispo,079,281455,1,0,0,0,0
2020-02-17,San Mateo,081,765935,5,0,0,0,0
2020-02-17,Santa Barbara,083,443738,0,0,0,0,0
2020-02-17,Santa Clara,085,1922200,12,2,1,3,0
2020-02-17,Santa Cruz,087,273765,0,0,0,0,0
2020-02-17,Shasta,089,179085,0,0,0,0,0
2020-02-17,Sierra,091,2930,0,0,0,0,0
2020-02-17,Siskiyou,093,43540,0,0,0,0,0
2020-02-17,Solano,095,438530,3,5,0,5,0
2020-02-17,Sonoma,097,501317,1,0,0,0,0
2020-02-17,Stanislaus,099,539301,1,0,2,2,0
2020-02-17,Sutter,101,95872,0,0,0,0,0
2020-02-17,Tehama,103,63373,0,0,0,0,0
2020-02-17,Trinity,105,12862,0,0,0,0,0
2020-02-17,Tulare,107,460477,2,0,0,0,0
2020-02-17,Tuolumne,109,53932,0,0,0,0,0
2020-02-17,Ventura,111,848112,2,0,0,0,0
2020-02-17,Yolo,113,214977,1,0,0,0,0
2020-02-17,Yuba,115,75493,0,0,0,0,0
2020-02-16,Alameda,001,1643700,5,0,0,0,0
2020-02-16,Alpine,003,1148,0,0,0,0,0
2020-02-16,Amador,005,37829,0,0,0,0,0
2020-02-16,Butte,007,227075,0,0,0,0,0
2020-02-16,Calaveras,009,45235,0,0,0,0,0
2020-02-16,Colusa,011,21464,0,0,0,0,0
2020-02-16,Contra Costa,013,1133247,3,0,0,0,0
2020-02-16,Del Norte,015,27424,0,0,0,0,0
2020-02-16,El Dorado,017,186661,0,0,0,0,0
2020-02-16,Fresno,019,978130,0,0,0,0,0
2020-02-16,Glenn,021,27897,0,0,0,0,0
2020-02-16,Humboldt,023,135768,1,0,0,0,0
2020-02-16,Imperial,025,180216,1,0,0,0,0
2020-02-16,Inyo,027,18085,0,0,0,0,0
2020-02-16,Kern,029,883053,2,0,0,0,0
2020-02-16,Kings,031,150075,2,0,0,0,0
2020-02-16,Lake,033,64148,0,0,0,0,0
2020-02-16,Lassen,035,31185,0,0,0,0,0
2020-02-16,Los Angeles,037,10098052,36,1,7,8,0
2020-02-16,Madera,039,155013,0,0,0,0,0
2020-02-16,Marin,041,260295,0,0,0,0,0
2020-02-16,Mariposa,043,17540,0,0,0,0,0
2020-02-16,Mendocino,045,87422,0,0,0,0,0
2020-02-16,Merced,047,269075,0,0,0,0,0
2020-02-16,Modoc,049,8938,0,0,0,0,0
2020-02-16,Mono,051,14174,0,0,0,0,0
2020-02-16,Monterey,053,433212,0,0,0,0,0
2020-02-16,Napa,055,140530,0,0,0,0,0
2020-02-16,Nevada,057,99092,0,0,0,0,0
2020-02-16,Orange,059,3164182,40,1,0,1,0
2020-02-16,Placer,061,380077,0,0,0,0,0
2020-02-16,Plumas,063,18699,0,0,0,0,0
2020-02-16,Riverside,065,2383286,5,0,0,0,0
2020-02-16,Sacramento,067,1510023,2,0,0,0,0
2020-02-16,San Benito,069,59416,0,2,0,2,0
2020-02-16,San Bernardino,071,2135413,10,0,0,0,0
2020-02-16,San Diego,073,3302833,4,2,0,2,0
2020-02-16,San Francisco,075,870044,2,0,0,0,0
2020-02-16,San Joaquin,077,732212,1,0,1,1,0
2020-02-16,San Luis Obispo,079,281455,1,0,0,0,0
2020-02-16,San Mateo,081,765935,4,0,0,0,0
2020-02-16,Santa Barbara,083,443738,0,0,0,0,0
2020-02-16,Santa Clara,085,1922200,10,2,1,3,0
2020-02-16,Santa Cruz,087,273765,0,0,0,0,0
2020-02-16,Shasta,089,179085,0,0,0,0,0
2020-02-16,Sierra,091,2930,0,0,0,0,0
2020-02-16,Siskiyou,093,43540,0,0,0,0,0
2020-02-16,Solano,095,438530,1,0,0,0,0
2020-02-16,Sonoma,097,501317,1,0,0,0,0
2020-02-16,Stanislaus,099,539301,1,0,2,2,0
2020-02-16,Sutter,101,95872,0,0,0,0,0
2020-02-16,Tehama,103,63373,0,0,0,0,0
2020-02-16,Trinity,105,12862,0,0,0,0,0
2020-02-16,Tulare,107,460477,2,0,0,0,0
2020-02-16,Tuolumne,109,53932,0,0,0,0,0
2020-02-16,Ventura,111,848112,2,0,0,0,0
2020-02-16,Yolo,113,214977,1,0,0,0,0
2020-02-16,Yuba,115,75493,0,0,0,0,0
2020-02-15,Alameda,001,1643700,5,0,0,0,0
2020-02-15,Alpine,003,1148,0,0,0,0,0
2020-02-15,Amador,005,37829,0,0,0,0,0
2020-02-15,Butte,007,227075,0,0,0,0,0
2020-02-15,Calaveras,009,45235,0,0,0,0,0
2020-02-15,Colusa,011,21464,0,0,0,0,0
2020-02-15,Contra Costa,013,1133247,3,0,0,0,0
2020-02-15,Del Norte,015,27424,0,0,0,0,0
2020-02-15,El Dorado,017,186661,0,0,0,0,0
2020-02-15,Fresno,019,978130,0,0,0,0,0
2020-02-15,Glenn,021,27897,0,0,0,0,0
2020-02-15,Humboldt,023,135768,1,0,0,0,0
2020-02-15,Imperial,025,180216,1,0,0,0,0
2020-02-15,Inyo,027,18085,0,0,0,0,0
2020-02-15,Kern,029,883053,2,0,0,0,0
2020-02-15,Kings,031,150075,2,0,0,0,0
2020-02-15,Lake,033,64148,0,0,0,0,0
2020-02-15,Lassen,035,31185,0,0,0,0,0
2020-02-15,Los Angeles,037,10098052,33,1,7,8,0
2020-02-15,Madera,039,155013,0,0,0,0,0
2020-02-15,Marin,041,260295,0,0,0,0,0
2020-02-15,Mariposa,043,17540,0,0,0,0,0
2020-02-15,Mendocino,045,87422,0,0,0,0,0
2020-02-15,Merced,047,269075,0,0,0,0,0
2020-02-15,Modoc,049,8938,0,0,0,0,0
2020-02-15,Mono,051,14174,0,0,0,0,0
2020-02-15,Monterey,053,433212,0,0,0,0,0
2020-02-15,Napa,055,140530,0,0,0,0,0
2020-02-15,Nevada,057,99092,0,0,0,0,0
2020-02-15,Orange,059,3164182,39,1,0,1,0
2020-02-15,Placer,061,380077,0,0,0,0,0
2020-02-15,Plumas,063,18699,0,0,0,0,0
2020-02-15,Riverside,065,2383286,4,0,0,0,0
2020-02-15,Sacramento,067,1510023,2,0,0,0,0
2020-02-15,San Benito,069,59416,0,2,0,2,0
2020-02-15,San Bernardino,071,2135413,9,0,0,0,0
2020-02-15,San Diego,073,3302833,4,2,0,2,0
2020-02-15,San Francisco,075,870044,2,0,0,0,0
2020-02-15,San Joaquin,077,732212,1,0,1,1,0
2020-02-15,San Luis Obispo,079,281455,1,0,0,0,0
2020-02-15,San Mateo,081,765935,4,0,0,0,0
2020-02-15,Santa Barbara,083,443738,0,0,0,0,0
2020-02-15,Santa Clara,085,1922200,10,2,1,3,0
2020-02-15,Santa Cruz,087,273765,0,0,0,0,0
2020-02-15,Shasta,089,179085,0,0,0,0,0
2020-02-15,Sierra,091,2930,0,0,0,0,0
2020-02-15,Siskiyou,093,43540,0,0,0,0,0
2020-02-15,Solano,095,438530,1,0,0,0,0
2020-02-15,Sonoma,097,501317,0,0,0,0,0
2020-02-15,Stanislaus,099,539301,1,0,2,2,0
2020-02-15,Sutter,101,95872,0,0,0,0,0
2020-02-15,Tehama,103,63373,0,0,0,0,0
2020-02-15,Trinity,105,12862,0,0,0,0,0
2020-02-15,Tulare,107,460477,2,0,0,0,0
2020-02-15,Tuolumne,109,53932,0,0,0,0,0
2020-02-15,Ventura,111,848112,2,0,0,0,0
2020-02-15,Yolo,113,214977,1,0,0,0,0
2020-02-15,Yuba,115,75493,0,0,0,0,0
2020-02-14,Alameda,001,1643700,4,0,0,0,0
2020-02-14,Alpine,003,1148,0,0,0,0,0
2020-02-14,Amador,005,37829,0,0,0,0,0
2020-02-14,Butte,007,227075,0,0,0,0,0
2020-02-14,Calaveras,009,45235,0,0,0,0,0
2020-02-14,Colusa,011,21464,0,0,0,0,0
2020-02-14,Contra Costa,013,1133247,3,0,0,0,0
2020-02-14,Del Norte,015,27424,0,0,0,0,0
2020-02-14,El Dorado,017,186661,0,0,0,0,0
2020-02-14,Fresno,019,978130,0,0,0,0,0
2020-02-14,Glenn,021,27897,0,0,0,0,0
2020-02-14,Humboldt,023,135768,1,0,0,0,0
2020-02-14,Imperial,025,180216,1,0,0,0,0
2020-02-14,Inyo,027,18085,0,0,0,0,0
2020-02-14,Kern,029,883053,2,0,0,0,0
2020-02-14,Kings,031,150075,1,0,0,0,0
2020-02-14,Lake,033,64148,0,0,0,0,0
2020-02-14,Lassen,035,31185,0,0,0,0,0
2020-02-14,Los Angeles,037,10098052,28,1,7,8,0
2020-02-14,Madera,039,155013,0,0,0,0,0
2020-02-14,Marin,041,260295,0,0,0,0,0
2020-02-14,Mariposa,043,17540,0,0,0,0,0
2020-02-14,Mendocino,045,87422,0,0,0,0,0
2020-02-14,Merced,047,269075,0,0,0,0,0
2020-02-14,Modoc,049,8938,0,0,0,0,0
2020-02-14,Mono,051,14174,0,0,0,0,0
2020-02-14,Monterey,053,433212,0,0,0,0,0
2020-02-14,Napa,055,140530,0,0,0,0,0
2020-02-14,Nevada,057,99092,0,0,0,0,0
2020-02-14,Orange,059,3164182,39,1,0,1,0
2020-02-14,Placer,061,380077,0,0,0,0,0
2020-02-14,Plumas,063,18699,0,0,0,0,0
2020-02-14,Riverside,065,2383286,4,0,0,0,0
2020-02-14,Sacramento,067,1510023,1,0,0,0,0
2020-02-14,San Benito,069,59416,0,2,0,2,0
2020-02-14,San Bernardino,071,2135413,9,0,0,0,0
2020-02-14,San Diego,073,3302833,3,2,0,2,0
2020-02-14,San Francisco,075,870044,2,0,0,0,0
2020-02-14,San Joaquin,077,732212,1,0,1,1,0
2020-02-14,San Luis Obispo,079,281455,0,0,0,0,0
2020-02-14,San Mateo,081,765935,3,0,0,0,0
2020-02-14,Santa Barbara,083,443738,0,0,0,0,0
2020-02-14,Santa Clara,085,1922200,8,2,1,3,0
2020-02-14,Santa Cruz,087,273765,0,0,0,0,0
2020-02-14,Shasta,089,179085,0,0,0,0,0
2020-02-14,Sierra,091,2930,0,0,0,0,0
2020-02-14,Siskiyou,093,43540,0,0,0,0,0
2020-02-14,Solano,095,438530,1,0,0,0,0
2020-02-14,Sonoma,097,501317,0,0,0,0,0
2020-02-14,Stanislaus,099,539301,1,0,2,2,0
2020-02-14,Sutter,101,95872,0,0,0,0,0
2020-02-14,Tehama,103,63373,0,0,0,0,0
2020-02-14,Trinity,105,12862,0,0,0,0,0
2020-02-14,Tulare,107,460477,2,0,0,0,0
2020-02-14,Tuolumne,109,53932,0,0,0,0,0
2020-02-14,Ventura,111,848112,2,0,0,0,0
2020-02-14,Yolo,113,214977,1,0,0,0,0
2020-02-14,Yuba,115,75493,0,0,0,0,0
2020-02-13,Alameda,001,1643700,4,0,0,0,0
2020-02-13,Alpine,003,1148,0,0,0,0,0
2020-02-13,Amador,005,37829,0,0,0,0,0
2020-02-13,Butte,007,227075,0,0,0,0,0
2020-02-13,Calaveras,009,45235,0,0,0,0,0
2020-02-13,Colusa,011,21464,0,0,0,0,0
2020-02-13,Contra Costa,013,1133247,3,0,0,0,0
2020-02-13,Del Norte,015,27424,0,0,0,0,0
2020-02-13,El Dorado,017,186661,0,0,0,0,0
2020-02-13,Fresno,019,978130,0,0,0,0,0
2020-02-13,Glenn,021,27897,0,0,0,0,0
2020-02-13,Humboldt,023,135768,1,0,0,0,0
2020-02-13,Imperial,025,180216,1,0,0,0,0
2020-02-13,Inyo,027,18085,0,0,0,0,0
2020-02-13,Kern,029,883053,2,0,0,0,0
2020-02-13,Kings,031,150075,1,0,0,0,0
2020-02-13,Lake,033,64148,0,0,0,0,0
2020-02-13,Lassen,035,31185,0,0,0,0,0
2020-02-13,Los Angeles,037,10098052,24,1,6,7,0
2020-02-13,Madera,039,155013,0,0,0,0,0
2020-02-13,Marin,041,260295,0,0,0,0,0
2020-02-13,Mariposa,043,17540,0,0,0,0,0
2020-02-13,Mendocino,045,87422,0,0,0,0,0
2020-02-13,Merced,047,269075,0,0,0,0,0
2020-02-13,Modoc,049,8938,0,0,0,0,0
2020-02-13,Mono,051,14174,0,0,0,0,0
2020-02-13,Monterey,053,433212,0,0,0,0,0
2020-02-13,Napa,055,140530,0,0,0,0,0
2020-02-13,Nevada,057,99092,0,0,0,0,0
2020-02-13,Orange,059,3164182,38,1,0,1,0
2020-02-13,Placer,061,380077,0,0,0,0,0
2020-02-13,Plumas,063,18699,0,0,0,0,0
2020-02-13,Riverside,065,2383286,4,0,0,0,0
2020-02-13,Sacramento,067,1510023,1,0,0,0,0
2020-02-13,San Benito,069,59416,0,2,0,2,0
2020-02-13,San Bernardino,071,2135413,8,0,0,0,0
2020-02-13,San Diego,073,3302833,2,2,0,2,0
2020-02-13,San Francisco,075,870044,2,0,0,0,0
2020-02-13,San Joaquin,077,732212,1,0,1,1,0
2020-02-13,San Luis Obispo,079,281455,0,0,0,0,0
2020-02-13,San Mateo,081,765935,2,0,0,0,0
2020-02-13,Santa Barbara,083,443738,0,0,0,0,0
2020-02-13,Santa Clara,085,1922200,7,2,0,2,0
2020-02-13,Santa Cruz,087,273765,0,0,0,0,0
2020-02-13,Shasta,089,179085,0,0,0,0,0
2020-02-13,Sierra,091,2930,0,0,0,0,0
2020-02-13,Siskiyou,093,43540,0,0,0,0,0
2020-02-13,Solano,095,438530,0,0,0,0,0
2020-02-13,Sonoma,097,501317,0,0,0,0,0
2020-02-13,Stanislaus,099,539301,1,0,1,1,0
2020-02-13,Sutter,101,95872,0,0,0,0,0
2020-02-13,Tehama,103,63373,0,0,0,0,0
2020-02-13,Trinity,105,12862,0,0,0,0,0
2020-02-13,Tulare,107,460477,2,0,0,0,0
2020-02-13,Tuolumne,109,53932,0,0,0,0,0
2020-02-13,Ventura,111,848112,2,0,0,0,0
2020-02-13,Yolo,113,214977,1,0,0,0,0
2020-02-13,Yuba,115,75493,0,0,0,0,0
2020-02-12,Alameda,001,1643700,4,0,0,0,0
2020-02-12,Alpine,003,1148,0,0,0,0,0
2020-02-12,Amador,005,37829,0,0,0,0,0
2020-02-12,Butte,007,227075,0,0,0,0,0
2020-02-12,Calaveras,009,45235,0,0,0,0,0
2020-02-12,Colusa,011,21464,0,0,0,0,0
2020-02-12,Contra Costa,013,1133247,3,0,0,0,0
2020-02-12,Del Norte,015,27424,0,0,0,0,0
2020-02-12,El Dorado,017,186661,0,0,0,0,0
2020-02-12,Fresno,019,978130,0,0,0,0,0
2020-02-12,Glenn,021,27897,0,0,0,0,0
2020-02-12,Humboldt,023,135768,1,0,0,0,0
2020-02-12,Imperial,025,180216,1,0,0,0,0
2020-02-12,Inyo,027,18085,0,0,0,0,0
2020-02-12,Kern,029,883053,2,0,0,0,0
2020-02-12,Kings,031,150075,1,0,0,0,0
2020-02-12,Lake,033,64148,0,0,0,0,0
2020-02-12,Lassen,035,31185,0,0,0,0,0
2020-02-12,Los Angeles,037,10098052,23,1,6,7,0
2020-02-12,Madera,039,155013,0,0,0,0,0
2020-02-12,Marin,041,260295,0,0,0,0,0
2020-02-12,Mariposa,043,17540,0,0,0,0,0
2020-02-12,Mendocino,045,87422,0,0,0,0,0
2020-02-12,Merced,047,269075,0,0,0,0,0
2020-02-12,Modoc,049,8938,0,0,0,0,0
2020-02-12,Mono,051,14174,0,0,0,0,0
2020-02-12,Monterey,053,433212,0,0,0,0,0
2020-02-12,Napa,055,140530,0,0,0,0,0
2020-02-12,Nevada,057,99092,0,0,0,0,0
2020-02-12,Orange,059,3164182,38,1,0,1,0
2020-02-12,Placer,061,380077,0,0,0,0,0
2020-02-12,Plumas,063,18699,0,0,0,0,0
2020-02-12,Riverside,065,2383286,4,0,0,0,0
2020-02-12,Sacramento,067,1510023,1,0,0,0,0
2020-02-12,San Benito,069,59416,0,2,0,2,0
2020-02-12,San Bernardino,071,2135413,8,0,0,0,0
2020-02-12,San Diego,073,3302833,2,2,0,2,0
2020-02-12,San Francisco,075,870044,2,0,0,0,0
2020-02-12,San Joaquin,077,732212,1,0,1,1,0
2020-02-12,San Luis Obispo,079,281455,0,0,0,0,0
2020-02-12,San Mateo,081,765935,2,0,0,0,0
2020-02-12,Santa Barbara,083,443738,0,0,0,0,0
2020-02-12,Santa Clara,085,1922200,6,2,0,2,0
2020-02-12,Santa Cruz,087,273765,0,0,0,0,0
2020-02-12,Shasta,089,179085,0,0,0,0,0
2020-02-12,Sierra,091,2930,0,0,0,0,0
2020-02-12,Siskiyou,093,43540,0,0,0,0,0
2020-02-12,Solano,095,438530,0,0,0,0,0
2020-02-12,Sonoma,097,501317,0,0,0,0,0
2020-02-12,Stanislaus,099,539301,1,0,1,1,0
2020-02-12,Sutter,101,95872,0,0,0,0,0
2020-02-12,Tehama,103,63373,0,0,0,0,0
2020-02-12,Trinity,105,12862,0,0,0,0,0
2020-02-12,Tulare,107,460477,2,0,0,0,0
2020-02-12,Tuolumne,109,53932,0,0,0,0,0
2020-02-12,Ventura,111,848112,2,0,0,0,0
2020-02-12,Yolo,113,214977,1,0,0,0,0
2020-02-12,Yuba,115,75493,0,0,0,0,0
2020-02-11,Alameda,001,1643700,4,0,0,0,0
2020-02-11,Alpine,003,1148,0,0,0,0,0
2020-02-11,Amador,005,37829,0,0,0,0,0
2020-02-11,Butte,007,227075,0,0,0,0,0
2020-02-11,Calaveras,009,45235,0,0,0,0,0
2020-02-11,Colusa,011,21464,0,0,0,0,0
2020-02-11,Contra Costa,013,1133247,3,0,0,0,0
2020-02-11,Del Norte,015,27424,0,0,0,0,0
2020-02-11,El Dorado,017,186661,0,0,0,0,0
2020-02-11,Fresno,019,978130,0,0,0,0,0
2020-02-11,Glenn,021,27897,0,0,0,0,0
2020-02-11,Humboldt,023,135768,1,0,0,0,0
2020-02-11,Imperial,025,180216,1,0,0,0,0
2020-02-11,Inyo,027,18085,0,0,0,0,0
2020-02-11,Kern,029,883053,2,0,0,0,0
2020-02-11,Kings,031,150075,1,0,0,0,0
2020-02-11,Lake,033,64148,0,0,0,0,0
2020-02-11,Lassen,035,31185,0,0,0,0,0
2020-02-11,Los Angeles,037,10098052,23,1,6,7,0
2020-02-11,Madera,039,155013,0,0,0,0,0
2020-02-11,Marin,041,260295,0,0,0,0,0
2020-02-11,Mariposa,043,17540,0,0,0,0,0
2020-02-11,Mendocino,045,87422,0,0,0,0,0
2020-02-11,Merced,047,269075,0,0,0,0,0
2020-02-11,Modoc,049,8938,0,0,0,0,0
2020-02-11,Mono,051,14174,0,0,0,0,0
2020-02-11,Monterey,053,433212,0,0,0,0,0
2020-02-11,Napa,055,140530,0,0,0,0,0
2020-02-11,Nevada,057,99092,0,0,0,0,0
2020-02-11,Orange,059,3164182,37,1,0,1,0
2020-02-11,Placer,061,380077,0,0,0,0,0
2020-02-11,Plumas,063,18699,0,0,0,0,0
2020-02-11,Riverside,065,2383286,4,0,0,0,0
2020-02-11,Sacramento,067,1510023,1,0,0,0,0
2020-02-11,San Benito,069,59416,0,2,0,2,0
2020-02-11,San Bernardino,071,2135413,8,0,0,0,0
2020-02-11,San Diego,073,3302833,2,1,0,1,0
2020-02-11,San Francisco,075,870044,2,0,0,0,0
2020-02-11,San Joaquin,077,732212,0,0,1,1,0
2020-02-11,San Luis Obispo,079,281455,0,0,0,0,0
2020-02-11,San Mateo,081,765935,2,0,0,0,0
2020-02-11,Santa Barbara,083,443738,0,0,0,0,0
2020-02-11,Santa Clara,085,1922200,5,2,0,2,0
2020-02-11,Santa Cruz,087,273765,0,0,0,0,0
2020-02-11,Shasta,089,179085,0,0,0,0,0
2020-02-11,Sierra,091,2930,0,0,0,0,0
2020-02-11,Siskiyou,093,43540,0,0,0,0,0
2020-02-11,Solano,095,438530,0,0,0,0,0
2020-02-11,Sonoma,097,501317,0,0,0,0,0
2020-02-11,Stanislaus,099,539301,1,0,1,1,0
2020-02-11,Sutter,101,95872,0,0,0,0,0
2020-02-11,Tehama,103,63373,0,0,0,0,0
2020-02-11,Trinity,105,12862,0,0,0,0,0
2020-02-11,Tulare,107,460477,2,0,0,0,0
2020-02-11,Tuolumne,109,53932,0,0,0,0,0
2020-02-11,Ventura,111,848112,2,0,0,0,0
2020-02-11,Yolo,113,214977,1,0,0,0,0
2020-02-11,Yuba,115,75493,0,0,0,0,0
2020-02-10,Alameda,001,1643700,4,0,0,0,0
2020-02-10,Alpine,003,1148,0,0,0,0,0
2020-02-10,Amador,005,37829,0,0,0,0,0
2020-02-10,Butte,007,227075,0,0,0,0,0
2020-02-10,Calaveras,009,45235,0,0,0,0,0
2020-02-10,Colusa,011,21464,0,0,0,0,0
2020-02-10,Contra Costa,013,1133247,3,0,0,0,0
2020-02-10,Del Norte,015,27424,0,0,0,0,0
2020-02-10,El Dorado,017,186661,0,0,0,0,0
2020-02-10,Fresno,019,978130,0,0,0,0,0
2020-02-10,Glenn,021,27897,0,0,0,0,0
2020-02-10,Humboldt,023,135768,0,0,0,0,0
2020-02-10,Imperial,025,180216,1,0,0,0,0
2020-02-10,Inyo,027,18085,0,0,0,0,0
2020-02-10,Kern,029,883053,2,0,0,0,0
2020-02-10,Kings,031,150075,1,0,0,0,0
2020-02-10,Lake,033,64148,0,0,0,0,0
2020-02-10,Lassen,035,31185,0,0,0,0,0
2020-02-10,Los Angeles,037,10098052,21,1,6,7,0
2020-02-10,Madera,039,155013,0,0,0,0,0
2020-02-10,Marin,041,260295,0,0,0,0,0
2020-02-10,Mariposa,043,17540,0,0,0,0,0
2020-02-10,Mendocino,045,87422,0,0,0,0,0
2020-02-10,Merced,047,269075,0,0,0,0,0
2020-02-10,Modoc,049,8938,0,0,0,0,0
2020-02-10,Mono,051,14174,0,0,0,0,0
2020-02-10,Monterey,053,433212,0,0,0,0,0
2020-02-10,Napa,055,140530,0,0,0,0,0
2020-02-10,Nevada,057,99092,0,0,0,0,0
2020-02-10,Orange,059,3164182,37,1,0,1,0
2020-02-10,Placer,061,380077,0,0,0,0,0
2020-02-10,Plumas,063,18699,0,0,0,0,0
2020-02-10,Riverside,065,2383286,4,0,0,0,0
2020-02-10,Sacramento,067,1510023,1,0,0,0,0
2020-02-10,San Benito,069,59416,0,2,0,2,0
2020-02-10,San Bernardino,071,2135413,7,0,0,0,0
2020-02-10,San Diego,073,3302833,2,0,0,0,0
2020-02-10,San Francisco,075,870044,2,0,0,0,0
2020-02-10,San Joaquin,077,732212,0,0,1,1,0
2020-02-10,San Luis Obispo,079,281455,0,0,0,0,0
2020-02-10,San Mateo,081,765935,2,0,0,0,0
2020-02-10,Santa Barbara,083,443738,0,0,0,0,0
2020-02-10,Santa Clara,085,1922200,5,2,0,2,0
2020-02-10,Santa Cruz,087,273765,0,0,0,0,0
2020-02-10,Shasta,089,179085,0,0,0,0,0
2020-02-10,Sierra,091,2930,0,0,0,0,0
2020-02-10,Siskiyou,093,43540,0,0,0,0,0
2020-02-10,Solano,095,438530,0,0,0,0,0
2020-02-10,Sonoma,097,501317,0,0,0,0,0
2020-02-10,Stanislaus,099,539301,1,0,0,0,0
2020-02-10,Sutter,101,95872,0,0,0,0,0
2020-02-10,Tehama,103,63373,0,0,0,0,0
2020-02-10,Trinity,105,12862,0,0,0,0,0
2020-02-10,Tulare,107,460477,2,0,0,0,0
2020-02-10,Tuolumne,109,53932,0,0,0,0,0
2020-02-10,Ventura,111,848112,2,0,0,0,0
2020-02-10,Yolo,113,214977,1,0,0,0,0
2020-02-10,Yuba,115,75493,0,0,0,0,0
2020-02-09,Alameda,001,1643700,4,0,0,0,0
2020-02-09,Alpine,003,1148,0,0,0,0,0
2020-02-09,Amador,005,37829,0,0,0,0,0
2020-02-09,Butte,007,227075,0,0,0,0,0
2020-02-09,Calaveras,009,45235,0,0,0,0,0
2020-02-09,Colusa,011,21464,0,0,0,0,0
2020-02-09,Contra Costa,013,1133247,3,0,0,0,0
2020-02-09,Del Norte,015,27424,0,0,0,0,0
2020-02-09,El Dorado,017,186661,0,0,0,0,0
2020-02-09,Fresno,019,978130,0,0,0,0,0
2020-02-09,Glenn,021,27897,0,0,0,0,0
2020-02-09,Humboldt,023,135768,0,0,0,0,0
2020-02-09,Imperial,025,180216,1,0,0,0,0
2020-02-09,Inyo,027,18085,0,0,0,0,0
2020-02-09,Kern,029,883053,2,0,0,0,0
2020-02-09,Kings,031,150075,1,0,0,0,0
2020-02-09,Lake,033,64148,0,0,0,0,0
2020-02-09,Lassen,035,31185,0,0,0,0,0
2020-02-09,Los Angeles,037,10098052,20,1,6,7,0
2020-02-09,Madera,039,155013,0,0,0,0,0
2020-02-09,Marin,041,260295,0,0,0,0,0
2020-02-09,Mariposa,043,17540,0,0,0,0,0
2020-02-09,Mendocino,045,87422,0,0,0,0,0
2020-02-09,Merced,047,269075,0,0,0,0,0
2020-02-09,Modoc,049,8938,0,0,0,0,0
2020-02-09,Mono,051,14174,0,0,0,0,0
2020-02-09,Monterey,053,433212,0,0,0,0,0
2020-02-09,Napa,055,140530,0,0,0,0,0
2020-02-09,Nevada,057,99092,0,0,0,0,0
2020-02-09,Orange,059,3164182,36,1,0,1,0
2020-02-09,Placer,061,380077,0,0,0,0,0
2020-02-09,Plumas,063,18699,0,0,0,0,0
2020-02-09,Riverside,065,2383286,4,0,0,0,0
2020-02-09,Sacramento,067,1510023,0,0,0,0,0
2020-02-09,San Benito,069,59416,0,2,0,2,0
2020-02-09,San Bernardino,071,2135413,7,0,0,0,0
2020-02-09,San Diego,073,3302833,2,0,0,0,0
2020-02-09,San Francisco,075,870044,1,0,0,0,0
2020-02-09,San Joaquin,077,732212,0,0,1,1,0
2020-02-09,San Luis Obispo,079,281455,0,0,0,0,0
2020-02-09,San Mateo,081,765935,2,0,0,0,0
2020-02-09,Santa Barbara,083,443738,0,0,0,0,0
2020-02-09,Santa Clara,085,1922200,4,2,0,2,0
2020-02-09,Santa Cruz,087,273765,0,0,0,0,0
2020-02-09,Shasta,089,179085,0,0,0,0,0
2020-02-09,Sierra,091,2930,0,0,0,0,0
2020-02-09,Siskiyou,093,43540,0,0,0,0,0
2020-02-09,Solano,095,438530,0,0,0,0,0
2020-02-09,Sonoma,097,501317,0,0,0,0,0
2020-02-09,Stanislaus,099,539301,0,0,0,0,0
2020-02-09,Sutter,101,95872,0,0,0,0,0
2020-02-09,Tehama,103,63373,0,0,0,0,0
2020-02-09,Trinity,105,12862,0,0,0,0,0
2020-02-09,Tulare,107,460477,2,0,0,0,0
2020-02-09,Tuolumne,109,53932,0,0,0,0,0
2020-02-09,Ventura,111,848112,1,0,0,0,0
2020-02-09,Yolo,113,214977,1,0,0,0,0
2020-02-09,Yuba,115,75493,0,0,0,0,0
2020-02-08,Alameda,001,1643700,3,0,0,0,0
2020-02-08,Alpine,003,1148,0,0,0,0,0
2020-02-08,Amador,005,37829,0,0,0,0,0
2020-02-08,Butte,007,227075,0,0,0,0,0
2020-02-08,Calaveras,009,45235,0,0,0,0,0
2020-02-08,Colusa,011,21464,0,0,0,0,0
2020-02-08,Contra Costa,013,1133247,2,0,0,0,0
2020-02-08,Del Norte,015,27424,0,0,0,0,0
2020-02-08,El Dorado,017,186661,0,0,0,0,0
2020-02-08,Fresno,019,978130,0,0,0,0,0
2020-02-08,Glenn,021,27897,0,0,0,0,0
2020-02-08,Humboldt,023,135768,0,0,0,0,0
2020-02-08,Imperial,025,180216,1,0,0,0,0
2020-02-08,Inyo,027,18085,0,0,0,0,0
2020-02-08,Kern,029,883053,2,0,0,0,0
2020-02-08,Kings,031,150075,1,0,0,0,0
2020-02-08,Lake,033,64148,0,0,0,0,0
2020-02-08,Lassen,035,31185,0,0,0,0,0
2020-02-08,Los Angeles,037,10098052,17,1,3,4,0
2020-02-08,Madera,039,155013,0,0,0,0,0
2020-02-08,Marin,041,260295,0,0,0,0,0
2020-02-08,Mariposa,043,17540,0,0,0,0,0
2020-02-08,Mendocino,045,87422,0,0,0,0,0
2020-02-08,Merced,047,269075,0,0,0,0,0
2020-02-08,Modoc,049,8938,0,0,0,0,0
2020-02-08,Mono,051,14174,0,0,0,0,0
2020-02-08,Monterey,053,433212,0,0,0,0,0
2020-02-08,Napa,055,140530,0,0,0,0,0
2020-02-08,Nevada,057,99092,0,0,0,0,0
2020-02-08,Orange,059,3164182,36,1,0,1,0
2020-02-08,Placer,061,380077,0,0,0,0,0
2020-02-08,Plumas,063,18699,0,0,0,0,0
2020-02-08,Riverside,065,2383286,4,0,0,0,0
2020-02-08,Sacramento,067,1510023,0,0,0,0,0
2020-02-08,San Benito,069,59416,0,2,0,2,0
2020-02-08,San Bernardino,071,2135413,7,0,0,0,0
2020-02-08,San Diego,073,3302833,1,0,0,0,0
2020-02-08,San Francisco,075,870044,1,0,0,0,0
2020-02-08,San Joaquin,077,732212,0,0,1,1,0
2020-02-08,San Luis Obispo,079,281455,0,0,0,0,0
2020-02-08,San Mateo,081,765935,2,0,0,0,0
2020-02-08,Santa Barbara,083,443738,0,0,0,0,0
2020-02-08,Santa Clara,085,1922200,4,2,0,2,0
2020-02-08,Santa Cruz,087,273765,0,0,0,0,0
2020-02-08,Shasta,089,179085,0,0,0,0,0
2020-02-08,Sierra,091,2930,0,0,0,0,0
2020-02-08,Siskiyou,093,43540,0,0,0,0,0
2020-02-08,Solano,095,438530,0,0,0,0,0
2020-02-08,Sonoma,097,501317,0,0,0,0,0
2020-02-08,Stanislaus,099,539301,0,0,0,0,0
2020-02-08,Sutter,101,95872,0,0,0,0,0
2020-02-08,Tehama,103,63373,0,0,0,0,0
2020-02-08,Trinity,105,12862,0,0,0,0,0
2020-02-08,Tulare,107,460477,2,0,0,0,0
2020-02-08,Tuolumne,109,53932,0,0,0,0,0
2020-02-08,Ventura,111,848112,1,0,0,0,0
2020-02-08,Yolo,113,214977,1,0,0,0,0
2020-02-08,Yuba,115,75493,0,0,0,0,0
2020-02-07,Alameda,001,1643700,3,0,0,0,0
2020-02-07,Alpine,003,1148,0,0,0,0,0
2020-02-07,Amador,005,37829,0,0,0,0,0
2020-02-07,Butte,007,227075,0,0,0,0,0
2020-02-07,Calaveras,009,45235,0,0,0,0,0
2020-02-07,Colusa,011,21464,0,0,0,0,0
2020-02-07,Contra Costa,013,1133247,2,0,0,0,0
2020-02-07,Del Norte,015,27424,0,0,0,0,0
2020-02-07,El Dorado,017,186661,0,0,0,0,0
2020-02-07,Fresno,019,978130,0,0,0,0,0
2020-02-07,Glenn,021,27897,0,0,0,0,0
2020-02-07,Humboldt,023,135768,0,0,0,0,0
2020-02-07,Imperial,025,180216,1,0,0,0,0
2020-02-07,Inyo,027,18085,0,0,0,0,0
2020-02-07,Kern,029,883053,2,0,0,0,0
2020-02-07,Kings,031,150075,1,0,0,0,0
2020-02-07,Lake,033,64148,0,0,0,0,0
2020-02-07,Lassen,035,31185,0,0,0,0,0
2020-02-07,Los Angeles,037,10098052,16,1,2,3,0
2020-02-07,Madera,039,155013,0,0,0,0,0
2020-02-07,Marin,041,260295,0,0,0,0,0
2020-02-07,Mariposa,043,17540,0,0,0,0,0
2020-02-07,Mendocino,045,87422,0,0,0,0,0
2020-02-07,Merced,047,269075,0,0,0,0,0
2020-02-07,Modoc,049,8938,0,0,0,0,0
2020-02-07,Mono,051,14174,0,0,0,0,0
2020-02-07,Monterey,053,433212,0,0,0,0,0
2020-02-07,Napa,055,140530,0,0,0,0,0
2020-02-07,Nevada,057,99092,0,0,0,0,0
2020-02-07,Orange,059,3164182,34,1,0,1,0
2020-02-07,Placer,061,380077,0,0,0,0,0
2020-02-07,Plumas,063,18699,0,0,0,0,0
2020-02-07,Riverside,065,2383286,4,0,0,0,0
2020-02-07,Sacramento,067,1510023,0,0,0,0,0
2020-02-07,San Benito,069,59416,0,2,0,2,0
2020-02-07,San Bernardino,071,2135413,4,0,0,0,0
2020-02-07,San Diego,073,3302833,1,0,0,0,0
2020-02-07,San Francisco,075,870044,1,0,0,0,0
2020-02-07,San Joaquin,077,732212,0,0,1,1,0
2020-02-07,San Luis Obispo,079,281455,0,0,0,0,0
2020-02-07,San Mateo,081,765935,1,0,0,0,0
2020-02-07,Santa Barbara,083,443738,0,0,0,0,0
2020-02-07,Santa Clara,085,1922200,4,2,0,2,0
2020-02-07,Santa Cruz,087,273765,0,0,0,0,0
2020-02-07,Shasta,089,179085,0,0,0,0,0
2020-02-07,Sierra,091,2930,0,0,0,0,0
2020-02-07,Siskiyou,093,43540,0,0,0,0,0
2020-02-07,Solano,095,438530,0,0,0,0,0
2020-02-07,Sonoma,097,501317,0,0,0,0,0
2020-02-07,Stanislaus,099,539301,0,0,0,0,0
2020-02-07,Sutter,101,95872,0,0,0,0,0
2020-02-07,Tehama,103,63373,0,0,0,0,0
2020-02-07,Trinity,105,12862,0,0,0,0,0
2020-02-07,Tulare,107,460477,2,0,0,0,0
2020-02-07,Tuolumne,109,53932,0,0,0,0,0
2020-02-07,Ventura,111,848112,1,0,0,0,0
2020-02-07,Yolo,113,214977,1,0,0,0,0
2020-02-07,Yuba,115,75493,0,0,0,0,0
2020-02-06,Alameda,001,1643700,3,0,0,0,0
2020-02-06,Alpine,003,1148,0,0,0,0,0
2020-02-06,Amador,005,37829,0,0,0,0,0
2020-02-06,Butte,007,227075,0,0,0,0,0
2020-02-06,Calaveras,009,45235,0,0,0,0,0
2020-02-06,Colusa,011,21464,0,0,0,0,0
2020-02-06,Contra Costa,013,1133247,2,0,0,0,0
2020-02-06,Del Norte,015,27424,0,0,0,0,0
2020-02-06,El Dorado,017,186661,0,0,0,0,0
2020-02-06,Fresno,019,978130,0,0,0,0,0
2020-02-06,Glenn,021,27897,0,0,0,0,0
2020-02-06,Humboldt,023,135768,0,0,0,0,0
2020-02-06,Imperial,025,180216,1,0,0,0,0
2020-02-06,Inyo,027,18085,0,0,0,0,0
2020-02-06,Kern,029,883053,2,0,0,0,0
2020-02-06,Kings,031,150075,0,0,0,0,0
2020-02-06,Lake,033,64148,0,0,0,0,0
2020-02-06,Lassen,035,31185,0,0,0,0,0
2020-02-06,Los Angeles,037,10098052,15,1,2,3,0
2020-02-06,Madera,039,155013,0,0,0,0,0
2020-02-06,Marin,041,260295,0,0,0,0,0
2020-02-06,Mariposa,043,17540,0,0,0,0,0
2020-02-06,Mendocino,045,87422,0,0,0,0,0
2020-02-06,Merced,047,269075,0,0,0,0,0
2020-02-06,Modoc,049,8938,0,0,0,0,0
2020-02-06,Mono,051,14174,0,0,0,0,0
2020-02-06,Monterey,053,433212,0,0,0,0,0
2020-02-06,Napa,055,140530,0,0,0,0,0
2020-02-06,Nevada,057,99092,0,0,0,0,0
2020-02-06,Orange,059,3164182,4,1,0,1,0
2020-02-06,Placer,061,380077,0,0,0,0,0
2020-02-06,Plumas,063,18699,0,0,0,0,0
2020-02-06,Riverside,065,2383286,4,0,0,0,0
2020-02-06,Sacramento,067,1510023,0,0,0,0,0
2020-02-06,San Benito,069,59416,0,2,0,2,0
2020-02-06,San Bernardino,071,2135413,4,0,0,0,0
2020-02-06,San Diego,073,3302833,1,0,0,0,0
2020-02-06,San Francisco,075,870044,1,0,0,0,0
2020-02-06,San Joaquin,077,732212,0,0,1,1,0
2020-02-06,San Luis Obispo,079,281455,0,0,0,0,0
2020-02-06,San Mateo,081,765935,1,0,0,0,0
2020-02-06,Santa Barbara,083,443738,0,0,0,0,0
2020-02-06,Santa Clara,085,1922200,4,2,0,2,0
2020-02-06,Santa Cruz,087,273765,0,0,0,0,0
2020-02-06,Shasta,089,179085,0,0,0,0,0
2020-02-06,Sierra,091,2930,0,0,0,0,0
2020-02-06,Siskiyou,093,43540,0,0,0,0,0
2020-02-06,Solano,095,438530,0,0,0,0,0
2020-02-06,Sonoma,097,501317,0,0,0,0,0
2020-02-06,Stanislaus,099,539301,0,0,0,0,0
2020-02-06,Sutter,101,95872,0,0,0,0,0
2020-02-06,Tehama,103,63373,0,0,0,0,0
2020-02-06,Trinity,105,12862,0,0,0,0,0
2020-02-06,Tulare,107,460477,2,0,0,0,0
2020-02-06,Tuolumne,109,53932,0,0,0,0,0
2020-02-06,Ventura,111,848112,1,0,0,0,0
2020-02-06,Yolo,113,214977,1,0,0,0,0
2020-02-06,Yuba,115,75493,0,0,0,0,0
2020-02-05,Alameda,001,1643700,3,0,0,0,0
2020-02-05,Alpine,003,1148,0,0,0,0,0
2020-02-05,Amador,005,37829,0,0,0,0,0
2020-02-05,Butte,007,227075,0,0,0,0,0
2020-02-05,Calaveras,009,45235,0,0,0,0,0
2020-02-05,Colusa,011,21464,0,0,0,0,0
2020-02-05,Contra Costa,013,1133247,2,0,0,0,0
2020-02-05,Del Norte,015,27424,0,0,0,0,0
2020-02-05,El Dorado,017,186661,0,0,0,0,0
2020-02-05,Fresno,019,978130,0,0,0,0,0
2020-02-05,Glenn,021,27897,0,0,0,0,0
2020-02-05,Humboldt,023,135768,0,0,0,0,0
2020-02-05,Imperial,025,180216,1,0,0,0,0
2020-02-05,Inyo,027,18085,0,0,0,0,0
2020-02-05,Kern,029,883053,1,0,0,0,0
2020-02-05,Kings,031,150075,0,0,0,0,0
2020-02-05,Lake,033,64148,0,0,0,0,0
2020-02-05,Lassen,035,31185,0,0,0,0,0
2020-02-05,Los Angeles,037,10098052,15,1,1,2,0
2020-02-05,Madera,039,155013,0,0,0,0,0
2020-02-05,Marin,041,260295,0,0,0,0,0
2020-02-05,Mariposa,043,17540,0,0,0,0,0
2020-02-05,Mendocino,045,87422,0,0,0,0,0
2020-02-05,Merced,047,269075,0,0,0,0,0
2020-02-05,Modoc,049,8938,0,0,0,0,0
2020-02-05,Mono,051,14174,0,0,0,0,0
2020-02-05,Monterey,053,433212,0,0,0,0,0
2020-02-05,Napa,055,140530,0,0,0,0,0
2020-02-05,Nevada,057,99092,0,0,0,0,0
2020-02-05,Orange,059,3164182,2,1,0,1,0
2020-02-05,Placer,061,380077,0,0,0,0,0
2020-02-05,Plumas,063,18699,0,0,0,0,0
2020-02-05,Riverside,065,2383286,4,0,0,0,0
2020-02-05,Sacramento,067,1510023,0,0,0,0,0
2020-02-05,San Benito,069,59416,0,2,0,2,0
2020-02-05,San Bernardino,071,2135413,4,0,0,0,0
2020-02-05,San Diego,073,3302833,0,0,0,0,0
2020-02-05,San Francisco,075,870044,1,0,0,0,0
2020-02-05,San Joaquin,077,732212,0,0,1,1,0
2020-02-05,San Luis Obispo,079,281455,0,0,0,0,0
2020-02-05,San Mateo,081,765935,1,0,0,0,0
2020-02-05,Santa Barbara,083,443738,0,0,0,0,0
2020-02-05,Santa Clara,085,1922200,2,2,0,2,0
2020-02-05,Santa Cruz,087,273765,0,0,0,0,0
2020-02-05,Shasta,089,179085,0,0,0,0,0
2020-02-05,Sierra,091,2930,0,0,0,0,0
2020-02-05,Siskiyou,093,43540,0,0,0,0,0
2020-02-05,Solano,095,438530,0,0,0,0,0
2020-02-05,Sonoma,097,501317,0,0,0,0,0
2020-02-05,Stanislaus,099,539301,0,0,0,0,0
2020-02-05,Sutter,101,95872,0,0,0,0,0
2020-02-05,Tehama,103,63373,0,0,0,0,0
2020-02-05,Trinity,105,12862,0,0,0,0,0
2020-02-05,Tulare,107,460477,2,0,0,0,0
2020-02-05,Tuolumne,109,53932,0,0,0,0,0
2020-02-05,Ventura,111,848112,0,0,0,0,0
2020-02-05,Yolo,113,214977,1,0,0,0,0
2020-02-05,Yuba,115,75493,0,0,0,0,0
2020-02-04,Alameda,001,1643700,3,0,0,0,0
2020-02-04,Alpine,003,1148,0,0,0,0,0
2020-02-04,Amador,005,37829,0,0,0,0,0
2020-02-04,Butte,007,227075,0,0,0,0,0
2020-02-04,Calaveras,009,45235,0,0,0,0,0
2020-02-04,Colusa,011,21464,0,0,0,0,0
2020-02-04,Contra Costa,013,1133247,2,0,0,0,0
2020-02-04,Del Norte,015,27424,0,0,0,0,0
2020-02-04,El Dorado,017,186661,0,0,0,0,0
2020-02-04,Fresno,019,978130,0,0,0,0,0
2020-02-04,Glenn,021,27897,0,0,0,0,0
2020-02-04,Humboldt,023,135768,0,0,0,0,0
2020-02-04,Imperial,025,180216,1,0,0,0,0
2020-02-04,Inyo,027,18085,0,0,0,0,0
2020-02-04,Kern,029,883053,0,0,0,0,0
2020-02-04,Kings,031,150075,0,0,0,0,0
2020-02-04,Lake,033,64148,0,0,0,0,0
2020-02-04,Lassen,035,31185,0,0,0,0,0
2020-02-04,Los Angeles,037,10098052,15,1,1,2,0
2020-02-04,Madera,039,155013,0,0,0,0,0
2020-02-04,Marin,041,260295,0,0,0,0,0
2020-02-04,Mariposa,043,17540,0,0,0,0,0
2020-02-04,Mendocino,045,87422,0,0,0,0,0
2020-02-04,Merced,047,269075,0,0,0,0,0
2020-02-04,Modoc,049,8938,0,0,0,0,0
2020-02-04,Mono,051,14174,0,0,0,0,0
2020-02-04,Monterey,053,433212,0,0,0,0,0
2020-02-04,Napa,055,140530,0,0,0,0,0
2020-02-04,Nevada,057,99092,0,0,0,0,0
2020-02-04,Orange,059,3164182,2,1,0,1,0
2020-02-04,Placer,061,380077,0,0,0,0,0
2020-02-04,Plumas,063,18699,0,0,0,0,0
2020-02-04,Riverside,065,2383286,4,0,0,0,0
2020-02-04,Sacramento,067,1510023,0,0,0,0,0
2020-02-04,San Benito,069,59416,0,2,0,2,0
2020-02-04,San Bernardino,071,2135413,3,0,0,0,0
2020-02-04,San Diego,073,3302833,0,0,0,0,0
2020-02-04,San Francisco,075,870044,1,0,0,0,0
2020-02-04,San Joaquin,077,732212,0,0,1,1,0
2020-02-04,San Luis Obispo,079,281455,0,0,0,0,0
2020-02-04,San Mateo,081,765935,0,0,0,0,0
2020-02-04,Santa Barbara,083,443738,0,0,0,0,0
2020-02-04,Santa Clara,085,1922200,2,2,0,2,0
2020-02-04,Santa Cruz,087,273765,0,0,0,0,0
2020-02-04,Shasta,089,179085,0,0,0,0,0
2020-02-04,Sierra,091,2930,0,0,0,0,0
2020-02-04,Siskiyou,093,43540,0,0,0,0,0
2020-02-04,Solano,095,438530,0,0,0,0,0
2020-02-04,Sonoma,097,501317,0,0,0,0,0
2020-02-04,Stanislaus,099,539301,0,0,0,0,0
2020-02-04,Sutter,101,95872,0,0,0,0,0
2020-02-04,Tehama,103,63373,0,0,0,0,0
2020-02-04,Trinity,105,12862,0,0,0,0,0
2020-02-04,Tulare,107,460477,2,0,0,0,0
2020-02-04,Tuolumne,109,53932,0,0,0,0,0
2020-02-04,Ventura,111,848112,0,0,0,0,0
2020-02-04,Yolo,113,214977,1,0,0,0,0
2020-02-04,Yuba,115,75493,0,0,0,0,0
2020-02-03,Alameda,001,1643700,3,0,0,0,0
2020-02-03,Alpine,003,1148,0,0,0,0,0
2020-02-03,Amador,005,37829,0,0,0,0,0
2020-02-03,Butte,007,227075,0,0,0,0,0
2020-02-03,Calaveras,009,45235,0,0,0,0,0
2020-02-03,Colusa,011,21464,0,0,0,0,0
2020-02-03,Contra Costa,013,1133247,2,0,0,0,0
2020-02-03,Del Norte,015,27424,0,0,0,0,0
2020-02-03,El Dorado,017,186661,0,0,0,0,0
2020-02-03,Fresno,019,978130,0,0,0,0,0
2020-02-03,Glenn,021,27897,0,0,0,0,0
2020-02-03,Humboldt,023,135768,0,0,0,0,0
2020-02-03,Imperial,025,180216,1,0,0,0,0
2020-02-03,Inyo,027,18085,0,0,0,0,0
2020-02-03,Kern,029,883053,0,0,0,0,0
2020-02-03,Kings,031,150075,0,0,0,0,0
2020-02-03,Lake,033,64148,0,0,0,0,0
2020-02-03,Lassen,035,31185,0,0,0,0,0
2020-02-03,Los Angeles,037,10098052,15,1,0,1,0
2020-02-03,Madera,039,155013,0,0,0,0,0
2020-02-03,Marin,041,260295,0,0,0,0,0
2020-02-03,Mariposa,043,17540,0,0,0,0,0
2020-02-03,Mendocino,045,87422,0,0,0,0,0
2020-02-03,Merced,047,269075,0,0,0,0,0
2020-02-03,Modoc,049,8938,0,0,0,0,0
2020-02-03,Mono,051,14174,0,0,0,0,0
2020-02-03,Monterey,053,433212,0,0,0,0,0
2020-02-03,Napa,055,140530,0,0,0,0,0
2020-02-03,Nevada,057,99092,0,0,0,0,0
2020-02-03,Orange,059,3164182,1,1,0,1,0
2020-02-03,Placer,061,380077,0,0,0,0,0
2020-02-03,Plumas,063,18699,0,0,0,0,0
2020-02-03,Riverside,065,2383286,4,0,0,0,0
2020-02-03,Sacramento,067,1510023,0,0,0,0,0
2020-02-03,San Benito,069,59416,0,2,0,2,0
2020-02-03,San Bernardino,071,2135413,3,0,0,0,0
2020-02-03,San Diego,073,3302833,0,0,0,0,0
2020-02-03,San Francisco,075,870044,1,0,0,0,0
2020-02-03,San Joaquin,077,732212,0,0,1,1,0
2020-02-03,San Luis Obispo,079,281455,0,0,0,0,0
2020-02-03,San Mateo,081,765935,0,0,0,0,0
2020-02-03,Santa Barbara,083,443738,0,0,0,0,0
2020-02-03,Santa Clara,085,1922200,2,2,0,2,0
2020-02-03,Santa Cruz,087,273765,0,0,0,0,0
2020-02-03,Shasta,089,179085,0,0,0,0,0
2020-02-03,Sierra,091,2930,0,0,0,0,0
2020-02-03,Siskiyou,093,43540,0,0,0,0,0
2020-02-03,Solano,095,438530,0,0,0,0,0
2020-02-03,Sonoma,097,501317,0,0,0,0,0
2020-02-03,Stanislaus,099,539301,0,0,0,0,0
2020-02-03,Sutter,101,95872,0,0,0,0,0
2020-02-03,Tehama,103,63373,0,0,0,0,0
2020-02-03,Trinity,105,12862,0,0,0,0,0
2020-02-03,Tulare,107,460477,2,0,0,0,0
2020-02-03,Tuolumne,109,53932,0,0,0,0,0
2020-02-03,Ventura,111,848112,0,0,0,0,0
2020-02-03,Yolo,113,214977,1,0,0,0,0
2020-02-03,Yuba,115,75493,0,0,0,0,0
2020-02-02,Alameda,001,1643700,3,0,0,0,0
2020-02-02,Alpine,003,1148,0,0,0,0,0
2020-02-02,Amador,005,37829,0,0,0,0,0
2020-02-02,Butte,007,227075,0,0,0,0,0
2020-02-02,Calaveras,009,45235,0,0,0,0,0
2020-02-02,Colusa,011,21464,0,0,0,0,0
2020-02-02,Contra Costa,013,1133247,1,0,0,0,0
2020-02-02,Del Norte,015,27424,0,0,0,0,0
2020-02-02,El Dorado,017,186661,0,0,0,0,0
2020-02-02,Fresno,019,978130,0,0,0,0,0
2020-02-02,Glenn,021,27897,0,0,0,0,0
2020-02-02,Humboldt,023,135768,0,0,0,0,0
2020-02-02,Imperial,025,180216,1,0,0,0,0
2020-02-02,Inyo,027,18085,0,0,0,0,0
2020-02-02,Kern,029,883053,0,0,0,0,0
2020-02-02,Kings,031,150075,0,0,0,0,0
2020-02-02,Lake,033,64148,0,0,0,0,0
2020-02-02,Lassen,035,31185,0,0,0,0,0
2020-02-02,Los Angeles,037,10098052,13,1,0,1,0
2020-02-02,Madera,039,155013,0,0,0,0,0
2020-02-02,Marin,041,260295,0,0,0,0,0
2020-02-02,Mariposa,043,17540,0,0,0,0,0
2020-02-02,Mendocino,045,87422,0,0,0,0,0
2020-02-02,Merced,047,269075,0,0,0,0,0
2020-02-02,Modoc,049,8938,0,0,0,0,0
2020-02-02,Mono,051,14174,0,0,0,0,0
2020-02-02,Monterey,053,433212,0,0,0,0,0
2020-02-02,Napa,055,140530,0,0,0,0,0
2020-02-02,Nevada,057,99092,0,0,0,0,0
2020-02-02,Orange,059,3164182,1,1,0,1,0
2020-02-02,Placer,061,380077,0,0,0,0,0
2020-02-02,Plumas,063,18699,0,0,0,0,0
2020-02-02,Riverside,065,2383286,3,0,0,0,0
2020-02-02,Sacramento,067,1510023,0,0,0,0,0
2020-02-02,San Benito,069,59416,0,2,0,2,0
2020-02-02,San Bernardino,071,2135413,2,0,0,0,0
2020-02-02,San Diego,073,3302833,0,0,0,0,0
2020-02-02,San Francisco,075,870044,1,0,0,0,0
2020-02-02,San Joaquin,077,732212,0,0,1,1,0
2020-02-02,San Luis Obispo,079,281455,0,0,0,0,0
2020-02-02,San Mateo,081,765935,0,0,0,0,0
2020-02-02,Santa Barbara,083,443738,0,0,0,0,0
2020-02-02,Santa Clara,085,1922200,2,2,0,2,0
2020-02-02,Santa Cruz,087,273765,0,0,0,0,0
2020-02-02,Shasta,089,179085,0,0,0,0,0
2020-02-02,Sierra,091,2930,0,0,0,0,0
2020-02-02,Siskiyou,093,43540,0,0,0,0,0
2020-02-02,Solano,095,438530,0,0,0,0,0
2020-02-02,Sonoma,097,501317,0,0,0,0,0
2020-02-02,Stanislaus,099,539301,0,0,0,0,0
2020-02-02,Sutter,101,95872,0,0,0,0,0
2020-02-02,Tehama,103,63373,0,0,0,0,0
2020-02-02,Trinity,105,12862,0,0,0,0,0
2020-02-02,Tulare,107,460477,2,0,0,0,0
2020-02-02,Tuolumne,109,53932,0,0,0,0,0
2020-02-02,Ventura,111,848112,0,0,0,0,0
2020-02-02,Yolo,113,214977,1,0,0,0,0
2020-02-02,Yuba,115,75493,0,0,0,0,0
2020-02-01,Alameda,001,1643700,3,0,0,0,0
2020-02-01,Alpine,003,1148,0,0,0,0,0
2020-02-01,Amador,005,37829,0,0,0,0,0
2020-02-01,Butte,007,227075,0,0,0,0,0
2020-02-01,Calaveras,009,45235,0,0,0,0,0
2020-02-01,Colusa,011,21464,0,0,0,0,0
2020-02-01,Contra Costa,013,1133247,0,0,0,0,0
2020-02-01,Del Norte,015,27424,0,0,0,0,0
2020-02-01,El Dorado,017,186661,0,0,0,0,0
2020-02-01,Fresno,019,978130,0,0,0,0,0
2020-02-01,Glenn,021,27897,0,0,0,0,0
2020-02-01,Humboldt,023,135768,0,0,0,0,0
2020-02-01,Imperial,025,180216,0,0,0,0,0
2020-02-01,Inyo,027,18085,0,0,0,0,0
2020-02-01,Kern,029,883053,0,0,0,0,0
2020-02-01,Kings,031,150075,0,0,0,0,0
2020-02-01,Lake,033,64148,0,0,0,0,0
2020-02-01,Lassen,035,31185,0,0,0,0,0
2020-02-01,Los Angeles,037,10098052,12,1,0,1,0
2020-02-01,Madera,039,155013,0,0,0,0,0
2020-02-01,Marin,041,260295,0,0,0,0,0
2020-02-01,Mariposa,043,17540,0,0,0,0,0
2020-02-01,Mendocino,045,87422,0,0,0,0,0
2020-02-01,Merced,047,269075,0,0,0,0,0
2020-02-01,Modoc,049,8938,0,0,0,0,0
2020-02-01,Mono,051,14174,0,0,0,0,0
2020-02-01,Monterey,053,433212,0,0,0,0,0
2020-02-01,Napa,055,140530,0,0,0,0,0
2020-02-01,Nevada,057,99092,0,0,0,0,0
2020-02-01,Orange,059,3164182,1,1,0,1,0
2020-02-01,Placer,061,380077,0,0,0,0,0
2020-02-01,Plumas,063,18699,0,0,0,0,0
2020-02-01,Riverside,065,2383286,2,0,0,0,0
2020-02-01,Sacramento,067,1510023,0,0,0,0,0
2020-02-01,San Benito,069,59416,0,0,0,0,0
2020-02-01,San Bernardino,071,2135413,1,0,0,0,0
2020-02-01,San Diego,073,3302833,0,0,0,0,0
2020-02-01,San Francisco,075,870044,1,0,0,0,0
2020-02-01,San Joaquin,077,732212,0,0,1,1,0
2020-02-01,San Luis Obispo,079,281455,0,0,0,0,0
2020-02-01,San Mateo,081,765935,0,0,0,0,0
2020-02-01,Santa Barbara,083,443738,0,0,0,0,0
2020-02-01,Santa Clara,085,1922200,2,1,0,1,0
2020-02-01,Santa Cruz,087,273765,0,0,0,0,0
2020-02-01,Shasta,089,179085,0,0,0,0,0
2020-02-01,Sierra,091,2930,0,0,0,0,0
2020-02-01,Siskiyou,093,43540,0,0,0,0,0
2020-02-01,Solano,095,438530,0,0,0,0,0
2020-02-01,Sonoma,097,501317,0,0,0,0,0
2020-02-01,Stanislaus,099,539301,0,0,0,0,0
2020-02-01,Sutter,101,95872,0,0,0,0,0
2020-02-01,Tehama,103,63373,0,0,0,0,0
2020-02-01,Trinity,105,12862,0,0,0,0,0
2020-02-01,Tulare,107,460477,1,0,0,0,0
2020-02-01,Tuolumne,109,53932,0,0,0,0,0
2020-02-01,Ventura,111,848112,0,0,0,0,0
2020-02-01,Yolo,113,214977,0,0,0,0,0
2020-02-01,Yuba,115,75493,0,0,0,0,0
