date,county,fips,population,confirmed_cases,reported_cases,probable_cases,reported_and_probable_cases,reported_deaths
2022-03-09,Alameda,001,1643700,252915,252893,13601,266494,1781
2022-03-09,Alpine,003,1148,125,125,1,126,0
2022-03-09,Amador,005,37829,8437,8409,654,9063,84
2022-03-09,Butte,007,227075,32778,32767,6573,39340,380
2022-03-09,Calaveras,009,45235,7250,7249,354,7603,117
2022-03-09,Colusa,011,21464,3438,3439,1075,4514,21
2022-03-09,Contra Costa,013,1133247,186528,186483,12880,199363,1256
2022-03-09,Del Norte,015,27424,5764,5765,187,5952,48
2022-03-09,El Dorado,017,186661,26511,26515,3158,29673,198
2022-03-09,Fresno,019,978130,227890,227885,21924,249809,2653
2022-03-09,Glenn,021,27897,4952,4953,1536,6489,44
2022-03-09,Humboldt,023,135768,16856,16854,2907,19761,137
2022-03-09,Imperial,025,180216,54766,54764,10934,65698,894
2022-03-09,Inyo,027,18085,4056,4056,474,4530,56
2022-03-09,Kern,029,883053,190305,190254,44799,235053,2159
2022-03-09,Kings,031,150075,51130,51122,3572,54694,435
2022-03-09,Lake,033,64148,10589,10586,865,11451,130
2022-03-09,Lassen,035,31185,8901,8901,898,9799,62
2022-03-09,Los Angeles,037,10098052,2677633,2677901,121654,2799555,30842
2022-03-09,Madera,039,155013,37228,37207,5974,43181,354
2022-03-09,Marin,041,260295,32963,32967,2178,35145,272
2022-03-09,Mariposa,043,17540,2372,2372,196,2568,6
2022-03-09,Mendocino,045,87422,12953,12957,2909,15866,117
2022-03-09,Merced,047,269075,61809,61792,8344,70136,792
2022-03-09,Modoc,049,8938,730,730,250,980,7
2022-03-09,Mono,051,14174,2962,2962,119,3081,5
2022-03-09,Monterey,053,433212,78345,78258,13022,91280,716
2022-03-09,Napa,055,140530,25564,25561,960,26521,138
2022-03-09,Nevada,057,99092,15931,15938,1182,17120,123
2022-03-09,Orange,059,3164182,542293,542278,40800,583078,6700
2022-03-09,Placer,061,380077,62242,62242,7278,69520,598
2022-03-09,Plumas,063,18699,2708,2708,351,3059,13
2022-03-09,Riverside,065,2383286,587854,587833,27905,615738,6305
2022-03-09,Sacramento,067,1510023,274392,274373,26693,301066,2877
2022-03-09,San Benito,069,59416,12863,12864,509,13373,95
2022-03-09,San Bernardino,071,2135413,558766,558795,23965,582760,6723
2022-03-09,San Diego,073,3302833,743955,743956,49065,793021,5083
2022-03-09,San Francisco,075,870044,123659,123676,8583,132259,812
2022-03-09,San Joaquin,077,732212,165471,165444,9031,174475,2113
2022-03-09,San Luis Obispo,079,281455,51918,51923,3666,55589,457
2022-03-09,San Mateo,081,765935,119194,119194,6922,126116,639
2022-03-09,Santa Barbara,083,443738,85396,85382,4789,90171,661
2022-03-09,Santa Clara,085,1922200,308782,308765,12197,320962,2206
2022-03-09,Santa Cruz,087,273765,46919,46917,1885,48802,254
2022-03-09,Shasta,089,179085,30411,30407,6125,36532,493
2022-03-09,Sierra,091,2930,273,273,41,314,4
2022-03-09,Siskiyou,093,43540,4403,4403,2719,7122,75
2022-03-09,Solano,095,438530,80987,80984,5426,86410,436
2022-03-09,Sonoma,097,501317,82569,82574,2067,84641,473
2022-03-09,Stanislaus,099,539301,117814,117827,16726,134553,1541
2022-03-09,Sutter,101,95872,20400,20409,1900,22309,217
2022-03-09,Tehama,103,63373,11977,11980,2582,14562,159
2022-03-09,Trinity,105,12862,1174,1174,292,1466,20
2022-03-09,Tulare,107,460477,103958,103932,28007,131939,1350
2022-03-09,Tuolumne,109,53932,12438,12444,564,13008,180
2022-03-09,Ventura,111,848112,171853,171852,9191,181043,1448
2022-03-09,Yolo,113,214977,35975,35973,3106,39079,308
2022-03-09,Yuba,115,75493,15713,15714,1175,16889,115
2022-03-08,Alameda,001,1643700,252915,252744,13601,266345,1769
2022-03-08,Alpine,003,1148,125,125,1,126,0
2022-03-08,Amador,005,37829,8437,8407,654,9061,84
2022-03-08,Butte,007,227075,32778,32759,6573,39332,380
2022-03-08,Calaveras,009,45235,7250,7245,354,7599,117
2022-03-08,Colusa,011,21464,3438,3439,1075,4514,21
2022-03-08,Contra Costa,013,1133247,186528,186396,12880,199276,1256
2022-03-08,Del Norte,015,27424,5764,5763,187,5950,48
2022-03-08,El Dorado,017,186661,26511,26503,3158,29661,197
2022-03-08,Fresno,019,978130,227890,227808,21924,249732,2653
2022-03-08,Glenn,021,27897,4952,4944,1536,6480,43
2022-03-08,Humboldt,023,135768,16856,16837,2907,19744,137
2022-03-08,Imperial,025,180216,54766,54721,10934,65655,890
2022-03-08,Inyo,027,18085,4056,4056,474,4530,56
2022-03-08,Kern,029,883053,190305,190208,44799,235007,2154
2022-03-08,Kings,031,150075,51130,51089,3572,54661,434
2022-03-08,Lake,033,64148,10589,10571,865,11436,130
2022-03-08,Lassen,035,31185,8901,8897,898,9795,62
2022-03-08,Los Angeles,037,10098052,2677633,2677166,121654,2798820,30803
2022-03-08,Madera,039,155013,37228,37185,5974,43159,354
2022-03-08,Marin,041,260295,32963,32943,2178,35121,272
2022-03-08,Mariposa,043,17540,2372,2371,196,2567,6
2022-03-08,Mendocino,045,87422,12953,12950,2909,15859,117
2022-03-08,Merced,047,269075,61809,61767,8344,70111,791
2022-03-08,Modoc,049,8938,730,729,250,979,7
2022-03-08,Mono,051,14174,2962,2961,119,3080,5
2022-03-08,Monterey,053,433212,78345,78247,13022,91269,711
2022-03-08,Napa,055,140530,25564,25528,960,26488,137
2022-03-08,Nevada,057,99092,15931,15939,1182,17121,122
2022-03-08,Orange,059,3164182,542293,542164,40800,582964,6692
2022-03-08,Placer,061,380077,62242,62221,7278,69499,594
2022-03-08,Plumas,063,18699,2708,2703,351,3054,13
2022-03-08,Riverside,065,2383286,587854,587686,27905,615591,6294
2022-03-08,Sacramento,067,1510023,274392,274276,26693,300969,2872
2022-03-08,San Benito,069,59416,12863,12855,509,13364,94
2022-03-08,San Bernardino,071,2135413,558766,558512,23965,582477,6715
2022-03-08,San Diego,073,3302833,743955,743604,49065,792669,5077
2022-03-08,San Francisco,075,870044,123659,123675,8583,132258,807
2022-03-08,San Joaquin,077,732212,165471,165381,9031,174412,2104
2022-03-08,San Luis Obispo,079,281455,51918,51900,3666,55566,451
2022-03-08,San Mateo,081,765935,119194,119103,6922,126025,638
2022-03-08,Santa Barbara,083,443738,85396,85363,4789,90152,659
2022-03-08,Santa Clara,085,1922200,308782,308528,12197,320725,2206
2022-03-08,Santa Cruz,087,273765,46919,46875,1885,48760,254
2022-03-08,Shasta,089,179085,30411,30372,6125,36497,493
2022-03-08,Sierra,091,2930,273,273,41,314,4
2022-03-08,Siskiyou,093,43540,4403,4404,2719,7123,74
2022-03-08,Solano,095,438530,80987,80924,5426,86350,434
2022-03-08,Sonoma,097,501317,82569,82571,2067,84638,473
2022-03-08,Stanislaus,099,539301,117814,117782,16726,134508,1541
2022-03-08,Sutter,101,95872,20400,20403,1900,22303,217
2022-03-08,Tehama,103,63373,11977,11972,2582,14554,158
2022-03-08,Trinity,105,12862,1174,1174,292,1466,20
2022-03-08,Tulare,107,460477,103958,103893,28007,131900,1334
2022-03-08,Tuolumne,109,53932,12438,12427,564,12991,180
2022-03-08,Ventura,111,848112,171853,171806,9191,180997,1447
2022-03-08,Yolo,113,214977,35975,35946,3106,39052,306
2022-03-08,Yuba,115,75493,15713,15705,1175,16880,115
2022-03-07,Alameda,001,1643700,252890,252578,13601,266179,1766
2022-03-07,Alpine,003,1148,125,125,1,126,0
2022-03-07,Amador,005,37829,8437,8368,654,9022,84
2022-03-07,Butte,007,227075,32774,32734,6573,39307,378
2022-03-07,Calaveras,009,45235,7249,7242,354,7596,116
2022-03-07,Colusa,011,21464,3436,3437,1075,4512,21
2022-03-07,Contra Costa,013,1133247,186519,186087,12880,198967,1256
2022-03-07,Del Norte,015,27424,5764,5758,187,5945,48
2022-03-07,El Dorado,017,186661,26506,26487,3158,29645,196
2022-03-07,Fresno,019,978130,227880,227670,21924,249594,2653
2022-03-07,Glenn,021,27897,4948,4939,1536,6475,43
2022-03-07,Humboldt,023,135768,16854,16829,2907,19736,137
2022-03-07,Imperial,025,180216,54760,54712,10934,65646,890
2022-03-07,Inyo,027,18085,4056,4054,474,4528,56
2022-03-07,Kern,029,883053,190298,190163,44799,234962,2152
2022-03-07,Kings,031,150075,51125,51065,3572,54637,433
2022-03-07,Lake,033,64148,10585,10562,865,11427,130
2022-03-07,Lassen,035,31185,8901,8896,898,9794,62
2022-03-07,Los Angeles,037,10098052,2677603,2675497,121654,2797151,30759
2022-03-07,Madera,039,155013,37225,37164,5974,43138,354
2022-03-07,Marin,041,260295,32955,32919,2178,35097,272
2022-03-07,Mariposa,043,17540,2372,2369,196,2565,6
2022-03-07,Mendocino,045,87422,12949,12940,2909,15849,117
2022-03-07,Merced,047,269075,61807,61751,8344,70095,791
2022-03-07,Modoc,049,8938,730,729,250,979,7
2022-03-07,Mono,051,14174,2962,2960,119,3079,5
2022-03-07,Monterey,053,433212,78340,78161,13022,91183,706
2022-03-07,Napa,055,140530,25547,25500,960,26460,136
2022-03-07,Nevada,057,99092,15931,15935,1182,17117,122
2022-03-07,Orange,059,3164182,542264,542028,40800,582828,6687
2022-03-07,Placer,061,380077,62239,62215,7278,69493,591
2022-03-07,Plumas,063,18699,2706,2702,351,3053,13
2022-03-07,Riverside,065,2383286,587843,587537,27905,615442,6279
2022-03-07,Sacramento,067,1510023,274379,274079,26693,300772,2866
2022-03-07,San Benito,069,59416,12861,12843,509,13352,94
2022-03-07,San Bernardino,071,2135413,558741,558265,23965,582230,6703
2022-03-07,San Diego,073,3302833,743955,742287,49065,791352,5068
2022-03-07,San Francisco,075,870044,123650,123655,8583,132238,807
2022-03-07,San Joaquin,077,732212,165457,165343,9031,174374,2091
2022-03-07,San Luis Obispo,079,281455,51915,51874,3666,55540,448
2022-03-07,San Mateo,081,765935,119184,119035,6922,125957,630
2022-03-07,Santa Barbara,083,443738,85393,85345,4789,90134,659
2022-03-07,Santa Clara,085,1922200,308762,308517,12197,320714,2202
2022-03-07,Santa Cruz,087,273765,46917,46823,1885,48708,254
2022-03-07,Shasta,089,179085,30409,30352,6125,36477,493
2022-03-07,Sierra,091,2930,273,273,41,314,4
2022-03-07,Siskiyou,093,43540,4403,4398,2719,7117,74
2022-03-07,Solano,095,438530,80981,80886,5426,86312,435
2022-03-07,Sonoma,097,501317,82566,82530,2067,84597,473
2022-03-07,Stanislaus,099,539301,117805,117713,16726,134439,1537
2022-03-07,Sutter,101,95872,20395,20400,1900,22300,217
2022-03-07,Tehama,103,63373,11974,11966,2582,14548,158
2022-03-07,Trinity,105,12862,1174,1173,292,1465,20
2022-03-07,Tulare,107,460477,103951,103834,28007,131841,1316
2022-03-07,Tuolumne,109,53932,12431,12408,564,12972,179
2022-03-07,Ventura,111,848112,171849,171886,9191,181077,1436
2022-03-07,Yolo,113,214977,35972,35934,3106,39040,306
2022-03-07,Yuba,115,75493,15710,15701,1175,16876,115
2022-03-06,Alameda,001,1643700,252758,252460,13601,266061,1766
2022-03-06,Alpine,003,1148,125,125,1,126,0
2022-03-06,Amador,005,37829,8436,8367,654,9021,84
2022-03-06,Butte,007,227075,32768,32714,6573,39287,376
2022-03-06,Calaveras,009,45235,7245,7236,354,7590,116
2022-03-06,Colusa,011,21464,3435,3435,1075,4510,21
2022-03-06,Contra Costa,013,1133247,186445,185974,12880,198854,1256
2022-03-06,Del Norte,015,27424,5759,5744,187,5931,48
2022-03-06,El Dorado,017,186661,26498,26478,3158,29636,196
2022-03-06,Fresno,019,978130,227807,227514,21924,249438,2653
2022-03-06,Glenn,021,27897,4942,4939,1536,6475,43
2022-03-06,Humboldt,023,135768,16845,16813,2907,19720,137
2022-03-06,Imperial,025,180216,54746,54719,10934,65653,890
2022-03-06,Inyo,027,18085,4055,4053,474,4527,56
2022-03-06,Kern,029,883053,190266,190088,44799,234887,2152
2022-03-06,Kings,031,150075,51099,51050,3572,54622,432
2022-03-06,Lake,033,64148,10572,10539,865,11404,130
2022-03-06,Lassen,035,31185,8900,8887,898,9785,62
2022-03-06,Los Angeles,037,10098052,2677516,2675456,121654,2797110,30759
2022-03-06,Madera,039,155013,37199,37135,5974,43109,354
2022-03-06,Marin,041,260295,32934,32879,2178,35057,272
2022-03-06,Mariposa,043,17540,2371,2365,196,2561,6
2022-03-06,Mendocino,045,87422,12944,12923,2909,15832,116
2022-03-06,Merced,047,269075,61788,61722,8344,70066,791
2022-03-06,Modoc,049,8938,730,729,250,979,7
2022-03-06,Mono,051,14174,2962,2959,119,3078,5
2022-03-06,Monterey,053,433212,78317,78154,13022,91176,706
2022-03-06,Napa,055,140530,25517,25457,960,26417,136
2022-03-06,Nevada,057,99092,15928,15924,1182,17106,122
2022-03-06,Orange,059,3164182,542187,541903,40800,582703,6688
2022-03-06,Placer,061,380077,62220,62185,7278,69463,591
2022-03-06,Plumas,063,18699,2704,2704,351,3055,13
2022-03-06,Riverside,065,2383286,587752,587388,27905,615293,6279
2022-03-06,Sacramento,067,1510023,274294,273935,26693,300628,2869
2022-03-06,San Benito,069,59416,12851,12835,509,13344,94
2022-03-06,San Bernardino,071,2135413,558652,558139,23965,582104,6701
2022-03-06,San Diego,073,3302833,743903,742287,49065,791352,5068
2022-03-06,San Francisco,075,870044,123562,123742,8583,132325,806
2022-03-06,San Joaquin,077,732212,165406,165252,9031,174283,2091
2022-03-06,San Luis Obispo,079,281455,51888,51828,3666,55494,448
2022-03-06,San Mateo,081,765935,119122,118916,6922,125838,630
2022-03-06,Santa Barbara,083,443738,85368,85317,4789,90106,659
2022-03-06,Santa Clara,085,1922200,308580,308250,12197,320447,2201
2022-03-06,Santa Cruz,087,273765,46865,46755,1885,48640,254
2022-03-06,Shasta,089,179085,30391,30332,6125,36457,493
2022-03-06,Sierra,091,2930,273,273,41,314,4
2022-03-06,Siskiyou,093,43540,4399,4398,2719,7117,74
2022-03-06,Solano,095,438530,80940,80833,5426,86259,435
2022-03-06,Sonoma,097,501317,82533,82458,2067,84525,473
2022-03-06,Stanislaus,099,539301,117769,117680,16726,134406,1536
2022-03-06,Sutter,101,95872,20383,20390,1900,22290,217
2022-03-06,Tehama,103,63373,11971,11963,2582,14545,158
2022-03-06,Trinity,105,12862,1174,1172,292,1464,20
2022-03-06,Tulare,107,460477,103914,103794,28007,131801,1316
2022-03-06,Tuolumne,109,53932,12426,12379,564,12943,179
2022-03-06,Ventura,111,848112,171809,171819,9191,181010,1436
2022-03-06,Yolo,113,214977,35953,35882,3106,38988,306
2022-03-06,Yuba,115,75493,15704,15694,1175,16869,115
2022-03-05,Alameda,001,1643700,252696,251988,13601,265589,1760
2022-03-05,Alpine,003,1148,125,125,1,126,0
2022-03-05,Amador,005,37829,8434,8344,654,8998,83
2022-03-05,Butte,007,227075,32761,32663,6573,39236,372
2022-03-05,Calaveras,009,45235,7243,7236,354,7590,116
2022-03-05,Colusa,011,21464,3435,3433,1075,4508,21
2022-03-05,Contra Costa,013,1133247,186402,185734,12880,198614,1235
2022-03-05,Del Norte,015,27424,5758,5725,187,5912,48
2022-03-05,El Dorado,017,186661,26494,26446,3158,29604,193
2022-03-05,Fresno,019,978130,227770,227154,21924,249078,2640
2022-03-05,Glenn,021,27897,4942,4927,1536,6463,43
2022-03-05,Humboldt,023,135768,16838,16781,2907,19688,136
2022-03-05,Imperial,025,180216,54737,54650,10934,65584,880
2022-03-05,Inyo,027,18085,4054,4043,474,4517,56
2022-03-05,Kern,029,883053,190244,189817,44799,234616,2141
2022-03-05,Kings,031,150075,51094,50926,3572,54498,431
2022-03-05,Lake,033,64148,10572,10512,865,11377,130
2022-03-05,Lassen,035,31185,8898,8818,898,9716,62
2022-03-05,Los Angeles,037,10098052,2677397,2671564,121654,2793218,30608
2022-03-05,Madera,039,155013,37184,37100,5974,43074,354
2022-03-05,Marin,041,260295,32923,32829,2178,35007,272
2022-03-05,Mariposa,043,17540,2371,2363,196,2559,6
2022-03-05,Mendocino,045,87422,12940,12845,2909,15754,113
2022-03-05,Merced,047,269075,61781,61653,8344,69997,789
2022-03-05,Modoc,049,8938,730,729,250,979,7
2022-03-05,Mono,051,14174,2962,2961,119,3080,5
2022-03-05,Monterey,053,433212,78305,78028,13022,91050,704
2022-03-05,Napa,055,140530,25507,25405,960,26365,134
2022-03-05,Nevada,057,99092,15928,15907,1182,17089,122
2022-03-05,Orange,059,3164182,542089,541463,40800,582263,6638
2022-03-05,Placer,061,380077,62206,62117,7278,69395,591
2022-03-05,Plumas,063,18699,2704,2701,351,3052,13
2022-03-05,Riverside,065,2383286,587694,586785,27905,614690,6239
2022-03-05,Sacramento,067,1510023,274244,273487,26693,300180,2847
2022-03-05,San Benito,069,59416,12849,12820,509,13329,94
2022-03-05,San Bernardino,071,2135413,558620,557421,23965,581386,6641
2022-03-05,San Diego,073,3302833,743807,740747,49065,789812,5045
2022-03-05,San Francisco,075,870044,123520,123537,8583,132120,798
2022-03-05,San Joaquin,077,732212,165379,165085,9031,174116,2069
2022-03-05,San Luis Obispo,079,281455,51884,51739,3666,55405,446
2022-03-05,San Mateo,081,765935,119082,118646,6922,125568,621
2022-03-05,Santa Barbara,083,443738,85362,85249,4789,90038,655
2022-03-05,Santa Clara,085,1922200,308494,307689,12197,319886,2195
2022-03-05,Santa Cruz,087,273765,46859,46622,1885,48507,253
2022-03-05,Shasta,089,179085,30384,30282,6125,36407,492
2022-03-05,Sierra,091,2930,273,273,41,314,4
2022-03-05,Siskiyou,093,43540,4399,4389,2719,7108,74
2022-03-05,Solano,095,438530,80930,80690,5426,86116,435
2022-03-05,Sonoma,097,501317,82517,82313,2067,84380,473
2022-03-05,Stanislaus,099,539301,117754,117501,16726,134227,1531
2022-03-05,Sutter,101,95872,20376,20346,1900,22246,217
2022-03-05,Tehama,103,63373,11970,11939,2582,14521,158
2022-03-05,Trinity,105,12862,1174,1170,292,1462,20
2022-03-05,Tulare,107,460477,103904,103534,28007,131541,1305
2022-03-05,Tuolumne,109,53932,12425,12325,564,12889,178
2022-03-05,Ventura,111,848112,171779,171666,9191,180857,1436
2022-03-05,Yolo,113,214977,35944,35856,3106,38962,306
2022-03-05,Yuba,115,75493,15699,15666,1175,16841,115
2022-03-04,Alameda,001,1643700,252632,251988,13601,265589,1760
2022-03-04,Alpine,003,1148,125,125,1,126,0
2022-03-04,Amador,005,37829,8433,8344,654,8998,83
2022-03-04,Butte,007,227075,32757,32663,6573,39236,372
2022-03-04,Calaveras,009,45235,7243,7236,354,7590,116
2022-03-04,Colusa,011,21464,3434,3433,1075,4508,21
2022-03-04,Contra Costa,013,1133247,186349,185734,12880,198614,1235
2022-03-04,Del Norte,015,27424,5754,5725,187,5912,48
2022-03-04,El Dorado,017,186661,26493,26446,3158,29604,193
2022-03-04,Fresno,019,978130,227713,227154,21924,249078,2640
2022-03-04,Glenn,021,27897,4942,4927,1536,6463,43
2022-03-04,Humboldt,023,135768,16835,16781,2907,19688,136
2022-03-04,Imperial,025,180216,54733,54650,10934,65584,880
2022-03-04,Inyo,027,18085,4054,4043,474,4517,56
2022-03-04,Kern,029,883053,190214,189817,44799,234616,2141
2022-03-04,Kings,031,150075,51085,50926,3572,54498,431
2022-03-04,Lake,033,64148,10570,10512,865,11377,130
2022-03-04,Lassen,035,31185,8896,8818,898,9716,62
2022-03-04,Los Angeles,037,10098052,2677080,2671564,121654,2793218,30608
2022-03-04,Madera,039,155013,37175,37100,5974,43074,354
2022-03-04,Marin,041,260295,32907,32829,2178,35007,272
2022-03-04,Mariposa,043,17540,2367,2363,196,2559,6
2022-03-04,Mendocino,045,87422,12936,12845,2909,15754,113
2022-03-04,Merced,047,269075,61770,61653,8344,69997,789
2022-03-04,Modoc,049,8938,730,729,250,979,7
2022-03-04,Mono,051,14174,2961,2961,119,3080,5
2022-03-04,Monterey,053,433212,78292,78028,13022,91050,704
2022-03-04,Napa,055,140530,25498,25405,960,26365,134
2022-03-04,Nevada,057,99092,15925,15907,1182,17089,122
2022-03-04,Orange,059,3164182,541984,541463,40800,582263,6638
2022-03-04,Placer,061,380077,62202,62117,7278,69395,591
2022-03-04,Plumas,063,18699,2704,2701,351,3052,13
2022-03-04,Riverside,065,2383286,587626,586785,27905,614690,6239
2022-03-04,Sacramento,067,1510023,274190,273487,26693,300180,2847
2022-03-04,San Benito,069,59416,12845,12820,509,13329,94
2022-03-04,San Bernardino,071,2135413,558575,557421,23965,581386,6641
2022-03-04,San Diego,073,3302833,743613,740747,49065,789812,5045
2022-03-04,San Francisco,075,870044,123476,123537,8583,132120,798
2022-03-04,San Joaquin,077,732212,165355,165085,9031,174116,2069
2022-03-04,San Luis Obispo,079,281455,51878,51739,3666,55405,446
2022-03-04,San Mateo,081,765935,119043,118646,6922,125568,621
2022-03-04,Santa Barbara,083,443738,85349,85249,4789,90038,655
2022-03-04,Santa Clara,085,1922200,308383,307689,12197,319886,2195
2022-03-04,Santa Cruz,087,273765,46843,46622,1885,48507,253
2022-03-04,Shasta,089,179085,30379,30282,6125,36407,492
2022-03-04,Sierra,091,2930,273,273,41,314,4
2022-03-04,Siskiyou,093,43540,4399,4389,2719,7108,74
2022-03-04,Solano,095,438530,80905,80690,5426,86116,435
2022-03-04,Sonoma,097,501317,82501,82313,2067,84380,473
2022-03-04,Stanislaus,099,539301,117737,117501,16726,134227,1531
2022-03-04,Sutter,101,95872,20372,20346,1900,22246,217
2022-03-04,Tehama,103,63373,11968,11939,2582,14521,158
2022-03-04,Trinity,105,12862,1174,1170,292,1462,20
2022-03-04,Tulare,107,460477,103893,103534,28007,131541,1305
2022-03-04,Tuolumne,109,53932,12425,12325,564,12889,178
2022-03-04,Ventura,111,848112,171744,171666,9191,180857,1436
2022-03-04,Yolo,113,214977,35933,35856,3106,38962,306
2022-03-04,Yuba,115,75493,15696,15666,1175,16841,115
2022-03-03,Alameda,001,1643700,252519,251988,13601,265589,1760
2022-03-03,Alpine,003,1148,125,125,1,126,0
2022-03-03,Amador,005,37829,8433,8344,654,8998,83
2022-03-03,Butte,007,227075,32740,32663,6573,39236,372
2022-03-03,Calaveras,009,45235,7233,7236,354,7590,116
2022-03-03,Colusa,011,21464,3434,3433,1075,4508,21
2022-03-03,Contra Costa,013,1133247,186286,185734,12880,198614,1235
2022-03-03,Del Norte,015,27424,5749,5725,187,5912,48
2022-03-03,El Dorado,017,186661,26480,26446,3158,29604,193
2022-03-03,Fresno,019,978130,227591,227154,21924,249078,2640
2022-03-03,Glenn,021,27897,4941,4927,1536,6463,43
2022-03-03,Humboldt,023,135768,16826,16781,2907,19688,136
2022-03-03,Imperial,025,180216,54714,54650,10934,65584,880
2022-03-03,Inyo,027,18085,4053,4043,474,4517,56
2022-03-03,Kern,029,883053,190150,189817,44799,234616,2141
2022-03-03,Kings,031,150075,51068,50926,3572,54498,431
2022-03-03,Lake,033,64148,10562,10512,865,11377,130
2022-03-03,Lassen,035,31185,8888,8818,898,9716,62
2022-03-03,Los Angeles,037,10098052,2676415,2671564,121654,2793218,30608
2022-03-03,Madera,039,155013,37161,37100,5974,43074,354
2022-03-03,Marin,041,260295,32889,32829,2178,35007,272
2022-03-03,Mariposa,043,17540,2366,2363,196,2559,6
2022-03-03,Mendocino,045,87422,12924,12845,2909,15754,113
2022-03-03,Merced,047,269075,61752,61653,8344,69997,789
2022-03-03,Modoc,049,8938,730,729,250,979,7
2022-03-03,Mono,051,14174,2961,2961,119,3080,5
2022-03-03,Monterey,053,433212,78270,78028,13022,91050,704
2022-03-03,Napa,055,140530,25474,25405,960,26365,134
2022-03-03,Nevada,057,99092,15922,15907,1182,17089,122
2022-03-03,Orange,059,3164182,541822,541463,40800,582263,6638
2022-03-03,Placer,061,380077,62181,62117,7278,69395,591
2022-03-03,Plumas,063,18699,2704,2701,351,3052,13
2022-03-03,Riverside,065,2383286,587525,586785,27905,614690,6239
2022-03-03,Sacramento,067,1510023,274087,273487,26693,300180,2847
2022-03-03,San Benito,069,59416,12842,12820,509,13329,94
2022-03-03,San Bernardino,071,2135413,558489,557421,23965,581386,6641
2022-03-03,San Diego,073,3302833,743294,740747,49065,789812,5045
2022-03-03,San Francisco,075,870044,123410,123537,8583,132120,798
2022-03-03,San Joaquin,077,732212,165293,165085,9031,174116,2069
2022-03-03,San Luis Obispo,079,281455,51828,51739,3666,55405,446
2022-03-03,San Mateo,081,765935,118985,118646,6922,125568,621
2022-03-03,Santa Barbara,083,443738,85337,85249,4789,90038,655
2022-03-03,Santa Clara,085,1922200,308230,307689,12197,319886,2195
2022-03-03,Santa Cruz,087,273765,46796,46622,1885,48507,253
2022-03-03,Shasta,089,179085,30365,30282,6125,36407,492
2022-03-03,Sierra,091,2930,273,273,41,314,4
2022-03-03,Siskiyou,093,43540,4397,4389,2719,7108,74
2022-03-03,Solano,095,438530,80864,80690,5426,86116,435
2022-03-03,Sonoma,097,501317,82472,82313,2067,84380,473
2022-03-03,Stanislaus,099,539301,117712,117501,16726,134227,1531
2022-03-03,Sutter,101,95872,20364,20346,1900,22246,217
2022-03-03,Tehama,103,63373,11965,11939,2582,14521,158
2022-03-03,Trinity,105,12862,1173,1170,292,1462,20
2022-03-03,Tulare,107,460477,103853,103534,28007,131541,1305
2022-03-03,Tuolumne,109,53932,12418,12325,564,12889,178
2022-03-03,Ventura,111,848112,171698,171666,9191,180857,1436
2022-03-03,Yolo,113,214977,35908,35856,3106,38962,306
2022-03-03,Yuba,115,75493,15689,15666,1175,16841,115
2022-03-02,Alameda,001,1643700,252361,251886,13601,265487,1759
2022-03-02,Alpine,003,1148,125,125,1,126,0
2022-03-02,Amador,005,37829,8423,8341,654,8995,83
2022-03-02,Butte,007,227075,32727,32636,6573,39209,372
2022-03-02,Calaveras,009,45235,7233,7225,354,7579,116
2022-03-02,Colusa,011,21464,3432,3428,1075,4503,21
2022-03-02,Contra Costa,013,1133247,186199,185589,12880,198469,1236
2022-03-02,Del Norte,015,27424,5742,5708,187,5895,47
2022-03-02,El Dorado,017,186661,26470,26433,3158,29591,192
2022-03-02,Fresno,019,978130,227467,226932,21924,248856,2629
2022-03-02,Glenn,021,27897,4936,4922,1536,6458,43
2022-03-02,Humboldt,023,135768,16819,16747,2907,19654,135
2022-03-02,Imperial,025,180216,54685,54629,10934,65563,878
2022-03-02,Inyo,027,18085,4051,4041,474,4515,56
2022-03-02,Kern,029,883053,190086,189656,44799,234455,2136
2022-03-02,Kings,031,150075,51043,50819,3572,54391,431
2022-03-02,Lake,033,64148,10552,10495,865,11360,130
2022-03-02,Lassen,035,31185,8885,8811,898,9709,62
2022-03-02,Los Angeles,037,10098052,2675601,2670287,121654,2791941,30535
2022-03-02,Madera,039,155013,37140,37077,5974,43051,354
2022-03-02,Marin,041,260295,32874,32794,2178,34972,272
2022-03-02,Mariposa,043,17540,2366,2359,196,2555,6
2022-03-02,Mendocino,045,87422,12914,12832,2909,15741,112
2022-03-02,Merced,047,269075,61726,61606,8344,69950,785
2022-03-02,Modoc,049,8938,730,729,250,979,7
2022-03-02,Mono,051,14174,2960,2961,119,3080,5
2022-03-02,Monterey,053,433212,78239,77963,13022,90985,703
2022-03-02,Napa,055,140530,25427,25382,960,26342,134
2022-03-02,Nevada,057,99092,15915,15920,1182,17102,122
2022-03-02,Orange,059,3164182,541626,541230,40800,582030,6623
2022-03-02,Placer,061,380077,62165,62066,7278,69344,589
2022-03-02,Plumas,063,18699,2704,2700,351,3051,13
2022-03-02,Riverside,065,2383286,587405,586513,27905,614418,6229
2022-03-02,Sacramento,067,1510023,273965,273291,26693,299984,2837
2022-03-02,San Benito,069,59416,12831,12814,509,13323,94
2022-03-02,San Bernardino,071,2135413,558392,557082,23965,581047,6619
2022-03-02,San Diego,073,3302833,742943,739803,49065,788868,5034
2022-03-02,San Francisco,075,870044,123323,123442,8583,132025,792
2022-03-02,San Joaquin,077,732212,165239,164968,9031,173999,2063
2022-03-02,San Luis Obispo,079,281455,51788,51686,3666,55352,446
2022-03-02,San Mateo,081,765935,118905,118518,6922,125440,617
2022-03-02,Santa Barbara,083,443738,85315,85183,4789,89972,655
2022-03-02,Santa Clara,085,1922200,308024,307354,12197,319551,2184
2022-03-02,Santa Cruz,087,273765,46729,46534,1885,48419,253
2022-03-02,Shasta,089,179085,30344,30253,6125,36378,490
2022-03-02,Sierra,091,2930,273,273,41,314,4
2022-03-02,Siskiyou,093,43540,4395,4384,2719,7103,74
2022-03-02,Solano,095,438530,80806,80626,5426,86052,433
2022-03-02,Sonoma,097,501317,82436,82208,2067,84275,473
2022-03-02,Stanislaus,099,539301,117676,117411,16726,134137,1519
2022-03-02,Sutter,101,95872,20342,20317,1900,22217,216
2022-03-02,Tehama,103,63373,11960,11930,2582,14512,158
2022-03-02,Trinity,105,12862,1171,1160,292,1452,20
2022-03-02,Tulare,107,460477,103812,103451,28007,131458,1302
2022-03-02,Tuolumne,109,53932,12415,12297,564,12861,179
2022-03-02,Ventura,111,848112,171654,171770,9191,180961,1427
2022-03-02,Yolo,113,214977,35891,35799,3106,38905,305
2022-03-02,Yuba,115,75493,15676,15653,1175,16828,115
2022-03-01,Alameda,001,1643700,252213,251830,13601,265431,1749
2022-03-01,Alpine,003,1148,125,125,1,126,0
2022-03-01,Amador,005,37829,8376,8334,654,8988,83
2022-03-01,Butte,007,227075,32705,32575,6573,39148,372
2022-03-01,Calaveras,009,45235,7231,7223,354,7577,116
2022-03-01,Colusa,011,21464,3431,3423,1075,4498,21
2022-03-01,Contra Costa,013,1133247,186099,185378,12880,198258,1231
2022-03-01,Del Norte,015,27424,5741,5701,187,5888,45
2022-03-01,El Dorado,017,186661,26454,26413,3158,29571,192
2022-03-01,Fresno,019,978130,227329,226594,21924,248518,2628
2022-03-01,Glenn,021,27897,4934,4919,1536,6455,40
2022-03-01,Humboldt,023,135768,16799,16727,2907,19634,135
2022-03-01,Imperial,025,180216,54670,54570,10934,65504,875
2022-03-01,Inyo,027,18085,4047,4041,474,4515,56
2022-03-01,Kern,029,883053,190017,189365,44799,234164,2120
2022-03-01,Kings,031,150075,51023,50763,3572,54335,427
2022-03-01,Lake,033,64148,10542,10471,865,11336,128
2022-03-01,Lassen,035,31185,8881,8801,898,9699,61
2022-03-01,Los Angeles,037,10098052,2674695,2669489,121654,2791143,30486
2022-03-01,Madera,039,155013,37126,37046,5974,43020,354
2022-03-01,Marin,041,260295,32853,32764,2178,34942,272
2022-03-01,Mariposa,043,17540,2365,2357,196,2553,6
2022-03-01,Mendocino,045,87422,12903,12818,2909,15727,112
2022-03-01,Merced,047,269075,61698,61549,8344,69893,781
2022-03-01,Modoc,049,8938,730,729,250,979,7
2022-03-01,Mono,051,14174,2960,2960,119,3079,6
2022-03-01,Monterey,053,433212,78211,77911,13022,90933,696
2022-03-01,Napa,055,140530,25404,25344,960,26304,134
2022-03-01,Nevada,057,99092,15907,15916,1182,17098,121
2022-03-01,Orange,059,3164182,541418,541054,40800,581854,6612
2022-03-01,Placer,061,380077,62136,62021,7278,69299,583
2022-03-01,Plumas,063,18699,2704,2694,351,3045,13
2022-03-01,Riverside,065,2383286,587243,586184,27905,614089,6198
2022-03-01,Sacramento,067,1510023,273841,273089,26693,299782,2831
2022-03-01,San Benito,069,59416,12827,12806,509,13315,94
2022-03-01,San Bernardino,071,2135413,558273,556743,23965,580708,6588
2022-03-01,San Diego,073,3302833,742546,739136,49065,788201,5029
2022-03-01,San Francisco,075,870044,123225,123481,8583,132064,792
2022-03-01,San Joaquin,077,732212,165180,164894,9031,173925,2062
2022-03-01,San Luis Obispo,079,281455,51754,51592,3666,55258,445
2022-03-01,San Mateo,081,765935,118837,118358,6922,125280,613
2022-03-01,Santa Barbara,083,443738,85278,85134,4789,89923,654
2022-03-01,Santa Clara,085,1922200,307789,306978,12197,319175,2190
2022-03-01,Santa Cruz,087,273765,46684,46471,1885,48356,253
2022-03-01,Shasta,089,179085,30317,30227,6125,36352,489
2022-03-01,Sierra,091,2930,273,274,41,315,5
2022-03-01,Siskiyou,093,43540,4392,4384,2719,7103,74
2022-03-01,Solano,095,438530,80752,80556,5426,85982,434
2022-03-01,Sonoma,097,501317,82375,82103,2067,84170,477
2022-03-01,Stanislaus,099,539301,117632,117308,16726,134034,1521
2022-03-01,Sutter,101,95872,20328,20288,1900,22188,217
2022-03-01,Tehama,103,63373,11954,11923,2582,14505,158
2022-03-01,Trinity,105,12862,1170,1159,292,1451,20
2022-03-01,Tulare,107,460477,103736,103371,28007,131378,1302
2022-03-01,Tuolumne,109,53932,12411,12276,564,12840,175
2022-03-01,Ventura,111,848112,171590,171672,9191,180863,1427
2022-03-01,Yolo,113,214977,35865,35801,3106,38907,299
2022-03-01,Yuba,115,75493,15669,15637,1175,16812,116
2022-02-28,Alameda,001,1643700,252023,251714,13601,265315,1742
2022-02-28,Alpine,003,1148,125,125,1,126,0
2022-02-28,Amador,005,37829,8369,8308,654,8962,83
2022-02-28,Butte,007,227075,32682,32550,6572,39122,368
2022-02-28,Calaveras,009,45235,7229,7220,354,7574,110
2022-02-28,Colusa,011,21464,3429,3422,1070,4492,21
2022-02-28,Contra Costa,013,1133247,186006,185272,12880,198152,1231
2022-02-28,Del Norte,015,27424,5738,5699,187,5886,45
2022-02-28,El Dorado,017,186661,26447,26409,3157,29566,191
2022-02-28,Fresno,019,978130,227131,226519,21924,248443,2622
2022-02-28,Glenn,021,27897,4932,4918,1536,6454,40
2022-02-28,Humboldt,023,135768,16784,16717,2907,19624,135
2022-02-28,Imperial,025,180216,54646,54517,10934,65451,875
2022-02-28,Inyo,027,18085,4047,4041,474,4515,56
2022-02-28,Kern,029,883053,189924,189245,44798,234043,2115
2022-02-28,Kings,031,150075,50986,50741,3571,54312,427
2022-02-28,Lake,033,64148,10533,10468,865,11333,128
2022-02-28,Lassen,035,31185,8824,8794,898,9692,55
2022-02-28,Los Angeles,037,10098052,2673620,2666804,121646,2788450,30410
2022-02-28,Madera,039,155013,37104,37023,5974,42997,354
2022-02-28,Marin,041,260295,32831,32775,2178,34953,272
2022-02-28,Mariposa,043,17540,2362,2354,196,2550,6
2022-02-28,Mendocino,045,87422,12892,12800,2909,15709,112
2022-02-28,Merced,047,269075,61656,61519,8343,69862,781
2022-02-28,Modoc,049,8938,730,727,250,977,7
2022-02-28,Mono,051,14174,2960,2961,119,3080,5
2022-02-28,Monterey,053,433212,78149,77865,13012,90877,693
2022-02-28,Napa,055,140530,25382,25317,960,26277,129
2022-02-28,Nevada,057,99092,15902,15908,1182,17090,121
2022-02-28,Orange,059,3164182,541182,540839,40800,581639,6605
2022-02-28,Placer,061,380077,62106,61976,7278,69254,577
2022-02-28,Plumas,063,18699,2704,2691,351,3042,13
2022-02-28,Riverside,065,2383286,587067,585891,27885,613776,6179
2022-02-28,Sacramento,067,1510023,273719,273038,26693,299731,2825
2022-02-28,San Benito,069,59416,12823,12798,509,13307,94
2022-02-28,San Bernardino,071,2135413,558100,556540,23962,580502,6576
2022-02-28,San Diego,073,3302833,742179,737760,49065,786825,5018
2022-02-28,San Francisco,075,870044,123079,123402,8583,131985,792
2022-02-28,San Joaquin,077,732212,165103,164833,9031,173864,2060
2022-02-28,San Luis Obispo,079,281455,51696,51565,3665,55230,440
2022-02-28,San Mateo,081,765935,118745,118301,6922,125223,611
2022-02-28,Santa Barbara,083,443738,85237,85076,4787,89863,653
2022-02-28,Santa Clara,085,1922200,307531,306930,12197,319127,2180
2022-02-28,Santa Cruz,087,273765,46613,46447,1885,48332,253
2022-02-28,Shasta,089,179085,30295,30213,6125,36338,488
2022-02-28,Sierra,091,2930,273,273,41,314,4
2022-02-28,Siskiyou,093,43540,4390,4382,2716,7098,74
2022-02-28,Solano,095,438530,80694,80544,5426,85970,430
2022-02-28,Sonoma,097,501317,82318,82058,2067,84125,477
2022-02-28,Stanislaus,099,539301,117570,117231,16687,133918,1521
2022-02-28,Sutter,101,95872,20315,20285,1899,22184,214
2022-02-28,Tehama,103,63373,11940,11917,2582,14499,158
2022-02-28,Trinity,105,12862,1170,1160,292,1452,20
2022-02-28,Tulare,107,460477,103691,103304,28007,131311,1300
2022-02-28,Tuolumne,109,53932,12401,12247,564,12811,175
2022-02-28,Ventura,111,848112,171508,171614,9191,180805,1423
2022-02-28,Yolo,113,214977,35828,35754,3106,38860,299
2022-02-28,Yuba,115,75493,15658,15625,1174,16799,115
2022-02-27,Alameda,001,1643700,251771,251624,13590,265214,1744
2022-02-27,Alpine,003,1148,125,125,1,126,0
2022-02-27,Amador,005,37829,8366,8305,650,8955,83
2022-02-27,Butte,007,227075,32648,32551,6568,39119,368
2022-02-27,Calaveras,009,45235,7222,7214,352,7566,110
2022-02-27,Colusa,011,21464,3428,3422,1070,4492,21
2022-02-27,Contra Costa,013,1133247,185879,185185,12876,198061,1230
2022-02-27,Del Norte,015,27424,5721,5691,186,5877,45
2022-02-27,El Dorado,017,186661,26430,26410,3154,29564,191
2022-02-27,Fresno,019,978130,226933,226397,21906,248303,2621
2022-02-27,Glenn,021,27897,4929,4915,1535,6450,40
2022-02-27,Humboldt,023,135768,16763,16713,2902,19615,135
2022-02-27,Imperial,025,180216,54601,54509,10923,65432,875
2022-02-27,Inyo,027,18085,4046,4041,474,4515,56
2022-02-27,Kern,029,883053,189810,189219,44783,234002,2115
2022-02-27,Kings,031,150075,50956,50733,3569,54302,428
2022-02-27,Lake,033,64148,10514,10463,865,11328,128
2022-02-27,Lassen,035,31185,8816,8786,898,9684,55
2022-02-27,Los Angeles,037,10098052,2672447,2666789,121641,2788430,30410
2022-02-27,Madera,039,155013,37077,37009,5964,42973,354
2022-02-27,Marin,041,260295,32795,32756,2176,34932,272
2022-02-27,Mariposa,043,17540,2359,2352,194,2546,6
2022-02-27,Mendocino,045,87422,12875,12798,2899,15697,112
2022-02-27,Merced,047,269075,61606,61491,8334,69825,779
2022-02-27,Modoc,049,8938,729,727,250,977,7
2022-02-27,Mono,051,14174,2959,2960,119,3079,5
2022-02-27,Monterey,053,433212,78089,77851,12990,90841,693
2022-02-27,Napa,055,140530,25346,25316,959,26275,129
2022-02-27,Nevada,057,99092,15895,15900,1178,17078,121
2022-02-27,Orange,059,3164182,540942,540659,40789,581448,6605
2022-02-27,Placer,061,380077,62064,61965,7275,69240,577
2022-02-27,Plumas,063,18699,2701,2691,348,3039,13
2022-02-27,Riverside,065,2383286,586835,585833,27864,613697,6179
2022-02-27,Sacramento,067,1510023,273541,272927,26657,299584,2822
2022-02-27,San Benito,069,59416,12816,12798,509,13307,94
2022-02-27,San Bernardino,071,2135413,557925,556457,23955,580412,6572
2022-02-27,San Diego,073,3302833,741712,737760,49018,786778,5018
2022-02-27,San Francisco,075,870044,122966,123327,8569,131896,791
2022-02-27,San Joaquin,077,732212,165002,164814,9027,173841,2060
2022-02-27,San Luis Obispo,079,281455,51604,51564,3659,55223,439
2022-02-27,San Mateo,081,765935,118645,118244,6916,125160,611
2022-02-27,Santa Barbara,083,443738,85197,85050,4784,89834,653
2022-02-27,Santa Clara,085,1922200,307242,306756,12175,318931,2180
2022-02-27,Santa Cruz,087,273765,46552,46411,1884,48295,253
2022-02-27,Shasta,089,179085,30264,30206,6118,36324,488
2022-02-27,Sierra,091,2930,273,273,41,314,4
2022-02-27,Siskiyou,093,43540,4386,4378,2706,7084,74
2022-02-27,Solano,095,438530,80621,80515,5418,85933,430
2022-02-27,Sonoma,097,501317,82247,82041,2063,84104,476
2022-02-27,Stanislaus,099,539301,117506,117200,16650,133850,1522
2022-02-27,Sutter,101,95872,20298,20280,1896,22176,214
2022-02-27,Tehama,103,63373,11929,11915,2581,14496,158
2022-02-27,Trinity,105,12862,1169,1158,292,1450,20
2022-02-27,Tulare,107,460477,103621,103270,27942,131212,1300
2022-02-27,Tuolumne,109,53932,12388,12243,564,12807,175
2022-02-27,Ventura,111,848112,171433,171660,9189,180849,1423
2022-02-27,Yolo,113,214977,35801,35744,3106,38850,299
2022-02-27,Yuba,115,75493,15648,15619,1172,16791,113
2022-02-26,Alameda,001,1643700,251673,250867,13586,264453,1716
2022-02-26,Alpine,003,1148,125,125,1,126,0
2022-02-26,Amador,005,37829,8363,8282,650,8932,83
2022-02-26,Butte,007,227075,32634,32466,6568,39034,368
2022-02-26,Calaveras,009,45235,7222,7192,352,7544,110
2022-02-26,Colusa,011,21464,3428,3414,1070,4484,21
2022-02-26,Contra Costa,013,1133247,185814,184686,12858,197544,1209
2022-02-26,Del Norte,015,27424,5716,5639,186,5825,45
2022-02-26,El Dorado,017,186661,26422,26355,3153,29508,191
2022-02-26,Fresno,019,978130,226844,225679,21905,247584,2597
2022-02-26,Glenn,021,27897,4927,4909,1534,6443,40
2022-02-26,Humboldt,023,135768,16737,16619,2902,19521,133
2022-02-26,Imperial,025,180216,54576,54367,10923,65290,871
2022-02-26,Inyo,027,18085,4045,4034,469,4503,56
2022-02-26,Kern,029,883053,189765,188584,44775,233359,2106
2022-02-26,Kings,031,150075,50944,50579,3569,54148,423
2022-02-26,Lake,033,64148,10509,10383,865,11248,128
2022-02-26,Lassen,035,31185,8815,8761,898,9659,55
2022-02-26,Los Angeles,037,10098052,2671973,2660973,121614,2782587,30202
2022-02-26,Madera,039,155013,37063,36933,5961,42894,330
2022-02-26,Marin,041,260295,32782,32651,2176,34827,267
2022-02-26,Mariposa,043,17540,2358,2332,194,2526,6
2022-02-26,Mendocino,045,87422,12871,12762,2899,15661,111
2022-02-26,Merced,047,269075,61586,61348,8334,69682,775
2022-02-26,Modoc,049,8938,729,726,250,976,7
2022-02-26,Mono,051,14174,2959,2959,117,3076,5
2022-02-26,Monterey,053,433212,78061,77610,12990,90600,692
2022-02-26,Napa,055,140530,25331,25221,959,26180,130
2022-02-26,Nevada,057,99092,15891,15850,1176,17026,121
2022-02-26,Orange,059,3164182,540836,539992,40763,580755,6540
2022-02-26,Placer,061,380077,62047,61803,7274,69077,573
2022-02-26,Plumas,063,18699,2701,2673,348,3021,13
2022-02-26,Riverside,065,2383286,586725,584835,27854,612689,6143
2022-02-26,Sacramento,067,1510023,273455,272339,26643,298982,2793
2022-02-26,San Benito,069,59416,12812,12770,509,13279,92
2022-02-26,San Bernardino,071,2135413,557847,555668,23950,579618,6505
2022-02-26,San Diego,073,3302833,741501,736049,49015,785064,5002
2022-02-26,San Francisco,075,870044,122902,123079,8563,131642,769
2022-02-26,San Joaquin,077,732212,164972,164418,9025,173443,2048
2022-02-26,San Luis Obispo,079,281455,51590,51358,3658,55016,438
2022-02-26,San Mateo,081,765935,118591,117860,6914,124774,603
2022-02-26,Santa Barbara,083,443738,85167,84830,4784,89614,652
2022-02-26,Santa Clara,085,1922200,307091,305895,12172,318067,2166
2022-02-26,Santa Cruz,087,273765,46532,46186,1884,48070,251
2022-02-26,Shasta,089,179085,30255,30108,6116,36224,485
2022-02-26,Sierra,091,2930,273,270,41,311,1
2022-02-26,Siskiyou,093,43540,4386,4359,2706,7065,72
2022-02-26,Solano,095,438530,80586,80225,5417,85642,428
2022-02-26,Sonoma,097,501317,82214,81702,2063,83765,432
2022-02-26,Stanislaus,099,539301,117471,116896,16647,133543,1503
2022-02-26,Sutter,101,95872,20289,20230,1896,22126,214
2022-02-26,Tehama,103,63373,11924,11878,2581,14459,158
2022-02-26,Trinity,105,12862,1168,1156,292,1448,20
2022-02-26,Tulare,107,460477,103585,102983,27932,130915,1295
2022-02-26,Tuolumne,109,53932,12387,12169,564,12733,175
2022-02-26,Ventura,111,848112,171399,171292,9188,180480,1411
2022-02-26,Yolo,113,214977,35780,35615,3100,38715,296
2022-02-26,Yuba,115,75493,15637,15587,1172,16759,113
2022-02-25,Alameda,001,1643700,251556,250867,13583,264450,1716
2022-02-25,Alpine,003,1148,125,125,1,126,0
2022-02-25,Amador,005,37829,8352,8282,650,8932,83
2022-02-25,Butte,007,227075,32625,32466,6567,39033,368
2022-02-25,Calaveras,009,45235,7220,7192,352,7544,110
2022-02-25,Colusa,011,21464,3428,3414,1070,4484,21
2022-02-25,Contra Costa,013,1133247,185732,184686,12834,197520,1209
2022-02-25,Del Norte,015,27424,5706,5639,185,5824,45
2022-02-25,El Dorado,017,186661,26413,26355,3153,29508,191
2022-02-25,Fresno,019,978130,226747,225679,21900,247579,2597
2022-02-25,Glenn,021,27897,4925,4909,1534,6443,40
2022-02-25,Humboldt,023,135768,16726,16619,2901,19520,133
2022-02-25,Imperial,025,180216,54559,54367,10923,65290,871
2022-02-25,Inyo,027,18085,4044,4034,469,4503,56
2022-02-25,Kern,029,883053,189700,188584,44772,233356,2106
2022-02-25,Kings,031,150075,50929,50579,3568,54147,423
2022-02-25,Lake,033,64148,10495,10383,865,11248,128
2022-02-25,Lassen,035,31185,8813,8761,898,9659,55
2022-02-25,Los Angeles,037,10098052,2671434,2660973,121596,2782569,30202
2022-02-25,Madera,039,155013,37047,36933,5960,42893,330
2022-02-25,Marin,041,260295,32768,32651,2176,34827,267
2022-02-25,Mariposa,043,17540,2355,2332,194,2526,6
2022-02-25,Mendocino,045,87422,12869,12762,2899,15661,111
2022-02-25,Merced,047,269075,61556,61348,8334,69682,775
2022-02-25,Modoc,049,8938,729,726,250,976,7
2022-02-25,Mono,051,14174,2958,2959,117,3076,5
2022-02-25,Monterey,053,433212,78036,77610,12988,90598,692
2022-02-25,Napa,055,140530,25323,25221,959,26180,130
2022-02-25,Nevada,057,99092,15880,15850,1175,17025,121
2022-02-25,Orange,059,3164182,540705,539992,40740,580732,6540
2022-02-25,Placer,061,380077,62033,61803,7272,69075,573
2022-02-25,Plumas,063,18699,2699,2673,348,3021,13
2022-02-25,Riverside,065,2383286,586577,584835,27846,612681,6143
2022-02-25,Sacramento,067,1510023,273369,272339,26642,298981,2793
2022-02-25,San Benito,069,59416,12810,12770,509,13279,92
2022-02-25,San Bernardino,071,2135413,557747,555668,23946,579614,6505
2022-02-25,San Diego,073,3302833,741219,736049,49011,785060,5002
2022-02-25,San Francisco,075,870044,122824,123079,8559,131638,769
2022-02-25,San Joaquin,077,732212,164931,164418,9021,173439,2048
2022-02-25,San Luis Obispo,079,281455,51586,51358,3658,55016,438
2022-02-25,San Mateo,081,765935,118531,117860,6914,124774,603
2022-02-25,Santa Barbara,083,443738,85133,84830,4784,89614,652
2022-02-25,Santa Clara,085,1922200,306906,305895,12170,318065,2166
2022-02-25,Santa Cruz,087,273765,46498,46186,1883,48069,251
2022-02-25,Shasta,089,179085,30245,30108,6116,36224,485
2022-02-25,Sierra,091,2930,273,270,41,311,1
2022-02-25,Siskiyou,093,43540,4386,4359,2706,7065,72
2022-02-25,Solano,095,438530,80558,80225,5416,85641,428
2022-02-25,Sonoma,097,501317,82166,81702,2062,83764,432
2022-02-25,Stanislaus,099,539301,117442,116896,16643,133539,1503
2022-02-25,Sutter,101,95872,20280,20230,1896,22126,214
2022-02-25,Tehama,103,63373,11920,11878,2581,14459,158
2022-02-25,Trinity,105,12862,1168,1156,292,1448,20
2022-02-25,Tulare,107,460477,103549,102983,27918,130901,1295
2022-02-25,Tuolumne,109,53932,12385,12169,564,12733,175
2022-02-25,Ventura,111,848112,171350,171292,9188,180480,1411
2022-02-25,Yolo,113,214977,35765,35615,3100,38715,296
2022-02-25,Yuba,115,75493,15629,15587,1172,16759,113
2022-02-24,Alameda,001,1643700,251348,250867,13569,264436,1716
2022-02-24,Alpine,003,1148,125,125,1,126,0
2022-02-24,Amador,005,37829,8347,8282,650,8932,83
2022-02-24,Butte,007,227075,32604,32466,6559,39025,368
2022-02-24,Calaveras,009,45235,7217,7192,350,7542,110
2022-02-24,Colusa,011,21464,3427,3414,1070,4484,21
2022-02-24,Contra Costa,013,1133247,185605,184686,12826,197512,1209
2022-02-24,Del Norte,015,27424,5692,5639,185,5824,45
2022-02-24,El Dorado,017,186661,26403,26355,3153,29508,191
2022-02-24,Fresno,019,978130,226544,225679,21887,247566,2597
2022-02-24,Glenn,021,27897,4924,4909,1534,6443,40
2022-02-24,Humboldt,023,135768,16710,16619,2900,19519,133
2022-02-24,Imperial,025,180216,54520,54367,10906,65273,871
2022-02-24,Inyo,027,18085,4043,4034,468,4502,56
2022-02-24,Kern,029,883053,189560,188584,44762,233346,2106
2022-02-24,Kings,031,150075,50899,50579,3564,54143,423
2022-02-24,Lake,033,64148,10476,10383,865,11248,128
2022-02-24,Lassen,035,31185,8809,8761,897,9658,55
2022-02-24,Los Angeles,037,10098052,2670357,2660973,121568,2782541,30202
2022-02-24,Madera,039,155013,37021,36933,5956,42889,330
2022-02-24,Marin,041,260295,32748,32651,2176,34827,267
2022-02-24,Mariposa,043,17540,2349,2332,193,2525,6
2022-02-24,Mendocino,045,87422,12862,12762,2895,15657,111
2022-02-24,Merced,047,269075,61526,61348,8327,69675,775
2022-02-24,Modoc,049,8938,728,726,250,976,7
2022-02-24,Mono,051,14174,2957,2959,117,3076,5
2022-02-24,Monterey,053,433212,77983,77610,12981,90591,692
2022-02-24,Napa,055,140530,25283,25221,953,26174,130
2022-02-24,Nevada,057,99092,15866,15850,1174,17024,121
2022-02-24,Orange,059,3164182,540463,539992,40705,580697,6540
2022-02-24,Placer,061,380077,61996,61803,7272,69075,573
2022-02-24,Plumas,063,18699,2693,2673,346,3019,13
2022-02-24,Riverside,065,2383286,586328,584835,27822,612657,6143
2022-02-24,Sacramento,067,1510023,273205,272339,26624,298963,2793
2022-02-24,San Benito,069,59416,12799,12770,509,13279,92
2022-02-24,San Bernardino,071,2135413,557567,555668,23937,579605,6505
2022-02-24,San Diego,073,3302833,740818,736049,48975,785024,5002
2022-02-24,San Francisco,075,870044,122705,123079,8551,131630,769
2022-02-24,San Joaquin,077,732212,164799,164418,9015,173433,2048
2022-02-24,San Luis Obispo,079,281455,51539,51358,3658,55016,438
2022-02-24,San Mateo,081,765935,118440,117860,6908,124768,603
2022-02-24,Santa Barbara,083,443738,85070,84830,4783,89613,652
2022-02-24,Santa Clara,085,1922200,306661,305895,12158,318053,2166
2022-02-24,Santa Cruz,087,273765,46416,46186,1882,48068,251
2022-02-24,Shasta,089,179085,30226,30108,6112,36220,485
2022-02-24,Sierra,091,2930,273,270,41,311,1
2022-02-24,Siskiyou,093,43540,4383,4359,2702,7061,72
2022-02-24,Solano,095,438530,80495,80225,5413,85638,428
2022-02-24,Sonoma,097,501317,82113,81702,2057,83759,432
2022-02-24,Stanislaus,099,539301,117366,116896,16623,133519,1503
2022-02-24,Sutter,101,95872,20266,20230,1879,22109,214
2022-02-24,Tehama,103,63373,11914,11878,2581,14459,158
2022-02-24,Trinity,105,12862,1166,1156,292,1448,20
2022-02-24,Tulare,107,460477,103493,102983,27895,130878,1295
2022-02-24,Tuolumne,109,53932,12374,12169,563,12732,175
2022-02-24,Ventura,111,848112,171271,171292,9185,180477,1411
2022-02-24,Yolo,113,214977,35740,35615,3099,38714,296
2022-02-24,Yuba,115,75493,15616,15587,1172,16759,113
2022-02-23,Alameda,001,1643700,251125,247686,13555,261241,1713
2022-02-23,Alpine,003,1148,125,125,1,126,0
2022-02-23,Amador,005,37829,8330,8274,650,8924,79
2022-02-23,Butte,007,227075,32576,32417,6557,38974,367
2022-02-23,Calaveras,009,45235,7207,7182,348,7530,107
2022-02-23,Colusa,011,21464,3423,3411,1070,4481,21
2022-02-23,Contra Costa,013,1133247,185462,184013,12815,196828,1209
2022-02-23,Del Norte,015,27424,5683,5625,184,5809,45
2022-02-23,El Dorado,017,186661,26387,26317,3150,29467,189
2022-02-23,Fresno,019,978130,226350,225308,21863,247171,2596
2022-02-23,Glenn,021,27897,4922,4909,1532,6441,40
2022-02-23,Humboldt,023,135768,16695,16601,2899,19500,132
2022-02-23,Imperial,025,180216,54491,54292,10895,65187,871
2022-02-23,Inyo,027,18085,4042,4031,465,4496,54
2022-02-23,Kern,029,883053,189451,188432,44740,233172,2106
2022-02-23,Kings,031,150075,50865,50416,3562,53978,423
2022-02-23,Lake,033,64148,10458,10368,864,11232,126
2022-02-23,Lassen,035,31185,8793,8749,897,9646,55
2022-02-23,Los Angeles,037,10098052,2669110,2659569,121531,2781100,30167
2022-02-23,Madera,039,155013,36990,36876,5947,42823,330
2022-02-23,Marin,041,260295,32724,32625,2176,34801,267
2022-02-23,Mariposa,043,17540,2344,2325,192,2517,6
2022-02-23,Mendocino,045,87422,12855,12747,2891,15638,111
2022-02-23,Merced,047,269075,61497,61295,8322,69617,772
2022-02-23,Modoc,049,8938,728,723,249,972,7
2022-02-23,Mono,051,14174,2956,2960,117,3077,5
2022-02-23,Monterey,053,433212,77945,77472,12964,90436,691
2022-02-23,Napa,055,140530,25261,25185,949,26134,128
2022-02-23,Nevada,057,99092,15859,15825,1171,16996,121
2022-02-23,Orange,059,3164182,540169,539631,40681,580312,6520
2022-02-23,Placer,061,380077,61948,61758,7269,69027,573
2022-02-23,Plumas,063,18699,2689,2663,346,3009,13
2022-02-23,Riverside,065,2383286,586037,584381,27782,612163,6119
2022-02-23,Sacramento,067,1510023,273049,272057,26599,298656,2796
2022-02-23,San Benito,069,59416,12792,12756,509,13265,92
2022-02-23,San Bernardino,071,2135413,557408,555238,23922,579160,6479
2022-02-23,San Diego,073,3302833,740305,735406,48939,784345,4988
2022-02-23,San Francisco,075,870044,122583,122127,8548,130675,769
2022-02-23,San Joaquin,077,732212,164710,164257,9010,173267,2042
2022-02-23,San Luis Obispo,079,281455,51491,51264,3657,54921,434
2022-02-23,San Mateo,081,765935,118345,117585,6900,124485,603
2022-02-23,Santa Barbara,083,443738,85009,84760,4779,89539,651
2022-02-23,Santa Clara,085,1922200,306407,305484,12147,317631,2157
2022-02-23,Santa Cruz,087,273765,46346,46059,1881,47940,251
2022-02-23,Shasta,089,179085,30198,30066,6108,36174,481
2022-02-23,Sierra,091,2930,273,270,41,311,1
2022-02-23,Siskiyou,093,43540,4380,4356,2701,7057,71
2022-02-23,Solano,095,438530,80409,80103,5411,85514,427
2022-02-23,Sonoma,097,501317,82060,81594,2056,83650,432
2022-02-23,Stanislaus,099,539301,117294,116789,16592,133381,1482
2022-02-23,Sutter,101,95872,20249,20194,1875,22069,213
2022-02-23,Tehama,103,63373,11904,11863,2581,14444,154
2022-02-23,Trinity,105,12862,1166,1156,292,1448,20
2022-02-23,Tulare,107,460477,103428,102812,27871,130683,1290
2022-02-23,Tuolumne,109,53932,12364,12158,562,12720,175
2022-02-23,Ventura,111,848112,171187,171163,9177,180340,1401
2022-02-23,Yolo,113,214977,35704,35590,3094,38684,296
2022-02-23,Yuba,115,75493,15613,15571,1170,16741,113
2022-02-22,Alameda,001,1643700,250892,247434,13542,260976,1706
2022-02-22,Alpine,003,1148,125,124,1,125,0
2022-02-22,Amador,005,37829,8320,8243,650,8893,79
2022-02-22,Butte,007,227075,32542,32359,6554,38913,366
2022-02-22,Calaveras,009,45235,7197,7178,348,7526,107
2022-02-22,Colusa,011,21464,3423,3402,1068,4470,21
2022-02-22,Contra Costa,013,1133247,185310,183812,12795,196607,1201
2022-02-22,Del Norte,015,27424,5674,5611,183,5794,45
2022-02-22,El Dorado,017,186661,26378,26289,3148,29437,189
2022-02-22,Fresno,019,978130,226117,225104,21837,246941,2592
2022-02-22,Glenn,021,27897,4921,4900,1531,6431,40
2022-02-22,Humboldt,023,135768,16676,16559,2896,19455,132
2022-02-22,Imperial,025,180216,54455,54227,10882,65109,864
2022-02-22,Inyo,027,18085,4041,4026,464,4490,54
2022-02-22,Kern,029,883053,189308,188237,44724,232961,2102
2022-02-22,Kings,031,150075,50800,50359,3560,53919,423
2022-02-22,Lake,033,64148,10447,10353,862,11215,126
2022-02-22,Lassen,035,31185,8789,8730,897,9627,55
2022-02-22,Los Angeles,037,10098052,2667691,2658230,121469,2779699,30129
2022-02-22,Madera,039,155013,36959,36833,5937,42770,330
2022-02-22,Marin,041,260295,32699,32591,2175,34766,267
2022-02-22,Mariposa,043,17540,2336,2322,192,2514,6
2022-02-22,Mendocino,045,87422,12842,12714,2881,15595,110
2022-02-22,Merced,047,269075,61439,61241,8316,69557,770
2022-02-22,Modoc,049,8938,725,720,248,968,6
2022-02-22,Mono,051,14174,2956,2961,117,3078,5
2022-02-22,Monterey,053,433212,77890,77359,12945,90304,690
2022-02-22,Napa,055,140530,25232,25151,947,26098,128
2022-02-22,Nevada,057,99092,15843,15815,1170,16985,121
2022-02-22,Orange,059,3164182,539891,539390,40647,580037,6502
2022-02-22,Placer,061,380077,61911,61709,7264,68973,572
2022-02-22,Plumas,063,18699,2683,2659,345,3004,13
2022-02-22,Riverside,065,2383286,585777,583969,27760,611729,6097
2022-02-22,Sacramento,067,1510023,272870,271789,26571,298360,2775
2022-02-22,San Benito,069,59416,12781,12742,508,13250,92
2022-02-22,San Bernardino,071,2135413,557210,554903,23905,578808,6451
2022-02-22,San Diego,073,3302833,739776,734536,48890,783426,4974
2022-02-22,San Francisco,075,870044,122457,121954,8541,130495,769
2022-02-22,San Joaquin,077,732212,164593,164111,8997,173108,2040
2022-02-22,San Luis Obispo,079,281455,51406,51193,3651,54844,431
2022-02-22,San Mateo,081,765935,118252,117418,6896,124314,603
2022-02-22,Santa Barbara,083,443738,84946,84701,4773,89474,650
2022-02-22,Santa Clara,085,1922200,306131,305045,12141,317186,2155
2022-02-22,Santa Cruz,087,273765,46281,45958,1881,47839,251
2022-02-22,Shasta,089,179085,30174,30024,6104,36128,479
2022-02-22,Sierra,091,2930,273,269,40,309,0
2022-02-22,Siskiyou,093,43540,4377,4350,2696,7046,70
2022-02-22,Solano,095,438530,80334,79968,5409,85377,425
2022-02-22,Sonoma,097,501317,81994,81412,2054,83466,431
2022-02-22,Stanislaus,099,539301,117216,116676,16540,133216,1475
2022-02-22,Sutter,101,95872,20233,20164,1872,22036,210
2022-02-22,Tehama,103,63373,11896,11852,2578,14430,152
2022-02-22,Trinity,105,12862,1166,1147,291,1438,20
2022-02-22,Tulare,107,460477,103316,102717,27846,130563,1287
2022-02-22,Tuolumne,109,53932,12343,12136,561,12697,175
2022-02-22,Ventura,111,848112,171104,171064,9170,180234,1401
2022-02-22,Yolo,113,214977,35666,35527,3089,38616,292
2022-02-22,Yuba,115,75493,15604,15550,1168,16718,110
2022-02-21,Alameda,001,1643700,250606,247434,13528,260962,1704
2022-02-21,Alpine,003,1148,125,124,1,125,0
2022-02-21,Amador,005,37829,8313,8246,649,8895,79
2022-02-21,Butte,007,227075,32494,32356,6531,38887,366
2022-02-21,Calaveras,009,45235,7189,7175,348,7523,107
2022-02-21,Colusa,011,21464,3421,3401,1067,4468,21
2022-02-21,Contra Costa,013,1133247,185076,183701,12780,196481,1201
2022-02-21,Del Norte,015,27424,5655,5601,181,5782,45
2022-02-21,El Dorado,017,186661,26351,26273,3144,29417,189
2022-02-21,Fresno,019,978130,225798,224923,21777,246700,2592
2022-02-21,Glenn,021,27897,4917,4897,1530,6427,40
2022-02-21,Humboldt,023,135768,16633,16548,2890,19438,132
2022-02-21,Imperial,025,180216,54399,54208,10866,65074,864
2022-02-21,Inyo,027,18085,4037,4023,463,4486,54
2022-02-21,Kern,029,883053,189118,188188,44691,232879,2102
2022-02-21,Kings,031,150075,50734,50188,3556,53744,422
2022-02-21,Lake,033,64148,10426,10334,860,11194,126
2022-02-21,Lassen,035,31185,8781,8705,892,9597,55
2022-02-21,Los Angeles,037,10098052,2665956,2656873,121394,2778267,30108
2022-02-21,Madera,039,155013,36917,36796,5912,42708,330
2022-02-21,Marin,041,260295,32676,32570,2173,34743,258
2022-02-21,Mariposa,043,17540,2333,2321,192,2513,6
2022-02-21,Mendocino,045,87422,12817,12706,2870,15576,110
2022-02-21,Merced,047,269075,61382,61209,8298,69507,770
2022-02-21,Modoc,049,8938,724,718,248,966,6
2022-02-21,Mono,051,14174,2955,2960,117,3077,5
2022-02-21,Monterey,053,433212,77797,77354,12902,90256,690
2022-02-21,Napa,055,140530,25192,25126,947,26073,128
2022-02-21,Nevada,057,99092,15831,15810,1167,16977,121
2022-02-21,Orange,059,3164182,539543,539068,40619,579687,6502
2022-02-21,Placer,061,380077,61859,61727,7261,68988,572
2022-02-21,Plumas,063,18699,2679,2657,340,2997,13
2022-02-21,Riverside,065,2383286,585411,583712,27713,611425,6097
2022-02-21,Sacramento,067,1510023,272604,271588,26534,298122,2769
2022-02-21,San Benito,069,59416,12768,12731,508,13239,92
2022-02-21,San Bernardino,071,2135413,556975,554662,23883,578545,6441
2022-02-21,San Diego,073,3302833,739155,732298,48825,781123,4974
2022-02-21,San Francisco,075,870044,122282,121865,8537,130402,769
2022-02-21,San Joaquin,077,732212,164454,164036,8983,173019,2040
2022-02-21,San Luis Obispo,079,281455,51314,51184,3643,54827,429
2022-02-21,San Mateo,081,765935,118164,117259,6888,124147,605
2022-02-21,Santa Barbara,083,443738,84870,84626,4764,89390,650
2022-02-21,Santa Clara,085,1922200,305796,304858,12134,316992,2158
2022-02-21,Santa Cruz,087,273765,46156,45941,1880,47821,251
2022-02-21,Shasta,089,179085,30127,30004,6094,36098,479
2022-02-21,Sierra,091,2930,273,269,40,309,0
2022-02-21,Siskiyou,093,43540,4365,4337,2691,7028,70
2022-02-21,Solano,095,438530,80239,79906,5403,85309,425
2022-02-21,Sonoma,097,501317,81883,81361,2048,83409,431
2022-02-21,Stanislaus,099,539301,117109,116597,16446,133043,1475
2022-02-21,Sutter,101,95872,20207,20152,1870,22022,210
2022-02-21,Tehama,103,63373,11882,11842,2578,14420,152
2022-02-21,Trinity,105,12862,1165,1147,291,1438,20
2022-02-21,Tulare,107,460477,103216,102614,27792,130406,1287
2022-02-21,Tuolumne,109,53932,12335,12126,558,12684,175
2022-02-21,Ventura,111,848112,170968,170939,9162,180101,1401
2022-02-21,Yolo,113,214977,35624,35518,3080,38598,292
2022-02-21,Yuba,115,75493,15585,15546,1159,16705,110
2022-02-20,Alameda,001,1643700,250386,246028,13517,259545,1700
2022-02-20,Alpine,003,1148,125,124,1,125,0
2022-02-20,Amador,005,37829,8301,8203,649,8852,79
2022-02-20,Butte,007,227075,32464,32173,6525,38698,364
2022-02-20,Calaveras,009,45235,7186,7136,347,7483,107
2022-02-20,Colusa,011,21464,3418,3389,1065,4454,21
2022-02-20,Contra Costa,013,1133247,184952,182797,12775,195572,1190
2022-02-20,Del Norte,015,27424,5638,5511,180,5691,45
2022-02-20,El Dorado,017,186661,26329,26101,3142,29243,189
2022-02-20,Fresno,019,978130,225606,223594,21766,245360,2544
2022-02-20,Glenn,021,27897,4915,4881,1530,6411,39
2022-02-20,Humboldt,023,135768,16619,16393,2886,19279,132
2022-02-20,Imperial,025,180216,54341,53967,10854,64821,862
2022-02-20,Inyo,027,18085,4036,4018,462,4480,52
2022-02-20,Kern,029,883053,188986,187158,44674,231832,2095
2022-02-20,Kings,031,150075,50704,49724,3552,53276,421
2022-02-20,Lake,033,64148,10394,10184,859,11043,126
2022-02-20,Lassen,035,31185,8770,8640,892,9532,55
2022-02-20,Los Angeles,037,10098052,2664674,2642878,121327,2764205,29842
2022-02-20,Madera,039,155013,36886,36526,5908,42434,330
2022-02-20,Marin,041,260295,32659,32441,2172,34613,258
2022-02-20,Mariposa,043,17540,2327,2310,191,2501,6
2022-02-20,Mendocino,045,87422,12808,12625,2867,15492,110
2022-02-20,Merced,047,269075,61354,60886,8297,69183,769
2022-02-20,Modoc,049,8938,723,714,248,962,6
2022-02-20,Mono,051,14174,2955,2956,117,3073,5
2022-02-20,Monterey,053,433212,77738,76765,12890,89655,682
2022-02-20,Napa,055,140530,25172,24970,946,25916,127
2022-02-20,Nevada,057,99092,15820,15715,1166,16881,121
2022-02-20,Orange,059,3164182,539231,538019,40582,578601,6416
2022-02-20,Placer,061,380077,61822,61417,7255,68672,560
2022-02-20,Plumas,063,18699,2676,2646,339,2985,13
2022-02-20,Riverside,065,2383286,585122,581788,27682,609470,6087
2022-02-20,Sacramento,067,1510023,272424,270080,26513,296593,2747
2022-02-20,San Benito,069,59416,12765,12665,508,13173,92
2022-02-20,San Bernardino,071,2135413,556773,553151,23864,577015,6400
2022-02-20,San Diego,073,3302833,738574,729549,48773,778322,4947
2022-02-20,San Francisco,075,870044,122136,121197,8529,129726,756
2022-02-20,San Joaquin,077,732212,164332,163083,8971,172054,2033
2022-02-20,San Luis Obispo,079,281455,51284,50823,3639,54462,424
2022-02-20,San Mateo,081,765935,118093,116648,6881,123529,598
2022-02-20,Santa Barbara,083,443738,84821,83988,4763,88751,642
2022-02-20,Santa Clara,085,1922200,305516,303077,12125,315202,2138
2022-02-20,Santa Cruz,087,273765,46089,45532,1878,47410,250
2022-02-20,Shasta,089,179085,30096,29847,6087,35934,479
2022-02-20,Sierra,091,2930,273,269,40,309,0
2022-02-20,Siskiyou,093,43540,4359,4307,2690,6997,70
2022-02-20,Solano,095,438530,80163,78914,5399,84313,424
2022-02-20,Sonoma,097,501317,81807,80843,2047,82890,431
2022-02-20,Stanislaus,099,539301,117040,115976,16434,132410,1454
2022-02-20,Sutter,101,95872,20194,20060,1867,21927,210
2022-02-20,Tehama,103,63373,11869,11760,2576,14336,152
2022-02-20,Trinity,105,12862,1164,1130,291,1421,20
2022-02-20,Tulare,107,460477,103124,101996,27765,129761,1286
2022-02-20,Tuolumne,109,53932,12312,12036,557,12593,175
2022-02-20,Ventura,111,848112,170871,170331,9159,179490,1384
2022-02-20,Yolo,113,214977,35598,35363,3076,38439,293
2022-02-20,Yuba,115,75493,15569,15449,1158,16607,112
2022-02-19,Alameda,001,1643700,250219,246028,13515,259543,1700
2022-02-19,Alpine,003,1148,125,124,1,125,0
2022-02-19,Amador,005,37829,8297,8203,649,8852,79
2022-02-19,Butte,007,227075,32440,32173,6521,38694,364
2022-02-19,Calaveras,009,45235,7186,7136,347,7483,107
2022-02-19,Colusa,011,21464,3417,3389,1064,4453,21
2022-02-19,Contra Costa,013,1133247,184853,182797,12774,195571,1190
2022-02-19,Del Norte,015,27424,5628,5511,179,5690,45
2022-02-19,El Dorado,017,186661,26314,26101,3141,29242,189
2022-02-19,Fresno,019,978130,225487,223594,21763,245357,2544
2022-02-19,Glenn,021,27897,4912,4881,1530,6411,39
2022-02-19,Humboldt,023,135768,16603,16393,2886,19279,132
2022-02-19,Imperial,025,180216,54324,53967,10848,64815,862
2022-02-19,Inyo,027,18085,4035,4018,461,4479,52
2022-02-19,Kern,029,883053,188888,187158,44661,231819,2095
2022-02-19,Kings,031,150075,50684,49724,3550,53274,421
2022-02-19,Lake,033,64148,10385,10184,859,11043,126
2022-02-19,Lassen,035,31185,8758,8640,891,9531,55
2022-02-19,Los Angeles,037,10098052,2663921,2642878,121289,2764167,29842
2022-02-19,Madera,039,155013,36864,36526,5907,42433,330
2022-02-19,Marin,041,260295,32636,32441,2171,34612,258
2022-02-19,Mariposa,043,17540,2324,2310,191,2501,6
2022-02-19,Mendocino,045,87422,12800,12625,2867,15492,110
2022-02-19,Merced,047,269075,61308,60886,8295,69181,769
2022-02-19,Modoc,049,8938,723,714,247,961,6
2022-02-19,Mono,051,14174,2954,2956,117,3073,5
2022-02-19,Monterey,053,433212,77647,76765,12886,89651,682
2022-02-19,Napa,055,140530,25162,24970,946,25916,127
2022-02-19,Nevada,057,99092,15812,15715,1166,16881,121
2022-02-19,Orange,059,3164182,539036,538019,40560,578579,6416
2022-02-19,Placer,061,380077,61776,61417,7254,68671,560
2022-02-19,Plumas,063,18699,2675,2646,339,2985,13
2022-02-19,Riverside,065,2383286,584927,581788,27665,609453,6087
2022-02-19,Sacramento,067,1510023,272282,270080,26508,296588,2747
2022-02-19,San Benito,069,59416,12751,12665,507,13172,92
2022-02-19,San Bernardino,071,2135413,556627,553151,23859,577010,6400
2022-02-19,San Diego,073,3302833,738218,729549,48736,778285,4947
2022-02-19,San Francisco,075,870044,122049,121197,8525,129722,756
2022-02-19,San Joaquin,077,732212,164256,163083,8960,172043,2033
2022-02-19,San Luis Obispo,079,281455,51270,50823,3638,54461,424
2022-02-19,San Mateo,081,765935,118051,116648,6879,123527,598
2022-02-19,Santa Barbara,083,443738,84746,83988,4761,88749,642
2022-02-19,Santa Clara,085,1922200,305318,303077,12123,315200,2138
2022-02-19,Santa Cruz,087,273765,46053,45532,1878,47410,250
2022-02-19,Shasta,089,179085,30083,29847,6084,35931,479
2022-02-19,Sierra,091,2930,273,269,40,309,0
2022-02-19,Siskiyou,093,43540,4356,4307,2690,6997,70
2022-02-19,Solano,095,438530,80121,78914,5398,84312,424
2022-02-19,Sonoma,097,501317,81761,80843,2047,82890,431
2022-02-19,Stanislaus,099,539301,116969,115976,16428,132404,1454
2022-02-19,Sutter,101,95872,20186,20060,1867,21927,210
2022-02-19,Tehama,103,63373,11862,11760,2576,14336,152
2022-02-19,Trinity,105,12862,1162,1130,291,1421,20
2022-02-19,Tulare,107,460477,103073,101996,27739,129735,1286
2022-02-19,Tuolumne,109,53932,12304,12036,557,12593,175
2022-02-19,Ventura,111,848112,170796,170331,9156,179487,1384
2022-02-19,Yolo,113,214977,35568,35363,3074,38437,293
2022-02-19,Yuba,115,75493,15560,15449,1157,16606,112
2022-02-18,Alameda,001,1643700,250040,246028,13508,259536,1700
2022-02-18,Alpine,003,1148,124,124,1,125,0
2022-02-18,Amador,005,37829,8289,8203,647,8850,79
2022-02-18,Butte,007,227075,32419,32173,6518,38691,364
2022-02-18,Calaveras,009,45235,7180,7136,346,7482,107
2022-02-18,Colusa,011,21464,3415,3389,1064,4453,21
2022-02-18,Contra Costa,013,1133247,184749,182797,12768,195565,1190
2022-02-18,Del Norte,015,27424,5613,5511,179,5690,45
2022-02-18,El Dorado,017,186661,26302,26101,3141,29242,189
2022-02-18,Fresno,019,978130,225299,223594,21756,245350,2544
2022-02-18,Glenn,021,27897,4911,4881,1529,6410,39
2022-02-18,Humboldt,023,135768,16586,16393,2882,19275,132
2022-02-18,Imperial,025,180216,54300,53967,10838,64805,862
2022-02-18,Inyo,027,18085,4034,4018,461,4479,52
2022-02-18,Kern,029,883053,188774,187158,44632,231790,2095
2022-02-18,Kings,031,150075,50596,49724,3550,53274,421
2022-02-18,Lake,033,64148,10368,10184,858,11042,126
2022-02-18,Lassen,035,31185,8738,8640,890,9530,55
2022-02-18,Los Angeles,037,10098052,2662962,2642878,121244,2764122,29842
2022-02-18,Madera,039,155013,36838,36526,5906,42432,330
2022-02-18,Marin,041,260295,32612,32441,2169,34610,258
2022-02-18,Mariposa,043,17540,2322,2310,191,2501,6
2022-02-18,Mendocino,045,87422,12789,12625,2867,15492,110
2022-02-18,Merced,047,269075,61264,60886,8285,69171,769
2022-02-18,Modoc,049,8938,723,714,247,961,6
2022-02-18,Mono,051,14174,2954,2956,117,3073,5
2022-02-18,Monterey,053,433212,77576,76765,12881,89646,682
2022-02-18,Napa,055,140530,25144,24970,946,25916,127
2022-02-18,Nevada,057,99092,15804,15715,1166,16881,121
2022-02-18,Orange,059,3164182,538804,538019,40519,578538,6416
2022-02-18,Placer,061,380077,61747,61417,7246,68663,560
2022-02-18,Plumas,063,18699,2672,2646,339,2985,13
2022-02-18,Riverside,065,2383286,584722,581788,27657,609445,6087
2022-02-18,Sacramento,067,1510023,272077,270080,26500,296580,2747
2022-02-18,San Benito,069,59416,12743,12665,507,13172,92
2022-02-18,San Bernardino,071,2135413,556450,553151,23853,577004,6400
2022-02-18,San Diego,073,3302833,737792,729549,48713,778262,4947
2022-02-18,San Francisco,075,870044,121960,121197,8517,129714,756
2022-02-18,San Joaquin,077,732212,164189,163083,8953,172036,2033
2022-02-18,San Luis Obispo,079,281455,51255,50823,3637,54460,424
2022-02-18,San Mateo,081,765935,117985,116648,6876,123524,598
2022-02-18,Santa Barbara,083,443738,84705,83988,4759,88747,642
2022-02-18,Santa Clara,085,1922200,305077,303077,12122,315199,2138
2022-02-18,Santa Cruz,087,273765,46019,45532,1877,47409,250
2022-02-18,Shasta,089,179085,30070,29847,6082,35929,479
2022-02-18,Sierra,091,2930,273,269,40,309,0
2022-02-18,Siskiyou,093,43540,4353,4307,2688,6995,70
2022-02-18,Solano,095,438530,80050,78914,5396,84310,424
2022-02-18,Sonoma,097,501317,81703,80843,2047,82890,431
2022-02-18,Stanislaus,099,539301,116920,115976,16419,132395,1454
2022-02-18,Sutter,101,95872,20175,20060,1867,21927,210
2022-02-18,Tehama,103,63373,11851,11760,2575,14335,152
2022-02-18,Trinity,105,12862,1161,1130,290,1420,20
2022-02-18,Tulare,107,460477,103021,101996,27693,129689,1286
2022-02-18,Tuolumne,109,53932,12297,12036,556,12592,175
2022-02-18,Ventura,111,848112,170707,170331,9154,179485,1384
2022-02-18,Yolo,113,214977,35539,35363,3072,38435,293
2022-02-18,Yuba,115,75493,15546,15449,1157,16606,112
2022-02-17,Alameda,001,1643700,249759,246028,13485,259513,1700
2022-02-17,Alpine,003,1148,124,124,1,125,0
2022-02-17,Amador,005,37829,8285,8203,645,8848,79
2022-02-17,Butte,007,227075,32381,32173,6513,38686,364
2022-02-17,Calaveras,009,45235,7170,7136,343,7479,107
2022-02-17,Colusa,011,21464,3413,3389,1064,4453,21
2022-02-17,Contra Costa,013,1133247,184556,182797,12738,195535,1190
2022-02-17,Del Norte,015,27424,5589,5511,179,5690,45
2022-02-17,El Dorado,017,186661,26275,26101,3134,29235,189
2022-02-17,Fresno,019,978130,225006,223594,21732,245326,2544
2022-02-17,Glenn,021,27897,4909,4881,1526,6407,39
2022-02-17,Humboldt,023,135768,16540,16393,2881,19274,132
2022-02-17,Imperial,025,180216,54235,53967,10818,64785,862
2022-02-17,Inyo,027,18085,4033,4018,460,4478,52
2022-02-17,Kern,029,883053,188620,187158,44597,231755,2095
2022-02-17,Kings,031,150075,50529,49724,3544,53268,421
2022-02-17,Lake,033,64148,10339,10184,854,11038,126
2022-02-17,Lassen,035,31185,8723,8640,887,9527,55
2022-02-17,Los Angeles,037,10098052,2661183,2642878,121182,2764060,29842
2022-02-17,Madera,039,155013,36794,36526,5901,42427,330
2022-02-17,Marin,041,260295,32578,32441,2166,34607,258
2022-02-17,Mariposa,043,17540,2319,2310,190,2500,6
2022-02-17,Mendocino,045,87422,12772,12625,2864,15489,110
2022-02-17,Merced,047,269075,61186,60886,8267,69153,769
2022-02-17,Modoc,049,8938,722,714,247,961,6
2022-02-17,Mono,051,14174,2952,2956,117,3073,5
2022-02-17,Monterey,053,433212,77463,76765,12833,89598,682
2022-02-17,Napa,055,140530,25112,24970,944,25914,127
2022-02-17,Nevada,057,99092,15792,15715,1165,16880,121
2022-02-17,Orange,059,3164182,538472,538019,40493,578512,6416
2022-02-17,Placer,061,380077,61705,61417,7237,68654,560
2022-02-17,Plumas,063,18699,2669,2646,339,2985,13
2022-02-17,Riverside,065,2383286,584329,581788,27626,609414,6087
2022-02-17,Sacramento,067,1510023,271780,270080,26452,296532,2747
2022-02-17,San Benito,069,59416,12732,12665,507,13172,92
2022-02-17,San Bernardino,071,2135413,556151,553151,23844,576995,6400
2022-02-17,San Diego,073,3302833,737187,729549,48672,778221,4947
2022-02-17,San Francisco,075,870044,121822,121197,8507,129704,756
2022-02-17,San Joaquin,077,732212,164027,163083,8940,172023,2033
2022-02-17,San Luis Obispo,079,281455,51149,50823,3630,54453,424
2022-02-17,San Mateo,081,765935,117891,116648,6868,123516,598
2022-02-17,Santa Barbara,083,443738,84596,83988,4751,88739,642
2022-02-17,Santa Clara,085,1922200,304711,303077,12109,315186,2138
2022-02-17,Santa Cruz,087,273765,45942,45532,1875,47407,250
2022-02-17,Shasta,089,179085,30042,29847,6079,35926,479
2022-02-17,Sierra,091,2930,273,269,40,309,0
2022-02-17,Siskiyou,093,43540,4344,4307,2683,6990,70
2022-02-17,Solano,095,438530,79967,78914,5389,84303,424
2022-02-17,Sonoma,097,501317,81634,80843,2042,82885,431
2022-02-17,Stanislaus,099,539301,116815,115976,16388,132364,1454
2022-02-17,Sutter,101,95872,20160,20060,1860,21920,210
2022-02-17,Tehama,103,63373,11840,11760,2573,14333,152
2022-02-17,Trinity,105,12862,1159,1130,288,1418,20
2022-02-17,Tulare,107,460477,102896,101996,27661,129657,1286
2022-02-17,Tuolumne,109,53932,12286,12036,556,12592,175
2022-02-17,Ventura,111,848112,170568,170331,9153,179484,1384
2022-02-17,Yolo,113,214977,35501,35363,3071,38434,293
2022-02-17,Yuba,115,75493,15531,15449,1157,16606,112
2022-02-16,Alameda,001,1643700,249434,245662,13442,259104,1691
2022-02-16,Alpine,003,1148,124,124,1,125,0
2022-02-16,Amador,005,37829,8266,8197,643,8840,77
2022-02-16,Butte,007,227075,32337,32095,6501,38596,363
2022-02-16,Calaveras,009,45235,7163,7129,340,7469,107
2022-02-16,Colusa,011,21464,3408,3384,1064,4448,21
2022-02-16,Contra Costa,013,1133247,184319,182423,12699,195122,1179
2022-02-16,Del Norte,015,27424,5562,5473,174,5647,45
2022-02-16,El Dorado,017,186661,26242,26061,3129,29190,189
2022-02-16,Fresno,019,978130,224644,223056,21693,244749,2542
2022-02-16,Glenn,021,27897,4904,4873,1521,6394,39
2022-02-16,Humboldt,023,135768,16515,16342,2869,19211,132
2022-02-16,Imperial,025,180216,54163,53901,10783,64684,861
2022-02-16,Inyo,027,18085,4028,4013,458,4471,52
2022-02-16,Kern,029,883053,188399,186740,44534,231274,2084
2022-02-16,Kings,031,150075,50474,49575,3534,53109,420
2022-02-16,Lake,033,64148,10312,10145,854,10999,125
2022-02-16,Lassen,035,31185,8688,8618,887,9505,55
2022-02-16,Los Angeles,037,10098052,2659101,2640005,121094,2761099,29749
2022-02-16,Madera,039,155013,36726,36382,5886,42268,330
2022-02-16,Marin,041,260295,32542,32381,2162,34543,257
2022-02-16,Mariposa,043,17540,2317,2305,190,2495,6
2022-02-16,Mendocino,045,87422,12750,12605,2854,15459,108
2022-02-16,Merced,047,269075,61114,60776,8233,69009,767
2022-02-16,Modoc,049,8938,722,711,243,954,6
2022-02-16,Mono,051,14174,2950,2953,117,3070,5
2022-02-16,Monterey,053,433212,77308,76624,12788,89412,682
2022-02-16,Napa,055,140530,25071,24897,941,25838,128
2022-02-16,Nevada,057,99092,15773,15677,1161,16838,121
2022-02-16,Orange,059,3164182,538073,537934,40445,578379,6392
2022-02-16,Placer,061,380077,61649,61278,7224,68502,556
2022-02-16,Plumas,063,18699,2666,2644,338,2982,13
2022-02-16,Riverside,065,2383286,583915,580828,27575,608403,6064
2022-02-16,Sacramento,067,1510023,271448,269416,26397,295813,2736
2022-02-16,San Benito,069,59416,12706,12644,507,13151,92
2022-02-16,San Bernardino,071,2135413,555866,552353,23818,576171,6379
2022-02-16,San Diego,073,3302833,736419,728610,48598,777208,4931
2022-02-16,San Francisco,075,870044,121640,120987,8501,129488,756
2022-02-16,San Joaquin,077,732212,163853,162752,8928,171680,2032
2022-02-16,San Luis Obispo,079,281455,51080,50704,3616,54320,425
2022-02-16,San Mateo,081,765935,117770,116438,6850,123288,595
2022-02-16,Santa Barbara,083,443738,84517,83968,4737,88705,642
2022-02-16,Santa Clara,085,1922200,304332,302439,12072,314511,2130
2022-02-16,Santa Cruz,087,273765,45851,45274,1873,47147,250
2022-02-16,Shasta,089,179085,30000,29767,6067,35834,477
2022-02-16,Sierra,091,2930,272,269,40,309,0
2022-02-16,Siskiyou,093,43540,4337,4302,2677,6979,71
2022-02-16,Solano,095,438530,79844,78742,5381,84123,422
2022-02-16,Sonoma,097,501317,81504,80642,2033,82675,431
2022-02-16,Stanislaus,099,539301,116696,115751,16354,132105,1443
2022-02-16,Sutter,101,95872,20143,20020,1857,21877,210
2022-02-16,Tehama,103,63373,11821,11738,2571,14309,152
2022-02-16,Trinity,105,12862,1159,1130,287,1417,20
2022-02-16,Tulare,107,460477,102764,101817,27601,129418,1281
2022-02-16,Tuolumne,109,53932,12274,11991,555,12546,171
2022-02-16,Ventura,111,848112,170433,170117,9145,179262,1372
2022-02-16,Yolo,113,214977,35447,35284,3068,38352,292
2022-02-16,Yuba,115,75493,15507,15405,1154,16559,110
2022-02-15,Alameda,001,1643700,249061,245265,13412,258677,1683
2022-02-15,Alpine,003,1148,124,124,1,125,0
2022-02-15,Amador,005,37829,8254,8183,642,8825,77
2022-02-15,Butte,007,227075,32283,32011,6487,38498,361
2022-02-15,Calaveras,009,45235,7154,7115,340,7455,106
2022-02-15,Colusa,011,21464,3400,3374,1063,4437,21
2022-02-15,Contra Costa,013,1133247,184039,182041,12665,194706,1179
2022-02-15,Del Norte,015,27424,5539,5439,172,5611,45
2022-02-15,El Dorado,017,186661,26212,25988,3124,29112,189
2022-02-15,Fresno,019,978130,224258,222673,21630,244303,2543
2022-02-15,Glenn,021,27897,4895,4862,1520,6382,39
2022-02-15,Humboldt,023,135768,16471,16297,2852,19149,132
2022-02-15,Imperial,025,180216,54098,53813,10760,64573,860
2022-02-15,Inyo,027,18085,4027,4009,456,4465,52
2022-02-15,Kern,029,883053,188176,186324,44459,230783,2072
2022-02-15,Kings,031,150075,50376,49473,3524,52997,418
2022-02-15,Lake,033,64148,10275,10112,848,10960,123
2022-02-15,Lassen,035,31185,8672,8587,884,9471,55
2022-02-15,Los Angeles,037,10098052,2656862,2638266,120990,2759256,29691
2022-02-15,Madera,039,155013,36660,36260,5861,42121,330
2022-02-15,Marin,041,260295,32496,32355,2160,34515,255
2022-02-15,Mariposa,043,17540,2316,2302,190,2492,6
2022-02-15,Mendocino,045,87422,12733,12580,2833,15413,108
2022-02-15,Merced,047,269075,61029,60674,8195,68869,763
2022-02-15,Modoc,049,8938,720,710,240,950,6
2022-02-15,Mono,051,14174,2949,2952,117,3069,5
2022-02-15,Monterey,053,433212,77170,75530,12723,88253,682
2022-02-15,Napa,055,140530,25020,24832,933,25765,127
2022-02-15,Nevada,057,99092,15742,15643,1160,16803,121
2022-02-15,Orange,059,3164182,537612,537478,40400,577878,6374
2022-02-15,Placer,061,380077,61573,61170,7211,68381,554
2022-02-15,Plumas,063,18699,2661,2638,338,2976,13
2022-02-15,Riverside,065,2383286,583376,579940,27517,607457,6049
2022-02-15,Sacramento,067,1510023,271050,268950,26308,295258,2721
2022-02-15,San Benito,069,59416,12687,12616,507,13123,91
2022-02-15,San Bernardino,071,2135413,555485,551803,23794,575597,6372
2022-02-15,San Diego,073,3302833,735437,727486,48511,775997,4914
2022-02-15,San Francisco,075,870044,121454,120759,8487,129246,756
2022-02-15,San Joaquin,077,732212,163637,162518,8917,171435,2021
2022-02-15,San Luis Obispo,079,281455,50978,50534,3601,54135,419
2022-02-15,San Mateo,081,765935,117634,116253,6829,123082,595
2022-02-15,Santa Barbara,083,443738,84375,83734,4724,88458,640
2022-02-15,Santa Clara,085,1922200,303825,301831,12030,313861,2130
2022-02-15,Santa Cruz,087,273765,45745,45171,1868,47039,250
2022-02-15,Shasta,089,179085,29952,29684,6052,35736,477
2022-02-15,Sierra,091,2930,272,269,40,309,0
2022-02-15,Siskiyou,093,43540,4330,4288,2669,6957,70
2022-02-15,Solano,095,438530,79703,78626,5374,84000,426
2022-02-15,Sonoma,097,501317,81372,80433,2027,82460,431
2022-02-15,Stanislaus,099,539301,116545,115549,16316,131865,1429
2022-02-15,Sutter,101,95872,20117,19980,1853,21833,208
2022-02-15,Tehama,103,63373,11803,11717,2569,14286,151
2022-02-15,Trinity,105,12862,1153,1125,284,1409,20
2022-02-15,Tulare,107,460477,102590,101645,27533,129178,1278
2022-02-15,Tuolumne,109,53932,12252,11945,553,12498,171
2022-02-15,Ventura,111,848112,170261,169942,9136,179078,1372
2022-02-15,Yolo,113,214977,35392,35241,3058,38299,289
2022-02-15,Yuba,115,75493,15473,15372,1148,16520,109
2022-02-14,Alameda,001,1643700,248598,244315,13374,257689,1677
2022-02-14,Alpine,003,1148,124,125,1,126,0
2022-02-14,Amador,005,37829,8239,8164,637,8801,77
2022-02-14,Butte,007,227075,32222,31946,6473,38419,360
2022-02-14,Calaveras,009,45235,7140,7097,338,7435,106
2022-02-14,Colusa,011,21464,3395,3367,1059,4426,21
2022-02-14,Contra Costa,013,1133247,183741,181753,12621,194374,1167
2022-02-14,Del Norte,015,27424,5506,5426,170,5596,45
2022-02-14,El Dorado,017,186661,26178,25915,3119,29034,188
2022-02-14,Fresno,019,978130,223775,222360,21552,243912,2538
2022-02-14,Glenn,021,27897,4890,4854,1520,6374,39
2022-02-14,Humboldt,023,135768,16423,16264,2831,19095,132
2022-02-14,Imperial,025,180216,54020,53765,10719,64484,860
2022-02-14,Inyo,027,18085,4026,4010,455,4465,52
2022-02-14,Kern,029,883053,187832,186037,44369,230406,2063
2022-02-14,Kings,031,150075,50264,49395,3512,52907,419
2022-02-14,Lake,033,64148,10238,10090,845,10935,123
2022-02-14,Lassen,035,31185,8660,8539,882,9421,55
2022-02-14,Los Angeles,037,10098052,2654302,2636064,120884,2756948,29650
2022-02-14,Madera,039,155013,36591,36194,5838,42032,330
2022-02-14,Marin,041,260295,32448,32304,2157,34461,255
2022-02-14,Mariposa,043,17540,2310,2295,190,2485,6
2022-02-14,Mendocino,045,87422,12704,12541,2802,15343,108
2022-02-14,Merced,047,269075,60934,60591,8138,68729,758
2022-02-14,Modoc,049,8938,715,707,240,947,6
2022-02-14,Mono,051,14174,2948,2954,117,3071,5
2022-02-14,Monterey,053,433212,76980,75407,12635,88042,678
2022-02-14,Napa,055,140530,24961,24776,933,25709,127
2022-02-14,Nevada,057,99092,15717,15629,1159,16788,121
2022-02-14,Orange,059,3164182,537103,536924,40335,577259,6355
2022-02-14,Placer,061,380077,61482,61123,7193,68316,554
2022-02-14,Plumas,063,18699,2660,2631,336,2967,13
2022-02-14,Riverside,065,2383286,582783,579174,27449,606623,5994
2022-02-14,Sacramento,067,1510023,270585,268547,26193,294740,2717
2022-02-14,San Benito,069,59416,12663,12598,505,13103,91
2022-02-14,San Bernardino,071,2135413,555050,551338,23771,575109,6372
2022-02-14,San Diego,073,3302833,734461,723902,48429,772331,4894
2022-02-14,San Francisco,075,870044,121246,120581,8469,129050,756
2022-02-14,San Joaquin,077,732212,163398,162363,8903,171266,2018
2022-02-14,San Luis Obispo,079,281455,50852,50465,3590,54055,416
2022-02-14,San Mateo,081,765935,117465,116129,6819,122948,592
2022-02-14,Santa Barbara,083,443738,84220,83697,4712,88409,636
2022-02-14,Santa Clara,085,1922200,303283,301319,12005,313324,2127
2022-02-14,Santa Cruz,087,273765,45577,45042,1864,46906,250
2022-02-14,Shasta,089,179085,29868,29595,6031,35626,474
2022-02-14,Sierra,091,2930,272,269,40,309,0
2022-02-14,Siskiyou,093,43540,4318,4278,2656,6934,69
2022-02-14,Solano,095,438530,79515,78533,5363,83896,427
2022-02-14,Sonoma,097,501317,81210,80336,2020,82356,431
2022-02-14,Stanislaus,099,539301,116364,115426,16273,131699,1406
2022-02-14,Sutter,101,95872,20088,19957,1847,21804,209
2022-02-14,Tehama,103,63373,11779,11686,2566,14252,151
2022-02-14,Trinity,105,12862,1146,1123,283,1406,20
2022-02-14,Tulare,107,460477,102379,101448,27424,128872,1276
2022-02-14,Tuolumne,109,53932,12222,11920,550,12470,170
2022-02-14,Ventura,111,848112,170085,169725,9123,178848,1361
2022-02-14,Yolo,113,214977,35327,35112,3047,38159,286
2022-02-14,Yuba,115,75493,15439,15375,1144,16519,108
2022-02-13,Alameda,001,1643700,248064,243681,13333,257014,1677
2022-02-13,Alpine,003,1148,124,125,1,126,0
2022-02-13,Amador,005,37829,8208,8146,632,8778,77
2022-02-13,Butte,007,227075,32144,31865,6448,38313,360
2022-02-13,Calaveras,009,45235,7132,7083,335,7418,106
2022-02-13,Colusa,011,21464,3391,3366,1057,4423,21
2022-02-13,Contra Costa,013,1133247,183364,181313,12557,193870,1159
2022-02-13,Del Norte,015,27424,5468,5379,168,5547,45
2022-02-13,El Dorado,017,186661,26135,25871,3113,28984,188
2022-02-13,Fresno,019,978130,223236,221686,21502,243188,2537
2022-02-13,Glenn,021,27897,4880,4847,1518,6365,39
2022-02-13,Humboldt,023,135768,16376,16210,2805,19015,132
2022-02-13,Imperial,025,180216,53932,53658,10658,64316,860
2022-02-13,Inyo,027,18085,4020,4006,451,4457,52
2022-02-13,Kern,029,883053,187583,185640,44300,229940,2063
2022-02-13,Kings,031,150075,50128,49243,3499,52742,416
2022-02-13,Lake,033,64148,10173,10042,836,10878,123
2022-02-13,Lassen,035,31185,8634,8503,879,9382,55
2022-02-13,Los Angeles,037,10098052,2651168,2631267,120781,2752048,29595
2022-02-13,Madera,039,155013,36470,36054,5810,41864,330
2022-02-13,Marin,041,260295,32374,32222,2150,34372,255
2022-02-13,Mariposa,043,17540,2304,2292,188,2480,6
2022-02-13,Mendocino,045,87422,12673,12521,2760,15281,108
2022-02-13,Merced,047,269075,60787,60460,8085,68545,758
2022-02-13,Modoc,049,8938,713,704,233,937,6
2022-02-13,Mono,051,14174,2945,2949,116,3065,5
2022-02-13,Monterey,053,433212,76773,75295,12568,87863,678
2022-02-13,Napa,055,140530,24881,24743,930,25673,127
2022-02-13,Nevada,057,99092,15679,15590,1152,16742,121
2022-02-13,Orange,059,3164182,536455,536134,40273,576407,6355
2022-02-13,Placer,061,380077,61401,61020,7173,68193,554
2022-02-13,Plumas,063,18699,2653,2626,333,2959,13
2022-02-13,Riverside,065,2383286,582165,578363,27402,605765,5995
2022-02-13,Sacramento,067,1510023,270048,267947,26052,293999,2699
2022-02-13,San Benito,069,59416,12629,12578,504,13082,91
2022-02-13,San Bernardino,071,2135413,554521,550632,23737,574369,6367
2022-02-13,San Diego,073,3302833,733287,723902,48333,772235,4894
2022-02-13,San Francisco,075,870044,120968,120295,8457,128752,756
2022-02-13,San Joaquin,077,732212,163092,162028,8877,170905,2018
2022-02-13,San Luis Obispo,079,281455,50708,50384,3583,53967,415
2022-02-13,San Mateo,081,765935,117244,115876,6795,122671,592
2022-02-13,Santa Barbara,083,443738,84053,83547,4703,88250,635
2022-02-13,Santa Clara,085,1922200,302618,300412,11965,312377,2114
2022-02-13,Santa Cruz,087,273765,45416,44887,1863,46750,240
2022-02-13,Shasta,089,179085,29788,29531,6005,35536,474
2022-02-13,Sierra,091,2930,272,269,40,309,0
2022-02-13,Siskiyou,093,43540,4311,4264,2639,6903,69
2022-02-13,Solano,095,438530,79360,78424,5341,83765,426
2022-02-13,Sonoma,097,501317,81034,80172,2012,82184,431
2022-02-13,Stanislaus,099,539301,116156,115156,16243,131399,1406
2022-02-13,Sutter,101,95872,20047,19900,1847,21747,209
2022-02-13,Tehama,103,63373,11745,11644,2560,14204,151
2022-02-13,Trinity,105,12862,1142,1120,280,1400,20
2022-02-13,Tulare,107,460477,102122,101135,27316,128451,1276
2022-02-13,Tuolumne,109,53932,12195,11891,545,12436,170
2022-02-13,Ventura,111,848112,169889,169422,9102,178524,1361
2022-02-13,Yolo,113,214977,35256,35057,3035,38092,286
2022-02-13,Yuba,115,75493,15403,15346,1142,16488,107
2022-02-12,Alameda,001,1643700,247864,242137,13323,255460,1668
2022-02-12,Alpine,003,1148,124,124,1,125,0
2022-02-12,Amador,005,37829,8202,8091,632,8723,76
2022-02-12,Butte,007,227075,32116,31601,6443,38044,360
2022-02-12,Calaveras,009,45235,7128,7022,334,7356,106
2022-02-12,Colusa,011,21464,3387,3345,1057,4402,21
2022-02-12,Contra Costa,013,1133247,183173,180270,12553,192823,1141
2022-02-12,Del Norte,015,27424,5453,5262,168,5430,45
2022-02-12,El Dorado,017,186661,26124,25692,3112,28804,188
2022-02-12,Fresno,019,978130,223022,219909,21494,241403,2509
2022-02-12,Glenn,021,27897,4879,4818,1517,6335,39
2022-02-12,Humboldt,023,135768,16352,16058,2801,18859,132
2022-02-12,Imperial,025,180216,53882,53304,10646,63950,860
2022-02-12,Inyo,027,18085,4018,3991,451,4442,52
2022-02-12,Kern,029,883053,187476,184639,44277,228916,2037
2022-02-12,Kings,031,150075,50090,48893,3494,52387,415
2022-02-12,Lake,033,64148,10153,9926,832,10758,123
2022-02-12,Lassen,035,31185,8609,8477,879,9356,55
2022-02-12,Los Angeles,037,10098052,2650037,2616426,120717,2737143,29364
2022-02-12,Madera,039,155013,36437,35710,5805,41515,330
2022-02-12,Marin,041,260295,32349,32048,2147,34195,255
2022-02-12,Mariposa,043,17540,2304,2286,188,2474,6
2022-02-12,Mendocino,045,87422,12657,12439,2760,15199,107
2022-02-12,Merced,047,269075,60739,60187,8082,68269,758
2022-02-12,Modoc,049,8938,713,697,233,930,6
2022-02-12,Mono,051,14174,2945,2939,116,3055,5
2022-02-12,Monterey,053,433212,76716,74842,12552,87394,672
2022-02-12,Napa,055,140530,24853,24530,930,25460,124
2022-02-12,Nevada,057,99092,15668,15499,1150,16649,119
2022-02-12,Orange,059,3164182,536159,534503,40236,574739,6305
2022-02-12,Placer,061,380077,61351,60636,7171,67807,554
2022-02-12,Plumas,063,18699,2652,2617,332,2949,13
2022-02-12,Riverside,065,2383286,581817,575566,27379,602945,5961
2022-02-12,Sacramento,067,1510023,269797,266347,26035,292382,2686
2022-02-12,San Benito,069,59416,12617,12526,504,13030,91
2022-02-12,San Bernardino,071,2135413,554293,548822,23727,572549,6360
2022-02-12,San Diego,073,3302833,732778,720287,48287,768574,4854
2022-02-12,San Francisco,075,870044,120855,119113,8443,127556,740
2022-02-12,San Joaquin,077,732212,162964,161234,8872,170106,2014
2022-02-12,San Luis Obispo,079,281455,50674,50064,3579,53643,416
2022-02-12,San Mateo,081,765935,117149,115235,6786,122021,589
2022-02-12,Santa Barbara,083,443738,83956,83390,4693,88083,631
2022-02-12,Santa Clara,085,1922200,302266,298176,11958,310134,2093
2022-02-12,Santa Cruz,087,273765,45382,44447,1861,46308,239
2022-02-12,Shasta,089,179085,29761,29370,6001,35371,473
2022-02-12,Sierra,091,2930,272,268,39,307,0
2022-02-12,Siskiyou,093,43540,4305,4231,2636,6867,68
2022-02-12,Solano,095,438530,79318,77865,5338,83203,424
2022-02-12,Sonoma,097,501317,80940,79533,2010,81543,431
2022-02-12,Stanislaus,099,539301,116041,114531,16233,130764,1406
2022-02-12,Sutter,101,95872,20032,19800,1847,21647,211
2022-02-12,Tehama,103,63373,11734,11580,2559,14139,151
2022-02-12,Trinity,105,12862,1141,1115,280,1395,20
2022-02-12,Tulare,107,460477,102032,100434,27281,127715,1273
2022-02-12,Tuolumne,109,53932,12177,11754,545,12299,125
2022-02-12,Ventura,111,848112,169782,168736,9096,177832,1340
2022-02-12,Yolo,113,214977,35218,34773,3031,37804,286
2022-02-12,Yuba,115,75493,15388,15242,1142,16384,107
2022-02-11,Alameda,001,1643700,247569,242137,13312,255449,1668
2022-02-11,Alpine,003,1148,124,124,1,125,0
2022-02-11,Amador,005,37829,8190,8091,632,8723,76
2022-02-11,Butte,007,227075,32071,31601,6432,38033,360
2022-02-11,Calaveras,009,45235,7124,7022,334,7356,106
2022-02-11,Colusa,011,21464,3385,3345,1056,4401,21
2022-02-11,Contra Costa,013,1133247,182966,180270,12537,192807,1141
2022-02-11,Del Norte,015,27424,5441,5262,168,5430,45
2022-02-11,El Dorado,017,186661,26099,25692,3110,28802,188
2022-02-11,Fresno,019,978130,222719,219909,21483,241392,2509
2022-02-11,Glenn,021,27897,4875,4818,1517,6335,39
2022-02-11,Humboldt,023,135768,16323,16058,2795,18853,132
2022-02-11,Imperial,025,180216,53848,53304,10641,63945,860
2022-02-11,Inyo,027,18085,4015,3991,449,4440,52
2022-02-11,Kern,029,883053,187318,184639,44247,228886,2037
2022-02-11,Kings,031,150075,50055,48893,3493,52386,415
2022-02-11,Lake,033,64148,10126,9926,830,10756,123
2022-02-11,Lassen,035,31185,8570,8477,879,9356,55
2022-02-11,Los Angeles,037,10098052,2648405,2616426,120649,2737075,29364
2022-02-11,Madera,039,155013,36394,35710,5800,41510,330
2022-02-11,Marin,041,260295,32312,32048,2144,34192,255
2022-02-11,Mariposa,043,17540,2299,2286,188,2474,6
2022-02-11,Mendocino,045,87422,12642,12439,2760,15199,107
2022-02-11,Merced,047,269075,60689,60187,8081,68268,758
2022-02-11,Modoc,049,8938,711,697,233,930,6
2022-02-11,Mono,051,14174,2944,2939,116,3055,5
2022-02-11,Monterey,053,433212,76600,74842,12543,87385,672
2022-02-11,Napa,055,140530,24824,24530,930,25460,124
2022-02-11,Nevada,057,99092,15654,15499,1147,16646,119
2022-02-11,Orange,059,3164182,535802,534503,40172,574675,6305
2022-02-11,Placer,061,380077,61304,60636,7170,67806,554
2022-02-11,Plumas,063,18699,2648,2617,330,2947,13
2022-02-11,Riverside,065,2383286,581394,575566,27364,602930,5961
2022-02-11,Sacramento,067,1510023,269538,266347,26023,292370,2686
2022-02-11,San Benito,069,59416,12612,12526,504,13030,91
2022-02-11,San Bernardino,071,2135413,553974,548822,23715,572537,6360
2022-02-11,San Diego,073,3302833,732065,720287,48241,768528,4854
2022-02-11,San Francisco,075,870044,120739,119113,8427,127540,740
2022-02-11,San Joaquin,077,732212,162793,161234,8864,170098,2014
2022-02-11,San Luis Obispo,079,281455,50634,50064,3576,53640,416
2022-02-11,San Mateo,081,765935,117028,115235,6777,122012,589
2022-02-11,Santa Barbara,083,443738,83867,83390,4690,88080,631
2022-02-11,Santa Clara,085,1922200,301827,298176,11938,310114,2093
2022-02-11,Santa Cruz,087,273765,45288,44447,1861,46308,239
2022-02-11,Shasta,089,179085,29730,29370,5993,35363,473
2022-02-11,Sierra,091,2930,271,268,39,307,0
2022-02-11,Siskiyou,093,43540,4294,4231,2631,6862,68
2022-02-11,Solano,095,438530,79191,77865,5333,83198,424
2022-02-11,Sonoma,097,501317,80858,79533,2009,81542,431
2022-02-11,Stanislaus,099,539301,115944,114531,16224,130755,1406
2022-02-11,Sutter,101,95872,20008,19800,1845,21645,211
2022-02-11,Tehama,103,63373,11720,11580,2559,14139,151
2022-02-11,Trinity,105,12862,1140,1115,279,1394,20
2022-02-11,Tulare,107,460477,101919,100434,27221,127655,1273
2022-02-11,Tuolumne,109,53932,12160,11754,543,12297,125
2022-02-11,Ventura,111,848112,169641,168736,9091,177827,1340
2022-02-11,Yolo,113,214977,35186,34773,3028,37801,286
2022-02-11,Yuba,115,75493,15371,15242,1141,16383,107
2022-02-10,Alameda,001,1643700,247014,242137,13272,255409,1668
2022-02-10,Alpine,003,1148,124,124,1,125,0
2022-02-10,Amador,005,37829,8180,8091,625,8716,76
2022-02-10,Butte,007,227075,32018,31601,6421,38022,360
2022-02-10,Calaveras,009,45235,7111,7022,332,7354,106
2022-02-10,Colusa,011,21464,3378,3345,1054,4399,21
2022-02-10,Contra Costa,013,1133247,182601,180270,12476,192746,1141
2022-02-10,Del Norte,015,27424,5407,5262,166,5428,45
2022-02-10,El Dorado,017,186661,26058,25692,3101,28793,188
2022-02-10,Fresno,019,978130,222135,219909,21410,241319,2509
2022-02-10,Glenn,021,27897,4869,4818,1515,6333,39
2022-02-10,Humboldt,023,135768,16272,16058,2773,18831,132
2022-02-10,Imperial,025,180216,53768,53304,10596,63900,860
2022-02-10,Inyo,027,18085,4014,3991,449,4440,52
2022-02-10,Kern,029,883053,187013,184639,44153,228792,2037
2022-02-10,Kings,031,150075,49946,48893,3482,52375,415
2022-02-10,Lake,033,64148,10094,9926,828,10754,123
2022-02-10,Lassen,035,31185,8557,8477,878,9355,55
2022-02-10,Los Angeles,037,10098052,2644427,2616426,120492,2736918,29364
2022-02-10,Madera,039,155013,36291,35710,5768,41478,330
2022-02-10,Marin,041,260295,32249,32048,2131,34179,255
2022-02-10,Mariposa,043,17540,2295,2286,186,2472,6
2022-02-10,Mendocino,045,87422,12622,12439,2736,15175,107
2022-02-10,Merced,047,269075,60564,60187,8027,68214,758
2022-02-10,Modoc,049,8938,710,697,232,929,6
2022-02-10,Mono,051,14174,2942,2939,116,3055,5
2022-02-10,Monterey,053,433212,76420,74842,12466,87308,672
2022-02-10,Napa,055,140530,24756,24530,928,25458,124
2022-02-10,Nevada,057,99092,15627,15499,1146,16645,119
2022-02-10,Orange,059,3164182,535121,534503,40111,574614,6305
2022-02-10,Placer,061,380077,61216,60636,7161,67797,554
2022-02-10,Plumas,063,18699,2645,2617,323,2940,13
2022-02-10,Riverside,065,2383286,580654,575566,27308,602874,5961
2022-02-10,Sacramento,067,1510023,269012,266347,25924,292271,2686
2022-02-10,San Benito,069,59416,12591,12526,502,13028,91
2022-02-10,San Bernardino,071,2135413,553406,548822,23685,572507,6360
2022-02-10,San Diego,073,3302833,730912,720287,48127,768414,4854
2022-02-10,San Francisco,075,870044,120523,119113,8408,127521,740
2022-02-10,San Joaquin,077,732212,162472,161234,8857,170091,2014
2022-02-10,San Luis Obispo,079,281455,50535,50064,3565,53629,416
2022-02-10,San Mateo,081,765935,116799,115235,6760,121995,589
2022-02-10,Santa Barbara,083,443738,83690,83390,4683,88073,631
2022-02-10,Santa Clara,085,1922200,301144,298176,11880,310056,2093
2022-02-10,Santa Cruz,087,273765,45145,44447,1860,46307,239
2022-02-10,Shasta,089,179085,29668,29370,5973,35343,473
2022-02-10,Sierra,091,2930,271,268,39,307,0
2022-02-10,Siskiyou,093,43540,4288,4231,2619,6850,68
2022-02-10,Solano,095,438530,78993,77865,5315,83180,424
2022-02-10,Sonoma,097,501317,80722,79533,1997,81530,431
2022-02-10,Stanislaus,099,539301,115766,114531,16183,130714,1406
2022-02-10,Sutter,101,95872,19969,19800,1830,21630,211
2022-02-10,Tehama,103,63373,11688,11580,2557,14137,151
2022-02-10,Trinity,105,12862,1138,1115,278,1393,20
2022-02-10,Tulare,107,460477,101697,100434,27142,127576,1273
2022-02-10,Tuolumne,109,53932,12139,11754,538,12292,125
2022-02-10,Ventura,111,848112,169363,168736,9077,177813,1340
2022-02-10,Yolo,113,214977,35109,34773,3022,37795,286
2022-02-10,Yuba,115,75493,15343,15242,1135,16377,107
2022-02-09,Alameda,001,1643700,246475,241141,13211,254352,1668
2022-02-09,Alpine,003,1148,123,124,1,125,0
2022-02-09,Amador,005,37829,8167,8069,621,8690,76
2022-02-09,Butte,007,227075,31927,31433,6405,37838,359
2022-02-09,Calaveras,009,45235,7092,7005,328,7333,106
2022-02-09,Colusa,011,21464,3374,3331,1053,4384,21
2022-02-09,Contra Costa,013,1133247,182251,179695,12430,192125,1132
2022-02-09,Del Norte,015,27424,5356,5204,164,5368,45
2022-02-09,El Dorado,017,186661,26017,25572,3092,28664,186
2022-02-09,Fresno,019,978130,221542,218989,21337,240326,2502
2022-02-09,Glenn,021,27897,4858,4804,1514,6318,39
2022-02-09,Humboldt,023,135768,16222,15929,2747,18676,131
2022-02-09,Imperial,025,180216,53666,53102,10518,63620,858
2022-02-09,Inyo,027,18085,4009,3989,448,4437,52
2022-02-09,Kern,029,883053,186645,184068,44054,228122,2021
2022-02-09,Kings,031,150075,49833,48718,3475,52193,410
2022-02-09,Lake,033,64148,10054,9880,823,10703,124
2022-02-09,Lassen,035,31185,8528,8459,878,9337,55
2022-02-09,Los Angeles,037,10098052,2640786,2611611,120349,2731960,29263
2022-02-09,Madera,039,155013,36188,35559,5736,41295,330
2022-02-09,Marin,041,260295,32197,31965,2124,34089,255
2022-02-09,Mariposa,043,17540,2292,2279,186,2465,6
2022-02-09,Mendocino,045,87422,12589,12378,2707,15085,107
2022-02-09,Merced,047,269075,60436,59952,7970,67922,755
2022-02-09,Modoc,049,8938,706,691,231,922,6
2022-02-09,Mono,051,14174,2940,2937,116,3053,5
2022-02-09,Monterey,053,433212,76231,74500,12377,86877,670
2022-02-09,Napa,055,140530,24711,24429,923,25352,123
2022-02-09,Nevada,057,99092,15606,15446,1144,16590,119
2022-02-09,Orange,059,3164182,534472,534316,40035,574351,6263
2022-02-09,Placer,061,380077,61118,60490,7139,67629,553
2022-02-09,Plumas,063,18699,2640,2609,319,2928,13
2022-02-09,Riverside,065,2383286,579891,573907,27260,601167,5911
2022-02-09,Sacramento,067,1510023,268440,265624,25794,291418,2673
2022-02-09,San Benito,069,59416,12568,12492,502,12994,91
2022-02-09,San Bernardino,071,2135413,552796,547768,23658,571426,6349
2022-02-09,San Diego,073,3302833,729548,717896,48027,765923,4832
2022-02-09,San Francisco,075,870044,120267,118550,8395,126945,731
2022-02-09,San Joaquin,077,732212,162165,160618,8847,169465,2014
2022-02-09,San Luis Obispo,079,281455,50392,49833,3560,53393,414
2022-02-09,San Mateo,081,765935,116609,114890,6719,121609,589
2022-02-09,Santa Barbara,083,443738,83514,82830,4676,87506,629
2022-02-09,Santa Clara,085,1922200,300424,297157,11822,308979,2090
2022-02-09,Santa Cruz,087,273765,44964,44200,1853,46053,239
2022-02-09,Shasta,089,179085,29598,29215,5950,35165,471
2022-02-09,Sierra,091,2930,270,268,39,307,0
2022-02-09,Siskiyou,093,43540,4272,4217,2610,6827,68
2022-02-09,Solano,095,438530,78796,77299,5303,82602,423
2022-02-09,Sonoma,097,501317,80546,79165,1993,81158,431
2022-02-09,Stanislaus,099,539301,115513,114039,16078,130117,1406
2022-02-09,Sutter,101,95872,19927,19758,1817,21575,207
2022-02-09,Tehama,103,63373,11661,11542,2553,14095,149
2022-02-09,Trinity,105,12862,1135,1110,277,1387,20
2022-02-09,Tulare,107,460477,101473,100049,27042,127091,1271
2022-02-09,Tuolumne,109,53932,12101,11702,535,12237,95
2022-02-09,Ventura,111,848112,169127,168253,9065,177318,1325
2022-02-09,Yolo,113,214977,35036,34588,3008,37596,285
2022-02-09,Yuba,115,75493,15313,15187,1123,16310,105
2022-02-08,Alameda,001,1643700,245836,240587,13139,253726,1651
2022-02-08,Alpine,003,1148,123,124,1,125,0
2022-02-08,Amador,005,37829,8159,8050,614,8664,76
2022-02-08,Butte,007,227075,31840,31353,6380,37733,359
2022-02-08,Calaveras,009,45235,7069,6981,326,7307,101
2022-02-08,Colusa,011,21464,3364,3320,1053,4373,21
2022-02-08,Contra Costa,013,1133247,181807,179078,12353,191431,1132
2022-02-08,Del Norte,015,27424,5314,5156,160,5316,44
2022-02-08,El Dorado,017,186661,25965,25446,3085,28531,186
2022-02-08,Fresno,019,978130,220817,218416,21234,239650,2502
2022-02-08,Glenn,021,27897,4841,4784,1510,6294,39
2022-02-08,Humboldt,023,135768,16163,15865,2714,18579,130
2022-02-08,Imperial,025,180216,53541,52977,10465,63442,855
2022-02-08,Inyo,027,18085,4003,3983,447,4430,52
2022-02-08,Kern,029,883053,186315,183519,43925,227444,2010
2022-02-08,Kings,031,150075,49684,48479,3463,51942,411
2022-02-08,Lake,033,64148,10017,9806,815,10621,125
2022-02-08,Lassen,035,31185,8520,8423,871,9294,55
2022-02-08,Los Angeles,037,10098052,2636517,2611204,120193,2731397,29259
2022-02-08,Madera,039,155013,36081,35381,5677,41058,330
2022-02-08,Marin,041,260295,32110,31878,2117,33995,255
2022-02-08,Mariposa,043,17540,2290,2266,178,2444,6
2022-02-08,Mendocino,045,87422,12553,12336,2677,15013,107
2022-02-08,Merced,047,269075,60320,59789,7910,67699,751
2022-02-08,Modoc,049,8938,702,684,231,915,6
2022-02-08,Mono,051,14174,2939,2932,115,3047,5
2022-02-08,Monterey,053,433212,76028,74316,12284,86600,670
2022-02-08,Napa,055,140530,24637,24346,916,25262,121
2022-02-08,Nevada,057,99092,15575,15383,1140,16523,117
2022-02-08,Orange,059,3164182,533770,533507,39962,573469,6205
2022-02-08,Placer,061,380077,60998,60301,7124,67425,553
2022-02-08,Plumas,063,18699,2633,2596,315,2911,13
2022-02-08,Riverside,065,2383286,579033,571892,27182,599074,5908
2022-02-08,Sacramento,067,1510023,267786,264479,25622,290101,2664
2022-02-08,San Benito,069,59416,12543,12434,500,12934,91
2022-02-08,San Bernardino,071,2135413,552111,544658,23619,568277,6335
2022-02-08,San Diego,073,3302833,727954,717896,47899,765795,4832
2022-02-08,San Francisco,075,870044,119913,117942,8384,126326,731
2022-02-08,San Joaquin,077,732212,161789,160147,8829,168976,2005
2022-02-08,San Luis Obispo,079,281455,50223,49556,3529,53085,410
2022-02-08,San Mateo,081,765935,116387,114541,6688,121229,589
2022-02-08,Santa Barbara,083,443738,83330,82461,4650,87111,627
2022-02-08,Santa Clara,085,1922200,299567,295679,11772,307451,2091
2022-02-08,Santa Cruz,087,273765,44808,43884,1848,45732,239
2022-02-08,Shasta,089,179085,29512,29084,5920,35004,470
2022-02-08,Sierra,091,2930,270,267,39,306,0
2022-02-08,Siskiyou,093,43540,4261,4191,2598,6789,68
2022-02-08,Solano,095,438530,78568,77031,5290,82321,421
2022-02-08,Sonoma,097,501317,80315,78798,1974,80772,431
2022-02-08,Stanislaus,099,539301,115261,113733,16020,129753,1406
2022-02-08,Sutter,101,95872,19889,19717,1805,21522,203
2022-02-08,Tehama,103,63373,11634,11491,2543,14034,149
2022-02-08,Trinity,105,12862,1129,1110,277,1387,20
2022-02-08,Tulare,107,460477,101174,99694,26897,126591,1267
2022-02-08,Tuolumne,109,53932,12077,11665,533,12198,92
2022-02-08,Ventura,111,848112,168894,167830,9049,176879,1325
2022-02-08,Yolo,113,214977,34952,34462,2997,37459,281
2022-02-08,Yuba,115,75493,15267,15126,1101,16227,107
2022-02-07,Alameda,001,1643700,245125,238678,13076,251754,1643
2022-02-07,Alpine,003,1148,123,124,1,125,0
2022-02-07,Amador,005,37829,8130,7980,607,8587,75
2022-02-07,Butte,007,227075,31752,31184,6353,37537,355
2022-02-07,Calaveras,009,45235,7046,6910,325,7235,100
2022-02-07,Colusa,011,21464,3353,3283,1047,4330,21
2022-02-07,Contra Costa,013,1133247,181354,177767,12284,190051,1130
2022-02-07,Del Norte,015,27424,5263,5093,154,5247,44
2022-02-07,El Dorado,017,186661,25908,25257,3077,28334,185
2022-02-07,Fresno,019,978130,219973,216495,21103,237598,2493
2022-02-07,Glenn,021,27897,4835,4762,1506,6268,39
2022-02-07,Humboldt,023,135768,16087,15764,2687,18451,129
2022-02-07,Imperial,025,180216,53416,52689,10389,63078,853
2022-02-07,Inyo,027,18085,3996,3976,440,4416,51
2022-02-07,Kern,029,883053,185857,182047,43749,225796,1998
2022-02-07,Kings,031,150075,49500,48147,3446,51593,403
2022-02-07,Lake,033,64148,9970,9519,806,10325,125
2022-02-07,Lassen,035,31185,8497,8362,865,9227,55
2022-02-07,Los Angeles,037,10098052,2632115,2607438,120026,2727464,29210
2022-02-07,Madera,039,155013,35954,35083,5627,40710,330
2022-02-07,Marin,041,260295,32031,31670,2107,33777,255
2022-02-07,Mariposa,043,17540,2285,2253,174,2427,6
2022-02-07,Mendocino,045,87422,12493,12237,2639,14876,107
2022-02-07,Merced,047,269075,60192,59472,7821,67293,748
2022-02-07,Modoc,049,8938,698,679,231,910,6
2022-02-07,Mono,051,14174,2937,2917,115,3032,5
2022-02-07,Monterey,053,433212,75777,69433,12181,81614,670
2022-02-07,Napa,055,140530,24552,23237,906,24143,120
2022-02-07,Nevada,057,99092,15534,15268,1134,16402,113
2022-02-07,Orange,059,3164182,532999,531442,39876,571318,6179
2022-02-07,Placer,061,380077,60875,59894,7105,66999,546
2022-02-07,Plumas,063,18699,2624,2573,309,2882,13
2022-02-07,Riverside,065,2383286,578078,568874,27096,595970,5868
2022-02-07,Sacramento,067,1510023,267095,262834,25437,288271,2631
2022-02-07,San Benito,069,59416,12508,12285,498,12783,90
2022-02-07,San Bernardino,071,2135413,551323,542846,23582,566428,6335
2022-02-07,San Diego,073,3302833,726229,716244,47721,763965,4811
2022-02-07,San Francisco,075,870044,119517,113945,8353,122298,727
2022-02-07,San Joaquin,077,732212,161401,159358,8811,168169,1998
2022-02-07,San Luis Obispo,079,281455,50060,48994,3509,52503,406
2022-02-07,San Mateo,081,765935,116107,107060,6658,113718,589
2022-02-07,Santa Barbara,083,443738,83136,81608,4636,86244,624
2022-02-07,Santa Clara,085,1922200,298606,293360,11724,305084,2085
2022-02-07,Santa Cruz,087,273765,44593,43244,1844,45088,239
2022-02-07,Shasta,089,179085,29425,28900,5893,34793,468
2022-02-07,Sierra,091,2930,270,265,39,304,0
2022-02-07,Siskiyou,093,43540,4249,4157,2583,6740,68
2022-02-07,Solano,095,438530,78296,73934,5263,79197,420
2022-02-07,Sonoma,097,501317,80058,78296,1964,80260,431
2022-02-07,Stanislaus,099,539301,114996,113029,15933,128962,1406
2022-02-07,Sutter,101,95872,19857,19599,1777,21376,203
2022-02-07,Tehama,103,63373,11597,11418,2535,13953,146
2022-02-07,Trinity,105,12862,1125,1109,274,1383,20
2022-02-07,Tulare,107,460477,100830,98774,26751,125525,1263
2022-02-07,Tuolumne,109,53932,12029,11578,529,12107,92
2022-02-07,Ventura,111,848112,168582,166904,9036,175940,1324
2022-02-07,Yolo,113,214977,34842,34007,2981,36988,281
2022-02-07,Yuba,115,75493,15221,14998,1094,16092,105
2022-02-06,Alameda,001,1643700,244201,237188,12988,250176,1643
2022-02-06,Alpine,003,1148,123,123,1,124,0
2022-02-06,Amador,005,37829,8102,7922,594,8516,73
2022-02-06,Butte,007,227075,31627,31021,6308,37329,355
2022-02-06,Calaveras,009,45235,7016,6870,320,7190,99
2022-02-06,Colusa,011,21464,3345,3282,1046,4328,21
2022-02-06,Contra Costa,013,1133247,180703,176863,12125,188988,1128
2022-02-06,Del Norte,015,27424,5200,5038,150,5188,44
2022-02-06,El Dorado,017,186661,25838,25165,3064,28229,185
2022-02-06,Fresno,019,978130,219155,214726,20844,235570,2489
2022-02-06,Glenn,021,27897,4822,4738,1495,6233,39
2022-02-06,Humboldt,023,135768,15997,15658,2648,18306,128
2022-02-06,Imperial,025,180216,53230,52396,10332,62728,853
2022-02-06,Inyo,027,18085,3993,3970,438,4408,51
2022-02-06,Kern,029,883053,185317,181188,43514,224702,1996
2022-02-06,Kings,031,150075,49275,47669,3418,51087,401
2022-02-06,Lake,033,64148,9901,9468,788,10256,125
2022-02-06,Lassen,035,31185,8473,8326,860,9186,55
2022-02-06,Los Angeles,037,10098052,2626659,2602620,119804,2722424,29180
2022-02-06,Madera,039,155013,35764,34901,5526,40427,330
2022-02-06,Marin,041,260295,31931,31488,2092,33580,255
2022-02-06,Mariposa,043,17540,2277,2244,163,2407,6
2022-02-06,Mendocino,045,87422,12448,12169,2572,14741,107
2022-02-06,Merced,047,269075,59975,59112,7655,66767,748
2022-02-06,Modoc,049,8938,693,675,230,905,6
2022-02-06,Mono,051,14174,2932,2901,113,3014,5
2022-02-06,Monterey,053,433212,75411,67912,12007,79919,670
2022-02-06,Napa,055,140530,24434,23230,898,24128,120
2022-02-06,Nevada,057,99092,15459,15192,1122,16314,113
2022-02-06,Orange,059,3164182,532031,527906,39763,567669,6171
2022-02-06,Placer,061,380077,60679,59507,7076,66583,544
2022-02-06,Plumas,063,18699,2617,2559,301,2860,13
2022-02-06,Riverside,065,2383286,576902,568276,27012,595288,5865
2022-02-06,Sacramento,067,1510023,266223,261353,25160,286513,2631
2022-02-06,San Benito,069,59416,12453,12186,490,12676,90
2022-02-06,San Bernardino,071,2135413,550382,541103,23518,564621,6334
2022-02-06,San Diego,073,3302833,724144,709938,47481,757419,4786
2022-02-06,San Francisco,075,870044,119137,113115,8322,121437,728
2022-02-06,San Joaquin,077,732212,160839,158510,8783,167293,1997
2022-02-06,San Luis Obispo,079,281455,49836,48843,3452,52295,405
2022-02-06,San Mateo,081,765935,115768,105556,6619,112175,587
2022-02-06,Santa Barbara,083,443738,82818,81118,4597,85715,623
2022-02-06,Santa Clara,085,1922200,297480,291732,11605,303337,2075
2022-02-06,Santa Cruz,087,273765,44275,42952,1832,44784,239
2022-02-06,Shasta,089,179085,29297,28762,5843,34605,468
2022-02-06,Sierra,091,2930,270,265,39,304,0
2022-02-06,Siskiyou,093,43540,4227,4118,2555,6673,68
2022-02-06,Solano,095,438530,77996,73475,5225,78700,419
2022-02-06,Sonoma,097,501317,79715,77887,1950,79837,431
2022-02-06,Stanislaus,099,539301,114606,112521,15818,128339,1406
2022-02-06,Sutter,101,95872,19813,19523,1733,21256,203
2022-02-06,Tehama,103,63373,11556,11366,2508,13874,146
2022-02-06,Trinity,105,12862,1124,1102,273,1375,20
2022-02-06,Tulare,107,460477,100395,98260,26558,124818,1262
2022-02-06,Tuolumne,109,53932,11976,11507,510,12017,92
2022-02-06,Ventura,111,848112,168206,166235,9024,175259,1323
2022-02-06,Yolo,113,214977,34702,33784,2961,36745,281
2022-02-06,Yuba,115,75493,15172,14917,1085,16002,104
2022-02-05,Alameda,001,1643700,243809,235698,12981,248679,1638
2022-02-05,Alpine,003,1148,123,124,1,125,0
2022-02-05,Amador,005,37829,8093,7855,592,8447,71
2022-02-05,Butte,007,227075,31574,30733,6294,37027,355
2022-02-05,Calaveras,009,45235,6997,6789,320,7109,99
2022-02-05,Colusa,011,21464,3339,3234,1044,4278,21
2022-02-05,Contra Costa,013,1133247,180445,175871,12113,187984,1115
2022-02-05,Del Norte,015,27424,5176,4978,150,5128,44
2022-02-05,El Dorado,017,186661,25811,24813,3062,27875,185
2022-02-05,Fresno,019,978130,218819,213539,20830,234369,2477
2022-02-05,Glenn,021,27897,4819,4691,1488,6179,39
2022-02-05,Humboldt,023,135768,15950,15514,2644,18158,127
2022-02-05,Imperial,025,180216,53169,52153,10321,62474,853
2022-02-05,Inyo,027,18085,3990,3948,438,4386,51
2022-02-05,Kern,029,883053,185112,180296,43429,223725,1987
2022-02-05,Kings,031,150075,49197,47538,3410,50948,402
2022-02-05,Lake,033,64148,9886,9289,782,10071,124
2022-02-05,Lassen,035,31185,8463,8288,860,9148,55
2022-02-05,Los Angeles,037,10098052,2624507,2572702,119676,2692378,28947
2022-02-05,Madera,039,155013,35708,34471,5510,39981,329
2022-02-05,Marin,041,260295,31878,31299,2087,33386,255
2022-02-05,Mariposa,043,17540,2276,2222,162,2384,6
2022-02-05,Mendocino,045,87422,12422,12066,2570,14636,107
2022-02-05,Merced,047,269075,59890,58908,7652,66560,744
2022-02-05,Modoc,049,8938,692,664,230,894,6
2022-02-05,Mono,051,14174,2931,2904,113,3017,5
2022-02-05,Monterey,053,433212,75311,67342,11990,79332,666
2022-02-05,Napa,055,140530,24379,22973,897,23870,118
2022-02-05,Nevada,057,99092,15443,15002,1117,16119,113
2022-02-05,Orange,059,3164182,531573,527516,39677,567193,6134
2022-02-05,Placer,061,380077,60564,59043,7064,66107,533
2022-02-05,Plumas,063,18699,2616,2550,300,2850,13
2022-02-05,Riverside,065,2383286,576307,563991,26940,590931,5827
2022-02-05,Sacramento,067,1510023,265860,259437,25131,284568,2610
2022-02-05,San Benito,069,59416,12408,12142,490,12632,90
2022-02-05,San Bernardino,071,2135413,549887,539312,23495,562807,6322
2022-02-05,San Diego,073,3302833,723295,703957,47423,751380,4735
2022-02-05,San Francisco,075,870044,118962,112481,8294,120775,720
2022-02-05,San Joaquin,077,732212,160653,157420,8778,166198,1989
2022-02-05,San Luis Obispo,079,281455,49798,48361,3450,51811,404
2022-02-05,San Mateo,081,765935,115579,104810,6611,111421,587
2022-02-05,Santa Barbara,083,443738,82656,80478,4585,85063,617
2022-02-05,Santa Clara,085,1922200,296821,289262,11589,300851,2067
2022-02-05,Santa Cruz,087,273765,44202,42553,1829,44382,239
2022-02-05,Shasta,089,179085,29254,28604,5833,34437,466
2022-02-05,Sierra,091,2930,270,262,39,301,0
2022-02-05,Siskiyou,093,43540,4220,4106,2543,6649,67
2022-02-05,Solano,095,438530,77921,73112,5217,78329,415
2022-02-05,Sonoma,097,501317,79552,77213,1947,79160,431
2022-02-05,Stanislaus,099,539301,114403,111783,15799,127582,1406
2022-02-05,Sutter,101,95872,19783,19406,1727,21133,203
2022-02-05,Tehama,103,63373,11541,11259,2503,13762,146
2022-02-05,Trinity,105,12862,1122,1085,273,1358,20
2022-02-05,Tulare,107,460477,100255,97414,26493,123907,1254
2022-02-05,Tuolumne,109,53932,11949,11409,507,11916,91
2022-02-05,Ventura,111,848112,167980,165532,9009,174541,1308
2022-02-05,Yolo,113,214977,34618,33614,2948,36562,281
2022-02-05,Yuba,115,75493,15144,14801,1077,15878,105
2022-02-04,Alameda,001,1643700,243342,235698,12974,248672,1638
2022-02-04,Alpine,003,1148,123,124,1,125,0
2022-02-04,Amador,005,37829,8078,7855,588,8443,71
2022-02-04,Butte,007,227075,31513,30733,6284,37017,355
2022-02-04,Calaveras,009,45235,6986,6789,318,7107,99
2022-02-04,Colusa,011,21464,3334,3234,1042,4276,21
2022-02-04,Contra Costa,013,1133247,180120,175871,12096,187967,1115
2022-02-04,Del Norte,015,27424,5152,4978,150,5128,44
2022-02-04,El Dorado,017,186661,25774,24813,3058,27871,185
2022-02-04,Fresno,019,978130,218345,213539,20804,234343,2477
2022-02-04,Glenn,021,27897,4810,4691,1485,6176,39
2022-02-04,Humboldt,023,135768,15922,15514,2641,18155,127
2022-02-04,Imperial,025,180216,53100,52153,10309,62462,853
2022-02-04,Inyo,027,18085,3987,3948,436,4384,51
2022-02-04,Kern,029,883053,184890,180296,43313,223609,1987
2022-02-04,Kings,031,150075,49117,47538,3405,50943,402
2022-02-04,Lake,033,64148,9858,9289,780,10069,124
2022-02-04,Lassen,035,31185,8438,8288,860,9148,55
2022-02-04,Los Angeles,037,10098052,2621687,2572702,119563,2692265,28947
2022-02-04,Madera,039,155013,35621,34471,5501,39972,329
2022-02-04,Marin,041,260295,31818,31299,2080,33379,255
2022-02-04,Mariposa,043,17540,2274,2222,160,2382,6
2022-02-04,Mendocino,045,87422,12393,12066,2568,14634,107
2022-02-04,Merced,047,269075,59814,58908,7644,66552,744
2022-02-04,Modoc,049,8938,692,664,230,894,6
2022-02-04,Mono,051,14174,2929,2904,113,3017,5
2022-02-04,Monterey,053,433212,75132,67342,11972,79314,666
2022-02-04,Napa,055,140530,24332,22973,893,23866,118
2022-02-04,Nevada,057,99092,15407,15002,1113,16115,113
2022-02-04,Orange,059,3164182,531036,527516,39619,567135,6134
2022-02-04,Placer,061,380077,60469,59043,7053,66096,533
2022-02-04,Plumas,063,18699,2612,2550,298,2848,13
2022-02-04,Riverside,065,2383286,575593,563991,26928,590919,5827
2022-02-04,Sacramento,067,1510023,265415,259437,25114,284551,2610
2022-02-04,San Benito,069,59416,12389,12142,488,12630,90
2022-02-04,San Bernardino,071,2135413,549318,539312,23477,562789,6322
2022-02-04,San Diego,073,3302833,722191,703957,47376,751333,4735
2022-02-04,San Francisco,075,870044,118734,112481,8270,120751,720
2022-02-04,San Joaquin,077,732212,160425,157420,8770,166190,1989
2022-02-04,San Luis Obispo,079,281455,49739,48361,3445,51806,404
2022-02-04,San Mateo,081,765935,115348,104810,6597,111407,587
2022-02-04,Santa Barbara,083,443738,82508,80478,4584,85062,617
2022-02-04,Santa Clara,085,1922200,296138,289262,11568,300830,2067
2022-02-04,Santa Cruz,087,273765,44000,42553,1826,44379,239
2022-02-04,Shasta,089,179085,29205,28604,5822,34426,466
2022-02-04,Sierra,091,2930,270,262,39,301,0
2022-02-04,Siskiyou,093,43540,4212,4106,2536,6642,67
2022-02-04,Solano,095,438530,77728,73112,5181,78293,415
2022-02-04,Sonoma,097,501317,79403,77213,1895,79108,431
2022-02-04,Stanislaus,099,539301,114217,111783,15787,127570,1406
2022-02-04,Sutter,101,95872,19759,19406,1720,21126,203
2022-02-04,Tehama,103,63373,11527,11259,2502,13761,146
2022-02-04,Trinity,105,12862,1121,1085,272,1357,20
2022-02-04,Tulare,107,460477,100093,97414,26420,123834,1254
2022-02-04,Tuolumne,109,53932,11934,11409,506,11915,91
2022-02-04,Ventura,111,848112,167712,165532,9001,174533,1308
2022-02-04,Yolo,113,214977,34529,33614,2941,36555,281
2022-02-04,Yuba,115,75493,15126,14801,1077,15878,105
2022-02-03,Alameda,001,1643700,242562,235698,12911,248609,1638
2022-02-03,Alpine,003,1148,123,124,1,125,0
2022-02-03,Amador,005,37829,8058,7855,583,8438,71
2022-02-03,Butte,007,227075,31404,30733,6257,36990,355
2022-02-03,Calaveras,009,45235,6954,6789,314,7103,99
2022-02-03,Colusa,011,21464,3321,3234,1036,4270,21
2022-02-03,Contra Costa,013,1133247,179541,175871,12000,187871,1115
2022-02-03,Del Norte,015,27424,5101,4978,148,5126,44
2022-02-03,El Dorado,017,186661,25701,24813,3053,27866,185
2022-02-03,Fresno,019,978130,217415,213539,20648,234187,2477
2022-02-03,Glenn,021,27897,4792,4691,1467,6158,39
2022-02-03,Humboldt,023,135768,15846,15514,2604,18118,127
2022-02-03,Imperial,025,180216,52955,52153,10254,62407,853
2022-02-03,Inyo,027,18085,3983,3948,433,4381,51
2022-02-03,Kern,029,883053,184427,180296,43110,223406,1987
2022-02-03,Kings,031,150075,48949,47538,3397,50935,402
2022-02-03,Lake,033,64148,9801,9289,774,10063,124
2022-02-03,Lassen,035,31185,8412,8288,858,9146,55
2022-02-03,Los Angeles,037,10098052,2616071,2572702,119345,2692047,28947
2022-02-03,Madera,039,155013,35478,34471,5455,39926,329
2022-02-03,Marin,041,260295,31716,31299,2076,33375,255
2022-02-03,Mariposa,043,17540,2262,2222,157,2379,6
2022-02-03,Mendocino,045,87422,12348,12066,2544,14610,107
2022-02-03,Merced,047,269075,59659,58908,7536,66444,744
2022-02-03,Modoc,049,8938,689,664,230,894,6
2022-02-03,Mono,051,14174,2924,2904,113,3017,5
2022-02-03,Monterey,053,433212,74859,67342,11801,79143,666
2022-02-03,Napa,055,140530,24195,22973,893,23866,118
2022-02-03,Nevada,057,99092,15365,15002,1101,16103,113
2022-02-03,Orange,059,3164182,530077,527516,39522,567038,6134
2022-02-03,Placer,061,380077,60272,59043,7033,66076,533
2022-02-03,Plumas,063,18699,2597,2550,295,2845,13
2022-02-03,Riverside,065,2383286,574374,563991,26858,590849,5827
2022-02-03,Sacramento,067,1510023,264508,259437,24912,284349,2610
2022-02-03,San Benito,069,59416,12362,12142,485,12627,90
2022-02-03,San Bernardino,071,2135413,548324,539312,23439,562751,6322
2022-02-03,San Diego,073,3302833,720232,703957,47213,751170,4735
2022-02-03,San Francisco,075,870044,118399,112481,8237,120718,720
2022-02-03,San Joaquin,077,732212,159944,157420,8744,166164,1989
2022-02-03,San Luis Obispo,079,281455,49542,48361,3428,51789,404
2022-02-03,San Mateo,081,765935,114991,104810,6563,111373,587
2022-02-03,Santa Barbara,083,443738,82135,80478,4555,85033,617
2022-02-03,Santa Clara,085,1922200,294935,289262,11457,300719,2067
2022-02-03,Santa Cruz,087,273765,43658,42553,1819,44372,239
2022-02-03,Shasta,089,179085,29098,28604,5793,34397,466
2022-02-03,Sierra,091,2930,270,262,39,301,0
2022-02-03,Siskiyou,093,43540,4196,4106,2517,6623,67
2022-02-03,Solano,095,438530,77391,73112,5163,78275,415
2022-02-03,Sonoma,097,501317,79102,77213,1889,79102,431
2022-02-03,Stanislaus,099,539301,113846,111783,15722,127505,1406
2022-02-03,Sutter,101,95872,19706,19406,1711,21117,203
2022-02-03,Tehama,103,63373,11500,11259,2493,13752,146
2022-02-03,Trinity,105,12862,1120,1085,271,1356,20
2022-02-03,Tulare,107,460477,99704,97414,26265,123679,1254
2022-02-03,Tuolumne,109,53932,11890,11409,495,11904,91
2022-02-03,Ventura,111,848112,167329,165532,8991,174523,1308
2022-02-03,Yolo,113,214977,34420,33614,2927,36541,281
2022-02-03,Yuba,115,75493,15077,14801,1062,15863,105
2022-02-02,Alameda,001,1643700,241589,234300,12808,247108,1632
2022-02-02,Alpine,003,1148,123,123,1,124,0
2022-02-02,Amador,005,37829,8028,7781,573,8354,71
2022-02-02,Butte,007,227075,31296,30550,6225,36775,355
2022-02-02,Calaveras,009,45235,6926,6753,310,7063,99
2022-02-02,Colusa,011,21464,3306,3211,1035,4246,21
2022-02-02,Contra Costa,013,1133247,178955,174876,11912,186788,1113
2022-02-02,Del Norte,015,27424,5056,4924,142,5066,44
2022-02-02,El Dorado,017,186661,25631,24690,3033,27723,185
2022-02-02,Fresno,019,978130,216404,211976,20538,232514,2463
2022-02-02,Glenn,021,27897,4768,4667,1461,6128,39
2022-02-02,Humboldt,023,135768,15785,15392,2565,17957,127
2022-02-02,Imperial,025,180216,52739,51875,10107,61982,853
2022-02-02,Inyo,027,18085,3977,3944,431,4375,51
2022-02-02,Kern,029,883053,183836,179386,42897,222283,1974
2022-02-02,Kings,031,150075,48766,47061,3370,50431,401
2022-02-02,Lake,033,64148,9741,9235,767,10002,120
2022-02-02,Lassen,035,31185,8395,8258,846,9104,55
2022-02-02,Los Angeles,037,10098052,2609626,2561902,119011,2680913,28850
2022-02-02,Madera,039,155013,35295,34265,5381,39646,329
2022-02-02,Marin,041,260295,31612,31149,2065,33214,255
2022-02-02,Mariposa,043,17540,2251,2215,153,2368,6
2022-02-02,Mendocino,045,87422,12293,11996,2505,14501,105
2022-02-02,Merced,047,269075,59489,58532,7441,65973,744
2022-02-02,Modoc,049,8938,683,662,230,892,6
2022-02-02,Mono,051,14174,2913,2887,113,3000,5
2022-02-02,Monterey,053,433212,74492,66852,11640,78492,666
2022-02-02,Napa,055,140530,24072,22859,878,23737,117
2022-02-02,Nevada,057,99092,15311,14895,1077,15972,112
2022-02-02,Orange,059,3164182,528966,524418,39406,563824,6127
2022-02-02,Placer,061,380077,60076,58654,7000,65654,533
2022-02-02,Plumas,063,18699,2589,2540,291,2831,12
2022-02-02,Riverside,065,2383286,573054,561220,26810,588030,5827
2022-02-02,Sacramento,067,1510023,263516,258078,24685,282763,2602
2022-02-02,San Benito,069,59416,12324,12058,481,12539,90
2022-02-02,San Bernardino,071,2135413,547359,537485,23377,560862,6317
2022-02-02,San Diego,073,3302833,718010,703957,47048,751005,4735
2022-02-02,San Francisco,075,870044,118018,112008,8221,120229,714
2022-02-02,San Joaquin,077,732212,159356,156537,8719,165256,1986
2022-02-02,San Luis Obispo,079,281455,49345,48119,3415,51534,403
2022-02-02,San Mateo,081,765935,114617,104201,6490,110691,587
2022-02-02,Santa Barbara,083,443738,81765,79979,4522,84501,612
2022-02-02,Santa Clara,085,1922200,293786,287443,11344,298787,2051
2022-02-02,Santa Cruz,087,273765,43382,42127,1809,43936,239
2022-02-02,Shasta,089,179085,29000,28429,5751,34180,465
2022-02-02,Sierra,091,2930,270,262,39,301,0
2022-02-02,Siskiyou,093,43540,4186,4078,2490,6568,67
2022-02-02,Solano,095,438530,77035,72711,5141,77852,414
2022-02-02,Sonoma,097,501317,78790,76681,1881,78562,431
2022-02-02,Stanislaus,099,539301,113448,111167,15616,126783,1403
2022-02-02,Sutter,101,95872,19642,19290,1681,20971,203
2022-02-02,Tehama,103,63373,11446,11193,2475,13668,146
2022-02-02,Trinity,105,12862,1117,1074,269,1343,20
2022-02-02,Tulare,107,460477,99325,96820,26095,122915,1249
2022-02-02,Tuolumne,109,53932,11812,11342,492,11834,91
2022-02-02,Ventura,111,848112,166934,164905,8972,173877,1292
2022-02-02,Yolo,113,214977,34299,33332,2906,36238,281
2022-02-02,Yuba,115,75493,15012,14720,1054,15774,104
2022-02-01,Alameda,001,1643700,240481,233782,12706,246488,1620
2022-02-01,Alpine,003,1148,123,123,1,124,0
2022-02-01,Amador,005,37829,7982,7783,567,8350,73
2022-02-01,Butte,007,227075,31161,30496,6186,36682,355
2022-02-01,Calaveras,009,45235,6885,6749,306,7055,98
2022-02-01,Colusa,011,21464,3287,3202,1009,4211,21
2022-02-01,Contra Costa,013,1133247,178201,174379,11774,186153,1115
2022-02-01,Del Norte,015,27424,5014,4907,141,5048,44
2022-02-01,El Dorado,017,186661,25565,24664,3012,27676,184
2022-02-01,Fresno,019,978130,215261,211352,20387,231739,2464
2022-02-01,Glenn,021,27897,4755,4649,1451,6100,39
2022-02-01,Humboldt,023,135768,15700,15354,2535,17889,127
2022-02-01,Imperial,025,180216,52536,51675,10040,61715,846
2022-02-01,Inyo,027,18085,3966,3928,428,4356,51
2022-02-01,Kern,029,883053,183213,178987,42662,221649,1967
2022-02-01,Kings,031,150075,48511,46959,3343,50302,400
2022-02-01,Lake,033,64148,9686,9211,761,9972,119
2022-02-01,Lassen,035,31185,8374,8231,840,9071,55
2022-02-01,Los Angeles,037,10098052,2602279,2548794,118675,2667469,28752
2022-02-01,Madera,039,155013,35067,34124,5299,39423,329
2022-02-01,Marin,041,260295,31492,31099,2049,33148,255
2022-02-01,Mariposa,043,17540,2244,2210,152,2362,6
2022-02-01,Mendocino,045,87422,12232,11978,2469,14447,105
2022-02-01,Merced,047,269075,59289,58362,7318,65680,743
2022-02-01,Modoc,049,8938,676,664,230,894,6
2022-02-01,Mono,051,14174,2907,2888,112,3000,5
2022-02-01,Monterey,053,433212,74077,66553,11436,77989,665
2022-02-01,Napa,055,140530,23975,22795,860,23655,116
2022-02-01,Nevada,057,99092,15244,14863,1064,15927,112
2022-02-01,Orange,059,3164182,527722,523741,39268,563009,6108
2022-02-01,Placer,061,380077,59809,58486,6955,65441,532
2022-02-01,Plumas,063,18699,2583,2526,288,2814,12
2022-02-01,Riverside,065,2383286,571652,560010,26759,586769,5825
2022-02-01,Sacramento,067,1510023,262477,257504,24400,281904,2593
2022-02-01,San Benito,069,59416,12261,12053,478,12531,90
2022-02-01,San Bernardino,071,2135413,546169,536591,23314,559905,6311
2022-02-01,San Diego,073,3302833,715515,701009,46841,747850,4710
2022-02-01,San Francisco,075,870044,117492,111606,8199,119805,713
2022-02-01,San Joaquin,077,732212,158825,156300,8696,164996,1987
2022-02-01,San Luis Obispo,079,281455,49120,47842,3353,51195,403
2022-02-01,San Mateo,081,765935,114141,103868,6443,110311,589
2022-02-01,Santa Barbara,083,443738,81310,79659,4484,84143,608
2022-02-01,Santa Clara,085,1922200,292232,286109,11237,297346,2070
2022-02-01,Santa Cruz,087,273765,43088,41782,1795,43577,239
2022-02-01,Shasta,089,179085,28873,28382,5697,34079,465
2022-02-01,Sierra,091,2930,268,262,39,301,0
2022-02-01,Siskiyou,093,43540,4171,4072,2464,6536,66
2022-02-01,Solano,095,438530,76761,72494,5125,77619,415
2022-02-01,Sonoma,097,501317,78423,76379,1863,78242,431
2022-02-01,Stanislaus,099,539301,113043,110925,15536,126461,1403
2022-02-01,Sutter,101,95872,19574,19256,1648,20904,202
2022-02-01,Tehama,103,63373,11391,11165,2460,13625,146
2022-02-01,Trinity,105,12862,1114,1073,269,1342,19
2022-02-01,Tulare,107,460477,98853,96467,25874,122341,1247
2022-02-01,Tuolumne,109,53932,11763,11318,483,11801,91
2022-02-01,Ventura,111,848112,166441,164721,8949,173670,1293
2022-02-01,Yolo,113,214977,34162,33257,2876,36133,275
2022-02-01,Yuba,115,75493,14951,14693,1048,15741,103
2022-01-31,Alameda,001,1643700,239144,232743,12591,245334,1607
2022-01-31,Alpine,003,1148,122,123,1,124,0
2022-01-31,Amador,005,37829,7929,7682,552,8234,73
2022-01-31,Butte,007,227075,30998,30371,6149,36520,354
2022-01-31,Calaveras,009,45235,6853,6700,295,6995,96
2022-01-31,Colusa,011,21464,3275,3187,1000,4187,21
2022-01-31,Contra Costa,013,1133247,177413,173466,11646,185112,1115
2022-01-31,Del Norte,015,27424,4973,4879,133,5012,43
2022-01-31,El Dorado,017,186661,25464,24545,2985,27530,184
2022-01-31,Fresno,019,978130,213799,210589,20198,230787,2464
2022-01-31,Glenn,021,27897,4719,4641,1439,6080,39
2022-01-31,Humboldt,023,135768,15610,15308,2500,17808,126
2022-01-31,Imperial,025,180216,52329,51472,9906,61378,846
2022-01-31,Inyo,027,18085,3952,3922,423,4345,50
2022-01-31,Kern,029,883053,182465,178375,42343,220718,1967
2022-01-31,Kings,031,150075,48157,46845,3309,50154,398
2022-01-31,Lake,033,64148,9613,9141,746,9887,119
2022-01-31,Lassen,035,31185,8346,8162,836,8998,55
2022-01-31,Los Angeles,037,10098052,2593906,2541189,118265,2659454,28718
2022-01-31,Madera,039,155013,34856,33886,5204,39090,329
2022-01-31,Marin,041,260295,31362,31023,2034,33057,253
2022-01-31,Mariposa,043,17540,2234,2203,143,2346,6
2022-01-31,Mendocino,045,87422,12161,11896,2426,14322,104
2022-01-31,Merced,047,269075,59010,58198,7129,65327,740
2022-01-31,Modoc,049,8938,673,661,230,891,6
2022-01-31,Mono,051,14174,2889,2889,112,3001,5
2022-01-31,Monterey,053,433212,73644,66117,11229,77346,661
2022-01-31,Napa,055,140530,23805,22707,844,23551,113
2022-01-31,Nevada,057,99092,15161,14813,1051,15864,112
2022-01-31,Orange,059,3164182,526328,522358,39142,561500,6098
2022-01-31,Placer,061,380077,59555,58252,6919,65171,523
2022-01-31,Plumas,063,18699,2577,2513,286,2799,12
2022-01-31,Riverside,065,2383286,569811,558166,26685,584851,5785
2022-01-31,Sacramento,067,1510023,261222,256594,24114,280708,2571
2022-01-31,San Benito,069,59416,12203,11976,477,12453,90
2022-01-31,San Bernardino,071,2135413,544556,535276,23236,558512,6302
2022-01-31,San Diego,073,3302833,712606,698571,46601,745172,4686
2022-01-31,San Francisco,075,870044,117078,111119,8160,119279,712
2022-01-31,San Joaquin,077,732212,158062,155736,8666,164402,1985
2022-01-31,San Luis Obispo,079,281455,48869,47656,3294,50950,395
2022-01-31,San Mateo,081,765935,113624,103313,6386,109699,589
2022-01-31,Santa Barbara,083,443738,80789,79267,4441,83708,606
2022-01-31,Santa Clara,085,1922200,290535,284562,11130,295692,2041
2022-01-31,Santa Cruz,087,273765,42717,41630,1792,43422,239
2022-01-31,Shasta,089,179085,28741,28190,5655,33845,462
2022-01-31,Sierra,091,2930,267,261,39,300,0
2022-01-31,Siskiyou,093,43540,4154,4054,2448,6502,66
2022-01-31,Solano,095,438530,76033,72258,5078,77336,414
2022-01-31,Sonoma,097,501317,77972,76199,1850,78049,431
2022-01-31,Stanislaus,099,539301,112516,110493,15392,125885,1403
2022-01-31,Sutter,101,95872,19496,19189,1602,20791,202
2022-01-31,Tehama,103,63373,11326,11112,2429,13541,145
2022-01-31,Trinity,105,12862,1110,1071,266,1337,19
2022-01-31,Tulare,107,460477,98245,96053,25611,121664,1245
2022-01-31,Tuolumne,109,53932,11670,11278,476,11754,91
2022-01-31,Ventura,111,848112,165905,164060,8926,172986,1286
2022-01-31,Yolo,113,214977,34010,33175,2849,36024,274
2022-01-31,Yuba,115,75493,14888,14652,1028,15680,103
2022-01-30,Alameda,001,1643700,237604,231838,12440,244278,1607
2022-01-30,Alpine,003,1148,122,123,1,124,0
2022-01-30,Amador,005,37829,7877,7644,529,8173,73
2022-01-30,Butte,007,227075,30801,30255,6087,36342,354
2022-01-30,Calaveras,009,45235,6797,6676,281,6957,96
2022-01-30,Colusa,011,21464,3251,3168,988,4156,21
2022-01-30,Contra Costa,013,1133247,176457,172902,11446,184348,1102
2022-01-30,Del Norte,015,27424,4923,4833,128,4961,43
2022-01-30,El Dorado,017,186661,25345,24491,2958,27449,184
2022-01-30,Fresno,019,978130,212274,209645,19950,229595,2463
2022-01-30,Glenn,021,27897,4688,4619,1429,6048,39
2022-01-30,Humboldt,023,135768,15496,15247,2440,17687,126
2022-01-30,Imperial,025,180216,52016,51415,9709,61124,846
2022-01-30,Inyo,027,18085,3939,3921,420,4341,50
2022-01-30,Kern,029,883053,181618,177924,42023,219947,1967
2022-01-30,Kings,031,150075,47800,46654,3239,49893,398
2022-01-30,Lake,033,64148,9522,9080,724,9804,119
2022-01-30,Lassen,035,31185,8317,8158,827,8985,55
2022-01-30,Los Angeles,037,10098052,2583588,2530739,117779,2648518,28678
2022-01-30,Madera,039,155013,34558,33752,5010,38762,329
2022-01-30,Marin,041,260295,31206,30875,2019,32894,253
2022-01-30,Mariposa,043,17540,2222,2177,137,2314,6
2022-01-30,Mendocino,045,87422,12087,11860,2321,14181,104
2022-01-30,Merced,047,269075,58649,58006,6828,64834,740
2022-01-30,Modoc,049,8938,670,661,230,891,6
2022-01-30,Mono,051,14174,2885,2888,112,3000,5
2022-01-30,Monterey,053,433212,73044,65996,10935,76931,661
2022-01-30,Napa,055,140530,23636,22588,827,23415,114
2022-01-30,Nevada,057,99092,15059,14741,1035,15776,112
2022-01-30,Orange,059,3164182,524669,521334,38987,560321,6098
2022-01-30,Placer,061,380077,59175,58030,6874,64904,523
2022-01-30,Plumas,063,18699,2562,2510,271,2781,12
2022-01-30,Riverside,065,2383286,567727,557088,26589,583677,5767
2022-01-30,Sacramento,067,1510023,259756,255715,23609,279324,2572
2022-01-30,San Benito,069,59416,12137,11945,472,12417,90
2022-01-30,San Bernardino,071,2135413,542888,534050,23138,557188,6302
2022-01-30,San Diego,073,3302833,709038,687145,46185,733330,4665
2022-01-30,San Francisco,075,870044,116519,110772,8120,118892,712
2022-01-30,San Joaquin,077,732212,157078,155165,8630,163795,1985
2022-01-30,San Luis Obispo,079,281455,48473,47599,3257,50856,394
2022-01-30,San Mateo,081,765935,113047,102979,6333,109312,589
2022-01-30,Santa Barbara,083,443738,80112,79072,4378,83450,606
2022-01-30,Santa Clara,085,1922200,288538,282846,10998,293844,2035
2022-01-30,Santa Cruz,087,273765,42266,41330,1785,43115,239
2022-01-30,Shasta,089,179085,28578,28105,5568,33673,462
2022-01-30,Sierra,091,2930,267,261,39,300,0
2022-01-30,Siskiyou,093,43540,4125,4039,2397,6436,66
2022-01-30,Solano,095,438530,75510,71857,5030,76887,414
2022-01-30,Sonoma,097,501317,77447,75890,1832,77722,431
2022-01-30,Stanislaus,099,539301,111858,110111,15227,125338,1403
2022-01-30,Sutter,101,95872,19404,19108,1502,20610,202
2022-01-30,Tehama,103,63373,11255,11071,2400,13471,145
2022-01-30,Trinity,105,12862,1104,1068,266,1334,19
2022-01-30,Tulare,107,460477,97527,95676,25338,121014,1245
2022-01-30,Tuolumne,109,53932,11559,11242,439,11681,91
2022-01-30,Ventura,111,848112,165329,163521,8896,172417,1286
2022-01-30,Yolo,113,214977,33803,33043,2813,35856,274
2022-01-30,Yuba,115,75493,14796,14584,1006,15590,103
2022-01-29,Alameda,001,1643700,236952,225602,12425,238027,1605
2022-01-29,Alpine,003,1148,122,123,1,124,0
2022-01-29,Amador,005,37829,7856,7505,526,8031,73
2022-01-29,Butte,007,227075,30716,29557,6063,35620,353
2022-01-29,Calaveras,009,45235,6778,6484,280,6764,96
2022-01-29,Colusa,011,21464,3245,3107,985,4092,21
2022-01-29,Contra Costa,013,1133247,175939,168003,11423,179426,1101
2022-01-29,Del Norte,015,27424,4915,4589,126,4715,43
2022-01-29,El Dorado,017,186661,25297,24008,2954,26962,184
2022-01-29,Fresno,019,978130,211831,202691,19919,222610,2457
2022-01-29,Glenn,021,27897,4681,4516,1422,5938,39
2022-01-29,Humboldt,023,135768,15449,14812,2433,17245,126
2022-01-29,Imperial,025,180216,51907,50153,9656,59809,845
2022-01-29,Inyo,027,18085,3937,3895,412,4307,50
2022-01-29,Kern,029,883053,181284,174456,41869,216325,1962
2022-01-29,Kings,031,150075,47687,45047,3231,48278,397
2022-01-29,Lake,033,64148,9495,8747,720,9467,119
2022-01-29,Lassen,035,31185,8299,7961,826,8787,55
2022-01-29,Los Angeles,037,10098052,2579925,2473332,117508,2590840,28467
2022-01-29,Madera,039,155013,34449,32753,4986,37739,329
2022-01-29,Marin,041,260295,31136,30137,2016,32153,253
2022-01-29,Mariposa,043,17540,2220,2117,135,2252,6
2022-01-29,Mendocino,045,87422,12064,11591,2306,13897,104
2022-01-29,Merced,047,269075,58546,56472,6826,63298,735
2022-01-29,Modoc,049,8938,670,654,230,884,6
2022-01-29,Mono,051,14174,2884,2860,112,2972,5
2022-01-29,Monterey,053,433212,72901,64090,10911,75001,658
2022-01-29,Napa,055,140530,23579,22121,825,22946,113
2022-01-29,Nevada,057,99092,15027,14337,1032,15369,112
2022-01-29,Orange,059,3164182,524011,511255,38877,550132,6038
2022-01-29,Placer,061,380077,58976,56562,6861,63423,523
2022-01-29,Plumas,063,18699,2555,2463,267,2730,12
2022-01-29,Riverside,065,2383286,566695,548121,26551,574672,5726
2022-01-29,Sacramento,067,1510023,259185,249130,23564,272694,2558
2022-01-29,San Benito,069,59416,12078,11670,471,12141,90
2022-01-29,San Bernardino,071,2135413,542168,525249,23099,548348,6297
2022-01-29,San Diego,073,3302833,707735,683027,46105,729132,4643
2022-01-29,San Francisco,075,870044,116220,108265,8054,116319,712
2022-01-29,San Joaquin,077,732212,156834,150849,8616,159465,1971
2022-01-29,San Luis Obispo,079,281455,48385,46374,3253,49627,391
2022-01-29,San Mateo,081,765935,112698,100306,6307,106613,586
2022-01-29,Santa Barbara,083,443738,79905,76546,4371,80917,604
2022-01-29,Santa Clara,085,1922200,287587,273879,10969,284848,2019
2022-01-29,Santa Cruz,087,273765,42136,39228,1783,41011,240
2022-01-29,Shasta,089,179085,28520,27504,5554,33058,452
2022-01-29,Sierra,091,2930,267,260,39,299,0
2022-01-29,Siskiyou,093,43540,4115,3987,2390,6377,66
2022-01-29,Solano,095,438530,75366,69862,5017,74879,407
2022-01-29,Sonoma,097,501317,77224,73439,1828,75267,427
2022-01-29,Stanislaus,099,539301,111605,107668,15191,122859,1403
2022-01-29,Sutter,101,95872,19355,18797,1485,20282,202
2022-01-29,Tehama,103,63373,11223,10880,2394,13274,145
2022-01-29,Trinity,105,12862,1101,1033,265,1298,19
2022-01-29,Tulare,107,460477,97298,93154,25282,118436,1237
2022-01-29,Tuolumne,109,53932,11534,10806,431,11237,91
2022-01-29,Ventura,111,848112,164998,160466,8879,169345,1271
2022-01-29,Yolo,113,214977,33698,32123,2799,34922,275
2022-01-29,Yuba,115,75493,14758,14295,1004,15299,103
2022-01-28,Alameda,001,1643700,236004,225602,12408,238010,1605
2022-01-28,Alpine,003,1148,122,123,1,124,0
2022-01-28,Amador,005,37829,7829,7505,525,8030,73
2022-01-28,Butte,007,227075,30640,29557,6044,35601,353
2022-01-28,Calaveras,009,45235,6759,6484,279,6763,96
2022-01-28,Colusa,011,21464,3241,3107,983,4090,21
2022-01-28,Contra Costa,013,1133247,175414,168003,11387,179390,1101
2022-01-28,Del Norte,015,27424,4892,4589,125,4714,43
2022-01-28,El Dorado,017,186661,25256,24008,2951,26959,184
2022-01-28,Fresno,019,978130,211034,202691,19874,222565,2457
2022-01-28,Glenn,021,27897,4668,4516,1420,5936,39
2022-01-28,Humboldt,023,135768,15412,14812,2423,17235,126
2022-01-28,Imperial,025,180216,51784,50153,9623,59776,845
2022-01-28,Inyo,027,18085,3934,3895,409,4304,50
2022-01-28,Kern,029,883053,180880,174456,41719,216175,1962
2022-01-28,Kings,031,150075,47552,45047,3224,48271,397
2022-01-28,Lake,033,64148,9468,8747,719,9466,119
2022-01-28,Lassen,035,31185,8232,7961,825,8786,55
2022-01-28,Los Angeles,037,10098052,2574394,2473332,117282,2590614,28467
2022-01-28,Madera,039,155013,34316,32753,4969,37722,329
2022-01-28,Marin,041,260295,31043,30137,1994,32131,253
2022-01-28,Mariposa,043,17540,2210,2117,133,2250,6
2022-01-28,Mendocino,045,87422,12026,11591,2304,13895,104
2022-01-28,Merced,047,269075,58446,56472,6815,63287,735
2022-01-28,Modoc,049,8938,669,654,230,884,6
2022-01-28,Mono,051,14174,2879,2860,112,2972,5
2022-01-28,Monterey,053,433212,72705,64090,10877,74967,658
2022-01-28,Napa,055,140530,23502,22121,823,22944,113
2022-01-28,Nevada,057,99092,14993,14337,1030,15367,112
2022-01-28,Orange,059,3164182,522920,511255,38789,550044,6038
2022-01-28,Placer,061,380077,58794,56562,6837,63399,523
2022-01-28,Plumas,063,18699,2548,2463,265,2728,12
2022-01-28,Riverside,065,2383286,565356,548121,26514,574635,5726
2022-01-28,Sacramento,067,1510023,258400,249130,23517,272647,2558
2022-01-28,San Benito,069,59416,12056,11670,466,12136,90
2022-01-28,San Bernardino,071,2135413,541130,525249,23073,548322,6297
2022-01-28,San Diego,073,3302833,705927,683027,46037,729064,4643
2022-01-28,San Francisco,075,870044,115851,108265,8007,116272,712
2022-01-28,San Joaquin,077,732212,156542,150849,8606,159455,1971
2022-01-28,San Luis Obispo,079,281455,48301,46374,3246,49620,391
2022-01-28,San Mateo,081,765935,112346,100306,6284,106590,586
2022-01-28,Santa Barbara,083,443738,79649,76546,4367,80913,604
2022-01-28,Santa Clara,085,1922200,286356,273879,10921,284800,2019
2022-01-28,Santa Cruz,087,273765,41954,39228,1776,41004,240
2022-01-28,Shasta,089,179085,28464,27504,5540,33044,452
2022-01-28,Sierra,091,2930,267,260,39,299,0
2022-01-28,Siskiyou,093,43540,4107,3987,2386,6373,66
2022-01-28,Solano,095,438530,74786,69862,4950,74812,407
2022-01-28,Sonoma,097,501317,77016,73439,1824,75263,427
2022-01-28,Stanislaus,099,539301,111333,107668,15161,122829,1403
2022-01-28,Sutter,101,95872,19311,18797,1483,20280,202
2022-01-28,Tehama,103,63373,11190,10880,2390,13270,145
2022-01-28,Trinity,105,12862,1094,1033,265,1298,19
2022-01-28,Tulare,107,460477,97048,93154,25191,118345,1237
2022-01-28,Tuolumne,109,53932,11503,10806,425,11231,91
2022-01-28,Ventura,111,848112,164547,160466,8859,169325,1271
2022-01-28,Yolo,113,214977,33590,32123,2792,34915,275
2022-01-28,Yuba,115,75493,14719,14295,998,15293,103
2022-01-27,Alameda,001,1643700,234422,225602,12274,237876,1605
2022-01-27,Alpine,003,1148,122,123,1,124,0
2022-01-27,Amador,005,37829,7783,7505,512,8017,73
2022-01-27,Butte,007,227075,30488,29557,5992,35549,353
2022-01-27,Calaveras,009,45235,6731,6484,263,6747,96
2022-01-27,Colusa,011,21464,3227,3107,976,4083,21
2022-01-27,Contra Costa,013,1133247,174394,168003,11217,179220,1101
2022-01-27,Del Norte,015,27424,4843,4589,121,4710,43
2022-01-27,El Dorado,017,186661,25147,24008,2930,26938,184
2022-01-27,Fresno,019,978130,209438,202691,19678,222369,2457
2022-01-27,Glenn,021,27897,4637,4516,1412,5928,39
2022-01-27,Humboldt,023,135768,15321,14812,2385,17197,126
2022-01-27,Imperial,025,180216,51499,50153,9508,59661,845
2022-01-27,Inyo,027,18085,3928,3895,398,4293,50
2022-01-27,Kern,029,883053,180107,174456,41370,215826,1962
2022-01-27,Kings,031,150075,47208,45047,3189,48236,397
2022-01-27,Lake,033,64148,9416,8747,699,9446,119
2022-01-27,Lassen,035,31185,8194,7961,818,8779,55
2022-01-27,Los Angeles,037,10098052,2563520,2473332,116778,2590110,28467
2022-01-27,Madera,039,155013,34096,32753,4862,37615,329
2022-01-27,Marin,041,260295,30878,30137,1978,32115,253
2022-01-27,Mariposa,043,17540,2187,2117,130,2247,6
2022-01-27,Mendocino,045,87422,11976,11591,2255,13846,104
2022-01-27,Merced,047,269075,58175,56472,6663,63135,735
2022-01-27,Modoc,049,8938,667,654,229,883,6
2022-01-27,Mono,051,14174,2875,2860,110,2970,5
2022-01-27,Monterey,053,433212,72082,64090,10634,74724,658
2022-01-27,Napa,055,140530,23342,22121,795,22916,113
2022-01-27,Nevada,057,99092,14924,14337,1003,15340,112
2022-01-27,Orange,059,3164182,521175,511255,38639,549894,6038
2022-01-27,Placer,061,380077,58478,56562,6788,63350,523
2022-01-27,Plumas,063,18699,2539,2463,252,2715,12
2022-01-27,Riverside,065,2383286,563160,548121,26443,574564,5726
2022-01-27,Sacramento,067,1510023,257117,249130,23167,272297,2558
2022-01-27,San Benito,069,59416,12000,11670,461,12131,90
2022-01-27,San Bernardino,071,2135413,539314,525249,22981,548230,6297
2022-01-27,San Diego,073,3302833,702561,683027,45715,728742,4643
2022-01-27,San Francisco,075,870044,115333,108265,7950,116215,712
2022-01-27,San Joaquin,077,732212,155677,150849,8558,159407,1971
2022-01-27,San Luis Obispo,079,281455,48029,46374,3208,49582,391
2022-01-27,San Mateo,081,765935,111760,100306,6211,106517,586
2022-01-27,Santa Barbara,083,443738,79163,76546,4314,80860,604
2022-01-27,Santa Clara,085,1922200,284268,273879,10768,284647,2019
2022-01-27,Santa Cruz,087,273765,41299,39228,1762,40990,240
2022-01-27,Shasta,089,179085,28329,27504,5488,32992,452
2022-01-27,Sierra,091,2930,266,260,39,299,0
2022-01-27,Siskiyou,093,43540,4086,3987,2350,6337,66
2022-01-27,Solano,095,438530,74129,69862,4903,74765,407
2022-01-27,Sonoma,097,501317,76541,73439,1816,75255,427
2022-01-27,Stanislaus,099,539301,110805,107668,15021,122689,1403
2022-01-27,Sutter,101,95872,19204,18797,1457,20254,202
2022-01-27,Tehama,103,63373,11134,10880,2373,13253,145
2022-01-27,Trinity,105,12862,1090,1033,264,1297,19
2022-01-27,Tulare,107,460477,96418,93154,24927,118081,1237
2022-01-27,Tuolumne,109,53932,11452,10806,413,11219,91
2022-01-27,Ventura,111,848112,163899,160466,8827,169293,1271
2022-01-27,Yolo,113,214977,33451,32123,2776,34899,275
2022-01-27,Yuba,115,75493,14641,14295,982,15277,103
2022-01-26,Alameda,001,1643700,232535,222680,12109,234789,1596
2022-01-26,Alpine,003,1148,122,123,1,124,0
2022-01-26,Amador,005,37829,7710,7427,495,7922,73
2022-01-26,Butte,007,227075,30285,29229,5934,35163,353
2022-01-26,Calaveras,009,45235,6684,6387,255,6642,96
2022-01-26,Colusa,011,21464,3212,3094,970,4064,21
2022-01-26,Contra Costa,013,1133247,173279,165972,11052,177024,1095
2022-01-26,Del Norte,015,27424,4773,4542,120,4662,43
2022-01-26,El Dorado,017,186661,25027,23819,2908,26727,181
2022-01-26,Fresno,019,978130,207624,199689,19485,219174,2452
2022-01-26,Glenn,021,27897,4603,4472,1407,5879,39
2022-01-26,Humboldt,023,135768,15220,14715,2339,17054,126
2022-01-26,Imperial,025,180216,51147,49477,9347,58824,839
2022-01-26,Inyo,027,18085,3925,3889,367,4256,50
2022-01-26,Kern,029,883053,179193,173052,41042,214094,1953
2022-01-26,Kings,031,150075,46794,44367,3162,47529,396
2022-01-26,Lake,033,64148,9333,8645,691,9336,119
2022-01-26,Lassen,035,31185,8157,7888,815,8703,55
2022-01-26,Los Angeles,037,10098052,2551483,2450620,116316,2566936,28382
2022-01-26,Madera,039,155013,33851,32323,4737,37060,329
2022-01-26,Marin,041,260295,30703,29813,1959,31772,253
2022-01-26,Mariposa,043,17540,2170,2108,123,2231,6
2022-01-26,Mendocino,045,87422,11927,11453,2205,13658,103
2022-01-26,Merced,047,269075,57813,56060,6480,62540,733
2022-01-26,Modoc,049,8938,666,652,228,880,6
2022-01-26,Mono,051,14174,2872,2852,110,2962,4
2022-01-26,Monterey,053,433212,71543,63264,10335,73599,659
2022-01-26,Napa,055,140530,23183,21864,785,22649,112
2022-01-26,Nevada,057,99092,14831,14128,992,15120,112
2022-01-26,Orange,059,3164182,519111,506419,38469,544888,6007
2022-01-26,Placer,061,380077,58153,55892,6725,62617,524
2022-01-26,Plumas,063,18699,2528,2425,250,2675,12
2022-01-26,Riverside,065,2383286,560623,543788,26325,570113,5701
2022-01-26,Sacramento,067,1510023,255436,246416,22796,269212,2559
2022-01-26,San Benito,069,59416,11930,11563,448,12011,90
2022-01-26,San Bernardino,071,2135413,537161,521699,22876,544575,6291
2022-01-26,San Diego,073,3302833,698351,676392,45385,721777,4622
2022-01-26,San Francisco,075,870044,114688,107174,7910,115084,704
2022-01-26,San Joaquin,077,732212,154684,148770,8513,157283,1971
2022-01-26,San Luis Obispo,079,281455,47729,45716,3181,48897,391
2022-01-26,San Mateo,081,765935,111103,99016,6084,105100,586
2022-01-26,Santa Barbara,083,443738,78621,75548,4252,79800,600
2022-01-26,Santa Clara,085,1922200,282151,270470,10592,281062,2015
2022-01-26,Santa Cruz,087,273765,40802,38298,1750,40048,239
2022-01-26,Shasta,089,179085,28180,27255,5438,32693,452
2022-01-26,Sierra,091,2930,265,260,38,298,0
2022-01-26,Siskiyou,093,43540,4070,3971,2327,6298,66
2022-01-26,Solano,095,438530,73424,69150,4842,73992,401
2022-01-26,Sonoma,097,501317,75978,72509,1785,74294,423
2022-01-26,Stanislaus,099,539301,110243,106582,14851,121433,1396
2022-01-26,Sutter,101,95872,19093,18670,1411,20081,202
2022-01-26,Tehama,103,63373,11072,10749,2356,13105,145
2022-01-26,Trinity,105,12862,1085,1008,264,1272,19
2022-01-26,Tulare,107,460477,95689,91904,24685,116589,1234
2022-01-26,Tuolumne,109,53932,11270,10699,401,11100,91
2022-01-26,Ventura,111,848112,163187,159077,8788,167865,1263
2022-01-26,Yolo,113,214977,33244,31913,2737,34650,275
2022-01-26,Yuba,115,75493,14557,14171,960,15131,103
2022-01-25,Alameda,001,1643700,230634,219753,11928,231681,1589
2022-01-25,Alpine,003,1148,122,122,1,123,0
2022-01-25,Amador,005,37829,7635,7352,484,7836,73
2022-01-25,Butte,007,227075,30080,28887,5860,34747,351
2022-01-25,Calaveras,009,45235,6617,6266,241,6507,95
2022-01-25,Colusa,011,21464,3191,3074,968,4042,21
2022-01-25,Contra Costa,013,1133247,171952,163792,10837,174629,1092
2022-01-25,Del Norte,015,27424,4702,4514,115,4629,43
2022-01-25,El Dorado,017,186661,24889,23339,2885,26224,179
2022-01-25,Fresno,019,978130,205500,198262,19215,217477,2434
2022-01-25,Glenn,021,27897,4573,4418,1392,5810,39
2022-01-25,Humboldt,023,135768,15126,14574,2312,16886,126
2022-01-25,Imperial,025,180216,50670,48913,9096,58009,832
2022-01-25,Inyo,027,18085,3910,3857,321,4178,50
2022-01-25,Kern,029,883053,178176,171695,40607,212302,1947
2022-01-25,Kings,031,150075,46295,43853,3118,46971,396
2022-01-25,Lake,033,64148,9252,8543,678,9221,118
2022-01-25,Lassen,035,31185,8126,7834,806,8640,55
2022-01-25,Los Angeles,037,10098052,2536713,2433516,115670,2549186,28293
2022-01-25,Madera,039,155013,33531,31794,4598,36392,329
2022-01-25,Marin,041,260295,30533,29589,1946,31535,253
2022-01-25,Mariposa,043,17540,2158,2069,117,2186,6
2022-01-25,Mendocino,045,87422,11807,11280,2102,13382,103
2022-01-25,Merced,047,269075,57421,55555,6338,61893,733
2022-01-25,Modoc,049,8938,664,652,228,880,6
2022-01-25,Mono,051,14174,2862,2826,110,2936,4
2022-01-25,Monterey,053,433212,70969,62498,9947,72445,654
2022-01-25,Napa,055,140530,22988,21668,749,22417,111
2022-01-25,Nevada,057,99092,14707,13944,969,14913,112
2022-01-25,Orange,059,3164182,516768,504274,38266,542540,5980
2022-01-25,Placer,061,380077,57730,55465,6650,62115,518
2022-01-25,Plumas,063,18699,2510,2397,246,2643,12
2022-01-25,Riverside,065,2383286,557547,540723,26160,566883,5686
2022-01-25,Sacramento,067,1510023,253490,244468,22246,266714,2545
2022-01-25,San Benito,069,59416,11830,11446,444,11890,88
2022-01-25,San Bernardino,071,2135413,534663,519150,22763,541913,6288
2022-01-25,San Diego,073,3302833,693329,670110,44943,715053,4604
2022-01-25,San Francisco,075,870044,113818,106254,7862,114116,703
2022-01-25,San Joaquin,077,732212,153684,147271,8460,155731,1972
2022-01-25,San Luis Obispo,079,281455,47370,45130,3133,48263,391
2022-01-25,San Mateo,081,765935,110299,98010,5971,103981,586
2022-01-25,Santa Barbara,083,443738,77900,74686,4171,78857,594
2022-01-25,Santa Clara,085,1922200,279481,268031,10383,278414,2006
2022-01-25,Santa Cruz,087,273765,40139,37850,1737,39587,237
2022-01-25,Shasta,089,179085,28017,27090,5369,32459,452
2022-01-25,Sierra,091,2930,265,260,33,293,0
2022-01-25,Siskiyou,093,43540,4045,3958,2282,6240,65
2022-01-25,Solano,095,438530,72857,68657,4792,73449,399
2022-01-25,Sonoma,097,501317,75283,71633,1750,73383,423
2022-01-25,Stanislaus,099,539301,109584,105965,14628,120593,1396
2022-01-25,Sutter,101,95872,18990,18508,1368,19876,200
2022-01-25,Tehama,103,63373,11013,10669,2330,12999,145
2022-01-25,Trinity,105,12862,1076,999,263,1262,19
2022-01-25,Tulare,107,460477,94888,91237,24337,115574,1229
2022-01-25,Tuolumne,109,53932,11099,10516,377,10893,91
2022-01-25,Ventura,111,848112,162344,157971,8744,166715,1263
2022-01-25,Yolo,113,214977,32997,31677,2691,34368,274
2022-01-25,Yuba,115,75493,14473,14038,932,14970,103
2022-01-24,Alameda,001,1643700,228189,216252,11661,227913,1581
2022-01-24,Alpine,003,1148,122,120,1,121,0
2022-01-24,Amador,005,37829,7586,7166,440,7606,73
2022-01-24,Butte,007,227075,29849,28607,5796,34403,350
2022-01-24,Calaveras,009,45235,6563,6172,227,6399,95
2022-01-24,Colusa,011,21464,3171,3052,952,4004,21
2022-01-24,Contra Costa,013,1133247,170450,162161,10620,172781,1092
2022-01-24,Del Norte,015,27424,4630,4460,114,4574,43
2022-01-24,El Dorado,017,186661,24725,23128,2854,25982,179
2022-01-24,Fresno,019,978130,203201,196092,18915,215007,2430
2022-01-24,Glenn,021,27897,4531,4367,1382,5749,39
2022-01-24,Humboldt,023,135768,15013,14416,2266,16682,126
2022-01-24,Imperial,025,180216,50124,48228,8755,56983,824
2022-01-24,Inyo,027,18085,3905,3805,297,4102,50
2022-01-24,Kern,029,883053,176864,169892,40153,210045,1946
2022-01-24,Kings,031,150075,45704,43260,3043,46303,396
2022-01-24,Lake,033,64148,9135,8423,663,9086,118
2022-01-24,Lassen,035,31185,8030,7732,784,8516,55
2022-01-24,Los Angeles,037,10098052,2520348,2391045,114896,2505941,28230
2022-01-24,Madera,039,155013,33095,31339,4413,35752,329
2022-01-24,Marin,041,260295,30302,29301,1910,31211,253
2022-01-24,Mariposa,043,17540,2133,2033,113,2146,6
2022-01-24,Mendocino,045,87422,11697,11002,2023,13025,103
2022-01-24,Merced,047,269075,56923,54970,6056,61026,730
2022-01-24,Modoc,049,8938,661,648,227,875,6
2022-01-24,Mono,051,14174,2851,2802,108,2910,4
2022-01-24,Monterey,053,433212,70141,61975,9575,71550,654
2022-01-24,Napa,055,140530,22807,21494,736,22230,111
2022-01-24,Nevada,057,99092,14564,13774,946,14720,112
2022-01-24,Orange,059,3164182,514106,501634,38005,539639,5969
2022-01-24,Placer,061,380077,57221,54933,6601,61534,518
2022-01-24,Plumas,063,18699,2488,2370,230,2600,12
2022-01-24,Riverside,065,2383286,553835,535962,25948,561910,5661
2022-01-24,Sacramento,067,1510023,251176,241522,21671,263193,2526
2022-01-24,San Benito,069,59416,11735,11331,431,11762,88
2022-01-24,San Bernardino,071,2135413,531856,515604,22623,538227,6285
2022-01-24,San Diego,073,3302833,687708,663580,44423,708003,4586
2022-01-24,San Francisco,075,870044,112783,105418,7755,113173,703
2022-01-24,San Joaquin,077,732212,152352,145984,8412,154396,1959
2022-01-24,San Luis Obispo,079,281455,46895,44616,3078,47694,387
2022-01-24,San Mateo,081,765935,109373,96968,5848,102816,586
2022-01-24,Santa Barbara,083,443738,77039,73866,4074,77940,591
2022-01-24,Santa Clara,085,1922200,276541,265341,10183,275524,2006
2022-01-24,Santa Cruz,087,273765,39303,37188,1718,38906,237
2022-01-24,Shasta,089,179085,27827,26871,5279,32150,452
2022-01-24,Sierra,091,2930,265,258,33,291,0
2022-01-24,Siskiyou,093,43540,4032,3934,2239,6173,64
2022-01-24,Solano,095,438530,72173,68094,4715,72809,400
2022-01-24,Sonoma,097,501317,74372,70733,1726,72459,423
2022-01-24,Stanislaus,099,539301,108823,104933,14390,119323,1395
2022-01-24,Sutter,101,95872,18872,18336,1274,19610,200
2022-01-24,Tehama,103,63373,10941,10567,2311,12878,145
2022-01-24,Trinity,105,12862,1067,978,261,1239,19
2022-01-24,Tulare,107,460477,93875,90089,23949,114038,1219
2022-01-24,Tuolumne,109,53932,10989,10374,364,10738,91
2022-01-24,Ventura,111,848112,161317,156551,8701,165252,1261
2022-01-24,Yolo,113,214977,32713,31480,2656,34136,273
2022-01-24,Yuba,115,75493,14364,13862,892,14754,103
2022-01-23,Alameda,001,1643700,225508,214003,11320,225323,1583
2022-01-23,Alpine,003,1148,122,120,1,121,0
2022-01-23,Amador,005,37829,7530,7090,400,7490,73
2022-01-23,Butte,007,227075,29554,28340,5689,34029,350
2022-01-23,Calaveras,009,45235,6494,6095,204,6299,95
2022-01-23,Colusa,011,21464,3141,3040,945,3985,21
2022-01-23,Contra Costa,013,1133247,168588,160798,10258,171056,1092
2022-01-23,Del Norte,015,27424,4555,4419,106,4525,43
2022-01-23,El Dorado,017,186661,24528,22925,2806,25731,179
2022-01-23,Fresno,019,978130,200725,193642,18475,212117,2430
2022-01-23,Glenn,021,27897,4480,4340,1359,5699,39
2022-01-23,Humboldt,023,135768,14891,14296,2182,16478,126
2022-01-23,Imperial,025,180216,49530,47935,8459,56394,824
2022-01-23,Inyo,027,18085,3879,3781,282,4063,50
2022-01-23,Kern,029,883053,175506,168585,39656,208241,1946
2022-01-23,Kings,031,150075,45073,42622,2937,45559,397
2022-01-23,Lake,033,64148,8965,8363,632,8995,118
2022-01-23,Lassen,035,31185,7971,7710,760,8470,55
2022-01-23,Los Angeles,037,10098052,2500200,2390590,113736,2504326,28231
2022-01-23,Madera,039,155013,32728,30962,4168,35130,329
2022-01-23,Marin,041,260295,30052,29025,1872,30897,253
2022-01-23,Mariposa,043,17540,2118,2011,110,2121,6
2022-01-23,Mendocino,045,87422,11570,10889,1899,12788,103
2022-01-23,Merced,047,269075,56379,54644,5611,60255,730
2022-01-23,Modoc,049,8938,659,645,224,869,6
2022-01-23,Mono,051,14174,2843,2788,105,2893,4
2022-01-23,Monterey,053,433212,69310,61522,9123,70645,654
2022-01-23,Napa,055,140530,22542,21281,723,22004,111
2022-01-23,Nevada,057,99092,14391,13629,916,14545,112
2022-01-23,Orange,059,3164182,510936,498968,37701,536669,5970
2022-01-23,Placer,061,380077,56634,54568,6503,61071,518
2022-01-23,Plumas,063,18699,2466,2368,201,2569,12
2022-01-23,Riverside,065,2383286,549397,532273,25645,557918,5661
2022-01-23,Sacramento,067,1510023,248573,239589,20691,260280,2530
2022-01-23,San Benito,069,59416,11611,11225,420,11645,88
2022-01-23,San Bernardino,071,2135413,528525,512657,22379,535036,6281
2022-01-23,San Diego,073,3302833,681129,640215,43667,683882,4566
2022-01-23,San Francisco,075,870044,111649,104485,7621,112106,704
2022-01-23,San Joaquin,077,732212,150733,144621,8337,152958,1959
2022-01-23,San Luis Obispo,079,281455,46206,44183,3000,47183,386
2022-01-23,San Mateo,081,765935,108285,95940,5700,101640,586
2022-01-23,Santa Barbara,083,443738,75913,73041,3948,76989,590
2022-01-23,Santa Clara,085,1922200,273185,261991,9859,271850,2005
2022-01-23,Santa Cruz,087,273765,38754,36547,1689,38236,237
2022-01-23,Shasta,089,179085,27529,26732,5156,31888,452
2022-01-23,Sierra,091,2930,264,252,33,285,0
2022-01-23,Siskiyou,093,43540,4006,3916,2181,6097,64
2022-01-23,Solano,095,438530,71373,67457,4619,72076,400
2022-01-23,Sonoma,097,501317,73430,69791,1687,71478,423
2022-01-23,Stanislaus,099,539301,107959,104067,14119,118186,1395
2022-01-23,Sutter,101,95872,18708,18175,1168,19343,200
2022-01-23,Tehama,103,63373,10837,10481,2278,12759,145
2022-01-23,Trinity,105,12862,1064,961,259,1220,19
2022-01-23,Tulare,107,460477,92725,89120,23504,112624,1219
2022-01-23,Tuolumne,109,53932,10805,10243,346,10589,91
2022-01-23,Ventura,111,848112,160142,155052,8628,163680,1261
2022-01-23,Yolo,113,214977,32348,30908,2613,33521,273
2022-01-23,Yuba,115,75493,14237,13762,837,14599,103
2022-01-22,Alameda,001,1643700,224441,203927,11291,215218,1575
2022-01-22,Alpine,003,1148,121,119,1,120,0
2022-01-22,Amador,005,37829,7497,6845,395,7240,73
2022-01-22,Butte,007,227075,29437,27232,5661,32893,350
2022-01-22,Calaveras,009,45235,6463,5835,203,6038,95
2022-01-22,Colusa,011,21464,3124,2954,943,3897,21
2022-01-22,Contra Costa,013,1133247,167649,154111,10229,164340,1091
2022-01-22,Del Norte,015,27424,4534,4269,105,4374,43
2022-01-22,El Dorado,017,186661,24457,22273,2795,25068,179
2022-01-22,Fresno,019,978130,199908,185292,18424,203716,2429
2022-01-22,Glenn,021,27897,4474,4174,1356,5530,39
2022-01-22,Humboldt,023,135768,14822,13628,2169,15797,125
2022-01-22,Imperial,025,180216,49342,45741,8399,54140,820
2022-01-22,Inyo,027,18085,3875,3706,258,3964,50
2022-01-22,Kern,029,883053,174891,162902,39378,202280,1946
2022-01-22,Kings,031,150075,44881,40580,2925,43505,396
2022-01-22,Lake,033,64148,8931,8056,621,8677,118
2022-01-22,Lassen,035,31185,7931,7545,753,8298,55
2022-01-22,Los Angeles,037,10098052,2492859,2286280,113218,2399498,28038
2022-01-22,Madera,039,155013,32610,29595,4154,33749,329
2022-01-22,Marin,041,260295,29929,27893,1870,29763,253
2022-01-22,Mariposa,043,17540,2114,1920,110,2030,6
2022-01-22,Mendocino,045,87422,11521,10395,1877,12272,103
2022-01-22,Merced,047,269075,56236,53025,5602,58627,727
2022-01-22,Modoc,049,8938,658,639,224,863,6
2022-01-22,Mono,051,14174,2842,2723,104,2827,4
2022-01-22,Monterey,053,433212,69104,59038,9092,68130,651
2022-01-22,Napa,055,140530,22447,20402,713,21115,111
2022-01-22,Nevada,057,99092,14333,12957,908,13865,112
2022-01-22,Orange,059,3164182,509316,480329,37440,517769,5946
2022-01-22,Placer,061,380077,56382,52557,6471,59028,512
2022-01-22,Plumas,063,18699,2449,2289,197,2486,12
2022-01-22,Riverside,065,2383286,547480,513567,25572,539139,5623
2022-01-22,Sacramento,067,1510023,247645,230206,20602,250808,2510
2022-01-22,San Benito,069,59416,11551,10743,415,11158,88
2022-01-22,San Bernardino,071,2135413,527063,495209,22303,517512,6267
2022-01-22,San Diego,073,3302833,678676,628904,43484,672388,4559
2022-01-22,San Francisco,075,870044,110999,100238,7465,107703,702
2022-01-22,San Joaquin,077,732212,150303,138264,8309,146573,1960
2022-01-22,San Luis Obispo,079,281455,46087,42154,2993,45147,385
2022-01-22,San Mateo,081,765935,107709,91440,5631,97071,585
2022-01-22,Santa Barbara,083,443738,75492,69555,3942,73497,589
2022-01-22,Santa Clara,085,1922200,271471,249205,9793,258998,1993
2022-01-22,Santa Cruz,087,273765,38566,33741,1685,35426,237
2022-01-22,Shasta,089,179085,27436,25919,5134,31053,450
2022-01-22,Sierra,091,2930,264,248,32,280,0
2022-01-22,Siskiyou,093,43540,3990,3845,2165,6010,62
2022-01-22,Solano,095,438530,71146,63882,4580,68462,391
2022-01-22,Sonoma,097,501317,73025,66013,1678,67691,422
2022-01-22,Stanislaus,099,539301,107498,100092,14034,114126,1393
2022-01-22,Sutter,101,95872,18640,17616,1158,18774,199
2022-01-22,Tehama,103,63373,10802,10171,2273,12444,142
2022-01-22,Trinity,105,12862,1062,925,259,1184,19
2022-01-22,Tulare,107,460477,92364,85223,23401,108624,1211
2022-01-22,Tuolumne,109,53932,10738,9731,340,10071,91
2022-01-22,Ventura,111,848112,159451,148742,8598,157340,1250
2022-01-22,Yolo,113,214977,32175,30061,2597,32658,273
2022-01-22,Yuba,115,75493,14146,13288,832,14120,103
2022-01-21,Alameda,001,1643700,222867,203927,11261,215188,1575
2022-01-21,Alpine,003,1148,121,119,1,120,0
2022-01-21,Amador,005,37829,7440,6845,392,7237,73
2022-01-21,Butte,007,227075,29301,27232,5615,32847,350
2022-01-21,Calaveras,009,45235,6421,5835,203,6038,95
2022-01-21,Colusa,011,21464,3117,2954,941,3895,21
2022-01-21,Contra Costa,013,1133247,166592,154111,10150,164261,1091
2022-01-21,Del Norte,015,27424,4496,4269,105,4374,43
2022-01-21,El Dorado,017,186661,24378,22273,2779,25052,179
2022-01-21,Fresno,019,978130,198662,185292,18360,203652,2429
2022-01-21,Glenn,021,27897,4456,4174,1351,5525,39
2022-01-21,Humboldt,023,135768,14751,13628,2150,15778,125
2022-01-21,Imperial,025,180216,49143,45741,8309,54050,820
2022-01-21,Inyo,027,18085,3862,3706,252,3958,50
2022-01-21,Kern,029,883053,174182,162902,39036,201938,1946
2022-01-21,Kings,031,150075,44689,40580,2919,43499,396
2022-01-21,Lake,033,64148,8880,8056,608,8664,118
2022-01-21,Lassen,035,31185,7889,7545,748,8293,55
2022-01-21,Los Angeles,037,10098052,2481643,2286280,112755,2399035,28038
2022-01-21,Madera,039,155013,32314,29595,4126,33721,329
2022-01-21,Marin,041,260295,29747,27893,1844,29737,253
2022-01-21,Mariposa,043,17540,2102,1920,109,2029,6
2022-01-21,Mendocino,045,87422,11443,10395,1874,12269,103
2022-01-21,Merced,047,269075,56085,53025,5601,58626,727
2022-01-21,Modoc,049,8938,657,639,224,863,6
2022-01-21,Mono,051,14174,2826,2723,102,2825,4
2022-01-21,Monterey,053,433212,68651,59038,8986,68024,651
2022-01-21,Napa,055,140530,22327,20402,705,21107,111
2022-01-21,Nevada,057,99092,14236,12957,904,13861,112
2022-01-21,Orange,059,3164182,507082,480329,37203,517532,5946
2022-01-21,Placer,061,380077,55991,52557,6409,58966,512
2022-01-21,Plumas,063,18699,2438,2289,192,2481,12
2022-01-21,Riverside,065,2383286,544822,513567,25495,539062,5623
2022-01-21,Sacramento,067,1510023,246259,230206,20531,250737,2510
2022-01-21,San Benito,069,59416,11516,10743,412,11155,88
2022-01-21,San Bernardino,071,2135413,525128,495209,22243,517452,6267
2022-01-21,San Diego,073,3302833,674509,628904,43357,672261,4559
2022-01-21,San Francisco,075,870044,110226,100238,7354,107592,702
2022-01-21,San Joaquin,077,732212,149716,138264,8274,146538,1960
2022-01-21,San Luis Obispo,079,281455,45961,42154,2991,45145,385
2022-01-21,San Mateo,081,765935,107037,91440,5586,97026,585
2022-01-21,Santa Barbara,083,443738,74996,69555,3933,73488,589
2022-01-21,Santa Clara,085,1922200,269614,249205,9686,258891,1993
2022-01-21,Santa Cruz,087,273765,37843,33741,1676,35417,237
2022-01-21,Shasta,089,179085,27348,25919,5085,31004,450
2022-01-21,Sierra,091,2930,262,248,31,279,0
2022-01-21,Siskiyou,093,43540,3984,3845,2149,5994,62
2022-01-21,Solano,095,438530,70734,63882,4498,68380,391
2022-01-21,Sonoma,097,501317,72505,66013,1668,67681,422
2022-01-21,Stanislaus,099,539301,106992,100092,13974,114066,1393
2022-01-21,Sutter,101,95872,18553,17616,1141,18757,199
2022-01-21,Tehama,103,63373,10770,10171,2272,12443,142
2022-01-21,Trinity,105,12862,1055,925,258,1183,19
2022-01-21,Tulare,107,460477,91920,85223,23256,108479,1211
2022-01-21,Tuolumne,109,53932,10658,9731,333,10064,91
2022-01-21,Ventura,111,848112,158643,148742,8569,157311,1250
2022-01-21,Yolo,113,214977,32011,30061,2575,32636,273
2022-01-21,Yuba,115,75493,14076,13288,827,14115,103
2022-01-20,Alameda,001,1643700,219772,203927,11017,214944,1575
2022-01-20,Alpine,003,1148,121,119,1,120,0
2022-01-20,Amador,005,37829,7375,6845,374,7219,73
2022-01-20,Butte,007,227075,29024,27232,5527,32759,350
2022-01-20,Calaveras,009,45235,6305,5835,194,6029,95
2022-01-20,Colusa,011,21464,3081,2954,930,3884,21
2022-01-20,Contra Costa,013,1133247,164622,154111,9885,163996,1091
2022-01-20,Del Norte,015,27424,4453,4269,103,4372,43
2022-01-20,El Dorado,017,186661,24174,22273,2732,25005,179
2022-01-20,Fresno,019,978130,196090,185292,18009,203301,2429
2022-01-20,Glenn,021,27897,4421,4174,1342,5516,39
2022-01-20,Humboldt,023,135768,14620,13628,2098,15726,125
2022-01-20,Imperial,025,180216,48577,45741,8134,53875,820
2022-01-20,Inyo,027,18085,3850,3706,241,3947,50
2022-01-20,Kern,029,883053,172694,162902,38517,201419,1946
2022-01-20,Kings,031,150075,44143,40580,2873,43453,396
2022-01-20,Lake,033,64148,8781,8056,588,8644,118
2022-01-20,Lassen,035,31185,7842,7545,729,8274,55
2022-01-20,Los Angeles,037,10098052,2456992,2286280,111752,2398032,28038
2022-01-20,Madera,039,155013,31914,29595,3999,33594,329
2022-01-20,Marin,041,260295,29431,27893,1808,29701,253
2022-01-20,Mariposa,043,17540,2074,1920,106,2026,6
2022-01-20,Mendocino,045,87422,11344,10395,1799,12194,103
2022-01-20,Merced,047,269075,55650,53025,5373,58398,727
2022-01-20,Modoc,049,8938,655,639,224,863,6
2022-01-20,Mono,051,14174,2817,2723,101,2824,4
2022-01-20,Monterey,053,433212,67899,59038,8580,67618,651
2022-01-20,Napa,055,140530,22058,20402,666,21068,111
2022-01-20,Nevada,057,99092,14075,12957,880,13837,112
2022-01-20,Orange,059,3164182,502994,480329,36875,517204,5946
2022-01-20,Placer,061,380077,55516,52557,6351,58908,512
2022-01-20,Plumas,063,18699,2418,2289,188,2477,12
2022-01-20,Riverside,065,2383286,540215,513567,25249,538816,5623
2022-01-20,Sacramento,067,1510023,243976,230206,19872,250078,2510
2022-01-20,San Benito,069,59416,11404,10743,399,11142,88
2022-01-20,San Bernardino,071,2135413,521153,495209,21978,517187,6267
2022-01-20,San Diego,073,3302833,667454,628904,42724,671628,4559
2022-01-20,San Francisco,075,870044,109032,100238,7202,107440,702
2022-01-20,San Joaquin,077,732212,148062,138264,8179,146443,1960
2022-01-20,San Luis Obispo,079,281455,45452,42154,2957,45111,385
2022-01-20,San Mateo,081,765935,105841,91440,5373,96813,585
2022-01-20,Santa Barbara,083,443738,74077,69555,3822,73377,589
2022-01-20,Santa Clara,085,1922200,266236,249205,9351,258556,1993
2022-01-20,Santa Cruz,087,273765,36954,33741,1660,35401,237
2022-01-20,Shasta,089,179085,27156,25919,5016,30935,450
2022-01-20,Sierra,091,2930,262,248,29,277,0
2022-01-20,Siskiyou,093,43540,3971,3845,2113,5958,62
2022-01-20,Solano,095,438530,69755,63882,4413,68295,391
2022-01-20,Sonoma,097,501317,71486,66013,1629,67642,422
2022-01-20,Stanislaus,099,539301,106039,100092,13766,113858,1393
2022-01-20,Sutter,101,95872,18386,17616,1120,18736,199
2022-01-20,Tehama,103,63373,10694,10171,2253,12424,142
2022-01-20,Trinity,105,12862,1043,925,256,1181,19
2022-01-20,Tulare,107,460477,90938,85223,22952,108175,1211
2022-01-20,Tuolumne,109,53932,10521,9731,321,10052,91
2022-01-20,Ventura,111,848112,157269,148742,8497,157239,1250
2022-01-20,Yolo,113,214977,31731,30061,2538,32599,273
2022-01-20,Yuba,115,75493,13967,13288,794,14082,103
2022-01-19,Alameda,001,1643700,216407,199739,10682,210421,1571
2022-01-19,Alpine,003,1148,120,119,1,120,0
2022-01-19,Amador,005,37829,7294,6789,331,7120,73
2022-01-19,Butte,007,227075,28705,26839,5454,32293,351
2022-01-19,Calaveras,009,45235,6207,5765,185,5950,95
2022-01-19,Colusa,011,21464,3051,2938,916,3854,21
2022-01-19,Contra Costa,013,1133247,162313,151543,9643,161186,1091
2022-01-19,Del Norte,015,27424,4408,4240,101,4341,43
2022-01-19,El Dorado,017,186661,23917,21953,2690,24643,177
2022-01-19,Fresno,019,978130,193259,181526,17739,199265,2430
2022-01-19,Glenn,021,27897,4370,4127,1333,5460,39
2022-01-19,Humboldt,023,135768,14448,13391,2044,15435,125
2022-01-19,Imperial,025,180216,47845,45156,7933,53089,820
2022-01-19,Inyo,027,18085,3827,3680,202,3882,49
2022-01-19,Kern,029,883053,170942,160747,37868,198615,1946
2022-01-19,Kings,031,150075,43419,40027,2806,42833,395
2022-01-19,Lake,033,64148,8656,7972,575,8547,118
2022-01-19,Lassen,035,31185,7777,7507,705,8212,55
2022-01-19,Los Angeles,037,10098052,2428623,2251718,110311,2362029,27934
2022-01-19,Madera,039,155013,31523,29021,3821,32842,329
2022-01-19,Marin,041,260295,29114,27375,1768,29143,251
2022-01-19,Mariposa,043,17540,2048,1896,100,1996,6
2022-01-19,Mendocino,045,87422,11166,10252,1705,11957,103
2022-01-19,Merced,047,269075,55086,52355,5018,57373,724
2022-01-19,Modoc,049,8938,653,635,223,858,6
2022-01-19,Mono,051,14174,2796,2677,99,2776,4
2022-01-19,Monterey,053,433212,66995,58426,8123,66549,651
2022-01-19,Napa,055,140530,21805,20090,637,20727,110
2022-01-19,Nevada,057,99092,13923,12703,851,13554,112
2022-01-19,Orange,059,3164182,498291,468460,36482,504942,5943
2022-01-19,Placer,061,380077,54961,51545,6281,57826,511
2022-01-19,Plumas,063,18699,2388,2239,180,2419,12
2022-01-19,Riverside,065,2383286,534628,503575,25010,528585,5604
2022-01-19,Sacramento,067,1510023,241096,226035,19098,245133,2512
2022-01-19,San Benito,069,59416,11263,10639,387,11026,88
2022-01-19,San Bernardino,071,2135413,516676,487846,21640,509486,6265
2022-01-19,San Diego,073,3302833,658720,614709,42066,656775,4553
2022-01-19,San Francisco,075,870044,107646,98652,7116,105768,694
2022-01-19,San Joaquin,077,732212,146149,135953,8081,144034,1959
2022-01-19,San Luis Obispo,079,281455,44852,41374,2892,44266,382
2022-01-19,San Mateo,081,765935,104476,89715,5105,94820,585
2022-01-19,Santa Barbara,083,443738,73044,68531,3718,72249,586
2022-01-19,Santa Clara,085,1922200,262458,244922,8983,253905,1991
2022-01-19,Santa Cruz,087,273765,35684,33026,1640,34666,237
2022-01-19,Shasta,089,179085,26887,25355,4945,30300,450
2022-01-19,Sierra,091,2930,262,245,28,273,0
2022-01-19,Siskiyou,093,43540,3949,3821,2056,5877,62
2022-01-19,Solano,095,438530,68919,63003,4290,67293,392
2022-01-19,Sonoma,097,501317,70378,64689,1596,66285,420
2022-01-19,Stanislaus,099,539301,104985,98952,13484,112436,1381
2022-01-19,Sutter,101,95872,18220,17436,1054,18490,199
2022-01-19,Tehama,103,63373,10576,10064,2206,12270,142
2022-01-19,Trinity,105,12862,1029,916,255,1171,19
2022-01-19,Tulare,107,460477,89751,83743,22483,106226,1200
2022-01-19,Tuolumne,109,53932,10365,9613,293,9906,91
2022-01-19,Ventura,111,848112,155753,144738,8425,153163,1234
2022-01-19,Yolo,113,214977,31381,29392,2500,31892,273
2022-01-19,Yuba,115,75493,13806,13114,781,13895,104
2022-01-18,Alameda,001,1643700,213034,195728,10365,206093,1566
2022-01-18,Alpine,003,1148,120,118,1,119,0
2022-01-18,Amador,005,37829,7156,6691,292,6983,73
2022-01-18,Butte,007,227075,28309,26514,5359,31873,347
2022-01-18,Calaveras,009,45235,6124,5684,170,5854,94
2022-01-18,Colusa,011,21464,3009,2903,911,3814,21
2022-01-18,Contra Costa,013,1133247,160304,149446,9270,158716,1085
2022-01-18,Del Norte,015,27424,4344,4229,97,4326,43
2022-01-18,El Dorado,017,186661,23530,21707,2644,24351,175
2022-01-18,Fresno,019,978130,189961,178922,17345,196267,2425
2022-01-18,Glenn,021,27897,4337,4070,1321,5391,39
2022-01-18,Humboldt,023,135768,14274,13218,1975,15193,125
2022-01-18,Imperial,025,180216,47157,44742,7749,52491,819
2022-01-18,Inyo,027,18085,3785,3654,191,3845,49
2022-01-18,Kern,029,883053,168947,158864,37137,196001,1943
2022-01-18,Kings,031,150075,42537,39440,2722,42162,392
2022-01-18,Lake,033,64148,8545,7919,550,8469,117
2022-01-18,Lassen,035,31185,7687,7461,662,8123,55
2022-01-18,Los Angeles,037,10098052,2395097,2227360,108871,2336231,27871
2022-01-18,Madera,039,155013,30997,28717,3632,32349,329
2022-01-18,Marin,041,260295,28828,27036,1726,28762,251
2022-01-18,Mariposa,043,17540,2023,1872,96,1968,6
2022-01-18,Mendocino,045,87422,10999,10114,1623,11737,103
2022-01-18,Merced,047,269075,54485,51746,4739,56485,718
2022-01-18,Modoc,049,8938,651,633,218,851,6
2022-01-18,Mono,051,14174,2773,2643,98,2741,4
2022-01-18,Monterey,053,433212,66218,57846,7645,65491,650
2022-01-18,Napa,055,140530,21471,19911,619,20530,109
2022-01-18,Nevada,057,99092,13723,12584,806,13390,111
2022-01-18,Orange,059,3164182,492837,461324,35972,497296,5938
2022-01-18,Placer,061,380077,54296,50983,6198,57181,508
2022-01-18,Plumas,063,18699,2357,2218,174,2392,12
2022-01-18,Riverside,065,2383286,528590,497278,24699,521977,5599
2022-01-18,Sacramento,067,1510023,238104,223745,18048,241793,2496
2022-01-18,San Benito,069,59416,11120,10520,373,10893,88
2022-01-18,San Bernardino,071,2135413,511496,483753,21240,504993,6258
2022-01-18,San Diego,073,3302833,648570,605137,41142,646279,4547
2022-01-18,San Francisco,075,870044,106098,96505,6982,103487,694
2022-01-18,San Joaquin,077,732212,144194,134365,7937,142302,1957
2022-01-18,San Luis Obispo,079,281455,44166,40848,2807,43655,381
2022-01-18,San Mateo,081,765935,102989,88225,4904,93129,585
2022-01-18,Santa Barbara,083,443738,71794,67216,3543,70759,581
2022-01-18,Santa Clara,085,1922200,258276,240281,8582,248863,1986
2022-01-18,Santa Cruz,087,273765,35053,32203,1614,33817,237
2022-01-18,Shasta,089,179085,26604,25162,4846,30008,448
2022-01-18,Sierra,091,2930,258,244,28,272,0
2022-01-18,Siskiyou,093,43540,3916,3799,2009,5808,62
2022-01-18,Solano,095,438530,68075,62204,4183,66387,391
2022-01-18,Sonoma,097,501317,69009,63714,1546,65260,419
2022-01-18,Stanislaus,099,539301,103772,98000,13143,111143,1379
2022-01-18,Sutter,101,95872,18034,17295,998,18293,198
2022-01-18,Tehama,103,63373,10466,9975,2150,12125,142
2022-01-18,Trinity,105,12862,1017,907,254,1161,19
2022-01-18,Tulare,107,460477,88348,82667,22011,104678,1196
2022-01-18,Tuolumne,109,53932,10202,9528,281,9809,91
2022-01-18,Ventura,111,848112,154047,143384,8352,151736,1233
2022-01-18,Yolo,113,214977,31009,28786,2450,31236,270
2022-01-18,Yuba,115,75493,13644,12971,756,13727,101
2022-01-17,Alameda,001,1643700,208325,193276,9776,203052,1565
2022-01-17,Alpine,003,1148,119,118,0,118,0
2022-01-17,Amador,005,37829,7043,6640,233,6873,73
2022-01-17,Butte,007,227075,27923,26303,5247,31550,348
2022-01-17,Calaveras,009,45235,5983,5584,142,5726,94
2022-01-17,Colusa,011,21464,2984,2905,905,3810,21
2022-01-17,Contra Costa,013,1133247,157546,147993,8784,156777,1086
2022-01-17,Del Norte,015,27424,4296,4209,89,4298,43
2022-01-17,El Dorado,017,186661,23279,21540,2565,24105,175
2022-01-17,Fresno,019,978130,186476,176959,16870,193829,2426
2022-01-17,Glenn,021,27897,4280,4055,1307,5362,39
2022-01-17,Humboldt,023,135768,14064,13120,1809,14929,125
2022-01-17,Imperial,025,180216,46494,44412,7596,52008,821
2022-01-17,Inyo,027,18085,3763,3650,165,3815,49
2022-01-17,Kern,029,883053,166445,157645,36313,193958,1944
2022-01-17,Kings,031,150075,41351,39143,2591,41734,392
2022-01-17,Lake,033,64148,8395,7864,507,8371,117
2022-01-17,Lassen,035,31185,7580,7417,623,8040,55
2022-01-17,Los Angeles,037,10098052,2355799,2205740,106856,2312596,27832
2022-01-17,Madera,039,155013,30345,28568,3443,32011,329
2022-01-17,Marin,041,260295,28412,26633,1664,28297,251
2022-01-17,Mariposa,043,17540,1997,1862,90,1952,6
2022-01-17,Mendocino,045,87422,10776,10030,1495,11525,103
2022-01-17,Merced,047,269075,53806,51227,4176,55403,718
2022-01-17,Modoc,049,8938,647,630,218,848,6
2022-01-17,Mono,051,14174,2750,2642,96,2738,4
2022-01-17,Monterey,053,433212,65102,57318,7155,64473,647
2022-01-17,Napa,055,140530,21125,19647,596,20243,109
2022-01-17,Nevada,057,99092,13528,12414,766,13180,111
2022-01-17,Orange,059,3164182,486769,457418,35507,492925,5933
2022-01-17,Placer,061,380077,53528,50511,6035,56546,508
2022-01-17,Plumas,063,18699,2328,2205,142,2347,12
2022-01-17,Riverside,065,2383286,521744,491322,24235,515557,5600
2022-01-17,Sacramento,067,1510023,234085,221143,16642,237785,2497
2022-01-17,San Benito,069,59416,10952,10432,345,10777,88
2022-01-17,San Bernardino,071,2135413,505363,480243,20732,500975,6259
2022-01-17,San Diego,073,3302833,636507,569241,40004,609245,4545
2022-01-17,San Francisco,075,870044,104231,95292,6723,102015,694
2022-01-17,San Joaquin,077,732212,141315,133414,7793,141207,1958
2022-01-17,San Luis Obispo,079,281455,43339,40425,2705,43130,379
2022-01-17,San Mateo,081,765935,101058,87013,4643,91656,585
2022-01-17,Santa Barbara,083,443738,70434,66704,3345,70049,581
2022-01-17,Santa Clara,085,1922200,253714,237934,8140,246074,1985
2022-01-17,Santa Cruz,087,273765,34211,31714,1588,33302,237
2022-01-17,Shasta,089,179085,26307,25025,4722,29747,448
2022-01-17,Sierra,091,2930,255,242,28,270,0
2022-01-17,Siskiyou,093,43540,3878,3764,1928,5692,62
2022-01-17,Solano,095,438530,67028,61497,3918,65415,391
2022-01-17,Sonoma,097,501317,67480,62763,1490,64253,419
2022-01-17,Stanislaus,099,539301,102445,96951,12681,109632,1379
2022-01-17,Sutter,101,95872,17830,17159,873,18032,198
2022-01-17,Tehama,103,63373,10330,9912,2083,11995,142
2022-01-17,Trinity,105,12862,1006,906,248,1154,19
2022-01-17,Tulare,107,460477,86686,81741,21441,103182,1199
2022-01-17,Tuolumne,109,53932,10071,9416,248,9664,91
2022-01-17,Ventura,111,848112,151932,142070,8242,150312,1234
2022-01-17,Yolo,113,214977,30496,28638,2383,31021,270
2022-01-17,Yuba,115,75493,13444,12871,700,13571,101
2022-01-16,Alameda,001,1643700,205312,190691,9525,200216,1564
2022-01-16,Alpine,003,1148,119,118,0,118,0
2022-01-16,Amador,005,37829,6969,6618,226,6844,73
2022-01-16,Butte,007,227075,27591,26139,5205,31344,348
2022-01-16,Calaveras,009,45235,5874,5537,138,5675,94
2022-01-16,Colusa,011,21464,2966,2886,894,3780,21
2022-01-16,Contra Costa,013,1133247,155639,146307,8584,154891,1086
2022-01-16,Del Norte,015,27424,4253,4177,88,4265,43
2022-01-16,El Dorado,017,186661,23012,21303,2525,23828,175
2022-01-16,Fresno,019,978130,183842,174818,16524,191342,2425
2022-01-16,Glenn,021,27897,4225,4049,1285,5334,39
2022-01-16,Humboldt,023,135768,13914,13075,1790,14865,125
2022-01-16,Imperial,025,180216,45900,44035,7464,51499,821
2022-01-16,Inyo,027,18085,3727,3602,143,3745,49
2022-01-16,Kern,029,883053,165202,156655,35564,192219,1944
2022-01-16,Kings,031,150075,40993,38861,2563,41424,392
2022-01-16,Lake,033,64148,8287,7823,475,8298,117
2022-01-16,Lassen,035,31185,7536,7391,612,8003,55
2022-01-16,Los Angeles,037,10098052,2332798,2174403,105369,2279772,27805
2022-01-16,Madera,039,155013,29972,28313,3390,31703,329
2022-01-16,Marin,041,260295,28111,26292,1648,27940,251
2022-01-16,Mariposa,043,17540,1969,1851,85,1936,6
2022-01-16,Mendocino,045,87422,10631,9992,1378,11370,102
2022-01-16,Merced,047,269075,53212,50882,4159,55041,718
2022-01-16,Modoc,049,8938,644,629,218,847,6
2022-01-16,Mono,051,14174,2746,2614,93,2707,4
2022-01-16,Monterey,053,433212,64327,57012,7032,64044,647
2022-01-16,Napa,055,140530,20859,19521,585,20106,109
2022-01-16,Nevada,057,99092,13292,12307,744,13051,111
2022-01-16,Orange,059,3164182,481431,451962,34971,486933,5932
2022-01-16,Placer,061,380077,52752,50076,5917,55993,508
2022-01-16,Plumas,063,18699,2291,2204,131,2335,12
2022-01-16,Riverside,065,2383286,516236,485191,24008,509199,5600
2022-01-16,Sacramento,067,1510023,231175,218819,15922,234741,2491
2022-01-16,San Benito,069,59416,10796,10377,343,10720,88
2022-01-16,San Bernardino,071,2135413,501676,474425,20527,494952,6259
2022-01-16,San Diego,073,3302833,629077,569241,39637,608878,4545
2022-01-16,San Francisco,075,870044,102527,94139,6563,100702,694
2022-01-16,San Joaquin,077,732212,139531,132214,7703,139917,1958
2022-01-16,San Luis Obispo,079,281455,42684,40113,2668,42781,379
2022-01-16,San Mateo,081,765935,99560,85966,4543,90509,585
2022-01-16,Santa Barbara,083,443738,69439,66111,3306,69417,582
2022-01-16,Santa Clara,085,1922200,249983,234293,7990,242283,1984
2022-01-16,Santa Cruz,087,273765,33561,31469,1576,33045,237
2022-01-16,Shasta,089,179085,26061,24980,4654,29634,449
2022-01-16,Sierra,091,2930,252,238,28,266,0
2022-01-16,Siskiyou,093,43540,3851,3748,1890,5638,62
2022-01-16,Solano,095,438530,66316,60885,3786,64671,391
2022-01-16,Sonoma,097,501317,66403,61842,1476,63318,419
2022-01-16,Stanislaus,099,539301,101373,96370,12536,108906,1379
2022-01-16,Sutter,101,95872,17629,16996,860,17856,198
2022-01-16,Tehama,103,63373,10252,9868,2063,11931,142
2022-01-16,Trinity,105,12862,1002,889,246,1135,19
2022-01-16,Tulare,107,460477,85397,80867,21185,102052,1199
2022-01-16,Tuolumne,109,53932,9966,9369,240,9609,91
2022-01-16,Ventura,111,848112,150354,140715,8170,148885,1234
2022-01-16,Yolo,113,214977,30119,28481,2327,30808,270
2022-01-16,Yuba,115,75493,13271,12760,694,13454,101
2022-01-15,Alameda,001,1643700,203993,177768,9476,187244,1561
2022-01-15,Alpine,003,1148,119,117,0,117,0
2022-01-15,Amador,005,37829,6938,6434,212,6646,72
2022-01-15,Butte,007,227075,27442,25032,5160,30192,348
2022-01-15,Calaveras,009,45235,5849,5258,138,5396,93
2022-01-15,Colusa,011,21464,2959,2796,887,3683,21
2022-01-15,Contra Costa,013,1133247,154434,137643,8540,146183,1082
2022-01-15,Del Norte,015,27424,4241,4065,87,4152,43
2022-01-15,El Dorado,017,186661,22918,20434,2510,22944,175
2022-01-15,Fresno,019,978130,182937,167361,16457,183818,2415
2022-01-15,Glenn,021,27897,4218,3906,1278,5184,39
2022-01-15,Humboldt,023,135768,13811,12419,1773,14192,123
2022-01-15,Imperial,025,180216,45760,42508,7355,49863,817
2022-01-15,Inyo,027,18085,3717,3395,143,3538,49
2022-01-15,Kern,029,883053,164379,150085,35212,185297,1938
2022-01-15,Kings,031,150075,40770,37221,2552,39773,391
2022-01-15,Lake,033,64148,8249,7641,464,8105,117
2022-01-15,Lassen,035,31185,7510,7274,608,7882,55
2022-01-15,Los Angeles,037,10098052,2321351,2047927,104399,2152326,27641
2022-01-15,Madera,039,155013,29826,27294,3369,30663,329
2022-01-15,Marin,041,260295,27917,25248,1641,26889,251
2022-01-15,Mariposa,043,17540,1962,1762,85,1847,6
2022-01-15,Mendocino,045,87422,10560,9534,1374,10908,102
2022-01-15,Merced,047,269075,53054,48904,4150,53054,715
2022-01-15,Modoc,049,8938,642,628,218,846,6
2022-01-15,Mono,051,14174,2742,2508,92,2600,4
2022-01-15,Monterey,053,433212,63838,55315,6993,62308,647
2022-01-15,Napa,055,140530,20738,17648,580,18228,109
2022-01-15,Nevada,057,99092,13234,11773,731,12504,111
2022-01-15,Orange,059,3164182,478939,433141,34702,467843,5914
2022-01-15,Placer,061,380077,52493,47780,5896,53676,501
2022-01-15,Plumas,063,18699,2273,2158,126,2284,12
2022-01-15,Riverside,065,2383286,513640,466381,23873,490254,5578
2022-01-15,Sacramento,067,1510023,230180,208156,15845,224001,2491
2022-01-15,San Benito,069,59416,10696,9868,337,10205,87
2022-01-15,San Bernardino,071,2135413,499490,454395,20400,474795,6233
2022-01-15,San Diego,073,3302833,625360,559385,39416,598801,4540
2022-01-15,San Francisco,075,870044,101551,88004,6422,94426,692
2022-01-15,San Joaquin,077,732212,138973,125136,7610,132746,1954
2022-01-15,San Luis Obispo,079,281455,42495,38231,2655,40886,374
2022-01-15,San Mateo,081,765935,98600,80494,4501,84995,582
2022-01-15,Santa Barbara,083,443738,68859,62312,3296,65608,579
2022-01-15,Santa Clara,085,1922200,247769,218986,7874,226860,1974
2022-01-15,Santa Cruz,087,273765,33232,29414,1572,30986,235
2022-01-15,Shasta,089,179085,25974,24482,4622,29104,445
2022-01-15,Sierra,091,2930,251,232,27,259,0
2022-01-15,Siskiyou,093,43540,3840,3661,1879,5540,62
2022-01-15,Solano,095,438530,66042,58061,3737,61798,389
2022-01-15,Sonoma,097,501317,65832,58181,1470,59651,418
2022-01-15,Stanislaus,099,539301,100790,92986,12440,105426,1379
2022-01-15,Sutter,101,95872,17541,16345,852,17197,197
2022-01-15,Tehama,103,63373,10208,9572,2048,11620,141
2022-01-15,Trinity,105,12862,1000,872,246,1118,19
2022-01-15,Tulare,107,460477,85021,77769,21087,98856,1192
2022-01-15,Tuolumne,109,53932,9867,9042,235,9277,91
2022-01-15,Ventura,111,848112,149582,134736,8134,142870,1227
2022-01-15,Yolo,113,214977,29949,27311,2308,29619,270
2022-01-15,Yuba,115,75493,13207,12200,690,12890,101
2022-01-14,Alameda,001,1643700,201965,177768,9425,187193,1561
2022-01-14,Alpine,003,1148,119,117,0,117,0
2022-01-14,Amador,005,37829,6862,6434,203,6637,72
2022-01-14,Butte,007,227075,27258,25032,5135,30167,348
2022-01-14,Calaveras,009,45235,5813,5258,137,5395,93
2022-01-14,Colusa,011,21464,2950,2796,878,3674,21
2022-01-14,Contra Costa,013,1133247,152996,137643,8440,146083,1082
2022-01-14,Del Norte,015,27424,4223,4065,86,4151,43
2022-01-14,El Dorado,017,186661,22758,20434,2494,22928,175
2022-01-14,Fresno,019,978130,181360,167361,16383,183744,2415
2022-01-14,Glenn,021,27897,4196,3906,1269,5175,39
2022-01-14,Humboldt,023,135768,13705,12419,1740,14159,123
2022-01-14,Imperial,025,180216,45614,42508,7340,49848,817
2022-01-14,Inyo,027,18085,3692,3395,139,3534,49
2022-01-14,Kern,029,883053,163393,150085,34795,184880,1938
2022-01-14,Kings,031,150075,40522,37221,2544,39765,391
2022-01-14,Lake,033,64148,8194,7641,452,8093,117
2022-01-14,Lassen,035,31185,7493,7274,600,7874,55
2022-01-14,Los Angeles,037,10098052,2302199,2047927,103365,2151292,27641
2022-01-14,Madera,039,155013,29589,27294,3346,30640,329
2022-01-14,Marin,041,260295,27660,25248,1598,26846,251
2022-01-14,Mariposa,043,17540,1947,1762,85,1847,6
2022-01-14,Mendocino,045,87422,10450,9534,1360,10894,102
2022-01-14,Merced,047,269075,52868,48904,4130,53034,715
2022-01-14,Modoc,049,8938,641,628,218,846,6
2022-01-14,Mono,051,14174,2722,2508,90,2598,4
2022-01-14,Monterey,053,433212,63167,55315,6925,62240,647
2022-01-14,Napa,055,140530,20563,17648,574,18222,109
2022-01-14,Nevada,057,99092,13120,11773,720,12493,111
2022-01-14,Orange,059,3164182,475255,433141,34414,467555,5914
2022-01-14,Placer,061,380077,52062,47780,5825,53605,501
2022-01-14,Plumas,063,18699,2265,2158,120,2278,12
2022-01-14,Riverside,065,2383286,510194,466381,23731,490112,5578
2022-01-14,Sacramento,067,1510023,228331,208156,15725,223881,2491
2022-01-14,San Benito,069,59416,10643,9868,336,10204,87
2022-01-14,San Bernardino,071,2135413,496458,454395,20227,474622,6233
2022-01-14,San Diego,073,3302833,619801,559385,39179,598564,4540
2022-01-14,San Francisco,075,870044,100398,88004,6240,94244,692
2022-01-14,San Joaquin,077,732212,138125,125136,7561,132697,1954
2022-01-14,San Luis Obispo,079,281455,42330,38231,2632,40863,374
2022-01-14,San Mateo,081,765935,97402,80494,4471,84965,582
2022-01-14,Santa Barbara,083,443738,68352,62312,3286,65598,579
2022-01-14,Santa Clara,085,1922200,245179,218986,7770,226756,1974
2022-01-14,Santa Cruz,087,273765,32901,29414,1568,30982,235
2022-01-14,Shasta,089,179085,25858,24482,4588,29070,445
2022-01-14,Sierra,091,2930,249,232,25,257,0
2022-01-14,Siskiyou,093,43540,3827,3661,1868,5529,62
2022-01-14,Solano,095,438530,65176,58061,3645,61706,389
2022-01-14,Sonoma,097,501317,65305,58181,1445,59626,418
2022-01-14,Stanislaus,099,539301,100186,92986,12342,105328,1379
2022-01-14,Sutter,101,95872,17419,16345,843,17188,197
2022-01-14,Tehama,103,63373,10159,9572,2037,11609,141
2022-01-14,Trinity,105,12862,995,872,245,1117,19
2022-01-14,Tulare,107,460477,84544,77769,20932,98701,1192
2022-01-14,Tuolumne,109,53932,9753,9042,230,9272,91
2022-01-14,Ventura,111,848112,148483,134736,8076,142812,1227
2022-01-14,Yolo,113,214977,29718,27311,2279,29590,270
2022-01-14,Yuba,115,75493,13102,12200,685,12885,101
2022-01-13,Alameda,001,1643700,197649,177768,9064,186832,1561
2022-01-13,Alpine,003,1148,118,117,0,117,0
2022-01-13,Amador,005,37829,6803,6434,182,6616,72
2022-01-13,Butte,007,227075,26960,25032,5024,30056,348
2022-01-13,Calaveras,009,45235,5715,5258,133,5391,93
2022-01-13,Colusa,011,21464,2919,2796,868,3664,21
2022-01-13,Contra Costa,013,1133247,150477,137643,7982,145625,1082
2022-01-13,Del Norte,015,27424,4196,4065,85,4150,43
2022-01-13,El Dorado,017,186661,22505,20434,2449,22883,175
2022-01-13,Fresno,019,978130,178624,167361,16030,183391,2415
2022-01-13,Glenn,021,27897,4149,3906,1243,5149,39
2022-01-13,Humboldt,023,135768,13548,12419,1676,14095,123
2022-01-13,Imperial,025,180216,45070,42508,7158,49666,817
2022-01-13,Inyo,027,18085,3636,3395,122,3517,49
2022-01-13,Kern,029,883053,161821,150085,34230,184315,1938
2022-01-13,Kings,031,150075,40013,37221,2501,39722,391
2022-01-13,Lake,033,64148,8100,7641,435,8076,117
2022-01-13,Lassen,035,31185,7473,7274,582,7856,55
2022-01-13,Los Angeles,037,10098052,2266142,2047927,101671,2149598,27641
2022-01-13,Madera,039,155013,29122,27294,3255,30549,329
2022-01-13,Marin,041,260295,27313,25248,1559,26807,251
2022-01-13,Mariposa,043,17540,1924,1762,82,1844,6
2022-01-13,Mendocino,045,87422,10365,9534,1291,10825,102
2022-01-13,Merced,047,269075,52220,48904,3863,52767,715
2022-01-13,Modoc,049,8938,638,628,218,846,6
2022-01-13,Mono,051,14174,2698,2508,88,2596,4
2022-01-13,Monterey,053,433212,62274,55315,6638,61953,647
2022-01-13,Napa,055,140530,20265,17648,564,18212,109
2022-01-13,Nevada,057,99092,12915,11773,689,12462,111
2022-01-13,Orange,059,3164182,468761,433141,33964,467105,5914
2022-01-13,Placer,061,380077,51407,47780,5715,53495,501
2022-01-13,Plumas,063,18699,2246,2158,110,2268,12
2022-01-13,Riverside,065,2383286,503983,466381,23403,489784,5578
2022-01-13,Sacramento,067,1510023,225319,208156,14914,223070,2491
2022-01-13,San Benito,069,59416,10541,9868,328,10196,87
2022-01-13,San Bernardino,071,2135413,490874,454395,19788,474183,6233
2022-01-13,San Diego,073,3302833,611355,559385,38356,597741,4540
2022-01-13,San Francisco,075,870044,98601,88004,6030,94034,692
2022-01-13,San Joaquin,077,732212,136044,125136,7450,132586,1954
2022-01-13,San Luis Obispo,079,281455,41725,38231,2527,40758,374
2022-01-13,San Mateo,081,765935,95658,80494,4229,84723,582
2022-01-13,Santa Barbara,083,443738,67361,62312,3103,65415,579
2022-01-13,Santa Clara,085,1922200,240890,218986,7437,226423,1974
2022-01-13,Santa Cruz,087,273765,32160,29414,1550,30964,235
2022-01-13,Shasta,089,179085,25646,24482,4514,28996,445
2022-01-13,Sierra,091,2930,248,232,25,257,0
2022-01-13,Siskiyou,093,43540,3807,3661,1824,5485,62
2022-01-13,Solano,095,438530,64038,58061,3534,61595,389
2022-01-13,Sonoma,097,501317,64231,58181,1393,59574,418
2022-01-13,Stanislaus,099,539301,99017,92986,12084,105070,1379
2022-01-13,Sutter,101,95872,17218,16345,789,17134,197
2022-01-13,Tehama,103,63373,10058,9572,1991,11563,141
2022-01-13,Trinity,105,12862,986,872,244,1116,19
2022-01-13,Tulare,107,460477,83358,77769,20623,98392,1192
2022-01-13,Tuolumne,109,53932,9610,9042,210,9252,91
2022-01-13,Ventura,111,848112,146704,134736,7994,142730,1227
2022-01-13,Yolo,113,214977,29319,27311,2236,29547,270
2022-01-13,Yuba,115,75493,12964,12200,657,12857,101
2022-01-12,Alameda,001,1643700,193040,173001,8598,181599,1563
2022-01-12,Alpine,003,1148,118,117,0,117,0
2022-01-12,Amador,005,37829,6754,6354,168,6522,71
2022-01-12,Butte,007,227075,26626,24631,4939,29570,348
2022-01-12,Calaveras,009,45235,5624,5151,127,5278,93
2022-01-12,Colusa,011,21464,2880,2772,853,3625,21
2022-01-12,Contra Costa,013,1133247,147935,134579,7612,142191,1077
2022-01-12,Del Norte,015,27424,4170,4019,83,4102,43
2022-01-12,El Dorado,017,186661,22165,20092,2408,22500,175
2022-01-12,Fresno,019,978130,175926,165316,15657,180973,2413
2022-01-12,Glenn,021,27897,4097,3859,1220,5079,39
2022-01-12,Humboldt,023,135768,13374,12081,1595,13676,122
2022-01-12,Imperial,025,180216,44438,41985,6839,48824,814
2022-01-12,Inyo,027,18085,3590,3334,106,3440,49
2022-01-12,Kern,029,883053,159716,148435,33549,181984,1933
2022-01-12,Kings,031,150075,39378,36780,2460,39240,391
2022-01-12,Lake,033,64148,7986,7535,391,7926,117
2022-01-12,Lassen,035,31185,7433,7223,555,7778,55
2022-01-12,Los Angeles,037,10098052,2227056,2005065,99470,2104535,27601
2022-01-12,Madera,039,155013,28796,26952,3157,30109,329
2022-01-12,Marin,041,260295,26827,24704,1509,26213,251
2022-01-12,Mariposa,043,17540,1894,1725,80,1805,6
2022-01-12,Mendocino,045,87422,10199,9379,1191,10570,103
2022-01-12,Merced,047,269075,51527,48441,3584,52025,710
2022-01-12,Modoc,049,8938,636,627,218,845,6
2022-01-12,Mono,051,14174,2663,2466,84,2550,4
2022-01-12,Monterey,053,433212,61326,54524,6289,60813,647
2022-01-12,Napa,055,140530,20007,17347,541,17888,109
2022-01-12,Nevada,057,99092,12686,11552,640,12192,111
2022-01-12,Orange,059,3164182,461970,425737,33359,459096,5912
2022-01-12,Placer,061,380077,50754,47004,5601,52605,501
2022-01-12,Plumas,063,18699,2223,2135,101,2236,12
2022-01-12,Riverside,065,2383286,496862,458881,23055,481936,5565
2022-01-12,Sacramento,067,1510023,221769,204696,14019,218715,2479
2022-01-12,San Benito,069,59416,10410,9737,316,10053,87
2022-01-12,San Bernardino,071,2135413,484737,447869,19215,467084,6222
2022-01-12,San Diego,073,3302833,600955,551669,37552,589221,4529
2022-01-12,San Francisco,075,870044,96695,85700,5909,91609,691
2022-01-12,San Joaquin,077,732212,133743,122850,7333,130183,1948
2022-01-12,San Luis Obispo,079,281455,40993,37727,2445,40172,373
2022-01-12,San Mateo,081,765935,93650,78476,3847,82323,582
2022-01-12,Santa Barbara,083,443738,66159,60815,2997,63812,578
2022-01-12,Santa Clara,085,1922200,236353,213177,7056,220233,1971
2022-01-12,Santa Cruz,087,273765,31512,28463,1509,29972,235
2022-01-12,Shasta,089,179085,25427,24324,4448,28772,446
2022-01-12,Sierra,091,2930,247,228,25,253,0
2022-01-12,Siskiyou,093,43540,3780,3639,1778,5417,62
2022-01-12,Solano,095,438530,62975,57052,3409,60461,386
2022-01-12,Sonoma,097,501317,62935,56394,1321,57715,417
2022-01-12,Stanislaus,099,539301,97754,91738,11769,103507,1373
2022-01-12,Sutter,101,95872,17023,16135,761,16896,197
2022-01-12,Tehama,103,63373,9975,9475,1929,11404,141
2022-01-12,Trinity,105,12862,983,868,244,1112,19
2022-01-12,Tulare,107,460477,82365,76943,20243,97186,1192
2022-01-12,Tuolumne,109,53932,9488,8870,192,9062,91
2022-01-12,Ventura,111,848112,144818,132180,7914,140094,1220
2022-01-12,Yolo,113,214977,28921,26888,2157,29045,270
2022-01-12,Yuba,115,75493,12802,12015,630,12645,101
2022-01-11,Alameda,001,1643700,188535,169181,8196,177377,1561
2022-01-11,Alpine,003,1148,118,116,0,116,0
2022-01-11,Amador,005,37829,6670,6317,152,6469,71
2022-01-11,Butte,007,227075,26217,24479,4846,29325,347
2022-01-11,Calaveras,009,45235,5478,5083,113,5196,93
2022-01-11,Colusa,011,21464,2853,2766,834,3600,21
2022-01-11,Contra Costa,013,1133247,144970,132410,7130,139540,1077
2022-01-11,Del Norte,015,27424,4135,4006,82,4088,43
2022-01-11,El Dorado,017,186661,21825,19842,2336,22178,174
2022-01-11,Fresno,019,978130,172928,163509,15354,178863,2404
2022-01-11,Glenn,021,27897,4035,3844,1168,5012,39
2022-01-11,Humboldt,023,135768,13144,11960,1500,13460,122
2022-01-11,Imperial,025,180216,43829,41444,6644,48088,813
2022-01-11,Inyo,027,18085,3491,3278,99,3377,49
2022-01-11,Kern,029,883053,157494,146942,32748,179690,1929
2022-01-11,Kings,031,150075,38776,36524,2427,38951,389
2022-01-11,Lake,033,64148,7916,7494,377,7871,117
2022-01-11,Lassen,035,31185,7389,7210,540,7750,55
2022-01-11,Los Angeles,037,10098052,2185261,1966319,97239,2063558,27563
2022-01-11,Madera,039,155013,28374,26688,3072,29760,329
2022-01-11,Marin,041,260295,26484,24387,1463,25850,251
2022-01-11,Mariposa,043,17540,1872,1718,77,1795,6
2022-01-11,Mendocino,045,87422,10032,9301,1092,10393,102
2022-01-11,Merced,047,269075,50770,48068,3400,51468,708
2022-01-11,Modoc,049,8938,635,626,217,843,6
2022-01-11,Mono,051,14174,2619,2425,83,2508,4
2022-01-11,Monterey,053,433212,60291,53911,5936,59847,646
2022-01-11,Napa,055,140530,19564,17020,491,17511,109
2022-01-11,Nevada,057,99092,12432,11467,606,12073,110
2022-01-11,Orange,059,3164182,454332,417703,32723,450426,5909
2022-01-11,Placer,061,380077,50012,46459,5460,51919,500
2022-01-11,Plumas,063,18699,2201,2099,99,2198,12
2022-01-11,Riverside,065,2383286,489208,453766,22735,476501,5551
2022-01-11,Sacramento,067,1510023,217756,201058,12965,214023,2489
2022-01-11,San Benito,069,59416,10270,9624,304,9928,83
2022-01-11,San Bernardino,071,2135413,477245,442960,18646,461606,6198
2022-01-11,San Diego,073,3302833,589077,536954,36538,573492,4520
2022-01-11,San Francisco,075,870044,94460,83678,5733,89411,691
2022-01-11,San Joaquin,077,732212,131365,121139,7203,128342,1944
2022-01-11,San Luis Obispo,079,281455,40219,37183,2328,39511,372
2022-01-11,San Mateo,081,765935,91398,76756,3624,80380,582
2022-01-11,Santa Barbara,083,443738,64824,59758,2860,62618,578
2022-01-11,Santa Clara,085,1922200,230897,208425,6595,215020,1971
2022-01-11,Santa Cruz,087,273765,31023,27709,1464,29173,232
2022-01-11,Shasta,089,179085,25176,24132,4351,28483,446
2022-01-11,Sierra,091,2930,244,228,24,252,0
2022-01-11,Siskiyou,093,43540,3754,3621,1728,5349,62
2022-01-11,Solano,095,438530,61540,56349,3254,59603,388
2022-01-11,Sonoma,097,501317,61438,55411,1249,56660,416
2022-01-11,Stanislaus,099,539301,96388,90998,11433,102431,1372
2022-01-11,Sutter,101,95872,16828,15993,709,16702,197
2022-01-11,Tehama,103,63373,9846,9406,1882,11288,140
2022-01-11,Trinity,105,12862,970,858,242,1100,19
2022-01-11,Tulare,107,460477,81167,76267,19845,96112,1188
2022-01-11,Tuolumne,109,53932,9340,8811,185,8996,91
2022-01-11,Ventura,111,848112,142589,129548,7783,137331,1220
2022-01-11,Yolo,113,214977,28371,26482,2093,28575,270
2022-01-11,Yuba,115,75493,12628,11912,609,12521,101
2022-01-10,Alameda,001,1643700,183444,165657,7673,173330,1559
2022-01-10,Alpine,003,1148,118,116,0,116,0
2022-01-10,Amador,005,37829,6567,6279,136,6415,71
2022-01-10,Butte,007,227075,25855,24217,4740,28957,347
2022-01-10,Calaveras,009,45235,5374,5025,107,5132,93
2022-01-10,Colusa,011,21464,2824,2758,826,3584,21
2022-01-10,Contra Costa,013,1133247,142253,129951,6613,136564,1077
2022-01-10,Del Norte,015,27424,4113,3970,82,4052,43
2022-01-10,El Dorado,017,186661,21265,19606,2280,21886,172
2022-01-10,Fresno,019,978130,169947,161593,15008,176601,2404
2022-01-10,Glenn,021,27897,3975,3807,1155,4962,39
2022-01-10,Humboldt,023,135768,12896,11778,1369,13147,121
2022-01-10,Imperial,025,180216,43150,41080,6446,47526,811
2022-01-10,Inyo,027,18085,3437,3227,87,3314,49
2022-01-10,Kern,029,883053,154924,145744,32033,177777,1929
2022-01-10,Kings,031,150075,38131,36286,2389,38675,389
2022-01-10,Lake,033,64148,7827,7416,352,7768,117
2022-01-10,Lassen,035,31185,7353,7192,519,7711,55
2022-01-10,Los Angeles,037,10098052,2140837,1932475,94852,2027327,27546
2022-01-10,Madera,039,155013,27918,26501,2973,29474,328
2022-01-10,Marin,041,260295,25982,24023,1390,25413,251
2022-01-10,Mariposa,043,17540,1831,1684,71,1755,6
2022-01-10,Mendocino,045,87422,9856,9163,1004,10167,101
2022-01-10,Merced,047,269075,49982,47632,3095,50727,707
2022-01-10,Modoc,049,8938,634,622,215,837,6
2022-01-10,Mono,051,14174,2553,2415,79,2494,4
2022-01-10,Monterey,053,433212,59337,53485,5621,59106,645
2022-01-10,Napa,055,140530,19185,16775,476,17251,109
2022-01-10,Nevada,057,99092,12210,11300,568,11868,110
2022-01-10,Orange,059,3164182,445745,406170,31889,438059,5906
2022-01-10,Placer,061,380077,49173,45642,5306,50948,498
2022-01-10,Plumas,063,18699,2179,2086,97,2183,12
2022-01-10,Riverside,065,2383286,481052,445536,22280,467816,5546
2022-01-10,Sacramento,067,1510023,213415,198023,11941,209964,2474
2022-01-10,San Benito,069,59416,10099,9467,294,9761,83
2022-01-10,San Bernardino,071,2135413,469257,437207,17962,455169,6184
2022-01-10,San Diego,073,3302833,576507,530506,35460,565966,4500
2022-01-10,San Francisco,075,870044,92630,82209,5442,87651,690
2022-01-10,San Joaquin,077,732212,128685,119587,7005,126592,1927
2022-01-10,San Luis Obispo,079,281455,39410,36618,2230,38848,371
2022-01-10,San Mateo,081,765935,88788,75210,3365,78575,582
2022-01-10,Santa Barbara,083,443738,63546,58957,2667,61624,578
2022-01-10,Santa Clara,085,1922200,225038,203540,6110,209650,1971
2022-01-10,Santa Cruz,087,273765,30155,26906,1429,28335,232
2022-01-10,Shasta,089,179085,24977,23983,4275,28258,446
2022-01-10,Sierra,091,2930,241,223,24,247,0
2022-01-10,Siskiyou,093,43540,3720,3592,1684,5276,62
2022-01-10,Solano,095,438530,60483,55663,3048,58711,385
2022-01-10,Sonoma,097,501317,59860,54478,1212,55690,412
2022-01-10,Stanislaus,099,539301,95063,89997,11121,101118,1372
2022-01-10,Sutter,101,95872,16587,15823,664,16487,196
2022-01-10,Tehama,103,63373,9737,9360,1830,11190,140
2022-01-10,Trinity,105,12862,966,849,240,1089,19
2022-01-10,Tulare,107,460477,79785,75498,19442,94940,1186
2022-01-10,Tuolumne,109,53932,9219,8685,174,8859,91
2022-01-10,Ventura,111,848112,139998,126240,7643,133883,1217
2022-01-10,Yolo,113,214977,27814,26065,2041,28106,270
2022-01-10,Yuba,115,75493,12378,11776,574,12350,101
2022-01-09,Alameda,001,1643700,178960,162701,6988,169689,1561
2022-01-09,Alpine,003,1148,118,116,0,116,0
2022-01-09,Amador,005,37829,6481,6215,124,6339,71
2022-01-09,Butte,007,227075,25469,24018,4613,28631,347
2022-01-09,Calaveras,009,45235,5256,4976,98,5074,93
2022-01-09,Colusa,011,21464,2798,2750,809,3559,21
2022-01-09,Contra Costa,013,1133247,139415,128050,5958,134008,1077
2022-01-09,Del Norte,015,27424,4068,3950,76,4026,43
2022-01-09,El Dorado,017,186661,20901,19430,2212,21642,172
2022-01-09,Fresno,019,978130,167423,159989,14681,174670,2405
2022-01-09,Glenn,021,27897,3919,3797,1128,4925,39
2022-01-09,Humboldt,023,135768,12648,11582,1243,12825,121
2022-01-09,Imperial,025,180216,42347,40608,6204,46812,811
2022-01-09,Inyo,027,18085,3330,3149,78,3227,49
2022-01-09,Kern,029,883053,152477,144819,31313,176132,1927
2022-01-09,Kings,031,150075,37437,36041,2350,38391,389
2022-01-09,Lake,033,64148,7714,7393,308,7701,117
2022-01-09,Lassen,035,31185,7291,7172,490,7662,55
2022-01-09,Los Angeles,037,10098052,2094396,1887830,91903,1979733,27532
2022-01-09,Madera,039,155013,27537,26325,2871,29196,328
2022-01-09,Marin,041,260295,25494,23708,1296,25004,251
2022-01-09,Mariposa,043,17540,1781,1660,70,1730,6
2022-01-09,Mendocino,045,87422,9641,9097,895,9992,101
2022-01-09,Merced,047,269075,49115,47294,2821,50115,706
2022-01-09,Modoc,049,8938,632,619,215,834,6
2022-01-09,Mono,051,14174,2518,2390,70,2460,4
2022-01-09,Monterey,053,433212,58280,53251,5329,58580,645
2022-01-09,Napa,055,140530,18689,16614,459,17073,109
2022-01-09,Nevada,057,99092,11969,11152,504,11656,110
2022-01-09,Orange,059,3164182,435885,400563,30961,431524,5905
2022-01-09,Placer,061,380077,48198,45081,5163,50244,498
2022-01-09,Plumas,063,18699,2148,2081,75,2156,12
2022-01-09,Riverside,065,2383286,472154,440413,21735,462148,5546
2022-01-09,Sacramento,067,1510023,208853,195444,10816,206260,2475
2022-01-09,San Benito,069,59416,9913,9363,266,9629,83
2022-01-09,San Bernardino,071,2135413,461438,430257,17192,447449,6180
2022-01-09,San Diego,073,3302833,563471,478206,33669,511875,4500
2022-01-09,San Francisco,075,870044,90752,80463,5162,85625,690
2022-01-09,San Joaquin,077,732212,125608,118422,6862,125284,1927
2022-01-09,San Luis Obispo,079,281455,38598,36291,2121,38412,371
2022-01-09,San Mateo,081,765935,86327,73867,3034,76901,582
2022-01-09,Santa Barbara,083,443738,61870,58280,2405,60685,578
2022-01-09,Santa Clara,085,1922200,218899,199889,5555,205444,1976
2022-01-09,Santa Cruz,087,273765,29401,26513,1398,27911,232
2022-01-09,Shasta,089,179085,24747,23926,4187,28113,446
2022-01-09,Sierra,091,2930,239,223,23,246,0
2022-01-09,Siskiyou,093,43540,3691,3580,1615,5195,62
2022-01-09,Solano,095,438530,59325,54985,2773,57758,384
2022-01-09,Sonoma,097,501317,58203,53543,1186,54729,412
2022-01-09,Stanislaus,099,539301,93684,89248,10870,100118,1372
2022-01-09,Sutter,101,95872,16305,15695,590,16285,196
2022-01-09,Tehama,103,63373,9619,9306,1780,11086,140
2022-01-09,Trinity,105,12862,960,848,240,1088,19
2022-01-09,Tulare,107,460477,78452,75085,19083,94168,1186
2022-01-09,Tuolumne,109,53932,9062,8595,157,8752,91
2022-01-09,Ventura,111,848112,136943,124269,7413,131682,1217
2022-01-09,Yolo,113,214977,27220,25632,1996,27628,270
2022-01-09,Yuba,115,75493,12182,11666,544,12210,101
2022-01-08,Alameda,001,1643700,177079,148560,6842,155402,1558
2022-01-08,Alpine,003,1148,118,114,0,114,0
2022-01-08,Amador,005,37829,6447,6091,119,6210,71
2022-01-08,Butte,007,227075,25291,23429,4579,28008,347
2022-01-08,Calaveras,009,45235,5222,4823,94,4917,93
2022-01-08,Colusa,011,21464,2789,2713,806,3519,21
2022-01-08,Contra Costa,013,1133247,137924,119907,5884,125791,1077
2022-01-08,Del Norte,015,27424,4054,3902,76,3978,43
2022-01-08,El Dorado,017,186661,20729,18599,2177,20776,172
2022-01-08,Fresno,019,978130,166548,155394,14593,169987,2393
2022-01-08,Glenn,021,27897,3911,3732,1126,4858,39
2022-01-08,Humboldt,023,135768,12528,11149,1217,12366,121
2022-01-08,Imperial,025,180216,42177,39429,6062,45491,800
2022-01-08,Inyo,027,18085,3316,3020,75,3095,49
2022-01-08,Kern,029,883053,151351,140410,30890,171300,1921
2022-01-08,Kings,031,150075,37221,35275,2339,37614,390
2022-01-08,Lake,033,64148,7674,7209,299,7508,117
2022-01-08,Lassen,035,31185,7267,7127,475,7602,55
2022-01-08,Los Angeles,037,10098052,2076193,1765787,90158,1855945,27476
2022-01-08,Madera,039,155013,27373,25767,2834,28601,328
2022-01-08,Marin,041,260295,25225,22377,1284,23661,251
2022-01-08,Mariposa,043,17540,1771,1588,70,1658,6
2022-01-08,Mendocino,045,87422,9571,8792,893,9685,101
2022-01-08,Merced,047,269075,48956,46094,2808,48902,703
2022-01-08,Modoc,049,8938,632,610,215,825,6
2022-01-08,Mono,051,14174,2509,2240,67,2307,4
2022-01-08,Monterey,053,433212,57911,51721,5251,56972,644
2022-01-08,Napa,055,140530,18535,15819,432,16251,109
2022-01-08,Nevada,057,99092,11900,10765,492,11257,110
2022-01-08,Orange,059,3164182,432238,375124,30100,405224,5903
2022-01-08,Placer,061,380077,47791,43172,5125,48297,495
2022-01-08,Plumas,063,18699,2141,2053,71,2124,12
2022-01-08,Riverside,065,2383286,468680,422591,21462,444053,5535
2022-01-08,Sacramento,067,1510023,207621,185118,10691,195809,2470
2022-01-08,San Benito,069,59416,9749,9016,263,9279,83
2022-01-08,San Bernardino,071,2135413,458240,411724,16820,428544,6122
2022-01-08,San Diego,073,3302833,558640,472273,33167,505440,4495
2022-01-08,San Francisco,075,870044,89569,73660,4847,78507,690
2022-01-08,San Joaquin,077,732212,124640,112514,6765,119279,1916
2022-01-08,San Luis Obispo,079,281455,38396,34489,2078,36567,369
2022-01-08,San Mateo,081,765935,84981,67918,2947,70865,582
2022-01-08,Santa Barbara,083,443738,61212,54617,2372,56989,575
2022-01-08,Santa Clara,085,1922200,215846,183842,5349,189191,1966
2022-01-08,Santa Cruz,087,273765,29000,24678,1387,26065,230
2022-01-08,Shasta,089,179085,24661,23585,4155,27740,445
2022-01-08,Sierra,091,2930,235,215,23,238,0
2022-01-08,Siskiyou,093,43540,3680,3545,1603,5148,62
2022-01-08,Solano,095,438530,58929,52452,2703,55155,383
2022-01-08,Sonoma,097,501317,57714,50130,1154,51284,411
2022-01-08,Stanislaus,099,539301,93047,87049,10763,97812,1372
2022-01-08,Sutter,101,95872,16189,15261,578,15839,195
2022-01-08,Tehama,103,63373,9588,9109,1775,10884,140
2022-01-08,Trinity,105,12862,955,836,240,1076,19
2022-01-08,Tulare,107,460477,78096,73600,18937,92537,1185
2022-01-08,Tuolumne,109,53932,8966,8360,154,8514,91
2022-01-08,Ventura,111,848112,135778,117229,7284,124513,1216
2022-01-08,Yolo,113,214977,26936,24006,1969,25975,270
2022-01-08,Yuba,115,75493,12098,11277,541,11818,101
2022-01-07,Alameda,001,1643700,174445,148560,6732,155292,1558
2022-01-07,Alpine,003,1148,118,114,0,114,0
2022-01-07,Amador,005,37829,6399,6091,116,6207,71
2022-01-07,Butte,007,227075,25094,23429,4549,27978,347
2022-01-07,Calaveras,009,45235,5191,4823,94,4917,93
2022-01-07,Colusa,011,21464,2782,2713,799,3512,21
2022-01-07,Contra Costa,013,1133247,136074,119907,5762,125669,1077
2022-01-07,Del Norte,015,27424,4037,3902,75,3977,43
2022-01-07,El Dorado,017,186661,20574,18599,2163,20762,172
2022-01-07,Fresno,019,978130,165215,155394,14511,169905,2393
2022-01-07,Glenn,021,27897,3892,3732,1124,4856,39
2022-01-07,Humboldt,023,135768,12380,11149,1190,12339,121
2022-01-07,Imperial,025,180216,42036,39429,5987,45416,800
2022-01-07,Inyo,027,18085,3298,3020,73,3093,49
2022-01-07,Kern,029,883053,150385,140410,30460,170870,1921
2022-01-07,Kings,031,150075,37041,35275,2326,37601,390
2022-01-07,Lake,033,64148,7627,7209,275,7484,117
2022-01-07,Lassen,035,31185,7253,7127,472,7599,55
2022-01-07,Los Angeles,037,10098052,2045570,1765787,88683,1854470,27476
2022-01-07,Madera,039,155013,27198,25767,2805,28572,328
2022-01-07,Marin,041,260295,24866,22377,1272,23649,251
2022-01-07,Mariposa,043,17540,1755,1588,70,1658,6
2022-01-07,Mendocino,045,87422,9479,8792,892,9684,101
2022-01-07,Merced,047,269075,48796,46094,2792,48886,703
2022-01-07,Modoc,049,8938,631,610,215,825,6
2022-01-07,Mono,051,14174,2471,2240,61,2301,4
2022-01-07,Monterey,053,433212,57500,51721,5171,56892,644
2022-01-07,Napa,055,140530,18307,15819,411,16230,109
2022-01-07,Nevada,057,99092,11785,10765,474,11239,110
2022-01-07,Orange,059,3164182,427572,375124,29500,404624,5903
2022-01-07,Placer,061,380077,47317,43172,5083,48255,495
2022-01-07,Plumas,063,18699,2133,2053,70,2123,12
2022-01-07,Riverside,065,2383286,464929,422591,21234,443825,5535
2022-01-07,Sacramento,067,1510023,205596,185118,10569,195687,2470
2022-01-07,San Benito,069,59416,9703,9016,262,9278,83
2022-01-07,San Bernardino,071,2135413,454501,411724,16610,428334,6122
2022-01-07,San Diego,073,3302833,551550,472273,32666,504939,4495
2022-01-07,San Francisco,075,870044,88155,73660,4579,78239,690
2022-01-07,San Joaquin,077,732212,123700,112514,6708,119222,1916
2022-01-07,San Luis Obispo,079,281455,38179,34489,2023,36512,369
2022-01-07,San Mateo,081,765935,83539,67918,2887,70805,582
2022-01-07,Santa Barbara,083,443738,60538,54617,2350,56967,575
2022-01-07,Santa Clara,085,1922200,212602,183842,5238,189080,1966
2022-01-07,Santa Cruz,087,273765,28542,24678,1374,26052,230
2022-01-07,Shasta,089,179085,24567,23585,4121,27706,445
2022-01-07,Sierra,091,2930,232,215,23,238,0
2022-01-07,Siskiyou,093,43540,3672,3545,1594,5139,62
2022-01-07,Solano,095,438530,58222,52452,2662,55114,383
2022-01-07,Sonoma,097,501317,57119,50130,1123,51253,411
2022-01-07,Stanislaus,099,539301,92527,87049,10677,97726,1372
2022-01-07,Sutter,101,95872,16041,15261,569,15830,195
2022-01-07,Tehama,103,63373,9549,9109,1762,10871,140
2022-01-07,Trinity,105,12862,950,836,239,1075,19
2022-01-07,Tulare,107,460477,77711,73600,18790,92390,1185
2022-01-07,Tuolumne,109,53932,8885,8360,150,8510,91
2022-01-07,Ventura,111,848112,134170,117229,7157,124386,1216
2022-01-07,Yolo,113,214977,26581,24006,1950,25956,270
2022-01-07,Yuba,115,75493,11999,11277,537,11814,101
2022-01-06,Alameda,001,1643700,169108,148560,6322,154882,1558
2022-01-06,Alpine,003,1148,117,114,0,114,0
2022-01-06,Amador,005,37829,6350,6091,110,6201,71
2022-01-06,Butte,007,227075,24801,23429,4472,27901,347
2022-01-06,Calaveras,009,45235,5068,4823,92,4915,93
2022-01-06,Colusa,011,21464,2763,2713,790,3503,21
2022-01-06,Contra Costa,013,1133247,133231,119907,5348,125255,1077
2022-01-06,Del Norte,015,27424,4007,3902,73,3975,43
2022-01-06,El Dorado,017,186661,20242,18599,2122,20721,172
2022-01-06,Fresno,019,978130,163115,155394,14277,169671,2393
2022-01-06,Glenn,021,27897,3864,3732,1113,4845,39
2022-01-06,Humboldt,023,135768,12142,11149,1149,12298,121
2022-01-06,Imperial,025,180216,41464,39429,5790,45219,800
2022-01-06,Inyo,027,18085,3258,3020,73,3093,49
2022-01-06,Kern,029,883053,148751,140410,29801,170211,1921
2022-01-06,Kings,031,150075,36694,35275,2300,37575,390
2022-01-06,Lake,033,64148,7557,7209,261,7470,117
2022-01-06,Lassen,035,31185,7230,7127,465,7592,55
2022-01-06,Los Angeles,037,10098052,1992455,1765787,86323,1852110,27476
2022-01-06,Madera,039,155013,26893,25767,2746,28513,328
2022-01-06,Marin,041,260295,24474,22377,1239,23616,251
2022-01-06,Mariposa,043,17540,1736,1588,68,1656,6
2022-01-06,Mendocino,045,87422,9390,8792,851,9643,101
2022-01-06,Merced,047,269075,48247,46094,2661,48755,703
2022-01-06,Modoc,049,8938,630,610,215,825,6
2022-01-06,Mono,051,14174,2448,2240,58,2298,4
2022-01-06,Monterey,053,433212,56788,51721,4927,56648,644
2022-01-06,Napa,055,140530,17907,15819,402,16221,109
2022-01-06,Nevada,057,99092,11590,10765,462,11227,110
2022-01-06,Orange,059,3164182,418347,375124,28769,403893,5903
2022-01-06,Placer,061,380077,46596,43172,5008,48180,495
2022-01-06,Plumas,063,18699,2121,2053,64,2117,12
2022-01-06,Riverside,065,2383286,457529,422591,20936,443527,5535
2022-01-06,Sacramento,067,1510023,201873,185118,9838,194956,2470
2022-01-06,San Benito,069,59416,9602,9016,255,9271,83
2022-01-06,San Bernardino,071,2135413,447378,411724,16149,427873,6122
2022-01-06,San Diego,073,3302833,540000,472273,31744,504017,4495
2022-01-06,San Francisco,075,870044,85769,73660,4319,77979,690
2022-01-06,San Joaquin,077,732212,121569,112514,6627,119141,1916
2022-01-06,San Luis Obispo,079,281455,37478,34489,1952,36441,369
2022-01-06,San Mateo,081,765935,81182,67918,2707,70625,582
2022-01-06,Santa Barbara,083,443738,59386,54617,2290,56907,575
2022-01-06,Santa Clara,085,1922200,207687,183842,4846,188688,1966
2022-01-06,Santa Cruz,087,273765,27999,24678,1357,26035,230
2022-01-06,Shasta,089,179085,24420,23585,4072,27657,445
2022-01-06,Sierra,091,2930,228,215,23,238,0
2022-01-06,Siskiyou,093,43540,3656,3545,1550,5095,62
2022-01-06,Solano,095,438530,57213,52452,2493,54945,383
2022-01-06,Sonoma,097,501317,55750,50130,1097,51227,411
2022-01-06,Stanislaus,099,539301,91380,87049,10514,97563,1372
2022-01-06,Sutter,101,95872,15866,15261,548,15809,195
2022-01-06,Tehama,103,63373,9476,9109,1734,10843,140
2022-01-06,Trinity,105,12862,943,836,238,1074,19
2022-01-06,Tulare,107,460477,77043,73600,18617,92217,1185
2022-01-06,Tuolumne,109,53932,8777,8360,145,8505,91
2022-01-06,Ventura,111,848112,131482,117229,7001,124230,1216
2022-01-06,Yolo,113,214977,26060,24006,1906,25912,270
2022-01-06,Yuba,115,75493,11869,11277,520,11797,101
2022-01-05,Alameda,001,1643700,164001,144824,5885,150709,1548
2022-01-05,Alpine,003,1148,117,112,0,112,0
2022-01-05,Amador,005,37829,6308,6012,107,6119,70
2022-01-05,Butte,007,227075,24492,23134,4418,27552,343
2022-01-05,Calaveras,009,45235,5021,4758,90,4848,90
2022-01-05,Colusa,011,21464,2749,2704,779,3483,21
2022-01-05,Contra Costa,013,1133247,130223,117188,4899,122087,1071
2022-01-05,Del Norte,015,27424,3987,3862,71,3933,43
2022-01-05,El Dorado,017,186661,19862,18367,2093,20460,171
2022-01-05,Fresno,019,978130,161117,153033,14044,167077,2377
2022-01-05,Glenn,021,27897,3817,3700,1104,4804,39
2022-01-05,Humboldt,023,135768,11933,10938,1099,12037,120
2022-01-05,Imperial,025,180216,40840,38789,5653,44442,800
2022-01-05,Inyo,027,18085,3172,2939,69,3008,49
2022-01-05,Kern,029,883053,146998,138186,29244,167430,1913
2022-01-05,Kings,031,150075,36374,34893,2284,37177,387
2022-01-05,Lake,033,64148,7472,7129,245,7374,117
2022-01-05,Lassen,035,31185,7211,7077,457,7534,55
2022-01-05,Los Angeles,037,10098052,1937357,1729640,84068,1813708,27443
2022-01-05,Madera,039,155013,26652,25392,2666,28058,327
2022-01-05,Marin,041,260295,24153,21829,1190,23019,251
2022-01-05,Mariposa,043,17540,1710,1564,67,1631,6
2022-01-05,Mendocino,045,87422,9262,8625,816,9441,101
2022-01-05,Merced,047,269075,47675,45721,2533,48254,700
2022-01-05,Modoc,049,8938,627,603,215,818,6
2022-01-05,Mono,051,14174,2427,2201,52,2253,4
2022-01-05,Monterey,053,433212,55981,51241,4741,55982,639
2022-01-05,Napa,055,140530,17542,15494,371,15865,108
2022-01-05,Nevada,057,99092,11396,10624,446,11070,110
2022-01-05,Orange,059,3164182,408538,366139,27711,393850,5869
2022-01-05,Placer,061,380077,45730,42456,4912,47368,492
2022-01-05,Plumas,063,18699,2105,2020,63,2083,12
2022-01-05,Riverside,065,2383286,450184,415253,20583,435836,5502
2022-01-05,Sacramento,067,1510023,197433,181488,8894,190382,2455
2022-01-05,San Benito,069,59416,9408,8829,243,9072,83
2022-01-05,San Bernardino,071,2135413,439281,405323,15617,420940,6085
2022-01-05,San Diego,073,3302833,526544,466602,30864,497466,4495
2022-01-05,San Francisco,075,870044,83154,71405,4188,75593,686
2022-01-05,San Joaquin,077,732212,119048,110497,6549,117046,1903
2022-01-05,San Luis Obispo,079,281455,36681,34066,1873,35939,369
2022-01-05,San Mateo,081,765935,79070,66018,2509,68527,578
2022-01-05,Santa Barbara,083,443738,58093,53082,2210,55292,570
2022-01-05,Santa Clara,085,1922200,201883,178629,4430,183059,1961
2022-01-05,Santa Cruz,087,273765,27245,24394,1341,25735,229
2022-01-05,Shasta,089,179085,24262,23361,4043,27404,441
2022-01-05,Sierra,091,2930,225,210,22,232,0
2022-01-05,Siskiyou,093,43540,3646,3513,1523,5036,60
2022-01-05,Solano,095,438530,56187,51505,2365,53870,380
2022-01-05,Sonoma,097,501317,54487,49120,1022,50142,412
2022-01-05,Stanislaus,099,539301,90414,86248,10364,96612,1360
2022-01-05,Sutter,101,95872,15663,15117,509,15626,193
2022-01-05,Tehama,103,63373,9381,9011,1703,10714,140
2022-01-05,Trinity,105,12862,940,822,236,1058,19
2022-01-05,Tulare,107,460477,76331,72718,18451,91169,1173
2022-01-05,Tuolumne,109,53932,8686,8223,138,8361,90
2022-01-05,Ventura,111,848112,128738,114752,6797,121549,1211
2022-01-05,Yolo,113,214977,25478,23401,1863,25264,269
2022-01-05,Yuba,115,75493,11689,11138,495,11633,100
2022-01-04,Alameda,001,1643700,158463,143360,5472,148832,1532
2022-01-04,Alpine,003,1148,117,113,0,113,0
2022-01-04,Amador,005,37829,6241,6025,102,6127,71
2022-01-04,Butte,007,227075,24207,23094,4351,27445,346
2022-01-04,Calaveras,009,45235,4955,4767,87,4854,93
2022-01-04,Colusa,011,21464,2734,2689,772,3461,21
2022-01-04,Contra Costa,013,1133247,127179,116005,4534,120539,1075
2022-01-04,Del Norte,015,27424,3957,3882,69,3951,43
2022-01-04,El Dorado,017,186661,19509,18339,2071,20410,172
2022-01-04,Fresno,019,978130,158974,153244,13850,167094,2380
2022-01-04,Glenn,021,27897,3786,3705,1090,4795,39
2022-01-04,Humboldt,023,135768,11674,10865,1050,11915,120
2022-01-04,Imperial,025,180216,40248,38596,5386,43982,800
2022-01-04,Inyo,027,18085,3091,2870,68,2938,49
2022-01-04,Kern,029,883053,145087,138245,28659,166904,1916
2022-01-04,Kings,031,150075,36093,34931,2268,37199,388
2022-01-04,Lake,033,64148,7432,7152,232,7384,117
2022-01-04,Lassen,035,31185,7189,7111,454,7565,55
2022-01-04,Los Angeles,037,10098052,1878003,1705253,81749,1787002,27419
2022-01-04,Madera,039,155013,26309,25425,2604,28029,328
2022-01-04,Marin,041,260295,23692,21675,1134,22809,251
2022-01-04,Mariposa,043,17540,1673,1564,66,1630,6
2022-01-04,Mendocino,045,87422,9139,8636,793,9429,101
2022-01-04,Merced,047,269075,47067,45583,2405,47988,700
2022-01-04,Modoc,049,8938,624,611,215,826,6
2022-01-04,Mono,051,14174,2379,2190,42,2232,4
2022-01-04,Monterey,053,433212,55260,51176,4527,55703,643
2022-01-04,Napa,055,140530,17039,15370,341,15711,107
2022-01-04,Nevada,057,99092,11249,10608,434,11042,110
2022-01-04,Orange,059,3164182,398031,362051,26572,388623,5897
2022-01-04,Placer,061,380077,44917,42285,4800,47085,494
2022-01-04,Plumas,063,18699,2092,2014,61,2075,12
2022-01-04,Riverside,065,2383286,441772,413366,20223,433589,5504
2022-01-04,Sacramento,067,1510023,192878,181271,8167,189438,2453
2022-01-04,San Benito,069,59416,9220,8763,235,8998,79
2022-01-04,San Bernardino,071,2135413,430931,404409,15092,419501,6060
2022-01-04,San Diego,073,3302833,510210,458499,29989,488488,4487
2022-01-04,San Francisco,075,870044,80310,70666,4046,74712,688
2022-01-04,San Joaquin,077,732212,116647,110374,6417,116791,1911
2022-01-04,San Luis Obispo,079,281455,35869,33788,1787,35575,371
2022-01-04,San Mateo,081,765935,76827,65157,2321,67478,582
2022-01-04,Santa Barbara,083,443738,56603,52449,2133,54582,574
2022-01-04,Santa Clara,085,1922200,195883,176854,3964,180818,1964
2022-01-04,Santa Cruz,087,273765,26502,23904,1314,25218,228
2022-01-04,Shasta,089,179085,24119,23366,3989,27355,442
2022-01-04,Sierra,091,2930,225,214,22,236,0
2022-01-04,Siskiyou,093,43540,3630,3509,1504,5013,61
2022-01-04,Solano,095,438530,54896,51300,2171,53471,383
2022-01-04,Sonoma,097,501317,52789,48653,962,49615,410
2022-01-04,Stanislaus,099,539301,89371,86107,10211,96318,1361
2022-01-04,Sutter,101,95872,15510,15032,484,15516,193
2022-01-04,Tehama,103,63373,9305,9020,1681,10701,140
2022-01-04,Trinity,105,12862,933,833,232,1065,18
2022-01-04,Tulare,107,460477,75586,72893,18264,91157,1172
2022-01-04,Tuolumne,109,53932,8582,8235,133,8368,91
2022-01-04,Ventura,111,848112,125667,114079,6566,120645,1213
2022-01-04,Yolo,113,214977,24864,22938,1823,24761,270
2022-01-04,Yuba,115,75493,11511,11104,482,11586,101
2022-01-03,Alameda,001,1643700,152468,142090,5036,147126,1529
2022-01-03,Alpine,003,1148,116,113,0,113,0
2022-01-03,Amador,005,37829,6182,6004,97,6101,71
2022-01-03,Butte,007,227075,23915,22924,4303,27227,345
2022-01-03,Calaveras,009,45235,4901,4742,82,4824,93
2022-01-03,Colusa,011,21464,2725,2683,765,3448,21
2022-01-03,Contra Costa,013,1133247,123974,114966,3940,118906,1073
2022-01-03,Del Norte,015,27424,3938,3873,66,3939,43
2022-01-03,El Dorado,017,186661,19116,18183,2044,20227,172
2022-01-03,Fresno,019,978130,157004,152674,13667,166341,2379
2022-01-03,Glenn,021,27897,3759,3703,1050,4753,39
2022-01-03,Humboldt,023,135768,11467,10784,1001,11785,119
2022-01-03,Imperial,025,180216,39642,38411,5203,43614,800
2022-01-03,Inyo,027,18085,3022,2845,64,2909,49
2022-01-03,Kern,029,883053,143121,137773,28072,165845,1916
2022-01-03,Kings,031,150075,35798,34817,2229,37046,387
2022-01-03,Lake,033,64148,7332,7134,217,7351,117
2022-01-03,Lassen,035,31185,7172,7103,452,7555,55
2022-01-03,Los Angeles,037,10098052,1817943,1686203,79011,1765214,27394
2022-01-03,Madera,039,155013,26020,25323,2564,27887,320
2022-01-03,Marin,041,260295,23115,21532,1095,22627,251
2022-01-03,Mariposa,043,17540,1631,1559,66,1625,6
2022-01-03,Mendocino,045,87422,8994,8573,743,9316,101
2022-01-03,Merced,047,269075,46481,45459,2302,47761,696
2022-01-03,Modoc,049,8938,621,602,215,817,6
2022-01-03,Mono,051,14174,2294,2172,35,2207,4
2022-01-03,Monterey,053,433212,54454,51047,4331,55378,644
2022-01-03,Napa,055,140530,16532,15260,307,15567,107
2022-01-03,Nevada,057,99092,11093,10572,424,10996,110
2022-01-03,Orange,059,3164182,387015,358052,25405,383457,5894
2022-01-03,Placer,061,380077,44124,42054,4737,46791,489
2022-01-03,Plumas,063,18699,2075,2005,61,2066,12
2022-01-03,Riverside,065,2383286,433351,410155,19723,429878,5504
2022-01-03,Sacramento,067,1510023,188095,179992,7618,187610,2452
2022-01-03,San Benito,069,59416,9055,8688,228,8916,79
2022-01-03,San Bernardino,071,2135413,422728,401938,14645,416583,6056
2022-01-03,San Diego,073,3302833,494220,451154,29191,480345,4476
2022-01-03,San Francisco,075,870044,77533,69315,3790,73105,686
2022-01-03,San Joaquin,077,732212,114334,109757,6337,116094,1903
2022-01-03,San Luis Obispo,079,281455,35056,33667,1695,35362,367
2022-01-03,San Mateo,081,765935,74209,64470,2163,66633,582
2022-01-03,Santa Barbara,083,443738,55166,51912,2039,53951,571
2022-01-03,Santa Clara,085,1922200,189932,174215,3489,177704,1963
2022-01-03,Santa Cruz,087,273765,25704,23765,1283,25048,228
2022-01-03,Shasta,089,179085,23937,23301,3960,27261,440
2022-01-03,Sierra,091,2930,219,213,21,234,0
2022-01-03,Siskiyou,093,43540,3604,3500,1482,4982,61
2022-01-03,Solano,095,438530,53607,51030,1980,53010,380
2022-01-03,Sonoma,097,501317,51098,48391,860,49251,410
2022-01-03,Stanislaus,099,539301,88400,85793,10050,95843,1332
2022-01-03,Sutter,101,95872,15357,14973,465,15438,193
2022-01-03,Tehama,103,63373,9234,9005,1654,10659,140
2022-01-03,Trinity,105,12862,928,833,231,1064,18
2022-01-03,Tulare,107,460477,74919,72664,18069,90733,1167
2022-01-03,Tuolumne,109,53932,8452,8179,129,8308,91
2022-01-03,Ventura,111,848112,122512,112762,6338,119100,1211
2022-01-03,Yolo,113,214977,24208,22563,1758,24321,270
2022-01-03,Yuba,115,75493,11378,11037,463,11500,99
2022-01-02,Alameda,001,1643700,148084,133486,4548,138034,1528
2022-01-02,Alpine,003,1148,114,113,0,113,0
2022-01-02,Amador,005,37829,6116,5913,92,6005,70
2022-01-02,Butte,007,227075,23586,22469,4248,26717,341
2022-01-02,Calaveras,009,45235,4841,4668,74,4742,93
2022-01-02,Colusa,011,21464,2720,2659,755,3414,21
2022-01-02,Contra Costa,013,1133247,120413,109593,3499,113092,1073
2022-01-02,Del Norte,015,27424,3909,3841,64,3905,43
2022-01-02,El Dorado,017,186661,18788,17621,1989,19610,172
2022-01-02,Fresno,019,978130,155310,149927,13468,163395,2379
2022-01-02,Glenn,021,27897,3733,3663,1041,4704,39
2022-01-02,Humboldt,023,135768,11232,10381,925,11306,119
2022-01-02,Imperial,025,180216,38995,37672,4986,42658,800
2022-01-02,Inyo,027,18085,2954,2726,53,2779,49
2022-01-02,Kern,029,883053,141218,136123,27476,163599,1917
2022-01-02,Kings,031,150075,35494,34318,2186,36504,386
2022-01-02,Lake,033,64148,7261,7060,201,7261,117
2022-01-02,Lassen,035,31185,7156,7089,450,7539,55
2022-01-02,Los Angeles,037,10098052,1767732,1596123,76194,1672317,27371
2022-01-02,Madera,039,155013,25768,25002,2509,27511,320
2022-01-02,Marin,041,260295,22577,20475,1026,21501,249
2022-01-02,Mariposa,043,17540,1601,1509,64,1573,6
2022-01-02,Mendocino,045,87422,8876,8422,725,9147,101
2022-01-02,Merced,047,269075,45957,44769,2205,46974,694
2022-01-02,Modoc,049,8938,619,601,214,815,6
2022-01-02,Mono,051,14174,2263,2101,31,2132,4
2022-01-02,Monterey,053,433212,53850,50251,4126,54377,643
2022-01-02,Napa,055,140530,15991,14439,296,14735,107
2022-01-02,Nevada,057,99092,10908,10299,409,10708,110
2022-01-02,Orange,059,3164182,376213,339526,24269,363795,5890
2022-01-02,Placer,061,380077,43435,40857,4652,45509,489
2022-01-02,Plumas,063,18699,2060,1994,57,2051,12
2022-01-02,Riverside,065,2383286,425086,397124,19201,416325,5501
2022-01-02,Sacramento,067,1510023,184345,173562,6801,180363,2448
2022-01-02,San Benito,069,59416,8872,8320,213,8533,79
2022-01-02,San Bernardino,071,2135413,415291,386278,14107,400385,6051
2022-01-02,San Diego,073,3302833,479352,427087,28184,455271,4469
2022-01-02,San Francisco,075,870044,74662,64498,3546,68044,682
2022-01-02,San Joaquin,077,732212,112473,106640,6233,112873,1902
2022-01-02,San Luis Obispo,079,281455,34322,32342,1611,33953,365
2022-01-02,San Mateo,081,765935,71734,60504,1922,62426,581
2022-01-02,Santa Barbara,083,443738,53757,49555,1976,51531,568
2022-01-02,Santa Clara,085,1922200,183794,164547,3093,167640,1969
2022-01-02,Santa Cruz,087,273765,25042,22980,1261,24241,228
2022-01-02,Shasta,089,179085,23748,23161,3910,27071,435
2022-01-02,Sierra,091,2930,218,206,21,227,0
2022-01-02,Siskiyou,093,43540,3579,3474,1460,4934,61
2022-01-02,Solano,095,438530,52687,48957,1813,50770,379
2022-01-02,Sonoma,097,501317,49772,46040,825,46865,410
2022-01-02,Stanislaus,099,539301,87564,84367,9937,94304,1332
2022-01-02,Sutter,101,95872,15186,14741,447,15188,193
2022-01-02,Tehama,103,63373,9170,8944,1633,10577,139
2022-01-02,Trinity,105,12862,926,832,230,1062,17
2022-01-02,Tulare,107,460477,74301,71941,17893,89834,1160
2022-01-02,Tuolumne,109,53932,8355,8044,124,8168,91
2022-01-02,Ventura,111,848112,119614,107992,6124,114116,1211
2022-01-02,Yolo,113,214977,23563,21747,1692,23439,270
2022-01-02,Yuba,115,75493,11258,10844,446,11290,99
2022-01-01,Alameda,001,1643700,146314,133486,4290,137776,1528
2022-01-01,Alpine,003,1148,114,113,0,113,0
2022-01-01,Amador,005,37829,6081,5913,88,6001,70
2022-01-01,Butte,007,227075,23407,22469,4223,26692,341
2022-01-01,Calaveras,009,45235,4813,4668,72,4740,93
2022-01-01,Colusa,011,21464,2718,2659,745,3404,21
2022-01-01,Contra Costa,013,1133247,119056,109593,3375,112968,1073
2022-01-01,Del Norte,015,27424,3903,3841,64,3905,43
2022-01-01,El Dorado,017,186661,18643,17621,1975,19596,172
2022-01-01,Fresno,019,978130,154665,149927,13405,163332,2379
2022-01-01,Glenn,021,27897,3728,3663,1041,4704,39
2022-01-01,Humboldt,023,135768,11103,10381,906,11287,119
2022-01-01,Imperial,025,180216,38850,37672,4944,42616,800
2022-01-01,Inyo,027,18085,2925,2726,51,2777,49
2022-01-01,Kern,029,883053,140535,136123,27172,163295,1917
2022-01-01,Kings,031,150075,35363,34318,2169,36487,386
2022-01-01,Lake,033,64148,7224,7060,197,7257,117
2022-01-01,Lassen,035,31185,7150,7089,445,7534,55
2022-01-01,Los Angeles,037,10098052,1747956,1596123,74241,1670364,27371
2022-01-01,Madera,039,155013,25687,25002,2495,27497,320
2022-01-01,Marin,041,260295,22278,20475,985,21460,249
2022-01-01,Mariposa,043,17540,1589,1509,64,1573,6
2022-01-01,Mendocino,045,87422,8784,8422,719,9141,101
2022-01-01,Merced,047,269075,45826,44769,2196,46965,694
2022-01-01,Modoc,049,8938,616,601,214,815,6
2022-01-01,Mono,051,14174,2242,2101,27,2128,4
2022-01-01,Monterey,053,433212,53558,50251,4046,54297,643
2022-01-01,Napa,055,140530,15841,14439,281,14720,107
2022-01-01,Nevada,057,99092,10840,10299,402,10701,110
2022-01-01,Orange,059,3164182,372039,339526,23547,363073,5890
2022-01-01,Placer,061,380077,43148,40857,4589,45446,489
2022-01-01,Plumas,063,18699,2049,1994,57,2051,12
2022-01-01,Riverside,065,2383286,421620,397124,19000,416124,5501
2022-01-01,Sacramento,067,1510023,183198,173562,6549,180111,2448
2022-01-01,San Benito,069,59416,8778,8320,213,8533,79
2022-01-01,San Bernardino,071,2135413,412252,386278,13835,400113,6051
2022-01-01,San Diego,073,3302833,473502,427087,27708,454795,4469
2022-01-01,San Francisco,075,870044,73272,64498,3331,67829,682
2022-01-01,San Joaquin,077,732212,111779,106640,6183,112823,1902
2022-01-01,San Luis Obispo,079,281455,34123,32342,1602,33944,365
2022-01-01,San Mateo,081,765935,70293,60504,1770,62274,581
2022-01-01,Santa Barbara,083,443738,53037,49555,1942,51497,568
2022-01-01,Santa Clara,085,1922200,180745,164547,2896,167443,1969
2022-01-01,Santa Cruz,087,273765,24727,22980,1250,24230,228
2022-01-01,Shasta,089,179085,23666,23161,3892,27053,435
2022-01-01,Sierra,091,2930,217,206,21,227,0
2022-01-01,Siskiyou,093,43540,3577,3474,1454,4928,61
2022-01-01,Solano,095,438530,52429,48957,1756,50713,379
2022-01-01,Sonoma,097,501317,49383,46040,795,46835,410
2022-01-01,Stanislaus,099,539301,87166,84367,9875,94242,1332
2022-01-01,Sutter,101,95872,15110,14741,445,15186,193
2022-01-01,Tehama,103,63373,9139,8944,1622,10566,139
2022-01-01,Trinity,105,12862,923,832,230,1062,17
2022-01-01,Tulare,107,460477,74063,71941,17795,89736,1160
2022-01-01,Tuolumne,109,53932,8298,8044,121,8165,91
2022-01-01,Ventura,111,848112,118230,107992,5995,113987,1211
2022-01-01,Yolo,113,214977,23151,21747,1655,23402,270
2022-01-01,Yuba,115,75493,11193,10844,440,11284,99
2021-12-31,Alameda,001,1643700,145601,133486,4195,137681,1528
2021-12-31,Alpine,003,1148,114,113,0,113,0
2021-12-31,Amador,005,37829,6058,5913,87,6000,70
2021-12-31,Butte,007,227075,23317,22469,4196,26665,341
2021-12-31,Calaveras,009,45235,4787,4668,72,4740,93
2021-12-31,Colusa,011,21464,2713,2659,739,3398,21
2021-12-31,Contra Costa,013,1133247,118175,109593,3306,112899,1073
2021-12-31,Del Norte,015,27424,3894,3841,62,3903,43
2021-12-31,El Dorado,017,186661,18571,17621,1957,19578,172
2021-12-31,Fresno,019,978130,154368,149927,13389,163316,2379
2021-12-31,Glenn,021,27897,3727,3663,1041,4704,39
2021-12-31,Humboldt,023,135768,11016,10381,888,11269,119
2021-12-31,Imperial,025,180216,38730,37672,4933,42605,800
2021-12-31,Inyo,027,18085,2899,2726,51,2777,49
2021-12-31,Kern,029,883053,140034,136123,27039,163162,1917
2021-12-31,Kings,031,150075,35265,34318,2163,36481,386
2021-12-31,Lake,033,64148,7201,7060,194,7254,117
2021-12-31,Lassen,035,31185,7139,7089,445,7534,55
2021-12-31,Los Angeles,037,10098052,1737317,1596123,73496,1669619,27371
2021-12-31,Madera,039,155013,25622,25002,2479,27481,320
2021-12-31,Marin,041,260295,22128,20475,955,21430,249
2021-12-31,Mariposa,043,17540,1583,1509,63,1572,6
2021-12-31,Mendocino,045,87422,8753,8422,716,9138,101
2021-12-31,Merced,047,269075,45747,44769,2179,46948,694
2021-12-31,Modoc,049,8938,612,601,212,813,6
2021-12-31,Mono,051,14174,2230,2101,27,2128,4
2021-12-31,Monterey,053,433212,53437,50251,3982,54233,643
2021-12-31,Napa,055,140530,15729,14439,271,14710,107
2021-12-31,Nevada,057,99092,10775,10299,396,10695,110
2021-12-31,Orange,059,3164182,369577,339526,23132,362658,5890
2021-12-31,Placer,061,380077,42929,40857,4526,45383,489
2021-12-31,Plumas,063,18699,2045,1994,57,2051,12
2021-12-31,Riverside,065,2383286,419975,397124,18841,415965,5501
2021-12-31,Sacramento,067,1510023,182438,173562,6450,180012,2448
2021-12-31,San Benito,069,59416,8764,8320,212,8532,79
2021-12-31,San Bernardino,071,2135413,410117,386278,13648,399926,6051
2021-12-31,San Diego,073,3302833,470358,427087,27420,454507,4469
2021-12-31,San Francisco,075,870044,72370,64498,3274,67772,682
2021-12-31,San Joaquin,077,732212,111172,106640,6140,112780,1902
2021-12-31,San Luis Obispo,079,281455,34015,32342,1589,33931,365
2021-12-31,San Mateo,081,765935,69424,60504,1716,62220,581
2021-12-31,Santa Barbara,083,443738,52665,49555,1928,51483,568
2021-12-31,Santa Clara,085,1922200,178803,164547,2756,167303,1969
2021-12-31,Santa Cruz,087,273765,24502,22980,1234,24214,228
2021-12-31,Shasta,089,179085,23602,23161,3871,27032,435
2021-12-31,Sierra,091,2930,217,206,21,227,0
2021-12-31,Siskiyou,093,43540,3570,3474,1443,4917,61
2021-12-31,Solano,095,438530,52278,48957,1730,50687,379
2021-12-31,Sonoma,097,501317,49136,46040,783,46823,410
2021-12-31,Stanislaus,099,539301,86849,84367,9832,94199,1332
2021-12-31,Sutter,101,95872,15050,14741,439,15180,193
2021-12-31,Tehama,103,63373,9108,8944,1614,10558,139
2021-12-31,Trinity,105,12862,922,832,230,1062,17
2021-12-31,Tulare,107,460477,73867,71941,17713,89654,1160
2021-12-31,Tuolumne,109,53932,8255,8044,120,8164,91
2021-12-31,Ventura,111,848112,117262,107992,5913,113905,1211
2021-12-31,Yolo,113,214977,22932,21747,1633,23380,270
2021-12-31,Yuba,115,75493,11137,10844,434,11278,99
2021-12-30,Alameda,001,1643700,144338,133486,4064,137550,1528
2021-12-30,Alpine,003,1148,113,113,0,113,0
2021-12-30,Amador,005,37829,6039,5913,86,5999,70
2021-12-30,Butte,007,227075,23197,22469,4175,26644,341
2021-12-30,Calaveras,009,45235,4769,4668,72,4740,93
2021-12-30,Colusa,011,21464,2712,2659,737,3396,21
2021-12-30,Contra Costa,013,1133247,117095,109593,3199,112792,1073
2021-12-30,Del Norte,015,27424,3884,3841,61,3902,43
2021-12-30,El Dorado,017,186661,18469,17621,1937,19558,172
2021-12-30,Fresno,019,978130,153880,149927,13326,163253,2379
2021-12-30,Glenn,021,27897,3722,3663,1040,4703,39
2021-12-30,Humboldt,023,135768,10948,10381,876,11257,119
2021-12-30,Imperial,025,180216,38568,37672,4811,42483,800
2021-12-30,Inyo,027,18085,2881,2726,49,2775,49
2021-12-30,Kern,029,883053,139514,136123,26742,162865,1917
2021-12-30,Kings,031,150075,35147,34318,2152,36470,386
2021-12-30,Lake,033,64148,7188,7060,189,7249,117
2021-12-30,Lassen,035,31185,7133,7089,445,7534,55
2021-12-30,Los Angeles,037,10098052,1714315,1596123,72258,1668381,27371
2021-12-30,Madera,039,155013,25540,25002,2459,27461,320
2021-12-30,Marin,041,260295,21954,20475,931,21406,249
2021-12-30,Mariposa,043,17540,1577,1509,63,1572,6
2021-12-30,Mendocino,045,87422,8737,8422,705,9127,101
2021-12-30,Merced,047,269075,45650,44769,2165,46934,694
2021-12-30,Modoc,049,8938,611,601,212,813,6
2021-12-30,Mono,051,14174,2227,2101,26,2127,4
2021-12-30,Monterey,053,433212,53135,50251,3924,54175,643
2021-12-30,Napa,055,140530,15586,14439,261,14700,107
2021-12-30,Nevada,057,99092,10713,10299,388,10687,110
2021-12-30,Orange,059,3164182,364543,339526,22583,362109,5890
2021-12-30,Placer,061,380077,42660,40857,4480,45337,489
2021-12-30,Plumas,063,18699,2042,1994,56,2050,12
2021-12-30,Riverside,065,2383286,416717,397124,18694,415818,5501
2021-12-30,Sacramento,067,1510023,181244,173562,6309,179871,2448
2021-12-30,San Benito,069,59416,8718,8320,208,8528,79
2021-12-30,San Bernardino,071,2135413,407725,386278,13499,399777,6051
2021-12-30,San Diego,073,3302833,465300,427087,26958,454045,4469
2021-12-30,San Francisco,075,870044,71262,64498,3201,67699,682
2021-12-30,San Joaquin,077,732212,110595,106640,6109,112749,1902
2021-12-30,San Luis Obispo,079,281455,33895,32342,1574,33916,365
2021-12-30,San Mateo,081,765935,68403,60504,1583,62087,581
2021-12-30,Santa Barbara,083,443738,52193,49555,1908,51463,568
2021-12-30,Santa Clara,085,1922200,176508,164547,2632,167179,1969
2021-12-30,Santa Cruz,087,273765,24262,22980,1206,24186,228
2021-12-30,Shasta,089,179085,23552,23161,3865,27026,435
2021-12-30,Sierra,091,2930,217,206,21,227,0
2021-12-30,Siskiyou,093,43540,3560,3474,1441,4915,61
2021-12-30,Solano,095,438530,51928,48957,1683,50640,379
2021-12-30,Sonoma,097,501317,48807,46040,774,46814,410
2021-12-30,Stanislaus,099,539301,86535,84367,9785,94152,1332
2021-12-30,Sutter,101,95872,14991,14741,438,15179,193
2021-12-30,Tehama,103,63373,9081,8944,1608,10552,139
2021-12-30,Trinity,105,12862,919,832,230,1062,17
2021-12-30,Tulare,107,460477,73690,71941,17639,89580,1160
2021-12-30,Tuolumne,109,53932,8217,8044,119,8163,91
2021-12-30,Ventura,111,848112,116006,107992,5810,113802,1211
2021-12-30,Yolo,113,214977,22798,21747,1606,23353,270
2021-12-30,Yuba,115,75493,11090,10844,432,11276,99
2021-12-29,Alameda,001,1643700,141139,131586,3911,135497,1529
2021-12-29,Alpine,003,1148,113,113,0,113,0
2021-12-29,Amador,005,37829,6016,5905,83,5988,70
2021-12-29,Butte,007,227075,23054,22353,4139,26492,338
2021-12-29,Calaveras,009,45235,4741,4646,70,4716,93
2021-12-29,Colusa,011,21464,2702,2657,732,3389,21
2021-12-29,Contra Costa,013,1133247,115003,108165,3070,111235,1072
2021-12-29,Del Norte,015,27424,3870,3826,59,3885,43
2021-12-29,El Dorado,017,186661,18242,17489,1919,19408,172
2021-12-29,Fresno,019,978130,152851,149318,13242,162560,2364
2021-12-29,Glenn,021,27897,3712,3653,1038,4691,39
2021-12-29,Humboldt,023,135768,10842,10249,855,11104,119
2021-12-29,Imperial,025,180216,38352,37460,4741,42201,800
2021-12-29,Inyo,027,18085,2849,2703,49,2752,49
2021-12-29,Kern,029,883053,138723,135648,26355,162003,1913
2021-12-29,Kings,031,150075,35031,34216,2147,36363,386
2021-12-29,Lake,033,64148,7157,7048,187,7235,117
2021-12-29,Lassen,035,31185,7130,7085,444,7529,55
2021-12-29,Los Angeles,037,10098052,1684776,1576414,70560,1646974,27349
2021-12-29,Madera,039,155013,25436,24923,2449,27372,320
2021-12-29,Marin,041,260295,21603,20025,911,20936,249
2021-12-29,Mariposa,043,17540,1555,1507,63,1570,6
2021-12-29,Mendocino,045,87422,8678,8386,701,9087,99
2021-12-29,Merced,047,269075,45435,44548,2151,46699,693
2021-12-29,Modoc,049,8938,608,600,212,812,6
2021-12-29,Mono,051,14174,2202,2056,25,2081,4
2021-12-29,Monterey,053,433212,52725,50097,3822,53919,641
2021-12-29,Napa,055,140530,15262,14247,242,14489,107
2021-12-29,Nevada,057,99092,10620,10274,387,10661,110
2021-12-29,Orange,059,3164182,357112,334557,21908,356465,5887
2021-12-29,Placer,061,380077,42178,40545,4405,44950,489
2021-12-29,Plumas,063,18699,2030,1990,56,2046,12
2021-12-29,Riverside,065,2383286,411319,392989,18509,411498,5486
2021-12-29,Sacramento,067,1510023,178983,172145,6155,178300,2437
2021-12-29,San Benito,069,59416,8573,8239,207,8446,79
2021-12-29,San Bernardino,071,2135413,402622,382872,13298,396170,6049
2021-12-29,San Diego,073,3302833,454523,421045,26303,447348,4461
2021-12-29,San Francisco,075,870044,69558,63117,3133,66250,684
2021-12-29,San Joaquin,077,732212,109427,106063,6058,112121,1891
2021-12-29,San Luis Obispo,079,281455,33502,31936,1525,33461,365
2021-12-29,San Mateo,081,765935,66813,59478,1474,60952,581
2021-12-29,Santa Barbara,083,443738,51367,49003,1883,50886,568
2021-12-29,Santa Clara,085,1922200,173373,162008,2497,164505,1962
2021-12-29,Santa Cruz,087,273765,23981,22669,1183,23852,228
2021-12-29,Shasta,089,179085,23477,23083,3853,26936,435
2021-12-29,Sierra,091,2930,217,206,21,227,0
2021-12-29,Siskiyou,093,43540,3548,3472,1430,4902,61
2021-12-29,Solano,095,438530,51221,48562,1627,50189,379
2021-12-29,Sonoma,097,501317,48005,45479,751,46230,410
2021-12-29,Stanislaus,099,539301,86044,84083,9732,93815,1332
2021-12-29,Sutter,101,95872,14926,14688,437,15125,193
2021-12-29,Tehama,103,63373,9057,8914,1596,10510,138
2021-12-29,Trinity,105,12862,918,832,230,1062,17
2021-12-29,Tulare,107,460477,73409,71752,17521,89273,1160
2021-12-29,Tuolumne,109,53932,8164,8012,118,8130,91
2021-12-29,Ventura,111,848112,114068,106974,5629,112603,1207
2021-12-29,Yolo,113,214977,22566,21564,1575,23139,270
2021-12-29,Yuba,115,75493,11029,10808,428,11236,99
2021-12-28,Alameda,001,1643700,138029,130427,3748,134175,1522
2021-12-28,Alpine,003,1148,113,113,0,113,0
2021-12-28,Amador,005,37829,5997,5900,82,5982,70
2021-12-28,Butte,007,227075,22913,22285,4122,26407,338
2021-12-28,Calaveras,009,45235,4724,4641,69,4710,91
2021-12-28,Colusa,011,21464,2696,2653,730,3383,21
2021-12-28,Contra Costa,013,1133247,112738,107160,2953,110113,1072
2021-12-28,Del Norte,015,27424,3864,3815,59,3874,43
2021-12-28,El Dorado,017,186661,18018,17419,1908,19327,172
2021-12-28,Fresno,019,978130,151884,148987,13167,162154,2365
2021-12-28,Glenn,021,27897,3690,3639,1037,4676,39
2021-12-28,Humboldt,023,135768,10722,10198,830,11028,119
2021-12-28,Imperial,025,180216,38081,37223,4634,41857,800
2021-12-28,Inyo,027,18085,2791,2676,48,2724,48
2021-12-28,Kern,029,883053,138025,135346,25999,161345,1909
2021-12-28,Kings,031,150075,34891,34165,2133,36298,386
2021-12-28,Lake,033,64148,7141,7044,183,7227,116
2021-12-28,Lassen,035,31185,7122,7083,444,7527,55
2021-12-28,Los Angeles,037,10098052,1652714,1561791,69048,1630839,27323
2021-12-28,Madera,039,155013,25310,24865,2432,27297,320
2021-12-28,Marin,041,260295,21192,19739,881,20620,249
2021-12-28,Mariposa,043,17540,1544,1499,62,1561,6
2021-12-28,Mendocino,045,87422,8617,8366,693,9059,98
2021-12-28,Merced,047,269075,45197,44434,2143,46577,691
2021-12-28,Modoc,049,8938,608,599,211,810,6
2021-12-28,Mono,051,14174,2177,2045,23,2068,4
2021-12-28,Monterey,053,433212,52360,49973,3747,53720,639
2021-12-28,Napa,055,140530,14945,14131,215,14346,107
2021-12-28,Nevada,057,99092,10530,10250,384,10634,110
2021-12-28,Orange,059,3164182,349547,331279,21162,352441,5882
2021-12-28,Placer,061,380077,41712,40410,4335,44745,489
2021-12-28,Plumas,063,18699,2027,1989,56,2045,12
2021-12-28,Riverside,065,2383286,406109,390343,18263,408606,5470
2021-12-28,Sacramento,067,1510023,176828,171290,6027,177317,2426
2021-12-28,San Benito,069,59416,8432,8170,205,8375,79
2021-12-28,San Bernardino,071,2135413,397220,381316,13089,394405,6047
2021-12-28,San Diego,073,3302833,443816,417383,25808,443191,4450
2021-12-28,San Francisco,075,870044,67941,61745,3073,64818,682
2021-12-28,San Joaquin,077,732212,108379,105572,6013,111585,1884
2021-12-28,San Luis Obispo,079,281455,33043,31759,1509,33268,365
2021-12-28,San Mateo,081,765935,65336,58712,1387,60099,582
2021-12-28,Santa Barbara,083,443738,50736,48493,1864,50357,568
2021-12-28,Santa Clara,085,1922200,170227,160811,2401,163212,1962
2021-12-28,Santa Cruz,087,273765,23599,22513,1152,23665,228
2021-12-28,Shasta,089,179085,23405,23035,3848,26883,434
2021-12-28,Sierra,091,2930,214,206,21,227,0
2021-12-28,Siskiyou,093,43540,3539,3468,1424,4892,60
2021-12-28,Solano,095,438530,50282,48318,1572,49890,378
2021-12-28,Sonoma,097,501317,47149,45086,725,45811,410
2021-12-28,Stanislaus,099,539301,85558,83946,9682,93628,1331
2021-12-28,Sutter,101,95872,14876,14662,435,15097,193
2021-12-28,Tehama,103,63373,9040,8893,1594,10487,138
2021-12-28,Trinity,105,12862,916,831,229,1060,17
2021-12-28,Tulare,107,460477,73148,71630,17395,89025,1156
2021-12-28,Tuolumne,109,53932,8121,8006,118,8124,91
2021-12-28,Ventura,111,848112,111960,105883,5497,111380,1207
2021-12-28,Yolo,113,214977,22247,21320,1526,22846,270
2021-12-28,Yuba,115,75493,10974,10778,425,11203,99
2021-12-27,Alameda,001,1643700,135468,129910,3602,133512,1530
2021-12-27,Alpine,003,1148,113,113,0,113,0
2021-12-27,Amador,005,37829,5969,5891,82,5973,70
2021-12-27,Butte,007,227075,22783,22234,4100,26334,335
2021-12-27,Calaveras,009,45235,4702,4630,68,4698,91
2021-12-27,Colusa,011,21464,2686,2652,724,3376,21
2021-12-27,Contra Costa,013,1133247,110601,106692,2871,109563,1071
2021-12-27,Del Norte,015,27424,3855,3802,58,3860,43
2021-12-27,El Dorado,017,186661,17860,17361,1896,19257,172
2021-12-27,Fresno,019,978130,151023,148826,13101,161927,2364
2021-12-27,Glenn,021,27897,3681,3634,1030,4664,39
2021-12-27,Humboldt,023,135768,10606,10164,808,10972,119
2021-12-27,Imperial,025,180216,37866,37180,4531,41711,800
2021-12-27,Inyo,027,18085,2762,2662,46,2708,48
2021-12-27,Kern,029,883053,137378,135119,25696,160815,1907
2021-12-27,Kings,031,150075,34740,34126,2121,36247,382
2021-12-27,Lake,033,64148,7118,7037,174,7211,116
2021-12-27,Lassen,035,31185,7116,7080,444,7524,55
2021-12-27,Los Angeles,037,10098052,1616883,1554074,67336,1621410,27300
2021-12-27,Madera,039,155013,25194,24840,2414,27254,320
2021-12-27,Marin,041,260295,20804,19601,854,20455,249
2021-12-27,Mariposa,043,17540,1529,1495,62,1557,6
2021-12-27,Mendocino,045,87422,8550,8351,689,9040,98
2021-12-27,Merced,047,269075,44971,44383,2126,46509,690
2021-12-27,Modoc,049,8938,606,599,211,810,6
2021-12-27,Mono,051,14174,2108,2026,23,2049,4
2021-12-27,Monterey,053,433212,52065,49918,3696,53614,639
2021-12-27,Napa,055,140530,14677,14083,206,14289,107
2021-12-27,Nevada,057,99092,10461,10239,376,10615,110
2021-12-27,Orange,059,3164182,342170,329222,20354,349576,5875
2021-12-27,Placer,061,380077,41328,40263,4287,44550,489
2021-12-27,Plumas,063,18699,2025,1988,54,2042,12
2021-12-27,Riverside,065,2383286,401541,389096,18000,407096,5470
2021-12-27,Sacramento,067,1510023,174858,170858,5855,176713,2422
2021-12-27,San Benito,069,59416,8312,8133,201,8334,79
2021-12-27,San Bernardino,071,2135413,391628,380526,12902,393428,6047
2021-12-27,San Diego,073,3302833,433957,414968,25346,440314,4445
2021-12-27,San Francisco,075,870044,66184,60920,3007,63927,682
2021-12-27,San Joaquin,077,732212,107469,105413,5966,111379,1876
2021-12-27,San Luis Obispo,079,281455,32599,31671,1487,33158,365
2021-12-27,San Mateo,081,765935,63822,58397,1288,59685,581
2021-12-27,Santa Barbara,083,443738,49964,48209,1843,50052,568
2021-12-27,Santa Clara,085,1922200,167247,159904,2278,162182,1961
2021-12-27,Santa Cruz,087,273765,23311,22456,1135,23591,228
2021-12-27,Shasta,089,179085,23342,23015,3837,26852,432
2021-12-27,Sierra,091,2930,214,206,21,227,0
2021-12-27,Siskiyou,093,43540,3530,3466,1419,4885,60
2021-12-27,Solano,095,438530,49551,48172,1524,49696,378
2021-12-27,Sonoma,097,501317,46578,44990,706,45696,410
2021-12-27,Stanislaus,099,539301,85106,83833,9647,93480,1331
2021-12-27,Sutter,101,95872,14821,14642,430,15072,191
2021-12-27,Tehama,103,63373,9025,8887,1587,10474,136
2021-12-27,Trinity,105,12862,916,827,229,1056,17
2021-12-27,Tulare,107,460477,72900,71562,17298,88860,1146
2021-12-27,Tuolumne,109,53932,8084,7978,117,8095,91
2021-12-27,Ventura,111,848112,109873,105212,5363,110575,1206
2021-12-27,Yolo,113,214977,21966,21300,1492,22792,270
2021-12-27,Yuba,115,75493,10914,10759,424,11183,98
2021-12-26,Alameda,001,1643700,133455,127221,3529,130750,1525
2021-12-26,Alpine,003,1148,113,113,0,113,0
2021-12-26,Amador,005,37829,5953,5861,80,5941,70
2021-12-26,Butte,007,227075,22636,22087,4077,26164,330
2021-12-26,Calaveras,009,45235,4680,4591,68,4659,91
2021-12-26,Colusa,011,21464,2676,2647,718,3365,21
2021-12-26,Contra Costa,013,1133247,108863,105022,2772,107794,1071
2021-12-26,Del Norte,015,27424,3850,3795,58,3853,43
2021-12-26,El Dorado,017,186661,17706,17188,1887,19075,172
2021-12-26,Fresno,019,978130,150382,148027,13036,161063,2358
2021-12-26,Glenn,021,27897,3673,3611,1026,4637,39
2021-12-26,Humboldt,023,135768,10461,10052,785,10837,119
2021-12-26,Imperial,025,180216,37582,36878,4441,41319,800
2021-12-26,Inyo,027,18085,2738,2636,43,2679,47
2021-12-26,Kern,029,883053,136666,134591,25440,160031,1908
2021-12-26,Kings,031,150075,34593,34009,2115,36124,379
2021-12-26,Lake,033,64148,7096,7019,171,7190,116
2021-12-26,Lassen,035,31185,7110,7072,443,7515,55
2021-12-26,Los Angeles,037,10098052,1587315,1515469,65555,1581024,27257
2021-12-26,Madera,039,155013,25076,24741,2399,27140,320
2021-12-26,Marin,041,260295,20427,19085,792,19877,249
2021-12-26,Mariposa,043,17540,1523,1480,62,1542,6
2021-12-26,Mendocino,045,87422,8500,8314,687,9001,98
2021-12-26,Merced,047,269075,44726,44208,2116,46324,690
2021-12-26,Modoc,049,8938,605,597,209,806,6
2021-12-26,Mono,051,14174,2082,2000,23,2023,4
2021-12-26,Monterey,053,433212,51791,49709,3647,53356,638
2021-12-26,Napa,055,140530,14441,13809,199,14008,107
2021-12-26,Nevada,057,99092,10403,10153,369,10522,110
2021-12-26,Orange,059,3164182,335900,322991,19556,342547,5863
2021-12-26,Placer,061,380077,40982,39852,4216,44068,489
2021-12-26,Plumas,063,18699,2018,1987,53,2040,12
2021-12-26,Riverside,065,2383286,397392,384567,17831,402398,5470
2021-12-26,Sacramento,067,1510023,173208,169144,5709,174853,2418
2021-12-26,San Benito,069,59416,8225,7991,197,8188,79
2021-12-26,San Bernardino,071,2135413,387142,376052,12729,388781,6043
2021-12-26,San Diego,073,3302833,425135,406616,24904,431520,4442
2021-12-26,San Francisco,075,870044,64603,58229,2945,61174,682
2021-12-26,San Joaquin,077,732212,106657,104590,5914,110504,1872
2021-12-26,San Luis Obispo,079,281455,32161,31290,1469,32759,365
2021-12-26,San Mateo,081,765935,62419,56973,1240,58213,581
2021-12-26,Santa Barbara,083,443738,49301,47553,1813,49366,567
2021-12-26,Santa Clara,085,1922200,164535,156872,2147,159019,1967
2021-12-26,Santa Cruz,087,273765,23025,22176,1123,23299,228
2021-12-26,Shasta,089,179085,23259,22959,3825,26784,432
2021-12-26,Sierra,091,2930,214,202,21,223,0
2021-12-26,Siskiyou,093,43540,3522,3460,1410,4870,60
2021-12-26,Solano,095,438530,49052,47646,1486,49132,377
2021-12-26,Sonoma,097,501317,46085,44358,673,45031,408
2021-12-26,Stanislaus,099,539301,84731,83368,9610,92978,1331
2021-12-26,Sutter,101,95872,14757,14533,427,14960,191
2021-12-26,Tehama,103,63373,8992,8861,1584,10445,136
2021-12-26,Trinity,105,12862,916,826,228,1054,17
2021-12-26,Tulare,107,460477,72671,71292,17188,88480,1137
2021-12-26,Tuolumne,109,53932,8047,7919,117,8036,91
2021-12-26,Ventura,111,848112,108038,103498,5215,108713,1206
2021-12-26,Yolo,113,214977,21692,21084,1452,22536,270
2021-12-26,Yuba,115,75493,10864,10694,422,11116,98
2021-12-25,Alameda,001,1643700,132428,127221,3467,130688,1525
2021-12-25,Alpine,003,1148,113,113,0,113,0
2021-12-25,Amador,005,37829,5934,5861,80,5941,70
2021-12-25,Butte,007,227075,22543,22087,4061,26148,330
2021-12-25,Calaveras,009,45235,4652,4591,67,4658,91
2021-12-25,Colusa,011,21464,2671,2647,712,3359,21
2021-12-25,Contra Costa,013,1133247,108033,105022,2719,107741,1071
2021-12-25,Del Norte,015,27424,3843,3795,57,3852,43
2021-12-25,El Dorado,017,186661,17654,17188,1876,19064,172
2021-12-25,Fresno,019,978130,150084,148027,13000,161027,2358
2021-12-25,Glenn,021,27897,3664,3611,1024,4635,39
2021-12-25,Humboldt,023,135768,10385,10052,777,10829,119
2021-12-25,Imperial,025,180216,37470,36878,4416,41294,800
2021-12-25,Inyo,027,18085,2718,2636,43,2679,47
2021-12-25,Kern,029,883053,136320,134591,25315,159906,1908
2021-12-25,Kings,031,150075,34509,34009,2108,36117,379
2021-12-25,Lake,033,64148,7084,7019,169,7188,116
2021-12-25,Lassen,035,31185,7108,7072,443,7515,55
2021-12-25,Los Angeles,037,10098052,1574690,1515469,64224,1579693,27257
2021-12-25,Madera,039,155013,25028,24741,2393,27134,320
2021-12-25,Marin,041,260295,20090,19085,743,19828,249
2021-12-25,Mariposa,043,17540,1517,1480,62,1542,6
2021-12-25,Mendocino,045,87422,8462,8314,687,9001,98
2021-12-25,Merced,047,269075,44626,44208,2114,46322,690
2021-12-25,Modoc,049,8938,605,597,209,806,6
2021-12-25,Mono,051,14174,2069,2000,23,2023,4
2021-12-25,Monterey,053,433212,51628,49709,3613,53322,638
2021-12-25,Napa,055,140530,14326,13809,191,14000,107
2021-12-25,Nevada,057,99092,10374,10153,369,10522,110
2021-12-25,Orange,059,3164182,333059,322991,18978,341969,5863
2021-12-25,Placer,061,380077,40793,39852,4180,44032,489
2021-12-25,Plumas,063,18699,2016,1987,53,2040,12
2021-12-25,Riverside,065,2383286,395132,384567,17710,402277,5470
2021-12-25,Sacramento,067,1510023,172421,169144,5606,174750,2418
2021-12-25,San Benito,069,59416,8161,7991,197,8188,79
2021-12-25,San Bernardino,071,2135413,385022,376052,12597,388649,6043
2021-12-25,San Diego,073,3302833,421111,406616,24639,431255,4442
2021-12-25,San Francisco,075,870044,63566,58229,2908,61137,682
2021-12-25,San Joaquin,077,732212,106327,104590,5883,110473,1872
2021-12-25,San Luis Obispo,079,281455,32007,31290,1460,32750,365
2021-12-25,San Mateo,081,765935,61387,56973,1197,58170,581
2021-12-25,Santa Barbara,083,443738,48941,47553,1801,49354,567
2021-12-25,Santa Clara,085,1922200,163049,156872,2078,158950,1967
2021-12-25,Santa Cruz,087,273765,22866,22176,1117,23293,228
2021-12-25,Shasta,089,179085,23228,22959,3819,26778,432
2021-12-25,Sierra,091,2930,214,202,21,223,0
2021-12-25,Siskiyou,093,43540,3519,3460,1404,4864,60
2021-12-25,Solano,095,438530,48931,47646,1468,49114,377
2021-12-25,Sonoma,097,501317,45700,44358,647,45005,408
2021-12-25,Stanislaus,099,539301,84516,83368,9589,92957,1331
2021-12-25,Sutter,101,95872,14716,14533,425,14958,191
2021-12-25,Tehama,103,63373,8971,8861,1580,10441,136
2021-12-25,Trinity,105,12862,915,826,228,1054,17
2021-12-25,Tulare,107,460477,72540,71292,17111,88403,1137
2021-12-25,Tuolumne,109,53932,8017,7919,117,8036,91
2021-12-25,Ventura,111,848112,106867,103498,5105,108603,1206
2021-12-25,Yolo,113,214977,21584,21084,1431,22515,270
2021-12-25,Yuba,115,75493,10838,10694,421,11115,98
2021-12-24,Alameda,001,1643700,131837,127221,3449,130670,1525
2021-12-24,Alpine,003,1148,113,113,0,113,0
2021-12-24,Amador,005,37829,5926,5861,79,5940,70
2021-12-24,Butte,007,227075,22489,22087,4048,26135,330
2021-12-24,Calaveras,009,45235,4646,4591,67,4658,91
2021-12-24,Colusa,011,21464,2669,2647,711,3358,21
2021-12-24,Contra Costa,013,1133247,107723,105022,2688,107710,1071
2021-12-24,Del Norte,015,27424,3836,3795,57,3852,43
2021-12-24,El Dorado,017,186661,17602,17188,1871,19059,172
2021-12-24,Fresno,019,978130,149924,148027,12990,161017,2358
2021-12-24,Glenn,021,27897,3663,3611,1024,4635,39
2021-12-24,Humboldt,023,135768,10330,10052,771,10823,119
2021-12-24,Imperial,025,180216,37389,36878,4411,41289,800
2021-12-24,Inyo,027,18085,2698,2636,43,2679,47
2021-12-24,Kern,029,883053,136196,134591,25273,159864,1908
2021-12-24,Kings,031,150075,34445,34009,2107,36116,379
2021-12-24,Lake,033,64148,7080,7019,169,7188,116
2021-12-24,Lassen,035,31185,7105,7072,443,7515,55
2021-12-24,Los Angeles,037,10098052,1569952,1515469,63716,1579185,27257
2021-12-24,Madera,039,155013,24995,24741,2388,27129,320
2021-12-24,Marin,041,260295,19946,19085,713,19798,249
2021-12-24,Mariposa,043,17540,1515,1480,62,1542,6
2021-12-24,Mendocino,045,87422,8445,8314,687,9001,98
2021-12-24,Merced,047,269075,44576,44208,2112,46320,690
2021-12-24,Modoc,049,8938,605,597,209,806,6
2021-12-24,Mono,051,14174,2058,2000,23,2023,4
2021-12-24,Monterey,053,433212,51531,49709,3588,53297,638
2021-12-24,Napa,055,140530,14260,13809,187,13996,107
2021-12-24,Nevada,057,99092,10347,10153,367,10520,110
2021-12-24,Orange,059,3164182,332028,322991,18820,341811,5863
2021-12-24,Placer,061,380077,40677,39852,4164,44016,489
2021-12-24,Plumas,063,18699,2015,1987,53,2040,12
2021-12-24,Riverside,065,2383286,394148,384567,17620,402187,5470
2021-12-24,Sacramento,067,1510023,172119,169144,5568,174712,2418
2021-12-24,San Benito,069,59416,8153,7991,196,8187,79
2021-12-24,San Bernardino,071,2135413,383945,376052,12528,388580,6043
2021-12-24,San Diego,073,3302833,420024,406616,24513,431129,4442
2021-12-24,San Francisco,075,870044,63053,58229,2890,61119,682
2021-12-24,San Joaquin,077,732212,106140,104590,5876,110466,1872
2021-12-24,San Luis Obispo,079,281455,31945,31290,1450,32740,365
2021-12-24,San Mateo,081,765935,60955,56973,1175,58148,581
2021-12-24,Santa Barbara,083,443738,48737,47553,1795,49348,567
2021-12-24,Santa Clara,085,1922200,162230,156872,2044,158916,1967
2021-12-24,Santa Cruz,087,273765,22784,22176,1114,23290,228
2021-12-24,Shasta,089,179085,23197,22959,3815,26774,432
2021-12-24,Sierra,091,2930,213,202,21,223,0
2021-12-24,Siskiyou,093,43540,3514,3460,1400,4860,60
2021-12-24,Solano,095,438530,48879,47646,1466,49112,377
2021-12-24,Sonoma,097,501317,45536,44358,639,44997,408
2021-12-24,Stanislaus,099,539301,84405,83368,9574,92942,1331
2021-12-24,Sutter,101,95872,14696,14533,422,14955,191
2021-12-24,Tehama,103,63373,8962,8861,1577,10438,136
2021-12-24,Trinity,105,12862,913,826,228,1054,17
2021-12-24,Tulare,107,460477,72475,71292,17067,88359,1137
2021-12-24,Tuolumne,109,53932,7993,7919,117,8036,91
2021-12-24,Ventura,111,848112,106419,103498,5050,108548,1206
2021-12-24,Yolo,113,214977,21512,21084,1413,22497,270
2021-12-24,Yuba,115,75493,10815,10694,420,11114,98
2021-12-23,Alameda,001,1643700,131166,127221,3412,130633,1525
2021-12-23,Alpine,003,1148,113,113,0,113,0
2021-12-23,Amador,005,37829,5914,5861,77,5938,70
2021-12-23,Butte,007,227075,22439,22087,4037,26124,330
2021-12-23,Calaveras,009,45235,4635,4591,67,4658,91
2021-12-23,Colusa,011,21464,2663,2647,707,3354,21
2021-12-23,Contra Costa,013,1133247,107307,105022,2646,107668,1071
2021-12-23,Del Norte,015,27424,3833,3795,57,3852,43
2021-12-23,El Dorado,017,186661,17541,17188,1865,19053,172
2021-12-23,Fresno,019,978130,149727,148027,12974,161001,2358
2021-12-23,Glenn,021,27897,3660,3611,1024,4635,39
2021-12-23,Humboldt,023,135768,10277,10052,768,10820,119
2021-12-23,Imperial,025,180216,37321,36878,4381,41259,800
2021-12-23,Inyo,027,18085,2685,2636,43,2679,47
2021-12-23,Kern,029,883053,136047,134591,25177,159768,1908
2021-12-23,Kings,031,150075,34404,34009,2106,36115,379
2021-12-23,Lake,033,64148,7068,7019,167,7186,116
2021-12-23,Lassen,035,31185,7104,7072,443,7515,55
2021-12-23,Los Angeles,037,10098052,1560539,1515469,62617,1578086,27257
2021-12-23,Madera,039,155013,24964,24741,2385,27126,320
2021-12-23,Marin,041,260295,19812,19085,696,19781,249
2021-12-23,Mariposa,043,17540,1510,1480,62,1542,6
2021-12-23,Mendocino,045,87422,8436,8314,687,9001,98
2021-12-23,Merced,047,269075,44529,44208,2110,46318,690
2021-12-23,Modoc,049,8938,605,597,209,806,6
2021-12-23,Mono,051,14174,2039,2000,22,2022,4
2021-12-23,Monterey,053,433212,51415,49709,3566,53275,638
2021-12-23,Napa,055,140530,14179,13809,181,13990,107
2021-12-23,Nevada,057,99092,10324,10153,366,10519,110
2021-12-23,Orange,059,3164182,330363,322991,18485,341476,5863
2021-12-23,Placer,061,380077,40553,39852,4148,44000,489
2021-12-23,Plumas,063,18699,2015,1987,53,2040,12
2021-12-23,Riverside,065,2383286,392944,384567,17550,402117,5470
2021-12-23,Sacramento,067,1510023,171689,169144,5523,174667,2418
2021-12-23,San Benito,069,59416,8134,7991,194,8185,79
2021-12-23,San Bernardino,071,2135413,382827,376052,12427,388479,6043
2021-12-23,San Diego,073,3302833,418193,406616,24317,430933,4442
2021-12-23,San Francisco,075,870044,62323,58229,2862,61091,682
2021-12-23,San Joaquin,077,732212,105923,104590,5863,110453,1872
2021-12-23,San Luis Obispo,079,281455,31873,31290,1445,32735,365
2021-12-23,San Mateo,081,765935,60397,56973,1154,58127,581
2021-12-23,Santa Barbara,083,443738,48538,47553,1793,49346,567
2021-12-23,Santa Clara,085,1922200,161317,156872,1985,158857,1967
2021-12-23,Santa Cruz,087,273765,22666,22176,1104,23280,228
2021-12-23,Shasta,089,179085,23169,22959,3812,26771,432
2021-12-23,Sierra,091,2930,210,202,21,223,0
2021-12-23,Siskiyou,093,43540,3514,3460,1398,4858,60
2021-12-23,Solano,095,438530,48777,47646,1451,49097,377
2021-12-23,Sonoma,097,501317,45359,44358,636,44994,408
2021-12-23,Stanislaus,099,539301,84278,83368,9560,92928,1331
2021-12-23,Sutter,101,95872,14678,14533,421,14954,191
2021-12-23,Tehama,103,63373,8950,8861,1573,10434,136
2021-12-23,Trinity,105,12862,913,826,228,1054,17
2021-12-23,Tulare,107,460477,72400,71292,17022,88314,1137
2021-12-23,Tuolumne,109,53932,7975,7919,116,8035,91
2021-12-23,Ventura,111,848112,105885,103498,4983,108481,1206
2021-12-23,Yolo,113,214977,21442,21084,1395,22479,270
2021-12-23,Yuba,115,75493,10802,10694,420,11114,98
2021-12-22,Alameda,001,1643700,130257,126533,3328,129861,1522
2021-12-22,Alpine,003,1148,113,112,0,112,0
2021-12-22,Amador,005,37829,5901,5850,76,5926,70
2021-12-22,Butte,007,227075,22389,22070,4026,26096,330
2021-12-22,Calaveras,009,45235,4626,4580,67,4647,91
2021-12-22,Colusa,011,21464,2663,2645,704,3349,21
2021-12-22,Contra Costa,013,1133247,106695,104559,2602,107161,1070
2021-12-22,Del Norte,015,27424,3833,3794,57,3851,43
2021-12-22,El Dorado,017,186661,17481,17140,1856,18996,172
2021-12-22,Fresno,019,978130,149476,147838,12948,160786,2349
2021-12-22,Glenn,021,27897,3655,3604,1024,4628,39
2021-12-22,Humboldt,023,135768,10216,10022,763,10785,119
2021-12-22,Imperial,025,180216,37240,36755,4342,41097,798
2021-12-22,Inyo,027,18085,2667,2632,43,2675,47
2021-12-22,Kern,029,883053,135813,134433,25093,159526,1900
2021-12-22,Kings,031,150075,34355,33953,2099,36052,376
2021-12-22,Lake,033,64148,7061,7008,165,7173,116
2021-12-22,Lassen,035,31185,7099,7069,442,7511,55
2021-12-22,Los Angeles,037,10098052,1547149,1507110,61449,1568559,27234
2021-12-22,Madera,039,155013,24925,24702,2381,27083,320
2021-12-22,Marin,041,260295,19591,18927,672,19599,249
2021-12-22,Mariposa,043,17540,1503,1480,62,1542,6
2021-12-22,Mendocino,045,87422,8427,8299,687,8986,99
2021-12-22,Merced,047,269075,44459,44137,2108,46245,689
2021-12-22,Modoc,049,8938,605,595,209,804,6
2021-12-22,Mono,051,14174,2035,1979,22,2001,4
2021-12-22,Monterey,053,433212,51264,49650,3550,53200,639
2021-12-22,Napa,055,140530,14051,13746,171,13917,107
2021-12-22,Nevada,057,99092,10297,10101,361,10462,110
2021-12-22,Orange,059,3164182,328110,321765,18050,339815,5858
2021-12-22,Placer,061,380077,40372,39758,4111,43869,489
2021-12-22,Plumas,063,18699,2011,1986,53,2039,12
2021-12-22,Riverside,065,2383286,391131,383319,17435,400754,5472
2021-12-22,Sacramento,067,1510023,171056,168695,5465,174160,2422
2021-12-22,San Benito,069,59416,8081,7971,192,8163,79
2021-12-22,San Bernardino,071,2135413,381220,375044,12344,387388,6039
2021-12-22,San Diego,073,3302833,414075,404269,23998,428267,4434
2021-12-22,San Francisco,075,870044,61326,57520,2816,60336,682
2021-12-22,San Joaquin,077,732212,105653,104385,5849,110234,1870
2021-12-22,San Luis Obispo,079,281455,31732,31175,1425,32600,365
2021-12-22,San Mateo,081,765935,59713,56604,1125,57729,581
2021-12-22,Santa Barbara,083,443738,48281,47372,1778,49150,566
2021-12-22,Santa Clara,085,1922200,160197,156258,1945,158203,1954
2021-12-22,Santa Cruz,087,273765,22560,22075,1097,23172,228
2021-12-22,Shasta,089,179085,23141,22937,3807,26744,432
2021-12-22,Sierra,091,2930,210,202,21,223,0
2021-12-22,Siskiyou,093,43540,3511,3458,1395,4853,59
2021-12-22,Solano,095,438530,48545,47531,1436,48967,375
2021-12-22,Sonoma,097,501317,45084,44201,625,44826,408
2021-12-22,Stanislaus,099,539301,84136,83245,9545,92790,1331
2021-12-22,Sutter,101,95872,14643,14513,418,14931,191
2021-12-22,Tehama,103,63373,8937,8853,1570,10423,136
2021-12-22,Trinity,105,12862,913,826,228,1054,17
2021-12-22,Tulare,107,460477,72303,71226,16970,88196,1137
2021-12-22,Tuolumne,109,53932,7955,7903,116,8019,91
2021-12-22,Ventura,111,848112,105278,103089,4875,107964,1206
2021-12-22,Yolo,113,214977,21369,21012,1381,22393,270
2021-12-22,Yuba,115,75493,10785,10681,420,11101,98
2021-12-21,Alameda,001,1643700,129271,126007,3271,129278,1518
2021-12-21,Alpine,003,1148,113,112,0,112,0
2021-12-21,Amador,005,37829,5891,5845,76,5921,70
2021-12-21,Butte,007,227075,22328,22041,4013,26054,330
2021-12-21,Calaveras,009,45235,4613,4575,67,4642,91
2021-12-21,Colusa,011,21464,2661,2643,703,3346,21
2021-12-21,Contra Costa,013,1133247,106079,104255,2540,106795,1068
2021-12-21,Del Norte,015,27424,3832,3793,57,3850,43
2021-12-21,El Dorado,017,186661,17418,17098,1844,18942,172
2021-12-21,Fresno,019,978130,149215,147707,12919,160626,2341
2021-12-21,Glenn,021,27897,3641,3602,1024,4626,39
2021-12-21,Humboldt,023,135768,10151,9989,758,10747,118
2021-12-21,Imperial,025,180216,37149,36580,4300,40880,792
2021-12-21,Inyo,027,18085,2655,2627,43,2670,47
2021-12-21,Kern,029,883053,135603,134321,24987,159308,1892
2021-12-21,Kings,031,150075,34297,33914,2098,36012,376
2021-12-21,Lake,033,64148,7056,7004,163,7167,116
2021-12-21,Lassen,035,31185,7097,7069,442,7511,55
2021-12-21,Los Angeles,037,10098052,1533388,1501169,60419,1561588,27220
2021-12-21,Madera,039,155013,24890,24688,2375,27063,320
2021-12-21,Marin,041,260295,19421,18828,637,19465,249
2021-12-21,Mariposa,043,17540,1502,1480,61,1541,6
2021-12-21,Mendocino,045,87422,8411,8282,685,8967,97
2021-12-21,Merced,047,269075,44387,44096,2105,46201,688
2021-12-21,Modoc,049,8938,603,595,207,802,6
2021-12-21,Mono,051,14174,2014,1979,22,2001,4
2021-12-21,Monterey,053,433212,51174,49586,3532,53118,638
2021-12-21,Napa,055,140530,13950,13703,160,13863,107
2021-12-21,Nevada,057,99092,10268,10095,361,10456,110
2021-12-21,Orange,059,3164182,325999,320705,17596,338301,5855
2021-12-21,Placer,061,380077,40229,39649,4082,43731,487
2021-12-21,Plumas,063,18699,2011,1975,53,2028,12
2021-12-21,Riverside,065,2383286,389418,382415,17313,399728,5465
2021-12-21,Sacramento,067,1510023,170426,168422,5409,173831,2419
2021-12-21,San Benito,069,59416,8042,7950,190,8140,79
2021-12-21,San Bernardino,071,2135413,379648,374219,12240,386459,6026
2021-12-21,San Diego,073,3302833,410330,402386,23682,426068,4424
2021-12-21,San Francisco,075,870044,60364,56950,2782,59732,681
2021-12-21,San Joaquin,077,732212,105363,104238,5830,110068,1870
2021-12-21,San Luis Obispo,079,281455,31568,31103,1413,32516,365
2021-12-21,San Mateo,081,765935,59096,56381,1101,57482,581
2021-12-21,Santa Barbara,083,443738,48054,47194,1763,48957,564
2021-12-21,Santa Clara,085,1922200,159169,155769,1904,157673,1951
2021-12-21,Santa Cruz,087,273765,22445,22028,1086,23114,228
2021-12-21,Shasta,089,179085,23111,22920,3803,26723,429
2021-12-21,Sierra,091,2930,208,201,21,222,0
2021-12-21,Siskiyou,093,43540,3510,3455,1395,4850,59
2021-12-21,Solano,095,438530,48388,47474,1429,48903,372
2021-12-21,Sonoma,097,501317,44860,44051,615,44666,408
2021-12-21,Stanislaus,099,539301,83981,83167,9518,92685,1331
2021-12-21,Sutter,101,95872,14620,14492,417,14909,190
2021-12-21,Tehama,103,63373,8929,8849,1565,10414,136
2021-12-21,Trinity,105,12862,913,826,228,1054,17
2021-12-21,Tulare,107,460477,72215,71166,16928,88094,1137
2021-12-21,Tuolumne,109,53932,7931,7893,116,8009,91
2021-12-21,Ventura,111,848112,104662,102631,4762,107393,1205
2021-12-21,Yolo,113,214977,21261,20944,1377,22321,267
2021-12-21,Yuba,115,75493,10768,10668,420,11088,98
2021-12-20,Alameda,001,1643700,128348,125762,3203,128965,1515
2021-12-20,Alpine,003,1148,113,112,0,112,0
2021-12-20,Amador,005,37829,5877,5838,76,5914,70
2021-12-20,Butte,007,227075,22266,22030,4004,26034,329
2021-12-20,Calaveras,009,45235,4603,4569,67,4636,91
2021-12-20,Colusa,011,21464,2659,2644,703,3347,21
2021-12-20,Contra Costa,013,1133247,105558,104051,2495,106546,1068
2021-12-20,Del Norte,015,27424,3830,3792,57,3849,43
2021-12-20,El Dorado,017,186661,17356,17083,1835,18918,172
2021-12-20,Fresno,019,978130,148981,147605,12893,160498,2341
2021-12-20,Glenn,021,27897,3635,3597,1024,4621,39
2021-12-20,Humboldt,023,135768,10107,9973,755,10728,118
2021-12-20,Imperial,025,180216,37039,36532,4268,40800,792
2021-12-20,Inyo,027,18085,2652,2615,43,2658,47
2021-12-20,Kern,029,883053,135407,134203,24927,159130,1883
2021-12-20,Kings,031,150075,34256,33898,2097,35995,376
2021-12-20,Lake,033,64148,7051,6999,163,7162,116
2021-12-20,Lassen,035,31185,7095,7065,441,7506,55
2021-12-20,Los Angeles,037,10098052,1521976,1495251,59699,1554950,27188
2021-12-20,Madera,039,155013,24861,24668,2371,27039,313
2021-12-20,Marin,041,260295,19207,18747,619,19366,249
2021-12-20,Mariposa,043,17540,1493,1479,61,1540,6
2021-12-20,Mendocino,045,87422,8399,8264,683,8947,96
2021-12-20,Merced,047,269075,44330,44071,2100,46171,687
2021-12-20,Modoc,049,8938,603,595,204,799,6
2021-12-20,Mono,051,14174,1995,1973,22,1995,4
2021-12-20,Monterey,053,433212,51079,49556,3514,53070,636
2021-12-20,Napa,055,140530,13866,13672,150,13822,107
2021-12-20,Nevada,057,99092,10228,10079,360,10439,109
2021-12-20,Orange,059,3164182,324411,320235,17274,337509,5852
2021-12-20,Placer,061,380077,40101,39579,4052,43631,485
2021-12-20,Plumas,063,18699,2009,1971,52,2023,12
2021-12-20,Riverside,065,2383286,387979,381841,17222,399063,5452
2021-12-20,Sacramento,067,1510023,169861,168153,5367,173520,2414
2021-12-20,San Benito,069,59416,7997,7934,188,8122,79
2021-12-20,San Bernardino,071,2135413,378205,373881,12157,386038,6023
2021-12-20,San Diego,073,3302833,407096,401483,23444,424927,4412
2021-12-20,San Francisco,075,870044,59303,56661,2721,59382,681
2021-12-20,San Joaquin,077,732212,105120,104188,5821,110009,1865
2021-12-20,San Luis Obispo,079,281455,31455,31075,1405,32480,365
2021-12-20,San Mateo,081,765935,58549,56247,1082,57329,581
2021-12-20,Santa Barbara,083,443738,47846,47131,1758,48889,562
2021-12-20,Santa Clara,085,1922200,158209,155427,1855,157282,1950
2021-12-20,Santa Cruz,087,273765,22364,21989,1081,23070,227
2021-12-20,Shasta,089,179085,23091,22888,3798,26686,429
2021-12-20,Sierra,091,2930,207,201,21,222,0
2021-12-20,Siskiyou,093,43540,3509,3453,1393,4846,59
2021-12-20,Solano,095,438530,48257,47394,1421,48815,370
2021-12-20,Sonoma,097,501317,44670,43982,607,44589,408
2021-12-20,Stanislaus,099,539301,83856,83110,9491,92601,1331
2021-12-20,Sutter,101,95872,14598,14480,417,14897,190
2021-12-20,Tehama,103,63373,8921,8840,1563,10403,136
2021-12-20,Trinity,105,12862,913,826,228,1054,17
2021-12-20,Tulare,107,460477,72129,71124,16861,87985,1129
2021-12-20,Tuolumne,109,53932,7917,7867,112,7979,91
2021-12-20,Ventura,111,848112,104155,102452,4683,107135,1203
2021-12-20,Yolo,113,214977,21175,20903,1365,22268,267
2021-12-20,Yuba,115,75493,10752,10656,417,11073,97
2021-12-19,Alameda,001,1643700,127478,125464,3156,128620,1519
2021-12-19,Alpine,003,1148,113,112,0,112,0
2021-12-19,Amador,005,37829,5865,5832,75,5907,70
2021-12-19,Butte,007,227075,22214,22022,3998,26020,329
2021-12-19,Calaveras,009,45235,4587,4563,66,4629,91
2021-12-19,Colusa,011,21464,2659,2643,700,3343,21
2021-12-19,Contra Costa,013,1133247,105064,103906,2460,106366,1068
2021-12-19,Del Norte,015,27424,3826,3797,57,3854,43
2021-12-19,El Dorado,017,186661,17300,17067,1833,18900,172
2021-12-19,Fresno,019,978130,148748,147505,12871,160376,2341
2021-12-19,Glenn,021,27897,3631,3596,1024,4620,39
2021-12-19,Humboldt,023,135768,10068,9957,750,10707,118
2021-12-19,Imperial,025,180216,36916,36501,4222,40723,792
2021-12-19,Inyo,027,18085,2643,2613,43,2656,47
2021-12-19,Kern,029,883053,135211,134136,24856,158992,1883
2021-12-19,Kings,031,150075,34197,33874,2093,35967,378
2021-12-19,Lake,033,64148,7042,6999,160,7159,116
2021-12-19,Lassen,035,31185,7091,7065,441,7506,55
2021-12-19,Los Angeles,037,10098052,1513066,1495082,59093,1554175,27189
2021-12-19,Madera,039,155013,24836,24642,2365,27007,313
2021-12-19,Marin,041,260295,19031,18707,597,19304,249
2021-12-19,Mariposa,043,17540,1487,1475,61,1536,6
2021-12-19,Mendocino,045,87422,8382,8257,680,8937,96
2021-12-19,Merced,047,269075,44235,44045,2092,46137,687
2021-12-19,Modoc,049,8938,602,595,204,799,6
2021-12-19,Mono,051,14174,1985,1968,21,1989,4
2021-12-19,Monterey,053,433212,50978,49516,3492,53008,636
2021-12-19,Napa,055,140530,13793,13659,141,13800,107
2021-12-19,Nevada,057,99092,10192,10057,357,10414,109
2021-12-19,Orange,059,3164182,323036,319615,17045,336660,5852
2021-12-19,Placer,061,380077,39981,39525,4036,43561,485
2021-12-19,Plumas,063,18699,2006,1971,52,2023,12
2021-12-19,Riverside,065,2383286,386552,381305,17145,398450,5452
2021-12-19,Sacramento,067,1510023,169373,167933,5339,173272,2415
2021-12-19,San Benito,069,59416,7971,7929,187,8116,79
2021-12-19,San Bernardino,071,2135413,376928,373480,12117,385597,6023
2021-12-19,San Diego,073,3302833,404592,398197,23248,421445,4406
2021-12-19,San Francisco,075,870044,58426,56358,2664,59022,681
2021-12-19,San Joaquin,077,732212,104863,104125,5807,109932,1865
2021-12-19,San Luis Obispo,079,281455,31331,31035,1393,32428,366
2021-12-19,San Mateo,081,765935,58087,56132,1067,57199,581
2021-12-19,Santa Barbara,083,443738,47627,47070,1751,48821,562
2021-12-19,Santa Clara,085,1922200,157318,155049,1827,156876,1950
2021-12-19,Santa Cruz,087,273765,22264,21960,1076,23036,227
2021-12-19,Shasta,089,179085,23055,22875,3794,26669,429
2021-12-19,Sierra,091,2930,206,201,21,222,0
2021-12-19,Siskiyou,093,43540,3506,3452,1393,4845,59
2021-12-19,Solano,095,438530,48139,47341,1415,48756,370
2021-12-19,Sonoma,097,501317,44488,43944,605,44549,408
2021-12-19,Stanislaus,099,539301,83718,83040,9460,92500,1331
2021-12-19,Sutter,101,95872,14559,14475,416,14891,190
2021-12-19,Tehama,103,63373,8913,8840,1563,10403,136
2021-12-19,Trinity,105,12862,913,826,228,1054,17
2021-12-19,Tulare,107,460477,72035,71085,16820,87905,1129
2021-12-19,Tuolumne,109,53932,7901,7865,111,7976,91
2021-12-19,Ventura,111,848112,103577,102170,4619,106789,1203
2021-12-19,Yolo,113,214977,21101,20887,1346,22233,267
2021-12-19,Yuba,115,75493,10735,10646,415,11061,97
2021-12-18,Alameda,001,1643700,127075,124583,3131,127714,1512
2021-12-18,Alpine,003,1148,113,110,0,110,0
2021-12-18,Amador,005,37829,5859,5821,75,5896,69
2021-12-18,Butte,007,227075,22197,21956,3993,25949,328
2021-12-18,Calaveras,009,45235,4580,4534,66,4600,91
2021-12-18,Colusa,011,21464,2657,2635,698,3333,21
2021-12-18,Contra Costa,013,1133247,104853,103380,2446,105826,1065
2021-12-18,Del Norte,015,27424,3823,3791,57,3848,43
2021-12-18,El Dorado,017,186661,17272,16968,1830,18798,171
2021-12-18,Fresno,019,978130,148646,147038,12860,159898,2335
2021-12-18,Glenn,021,27897,3628,3590,1024,4614,39
2021-12-18,Humboldt,023,135768,10052,9889,750,10639,118
2021-12-18,Imperial,025,180216,36849,36280,4210,40490,790
2021-12-18,Inyo,027,18085,2637,2607,43,2650,47
2021-12-18,Kern,029,883053,135121,133754,24809,158563,1873
2021-12-18,Kings,031,150075,34165,33783,2089,35872,374
2021-12-18,Lake,033,64148,7041,6976,160,7136,115
2021-12-18,Lassen,035,31185,7089,7061,440,7501,55
2021-12-18,Los Angeles,037,10098052,1508998,1484840,58777,1543617,27135
2021-12-18,Madera,039,155013,24822,24575,2363,26938,313
2021-12-18,Marin,041,260295,18933,18537,585,19122,249
2021-12-18,Mariposa,043,17540,1486,1468,61,1529,6
2021-12-18,Mendocino,045,87422,8376,8219,680,8899,95
2021-12-18,Merced,047,269075,44202,43929,2091,46020,686
2021-12-18,Modoc,049,8938,600,595,204,799,6
2021-12-18,Mono,051,14174,1984,1956,21,1977,4
2021-12-18,Monterey,053,433212,50921,49343,3487,52830,635
2021-12-18,Napa,055,140530,13767,13581,139,13720,107
2021-12-18,Nevada,057,99092,10170,9991,355,10346,108
2021-12-18,Orange,059,3164182,322377,318149,16908,335057,5844
2021-12-18,Placer,061,380077,39881,39336,4022,43358,485
2021-12-18,Plumas,063,18699,2006,1964,52,2016,13
2021-12-18,Riverside,065,2383286,385859,379354,17103,396457,5439
2021-12-18,Sacramento,067,1510023,169135,167046,5318,172364,2404
2021-12-18,San Benito,069,59416,7956,7894,187,8081,79
2021-12-18,San Bernardino,071,2135413,376283,371658,12090,383748,6017
2021-12-18,San Diego,073,3302833,403640,397130,23196,420326,4399
2021-12-18,San Francisco,075,870044,57926,55562,2633,58195,679
2021-12-18,San Joaquin,077,732212,104775,103698,5799,109497,1858
2021-12-18,San Luis Obispo,079,281455,31288,30873,1387,32260,365
2021-12-18,San Mateo,081,765935,57847,55730,1062,56792,580
2021-12-18,Santa Barbara,083,443738,47531,46776,1749,48525,562
2021-12-18,Santa Clara,085,1922200,156866,154243,1815,156058,1946
2021-12-18,Santa Cruz,087,273765,22212,21805,1074,22879,225
2021-12-18,Shasta,089,179085,23034,22811,3794,26605,429
2021-12-18,Sierra,091,2930,206,199,21,220,0
2021-12-18,Siskiyou,093,43540,3504,3441,1392,4833,58
2021-12-18,Solano,095,438530,48093,47174,1413,48587,369
2021-12-18,Sonoma,097,501317,44377,43658,601,44259,407
2021-12-18,Stanislaus,099,539301,83637,82736,9449,92185,1330
2021-12-18,Sutter,101,95872,14541,14435,416,14851,190
2021-12-18,Tehama,103,63373,8907,8814,1562,10376,136
2021-12-18,Trinity,105,12862,913,823,228,1051,17
2021-12-18,Tulare,107,460477,71997,70922,16795,87717,1120
2021-12-18,Tuolumne,109,53932,7887,7834,111,7945,91
2021-12-18,Ventura,111,848112,103292,101612,4595,106207,1201
2021-12-18,Yolo,113,214977,21062,20793,1340,22133,267
2021-12-18,Yuba,115,75493,10723,10599,415,11014,96
2021-12-17,Alameda,001,1643700,126742,124583,3111,127694,1512
2021-12-17,Alpine,003,1148,113,110,0,110,0
2021-12-17,Amador,005,37829,5852,5821,75,5896,69
2021-12-17,Butte,007,227075,22177,21956,3987,25943,328
2021-12-17,Calaveras,009,45235,4576,4534,66,4600,91
2021-12-17,Colusa,011,21464,2656,2635,697,3332,21
2021-12-17,Contra Costa,013,1133247,104649,103380,2442,105822,1065
2021-12-17,Del Norte,015,27424,3822,3791,57,3848,43
2021-12-17,El Dorado,017,186661,17243,16968,1827,18795,171
2021-12-17,Fresno,019,978130,148542,147038,12860,159898,2335
2021-12-17,Glenn,021,27897,3621,3590,1024,4614,39
2021-12-17,Humboldt,023,135768,10033,9889,748,10637,118
2021-12-17,Imperial,025,180216,36790,36280,4192,40472,790
2021-12-17,Inyo,027,18085,2632,2607,43,2650,47
2021-12-17,Kern,029,883053,135031,133754,24769,158523,1873
2021-12-17,Kings,031,150075,34146,33783,2089,35872,374
2021-12-17,Lake,033,64148,7037,6976,160,7136,115
2021-12-17,Lassen,035,31185,7089,7061,439,7500,55
2021-12-17,Los Angeles,037,10098052,1505064,1484840,58533,1543373,27135
2021-12-17,Madera,039,155013,24806,24575,2358,26933,313
2021-12-17,Marin,041,260295,18857,18537,581,19118,249
2021-12-17,Mariposa,043,17540,1482,1468,61,1529,6
2021-12-17,Mendocino,045,87422,8365,8219,680,8899,95
2021-12-17,Merced,047,269075,44175,43929,2090,46019,686
2021-12-17,Modoc,049,8938,600,595,204,799,6
2021-12-17,Mono,051,14174,1981,1956,21,1977,4
2021-12-17,Monterey,053,433212,50864,49343,3482,52825,635
2021-12-17,Napa,055,140530,13740,13581,138,13719,107
2021-12-17,Nevada,057,99092,10159,9991,355,10346,108
2021-12-17,Orange,059,3164182,321821,318149,16840,334989,5844
2021-12-17,Placer,061,380077,39827,39336,4016,43352,485
2021-12-17,Plumas,063,18699,2005,1964,52,2016,13
2021-12-17,Riverside,065,2383286,385215,379354,17092,396446,5439
2021-12-17,Sacramento,067,1510023,168910,167046,5305,172351,2404
2021-12-17,San Benito,069,59416,7954,7894,187,8081,79
2021-12-17,San Bernardino,071,2135413,375752,371658,12073,383731,6017
2021-12-17,San Diego,073,3302833,402705,397130,23148,420278,4399
2021-12-17,San Francisco,075,870044,57600,55562,2602,58164,679
2021-12-17,San Joaquin,077,732212,104701,103698,5789,109487,1858
2021-12-17,San Luis Obispo,079,281455,31260,30873,1383,32256,365
2021-12-17,San Mateo,081,765935,57660,55730,1055,56785,580
2021-12-17,Santa Barbara,083,443738,47453,46776,1743,48519,562
2021-12-17,Santa Clara,085,1922200,156492,154243,1798,156041,1946
2021-12-17,Santa Cruz,087,273765,22165,21805,1071,22876,225
2021-12-17,Shasta,089,179085,23021,22811,3792,26603,429
2021-12-17,Sierra,091,2930,205,199,21,220,0
2021-12-17,Siskiyou,093,43540,3500,3441,1390,4831,58
2021-12-17,Solano,095,438530,48025,47174,1409,48583,369
2021-12-17,Sonoma,097,501317,44282,43658,598,44256,407
2021-12-17,Stanislaus,099,539301,83586,82736,9443,92179,1330
2021-12-17,Sutter,101,95872,14530,14435,414,14849,190
2021-12-17,Tehama,103,63373,8900,8814,1561,10375,136
2021-12-17,Trinity,105,12862,913,823,228,1051,17
2021-12-17,Tulare,107,460477,71955,70922,16764,87686,1120
2021-12-17,Tuolumne,109,53932,7875,7834,111,7945,91
2021-12-17,Ventura,111,848112,103042,101612,4583,106195,1201
2021-12-17,Yolo,113,214977,21030,20793,1335,22128,267
2021-12-17,Yuba,115,75493,10712,10599,412,11011,96
2021-12-16,Alameda,001,1643700,126372,124583,3098,127681,1512
2021-12-16,Alpine,003,1148,111,110,0,110,0
2021-12-16,Amador,005,37829,5844,5821,75,5896,69
2021-12-16,Butte,007,227075,22158,21956,3984,25940,328
2021-12-16,Calaveras,009,45235,4568,4534,66,4600,91
2021-12-16,Colusa,011,21464,2656,2635,697,3332,21
2021-12-16,Contra Costa,013,1133247,104427,103380,2430,105810,1065
2021-12-16,Del Norte,015,27424,3819,3791,57,3848,43
2021-12-16,El Dorado,017,186661,17207,16968,1822,18790,171
2021-12-16,Fresno,019,978130,148383,147038,12853,159891,2335
2021-12-16,Glenn,021,27897,3620,3590,1024,4614,39
2021-12-16,Humboldt,023,135768,10008,9889,739,10628,118
2021-12-16,Imperial,025,180216,36707,36280,4161,40441,790
2021-12-16,Inyo,027,18085,2628,2607,42,2649,47
2021-12-16,Kern,029,883053,134889,133754,24717,158471,1873
2021-12-16,Kings,031,150075,34122,33783,2088,35871,374
2021-12-16,Lake,033,64148,7033,6976,160,7136,115
2021-12-16,Lassen,035,31185,7086,7061,438,7499,55
2021-12-16,Los Angeles,037,10098052,1500875,1484840,58279,1543119,27135
2021-12-16,Madera,039,155013,24777,24575,2354,26929,313
2021-12-16,Marin,041,260295,18810,18537,573,19110,249
2021-12-16,Mariposa,043,17540,1480,1468,61,1529,6
2021-12-16,Mendocino,045,87422,8354,8219,677,8896,95
2021-12-16,Merced,047,269075,44136,43929,2090,46019,686
2021-12-16,Modoc,049,8938,600,595,204,799,6
2021-12-16,Mono,051,14174,1977,1956,21,1977,4
2021-12-16,Monterey,053,433212,50793,49343,3465,52808,635
2021-12-16,Napa,055,140530,13708,13581,138,13719,107
2021-12-16,Nevada,057,99092,10132,9991,355,10346,108
2021-12-16,Orange,059,3164182,321219,318149,16758,334907,5844
2021-12-16,Placer,061,380077,39750,39336,4011,43347,485
2021-12-16,Plumas,063,18699,2005,1964,52,2016,13
2021-12-16,Riverside,065,2383286,384415,379354,17078,396432,5439
2021-12-16,Sacramento,067,1510023,168631,167046,5280,172326,2404
2021-12-16,San Benito,069,59416,7947,7894,187,8081,79
2021-12-16,San Bernardino,071,2135413,375112,371658,12055,383713,6017
2021-12-16,San Diego,073,3302833,401520,397130,23086,420216,4399
2021-12-16,San Francisco,075,870044,57222,55562,2579,58141,679
2021-12-16,San Joaquin,077,732212,104582,103698,5782,109480,1858
2021-12-16,San Luis Obispo,079,281455,31191,30873,1377,32250,365
2021-12-16,San Mateo,081,765935,57459,55730,1052,56782,580
2021-12-16,Santa Barbara,083,443738,47331,46776,1739,48515,562
2021-12-16,Santa Clara,085,1922200,156164,154243,1788,156031,1946
2021-12-16,Santa Cruz,087,273765,22118,21805,1070,22875,225
2021-12-16,Shasta,089,179085,22991,22811,3790,26601,429
2021-12-16,Sierra,091,2930,205,199,21,220,0
2021-12-16,Siskiyou,093,43540,3499,3441,1386,4827,58
2021-12-16,Solano,095,438530,47957,47174,1402,48576,369
2021-12-16,Sonoma,097,501317,44184,43658,596,44254,407
2021-12-16,Stanislaus,099,539301,83499,82736,9430,92166,1330
2021-12-16,Sutter,101,95872,14517,14435,413,14848,190
2021-12-16,Tehama,103,63373,8893,8814,1560,10374,136
2021-12-16,Trinity,105,12862,913,823,228,1051,17
2021-12-16,Tulare,107,460477,71906,70922,16737,87659,1120
2021-12-16,Tuolumne,109,53932,7856,7834,111,7945,91
2021-12-16,Ventura,111,848112,102774,101612,4576,106188,1201
2021-12-16,Yolo,113,214977,20982,20793,1330,22123,267
2021-12-16,Yuba,115,75493,10697,10599,411,11010,96
2021-12-15,Alameda,001,1643700,126050,124342,3086,127428,1509
2021-12-15,Alpine,003,1148,111,109,0,109,0
2021-12-15,Amador,005,37829,5838,5810,75,5885,69
2021-12-15,Butte,007,227075,22139,21922,3983,25905,327
2021-12-15,Calaveras,009,45235,4562,4523,66,4589,89
2021-12-15,Colusa,011,21464,2655,2632,696,3328,21
2021-12-15,Contra Costa,013,1133247,104209,103236,2427,105663,1064
2021-12-15,Del Norte,015,27424,3818,3789,56,3845,43
2021-12-15,El Dorado,017,186661,17175,16936,1816,18752,171
2021-12-15,Fresno,019,978130,148256,146859,12842,159701,2319
2021-12-15,Glenn,021,27897,3620,3589,1024,4613,39
2021-12-15,Humboldt,023,135768,9988,9854,738,10592,118
2021-12-15,Imperial,025,180216,36631,36187,4117,40304,789
2021-12-15,Inyo,027,18085,2623,2606,42,2648,47
2021-12-15,Kern,029,883053,134749,133590,24670,158260,1866
2021-12-15,Kings,031,150075,34093,33716,2084,35800,374
2021-12-15,Lake,033,64148,7024,6968,159,7127,115
2021-12-15,Lassen,035,31185,7086,7062,438,7500,55
2021-12-15,Los Angeles,037,10098052,1497005,1482735,58087,1540822,27116
2021-12-15,Madera,039,155013,24759,24549,2348,26897,313
2021-12-15,Marin,041,260295,18752,18514,568,19082,249
2021-12-15,Mariposa,043,17540,1477,1463,61,1524,6
2021-12-15,Mendocino,045,87422,8350,8209,674,8883,95
2021-12-15,Merced,047,269075,44095,43890,2078,45968,685
2021-12-15,Modoc,049,8938,600,595,204,799,6
2021-12-15,Mono,051,14174,1974,1955,21,1976,4
2021-12-15,Monterey,053,433212,50738,49279,3446,52725,635
2021-12-15,Napa,055,140530,13679,13557,136,13693,107
2021-12-15,Nevada,057,99092,10110,9958,355,10313,107
2021-12-15,Orange,059,3164182,320647,317808,16716,334524,5838
2021-12-15,Placer,061,380077,39696,39264,4001,43265,485
2021-12-15,Plumas,063,18699,2001,1957,52,2009,12
2021-12-15,Riverside,065,2383286,383700,378769,17067,395836,5438
2021-12-15,Sacramento,067,1510023,168328,166793,5258,172051,2401
2021-12-15,San Benito,069,59416,7933,7877,187,8064,79
2021-12-15,San Bernardino,071,2135413,374582,371122,12024,383146,6013
2021-12-15,San Diego,073,3302833,400336,396546,23016,419562,4395
2021-12-15,San Francisco,075,870044,56903,55414,2561,57975,679
2021-12-15,San Joaquin,077,732212,104433,103579,5773,109352,1853
2021-12-15,San Luis Obispo,079,281455,31143,30784,1370,32154,365
2021-12-15,San Mateo,081,765935,57320,55657,1040,56697,580
2021-12-15,Santa Barbara,083,443738,47251,46681,1737,48418,562
2021-12-15,Santa Clara,085,1922200,155852,153928,1767,155695,1944
2021-12-15,Santa Cruz,087,273765,22078,21753,1063,22816,225
2021-12-15,Shasta,089,179085,22976,22778,3786,26564,427
2021-12-15,Sierra,091,2930,205,199,21,220,0
2021-12-15,Siskiyou,093,43540,3498,3434,1385,4819,58
2021-12-15,Solano,095,438530,47888,47098,1395,48493,367
2021-12-15,Sonoma,097,501317,44101,43580,591,44171,407
2021-12-15,Stanislaus,099,539301,83389,82628,9423,92051,1298
2021-12-15,Sutter,101,95872,14497,14428,412,14840,189
2021-12-15,Tehama,103,63373,8886,8806,1559,10365,136
2021-12-15,Trinity,105,12862,912,822,228,1050,17
2021-12-15,Tulare,107,460477,71853,70846,16705,87551,1120
2021-12-15,Tuolumne,109,53932,7847,7818,110,7928,91
2021-12-15,Ventura,111,848112,102559,101447,4570,106017,1199
2021-12-15,Yolo,113,214977,20954,20749,1325,22074,267
2021-12-15,Yuba,115,75493,10686,10587,410,10997,96
2021-12-14,Alameda,001,1643700,125733,124272,3077,127349,1506
2021-12-14,Alpine,003,1148,110,109,0,109,0
2021-12-14,Amador,005,37829,5832,5808,74,5882,69
2021-12-14,Butte,007,227075,22106,21901,3981,25882,326
2021-12-14,Calaveras,009,45235,4550,4517,66,4583,89
2021-12-14,Colusa,011,21464,2653,2628,696,3324,21
2021-12-14,Contra Costa,013,1133247,104027,103135,2423,105558,1064
2021-12-14,Del Norte,015,27424,3815,3788,56,3844,43
2021-12-14,El Dorado,017,186661,17141,16915,1814,18729,170
2021-12-14,Fresno,019,978130,148089,146756,12839,159595,2316
2021-12-14,Glenn,021,27897,3619,3589,1024,4613,39
2021-12-14,Humboldt,023,135768,9976,9836,729,10565,118
2021-12-14,Imperial,025,180216,36567,36049,4074,40123,789
2021-12-14,Inyo,027,18085,2623,2601,42,2643,46
2021-12-14,Kern,029,883053,134612,133498,24621,158119,1863
2021-12-14,Kings,031,150075,34056,33693,2081,35774,373
2021-12-14,Lake,033,64148,7014,6961,159,7120,115
2021-12-14,Lassen,035,31185,7085,7061,438,7499,55
2021-12-14,Los Angeles,037,10098052,1493377,1481131,57907,1539038,27099
2021-12-14,Madera,039,155013,24733,24535,2340,26875,313
2021-12-14,Marin,041,260295,18704,18491,566,19057,249
2021-12-14,Mariposa,043,17540,1474,1463,60,1523,6
2021-12-14,Mendocino,045,87422,8323,8206,672,8878,95
2021-12-14,Merced,047,269075,44049,43870,2076,45946,684
2021-12-14,Modoc,049,8938,599,595,204,799,6
2021-12-14,Mono,051,14174,1967,1955,21,1976,4
2021-12-14,Monterey,053,433212,50654,49237,3435,52672,635
2021-12-14,Napa,055,140530,13650,13528,136,13664,107
2021-12-14,Nevada,057,99092,10084,9956,354,10310,106
2021-12-14,Orange,059,3164182,320098,317465,16663,334128,5827
2021-12-14,Placer,061,380077,39619,39221,3996,43217,482
2021-12-14,Plumas,063,18699,1997,1950,50,2000,12
2021-12-14,Riverside,065,2383286,383029,378227,17050,395277,5427
2021-12-14,Sacramento,067,1510023,168017,166605,5235,171840,2394
2021-12-14,San Benito,069,59416,7914,7871,187,8058,79
2021-12-14,San Bernardino,071,2135413,373971,370604,11995,382599,6013
2021-12-14,San Diego,073,3302833,399201,395876,22966,418842,4393
2021-12-14,San Francisco,075,870044,56590,55278,2549,57827,679
2021-12-14,San Joaquin,077,732212,104291,103488,5755,109243,1848
2021-12-14,San Luis Obispo,079,281455,31084,30753,1366,32119,363
2021-12-14,San Mateo,081,765935,57155,55601,1033,56634,580
2021-12-14,Santa Barbara,083,443738,47152,46648,1732,48380,560
2021-12-14,Santa Clara,085,1922200,155533,153814,1754,155568,1945
2021-12-14,Santa Cruz,087,273765,22012,21737,1059,22796,225
2021-12-14,Shasta,089,179085,22949,22756,3785,26541,427
2021-12-14,Sierra,091,2930,203,199,21,220,0
2021-12-14,Siskiyou,093,43540,3493,3430,1384,4814,58
2021-12-14,Solano,095,438530,47841,47065,1389,48454,367
2021-12-14,Sonoma,097,501317,44019,43538,590,44128,407
2021-12-14,Stanislaus,099,539301,83302,82581,9410,91991,1293
2021-12-14,Sutter,101,95872,14485,14421,411,14832,189
2021-12-14,Tehama,103,63373,8882,8805,1559,10364,134
2021-12-14,Trinity,105,12862,912,821,228,1049,17
2021-12-14,Tulare,107,460477,71781,70803,16674,87477,1120
2021-12-14,Tuolumne,109,53932,7834,7815,110,7925,91
2021-12-14,Ventura,111,848112,102335,101343,4563,105906,1199
2021-12-14,Yolo,113,214977,20921,20734,1311,22045,267
2021-12-14,Yuba,115,75493,10669,10574,410,10984,92
2021-12-13,Alameda,001,1643700,125451,124174,3061,127235,1501
2021-12-13,Alpine,003,1148,110,109,0,109,0
2021-12-13,Amador,005,37829,5828,5797,74,5871,69
2021-12-13,Butte,007,227075,22083,21889,3977,25866,326
2021-12-13,Calaveras,009,45235,4543,4507,65,4572,89
2021-12-13,Colusa,011,21464,2651,2627,696,3323,21
2021-12-13,Contra Costa,013,1133247,103877,103041,2411,105452,1064
2021-12-13,Del Norte,015,27424,3811,3787,56,3843,42
2021-12-13,El Dorado,017,186661,17118,16896,1812,18708,170
2021-12-13,Fresno,019,978130,147940,146641,12829,159470,2312
2021-12-13,Glenn,021,27897,3614,3589,1022,4611,37
2021-12-13,Humboldt,023,135768,9947,9821,725,10546,118
2021-12-13,Imperial,025,180216,36490,35974,4054,40028,787
2021-12-13,Inyo,027,18085,2622,2592,42,2634,46
2021-12-13,Kern,029,883053,134485,133381,24568,157949,1863
2021-12-13,Kings,031,150075,34013,33680,2076,35756,372
2021-12-13,Lake,033,64148,7012,6958,157,7115,115
2021-12-13,Lassen,035,31185,7084,7057,438,7495,55
2021-12-13,Los Angeles,037,10098052,1490605,1480195,57740,1537935,27085
2021-12-13,Madera,039,155013,24705,24527,2335,26862,311
2021-12-13,Marin,041,260295,18644,18471,563,19034,249
2021-12-13,Mariposa,043,17540,1472,1462,60,1522,6
2021-12-13,Mendocino,045,87422,8310,8196,670,8866,95
2021-12-13,Merced,047,269075,44010,43848,2072,45920,682
2021-12-13,Modoc,049,8938,598,595,204,799,6
2021-12-13,Mono,051,14174,1960,1952,21,1973,4
2021-12-13,Monterey,053,433212,50601,49222,3417,52639,631
2021-12-13,Napa,055,140530,13637,13518,136,13654,107
2021-12-13,Nevada,057,99092,10065,9946,353,10299,106
2021-12-13,Orange,059,3164182,319639,317112,16610,333722,5824
2021-12-13,Placer,061,380077,39558,39168,3985,43153,481
2021-12-13,Plumas,063,18699,1993,1943,50,1993,12
2021-12-13,Riverside,065,2383286,382449,377728,17035,394763,5414
2021-12-13,Sacramento,067,1510023,167741,166439,5201,171640,2392
2021-12-13,San Benito,069,59416,7905,7856,187,8043,79
2021-12-13,San Bernardino,071,2135413,373407,370274,11989,382263,6011
2021-12-13,San Diego,073,3302833,398391,395266,22914,418180,4389
2021-12-13,San Francisco,075,870044,56319,55245,2536,57781,678
2021-12-13,San Joaquin,077,732212,104176,103449,5746,109195,1846
2021-12-13,San Luis Obispo,079,281455,31036,30746,1362,32108,363
2021-12-13,San Mateo,081,765935,56995,55569,1025,56594,580
2021-12-13,Santa Barbara,083,443738,47065,46608,1727,48335,560
2021-12-13,Santa Clara,085,1922200,155268,153672,1743,155415,1944
2021-12-13,Santa Cruz,087,273765,21958,21698,1056,22754,225
2021-12-13,Shasta,089,179085,22928,22731,3783,26514,426
2021-12-13,Sierra,091,2930,203,199,21,220,0
2021-12-13,Siskiyou,093,43540,3489,3426,1381,4807,57
2021-12-13,Solano,095,438530,47768,47045,1384,48429,365
2021-12-13,Sonoma,097,501317,43923,43492,588,44080,407
2021-12-13,Stanislaus,099,539301,83186,82507,9390,91897,1282
2021-12-13,Sutter,101,95872,14478,14408,411,14819,188
2021-12-13,Tehama,103,63373,8870,8800,1559,10359,134
2021-12-13,Trinity,105,12862,912,820,228,1048,17
2021-12-13,Tulare,107,460477,71724,70758,16650,87408,1114
2021-12-13,Tuolumne,109,53932,7823,7804,110,7914,91
2021-12-13,Ventura,111,848112,102110,101180,4552,105732,1197
2021-12-13,Yolo,113,214977,20875,20706,1305,22011,267
2021-12-13,Yuba,115,75493,10652,10570,410,10980,92
2021-12-12,Alameda,001,1643700,125167,124075,3048,127123,1503
2021-12-12,Alpine,003,1148,110,109,0,109,0
2021-12-12,Amador,005,37829,5821,5797,73,5870,69
2021-12-12,Butte,007,227075,22058,21874,3974,25848,326
2021-12-12,Calaveras,009,45235,4533,4501,65,4566,89
2021-12-12,Colusa,011,21464,2647,2627,693,3320,21
2021-12-12,Contra Costa,013,1133247,103690,102976,2409,105385,1065
2021-12-12,Del Norte,015,27424,3808,3793,56,3849,42
2021-12-12,El Dorado,017,186661,17082,16890,1804,18694,170
2021-12-12,Fresno,019,978130,147777,146518,12814,159332,2310
2021-12-12,Glenn,021,27897,3611,3589,1021,4610,37
2021-12-12,Humboldt,023,135768,9923,9804,718,10522,118
2021-12-12,Imperial,025,180216,36356,35926,4020,39946,787
2021-12-12,Inyo,027,18085,2617,2592,42,2634,46
2021-12-12,Kern,029,883053,134320,133314,24527,157841,1861
2021-12-12,Kings,031,150075,33962,33661,2074,35735,372
2021-12-12,Lake,033,64148,7005,6955,155,7110,115
2021-12-12,Lassen,035,31185,7083,7057,438,7495,55
2021-12-12,Los Angeles,037,10098052,1487706,1479054,57556,1536610,27074
2021-12-12,Madera,039,155013,24675,24493,2327,26820,311
2021-12-12,Marin,041,260295,18591,18451,559,19010,249
2021-12-12,Mariposa,043,17540,1471,1461,60,1521,6
2021-12-12,Mendocino,045,87422,8297,8190,669,8859,95
2021-12-12,Merced,047,269075,43977,43821,2065,45886,682
2021-12-12,Modoc,049,8938,598,595,203,798,6
2021-12-12,Mono,051,14174,1956,1947,21,1968,4
2021-12-12,Monterey,053,433212,50548,49192,3390,52582,631
2021-12-12,Napa,055,140530,13594,13508,134,13642,107
2021-12-12,Nevada,057,99092,10038,9938,352,10290,106
2021-12-12,Orange,059,3164182,319138,316918,16546,333464,5825
2021-12-12,Placer,061,380077,39494,39139,3979,43118,481
2021-12-12,Plumas,063,18699,1989,1942,48,1990,12
2021-12-12,Riverside,065,2383286,381777,377467,17009,394476,5414
2021-12-12,Sacramento,067,1510023,167470,166291,5180,171471,2392
2021-12-12,San Benito,069,59416,7885,7853,187,8040,79
2021-12-12,San Bernardino,071,2135413,372779,369977,11963,381940,6011
2021-12-12,San Diego,073,3302833,397492,393307,22876,416183,4378
2021-12-12,San Francisco,075,870044,56065,55180,2524,57704,678
2021-12-12,San Joaquin,077,732212,104038,103405,5736,109141,1846
2021-12-12,San Luis Obispo,079,281455,30983,30719,1360,32079,363
2021-12-12,San Mateo,081,765935,56879,55505,1021,56526,580
2021-12-12,Santa Barbara,083,443738,46990,46586,1725,48311,560
2021-12-12,Santa Clara,085,1922200,154988,153452,1729,155181,1945
2021-12-12,Santa Cruz,087,273765,21910,21671,1054,22725,225
2021-12-12,Shasta,089,179085,22900,22732,3782,26514,426
2021-12-12,Sierra,091,2930,203,199,21,220,0
2021-12-12,Siskiyou,093,43540,3489,3424,1381,4805,57
2021-12-12,Solano,095,438530,47702,47021,1379,48400,365
2021-12-12,Sonoma,097,501317,43829,43424,585,44009,407
2021-12-12,Stanislaus,099,539301,83086,82460,9379,91839,1282
2021-12-12,Sutter,101,95872,14467,14396,411,14807,189
2021-12-12,Tehama,103,63373,8859,8796,1557,10353,134
2021-12-12,Trinity,105,12862,910,820,228,1048,17
2021-12-12,Tulare,107,460477,71647,70733,16608,87341,1115
2021-12-12,Tuolumne,109,53932,7806,7794,110,7904,91
2021-12-12,Ventura,111,848112,101916,101105,4538,105643,1197
2021-12-12,Yolo,113,214977,20825,20685,1294,21979,267
2021-12-12,Yuba,115,75493,10638,10565,407,10972,92
2021-12-11,Alameda,001,1643700,125032,123572,3046,126618,1496
2021-12-11,Alpine,003,1148,110,109,0,109,0
2021-12-11,Amador,005,37829,5816,5787,73,5860,69
2021-12-11,Butte,007,227075,22044,21819,3973,25792,326
2021-12-11,Calaveras,009,45235,4525,4469,64,4533,89
2021-12-11,Colusa,011,21464,2643,2619,692,3311,21
2021-12-11,Contra Costa,013,1133247,103604,102618,2407,105025,1061
2021-12-11,Del Norte,015,27424,3808,3778,56,3834,42
2021-12-11,El Dorado,017,186661,17061,16796,1803,18599,170
2021-12-11,Fresno,019,978130,147690,145988,12808,158796,2294
2021-12-11,Glenn,021,27897,3610,3585,1020,4605,37
2021-12-11,Humboldt,023,135768,9906,9721,715,10436,118
2021-12-11,Imperial,025,180216,36297,35635,4009,39644,782
2021-12-11,Inyo,027,18085,2612,2576,42,2618,46
2021-12-11,Kern,029,883053,134251,132852,24492,157344,1854
2021-12-11,Kings,031,150075,33949,33530,2072,35602,371
2021-12-11,Lake,033,64148,7004,6932,153,7085,114
2021-12-11,Lassen,035,31185,7082,7049,438,7487,55
2021-12-11,Los Angeles,037,10098052,1486493,1474030,57464,1531494,27031
2021-12-11,Madera,039,155013,24669,24417,2326,26743,311
2021-12-11,Marin,041,260295,18557,18339,556,18895,249
2021-12-11,Mariposa,043,17540,1470,1450,60,1510,6
2021-12-11,Mendocino,045,87422,8290,8130,669,8799,95
2021-12-11,Merced,047,269075,43958,43690,2064,45754,681
2021-12-11,Modoc,049,8938,598,594,203,797,6
2021-12-11,Mono,051,14174,1953,1926,21,1947,4
2021-12-11,Monterey,053,433212,50520,49008,3387,52395,631
2021-12-11,Napa,055,140530,13577,13459,134,13593,107
2021-12-11,Nevada,057,99092,10024,9880,352,10232,106
2021-12-11,Orange,059,3164182,318885,315759,16518,332277,5805
2021-12-11,Placer,061,380077,39436,38959,3972,42931,481
2021-12-11,Plumas,063,18699,1983,1934,48,1982,12
2021-12-11,Riverside,065,2383286,381360,375649,16995,392644,5408
2021-12-11,Sacramento,067,1510023,167344,165530,5170,170700,2386
2021-12-11,San Benito,069,59416,7871,7808,187,7995,79
2021-12-11,San Bernardino,071,2135413,372420,368145,11954,380099,6007
2021-12-11,San Diego,073,3302833,397068,392274,22837,415111,4374
2021-12-11,San Francisco,075,870044,55912,54869,2518,57387,678
2021-12-11,San Joaquin,077,732212,103977,103013,5732,108745,1842
2021-12-11,San Luis Obispo,079,281455,30960,30567,1356,31923,362
2021-12-11,San Mateo,081,765935,56801,55284,1019,56303,580
2021-12-11,Santa Barbara,083,443738,46956,46309,1725,48034,559
2021-12-11,Santa Clara,085,1922200,154791,152846,1717,154563,1941
2021-12-11,Santa Cruz,087,273765,21886,21557,1054,22611,225
2021-12-11,Shasta,089,179085,22885,22660,3778,26438,419
2021-12-11,Sierra,091,2930,203,199,21,220,0
2021-12-11,Siskiyou,093,43540,3483,3418,1378,4796,57
2021-12-11,Solano,095,438530,47673,46891,1374,48265,365
2021-12-11,Sonoma,097,501317,43781,43227,585,43812,407
2021-12-11,Stanislaus,099,539301,83036,82133,9370,91503,1264
2021-12-11,Sutter,101,95872,14458,14354,411,14765,187
2021-12-11,Tehama,103,63373,8856,8776,1555,10331,134
2021-12-11,Trinity,105,12862,910,819,228,1047,17
2021-12-11,Tulare,107,460477,71604,70523,16598,87121,1103
2021-12-11,Tuolumne,109,53932,7797,7760,110,7870,91
2021-12-11,Ventura,111,848112,101840,100711,4531,105242,1195
2021-12-11,Yolo,113,214977,20806,20608,1290,21898,267
2021-12-11,Yuba,115,75493,10626,10519,406,10925,92
2021-12-10,Alameda,001,1643700,124907,123572,3039,126611,1496
2021-12-10,Alpine,003,1148,109,109,0,109,0
2021-12-10,Amador,005,37829,5809,5787,73,5860,69
2021-12-10,Butte,007,227075,22031,21819,3971,25790,326
2021-12-10,Calaveras,009,45235,4522,4469,64,4533,89
2021-12-10,Colusa,011,21464,2642,2619,692,3311,21
2021-12-10,Contra Costa,013,1133247,103507,102618,2406,105024,1061
2021-12-10,Del Norte,015,27424,3808,3778,56,3834,42
2021-12-10,El Dorado,017,186661,17048,16796,1803,18599,170
2021-12-10,Fresno,019,978130,147602,145988,12802,158790,2294
2021-12-10,Glenn,021,27897,3610,3585,1020,4605,37
2021-12-10,Humboldt,023,135768,9889,9721,713,10434,118
2021-12-10,Imperial,025,180216,36241,35635,3992,39627,782
2021-12-10,Inyo,027,18085,2609,2576,42,2618,46
2021-12-10,Kern,029,883053,134163,132852,24468,157320,1854
2021-12-10,Kings,031,150075,33934,33530,2070,35600,371
2021-12-10,Lake,033,64148,6997,6932,153,7085,114
2021-12-10,Lassen,035,31185,7081,7049,438,7487,55
2021-12-10,Los Angeles,037,10098052,1485401,1474030,57377,1531407,27031
2021-12-10,Madera,039,155013,24651,24417,2324,26741,311
2021-12-10,Marin,041,260295,18535,18339,556,18895,249
2021-12-10,Mariposa,043,17540,1467,1450,60,1510,6
2021-12-10,Mendocino,045,87422,8283,8130,668,8798,95
2021-12-10,Merced,047,269075,43940,43690,2062,45752,681
2021-12-10,Modoc,049,8938,598,594,203,797,6
2021-12-10,Mono,051,14174,1950,1926,21,1947,4
2021-12-10,Monterey,053,433212,50483,49008,3381,52389,631
2021-12-10,Napa,055,140530,13565,13459,133,13592,107
2021-12-10,Nevada,057,99092,10015,9880,352,10232,106
2021-12-10,Orange,059,3164182,318612,315759,16485,332244,5805
2021-12-10,Placer,061,380077,39393,38959,3969,42928,481
2021-12-10,Plumas,063,18699,1981,1934,48,1982,12
2021-12-10,Riverside,065,2383286,380954,375649,16984,392633,5408
2021-12-10,Sacramento,067,1510023,167190,165530,5168,170698,2386
2021-12-10,San Benito,069,59416,7867,7808,187,7995,79
2021-12-10,San Bernardino,071,2135413,372046,368145,11931,380076,6007
2021-12-10,San Diego,073,3302833,396589,392274,22823,415097,4374
2021-12-10,San Francisco,075,870044,55828,54869,2512,57381,678
2021-12-10,San Joaquin,077,732212,103922,103013,5728,108741,1842
2021-12-10,San Luis Obispo,079,281455,30950,30567,1353,31920,362
2021-12-10,San Mateo,081,765935,56744,55284,1016,56300,580
2021-12-10,Santa Barbara,083,443738,46920,46309,1724,48033,559
2021-12-10,Santa Clara,085,1922200,154620,152846,1704,154550,1941
2021-12-10,Santa Cruz,087,273765,21867,21557,1053,22610,225
2021-12-10,Shasta,089,179085,22874,22660,3775,26435,419
2021-12-10,Sierra,091,2930,203,199,21,220,0
2021-12-10,Siskiyou,093,43540,3476,3418,1378,4796,57
2021-12-10,Solano,095,438530,47631,46891,1370,48261,365
2021-12-10,Sonoma,097,501317,43747,43227,584,43811,407
2021-12-10,Stanislaus,099,539301,82971,82133,9364,91497,1264
2021-12-10,Sutter,101,95872,14449,14354,411,14765,187
2021-12-10,Tehama,103,63373,8854,8776,1553,10329,134
2021-12-10,Trinity,105,12862,910,819,228,1047,17
2021-12-10,Tulare,107,460477,71576,70523,16571,87094,1103
2021-12-10,Tuolumne,109,53932,7792,7760,110,7870,91
2021-12-10,Ventura,111,848112,101736,100711,4528,105239,1195
2021-12-10,Yolo,113,214977,20791,20608,1288,21896,267
2021-12-10,Yuba,115,75493,10614,10519,405,10924,92
2021-12-09,Alameda,001,1643700,124765,123572,3034,126606,1496
2021-12-09,Alpine,003,1148,109,109,0,109,0
2021-12-09,Amador,005,37829,5806,5787,72,5859,69
2021-12-09,Butte,007,227075,22010,21819,3968,25787,326
2021-12-09,Calaveras,009,45235,4513,4469,64,4533,89
2021-12-09,Colusa,011,21464,2640,2619,692,3311,21
2021-12-09,Contra Costa,013,1133247,103388,102618,2400,105018,1061
2021-12-09,Del Norte,015,27424,3807,3778,56,3834,42
2021-12-09,El Dorado,017,186661,17020,16796,1798,18594,170
2021-12-09,Fresno,019,978130,147455,145988,12792,158780,2294
2021-12-09,Glenn,021,27897,3610,3585,1020,4605,37
2021-12-09,Humboldt,023,135768,9867,9721,712,10433,118
2021-12-09,Imperial,025,180216,36171,35635,3962,39597,782
2021-12-09,Inyo,027,18085,2607,2576,42,2618,46
2021-12-09,Kern,029,883053,134037,132852,24435,157287,1854
2021-12-09,Kings,031,150075,33908,33530,2067,35597,371
2021-12-09,Lake,033,64148,6989,6932,153,7085,114
2021-12-09,Lassen,035,31185,7079,7049,438,7487,55
2021-12-09,Los Angeles,037,10098052,1483870,1474030,57292,1531322,27031
2021-12-09,Madera,039,155013,24626,24417,2321,26738,311
2021-12-09,Marin,041,260295,18522,18339,554,18893,249
2021-12-09,Mariposa,043,17540,1466,1450,60,1510,6
2021-12-09,Mendocino,045,87422,8270,8130,668,8798,95
2021-12-09,Merced,047,269075,43901,43690,2051,45741,681
2021-12-09,Modoc,049,8938,598,594,203,797,6
2021-12-09,Mono,051,14174,1945,1926,21,1947,4
2021-12-09,Monterey,053,433212,50435,49008,3370,52378,631
2021-12-09,Napa,055,140530,13545,13459,129,13588,107
2021-12-09,Nevada,057,99092,9996,9880,352,10232,106
2021-12-09,Orange,059,3164182,318281,315759,16446,332205,5805
2021-12-09,Placer,061,380077,39350,38959,3956,42915,481
2021-12-09,Plumas,063,18699,1973,1934,48,1982,12
2021-12-09,Riverside,065,2383286,380407,375649,16969,392618,5408
2021-12-09,Sacramento,067,1510023,166971,165530,5152,170682,2386
2021-12-09,San Benito,069,59416,7855,7808,186,7994,79
2021-12-09,San Bernardino,071,2135413,371561,368145,11911,380056,6007
2021-12-09,San Diego,073,3302833,395943,392274,22793,415067,4374
2021-12-09,San Francisco,075,870044,55743,54869,2505,57374,678
2021-12-09,San Joaquin,077,732212,103830,103013,5722,108735,1842
2021-12-09,San Luis Obispo,079,281455,30922,30567,1351,31918,362
2021-12-09,San Mateo,081,765935,56655,55284,1014,56298,580
2021-12-09,Santa Barbara,083,443738,46842,46309,1717,48026,559
2021-12-09,Santa Clara,085,1922200,154406,152846,1693,154539,1941
2021-12-09,Santa Cruz,087,273765,21839,21557,1053,22610,225
2021-12-09,Shasta,089,179085,22858,22660,3774,26434,419
2021-12-09,Sierra,091,2930,203,199,21,220,0
2021-12-09,Siskiyou,093,43540,3472,3418,1377,4795,57
2021-12-09,Solano,095,438530,47595,46891,1368,48259,365
2021-12-09,Sonoma,097,501317,43690,43227,583,43810,407
2021-12-09,Stanislaus,099,539301,82900,82133,9351,91484,1264
2021-12-09,Sutter,101,95872,14434,14354,411,14765,187
2021-12-09,Tehama,103,63373,8847,8776,1552,10328,134
2021-12-09,Trinity,105,12862,910,819,228,1047,17
2021-12-09,Tulare,107,460477,71519,70523,16542,87065,1103
2021-12-09,Tuolumne,109,53932,7781,7760,110,7870,91
2021-12-09,Ventura,111,848112,101591,100711,4516,105227,1195
2021-12-09,Yolo,113,214977,20768,20608,1280,21888,267
2021-12-09,Yuba,115,75493,10606,10519,402,10921,92
2021-12-08,Alameda,001,1643700,124618,123438,3024,126462,1496
2021-12-08,Alpine,003,1148,109,108,0,108,0
2021-12-08,Amador,005,37829,5801,5781,72,5853,69
2021-12-08,Butte,007,227075,21994,21780,3965,25745,326
2021-12-08,Calaveras,009,45235,4504,4455,64,4519,89
2021-12-08,Colusa,011,21464,2637,2619,691,3310,21
2021-12-08,Contra Costa,013,1133247,103257,102506,2398,104904,1058
2021-12-08,Del Norte,015,27424,3806,3767,56,3823,42
2021-12-08,El Dorado,017,186661,16988,16757,1798,18555,170
2021-12-08,Fresno,019,978130,147299,145830,12781,158611,2293
2021-12-08,Glenn,021,27897,3610,3584,1018,4602,37
2021-12-08,Humboldt,023,135768,9845,9704,710,10414,117
2021-12-08,Imperial,025,180216,36098,35537,3930,39467,782
2021-12-08,Inyo,027,18085,2604,2570,42,2612,46
2021-12-08,Kern,029,883053,133914,132709,24388,157097,1846
2021-12-08,Kings,031,150075,33873,33468,2066,35534,371
2021-12-08,Lake,033,64148,6983,6927,152,7079,114
2021-12-08,Lassen,035,31185,7077,7041,436,7477,55
2021-12-08,Los Angeles,037,10098052,1482345,1472410,57181,1529591,27018
2021-12-08,Madera,039,155013,24605,24396,2314,26710,311
2021-12-08,Marin,041,260295,18501,18305,551,18856,249
2021-12-08,Mariposa,043,17540,1464,1447,60,1507,6
2021-12-08,Mendocino,045,87422,8257,8118,667,8785,95
2021-12-08,Merced,047,269075,43869,43631,2043,45674,680
2021-12-08,Modoc,049,8938,598,594,203,797,6
2021-12-08,Mono,051,14174,1939,1924,21,1945,4
2021-12-08,Monterey,053,433212,50370,48957,3354,52311,631
2021-12-08,Napa,055,140530,13531,13421,129,13550,107
2021-12-08,Nevada,057,99092,9980,9862,352,10214,106
2021-12-08,Orange,059,3164182,317935,315421,16408,331829,5795
2021-12-08,Placer,061,380077,39298,38934,3951,42885,478
2021-12-08,Plumas,063,18699,1971,1924,48,1972,12
2021-12-08,Riverside,065,2383286,379904,375099,16945,392044,5404
2021-12-08,Sacramento,067,1510023,166720,165278,5124,170402,2373
2021-12-08,San Benito,069,59416,7846,7793,186,7979,79
2021-12-08,San Bernardino,071,2135413,371101,367516,11886,379402,6006
2021-12-08,San Diego,073,3302833,395293,391676,22761,414437,4369
2021-12-08,San Francisco,075,870044,55656,54792,2497,57289,677
2021-12-08,San Joaquin,077,732212,103729,102877,5712,108589,1841
2021-12-08,San Luis Obispo,079,281455,30875,30519,1346,31865,361
2021-12-08,San Mateo,081,765935,56584,55220,1008,56228,580
2021-12-08,Santa Barbara,083,443738,46787,46250,1714,47964,558
2021-12-08,Santa Clara,085,1922200,154245,152674,1682,154356,1937
2021-12-08,Santa Cruz,087,273765,21792,21505,1051,22556,224
2021-12-08,Shasta,089,179085,22838,22616,3768,26384,419
2021-12-08,Sierra,091,2930,203,199,21,220,0
2021-12-08,Siskiyou,093,43540,3471,3415,1375,4790,57
2021-12-08,Solano,095,438530,47565,46837,1367,48204,365
2021-12-08,Sonoma,097,501317,43627,43179,582,43761,405
2021-12-08,Stanislaus,099,539301,82817,82038,9340,91378,1264
2021-12-08,Sutter,101,95872,14418,14336,409,14745,187
2021-12-08,Tehama,103,63373,8838,8768,1552,10320,133
2021-12-08,Trinity,105,12862,910,818,228,1046,17
2021-12-08,Tulare,107,460477,71456,70472,16517,86989,1102
2021-12-08,Tuolumne,109,53932,7768,7749,110,7859,91
2021-12-08,Ventura,111,848112,101462,100647,4513,105160,1194
2021-12-08,Yolo,113,214977,20742,20575,1274,21849,267
2021-12-08,Yuba,115,75493,10592,10499,399,10898,92
2021-12-07,Alameda,001,1643700,124448,123325,3015,126340,1497
2021-12-07,Alpine,003,1148,109,108,0,108,0
2021-12-07,Amador,005,37829,5798,5778,71,5849,69
2021-12-07,Butte,007,227075,21970,21761,3960,25721,324
2021-12-07,Calaveras,009,45235,4488,4445,64,4509,88
2021-12-07,Colusa,011,21464,2635,2619,691,3310,21
2021-12-07,Contra Costa,013,1133247,103135,102421,2389,104810,1058
2021-12-07,Del Norte,015,27424,3805,3766,56,3822,42
2021-12-07,El Dorado,017,186661,16965,16742,1795,18537,170
2021-12-07,Fresno,019,978130,147153,145715,12764,158479,2289
2021-12-07,Glenn,021,27897,3609,3579,1017,4596,36
2021-12-07,Humboldt,023,135768,9821,9693,705,10398,117
2021-12-07,Imperial,025,180216,36020,35502,3908,39410,778
2021-12-07,Inyo,027,18085,2601,2567,42,2609,46
2021-12-07,Kern,029,883053,133758,132564,24335,156899,1838
2021-12-07,Kings,031,150075,33841,33441,2063,35504,372
2021-12-07,Lake,033,64148,6978,6925,152,7077,113
2021-12-07,Lassen,035,31185,7076,7040,435,7475,55
2021-12-07,Los Angeles,037,10098052,1480566,1470904,57078,1527982,27007
2021-12-07,Madera,039,155013,24582,24367,2307,26674,311
2021-12-07,Marin,041,260295,18467,18284,545,18829,249
2021-12-07,Mariposa,043,17540,1462,1446,60,1506,6
2021-12-07,Mendocino,045,87422,8239,8107,667,8774,95
2021-12-07,Merced,047,269075,43828,43600,2036,45636,675
2021-12-07,Modoc,049,8938,598,594,202,796,6
2021-12-07,Mono,051,14174,1936,1921,21,1942,4
2021-12-07,Monterey,053,433212,50287,48880,3337,52217,631
2021-12-07,Napa,055,140530,13513,13409,129,13538,107
2021-12-07,Nevada,057,99092,9966,9858,351,10209,105
2021-12-07,Orange,059,3164182,317604,315138,16359,331497,5784
2021-12-07,Placer,061,380077,39222,38860,3947,42807,474
2021-12-07,Plumas,063,18699,1967,1915,48,1963,12
2021-12-07,Riverside,065,2383286,379377,374552,16929,391481,5397
2021-12-07,Sacramento,067,1510023,166475,165148,5110,170258,2375
2021-12-07,San Benito,069,59416,7830,7776,186,7962,78
2021-12-07,San Bernardino,071,2135413,370537,366981,11868,378849,6007
2021-12-07,San Diego,073,3302833,394441,391110,22723,413833,4357
2021-12-07,San Francisco,075,870044,55546,54729,2492,57221,676
2021-12-07,San Joaquin,077,732212,103610,102797,5700,108497,1839
2021-12-07,San Luis Obispo,079,281455,30836,30495,1344,31839,361
2021-12-07,San Mateo,081,765935,56495,55163,1002,56165,580
2021-12-07,Santa Barbara,083,443738,46716,46205,1712,47917,556
2021-12-07,Santa Clara,085,1922200,154059,152465,1673,154138,1941
2021-12-07,Santa Cruz,087,273765,21745,21493,1051,22544,224
2021-12-07,Shasta,089,179085,22816,22594,3765,26359,418
2021-12-07,Sierra,091,2930,203,199,21,220,0
2021-12-07,Siskiyou,093,43540,3469,3412,1375,4787,57
2021-12-07,Solano,095,438530,47525,46812,1365,48177,365
2021-12-07,Sonoma,097,501317,43553,43154,581,43735,405
2021-12-07,Stanislaus,099,539301,82739,81980,9327,91307,1258
2021-12-07,Sutter,101,95872,14410,14322,408,14730,186
2021-12-07,Tehama,103,63373,8830,8765,1551,10316,133
2021-12-07,Trinity,105,12862,910,818,228,1046,17
2021-12-07,Tulare,107,460477,71398,70411,16488,86899,1103
2021-12-07,Tuolumne,109,53932,7760,7743,110,7853,91
2021-12-07,Ventura,111,848112,101366,100569,4503,105072,1194
2021-12-07,Yolo,113,214977,20716,20560,1271,21831,263
2021-12-07,Yuba,115,75493,10575,10491,398,10889,91
2021-12-06,Alameda,001,1643700,124282,123227,3012,126239,1496
2021-12-06,Alpine,003,1148,109,108,0,108,0
2021-12-06,Amador,005,37829,5792,5769,70,5839,67
2021-12-06,Butte,007,227075,21953,21732,3957,25689,321
2021-12-06,Calaveras,009,45235,4481,4443,64,4507,88
2021-12-06,Colusa,011,21464,2634,2615,687,3302,21
2021-12-06,Contra Costa,013,1133247,103015,102327,2386,104713,1058
2021-12-06,Del Norte,015,27424,3803,3744,56,3800,42
2021-12-06,El Dorado,017,186661,16941,16726,1793,18519,168
2021-12-06,Fresno,019,978130,146958,145539,12754,158293,2285
2021-12-06,Glenn,021,27897,3606,3577,1015,4592,36
2021-12-06,Humboldt,023,135768,9801,9671,698,10369,117
2021-12-06,Imperial,025,180216,35942,35453,3890,39343,778
2021-12-06,Inyo,027,18085,2595,2562,41,2603,46
2021-12-06,Kern,029,883053,133572,132366,24277,156643,1835
2021-12-06,Kings,031,150075,33808,33399,2058,35457,368
2021-12-06,Lake,033,64148,6974,6922,152,7074,113
2021-12-06,Lassen,035,31185,7071,7032,433,7465,51
2021-12-06,Los Angeles,037,10098052,1478910,1470059,56986,1527045,26993
2021-12-06,Madera,039,155013,24555,24334,2303,26637,307
2021-12-06,Marin,041,260295,18439,18252,543,18795,249
2021-12-06,Mariposa,043,17540,1459,1443,60,1503,6
2021-12-06,Mendocino,045,87422,8226,8079,664,8743,95
2021-12-06,Merced,047,269075,43788,43549,2026,45575,672
2021-12-06,Modoc,049,8938,598,593,202,795,6
2021-12-06,Mono,051,14174,1932,1913,21,1934,4
2021-12-06,Monterey,053,433212,50211,48831,3317,52148,626
2021-12-06,Napa,055,140530,13490,13387,127,13514,107
2021-12-06,Nevada,057,99092,9939,9847,350,10197,105
2021-12-06,Orange,059,3164182,317228,314859,16316,331175,5771
2021-12-06,Placer,061,380077,39164,38785,3942,42727,473
2021-12-06,Plumas,063,18699,1959,1913,48,1961,10
2021-12-06,Riverside,065,2383286,378859,374116,16915,391031,5388
2021-12-06,Sacramento,067,1510023,166194,164926,5089,170015,2367
2021-12-06,San Benito,069,59416,7814,7755,186,7941,78
2021-12-06,San Bernardino,071,2135413,369989,366606,11841,378447,5998
2021-12-06,San Diego,073,3302833,393591,390389,22678,413067,4352
2021-12-06,San Francisco,075,870044,55439,54659,2487,57146,674
2021-12-06,San Joaquin,077,732212,103484,102728,5693,108421,1837
2021-12-06,San Luis Obispo,079,281455,30799,30464,1342,31806,361
2021-12-06,San Mateo,081,765935,56421,55112,999,56111,580
2021-12-06,Santa Barbara,083,443738,46625,46146,1711,47857,556
2021-12-06,Santa Clara,085,1922200,153851,152310,1658,153968,1937
2021-12-06,Santa Cruz,087,273765,21710,21450,1048,22498,224
2021-12-06,Shasta,089,179085,22793,22556,3757,26313,416
2021-12-06,Sierra,091,2930,202,198,21,219,0
2021-12-06,Siskiyou,093,43540,3467,3409,1370,4779,57
2021-12-06,Solano,095,438530,47480,46748,1364,48112,360
2021-12-06,Sonoma,097,501317,43485,43114,573,43687,405
2021-12-06,Stanislaus,099,539301,82642,81889,9293,91182,1241
2021-12-06,Sutter,101,95872,14398,14319,408,14727,186
2021-12-06,Tehama,103,63373,8822,8760,1551,10311,133
2021-12-06,Trinity,105,12862,910,815,227,1042,17
2021-12-06,Tulare,107,460477,71321,70285,16449,86734,1101
2021-12-06,Tuolumne,109,53932,7746,7726,110,7836,91
2021-12-06,Ventura,111,848112,101264,100426,4495,104921,1194
2021-12-06,Yolo,113,214977,20693,20548,1270,21818,263
2021-12-06,Yuba,115,75493,10560,10480,393,10873,91
2021-12-05,Alameda,001,1643700,124094,123104,3004,126108,1496
2021-12-05,Alpine,003,1148,108,108,0,108,0
2021-12-05,Amador,005,37829,5789,5761,70,5831,67
2021-12-05,Butte,007,227075,21919,21720,3951,25671,320
2021-12-05,Calaveras,009,45235,4465,4434,64,4498,88
2021-12-05,Colusa,011,21464,2633,2615,686,3301,21
2021-12-05,Contra Costa,013,1133247,102885,102251,2376,104627,1058
2021-12-05,Del Norte,015,27424,3801,3751,56,3807,42
2021-12-05,El Dorado,017,186661,16904,16717,1787,18504,168
2021-12-05,Fresno,019,978130,146783,145452,12733,158185,2284
2021-12-05,Glenn,021,27897,3604,3577,1013,4590,36
2021-12-05,Humboldt,023,135768,9771,9662,695,10357,117
2021-12-05,Imperial,025,180216,35851,35422,3860,39282,778
2021-12-05,Inyo,027,18085,2588,2559,41,2600,46
2021-12-05,Kern,029,883053,133407,132286,24225,156511,1833
2021-12-05,Kings,031,150075,33744,33360,2058,35418,369
2021-12-05,Lake,033,64148,6969,6919,151,7070,113
2021-12-05,Lassen,035,31185,7069,7031,433,7464,51
2021-12-05,Los Angeles,037,10098052,1477074,1468937,56850,1525787,26991
2021-12-05,Madera,039,155013,24514,24311,2300,26611,307
2021-12-05,Marin,041,260295,18392,18216,535,18751,249
2021-12-05,Mariposa,043,17540,1456,1440,59,1499,6
2021-12-05,Mendocino,045,87422,8207,8069,658,8727,95
2021-12-05,Merced,047,269075,43745,43534,2017,45551,672
2021-12-05,Modoc,049,8938,598,593,202,795,6
2021-12-05,Mono,051,14174,1925,1907,21,1928,4
2021-12-05,Monterey,053,433212,50140,48813,3285,52098,626
2021-12-05,Napa,055,140530,13464,13382,124,13506,107
2021-12-05,Nevada,057,99092,9918,9827,350,10177,105
2021-12-05,Orange,059,3164182,316797,314560,16274,330834,5771
2021-12-05,Placer,061,380077,39106,38738,3933,42671,473
2021-12-05,Plumas,063,18699,1955,1913,47,1960,9
2021-12-05,Riverside,065,2383286,378204,373827,16885,390712,5388
2021-12-05,Sacramento,067,1510023,165886,164721,5071,169792,2367
2021-12-05,San Benito,069,59416,7797,7748,185,7933,78
2021-12-05,San Bernardino,071,2135413,369295,366282,11794,378076,5998
2021-12-05,San Diego,073,3302833,392793,387979,22630,410609,4351
2021-12-05,San Francisco,075,870044,55338,54603,2486,57089,674
2021-12-05,San Joaquin,077,732212,103343,102698,5688,108386,1837
2021-12-05,San Luis Obispo,079,281455,30730,30454,1339,31793,360
2021-12-05,San Mateo,081,765935,56331,55050,989,56039,580
2021-12-05,Santa Barbara,083,443738,46542,46097,1703,47800,555
2021-12-05,Santa Clara,085,1922200,153596,152114,1638,153752,1933
2021-12-05,Santa Cruz,087,273765,21660,21424,1048,22472,224
2021-12-05,Shasta,089,179085,22735,22550,3756,26306,416
2021-12-05,Sierra,091,2930,202,198,21,219,0
2021-12-05,Siskiyou,093,43540,3465,3409,1368,4777,57
2021-12-05,Solano,095,438530,47417,46715,1362,48077,360
2021-12-05,Sonoma,097,501317,43408,43038,568,43606,405
2021-12-05,Stanislaus,099,539301,82499,81847,9285,91132,1241
2021-12-05,Sutter,101,95872,14374,14303,403,14706,186
2021-12-05,Tehama,103,63373,8814,8755,1550,10305,133
2021-12-05,Trinity,105,12862,909,815,227,1042,17
2021-12-05,Tulare,107,460477,71239,70254,16401,86655,1102
2021-12-05,Tuolumne,109,53932,7733,7718,110,7828,91
2021-12-05,Ventura,111,848112,101128,100367,4482,104849,1194
2021-12-05,Yolo,113,214977,20651,20512,1268,21780,263
2021-12-05,Yuba,115,75493,10547,10467,386,10853,91
2021-12-04,Alameda,001,1643700,123987,122508,3000,125508,1494
2021-12-04,Alpine,003,1148,108,108,0,108,0
2021-12-04,Amador,005,37829,5786,5729,70,5799,67
2021-12-04,Butte,007,227075,21900,21638,3947,25585,318
2021-12-04,Calaveras,009,45235,4457,4392,63,4455,88
2021-12-04,Colusa,011,21464,2633,2600,684,3284,21
2021-12-04,Contra Costa,013,1133247,102812,101824,2370,104194,1056
2021-12-04,Del Norte,015,27424,3798,3726,56,3782,42
2021-12-04,El Dorado,017,186661,16895,16621,1786,18407,168
2021-12-04,Fresno,019,978130,146695,144734,12728,157462,2270
2021-12-04,Glenn,021,27897,3604,3559,1013,4572,36
2021-12-04,Humboldt,023,135768,9756,9596,691,10287,117
2021-12-04,Imperial,025,180216,35796,35206,3847,39053,776
2021-12-04,Inyo,027,18085,2583,2538,41,2579,46
2021-12-04,Kern,029,883053,133329,131771,24202,155973,1817
2021-12-04,Kings,031,150075,33720,33183,2057,35240,367
2021-12-04,Lake,033,64148,6960,6903,151,7054,113
2021-12-04,Lassen,035,31185,7068,7014,431,7445,51
2021-12-04,Los Angeles,037,10098052,1476206,1463270,56772,1520042,26952
2021-12-04,Madera,039,155013,24500,24188,2296,26484,307
2021-12-04,Marin,041,260295,18370,18075,534,18609,249
2021-12-04,Mariposa,043,17540,1452,1421,59,1480,6
2021-12-04,Mendocino,045,87422,8202,7981,658,8639,91
2021-12-04,Merced,047,269075,43717,43337,2015,45352,671
2021-12-04,Modoc,049,8938,598,591,202,793,6
2021-12-04,Mono,051,14174,1925,1883,21,1904,4
2021-12-04,Monterey,053,433212,50107,48682,3278,51960,626
2021-12-04,Napa,055,140530,13454,13327,123,13450,106
2021-12-04,Nevada,057,99092,9911,9752,350,10102,105
2021-12-04,Orange,059,3164182,316568,313112,16248,329360,5748
2021-12-04,Placer,061,380077,39066,38460,3927,42387,473
2021-12-04,Plumas,063,18699,1952,1903,47,1950,7
2021-12-04,Riverside,065,2383286,377846,371768,16879,388647,5381
2021-12-04,Sacramento,067,1510023,165746,163900,5063,168963,2365
2021-12-04,San Benito,069,59416,7771,7688,185,7873,78
2021-12-04,San Bernardino,071,2135413,368905,364154,11781,375935,5983
2021-12-04,San Diego,073,3302833,392313,386710,22601,409311,4350
2021-12-04,San Francisco,075,870044,55269,54286,2483,56769,674
2021-12-04,San Joaquin,077,732212,103290,102286,5686,107972,1835
2021-12-04,San Luis Obispo,079,281455,30709,30318,1335,31653,360
2021-12-04,San Mateo,081,765935,56281,54774,986,55760,579
2021-12-04,Santa Barbara,083,443738,46497,45774,1703,47477,555
2021-12-04,Santa Clara,085,1922200,153440,151275,1624,152899,1928
2021-12-04,Santa Cruz,087,273765,21634,21286,1047,22333,224
2021-12-04,Shasta,089,179085,22718,22418,3754,26172,414
2021-12-04,Sierra,091,2930,202,196,21,217,0
2021-12-04,Siskiyou,093,43540,3463,3398,1368,4766,57
2021-12-04,Solano,095,438530,47397,46529,1361,47890,360
2021-12-04,Sonoma,097,501317,43362,42778,565,43343,405
2021-12-04,Stanislaus,099,539301,82426,81462,9278,90740,1231
2021-12-04,Sutter,101,95872,14366,14258,402,14660,186
2021-12-04,Tehama,103,63373,8812,8742,1550,10292,131
2021-12-04,Trinity,105,12862,908,801,227,1028,17
2021-12-04,Tulare,107,460477,71201,70014,16373,86387,1100
2021-12-04,Tuolumne,109,53932,7728,7676,110,7786,91
2021-12-04,Ventura,111,848112,101037,99751,4478,104229,1192
2021-12-04,Yolo,113,214977,20629,20442,1266,21708,261
2021-12-04,Yuba,115,75493,10536,10418,385,10803,91
2021-12-03,Alameda,001,1643700,123894,122508,2990,125498,1494
2021-12-03,Alpine,003,1148,108,108,0,108,0
2021-12-03,Amador,005,37829,5781,5729,69,5798,67
2021-12-03,Butte,007,227075,21887,21638,3942,25580,318
2021-12-03,Calaveras,009,45235,4448,4392,63,4455,88
2021-12-03,Colusa,011,21464,2631,2600,684,3284,21
2021-12-03,Contra Costa,013,1133247,102739,101824,2365,104189,1056
2021-12-03,Del Norte,015,27424,3796,3726,56,3782,42
2021-12-03,El Dorado,017,186661,16866,16621,1784,18405,168
2021-12-03,Fresno,019,978130,146582,144734,12726,157460,2270
2021-12-03,Glenn,021,27897,3603,3559,1012,4571,36
2021-12-03,Humboldt,023,135768,9739,9596,689,10285,117
2021-12-03,Imperial,025,180216,35751,35206,3817,39023,776
2021-12-03,Inyo,027,18085,2576,2538,41,2579,46
2021-12-03,Kern,029,883053,133258,131771,24166,155937,1817
2021-12-03,Kings,031,150075,33692,33183,2057,35240,367
2021-12-03,Lake,033,64148,6960,6903,151,7054,113
2021-12-03,Lassen,035,31185,7066,7014,430,7444,51
2021-12-03,Los Angeles,037,10098052,1475266,1463270,56691,1519961,26952
2021-12-03,Madera,039,155013,24474,24188,2292,26480,307
2021-12-03,Marin,041,260295,18338,18075,530,18605,249
2021-12-03,Mariposa,043,17540,1450,1421,59,1480,6
2021-12-03,Mendocino,045,87422,8195,7981,658,8639,91
2021-12-03,Merced,047,269075,43694,43337,2012,45349,671
2021-12-03,Modoc,049,8938,598,591,202,793,6
2021-12-03,Mono,051,14174,1919,1883,21,1904,4
2021-12-03,Monterey,053,433212,50068,48682,3267,51949,626
2021-12-03,Napa,055,140530,13442,13327,123,13450,106
2021-12-03,Nevada,057,99092,9900,9752,350,10102,105
2021-12-03,Orange,059,3164182,316301,313112,16215,329327,5748
2021-12-03,Placer,061,380077,39029,38460,3920,42380,473
2021-12-03,Plumas,063,18699,1949,1903,47,1950,7
2021-12-03,Riverside,065,2383286,377455,371768,16873,388641,5381
2021-12-03,Sacramento,067,1510023,165567,163900,5049,168949,2365
2021-12-03,San Benito,069,59416,7764,7688,185,7873,78
2021-12-03,San Bernardino,071,2135413,368463,364154,11771,375925,5983
2021-12-03,San Diego,073,3302833,391836,386710,22577,409287,4350
2021-12-03,San Francisco,075,870044,55199,54286,2479,56765,674
2021-12-03,San Joaquin,077,732212,103233,102286,5685,107971,1835
2021-12-03,San Luis Obispo,079,281455,30683,30318,1332,31650,360
2021-12-03,San Mateo,081,765935,56218,54774,983,55757,579
2021-12-03,Santa Barbara,083,443738,46462,45774,1703,47477,555
2021-12-03,Santa Clara,085,1922200,153258,151275,1609,152884,1928
2021-12-03,Santa Cruz,087,273765,21607,21286,1047,22333,224
2021-12-03,Shasta,089,179085,22703,22418,3754,26172,414
2021-12-03,Sierra,091,2930,202,196,21,217,0
2021-12-03,Siskiyou,093,43540,3460,3398,1366,4764,57
2021-12-03,Solano,095,438530,47355,46529,1360,47889,360
2021-12-03,Sonoma,097,501317,43326,42778,563,43341,405
2021-12-03,Stanislaus,099,539301,82369,81462,9269,90731,1231
2021-12-03,Sutter,101,95872,14353,14258,400,14658,186
2021-12-03,Tehama,103,63373,8811,8742,1549,10291,131
2021-12-03,Trinity,105,12862,908,801,227,1028,17
2021-12-03,Tulare,107,460477,71162,70014,16341,86355,1100
2021-12-03,Tuolumne,109,53932,7719,7676,110,7786,91
2021-12-03,Ventura,111,848112,100950,99751,4471,104222,1192
2021-12-03,Yolo,113,214977,20612,20442,1265,21707,261
2021-12-03,Yuba,115,75493,10528,10418,385,10803,91
2021-12-02,Alameda,001,1643700,123739,122508,2982,125490,1494
2021-12-02,Alpine,003,1148,108,108,0,108,0
2021-12-02,Amador,005,37829,5776,5729,68,5797,67
2021-12-02,Butte,007,227075,21862,21638,3939,25577,318
2021-12-02,Calaveras,009,45235,4438,4392,62,4454,88
2021-12-02,Colusa,011,21464,2630,2600,684,3284,21
2021-12-02,Contra Costa,013,1133247,102625,101824,2361,104185,1056
2021-12-02,Del Norte,015,27424,3788,3726,56,3782,42
2021-12-02,El Dorado,017,186661,16845,16621,1782,18403,168
2021-12-02,Fresno,019,978130,146418,144734,12716,157450,2270
2021-12-02,Glenn,021,27897,3603,3559,1011,4570,36
2021-12-02,Humboldt,023,135768,9720,9596,687,10283,117
2021-12-02,Imperial,025,180216,35686,35206,3794,39000,776
2021-12-02,Inyo,027,18085,2571,2538,41,2579,46
2021-12-02,Kern,029,883053,133087,131771,24113,155884,1817
2021-12-02,Kings,031,150075,33637,33183,2055,35238,367
2021-12-02,Lake,033,64148,6956,6903,151,7054,113
2021-12-02,Lassen,035,31185,7062,7014,430,7444,51
2021-12-02,Los Angeles,037,10098052,1473754,1463270,56608,1519878,26952
2021-12-02,Madera,039,155013,24437,24188,2283,26471,307
2021-12-02,Marin,041,260295,18308,18075,526,18601,249
2021-12-02,Mariposa,043,17540,1448,1421,59,1480,6
2021-12-02,Mendocino,045,87422,8179,7981,657,8638,91
2021-12-02,Merced,047,269075,43648,43337,2006,45343,671
2021-12-02,Modoc,049,8938,597,591,202,793,6
2021-12-02,Mono,051,14174,1913,1883,21,1904,4
2021-12-02,Monterey,053,433212,49995,48682,3245,51927,626
2021-12-02,Napa,055,140530,13429,13327,123,13450,106
2021-12-02,Nevada,057,99092,9882,9752,349,10101,105
2021-12-02,Orange,059,3164182,315962,313112,16178,329290,5748
2021-12-02,Placer,061,380077,38964,38460,3915,42375,473
2021-12-02,Plumas,063,18699,1947,1903,47,1950,7
2021-12-02,Riverside,065,2383286,376929,371768,16863,388631,5381
2021-12-02,Sacramento,067,1510023,165339,163900,5039,168939,2365
2021-12-02,San Benito,069,59416,7743,7688,185,7873,78
2021-12-02,San Bernardino,071,2135413,367917,364154,11751,375905,5983
2021-12-02,San Diego,073,3302833,391191,386710,22523,409233,4350
2021-12-02,San Francisco,075,870044,55100,54286,2474,56760,674
2021-12-02,San Joaquin,077,732212,103119,102286,5680,107966,1835
2021-12-02,San Luis Obispo,079,281455,30650,30318,1325,31643,360
2021-12-02,San Mateo,081,765935,56137,54774,975,55749,579
2021-12-02,Santa Barbara,083,443738,46381,45774,1700,47474,555
2021-12-02,Santa Clara,085,1922200,153010,151275,1592,152867,1928
2021-12-02,Santa Cruz,087,273765,21555,21286,1046,22332,224
2021-12-02,Shasta,089,179085,22670,22418,3753,26171,414
2021-12-02,Sierra,091,2930,202,196,21,217,0
2021-12-02,Siskiyou,093,43540,3459,3398,1359,4757,57
2021-12-02,Solano,095,438530,47304,46529,1358,47887,360
2021-12-02,Sonoma,097,501317,43255,42778,563,43341,405
2021-12-02,Stanislaus,099,539301,82273,81462,9261,90723,1231
2021-12-02,Sutter,101,95872,14340,14258,397,14655,186
2021-12-02,Tehama,103,63373,8804,8742,1547,10289,131
2021-12-02,Trinity,105,12862,908,801,227,1028,17
2021-12-02,Tulare,107,460477,71074,70014,16289,86303,1100
2021-12-02,Tuolumne,109,53932,7704,7676,109,7785,91
2021-12-02,Ventura,111,848112,100825,99751,4469,104220,1192
2021-12-02,Yolo,113,214977,20587,20442,1261,21703,261
2021-12-02,Yuba,115,75493,10512,10418,382,10800,91
2021-12-01,Alameda,001,1643700,123587,122298,2972,125270,1492
2021-12-01,Alpine,003,1148,108,108,0,108,0
2021-12-01,Amador,005,37829,5769,5723,68,5791,67
2021-12-01,Butte,007,227075,21842,21600,3934,25534,318
2021-12-01,Calaveras,009,45235,4433,4371,62,4433,88
2021-12-01,Colusa,011,21464,2623,2595,681,3276,20
2021-12-01,Contra Costa,013,1133247,102516,101651,2350,104001,1048
2021-12-01,Del Norte,015,27424,3786,3722,56,3778,42
2021-12-01,El Dorado,017,186661,16824,16575,1780,18355,166
2021-12-01,Fresno,019,978130,146212,144507,12707,157214,2264
2021-12-01,Glenn,021,27897,3596,3556,1010,4566,36
2021-12-01,Humboldt,023,135768,9696,9573,682,10255,117
2021-12-01,Imperial,025,180216,35605,35085,3767,38852,776
2021-12-01,Inyo,027,18085,2567,2533,41,2574,46
2021-12-01,Kern,029,883053,132940,131580,24058,155638,1804
2021-12-01,Kings,031,150075,33588,33112,2054,35166,364
2021-12-01,Lake,033,64148,6948,6896,150,7046,112
2021-12-01,Lassen,035,31185,7056,7008,428,7436,51
2021-12-01,Los Angeles,037,10098052,1472169,1461394,56513,1517907,26928
2021-12-01,Madera,039,155013,24405,24134,2274,26408,307
2021-12-01,Marin,041,260295,18271,18038,520,18558,249
2021-12-01,Mariposa,043,17540,1444,1415,59,1474,6
2021-12-01,Mendocino,045,87422,8165,7966,652,8618,90
2021-12-01,Merced,047,269075,43592,43259,1985,45244,670
2021-12-01,Modoc,049,8938,597,576,202,778,5
2021-12-01,Mono,051,14174,1909,1876,21,1897,4
2021-12-01,Monterey,053,433212,49946,48611,3236,51847,626
2021-12-01,Napa,055,140530,13412,13319,120,13439,107
2021-12-01,Nevada,057,99092,9869,9706,349,10055,105
2021-12-01,Orange,059,3164182,315601,312772,16140,328912,5735
2021-12-01,Placer,061,380077,38908,38373,3909,42282,472
2021-12-01,Plumas,063,18699,1943,1893,47,1940,7
2021-12-01,Riverside,065,2383286,376407,371189,16846,388035,5369
2021-12-01,Sacramento,067,1510023,165125,163616,5019,168635,2360
2021-12-01,San Benito,069,59416,7729,7669,185,7854,78
2021-12-01,San Bernardino,071,2135413,367339,363368,11726,375094,5973
2021-12-01,San Diego,073,3302833,390395,386056,22470,408526,4346
2021-12-01,San Francisco,075,870044,55018,54199,2467,56666,672
2021-12-01,San Joaquin,077,732212,103011,102109,5679,107788,1834
2021-12-01,San Luis Obispo,079,281455,30609,30238,1321,31559,360
2021-12-01,San Mateo,081,765935,56055,54711,971,55682,579
2021-12-01,Santa Barbara,083,443738,46311,45681,1698,47379,554
2021-12-01,Santa Clara,085,1922200,152793,150961,1575,152536,1925
2021-12-01,Santa Cruz,087,273765,21525,21191,1045,22236,224
2021-12-01,Shasta,089,179085,22638,22375,3747,26122,410
2021-12-01,Sierra,091,2930,202,195,21,216,0
2021-12-01,Siskiyou,093,43540,3456,3391,1359,4750,55
2021-12-01,Solano,095,438530,47260,46485,1358,47843,360
2021-12-01,Sonoma,097,501317,43182,42713,562,43275,405
2021-12-01,Stanislaus,099,539301,82176,81330,9250,90580,1231
2021-12-01,Sutter,101,95872,14325,14229,396,14625,186
2021-12-01,Tehama,103,63373,8794,8728,1547,10275,130
2021-12-01,Trinity,105,12862,903,801,227,1028,17
2021-12-01,Tulare,107,460477,70996,69953,16249,86202,1098
2021-12-01,Tuolumne,109,53932,7696,7655,109,7764,91
2021-12-01,Ventura,111,848112,100719,99680,4458,104138,1191
2021-12-01,Yolo,113,214977,20559,20393,1261,21654,260
2021-12-01,Yuba,115,75493,10500,10401,381,10782,89
2021-11-30,Alameda,001,1643700,123416,122196,2963,125159,1489
2021-11-30,Alpine,003,1148,108,108,0,108,0
2021-11-30,Amador,005,37829,5761,5716,68,5784,66
2021-11-30,Butte,007,227075,21813,21565,3925,25490,318
2021-11-30,Calaveras,009,45235,4415,4360,62,4422,88
2021-11-30,Colusa,011,21464,2622,2592,681,3273,21
2021-11-30,Contra Costa,013,1133247,102379,101538,2343,103881,1046
2021-11-30,Del Norte,015,27424,3780,3718,56,3774,42
2021-11-30,El Dorado,017,186661,16796,16558,1774,18332,166
2021-11-30,Fresno,019,978130,146015,144384,12699,157083,2259
2021-11-30,Glenn,021,27897,3591,3555,1009,4564,36
2021-11-30,Humboldt,023,135768,9665,9539,676,10215,116
2021-11-30,Imperial,025,180216,35497,34999,3739,38738,773
2021-11-30,Inyo,027,18085,2558,2530,41,2571,46
2021-11-30,Kern,029,883053,132767,131451,24001,155452,1799
2021-11-30,Kings,031,150075,33537,33074,2050,35124,362
2021-11-30,Lake,033,64148,6943,6892,148,7040,110
2021-11-30,Lassen,035,31185,7052,7003,427,7430,51
2021-11-30,Los Angeles,037,10098052,1470383,1460177,56408,1516585,26913
2021-11-30,Madera,039,155013,24371,24108,2269,26377,307
2021-11-30,Marin,041,260295,18227,18010,518,18528,249
2021-11-30,Mariposa,043,17540,1438,1412,59,1471,6
2021-11-30,Mendocino,045,87422,8136,7960,646,8606,89
2021-11-30,Merced,047,269075,43522,43200,1978,45178,668
2021-11-30,Modoc,049,8938,596,576,202,778,5
2021-11-30,Mono,051,14174,1906,1873,21,1894,4
2021-11-30,Monterey,053,433212,49882,48581,3226,51807,626
2021-11-30,Napa,055,140530,13392,13308,120,13428,105
2021-11-30,Nevada,057,99092,9853,9699,348,10047,105
2021-11-30,Orange,059,3164182,315181,312451,16099,328550,5724
2021-11-30,Placer,061,380077,38806,38324,3901,42225,470
2021-11-30,Plumas,063,18699,1938,1887,46,1933,7
2021-11-30,Riverside,065,2383286,375724,370739,16821,387560,5358
2021-11-30,Sacramento,067,1510023,164843,163420,4996,168416,2353
2021-11-30,San Benito,069,59416,7707,7645,184,7829,78
2021-11-30,San Bernardino,071,2135413,366668,363006,11703,374709,5967
2021-11-30,San Diego,073,3302833,389463,385405,22426,407831,4340
2021-11-30,San Francisco,075,870044,54910,54147,2458,56605,672
2021-11-30,San Joaquin,077,732212,102885,101972,5671,107643,1834
2021-11-30,San Luis Obispo,079,281455,30584,30200,1318,31518,360
2021-11-30,San Mateo,081,765935,55953,54656,961,55617,579
2021-11-30,Santa Barbara,083,443738,46215,45628,1692,47320,553
2021-11-30,Santa Clara,085,1922200,152532,150799,1556,152355,1929
2021-11-30,Santa Cruz,087,273765,21466,21169,1041,22210,224
2021-11-30,Shasta,089,179085,22608,22347,3744,26091,401
2021-11-30,Sierra,091,2930,199,195,21,216,0
2021-11-30,Siskiyou,093,43540,3452,3385,1356,4741,55
2021-11-30,Solano,095,438530,47197,46434,1352,47786,358
2021-11-30,Sonoma,097,501317,43104,42663,561,43224,405
2021-11-30,Stanislaus,099,539301,82072,81276,9225,90501,1227
2021-11-30,Sutter,101,95872,14314,14210,393,14603,186
2021-11-30,Tehama,103,63373,8787,8727,1546,10273,130
2021-11-30,Trinity,105,12862,902,799,227,1026,17
2021-11-30,Tulare,107,460477,70907,69900,16203,86103,1099
2021-11-30,Tuolumne,109,53932,7681,7643,109,7752,91
2021-11-30,Ventura,111,848112,100566,99601,4446,104047,1191
2021-11-30,Yolo,113,214977,20519,20376,1255,21631,260
2021-11-30,Yuba,115,75493,10481,10398,376,10774,89
2021-11-29,Alameda,001,1643700,123258,122136,2953,125089,1489
2021-11-29,Alpine,003,1148,108,108,0,108,0
2021-11-29,Amador,005,37829,5754,5706,68,5774,66
2021-11-29,Butte,007,227075,21787,21544,3919,25463,314
2021-11-29,Calaveras,009,45235,4399,4353,62,4415,88
2021-11-29,Colusa,011,21464,2620,2585,678,3263,20
2021-11-29,Contra Costa,013,1133247,102231,101441,2335,103776,1046
2021-11-29,Del Norte,015,27424,3777,3704,56,3760,42
2021-11-29,El Dorado,017,186661,16778,16534,1769,18303,166
2021-11-29,Fresno,019,978130,145812,144282,12683,156965,2254
2021-11-29,Glenn,021,27897,3588,3555,1008,4563,36
2021-11-29,Humboldt,023,135768,9648,9514,669,10183,115
2021-11-29,Imperial,025,180216,35433,34960,3718,38678,773
2021-11-29,Inyo,027,18085,2553,2529,41,2570,46
2021-11-29,Kern,029,883053,132582,131362,23959,155321,1789
2021-11-29,Kings,031,150075,33485,33059,2046,35105,363
2021-11-29,Lake,033,64148,6931,6889,148,7037,110
2021-11-29,Lassen,035,31185,7049,7003,425,7428,51
2021-11-29,Los Angeles,037,10098052,1468537,1459446,56321,1515767,26889
2021-11-29,Madera,039,155013,24333,24069,2261,26330,307
2021-11-29,Marin,041,260295,18180,17980,513,18493,249
2021-11-29,Mariposa,043,17540,1430,1409,59,1468,6
2021-11-29,Mendocino,045,87422,8119,7954,642,8596,89
2021-11-29,Merced,047,269075,43448,43167,1971,45138,667
2021-11-29,Modoc,049,8938,595,569,202,771,5
2021-11-29,Mono,051,14174,1888,1859,21,1880,4
2021-11-29,Monterey,053,433212,49822,48548,3210,51758,626
2021-11-29,Napa,055,140530,13382,13304,120,13424,104
2021-11-29,Nevada,057,99092,9839,9689,348,10037,105
2021-11-29,Orange,059,3164182,314781,312203,16053,328256,5709
2021-11-29,Placer,061,380077,38741,38261,3896,42157,470
2021-11-29,Plumas,063,18699,1935,1884,46,1930,7
2021-11-29,Riverside,065,2383286,375191,370334,16810,387144,5358
2021-11-29,Sacramento,067,1510023,164591,163282,4963,168245,2342
2021-11-29,San Benito,069,59416,7686,7631,183,7814,77
2021-11-29,San Bernardino,071,2135413,366078,362694,11672,374366,5962
2021-11-29,San Diego,073,3302833,388572,384853,22395,407248,4335
2021-11-29,San Francisco,075,870044,54812,54125,2454,56579,669
2021-11-29,San Joaquin,077,732212,102747,101927,5664,107591,1834
2021-11-29,San Luis Obispo,079,281455,30550,30165,1314,31479,359
2021-11-29,San Mateo,081,765935,55851,54622,957,55579,579
2021-11-29,Santa Barbara,083,443738,46118,45576,1688,47264,549
2021-11-29,Santa Clara,085,1922200,152261,150620,1550,152170,1925
2021-11-29,Santa Cruz,087,273765,21429,21149,1039,22188,224
2021-11-29,Shasta,089,179085,22574,22315,3740,26055,399
2021-11-29,Sierra,091,2930,199,195,21,216,0
2021-11-29,Siskiyou,093,43540,3449,3374,1349,4723,55
2021-11-29,Solano,095,438530,47145,46412,1350,47762,357
2021-11-29,Sonoma,097,501317,43029,42624,558,43182,405
2021-11-29,Stanislaus,099,539301,81991,81227,9207,90434,1223
2021-11-29,Sutter,101,95872,14298,14204,390,14594,186
2021-11-29,Tehama,103,63373,8782,8720,1541,10261,130
2021-11-29,Trinity,105,12862,897,798,227,1025,17
2021-11-29,Tulare,107,460477,70830,69850,16168,86018,1096
2021-11-29,Tuolumne,109,53932,7668,7627,109,7736,90
2021-11-29,Ventura,111,848112,100446,99520,4436,103956,1190
2021-11-29,Yolo,113,214977,20475,20344,1252,21596,257
2021-11-29,Yuba,115,75493,10464,10395,375,10770,89
2021-11-28,Alameda,001,1643700,123038,122082,2946,125028,1491
2021-11-28,Alpine,003,1148,108,108,0,108,0
2021-11-28,Amador,005,37829,5744,5703,68,5771,66
2021-11-28,Butte,007,227075,21749,21530,3917,25447,313
2021-11-28,Calaveras,009,45235,4377,4350,62,4412,88
2021-11-28,Colusa,011,21464,2616,2586,677,3263,19
2021-11-28,Contra Costa,013,1133247,102058,101355,2324,103679,1046
2021-11-28,Del Norte,015,27424,3772,3703,56,3759,42
2021-11-28,El Dorado,017,186661,16737,16527,1768,18295,166
2021-11-28,Fresno,019,978130,145567,144164,12663,156827,2252
2021-11-28,Glenn,021,27897,3585,3547,1006,4553,36
2021-11-28,Humboldt,023,135768,9616,9499,665,10164,115
2021-11-28,Imperial,025,180216,35325,34929,3695,38624,773
2021-11-28,Inyo,027,18085,2546,2531,41,2572,46
2021-11-28,Kern,029,883053,132374,131279,23902,155181,1789
2021-11-28,Kings,031,150075,33410,33057,2039,35096,364
2021-11-28,Lake,033,64148,6921,6885,147,7032,110
2021-11-28,Lassen,035,31185,7041,7002,421,7423,51
2021-11-28,Los Angeles,037,10098052,1466367,1458646,56233,1514879,26878
2021-11-28,Madera,039,155013,24285,24055,2254,26309,307
2021-11-28,Marin,041,260295,18131,17962,509,18471,249
2021-11-28,Mariposa,043,17540,1426,1406,59,1465,6
2021-11-28,Mendocino,045,87422,8088,7943,637,8580,89
2021-11-28,Merced,047,269075,43382,43166,1956,45122,667
2021-11-28,Modoc,049,8938,594,569,202,771,5
2021-11-28,Mono,051,14174,1882,1841,21,1862,4
2021-11-28,Monterey,053,433212,49757,48537,3190,51727,626
2021-11-28,Napa,055,140530,13369,13303,120,13423,104
2021-11-28,Nevada,057,99092,9811,9684,347,10031,105
2021-11-28,Orange,059,3164182,314399,312028,16009,328037,5693
2021-11-28,Placer,061,380077,38660,38240,3877,42117,470
2021-11-28,Plumas,063,18699,1929,1884,45,1929,7
2021-11-28,Riverside,065,2383286,374536,370051,16788,386839,5358
2021-11-28,Sacramento,067,1510023,164235,163170,4940,168110,2335
2021-11-28,San Benito,069,59416,7668,7623,182,7805,77
2021-11-28,San Bernardino,071,2135413,365364,362407,11645,374052,5958
2021-11-28,San Diego,073,3302833,387681,383025,22331,405356,4325
2021-11-28,San Francisco,075,870044,54736,54082,2451,56533,669
2021-11-28,San Joaquin,077,732212,102565,101895,5646,107541,1834
2021-11-28,San Luis Obispo,079,281455,30487,30152,1310,31462,358
2021-11-28,San Mateo,081,765935,55756,54567,953,55520,579
2021-11-28,Santa Barbara,083,443738,46039,45551,1677,47228,549
2021-11-28,Santa Clara,085,1922200,151952,150436,1535,151971,1920
2021-11-28,Santa Cruz,087,273765,21358,21110,1038,22148,224
2021-11-28,Shasta,089,179085,22534,22316,3738,26054,400
2021-11-28,Sierra,091,2930,199,195,21,216,0
2021-11-28,Siskiyou,093,43540,3443,3372,1345,4717,55
2021-11-28,Solano,095,438530,47083,46385,1349,47734,356
2021-11-28,Sonoma,097,501317,42943,42583,555,43138,405
2021-11-28,Stanislaus,099,539301,81865,81181,9189,90370,1223
2021-11-28,Sutter,101,95872,14276,14192,384,14576,186
2021-11-28,Tehama,103,63373,8774,8720,1537,10257,130
2021-11-28,Trinity,105,12862,896,797,227,1024,17
2021-11-28,Tulare,107,460477,70735,69833,16114,85947,1095
2021-11-28,Tuolumne,109,53932,7647,7620,109,7729,90
2021-11-28,Ventura,111,848112,100290,99486,4425,103911,1190
2021-11-28,Yolo,113,214977,20434,20333,1251,21584,257
2021-11-28,Yuba,115,75493,10446,10391,373,10764,89
2021-11-27,Alameda,001,1643700,122943,121618,2943,124561,1477
2021-11-27,Alpine,003,1148,108,106,0,106,0
2021-11-27,Amador,005,37829,5743,5670,68,5738,66
2021-11-27,Butte,007,227075,21726,21384,3912,25296,309
2021-11-27,Calaveras,009,45235,4371,4294,62,4356,85
2021-11-27,Colusa,011,21464,2615,2568,675,3243,19
2021-11-27,Contra Costa,013,1133247,101973,100961,2323,103284,1045
2021-11-27,Del Norte,015,27424,3765,3661,56,3717,42
2021-11-27,El Dorado,017,186661,16702,16399,1767,18166,161
2021-11-27,Fresno,019,978130,145457,143386,12658,156044,2246
2021-11-27,Glenn,021,27897,3581,3532,1006,4538,36
2021-11-27,Humboldt,023,135768,9588,9399,663,10062,115
2021-11-27,Imperial,025,180216,35243,34611,3679,38290,769
2021-11-27,Inyo,027,18085,2543,2506,41,2547,45
2021-11-27,Kern,029,883053,132289,130245,23873,154118,1773
2021-11-27,Kings,031,150075,33387,32891,2037,34928,358
2021-11-27,Lake,033,64148,6918,6836,146,6982,110
2021-11-27,Lassen,035,31185,7039,6959,420,7379,47
2021-11-27,Los Angeles,037,10098052,1465362,1454495,56163,1510658,26817
2021-11-27,Madera,039,155013,24265,23880,2250,26130,296
2021-11-27,Marin,041,260295,18093,17857,504,18361,248
2021-11-27,Mariposa,043,17540,1424,1374,59,1433,6
2021-11-27,Mendocino,045,87422,8069,7871,637,8508,89
2021-11-27,Merced,047,269075,43347,42921,1953,44874,664
2021-11-27,Modoc,049,8938,592,551,202,753,5
2021-11-27,Mono,051,14174,1880,1810,21,1831,4
2021-11-27,Monterey,053,433212,49724,48400,3176,51576,625
2021-11-27,Napa,055,140530,13355,13256,120,13376,104
2021-11-27,Nevada,057,99092,9789,9584,346,9930,103
2021-11-27,Orange,059,3164182,314148,310809,15972,326781,5665
2021-11-27,Placer,061,380077,38599,38001,3871,41872,468
2021-11-27,Plumas,063,18699,1925,1860,45,1905,7
2021-11-27,Riverside,065,2383286,374178,367601,16781,384382,5306
2021-11-27,Sacramento,067,1510023,164080,162328,4937,167265,2335
2021-11-27,San Benito,069,59416,7651,7575,182,7757,77
2021-11-27,San Bernardino,071,2135413,364931,360033,11636,371669,5932
2021-11-27,San Diego,073,3302833,387181,382634,22305,404939,4319
2021-11-27,San Francisco,075,870044,54686,53830,2448,56278,669
2021-11-27,San Joaquin,077,732212,102498,101368,5644,107012,1833
2021-11-27,San Luis Obispo,079,281455,30452,29983,1306,31289,358
2021-11-27,San Mateo,081,765935,55699,54360,950,55310,577
2021-11-27,Santa Barbara,083,443738,45985,45318,1675,46993,548
2021-11-27,Santa Clara,085,1922200,151745,149700,1529,151229,1922
2021-11-27,Santa Cruz,087,273765,21318,20929,1035,21964,222
2021-11-27,Shasta,089,179085,22511,22151,3737,25888,396
2021-11-27,Sierra,091,2930,198,194,21,215,0
2021-11-27,Siskiyou,093,43540,3440,3336,1343,4679,54
2021-11-27,Solano,095,438530,47047,46163,1346,47509,356
2021-11-27,Sonoma,097,501317,42880,42368,555,42923,405
2021-11-27,Stanislaus,099,539301,81792,80782,9171,89953,1220
2021-11-27,Sutter,101,95872,14268,14127,383,14510,181
2021-11-27,Tehama,103,63373,8772,8675,1536,10211,129
2021-11-27,Trinity,105,12862,896,789,227,1016,17
2021-11-27,Tulare,107,460477,70683,69377,16098,85475,1082
2021-11-27,Tuolumne,109,53932,7634,7574,109,7683,90
2021-11-27,Ventura,111,848112,100217,99163,4417,103580,1188
2021-11-27,Yolo,113,214977,20413,20237,1242,21479,257
2021-11-27,Yuba,115,75493,10436,10335,373,10708,88
2021-11-26,Alameda,001,1643700,122832,121618,2941,124559,1477
2021-11-26,Alpine,003,1148,108,106,0,106,0
2021-11-26,Amador,005,37829,5739,5670,68,5738,66
2021-11-26,Butte,007,227075,21703,21384,3907,25291,309
2021-11-26,Calaveras,009,45235,4362,4294,62,4356,85
2021-11-26,Colusa,011,21464,2613,2568,674,3242,19
2021-11-26,Contra Costa,013,1133247,101884,100961,2319,103280,1045
2021-11-26,Del Norte,015,27424,3762,3661,56,3717,42
2021-11-26,El Dorado,017,186661,16685,16399,1764,18163,161
2021-11-26,Fresno,019,978130,145325,143386,12649,156035,2246
2021-11-26,Glenn,021,27897,3574,3532,1006,4538,36
2021-11-26,Humboldt,023,135768,9569,9399,659,10058,115
2021-11-26,Imperial,025,180216,35186,34611,3666,38277,769
2021-11-26,Inyo,027,18085,2543,2506,41,2547,45
2021-11-26,Kern,029,883053,132206,130245,23829,154074,1773
2021-11-26,Kings,031,150075,33363,32891,2035,34926,358
2021-11-26,Lake,033,64148,6916,6836,146,6982,110
2021-11-26,Lassen,035,31185,7033,6959,420,7379,47
2021-11-26,Los Angeles,037,10098052,1464520,1454495,56101,1510596,26817
2021-11-26,Madera,039,155013,24238,23880,2248,26128,296
2021-11-26,Marin,041,260295,18064,17857,504,18361,248
2021-11-26,Mariposa,043,17540,1417,1374,58,1432,6
2021-11-26,Mendocino,045,87422,8059,7871,637,8508,89
2021-11-26,Merced,047,269075,43317,42921,1948,44869,664
2021-11-26,Modoc,049,8938,590,551,202,753,5
2021-11-26,Mono,051,14174,1866,1810,21,1831,4
2021-11-26,Monterey,053,433212,49680,48400,3169,51569,625
2021-11-26,Napa,055,140530,13339,13256,120,13376,104
2021-11-26,Nevada,057,99092,9778,9584,346,9930,103
2021-11-26,Orange,059,3164182,313876,310809,15940,326749,5665
2021-11-26,Placer,061,380077,38554,38001,3863,41864,468
2021-11-26,Plumas,063,18699,1920,1860,45,1905,7
2021-11-26,Riverside,065,2383286,373777,367601,16774,384375,5306
2021-11-26,Sacramento,067,1510023,163969,162328,4932,167260,2335
2021-11-26,San Benito,069,59416,7643,7575,182,7757,77
2021-11-26,San Bernardino,071,2135413,364501,360033,11629,371662,5932
2021-11-26,San Diego,073,3302833,386625,382634,22293,404927,4319
2021-11-26,San Francisco,075,870044,54637,53830,2446,56276,669
2021-11-26,San Joaquin,077,732212,102441,101368,5643,107011,1833
2021-11-26,San Luis Obispo,079,281455,30410,29983,1303,31286,358
2021-11-26,San Mateo,081,765935,55636,54360,949,55309,577
2021-11-26,Santa Barbara,083,443738,45938,45318,1674,46992,548
2021-11-26,Santa Clara,085,1922200,151577,149700,1521,151221,1922
2021-11-26,Santa Cruz,087,273765,21278,20929,1035,21964,222
2021-11-26,Shasta,089,179085,22492,22151,3735,25886,396
2021-11-26,Sierra,091,2930,198,194,21,215,0
2021-11-26,Siskiyou,093,43540,3437,3336,1342,4678,54
2021-11-26,Solano,095,438530,47005,46163,1345,47508,356
2021-11-26,Sonoma,097,501317,42829,42368,553,42921,405
2021-11-26,Stanislaus,099,539301,81716,80782,9160,89942,1220
2021-11-26,Sutter,101,95872,14255,14127,382,14509,181
2021-11-26,Tehama,103,63373,8770,8675,1535,10210,129
2021-11-26,Trinity,105,12862,895,789,227,1016,17
2021-11-26,Tulare,107,460477,70640,69377,16066,85443,1082
2021-11-26,Tuolumne,109,53932,7624,7574,109,7683,90
2021-11-26,Ventura,111,848112,100137,99163,4412,103575,1188
2021-11-26,Yolo,113,214977,20393,20237,1236,21473,257
2021-11-26,Yuba,115,75493,10430,10335,373,10708,88
2021-11-25,Alameda,001,1643700,122725,121618,2936,124554,1477
2021-11-25,Alpine,003,1148,108,106,0,106,0
2021-11-25,Amador,005,37829,5731,5670,68,5738,66
2021-11-25,Butte,007,227075,21685,21384,3905,25289,309
2021-11-25,Calaveras,009,45235,4357,4294,62,4356,85
2021-11-25,Colusa,011,21464,2610,2568,672,3240,19
2021-11-25,Contra Costa,013,1133247,101779,100961,2314,103275,1045
2021-11-25,Del Norte,015,27424,3757,3661,56,3717,42
2021-11-25,El Dorado,017,186661,16666,16399,1763,18162,161
2021-11-25,Fresno,019,978130,145192,143386,12642,156028,2246
2021-11-25,Glenn,021,27897,3573,3532,1006,4538,36
2021-11-25,Humboldt,023,135768,9550,9399,656,10055,115
2021-11-25,Imperial,025,180216,35141,34611,3653,38264,769
2021-11-25,Inyo,027,18085,2541,2506,41,2547,45
2021-11-25,Kern,029,883053,132108,130245,23783,154028,1773
2021-11-25,Kings,031,150075,33335,32891,2034,34925,358
2021-11-25,Lake,033,64148,6909,6836,146,6982,110
2021-11-25,Lassen,035,31185,7031,6959,419,7378,47
2021-11-25,Los Angeles,037,10098052,1463558,1454495,56042,1510537,26817
2021-11-25,Madera,039,155013,24203,23880,2247,26127,296
2021-11-25,Marin,041,260295,18037,17857,499,18356,248
2021-11-25,Mariposa,043,17540,1414,1374,58,1432,6
2021-11-25,Mendocino,045,87422,8041,7871,637,8508,89
2021-11-25,Merced,047,269075,43278,42921,1943,44864,664
2021-11-25,Modoc,049,8938,589,551,202,753,5
2021-11-25,Mono,051,14174,1855,1810,21,1831,4
2021-11-25,Monterey,053,433212,49635,48400,3160,51560,625
2021-11-25,Napa,055,140530,13331,13256,120,13376,104
2021-11-25,Nevada,057,99092,9759,9584,343,9927,103
2021-11-25,Orange,059,3164182,313614,310809,15909,326718,5665
2021-11-25,Placer,061,380077,38508,38001,3857,41858,468
2021-11-25,Plumas,063,18699,1918,1860,45,1905,7
2021-11-25,Riverside,065,2383286,373363,367601,16767,384368,5306
2021-11-25,Sacramento,067,1510023,163787,162328,4926,167254,2335
2021-11-25,San Benito,069,59416,7636,7575,182,7757,77
2021-11-25,San Bernardino,071,2135413,364108,360033,11614,371647,5932
2021-11-25,San Diego,073,3302833,386180,382634,22274,404908,4319
2021-11-25,San Francisco,075,870044,54587,53830,2443,56273,669
2021-11-25,San Joaquin,077,732212,102357,101368,5639,107007,1833
2021-11-25,San Luis Obispo,079,281455,30380,29983,1301,31284,358
2021-11-25,San Mateo,081,765935,55587,54360,947,55307,577
2021-11-25,Santa Barbara,083,443738,45899,45318,1672,46990,548
2021-11-25,Santa Clara,085,1922200,151420,149700,1516,151216,1922
2021-11-25,Santa Cruz,087,273765,21246,20929,1035,21964,222
2021-11-25,Shasta,089,179085,22466,22151,3735,25886,396
2021-11-25,Sierra,091,2930,198,194,21,215,0
2021-11-25,Siskiyou,093,43540,3434,3336,1342,4678,54
2021-11-25,Solano,095,438530,46968,46163,1344,47507,356
2021-11-25,Sonoma,097,501317,42772,42368,549,42917,405
2021-11-25,Stanislaus,099,539301,81645,80782,9146,89928,1220
2021-11-25,Sutter,101,95872,14239,14127,381,14508,181
2021-11-25,Tehama,103,63373,8762,8675,1535,10210,129
2021-11-25,Trinity,105,12862,895,789,227,1016,17
2021-11-25,Tulare,107,460477,70575,69377,16039,85416,1082
2021-11-25,Tuolumne,109,53932,7613,7574,109,7683,90
2021-11-25,Ventura,111,848112,100070,99163,4409,103572,1188
2021-11-25,Yolo,113,214977,20364,20237,1232,21469,257
2021-11-25,Yuba,115,75493,10421,10335,372,10707,88
2021-11-24,Alameda,001,1643700,122661,121618,2932,124550,1477
2021-11-24,Alpine,003,1148,108,106,0,106,0
2021-11-24,Amador,005,37829,5721,5670,68,5738,66
2021-11-24,Butte,007,227075,21670,21384,3904,25288,309
2021-11-24,Calaveras,009,45235,4350,4294,62,4356,85
2021-11-24,Colusa,011,21464,2610,2568,671,3239,19
2021-11-24,Contra Costa,013,1133247,101742,100961,2311,103272,1045
2021-11-24,Del Norte,015,27424,3754,3661,56,3717,42
2021-11-24,El Dorado,017,186661,16654,16399,1762,18161,161
2021-11-24,Fresno,019,978130,145138,143386,12642,156028,2246
2021-11-24,Glenn,021,27897,3570,3532,1005,4537,36
2021-11-24,Humboldt,023,135768,9536,9399,656,10055,115
2021-11-24,Imperial,025,180216,35113,34611,3647,38258,769
2021-11-24,Inyo,027,18085,2538,2506,41,2547,45
2021-11-24,Kern,029,883053,132044,130245,23771,154016,1773
2021-11-24,Kings,031,150075,33321,32891,2032,34923,358
2021-11-24,Lake,033,64148,6905,6836,146,6982,110
2021-11-24,Lassen,035,31185,7031,6959,419,7378,47
2021-11-24,Los Angeles,037,10098052,1463074,1454495,55999,1510494,26817
2021-11-24,Madera,039,155013,24180,23880,2241,26121,296
2021-11-24,Marin,041,260295,18025,17857,497,18354,248
2021-11-24,Mariposa,043,17540,1414,1374,58,1432,6
2021-11-24,Mendocino,045,87422,8029,7871,637,8508,89
2021-11-24,Merced,047,269075,43246,42921,1940,44861,664
2021-11-24,Modoc,049,8938,589,551,202,753,5
2021-11-24,Mono,051,14174,1852,1810,21,1831,4
2021-11-24,Monterey,053,433212,49622,48400,3158,51558,625
2021-11-24,Napa,055,140530,13327,13256,120,13376,104
2021-11-24,Nevada,057,99092,9744,9584,343,9927,103
2021-11-24,Orange,059,3164182,313457,310809,15896,326705,5665
2021-11-24,Placer,061,380077,38475,38001,3855,41856,468
2021-11-24,Plumas,063,18699,1916,1860,45,1905,7
2021-11-24,Riverside,065,2383286,373183,367601,16761,384362,5306
2021-11-24,Sacramento,067,1510023,163714,162328,4926,167254,2335
2021-11-24,San Benito,069,59416,7634,7575,182,7757,77
2021-11-24,San Bernardino,071,2135413,363897,360033,11603,371636,5932
2021-11-24,San Diego,073,3302833,385925,382634,22261,404895,4319
2021-11-24,San Francisco,075,870044,54556,53830,2441,56271,669
2021-11-24,San Joaquin,077,732212,102316,101368,5636,107004,1833
2021-11-24,San Luis Obispo,079,281455,30362,29983,1301,31284,358
2021-11-24,San Mateo,081,765935,55558,54360,946,55306,577
2021-11-24,Santa Barbara,083,443738,45872,45318,1672,46990,548
2021-11-24,Santa Clara,085,1922200,151324,149700,1515,151215,1922
2021-11-24,Santa Cruz,087,273765,21222,20929,1034,21963,222
2021-11-24,Shasta,089,179085,22454,22151,3732,25883,396
2021-11-24,Sierra,091,2930,198,194,21,215,0
2021-11-24,Siskiyou,093,43540,3432,3336,1342,4678,54
2021-11-24,Solano,095,438530,46940,46163,1342,47505,356
2021-11-24,Sonoma,097,501317,42741,42368,547,42915,405
2021-11-24,Stanislaus,099,539301,81607,80782,9141,89923,1220
2021-11-24,Sutter,101,95872,14226,14127,379,14506,181
2021-11-24,Tehama,103,63373,8759,8675,1534,10209,129
2021-11-24,Trinity,105,12862,895,789,227,1016,17
2021-11-24,Tulare,107,460477,70551,69377,16020,85397,1082
2021-11-24,Tuolumne,109,53932,7609,7574,109,7683,90
2021-11-24,Ventura,111,848112,100035,99163,4405,103568,1188
2021-11-24,Yolo,113,214977,20356,20237,1231,21468,257
2021-11-24,Yuba,115,75493,10417,10335,371,10706,88
2021-11-23,Alameda,001,1643700,122544,121618,2924,124542,1477
2021-11-23,Alpine,003,1148,108,106,0,106,0
2021-11-23,Amador,005,37829,5714,5670,68,5738,66
2021-11-23,Butte,007,227075,21641,21384,3900,25284,309
2021-11-23,Calaveras,009,45235,4344,4294,61,4355,85
2021-11-23,Colusa,011,21464,2606,2568,669,3237,19
2021-11-23,Contra Costa,013,1133247,101634,100961,2309,103270,1045
2021-11-23,Del Norte,015,27424,3751,3661,56,3717,42
2021-11-23,El Dorado,017,186661,16622,16399,1759,18158,161
2021-11-23,Fresno,019,978130,145003,143386,12632,156018,2246
2021-11-23,Glenn,021,27897,3564,3532,1005,4537,36
2021-11-23,Humboldt,023,135768,9514,9399,653,10052,115
2021-11-23,Imperial,025,180216,35044,34611,3627,38238,769
2021-11-23,Inyo,027,18085,2534,2506,41,2547,45
2021-11-23,Kern,029,883053,131938,130245,23722,153967,1773
2021-11-23,Kings,031,150075,33280,32891,2031,34922,358
2021-11-23,Lake,033,64148,6900,6836,146,6982,110
2021-11-23,Lassen,035,31185,7027,6959,416,7375,47
2021-11-23,Los Angeles,037,10098052,1462061,1454495,55937,1510432,26817
2021-11-23,Madera,039,155013,24154,23880,2239,26119,296
2021-11-23,Marin,041,260295,17994,17857,493,18350,248
2021-11-23,Mariposa,043,17540,1411,1374,58,1432,6
2021-11-23,Mendocino,045,87422,8008,7871,634,8505,89
2021-11-23,Merced,047,269075,43208,42921,1939,44860,664
2021-11-23,Modoc,049,8938,587,551,202,753,5
2021-11-23,Mono,051,14174,1838,1810,21,1831,4
2021-11-23,Monterey,053,433212,49586,48400,3152,51552,625
2021-11-23,Napa,055,140530,13318,13256,120,13376,104
2021-11-23,Nevada,057,99092,9715,9584,342,9926,103
2021-11-23,Orange,059,3164182,313207,310809,15859,326668,5665
2021-11-23,Placer,061,380077,38416,38001,3838,41839,468
2021-11-23,Plumas,063,18699,1912,1860,45,1905,7
2021-11-23,Riverside,065,2383286,372800,367601,16748,384349,5306
2021-11-23,Sacramento,067,1510023,163530,162328,4915,167243,2335
2021-11-23,San Benito,069,59416,7625,7575,180,7755,77
2021-11-23,San Bernardino,071,2135413,363486,360033,11588,371621,5932
2021-11-23,San Diego,073,3302833,385436,382634,22238,404872,4319
2021-11-23,San Francisco,075,870044,54495,53830,2438,56268,669
2021-11-23,San Joaquin,077,732212,102207,101368,5626,106994,1833
2021-11-23,San Luis Obispo,079,281455,30328,29983,1298,31281,358
2021-11-23,San Mateo,081,765935,55508,54360,945,55305,577
2021-11-23,Santa Barbara,083,443738,45820,45318,1672,46990,548
2021-11-23,Santa Clara,085,1922200,151111,149700,1503,151203,1922
2021-11-23,Santa Cruz,087,273765,21184,20929,1034,21963,222
2021-11-23,Shasta,089,179085,22418,22151,3730,25881,396
2021-11-23,Sierra,091,2930,198,194,21,215,0
2021-11-23,Siskiyou,093,43540,3427,3336,1341,4677,54
2021-11-23,Solano,095,438530,46886,46163,1338,47501,356
2021-11-23,Sonoma,097,501317,42690,42368,544,42912,405
2021-11-23,Stanislaus,099,539301,81537,80782,9128,89910,1220
2021-11-23,Sutter,101,95872,14210,14127,378,14505,181
2021-11-23,Tehama,103,63373,8746,8675,1533,10208,129
2021-11-23,Trinity,105,12862,894,789,227,1016,17
2021-11-23,Tulare,107,460477,70504,69377,15990,85367,1082
2021-11-23,Tuolumne,109,53932,7597,7574,109,7683,90
2021-11-23,Ventura,111,848112,99952,99163,4399,103562,1188
2021-11-23,Yolo,113,214977,20335,20237,1223,21460,257
2021-11-23,Yuba,115,75493,10405,10335,371,10706,88
2021-11-22,Alameda,001,1643700,122429,121566,2921,124487,1475
2021-11-22,Alpine,003,1148,108,106,0,106,0
2021-11-22,Amador,005,37829,5701,5670,68,5738,66
2021-11-22,Butte,007,227075,21602,21363,3894,25257,305
2021-11-22,Calaveras,009,45235,4332,4294,61,4355,84
2021-11-22,Colusa,011,21464,2603,2565,669,3234,19
2021-11-22,Contra Costa,013,1133247,101547,100877,2304,103181,1045
2021-11-22,Del Norte,015,27424,3748,3659,56,3715,42
2021-11-22,El Dorado,017,186661,16599,16378,1756,18134,161
2021-11-22,Fresno,019,978130,144870,143290,12626,155916,2243
2021-11-22,Glenn,021,27897,3559,3530,1004,4534,36
2021-11-22,Humboldt,023,135768,9487,9389,648,10037,115
2021-11-22,Imperial,025,180216,34983,34562,3613,38175,766
2021-11-22,Inyo,027,18085,2528,2501,41,2542,44
2021-11-22,Kern,029,883053,131776,130091,23671,153762,1762
2021-11-22,Kings,031,150075,33244,32867,2026,34893,358
2021-11-22,Lake,033,64148,6895,6837,146,6983,110
2021-11-22,Lassen,035,31185,7026,6954,415,7369,47
2021-11-22,Los Angeles,037,10098052,1460992,1453945,55859,1509804,26800
2021-11-22,Madera,039,155013,24120,23872,2232,26104,296
2021-11-22,Marin,041,260295,17963,17842,491,18333,248
2021-11-22,Mariposa,043,17540,1407,1372,58,1430,6
2021-11-22,Mendocino,045,87422,7992,7859,633,8492,89
2021-11-22,Merced,047,269075,43157,42898,1928,44826,660
2021-11-22,Modoc,049,8938,586,551,202,753,5
2021-11-22,Mono,051,14174,1829,1809,21,1830,4
2021-11-22,Monterey,053,433212,49559,48374,3148,51522,611
2021-11-22,Napa,055,140530,13310,13255,119,13374,104
2021-11-22,Nevada,057,99092,9696,9575,340,9915,96
2021-11-22,Orange,059,3164182,312967,310654,15833,326487,5663
2021-11-22,Placer,061,380077,38371,37956,3830,41786,465
2021-11-22,Plumas,063,18699,1909,1858,45,1903,7
2021-11-22,Riverside,065,2383286,372364,367301,16738,384039,5283
2021-11-22,Sacramento,067,1510023,163337,162222,4906,167128,2328
2021-11-22,San Benito,069,59416,7605,7567,180,7747,77
2021-11-22,San Bernardino,071,2135413,363076,359851,11578,371429,5916
2021-11-22,San Diego,073,3302833,384940,382132,22214,404346,4317
2021-11-22,San Francisco,075,870044,54403,53778,2432,56210,669
2021-11-22,San Joaquin,077,732212,102082,101299,5621,106920,1833
2021-11-22,San Luis Obispo,079,281455,30301,29963,1297,31260,358
2021-11-22,San Mateo,081,765935,55451,54330,943,55273,577
2021-11-22,Santa Barbara,083,443738,45744,45279,1672,46951,546
2021-11-22,Santa Clara,085,1922200,150925,149541,1493,151034,1919
2021-11-22,Santa Cruz,087,273765,21143,20891,1034,21925,222
2021-11-22,Shasta,089,179085,22404,22116,3725,25841,393
2021-11-22,Sierra,091,2930,198,193,21,214,0
2021-11-22,Siskiyou,093,43540,3422,3336,1339,4675,54
2021-11-22,Solano,095,438530,46838,46153,1336,47489,356
2021-11-22,Sonoma,097,501317,42629,42344,543,42887,404
2021-11-22,Stanislaus,099,539301,81446,80718,9119,89837,1209
2021-11-22,Sutter,101,95872,14194,14125,376,14501,181
2021-11-22,Tehama,103,63373,8739,8669,1528,10197,127
2021-11-22,Trinity,105,12862,893,785,227,1012,17
2021-11-22,Tulare,107,460477,70441,69314,15955,85269,1075
2021-11-22,Tuolumne,109,53932,7582,7567,109,7676,90
2021-11-22,Ventura,111,848112,99886,99114,4396,103510,1186
2021-11-22,Yolo,113,214977,20312,20227,1221,21448,257
2021-11-22,Yuba,115,75493,10396,10332,370,10702,88
2021-11-21,Alameda,001,1643700,122301,121443,2917,124360,1475
2021-11-21,Alpine,003,1148,106,106,0,106,0
2021-11-21,Amador,005,37829,5696,5662,67,5729,66
2021-11-21,Butte,007,227075,21561,21342,3889,25231,306
2021-11-21,Calaveras,009,45235,4323,4287,61,4348,84
2021-11-21,Colusa,011,21464,2599,2562,668,3230,19
2021-11-21,Contra Costa,013,1133247,101444,100807,2298,103105,1045
2021-11-21,Del Norte,015,27424,3744,3659,56,3715,42
2021-11-21,El Dorado,017,186661,16572,16370,1750,18120,161
2021-11-21,Fresno,019,978130,144703,143203,12612,155815,2242
2021-11-21,Glenn,021,27897,3556,3529,1004,4533,36
2021-11-21,Humboldt,023,135768,9465,9378,647,10025,115
2021-11-21,Imperial,025,180216,34895,34527,3601,38128,766
2021-11-21,Inyo,027,18085,2521,2501,41,2542,44
2021-11-21,Kern,029,883053,131612,130020,23625,153645,1762
2021-11-21,Kings,031,150075,33207,32843,2022,34865,356
2021-11-21,Lake,033,64148,6888,6834,146,6980,110
2021-11-21,Lassen,035,31185,7017,6953,415,7368,47
2021-11-21,Los Angeles,037,10098052,1459924,1453181,55811,1508992,26793
2021-11-21,Madera,039,155013,24094,23856,2227,26083,296
2021-11-21,Marin,041,260295,17934,17829,488,18317,248
2021-11-21,Mariposa,043,17540,1406,1371,57,1428,6
2021-11-21,Mendocino,045,87422,7986,7846,630,8476,89
2021-11-21,Merced,047,269075,43102,42881,1924,44805,660
2021-11-21,Modoc,049,8938,582,551,202,753,5
2021-11-21,Mono,051,14174,1819,1799,20,1819,4
2021-11-21,Monterey,053,433212,49513,48358,3139,51497,611
2021-11-21,Napa,055,140530,13297,13250,119,13369,104
2021-11-21,Nevada,057,99092,9670,9556,339,9895,96
2021-11-21,Orange,059,3164182,312712,310477,15800,326277,5663
2021-11-21,Placer,061,380077,38289,37929,3829,41758,465
2021-11-21,Plumas,063,18699,1908,1858,45,1903,7
2021-11-21,Riverside,065,2383286,371876,367093,16730,383823,5283
2021-11-21,Sacramento,067,1510023,163115,162087,4896,166983,2327
2021-11-21,San Benito,069,59416,7591,7563,179,7742,77
2021-11-21,San Bernardino,071,2135413,362593,359621,11543,371164,5912
2021-11-21,San Diego,073,3302833,384402,380747,22189,402936,4317
2021-11-21,San Francisco,075,870044,54334,53741,2426,56167,669
2021-11-21,San Joaquin,077,732212,101977,101264,5608,106872,1833
2021-11-21,San Luis Obispo,079,281455,30263,29948,1297,31245,358
2021-11-21,San Mateo,081,765935,55399,54290,941,55231,577
2021-11-21,Santa Barbara,083,443738,45683,45237,1669,46906,546
2021-11-21,Santa Clara,085,1922200,150720,149387,1473,150860,1918
2021-11-21,Santa Cruz,087,273765,21099,20866,1032,21898,222
2021-11-21,Shasta,089,179085,22373,22112,3723,25835,393
2021-11-21,Sierra,091,2930,198,193,21,214,0
2021-11-21,Siskiyou,093,43540,3417,3333,1338,4671,54
2021-11-21,Solano,095,438530,46783,46122,1329,47451,356
2021-11-21,Sonoma,097,501317,42569,42298,542,42840,404
2021-11-21,Stanislaus,099,539301,81348,80687,9107,89794,1209
2021-11-21,Sutter,101,95872,14180,14111,376,14487,181
2021-11-21,Tehama,103,63373,8733,8669,1527,10196,127
2021-11-21,Trinity,105,12862,891,784,225,1009,17
2021-11-21,Tulare,107,460477,70359,69285,15917,85202,1075
2021-11-21,Tuolumne,109,53932,7574,7560,108,7668,90
2021-11-21,Ventura,111,848112,99795,99081,4392,103473,1186
2021-11-21,Yolo,113,214977,20284,20209,1218,21427,257
2021-11-21,Yuba,115,75493,10387,10326,370,10696,88
2021-11-20,Alameda,001,1643700,122206,121059,2911,123970,1473
2021-11-20,Alpine,003,1148,106,105,0,105,0
2021-11-20,Amador,005,37829,5690,5652,66,5718,66
2021-11-20,Butte,007,227075,21545,21265,3885,25150,300
2021-11-20,Calaveras,009,45235,4314,4268,61,4329,84
2021-11-20,Colusa,011,21464,2598,2549,667,3216,19
2021-11-20,Contra Costa,013,1133247,101366,100491,2294,102785,1043
2021-11-20,Del Norte,015,27424,3741,3637,56,3693,42
2021-11-20,El Dorado,017,186661,16550,16308,1748,18056,161
2021-11-20,Fresno,019,978130,144632,142579,12605,155184,2233
2021-11-20,Glenn,021,27897,3556,3526,1003,4529,35
2021-11-20,Humboldt,023,135768,9452,9302,645,9947,115
2021-11-20,Imperial,025,180216,34843,34312,3595,37907,766
2021-11-20,Inyo,027,18085,2520,2467,41,2508,44
2021-11-20,Kern,029,883053,131512,129488,23588,153076,1750
2021-11-20,Kings,031,150075,33197,32720,2022,34742,354
2021-11-20,Lake,033,64148,6885,6808,146,6954,110
2021-11-20,Lassen,035,31185,7016,6931,415,7346,47
2021-11-20,Los Angeles,037,10098052,1459310,1448963,55765,1504728,26741
2021-11-20,Madera,039,155013,24082,23720,2224,25944,296
2021-11-20,Marin,041,260295,17919,17774,488,18262,248
2021-11-20,Mariposa,043,17540,1405,1354,57,1411,6
2021-11-20,Mendocino,045,87422,7978,7773,630,8403,89
2021-11-20,Merced,047,269075,43077,42692,1924,44616,656
2021-11-20,Modoc,049,8938,581,550,202,752,5
2021-11-20,Mono,051,14174,1817,1767,20,1787,4
2021-11-20,Monterey,053,433212,49500,48260,3131,51391,609
2021-11-20,Napa,055,140530,13294,13184,119,13303,103
2021-11-20,Nevada,057,99092,9654,9480,339,9819,92
2021-11-20,Orange,059,3164182,312514,309672,15783,325455,5658
2021-11-20,Placer,061,380077,38248,37800,3824,41624,462
2021-11-20,Plumas,063,18699,1904,1841,45,1886,7
2021-11-20,Riverside,065,2383286,371604,365809,16717,382526,5265
2021-11-20,Sacramento,067,1510023,163012,161533,4892,166425,2316
2021-11-20,San Benito,069,59416,7587,7533,179,7712,77
2021-11-20,San Bernardino,071,2135413,362322,358322,11532,369854,5897
2021-11-20,San Diego,073,3302833,384069,380147,22163,402310,4311
2021-11-20,San Francisco,075,870044,54296,53525,2425,55950,669
2021-11-20,San Joaquin,077,732212,101927,100922,5603,106525,1832
2021-11-20,San Luis Obispo,079,281455,30248,29815,1296,31111,355
2021-11-20,San Mateo,081,765935,55364,54132,940,55072,577
2021-11-20,Santa Barbara,083,443738,45651,45074,1669,46743,544
2021-11-20,Santa Clara,085,1922200,150614,148829,1472,150301,1917
2021-11-20,Santa Cruz,087,273765,21080,20756,1032,21788,222
2021-11-20,Shasta,089,179085,22349,21968,3722,25690,383
2021-11-20,Sierra,091,2930,198,191,21,212,0
2021-11-20,Siskiyou,093,43540,3414,3313,1338,4651,54
2021-11-20,Solano,095,438530,46762,46006,1329,47335,356
2021-11-20,Sonoma,097,501317,42538,42151,542,42693,403
2021-11-20,Stanislaus,099,539301,81301,80412,9103,89515,1205
2021-11-20,Sutter,101,95872,14172,14074,376,14450,181
2021-11-20,Tehama,103,63373,8728,8648,1527,10175,125
2021-11-20,Trinity,105,12862,887,771,225,996,17
2021-11-20,Tulare,107,460477,70322,69074,15896,84970,1054
2021-11-20,Tuolumne,109,53932,7565,7511,108,7619,90
2021-11-20,Ventura,111,848112,99746,98893,4385,103278,1186
2021-11-20,Yolo,113,214977,20277,20139,1214,21353,257
2021-11-20,Yuba,115,75493,10381,10290,369,10659,88
2021-11-19,Alameda,001,1643700,122132,121059,2908,123967,1473
2021-11-19,Alpine,003,1148,106,105,0,105,0
2021-11-19,Amador,005,37829,5680,5652,66,5718,66
2021-11-19,Butte,007,227075,21522,21265,3878,25143,300
2021-11-19,Calaveras,009,45235,4307,4268,61,4329,84
2021-11-19,Colusa,011,21464,2596,2549,666,3215,19
2021-11-19,Contra Costa,013,1133247,101310,100491,2289,102780,1043
2021-11-19,Del Norte,015,27424,3736,3637,56,3693,42
2021-11-19,El Dorado,017,186661,16529,16308,1746,18054,161
2021-11-19,Fresno,019,978130,144516,142579,12601,155180,2233
2021-11-19,Glenn,021,27897,3555,3526,1002,4528,35
2021-11-19,Humboldt,023,135768,9439,9302,642,9944,115
2021-11-19,Imperial,025,180216,34805,34312,3588,37900,766
2021-11-19,Inyo,027,18085,2516,2467,41,2508,44
2021-11-19,Kern,029,883053,131408,129488,23546,153034,1750
2021-11-19,Kings,031,150075,33171,32720,2020,34740,354
2021-11-19,Lake,033,64148,6882,6808,146,6954,110
2021-11-19,Lassen,035,31185,7012,6931,414,7345,47
2021-11-19,Los Angeles,037,10098052,1458628,1448963,55710,1504673,26741
2021-11-19,Madera,039,155013,24061,23720,2220,25940,296
2021-11-19,Marin,041,260295,17900,17774,486,18260,248
2021-11-19,Mariposa,043,17540,1403,1354,57,1411,6
2021-11-19,Mendocino,045,87422,7958,7773,630,8403,89
2021-11-19,Merced,047,269075,43051,42692,1923,44615,656
2021-11-19,Modoc,049,8938,580,550,202,752,5
2021-11-19,Mono,051,14174,1808,1767,20,1787,4
2021-11-19,Monterey,053,433212,49478,48260,3131,51391,609
2021-11-19,Napa,055,140530,13284,13184,118,13302,103
2021-11-19,Nevada,057,99092,9641,9480,339,9819,92
2021-11-19,Orange,059,3164182,312361,309672,15758,325430,5658
2021-11-19,Placer,061,380077,38211,37800,3820,41620,462
2021-11-19,Plumas,063,18699,1900,1841,45,1886,7
2021-11-19,Riverside,065,2383286,371331,365809,16713,382522,5265
2021-11-19,Sacramento,067,1510023,162890,161533,4888,166421,2316
2021-11-19,San Benito,069,59416,7581,7533,177,7710,77
2021-11-19,San Bernardino,071,2135413,362006,358322,11523,369845,5897
2021-11-19,San Diego,073,3302833,383669,380147,22136,402283,4311
2021-11-19,San Francisco,075,870044,54258,53525,2425,55950,669
2021-11-19,San Joaquin,077,732212,101870,100922,5599,106521,1832
2021-11-19,San Luis Obispo,079,281455,30230,29815,1294,31109,355
2021-11-19,San Mateo,081,765935,55315,54132,936,55068,577
2021-11-19,Santa Barbara,083,443738,45614,45074,1669,46743,544
2021-11-19,Santa Clara,085,1922200,150466,148829,1469,150298,1917
2021-11-19,Santa Cruz,087,273765,21053,20756,1029,21785,222
2021-11-19,Shasta,089,179085,22337,21968,3721,25689,383
2021-11-19,Sierra,091,2930,198,191,21,212,0
2021-11-19,Siskiyou,093,43540,3411,3313,1338,4651,54
2021-11-19,Solano,095,438530,46732,46006,1325,47331,356
2021-11-19,Sonoma,097,501317,42505,42151,539,42690,403
2021-11-19,Stanislaus,099,539301,81242,80412,9093,89505,1205
2021-11-19,Sutter,101,95872,14170,14074,376,14450,181
2021-11-19,Tehama,103,63373,8725,8648,1527,10175,125
2021-11-19,Trinity,105,12862,885,771,225,996,17
2021-11-19,Tulare,107,460477,70283,69074,15867,84941,1054
2021-11-19,Tuolumne,109,53932,7554,7511,108,7619,90
2021-11-19,Ventura,111,848112,99680,98893,4381,103274,1186
2021-11-19,Yolo,113,214977,20268,20139,1211,21350,257
2021-11-19,Yuba,115,75493,10378,10290,369,10659,88
2021-11-18,Alameda,001,1643700,122010,121059,2900,123959,1473
2021-11-18,Alpine,003,1148,106,105,0,105,0
2021-11-18,Amador,005,37829,5678,5652,66,5718,66
2021-11-18,Butte,007,227075,21505,21265,3871,25136,300
2021-11-18,Calaveras,009,45235,4300,4268,60,4328,84
2021-11-18,Colusa,011,21464,2588,2549,666,3215,19
2021-11-18,Contra Costa,013,1133247,101208,100491,2281,102772,1043
2021-11-18,Del Norte,015,27424,3733,3637,56,3693,42
2021-11-18,El Dorado,017,186661,16510,16308,1743,18051,161
2021-11-18,Fresno,019,978130,144377,142579,12592,155171,2233
2021-11-18,Glenn,021,27897,3554,3526,1001,4527,35
2021-11-18,Humboldt,023,135768,9423,9302,637,9939,115
2021-11-18,Imperial,025,180216,34751,34312,3572,37884,766
2021-11-18,Inyo,027,18085,2508,2467,41,2508,44
2021-11-18,Kern,029,883053,131264,129488,23498,152986,1750
2021-11-18,Kings,031,150075,33134,32720,2017,34737,354
2021-11-18,Lake,033,64148,6877,6808,146,6954,110
2021-11-18,Lassen,035,31185,7009,6931,409,7340,47
2021-11-18,Los Angeles,037,10098052,1457648,1448963,55646,1504609,26741
2021-11-18,Madera,039,155013,24036,23720,2217,25937,296
2021-11-18,Marin,041,260295,17883,17774,482,18256,248
2021-11-18,Mariposa,043,17540,1400,1354,57,1411,6
2021-11-18,Mendocino,045,87422,7936,7773,621,8394,89
2021-11-18,Merced,047,269075,42995,42692,1921,44613,656
2021-11-18,Modoc,049,8938,569,550,202,752,5
2021-11-18,Mono,051,14174,1800,1767,20,1787,4
2021-11-18,Monterey,053,433212,49453,48260,3126,51386,609
2021-11-18,Napa,055,140530,13272,13184,117,13301,103
2021-11-18,Nevada,057,99092,9617,9480,339,9819,92
2021-11-18,Orange,059,3164182,312126,309672,15739,325411,5658
2021-11-18,Placer,061,380077,38168,37800,3809,41609,462
2021-11-18,Plumas,063,18699,1899,1841,45,1886,7
2021-11-18,Riverside,065,2383286,370960,365809,16700,382509,5265
2021-11-18,Sacramento,067,1510023,162661,161533,4873,166406,2316
2021-11-18,San Benito,069,59416,7571,7533,177,7710,77
2021-11-18,San Bernardino,071,2135413,361575,358322,11504,369826,5897
2021-11-18,San Diego,073,3302833,383164,380147,22120,402267,4311
2021-11-18,San Francisco,075,870044,54206,53525,2421,55946,669
2021-11-18,San Joaquin,077,732212,101778,100922,5590,106512,1832
2021-11-18,San Luis Obispo,079,281455,30200,29815,1293,31108,355
2021-11-18,San Mateo,081,765935,55257,54132,933,55065,577
2021-11-18,Santa Barbara,083,443738,45568,45074,1662,46736,544
2021-11-18,Santa Clara,085,1922200,150279,148829,1461,150290,1917
2021-11-18,Santa Cruz,087,273765,21002,20756,1028,21784,222
2021-11-18,Shasta,089,179085,22301,21968,3716,25684,383
2021-11-18,Sierra,091,2930,197,191,21,212,0
2021-11-18,Siskiyou,093,43540,3411,3313,1334,4647,54
2021-11-18,Solano,095,438530,46690,46006,1322,47328,356
2021-11-18,Sonoma,097,501317,42457,42151,537,42688,403
2021-11-18,Stanislaus,099,539301,81175,80412,9086,89498,1205
2021-11-18,Sutter,101,95872,14159,14074,375,14449,181
2021-11-18,Tehama,103,63373,8720,8648,1527,10175,125
2021-11-18,Trinity,105,12862,884,771,225,996,17
2021-11-18,Tulare,107,460477,70212,69074,15819,84893,1054
2021-11-18,Tuolumne,109,53932,7545,7511,108,7619,90
2021-11-18,Ventura,111,848112,99602,98893,4377,103270,1186
2021-11-18,Yolo,113,214977,20251,20139,1206,21345,257
2021-11-18,Yuba,115,75493,10372,10290,369,10659,88
2021-11-17,Alameda,001,1643700,121887,120913,2899,123812,1472
2021-11-17,Alpine,003,1148,106,105,0,105,0
2021-11-17,Amador,005,37829,5671,5646,66,5712,66
2021-11-17,Butte,007,227075,21479,21230,3868,25098,300
2021-11-17,Calaveras,009,45235,4293,4259,60,4319,84
2021-11-17,Colusa,011,21464,2585,2546,665,3211,19
2021-11-17,Contra Costa,013,1133247,101116,100387,2277,102664,1039
2021-11-17,Del Norte,015,27424,3730,3630,56,3686,42
2021-11-17,El Dorado,017,186661,16491,16269,1742,18011,161
2021-11-17,Fresno,019,978130,144196,142366,12579,154945,2230
2021-11-17,Glenn,021,27897,3553,3527,1000,4527,34
2021-11-17,Humboldt,023,135768,9412,9270,634,9904,115
2021-11-17,Imperial,025,180216,34695,34256,3550,37806,766
2021-11-17,Inyo,027,18085,2502,2457,41,2498,44
2021-11-17,Kern,029,883053,131092,129307,23455,152762,1743
2021-11-17,Kings,031,150075,33106,32669,2013,34682,352
2021-11-17,Lake,033,64148,6873,6795,145,6940,110
2021-11-17,Lassen,035,31185,7007,6918,409,7327,47
2021-11-17,Los Angeles,037,10098052,1456547,1447947,55580,1503527,26721
2021-11-17,Madera,039,155013,24002,23673,2216,25889,287
2021-11-17,Marin,041,260295,17864,17757,480,18237,248
2021-11-17,Mariposa,043,17540,1396,1353,57,1410,6
2021-11-17,Mendocino,045,87422,7928,7735,620,8355,89
2021-11-17,Merced,047,269075,42934,42612,1918,44530,654
2021-11-17,Modoc,049,8938,565,540,202,742,5
2021-11-17,Mono,051,14174,1796,1765,20,1785,5
2021-11-17,Monterey,053,433212,49405,48221,3115,51336,609
2021-11-17,Napa,055,140530,13248,13167,117,13284,103
2021-11-17,Nevada,057,99092,9604,9447,339,9786,92
2021-11-17,Orange,059,3164182,311881,309396,15705,325101,5651
2021-11-17,Placer,061,380077,38120,37725,3800,41525,460
2021-11-17,Plumas,063,18699,1895,1833,45,1878,7
2021-11-17,Riverside,065,2383286,370549,365406,16687,382093,5229
2021-11-17,Sacramento,067,1510023,162490,161269,4865,166134,2302
2021-11-17,San Benito,069,59416,7564,7524,177,7701,77
2021-11-17,San Bernardino,071,2135413,361218,357947,11488,369435,5893
2021-11-17,San Diego,073,3302833,382665,379769,22093,401862,4301
2021-11-17,San Francisco,075,870044,54151,53469,2418,55887,667
2021-11-17,San Joaquin,077,732212,101675,100764,5585,106349,1828
2021-11-17,San Luis Obispo,079,281455,30174,29731,1290,31021,354
2021-11-17,San Mateo,081,765935,55189,54092,930,55022,577
2021-11-17,Santa Barbara,083,443738,45530,45000,1662,46662,542
2021-11-17,Santa Clara,085,1922200,150115,148626,1453,150079,1915
2021-11-17,Santa Cruz,087,273765,20967,20700,1028,21728,222
2021-11-17,Shasta,089,179085,22268,21883,3714,25597,382
2021-11-17,Sierra,091,2930,196,189,21,210,0
2021-11-17,Siskiyou,093,43540,3407,3307,1331,4638,54
2021-11-17,Solano,095,438530,46657,45948,1321,47269,353
2021-11-17,Sonoma,097,501317,42411,42093,534,42627,403
2021-11-17,Stanislaus,099,539301,81085,80276,9076,89352,1199
2021-11-17,Sutter,101,95872,14145,14064,373,14437,181
2021-11-17,Tehama,103,63373,8711,8633,1524,10157,125
2021-11-17,Trinity,105,12862,883,765,225,990,17
2021-11-17,Tulare,107,460477,70141,68977,15793,84770,1047
2021-11-17,Tuolumne,109,53932,7529,7485,108,7593,90
2021-11-17,Ventura,111,848112,99541,98812,4371,103183,1183
2021-11-17,Yolo,113,214977,20232,20100,1203,21303,257
2021-11-17,Yuba,115,75493,10360,10275,365,10640,88
2021-11-16,Alameda,001,1643700,121779,120809,2895,123704,1467
2021-11-16,Alpine,003,1148,106,105,0,105,0
2021-11-16,Amador,005,37829,5665,5644,66,5710,66
2021-11-16,Butte,007,227075,21454,21208,3863,25071,297
2021-11-16,Calaveras,009,45235,4284,4249,60,4309,83
2021-11-16,Colusa,011,21464,2579,2538,665,3203,19
2021-11-16,Contra Costa,013,1133247,100993,100320,2274,102594,1038
2021-11-16,Del Norte,015,27424,3724,3630,56,3686,42
2021-11-16,El Dorado,017,186661,16466,16248,1740,17988,159
2021-11-16,Fresno,019,978130,144009,142200,12563,154763,2218
2021-11-16,Glenn,021,27897,3552,3527,997,4524,34
2021-11-16,Humboldt,023,135768,9391,9252,630,9882,115
2021-11-16,Imperial,025,180216,34611,34177,3538,37715,766
2021-11-16,Inyo,027,18085,2495,2449,41,2490,42
2021-11-16,Kern,029,883053,130934,129136,23393,152529,1735
2021-11-16,Kings,031,150075,33055,32614,2006,34620,350
2021-11-16,Lake,033,64148,6868,6789,145,6934,110
2021-11-16,Lassen,035,31185,6997,6915,409,7324,47
2021-11-16,Los Angeles,037,10098052,1455383,1446815,55508,1502323,26703
2021-11-16,Madera,039,155013,23965,23642,2210,25852,287
2021-11-16,Marin,041,260295,17845,17736,479,18215,248
2021-11-16,Mariposa,043,17540,1388,1349,56,1405,6
2021-11-16,Mendocino,045,87422,7886,7723,616,8339,89
2021-11-16,Merced,047,269075,42897,42578,1911,44489,653
2021-11-16,Modoc,049,8938,564,539,201,740,5
2021-11-16,Mono,051,14174,1787,1767,20,1787,4
2021-11-16,Monterey,053,433212,49375,48195,3101,51296,609
2021-11-16,Napa,055,140530,13237,13151,117,13268,103
2021-11-16,Nevada,057,99092,9587,9435,337,9772,92
2021-11-16,Orange,059,3164182,311613,309170,15671,324841,5651
2021-11-16,Placer,061,380077,38078,37676,3794,41470,459
2021-11-16,Plumas,063,18699,1888,1832,45,1877,7
2021-11-16,Riverside,065,2383286,370128,365078,16665,381743,5208
2021-11-16,Sacramento,067,1510023,162310,161102,4852,165954,2299
2021-11-16,San Benito,069,59416,7550,7513,177,7690,77
2021-11-16,San Bernardino,071,2135413,360807,357528,11436,368964,5901
2021-11-16,San Diego,073,3302833,382107,379435,22066,401501,4287
2021-11-16,San Francisco,075,870044,54078,53415,2411,55826,667
2021-11-16,San Joaquin,077,732212,101535,100637,5569,106206,1807
2021-11-16,San Luis Obispo,079,281455,30143,29703,1287,30990,356
2021-11-16,San Mateo,081,765935,55127,54034,928,54962,577
2021-11-16,Santa Barbara,083,443738,45462,44932,1659,46591,539
2021-11-16,Santa Clara,085,1922200,149935,148452,1441,149893,1916
2021-11-16,Santa Cruz,087,273765,20922,20684,1026,21710,222
2021-11-16,Shasta,089,179085,22229,21853,3710,25563,379
2021-11-16,Sierra,091,2930,196,189,21,210,0
2021-11-16,Siskiyou,093,43540,3404,3304,1329,4633,54
2021-11-16,Solano,095,438530,46617,45908,1320,47228,351
2021-11-16,Sonoma,097,501317,42362,42056,533,42589,401
2021-11-16,Stanislaus,099,539301,80987,80214,9054,89268,1196
2021-11-16,Sutter,101,95872,14133,14058,372,14430,181
2021-11-16,Tehama,103,63373,8704,8621,1517,10138,125
2021-11-16,Trinity,105,12862,883,762,224,986,17
2021-11-16,Tulare,107,460477,70064,68881,15758,84639,1039
2021-11-16,Tuolumne,109,53932,7520,7478,108,7586,90
2021-11-16,Ventura,111,848112,99466,98731,4368,103099,1183
2021-11-16,Yolo,113,214977,20194,20077,1201,21278,257
2021-11-16,Yuba,115,75493,10352,10262,363,10625,85
2021-11-15,Alameda,001,1643700,121625,120731,2890,123621,1464
2021-11-15,Alpine,003,1148,106,105,0,105,0
2021-11-15,Amador,005,37829,5661,5637,66,5703,66
2021-11-15,Butte,007,227075,21429,21182,3859,25041,296
2021-11-15,Calaveras,009,45235,4270,4237,60,4297,83
2021-11-15,Colusa,011,21464,2572,2535,662,3197,19
2021-11-15,Contra Costa,013,1133247,100887,100251,2271,102522,1038
2021-11-15,Del Norte,015,27424,3719,3630,55,3685,42
2021-11-15,El Dorado,017,186661,16442,16236,1736,17972,159
2021-11-15,Fresno,019,978130,143784,142015,12545,154560,2210
2021-11-15,Glenn,021,27897,3550,3526,997,4523,34
2021-11-15,Humboldt,023,135768,9368,9230,622,9852,115
2021-11-15,Imperial,025,180216,34538,34130,3522,37652,766
2021-11-15,Inyo,027,18085,2490,2442,41,2483,42
2021-11-15,Kern,029,883053,130725,128928,23322,152250,1730
2021-11-15,Kings,031,150075,33021,32584,2001,34585,348
2021-11-15,Lake,033,64148,6864,6784,145,6929,109
2021-11-15,Lassen,035,31185,6987,6915,407,7322,47
2021-11-15,Los Angeles,037,10098052,1454199,1446114,55442,1501556,26677
2021-11-15,Madera,039,155013,23926,23605,2199,25804,287
2021-11-15,Marin,041,260295,17828,17723,478,18201,248
2021-11-15,Mariposa,043,17540,1387,1347,54,1401,6
2021-11-15,Mendocino,045,87422,7866,7694,610,8304,89
2021-11-15,Merced,047,269075,42838,42552,1901,44453,648
2021-11-15,Modoc,049,8938,563,538,201,739,5
2021-11-15,Mono,051,14174,1782,1763,20,1783,4
2021-11-15,Monterey,053,433212,49342,48154,3095,51249,609
2021-11-15,Napa,055,140530,13229,13143,117,13260,103
2021-11-15,Nevada,057,99092,9558,9420,337,9757,92
2021-11-15,Orange,059,3164182,311337,308859,15647,324506,5646
2021-11-15,Placer,061,380077,38014,37610,3790,41400,452
2021-11-15,Plumas,063,18699,1882,1829,45,1874,7
2021-11-15,Riverside,065,2383286,369682,364750,16646,381396,5199
2021-11-15,Sacramento,067,1510023,162088,160937,4839,165776,2293
2021-11-15,San Benito,069,59416,7545,7511,176,7687,77
2021-11-15,San Bernardino,071,2135413,360391,357306,11416,368722,5898
2021-11-15,San Diego,073,3302833,381557,378845,22041,400886,4284
2021-11-15,San Francisco,075,870044,54010,53374,2408,55782,667
2021-11-15,San Joaquin,077,732212,101380,100587,5558,106145,1799
2021-11-15,San Luis Obispo,079,281455,30100,29669,1275,30944,351
2021-11-15,San Mateo,081,765935,55074,54010,925,54935,576
2021-11-15,Santa Barbara,083,443738,45406,44879,1653,46532,539
2021-11-15,Santa Clara,085,1922200,149717,148313,1434,149747,1914
2021-11-15,Santa Cruz,087,273765,20880,20630,1025,21655,223
2021-11-15,Shasta,089,179085,22183,21779,3705,25484,374
2021-11-15,Sierra,091,2930,196,189,21,210,0
2021-11-15,Siskiyou,093,43540,3397,3302,1327,4629,54
2021-11-15,Solano,095,438530,46579,45885,1315,47200,351
2021-11-15,Sonoma,097,501317,42311,42021,532,42553,401
2021-11-15,Stanislaus,099,539301,80900,80129,9040,89169,1174
2021-11-15,Sutter,101,95872,14120,14043,371,14414,181
2021-11-15,Tehama,103,63373,8699,8615,1516,10131,125
2021-11-15,Trinity,105,12862,881,757,222,979,17
2021-11-15,Tulare,107,460477,69977,68826,15713,84539,1039
2021-11-15,Tuolumne,109,53932,7510,7461,108,7569,90
2021-11-15,Ventura,111,848112,99382,98605,4363,102968,1183
2021-11-15,Yolo,113,214977,20164,20065,1196,21261,255
2021-11-15,Yuba,115,75493,10333,10254,359,10613,85
2021-11-14,Alameda,001,1643700,121453,120629,2886,123515,1461
2021-11-14,Alpine,003,1148,105,105,0,105,0
2021-11-14,Amador,005,37829,5654,5632,65,5697,66
2021-11-14,Butte,007,227075,21399,21146,3850,24996,296
2021-11-14,Calaveras,009,45235,4259,4222,60,4282,83
2021-11-14,Colusa,011,21464,2570,2532,659,3191,19
2021-11-14,Contra Costa,013,1133247,100778,100188,2269,102457,1038
2021-11-14,Del Norte,015,27424,3716,3629,55,3684,42
2021-11-14,El Dorado,017,186661,16401,16212,1731,17943,159
2021-11-14,Fresno,019,978130,143502,141869,12513,154382,2209
2021-11-14,Glenn,021,27897,3549,3521,997,4518,34
2021-11-14,Humboldt,023,135768,9338,9215,612,9827,115
2021-11-14,Imperial,025,180216,34434,34078,3507,37585,766
2021-11-14,Inyo,027,18085,2478,2441,41,2482,42
2021-11-14,Kern,029,883053,130485,128842,23252,152094,1730
2021-11-14,Kings,031,150075,32964,32545,1994,34539,349
2021-11-14,Lake,033,64148,6856,6777,145,6922,109
2021-11-14,Lassen,035,31185,6977,6911,406,7317,47
2021-11-14,Los Angeles,037,10098052,1452840,1445284,55366,1500650,26667
2021-11-14,Madera,039,155013,23877,23566,2190,25756,287
2021-11-14,Marin,041,260295,17813,17712,478,18190,247
2021-11-14,Mariposa,043,17540,1377,1337,50,1387,6
2021-11-14,Mendocino,045,87422,7832,7684,606,8290,89
2021-11-14,Merced,047,269075,42748,42513,1895,44408,648
2021-11-14,Modoc,049,8938,561,538,201,739,5
2021-11-14,Mono,051,14174,1770,1760,20,1780,4
2021-11-14,Monterey,053,433212,49287,48135,3078,51213,609
2021-11-14,Napa,055,140530,13211,13132,117,13249,103
2021-11-14,Nevada,057,99092,9530,9408,337,9745,92
2021-11-14,Orange,059,3164182,311021,308699,15626,324325,5646
2021-11-14,Placer,061,380077,37933,37569,3780,41349,452
2021-11-14,Plumas,063,18699,1879,1829,44,1873,7
2021-11-14,Riverside,065,2383286,369184,364490,16629,381119,5199
2021-11-14,Sacramento,067,1510023,161850,160761,4822,165583,2295
2021-11-14,San Benito,069,59416,7534,7507,175,7682,77
2021-11-14,San Bernardino,071,2135413,359811,357014,11399,368413,5897
2021-11-14,San Diego,073,3302833,380953,377633,22008,399641,4280
2021-11-14,San Francisco,075,870044,53935,53338,2403,55741,667
2021-11-14,San Joaquin,077,732212,101252,100518,5553,106071,1799
2021-11-14,San Luis Obispo,079,281455,30018,29645,1271,30916,352
2021-11-14,San Mateo,081,765935,55020,53978,923,54901,576
2021-11-14,Santa Barbara,083,443738,45327,44842,1650,46492,539
2021-11-14,Santa Clara,085,1922200,149516,148152,1426,149578,1913
2021-11-14,Santa Cruz,087,273765,20826,20609,1023,21632,223
2021-11-14,Shasta,089,179085,22131,21771,3692,25463,373
2021-11-14,Sierra,091,2930,196,189,21,210,0
2021-11-14,Siskiyou,093,43540,3388,3302,1326,4628,54
2021-11-14,Solano,095,438530,46523,45860,1308,47168,351
2021-11-14,Sonoma,097,501317,42245,41974,530,42504,401
2021-11-14,Stanislaus,099,539301,80765,80076,9028,89104,1174
2021-11-14,Sutter,101,95872,14103,14031,366,14397,181
2021-11-14,Tehama,103,63373,8689,8607,1514,10121,125
2021-11-14,Trinity,105,12862,878,754,220,974,17
2021-11-14,Tulare,107,460477,69859,68772,15654,84426,1037
2021-11-14,Tuolumne,109,53932,7492,7439,107,7546,90
2021-11-14,Ventura,111,848112,99267,98550,4362,102912,1183
2021-11-14,Yolo,113,214977,20137,20040,1190,21230,255
2021-11-14,Yuba,115,75493,10326,10238,357,10595,85
2021-11-13,Alameda,001,1643700,121380,120407,2884,123291,1454
2021-11-13,Alpine,003,1148,105,105,0,105,0
2021-11-13,Amador,005,37829,5653,5614,65,5679,66
2021-11-13,Butte,007,227075,21379,21104,3847,24951,296
2021-11-13,Calaveras,009,45235,4248,4203,60,4263,83
2021-11-13,Colusa,011,21464,2568,2522,659,3181,19
2021-11-13,Contra Costa,013,1133247,100704,100004,2263,102267,1028
2021-11-13,Del Norte,015,27424,3716,3629,55,3684,42
2021-11-13,El Dorado,017,186661,16389,16163,1728,17891,159
2021-11-13,Fresno,019,978130,143395,141452,12502,153954,2205
2021-11-13,Glenn,021,27897,3549,3514,996,4510,34
2021-11-13,Humboldt,023,135768,9323,9177,607,9784,115
2021-11-13,Imperial,025,180216,34384,33990,3490,37480,766
2021-11-13,Inyo,027,18085,2472,2436,41,2477,42
2021-11-13,Kern,029,883053,130385,128472,23207,151679,1719
2021-11-13,Kings,031,150075,32947,32452,1993,34445,347
2021-11-13,Lake,033,64148,6851,6769,145,6914,109
2021-11-13,Lassen,035,31185,6972,6897,406,7303,47
2021-11-13,Los Angeles,037,10098052,1452184,1443088,55324,1498412,26649
2021-11-13,Madera,039,155013,23847,23462,2185,25647,287
2021-11-13,Marin,041,260295,17800,17684,476,18160,247
2021-11-13,Mariposa,043,17540,1374,1323,50,1373,6
2021-11-13,Mendocino,045,87422,7813,7652,604,8256,89
2021-11-13,Merced,047,269075,42710,42411,1892,44303,644
2021-11-13,Modoc,049,8938,560,536,201,737,5
2021-11-13,Mono,051,14174,1766,1750,20,1770,4
2021-11-13,Monterey,053,433212,49262,48087,3076,51163,609
2021-11-13,Napa,055,140530,13203,13110,117,13227,103
2021-11-13,Nevada,057,99092,9510,9369,335,9704,92
2021-11-13,Orange,059,3164182,310856,308211,15598,323809,5641
2021-11-13,Placer,061,380077,37883,37453,3777,41230,445
2021-11-13,Plumas,063,18699,1876,1828,44,1872,8
2021-11-13,Riverside,065,2383286,368879,363801,16622,380423,5187
2021-11-13,Sacramento,067,1510023,161717,160397,4809,165206,2291
2021-11-13,San Benito,069,59416,7521,7491,174,7665,77
2021-11-13,San Bernardino,071,2135413,359559,356325,11392,367717,5873
2021-11-13,San Diego,073,3302833,380616,377633,21980,399613,4280
2021-11-13,San Francisco,075,870044,53902,53195,2402,55597,667
2021-11-13,San Joaquin,077,732212,101195,100263,5544,105807,1799
2021-11-13,San Luis Obispo,079,281455,29988,29589,1269,30858,351
2021-11-13,San Mateo,081,765935,54983,53853,922,54775,574
2021-11-13,Santa Barbara,083,443738,45294,44734,1650,46384,537
2021-11-13,Santa Clara,085,1922200,149397,147821,1421,149242,1905
2021-11-13,Santa Cruz,087,273765,20811,20565,1022,21587,223
2021-11-13,Shasta,089,179085,22100,21713,3688,25401,366
2021-11-13,Sierra,091,2930,195,188,21,209,0
2021-11-13,Siskiyou,093,43540,3379,3299,1325,4624,54
2021-11-13,Solano,095,438530,46494,45774,1304,47078,350
2021-11-13,Sonoma,097,501317,42211,41882,529,42411,399
2021-11-13,Stanislaus,099,539301,80687,79872,9014,88886,1174
2021-11-13,Sutter,101,95872,14093,14017,365,14382,181
2021-11-13,Tehama,103,63373,8683,8592,1510,10102,125
2021-11-13,Trinity,105,12862,877,749,220,969,17
2021-11-13,Tulare,107,460477,69792,68619,15631,84250,1033
2021-11-13,Tuolumne,109,53932,7475,7392,107,7499,90
2021-11-13,Ventura,111,848112,99209,98452,4359,102811,1183
2021-11-13,Yolo,113,214977,20121,20009,1185,21194,255
2021-11-13,Yuba,115,75493,10316,10218,355,10573,85
2021-11-12,Alameda,001,1643700,121298,120407,2881,123288,1454
2021-11-12,Alpine,003,1148,105,105,0,105,0
2021-11-12,Amador,005,37829,5647,5614,64,5678,66
2021-11-12,Butte,007,227075,21362,21104,3843,24947,296
2021-11-12,Calaveras,009,45235,4237,4203,60,4263,83
2021-11-12,Colusa,011,21464,2564,2522,658,3180,19
2021-11-12,Contra Costa,013,1133247,100648,100004,2262,102266,1028
2021-11-12,Del Norte,015,27424,3716,3629,55,3684,42
2021-11-12,El Dorado,017,186661,16370,16163,1727,17890,159
2021-11-12,Fresno,019,978130,143253,141452,12493,153945,2205
2021-11-12,Glenn,021,27897,3546,3514,995,4509,34
2021-11-12,Humboldt,023,135768,9316,9177,605,9782,115
2021-11-12,Imperial,025,180216,34358,33990,3480,37470,766
2021-11-12,Inyo,027,18085,2468,2436,41,2477,42
2021-11-12,Kern,029,883053,130248,128472,23175,151647,1719
2021-11-12,Kings,031,150075,32922,32452,1991,34443,347
2021-11-12,Lake,033,64148,6847,6769,145,6914,109
2021-11-12,Lassen,035,31185,6968,6897,405,7302,47
2021-11-12,Los Angeles,037,10098052,1451457,1443088,55279,1498367,26649
2021-11-12,Madera,039,155013,23817,23462,2180,25642,287
2021-11-12,Marin,041,260295,17784,17684,475,18159,247
2021-11-12,Mariposa,043,17540,1367,1323,50,1373,6
2021-11-12,Mendocino,045,87422,7801,7652,601,8253,89
2021-11-12,Merced,047,269075,42683,42411,1890,44301,644
2021-11-12,Modoc,049,8938,559,536,201,737,5
2021-11-12,Mono,051,14174,1764,1750,20,1770,4
2021-11-12,Monterey,053,433212,49230,48087,3070,51157,609
2021-11-12,Napa,055,140530,13194,13110,117,13227,103
2021-11-12,Nevada,057,99092,9496,9369,334,9703,92
2021-11-12,Orange,059,3164182,310669,308211,15580,323791,5641
2021-11-12,Placer,061,380077,37843,37453,3774,41227,445
2021-11-12,Plumas,063,18699,1871,1828,44,1872,8
2021-11-12,Riverside,065,2383286,368613,363801,16618,380419,5187
2021-11-12,Sacramento,067,1510023,161560,160397,4804,165201,2291
2021-11-12,San Benito,069,59416,7521,7491,174,7665,77
2021-11-12,San Bernardino,071,2135413,359256,356325,11381,367706,5873
2021-11-12,San Diego,073,3302833,380241,377633,21958,399591,4280
2021-11-12,San Francisco,075,870044,53867,53195,2398,55593,667
2021-11-12,San Joaquin,077,732212,101149,100263,5538,105801,1799
2021-11-12,San Luis Obispo,079,281455,29959,29589,1268,30857,351
2021-11-12,San Mateo,081,765935,54934,53853,919,54772,574
2021-11-12,Santa Barbara,083,443738,45240,44734,1649,46383,537
2021-11-12,Santa Clara,085,1922200,149253,147821,1416,149237,1905
2021-11-12,Santa Cruz,087,273765,20784,20565,1020,21585,223
2021-11-12,Shasta,089,179085,22068,21713,3685,25398,366
2021-11-12,Sierra,091,2930,194,188,21,209,0
2021-11-12,Siskiyou,093,43540,3378,3299,1323,4622,54
2021-11-12,Solano,095,438530,46467,45774,1300,47074,350
2021-11-12,Sonoma,097,501317,42169,41882,529,42411,399
2021-11-12,Stanislaus,099,539301,80634,79872,9006,88878,1174
2021-11-12,Sutter,101,95872,14086,14017,365,14382,181
2021-11-12,Tehama,103,63373,8679,8592,1509,10101,125
2021-11-12,Trinity,105,12862,870,749,220,969,17
2021-11-12,Tulare,107,460477,69750,68619,15596,84215,1033
2021-11-12,Tuolumne,109,53932,7462,7392,106,7498,90
2021-11-12,Ventura,111,848112,99144,98452,4358,102810,1183
2021-11-12,Yolo,113,214977,20107,20009,1179,21188,255
2021-11-12,Yuba,115,75493,10307,10218,354,10572,85
2021-11-11,Alameda,001,1643700,121183,120147,2873,123020,1453
2021-11-11,Alpine,003,1148,105,105,0,105,0
2021-11-11,Amador,005,37829,5643,5603,63,5666,66
2021-11-11,Butte,007,227075,21320,21047,3838,24885,293
2021-11-11,Calaveras,009,45235,4219,4179,60,4239,83
2021-11-11,Colusa,011,21464,2556,2518,656,3174,19
2021-11-11,Contra Costa,013,1133247,100542,99808,2257,102065,1028
2021-11-11,Del Norte,015,27424,3714,3622,55,3677,42
2021-11-11,El Dorado,017,186661,16336,16085,1724,17809,159
2021-11-11,Fresno,019,978130,143051,140833,12465,153298,2202
2021-11-11,Glenn,021,27897,3544,3503,995,4498,34
2021-11-11,Humboldt,023,135768,9293,9125,602,9727,115
2021-11-11,Imperial,025,180216,34289,33844,3458,37302,766
2021-11-11,Inyo,027,18085,2463,2428,41,2469,42
2021-11-11,Kern,029,883053,130064,128023,23111,151134,1709
2021-11-11,Kings,031,150075,32871,32318,1989,34307,345
2021-11-11,Lake,033,64148,6840,6745,145,6890,107
2021-11-11,Lassen,035,31185,6962,6875,405,7280,47
2021-11-11,Los Angeles,037,10098052,1450367,1440436,55220,1495656,26614
2021-11-11,Madera,039,155013,23769,23316,2172,25488,287
2021-11-11,Marin,041,260295,17774,17639,475,18114,247
2021-11-11,Mariposa,043,17540,1357,1317,50,1367,6
2021-11-11,Mendocino,045,87422,7786,7612,592,8204,89
2021-11-11,Merced,047,269075,42628,42292,1888,44180,643
2021-11-11,Modoc,049,8938,557,536,201,737,5
2021-11-11,Mono,051,14174,1760,1743,20,1763,4
2021-11-11,Monterey,053,433212,49195,48008,3058,51066,609
2021-11-11,Napa,055,140530,13186,13075,117,13192,103
2021-11-11,Nevada,057,99092,9474,9308,334,9642,92
2021-11-11,Orange,059,3164182,310399,307674,15542,323216,5633
2021-11-11,Placer,061,380077,37792,37333,3766,41099,440
2021-11-11,Plumas,063,18699,1867,1814,44,1858,7
2021-11-11,Riverside,065,2383286,368183,362930,16600,379530,5175
2021-11-11,Sacramento,067,1510023,161348,159962,4785,164747,2289
2021-11-11,San Benito,069,59416,7513,7473,174,7647,76
2021-11-11,San Bernardino,071,2135413,358832,355413,11368,366781,5849
2021-11-11,San Diego,073,3302833,379726,376428,21935,398363,4272
2021-11-11,San Francisco,075,870044,53807,53063,2396,55459,666
2021-11-11,San Joaquin,077,732212,101054,99937,5523,105460,1799
2021-11-11,San Luis Obispo,079,281455,29908,29532,1266,30798,351
2021-11-11,San Mateo,081,765935,54883,53722,914,54636,574
2021-11-11,Santa Barbara,083,443738,45182,44603,1646,46249,534
2021-11-11,Santa Clara,085,1922200,149071,147458,1410,148868,1901
2021-11-11,Santa Cruz,087,273765,20739,20479,1020,21499,222
2021-11-11,Shasta,089,179085,22021,21600,3683,25283,364
2021-11-11,Sierra,091,2930,193,186,21,207,0
2021-11-11,Siskiyou,093,43540,3372,3297,1322,4619,53
2021-11-11,Solano,095,438530,46430,45679,1299,46978,350
2021-11-11,Sonoma,097,501317,42132,41774,529,42303,395
2021-11-11,Stanislaus,099,539301,80548,79570,8992,88562,1166
2021-11-11,Sutter,101,95872,14072,13993,364,14357,181
2021-11-11,Tehama,103,63373,8667,8565,1507,10072,125
2021-11-11,Trinity,105,12862,869,748,220,968,17
2021-11-11,Tulare,107,460477,69660,68367,15559,83926,1028
2021-11-11,Tuolumne,109,53932,7449,7354,106,7460,90
2021-11-11,Ventura,111,848112,99066,98297,4351,102648,1182
2021-11-11,Yolo,113,214977,20080,19946,1177,21123,255
2021-11-11,Yuba,115,75493,10291,10191,354,10545,85
2021-11-10,Alameda,001,1643700,121075,120147,2864,123011,1453
2021-11-10,Alpine,003,1148,105,105,0,105,0
2021-11-10,Amador,005,37829,5637,5603,63,5666,66
2021-11-10,Butte,007,227075,21294,21047,3834,24881,293
2021-11-10,Calaveras,009,45235,4208,4179,60,4239,83
2021-11-10,Colusa,011,21464,2550,2518,656,3174,19
2021-11-10,Contra Costa,013,1133247,100458,99808,2253,102061,1028
2021-11-10,Del Norte,015,27424,3713,3622,55,3677,42
2021-11-10,El Dorado,017,186661,16320,16085,1723,17808,159
2021-11-10,Fresno,019,978130,142873,140833,12452,153285,2202
2021-11-10,Glenn,021,27897,3544,3503,994,4497,34
2021-11-10,Humboldt,023,135768,9275,9125,602,9727,115
2021-11-10,Imperial,025,180216,34239,33844,3439,37283,766
2021-11-10,Inyo,027,18085,2456,2428,41,2469,42
2021-11-10,Kern,029,883053,129915,128023,23055,151078,1709
2021-11-10,Kings,031,150075,32838,32318,1987,34305,345
2021-11-10,Lake,033,64148,6830,6745,145,6890,107
2021-11-10,Lassen,035,31185,6957,6875,405,7280,47
2021-11-10,Los Angeles,037,10098052,1449419,1440436,55164,1495600,26614
2021-11-10,Madera,039,155013,23720,23316,2166,25482,287
2021-11-10,Marin,041,260295,17761,17639,473,18112,247
2021-11-10,Mariposa,043,17540,1351,1317,50,1367,6
2021-11-10,Mendocino,045,87422,7774,7612,591,8203,89
2021-11-10,Merced,047,269075,42593,42292,1886,44178,643
2021-11-10,Modoc,049,8938,556,536,200,736,5
2021-11-10,Mono,051,14174,1758,1743,20,1763,4
2021-11-10,Monterey,053,433212,49162,48008,3046,51054,609
2021-11-10,Napa,055,140530,13172,13075,116,13191,103
2021-11-10,Nevada,057,99092,9467,9308,332,9640,92
2021-11-10,Orange,059,3164182,310136,307674,15510,323184,5633
2021-11-10,Placer,061,380077,37747,37333,3759,41092,440
2021-11-10,Plumas,063,18699,1864,1814,43,1857,7
2021-11-10,Riverside,065,2383286,367803,362930,16594,379524,5175
2021-11-10,Sacramento,067,1510023,161195,159962,4775,164737,2289
2021-11-10,San Benito,069,59416,7505,7473,174,7647,76
2021-11-10,San Bernardino,071,2135413,358493,355413,11360,366773,5849
2021-11-10,San Diego,073,3302833,379311,376428,21913,398341,4272
2021-11-10,San Francisco,075,870044,53745,53063,2393,55456,666
2021-11-10,San Joaquin,077,732212,100946,99937,5517,105454,1799
2021-11-10,San Luis Obispo,079,281455,29878,29532,1265,30797,351
2021-11-10,San Mateo,081,765935,54829,53722,913,54635,574
2021-11-10,Santa Barbara,083,443738,45144,44603,1645,46248,534
2021-11-10,Santa Clara,085,1922200,148922,147458,1404,148862,1901
2021-11-10,Santa Cruz,087,273765,20712,20479,1019,21498,222
2021-11-10,Shasta,089,179085,21985,21600,3681,25281,364
2021-11-10,Sierra,091,2930,192,186,21,207,0
2021-11-10,Siskiyou,093,43540,3370,3297,1322,4619,53
2021-11-10,Solano,095,438530,46400,45679,1297,46976,350
2021-11-10,Sonoma,097,501317,42080,41774,529,42303,395
2021-11-10,Stanislaus,099,539301,80445,79570,8976,88546,1166
2021-11-10,Sutter,101,95872,14064,13993,364,14357,181
2021-11-10,Tehama,103,63373,8655,8565,1501,10066,125
2021-11-10,Trinity,105,12862,865,748,219,967,17
2021-11-10,Tulare,107,460477,69599,68367,15519,83886,1028
2021-11-10,Tuolumne,109,53932,7425,7354,106,7460,90
2021-11-10,Ventura,111,848112,98995,98297,4351,102648,1182
2021-11-10,Yolo,113,214977,20062,19946,1176,21122,255
2021-11-10,Yuba,115,75493,10282,10191,354,10545,85
2021-11-09,Alameda,001,1643700,120939,120051,2855,122906,1450
2021-11-09,Alpine,003,1148,105,105,0,105,0
2021-11-09,Amador,005,37829,5633,5596,63,5659,66
2021-11-09,Butte,007,227075,21273,21022,3831,24853,291
2021-11-09,Calaveras,009,45235,4204,4174,60,4234,84
2021-11-09,Colusa,011,21464,2545,2517,655,3172,19
2021-11-09,Contra Costa,013,1133247,100363,99732,2245,101977,1028
2021-11-09,Del Norte,015,27424,3712,3620,55,3675,42
2021-11-09,El Dorado,017,186661,16282,16073,1718,17791,160
2021-11-09,Fresno,019,978130,142632,140666,12437,153103,2188
2021-11-09,Glenn,021,27897,3539,3499,993,4492,34
2021-11-09,Humboldt,023,135768,9255,9112,597,9709,115
2021-11-09,Imperial,025,180216,34187,33751,3425,37176,766
2021-11-09,Inyo,027,18085,2452,2404,41,2445,42
2021-11-09,Kern,029,883053,129672,127901,22992,150893,1694
2021-11-09,Kings,031,150075,32771,32279,1983,34262,344
2021-11-09,Lake,033,64148,6821,6743,145,6888,106
2021-11-09,Lassen,035,31185,6945,6846,405,7251,47
2021-11-09,Los Angeles,037,10098052,1448178,1439125,55104,1494229,26581
2021-11-09,Madera,039,155013,23670,23285,2157,25442,287
2021-11-09,Marin,041,260295,17742,17630,471,18101,247
2021-11-09,Mariposa,043,17540,1343,1317,49,1366,5
2021-11-09,Mendocino,045,87422,7751,7598,585,8183,85
2021-11-09,Merced,047,269075,42551,42251,1882,44133,613
2021-11-09,Modoc,049,8938,555,536,198,734,5
2021-11-09,Mono,051,14174,1752,1738,20,1758,4
2021-11-09,Monterey,053,433212,49124,47975,3021,50996,609
2021-11-09,Napa,055,140530,13154,13051,116,13167,103
2021-11-09,Nevada,057,99092,9448,9288,332,9620,92
2021-11-09,Orange,059,3164182,309853,307412,15483,322895,5621
2021-11-09,Placer,061,380077,37693,37291,3742,41033,440
2021-11-09,Plumas,063,18699,1862,1802,43,1845,7
2021-11-09,Riverside,065,2383286,367338,362557,16579,379136,5160
2021-11-09,Sacramento,067,1510023,160956,159856,4765,164621,2286
2021-11-09,San Benito,069,59416,7494,7471,173,7644,76
2021-11-09,San Bernardino,071,2135413,358044,354972,11343,366315,5839
2021-11-09,San Diego,073,3302833,378804,375997,21887,397884,4272
2021-11-09,San Francisco,075,870044,53670,52996,2387,55383,666
2021-11-09,San Joaquin,077,732212,100768,99848,5504,105352,1794
2021-11-09,San Luis Obispo,079,281455,29835,29488,1264,30752,350
2021-11-09,San Mateo,081,765935,54781,53697,903,54600,574
2021-11-09,Santa Barbara,083,443738,45077,44579,1638,46217,533
2021-11-09,Santa Clara,085,1922200,148715,147281,1397,148678,1901
2021-11-09,Santa Cruz,087,273765,20677,20463,1018,21481,222
2021-11-09,Shasta,089,179085,21930,21558,3676,25234,364
2021-11-09,Sierra,091,2930,192,186,21,207,0
2021-11-09,Siskiyou,093,43540,3368,3295,1320,4615,52
2021-11-09,Solano,095,438530,46346,45639,1296,46935,350
2021-11-09,Sonoma,097,501317,42025,41727,527,42254,395
2021-11-09,Stanislaus,099,539301,80341,79505,8959,88464,1165
2021-11-09,Sutter,101,95872,14049,13988,362,14350,180
2021-11-09,Tehama,103,63373,8637,8555,1499,10054,125
2021-11-09,Trinity,105,12862,864,746,219,965,17
2021-11-09,Tulare,107,460477,69495,68298,15479,83777,1024
2021-11-09,Tuolumne,109,53932,7406,7347,106,7453,90
2021-11-09,Ventura,111,848112,98916,98202,4346,102548,1182
2021-11-09,Yolo,113,214977,20038,19931,1172,21103,255
2021-11-09,Yuba,115,75493,10265,10175,348,10523,85
2021-11-08,Alameda,001,1643700,120799,119983,2849,122832,1447
2021-11-08,Alpine,003,1148,105,105,0,105,0
2021-11-08,Amador,005,37829,5627,5590,63,5653,66
2021-11-08,Butte,007,227075,21245,21000,3823,24823,288
2021-11-08,Calaveras,009,45235,4196,4166,60,4226,82
2021-11-08,Colusa,011,21464,2544,2514,654,3168,19
2021-11-08,Contra Costa,013,1133247,100261,99669,2241,101910,1028
2021-11-08,Del Norte,015,27424,3708,3619,55,3674,42
2021-11-08,El Dorado,017,186661,16263,16055,1713,17768,156
2021-11-08,Fresno,019,978130,142332,140466,12419,152885,2179
2021-11-08,Glenn,021,27897,3536,3496,989,4485,34
2021-11-08,Humboldt,023,135768,9228,9095,587,9682,109
2021-11-08,Imperial,025,180216,34108,33690,3406,37096,766
2021-11-08,Inyo,027,18085,2445,2398,41,2439,41
2021-11-08,Kern,029,883053,129437,127722,22909,150631,1692
2021-11-08,Kings,031,150075,32725,32248,1982,34230,344
2021-11-08,Lake,033,64148,6815,6737,145,6882,106
2021-11-08,Lassen,035,31185,6938,6830,403,7233,46
2021-11-08,Los Angeles,037,10098052,1446835,1438322,55046,1493368,26575
2021-11-08,Madera,039,155013,23621,23253,2145,25398,287
2021-11-08,Marin,041,260295,17725,17617,468,18085,247
2021-11-08,Mariposa,043,17540,1335,1316,48,1364,5
2021-11-08,Mendocino,045,87422,7737,7581,579,8160,85
2021-11-08,Merced,047,269075,42480,42224,1874,44098,607
2021-11-08,Modoc,049,8938,554,529,198,727,5
2021-11-08,Mono,051,14174,1746,1739,20,1759,4
2021-11-08,Monterey,053,433212,49083,47942,3000,50942,602
2021-11-08,Napa,055,140530,13140,13045,116,13161,103
2021-11-08,Nevada,057,99092,9430,9278,330,9608,92
2021-11-08,Orange,059,3164182,309579,307156,15452,322608,5616
2021-11-08,Placer,061,380077,37641,37250,3739,40989,439
2021-11-08,Plumas,063,18699,1861,1788,42,1830,7
2021-11-08,Riverside,065,2383286,366883,362201,16565,378766,5152
2021-11-08,Sacramento,067,1510023,160741,159735,4745,164480,2275
2021-11-08,San Benito,069,59416,7492,7461,173,7634,75
2021-11-08,San Bernardino,071,2135413,357539,354741,11324,366065,5836
2021-11-08,San Diego,073,3302833,378215,375557,21840,397397,4259
2021-11-08,San Francisco,075,870044,53617,52942,2381,55323,666
2021-11-08,San Joaquin,077,732212,100652,99736,5502,105238,1794
2021-11-08,San Luis Obispo,079,281455,29785,29464,1260,30724,350
2021-11-08,San Mateo,081,765935,54704,53658,898,54556,574
2021-11-08,Santa Barbara,083,443738,45023,44548,1637,46185,532
2021-11-08,Santa Clara,085,1922200,148487,147183,1391,148574,1899
2021-11-08,Santa Cruz,087,273765,20648,20435,1018,21453,222
2021-11-08,Shasta,089,179085,21883,21504,3670,25174,354
2021-11-08,Sierra,091,2930,192,183,21,204,0
2021-11-08,Siskiyou,093,43540,3364,3290,1309,4599,50
2021-11-08,Solano,095,438530,46305,45613,1292,46905,350
2021-11-08,Sonoma,097,501317,41957,41669,525,42194,395
2021-11-08,Stanislaus,099,539301,80189,79417,8945,88362,1150
2021-11-08,Sutter,101,95872,14041,13976,358,14334,180
2021-11-08,Tehama,103,63373,8628,8534,1499,10033,123
2021-11-08,Trinity,105,12862,864,743,218,961,13
2021-11-08,Tulare,107,460477,69380,68199,15441,83640,1020
2021-11-08,Tuolumne,109,53932,7387,7328,105,7433,90
2021-11-08,Ventura,111,848112,98823,98144,4343,102487,1182
2021-11-08,Yolo,113,214977,20000,19916,1167,21083,255
2021-11-08,Yuba,115,75493,10254,10172,345,10517,83
2021-11-07,Alameda,001,1643700,120642,119902,2843,122745,1444
2021-11-07,Alpine,003,1148,105,105,0,105,0
2021-11-07,Amador,005,37829,5620,5580,61,5641,66
2021-11-07,Butte,007,227075,21205,20969,3814,24783,288
2021-11-07,Calaveras,009,45235,4169,4158,59,4217,82
2021-11-07,Colusa,011,21464,2538,2511,652,3163,19
2021-11-07,Contra Costa,013,1133247,100149,99596,2232,101828,1028
2021-11-07,Del Norte,015,27424,3706,3617,55,3672,42
2021-11-07,El Dorado,017,186661,16226,16040,1710,17750,156
2021-11-07,Fresno,019,978130,141992,140263,12395,152658,2179
2021-11-07,Glenn,021,27897,3529,3493,988,4481,34
2021-11-07,Humboldt,023,135768,9203,9074,583,9657,109
2021-11-07,Imperial,025,180216,34035,33674,3386,37060,766
2021-11-07,Inyo,027,18085,2432,2394,41,2435,41
2021-11-07,Kern,029,883053,129165,127583,22817,150400,1692
2021-11-07,Kings,031,150075,32635,32221,1978,34199,343
2021-11-07,Lake,033,64148,6799,6734,144,6878,106
2021-11-07,Lassen,035,31185,6929,6819,399,7218,46
2021-11-07,Los Angeles,037,10098052,1445345,1437314,54973,1492287,26573
2021-11-07,Madera,039,155013,23576,23225,2138,25363,287
2021-11-07,Marin,041,260295,17705,17594,467,18061,247
2021-11-07,Mariposa,043,17540,1334,1306,48,1354,5
2021-11-07,Mendocino,045,87422,7708,7567,575,8142,85
2021-11-07,Merced,047,269075,42399,42186,1844,44030,607
2021-11-07,Modoc,049,8938,551,528,197,725,5
2021-11-07,Mono,051,14174,1741,1739,20,1759,4
2021-11-07,Monterey,053,433212,49031,47924,2995,50919,602
2021-11-07,Napa,055,140530,13119,13041,116,13157,103
2021-11-07,Nevada,057,99092,9381,9254,330,9584,92
2021-11-07,Orange,059,3164182,309255,306954,15413,322367,5616
2021-11-07,Placer,061,380077,37565,37202,3724,40926,439
2021-11-07,Plumas,063,18699,1854,1787,41,1828,7
2021-11-07,Riverside,065,2383286,366349,361960,16546,378506,5152
2021-11-07,Sacramento,067,1510023,160510,159549,4727,164276,2277
2021-11-07,San Benito,069,59416,7479,7460,173,7633,75
2021-11-07,San Bernardino,071,2135413,357038,354488,11301,365789,5832
2021-11-07,San Diego,073,3302833,377626,375165,21807,396972,4250
2021-11-07,San Francisco,075,870044,53533,52868,2374,55242,666
2021-11-07,San Joaquin,077,732212,100467,99696,5496,105192,1794
2021-11-07,San Luis Obispo,079,281455,29735,29454,1256,30710,350
2021-11-07,San Mateo,081,765935,54645,53600,896,54496,574
2021-11-07,Santa Barbara,083,443738,44960,44501,1636,46137,532
2021-11-07,Santa Clara,085,1922200,148285,147054,1378,148432,1898
2021-11-07,Santa Cruz,087,273765,20590,20397,1017,21414,222
2021-11-07,Shasta,089,179085,21835,21479,3664,25143,354
2021-11-07,Sierra,091,2930,190,183,21,204,0
2021-11-07,Siskiyou,093,43540,3358,3289,1307,4596,51
2021-11-07,Solano,095,438530,46250,45582,1285,46867,350
2021-11-07,Sonoma,097,501317,41908,41630,525,42155,395
2021-11-07,Stanislaus,099,539301,80035,79351,8925,88276,1150
2021-11-07,Sutter,101,95872,14028,13964,355,14319,180
2021-11-07,Tehama,103,63373,8605,8528,1497,10025,121
2021-11-07,Trinity,105,12862,863,742,217,959,13
2021-11-07,Tulare,107,460477,69227,68145,15398,83543,1020
2021-11-07,Tuolumne,109,53932,7369,7300,103,7403,90
2021-11-07,Ventura,111,848112,98731,98085,4341,102426,1182
2021-11-07,Yolo,113,214977,19980,19899,1162,21061,255
2021-11-07,Yuba,115,75493,10237,10162,340,10502,83
2021-11-06,Alameda,001,1643700,120579,119499,2840,122339,1436
2021-11-06,Alpine,003,1148,105,105,0,105,0
2021-11-06,Amador,005,37829,5614,5557,61,5618,66
2021-11-06,Butte,007,227075,21185,20796,3810,24606,288
2021-11-06,Calaveras,009,45235,4161,4105,59,4164,82
2021-11-06,Colusa,011,21464,2537,2501,651,3152,19
2021-11-06,Contra Costa,013,1133247,100094,99282,2230,101512,1025
2021-11-06,Del Norte,015,27424,3703,3607,55,3662,42
2021-11-06,El Dorado,017,186661,16209,15958,1710,17668,156
2021-11-06,Fresno,019,978130,141875,139249,12393,151642,2170
2021-11-06,Glenn,021,27897,3526,3479,988,4467,33
2021-11-06,Humboldt,023,135768,9191,8972,579,9551,109
2021-11-06,Imperial,025,180216,33989,33471,3380,36851,766
2021-11-06,Inyo,027,18085,2426,2353,41,2394,41
2021-11-06,Kern,029,883053,129032,126848,22764,149612,1684
2021-11-06,Kings,031,150075,32602,32018,1973,33991,342
2021-11-06,Lake,033,64148,6797,6695,144,6839,106
2021-11-06,Lassen,035,31185,6924,6796,398,7194,46
2021-11-06,Los Angeles,037,10098052,1444570,1433081,54929,1488010,26533
2021-11-06,Madera,039,155013,23540,22994,2129,25123,287
2021-11-06,Marin,041,260295,17686,17520,464,17984,247
2021-11-06,Mariposa,043,17540,1332,1282,48,1330,5
2021-11-06,Mendocino,045,87422,7686,7486,575,8061,85
2021-11-06,Merced,047,269075,42375,41958,1836,43794,604
2021-11-06,Modoc,049,8938,550,523,197,720,5
2021-11-06,Mono,051,14174,1739,1725,20,1745,4
2021-11-06,Monterey,053,433212,48999,47830,2985,50815,602
2021-11-06,Napa,055,140530,13109,12950,116,13066,103
2021-11-06,Nevada,057,99092,9359,9169,329,9498,91
2021-11-06,Orange,059,3164182,309048,306049,15387,321436,5611
2021-11-06,Placer,061,380077,37524,36967,3721,40688,438
2021-11-06,Plumas,063,18699,1850,1755,40,1795,7
2021-11-06,Riverside,065,2383286,366031,360584,16537,377121,5138
2021-11-06,Sacramento,067,1510023,160418,158766,4722,163488,2263
2021-11-06,San Benito,069,59416,7472,7429,173,7602,75
2021-11-06,San Bernardino,071,2135413,356767,353142,11297,364439,5813
2021-11-06,San Diego,073,3302833,377279,373423,21789,395212,4246
2021-11-06,San Francisco,075,870044,53479,52556,2371,54927,666
2021-11-06,San Joaquin,077,732212,100410,99372,5495,104867,1782
2021-11-06,San Luis Obispo,079,281455,29707,29335,1252,30587,350
2021-11-06,San Mateo,081,765935,54611,53442,895,54337,574
2021-11-06,Santa Barbara,083,443738,44924,44301,1635,45936,532
2021-11-06,Santa Clara,085,1922200,148140,146519,1373,147892,1894
2021-11-06,Santa Cruz,087,273765,20571,20311,1015,21326,222
2021-11-06,Shasta,089,179085,21816,21281,3659,24940,349
2021-11-06,Sierra,091,2930,190,181,21,202,0
2021-11-06,Siskiyou,093,43540,3358,3279,1305,4584,48
2021-11-06,Solano,095,438530,46220,45465,1284,46749,350
2021-11-06,Sonoma,097,501317,41858,41398,524,41922,395
2021-11-06,Stanislaus,099,539301,79967,78902,8917,87819,1193
2021-11-06,Sutter,101,95872,14024,13908,354,14262,180
2021-11-06,Tehama,103,63373,8594,8474,1495,9969,120
2021-11-06,Trinity,105,12862,860,732,217,949,11
2021-11-06,Tulare,107,460477,69176,67767,15370,83137,1010
2021-11-06,Tuolumne,109,53932,7356,7245,103,7348,90
2021-11-06,Ventura,111,848112,98665,97770,4337,102107,1180
2021-11-06,Yolo,113,214977,19963,19827,1158,20985,255
2021-11-06,Yuba,115,75493,10223,10107,340,10447,83
2021-11-05,Alameda,001,1643700,120497,119499,2838,122337,1436
2021-11-05,Alpine,003,1148,105,105,0,105,0
2021-11-05,Amador,005,37829,5609,5557,61,5618,66
2021-11-05,Butte,007,227075,21171,20796,3809,24605,288
2021-11-05,Calaveras,009,45235,4156,4105,59,4164,82
2021-11-05,Colusa,011,21464,2537,2501,650,3151,19
2021-11-05,Contra Costa,013,1133247,100028,99282,2228,101510,1025
2021-11-05,Del Norte,015,27424,3701,3607,55,3662,42
2021-11-05,El Dorado,017,186661,16191,15958,1704,17662,156
2021-11-05,Fresno,019,978130,141697,139249,12382,151631,2170
2021-11-05,Glenn,021,27897,3526,3479,988,4467,33
2021-11-05,Humboldt,023,135768,9177,8972,579,9551,109
2021-11-05,Imperial,025,180216,33954,33471,3377,36848,766
2021-11-05,Inyo,027,18085,2418,2353,41,2394,41
2021-11-05,Kern,029,883053,128905,126848,22708,149556,1684
2021-11-05,Kings,031,150075,32579,32018,1972,33990,342
2021-11-05,Lake,033,64148,6791,6695,144,6839,106
2021-11-05,Lassen,035,31185,6920,6796,397,7193,46
2021-11-05,Los Angeles,037,10098052,1443751,1433081,54891,1487972,26533
2021-11-05,Madera,039,155013,23502,22994,2128,25122,287
2021-11-05,Marin,041,260295,17664,17520,463,17983,247
2021-11-05,Mariposa,043,17540,1329,1282,47,1329,5
2021-11-05,Mendocino,045,87422,7675,7486,574,8060,85
2021-11-05,Merced,047,269075,42349,41958,1832,43790,604
2021-11-05,Modoc,049,8938,550,523,197,720,5
2021-11-05,Mono,051,14174,1738,1725,20,1745,4
2021-11-05,Monterey,053,433212,48970,47830,2983,50813,602
2021-11-05,Napa,055,140530,13087,12950,116,13066,103
2021-11-05,Nevada,057,99092,9346,9169,329,9498,91
2021-11-05,Orange,059,3164182,308851,306049,15365,321414,5611
2021-11-05,Placer,061,380077,37497,36967,3711,40678,438
2021-11-05,Plumas,063,18699,1843,1755,40,1795,7
2021-11-05,Riverside,065,2383286,365690,360584,16527,377111,5138
2021-11-05,Sacramento,067,1510023,160295,158766,4716,163482,2263
2021-11-05,San Benito,069,59416,7470,7429,172,7601,75
2021-11-05,San Bernardino,071,2135413,356435,353142,11286,364428,5813
2021-11-05,San Diego,073,3302833,376914,373423,21777,395200,4246
2021-11-05,San Francisco,075,870044,53428,52556,2368,54924,666
2021-11-05,San Joaquin,077,732212,100357,99372,5486,104858,1782
2021-11-05,San Luis Obispo,079,281455,29685,29335,1252,30587,350
2021-11-05,San Mateo,081,765935,54571,53442,893,54335,574
2021-11-05,Santa Barbara,083,443738,44879,44301,1634,45935,532
2021-11-05,Santa Clara,085,1922200,148002,146519,1372,147891,1894
2021-11-05,Santa Cruz,087,273765,20547,20311,1014,21325,222
2021-11-05,Shasta,089,179085,21784,21281,3654,24935,349
2021-11-05,Sierra,091,2930,190,181,21,202,0
2021-11-05,Siskiyou,093,43540,3353,3279,1304,4583,48
2021-11-05,Solano,095,438530,46174,45465,1281,46746,350
2021-11-05,Sonoma,097,501317,41818,41398,524,41922,395
2021-11-05,Stanislaus,099,539301,79909,78902,8905,87807,1193
2021-11-05,Sutter,101,95872,14016,13908,353,14261,180
2021-11-05,Tehama,103,63373,8587,8474,1494,9968,120
2021-11-05,Trinity,105,12862,860,732,217,949,11
2021-11-05,Tulare,107,460477,69105,67767,15332,83099,1010
2021-11-05,Tuolumne,109,53932,7339,7245,102,7347,90
2021-11-05,Ventura,111,848112,98624,97770,4334,102104,1180
2021-11-05,Yolo,113,214977,19953,19827,1157,20984,255
2021-11-05,Yuba,115,75493,10210,10107,338,10445,83
2021-11-04,Alameda,001,1643700,120382,119499,2832,122331,1436
2021-11-04,Alpine,003,1148,105,105,0,105,0
2021-11-04,Amador,005,37829,5601,5557,61,5618,66
2021-11-04,Butte,007,227075,21129,20796,3799,24595,288
2021-11-04,Calaveras,009,45235,4142,4105,57,4162,82
2021-11-04,Colusa,011,21464,2531,2501,649,3150,19
2021-11-04,Contra Costa,013,1133247,99935,99282,2223,101505,1025
2021-11-04,Del Norte,015,27424,3698,3607,55,3662,42
2021-11-04,El Dorado,017,186661,16165,15958,1700,17658,156
2021-11-04,Fresno,019,978130,141418,139249,12375,151624,2170
2021-11-04,Glenn,021,27897,3521,3479,987,4466,33
2021-11-04,Humboldt,023,135768,9152,8972,576,9548,109
2021-11-04,Imperial,025,180216,33896,33471,3367,36838,766
2021-11-04,Inyo,027,18085,2410,2353,41,2394,41
2021-11-04,Kern,029,883053,128672,126848,22640,149488,1684
2021-11-04,Kings,031,150075,32499,32018,1964,33982,342
2021-11-04,Lake,033,64148,6781,6695,142,6837,106
2021-11-04,Lassen,035,31185,6910,6796,392,7188,46
2021-11-04,Los Angeles,037,10098052,1442453,1433081,54809,1487890,26533
2021-11-04,Madera,039,155013,23447,22994,2117,25111,287
2021-11-04,Marin,041,260295,17651,17520,461,17981,247
2021-11-04,Mariposa,043,17540,1322,1282,47,1329,5
2021-11-04,Mendocino,045,87422,7662,7486,568,8054,85
2021-11-04,Merced,047,269075,42294,41958,1828,43786,604
2021-11-04,Modoc,049,8938,549,523,197,720,5
2021-11-04,Mono,051,14174,1735,1725,20,1745,4
2021-11-04,Monterey,053,433212,48925,47830,2967,50797,602
2021-11-04,Napa,055,140530,13066,12950,116,13066,103
2021-11-04,Nevada,057,99092,9315,9169,328,9497,91
2021-11-04,Orange,059,3164182,308601,306049,15346,321395,5611
2021-11-04,Placer,061,380077,37425,36967,3702,40669,438
2021-11-04,Plumas,063,18699,1835,1755,36,1791,7
2021-11-04,Riverside,065,2383286,365294,360584,16518,377102,5138
2021-11-04,Sacramento,067,1510023,160060,158766,4695,163461,2263
2021-11-04,San Benito,069,59416,7464,7429,172,7601,75
2021-11-04,San Bernardino,071,2135413,356001,353142,11279,364421,5813
2021-11-04,San Diego,073,3302833,376433,373423,21756,395179,4246
2021-11-04,San Francisco,075,870044,53347,52556,2364,54920,666
2021-11-04,San Joaquin,077,732212,100250,99372,5474,104846,1782
2021-11-04,San Luis Obispo,079,281455,29661,29335,1246,30581,350
2021-11-04,San Mateo,081,765935,54512,53442,887,54329,574
2021-11-04,Santa Barbara,083,443738,44823,44301,1634,45935,532
2021-11-04,Santa Clara,085,1922200,147848,146519,1368,147887,1894
2021-11-04,Santa Cruz,087,273765,20512,20311,1014,21325,222
2021-11-04,Shasta,089,179085,21726,21281,3648,24929,349
2021-11-04,Sierra,091,2930,188,181,21,202,0
2021-11-04,Siskiyou,093,43540,3350,3279,1297,4576,48
2021-11-04,Solano,095,438530,46132,45465,1280,46745,350
2021-11-04,Sonoma,097,501317,41757,41398,524,41922,395
2021-11-04,Stanislaus,099,539301,79771,78902,8899,87801,1193
2021-11-04,Sutter,101,95872,14005,13908,351,14259,180
2021-11-04,Tehama,103,63373,8578,8474,1490,9964,120
2021-11-04,Trinity,105,12862,859,732,217,949,11
2021-11-04,Tulare,107,460477,68989,67767,15286,83053,1010
2021-11-04,Tuolumne,109,53932,7317,7245,100,7345,90
2021-11-04,Ventura,111,848112,98536,97770,4329,102099,1180
2021-11-04,Yolo,113,214977,19927,19827,1151,20978,255
2021-11-04,Yuba,115,75493,10196,10107,336,10443,83
2021-11-03,Alameda,001,1643700,120240,119356,2829,122185,1428
2021-11-03,Alpine,003,1148,105,105,0,105,0
2021-11-03,Amador,005,37829,5595,5545,60,5605,66
2021-11-03,Butte,007,227075,21084,20769,3790,24559,284
2021-11-03,Calaveras,009,45235,4124,4087,56,4143,82
2021-11-03,Colusa,011,21464,2525,2499,649,3148,20
2021-11-03,Contra Costa,013,1133247,99835,99168,2218,101386,1025
2021-11-03,Del Norte,015,27424,3696,3600,54,3654,42
2021-11-03,El Dorado,017,186661,16139,15915,1697,17612,156
2021-11-03,Fresno,019,978130,141054,138873,12356,151229,2166
2021-11-03,Glenn,021,27897,3517,3470,987,4457,33
2021-11-03,Humboldt,023,135768,9134,8949,571,9520,109
2021-11-03,Imperial,025,180216,33826,33402,3356,36758,766
2021-11-03,Inyo,027,18085,2390,2344,41,2385,41
2021-11-03,Kern,029,883053,128409,126523,22538,149061,1681
2021-11-03,Kings,031,150075,32445,31923,1956,33879,341
2021-11-03,Lake,033,64148,6765,6685,142,6827,106
2021-11-03,Lassen,035,31185,6894,6782,386,7168,46
2021-11-03,Los Angeles,037,10098052,1441107,1431209,54725,1485934,26517
2021-11-03,Madera,039,155013,23380,22893,2108,25001,287
2021-11-03,Marin,041,260295,17630,17491,457,17948,247
2021-11-03,Mariposa,043,17540,1312,1276,47,1323,5
2021-11-03,Mendocino,045,87422,7646,7457,560,8017,84
2021-11-03,Merced,047,269075,42233,41849,1818,43667,597
2021-11-03,Modoc,049,8938,549,521,195,716,5
2021-11-03,Mono,051,14174,1730,1719,20,1739,4
2021-11-03,Monterey,053,433212,48875,47794,2954,50748,601
2021-11-03,Napa,055,140530,13054,12937,115,13052,103
2021-11-03,Nevada,057,99092,9288,9131,327,9458,91
2021-11-03,Orange,059,3164182,308290,305661,15313,320974,5607
2021-11-03,Placer,061,380077,37355,36868,3697,40565,438
2021-11-03,Plumas,063,18699,1824,1739,35,1774,7
2021-11-03,Riverside,065,2383286,364836,360060,16514,376574,5131
2021-11-03,Sacramento,067,1510023,159835,158311,4684,162995,2259
2021-11-03,San Benito,069,59416,7456,7419,172,7591,75
2021-11-03,San Bernardino,071,2135413,355530,352225,11259,363484,5813
2021-11-03,San Diego,073,3302833,375920,372951,21733,394684,4241
2021-11-03,San Francisco,075,870044,53252,52493,2359,54852,663
2021-11-03,San Joaquin,077,732212,100138,99188,5463,104651,1776
2021-11-03,San Luis Obispo,079,281455,29619,29276,1240,30516,348
2021-11-03,San Mateo,081,765935,54446,53396,881,54277,571
2021-11-03,Santa Barbara,083,443738,44766,44220,1631,45851,531
2021-11-03,Santa Clara,085,1922200,147678,146259,1361,147620,1897
2021-11-03,Santa Cruz,087,273765,20477,20275,1014,21289,222
2021-11-03,Shasta,089,179085,21668,21215,3641,24856,346
2021-11-03,Sierra,091,2930,186,180,21,201,0
2021-11-03,Siskiyou,093,43540,3346,3276,1295,4571,46
2021-11-03,Solano,095,438530,46105,45411,1278,46689,351
2021-11-03,Sonoma,097,501317,41680,41326,522,41848,395
2021-11-03,Stanislaus,099,539301,79641,78736,8884,87620,1193
2021-11-03,Sutter,101,95872,13992,13876,349,14225,179
2021-11-03,Tehama,103,63373,8566,8438,1490,9928,118
2021-11-03,Trinity,105,12862,858,730,217,947,11
2021-11-03,Tulare,107,460477,68863,67588,15243,82831,1007
2021-11-03,Tuolumne,109,53932,7300,7218,98,7316,90
2021-11-03,Ventura,111,848112,98427,97682,4325,102007,1178
2021-11-03,Yolo,113,214977,19911,19758,1143,20901,250
2021-11-03,Yuba,115,75493,10184,10092,336,10428,83
2021-11-02,Alameda,001,1643700,120095,119241,2823,122064,1425
2021-11-02,Alpine,003,1148,104,105,0,105,0
2021-11-02,Amador,005,37829,5590,5535,60,5595,66
2021-11-02,Butte,007,227075,21040,20744,3779,24523,282
2021-11-02,Calaveras,009,45235,4101,4075,56,4131,82
2021-11-02,Colusa,011,21464,2520,2497,648,3145,19
2021-11-02,Contra Costa,013,1133247,99732,99080,2206,101286,1025
2021-11-02,Del Norte,015,27424,3694,3596,54,3650,42
2021-11-02,El Dorado,017,186661,16110,15883,1697,17580,154
2021-11-02,Fresno,019,978130,140733,138644,12327,150971,2158
2021-11-02,Glenn,021,27897,3509,3469,984,4453,33
2021-11-02,Humboldt,023,135768,9093,8937,570,9507,109
2021-11-02,Imperial,025,180216,33753,33371,3343,36714,766
2021-11-02,Inyo,027,18085,2383,2324,41,2365,41
2021-11-02,Kern,029,883053,128154,126311,22416,148727,1665
2021-11-02,Kings,031,150075,32386,31896,1951,33847,339
2021-11-02,Lake,033,64148,6760,6681,141,6822,106
2021-11-02,Lassen,035,31185,6882,6777,383,7160,45
2021-11-02,Los Angeles,037,10098052,1439659,1429601,54650,1484251,26496
2021-11-02,Madera,039,155013,23298,22837,2097,24934,287
2021-11-02,Marin,041,260295,17602,17482,457,17939,247
2021-11-02,Mariposa,043,17540,1301,1270,46,1316,5
2021-11-02,Mendocino,045,87422,7622,7447,548,7995,84
2021-11-02,Merced,047,269075,42166,41785,1810,43595,596
2021-11-02,Modoc,049,8938,546,520,194,714,5
2021-11-02,Mono,051,14174,1725,1718,20,1738,4
2021-11-02,Monterey,053,433212,48824,47775,2936,50711,599
2021-11-02,Napa,055,140530,13036,12930,115,13045,104
2021-11-02,Nevada,057,99092,9258,9122,326,9448,91
2021-11-02,Orange,059,3164182,307975,305369,15266,320635,5600
2021-11-02,Placer,061,380077,37283,36817,3682,40499,438
2021-11-02,Plumas,063,18699,1813,1721,35,1756,7
2021-11-02,Riverside,065,2383286,364384,359586,16494,376080,5116
2021-11-02,Sacramento,067,1510023,159579,158112,4661,162773,2250
2021-11-02,San Benito,069,59416,7439,7407,172,7579,75
2021-11-02,San Bernardino,071,2135413,355058,351832,11206,363038,5813
2021-11-02,San Diego,073,3302833,375327,372440,21703,394143,4232
2021-11-02,San Francisco,075,870044,53133,52450,2355,54805,663
2021-11-02,San Joaquin,077,732212,100003,99076,5452,104528,1772
2021-11-02,San Luis Obispo,079,281455,29586,29224,1237,30461,348
2021-11-02,San Mateo,081,765935,54374,53351,878,54229,571
2021-11-02,Santa Barbara,083,443738,44710,44177,1627,45804,531
2021-11-02,Santa Clara,085,1922200,147484,146115,1354,147469,1896
2021-11-02,Santa Cruz,087,273765,20444,20266,1013,21279,222
2021-11-02,Shasta,089,179085,21593,21127,3631,24758,344
2021-11-02,Sierra,091,2930,186,180,20,200,0
2021-11-02,Siskiyou,093,43540,3344,3272,1292,4564,46
2021-11-02,Solano,095,438530,46065,45378,1272,46650,350
2021-11-02,Sonoma,097,501317,41601,41288,521,41809,395
2021-11-02,Stanislaus,099,539301,79487,78629,8864,87493,1193
2021-11-02,Sutter,101,95872,13971,13868,349,14217,179
2021-11-02,Tehama,103,63373,8553,8422,1488,9910,116
2021-11-02,Trinity,105,12862,858,729,217,946,11
2021-11-02,Tulare,107,460477,68738,67502,15195,82697,1002
2021-11-02,Tuolumne,109,53932,7279,7204,96,7300,90
2021-11-02,Ventura,111,848112,98322,97574,4321,101895,1178
2021-11-02,Yolo,113,214977,19880,19736,1141,20877,250
2021-11-02,Yuba,115,75493,10161,10080,334,10414,83
2021-11-01,Alameda,001,1643700,119960,119159,2821,121980,1421
2021-11-01,Alpine,003,1148,104,105,0,105,0
2021-11-01,Amador,005,37829,5588,5532,60,5592,64
2021-11-01,Butte,007,227075,20990,20710,3774,24484,281
2021-11-01,Calaveras,009,45235,4091,4059,55,4114,82
2021-11-01,Colusa,011,21464,2518,2494,645,3139,19
2021-11-01,Contra Costa,013,1133247,99607,99011,2197,101208,1025
2021-11-01,Del Norte,015,27424,3692,3594,54,3648,42
2021-11-01,El Dorado,017,186661,16086,15858,1691,17549,154
2021-11-01,Fresno,019,978130,140357,138421,12296,150717,2149
2021-11-01,Glenn,021,27897,3502,3461,982,4443,33
2021-11-01,Humboldt,023,135768,9065,8929,566,9495,108
2021-11-01,Imperial,025,180216,33702,33342,3334,36676,766
2021-11-01,Inyo,027,18085,2371,2307,41,2348,41
2021-11-01,Kern,029,883053,127854,126092,22301,148393,1660
2021-11-01,Kings,031,150075,32333,31866,1949,33815,337
2021-11-01,Lake,033,64148,6749,6676,140,6816,106
2021-11-01,Lassen,035,31185,6867,6775,380,7155,42
2021-11-01,Los Angeles,037,10098052,1438277,1428891,54558,1483449,26483
2021-11-01,Madera,039,155013,23218,22801,2092,24893,283
2021-11-01,Marin,041,260295,17582,17460,456,17916,247
2021-11-01,Mariposa,043,17540,1293,1266,45,1311,5
2021-11-01,Mendocino,045,87422,7588,7422,530,7952,84
2021-11-01,Merced,047,269075,42077,41740,1808,43548,594
2021-11-01,Modoc,049,8938,541,520,192,712,5
2021-11-01,Mono,051,14174,1720,1714,20,1734,3
2021-11-01,Monterey,053,433212,48782,47756,2924,50680,597
2021-11-01,Napa,055,140530,13009,12916,114,13030,101
2021-11-01,Nevada,057,99092,9235,9108,325,9433,91
2021-11-01,Orange,059,3164182,307633,305192,15224,320416,5596
2021-11-01,Placer,061,380077,37200,36747,3670,40417,435
2021-11-01,Plumas,063,18699,1794,1719,35,1754,7
2021-11-01,Riverside,065,2383286,363883,359263,16472,375735,5115
2021-11-01,Sacramento,067,1510023,159307,157893,4637,162530,2239
2021-11-01,San Benito,069,59416,7429,7406,171,7577,73
2021-11-01,San Bernardino,071,2135413,354573,351620,11186,362806,5815
2021-11-01,San Diego,073,3302833,374742,372043,21685,393728,4232
2021-11-01,San Francisco,075,870044,53046,52418,2348,54766,661
2021-11-01,San Joaquin,077,732212,99840,98969,5445,104414,1772
2021-11-01,San Luis Obispo,079,281455,29542,29199,1233,30432,343
2021-11-01,San Mateo,081,765935,54309,53314,874,54188,571
2021-11-01,Santa Barbara,083,443738,44643,44146,1623,45769,529
2021-11-01,Santa Clara,085,1922200,147287,145978,1349,147327,1907
2021-11-01,Santa Cruz,087,273765,20409,20238,1013,21251,221
2021-11-01,Shasta,089,179085,21540,21104,3624,24728,338
2021-11-01,Sierra,091,2930,186,180,20,200,0
2021-11-01,Siskiyou,093,43540,3337,3272,1287,4559,46
2021-11-01,Solano,095,438530,46007,45358,1272,46630,350
2021-11-01,Sonoma,097,501317,41528,41234,521,41755,395
2021-11-01,Stanislaus,099,539301,79358,78534,8850,87384,1193
2021-11-01,Sutter,101,95872,13947,13852,347,14199,179
2021-11-01,Tehama,103,63373,8525,8412,1487,9899,116
2021-11-01,Trinity,105,12862,856,727,217,944,11
2021-11-01,Tulare,107,460477,68595,67388,15143,82531,1002
2021-11-01,Tuolumne,109,53932,7263,7175,95,7270,90
2021-11-01,Ventura,111,848112,98232,97507,4315,101822,1178
2021-11-01,Yolo,113,214977,19860,19708,1134,20842,250
2021-11-01,Yuba,115,75493,10143,10066,332,10398,83
2021-10-31,Alameda,001,1643700,119816,119071,2818,121889,1419
2021-10-31,Alpine,003,1148,104,105,0,105,0
2021-10-31,Amador,005,37829,5577,5518,60,5578,64
2021-10-31,Butte,007,227075,20929,20689,3765,24454,281
2021-10-31,Calaveras,009,45235,4073,4052,54,4106,82
2021-10-31,Colusa,011,21464,2516,2493,642,3135,18
2021-10-31,Contra Costa,013,1133247,99480,98936,2195,101131,1025
2021-10-31,Del Norte,015,27424,3686,3591,54,3645,42
2021-10-31,El Dorado,017,186661,16040,15841,1688,17529,154
2021-10-31,Fresno,019,978130,139952,138165,12264,150429,2147
2021-10-31,Glenn,021,27897,3497,3459,982,4441,33
2021-10-31,Humboldt,023,135768,9018,8919,560,9479,108
2021-10-31,Imperial,025,180216,33627,33334,3322,36656,766
2021-10-31,Inyo,027,18085,2352,2309,41,2350,41
2021-10-31,Kern,029,883053,127484,125917,22176,148093,1666
2021-10-31,Kings,031,150075,32247,31814,1936,33750,338
2021-10-31,Lake,033,64148,6738,6665,140,6805,106
2021-10-31,Lassen,035,31185,6852,6768,375,7143,42
2021-10-31,Los Angeles,037,10098052,1436739,1427933,54475,1482408,26474
2021-10-31,Madera,039,155013,23123,22744,2079,24823,283
2021-10-31,Marin,041,260295,17554,17443,455,17898,247
2021-10-31,Mariposa,043,17540,1287,1257,44,1301,5
2021-10-31,Mendocino,045,87422,7546,7403,513,7916,84
2021-10-31,Merced,047,269075,41983,41699,1788,43487,589
2021-10-31,Modoc,049,8938,535,517,189,706,5
2021-10-31,Mono,051,14174,1716,1711,20,1731,3
2021-10-31,Monterey,053,433212,48741,47744,2906,50650,596
2021-10-31,Napa,055,140530,12992,12906,112,13018,101
2021-10-31,Nevada,057,99092,9198,9084,320,9404,91
2021-10-31,Orange,059,3164182,307286,305032,15141,320173,5596
2021-10-31,Placer,061,380077,37103,36698,3656,40354,435
2021-10-31,Plumas,063,18699,1776,1716,35,1751,7
2021-10-31,Riverside,065,2383286,363304,359005,16458,375463,5104
2021-10-31,Sacramento,067,1510023,158959,157667,4622,162289,2243
2021-10-31,San Benito,069,59416,7418,7397,169,7566,73
2021-10-31,San Bernardino,071,2135413,354041,351411,11172,362583,5810
2021-10-31,San Diego,073,3302833,374170,371603,21654,393257,4218
2021-10-31,San Francisco,075,870044,52937,52370,2342,54712,661
2021-10-31,San Joaquin,077,732212,99677,98893,5431,104324,1772
2021-10-31,San Luis Obispo,079,281455,29490,29176,1232,30408,343
2021-10-31,San Mateo,081,765935,54251,53284,872,54156,571
2021-10-31,Santa Barbara,083,443738,44574,44113,1618,45731,529
2021-10-31,Santa Clara,085,1922200,147074,145829,1335,147164,1908
2021-10-31,Santa Cruz,087,273765,20374,20218,1012,21230,221
2021-10-31,Shasta,089,179085,21457,21086,3612,24698,338
2021-10-31,Sierra,091,2930,186,180,20,200,0
2021-10-31,Siskiyou,093,43540,3331,3271,1286,4557,46
2021-10-31,Solano,095,438530,45959,45310,1265,46575,350
2021-10-31,Sonoma,097,501317,41459,41183,518,41701,395
2021-10-31,Stanislaus,099,539301,79168,78426,8835,87261,1193
2021-10-31,Sutter,101,95872,13928,13838,344,14182,179
2021-10-31,Tehama,103,63373,8494,8391,1483,9874,116
2021-10-31,Trinity,105,12862,856,724,217,941,11
2021-10-31,Tulare,107,460477,68400,67310,15052,82362,1002
2021-10-31,Tuolumne,109,53932,7234,7141,94,7235,90
2021-10-31,Ventura,111,848112,98110,97460,4310,101770,1178
2021-10-31,Yolo,113,214977,19819,19662,1128,20790,250
2021-10-31,Yuba,115,75493,10125,10051,322,10373,83
2021-10-30,Alameda,001,1643700,119756,118632,2815,121447,1419
2021-10-30,Alpine,003,1148,104,105,0,105,0
2021-10-30,Amador,005,37829,5568,5480,59,5539,64
2021-10-30,Butte,007,227075,20914,20516,3759,24275,277
2021-10-30,Calaveras,009,45235,4066,3992,54,4046,82
2021-10-30,Colusa,011,21464,2516,2484,641,3125,19
2021-10-30,Contra Costa,013,1133247,99416,98562,2194,100756,1024
2021-10-30,Del Norte,015,27424,3683,3574,54,3628,42
2021-10-30,El Dorado,017,186661,16024,15752,1683,17435,154
2021-10-30,Fresno,019,978130,139809,136901,12259,149160,2131
2021-10-30,Glenn,021,27897,3493,3442,982,4424,33
2021-10-30,Humboldt,023,135768,9003,8871,558,9429,105
2021-10-30,Imperial,025,180216,33582,33156,3318,36474,766
2021-10-30,Inyo,027,18085,2349,2249,41,2290,41
2021-10-30,Kern,029,883053,127332,124892,22105,146997,1653
2021-10-30,Kings,031,150075,32213,31578,1932,33510,337
2021-10-30,Lake,033,64148,6733,6610,140,6750,106
2021-10-30,Lassen,035,31185,6846,6719,373,7092,42
2021-10-30,Los Angeles,037,10098052,1436018,1424257,54421,1478678,26625
2021-10-30,Madera,039,155013,23079,22524,2074,24598,283
2021-10-30,Marin,041,260295,17539,17380,453,17833,247
2021-10-30,Mariposa,043,17540,1284,1228,44,1272,5
2021-10-30,Mendocino,045,87422,7524,7338,511,7849,84
2021-10-30,Merced,047,269075,41943,41428,1786,43214,586
2021-10-30,Modoc,049,8938,533,513,188,701,5
2021-10-30,Mono,051,14174,1716,1684,20,1704,3
2021-10-30,Monterey,053,433212,48724,47649,2900,50549,588
2021-10-30,Napa,055,140530,12978,12863,111,12974,101
2021-10-30,Nevada,057,99092,9179,9015,320,9335,91
2021-10-30,Orange,059,3164182,307108,304120,15118,319238,5588
2021-10-30,Placer,061,380077,37057,36400,3650,40050,434
2021-10-30,Plumas,063,18699,1771,1695,35,1730,7
2021-10-30,Riverside,065,2383286,363004,357645,16449,374094,5088
2021-10-30,Sacramento,067,1510023,158803,157125,4613,161738,2233
2021-10-30,San Benito,069,59416,7411,7362,169,7531,71
2021-10-30,San Bernardino,071,2135413,353764,350076,11157,361233,5777
2021-10-30,San Diego,073,3302833,373796,370006,21632,391638,4213
2021-10-30,San Francisco,075,870044,52908,52161,2340,54501,661
2021-10-30,San Joaquin,077,732212,99621,98314,5430,103744,1768
2021-10-30,San Luis Obispo,079,281455,29458,29053,1229,30282,341
2021-10-30,San Mateo,081,765935,54212,53083,872,53955,571
2021-10-30,Santa Barbara,083,443738,44539,43972,1617,45589,528
2021-10-30,Santa Clara,085,1922200,146969,145262,1331,146593,1903
2021-10-30,Santa Cruz,087,273765,20356,20134,1010,21144,221
2021-10-30,Shasta,089,179085,21412,20878,3606,24484,332
2021-10-30,Sierra,091,2930,186,175,20,195,0
2021-10-30,Siskiyou,093,43540,3330,3257,1283,4540,46
2021-10-30,Solano,095,438530,45938,45146,1264,46410,346
2021-10-30,Sonoma,097,501317,41420,40924,518,41442,393
2021-10-30,Stanislaus,099,539301,79099,77871,8828,86699,1191
2021-10-30,Sutter,101,95872,13915,13773,344,14117,178
2021-10-30,Tehama,103,63373,8483,8307,1478,9785,114
2021-10-30,Trinity,105,12862,854,708,216,924,11
2021-10-30,Tulare,107,460477,68330,66745,15005,81750,995
2021-10-30,Tuolumne,109,53932,7210,7050,93,7143,90
2021-10-30,Ventura,111,848112,98060,97182,4309,101491,1174
2021-10-30,Yolo,113,214977,19799,19568,1126,20694,250
2021-10-30,Yuba,115,75493,10114,9969,322,10291,82
2021-10-29,Alameda,001,1643700,119676,118632,2811,121443,1419
2021-10-29,Alpine,003,1148,104,105,0,105,0
2021-10-29,Amador,005,37829,5557,5480,59,5539,64
2021-10-29,Butte,007,227075,20890,20516,3749,24265,277
2021-10-29,Calaveras,009,45235,4059,3992,54,4046,82
2021-10-29,Colusa,011,21464,2516,2484,639,3123,19
2021-10-29,Contra Costa,013,1133247,99347,98562,2192,100754,1024
2021-10-29,Del Norte,015,27424,3676,3574,54,3628,42
2021-10-29,El Dorado,017,186661,16010,15752,1683,17435,154
2021-10-29,Fresno,019,978130,139594,136901,12247,149148,2131
2021-10-29,Glenn,021,27897,3491,3442,981,4423,33
2021-10-29,Humboldt,023,135768,8998,8871,557,9428,105
2021-10-29,Imperial,025,180216,33555,33156,3315,36471,766
2021-10-29,Inyo,027,18085,2346,2249,41,2290,41
2021-10-29,Kern,029,883053,127155,124892,22015,146907,1653
2021-10-29,Kings,031,150075,32179,31578,1930,33508,337
2021-10-29,Lake,033,64148,6724,6610,138,6748,106
2021-10-29,Lassen,035,31185,6837,6719,370,7089,42
2021-10-29,Los Angeles,037,10098052,1435174,1424257,54378,1478635,26625
2021-10-29,Madera,039,155013,23027,22524,2069,24593,283
2021-10-29,Marin,041,260295,17523,17380,452,17832,247
2021-10-29,Mariposa,043,17540,1280,1228,44,1272,5
2021-10-29,Mendocino,045,87422,7516,7338,511,7849,84
2021-10-29,Merced,047,269075,41893,41428,1780,43208,586
2021-10-29,Modoc,049,8938,531,513,187,700,5
2021-10-29,Mono,051,14174,1715,1684,20,1704,3
2021-10-29,Monterey,053,433212,48700,47649,2900,50549,588
2021-10-29,Napa,055,140530,12957,12863,111,12974,101
2021-10-29,Nevada,057,99092,9167,9015,320,9335,91
2021-10-29,Orange,059,3164182,306884,304120,15098,319218,5588
2021-10-29,Placer,061,380077,37021,36400,3639,40039,434
2021-10-29,Plumas,063,18699,1765,1695,35,1730,7
2021-10-29,Riverside,065,2383286,362670,357645,16444,374089,5088
2021-10-29,Sacramento,067,1510023,158615,157125,4604,161729,2233
2021-10-29,San Benito,069,59416,7408,7362,169,7531,71
2021-10-29,San Bernardino,071,2135413,353466,350076,11148,361224,5777
2021-10-29,San Diego,073,3302833,373420,370006,21604,391610,4213
2021-10-29,San Francisco,075,870044,52849,52161,2334,54495,661
2021-10-29,San Joaquin,077,732212,99564,98314,5425,103739,1768
2021-10-29,San Luis Obispo,079,281455,29432,29053,1227,30280,341
2021-10-29,San Mateo,081,765935,54167,53083,870,53953,571
2021-10-29,Santa Barbara,083,443738,44499,43972,1614,45586,528
2021-10-29,Santa Clara,085,1922200,146854,145262,1324,146586,1903
2021-10-29,Santa Cruz,087,273765,20349,20134,1009,21143,221
2021-10-29,Shasta,089,179085,21373,20878,3600,24478,332
2021-10-29,Sierra,091,2930,184,175,20,195,0
2021-10-29,Siskiyou,093,43540,3330,3257,1282,4539,46
2021-10-29,Solano,095,438530,45902,45146,1263,46409,346
2021-10-29,Sonoma,097,501317,41399,40924,518,41442,393
2021-10-29,Stanislaus,099,539301,79014,77871,8817,86688,1191
2021-10-29,Sutter,101,95872,13896,13773,344,14117,178
2021-10-29,Tehama,103,63373,8470,8307,1477,9784,114
2021-10-29,Trinity,105,12862,853,708,216,924,11
2021-10-29,Tulare,107,460477,68227,66745,14961,81706,995
2021-10-29,Tuolumne,109,53932,7197,7050,93,7143,90
2021-10-29,Ventura,111,848112,98004,97182,4307,101489,1174
2021-10-29,Yolo,113,214977,19781,19568,1122,20690,250
2021-10-29,Yuba,115,75493,10106,9969,318,10287,82
2021-10-28,Alameda,001,1643700,119550,118632,2804,121436,1419
2021-10-28,Alpine,003,1148,104,105,0,105,0
2021-10-28,Amador,005,37829,5544,5480,59,5539,64
2021-10-28,Butte,007,227075,20848,20516,3740,24256,277
2021-10-28,Calaveras,009,45235,4046,3992,54,4046,82
2021-10-28,Colusa,011,21464,2513,2484,638,3122,19
2021-10-28,Contra Costa,013,1133247,99216,98562,2187,100749,1024
2021-10-28,Del Norte,015,27424,3675,3574,54,3628,42
2021-10-28,El Dorado,017,186661,15984,15752,1680,17432,154
2021-10-28,Fresno,019,978130,139265,136901,12219,149120,2131
2021-10-28,Glenn,021,27897,3487,3442,978,4420,33
2021-10-28,Humboldt,023,135768,8982,8871,552,9423,105
2021-10-28,Imperial,025,180216,33490,33156,3308,36464,766
2021-10-28,Inyo,027,18085,2329,2249,41,2290,41
2021-10-28,Kern,029,883053,126907,124892,21901,146793,1653
2021-10-28,Kings,031,150075,32110,31578,1925,33503,337
2021-10-28,Lake,033,64148,6714,6610,138,6748,106
2021-10-28,Lassen,035,31185,6827,6719,366,7085,42
2021-10-28,Los Angeles,037,10098052,1434040,1424257,54304,1478561,26625
2021-10-28,Madera,039,155013,22973,22524,2058,24582,283
2021-10-28,Marin,041,260295,17505,17380,451,17831,247
2021-10-28,Mariposa,043,17540,1276,1228,44,1272,5
2021-10-28,Mendocino,045,87422,7503,7338,500,7838,84
2021-10-28,Merced,047,269075,41808,41428,1769,43197,586
2021-10-28,Modoc,049,8938,530,513,187,700,5
2021-10-28,Mono,051,14174,1709,1684,20,1704,3
2021-10-28,Monterey,053,433212,48671,47649,2882,50531,588
2021-10-28,Napa,055,140530,12948,12863,110,12973,101
2021-10-28,Nevada,057,99092,9149,9015,320,9335,91
2021-10-28,Orange,059,3164182,306597,304120,15032,319152,5588
2021-10-28,Placer,061,380077,36942,36400,3630,40030,434
2021-10-28,Plumas,063,18699,1757,1695,35,1730,7
2021-10-28,Riverside,065,2383286,362232,357645,16420,374065,5088
2021-10-28,Sacramento,067,1510023,158349,157125,4592,161717,2233
2021-10-28,San Benito,069,59416,7400,7362,169,7531,71
2021-10-28,San Bernardino,071,2135413,353052,350076,11126,361202,5777
2021-10-28,San Diego,073,3302833,372947,370006,21581,391587,4213
2021-10-28,San Francisco,075,870044,52802,52161,2327,54488,661
2021-10-28,San Joaquin,077,732212,99436,98314,5424,103738,1768
2021-10-28,San Luis Obispo,079,281455,29403,29053,1224,30277,341
2021-10-28,San Mateo,081,765935,54122,53083,868,53951,571
2021-10-28,Santa Barbara,083,443738,44460,43972,1612,45584,528
2021-10-28,Santa Clara,085,1922200,146696,145262,1319,146581,1903
2021-10-28,Santa Cruz,087,273765,20325,20134,1009,21143,221
2021-10-28,Shasta,089,179085,21297,20878,3593,24471,332
2021-10-28,Sierra,091,2930,183,175,20,195,0
2021-10-28,Siskiyou,093,43540,3329,3257,1282,4539,46
2021-10-28,Solano,095,438530,45863,45146,1262,46408,346
2021-10-28,Sonoma,097,501317,41331,40924,517,41441,393
2021-10-28,Stanislaus,099,539301,78862,77871,8801,86672,1191
2021-10-28,Sutter,101,95872,13883,13773,340,14113,178
2021-10-28,Tehama,103,63373,8432,8307,1474,9781,114
2021-10-28,Trinity,105,12862,850,708,216,924,11
2021-10-28,Tulare,107,460477,68089,66745,14905,81650,995
2021-10-28,Tuolumne,109,53932,7166,7050,93,7143,90
2021-10-28,Ventura,111,848112,97919,97182,4305,101487,1174
2021-10-28,Yolo,113,214977,19744,19568,1117,20685,250
2021-10-28,Yuba,115,75493,10077,9969,315,10284,82
2021-10-27,Alameda,001,1643700,119428,118487,2802,121289,1414
2021-10-27,Alpine,003,1148,104,105,0,105,0
2021-10-27,Amador,005,37829,5532,5470,58,5528,64
2021-10-27,Butte,007,227075,20804,20446,3726,24172,274
2021-10-27,Calaveras,009,45235,4028,3970,53,4023,82
2021-10-27,Colusa,011,21464,2512,2480,637,3117,18
2021-10-27,Contra Costa,013,1133247,99109,98442,2175,100617,1018
2021-10-27,Del Norte,015,27424,3668,3571,53,3624,42
2021-10-27,El Dorado,017,186661,15953,15723,1675,17398,154
2021-10-27,Fresno,019,978130,138885,136447,12188,148635,2128
2021-10-27,Glenn,021,27897,3481,3435,977,4412,33
2021-10-27,Humboldt,023,135768,8962,8851,550,9401,105
2021-10-27,Imperial,025,180216,33451,33068,3303,36371,766
2021-10-27,Inyo,027,18085,2309,2236,41,2277,41
2021-10-27,Kern,029,883053,126638,124557,21801,146358,1647
2021-10-27,Kings,031,150075,32044,31437,1920,33357,335
2021-10-27,Lake,033,64148,6687,6589,138,6727,105
2021-10-27,Lassen,035,31185,6813,6706,364,7070,42
2021-10-27,Los Angeles,037,10098052,1432808,1422615,54246,1476861,26604
2021-10-27,Madera,039,155013,22887,22413,2036,24449,283
2021-10-27,Marin,041,260295,17490,17362,451,17813,247
2021-10-27,Mariposa,043,17540,1263,1228,44,1272,5
2021-10-27,Mendocino,045,87422,7490,7321,493,7814,84
2021-10-27,Merced,047,269075,41711,41310,1755,43065,583
2021-10-27,Modoc,049,8938,526,513,187,700,5
2021-10-27,Mono,051,14174,1706,1682,20,1702,3
2021-10-27,Monterey,053,433212,48633,47610,2860,50470,588
2021-10-27,Napa,055,140530,12933,12856,109,12965,101
2021-10-27,Nevada,057,99092,9132,8987,319,9306,90
2021-10-27,Orange,059,3164182,306279,303825,14981,318806,5584
2021-10-27,Placer,061,380077,36876,36296,3623,39919,434
2021-10-27,Plumas,063,18699,1749,1686,35,1721,7
2021-10-27,Riverside,065,2383286,361803,357152,16412,373564,5081
2021-10-27,Sacramento,067,1510023,158079,156830,4571,161401,2230
2021-10-27,San Benito,069,59416,7394,7337,169,7506,71
2021-10-27,San Bernardino,071,2135413,352631,349624,11105,360729,5770
2021-10-27,San Diego,073,3302833,372371,369579,21557,391136,4207
2021-10-27,San Francisco,075,870044,52749,52108,2323,54431,655
2021-10-27,San Joaquin,077,732212,99276,98168,5409,103577,1753
2021-10-27,San Luis Obispo,079,281455,29364,29002,1222,30224,341
2021-10-27,San Mateo,081,765935,54067,53032,860,53892,571
2021-10-27,Santa Barbara,083,443738,44407,43901,1609,45510,527
2021-10-27,Santa Clara,085,1922200,146519,145081,1311,146392,1902
2021-10-27,Santa Cruz,087,273765,20298,20091,1007,21098,221
2021-10-27,Shasta,089,179085,21223,20813,3585,24398,331
2021-10-27,Sierra,091,2930,182,176,20,196,0
2021-10-27,Siskiyou,093,43540,3326,3256,1278,4534,46
2021-10-27,Solano,095,438530,45818,45089,1254,46343,346
2021-10-27,Sonoma,097,501317,41255,40829,515,41344,393
2021-10-27,Stanislaus,099,539301,78702,77687,8787,86474,1191
2021-10-27,Sutter,101,95872,13869,13754,340,14094,177
2021-10-27,Tehama,103,63373,8410,8265,1473,9738,113
2021-10-27,Trinity,105,12862,850,706,215,921,11
2021-10-27,Tulare,107,460477,67936,66568,14848,81416,991
2021-10-27,Tuolumne,109,53932,7139,7009,92,7101,90
2021-10-27,Ventura,111,848112,97826,97108,4301,101409,1172
2021-10-27,Yolo,113,214977,19715,19517,1110,20627,250
2021-10-27,Yuba,115,75493,10056,9945,313,10258,82
2021-10-26,Alameda,001,1643700,119292,118360,2799,121159,1407
2021-10-26,Alpine,003,1148,104,105,0,105,0
2021-10-26,Amador,005,37829,5524,5465,57,5522,64
2021-10-26,Butte,007,227075,20746,20387,3709,24096,274
2021-10-26,Calaveras,009,45235,4017,3966,53,4019,81
2021-10-26,Colusa,011,21464,2510,2478,636,3114,18
2021-10-26,Contra Costa,013,1133247,98987,98352,2165,100517,1017
2021-10-26,Del Norte,015,27424,3663,3563,53,3616,42
2021-10-26,El Dorado,017,186661,15925,15690,1666,17356,153
2021-10-26,Fresno,019,978130,138441,136211,12148,148359,2122
2021-10-26,Glenn,021,27897,3466,3431,974,4405,33
2021-10-26,Humboldt,023,135768,8944,8830,544,9374,105
2021-10-26,Imperial,025,180216,33385,33012,3298,36310,766
2021-10-26,Inyo,027,18085,2294,2200,41,2241,41
2021-10-26,Kern,029,883053,126294,124351,21680,146031,1645
2021-10-26,Kings,031,150075,31976,31382,1913,33295,336
2021-10-26,Lake,033,64148,6677,6584,136,6720,105
2021-10-26,Lassen,035,31185,6793,6689,362,7051,42
2021-10-26,Los Angeles,037,10098052,1431462,1421795,54175,1475970,26599
2021-10-26,Madera,039,155013,22797,22363,2025,24388,283
2021-10-26,Marin,041,260295,17473,17354,450,17804,244
2021-10-26,Mariposa,043,17540,1258,1225,43,1268,5
2021-10-26,Mendocino,045,87422,7461,7308,476,7784,83
2021-10-26,Merced,047,269075,41633,41267,1748,43015,583
2021-10-26,Modoc,049,8938,526,513,187,700,5
2021-10-26,Mono,051,14174,1699,1680,20,1700,3
2021-10-26,Monterey,053,433212,48595,47572,2849,50421,588
2021-10-26,Napa,055,140530,12921,12849,109,12958,101
2021-10-26,Nevada,057,99092,9100,8971,318,9289,90
2021-10-26,Orange,059,3164182,306010,303533,14942,318475,5580
2021-10-26,Placer,061,380077,36778,36245,3617,39862,434
2021-10-26,Plumas,063,18699,1740,1645,35,1680,7
2021-10-26,Riverside,065,2383286,361317,356775,16402,373177,5068
2021-10-26,Sacramento,067,1510023,157774,156643,4554,161197,2228
2021-10-26,San Benito,069,59416,7371,7325,169,7494,71
2021-10-26,San Bernardino,071,2135413,352209,349346,11090,360436,5764
2021-10-26,San Diego,073,3302833,371852,369043,21528,390571,4198
2021-10-26,San Francisco,075,870044,52674,52063,2320,54383,655
2021-10-26,San Joaquin,077,732212,99100,98036,5394,103430,1748
2021-10-26,San Luis Obispo,079,281455,29325,28928,1216,30144,337
2021-10-26,San Mateo,081,765935,53995,52974,857,53831,571
2021-10-26,Santa Barbara,083,443738,44362,43835,1608,45443,525
2021-10-26,Santa Clara,085,1922200,146321,144932,1305,146237,1903
2021-10-26,Santa Cruz,087,273765,20267,20067,1006,21073,221
2021-10-26,Shasta,089,179085,21163,20725,3567,24292,330
2021-10-26,Sierra,091,2930,182,169,20,189,0
2021-10-26,Siskiyou,093,43540,3320,3254,1276,4530,46
2021-10-26,Solano,095,438530,45761,45044,1253,46297,344
2021-10-26,Sonoma,097,501317,41173,40794,513,41307,393
2021-10-26,Stanislaus,099,539301,78527,77552,8762,86314,1157
2021-10-26,Sutter,101,95872,13839,13739,339,14078,176
2021-10-26,Tehama,103,63373,8382,8247,1467,9714,112
2021-10-26,Trinity,105,12862,846,705,215,920,11
2021-10-26,Tulare,107,460477,67780,66476,14789,81265,991
2021-10-26,Tuolumne,109,53932,7113,6995,90,7085,90
2021-10-26,Ventura,111,848112,97717,97014,4296,101310,1170
2021-10-26,Yolo,113,214977,19687,19490,1107,20597,248
2021-10-26,Yuba,115,75493,10038,9927,308,10235,82
2021-10-25,Alameda,001,1643700,119142,118319,2797,121116,1404
2021-10-25,Alpine,003,1148,104,105,0,105,0
2021-10-25,Amador,005,37829,5510,5455,57,5512,64
2021-10-25,Butte,007,227075,20672,20331,3701,24032,273
2021-10-25,Calaveras,009,45235,3987,3942,52,3994,82
2021-10-25,Colusa,011,21464,2508,2471,634,3105,18
2021-10-25,Contra Costa,013,1133247,98868,98267,2160,100427,1017
2021-10-25,Del Norte,015,27424,3656,3562,53,3615,42
2021-10-25,El Dorado,017,186661,15890,15663,1664,17327,149
2021-10-25,Fresno,019,978130,138006,135974,12108,148082,2112
2021-10-25,Glenn,021,27897,3464,3421,973,4394,33
2021-10-25,Humboldt,023,135768,8920,8825,539,9364,105
2021-10-25,Imperial,025,180216,33323,32968,3287,36255,766
2021-10-25,Inyo,027,18085,2276,2183,41,2224,41
2021-10-25,Kern,029,883053,125943,124078,21541,145619,1649
2021-10-25,Kings,031,150075,31887,31329,1904,33233,335
2021-10-25,Lake,033,64148,6664,6571,136,6707,105
2021-10-25,Lassen,035,31185,6782,6688,360,7048,42
2021-10-25,Los Angeles,037,10098052,1430099,1421061,54109,1475170,26579
2021-10-25,Madera,039,155013,22743,22325,2017,24342,281
2021-10-25,Marin,041,260295,17451,17334,448,17782,244
2021-10-25,Mariposa,043,17540,1244,1220,43,1263,5
2021-10-25,Mendocino,045,87422,7431,7296,472,7768,82
2021-10-25,Merced,047,269075,41566,41207,1721,42928,583
2021-10-25,Modoc,049,8938,524,512,185,697,5
2021-10-25,Mono,051,14174,1691,1677,20,1697,3
2021-10-25,Monterey,053,433212,48564,47547,2847,50394,587
2021-10-25,Napa,055,140530,12908,12841,109,12950,100
2021-10-25,Nevada,057,99092,9074,8958,318,9276,90
2021-10-25,Orange,059,3164182,305712,303279,14904,318183,5574
2021-10-25,Placer,061,380077,36670,36153,3607,39760,431
2021-10-25,Plumas,063,18699,1728,1641,35,1676,7
2021-10-25,Riverside,065,2383286,360890,356381,16387,372768,5056
2021-10-25,Sacramento,067,1510023,157469,156516,4528,161044,2235
2021-10-25,San Benito,069,59416,7357,7314,168,7482,71
2021-10-25,San Bernardino,071,2135413,351714,349075,11078,360153,5748
2021-10-25,San Diego,073,3302833,371266,368386,21500,389886,4196
2021-10-25,San Francisco,075,870044,52600,52041,2313,54354,649
2021-10-25,San Joaquin,077,732212,98898,97980,5385,103365,1740
2021-10-25,San Luis Obispo,079,281455,29277,28907,1211,30118,336
2021-10-25,San Mateo,081,765935,53933,52927,853,53780,571
2021-10-25,Santa Barbara,083,443738,44304,43775,1608,45383,525
2021-10-25,Santa Clara,085,1922200,146131,144895,1300,146195,1901
2021-10-25,Santa Cruz,087,273765,20239,20053,1005,21058,221
2021-10-25,Shasta,089,179085,21091,20666,3560,24226,326
2021-10-25,Sierra,091,2930,182,168,20,188,0
2021-10-25,Siskiyou,093,43540,3316,3248,1271,4519,46
2021-10-25,Solano,095,438530,45700,45022,1251,46273,344
2021-10-25,Sonoma,097,501317,41100,40746,511,41257,393
2021-10-25,Stanislaus,099,539301,78335,77452,8733,86185,1145
2021-10-25,Sutter,101,95872,13826,13721,336,14057,176
2021-10-25,Tehama,103,63373,8355,8224,1463,9687,111
2021-10-25,Trinity,105,12862,841,699,214,913,11
2021-10-25,Tulare,107,460477,67589,66357,14727,81084,986
2021-10-25,Tuolumne,109,53932,7079,6952,89,7041,90
2021-10-25,Ventura,111,848112,97626,96932,4292,101224,1167
2021-10-25,Yolo,113,214977,19638,19457,1104,20561,248
2021-10-25,Yuba,115,75493,10022,9924,304,10228,82
2021-10-24,Alameda,001,1643700,119011,117816,2792,120608,1397
2021-10-24,Alpine,003,1148,104,105,0,105,0
2021-10-24,Amador,005,37829,5505,5412,57,5469,64
2021-10-24,Butte,007,227075,20603,20101,3689,23790,273
2021-10-24,Calaveras,009,45235,3968,3865,51,3916,81
2021-10-24,Colusa,011,21464,2504,2458,631,3089,18
2021-10-24,Contra Costa,013,1133247,98749,97855,2151,100006,1008
2021-10-24,Del Norte,015,27424,3652,3540,53,3593,42
2021-10-24,El Dorado,017,186661,15854,15540,1660,17200,149
2021-10-24,Fresno,019,978130,137577,134466,12068,146534,2094
2021-10-24,Glenn,021,27897,3453,3399,971,4370,33
2021-10-24,Humboldt,023,135768,8907,8753,533,9286,105
2021-10-24,Imperial,025,180216,33245,32777,3279,36056,766
2021-10-24,Inyo,027,18085,2244,2108,41,2149,41
2021-10-24,Kern,029,883053,125612,122939,21422,144361,1636
2021-10-24,Kings,031,150075,31758,30942,1888,32830,325
2021-10-24,Lake,033,64148,6641,6501,136,6637,105
2021-10-24,Lassen,035,31185,6765,6632,359,6991,27
2021-10-24,Los Angeles,037,10098052,1428659,1415919,54041,1469960,26527
2021-10-24,Madera,039,155013,22666,22062,2004,24066,281
2021-10-24,Marin,041,260295,17435,17264,447,17711,244
2021-10-24,Mariposa,043,17540,1241,1184,43,1227,5
2021-10-24,Mendocino,045,87422,7407,7220,461,7681,82
2021-10-24,Merced,047,269075,41444,40808,1716,42524,581
2021-10-24,Modoc,049,8938,523,507,185,692,5
2021-10-24,Mono,051,14174,1687,1655,20,1675,3
2021-10-24,Monterey,053,433212,48516,47456,2836,50292,586
2021-10-24,Napa,055,140530,12897,12789,109,12898,100
2021-10-24,Nevada,057,99092,9051,8861,315,9176,90
2021-10-24,Orange,059,3164182,305364,302237,14866,317103,5546
2021-10-24,Placer,061,380077,36566,35822,3593,39415,426
2021-10-24,Plumas,063,18699,1718,1623,34,1657,7
2021-10-24,Riverside,065,2383286,360416,354688,16367,371055,5041
2021-10-24,Sacramento,067,1510023,157125,155125,4504,159629,2232
2021-10-24,San Benito,069,59416,7337,7280,168,7448,71
2021-10-24,San Bernardino,071,2135413,351169,347681,11066,358747,5688
2021-10-24,San Diego,073,3302833,370663,366085,21469,387554,4183
2021-10-24,San Francisco,075,870044,52536,51820,2307,54127,649
2021-10-24,San Joaquin,077,732212,98725,97440,5379,102819,1721
2021-10-24,San Luis Obispo,079,281455,29217,28755,1204,29959,333
2021-10-24,San Mateo,081,765935,53860,52719,853,53572,571
2021-10-24,Santa Barbara,083,443738,44239,43552,1606,45158,523
2021-10-24,Santa Clara,085,1922200,145941,144276,1290,145566,1897
2021-10-24,Santa Cruz,087,273765,20201,19967,1004,20971,221
2021-10-24,Shasta,089,179085,20991,20386,3554,23940,321
2021-10-24,Sierra,091,2930,182,168,20,188,0
2021-10-24,Siskiyou,093,43540,3309,3231,1267,4498,46
2021-10-24,Solano,095,438530,45650,44861,1246,46107,341
2021-10-24,Sonoma,097,501317,41018,40476,511,40987,393
2021-10-24,Stanislaus,099,539301,78145,76812,8721,85533,1145
2021-10-24,Sutter,101,95872,13799,13616,328,13944,175
2021-10-24,Tehama,103,63373,8307,8105,1452,9557,110
2021-10-24,Trinity,105,12862,837,696,211,907,11
2021-10-24,Tulare,107,460477,67420,65585,14655,80240,978
2021-10-24,Tuolumne,109,53932,7039,6840,87,6927,90
2021-10-24,Ventura,111,848112,97519,96664,4290,100954,1167
2021-10-24,Yolo,113,214977,19591,19280,1101,20381,248
2021-10-24,Yuba,115,75493,9997,9838,303,10141,82
2021-10-23,Alameda,001,1643700,118924,117816,2787,120603,1397
2021-10-23,Alpine,003,1148,104,105,0,105,0
2021-10-23,Amador,005,37829,5498,5412,57,5469,64
2021-10-23,Butte,007,227075,20569,20101,3680,23781,273
2021-10-23,Calaveras,009,45235,3961,3865,50,3915,81
2021-10-23,Colusa,011,21464,2502,2458,630,3088,18
2021-10-23,Contra Costa,013,1133247,98697,97855,2147,100002,1008
2021-10-23,Del Norte,015,27424,3650,3540,53,3593,42
2021-10-23,El Dorado,017,186661,15828,15540,1658,17198,149
2021-10-23,Fresno,019,978130,137402,134466,12060,146526,2094
2021-10-23,Glenn,021,27897,3450,3399,970,4369,33
2021-10-23,Humboldt,023,135768,8892,8753,528,9281,105
2021-10-23,Imperial,025,180216,33198,32777,3275,36052,766
2021-10-23,Inyo,027,18085,2233,2108,41,2149,41
2021-10-23,Kern,029,883053,125452,122939,21333,144272,1636
2021-10-23,Kings,031,150075,31712,30942,1886,32828,325
2021-10-23,Lake,033,64148,6636,6501,136,6637,105
2021-10-23,Lassen,035,31185,6762,6632,357,6989,27
2021-10-23,Los Angeles,037,10098052,1427983,1415919,53986,1469905,26527
2021-10-23,Madera,039,155013,22617,22062,1995,24057,281
2021-10-23,Marin,041,260295,17418,17264,446,17710,244
2021-10-23,Mariposa,043,17540,1238,1184,42,1226,5
2021-10-23,Mendocino,045,87422,7400,7220,460,7680,82
2021-10-23,Merced,047,269075,41403,40808,1714,42522,581
2021-10-23,Modoc,049,8938,521,507,185,692,5
2021-10-23,Mono,051,14174,1682,1655,20,1675,3
2021-10-23,Monterey,053,433212,48498,47456,2832,50288,586
2021-10-23,Napa,055,140530,12892,12789,109,12898,100
2021-10-23,Nevada,057,99092,9040,8861,313,9174,90
2021-10-23,Orange,059,3164182,305177,302237,14850,317087,5546
2021-10-23,Placer,061,380077,36504,35822,3587,39409,426
2021-10-23,Plumas,063,18699,1717,1623,34,1657,7
2021-10-23,Riverside,065,2383286,360096,354688,16360,371048,5041
2021-10-23,Sacramento,067,1510023,156996,155125,4496,159621,2232
2021-10-23,San Benito,069,59416,7327,7280,168,7448,71
2021-10-23,San Bernardino,071,2135413,350901,347681,11060,358741,5688
2021-10-23,San Diego,073,3302833,370305,366085,21438,387523,4183
2021-10-23,San Francisco,075,870044,52501,51820,2306,54126,649
2021-10-23,San Joaquin,077,732212,98657,97440,5370,102810,1721
2021-10-23,San Luis Obispo,079,281455,29180,28755,1202,29957,333
2021-10-23,San Mateo,081,765935,53822,52719,852,53571,571
2021-10-23,Santa Barbara,083,443738,44208,43552,1604,45156,523
2021-10-23,Santa Clara,085,1922200,145833,144276,1286,145562,1897
2021-10-23,Santa Cruz,087,273765,20189,19967,1004,20971,221
2021-10-23,Shasta,089,179085,20955,20386,3542,23928,321
2021-10-23,Sierra,091,2930,181,168,20,188,0
2021-10-23,Siskiyou,093,43540,3307,3231,1267,4498,46
2021-10-23,Solano,095,438530,45625,44861,1243,46104,341
2021-10-23,Sonoma,097,501317,40978,40476,511,40987,393
2021-10-23,Stanislaus,099,539301,78056,76812,8702,85514,1145
2021-10-23,Sutter,101,95872,13794,13616,327,13943,175
2021-10-23,Tehama,103,63373,8295,8105,1451,9556,110
2021-10-23,Trinity,105,12862,836,696,211,907,11
2021-10-23,Tulare,107,460477,67332,65585,14595,80180,978
2021-10-23,Tuolumne,109,53932,7018,6840,87,6927,90
2021-10-23,Ventura,111,848112,97458,96664,4289,100953,1167
2021-10-23,Yolo,113,214977,19574,19280,1098,20378,248
2021-10-23,Yuba,115,75493,9989,9838,303,10141,82
2021-10-22,Alameda,001,1643700,118837,117816,2784,120600,1397
2021-10-22,Alpine,003,1148,104,105,0,105,0
2021-10-22,Amador,005,37829,5487,5412,57,5469,64
2021-10-22,Butte,007,227075,20537,20101,3676,23777,273
2021-10-22,Calaveras,009,45235,3953,3865,50,3915,81
2021-10-22,Colusa,011,21464,2499,2458,630,3088,18
2021-10-22,Contra Costa,013,1133247,98606,97855,2145,100000,1008
2021-10-22,Del Norte,015,27424,3646,3540,53,3593,42
2021-10-22,El Dorado,017,186661,15815,15540,1656,17196,149
2021-10-22,Fresno,019,978130,137189,134466,12051,146517,2094
2021-10-22,Glenn,021,27897,3439,3399,970,4369,33
2021-10-22,Humboldt,023,135768,8879,8753,527,9280,105
2021-10-22,Imperial,025,180216,33155,32777,3275,36052,766
2021-10-22,Inyo,027,18085,2220,2108,41,2149,41
2021-10-22,Kern,029,883053,125265,122939,21260,144199,1636
2021-10-22,Kings,031,150075,31677,30942,1885,32827,325
2021-10-22,Lake,033,64148,6626,6501,136,6637,105
2021-10-22,Lassen,035,31185,6755,6632,354,6986,27
2021-10-22,Los Angeles,037,10098052,1427229,1415919,53927,1469846,26527
2021-10-22,Madera,039,155013,22568,22062,1982,24044,281
2021-10-22,Marin,041,260295,17406,17264,446,17710,244
2021-10-22,Mariposa,043,17540,1235,1184,42,1226,5
2021-10-22,Mendocino,045,87422,7386,7220,459,7679,82
2021-10-22,Merced,047,269075,41364,40808,1709,42517,581
2021-10-22,Modoc,049,8938,521,507,185,692,5
2021-10-22,Mono,051,14174,1680,1655,20,1675,3
2021-10-22,Monterey,053,433212,48465,47456,2830,50286,586
2021-10-22,Napa,055,140530,12886,12789,109,12898,100
2021-10-22,Nevada,057,99092,9023,8861,312,9173,90
2021-10-22,Orange,059,3164182,304961,302237,14820,317057,5546
2021-10-22,Placer,061,380077,36476,35822,3578,39400,426
2021-10-22,Plumas,063,18699,1711,1623,34,1657,7
2021-10-22,Riverside,065,2383286,359785,354688,16355,371043,5041
2021-10-22,Sacramento,067,1510023,156809,155125,4486,159611,2232
2021-10-22,San Benito,069,59416,7322,7280,168,7448,71
2021-10-22,San Bernardino,071,2135413,350573,347681,11046,358727,5688
2021-10-22,San Diego,073,3302833,369892,366085,21420,387505,4183
2021-10-22,San Francisco,075,870044,52466,51820,2299,54119,649
2021-10-22,San Joaquin,077,732212,98598,97440,5367,102807,1721
2021-10-22,San Luis Obispo,079,281455,29150,28755,1202,29957,333
2021-10-22,San Mateo,081,765935,53773,52719,845,53564,571
2021-10-22,Santa Barbara,083,443738,44168,43552,1604,45156,523
2021-10-22,Santa Clara,085,1922200,145677,144276,1279,145555,1897
2021-10-22,Santa Cruz,087,273765,20167,19967,1004,20971,221
2021-10-22,Shasta,089,179085,20923,20386,3539,23925,321
2021-10-22,Sierra,091,2930,180,168,19,187,0
2021-10-22,Siskiyou,093,43540,3305,3231,1264,4495,46
2021-10-22,Solano,095,438530,45590,44861,1239,46100,341
2021-10-22,Sonoma,097,501317,40921,40476,511,40987,393
2021-10-22,Stanislaus,099,539301,77953,76812,8683,85495,1145
2021-10-22,Sutter,101,95872,13779,13616,327,13943,175
2021-10-22,Tehama,103,63373,8273,8105,1446,9551,110
2021-10-22,Trinity,105,12862,835,696,211,907,11
2021-10-22,Tulare,107,460477,67248,65585,14540,80125,978
2021-10-22,Tuolumne,109,53932,6983,6840,87,6927,90
2021-10-22,Ventura,111,848112,97404,96664,4282,100946,1167
2021-10-22,Yolo,113,214977,19547,19280,1096,20376,248
2021-10-22,Yuba,115,75493,9975,9838,301,10139,82
2021-10-21,Alameda,001,1643700,118722,117816,2779,120595,1397
2021-10-21,Alpine,003,1148,104,105,0,105,0
2021-10-21,Amador,005,37829,5479,5412,57,5469,64
2021-10-21,Butte,007,227075,20454,20101,3663,23764,273
2021-10-21,Calaveras,009,45235,3934,3865,50,3915,81
2021-10-21,Colusa,011,21464,2495,2458,623,3081,18
2021-10-21,Contra Costa,013,1133247,98491,97855,2139,99994,1008
2021-10-21,Del Norte,015,27424,3640,3540,52,3592,42
2021-10-21,El Dorado,017,186661,15787,15540,1649,17189,149
2021-10-21,Fresno,019,978130,136841,134466,12012,146478,2094
2021-10-21,Glenn,021,27897,3436,3399,966,4365,33
2021-10-21,Humboldt,023,135768,8865,8753,523,9276,105
2021-10-21,Imperial,025,180216,33100,32777,3271,36048,766
2021-10-21,Inyo,027,18085,2198,2108,41,2149,41
2021-10-21,Kern,029,883053,125018,122939,21148,144087,1636
2021-10-21,Kings,031,150075,31578,30942,1879,32821,325
2021-10-21,Lake,033,64148,6613,6501,136,6637,105
2021-10-21,Lassen,035,31185,6742,6632,350,6982,27
2021-10-21,Los Angeles,037,10098052,1426117,1415919,53877,1469796,26527
2021-10-21,Madera,039,155013,22510,22062,1972,24034,281
2021-10-21,Marin,041,260295,17388,17264,446,17710,244
2021-10-21,Mariposa,043,17540,1229,1184,41,1225,5
2021-10-21,Mendocino,045,87422,7368,7220,451,7671,82
2021-10-21,Merced,047,269075,41262,40808,1702,42510,581
2021-10-21,Modoc,049,8938,521,507,185,692,5
2021-10-21,Mono,051,14174,1671,1655,20,1675,3
2021-10-21,Monterey,053,433212,48431,47456,2818,50274,586
2021-10-21,Napa,055,140530,12874,12789,109,12898,100
2021-10-21,Nevada,057,99092,8998,8861,312,9173,90
2021-10-21,Orange,059,3164182,304687,302237,14784,317021,5546
2021-10-21,Placer,061,380077,36387,35822,3565,39387,426
2021-10-21,Plumas,063,18699,1697,1623,34,1657,7
2021-10-21,Riverside,065,2383286,359340,354688,16344,371032,5041
2021-10-21,Sacramento,067,1510023,156490,155125,4461,159586,2232
2021-10-21,San Benito,069,59416,7315,7280,166,7446,71
2021-10-21,San Bernardino,071,2135413,350195,347681,11011,358692,5688
2021-10-21,San Diego,073,3302833,369367,366085,21390,387475,4183
2021-10-21,San Francisco,075,870044,52410,51820,2298,54118,649
2021-10-21,San Joaquin,077,732212,98459,97440,5360,102800,1721
2021-10-21,San Luis Obispo,079,281455,29108,28755,1200,29955,333
2021-10-21,San Mateo,081,765935,53727,52719,844,53563,571
2021-10-21,Santa Barbara,083,443738,44103,43552,1602,45154,523
2021-10-21,Santa Clara,085,1922200,145504,144276,1275,145551,1897
2021-10-21,Santa Cruz,087,273765,20143,19967,1002,20969,221
2021-10-21,Shasta,089,179085,20861,20386,3524,23910,321
2021-10-21,Sierra,091,2930,179,168,18,186,0
2021-10-21,Siskiyou,093,43540,3300,3231,1262,4493,46
2021-10-21,Solano,095,438530,45538,44861,1237,46098,341
2021-10-21,Sonoma,097,501317,40852,40476,509,40985,393
2021-10-21,Stanislaus,099,539301,77784,76812,8672,85484,1145
2021-10-21,Sutter,101,95872,13751,13616,323,13939,175
2021-10-21,Tehama,103,63373,8245,8105,1439,9544,110
2021-10-21,Trinity,105,12862,833,696,211,907,11
2021-10-21,Tulare,107,460477,67059,65585,14469,80054,978
2021-10-21,Tuolumne,109,53932,6945,6840,86,6926,90
2021-10-21,Ventura,111,848112,97312,96664,4281,100945,1167
2021-10-21,Yolo,113,214977,19502,19280,1094,20374,248
2021-10-21,Yuba,115,75493,9951,9838,300,10138,82
2021-10-20,Alameda,001,1643700,118599,117654,2778,120432,1390
2021-10-20,Alpine,003,1148,104,103,0,103,0
2021-10-20,Amador,005,37829,5471,5379,57,5436,64
2021-10-20,Butte,007,227075,20400,20021,3648,23669,270
2021-10-20,Calaveras,009,45235,3913,3844,49,3893,81
2021-10-20,Colusa,011,21464,2491,2454,621,3075,18
2021-10-20,Contra Costa,013,1133247,98378,97721,2135,99856,1008
2021-10-20,Del Norte,015,27424,3636,3536,52,3588,42
2021-10-20,El Dorado,017,186661,15757,15502,1646,17148,149
2021-10-20,Fresno,019,978130,136442,134025,11988,146013,2084
2021-10-20,Glenn,021,27897,3429,3382,964,4346,33
2021-10-20,Humboldt,023,135768,8843,8727,521,9248,105
2021-10-20,Imperial,025,180216,33026,32705,3263,35968,766
2021-10-20,Inyo,027,18085,2178,2077,40,2117,40
2021-10-20,Kern,029,883053,124725,122630,21027,143657,1623
2021-10-20,Kings,031,150075,31502,30805,1869,32674,322
2021-10-20,Lake,033,64148,6591,6475,136,6611,104
2021-10-20,Lassen,035,31185,6727,6622,350,6972,27
2021-10-20,Los Angeles,037,10098052,1425003,1414931,53801,1468732,26506
2021-10-20,Madera,039,155013,22440,21983,1963,23946,281
2021-10-20,Marin,041,260295,17367,17250,444,17694,244
2021-10-20,Mariposa,043,17540,1222,1174,41,1215,5
2021-10-20,Mendocino,045,87422,7341,7189,448,7637,82
2021-10-20,Merced,047,269075,41175,40685,1691,42376,581
2021-10-20,Modoc,049,8938,521,504,185,689,5
2021-10-20,Mono,051,14174,1671,1653,20,1673,3
2021-10-20,Monterey,053,433212,48401,47430,2810,50240,587
2021-10-20,Napa,055,140530,12860,12773,108,12881,100
2021-10-20,Nevada,057,99092,8970,8836,312,9148,90
2021-10-20,Orange,059,3164182,304403,301957,14762,316719,5534
2021-10-20,Placer,061,380077,36298,35729,3556,39285,425
2021-10-20,Plumas,063,18699,1690,1604,34,1638,7
2021-10-20,Riverside,065,2383286,358896,354311,16327,370638,5030
2021-10-20,Sacramento,067,1510023,156191,154822,4437,159259,2222
2021-10-20,San Benito,069,59416,7312,7275,164,7439,71
2021-10-20,San Bernardino,071,2135413,349796,347217,10979,358196,5663
2021-10-20,San Diego,073,3302833,368851,365698,21371,387069,4178
2021-10-20,San Francisco,075,870044,52360,51755,2297,54052,646
2021-10-20,San Joaquin,077,732212,98312,97246,5352,102598,1721
2021-10-20,San Luis Obispo,079,281455,29064,28727,1196,29923,332
2021-10-20,San Mateo,081,765935,53656,52663,836,53499,571
2021-10-20,Santa Barbara,083,443738,44041,43489,1601,45090,523
2021-10-20,Santa Clara,085,1922200,145368,144124,1270,145394,1896
2021-10-20,Santa Cruz,087,273765,20130,19951,1002,20953,219
2021-10-20,Shasta,089,179085,20800,20313,3497,23810,320
2021-10-20,Sierra,091,2930,179,168,18,186,0
2021-10-20,Siskiyou,093,43540,3300,3224,1256,4480,46
2021-10-20,Solano,095,438530,45505,44819,1235,46054,341
2021-10-20,Sonoma,097,501317,40806,40404,509,40913,393
2021-10-20,Stanislaus,099,539301,77634,76631,8653,85284,1145
2021-10-20,Sutter,101,95872,13727,13592,317,13909,175
2021-10-20,Tehama,103,63373,8214,8081,1428,9509,110
2021-10-20,Trinity,105,12862,833,693,210,903,11
2021-10-20,Tulare,107,460477,66885,65413,14426,79839,967
2021-10-20,Tuolumne,109,53932,6923,6803,86,6889,89
2021-10-20,Ventura,111,848112,97230,96610,4278,100888,1166
2021-10-20,Yolo,113,214977,19458,19236,1092,20328,248
2021-10-20,Yuba,115,75493,9934,9808,297,10105,82
2021-10-19,Alameda,001,1643700,118478,117542,2772,120314,1383
2021-10-19,Alpine,003,1148,104,103,0,103,0
2021-10-19,Amador,005,37829,5455,5367,57,5424,64
2021-10-19,Butte,007,227075,20346,19974,3640,23614,268
2021-10-19,Calaveras,009,45235,3896,3826,48,3874,80
2021-10-19,Colusa,011,21464,2488,2447,619,3066,18
2021-10-19,Contra Costa,013,1133247,98287,97613,2129,99742,1004
2021-10-19,Del Norte,015,27424,3629,3531,52,3583,42
2021-10-19,El Dorado,017,186661,15732,15478,1641,17119,149
2021-10-19,Fresno,019,978130,136085,133813,11953,145766,2073
2021-10-19,Glenn,021,27897,3428,3380,960,4340,33
2021-10-19,Humboldt,023,135768,8819,8714,515,9229,105
2021-10-19,Imperial,025,180216,32958,32632,3259,35891,764
2021-10-19,Inyo,027,18085,2147,2045,40,2085,40
2021-10-19,Kern,029,883053,124408,122391,20903,143294,1613
2021-10-19,Kings,031,150075,31408,30757,1862,32619,322
2021-10-19,Lake,033,64148,6587,6465,136,6601,104
2021-10-19,Lassen,035,31185,6721,6612,345,6957,27
2021-10-19,Los Angeles,037,10098052,1423764,1413882,53723,1467605,26473
2021-10-19,Madera,039,155013,22377,21950,1955,23905,281
2021-10-19,Marin,041,260295,17353,17241,441,17682,244
2021-10-19,Mariposa,043,17540,1216,1171,39,1210,5
2021-10-19,Mendocino,045,87422,7326,7172,445,7617,82
2021-10-19,Merced,047,269075,41059,40628,1671,42299,580
2021-10-19,Modoc,049,8938,519,502,185,687,5
2021-10-19,Mono,051,14174,1665,1651,20,1671,3
2021-10-19,Monterey,053,433212,48363,47412,2799,50211,583
2021-10-19,Napa,055,140530,12853,12769,108,12877,100
2021-10-19,Nevada,057,99092,8949,8829,311,9140,90
2021-10-19,Orange,059,3164182,304146,301700,14727,316427,5527
2021-10-19,Placer,061,380077,36177,35663,3541,39204,422
2021-10-19,Plumas,063,18699,1672,1586,34,1620,8
2021-10-19,Riverside,065,2383286,358475,353891,16319,370210,5020
2021-10-19,Sacramento,067,1510023,155883,154570,4411,158981,2227
2021-10-19,San Benito,069,59416,7296,7264,164,7428,71
2021-10-19,San Bernardino,071,2135413,349397,346814,10949,357763,5627
2021-10-19,San Diego,073,3302833,368258,365285,21340,386625,4170
2021-10-19,San Francisco,075,870044,52297,51704,2295,53999,645
2021-10-19,San Joaquin,077,732212,98144,97105,5341,102446,1721
2021-10-19,San Luis Obispo,079,281455,29017,28670,1193,29863,332
2021-10-19,San Mateo,081,765935,53598,52617,834,53451,571
2021-10-19,Santa Barbara,083,443738,43974,43413,1599,45012,522
2021-10-19,Santa Clara,085,1922200,145195,143989,1262,145251,1898
2021-10-19,Santa Cruz,087,273765,20106,19895,1000,20895,218
2021-10-19,Shasta,089,179085,20723,20209,3489,23698,319
2021-10-19,Sierra,091,2930,176,168,18,186,0
2021-10-19,Siskiyou,093,43540,3296,3216,1251,4467,46
2021-10-19,Solano,095,438530,45463,44782,1229,46011,341
2021-10-19,Sonoma,097,501317,40732,40379,508,40887,392
2021-10-19,Stanislaus,099,539301,77492,76526,8641,85167,1145
2021-10-19,Sutter,101,95872,13703,13569,316,13885,174
2021-10-19,Tehama,103,63373,8184,8057,1412,9469,108
2021-10-19,Trinity,105,12862,826,691,210,901,11
2021-10-19,Tulare,107,460477,66702,65253,14358,79611,958
2021-10-19,Tuolumne,109,53932,6894,6782,85,6867,89
2021-10-19,Ventura,111,848112,97154,96539,4274,100813,1166
2021-10-19,Yolo,113,214977,19414,19206,1087,20293,248
2021-10-19,Yuba,115,75493,9916,9796,296,10092,82
2021-10-18,Alameda,001,1643700,118341,117506,2763,120269,1381
2021-10-18,Alpine,003,1148,104,103,0,103,0
2021-10-18,Amador,005,37829,5444,5345,57,5402,64
2021-10-18,Butte,007,227075,20296,19921,3632,23553,265
2021-10-18,Calaveras,009,45235,3871,3819,47,3866,80
2021-10-18,Colusa,011,21464,2487,2444,617,3061,18
2021-10-18,Contra Costa,013,1133247,98175,97585,2125,99710,995
2021-10-18,Del Norte,015,27424,3622,3529,52,3581,41
2021-10-18,El Dorado,017,186661,15701,15452,1638,17090,149
2021-10-18,Fresno,019,978130,135690,133688,11918,145606,2063
2021-10-18,Glenn,021,27897,3422,3370,954,4324,32
2021-10-18,Humboldt,023,135768,8800,8699,507,9206,104
2021-10-18,Imperial,025,180216,32867,32558,3258,35816,764
2021-10-18,Inyo,027,18085,2129,2020,40,2060,40
2021-10-18,Kern,029,883053,124108,122231,20806,143037,1605
2021-10-18,Kings,031,150075,31293,30698,1849,32547,320
2021-10-18,Lake,033,64148,6568,6455,134,6589,104
2021-10-18,Lassen,035,31185,6701,6607,342,6949,26
2021-10-18,Los Angeles,037,10098052,1422525,1413291,53645,1466936,26446
2021-10-18,Madera,039,155013,22323,21909,1943,23852,277
2021-10-18,Marin,041,260295,17333,17232,438,17670,244
2021-10-18,Mariposa,043,17540,1208,1160,39,1199,5
2021-10-18,Mendocino,045,87422,7307,7156,437,7593,82
2021-10-18,Merced,047,269075,40935,40573,1661,42234,579
2021-10-18,Modoc,049,8938,519,498,185,683,5
2021-10-18,Mono,051,14174,1657,1648,19,1667,3
2021-10-18,Monterey,053,433212,48341,47389,2794,50183,583
2021-10-18,Napa,055,140530,12838,12762,108,12870,100
2021-10-18,Nevada,057,99092,8930,8816,311,9127,90
2021-10-18,Orange,059,3164182,303808,301573,14694,316267,5524
2021-10-18,Placer,061,380077,36099,35598,3537,39135,420
2021-10-18,Plumas,063,18699,1664,1579,34,1613,6
2021-10-18,Riverside,065,2383286,358061,353699,16305,370004,5008
2021-10-18,Sacramento,067,1510023,155578,154428,4379,158807,2203
2021-10-18,San Benito,069,59416,7284,7253,164,7417,71
2021-10-18,San Bernardino,071,2135413,348975,346742,10935,357677,5606
2021-10-18,San Diego,073,3302833,367692,364948,21302,386250,4169
2021-10-18,San Francisco,075,870044,52234,51671,2289,53960,644
2021-10-18,San Joaquin,077,732212,97979,97041,5331,102372,1721
2021-10-18,San Luis Obispo,079,281455,28978,28644,1190,29834,331
2021-10-18,San Mateo,081,765935,53533,52594,833,53427,571
2021-10-18,Santa Barbara,083,443738,43916,43386,1597,44983,522
2021-10-18,Santa Clara,085,1922200,145040,143891,1253,145144,1895
2021-10-18,Santa Cruz,087,273765,20092,19876,998,20874,218
2021-10-18,Shasta,089,179085,20642,20146,3478,23624,313
2021-10-18,Sierra,091,2930,176,166,18,184,0
2021-10-18,Siskiyou,093,43540,3293,3210,1243,4453,42
2021-10-18,Solano,095,438530,45419,44758,1226,45984,339
2021-10-18,Sonoma,097,501317,40668,40349,505,40854,392
2021-10-18,Stanislaus,099,539301,77326,76466,8629,85095,1145
2021-10-18,Sutter,101,95872,13669,13557,314,13871,172
2021-10-18,Tehama,103,63373,8150,8042,1400,9442,107
2021-10-18,Trinity,105,12862,825,688,210,898,11
2021-10-18,Tulare,107,460477,66527,65171,14294,79465,958
2021-10-18,Tuolumne,109,53932,6865,6755,85,6840,89
2021-10-18,Ventura,111,848112,97059,96506,4272,100778,1165
2021-10-18,Yolo,113,214977,19377,19197,1084,20281,248
2021-10-18,Yuba,115,75493,9889,9782,294,10076,82
2021-10-17,Alameda,001,1643700,118190,117423,2758,120181,1376
2021-10-17,Alpine,003,1148,104,103,0,103,0
2021-10-17,Amador,005,37829,5421,5341,57,5398,64
2021-10-17,Butte,007,227075,20211,19897,3623,23520,265
2021-10-17,Calaveras,009,45235,3855,3805,47,3852,80
2021-10-17,Colusa,011,21464,2482,2442,610,3052,18
2021-10-17,Contra Costa,013,1133247,98051,97485,2114,99599,995
2021-10-17,Del Norte,015,27424,3617,3526,52,3578,41
2021-10-17,El Dorado,017,186661,15643,15438,1631,17069,149
2021-10-17,Fresno,019,978130,135224,133429,11885,145314,2063
2021-10-17,Glenn,021,27897,3406,3364,952,4316,32
2021-10-17,Humboldt,023,135768,8780,8690,504,9194,104
2021-10-17,Imperial,025,180216,32785,32520,3252,35772,764
2021-10-17,Inyo,027,18085,2101,2000,40,2040,40
2021-10-17,Kern,029,883053,123758,122085,20709,142794,1603
2021-10-17,Kings,031,150075,31179,30636,1840,32476,315
2021-10-17,Lake,033,64148,6552,6437,133,6570,104
2021-10-17,Lassen,035,31185,6689,6605,337,6942,26
2021-10-17,Los Angeles,037,10098052,1421188,1412371,53569,1465940,26443
2021-10-17,Madera,039,155013,22261,21869,1933,23802,277
2021-10-17,Marin,041,260295,17311,17211,438,17649,243
2021-10-17,Mariposa,043,17540,1201,1150,39,1189,5
2021-10-17,Mendocino,045,87422,7278,7148,431,7579,82
2021-10-17,Merced,047,269075,40808,40531,1647,42178,579
2021-10-17,Modoc,049,8938,516,498,183,681,5
2021-10-17,Mono,051,14174,1655,1640,18,1658,3
2021-10-17,Monterey,053,433212,48299,47369,2784,50153,583
2021-10-17,Napa,055,140530,12823,12753,105,12858,100
2021-10-17,Nevada,057,99092,8913,8794,310,9104,90
2021-10-17,Orange,059,3164182,303494,301414,14661,316075,5524
2021-10-17,Placer,061,380077,35999,35559,3522,39081,420
2021-10-17,Plumas,063,18699,1640,1571,32,1603,6
2021-10-17,Riverside,065,2383286,357578,353500,16291,369791,5008
2021-10-17,Sacramento,067,1510023,155176,154080,4361,158441,2213
2021-10-17,San Benito,069,59416,7275,7250,163,7413,71
2021-10-17,San Bernardino,071,2135413,348545,346524,10915,357439,5597
2021-10-17,San Diego,073,3302833,367084,364675,21274,385949,4163
2021-10-17,San Francisco,075,870044,52161,51625,2279,53904,644
2021-10-17,San Joaquin,077,732212,97806,96950,5322,102272,1721
2021-10-17,San Luis Obispo,079,281455,28927,28604,1182,29786,331
2021-10-17,San Mateo,081,765935,53481,52541,829,53370,571
2021-10-17,Santa Barbara,083,443738,43853,43344,1596,44940,522
2021-10-17,Santa Clara,085,1922200,144864,143768,1244,145012,1895
2021-10-17,Santa Cruz,087,273765,20064,19861,996,20857,218
2021-10-17,Shasta,089,179085,20552,20116,3468,23584,312
2021-10-17,Sierra,091,2930,174,165,18,183,0
2021-10-17,Siskiyou,093,43540,3285,3204,1240,4444,42
2021-10-17,Solano,095,438530,45362,44722,1225,45947,340
2021-10-17,Sonoma,097,501317,40592,40306,505,40811,392
2021-10-17,Stanislaus,099,539301,77128,76354,8616,84970,1145
2021-10-17,Sutter,101,95872,13652,13543,312,13855,172
2021-10-17,Tehama,103,63373,8118,8015,1383,9398,107
2021-10-17,Trinity,105,12862,822,686,209,895,11
2021-10-17,Tulare,107,460477,66344,65057,14220,79277,958
2021-10-17,Tuolumne,109,53932,6831,6735,84,6819,89
2021-10-17,Ventura,111,848112,96958,96458,4269,100727,1165
2021-10-17,Yolo,113,214977,19336,19171,1075,20246,248
2021-10-17,Yuba,115,75493,9863,9771,292,10063,82
2021-10-16,Alameda,001,1643700,118102,117027,2757,119784,1365
2021-10-16,Alpine,003,1148,103,102,0,102,0
2021-10-16,Amador,005,37829,5414,5310,57,5367,64
2021-10-16,Butte,007,227075,20180,19612,3616,23228,260
2021-10-16,Calaveras,009,45235,3848,3771,47,3818,80
2021-10-16,Colusa,011,21464,2478,2431,607,3038,18
2021-10-16,Contra Costa,013,1133247,97958,97107,2107,99214,982
2021-10-16,Del Norte,015,27424,3614,3516,52,3568,41
2021-10-16,El Dorado,017,186661,15621,15315,1629,16944,149
2021-10-16,Fresno,019,978130,135075,132433,11878,144311,2051
2021-10-16,Glenn,021,27897,3403,3331,952,4283,26
2021-10-16,Humboldt,023,135768,8768,8621,499,9120,104
2021-10-16,Imperial,025,180216,32770,32368,3250,35618,764
2021-10-16,Inyo,027,18085,2087,1932,40,1972,39
2021-10-16,Kern,029,883053,123603,121354,20625,141979,1590
2021-10-16,Kings,031,150075,31133,30418,1837,32255,314
2021-10-16,Lake,033,64148,6541,6378,133,6511,104
2021-10-16,Lassen,035,31185,6680,6559,332,6891,26
2021-10-16,Los Angeles,037,10098052,1420540,1409418,53514,1462932,26398
2021-10-16,Madera,039,155013,22217,21707,1930,23637,277
2021-10-16,Marin,041,260295,17302,17148,438,17586,243
2021-10-16,Mariposa,043,17540,1198,1096,39,1135,5
2021-10-16,Mendocino,045,87422,7268,7099,431,7530,82
2021-10-16,Merced,047,269075,40775,40265,1646,41911,577
2021-10-16,Modoc,049,8938,513,492,183,675,5
2021-10-16,Mono,051,14174,1653,1628,18,1646,3
2021-10-16,Monterey,053,433212,48282,47293,2776,50069,582
2021-10-16,Napa,055,140530,12812,12706,105,12811,100
2021-10-16,Nevada,057,99092,8893,8739,310,9049,90
2021-10-16,Orange,059,3164182,303318,300722,14636,315358,5509
2021-10-16,Placer,061,380077,35915,35343,3516,38859,412
2021-10-16,Plumas,063,18699,1635,1542,31,1573,6
2021-10-16,Riverside,065,2383286,357309,352435,16279,368714,4990
2021-10-16,Sacramento,067,1510023,154977,153264,4357,157621,2192
2021-10-16,San Benito,069,59416,7262,7210,162,7372,71
2021-10-16,San Bernardino,071,2135413,348341,345418,10908,356326,5566
2021-10-16,San Diego,073,3302833,366761,363109,21258,384367,4151
2021-10-16,San Francisco,075,870044,52113,51436,2275,53711,645
2021-10-16,San Joaquin,077,732212,97735,96507,5319,101826,1708
2021-10-16,San Luis Obispo,079,281455,28901,28460,1181,29641,329
2021-10-16,San Mateo,081,765935,53432,52399,828,53227,569
2021-10-16,Santa Barbara,083,443738,43817,43175,1595,44770,521
2021-10-16,Santa Clara,085,1922200,144763,143282,1236,144518,1890
2021-10-16,Santa Cruz,087,273765,20049,19794,995,20789,218
2021-10-16,Shasta,089,179085,20502,19932,3457,23389,309
2021-10-16,Sierra,091,2930,172,160,18,178,0
2021-10-16,Siskiyou,093,43540,3283,3173,1233,4406,42
2021-10-16,Solano,095,438530,45336,44585,1221,45806,334
2021-10-16,Sonoma,097,501317,40552,40195,505,40700,390
2021-10-16,Stanislaus,099,539301,77042,75868,8607,84475,1142
2021-10-16,Sutter,101,95872,13633,13471,311,13782,169
2021-10-16,Tehama,103,63373,8105,7907,1378,9285,104
2021-10-16,Trinity,105,12862,822,679,209,888,11
2021-10-16,Tulare,107,460477,66210,64489,14187,78676,951
2021-10-16,Tuolumne,109,53932,6799,6666,84,6750,89
2021-10-16,Ventura,111,848112,96926,96181,4264,100445,1164
2021-10-16,Yolo,113,214977,19309,19078,1069,20147,247
2021-10-16,Yuba,115,75493,9839,9705,289,9994,82
2021-10-15,Alameda,001,1643700,118028,117027,2753,119780,1365
2021-10-15,Alpine,003,1148,103,102,0,102,0
2021-10-15,Amador,005,37829,5390,5310,57,5367,64
2021-10-15,Butte,007,227075,20144,19612,3609,23221,260
2021-10-15,Calaveras,009,45235,3842,3771,47,3818,80
2021-10-15,Colusa,011,21464,2476,2431,604,3035,18
2021-10-15,Contra Costa,013,1133247,97877,97107,2103,99210,982
2021-10-15,Del Norte,015,27424,3612,3516,52,3568,41
2021-10-15,El Dorado,017,186661,15601,15315,1624,16939,149
2021-10-15,Fresno,019,978130,134822,132433,11871,144304,2051
2021-10-15,Glenn,021,27897,3399,3331,951,4282,26
2021-10-15,Humboldt,023,135768,8759,8621,497,9118,104
2021-10-15,Imperial,025,180216,32723,32368,3246,35614,764
2021-10-15,Inyo,027,18085,2069,1932,40,1972,39
2021-10-15,Kern,029,883053,123468,121354,20550,141904,1590
2021-10-15,Kings,031,150075,31078,30418,1833,32251,314
2021-10-15,Lake,033,64148,6532,6378,133,6511,104
2021-10-15,Lassen,035,31185,6668,6559,331,6890,26
2021-10-15,Los Angeles,037,10098052,1419850,1409418,53465,1462883,26398
2021-10-15,Madera,039,155013,22173,21707,1922,23629,277
2021-10-15,Marin,041,260295,17291,17148,438,17586,243
2021-10-15,Mariposa,043,17540,1190,1096,39,1135,5
2021-10-15,Mendocino,045,87422,7253,7099,431,7530,82
2021-10-15,Merced,047,269075,40745,40265,1643,41908,577
2021-10-15,Modoc,049,8938,512,492,183,675,5
2021-10-15,Mono,051,14174,1651,1628,18,1646,3
2021-10-15,Monterey,053,433212,48260,47293,2774,50067,582
2021-10-15,Napa,055,140530,12808,12706,105,12811,100
2021-10-15,Nevada,057,99092,8878,8739,310,9049,90
2021-10-15,Orange,059,3164182,303150,300722,14617,315339,5509
2021-10-15,Placer,061,380077,35861,35343,3510,38853,412
2021-10-15,Plumas,063,18699,1627,1542,31,1573,6
2021-10-15,Riverside,065,2383286,357067,352435,16274,368709,4990
2021-10-15,Sacramento,067,1510023,154792,153264,4347,157611,2192
2021-10-15,San Benito,069,59416,7259,7210,162,7372,71
2021-10-15,San Bernardino,071,2135413,348105,345418,10906,356324,5566
2021-10-15,San Diego,073,3302833,366397,363109,21233,384342,4151
2021-10-15,San Francisco,075,870044,52073,51436,2268,53704,645
2021-10-15,San Joaquin,077,732212,97657,96507,5312,101819,1708
2021-10-15,San Luis Obispo,079,281455,28880,28460,1179,29639,329
2021-10-15,San Mateo,081,765935,53388,52399,827,53226,569
2021-10-15,Santa Barbara,083,443738,43779,43175,1595,44770,521
2021-10-15,Santa Clara,085,1922200,144642,143282,1228,144510,1890
2021-10-15,Santa Cruz,087,273765,20038,19794,995,20789,218
2021-10-15,Shasta,089,179085,20444,19932,3449,23381,309
2021-10-15,Sierra,091,2930,171,160,18,178,0
2021-10-15,Siskiyou,093,43540,3282,3173,1230,4403,42
2021-10-15,Solano,095,438530,45310,44585,1221,45806,334
2021-10-15,Sonoma,097,501317,40518,40195,504,40699,390
2021-10-15,Stanislaus,099,539301,76962,75868,8591,84459,1142
2021-10-15,Sutter,101,95872,13616,13471,309,13780,169
2021-10-15,Tehama,103,63373,8084,7907,1372,9279,104
2021-10-15,Trinity,105,12862,822,679,209,888,11
2021-10-15,Tulare,107,460477,66131,64489,14150,78639,951
2021-10-15,Tuolumne,109,53932,6776,6666,82,6748,89
2021-10-15,Ventura,111,848112,96884,96181,4260,100441,1164
2021-10-15,Yolo,113,214977,19295,19078,1065,20143,247
2021-10-15,Yuba,115,75493,9829,9705,288,9993,82
2021-10-14,Alameda,001,1643700,117917,117027,2748,119775,1365
2021-10-14,Alpine,003,1148,103,102,0,102,0
2021-10-14,Amador,005,37829,5379,5310,57,5367,64
2021-10-14,Butte,007,227075,20092,19612,3604,23216,260
2021-10-14,Calaveras,009,45235,3829,3771,46,3817,80
2021-10-14,Colusa,011,21464,2474,2431,602,3033,18
2021-10-14,Contra Costa,013,1133247,97742,97107,2095,99202,982
2021-10-14,Del Norte,015,27424,3606,3516,52,3568,41
2021-10-14,El Dorado,017,186661,15562,15315,1621,16936,149
2021-10-14,Fresno,019,978130,134530,132433,11851,144284,2051
2021-10-14,Glenn,021,27897,3396,3331,950,4281,26
2021-10-14,Humboldt,023,135768,8742,8621,494,9115,104
2021-10-14,Imperial,025,180216,32660,32368,3239,35607,764
2021-10-14,Inyo,027,18085,2050,1932,40,1972,39
2021-10-14,Kern,029,883053,123198,121354,20450,141804,1590
2021-10-14,Kings,031,150075,31013,30418,1825,32243,314
2021-10-14,Lake,033,64148,6511,6378,132,6510,104
2021-10-14,Lassen,035,31185,6662,6559,330,6889,26
2021-10-14,Los Angeles,037,10098052,1418869,1409418,53414,1462832,26398
2021-10-14,Madera,039,155013,22108,21707,1918,23625,277
2021-10-14,Marin,041,260295,17286,17148,436,17584,243
2021-10-14,Mariposa,043,17540,1177,1096,38,1134,5
2021-10-14,Mendocino,045,87422,7239,7099,430,7529,82
2021-10-14,Merced,047,269075,40656,40265,1630,41895,577
2021-10-14,Modoc,049,8938,512,492,183,675,5
2021-10-14,Mono,051,14174,1644,1628,18,1646,3
2021-10-14,Monterey,053,433212,48234,47293,2769,50062,582
2021-10-14,Napa,055,140530,12793,12706,105,12811,100
2021-10-14,Nevada,057,99092,8850,8739,308,9047,90
2021-10-14,Orange,059,3164182,302943,300722,14600,315322,5509
2021-10-14,Placer,061,380077,35794,35343,3496,38839,412
2021-10-14,Plumas,063,18699,1612,1542,31,1573,6
2021-10-14,Riverside,065,2383286,356670,352435,16263,368698,4990
2021-10-14,Sacramento,067,1510023,154540,153264,4325,157589,2192
2021-10-14,San Benito,069,59416,7248,7210,162,7372,71
2021-10-14,San Bernardino,071,2135413,347747,345418,10900,356318,5566
2021-10-14,San Diego,073,3302833,365949,363109,21206,384315,4151
2021-10-14,San Francisco,075,870044,52017,51436,2264,53700,645
2021-10-14,San Joaquin,077,732212,97528,96507,5303,101810,1708
2021-10-14,San Luis Obispo,079,281455,28836,28460,1175,29635,329
2021-10-14,San Mateo,081,765935,53339,52399,826,53225,569
2021-10-14,Santa Barbara,083,443738,43723,43175,1590,44765,521
2021-10-14,Santa Clara,085,1922200,144501,143282,1222,144504,1890
2021-10-14,Santa Cruz,087,273765,20015,19794,995,20789,218
2021-10-14,Shasta,089,179085,20388,19932,3437,23369,309
2021-10-14,Sierra,091,2930,171,160,18,178,0
2021-10-14,Siskiyou,093,43540,3279,3173,1222,4395,42
2021-10-14,Solano,095,438530,45260,44585,1213,45798,334
2021-10-14,Sonoma,097,501317,40467,40195,501,40696,390
2021-10-14,Stanislaus,099,539301,76816,75868,8578,84446,1142
2021-10-14,Sutter,101,95872,13596,13471,308,13779,169
2021-10-14,Tehama,103,63373,8053,7907,1365,9272,104
2021-10-14,Trinity,105,12862,821,679,208,887,11
2021-10-14,Tulare,107,460477,65951,64489,14103,78592,951
2021-10-14,Tuolumne,109,53932,6745,6666,81,6747,89
2021-10-14,Ventura,111,848112,96816,96181,4253,100434,1164
2021-10-14,Yolo,113,214977,19263,19078,1058,20136,247
2021-10-14,Yuba,115,75493,9815,9705,279,9984,82
2021-10-13,Alameda,001,1643700,117812,116914,2743,119657,1360
2021-10-13,Alpine,003,1148,103,102,0,102,0
2021-10-13,Amador,005,37829,5365,5305,57,5362,63
2021-10-13,Butte,007,227075,20018,19546,3600,23146,257
2021-10-13,Calaveras,009,45235,3808,3756,44,3800,79
2021-10-13,Colusa,011,21464,2467,2430,598,3028,18
2021-10-13,Contra Costa,013,1133247,97627,96975,2094,99069,969
2021-10-13,Del Norte,015,27424,3601,3512,52,3564,39
2021-10-13,El Dorado,017,186661,15538,15302,1616,16918,149
2021-10-13,Fresno,019,978130,134198,132055,11829,143884,2048
2021-10-13,Glenn,021,27897,3385,3327,947,4274,26
2021-10-13,Humboldt,023,135768,8731,8604,490,9094,102
2021-10-13,Imperial,025,180216,32600,32317,3236,35553,762
2021-10-13,Inyo,027,18085,2013,1907,40,1947,39
2021-10-13,Kern,029,883053,122955,120956,20356,141312,1586
2021-10-13,Kings,031,150075,30932,30246,1818,32064,312
2021-10-13,Lake,033,64148,6491,6371,132,6503,103
2021-10-13,Lassen,035,31185,6652,6535,324,6859,25
2021-10-13,Los Angeles,037,10098052,1417816,1408384,53356,1461740,26379
2021-10-13,Madera,039,155013,22054,21609,1903,23512,277
2021-10-13,Marin,041,260295,17262,17137,435,17572,243
2021-10-13,Mariposa,043,17540,1163,1090,38,1128,5
2021-10-13,Mendocino,045,87422,7223,7088,422,7510,82
2021-10-13,Merced,047,269075,40571,40164,1620,41784,577
2021-10-13,Modoc,049,8938,510,490,181,671,5
2021-10-13,Mono,051,14174,1644,1612,18,1630,3
2021-10-13,Monterey,053,433212,48215,47273,2762,50035,582
2021-10-13,Napa,055,140530,12782,12695,103,12798,100
2021-10-13,Nevada,057,99092,8828,8725,308,9033,90
2021-10-13,Orange,059,3164182,302735,300468,14584,315052,5503
2021-10-13,Placer,061,380077,35728,35254,3487,38741,412
2021-10-13,Plumas,063,18699,1598,1514,31,1545,6
2021-10-13,Riverside,065,2383286,356340,352044,16250,368294,4978
2021-10-13,Sacramento,067,1510023,154290,153141,4303,157444,2182
2021-10-13,San Benito,069,59416,7242,7196,161,7357,71
2021-10-13,San Bernardino,071,2135413,347425,344951,10884,355835,5562
2021-10-13,San Diego,073,3302833,365512,362564,21184,383748,4141
2021-10-13,San Francisco,075,870044,51975,51379,2260,53639,644
2021-10-13,San Joaquin,077,732212,97385,96343,5298,101641,1696
2021-10-13,San Luis Obispo,079,281455,28798,28397,1172,29569,330
2021-10-13,San Mateo,081,765935,53287,52352,822,53174,569
2021-10-13,Santa Barbara,083,443738,43671,43109,1590,44699,518
2021-10-13,Santa Clara,085,1922200,144362,143064,1221,144285,1886
2021-10-13,Santa Cruz,087,273765,19989,19763,994,20757,217
2021-10-13,Shasta,089,179085,20318,19802,3416,23218,307
2021-10-13,Sierra,091,2930,171,155,18,173,0
2021-10-13,Siskiyou,093,43540,3271,3173,1221,4394,42
2021-10-13,Solano,095,438530,45221,44558,1210,45768,334
2021-10-13,Sonoma,097,501317,40411,40122,501,40623,390
2021-10-13,Stanislaus,099,539301,76675,75698,8569,84267,1136
2021-10-13,Sutter,101,95872,13566,13458,306,13764,169
2021-10-13,Tehama,103,63373,8015,7849,1359,9208,103
2021-10-13,Trinity,105,12862,818,677,208,885,11
2021-10-13,Tulare,107,460477,65772,64297,14048,78345,945
2021-10-13,Tuolumne,109,53932,6731,6644,80,6724,89
2021-10-13,Ventura,111,848112,96742,96099,4248,100347,1162
2021-10-13,Yolo,113,214977,19234,19023,1056,20079,247
2021-10-13,Yuba,115,75493,9790,9690,265,9955,80
2021-10-12,Alameda,001,1643700,117709,116813,2738,119551,1357
2021-10-12,Alpine,003,1148,103,102,0,102,0
2021-10-12,Amador,005,37829,5354,5301,57,5358,63
2021-10-12,Butte,007,227075,19949,19506,3588,23094,256
2021-10-12,Calaveras,009,45235,3793,3750,44,3794,75
2021-10-12,Colusa,011,21464,2464,2428,596,3024,18
2021-10-12,Contra Costa,013,1133247,97513,96894,2085,98979,960
2021-10-12,Del Norte,015,27424,3595,3511,52,3563,39
2021-10-12,El Dorado,017,186661,15504,15287,1614,16901,148
2021-10-12,Fresno,019,978130,133839,131848,11801,143649,2042
2021-10-12,Glenn,021,27897,3374,3321,944,4265,26
2021-10-12,Humboldt,023,135768,8704,8587,484,9071,102
2021-10-12,Imperial,025,180216,32548,32267,3234,35501,762
2021-10-12,Inyo,027,18085,1981,1889,40,1929,39
2021-10-12,Kern,029,883053,122670,120826,20247,141073,1580
2021-10-12,Kings,031,150075,30859,30200,1807,32007,312
2021-10-12,Lake,033,64148,6476,6372,132,6504,97
2021-10-12,Lassen,035,31185,6642,6526,323,6849,25
2021-10-12,Los Angeles,037,10098052,1416754,1407462,53308,1460770,26362
2021-10-12,Madera,039,155013,21983,21574,1891,23465,277
2021-10-12,Marin,041,260295,17239,17126,435,17561,242
2021-10-12,Mariposa,043,17540,1149,1088,38,1126,5
2021-10-12,Mendocino,045,87422,7194,7077,420,7497,82
2021-10-12,Merced,047,269075,40492,40113,1614,41727,567
2021-10-12,Modoc,049,8938,505,485,180,665,5
2021-10-12,Mono,051,14174,1642,1608,18,1626,3
2021-10-12,Monterey,053,433212,48184,47254,2754,50008,582
2021-10-12,Napa,055,140530,12768,12671,103,12774,97
2021-10-12,Nevada,057,99092,8816,8720,307,9027,89
2021-10-12,Orange,059,3164182,302481,300256,14559,314815,5499
2021-10-12,Placer,061,380077,35666,35214,3479,38693,404
2021-10-12,Plumas,063,18699,1584,1488,30,1518,6
2021-10-12,Riverside,065,2383286,356014,351771,16236,368007,4973
2021-10-12,Sacramento,067,1510023,153986,152935,4278,157213,2170
2021-10-12,San Benito,069,59416,7228,7193,161,7354,71
2021-10-12,San Bernardino,071,2135413,347112,344788,10874,355662,5563
2021-10-12,San Diego,073,3302833,364988,362256,21155,383411,4137
2021-10-12,San Francisco,075,870044,51911,51301,2259,53560,643
2021-10-12,San Joaquin,077,732212,97248,96237,5293,101530,1690
2021-10-12,San Luis Obispo,079,281455,28751,28379,1171,29550,327
2021-10-12,San Mateo,081,765935,53236,52328,821,53149,569
2021-10-12,Santa Barbara,083,443738,43610,43076,1590,44666,515
2021-10-12,Santa Clara,085,1922200,144208,142954,1219,144173,1882
2021-10-12,Santa Cruz,087,273765,19964,19757,994,20751,218
2021-10-12,Shasta,089,179085,20244,19731,3394,23125,304
2021-10-12,Sierra,091,2930,171,153,18,171,0
2021-10-12,Siskiyou,093,43540,3260,3166,1215,4381,42
2021-10-12,Solano,095,438530,45178,44516,1205,45721,329
2021-10-12,Sonoma,097,501317,40369,40105,501,40606,390
2021-10-12,Stanislaus,099,539301,76523,75589,8555,84144,1126
2021-10-12,Sutter,101,95872,13543,13436,302,13738,168
2021-10-12,Tehama,103,63373,7982,7820,1355,9175,103
2021-10-12,Trinity,105,12862,815,676,208,884,11
2021-10-12,Tulare,107,460477,65592,64216,13992,78208,944
2021-10-12,Tuolumne,109,53932,6714,6637,79,6716,89
2021-10-12,Ventura,111,848112,96641,96022,4244,100266,1160
2021-10-12,Yolo,113,214977,19207,18987,1048,20035,247
2021-10-12,Yuba,115,75493,9775,9676,261,9937,70
2021-10-11,Alameda,001,1643700,117567,116759,2737,119496,1358
2021-10-11,Alpine,003,1148,102,102,0,102,0
2021-10-11,Amador,005,37829,5342,5286,57,5343,62
2021-10-11,Butte,007,227075,19890,19452,3583,23035,253
2021-10-11,Calaveras,009,45235,3772,3750,44,3794,75
2021-10-11,Colusa,011,21464,2460,2427,589,3016,18
2021-10-11,Contra Costa,013,1133247,97376,96832,2080,98912,960
2021-10-11,Del Norte,015,27424,3592,3510,48,3558,39
2021-10-11,El Dorado,017,186661,15476,15273,1610,16883,146
2021-10-11,Fresno,019,978130,133512,131703,11772,143475,2036
2021-10-11,Glenn,021,27897,3356,3308,943,4251,26
2021-10-11,Humboldt,023,135768,8679,8571,477,9048,101
2021-10-11,Imperial,025,180216,32498,32207,3228,35435,762
2021-10-11,Inyo,027,18085,1958,1862,39,1901,39
2021-10-11,Kern,029,883053,122434,120684,20151,140835,1575
2021-10-11,Kings,031,150075,30770,30180,1797,31977,309
2021-10-11,Lake,033,64148,6460,6361,128,6489,97
2021-10-11,Lassen,035,31185,6622,6499,320,6819,25
2021-10-11,Los Angeles,037,10098052,1415711,1406826,53257,1460083,26346
2021-10-11,Madera,039,155013,21926,21555,1874,23429,272
2021-10-11,Marin,041,260295,17221,17121,431,17552,242
2021-10-11,Mariposa,043,17540,1119,1083,37,1120,5
2021-10-11,Mendocino,045,87422,7178,7064,416,7480,82
2021-10-11,Merced,047,269075,40375,40064,1590,41654,566
2021-10-11,Modoc,049,8938,502,482,177,659,5
2021-10-11,Mono,051,14174,1633,1604,18,1622,3
2021-10-11,Monterey,053,433212,48155,47241,2747,49988,580
2021-10-11,Napa,055,140530,12745,12654,101,12755,96
2021-10-11,Nevada,057,99092,8796,8716,306,9022,90
2021-10-11,Orange,059,3164182,302253,299941,14530,314471,5499
2021-10-11,Placer,061,380077,35597,35173,3462,38635,404
2021-10-11,Plumas,063,18699,1566,1469,28,1497,6
2021-10-11,Riverside,065,2383286,355672,351444,16231,367675,4973
2021-10-11,Sacramento,067,1510023,153697,152681,4247,156928,2169
2021-10-11,San Benito,069,59416,7206,7184,159,7343,71
2021-10-11,San Bernardino,071,2135413,346724,344594,10866,355460,5549
2021-10-11,San Diego,073,3302833,364466,361712,21123,382835,4124
2021-10-11,San Francisco,075,870044,51840,51275,2254,53529,643
2021-10-11,San Joaquin,077,732212,97095,96152,5282,101434,1681
2021-10-11,San Luis Obispo,079,281455,28705,28355,1166,29521,327
2021-10-11,San Mateo,081,765935,53188,52298,820,53118,569
2021-10-11,Santa Barbara,083,443738,43563,43018,1589,44607,515
2021-10-11,Santa Clara,085,1922200,144046,142836,1216,144052,1882
2021-10-11,Santa Cruz,087,273765,19940,19745,993,20738,217
2021-10-11,Shasta,089,179085,20165,19662,3378,23040,295
2021-10-11,Sierra,091,2930,166,147,17,164,0
2021-10-11,Siskiyou,093,43540,3253,3159,1211,4370,42
2021-10-11,Solano,095,438530,45130,44474,1202,45676,329
2021-10-11,Sonoma,097,501317,40324,40067,501,40568,390
2021-10-11,Stanislaus,099,539301,76350,75478,8534,84012,1118
2021-10-11,Sutter,101,95872,13524,13427,300,13727,165
2021-10-11,Tehama,103,63373,7941,7795,1346,9141,102
2021-10-11,Trinity,105,12862,809,675,207,882,11
2021-10-11,Tulare,107,460477,65413,64094,13926,78020,942
2021-10-11,Tuolumne,109,53932,6677,6602,79,6681,89
2021-10-11,Ventura,111,848112,96544,95876,4236,100112,1160
2021-10-11,Yolo,113,214977,19161,18977,1045,20022,247
2021-10-11,Yuba,115,75493,9758,9657,249,9906,69
2021-10-10,Alameda,001,1643700,117447,116679,2733,119412,1358
2021-10-10,Alpine,003,1148,102,102,0,102,0
2021-10-10,Amador,005,37829,5328,5278,57,5335,62
2021-10-10,Butte,007,227075,19826,19430,3569,22999,253
2021-10-10,Calaveras,009,45235,3760,3747,44,3791,75
2021-10-10,Colusa,011,21464,2459,2425,588,3013,18
2021-10-10,Contra Costa,013,1133247,97277,96760,2074,98834,960
2021-10-10,Del Norte,015,27424,3588,3507,48,3555,39
2021-10-10,El Dorado,017,186661,15445,15250,1604,16854,146
2021-10-10,Fresno,019,978130,133184,131434,11744,143178,2035
2021-10-10,Glenn,021,27897,3354,3297,941,4238,26
2021-10-10,Humboldt,023,135768,8657,8554,473,9027,101
2021-10-10,Imperial,025,180216,32424,32167,3226,35393,762
2021-10-10,Inyo,027,18085,1937,1857,39,1896,39
2021-10-10,Kern,029,883053,122108,120552,20047,140599,1573
2021-10-10,Kings,031,150075,30681,30122,1787,31909,308
2021-10-10,Lake,033,64148,6444,6349,127,6476,97
2021-10-10,Lassen,035,31185,6602,6495,319,6814,26
2021-10-10,Los Angeles,037,10098052,1414533,1406034,53182,1459216,26338
2021-10-10,Madera,039,155013,21880,21486,1865,23351,272
2021-10-10,Marin,041,260295,17204,17112,431,17543,242
2021-10-10,Mariposa,043,17540,1116,1074,37,1111,5
2021-10-10,Mendocino,045,87422,7163,7060,408,7468,81
2021-10-10,Merced,047,269075,40291,40036,1573,41609,566
2021-10-10,Modoc,049,8938,502,482,177,659,5
2021-10-10,Mono,051,14174,1632,1596,18,1614,3
2021-10-10,Monterey,053,433212,48125,47228,2746,49974,580
2021-10-10,Napa,055,140530,12722,12641,101,12742,96
2021-10-10,Nevada,057,99092,8784,8689,306,8995,90
2021-10-10,Orange,059,3164182,301990,299787,14502,314289,5499
2021-10-10,Placer,061,380077,35504,35128,3450,38578,404
2021-10-10,Plumas,063,18699,1550,1468,26,1494,6
2021-10-10,Riverside,065,2383286,355300,351248,16212,367460,4973
2021-10-10,Sacramento,067,1510023,153433,152405,4230,156635,2178
2021-10-10,San Benito,069,59416,7201,7180,158,7338,71
2021-10-10,San Bernardino,071,2135413,346419,344423,10858,355281,5551
2021-10-10,San Diego,073,3302833,363940,361038,21076,382114,4113
2021-10-10,San Francisco,075,870044,51792,51216,2251,53467,643
2021-10-10,San Joaquin,077,732212,96924,96084,5265,101349,1681
2021-10-10,San Luis Obispo,079,281455,28664,28343,1166,29509,326
2021-10-10,San Mateo,081,765935,53146,52273,819,53092,569
2021-10-10,Santa Barbara,083,443738,43517,42987,1588,44575,515
2021-10-10,Santa Clara,085,1922200,143881,142768,1209,143977,1881
2021-10-10,Santa Cruz,087,273765,19920,19727,993,20720,217
2021-10-10,Shasta,089,179085,20075,19635,3369,23004,296
2021-10-10,Sierra,091,2930,164,147,17,164,0
2021-10-10,Siskiyou,093,43540,3239,3155,1204,4359,42
2021-10-10,Solano,095,438530,45074,44431,1202,45633,329
2021-10-10,Sonoma,097,501317,40272,40027,501,40528,390
2021-10-10,Stanislaus,099,539301,76171,75403,8519,83922,1118
2021-10-10,Sutter,101,95872,13499,13412,295,13707,165
2021-10-10,Tehama,103,63373,7903,7764,1337,9101,102
2021-10-10,Trinity,105,12862,808,669,206,875,11
2021-10-10,Tulare,107,460477,65243,63930,13878,77808,940
2021-10-10,Tuolumne,109,53932,6654,6580,78,6658,89
2021-10-10,Ventura,111,848112,96455,95829,4234,100063,1160
2021-10-10,Yolo,113,214977,19129,18952,1040,19992,247
2021-10-10,Yuba,115,75493,9742,9641,244,9885,69
2021-10-09,Alameda,001,1643700,117348,116253,2731,118984,1356
2021-10-09,Alpine,003,1148,101,102,0,102,0
2021-10-09,Amador,005,37829,5326,5237,56,5293,62
2021-10-09,Butte,007,227075,19796,19277,3566,22843,250
2021-10-09,Calaveras,009,45235,3756,3716,44,3760,75
2021-10-09,Colusa,011,21464,2455,2419,587,3006,18
2021-10-09,Contra Costa,013,1133247,97205,96378,2068,98446,958
2021-10-09,Del Norte,015,27424,3587,3495,48,3543,39
2021-10-09,El Dorado,017,186661,15427,15153,1601,16754,144
2021-10-09,Fresno,019,978130,133051,130508,11728,142236,2018
2021-10-09,Glenn,021,27897,3350,3277,940,4217,26
2021-10-09,Humboldt,023,135768,8643,8448,471,8919,97
2021-10-09,Imperial,025,180216,32390,31989,3224,35213,760
2021-10-09,Inyo,027,18085,1928,1808,39,1847,39
2021-10-09,Kern,029,883053,121969,119795,20020,139815,1559
2021-10-09,Kings,031,150075,30632,29894,1785,31679,308
2021-10-09,Lake,033,64148,6425,6283,126,6409,97
2021-10-09,Lassen,035,31185,6597,6442,318,6760,25
2021-10-09,Los Angeles,037,10098052,1413946,1402810,53143,1455953,26280
2021-10-09,Madera,039,155013,21847,21313,1852,23165,271
2021-10-09,Marin,041,260295,17199,17049,429,17478,242
2021-10-09,Mariposa,043,17540,1109,1042,36,1078,5
2021-10-09,Mendocino,045,87422,7156,7011,408,7419,82
2021-10-09,Merced,047,269075,40250,39784,1573,41357,565
2021-10-09,Modoc,049,8938,500,477,176,653,5
2021-10-09,Mono,051,14174,1629,1577,18,1595,3
2021-10-09,Monterey,053,433212,48113,47168,2743,49911,577
2021-10-09,Napa,055,140530,12718,12586,101,12687,96
2021-10-09,Nevada,057,99092,8773,8613,305,8918,90
2021-10-09,Orange,059,3164182,301810,299089,14483,313572,5457
2021-10-09,Placer,061,380077,35466,34877,3443,38320,393
2021-10-09,Plumas,063,18699,1539,1418,26,1444,6
2021-10-09,Riverside,065,2383286,355049,350082,16195,366277,4965
2021-10-09,Sacramento,067,1510023,153224,151566,4217,155783,2160
2021-10-09,San Benito,069,59416,7193,7123,158,7281,71
2021-10-09,San Bernardino,071,2135413,346235,343452,10854,354306,5556
2021-10-09,San Diego,073,3302833,363625,359909,21071,380980,4111
2021-10-09,San Francisco,075,870044,51745,50960,2244,53204,643
2021-10-09,San Joaquin,077,732212,96857,95606,5260,100866,1669
2021-10-09,San Luis Obispo,079,281455,28647,28197,1164,29361,324
2021-10-09,San Mateo,081,765935,53113,52121,818,52939,569
2021-10-09,Santa Barbara,083,443738,43490,42735,1588,44323,514
2021-10-09,Santa Clara,085,1922200,143758,142298,1203,143501,1873
2021-10-09,Santa Cruz,087,273765,19911,19635,992,20627,217
2021-10-09,Shasta,089,179085,20025,19437,3364,22801,290
2021-10-09,Sierra,091,2930,161,141,17,158,0
2021-10-09,Siskiyou,093,43540,3238,3124,1203,4327,42
2021-10-09,Solano,095,438530,45057,44265,1201,45466,329
2021-10-09,Sonoma,097,501317,40228,39848,501,40349,387
2021-10-09,Stanislaus,099,539301,76081,74899,8509,83408,1114
2021-10-09,Sutter,101,95872,13490,13314,293,13607,165
2021-10-09,Tehama,103,63373,7892,7670,1332,9002,99
2021-10-09,Trinity,105,12862,807,660,206,866,11
2021-10-09,Tulare,107,460477,65135,63398,13857,77255,932
2021-10-09,Tuolumne,109,53932,6635,6521,78,6599,89
2021-10-09,Ventura,111,848112,96401,95542,4231,99773,1158
2021-10-09,Yolo,113,214977,19108,18850,1037,19887,247
2021-10-09,Yuba,115,75493,9730,9551,242,9793,69
2021-10-08,Alameda,001,1643700,117266,116253,2728,118981,1356
2021-10-08,Alpine,003,1148,101,102,0,102,0
2021-10-08,Amador,005,37829,5313,5237,56,5293,62
2021-10-08,Butte,007,227075,19767,19277,3562,22839,250
2021-10-08,Calaveras,009,45235,3751,3716,44,3760,75
2021-10-08,Colusa,011,21464,2453,2419,587,3006,18
2021-10-08,Contra Costa,013,1133247,97161,96378,2063,98441,958
2021-10-08,Del Norte,015,27424,3586,3495,48,3543,39
2021-10-08,El Dorado,017,186661,15408,15153,1597,16750,144
2021-10-08,Fresno,019,978130,132855,130508,11707,142215,2018
2021-10-08,Glenn,021,27897,3340,3277,939,4216,26
2021-10-08,Humboldt,023,135768,8632,8448,468,8916,97
2021-10-08,Imperial,025,180216,32360,31989,3220,35209,760
2021-10-08,Inyo,027,18085,1910,1808,39,1847,39
2021-10-08,Kern,029,883053,121832,119795,19978,139773,1559
2021-10-08,Kings,031,150075,30538,29894,1784,31678,308
2021-10-08,Lake,033,64148,6417,6283,126,6409,97
2021-10-08,Lassen,035,31185,6583,6442,315,6757,25
2021-10-08,Los Angeles,037,10098052,1413283,1402810,53107,1455917,26280
2021-10-08,Madera,039,155013,21789,21313,1845,23158,271
2021-10-08,Marin,041,260295,17188,17049,428,17477,242
2021-10-08,Mariposa,043,17540,1102,1042,34,1076,5
2021-10-08,Mendocino,045,87422,7143,7011,408,7419,82
2021-10-08,Merced,047,269075,40218,39784,1570,41354,565
2021-10-08,Modoc,049,8938,498,477,176,653,5
2021-10-08,Mono,051,14174,1626,1577,18,1595,3
2021-10-08,Monterey,053,433212,48086,47168,2741,49909,577
2021-10-08,Napa,055,140530,12702,12586,101,12687,96
2021-10-08,Nevada,057,99092,8760,8613,305,8918,90
2021-10-08,Orange,059,3164182,301662,299089,14463,313552,5457
2021-10-08,Placer,061,380077,35428,34877,3435,38312,393
2021-10-08,Plumas,063,18699,1527,1418,26,1444,6
2021-10-08,Riverside,065,2383286,354780,350082,16184,366266,4965
2021-10-08,Sacramento,067,1510023,153059,151566,4203,155769,2160
2021-10-08,San Benito,069,59416,7189,7123,156,7279,71
2021-10-08,San Bernardino,071,2135413,346031,343452,10846,354298,5556
2021-10-08,San Diego,073,3302833,363289,359909,21053,380962,4111
2021-10-08,San Francisco,075,870044,51697,50960,2235,53195,643
2021-10-08,San Joaquin,077,732212,96788,95606,5254,100860,1669
2021-10-08,San Luis Obispo,079,281455,28620,28197,1163,29360,324
2021-10-08,San Mateo,081,765935,53085,52121,818,52939,569
2021-10-08,Santa Barbara,083,443738,43455,42735,1587,44322,514
2021-10-08,Santa Clara,085,1922200,143645,142298,1198,143496,1873
2021-10-08,Santa Cruz,087,273765,19896,19635,992,20627,217
2021-10-08,Shasta,089,179085,19983,19437,3358,22795,290
2021-10-08,Sierra,091,2930,159,141,15,156,0
2021-10-08,Siskiyou,093,43540,3230,3124,1202,4326,42
2021-10-08,Solano,095,438530,45018,44265,1200,45465,329
2021-10-08,Sonoma,097,501317,40193,39848,501,40349,387
2021-10-08,Stanislaus,099,539301,76012,74899,8501,83400,1114
2021-10-08,Sutter,101,95872,13476,13314,291,13605,165
2021-10-08,Tehama,103,63373,7875,7670,1330,9000,99
2021-10-08,Trinity,105,12862,806,660,206,866,11
2021-10-08,Tulare,107,460477,65017,63398,13825,77223,932
2021-10-08,Tuolumne,109,53932,6612,6521,78,6599,89
2021-10-08,Ventura,111,848112,96350,95542,4226,99768,1158
2021-10-08,Yolo,113,214977,19095,18850,1033,19883,247
2021-10-08,Yuba,115,75493,9710,9551,241,9792,69
2021-10-07,Alameda,001,1643700,117148,116253,2727,118980,1356
2021-10-07,Alpine,003,1148,101,102,0,102,0
2021-10-07,Amador,005,37829,5306,5237,56,5293,62
2021-10-07,Butte,007,227075,19718,19277,3551,22828,250
2021-10-07,Calaveras,009,45235,3739,3716,44,3760,75
2021-10-07,Colusa,011,21464,2450,2419,581,3000,18
2021-10-07,Contra Costa,013,1133247,97038,96378,2059,98437,958
2021-10-07,Del Norte,015,27424,3583,3495,48,3543,39
2021-10-07,El Dorado,017,186661,15372,15153,1593,16746,144
2021-10-07,Fresno,019,978130,132581,130508,11685,142193,2018
2021-10-07,Glenn,021,27897,3333,3277,936,4213,26
2021-10-07,Humboldt,023,135768,8606,8448,465,8913,97
2021-10-07,Imperial,025,180216,32289,31989,3206,35195,760
2021-10-07,Inyo,027,18085,1891,1808,39,1847,39
2021-10-07,Kern,029,883053,121601,119795,19912,139707,1559
2021-10-07,Kings,031,150075,30473,29894,1778,31672,308
2021-10-07,Lake,033,64148,6406,6283,126,6409,97
2021-10-07,Lassen,035,31185,6565,6442,313,6755,25
2021-10-07,Los Angeles,037,10098052,1412322,1402810,53062,1455872,26280
2021-10-07,Madera,039,155013,21716,21313,1830,23143,271
2021-10-07,Marin,041,260295,17170,17049,428,17477,242
2021-10-07,Mariposa,043,17540,1094,1042,34,1076,5
2021-10-07,Mendocino,045,87422,7133,7011,404,7415,82
2021-10-07,Merced,047,269075,40151,39784,1554,41338,565
2021-10-07,Modoc,049,8938,495,477,175,652,5
2021-10-07,Mono,051,14174,1617,1577,18,1595,3
2021-10-07,Monterey,053,433212,48061,47168,2732,49900,577
2021-10-07,Napa,055,140530,12687,12586,101,12687,96
2021-10-07,Nevada,057,99092,8732,8613,305,8918,90
2021-10-07,Orange,059,3164182,301436,299089,14449,313538,5457
2021-10-07,Placer,061,380077,35366,34877,3428,38305,393
2021-10-07,Plumas,063,18699,1510,1418,26,1444,6
2021-10-07,Riverside,065,2383286,354447,350082,16172,366254,4965
2021-10-07,Sacramento,067,1510023,152778,151566,4176,155742,2160
2021-10-07,San Benito,069,59416,7173,7123,154,7277,71
2021-10-07,San Bernardino,071,2135413,345760,343452,10839,354291,5556
2021-10-07,San Diego,073,3302833,362877,359909,21032,380941,4111
2021-10-07,San Francisco,075,870044,51627,50960,2232,53192,643
2021-10-07,San Joaquin,077,732212,96635,95606,5246,100852,1669
2021-10-07,San Luis Obispo,079,281455,28569,28197,1161,29358,324
2021-10-07,San Mateo,081,765935,53045,52121,816,52937,569
2021-10-07,Santa Barbara,083,443738,43386,42735,1581,44316,514
2021-10-07,Santa Clara,085,1922200,143494,142298,1192,143490,1873
2021-10-07,Santa Cruz,087,273765,19876,19635,991,20626,217
2021-10-07,Shasta,089,179085,19894,19437,3342,22779,290
2021-10-07,Sierra,091,2930,159,141,15,156,0
2021-10-07,Siskiyou,093,43540,3226,3124,1197,4321,42
2021-10-07,Solano,095,438530,44973,44265,1196,45461,329
2021-10-07,Sonoma,097,501317,40156,39848,499,40347,387
2021-10-07,Stanislaus,099,539301,75851,74899,8476,83375,1114
2021-10-07,Sutter,101,95872,13454,13314,288,13602,165
2021-10-07,Tehama,103,63373,7843,7670,1324,8994,99
2021-10-07,Trinity,105,12862,804,660,206,866,11
2021-10-07,Tulare,107,460477,64854,63398,13787,77185,932
2021-10-07,Tuolumne,109,53932,6590,6521,78,6599,89
2021-10-07,Ventura,111,848112,96277,95542,4223,99765,1158
2021-10-07,Yolo,113,214977,19062,18850,1028,19878,247
2021-10-07,Yuba,115,75493,9684,9551,234,9785,69
2021-10-06,Alameda,001,1643700,117011,116058,2721,118779,1353
2021-10-06,Alpine,003,1148,101,102,0,102,0
2021-10-06,Amador,005,37829,5303,5205,56,5261,62
2021-10-06,Butte,007,227075,19655,19208,3544,22752,247
2021-10-06,Calaveras,009,45235,3730,3669,44,3713,75
2021-10-06,Colusa,011,21464,2448,2414,574,2988,18
2021-10-06,Contra Costa,013,1133247,96911,96184,2055,98239,953
2021-10-06,Del Norte,015,27424,3580,3490,45,3535,39
2021-10-06,El Dorado,017,186661,15347,15078,1591,16669,140
2021-10-06,Fresno,019,978130,132293,130074,11659,141733,2008
2021-10-06,Glenn,021,27897,3323,3270,933,4203,26
2021-10-06,Humboldt,023,135768,8591,8416,458,8874,94
2021-10-06,Imperial,025,180216,32236,31930,3195,35125,760
2021-10-06,Inyo,027,18085,1876,1806,39,1845,39
2021-10-06,Kern,029,883053,121344,119491,19819,139310,1552
2021-10-06,Kings,031,150075,30407,29785,1770,31555,308
2021-10-06,Lake,033,64148,6392,6271,126,6397,97
2021-10-06,Lassen,035,31185,6549,6429,312,6741,25
2021-10-06,Los Angeles,037,10098052,1411364,1401675,53015,1454690,26252
2021-10-06,Madera,039,155013,21661,21230,1820,23050,269
2021-10-06,Marin,041,260295,17161,17042,425,17467,242
2021-10-06,Mariposa,043,17540,1087,1036,34,1070,5
2021-10-06,Mendocino,045,87422,7124,6986,403,7389,81
2021-10-06,Merced,047,269075,40073,39666,1545,41211,563
2021-10-06,Modoc,049,8938,495,477,173,650,5
2021-10-06,Mono,051,14174,1604,1568,18,1586,3
2021-10-06,Monterey,053,433212,48029,47136,2727,49863,577
2021-10-06,Napa,055,140530,12663,12552,100,12652,96
2021-10-06,Nevada,057,99092,8716,8582,304,8886,90
2021-10-06,Orange,059,3164182,301199,298785,14436,313221,5448
2021-10-06,Placer,061,380077,35315,34764,3421,38185,390
2021-10-06,Plumas,063,18699,1487,1383,26,1409,6
2021-10-06,Riverside,065,2383286,354091,349645,16151,365796,4953
2021-10-06,Sacramento,067,1510023,152525,151164,4145,155309,2141
2021-10-06,San Benito,069,59416,7158,7108,154,7262,69
2021-10-06,San Bernardino,071,2135413,345465,343022,10832,353854,5551
2021-10-06,San Diego,073,3302833,362378,359564,21004,380568,4104
2021-10-06,San Francisco,075,870044,51563,50894,2229,53123,641
2021-10-06,San Joaquin,077,732212,96500,95418,5234,100652,1658
2021-10-06,San Luis Obispo,079,281455,28519,28170,1155,29325,323
2021-10-06,San Mateo,081,765935,52995,52056,811,52867,569
2021-10-06,Santa Barbara,083,443738,43303,42687,1579,44266,513
2021-10-06,Santa Clara,085,1922200,143343,142124,1187,143311,1872
2021-10-06,Santa Cruz,087,273765,19847,19604,989,20593,217
2021-10-06,Shasta,089,179085,19819,19325,3328,22653,287
2021-10-06,Sierra,091,2930,157,138,15,153,0
2021-10-06,Siskiyou,093,43540,3216,3116,1190,4306,42
2021-10-06,Solano,095,438530,44939,44185,1195,45380,328
2021-10-06,Sonoma,097,501317,40106,39787,499,40286,383
2021-10-06,Stanislaus,099,539301,75709,74699,8463,83162,1114
2021-10-06,Sutter,101,95872,13433,13284,286,13570,164
2021-10-06,Tehama,103,63373,7807,7629,1317,8946,99
2021-10-06,Trinity,105,12862,801,656,206,862,11
2021-10-06,Tulare,107,460477,64678,63198,13729,76927,926
2021-10-06,Tuolumne,109,53932,6565,6486,78,6564,89
2021-10-06,Ventura,111,848112,96186,95449,4216,99665,1158
2021-10-06,Yolo,113,214977,19030,18815,1023,19838,247
2021-10-06,Yuba,115,75493,9660,9520,233,9753,69
2021-10-05,Alameda,001,1643700,116867,115968,2715,118683,1350
2021-10-05,Alpine,003,1148,101,102,0,102,0
2021-10-05,Amador,005,37829,5282,5194,55,5249,61
2021-10-05,Butte,007,227075,19607,19137,3534,22671,246
2021-10-05,Calaveras,009,45235,3714,3657,44,3701,73
2021-10-05,Colusa,011,21464,2441,2414,573,2987,18
2021-10-05,Contra Costa,013,1133247,96795,96108,2048,98156,941
2021-10-05,Del Norte,015,27424,3578,3485,44,3529,39
2021-10-05,El Dorado,017,186661,15308,15052,1588,16640,140
2021-10-05,Fresno,019,978130,131954,129957,11629,141586,1987
2021-10-05,Glenn,021,27897,3314,3270,929,4199,26
2021-10-05,Humboldt,023,135768,8559,8398,454,8852,94
2021-10-05,Imperial,025,180216,32188,31909,3190,35099,759
2021-10-05,Inyo,027,18085,1859,1800,39,1839,39
2021-10-05,Kern,029,883053,121077,119260,19718,138978,1540
2021-10-05,Kings,031,150075,30332,29749,1764,31513,301
2021-10-05,Lake,033,64148,6371,6264,125,6389,97
2021-10-05,Lassen,035,31185,6530,6417,310,6727,25
2021-10-05,Los Angeles,037,10098052,1410220,1400300,52963,1453263,26223
2021-10-05,Madera,039,155013,21603,21183,1807,22990,269
2021-10-05,Marin,041,260295,17149,17024,425,17449,242
2021-10-05,Mariposa,043,17540,1068,1033,31,1064,5
2021-10-05,Mendocino,045,87422,7108,6972,396,7368,79
2021-10-05,Merced,047,269075,40007,39608,1536,41144,562
2021-10-05,Modoc,049,8938,491,475,172,647,5
2021-10-05,Mono,051,14174,1597,1565,18,1583,3
2021-10-05,Monterey,053,433212,48012,47087,2717,49804,573
2021-10-05,Napa,055,140530,12639,12533,100,12633,96
2021-10-05,Nevada,057,99092,8686,8576,304,8880,90
2021-10-05,Orange,059,3164182,300923,298589,14404,312993,5441
2021-10-05,Placer,061,380077,35235,34728,3414,38142,382
2021-10-05,Plumas,063,18699,1462,1357,26,1383,6
2021-10-05,Riverside,065,2383286,353732,349365,16136,365501,4942
2021-10-05,Sacramento,067,1510023,152252,151111,4116,155227,2126
2021-10-05,San Benito,069,59416,7140,7103,152,7255,69
2021-10-05,San Bernardino,071,2135413,345137,342711,10825,353536,5557
2021-10-05,San Diego,073,3302833,361794,359194,20977,380171,4092
2021-10-05,San Francisco,075,870044,51466,50826,2226,53052,641
2021-10-05,San Joaquin,077,732212,96347,95276,5207,100483,1651
2021-10-05,San Luis Obispo,079,281455,28475,28113,1153,29266,324
2021-10-05,San Mateo,081,765935,52950,52008,811,52819,569
2021-10-05,Santa Barbara,083,443738,43225,42595,1575,44170,511
2021-10-05,Santa Clara,085,1922200,143185,141971,1180,143151,1873
2021-10-05,Santa Cruz,087,273765,19805,19582,989,20571,216
2021-10-05,Shasta,089,179085,19746,19285,3315,22600,286
2021-10-05,Sierra,091,2930,153,136,15,151,0
2021-10-05,Siskiyou,093,43540,3202,3107,1190,4297,42
2021-10-05,Solano,095,438530,44868,44149,1193,45342,325
2021-10-05,Sonoma,097,501317,40051,39756,494,40250,383
2021-10-05,Stanislaus,099,539301,75547,74599,8446,83045,1114
2021-10-05,Sutter,101,95872,13405,13270,285,13555,164
2021-10-05,Tehama,103,63373,7779,7607,1308,8915,98
2021-10-05,Trinity,105,12862,798,655,206,861,11
2021-10-05,Tulare,107,460477,64475,63093,13675,76768,920
2021-10-05,Tuolumne,109,53932,6550,6473,77,6550,89
2021-10-05,Ventura,111,848112,96079,95351,4215,99566,1155
2021-10-05,Yolo,113,214977,18994,18782,1017,19799,245
2021-10-05,Yuba,115,75493,9628,9504,230,9734,69
2021-10-04,Alameda,001,1643700,116704,115845,2712,118557,1347
2021-10-04,Alpine,003,1148,101,102,0,102,0
2021-10-04,Amador,005,37829,5272,5163,54,5217,61
2021-10-04,Butte,007,227075,19530,19081,3522,22603,245
2021-10-04,Calaveras,009,45235,3705,3641,44,3685,73
2021-10-04,Colusa,011,21464,2440,2414,572,2986,18
2021-10-04,Contra Costa,013,1133247,96653,95958,2043,98001,937
2021-10-04,Del Norte,015,27424,3576,3485,40,3525,39
2021-10-04,El Dorado,017,186661,15260,15031,1581,16612,138
2021-10-04,Fresno,019,978130,131646,129665,11608,141273,1978
2021-10-04,Glenn,021,27897,3308,3270,923,4193,26
2021-10-04,Humboldt,023,135768,8525,8355,446,8801,94
2021-10-04,Imperial,025,180216,32139,31866,3183,35049,757
2021-10-04,Inyo,027,18085,1847,1792,36,1828,39
2021-10-04,Kern,029,883053,120789,118984,19596,138580,1531
2021-10-04,Kings,031,150075,30239,29702,1761,31463,303
2021-10-04,Lake,033,64148,6358,6248,125,6373,97
2021-10-04,Lassen,035,31185,6514,6405,310,6715,25
2021-10-04,Los Angeles,037,10098052,1409107,1399604,52904,1452508,26186
2021-10-04,Madera,039,155013,21539,21126,1796,22922,266
2021-10-04,Marin,041,260295,17133,17008,424,17432,242
2021-10-04,Mariposa,043,17540,1056,1024,31,1055,5
2021-10-04,Mendocino,045,87422,7090,6947,393,7340,79
2021-10-04,Merced,047,269075,39892,39565,1519,41084,558
2021-10-04,Modoc,049,8938,488,473,172,645,5
2021-10-04,Mono,051,14174,1590,1561,18,1579,3
2021-10-04,Monterey,053,433212,47991,47058,2710,49768,571
2021-10-04,Napa,055,140530,12615,12506,100,12606,96
2021-10-04,Nevada,057,99092,8666,8563,304,8867,90
2021-10-04,Orange,059,3164182,300628,298165,14372,312537,5438
2021-10-04,Placer,061,380077,35151,34630,3386,38016,379
2021-10-04,Plumas,063,18699,1440,1329,26,1355,6
2021-10-04,Riverside,065,2383286,353352,348828,16126,364954,4923
2021-10-04,Sacramento,067,1510023,151929,150887,4089,154976,2115
2021-10-04,San Benito,069,59416,7127,7099,152,7251,69
2021-10-04,San Bernardino,071,2135413,344780,342418,10813,353231,5551
2021-10-04,San Diego,073,3302833,361216,358525,20946,379471,4090
2021-10-04,San Francisco,075,870044,51371,50798,2222,53020,638
2021-10-04,San Joaquin,077,732212,96149,95198,5187,100385,1649
2021-10-04,San Luis Obispo,079,281455,28430,28090,1147,29237,323
2021-10-04,San Mateo,081,765935,52890,51958,810,52768,569
2021-10-04,Santa Barbara,083,443738,43142,42585,1574,44159,511
2021-10-04,Santa Clara,085,1922200,143041,141840,1174,143014,1869
2021-10-04,Santa Cruz,087,273765,19776,19559,988,20547,216
2021-10-04,Shasta,089,179085,19639,19170,3301,22471,279
2021-10-04,Sierra,091,2930,146,136,14,150,0
2021-10-04,Siskiyou,093,43540,3193,3103,1175,4278,42
2021-10-04,Solano,095,438530,44809,44092,1189,45281,322
2021-10-04,Sonoma,097,501317,39986,39720,494,40214,381
2021-10-04,Stanislaus,099,539301,75394,74444,8427,82871,1106
2021-10-04,Sutter,101,95872,13376,13261,284,13545,164
2021-10-04,Tehama,103,63373,7738,7585,1302,8887,95
2021-10-04,Trinity,105,12862,797,649,205,854,11
2021-10-04,Tulare,107,460477,64288,62957,13607,76564,920
2021-10-04,Tuolumne,109,53932,6524,6442,77,6519,89
2021-10-04,Ventura,111,848112,95987,95170,4208,99378,1153
2021-10-04,Yolo,113,214977,18950,18761,1012,19773,242
2021-10-04,Yuba,115,75493,9589,9481,228,9709,68
2021-10-03,Alameda,001,1643700,116564,115751,2702,118453,1349
2021-10-03,Alpine,003,1148,101,102,0,102,0
2021-10-03,Amador,005,37829,5254,5160,52,5212,61
2021-10-03,Butte,007,227075,19457,19066,3506,22572,245
2021-10-03,Calaveras,009,45235,3688,3632,44,3676,73
2021-10-03,Colusa,011,21464,2439,2413,569,2982,18
2021-10-03,Contra Costa,013,1133247,96520,95890,2036,97926,937
2021-10-03,Del Norte,015,27424,3570,3483,39,3522,39
2021-10-03,El Dorado,017,186661,15202,15014,1574,16588,139
2021-10-03,Fresno,019,978130,131266,129365,11573,140938,1978
2021-10-03,Glenn,021,27897,3296,3266,915,4181,26
2021-10-03,Humboldt,023,135768,8480,8352,442,8794,94
2021-10-03,Imperial,025,180216,32072,31844,3174,35018,757
2021-10-03,Inyo,027,18085,1826,1788,36,1824,39
2021-10-03,Kern,029,883053,120485,118851,19474,138325,1535
2021-10-03,Kings,031,150075,30138,29623,1754,31377,300
2021-10-03,Lake,033,64148,6332,6239,125,6364,97
2021-10-03,Lassen,035,31185,6492,6400,308,6708,25
2021-10-03,Los Angeles,037,10098052,1407836,1398790,52849,1451639,26179
2021-10-03,Madera,039,155013,21467,21066,1786,22852,266
2021-10-03,Marin,041,260295,17110,16995,419,17414,242
2021-10-03,Mariposa,043,17540,1049,1011,31,1042,5
2021-10-03,Mendocino,045,87422,7070,6939,384,7323,79
2021-10-03,Merced,047,269075,39784,39516,1502,41018,558
2021-10-03,Modoc,049,8938,487,472,171,643,5
2021-10-03,Mono,051,14174,1586,1554,18,1572,3
2021-10-03,Monterey,053,433212,47966,47049,2699,49748,571
2021-10-03,Napa,055,140530,12587,12489,98,12587,96
2021-10-03,Nevada,057,99092,8631,8545,304,8849,90
2021-10-03,Orange,059,3164182,300347,298027,14352,312379,5447
2021-10-03,Placer,061,380077,35013,34596,3369,37965,379
2021-10-03,Plumas,063,18699,1412,1328,26,1354,6
2021-10-03,Riverside,065,2383286,352921,348593,16106,364699,4924
2021-10-03,Sacramento,067,1510023,151639,150664,4061,154725,2120
2021-10-03,San Benito,069,59416,7118,7095,152,7247,69
2021-10-03,San Bernardino,071,2135413,344373,342302,10806,353108,5555
2021-10-03,San Diego,073,3302833,360620,358153,20914,379067,4081
2021-10-03,San Francisco,075,870044,51283,50733,2219,52952,638
2021-10-03,San Joaquin,077,732212,95959,95133,5179,100312,1649
2021-10-03,San Luis Obispo,079,281455,28363,28065,1142,29207,325
2021-10-03,San Mateo,081,765935,52823,51923,809,52732,569
2021-10-03,Santa Barbara,083,443738,43047,42550,1566,44116,511
2021-10-03,Santa Clara,085,1922200,142871,141737,1166,142903,1869
2021-10-03,Santa Cruz,087,273765,19736,19548,986,20534,216
2021-10-03,Shasta,089,179085,19534,19132,3271,22403,279
2021-10-03,Sierra,091,2930,143,136,14,150,0
2021-10-03,Siskiyou,093,43540,3180,3096,1164,4260,42
2021-10-03,Solano,095,438530,44745,44051,1186,45237,322
2021-10-03,Sonoma,097,501317,39920,39679,494,40173,381
2021-10-03,Stanislaus,099,539301,75206,74366,8409,82775,1106
2021-10-03,Sutter,101,95872,13361,13248,280,13528,164
2021-10-03,Tehama,103,63373,7695,7564,1297,8861,94
2021-10-03,Trinity,105,12862,793,647,203,850,11
2021-10-03,Tulare,107,460477,64092,62860,13535,76395,924
2021-10-03,Tuolumne,109,53932,6495,6430,75,6505,89
2021-10-03,Ventura,111,848112,95882,95108,4205,99313,1153
2021-10-03,Yolo,113,214977,18920,18720,1005,19725,242
2021-10-03,Yuba,115,75493,9571,9462,227,9689,68
2021-10-02,Alameda,001,1643700,116458,115185,2698,117883,1343
2021-10-02,Alpine,003,1148,101,102,0,102,0
2021-10-02,Amador,005,37829,5245,5105,52,5157,61
2021-10-02,Butte,007,227075,19426,18911,3499,22410,243
2021-10-02,Calaveras,009,45235,3681,3585,44,3629,72
2021-10-02,Colusa,011,21464,2438,2403,567,2970,18
2021-10-02,Contra Costa,013,1133247,96449,95369,2032,97401,933
2021-10-02,Del Norte,015,27424,3565,3468,39,3507,39
2021-10-02,El Dorado,017,186661,15176,14887,1573,16460,136
2021-10-02,Fresno,019,978130,131095,128450,11562,140012,1964
2021-10-02,Glenn,021,27897,3296,3234,915,4149,26
2021-10-02,Humboldt,023,135768,8461,8244,442,8686,94
2021-10-02,Imperial,025,180216,32038,31674,3170,34844,757
2021-10-02,Inyo,027,18085,1817,1746,36,1782,39
2021-10-02,Kern,029,883053,120352,117962,19391,137353,1524
2021-10-02,Kings,031,150075,30089,29339,1751,31090,301
2021-10-02,Lake,033,64148,6323,6191,125,6316,97
2021-10-02,Lassen,035,31185,6487,6360,308,6668,25
2021-10-02,Los Angeles,037,10098052,1407231,1395070,52812,1447882,26126
2021-10-02,Madera,039,155013,21442,20931,1777,22708,266
2021-10-02,Marin,041,260295,17105,16936,416,17352,242
2021-10-02,Mariposa,043,17540,1047,967,31,998,5
2021-10-02,Mendocino,045,87422,7060,6869,384,7253,78
2021-10-02,Merced,047,269075,39757,39196,1499,40695,552
2021-10-02,Modoc,049,8938,485,468,171,639,5
2021-10-02,Mono,051,14174,1584,1540,18,1558,3
2021-10-02,Monterey,053,433212,47913,46964,2698,49662,571
2021-10-02,Napa,055,140530,12577,12433,98,12531,96
2021-10-02,Nevada,057,99092,8620,8474,303,8777,87
2021-10-02,Orange,059,3164182,300181,297307,14332,311639,5435
2021-10-02,Placer,061,380077,34947,34377,3360,37737,381
2021-10-02,Plumas,063,18699,1401,1298,26,1324,6
2021-10-02,Riverside,065,2383286,352680,347227,16095,363322,4895
2021-10-02,Sacramento,067,1510023,151465,149897,4053,153950,2099
2021-10-02,San Benito,069,59416,7111,7055,152,7207,69
2021-10-02,San Bernardino,071,2135413,344190,341212,10756,351968,5540
2021-10-02,San Diego,073,3302833,360298,356454,20892,377346,4078
2021-10-02,San Francisco,075,870044,51234,50393,2214,52607,634
2021-10-02,San Joaquin,077,732212,95894,94599,5173,99772,1646
2021-10-02,San Luis Obispo,079,281455,28340,27915,1142,29057,323
2021-10-02,San Mateo,081,765935,52782,51767,805,52572,573
2021-10-02,Santa Barbara,083,443738,43007,42423,1566,43989,508
2021-10-02,Santa Clara,085,1922200,142757,141231,1162,142393,1862
2021-10-02,Santa Cruz,087,273765,19719,19461,985,20446,214
2021-10-02,Shasta,089,179085,19488,18912,3265,22177,270
2021-10-02,Sierra,091,2930,142,131,14,145,0
2021-10-02,Siskiyou,093,43540,3179,3053,1161,4214,42
2021-10-02,Solano,095,438530,44700,43800,1185,44985,321
2021-10-02,Sonoma,097,501317,39886,39497,493,39990,382
2021-10-02,Stanislaus,099,539301,75120,73859,8395,82254,1099
2021-10-02,Sutter,101,95872,13352,13160,279,13439,160
2021-10-02,Tehama,103,63373,7680,7453,1297,8750,93
2021-10-02,Trinity,105,12862,790,625,203,828,10
2021-10-02,Tulare,107,460477,64018,62247,13508,75755,908
2021-10-02,Tuolumne,109,53932,6481,6369,75,6444,89
2021-10-02,Ventura,111,848112,95810,94854,4200,99054,1148
2021-10-02,Yolo,113,214977,18895,18640,1001,19641,242
2021-10-02,Yuba,115,75493,9552,9370,226,9596,66
2021-10-01,Alameda,001,1643700,116382,115185,2692,117877,1343
2021-10-01,Alpine,003,1148,101,102,0,102,0
2021-10-01,Amador,005,37829,5225,5105,52,5157,61
2021-10-01,Butte,007,227075,19385,18911,3493,22404,243
2021-10-01,Calaveras,009,45235,3671,3585,44,3629,72
2021-10-01,Colusa,011,21464,2436,2403,567,2970,18
2021-10-01,Contra Costa,013,1133247,96350,95369,2028,97397,933
2021-10-01,Del Norte,015,27424,3562,3468,38,3506,39
2021-10-01,El Dorado,017,186661,15158,14887,1569,16456,136
2021-10-01,Fresno,019,978130,130907,128450,11553,140003,1964
2021-10-01,Glenn,021,27897,3296,3234,913,4147,26
2021-10-01,Humboldt,023,135768,8445,8244,442,8686,94
2021-10-01,Imperial,025,180216,32020,31674,3161,34835,757
2021-10-01,Inyo,027,18085,1808,1746,36,1782,39
2021-10-01,Kern,029,883053,120200,117962,19333,137295,1524
2021-10-01,Kings,031,150075,30055,29339,1745,31084,301
2021-10-01,Lake,033,64148,6313,6191,125,6316,97
2021-10-01,Lassen,035,31185,6476,6360,306,6666,25
2021-10-01,Los Angeles,037,10098052,1406471,1395070,52767,1447837,26126
2021-10-01,Madera,039,155013,21392,20931,1768,22699,266
2021-10-01,Marin,041,260295,17090,16936,415,17351,242
2021-10-01,Mariposa,043,17540,1040,967,31,998,5
2021-10-01,Mendocino,045,87422,7048,6869,384,7253,78
2021-10-01,Merced,047,269075,39712,39196,1490,40686,552
2021-10-01,Modoc,049,8938,484,468,171,639,5
2021-10-01,Mono,051,14174,1581,1540,18,1558,3
2021-10-01,Monterey,053,433212,47892,46964,2695,49659,571
2021-10-01,Napa,055,140530,12567,12433,97,12530,96
2021-10-01,Nevada,057,99092,8606,8474,302,8776,87
2021-10-01,Orange,059,3164182,299997,297307,14312,311619,5435
2021-10-01,Placer,061,380077,34913,34377,3356,37733,381
2021-10-01,Plumas,063,18699,1392,1298,26,1324,6
2021-10-01,Riverside,065,2383286,352388,347227,16087,363314,4895
2021-10-01,Sacramento,067,1510023,151314,149897,4042,153939,2099
2021-10-01,San Benito,069,59416,7109,7055,150,7205,69
2021-10-01,San Bernardino,071,2135413,343991,341212,10753,351965,5540
2021-10-01,San Diego,073,3302833,359931,356454,20871,377325,4078
2021-10-01,San Francisco,075,870044,51193,50393,2212,52605,634
2021-10-01,San Joaquin,077,732212,95824,94599,5169,99768,1646
2021-10-01,San Luis Obispo,079,281455,28317,27915,1139,29054,323
2021-10-01,San Mateo,081,765935,52742,51767,802,52569,573
2021-10-01,Santa Barbara,083,443738,42971,42423,1566,43989,508
2021-10-01,Santa Clara,085,1922200,142664,141231,1157,142388,1862
2021-10-01,Santa Cruz,087,273765,19699,19461,984,20445,214
2021-10-01,Shasta,089,179085,19434,18912,3257,22169,270
2021-10-01,Sierra,091,2930,142,131,14,145,0
2021-10-01,Siskiyou,093,43540,3178,3053,1158,4211,42
2021-10-01,Solano,095,438530,44648,43800,1179,44979,321
2021-10-01,Sonoma,097,501317,39854,39497,492,39989,382
2021-10-01,Stanislaus,099,539301,75036,73859,8384,82243,1099
2021-10-01,Sutter,101,95872,13336,13160,277,13437,160
2021-10-01,Tehama,103,63373,7668,7453,1295,8748,93
2021-10-01,Trinity,105,12862,788,625,203,828,10
2021-10-01,Tulare,107,460477,63915,62247,13473,75720,908
2021-10-01,Tuolumne,109,53932,6464,6369,75,6444,89
2021-10-01,Ventura,111,848112,95743,94854,4195,99049,1148
2021-10-01,Yolo,113,214977,18871,18640,998,19638,242
2021-10-01,Yuba,115,75493,9530,9370,226,9596,66
2021-09-30,Alameda,001,1643700,116236,115185,2689,117874,1343
2021-09-30,Alpine,003,1148,101,102,0,102,0
2021-09-30,Amador,005,37829,5213,5105,52,5157,61
2021-09-30,Butte,007,227075,19336,18911,3484,22395,243
2021-09-30,Calaveras,009,45235,3657,3585,44,3629,72
2021-09-30,Colusa,011,21464,2433,2403,566,2969,18
2021-09-30,Contra Costa,013,1133247,96246,95369,2022,97391,933
2021-09-30,Del Norte,015,27424,3558,3468,35,3503,39
2021-09-30,El Dorado,017,186661,15133,14887,1561,16448,136
2021-09-30,Fresno,019,978130,130630,128450,11524,139974,1964
2021-09-30,Glenn,021,27897,3285,3234,913,4147,26
2021-09-30,Humboldt,023,135768,8413,8244,436,8680,94
2021-09-30,Imperial,025,180216,31968,31674,3158,34832,757
2021-09-30,Inyo,027,18085,1798,1746,36,1782,39
2021-09-30,Kern,029,883053,119956,117962,19251,137213,1524
2021-09-30,Kings,031,150075,29966,29339,1741,31080,301
2021-09-30,Lake,033,64148,6295,6191,125,6316,97
2021-09-30,Lassen,035,31185,6462,6360,306,6666,25
2021-09-30,Los Angeles,037,10098052,1405265,1395070,52708,1447778,26126
2021-09-30,Madera,039,155013,21309,20931,1753,22684,266
2021-09-30,Marin,041,260295,17070,16936,414,17350,242
2021-09-30,Mariposa,043,17540,1018,967,31,998,5
2021-09-30,Mendocino,045,87422,7039,6869,375,7244,78
2021-09-30,Merced,047,269075,39615,39196,1487,40683,552
2021-09-30,Modoc,049,8938,484,468,170,638,5
2021-09-30,Mono,051,14174,1573,1540,18,1558,3
2021-09-30,Monterey,053,433212,47863,46964,2683,49647,571
2021-09-30,Napa,055,140530,12547,12433,97,12530,96
2021-09-30,Nevada,057,99092,8589,8474,301,8775,87
2021-09-30,Orange,059,3164182,299725,297307,14273,311580,5435
2021-09-30,Placer,061,380077,34861,34377,3335,37712,381
2021-09-30,Plumas,063,18699,1374,1298,26,1324,6
2021-09-30,Riverside,065,2383286,351956,347227,16066,363293,4895
2021-09-30,Sacramento,067,1510023,151058,149897,4016,153913,2099
2021-09-30,San Benito,069,59416,7103,7055,150,7205,69
2021-09-30,San Bernardino,071,2135413,343679,341212,10738,351950,5540
2021-09-30,San Diego,073,3302833,359437,356454,20845,377299,4078
2021-09-30,San Francisco,075,870044,51116,50393,2208,52601,634
2021-09-30,San Joaquin,077,732212,95695,94599,5161,99760,1646
2021-09-30,San Luis Obispo,079,281455,28269,27915,1135,29050,323
2021-09-30,San Mateo,081,765935,52693,51767,799,52566,573
2021-09-30,Santa Barbara,083,443738,42915,42423,1565,43988,508
2021-09-30,Santa Clara,085,1922200,142514,141231,1154,142385,1862
2021-09-30,Santa Cruz,087,273765,19659,19461,983,20444,214
2021-09-30,Shasta,089,179085,19372,18912,3242,22154,270
2021-09-30,Sierra,091,2930,141,131,14,145,0
2021-09-30,Siskiyou,093,43540,3170,3053,1153,4206,42
2021-09-30,Solano,095,438530,44596,43800,1176,44976,321
2021-09-30,Sonoma,097,501317,39805,39497,492,39989,382
2021-09-30,Stanislaus,099,539301,74876,73859,8364,82223,1099
2021-09-30,Sutter,101,95872,13315,13160,277,13437,160
2021-09-30,Tehama,103,63373,7631,7453,1284,8737,93
2021-09-30,Trinity,105,12862,784,625,203,828,10
2021-09-30,Tulare,107,460477,63741,62247,13414,75661,908
2021-09-30,Tuolumne,109,53932,6441,6369,75,6444,89
2021-09-30,Ventura,111,848112,95638,94854,4188,99042,1148
2021-09-30,Yolo,113,214977,18832,18640,994,19634,242
2021-09-30,Yuba,115,75493,9507,9370,225,9595,66
2021-09-29,Alameda,001,1643700,116087,114998,2686,117684,1339
2021-09-29,Alpine,003,1148,101,101,0,101,0
2021-09-29,Amador,005,37829,5191,5058,52,5110,61
2021-09-29,Butte,007,227075,19282,18835,3477,22312,242
2021-09-29,Calaveras,009,45235,3640,3553,43,3596,72
2021-09-29,Colusa,011,21464,2431,2401,566,2967,18
2021-09-29,Contra Costa,013,1133247,96132,95213,2014,97227,929
2021-09-29,Del Norte,015,27424,3552,3467,35,3502,39
2021-09-29,El Dorado,017,186661,15099,14834,1554,16388,136
2021-09-29,Fresno,019,978130,130332,128068,11505,139573,1957
2021-09-29,Glenn,021,27897,3278,3213,911,4124,26
2021-09-29,Humboldt,023,135768,8389,8203,435,8638,94
2021-09-29,Imperial,025,180216,31902,31600,3153,34753,757
2021-09-29,Inyo,027,18085,1788,1740,35,1775,39
2021-09-29,Kern,029,883053,119721,117605,19175,136780,1513
2021-09-29,Kings,031,150075,29882,29195,1726,30921,299
2021-09-29,Lake,033,64148,6275,6164,125,6289,97
2021-09-29,Lassen,035,31185,6448,6347,306,6653,25
2021-09-29,Los Angeles,037,10098052,1404054,1393617,52636,1446253,26098
2021-09-29,Madera,039,155013,21264,20818,1739,22557,266
2021-09-29,Marin,041,260295,17052,16921,412,17333,242
2021-09-29,Mariposa,043,17540,1004,963,31,994,5
2021-09-29,Mendocino,045,87422,7027,6821,367,7188,78
2021-09-29,Merced,047,269075,39521,39026,1476,40502,552
2021-09-29,Modoc,049,8938,482,468,170,638,5
2021-09-29,Mono,051,14174,1571,1527,18,1545,3
2021-09-29,Monterey,053,433212,47826,46917,2670,49587,571
2021-09-29,Napa,055,140530,12527,12416,93,12509,96
2021-09-29,Nevada,057,99092,8576,8434,301,8735,87
2021-09-29,Orange,059,3164182,299457,296936,14237,311173,5429
2021-09-29,Placer,061,380077,34797,34271,3312,37583,379
2021-09-29,Plumas,063,18699,1355,1289,26,1315,6
2021-09-29,Riverside,065,2383286,351522,346558,16053,362611,4886
2021-09-29,Sacramento,067,1510023,150807,149686,4006,153692,2099
2021-09-29,San Benito,069,59416,7092,7039,150,7189,69
2021-09-29,San Bernardino,071,2135413,343361,340672,10724,351396,5539
2021-09-29,San Diego,073,3302833,358935,355899,20815,376714,4066
2021-09-29,San Francisco,075,870044,51031,50286,2205,52491,629
2021-09-29,San Joaquin,077,732212,95538,94356,5139,99495,1645
2021-09-29,San Luis Obispo,079,281455,28223,27800,1129,28929,323
2021-09-29,San Mateo,081,765935,52634,51673,797,52470,573
2021-09-29,Santa Barbara,083,443738,42843,42328,1562,43890,507
2021-09-29,Santa Clara,085,1922200,142380,141036,1148,142184,1861
2021-09-29,Santa Cruz,087,273765,19641,19425,982,20407,214
2021-09-29,Shasta,089,179085,19306,18805,3230,22035,271
2021-09-29,Sierra,091,2930,137,130,14,144,0
2021-09-29,Siskiyou,093,43540,3157,3043,1146,4189,42
2021-09-29,Solano,095,438530,44540,43724,1169,44893,321
2021-09-29,Sonoma,097,501317,39744,39426,490,39916,370
2021-09-29,Stanislaus,099,539301,74745,73634,8353,81987,1096
2021-09-29,Sutter,101,95872,13288,13135,274,13409,155
2021-09-29,Tehama,103,63373,7601,7409,1269,8678,88
2021-09-29,Trinity,105,12862,780,616,203,819,10
2021-09-29,Tulare,107,460477,63571,62046,13355,75401,908
2021-09-29,Tuolumne,109,53932,6424,6336,75,6411,89
2021-09-29,Ventura,111,848112,95548,94753,4184,98937,1144
2021-09-29,Yolo,113,214977,18799,18587,989,19576,239
2021-09-29,Yuba,115,75493,9476,9351,221,9572,66
2021-09-28,Alameda,001,1643700,115926,114869,2679,117548,1333
2021-09-28,Alpine,003,1148,101,101,0,101,0
2021-09-28,Amador,005,37829,5169,5049,52,5101,61
2021-09-28,Butte,007,227075,19231,18764,3464,22228,241
2021-09-28,Calaveras,009,45235,3620,3530,43,3573,72
2021-09-28,Colusa,011,21464,2428,2399,564,2963,18
2021-09-28,Contra Costa,013,1133247,95990,95115,2009,97124,929
2021-09-28,Del Norte,015,27424,3549,3462,35,3497,39
2021-09-28,El Dorado,017,186661,15052,14793,1550,16343,133
2021-09-28,Fresno,019,978130,129986,127877,11478,139355,1948
2021-09-28,Glenn,021,27897,3272,3205,910,4115,26
2021-09-28,Humboldt,023,135768,8347,8159,432,8591,91
2021-09-28,Imperial,025,180216,31859,31543,3149,34692,757
2021-09-28,Inyo,027,18085,1774,1708,34,1742,39
2021-09-28,Kern,029,883053,119452,117420,19080,136500,1506
2021-09-28,Kings,031,150075,29782,29141,1718,30859,295
2021-09-28,Lake,033,64148,6260,6155,125,6280,95
2021-09-28,Lassen,035,31185,6442,6340,302,6642,25
2021-09-28,Los Angeles,037,10098052,1402760,1392445,52567,1445012,26068
2021-09-28,Madera,039,155013,21210,20764,1725,22489,266
2021-09-28,Marin,041,260295,17033,16887,410,17297,242
2021-09-28,Mariposa,043,17540,999,952,31,983,5
2021-09-28,Mendocino,045,87422,7005,6804,365,7169,78
2021-09-28,Merced,047,269075,39434,38953,1463,40416,551
2021-09-28,Modoc,049,8938,481,467,170,637,5
2021-09-28,Mono,051,14174,1561,1527,18,1545,3
2021-09-28,Monterey,053,433212,47789,46859,2661,49520,571
2021-09-28,Napa,055,140530,12510,12388,92,12480,96
2021-09-28,Nevada,057,99092,8553,8409,300,8709,84
2021-09-28,Orange,059,3164182,299204,296596,14209,310805,5421
2021-09-28,Placer,061,380077,34732,34187,3294,37481,370
2021-09-28,Plumas,063,18699,1346,1276,26,1302,6
2021-09-28,Riverside,065,2383286,351063,346096,16032,362128,4874
2021-09-28,Sacramento,067,1510023,150517,149310,3984,153294,2086
2021-09-28,San Benito,069,59416,7075,7028,149,7177,69
2021-09-28,San Bernardino,071,2135413,343013,340342,10707,351049,5540
2021-09-28,San Diego,073,3302833,358373,355373,20784,376157,4054
2021-09-28,San Francisco,075,870044,50929,50234,2204,52438,627
2021-09-28,San Joaquin,077,732212,95386,94194,5126,99320,1639
2021-09-28,San Luis Obispo,079,281455,28188,27755,1124,28879,321
2021-09-28,San Mateo,081,765935,52588,51620,796,52416,571
2021-09-28,Santa Barbara,083,443738,42771,42226,1561,43787,506
2021-09-28,Santa Clara,085,1922200,142218,140886,1139,142025,1858
2021-09-28,Santa Cruz,087,273765,19600,19324,981,20305,214
2021-09-28,Shasta,089,179085,19244,18701,3216,21917,267
2021-09-28,Sierra,091,2930,136,130,13,143,0
2021-09-28,Siskiyou,093,43540,3145,3032,1143,4175,42
2021-09-28,Solano,095,438530,44467,43652,1166,44818,316
2021-09-28,Sonoma,097,501317,39697,39395,489,39884,370
2021-09-28,Stanislaus,099,539301,74574,73528,8341,81869,1094
2021-09-28,Sutter,101,95872,13269,13102,270,13372,155
2021-09-28,Tehama,103,63373,7583,7382,1254,8636,88
2021-09-28,Trinity,105,12862,777,613,203,816,10
2021-09-28,Tulare,107,460477,63411,61916,13296,75212,905
2021-09-28,Tuolumne,109,53932,6398,6308,75,6383,89
2021-09-28,Ventura,111,848112,95422,94632,4181,98813,1143
2021-09-28,Yolo,113,214977,18773,18564,986,19550,239
2021-09-28,Yuba,115,75493,9457,9323,220,9543,66
2021-09-27,Alameda,001,1643700,115737,114731,2670,117401,1327
2021-09-27,Alpine,003,1148,101,101,0,101,0
2021-09-27,Amador,005,37829,5155,5017,52,5069,59
2021-09-27,Butte,007,227075,19174,18687,3448,22135,239
2021-09-27,Calaveras,009,45235,3600,3514,42,3556,70
2021-09-27,Colusa,011,21464,2427,2393,563,2956,18
2021-09-27,Contra Costa,013,1133247,95859,94979,2000,96979,924
2021-09-27,Del Norte,015,27424,3547,3468,33,3501,37
2021-09-27,El Dorado,017,186661,15013,14764,1543,16307,132
2021-09-27,Fresno,019,978130,129666,127475,11446,138921,1942
2021-09-27,Glenn,021,27897,3259,3189,906,4095,26
2021-09-27,Humboldt,023,135768,8307,8118,432,8550,91
2021-09-27,Imperial,025,180216,31796,31491,3142,34633,756
2021-09-27,Inyo,027,18085,1762,1698,34,1732,39
2021-09-27,Kern,029,883053,119176,117064,18982,136046,1503
2021-09-27,Kings,031,150075,29684,28998,1706,30704,297
2021-09-27,Lake,033,64148,6240,6126,125,6251,95
2021-09-27,Lassen,035,31185,6427,6327,298,6625,25
2021-09-27,Los Angeles,037,10098052,1401424,1391538,52498,1444036,26040
2021-09-27,Madera,039,155013,21145,20691,1717,22408,262
2021-09-27,Marin,041,260295,17011,16861,409,17270,242
2021-09-27,Mariposa,043,17540,989,931,31,962,5
2021-09-27,Mendocino,045,87422,6979,6761,358,7119,74
2021-09-27,Merced,047,269075,39336,38840,1457,40297,548
2021-09-27,Modoc,049,8938,480,465,168,633,5
2021-09-27,Mono,051,14174,1549,1525,18,1543,3
2021-09-27,Monterey,053,433212,47746,46811,2649,49460,571
2021-09-27,Napa,055,140530,12486,12354,91,12445,95
2021-09-27,Nevada,057,99092,8530,8379,297,8676,84
2021-09-27,Orange,059,3164182,298899,296334,14178,310512,5409
2021-09-27,Placer,061,380077,34645,34087,3289,37376,370
2021-09-27,Plumas,063,18699,1336,1269,26,1295,6
2021-09-27,Riverside,065,2383286,350621,345529,16022,361551,4864
2021-09-27,Sacramento,067,1510023,150200,149096,3962,153058,2076
2021-09-27,San Benito,069,59416,7058,7017,149,7166,67
2021-09-27,San Bernardino,071,2135413,342599,339952,10682,350634,5544
2021-09-27,San Diego,073,3302833,357715,354755,20759,375514,4054
2021-09-27,San Francisco,075,870044,50845,50157,2200,52357,622
2021-09-27,San Joaquin,077,732212,95203,94085,5123,99208,1633
2021-09-27,San Luis Obispo,079,281455,28133,27674,1121,28795,320
2021-09-27,San Mateo,081,765935,52510,51552,796,52348,571
2021-09-27,Santa Barbara,083,443738,42705,42012,1557,43569,505
2021-09-27,Santa Clara,085,1922200,142034,140802,1129,141931,1853
2021-09-27,Santa Cruz,087,273765,19576,19292,980,20272,214
2021-09-27,Shasta,089,179085,19162,18599,3188,21787,267
2021-09-27,Sierra,091,2930,136,128,13,141,0
2021-09-27,Siskiyou,093,43540,3133,3015,1138,4153,42
2021-09-27,Solano,095,438530,44392,43582,1161,44743,314
2021-09-27,Sonoma,097,501317,39643,39347,489,39836,370
2021-09-27,Stanislaus,099,539301,74419,73370,8321,81691,1091
2021-09-27,Sutter,101,95872,13238,13082,267,13349,155
2021-09-27,Tehama,103,63373,7542,7345,1244,8589,88
2021-09-27,Trinity,105,12862,766,605,202,807,9
2021-09-27,Tulare,107,460477,63211,61708,13225,74933,904
2021-09-27,Tuolumne,109,53932,6378,6264,75,6339,89
2021-09-27,Ventura,111,848112,95296,94477,4177,98654,1138
2021-09-27,Yolo,113,214977,18741,18524,985,19509,239
2021-09-27,Yuba,115,75493,9420,9292,216,9508,64
2021-09-26,Alameda,001,1643700,115539,114601,2663,117264,1326
2021-09-26,Alpine,003,1148,100,101,0,101,0
2021-09-26,Amador,005,37829,5123,5001,51,5052,59
2021-09-26,Butte,007,227075,19098,18634,3431,22065,238
2021-09-26,Calaveras,009,45235,3578,3505,42,3547,70
2021-09-26,Colusa,011,21464,2421,2392,560,2952,18
2021-09-26,Contra Costa,013,1133247,95684,94877,1987,96864,924
2021-09-26,Del Norte,015,27424,3541,3466,32,3498,37
2021-09-26,El Dorado,017,186661,14972,14738,1535,16273,132
2021-09-26,Fresno,019,978130,129311,127235,11406,138641,1939
2021-09-26,Glenn,021,27897,3247,3182,906,4088,26
2021-09-26,Humboldt,023,135768,8272,8098,431,8529,91
2021-09-26,Imperial,025,180216,31735,31462,3141,34603,756
2021-09-26,Inyo,027,18085,1747,1685,34,1719,39
2021-09-26,Kern,029,883053,118840,116927,18871,135798,1502
2021-09-26,Kings,031,150075,29582,28930,1695,30625,293
2021-09-26,Lake,033,64148,6223,6113,125,6238,95
2021-09-26,Lassen,035,31185,6417,6319,293,6612,25
2021-09-26,Los Angeles,037,10098052,1399936,1390577,52427,1443004,26035
2021-09-26,Madera,039,155013,21071,20629,1698,22327,262
2021-09-26,Marin,041,260295,16988,16860,409,17269,242
2021-09-26,Mariposa,043,17540,983,929,31,960,5
2021-09-26,Mendocino,045,87422,6946,6744,343,7087,74
2021-09-26,Merced,047,269075,39175,38717,1452,40169,548
2021-09-26,Modoc,049,8938,480,465,167,632,5
2021-09-26,Mono,051,14174,1545,1516,18,1534,3
2021-09-26,Monterey,053,433212,47700,46792,2635,49427,571
2021-09-26,Napa,055,140530,12462,12340,90,12430,95
2021-09-26,Nevada,057,99092,8499,8356,292,8648,84
2021-09-26,Orange,059,3164182,298562,296085,14146,310231,5409
2021-09-26,Placer,061,380077,34551,34043,3279,37322,370
2021-09-26,Plumas,063,18699,1318,1268,26,1294,6
2021-09-26,Riverside,065,2383286,350088,345257,16008,361265,4864
2021-09-26,Sacramento,067,1510023,149796,148745,3943,152688,2071
2021-09-26,San Benito,069,59416,7041,7012,148,7160,67
2021-09-26,San Bernardino,071,2135413,342146,339771,10667,350438,5545
2021-09-26,San Diego,073,3302833,357073,354414,20718,375132,4051
2021-09-26,San Francisco,075,870044,50719,50092,2192,52284,622
2021-09-26,San Joaquin,077,732212,94997,93935,5109,99044,1633
2021-09-26,San Luis Obispo,079,281455,28059,27624,1116,28740,319
2021-09-26,San Mateo,081,765935,52441,51496,794,52290,571
2021-09-26,Santa Barbara,083,443738,42618,41946,1554,43500,505
2021-09-26,Santa Clara,085,1922200,141834,140667,1126,141793,1852
2021-09-26,Santa Cruz,087,273765,19551,19279,980,20259,214
2021-09-26,Shasta,089,179085,19053,18566,3165,21731,266
2021-09-26,Sierra,091,2930,136,128,13,141,0
2021-09-26,Siskiyou,093,43540,3119,2998,1128,4126,42
2021-09-26,Solano,095,438530,44325,43537,1160,44697,314
2021-09-26,Sonoma,097,501317,39584,39302,489,39791,370
2021-09-26,Stanislaus,099,539301,74217,73243,8293,81536,1091
2021-09-26,Sutter,101,95872,13201,13045,266,13311,155
2021-09-26,Tehama,103,63373,7484,7323,1234,8557,88
2021-09-26,Trinity,105,12862,763,591,202,793,9
2021-09-26,Tulare,107,460477,62991,61560,13145,74705,904
2021-09-26,Tuolumne,109,53932,6350,6236,73,6309,89
2021-09-26,Ventura,111,848112,95183,94391,4170,98561,1138
2021-09-26,Yolo,113,214977,18706,18496,977,19473,239
2021-09-26,Yuba,115,75493,9393,9275,216,9491,64
2021-09-25,Alameda,001,1643700,115460,114014,2660,116674,1324
2021-09-25,Alpine,003,1148,100,101,0,101,0
2021-09-25,Amador,005,37829,5109,4934,51,4985,59
2021-09-25,Butte,007,227075,19069,18396,3422,21818,236
2021-09-25,Calaveras,009,45235,3575,3461,42,3503,70
2021-09-25,Colusa,011,21464,2419,2387,558,2945,16
2021-09-25,Contra Costa,013,1133247,95613,94337,1983,96320,924
2021-09-25,Del Norte,015,27424,3540,3404,32,3436,35
2021-09-25,El Dorado,017,186661,14949,14641,1531,16172,130
2021-09-25,Fresno,019,978130,129167,126299,11393,137692,1927
2021-09-25,Glenn,021,27897,3245,3144,905,4049,25
2021-09-25,Humboldt,023,135768,8253,8014,429,8443,88
2021-09-25,Imperial,025,180216,31708,31280,3141,34421,755
2021-09-25,Inyo,027,18085,1739,1657,34,1691,39
2021-09-25,Kern,029,883053,118685,116021,18803,134824,1485
2021-09-25,Kings,031,150075,29531,28636,1692,30328,293
2021-09-25,Lake,033,64148,6218,6046,123,6169,92
2021-09-25,Lassen,035,31185,6405,6248,292,6540,25
2021-09-25,Los Angeles,037,10098052,1399219,1386417,52388,1438805,25964
2021-09-25,Madera,039,155013,21046,20432,1692,22124,262
2021-09-25,Marin,041,260295,16979,16802,407,17209,242
2021-09-25,Mariposa,043,17540,978,906,31,937,5
2021-09-25,Mendocino,045,87422,6927,6657,342,6999,74
2021-09-25,Merced,047,269075,39129,38393,1450,39843,546
2021-09-25,Modoc,049,8938,480,460,167,627,5
2021-09-25,Mono,051,14174,1542,1501,18,1519,3
2021-09-25,Monterey,053,433212,47670,46653,2633,49286,567
2021-09-25,Napa,055,140530,12442,12266,90,12356,95
2021-09-25,Nevada,057,99092,8482,8285,292,8577,84
2021-09-25,Orange,059,3164182,298390,294514,14128,308642,5374
2021-09-25,Placer,061,380077,34487,33764,3276,37040,367
2021-09-25,Plumas,063,18699,1314,1238,26,1264,6
2021-09-25,Riverside,065,2383286,349765,343463,16000,359463,4843
2021-09-25,Sacramento,067,1510023,149620,147728,3934,151662,2049
2021-09-25,San Benito,069,59416,7036,6965,148,7113,67
2021-09-25,San Bernardino,071,2135413,341913,338413,10653,349066,5540
2021-09-25,San Diego,073,3302833,356723,352017,20692,372709,4039
2021-09-25,San Francisco,075,870044,50675,49840,2191,52031,615
2021-09-25,San Joaquin,077,732212,94911,93273,5107,98380,1628
2021-09-25,San Luis Obispo,079,281455,28021,27447,1112,28559,318
2021-09-25,San Mateo,081,765935,52377,51266,792,52058,568
2021-09-25,Santa Barbara,083,443738,42560,41728,1554,43282,505
2021-09-25,Santa Clara,085,1922200,141728,140023,1124,141147,1844
2021-09-25,Santa Cruz,087,273765,19535,19200,978,20178,214
2021-09-25,Shasta,089,179085,19002,18256,3156,21412,262
2021-09-25,Sierra,091,2930,135,127,13,140,0
2021-09-25,Siskiyou,093,43540,3112,2956,1118,4074,41
2021-09-25,Solano,095,438530,44284,43331,1157,44488,312
2021-09-25,Sonoma,097,501317,39543,39112,489,39601,369
2021-09-25,Stanislaus,099,539301,74107,72628,8279,80907,1091
2021-09-25,Sutter,101,95872,13183,12976,263,13239,154
2021-09-25,Tehama,103,63373,7469,7200,1232,8432,86
2021-09-25,Trinity,105,12862,763,576,202,778,9
2021-09-25,Tulare,107,460477,62909,60909,13101,74010,898
2021-09-25,Tuolumne,109,53932,6339,6168,73,6241,89
2021-09-25,Ventura,111,848112,95116,94059,4166,98225,1129
2021-09-25,Yolo,113,214977,18684,18393,976,19369,239
2021-09-25,Yuba,115,75493,9373,9191,216,9407,61
2021-09-24,Alameda,001,1643700,115353,114014,2656,116670,1324
2021-09-24,Alpine,003,1148,100,101,0,101,0
2021-09-24,Amador,005,37829,5079,4934,51,4985,59
2021-09-24,Butte,007,227075,19017,18396,3413,21809,236
2021-09-24,Calaveras,009,45235,3568,3461,41,3502,70
2021-09-24,Colusa,011,21464,2416,2387,557,2944,16
2021-09-24,Contra Costa,013,1133247,95505,94337,1979,96316,924
2021-09-24,Del Norte,015,27424,3537,3404,32,3436,35
2021-09-24,El Dorado,017,186661,14931,14641,1527,16168,130
2021-09-24,Fresno,019,978130,128968,126299,11381,137680,1927
2021-09-24,Glenn,021,27897,3240,3144,905,4049,25
2021-09-24,Humboldt,023,135768,8234,8014,426,8440,88
2021-09-24,Imperial,025,180216,31670,31280,3138,34418,755
2021-09-24,Inyo,027,18085,1730,1657,34,1691,39
2021-09-24,Kern,029,883053,118549,116021,18737,134758,1485
2021-09-24,Kings,031,150075,29490,28636,1687,30323,293
2021-09-24,Lake,033,64148,6210,6046,123,6169,92
2021-09-24,Lassen,035,31185,6397,6248,291,6539,25
2021-09-24,Los Angeles,037,10098052,1398338,1386417,52345,1438762,25964
2021-09-24,Madera,039,155013,21015,20432,1683,22115,262
2021-09-24,Marin,041,260295,16965,16802,406,17208,242
2021-09-24,Mariposa,043,17540,966,906,31,937,5
2021-09-24,Mendocino,045,87422,6914,6657,342,6999,74
2021-09-24,Merced,047,269075,39085,38393,1450,39843,546
2021-09-24,Modoc,049,8938,480,460,166,626,5
2021-09-24,Mono,051,14174,1537,1501,18,1519,3
2021-09-24,Monterey,053,433212,47649,46653,2625,49278,567
2021-09-24,Napa,055,140530,12423,12266,90,12356,95
2021-09-24,Nevada,057,99092,8468,8285,289,8574,84
2021-09-24,Orange,059,3164182,298182,294514,14110,308624,5374
2021-09-24,Placer,061,380077,34432,33764,3263,37027,367
2021-09-24,Plumas,063,18699,1310,1238,26,1264,6
2021-09-24,Riverside,065,2383286,349431,343463,15991,359454,4843
2021-09-24,Sacramento,067,1510023,149436,147728,3930,151658,2049
2021-09-24,San Benito,069,59416,7030,6965,148,7113,67
2021-09-24,San Bernardino,071,2135413,341647,338413,10643,349056,5540
2021-09-24,San Diego,073,3302833,356369,352017,20677,372694,4039
2021-09-24,San Francisco,075,870044,50611,49840,2183,52023,615
2021-09-24,San Joaquin,077,732212,94797,93273,5105,98378,1628
2021-09-24,San Luis Obispo,079,281455,27990,27447,1107,28554,318
2021-09-24,San Mateo,081,765935,52317,51266,791,52057,568
2021-09-24,Santa Barbara,083,443738,42521,41728,1553,43281,505
2021-09-24,Santa Clara,085,1922200,141616,140023,1123,141146,1844
2021-09-24,Santa Cruz,087,273765,19512,19200,977,20177,214
2021-09-24,Shasta,089,179085,18947,18256,3142,21398,262
2021-09-24,Sierra,091,2930,134,127,13,140,0
2021-09-24,Siskiyou,093,43540,3103,2956,1112,4068,41
2021-09-24,Solano,095,438530,44247,43331,1155,44486,312
2021-09-24,Sonoma,097,501317,39511,39112,489,39601,369
2021-09-24,Stanislaus,099,539301,73992,72628,8264,80892,1091
2021-09-24,Sutter,101,95872,13164,12976,262,13238,154
2021-09-24,Tehama,103,63373,7457,7200,1227,8427,86
2021-09-24,Trinity,105,12862,760,576,202,778,9
2021-09-24,Tulare,107,460477,62818,60909,13058,73967,898
2021-09-24,Tuolumne,109,53932,6310,6168,73,6241,89
2021-09-24,Ventura,111,848112,95038,94059,4159,98218,1129
2021-09-24,Yolo,113,214977,18652,18393,973,19366,239
2021-09-24,Yuba,115,75493,9354,9191,216,9407,61
2021-09-23,Alameda,001,1643700,115194,114014,2651,116665,1324
2021-09-23,Alpine,003,1148,100,101,0,101,0
2021-09-23,Amador,005,37829,5066,4934,51,4985,59
2021-09-23,Butte,007,227075,18955,18396,3389,21785,236
2021-09-23,Calaveras,009,45235,3547,3461,41,3502,70
2021-09-23,Colusa,011,21464,2414,2387,555,2942,16
2021-09-23,Contra Costa,013,1133247,95364,94337,1972,96309,924
2021-09-23,Del Norte,015,27424,3528,3404,31,3435,35
2021-09-23,El Dorado,017,186661,14905,14641,1521,16162,130
2021-09-23,Fresno,019,978130,128672,126299,11364,137663,1927
2021-09-23,Glenn,021,27897,3226,3144,902,4046,25
2021-09-23,Humboldt,023,135768,8208,8014,424,8438,88
2021-09-23,Imperial,025,180216,31634,31280,3138,34418,755
2021-09-23,Inyo,027,18085,1716,1657,34,1691,39
2021-09-23,Kern,029,883053,118290,116021,18656,134677,1485
2021-09-23,Kings,031,150075,29387,28636,1678,30314,293
2021-09-23,Lake,033,64148,6200,6046,123,6169,92
2021-09-23,Lassen,035,31185,6388,6248,286,6534,25
2021-09-23,Los Angeles,037,10098052,1397145,1386417,52280,1438697,25964
2021-09-23,Madera,039,155013,20933,20432,1679,22111,262
2021-09-23,Marin,041,260295,16950,16802,405,17207,242
2021-09-23,Mariposa,043,17540,953,906,31,937,5
2021-09-23,Mendocino,045,87422,6892,6657,340,6997,74
2021-09-23,Merced,047,269075,38982,38393,1443,39836,546
2021-09-23,Modoc,049,8938,479,460,166,626,5
2021-09-23,Mono,051,14174,1534,1501,18,1519,3
2021-09-23,Monterey,053,433212,47600,46653,2614,49267,567
2021-09-23,Napa,055,140530,12406,12266,90,12356,95
2021-09-23,Nevada,057,99092,8441,8285,289,8574,84
2021-09-23,Orange,059,3164182,297885,294514,14086,308600,5374
2021-09-23,Placer,061,380077,34356,33764,3256,37020,367
2021-09-23,Plumas,063,18699,1293,1238,25,1263,6
2021-09-23,Riverside,065,2383286,348979,343463,15984,359447,4843
2021-09-23,Sacramento,067,1510023,149106,147728,3910,151638,2049
2021-09-23,San Benito,069,59416,7019,6965,148,7113,67
2021-09-23,San Bernardino,071,2135413,341285,338413,10628,349041,5540
2021-09-23,San Diego,073,3302833,355906,352017,20638,372655,4039
2021-09-23,San Francisco,075,870044,50538,49840,2181,52021,615
2021-09-23,San Joaquin,077,732212,94624,93273,5090,98363,1628
2021-09-23,San Luis Obispo,079,281455,27947,27447,1105,28552,318
2021-09-23,San Mateo,081,765935,52242,51266,790,52056,568
2021-09-23,Santa Barbara,083,443738,42443,41728,1550,43278,505
2021-09-23,Santa Clara,085,1922200,141466,140023,1116,141139,1844
2021-09-23,Santa Cruz,087,273765,19481,19200,977,20177,214
2021-09-23,Shasta,089,179085,18867,18256,3125,21381,262
2021-09-23,Sierra,091,2930,134,127,13,140,0
2021-09-23,Siskiyou,093,43540,3099,2956,1101,4057,41
2021-09-23,Solano,095,438530,44179,43331,1152,44483,312
2021-09-23,Sonoma,097,501317,39452,39112,486,39598,369
2021-09-23,Stanislaus,099,539301,73835,72628,8232,80860,1091
2021-09-23,Sutter,101,95872,13135,12976,262,13238,154
2021-09-23,Tehama,103,63373,7416,7200,1222,8422,86
2021-09-23,Trinity,105,12862,746,576,201,777,9
2021-09-23,Tulare,107,460477,62641,60909,13003,73912,898
2021-09-23,Tuolumne,109,53932,6285,6168,72,6240,89
2021-09-23,Ventura,111,848112,94935,94059,4152,98211,1129
2021-09-23,Yolo,113,214977,18623,18393,968,19361,239
2021-09-23,Yuba,115,75493,9326,9191,215,9406,61
2021-09-22,Alameda,001,1643700,115038,113862,2647,116509,1322
2021-09-22,Alpine,003,1148,100,100,0,100,0
2021-09-22,Amador,005,37829,5050,4915,51,4966,59
2021-09-22,Butte,007,227075,18896,18337,3374,21711,235
2021-09-22,Calaveras,009,45235,3531,3448,41,3489,70
2021-09-22,Colusa,011,21464,2409,2384,554,2938,16
2021-09-22,Contra Costa,013,1133247,95179,94209,1964,96173,924
2021-09-22,Del Norte,015,27424,3517,3386,30,3416,35
2021-09-22,El Dorado,017,186661,14869,14605,1514,16119,127
2021-09-22,Fresno,019,978130,128415,126006,11352,137358,1908
2021-09-22,Glenn,021,27897,3224,3138,901,4039,25
2021-09-22,Humboldt,023,135768,8185,7998,416,8414,80
2021-09-22,Imperial,025,180216,31582,31243,3131,34374,755
2021-09-22,Inyo,027,18085,1706,1651,34,1685,39
2021-09-22,Kern,029,883053,118047,115757,18534,134291,1477
2021-09-22,Kings,031,150075,29303,28589,1672,30261,292
2021-09-22,Lake,033,64148,6188,6035,123,6158,93
2021-09-22,Lassen,035,31185,6368,6209,282,6491,25
2021-09-22,Los Angeles,037,10098052,1395820,1384719,52224,1436943,25930
2021-09-22,Madera,039,155013,20876,20382,1671,22053,262
2021-09-22,Marin,041,260295,16940,16782,402,17184,242
2021-09-22,Mariposa,043,17540,947,901,31,932,5
2021-09-22,Mendocino,045,87422,6865,6624,334,6958,70
2021-09-22,Merced,047,269075,38850,38305,1441,39746,541
2021-09-22,Modoc,049,8938,476,458,166,624,5
2021-09-22,Mono,051,14174,1525,1496,17,1513,3
2021-09-22,Monterey,053,433212,47549,46615,2607,49222,566
2021-09-22,Napa,055,140530,12383,12248,89,12337,95
2021-09-22,Nevada,057,99092,8418,8273,286,8559,84
2021-09-22,Orange,059,3164182,297610,294214,14069,308283,5366
2021-09-22,Placer,061,380077,34269,33661,3243,36904,367
2021-09-22,Plumas,063,18699,1281,1230,25,1255,6
2021-09-22,Riverside,065,2383286,348444,342946,15959,358905,4830
2021-09-22,Sacramento,067,1510023,148791,147533,3879,151412,2043
2021-09-22,San Benito,069,59416,7008,6961,146,7107,67
2021-09-22,San Bernardino,071,2135413,340891,337938,10619,348557,5528
2021-09-22,San Diego,073,3302833,355445,351132,20616,371748,4027
2021-09-22,San Francisco,075,870044,50453,49734,2176,51910,610
2021-09-22,San Joaquin,077,732212,94391,93010,5064,98074,1626
2021-09-22,San Luis Obispo,079,281455,27899,27398,1102,28500,315
2021-09-22,San Mateo,081,765935,52169,51197,786,51983,568
2021-09-22,Santa Barbara,083,443738,42380,41678,1549,43227,504
2021-09-22,Santa Clara,085,1922200,141303,139803,1109,140912,1844
2021-09-22,Santa Cruz,087,273765,19442,19177,977,20154,214
2021-09-22,Shasta,089,179085,18777,18153,3113,21266,260
2021-09-22,Sierra,091,2930,134,127,13,140,0
2021-09-22,Siskiyou,093,43540,3082,2947,1091,4038,41
2021-09-22,Solano,095,438530,44114,43269,1151,44420,312
2021-09-22,Sonoma,097,501317,39399,39063,485,39548,369
2021-09-22,Stanislaus,099,539301,73669,72355,8213,80568,1091
2021-09-22,Sutter,101,95872,13115,12960,259,13219,153
2021-09-22,Tehama,103,63373,7389,7173,1219,8392,86
2021-09-22,Trinity,105,12862,745,572,201,773,9
2021-09-22,Tulare,107,460477,62432,60776,12932,73708,896
2021-09-22,Tuolumne,109,53932,6264,6155,71,6226,89
2021-09-22,Ventura,111,848112,94830,93978,4146,98124,1122
2021-09-22,Yolo,113,214977,18584,18342,961,19303,239
2021-09-22,Yuba,115,75493,9297,9169,210,9379,61
2021-09-21,Alameda,001,1643700,114882,113765,2647,116412,1321
2021-09-21,Alpine,003,1148,100,100,0,100,0
2021-09-21,Amador,005,37829,5028,4897,51,4948,59
2021-09-21,Butte,007,227075,18799,18229,3336,21565,232
2021-09-21,Calaveras,009,45235,3513,3437,41,3478,70
2021-09-21,Colusa,011,21464,2406,2378,553,2931,16
2021-09-21,Contra Costa,013,1133247,94985,94101,1950,96051,924
2021-09-21,Del Norte,015,27424,3504,3378,30,3408,34
2021-09-21,El Dorado,017,186661,14839,14578,1507,16085,127
2021-09-21,Fresno,019,978130,128065,125789,11334,137123,1892
2021-09-21,Glenn,021,27897,3216,3134,895,4029,25
2021-09-21,Humboldt,023,135768,8153,7955,411,8366,80
2021-09-21,Imperial,025,180216,31525,31185,3129,34314,755
2021-09-21,Inyo,027,18085,1696,1646,34,1680,39
2021-09-21,Kern,029,883053,117754,115534,18420,133954,1467
2021-09-21,Kings,031,150075,29215,28545,1664,30209,291
2021-09-21,Lake,033,64148,6165,6013,123,6136,90
2021-09-21,Lassen,035,31185,6350,6159,278,6437,25
2021-09-21,Los Angeles,037,10098052,1394364,1383277,52168,1435445,25893
2021-09-21,Madera,039,155013,20816,20317,1660,21977,262
2021-09-21,Marin,041,260295,16925,16748,401,17149,242
2021-09-21,Mariposa,043,17540,942,894,30,924,5
2021-09-21,Mendocino,045,87422,6827,6580,325,6905,68
2021-09-21,Merced,047,269075,38729,38225,1437,39662,539
2021-09-21,Modoc,049,8938,473,458,166,624,5
2021-09-21,Mono,051,14174,1523,1495,16,1511,3
2021-09-21,Monterey,053,433212,47480,46583,2595,49178,565
2021-09-21,Napa,055,140530,12362,12238,89,12327,95
2021-09-21,Nevada,057,99092,8391,8259,277,8536,84
2021-09-21,Orange,059,3164182,297280,293898,14039,307937,5357
2021-09-21,Placer,061,380077,34168,33609,3232,36841,365
2021-09-21,Plumas,063,18699,1274,1225,25,1250,5
2021-09-21,Riverside,065,2383286,347884,342460,15935,358395,4817
2021-09-21,Sacramento,067,1510023,148408,147378,3851,151229,2027
2021-09-21,San Benito,069,59416,6997,6950,145,7095,67
2021-09-21,San Bernardino,071,2135413,340451,337387,10602,347989,5520
2021-09-21,San Diego,073,3302833,354827,350265,20592,370857,4021
2021-09-21,San Francisco,075,870044,50356,49653,2173,51826,609
2021-09-21,San Joaquin,077,732212,94157,92762,5053,97815,1621
2021-09-21,San Luis Obispo,079,281455,27841,27318,1098,28416,314
2021-09-21,San Mateo,081,765935,52098,51136,786,51922,568
2021-09-21,Santa Barbara,083,443738,42311,41644,1545,43189,503
2021-09-21,Santa Clara,085,1922200,141086,139657,1105,140762,1843
2021-09-21,Santa Cruz,087,273765,19412,19140,976,20116,212
2021-09-21,Shasta,089,179085,18649,18027,3089,21116,258
2021-09-21,Sierra,091,2930,134,127,13,140,0
2021-09-21,Siskiyou,093,43540,3068,2927,1077,4004,36
2021-09-21,Solano,095,438530,44038,43220,1151,44371,311
2021-09-21,Sonoma,097,501317,39346,39042,485,39527,369
2021-09-21,Stanislaus,099,539301,73482,72211,8191,80402,1091
2021-09-21,Sutter,101,95872,13092,12930,256,13186,153
2021-09-21,Tehama,103,63373,7343,7151,1215,8366,85
2021-09-21,Trinity,105,12862,734,572,199,771,9
2021-09-21,Tulare,107,460477,62218,60607,12871,73478,896
2021-09-21,Tuolumne,109,53932,6233,6139,71,6210,89
2021-09-21,Ventura,111,848112,94725,93818,4139,97957,1120
2021-09-21,Yolo,113,214977,18549,18313,957,19270,239
2021-09-21,Yuba,115,75493,9269,9135,210,9345,61
2021-09-20,Alameda,001,1643700,114699,113637,2643,116280,1320
2021-09-20,Alpine,003,1148,100,100,0,100,0
2021-09-20,Amador,005,37829,5010,4883,50,4933,59
2021-09-20,Butte,007,227075,18717,18135,3320,21455,231
2021-09-20,Calaveras,009,45235,3491,3395,40,3435,66
2021-09-20,Colusa,011,21464,2404,2376,550,2926,16
2021-09-20,Contra Costa,013,1133247,94835,93919,1944,95863,924
2021-09-20,Del Norte,015,27424,3496,3374,29,3403,34
2021-09-20,El Dorado,017,186661,14806,14545,1495,16040,127
2021-09-20,Fresno,019,978130,127651,125287,11313,136600,1889
2021-09-20,Glenn,021,27897,3206,3112,892,4004,25
2021-09-20,Humboldt,023,135768,8117,7938,406,8344,80
2021-09-20,Imperial,025,180216,31443,31146,3128,34274,755
2021-09-20,Inyo,027,18085,1688,1641,33,1674,39
2021-09-20,Kern,029,883053,117413,115271,18288,133559,1459
2021-09-20,Kings,031,150075,29128,28471,1658,30129,285
2021-09-20,Lake,033,64148,6150,5984,122,6106,87
2021-09-20,Lassen,035,31185,6320,6132,278,6410,25
2021-09-20,Los Angeles,037,10098052,1392843,1382206,52088,1434294,25858
2021-09-20,Madera,039,155013,20764,20203,1652,21855,257
2021-09-20,Marin,041,260295,16900,16732,399,17131,242
2021-09-20,Mariposa,043,17540,931,887,30,917,5
2021-09-20,Mendocino,045,87422,6793,6568,320,6888,67
2021-09-20,Merced,047,269075,38621,38144,1427,39571,536
2021-09-20,Modoc,049,8938,472,457,164,621,5
2021-09-20,Mono,051,14174,1517,1480,16,1496,3
2021-09-20,Monterey,053,433212,47437,46506,2578,49084,565
2021-09-20,Napa,055,140530,12337,12209,88,12297,95
2021-09-20,Nevada,057,99092,8371,8228,275,8503,84
2021-09-20,Orange,059,3164182,296938,293642,14013,307655,5354
2021-09-20,Placer,061,380077,34078,33531,3217,36748,364
2021-09-20,Plumas,063,18699,1269,1211,25,1236,5
2021-09-20,Riverside,065,2383286,347384,341961,15922,357883,4802
2021-09-20,Sacramento,067,1510023,148034,147016,3817,150833,2016
2021-09-20,San Benito,069,59416,6988,6947,144,7091,67
2021-09-20,San Bernardino,071,2135413,340058,337059,10586,347645,5507
2021-09-20,San Diego,073,3302833,354152,349579,20555,370134,4009
2021-09-20,San Francisco,075,870044,50249,49559,2172,51731,605
2021-09-20,San Joaquin,077,732212,93914,92614,5040,97654,1615
2021-09-20,San Luis Obispo,079,281455,27765,27259,1090,28349,313
2021-09-20,San Mateo,081,765935,52012,51100,783,51883,567
2021-09-20,Santa Barbara,083,443738,42214,41589,1541,43130,500
2021-09-20,Santa Clara,085,1922200,140885,139578,1103,140681,1841
2021-09-20,Santa Cruz,087,273765,19380,19121,976,20097,211
2021-09-20,Shasta,089,179085,18550,17893,3058,20951,258
2021-09-20,Sierra,091,2930,132,126,13,139,0
2021-09-20,Siskiyou,093,43540,3046,2902,1064,3966,35
2021-09-20,Solano,095,438530,43970,43152,1143,44295,312
2021-09-20,Sonoma,097,501317,39301,38991,485,39476,369
2021-09-20,Stanislaus,099,539301,73280,72031,8172,80203,1091
2021-09-20,Sutter,101,95872,13056,12896,251,13147,153
2021-09-20,Tehama,103,63373,7311,7121,1203,8324,84
2021-09-20,Trinity,105,12862,728,568,198,766,7
2021-09-20,Tulare,107,460477,62017,60302,12815,73117,896
2021-09-20,Tuolumne,109,53932,6207,6113,71,6184,89
2021-09-20,Ventura,111,848112,94612,93700,4132,97832,1120
2021-09-20,Yolo,113,214977,18504,18287,955,19242,239
2021-09-20,Yuba,115,75493,9233,9107,208,9315,61
2021-09-19,Alameda,001,1643700,114484,113446,2639,116085,1320
2021-09-19,Alpine,003,1148,99,100,0,100,0
2021-09-19,Amador,005,37829,4970,4875,49,4924,59
2021-09-19,Butte,007,227075,18624,18063,3293,21356,230
2021-09-19,Calaveras,009,45235,3466,3390,37,3427,66
2021-09-19,Colusa,011,21464,2402,2375,548,2923,16
2021-09-19,Contra Costa,013,1133247,94651,93788,1934,95722,924
2021-09-19,Del Norte,015,27424,3470,3344,28,3372,34
2021-09-19,El Dorado,017,186661,14754,14512,1489,16001,127
2021-09-19,Fresno,019,978130,127248,124985,11282,136267,1888
2021-09-19,Glenn,021,27897,3197,3102,887,3989,25
2021-09-19,Humboldt,023,135768,8072,7914,404,8318,80
2021-09-19,Imperial,025,180216,31374,31122,3125,34247,755
2021-09-19,Inyo,027,18085,1678,1639,33,1672,39
2021-09-19,Kern,029,883053,117099,115074,18181,133255,1459
2021-09-19,Kings,031,150075,29000,28416,1649,30065,284
2021-09-19,Lake,033,64148,6119,5962,122,6084,87
2021-09-19,Lassen,035,31185,6300,6129,272,6401,25
2021-09-19,Los Angeles,037,10098052,1390870,1381200,51988,1433188,25852
2021-09-19,Madera,039,155013,20685,20161,1642,21803,257
2021-09-19,Marin,041,260295,16871,16711,397,17108,242
2021-09-19,Mariposa,043,17540,923,881,30,911,5
2021-09-19,Mendocino,045,87422,6748,6538,314,6852,67
2021-09-19,Merced,047,269075,38464,38068,1419,39487,535
2021-09-19,Modoc,049,8938,469,457,162,619,5
2021-09-19,Mono,051,14174,1512,1480,16,1496,3
2021-09-19,Monterey,053,433212,47383,46486,2575,49061,565
2021-09-19,Napa,055,140530,12316,12190,86,12276,95
2021-09-19,Nevada,057,99092,8343,8203,273,8476,84
2021-09-19,Orange,059,3164182,296571,293258,13991,307249,5354
2021-09-19,Placer,061,380077,33965,33406,3199,36605,364
2021-09-19,Plumas,063,18699,1261,1211,25,1236,5
2021-09-19,Riverside,065,2383286,346791,341566,15913,357479,4804
2021-09-19,Sacramento,067,1510023,147673,146603,3772,150375,2012
2021-09-19,San Benito,069,59416,6969,6942,144,7086,67
2021-09-19,San Bernardino,071,2135413,339568,336688,10575,347263,5506
2021-09-19,San Diego,073,3302833,353436,349225,20519,369744,4006
2021-09-19,San Francisco,075,870044,50141,49458,2164,51622,605
2021-09-19,San Joaquin,077,732212,93618,92467,5029,97496,1615
2021-09-19,San Luis Obispo,079,281455,27664,27208,1081,28289,313
2021-09-19,San Mateo,081,765935,51912,51028,782,51810,567
2021-09-19,Santa Barbara,083,443738,42109,41512,1541,43053,500
2021-09-19,Santa Clara,085,1922200,140698,139410,1098,140508,1841
2021-09-19,Santa Cruz,087,273765,19342,19096,976,20072,211
2021-09-19,Shasta,089,179085,18436,17813,3022,20835,258
2021-09-19,Sierra,091,2930,131,126,13,139,0
2021-09-19,Siskiyou,093,43540,3020,2882,1055,3937,35
2021-09-19,Solano,095,438530,43881,43056,1138,44194,312
2021-09-19,Sonoma,097,501317,39229,38956,481,39437,369
2021-09-19,Stanislaus,099,539301,73036,71830,8148,79978,1091
2021-09-19,Sutter,101,95872,13029,12868,244,13112,153
2021-09-19,Tehama,103,63373,7257,7081,1193,8274,84
2021-09-19,Trinity,105,12862,717,562,196,758,7
2021-09-19,Tulare,107,460477,61756,60160,12721,72881,896
2021-09-19,Tuolumne,109,53932,6165,6097,71,6168,89
2021-09-19,Ventura,111,848112,94450,93491,4123,97614,1120
2021-09-19,Yolo,113,214977,18454,18238,949,19187,239
2021-09-19,Yuba,115,75493,9207,9087,207,9294,61
2021-09-18,Alameda,001,1643700,114384,113300,2638,115938,1320
2021-09-18,Alpine,003,1148,99,100,0,100,0
2021-09-18,Amador,005,37829,4960,4850,49,4899,59
2021-09-18,Butte,007,227075,18587,17961,3279,21240,230
2021-09-18,Calaveras,009,45235,3460,3361,36,3397,66
2021-09-18,Colusa,011,21464,2402,2373,547,2920,16
2021-09-18,Contra Costa,013,1133247,94560,93656,1930,95586,924
2021-09-18,Del Norte,015,27424,3462,3326,26,3352,34
2021-09-18,El Dorado,017,186661,14731,14472,1485,15957,127
2021-09-18,Fresno,019,978130,127106,124771,11269,136040,1889
2021-09-18,Glenn,021,27897,3189,3086,886,3972,25
2021-09-18,Humboldt,023,135768,8058,7881,403,8284,80
2021-09-18,Imperial,025,180216,31350,31096,3124,34220,755
2021-09-18,Inyo,027,18085,1672,1636,33,1669,39
2021-09-18,Kern,029,883053,116945,114781,18117,132898,1459
2021-09-18,Kings,031,150075,28952,28330,1644,29974,285
2021-09-18,Lake,033,64148,6102,5936,122,6058,87
2021-09-18,Lassen,035,31185,6290,6121,269,6390,25
2021-09-18,Los Angeles,037,10098052,1390112,1379880,51936,1431816,25849
2021-09-18,Madera,039,155013,20641,20126,1633,21759,257
2021-09-18,Marin,041,260295,16854,16685,396,17081,242
2021-09-18,Mariposa,043,17540,920,871,30,901,5
2021-09-18,Mendocino,045,87422,6727,6523,314,6837,67
2021-09-18,Merced,047,269075,38427,37977,1413,39390,535
2021-09-18,Modoc,049,8938,469,457,161,618,5
2021-09-18,Mono,051,14174,1509,1480,16,1496,3
2021-09-18,Monterey,053,433212,47345,46466,2572,49038,565
2021-09-18,Napa,055,140530,12304,12168,86,12254,95
2021-09-18,Nevada,057,99092,8326,8183,273,8456,84
2021-09-18,Orange,059,3164182,296376,293005,13977,306982,5354
2021-09-18,Placer,061,380077,33893,33309,3196,36505,364
2021-09-18,Plumas,063,18699,1260,1204,25,1229,5
2021-09-18,Riverside,065,2383286,346406,341136,15898,357034,4802
2021-09-18,Sacramento,067,1510023,147490,146162,3763,149925,2016
2021-09-18,San Benito,069,59416,6964,6937,144,7081,67
2021-09-18,San Bernardino,071,2135413,339296,336380,10562,346942,5501
2021-09-18,San Diego,073,3302833,353035,348848,20509,369357,4006
2021-09-18,San Francisco,075,870044,50078,49359,2159,51518,605
2021-09-18,San Joaquin,077,732212,93509,92242,5017,97259,1615
2021-09-18,San Luis Obispo,079,281455,27627,27181,1078,28259,313
2021-09-18,San Mateo,081,765935,51861,50961,780,51741,567
2021-09-18,Santa Barbara,083,443738,42045,41465,1541,43006,500
2021-09-18,Santa Clara,085,1922200,140577,139233,1095,140328,1841
2021-09-18,Santa Cruz,087,273765,19322,19079,976,20055,211
2021-09-18,Shasta,089,179085,18373,17777,3004,20781,258
2021-09-18,Sierra,091,2930,130,125,13,138,0
2021-09-18,Siskiyou,093,43540,3017,2875,1049,3924,35
2021-09-18,Solano,095,438530,43841,42966,1135,44101,312
2021-09-18,Sonoma,097,501317,39194,38891,479,39370,369
2021-09-18,Stanislaus,099,539301,72890,71587,8123,79710,1091
2021-09-18,Sutter,101,95872,13015,12829,244,13073,153
2021-09-18,Tehama,103,63373,7242,7055,1186,8241,84
2021-09-18,Trinity,105,12862,715,561,196,757,7
2021-09-18,Tulare,107,460477,61680,60003,12669,72672,896
2021-09-18,Tuolumne,109,53932,6150,6069,71,6140,89
2021-09-18,Ventura,111,848112,94382,93424,4118,97542,1120
2021-09-18,Yolo,113,214977,18428,18213,943,19156,239
2021-09-18,Yuba,115,75493,9193,9061,206,9267,61
2021-09-17,Alameda,001,1643700,114257,113070,2636,115706,1320
2021-09-17,Alpine,003,1148,99,99,0,99,0
2021-09-17,Amador,005,37829,4944,4835,48,4883,58
2021-09-17,Butte,007,227075,18536,17870,3270,21140,230
2021-09-17,Calaveras,009,45235,3448,3338,35,3373,66
2021-09-17,Colusa,011,21464,2401,2369,542,2911,16
2021-09-17,Contra Costa,013,1133247,94458,93485,1927,95412,924
2021-09-17,Del Norte,015,27424,3457,3311,24,3335,34
2021-09-17,El Dorado,017,186661,14712,14421,1483,15904,127
2021-09-17,Fresno,019,978130,126887,124296,11260,135556,1882
2021-09-17,Glenn,021,27897,3174,3072,884,3956,25
2021-09-17,Humboldt,023,135768,8037,7850,403,8253,80
2021-09-17,Imperial,025,180216,31324,31031,3123,34154,755
2021-09-17,Inyo,027,18085,1664,1634,33,1667,39
2021-09-17,Kern,029,883053,116754,114303,18020,132323,1456
2021-09-17,Kings,031,150075,28887,28240,1642,29882,281
2021-09-17,Lake,033,64148,6089,5915,122,6037,87
2021-09-17,Lassen,035,31185,6275,6080,267,6347,25
2021-09-17,Los Angeles,037,10098052,1389138,1377905,51869,1429774,25820
2021-09-17,Madera,039,155013,20589,20040,1621,21661,257
2021-09-17,Marin,041,260295,16841,16658,394,17052,242
2021-09-17,Mariposa,043,17540,918,869,30,899,5
2021-09-17,Mendocino,045,87422,6708,6498,314,6812,67
2021-09-17,Merced,047,269075,38380,37803,1411,39214,533
2021-09-17,Modoc,049,8938,469,456,161,617,5
2021-09-17,Mono,051,14174,1505,1457,16,1473,3
2021-09-17,Monterey,053,433212,47322,46421,2571,48992,564
2021-09-17,Napa,055,140530,12283,12153,86,12239,95
2021-09-17,Nevada,057,99092,8311,8157,273,8430,84
2021-09-17,Orange,059,3164182,296157,292685,13959,306644,5346
2021-09-17,Placer,061,380077,33832,33188,3186,36374,362
2021-09-17,Plumas,063,18699,1251,1192,24,1216,5
2021-09-17,Riverside,065,2383286,346005,340445,15887,356332,4792
2021-09-17,Sacramento,067,1510023,147291,145985,3752,149737,1999
2021-09-17,San Benito,069,59416,6961,6929,144,7073,67
2021-09-17,San Bernardino,071,2135413,338941,335810,10555,346365,5488
2021-09-17,San Diego,073,3302833,352602,348098,20491,368589,4002
2021-09-17,San Francisco,075,870044,50026,49249,2154,51403,605
2021-09-17,San Joaquin,077,732212,93371,91977,5005,96982,1610
2021-09-17,San Luis Obispo,079,281455,27593,27102,1067,28169,311
2021-09-17,San Mateo,081,765935,51807,50854,779,51633,564
2021-09-17,Santa Barbara,083,443738,41982,41354,1540,42894,498
2021-09-17,Santa Clara,085,1922200,140428,138939,1094,140033,1838
2021-09-17,Santa Cruz,087,273765,19297,19039,976,20015,211
2021-09-17,Shasta,089,179085,18302,17617,2991,20608,254
2021-09-17,Sierra,091,2930,130,124,13,137,0
2021-09-17,Siskiyou,093,43540,3002,2852,1049,3901,35
2021-09-17,Solano,095,438530,43778,42898,1131,44029,312
2021-09-17,Sonoma,097,501317,39157,38808,478,39286,369
2021-09-17,Stanislaus,099,539301,72783,71408,8105,79513,1091
2021-09-17,Sutter,101,95872,12999,12799,242,13041,153
2021-09-17,Tehama,103,63373,7218,7020,1174,8194,84
2021-09-17,Trinity,105,12862,710,556,195,751,7
2021-09-17,Tulare,107,460477,61564,59689,12635,72324,895
2021-09-17,Tuolumne,109,53932,6131,6047,71,6118,89
2021-09-17,Ventura,111,848112,94270,93273,4116,97389,1116
2021-09-17,Yolo,113,214977,18397,18177,939,19116,239
2021-09-17,Yuba,115,75493,9166,9019,205,9224,61
2021-09-16,Alameda,001,1643700,114078,112770,2633,115403,1318
2021-09-16,Alpine,003,1148,99,99,0,99,0
2021-09-16,Amador,005,37829,4924,4819,48,4867,58
2021-09-16,Butte,007,227075,18462,17750,3254,21004,230
2021-09-16,Calaveras,009,45235,3414,3313,35,3348,66
2021-09-16,Colusa,011,21464,2399,2363,540,2903,16
2021-09-16,Contra Costa,013,1133247,94288,93213,1919,95132,917
2021-09-16,Del Norte,015,27424,3439,3285,24,3309,34
2021-09-16,El Dorado,017,186661,14672,14372,1475,15847,127
2021-09-16,Fresno,019,978130,126529,123853,11220,135073,1868
2021-09-16,Glenn,021,27897,3162,3068,882,3950,24
2021-09-16,Humboldt,023,135768,8003,7809,393,8202,80
2021-09-16,Imperial,025,180216,31281,30966,3115,34081,753
2021-09-16,Inyo,027,18085,1662,1623,33,1656,39
2021-09-16,Kern,029,883053,116483,113828,17952,131780,1448
2021-09-16,Kings,031,150075,28801,28114,1633,29747,280
2021-09-16,Lake,033,64148,6065,5890,119,6009,87
2021-09-16,Lassen,035,31185,6240,6028,262,6290,25
2021-09-16,Los Angeles,037,10098052,1387748,1376277,51804,1428081,25796
2021-09-16,Madera,039,155013,20513,19974,1615,21589,257
2021-09-16,Marin,041,260295,16814,16625,393,17018,242
2021-09-16,Mariposa,043,17540,912,849,30,879,6
2021-09-16,Mendocino,045,87422,6670,6445,305,6750,67
2021-09-16,Merced,047,269075,38273,37675,1408,39083,532
2021-09-16,Modoc,049,8938,467,455,161,616,5
2021-09-16,Mono,051,14174,1499,1449,16,1465,3
2021-09-16,Monterey,053,433212,47268,46342,2565,48907,562
2021-09-16,Napa,055,140530,12258,12115,82,12197,95
2021-09-16,Nevada,057,99092,8283,8121,272,8393,84
2021-09-16,Orange,059,3164182,295812,292183,13939,306122,5340
2021-09-16,Placer,061,380077,33736,33037,3167,36204,354
2021-09-16,Plumas,063,18699,1243,1178,24,1202,5
2021-09-16,Riverside,065,2383286,345473,339770,15873,355643,4786
2021-09-16,Sacramento,067,1510023,146934,145754,3720,149474,1996
2021-09-16,San Benito,069,59416,6948,6913,143,7056,67
2021-09-16,San Bernardino,071,2135413,338514,335129,10548,345677,5474
2021-09-16,San Diego,073,3302833,351976,347472,20456,367928,3994
2021-09-16,San Francisco,075,870044,49941,49133,2145,51278,605
2021-09-16,San Joaquin,077,732212,93131,91650,4960,96610,1608
2021-09-16,San Luis Obispo,079,281455,27521,27044,1063,28107,310
2021-09-16,San Mateo,081,765935,51729,50773,776,51549,564
2021-09-16,Santa Barbara,083,443738,41915,41272,1537,42809,497
2021-09-16,Santa Clara,085,1922200,140273,138685,1090,139775,1835
2021-09-16,Santa Cruz,087,273765,19269,19011,976,19987,211
2021-09-16,Shasta,089,179085,18177,17438,2957,20395,251
2021-09-16,Sierra,091,2930,130,123,13,136,0
2021-09-16,Siskiyou,093,43540,2982,2819,1042,3861,35
2021-09-16,Solano,095,438530,43706,42792,1122,43914,312
2021-09-16,Sonoma,097,501317,39094,38707,477,39184,369
2021-09-16,Stanislaus,099,539301,72547,71105,8089,79194,1091
2021-09-16,Sutter,101,95872,12955,12729,236,12965,152
2021-09-16,Tehama,103,63373,7179,6953,1163,8116,83
2021-09-16,Trinity,105,12862,707,547,194,741,7
2021-09-16,Tulare,107,460477,61343,59459,12561,72020,894
2021-09-16,Tuolumne,109,53932,6111,5999,70,6069,89
2021-09-16,Ventura,111,848112,94131,93087,4112,97199,1110
2021-09-16,Yolo,113,214977,18366,18135,937,19072,239
2021-09-16,Yuba,115,75493,9132,8981,202,9183,61
2021-09-15,Alameda,001,1643700,113905,112498,2625,115123,1317
2021-09-15,Alpine,003,1148,99,99,0,99,0
2021-09-15,Amador,005,37829,4916,4792,48,4840,58
2021-09-15,Butte,007,227075,18364,17664,3234,20898,228
2021-09-15,Calaveras,009,45235,3382,3293,33,3326,66
2021-09-15,Colusa,011,21464,2397,2352,537,2889,16
2021-09-15,Contra Costa,013,1133247,94108,92989,1907,94896,913
2021-09-15,Del Norte,015,27424,3426,3271,22,3293,34
2021-09-15,El Dorado,017,186661,14646,14309,1467,15776,127
2021-09-15,Fresno,019,978130,126151,123370,11178,134548,1867
2021-09-15,Glenn,021,27897,3149,3051,877,3928,20
2021-09-15,Humboldt,023,135768,7968,7754,388,8142,52
2021-09-15,Imperial,025,180216,31226,30891,3110,34001,753
2021-09-15,Inyo,027,18085,1658,1614,33,1647,39
2021-09-15,Kern,029,883053,116136,113546,17853,131399,1434
2021-09-15,Kings,031,150075,28722,27991,1624,29615,279
2021-09-15,Lake,033,64148,6033,5852,118,5970,85
2021-09-15,Lassen,035,31185,6180,6018,257,6275,25
2021-09-15,Los Angeles,037,10098052,1386250,1374307,51735,1426042,25767
2021-09-15,Madera,039,155013,20439,19880,1608,21488,257
2021-09-15,Marin,041,260295,16779,16592,388,16980,242
2021-09-15,Mariposa,043,17540,901,843,30,873,5
2021-09-15,Mendocino,045,87422,6640,6399,300,6699,66
2021-09-15,Merced,047,269075,38165,37508,1406,38914,529
2021-09-15,Modoc,049,8938,467,454,161,615,5
2021-09-15,Mono,051,14174,1493,1445,16,1461,3
2021-09-15,Monterey,053,433212,47198,46317,2553,48870,562
2021-09-15,Napa,055,140530,12237,12082,82,12164,95
2021-09-15,Nevada,057,99092,8261,8081,269,8350,84
2021-09-15,Orange,059,3164182,295490,291834,13920,305754,5328
2021-09-15,Placer,061,380077,33624,32860,3145,36005,352
2021-09-15,Plumas,063,18699,1238,1164,23,1187,5
2021-09-15,Riverside,065,2383286,344890,339077,15849,354926,4769
2021-09-15,Sacramento,067,1510023,146507,145202,3689,148891,1981
2021-09-15,San Benito,069,59416,6945,6902,143,7045,67
2021-09-15,San Bernardino,071,2135413,338056,334556,10534,345090,5470
2021-09-15,San Diego,073,3302833,351347,346933,20430,367363,3983
2021-09-15,San Francisco,075,870044,49830,48999,2140,51139,605
2021-09-15,San Joaquin,077,732212,92855,91322,4917,96239,1607
2021-09-15,San Luis Obispo,079,281455,27438,26943,1057,28000,306
2021-09-15,San Mateo,081,765935,51647,50691,773,51464,564
2021-09-15,Santa Barbara,083,443738,41814,41077,1532,42609,497
2021-09-15,Santa Clara,085,1922200,140101,138410,1085,139495,1833
2021-09-15,Santa Cruz,087,273765,19231,18984,974,19958,210
2021-09-15,Shasta,089,179085,18066,17317,2936,20253,250
2021-09-15,Sierra,091,2930,130,123,13,136,0
2021-09-15,Siskiyou,093,43540,2962,2804,1011,3815,35
2021-09-15,Solano,095,438530,43634,42682,1117,43799,312
2021-09-15,Sonoma,097,501317,39035,38629,477,39106,369
2021-09-15,Stanislaus,099,539301,72323,70852,8068,78920,1091
2021-09-15,Sutter,101,95872,12922,12699,231,12930,151
2021-09-15,Tehama,103,63373,7138,6894,1154,8048,79
2021-09-15,Trinity,105,12862,705,541,192,733,7
2021-09-15,Tulare,107,460477,61085,59149,12500,71649,890
2021-09-15,Tuolumne,109,53932,6085,5969,70,6039,89
2021-09-15,Ventura,111,848112,93990,92960,4105,97065,1109
2021-09-15,Yolo,113,214977,18332,18064,929,18993,239
2021-09-15,Yuba,115,75493,9098,8953,202,9155,61
2021-09-14,Alameda,001,1643700,113695,112329,2619,114948,1316
2021-09-14,Alpine,003,1148,99,98,0,98,0
2021-09-14,Amador,005,37829,4896,4790,48,4838,57
2021-09-14,Butte,007,227075,18232,17516,3210,20726,226
2021-09-14,Calaveras,009,45235,3359,3280,30,3310,66
2021-09-14,Colusa,011,21464,2393,2344,533,2877,16
2021-09-14,Contra Costa,013,1133247,93909,92822,1898,94720,908
2021-09-14,Del Norte,015,27424,3410,3252,21,3273,32
2021-09-14,El Dorado,017,186661,14594,14247,1459,15706,123
2021-09-14,Fresno,019,978130,125676,123151,11136,134287,1856
2021-09-14,Glenn,021,27897,3128,3045,872,3917,20
2021-09-14,Humboldt,023,135768,7934,7717,383,8100,52
2021-09-14,Imperial,025,180216,31176,30845,3107,33952,752
2021-09-14,Inyo,027,18085,1649,1605,32,1637,39
2021-09-14,Kern,029,883053,115757,113250,17727,130977,1428
2021-09-14,Kings,031,150075,28646,27955,1616,29571,278
2021-09-14,Lake,033,64148,6001,5845,118,5963,83
2021-09-14,Lassen,035,31185,6166,5977,252,6229,25
2021-09-14,Los Angeles,037,10098052,1384412,1372831,51652,1424483,25729
2021-09-14,Madera,039,155013,20357,19800,1599,21399,254
2021-09-14,Marin,041,260295,16752,16584,386,16970,242
2021-09-14,Mariposa,043,17540,890,834,29,863,5
2021-09-14,Mendocino,045,87422,6604,6372,288,6660,65
2021-09-14,Merced,047,269075,38015,37430,1402,38832,526
2021-09-14,Modoc,049,8938,466,453,161,614,5
2021-09-14,Mono,051,14174,1489,1440,16,1456,4
2021-09-14,Monterey,053,433212,47156,46224,2541,48765,558
2021-09-14,Napa,055,140530,12204,12070,81,12151,91
2021-09-14,Nevada,057,99092,8227,8056,269,8325,83
2021-09-14,Orange,059,3164182,295097,291423,13896,305319,5319
2021-09-14,Placer,061,380077,33493,32735,3125,35860,350
2021-09-14,Plumas,063,18699,1223,1148,23,1171,5
2021-09-14,Riverside,065,2383286,344250,338534,15818,354352,4748
2021-09-14,Sacramento,067,1510023,146121,145051,3641,148692,1977
2021-09-14,San Benito,069,59416,6935,6887,143,7030,64
2021-09-14,San Bernardino,071,2135413,337562,333968,10509,344477,5465
2021-09-14,San Diego,073,3302833,350675,346204,20385,366589,3966
2021-09-14,San Francisco,075,870044,49695,48998,2138,51136,603
2021-09-14,San Joaquin,077,732212,92616,91128,4907,96035,1596
2021-09-14,San Luis Obispo,079,281455,27365,26845,1052,27897,304
2021-09-14,San Mateo,081,765935,51548,50602,770,51372,564
2021-09-14,Santa Barbara,083,443738,41718,40783,1523,42306,495
2021-09-14,Santa Clara,085,1922200,139866,138321,1082,139403,1828
2021-09-14,Santa Cruz,087,273765,19191,18965,972,19937,210
2021-09-14,Shasta,089,179085,17935,17152,2915,20067,246
2021-09-14,Sierra,091,2930,130,123,13,136,0
2021-09-14,Siskiyou,093,43540,2938,2756,994,3750,35
2021-09-14,Solano,095,438530,43551,42599,1114,43713,307
2021-09-14,Sonoma,097,501317,38965,38595,473,39068,369
2021-09-14,Stanislaus,099,539301,72064,70697,8040,78737,1091
2021-09-14,Sutter,101,95872,12880,12670,224,12894,149
2021-09-14,Tehama,103,63373,7084,6859,1146,8005,80
2021-09-14,Trinity,105,12862,699,538,191,729,7
2021-09-14,Tulare,107,460477,60834,58961,12428,71389,888
2021-09-14,Tuolumne,109,53932,6064,5951,68,6019,89
2021-09-14,Ventura,111,848112,93810,92841,4089,96930,1107
2021-09-14,Yolo,113,214977,18288,18039,924,18963,239
2021-09-14,Yuba,115,75493,9062,8928,202,9130,61
2021-09-13,Alameda,001,1643700,113474,112159,2614,114773,1309
2021-09-13,Alpine,003,1148,98,98,0,98,0
2021-09-13,Amador,005,37829,4878,4761,48,4809,56
2021-09-13,Butte,007,227075,18108,17393,3183,20576,225
2021-09-13,Calaveras,009,45235,3329,3253,28,3281,65
2021-09-13,Colusa,011,21464,2383,2346,528,2874,16
2021-09-13,Contra Costa,013,1133247,93663,92658,1893,94551,908
2021-09-13,Del Norte,015,27424,3374,3232,21,3253,28
2021-09-13,El Dorado,017,186661,14533,14194,1451,15645,119
2021-09-13,Fresno,019,978130,125209,122650,11079,133729,1853
2021-09-13,Glenn,021,27897,3116,3026,864,3890,20
2021-09-13,Humboldt,023,135768,7902,7659,380,8039,52
2021-09-13,Imperial,025,180216,31124,30802,3104,33906,751
2021-09-13,Inyo,027,18085,1642,1602,32,1634,39
2021-09-13,Kern,029,883053,115376,112930,17602,130532,1424
2021-09-13,Kings,031,150075,28536,27858,1604,29462,275
2021-09-13,Lake,033,64148,5979,5809,118,5927,82
2021-09-13,Lassen,035,31185,6131,5953,251,6204,25
2021-09-13,Los Angeles,037,10098052,1382551,1371423,51584,1423007,25703
2021-09-13,Madera,039,155013,20286,19735,1589,21324,252
2021-09-13,Marin,041,260295,16716,16557,385,16942,242
2021-09-13,Mariposa,043,17540,876,825,29,854,5
2021-09-13,Mendocino,045,87422,6569,6323,279,6602,61
2021-09-13,Merced,047,269075,37863,37291,1397,38688,521
2021-09-13,Modoc,049,8938,465,451,161,612,5
2021-09-13,Mono,051,14174,1483,1435,16,1451,3
2021-09-13,Monterey,053,433212,47065,46188,2528,48716,558
2021-09-13,Napa,055,140530,12186,12039,81,12120,91
2021-09-13,Nevada,057,99092,8201,8021,267,8288,83
2021-09-13,Orange,059,3164182,294664,291128,13875,305003,5312
2021-09-13,Placer,061,380077,33328,32617,3108,35725,343
2021-09-13,Plumas,063,18699,1214,1142,23,1165,5
2021-09-13,Riverside,065,2383286,343605,337876,15800,353676,4731
2021-09-13,Sacramento,067,1510023,145634,144537,3607,148144,1956
2021-09-13,San Benito,069,59416,6920,6867,142,7009,64
2021-09-13,San Bernardino,071,2135413,337075,333613,10484,344097,5441
2021-09-13,San Diego,073,3302833,349885,345647,20335,365982,3961
2021-09-13,San Francisco,075,870044,49566,48914,2132,51046,603
2021-09-13,San Joaquin,077,732212,92332,90966,4889,95855,1581
2021-09-13,San Luis Obispo,079,281455,27268,26805,1049,27854,300
2021-09-13,San Mateo,081,765935,51457,50525,765,51290,564
2021-09-13,Santa Barbara,083,443738,41601,40661,1516,42177,494
2021-09-13,Santa Clara,085,1922200,139618,138152,1077,139229,1820
2021-09-13,Santa Cruz,087,273765,19151,18917,971,19888,210
2021-09-13,Shasta,089,179085,17805,17033,2873,19906,243
2021-09-13,Sierra,091,2930,130,123,13,136,0
2021-09-13,Siskiyou,093,43540,2923,2745,982,3727,35
2021-09-13,Solano,095,438530,43447,42501,1111,43612,306
2021-09-13,Sonoma,097,501317,38898,38513,470,38983,368
2021-09-13,Stanislaus,099,539301,71810,70477,8005,78482,1091
2021-09-13,Sutter,101,95872,12822,12624,220,12844,145
2021-09-13,Tehama,103,63373,7021,6803,1134,7937,79
2021-09-13,Trinity,105,12862,697,533,189,722,7
2021-09-13,Tulare,107,460477,60550,58768,12366,71134,887
2021-09-13,Tuolumne,109,53932,6033,5909,68,5977,89
2021-09-13,Ventura,111,848112,93657,92679,4081,96760,1107
2021-09-13,Yolo,113,214977,18246,17974,919,18893,239
2021-09-13,Yuba,115,75493,9017,8884,201,9085,61
2021-09-12,Alameda,001,1643700,113201,111961,2611,114572,1309
2021-09-12,Alpine,003,1148,98,98,0,98,0
2021-09-12,Amador,005,37829,4857,4752,48,4800,56
2021-09-12,Butte,007,227075,17963,17257,3139,20396,221
2021-09-12,Calaveras,009,45235,3297,3236,24,3260,65
2021-09-12,Colusa,011,21464,2380,2344,527,2871,16
2021-09-12,Contra Costa,013,1133247,93396,92498,1881,94379,908
2021-09-12,Del Norte,015,27424,3339,3200,21,3221,28
2021-09-12,El Dorado,017,186661,14460,14167,1435,15602,119
2021-09-12,Fresno,019,978130,124694,122407,11031,133438,1853
2021-09-12,Glenn,021,27897,3097,3016,857,3873,20
2021-09-12,Humboldt,023,135768,7832,7636,369,8005,52
2021-09-12,Imperial,025,180216,31061,30790,3098,33888,751
2021-09-12,Inyo,027,18085,1632,1596,30,1626,39
2021-09-12,Kern,029,883053,114965,112602,17443,130045,1424
2021-09-12,Kings,031,150075,28425,27764,1587,29351,274
2021-09-12,Lake,033,64148,5940,5781,116,5897,82
2021-09-12,Lassen,035,31185,6094,5943,241,6184,25
2021-09-12,Los Angeles,037,10098052,1380496,1365968,51508,1417476,25630
2021-09-12,Madera,039,155013,20199,19691,1577,21268,252
2021-09-12,Marin,041,260295,16693,16526,385,16911,242
2021-09-12,Mariposa,043,17540,865,811,27,838,5
2021-09-12,Mendocino,045,87422,6528,6283,271,6554,61
2021-09-12,Merced,047,269075,37690,37172,1386,38558,521
2021-09-12,Modoc,049,8938,465,451,160,611,5
2021-09-12,Mono,051,14174,1476,1431,16,1447,3
2021-09-12,Monterey,053,433212,46967,46167,2519,48686,558
2021-09-12,Napa,055,140530,12156,12011,81,12092,91
2021-09-12,Nevada,057,99092,8162,7987,264,8251,83
2021-09-12,Orange,059,3164182,294200,290718,13854,304572,5312
2021-09-12,Placer,061,380077,33180,32520,3084,35604,343
2021-09-12,Plumas,063,18699,1195,1138,23,1161,5
2021-09-12,Riverside,065,2383286,342922,337332,15767,353099,4731
2021-09-12,Sacramento,067,1510023,145125,144030,3567,147597,1959
2021-09-12,San Benito,069,59416,6901,6852,141,6993,64
2021-09-12,San Bernardino,071,2135413,336463,333049,10471,343520,5439
2021-09-12,San Diego,073,3302833,349062,345058,20262,365320,3942
2021-09-12,San Francisco,075,870044,49454,48819,2125,50944,603
2021-09-12,San Joaquin,077,732212,92003,90730,4881,95611,1581
2021-09-12,San Luis Obispo,079,281455,27150,26729,1036,27765,299
2021-09-12,San Mateo,081,765935,51349,50432,761,51193,564
2021-09-12,Santa Barbara,083,443738,41493,40600,1508,42108,494
2021-09-12,Santa Clara,085,1922200,139363,137899,1074,138973,1820
2021-09-12,Santa Cruz,087,273765,19119,18892,970,19862,210
2021-09-12,Shasta,089,179085,17640,16957,2815,19772,243
2021-09-12,Sierra,091,2930,130,123,13,136,0
2021-09-12,Siskiyou,093,43540,2895,2730,967,3697,35
2021-09-12,Solano,095,438530,43341,42409,1106,43515,306
2021-09-12,Sonoma,097,501317,38820,38456,468,38924,368
2021-09-12,Stanislaus,099,539301,71511,70184,7966,78150,1091
2021-09-12,Sutter,101,95872,12780,12589,214,12803,145
2021-09-12,Tehama,103,63373,6957,6732,1122,7854,79
2021-09-12,Trinity,105,12862,693,529,187,716,7
2021-09-12,Tulare,107,460477,60196,58582,12306,70888,887
2021-09-12,Tuolumne,109,53932,6000,5888,68,5956,89
2021-09-12,Ventura,111,848112,93540,92496,4075,96571,1107
2021-09-12,Yolo,113,214977,18180,17943,911,18854,239
2021-09-12,Yuba,115,75493,8982,8842,201,9043,61
2021-09-11,Alameda,001,1643700,113074,111715,2609,114324,1309
2021-09-11,Alpine,003,1148,98,98,0,98,0
2021-09-11,Amador,005,37829,4844,4728,47,4775,56
2021-09-11,Butte,007,227075,17881,17218,3112,20330,221
2021-09-11,Calaveras,009,45235,3294,3208,23,3231,65
2021-09-11,Colusa,011,21464,2379,2338,524,2862,16
2021-09-11,Contra Costa,013,1133247,93278,92269,1876,94145,908
2021-09-11,Del Norte,015,27424,3323,3184,21,3205,28
2021-09-11,El Dorado,017,186661,14441,14117,1428,15545,119
2021-09-11,Fresno,019,978130,124513,122224,11011,133235,1853
2021-09-11,Glenn,021,27897,3093,3007,855,3862,20
2021-09-11,Humboldt,023,135768,7810,7615,366,7981,52
2021-09-11,Imperial,025,180216,31036,30760,3094,33854,751
2021-09-11,Inyo,027,18085,1629,1590,30,1620,39
2021-09-11,Kern,029,883053,114715,112205,17327,129532,1424
2021-09-11,Kings,031,150075,28376,27631,1581,29212,275
2021-09-11,Lake,033,64148,5920,5761,116,5877,82
2021-09-11,Lassen,035,31185,6079,5930,237,6167,25
2021-09-11,Los Angeles,037,10098052,1379532,1365831,51443,1417274,25630
2021-09-11,Madera,039,155013,20146,19648,1572,21220,252
2021-09-11,Marin,041,260295,16665,16496,384,16880,242
2021-09-11,Mariposa,043,17540,860,799,27,826,5
2021-09-11,Mendocino,045,87422,6504,6257,271,6528,61
2021-09-11,Merced,047,269075,37636,37042,1383,38425,521
2021-09-11,Modoc,049,8938,465,449,160,609,5
2021-09-11,Mono,051,14174,1470,1431,16,1447,3
2021-09-11,Monterey,053,433212,46930,46140,2517,48657,558
2021-09-11,Napa,055,140530,12133,11991,81,12072,91
2021-09-11,Nevada,057,99092,8147,7967,264,8231,83
2021-09-11,Orange,059,3164182,293899,290429,13837,304266,5306
2021-09-11,Placer,061,380077,33096,32414,3073,35487,344
2021-09-11,Plumas,063,18699,1190,1112,23,1135,5
2021-09-11,Riverside,065,2383286,342484,336585,15753,352338,4731
2021-09-11,Sacramento,067,1510023,144825,143557,3555,147112,1955
2021-09-11,San Benito,069,59416,6888,6844,141,6985,64
2021-09-11,San Bernardino,071,2135413,336123,332512,10457,342969,5430
2021-09-11,San Diego,073,3302833,348572,344355,20238,364593,3942
2021-09-11,San Francisco,075,870044,49399,48660,2120,50780,603
2021-09-11,San Joaquin,077,732212,91858,90482,4874,95356,1581
2021-09-11,San Luis Obispo,079,281455,27104,26651,1035,27686,299
2021-09-11,San Mateo,081,765935,51277,50341,761,51102,564
2021-09-11,Santa Barbara,083,443738,41420,40451,1508,41959,494
2021-09-11,Santa Clara,085,1922200,139213,137659,1071,138730,1820
2021-09-11,Santa Cruz,087,273765,19090,18865,970,19835,210
2021-09-11,Shasta,089,179085,17547,16877,2795,19672,243
2021-09-11,Sierra,091,2930,130,123,13,136,0
2021-09-11,Siskiyou,093,43540,2878,2717,964,3681,35
2021-09-11,Solano,095,438530,43290,42344,1103,43447,306
2021-09-11,Sonoma,097,501317,38773,38399,466,38865,368
2021-09-11,Stanislaus,099,539301,71385,69974,7952,77926,1091
2021-09-11,Sutter,101,95872,12755,12538,211,12749,145
2021-09-11,Tehama,103,63373,6936,6703,1114,7817,79
2021-09-11,Trinity,105,12862,686,526,187,713,7
2021-09-11,Tulare,107,460477,60085,58321,12259,70580,889
2021-09-11,Tuolumne,109,53932,5981,5879,65,5944,89
2021-09-11,Ventura,111,848112,93461,92328,4070,96398,1107
2021-09-11,Yolo,113,214977,18157,17906,906,18812,239
2021-09-11,Yuba,115,75493,8957,8813,201,9014,61
2021-09-10,Alameda,001,1643700,112882,111386,2608,113994,1306
2021-09-10,Alpine,003,1148,97,97,0,97,0
2021-09-10,Amador,005,37829,4832,4706,47,4753,56
2021-09-10,Butte,007,227075,17806,17051,3097,20148,222
2021-09-10,Calaveras,009,45235,3288,3183,23,3206,65
2021-09-10,Colusa,011,21464,2375,2327,521,2848,16
2021-09-10,Contra Costa,013,1133247,93156,92024,1874,93898,908
2021-09-10,Del Norte,015,27424,3308,3128,20,3148,28
2021-09-10,El Dorado,017,186661,14410,14051,1423,15474,119
2021-09-10,Fresno,019,978130,124191,121659,10991,132650,1846
2021-09-10,Glenn,021,27897,3088,2977,855,3832,20
2021-09-10,Humboldt,023,135768,7777,7543,362,7905,52
2021-09-10,Imperial,025,180216,31013,30716,3092,33808,751
2021-09-10,Inyo,027,18085,1625,1590,30,1620,39
2021-09-10,Kern,029,883053,114461,111832,17208,129040,1419
2021-09-10,Kings,031,150075,28302,27473,1573,29046,274
2021-09-10,Lake,033,64148,5904,5713,114,5827,79
2021-09-10,Lassen,035,31185,6071,5914,234,6148,25
2021-09-10,Los Angeles,037,10098052,1378324,1365709,51376,1417085,25630
2021-09-10,Madera,039,155013,20100,19520,1567,21087,252
2021-09-10,Marin,041,260295,16645,16458,381,16839,242
2021-09-10,Mariposa,043,17540,855,795,27,822,5
2021-09-10,Mendocino,045,87422,6472,6184,270,6454,61
2021-09-10,Merced,047,269075,37584,36884,1382,38266,521
2021-09-10,Modoc,049,8938,465,448,160,608,5
2021-09-10,Mono,051,14174,1465,1422,16,1438,3
2021-09-10,Monterey,053,433212,46886,46084,2515,48599,557
2021-09-10,Napa,055,140530,12109,11948,81,12029,90
2021-09-10,Nevada,057,99092,8129,7932,263,8195,83
2021-09-10,Orange,059,3164182,293591,290022,13828,303850,5302
2021-09-10,Placer,061,380077,32995,32264,3060,35324,343
2021-09-10,Plumas,063,18699,1182,1111,23,1134,5
2021-09-10,Riverside,065,2383286,342011,335988,15746,351734,4720
2021-09-10,Sacramento,067,1510023,144482,143244,3547,146791,1950
2021-09-10,San Benito,069,59416,6884,6824,141,6965,64
2021-09-10,San Bernardino,071,2135413,335703,331894,10447,342341,5422
2021-09-10,San Diego,073,3302833,348009,343173,20197,363370,3941
2021-09-10,San Francisco,075,870044,49320,48518,2113,50631,602
2021-09-10,San Joaquin,077,732212,91678,90208,4868,95076,1573
2021-09-10,San Luis Obispo,079,281455,27071,26526,1033,27559,299
2021-09-10,San Mateo,081,765935,51210,50251,760,51011,564
2021-09-10,Santa Barbara,083,443738,41365,40321,1505,41826,492
2021-09-10,Santa Clara,085,1922200,139029,137337,1070,138407,1817
2021-09-10,Santa Cruz,087,273765,19071,18785,969,19754,210
2021-09-10,Shasta,089,179085,17453,16667,2767,19434,242
2021-09-10,Sierra,091,2930,130,117,13,130,0
2021-09-10,Siskiyou,093,43540,2866,2702,960,3662,35
2021-09-10,Solano,095,438530,43216,42230,1096,43326,305
2021-09-10,Sonoma,097,501317,38715,38271,465,38736,368
2021-09-10,Stanislaus,099,539301,71227,69617,7928,77545,1091
2021-09-10,Sutter,101,95872,12721,12468,211,12679,145
2021-09-10,Tehama,103,63373,6903,6652,1108,7760,77
2021-09-10,Trinity,105,12862,682,524,187,711,7
2021-09-10,Tulare,107,460477,59937,57930,12214,70144,883
2021-09-10,Tuolumne,109,53932,5963,5842,64,5906,89
2021-09-10,Ventura,111,848112,93371,92145,4066,96211,1104
2021-09-10,Yolo,113,214977,18132,17825,901,18726,239
2021-09-10,Yuba,115,75493,8938,8760,200,8960,62
2021-09-09,Alameda,001,1643700,112660,111014,2603,113617,1306
2021-09-09,Alpine,003,1148,97,94,0,94,0
2021-09-09,Amador,005,37829,4811,4698,46,4744,56
2021-09-09,Butte,007,227075,17661,16874,3071,19945,221
2021-09-09,Calaveras,009,45235,3254,3165,23,3188,65
2021-09-09,Colusa,011,21464,2368,2321,519,2840,16
2021-09-09,Contra Costa,013,1133247,92947,91687,1869,93556,904
2021-09-09,Del Norte,015,27424,3285,3102,20,3122,28
2021-09-09,El Dorado,017,186661,14353,13970,1413,15383,119
2021-09-09,Fresno,019,978130,123717,121040,10958,131998,1838
2021-09-09,Glenn,021,27897,3075,2947,849,3796,20
2021-09-09,Humboldt,023,135768,7727,7471,356,7827,52
2021-09-09,Imperial,025,180216,30975,30661,3089,33750,751
2021-09-09,Inyo,027,18085,1618,1586,30,1616,39
2021-09-09,Kern,029,883053,114112,111390,17051,128441,1414
2021-09-09,Kings,031,150075,28201,27282,1562,28844,273
2021-09-09,Lake,033,64148,5880,5638,112,5750,79
2021-09-09,Lassen,035,31185,6021,5860,228,6088,25
2021-09-09,Los Angeles,037,10098052,1376463,1363735,51304,1415039,25583
2021-09-09,Madera,039,155013,20027,19401,1554,20955,252
2021-09-09,Marin,041,260295,16622,16416,378,16794,242
2021-09-09,Mariposa,043,17540,842,779,26,805,5
2021-09-09,Mendocino,045,87422,6438,6089,261,6350,61
2021-09-09,Merced,047,269075,37429,36634,1369,38003,516
2021-09-09,Modoc,049,8938,465,448,160,608,5
2021-09-09,Mono,051,14174,1455,1420,16,1436,3
2021-09-09,Monterey,053,433212,46832,45991,2504,48495,556
2021-09-09,Napa,055,140530,12077,11878,81,11959,90
2021-09-09,Nevada,057,99092,8091,7855,263,8118,82
2021-09-09,Orange,059,3164182,293182,289109,13797,302906,5299
2021-09-09,Placer,061,380077,32877,32048,3045,35093,342
2021-09-09,Plumas,063,18699,1172,1098,22,1120,5
2021-09-09,Riverside,065,2383286,341371,334774,15728,350502,4701
2021-09-09,Sacramento,067,1510023,144000,142728,3501,146229,1929
2021-09-09,San Benito,069,59416,6874,6820,140,6960,64
2021-09-09,San Bernardino,071,2135413,335141,331040,10435,341475,5417
2021-09-09,San Diego,073,3302833,347283,342149,20140,362289,3929
2021-09-09,San Francisco,075,870044,49206,48404,2104,50508,597
2021-09-09,San Joaquin,077,732212,91404,89874,4850,94724,1570
2021-09-09,San Luis Obispo,079,281455,26989,26472,1030,27502,296
2021-09-09,San Mateo,081,765935,51088,50143,757,50900,561
2021-09-09,Santa Barbara,083,443738,41259,40180,1501,41681,490
2021-09-09,Santa Clara,085,1922200,138806,137017,1065,138082,1816
2021-09-09,Santa Cruz,087,273765,19025,18728,969,19697,210
2021-09-09,Shasta,089,179085,17307,16401,2725,19126,238
2021-09-09,Sierra,091,2930,130,115,13,128,0
2021-09-09,Siskiyou,093,43540,2843,2683,946,3629,35
2021-09-09,Solano,095,438530,43100,42081,1092,43173,303
2021-09-09,Sonoma,097,501317,38647,38171,464,38635,360
2021-09-09,Stanislaus,099,539301,70942,69178,7895,77073,1074
2021-09-09,Sutter,101,95872,12666,12396,209,12605,144
2021-09-09,Tehama,103,63373,6849,6554,1103,7657,75
2021-09-09,Trinity,105,12862,676,523,185,708,6
2021-09-09,Tulare,107,460477,59695,57564,12154,69718,879
2021-09-09,Tuolumne,109,53932,5935,5802,63,5865,89
2021-09-09,Ventura,111,848112,93228,91610,4057,95667,1098
2021-09-09,Yolo,113,214977,18076,17724,898,18622,239
2021-09-09,Yuba,115,75493,8893,8707,197,8904,55
2021-09-08,Alameda,001,1643700,112406,110781,2600,113381,1305
2021-09-08,Alpine,003,1148,97,94,0,94,0
2021-09-08,Amador,005,37829,4799,4693,46,4739,56
2021-09-08,Butte,007,227075,17528,16775,3054,19829,220
2021-09-08,Calaveras,009,45235,3235,3157,23,3180,63
2021-09-08,Colusa,011,21464,2366,2308,517,2825,16
2021-09-08,Contra Costa,013,1133247,92674,91471,1864,93335,900
2021-09-08,Del Norte,015,27424,3261,3085,20,3105,25
2021-09-08,El Dorado,017,186661,14273,13928,1391,15319,119
2021-09-08,Fresno,019,978130,123225,120644,10902,131546,1831
2021-09-08,Glenn,021,27897,3057,2942,837,3779,20
2021-09-08,Humboldt,023,135768,7683,7438,348,7786,52
2021-09-08,Imperial,025,180216,30942,30609,3076,33685,751
2021-09-08,Inyo,027,18085,1607,1580,30,1610,39
2021-09-08,Kern,029,883053,113715,110933,16911,127844,1409
2021-09-08,Kings,031,150075,28072,27235,1547,28782,267
2021-09-08,Lake,033,64148,5850,5618,110,5728,79
2021-09-08,Lassen,035,31185,6003,5848,221,6069,25
2021-09-08,Los Angeles,037,10098052,1374395,1362029,51216,1413245,25533
2021-09-08,Madera,039,155013,19967,19352,1540,20892,252
2021-09-08,Marin,041,260295,16594,16386,377,16763,242
2021-09-08,Mariposa,043,17540,830,777,25,802,5
2021-09-08,Mendocino,045,87422,6393,6069,252,6321,61
2021-09-08,Merced,047,269075,37267,36500,1358,37858,516
2021-09-08,Modoc,049,8938,465,448,160,608,5
2021-09-08,Mono,051,14174,1449,1418,16,1434,3
2021-09-08,Monterey,053,433212,46783,45959,2498,48457,554
2021-09-08,Napa,055,140530,12042,11842,79,11921,90
2021-09-08,Nevada,057,99092,8055,7843,262,8105,82
2021-09-08,Orange,059,3164182,292774,288511,13773,302284,5290
2021-09-08,Placer,061,380077,32740,31852,3028,34880,337
2021-09-08,Plumas,063,18699,1165,1072,22,1094,5
2021-09-08,Riverside,065,2383286,340611,334037,15702,349739,4683
2021-09-08,Sacramento,067,1510023,143522,142448,3451,145899,1921
2021-09-08,San Benito,069,59416,6856,6800,140,6940,64
2021-09-08,San Bernardino,071,2135413,334539,330279,10419,340698,5411
2021-09-08,San Diego,073,3302833,346347,341437,20094,361531,3926
2021-09-08,San Francisco,075,870044,49067,48263,2101,50364,589
2021-09-08,San Joaquin,077,732212,91125,89631,4826,94457,1561
2021-09-08,San Luis Obispo,079,281455,26895,26303,1025,27328,294
2021-09-08,San Mateo,081,765935,50986,50051,757,50808,561
2021-09-08,Santa Barbara,083,443738,41148,40000,1497,41497,490
2021-09-08,Santa Clara,085,1922200,138572,136836,1061,137897,1810
2021-09-08,Santa Cruz,087,273765,18988,18699,969,19668,210
2021-09-08,Shasta,089,179085,17152,16227,2678,18905,234
2021-09-08,Sierra,091,2930,130,113,13,126,0
2021-09-08,Siskiyou,093,43540,2810,2643,935,3578,35
2021-09-08,Solano,095,438530,43008,41971,1089,43060,302
2021-09-08,Sonoma,097,501317,38564,38075,463,38538,360
2021-09-08,Stanislaus,099,539301,70696,68945,7856,76801,1074
2021-09-08,Sutter,101,95872,12601,12349,206,12555,144
2021-09-08,Tehama,103,63373,6782,6520,1086,7606,75
2021-09-08,Trinity,105,12862,673,520,181,701,6
2021-09-08,Tulare,107,460477,59371,57425,12098,69523,876
2021-09-08,Tuolumne,109,53932,5902,5783,61,5844,89
2021-09-08,Ventura,111,848112,93078,91345,4039,95384,1096
2021-09-08,Yolo,113,214977,17994,17680,893,18573,239
2021-09-08,Yuba,115,75493,8851,8675,195,8870,55
2021-09-07,Alameda,001,1643700,112100,110550,2595,113145,1301
2021-09-07,Alpine,003,1148,96,94,0,94,0
2021-09-07,Amador,005,37829,4772,4679,46,4725,53
2021-09-07,Butte,007,227075,17372,16723,3018,19741,220
2021-09-07,Calaveras,009,45235,3195,3140,21,3161,63
2021-09-07,Colusa,011,21464,2355,2306,516,2822,16
2021-09-07,Contra Costa,013,1133247,92413,91167,1858,93025,891
2021-09-07,Del Norte,015,27424,3247,3081,20,3101,24
2021-09-07,El Dorado,017,186661,14201,13892,1375,15267,119
2021-09-07,Fresno,019,978130,122676,120268,10819,131087,1828
2021-09-07,Glenn,021,27897,3040,2937,829,3766,20
2021-09-07,Humboldt,023,135768,7623,7397,331,7728,52
2021-09-07,Imperial,025,180216,30902,30584,3068,33652,751
2021-09-07,Inyo,027,18085,1601,1579,29,1608,39
2021-09-07,Kern,029,883053,113283,110674,16748,127422,1408
2021-09-07,Kings,031,150075,27948,27169,1529,28698,267
2021-09-07,Lake,033,64148,5807,5597,102,5699,78
2021-09-07,Lassen,035,31185,5985,5842,215,6057,21
2021-09-07,Los Angeles,037,10098052,1372165,1360407,51124,1411531,25486
2021-09-07,Madera,039,155013,19880,19316,1532,20848,249
2021-09-07,Marin,041,260295,16555,16363,377,16740,242
2021-09-07,Mariposa,043,17540,815,771,25,796,5
2021-09-07,Mendocino,045,87422,6330,6036,242,6278,61
2021-09-07,Merced,047,269075,37093,36400,1352,37752,513
2021-09-07,Modoc,049,8938,463,449,160,609,5
2021-09-07,Mono,051,14174,1440,1416,16,1432,3
2021-09-07,Monterey,053,433212,46700,45911,2484,48395,543
2021-09-07,Napa,055,140530,12001,11814,79,11893,90
2021-09-07,Nevada,057,99092,8027,7829,262,8091,82
2021-09-07,Orange,059,3164182,292346,288225,13742,301967,5274
2021-09-07,Placer,061,380077,32587,31710,2999,34709,337
2021-09-07,Plumas,063,18699,1150,1071,22,1093,5
2021-09-07,Riverside,065,2383286,339825,333390,15683,349073,4666
2021-09-07,Sacramento,067,1510023,142981,142364,3405,145769,1905
2021-09-07,San Benito,069,59416,6838,6786,140,6926,64
2021-09-07,San Bernardino,071,2135413,333791,329962,10394,340356,5407
2021-09-07,San Diego,073,3302833,345336,340709,20030,360739,3922
2021-09-07,San Francisco,075,870044,48927,48175,2096,50271,589
2021-09-07,San Joaquin,077,732212,90790,89468,4812,94280,1548
2021-09-07,San Luis Obispo,079,281455,26777,26253,1016,27269,287
2021-09-07,San Mateo,081,765935,50891,49913,756,50669,561
2021-09-07,Santa Barbara,083,443738,41023,39957,1492,41449,489
2021-09-07,Santa Clara,085,1922200,138284,136631,1055,137686,1807
2021-09-07,Santa Cruz,087,273765,18939,18669,967,19636,210
2021-09-07,Shasta,089,179085,16994,16096,2625,18721,226
2021-09-07,Sierra,091,2930,130,111,13,124,0
2021-09-07,Siskiyou,093,43540,2784,2607,918,3525,34
2021-09-07,Solano,095,438530,42878,41862,1085,42947,300
2021-09-07,Sonoma,097,501317,38480,38013,461,38474,358
2021-09-07,Stanislaus,099,539301,70409,68831,7828,76659,1074
2021-09-07,Sutter,101,95872,12527,12310,200,12510,138
2021-09-07,Tehama,103,63373,6730,6482,1066,7548,74
2021-09-07,Trinity,105,12862,667,517,181,698,6
2021-09-07,Tulare,107,460477,59021,57228,12019,69247,874
2021-09-07,Tuolumne,109,53932,5865,5759,61,5820,88
2021-09-07,Ventura,111,848112,92867,91246,4029,95275,1093
2021-09-07,Yolo,113,214977,17925,17653,888,18541,235
2021-09-07,Yuba,115,75493,8808,8642,190,8832,55
2021-09-06,Alameda,001,1643700,111789,110357,2586,112943,1301
2021-09-06,Alpine,003,1148,94,94,0,94,0
2021-09-06,Amador,005,37829,4756,4648,45,4693,53
2021-09-06,Butte,007,227075,17180,16588,2974,19562,218
2021-09-06,Calaveras,009,45235,3177,3122,21,3143,63
2021-09-06,Colusa,011,21464,2348,2306,511,2817,16
2021-09-06,Contra Costa,013,1133247,92119,90971,1848,92819,891
2021-09-06,Del Norte,015,27424,3206,3037,19,3056,24
2021-09-06,El Dorado,017,186661,14132,13848,1359,15207,119
2021-09-06,Fresno,019,978130,122108,119738,10755,130493,1828
2021-09-06,Glenn,021,27897,3007,2912,816,3728,20
2021-09-06,Humboldt,023,135768,7546,7320,313,7633,52
2021-09-06,Imperial,025,180216,30839,30576,3061,33637,751
2021-09-06,Inyo,027,18085,1592,1578,17,1595,39
2021-09-06,Kern,029,883053,112771,110347,16559,126906,1408
2021-09-06,Kings,031,150075,27805,27094,1514,28608,264
2021-09-06,Lake,033,64148,5743,5548,95,5643,78
2021-09-06,Lassen,035,31185,5959,5822,204,6026,21
2021-09-06,Los Angeles,037,10098052,1369790,1359348,51006,1410354,25477
2021-09-06,Madera,039,155013,19778,19191,1508,20699,249
2021-09-06,Marin,041,260295,16515,16356,377,16733,242
2021-09-06,Mariposa,043,17540,803,764,25,789,5
2021-09-06,Mendocino,045,87422,6255,5984,229,6213,61
2021-09-06,Merced,047,269075,36876,36300,1343,37643,513
2021-09-06,Modoc,049,8938,460,449,160,609,5
2021-09-06,Mono,051,14174,1436,1416,16,1432,3
2021-09-06,Monterey,053,433212,46606,45833,2468,48301,541
2021-09-06,Napa,055,140530,11958,11792,78,11870,90
2021-09-06,Nevada,057,99092,7979,7748,260,8008,82
2021-09-06,Orange,059,3164182,291851,287948,13690,301638,5274
2021-09-06,Placer,061,380077,32410,31595,2961,34556,337
2021-09-06,Plumas,063,18699,1129,1068,19,1087,5
2021-09-06,Riverside,065,2383286,339008,333052,15662,348714,4666
2021-09-06,Sacramento,067,1510023,142341,141730,3336,145066,1905
2021-09-06,San Benito,069,59416,6815,6777,137,6914,64
2021-09-06,San Bernardino,071,2135413,332909,329693,10363,340056,5398
2021-09-06,San Diego,073,3302833,344321,340222,19934,360156,3922
2021-09-06,San Francisco,075,870044,48793,48120,2090,50210,589
2021-09-06,San Joaquin,077,732212,90445,89293,4786,94079,1548
2021-09-06,San Luis Obispo,079,281455,26648,26183,1012,27195,286
2021-09-06,San Mateo,081,765935,50762,49859,754,50613,561
2021-09-06,Santa Barbara,083,443738,40895,39876,1483,41359,489
2021-09-06,Santa Clara,085,1922200,137993,136458,1053,137511,1807
2021-09-06,Santa Cruz,087,273765,18887,18615,964,19579,210
2021-09-06,Shasta,089,179085,16814,15985,2570,18555,226
2021-09-06,Sierra,091,2930,130,109,13,122,0
2021-09-06,Siskiyou,093,43540,2740,2595,884,3479,34
2021-09-06,Solano,095,438530,42731,41774,1078,42852,300
2021-09-06,Sonoma,097,501317,38359,37929,460,38389,358
2021-09-06,Stanislaus,099,539301,70032,68596,7784,76380,1074
2021-09-06,Sutter,101,95872,12465,12238,191,12429,138
2021-09-06,Tehama,103,63373,6668,6413,1039,7452,74
2021-09-06,Trinity,105,12862,664,515,179,694,6
2021-09-06,Tulare,107,460477,58667,57068,11940,69008,874
2021-09-06,Tuolumne,109,53932,5830,5697,61,5758,88
2021-09-06,Ventura,111,848112,92691,91132,4017,95149,1093
2021-09-06,Yolo,113,214977,17842,17576,882,18458,235
2021-09-06,Yuba,115,75493,8758,8584,186,8770,55
2021-09-05,Alameda,001,1643700,111599,110173,2583,112756,1301
2021-09-05,Alpine,003,1148,94,94,0,94,0
2021-09-05,Amador,005,37829,4744,4642,45,4687,53
2021-09-05,Butte,007,227075,17090,16504,2946,19450,218
2021-09-05,Calaveras,009,45235,3170,3106,21,3127,63
2021-09-05,Colusa,011,21464,2340,2305,509,2814,16
2021-09-05,Contra Costa,013,1133247,91935,90862,1843,92705,891
2021-09-05,Del Norte,015,27424,3185,3023,19,3042,24
2021-09-05,El Dorado,017,186661,14103,13827,1345,15172,119
2021-09-05,Fresno,019,978130,121811,119384,10720,130104,1828
2021-09-05,Glenn,021,27897,2998,2899,813,3712,20
2021-09-05,Humboldt,023,135768,7513,7312,310,7622,52
2021-09-05,Imperial,025,180216,30810,30548,3059,33607,751
2021-09-05,Inyo,027,18085,1589,1572,17,1589,39
2021-09-05,Kern,029,883053,112471,110073,16398,126471,1408
2021-09-05,Kings,031,150075,27728,26989,1510,28499,264
2021-09-05,Lake,033,64148,5723,5525,95,5620,78
2021-09-05,Lassen,035,31185,5937,5820,200,6020,21
2021-09-05,Los Angeles,037,10098052,1368499,1357748,50934,1408682,25465
2021-09-05,Madera,039,155013,19735,19155,1497,20652,249
2021-09-05,Marin,041,260295,16496,16342,376,16718,242
2021-09-05,Mariposa,043,17540,799,761,25,786,5
2021-09-05,Mendocino,045,87422,6221,5965,229,6194,61
2021-09-05,Merced,047,269075,36800,36243,1342,37585,513
2021-09-05,Modoc,049,8938,460,447,160,607,5
2021-09-05,Mono,051,14174,1436,1416,16,1432,3
2021-09-05,Monterey,053,433212,46578,45795,2459,48254,540
2021-09-05,Napa,055,140530,11933,11770,78,11848,90
2021-09-05,Nevada,057,99092,7957,7722,259,7981,82
2021-09-05,Orange,059,3164182,291565,287614,13673,301287,5274
2021-09-05,Placer,061,380077,32283,31487,2947,34434,337
2021-09-05,Plumas,063,18699,1122,1067,19,1086,5
2021-09-05,Riverside,065,2383286,338557,332604,15650,348254,4654
2021-09-05,Sacramento,067,1510023,141902,141276,3318,144594,1905
2021-09-05,San Benito,069,59416,6814,6764,137,6901,64
2021-09-05,San Bernardino,071,2135413,332528,329062,10348,339410,5392
2021-09-05,San Diego,073,3302833,343762,339427,19898,359325,3914
2021-09-05,San Francisco,075,870044,48715,48035,2085,50120,589
2021-09-05,San Joaquin,077,732212,90279,89121,4769,93890,1548
2021-09-05,San Luis Obispo,079,281455,26599,26098,1011,27109,285
2021-09-05,San Mateo,081,765935,50694,49809,750,50559,561
2021-09-05,Santa Barbara,083,443738,40828,39762,1481,41243,489
2021-09-05,Santa Clara,085,1922200,137783,136146,1051,137197,1807
2021-09-05,Santa Cruz,087,273765,18867,18588,962,19550,210
2021-09-05,Shasta,089,179085,16731,15960,2544,18504,226
2021-09-05,Sierra,091,2930,129,109,13,122,0
2021-09-05,Siskiyou,093,43540,2723,2585,870,3455,34
2021-09-05,Solano,095,438530,42636,41687,1073,42760,300
2021-09-05,Sonoma,097,501317,38274,37881,459,38340,358
2021-09-05,Stanislaus,099,539301,69882,68434,7759,76193,1074
2021-09-05,Sutter,101,95872,12435,12179,185,12364,138
2021-09-05,Tehama,103,63373,6643,6400,1033,7433,74
2021-09-05,Trinity,105,12862,658,505,178,683,6
2021-09-05,Tulare,107,460477,58500,56915,11896,68811,874
2021-09-05,Tuolumne,109,53932,5818,5688,61,5749,88
2021-09-05,Ventura,111,848112,92556,91004,4013,95017,1093
2021-09-05,Yolo,113,214977,17807,17557,876,18433,235
2021-09-05,Yuba,115,75493,8732,8521,184,8705,55
2021-09-04,Alameda,001,1643700,111472,109944,2576,112520,1301
2021-09-04,Alpine,003,1148,94,94,0,94,0
2021-09-04,Amador,005,37829,4726,4637,44,4681,53
2021-09-04,Butte,007,227075,17032,16403,2931,19334,218
2021-09-04,Calaveras,009,45235,3159,3087,20,3107,63
2021-09-04,Colusa,011,21464,2338,2301,509,2810,16
2021-09-04,Contra Costa,013,1133247,91822,90623,1840,92463,891
2021-09-04,Del Norte,015,27424,3174,2984,19,3003,24
2021-09-04,El Dorado,017,186661,14077,13782,1337,15119,119
2021-09-04,Fresno,019,978130,121618,119033,10704,129737,1828
2021-09-04,Glenn,021,27897,2989,2878,810,3688,20
2021-09-04,Humboldt,023,135768,7482,7298,304,7602,52
2021-09-04,Imperial,025,180216,30787,30526,3057,33583,751
2021-09-04,Inyo,027,18085,1587,1571,17,1588,39
2021-09-04,Kern,029,883053,112226,109751,16267,126018,1408
2021-09-04,Kings,031,150075,27640,26896,1504,28400,263
2021-09-04,Lake,033,64148,5705,5507,95,5602,78
2021-09-04,Lassen,035,31185,5922,5814,192,6006,21
2021-09-04,Los Angeles,037,10098052,1367550,1355634,50875,1406509,25454
2021-09-04,Madera,039,155013,19702,19112,1490,20602,249
2021-09-04,Marin,041,260295,16480,16319,375,16694,242
2021-09-04,Mariposa,043,17540,794,759,25,784,5
2021-09-04,Mendocino,045,87422,6185,5933,229,6162,61
2021-09-04,Merced,047,269075,36755,36083,1339,37422,513
2021-09-04,Modoc,049,8938,460,447,160,607,5
2021-09-04,Mono,051,14174,1433,1417,16,1433,3
2021-09-04,Monterey,053,433212,46547,45756,2455,48211,540
2021-09-04,Napa,055,140530,11908,11760,76,11836,90
2021-09-04,Nevada,057,99092,7942,7691,258,7949,82
2021-09-04,Orange,059,3164182,291303,287244,13652,300896,5274
2021-09-04,Placer,061,380077,32179,31374,2930,34304,337
2021-09-04,Plumas,063,18699,1114,1067,19,1086,5
2021-09-04,Riverside,065,2383286,338087,331958,15638,347596,4654
2021-09-04,Sacramento,067,1510023,141609,140735,3310,144045,1896
2021-09-04,San Benito,069,59416,6805,6758,137,6895,64
2021-09-04,San Bernardino,071,2135413,332196,328425,10335,338760,5393
2021-09-04,San Diego,073,3302833,343328,338748,19876,358624,3914
2021-09-04,San Francisco,075,870044,48640,47937,2076,50013,589
2021-09-04,San Joaquin,077,732212,90163,88846,4761,93607,1548
2021-09-04,San Luis Obispo,079,281455,26567,26020,1011,27031,285
2021-09-04,San Mateo,081,765935,50638,49721,750,50471,560
2021-09-04,Santa Barbara,083,443738,40762,39667,1479,41146,489
2021-09-04,Santa Clara,085,1922200,137597,135845,1048,136893,1806
2021-09-04,Santa Cruz,087,273765,18849,18579,958,19537,210
2021-09-04,Shasta,089,179085,16654,15924,2518,18442,226
2021-09-04,Sierra,091,2930,127,108,13,121,0
2021-09-04,Siskiyou,093,43540,2697,2563,859,3422,34
2021-09-04,Solano,095,438530,42563,41614,1071,42685,300
2021-09-04,Sonoma,097,501317,38241,37809,459,38268,358
2021-09-04,Stanislaus,099,539301,69724,68210,7735,75945,1074
2021-09-04,Sutter,101,95872,12394,12137,184,12321,138
2021-09-04,Tehama,103,63373,6618,6367,1015,7382,74
2021-09-04,Trinity,105,12862,656,497,178,675,6
2021-09-04,Tulare,107,460477,58392,56719,11853,68572,874
2021-09-04,Tuolumne,109,53932,5800,5667,59,5726,88
2021-09-04,Ventura,111,848112,92421,90904,4010,94914,1090
2021-09-04,Yolo,113,214977,17773,17522,872,18394,235
2021-09-04,Yuba,115,75493,8704,8475,183,8658,55
2021-09-03,Alameda,001,1643700,111321,109636,2574,112210,1301
2021-09-03,Alpine,003,1148,94,94,0,94,0
2021-09-03,Amador,005,37829,4704,4614,44,4658,53
2021-09-03,Butte,007,227075,16942,16259,2905,19164,215
2021-09-03,Calaveras,009,45235,3149,3069,20,3089,63
2021-09-03,Colusa,011,21464,2333,2295,508,2803,16
2021-09-03,Contra Costa,013,1133247,91671,90299,1837,92136,886
2021-09-03,Del Norte,015,27424,3146,2943,18,2961,24
2021-09-03,El Dorado,017,186661,14044,13710,1333,15043,119
2021-09-03,Fresno,019,978130,121286,118508,10685,129193,1822
2021-09-03,Glenn,021,27897,2981,2867,804,3671,20
2021-09-03,Humboldt,023,135768,7458,7194,299,7493,52
2021-09-03,Imperial,025,180216,30764,30475,3051,33526,751
2021-09-03,Inyo,027,18085,1582,1567,17,1584,39
2021-09-03,Kern,029,883053,112009,109296,16156,125452,1407
2021-09-03,Kings,031,150075,27556,26753,1501,28254,263
2021-09-03,Lake,033,64148,5685,5479,93,5572,78
2021-09-03,Lassen,035,31185,5905,5789,187,5976,21
2021-09-03,Los Angeles,037,10098052,1366217,1351185,50809,1401994,25384
2021-09-03,Madera,039,155013,19617,19021,1484,20505,247
2021-09-03,Marin,041,260295,16458,16293,374,16667,242
2021-09-03,Mariposa,043,17540,786,753,25,778,5
2021-09-03,Mendocino,045,87422,6150,5891,228,6119,61
2021-09-03,Merced,047,269075,36701,35941,1330,37271,512
2021-09-03,Modoc,049,8938,460,445,160,605,5
2021-09-03,Mono,051,14174,1432,1410,16,1426,3
2021-09-03,Monterey,053,433212,46509,45707,2451,48158,540
2021-09-03,Napa,055,140530,11887,11733,76,11809,89
2021-09-03,Nevada,057,99092,7909,7632,258,7890,82
2021-09-03,Orange,059,3164182,290984,286818,13621,300439,5253
2021-09-03,Placer,061,380077,32072,31238,2906,34144,335
2021-09-03,Plumas,063,18699,1103,1057,19,1076,5
2021-09-03,Riverside,065,2383286,337555,331011,15622,346633,4653
2021-09-03,Sacramento,067,1510023,141240,139982,3291,143273,1886
2021-09-03,San Benito,069,59416,6799,6746,137,6883,64
2021-09-03,San Bernardino,071,2135413,331783,327599,10324,337923,5381
2021-09-03,San Diego,073,3302833,342706,337627,19845,357472,3911
2021-09-03,San Francisco,075,870044,48564,47822,2070,49892,589
2021-09-03,San Joaquin,077,732212,90010,88366,4753,93119,1540
2021-09-03,San Luis Obispo,079,281455,26491,25917,1009,26926,283
2021-09-03,San Mateo,081,765935,50543,49617,748,50365,560
2021-09-03,Santa Barbara,083,443738,40695,39507,1476,40983,489
2021-09-03,Santa Clara,085,1922200,137395,135522,1044,136566,1801
2021-09-03,Santa Cruz,087,273765,18824,18532,958,19490,210
2021-09-03,Shasta,089,179085,16579,15778,2494,18272,226
2021-09-03,Sierra,091,2930,125,105,13,118,0
2021-09-03,Siskiyou,093,43540,2685,2529,846,3375,34
2021-09-03,Solano,095,438530,42462,41457,1068,42525,300
2021-09-03,Sonoma,097,501317,38178,37699,459,38158,358
2021-09-03,Stanislaus,099,539301,69543,67887,7709,75596,1074
2021-09-03,Sutter,101,95872,12355,12073,183,12256,139
2021-09-03,Tehama,103,63373,6579,6334,1008,7342,72
2021-09-03,Trinity,105,12862,654,490,173,663,6
2021-09-03,Tulare,107,460477,58265,56401,11800,68201,872
2021-09-03,Tuolumne,109,53932,5758,5630,59,5689,88
2021-09-03,Ventura,111,848112,92287,90742,4006,94748,1088
2021-09-03,Yolo,113,214977,17750,17446,866,18312,235
2021-09-03,Yuba,115,75493,8672,8412,183,8595,55
2021-09-02,Alameda,001,1643700,111062,109377,2570,111947,1301
2021-09-02,Alpine,003,1148,93,92,0,92,0
2021-09-02,Amador,005,37829,4688,4606,44,4650,53
2021-09-02,Butte,007,227075,16816,16154,2886,19040,215
2021-09-02,Calaveras,009,45235,3138,3042,20,3062,62
2021-09-02,Colusa,011,21464,2330,2290,506,2796,16
2021-09-02,Contra Costa,013,1133247,91491,90038,1827,91865,886
2021-09-02,Del Norte,015,27424,3115,2891,18,2909,24
2021-09-02,El Dorado,017,186661,13984,13641,1307,14948,119
2021-09-02,Fresno,019,978130,120800,117974,10646,128620,1804
2021-09-02,Glenn,021,27897,2964,2855,800,3655,20
2021-09-02,Humboldt,023,135768,7410,7141,288,7429,52
2021-09-02,Imperial,025,180216,30720,30449,3047,33496,751
2021-09-02,Inyo,027,18085,1577,1564,16,1580,39
2021-09-02,Kern,029,883053,111596,108930,16011,124941,1404
2021-09-02,Kings,031,150075,27464,26638,1491,28129,263
2021-09-02,Lake,033,64148,5655,5432,89,5521,78
2021-09-02,Lassen,035,31185,5891,5747,180,5927,21
2021-09-02,Los Angeles,037,10098052,1364358,1351105,50713,1401818,25382
2021-09-02,Madera,039,155013,19526,18937,1466,20403,247
2021-09-02,Marin,041,260295,16445,16244,372,16616,242
2021-09-02,Mariposa,043,17540,780,745,22,767,5
2021-09-02,Mendocino,045,87422,6108,5848,225,6073,61
2021-09-02,Merced,047,269075,36538,35820,1323,37143,508
2021-09-02,Modoc,049,8938,460,437,160,597,5
2021-09-02,Mono,051,14174,1432,1409,16,1425,3
2021-09-02,Monterey,053,433212,46444,45648,2436,48084,539
2021-09-02,Napa,055,140530,11858,11684,76,11760,88
2021-09-02,Nevada,057,99092,7857,7575,257,7832,82
2021-09-02,Orange,059,3164182,290524,286326,13587,299913,5240
2021-09-02,Placer,061,380077,31934,31067,2877,33944,330
2021-09-02,Plumas,063,18699,1092,1045,18,1063,5
2021-09-02,Riverside,065,2383286,336839,330190,15597,345787,4644
2021-09-02,Sacramento,067,1510023,140657,139274,3252,142526,1882
2021-09-02,San Benito,069,59416,6794,6734,136,6870,64
2021-09-02,San Bernardino,071,2135413,331179,326940,10249,337189,5369
2021-09-02,San Diego,073,3302833,341738,336382,19793,356175,3909
2021-09-02,San Francisco,075,870044,48455,47674,2066,49740,587
2021-09-02,San Joaquin,077,732212,89725,88056,4729,92785,1540
2021-09-02,San Luis Obispo,079,281455,26406,25851,1004,26855,283
2021-09-02,San Mateo,081,765935,50444,49490,745,50235,558
2021-09-02,Santa Barbara,083,443738,40604,39386,1463,40849,486
2021-09-02,Santa Clara,085,1922200,137093,135216,1038,136254,1799
2021-09-02,Santa Cruz,087,273765,18790,18473,955,19428,210
2021-09-02,Shasta,089,179085,16441,15670,2465,18135,224
2021-09-02,Sierra,091,2930,125,105,13,118,0
2021-09-02,Siskiyou,093,43540,2664,2513,818,3331,34
2021-09-02,Solano,095,438530,42356,41293,1065,42358,294
2021-09-02,Sonoma,097,501317,38097,37558,459,38017,352
2021-09-02,Stanislaus,099,539301,69286,67576,7687,75263,1074
2021-09-02,Sutter,101,95872,12285,11995,179,12174,138
2021-09-02,Tehama,103,63373,6520,6265,989,7254,72
2021-09-02,Trinity,105,12862,650,484,171,655,6
2021-09-02,Tulare,107,460477,58037,56105,11748,67853,872
2021-09-02,Tuolumne,109,53932,5702,5578,59,5637,88
2021-09-02,Ventura,111,848112,92104,90610,4001,94611,1084
2021-09-02,Yolo,113,214977,17681,17357,855,18212,235
2021-09-02,Yuba,115,75493,8612,8363,183,8546,55
2021-09-01,Alameda,001,1643700,110789,109075,2564,111639,1299
2021-09-01,Alpine,003,1148,93,92,0,92,0
2021-09-01,Amador,005,37829,4672,4599,43,4642,53
2021-09-01,Butte,007,227075,16700,16046,2861,18907,215
2021-09-01,Calaveras,009,45235,3124,3023,20,3043,59
2021-09-01,Colusa,011,21464,2325,2281,506,2787,16
2021-09-01,Contra Costa,013,1133247,91264,89834,1816,91650,877
2021-09-01,Del Norte,015,27424,3082,2860,18,2878,24
2021-09-01,El Dorado,017,186661,13928,13577,1280,14857,119
2021-09-01,Fresno,019,978130,120314,117492,10594,128086,1800
2021-09-01,Glenn,021,27897,2936,2846,790,3636,20
2021-09-01,Humboldt,023,135768,7362,7090,281,7371,52
2021-09-01,Imperial,025,180216,30683,30393,3042,33435,750
2021-09-01,Inyo,027,18085,1573,1561,15,1576,39
2021-09-01,Kern,029,883053,111165,108449,15869,124318,1400
2021-09-01,Kings,031,150075,27351,26443,1480,27923,263
2021-09-01,Lake,033,64148,5613,5396,84,5480,77
2021-09-01,Lassen,035,31185,5869,5731,176,5907,21
2021-09-01,Los Angeles,037,10098052,1362100,1348589,50605,1399194,25341
2021-09-01,Madera,039,155013,19448,18852,1451,20303,247
2021-09-01,Marin,041,260295,16423,16224,367,16591,240
2021-09-01,Mariposa,043,17540,772,735,22,757,5
2021-09-01,Mendocino,045,87422,6065,5821,220,6041,59
2021-09-01,Merced,047,269075,36361,35686,1314,37000,500
2021-09-01,Modoc,049,8938,454,436,158,594,5
2021-09-01,Mono,051,14174,1432,1400,16,1416,3
2021-09-01,Monterey,053,433212,46364,45590,2421,48011,539
2021-09-01,Napa,055,140530,11825,11653,76,11729,88
2021-09-01,Nevada,057,99092,7804,7508,256,7764,82
2021-09-01,Orange,059,3164182,290050,285840,13549,299389,5233
2021-09-01,Placer,061,380077,31780,30902,2863,33765,330
2021-09-01,Plumas,063,18699,1084,1033,18,1051,5
2021-09-01,Riverside,065,2383286,336023,329388,15567,344955,4634
2021-09-01,Sacramento,067,1510023,140046,138499,3206,141705,1875
2021-09-01,San Benito,069,59416,6777,6716,136,6852,64
2021-09-01,San Bernardino,071,2135413,330531,326250,10220,336470,5364
2021-09-01,San Diego,073,3302833,340697,335302,19744,355046,3908
2021-09-01,San Francisco,075,870044,48346,47538,2059,49597,584
2021-09-01,San Joaquin,077,732212,89404,87640,4705,92345,1540
2021-09-01,San Luis Obispo,079,281455,26310,25691,999,26690,283
2021-09-01,San Mateo,081,765935,50326,49394,739,50133,558
2021-09-01,Santa Barbara,083,443738,40487,39263,1447,40710,483
2021-09-01,Santa Clara,085,1922200,136825,134855,1031,135886,1796
2021-09-01,Santa Cruz,087,273765,18743,18453,953,19406,210
2021-09-01,Shasta,089,179085,16308,15552,2423,17975,221
2021-09-01,Sierra,091,2930,124,98,13,111,0
2021-09-01,Siskiyou,093,43540,2634,2482,798,3280,34
2021-09-01,Solano,095,438530,42205,41194,1059,42253,293
2021-09-01,Sonoma,097,501317,38002,37454,458,37912,352
2021-09-01,Stanislaus,099,539301,68995,67287,7656,74943,1075
2021-09-01,Sutter,101,95872,12221,11945,172,12117,136
2021-09-01,Tehama,103,63373,6486,6228,972,7200,72
2021-09-01,Trinity,105,12862,649,482,168,650,5
2021-09-01,Tulare,107,460477,57755,55768,11711,67479,870
2021-09-01,Tuolumne,109,53932,5661,5553,59,5612,88
2021-09-01,Ventura,111,848112,91889,90471,3985,94456,1089
2021-09-01,Yolo,113,214977,17626,17264,849,18113,235
2021-09-01,Yuba,115,75493,8551,8308,183,8491,55
2021-08-31,Alameda,001,1643700,110483,108837,2557,111394,1297
2021-08-31,Alpine,003,1148,91,92,0,92,0
2021-08-31,Amador,005,37829,4651,4555,43,4598,53
2021-08-31,Butte,007,227075,16559,15896,2820,18716,216
2021-08-31,Calaveras,009,45235,3085,3008,20,3028,59
2021-08-31,Colusa,011,21464,2323,2275,504,2779,16
2021-08-31,Contra Costa,013,1133247,90971,89546,1804,91350,871
2021-08-31,Del Norte,015,27424,3046,2830,18,2848,19
2021-08-31,El Dorado,017,186661,13858,13539,1263,14802,119
2021-08-31,Fresno,019,978130,119742,117155,10525,127680,1801
2021-08-31,Glenn,021,27897,2919,2829,776,3605,20
2021-08-31,Humboldt,023,135768,7286,7030,268,7298,52
2021-08-31,Imperial,025,180216,30646,30348,3034,33382,750
2021-08-31,Inyo,027,18085,1569,1550,15,1565,39
2021-08-31,Kern,029,883053,110661,108151,15689,123840,1393
2021-08-31,Kings,031,150075,27210,26405,1466,27871,260
2021-08-31,Lake,033,64148,5569,5359,81,5440,74
2021-08-31,Lassen,035,31185,5843,5702,173,5875,21
2021-08-31,Los Angeles,037,10098052,1359513,1346686,50525,1397211,25303
2021-08-31,Madera,039,155013,19358,18811,1433,20244,247
2021-08-31,Marin,041,260295,16394,16215,364,16579,240
2021-08-31,Mariposa,043,17540,764,732,22,754,5
2021-08-31,Mendocino,045,87422,6023,5777,218,5995,59
2021-08-31,Merced,047,269075,36191,35512,1309,36821,498
2021-08-31,Modoc,049,8938,453,436,158,594,5
2021-08-31,Mono,051,14174,1420,1398,16,1414,3
2021-08-31,Monterey,053,433212,46280,45550,2408,47958,539
2021-08-31,Napa,055,140530,11778,11618,76,11694,88
2021-08-31,Nevada,057,99092,7737,7460,256,7716,82
2021-08-31,Orange,059,3164182,289451,285310,13514,298824,5229
2021-08-31,Placer,061,380077,31592,30745,2825,33570,325
2021-08-31,Plumas,063,18699,1080,1018,17,1035,5
2021-08-31,Riverside,065,2383286,335050,328556,15534,344090,4627
2021-08-31,Sacramento,067,1510023,139360,137879,3173,141052,1863
2021-08-31,San Benito,069,59416,6765,6694,134,6828,64
2021-08-31,San Bernardino,071,2135413,329787,325446,10200,335646,5350
2021-08-31,San Diego,073,3302833,339427,334377,19696,354073,3888
2021-08-31,San Francisco,075,870044,48196,47440,2048,49488,581
2021-08-31,San Joaquin,077,732212,88959,87365,4690,92055,1540
2021-08-31,San Luis Obispo,079,281455,26185,25518,995,26513,282
2021-08-31,San Mateo,081,765935,50215,49299,739,50038,556
2021-08-31,Santa Barbara,083,443738,40338,39091,1441,40532,481
2021-08-31,Santa Clara,085,1922200,136474,134637,1024,135661,1793
2021-08-31,Santa Cruz,087,273765,18702,18419,950,19369,210
2021-08-31,Shasta,089,179085,16155,15368,2395,17763,220
2021-08-31,Sierra,091,2930,121,95,13,108,0
2021-08-31,Siskiyou,093,43540,2614,2435,782,3217,33
2021-08-31,Solano,095,438530,42066,41067,1052,42119,289
2021-08-31,Sonoma,097,501317,37906,37379,457,37836,352
2021-08-31,Stanislaus,099,539301,68631,67004,7621,74625,1075
2021-08-31,Sutter,101,95872,12155,11901,168,12069,136
2021-08-31,Tehama,103,63373,6426,6169,941,7110,72
2021-08-31,Trinity,105,12862,643,480,168,648,3
2021-08-31,Tulare,107,460477,57421,55567,11640,67207,870
2021-08-31,Tuolumne,109,53932,5625,5516,59,5575,88
2021-08-31,Ventura,111,848112,91672,90292,3973,94265,1081
2021-08-31,Yolo,113,214977,17547,17205,840,18045,234
2021-08-31,Yuba,115,75493,8497,8253,183,8436,54
2021-08-30,Alameda,001,1643700,110158,107734,2546,110280,1296
2021-08-30,Alpine,003,1148,91,92,0,92,0
2021-08-30,Amador,005,37829,4640,4507,43,4550,53
2021-08-30,Butte,007,227075,16407,15719,2787,18506,214
2021-08-30,Calaveras,009,45235,3067,2975,20,2995,59
2021-08-30,Colusa,011,21464,2314,2271,500,2771,16
2021-08-30,Contra Costa,013,1133247,90712,87679,1794,89473,872
2021-08-30,Del Norte,015,27424,3004,2796,17,2813,11
2021-08-30,El Dorado,017,186661,13789,13217,1246,14463,119
2021-08-30,Fresno,019,978130,119178,115867,10463,126330,1790
2021-08-30,Glenn,021,27897,2908,2804,774,3578,20
2021-08-30,Humboldt,023,135768,7233,6930,261,7191,52
2021-08-30,Imperial,025,180216,30608,30311,3029,33340,750
2021-08-30,Inyo,027,18085,1564,1544,15,1559,39
2021-08-30,Kern,029,883053,110182,107615,15525,123140,1389
2021-08-30,Kings,031,150075,27094,26236,1451,27687,259
2021-08-30,Lake,033,64148,5534,5323,78,5401,74
2021-08-30,Lassen,035,31185,5821,5667,167,5834,21
2021-08-30,Los Angeles,037,10098052,1357057,1344949,50438,1395387,25269
2021-08-30,Madera,039,155013,19276,18622,1414,20036,247
2021-08-30,Marin,041,260295,16363,16160,364,16524,240
2021-08-30,Mariposa,043,17540,758,715,21,736,5
2021-08-30,Mendocino,045,87422,5989,5721,214,5935,55
2021-08-30,Merced,047,269075,36061,35335,1307,36642,497
2021-08-30,Modoc,049,8938,451,436,157,593,5
2021-08-30,Mono,051,14174,1419,1390,16,1406,3
2021-08-30,Monterey,053,433212,46218,45463,2391,47854,539
2021-08-30,Napa,055,140530,11729,11579,74,11653,87
2021-08-30,Nevada,057,99092,7678,7356,253,7609,82
2021-08-30,Orange,059,3164182,288870,284750,13465,298215,5223
2021-08-30,Placer,061,380077,31427,29825,2802,32627,319
2021-08-30,Plumas,063,18699,1063,998,17,1015,5
2021-08-30,Riverside,065,2383286,334152,327593,15503,343096,4623
2021-08-30,Sacramento,067,1510023,138703,134571,3127,137698,1847
2021-08-30,San Benito,069,59416,6756,6663,134,6797,64
2021-08-30,San Bernardino,071,2135413,329111,324870,10170,335040,5348
2021-08-30,San Diego,073,3302833,338147,333011,19625,352636,3885
2021-08-30,San Francisco,075,870044,48057,46966,2034,49000,581
2021-08-30,San Joaquin,077,732212,88628,86203,4670,90873,1528
2021-08-30,San Luis Obispo,079,281455,26059,25422,988,26410,280
2021-08-30,San Mateo,081,765935,50090,48839,733,49572,554
2021-08-30,Santa Barbara,083,443738,40189,38998,1436,40434,481
2021-08-30,Santa Clara,085,1922200,136153,133281,1017,134298,1789
2021-08-30,Santa Cruz,087,273765,18647,18326,946,19272,210
2021-08-30,Shasta,089,179085,16026,15238,2351,17589,217
2021-08-30,Sierra,091,2930,119,91,13,104,0
2021-08-30,Siskiyou,093,43540,2601,2411,771,3182,33
2021-08-30,Solano,095,438530,41902,39986,1048,41034,290
2021-08-30,Sonoma,097,501317,37800,36764,457,37221,352
2021-08-30,Stanislaus,099,539301,68287,66173,7591,73764,1074
2021-08-30,Sutter,101,95872,12084,11791,161,11952,136
2021-08-30,Tehama,103,63373,6347,6085,916,7001,71
2021-08-30,Trinity,105,12862,632,468,165,633,3
2021-08-30,Tulare,107,460477,57109,55140,11564,66704,870
2021-08-30,Tuolumne,109,53932,5579,5492,59,5551,74
2021-08-30,Ventura,111,848112,91456,90149,3961,94110,1082
2021-08-30,Yolo,113,214977,17484,17071,836,17907,231
2021-08-30,Yuba,115,75493,8423,8129,182,8311,54
2021-08-29,Alameda,001,1643700,109815,107494,2534,110028,1296
2021-08-29,Alpine,003,1148,91,92,0,92,0
2021-08-29,Amador,005,37829,4626,4501,43,4544,53
2021-08-29,Butte,007,227075,16237,15602,2750,18352,214
2021-08-29,Calaveras,009,45235,3033,2970,20,2990,59
2021-08-29,Colusa,011,21464,2305,2260,494,2754,16
2021-08-29,Contra Costa,013,1133247,90413,87439,1789,89228,872
2021-08-29,Del Norte,015,27424,2961,2752,17,2769,11
2021-08-29,El Dorado,017,186661,13734,13166,1235,14401,119
2021-08-29,Fresno,019,978130,118583,115502,10409,125911,1790
2021-08-29,Glenn,021,27897,2894,2778,767,3545,20
2021-08-29,Humboldt,023,135768,7189,6922,246,7168,52
2021-08-29,Imperial,025,180216,30547,30293,3019,33312,750
2021-08-29,Inyo,027,18085,1554,1543,14,1557,39
2021-08-29,Kern,029,883053,109731,107324,15354,122678,1389
2021-08-29,Kings,031,150075,26942,26143,1436,27579,259
2021-08-29,Lake,033,64148,5494,5293,68,5361,74
2021-08-29,Lassen,035,31185,5798,5666,163,5829,21
2021-08-29,Los Angeles,037,10098052,1354296,1342541,50326,1392867,25263
2021-08-29,Madera,039,155013,19189,18594,1398,19992,247
2021-08-29,Marin,041,260295,16332,16134,361,16495,240
2021-08-29,Mariposa,043,17540,752,709,19,728,5
2021-08-29,Mendocino,045,87422,5931,5689,201,5890,55
2021-08-29,Merced,047,269075,35822,35250,1295,36545,497
2021-08-29,Modoc,049,8938,448,436,157,593,5
2021-08-29,Mono,051,14174,1412,1387,16,1403,3
2021-08-29,Monterey,053,433212,46112,45424,2367,47791,539
2021-08-29,Napa,055,140530,11698,11552,74,11626,87
2021-08-29,Nevada,057,99092,7622,7294,252,7546,82
2021-08-29,Orange,059,3164182,288244,284432,13425,297857,5223
2021-08-29,Placer,061,380077,31254,29674,2761,32435,319
2021-08-29,Plumas,063,18699,1052,996,17,1013,5
2021-08-29,Riverside,065,2383286,333293,326987,15482,342469,4623
2021-08-29,Sacramento,067,1510023,137950,133981,3078,137059,1843
2021-08-29,San Benito,069,59416,6730,6646,134,6780,64
2021-08-29,San Bernardino,071,2135413,328324,324266,10136,334402,5347
2021-08-29,San Diego,073,3302833,337036,332014,19533,351547,3880
2021-08-29,San Francisco,075,870044,47922,46885,2022,48907,581
2021-08-29,San Joaquin,077,732212,88180,85922,4650,90572,1528
2021-08-29,San Luis Obispo,079,281455,25861,25288,983,26271,280
2021-08-29,San Mateo,081,765935,49976,48737,728,49465,554
2021-08-29,Santa Barbara,083,443738,40022,38900,1432,40332,481
2021-08-29,Santa Clara,085,1922200,135798,132979,1011,133990,1789
2021-08-29,Santa Cruz,087,273765,18600,18285,944,19229,210
2021-08-29,Shasta,089,179085,15872,15198,2324,17522,217
2021-08-29,Sierra,091,2930,117,91,13,104,0
2021-08-29,Siskiyou,093,43540,2554,2407,751,3158,33
2021-08-29,Solano,095,438530,41747,39887,1041,40928,290
2021-08-29,Sonoma,097,501317,37664,36650,453,37103,352
2021-08-29,Stanislaus,099,539301,67941,65956,7557,73513,1074
2021-08-29,Sutter,101,95872,12026,11719,154,11873,136
2021-08-29,Tehama,103,63373,6276,6040,893,6933,71
2021-08-29,Trinity,105,12862,629,468,161,629,3
2021-08-29,Tulare,107,460477,56776,54974,11480,66454,870
2021-08-29,Tuolumne,109,53932,5554,5478,58,5536,74
2021-08-29,Ventura,111,848112,91199,90114,3952,94066,1082
2021-08-29,Yolo,113,214977,17385,17015,824,17839,231
2021-08-29,Yuba,115,75493,8359,8042,182,8224,54
2021-08-28,Alameda,001,1643700,109650,107007,2525,109532,1296
2021-08-28,Alpine,003,1148,91,92,0,92,0
2021-08-28,Amador,005,37829,4607,4484,43,4527,53
2021-08-28,Butte,007,227075,16178,15487,2722,18209,214
2021-08-28,Calaveras,009,45235,3025,2926,20,2946,59
2021-08-28,Colusa,011,21464,2301,2252,492,2744,16
2021-08-28,Contra Costa,013,1133247,90201,86938,1786,88724,872
2021-08-28,Del Norte,015,27424,2934,2734,16,2750,11
2021-08-28,El Dorado,017,186661,13694,13089,1229,14318,119
2021-08-28,Fresno,019,978130,118342,115079,10385,125464,1792
2021-08-28,Glenn,021,27897,2886,2773,760,3533,20
2021-08-28,Humboldt,023,135768,7154,6887,241,7128,52
2021-08-28,Imperial,025,180216,30520,30260,3015,33275,750
2021-08-28,Inyo,027,18085,1552,1539,14,1553,39
2021-08-28,Kern,029,883053,109493,107012,15211,122223,1389
2021-08-28,Kings,031,150075,26875,26059,1433,27492,257
2021-08-28,Lake,033,64148,5471,5267,64,5331,74
2021-08-28,Lassen,035,31185,5783,5665,162,5827,21
2021-08-28,Los Angeles,037,10098052,1353087,1337097,50253,1387350,25234
2021-08-28,Madera,039,155013,19138,18553,1383,19936,247
2021-08-28,Marin,041,260295,16317,16106,361,16467,240
2021-08-28,Mariposa,043,17540,750,704,19,723,5
2021-08-28,Mendocino,045,87422,5906,5658,201,5859,55
2021-08-28,Merced,047,269075,35770,35108,1292,36400,497
2021-08-28,Modoc,049,8938,448,436,156,592,5
2021-08-28,Mono,051,14174,1409,1385,16,1401,3
2021-08-28,Monterey,053,433212,46070,45394,2362,47756,539
2021-08-28,Napa,055,140530,11675,11512,73,11585,88
2021-08-28,Nevada,057,99092,7598,7238,250,7488,82
2021-08-28,Orange,059,3164182,287886,283953,13376,297329,5222
2021-08-28,Placer,061,380077,31145,29428,2748,32176,319
2021-08-28,Plumas,063,18699,1045,991,17,1008,5
2021-08-28,Riverside,065,2383286,332705,326222,15472,341694,4623
2021-08-28,Sacramento,067,1510023,137558,132985,3062,136047,1844
2021-08-28,San Benito,069,59416,6723,6636,134,6770,64
2021-08-28,San Bernardino,071,2135413,327876,323672,10128,333800,5348
2021-08-28,San Diego,073,3302833,336451,331330,19499,350829,3880
2021-08-28,San Francisco,075,870044,47850,46654,2015,48669,581
2021-08-28,San Joaquin,077,732212,88011,85481,4641,90122,1527
2021-08-28,San Luis Obispo,079,281455,25795,25138,978,26116,280
2021-08-28,San Mateo,081,765935,49901,48575,724,49299,554
2021-08-28,Santa Barbara,083,443738,39950,38780,1431,40211,481
2021-08-28,Santa Clara,085,1922200,135591,132488,1009,133497,1789
2021-08-28,Santa Cruz,087,273765,18583,18240,941,19181,210
2021-08-28,Shasta,089,179085,15769,15147,2305,17452,217
2021-08-28,Sierra,091,2930,113,91,13,104,0
2021-08-28,Siskiyou,093,43540,2546,2402,740,3142,33
2021-08-28,Solano,095,438530,41698,39610,1040,40650,290
2021-08-28,Sonoma,097,501317,37591,36466,451,36917,352
2021-08-28,Stanislaus,099,539301,67779,65670,7539,73209,1074
2021-08-28,Sutter,101,95872,12005,11669,153,11822,136
2021-08-28,Tehama,103,63373,6251,6004,881,6885,71
2021-08-28,Trinity,105,12862,625,463,160,623,3
2021-08-28,Tulare,107,460477,56646,54746,11438,66184,870
2021-08-28,Tuolumne,109,53932,5538,5469,58,5527,74
2021-08-28,Ventura,111,848112,91081,89934,3950,93884,1081
2021-08-28,Yolo,113,214977,17349,16907,817,17724,231
2021-08-28,Yuba,115,75493,8328,7985,181,8166,55
2021-08-27,Alameda,001,1643700,109440,106622,2522,109144,1296
2021-08-27,Alpine,003,1148,91,92,0,92,0
2021-08-27,Amador,005,37829,4591,4458,42,4500,53
2021-08-27,Butte,007,227075,16098,15277,2703,17980,214
2021-08-27,Calaveras,009,45235,3011,2903,20,2923,59
2021-08-27,Colusa,011,21464,2295,2240,490,2730,16
2021-08-27,Contra Costa,013,1133247,90003,86386,1783,88169,872
2021-08-27,Del Norte,015,27424,2902,2695,16,2711,11
2021-08-27,El Dorado,017,186661,13655,12968,1225,14193,119
2021-08-27,Fresno,019,978130,117908,114481,10367,124848,1774
2021-08-27,Glenn,021,27897,2868,2754,752,3506,20
2021-08-27,Humboldt,023,135768,7121,6782,238,7020,52
2021-08-27,Imperial,025,180216,30500,30201,3012,33213,750
2021-08-27,Inyo,027,18085,1551,1529,14,1543,39
2021-08-27,Kern,029,883053,109199,106570,15101,121671,1385
2021-08-27,Kings,031,150075,26796,25957,1431,27388,257
2021-08-27,Lake,033,64148,5446,5228,63,5291,74
2021-08-27,Lassen,035,31185,5767,5646,157,5803,21
2021-08-27,Los Angeles,037,10098052,1351567,1337006,50186,1387192,25230
2021-08-27,Madera,039,155013,19082,18476,1370,19846,247
2021-08-27,Marin,041,260295,16301,16055,359,16414,240
2021-08-27,Mariposa,043,17540,744,690,19,709,5
2021-08-27,Mendocino,045,87422,5875,5602,200,5802,55
2021-08-27,Merced,047,269075,35716,34906,1283,36189,495
2021-08-27,Modoc,049,8938,448,434,156,590,5
2021-08-27,Mono,051,14174,1400,1385,16,1401,3
2021-08-27,Monterey,053,433212,46021,45337,2354,47691,539
2021-08-27,Napa,055,140530,11641,11460,73,11533,87
2021-08-27,Nevada,057,99092,7558,7169,248,7417,82
2021-08-27,Orange,059,3164182,287524,283407,13338,296745,5206
2021-08-27,Placer,061,380077,31015,29157,2728,31885,320
2021-08-27,Plumas,063,18699,1039,984,17,1001,5
2021-08-27,Riverside,065,2383286,332188,325379,15457,340836,4622
2021-08-27,Sacramento,067,1510023,137122,131921,3049,134970,1838
2021-08-27,San Benito,069,59416,6717,6622,134,6756,64
2021-08-27,San Bernardino,071,2135413,327352,322893,10110,333003,5342
2021-08-27,San Diego,073,3302833,335666,330162,19445,349607,3877
2021-08-27,San Francisco,075,870044,47773,46456,1997,48453,581
2021-08-27,San Joaquin,077,732212,87828,84949,4622,89571,1524
2021-08-27,San Luis Obispo,079,281455,25747,24952,975,25927,280
2021-08-27,San Mateo,081,765935,49825,48424,720,49144,553
2021-08-27,Santa Barbara,083,443738,39858,38675,1429,40104,480
2021-08-27,Santa Clara,085,1922200,135361,132011,1006,133017,1783
2021-08-27,Santa Cruz,087,273765,18544,18163,937,19100,210
2021-08-27,Shasta,089,179085,15688,14996,2289,17285,217
2021-08-27,Sierra,091,2930,112,91,13,104,0
2021-08-27,Siskiyou,093,43540,2531,2358,726,3084,33
2021-08-27,Solano,095,438530,41585,39347,1036,40383,287
2021-08-27,Sonoma,097,501317,37519,36326,450,36776,342
2021-08-27,Stanislaus,099,539301,67568,65167,7501,72668,1061
2021-08-27,Sutter,101,95872,11959,11590,151,11741,135
2021-08-27,Tehama,103,63373,6218,5964,866,6830,71
2021-08-27,Trinity,105,12862,625,458,159,617,3
2021-08-27,Tulare,107,460477,56510,54443,11392,65835,870
2021-08-27,Tuolumne,109,53932,5506,5438,58,5496,74
2021-08-27,Ventura,111,848112,90952,89774,3946,93720,1076
2021-08-27,Yolo,113,214977,17307,16805,812,17617,231
2021-08-27,Yuba,115,75493,8271,7926,181,8107,54
2021-08-26,Alameda,001,1643700,109158,106146,2513,108659,1296
2021-08-26,Alpine,003,1148,91,92,0,92,0
2021-08-26,Amador,005,37829,4576,4442,41,4483,53
2021-08-26,Butte,007,227075,15965,15159,2667,17826,214
2021-08-26,Calaveras,009,45235,3002,2873,20,2893,59
2021-08-26,Colusa,011,21464,2289,2234,486,2720,16
2021-08-26,Contra Costa,013,1133247,89644,85808,1777,87585,866
2021-08-26,Del Norte,015,27424,2866,2625,16,2641,8
2021-08-26,El Dorado,017,186661,13586,12863,1211,14074,118
2021-08-26,Fresno,019,978130,117406,113854,10317,124171,1770
2021-08-26,Glenn,021,27897,2848,2740,744,3484,20
2021-08-26,Humboldt,023,135768,7063,6695,228,6923,53
2021-08-26,Imperial,025,180216,30451,30121,3004,33125,748
2021-08-26,Inyo,027,18085,1541,1521,13,1534,39
2021-08-26,Kern,029,883053,108771,106051,14956,121007,1380
2021-08-26,Kings,031,150075,26673,25838,1423,27261,260
2021-08-26,Lake,033,64148,5400,5196,60,5256,74
2021-08-26,Lassen,035,31185,5755,5626,155,5781,21
2021-08-26,Los Angeles,037,10098052,1349303,1334372,50090,1384462,25199
2021-08-26,Madera,039,155013,19012,18393,1358,19751,247
2021-08-26,Marin,041,260295,16272,15983,356,16339,240
2021-08-26,Mariposa,043,17540,734,677,19,696,5
2021-08-26,Mendocino,045,87422,5837,5533,195,5728,55
2021-08-26,Merced,047,269075,35549,34755,1262,36017,495
2021-08-26,Modoc,049,8938,448,433,156,589,5
2021-08-26,Mono,051,14174,1397,1385,16,1401,3
2021-08-26,Monterey,053,433212,45949,45265,2343,47608,539
2021-08-26,Napa,055,140530,11619,11394,72,11466,87
2021-08-26,Nevada,057,99092,7499,7086,245,7331,80
2021-08-26,Orange,059,3164182,287032,282814,13315,296129,5200
2021-08-26,Placer,061,380077,30847,28898,2702,31600,319
2021-08-26,Plumas,063,18699,1032,971,16,987,5
2021-08-26,Riverside,065,2383286,331396,324486,15436,339922,4615
2021-08-26,Sacramento,067,1510023,136589,130977,3007,133984,1827
2021-08-26,San Benito,069,59416,6707,6604,134,6738,64
2021-08-26,San Bernardino,071,2135413,326692,322100,10086,332186,5339
2021-08-26,San Diego,073,3302833,334637,328276,19379,347655,3869
2021-08-26,San Francisco,075,870044,47646,46288,1992,48280,581
2021-08-26,San Joaquin,077,732212,87450,84429,4599,89028,1513
2021-08-26,San Luis Obispo,079,281455,25597,24831,969,25800,278
2021-08-26,San Mateo,081,765935,49696,48263,718,48981,553
2021-08-26,Santa Barbara,083,443738,39774,38566,1428,39994,479
2021-08-26,Santa Clara,085,1922200,135035,131443,1002,132445,1782
2021-08-26,Santa Cruz,087,273765,18484,18072,935,19007,210
2021-08-26,Shasta,089,179085,15564,14891,2262,17153,217
2021-08-26,Sierra,091,2930,110,90,13,103,0
2021-08-26,Siskiyou,093,43540,2509,2342,712,3054,33
2021-08-26,Solano,095,438530,41436,39027,1028,40055,286
2021-08-26,Sonoma,097,501317,37430,36102,450,36552,337
2021-08-26,Stanislaus,099,539301,67251,64785,7461,72246,1061
2021-08-26,Sutter,101,95872,11899,11499,148,11647,135
2021-08-26,Tehama,103,63373,6160,5913,853,6766,68
2021-08-26,Trinity,105,12862,620,450,157,607,3
2021-08-26,Tulare,107,460477,56253,54157,11346,65503,870
2021-08-26,Tuolumne,109,53932,5486,5387,58,5445,74
2021-08-26,Ventura,111,848112,90766,89595,3937,93532,1080
2021-08-26,Yolo,113,214977,17240,16727,801,17528,231
2021-08-26,Yuba,115,75493,8198,7834,179,8013,54
2021-08-25,Alameda,001,1643700,108828,105636,2505,108141,1296
2021-08-25,Alpine,003,1148,91,92,0,92,0
2021-08-25,Amador,005,37829,4561,4415,41,4456,53
2021-08-25,Butte,007,227075,15859,15039,2625,17664,214
2021-08-25,Calaveras,009,45235,2981,2851,20,2871,59
2021-08-25,Colusa,011,21464,2282,2227,477,2704,16
2021-08-25,Contra Costa,013,1133247,89261,85322,1771,87093,863
2021-08-25,Del Norte,015,27424,2821,2573,16,2589,8
2021-08-25,El Dorado,017,186661,13527,12787,1195,13982,118
2021-08-25,Fresno,019,978130,116868,113384,10277,123661,1761
2021-08-25,Glenn,021,27897,2827,2728,732,3460,20
2021-08-25,Humboldt,023,135768,6994,6653,218,6871,52
2021-08-25,Imperial,025,180216,30414,30085,2997,33082,748
2021-08-25,Inyo,027,18085,1537,1518,13,1531,39
2021-08-25,Kern,029,883053,108340,105687,14800,120487,1379
2021-08-25,Kings,031,150075,26566,25676,1416,27092,258
2021-08-25,Lake,033,64148,5370,5163,57,5220,74
2021-08-25,Lassen,035,31185,5738,5583,154,5737,21
2021-08-25,Los Angeles,037,10098052,1346701,1331400,50002,1381402,25170
2021-08-25,Madera,039,155013,18948,18311,1336,19647,247
2021-08-25,Marin,041,260295,16250,15938,350,16288,240
2021-08-25,Mariposa,043,17540,728,676,19,695,5
2021-08-25,Mendocino,045,87422,5801,5486,190,5676,53
2021-08-25,Merced,047,269075,35411,34600,1257,35857,492
2021-08-25,Modoc,049,8938,448,433,156,589,5
2021-08-25,Mono,051,14174,1393,1382,16,1398,3
2021-08-25,Monterey,053,433212,45875,45196,2327,47523,539
2021-08-25,Napa,055,140530,11585,11348,71,11419,87
2021-08-25,Nevada,057,99092,7433,7000,244,7244,77
2021-08-25,Orange,059,3164182,286507,282061,13282,295343,5193
2021-08-25,Placer,061,380077,30671,28740,2669,31409,319
2021-08-25,Plumas,063,18699,1017,962,16,978,5
2021-08-25,Riverside,065,2383286,330552,323548,15414,338962,4610
2021-08-25,Sacramento,067,1510023,135907,130046,2968,133014,1827
2021-08-25,San Benito,069,59416,6686,6587,133,6720,64
2021-08-25,San Bernardino,071,2135413,325998,321228,10065,331293,5337
2021-08-25,San Diego,073,3302833,333358,327166,19304,346470,3859
2021-08-25,San Francisco,075,870044,47497,46107,1987,48094,578
2021-08-25,San Joaquin,077,732212,87065,84002,4583,88585,1510
2021-08-25,San Luis Obispo,079,281455,25405,24607,966,25573,276
2021-08-25,San Mateo,081,765935,49572,48153,714,48867,553
2021-08-25,Santa Barbara,083,443738,39644,38450,1428,39878,479
2021-08-25,Santa Clara,085,1922200,134666,130995,999,131994,1783
2021-08-25,Santa Cruz,087,273765,18423,17987,932,18919,210
2021-08-25,Shasta,089,179085,15435,14752,2230,16982,217
2021-08-25,Sierra,091,2930,107,90,13,103,0
2021-08-25,Siskiyou,093,43540,2464,2322,693,3015,33
2021-08-25,Solano,095,438530,41265,38848,1016,39864,286
2021-08-25,Sonoma,097,501317,37306,35986,447,36433,336
2021-08-25,Stanislaus,099,539301,66960,64441,7428,71869,1061
2021-08-25,Sutter,101,95872,11831,11451,144,11595,134
2021-08-25,Tehama,103,63373,6101,5861,836,6697,68
2021-08-25,Trinity,105,12862,614,450,156,606,3
2021-08-25,Tulare,107,460477,55968,53877,11276,65153,866
2021-08-25,Tuolumne,109,53932,5460,5354,58,5412,74
2021-08-25,Ventura,111,848112,90583,89379,3923,93302,1068
2021-08-25,Yolo,113,214977,17176,16667,791,17458,231
2021-08-25,Yuba,115,75493,8132,7771,178,7949,54
2021-08-24,Alameda,001,1643700,108496,105319,2495,107814,1296
2021-08-24,Alpine,003,1148,91,92,0,92,0
2021-08-24,Amador,005,37829,4542,4380,41,4421,50
2021-08-24,Butte,007,227075,15703,14964,2591,17555,214
2021-08-24,Calaveras,009,45235,2941,2811,20,2831,59
2021-08-24,Colusa,011,21464,2274,2221,473,2694,16
2021-08-24,Contra Costa,013,1133247,88901,84963,1765,86728,857
2021-08-24,Del Norte,015,27424,2794,2543,16,2559,8
2021-08-24,El Dorado,017,186661,13450,12732,1179,13911,118
2021-08-24,Fresno,019,978130,116263,113024,10217,123241,1761
2021-08-24,Glenn,021,27897,2812,2717,724,3441,20
2021-08-24,Humboldt,023,135768,6931,6585,205,6790,52
2021-08-24,Imperial,025,180216,30353,30045,2991,33036,748
2021-08-24,Inyo,027,18085,1532,1512,13,1525,39
2021-08-24,Kern,029,883053,107876,105399,14633,120032,1375
2021-08-24,Kings,031,150075,26445,25629,1401,27030,258
2021-08-24,Lake,033,64148,5335,5135,57,5192,72
2021-08-24,Lassen,035,31185,5722,5576,152,5728,21
2021-08-24,Los Angeles,037,10098052,1343841,1328777,49902,1378679,25135
2021-08-24,Madera,039,155013,18872,18251,1319,19570,247
2021-08-24,Marin,041,260295,16214,15900,346,16246,240
2021-08-24,Mariposa,043,17540,721,670,19,689,5
2021-08-24,Mendocino,045,87422,5757,5416,183,5599,52
2021-08-24,Merced,047,269075,35243,34490,1246,35736,491
2021-08-24,Modoc,049,8938,448,432,156,588,5
2021-08-24,Mono,051,14174,1392,1382,16,1398,3
2021-08-24,Monterey,053,433212,45809,45126,2310,47436,539
2021-08-24,Napa,055,140530,11552,11299,70,11369,85
2021-08-24,Nevada,057,99092,7363,6981,242,7223,77
2021-08-24,Orange,059,3164182,285908,281461,13256,294717,5187
2021-08-24,Placer,061,380077,30468,28618,2630,31248,318
2021-08-24,Plumas,063,18699,1007,953,16,969,5
2021-08-24,Riverside,065,2383286,329678,322620,15383,338003,4605
2021-08-24,Sacramento,067,1510023,135222,129542,2920,132462,1812
2021-08-24,San Benito,069,59416,6673,6576,133,6709,64
2021-08-24,San Bernardino,071,2135413,325243,320300,10035,330335,5328
2021-08-24,San Diego,073,3302833,331896,325823,19208,345031,3851
2021-08-24,San Francisco,075,870044,47322,46010,1975,47985,574
2021-08-24,San Joaquin,077,732212,86625,83684,4545,88229,1508
2021-08-24,San Luis Obispo,079,281455,25227,24443,956,25399,274
2021-08-24,San Mateo,081,765935,49423,48050,712,48762,553
2021-08-24,Santa Barbara,083,443738,39515,38307,1427,39734,478
2021-08-24,Santa Clara,085,1922200,134241,130763,995,131758,1779
2021-08-24,Santa Cruz,087,273765,18349,17928,926,18854,209
2021-08-24,Shasta,089,179085,15327,14664,2198,16862,217
2021-08-24,Sierra,091,2930,104,90,13,103,0
2021-08-24,Siskiyou,093,43540,2442,2294,678,2972,33
2021-08-24,Solano,095,438530,41056,38724,1004,39728,283
2021-08-24,Sonoma,097,501317,37177,35849,445,36294,336
2021-08-24,Stanislaus,099,539301,66600,64195,7378,71573,1058
2021-08-24,Sutter,101,95872,11764,11384,141,11525,134
2021-08-24,Tehama,103,63373,6055,5826,821,6647,67
2021-08-24,Trinity,105,12862,603,446,148,594,3
2021-08-24,Tulare,107,460477,55616,53702,11186,64888,856
2021-08-24,Tuolumne,109,53932,5429,5287,58,5345,74
2021-08-24,Ventura,111,848112,90398,89167,3912,93079,1068
2021-08-24,Yolo,113,214977,17100,16492,778,17270,231
2021-08-24,Yuba,115,75493,8049,7723,176,7899,54
2021-08-23,Alameda,001,1643700,108093,104922,2483,107405,1294
2021-08-23,Alpine,003,1148,91,91,0,91,0
2021-08-23,Amador,005,37829,4528,4369,41,4410,50
2021-08-23,Butte,007,227075,15557,14847,2556,17403,211
2021-08-23,Calaveras,009,45235,2906,2803,20,2823,59
2021-08-23,Colusa,011,21464,2270,2206,470,2676,16
2021-08-23,Contra Costa,013,1133247,88521,84651,1758,86409,857
2021-08-23,Del Norte,015,27424,2748,2499,16,2515,8
2021-08-23,El Dorado,017,186661,13347,12684,1157,13841,118
2021-08-23,Fresno,019,978130,115704,112445,10167,122612,1759
2021-08-23,Glenn,021,27897,2794,2696,717,3413,20
2021-08-23,Humboldt,023,135768,6856,6498,190,6688,52
2021-08-23,Imperial,025,180216,30302,30011,2988,32999,748
2021-08-23,Inyo,027,18085,1525,1509,13,1522,39
2021-08-23,Kern,029,883053,107421,104995,14477,119472,1375
2021-08-23,Kings,031,150075,26313,25465,1395,26860,257
2021-08-23,Lake,033,64148,5295,5099,55,5154,69
2021-08-23,Lassen,035,31185,5710,5562,152,5714,21
2021-08-23,Los Angeles,037,10098052,1340886,1326412,49777,1376189,25096
2021-08-23,Madera,039,155013,18786,18155,1304,19459,246
2021-08-23,Marin,041,260295,16166,15856,342,16198,240
2021-08-23,Mariposa,043,17540,710,645,19,664,5
2021-08-23,Mendocino,045,87422,5690,5374,176,5550,51
2021-08-23,Merced,047,269075,35060,34322,1241,35563,488
2021-08-23,Modoc,049,8938,445,431,155,586,6
2021-08-23,Mono,051,14174,1389,1384,16,1400,3
2021-08-23,Monterey,053,433212,45711,45047,2299,47346,538
2021-08-23,Napa,055,140530,11514,11257,70,11327,85
2021-08-23,Nevada,057,99092,7283,6930,240,7170,77
2021-08-23,Orange,059,3164182,285272,280891,13221,294112,5181
2021-08-23,Placer,061,380077,30268,28540,2592,31132,314
2021-08-23,Plumas,063,18699,999,934,16,950,5
2021-08-23,Riverside,065,2383286,328766,321650,15357,337007,4598
2021-08-23,Sacramento,067,1510023,134436,128969,2852,131821,1807
2021-08-23,San Benito,069,59416,6655,6562,131,6693,64
2021-08-23,San Bernardino,071,2135413,324440,319577,9996,329573,5324
2021-08-23,San Diego,073,3302833,330438,324536,19103,343639,3848
2021-08-23,San Francisco,075,870044,47168,45945,1966,47911,573
2021-08-23,San Joaquin,077,732212,86191,83466,4512,87978,1499
2021-08-23,San Luis Obispo,079,281455,25045,24317,954,25271,274
2021-08-23,San Mateo,081,765935,49284,47935,709,48644,553
2021-08-23,Santa Barbara,083,443738,39337,38181,1425,39606,478
2021-08-23,Santa Clara,085,1922200,133842,130489,991,131480,1778
2021-08-23,Santa Cruz,087,273765,18292,17871,924,18795,209
2021-08-23,Shasta,089,179085,15201,14537,2159,16696,216
2021-08-23,Sierra,091,2930,104,90,13,103,0
2021-08-23,Siskiyou,093,43540,2421,2274,657,2931,33
2021-08-23,Solano,095,438530,40903,38612,995,39607,283
2021-08-23,Sonoma,097,501317,37057,35769,444,36213,336
2021-08-23,Stanislaus,099,539301,66248,63922,7339,71261,1058
2021-08-23,Sutter,101,95872,11675,11314,133,11447,133
2021-08-23,Tehama,103,63373,6001,5805,803,6608,67
2021-08-23,Trinity,105,12862,600,435,145,580,3
2021-08-23,Tulare,107,460477,55309,53370,11113,64483,856
2021-08-23,Tuolumne,109,53932,5387,5240,58,5298,73
2021-08-23,Ventura,111,848112,90179,88960,3900,92860,1063
2021-08-23,Yolo,113,214977,17013,16445,763,17208,226
2021-08-23,Yuba,115,75493,7978,7653,174,7827,54
2021-08-22,Alameda,001,1643700,107643,104539,2450,106989,1294
2021-08-22,Alpine,003,1148,91,91,0,91,0
2021-08-22,Amador,005,37829,4498,4349,41,4390,50
2021-08-22,Butte,007,227075,15418,14791,2520,17311,211
2021-08-22,Calaveras,009,45235,2867,2771,20,2791,59
2021-08-22,Colusa,011,21464,2262,2201,464,2665,16
2021-08-22,Contra Costa,013,1133247,87979,84371,1744,86115,857
2021-08-22,Del Norte,015,27424,2688,2455,16,2471,8
2021-08-22,El Dorado,017,186661,13243,12629,1137,13766,118
2021-08-22,Fresno,019,978130,115106,112057,10097,122154,1759
2021-08-22,Glenn,021,27897,2771,2678,704,3382,20
2021-08-22,Humboldt,023,135768,6779,6483,171,6654,52
2021-08-22,Imperial,025,180216,30244,29993,2983,32976,748
2021-08-22,Inyo,027,18085,1519,1505,13,1518,39
2021-08-22,Kern,029,883053,106896,104691,14321,119012,1375
2021-08-22,Kings,031,150075,26155,25391,1378,26769,257
2021-08-22,Lake,033,64148,5249,5069,52,5121,69
2021-08-22,Lassen,035,31185,5678,5556,147,5703,21
2021-08-22,Los Angeles,037,10098052,1337585,1324151,49645,1373796,25089
2021-08-22,Madera,039,155013,18667,18120,1290,19410,246
2021-08-22,Marin,041,260295,16114,15822,334,16156,240
2021-08-22,Mariposa,043,17540,700,638,17,655,5
2021-08-22,Mendocino,045,87422,5631,5336,176,5512,51
2021-08-22,Merced,047,269075,34856,34234,1229,35463,488
2021-08-22,Modoc,049,8938,443,431,155,586,6
2021-08-22,Mono,051,14174,1388,1378,16,1394,3
2021-08-22,Monterey,053,433212,45612,45017,2285,47302,538
2021-08-22,Napa,055,140530,11469,11231,70,11301,85
2021-08-22,Nevada,057,99092,7209,6864,238,7102,77
2021-08-22,Orange,059,3164182,284582,280390,13176,293566,5181
2021-08-22,Placer,061,380077,30059,28395,2556,30951,314
2021-08-22,Plumas,063,18699,980,923,15,938,5
2021-08-22,Riverside,065,2383286,327744,320836,15308,336144,4594
2021-08-22,Sacramento,067,1510023,133661,128231,2811,131042,1802
2021-08-22,San Benito,069,59416,6638,6550,131,6681,64
2021-08-22,San Bernardino,071,2135413,323471,318839,9961,328800,5324
2021-08-22,San Diego,073,3302833,329109,323591,18998,342589,3848
2021-08-22,San Francisco,075,870044,47002,45831,1956,47787,573
2021-08-22,San Joaquin,077,732212,85733,83121,4477,87598,1498
2021-08-22,San Luis Obispo,079,281455,24839,24250,947,25197,274
2021-08-22,San Mateo,081,765935,49108,47821,704,48525,553
2021-08-22,Santa Barbara,083,443738,39155,38099,1417,39516,478
2021-08-22,Santa Clara,085,1922200,133425,130189,984,131173,1778
2021-08-22,Santa Cruz,087,273765,18231,17823,919,18742,209
2021-08-22,Shasta,089,179085,15063,14478,2123,16601,216
2021-08-22,Sierra,091,2930,104,87,13,100,0
2021-08-22,Siskiyou,093,43540,2392,2261,639,2900,33
2021-08-22,Solano,095,438530,40704,38489,981,39470,283
2021-08-22,Sonoma,097,501317,36901,35676,441,36117,336
2021-08-22,Stanislaus,099,539301,65882,63683,7249,70932,1058
2021-08-22,Sutter,101,95872,11593,11251,129,11380,133
2021-08-22,Tehama,103,63373,5955,5791,784,6575,67
2021-08-22,Trinity,105,12862,593,433,143,576,3
2021-08-22,Tulare,107,460477,54989,53220,11029,64249,856
2021-08-22,Tuolumne,109,53932,5344,5214,58,5272,73
2021-08-22,Ventura,111,848112,89970,88791,3883,92674,1063
2021-08-22,Yolo,113,214977,16911,16374,754,17128,226
2021-08-22,Yuba,115,75493,7904,7626,173,7799,54
2021-08-21,Alameda,001,1643700,107440,104281,2443,106724,1294
2021-08-21,Alpine,003,1148,91,91,0,91,0
2021-08-21,Amador,005,37829,4488,4338,39,4377,50
2021-08-21,Butte,007,227075,15350,14714,2499,17213,211
2021-08-21,Calaveras,009,45235,2854,2744,20,2764,59
2021-08-21,Colusa,011,21464,2256,2192,460,2652,16
2021-08-21,Contra Costa,013,1133247,87722,84136,1738,85874,857
2021-08-21,Del Norte,015,27424,2665,2409,16,2425,8
2021-08-21,El Dorado,017,186661,13199,12590,1133,13723,118
2021-08-21,Fresno,019,978130,114910,111765,10084,121849,1759
2021-08-21,Glenn,021,27897,2761,2654,697,3351,20
2021-08-21,Humboldt,023,135768,6741,6446,165,6611,52
2021-08-21,Imperial,025,180216,30201,29976,2980,32956,748
2021-08-21,Inyo,027,18085,1516,1500,13,1513,39
2021-08-21,Kern,029,883053,106640,104443,14196,118639,1375
2021-08-21,Kings,031,150075,26084,25313,1373,26686,257
2021-08-21,Lake,033,64148,5229,5055,50,5105,69
2021-08-21,Lassen,035,31185,5664,5553,147,5700,21
2021-08-21,Los Angeles,037,10098052,1336292,1321308,49554,1370862,25080
2021-08-21,Madera,039,155013,18629,18067,1284,19351,246
2021-08-21,Marin,041,260295,16080,15775,332,16107,240
2021-08-21,Mariposa,043,17540,690,634,17,651,5
2021-08-21,Mendocino,045,87422,5585,5307,175,5482,51
2021-08-21,Merced,047,269075,34751,34148,1224,35372,488
2021-08-21,Modoc,049,8938,443,430,155,585,6
2021-08-21,Mono,051,14174,1388,1378,16,1394,3
2021-08-21,Monterey,053,433212,45565,44969,2278,47247,538
2021-08-21,Napa,055,140530,11434,11211,70,11281,85
2021-08-21,Nevada,057,99092,7165,6810,237,7047,77
2021-08-21,Orange,059,3164182,284132,279855,13142,292997,5181
2021-08-21,Placer,061,380077,29921,28289,2531,30820,314
2021-08-21,Plumas,063,18699,976,916,14,930,5
2021-08-21,Riverside,065,2383286,327163,320086,15295,335381,4594
2021-08-21,Sacramento,067,1510023,133167,127751,2799,130550,1809
2021-08-21,San Benito,069,59416,6628,6542,130,6672,64
2021-08-21,San Bernardino,071,2135413,323020,318293,9940,328233,5324
2021-08-21,San Diego,073,3302833,328444,322620,18958,341578,3848
2021-08-21,San Francisco,075,870044,46900,45637,1949,47586,573
2021-08-21,San Joaquin,077,732212,85516,82825,4462,87287,1498
2021-08-21,San Luis Obispo,079,281455,24781,24169,947,25116,273
2021-08-21,San Mateo,081,765935,49011,47685,704,48389,553
2021-08-21,Santa Barbara,083,443738,39073,37951,1413,39364,478
2021-08-21,Santa Clara,085,1922200,133160,129911,980,130891,1778
2021-08-21,Santa Cruz,087,273765,18194,17763,914,18677,209
2021-08-21,Shasta,089,179085,14989,14417,2109,16526,217
2021-08-21,Sierra,091,2930,99,85,13,98,0
2021-08-21,Siskiyou,093,43540,2378,2246,628,2874,33
2021-08-21,Solano,095,438530,40593,38423,971,39394,281
2021-08-21,Sonoma,097,501317,36814,35582,440,36022,336
2021-08-21,Stanislaus,099,539301,65690,63512,7231,70743,1058
2021-08-21,Sutter,101,95872,11548,11204,127,11331,133
2021-08-21,Tehama,103,63373,5930,5757,777,6534,67
2021-08-21,Trinity,105,12862,588,431,141,572,3
2021-08-21,Tulare,107,460477,54846,53045,10985,64030,857
2021-08-21,Tuolumne,109,53932,5313,5193,58,5251,73
2021-08-21,Ventura,111,848112,89826,88558,3868,92426,1063
2021-08-21,Yolo,113,214977,16864,16322,748,17070,226
2021-08-21,Yuba,115,75493,7858,7580,172,7752,54
2021-08-20,Alameda,001,1643700,107195,103812,2435,106247,1294
2021-08-20,Alpine,003,1148,91,91,0,91,0
2021-08-20,Amador,005,37829,4462,4323,39,4362,50
2021-08-20,Butte,007,227075,15278,14617,2477,17094,211
2021-08-20,Calaveras,009,45235,2839,2717,20,2737,59
2021-08-20,Colusa,011,21464,2251,2178,458,2636,16
2021-08-20,Contra Costa,013,1133247,87445,83721,1731,85452,857
2021-08-20,Del Norte,015,27424,2633,2316,16,2332,8
2021-08-20,El Dorado,017,186661,13161,12495,1125,13620,118
2021-08-20,Fresno,019,978130,114557,111315,10052,121367,1759
2021-08-20,Glenn,021,27897,2753,2642,692,3334,20
2021-08-20,Humboldt,023,135768,6690,6349,160,6509,52
2021-08-20,Imperial,025,180216,30178,29934,2980,32914,747
2021-08-20,Inyo,027,18085,1510,1495,13,1508,39
2021-08-20,Kern,029,883053,106355,104048,14068,118116,1373
2021-08-20,Kings,031,150075,26018,25241,1371,26612,256
2021-08-20,Lake,033,64148,5214,5024,47,5071,69
2021-08-20,Lassen,035,31185,5644,5539,147,5686,21
2021-08-20,Los Angeles,037,10098052,1334420,1317541,49455,1366996,25049
2021-08-20,Madera,039,155013,18580,18018,1269,19287,246
2021-08-20,Marin,041,260295,16062,15727,328,16055,240
2021-08-20,Mariposa,043,17540,685,630,17,647,5
2021-08-20,Mendocino,045,87422,5539,5241,174,5415,51
2021-08-20,Merced,047,269075,34686,34035,1216,35251,486
2021-08-20,Modoc,049,8938,443,429,155,584,6
2021-08-20,Mono,051,14174,1387,1368,16,1384,3
2021-08-20,Monterey,053,433212,45527,44890,2271,47161,538
2021-08-20,Napa,055,140530,11402,11152,70,11222,83
2021-08-20,Nevada,057,99092,7123,6753,231,6984,77
2021-08-20,Orange,059,3164182,283688,279193,13121,292314,5179
2021-08-20,Placer,061,380077,29826,28156,2502,30658,313
2021-08-20,Plumas,063,18699,967,908,14,922,5
2021-08-20,Riverside,065,2383286,326468,319072,15264,334336,4594
2021-08-20,Sacramento,067,1510023,132691,127226,2782,130008,1797
2021-08-20,San Benito,069,59416,6614,6508,130,6638,64
2021-08-20,San Bernardino,071,2135413,322407,317372,9911,327283,5322
2021-08-20,San Diego,073,3302833,327538,321102,18889,339991,3846
2021-08-20,San Francisco,075,870044,46803,45432,1934,47366,573
2021-08-20,San Joaquin,077,732212,85286,82419,4444,86863,1496
2021-08-20,San Luis Obispo,079,281455,24703,23986,943,24929,273
2021-08-20,San Mateo,081,765935,48897,47561,701,48262,551
2021-08-20,Santa Barbara,083,443738,38989,37794,1408,39202,477
2021-08-20,Santa Clara,085,1922200,132877,129510,975,130485,1774
2021-08-20,Santa Cruz,087,273765,18154,17701,911,18612,209
2021-08-20,Shasta,089,179085,14910,14277,2090,16367,215
2021-08-20,Sierra,091,2930,97,83,13,96,0
2021-08-20,Siskiyou,093,43540,2362,2226,623,2849,33
2021-08-20,Solano,095,438530,40453,38214,960,39174,277
2021-08-20,Sonoma,097,501317,36745,35416,439,35855,336
2021-08-20,Stanislaus,099,539301,65488,63219,7208,70427,1047
2021-08-20,Sutter,101,95872,11492,11136,126,11262,133
2021-08-20,Tehama,103,63373,5914,5730,765,6495,66
2021-08-20,Trinity,105,12862,588,422,140,562,3
2021-08-20,Tulare,107,460477,54714,52855,10942,63797,856
2021-08-20,Tuolumne,109,53932,5289,5153,57,5210,73
2021-08-20,Ventura,111,848112,89660,88285,3865,92150,1061
2021-08-20,Yolo,113,214977,16810,16236,742,16978,225
2021-08-20,Yuba,115,75493,7817,7523,172,7695,54
2021-08-19,Alameda,001,1643700,106745,103276,2411,105687,1294
2021-08-19,Alpine,003,1148,91,91,0,91,0
2021-08-19,Amador,005,37829,4455,4317,39,4356,50
2021-08-19,Butte,007,227075,15143,14518,2448,16966,211
2021-08-19,Calaveras,009,45235,2820,2673,20,2693,59
2021-08-19,Colusa,011,21464,2242,2167,454,2621,16
2021-08-19,Contra Costa,013,1133247,87006,83296,1717,85013,852
2021-08-19,Del Norte,015,27424,2583,2257,16,2273,8
2021-08-19,El Dorado,017,186661,13076,12410,1104,13514,118
2021-08-19,Fresno,019,978130,114119,110947,10003,120950,1759
2021-08-19,Glenn,021,27897,2735,2629,685,3314,20
2021-08-19,Humboldt,023,135768,6628,6246,154,6400,52
2021-08-19,Imperial,025,180216,30132,29865,2975,32840,747
2021-08-19,Inyo,027,18085,1503,1494,13,1507,39
2021-08-19,Kern,029,883053,105959,103731,13926,117657,1371
2021-08-19,Kings,031,150075,25887,25128,1359,26487,256
2021-08-19,Lake,033,64148,5184,4991,43,5034,69
2021-08-19,Lassen,035,31185,5626,5520,146,5666,21
2021-08-19,Los Angeles,037,10098052,1331441,1314453,49315,1363768,25020
2021-08-19,Madera,039,155013,18518,17947,1254,19201,246
2021-08-19,Marin,041,260295,16029,15672,325,15997,240
2021-08-19,Mariposa,043,17540,670,618,17,635,5
2021-08-19,Mendocino,045,87422,5506,5167,172,5339,51
2021-08-19,Merced,047,269075,34551,33851,1202,35053,486
2021-08-19,Modoc,049,8938,443,427,155,582,6
2021-08-19,Mono,051,14174,1383,1349,16,1365,3
2021-08-19,Monterey,053,433212,45454,44821,2261,47082,538
2021-08-19,Napa,055,140530,11350,11104,70,11174,83
2021-08-19,Nevada,057,99092,7059,6695,229,6924,77
2021-08-19,Orange,059,3164182,283052,278562,13070,291632,5172
2021-08-19,Placer,061,380077,29646,27953,2484,30437,313
2021-08-19,Plumas,063,18699,954,896,14,910,5
2021-08-19,Riverside,065,2383286,325440,318056,15235,333291,4589
2021-08-19,Sacramento,067,1510023,131988,126720,2746,129466,1801
2021-08-19,San Benito,069,59416,6596,6493,128,6621,64
2021-08-19,San Bernardino,071,2135413,321586,316398,9888,326286,5318
2021-08-19,San Diego,073,3302833,326274,319582,18799,338381,3839
2021-08-19,San Francisco,075,870044,46640,45220,1920,47140,571
2021-08-19,San Joaquin,077,732212,84841,82047,4395,86442,1491
2021-08-19,San Luis Obispo,079,281455,24563,23878,936,24814,271
2021-08-19,San Mateo,081,765935,48762,47431,699,48130,551
2021-08-19,Santa Barbara,083,443738,38844,37693,1405,39098,477
2021-08-19,Santa Clara,085,1922200,132487,129133,968,130101,1774
2021-08-19,Santa Cruz,087,273765,18092,17644,904,18548,209
2021-08-19,Shasta,089,179085,14786,14200,2067,16267,214
2021-08-19,Sierra,091,2930,93,83,13,96,0
2021-08-19,Siskiyou,093,43540,2347,2218,611,2829,33
2021-08-19,Solano,095,438530,40295,38025,948,38973,273
2021-08-19,Sonoma,097,501317,36657,35233,438,35671,336
2021-08-19,Stanislaus,099,539301,65128,62928,7164,70092,1047
2021-08-19,Sutter,101,95872,11408,11057,125,11182,133
2021-08-19,Tehama,103,63373,5878,5683,737,6420,66
2021-08-19,Trinity,105,12862,584,414,138,552,3
2021-08-19,Tulare,107,460477,54483,52685,10878,63563,856
2021-08-19,Tuolumne,109,53932,5253,5112,56,5168,64
2021-08-19,Ventura,111,848112,89457,88073,3850,91923,1060
2021-08-19,Yolo,113,214977,16725,16153,734,16887,225
2021-08-19,Yuba,115,75493,7764,7458,171,7629,51
2021-08-18,Alameda,001,1643700,106330,102696,2389,105085,1294
2021-08-18,Alpine,003,1148,90,91,0,91,0
2021-08-18,Amador,005,37829,4438,4279,38,4317,50
2021-08-18,Butte,007,227075,15033,14426,2422,16848,208
2021-08-18,Calaveras,009,45235,2779,2643,19,2662,59
2021-08-18,Colusa,011,21464,2234,2160,450,2610,16
2021-08-18,Contra Costa,013,1133247,86510,82767,1711,84478,851
2021-08-18,Del Norte,015,27424,2526,2219,16,2235,8
2021-08-18,El Dorado,017,186661,12986,12306,1090,13396,118
2021-08-18,Fresno,019,978130,113666,110523,9948,120471,1759
2021-08-18,Glenn,021,27897,2707,2623,678,3301,20
2021-08-18,Humboldt,023,135768,6556,6195,149,6344,52
2021-08-18,Imperial,025,180216,30099,29821,2973,32794,746
2021-08-18,Inyo,027,18085,1500,1494,13,1507,39
2021-08-18,Kern,029,883053,105611,103440,13831,117271,1370
2021-08-18,Kings,031,150075,25778,24984,1352,26336,256
2021-08-18,Lake,033,64148,5143,4957,42,4999,69
2021-08-18,Lassen,035,31185,5607,5506,145,5651,21
2021-08-18,Los Angeles,037,10098052,1328293,1311477,49183,1360660,24984
2021-08-18,Madera,039,155013,18458,17871,1241,19112,246
2021-08-18,Marin,041,260295,15991,15610,322,15932,240
2021-08-18,Mariposa,043,17540,657,615,16,631,5
2021-08-18,Mendocino,045,87422,5455,5129,169,5298,51
2021-08-18,Merced,047,269075,34386,33708,1191,34899,484
2021-08-18,Modoc,049,8938,443,427,154,581,6
2021-08-18,Mono,051,14174,1380,1344,16,1360,3
2021-08-18,Monterey,053,433212,45370,44735,2245,46980,532
2021-08-18,Napa,055,140530,11311,11060,69,11129,83
2021-08-18,Nevada,057,99092,6993,6633,229,6862,76
2021-08-18,Orange,059,3164182,282415,277795,13014,290809,5168
2021-08-18,Placer,061,380077,29420,27741,2456,30197,312
2021-08-18,Plumas,063,18699,945,874,14,888,5
2021-08-18,Riverside,065,2383286,324440,317107,15201,332308,4585
2021-08-18,Sacramento,067,1510023,131228,125599,2714,128313,1781
2021-08-18,San Benito,069,59416,6585,6481,127,6608,64
2021-08-18,San Bernardino,071,2135413,320785,315477,9869,325346,5304
2021-08-18,San Diego,073,3302833,324930,318152,18734,336886,3834
2021-08-18,San Francisco,075,870044,46435,44957,1910,46867,568
2021-08-18,San Joaquin,077,732212,84390,81601,4365,85966,1491
2021-08-18,San Luis Obispo,079,281455,24412,23726,925,24651,270
2021-08-18,San Mateo,081,765935,48596,47255,698,47953,551
2021-08-18,Santa Barbara,083,443738,38712,37599,1399,38998,475
2021-08-18,Santa Clara,085,1922200,132123,128563,965,129528,1773
2021-08-18,Santa Cruz,087,273765,18037,17566,900,18466,209
2021-08-18,Shasta,089,179085,14687,14087,2048,16135,213
2021-08-18,Sierra,091,2930,92,83,13,96,0
2021-08-18,Siskiyou,093,43540,2318,2204,599,2803,33
2021-08-18,Solano,095,438530,40089,37812,933,38745,271
2021-08-18,Sonoma,097,501317,36514,35063,437,35500,333
2021-08-18,Stanislaus,099,539301,64778,62613,7121,69734,1047
2021-08-18,Sutter,101,95872,11336,11004,120,11124,130
2021-08-18,Tehama,103,63373,5843,5653,727,6380,66
2021-08-18,Trinity,105,12862,577,409,135,544,3
2021-08-18,Tulare,107,460477,54243,52486,10809,63295,856
2021-08-18,Tuolumne,109,53932,5217,5081,54,5135,64
2021-08-18,Ventura,111,848112,89225,87835,3840,91675,1055
2021-08-18,Yolo,113,214977,16642,16047,715,16762,225
2021-08-18,Yuba,115,75493,7699,7391,171,7562,51
2021-08-17,Alameda,001,1643700,105915,102379,2373,104752,1290
2021-08-17,Alpine,003,1148,90,91,0,91,0
2021-08-17,Amador,005,37829,4409,4266,38,4304,50
2021-08-17,Butte,007,227075,14926,14357,2388,16745,206
2021-08-17,Calaveras,009,45235,2738,2624,19,2643,59
2021-08-17,Colusa,011,21464,2225,2156,446,2602,16
2021-08-17,Contra Costa,013,1133247,86062,82482,1700,84182,848
2021-08-17,Del Norte,015,27424,2472,2188,16,2204,8
2021-08-17,El Dorado,017,186661,12898,12242,1076,13318,118
2021-08-17,Fresno,019,978130,113184,110263,9887,120150,1755
2021-08-17,Glenn,021,27897,2693,2608,671,3279,20
2021-08-17,Humboldt,023,135768,6478,6155,147,6302,52
2021-08-17,Imperial,025,180216,30048,29768,2969,32737,746
2021-08-17,Inyo,027,18085,1497,1492,13,1505,39
2021-08-17,Kern,029,883053,105216,103048,13707,116755,1367
2021-08-17,Kings,031,150075,25671,24930,1341,26271,254
2021-08-17,Lake,033,64148,5100,4930,36,4966,68
2021-08-17,Lassen,035,31185,5590,5499,143,5642,21
2021-08-17,Los Angeles,037,10098052,1324748,1307999,49051,1357050,24952
2021-08-17,Madera,039,155013,18384,17838,1221,19059,246
2021-08-17,Marin,041,260295,15936,15570,322,15892,240
2021-08-17,Mariposa,043,17540,649,609,15,624,5
2021-08-17,Mendocino,045,87422,5400,5097,169,5266,51
2021-08-17,Merced,047,269075,34238,33508,1178,34686,482
2021-08-17,Modoc,049,8938,440,424,152,576,6
2021-08-17,Mono,051,14174,1375,1341,16,1357,3
2021-08-17,Monterey,053,433212,45287,44672,2235,46907,528
2021-08-17,Napa,055,140530,11270,11007,68,11075,83
2021-08-17,Nevada,057,99092,6918,6605,227,6832,75
2021-08-17,Orange,059,3164182,281767,277121,12978,290099,5164
2021-08-17,Placer,061,380077,29205,27634,2427,30061,312
2021-08-17,Plumas,063,18699,933,860,14,874,5
2021-08-17,Riverside,065,2383286,323428,316051,15158,331209,4582
2021-08-17,Sacramento,067,1510023,130435,125151,2671,127822,1774
2021-08-17,San Benito,069,59416,6566,6470,127,6597,64
2021-08-17,San Bernardino,071,2135413,319849,314402,9828,324230,5302
2021-08-17,San Diego,073,3302833,323314,317058,18638,335696,3824
2021-08-17,San Francisco,075,870044,46235,44820,1904,46724,567
2021-08-17,San Joaquin,077,732212,83921,81300,4333,85633,1489
2021-08-17,San Luis Obispo,079,281455,24255,23556,922,24478,268
2021-08-17,San Mateo,081,765935,48438,47127,693,47820,551
2021-08-17,Santa Barbara,083,443738,38556,37478,1391,38869,475
2021-08-17,Santa Clara,085,1922200,131721,128354,960,129314,1773
2021-08-17,Santa Cruz,087,273765,17951,17528,899,18427,209
2021-08-17,Shasta,089,179085,14556,14012,2029,16041,214
2021-08-17,Sierra,091,2930,91,82,13,95,0
2021-08-17,Siskiyou,093,43540,2302,2183,586,2769,33
2021-08-17,Solano,095,438530,39860,37662,920,38582,269
2021-08-17,Sonoma,097,501317,36365,34943,433,35376,333
2021-08-17,Stanislaus,099,539301,64426,62385,7061,69446,1047
2021-08-17,Sutter,101,95872,11264,10973,120,11093,130
2021-08-17,Tehama,103,63373,5809,5612,705,6317,66
2021-08-17,Trinity,105,12862,572,406,132,538,3
2021-08-17,Tulare,107,460477,53975,52362,10741,63103,856
2021-08-17,Tuolumne,109,53932,5174,5042,53,5095,64
2021-08-17,Ventura,111,848112,88987,87601,3819,91420,1053
2021-08-17,Yolo,113,214977,16553,15975,701,16676,225
2021-08-17,Yuba,115,75493,7628,7355,171,7526,51
2021-08-16,Alameda,001,1643700,105413,102052,2361,104413,1287
2021-08-16,Alpine,003,1148,90,91,0,91,0
2021-08-16,Amador,005,37829,4399,4235,38,4273,50
2021-08-16,Butte,007,227075,14808,14283,2355,16638,206
2021-08-16,Calaveras,009,45235,2680,2609,18,2627,57
2021-08-16,Colusa,011,21464,2214,2147,442,2589,16
2021-08-16,Contra Costa,013,1133247,85520,82070,1690,83760,848
2021-08-16,Del Norte,015,27424,2395,2125,16,2141,8
2021-08-16,El Dorado,017,186661,12796,12139,1063,13202,118
2021-08-16,Fresno,019,978130,112684,109623,9840,119463,1753
2021-08-16,Glenn,021,27897,2674,2593,665,3258,20
2021-08-16,Humboldt,023,135768,6407,6064,125,6189,52
2021-08-16,Imperial,025,180216,30008,29737,2953,32690,746
2021-08-16,Inyo,027,18085,1494,1490,13,1503,39
2021-08-16,Kern,029,883053,104841,102690,13591,116281,1367
2021-08-16,Kings,031,150075,25570,24817,1331,26148,254
2021-08-16,Lake,033,64148,5073,4898,35,4933,68
2021-08-16,Lassen,035,31185,5574,5481,135,5616,21
2021-08-16,Los Angeles,037,10098052,1321368,1305330,48905,1354235,24923
2021-08-16,Madera,039,155013,18309,17756,1200,18956,246
2021-08-16,Marin,041,260295,15877,15497,320,15817,239
2021-08-16,Mariposa,043,17540,632,597,15,612,5
2021-08-16,Mendocino,045,87422,5344,5037,167,5204,49
2021-08-16,Merced,047,269075,34037,33364,1166,34530,481
2021-08-16,Modoc,049,8938,438,421,151,572,5
2021-08-16,Mono,051,14174,1370,1339,16,1355,3
2021-08-16,Monterey,053,433212,45208,44595,2223,46818,527
2021-08-16,Napa,055,140530,11241,10946,68,11014,83
2021-08-16,Nevada,057,99092,6862,6535,226,6761,74
2021-08-16,Orange,059,3164182,280975,275985,12933,288918,5161
2021-08-16,Placer,061,380077,29022,27384,2394,29778,306
2021-08-16,Plumas,063,18699,922,851,14,865,5
2021-08-16,Riverside,065,2383286,322338,314774,15121,329895,4582
2021-08-16,Sacramento,067,1510023,129625,124554,2628,127182,1762
2021-08-16,San Benito,069,59416,6542,6452,127,6579,64
2021-08-16,San Bernardino,071,2135413,318886,313617,9801,323418,5301
2021-08-16,San Diego,073,3302833,321708,315348,18503,333851,3824
2021-08-16,San Francisco,075,870044,46032,44681,1895,46576,567
2021-08-16,San Joaquin,077,732212,83418,81087,4306,85393,1488
2021-08-16,San Luis Obispo,079,281455,24105,23452,914,24366,265
2021-08-16,San Mateo,081,765935,48256,47024,686,47710,548
2021-08-16,Santa Barbara,083,443738,38387,37358,1386,38744,475
2021-08-16,Santa Clara,085,1922200,131256,127978,956,128934,1773
2021-08-16,Santa Cruz,087,273765,17889,17491,893,18384,209
2021-08-16,Shasta,089,179085,14465,13862,2012,15874,211
2021-08-16,Sierra,091,2930,88,82,13,95,0
2021-08-16,Siskiyou,093,43540,2285,2169,566,2735,33
2021-08-16,Solano,095,438530,39579,37436,906,38342,263
2021-08-16,Sonoma,097,501317,36195,34844,431,35275,333
2021-08-16,Stanislaus,099,539301,64063,62033,7010,69043,1039
2021-08-16,Sutter,101,95872,11195,10902,119,11021,130
2021-08-16,Tehama,103,63373,5745,5565,700,6265,66
2021-08-16,Trinity,105,12862,566,400,131,531,3
2021-08-16,Tulare,107,460477,53731,52162,10671,62833,856
2021-08-16,Tuolumne,109,53932,5135,4984,52,5036,64
2021-08-16,Ventura,111,848112,88742,86954,3801,90755,1052
2021-08-16,Yolo,113,214977,16452,15922,693,16615,225
2021-08-16,Yuba,115,75493,7544,7314,170,7484,51
2021-08-15,Alameda,001,1643700,104918,101660,2344,104004,1287
2021-08-15,Alpine,003,1148,90,91,0,91,0
2021-08-15,Amador,005,37829,4371,4231,38,4269,49
2021-08-15,Butte,007,227075,14683,14263,2331,16594,206
2021-08-15,Calaveras,009,45235,2633,2599,18,2617,57
2021-08-15,Colusa,011,21464,2202,2140,432,2572,16
2021-08-15,Contra Costa,013,1133247,85037,81781,1675,83456,848
2021-08-15,Del Norte,015,27424,2328,2060,16,2076,8
2021-08-15,El Dorado,017,186661,12661,12057,1046,13103,118
2021-08-15,Fresno,019,978130,112212,109382,9777,119159,1753
2021-08-15,Glenn,021,27897,2650,2592,653,3245,20
2021-08-15,Humboldt,023,135768,6333,6024,119,6143,52
2021-08-15,Imperial,025,180216,29942,29711,2949,32660,746
2021-08-15,Inyo,027,18085,1493,1489,13,1502,39
2021-08-15,Kern,029,883053,104397,102524,13478,116002,1367
2021-08-15,Kings,031,150075,25425,24736,1321,26057,254
2021-08-15,Lake,033,64148,5014,4886,34,4920,68
2021-08-15,Lassen,035,31185,5557,5482,134,5616,21
2021-08-15,Los Angeles,037,10098052,1317838,1302882,48731,1351613,24918
2021-08-15,Madera,039,155013,18221,17714,1184,18898,246
2021-08-15,Marin,041,260295,15818,15461,318,15779,239
2021-08-15,Mariposa,043,17540,625,591,14,605,5
2021-08-15,Mendocino,045,87422,5288,5022,161,5183,49
2021-08-15,Merced,047,269075,33793,33305,1155,34460,481
2021-08-15,Modoc,049,8938,436,421,151,572,5
2021-08-15,Mono,051,14174,1364,1334,16,1350,3
2021-08-15,Monterey,053,433212,45086,44567,2201,46768,527
2021-08-15,Napa,055,140530,11186,10919,68,10987,83
2021-08-15,Nevada,057,99092,6778,6486,226,6712,74
2021-08-15,Orange,059,3164182,280204,275447,12892,288339,5161
2021-08-15,Placer,061,380077,28800,27220,2346,29566,306
2021-08-15,Plumas,063,18699,910,850,14,864,5
2021-08-15,Riverside,065,2383286,321199,314133,15093,329226,4582
2021-08-15,Sacramento,067,1510023,128810,123924,2596,126520,1761
2021-08-15,San Benito,069,59416,6524,6446,126,6572,64
2021-08-15,San Bernardino,071,2135413,317812,313120,9769,322889,5301
2021-08-15,San Diego,073,3302833,320223,314247,18388,332635,3824
2021-08-15,San Francisco,075,870044,45804,44531,1878,46409,567
2021-08-15,San Joaquin,077,732212,82929,80832,4266,85098,1488
2021-08-15,San Luis Obispo,079,281455,23908,23404,904,24308,265
2021-08-15,San Mateo,081,765935,48069,46897,680,47577,548
2021-08-15,Santa Barbara,083,443738,38216,37276,1379,38655,475
2021-08-15,Santa Clara,085,1922200,130823,127715,950,128665,1773
2021-08-15,Santa Cruz,087,273765,17819,17440,886,18326,209
2021-08-15,Shasta,089,179085,14362,13835,1986,15821,211
2021-08-15,Sierra,091,2930,87,82,12,94,0
2021-08-15,Siskiyou,093,43540,2264,2169,552,2721,33
2021-08-15,Solano,095,438530,39324,37320,895,38215,263
2021-08-15,Sonoma,097,501317,35999,34706,423,35129,333
2021-08-15,Stanislaus,099,539301,63672,61795,6932,68727,1039
2021-08-15,Sutter,101,95872,11104,10863,119,10982,130
2021-08-15,Tehama,103,63373,5696,5550,694,6244,66
2021-08-15,Trinity,105,12862,562,400,130,530,3
2021-08-15,Tulare,107,460477,53474,52046,10611,62657,856
2021-08-15,Tuolumne,109,53932,5097,4934,50,4984,64
2021-08-15,Ventura,111,848112,88437,86797,3787,90584,1052
2021-08-15,Yolo,113,214977,16356,15873,683,16556,225
2021-08-15,Yuba,115,75493,7467,7265,169,7434,51
2021-08-14,Alameda,001,1643700,104699,101305,2340,103645,1287
2021-08-14,Alpine,003,1148,90,91,0,91,0
2021-08-14,Amador,005,37829,4353,4206,38,4244,49
2021-08-14,Butte,007,227075,14646,14192,2315,16507,206
2021-08-14,Calaveras,009,45235,2628,2579,18,2597,57
2021-08-14,Colusa,011,21464,2192,2134,428,2562,16
2021-08-14,Contra Costa,013,1133247,84788,81458,1667,83125,848
2021-08-14,Del Norte,015,27424,2301,2015,16,2031,8
2021-08-14,El Dorado,017,186661,12625,12019,1037,13056,118
2021-08-14,Fresno,019,978130,112054,109056,9747,118803,1753
2021-08-14,Glenn,021,27897,2639,2583,651,3234,20
2021-08-14,Humboldt,023,135768,6279,5998,115,6113,52
2021-08-14,Imperial,025,180216,29915,29671,2949,32620,746
2021-08-14,Inyo,027,18085,1491,1487,13,1500,39
2021-08-14,Kern,029,883053,104202,102306,13382,115688,1367
2021-08-14,Kings,031,150075,25327,24647,1312,25959,254
2021-08-14,Lake,033,64148,4997,4850,33,4883,68
2021-08-14,Lassen,035,31185,5550,5475,133,5608,21
2021-08-14,Los Angeles,037,10098052,1316066,1299346,48592,1347938,24911
2021-08-14,Madera,039,155013,18174,17691,1179,18870,246
2021-08-14,Marin,041,260295,15784,15441,318,15759,239
2021-08-14,Mariposa,043,17540,621,584,14,598,5
2021-08-14,Mendocino,045,87422,5252,4977,158,5135,49
2021-08-14,Merced,047,269075,33729,33234,1149,34383,481
2021-08-14,Modoc,049,8938,436,421,151,572,5
2021-08-14,Mono,051,14174,1360,1332,16,1348,3
2021-08-14,Monterey,053,433212,45042,44514,2198,46712,527
2021-08-14,Napa,055,140530,11156,10878,67,10945,83
2021-08-14,Nevada,057,99092,6743,6419,225,6644,74
2021-08-14,Orange,059,3164182,279770,274732,12864,287596,5161
2021-08-14,Placer,061,380077,28654,27115,2322,29437,306
2021-08-14,Plumas,063,18699,900,849,14,863,5
2021-08-14,Riverside,065,2383286,320484,313264,15072,328336,4582
2021-08-14,Sacramento,067,1510023,128316,123438,2578,126016,1758
2021-08-14,San Benito,069,59416,6511,6428,126,6554,64
2021-08-14,San Bernardino,071,2135413,317264,312142,9748,321890,5301
2021-08-14,San Diego,073,3302833,319552,313589,18320,331909,3824
2021-08-14,San Francisco,075,870044,45675,44353,1859,46212,567
2021-08-14,San Joaquin,077,732212,82713,80585,4251,84836,1488
2021-08-14,San Luis Obispo,079,281455,23847,23328,901,24229,265
2021-08-14,San Mateo,081,765935,47950,46792,676,47468,548
2021-08-14,Santa Barbara,083,443738,38122,37118,1376,38494,475
2021-08-14,Santa Clara,085,1922200,130544,127432,947,128379,1772
2021-08-14,Santa Cruz,087,273765,17780,17384,885,18269,209
2021-08-14,Shasta,089,179085,14287,13813,1965,15778,211
2021-08-14,Sierra,091,2930,86,81,12,93,0
2021-08-14,Siskiyou,093,43540,2254,2160,542,2702,33
2021-08-14,Solano,095,438530,39237,37237,883,38120,263
2021-08-14,Sonoma,097,501317,35876,34606,421,35027,333
2021-08-14,Stanislaus,099,539301,63482,61564,6887,68451,1039
2021-08-14,Sutter,101,95872,11059,10808,118,10926,130
2021-08-14,Tehama,103,63373,5672,5530,690,6220,66
2021-08-14,Trinity,105,12862,556,399,130,529,3
2021-08-14,Tulare,107,460477,53338,51951,10565,62516,856
2021-08-14,Tuolumne,109,53932,5062,4924,50,4974,64
2021-08-14,Ventura,111,848112,88280,86569,3767,90336,1052
2021-08-14,Yolo,113,214977,16311,15815,673,16488,225
2021-08-14,Yuba,115,75493,7418,7223,169,7392,51
2021-08-13,Alameda,001,1643700,104400,100930,2332,103262,1284
2021-08-13,Alpine,003,1148,90,91,0,91,0
2021-08-13,Amador,005,37829,4325,4169,38,4207,49
2021-08-13,Butte,007,227075,14575,14100,2299,16399,206
2021-08-13,Calaveras,009,45235,2618,2564,18,2582,57
2021-08-13,Colusa,011,21464,2185,2123,423,2546,16
2021-08-13,Contra Costa,013,1133247,84475,81046,1659,82705,848
2021-08-13,Del Norte,015,27424,2260,1973,16,1989,8
2021-08-13,El Dorado,017,186661,12586,11951,1025,12976,118
2021-08-13,Fresno,019,978130,111765,108638,9726,118364,1753
2021-08-13,Glenn,021,27897,2628,2574,649,3223,20
2021-08-13,Humboldt,023,135768,6232,5882,112,5994,52
2021-08-13,Imperial,025,180216,29888,29654,2948,32602,745
2021-08-13,Inyo,027,18085,1490,1484,13,1497,39
2021-08-13,Kern,029,883053,103994,102029,13273,115302,1364
2021-08-13,Kings,031,150075,25242,24531,1305,25836,253
2021-08-13,Lake,033,64148,4974,4811,32,4843,68
2021-08-13,Lassen,035,31185,5542,5455,132,5587,21
2021-08-13,Los Angeles,037,10098052,1313752,1295406,48456,1343862,24891
2021-08-13,Madera,039,155013,18125,17614,1170,18784,246
2021-08-13,Marin,041,260295,15754,15380,318,15698,239
2021-08-13,Mariposa,043,17540,615,577,14,591,5
2021-08-13,Mendocino,045,87422,5199,4924,156,5080,49
2021-08-13,Merced,047,269075,33681,33111,1144,34255,480
2021-08-13,Modoc,049,8938,435,421,150,571,5
2021-08-13,Mono,051,14174,1358,1331,16,1347,3
2021-08-13,Monterey,053,433212,44982,44450,2196,46646,527
2021-08-13,Napa,055,140530,11120,10830,67,10897,83
2021-08-13,Nevada,057,99092,6702,6356,224,6580,74
2021-08-13,Orange,059,3164182,279277,274004,12815,286819,5159
2021-08-13,Placer,061,380077,28554,26987,2295,29282,306
2021-08-13,Plumas,063,18699,886,842,14,856,5
2021-08-13,Riverside,065,2383286,319746,312408,15047,327455,4581
2021-08-13,Sacramento,067,1510023,127849,122868,2550,125418,1758
2021-08-13,San Benito,069,59416,6505,6422,124,6546,64
2021-08-13,San Bernardino,071,2135413,316596,311378,9729,321107,5301
2021-08-13,San Diego,073,3302833,318506,312293,18240,330533,3821
2021-08-13,San Francisco,075,870044,45538,44196,1836,46032,567
2021-08-13,San Joaquin,077,732212,82496,80232,4235,84467,1481
2021-08-13,San Luis Obispo,079,281455,23785,23226,898,24124,265
2021-08-13,San Mateo,081,765935,47829,46660,675,47335,548
2021-08-13,Santa Barbara,083,443738,38038,37023,1372,38395,474
2021-08-13,Santa Clara,085,1922200,130257,126958,942,127900,1769
2021-08-13,Santa Cruz,087,273765,17741,17332,878,18210,209
2021-08-13,Shasta,089,179085,14224,13698,1951,15649,211
2021-08-13,Sierra,091,2930,85,81,12,93,0
2021-08-13,Siskiyou,093,43540,2245,2147,538,2685,33
2021-08-13,Solano,095,438530,39103,37104,875,37979,264
2021-08-13,Sonoma,097,501317,35771,34464,421,34885,333
2021-08-13,Stanislaus,099,539301,63298,61294,6845,68139,1039
2021-08-13,Sutter,101,95872,11015,10751,117,10868,130
2021-08-13,Tehama,103,63373,5648,5496,688,6184,66
2021-08-13,Trinity,105,12862,552,392,130,522,3
2021-08-13,Tulare,107,460477,53234,51770,10490,62260,856
2021-08-13,Tuolumne,109,53932,5029,4899,49,4948,64
2021-08-13,Ventura,111,848112,88122,86368,3754,90122,1052
2021-08-13,Yolo,113,214977,16258,15761,663,16424,225
2021-08-13,Yuba,115,75493,7380,7184,169,7353,51
2021-08-12,Alameda,001,1643700,103897,100472,2319,102791,1284
2021-08-12,Alpine,003,1148,90,91,0,91,0
2021-08-12,Amador,005,37829,4295,4161,37,4198,49
2021-08-12,Butte,007,227075,14497,14006,2281,16287,206
2021-08-12,Calaveras,009,45235,2598,2531,18,2549,57
2021-08-12,Colusa,011,21464,2180,2111,422,2533,17
2021-08-12,Contra Costa,013,1133247,83994,80738,1644,82382,846
2021-08-12,Del Norte,015,27424,2188,1923,16,1939,8
2021-08-12,El Dorado,017,186661,12472,11880,1017,12897,118
2021-08-12,Fresno,019,978130,111349,108193,9665,117858,1753
2021-08-12,Glenn,021,27897,2620,2559,643,3202,20
2021-08-12,Humboldt,023,135768,6162,5845,108,5953,52
2021-08-12,Imperial,025,180216,29832,29585,2942,32527,745
2021-08-12,Inyo,027,18085,1488,1483,13,1496,39
2021-08-12,Kern,029,883053,103705,101698,13193,114891,1364
2021-08-12,Kings,031,150075,25142,24423,1296,25719,252
2021-08-12,Lake,033,64148,4948,4774,32,4806,68
2021-08-12,Lassen,035,31185,5520,5428,131,5559,21
2021-08-12,Los Angeles,037,10098052,1310565,1291875,48321,1340196,24874
2021-08-12,Madera,039,155013,18061,17564,1158,18722,246
2021-08-12,Marin,041,260295,15705,15277,314,15591,239
2021-08-12,Mariposa,043,17540,606,568,13,581,5
2021-08-12,Mendocino,045,87422,5169,4873,149,5022,49
2021-08-12,Merced,047,269075,33557,32960,1137,34097,480
2021-08-12,Modoc,049,8938,434,423,150,573,5
2021-08-12,Mono,051,14174,1353,1325,16,1341,3
2021-08-12,Monterey,053,433212,44906,44383,2179,46562,527
2021-08-12,Napa,055,140530,11071,10780,66,10846,83
2021-08-12,Nevada,057,99092,6641,6283,224,6507,74
2021-08-12,Orange,059,3164182,278600,273167,12757,285924,5158
2021-08-12,Placer,061,380077,28354,26856,2271,29127,306
2021-08-12,Plumas,063,18699,878,829,14,843,5
2021-08-12,Riverside,065,2383286,318737,311304,15014,326318,4575
2021-08-12,Sacramento,067,1510023,127078,122222,2520,124742,1758
2021-08-12,San Benito,069,59416,6488,6398,122,6520,64
2021-08-12,San Bernardino,071,2135413,315722,310420,9700,320120,5297
2021-08-12,San Diego,073,3302833,317128,310596,18155,328751,3821
2021-08-12,San Francisco,075,870044,45330,43774,1823,45597,564
2021-08-12,San Joaquin,077,732212,82100,79945,4213,84158,1479
2021-08-12,San Luis Obispo,079,281455,23684,23101,885,23986,264
2021-08-12,San Mateo,081,765935,47685,46435,672,47107,548
2021-08-12,Santa Barbara,083,443738,37901,36881,1363,38244,473
2021-08-12,Santa Clara,085,1922200,129808,126614,936,127550,1769
2021-08-12,Santa Cruz,087,273765,17677,17261,877,18138,209
2021-08-12,Shasta,089,179085,14138,13621,1924,15545,211
2021-08-12,Sierra,091,2930,85,81,12,93,0
2021-08-12,Siskiyou,093,43540,2238,2134,528,2662,33
2021-08-12,Solano,095,438530,38874,36980,866,37846,262
2021-08-12,Sonoma,097,501317,35623,34299,418,34717,333
2021-08-12,Stanislaus,099,539301,63023,61026,6786,67812,1039
2021-08-12,Sutter,101,95872,10954,10695,115,10810,130
2021-08-12,Tehama,103,63373,5618,5462,679,6141,66
2021-08-12,Trinity,105,12862,548,386,129,515,3
2021-08-12,Tulare,107,460477,53088,51632,10440,62072,856
2021-08-12,Tuolumne,109,53932,4982,4845,47,4892,64
2021-08-12,Ventura,111,848112,87886,86106,3730,89836,1052
2021-08-12,Yolo,113,214977,16187,15686,650,16336,224
2021-08-12,Yuba,115,75493,7332,7128,168,7296,51
2021-08-11,Alameda,001,1643700,103369,100040,2315,102355,1281
2021-08-11,Alpine,003,1148,90,91,0,91,0
2021-08-11,Amador,005,37829,4271,4127,37,4164,49
2021-08-11,Butte,007,227075,14393,13905,2256,16161,206
2021-08-11,Calaveras,009,45235,2576,2505,18,2523,57
2021-08-11,Colusa,011,21464,2170,2101,420,2521,16
2021-08-11,Contra Costa,013,1133247,83494,80275,1627,81902,843
2021-08-11,Del Norte,015,27424,2129,1893,16,1909,8
2021-08-11,El Dorado,017,186661,12359,11799,1005,12804,119
2021-08-11,Fresno,019,978130,110890,107773,9623,117396,1751
2021-08-11,Glenn,021,27897,2612,2547,636,3183,20
2021-08-11,Humboldt,023,135768,6115,5765,107,5872,52
2021-08-11,Imperial,025,180216,29789,29565,2938,32503,745
2021-08-11,Inyo,027,18085,1488,1483,13,1496,39
2021-08-11,Kern,029,883053,103391,101448,13082,114530,1363
2021-08-11,Kings,031,150075,25029,24304,1287,25591,250
2021-08-11,Lake,033,64148,4911,4713,31,4744,68
2021-08-11,Lassen,035,31185,5511,5408,129,5537,21
2021-08-11,Los Angeles,037,10098052,1307246,1288238,48133,1336371,24851
2021-08-11,Madera,039,155013,18011,17511,1147,18658,245
2021-08-11,Marin,041,260295,15656,15235,314,15549,239
2021-08-11,Mariposa,043,17540,596,554,12,566,5
2021-08-11,Mendocino,045,87422,5100,4796,141,4937,49
2021-08-11,Merced,047,269075,33423,32802,1133,33935,479
2021-08-11,Modoc,049,8938,434,421,150,571,5
2021-08-11,Mono,051,14174,1348,1320,16,1336,3
2021-08-11,Monterey,053,433212,44807,44314,2161,46475,527
2021-08-11,Napa,055,140530,11030,10732,66,10798,83
2021-08-11,Nevada,057,99092,6587,6172,221,6393,74
2021-08-11,Orange,059,3164182,277744,272212,12710,284922,5155
2021-08-11,Placer,061,380077,28142,26687,2245,28932,305
2021-08-11,Plumas,063,18699,868,824,14,838,5
2021-08-11,Riverside,065,2383286,317744,310265,14979,325244,4570
2021-08-11,Sacramento,067,1510023,126285,121603,2477,124080,1757
2021-08-11,San Benito,069,59416,6475,6381,122,6503,64
2021-08-11,San Bernardino,071,2135413,314829,309498,9678,319176,5296
2021-08-11,San Diego,073,3302833,315642,309406,18056,327462,3818
2021-08-11,San Francisco,075,870044,45105,43555,1815,45370,564
2021-08-11,San Joaquin,077,732212,81692,79641,4186,83827,1478
2021-08-11,San Luis Obispo,079,281455,23580,22920,878,23798,264
2021-08-11,San Mateo,081,765935,47517,46300,669,46969,548
2021-08-11,Santa Barbara,083,443738,37738,36699,1354,38053,472
2021-08-11,Santa Clara,085,1922200,129328,126301,928,127229,1769
2021-08-11,Santa Cruz,087,273765,17611,17191,874,18065,209
2021-08-11,Shasta,089,179085,14064,13546,1908,15454,211
2021-08-11,Sierra,091,2930,84,81,12,93,0
2021-08-11,Siskiyou,093,43540,2224,2124,521,2645,33
2021-08-11,Solano,095,438530,38638,36862,852,37714,262
2021-08-11,Sonoma,097,501317,35446,34188,413,34601,333
2021-08-11,Stanislaus,099,539301,62680,60767,6756,67523,1037
2021-08-11,Sutter,101,95872,10882,10628,115,10743,130
2021-08-11,Tehama,103,63373,5588,5410,662,6072,66
2021-08-11,Trinity,105,12862,546,385,129,514,3
2021-08-11,Tulare,107,460477,52919,51464,10395,61859,854
2021-08-11,Tuolumne,109,53932,4950,4794,47,4841,64
2021-08-11,Ventura,111,848112,87634,85863,3709,89572,1051
2021-08-11,Yolo,113,214977,16112,15593,636,16229,218
2021-08-11,Yuba,115,75493,7273,7063,167,7230,53
2021-08-10,Alameda,001,1643700,102880,99771,2307,102078,1281
2021-08-10,Alpine,003,1148,90,91,0,91,0
2021-08-10,Amador,005,37829,4255,4093,37,4130,49
2021-08-10,Butte,007,227075,14309,13853,2234,16087,205
2021-08-10,Calaveras,009,45235,2553,2491,16,2507,57
2021-08-10,Colusa,011,21464,2157,2088,411,2499,16
2021-08-10,Contra Costa,013,1133247,82953,80018,1617,81635,840
2021-08-10,Del Norte,015,27424,2085,1870,16,1886,8
2021-08-10,El Dorado,017,186661,12260,11734,995,12729,117
2021-08-10,Fresno,019,978130,110437,107616,9573,117189,1747
2021-08-10,Glenn,021,27897,2599,2538,627,3165,20
2021-08-10,Humboldt,023,135768,6061,5718,104,5822,52
2021-08-10,Imperial,025,180216,29754,29522,2932,32454,745
2021-08-10,Inyo,027,18085,1488,1482,13,1495,39
2021-08-10,Kern,029,883053,103062,101254,12986,114240,1359
2021-08-10,Kings,031,150075,24902,24252,1271,25523,251
2021-08-10,Lake,033,64148,4870,4700,31,4731,67
2021-08-10,Lassen,035,31185,5493,5401,129,5530,21
2021-08-10,Los Angeles,037,10098052,1303501,1285140,47969,1333109,24821
2021-08-10,Madera,039,155013,17938,17481,1137,18618,245
2021-08-10,Marin,041,260295,15609,15194,314,15508,239
2021-08-10,Mariposa,043,17540,583,550,12,562,5
2021-08-10,Mendocino,045,87422,5055,4775,138,4913,49
2021-08-10,Merced,047,269075,33275,32721,1125,33846,477
2021-08-10,Modoc,049,8938,433,421,150,571,5
2021-08-10,Mono,051,14174,1343,1320,16,1336,3
2021-08-10,Monterey,053,433212,44745,44259,2146,46405,527
2021-08-10,Napa,055,140530,10974,10703,65,10768,83
2021-08-10,Nevada,057,99092,6521,6151,220,6371,73
2021-08-10,Orange,059,3164182,276864,271688,12663,284351,5155
2021-08-10,Placer,061,380077,27923,26561,2203,28764,305
2021-08-10,Plumas,063,18699,859,816,14,830,5
2021-08-10,Riverside,065,2383286,316629,309529,14953,324482,4564
2021-08-10,Sacramento,067,1510023,125433,121159,2447,123606,1755
2021-08-10,San Benito,069,59416,6461,6371,122,6493,64
2021-08-10,San Bernardino,071,2135413,313908,308672,9661,318333,5295
2021-08-10,San Diego,073,3302833,313979,308288,17980,326268,3815
2021-08-10,San Francisco,075,870044,44849,43389,1800,45189,564
2021-08-10,San Joaquin,077,732212,81294,79391,4169,83560,1478
2021-08-10,San Luis Obispo,079,281455,23454,22776,876,23652,264
2021-08-10,San Mateo,081,765935,47343,46184,667,46851,548
2021-08-10,Santa Barbara,083,443738,37573,36574,1347,37921,472
2021-08-10,Santa Clara,085,1922200,128866,126019,921,126940,1770
2021-08-10,Santa Cruz,087,273765,17528,17142,872,18014,209
2021-08-10,Shasta,089,179085,13986,13461,1884,15345,211
2021-08-10,Sierra,091,2930,84,76,12,88,0
2021-08-10,Siskiyou,093,43540,2215,2088,514,2602,33
2021-08-10,Solano,095,438530,38393,36767,841,37608,262
2021-08-10,Sonoma,097,501317,35300,34054,410,34464,333
2021-08-10,Stanislaus,099,539301,62331,60605,6719,67324,1037
2021-08-10,Sutter,101,95872,10817,10569,115,10684,130
2021-08-10,Tehama,103,63373,5559,5392,657,6049,66
2021-08-10,Trinity,105,12862,546,384,129,513,3
2021-08-10,Tulare,107,460477,52755,51390,10343,61733,854
2021-08-10,Tuolumne,109,53932,4921,4780,45,4825,64
2021-08-10,Ventura,111,848112,87344,85714,3688,89402,1051
2021-08-10,Yolo,113,214977,16025,15568,626,16194,218
2021-08-10,Yuba,115,75493,7223,7028,167,7195,50
2021-08-09,Alameda,001,1643700,102318,99496,2303,101799,1276
2021-08-09,Alpine,003,1148,90,91,0,91,0
2021-08-09,Amador,005,37829,4229,4078,37,4115,48
2021-08-09,Butte,007,227075,14214,13813,2203,16016,205
2021-08-09,Calaveras,009,45235,2526,2472,16,2488,57
2021-08-09,Colusa,011,21464,2147,2075,403,2478,16
2021-08-09,Contra Costa,013,1133247,82405,79740,1605,81345,840
2021-08-09,Del Norte,015,27424,2017,1848,16,1864,8
2021-08-09,El Dorado,017,186661,12152,11672,981,12653,117
2021-08-09,Fresno,019,978130,109945,107310,9537,116847,1747
2021-08-09,Glenn,021,27897,2588,2532,617,3149,20
2021-08-09,Humboldt,023,135768,5970,5632,102,5734,52
2021-08-09,Imperial,025,180216,29710,29512,2927,32439,745
2021-08-09,Inyo,027,18085,1488,1481,13,1494,39
2021-08-09,Kern,029,883053,102751,101069,12900,113969,1359
2021-08-09,Kings,031,150075,24794,24155,1256,25411,250
2021-08-09,Lake,033,64148,4835,4670,29,4699,66
2021-08-09,Lassen,035,31185,5471,5393,128,5521,21
2021-08-09,Los Angeles,037,10098052,1299500,1282891,47776,1330667,24798
2021-08-09,Madera,039,155013,17879,17429,1117,18546,245
2021-08-09,Marin,041,260295,15556,15154,313,15467,239
2021-08-09,Mariposa,043,17540,570,545,12,557,5
2021-08-09,Mendocino,045,87422,5004,4732,130,4862,49
2021-08-09,Merced,047,269075,33129,32666,1118,33784,477
2021-08-09,Modoc,049,8938,433,419,150,569,5
2021-08-09,Mono,051,14174,1340,1337,16,1353,3
2021-08-09,Monterey,053,433212,44672,44190,2130,46320,527
2021-08-09,Napa,055,140530,10927,10679,65,10744,83
2021-08-09,Nevada,057,99092,6450,6088,219,6307,73
2021-08-09,Orange,059,3164182,275830,271036,12611,283647,5153
2021-08-09,Placer,061,380077,27700,26457,2172,28629,305
2021-08-09,Plumas,063,18699,842,803,14,817,5
2021-08-09,Riverside,065,2383286,315552,308678,14933,323611,4562
2021-08-09,Sacramento,067,1510023,124598,120812,2422,123234,1748
2021-08-09,San Benito,069,59416,6441,6359,120,6479,63
2021-08-09,San Bernardino,071,2135413,312925,308038,9637,317675,5295
2021-08-09,San Diego,073,3302833,312306,306855,17885,324740,3811
2021-08-09,San Francisco,075,870044,44604,43261,1782,45043,564
2021-08-09,San Joaquin,077,732212,80910,79198,4151,83349,1469
2021-08-09,San Luis Obispo,079,281455,23315,22695,867,23562,264
2021-08-09,San Mateo,081,765935,47171,46040,663,46703,548
2021-08-09,Santa Barbara,083,443738,37387,36474,1339,37813,470
2021-08-09,Santa Clara,085,1922200,128363,125791,912,126703,2187
2021-08-09,Santa Cruz,087,273765,17467,17082,872,17954,209
2021-08-09,Shasta,089,179085,13869,13397,1873,15270,210
2021-08-09,Sierra,091,2930,83,75,12,87,0
2021-08-09,Siskiyou,093,43540,2203,2047,497,2544,32
2021-08-09,Solano,095,438530,38117,36653,839,37492,262
2021-08-09,Sonoma,097,501317,35118,33933,408,34341,333
2021-08-09,Stanislaus,099,539301,62048,60410,6668,67078,1037
2021-08-09,Sutter,101,95872,10768,10525,112,10637,129
2021-08-09,Tehama,103,63373,5516,5373,655,6028,66
2021-08-09,Trinity,105,12862,544,378,127,505,3
2021-08-09,Tulare,107,460477,52594,51274,10278,61552,854
2021-08-09,Tuolumne,109,53932,4879,4745,45,4790,64
2021-08-09,Ventura,111,848112,87073,85514,3678,89192,1047
2021-08-09,Yolo,113,214977,15947,15521,605,16126,218
2021-08-09,Yuba,115,75493,7164,6994,167,7161,50
2021-08-08,Alameda,001,1643700,101761,99135,2296,101431,1276
2021-08-08,Alpine,003,1148,90,91,0,91,0
2021-08-08,Amador,005,37829,4195,4057,36,4093,48
2021-08-08,Butte,007,227075,14129,13791,2184,15975,205
2021-08-08,Calaveras,009,45235,2494,2462,16,2478,57
2021-08-08,Colusa,011,21464,2130,2070,396,2466,16
2021-08-08,Contra Costa,013,1133247,81877,79454,1598,81052,840
2021-08-08,Del Norte,015,27424,1971,1810,16,1826,8
2021-08-08,El Dorado,017,186661,12033,11631,970,12601,117
2021-08-08,Fresno,019,978130,109507,107078,9505,116583,1747
2021-08-08,Glenn,021,27897,2579,2527,612,3139,20
2021-08-08,Humboldt,023,135768,5880,5571,102,5673,52
2021-08-08,Imperial,025,180216,29686,29485,2916,32401,745
2021-08-08,Inyo,027,18085,1488,1481,13,1494,39
2021-08-08,Kern,029,883053,102431,100909,12787,113696,1359
2021-08-08,Kings,031,150075,24680,24095,1247,25342,250
2021-08-08,Lake,033,64148,4785,4636,28,4664,66
2021-08-08,Lassen,035,31185,5456,5391,127,5518,21
2021-08-08,Los Angeles,037,10098052,1295256,1279982,47591,1327573,24793
2021-08-08,Madera,039,155013,17800,17398,1100,18498,245
2021-08-08,Marin,041,260295,15503,15124,311,15435,239
2021-08-08,Mariposa,043,17540,566,538,12,550,5
2021-08-08,Mendocino,045,87422,4941,4702,117,4819,49
2021-08-08,Merced,047,269075,32982,32634,1109,33743,477
2021-08-08,Modoc,049,8938,432,419,149,568,5
2021-08-08,Mono,051,14174,1336,1336,16,1352,3
2021-08-08,Monterey,053,433212,44602,44171,2119,46290,527
2021-08-08,Napa,055,140530,10891,10668,65,10733,83
2021-08-08,Nevada,057,99092,6365,6009,217,6226,73
2021-08-08,Orange,059,3164182,274916,270532,12572,283104,5153
2021-08-08,Placer,061,380077,27495,26332,2131,28463,305
2021-08-08,Plumas,063,18699,833,803,14,817,5
2021-08-08,Riverside,065,2383286,314431,308042,14909,322951,4562
2021-08-08,Sacramento,067,1510023,123772,120109,2410,122519,1744
2021-08-08,San Benito,069,59416,6424,6350,119,6469,63
2021-08-08,San Bernardino,071,2135413,311779,307378,9607,316985,5295
2021-08-08,San Diego,073,3302833,310959,305983,17791,323774,3811
2021-08-08,San Francisco,075,870044,44347,43098,1759,44857,564
2021-08-08,San Joaquin,077,732212,80462,79002,4135,83137,1469
2021-08-08,San Luis Obispo,079,281455,23141,22668,859,23527,263
2021-08-08,San Mateo,081,765935,46982,45927,660,46587,548
2021-08-08,Santa Barbara,083,443738,37210,36417,1332,37749,470
2021-08-08,Santa Clara,085,1922200,127912,125553,907,126460,2187
2021-08-08,Santa Cruz,087,273765,17393,17035,867,17902,209
2021-08-08,Shasta,089,179085,13783,13381,1862,15243,210
2021-08-08,Sierra,091,2930,83,74,12,86,0
2021-08-08,Siskiyou,093,43540,2187,2041,492,2533,32
2021-08-08,Solano,095,438530,37865,36551,835,37386,262
2021-08-08,Sonoma,097,501317,34874,33805,407,34212,333
2021-08-08,Stanislaus,099,539301,61704,60269,6623,66892,1037
2021-08-08,Sutter,101,95872,10708,10481,111,10592,129
2021-08-08,Tehama,103,63373,5478,5359,652,6011,66
2021-08-08,Trinity,105,12862,539,378,127,505,3
2021-08-08,Tulare,107,460477,52415,51220,10218,61438,854
2021-08-08,Tuolumne,109,53932,4840,4731,45,4776,64
2021-08-08,Ventura,111,848112,86782,85382,3668,89050,1047
2021-08-08,Yolo,113,214977,15855,15477,598,16075,218
2021-08-08,Yuba,115,75493,7125,6967,167,7134,50
2021-08-07,Alameda,001,1643700,101512,98812,2290,101102,1276
2021-08-07,Alpine,003,1148,90,91,0,91,0
2021-08-07,Amador,005,37829,4178,4041,35,4076,48
2021-08-07,Butte,007,227075,14077,13714,2173,15887,205
2021-08-07,Calaveras,009,45235,2484,2446,16,2462,57
2021-08-07,Colusa,011,21464,2125,2067,387,2454,16
2021-08-07,Contra Costa,013,1133247,81581,79168,1595,80763,840
2021-08-07,Del Norte,015,27424,1939,1791,16,1807,8
2021-08-07,El Dorado,017,186661,11983,11575,963,12538,117
2021-08-07,Fresno,019,978130,109305,106861,9483,116344,1747
2021-08-07,Glenn,021,27897,2571,2515,611,3126,20
2021-08-07,Humboldt,023,135768,5830,5510,99,5609,52
2021-08-07,Imperial,025,180216,29667,29470,2916,32386,745
2021-08-07,Inyo,027,18085,1486,1476,13,1489,39
2021-08-07,Kern,029,883053,102273,100693,12732,113425,1359
2021-08-07,Kings,031,150075,24620,24048,1241,25289,250
2021-08-07,Lake,033,64148,4764,4613,28,4641,66
2021-08-07,Lassen,035,31185,5452,5386,127,5513,21
2021-08-07,Los Angeles,037,10098052,1293236,1276853,47441,1324294,24786
2021-08-07,Madera,039,155013,17765,17366,1095,18461,245
2021-08-07,Marin,041,260295,15469,15085,310,15395,239
2021-08-07,Mariposa,043,17540,563,530,12,542,5
2021-08-07,Mendocino,045,87422,4905,4690,115,4805,49
2021-08-07,Merced,047,269075,32918,32569,1106,33675,477
2021-08-07,Modoc,049,8938,432,419,149,568,5
2021-08-07,Mono,051,14174,1333,1329,16,1345,3
2021-08-07,Monterey,053,433212,44550,44124,2114,46238,527
2021-08-07,Napa,055,140530,10870,10658,64,10722,83
2021-08-07,Nevada,057,99092,6315,5967,215,6182,73
2021-08-07,Orange,059,3164182,274323,269900,12541,282441,5153
2021-08-07,Placer,061,380077,27308,26244,2123,28367,305
2021-08-07,Plumas,063,18699,828,801,14,815,5
2021-08-07,Riverside,065,2383286,313759,307326,14902,322228,4562
2021-08-07,Sacramento,067,1510023,123271,119636,2406,122042,1744
2021-08-07,San Benito,069,59416,6414,6332,119,6451,63
2021-08-07,San Bernardino,071,2135413,311192,306663,9590,316253,5295
2021-08-07,San Diego,073,3302833,310204,304974,17756,322730,3811
2021-08-07,San Francisco,075,870044,44175,42926,1741,44667,564
2021-08-07,San Joaquin,077,732212,80298,78769,4121,82890,1469
2021-08-07,San Luis Obispo,079,281455,23072,22579,858,23437,263
2021-08-07,San Mateo,081,765935,46855,45804,658,46462,548
2021-08-07,Santa Barbara,083,443738,37114,36303,1326,37629,470
2021-08-07,Santa Clara,085,1922200,127641,125196,902,126098,2188
2021-08-07,Santa Cruz,087,273765,17350,16994,865,17859,209
2021-08-07,Shasta,089,179085,13728,13361,1854,15215,210
2021-08-07,Sierra,091,2930,83,74,12,86,0
2021-08-07,Siskiyou,093,43540,2175,2039,490,2529,32
2021-08-07,Solano,095,438530,37749,36458,827,37285,262
2021-08-07,Sonoma,097,501317,34752,33716,407,34123,333
2021-08-07,Stanislaus,099,539301,61516,60093,6593,66686,1037
2021-08-07,Sutter,101,95872,10671,10447,111,10558,129
2021-08-07,Tehama,103,63373,5468,5343,647,5990,66
2021-08-07,Trinity,105,12862,535,377,126,503,3
2021-08-07,Tulare,107,460477,52328,51133,10180,61313,854
2021-08-07,Tuolumne,109,53932,4810,4721,45,4766,64
2021-08-07,Ventura,111,848112,86602,85232,3653,88885,1047
2021-08-07,Yolo,113,214977,15811,15423,591,16014,218
2021-08-07,Yuba,115,75493,7100,6937,165,7102,50
2021-08-06,Alameda,001,1643700,101181,98487,2283,100770,1275
2021-08-06,Alpine,003,1148,90,91,0,91,0
2021-08-06,Amador,005,37829,4157,4002,35,4037,48
2021-08-06,Butte,007,227075,14029,13626,2161,15787,205
2021-08-06,Calaveras,009,45235,2474,2419,16,2435,57
2021-08-06,Colusa,011,21464,2119,2045,381,2426,16
2021-08-06,Contra Costa,013,1133247,81287,78796,1589,80385,840
2021-08-06,Del Norte,015,27424,1912,1755,15,1770,8
2021-08-06,El Dorado,017,186661,11934,11498,951,12449,117
2021-08-06,Fresno,019,978130,109044,106542,9456,115998,1747
2021-08-06,Glenn,021,27897,2556,2504,609,3113,20
2021-08-06,Humboldt,023,135768,5779,5421,96,5517,52
2021-08-06,Imperial,025,180216,29656,29404,2912,32316,745
2021-08-06,Inyo,027,18085,1483,1471,13,1484,39
2021-08-06,Kern,029,883053,102096,100427,12646,113073,1359
2021-08-06,Kings,031,150075,24565,23974,1237,25211,250
2021-08-06,Lake,033,64148,4741,4557,28,4585,66
2021-08-06,Lassen,035,31185,5430,5368,127,5495,21
2021-08-06,Los Angeles,037,10098052,1290754,1273081,47291,1320372,24772
2021-08-06,Madera,039,155013,17727,17324,1086,18410,245
2021-08-06,Marin,041,260295,15436,15051,310,15361,239
2021-08-06,Mariposa,043,17540,554,511,12,523,5
2021-08-06,Mendocino,045,87422,4863,4649,114,4763,49
2021-08-06,Merced,047,269075,32858,32456,1103,33559,477
2021-08-06,Modoc,049,8938,432,419,149,568,5
2021-08-06,Mono,051,14174,1332,1328,16,1344,3
2021-08-06,Monterey,053,433212,44482,44058,2101,46159,527
2021-08-06,Napa,055,140530,10843,10620,64,10684,83
2021-08-06,Nevada,057,99092,6259,5874,215,6089,73
2021-08-06,Orange,059,3164182,273759,269077,12524,281601,5151
2021-08-06,Placer,061,380077,27185,26086,2101,28187,305
2021-08-06,Plumas,063,18699,819,795,14,809,5
2021-08-06,Riverside,065,2383286,313049,306304,14891,321195,4562
2021-08-06,Sacramento,067,1510023,122783,119169,2386,121555,1740
2021-08-06,San Benito,069,59416,6397,6315,119,6434,63
2021-08-06,San Bernardino,071,2135413,310493,305806,9581,315387,5286
2021-08-06,San Diego,073,3302833,309166,303691,17707,321398,3810
2021-08-06,San Francisco,075,870044,44018,42659,1723,44382,565
2021-08-06,San Joaquin,077,732212,80150,78405,4109,82514,1469
2021-08-06,San Luis Obispo,079,281455,23004,22472,853,23325,263
2021-08-06,San Mateo,081,765935,46702,45665,653,46318,548
2021-08-06,Santa Barbara,083,443738,37024,36208,1322,37530,470
2021-08-06,Santa Clara,085,1922200,127350,124767,897,125664,2185
2021-08-06,Santa Cruz,087,273765,17308,16924,861,17785,207
2021-08-06,Shasta,089,179085,13662,13284,1848,15132,210
2021-08-06,Sierra,091,2930,83,73,12,85,0
2021-08-06,Siskiyou,093,43540,2165,2030,486,2516,32
2021-08-06,Solano,095,438530,37639,36351,818,37169,262
2021-08-06,Sonoma,097,501317,34665,33594,406,34000,333
2021-08-06,Stanislaus,099,539301,61362,59854,6572,66426,1037
2021-08-06,Sutter,101,95872,10628,10391,111,10502,128
2021-08-06,Tehama,103,63373,5444,5325,646,5971,66
2021-08-06,Trinity,105,12862,534,371,125,496,3
2021-08-06,Tulare,107,460477,52227,51018,10133,61151,854
2021-08-06,Tuolumne,109,53932,4783,4674,45,4719,64
2021-08-06,Ventura,111,848112,86431,85046,3641,88687,1047
2021-08-06,Yolo,113,214977,15758,15299,586,15885,218
2021-08-06,Yuba,115,75493,7077,6904,165,7069,50
2021-08-05,Alameda,001,1643700,100691,98052,2278,100330,1275
2021-08-05,Alpine,003,1148,90,91,0,91,0
2021-08-05,Amador,005,37829,4137,3992,35,4027,48
2021-08-05,Butte,007,227075,13973,13564,2139,15703,206
2021-08-05,Calaveras,009,45235,2455,2397,16,2413,57
2021-08-05,Colusa,011,21464,2107,2036,377,2413,16
2021-08-05,Contra Costa,013,1133247,80860,78514,1581,80095,840
2021-08-05,Del Norte,015,27424,1885,1731,15,1746,8
2021-08-05,El Dorado,017,186661,11850,11408,940,12348,117
2021-08-05,Fresno,019,978130,108675,106219,9421,115640,1747
2021-08-05,Glenn,021,27897,2551,2494,606,3100,20
2021-08-05,Humboldt,023,135768,5704,5328,95,5423,52
2021-08-05,Imperial,025,180216,29625,29383,2908,32291,745
2021-08-05,Inyo,027,18085,1479,1468,13,1481,38
2021-08-05,Kern,029,883053,101874,100091,12561,112652,1358
2021-08-05,Kings,031,150075,24481,23906,1231,25137,249
2021-08-05,Lake,033,64148,4702,4490,26,4516,66
2021-08-05,Lassen,035,31185,5422,5344,127,5471,21
2021-08-05,Los Angeles,037,10098052,1287541,1269445,47162,1316607,24756
2021-08-05,Madera,039,155013,17686,17301,1078,18379,245
2021-08-05,Marin,041,260295,15392,15005,306,15311,239
2021-08-05,Mariposa,043,17540,543,504,11,515,5
2021-08-05,Mendocino,045,87422,4819,4597,105,4702,49
2021-08-05,Merced,047,269075,32790,32381,1092,33473,477
2021-08-05,Modoc,049,8938,431,418,149,567,5
2021-08-05,Mono,051,14174,1324,1309,16,1325,3
2021-08-05,Monterey,053,433212,44425,43992,2083,46075,527
2021-08-05,Napa,055,140530,10807,10591,62,10653,83
2021-08-05,Nevada,057,99092,6177,5778,212,5990,73
2021-08-05,Orange,059,3164182,272980,268329,12499,280828,5149
2021-08-05,Placer,061,380077,26985,25965,2074,28039,305
2021-08-05,Plumas,063,18699,810,787,14,801,5
2021-08-05,Riverside,065,2383286,312132,305415,14864,320279,4562
2021-08-05,Sacramento,067,1510023,122074,118590,2373,120963,1739
2021-08-05,San Benito,069,59416,6379,6305,119,6424,63
2021-08-05,San Bernardino,071,2135413,309655,304956,9560,314516,5284
2021-08-05,San Diego,073,3302833,307886,302220,17630,319850,3806
2021-08-05,San Francisco,075,870044,43808,42301,1714,44015,564
2021-08-05,San Joaquin,077,732212,79789,78151,4091,82242,1468
2021-08-05,San Luis Obispo,079,281455,22890,22362,847,23209,263
2021-08-05,San Mateo,081,765935,46529,45554,651,46205,548
2021-08-05,Santa Barbara,083,443738,36918,36112,1319,37431,470
2021-08-05,Santa Clara,085,1922200,127017,124490,897,125387,2185
2021-08-05,Santa Cruz,087,273765,17265,16867,858,17725,207
2021-08-05,Shasta,089,179085,13604,13217,1840,15057,210
2021-08-05,Sierra,091,2930,78,73,12,85,0
2021-08-05,Siskiyou,093,43540,2144,2024,476,2500,32
2021-08-05,Solano,095,438530,37458,36250,811,37061,262
2021-08-05,Sonoma,097,501317,34530,33455,405,33860,330
2021-08-05,Stanislaus,099,539301,61114,59692,6534,66226,1037
2021-08-05,Sutter,101,95872,10573,10349,111,10460,127
2021-08-05,Tehama,103,63373,5426,5305,642,5947,66
2021-08-05,Trinity,105,12862,528,367,125,492,3
2021-08-05,Tulare,107,460477,52111,50889,10076,60965,854
2021-08-05,Tuolumne,109,53932,4752,4619,45,4664,64
2021-08-05,Ventura,111,848112,86181,84837,3627,88464,1047
2021-08-05,Yolo,113,214977,15692,15250,576,15826,218
2021-08-05,Yuba,115,75493,7034,6872,163,7035,50
2021-08-04,Alameda,001,1643700,100184,97477,2268,99745,1274
2021-08-04,Alpine,003,1148,90,91,0,91,0
2021-08-04,Amador,005,37829,4107,3962,34,3996,48
2021-08-04,Butte,007,227075,13906,13509,2123,15632,205
2021-08-04,Calaveras,009,45235,2432,2374,16,2390,57
2021-08-04,Colusa,011,21464,2095,2025,371,2396,16
2021-08-04,Contra Costa,013,1133247,80344,77966,1576,79542,840
2021-08-04,Del Norte,015,27424,1862,1701,15,1716,8
2021-08-04,El Dorado,017,186661,11772,11319,929,12248,117
2021-08-04,Fresno,019,978130,108311,105899,9384,115283,1747
2021-08-04,Glenn,021,27897,2543,2487,606,3093,20
2021-08-04,Humboldt,023,135768,5628,5271,94,5365,52
2021-08-04,Imperial,025,180216,29577,29375,2906,32281,745
2021-08-04,Inyo,027,18085,1478,1465,13,1478,38
2021-08-04,Kern,029,883053,101624,99868,12476,112344,1358
2021-08-04,Kings,031,150075,24409,23840,1223,25063,250
2021-08-04,Lake,033,64148,4671,4423,20,4443,65
2021-08-04,Lassen,035,31185,5414,5340,127,5467,21
2021-08-04,Los Angeles,037,10098052,1284057,1265788,47004,1312792,24737
2021-08-04,Madera,039,155013,17651,17251,1071,18322,245
2021-08-04,Marin,041,260295,15345,14950,304,15254,239
2021-08-04,Mariposa,043,17540,528,497,11,508,5
2021-08-04,Mendocino,045,87422,4795,4560,101,4661,49
2021-08-04,Merced,047,269075,32652,32274,1087,33361,476
2021-08-04,Modoc,049,8938,431,416,149,565,5
2021-08-04,Mono,051,14174,1320,1307,16,1323,3
2021-08-04,Monterey,053,433212,44360,43926,2072,45998,526
2021-08-04,Napa,055,140530,10770,10544,62,10606,82
2021-08-04,Nevada,057,99092,6112,5702,211,5913,73
2021-08-04,Orange,059,3164182,272106,267199,12462,279661,5146
2021-08-04,Placer,061,380077,26768,25688,2054,27742,305
2021-08-04,Plumas,063,18699,804,784,14,798,5
2021-08-04,Riverside,065,2383286,311207,304272,14838,319110,4562
2021-08-04,Sacramento,067,1510023,121315,117882,2347,120229,1736
2021-08-04,San Benito,069,59416,6364,6300,119,6419,63
2021-08-04,San Bernardino,071,2135413,308799,304164,9543,313707,5285
2021-08-04,San Diego,073,3302833,306363,301100,17569,318669,3805
2021-08-04,San Francisco,075,870044,43554,41913,1701,43614,562
2021-08-04,San Joaquin,077,732212,79432,77846,4079,81925,1466
2021-08-04,San Luis Obispo,079,281455,22782,22245,841,23086,262
2021-08-04,San Mateo,081,765935,46355,45392,650,46042,548
2021-08-04,Santa Barbara,083,443738,36789,36013,1311,37324,470
2021-08-04,Santa Clara,085,1922200,126626,124127,890,125017,2183
2021-08-04,Santa Cruz,087,273765,17204,16820,851,17671,208
2021-08-04,Shasta,089,179085,13552,13134,1829,14963,211
2021-08-04,Sierra,091,2930,78,73,12,85,0
2021-08-04,Siskiyou,093,43540,2124,2010,471,2481,32
2021-08-04,Solano,095,438530,37258,36025,802,36827,262
2021-08-04,Sonoma,097,501317,34358,33311,403,33714,330
2021-08-04,Stanislaus,099,539301,60875,59396,6495,65891,1037
2021-08-04,Sutter,101,95872,10536,10294,111,10405,127
2021-08-04,Tehama,103,63373,5400,5281,637,5918,66
2021-08-04,Trinity,105,12862,526,362,122,484,3
2021-08-04,Tulare,107,460477,52001,50797,10032,60829,855
2021-08-04,Tuolumne,109,53932,4727,4584,45,4629,64
2021-08-04,Ventura,111,848112,85923,84406,3605,88011,1047
2021-08-04,Yolo,113,214977,15614,15189,563,15752,215
2021-08-04,Yuba,115,75493,6994,6827,161,6988,50
2021-08-03,Alameda,001,1643700,99728,97275,2263,99538,1270
2021-08-03,Alpine,003,1148,90,91,0,91,0
2021-08-03,Amador,005,37829,4071,3953,34,3987,48
2021-08-03,Butte,007,227075,13840,13468,2108,15576,205
2021-08-03,Calaveras,009,45235,2409,2356,16,2372,57
2021-08-03,Colusa,011,21464,2082,2023,365,2388,16
2021-08-03,Contra Costa,013,1133247,79860,77739,1569,79308,836
2021-08-03,Del Norte,015,27424,1830,1691,14,1705,8
2021-08-03,El Dorado,017,186661,11682,11255,919,12174,117
2021-08-03,Fresno,019,978130,107952,105732,9352,115084,1746
2021-08-03,Glenn,021,27897,2536,2481,604,3085,20
2021-08-03,Humboldt,023,135768,5563,5199,89,5288,52
2021-08-03,Imperial,025,180216,29555,29333,2898,32231,745
2021-08-03,Inyo,027,18085,1475,1459,13,1472,38
2021-08-03,Kern,029,883053,101362,99708,12397,112105,1358
2021-08-03,Kings,031,150075,24321,23780,1216,24996,249
2021-08-03,Lake,033,64148,4615,4408,16,4424,66
2021-08-03,Lassen,035,31185,5404,5341,127,5468,21
2021-08-03,Los Angeles,037,10098052,1280323,1262678,46832,1309510,24721
2021-08-03,Madera,039,155013,17610,17220,1056,18276,245
2021-08-03,Marin,041,260295,15296,14906,301,15207,243
2021-08-03,Mariposa,043,17540,517,495,11,506,5
2021-08-03,Mendocino,045,87422,4746,4546,99,4645,49
2021-08-03,Merced,047,269075,32569,32197,1085,33282,476
2021-08-03,Modoc,049,8938,431,416,149,565,5
2021-08-03,Mono,051,14174,1315,1303,16,1319,3
2021-08-03,Monterey,053,433212,44297,43872,2059,45931,525
2021-08-03,Napa,055,140530,10727,10527,61,10588,82
2021-08-03,Nevada,057,99092,6031,5685,210,5895,73
2021-08-03,Orange,059,3164182,271367,266649,12432,279081,5146
2021-08-03,Placer,061,380077,26567,25624,2029,27653,305
2021-08-03,Plumas,063,18699,797,779,14,793,5
2021-08-03,Riverside,065,2383286,310283,303499,14811,318310,4562
2021-08-03,Sacramento,067,1510023,120572,117591,2326,119917,1732
2021-08-03,San Benito,069,59416,6348,6284,118,6402,63
2021-08-03,San Bernardino,071,2135413,307879,303386,9523,312909,5265
2021-08-03,San Diego,073,3302833,304914,300189,17469,317658,3803
2021-08-03,San Francisco,075,870044,43271,41758,1681,43439,562
2021-08-03,San Joaquin,077,732212,79083,77615,4058,81673,1461
2021-08-03,San Luis Obispo,079,281455,22642,22166,834,23000,264
2021-08-03,San Mateo,081,765935,46161,45255,645,45900,548
2021-08-03,Santa Barbara,083,443738,36670,35912,1305,37217,469
2021-08-03,Santa Clara,085,1922200,126205,123914,884,124798,2183
2021-08-03,Santa Cruz,087,273765,17137,16778,848,17626,207
2021-08-03,Shasta,089,179085,13478,13091,1818,14909,211
2021-08-03,Sierra,091,2930,78,72,12,84,0
2021-08-03,Siskiyou,093,43540,2113,1998,466,2464,32
2021-08-03,Solano,095,438530,37038,35953,790,36743,261
2021-08-03,Sonoma,097,501317,34176,33243,402,33645,330
2021-08-03,Stanislaus,099,539301,60642,59282,6477,65759,1037
2021-08-03,Sutter,101,95872,10496,10263,110,10373,127
2021-08-03,Tehama,103,63373,5375,5269,632,5901,66
2021-08-03,Trinity,105,12862,523,361,119,480,3
2021-08-03,Tulare,107,460477,51906,50729,9986,60715,854
2021-08-03,Tuolumne,109,53932,4692,4563,45,4608,64
2021-08-03,Ventura,111,848112,85679,84270,3584,87854,1046
2021-08-03,Yolo,113,214977,15522,15149,549,15698,215
2021-08-03,Yuba,115,75493,6957,6781,159,6940,50
2021-08-02,Alameda,001,1643700,99169,96954,2258,99212,1270
2021-08-02,Alpine,003,1148,90,91,0,91,0
2021-08-02,Amador,005,37829,4051,3927,34,3961,48
2021-08-02,Butte,007,227075,13764,13442,2089,15531,205
2021-08-02,Calaveras,009,45235,2380,2347,16,2363,57
2021-08-02,Colusa,011,21464,2070,2019,362,2381,16
2021-08-02,Contra Costa,013,1133247,79350,77516,1555,79071,836
2021-08-02,Del Norte,015,27424,1800,1653,14,1667,8
2021-08-02,El Dorado,017,186661,11579,11226,905,12131,116
2021-08-02,Fresno,019,978130,107609,105471,9316,114787,1744
2021-08-02,Glenn,021,27897,2528,2477,602,3079,20
2021-08-02,Humboldt,023,135768,5479,5161,87,5248,52
2021-08-02,Imperial,025,180216,29522,29302,2894,32196,743
2021-08-02,Inyo,027,18085,1469,1455,13,1468,38
2021-08-02,Kern,029,883053,101107,99556,12303,111859,1357
2021-08-02,Kings,031,150075,24252,23722,1210,24932,249
2021-08-02,Lake,033,64148,4573,4375,16,4391,66
2021-08-02,Lassen,035,31185,5381,5338,125,5463,21
2021-08-02,Los Angeles,037,10098052,1276608,1260807,46626,1307433,24705
2021-08-02,Madera,039,155013,17566,17158,1043,18201,245
2021-08-02,Marin,041,260295,15253,14859,299,15158,239
2021-08-02,Mariposa,043,17540,508,490,11,501,5
2021-08-02,Mendocino,045,87422,4706,4512,96,4608,49
2021-08-02,Merced,047,269075,32471,32163,1078,33241,474
2021-08-02,Modoc,049,8938,431,415,149,564,5
2021-08-02,Mono,051,14174,1308,1296,16,1312,3
2021-08-02,Monterey,053,433212,44237,43842,2051,45893,525
2021-08-02,Napa,055,140530,10684,10490,58,10548,82
2021-08-02,Nevada,057,99092,5960,5611,209,5820,73
2021-08-02,Orange,059,3164182,270452,266050,12386,278436,5146
2021-08-02,Placer,061,380077,26420,25516,1995,27511,306
2021-08-02,Plumas,063,18699,790,762,14,776,5
2021-08-02,Riverside,065,2383286,309346,302756,14796,317552,4562
2021-08-02,Sacramento,067,1510023,119876,117183,2305,119488,1728
2021-08-02,San Benito,069,59416,6329,6276,117,6393,63
2021-08-02,San Bernardino,071,2135413,307003,303000,9491,312491,5253
2021-08-02,San Diego,073,3302833,303419,299021,17399,316420,3798
2021-08-02,San Francisco,075,870044,42976,41553,1656,43209,562
2021-08-02,San Joaquin,077,732212,78740,77447,4031,81478,1461
2021-08-02,San Luis Obispo,079,281455,22548,22093,828,22921,261
2021-08-02,San Mateo,081,765935,45987,45154,632,45786,548
2021-08-02,Santa Barbara,083,443738,36531,35851,1299,37150,469
2021-08-02,Santa Clara,085,1922200,125735,123655,876,124531,2183
2021-08-02,Santa Cruz,087,273765,17080,16746,844,17590,207
2021-08-02,Shasta,089,179085,13414,13049,1804,14853,212
2021-08-02,Sierra,091,2930,78,71,12,83,0
2021-08-02,Siskiyou,093,43540,2102,1992,452,2444,31
2021-08-02,Solano,095,438530,36790,35852,777,36629,260
2021-08-02,Sonoma,097,501317,33949,33132,397,33529,330
2021-08-02,Stanislaus,099,539301,60409,59160,6449,65609,1037
2021-08-02,Sutter,101,95872,10450,10220,110,10330,127
2021-08-02,Tehama,103,63373,5351,5260,628,5888,66
2021-08-02,Trinity,105,12862,518,359,118,477,3
2021-08-02,Tulare,107,460477,51805,50640,9912,60552,854
2021-08-02,Tuolumne,109,53932,4625,4524,45,4569,64
2021-08-02,Ventura,111,848112,85494,84143,3561,87704,1044
2021-08-02,Yolo,113,214977,15423,15072,531,15603,215
2021-08-02,Yuba,115,75493,6915,6743,156,6899,50
2021-08-01,Alameda,001,1643700,98629,96775,2253,99028,1270
2021-08-01,Alpine,003,1148,90,91,0,91,0
2021-08-01,Amador,005,37829,4013,3923,34,3957,48
2021-08-01,Butte,007,227075,13683,13406,2072,15478,205
2021-08-01,Calaveras,009,45235,2361,2341,16,2357,57
2021-08-01,Colusa,011,21464,2059,2014,360,2374,16
2021-08-01,Contra Costa,013,1133247,78914,77360,1547,78907,836
2021-08-01,Del Norte,015,27424,1768,1642,14,1656,8
2021-08-01,El Dorado,017,186661,11478,11189,895,12084,116
2021-08-01,Fresno,019,978130,107284,105339,9270,114609,1744
2021-08-01,Glenn,021,27897,2522,2476,599,3075,20
2021-08-01,Humboldt,023,135768,5403,5118,83,5201,52
2021-08-01,Imperial,025,180216,29487,29297,2890,32187,743
2021-08-01,Inyo,027,18085,1467,1454,13,1467,38
2021-08-01,Kern,029,883053,100830,99396,12228,111624,1357
2021-08-01,Kings,031,150075,24165,23700,1205,24905,249
2021-08-01,Lake,033,64148,4494,4356,16,4372,66
2021-08-01,Lassen,035,31185,5368,5336,123,5459,21
2021-08-01,Los Angeles,037,10098052,1272923,1258461,46403,1304864,24700
2021-08-01,Madera,039,155013,17509,17146,1038,18184,245
2021-08-01,Marin,041,260295,15176,14844,298,15142,239
2021-08-01,Mariposa,043,17540,501,482,11,493,5
2021-08-01,Mendocino,045,87422,4660,4476,92,4568,49
2021-08-01,Merced,047,269075,32380,32144,1072,33216,474
2021-08-01,Modoc,049,8938,429,413,149,562,5
2021-08-01,Mono,051,14174,1305,1294,16,1310,3
2021-08-01,Monterey,053,433212,44189,43808,2038,45846,525
2021-08-01,Napa,055,140530,10636,10473,56,10529,82
2021-08-01,Nevada,057,99092,5873,5561,208,5769,73
2021-08-01,Orange,059,3164182,269640,265467,12343,277810,5146
2021-08-01,Placer,061,380077,26205,25464,1965,27429,306
2021-08-01,Plumas,063,18699,784,761,14,775,5
2021-08-01,Riverside,065,2383286,308415,302256,14778,317034,4562
2021-08-01,Sacramento,067,1510023,119140,116923,2288,119211,1727
2021-08-01,San Benito,069,59416,6312,6271,117,6388,63
2021-08-01,San Bernardino,071,2135413,306069,302542,9480,312022,5248
2021-08-01,San Diego,073,3302833,302225,298002,17340,315342,3798
2021-08-01,San Francisco,075,870044,42638,41432,1643,43075,562
2021-08-01,San Joaquin,077,732212,78374,77338,4004,81342,1461
2021-08-01,San Luis Obispo,079,281455,22445,22083,823,22906,261
2021-08-01,San Mateo,081,765935,45806,45036,624,45660,548
2021-08-01,Santa Barbara,083,443738,36408,35809,1295,37104,469
2021-08-01,Santa Clara,085,1922200,125324,123511,868,124379,2183
2021-08-01,Santa Cruz,087,273765,17001,16709,837,17546,207
2021-08-01,Shasta,089,179085,13343,13036,1795,14831,212
2021-08-01,Sierra,091,2930,76,71,12,83,0
2021-08-01,Siskiyou,093,43540,2096,1989,446,2435,31
2021-08-01,Solano,095,438530,36555,35800,768,36568,260
2021-08-01,Sonoma,097,501317,33757,33076,394,33470,330
2021-08-01,Stanislaus,099,539301,60166,59078,6417,65495,1037
2021-08-01,Sutter,101,95872,10395,10198,107,10305,127
2021-08-01,Tehama,103,63373,5334,5252,624,5876,66
2021-08-01,Trinity,105,12862,515,359,117,476,3
2021-08-01,Tulare,107,460477,51648,50600,9849,60449,854
2021-08-01,Tuolumne,109,53932,4587,4489,45,4534,64
2021-08-01,Ventura,111,848112,85264,84040,3546,87586,1044
2021-08-01,Yolo,113,214977,15351,15042,522,15564,215
2021-08-01,Yuba,115,75493,6878,6721,155,6876,50
2021-07-31,Alameda,001,1643700,98309,95279,2247,97526,1265
2021-07-31,Alpine,003,1148,90,89,0,89,0
2021-07-31,Amador,005,37829,3993,3877,34,3911,48
2021-07-31,Butte,007,227075,13650,13235,2052,15287,205
2021-07-31,Calaveras,009,45235,2358,2294,16,2310,57
2021-07-31,Colusa,011,21464,2053,2006,358,2364,16
2021-07-31,Contra Costa,013,1133247,78635,75866,1545,77411,832
2021-07-31,Del Norte,015,27424,1742,1576,14,1590,8
2021-07-31,El Dorado,017,186661,11425,11017,889,11906,116
2021-07-31,Fresno,019,978130,107124,104639,9256,113895,1744
2021-07-31,Glenn,021,27897,2517,2465,594,3059,20
2021-07-31,Humboldt,023,135768,5348,4978,82,5060,52
2021-07-31,Imperial,025,180216,29470,29164,2887,32051,743
2021-07-31,Inyo,027,18085,1464,1442,13,1455,38
2021-07-31,Kern,029,883053,100666,98903,12169,111072,1357
2021-07-31,Kings,031,150075,24112,23548,1200,24748,248
2021-07-31,Lake,033,64148,4469,4238,16,4254,66
2021-07-31,Lassen,035,31185,5362,5320,123,5443,21
2021-07-31,Los Angeles,037,10098052,1270728,1248545,46256,1294801,24691
2021-07-31,Madera,039,155013,17476,17058,1032,18090,245
2021-07-31,Marin,041,260295,15132,14701,297,14998,239
2021-07-31,Mariposa,043,17540,492,470,11,481,5
2021-07-31,Mendocino,045,87422,4635,4400,89,4489,49
2021-07-31,Merced,047,269075,32332,31959,1067,33026,474
2021-07-31,Modoc,049,8938,429,413,149,562,5
2021-07-31,Mono,051,14174,1303,1287,16,1303,3
2021-07-31,Monterey,053,433212,44149,43720,2028,45748,525
2021-07-31,Napa,055,140530,10616,10401,55,10456,82
2021-07-31,Nevada,057,99092,5834,5373,207,5580,72
2021-07-31,Orange,059,3164182,269066,263446,12324,275770,5144
2021-07-31,Placer,061,380077,26072,25104,1958,27062,306
2021-07-31,Plumas,063,18699,781,743,14,757,5
2021-07-31,Riverside,065,2383286,307800,300315,14768,315083,4554
2021-07-31,Sacramento,067,1510023,118728,115259,2282,117541,1720
2021-07-31,San Benito,069,59416,6301,6251,117,6368,63
2021-07-31,San Bernardino,071,2135413,305500,300726,9477,310203,5240
2021-07-31,San Diego,073,3302833,301547,295054,17304,312358,3798
2021-07-31,San Francisco,075,870044,42414,40412,1623,42035,562
2021-07-31,San Joaquin,077,732212,78209,76575,3991,80566,1443
2021-07-31,San Luis Obispo,079,281455,22391,21922,821,22743,260
2021-07-31,San Mateo,081,765935,45649,44622,619,45241,548
2021-07-31,Santa Barbara,083,443738,36326,35531,1294,36825,467
2021-07-31,Santa Clara,085,1922200,125069,122614,866,123480,2099
2021-07-31,Santa Cruz,087,273765,16962,16576,836,17412,207
2021-07-31,Shasta,089,179085,13307,12918,1787,14705,212
2021-07-31,Sierra,091,2930,76,68,12,80,0
2021-07-31,Siskiyou,093,43540,2087,1976,440,2416,31
2021-07-31,Solano,095,438530,36454,35340,760,36100,263
2021-07-31,Sonoma,097,501317,33632,32601,394,32995,329
2021-07-31,Stanislaus,099,539301,60004,58586,6394,64980,1035
2021-07-31,Sutter,101,95872,10360,10068,106,10174,127
2021-07-31,Tehama,103,63373,5319,5216,621,5837,66
2021-07-31,Trinity,105,12862,514,354,116,470,3
2021-07-31,Tulare,107,460477,51558,50409,9796,60205,854
2021-07-31,Tuolumne,109,53932,4548,4362,45,4407,64
2021-07-31,Ventura,111,848112,85103,83509,3529,87038,1044
2021-07-31,Yolo,113,214977,15303,14863,511,15374,215
2021-07-31,Yuba,115,75493,6855,6615,151,6766,50
2021-07-30,Alameda,001,1643700,97976,95279,2243,97522,1265
2021-07-30,Alpine,003,1148,90,89,0,89,0
2021-07-30,Amador,005,37829,3970,3877,34,3911,48
2021-07-30,Butte,007,227075,13595,13235,2039,15274,205
2021-07-30,Calaveras,009,45235,2352,2294,16,2310,57
2021-07-30,Colusa,011,21464,2049,2006,356,2362,16
2021-07-30,Contra Costa,013,1133247,78392,75866,1541,77407,832
2021-07-30,Del Norte,015,27424,1724,1576,14,1590,8
2021-07-30,El Dorado,017,186661,11392,11017,883,11900,116
2021-07-30,Fresno,019,978130,106930,104639,9244,113883,1744
2021-07-30,Glenn,021,27897,2512,2465,593,3058,20
2021-07-30,Humboldt,023,135768,5284,4978,79,5057,52
2021-07-30,Imperial,025,180216,29456,29164,2884,32048,743
2021-07-30,Inyo,027,18085,1463,1442,13,1455,38
2021-07-30,Kern,029,883053,100541,98903,12122,111025,1357
2021-07-30,Kings,031,150075,24071,23548,1196,24744,248
2021-07-30,Lake,033,64148,4441,4238,16,4254,66
2021-07-30,Lassen,035,31185,5358,5320,123,5443,21
2021-07-30,Los Angeles,037,10098052,1268407,1248545,46105,1294650,24691
2021-07-30,Madera,039,155013,17434,17058,1029,18087,245
2021-07-30,Marin,041,260295,15098,14701,297,14998,239
2021-07-30,Mariposa,043,17540,489,470,11,481,5
2021-07-30,Mendocino,045,87422,4605,4400,88,4488,49
2021-07-30,Merced,047,269075,32291,31959,1062,33021,474
2021-07-30,Modoc,049,8938,427,413,149,562,5
2021-07-30,Mono,051,14174,1298,1287,16,1303,3
2021-07-30,Monterey,053,433212,44115,43720,2019,45739,525
2021-07-30,Napa,055,140530,10594,10401,54,10455,82
2021-07-30,Nevada,057,99092,5777,5373,207,5580,72
2021-07-30,Orange,059,3164182,268441,263446,12298,275744,5144
2021-07-30,Placer,061,380077,25983,25104,1940,27044,306
2021-07-30,Plumas,063,18699,776,743,14,757,5
2021-07-30,Riverside,065,2383286,307163,300315,14758,315073,4554
2021-07-30,Sacramento,067,1510023,118277,115259,2278,117537,1720
2021-07-30,San Benito,069,59416,6294,6251,117,6368,63
2021-07-30,San Bernardino,071,2135413,304987,300726,9471,310197,5240
2021-07-30,San Diego,073,3302833,300774,295054,17246,312300,3798
2021-07-30,San Francisco,075,870044,42199,40412,1608,42020,562
2021-07-30,San Joaquin,077,732212,78055,76575,3986,80561,1443
2021-07-30,San Luis Obispo,079,281455,22353,21922,817,22739,260
2021-07-30,San Mateo,081,765935,45525,44622,606,45228,548
2021-07-30,Santa Barbara,083,443738,36257,35531,1288,36819,467
2021-07-30,Santa Clara,085,1922200,124845,122614,864,123478,2099
2021-07-30,Santa Cruz,087,273765,16936,16576,834,17410,207
2021-07-30,Shasta,089,179085,13260,12918,1787,14705,212
2021-07-30,Sierra,091,2930,75,68,12,80,0
2021-07-30,Siskiyou,093,43540,2078,1976,439,2415,31
2021-07-30,Solano,095,438530,36363,35340,744,36084,263
2021-07-30,Sonoma,097,501317,33537,32601,394,32995,329
2021-07-30,Stanislaus,099,539301,59859,58586,6373,64959,1035
2021-07-30,Sutter,101,95872,10324,10068,106,10174,127
2021-07-30,Tehama,103,63373,5308,5216,621,5837,66
2021-07-30,Trinity,105,12862,514,354,116,470,3
2021-07-30,Tulare,107,460477,51515,50409,9760,60169,854
2021-07-30,Tuolumne,109,53932,4530,4362,45,4407,64
2021-07-30,Ventura,111,848112,84939,83509,3514,87023,1044
2021-07-30,Yolo,113,214977,15241,14863,507,15370,215
2021-07-30,Yuba,115,75493,6819,6615,150,6765,50
2021-07-29,Alameda,001,1643700,97550,95279,2237,97516,1265
2021-07-29,Alpine,003,1148,90,89,0,89,0
2021-07-29,Amador,005,37829,3951,3877,34,3911,48
2021-07-29,Butte,007,227075,13547,13235,2031,15266,205
2021-07-29,Calaveras,009,45235,2331,2294,16,2310,57
2021-07-29,Colusa,011,21464,2042,2006,356,2362,16
2021-07-29,Contra Costa,013,1133247,77954,75866,1537,77403,832
2021-07-29,Del Norte,015,27424,1700,1576,14,1590,8
2021-07-29,El Dorado,017,186661,11328,11017,871,11888,116
2021-07-29,Fresno,019,978130,106668,104639,9217,113856,1744
2021-07-29,Glenn,021,27897,2502,2465,592,3057,20
2021-07-29,Humboldt,023,135768,5223,4978,77,5055,52
2021-07-29,Imperial,025,180216,29410,29164,2882,32046,743
2021-07-29,Inyo,027,18085,1459,1442,13,1455,38
2021-07-29,Kern,029,883053,100334,98903,12044,110947,1357
2021-07-29,Kings,031,150075,24026,23548,1192,24740,248
2021-07-29,Lake,033,64148,4406,4238,16,4254,66
2021-07-29,Lassen,035,31185,5350,5320,120,5440,21
2021-07-29,Los Angeles,037,10098052,1265318,1248545,45922,1294467,24691
2021-07-29,Madera,039,155013,17387,17058,1025,18083,245
2021-07-29,Marin,041,260295,15055,14701,297,14998,239
2021-07-29,Mariposa,043,17540,485,470,11,481,5
2021-07-29,Mendocino,045,87422,4582,4400,86,4486,49
2021-07-29,Merced,047,269075,32236,31959,1062,33021,474
2021-07-29,Modoc,049,8938,427,413,149,562,5
2021-07-29,Mono,051,14174,1296,1287,16,1303,3
2021-07-29,Monterey,053,433212,44066,43720,2009,45729,525
2021-07-29,Napa,055,140530,10562,10401,52,10453,82
2021-07-29,Nevada,057,99092,5725,5373,206,5579,72
2021-07-29,Orange,059,3164182,267729,263446,12266,275712,5144
2021-07-29,Placer,061,380077,25860,25104,1925,27029,306
2021-07-29,Plumas,063,18699,768,743,14,757,5
2021-07-29,Riverside,065,2383286,306458,300315,14734,315049,4554
2021-07-29,Sacramento,067,1510023,117723,115259,2265,117524,1720
2021-07-29,San Benito,069,59416,6283,6251,117,6368,63
2021-07-29,San Bernardino,071,2135413,304348,300726,9461,310187,5240
2021-07-29,San Diego,073,3302833,299712,295054,17186,312240,3798
2021-07-29,San Francisco,075,870044,41951,40412,1587,41999,562
2021-07-29,San Joaquin,077,732212,77800,76575,3978,80553,1443
2021-07-29,San Luis Obispo,079,281455,22300,21922,815,22737,260
2021-07-29,San Mateo,081,765935,45398,44622,596,45218,548
2021-07-29,Santa Barbara,083,443738,36172,35531,1287,36818,467
2021-07-29,Santa Clara,085,1922200,124548,122614,861,123475,2099
2021-07-29,Santa Cruz,087,273765,16883,16576,832,17408,207
2021-07-29,Shasta,089,179085,13206,12918,1778,14696,212
2021-07-29,Sierra,091,2930,75,68,12,80,0
2021-07-29,Siskiyou,093,43540,2073,1976,437,2413,31
2021-07-29,Solano,095,438530,36203,35340,734,36074,263
2021-07-29,Sonoma,097,501317,33362,32601,392,32993,329
2021-07-29,Stanislaus,099,539301,59686,58586,6356,64942,1035
2021-07-29,Sutter,101,95872,10278,10068,105,10173,127
2021-07-29,Tehama,103,63373,5296,5216,615,5831,66
2021-07-29,Trinity,105,12862,512,354,115,469,3
2021-07-29,Tulare,107,460477,51425,50409,9720,60129,854
2021-07-29,Tuolumne,109,53932,4490,4362,44,4406,64
2021-07-29,Ventura,111,848112,84773,83509,3507,87016,1044
2021-07-29,Yolo,113,214977,15173,14863,493,15356,215
2021-07-29,Yuba,115,75493,6771,6615,147,6762,50
2021-07-28,Alameda,001,1643700,97089,94965,2230,97195,1262
2021-07-28,Alpine,003,1148,90,89,0,89,0
2021-07-28,Amador,005,37829,3937,3870,34,3904,48
2021-07-28,Butte,007,227075,13491,13184,2018,15202,205
2021-07-28,Calaveras,009,45235,2313,2289,16,2305,57
2021-07-28,Colusa,011,21464,2038,2001,355,2356,16
2021-07-28,Contra Costa,013,1133247,77468,75487,1529,77016,832
2021-07-28,Del Norte,015,27424,1667,1545,14,1559,8
2021-07-28,El Dorado,017,186661,11279,10967,861,11828,116
2021-07-28,Fresno,019,978130,106422,104458,9197,113655,1744
2021-07-28,Glenn,021,27897,2498,2464,589,3053,20
2021-07-28,Humboldt,023,135768,5172,4946,76,5022,52
2021-07-28,Imperial,025,180216,29363,29096,2882,31978,743
2021-07-28,Inyo,027,18085,1453,1439,12,1451,38
2021-07-28,Kern,029,883053,100177,98781,11997,110778,1352
2021-07-28,Kings,031,150075,23962,23503,1182,24685,248
2021-07-28,Lake,033,64148,4360,4191,15,4206,65
2021-07-28,Lassen,035,31185,5342,5318,120,5438,21
2021-07-28,Los Angeles,037,10098052,1262154,1245485,45751,1291236,24673
2021-07-28,Madera,039,155013,17346,17024,1019,18043,245
2021-07-28,Marin,041,260295,15000,14652,297,14949,239
2021-07-28,Mariposa,043,17540,478,469,11,480,5
2021-07-28,Mendocino,045,87422,4554,4377,86,4463,49
2021-07-28,Merced,047,269075,32172,31886,1058,32944,474
2021-07-28,Modoc,049,8938,425,413,149,562,5
2021-07-28,Mono,051,14174,1295,1286,16,1302,3
2021-07-28,Monterey,053,433212,44019,43668,1999,45667,524
2021-07-28,Napa,055,140530,10522,10376,50,10426,82
2021-07-28,Nevada,057,99092,5670,5320,206,5526,72
2021-07-28,Orange,059,3164182,266937,262735,12236,274971,5143
2021-07-28,Placer,061,380077,25712,24978,1909,26887,306
2021-07-28,Plumas,063,18699,763,754,14,768,5
2021-07-28,Riverside,065,2383286,305690,299611,14715,314326,4554
2021-07-28,Sacramento,067,1510023,117072,114665,2244,116909,1714
2021-07-28,San Benito,069,59416,6272,6236,117,6353,63
2021-07-28,San Bernardino,071,2135413,303718,300121,9449,309570,5236
2021-07-28,San Diego,073,3302833,298428,294176,17121,311297,3798
2021-07-28,San Francisco,075,870044,41617,40144,1561,41705,561
2021-07-28,San Joaquin,077,732212,77550,76312,3948,80260,1443
2021-07-28,San Luis Obispo,079,281455,22241,21865,814,22679,260
2021-07-28,San Mateo,081,765935,45248,44477,587,45064,547
2021-07-28,Santa Barbara,083,443738,36096,35431,1282,36713,467
2021-07-28,Santa Clara,085,1922200,124287,122345,859,123204,2099
2021-07-28,Santa Cruz,087,273765,16845,16551,831,17382,207
2021-07-28,Shasta,089,179085,13162,12882,1767,14649,212
2021-07-28,Sierra,091,2930,71,67,12,79,0
2021-07-28,Siskiyou,093,43540,2064,1971,434,2405,31
2021-07-28,Solano,095,438530,36029,35204,727,35931,262
2021-07-28,Sonoma,097,501317,33219,32434,389,32823,328
2021-07-28,Stanislaus,099,539301,59487,58427,6340,64767,1035
2021-07-28,Sutter,101,95872,10246,10033,104,10137,126
2021-07-28,Tehama,103,63373,5284,5209,612,5821,66
2021-07-28,Trinity,105,12862,511,352,115,467,3
2021-07-28,Tulare,107,460477,51337,50363,9672,60035,854
2021-07-28,Tuolumne,109,53932,4451,4313,44,4357,64
2021-07-28,Ventura,111,848112,84577,83360,3491,86851,1043
2021-07-28,Yolo,113,214977,15101,14801,485,15286,215
2021-07-28,Yuba,115,75493,6738,6591,146,6737,51
2021-07-27,Alameda,001,1643700,96684,94682,2221,96903,1256
2021-07-27,Alpine,003,1148,90,89,0,89,0
2021-07-27,Amador,005,37829,3921,3861,34,3895,48
2021-07-27,Butte,007,227075,13442,13127,2007,15134,205
2021-07-27,Calaveras,009,45235,2301,2280,16,2296,57
2021-07-27,Colusa,011,21464,2030,1999,354,2353,16
2021-07-27,Contra Costa,013,1133247,76980,75227,1525,76752,830
2021-07-27,Del Norte,015,27424,1647,1538,14,1552,8
2021-07-27,El Dorado,017,186661,11219,10941,851,11792,116
2021-07-27,Fresno,019,978130,106129,104288,9173,113461,1746
2021-07-27,Glenn,021,27897,2490,2460,587,3047,20
2021-07-27,Humboldt,023,135768,5118,4925,75,5000,52
2021-07-27,Imperial,025,180216,29318,29048,2881,31929,743
2021-07-27,Inyo,027,18085,1451,1430,12,1442,38
2021-07-27,Kern,029,883053,100007,98724,11941,110665,1352
2021-07-27,Kings,031,150075,23905,23463,1172,24635,248
2021-07-27,Lake,033,64148,4321,4157,15,4172,65
2021-07-27,Lassen,035,31185,5336,5315,120,5435,21
2021-07-27,Los Angeles,037,10098052,1258712,1243336,45580,1288916,24658
2021-07-27,Madera,039,155013,17293,16998,1014,18012,245
2021-07-27,Marin,041,260295,14952,14631,294,14925,239
2021-07-27,Mariposa,043,17540,475,468,11,479,5
2021-07-27,Mendocino,045,87422,4531,4371,86,4457,49
2021-07-27,Merced,047,269075,32105,31825,1055,32880,473
2021-07-27,Modoc,049,8938,424,413,149,562,5
2021-07-27,Mono,051,14174,1291,1288,16,1304,3
2021-07-27,Monterey,053,433212,43979,43646,1988,45634,523
2021-07-27,Napa,055,140530,10492,10354,50,10404,82
2021-07-27,Nevada,057,99092,5593,5305,204,5509,72
2021-07-27,Orange,059,3164182,266193,262193,12211,274404,5143
2021-07-27,Placer,061,380077,25553,24916,1883,26799,306
2021-07-27,Plumas,063,18699,760,752,14,766,5
2021-07-27,Riverside,065,2383286,304959,299160,14696,313856,4554
2021-07-27,Sacramento,067,1510023,116469,114413,2235,116648,1710
2021-07-27,San Benito,069,59416,6263,6229,117,6346,63
2021-07-27,San Bernardino,071,2135413,303011,299593,9427,309020,5236
2021-07-27,San Diego,073,3302833,297337,293408,17048,310456,3798
2021-07-27,San Francisco,075,870044,41258,39939,1543,41482,561
2021-07-27,San Joaquin,077,732212,77288,76166,3928,80094,1442
2021-07-27,San Luis Obispo,079,281455,22186,21803,805,22608,260
2021-07-27,San Mateo,081,765935,45097,44378,584,44962,547
2021-07-27,Santa Barbara,083,443738,35998,35355,1280,36635,467
2021-07-27,Santa Clara,085,1922200,123993,122154,857,123011,2099
2021-07-27,Santa Cruz,087,273765,16799,16523,830,17353,207
2021-07-27,Shasta,089,179085,13111,12846,1754,14600,212
2021-07-27,Sierra,091,2930,71,65,12,77,0
2021-07-27,Siskiyou,093,43540,2059,1964,431,2395,31
2021-07-27,Solano,095,438530,35897,35093,717,35810,261
2021-07-27,Sonoma,097,501317,33074,32367,387,32754,328
2021-07-27,Stanislaus,099,539301,59315,58333,6314,64647,1033
2021-07-27,Sutter,101,95872,10205,9998,104,10102,115
2021-07-27,Tehama,103,63373,5263,5192,610,5802,66
2021-07-27,Trinity,105,12862,510,351,115,466,3
2021-07-27,Tulare,107,460477,51269,50324,9642,59966,854
2021-07-27,Tuolumne,109,53932,4399,4282,44,4326,64
2021-07-27,Ventura,111,848112,84369,83189,3479,86668,1043
2021-07-27,Yolo,113,214977,15027,14759,479,15238,215
2021-07-27,Yuba,115,75493,6716,6564,144,6708,51
2021-07-26,Alameda,001,1643700,96231,94436,2214,96650,1259
2021-07-26,Alpine,003,1148,90,89,0,89,0
2021-07-26,Amador,005,37829,3911,3854,34,3888,48
2021-07-26,Butte,007,227075,13387,13082,1996,15078,203
2021-07-26,Calaveras,009,45235,2296,2276,16,2292,57
2021-07-26,Colusa,011,21464,2023,1996,352,2348,16
2021-07-26,Contra Costa,013,1133247,76479,74854,1518,76372,830
2021-07-26,Del Norte,015,27424,1626,1530,14,1544,8
2021-07-26,El Dorado,017,186661,11155,10899,848,11747,116
2021-07-26,Fresno,019,978130,105926,104143,9150,113293,1742
2021-07-26,Glenn,021,27897,2488,2461,586,3047,20
2021-07-26,Humboldt,023,135768,5079,4906,73,4979,52
2021-07-26,Imperial,025,180216,29278,29034,2880,31914,743
2021-07-26,Inyo,027,18085,1446,1429,12,1441,38
2021-07-26,Kern,029,883053,99841,98633,11876,110509,1351
2021-07-26,Kings,031,150075,23856,23426,1168,24594,247
2021-07-26,Lake,033,64148,4300,4133,15,4148,65
2021-07-26,Lassen,035,31185,5332,5314,120,5434,21
2021-07-26,Los Angeles,037,10098052,1255386,1241527,45410,1286937,24647
2021-07-26,Madera,039,155013,17265,16971,1007,17978,245
2021-07-26,Marin,041,260295,14895,14579,293,14872,239
2021-07-26,Mariposa,043,17540,474,467,11,478,5
2021-07-26,Mendocino,045,87422,4510,4354,86,4440,49
2021-07-26,Merced,047,269075,32021,31774,1051,32825,473
2021-07-26,Modoc,049,8938,424,413,149,562,5
2021-07-26,Mono,051,14174,1290,1286,16,1302,3
2021-07-26,Monterey,053,433212,43936,43595,1975,45570,521
2021-07-26,Napa,055,140530,10469,10332,50,10382,82
2021-07-26,Nevada,057,99092,5507,5280,204,5484,72
2021-07-26,Orange,059,3164182,265555,261803,12190,273993,5142
2021-07-26,Placer,061,380077,25418,24842,1862,26704,304
2021-07-26,Plumas,063,18699,756,750,14,764,5
2021-07-26,Riverside,065,2383286,304265,298626,14682,313308,4553
2021-07-26,Sacramento,067,1510023,115868,113986,2219,116205,1705
2021-07-26,San Benito,069,59416,6257,6222,117,6339,63
2021-07-26,San Bernardino,071,2135413,302399,299238,9415,308653,5237
2021-07-26,San Diego,073,3302833,296224,292688,16974,309662,3793
2021-07-26,San Francisco,075,870044,40904,39800,1517,41317,561
2021-07-26,San Joaquin,077,732212,77053,76033,3924,79957,1440
2021-07-26,San Luis Obispo,079,281455,22137,21752,802,22554,260
2021-07-26,San Mateo,081,765935,44948,44297,575,44872,547
2021-07-26,Santa Barbara,083,443738,35927,35311,1268,36579,467
2021-07-26,Santa Clara,085,1922200,123684,121978,848,122826,2099
2021-07-26,Santa Cruz,087,273765,16760,16493,827,17320,207
2021-07-26,Shasta,089,179085,13062,12819,1741,14560,211
2021-07-26,Sierra,091,2930,70,65,12,77,0
2021-07-26,Siskiyou,093,43540,2056,1962,429,2391,31
2021-07-26,Solano,095,438530,35742,34990,709,35699,259
2021-07-26,Sonoma,097,501317,32939,32283,385,32668,328
2021-07-26,Stanislaus,099,539301,59169,58219,6295,64514,1033
2021-07-26,Sutter,101,95872,10165,9963,101,10064,115
2021-07-26,Tehama,103,63373,5253,5183,606,5789,66
2021-07-26,Trinity,105,12862,510,351,114,465,3
2021-07-26,Tulare,107,460477,51204,50265,9610,59875,854
2021-07-26,Tuolumne,109,53932,4368,4271,44,4315,64
2021-07-26,Ventura,111,848112,84196,83072,3464,86536,1041
2021-07-26,Yolo,113,214977,14966,14727,466,15193,215
2021-07-26,Yuba,115,75493,6682,6538,142,6680,51
2021-07-25,Alameda,001,1643700,95743,94146,2208,96354,1259
2021-07-25,Alpine,003,1148,88,89,0,89,0
2021-07-25,Amador,005,37829,3896,3848,34,3882,48
2021-07-25,Butte,007,227075,13348,13074,1986,15060,203
2021-07-25,Calaveras,009,45235,2288,2275,16,2291,57
2021-07-25,Colusa,011,21464,2014,1996,348,2344,16
2021-07-25,Contra Costa,013,1133247,75994,74634,1504,76138,830
2021-07-25,Del Norte,015,27424,1605,1526,14,1540,8
2021-07-25,El Dorado,017,186661,11097,10878,845,11723,116
2021-07-25,Fresno,019,978130,105685,104019,9134,113153,1742
2021-07-25,Glenn,021,27897,2479,2461,584,3045,20
2021-07-25,Humboldt,023,135768,5020,4892,71,4963,52
2021-07-25,Imperial,025,180216,29242,29037,2879,31916,743
2021-07-25,Inyo,027,18085,1441,1427,12,1439,38
2021-07-25,Kern,029,883053,99669,98503,11805,110308,1351
2021-07-25,Kings,031,150075,23802,23396,1164,24560,247
2021-07-25,Lake,033,64148,4247,4109,14,4123,65
2021-07-25,Lassen,035,31185,5328,5314,120,5434,21
2021-07-25,Los Angeles,037,10098052,1251986,1239596,45235,1284831,24643
2021-07-25,Madera,039,155013,17228,16947,1000,17947,245
2021-07-25,Marin,041,260295,14845,14558,290,14848,239
2021-07-25,Mariposa,043,17540,471,465,11,476,5
2021-07-25,Mendocino,045,87422,4481,4335,84,4419,49
2021-07-25,Merced,047,269075,31949,31760,1049,32809,473
2021-07-25,Modoc,049,8938,424,413,149,562,5
2021-07-25,Mono,051,14174,1287,1286,16,1302,3
2021-07-25,Monterey,053,433212,43897,43590,1967,45557,521
2021-07-25,Napa,055,140530,10433,10316,49,10365,82
2021-07-25,Nevada,057,99092,5442,5256,201,5457,72
2021-07-25,Orange,059,3164182,264847,261351,12167,273518,5142
2021-07-25,Placer,061,380077,25297,24755,1841,26596,304
2021-07-25,Plumas,063,18699,754,750,14,764,5
2021-07-25,Riverside,065,2383286,303501,298181,14664,312845,4553
2021-07-25,Sacramento,067,1510023,115319,113611,2203,115814,1704
2021-07-25,San Benito,069,59416,6250,6217,117,6334,63
2021-07-25,San Bernardino,071,2135413,301744,298982,9409,308391,5237
2021-07-25,San Diego,073,3302833,295150,290626,16906,307532,3793
2021-07-25,San Francisco,075,870044,40567,39663,1492,41155,561
2021-07-25,San Joaquin,077,732212,76798,75926,3905,79831,1440
2021-07-25,San Luis Obispo,079,281455,22064,21741,799,22540,260
2021-07-25,San Mateo,081,765935,44785,44189,569,44758,547
2021-07-25,Santa Barbara,083,443738,35849,35261,1265,36526,467
2021-07-25,Santa Clara,085,1922200,123354,121800,843,122643,2099
2021-07-25,Santa Cruz,087,273765,16713,16474,826,17300,207
2021-07-25,Shasta,089,179085,13015,12815,1736,14551,211
2021-07-25,Sierra,091,2930,70,65,12,77,0
2021-07-25,Siskiyou,093,43540,2048,1963,426,2389,31
2021-07-25,Solano,095,438530,35548,34863,706,35569,259
2021-07-25,Sonoma,097,501317,32814,32202,382,32584,328
2021-07-25,Stanislaus,099,539301,59002,58154,6290,64444,1033
2021-07-25,Sutter,101,95872,10111,9937,99,10036,115
2021-07-25,Tehama,103,63373,5237,5181,605,5786,66
2021-07-25,Trinity,105,12862,508,351,112,463,3
2021-07-25,Tulare,107,460477,51127,50221,9572,59793,854
2021-07-25,Tuolumne,109,53932,4315,4267,44,4311,64
2021-07-25,Ventura,111,848112,83982,82986,3442,86428,1041
2021-07-25,Yolo,113,214977,14905,14693,452,15145,215
2021-07-25,Yuba,115,75493,6649,6519,142,6661,51
2021-07-24,Alameda,001,1643700,95466,93170,2203,95373,1259
2021-07-24,Alpine,003,1148,88,89,0,89,0
2021-07-24,Amador,005,37829,3887,3816,34,3850,48
2021-07-24,Butte,007,227075,13319,12982,1984,14966,203
2021-07-24,Calaveras,009,45235,2287,2267,16,2283,57
2021-07-24,Colusa,011,21464,2013,1992,346,2338,16
2021-07-24,Contra Costa,013,1133247,75768,73682,1501,75183,830
2021-07-24,Del Norte,015,27424,1594,1497,14,1511,8
2021-07-24,El Dorado,017,186661,11063,10773,842,11615,116
2021-07-24,Fresno,019,978130,105567,103637,9125,112762,1736
2021-07-24,Glenn,021,27897,2478,2457,584,3041,20
2021-07-24,Humboldt,023,135768,4986,4780,70,4850,52
2021-07-24,Imperial,025,180216,29222,28996,2879,31875,742
2021-07-24,Inyo,027,18085,1438,1424,12,1436,38
2021-07-24,Kern,029,883053,99590,98261,11783,110044,1350
2021-07-24,Kings,031,150075,23771,23304,1161,24465,246
2021-07-24,Lake,033,64148,4224,3963,14,3977,64
2021-07-24,Lassen,035,31185,5327,5311,120,5431,21
2021-07-24,Los Angeles,037,10098052,1250219,1232164,45115,1277279,24623
2021-07-24,Madera,039,155013,17204,16885,998,17883,245
2021-07-24,Marin,041,260295,14806,14454,290,14744,238
2021-07-24,Mariposa,043,17540,471,453,11,464,5
2021-07-24,Mendocino,045,87422,4456,4293,84,4377,49
2021-07-24,Merced,047,269075,31927,31661,1048,32709,473
2021-07-24,Modoc,049,8938,424,413,149,562,5
2021-07-24,Mono,051,14174,1285,1284,16,1300,3
2021-07-24,Monterey,053,433212,43872,43525,1960,45485,521
2021-07-24,Napa,055,140530,10417,10230,49,10279,81
2021-07-24,Nevada,057,99092,5410,5183,201,5384,72
2021-07-24,Orange,059,3164182,264382,259973,12154,272127,5141
2021-07-24,Placer,061,380077,25214,24530,1836,26366,303
2021-07-24,Plumas,063,18699,753,737,14,751,4
2021-07-24,Riverside,065,2383286,303033,296912,14654,311566,4552
2021-07-24,Sacramento,067,1510023,115001,112438,2199,114637,1698
2021-07-24,San Benito,069,59416,6246,6200,116,6316,63
2021-07-24,San Bernardino,071,2135413,301354,297899,9400,307299,5236
2021-07-24,San Diego,073,3302833,294683,289368,16879,306247,3788
2021-07-24,San Francisco,075,870044,40402,38954,1475,40429,561
2021-07-24,San Joaquin,077,732212,76671,75461,3894,79355,1436
2021-07-24,San Luis Obispo,079,281455,22033,21616,797,22413,260
2021-07-24,San Mateo,081,765935,44667,43880,563,44443,542
2021-07-24,Santa Barbara,083,443738,35790,35071,1261,36332,465
2021-07-24,Santa Clara,085,1922200,123142,121092,842,121934,2099
2021-07-24,Santa Cruz,087,273765,16691,16416,826,17242,207
2021-07-24,Shasta,089,179085,12987,12759,1733,14492,211
2021-07-24,Sierra,091,2930,69,64,12,76,0
2021-07-24,Siskiyou,093,43540,2048,1951,426,2377,31
2021-07-24,Solano,095,438530,35456,34499,697,35196,259
2021-07-24,Sonoma,097,501317,32690,31928,380,32308,327
2021-07-24,Stanislaus,099,539301,58909,57879,6280,64159,1030
2021-07-24,Sutter,101,95872,10084,9890,99,9989,115
2021-07-24,Tehama,103,63373,5230,5166,603,5769,65
2021-07-24,Trinity,105,12862,508,345,112,457,3
2021-07-24,Tulare,107,460477,51084,50104,9554,59658,854
2021-07-24,Tuolumne,109,53932,4289,4216,44,4260,64
2021-07-24,Ventura,111,848112,83855,82687,3425,86112,1041
2021-07-24,Yolo,113,214977,14868,14557,449,15006,214
2021-07-24,Yuba,115,75493,6630,6449,142,6591,51
2021-07-23,Alameda,001,1643700,95212,93170,2197,95367,1259
2021-07-23,Alpine,003,1148,88,89,0,89,0
2021-07-23,Amador,005,37829,3880,3816,34,3850,48
2021-07-23,Butte,007,227075,13290,12982,1976,14958,203
2021-07-23,Calaveras,009,45235,2285,2267,16,2283,57
2021-07-23,Colusa,011,21464,2012,1992,346,2338,16
2021-07-23,Contra Costa,013,1133247,75511,73682,1491,75173,830
2021-07-23,Del Norte,015,27424,1586,1497,14,1511,8
2021-07-23,El Dorado,017,186661,11034,10773,838,11611,116
2021-07-23,Fresno,019,978130,105436,103637,9116,112753,1736
2021-07-23,Glenn,021,27897,2476,2457,581,3038,20
2021-07-23,Humboldt,023,135768,4965,4780,68,4848,52
2021-07-23,Imperial,025,180216,29210,28996,2879,31875,742
2021-07-23,Inyo,027,18085,1435,1424,12,1436,38
2021-07-23,Kern,029,883053,99507,98261,11757,110018,1350
2021-07-23,Kings,031,150075,23740,23304,1158,24462,246
2021-07-23,Lake,033,64148,4194,3963,14,3977,64
2021-07-23,Lassen,035,31185,5325,5311,120,5431,21
2021-07-23,Los Angeles,037,10098052,1248294,1232164,45029,1277193,24623
2021-07-23,Madera,039,155013,17174,16885,993,17878,245
2021-07-23,Marin,041,260295,14769,14454,288,14742,238
2021-07-23,Mariposa,043,17540,468,453,11,464,5
2021-07-23,Mendocino,045,87422,4443,4293,84,4377,49
2021-07-23,Merced,047,269075,31901,31661,1048,32709,473
2021-07-23,Modoc,049,8938,424,413,149,562,5
2021-07-23,Mono,051,14174,1284,1284,16,1300,3
2021-07-23,Monterey,053,433212,43847,43525,1960,45485,521
2021-07-23,Napa,055,140530,10396,10230,49,10279,81
2021-07-23,Nevada,057,99092,5365,5183,201,5384,72
2021-07-23,Orange,059,3164182,263932,259973,12131,272104,5141
2021-07-23,Placer,061,380077,25134,24530,1820,26350,303
2021-07-23,Plumas,063,18699,751,737,14,751,4
2021-07-23,Riverside,065,2383286,302568,296912,14642,311554,4552
2021-07-23,Sacramento,067,1510023,114645,112438,2197,114635,1698
2021-07-23,San Benito,069,59416,6240,6200,116,6316,63
2021-07-23,San Bernardino,071,2135413,300977,297899,9391,307290,5236
2021-07-23,San Diego,073,3302833,294082,289368,16831,306199,3788
2021-07-23,San Francisco,075,870044,40219,38954,1462,40416,561
2021-07-23,San Joaquin,077,732212,76571,75461,3879,79340,1436
2021-07-23,San Luis Obispo,079,281455,21995,21616,797,22413,260
2021-07-23,San Mateo,081,765935,44562,43880,558,44438,542
2021-07-23,Santa Barbara,083,443738,35723,35071,1260,36331,465
2021-07-23,Santa Clara,085,1922200,122923,121092,839,121931,2099
2021-07-23,Santa Cruz,087,273765,16666,16416,826,17242,207
2021-07-23,Shasta,089,179085,12960,12759,1730,14489,211
2021-07-23,Sierra,091,2930,69,64,12,76,0
2021-07-23,Siskiyou,093,43540,2046,1951,426,2377,31
2021-07-23,Solano,095,438530,35363,34499,693,35192,259
2021-07-23,Sonoma,097,501317,32596,31928,379,32307,327
2021-07-23,Stanislaus,099,539301,58829,57879,6270,64149,1030
2021-07-23,Sutter,101,95872,10055,9890,99,9989,115
2021-07-23,Tehama,103,63373,5221,5166,603,5769,65
2021-07-23,Trinity,105,12862,507,345,111,456,3
2021-07-23,Tulare,107,460477,51038,50104,9529,59633,854
2021-07-23,Tuolumne,109,53932,4267,4216,44,4260,64
2021-07-23,Ventura,111,848112,83693,82687,3407,86094,1041
2021-07-23,Yolo,113,214977,14829,14557,442,14999,214
2021-07-23,Yuba,115,75493,6604,6449,141,6590,51
2021-07-22,Alameda,001,1643700,94850,93170,2192,95362,1259
2021-07-22,Alpine,003,1148,88,89,0,89,0
2021-07-22,Amador,005,37829,3871,3816,34,3850,48
2021-07-22,Butte,007,227075,13256,12982,1967,14949,203
2021-07-22,Calaveras,009,45235,2280,2267,16,2283,57
2021-07-22,Colusa,011,21464,2010,1992,343,2335,16
2021-07-22,Contra Costa,013,1133247,75171,73682,1487,75169,830
2021-07-22,Del Norte,015,27424,1569,1497,14,1511,8
2021-07-22,El Dorado,017,186661,10999,10773,830,11603,116
2021-07-22,Fresno,019,978130,105307,103637,9106,112743,1736
2021-07-22,Glenn,021,27897,2472,2457,581,3038,20
2021-07-22,Humboldt,023,135768,4934,4780,66,4846,52
2021-07-22,Imperial,025,180216,29180,28996,2879,31875,742
2021-07-22,Inyo,027,18085,1433,1424,12,1436,38
2021-07-22,Kern,029,883053,99391,98261,11715,109976,1350
2021-07-22,Kings,031,150075,23701,23304,1156,24460,246
2021-07-22,Lake,033,64148,4143,3963,14,3977,64
2021-07-22,Lassen,035,31185,5322,5311,120,5431,21
2021-07-22,Los Angeles,037,10098052,1245891,1232164,44872,1277036,24623
2021-07-22,Madera,039,155013,17139,16885,991,17876,245
2021-07-22,Marin,041,260295,14728,14454,287,14741,238
2021-07-22,Mariposa,043,17540,461,453,11,464,5
2021-07-22,Mendocino,045,87422,4430,4293,83,4376,49
2021-07-22,Merced,047,269075,31859,31661,1046,32707,473
2021-07-22,Modoc,049,8938,424,413,149,562,5
2021-07-22,Mono,051,14174,1283,1284,16,1300,3
2021-07-22,Monterey,053,433212,43818,43525,1954,45479,521
2021-07-22,Napa,055,140530,10378,10230,49,10279,81
2021-07-22,Nevada,057,99092,5339,5183,200,5383,72
2021-07-22,Orange,059,3164182,263378,259973,12122,272095,5141
2021-07-22,Placer,061,380077,25040,24530,1809,26339,303
2021-07-22,Plumas,063,18699,750,737,14,751,4
2021-07-22,Riverside,065,2383286,302059,296912,14621,311533,4552
2021-07-22,Sacramento,067,1510023,114208,112438,2188,114626,1698
2021-07-22,San Benito,069,59416,6232,6200,116,6316,63
2021-07-22,San Bernardino,071,2135413,300579,297899,9375,307274,5236
2021-07-22,San Diego,073,3302833,293359,289368,16771,306139,3788
2021-07-22,San Francisco,075,870044,40006,38954,1450,40404,561
2021-07-22,San Joaquin,077,732212,76428,75461,3866,79327,1436
2021-07-22,San Luis Obispo,079,281455,21958,21616,793,22409,260
2021-07-22,San Mateo,081,765935,44450,43880,553,44433,542
2021-07-22,Santa Barbara,083,443738,35658,35071,1258,36329,465
2021-07-22,Santa Clara,085,1922200,122681,121092,836,121928,2099
2021-07-22,Santa Cruz,087,273765,16629,16416,826,17242,207
2021-07-22,Shasta,089,179085,12936,12759,1726,14485,211
2021-07-22,Sierra,091,2930,67,64,12,76,0
2021-07-22,Siskiyou,093,43540,2043,1951,426,2377,31
2021-07-22,Solano,095,438530,35213,34499,686,35185,259
2021-07-22,Sonoma,097,501317,32486,31928,377,32305,327
2021-07-22,Stanislaus,099,539301,58699,57879,6258,64137,1030
2021-07-22,Sutter,101,95872,10034,9890,99,9989,115
2021-07-22,Tehama,103,63373,5215,5166,603,5769,65
2021-07-22,Trinity,105,12862,507,345,111,456,3
2021-07-22,Tulare,107,460477,50995,50104,9501,59605,854
2021-07-22,Tuolumne,109,53932,4255,4216,44,4260,64
2021-07-22,Ventura,111,848112,83559,82687,3394,86081,1041
2021-07-22,Yolo,113,214977,14791,14557,441,14998,214
2021-07-22,Yuba,115,75493,6574,6449,138,6587,51
2021-07-21,Alameda,001,1643700,94522,92840,2189,95029,1256
2021-07-21,Alpine,003,1148,88,89,0,89,0
2021-07-21,Amador,005,37829,3858,3813,34,3847,48
2021-07-21,Butte,007,227075,13215,12939,1962,14901,203
2021-07-21,Calaveras,009,45235,2278,2257,16,2273,57
2021-07-21,Colusa,011,21464,2006,1988,342,2330,16
2021-07-21,Contra Costa,013,1133247,74906,73320,1478,74798,827
2021-07-21,Del Norte,015,27424,1559,1492,14,1506,8
2021-07-21,El Dorado,017,186661,10964,10742,826,11568,116
2021-07-21,Fresno,019,978130,105159,103504,9097,112601,1736
2021-07-21,Glenn,021,27897,2470,2455,580,3035,20
2021-07-21,Humboldt,023,135768,4902,4763,64,4827,52
2021-07-21,Imperial,025,180216,29168,28964,2872,31836,742
2021-07-21,Inyo,027,18085,1433,1423,12,1435,38
2021-07-21,Kern,029,883053,99273,98152,11674,109826,1350
2021-07-21,Kings,031,150075,23673,23270,1152,24422,246
2021-07-21,Lake,033,64148,4078,3896,14,3910,64
2021-07-21,Lassen,035,31185,5319,5310,120,5430,21
2021-07-21,Los Angeles,037,10098052,1243412,1229598,44747,1274345,24609
2021-07-21,Madera,039,155013,17115,16858,988,17846,245
2021-07-21,Marin,041,260295,14678,14427,287,14714,238
2021-07-21,Mariposa,043,17540,457,449,11,460,5
2021-07-21,Mendocino,045,87422,4412,4274,83,4357,49
2021-07-21,Merced,047,269075,31820,31607,1041,32648,473
2021-07-21,Modoc,049,8938,424,413,149,562,5
2021-07-21,Mono,051,14174,1280,1282,16,1298,3
2021-07-21,Monterey,053,433212,43788,43502,1950,45452,515
2021-07-21,Napa,055,140530,10352,10209,49,10258,81
2021-07-21,Nevada,057,99092,5304,5152,200,5352,72
2021-07-21,Orange,059,3164182,262827,259615,12091,271706,5139
2021-07-21,Placer,061,380077,24931,24441,1798,26239,303
2021-07-21,Plumas,063,18699,750,736,14,750,4
2021-07-21,Riverside,065,2383286,301547,296419,14604,311023,4552
2021-07-21,Sacramento,067,1510023,113792,112043,2177,114220,1696
2021-07-21,San Benito,069,59416,6222,6196,116,6312,63
2021-07-21,San Bernardino,071,2135413,300133,297519,9367,306886,5230
2021-07-21,San Diego,073,3302833,292511,288682,16707,305389,3787
2021-07-21,San Francisco,075,870044,39782,38699,1445,40144,559
2021-07-21,San Joaquin,077,732212,76239,75288,3854,79142,1434
2021-07-21,San Luis Obispo,079,281455,21921,21579,790,22369,260
2021-07-21,San Mateo,081,765935,44357,43755,549,44304,542
2021-07-21,Santa Barbara,083,443738,35599,34998,1242,36240,465
2021-07-21,Santa Clara,085,1922200,122471,120838,834,121672,2099
2021-07-21,Santa Cruz,087,273765,16595,16407,826,17233,207
2021-07-21,Shasta,089,179085,12903,12751,1723,14474,211
2021-07-21,Sierra,091,2930,67,64,12,76,0
2021-07-21,Siskiyou,093,43540,2041,1943,424,2367,31
2021-07-21,Solano,095,438530,35056,34374,681,35055,258
2021-07-21,Sonoma,097,501317,32369,31789,377,32166,327
2021-07-21,Stanislaus,099,539301,58597,57774,6249,64023,1028
2021-07-21,Sutter,101,95872,10010,9862,99,9961,113
2021-07-21,Tehama,103,63373,5211,5161,603,5764,65
2021-07-21,Trinity,105,12862,505,345,110,455,3
2021-07-21,Tulare,107,460477,50936,50066,9475,59541,854
2021-07-21,Tuolumne,109,53932,4218,4156,44,4200,64
2021-07-21,Ventura,111,848112,83437,82573,3382,85955,1041
2021-07-21,Yolo,113,214977,14750,14525,440,14965,213
2021-07-21,Yuba,115,75493,6546,6425,138,6563,52
2021-07-20,Alameda,001,1643700,94143,92625,2174,94799,1256
2021-07-20,Alpine,003,1148,88,89,0,89,0
2021-07-20,Amador,005,37829,3847,3807,34,3841,48
2021-07-20,Butte,007,227075,13178,12916,1957,14873,203
2021-07-20,Calaveras,009,45235,2275,2249,16,2265,57
2021-07-20,Colusa,011,21464,2006,1985,342,2327,16
2021-07-20,Contra Costa,013,1133247,74621,73143,1460,74603,825
2021-07-20,Del Norte,015,27424,1549,1490,14,1504,8
2021-07-20,El Dorado,017,186661,10924,10727,822,11549,116
2021-07-20,Fresno,019,978130,105023,103438,9078,112516,1736
2021-07-20,Glenn,021,27897,2470,2453,580,3033,20
2021-07-20,Humboldt,023,135768,4857,4735,62,4797,52
2021-07-20,Imperial,025,180216,29148,28933,2872,31805,742
2021-07-20,Inyo,027,18085,1429,1420,12,1432,36
2021-07-20,Kern,029,883053,99163,98082,11647,109729,1350
2021-07-20,Kings,031,150075,23632,23254,1148,24402,246
2021-07-20,Lake,033,64148,4053,3871,14,3885,64
2021-07-20,Lassen,035,31185,5319,5306,120,5426,21
2021-07-20,Los Angeles,037,10098052,1240635,1227404,44590,1271994,24603
2021-07-20,Madera,039,155013,17094,16856,984,17840,245
2021-07-20,Marin,041,260295,14643,14396,284,14680,234
2021-07-20,Mariposa,043,17540,455,448,11,459,5
2021-07-20,Mendocino,045,87422,4395,4259,83,4342,49
2021-07-20,Merced,047,269075,31782,31578,1034,32612,473
2021-07-20,Modoc,049,8938,424,413,149,562,5
2021-07-20,Mono,051,14174,1276,1281,16,1297,3
2021-07-20,Monterey,053,433212,43757,43481,1947,45428,515
2021-07-20,Napa,055,140530,10329,10191,49,10240,81
2021-07-20,Nevada,057,99092,5285,5148,199,5347,72
2021-07-20,Orange,059,3164182,262271,259303,12059,271362,5139
2021-07-20,Placer,061,380077,24839,24408,1774,26182,303
2021-07-20,Plumas,063,18699,748,736,14,750,4
2021-07-20,Riverside,065,2383286,301013,296118,14590,310708,4543
2021-07-20,Sacramento,067,1510023,113354,111796,2147,113943,1695
2021-07-20,San Benito,069,59416,6215,6196,116,6312,63
2021-07-20,San Bernardino,071,2135413,299721,297222,9342,306564,5231
2021-07-20,San Diego,073,3302833,291590,288209,16611,304820,3786
2021-07-20,San Francisco,075,870044,39526,38536,1434,39970,558
2021-07-20,San Joaquin,077,732212,76067,75198,3841,79039,1433
2021-07-20,San Luis Obispo,079,281455,21876,21556,789,22345,259
2021-07-20,San Mateo,081,765935,44240,43670,548,44218,542
2021-07-20,Santa Barbara,083,443738,35528,34935,1236,36171,462
2021-07-20,Santa Clara,085,1922200,122214,120704,832,121536,2098
2021-07-20,Santa Cruz,087,273765,16566,16399,826,17225,207
2021-07-20,Shasta,089,179085,12877,12734,1719,14453,211
2021-07-20,Sierra,091,2930,67,64,12,76,0
2021-07-20,Siskiyou,093,43540,2037,1931,423,2354,31
2021-07-20,Solano,095,438530,34923,34337,674,35011,258
2021-07-20,Sonoma,097,501317,32248,31763,376,32139,326
2021-07-20,Stanislaus,099,539301,58482,57706,6243,63949,1028
2021-07-20,Sutter,101,95872,9983,9854,96,9950,114
2021-07-20,Tehama,103,63373,5209,5153,603,5756,65
2021-07-20,Trinity,105,12862,503,344,109,453,3
2021-07-20,Tulare,107,460477,50894,50047,9458,59505,854
2021-07-20,Tuolumne,109,53932,4199,4156,44,4200,64
2021-07-20,Ventura,111,848112,83284,82504,3365,85869,1041
2021-07-20,Yolo,113,214977,14687,14495,437,14932,213
2021-07-20,Yuba,115,75493,6521,6393,135,6528,52
2021-07-19,Alameda,001,1643700,93772,92357,2159,94516,1256
2021-07-19,Alpine,003,1148,88,89,0,89,0
2021-07-19,Amador,005,37829,3843,3802,34,3836,48
2021-07-19,Butte,007,227075,13135,12901,1951,14852,202
2021-07-19,Calaveras,009,45235,2270,2245,16,2261,57
2021-07-19,Colusa,011,21464,2004,1981,341,2322,16
2021-07-19,Contra Costa,013,1133247,74309,72935,1440,74375,825
2021-07-19,Del Norte,015,27424,1536,1484,14,1498,8
2021-07-19,El Dorado,017,186661,10894,10703,814,11517,114
2021-07-19,Fresno,019,978130,104893,103350,9064,112414,1731
2021-07-19,Glenn,021,27897,2470,2452,579,3031,20
2021-07-19,Humboldt,023,135768,4827,4719,60,4779,52
2021-07-19,Imperial,025,180216,29121,28888,2872,31760,742
2021-07-19,Inyo,027,18085,1428,1417,12,1429,36
2021-07-19,Kern,029,883053,99051,97999,11612,109611,1349
2021-07-19,Kings,031,150075,23602,23221,1142,24363,246
2021-07-19,Lake,033,64148,4017,3848,14,3862,64
2021-07-19,Lassen,035,31185,5318,5305,120,5425,21
2021-07-19,Los Angeles,037,10098052,1238046,1225946,44402,1270348,24600
2021-07-19,Madera,039,155013,17071,16846,981,17827,244
2021-07-19,Marin,041,260295,14608,14369,281,14650,234
2021-07-19,Mariposa,043,17540,449,447,11,458,5
2021-07-19,Mendocino,045,87422,4377,4251,83,4334,49
2021-07-19,Merced,047,269075,31718,31565,1027,32592,472
2021-07-19,Modoc,049,8938,423,413,149,562,5
2021-07-19,Mono,051,14174,1274,1280,16,1296,3
2021-07-19,Monterey,053,433212,43733,43436,1946,45382,515
2021-07-19,Napa,055,140530,10304,10180,47,10227,81
2021-07-19,Nevada,057,99092,5257,5133,198,5331,72
2021-07-19,Orange,059,3164182,261748,258927,12027,270954,5138
2021-07-19,Placer,061,380077,24741,24359,1752,26111,303
2021-07-19,Plumas,063,18699,748,730,14,744,4
2021-07-19,Riverside,065,2383286,300524,295736,14552,310288,4543
2021-07-19,Sacramento,067,1510023,112991,111470,2123,113593,1696
2021-07-19,San Benito,069,59416,6212,6193,116,6309,63
2021-07-19,San Bernardino,071,2135413,299349,296929,9324,306253,5235
2021-07-19,San Diego,073,3302833,290701,287695,16510,304205,3786
2021-07-19,San Francisco,075,870044,39257,38463,1421,39884,560
2021-07-19,San Joaquin,077,732212,75902,75086,3835,78921,1431
2021-07-19,San Luis Obispo,079,281455,21831,21531,785,22316,259
2021-07-19,San Mateo,081,765935,44095,43563,539,44102,542
2021-07-19,Santa Barbara,083,443738,35454,34904,1234,36138,461
2021-07-19,Santa Clara,085,1922200,121956,120554,831,121385,2098
2021-07-19,Santa Cruz,087,273765,16550,16387,826,17213,207
2021-07-19,Shasta,089,179085,12859,12723,1717,14440,209
2021-07-19,Sierra,091,2930,66,64,12,76,0
2021-07-19,Siskiyou,093,43540,2032,1927,421,2348,31
2021-07-19,Solano,095,438530,34750,34262,663,34925,261
2021-07-19,Sonoma,097,501317,32127,31713,375,32088,325
2021-07-19,Stanislaus,099,539301,58379,57644,6233,63877,1027
2021-07-19,Sutter,101,95872,9967,9834,96,9930,114
2021-07-19,Tehama,103,63373,5203,5152,601,5753,65
2021-07-19,Trinity,105,12862,503,344,108,452,3
2021-07-19,Tulare,107,460477,50849,49994,9440,59434,855
2021-07-19,Tuolumne,109,53932,4189,4151,44,4195,64
2021-07-19,Ventura,111,848112,83188,82409,3343,85752,1041
2021-07-19,Yolo,113,214977,14656,14439,435,14874,213
2021-07-19,Yuba,115,75493,6497,6370,135,6505,52
2021-07-18,Alameda,001,1643700,93421,92162,2147,94309,1256
2021-07-18,Alpine,003,1148,88,89,0,89,0
2021-07-18,Amador,005,37829,3832,3799,34,3833,48
2021-07-18,Butte,007,227075,13092,12888,1946,14834,202
2021-07-18,Calaveras,009,45235,2269,2243,16,2259,57
2021-07-18,Colusa,011,21464,2004,1981,340,2321,16
2021-07-18,Contra Costa,013,1133247,73995,72849,1422,74271,825
2021-07-18,Del Norte,015,27424,1527,1482,14,1496,8
2021-07-18,El Dorado,017,186661,10856,10687,806,11493,114
2021-07-18,Fresno,019,978130,104740,103298,9046,112344,1731
2021-07-18,Glenn,021,27897,2469,2452,578,3030,20
2021-07-18,Humboldt,023,135768,4791,4714,60,4774,52
2021-07-18,Imperial,025,180216,29084,28877,2871,31748,742
2021-07-18,Inyo,027,18085,1424,1417,12,1429,36
2021-07-18,Kern,029,883053,98925,97963,11570,109533,1349
2021-07-18,Kings,031,150075,23581,23203,1138,24341,246
2021-07-18,Lake,033,64148,3981,3825,14,3839,64
2021-07-18,Lassen,035,31185,5318,5305,120,5425,21
2021-07-18,Los Angeles,037,10098052,1235373,1224691,44226,1268917,24598
2021-07-18,Madera,039,155013,17046,16838,977,17815,244
2021-07-18,Marin,041,260295,14572,14358,279,14637,234
2021-07-18,Mariposa,043,17540,448,447,11,458,5
2021-07-18,Mendocino,045,87422,4356,4246,83,4329,49
2021-07-18,Merced,047,269075,31687,31537,1025,32562,471
2021-07-18,Modoc,049,8938,423,413,149,562,5
2021-07-18,Mono,051,14174,1273,1280,16,1296,3
2021-07-18,Monterey,053,433212,43715,43422,1937,45359,515
2021-07-18,Napa,055,140530,10287,10174,44,10218,81
2021-07-18,Nevada,057,99092,5231,5124,198,5322,72
2021-07-18,Orange,059,3164182,261263,258724,11997,270721,5138
2021-07-18,Placer,061,380077,24674,24313,1725,26038,303
2021-07-18,Plumas,063,18699,748,730,14,744,4
2021-07-18,Riverside,065,2383286,300032,295522,14510,310032,4543
2021-07-18,Sacramento,067,1510023,112560,111255,2091,113346,1696
2021-07-18,San Benito,069,59416,6204,6191,116,6307,63
2021-07-18,San Bernardino,071,2135413,298875,296739,9309,306048,5233
2021-07-18,San Diego,073,3302833,289885,286287,16427,302714,3786
2021-07-18,San Francisco,075,870044,39025,38367,1410,39777,560
2021-07-18,San Joaquin,077,732212,75726,74997,3822,78819,1431
2021-07-18,San Luis Obispo,079,281455,21796,21527,782,22309,259
2021-07-18,San Mateo,081,765935,43981,43506,533,44039,542
2021-07-18,Santa Barbara,083,443738,35389,34880,1232,36112,461
2021-07-18,Santa Clara,085,1922200,121742,120438,824,121262,2098
2021-07-18,Santa Cruz,087,273765,16518,16372,825,17197,207
2021-07-18,Shasta,089,179085,12834,12714,1713,14427,209
2021-07-18,Sierra,091,2930,66,64,12,76,0
2021-07-18,Siskiyou,093,43540,2026,1927,416,2343,31
2021-07-18,Solano,095,438530,34623,34215,659,34874,261
2021-07-18,Sonoma,097,501317,32022,31675,374,32049,325
2021-07-18,Stanislaus,099,539301,58268,57600,6208,63808,1028
2021-07-18,Sutter,101,95872,9935,9826,96,9922,114
2021-07-18,Tehama,103,63373,5200,5150,600,5750,65
2021-07-18,Trinity,105,12862,503,344,108,452,3
2021-07-18,Tulare,107,460477,50796,49985,9417,59402,855
2021-07-18,Tuolumne,109,53932,4171,4149,44,4193,64
2021-07-18,Ventura,111,848112,83074,82361,3319,85680,1041
2021-07-18,Yolo,113,214977,14598,14425,429,14854,213
2021-07-18,Yuba,115,75493,6456,6357,135,6492,52
2021-07-17,Alameda,001,1643700,93199,91346,2136,93482,1255
2021-07-17,Alpine,003,1148,88,89,0,89,0
2021-07-17,Amador,005,37829,3823,3785,34,3819,48
2021-07-17,Butte,007,227075,13078,12824,1941,14765,202
2021-07-17,Calaveras,009,45235,2262,2237,16,2253,57
2021-07-17,Colusa,011,21464,2001,1976,340,2316,16
2021-07-17,Contra Costa,013,1133247,73814,72254,1409,73663,824
2021-07-17,Del Norte,015,27424,1519,1475,14,1489,8
2021-07-17,El Dorado,017,186661,10829,10622,802,11424,114
2021-07-17,Fresno,019,978130,104668,103055,9033,112088,1730
2021-07-17,Glenn,021,27897,2468,2451,578,3029,20
2021-07-17,Humboldt,023,135768,4778,4654,59,4713,52
2021-07-17,Imperial,025,180216,29068,28840,2871,31711,742
2021-07-17,Inyo,027,18085,1424,1416,12,1428,36
2021-07-17,Kern,029,883053,98868,97796,11533,109329,1348
2021-07-17,Kings,031,150075,23561,23163,1137,24300,246
2021-07-17,Lake,033,64148,3956,3760,14,3774,64
2021-07-17,Lassen,035,31185,5318,5302,120,5422,21
2021-07-17,Los Angeles,037,10098052,1233862,1219733,44082,1263815,24582
2021-07-17,Madera,039,155013,17038,16804,977,17781,240
2021-07-17,Marin,041,260295,14554,14297,277,14574,234
2021-07-17,Mariposa,043,17540,448,445,11,456,5
2021-07-17,Mendocino,045,87422,4344,4209,83,4292,49
2021-07-17,Merced,047,269075,31666,31451,1021,32472,471
2021-07-17,Modoc,049,8938,423,412,149,561,5
2021-07-17,Mono,051,14174,1271,1277,16,1293,3
2021-07-17,Monterey,053,433212,43692,43367,1932,45299,515
2021-07-17,Napa,055,140530,10271,10129,44,10173,81
2021-07-17,Nevada,057,99092,5216,5066,198,5264,72
2021-07-17,Orange,059,3164182,260956,257805,11958,269763,5136
2021-07-17,Placer,061,380077,24607,24169,1711,25880,303
2021-07-17,Plumas,063,18699,743,721,14,735,4
2021-07-17,Riverside,065,2383286,299725,294751,14478,309229,4542
2021-07-17,Sacramento,067,1510023,112324,110432,2069,112501,1694
2021-07-17,San Benito,069,59416,6198,6181,116,6297,63
2021-07-17,San Bernardino,071,2135413,298641,296048,9290,305338,5218
2021-07-17,San Diego,073,3302833,289478,285698,16360,302058,3786
2021-07-17,San Francisco,075,870044,38903,37978,1406,39384,560
2021-07-17,San Joaquin,077,732212,75639,74695,3816,78511,1430
2021-07-17,San Luis Obispo,079,281455,21769,21462,782,22244,258
2021-07-17,San Mateo,081,765935,43910,43324,532,43856,542
2021-07-17,Santa Barbara,083,443738,35348,34769,1229,35998,461
2021-07-17,Santa Clara,085,1922200,121570,119980,821,120801,2097
2021-07-17,Santa Cruz,087,273765,16511,16337,825,17162,207
2021-07-17,Shasta,089,179085,12819,12683,1708,14391,210
2021-07-17,Sierra,091,2930,66,62,12,74,0
2021-07-17,Siskiyou,093,43540,2021,1922,413,2335,29
2021-07-17,Solano,095,438530,34558,34015,651,34666,263
2021-07-17,Sonoma,097,501317,31954,31536,373,31909,322
2021-07-17,Stanislaus,099,539301,58190,57400,6194,63594,1028
2021-07-17,Sutter,101,95872,9925,9778,96,9874,114
2021-07-17,Tehama,103,63373,5197,5145,600,5745,64
2021-07-17,Trinity,105,12862,502,341,108,449,3
2021-07-17,Tulare,107,460477,50775,49937,9405,59342,854
2021-07-17,Tuolumne,109,53932,4161,4131,44,4175,64
2021-07-17,Ventura,111,848112,83006,82125,3308,85433,1041
2021-07-17,Yolo,113,214977,14567,14356,422,14778,213
2021-07-17,Yuba,115,75493,6445,6309,135,6444,52
2021-07-16,Alameda,001,1643700,92965,91346,2129,93475,1255
2021-07-16,Alpine,003,1148,88,89,0,89,0
2021-07-16,Amador,005,37829,3820,3785,34,3819,48
2021-07-16,Butte,007,227075,13053,12824,1938,14762,202
2021-07-16,Calaveras,009,45235,2261,2237,16,2253,57
2021-07-16,Colusa,011,21464,1999,1976,339,2315,16
2021-07-16,Contra Costa,013,1133247,73626,72254,1405,73659,824
2021-07-16,Del Norte,015,27424,1517,1475,14,1489,8
2021-07-16,El Dorado,017,186661,10810,10622,801,11423,114
2021-07-16,Fresno,019,978130,104616,103055,9014,112069,1730
2021-07-16,Glenn,021,27897,2468,2451,578,3029,20
2021-07-16,Humboldt,023,135768,4756,4654,59,4713,52
2021-07-16,Imperial,025,180216,29056,28840,2871,31711,742
2021-07-16,Inyo,027,18085,1422,1416,12,1428,36
2021-07-16,Kern,029,883053,98806,97796,11494,109290,1348
2021-07-16,Kings,031,150075,23536,23163,1135,24298,246
2021-07-16,Lake,033,64148,3929,3760,14,3774,64
2021-07-16,Lassen,035,31185,5317,5302,120,5422,21
2021-07-16,Los Angeles,037,10098052,1232366,1219733,43939,1263672,24582
2021-07-16,Madera,039,155013,17020,16804,977,17781,240
2021-07-16,Marin,041,260295,14530,14297,274,14571,234
2021-07-16,Mariposa,043,17540,448,445,11,456,5
2021-07-16,Mendocino,045,87422,4335,4209,82,4291,49
2021-07-16,Merced,047,269075,31644,31451,1019,32470,471
2021-07-16,Modoc,049,8938,423,412,149,561,5
2021-07-16,Mono,051,14174,1270,1277,16,1293,3
2021-07-16,Monterey,053,433212,43670,43367,1931,45298,515
2021-07-16,Napa,055,140530,10247,10129,43,10172,81
2021-07-16,Nevada,057,99092,5206,5066,198,5264,72
2021-07-16,Orange,059,3164182,260684,257805,11918,269723,5136
2021-07-16,Placer,061,380077,24554,24169,1706,25875,303
2021-07-16,Plumas,063,18699,742,721,14,735,4
2021-07-16,Riverside,065,2383286,299449,294751,14452,309203,4542
2021-07-16,Sacramento,067,1510023,112107,110432,2056,112488,1694
2021-07-16,San Benito,069,59416,6196,6181,116,6297,63
2021-07-16,San Bernardino,071,2135413,298363,296048,9273,305321,5218
2021-07-16,San Diego,073,3302833,289032,285698,16313,302011,3786
2021-07-16,San Francisco,075,870044,38786,37978,1401,39379,560
2021-07-16,San Joaquin,077,732212,75544,74695,3813,78508,1430
2021-07-16,San Luis Obispo,079,281455,21752,21462,782,22244,258
2021-07-16,San Mateo,081,765935,43857,43324,531,43855,542
2021-07-16,Santa Barbara,083,443738,35310,34769,1229,35998,461
2021-07-16,Santa Clara,085,1922200,121423,119980,813,120793,2097
2021-07-16,Santa Cruz,087,273765,16498,16337,825,17162,207
2021-07-16,Shasta,089,179085,12809,12683,1707,14390,210
2021-07-16,Sierra,091,2930,66,62,12,74,0
2021-07-16,Siskiyou,093,43540,2019,1922,411,2333,29
2021-07-16,Solano,095,438530,34491,34015,643,34658,263
2021-07-16,Sonoma,097,501317,31902,31536,370,31906,322
2021-07-16,Stanislaus,099,539301,58141,57400,6183,63583,1028
2021-07-16,Sutter,101,95872,9913,9778,96,9874,114
2021-07-16,Tehama,103,63373,5195,5145,600,5745,64
2021-07-16,Trinity,105,12862,502,341,107,448,3
2021-07-16,Tulare,107,460477,50751,49937,9395,59332,854
2021-07-16,Tuolumne,109,53932,4155,4131,44,4175,64
2021-07-16,Ventura,111,848112,82941,82125,3301,85426,1041
2021-07-16,Yolo,113,214977,14541,14356,418,14774,213
2021-07-16,Yuba,115,75493,6423,6309,134,6443,52
2021-07-15,Alameda,001,1643700,92668,91346,2121,93467,1255
2021-07-15,Alpine,003,1148,88,89,0,89,0
2021-07-15,Amador,005,37829,3817,3785,34,3819,48
2021-07-15,Butte,007,227075,13027,12824,1936,14760,202
2021-07-15,Calaveras,009,45235,2258,2237,16,2253,57
2021-07-15,Colusa,011,21464,1998,1976,338,2314,16
2021-07-15,Contra Costa,013,1133247,73413,72254,1397,73651,824
2021-07-15,Del Norte,015,27424,1514,1475,14,1489,8
2021-07-15,El Dorado,017,186661,10783,10622,799,11421,114
2021-07-15,Fresno,019,978130,104519,103055,8994,112049,1730
2021-07-15,Glenn,021,27897,2468,2451,578,3029,20
2021-07-15,Humboldt,023,135768,4738,4654,58,4712,52
2021-07-15,Imperial,025,180216,29033,28840,2870,31710,742
2021-07-15,Inyo,027,18085,1422,1416,12,1428,36
2021-07-15,Kern,029,883053,98736,97796,11466,109262,1348
2021-07-15,Kings,031,150075,23498,23163,1132,24295,246
2021-07-15,Lake,033,64148,3890,3760,14,3774,64
2021-07-15,Lassen,035,31185,5316,5302,120,5422,21
2021-07-15,Los Angeles,037,10098052,1230395,1219733,43778,1263511,24582
2021-07-15,Madera,039,155013,16998,16804,973,17777,240
2021-07-15,Marin,041,260295,14505,14297,274,14571,234
2021-07-15,Mariposa,043,17540,448,445,11,456,5
2021-07-15,Mendocino,045,87422,4327,4209,81,4290,49
2021-07-15,Merced,047,269075,31614,31451,1019,32470,471
2021-07-15,Modoc,049,8938,423,412,149,561,5
2021-07-15,Mono,051,14174,1270,1277,16,1293,3
2021-07-15,Monterey,053,433212,43641,43367,1928,45295,515
2021-07-15,Napa,055,140530,10222,10129,42,10171,81
2021-07-15,Nevada,057,99092,5189,5066,197,5263,72
2021-07-15,Orange,059,3164182,260333,257805,11886,269691,5136
2021-07-15,Placer,061,380077,24495,24169,1689,25858,303
2021-07-15,Plumas,063,18699,741,721,14,735,4
2021-07-15,Riverside,065,2383286,299127,294751,14437,309188,4542
2021-07-15,Sacramento,067,1510023,111803,110432,2038,112470,1694
2021-07-15,San Benito,069,59416,6194,6181,116,6297,63
2021-07-15,San Bernardino,071,2135413,298058,296048,9258,305306,5218
2021-07-15,San Diego,073,3302833,288399,285698,16236,301934,3786
2021-07-15,San Francisco,075,870044,38634,37978,1393,39371,560
2021-07-15,San Joaquin,077,732212,75427,74695,3808,78503,1430
2021-07-15,San Luis Obispo,079,281455,21720,21462,782,22244,258
2021-07-15,San Mateo,081,765935,43753,43324,527,43851,542
2021-07-15,Santa Barbara,083,443738,35256,34769,1228,35997,461
2021-07-15,Santa Clara,085,1922200,121301,119980,810,120790,2097
2021-07-15,Santa Cruz,087,273765,16485,16337,825,17162,207
2021-07-15,Shasta,089,179085,12801,12683,1702,14385,210
2021-07-15,Sierra,091,2930,66,62,12,74,0
2021-07-15,Siskiyou,093,43540,2018,1922,411,2333,29
2021-07-15,Solano,095,438530,34416,34015,637,34652,263
2021-07-15,Sonoma,097,501317,31841,31536,370,31906,322
2021-07-15,Stanislaus,099,539301,58073,57400,6170,63570,1028
2021-07-15,Sutter,101,95872,9893,9778,95,9873,114
2021-07-15,Tehama,103,63373,5189,5145,599,5744,64
2021-07-15,Trinity,105,12862,502,341,107,448,3
2021-07-15,Tulare,107,460477,50731,49937,9378,59315,854
2021-07-15,Tuolumne,109,53932,4143,4131,44,4175,64
2021-07-15,Ventura,111,848112,82864,82125,3296,85421,1041
2021-07-15,Yolo,113,214977,14514,14356,417,14773,213
2021-07-15,Yuba,115,75493,6408,6309,133,6442,52
2021-07-14,Alameda,001,1643700,92406,91092,2101,93193,1255
2021-07-14,Alpine,003,1148,88,89,0,89,0
2021-07-14,Amador,005,37829,3809,3784,34,3818,48
2021-07-14,Butte,007,227075,13000,12813,1929,14742,202
2021-07-14,Calaveras,009,45235,2252,2234,16,2250,57
2021-07-14,Colusa,011,21464,1995,1974,338,2312,16
2021-07-14,Contra Costa,013,1133247,73188,72091,1384,73475,823
2021-07-14,Del Norte,015,27424,1513,1472,14,1486,8
2021-07-14,El Dorado,017,186661,10757,10598,796,11394,114
2021-07-14,Fresno,019,978130,104439,102966,8983,111949,1728
2021-07-14,Glenn,021,27897,2468,2449,578,3027,20
2021-07-14,Humboldt,023,135768,4715,4644,56,4700,52
2021-07-14,Imperial,025,180216,29004,28822,2870,31692,742
2021-07-14,Inyo,027,18085,1421,1415,12,1427,36
2021-07-14,Kern,029,883053,98672,97736,11441,109177,1346
2021-07-14,Kings,031,150075,23485,23142,1132,24274,246
2021-07-14,Lake,033,64148,3857,3739,14,3753,63
2021-07-14,Lassen,035,31185,5315,5298,120,5418,21
2021-07-14,Los Angeles,037,10098052,1228391,1218265,43632,1261897,24578
2021-07-14,Madera,039,155013,16986,16786,971,17757,240
2021-07-14,Marin,041,260295,14471,14269,272,14541,233
2021-07-14,Mariposa,043,17540,446,445,11,456,5
2021-07-14,Mendocino,045,87422,4314,4193,81,4274,49
2021-07-14,Merced,047,269075,31577,31412,1016,32428,471
2021-07-14,Modoc,049,8938,423,412,149,561,4
2021-07-14,Mono,051,14174,1270,1278,16,1294,3
2021-07-14,Monterey,053,433212,43617,43347,1926,45273,504
2021-07-14,Napa,055,140530,10200,10121,42,10163,81
2021-07-14,Nevada,057,99092,5169,5058,197,5255,72
2021-07-14,Orange,059,3164182,260017,257558,11857,269415,5137
2021-07-14,Placer,061,380077,24442,24125,1677,25802,303
2021-07-14,Plumas,063,18699,734,719,14,733,4
2021-07-14,Riverside,065,2383286,298802,294511,14421,308932,4542
2021-07-14,Sacramento,067,1510023,111476,110193,2014,112207,1688
2021-07-14,San Benito,069,59416,6191,6177,116,6293,63
2021-07-14,San Bernardino,071,2135413,297755,295820,9243,305063,5193
2021-07-14,San Diego,073,3302833,287828,285269,16157,301426,3786
2021-07-14,San Francisco,075,870044,38495,37836,1387,39223,559
2021-07-14,San Joaquin,077,732212,75335,74599,3799,78398,1416
2021-07-14,San Luis Obispo,079,281455,21698,21444,780,22224,258
2021-07-14,San Mateo,081,765935,43656,43249,523,43772,542
2021-07-14,Santa Barbara,083,443738,35216,34719,1226,35945,461
2021-07-14,Santa Clara,085,1922200,121151,119844,807,120651,2098
2021-07-14,Santa Cruz,087,273765,16471,16326,825,17151,207
2021-07-14,Shasta,089,179085,12781,12669,1699,14368,209
2021-07-14,Sierra,091,2930,66,62,12,74,0
2021-07-14,Siskiyou,093,43540,2011,1922,408,2330,29
2021-07-14,Solano,095,438530,34343,33948,637,34585,268
2021-07-14,Sonoma,097,501317,31789,31470,370,31840,322
2021-07-14,Stanislaus,099,539301,57998,57340,6158,63498,1028
2021-07-14,Sutter,101,95872,9870,9766,95,9861,114
2021-07-14,Tehama,103,63373,5187,5142,599,5741,64
2021-07-14,Trinity,105,12862,502,341,107,448,3
2021-07-14,Tulare,107,460477,50714,49908,9364,59272,853
2021-07-14,Tuolumne,109,53932,4140,4128,43,4171,64
2021-07-14,Ventura,111,848112,82770,82041,3285,85326,1040
2021-07-14,Yolo,113,214977,14481,14332,414,14746,213
2021-07-14,Yuba,115,75493,6390,6294,133,6427,52
2021-07-13,Alameda,001,1643700,92139,90874,2092,92966,1255
2021-07-13,Alpine,003,1148,88,89,0,89,0
2021-07-13,Amador,005,37829,3802,3783,34,3817,48
2021-07-13,Butte,007,227075,12986,12802,1928,14730,202
2021-07-13,Calaveras,009,45235,2248,2230,16,2246,57
2021-07-13,Colusa,011,21464,1993,1972,334,2306,16
2021-07-13,Contra Costa,013,1133247,72962,71963,1375,73338,823
2021-07-13,Del Norte,015,27424,1509,1471,14,1485,8
2021-07-13,El Dorado,017,186661,10739,10581,793,11374,114
2021-07-13,Fresno,019,978130,104363,102909,8973,111882,1727
2021-07-13,Glenn,021,27897,2466,2448,578,3026,20
2021-07-13,Humboldt,023,135768,4700,4634,56,4690,51
2021-07-13,Imperial,025,180216,28993,28792,2869,31661,741
2021-07-13,Inyo,027,18085,1420,1415,12,1427,36
2021-07-13,Kern,029,883053,98583,97698,11402,109100,1346
2021-07-13,Kings,031,150075,23467,23132,1132,24264,246
2021-07-13,Lake,033,64148,3830,3719,13,3732,63
2021-07-13,Lassen,035,31185,5313,5292,120,5412,21
2021-07-13,Los Angeles,037,10098052,1226548,1217184,43460,1260644,24569
2021-07-13,Madera,039,155013,16976,16773,967,17740,240
2021-07-13,Marin,041,260295,14442,14254,271,14525,233
2021-07-13,Mariposa,043,17540,445,443,11,454,5
2021-07-13,Mendocino,045,87422,4307,4185,81,4266,49
2021-07-13,Merced,047,269075,31556,31379,1013,32392,471
2021-07-13,Modoc,049,8938,423,411,149,560,4
2021-07-13,Mono,051,14174,1269,1277,16,1293,3
2021-07-13,Monterey,053,433212,43599,43333,1922,45255,504
2021-07-13,Napa,055,140530,10179,10118,42,10160,81
2021-07-13,Nevada,057,99092,5144,5053,197,5250,72
2021-07-13,Orange,059,3164182,259687,257339,11828,269167,5136
2021-07-13,Placer,061,380077,24396,24091,1664,25755,303
2021-07-13,Plumas,063,18699,733,716,14,730,4
2021-07-13,Riverside,065,2383286,298479,294302,14395,308697,4541
2021-07-13,Sacramento,067,1510023,111166,109990,1991,111981,1687
2021-07-13,San Benito,069,59416,6189,6173,116,6289,63
2021-07-13,San Bernardino,071,2135413,297479,295596,9221,304817,5183
2021-07-13,San Diego,073,3302833,287285,284997,16078,301075,3785
2021-07-13,San Francisco,075,870044,38351,37725,1381,39106,559
2021-07-13,San Joaquin,077,732212,75219,74500,3796,78296,1417
2021-07-13,San Luis Obispo,079,281455,21672,21423,777,22200,258
2021-07-13,San Mateo,081,765935,43588,43180,522,43702,542
2021-07-13,Santa Barbara,083,443738,35167,34679,1223,35902,461
2021-07-13,Santa Clara,085,1922200,120997,119727,803,120530,2098
2021-07-13,Santa Cruz,087,273765,16462,16315,823,17138,207
2021-07-13,Shasta,089,179085,12768,12659,1692,14351,209
2021-07-13,Sierra,091,2930,66,62,12,74,0
2021-07-13,Siskiyou,093,43540,2010,1916,406,2322,29
2021-07-13,Solano,095,438530,34279,33918,631,34549,268
2021-07-13,Sonoma,097,501317,31730,31431,370,31801,322
2021-07-13,Stanislaus,099,539301,57929,57282,6144,63426,1028
2021-07-13,Sutter,101,95872,9852,9752,94,9846,114
2021-07-13,Tehama,103,63373,5180,5144,599,5743,64
2021-07-13,Trinity,105,12862,502,341,106,447,3
2021-07-13,Tulare,107,460477,50689,49891,9348,59239,853
2021-07-13,Tuolumne,109,53932,4132,4122,42,4164,64
2021-07-13,Ventura,111,848112,82686,81982,3260,85242,1040
2021-07-13,Yolo,113,214977,14453,14320,407,14727,213
2021-07-13,Yuba,115,75493,6373,6279,133,6412,52
2021-07-12,Alameda,001,1643700,91881,90720,2085,92805,1254
2021-07-12,Alpine,003,1148,88,89,0,89,0
2021-07-12,Amador,005,37829,3795,3781,34,3815,47
2021-07-12,Butte,007,227075,12966,12796,1926,14722,202
2021-07-12,Calaveras,009,45235,2246,2228,16,2244,57
2021-07-12,Colusa,011,21464,1989,1971,333,2304,16
2021-07-12,Contra Costa,013,1133247,72760,71833,1370,73203,823
2021-07-12,Del Norte,015,27424,1506,1469,14,1483,8
2021-07-12,El Dorado,017,186661,10711,10569,791,11360,114
2021-07-12,Fresno,019,978130,104269,102853,8960,111813,1728
2021-07-12,Glenn,021,27897,2466,2446,578,3024,20
2021-07-12,Humboldt,023,135768,4684,4621,56,4677,51
2021-07-12,Imperial,025,180216,28963,28789,2869,31658,741
2021-07-12,Inyo,027,18085,1420,1415,12,1427,36
2021-07-12,Kern,029,883053,98514,97660,11377,109037,1346
2021-07-12,Kings,031,150075,23447,23124,1130,24254,246
2021-07-12,Lake,033,64148,3809,3706,13,3719,63
2021-07-12,Lassen,035,31185,5312,5292,120,5412,21
2021-07-12,Los Angeles,037,10098052,1224765,1216230,43321,1259551,24559
2021-07-12,Madera,039,155013,16965,16772,967,17739,240
2021-07-12,Marin,041,260295,14417,14238,270,14508,233
2021-07-12,Mariposa,043,17540,445,442,11,453,5
2021-07-12,Mendocino,045,87422,4296,4175,81,4256,49
2021-07-12,Merced,047,269075,31525,31374,1012,32386,471
2021-07-12,Modoc,049,8938,422,411,149,560,4
2021-07-12,Mono,051,14174,1267,1275,16,1291,3
2021-07-12,Monterey,053,433212,43578,43315,1918,45233,504
2021-07-12,Napa,055,140530,10161,10104,41,10145,81
2021-07-12,Nevada,057,99092,5121,5046,197,5243,72
2021-07-12,Orange,059,3164182,259333,257171,11803,268974,5136
2021-07-12,Placer,061,380077,24345,24052,1658,25710,302
2021-07-12,Plumas,063,18699,733,716,14,730,4
2021-07-12,Riverside,065,2383286,298171,294108,14365,308473,4541
2021-07-12,Sacramento,067,1510023,110950,109849,1964,111813,1685
2021-07-12,San Benito,069,59416,6186,6166,116,6282,63
2021-07-12,San Bernardino,071,2135413,297208,295447,9207,304654,5171
2021-07-12,San Diego,073,3302833,286820,284648,16002,300650,3785
2021-07-12,San Francisco,075,870044,38204,37656,1377,39033,559
2021-07-12,San Joaquin,077,732212,75125,74424,3786,78210,1415
2021-07-12,San Luis Obispo,079,281455,21653,21408,776,22184,258
2021-07-12,San Mateo,081,765935,43495,43138,515,43653,542
2021-07-12,Santa Barbara,083,443738,35125,34664,1221,35885,461
2021-07-12,Santa Clara,085,1922200,120832,119634,800,120434,2098
2021-07-12,Santa Cruz,087,273765,16437,16310,822,17132,207
2021-07-12,Shasta,089,179085,12760,12648,1689,14337,208
2021-07-12,Sierra,091,2930,66,62,12,74,0
2021-07-12,Siskiyou,093,43540,2005,1916,401,2317,29
2021-07-12,Solano,095,438530,34189,33859,622,34481,268
2021-07-12,Sonoma,097,501317,31682,31377,369,31746,322
2021-07-12,Stanislaus,099,539301,57856,57243,6137,63380,1028
2021-07-12,Sutter,101,95872,9835,9736,93,9829,114
2021-07-12,Tehama,103,63373,5175,5138,598,5736,63
2021-07-12,Trinity,105,12862,498,340,104,444,3
2021-07-12,Tulare,107,460477,50661,49882,9335,59217,853
2021-07-12,Tuolumne,109,53932,4128,4116,42,4158,64
2021-07-12,Ventura,111,848112,82585,81919,3239,85158,1040
2021-07-12,Yolo,113,214977,14424,14303,403,14706,213
2021-07-12,Yuba,115,75493,6358,6266,133,6399,52
2021-07-11,Alameda,001,1643700,91553,90597,2070,92667,1254
2021-07-11,Alpine,003,1148,88,89,0,89,0
2021-07-11,Amador,005,37829,3793,3779,34,3813,47
2021-07-11,Butte,007,227075,12944,12794,1920,14714,202
2021-07-11,Calaveras,009,45235,2243,2226,15,2241,57
2021-07-11,Colusa,011,21464,1988,1971,332,2303,16
2021-07-11,Contra Costa,013,1133247,72550,71744,1363,73107,823
2021-07-11,Del Norte,015,27424,1502,1467,13,1480,8
2021-07-11,El Dorado,017,186661,10682,10554,789,11343,114
2021-07-11,Fresno,019,978130,104174,102813,8939,111752,1728
2021-07-11,Glenn,021,27897,2465,2446,578,3024,20
2021-07-11,Humboldt,023,135768,4671,4611,55,4666,51
2021-07-11,Imperial,025,180216,28945,28787,2868,31655,741
2021-07-11,Inyo,027,18085,1418,1415,12,1427,36
2021-07-11,Kern,029,883053,98441,97637,11361,108998,1346
2021-07-11,Kings,031,150075,23416,23116,1127,24243,246
2021-07-11,Lake,033,64148,3778,3699,13,3712,63
2021-07-11,Lassen,035,31185,5309,5291,120,5411,21
2021-07-11,Los Angeles,037,10098052,1223019,1215182,43163,1258345,24558
2021-07-11,Madera,039,155013,16946,16766,966,17732,240
2021-07-11,Marin,041,260295,14391,14231,270,14501,233
2021-07-11,Mariposa,043,17540,444,442,11,453,5
2021-07-11,Mendocino,045,87422,4276,4167,81,4248,49
2021-07-11,Merced,047,269075,31501,31366,1007,32373,471
2021-07-11,Modoc,049,8938,421,411,149,560,4
2021-07-11,Mono,051,14174,1267,1275,16,1291,3
2021-07-11,Monterey,053,433212,43559,43307,1914,45221,504
2021-07-11,Napa,055,140530,10157,10100,41,10141,81
2021-07-11,Nevada,057,99092,5110,5035,196,5231,72
2021-07-11,Orange,059,3164182,259020,257009,11774,268783,5136
2021-07-11,Placer,061,380077,24288,24017,1646,25663,302
2021-07-11,Plumas,063,18699,733,716,14,730,4
2021-07-11,Riverside,065,2383286,297907,293969,14347,308316,4541
2021-07-11,Sacramento,067,1510023,110672,109696,1954,111650,1685
2021-07-11,San Benito,069,59416,6181,6163,116,6279,63
2021-07-11,San Bernardino,071,2135413,296903,295342,9182,304524,5167
2021-07-11,San Diego,073,3302833,286407,283819,15916,299735,3784
2021-07-11,San Francisco,075,870044,38075,37596,1371,38967,559
2021-07-11,San Joaquin,077,732212,75009,74376,3769,78145,1415
2021-07-11,San Luis Obispo,079,281455,21620,21403,775,22178,258
2021-07-11,San Mateo,081,765935,43416,43107,508,43615,542
2021-07-11,Santa Barbara,083,443738,35078,34646,1221,35867,461
2021-07-11,Santa Clara,085,1922200,120678,119549,799,120348,2098
2021-07-11,Santa Cruz,087,273765,16421,16303,822,17125,207
2021-07-11,Shasta,089,179085,12743,12647,1687,14334,208
2021-07-11,Sierra,091,2930,66,62,12,74,0
2021-07-11,Siskiyou,093,43540,2001,1915,399,2314,29
2021-07-11,Solano,095,438530,34107,33837,618,34455,268
2021-07-11,Sonoma,097,501317,31600,31352,369,31721,322
2021-07-11,Stanislaus,099,539301,57783,57230,6126,63356,1028
2021-07-11,Sutter,101,95872,9821,9728,93,9821,114
2021-07-11,Tehama,103,63373,5172,5138,598,5736,63
2021-07-11,Trinity,105,12862,497,340,104,444,3
2021-07-11,Tulare,107,460477,50636,49877,9316,59193,853
2021-07-11,Tuolumne,109,53932,4122,4116,42,4158,64
2021-07-11,Ventura,111,848112,82513,81875,3219,85094,1040
2021-07-11,Yolo,113,214977,14397,14285,397,14682,213
2021-07-11,Yuba,115,75493,6347,6260,133,6393,52
2021-07-10,Alameda,001,1643700,91403,90090,2066,92156,1252
2021-07-10,Alpine,003,1148,88,89,0,89,0
2021-07-10,Amador,005,37829,3787,3773,34,3807,47
2021-07-10,Butte,007,227075,12933,12764,1917,14681,202
2021-07-10,Calaveras,009,45235,2242,2214,15,2229,57
2021-07-10,Colusa,011,21464,1986,1969,332,2301,16
2021-07-10,Contra Costa,013,1133247,72450,71376,1362,72738,821
2021-07-10,Del Norte,015,27424,1500,1451,13,1464,8
2021-07-10,El Dorado,017,186661,10666,10508,785,11293,114
2021-07-10,Fresno,019,978130,104141,102675,8932,111607,1730
2021-07-10,Glenn,021,27897,2462,2440,577,3017,20
2021-07-10,Humboldt,023,135768,4662,4574,55,4629,51
2021-07-10,Imperial,025,180216,28932,28729,2868,31597,741
2021-07-10,Inyo,027,18085,1417,1415,12,1427,36
2021-07-10,Kern,029,883053,98401,97538,11344,108882,1346
2021-07-10,Kings,031,150075,23409,23090,1126,24216,246
2021-07-10,Lake,033,64148,3761,3667,13,3680,63
2021-07-10,Lassen,035,31185,5309,5290,120,5410,21
2021-07-10,Los Angeles,037,10098052,1221999,1212043,43060,1255103,24542
2021-07-10,Madera,039,155013,16940,16744,963,17707,241
2021-07-10,Marin,041,260295,14377,14194,270,14464,233
2021-07-10,Mariposa,043,17540,444,442,11,453,5
2021-07-10,Mendocino,045,87422,4269,4153,80,4233,49
2021-07-10,Merced,047,269075,31488,31328,1007,32335,470
2021-07-10,Modoc,049,8938,421,410,149,559,4
2021-07-10,Mono,051,14174,1267,1275,16,1291,3
2021-07-10,Monterey,053,433212,43545,43251,1912,45163,499
2021-07-10,Napa,055,140530,10145,10077,41,10118,81
2021-07-10,Nevada,057,99092,5101,5000,196,5196,72
2021-07-10,Orange,059,3164182,258842,256438,11758,268196,5135
2021-07-10,Placer,061,380077,24259,23916,1636,25552,302
2021-07-10,Plumas,063,18699,732,717,14,731,4
2021-07-10,Riverside,065,2383286,297718,293474,14333,307807,4541
2021-07-10,Sacramento,067,1510023,110523,109091,1949,111040,1682
2021-07-10,San Benito,069,59416,6176,6141,116,6257,63
2021-07-10,San Bernardino,071,2135413,296715,294932,9170,304102,5117
2021-07-10,San Diego,073,3302833,286117,283577,15863,299440,3783
2021-07-10,San Francisco,075,870044,37991,37338,1368,38706,559
2021-07-10,San Joaquin,077,732212,74951,74150,3763,77913,1412
2021-07-10,San Luis Obispo,079,281455,21609,21375,774,22149,258
2021-07-10,San Mateo,081,765935,43366,42948,506,43454,542
2021-07-10,Santa Barbara,083,443738,35052,34595,1221,35816,460
2021-07-10,Santa Clara,085,1922200,120575,119330,796,120126,2094
2021-07-10,Santa Cruz,087,273765,16414,16286,822,17108,207
2021-07-10,Shasta,089,179085,12730,12623,1682,14305,206
2021-07-10,Sierra,091,2930,66,61,12,73,0
2021-07-10,Siskiyou,093,43540,1999,1909,396,2305,29
2021-07-10,Solano,095,438530,34066,33678,612,34290,268
2021-07-10,Sonoma,097,501317,31549,31231,369,31600,317
2021-07-10,Stanislaus,099,539301,57742,57104,6116,63220,1026
2021-07-10,Sutter,101,95872,9808,9692,93,9785,114
2021-07-10,Tehama,103,63373,5169,5131,598,5729,63
2021-07-10,Trinity,105,12862,497,341,104,445,3
2021-07-10,Tulare,107,460477,50626,49850,9310,59160,853
2021-07-10,Tuolumne,109,53932,4120,4114,42,4156,64
2021-07-10,Ventura,111,848112,82468,81713,3201,84914,1039
2021-07-10,Yolo,113,214977,14376,14250,394,14644,213
2021-07-10,Yuba,115,75493,6337,6238,133,6371,52
2021-07-09,Alameda,001,1643700,91249,90090,2061,92151,1252
2021-07-09,Alpine,003,1148,88,89,0,89,0
2021-07-09,Amador,005,37829,3786,3773,34,3807,47
2021-07-09,Butte,007,227075,12922,12764,1915,14679,202
2021-07-09,Calaveras,009,45235,2241,2214,15,2229,57
2021-07-09,Colusa,011,21464,1985,1969,332,2301,16
2021-07-09,Contra Costa,013,1133247,72325,71376,1361,72737,821
2021-07-09,Del Norte,015,27424,1495,1451,13,1464,8
2021-07-09,El Dorado,017,186661,10651,10508,784,11292,114
2021-07-09,Fresno,019,978130,104085,102675,8925,111600,1730
2021-07-09,Glenn,021,27897,2461,2440,575,3015,20
2021-07-09,Humboldt,023,135768,4643,4574,55,4629,51
2021-07-09,Imperial,025,180216,28924,28729,2867,31596,741
2021-07-09,Inyo,027,18085,1416,1415,12,1427,36
2021-07-09,Kern,029,883053,98363,97538,11332,108870,1346
2021-07-09,Kings,031,150075,23398,23090,1125,24215,246
2021-07-09,Lake,033,64148,3747,3667,13,3680,63
2021-07-09,Lassen,035,31185,5307,5290,119,5409,21
2021-07-09,Los Angeles,037,10098052,1220994,1212043,42988,1255031,24542
2021-07-09,Madera,039,155013,16930,16744,962,17706,241
2021-07-09,Marin,041,260295,14356,14194,269,14463,233
2021-07-09,Mariposa,043,17540,444,442,11,453,5
2021-07-09,Mendocino,045,87422,4262,4153,80,4233,49
2021-07-09,Merced,047,269075,31473,31328,1007,32335,470
2021-07-09,Modoc,049,8938,421,410,149,559,4
2021-07-09,Mono,051,14174,1267,1275,16,1291,3
2021-07-09,Monterey,053,433212,43536,43251,1912,45163,499
2021-07-09,Napa,055,140530,10138,10077,41,10118,81
2021-07-09,Nevada,057,99092,5092,5000,196,5196,72
2021-07-09,Orange,059,3164182,258636,256438,11744,268182,5135
2021-07-09,Placer,061,380077,24237,23916,1630,25546,302
2021-07-09,Plumas,063,18699,730,717,14,731,4
2021-07-09,Riverside,065,2383286,297532,293474,14320,307794,4541
2021-07-09,Sacramento,067,1510023,110370,109091,1940,111031,1682
2021-07-09,San Benito,069,59416,6174,6141,116,6257,63
2021-07-09,San Bernardino,071,2135413,296563,294932,9163,304095,5117
2021-07-09,San Diego,073,3302833,285831,283577,15815,299392,3783
2021-07-09,San Francisco,075,870044,37911,37338,1361,38699,559
2021-07-09,San Joaquin,077,732212,74878,74150,3756,77906,1412
2021-07-09,San Luis Obispo,079,281455,21597,21375,774,22149,258
2021-07-09,San Mateo,081,765935,43320,42948,502,43450,542
2021-07-09,Santa Barbara,083,443738,35033,34595,1220,35815,460
2021-07-09,Santa Clara,085,1922200,120465,119330,796,120126,2094
2021-07-09,Santa Cruz,087,273765,16411,16286,822,17108,207
2021-07-09,Shasta,089,179085,12724,12623,1677,14300,206
2021-07-09,Sierra,091,2930,66,61,12,73,0
2021-07-09,Siskiyou,093,43540,1997,1909,395,2304,29
2021-07-09,Solano,095,438530,34031,33678,608,34286,268
2021-07-09,Sonoma,097,501317,31513,31231,369,31600,317
2021-07-09,Stanislaus,099,539301,57701,57104,6114,63218,1026
2021-07-09,Sutter,101,95872,9799,9692,93,9785,114
2021-07-09,Tehama,103,63373,5167,5131,598,5729,63
2021-07-09,Trinity,105,12862,496,341,101,442,3
2021-07-09,Tulare,107,460477,50613,49850,9304,59154,853
2021-07-09,Tuolumne,109,53932,4116,4114,42,4156,64
2021-07-09,Ventura,111,848112,82413,81713,3192,84905,1039
2021-07-09,Yolo,113,214977,14361,14250,390,14640,213
2021-07-09,Yuba,115,75493,6324,6238,133,6371,52
2021-07-08,Alameda,001,1643700,91040,90090,2056,92146,1252
2021-07-08,Alpine,003,1148,88,89,0,89,0
2021-07-08,Amador,005,37829,3784,3773,34,3807,47
2021-07-08,Butte,007,227075,12909,12764,1912,14676,202
2021-07-08,Calaveras,009,45235,2239,2214,14,2228,57
2021-07-08,Colusa,011,21464,1985,1969,332,2301,16
2021-07-08,Contra Costa,013,1133247,72197,71376,1356,72732,821
2021-07-08,Del Norte,015,27424,1493,1451,13,1464,8
2021-07-08,El Dorado,017,186661,10634,10508,779,11287,114
2021-07-08,Fresno,019,978130,104022,102675,8914,111589,1730
2021-07-08,Glenn,021,27897,2461,2440,575,3015,20
2021-07-08,Humboldt,023,135768,4628,4574,54,4628,51
2021-07-08,Imperial,025,180216,28912,28729,2866,31595,741
2021-07-08,Inyo,027,18085,1416,1415,12,1427,36
2021-07-08,Kern,029,883053,98315,97538,11317,108855,1346
2021-07-08,Kings,031,150075,23389,23090,1125,24215,246
2021-07-08,Lake,033,64148,3733,3667,13,3680,63
2021-07-08,Lassen,035,31185,5304,5290,119,5409,21
2021-07-08,Los Angeles,037,10098052,1219781,1212043,42892,1254935,24542
2021-07-08,Madera,039,155013,16914,16744,962,17706,241
2021-07-08,Marin,041,260295,14342,14194,269,14463,233
2021-07-08,Mariposa,043,17540,443,442,11,453,5
2021-07-08,Mendocino,045,87422,4259,4153,80,4233,49
2021-07-08,Merced,047,269075,31459,31328,1005,32333,470
2021-07-08,Modoc,049,8938,421,410,149,559,4
2021-07-08,Mono,051,14174,1267,1275,16,1291,3
2021-07-08,Monterey,053,433212,43516,43251,1906,45157,499
2021-07-08,Napa,055,140530,10134,10077,41,10118,81
2021-07-08,Nevada,057,99092,5086,5000,196,5196,72
2021-07-08,Orange,059,3164182,258441,256438,11723,268161,5135
2021-07-08,Placer,061,380077,24198,23916,1622,25538,302
2021-07-08,Plumas,063,18699,729,717,14,731,4
2021-07-08,Riverside,065,2383286,297331,293474,14304,307778,4541
2021-07-08,Sacramento,067,1510023,110148,109091,1933,111024,1682
2021-07-08,San Benito,069,59416,6171,6141,116,6257,63
2021-07-08,San Bernardino,071,2135413,296387,294932,9154,304086,5117
2021-07-08,San Diego,073,3302833,285503,283577,15767,299344,3783
2021-07-08,San Francisco,075,870044,37831,37338,1357,38695,559
2021-07-08,San Joaquin,077,732212,74790,74150,3743,77893,1412
2021-07-08,San Luis Obispo,079,281455,21585,21375,771,22146,258
2021-07-08,San Mateo,081,765935,43270,42948,501,43449,542
2021-07-08,Santa Barbara,083,443738,35006,34595,1218,35813,460
2021-07-08,Santa Clara,085,1922200,120372,119330,795,120125,2094
2021-07-08,Santa Cruz,087,273765,16405,16286,822,17108,207
2021-07-08,Shasta,089,179085,12718,12623,1673,14296,206
2021-07-08,Sierra,091,2930,66,61,12,73,0
2021-07-08,Siskiyou,093,43540,1992,1909,392,2301,29
2021-07-08,Solano,095,438530,33976,33678,602,34280,268
2021-07-08,Sonoma,097,501317,31482,31231,368,31599,317
2021-07-08,Stanislaus,099,539301,57666,57104,6110,63214,1026
2021-07-08,Sutter,101,95872,9784,9692,91,9783,114
2021-07-08,Tehama,103,63373,5164,5131,597,5728,63
2021-07-08,Trinity,105,12862,496,341,101,442,3
2021-07-08,Tulare,107,460477,50595,49850,9296,59146,853
2021-07-08,Tuolumne,109,53932,4114,4114,42,4156,64
2021-07-08,Ventura,111,848112,82348,81713,3176,84889,1039
2021-07-08,Yolo,113,214977,14343,14250,388,14638,213
2021-07-08,Yuba,115,75493,6316,6238,133,6371,52
2021-07-07,Alameda,001,1643700,90856,89995,2050,92045,1253
2021-07-07,Alpine,003,1148,88,89,0,89,0
2021-07-07,Amador,005,37829,3779,3770,34,3804,47
2021-07-07,Butte,007,227075,12896,12750,1907,14657,202
2021-07-07,Calaveras,009,45235,2231,2212,14,2226,57
2021-07-07,Colusa,011,21464,1981,1969,332,2301,16
2021-07-07,Contra Costa,013,1133247,72052,71308,1354,72662,821
2021-07-07,Del Norte,015,27424,1488,1446,13,1459,8
2021-07-07,El Dorado,017,186661,10614,10494,777,11271,114
2021-07-07,Fresno,019,978130,103972,102639,8907,111546,1729
2021-07-07,Glenn,021,27897,2461,2441,575,3016,20
2021-07-07,Humboldt,023,135768,4614,4566,54,4620,51
2021-07-07,Imperial,025,180216,28905,28701,2866,31567,740
2021-07-07,Inyo,027,18085,1415,1415,12,1427,36
2021-07-07,Kern,029,883053,98270,97507,11302,108809,1348
2021-07-07,Kings,031,150075,23376,23085,1122,24207,245
2021-07-07,Lake,033,64148,3714,3660,13,3673,63
2021-07-07,Lassen,035,31185,5304,5286,119,5405,21
2021-07-07,Los Angeles,037,10098052,1218602,1211316,42786,1254102,24531
2021-07-07,Madera,039,155013,16903,16733,960,17693,241
2021-07-07,Marin,041,260295,14323,14183,268,14451,233
2021-07-07,Mariposa,043,17540,441,442,11,453,5
2021-07-07,Mendocino,045,87422,4250,4145,80,4225,49
2021-07-07,Merced,047,269075,31444,31317,1005,32322,470
2021-07-07,Modoc,049,8938,421,410,149,559,4
2021-07-07,Mono,051,14174,1266,1274,16,1290,3
2021-07-07,Monterey,053,433212,43492,43233,1904,45137,494
2021-07-07,Napa,055,140530,10123,10078,41,10119,81
2021-07-07,Nevada,057,99092,5079,4996,196,5192,72
2021-07-07,Orange,059,3164182,258215,256301,11701,268002,5132
2021-07-07,Placer,061,380077,24162,23901,1612,25513,302
2021-07-07,Plumas,063,18699,729,710,14,724,4
2021-07-07,Riverside,065,2383286,297116,293331,14294,307625,4538
2021-07-07,Sacramento,067,1510023,109957,108954,1925,110879,1682
2021-07-07,San Benito,069,59416,6166,6137,116,6253,63
2021-07-07,San Bernardino,071,2135413,296219,294787,9147,303934,5087
2021-07-07,San Diego,073,3302833,285185,283377,15727,299104,3782
2021-07-07,San Francisco,075,870044,37739,37284,1354,38638,558
2021-07-07,San Joaquin,077,732212,74714,74095,3727,77822,1410
2021-07-07,San Luis Obispo,079,281455,21576,21360,769,22129,258
2021-07-07,San Mateo,081,765935,43215,42908,498,43406,542
2021-07-07,Santa Barbara,083,443738,34980,34582,1218,35800,460
2021-07-07,Santa Clara,085,1922200,120274,119250,794,120044,2094
2021-07-07,Santa Cruz,087,273765,16396,16279,821,17100,207
2021-07-07,Shasta,089,179085,12710,12613,1670,14283,206
2021-07-07,Sierra,091,2930,66,60,12,72,0
2021-07-07,Siskiyou,093,43540,1986,1908,388,2296,29
2021-07-07,Solano,095,438530,33927,33659,595,34254,268
2021-07-07,Sonoma,097,501317,31436,31172,368,31540,316
2021-07-07,Stanislaus,099,539301,57621,57102,6105,63207,1028
2021-07-07,Sutter,101,95872,9774,9683,91,9774,114
2021-07-07,Tehama,103,63373,5163,5129,597,5726,63
2021-07-07,Trinity,105,12862,496,341,101,442,3
2021-07-07,Tulare,107,460477,50591,49835,9287,59122,853
2021-07-07,Tuolumne,109,53932,4110,4115,41,4156,64
2021-07-07,Ventura,111,848112,82304,81608,3162,84770,1036
2021-07-07,Yolo,113,214977,14333,14236,385,14621,213
2021-07-07,Yuba,115,75493,6300,6233,133,6366,51
2021-07-06,Alameda,001,1643700,90660,89918,2042,91960,1253
2021-07-06,Alpine,003,1148,88,89,0,89,0
2021-07-06,Amador,005,37829,3778,3768,33,3801,47
2021-07-06,Butte,007,227075,12883,12744,1904,14648,201
2021-07-06,Calaveras,009,45235,2231,2211,14,2225,55
2021-07-06,Colusa,011,21464,1980,1967,329,2296,16
2021-07-06,Contra Costa,013,1133247,71923,71262,1352,72614,820
2021-07-06,Del Norte,015,27424,1484,1445,13,1458,8
2021-07-06,El Dorado,017,186661,10596,10484,776,11260,113
2021-07-06,Fresno,019,978130,103920,102616,8895,111511,1727
2021-07-06,Glenn,021,27897,2460,2438,575,3013,20
2021-07-06,Humboldt,023,135768,4600,4565,53,4618,49
2021-07-06,Imperial,025,180216,28890,28693,2864,31557,739
2021-07-06,Inyo,027,18085,1415,1412,12,1424,36
2021-07-06,Kern,029,883053,98228,97491,11291,108782,1346
2021-07-06,Kings,031,150075,23368,23077,1121,24198,245
2021-07-06,Lake,033,64148,3704,3659,13,3672,63
2021-07-06,Lassen,035,31185,5303,5288,118,5406,21
2021-07-06,Los Angeles,037,10098052,1217386,1210965,42687,1253652,24525
2021-07-06,Madera,039,155013,16891,16730,960,17690,241
2021-07-06,Marin,041,260295,14309,14181,268,14449,233
2021-07-06,Mariposa,043,17540,441,442,11,453,5
2021-07-06,Mendocino,045,87422,4243,4143,80,4223,49
2021-07-06,Merced,047,269075,31427,31317,1004,32321,470
2021-07-06,Modoc,049,8938,421,411,149,560,4
2021-07-06,Mono,051,14174,1265,1274,16,1290,3
2021-07-06,Monterey,053,433212,43470,43224,1903,45127,494
2021-07-06,Napa,055,140530,10112,10081,41,10122,81
2021-07-06,Nevada,057,99092,5070,4988,196,5184,72
2021-07-06,Orange,059,3164182,257971,256227,11684,267911,5129
2021-07-06,Placer,061,380077,24120,23876,1606,25482,302
2021-07-06,Plumas,063,18699,728,708,14,722,4
2021-07-06,Riverside,065,2383286,296913,293227,14276,307503,4539
2021-07-06,Sacramento,067,1510023,109746,108850,1917,110767,1679
2021-07-06,San Benito,069,59416,6162,6137,116,6253,63
2021-07-06,San Bernardino,071,2135413,296040,294712,9134,303846,5056
2021-07-06,San Diego,073,3302833,284830,283278,15668,298946,3782
2021-07-06,San Francisco,075,870044,37621,37251,1353,38604,558
2021-07-06,San Joaquin,077,732212,74644,74019,3715,77734,1410
2021-07-06,San Luis Obispo,079,281455,21559,21354,768,22122,257
2021-07-06,San Mateo,081,765935,43139,42895,498,43393,541
2021-07-06,Santa Barbara,083,443738,34961,34572,1216,35788,460
2021-07-06,Santa Clara,085,1922200,120156,119194,791,119985,2095
2021-07-06,Santa Cruz,087,273765,16391,16274,820,17094,207
2021-07-06,Shasta,089,179085,12700,12606,1668,14274,205
2021-07-06,Sierra,091,2930,65,60,12,72,0
2021-07-06,Siskiyou,093,43540,1983,1905,384,2289,29
2021-07-06,Solano,095,438530,33876,33619,592,34211,268
2021-07-06,Sonoma,097,501317,31373,31130,367,31497,316
2021-07-06,Stanislaus,099,539301,57559,57120,6093,63213,1029
2021-07-06,Sutter,101,95872,9765,9674,90,9764,114
2021-07-06,Tehama,103,63373,5160,5126,596,5722,63
2021-07-06,Trinity,105,12862,496,341,101,442,3
2021-07-06,Tulare,107,460477,50576,49826,9276,59102,853
2021-07-06,Tuolumne,109,53932,4108,4113,41,4154,64
2021-07-06,Ventura,111,848112,82264,81534,3136,84670,1033
2021-07-06,Yolo,113,214977,14311,14227,382,14609,213
2021-07-06,Yuba,115,75493,6289,6231,133,6364,51
2021-07-05,Alameda,001,1643700,90485,89892,2037,91929,1253
2021-07-05,Alpine,003,1148,88,89,0,89,0
2021-07-05,Amador,005,37829,3776,3768,33,3801,47
2021-07-05,Butte,007,227075,12875,12740,1894,14634,201
2021-07-05,Calaveras,009,45235,2227,2211,14,2225,55
2021-07-05,Colusa,011,21464,1978,1966,328,2294,16
2021-07-05,Contra Costa,013,1133247,71796,71235,1352,72587,820
2021-07-05,Del Norte,015,27424,1480,1446,13,1459,8
2021-07-05,El Dorado,017,186661,10571,10481,776,11257,113
2021-07-05,Fresno,019,978130,103862,102592,8880,111472,1727
2021-07-05,Glenn,021,27897,2457,2438,574,3012,20
2021-07-05,Humboldt,023,135768,4586,4563,53,4616,49
2021-07-05,Imperial,025,180216,28872,28689,2863,31552,739
2021-07-05,Inyo,027,18085,1415,1412,12,1424,36
2021-07-05,Kern,029,883053,98181,97479,11270,108749,1346
2021-07-05,Kings,031,150075,23360,23065,1118,24183,245
2021-07-05,Lake,033,64148,3686,3645,13,3658,63
2021-07-05,Lassen,035,31185,5300,5288,117,5405,21
2021-07-05,Los Angeles,037,10098052,1216195,1210653,42584,1253237,24522
2021-07-05,Madera,039,155013,16880,16722,959,17681,241
2021-07-05,Marin,041,260295,14288,14178,268,14446,233
2021-07-05,Mariposa,043,17540,441,441,11,452,5
2021-07-05,Mendocino,045,87422,4238,4139,80,4219,49
2021-07-05,Merced,047,269075,31407,31312,1004,32316,470
2021-07-05,Modoc,049,8938,421,410,149,559,4
2021-07-05,Mono,051,14174,1265,1273,16,1289,3
2021-07-05,Monterey,053,433212,43449,43218,1898,45116,494
2021-07-05,Napa,055,140530,10106,10074,41,10115,81
2021-07-05,Nevada,057,99092,5052,4980,195,5175,72
2021-07-05,Orange,059,3164182,257770,256173,11666,267839,5129
2021-07-05,Placer,061,380077,24073,23867,1598,25465,302
2021-07-05,Plumas,063,18699,727,708,14,722,4
2021-07-05,Riverside,065,2383286,296721,293193,14264,307457,4539
2021-07-05,Sacramento,067,1510023,109564,108758,1908,110666,1679
2021-07-05,San Benito,069,59416,6155,6137,116,6253,63
2021-07-05,San Bernardino,071,2135413,295878,294647,9127,303774,5037
2021-07-05,San Diego,073,3302833,284470,282834,15623,298457,3782
2021-07-05,San Francisco,075,870044,37535,37237,1348,38585,558
2021-07-05,San Joaquin,077,732212,74574,73999,3710,77709,1410
2021-07-05,San Luis Obispo,079,281455,21546,21351,767,22118,257
2021-07-05,San Mateo,081,765935,43087,42876,495,43371,541
2021-07-05,Santa Barbara,083,443738,34941,34569,1216,35785,460
2021-07-05,Santa Clara,085,1922200,120051,119184,789,119973,2095
2021-07-05,Santa Cruz,087,273765,16382,16273,819,17092,208
2021-07-05,Shasta,089,179085,12691,12603,1666,14269,205
2021-07-05,Sierra,091,2930,65,60,12,72,0
2021-07-05,Siskiyou,093,43540,1981,1904,383,2287,29
2021-07-05,Solano,095,438530,33807,33612,586,34198,268
2021-07-05,Sonoma,097,501317,31320,31116,367,31483,316
2021-07-05,Stanislaus,099,539301,57523,57109,6083,63192,1029
2021-07-05,Sutter,101,95872,9753,9667,90,9757,114
2021-07-05,Tehama,103,63373,5159,5125,596,5721,63
2021-07-05,Trinity,105,12862,495,341,100,441,3
2021-07-05,Tulare,107,460477,50558,49818,9273,59091,853
2021-07-05,Tuolumne,109,53932,4104,4112,41,4153,64
2021-07-05,Ventura,111,848112,82214,81519,3116,84635,1033
2021-07-05,Yolo,113,214977,14292,14225,374,14599,213
2021-07-05,Yuba,115,75493,6281,6223,133,6356,51
2021-07-04,Alameda,001,1643700,90319,89683,2034,91717,1253
2021-07-04,Alpine,003,1148,88,89,0,89,0
2021-07-04,Amador,005,37829,3775,3758,33,3791,46
2021-07-04,Butte,007,227075,12865,12684,1894,14578,201
2021-07-04,Calaveras,009,45235,2226,2200,14,2214,55
2021-07-04,Colusa,011,21464,1978,1969,328,2297,15
2021-07-04,Contra Costa,013,1133247,71690,70941,1347,72288,818
2021-07-04,Del Norte,015,27424,1477,1439,13,1452,8
2021-07-04,El Dorado,017,186661,10562,10433,775,11208,113
2021-07-04,Fresno,019,978130,103816,102512,8863,111375,1727
2021-07-04,Glenn,021,27897,2455,2442,573,3015,20
2021-07-04,Humboldt,023,135768,4578,4530,53,4583,49
2021-07-04,Imperial,025,180216,28866,28661,2863,31524,739
2021-07-04,Inyo,027,18085,1415,1412,12,1424,35
2021-07-04,Kern,029,883053,98162,97421,11261,108682,1347
2021-07-04,Kings,031,150075,23352,23051,1118,24169,245
2021-07-04,Lake,033,64148,3676,3623,13,3636,62
2021-07-04,Lassen,035,31185,5299,5277,117,5394,20
2021-07-04,Los Angeles,037,10098052,1215340,1208705,42497,1251202,24506
2021-07-04,Madera,039,155013,16868,16696,957,17653,240
2021-07-04,Marin,041,260295,14273,14143,268,14411,233
2021-07-04,Mariposa,043,17540,441,441,11,452,5
2021-07-04,Mendocino,045,87422,4228,4122,80,4202,49
2021-07-04,Merced,047,269075,31396,31297,1004,32301,469
2021-07-04,Modoc,049,8938,421,410,149,559,4
2021-07-04,Mono,051,14174,1265,1275,16,1291,3
2021-07-04,Monterey,053,433212,43433,43212,1897,45109,492
2021-07-04,Napa,055,140530,10098,10045,40,10085,81
2021-07-04,Nevada,057,99092,5042,4966,195,5161,72
2021-07-04,Orange,059,3164182,257594,255823,11645,267468,5126
2021-07-04,Placer,061,380077,24036,23764,1591,25355,299
2021-07-04,Plumas,063,18699,727,707,14,721,4
2021-07-04,Riverside,065,2383286,296561,293260,14258,307518,4536
2021-07-04,Sacramento,067,1510023,109394,108257,1902,110159,1676
2021-07-04,San Benito,069,59416,6148,6108,116,6224,63
2021-07-04,San Bernardino,071,2135413,295711,294294,9120,303414,5003
2021-07-04,San Diego,073,3302833,284246,282692,15585,298277,3780
2021-07-04,San Francisco,075,870044,37478,37107,1342,38449,558
2021-07-04,San Joaquin,077,732212,74509,73841,3702,77543,1409
2021-07-04,San Luis Obispo,079,281455,21540,21330,766,22096,256
2021-07-04,San Mateo,081,765935,43053,42691,495,43186,541
2021-07-04,Santa Barbara,083,443738,34919,34526,1215,35741,456
2021-07-04,Santa Clara,085,1922200,119961,118966,788,119754,2090
2021-07-04,Santa Cruz,087,273765,16371,16254,819,17073,208
2021-07-04,Shasta,089,179085,12687,12582,1665,14247,204
2021-07-04,Sierra,091,2930,64,60,12,72,0
2021-07-04,Siskiyou,093,43540,1977,1899,382,2281,29
2021-07-04,Solano,095,438530,33766,33486,584,34070,268
2021-07-04,Sonoma,097,501317,31290,31000,366,31366,316
2021-07-04,Stanislaus,099,539301,57500,57018,6077,63095,1018
2021-07-04,Sutter,101,95872,9742,9644,90,9734,114
2021-07-04,Tehama,103,63373,5155,5124,596,5720,63
2021-07-04,Trinity,105,12862,494,341,100,441,3
2021-07-04,Tulare,107,460477,50548,49789,9270,59059,853
2021-07-04,Tuolumne,109,53932,4096,4113,41,4154,64
2021-07-04,Ventura,111,848112,82157,81425,3105,84530,1033
2021-07-04,Yolo,113,214977,14272,14188,371,14559,213
2021-07-04,Yuba,115,75493,6273,6197,133,6330,51
2021-07-03,Alameda,001,1643700,90233,89683,2026,91709,1253
2021-07-03,Alpine,003,1148,88,89,0,89,0
2021-07-03,Amador,005,37829,3775,3758,33,3791,46
2021-07-03,Butte,007,227075,12861,12684,1893,14577,201
2021-07-03,Calaveras,009,45235,2224,2200,14,2214,55
2021-07-03,Colusa,011,21464,1977,1969,328,2297,15
2021-07-03,Contra Costa,013,1133247,71631,70941,1344,72285,818
2021-07-03,Del Norte,015,27424,1474,1439,13,1452,8
2021-07-03,El Dorado,017,186661,10555,10433,773,11206,113
2021-07-03,Fresno,019,978130,103791,102512,8854,111366,1727
2021-07-03,Glenn,021,27897,2455,2442,573,3015,20
2021-07-03,Humboldt,023,135768,4573,4530,53,4583,49
2021-07-03,Imperial,025,180216,28856,28661,2863,31524,739
2021-07-03,Inyo,027,18085,1415,1412,12,1424,35
2021-07-03,Kern,029,883053,98142,97421,11253,108674,1347
2021-07-03,Kings,031,150075,23352,23051,1117,24168,245
2021-07-03,Lake,033,64148,3666,3623,13,3636,62
2021-07-03,Lassen,035,31185,5298,5277,117,5394,20
2021-07-03,Los Angeles,037,10098052,1214913,1208705,42467,1251172,24506
2021-07-03,Madera,039,155013,16859,16696,954,17650,240
2021-07-03,Marin,041,260295,14269,14143,268,14411,233
2021-07-03,Mariposa,043,17540,441,441,11,452,5
2021-07-03,Mendocino,045,87422,4227,4122,80,4202,49
2021-07-03,Merced,047,269075,31383,31297,1003,32300,469
2021-07-03,Modoc,049,8938,420,410,149,559,4
2021-07-03,Mono,051,14174,1264,1275,16,1291,3
2021-07-03,Monterey,053,433212,43421,43212,1894,45106,492
2021-07-03,Napa,055,140530,10093,10045,40,10085,81
2021-07-03,Nevada,057,99092,5028,4966,195,5161,72
2021-07-03,Orange,059,3164182,257510,255823,11638,267461,5126
2021-07-03,Placer,061,380077,24017,23764,1588,25352,299
2021-07-03,Plumas,063,18699,727,707,14,721,4
2021-07-03,Riverside,065,2383286,296469,293260,14254,307514,4536
2021-07-03,Sacramento,067,1510023,109320,108257,1899,110156,1676
2021-07-03,San Benito,069,59416,6141,6108,116,6224,63
2021-07-03,San Bernardino,071,2135413,295621,294294,9117,303411,5003
2021-07-03,San Diego,073,3302833,284115,282692,15566,298258,3780
2021-07-03,San Francisco,075,870044,37437,37107,1339,38446,558
2021-07-03,San Joaquin,077,732212,74473,73841,3697,77538,1409
2021-07-03,San Luis Obispo,079,281455,21528,21330,766,22096,256
2021-07-03,San Mateo,081,765935,43028,42691,494,43185,541
2021-07-03,Santa Barbara,083,443738,34910,34526,1214,35740,456
2021-07-03,Santa Clara,085,1922200,119914,118966,788,119754,2090
2021-07-03,Santa Cruz,087,273765,16364,16254,819,17073,208
2021-07-03,Shasta,089,179085,12683,12582,1663,14245,204
2021-07-03,Sierra,091,2930,64,60,12,72,0
2021-07-03,Siskiyou,093,43540,1976,1899,381,2280,29
2021-07-03,Solano,095,438530,33722,33486,584,34070,268
2021-07-03,Sonoma,097,501317,31256,31000,366,31366,316
2021-07-03,Stanislaus,099,539301,57486,57018,6069,63087,1018
2021-07-03,Sutter,101,95872,9732,9644,90,9734,114
2021-07-03,Tehama,103,63373,5153,5124,596,5720,63
2021-07-03,Trinity,105,12862,494,341,100,441,3
2021-07-03,Tulare,107,460477,50542,49789,9264,59053,853
2021-07-03,Tuolumne,109,53932,4095,4113,41,4154,64
2021-07-03,Ventura,111,848112,82127,81425,3097,84522,1033
2021-07-03,Yolo,113,214977,14262,14188,368,14556,213
2021-07-03,Yuba,115,75493,6267,6197,133,6330,51
2021-07-02,Alameda,001,1643700,90151,89683,2025,91708,1253
2021-07-02,Alpine,003,1148,88,89,0,89,0
2021-07-02,Amador,005,37829,3773,3758,33,3791,46
2021-07-02,Butte,007,227075,12854,12684,1893,14577,201
2021-07-02,Calaveras,009,45235,2222,2200,14,2214,55
2021-07-02,Colusa,011,21464,1976,1969,327,2296,15
2021-07-02,Contra Costa,013,1133247,71561,70941,1340,72281,818
2021-07-02,Del Norte,015,27424,1474,1439,13,1452,8
2021-07-02,El Dorado,017,186661,10547,10433,773,11206,113
2021-07-02,Fresno,019,978130,103762,102512,8848,111360,1727
2021-07-02,Glenn,021,27897,2454,2442,572,3014,20
2021-07-02,Humboldt,023,135768,4570,4530,52,4582,49
2021-07-02,Imperial,025,180216,28850,28661,2862,31523,739
2021-07-02,Inyo,027,18085,1415,1412,12,1424,35
2021-07-02,Kern,029,883053,98124,97421,11244,108665,1347
2021-07-02,Kings,031,150075,23342,23051,1117,24168,245
2021-07-02,Lake,033,64148,3660,3623,13,3636,62
2021-07-02,Lassen,035,31185,5298,5277,117,5394,20
2021-07-02,Los Angeles,037,10098052,1214439,1208705,42428,1251133,24506
2021-07-02,Madera,039,155013,16850,16696,953,17649,240
2021-07-02,Marin,041,260295,14264,14143,268,14411,233
2021-07-02,Mariposa,043,17540,441,441,11,452,5
2021-07-02,Mendocino,045,87422,4223,4122,79,4201,49
2021-07-02,Merced,047,269075,31374,31297,1003,32300,469
2021-07-02,Modoc,049,8938,420,410,149,559,4
2021-07-02,Mono,051,14174,1263,1275,16,1291,3
2021-07-02,Monterey,053,433212,43413,43212,1893,45105,492
2021-07-02,Napa,055,140530,10088,10045,40,10085,81
2021-07-02,Nevada,057,99092,5019,4966,195,5161,72
2021-07-02,Orange,059,3164182,257399,255823,11631,267454,5126
2021-07-02,Placer,061,380077,24000,23764,1581,25345,299
2021-07-02,Plumas,063,18699,727,707,14,721,4
2021-07-02,Riverside,065,2383286,296372,293260,14249,307509,4536
2021-07-02,Sacramento,067,1510023,109242,108257,1898,110155,1676
2021-07-02,San Benito,069,59416,6138,6108,116,6224,63
2021-07-02,San Bernardino,071,2135413,295534,294294,9115,303409,5003
2021-07-02,San Diego,073,3302833,283970,282692,15540,298232,3780
2021-07-02,San Francisco,075,870044,37389,37107,1337,38444,558
2021-07-02,San Joaquin,077,732212,74441,73841,3691,77532,1409
2021-07-02,San Luis Obispo,079,281455,21522,21330,765,22095,256
2021-07-02,San Mateo,081,765935,42992,42691,494,43185,541
2021-07-02,Santa Barbara,083,443738,34900,34526,1214,35740,456
2021-07-02,Santa Clara,085,1922200,119836,118966,788,119754,2090
2021-07-02,Santa Cruz,087,273765,16360,16254,819,17073,208
2021-07-02,Shasta,089,179085,12679,12582,1663,14245,204
2021-07-02,Sierra,091,2930,63,60,12,72,0
2021-07-02,Siskiyou,093,43540,1973,1899,380,2279,29
2021-07-02,Solano,095,438530,33697,33486,584,34070,268
2021-07-02,Sonoma,097,501317,31233,31000,366,31366,316
2021-07-02,Stanislaus,099,539301,57464,57018,6068,63086,1018
2021-07-02,Sutter,101,95872,9727,9644,90,9734,114
2021-07-02,Tehama,103,63373,5151,5124,594,5718,63
2021-07-02,Trinity,105,12862,494,341,100,441,3
2021-07-02,Tulare,107,460477,50532,49789,9256,59045,853
2021-07-02,Tuolumne,109,53932,4092,4113,41,4154,64
2021-07-02,Ventura,111,848112,82084,81425,3089,84514,1033
2021-07-02,Yolo,113,214977,14246,14188,366,14554,213
2021-07-02,Yuba,115,75493,6259,6197,133,6330,51
2021-07-01,Alameda,001,1643700,90048,89683,2024,91707,1253
2021-07-01,Alpine,003,1148,88,89,0,89,0
2021-07-01,Amador,005,37829,3772,3758,33,3791,46
2021-07-01,Butte,007,227075,12842,12684,1891,14575,201
2021-07-01,Calaveras,009,45235,2219,2200,14,2214,55
2021-07-01,Colusa,011,21464,1976,1969,325,2294,15
2021-07-01,Contra Costa,013,1133247,71490,70941,1339,72280,818
2021-07-01,Del Norte,015,27424,1473,1439,13,1452,8
2021-07-01,El Dorado,017,186661,10535,10433,773,11206,113
2021-07-01,Fresno,019,978130,103723,102512,8843,111355,1727
2021-07-01,Glenn,021,27897,2454,2442,572,3014,20
2021-07-01,Humboldt,023,135768,4568,4530,52,4582,49
2021-07-01,Imperial,025,180216,28833,28661,2862,31523,739
2021-07-01,Inyo,027,18085,1415,1412,12,1424,35
2021-07-01,Kern,029,883053,98098,97421,11233,108654,1347
2021-07-01,Kings,031,150075,23328,23051,1117,24168,245
2021-07-01,Lake,033,64148,3657,3623,13,3636,62
2021-07-01,Lassen,035,31185,5296,5277,117,5394,20
2021-07-01,Los Angeles,037,10098052,1213840,1208705,42373,1251078,24506
2021-07-01,Madera,039,155013,16841,16696,952,17648,240
2021-07-01,Marin,041,260295,14260,14143,268,14411,233
2021-07-01,Mariposa,043,17540,441,441,11,452,5
2021-07-01,Mendocino,045,87422,4219,4122,78,4200,49
2021-07-01,Merced,047,269075,31368,31297,1003,32300,469
2021-07-01,Modoc,049,8938,420,410,149,559,4
2021-07-01,Mono,051,14174,1262,1275,16,1291,3
2021-07-01,Monterey,053,433212,43405,43212,1889,45101,492
2021-07-01,Napa,055,140530,10081,10045,40,10085,81
2021-07-01,Nevada,057,99092,5014,4966,195,5161,72
2021-07-01,Orange,059,3164182,257278,255823,11612,267435,5126
2021-07-01,Placer,061,380077,23982,23764,1578,25342,299
2021-07-01,Plumas,063,18699,724,707,12,719,4
2021-07-01,Riverside,065,2383286,296263,293260,14241,307501,4536
2021-07-01,Sacramento,067,1510023,109116,108257,1891,110148,1676
2021-07-01,San Benito,069,59416,6134,6108,116,6224,63
2021-07-01,San Bernardino,071,2135413,295414,294294,9110,303404,5003
2021-07-01,San Diego,073,3302833,283792,282692,15503,298195,3780
2021-07-01,San Francisco,075,870044,37353,37107,1335,38442,558
2021-07-01,San Joaquin,077,732212,74390,73841,3687,77528,1409
2021-07-01,San Luis Obispo,079,281455,21507,21330,764,22094,256
2021-07-01,San Mateo,081,765935,42964,42691,493,43184,541
2021-07-01,Santa Barbara,083,443738,34887,34526,1214,35740,456
2021-07-01,Santa Clara,085,1922200,119787,118966,788,119754,2090
2021-07-01,Santa Cruz,087,273765,16355,16254,819,17073,208
2021-07-01,Shasta,089,179085,12671,12582,1662,14244,204
2021-07-01,Sierra,091,2930,63,60,12,72,0
2021-07-01,Siskiyou,093,43540,1973,1899,380,2279,29
2021-07-01,Solano,095,438530,33655,33486,583,34069,268
2021-07-01,Sonoma,097,501317,31189,31000,366,31366,316
2021-07-01,Stanislaus,099,539301,57440,57018,6064,63082,1018
2021-07-01,Sutter,101,95872,9718,9644,90,9734,114
2021-07-01,Tehama,103,63373,5151,5124,593,5717,63
2021-07-01,Trinity,105,12862,494,341,100,441,3
2021-07-01,Tulare,107,460477,50523,49789,9249,59038,853
2021-07-01,Tuolumne,109,53932,4085,4113,41,4154,64
2021-07-01,Ventura,111,848112,82053,81425,3078,84503,1033
2021-07-01,Yolo,113,214977,14231,14188,364,14552,213
2021-07-01,Yuba,115,75493,6252,6197,133,6330,51
2021-06-30,Alameda,001,1643700,89967,89597,2019,91616,1256
2021-06-30,Alpine,003,1148,88,89,0,89,0
2021-06-30,Amador,005,37829,3770,3756,33,3789,46
2021-06-30,Butte,007,227075,12835,12676,1882,14558,201
2021-06-30,Calaveras,009,45235,2213,2198,14,2212,55
2021-06-30,Colusa,011,21464,1974,1967,322,2289,15
2021-06-30,Contra Costa,013,1133247,71426,70869,1336,72205,818
2021-06-30,Del Norte,015,27424,1468,1435,13,1448,8
2021-06-30,El Dorado,017,186661,10516,10420,773,11193,113
2021-06-30,Fresno,019,978130,103686,102490,8840,111330,1727
2021-06-30,Glenn,021,27897,2452,2440,572,3012,20
2021-06-30,Humboldt,023,135768,4552,4522,50,4572,49
2021-06-30,Imperial,025,180216,28825,28651,2862,31513,739
2021-06-30,Inyo,027,18085,1415,1409,12,1421,35
2021-06-30,Kern,029,883053,98057,97267,11221,108488,1348
2021-06-30,Kings,031,150075,23323,23038,1116,24154,245
2021-06-30,Lake,033,64148,3644,3601,13,3614,56
2021-06-30,Lassen,035,31185,5291,5269,117,5386,20
2021-06-30,Los Angeles,037,10098052,1213171,1208246,42329,1250575,24499
2021-06-30,Madera,039,155013,16833,16688,950,17638,240
2021-06-30,Marin,041,260295,14251,14133,267,14400,232
2021-06-30,Mariposa,043,17540,440,441,11,452,5
2021-06-30,Mendocino,045,87422,4209,4115,78,4193,49
2021-06-30,Merced,047,269075,31358,31286,1003,32289,469
2021-06-30,Modoc,049,8938,420,410,149,559,4
2021-06-30,Mono,051,14174,1262,1275,16,1291,3
2021-06-30,Monterey,053,433212,43400,43209,1887,45096,492
2021-06-30,Napa,055,140530,10073,10039,40,10079,81
2021-06-30,Nevada,057,99092,5003,4958,195,5153,72
2021-06-30,Orange,059,3164182,257149,255764,11602,267366,5125
2021-06-30,Placer,061,380077,23958,23721,1574,25295,299
2021-06-30,Plumas,063,18699,724,705,12,717,4
2021-06-30,Riverside,065,2383286,296149,293280,14231,307511,4535
2021-06-30,Sacramento,067,1510023,108977,108137,1887,110024,1676
2021-06-30,San Benito,069,59416,6130,6105,116,6221,63
2021-06-30,San Bernardino,071,2135413,295255,294211,9105,303316,4975
2021-06-30,San Diego,073,3302833,283656,282583,15475,298058,3780
2021-06-30,San Francisco,075,870044,37304,37065,1330,38395,558
2021-06-30,San Joaquin,077,732212,74328,73777,3686,77463,1409
2021-06-30,San Luis Obispo,079,281455,21494,21326,763,22089,256
2021-06-30,San Mateo,081,765935,42927,42599,492,43091,537
2021-06-30,Santa Barbara,083,443738,34871,34521,1214,35735,456
2021-06-30,Santa Clara,085,1922200,119740,118930,785,119715,2090
2021-06-30,Santa Cruz,087,273765,16349,16250,819,17069,208
2021-06-30,Shasta,089,179085,12665,12564,1662,14226,204
2021-06-30,Sierra,091,2930,63,60,12,72,0
2021-06-30,Siskiyou,093,43540,1971,1900,377,2277,29
2021-06-30,Solano,095,438530,33616,33453,581,34034,268
2021-06-30,Sonoma,097,501317,31159,30947,366,31313,316
2021-06-30,Stanislaus,099,539301,57418,56997,6063,63060,1018
2021-06-30,Sutter,101,95872,9708,9638,90,9728,114
2021-06-30,Tehama,103,63373,5149,5124,593,5717,63
2021-06-30,Trinity,105,12862,494,341,100,441,3
2021-06-30,Tulare,107,460477,50512,49764,9238,59002,853
2021-06-30,Tuolumne,109,53932,4082,4112,41,4153,64
2021-06-30,Ventura,111,848112,82010,81392,3073,84465,1032
2021-06-30,Yolo,113,214977,14225,14178,361,14539,213
2021-06-30,Yuba,115,75493,6245,6191,133,6324,51
2021-06-29,Alameda,001,1643700,89861,89519,2018,91537,1257
2021-06-29,Alpine,003,1148,88,89,0,89,0
2021-06-29,Amador,005,37829,3766,3754,33,3787,46
2021-06-29,Butte,007,227075,12827,12669,1882,14551,201
2021-06-29,Calaveras,009,45235,2207,2198,14,2212,55
2021-06-29,Colusa,011,21464,1972,1967,322,2289,15
2021-06-29,Contra Costa,013,1133247,71352,70775,1336,72111,817
2021-06-29,Del Norte,015,27424,1467,1435,13,1448,8
2021-06-29,El Dorado,017,186661,10503,10403,769,11172,113
2021-06-29,Fresno,019,978130,103653,102464,8837,111301,1725
2021-06-29,Glenn,021,27897,2451,2439,572,3011,20
2021-06-29,Humboldt,023,135768,4548,4514,49,4563,49
2021-06-29,Imperial,025,180216,28816,28645,2860,31505,737
2021-06-29,Inyo,027,18085,1415,1408,12,1420,35
2021-06-29,Kern,029,883053,98036,97173,11215,108388,1347
2021-06-29,Kings,031,150075,23314,23035,1115,24150,245
2021-06-29,Lake,033,64148,3638,3594,13,3607,56
2021-06-29,Lassen,035,31185,5284,5268,117,5385,20
2021-06-29,Los Angeles,037,10098052,1212562,1207895,42298,1250193,24498
2021-06-29,Madera,039,155013,16829,16680,949,17629,240
2021-06-29,Marin,041,260295,14239,14127,267,14394,232
2021-06-29,Mariposa,043,17540,440,441,11,452,5
2021-06-29,Mendocino,045,87422,4205,4107,77,4184,49
2021-06-29,Merced,047,269075,31346,31277,1003,32280,469
2021-06-29,Modoc,049,8938,419,408,149,557,3
2021-06-29,Mono,051,14174,1262,1275,16,1291,3
2021-06-29,Monterey,053,433212,43390,43196,1885,45081,471
2021-06-29,Napa,055,140530,10067,10033,40,10073,81
2021-06-29,Nevada,057,99092,4996,4952,195,5147,72
2021-06-29,Orange,059,3164182,257049,255686,11587,267273,5124
2021-06-29,Placer,061,380077,23938,23693,1572,25265,299
2021-06-29,Plumas,063,18699,724,704,12,716,4
2021-06-29,Riverside,065,2383286,296050,292962,14224,307186,4524
2021-06-29,Sacramento,067,1510023,108825,108067,1884,109951,1677
2021-06-29,San Benito,069,59416,6119,6099,116,6215,63
2021-06-29,San Bernardino,071,2135413,295142,294118,9103,303221,4940
2021-06-29,San Diego,073,3302833,283501,282499,15448,297947,3780
2021-06-29,San Francisco,075,870044,37266,37041,1327,38368,558
2021-06-29,San Joaquin,077,732212,74280,73724,3683,77407,1409
2021-06-29,San Luis Obispo,079,281455,21484,21324,762,22086,256
2021-06-29,San Mateo,081,765935,42893,42540,492,43032,540
2021-06-29,Santa Barbara,083,443738,34861,34507,1213,35720,455
2021-06-29,Santa Clara,085,1922200,119685,118893,784,119677,2090
2021-06-29,Santa Cruz,087,273765,16343,16249,819,17068,208
2021-06-29,Shasta,089,179085,12653,12564,1661,14225,204
2021-06-29,Sierra,091,2930,63,59,12,71,0
2021-06-29,Siskiyou,093,43540,1968,1897,373,2270,29
2021-06-29,Solano,095,438530,33583,33440,579,34019,268
2021-06-29,Sonoma,097,501317,31117,30950,364,31314,316
2021-06-29,Stanislaus,099,539301,57390,56980,6056,63036,1018
2021-06-29,Sutter,101,95872,9697,9634,90,9724,114
2021-06-29,Tehama,103,63373,5149,5124,593,5717,63
2021-06-29,Trinity,105,12862,494,341,100,441,3
2021-06-29,Tulare,107,460477,50499,49751,9233,58984,852
2021-06-29,Tuolumne,109,53932,4080,4111,41,4152,64
2021-06-29,Ventura,111,848112,81972,81363,3067,84430,1032
2021-06-29,Yolo,113,214977,14213,14171,360,14531,213
2021-06-29,Yuba,115,75493,6235,6188,133,6321,51
2021-06-28,Alameda,001,1643700,89770,89638,2015,91653,1259
2021-06-28,Alpine,003,1148,88,89,0,89,0
2021-06-28,Amador,005,37829,3765,3753,33,3786,46
2021-06-28,Butte,007,227075,12818,12697,1880,14577,198
2021-06-28,Calaveras,009,45235,2204,2203,14,2217,55
2021-06-28,Colusa,011,21464,1970,1974,322,2296,15
2021-06-28,Contra Costa,013,1133247,71278,70807,1334,72141,816
2021-06-28,Del Norte,015,27424,1467,1436,13,1449,8
2021-06-28,El Dorado,017,186661,10493,10422,765,11187,115
2021-06-28,Fresno,019,978130,103623,103121,8835,111956,1727
2021-06-28,Glenn,021,27897,2451,2439,572,3011,20
2021-06-28,Humboldt,023,135768,4541,4520,48,4568,49
2021-06-28,Imperial,025,180216,28808,28981,2859,31840,741
2021-06-28,Inyo,027,18085,1412,1407,12,1419,35
2021-06-28,Kern,029,883053,98017,97252,11210,108462,1348
2021-06-28,Kings,031,150075,23308,23134,1115,24249,246
2021-06-28,Lake,033,64148,3630,3591,13,3604,56
2021-06-28,Lassen,035,31185,5282,5268,117,5385,20
2021-06-28,Los Angeles,037,10098052,1212044,1207714,42262,1249976,24496
2021-06-28,Madera,039,155013,16818,16683,948,17631,240
2021-06-28,Marin,041,260295,14224,14186,267,14453,232
2021-06-28,Mariposa,043,17540,440,440,11,451,5
2021-06-28,Mendocino,045,87422,4196,4102,76,4178,49
2021-06-28,Merced,047,269075,31334,31277,1003,32280,469
2021-06-28,Modoc,049,8938,419,411,148,559,3
2021-06-28,Mono,051,14174,1262,1276,16,1292,3
2021-06-28,Monterey,053,433212,43386,43202,1884,45086,462
2021-06-28,Napa,055,140530,10058,10050,39,10089,81
2021-06-28,Nevada,057,99092,4992,4951,195,5146,72
2021-06-28,Orange,059,3164182,256959,255755,11573,267328,5123
2021-06-28,Placer,061,380077,23918,23756,1567,25323,299
2021-06-28,Plumas,063,18699,722,704,12,716,4
2021-06-28,Riverside,065,2383286,295924,292647,14211,306858,4507
2021-06-28,Sacramento,067,1510023,108693,108342,1879,110221,1675
2021-06-28,San Benito,069,59416,6117,6101,116,6217,63
2021-06-28,San Bernardino,071,2135413,295041,294151,9098,303249,4928
2021-06-28,San Diego,073,3302833,283338,282417,15419,297836,3780
2021-06-28,San Francisco,075,870044,37230,37372,1325,38697,559
2021-06-28,San Joaquin,077,732212,74232,73973,3679,77652,1411
2021-06-28,San Luis Obispo,079,281455,21480,21340,761,22101,256
2021-06-28,San Mateo,081,765935,42859,42927,491,43418,540
2021-06-28,Santa Barbara,083,443738,34854,34534,1211,35745,455
2021-06-28,Santa Clara,085,1922200,119621,120377,783,121160,2103
2021-06-28,Santa Cruz,087,273765,16338,16245,819,17064,208
2021-06-28,Shasta,089,179085,12649,12642,1659,14301,203
2021-06-28,Sierra,091,2930,63,58,12,70,0
2021-06-28,Siskiyou,093,43540,1967,1896,373,2269,29
2021-06-28,Solano,095,438530,33547,33524,577,34101,267
2021-06-28,Sonoma,097,501317,31080,31137,363,31500,315
2021-06-28,Stanislaus,099,539301,57371,57047,6052,63099,1018
2021-06-28,Sutter,101,95872,9693,9682,90,9772,114
2021-06-28,Tehama,103,63373,5147,5122,593,5715,63
2021-06-28,Trinity,105,12862,494,341,100,441,3
2021-06-28,Tulare,107,460477,50489,49751,9229,58980,850
2021-06-28,Tuolumne,109,53932,4073,4121,41,4162,64
2021-06-28,Ventura,111,848112,81915,81393,3062,84455,1032
2021-06-28,Yolo,113,214977,14204,14199,357,14556,213
2021-06-28,Yuba,115,75493,6230,6207,133,6340,51
2021-06-27,Alameda,001,1643700,89683,89611,2011,91622,1259
2021-06-27,Alpine,003,1148,88,89,0,89,0
2021-06-27,Amador,005,37829,3764,3752,33,3785,46
2021-06-27,Butte,007,227075,12809,12696,1879,14575,198
2021-06-27,Calaveras,009,45235,2202,2203,14,2217,55
2021-06-27,Colusa,011,21464,1970,1974,322,2296,15
2021-06-27,Contra Costa,013,1133247,71192,70762,1330,72092,816
2021-06-27,Del Norte,015,27424,1464,1436,13,1449,8
2021-06-27,El Dorado,017,186661,10481,10418,762,11180,115
2021-06-27,Fresno,019,978130,103594,103110,8833,111943,1727
2021-06-27,Glenn,021,27897,2450,2439,571,3010,20
2021-06-27,Humboldt,023,135768,4529,4513,45,4558,49
2021-06-27,Imperial,025,180216,28794,28987,2858,31845,741
2021-06-27,Inyo,027,18085,1412,1407,12,1419,35
2021-06-27,Kern,029,883053,97991,97249,11203,108452,1348
2021-06-27,Kings,031,150075,23298,23132,1115,24247,246
2021-06-27,Lake,033,64148,3623,3581,13,3594,56
2021-06-27,Lassen,035,31185,5281,5265,117,5382,20
2021-06-27,Los Angeles,037,10098052,1211499,1207461,42222,1249683,24493
2021-06-27,Madera,039,155013,16810,16680,948,17628,240
2021-06-27,Marin,041,260295,14215,14182,267,14449,232
2021-06-27,Mariposa,043,17540,440,440,11,451,5
2021-06-27,Mendocino,045,87422,4189,4100,76,4176,49
2021-06-27,Merced,047,269075,31322,31266,1003,32269,469
2021-06-27,Modoc,049,8938,419,411,148,559,3
2021-06-27,Mono,051,14174,1262,1279,16,1295,3
2021-06-27,Monterey,053,433212,43373,43199,1884,45083,462
2021-06-27,Napa,055,140530,10052,10046,39,10085,81
2021-06-27,Nevada,057,99092,4986,4946,195,5141,72
2021-06-27,Orange,059,3164182,256845,255710,11562,267272,5123
2021-06-27,Placer,061,380077,23885,23731,1564,25295,299
2021-06-27,Plumas,063,18699,722,704,12,716,4
2021-06-27,Riverside,065,2383286,295821,292641,14205,306846,4507
2021-06-27,Sacramento,067,1510023,108558,108279,1875,110154,1675
2021-06-27,San Benito,069,59416,6111,6101,116,6217,63
2021-06-27,San Bernardino,071,2135413,294928,294115,9096,303211,4927
2021-06-27,San Diego,073,3302833,283198,282359,15393,297752,3780
2021-06-27,San Francisco,075,870044,37193,37360,1324,38684,559
2021-06-27,San Joaquin,077,732212,74196,73960,3677,77637,1411
2021-06-27,San Luis Obispo,079,281455,21473,21340,760,22100,256
2021-06-27,San Mateo,081,765935,42830,42925,488,43413,539
2021-06-27,Santa Barbara,083,443738,34839,34533,1209,35742,455
2021-06-27,Santa Clara,085,1922200,119570,120352,782,121134,2103
2021-06-27,Santa Cruz,087,273765,16329,16241,819,17060,208
2021-06-27,Shasta,089,179085,12643,12640,1658,14298,203
2021-06-27,Sierra,091,2930,63,58,12,70,0
2021-06-27,Siskiyou,093,43540,1965,1896,372,2268,29
2021-06-27,Solano,095,438530,33519,33516,577,34093,267
2021-06-27,Sonoma,097,501317,31042,31129,363,31492,315
2021-06-27,Stanislaus,099,539301,57324,57021,6049,63070,1018
2021-06-27,Sutter,101,95872,9687,9678,90,9768,114
2021-06-27,Tehama,103,63373,5143,5122,593,5715,63
2021-06-27,Trinity,105,12862,494,341,99,440,3
2021-06-27,Tulare,107,460477,50476,49749,9222,58971,850
2021-06-27,Tuolumne,109,53932,4071,4121,41,4162,64
2021-06-27,Ventura,111,848112,81881,81361,3053,84414,1032
2021-06-27,Yolo,113,214977,14189,14194,353,14547,213
2021-06-27,Yuba,115,75493,6224,6205,133,6338,51
2021-06-26,Alameda,001,1643700,89626,89560,2009,91569,1259
2021-06-26,Alpine,003,1148,88,89,0,89,0
2021-06-26,Amador,005,37829,3764,3748,33,3781,46
2021-06-26,Butte,007,227075,12805,12693,1876,14569,198
2021-06-26,Calaveras,009,45235,2200,2202,14,2216,55
2021-06-26,Colusa,011,21464,1970,1973,322,2295,15
2021-06-26,Contra Costa,013,1133247,71149,70712,1329,72041,816
2021-06-26,Del Norte,015,27424,1463,1432,13,1445,8
2021-06-26,El Dorado,017,186661,10473,10414,761,11175,115
2021-06-26,Fresno,019,978130,103574,103091,8831,111922,1727
2021-06-26,Glenn,021,27897,2448,2441,571,3012,20
2021-06-26,Humboldt,023,135768,4526,4509,45,4554,49
2021-06-26,Imperial,025,180216,28790,28970,2858,31828,741
2021-06-26,Inyo,027,18085,1412,1407,12,1419,35
2021-06-26,Kern,029,883053,97965,97239,11194,108433,1348
2021-06-26,Kings,031,150075,23294,23128,1114,24242,246
2021-06-26,Lake,033,64148,3612,3576,13,3589,56
2021-06-26,Lassen,035,31185,5278,5263,117,5380,20
2021-06-26,Los Angeles,037,10098052,1211195,1207198,42187,1249385,24490
2021-06-26,Madera,039,155013,16803,16679,947,17626,240
2021-06-26,Marin,041,260295,14206,14180,267,14447,232
2021-06-26,Mariposa,043,17540,440,440,11,451,5
2021-06-26,Mendocino,045,87422,4187,4096,76,4172,49
2021-06-26,Merced,047,269075,31316,31259,1002,32261,469
2021-06-26,Modoc,049,8938,419,411,148,559,3
2021-06-26,Mono,051,14174,1262,1279,16,1295,3
2021-06-26,Monterey,053,433212,43370,43192,1884,45076,462
2021-06-26,Napa,055,140530,10046,10043,39,10082,81
2021-06-26,Nevada,057,99092,4981,4939,195,5134,72
2021-06-26,Orange,059,3164182,256766,255640,11555,267195,5123
2021-06-26,Placer,061,380077,23871,23702,1562,25264,299
2021-06-26,Plumas,063,18699,722,704,12,716,4
2021-06-26,Riverside,065,2383286,295763,292480,14199,306679,4505
2021-06-26,Sacramento,067,1510023,108487,108179,1873,110052,1675
2021-06-26,San Benito,069,59416,6107,6100,116,6216,63
2021-06-26,San Bernardino,071,2135413,294833,294034,9091,303125,4928
2021-06-26,San Diego,073,3302833,283113,282263,15375,297638,3780
2021-06-26,San Francisco,075,870044,37161,37348,1323,38671,559
2021-06-26,San Joaquin,077,732212,74167,73928,3676,77604,1411
2021-06-26,San Luis Obispo,079,281455,21472,21330,759,22089,256
2021-06-26,San Mateo,081,765935,42810,42898,488,43386,539
2021-06-26,Santa Barbara,083,443738,34830,34525,1209,35734,455
2021-06-26,Santa Clara,085,1922200,119537,120321,782,121103,2103
2021-06-26,Santa Cruz,087,273765,16326,16239,819,17058,208
2021-06-26,Shasta,089,179085,12639,12635,1654,14289,203
2021-06-26,Sierra,091,2930,63,58,12,70,0
2021-06-26,Siskiyou,093,43540,1964,1896,371,2267,29
2021-06-26,Solano,095,438530,33501,33489,575,34064,267
2021-06-26,Sonoma,097,501317,31016,31088,363,31451,315
2021-06-26,Stanislaus,099,539301,57304,57006,6047,63053,1018
2021-06-26,Sutter,101,95872,9686,9669,90,9759,114
2021-06-26,Tehama,103,63373,5143,5119,593,5712,63
2021-06-26,Trinity,105,12862,494,341,99,440,3
2021-06-26,Tulare,107,460477,50470,49745,9222,58967,850
2021-06-26,Tuolumne,109,53932,4071,4121,41,4162,64
2021-06-26,Ventura,111,848112,81857,81352,3052,84404,1032
2021-06-26,Yolo,113,214977,14181,14184,353,14537,213
2021-06-26,Yuba,115,75493,6221,6200,133,6333,51
2021-06-25,Alameda,001,1643700,89560,89453,2006,91459,1271
2021-06-25,Alpine,003,1148,88,89,0,89,0
2021-06-25,Amador,005,37829,3763,3746,33,3779,46
2021-06-25,Butte,007,227075,12800,12682,1873,14555,198
2021-06-25,Calaveras,009,45235,2199,2201,14,2215,55
2021-06-25,Colusa,011,21464,1970,1972,322,2294,15
2021-06-25,Contra Costa,013,1133247,71113,70659,1329,71988,815
2021-06-25,Del Norte,015,27424,1463,1426,13,1439,8
2021-06-25,El Dorado,017,186661,10465,10406,758,11164,115
2021-06-25,Fresno,019,978130,103556,103073,8827,111900,1727
2021-06-25,Glenn,021,27897,2448,2441,571,3012,20
2021-06-25,Humboldt,023,135768,4520,4503,43,4546,49
2021-06-25,Imperial,025,180216,28787,28968,2858,31826,740
2021-06-25,Inyo,027,18085,1411,1406,12,1418,35
2021-06-25,Kern,029,883053,97946,97182,11190,108372,1347
2021-06-25,Kings,031,150075,23288,23118,1114,24232,246
2021-06-25,Lake,033,64148,3606,3571,13,3584,56
2021-06-25,Lassen,035,31185,5277,5259,117,5376,20
2021-06-25,Los Angeles,037,10098052,1210916,1206909,42168,1249077,24483
2021-06-25,Madera,039,155013,16800,16670,947,17617,240
2021-06-25,Marin,041,260295,14203,14179,267,14446,232
2021-06-25,Mariposa,043,17540,440,440,11,451,5
2021-06-25,Mendocino,045,87422,4184,4089,76,4165,49
2021-06-25,Merced,047,269075,31308,31256,1002,32258,467
2021-06-25,Modoc,049,8938,419,411,148,559,3
2021-06-25,Mono,051,14174,1262,1279,16,1295,3
2021-06-25,Monterey,053,433212,43365,43184,1883,45067,462
2021-06-25,Napa,055,140530,10041,10037,39,10076,81
2021-06-25,Nevada,057,99092,4978,4932,195,5127,72
2021-06-25,Orange,059,3164182,256695,255574,11553,267127,5119
2021-06-25,Placer,061,380077,23852,23672,1561,25233,299
2021-06-25,Plumas,063,18699,722,702,11,713,4
2021-06-25,Riverside,065,2383286,295696,291663,14193,305856,4490
2021-06-25,Sacramento,067,1510023,108415,108034,1870,109904,1673
2021-06-25,San Benito,069,59416,6103,6098,116,6214,63
2021-06-25,San Bernardino,071,2135413,294778,293941,9089,303030,4911
2021-06-25,San Diego,073,3302833,283053,282157,15362,297519,3779
2021-06-25,San Francisco,075,870044,37138,37338,1322,38660,559
2021-06-25,San Joaquin,077,732212,74134,73860,3674,77534,1410
2021-06-25,San Luis Obispo,079,281455,21469,21325,758,22083,256
2021-06-25,San Mateo,081,765935,42792,42849,488,43337,537
2021-06-25,Santa Barbara,083,443738,34822,34518,1208,35726,454
2021-06-25,Santa Clara,085,1922200,119517,120272,782,121054,2103
2021-06-25,Santa Cruz,087,273765,16323,16230,817,17047,208
2021-06-25,Shasta,089,179085,12629,12633,1653,14286,202
2021-06-25,Sierra,091,2930,63,58,12,70,0
2021-06-25,Siskiyou,093,43540,1963,1894,371,2265,29
2021-06-25,Solano,095,438530,33481,33449,575,34024,267
2021-06-25,Sonoma,097,501317,30994,31043,363,31406,314
2021-06-25,Stanislaus,099,539301,57285,56973,6040,63013,1018
2021-06-25,Sutter,101,95872,9679,9664,90,9754,114
2021-06-25,Tehama,103,63373,5142,5119,593,5712,63
2021-06-25,Trinity,105,12862,494,338,99,437,3
2021-06-25,Tulare,107,460477,50463,49731,9219,58950,850
2021-06-25,Tuolumne,109,53932,4070,4121,41,4162,64
2021-06-25,Ventura,111,848112,81828,81342,3046,84388,1032
2021-06-25,Yolo,113,214977,14175,14172,353,14525,213
2021-06-25,Yuba,115,75493,6217,6195,133,6328,51
2021-06-24,Alameda,001,1643700,89489,89358,2003,91361,1268
2021-06-24,Alpine,003,1148,88,89,0,89,0
2021-06-24,Amador,005,37829,3759,3745,33,3778,46
2021-06-24,Butte,007,227075,12794,12673,1871,14544,198
2021-06-24,Calaveras,009,45235,2196,2202,14,2216,55
2021-06-24,Colusa,011,21464,1969,1972,322,2294,15
2021-06-24,Contra Costa,013,1133247,71054,70590,1329,71919,813
2021-06-24,Del Norte,015,27424,1462,1421,13,1434,8
2021-06-24,El Dorado,017,186661,10458,10402,758,11160,115
2021-06-24,Fresno,019,978130,103536,103061,8824,111885,1727
2021-06-24,Glenn,021,27897,2447,2439,571,3010,20
2021-06-24,Humboldt,023,135768,4515,4493,43,4536,49
2021-06-24,Imperial,025,180216,28784,28981,2858,31839,740
2021-06-24,Inyo,027,18085,1410,1406,12,1418,35
2021-06-24,Kern,029,883053,97927,97129,11177,108306,1346
2021-06-24,Kings,031,150075,23284,23114,1112,24226,246
2021-06-24,Lake,033,64148,3600,3571,13,3584,56
2021-06-24,Lassen,035,31185,5276,5258,117,5375,20
2021-06-24,Los Angeles,037,10098052,1210592,1206590,42145,1248735,24480
2021-06-24,Madera,039,155013,16789,16662,946,17608,240
2021-06-24,Marin,041,260295,14199,14180,267,14447,232
2021-06-24,Mariposa,043,17540,440,440,11,451,5
2021-06-24,Mendocino,045,87422,4176,4085,76,4161,49
2021-06-24,Merced,047,269075,31298,31248,1001,32249,466
2021-06-24,Modoc,049,8938,419,411,148,559,3
2021-06-24,Mono,051,14174,1262,1276,16,1292,3
2021-06-24,Monterey,053,433212,43358,43180,1883,45063,451
2021-06-24,Napa,055,140530,10039,10036,39,10075,80
2021-06-24,Nevada,057,99092,4976,4927,195,5122,72
2021-06-24,Orange,059,3164182,256631,255520,11545,267065,5117
2021-06-24,Placer,061,380077,23827,23659,1559,25218,299
2021-06-24,Plumas,063,18699,721,702,11,713,4
2021-06-24,Riverside,065,2383286,295616,291067,14182,305249,4473
2021-06-24,Sacramento,067,1510023,108327,107965,1868,109833,1672
2021-06-24,San Benito,069,59416,6100,6098,116,6214,63
2021-06-24,San Bernardino,071,2135413,294709,293895,9084,302979,4898
2021-06-24,San Diego,073,3302833,282948,282053,15350,297403,3778
2021-06-24,San Francisco,075,870044,37116,37320,1320,38640,559
2021-06-24,San Joaquin,077,732212,74086,73814,3674,77488,1408
2021-06-24,San Luis Obispo,079,281455,21463,21326,758,22084,256
2021-06-24,San Mateo,081,765935,42766,42814,487,43301,542
2021-06-24,Santa Barbara,083,443738,34816,34512,1207,35719,454
2021-06-24,Santa Clara,085,1922200,119487,120274,781,121055,2103
2021-06-24,Santa Cruz,087,273765,16322,16227,817,17044,208
2021-06-24,Shasta,089,179085,12624,12629,1649,14278,202
2021-06-24,Sierra,091,2930,63,58,12,70,0
2021-06-24,Siskiyou,093,43540,1963,1892,371,2263,28
2021-06-24,Solano,095,438530,33459,33432,573,34005,267
2021-06-24,Sonoma,097,501317,30964,31020,363,31383,314
2021-06-24,Stanislaus,099,539301,57253,56946,6040,62986,1018
2021-06-24,Sutter,101,95872,9672,9660,90,9750,113
2021-06-24,Tehama,103,63373,5139,5115,593,5708,63
2021-06-24,Trinity,105,12862,493,338,99,437,3
2021-06-24,Tulare,107,460477,50452,49730,9217,58947,850
2021-06-24,Tuolumne,109,53932,4068,4120,41,4161,64
2021-06-24,Ventura,111,848112,81800,81332,3045,84377,1032
2021-06-24,Yolo,113,214977,14166,14169,350,14519,213
2021-06-24,Yuba,115,75493,6212,6195,133,6328,51
2021-06-23,Alameda,001,1643700,89417,89338,2002,91340,1266
2021-06-23,Alpine,003,1148,88,88,0,88,0
2021-06-23,Amador,005,37829,3757,3743,33,3776,46
2021-06-23,Butte,007,227075,12787,12666,1871,14537,198
2021-06-23,Calaveras,009,45235,2195,2199,14,2213,55
2021-06-23,Colusa,011,21464,1968,1972,322,2294,15
2021-06-23,Contra Costa,013,1133247,70989,70526,1328,71854,813
2021-06-23,Del Norte,015,27424,1458,1418,13,1431,8
2021-06-23,El Dorado,017,186661,10449,10395,755,11150,115
2021-06-23,Fresno,019,978130,103507,103020,8822,111842,1724
2021-06-23,Glenn,021,27897,2447,2437,570,3007,20
2021-06-23,Humboldt,023,135768,4506,4490,43,4533,48
2021-06-23,Imperial,025,180216,28777,28908,2858,31766,740
2021-06-23,Inyo,027,18085,1410,1406,12,1418,35
2021-06-23,Kern,029,883053,97899,97078,11164,108242,1345
2021-06-23,Kings,031,150075,23277,23105,1110,24215,245
2021-06-23,Lake,033,64148,3591,3566,13,3579,53
2021-06-23,Lassen,035,31185,5273,5257,117,5374,20
2021-06-23,Los Angeles,037,10098052,1210255,1206358,42135,1248493,24472
2021-06-23,Madera,039,155013,16783,16660,946,17606,240
2021-06-23,Marin,041,260295,14193,14177,267,14444,230
2021-06-23,Mariposa,043,17540,440,439,11,450,5
2021-06-23,Mendocino,045,87422,4172,4078,76,4154,49
2021-06-23,Merced,047,269075,31289,31260,1001,32261,465
2021-06-23,Modoc,049,8938,417,407,148,555,3
2021-06-23,Mono,051,14174,1262,1279,16,1295,3
2021-06-23,Monterey,053,433212,43349,43166,1883,45049,439
2021-06-23,Napa,055,140530,10030,10032,39,10071,80
2021-06-23,Nevada,057,99092,4973,4924,195,5119,72
2021-06-23,Orange,059,3164182,256565,255479,11537,267016,5116
2021-06-23,Placer,061,380077,23798,23630,1554,25184,299
2021-06-23,Plumas,063,18699,720,701,11,712,4
2021-06-23,Riverside,065,2383286,295533,290343,14180,304523,4462
2021-06-23,Sacramento,067,1510023,108235,107868,1863,109731,1671
2021-06-23,San Benito,069,59416,6096,6097,116,6213,63
2021-06-23,San Bernardino,071,2135413,294630,293816,9079,302895,4886
2021-06-23,San Diego,073,3302833,282848,281937,15329,297266,3777
2021-06-23,San Francisco,075,870044,37092,37304,1319,38623,559
2021-06-23,San Joaquin,077,732212,74047,73764,3672,77436,1405
2021-06-23,San Luis Obispo,079,281455,21459,21323,757,22080,257
2021-06-23,San Mateo,081,765935,42750,42756,487,43243,542
2021-06-23,Santa Barbara,083,443738,34806,34505,1207,35712,454
2021-06-23,Santa Clara,085,1922200,119458,120233,781,121014,2098
2021-06-23,Santa Cruz,087,273765,16318,16215,817,17032,209
2021-06-23,Shasta,089,179085,12617,12604,1647,14251,202
2021-06-23,Sierra,091,2930,63,57,12,69,0
2021-06-23,Siskiyou,093,43540,1961,1892,371,2263,28
2021-06-23,Solano,095,438530,33415,33408,573,33981,267
2021-06-23,Sonoma,097,501317,30924,30959,361,31320,314
2021-06-23,Stanislaus,099,539301,57220,56926,6039,62965,1017
2021-06-23,Sutter,101,95872,9666,9653,90,9743,113
2021-06-23,Tehama,103,63373,5139,5119,592,5711,63
2021-06-23,Trinity,105,12862,493,338,99,437,3
2021-06-23,Tulare,107,460477,50445,49711,9213,58924,850
2021-06-23,Tuolumne,109,53932,4065,4120,41,4161,64
2021-06-23,Ventura,111,848112,81777,81312,3042,84354,1032
2021-06-23,Yolo,113,214977,14156,14161,350,14511,212
2021-06-23,Yuba,115,75493,6209,6190,133,6323,51
2021-06-22,Alameda,001,1643700,89350,89308,2002,91310,1263
2021-06-22,Alpine,003,1148,88,88,0,88,0
2021-06-22,Amador,005,37829,3754,3743,33,3776,46
2021-06-22,Butte,007,227075,12783,12662,1868,14530,198
2021-06-22,Calaveras,009,45235,2194,2198,14,2212,55
2021-06-22,Colusa,011,21464,1967,1971,322,2293,15
2021-06-22,Contra Costa,013,1133247,70932,70480,1327,71807,813
2021-06-22,Del Norte,015,27424,1455,1417,13,1430,8
2021-06-22,El Dorado,017,186661,10444,10380,754,11134,113
2021-06-22,Fresno,019,978130,103488,102996,8818,111814,1724
2021-06-22,Glenn,021,27897,2446,2435,568,3003,19
2021-06-22,Humboldt,023,135768,4496,4483,43,4526,42
2021-06-22,Imperial,025,180216,28772,28880,2858,31738,740
2021-06-22,Inyo,027,18085,1410,1405,12,1417,35
2021-06-22,Kern,029,883053,97886,97013,11160,108173,1342
2021-06-22,Kings,031,150075,23269,23098,1109,24207,245
2021-06-22,Lake,033,64148,3589,3564,13,3577,45
2021-06-22,Lassen,035,31185,5268,5254,117,5371,20
2021-06-22,Los Angeles,037,10098052,1209941,1206146,42123,1248269,24461
2021-06-22,Madera,039,155013,16778,16652,946,17598,240
2021-06-22,Marin,041,260295,14191,14174,267,14441,230
2021-06-22,Mariposa,043,17540,440,439,11,450,5
2021-06-22,Mendocino,045,87422,4166,4072,76,4148,49
2021-06-22,Merced,047,269075,31278,31267,1001,32268,464
2021-06-22,Modoc,049,8938,415,405,147,552,3
2021-06-22,Mono,051,14174,1262,1277,16,1293,3
2021-06-22,Monterey,053,433212,43346,43162,1882,45044,427
2021-06-22,Napa,055,140530,10025,10029,39,10068,80
2021-06-22,Nevada,057,99092,4967,4923,195,5118,72
2021-06-22,Orange,059,3164182,256496,255452,11526,266978,5114
2021-06-22,Placer,061,380077,23776,23603,1554,25157,299
2021-06-22,Plumas,063,18699,720,697,11,708,4
2021-06-22,Riverside,065,2383286,295472,289839,14176,304015,4456
2021-06-22,Sacramento,067,1510023,108134,107801,1858,109659,1670
2021-06-22,San Benito,069,59416,6095,6098,116,6214,63
2021-06-22,San Bernardino,071,2135413,294555,293770,9073,302843,4873
2021-06-22,San Diego,073,3302833,282744,281867,15306,297173,3771
2021-06-22,San Francisco,075,870044,37078,37287,1319,38606,556
2021-06-22,San Joaquin,077,732212,74017,73723,3670,77393,1405
2021-06-22,San Luis Obispo,079,281455,21456,21321,756,22077,257
2021-06-22,San Mateo,081,765935,42736,42725,482,43207,542
2021-06-22,Santa Barbara,083,443738,34795,34500,1206,35706,454
2021-06-22,Santa Clara,085,1922200,119426,120194,781,120975,2095
2021-06-22,Santa Cruz,087,273765,16313,16218,817,17035,209
2021-06-22,Shasta,089,179085,12606,12616,1644,14260,202
2021-06-22,Sierra,091,2930,62,57,12,69,0
2021-06-22,Siskiyou,093,43540,1961,1892,371,2263,28
2021-06-22,Solano,095,438530,33397,33397,572,33969,267
2021-06-22,Sonoma,097,501317,30884,30933,361,31294,314
2021-06-22,Stanislaus,099,539301,57200,56915,6037,62952,1017
2021-06-22,Sutter,101,95872,9659,9649,90,9739,113
2021-06-22,Tehama,103,63373,5137,5118,591,5709,63
2021-06-22,Trinity,105,12862,491,337,99,436,3
2021-06-22,Tulare,107,460477,50436,49706,9208,58914,850
2021-06-22,Tuolumne,109,53932,4063,4119,41,4160,64
2021-06-22,Ventura,111,848112,81763,81300,3041,84341,1032
2021-06-22,Yolo,113,214977,14151,14157,348,14505,212
2021-06-22,Yuba,115,75493,6205,6181,133,6314,51
2021-06-21,Alameda,001,1643700,89292,89281,2001,91282,1262
2021-06-21,Alpine,003,1148,88,88,0,88,0
2021-06-21,Amador,005,37829,3748,3742,33,3775,46
2021-06-21,Butte,007,227075,12777,12668,1866,14534,195
2021-06-21,Calaveras,009,45235,2192,2194,14,2208,55
2021-06-21,Colusa,011,21464,1966,1970,321,2291,15
2021-06-21,Contra Costa,013,1133247,70861,70439,1325,71764,813
2021-06-21,Del Norte,015,27424,1451,1416,13,1429,8
2021-06-21,El Dorado,017,186661,10438,10375,753,11128,113
2021-06-21,Fresno,019,978130,103468,102971,8815,111786,1724
2021-06-21,Glenn,021,27897,2445,2433,568,3001,19
2021-06-21,Humboldt,023,135768,4487,4478,42,4520,42
2021-06-21,Imperial,025,180216,28768,28855,2858,31713,740
2021-06-21,Inyo,027,18085,1409,1405,12,1417,35
2021-06-21,Kern,029,883053,97857,96995,11151,108146,1342
2021-06-21,Kings,031,150075,23262,23091,1106,24197,245
2021-06-21,Lake,033,64148,3583,3563,13,3576,45
2021-06-21,Lassen,035,31185,5266,5233,117,5350,19
2021-06-21,Los Angeles,037,10098052,1209649,1205994,42102,1248096,24459
2021-06-21,Madera,039,155013,16769,16647,946,17593,240
2021-06-21,Marin,041,260295,14187,14173,267,14440,230
2021-06-21,Mariposa,043,17540,440,439,11,450,5
2021-06-21,Mendocino,045,87422,4163,4085,76,4161,49
2021-06-21,Merced,047,269075,31268,31264,1000,32264,465
2021-06-21,Modoc,049,8938,415,405,147,552,3
2021-06-21,Mono,051,14174,1262,1277,16,1293,3
2021-06-21,Monterey,053,433212,43343,43157,1882,45039,427
2021-06-21,Napa,055,140530,10021,10028,39,10067,80
2021-06-21,Nevada,057,99092,4963,4921,195,5116,72
2021-06-21,Orange,059,3164182,256424,255400,11519,266919,5113
2021-06-21,Placer,061,380077,23751,23577,1554,25131,298
2021-06-21,Plumas,063,18699,718,697,11,708,4
2021-06-21,Riverside,065,2383286,295396,289797,14171,303968,4456
2021-06-21,Sacramento,067,1510023,108022,107757,1857,109614,1669
2021-06-21,San Benito,069,59416,6091,6098,116,6214,63
2021-06-21,San Bernardino,071,2135413,294468,293736,9069,302805,4850
2021-06-21,San Diego,073,3302833,282638,281811,15286,297097,3771
2021-06-21,San Francisco,075,870044,37061,37275,1318,38593,556
2021-06-21,San Joaquin,077,732212,73976,73687,3669,77356,1405
2021-06-21,San Luis Obispo,079,281455,21447,21316,756,22072,257
2021-06-21,San Mateo,081,765935,42719,42685,481,43166,542
2021-06-21,Santa Barbara,083,443738,34790,34492,1206,35698,455
2021-06-21,Santa Clara,085,1922200,119393,120192,780,120972,2093
2021-06-21,Santa Cruz,087,273765,16311,16212,817,17029,208
2021-06-21,Shasta,089,179085,12593,12617,1641,14258,201
2021-06-21,Sierra,091,2930,62,57,12,69,0
2021-06-21,Siskiyou,093,43540,1961,1892,371,2263,27
2021-06-21,Solano,095,438530,33374,33383,571,33954,266
2021-06-21,Sonoma,097,501317,30861,30912,361,31273,314
2021-06-21,Stanislaus,099,539301,57170,56891,6032,62923,1017
2021-06-21,Sutter,101,95872,9656,9649,90,9739,113
2021-06-21,Tehama,103,63373,5137,5115,590,5705,63
2021-06-21,Trinity,105,12862,491,337,99,436,3
2021-06-21,Tulare,107,460477,50425,49689,9204,58893,849
2021-06-21,Tuolumne,109,53932,4059,4119,41,4160,63
2021-06-21,Ventura,111,848112,81735,81291,3037,84328,1031
2021-06-21,Yolo,113,214977,14145,14165,348,14513,212
2021-06-21,Yuba,115,75493,6204,6172,133,6305,51
2021-06-20,Alameda,001,1643700,89226,89255,2000,91255,1263
2021-06-20,Alpine,003,1148,88,88,0,88,0
2021-06-20,Amador,005,37829,3745,3740,33,3773,46
2021-06-20,Butte,007,227075,12770,12668,1865,14533,194
2021-06-20,Calaveras,009,45235,2191,2193,14,2207,55
2021-06-20,Colusa,011,21464,1966,1970,321,2291,15
2021-06-20,Contra Costa,013,1133247,70805,70401,1323,71724,813
2021-06-20,Del Norte,015,27424,1447,1416,13,1429,8
2021-06-20,El Dorado,017,186661,10424,10372,751,11123,113
2021-06-20,Fresno,019,978130,103427,102947,8812,111759,1724
2021-06-20,Glenn,021,27897,2445,2434,568,3002,19
2021-06-20,Humboldt,023,135768,4481,4472,42,4514,42
2021-06-20,Imperial,025,180216,28759,28855,2857,31712,740
2021-06-20,Inyo,027,18085,1408,1405,12,1417,35
2021-06-20,Kern,029,883053,97836,96985,11140,108125,1342
2021-06-20,Kings,031,150075,23257,23088,1104,24192,245
2021-06-20,Lake,033,64148,3581,3563,13,3576,45
2021-06-20,Lassen,035,31185,5263,5230,117,5347,19
2021-06-20,Los Angeles,037,10098052,1209350,1205874,42094,1247968,24456
2021-06-20,Madera,039,155013,16761,16638,944,17582,240
2021-06-20,Marin,041,260295,14184,14166,267,14433,230
2021-06-20,Mariposa,043,17540,438,439,11,450,5
2021-06-20,Mendocino,045,87422,4156,4080,76,4156,49
2021-06-20,Merced,047,269075,31255,31265,1000,32265,465
2021-06-20,Modoc,049,8938,415,405,147,552,3
2021-06-20,Mono,051,14174,1262,1275,16,1291,3
2021-06-20,Monterey,053,433212,43334,43156,1881,45037,427
2021-06-20,Napa,055,140530,10014,10026,38,10064,80
2021-06-20,Nevada,057,99092,4956,4919,195,5114,72
2021-06-20,Orange,059,3164182,256360,255377,11508,266885,5113
2021-06-20,Placer,061,380077,23718,23562,1550,25112,298
2021-06-20,Plumas,063,18699,717,697,11,708,4
2021-06-20,Riverside,065,2383286,295317,289770,14160,303930,4456
2021-06-20,Sacramento,067,1510023,107911,107700,1854,109554,1669
2021-06-20,San Benito,069,59416,6091,6098,116,6214,63
2021-06-20,San Bernardino,071,2135413,294368,293713,9065,302778,4845
2021-06-20,San Diego,073,3302833,282532,281750,15264,297014,3771
2021-06-20,San Francisco,075,870044,37039,37269,1318,38587,556
2021-06-20,San Joaquin,077,732212,73931,73676,3660,77336,1405
2021-06-20,San Luis Obispo,079,281455,21445,21313,756,22069,257
2021-06-20,San Mateo,081,765935,42690,42681,481,43162,542
2021-06-20,Santa Barbara,083,443738,34781,34487,1206,35693,455
2021-06-20,Santa Clara,085,1922200,119358,120163,780,120943,2093
2021-06-20,Santa Cruz,087,273765,16306,16210,817,17027,208
2021-06-20,Shasta,089,179085,12588,12617,1639,14256,201
2021-06-20,Sierra,091,2930,62,57,12,69,0
2021-06-20,Siskiyou,093,43540,1960,1891,371,2262,27
2021-06-20,Solano,095,438530,33352,33361,569,33930,266
2021-06-20,Sonoma,097,501317,30814,30884,358,31242,314
2021-06-20,Stanislaus,099,539301,57136,56868,6031,62899,1017
2021-06-20,Sutter,101,95872,9653,9645,90,9735,113
2021-06-20,Tehama,103,63373,5133,5115,590,5705,63
2021-06-20,Trinity,105,12862,491,337,99,436,3
2021-06-20,Tulare,107,460477,50416,49685,9202,58887,849
2021-06-20,Tuolumne,109,53932,4056,4117,41,4158,63
2021-06-20,Ventura,111,848112,81719,81282,3035,84317,1031
2021-06-20,Yolo,113,214977,14138,14160,348,14508,212
2021-06-20,Yuba,115,75493,6197,6167,133,6300,51
2021-06-19,Alameda,001,1643700,89191,89202,2000,91202,1263
2021-06-19,Alpine,003,1148,88,88,0,88,0
2021-06-19,Amador,005,37829,3743,3739,33,3772,46
2021-06-19,Butte,007,227075,12766,12659,1865,14524,194
2021-06-19,Calaveras,009,45235,2191,2192,14,2206,55
2021-06-19,Colusa,011,21464,1966,1969,321,2290,15
2021-06-19,Contra Costa,013,1133247,70774,70334,1322,71656,813
2021-06-19,Del Norte,015,27424,1446,1416,13,1429,8
2021-06-19,El Dorado,017,186661,10423,10363,750,11113,113
2021-06-19,Fresno,019,978130,103414,102922,8809,111731,1724
2021-06-19,Glenn,021,27897,2444,2434,567,3001,19
2021-06-19,Humboldt,023,135768,4470,4463,42,4505,42
2021-06-19,Imperial,025,180216,28758,28813,2857,31670,740
2021-06-19,Inyo,027,18085,1408,1405,12,1417,35
2021-06-19,Kern,029,883053,97820,96966,11136,108102,1342
2021-06-19,Kings,031,150075,23254,23086,1104,24190,245
2021-06-19,Lake,033,64148,3577,3563,13,3576,45
2021-06-19,Lassen,035,31185,5262,5225,117,5342,19
2021-06-19,Los Angeles,037,10098052,1209150,1205602,42079,1247681,24454
2021-06-19,Madera,039,155013,16759,16632,944,17576,240
2021-06-19,Marin,041,260295,14176,14152,267,14419,230
2021-06-19,Mariposa,043,17540,438,439,11,450,5
2021-06-19,Mendocino,045,87422,4150,4077,76,4153,49
2021-06-19,Merced,047,269075,31253,31256,1000,32256,465
2021-06-19,Modoc,049,8938,414,402,147,549,3
2021-06-19,Mono,051,14174,1262,1275,16,1291,3
2021-06-19,Monterey,053,433212,43328,43153,1881,45034,427
2021-06-19,Napa,055,140530,10010,10025,38,10063,80
2021-06-19,Nevada,057,99092,4951,4910,195,5105,72
2021-06-19,Orange,059,3164182,256313,255329,11505,266834,5112
2021-06-19,Placer,061,380077,23702,23537,1547,25084,298
2021-06-19,Plumas,063,18699,716,697,11,708,4
2021-06-19,Riverside,065,2383286,295271,289720,14160,303880,4456
2021-06-19,Sacramento,067,1510023,107865,107631,1851,109482,1669
2021-06-19,San Benito,069,59416,6090,6098,116,6214,63
2021-06-19,San Bernardino,071,2135413,294324,293673,9062,302735,4844
2021-06-19,San Diego,073,3302833,282472,281682,15250,296932,3771
2021-06-19,San Francisco,075,870044,37026,37256,1318,38574,556
2021-06-19,San Joaquin,077,732212,73915,73652,3656,77308,1405
2021-06-19,San Luis Obispo,079,281455,21443,21308,756,22064,257
2021-06-19,San Mateo,081,765935,42672,42646,479,43125,542
2021-06-19,Santa Barbara,083,443738,34779,34472,1206,35678,455
2021-06-19,Santa Clara,085,1922200,119334,120110,779,120889,2093
2021-06-19,Santa Cruz,087,273765,16301,16206,817,17023,208
2021-06-19,Shasta,089,179085,12586,12615,1638,14253,201
2021-06-19,Sierra,091,2930,62,57,12,69,0
2021-06-19,Siskiyou,093,43540,1960,1891,370,2261,27
2021-06-19,Solano,095,438530,33342,33341,568,33909,266
2021-06-19,Sonoma,097,501317,30773,30841,357,31198,314
2021-06-19,Stanislaus,099,539301,57117,56847,6028,62875,1017
2021-06-19,Sutter,101,95872,9650,9645,90,9735,113
2021-06-19,Tehama,103,63373,5132,5115,590,5705,63
2021-06-19,Trinity,105,12862,491,337,99,436,3
2021-06-19,Tulare,107,460477,50409,49681,9197,58878,849
2021-06-19,Tuolumne,109,53932,4056,4117,41,4158,63
2021-06-19,Ventura,111,848112,81706,81270,3034,84304,1031
2021-06-19,Yolo,113,214977,14134,14156,347,14503,212
2021-06-19,Yuba,115,75493,6196,6157,133,6290,51
2021-06-18,Alameda,001,1643700,89154,89123,2000,91123,1263
2021-06-18,Alpine,003,1148,88,88,0,88,0
2021-06-18,Amador,005,37829,3743,3739,33,3772,46
2021-06-18,Butte,007,227075,12763,12653,1862,14515,194
2021-06-18,Calaveras,009,45235,2191,2191,14,2205,55
2021-06-18,Colusa,011,21464,1965,1969,321,2290,15
2021-06-18,Contra Costa,013,1133247,70732,70271,1320,71591,813
2021-06-18,Del Norte,015,27424,1446,1415,13,1428,8
2021-06-18,El Dorado,017,186661,10420,10348,748,11096,113
2021-06-18,Fresno,019,978130,103398,102894,8807,111701,1722
2021-06-18,Glenn,021,27897,2443,2430,567,2997,19
2021-06-18,Humboldt,023,135768,4462,4450,42,4492,42
2021-06-18,Imperial,025,180216,28756,28809,2857,31666,740
2021-06-18,Inyo,027,18085,1408,1405,12,1417,35
2021-06-18,Kern,029,883053,97809,96948,11130,108078,1341
2021-06-18,Kings,031,150075,23249,23082,1104,24186,245
2021-06-18,Lake,033,64148,3573,3563,13,3576,45
2021-06-18,Lassen,035,31185,5261,5224,117,5341,19
2021-06-18,Los Angeles,037,10098052,1208993,1205472,42062,1247534,24451
2021-06-18,Madera,039,155013,16753,16625,944,17569,241
2021-06-18,Marin,041,260295,14173,14147,267,14414,230
2021-06-18,Mariposa,043,17540,438,439,11,450,5
2021-06-18,Mendocino,045,87422,4145,4068,76,4144,49
2021-06-18,Merced,047,269075,31251,31262,1000,32262,464
2021-06-18,Modoc,049,8938,414,402,147,549,3
2021-06-18,Mono,051,14174,1261,1275,15,1290,3
2021-06-18,Monterey,053,433212,43325,43148,1881,45029,427
2021-06-18,Napa,055,140530,10006,10021,38,10059,80
2021-06-18,Nevada,057,99092,4943,4903,195,5098,72
2021-06-18,Orange,059,3164182,256276,255274,11502,266776,5108
2021-06-18,Placer,061,380077,23694,23500,1544,25044,298
2021-06-18,Plumas,063,18699,716,697,11,708,4
2021-06-18,Riverside,065,2383286,295223,289676,14159,303835,4457
2021-06-18,Sacramento,067,1510023,107817,107570,1851,109421,1669
2021-06-18,San Benito,069,59416,6089,6097,116,6213,63
2021-06-18,San Bernardino,071,2135413,294279,293629,9058,302687,4826
2021-06-18,San Diego,073,3302833,282396,281608,15239,296847,3771
2021-06-18,San Francisco,075,870044,37017,37246,1318,38564,556
2021-06-18,San Joaquin,077,732212,73897,73623,3654,77277,1403
2021-06-18,San Luis Obispo,079,281455,21439,21301,755,22056,257
2021-06-18,San Mateo,081,765935,42661,42630,478,43108,542
2021-06-18,Santa Barbara,083,443738,34769,34469,1206,35675,455
2021-06-18,Santa Clara,085,1922200,119313,120081,778,120859,2093
2021-06-18,Santa Cruz,087,273765,16297,16202,817,17019,208
2021-06-18,Shasta,089,179085,12582,12607,1636,14243,201
2021-06-18,Sierra,091,2930,61,57,12,69,0
2021-06-18,Siskiyou,093,43540,1960,1890,370,2260,27
2021-06-18,Solano,095,438530,33328,33323,568,33891,266
2021-06-18,Sonoma,097,501317,30755,30816,356,31172,313
2021-06-18,Stanislaus,099,539301,57102,56803,6026,62829,1012
2021-06-18,Sutter,101,95872,9647,9643,90,9733,113
2021-06-18,Tehama,103,63373,5130,5114,590,5704,63
2021-06-18,Trinity,105,12862,491,337,98,435,3
2021-06-18,Tulare,107,460477,50407,49664,9190,58854,849
2021-06-18,Tuolumne,109,53932,4054,4116,41,4157,63
2021-06-18,Ventura,111,848112,81696,81256,3029,84285,1031
2021-06-18,Yolo,113,214977,14131,14148,345,14493,212
2021-06-18,Yuba,115,75493,6190,6150,133,6283,51
2021-06-17,Alameda,001,1643700,89107,89087,2000,91087,1262
2021-06-17,Alpine,003,1148,88,88,0,88,0
2021-06-17,Amador,005,37829,3741,3731,33,3764,46
2021-06-17,Butte,007,227075,12753,12644,1861,14505,194
2021-06-17,Calaveras,009,45235,2190,2189,14,2203,55
2021-06-17,Colusa,011,21464,1964,1969,321,2290,15
2021-06-17,Contra Costa,013,1133247,70693,70190,1317,71507,810
2021-06-17,Del Norte,015,27424,1444,1413,13,1426,8
2021-06-17,El Dorado,017,186661,10410,10341,748,11089,113
2021-06-17,Fresno,019,978130,103372,102867,8803,111670,1722
2021-06-17,Glenn,021,27897,2443,2430,567,2997,19
2021-06-17,Humboldt,023,135768,4453,4438,42,4480,42
2021-06-17,Imperial,025,180216,28748,28801,2857,31658,741
2021-06-17,Inyo,027,18085,1408,1405,12,1417,35
2021-06-17,Kern,029,883053,97794,96840,11124,107964,1340
2021-06-17,Kings,031,150075,23245,23078,1103,24181,245
2021-06-17,Lake,033,64148,3570,3563,9,3572,45
2021-06-17,Lassen,035,31185,5257,5223,117,5340,19
2021-06-17,Los Angeles,037,10098052,1208782,1205301,42033,1247334,24444
2021-06-17,Madera,039,155013,16748,16618,944,17562,241
2021-06-17,Marin,041,260295,14173,14141,267,14408,229
2021-06-17,Mariposa,043,17540,438,439,11,450,5
2021-06-17,Mendocino,045,87422,4138,4054,76,4130,49
2021-06-17,Merced,047,269075,31246,31262,1000,32262,464
2021-06-17,Modoc,049,8938,413,401,147,548,3
2021-06-17,Mono,051,14174,1260,1275,15,1290,3
2021-06-17,Monterey,053,433212,43317,43140,1881,45021,416
2021-06-17,Napa,055,140530,10006,10014,38,10052,80
2021-06-17,Nevada,057,99092,4939,4898,195,5093,72
2021-06-17,Orange,059,3164182,256230,255240,11491,266731,5109
2021-06-17,Placer,061,380077,23678,23461,1542,25003,298
2021-06-17,Plumas,063,18699,715,697,11,708,4
2021-06-17,Riverside,065,2383286,295169,289627,14157,303784,4458
2021-06-17,Sacramento,067,1510023,107753,107492,1849,109341,1666
2021-06-17,San Benito,069,59416,6089,6097,116,6213,63
2021-06-17,San Bernardino,071,2135413,294239,293560,9058,302618,4811
2021-06-17,San Diego,073,3302833,282320,281531,15225,296756,3771
2021-06-17,San Francisco,075,870044,37006,37243,1317,38560,556
2021-06-17,San Joaquin,077,732212,73874,73560,3649,77209,1403
2021-06-17,San Luis Obispo,079,281455,21437,21297,755,22052,257
2021-06-17,San Mateo,081,765935,42655,42615,478,43093,542
2021-06-17,Santa Barbara,083,443738,34763,34466,1206,35672,453
2021-06-17,Santa Clara,085,1922200,119288,120032,777,120809,2093
2021-06-17,Santa Cruz,087,273765,16293,16197,817,17014,208
2021-06-17,Shasta,089,179085,12574,12597,1636,14233,201
2021-06-17,Sierra,091,2930,61,56,12,68,0
2021-06-17,Siskiyou,093,43540,1959,1889,370,2259,27
2021-06-17,Solano,095,438530,33307,33296,567,33863,266
2021-06-17,Sonoma,097,501317,30724,30793,356,31149,323
2021-06-17,Stanislaus,099,539301,57071,56752,6021,62773,1012
2021-06-17,Sutter,101,95872,9644,9629,90,9719,113
2021-06-17,Tehama,103,63373,5129,5112,588,5700,63
2021-06-17,Trinity,105,12862,490,337,98,435,3
2021-06-17,Tulare,107,460477,50402,49649,9182,58831,849
2021-06-17,Tuolumne,109,53932,4053,4116,41,4157,63
2021-06-17,Ventura,111,848112,81687,81248,3026,84274,1030
2021-06-17,Yolo,113,214977,14123,14141,345,14486,212
2021-06-17,Yuba,115,75493,6181,6140,133,6273,51
2021-06-16,Alameda,001,1643700,89058,89045,1999,91044,1265
2021-06-16,Alpine,003,1148,88,88,0,88,0
2021-06-16,Amador,005,37829,3740,3730,33,3763,46
2021-06-16,Butte,007,227075,12751,12635,1859,14494,194
2021-06-16,Calaveras,009,45235,2188,2188,14,2202,55
2021-06-16,Colusa,011,21464,1964,1967,321,2288,15
2021-06-16,Contra Costa,013,1133247,70641,70136,1316,71452,810
2021-06-16,Del Norte,015,27424,1441,1413,13,1426,8
2021-06-16,El Dorado,017,186661,10404,10334,747,11081,113
2021-06-16,Fresno,019,978130,103342,102842,8799,111641,1722
2021-06-16,Glenn,021,27897,2443,2430,567,2997,19
2021-06-16,Humboldt,023,135768,4444,4427,41,4468,42
2021-06-16,Imperial,025,180216,28745,28796,2857,31653,741
2021-06-16,Inyo,027,18085,1407,1405,12,1417,35
2021-06-16,Kern,029,883053,97772,96789,11116,107905,1339
2021-06-16,Kings,031,150075,23244,23072,1102,24174,245
2021-06-16,Lake,033,64148,3570,3562,9,3571,45
2021-06-16,Lassen,035,31185,5254,5216,117,5333,19
2021-06-16,Los Angeles,037,10098052,1208559,1205102,42022,1247124,24439
2021-06-16,Madera,039,155013,16744,16603,944,17547,240
2021-06-16,Marin,041,260295,14171,14137,267,14404,229
2021-06-16,Mariposa,043,17540,438,437,11,448,5
2021-06-16,Mendocino,045,87422,4130,4041,76,4117,49
2021-06-16,Merced,047,269075,31238,31250,1000,32250,463
2021-06-16,Modoc,049,8938,412,383,146,529,3
2021-06-16,Mono,051,14174,1260,1275,15,1290,3
2021-06-16,Monterey,053,433212,43314,43122,1881,45003,416
2021-06-16,Napa,055,140530,10002,10011,38,10049,80
2021-06-16,Nevada,057,99092,4934,4894,195,5089,72
2021-06-16,Orange,059,3164182,256177,255188,11484,266672,5109
2021-06-16,Placer,061,380077,23668,23425,1538,24963,298
2021-06-16,Plumas,063,18699,715,697,11,708,4
2021-06-16,Riverside,065,2383286,295108,289539,14155,303694,4457
2021-06-16,Sacramento,067,1510023,107683,107422,1845,109267,1665
2021-06-16,San Benito,069,59416,6089,6090,116,6206,63
2021-06-16,San Bernardino,071,2135413,294190,293499,9056,302555,4797
2021-06-16,San Diego,073,3302833,282242,281423,15212,296635,3770
2021-06-16,San Francisco,075,870044,36993,37222,1315,38537,555
2021-06-16,San Joaquin,077,732212,73837,73530,3645,77175,1399
2021-06-16,San Luis Obispo,079,281455,21432,21294,755,22049,257
2021-06-16,San Mateo,081,765935,42639,42601,478,43079,542
2021-06-16,Santa Barbara,083,443738,34757,34459,1206,35665,460
2021-06-16,Santa Clara,085,1922200,119256,119982,777,120759,2087
2021-06-16,Santa Cruz,087,273765,16290,16187,817,17004,208
2021-06-16,Shasta,089,179085,12569,12592,1635,14227,200
2021-06-16,Sierra,091,2930,61,56,12,68,0
2021-06-16,Siskiyou,093,43540,1958,1886,370,2256,26
2021-06-16,Solano,095,438530,33279,33276,567,33843,266
2021-06-16,Sonoma,097,501317,30688,30741,356,31097,323
2021-06-16,Stanislaus,099,539301,57040,56738,6019,62757,984
2021-06-16,Sutter,101,95872,9640,9620,90,9710,113
2021-06-16,Tehama,103,63373,5127,5106,588,5694,63
2021-06-16,Trinity,105,12862,489,332,98,430,3
2021-06-16,Tulare,107,460477,50397,49578,9178,58756,849
2021-06-16,Tuolumne,109,53932,4053,4110,41,4151,63
2021-06-16,Ventura,111,848112,81673,81229,3024,84253,1029
2021-06-16,Yolo,113,214977,14114,14135,344,14479,212
2021-06-16,Yuba,115,75493,6171,6134,133,6267,51
2021-06-15,Alameda,001,1643700,89015,89008,1999,91007,1262
2021-06-15,Alpine,003,1148,88,88,0,88,0
2021-06-15,Amador,005,37829,3737,3723,33,3756,46
2021-06-15,Butte,007,227075,12743,12620,1858,14478,194
2021-06-15,Calaveras,009,45235,2187,2188,14,2202,55
2021-06-15,Colusa,011,21464,1964,1967,319,2286,15
2021-06-15,Contra Costa,013,1133247,70579,70101,1316,71417,810
2021-06-15,Del Norte,015,27424,1440,1411,13,1424,8
2021-06-15,El Dorado,017,186661,10395,10330,747,11077,113
2021-06-15,Fresno,019,978130,103311,102828,8798,111626,1722
2021-06-15,Glenn,021,27897,2442,2426,567,2993,19
2021-06-15,Humboldt,023,135768,4435,4414,40,4454,42
2021-06-15,Imperial,025,180216,28739,28789,2857,31646,741
2021-06-15,Inyo,027,18085,1407,1405,12,1417,35
2021-06-15,Kern,029,883053,97744,96782,11108,107890,1338
2021-06-15,Kings,031,150075,23238,23070,1100,24170,245
2021-06-15,Lake,033,64148,3569,3559,9,3568,45
2021-06-15,Lassen,035,31185,5253,5211,117,5328,19
2021-06-15,Los Angeles,037,10098052,1208327,1204926,42014,1246940,24435
2021-06-15,Madera,039,155013,16737,16600,943,17543,240
2021-06-15,Marin,041,260295,14163,14135,267,14402,229
2021-06-15,Mariposa,043,17540,438,437,11,448,5
2021-06-15,Mendocino,045,87422,4123,4034,76,4110,49
2021-06-15,Merced,047,269075,31232,31244,1000,32244,461
2021-06-15,Modoc,049,8938,411,383,146,529,3
2021-06-15,Mono,051,14174,1260,1275,15,1290,3
2021-06-15,Monterey,053,433212,43308,43118,1881,44999,416
2021-06-15,Napa,055,140530,10000,10010,38,10048,80
2021-06-15,Nevada,057,99092,4931,4888,195,5083,72
2021-06-15,Orange,059,3164182,256136,255127,11475,266602,5105
2021-06-15,Placer,061,380077,23646,23396,1537,24933,298
2021-06-15,Plumas,063,18699,714,697,11,708,4
2021-06-15,Riverside,065,2383286,295048,289508,14151,303659,4455
2021-06-15,Sacramento,067,1510023,107608,107370,1839,109209,1662
2021-06-15,San Benito,069,59416,6088,6089,116,6205,63
2021-06-15,San Bernardino,071,2135413,294140,293463,9050,302513,4790
2021-06-15,San Diego,073,3302833,282158,281375,15197,296572,3770
2021-06-15,San Francisco,075,870044,36984,37210,1314,38524,555
2021-06-15,San Joaquin,077,732212,73797,73494,3640,77134,1399
2021-06-15,San Luis Obispo,079,281455,21427,21293,754,22047,257
2021-06-15,San Mateo,081,765935,42626,42593,478,43071,543
2021-06-15,Santa Barbara,083,443738,34752,34451,1206,35657,460
2021-06-15,Santa Clara,085,1922200,119218,119963,777,120740,2086
2021-06-15,Santa Cruz,087,273765,16283,16180,816,16996,208
2021-06-15,Shasta,089,179085,12563,12583,1635,14218,201
2021-06-15,Sierra,091,2930,60,55,12,67,0
2021-06-15,Siskiyou,093,43540,1957,1887,370,2257,26
2021-06-15,Solano,095,438530,33260,33264,567,33831,266
2021-06-15,Sonoma,097,501317,30649,30707,355,31062,323
2021-06-15,Stanislaus,099,539301,57011,56724,6016,62740,979
2021-06-15,Sutter,101,95872,9631,9616,90,9706,113
2021-06-15,Tehama,103,63373,5125,5102,588,5690,63
2021-06-15,Trinity,105,12862,488,332,98,430,3
2021-06-15,Tulare,107,460477,50390,49561,9175,58736,848
2021-06-15,Tuolumne,109,53932,4053,4111,41,4152,63
2021-06-15,Ventura,111,848112,81662,81215,3021,84236,1029
2021-06-15,Yolo,113,214977,14110,14127,342,14469,212
2021-06-15,Yuba,115,75493,6160,6130,133,6263,51
2021-06-14,Alameda,001,1643700,88966,88966,1999,90965,1264
2021-06-14,Alpine,003,1148,88,88,0,88,0
2021-06-14,Amador,005,37829,3736,3722,33,3755,46
2021-06-14,Butte,007,227075,12732,12613,1854,14467,194
2021-06-14,Calaveras,009,45235,2186,2190,14,2204,55
2021-06-14,Colusa,011,21464,1963,1966,319,2285,15
2021-06-14,Contra Costa,013,1133247,70526,70069,1314,71383,810
2021-06-14,Del Norte,015,27424,1440,1411,13,1424,8
2021-06-14,El Dorado,017,186661,10386,10327,746,11073,113
2021-06-14,Fresno,019,978130,103289,102812,8796,111608,1719
2021-06-14,Glenn,021,27897,2442,2426,567,2993,19
2021-06-14,Humboldt,023,135768,4427,4407,39,4446,42
2021-06-14,Imperial,025,180216,28727,28836,2857,31693,741
2021-06-14,Inyo,027,18085,1406,1405,12,1417,35
2021-06-14,Kern,029,883053,97724,96760,11098,107858,1337
2021-06-14,Kings,031,150075,23235,23071,1099,24170,245
2021-06-14,Lake,033,64148,3568,3557,9,3566,45
2021-06-14,Lassen,035,31185,5250,5209,116,5325,19
2021-06-14,Los Angeles,037,10098052,1208092,1204748,42004,1246752,24434
2021-06-14,Madera,039,155013,16731,16597,942,17539,240
2021-06-14,Marin,041,260295,14161,14133,267,14400,229
2021-06-14,Mariposa,043,17540,437,437,11,448,5
2021-06-14,Mendocino,045,87422,4117,4028,76,4104,49
2021-06-14,Merced,047,269075,31223,31241,999,32240,461
2021-06-14,Modoc,049,8938,402,382,144,526,3
2021-06-14,Mono,051,14174,1260,1275,15,1290,3
2021-06-14,Monterey,053,433212,43305,43110,1881,44991,415
2021-06-14,Napa,055,140530,9996,10000,38,10038,80
2021-06-14,Nevada,057,99092,4924,4885,195,5080,72
2021-06-14,Orange,059,3164182,256098,255069,11471,266540,5103
2021-06-14,Placer,061,380077,23621,23379,1536,24915,298
2021-06-14,Plumas,063,18699,714,696,11,707,4
2021-06-14,Riverside,065,2383286,294994,289476,14151,303627,4453
2021-06-14,Sacramento,067,1510023,107554,107334,1834,109168,1661
2021-06-14,San Benito,069,59416,6088,6087,116,6203,63
2021-06-14,San Bernardino,071,2135413,294084,293446,9046,302492,4790
2021-06-14,San Diego,073,3302833,282052,281314,15177,296491,3770
2021-06-14,San Francisco,075,870044,36971,37206,1314,38520,555
2021-06-14,San Joaquin,077,732212,73768,73453,3640,77093,1398
2021-06-14,San Luis Obispo,079,281455,21425,21302,754,22056,256
2021-06-14,San Mateo,081,765935,42612,42619,477,43096,543
2021-06-14,Santa Barbara,083,443738,34749,34449,1206,35655,460
2021-06-14,Santa Clara,085,1922200,119187,119957,776,120733,2085
2021-06-14,Santa Cruz,087,273765,16281,16175,816,16991,208
2021-06-14,Shasta,089,179085,12552,12561,1632,14193,201
2021-06-14,Sierra,091,2930,59,55,12,67,0
2021-06-14,Siskiyou,093,43540,1957,1886,370,2256,26
2021-06-14,Solano,095,438530,33243,33243,566,33809,266
2021-06-14,Sonoma,097,501317,30617,30679,354,31033,323
2021-06-14,Stanislaus,099,539301,56974,56689,6013,62702,975
2021-06-14,Sutter,101,95872,9628,9607,90,9697,112
2021-06-14,Tehama,103,63373,5123,5102,588,5690,63
2021-06-14,Trinity,105,12862,488,332,98,430,3
2021-06-14,Tulare,107,460477,50385,49538,9172,58710,848
2021-06-14,Tuolumne,109,53932,4050,4108,41,4149,63
2021-06-14,Ventura,111,848112,81652,81209,3021,84230,1028
2021-06-14,Yolo,113,214977,14102,14123,342,14465,212
2021-06-14,Yuba,115,75493,6153,6127,133,6260,50
2021-06-13,Alameda,001,1643700,88910,88947,1997,90944,1264
2021-06-13,Alpine,003,1148,87,88,0,88,0
2021-06-13,Amador,005,37829,3732,3721,33,3754,46
2021-06-13,Butte,007,227075,12721,12586,1851,14437,194
2021-06-13,Calaveras,009,45235,2186,2189,14,2203,55
2021-06-13,Colusa,011,21464,1963,1965,318,2283,15
2021-06-13,Contra Costa,013,1133247,70472,70040,1312,71352,810
2021-06-13,Del Norte,015,27424,1438,1412,13,1425,8
2021-06-13,El Dorado,017,186661,10377,10324,746,11070,113
2021-06-13,Fresno,019,978130,103258,102795,8791,111586,1719
2021-06-13,Glenn,021,27897,2441,2425,565,2990,19
2021-06-13,Humboldt,023,135768,4414,4401,39,4440,42
2021-06-13,Imperial,025,180216,28718,28800,2856,31656,741
2021-06-13,Inyo,027,18085,1406,1405,12,1417,35
2021-06-13,Kern,029,883053,97700,96743,11086,107829,1337
2021-06-13,Kings,031,150075,23230,23069,1098,24167,245
2021-06-13,Lake,033,64148,3568,3556,9,3565,45
2021-06-13,Lassen,035,31185,5245,5209,116,5325,19
2021-06-13,Los Angeles,037,10098052,1207829,1204614,41991,1246605,24433
2021-06-13,Madera,039,155013,16717,16590,942,17532,240
2021-06-13,Marin,041,260295,14155,14126,267,14393,229
2021-06-13,Mariposa,043,17540,437,434,11,445,5
2021-06-13,Mendocino,045,87422,4110,4026,76,4102,49
2021-06-13,Merced,047,269075,31217,31240,998,32238,461
2021-06-13,Modoc,049,8938,400,382,142,524,3
2021-06-13,Mono,051,14174,1260,1275,15,1290,3
2021-06-13,Monterey,053,433212,43297,43108,1881,44989,415
2021-06-13,Napa,055,140530,9990,9995,38,10033,80
2021-06-13,Nevada,057,99092,4919,4883,195,5078,72
2021-06-13,Orange,059,3164182,256043,255043,11469,266512,5103
2021-06-13,Placer,061,380077,23595,23365,1534,24899,295
2021-06-13,Plumas,063,18699,713,696,11,707,4
2021-06-13,Riverside,065,2383286,294927,289447,14148,303595,4453
2021-06-13,Sacramento,067,1510023,107478,107289,1831,109120,1658
2021-06-13,San Benito,069,59416,6088,6086,116,6202,63
2021-06-13,San Bernardino,071,2135413,294033,293416,9041,302457,4788
2021-06-13,San Diego,073,3302833,281973,281268,15161,296429,3770
2021-06-13,San Francisco,075,870044,36958,37197,1314,38511,555
2021-06-13,San Joaquin,077,732212,73734,73438,3638,77076,1398
2021-06-13,San Luis Obispo,079,281455,21419,21298,753,22051,256
2021-06-13,San Mateo,081,765935,42599,42611,477,43088,542
2021-06-13,Santa Barbara,083,443738,34738,34449,1205,35654,460
2021-06-13,Santa Clara,085,1922200,119163,119946,776,120722,2085
2021-06-13,Santa Cruz,087,273765,16274,16172,816,16988,208
2021-06-13,Shasta,089,179085,12543,12560,1631,14191,201
2021-06-13,Sierra,091,2930,59,55,12,67,0
2021-06-13,Siskiyou,093,43540,1956,1885,370,2255,26
2021-06-13,Solano,095,438530,33222,33234,566,33800,266
2021-06-13,Sonoma,097,501317,30582,30663,352,31015,323
2021-06-13,Stanislaus,099,539301,56947,56671,6012,62683,975
2021-06-13,Sutter,101,95872,9621,9603,90,9693,112
2021-06-13,Tehama,103,63373,5121,5100,588,5688,63
2021-06-13,Trinity,105,12862,487,332,98,430,3
2021-06-13,Tulare,107,460477,50376,49537,9167,58704,848
2021-06-13,Tuolumne,109,53932,4048,4107,40,4147,63
2021-06-13,Ventura,111,848112,81638,81201,3021,84222,1028
2021-06-13,Yolo,113,214977,14095,14120,340,14460,212
2021-06-13,Yuba,115,75493,6146,6125,133,6258,50
2021-06-12,Alameda,001,1643700,88882,88901,1997,90898,1271
2021-06-12,Alpine,003,1148,87,88,0,88,0
2021-06-12,Amador,005,37829,3731,3721,33,3754,46
2021-06-12,Butte,007,227075,12717,12576,1851,14427,194
2021-06-12,Calaveras,009,45235,2186,2189,14,2203,55
2021-06-12,Colusa,011,21464,1963,1965,318,2283,15
2021-06-12,Contra Costa,013,1133247,70441,69989,1309,71298,810
2021-06-12,Del Norte,015,27424,1438,1412,13,1425,8
2021-06-12,El Dorado,017,186661,10372,10320,745,11065,113
2021-06-12,Fresno,019,978130,103248,102783,8790,111573,1720
2021-06-12,Glenn,021,27897,2439,2425,565,2990,19
2021-06-12,Humboldt,023,135768,4406,4396,39,4435,42
2021-06-12,Imperial,025,180216,28715,28799,2856,31655,741
2021-06-12,Inyo,027,18085,1406,1405,12,1417,35
2021-06-12,Kern,029,883053,97685,96731,11082,107813,1337
2021-06-12,Kings,031,150075,23228,23067,1098,24165,245
2021-06-12,Lake,033,64148,3567,3552,9,3561,45
2021-06-12,Lassen,035,31185,5245,5208,116,5324,19
2021-06-12,Los Angeles,037,10098052,1207692,1204439,41984,1246423,24434
2021-06-12,Madera,039,155013,16713,16586,942,17528,240
2021-06-12,Marin,041,260295,14152,14121,267,14388,229
2021-06-12,Mariposa,043,17540,437,434,11,445,5
2021-06-12,Mendocino,045,87422,4107,4024,76,4100,49
2021-06-12,Merced,047,269075,31214,31236,998,32234,461
2021-06-12,Modoc,049,8938,399,382,142,524,3
2021-06-12,Mono,051,14174,1260,1275,15,1290,3
2021-06-12,Monterey,053,433212,43291,43103,1881,44984,415
2021-06-12,Napa,055,140530,9986,9986,38,10024,80
2021-06-12,Nevada,057,99092,4913,4878,195,5073,72
2021-06-12,Orange,059,3164182,256010,255004,11467,266471,5103
2021-06-12,Placer,061,380077,23576,23345,1534,24879,295
2021-06-12,Plumas,063,18699,713,696,11,707,4
2021-06-12,Riverside,065,2383286,294885,289413,14145,303558,4453
2021-06-12,Sacramento,067,1510023,107418,107199,1828,109027,1658
2021-06-12,San Benito,069,59416,6086,6083,116,6199,63
2021-06-12,San Bernardino,071,2135413,293999,293375,9039,302414,4788
2021-06-12,San Diego,073,3302833,281916,281203,15152,296355,3770
2021-06-12,San Francisco,075,870044,36948,37189,1314,38503,555
2021-06-12,San Joaquin,077,732212,73715,73413,3637,77050,1398
2021-06-12,San Luis Obispo,079,281455,21416,21293,753,22046,256
2021-06-12,San Mateo,081,765935,42594,42604,477,43081,542
2021-06-12,Santa Barbara,083,443738,34734,34450,1205,35655,460
2021-06-12,Santa Clara,085,1922200,119123,119894,776,120670,2085
2021-06-12,Santa Cruz,087,273765,16266,16170,816,16986,208
2021-06-12,Shasta,089,179085,12540,12556,1630,14186,201
2021-06-12,Sierra,091,2930,59,55,12,67,0
2021-06-12,Siskiyou,093,43540,1955,1884,370,2254,25
2021-06-12,Solano,095,438530,33213,33219,566,33785,266
2021-06-12,Sonoma,097,501317,30553,30647,352,30999,323
2021-06-12,Stanislaus,099,539301,56930,56649,6011,62660,974
2021-06-12,Sutter,101,95872,9617,9603,90,9693,112
2021-06-12,Tehama,103,63373,5121,5099,587,5686,63
2021-06-12,Trinity,105,12862,487,332,98,430,3
2021-06-12,Tulare,107,460477,50371,49533,9160,58693,848
2021-06-12,Tuolumne,109,53932,4047,4105,40,4145,63
2021-06-12,Ventura,111,848112,81626,81197,3021,84218,1028
2021-06-12,Yolo,113,214977,14092,14118,338,14456,212
2021-06-12,Yuba,115,75493,6141,6120,133,6253,50
2021-06-11,Alameda,001,1643700,88854,88844,1997,90841,1278
2021-06-11,Alpine,003,1148,87,88,0,88,0
2021-06-11,Amador,005,37829,3731,3710,33,3743,46
2021-06-11,Butte,007,227075,12713,12576,1849,14425,194
2021-06-11,Calaveras,009,45235,2186,2188,14,2202,55
2021-06-11,Colusa,011,21464,1962,1964,318,2282,15
2021-06-11,Contra Costa,013,1133247,70408,69940,1307,71247,808
2021-06-11,Del Norte,015,27424,1438,1409,13,1422,8
2021-06-11,El Dorado,017,186661,10369,10316,745,11061,113
2021-06-11,Fresno,019,978130,103230,102770,8789,111559,1720
2021-06-11,Glenn,021,27897,2439,2425,565,2990,19
2021-06-11,Humboldt,023,135768,4402,4389,39,4428,42
2021-06-11,Imperial,025,180216,28710,28793,2856,31649,741
2021-06-11,Inyo,027,18085,1406,1405,12,1417,35
2021-06-11,Kern,029,883053,97673,96718,11078,107796,1340
2021-06-11,Kings,031,150075,23224,23069,1097,24166,245
2021-06-11,Lake,033,64148,3566,3550,9,3559,45
2021-06-11,Lassen,035,31185,5244,5204,116,5320,18
2021-06-11,Los Angeles,037,10098052,1207546,1204259,41970,1246229,24434
2021-06-11,Madera,039,155013,16710,16582,942,17524,240
2021-06-11,Marin,041,260295,14149,14116,267,14383,229
2021-06-11,Mariposa,043,17540,437,434,11,445,5
2021-06-11,Mendocino,045,87422,4104,4022,76,4098,49
2021-06-11,Merced,047,269075,31209,31231,998,32229,461
2021-06-11,Modoc,049,8938,399,382,141,523,3
2021-06-11,Mono,051,14174,1260,1274,15,1289,3
2021-06-11,Monterey,053,433212,43287,43097,1881,44978,415
2021-06-11,Napa,055,140530,9983,9977,38,10015,80
2021-06-11,Nevada,057,99092,4911,4873,195,5068,72
2021-06-11,Orange,059,3164182,255976,254975,11464,266439,5101
2021-06-11,Placer,061,380077,23571,23330,1534,24864,294
2021-06-11,Plumas,063,18699,713,696,11,707,4
2021-06-11,Riverside,065,2383286,294847,289376,14140,303516,4451
2021-06-11,Sacramento,067,1510023,107358,107119,1827,108946,1659
2021-06-11,San Benito,069,59416,6085,6082,116,6198,63
2021-06-11,San Bernardino,071,2135413,293963,293335,9035,302370,4788
2021-06-11,San Diego,073,3302833,281876,281144,15145,296289,3768
2021-06-11,San Francisco,075,870044,36943,37177,1314,38491,555
2021-06-11,San Joaquin,077,732212,73698,73347,3634,76981,1397
2021-06-11,San Luis Obispo,079,281455,21415,21288,753,22041,256
2021-06-11,San Mateo,081,765935,42580,42585,477,43062,542
2021-06-11,Santa Barbara,083,443738,34731,34438,1205,35643,460
2021-06-11,Santa Clara,085,1922200,119103,119860,776,120636,2083
2021-06-11,Santa Cruz,087,273765,16258,16164,816,16980,208
2021-06-11,Shasta,089,179085,12532,12550,1628,14178,201
2021-06-11,Sierra,091,2930,59,55,12,67,0
2021-06-11,Siskiyou,093,43540,1954,1882,370,2252,25
2021-06-11,Solano,095,438530,33193,33179,565,33744,266
2021-06-11,Sonoma,097,501317,30535,30624,352,30976,323
2021-06-11,Stanislaus,099,539301,56904,56617,6007,62624,974
2021-06-11,Sutter,101,95872,9614,9600,89,9689,112
2021-06-11,Tehama,103,63373,5120,5099,587,5686,63
2021-06-11,Trinity,105,12862,487,331,98,429,3
2021-06-11,Tulare,107,460477,50365,49516,9159,58675,848
2021-06-11,Tuolumne,109,53932,4044,4104,40,4144,63
2021-06-11,Ventura,111,848112,81616,81189,3021,84210,1026
2021-06-11,Yolo,113,214977,14085,14111,334,14445,212
2021-06-11,Yuba,115,75493,6137,6113,133,6246,50
2021-06-10,Alameda,001,1643700,88810,88806,1996,90802,1275
2021-06-10,Alpine,003,1148,87,88,0,88,0
2021-06-10,Amador,005,37829,3727,3709,33,3742,46
2021-06-10,Butte,007,227075,12696,12565,1849,14414,194
2021-06-10,Calaveras,009,45235,2185,2188,14,2202,55
2021-06-10,Colusa,011,21464,1960,1964,318,2282,15
2021-06-10,Contra Costa,013,1133247,70354,69876,1307,71183,807
2021-06-10,Del Norte,015,27424,1438,1405,13,1418,8
2021-06-10,El Dorado,017,186661,10362,10314,741,11055,113
2021-06-10,Fresno,019,978130,103204,102724,8788,111512,1717
2021-06-10,Glenn,021,27897,2439,2425,565,2990,19
2021-06-10,Humboldt,023,135768,4394,4384,39,4423,42
2021-06-10,Imperial,025,180216,28704,28779,2856,31635,739
2021-06-10,Inyo,027,18085,1406,1405,12,1417,35
2021-06-10,Kern,029,883053,97659,96706,11073,107779,1336
2021-06-10,Kings,031,150075,23223,23067,1097,24164,245
2021-06-10,Lake,033,64148,3561,3550,9,3559,45
2021-06-10,Lassen,035,31185,5242,5201,116,5317,18
2021-06-10,Los Angeles,037,10098052,1207381,1204110,41953,1246063,24440
2021-06-10,Madera,039,155013,16703,16581,941,17522,240
2021-06-10,Marin,041,260295,14146,14118,267,14385,229
2021-06-10,Mariposa,043,17540,435,434,11,445,5
2021-06-10,Mendocino,045,87422,4099,4016,76,4092,48
2021-06-10,Merced,047,269075,31201,31231,995,32226,461
2021-06-10,Modoc,049,8938,398,381,141,522,3
2021-06-10,Mono,051,14174,1259,1274,15,1289,3
2021-06-10,Monterey,053,433212,43281,43090,1881,44971,415
2021-06-10,Napa,055,140530,9982,9974,38,10012,80
2021-06-10,Nevada,057,99092,4906,4866,195,5061,72
2021-06-10,Orange,059,3164182,255946,254950,11457,266407,5097
2021-06-10,Placer,061,380077,23558,23296,1534,24830,293
2021-06-10,Plumas,063,18699,713,696,11,707,4
2021-06-10,Riverside,065,2383286,294805,289335,14135,303470,4450
2021-06-10,Sacramento,067,1510023,107296,107049,1827,108876,1658
2021-06-10,San Benito,069,59416,6085,6079,116,6195,63
2021-06-10,San Bernardino,071,2135413,293922,293281,9032,302313,4782
2021-06-10,San Diego,073,3302833,281818,281052,15128,296180,3766
2021-06-10,San Francisco,075,870044,36933,37159,1312,38471,552
2021-06-10,San Joaquin,077,732212,73664,73276,3633,76909,1393
2021-06-10,San Luis Obispo,079,281455,21412,21280,753,22033,256
2021-06-10,San Mateo,081,765935,42573,42562,477,43039,666
2021-06-10,Santa Barbara,083,443738,34727,34434,1205,35639,460
2021-06-10,Santa Clara,085,1922200,119068,119832,775,120607,2075
2021-06-10,Santa Cruz,087,273765,16257,16159,816,16975,208
2021-06-10,Shasta,089,179085,12522,12536,1627,14163,201
2021-06-10,Sierra,091,2930,58,55,12,67,0
2021-06-10,Siskiyou,093,43540,1954,1881,370,2251,25
2021-06-10,Solano,095,438530,33176,33150,564,33714,265
2021-06-10,Sonoma,097,501317,30500,30571,350,30921,323
2021-06-10,Stanislaus,099,539301,56883,56588,6003,62591,974
2021-06-10,Sutter,101,95872,9607,9594,89,9683,112
2021-06-10,Tehama,103,63373,5120,5096,587,5683,63
2021-06-10,Trinity,105,12862,487,331,98,429,3
2021-06-10,Tulare,107,460477,50357,49503,9159,58662,848
2021-06-10,Tuolumne,109,53932,4044,4100,40,4140,63
2021-06-10,Ventura,111,848112,81605,81172,3020,84192,1026
2021-06-10,Yolo,113,214977,14082,14107,334,14441,212
2021-06-10,Yuba,115,75493,6133,6112,133,6245,50
2021-06-09,Alameda,001,1643700,88766,88762,1995,90757,1271
2021-06-09,Alpine,003,1148,87,88,0,88,0
2021-06-09,Amador,005,37829,3723,3706,33,3739,46
2021-06-09,Butte,007,227075,12690,12555,1847,14402,194
2021-06-09,Calaveras,009,45235,2183,2184,14,2198,55
2021-06-09,Colusa,011,21464,1960,1962,317,2279,15
2021-06-09,Contra Costa,013,1133247,70317,69829,1306,71135,803
2021-06-09,Del Norte,015,27424,1434,1403,13,1416,8
2021-06-09,El Dorado,017,186661,10359,10312,740,11052,113
2021-06-09,Fresno,019,978130,103184,102690,8784,111474,1717
2021-06-09,Glenn,021,27897,2438,2424,565,2989,19
2021-06-09,Humboldt,023,135768,4389,4379,38,4417,42
2021-06-09,Imperial,025,180216,28701,28754,2856,31610,739
2021-06-09,Inyo,027,18085,1406,1405,12,1417,35
2021-06-09,Kern,029,883053,97645,96697,11064,107761,1328
2021-06-09,Kings,031,150075,23221,23061,1097,24158,245
2021-06-09,Lake,033,64148,3558,3541,9,3550,45
2021-06-09,Lassen,035,31185,5241,5200,116,5316,18
2021-06-09,Los Angeles,037,10098052,1207197,1203955,41942,1245897,24432
2021-06-09,Madera,039,155013,16698,16580,941,17521,240
2021-06-09,Marin,041,260295,14141,14114,267,14381,229
2021-06-09,Mariposa,043,17540,435,434,11,445,5
2021-06-09,Mendocino,045,87422,4093,4008,76,4084,47
2021-06-09,Merced,047,269075,31197,31225,995,32220,461
2021-06-09,Modoc,049,8938,396,377,140,517,3
2021-06-09,Mono,051,14174,1259,1274,15,1289,3
2021-06-09,Monterey,053,433212,43274,43082,1881,44963,415
2021-06-09,Napa,055,140530,9976,9971,38,10009,80
2021-06-09,Nevada,057,99092,4896,4863,194,5057,72
2021-06-09,Orange,059,3164182,255901,254893,11453,266346,5080
2021-06-09,Placer,061,380077,23539,23237,1534,24771,293
2021-06-09,Plumas,063,18699,712,697,11,708,4
2021-06-09,Riverside,065,2383286,294759,289299,14133,303432,4450
2021-06-09,Sacramento,067,1510023,107234,106971,1824,108795,1657
2021-06-09,San Benito,069,59416,6082,6078,116,6194,63
2021-06-09,San Bernardino,071,2135413,293880,293222,9032,302254,4782
2021-06-09,San Diego,073,3302833,281753,280941,15116,296057,3765
2021-06-09,San Francisco,075,870044,36920,37143,1311,38454,552
2021-06-09,San Joaquin,077,732212,73638,73232,3632,76864,1392
2021-06-09,San Luis Obispo,079,281455,21411,21259,753,22012,256
2021-06-09,San Mateo,081,765935,42557,42502,476,42978,666
2021-06-09,Santa Barbara,083,443738,34716,34422,1205,35627,460
2021-06-09,Santa Clara,085,1922200,119030,119793,774,120567,2068
2021-06-09,Santa Cruz,087,273765,16254,16155,816,16971,208
2021-06-09,Shasta,089,179085,12512,12521,1625,14146,201
2021-06-09,Sierra,091,2930,57,55,12,67,0
2021-06-09,Siskiyou,093,43540,1953,1871,370,2241,25
2021-06-09,Solano,095,438530,33160,33137,563,33700,264
2021-06-09,Sonoma,097,501317,30478,30540,350,30890,323
2021-06-09,Stanislaus,099,539301,56863,56560,6000,62560,974
2021-06-09,Sutter,101,95872,9598,9586,88,9674,111
2021-06-09,Tehama,103,63373,5119,5093,587,5680,63
2021-06-09,Trinity,105,12862,486,331,98,429,3
2021-06-09,Tulare,107,460477,50353,49496,9157,58653,847
2021-06-09,Tuolumne,109,53932,4041,4100,40,4140,63
2021-06-09,Ventura,111,848112,81595,81154,3019,84173,1026
2021-06-09,Yolo,113,214977,14080,14102,333,14435,212
2021-06-09,Yuba,115,75493,6129,6109,133,6242,50
2021-06-08,Alameda,001,1643700,88718,88731,1995,90726,1267
2021-06-08,Alpine,003,1148,87,88,0,88,0
2021-06-08,Amador,005,37829,3722,3704,33,3737,46
2021-06-08,Butte,007,227075,12684,12540,1845,14385,194
2021-06-08,Calaveras,009,45235,2182,2181,14,2195,55
2021-06-08,Colusa,011,21464,1960,1961,317,2278,15
2021-06-08,Contra Costa,013,1133247,70269,69762,1305,71067,803
2021-06-08,Del Norte,015,27424,1432,1402,13,1415,8
2021-06-08,El Dorado,017,186661,10354,10306,738,11044,113
2021-06-08,Fresno,019,978130,103159,102680,8782,111462,1717
2021-06-08,Glenn,021,27897,2437,2423,565,2988,19
2021-06-08,Humboldt,023,135768,4384,4363,38,4401,42
2021-06-08,Imperial,025,180216,28692,28752,2856,31608,738
2021-06-08,Inyo,027,18085,1406,1405,12,1417,35
2021-06-08,Kern,029,883053,97626,96671,11057,107728,1325
2021-06-08,Kings,031,150075,23220,23036,1097,24133,245
2021-06-08,Lake,033,64148,3557,3540,9,3549,45
2021-06-08,Lassen,035,31185,5241,5200,116,5316,18
2021-06-08,Los Angeles,037,10098052,1207002,1203794,41931,1245725,24426
2021-06-08,Madera,039,155013,16692,16579,940,17519,240
2021-06-08,Marin,041,260295,14139,14111,266,14377,229
2021-06-08,Mariposa,043,17540,435,434,11,445,5
2021-06-08,Mendocino,045,87422,4086,4002,76,4078,47
2021-06-08,Merced,047,269075,31189,31225,995,32220,461
2021-06-08,Modoc,049,8938,390,377,139,516,3
2021-06-08,Mono,051,14174,1259,1274,15,1289,3
2021-06-08,Monterey,053,433212,43268,43078,1880,44958,415
2021-06-08,Napa,055,140530,9972,9962,38,10000,80
2021-06-08,Nevada,057,99092,4891,4861,194,5055,72
2021-06-08,Orange,059,3164182,255859,254852,11446,266298,5078
2021-06-08,Placer,061,380077,23521,23209,1530,24739,293
2021-06-08,Plumas,063,18699,712,692,11,703,4
2021-06-08,Riverside,065,2383286,294723,289268,14125,303393,4452
2021-06-08,Sacramento,067,1510023,107172,106901,1821,108722,1654
2021-06-08,San Benito,069,59416,6080,6076,116,6192,63
2021-06-08,San Bernardino,071,2135413,293831,293186,9028,302214,4778
2021-06-08,San Diego,073,3302833,281691,280879,15107,295986,3764
2021-06-08,San Francisco,075,870044,36905,37134,1310,38444,552
2021-06-08,San Joaquin,077,732212,73594,73186,3627,76813,1390
2021-06-08,San Luis Obispo,079,281455,21405,21251,752,22003,255
2021-06-08,San Mateo,081,765935,42544,42488,476,42964,663
2021-06-08,Santa Barbara,083,443738,34712,34418,1205,35623,459
2021-06-08,Santa Clara,085,1922200,119009,119770,773,120543,2068
2021-06-08,Santa Cruz,087,273765,16251,16160,816,16976,208
2021-06-08,Shasta,089,179085,12497,12498,1625,14123,201
2021-06-08,Sierra,091,2930,57,55,12,67,0
2021-06-08,Siskiyou,093,43540,1951,1870,368,2238,21
2021-06-08,Solano,095,438530,33139,33130,563,33693,259
2021-06-08,Sonoma,097,501317,30451,30523,348,30871,323
2021-06-08,Stanislaus,099,539301,56836,56548,5998,62546,973
2021-06-08,Sutter,101,95872,9595,9581,88,9669,111
2021-06-08,Tehama,103,63373,5116,5093,587,5680,63
2021-06-08,Trinity,105,12862,486,330,97,427,3
2021-06-08,Tulare,107,460477,50341,49485,9152,58637,847
2021-06-08,Tuolumne,109,53932,4038,4099,40,4139,63
2021-06-08,Ventura,111,848112,81579,81142,3018,84160,1026
2021-06-08,Yolo,113,214977,14075,14099,332,14431,212
2021-06-08,Yuba,115,75493,6127,6103,133,6236,50
2021-06-07,Alameda,001,1643700,88662,88688,1995,90683,1267
2021-06-07,Alpine,003,1148,87,88,0,88,0
2021-06-07,Amador,005,37829,3712,3697,33,3730,46
2021-06-07,Butte,007,227075,12677,12533,1844,14377,194
2021-06-07,Calaveras,009,45235,2181,2181,14,2195,55
2021-06-07,Colusa,011,21464,1959,1960,317,2277,15
2021-06-07,Contra Costa,013,1133247,70212,69718,1304,71022,817
2021-06-07,Del Norte,015,27424,1432,1401,13,1414,8
2021-06-07,El Dorado,017,186661,10349,10305,738,11043,113
2021-06-07,Fresno,019,978130,103129,102659,8774,111433,1717
2021-06-07,Glenn,021,27897,2437,2423,565,2988,19
2021-06-07,Humboldt,023,135768,4376,4354,38,4392,42
2021-06-07,Imperial,025,180216,28690,28754,2855,31609,738
2021-06-07,Inyo,027,18085,1406,1404,12,1416,35
2021-06-07,Kern,029,883053,97610,96645,11050,107695,1324
2021-06-07,Kings,031,150075,23216,23023,1097,24120,244
2021-06-07,Lake,033,64148,3555,3540,9,3549,45
2021-06-07,Lassen,035,31185,5236,5198,116,5314,18
2021-06-07,Los Angeles,037,10098052,1206780,1203664,41917,1245581,24413
2021-06-07,Madera,039,155013,16685,16572,940,17512,240
2021-06-07,Marin,041,260295,14135,14108,265,14373,229
2021-06-07,Mariposa,043,17540,435,434,11,445,5
2021-06-07,Mendocino,045,87422,4080,3998,76,4074,47
2021-06-07,Merced,047,269075,31177,31212,994,32206,459
2021-06-07,Modoc,049,8938,389,375,136,511,3
2021-06-07,Mono,051,14174,1259,1275,15,1290,3
2021-06-07,Monterey,053,433212,43261,43077,1880,44957,415
2021-06-07,Napa,055,140530,9964,9962,38,10000,80
2021-06-07,Nevada,057,99092,4889,4860,194,5054,72
2021-06-07,Orange,059,3164182,255819,254808,11439,266247,5073
2021-06-07,Placer,061,380077,23502,23176,1528,24704,293
2021-06-07,Plumas,063,18699,712,692,11,703,4
2021-06-07,Riverside,065,2383286,294680,289232,14121,303353,4451
2021-06-07,Sacramento,067,1510023,107096,106841,1818,108659,1655
2021-06-07,San Benito,069,59416,6079,6074,116,6190,63
2021-06-07,San Bernardino,071,2135413,293793,293129,9027,302156,4775
2021-06-07,San Diego,073,3302833,281609,280808,15094,295902,3764
2021-06-07,San Francisco,075,870044,36889,37122,1310,38432,552
2021-06-07,San Joaquin,077,732212,73549,73130,3620,76750,1388
2021-06-07,San Luis Obispo,079,281455,21392,21252,752,22004,255
2021-06-07,San Mateo,081,765935,42528,42479,476,42955,664
2021-06-07,Santa Barbara,083,443738,34706,34407,1205,35612,459
2021-06-07,Santa Clara,085,1922200,118977,119743,773,120516,2066
2021-06-07,Santa Cruz,087,273765,16249,16159,816,16975,208
2021-06-07,Shasta,089,179085,12483,12483,1620,14103,200
2021-06-07,Sierra,091,2930,57,55,12,67,0
2021-06-07,Siskiyou,093,43540,1951,1869,368,2237,21
2021-06-07,Solano,095,438530,33117,33124,562,33686,258
2021-06-07,Sonoma,097,501317,30415,30504,347,30851,323
2021-06-07,Stanislaus,099,539301,56802,56521,5996,62517,972
2021-06-07,Sutter,101,95872,9591,9571,88,9659,111
2021-06-07,Tehama,103,63373,5112,5092,587,5679,63
2021-06-07,Trinity,105,12862,486,329,97,426,3
2021-06-07,Tulare,107,460477,50335,49471,9152,58623,847
2021-06-07,Tuolumne,109,53932,4037,4098,40,4138,63
2021-06-07,Ventura,111,848112,81562,81137,3017,84154,1025
2021-06-07,Yolo,113,214977,14070,14097,331,14428,211
2021-06-07,Yuba,115,75493,6125,6099,130,6229,49
2021-06-06,Alameda,001,1643700,88624,88636,1994,90630,1267
2021-06-06,Alpine,003,1148,87,88,0,88,0
2021-06-06,Amador,005,37829,3709,3696,33,3729,46
2021-06-06,Butte,007,227075,12666,12527,1843,14370,194
2021-06-06,Calaveras,009,45235,2180,2181,14,2195,55
2021-06-06,Colusa,011,21464,1957,1959,317,2276,15
2021-06-06,Contra Costa,013,1133247,70147,69659,1302,70961,817
2021-06-06,Del Norte,015,27424,1427,1401,13,1414,8
2021-06-06,El Dorado,017,186661,10342,10294,738,11032,113
2021-06-06,Fresno,019,978130,103096,102642,8771,111413,1717
2021-06-06,Glenn,021,27897,2436,2423,565,2988,19
2021-06-06,Humboldt,023,135768,4365,4353,38,4391,42
2021-06-06,Imperial,025,180216,28684,28762,2855,31617,738
2021-06-06,Inyo,027,18085,1405,1404,12,1416,35
2021-06-06,Kern,029,883053,97592,96623,11043,107666,1324
2021-06-06,Kings,031,150075,23210,23021,1097,24118,244
2021-06-06,Lake,033,64148,3555,3535,9,3544,45
2021-06-06,Lassen,035,31185,5234,5191,116,5307,18
2021-06-06,Los Angeles,037,10098052,1206581,1203539,41905,1245444,24410
2021-06-06,Madera,039,155013,16678,16567,940,17507,240
2021-06-06,Marin,041,260295,14129,14106,264,14370,229
2021-06-06,Mariposa,043,17540,434,435,11,446,5
2021-06-06,Mendocino,045,87422,4076,3993,76,4069,47
2021-06-06,Merced,047,269075,31171,31215,993,32208,459
2021-06-06,Modoc,049,8938,389,375,135,510,3
2021-06-06,Mono,051,14174,1259,1275,15,1290,3
2021-06-06,Monterey,053,433212,43256,43078,1880,44958,415
2021-06-06,Napa,055,140530,9958,9963,38,10001,80
2021-06-06,Nevada,057,99092,4882,4854,193,5047,72
2021-06-06,Orange,059,3164182,255783,254782,11434,266216,5073
2021-06-06,Placer,061,380077,23477,23156,1525,24681,293
2021-06-06,Plumas,063,18699,712,692,11,703,4
2021-06-06,Riverside,065,2383286,294641,289201,14115,303316,4451
2021-06-06,Sacramento,067,1510023,107010,106749,1817,108566,1655
2021-06-06,San Benito,069,59416,6073,6074,116,6190,63
2021-06-06,San Bernardino,071,2135413,293737,293117,9018,302135,4773
2021-06-06,San Diego,073,3302833,281529,280743,15077,295820,3764
2021-06-06,San Francisco,075,870044,36876,37118,1309,38427,552
2021-06-06,San Joaquin,077,732212,73517,73105,3616,76721,1388
2021-06-06,San Luis Obispo,079,281455,21389,21246,752,21998,255
2021-06-06,San Mateo,081,765935,42511,42457,476,42933,664
2021-06-06,Santa Barbara,083,443738,34702,34403,1204,35607,459
2021-06-06,Santa Clara,085,1922200,118955,119711,773,120484,2066
2021-06-06,Santa Cruz,087,273765,16248,16158,816,16974,208
2021-06-06,Shasta,089,179085,12468,12478,1616,14094,200
2021-06-06,Sierra,091,2930,57,55,12,67,0
2021-06-06,Siskiyou,093,43540,1948,1869,368,2237,21
2021-06-06,Solano,095,438530,33090,33093,562,33655,258
2021-06-06,Sonoma,097,501317,30384,30478,346,30824,323
2021-06-06,Stanislaus,099,539301,56760,56486,5993,62479,972
2021-06-06,Sutter,101,95872,9584,9567,88,9655,111
2021-06-06,Tehama,103,63373,5108,5092,586,5678,63
2021-06-06,Trinity,105,12862,486,328,97,425,3
2021-06-06,Tulare,107,460477,50327,49466,9147,58613,847
2021-06-06,Tuolumne,109,53932,4035,4097,40,4137,63
2021-06-06,Ventura,111,848112,81551,81130,3014,84144,1025
2021-06-06,Yolo,113,214977,14062,14089,330,14419,210
2021-06-06,Yuba,115,75493,6117,6096,130,6226,49
2021-06-05,Alameda,001,1643700,88590,88612,1993,90605,1268
2021-06-05,Alpine,003,1148,87,88,0,88,0
2021-06-05,Amador,005,37829,3709,3694,33,3727,46
2021-06-05,Butte,007,227075,12660,12514,1842,14356,194
2021-06-05,Calaveras,009,45235,2180,2181,14,2195,55
2021-06-05,Colusa,011,21464,1957,1959,317,2276,15
2021-06-05,Contra Costa,013,1133247,70118,69601,1302,70903,817
2021-06-05,Del Norte,015,27424,1427,1400,13,1413,8
2021-06-05,El Dorado,017,186661,10340,10288,737,11025,113
2021-06-05,Fresno,019,978130,103087,102626,8771,111397,1717
2021-06-05,Glenn,021,27897,2435,2423,565,2988,19
2021-06-05,Humboldt,023,135768,4360,4346,38,4384,42
2021-06-05,Imperial,025,180216,28681,28764,2854,31618,738
2021-06-05,Inyo,027,18085,1405,1405,12,1417,35
2021-06-05,Kern,029,883053,97579,96597,11039,107636,1324
2021-06-05,Kings,031,150075,23207,23017,1097,24114,244
2021-06-05,Lake,033,64148,3552,3534,9,3543,45
2021-06-05,Lassen,035,31185,5233,5191,116,5307,18
2021-06-05,Los Angeles,037,10098052,1206454,1203338,41896,1245234,24411
2021-06-05,Madera,039,155013,16674,16563,940,17503,240
2021-06-05,Marin,041,260295,14127,14101,264,14365,229
2021-06-05,Mariposa,043,17540,434,435,11,446,5
2021-06-05,Mendocino,045,87422,4073,3989,76,4065,47
2021-06-05,Merced,047,269075,31169,31212,992,32204,459
2021-06-05,Modoc,049,8938,389,375,134,509,3
2021-06-05,Mono,051,14174,1259,1274,15,1289,3
2021-06-05,Monterey,053,433212,43252,43071,1879,44950,415
2021-06-05,Napa,055,140530,9953,9960,38,9998,80
2021-06-05,Nevada,057,99092,4880,4849,193,5042,72
2021-06-05,Orange,059,3164182,255759,254752,11431,266183,5069
2021-06-05,Placer,061,380077,23461,23133,1525,24658,293
2021-06-05,Plumas,063,18699,712,692,11,703,4
2021-06-05,Riverside,065,2383286,294606,289157,14111,303268,4451
2021-06-05,Sacramento,067,1510023,106958,106688,1815,108503,1655
2021-06-05,San Benito,069,59416,6071,6074,116,6190,63
2021-06-05,San Bernardino,071,2135413,293704,293081,9016,302097,4772
2021-06-05,San Diego,073,3302833,281488,280676,15064,295740,3764
2021-06-05,San Francisco,075,870044,36867,37111,1309,38420,552
2021-06-05,San Joaquin,077,732212,73501,73078,3610,76688,1388
2021-06-05,San Luis Obispo,079,281455,21386,21236,752,21988,255
2021-06-05,San Mateo,081,765935,42501,42433,476,42909,664
2021-06-05,Santa Barbara,083,443738,34699,34399,1203,35602,459
2021-06-05,Santa Clara,085,1922200,118933,119676,771,120447,2066
2021-06-05,Santa Cruz,087,273765,16248,16154,816,16970,208
2021-06-05,Shasta,089,179085,12459,12472,1615,14087,200
2021-06-05,Sierra,091,2930,57,55,12,67,0
2021-06-05,Siskiyou,093,43540,1948,1867,368,2235,21
2021-06-05,Solano,095,438530,33075,33074,562,33636,257
2021-06-05,Sonoma,097,501317,30357,30450,344,30794,323
2021-06-05,Stanislaus,099,539301,56739,56463,5991,62454,973
2021-06-05,Sutter,101,95872,9581,9559,88,9647,111
2021-06-05,Tehama,103,63373,5107,5092,585,5677,63
2021-06-05,Trinity,105,12862,486,328,97,425,3
2021-06-05,Tulare,107,460477,50321,49463,9147,58610,847
2021-06-05,Tuolumne,109,53932,4033,4098,40,4138,63
2021-06-05,Ventura,111,848112,81542,81119,3012,84131,1025
2021-06-05,Yolo,113,214977,14060,14088,330,14418,210
2021-06-05,Yuba,115,75493,6116,6087,130,6217,49
2021-06-04,Alameda,001,1643700,88563,88585,1991,90576,1263
2021-06-04,Alpine,003,1148,87,88,0,88,0
2021-06-04,Amador,005,37829,3709,3690,33,3723,46
2021-06-04,Butte,007,227075,12649,12494,1839,14333,193
2021-06-04,Calaveras,009,45235,2180,2179,14,2193,55
2021-06-04,Colusa,011,21464,1957,1959,317,2276,15
2021-06-04,Contra Costa,013,1133247,70083,69540,1299,70839,816
2021-06-04,Del Norte,015,27424,1427,1398,13,1411,8
2021-06-04,El Dorado,017,186661,10336,10284,735,11019,112
2021-06-04,Fresno,019,978130,103071,102601,8771,111372,1712
2021-06-04,Glenn,021,27897,2435,2423,564,2987,19
2021-06-04,Humboldt,023,135768,4355,4327,38,4365,42
2021-06-04,Imperial,025,180216,28677,28753,2854,31607,738
2021-06-04,Inyo,027,18085,1405,1404,12,1416,35
2021-06-04,Kern,029,883053,97561,96573,11037,107610,1327
2021-06-04,Kings,031,150075,23206,23002,1097,24099,244
2021-06-04,Lake,033,64148,3550,3528,9,3537,45
2021-06-04,Lassen,035,31185,5233,5180,116,5296,18
2021-06-04,Los Angeles,037,10098052,1206330,1203106,41887,1244993,24400
2021-06-04,Madera,039,155013,16672,16557,940,17497,240
2021-06-04,Marin,041,260295,14126,14099,263,14362,229
2021-06-04,Mariposa,043,17540,434,435,11,446,5
2021-06-04,Mendocino,045,87422,4064,3983,76,4059,47
2021-06-04,Merced,047,269075,31164,31204,991,32195,459
2021-06-04,Modoc,049,8938,387,375,134,509,3
2021-06-04,Mono,051,14174,1259,1275,15,1290,3
2021-06-04,Monterey,053,433212,43248,43068,1879,44947,415
2021-06-04,Napa,055,140530,9949,9958,38,9996,80
2021-06-04,Nevada,057,99092,4876,4844,193,5037,72
2021-06-04,Orange,059,3164182,255722,254730,11428,266158,5059
2021-06-04,Placer,061,380077,23445,23110,1524,24634,293
2021-06-04,Plumas,063,18699,712,691,11,702,4
2021-06-04,Riverside,065,2383286,294580,289098,14107,303205,4452
2021-06-04,Sacramento,067,1510023,106904,106616,1814,108430,1654
2021-06-04,San Benito,069,59416,6069,6073,116,6189,63
2021-06-04,San Bernardino,071,2135413,293681,293056,9014,302070,4768
2021-06-04,San Diego,073,3302833,281445,280556,15057,295613,3763
2021-06-04,San Francisco,075,870044,36862,37079,1308,38387,551
2021-06-04,San Joaquin,077,732212,73482,73039,3608,76647,1388
2021-06-04,San Luis Obispo,079,281455,21383,21234,751,21985,255
2021-06-04,San Mateo,081,765935,42489,42413,476,42889,478
2021-06-04,Santa Barbara,083,443738,34693,34402,1202,35604,459
2021-06-04,Santa Clara,085,1922200,118903,119619,771,120390,2065
2021-06-04,Santa Cruz,087,273765,16246,16150,816,16966,207
2021-06-04,Shasta,089,179085,12453,12458,1610,14068,200
2021-06-04,Sierra,091,2930,57,55,12,67,0
2021-06-04,Siskiyou,093,43540,1947,1865,368,2233,21
2021-06-04,Solano,095,438530,33064,33058,562,33620,256
2021-06-04,Sonoma,097,501317,30336,30411,344,30755,323
2021-06-04,Stanislaus,099,539301,56716,56442,5988,62430,973
2021-06-04,Sutter,101,95872,9576,9554,88,9642,111
2021-06-04,Tehama,103,63373,5102,5090,585,5675,63
2021-06-04,Trinity,105,12862,486,328,97,425,3
2021-06-04,Tulare,107,460477,50312,49452,9145,58597,847
2021-06-04,Tuolumne,109,53932,4032,4095,40,4135,63
2021-06-04,Ventura,111,848112,81535,81104,3010,84114,1023
2021-06-04,Yolo,113,214977,14058,14083,330,14413,210
2021-06-04,Yuba,115,75493,6113,6084,130,6214,49
2021-06-03,Alameda,001,1643700,88525,88555,1988,90543,1257
2021-06-03,Alpine,003,1148,87,88,0,88,0
2021-06-03,Amador,005,37829,3701,3688,33,3721,46
2021-06-03,Butte,007,227075,12645,12478,1838,14316,193
2021-06-03,Calaveras,009,45235,2180,2179,14,2193,55
2021-06-03,Colusa,011,21464,1957,1957,317,2274,15
2021-06-03,Contra Costa,013,1133247,70029,69500,1294,70794,816
2021-06-03,Del Norte,015,27424,1425,1397,13,1410,8
2021-06-03,El Dorado,017,186661,10330,10284,732,11016,112
2021-06-03,Fresno,019,978130,103054,102566,8771,111337,1709
2021-06-03,Glenn,021,27897,2435,2421,564,2985,19
2021-06-03,Humboldt,023,135768,4347,4314,38,4352,42
2021-06-03,Imperial,025,180216,28665,28737,2854,31591,738
2021-06-03,Inyo,027,18085,1405,1404,12,1416,35
2021-06-03,Kern,029,883053,97534,96507,11023,107530,1326
2021-06-03,Kings,031,150075,23202,22982,1097,24079,244
2021-06-03,Lake,033,64148,3548,3526,9,3535,45
2021-06-03,Lassen,035,31185,5224,5177,116,5293,12
2021-06-03,Los Angeles,037,10098052,1206155,1202923,41879,1244802,24386
2021-06-03,Madera,039,155013,16665,16554,940,17494,240
2021-06-03,Marin,041,260295,14121,14095,263,14358,230
2021-06-03,Mariposa,043,17540,434,435,11,446,5
2021-06-03,Mendocino,045,87422,4057,3978,76,4054,47
2021-06-03,Merced,047,269075,31161,31199,991,32190,459
2021-06-03,Modoc,049,8938,386,376,133,509,3
2021-06-03,Mono,051,14174,1259,1275,15,1290,3
2021-06-03,Monterey,053,433212,43245,43063,1879,44942,415
2021-06-03,Napa,055,140530,9942,9957,38,9995,81
2021-06-03,Nevada,057,99092,4872,4837,193,5030,72
2021-06-03,Orange,059,3164182,255694,254676,11418,266094,5056
2021-06-03,Placer,061,380077,23436,23100,1523,24623,293
2021-06-03,Plumas,063,18699,712,691,11,702,4
2021-06-03,Riverside,065,2383286,294525,289035,14103,303138,4447
2021-06-03,Sacramento,067,1510023,106826,106526,1812,108338,1654
2021-06-03,San Benito,069,59416,6069,6073,116,6189,63
2021-06-03,San Bernardino,071,2135413,293649,293021,9014,302035,4762
2021-06-03,San Diego,073,3302833,281382,280430,15047,295477,3761
2021-06-03,San Francisco,075,870044,36856,37072,1308,38380,551
2021-06-03,San Joaquin,077,732212,73454,72989,3604,76593,1388
2021-06-03,San Luis Obispo,079,281455,21378,21224,751,21975,255
2021-06-03,San Mateo,081,765935,42476,42396,476,42872,467
2021-06-03,Santa Barbara,083,443738,34690,34391,1202,35593,459
2021-06-03,Santa Clara,085,1922200,118881,119592,769,120361,2058
2021-06-03,Santa Cruz,087,273765,16244,16144,816,16960,207
2021-06-03,Shasta,089,179085,12438,12441,1607,14048,199
2021-06-03,Sierra,091,2930,57,55,12,67,0
2021-06-03,Siskiyou,093,43540,1947,1862,367,2229,21
2021-06-03,Solano,095,438530,33050,33019,562,33581,256
2021-06-03,Sonoma,097,501317,30314,30383,343,30726,322
2021-06-03,Stanislaus,099,539301,56684,56401,5982,62383,973
2021-06-03,Sutter,101,95872,9567,9539,88,9627,111
2021-06-03,Tehama,103,63373,5102,5087,585,5672,63
2021-06-03,Trinity,105,12862,486,328,97,425,3
2021-06-03,Tulare,107,460477,50309,49442,9141,58583,848
2021-06-03,Tuolumne,109,53932,4030,4095,40,4135,63
2021-06-03,Ventura,111,848112,81523,81078,3008,84086,1023
2021-06-03,Yolo,113,214977,14054,14078,327,14405,210
2021-06-03,Yuba,115,75493,6106,6077,130,6207,49
2021-06-02,Alameda,001,1643700,88480,88525,1986,90511,1254
2021-06-02,Alpine,003,1148,87,88,0,88,0
2021-06-02,Amador,005,37829,3699,3687,33,3720,46
2021-06-02,Butte,007,227075,12625,12432,1835,14267,193
2021-06-02,Calaveras,009,45235,2177,2174,14,2188,55
2021-06-02,Colusa,011,21464,1956,1957,317,2274,15
2021-06-02,Contra Costa,013,1133247,69978,69455,1292,70747,814
2021-06-02,Del Norte,015,27424,1423,1395,13,1408,8
2021-06-02,El Dorado,017,186661,10326,10275,732,11007,110
2021-06-02,Fresno,019,978130,103030,102547,8768,111315,1707
2021-06-02,Glenn,021,27897,2435,2421,564,2985,19
2021-06-02,Humboldt,023,135768,4332,4302,38,4340,42
2021-06-02,Imperial,025,180216,28659,28737,2853,31590,738
2021-06-02,Inyo,027,18085,1404,1403,12,1415,35
2021-06-02,Kern,029,883053,97507,96481,11015,107496,1326
2021-06-02,Kings,031,150075,23200,22981,1097,24078,244
2021-06-02,Lake,033,64148,3543,3522,9,3531,45
2021-06-02,Lassen,035,31185,5223,5177,116,5293,6
2021-06-02,Los Angeles,037,10098052,1205952,1202760,41869,1244629,24375
2021-06-02,Madera,039,155013,16657,16550,940,17490,240
2021-06-02,Marin,041,260295,14119,14091,263,14354,229
2021-06-02,Mariposa,043,17540,434,434,11,445,5
2021-06-02,Mendocino,045,87422,4051,3970,76,4046,47
2021-06-02,Merced,047,269075,31148,31195,990,32185,458
2021-06-02,Modoc,049,8938,385,375,132,507,3
2021-06-02,Mono,051,14174,1259,1275,15,1290,3
2021-06-02,Monterey,053,433212,43243,43056,1879,44935,380
2021-06-02,Napa,055,140530,9941,9953,38,9991,82
2021-06-02,Nevada,057,99092,4869,4833,193,5026,72
2021-06-02,Orange,059,3164182,255646,254637,11413,266050,5055
2021-06-02,Placer,061,380077,23415,23058,1521,24579,293
2021-06-02,Plumas,063,18699,712,690,11,701,4
2021-06-02,Riverside,065,2383286,294466,289012,14093,303105,4445
2021-06-02,Sacramento,067,1510023,106761,106435,1806,108241,1649
2021-06-02,San Benito,069,59416,6068,6073,116,6189,63
2021-06-02,San Bernardino,071,2135413,293601,293004,9009,302013,4760
2021-06-02,San Diego,073,3302833,281302,280347,15026,295373,3760
2021-06-02,San Francisco,075,870044,36836,37050,1307,38357,550
2021-06-02,San Joaquin,077,732212,73423,72893,3601,76494,1387
2021-06-02,San Luis Obispo,079,281455,21371,21214,750,21964,255
2021-06-02,San Mateo,081,765935,42466,42383,475,42858,464
2021-06-02,Santa Barbara,083,443738,34684,34381,1202,35583,456
2021-06-02,Santa Clara,085,1922200,118853,119553,768,120321,2058
2021-06-02,Santa Cruz,087,273765,16241,16144,816,16960,207
2021-06-02,Shasta,089,179085,12420,12426,1602,14028,199
2021-06-02,Sierra,091,2930,57,55,12,67,0
2021-06-02,Siskiyou,093,43540,1947,1861,365,2226,21
2021-06-02,Solano,095,438530,33038,33007,561,33568,256
2021-06-02,Sonoma,097,501317,30295,30359,338,30697,322
2021-06-02,Stanislaus,099,539301,56655,56377,5977,62354,973
2021-06-02,Sutter,101,95872,9564,9533,88,9621,111
2021-06-02,Tehama,103,63373,5099,5081,585,5666,63
2021-06-02,Trinity,105,12862,484,328,97,425,3
2021-06-02,Tulare,107,460477,50301,49434,9137,58571,846
2021-06-02,Tuolumne,109,53932,4029,4095,40,4135,63
2021-06-02,Ventura,111,848112,81498,81033,3008,84041,1020
2021-06-02,Yolo,113,214977,14051,14074,326,14400,210
2021-06-02,Yuba,115,75493,6100,6072,130,6202,48
2021-06-01,Alameda,001,1643700,88446,88472,1984,90456,1253
2021-06-01,Alpine,003,1148,87,88,0,88,0
2021-06-01,Amador,005,37829,3697,3687,33,3720,46
2021-06-01,Butte,007,227075,12611,12427,1834,14261,193
2021-06-01,Calaveras,009,45235,2175,2173,14,2187,55
2021-06-01,Colusa,011,21464,1955,1955,316,2271,15
2021-06-01,Contra Costa,013,1133247,69921,69404,1292,70696,813
2021-06-01,Del Norte,015,27424,1422,1394,13,1407,8
2021-06-01,El Dorado,017,186661,10320,10271,732,11003,110
2021-06-01,Fresno,019,978130,103006,102534,8765,111299,1706
2021-06-01,Glenn,021,27897,2435,2422,564,2986,18
2021-06-01,Humboldt,023,135768,4322,4299,38,4337,42
2021-06-01,Imperial,025,180216,28655,28722,2852,31574,736
2021-06-01,Inyo,027,18085,1404,1403,12,1415,35
2021-06-01,Kern,029,883053,97480,96477,11007,107484,1319
2021-06-01,Kings,031,150075,23196,22977,1097,24074,244
2021-06-01,Lake,033,64148,3542,3523,9,3532,45
2021-06-01,Lassen,035,31185,5216,5172,116,5288,6
2021-06-01,Los Angeles,037,10098052,1205717,1202673,41856,1244529,24367
2021-06-01,Madera,039,155013,16648,16549,939,17488,240
2021-06-01,Marin,041,260295,14117,14081,263,14344,229
2021-06-01,Mariposa,043,17540,434,431,11,442,5
2021-06-01,Mendocino,045,87422,4044,3966,76,4042,47
2021-06-01,Merced,047,269075,31138,31195,990,32185,456
2021-06-01,Modoc,049,8938,383,375,132,507,3
2021-06-01,Mono,051,14174,1259,1275,15,1290,3
2021-06-01,Monterey,053,433212,43237,43051,1879,44930,379
2021-06-01,Napa,055,140530,9939,9949,38,9987,82
2021-06-01,Nevada,057,99092,4864,4825,193,5018,72
2021-06-01,Orange,059,3164182,255610,254603,11405,266008,5051
2021-06-01,Placer,061,380077,23385,23021,1519,24540,293
2021-06-01,Plumas,063,18699,711,690,11,701,4
2021-06-01,Riverside,065,2383286,294414,288996,14087,303083,4442
2021-06-01,Sacramento,067,1510023,106689,106330,1804,108134,1644
2021-06-01,San Benito,069,59416,6067,6073,115,6188,63
2021-06-01,San Bernardino,071,2135413,293577,292990,9008,301998,4758
2021-06-01,San Diego,073,3302833,281198,280305,15009,295314,3756
2021-06-01,San Francisco,075,870044,36820,37031,1307,38338,550
2021-06-01,San Joaquin,077,732212,73391,72858,3599,76457,1383
2021-06-01,San Luis Obispo,079,281455,21366,21217,750,21967,256
2021-06-01,San Mateo,081,765935,42449,42383,474,42857,462
2021-06-01,Santa Barbara,083,443738,34680,34374,1202,35576,456
2021-06-01,Santa Clara,085,1922200,118825,119528,768,120296,2057
2021-06-01,Santa Cruz,087,273765,16237,16143,815,16958,207
2021-06-01,Shasta,089,179085,12411,12409,1597,14006,199
2021-06-01,Sierra,091,2930,57,55,12,67,0
2021-06-01,Siskiyou,093,43540,1940,1860,364,2224,21
2021-06-01,Solano,095,438530,33013,32974,560,33534,256
2021-06-01,Sonoma,097,501317,30256,30324,337,30661,322
2021-06-01,Stanislaus,099,539301,56630,56348,5975,62323,973
2021-06-01,Sutter,101,95872,9557,9528,88,9616,111
2021-06-01,Tehama,103,63373,5097,5079,585,5664,63
2021-06-01,Trinity,105,12862,483,328,96,424,3
2021-06-01,Tulare,107,460477,50293,49419,9133,58552,845
2021-06-01,Tuolumne,109,53932,4029,4094,40,4134,63
2021-06-01,Ventura,111,848112,81482,81018,3007,84025,1021
2021-06-01,Yolo,113,214977,14045,14067,326,14393,210
2021-06-01,Yuba,115,75493,6096,6067,130,6197,48
2021-05-31,Alameda,001,1643700,88408,88458,1980,90438,1253
2021-05-31,Alpine,003,1148,87,88,0,88,0
2021-05-31,Amador,005,37829,3691,3687,33,3720,46
2021-05-31,Butte,007,227075,12598,12429,1834,14263,193
2021-05-31,Calaveras,009,45235,2174,2171,14,2185,55
2021-05-31,Colusa,011,21464,1955,1956,315,2271,15
2021-05-31,Contra Costa,013,1133247,69884,69390,1290,70680,813
2021-05-31,Del Norte,015,27424,1419,1394,13,1407,8
2021-05-31,El Dorado,017,186661,10314,10271,730,11001,110
2021-05-31,Fresno,019,978130,102969,102507,8765,111272,1706
2021-05-31,Glenn,021,27897,2434,2422,563,2985,18
2021-05-31,Humboldt,023,135768,4310,4295,38,4333,42
2021-05-31,Imperial,025,180216,28649,28732,2848,31580,736
2021-05-31,Inyo,027,18085,1403,1403,12,1415,35
2021-05-31,Kern,029,883053,97444,96457,10998,107455,1319
2021-05-31,Kings,031,150075,23192,22977,1097,24074,244
2021-05-31,Lake,033,64148,3537,3523,9,3532,45
2021-05-31,Lassen,035,31185,5214,5172,115,5287,6
2021-05-31,Los Angeles,037,10098052,1205476,1202567,41848,1244415,24364
2021-05-31,Madera,039,155013,16647,16543,938,17481,240
2021-05-31,Marin,041,260295,14115,14080,263,14343,229
2021-05-31,Mariposa,043,17540,434,430,11,441,5
2021-05-31,Mendocino,045,87422,4034,3961,76,4037,47
2021-05-31,Merced,047,269075,31133,31194,990,32184,456
2021-05-31,Modoc,049,8938,382,374,132,506,3
2021-05-31,Mono,051,14174,1259,1275,15,1290,3
2021-05-31,Monterey,053,433212,43233,43051,1879,44930,379
2021-05-31,Napa,055,140530,9932,9948,38,9986,82
2021-05-31,Nevada,057,99092,4854,4823,192,5015,72
2021-05-31,Orange,059,3164182,255583,254572,11398,265970,5051
2021-05-31,Placer,061,380077,23358,23019,1514,24533,293
2021-05-31,Plumas,063,18699,710,690,11,701,4
2021-05-31,Riverside,065,2383286,294357,288970,14075,303045,4442
2021-05-31,Sacramento,067,1510023,106592,106278,1798,108076,1644
2021-05-31,San Benito,069,59416,6067,6072,115,6187,63
2021-05-31,San Bernardino,071,2135413,293529,292973,9007,301980,4758
2021-05-31,San Diego,073,3302833,281094,280254,14997,295251,3756
2021-05-31,San Francisco,075,870044,36805,37022,1306,38328,550
2021-05-31,San Joaquin,077,732212,73343,72856,3593,76449,1383
2021-05-31,San Luis Obispo,079,281455,21358,21215,750,21965,256
2021-05-31,San Mateo,081,765935,42433,42389,474,42863,442
2021-05-31,Santa Barbara,083,443738,34667,34369,1200,35569,456
2021-05-31,Santa Clara,085,1922200,118781,119515,768,120283,2057
2021-05-31,Santa Cruz,087,273765,16234,16139,815,16954,207
2021-05-31,Shasta,089,179085,12395,12408,1594,14002,199
2021-05-31,Sierra,091,2930,57,55,12,67,0
2021-05-31,Siskiyou,093,43540,1939,1856,363,2219,21
2021-05-31,Solano,095,438530,32962,32973,560,33533,256
2021-05-31,Sonoma,097,501317,30213,30314,337,30651,322
2021-05-31,Stanislaus,099,539301,56580,56335,5972,62307,973
2021-05-31,Sutter,101,95872,9538,9523,88,9611,111
2021-05-31,Tehama,103,63373,5095,5076,584,5660,63
2021-05-31,Trinity,105,12862,483,328,96,424,3
2021-05-31,Tulare,107,460477,50282,49404,9128,58532,845
2021-05-31,Tuolumne,109,53932,4027,4095,40,4135,63
2021-05-31,Ventura,111,848112,81467,81017,3004,84021,1021
2021-05-31,Yolo,113,214977,14041,14064,326,14390,210
2021-05-31,Yuba,115,75493,6090,6063,127,6190,48
2021-05-30,Alameda,001,1643700,88384,88429,1980,90409,1253
2021-05-30,Alpine,003,1148,87,88,0,88,0
2021-05-30,Amador,005,37829,3687,3685,33,3718,46
2021-05-30,Butte,007,227075,12588,12427,1832,14259,190
2021-05-30,Calaveras,009,45235,2171,2166,14,2180,55
2021-05-30,Colusa,011,21464,1955,1954,315,2269,15
2021-05-30,Contra Costa,013,1133247,69850,69381,1288,70669,813
2021-05-30,Del Norte,015,27424,1418,1393,13,1406,8
2021-05-30,El Dorado,017,186661,10311,10271,730,11001,110
2021-05-30,Fresno,019,978130,102952,102499,8761,111260,1706
2021-05-30,Glenn,021,27897,2434,2422,562,2984,18
2021-05-30,Humboldt,023,135768,4301,4291,38,4329,42
2021-05-30,Imperial,025,180216,28644,28732,2847,31579,736
2021-05-30,Inyo,027,18085,1403,1403,12,1415,35
2021-05-30,Kern,029,883053,97428,96443,10995,107438,1319
2021-05-30,Kings,031,150075,23191,22974,1096,24070,244
2021-05-30,Lake,033,64148,3537,3517,9,3526,45
2021-05-30,Lassen,035,31185,5212,5171,115,5286,6
2021-05-30,Los Angeles,037,10098052,1205368,1202425,41841,1244266,24360
2021-05-30,Madera,039,155013,16643,16538,938,17476,240
2021-05-30,Marin,041,260295,14111,14083,262,14345,229
2021-05-30,Mariposa,043,17540,434,430,11,441,5
2021-05-30,Mendocino,045,87422,4027,3955,76,4031,47
2021-05-30,Merced,047,269075,31129,31189,989,32178,456
2021-05-30,Modoc,049,8938,382,374,132,506,3
2021-05-30,Mono,051,14174,1259,1275,15,1290,3
2021-05-30,Monterey,053,433212,43230,43049,1879,44928,379
2021-05-30,Napa,055,140530,9931,9948,38,9986,82
2021-05-30,Nevada,057,99092,4848,4818,192,5010,72
2021-05-30,Orange,059,3164182,255560,254559,11397,265956,5051
2021-05-30,Placer,061,380077,23352,23016,1514,24530,293
2021-05-30,Plumas,063,18699,708,690,11,701,4
2021-05-30,Riverside,065,2383286,294336,288961,14073,303034,4442
2021-05-30,Sacramento,067,1510023,106547,106252,1796,108048,1644
2021-05-30,San Benito,069,59416,6067,6072,115,6187,63
2021-05-30,San Bernardino,071,2135413,293503,292981,9006,301987,4758
2021-05-30,San Diego,073,3302833,281038,280209,14992,295201,3756
2021-05-30,San Francisco,075,870044,36786,37016,1306,38322,550
2021-05-30,San Joaquin,077,732212,73326,72853,3592,76445,1383
2021-05-30,San Luis Obispo,079,281455,21349,21211,749,21960,256
2021-05-30,San Mateo,081,765935,42425,42386,474,42860,439
2021-05-30,Santa Barbara,083,443738,34663,34369,1200,35569,456
2021-05-30,Santa Clara,085,1922200,118759,119510,764,120274,2057
2021-05-30,Santa Cruz,087,273765,16232,16140,815,16955,207
2021-05-30,Shasta,089,179085,12393,12408,1591,13999,199
2021-05-30,Sierra,091,2930,57,55,12,67,0
2021-05-30,Siskiyou,093,43540,1939,1856,363,2219,21
2021-05-30,Solano,095,438530,32951,32952,559,33511,256
2021-05-30,Sonoma,097,501317,30196,30310,336,30646,322
2021-05-30,Stanislaus,099,539301,56561,56323,5971,62294,973
2021-05-30,Sutter,101,95872,9537,9519,87,9606,111
2021-05-30,Tehama,103,63373,5095,5073,584,5657,63
2021-05-30,Trinity,105,12862,483,328,96,424,3
2021-05-30,Tulare,107,460477,50275,49397,9119,58516,845
2021-05-30,Tuolumne,109,53932,4027,4094,40,4134,63
2021-05-30,Ventura,111,848112,81463,81012,3003,84015,1021
2021-05-30,Yolo,113,214977,14036,14059,325,14384,210
2021-05-30,Yuba,115,75493,6083,6063,126,6189,48
2021-05-29,Alameda,001,1643700,88361,88433,1978,90411,1253
2021-05-29,Alpine,003,1148,87,88,0,88,0
2021-05-29,Amador,005,37829,3686,3683,33,3716,46
2021-05-29,Butte,007,227075,12582,12425,1832,14257,190
2021-05-29,Calaveras,009,45235,2170,2166,14,2180,55
2021-05-29,Colusa,011,21464,1952,1954,315,2269,15
2021-05-29,Contra Costa,013,1133247,69817,69351,1288,70639,813
2021-05-29,Del Norte,015,27424,1418,1391,13,1404,8
2021-05-29,El Dorado,017,186661,10310,10269,728,10997,110
2021-05-29,Fresno,019,978130,102940,102470,8758,111228,1706
2021-05-29,Glenn,021,27897,2434,2422,561,2983,18
2021-05-29,Humboldt,023,135768,4295,4283,38,4321,42
2021-05-29,Imperial,025,180216,28641,28729,2846,31575,736
2021-05-29,Inyo,027,18085,1403,1404,12,1416,35
2021-05-29,Kern,029,883053,97417,96424,10982,107406,1319
2021-05-29,Kings,031,150075,23190,22970,1095,24065,244
2021-05-29,Lake,033,64148,3537,3515,9,3524,45
2021-05-29,Lassen,035,31185,5212,5171,115,5286,6
2021-05-29,Los Angeles,037,10098052,1205245,1202264,41837,1244101,24359
2021-05-29,Madera,039,155013,16641,16535,938,17473,240
2021-05-29,Marin,041,260295,14107,14071,261,14332,229
2021-05-29,Mariposa,043,17540,433,428,11,439,5
2021-05-29,Mendocino,045,87422,4021,3952,76,4028,47
2021-05-29,Merced,047,269075,31117,31187,989,32176,456
2021-05-29,Modoc,049,8938,382,374,132,506,3
2021-05-29,Mono,051,14174,1259,1275,15,1290,3
2021-05-29,Monterey,053,433212,43228,43042,1879,44921,379
2021-05-29,Napa,055,140530,9928,9948,38,9986,82
2021-05-29,Nevada,057,99092,4847,4816,192,5008,72
2021-05-29,Orange,059,3164182,255538,254537,11387,265924,5049
2021-05-29,Placer,061,380077,23337,23009,1513,24522,293
2021-05-29,Plumas,063,18699,708,689,11,700,4
2021-05-29,Riverside,065,2383286,294316,288908,14072,302980,4442
2021-05-29,Sacramento,067,1510023,106517,106218,1795,108013,1643
2021-05-29,San Benito,069,59416,6066,6072,115,6187,63
2021-05-29,San Bernardino,071,2135413,293471,292961,9005,301966,4757
2021-05-29,San Diego,073,3302833,280979,280151,14987,295138,3756
2021-05-29,San Francisco,075,870044,36777,37008,1306,38314,550
2021-05-29,San Joaquin,077,732212,73310,72827,3590,76417,1383
2021-05-29,San Luis Obispo,079,281455,21347,21201,749,21950,256
2021-05-29,San Mateo,081,765935,42418,42375,473,42848,439
2021-05-29,Santa Barbara,083,443738,34659,34367,1200,35567,456
2021-05-29,Santa Clara,085,1922200,118735,119498,763,120261,2056
2021-05-29,Santa Cruz,087,273765,16231,16137,815,16952,207
2021-05-29,Shasta,089,179085,12385,12401,1590,13991,199
2021-05-29,Sierra,091,2930,57,55,12,67,0
2021-05-29,Siskiyou,093,43540,1934,1856,363,2219,21
2021-05-29,Solano,095,438530,32942,32917,559,33476,256
2021-05-29,Sonoma,097,501317,30173,30298,335,30633,322
2021-05-29,Stanislaus,099,539301,56541,56305,5969,62274,974
2021-05-29,Sutter,101,95872,9533,9516,87,9603,111
2021-05-29,Tehama,103,63373,5094,5070,584,5654,63
2021-05-29,Trinity,105,12862,483,328,96,424,3
2021-05-29,Tulare,107,460477,50265,49392,9115,58507,845
2021-05-29,Tuolumne,109,53932,4027,4093,40,4133,63
2021-05-29,Ventura,111,848112,81455,81008,3003,84011,1021
2021-05-29,Yolo,113,214977,14035,14055,325,14380,210
2021-05-29,Yuba,115,75493,6083,6059,126,6185,48
2021-05-28,Alameda,001,1643700,88337,88391,1974,90365,1261
2021-05-28,Alpine,003,1148,87,88,0,88,0
2021-05-28,Amador,005,37829,3686,3680,33,3713,46
2021-05-28,Butte,007,227075,12579,12407,1831,14238,190
2021-05-28,Calaveras,009,45235,2170,2165,14,2179,55
2021-05-28,Colusa,011,21464,1952,1954,313,2267,15
2021-05-28,Contra Costa,013,1133247,69781,69290,1287,70577,813
2021-05-28,Del Norte,015,27424,1417,1390,13,1403,8
2021-05-28,El Dorado,017,186661,10307,10265,728,10993,110
2021-05-28,Fresno,019,978130,102925,102437,8758,111195,1705
2021-05-28,Glenn,021,27897,2434,2419,561,2980,18
2021-05-28,Humboldt,023,135768,4289,4265,38,4303,42
2021-05-28,Imperial,025,180216,28638,28722,2846,31568,736
2021-05-28,Inyo,027,18085,1403,1404,12,1416,35
2021-05-28,Kern,029,883053,97400,96396,10974,107370,1320
2021-05-28,Kings,031,150075,23188,22962,1095,24057,244
2021-05-28,Lake,033,64148,3535,3515,9,3524,45
2021-05-28,Lassen,035,31185,5212,5169,115,5284,6
2021-05-28,Los Angeles,037,10098052,1205135,1202103,41826,1243929,24357
2021-05-28,Madera,039,155013,16639,16530,938,17468,240
2021-05-28,Marin,041,260295,14106,14063,260,14323,229
2021-05-28,Mariposa,043,17540,433,428,11,439,5
2021-05-28,Mendocino,045,87422,4016,3947,76,4023,47
2021-05-28,Merced,047,269075,31114,31176,989,32165,455
2021-05-28,Modoc,049,8938,382,374,132,506,3
2021-05-28,Mono,051,14174,1259,1274,15,1289,3
2021-05-28,Monterey,053,433212,43227,43036,1879,44915,379
2021-05-28,Napa,055,140530,9928,9941,38,9979,82
2021-05-28,Nevada,057,99092,4845,4813,192,5005,71
2021-05-28,Orange,059,3164182,255518,254494,11385,265879,5047
2021-05-28,Placer,061,380077,23327,22987,1511,24498,293
2021-05-28,Plumas,063,18699,706,688,11,699,4
2021-05-28,Riverside,065,2383286,294294,288872,14070,302942,4442
2021-05-28,Sacramento,067,1510023,106461,106131,1793,107924,1642
2021-05-28,San Benito,069,59416,6066,6074,115,6189,63
2021-05-28,San Bernardino,071,2135413,293448,292905,9005,301910,4757
2021-05-28,San Diego,073,3302833,280916,280043,14976,295019,3756
2021-05-28,San Francisco,075,870044,36771,36987,1306,38293,546
2021-05-28,San Joaquin,077,732212,73280,72793,3588,76381,1383
2021-05-28,San Luis Obispo,079,281455,21343,21190,747,21937,256
2021-05-28,San Mateo,081,765935,42412,42364,473,42837,439
2021-05-28,Santa Barbara,083,443738,34658,34371,1200,35571,455
2021-05-28,Santa Clara,085,1922200,118711,119462,763,120225,2056
2021-05-28,Santa Cruz,087,273765,16230,16129,815,16944,207
2021-05-28,Shasta,089,179085,12376,12383,1588,13971,198
2021-05-28,Sierra,091,2930,57,54,12,66,0
2021-05-28,Siskiyou,093,43540,1932,1850,363,2213,19
2021-05-28,Solano,095,438530,32927,32892,559,33451,256
2021-05-28,Sonoma,097,501317,30154,30270,335,30605,321
2021-05-28,Stanislaus,099,539301,56518,56278,5966,62244,974
2021-05-28,Sutter,101,95872,9529,9511,87,9598,111
2021-05-28,Tehama,103,63373,5088,5064,584,5648,63
2021-05-28,Trinity,105,12862,483,328,96,424,3
2021-05-28,Tulare,107,460477,50260,49375,9105,58480,846
2021-05-28,Tuolumne,109,53932,4027,4090,40,4130,63
2021-05-28,Ventura,111,848112,81444,80985,3002,83987,1021
2021-05-28,Yolo,113,214977,14031,14050,324,14374,210
2021-05-28,Yuba,115,75493,6081,6050,125,6175,48
2021-05-27,Alameda,001,1643700,88301,88342,1973,90315,1274
2021-05-27,Alpine,003,1148,87,88,0,88,0
2021-05-27,Amador,005,37829,3683,3680,33,3713,46
2021-05-27,Butte,007,227075,12573,12401,1830,14231,190
2021-05-27,Calaveras,009,45235,2168,2163,14,2177,55
2021-05-27,Colusa,011,21464,1949,1952,313,2265,15
2021-05-27,Contra Costa,013,1133247,69739,69245,1285,70530,813
2021-05-27,Del Norte,015,27424,1417,1388,13,1401,8
2021-05-27,El Dorado,017,186661,10306,10248,728,10976,112
2021-05-27,Fresno,019,978130,102908,102413,8755,111168,1704
2021-05-27,Glenn,021,27897,2434,2415,561,2976,18
2021-05-27,Humboldt,023,135768,4281,4260,38,4298,42
2021-05-27,Imperial,025,180216,28627,28728,2846,31574,736
2021-05-27,Inyo,027,18085,1403,1404,12,1416,35
2021-05-27,Kern,029,883053,97384,96364,10966,107330,1322
2021-05-27,Kings,031,150075,23185,22953,1095,24048,245
2021-05-27,Lake,033,64148,3530,3509,9,3518,45
2021-05-27,Lassen,035,31185,5211,5170,114,5284,6
2021-05-27,Los Angeles,037,10098052,1204973,1201927,41810,1243737,24348
2021-05-27,Madera,039,155013,16630,16527,938,17465,240
2021-05-27,Marin,041,260295,14102,14061,260,14321,229
2021-05-27,Mariposa,043,17540,431,427,11,438,5
2021-05-27,Mendocino,045,87422,4010,3945,76,4021,47
2021-05-27,Merced,047,269075,31102,31161,989,32150,455
2021-05-27,Modoc,049,8938,381,374,132,506,3
2021-05-27,Mono,051,14174,1259,1276,15,1291,3
2021-05-27,Monterey,053,433212,43221,43032,1879,44911,379
2021-05-27,Napa,055,140530,9927,9934,38,9972,82
2021-05-27,Nevada,057,99092,4841,4807,190,4997,71
2021-05-27,Orange,059,3164182,255481,254438,11381,265819,5059
2021-05-27,Placer,061,380077,23318,22966,1511,24477,293
2021-05-27,Plumas,063,18699,706,687,11,698,4
2021-05-27,Riverside,065,2383286,294258,288835,14065,302900,4443
2021-05-27,Sacramento,067,1510023,106385,106015,1790,107805,1642
2021-05-27,San Benito,069,59416,6065,6074,115,6189,63
2021-05-27,San Bernardino,071,2135413,293412,292755,9003,301758,4756
2021-05-27,San Diego,073,3302833,280842,279960,14962,294922,3756
2021-05-27,San Francisco,075,870044,36765,36980,1303,38283,546
2021-05-27,San Joaquin,077,732212,73248,72714,3584,76298,1388
2021-05-27,San Luis Obispo,079,281455,21340,21171,747,21918,256
2021-05-27,San Mateo,081,765935,42403,42345,473,42818,436
2021-05-27,Santa Barbara,083,443738,34654,34355,1200,35555,456
2021-05-27,Santa Clara,085,1922200,118690,119452,763,120215,2053
2021-05-27,Santa Cruz,087,273765,16227,16134,815,16949,207
2021-05-27,Shasta,089,179085,12365,12380,1588,13968,202
2021-05-27,Sierra,091,2930,57,54,12,66,0
2021-05-27,Siskiyou,093,43540,1929,1846,363,2209,18
2021-05-27,Solano,095,438530,32886,32855,558,33413,257
2021-05-27,Sonoma,097,501317,30127,30253,331,30584,321
2021-05-27,Stanislaus,099,539301,56490,56207,5965,62172,974
2021-05-27,Sutter,101,95872,9525,9501,87,9588,111
2021-05-27,Tehama,103,63373,5085,5064,583,5647,63
2021-05-27,Trinity,105,12862,483,328,96,424,3
2021-05-27,Tulare,107,460477,50246,49366,9096,58462,840
2021-05-27,Tuolumne,109,53932,4026,4090,40,4130,66
2021-05-27,Ventura,111,848112,81431,80965,2999,83964,1023
2021-05-27,Yolo,113,214977,14028,14036,324,14360,213
2021-05-27,Yuba,115,75493,6076,6040,124,6164,48
2021-05-26,Alameda,001,1643700,88272,88297,1973,90270,1266
2021-05-26,Alpine,003,1148,87,88,0,88,0
2021-05-26,Amador,005,37829,3683,3679,33,3712,46
2021-05-26,Butte,007,227075,12564,12332,1829,14161,190
2021-05-26,Calaveras,009,45235,2167,2154,14,2168,55
2021-05-26,Colusa,011,21464,1948,1952,313,2265,15
2021-05-26,Contra Costa,013,1133247,69702,69210,1285,70495,812
2021-05-26,Del Norte,015,27424,1417,1386,12,1398,8
2021-05-26,El Dorado,017,186661,10302,10242,727,10969,112
2021-05-26,Fresno,019,978130,102876,102374,8750,111124,1702
2021-05-26,Glenn,021,27897,2433,2415,561,2976,18
2021-05-26,Humboldt,023,135768,4276,4246,38,4284,42
2021-05-26,Imperial,025,180216,28622,28712,2844,31556,734
2021-05-26,Inyo,027,18085,1403,1403,12,1415,36
2021-05-26,Kern,029,883053,97359,96343,10959,107302,1320
2021-05-26,Kings,031,150075,23181,22950,1094,24044,245
2021-05-26,Lake,033,64148,3529,3508,9,3517,45
2021-05-26,Lassen,035,31185,5210,5164,114,5278,6
2021-05-26,Los Angeles,037,10098052,1204807,1198100,41793,1239893,24221
2021-05-26,Madera,039,155013,16627,16520,938,17458,240
2021-05-26,Marin,041,260295,14099,14061,259,14320,227
2021-05-26,Mariposa,043,17540,431,427,11,438,5
2021-05-26,Mendocino,045,87422,4004,3938,76,4014,47
2021-05-26,Merced,047,269075,31093,31139,989,32128,455
2021-05-26,Modoc,049,8938,381,371,131,502,3
2021-05-26,Mono,051,14174,1259,1274,15,1289,3
2021-05-26,Monterey,053,433212,43215,43018,1878,44896,379
2021-05-26,Napa,055,140530,9920,9932,36,9968,82
2021-05-26,Nevada,057,99092,4836,4803,190,4993,70
2021-05-26,Orange,059,3164182,255445,254368,11378,265746,5058
2021-05-26,Placer,061,380077,23294,22940,1511,24451,293
2021-05-26,Plumas,063,18699,705,685,11,696,4
2021-05-26,Riverside,065,2383286,294212,288782,14058,302840,4443
2021-05-26,Sacramento,067,1510023,106299,105919,1786,107705,1637
2021-05-26,San Benito,069,59416,6065,6074,115,6189,63
2021-05-26,San Bernardino,071,2135413,293377,292662,9002,301664,4755
2021-05-26,San Diego,073,3302833,280767,279859,14952,294811,3755
2021-05-26,San Francisco,075,870044,36753,36954,1303,38257,546
2021-05-26,San Joaquin,077,732212,73207,72681,3581,76262,1388
2021-05-26,San Luis Obispo,079,281455,21335,21163,747,21910,256
2021-05-26,San Mateo,081,765935,42394,42331,473,42804,436
2021-05-26,Santa Barbara,083,443738,34645,34348,1200,35548,459
2021-05-26,Santa Clara,085,1922200,118663,119421,762,120183,2031
2021-05-26,Santa Cruz,087,273765,16226,16139,815,16954,207
2021-05-26,Shasta,089,179085,12351,12357,1585,13942,202
2021-05-26,Sierra,091,2930,57,54,12,66,0
2021-05-26,Siskiyou,093,43540,1927,1847,361,2208,18
2021-05-26,Solano,095,438530,32850,32831,558,33389,257
2021-05-26,Sonoma,097,501317,30101,30230,331,30561,321
2021-05-26,Stanislaus,099,539301,56467,56193,5962,62155,974
2021-05-26,Sutter,101,95872,9520,9495,87,9582,112
2021-05-26,Tehama,103,63373,5084,5054,580,5634,63
2021-05-26,Trinity,105,12862,483,328,96,424,3
2021-05-26,Tulare,107,460477,50239,49352,9092,58444,839
2021-05-26,Tuolumne,109,53932,4022,4088,39,4127,66
2021-05-26,Ventura,111,848112,81408,80944,2997,83941,1023
2021-05-26,Yolo,113,214977,14025,14025,324,14349,213
2021-05-26,Yuba,115,75493,6071,6036,124,6160,49
2021-05-25,Alameda,001,1643700,88241,88237,1973,90210,1263
2021-05-25,Alpine,003,1148,87,88,0,88,0
2021-05-25,Amador,005,37829,3678,3676,33,3709,46
2021-05-25,Butte,007,227075,12553,12295,1828,14123,189
2021-05-25,Calaveras,009,45235,2165,2148,14,2162,55
2021-05-25,Colusa,011,21464,1947,1949,313,2262,15
2021-05-25,Contra Costa,013,1133247,69649,69167,1280,70447,809
2021-05-25,Del Norte,015,27424,1417,1385,12,1397,8
2021-05-25,El Dorado,017,186661,10295,10240,726,10966,112
2021-05-25,Fresno,019,978130,102854,102329,8749,111078,1701
2021-05-25,Glenn,021,27897,2432,2414,560,2974,17
2021-05-25,Humboldt,023,135768,4269,4231,36,4267,42
2021-05-25,Imperial,025,180216,28615,28586,2844,31430,735
2021-05-25,Inyo,027,18085,1403,1402,12,1414,36
2021-05-25,Kern,029,883053,97328,96319,10945,107264,1319
2021-05-25,Kings,031,150075,23174,22944,1094,24038,245
2021-05-25,Lake,033,64148,3528,3508,9,3517,44
2021-05-25,Lassen,035,31185,5206,5164,114,5278,6
2021-05-25,Los Angeles,037,10098052,1204628,1197940,41774,1239714,24212
2021-05-25,Madera,039,155013,16622,16519,937,17456,240
2021-05-25,Marin,041,260295,14093,14053,259,14312,227
2021-05-25,Mariposa,043,17540,430,427,11,438,5
2021-05-25,Mendocino,045,87422,3999,3928,76,4004,47
2021-05-25,Merced,047,269075,31072,31132,989,32121,455
2021-05-25,Modoc,049,8938,380,367,131,498,3
2021-05-25,Mono,051,14174,1259,1274,15,1289,3
2021-05-25,Monterey,053,433212,43211,43012,1877,44889,379
2021-05-25,Napa,055,140530,9918,9926,36,9962,82
2021-05-25,Nevada,057,99092,4830,4795,190,4985,70
2021-05-25,Orange,059,3164182,255416,254321,11377,265698,5057
2021-05-25,Placer,061,380077,23283,22920,1509,24429,292
2021-05-25,Plumas,063,18699,705,684,11,695,4
2021-05-25,Riverside,065,2383286,294173,288725,14055,302780,4443
2021-05-25,Sacramento,067,1510023,106218,105828,1782,107610,1633
2021-05-25,San Benito,069,59416,6065,6073,115,6188,63
2021-05-25,San Bernardino,071,2135413,293317,292485,9000,301485,4755
2021-05-25,San Diego,073,3302833,280687,279786,14947,294733,3753
2021-05-25,San Francisco,075,870044,36730,36939,1303,38242,546
2021-05-25,San Joaquin,077,732212,73165,72628,3578,76206,1387
2021-05-25,San Luis Obispo,079,281455,21332,21153,747,21900,256
2021-05-25,San Mateo,081,765935,42384,42268,473,42741,435
2021-05-25,Santa Barbara,083,443738,34642,34337,1200,35537,459
2021-05-25,Santa Clara,085,1922200,118639,119393,761,120154,2032
2021-05-25,Santa Cruz,087,273765,16221,16141,815,16956,207
2021-05-25,Shasta,089,179085,12341,12328,1582,13910,202
2021-05-25,Sierra,091,2930,56,54,12,66,0
2021-05-25,Siskiyou,093,43540,1926,1845,360,2205,18
2021-05-25,Solano,095,438530,32831,32817,557,33374,256
2021-05-25,Sonoma,097,501317,30072,30207,330,30537,321
2021-05-25,Stanislaus,099,539301,56430,56168,5960,62128,974
2021-05-25,Sutter,101,95872,9516,9495,87,9582,112
2021-05-25,Tehama,103,63373,5082,5048,579,5627,63
2021-05-25,Trinity,105,12862,483,328,95,423,3
2021-05-25,Tulare,107,460477,50229,49326,9084,58410,838
2021-05-25,Tuolumne,109,53932,4022,4084,39,4123,66
2021-05-25,Ventura,111,848112,81390,80905,2997,83902,1022
2021-05-25,Yolo,113,214977,14018,14018,322,14340,213
2021-05-25,Yuba,115,75493,6064,6028,124,6152,49
2021-05-24,Alameda,001,1643700,88199,88182,1972,90154,1263
2021-05-24,Alpine,003,1148,87,88,0,88,0
2021-05-24,Amador,005,37829,3676,3675,33,3708,46
2021-05-24,Butte,007,227075,12540,12279,1825,14104,189
2021-05-24,Calaveras,009,45235,2163,2146,14,2160,54
2021-05-24,Colusa,011,21464,1947,1949,313,2262,15
2021-05-24,Contra Costa,013,1133247,69609,69107,1276,70383,809
2021-05-24,Del Norte,015,27424,1416,1384,12,1396,8
2021-05-24,El Dorado,017,186661,10285,10227,725,10952,112
2021-05-24,Fresno,019,978130,102811,102289,8748,111037,1698
2021-05-24,Glenn,021,27897,2432,2413,560,2973,17
2021-05-24,Humboldt,023,135768,4262,4225,36,4261,42
2021-05-24,Imperial,025,180216,28613,28575,2843,31418,735
2021-05-24,Inyo,027,18085,1403,1402,12,1414,36
2021-05-24,Kern,029,883053,97301,96296,10940,107236,1319
2021-05-24,Kings,031,150075,23170,22940,1094,24034,246
2021-05-24,Lake,033,64148,3526,3506,9,3515,43
2021-05-24,Lassen,035,31185,5202,5163,114,5277,6
2021-05-24,Los Angeles,037,10098052,1204454,1197782,41759,1239541,24201
2021-05-24,Madera,039,155013,16619,16513,936,17449,239
2021-05-24,Marin,041,260295,14091,14051,259,14310,227
2021-05-24,Mariposa,043,17540,429,427,11,438,5
2021-05-24,Mendocino,045,87422,3997,3919,76,3995,47
2021-05-24,Merced,047,269075,31062,31128,988,32116,455
2021-05-24,Modoc,049,8938,380,366,130,496,3
2021-05-24,Mono,051,14174,1259,1270,15,1285,3
2021-05-24,Monterey,053,433212,43206,43005,1876,44881,379
2021-05-24,Napa,055,140530,9918,9924,36,9960,82
2021-05-24,Nevada,057,99092,4827,4790,190,4980,70
2021-05-24,Orange,059,3164182,255382,254287,11367,265654,5056
2021-05-24,Placer,061,380077,23264,22895,1508,24403,292
2021-05-24,Plumas,063,18699,704,683,11,694,4
2021-05-24,Riverside,065,2383286,294116,288669,14045,302714,4442
2021-05-24,Sacramento,067,1510023,106103,105716,1780,107496,1632
2021-05-24,San Benito,069,59416,6065,6072,115,6187,63
2021-05-24,San Bernardino,071,2135413,293277,292343,8999,301342,4747
2021-05-24,San Diego,073,3302833,280578,279715,14937,294652,3749
2021-05-24,San Francisco,075,870044,36710,36934,1301,38235,547
2021-05-24,San Joaquin,077,732212,73133,72586,3577,76163,1371
2021-05-24,San Luis Obispo,079,281455,21314,21146,746,21892,256
2021-05-24,San Mateo,081,765935,42374,42249,473,42722,433
2021-05-24,Santa Barbara,083,443738,34637,34322,1200,35522,459
2021-05-24,Santa Clara,085,1922200,118607,119358,761,120119,2030
2021-05-24,Santa Cruz,087,273765,16216,16135,815,16950,207
2021-05-24,Shasta,089,179085,12324,12315,1579,13894,201
2021-05-24,Sierra,091,2930,56,54,12,66,0
2021-05-24,Siskiyou,093,43540,1923,1840,360,2200,17
2021-05-24,Solano,095,438530,32806,32792,556,33348,254
2021-05-24,Sonoma,097,501317,30057,30187,330,30517,321
2021-05-24,Stanislaus,099,539301,56396,56128,5956,62084,974
2021-05-24,Sutter,101,95872,9510,9486,87,9573,113
2021-05-24,Tehama,103,63373,5079,5043,577,5620,63
2021-05-24,Trinity,105,12862,483,328,95,423,3
2021-05-24,Tulare,107,460477,50222,49318,9080,58398,838
2021-05-24,Tuolumne,109,53932,4022,4083,39,4122,65
2021-05-24,Ventura,111,848112,81377,80876,2995,83871,1022
2021-05-24,Yolo,113,214977,14001,14012,320,14332,213
2021-05-24,Yuba,115,75493,6055,6022,124,6146,49
2021-05-23,Alameda,001,1643700,88135,88157,1969,90126,1263
2021-05-23,Alpine,003,1148,87,88,0,88,0
2021-05-23,Amador,005,37829,3675,3673,33,3706,46
2021-05-23,Butte,007,227075,12526,12271,1824,14095,189
2021-05-23,Calaveras,009,45235,2155,2144,14,2158,54
2021-05-23,Colusa,011,21464,1947,1949,311,2260,15
2021-05-23,Contra Costa,013,1133247,69564,69075,1274,70349,809
2021-05-23,Del Norte,015,27424,1412,1383,12,1395,8
2021-05-23,El Dorado,017,186661,10279,10222,725,10947,112
2021-05-23,Fresno,019,978130,102765,102270,8743,111013,1698
2021-05-23,Glenn,021,27897,2430,2413,560,2973,17
2021-05-23,Humboldt,023,135768,4245,4216,36,4252,42
2021-05-23,Imperial,025,180216,28607,28569,2841,31410,735
2021-05-23,Inyo,027,18085,1403,1402,12,1414,36
2021-05-23,Kern,029,883053,97277,96282,10932,107214,1319
2021-05-23,Kings,031,150075,23157,22939,1092,24031,246
2021-05-23,Lake,033,64148,3523,3504,9,3513,43
2021-05-23,Lassen,035,31185,5198,5163,113,5276,6
2021-05-23,Los Angeles,037,10098052,1204266,1197633,41747,1239380,24197
2021-05-23,Madera,039,155013,16613,16504,936,17440,239
2021-05-23,Marin,041,260295,14082,14048,258,14306,227
2021-05-23,Mariposa,043,17540,429,427,11,438,5
2021-05-23,Mendocino,045,87422,3991,3913,75,3988,47
2021-05-23,Merced,047,269075,31052,31118,988,32106,455
2021-05-23,Modoc,049,8938,376,366,130,496,3
2021-05-23,Mono,051,14174,1258,1270,15,1285,3
2021-05-23,Monterey,053,433212,43196,43003,1876,44879,379
2021-05-23,Napa,055,140530,9914,9923,36,9959,82
2021-05-23,Nevada,057,99092,4817,4790,190,4980,70
2021-05-23,Orange,059,3164182,255344,254277,11361,265638,5050
2021-05-23,Placer,061,380077,23244,22888,1508,24396,292
2021-05-23,Plumas,063,18699,703,683,11,694,4
2021-05-23,Riverside,065,2383286,294048,288641,14041,302682,4442
2021-05-23,Sacramento,067,1510023,105987,105663,1777,107440,1632
2021-05-23,San Benito,069,59416,6064,6072,115,6187,63
2021-05-23,San Bernardino,071,2135413,293226,292327,8998,301325,4747
2021-05-23,San Diego,073,3302833,280488,279690,14926,294616,3751
2021-05-23,San Francisco,075,870044,36699,36927,1300,38227,547
2021-05-23,San Joaquin,077,732212,73084,72571,3574,76145,1371
2021-05-23,San Luis Obispo,079,281455,21304,21141,745,21886,256
2021-05-23,San Mateo,081,765935,42357,42248,473,42721,433
2021-05-23,Santa Barbara,083,443738,34630,34319,1200,35519,459
2021-05-23,Santa Clara,085,1922200,118583,119333,761,120094,2030
2021-05-23,Santa Cruz,087,273765,16213,16130,815,16945,207
2021-05-23,Shasta,089,179085,12307,12313,1575,13888,201
2021-05-23,Sierra,091,2930,56,54,12,66,0
2021-05-23,Siskiyou,093,43540,1918,1826,353,2179,17
2021-05-23,Solano,095,438530,32788,32780,555,33335,254
2021-05-23,Sonoma,097,501317,30028,30168,329,30497,321
2021-05-23,Stanislaus,099,539301,56346,56104,5953,62057,974
2021-05-23,Sutter,101,95872,9501,9479,87,9566,113
2021-05-23,Tehama,103,63373,5072,5041,575,5616,63
2021-05-23,Trinity,105,12862,483,328,95,423,3
2021-05-23,Tulare,107,460477,50208,49310,9076,58386,838
2021-05-23,Tuolumne,109,53932,4019,4081,39,4120,65
2021-05-23,Ventura,111,848112,81347,80872,2994,83866,1022
2021-05-23,Yolo,113,214977,13989,14004,317,14321,213
2021-05-23,Yuba,115,75493,6050,6017,124,6141,49
2021-05-22,Alameda,001,1643700,88109,88101,1969,90070,1263
2021-05-22,Alpine,003,1148,87,88,0,88,0
2021-05-22,Amador,005,37829,3674,3672,33,3705,46
2021-05-22,Butte,007,227075,12514,12265,1823,14088,189
2021-05-22,Calaveras,009,45235,2150,2141,14,2155,54
2021-05-22,Colusa,011,21464,1943,1949,310,2259,15
2021-05-22,Contra Costa,013,1133247,69531,69004,1273,70277,809
2021-05-22,Del Norte,015,27424,1411,1381,12,1393,8
2021-05-22,El Dorado,017,186661,10274,10215,725,10940,112
2021-05-22,Fresno,019,978130,102751,102238,8741,110979,1698
2021-05-22,Glenn,021,27897,2430,2412,560,2972,17
2021-05-22,Humboldt,023,135768,4236,4194,35,4229,42
2021-05-22,Imperial,025,180216,28598,28574,2840,31414,735
2021-05-22,Inyo,027,18085,1403,1402,12,1414,36
2021-05-22,Kern,029,883053,97265,96260,10925,107185,1319
2021-05-22,Kings,031,150075,23157,22936,1092,24028,246
2021-05-22,Lake,033,64148,3520,3502,9,3511,43
2021-05-22,Lassen,035,31185,5198,5163,113,5276,6
2021-05-22,Los Angeles,037,10098052,1204160,1197454,41738,1239192,24192
2021-05-22,Madera,039,155013,16610,16503,936,17439,239
2021-05-22,Marin,041,260295,14079,14043,258,14301,227
2021-05-22,Mariposa,043,17540,429,427,11,438,5
2021-05-22,Mendocino,045,87422,3985,3908,75,3983,47
2021-05-22,Merced,047,269075,31042,31099,988,32087,455
2021-05-22,Modoc,049,8938,376,366,130,496,3
2021-05-22,Mono,051,14174,1256,1270,15,1285,3
2021-05-22,Monterey,053,433212,43190,42998,1876,44874,379
2021-05-22,Napa,055,140530,9912,9918,36,9954,82
2021-05-22,Nevada,057,99092,4810,4787,189,4976,70
2021-05-22,Orange,059,3164182,255323,254238,11355,265593,5048
2021-05-22,Placer,061,380077,23230,22865,1507,24372,292
2021-05-22,Plumas,063,18699,702,683,11,694,4
2021-05-22,Riverside,065,2383286,294016,288580,14040,302620,4442
2021-05-22,Sacramento,067,1510023,105912,105551,1774,107325,1632
2021-05-22,San Benito,069,59416,6064,6071,115,6186,63
2021-05-22,San Bernardino,071,2135413,293201,292292,8998,301290,4747
2021-05-22,San Diego,073,3302833,280429,279614,14918,294532,3751
2021-05-22,San Francisco,075,870044,36689,36906,1298,38204,547
2021-05-22,San Joaquin,077,732212,73062,72528,3571,76099,1371
2021-05-22,San Luis Obispo,079,281455,21296,21134,744,21878,256
2021-05-22,San Mateo,081,765935,42347,42218,473,42691,433
2021-05-22,Santa Barbara,083,443738,34626,34313,1199,35512,459
2021-05-22,Santa Clara,085,1922200,118560,119292,761,120053,2030
2021-05-22,Santa Cruz,087,273765,16213,16125,815,16940,207
2021-05-22,Shasta,089,179085,12301,12307,1572,13879,201
2021-05-22,Sierra,091,2930,56,54,12,66,0
2021-05-22,Siskiyou,093,43540,1917,1824,352,2176,17
2021-05-22,Solano,095,438530,32775,32753,555,33308,254
2021-05-22,Sonoma,097,501317,30016,30154,329,30483,321
2021-05-22,Stanislaus,099,539301,56321,56069,5951,62020,974
2021-05-22,Sutter,101,95872,9496,9476,87,9563,113
2021-05-22,Tehama,103,63373,5071,5036,575,5611,63
2021-05-22,Trinity,105,12862,483,328,95,423,3
2021-05-22,Tulare,107,460477,50202,49299,9071,58370,838
2021-05-22,Tuolumne,109,53932,4019,4078,39,4117,65
2021-05-22,Ventura,111,848112,81343,80859,2994,83853,1022
2021-05-22,Yolo,113,214977,13987,13997,317,14314,213
2021-05-22,Yuba,115,75493,6047,6010,124,6134,49
2021-05-21,Alameda,001,1643700,88083,88041,1968,90009,1263
2021-05-21,Alpine,003,1148,87,88,0,88,0
2021-05-21,Amador,005,37829,3671,3672,33,3705,46
2021-05-21,Butte,007,227075,12507,12236,1821,14057,188
2021-05-21,Calaveras,009,45235,2148,2138,14,2152,54
2021-05-21,Colusa,011,21464,1943,1947,310,2257,15
2021-05-21,Contra Costa,013,1133247,69488,68965,1272,70237,810
2021-05-21,Del Norte,015,27424,1410,1376,12,1388,8
2021-05-21,El Dorado,017,186661,10270,10204,725,10929,112
2021-05-21,Fresno,019,978130,102723,102189,8739,110928,1698
2021-05-21,Glenn,021,27897,2430,2408,560,2968,17
2021-05-21,Humboldt,023,135768,4229,4175,35,4210,42
2021-05-21,Imperial,025,180216,28591,28572,2839,31411,732
2021-05-21,Inyo,027,18085,1403,1402,12,1414,36
2021-05-21,Kern,029,883053,97251,96233,10918,107151,1318
2021-05-21,Kings,031,150075,23157,22927,1092,24019,246
2021-05-21,Lake,033,64148,3518,3500,9,3509,43
2021-05-21,Lassen,035,31185,5197,5161,113,5274,6
2021-05-21,Los Angeles,037,10098052,1204049,1197263,41729,1238992,24180
2021-05-21,Madera,039,155013,16609,16500,935,17435,238
2021-05-21,Marin,041,260295,14074,14042,258,14300,227
2021-05-21,Mariposa,043,17540,428,427,11,438,5
2021-05-21,Mendocino,045,87422,3979,3897,75,3972,47
2021-05-21,Merced,047,269075,31034,31076,988,32064,455
2021-05-21,Modoc,049,8938,376,365,130,495,3
2021-05-21,Mono,051,14174,1256,1269,15,1284,3
2021-05-21,Monterey,053,433212,43188,42995,1876,44871,379
2021-05-21,Napa,055,140530,9908,9913,36,9949,82
2021-05-21,Nevada,057,99092,4809,4779,189,4968,70
2021-05-21,Orange,059,3164182,255304,254171,11353,265524,5042
2021-05-21,Placer,061,380077,23222,22853,1507,24360,292
2021-05-21,Plumas,063,18699,702,683,10,693,4
2021-05-21,Riverside,065,2383286,293989,288499,14033,302532,4442
2021-05-21,Sacramento,067,1510023,105845,105476,1771,107247,1632
2021-05-21,San Benito,069,59416,6064,6068,115,6183,63
2021-05-21,San Bernardino,071,2135413,293169,292205,8995,301200,4744
2021-05-21,San Diego,073,3302833,280358,279554,14908,294462,3748
2021-05-21,San Francisco,075,870044,36683,36879,1298,38177,546
2021-05-21,San Joaquin,077,732212,73043,72467,3569,76036,1371
2021-05-21,San Luis Obispo,079,281455,21290,21128,741,21869,256
2021-05-21,San Mateo,081,765935,42334,42163,472,42635,432
2021-05-21,Santa Barbara,083,443738,34621,34302,1199,35501,459
2021-05-21,Santa Clara,085,1922200,118533,119247,761,120008,2029
2021-05-21,Santa Cruz,087,273765,16209,16120,815,16935,207
2021-05-21,Shasta,089,179085,12284,12289,1570,13859,201
2021-05-21,Sierra,091,2930,56,54,12,66,0
2021-05-21,Siskiyou,093,43540,1916,1815,352,2167,16
2021-05-21,Solano,095,438530,32760,32742,555,33297,254
2021-05-21,Sonoma,097,501317,30003,30126,329,30455,321
2021-05-21,Stanislaus,099,539301,56289,56036,5949,61985,975
2021-05-21,Sutter,101,95872,9494,9470,87,9557,113
2021-05-21,Tehama,103,63373,5065,5030,575,5605,63
2021-05-21,Trinity,105,12862,483,329,94,423,3
2021-05-21,Tulare,107,460477,50197,49271,9069,58340,838
2021-05-21,Tuolumne,109,53932,4017,4079,39,4118,65
2021-05-21,Ventura,111,848112,81335,80821,2991,83812,1021
2021-05-21,Yolo,113,214977,13980,13983,317,14300,213
2021-05-21,Yuba,115,75493,6041,6006,124,6130,49
2021-05-20,Alameda,001,1643700,88039,87975,1967,89942,1264
2021-05-20,Alpine,003,1148,87,88,0,88,0
2021-05-20,Amador,005,37829,3670,3671,33,3704,46
2021-05-20,Butte,007,227075,12500,12220,1818,14038,188
2021-05-20,Calaveras,009,45235,2144,2138,14,2152,54
2021-05-20,Colusa,011,21464,1942,1946,308,2254,15
2021-05-20,Contra Costa,013,1133247,69443,68913,1270,70183,809
2021-05-20,Del Norte,015,27424,1410,1373,12,1385,8
2021-05-20,El Dorado,017,186661,10260,10188,725,10913,112
2021-05-20,Fresno,019,978130,102701,102135,8737,110872,1696
2021-05-20,Glenn,021,27897,2426,2406,560,2966,17
2021-05-20,Humboldt,023,135768,4212,4162,34,4196,42
2021-05-20,Imperial,025,180216,28586,28551,2839,31390,732
2021-05-20,Inyo,027,18085,1403,1402,12,1414,36
2021-05-20,Kern,029,883053,97230,96204,10911,107115,1317
2021-05-20,Kings,031,150075,23155,22922,1092,24014,246
2021-05-20,Lake,033,64148,3515,3500,9,3509,43
2021-05-20,Lassen,035,31185,5195,5160,112,5272,6
2021-05-20,Los Angeles,037,10098052,1203893,1197073,41720,1238793,24168
2021-05-20,Madera,039,155013,16603,16499,933,17432,238
2021-05-20,Marin,041,260295,14070,14036,257,14293,227
2021-05-20,Mariposa,043,17540,428,426,11,437,5
2021-05-20,Mendocino,045,87422,3972,3897,75,3972,47
2021-05-20,Merced,047,269075,31021,31046,987,32033,454
2021-05-20,Modoc,049,8938,376,365,130,495,3
2021-05-20,Mono,051,14174,1255,1269,15,1284,3
2021-05-20,Monterey,053,433212,43182,42984,1875,44859,379
2021-05-20,Napa,055,140530,9905,9913,36,9949,82
2021-05-20,Nevada,057,99092,4808,4775,189,4964,70
2021-05-20,Orange,059,3164182,255261,254127,11350,265477,5038
2021-05-20,Placer,061,380077,23209,22823,1506,24329,292
2021-05-20,Plumas,063,18699,700,682,10,692,4
2021-05-20,Riverside,065,2383286,293941,288453,14028,302481,4442
2021-05-20,Sacramento,067,1510023,105749,105414,1768,107182,1629
2021-05-20,San Benito,069,59416,6063,6067,115,6182,63
2021-05-20,San Bernardino,071,2135413,293123,292153,8994,301147,4728
2021-05-20,San Diego,073,3302833,280270,279490,14896,294386,3749
2021-05-20,San Francisco,075,870044,36674,36860,1298,38158,546
2021-05-20,San Joaquin,077,732212,73005,72388,3567,75955,1371
2021-05-20,San Luis Obispo,079,281455,21278,21095,739,21834,256
2021-05-20,San Mateo,081,765935,42320,42152,470,42622,432
2021-05-20,Santa Barbara,083,443738,34617,34293,1199,35492,459
2021-05-20,Santa Clara,085,1922200,118512,119222,761,119983,2029
2021-05-20,Santa Cruz,087,273765,16204,16119,815,16934,207
2021-05-20,Shasta,089,179085,12271,12266,1567,13833,200
2021-05-20,Sierra,091,2930,56,54,12,66,0
2021-05-20,Siskiyou,093,43540,1909,1811,351,2162,16
2021-05-20,Solano,095,438530,32745,32725,555,33280,253
2021-05-20,Sonoma,097,501317,29986,30107,328,30435,321
2021-05-20,Stanislaus,099,539301,56259,55979,5947,61926,970
2021-05-20,Sutter,101,95872,9490,9467,87,9554,113
2021-05-20,Tehama,103,63373,5063,5029,575,5604,63
2021-05-20,Trinity,105,12862,483,329,93,422,3
2021-05-20,Tulare,107,460477,50186,49217,9066,58283,837
2021-05-20,Tuolumne,109,53932,4016,4077,39,4116,65
2021-05-20,Ventura,111,848112,81324,80800,2991,83791,1019
2021-05-20,Yolo,113,214977,13975,13973,317,14290,211
2021-05-20,Yuba,115,75493,6032,6002,124,6126,49
2021-05-19,Alameda,001,1643700,87999,87889,1965,89854,1260
2021-05-19,Alpine,003,1148,87,88,0,88,0
2021-05-19,Amador,005,37829,3670,3669,33,3702,46
2021-05-19,Butte,007,227075,12490,12198,1818,14016,188
2021-05-19,Calaveras,009,45235,2140,2132,14,2146,54
2021-05-19,Colusa,011,21464,1942,1945,306,2251,15
2021-05-19,Contra Costa,013,1133247,69396,68836,1270,70106,808
2021-05-19,Del Norte,015,27424,1408,1371,12,1383,8
2021-05-19,El Dorado,017,186661,10255,10179,724,10903,112
2021-05-19,Fresno,019,978130,102671,102085,8734,110819,1693
2021-05-19,Glenn,021,27897,2426,2404,560,2964,17
2021-05-19,Humboldt,023,135768,4202,4143,34,4177,42
2021-05-19,Imperial,025,180216,28577,28550,2839,31389,732
2021-05-19,Inyo,027,18085,1403,1402,12,1414,36
2021-05-19,Kern,029,883053,97201,96173,10903,107076,1316
2021-05-19,Kings,031,150075,23149,22919,1092,24011,246
2021-05-19,Lake,033,64148,3515,3497,9,3506,43
2021-05-19,Lassen,035,31185,5194,5157,112,5269,6
2021-05-19,Los Angeles,037,10098052,1203700,1196856,41705,1238561,24143
2021-05-19,Madera,039,155013,16600,16496,933,17429,238
2021-05-19,Marin,041,260295,14066,14033,255,14288,227
2021-05-19,Mariposa,043,17540,428,425,11,436,5
2021-05-19,Mendocino,045,87422,3968,3886,75,3961,47
2021-05-19,Merced,047,269075,31005,31044,987,32031,452
2021-05-19,Modoc,049,8938,376,364,127,491,3
2021-05-19,Mono,051,14174,1255,1266,15,1281,3
2021-05-19,Monterey,053,433212,43177,42973,1874,44847,379
2021-05-19,Napa,055,140530,9902,9906,36,9942,82
2021-05-19,Nevada,057,99092,4806,4769,189,4958,70
2021-05-19,Orange,059,3164182,255224,254087,11340,265427,5035
2021-05-19,Placer,061,380077,23190,22784,1501,24285,291
2021-05-19,Plumas,063,18699,700,682,10,692,4
2021-05-19,Riverside,065,2383286,293894,288398,14026,302424,4442
2021-05-19,Sacramento,067,1510023,105671,105225,1767,106992,1629
2021-05-19,San Benito,069,59416,6062,6064,115,6179,63
2021-05-19,San Bernardino,071,2135413,293079,292078,8991,301069,4725
2021-05-19,San Diego,073,3302833,280186,279345,14875,294220,3746
2021-05-19,San Francisco,075,870044,36661,36835,1297,38132,546
2021-05-19,San Joaquin,077,732212,72962,72338,3562,75900,1369
2021-05-19,San Luis Obispo,079,281455,21270,21085,738,21823,256
2021-05-19,San Mateo,081,765935,42313,42126,470,42596,429
2021-05-19,Santa Barbara,083,443738,34609,34292,1199,35491,459
2021-05-19,Santa Clara,085,1922200,118472,119176,760,119936,2015
2021-05-19,Santa Cruz,087,273765,16200,16121,814,16935,207
2021-05-19,Shasta,089,179085,12253,12233,1563,13796,200
2021-05-19,Sierra,091,2930,56,54,12,66,0
2021-05-19,Siskiyou,093,43540,1906,1803,350,2153,16
2021-05-19,Solano,095,438530,32718,32678,553,33231,253
2021-05-19,Sonoma,097,501317,29971,30080,328,30408,321
2021-05-19,Stanislaus,099,539301,56237,55912,5942,61854,967
2021-05-19,Sutter,101,95872,9483,9459,86,9545,113
2021-05-19,Tehama,103,63373,5055,5026,572,5598,63
2021-05-19,Trinity,105,12862,483,329,93,422,3
2021-05-19,Tulare,107,460477,50173,49163,9061,58224,837
2021-05-19,Tuolumne,109,53932,4016,4074,39,4113,64
2021-05-19,Ventura,111,848112,81308,80747,2990,83737,1019
2021-05-19,Yolo,113,214977,13969,13961,316,14277,211
2021-05-19,Yuba,115,75493,6028,5993,124,6117,49
2021-05-18,Alameda,001,1643700,87925,87816,1965,89781,1254
2021-05-18,Alpine,003,1148,87,88,0,88,0
2021-05-18,Amador,005,37829,3670,3669,33,3702,46
2021-05-18,Butte,007,227075,12477,12164,1816,13980,191
2021-05-18,Calaveras,009,45235,2136,2131,14,2145,54
2021-05-18,Colusa,011,21464,1942,1943,306,2249,14
2021-05-18,Contra Costa,013,1133247,69339,68750,1269,70019,808
2021-05-18,Del Norte,015,27424,1405,1371,12,1383,8
2021-05-18,El Dorado,017,186661,10244,10169,723,10892,112
2021-05-18,Fresno,019,978130,102633,102056,8731,110787,1690
2021-05-18,Glenn,021,27897,2420,2403,559,2962,17
2021-05-18,Humboldt,023,135768,4184,4132,34,4166,42
2021-05-18,Imperial,025,180216,28571,28538,2837,31375,730
2021-05-18,Inyo,027,18085,1403,1401,12,1413,36
2021-05-18,Kern,029,883053,97167,96128,10889,107017,1315
2021-05-18,Kings,031,150075,23143,22916,1092,24008,247
2021-05-18,Lake,033,64148,3513,3495,9,3504,43
2021-05-18,Lassen,035,31185,5193,5157,111,5268,6
2021-05-18,Los Angeles,037,10098052,1203522,1196668,41693,1238361,24133
2021-05-18,Madera,039,155013,16590,16491,932,17423,238
2021-05-18,Marin,041,260295,14063,14026,255,14281,227
2021-05-18,Mariposa,043,17540,428,424,11,435,5
2021-05-18,Mendocino,045,87422,3957,3877,74,3951,47
2021-05-18,Merced,047,269075,30986,31036,987,32023,452
2021-05-18,Modoc,049,8938,375,364,126,490,3
2021-05-18,Mono,051,14174,1254,1265,15,1280,3
2021-05-18,Monterey,053,433212,43171,43001,1874,44875,379
2021-05-18,Napa,055,140530,9902,9905,36,9941,82
2021-05-18,Nevada,057,99092,4799,4762,189,4951,70
2021-05-18,Orange,059,3164182,255183,254041,11330,265371,5031
2021-05-18,Placer,061,380077,23157,22726,1497,24223,291
2021-05-18,Plumas,063,18699,700,682,10,692,4
2021-05-18,Riverside,065,2383286,293839,288354,14019,302373,4438
2021-05-18,Sacramento,067,1510023,105569,105083,1765,106848,1629
2021-05-18,San Benito,069,59416,6061,6065,115,6180,63
2021-05-18,San Bernardino,071,2135413,293021,292014,8986,301000,4722
2021-05-18,San Diego,073,3302833,280078,279254,14866,294120,3742
2021-05-18,San Francisco,075,870044,36641,36818,1297,38115,546
2021-05-18,San Joaquin,077,732212,72915,72282,3558,75840,1368
2021-05-18,San Luis Obispo,079,281455,21260,21080,736,21816,256
2021-05-18,San Mateo,081,765935,42301,42099,469,42568,428
2021-05-18,Santa Barbara,083,443738,34600,34278,1199,35477,459
2021-05-18,Santa Clara,085,1922200,118445,119171,760,119931,2014
2021-05-18,Santa Cruz,087,273765,16192,16137,814,16951,207
2021-05-18,Shasta,089,179085,12235,12197,1557,13754,200
2021-05-18,Sierra,091,2930,56,54,12,66,0
2021-05-18,Siskiyou,093,43540,1905,1799,350,2149,16
2021-05-18,Solano,095,438530,32693,32644,553,33197,253
2021-05-18,Sonoma,097,501317,29951,30054,327,30381,321
2021-05-18,Stanislaus,099,539301,56198,55860,5942,61802,959
2021-05-18,Sutter,101,95872,9475,9453,86,9539,113
2021-05-18,Tehama,103,63373,5051,5020,569,5589,63
2021-05-18,Trinity,105,12862,483,329,92,421,3
2021-05-18,Tulare,107,460477,50165,49142,9056,58198,836
2021-05-18,Tuolumne,109,53932,4014,4073,39,4112,64
2021-05-18,Ventura,111,848112,81292,80726,2987,83713,1017
2021-05-18,Yolo,113,214977,13962,13951,315,14266,211
2021-05-18,Yuba,115,75493,6024,5989,123,6112,49
2021-05-17,Alameda,001,1643700,87870,87766,1962,89728,1253
2021-05-17,Alpine,003,1148,87,88,0,88,0
2021-05-17,Amador,005,37829,3667,3668,33,3701,46
2021-05-17,Butte,007,227075,12469,12144,1816,13960,192
2021-05-17,Calaveras,009,45235,2136,2131,14,2145,53
2021-05-17,Colusa,011,21464,1942,1943,306,2249,14
2021-05-17,Contra Costa,013,1133247,69284,68720,1268,69988,805
2021-05-17,Del Norte,015,27424,1400,1369,12,1381,8
2021-05-17,El Dorado,017,186661,10227,10163,723,10886,112
2021-05-17,Fresno,019,978130,102589,102013,8723,110736,1690
2021-05-17,Glenn,021,27897,2420,2401,559,2960,17
2021-05-17,Humboldt,023,135768,4173,4112,34,4146,42
2021-05-17,Imperial,025,180216,28565,28533,2834,31367,729
2021-05-17,Inyo,027,18085,1403,1401,12,1413,36
2021-05-17,Kern,029,883053,97138,96095,10872,106967,1315
2021-05-17,Kings,031,150075,23140,22918,1092,24010,246
2021-05-17,Lake,033,64148,3508,3489,9,3498,43
2021-05-17,Lassen,035,31185,5190,5156,110,5266,6
2021-05-17,Los Angeles,037,10098052,1203348,1196556,41687,1238243,24123
2021-05-17,Madera,039,155013,16583,16486,932,17418,238
2021-05-17,Marin,041,260295,14057,14021,255,14276,227
2021-05-17,Mariposa,043,17540,427,423,11,434,5
2021-05-17,Mendocino,045,87422,3948,3868,74,3942,46
2021-05-17,Merced,047,269075,30971,31031,987,32018,450
2021-05-17,Modoc,049,8938,374,362,126,488,3
2021-05-17,Mono,051,14174,1250,1265,15,1280,3
2021-05-17,Monterey,053,433212,43164,42995,1874,44869,379
2021-05-17,Napa,055,140530,9901,9894,36,9930,82
2021-05-17,Nevada,057,99092,4795,4761,188,4949,70
2021-05-17,Orange,059,3164182,255136,253993,11323,265316,5031
2021-05-17,Placer,061,380077,23131,22706,1490,24196,289
2021-05-17,Plumas,063,18699,700,682,10,692,4
2021-05-17,Riverside,065,2383286,293770,288304,14015,302319,4433
2021-05-17,Sacramento,067,1510023,105461,105035,1762,106797,1629
2021-05-17,San Benito,069,59416,6058,6067,115,6182,63
2021-05-17,San Bernardino,071,2135413,292972,291989,8978,300967,4724
2021-05-17,San Diego,073,3302833,279946,279146,14844,293990,3742
2021-05-17,San Francisco,075,870044,36629,36816,1295,38111,546
2021-05-17,San Joaquin,077,732212,72877,72234,3555,75789,1359
2021-05-17,San Luis Obispo,079,281455,21251,21079,734,21813,256
2021-05-17,San Mateo,081,765935,42273,42083,469,42552,428
2021-05-17,Santa Barbara,083,443738,34593,34275,1199,35474,459
2021-05-17,Santa Clara,085,1922200,118408,119116,758,119874,2015
2021-05-17,Santa Cruz,087,273765,16189,16151,814,16965,206
2021-05-17,Shasta,089,179085,12213,12163,1556,13719,200
2021-05-17,Sierra,091,2930,56,54,12,66,0
2021-05-17,Siskiyou,093,43540,1896,1795,347,2142,15
2021-05-17,Solano,095,438530,32675,32627,552,33179,253
2021-05-17,Sonoma,097,501317,29928,30043,326,30369,321
2021-05-17,Stanislaus,099,539301,56147,55839,5935,61774,951
2021-05-17,Sutter,101,95872,9468,9447,86,9533,113
2021-05-17,Tehama,103,63373,5048,5016,568,5584,63
2021-05-17,Trinity,105,12862,483,328,92,420,3
2021-05-17,Tulare,107,460477,50143,49107,9049,58156,836
2021-05-17,Tuolumne,109,53932,4014,4071,39,4110,64
2021-05-17,Ventura,111,848112,81272,80699,2987,83686,1017
2021-05-17,Yolo,113,214977,13955,13941,315,14256,211
2021-05-17,Yuba,115,75493,6016,5987,123,6110,49
2021-05-16,Alameda,001,1643700,87806,87743,1962,89705,1253
2021-05-16,Alpine,003,1148,87,88,0,88,0
2021-05-16,Amador,005,37829,3666,3667,33,3700,46
2021-05-16,Butte,007,227075,12455,12140,1816,13956,192
2021-05-16,Calaveras,009,45235,2134,2129,14,2143,53
2021-05-16,Colusa,011,21464,1940,1943,306,2249,14
2021-05-16,Contra Costa,013,1133247,69216,68694,1265,69959,805
2021-05-16,Del Norte,015,27424,1397,1365,12,1377,8
2021-05-16,El Dorado,017,186661,10211,10159,722,10881,112
2021-05-16,Fresno,019,978130,102545,101987,8717,110704,1690
2021-05-16,Glenn,021,27897,2420,2401,558,2959,17
2021-05-16,Humboldt,023,135768,4158,4104,34,4138,42
2021-05-16,Imperial,025,180216,28554,28516,2832,31348,729
2021-05-16,Inyo,027,18085,1403,1401,12,1413,36
2021-05-16,Kern,029,883053,97105,96083,10851,106934,1315
2021-05-16,Kings,031,150075,23136,22918,1089,24007,246
2021-05-16,Lake,033,64148,3505,3489,9,3498,43
2021-05-16,Lassen,035,31185,5189,5156,110,5266,6
2021-05-16,Los Angeles,037,10098052,1203125,1196397,41671,1238068,24120
2021-05-16,Madera,039,155013,16578,16483,929,17412,238
2021-05-16,Marin,041,260295,14054,14015,255,14270,227
2021-05-16,Mariposa,043,17540,427,423,11,434,5
2021-05-16,Mendocino,045,87422,3938,3863,74,3937,46
2021-05-16,Merced,047,269075,30950,31023,985,32008,450
2021-05-16,Modoc,049,8938,374,362,126,488,3
2021-05-16,Mono,051,14174,1250,1265,15,1280,3
2021-05-16,Monterey,053,433212,43159,42991,1874,44865,379
2021-05-16,Napa,055,140530,9898,9891,36,9927,82
2021-05-16,Nevada,057,99092,4790,4755,188,4943,70
2021-05-16,Orange,059,3164182,255104,253962,11320,265282,5031
2021-05-16,Placer,061,380077,23099,22696,1484,24180,289
2021-05-16,Plumas,063,18699,699,682,10,692,4
2021-05-16,Riverside,065,2383286,293694,288259,14007,302266,4433
2021-05-16,Sacramento,067,1510023,105347,105013,1760,106773,1628
2021-05-16,San Benito,069,59416,6057,6067,114,6181,63
2021-05-16,San Bernardino,071,2135413,292900,291940,8976,300916,4724
2021-05-16,San Diego,073,3302833,279828,279099,14831,293930,3742
2021-05-16,San Francisco,075,870044,36607,36808,1294,38102,546
2021-05-16,San Joaquin,077,732212,72829,72218,3550,75768,1359
2021-05-16,San Luis Obispo,079,281455,21244,21072,732,21804,256
2021-05-16,San Mateo,081,765935,42262,42063,468,42531,428
2021-05-16,Santa Barbara,083,443738,34586,34270,1199,35469,459
2021-05-16,Santa Clara,085,1922200,118379,119098,757,119855,2015
2021-05-16,Santa Cruz,087,273765,16187,16143,814,16957,206
2021-05-16,Shasta,089,179085,12197,12156,1552,13708,200
2021-05-16,Sierra,091,2930,56,54,12,66,0
2021-05-16,Siskiyou,093,43540,1892,1790,346,2136,15
2021-05-16,Solano,095,438530,32642,32619,550,33169,253
2021-05-16,Sonoma,097,501317,29909,30033,326,30359,321
2021-05-16,Stanislaus,099,539301,56092,55814,5923,61737,951
2021-05-16,Sutter,101,95872,9461,9445,86,9531,113
2021-05-16,Tehama,103,63373,5044,5013,567,5580,63
2021-05-16,Trinity,105,12862,483,328,92,420,3
2021-05-16,Tulare,107,460477,50126,49091,9046,58137,837
2021-05-16,Tuolumne,109,53932,4010,4070,39,4109,64
2021-05-16,Ventura,111,848112,81241,80689,2987,83676,1017
2021-05-16,Yolo,113,214977,13940,13938,315,14253,211
2021-05-16,Yuba,115,75493,6013,5987,123,6110,49
2021-05-15,Alameda,001,1643700,87780,87677,1961,89638,1252
2021-05-15,Alpine,003,1148,87,88,0,88,0
2021-05-15,Amador,005,37829,3666,3666,33,3699,46
2021-05-15,Butte,007,227075,12448,12095,1815,13910,192
2021-05-15,Calaveras,009,45235,2133,2126,14,2140,53
2021-05-15,Colusa,011,21464,1940,1941,304,2245,14
2021-05-15,Contra Costa,013,1133247,69170,68658,1265,69923,805
2021-05-15,Del Norte,015,27424,1392,1359,12,1371,8
2021-05-15,El Dorado,017,186661,10199,10156,721,10877,112
2021-05-15,Fresno,019,978130,102508,101957,8714,110671,1690
2021-05-15,Glenn,021,27897,2420,2400,558,2958,17
2021-05-15,Humboldt,023,135768,4148,4080,34,4114,42
2021-05-15,Imperial,025,180216,28551,28504,2831,31335,729
2021-05-15,Inyo,027,18085,1403,1402,12,1414,36
2021-05-15,Kern,029,883053,97091,96061,10836,106897,1315
2021-05-15,Kings,031,150075,23135,22913,1089,24002,246
2021-05-15,Lake,033,64148,3504,3485,9,3494,43
2021-05-15,Lassen,035,31185,5186,5156,109,5265,6
2021-05-15,Los Angeles,037,10098052,1203001,1196255,41658,1237913,24115
2021-05-15,Madera,039,155013,16575,16482,929,17411,238
2021-05-15,Marin,041,260295,14050,14012,255,14267,227
2021-05-15,Mariposa,043,17540,427,423,11,434,5
2021-05-15,Mendocino,045,87422,3935,3861,74,3935,46
2021-05-15,Merced,047,269075,30929,31012,985,31997,450
2021-05-15,Modoc,049,8938,374,362,126,488,3
2021-05-15,Mono,051,14174,1250,1265,15,1280,3
2021-05-15,Monterey,053,433212,43155,42982,1874,44856,379
2021-05-15,Napa,055,140530,9895,9887,36,9923,82
2021-05-15,Nevada,057,99092,4789,4755,188,4943,70
2021-05-15,Orange,059,3164182,255077,253919,11313,265232,5030
2021-05-15,Placer,061,380077,23078,22688,1484,24172,289
2021-05-15,Plumas,063,18699,699,681,10,691,4
2021-05-15,Riverside,065,2383286,293652,288203,14002,302205,4433
2021-05-15,Sacramento,067,1510023,105275,104929,1757,106686,1628
2021-05-15,San Benito,069,59416,6057,6066,114,6180,63
2021-05-15,San Bernardino,071,2135413,292858,291892,8974,300866,4724
2021-05-15,San Diego,073,3302833,279757,278991,14816,293807,3737
2021-05-15,San Francisco,075,870044,36591,36795,1292,38087,546
2021-05-15,San Joaquin,077,732212,72803,72197,3548,75745,1359
2021-05-15,San Luis Obispo,079,281455,21241,21061,731,21792,256
2021-05-15,San Mateo,081,765935,42246,42059,468,42527,428
2021-05-15,Santa Barbara,083,443738,34578,34259,1199,35458,459
2021-05-15,Santa Clara,085,1922200,118358,119060,757,119817,2016
2021-05-15,Santa Cruz,087,273765,16183,16137,814,16951,206
2021-05-15,Shasta,089,179085,12185,12152,1549,13701,200
2021-05-15,Sierra,091,2930,56,54,12,66,0
2021-05-15,Siskiyou,093,43540,1886,1788,344,2132,15
2021-05-15,Solano,095,438530,32633,32604,549,33153,253
2021-05-15,Sonoma,097,501317,29890,30020,326,30346,321
2021-05-15,Stanislaus,099,539301,56059,55795,5916,61711,952
2021-05-15,Sutter,101,95872,9459,9436,86,9522,113
2021-05-15,Tehama,103,63373,5040,5012,565,5577,63
2021-05-15,Trinity,105,12862,483,328,92,420,3
2021-05-15,Tulare,107,460477,50116,49080,9042,58122,837
2021-05-15,Tuolumne,109,53932,4008,4064,39,4103,63
2021-05-15,Ventura,111,848112,81230,80662,2987,83649,1017
2021-05-15,Yolo,113,214977,13933,13932,314,14246,211
2021-05-15,Yuba,115,75493,6010,5979,122,6101,49
2021-05-14,Alameda,001,1643700,87746,87621,1958,89579,1249
2021-05-14,Alpine,003,1148,87,88,0,88,0
2021-05-14,Amador,005,37829,3666,3665,33,3698,46
2021-05-14,Butte,007,227075,12439,12076,1812,13888,192
2021-05-14,Calaveras,009,45235,2129,2121,14,2135,53
2021-05-14,Colusa,011,21464,1939,1940,303,2243,14
2021-05-14,Contra Costa,013,1133247,69128,68589,1263,69852,806
2021-05-14,Del Norte,015,27424,1392,1355,12,1367,8
2021-05-14,El Dorado,017,186661,10192,10143,720,10863,113
2021-05-14,Fresno,019,978130,102479,101917,8708,110625,1688
2021-05-14,Glenn,021,27897,2419,2398,558,2956,17
2021-05-14,Humboldt,023,135768,4140,4050,34,4084,37
2021-05-14,Imperial,025,180216,28544,28485,2830,31315,728
2021-05-14,Inyo,027,18085,1403,1400,12,1412,36
2021-05-14,Kern,029,883053,97061,96033,10827,106860,1311
2021-05-14,Kings,031,150075,23134,22910,1089,23999,246
2021-05-14,Lake,033,64148,3500,3483,9,3492,43
2021-05-14,Lassen,035,31185,5186,5154,109,5263,6
2021-05-14,Los Angeles,037,10098052,1202867,1196038,41653,1237691,24101
2021-05-14,Madera,039,155013,16572,16474,929,17403,238
2021-05-14,Marin,041,260295,14046,14010,255,14265,227
2021-05-14,Mariposa,043,17540,427,422,11,433,5
2021-05-14,Mendocino,045,87422,3933,3855,74,3929,46
2021-05-14,Merced,047,269075,30919,31010,985,31995,450
2021-05-14,Modoc,049,8938,374,362,126,488,3
2021-05-14,Mono,051,14174,1249,1265,15,1280,3
2021-05-14,Monterey,053,433212,43150,42973,1874,44847,380
2021-05-14,Napa,055,140530,9892,9883,36,9919,82
2021-05-14,Nevada,057,99092,4784,4745,188,4933,70
2021-05-14,Orange,059,3164182,255043,253855,11306,265161,5028
2021-05-14,Placer,061,380077,23059,22660,1478,24138,287
2021-05-14,Plumas,063,18699,698,680,10,690,4
2021-05-14,Riverside,065,2383286,293602,288140,13999,302139,4433
2021-05-14,Sacramento,067,1510023,105186,104828,1756,106584,1627
2021-05-14,San Benito,069,59416,6057,6064,114,6178,63
2021-05-14,San Bernardino,071,2135413,292810,291834,8974,300808,4721
2021-05-14,San Diego,073,3302833,279684,278853,14805,293658,3732
2021-05-14,San Francisco,075,870044,36582,36771,1288,38059,545
2021-05-14,San Joaquin,077,732212,72771,72160,3541,75701,1359
2021-05-14,San Luis Obispo,079,281455,21237,21051,731,21782,256
2021-05-14,San Mateo,081,765935,42235,42041,468,42509,428
2021-05-14,Santa Barbara,083,443738,34568,34243,1199,35442,456
2021-05-14,Santa Clara,085,1922200,118329,119006,757,119763,2014
2021-05-14,Santa Cruz,087,273765,16178,16130,814,16944,207
2021-05-14,Shasta,089,179085,12179,12130,1544,13674,200
2021-05-14,Sierra,091,2930,56,54,12,66,0
2021-05-14,Siskiyou,093,43540,1879,1779,343,2122,14
2021-05-14,Solano,095,438530,32613,32585,548,33133,252
2021-05-14,Sonoma,097,501317,29872,30007,326,30333,321
2021-05-14,Stanislaus,099,539301,56023,55752,5910,61662,950
2021-05-14,Sutter,101,95872,9450,9433,84,9517,113
2021-05-14,Tehama,103,63373,5033,5005,565,5570,63
2021-05-14,Trinity,105,12862,483,328,92,420,3
2021-05-14,Tulare,107,460477,50099,49060,9037,58097,836
2021-05-14,Tuolumne,109,53932,4008,4060,39,4099,63
2021-05-14,Ventura,111,848112,81216,80628,2987,83615,1014
2021-05-14,Yolo,113,214977,13928,13922,310,14232,210
2021-05-14,Yuba,115,75493,6006,5970,122,6092,47
2021-05-13,Alameda,001,1643700,87701,87557,1957,89514,1250
2021-05-13,Alpine,003,1148,87,88,0,88,0
2021-05-13,Amador,005,37829,3666,3662,33,3695,46
2021-05-13,Butte,007,227075,12426,12051,1811,13862,196
2021-05-13,Calaveras,009,45235,2129,2120,14,2134,53
2021-05-13,Colusa,011,21464,1938,1939,299,2238,14
2021-05-13,Contra Costa,013,1133247,69080,68522,1262,69784,806
2021-05-13,Del Norte,015,27424,1390,1354,12,1366,8
2021-05-13,El Dorado,017,186661,10190,10133,720,10853,112
2021-05-13,Fresno,019,978130,102450,101862,8707,110569,1687
2021-05-13,Glenn,021,27897,2418,2395,558,2953,17
2021-05-13,Humboldt,023,135768,4122,4027,34,4061,37
2021-05-13,Imperial,025,180216,28529,28468,2827,31295,729
2021-05-13,Inyo,027,18085,1403,1400,12,1412,36
2021-05-13,Kern,029,883053,97037,95996,10809,106805,1311
2021-05-13,Kings,031,150075,23133,22904,1089,23993,246
2021-05-13,Lake,033,64148,3498,3479,9,3488,43
2021-05-13,Lassen,035,31185,5186,5152,108,5260,6
2021-05-13,Los Angeles,037,10098052,1202678,1195504,41640,1237144,24083
2021-05-13,Madera,039,155013,16564,16467,929,17396,238
2021-05-13,Marin,041,260295,14041,14004,253,14257,227
2021-05-13,Mariposa,043,17540,427,422,11,433,5
2021-05-13,Mendocino,045,87422,3929,3846,74,3920,46
2021-05-13,Merced,047,269075,30911,30989,985,31974,450
2021-05-13,Modoc,049,8938,374,362,126,488,3
2021-05-13,Mono,051,14174,1249,1265,15,1280,3
2021-05-13,Monterey,053,433212,43135,42966,1874,44840,380
2021-05-13,Napa,055,140530,9885,9877,36,9913,82
2021-05-13,Nevada,057,99092,4780,4743,187,4930,70
2021-05-13,Orange,059,3164182,254998,253778,11304,265082,5026
2021-05-13,Placer,061,380077,23035,22668,1471,24139,288
2021-05-13,Plumas,063,18699,698,680,10,690,4
2021-05-13,Riverside,065,2383286,293536,288067,13994,302061,4433
2021-05-13,Sacramento,067,1510023,105099,104711,1754,106465,1626
2021-05-13,San Benito,069,59416,6055,6062,114,6176,63
2021-05-13,San Bernardino,071,2135413,292744,291765,8974,300739,4722
2021-05-13,San Diego,073,3302833,279570,278592,14788,293380,3729
2021-05-13,San Francisco,075,870044,36558,36741,1286,38027,544
2021-05-13,San Joaquin,077,732212,72728,72096,3537,75633,1357
2021-05-13,San Luis Obispo,079,281455,21222,21043,730,21773,255
2021-05-13,San Mateo,081,765935,42218,42059,468,42527,426
2021-05-13,Santa Barbara,083,443738,34556,34242,1199,35441,456
2021-05-13,Santa Clara,085,1922200,118302,118952,757,119709,2013
2021-05-13,Santa Cruz,087,273765,16172,16129,814,16943,208
2021-05-13,Shasta,089,179085,12159,12111,1540,13651,200
2021-05-13,Sierra,091,2930,56,54,12,66,0
2021-05-13,Siskiyou,093,43540,1872,1769,340,2109,14
2021-05-13,Solano,095,438530,32600,32548,546,33094,252
2021-05-13,Sonoma,097,501317,29847,29991,326,30317,321
2021-05-13,Stanislaus,099,539301,55985,55678,5904,61582,949
2021-05-13,Sutter,101,95872,9445,9431,83,9514,112
2021-05-13,Tehama,103,63373,5028,4997,565,5562,63
2021-05-13,Trinity,105,12862,482,327,91,418,3
2021-05-13,Tulare,107,460477,50073,49032,9029,58061,837
2021-05-13,Tuolumne,109,53932,4007,4059,39,4098,63
2021-05-13,Ventura,111,848112,81186,80615,2986,83601,1012
2021-05-13,Yolo,113,214977,13919,13914,308,14222,210
2021-05-13,Yuba,115,75493,5997,5962,122,6084,47
2021-05-12,Alameda,001,1643700,87668,87482,1955,89437,1261
2021-05-12,Alpine,003,1148,87,88,0,88,0
2021-05-12,Amador,005,37829,3666,3658,33,3691,46
2021-05-12,Butte,007,227075,12416,12026,1811,13837,199
2021-05-12,Calaveras,009,45235,2126,2119,14,2133,53
2021-05-12,Colusa,011,21464,1936,1939,298,2237,14
2021-05-12,Contra Costa,013,1133247,69022,68462,1256,69718,805
2021-05-12,Del Norte,015,27424,1388,1352,12,1364,8
2021-05-12,El Dorado,017,186661,10181,10123,720,10843,112
2021-05-12,Fresno,019,978130,102401,101838,8696,110534,1688
2021-05-12,Glenn,021,27897,2415,2391,558,2949,17
2021-05-12,Humboldt,023,135768,4094,3982,34,4016,37
2021-05-12,Imperial,025,180216,28511,28443,2824,31267,726
2021-05-12,Inyo,027,18085,1403,1400,12,1412,36
2021-05-12,Kern,029,883053,97001,95955,10802,106757,1310
2021-05-12,Kings,031,150075,23131,22896,1089,23985,246
2021-05-12,Lake,033,64148,3496,3476,9,3485,43
2021-05-12,Lassen,035,31185,5184,5151,108,5259,6
2021-05-12,Los Angeles,037,10098052,1202496,1195318,41624,1236942,24067
2021-05-12,Madera,039,155013,16557,16462,928,17390,238
2021-05-12,Marin,041,260295,14036,13997,253,14250,227
2021-05-12,Mariposa,043,17540,427,422,11,433,5
2021-05-12,Mendocino,045,87422,3919,3836,74,3910,46
2021-05-12,Merced,047,269075,30895,30941,985,31926,450
2021-05-12,Modoc,049,8938,373,362,126,488,3
2021-05-12,Mono,051,14174,1249,1265,15,1280,3
2021-05-12,Monterey,053,433212,43123,42950,1873,44823,380
2021-05-12,Napa,055,140530,9879,9870,36,9906,82
2021-05-12,Nevada,057,99092,4776,4738,187,4925,70
2021-05-12,Orange,059,3164182,254947,253587,11301,264888,5024
2021-05-12,Placer,061,380077,23017,22652,1464,24116,288
2021-05-12,Plumas,063,18699,698,681,10,691,4
2021-05-12,Riverside,065,2383286,293466,287830,13990,301820,4431
2021-05-12,Sacramento,067,1510023,105003,104592,1753,106345,1621
2021-05-12,San Benito,069,59416,6055,6062,114,6176,63
2021-05-12,San Bernardino,071,2135413,292696,291505,8969,300474,4715
2021-05-12,San Diego,073,3302833,279466,278402,14767,293169,3729
2021-05-12,San Francisco,075,870044,36539,36720,1285,38005,544
2021-05-12,San Joaquin,077,732212,72674,72043,3533,75576,1356
2021-05-12,San Luis Obispo,079,281455,21212,21021,730,21751,255
2021-05-12,San Mateo,081,765935,42209,42038,466,42504,426
2021-05-12,Santa Barbara,083,443738,34549,34218,1199,35417,456
2021-05-12,Santa Clara,085,1922200,118259,118897,757,119654,2005
2021-05-12,Santa Cruz,087,273765,16166,16123,814,16937,207
2021-05-12,Shasta,089,179085,12139,12092,1538,13630,200
2021-05-12,Sierra,091,2930,56,54,12,66,0
2021-05-12,Siskiyou,093,43540,1868,1760,339,2099,13
2021-05-12,Solano,095,438530,32576,32519,546,33065,252
2021-05-12,Sonoma,097,501317,29835,29976,326,30302,320
2021-05-12,Stanislaus,099,539301,55943,55632,5897,61529,919
2021-05-12,Sutter,101,95872,9442,9427,83,9510,112
2021-05-12,Tehama,103,63373,5024,4989,565,5554,62
2021-05-12,Trinity,105,12862,482,327,91,418,3
2021-05-12,Tulare,107,460477,50057,49001,9021,58022,838
2021-05-12,Tuolumne,109,53932,4006,4056,39,4095,63
2021-05-12,Ventura,111,848112,81167,80577,2986,83563,1010
2021-05-12,Yolo,113,214977,13912,13910,307,14217,210
2021-05-12,Yuba,115,75493,5994,5956,122,6078,47
2021-05-11,Alameda,001,1643700,87604,87413,1951,89364,1290
2021-05-11,Alpine,003,1148,87,88,0,88,0
2021-05-11,Amador,005,37829,3664,3657,33,3690,46
2021-05-11,Butte,007,227075,12401,12008,1808,13816,199
2021-05-11,Calaveras,009,45235,2126,2118,14,2132,52
2021-05-11,Colusa,011,21464,1935,1939,298,2237,14
2021-05-11,Contra Costa,013,1133247,68962,68406,1255,69661,806
2021-05-11,Del Norte,015,27424,1386,1347,12,1359,8
2021-05-11,El Dorado,017,186661,10175,10108,719,10827,112
2021-05-11,Fresno,019,978130,102355,101792,8690,110482,1686
2021-05-11,Glenn,021,27897,2414,2387,557,2944,17
2021-05-11,Humboldt,023,135768,4073,3964,33,3997,37
2021-05-11,Imperial,025,180216,28503,28413,2820,31233,722
2021-05-11,Inyo,027,18085,1402,1402,12,1414,36
2021-05-11,Kern,029,883053,96973,95938,10789,106727,1310
2021-05-11,Kings,031,150075,23123,22887,1089,23976,246
2021-05-11,Lake,033,64148,3496,3473,9,3482,43
2021-05-11,Lassen,035,31185,5182,5148,108,5256,6
2021-05-11,Los Angeles,037,10098052,1202256,1195100,41612,1236712,24048
2021-05-11,Madera,039,155013,16553,16459,928,17387,238
2021-05-11,Marin,041,260295,14029,13987,253,14240,227
2021-05-11,Mariposa,043,17540,427,421,11,432,5
2021-05-11,Mendocino,045,87422,3911,3821,74,3895,46
2021-05-11,Merced,047,269075,30886,30893,985,31878,449
2021-05-11,Modoc,049,8938,373,362,125,487,3
2021-05-11,Mono,051,14174,1249,1265,15,1280,3
2021-05-11,Monterey,053,433212,43115,42934,1872,44806,380
2021-05-11,Napa,055,140530,9872,9870,36,9906,81
2021-05-11,Nevada,057,99092,4772,4737,187,4924,70
2021-05-11,Orange,059,3164182,254884,253545,11293,264838,5017
2021-05-11,Placer,061,380077,22995,22615,1460,24075,287
2021-05-11,Plumas,063,18699,696,679,10,689,4
2021-05-11,Riverside,065,2383286,293404,287757,13985,301742,4429
2021-05-11,Sacramento,067,1510023,104904,104496,1750,106246,1616
2021-05-11,San Benito,069,59416,6052,6058,114,6172,63
2021-05-11,San Bernardino,071,2135413,292636,291421,8967,300388,4707
2021-05-11,San Diego,073,3302833,279331,278308,14748,293056,3725
2021-05-11,San Francisco,075,870044,36519,36707,1285,37992,543
2021-05-11,San Joaquin,077,732212,72626,71999,3530,75529,1356
2021-05-11,San Luis Obispo,079,281455,21205,21008,728,21736,255
2021-05-11,San Mateo,081,765935,42190,41985,465,42450,425
2021-05-11,Santa Barbara,083,443738,34539,34207,1199,35406,456
2021-05-11,Santa Clara,085,1922200,118213,118857,756,119613,2005
2021-05-11,Santa Cruz,087,273765,16162,16113,814,16927,206
2021-05-11,Shasta,089,179085,12116,12050,1532,13582,200
2021-05-11,Sierra,091,2930,56,54,12,66,0
2021-05-11,Siskiyou,093,43540,1858,1756,337,2093,13
2021-05-11,Solano,095,438530,32558,32499,544,33043,250
2021-05-11,Sonoma,097,501317,29820,29966,326,30292,318
2021-05-11,Stanislaus,099,539301,55893,55589,5893,61482,909
2021-05-11,Sutter,101,95872,9435,9417,83,9500,112
2021-05-11,Tehama,103,63373,5020,4985,564,5549,62
2021-05-11,Trinity,105,12862,482,327,90,417,3
2021-05-11,Tulare,107,460477,50030,48974,9007,57981,837
2021-05-11,Tuolumne,109,53932,4005,4056,39,4095,63
2021-05-11,Ventura,111,848112,81143,80544,2983,83527,1008
2021-05-11,Yolo,113,214977,13899,13902,304,14206,210
2021-05-11,Yuba,115,75493,5985,5950,122,6072,46
2021-05-10,Alameda,001,1643700,87534,87366,1950,89316,1284
2021-05-10,Alpine,003,1148,87,88,0,88,0
2021-05-10,Amador,005,37829,3663,3657,33,3690,46
2021-05-10,Butte,007,227075,12385,11993,1804,13797,199
2021-05-10,Calaveras,009,45235,2119,2118,14,2132,52
2021-05-10,Colusa,011,21464,1935,1939,298,2237,14
2021-05-10,Contra Costa,013,1133247,68898,68357,1255,69612,806
2021-05-10,Del Norte,015,27424,1383,1339,12,1351,8
2021-05-10,El Dorado,017,186661,10161,10093,719,10812,113
2021-05-10,Fresno,019,978130,102324,101755,8683,110438,1682
2021-05-10,Glenn,021,27897,2413,2384,555,2939,17
2021-05-10,Humboldt,023,135768,4043,3961,33,3994,36
2021-05-10,Imperial,025,180216,28489,28397,2816,31213,722
2021-05-10,Inyo,027,18085,1402,1401,12,1413,36
2021-05-10,Kern,029,883053,96930,95920,10775,106695,1310
2021-05-10,Kings,031,150075,23112,22884,1088,23972,246
2021-05-10,Lake,033,64148,3488,3471,9,3480,43
2021-05-10,Lassen,035,31185,5178,5148,108,5256,5
2021-05-10,Los Angeles,037,10098052,1201996,1194976,41596,1236572,24030
2021-05-10,Madera,039,155013,16543,16450,928,17378,238
2021-05-10,Marin,041,260295,14026,13981,253,14234,228
2021-05-10,Mariposa,043,17540,426,420,11,431,5
2021-05-10,Mendocino,045,87422,3905,3818,74,3892,46
2021-05-10,Merced,047,269075,30875,30880,985,31865,448
2021-05-10,Modoc,049,8938,373,361,125,486,3
2021-05-10,Mono,051,14174,1249,1265,15,1280,3
2021-05-10,Monterey,053,433212,43109,42927,1867,44794,380
2021-05-10,Napa,055,140530,9870,9860,36,9896,81
2021-05-10,Nevada,057,99092,4765,4735,187,4922,70
2021-05-10,Orange,059,3164182,254830,253484,11287,264771,5008
2021-05-10,Placer,061,380077,22973,22590,1457,24047,286
2021-05-10,Plumas,063,18699,695,679,10,689,4
2021-05-10,Riverside,065,2383286,293335,287689,13979,301668,4427
2021-05-10,Sacramento,067,1510023,104791,104378,1745,106123,1613
2021-05-10,San Benito,069,59416,6051,6058,114,6172,63
2021-05-10,San Bernardino,071,2135413,292584,291360,8966,300326,4707
2021-05-10,San Diego,073,3302833,279166,278183,14721,292904,3725
2021-05-10,San Francisco,075,870044,36500,36683,1285,37968,543
2021-05-10,San Joaquin,077,732212,72589,71954,3515,75469,1356
2021-05-10,San Luis Obispo,079,281455,21187,20993,727,21720,256
2021-05-10,San Mateo,081,765935,42172,41926,465,42391,424
2021-05-10,Santa Barbara,083,443738,34531,34201,1199,35400,456
2021-05-10,Santa Clara,085,1922200,118154,118822,756,119578,2003
2021-05-10,Santa Cruz,087,273765,16156,16114,814,16928,206
2021-05-10,Shasta,089,179085,12102,12036,1528,13564,200
2021-05-10,Sierra,091,2930,56,54,12,66,0
2021-05-10,Siskiyou,093,43540,1848,1752,335,2087,13
2021-05-10,Solano,095,438530,32538,32466,542,33008,250
2021-05-10,Sonoma,097,501317,29805,29955,325,30280,318
2021-05-10,Stanislaus,099,539301,55819,55541,5887,61428,898
2021-05-10,Sutter,101,95872,9429,9412,83,9495,111
2021-05-10,Tehama,103,63373,5016,4980,564,5544,62
2021-05-10,Trinity,105,12862,482,327,88,415,3
2021-05-10,Tulare,107,460477,50006,48956,9001,57957,837
2021-05-10,Tuolumne,109,53932,4001,4054,38,4092,63
2021-05-10,Ventura,111,848112,81127,80501,2981,83482,1008
2021-05-10,Yolo,113,214977,13887,13898,302,14200,209
2021-05-10,Yuba,115,75493,5983,5942,122,6064,46
2021-05-09,Alameda,001,1643700,87463,87292,1947,89239,1284
2021-05-09,Alpine,003,1148,87,88,0,88,0
2021-05-09,Amador,005,37829,3661,3655,33,3688,46
2021-05-09,Butte,007,227075,12366,11985,1800,13785,199
2021-05-09,Calaveras,009,45235,2118,2116,14,2130,52
2021-05-09,Colusa,011,21464,1934,1940,298,2238,14
2021-05-09,Contra Costa,013,1133247,68834,68302,1253,69555,806
2021-05-09,Del Norte,015,27424,1376,1338,12,1350,8
2021-05-09,El Dorado,017,186661,10147,10089,716,10805,113
2021-05-09,Fresno,019,978130,102286,101729,8674,110403,1682
2021-05-09,Glenn,021,27897,2406,2382,552,2934,17
2021-05-09,Humboldt,023,135768,4023,3950,33,3983,36
2021-05-09,Imperial,025,180216,28466,28388,2807,31195,722
2021-05-09,Inyo,027,18085,1402,1401,11,1412,36
2021-05-09,Kern,029,883053,96902,95903,10765,106668,1310
2021-05-09,Kings,031,150075,23103,22878,1088,23966,246
2021-05-09,Lake,033,64148,3484,3471,9,3480,43
2021-05-09,Lassen,035,31185,5176,5147,108,5255,5
2021-05-09,Los Angeles,037,10098052,1201736,1194820,41581,1236401,24026
2021-05-09,Madera,039,155013,16534,16444,922,17366,238
2021-05-09,Marin,041,260295,14015,13979,252,14231,228
2021-05-09,Mariposa,043,17540,423,420,11,431,5
2021-05-09,Mendocino,045,87422,3895,3814,74,3888,46
2021-05-09,Merced,047,269075,30852,30883,985,31868,448
2021-05-09,Modoc,049,8938,373,360,125,485,3
2021-05-09,Mono,051,14174,1249,1264,15,1279,3
2021-05-09,Monterey,053,433212,43091,42918,1867,44785,380
2021-05-09,Napa,055,140530,9859,9857,36,9893,81
2021-05-09,Nevada,057,99092,4758,4727,187,4914,70
2021-05-09,Orange,059,3164182,254776,253451,11279,264730,5008
2021-05-09,Placer,061,380077,22947,22566,1454,24020,286
2021-05-09,Plumas,063,18699,694,679,10,689,4
2021-05-09,Riverside,065,2383286,293255,287644,13973,301617,4427
2021-05-09,Sacramento,067,1510023,104642,104309,1739,106048,1612
2021-05-09,San Benito,069,59416,6049,6056,114,6170,63
2021-05-09,San Bernardino,071,2135413,292501,291337,8960,300297,4707
2021-05-09,San Diego,073,3302833,278999,277950,14699,292649,3725
2021-05-09,San Francisco,075,870044,36474,36669,1283,37952,543
2021-05-09,San Joaquin,077,732212,72543,71927,3514,75441,1356
2021-05-09,San Luis Obispo,079,281455,21177,20999,727,21726,256
2021-05-09,San Mateo,081,765935,42143,41903,465,42368,424
2021-05-09,Santa Barbara,083,443738,34518,34196,1198,35394,456
2021-05-09,Santa Clara,085,1922200,118100,118798,755,119553,2003
2021-05-09,Santa Cruz,087,273765,16150,16094,814,16908,206
2021-05-09,Shasta,089,179085,12072,12034,1523,13557,200
2021-05-09,Sierra,091,2930,56,54,12,66,0
2021-05-09,Siskiyou,093,43540,1842,1741,332,2073,13
2021-05-09,Solano,095,438530,32499,32434,539,32973,250
2021-05-09,Sonoma,097,501317,29791,29953,324,30277,318
2021-05-09,Stanislaus,099,539301,55753,55511,5883,61394,898
2021-05-09,Sutter,101,95872,9423,9413,83,9496,111
2021-05-09,Tehama,103,63373,5011,4979,564,5543,62
2021-05-09,Trinity,105,12862,482,327,88,415,3
2021-05-09,Tulare,107,460477,49979,48948,8996,57944,837
2021-05-09,Tuolumne,109,53932,4000,4053,38,4091,63
2021-05-09,Ventura,111,848112,81112,80487,2980,83467,1008
2021-05-09,Yolo,113,214977,13877,13897,301,14198,209
2021-05-09,Yuba,115,75493,5977,5934,122,6056,46
2021-05-08,Alameda,001,1643700,87420,87213,1943,89156,1284
2021-05-08,Alpine,003,1148,87,88,0,88,0
2021-05-08,Amador,005,37829,3659,3652,33,3685,46
2021-05-08,Butte,007,227075,12354,11962,1799,13761,199
2021-05-08,Calaveras,009,45235,2117,2114,14,2128,52
2021-05-08,Colusa,011,21464,1934,1939,298,2237,14
2021-05-08,Contra Costa,013,1133247,68801,68223,1251,69474,803
2021-05-08,Del Norte,015,27424,1373,1335,12,1347,8
2021-05-08,El Dorado,017,186661,10133,10079,716,10795,113
2021-05-08,Fresno,019,978130,102250,101676,8669,110345,1682
2021-05-08,Glenn,021,27897,2404,2382,550,2932,17
2021-05-08,Humboldt,023,135768,4007,3939,33,3972,36
2021-05-08,Imperial,025,180216,28458,28373,2807,31180,721
2021-05-08,Inyo,027,18085,1402,1402,11,1413,36
2021-05-08,Kern,029,883053,96877,95880,10752,106632,1310
2021-05-08,Kings,031,150075,23100,22872,1087,23959,246
2021-05-08,Lake,033,64148,3483,3470,9,3479,43
2021-05-08,Lassen,035,31185,5175,5145,108,5253,5
2021-05-08,Los Angeles,037,10098052,1201587,1194584,41565,1236149,24022
2021-05-08,Madera,039,155013,16530,16442,922,17364,238
2021-05-08,Marin,041,260295,14012,13974,251,14225,228
2021-05-08,Mariposa,043,17540,423,420,11,431,5
2021-05-08,Mendocino,045,87422,3890,3810,73,3883,46
2021-05-08,Merced,047,269075,30843,30876,985,31861,448
2021-05-08,Modoc,049,8938,373,360,124,484,3
2021-05-08,Mono,051,14174,1249,1262,15,1277,3
2021-05-08,Monterey,053,433212,43086,42914,1866,44780,380
2021-05-08,Napa,055,140530,9852,9853,36,9889,81
2021-05-08,Nevada,057,99092,4755,4716,187,4903,70
2021-05-08,Orange,059,3164182,254742,253412,11276,264688,5006
2021-05-08,Placer,061,380077,22929,22547,1452,23999,286
2021-05-08,Plumas,063,18699,693,679,10,689,4
2021-05-08,Riverside,065,2383286,293213,287574,13971,301545,4427
2021-05-08,Sacramento,067,1510023,104557,104208,1736,105944,1610
2021-05-08,San Benito,069,59416,6048,6048,114,6162,63
2021-05-08,San Bernardino,071,2135413,292458,291296,8960,300256,4707
2021-05-08,San Diego,073,3302833,278915,277760,14681,292441,3725
2021-05-08,San Francisco,075,870044,36451,36642,1283,37925,543
2021-05-08,San Joaquin,077,732212,72514,71869,3505,75374,1356
2021-05-08,San Luis Obispo,079,281455,21166,20992,727,21719,256
2021-05-08,San Mateo,081,765935,42132,41871,465,42336,424
2021-05-08,Santa Barbara,083,443738,34505,34185,1198,35383,456
2021-05-08,Santa Clara,085,1922200,118069,118751,755,119506,2003
2021-05-08,Santa Cruz,087,273765,16147,16089,814,16903,206
2021-05-08,Shasta,089,179085,12062,12030,1519,13549,200
2021-05-08,Sierra,091,2930,56,54,12,66,0
2021-05-08,Siskiyou,093,43540,1841,1741,328,2069,13
2021-05-08,Solano,095,438530,32474,32395,537,32932,249
2021-05-08,Sonoma,097,501317,29778,29942,324,30266,318
2021-05-08,Stanislaus,099,539301,55720,55467,5879,61346,898
2021-05-08,Sutter,101,95872,9420,9413,83,9496,111
2021-05-08,Tehama,103,63373,5009,4977,564,5541,62
2021-05-08,Trinity,105,12862,482,327,88,415,3
2021-05-08,Tulare,107,460477,49965,48929,8986,57915,837
2021-05-08,Tuolumne,109,53932,3999,4050,38,4088,63
2021-05-08,Ventura,111,848112,81101,80481,2977,83458,1008
2021-05-08,Yolo,113,214977,13874,13894,300,14194,209
2021-05-08,Yuba,115,75493,5969,5928,122,6050,46
2021-05-07,Alameda,001,1643700,87366,87128,1942,89070,1280
2021-05-07,Alpine,003,1148,87,88,0,88,0
2021-05-07,Amador,005,37829,3656,3651,33,3684,46
2021-05-07,Butte,007,227075,12334,11943,1796,13739,199
2021-05-07,Calaveras,009,45235,2115,2114,14,2128,52
2021-05-07,Colusa,011,21464,1934,1937,298,2235,14
2021-05-07,Contra Costa,013,1133247,68755,68156,1249,69405,804
2021-05-07,Del Norte,015,27424,1368,1329,12,1341,8
2021-05-07,El Dorado,017,186661,10120,10065,714,10779,112
2021-05-07,Fresno,019,978130,102216,101625,8668,110293,1684
2021-05-07,Glenn,021,27897,2401,2381,549,2930,17
2021-05-07,Humboldt,023,135768,3992,3919,33,3952,36
2021-05-07,Imperial,025,180216,28450,28352,2805,31157,721
2021-05-07,Inyo,027,18085,1402,1402,11,1413,36
2021-05-07,Kern,029,883053,96864,95839,10740,106579,1308
2021-05-07,Kings,031,150075,23099,22857,1086,23943,246
2021-05-07,Lake,033,64148,3481,3467,9,3476,43
2021-05-07,Lassen,035,31185,5174,5144,107,5251,5
2021-05-07,Los Angeles,037,10098052,1201410,1194294,41557,1235851,24008
2021-05-07,Madera,039,155013,16525,16439,921,17360,238
2021-05-07,Marin,041,260295,14008,13968,251,14219,228
2021-05-07,Mariposa,043,17540,422,419,11,430,5
2021-05-07,Mendocino,045,87422,3884,3805,73,3878,46
2021-05-07,Merced,047,269075,30840,30862,985,31847,446
2021-05-07,Modoc,049,8938,373,360,124,484,3
2021-05-07,Mono,051,14174,1248,1261,15,1276,3
2021-05-07,Monterey,053,433212,43080,42909,1864,44773,380
2021-05-07,Napa,055,140530,9851,9849,36,9885,81
2021-05-07,Nevada,057,99092,4751,4704,187,4891,70
2021-05-07,Orange,059,3164182,254702,253338,11267,264605,5000
2021-05-07,Placer,061,380077,22909,22524,1450,23974,286
2021-05-07,Plumas,063,18699,693,678,10,688,4
2021-05-07,Riverside,065,2383286,293155,287479,13970,301449,4426
2021-05-07,Sacramento,067,1510023,104484,104068,1731,105799,1609
2021-05-07,San Benito,069,59416,6047,6048,114,6162,63
2021-05-07,San Bernardino,071,2135413,292416,291185,8955,300140,4697
2021-05-07,San Diego,073,3302833,278830,277534,14666,292200,3718
2021-05-07,San Francisco,075,870044,36438,36616,1282,37898,543
2021-05-07,San Joaquin,077,732212,72474,71804,3503,75307,1351
2021-05-07,San Luis Obispo,079,281455,21159,20979,727,21706,256
2021-05-07,San Mateo,081,765935,42116,41844,465,42309,424
2021-05-07,Santa Barbara,083,443738,34495,34166,1198,35364,453
2021-05-07,Santa Clara,085,1922200,118036,118691,754,119445,2002
2021-05-07,Santa Cruz,087,273765,16144,16074,814,16888,206
2021-05-07,Shasta,089,179085,12040,12005,1517,13522,200
2021-05-07,Sierra,091,2930,56,54,12,66,0
2021-05-07,Siskiyou,093,43540,1838,1723,328,2051,13
2021-05-07,Solano,095,438530,32447,32352,535,32887,249
2021-05-07,Sonoma,097,501317,29760,29925,322,30247,318
2021-05-07,Stanislaus,099,539301,55679,55407,5873,61280,896
2021-05-07,Sutter,101,95872,9420,9407,82,9489,111
2021-05-07,Tehama,103,63373,5002,4974,564,5538,57
2021-05-07,Trinity,105,12862,482,327,88,415,3
2021-05-07,Tulare,107,460477,49948,48913,8981,57894,837
2021-05-07,Tuolumne,109,53932,3997,4048,38,4086,63
2021-05-07,Ventura,111,848112,81077,80444,2977,83421,1008
2021-05-07,Yolo,113,214977,13868,13875,299,14174,209
2021-05-07,Yuba,115,75493,5959,5910,122,6032,46
2021-05-06,Alameda,001,1643700,87288,87028,1939,88967,1278
2021-05-06,Alpine,003,1148,87,88,0,88,0
2021-05-06,Amador,005,37829,3654,3650,33,3683,46
2021-05-06,Butte,007,227075,12314,11929,1791,13720,198
2021-05-06,Calaveras,009,45235,2114,2111,14,2125,52
2021-05-06,Colusa,011,21464,1934,1935,298,2233,14
2021-05-06,Contra Costa,013,1133247,68700,68076,1246,69322,802
2021-05-06,Del Norte,015,27424,1360,1324,12,1336,6
2021-05-06,El Dorado,017,186661,10113,10048,714,10762,112
2021-05-06,Fresno,019,978130,102172,101536,8664,110200,1680
2021-05-06,Glenn,021,27897,2400,2380,548,2928,17
2021-05-06,Humboldt,023,135768,3967,3898,33,3931,36
2021-05-06,Imperial,025,180216,28439,28311,2804,31115,720
2021-05-06,Inyo,027,18085,1402,1401,11,1412,36
2021-05-06,Kern,029,883053,96839,95801,10723,106524,1307
2021-05-06,Kings,031,150075,23092,22848,1085,23933,246
2021-05-06,Lake,033,64148,3480,3465,9,3474,43
2021-05-06,Lassen,035,31185,5173,5143,107,5250,1
2021-05-06,Los Angeles,037,10098052,1201169,1193954,41540,1235494,23991
2021-05-06,Madera,039,155013,16517,16430,921,17351,238
2021-05-06,Marin,041,260295,14004,13956,251,14207,228
2021-05-06,Mariposa,043,17540,421,419,11,430,5
2021-05-06,Mendocino,045,87422,3873,3802,73,3875,46
2021-05-06,Merced,047,269075,30824,30863,984,31847,444
2021-05-06,Modoc,049,8938,373,360,124,484,3
2021-05-06,Mono,051,14174,1246,1261,15,1276,3
2021-05-06,Monterey,053,433212,43065,42899,1864,44763,379
2021-05-06,Napa,055,140530,9845,9843,36,9879,81
2021-05-06,Nevada,057,99092,4750,4687,187,4874,70
2021-05-06,Orange,059,3164182,254634,253286,11261,264547,4991
2021-05-06,Placer,061,380077,22887,22493,1450,23943,286
2021-05-06,Plumas,063,18699,693,678,10,688,4
2021-05-06,Riverside,065,2383286,293082,287399,13965,301364,4422
2021-05-06,Sacramento,067,1510023,104368,103956,1728,105684,1609
2021-05-06,San Benito,069,59416,6046,6045,114,6159,63
2021-05-06,San Bernardino,071,2135413,292346,291085,8954,300039,4683
2021-05-06,San Diego,073,3302833,278706,277324,14643,291967,3716
2021-05-06,San Francisco,075,870044,36423,36599,1282,37881,543
2021-05-06,San Joaquin,077,732212,72419,71729,3500,75229,1350
2021-05-06,San Luis Obispo,079,281455,21147,20965,725,21690,256
2021-05-06,San Mateo,081,765935,42098,41802,464,42266,424
2021-05-06,Santa Barbara,083,443738,34482,34152,1198,35350,453
2021-05-06,Santa Clara,085,1922200,117995,118591,754,119345,2001
2021-05-06,Santa Cruz,087,273765,16137,16050,814,16864,206
2021-05-06,Shasta,089,179085,12018,11983,1511,13494,199
2021-05-06,Sierra,091,2930,56,54,12,66,0
2021-05-06,Siskiyou,093,43540,1828,1711,327,2038,12
2021-05-06,Solano,095,438530,32421,32320,527,32847,249
2021-05-06,Sonoma,097,501317,29752,29911,322,30233,318
2021-05-06,Stanislaus,099,539301,55622,55323,5869,61192,834
2021-05-06,Sutter,101,95872,9414,9396,82,9478,111
2021-05-06,Tehama,103,63373,4997,4970,564,5534,53
2021-05-06,Trinity,105,12862,482,327,88,415,3
2021-05-06,Tulare,107,460477,49923,48890,8966,57856,836
2021-05-06,Tuolumne,109,53932,3993,4047,38,4085,63
2021-05-06,Ventura,111,848112,81046,80411,2974,83385,1005
2021-05-06,Yolo,113,214977,13860,13871,295,14166,209
2021-05-06,Yuba,115,75493,5947,5901,122,6023,46
2021-05-05,Alameda,001,1643700,87227,86950,1937,88887,1278
2021-05-05,Alpine,003,1148,87,88,0,88,0
2021-05-05,Amador,005,37829,3651,3650,33,3683,46
2021-05-05,Butte,007,227075,12296,11907,1788,13695,198
2021-05-05,Calaveras,009,45235,2110,2103,14,2117,52
2021-05-05,Colusa,011,21464,1933,1933,298,2231,14
2021-05-05,Contra Costa,013,1133247,68635,67997,1241,69238,803
2021-05-05,Del Norte,015,27424,1357,1317,12,1329,6
2021-05-05,El Dorado,017,186661,10102,10020,713,10733,111
2021-05-05,Fresno,019,978130,102123,101491,8655,110146,1680
2021-05-05,Glenn,021,27897,2397,2380,547,2927,17
2021-05-05,Humboldt,023,135768,3948,3886,32,3918,36
2021-05-05,Imperial,025,180216,28398,28295,2797,31092,720
2021-05-05,Inyo,027,18085,1401,1401,11,1412,36
2021-05-05,Kern,029,883053,96795,95753,10719,106472,1304
2021-05-05,Kings,031,150075,23086,22840,1084,23924,246
2021-05-05,Lake,033,64148,3477,3458,9,3467,43
2021-05-05,Lassen,035,31185,5173,5143,106,5249,1
2021-05-05,Los Angeles,037,10098052,1200897,1193608,41527,1235135,23977
2021-05-05,Madera,039,155013,16515,16423,921,17344,235
2021-05-05,Marin,041,260295,13996,13950,250,14200,228
2021-05-05,Mariposa,043,17540,421,418,11,429,5
2021-05-05,Mendocino,045,87422,3869,3799,73,3872,46
2021-05-05,Merced,047,269075,30803,30844,984,31828,444
2021-05-05,Modoc,049,8938,372,361,123,484,3
2021-05-05,Mono,051,14174,1246,1260,15,1275,3
2021-05-05,Monterey,053,433212,43051,42870,1861,44731,379
2021-05-05,Napa,055,140530,9839,9833,36,9869,81
2021-05-05,Nevada,057,99092,4747,4666,187,4853,70
2021-05-05,Orange,059,3164182,254576,253237,11257,264494,4978
2021-05-05,Placer,061,380077,22855,22362,1446,23808,287
2021-05-05,Plumas,063,18699,693,677,10,687,4
2021-05-05,Riverside,065,2383286,292987,287353,13955,301308,4414
2021-05-05,Sacramento,067,1510023,104280,103476,1723,105199,1607
2021-05-05,San Benito,069,59416,6037,6046,114,6160,63
2021-05-05,San Bernardino,071,2135413,292272,291008,8950,299958,4677
2021-05-05,San Diego,073,3302833,278569,277098,14623,291721,3716
2021-05-05,San Francisco,075,870044,36408,36577,1281,37858,543
2021-05-05,San Joaquin,077,732212,72366,71638,3497,75135,1345
2021-05-05,San Luis Obispo,079,281455,21139,20958,725,21683,256
2021-05-05,San Mateo,081,765935,42067,41755,463,42218,415
2021-05-05,Santa Barbara,083,443738,34467,34139,1197,35336,453
2021-05-05,Santa Clara,085,1922200,117965,118482,750,119232,1992
2021-05-05,Santa Cruz,087,273765,16131,16013,814,16827,207
2021-05-05,Shasta,089,179085,12002,11939,1507,13446,200
2021-05-05,Sierra,091,2930,56,54,12,66,0
2021-05-05,Siskiyou,093,43540,1811,1706,319,2025,11
2021-05-05,Solano,095,438530,32386,32250,525,32775,249
2021-05-05,Sonoma,097,501317,29739,29879,322,30201,318
2021-05-05,Stanislaus,099,539301,55564,55231,5867,61098,807
2021-05-05,Sutter,101,95872,9408,9387,82,9469,111
2021-05-05,Tehama,103,63373,4994,4968,564,5532,53
2021-05-05,Trinity,105,12862,482,326,88,414,3
2021-05-05,Tulare,107,460477,49899,48875,8959,57834,835
2021-05-05,Tuolumne,109,53932,3990,4040,38,4078,63
2021-05-05,Ventura,111,848112,81018,80372,2970,83342,1005
2021-05-05,Yolo,113,214977,13856,13846,293,14139,209
2021-05-05,Yuba,115,75493,5937,5895,121,6016,44
2021-05-04,Alameda,001,1643700,87135,86894,1937,88831,1277
2021-05-04,Alpine,003,1148,87,88,0,88,0
2021-05-04,Amador,005,37829,3651,3650,33,3683,46
2021-05-04,Butte,007,227075,12272,11883,1786,13669,198
2021-05-04,Calaveras,009,45235,2105,2100,14,2114,52
2021-05-04,Colusa,011,21464,1932,1933,298,2231,14
2021-05-04,Contra Costa,013,1133247,68556,67931,1238,69169,799
2021-05-04,Del Norte,015,27424,1357,1314,12,1326,6
2021-05-04,El Dorado,017,186661,10091,10009,709,10718,110
2021-05-04,Fresno,019,978130,102068,101451,8648,110099,1677
2021-05-04,Glenn,021,27897,2394,2379,544,2923,17
2021-05-04,Humboldt,023,135768,3922,3877,32,3909,36
2021-05-04,Imperial,025,180216,28378,28276,2793,31069,720
2021-05-04,Inyo,027,18085,1401,1399,11,1410,36
2021-05-04,Kern,029,883053,96759,95720,10701,106421,1301
2021-05-04,Kings,031,150075,23072,22822,1081,23903,246
2021-05-04,Lake,033,64148,3476,3454,9,3463,43
2021-05-04,Lassen,035,31185,5172,5142,106,5248,1
2021-05-04,Los Angeles,037,10098052,1200609,1193453,41515,1234968,23957
2021-05-04,Madera,039,155013,16514,16418,921,17339,235
2021-05-04,Marin,041,260295,13988,13935,250,14185,228
2021-05-04,Mariposa,043,17540,421,418,11,429,5
2021-05-04,Mendocino,045,87422,3864,3794,73,3867,46
2021-05-04,Merced,047,269075,30786,30829,984,31813,444
2021-05-04,Modoc,049,8938,371,360,122,482,3
2021-05-04,Mono,051,14174,1246,1260,15,1275,3
2021-05-04,Monterey,053,433212,43039,42845,1860,44705,380
2021-05-04,Napa,055,140530,9830,9824,36,9860,81
2021-05-04,Nevada,057,99092,4740,4656,187,4843,70
2021-05-04,Orange,059,3164182,254509,253177,11247,264424,4977
2021-05-04,Placer,061,380077,22826,22326,1443,23769,287
2021-05-04,Plumas,063,18699,692,675,10,685,4
2021-05-04,Riverside,065,2383286,292903,287285,13948,301233,4411
2021-05-04,Sacramento,067,1510023,104151,103383,1718,105101,1604
2021-05-04,San Benito,069,59416,6036,6039,114,6153,63
2021-05-04,San Bernardino,071,2135413,292195,290934,8943,299877,4668
2021-05-04,San Diego,073,3302833,278403,276879,14606,291485,3713
2021-05-04,San Francisco,075,870044,36390,36550,1281,37831,541
2021-05-04,San Joaquin,077,732212,72304,71582,3492,75074,1342
2021-05-04,San Luis Obispo,079,281455,21133,20923,723,21646,255
2021-05-04,San Mateo,081,765935,42041,41708,463,42171,415
2021-05-04,Santa Barbara,083,443738,34451,34131,1196,35327,453
2021-05-04,Santa Clara,085,1922200,117902,118431,749,119180,1988
2021-05-04,Santa Cruz,087,273765,16125,16005,814,16819,207
2021-05-04,Shasta,089,179085,11982,11923,1501,13424,198
2021-05-04,Sierra,091,2930,56,54,12,66,0
2021-05-04,Siskiyou,093,43540,1804,1694,317,2011,11
2021-05-04,Solano,095,438530,32345,32220,523,32743,249
2021-05-04,Sonoma,097,501317,29719,29867,321,30188,318
2021-05-04,Stanislaus,099,539301,55508,55165,5864,61029,807
2021-05-04,Sutter,101,95872,9403,9375,82,9457,111
2021-05-04,Tehama,103,63373,4992,4959,563,5522,53
2021-05-04,Trinity,105,12862,482,326,88,414,3
2021-05-04,Tulare,107,460477,49872,48857,8950,57807,835
2021-05-04,Tuolumne,109,53932,3988,4041,38,4079,61
2021-05-04,Ventura,111,848112,80989,80351,2968,83319,1005
2021-05-04,Yolo,113,214977,13843,13820,291,14111,208
2021-05-04,Yuba,115,75493,5931,5891,121,6012,44
2021-05-03,Alameda,001,1643700,87059,86845,1931,88776,1272
2021-05-03,Alpine,003,1148,87,88,0,88,0
2021-05-03,Amador,005,37829,3651,3651,33,3684,46
2021-05-03,Butte,007,227075,12262,11864,1783,13647,198
2021-05-03,Calaveras,009,45235,2104,2099,14,2113,50
2021-05-03,Colusa,011,21464,1931,1931,296,2227,14
2021-05-03,Contra Costa,013,1133247,68497,67895,1234,69129,799
2021-05-03,Del Norte,015,27424,1352,1306,11,1317,6
2021-05-03,El Dorado,017,186661,10073,9984,704,10688,110
2021-05-03,Fresno,019,978130,102013,101405,8637,110042,1678
2021-05-03,Glenn,021,27897,2394,2375,543,2918,17
2021-05-03,Humboldt,023,135768,3907,3865,32,3897,36
2021-05-03,Imperial,025,180216,28356,28280,2790,31070,720
2021-05-03,Inyo,027,18085,1400,1398,11,1409,36
2021-05-03,Kern,029,883053,96722,95693,10689,106382,1299
2021-05-03,Kings,031,150075,23063,22821,1081,23902,246
2021-05-03,Lake,033,64148,3474,3446,9,3455,43
2021-05-03,Lassen,035,31185,5171,5142,106,5248,1
2021-05-03,Los Angeles,037,10098052,1200341,1193261,41489,1234750,23942
2021-05-03,Madera,039,155013,16509,16414,920,17334,235
2021-05-03,Marin,041,260295,13982,13927,250,14177,228
2021-05-03,Mariposa,043,17540,421,418,11,429,5
2021-05-03,Mendocino,045,87422,3857,3792,73,3865,46
2021-05-03,Merced,047,269075,30775,30814,982,31796,444
2021-05-03,Modoc,049,8938,371,360,122,482,3
2021-05-03,Mono,051,14174,1246,1259,15,1274,3
2021-05-03,Monterey,053,433212,43027,42837,1858,44695,380
2021-05-03,Napa,055,140530,9825,9815,36,9851,81
2021-05-03,Nevada,057,99092,4732,4650,187,4837,70
2021-05-03,Orange,059,3164182,254450,253107,11238,264345,4968
2021-05-03,Placer,061,380077,22795,22289,1437,23726,287
2021-05-03,Plumas,063,18699,691,675,10,685,4
2021-05-03,Riverside,065,2383286,292829,287233,13947,301180,4412
2021-05-03,Sacramento,067,1510023,103998,103303,1708,105011,1602
2021-05-03,San Benito,069,59416,6035,6038,114,6152,63
2021-05-03,San Bernardino,071,2135413,292127,290886,8940,299826,4659
2021-05-03,San Diego,073,3302833,278240,276693,14581,291274,3712
2021-05-03,San Francisco,075,870044,36364,36538,1281,37819,541
2021-05-03,San Joaquin,077,732212,72253,71504,3489,74993,1325
2021-05-03,San Luis Obispo,079,281455,21117,20915,720,21635,254
2021-05-03,San Mateo,081,765935,42018,41689,462,42151,413
2021-05-03,Santa Barbara,083,443738,34439,34119,1196,35315,453
2021-05-03,Santa Clara,085,1922200,117848,118373,748,119121,1988
2021-05-03,Santa Cruz,087,273765,16122,16000,814,16814,207
2021-05-03,Shasta,089,179085,11959,11890,1496,13386,197
2021-05-03,Sierra,091,2930,56,54,12,66,0
2021-05-03,Siskiyou,093,43540,1798,1683,311,1994,11
2021-05-03,Solano,095,438530,32304,32201,522,32723,249
2021-05-03,Sonoma,097,501317,29707,29855,318,30173,318
2021-05-03,Stanislaus,099,539301,55442,55116,5855,60971,774
2021-05-03,Sutter,101,95872,9391,9370,82,9452,111
2021-05-03,Tehama,103,63373,4983,4952,563,5515,53
2021-05-03,Trinity,105,12862,482,326,88,414,3
2021-05-03,Tulare,107,460477,49855,48844,8940,57784,835
2021-05-03,Tuolumne,109,53932,3987,4038,38,4076,61
2021-05-03,Ventura,111,848112,80967,80291,2968,83259,1005
2021-05-03,Yolo,113,214977,13830,13809,289,14098,208
2021-05-03,Yuba,115,75493,5926,5880,121,6001,44
2021-05-02,Alameda,001,1643700,86974,86784,1930,88714,1272
2021-05-02,Alpine,003,1148,87,88,0,88,0
2021-05-02,Amador,005,37829,3651,3650,33,3683,46
2021-05-02,Butte,007,227075,12238,11859,1780,13639,198
2021-05-02,Calaveras,009,45235,2100,2098,14,2112,50
2021-05-02,Colusa,011,21464,1930,1931,295,2226,14
2021-05-02,Contra Costa,013,1133247,68411,67843,1231,69074,800
2021-05-02,Del Norte,015,27424,1345,1305,11,1316,6
2021-05-02,El Dorado,017,186661,10058,9962,703,10665,110
2021-05-02,Fresno,019,978130,101942,101372,8626,109998,1678
2021-05-02,Glenn,021,27897,2393,2374,541,2915,17
2021-05-02,Humboldt,023,135768,3895,3858,31,3889,36
2021-05-02,Imperial,025,180216,28322,28275,2780,31055,721
2021-05-02,Inyo,027,18085,1398,1398,11,1409,36
2021-05-02,Kern,029,883053,96664,95668,10682,106350,1299
2021-05-02,Kings,031,150075,23045,22816,1080,23896,246
2021-05-02,Lake,033,64148,3472,3443,9,3452,43
2021-05-02,Lassen,035,31185,5170,5142,105,5247,1
2021-05-02,Los Angeles,037,10098052,1199991,1193056,41466,1234522,23943
2021-05-02,Madera,039,155013,16503,16410,920,17330,235
2021-05-02,Marin,041,260295,13972,13917,250,14167,228
2021-05-02,Mariposa,043,17540,421,419,11,430,5
2021-05-02,Mendocino,045,87422,3852,3787,73,3860,46
2021-05-02,Merced,047,269075,30753,30793,980,31773,444
2021-05-02,Modoc,049,8938,370,360,122,482,3
2021-05-02,Mono,051,14174,1245,1259,15,1274,3
2021-05-02,Monterey,053,433212,43013,42837,1857,44694,380
2021-05-02,Napa,055,140530,9821,9805,36,9841,81
2021-05-02,Nevada,057,99092,4716,4635,187,4822,70
2021-05-02,Orange,059,3164182,254376,253025,11225,264250,4968
2021-05-02,Placer,061,380077,22766,22264,1434,23698,287
2021-05-02,Plumas,063,18699,691,675,10,685,4
2021-05-02,Riverside,065,2383286,292729,287197,13937,301134,4412
2021-05-02,Sacramento,067,1510023,103859,103153,1701,104854,1602
2021-05-02,San Benito,069,59416,6030,6037,114,6151,63
2021-05-02,San Bernardino,071,2135413,292028,290859,8938,299797,4655
2021-05-02,San Diego,073,3302833,278043,276521,14554,291075,3712
2021-05-02,San Francisco,075,870044,36338,36522,1281,37803,541
2021-05-02,San Joaquin,077,732212,72189,71447,3482,74929,1325
2021-05-02,San Luis Obispo,079,281455,21097,20910,719,21629,254
2021-05-02,San Mateo,081,765935,42002,41656,461,42117,412
2021-05-02,Santa Barbara,083,443738,34425,34106,1196,35302,453
2021-05-02,Santa Clara,085,1922200,117774,118321,748,119069,1988
2021-05-02,Santa Cruz,087,273765,16117,15995,813,16808,207
2021-05-02,Shasta,089,179085,11943,11885,1488,13373,197
2021-05-02,Sierra,091,2930,56,54,12,66,0
2021-05-02,Siskiyou,093,43540,1787,1661,310,1971,11
2021-05-02,Solano,095,438530,32265,32151,518,32669,249
2021-05-02,Sonoma,097,501317,29685,29842,318,30160,318
2021-05-02,Stanislaus,099,539301,55369,55057,5848,60905,774
2021-05-02,Sutter,101,95872,9384,9363,82,9445,111
2021-05-02,Tehama,103,63373,4978,4950,561,5511,53
2021-05-02,Trinity,105,12862,482,326,88,414,3
2021-05-02,Tulare,107,460477,49837,48834,8932,57766,835
2021-05-02,Tuolumne,109,53932,3984,4038,38,4076,61
2021-05-02,Ventura,111,848112,80930,80284,2967,83251,1005
2021-05-02,Yolo,113,214977,13818,13799,288,14087,208
2021-05-02,Yuba,115,75493,5916,5879,121,6000,44
2021-05-01,Alameda,001,1643700,86931,86704,1927,88631,1270
2021-05-01,Alpine,003,1148,87,88,0,88,0
2021-05-01,Amador,005,37829,3651,3650,33,3683,46
2021-05-01,Butte,007,227075,12224,11845,1775,13620,198
2021-05-01,Calaveras,009,45235,2098,2096,14,2110,50
2021-05-01,Colusa,011,21464,1929,1931,295,2226,14
2021-05-01,Contra Costa,013,1133247,68359,67779,1228,69007,800
2021-05-01,Del Norte,015,27424,1344,1292,11,1303,6
2021-05-01,El Dorado,017,186661,10044,9944,701,10645,110
2021-05-01,Fresno,019,978130,101897,101326,8620,109946,1678
2021-05-01,Glenn,021,27897,2390,2369,540,2909,17
2021-05-01,Humboldt,023,135768,3881,3845,31,3876,36
2021-05-01,Imperial,025,180216,28315,28262,2780,31042,721
2021-05-01,Inyo,027,18085,1398,1397,11,1408,36
2021-05-01,Kern,029,883053,96637,95645,10670,106315,1299
2021-05-01,Kings,031,150075,23042,22797,1079,23876,246
2021-05-01,Lake,033,64148,3470,3441,9,3450,43
2021-05-01,Lassen,035,31185,5168,5142,105,5247,1
2021-05-01,Los Angeles,037,10098052,1199822,1192781,41451,1234232,23946
2021-05-01,Madera,039,155013,16499,16408,920,17328,235
2021-05-01,Marin,041,260295,13965,13902,250,14152,228
2021-05-01,Mariposa,043,17540,421,418,11,429,5
2021-05-01,Mendocino,045,87422,3850,3782,73,3855,46
2021-05-01,Merced,047,269075,30735,30771,980,31751,444
2021-05-01,Modoc,049,8938,370,361,122,483,3
2021-05-01,Mono,051,14174,1245,1258,15,1273,3
2021-05-01,Monterey,053,433212,43007,42828,1857,44685,379
2021-05-01,Napa,055,140530,9818,9800,36,9836,81
2021-05-01,Nevada,057,99092,4711,4625,187,4812,70
2021-05-01,Orange,059,3164182,254333,252969,11214,264183,4964
2021-05-01,Placer,061,380077,22740,22240,1432,23672,287
2021-05-01,Plumas,063,18699,690,675,10,685,4
2021-05-01,Riverside,065,2383286,292690,287129,13935,301064,4412
2021-05-01,Sacramento,067,1510023,103778,103043,1700,104743,1602
2021-05-01,San Benito,069,59416,6027,6030,114,6144,63
2021-05-01,San Bernardino,071,2135413,291985,290802,8936,299738,4652
2021-05-01,San Diego,073,3302833,277919,276367,14533,290900,3706
2021-05-01,San Francisco,075,870044,36323,36496,1281,37777,541
2021-05-01,San Joaquin,077,732212,72141,71389,3480,74869,1325
2021-05-01,San Luis Obispo,079,281455,21092,20896,719,21615,254
2021-05-01,San Mateo,081,765935,41973,41617,460,42077,411
2021-05-01,Santa Barbara,083,443738,34420,34085,1195,35280,453
2021-05-01,Santa Clara,085,1922200,117722,118265,746,119011,1988
2021-05-01,Santa Cruz,087,273765,16114,15984,813,16797,207
2021-05-01,Shasta,089,179085,11923,11878,1480,13358,197
2021-05-01,Sierra,091,2930,56,53,12,65,0
2021-05-01,Siskiyou,093,43540,1779,1653,309,1962,11
2021-05-01,Solano,095,438530,32235,32124,510,32634,249
2021-05-01,Sonoma,097,501317,29682,29835,318,30153,318
2021-05-01,Stanislaus,099,539301,55334,55005,5842,60847,774
2021-05-01,Sutter,101,95872,9381,9358,82,9440,110
2021-05-01,Tehama,103,63373,4977,4950,560,5510,53
2021-05-01,Trinity,105,12862,482,326,87,413,3
2021-05-01,Tulare,107,460477,49830,48818,8926,57744,835
2021-05-01,Tuolumne,109,53932,3978,4035,38,4073,61
2021-05-01,Ventura,111,848112,80912,80268,2967,83235,1005
2021-05-01,Yolo,113,214977,13811,13784,286,14070,208
2021-05-01,Yuba,115,75493,5914,5875,121,5996,44
2021-04-30,Alameda,001,1643700,86870,86602,1924,88526,1268
2021-04-30,Alpine,003,1148,87,88,0,88,0
2021-04-30,Amador,005,37829,3649,3650,33,3683,46
2021-04-30,Butte,007,227075,12205,11812,1771,13583,197
2021-04-30,Calaveras,009,45235,2097,2087,14,2101,50
2021-04-30,Colusa,011,21464,1929,1931,294,2225,14
2021-04-30,Contra Costa,013,1133247,68311,67684,1225,68909,800
2021-04-30,Del Norte,015,27424,1332,1276,11,1287,6
2021-04-30,El Dorado,017,186661,10030,9906,701,10607,110
2021-04-30,Fresno,019,978130,101851,101263,8616,109879,1670
2021-04-30,Glenn,021,27897,2389,2369,540,2909,17
2021-04-30,Humboldt,023,135768,3868,3834,31,3865,36
2021-04-30,Imperial,025,180216,28306,28244,2777,31021,721
2021-04-30,Inyo,027,18085,1398,1397,11,1408,36
2021-04-30,Kern,029,883053,96620,95605,10666,106271,1298
2021-04-30,Kings,031,150075,23039,22793,1078,23871,246
2021-04-30,Lake,033,64148,3466,3440,9,3449,43
2021-04-30,Lassen,035,31185,5167,5140,105,5245,1
2021-04-30,Los Angeles,037,10098052,1199612,1192393,41438,1233831,23919
2021-04-30,Madera,039,155013,16493,16395,920,17315,235
2021-04-30,Marin,041,260295,13957,13895,248,14143,228
2021-04-30,Mariposa,043,17540,421,417,11,428,5
2021-04-30,Mendocino,045,87422,3846,3777,73,3850,46
2021-04-30,Merced,047,269075,30722,30740,979,31719,444
2021-04-30,Modoc,049,8938,369,360,122,482,3
2021-04-30,Mono,051,14174,1245,1258,15,1273,3
2021-04-30,Monterey,053,433212,42993,42810,1856,44666,379
2021-04-30,Napa,055,140530,9814,9792,36,9828,81
2021-04-30,Nevada,057,99092,4703,4608,187,4795,70
2021-04-30,Orange,059,3164182,254276,252883,11208,264091,4956
2021-04-30,Placer,061,380077,22721,22190,1428,23618,287
2021-04-30,Plumas,063,18699,690,677,10,687,4
2021-04-30,Riverside,065,2383286,292632,287030,13928,300958,4412
2021-04-30,Sacramento,067,1510023,103677,102864,1696,104560,1596
2021-04-30,San Benito,069,59416,6023,6024,113,6137,63
2021-04-30,San Bernardino,071,2135413,291924,290704,8935,299639,4640
2021-04-30,San Diego,073,3302833,277825,276157,14522,290679,3702
2021-04-30,San Francisco,075,870044,36312,36453,1280,37733,538
2021-04-30,San Joaquin,077,732212,72089,71311,3477,74788,1306
2021-04-30,San Luis Obispo,079,281455,21086,20884,719,21603,255
2021-04-30,San Mateo,081,765935,41958,41583,459,42042,380
2021-04-30,Santa Barbara,083,443738,34407,34061,1195,35256,451
2021-04-30,Santa Clara,085,1922200,117664,118170,742,118912,1988
2021-04-30,Santa Cruz,087,273765,16109,15975,813,16788,207
2021-04-30,Shasta,089,179085,11902,11848,1477,13325,197
2021-04-30,Sierra,091,2930,56,53,12,65,0
2021-04-30,Siskiyou,093,43540,1768,1628,306,1934,11
2021-04-30,Solano,095,438530,32203,32050,507,32557,249
2021-04-30,Sonoma,097,501317,29672,29816,316,30132,318
2021-04-30,Stanislaus,099,539301,55283,54938,5839,60777,774
2021-04-30,Sutter,101,95872,9379,9353,82,9435,110
2021-04-30,Tehama,103,63373,4975,4944,560,5504,53
2021-04-30,Trinity,105,12862,482,326,87,413,3
2021-04-30,Tulare,107,460477,49820,48797,8910,57707,836
2021-04-30,Tuolumne,109,53932,3977,4033,38,4071,61
2021-04-30,Ventura,111,848112,80872,80232,2962,83194,1004
2021-04-30,Yolo,113,214977,13799,13756,286,14042,208
2021-04-30,Yuba,115,75493,5906,5870,121,5991,44
2021-04-29,Alameda,001,1643700,86803,86490,1922,88412,1263
2021-04-29,Alpine,003,1148,87,88,0,88,0
2021-04-29,Amador,005,37829,3649,3649,33,3682,46
2021-04-29,Butte,007,227075,12190,11787,1769,13556,196
2021-04-29,Calaveras,009,45235,2094,2082,14,2096,50
2021-04-29,Colusa,011,21464,1929,1929,294,2223,14
2021-04-29,Contra Costa,013,1133247,68256,67606,1222,68828,795
2021-04-29,Del Norte,015,27424,1328,1271,11,1282,6
2021-04-29,El Dorado,017,186661,10010,9884,698,10582,107
2021-04-29,Fresno,019,978130,101797,101189,8605,109794,1667
2021-04-29,Glenn,021,27897,2386,2369,540,2909,17
2021-04-29,Humboldt,023,135768,3854,3815,31,3846,36
2021-04-29,Imperial,025,180216,28294,28235,2776,31011,720
2021-04-29,Inyo,027,18085,1398,1396,11,1407,36
2021-04-29,Kern,029,883053,96587,95547,10662,106209,1295
2021-04-29,Kings,031,150075,23029,22777,1073,23850,245
2021-04-29,Lake,033,64148,3458,3438,9,3447,43
2021-04-29,Lassen,035,31185,5167,5140,105,5245,1
2021-04-29,Los Angeles,037,10098052,1199334,1192068,41417,1233485,23899
2021-04-29,Madera,039,155013,16488,16383,919,17302,235
2021-04-29,Marin,041,260295,13953,13884,240,14124,228
2021-04-29,Mariposa,043,17540,420,416,11,427,5
2021-04-29,Mendocino,045,87422,3840,3774,73,3847,46
2021-04-29,Merced,047,269075,30702,30706,979,31685,444
2021-04-29,Modoc,049,8938,369,360,122,482,3
2021-04-29,Mono,051,14174,1243,1259,15,1274,3
2021-04-29,Monterey,053,433212,42976,42797,1855,44652,379
2021-04-29,Napa,055,140530,9800,9789,36,9825,81
2021-04-29,Nevada,057,99092,4692,4590,187,4777,70
2021-04-29,Orange,059,3164182,254206,252823,11193,264016,4934
2021-04-29,Placer,061,380077,22696,22161,1426,23587,286
2021-04-29,Plumas,063,18699,689,676,10,686,4
2021-04-29,Riverside,065,2383286,292564,286947,13925,300872,4409
2021-04-29,Sacramento,067,1510023,103544,102686,1686,104372,1593
2021-04-29,San Benito,069,59416,6022,6023,113,6136,63
2021-04-29,San Bernardino,071,2135413,291852,290606,8930,299536,4609
2021-04-29,San Diego,073,3302833,277675,275961,14505,290466,3700
2021-04-29,San Francisco,075,870044,36286,36412,1280,37692,537
2021-04-29,San Joaquin,077,732212,72023,71225,3472,74697,1301
2021-04-29,San Luis Obispo,079,281455,21075,20876,719,21595,255
2021-04-29,San Mateo,081,765935,41930,41538,458,41996,358
2021-04-29,Santa Barbara,083,443738,34391,34039,1193,35232,448
2021-04-29,Santa Clara,085,1922200,117609,118082,739,118821,1984
2021-04-29,Santa Cruz,087,273765,16103,15961,813,16774,205
2021-04-29,Shasta,089,179085,11871,11836,1469,13305,193
2021-04-29,Sierra,091,2930,56,53,12,65,0
2021-04-29,Siskiyou,093,43540,1759,1615,303,1918,11
2021-04-29,Solano,095,438530,32162,32002,503,32505,248
2021-04-29,Sonoma,097,501317,29657,29785,313,30098,318
2021-04-29,Stanislaus,099,539301,55216,54836,5834,60670,774
2021-04-29,Sutter,101,95872,9372,9346,82,9428,110
2021-04-29,Tehama,103,63373,4967,4939,560,5499,53
2021-04-29,Trinity,105,12862,482,326,87,413,3
2021-04-29,Tulare,107,460477,49802,48785,8898,57683,832
2021-04-29,Tuolumne,109,53932,3976,4030,38,4068,58
2021-04-29,Ventura,111,848112,80838,80188,2960,83148,1002
2021-04-29,Yolo,113,214977,13779,13745,285,14030,205
2021-04-29,Yuba,115,75493,5896,5865,121,5986,44
2021-04-28,Alameda,001,1643700,86731,86390,1918,88308,1260
2021-04-28,Alpine,003,1148,87,88,0,88,0
2021-04-28,Amador,005,37829,3649,3646,33,3679,46
2021-04-28,Butte,007,227075,12170,11762,1764,13526,196
2021-04-28,Calaveras,009,45235,2090,2078,13,2091,50
2021-04-28,Colusa,011,21464,1926,1927,293,2220,14
2021-04-28,Contra Costa,013,1133247,68196,67539,1221,68760,795
2021-04-28,Del Norte,015,27424,1320,1267,11,1278,6
2021-04-28,El Dorado,017,186661,9986,9873,698,10571,107
2021-04-28,Fresno,019,978130,101750,101161,8595,109756,1666
2021-04-28,Glenn,021,27897,2383,2368,540,2908,17
2021-04-28,Humboldt,023,135768,3838,3796,31,3827,36
2021-04-28,Imperial,025,180216,28280,28177,2774,30951,720
2021-04-28,Inyo,027,18085,1398,1396,10,1406,36
2021-04-28,Kern,029,883053,96557,95494,10653,106147,1295
2021-04-28,Kings,031,150075,23017,22767,1071,23838,245
2021-04-28,Lake,033,64148,3455,3433,9,3442,43
2021-04-28,Lassen,035,31185,5167,5138,105,5243,1
2021-04-28,Los Angeles,037,10098052,1199038,1191729,41391,1233120,23858
2021-04-28,Madera,039,155013,16484,16372,919,17291,235
2021-04-28,Marin,041,260295,13942,13866,240,14106,227
2021-04-28,Mariposa,043,17540,417,415,11,426,5
2021-04-28,Mendocino,045,87422,3834,3770,71,3841,46
2021-04-28,Merced,047,269075,30683,30649,979,31628,443
2021-04-28,Modoc,049,8938,369,360,122,482,3
2021-04-28,Mono,051,14174,1243,1258,15,1273,3
2021-04-28,Monterey,053,433212,42971,42776,1855,44631,379
2021-04-28,Napa,055,140530,9789,9777,36,9813,81
2021-04-28,Nevada,057,99092,4672,4570,187,4757,70
2021-04-28,Orange,059,3164182,254126,252747,11180,263927,4931
2021-04-28,Placer,061,380077,22669,22115,1425,23540,285
2021-04-28,Plumas,063,18699,689,676,10,686,4
2021-04-28,Riverside,065,2383286,292508,286868,13919,300787,4407
2021-04-28,Sacramento,067,1510023,103422,102613,1682,104295,1591
2021-04-28,San Benito,069,59416,6020,6021,113,6134,63
2021-04-28,San Bernardino,071,2135413,291773,290548,8920,299468,4582
2021-04-28,San Diego,073,3302833,277520,275821,14491,290312,3698
2021-04-28,San Francisco,075,870044,36256,36382,1279,37661,534
2021-04-28,San Joaquin,077,732212,71943,71171,3464,74635,1301
2021-04-28,San Luis Obispo,079,281455,21067,20851,719,21570,255
2021-04-28,San Mateo,081,765935,41905,41498,456,41954,358
2021-04-28,Santa Barbara,083,443738,34377,34003,1193,35196,448
2021-04-28,Santa Clara,085,1922200,117540,117997,737,118734,1969
2021-04-28,Santa Cruz,087,273765,16099,15943,812,16755,205
2021-04-28,Shasta,089,179085,11855,11815,1462,13277,192
2021-04-28,Sierra,091,2930,56,51,12,63,0
2021-04-28,Siskiyou,093,43540,1746,1603,301,1904,11
2021-04-28,Solano,095,438530,32130,31982,498,32480,248
2021-04-28,Sonoma,097,501317,29643,29773,309,30082,318
2021-04-28,Stanislaus,099,539301,55160,54745,5831,60576,774
2021-04-28,Sutter,101,95872,9367,9343,82,9425,110
2021-04-28,Tehama,103,63373,4961,4930,559,5489,53
2021-04-28,Trinity,105,12862,482,326,87,413,3
2021-04-28,Tulare,107,460477,49784,48754,8883,57637,832
2021-04-28,Tuolumne,109,53932,3973,4029,38,4067,58
2021-04-28,Ventura,111,848112,80803,80172,2958,83130,1000
2021-04-28,Yolo,113,214977,13764,13721,284,14005,205
2021-04-28,Yuba,115,75493,5890,5857,121,5978,44
2021-04-27,Alameda,001,1643700,86640,86301,1912,88213,1260
2021-04-27,Alpine,003,1148,87,88,0,88,0
2021-04-27,Amador,005,37829,3649,3645,33,3678,46
2021-04-27,Butte,007,227075,12145,11738,1758,13496,196
2021-04-27,Calaveras,009,45235,2089,2076,13,2089,50
2021-04-27,Colusa,011,21464,1925,1926,293,2219,14
2021-04-27,Contra Costa,013,1133247,68127,67470,1217,68687,791
2021-04-27,Del Norte,015,27424,1308,1266,11,1277,6
2021-04-27,El Dorado,017,186661,9957,9866,695,10561,106
2021-04-27,Fresno,019,978130,101685,101138,8585,109723,1663
2021-04-27,Glenn,021,27897,2383,2368,540,2908,17
2021-04-27,Humboldt,023,135768,3826,3780,31,3811,35
2021-04-27,Imperial,025,180216,28264,28149,2767,30916,720
2021-04-27,Inyo,027,18085,1398,1396,10,1406,36
2021-04-27,Kern,029,883053,96500,95466,10642,106108,1295
2021-04-27,Kings,031,150075,23002,22759,1069,23828,244
2021-04-27,Lake,033,64148,3454,3431,9,3440,43
2021-04-27,Lassen,035,31185,5167,5137,105,5242,1
2021-04-27,Los Angeles,037,10098052,1198715,1191504,41361,1232865,23825
2021-04-27,Madera,039,155013,16477,16365,919,17284,235
2021-04-27,Marin,041,260295,13920,13855,240,14095,227
2021-04-27,Mariposa,043,17540,416,413,11,424,5
2021-04-27,Mendocino,045,87422,3830,3765,71,3836,46
2021-04-27,Merced,047,269075,30643,30620,979,31599,443
2021-04-27,Modoc,049,8938,368,360,122,482,3
2021-04-27,Mono,051,14174,1243,1257,15,1272,3
2021-04-27,Monterey,053,433212,42953,42752,1852,44604,379
2021-04-27,Napa,055,140530,9782,9774,34,9808,81
2021-04-27,Nevada,057,99092,4657,4557,187,4744,70
2021-04-27,Orange,059,3164182,254057,252667,11175,263842,4925
2021-04-27,Placer,061,380077,22638,22050,1422,23472,285
2021-04-27,Plumas,063,18699,688,675,10,685,4
2021-04-27,Riverside,065,2383286,292432,286820,13915,300735,4405
2021-04-27,Sacramento,067,1510023,103293,102595,1672,104267,1589
2021-04-27,San Benito,069,59416,6015,6016,113,6129,63
2021-04-27,San Bernardino,071,2135413,291705,290461,8915,299376,4575
2021-04-27,San Diego,073,3302833,277363,275685,14471,290156,3692
2021-04-27,San Francisco,075,870044,36228,36358,1278,37636,533
2021-04-27,San Joaquin,077,732212,71890,71104,3458,74562,1301
2021-04-27,San Luis Obispo,079,281455,21060,20841,719,21560,255
2021-04-27,San Mateo,081,765935,41870,41474,455,41929,358
2021-04-27,Santa Barbara,083,443738,34354,33973,1192,35165,448
2021-04-27,Santa Clara,085,1922200,117490,117945,736,118681,1969
2021-04-27,Santa Cruz,087,273765,16092,15905,811,16716,205
2021-04-27,Shasta,089,179085,11827,11802,1455,13257,192
2021-04-27,Sierra,091,2930,56,51,12,63,0
2021-04-27,Siskiyou,093,43540,1731,1597,300,1897,11
2021-04-27,Solano,095,438530,32082,31964,497,32461,248
2021-04-27,Sonoma,097,501317,29625,29761,308,30069,318
2021-04-27,Stanislaus,099,539301,55090,54695,5823,60518,752
2021-04-27,Sutter,101,95872,9362,9342,82,9424,110
2021-04-27,Tehama,103,63373,4958,4922,555,5477,53
2021-04-27,Trinity,105,12862,482,326,87,413,3
2021-04-27,Tulare,107,460477,49768,48744,8874,57618,832
2021-04-27,Tuolumne,109,53932,3970,4028,38,4066,58
2021-04-27,Ventura,111,848112,80774,80152,2956,83108,1000
2021-04-27,Yolo,113,214977,13751,13697,282,13979,205
2021-04-27,Yuba,115,75493,5890,5853,121,5974,44
2021-04-26,Alameda,001,1643700,86548,86230,1909,88139,1256
2021-04-26,Alpine,003,1148,87,88,0,88,0
2021-04-26,Amador,005,37829,3648,3645,33,3678,46
2021-04-26,Butte,007,227075,12121,11720,1754,13474,196
2021-04-26,Calaveras,009,45235,2084,2074,13,2087,50
2021-04-26,Colusa,011,21464,1925,1925,292,2217,14
2021-04-26,Contra Costa,013,1133247,68059,67392,1213,68605,789
2021-04-26,Del Norte,015,27424,1299,1263,11,1274,6
2021-04-26,El Dorado,017,186661,9936,9849,694,10543,106
2021-04-26,Fresno,019,978130,101630,101099,8571,109670,1662
2021-04-26,Glenn,021,27897,2381,2367,540,2907,17
2021-04-26,Humboldt,023,135768,3816,3764,30,3794,35
2021-04-26,Imperial,025,180216,28251,28148,2763,30911,720
2021-04-26,Inyo,027,18085,1397,1396,10,1406,36
2021-04-26,Kern,029,883053,96473,95429,10636,106065,1295
2021-04-26,Kings,031,150075,22999,22756,1066,23822,244
2021-04-26,Lake,033,64148,3449,3428,9,3437,43
2021-04-26,Lassen,035,31185,5167,5138,105,5243,1
2021-04-26,Los Angeles,037,10098052,1198388,1191253,41342,1232595,23802
2021-04-26,Madera,039,155013,16465,16353,918,17271,231
2021-04-26,Marin,041,260295,13905,13849,240,14089,227
2021-04-26,Mariposa,043,17540,415,410,11,421,5
2021-04-26,Mendocino,045,87422,3828,3757,71,3828,46
2021-04-26,Merced,047,269075,30626,30611,976,31587,443
2021-04-26,Modoc,049,8938,368,360,122,482,3
2021-04-26,Mono,051,14174,1243,1258,15,1273,3
2021-04-26,Monterey,053,433212,42937,42740,1851,44591,379
2021-04-26,Napa,055,140530,9770,9769,34,9803,79
2021-04-26,Nevada,057,99092,4636,4548,187,4735,70
2021-04-26,Orange,059,3164182,253973,252592,11164,263756,4919
2021-04-26,Placer,061,380077,22609,22032,1417,23449,285
2021-04-26,Plumas,063,18699,688,670,10,680,4
2021-04-26,Riverside,065,2383286,292370,286724,13907,300631,4401
2021-04-26,Sacramento,067,1510023,103121,102459,1659,104118,1587
2021-04-26,San Benito,069,59416,6013,6013,113,6126,63
2021-04-26,San Bernardino,071,2135413,291654,290394,8914,299308,4572
2021-04-26,San Diego,073,3302833,277189,275541,14443,289984,3692
2021-04-26,San Francisco,075,870044,36200,36330,1277,37607,532
2021-04-26,San Joaquin,077,732212,71824,71050,3450,74500,1301
2021-04-26,San Luis Obispo,079,281455,21052,20830,718,21548,255
2021-04-26,San Mateo,081,765935,41840,41457,455,41912,357
2021-04-26,Santa Barbara,083,443738,34323,33948,1192,35140,448
2021-04-26,Santa Clara,085,1922200,117390,117874,733,118607,1968
2021-04-26,Santa Cruz,087,273765,16083,15877,811,16688,205
2021-04-26,Shasta,089,179085,11810,11787,1449,13236,192
2021-04-26,Sierra,091,2930,55,51,12,63,0
2021-04-26,Siskiyou,093,43540,1721,1592,296,1888,11
2021-04-26,Solano,095,438530,32037,31913,495,32408,247
2021-04-26,Sonoma,097,501317,29602,29755,306,30061,318
2021-04-26,Stanislaus,099,539301,55000,54638,5817,60455,744
2021-04-26,Sutter,101,95872,9357,9328,82,9410,110
2021-04-26,Tehama,103,63373,4953,4920,552,5472,53
2021-04-26,Trinity,105,12862,482,326,87,413,3
2021-04-26,Tulare,107,460477,49748,48735,8865,57600,831
2021-04-26,Tuolumne,109,53932,3969,4024,38,4062,58
2021-04-26,Ventura,111,848112,80749,80137,2953,83090,999
2021-04-26,Yolo,113,214977,13731,13684,279,13963,205
2021-04-26,Yuba,115,75493,5888,5851,121,5972,44
2021-04-25,Alameda,001,1643700,86444,86162,1902,88064,1256
2021-04-25,Alpine,003,1148,87,87,0,87,0
2021-04-25,Amador,005,37829,3647,3643,33,3676,46
2021-04-25,Butte,007,227075,12092,11709,1747,13456,196
2021-04-25,Calaveras,009,45235,2078,2072,12,2084,50
2021-04-25,Colusa,011,21464,1924,1924,292,2216,14
2021-04-25,Contra Costa,013,1133247,67966,67316,1212,68528,789
2021-04-25,Del Norte,015,27424,1293,1259,11,1270,6
2021-04-25,El Dorado,017,186661,9920,9837,692,10529,106
2021-04-25,Fresno,019,978130,101571,101061,8559,109620,1662
2021-04-25,Glenn,021,27897,2381,2366,540,2906,17
2021-04-25,Humboldt,023,135768,3803,3751,30,3781,35
2021-04-25,Imperial,025,180216,28225,28136,2760,30896,720
2021-04-25,Inyo,027,18085,1397,1396,10,1406,36
2021-04-25,Kern,029,883053,96407,95398,10623,106021,1295
2021-04-25,Kings,031,150075,22985,22755,1064,23819,244
2021-04-25,Lake,033,64148,3447,3427,9,3436,43
2021-04-25,Lassen,035,31185,5165,5138,105,5243,1
2021-04-25,Los Angeles,037,10098052,1198054,1190970,41322,1232292,23799
2021-04-25,Madera,039,155013,16453,16346,918,17264,231
2021-04-25,Marin,041,260295,13896,13852,240,14092,227
2021-04-25,Mariposa,043,17540,415,410,11,421,5
2021-04-25,Mendocino,045,87422,3821,3757,71,3828,46
2021-04-25,Merced,047,269075,30591,30586,976,31562,443
2021-04-25,Modoc,049,8938,368,360,122,482,3
2021-04-25,Mono,051,14174,1243,1257,15,1272,3
2021-04-25,Monterey,053,433212,42924,42737,1849,44586,379
2021-04-25,Napa,055,140530,9765,9762,34,9796,79
2021-04-25,Nevada,057,99092,4624,4536,187,4723,70
2021-04-25,Orange,059,3164182,253897,252531,11157,263688,4919
2021-04-25,Placer,061,380077,22562,22011,1409,23420,285
2021-04-25,Plumas,063,18699,687,670,10,680,4
2021-04-25,Riverside,065,2383286,292276,286651,13901,300552,4401
2021-04-25,Sacramento,067,1510023,102953,102319,1649,103968,1587
2021-04-25,San Benito,069,59416,6011,6014,112,6126,63
2021-04-25,San Bernardino,071,2135413,291579,290357,8906,299263,4571
2021-04-25,San Diego,073,3302833,276976,275412,14410,289822,3692
2021-04-25,San Francisco,075,870044,36169,36310,1277,37587,532
2021-04-25,San Joaquin,077,732212,71729,70987,3440,74427,1301
2021-04-25,San Luis Obispo,079,281455,21033,20820,716,21536,255
2021-04-25,San Mateo,081,765935,41805,41465,454,41919,356
2021-04-25,Santa Barbara,083,443738,34297,33931,1192,35123,448
2021-04-25,Santa Clara,085,1922200,117311,117778,731,118509,1968
2021-04-25,Santa Cruz,087,273765,16077,15868,809,16677,205
2021-04-25,Shasta,089,179085,11787,11784,1444,13228,192
2021-04-25,Sierra,091,2930,55,51,12,63,0
2021-04-25,Siskiyou,093,43540,1710,1580,294,1874,11
2021-04-25,Solano,095,438530,31990,31864,487,32351,247
2021-04-25,Sonoma,097,501317,29584,29756,306,30062,318
2021-04-25,Stanislaus,099,539301,54904,54543,5809,60352,744
2021-04-25,Sutter,101,95872,9351,9326,82,9408,110
2021-04-25,Tehama,103,63373,4949,4916,550,5466,53
2021-04-25,Trinity,105,12862,482,326,87,413,3
2021-04-25,Tulare,107,460477,49732,48728,8851,57579,831
2021-04-25,Tuolumne,109,53932,3967,4022,38,4060,58
2021-04-25,Ventura,111,848112,80725,80110,2953,83063,999
2021-04-25,Yolo,113,214977,13708,13667,277,13944,205
2021-04-25,Yuba,115,75493,5885,5849,120,5969,44
2021-04-24,Alameda,001,1643700,86390,86016,1900,87916,1257
2021-04-24,Alpine,003,1148,87,86,0,86,0
2021-04-24,Amador,005,37829,3646,3640,33,3673,46
2021-04-24,Butte,007,227075,12076,11678,1745,13423,196
2021-04-24,Calaveras,009,45235,2074,2067,12,2079,50
2021-04-24,Colusa,011,21464,1923,1921,292,2213,14
2021-04-24,Contra Costa,013,1133247,67897,67222,1210,68432,789
2021-04-24,Del Norte,015,27424,1288,1255,11,1266,6
2021-04-24,El Dorado,017,186661,9909,9814,691,10505,106
2021-04-24,Fresno,019,978130,101540,100991,8553,109544,1662
2021-04-24,Glenn,021,27897,2381,2363,540,2903,17
2021-04-24,Humboldt,023,135768,3789,3722,30,3752,35
2021-04-24,Imperial,025,180216,28218,28124,2759,30883,720
2021-04-24,Inyo,027,18085,1396,1396,10,1406,36
2021-04-24,Kern,029,883053,96388,95365,10613,105978,1295
2021-04-24,Kings,031,150075,22982,22749,1064,23813,244
2021-04-24,Lake,033,64148,3446,3426,9,3435,43
2021-04-24,Lassen,035,31185,5164,5137,105,5242,1
2021-04-24,Los Angeles,037,10098052,1197827,1190603,41306,1231909,23802
2021-04-24,Madera,039,155013,16450,16338,918,17256,231
2021-04-24,Marin,041,260295,13888,13847,240,14087,227
2021-04-24,Mariposa,043,17540,415,409,11,420,5
2021-04-24,Mendocino,045,87422,3819,3754,70,3824,46
2021-04-24,Merced,047,269075,30571,30559,976,31535,443
2021-04-24,Modoc,049,8938,368,360,122,482,3
2021-04-24,Mono,051,14174,1243,1256,15,1271,3
2021-04-24,Monterey,053,433212,42912,42727,1848,44575,379
2021-04-24,Napa,055,140530,9759,9756,34,9790,79
2021-04-24,Nevada,057,99092,4617,4522,187,4709,70
2021-04-24,Orange,059,3164182,253853,252441,11151,263592,4910
2021-04-24,Placer,061,380077,22550,21983,1408,23391,285
2021-04-24,Plumas,063,18699,686,670,10,680,4
2021-04-24,Riverside,065,2383286,292208,286552,13897,300449,4400
2021-04-24,Sacramento,067,1510023,102870,102179,1642,103821,1587
2021-04-24,San Benito,069,59416,6009,6007,112,6119,63
2021-04-24,San Bernardino,071,2135413,291530,290264,8905,299169,4568
2021-04-24,San Diego,073,3302833,276872,275252,14390,289642,3688
2021-04-24,San Francisco,075,870044,36140,36285,1273,37558,532
2021-04-24,San Joaquin,077,732212,71685,70911,3437,74348,1301
2021-04-24,San Luis Obispo,079,281455,21023,20797,715,21512,255
2021-04-24,San Mateo,081,765935,41792,41424,452,41876,355
2021-04-24,Santa Barbara,083,443738,34282,33911,1191,35102,448
2021-04-24,Santa Clara,085,1922200,117256,117674,729,118403,1968
2021-04-24,Santa Cruz,087,273765,16069,15840,809,16649,205
2021-04-24,Shasta,089,179085,11769,11770,1441,13211,192
2021-04-24,Sierra,091,2930,55,51,12,63,0
2021-04-24,Siskiyou,093,43540,1700,1574,293,1867,11
2021-04-24,Solano,095,438530,31967,31821,484,32305,247
2021-04-24,Sonoma,097,501317,29582,29739,306,30045,318
2021-04-24,Stanislaus,099,539301,54855,54455,5806,60261,744
2021-04-24,Sutter,101,95872,9348,9316,82,9398,110
2021-04-24,Tehama,103,63373,4944,4907,550,5457,53
2021-04-24,Trinity,105,12862,482,326,87,413,3
2021-04-24,Tulare,107,460477,49721,48705,8841,57546,830
2021-04-24,Tuolumne,109,53932,3963,4020,38,4058,58
2021-04-24,Ventura,111,848112,80712,80097,2951,83048,999
2021-04-24,Yolo,113,214977,13697,13653,277,13930,205
2021-04-24,Yuba,115,75493,5883,5837,120,5957,44
2021-04-23,Alameda,001,1643700,86316,85935,1897,87832,1256
2021-04-23,Alpine,003,1148,86,86,0,86,0
2021-04-23,Amador,005,37829,3645,3637,33,3670,46
2021-04-23,Butte,007,227075,12055,11672,1740,13412,196
2021-04-23,Calaveras,009,45235,2072,2064,12,2076,50
2021-04-23,Colusa,011,21464,1922,1921,292,2213,14
2021-04-23,Contra Costa,013,1133247,67842,67164,1207,68371,785
2021-04-23,Del Norte,015,27424,1287,1254,11,1265,6
2021-04-23,El Dorado,017,186661,9892,9788,688,10476,106
2021-04-23,Fresno,019,978130,101499,100928,8547,109475,1662
2021-04-23,Glenn,021,27897,2381,2361,539,2900,17
2021-04-23,Humboldt,023,135768,3779,3698,30,3728,35
2021-04-23,Imperial,025,180216,28203,28108,2757,30865,720
2021-04-23,Inyo,027,18085,1396,1395,10,1405,36
2021-04-23,Kern,029,883053,96363,95330,10607,105937,1295
2021-04-23,Kings,031,150075,22979,22735,1064,23799,244
2021-04-23,Lake,033,64148,3444,3425,9,3434,43
2021-04-23,Lassen,035,31185,5164,5141,105,5246,1
2021-04-23,Los Angeles,037,10098052,1197564,1190264,41280,1231544,23785
2021-04-23,Madera,039,155013,16441,16328,918,17246,231
2021-04-23,Marin,041,260295,13883,13838,240,14078,227
2021-04-23,Mariposa,043,17540,414,405,11,416,5
2021-04-23,Mendocino,045,87422,3817,3745,69,3814,46
2021-04-23,Merced,047,269075,30553,30530,976,31506,443
2021-04-23,Modoc,049,8938,368,360,122,482,3
2021-04-23,Mono,051,14174,1241,1256,15,1271,3
2021-04-23,Monterey,053,433212,42906,42722,1848,44570,377
2021-04-23,Napa,055,140530,9753,9752,34,9786,79
2021-04-23,Nevada,057,99092,4608,4510,187,4697,70
2021-04-23,Orange,059,3164182,253809,252399,11144,263543,4904
2021-04-23,Placer,061,380077,22527,21959,1407,23366,282
2021-04-23,Plumas,063,18699,685,670,10,680,4
2021-04-23,Riverside,065,2383286,292149,286456,13892,300348,4399
2021-04-23,Sacramento,067,1510023,102783,102041,1639,103680,1586
2021-04-23,San Benito,069,59416,6007,6005,112,6117,63
2021-04-23,San Bernardino,071,2135413,291479,290189,8904,299093,4568
2021-04-23,San Diego,073,3302833,276734,275097,14367,289464,3684
2021-04-23,San Francisco,075,870044,36123,36252,1272,37524,532
2021-04-23,San Joaquin,077,732212,71629,70840,3434,74274,1295
2021-04-23,San Luis Obispo,079,281455,21014,20781,714,21495,255
2021-04-23,San Mateo,081,765935,41765,41386,452,41838,355
2021-04-23,Santa Barbara,083,443738,34272,33895,1189,35084,447
2021-04-23,Santa Clara,085,1922200,117194,117593,728,118321,1965
2021-04-23,Santa Cruz,087,273765,16062,15802,809,16611,205
2021-04-23,Shasta,089,179085,11762,11759,1440,13199,192
2021-04-23,Sierra,091,2930,55,51,12,63,0
2021-04-23,Siskiyou,093,43540,1688,1567,292,1859,11
2021-04-23,Solano,095,438530,31935,31784,480,32264,247
2021-04-23,Sonoma,097,501317,29569,29727,306,30033,318
2021-04-23,Stanislaus,099,539301,54792,54391,5798,60189,744
2021-04-23,Sutter,101,95872,9346,9312,82,9394,110
2021-04-23,Tehama,103,63373,4941,4906,550,5456,53
2021-04-23,Trinity,105,12862,482,326,87,413,3
2021-04-23,Tulare,107,460477,49704,48694,8833,57527,829
2021-04-23,Tuolumne,109,53932,3962,4020,38,4058,58
2021-04-23,Ventura,111,848112,80693,80095,2951,83046,996
2021-04-23,Yolo,113,214977,13686,13647,276,13923,205
2021-04-23,Yuba,115,75493,5880,5828,120,5948,44
2021-04-22,Alameda,001,1643700,86226,85829,1896,87725,1253
2021-04-22,Alpine,003,1148,86,86,0,86,0
2021-04-22,Amador,005,37829,3644,3633,33,3666,46
2021-04-22,Butte,007,227075,12041,11656,1737,13393,196
2021-04-22,Calaveras,009,45235,2071,2059,12,2071,50
2021-04-22,Colusa,011,21464,1920,1920,290,2210,14
2021-04-22,Contra Costa,013,1133247,67770,67029,1202,68231,782
2021-04-22,Del Norte,015,27424,1282,1252,11,1263,6
2021-04-22,El Dorado,017,186661,9881,9773,685,10458,106
2021-04-22,Fresno,019,978130,101454,100864,8536,109400,1657
2021-04-22,Glenn,021,27897,2380,2361,539,2900,17
2021-04-22,Humboldt,023,135768,3770,3680,30,3710,35
2021-04-22,Imperial,025,180216,28182,28096,2754,30850,720
2021-04-22,Inyo,027,18085,1395,1394,10,1404,36
2021-04-22,Kern,029,883053,96320,95292,10592,105884,1299
2021-04-22,Kings,031,150075,22969,22725,1064,23789,243
2021-04-22,Lake,033,64148,3442,3423,9,3432,43
2021-04-22,Lassen,035,31185,5164,5155,105,5260,1
2021-04-22,Los Angeles,037,10098052,1197245,1189878,41258,1231136,23762
2021-04-22,Madera,039,155013,16422,16316,918,17234,231
2021-04-22,Marin,041,260295,13875,13832,240,14072,227
2021-04-22,Mariposa,043,17540,413,403,11,414,5
2021-04-22,Mendocino,045,87422,3811,3729,69,3798,46
2021-04-22,Merced,047,269075,30518,30490,975,31465,443
2021-04-22,Modoc,049,8938,368,360,122,482,3
2021-04-22,Mono,051,14174,1241,1254,15,1269,3
2021-04-22,Monterey,053,433212,42899,42708,1846,44554,377
2021-04-22,Napa,055,140530,9743,9734,34,9768,79
2021-04-22,Nevada,057,99092,4599,4504,185,4689,70
2021-04-22,Orange,059,3164182,253736,252307,11132,263439,4898
2021-04-22,Placer,061,380077,22497,21916,1403,23319,282
2021-04-22,Plumas,063,18699,684,670,10,680,4
2021-04-22,Riverside,065,2383286,292050,286362,13883,300245,4398
2021-04-22,Sacramento,067,1510023,102634,101870,1630,103500,1585
2021-04-22,San Benito,069,59416,6003,5998,112,6110,63
2021-04-22,San Bernardino,071,2135413,291408,290125,8895,299020,4571
2021-04-22,San Diego,073,3302833,276568,275913,14345,290258,3684
2021-04-22,San Francisco,075,870044,36101,36218,1269,37487,532
2021-04-22,San Joaquin,077,732212,71570,70751,3427,74178,1295
2021-04-22,San Luis Obispo,079,281455,21000,20761,714,21475,255
2021-04-22,San Mateo,081,765935,41738,41345,450,41795,355
2021-04-22,Santa Barbara,083,443738,34249,33870,1188,35058,446
2021-04-22,Santa Clara,085,1922200,117106,117457,724,118181,1954
2021-04-22,Santa Cruz,087,273765,16059,15737,808,16545,205
2021-04-22,Shasta,089,179085,11747,11738,1437,13175,192
2021-04-22,Sierra,091,2930,55,51,12,63,0
2021-04-22,Siskiyou,093,43540,1684,1564,291,1855,11
2021-04-22,Solano,095,438530,31889,31731,477,32208,247
2021-04-22,Sonoma,097,501317,29554,29705,302,30007,318
2021-04-22,Stanislaus,099,539301,54718,54313,5792,60105,744
2021-04-22,Sutter,101,95872,9342,9302,82,9384,110
2021-04-22,Tehama,103,63373,4935,4896,546,5442,53
2021-04-22,Trinity,105,12862,482,326,87,413,3
2021-04-22,Tulare,107,460477,49684,48669,8824,57493,828
2021-04-22,Tuolumne,109,53932,3958,4020,38,4058,58
2021-04-22,Ventura,111,848112,80667,80073,2949,83022,996
2021-04-22,Yolo,113,214977,13665,13616,276,13892,205
2021-04-22,Yuba,115,75493,5870,5825,120,5945,44
2021-04-21,Alameda,001,1643700,86147,85762,1894,87656,1249
2021-04-21,Alpine,003,1148,86,86,0,86,0
2021-04-21,Amador,005,37829,3641,3632,33,3665,46
2021-04-21,Butte,007,227075,12021,11643,1735,13378,196
2021-04-21,Calaveras,009,45235,2064,2057,12,2069,50
2021-04-21,Colusa,011,21464,1918,1920,289,2209,14
2021-04-21,Contra Costa,013,1133247,67704,66981,1201,68182,782
2021-04-21,Del Norte,015,27424,1278,1252,11,1263,6
2021-04-21,El Dorado,017,186661,9864,9760,683,10443,106
2021-04-21,Fresno,019,978130,101398,100838,8530,109368,1654
2021-04-21,Glenn,021,27897,2379,2361,539,2900,17
2021-04-21,Humboldt,023,135768,3750,3642,30,3672,35
2021-04-21,Imperial,025,180216,28170,28052,2753,30805,719
2021-04-21,Inyo,027,18085,1395,1392,10,1402,36
2021-04-21,Kern,029,883053,96274,95257,10582,105839,1297
2021-04-21,Kings,031,150075,22962,22713,1063,23776,243
2021-04-21,Lake,033,64148,3439,3421,9,3430,43
2021-04-21,Lassen,035,31185,5163,5156,105,5261,1
2021-04-21,Los Angeles,037,10098052,1196906,1189530,41237,1230767,23729
2021-04-21,Madera,039,155013,16417,16309,918,17227,231
2021-04-21,Marin,041,260295,13860,13822,240,14062,227
2021-04-21,Mariposa,043,17540,412,402,11,413,5
2021-04-21,Mendocino,045,87422,3809,3729,69,3798,46
2021-04-21,Merced,047,269075,30497,30471,974,31445,442
2021-04-21,Modoc,049,8938,368,360,122,482,3
2021-04-21,Mono,051,14174,1241,1254,15,1269,3
2021-04-21,Monterey,053,433212,42884,42699,1844,44543,377
2021-04-21,Napa,055,140530,9737,9727,34,9761,79
2021-04-21,Nevada,057,99092,4585,4499,185,4684,70
2021-04-21,Orange,059,3164182,253660,252243,11119,263362,4889
2021-04-21,Placer,061,380077,22466,21896,1398,23294,282
2021-04-21,Plumas,063,18699,684,670,10,680,4
2021-04-21,Riverside,065,2383286,291956,286299,13876,300175,4388
2021-04-21,Sacramento,067,1510023,102505,101803,1624,103427,1579
2021-04-21,San Benito,069,59416,6000,5998,112,6110,63
2021-04-21,San Bernardino,071,2135413,291333,290049,8893,298942,4572
2021-04-21,San Diego,073,3302833,276359,275632,14307,289939,3681
2021-04-21,San Francisco,075,870044,36081,36194,1268,37462,529
2021-04-21,San Joaquin,077,732212,71515,70687,3417,74104,1295
2021-04-21,San Luis Obispo,079,281455,20985,20724,713,21437,255
2021-04-21,San Mateo,081,765935,41706,41318,449,41767,355
2021-04-21,Santa Barbara,083,443738,34230,33830,1187,35017,445
2021-04-21,Santa Clara,085,1922200,117028,117318,718,118036,1946
2021-04-21,Santa Cruz,087,273765,16050,15698,808,16506,204
2021-04-21,Shasta,089,179085,11728,11722,1435,13157,192
2021-04-21,Sierra,091,2930,55,51,12,63,0
2021-04-21,Siskiyou,093,43540,1677,1557,291,1848,11
2021-04-21,Solano,095,438530,31850,31712,476,32188,244
2021-04-21,Sonoma,097,501317,29542,29697,300,29997,318
2021-04-21,Stanislaus,099,539301,54657,54290,5786,60076,742
2021-04-21,Sutter,101,95872,9334,9297,82,9379,110
2021-04-21,Tehama,103,63373,4928,4893,545,5438,53
2021-04-21,Trinity,105,12862,482,326,87,413,3
2021-04-21,Tulare,107,460477,49669,48653,8811,57464,828
2021-04-21,Tuolumne,109,53932,3955,4019,38,4057,58
2021-04-21,Ventura,111,848112,80635,80039,2946,82985,996
2021-04-21,Yolo,113,214977,13645,13606,275,13881,200
2021-04-21,Yuba,115,75493,5863,5822,119,5941,44
2021-04-20,Alameda,001,1643700,86053,85652,1892,87544,1248
2021-04-20,Alpine,003,1148,85,85,0,85,0
2021-04-20,Amador,005,37829,3640,3631,33,3664,46
2021-04-20,Butte,007,227075,12002,11619,1733,13352,196
2021-04-20,Calaveras,009,45235,2063,2053,12,2065,50
2021-04-20,Colusa,011,21464,1918,1915,288,2203,14
2021-04-20,Contra Costa,013,1133247,67620,66889,1198,68087,782
2021-04-20,Del Norte,015,27424,1277,1250,11,1261,6
2021-04-20,El Dorado,017,186661,9836,9743,681,10424,106
2021-04-20,Fresno,019,978130,101340,100768,8520,109288,1650
2021-04-20,Glenn,021,27897,2377,2359,538,2897,17
2021-04-20,Humboldt,023,135768,3731,3612,30,3642,35
2021-04-20,Imperial,025,180216,28151,28024,2749,30773,719
2021-04-20,Inyo,027,18085,1395,1393,10,1403,36
2021-04-20,Kern,029,883053,96238,95223,10565,105788,1295
2021-04-20,Kings,031,150075,22956,22693,1060,23753,243
2021-04-20,Lake,033,64148,3437,3418,9,3427,43
2021-04-20,Lassen,035,31185,5163,5155,105,5260,1
2021-04-20,Los Angeles,037,10098052,1196559,1189256,41208,1230464,23694
2021-04-20,Madera,039,155013,16411,16301,918,17219,231
2021-04-20,Marin,041,260295,13846,13807,240,14047,227
2021-04-20,Mariposa,043,17540,411,402,11,413,5
2021-04-20,Mendocino,045,87422,3808,3726,69,3795,46
2021-04-20,Merced,047,269075,30469,30439,974,31413,441
2021-04-20,Modoc,049,8938,368,359,122,481,3
2021-04-20,Mono,051,14174,1240,1254,15,1269,3
2021-04-20,Monterey,053,433212,42873,42663,1841,44504,363
2021-04-20,Napa,055,140530,9733,9711,34,9745,79
2021-04-20,Nevada,057,99092,4567,4485,185,4670,70
2021-04-20,Orange,059,3164182,253570,252134,11107,263241,4887
2021-04-20,Placer,061,380077,22432,21846,1394,23240,282
2021-04-20,Plumas,063,18699,683,670,10,680,4
2021-04-20,Riverside,065,2383286,291859,286194,13871,300065,4388
2021-04-20,Sacramento,067,1510023,102367,101629,1615,103244,1574
2021-04-20,San Benito,069,59416,5997,5988,112,6100,63
2021-04-20,San Bernardino,071,2135413,291253,289905,8891,298796,4569
2021-04-20,San Diego,073,3302833,276128,275369,14274,289643,3674
2021-04-20,San Francisco,075,870044,36062,36117,1267,37384,529
2021-04-20,San Joaquin,077,732212,71442,70590,3408,73998,1289
2021-04-20,San Luis Obispo,079,281455,20962,20691,705,21396,254
2021-04-20,San Mateo,081,765935,41675,41251,449,41700,355
2021-04-20,Santa Barbara,083,443738,34211,33803,1187,34990,445
2021-04-20,Santa Clara,085,1922200,116929,117228,714,117942,1944
2021-04-20,Santa Cruz,087,273765,16038,15647,808,16455,204
2021-04-20,Shasta,089,179085,11712,11677,1432,13109,189
2021-04-20,Sierra,091,2930,55,51,12,63,0
2021-04-20,Siskiyou,093,43540,1669,1551,290,1841,10
2021-04-20,Solano,095,438530,31795,31673,472,32145,243
2021-04-20,Sonoma,097,501317,29533,29676,298,29974,311
2021-04-20,Stanislaus,099,539301,54592,54236,5773,60009,735
2021-04-20,Sutter,101,95872,9330,9279,82,9361,109
2021-04-20,Tehama,103,63373,4923,4887,544,5431,52
2021-04-20,Trinity,105,12862,482,326,87,413,3
2021-04-20,Tulare,107,460477,49646,48650,8803,57453,831
2021-04-20,Tuolumne,109,53932,3955,4014,38,4052,58
2021-04-20,Ventura,111,848112,80607,80018,2944,82962,995
2021-04-20,Yolo,113,214977,13625,13581,274,13855,200
2021-04-20,Yuba,115,75493,5853,5814,119,5933,44
2021-04-19,Alameda,001,1643700,85933,85583,1889,87472,1247
2021-04-19,Alpine,003,1148,85,85,0,85,0
2021-04-19,Amador,005,37829,3639,3629,33,3662,46
2021-04-19,Butte,007,227075,11983,11601,1728,13329,196
2021-04-19,Calaveras,009,45235,2061,2050,12,2062,50
2021-04-19,Colusa,011,21464,1918,1913,287,2200,14
2021-04-19,Contra Costa,013,1133247,67542,66833,1196,68029,782
2021-04-19,Del Norte,015,27424,1275,1247,11,1258,6
2021-04-19,El Dorado,017,186661,9820,9726,676,10402,106
2021-04-19,Fresno,019,978130,101272,100702,8507,109209,1646
2021-04-19,Glenn,021,27897,2377,2358,537,2895,17
2021-04-19,Humboldt,023,135768,3711,3602,28,3630,35
2021-04-19,Imperial,025,180216,28130,27995,2749,30744,719
2021-04-19,Inyo,027,18085,1395,1392,10,1402,36
2021-04-19,Kern,029,883053,96208,95162,10550,105712,1290
2021-04-19,Kings,031,150075,22940,22688,1060,23748,243
2021-04-19,Lake,033,64148,3436,3416,9,3425,43
2021-04-19,Lassen,035,31185,5162,5156,105,5261,1
2021-04-19,Los Angeles,037,10098052,1196182,1188945,41183,1230128,23666
2021-04-19,Madera,039,155013,16400,16289,917,17206,231
2021-04-19,Marin,041,260295,13835,13804,239,14043,226
2021-04-19,Mariposa,043,17540,410,401,11,412,5
2021-04-19,Mendocino,045,87422,3806,3722,69,3791,46
2021-04-19,Merced,047,269075,30440,30422,973,31395,441
2021-04-19,Modoc,049,8938,368,359,122,481,3
2021-04-19,Mono,051,14174,1239,1254,15,1269,3
2021-04-19,Monterey,053,433212,42860,42642,1836,44478,356
2021-04-19,Napa,055,140530,9725,9680,34,9714,79
2021-04-19,Nevada,057,99092,4551,4477,185,4662,70
2021-04-19,Orange,059,3164182,253452,252013,11093,263106,4883
2021-04-19,Placer,061,380077,22409,21814,1390,23204,282
2021-04-19,Plumas,063,18699,683,665,10,675,4
2021-04-19,Riverside,065,2383286,291763,286087,13861,299948,4371
2021-04-19,Sacramento,067,1510023,102232,101482,1605,103087,1572
2021-04-19,San Benito,069,59416,5989,5989,112,6101,63
2021-04-19,San Bernardino,071,2135413,291167,289738,8885,298623,4561
2021-04-19,San Diego,073,3302833,275880,275113,14241,289354,3674
2021-04-19,San Francisco,075,870044,36027,36094,1264,37358,529
2021-04-19,San Joaquin,077,732212,71363,70514,3401,73915,1289
2021-04-19,San Luis Obispo,079,281455,20936,20669,699,21368,254
2021-04-19,San Mateo,081,765935,41642,41226,448,41674,355
2021-04-19,Santa Barbara,083,443738,34197,33786,1187,34973,446
2021-04-19,Santa Clara,085,1922200,116818,117099,710,117809,1944
2021-04-19,Santa Cruz,087,273765,16026,15600,808,16408,204
2021-04-19,Shasta,089,179085,11697,11662,1424,13086,189
2021-04-19,Sierra,091,2930,55,51,12,63,0
2021-04-19,Siskiyou,093,43540,1659,1544,290,1834,10
2021-04-19,Solano,095,438530,31756,31643,467,32110,239
2021-04-19,Sonoma,097,501317,29514,29667,298,29965,311
2021-04-19,Stanislaus,099,539301,54516,54179,5769,59948,728
2021-04-19,Sutter,101,95872,9319,9269,82,9351,109
2021-04-19,Tehama,103,63373,4918,4878,544,5422,52
2021-04-19,Trinity,105,12862,482,326,86,412,3
2021-04-19,Tulare,107,460477,49630,48630,8790,57420,831
2021-04-19,Tuolumne,109,53932,3954,4010,38,4048,58
2021-04-19,Ventura,111,848112,80581,80000,2942,82942,996
2021-04-19,Yolo,113,214977,13613,13572,271,13843,200
2021-04-19,Yuba,115,75493,5846,5804,118,5922,44
2021-04-18,Alameda,001,1643700,85819,85481,1881,87362,1247
2021-04-18,Alpine,003,1148,85,85,0,85,0
2021-04-18,Amador,005,37829,3636,3627,33,3660,46
2021-04-18,Butte,007,227075,11965,11591,1723,13314,196
2021-04-18,Calaveras,009,45235,2053,2047,12,2059,50
2021-04-18,Colusa,011,21464,1914,1912,286,2198,14
2021-04-18,Contra Costa,013,1133247,67439,66750,1192,67942,782
2021-04-18,Del Norte,015,27424,1275,1240,11,1251,6
2021-04-18,El Dorado,017,186661,9797,9710,674,10384,106
2021-04-18,Fresno,019,978130,101214,100621,8501,109122,1646
2021-04-18,Glenn,021,27897,2372,2358,537,2895,17
2021-04-18,Humboldt,023,135768,3683,3590,28,3618,35
2021-04-18,Imperial,025,180216,28115,27991,2744,30735,719
2021-04-18,Inyo,027,18085,1394,1392,10,1402,36
2021-04-18,Kern,029,883053,96172,95129,10534,105663,1290
2021-04-18,Kings,031,150075,22931,22685,1060,23745,243
2021-04-18,Lake,033,64148,3435,3413,9,3422,43
2021-04-18,Lassen,035,31185,5159,5156,105,5261,1
2021-04-18,Los Angeles,037,10098052,1195723,1188620,41160,1229780,23648
2021-04-18,Madera,039,155013,16389,16277,916,17193,231
2021-04-18,Marin,041,260295,13828,13801,238,14039,226
2021-04-18,Mariposa,043,17540,409,400,10,410,5
2021-04-18,Mendocino,045,87422,3803,3722,69,3791,46
2021-04-18,Merced,047,269075,30403,30405,971,31376,441
2021-04-18,Modoc,049,8938,368,359,122,481,3
2021-04-18,Mono,051,14174,1239,1254,15,1269,3
2021-04-18,Monterey,053,433212,42848,42638,1835,44473,356
2021-04-18,Napa,055,140530,9709,9674,34,9708,79
2021-04-18,Nevada,057,99092,4536,4464,185,4649,70
2021-04-18,Orange,059,3164182,253338,251940,11085,263025,4883
2021-04-18,Placer,061,380077,22365,21783,1384,23167,282
2021-04-18,Plumas,063,18699,682,665,10,675,4
2021-04-18,Riverside,065,2383286,291673,286043,13857,299900,4371
2021-04-18,Sacramento,067,1510023,102056,101354,1599,102953,1572
2021-04-18,San Benito,069,59416,5987,5989,112,6101,63
2021-04-18,San Bernardino,071,2135413,291073,289691,8876,298567,4556
2021-04-18,San Diego,073,3302833,275601,274961,14206,289167,3674
2021-04-18,San Francisco,075,870044,35990,36073,1260,37333,525
2021-04-18,San Joaquin,077,732212,71282,70466,3392,73858,1289
2021-04-18,San Luis Obispo,079,281455,20914,20656,693,21349,254
2021-04-18,San Mateo,081,765935,41613,41201,447,41648,352
2021-04-18,Santa Barbara,083,443738,34162,33769,1186,34955,446
2021-04-18,Santa Clara,085,1922200,116650,116996,704,117700,1944
2021-04-18,Santa Cruz,087,273765,16016,15580,807,16387,204
2021-04-18,Shasta,089,179085,11676,11658,1421,13079,189
2021-04-18,Sierra,091,2930,55,51,12,63,0
2021-04-18,Siskiyou,093,43540,1648,1538,288,1826,10
2021-04-18,Solano,095,438530,31706,31606,466,32072,239
2021-04-18,Sonoma,097,501317,29498,29660,296,29956,311
2021-04-18,Stanislaus,099,539301,54434,54132,5762,59894,728
2021-04-18,Sutter,101,95872,9305,9261,82,9343,109
2021-04-18,Tehama,103,63373,4909,4877,543,5420,52
2021-04-18,Trinity,105,12862,482,326,86,412,3
2021-04-18,Tulare,107,460477,49618,48618,8784,57402,829
2021-04-18,Tuolumne,109,53932,3953,4008,37,4045,58
2021-04-18,Ventura,111,848112,80551,79984,2938,82922,996
2021-04-18,Yolo,113,214977,13601,13562,269,13831,200
2021-04-18,Yuba,115,75493,5839,5804,118,5922,44
2021-04-17,Alameda,001,1643700,85746,85367,1877,87244,1247
2021-04-17,Alpine,003,1148,85,85,0,85,0
2021-04-17,Amador,005,37829,3634,3625,33,3658,46
2021-04-17,Butte,007,227075,11945,11573,1719,13292,196
2021-04-17,Calaveras,009,45235,2051,2045,12,2057,50
2021-04-17,Colusa,011,21464,1914,1912,286,2198,14
2021-04-17,Contra Costa,013,1133247,67390,66657,1184,67841,782
2021-04-17,Del Norte,015,27424,1275,1238,11,1249,6
2021-04-17,El Dorado,017,186661,9782,9692,671,10363,106
2021-04-17,Fresno,019,978130,101181,100562,8496,109058,1646
2021-04-17,Glenn,021,27897,2372,2357,537,2894,17
2021-04-17,Humboldt,023,135768,3659,3579,28,3607,35
2021-04-17,Imperial,025,180216,28104,27987,2743,30730,719
2021-04-17,Inyo,027,18085,1391,1392,10,1402,36
2021-04-17,Kern,029,883053,96154,95102,10530,105632,1290
2021-04-17,Kings,031,150075,22926,22678,1059,23737,243
2021-04-17,Lake,033,64148,3434,3409,9,3418,43
2021-04-17,Lassen,035,31185,5159,5154,105,5259,1
2021-04-17,Los Angeles,037,10098052,1195467,1188262,41127,1229389,23653
2021-04-17,Madera,039,155013,16385,16260,915,17175,231
2021-04-17,Marin,041,260295,13824,13797,238,14035,226
2021-04-17,Mariposa,043,17540,408,398,10,408,5
2021-04-17,Mendocino,045,87422,3800,3721,69,3790,46
2021-04-17,Merced,047,269075,30387,30392,970,31362,441
2021-04-17,Modoc,049,8938,368,357,122,479,3
2021-04-17,Mono,051,14174,1239,1253,15,1268,3
2021-04-17,Monterey,053,433212,42839,42630,1833,44463,356
2021-04-17,Napa,055,140530,9705,9666,34,9700,79
2021-04-17,Nevada,057,99092,4528,4457,185,4642,70
2021-04-17,Orange,059,3164182,253269,251873,11073,262946,4878
2021-04-17,Placer,061,380077,22342,21736,1379,23115,282
2021-04-17,Plumas,063,18699,681,666,10,676,4
2021-04-17,Riverside,065,2383286,291604,285963,13849,299812,4371
2021-04-17,Sacramento,067,1510023,101946,101172,1588,102760,1572
2021-04-17,San Benito,069,59416,5981,5986,112,6098,63
2021-04-17,San Bernardino,071,2135413,291018,289624,8873,298497,4555
2021-04-17,San Diego,073,3302833,275454,274812,14172,288984,3674
2021-04-17,San Francisco,075,870044,35969,36032,1257,37289,523
2021-04-17,San Joaquin,077,732212,71242,70372,3382,73754,1288
2021-04-17,San Luis Obispo,079,281455,20901,20642,690,21332,254
2021-04-17,San Mateo,081,765935,41590,41157,447,41604,352
2021-04-17,Santa Barbara,083,443738,34131,33738,1184,34922,446
2021-04-17,Santa Clara,085,1922200,116558,116887,702,117589,1944
2021-04-17,Santa Cruz,087,273765,16010,15571,807,16378,204
2021-04-17,Shasta,089,179085,11661,11647,1420,13067,189
2021-04-17,Sierra,091,2930,55,51,12,63,0
2021-04-17,Siskiyou,093,43540,1643,1539,287,1826,10
2021-04-17,Solano,095,438530,31675,31541,463,32004,239
2021-04-17,Sonoma,097,501317,29491,29637,296,29933,311
2021-04-17,Stanislaus,099,539301,54397,54058,5757,59815,728
2021-04-17,Sutter,101,95872,9299,9252,82,9334,109
2021-04-17,Tehama,103,63373,4903,4875,542,5417,52
2021-04-17,Trinity,105,12862,482,326,86,412,3
2021-04-17,Tulare,107,460477,49606,48603,8780,57383,829
2021-04-17,Tuolumne,109,53932,3951,4005,37,4042,58
2021-04-17,Ventura,111,848112,80530,79964,2938,82902,996
2021-04-17,Yolo,113,214977,13591,13580,269,13849,200
2021-04-17,Yuba,115,75493,5834,5802,117,5919,44
2021-04-16,Alameda,001,1643700,85667,85243,1875,87118,1245
2021-04-16,Alpine,003,1148,85,85,0,85,0
2021-04-16,Amador,005,37829,3629,3621,33,3654,46
2021-04-16,Butte,007,227075,11933,11549,1717,13266,196
2021-04-16,Calaveras,009,45235,2049,2042,12,2054,50
2021-04-16,Colusa,011,21464,1912,1911,286,2197,14
2021-04-16,Contra Costa,013,1133247,67336,66569,1181,67750,782
2021-04-16,Del Norte,015,27424,1274,1237,11,1248,6
2021-04-16,El Dorado,017,186661,9762,9665,667,10332,106
2021-04-16,Fresno,019,978130,101131,100500,8490,108990,1643
2021-04-16,Glenn,021,27897,2372,2355,537,2892,17
2021-04-16,Humboldt,023,135768,3638,3570,27,3597,35
2021-04-16,Imperial,025,180216,28094,27962,2742,30704,719
2021-04-16,Inyo,027,18085,1391,1392,10,1402,36
2021-04-16,Kern,029,883053,96125,95066,10527,105593,1288
2021-04-16,Kings,031,150075,22922,22667,1058,23725,243
2021-04-16,Lake,033,64148,3428,3406,9,3415,43
2021-04-16,Lassen,035,31185,5158,5155,105,5260,1
2021-04-16,Los Angeles,037,10098052,1195166,1187818,41091,1228909,23627
2021-04-16,Madera,039,155013,16379,16250,914,17164,231
2021-04-16,Marin,041,260295,13821,13788,238,14026,226
2021-04-16,Mariposa,043,17540,407,396,9,405,5
2021-04-16,Mendocino,045,87422,3798,3719,69,3788,46
2021-04-16,Merced,047,269075,30372,30355,970,31325,438
2021-04-16,Modoc,049,8938,368,355,122,477,3
2021-04-16,Mono,051,14174,1239,1253,15,1268,3
2021-04-16,Monterey,053,433212,42828,42620,1831,44451,351
2021-04-16,Napa,055,140530,9697,9653,34,9687,79
2021-04-16,Nevada,057,99092,4519,4443,185,4628,70
2021-04-16,Orange,059,3164182,253205,251770,11064,262834,4873
2021-04-16,Placer,061,380077,22315,21680,1374,23054,282
2021-04-16,Plumas,063,18699,680,665,10,675,4
2021-04-16,Riverside,065,2383286,291527,285818,13847,299665,4369
2021-04-16,Sacramento,067,1510023,101849,100993,1583,102576,1572
2021-04-16,San Benito,069,59416,5979,5982,112,6094,63
2021-04-16,San Bernardino,071,2135413,290971,289424,8871,298295,4550
2021-04-16,San Diego,073,3302833,275300,274567,14154,288721,3662
2021-04-16,San Francisco,075,870044,35943,35993,1253,37246,517
2021-04-16,San Joaquin,077,732212,71175,70280,3374,73654,1288
2021-04-16,San Luis Obispo,079,281455,20889,20623,689,21312,253
2021-04-16,San Mateo,081,765935,41561,41107,446,41553,352
2021-04-16,Santa Barbara,083,443738,34113,33703,1184,34887,446
2021-04-16,Santa Clara,085,1922200,116458,116693,699,117392,1941
2021-04-16,Santa Cruz,087,273765,16008,15539,807,16346,204
2021-04-16,Shasta,089,179085,11649,11623,1418,13041,189
2021-04-16,Sierra,091,2930,55,51,12,63,0
2021-04-16,Siskiyou,093,43540,1639,1530,285,1815,10
2021-04-16,Solano,095,438530,31636,31470,460,31930,239
2021-04-16,Sonoma,097,501317,29480,29617,296,29913,311
2021-04-16,Stanislaus,099,539301,54349,53983,5755,59738,728
2021-04-16,Sutter,101,95872,9293,9247,82,9329,109
2021-04-16,Tehama,103,63373,4902,4866,542,5408,52
2021-04-16,Trinity,105,12862,482,326,86,412,3
2021-04-16,Tulare,107,460477,49594,48583,8776,57359,830
2021-04-16,Tuolumne,109,53932,3948,4005,37,4042,58
2021-04-16,Ventura,111,848112,80505,79942,2933,82875,994
2021-04-16,Yolo,113,214977,13578,13559,267,13826,198
2021-04-16,Yuba,115,75493,5831,5795,116,5911,44
2021-04-15,Alameda,001,1643700,85560,85089,1873,86962,1246
2021-04-15,Alpine,003,1148,85,85,0,85,0
2021-04-15,Amador,005,37829,3628,3616,33,3649,46
2021-04-15,Butte,007,227075,11918,11529,1713,13242,196
2021-04-15,Calaveras,009,45235,2048,2039,12,2051,50
2021-04-15,Colusa,011,21464,1910,1909,285,2194,14
2021-04-15,Contra Costa,013,1133247,67262,66480,1177,67657,781
2021-04-15,Del Norte,015,27424,1267,1235,11,1246,6
2021-04-15,El Dorado,017,186661,9749,9639,665,10304,106
2021-04-15,Fresno,019,978130,101070,100431,8484,108915,1642
2021-04-15,Glenn,021,27897,2372,2354,537,2891,17
2021-04-15,Humboldt,023,135768,3616,3561,27,3588,35
2021-04-15,Imperial,025,180216,28066,27920,2739,30659,718
2021-04-15,Inyo,027,18085,1391,1393,10,1403,36
2021-04-15,Kern,029,883053,96092,94989,10513,105502,1289
2021-04-15,Kings,031,150075,22908,22648,1058,23706,242
2021-04-15,Lake,033,64148,3427,3399,9,3408,43
2021-04-15,Lassen,035,31185,5157,5152,105,5257,1
2021-04-15,Los Angeles,037,10098052,1194765,1187274,41055,1228329,23598
2021-04-15,Madera,039,155013,16364,16234,914,17148,231
2021-04-15,Marin,041,260295,13817,13783,237,14020,226
2021-04-15,Mariposa,043,17540,405,395,9,404,5
2021-04-15,Mendocino,045,87422,3797,3714,69,3783,46
2021-04-15,Merced,047,269075,30346,30325,969,31294,437
2021-04-15,Modoc,049,8938,368,355,122,477,3
2021-04-15,Mono,051,14174,1238,1253,15,1268,3
2021-04-15,Monterey,053,433212,42818,42604,1829,44433,347
2021-04-15,Napa,055,140530,9689,9645,34,9679,79
2021-04-15,Nevada,057,99092,4507,4434,184,4618,70
2021-04-15,Orange,059,3164182,253110,251679,11051,262730,4857
2021-04-15,Placer,061,380077,22285,21614,1367,22981,281
2021-04-15,Plumas,063,18699,678,665,10,675,4
2021-04-15,Riverside,065,2383286,291423,285698,13840,299538,4363
2021-04-15,Sacramento,067,1510023,101719,100782,1569,102351,1570
2021-04-15,San Benito,069,59416,5976,5969,111,6080,63
2021-04-15,San Bernardino,071,2135413,290882,289288,8864,298152,4544
2021-04-15,San Diego,073,3302833,275054,274250,14095,288345,3653
2021-04-15,San Francisco,075,870044,35924,35947,1251,37198,510
2021-04-15,San Joaquin,077,732212,71094,70189,3366,73555,1288
2021-04-15,San Luis Obispo,079,281455,20873,20591,686,21277,253
2021-04-15,San Mateo,081,765935,41522,41050,445,41495,352
2021-04-15,Santa Barbara,083,443738,34095,33672,1180,34852,446
2021-04-15,Santa Clara,085,1922200,116352,116602,695,117297,1927
2021-04-15,Santa Cruz,087,273765,15998,15509,807,16316,203
2021-04-15,Shasta,089,179085,11635,11597,1414,13011,191
2021-04-15,Sierra,091,2930,55,51,12,63,0
2021-04-15,Siskiyou,093,43540,1633,1524,285,1809,10
2021-04-15,Solano,095,438530,31598,31394,459,31853,239
2021-04-15,Sonoma,097,501317,29466,29587,296,29883,311
2021-04-15,Stanislaus,099,539301,54295,53918,5746,59664,728
2021-04-15,Sutter,101,95872,9286,9237,82,9319,109
2021-04-15,Tehama,103,63373,4900,4854,541,5395,52
2021-04-15,Trinity,105,12862,482,326,86,412,3
2021-04-15,Tulare,107,460477,49573,48556,8776,57332,829
2021-04-15,Tuolumne,109,53932,3948,4003,37,4040,57
2021-04-15,Ventura,111,848112,80486,79917,2931,82848,989
2021-04-15,Yolo,113,214977,13559,13547,265,13812,198
2021-04-15,Yuba,115,75493,5828,5788,116,5904,44
2021-04-14,Alameda,001,1643700,85463,85009,1872,86881,1247
2021-04-14,Alpine,003,1148,85,85,0,85,0
2021-04-14,Amador,005,37829,3627,3613,33,3646,46
2021-04-14,Butte,007,227075,11905,11513,1712,13225,196
2021-04-14,Calaveras,009,45235,2046,2037,12,2049,50
2021-04-14,Colusa,011,21464,1910,1905,285,2190,14
2021-04-14,Contra Costa,013,1133247,67176,66400,1171,67571,781
2021-04-14,Del Norte,015,27424,1267,1228,11,1239,6
2021-04-14,El Dorado,017,186661,9734,9625,660,10285,106
2021-04-14,Fresno,019,978130,101013,100376,8471,108847,1640
2021-04-14,Glenn,021,27897,2372,2353,537,2890,17
2021-04-14,Humboldt,023,135768,3594,3551,26,3577,35
2021-04-14,Imperial,025,180216,28044,27907,2737,30644,718
2021-04-14,Inyo,027,18085,1391,1392,10,1402,36
2021-04-14,Kern,029,883053,96067,94947,10506,105453,1287
2021-04-14,Kings,031,150075,22899,22641,1056,23697,243
2021-04-14,Lake,033,64148,3422,3396,9,3405,43
2021-04-14,Lassen,035,31185,5156,5151,105,5256,1
2021-04-14,Los Angeles,037,10098052,1194368,1186821,41009,1227830,23579
2021-04-14,Madera,039,155013,16355,16218,914,17132,231
2021-04-14,Marin,041,260295,13815,13768,236,14004,226
2021-04-14,Mariposa,043,17540,404,394,9,403,5
2021-04-14,Mendocino,045,87422,3792,3711,69,3780,46
2021-04-14,Merced,047,269075,30328,30296,969,31265,436
2021-04-14,Modoc,049,8938,368,355,122,477,3
2021-04-14,Mono,051,14174,1238,1252,15,1267,3
2021-04-14,Monterey,053,433212,42802,42595,1825,44420,347
2021-04-14,Napa,055,140530,9678,9643,34,9677,79
2021-04-14,Nevada,057,99092,4500,4421,184,4605,70
2021-04-14,Orange,059,3164182,253005,251568,11031,262599,4849
2021-04-14,Placer,061,380077,22252,21575,1366,22941,280
2021-04-14,Plumas,063,18699,678,665,10,675,4
2021-04-14,Riverside,065,2383286,291313,285583,13834,299417,4358
2021-04-14,Sacramento,067,1510023,101544,100645,1555,102200,1570
2021-04-14,San Benito,069,59416,5974,5960,111,6071,62
2021-04-14,San Bernardino,071,2135413,290815,289078,8861,297939,4523
2021-04-14,San Diego,073,3302833,274843,273969,14066,288035,3648
2021-04-14,San Francisco,075,870044,35886,35898,1250,37148,510
2021-04-14,San Joaquin,077,732212,71024,70095,3360,73455,1288
2021-04-14,San Luis Obispo,079,281455,20850,20561,676,21237,253
2021-04-14,San Mateo,081,765935,41482,40982,442,41424,352
2021-04-14,Santa Barbara,083,443738,34066,33650,1180,34830,445
2021-04-14,Santa Clara,085,1922200,116234,116488,692,117180,1922
2021-04-14,Santa Cruz,087,273765,15988,15481,807,16288,203
2021-04-14,Shasta,089,179085,11609,11581,1412,12993,190
2021-04-14,Sierra,091,2930,55,51,12,63,0
2021-04-14,Siskiyou,093,43540,1625,1518,284,1802,10
2021-04-14,Solano,095,438530,31545,31357,452,31809,239
2021-04-14,Sonoma,097,501317,29458,29572,294,29866,311
2021-04-14,Stanislaus,099,539301,54224,53836,5737,59573,727
2021-04-14,Sutter,101,95872,9278,9230,82,9312,106
2021-04-14,Tehama,103,63373,4894,4853,540,5393,52
2021-04-14,Trinity,105,12862,482,326,86,412,3
2021-04-14,Tulare,107,460477,49547,48527,8773,57300,827
2021-04-14,Tuolumne,109,53932,3947,3997,37,4034,57
2021-04-14,Ventura,111,848112,80450,79891,2929,82820,986
2021-04-14,Yolo,113,214977,13543,13530,263,13793,198
2021-04-14,Yuba,115,75493,5826,5778,116,5894,44
2021-04-13,Alameda,001,1643700,85357,84921,1868,86789,1239
2021-04-13,Alpine,003,1148,85,85,0,85,0
2021-04-13,Amador,005,37829,3624,3609,33,3642,46
2021-04-13,Butte,007,227075,11887,11497,1709,13206,196
2021-04-13,Calaveras,009,45235,2044,2035,12,2047,50
2021-04-13,Colusa,011,21464,1908,1905,283,2188,14
2021-04-13,Contra Costa,013,1133247,67086,66304,1171,67475,778
2021-04-13,Del Norte,015,27424,1262,1221,11,1232,6
2021-04-13,El Dorado,017,186661,9708,9609,658,10267,106
2021-04-13,Fresno,019,978130,100931,100357,8465,108822,1636
2021-04-13,Glenn,021,27897,2371,2351,537,2888,17
2021-04-13,Humboldt,023,135768,3577,3540,26,3566,35
2021-04-13,Imperial,025,180216,28025,27887,2729,30616,718
2021-04-13,Inyo,027,18085,1391,1391,10,1401,36
2021-04-13,Kern,029,883053,96023,94908,10494,105402,1285
2021-04-13,Kings,031,150075,22883,22636,1055,23691,243
2021-04-13,Lake,033,64148,3419,3390,9,3399,43
2021-04-13,Lassen,035,31185,5155,5147,105,5252,1
2021-04-13,Los Angeles,037,10098052,1193912,1186482,40967,1227449,23526
2021-04-13,Madera,039,155013,16345,16207,912,17119,231
2021-04-13,Marin,041,260295,13807,13760,235,13995,224
2021-04-13,Mariposa,043,17540,403,394,6,400,5
2021-04-13,Mendocino,045,87422,3786,3702,69,3771,46
2021-04-13,Merced,047,269075,30297,30276,967,31243,435
2021-04-13,Modoc,049,8938,368,355,122,477,3
2021-04-13,Mono,051,14174,1238,1251,15,1266,3
2021-04-13,Monterey,053,433212,42791,42577,1825,44402,347
2021-04-13,Napa,055,140530,9668,9627,34,9661,79
2021-04-13,Nevada,057,99092,4488,4415,184,4599,69
2021-04-13,Orange,059,3164182,252910,251491,11012,262503,4836
2021-04-13,Placer,061,380077,22215,21534,1363,22897,280
2021-04-13,Plumas,063,18699,677,665,10,675,4
2021-04-13,Riverside,065,2383286,291194,285505,13828,299333,4348
2021-04-13,Sacramento,067,1510023,101369,100551,1550,102101,1569
2021-04-13,San Benito,069,59416,5971,5946,111,6057,62
2021-04-13,San Bernardino,071,2135413,290699,288929,8855,297784,4521
2021-04-13,San Diego,073,3302833,274589,273709,14031,287740,3623
2021-04-13,San Francisco,075,870044,35850,35869,1246,37115,506
2021-04-13,San Joaquin,077,732212,70916,70034,3352,73386,1288
2021-04-13,San Luis Obispo,079,281455,20823,20536,666,21202,253
2021-04-13,San Mateo,081,765935,41437,40955,442,41397,353
2021-04-13,Santa Barbara,083,443738,34044,33613,1177,34790,444
2021-04-13,Santa Clara,085,1922200,116105,116363,690,117053,1923
2021-04-13,Santa Cruz,087,273765,15981,15449,807,16256,203
2021-04-13,Shasta,089,179085,11589,11536,1409,12945,189
2021-04-13,Sierra,091,2930,55,51,12,63,0
2021-04-13,Siskiyou,093,43540,1617,1511,280,1791,10
2021-04-13,Solano,095,438530,31496,31335,448,31783,239
2021-04-13,Sonoma,097,501317,29450,29544,293,29837,311
2021-04-13,Stanislaus,099,539301,54151,53797,5728,59525,722
2021-04-13,Sutter,101,95872,9274,9226,82,9308,106
2021-04-13,Tehama,103,63373,4887,4850,537,5387,52
2021-04-13,Trinity,105,12862,482,326,86,412,3
2021-04-13,Tulare,107,460477,49534,48511,8770,57281,825
2021-04-13,Tuolumne,109,53932,3945,3995,37,4032,57
2021-04-13,Ventura,111,848112,80418,79854,2927,82781,986
2021-04-13,Yolo,113,214977,13531,13516,262,13778,198
2021-04-13,Yuba,115,75493,5817,5776,116,5892,44
2021-04-12,Alameda,001,1643700,85254,84817,1867,86684,1238
2021-04-12,Alpine,003,1148,85,85,0,85,0
2021-04-12,Amador,005,37829,3623,3607,33,3640,46
2021-04-12,Butte,007,227075,11872,11488,1705,13193,193
2021-04-12,Calaveras,009,45235,2043,2033,12,2045,50
2021-04-12,Colusa,011,21464,1906,1904,281,2185,14
2021-04-12,Contra Costa,013,1133247,67004,66176,1171,67347,777
2021-04-12,Del Norte,015,27424,1259,1216,11,1227,6
2021-04-12,El Dorado,017,186661,9691,9588,656,10244,106
2021-04-12,Fresno,019,978130,100870,100277,8441,108718,1633
2021-04-12,Glenn,021,27897,2370,2349,537,2886,17
2021-04-12,Humboldt,023,135768,3563,3533,25,3558,35
2021-04-12,Imperial,025,180216,27995,27851,2723,30574,717
2021-04-12,Inyo,027,18085,1391,1390,10,1400,36
2021-04-12,Kern,029,883053,95986,94861,10483,105344,1283
2021-04-12,Kings,031,150075,22875,22621,1054,23675,241
2021-04-12,Lake,033,64148,3415,3380,9,3389,43
2021-04-12,Lassen,035,31185,5154,5147,105,5252,1
2021-04-12,Los Angeles,037,10098052,1193411,1186145,40927,1227072,23505
2021-04-12,Madera,039,155013,16333,16174,910,17084,231
2021-04-12,Marin,041,260295,13794,13751,233,13984,224
2021-04-12,Mariposa,043,17540,402,394,6,400,5
2021-04-12,Mendocino,045,87422,3785,3699,69,3768,46
2021-04-12,Merced,047,269075,30265,30261,965,31226,435
2021-04-12,Modoc,049,8938,366,352,122,474,3
2021-04-12,Mono,051,14174,1238,1251,15,1266,3
2021-04-12,Monterey,053,433212,42777,42555,1823,44378,346
2021-04-12,Napa,055,140530,9654,9603,34,9637,80
2021-04-12,Nevada,057,99092,4477,4408,184,4592,69
2021-04-12,Orange,059,3164182,252824,251350,10991,262341,4826
2021-04-12,Placer,061,380077,22165,21475,1360,22835,278
2021-04-12,Plumas,063,18699,675,666,10,676,4
2021-04-12,Riverside,065,2383286,291083,285361,13822,299183,4336
2021-04-12,Sacramento,067,1510023,101194,100394,1545,101939,1566
2021-04-12,San Benito,069,59416,5963,5942,110,6052,62
2021-04-12,San Bernardino,071,2135413,290592,288736,8843,297579,4493
2021-04-12,San Diego,073,3302833,274330,273431,14002,287433,3621
2021-04-12,San Francisco,075,870044,35816,35841,1245,37086,506
2021-04-12,San Joaquin,077,732212,70844,69968,3345,73313,1288
2021-04-12,San Luis Obispo,079,281455,20778,20515,653,21168,253
2021-04-12,San Mateo,081,765935,41395,40920,438,41358,353
2021-04-12,Santa Barbara,083,443738,34013,33606,1177,34783,444
2021-04-12,Santa Clara,085,1922200,115977,116252,688,116940,1923
2021-04-12,Santa Cruz,087,273765,15961,15406,807,16213,203
2021-04-12,Shasta,089,179085,11572,11509,1405,12914,189
2021-04-12,Sierra,091,2930,55,51,12,63,0
2021-04-12,Siskiyou,093,43540,1606,1511,278,1789,7
2021-04-12,Solano,095,438530,31454,31305,445,31750,238
2021-04-12,Sonoma,097,501317,29422,29500,293,29793,310
2021-04-12,Stanislaus,099,539301,54085,53722,5721,59443,707
2021-04-12,Sutter,101,95872,9263,9221,82,9303,106
2021-04-12,Tehama,103,63373,4878,4834,533,5367,52
2021-04-12,Trinity,105,12862,482,324,86,410,3
2021-04-12,Tulare,107,460477,49514,48495,8760,57255,824
2021-04-12,Tuolumne,109,53932,3941,3993,37,4030,57
2021-04-12,Ventura,111,848112,80385,79818,2925,82743,985
2021-04-12,Yolo,113,214977,13517,13510,261,13771,198
2021-04-12,Yuba,115,75493,5811,5773,116,5889,43
2021-04-11,Alameda,001,1643700,85117,84756,1861,86617,1238
2021-04-11,Alpine,003,1148,85,85,0,85,0
2021-04-11,Amador,005,37829,3621,3605,33,3638,46
2021-04-11,Butte,007,227075,11837,11487,1701,13188,193
2021-04-11,Calaveras,009,45235,2040,2036,12,2048,50
2021-04-11,Colusa,011,21464,1905,1904,280,2184,14
2021-04-11,Contra Costa,013,1133247,66895,66107,1168,67275,777
2021-04-11,Del Norte,015,27424,1253,1214,11,1225,6
2021-04-11,El Dorado,017,186661,9677,9575,653,10228,106
2021-04-11,Fresno,019,978130,100802,100230,8431,108661,1633
2021-04-11,Glenn,021,27897,2366,2348,536,2884,17
2021-04-11,Humboldt,023,135768,3553,3523,25,3548,35
2021-04-11,Imperial,025,180216,27971,27841,2721,30562,717
2021-04-11,Inyo,027,18085,1391,1390,10,1400,36
2021-04-11,Kern,029,883053,95925,94830,10475,105305,1283
2021-04-11,Kings,031,150075,22866,22618,1051,23669,241
2021-04-11,Lake,033,64148,3411,3377,9,3386,43
2021-04-11,Lassen,035,31185,5150,5147,105,5252,1
2021-04-11,Los Angeles,037,10098052,1192899,1185757,40885,1226642,23503
2021-04-11,Madera,039,155013,16314,16166,909,17075,231
2021-04-11,Marin,041,260295,13787,13741,232,13973,226
2021-04-11,Mariposa,043,17540,402,394,6,400,5
2021-04-11,Mendocino,045,87422,3783,3696,69,3765,46
2021-04-11,Merced,047,269075,30227,30249,964,31213,435
2021-04-11,Modoc,049,8938,365,352,120,472,3
2021-04-11,Mono,051,14174,1237,1250,15,1265,3
2021-04-11,Monterey,053,433212,42770,42547,1816,44363,346
2021-04-11,Napa,055,140530,9643,9592,34,9626,80
2021-04-11,Nevada,057,99092,4463,4394,184,4578,69
2021-04-11,Orange,059,3164182,252697,251233,10980,262213,4826
2021-04-11,Placer,061,380077,22107,21458,1355,22813,278
2021-04-11,Plumas,063,18699,675,666,10,676,4
2021-04-11,Riverside,065,2383286,290950,285269,13812,299081,4336
2021-04-11,Sacramento,067,1510023,101024,100296,1532,101828,1566
2021-04-11,San Benito,069,59416,5955,5941,109,6050,62
2021-04-11,San Bernardino,071,2135413,290483,288686,8837,297523,4492
2021-04-11,San Diego,073,3302833,274033,273287,13943,287230,3621
2021-04-11,San Francisco,075,870044,35780,35815,1242,37057,498
2021-04-11,San Joaquin,077,732212,70757,69939,3334,73273,1288
2021-04-11,San Luis Obispo,079,281455,20752,20501,650,21151,253
2021-04-11,San Mateo,081,765935,41337,40901,437,41338,353
2021-04-11,Santa Barbara,083,443738,33978,33591,1176,34767,444
2021-04-11,Santa Clara,085,1922200,115841,116161,685,116846,1923
2021-04-11,Santa Cruz,087,273765,15949,15382,807,16189,203
2021-04-11,Shasta,089,179085,11528,11504,1404,12908,189
2021-04-11,Sierra,091,2930,55,51,12,63,0
2021-04-11,Siskiyou,093,43540,1599,1509,275,1784,7
2021-04-11,Solano,095,438530,31402,31268,441,31709,238
2021-04-11,Sonoma,097,501317,29396,29496,289,29785,310
2021-04-11,Stanislaus,099,539301,54002,53683,5712,59395,707
2021-04-11,Sutter,101,95872,9254,9222,82,9304,106
2021-04-11,Tehama,103,63373,4875,4832,531,5363,52
2021-04-11,Trinity,105,12862,482,324,86,410,3
2021-04-11,Tulare,107,460477,49500,48479,8753,57232,824
2021-04-11,Tuolumne,109,53932,3939,3993,37,4030,57
2021-04-11,Ventura,111,848112,80337,79800,2919,82719,985
2021-04-11,Yolo,113,214977,13496,13496,259,13755,198
2021-04-11,Yuba,115,75493,5801,5768,116,5884,43
2021-04-10,Alameda,001,1643700,85053,84626,1861,86487,1238
2021-04-10,Alpine,003,1148,85,85,0,85,0
2021-04-10,Amador,005,37829,3619,3603,33,3636,46
2021-04-10,Butte,007,227075,11826,11482,1700,13182,193
2021-04-10,Calaveras,009,45235,2038,2032,12,2044,50
2021-04-10,Colusa,011,21464,1905,1902,280,2182,14
2021-04-10,Contra Costa,013,1133247,66834,66001,1165,67166,778
2021-04-10,Del Norte,015,27424,1250,1212,11,1223,6
2021-04-10,El Dorado,017,186661,9665,9549,650,10199,106
2021-04-10,Fresno,019,978130,100769,100135,8424,108559,1633
2021-04-10,Glenn,021,27897,2366,2343,536,2879,17
2021-04-10,Humboldt,023,135768,3543,3508,25,3533,35
2021-04-10,Imperial,025,180216,27957,27816,2721,30537,717
2021-04-10,Inyo,027,18085,1391,1387,10,1397,36
2021-04-10,Kern,029,883053,95911,94802,10469,105271,1284
2021-04-10,Kings,031,150075,22862,22614,1049,23663,241
2021-04-10,Lake,033,64148,3406,3368,9,3377,43
2021-04-10,Lassen,035,31185,5150,5146,104,5250,1
2021-04-10,Los Angeles,037,10098052,1192626,1185246,40867,1226113,23493
2021-04-10,Madera,039,155013,16306,16143,908,17051,231
2021-04-10,Marin,041,260295,13782,13731,232,13963,226
2021-04-10,Mariposa,043,17540,399,393,6,399,5
2021-04-10,Mendocino,045,87422,3781,3696,69,3765,46
2021-04-10,Merced,047,269075,30207,30225,963,31188,435
2021-04-10,Modoc,049,8938,365,352,120,472,3
2021-04-10,Mono,051,14174,1237,1249,15,1264,3
2021-04-10,Monterey,053,433212,42759,42527,1815,44342,346
2021-04-10,Napa,055,140530,9636,9569,34,9603,79
2021-04-10,Nevada,057,99092,4456,4379,184,4563,69
2021-04-10,Orange,059,3164182,252604,251139,10973,262112,4818
2021-04-10,Placer,061,380077,22076,21402,1349,22751,278
2021-04-10,Plumas,063,18699,675,666,10,676,4
2021-04-10,Riverside,065,2383286,290870,285082,13804,298886,4336
2021-04-10,Sacramento,067,1510023,100921,100048,1530,101578,1566
2021-04-10,San Benito,069,59416,5944,5932,108,6040,62
2021-04-10,San Bernardino,071,2135413,290419,288590,8830,297420,4489
2021-04-10,San Diego,073,3302833,273817,273058,13924,286982,3613
2021-04-10,San Francisco,075,870044,35750,35774,1239,37013,498
2021-04-10,San Joaquin,077,732212,70722,69852,3324,73176,1288
2021-04-10,San Luis Obispo,079,281455,20736,20461,649,21110,253
2021-04-10,San Mateo,081,765935,41304,40878,437,41315,350
2021-04-10,Santa Barbara,083,443738,33950,33541,1174,34715,444
2021-04-10,Santa Clara,085,1922200,115745,116015,684,116699,1923
2021-04-10,Santa Cruz,087,273765,15943,15360,807,16167,203
2021-04-10,Shasta,089,179085,11519,11492,1401,12893,189
2021-04-10,Sierra,091,2930,55,51,12,63,0
2021-04-10,Siskiyou,093,43540,1596,1512,275,1787,7
2021-04-10,Solano,095,438530,31368,31218,437,31655,238
2021-04-10,Sonoma,097,501317,29381,29469,289,29758,310
2021-04-10,Stanislaus,099,539301,53967,53596,5706,59302,707
2021-04-10,Sutter,101,95872,9252,9214,82,9296,106
2021-04-10,Tehama,103,63373,4873,4820,529,5349,52
2021-04-10,Trinity,105,12862,482,324,86,410,3
2021-04-10,Tulare,107,460477,49491,48470,8747,57217,824
2021-04-10,Tuolumne,109,53932,3936,3991,37,4028,57
2021-04-10,Ventura,111,848112,80309,79758,2917,82675,985
2021-04-10,Yolo,113,214977,13488,13494,258,13752,198
2021-04-10,Yuba,115,75493,5798,5757,115,5872,43
2021-04-09,Alameda,001,1643700,84985,84404,1853,86257,1237
2021-04-09,Alpine,003,1148,85,85,0,85,0
2021-04-09,Amador,005,37829,3618,3600,33,3633,46
2021-04-09,Butte,007,227075,11816,11454,1699,13153,193
2021-04-09,Calaveras,009,45235,2037,2028,12,2040,50
2021-04-09,Colusa,011,21464,1905,1898,280,2178,14
2021-04-09,Contra Costa,013,1133247,66741,65857,1159,67016,777
2021-04-09,Del Norte,015,27424,1249,1207,11,1218,6
2021-04-09,El Dorado,017,186661,9642,9528,646,10174,106
2021-04-09,Fresno,019,978130,100735,100027,8419,108446,1630
2021-04-09,Glenn,021,27897,2366,2337,536,2873,17
2021-04-09,Humboldt,023,135768,3533,3496,25,3521,35
2021-04-09,Imperial,025,180216,27942,27764,2719,30483,717
2021-04-09,Inyo,027,18085,1390,1386,10,1396,36
2021-04-09,Kern,029,883053,95873,94675,10467,105142,1282
2021-04-09,Kings,031,150075,22853,22595,1046,23641,242
2021-04-09,Lake,033,64148,3402,3362,9,3371,43
2021-04-09,Lassen,035,31185,5150,5140,104,5244,1
2021-04-09,Los Angeles,037,10098052,1192256,1184501,40837,1225338,23458
2021-04-09,Madera,039,155013,16303,16118,908,17026,231
2021-04-09,Marin,041,260295,13775,13721,232,13953,226
2021-04-09,Mariposa,043,17540,399,393,6,399,5
2021-04-09,Mendocino,045,87422,3779,3693,69,3762,46
2021-04-09,Merced,047,269075,30178,30179,962,31141,435
2021-04-09,Modoc,049,8938,364,352,120,472,3
2021-04-09,Mono,051,14174,1237,1247,15,1262,3
2021-04-09,Monterey,053,433212,42750,42481,1811,44292,344
2021-04-09,Napa,055,140530,9617,9574,34,9608,80
2021-04-09,Nevada,057,99092,4448,4373,184,4557,69
2021-04-09,Orange,059,3164182,252530,250852,10968,261820,4813
2021-04-09,Placer,061,380077,22045,21327,1341,22668,278
2021-04-09,Plumas,063,18699,674,666,10,676,4
2021-04-09,Riverside,065,2383286,290787,284562,13798,298360,4325
2021-04-09,Sacramento,067,1510023,100766,99722,1524,101246,1564
2021-04-09,San Benito,069,59416,5939,5925,107,6032,62
2021-04-09,San Bernardino,071,2135413,290350,288000,8827,296827,4467
2021-04-09,San Diego,073,3302833,273619,272697,13882,286579,3600
2021-04-09,San Francisco,075,870044,35709,35716,1234,36950,497
2021-04-09,San Joaquin,077,732212,70659,69675,3312,72987,1281
2021-04-09,San Luis Obispo,079,281455,20722,20427,649,21076,252
2021-04-09,San Mateo,081,765935,41268,40800,436,41236,350
2021-04-09,Santa Barbara,083,443738,33927,33424,1171,34595,444
2021-04-09,Santa Clara,085,1922200,115661,115749,682,116431,1923
2021-04-09,Santa Cruz,087,273765,15938,15331,807,16138,203
2021-04-09,Shasta,089,179085,11509,11478,1398,12876,188
2021-04-09,Sierra,091,2930,55,51,12,63,0
2021-04-09,Siskiyou,093,43540,1593,1510,274,1784,7
2021-04-09,Solano,095,438530,31335,31166,432,31598,238
2021-04-09,Sonoma,097,501317,29368,29433,289,29722,310
2021-04-09,Stanislaus,099,539301,53912,53504,5697,59201,705
2021-04-09,Sutter,101,95872,9245,9201,82,9283,106
2021-04-09,Tehama,103,63373,4867,4806,529,5335,52
2021-04-09,Trinity,105,12862,481,324,86,410,3
2021-04-09,Tulare,107,460477,49487,48430,8741,57171,824
2021-04-09,Tuolumne,109,53932,3935,3986,37,4023,57
2021-04-09,Ventura,111,848112,80281,79698,2917,82615,987
2021-04-09,Yolo,113,214977,13477,13478,256,13734,198
2021-04-09,Yuba,115,75493,5791,5754,115,5869,43
2021-04-08,Alameda,001,1643700,84879,84213,1850,86063,1232
2021-04-08,Alpine,003,1148,85,85,0,85,0
2021-04-08,Amador,005,37829,3614,3595,33,3628,46
2021-04-08,Butte,007,227075,11805,11414,1698,13112,193
2021-04-08,Calaveras,009,45235,2035,2027,12,2039,50
2021-04-08,Colusa,011,21464,1904,1897,280,2177,14
2021-04-08,Contra Costa,013,1133247,66631,65706,1156,66862,775
2021-04-08,Del Norte,015,27424,1243,1201,11,1212,6
2021-04-08,El Dorado,017,186661,9626,9513,641,10154,106
2021-04-08,Fresno,019,978130,100671,99935,8412,108347,1627
2021-04-08,Glenn,021,27897,2364,2337,536,2873,17
2021-04-08,Humboldt,023,135768,3523,3486,25,3511,35
2021-04-08,Imperial,025,180216,27915,27744,2715,30459,713
2021-04-08,Inyo,027,18085,1389,1386,10,1396,36
2021-04-08,Kern,029,883053,95827,94493,10454,104947,1281
2021-04-08,Kings,031,150075,22846,22589,1044,23633,243
2021-04-08,Lake,033,64148,3395,3360,9,3369,43
2021-04-08,Lassen,035,31185,5149,5136,104,5240,1
2021-04-08,Los Angeles,037,10098052,1191757,1184443,40799,1225242,23416
2021-04-08,Madera,039,155013,16291,16103,908,17011,231
2021-04-08,Marin,041,260295,13768,13704,232,13936,226
2021-04-08,Mariposa,043,17540,398,393,6,399,5
2021-04-08,Mendocino,045,87422,3777,3690,69,3759,45
2021-04-08,Merced,047,269075,30156,30163,962,31125,430
2021-04-08,Modoc,049,8938,364,352,120,472,3
2021-04-08,Mono,051,14174,1235,1247,15,1262,3
2021-04-08,Monterey,053,433212,42728,42437,1806,44243,342
2021-04-08,Napa,055,140530,9600,9569,34,9603,80
2021-04-08,Nevada,057,99092,4437,4367,184,4551,69
2021-04-08,Orange,059,3164182,252420,250529,10953,261482,4797
2021-04-08,Placer,061,380077,22004,21258,1332,22590,277
2021-04-08,Plumas,063,18699,674,665,10,675,4
2021-04-08,Riverside,065,2383286,290673,283853,13793,297646,4296
2021-04-08,Sacramento,067,1510023,100626,99319,1513,100832,1561
2021-04-08,San Benito,069,59416,5936,5914,105,6019,62
2021-04-08,San Bernardino,071,2135413,290252,287190,8824,296014,4445
2021-04-08,San Diego,073,3302833,273389,272495,13846,286341,3592
2021-04-08,San Francisco,075,870044,35686,35657,1233,36890,494
2021-04-08,San Joaquin,077,732212,70587,69479,3306,72785,1279
2021-04-08,San Luis Obispo,079,281455,20702,20402,647,21049,252
2021-04-08,San Mateo,081,765935,41228,40749,436,41185,350
2021-04-08,Santa Barbara,083,443738,33903,33309,1170,34479,444
2021-04-08,Santa Clara,085,1922200,115555,115487,681,116168,1905
2021-04-08,Santa Cruz,087,273765,15932,15296,807,16103,203
2021-04-08,Shasta,089,179085,11499,11466,1394,12860,186
2021-04-08,Sierra,091,2930,55,51,12,63,0
2021-04-08,Siskiyou,093,43540,1590,1511,274,1785,7
2021-04-08,Solano,095,438530,31286,31120,432,31552,238
2021-04-08,Sonoma,097,501317,29348,29410,288,29698,310
2021-04-08,Stanislaus,099,539301,53834,53401,5687,59088,706
2021-04-08,Sutter,101,95872,9241,9195,82,9277,106
2021-04-08,Tehama,103,63373,4863,4802,529,5331,52
2021-04-08,Trinity,105,12862,481,324,86,410,3
2021-04-08,Tulare,107,460477,49474,48409,8731,57140,821
2021-04-08,Tuolumne,109,53932,3935,3986,37,4023,57
2021-04-08,Ventura,111,848112,80244,79626,2913,82539,986
2021-04-08,Yolo,113,214977,13468,13468,255,13723,198
2021-04-08,Yuba,115,75493,5787,5743,115,5858,43
2021-04-07,Alameda,001,1643700,84796,84130,1848,85978,1224
2021-04-07,Alpine,003,1148,85,85,0,85,0
2021-04-07,Amador,005,37829,3611,3590,33,3623,46
2021-04-07,Butte,007,227075,11801,11405,1695,13100,193
2021-04-07,Calaveras,009,45235,2031,2022,12,2034,50
2021-04-07,Colusa,011,21464,1900,1894,279,2173,14
2021-04-07,Contra Costa,013,1133247,66545,65619,1155,66774,775
2021-04-07,Del Norte,015,27424,1241,1198,11,1209,6
2021-04-07,El Dorado,017,186661,9605,9500,636,10136,106
2021-04-07,Fresno,019,978130,100606,99865,8401,108266,1627
2021-04-07,Glenn,021,27897,2361,2337,535,2872,17
2021-04-07,Humboldt,023,135768,3511,3484,25,3509,35
2021-04-07,Imperial,025,180216,27891,27704,2709,30413,713
2021-04-07,Inyo,027,18085,1388,1386,10,1396,36
2021-04-07,Kern,029,883053,95791,94456,10439,104895,1275
2021-04-07,Kings,031,150075,22844,22589,1044,23633,243
2021-04-07,Lake,033,64148,3393,3358,9,3367,43
2021-04-07,Lassen,035,31185,5149,5137,104,5241,1
2021-04-07,Los Angeles,037,10098052,1191322,1183862,40777,1224639,23372
2021-04-07,Madera,039,155013,16272,16090,907,16997,231
2021-04-07,Marin,041,260295,13757,13688,230,13918,225
2021-04-07,Mariposa,043,17540,397,391,6,397,5
2021-04-07,Mendocino,045,87422,3776,3691,69,3760,45
2021-04-07,Merced,047,269075,30132,30132,958,31090,430
2021-04-07,Modoc,049,8938,364,351,120,471,3
2021-04-07,Mono,051,14174,1235,1246,15,1261,3
2021-04-07,Monterey,053,433212,42710,42427,1805,44232,341
2021-04-07,Napa,055,140530,9586,9556,34,9590,80
2021-04-07,Nevada,057,99092,4431,4364,184,4548,69
2021-04-07,Orange,059,3164182,252296,250378,10930,261308,4778
2021-04-07,Placer,061,380077,21959,21227,1324,22551,276
2021-04-07,Plumas,063,18699,674,665,10,675,4
2021-04-07,Riverside,065,2383286,290553,283749,13783,297532,4285
2021-04-07,Sacramento,067,1510023,100458,99202,1507,100709,1544
2021-04-07,San Benito,069,59416,5931,5912,104,6016,62
2021-04-07,San Bernardino,071,2135413,290134,286978,8819,295797,4433
2021-04-07,San Diego,073,3302833,273164,272195,13817,286012,3588
2021-04-07,San Francisco,075,870044,35646,35618,1229,36847,493
2021-04-07,San Joaquin,077,732212,70518,69375,3301,72676,1278
2021-04-07,San Luis Obispo,079,281455,20676,20373,644,21017,252
2021-04-07,San Mateo,081,765935,41184,40693,436,41129,350
2021-04-07,Santa Barbara,083,443738,33877,33289,1167,34456,444
2021-04-07,Santa Clara,085,1922200,115423,115311,679,115990,1900
2021-04-07,Santa Cruz,087,273765,15921,15275,807,16082,203
2021-04-07,Shasta,089,179085,11487,11456,1389,12845,184
2021-04-07,Sierra,091,2930,55,51,12,63,0
2021-04-07,Siskiyou,093,43540,1584,1512,273,1785,7
2021-04-07,Solano,095,438530,31235,31097,431,31528,238
2021-04-07,Sonoma,097,501317,29330,29394,287,29681,310
2021-04-07,Stanislaus,099,539301,53766,53344,5677,59021,686
2021-04-07,Sutter,101,95872,9238,9188,82,9270,106
2021-04-07,Tehama,103,63373,4855,4802,527,5329,52
2021-04-07,Trinity,105,12862,481,322,86,408,3
2021-04-07,Tulare,107,460477,49459,48386,8720,57106,820
2021-04-07,Tuolumne,109,53932,3933,3982,37,4019,57
2021-04-07,Ventura,111,848112,80210,79595,2911,82506,986
2021-04-07,Yolo,113,214977,13453,13450,253,13703,198
2021-04-07,Yuba,115,75493,5783,5737,115,5852,43
2021-04-06,Alameda,001,1643700,84682,84091,1844,85935,1223
2021-04-06,Alpine,003,1148,85,85,0,85,0
2021-04-06,Amador,005,37829,3610,3587,33,3620,45
2021-04-06,Butte,007,227075,11786,11396,1693,13089,193
2021-04-06,Calaveras,009,45235,2028,2021,12,2033,50
2021-04-06,Colusa,011,21464,1898,1894,277,2171,14
2021-04-06,Contra Costa,013,1133247,66467,65575,1154,66729,774
2021-04-06,Del Norte,015,27424,1236,1197,11,1208,6
2021-04-06,El Dorado,017,186661,9575,9489,634,10123,106
2021-04-06,Fresno,019,978130,100542,99814,8395,108209,1626
2021-04-06,Glenn,021,27897,2360,2335,535,2870,17
2021-04-06,Humboldt,023,135768,3502,3477,25,3502,35
2021-04-06,Imperial,025,180216,27857,27661,2699,30360,713
2021-04-06,Inyo,027,18085,1388,1379,10,1389,36
2021-04-06,Kern,029,883053,95747,94422,10433,104855,1259
2021-04-06,Kings,031,150075,22838,22587,1044,23631,240
2021-04-06,Lake,033,64148,3390,3358,9,3367,43
2021-04-06,Lassen,035,31185,5147,5137,104,5241,1
2021-04-06,Los Angeles,037,10098052,1190812,1183499,40737,1224236,23323
2021-04-06,Madera,039,155013,16252,16085,902,16987,230
2021-04-06,Marin,041,260295,13748,13675,227,13902,224
2021-04-06,Mariposa,043,17540,397,390,6,396,5
2021-04-06,Mendocino,045,87422,3774,3686,69,3755,45
2021-04-06,Merced,047,269075,30103,30100,953,31053,430
2021-04-06,Modoc,049,8938,363,351,120,471,3
2021-04-06,Mono,051,14174,1235,1246,15,1261,3
2021-04-06,Monterey,053,433212,42701,42412,1804,44216,341
2021-04-06,Napa,055,140530,9567,9509,34,9543,78
2021-04-06,Nevada,057,99092,4421,4356,182,4538,69
2021-04-06,Orange,059,3164182,252187,250304,10916,261220,4771
2021-04-06,Placer,061,380077,21911,21184,1322,22506,276
2021-04-06,Plumas,063,18699,674,665,10,675,4
2021-04-06,Riverside,065,2383286,290372,283622,13772,297394,4264
2021-04-06,Sacramento,067,1510023,100249,99110,1499,100609,1537
2021-04-06,San Benito,069,59416,5922,5907,104,6011,62
2021-04-06,San Bernardino,071,2135413,290020,286792,8809,295601,4428
2021-04-06,San Diego,073,3302833,272902,271867,13789,285656,3585
2021-04-06,San Francisco,075,870044,35603,35572,1229,36801,488
2021-04-06,San Joaquin,077,732212,70435,69316,3289,72605,1278
2021-04-06,San Luis Obispo,079,281455,20654,20350,641,20991,252
2021-04-06,San Mateo,081,765935,41136,40649,435,41084,350
2021-04-06,Santa Barbara,083,443738,33859,33257,1166,34423,443
2021-04-06,Santa Clara,085,1922200,115252,115184,678,115862,1900
2021-04-06,Santa Cruz,087,273765,15911,15252,807,16059,203
2021-04-06,Shasta,089,179085,11466,11443,1387,12830,184
2021-04-06,Sierra,091,2930,55,51,12,63,0
2021-04-06,Siskiyou,093,43540,1580,1510,272,1782,7
2021-04-06,Solano,095,438530,31188,31078,430,31508,237
2021-04-06,Sonoma,097,501317,29305,29386,285,29671,311
2021-04-06,Stanislaus,099,539301,53709,53304,5671,58975,686
2021-04-06,Sutter,101,95872,9228,9179,82,9261,106
2021-04-06,Tehama,103,63373,4846,4798,527,5325,52
2021-04-06,Trinity,105,12862,481,321,86,407,3
2021-04-06,Tulare,107,460477,49416,48372,8716,57088,819
2021-04-06,Tuolumne,109,53932,3933,3981,37,4018,57
2021-04-06,Ventura,111,848112,80173,79556,2909,82465,983
2021-04-06,Yolo,113,214977,13440,13443,252,13695,198
2021-04-06,Yuba,115,75493,5779,5733,114,5847,43
2021-04-05,Alameda,001,1643700,84566,84007,1840,85847,1219
2021-04-05,Alpine,003,1148,85,85,0,85,0
2021-04-05,Amador,005,37829,3607,3584,33,3617,45
2021-04-05,Butte,007,227075,11771,11384,1692,13076,193
2021-04-05,Calaveras,009,45235,2026,2019,12,2031,50
2021-04-05,Colusa,011,21464,1898,1894,276,2170,14
2021-04-05,Contra Costa,013,1133247,66401,65457,1152,66609,774
2021-04-05,Del Norte,015,27424,1234,1189,11,1200,6
2021-04-05,El Dorado,017,186661,9560,9463,634,10097,106
2021-04-05,Fresno,019,978130,100454,99755,8387,108142,1622
2021-04-05,Glenn,021,27897,2359,2335,535,2870,17
2021-04-05,Humboldt,023,135768,3493,3475,25,3500,35
2021-04-05,Imperial,025,180216,27825,27604,2694,30298,710
2021-04-05,Inyo,027,18085,1385,1377,10,1387,36
2021-04-05,Kern,029,883053,95692,94401,10408,104809,1249
2021-04-05,Kings,031,150075,22834,22580,1044,23624,239
2021-04-05,Lake,033,64148,3382,3359,9,3368,43
2021-04-05,Lassen,035,31185,5147,5138,103,5241,1
2021-04-05,Los Angeles,037,10098052,1190277,1183200,40686,1223886,23302
2021-04-05,Madera,039,155013,16238,16065,901,16966,230
2021-04-05,Marin,041,260295,13734,13666,223,13889,221
2021-04-05,Mariposa,043,17540,397,390,6,396,5
2021-04-05,Mendocino,045,87422,3772,3687,69,3756,45
2021-04-05,Merced,047,269075,30076,30068,952,31020,427
2021-04-05,Modoc,049,8938,361,346,120,466,3
2021-04-05,Mono,051,14174,1235,1246,15,1261,3
2021-04-05,Monterey,053,433212,42688,42396,1800,44196,341
2021-04-05,Napa,055,140530,9544,9492,34,9526,78
2021-04-05,Nevada,057,99092,4410,4346,182,4528,69
2021-04-05,Orange,059,3164182,252072,250177,10892,261069,4759
2021-04-05,Placer,061,380077,21865,21133,1314,22447,276
2021-04-05,Plumas,063,18699,674,666,10,676,4
2021-04-05,Riverside,065,2383286,290235,283549,13760,297309,4237
2021-04-05,Sacramento,067,1510023,100087,98908,1490,100398,1533
2021-04-05,San Benito,069,59416,5916,5904,104,6008,61
2021-04-05,San Bernardino,071,2135413,289910,286597,8806,295403,4425
2021-04-05,San Diego,073,3302833,272653,271655,13748,285403,3583
2021-04-05,San Francisco,075,870044,35572,35538,1229,36767,488
2021-04-05,San Joaquin,077,732212,70346,69214,3280,72494,1268
2021-04-05,San Luis Obispo,079,281455,20617,20333,641,20974,252
2021-04-05,San Mateo,081,765935,41092,40609,434,41043,350
2021-04-05,Santa Barbara,083,443738,33825,33235,1166,34401,443
2021-04-05,Santa Clara,085,1922200,115085,115091,675,115766,1893
2021-04-05,Santa Cruz,087,273765,15904,15228,807,16035,201
2021-04-05,Shasta,089,179085,11445,11435,1384,12819,184
2021-04-05,Sierra,091,2930,55,50,12,62,0
2021-04-05,Siskiyou,093,43540,1577,1509,270,1779,7
2021-04-05,Solano,095,438530,31147,31026,428,31454,237
2021-04-05,Sonoma,097,501317,29273,29361,283,29644,311
2021-04-05,Stanislaus,099,539301,53628,53238,5669,58907,686
2021-04-05,Sutter,101,95872,9221,9169,82,9251,106
2021-04-05,Tehama,103,63373,4840,4794,527,5321,52
2021-04-05,Trinity,105,12862,480,321,86,407,3
2021-04-05,Tulare,107,460477,49404,48356,8709,57065,818
2021-04-05,Tuolumne,109,53932,3932,3980,37,4017,57
2021-04-05,Ventura,111,848112,80142,79549,2906,82455,983
2021-04-05,Yolo,113,214977,13426,13427,251,13678,198
2021-04-05,Yuba,115,75493,5774,5728,113,5841,43
2021-04-04,Alameda,001,1643700,84448,83951,1836,85787,1219
2021-04-04,Alpine,003,1148,85,85,0,85,0
2021-04-04,Amador,005,37829,3601,3582,33,3615,45
2021-04-04,Butte,007,227075,11756,11375,1691,13066,193
2021-04-04,Calaveras,009,45235,2022,2020,12,2032,50
2021-04-04,Colusa,011,21464,1897,1893,276,2169,14
2021-04-04,Contra Costa,013,1133247,66295,65408,1147,66555,774
2021-04-04,Del Norte,015,27424,1226,1186,11,1197,6
2021-04-04,El Dorado,017,186661,9541,9455,630,10085,106
2021-04-04,Fresno,019,978130,100380,99702,8374,108076,1622
2021-04-04,Glenn,021,27897,2356,2335,534,2869,17
2021-04-04,Humboldt,023,135768,3482,3472,25,3497,35
2021-04-04,Imperial,025,180216,27769,27588,2692,30280,710
2021-04-04,Inyo,027,18085,1381,1377,10,1387,36
2021-04-04,Kern,029,883053,95648,94388,10387,104775,1247
2021-04-04,Kings,031,150075,22832,22580,1043,23623,239
2021-04-04,Lake,033,64148,3376,3355,8,3363,43
2021-04-04,Lassen,035,31185,5146,5138,103,5241,1
2021-04-04,Los Angeles,037,10098052,1189734,1182872,40642,1223514,23301
2021-04-04,Madera,039,155013,16212,16052,897,16949,230
2021-04-04,Marin,041,260295,13721,13663,222,13885,221
2021-04-04,Mariposa,043,17540,397,390,6,396,5
2021-04-04,Mendocino,045,87422,3769,3684,69,3753,45
2021-04-04,Merced,047,269075,30033,30048,949,30997,427
2021-04-04,Modoc,049,8938,361,346,120,466,3
2021-04-04,Mono,051,14174,1234,1245,15,1260,3
2021-04-04,Monterey,053,433212,42671,42391,1799,44190,341
2021-04-04,Napa,055,140530,9532,9486,34,9520,78
2021-04-04,Nevada,057,99092,4398,4337,182,4519,69
2021-04-04,Orange,059,3164182,251938,250117,10876,260993,4759
2021-04-04,Placer,061,380077,21820,21104,1296,22400,276
2021-04-04,Plumas,063,18699,674,666,10,676,4
2021-04-04,Riverside,065,2383286,290109,283537,13756,297293,4237
2021-04-04,Sacramento,067,1510023,99888,98821,1480,100301,1531
2021-04-04,San Benito,069,59416,5906,5901,100,6001,61
2021-04-04,San Bernardino,071,2135413,289770,286561,8798,295359,4423
2021-04-04,San Diego,073,3302833,272342,271528,13706,285234,3583
2021-04-04,San Francisco,075,870044,35518,35525,1226,36751,488
2021-04-04,San Joaquin,077,732212,70245,69147,3268,72415,1268
2021-04-04,San Luis Obispo,079,281455,20585,20328,633,20961,252
2021-04-04,San Mateo,081,765935,41049,40587,431,41018,350
2021-04-04,Santa Barbara,083,443738,33789,33213,1166,34379,443
2021-04-04,Santa Clara,085,1922200,114919,114976,668,115644,1893
2021-04-04,Santa Cruz,087,273765,15895,15219,807,16026,201
2021-04-04,Shasta,089,179085,11419,11433,1383,12816,184
2021-04-04,Sierra,091,2930,55,50,12,62,0
2021-04-04,Siskiyou,093,43540,1574,1509,266,1775,7
2021-04-04,Solano,095,438530,31100,31002,426,31428,237
2021-04-04,Sonoma,097,501317,29241,29340,281,29621,311
2021-04-04,Stanislaus,099,539301,53535,53181,5661,58842,686
2021-04-04,Sutter,101,95872,9214,9164,82,9246,106
2021-04-04,Tehama,103,63373,4828,4792,526,5318,52
2021-04-04,Trinity,105,12862,478,321,86,407,3
2021-04-04,Tulare,107,460477,49388,48343,8701,57044,818
2021-04-04,Tuolumne,109,53932,3924,3980,37,4017,57
2021-04-04,Ventura,111,848112,80099,79526,2904,82430,983
2021-04-04,Yolo,113,214977,13405,13425,250,13675,198
2021-04-04,Yuba,115,75493,5767,5722,113,5835,43
2021-04-03,Alameda,001,1643700,84381,83861,1834,85695,1218
2021-04-03,Alpine,003,1148,85,85,0,85,0
2021-04-03,Amador,005,37829,3598,3577,33,3610,45
2021-04-03,Butte,007,227075,11752,11359,1687,13046,193
2021-04-03,Calaveras,009,45235,2019,2019,12,2031,50
2021-04-03,Colusa,011,21464,1897,1891,276,2167,14
2021-04-03,Contra Costa,013,1133247,66223,65338,1147,66485,774
2021-04-03,Del Norte,015,27424,1221,1183,11,1194,6
2021-04-03,El Dorado,017,186661,9532,9448,629,10077,106
2021-04-03,Fresno,019,978130,100323,99602,8368,107970,1622
2021-04-03,Glenn,021,27897,2356,2334,533,2867,17
2021-04-03,Humboldt,023,135768,3480,3467,25,3492,35
2021-04-03,Imperial,025,180216,27753,27572,2689,30261,710
2021-04-03,Inyo,027,18085,1380,1376,10,1386,36
2021-04-03,Kern,029,883053,95622,94369,10371,104740,1243
2021-04-03,Kings,031,150075,22830,22580,1043,23623,239
2021-04-03,Lake,033,64148,3375,3350,8,3358,43
2021-04-03,Lassen,035,31185,5145,5136,103,5239,1
2021-04-03,Los Angeles,037,10098052,1189433,1182402,40624,1223026,23301
2021-04-03,Madera,039,155013,16203,16051,895,16946,230
2021-04-03,Marin,041,260295,13713,13658,221,13879,221
2021-04-03,Mariposa,043,17540,397,390,5,395,5
2021-04-03,Mendocino,045,87422,3768,3684,69,3753,45
2021-04-03,Merced,047,269075,30018,30031,949,30980,427
2021-04-03,Modoc,049,8938,361,346,120,466,3
2021-04-03,Mono,051,14174,1234,1245,15,1260,3
2021-04-03,Monterey,053,433212,42658,42376,1797,44173,341
2021-04-03,Napa,055,140530,9523,9473,34,9507,78
2021-04-03,Nevada,057,99092,4394,4323,182,4505,69
2021-04-03,Orange,059,3164182,251858,249982,10858,260840,4755
2021-04-03,Placer,061,380077,21789,21060,1292,22352,276
2021-04-03,Plumas,063,18699,674,666,10,676,4
2021-04-03,Riverside,065,2383286,290031,283423,13753,297176,4237
2021-04-03,Sacramento,067,1510023,99780,98660,1474,100134,1531
2021-04-03,San Benito,069,59416,5903,5893,99,5992,61
2021-04-03,San Bernardino,071,2135413,289705,286473,8792,295265,4422
2021-04-03,San Diego,073,3302833,272173,271335,13689,285024,3571
2021-04-03,San Francisco,075,870044,35499,35488,1224,36712,489
2021-04-03,San Joaquin,077,732212,70204,69100,3252,72352,1268
2021-04-03,San Luis Obispo,079,281455,20566,20301,633,20934,252
2021-04-03,San Mateo,081,765935,41024,40560,431,40991,350
2021-04-03,Santa Barbara,083,443738,33763,33172,1165,34337,443
2021-04-03,Santa Clara,085,1922200,114811,114865,666,115531,1893
2021-04-03,Santa Cruz,087,273765,15888,15205,807,16012,201
2021-04-03,Shasta,089,179085,11411,11418,1383,12801,184
2021-04-03,Sierra,091,2930,55,50,12,62,0
2021-04-03,Siskiyou,093,43540,1573,1509,266,1775,7
2021-04-03,Solano,095,438530,31079,30970,423,31393,237
2021-04-03,Sonoma,097,501317,29225,29315,280,29595,311
2021-04-03,Stanislaus,099,539301,53500,53137,5655,58792,686
2021-04-03,Sutter,101,95872,9208,9158,82,9240,106
2021-04-03,Tehama,103,63373,4821,4788,526,5314,52
2021-04-03,Trinity,105,12862,478,321,86,407,3
2021-04-03,Tulare,107,460477,49378,48327,8697,57024,818
2021-04-03,Tuolumne,109,53932,3924,3980,37,4017,57
2021-04-03,Ventura,111,848112,80078,79489,2902,82391,983
2021-04-03,Yolo,113,214977,13399,13414,250,13664,198
2021-04-03,Yuba,115,75493,5761,5716,113,5829,43
2021-04-02,Alameda,001,1643700,84307,83776,1831,85607,1217
2021-04-02,Alpine,003,1148,85,85,0,85,0
2021-04-02,Amador,005,37829,3594,3573,32,3605,45
2021-04-02,Butte,007,227075,11744,11350,1687,13037,193
2021-04-02,Calaveras,009,45235,2015,2010,12,2022,50
2021-04-02,Colusa,011,21464,1897,1891,276,2167,14
2021-04-02,Contra Costa,013,1133247,66159,65299,1146,66445,774
2021-04-02,Del Norte,015,27424,1218,1174,11,1185,6
2021-04-02,El Dorado,017,186661,9519,9437,626,10063,106
2021-04-02,Fresno,019,978130,100269,99551,8357,107908,1620
2021-04-02,Glenn,021,27897,2356,2331,533,2864,17
2021-04-02,Humboldt,023,135768,3476,3465,25,3490,35
2021-04-02,Imperial,025,180216,27740,27553,2682,30235,710
2021-04-02,Inyo,027,18085,1380,1377,10,1387,36
2021-04-02,Kern,029,883053,95604,94348,10368,104716,1233
2021-04-02,Kings,031,150075,22830,22571,1040,23611,239
2021-04-02,Lake,033,64148,3373,3348,8,3356,43
2021-04-02,Lassen,035,31185,5145,5134,103,5237,1
2021-04-02,Los Angeles,037,10098052,1189124,1181682,40601,1222283,23264
2021-04-02,Madera,039,155013,16194,16036,894,16930,230
2021-04-02,Marin,041,260295,13705,13649,221,13870,221
2021-04-02,Mariposa,043,17540,395,390,5,395,5
2021-04-02,Mendocino,045,87422,3765,3682,69,3751,45
2021-04-02,Merced,047,269075,29994,29998,949,30947,426
2021-04-02,Modoc,049,8938,358,346,120,466,3
2021-04-02,Mono,051,14174,1234,1246,15,1261,3
2021-04-02,Monterey,053,433212,42648,42359,1794,44153,341
2021-04-02,Napa,055,140530,9508,9453,34,9487,78
2021-04-02,Nevada,057,99092,4390,4323,182,4505,69
2021-04-02,Orange,059,3164182,251762,249891,10845,260736,4748
2021-04-02,Placer,061,380077,21753,21035,1286,22321,275
2021-04-02,Plumas,063,18699,674,666,10,676,4
2021-04-02,Riverside,065,2383286,289945,283328,13744,297072,4213
2021-04-02,Sacramento,067,1510023,99673,98648,1467,100115,1527
2021-04-02,San Benito,069,59416,5901,5888,97,5985,61
2021-04-02,San Bernardino,071,2135413,289632,286308,8788,295096,4417
2021-04-02,San Diego,073,3302833,271987,271036,13663,284699,3568
2021-04-02,San Francisco,075,870044,35464,35451,1222,36673,488
2021-04-02,San Joaquin,077,732212,70139,68996,3237,72233,1268
2021-04-02,San Luis Obispo,079,281455,20549,20271,632,20903,252
2021-04-02,San Mateo,081,765935,40982,40514,431,40945,350
2021-04-02,Santa Barbara,083,443738,33735,33145,1165,34310,443
2021-04-02,Santa Clara,085,1922200,114700,114777,664,115441,1882
2021-04-02,Santa Cruz,087,273765,15880,15216,807,16023,202
2021-04-02,Shasta,089,179085,11406,11377,1375,12752,181
2021-04-02,Sierra,091,2930,55,50,12,62,0
2021-04-02,Siskiyou,093,43540,1573,1508,265,1773,7
2021-04-02,Solano,095,438530,31050,30951,420,31371,237
2021-04-02,Sonoma,097,501317,29204,29288,279,29567,311
2021-04-02,Stanislaus,099,539301,53455,53073,5649,58722,687
2021-04-02,Sutter,101,95872,9200,9131,82,9213,106
2021-04-02,Tehama,103,63373,4814,4775,525,5300,52
2021-04-02,Trinity,105,12862,478,320,86,406,3
2021-04-02,Tulare,107,460477,49372,48306,8691,56997,818
2021-04-02,Tuolumne,109,53932,3921,3980,37,4017,57
2021-04-02,Ventura,111,848112,80050,79434,2900,82334,982
2021-04-02,Yolo,113,214977,13389,13381,250,13631,197
2021-04-02,Yuba,115,75493,5757,5709,113,5822,44
2021-04-01,Alameda,001,1643700,84228,83574,1826,85400,1216
2021-04-01,Alpine,003,1148,85,85,0,85,0
2021-04-01,Amador,005,37829,3590,3558,32,3590,45
2021-04-01,Butte,007,227075,11726,11328,1685,13013,193
2021-04-01,Calaveras,009,45235,2011,2006,12,2018,50
2021-04-01,Colusa,011,21464,1894,1890,276,2166,14
2021-04-01,Contra Costa,013,1133247,66099,65176,1144,66320,771
2021-04-01,Del Norte,015,27424,1213,1138,11,1149,6
2021-04-01,El Dorado,017,186661,9510,9393,622,10015,106
2021-04-01,Fresno,019,978130,100215,99317,8349,107666,1616
2021-04-01,Glenn,021,27897,2356,2322,532,2854,17
2021-04-01,Humboldt,023,135768,3472,3464,25,3489,35
2021-04-01,Imperial,025,180216,27710,27520,2676,30196,710
2021-04-01,Inyo,027,18085,1379,1374,10,1384,36
2021-04-01,Kern,029,883053,95568,94244,10356,104600,1233
2021-04-01,Kings,031,150075,22823,22560,1039,23599,239
2021-04-01,Lake,033,64148,3368,3337,8,3345,43
2021-04-01,Lassen,035,31185,5144,5132,103,5235,1
2021-04-01,Los Angeles,037,10098052,1188635,1181101,40575,1221676,23220
2021-04-01,Madera,039,155013,16178,16023,894,16917,230
2021-04-01,Marin,041,260295,13695,13635,221,13856,221
2021-04-01,Mariposa,043,17540,393,389,5,394,5
2021-04-01,Mendocino,045,87422,3765,3680,69,3749,45
2021-04-01,Merced,047,269075,29960,29820,949,30769,425
2021-04-01,Modoc,049,8938,357,346,120,466,3
2021-04-01,Mono,051,14174,1234,1245,15,1260,3
2021-04-01,Monterey,053,433212,42640,42324,1792,44116,339
2021-04-01,Napa,055,140530,9496,9410,34,9444,78
2021-04-01,Nevada,057,99092,4380,4288,181,4469,68
2021-04-01,Orange,059,3164182,251642,249617,10828,260445,4742
2021-04-01,Placer,061,380077,21714,20909,1274,22183,274
2021-04-01,Plumas,063,18699,674,664,10,674,4
2021-04-01,Riverside,065,2383286,289840,283128,13741,296869,4193
2021-04-01,Sacramento,067,1510023,99528,97952,1453,99405,1521
2021-04-01,San Benito,069,59416,5893,5878,96,5974,61
2021-04-01,San Bernardino,071,2135413,289515,286086,8779,294865,4404
2021-04-01,San Diego,073,3302833,271762,270540,13633,284173,3555
2021-04-01,San Francisco,075,870044,35443,35386,1219,36605,488
2021-04-01,San Joaquin,077,732212,70057,68802,3229,72031,1262
2021-04-01,San Luis Obispo,079,281455,20520,20235,631,20866,252
2021-04-01,San Mateo,081,765935,40941,40454,431,40885,350
2021-04-01,Santa Barbara,083,443738,33690,33096,1160,34256,443
2021-04-01,Santa Clara,085,1922200,114587,114606,663,115269,1874
2021-04-01,Santa Cruz,087,273765,15865,15271,807,16078,202
2021-04-01,Shasta,089,179085,11391,11355,1369,12724,181
2021-04-01,Sierra,091,2930,55,50,12,62,0
2021-04-01,Siskiyou,093,43540,1571,1507,264,1771,7
2021-04-01,Solano,095,438530,31017,30850,417,31267,237
2021-04-01,Sonoma,097,501317,29173,29241,272,29513,311
2021-04-01,Stanislaus,099,539301,53392,52825,5643,58468,687
2021-04-01,Sutter,101,95872,9188,9105,82,9187,106
2021-04-01,Tehama,103,63373,4808,4764,522,5286,52
2021-04-01,Trinity,105,12862,478,319,86,405,3
2021-04-01,Tulare,107,460477,49349,48279,8681,56960,817
2021-04-01,Tuolumne,109,53932,3919,3978,37,4015,57
2021-04-01,Ventura,111,848112,80026,79369,2899,82268,977
2021-04-01,Yolo,113,214977,13376,13342,250,13592,197
2021-04-01,Yuba,115,75493,5752,5694,113,5807,44
2021-03-31,Alameda,001,1643700,84146,83475,1821,85296,1215
2021-03-31,Alpine,003,1148,85,85,0,85,0
2021-03-31,Amador,005,37829,3587,3556,32,3588,45
2021-03-31,Butte,007,227075,11716,11321,1682,13003,193
2021-03-31,Calaveras,009,45235,2009,2005,12,2017,50
2021-03-31,Colusa,011,21464,1894,1890,276,2166,14
2021-03-31,Contra Costa,013,1133247,66014,65109,1143,66252,769
2021-03-31,Del Norte,015,27424,1204,1129,11,1140,6
2021-03-31,El Dorado,017,186661,9493,9390,622,10012,106
2021-03-31,Fresno,019,978130,100122,99240,8332,107572,1616
2021-03-31,Glenn,021,27897,2351,2318,530,2848,17
2021-03-31,Humboldt,023,135768,3466,3460,25,3485,35
2021-03-31,Imperial,025,180216,27690,27506,2673,30179,710
2021-03-31,Inyo,027,18085,1376,1373,9,1382,35
2021-03-31,Kern,029,883053,95525,94205,10347,104552,1229
2021-03-31,Kings,031,150075,22820,22540,1039,23579,239
2021-03-31,Lake,033,64148,3364,3332,8,3340,43
2021-03-31,Lassen,035,31185,5140,5132,103,5235,1
2021-03-31,Los Angeles,037,10098052,1188169,1180538,40535,1221073,23171
2021-03-31,Madera,039,155013,16164,16015,893,16908,229
2021-03-31,Marin,041,260295,13684,13624,221,13845,221
2021-03-31,Mariposa,043,17540,393,389,5,394,5
2021-03-31,Mendocino,045,87422,3759,3675,69,3744,45
2021-03-31,Merced,047,269075,29931,29780,949,30729,423
2021-03-31,Modoc,049,8938,357,346,120,466,3
2021-03-31,Mono,051,14174,1234,1245,15,1260,3
2021-03-31,Monterey,053,433212,42623,42309,1790,44099,338
2021-03-31,Napa,055,140530,9478,9401,34,9435,78
2021-03-31,Nevada,057,99092,4374,4283,181,4464,68
2021-03-31,Orange,059,3164182,251531,249518,10813,260331,4731
2021-03-31,Placer,061,380077,21664,20885,1267,22152,271
2021-03-31,Plumas,063,18699,673,663,10,673,4
2021-03-31,Riverside,065,2383286,289738,283006,13731,296737,4171
2021-03-31,Sacramento,067,1510023,99352,97760,1446,99206,1519
2021-03-31,San Benito,069,59416,5883,5875,96,5971,61
2021-03-31,San Bernardino,071,2135413,289421,285916,8776,294692,4356
2021-03-31,San Diego,073,3302833,271531,270288,13598,283886,3555
2021-03-31,San Francisco,075,870044,35399,35347,1218,36565,474
2021-03-31,San Joaquin,077,732212,69968,68685,3213,71898,1259
2021-03-31,San Luis Obispo,079,281455,20499,20215,630,20845,251
2021-03-31,San Mateo,081,765935,40911,40423,431,40854,350
2021-03-31,Santa Barbara,083,443738,33659,33052,1158,34210,443
2021-03-31,Santa Clara,085,1922200,114460,114499,663,115162,1874
2021-03-31,Santa Cruz,087,273765,15852,15295,806,16101,201
2021-03-31,Shasta,089,179085,11379,11327,1361,12688,179
2021-03-31,Sierra,091,2930,55,50,12,62,0
2021-03-31,Siskiyou,093,43540,1570,1505,264,1769,7
2021-03-31,Solano,095,438530,30971,30824,416,31240,235
2021-03-31,Sonoma,097,501317,29146,29216,272,29488,311
2021-03-31,Stanislaus,099,539301,53323,52782,5631,58413,687
2021-03-31,Sutter,101,95872,9177,9111,82,9193,106
2021-03-31,Tehama,103,63373,4803,4762,519,5281,52
2021-03-31,Trinity,105,12862,478,319,86,405,3
2021-03-31,Tulare,107,460477,49329,48261,8665,56926,816
2021-03-31,Tuolumne,109,53932,3918,3976,37,4013,57
2021-03-31,Ventura,111,848112,79994,79326,2895,82221,969
2021-03-31,Yolo,113,214977,13359,13359,249,13608,197
2021-03-31,Yuba,115,75493,5745,5686,113,5799,44
2021-03-30,Alameda,001,1643700,84046,83395,1818,85213,1211
2021-03-30,Alpine,003,1148,85,85,0,85,0
2021-03-30,Amador,005,37829,3584,3551,32,3583,45
2021-03-30,Butte,007,227075,11704,11296,1679,12975,193
2021-03-30,Calaveras,009,45235,2003,1997,12,2009,50
2021-03-30,Colusa,011,21464,1893,1890,275,2165,14
2021-03-30,Contra Costa,013,1133247,65925,65041,1141,66182,767
2021-03-30,Del Norte,015,27424,1196,1118,10,1128,6
2021-03-30,El Dorado,017,186661,9474,9381,619,10000,105
2021-03-30,Fresno,019,978130,100057,99156,8319,107475,1609
2021-03-30,Glenn,021,27897,2351,2310,529,2839,17
2021-03-30,Humboldt,023,135768,3464,3461,25,3486,35
2021-03-30,Imperial,025,180216,27661,27471,2671,30142,706
2021-03-30,Inyo,027,18085,1376,1374,9,1383,35
2021-03-30,Kern,029,883053,95483,94151,10338,104489,1221
2021-03-30,Kings,031,150075,22816,22530,1037,23567,238
2021-03-30,Lake,033,64148,3358,3330,8,3338,43
2021-03-30,Lassen,035,31185,5140,5132,103,5235,1
2021-03-30,Los Angeles,037,10098052,1187676,1180044,40513,1220557,23136
2021-03-30,Madera,039,155013,16154,16003,889,16892,229
2021-03-30,Marin,041,260295,13675,13611,213,13824,221
2021-03-30,Mariposa,043,17540,393,388,5,393,5
2021-03-30,Mendocino,045,87422,3757,3670,69,3739,45
2021-03-30,Merced,047,269075,29895,29731,949,30680,423
2021-03-30,Modoc,049,8938,356,346,120,466,3
2021-03-30,Mono,051,14174,1233,1245,15,1260,3
2021-03-30,Monterey,053,433212,42597,42308,1787,44095,338
2021-03-30,Napa,055,140530,9463,9391,34,9425,78
2021-03-30,Nevada,057,99092,4362,4266,180,4446,68
2021-03-30,Orange,059,3164182,251402,249412,10786,260198,4727
2021-03-30,Placer,061,380077,21624,20866,1261,22127,271
2021-03-30,Plumas,063,18699,673,661,10,671,4
2021-03-30,Riverside,065,2383286,289613,282930,13722,296652,4154
2021-03-30,Sacramento,067,1510023,99215,97718,1442,99160,1516
2021-03-30,San Benito,069,59416,5877,5870,96,5966,61
2021-03-30,San Bernardino,071,2135413,289313,285758,8767,294525,4343
2021-03-30,San Diego,073,3302833,271294,269998,13560,283558,3555
2021-03-30,San Francisco,075,870044,35349,35325,1217,36542,474
2021-03-30,San Joaquin,077,732212,69880,68613,3203,71816,1232
2021-03-30,San Luis Obispo,079,281455,20479,20194,630,20824,251
2021-03-30,San Mateo,081,765935,40866,40377,431,40808,349
2021-03-30,Santa Barbara,083,443738,33634,33016,1158,34174,441
2021-03-30,Santa Clara,085,1922200,114337,114413,662,115075,1873
2021-03-30,Santa Cruz,087,273765,15846,15278,806,16084,201
2021-03-30,Shasta,089,179085,11371,11316,1360,12676,184
2021-03-30,Sierra,091,2930,55,50,12,62,0
2021-03-30,Siskiyou,093,43540,1569,1501,264,1765,7
2021-03-30,Solano,095,438530,30941,30802,415,31217,232
2021-03-30,Sonoma,097,501317,29114,29198,272,29470,311
2021-03-30,Stanislaus,099,539301,53245,52690,5623,58313,677
2021-03-30,Sutter,101,95872,9173,9107,81,9188,106
2021-03-30,Tehama,103,63373,4794,4748,518,5266,52
2021-03-30,Trinity,105,12862,478,316,86,402,3
2021-03-30,Tulare,107,460477,49315,48249,8656,56905,815
2021-03-30,Tuolumne,109,53932,3913,3972,37,4009,57
2021-03-30,Ventura,111,848112,79950,79282,2892,82174,958
2021-03-30,Yolo,113,214977,13347,13353,249,13602,195
2021-03-30,Yuba,115,75493,5734,5679,107,5786,42
2021-03-29,Alameda,001,1643700,83945,83338,1816,85154,1211
2021-03-29,Alpine,003,1148,85,85,0,85,0
2021-03-29,Amador,005,37829,3578,3549,32,3581,45
2021-03-29,Butte,007,227075,11695,11291,1676,12967,191
2021-03-29,Calaveras,009,45235,2002,1998,12,2010,50
2021-03-29,Colusa,011,21464,1893,1889,274,2163,14
2021-03-29,Contra Costa,013,1133247,65856,64971,1140,66111,767
2021-03-29,Del Norte,015,27424,1191,1116,9,1125,6
2021-03-29,El Dorado,017,186661,9454,9374,613,9987,105
2021-03-29,Fresno,019,978130,99974,99085,8304,107389,1606
2021-03-29,Glenn,021,27897,2345,2310,529,2839,17
2021-03-29,Humboldt,023,135768,3459,3459,25,3484,34
2021-03-29,Imperial,025,180216,27641,27442,2668,30110,704
2021-03-29,Inyo,027,18085,1376,1372,9,1381,35
2021-03-29,Kern,029,883053,95435,94098,10318,104416,1220
2021-03-29,Kings,031,150075,22804,22522,1036,23558,238
2021-03-29,Lake,033,64148,3355,3325,8,3333,43
2021-03-29,Lassen,035,31185,5140,5131,103,5234,1
2021-03-29,Los Angeles,037,10098052,1187182,1179736,40473,1220209,23108
2021-03-29,Madera,039,155013,16134,15987,887,16874,210
2021-03-29,Marin,041,260295,13663,13600,209,13809,220
2021-03-29,Mariposa,043,17540,392,388,5,393,5
2021-03-29,Mendocino,045,87422,3754,3667,69,3736,45
2021-03-29,Merced,047,269075,29871,29699,949,30648,422
2021-03-29,Modoc,049,8938,355,344,120,464,3
2021-03-29,Mono,051,14174,1232,1243,15,1258,3
2021-03-29,Monterey,053,433212,42581,42305,1782,44087,337
2021-03-29,Napa,055,140530,9447,9379,34,9413,78
2021-03-29,Nevada,057,99092,4355,4258,180,4438,68
2021-03-29,Orange,059,3164182,251290,249295,10774,260069,4713
2021-03-29,Placer,061,380077,21589,20827,1254,22081,267
2021-03-29,Plumas,063,18699,672,660,10,670,4
2021-03-29,Riverside,065,2383286,289510,282867,13721,296588,4133
2021-03-29,Sacramento,067,1510023,99021,97577,1434,99011,1514
2021-03-29,San Benito,069,59416,5870,5865,96,5961,61
2021-03-29,San Bernardino,071,2135413,289216,285615,8763,294378,4335
2021-03-29,San Diego,073,3302833,271028,269771,13534,283305,3547
2021-03-29,San Francisco,075,870044,35314,35291,1214,36505,474
2021-03-29,San Joaquin,077,732212,69794,68537,3190,71727,1211
2021-03-29,San Luis Obispo,079,281455,20444,20176,629,20805,250
2021-03-29,San Mateo,081,765935,40824,40357,430,40787,348
2021-03-29,Santa Barbara,083,443738,33600,32983,1157,34140,439
2021-03-29,Santa Clara,085,1922200,114229,114335,657,114992,1871
2021-03-29,Santa Cruz,087,273765,15835,15249,805,16054,201
2021-03-29,Shasta,089,179085,11353,11313,1358,12671,183
2021-03-29,Sierra,091,2930,55,50,12,62,0
2021-03-29,Siskiyou,093,43540,1568,1497,263,1760,6
2021-03-29,Solano,095,438530,30902,30762,413,31175,232
2021-03-29,Sonoma,097,501317,29091,29184,269,29453,310
2021-03-29,Stanislaus,099,539301,53161,52614,5615,58229,677
2021-03-29,Sutter,101,95872,9166,9105,81,9186,106
2021-03-29,Tehama,103,63373,4786,4742,517,5259,52
2021-03-29,Trinity,105,12862,478,314,86,400,3
2021-03-29,Tulare,107,460477,49287,48226,8645,56871,815
2021-03-29,Tuolumne,109,53932,3911,3969,37,4006,57
2021-03-29,Ventura,111,848112,79908,79252,2892,82144,956
2021-03-29,Yolo,113,214977,13329,13346,249,13595,195
2021-03-29,Yuba,115,75493,5727,5671,106,5777,42
2021-03-28,Alameda,001,1643700,83824,83239,1814,85053,1212
2021-03-28,Alpine,003,1148,85,85,0,85,0
2021-03-28,Amador,005,37829,3574,3541,32,3573,45
2021-03-28,Butte,007,227075,11682,11285,1674,12959,191
2021-03-28,Calaveras,009,45235,2000,1995,12,2007,50
2021-03-28,Colusa,011,21464,1892,1889,274,2163,14
2021-03-28,Contra Costa,013,1133247,65782,64878,1136,66014,767
2021-03-28,Del Norte,015,27424,1184,1107,7,1114,6
2021-03-28,El Dorado,017,186661,9439,9371,611,9982,105
2021-03-28,Fresno,019,978130,99892,99004,8292,107296,1606
2021-03-28,Glenn,021,27897,2342,2309,527,2836,17
2021-03-28,Humboldt,023,135768,3456,3452,24,3476,34
2021-03-28,Imperial,025,180216,27614,27426,2665,30091,704
2021-03-28,Inyo,027,18085,1375,1372,9,1381,35
2021-03-28,Kern,029,883053,95390,94084,10307,104391,1219
2021-03-28,Kings,031,150075,22799,22514,1033,23547,238
2021-03-28,Lake,033,64148,3350,3320,8,3328,43
2021-03-28,Lassen,035,31185,5140,5131,102,5233,1
2021-03-28,Los Angeles,037,10098052,1186632,1179316,40414,1219730,23101
2021-03-28,Madera,039,155013,16119,15973,886,16859,210
2021-03-28,Marin,041,260295,13650,13594,207,13801,221
2021-03-28,Mariposa,043,17540,392,388,5,393,5
2021-03-28,Mendocino,045,87422,3752,3666,69,3735,45
2021-03-28,Merced,047,269075,29814,29679,949,30628,422
2021-03-28,Modoc,049,8938,355,344,120,464,3
2021-03-28,Mono,051,14174,1231,1242,15,1257,3
2021-03-28,Monterey,053,433212,42558,42294,1778,44072,337
2021-03-28,Napa,055,140530,9433,9368,34,9402,78
2021-03-28,Nevada,057,99092,4341,4239,180,4419,68
2021-03-28,Orange,059,3164182,251135,249238,10764,260002,4713
2021-03-28,Placer,061,380077,21546,20796,1248,22044,267
2021-03-28,Plumas,063,18699,670,657,10,667,4
2021-03-28,Riverside,065,2383286,289396,282811,13713,296524,4132
2021-03-28,Sacramento,067,1510023,98846,97425,1428,98853,1514
2021-03-28,San Benito,069,59416,5865,5862,96,5958,61
2021-03-28,San Bernardino,071,2135413,289097,285570,8754,294324,4332
2021-03-28,San Diego,073,3302833,270754,269476,13506,282982,3547
2021-03-28,San Francisco,075,870044,35268,35286,1210,36496,474
2021-03-28,San Joaquin,077,732212,69669,68459,3171,71630,1211
2021-03-28,San Luis Obispo,079,281455,20409,20172,626,20798,250
2021-03-28,San Mateo,081,765935,40779,40305,430,40735,348
2021-03-28,Santa Barbara,083,443738,33561,32953,1156,34109,439
2021-03-28,Santa Clara,085,1922200,114129,114232,653,114885,1871
2021-03-28,Santa Cruz,087,273765,15821,15238,804,16042,201
2021-03-28,Shasta,089,179085,11327,11308,1347,12655,183
2021-03-28,Sierra,091,2930,55,50,12,62,0
2021-03-28,Siskiyou,093,43540,1568,1497,262,1759,6
2021-03-28,Solano,095,438530,30865,30719,411,31130,232
2021-03-28,Sonoma,097,501317,29055,29161,267,29428,310
2021-03-28,Stanislaus,099,539301,53073,52567,5600,58167,678
2021-03-28,Sutter,101,95872,9157,9094,81,9175,106
2021-03-28,Tehama,103,63373,4776,4740,515,5255,52
2021-03-28,Trinity,105,12862,476,314,85,399,3
2021-03-28,Tulare,107,460477,49258,48218,8639,56857,815
2021-03-28,Tuolumne,109,53932,3908,3969,36,4005,57
2021-03-28,Ventura,111,848112,79857,79222,2887,82109,956
2021-03-28,Yolo,113,214977,13311,13325,248,13573,194
2021-03-28,Yuba,115,75493,5723,5662,106,5768,42
2021-03-27,Alameda,001,1643700,83753,83169,1810,84979,1211
2021-03-27,Alpine,003,1148,85,85,0,85,0
2021-03-27,Amador,005,37829,3569,3538,32,3570,45
2021-03-27,Butte,007,227075,11675,11278,1673,12951,191
2021-03-27,Calaveras,009,45235,1997,1992,12,2004,50
2021-03-27,Colusa,011,21464,1892,1889,274,2163,14
2021-03-27,Contra Costa,013,1133247,65712,64804,1133,65937,767
2021-03-27,Del Norte,015,27424,1174,1104,7,1111,6
2021-03-27,El Dorado,017,186661,9425,9367,611,9978,105
2021-03-27,Fresno,019,978130,99840,98901,8286,107187,1606
2021-03-27,Glenn,021,27897,2341,2308,527,2835,17
2021-03-27,Humboldt,023,135768,3451,3442,24,3466,34
2021-03-27,Imperial,025,180216,27602,27406,2662,30068,704
2021-03-27,Inyo,027,18085,1373,1372,9,1381,35
2021-03-27,Kern,029,883053,95370,94041,10295,104336,1217
2021-03-27,Kings,031,150075,22796,22502,1033,23535,238
2021-03-27,Lake,033,64148,3348,3317,8,3325,43
2021-03-27,Lassen,035,31185,5140,5129,102,5231,1
2021-03-27,Los Angeles,037,10098052,1186318,1178831,40387,1219218,23103
2021-03-27,Madera,039,155013,16112,15968,884,16852,210
2021-03-27,Marin,041,260295,13645,13579,207,13786,222
2021-03-27,Mariposa,043,17540,392,386,5,391,5
2021-03-27,Mendocino,045,87422,3750,3666,69,3735,45
2021-03-27,Merced,047,269075,29781,29647,947,30594,422
2021-03-27,Modoc,049,8938,355,344,120,464,3
2021-03-27,Mono,051,14174,1229,1241,15,1256,3
2021-03-27,Monterey,053,433212,42548,42271,1778,44049,337
2021-03-27,Napa,055,140530,9421,9360,34,9394,78
2021-03-27,Nevada,057,99092,4331,4231,180,4411,68
2021-03-27,Orange,059,3164182,251042,249160,10748,259908,4698
2021-03-27,Placer,061,380077,21526,20717,1241,21958,267
2021-03-27,Plumas,063,18699,669,655,10,665,4
2021-03-27,Riverside,065,2383286,289334,282707,13705,296412,4132
2021-03-27,Sacramento,067,1510023,98756,97247,1426,98673,1513
2021-03-27,San Benito,069,59416,5863,5862,94,5956,61
2021-03-27,San Bernardino,071,2135413,289035,285480,8752,294232,4325
2021-03-27,San Diego,073,3302833,270584,269271,13484,282755,3540
2021-03-27,San Francisco,075,870044,35244,35244,1208,36452,474
2021-03-27,San Joaquin,077,732212,69609,68365,3163,71528,1211
2021-03-27,San Luis Obispo,079,281455,20398,20153,623,20776,250
2021-03-27,San Mateo,081,765935,40756,40264,430,40694,348
2021-03-27,Santa Barbara,083,443738,33538,32921,1156,34077,439
2021-03-27,Santa Clara,085,1922200,114033,114124,651,114775,1871
2021-03-27,Santa Cruz,087,273765,15815,15215,804,16019,201
2021-03-27,Shasta,089,179085,11316,11288,1345,12633,183
2021-03-27,Sierra,091,2930,55,50,12,62,0
2021-03-27,Siskiyou,093,43540,1568,1497,262,1759,6
2021-03-27,Solano,095,438530,30837,30669,410,31079,232
2021-03-27,Sonoma,097,501317,29040,29133,265,29398,310
2021-03-27,Stanislaus,099,539301,53009,52497,5592,58089,678
2021-03-27,Sutter,101,95872,9149,9093,81,9174,106
2021-03-27,Tehama,103,63373,4770,4738,513,5251,52
2021-03-27,Trinity,105,12862,476,313,85,398,3
2021-03-27,Tulare,107,460477,49242,48203,8631,56834,813
2021-03-27,Tuolumne,109,53932,3905,3968,36,4004,57
2021-03-27,Ventura,111,848112,79830,79184,2885,82069,956
2021-03-27,Yolo,113,214977,13306,13317,247,13564,194
2021-03-27,Yuba,115,75493,5721,5657,106,5763,42
2021-03-26,Alameda,001,1643700,83691,83043,1808,84851,1208
2021-03-26,Alpine,003,1148,85,85,0,85,0
2021-03-26,Amador,005,37829,3564,3532,32,3564,45
2021-03-26,Butte,007,227075,11665,11278,1673,12951,191
2021-03-26,Calaveras,009,45235,1996,1989,12,2001,50
2021-03-26,Colusa,011,21464,1892,1889,274,2163,14
2021-03-26,Contra Costa,013,1133247,65652,64699,1131,65830,761
2021-03-26,Del Norte,015,27424,1171,1101,7,1108,6
2021-03-26,El Dorado,017,186661,9420,9353,611,9964,105
2021-03-26,Fresno,019,978130,99778,98731,8276,107007,1601
2021-03-26,Glenn,021,27897,2341,2307,526,2833,17
2021-03-26,Humboldt,023,135768,3449,3431,24,3455,34
2021-03-26,Imperial,025,180216,27578,27374,2662,30036,701
2021-03-26,Inyo,027,18085,1372,1369,9,1378,35
2021-03-26,Kern,029,883053,95344,93949,10289,104238,1211
2021-03-26,Kings,031,150075,22788,22493,1031,23524,239
2021-03-26,Lake,033,64148,3347,3314,8,3322,43
2021-03-26,Lassen,035,31185,5139,5131,102,5233,1
2021-03-26,Los Angeles,037,10098052,1185982,1178213,40373,1218586,23080
2021-03-26,Madera,039,155013,16102,15952,884,16836,210
2021-03-26,Marin,041,260295,13639,13553,202,13755,221
2021-03-26,Mariposa,043,17540,392,386,5,391,5
2021-03-26,Mendocino,045,87422,3749,3664,69,3733,45
2021-03-26,Merced,047,269075,29758,29613,945,30558,419
2021-03-26,Modoc,049,8938,355,344,120,464,3
2021-03-26,Mono,051,14174,1228,1236,15,1251,3
2021-03-26,Monterey,053,433212,42535,42241,1774,44015,338
2021-03-26,Napa,055,140530,9411,9349,34,9383,78
2021-03-26,Nevada,057,99092,4311,4222,180,4402,83
2021-03-26,Orange,059,3164182,250979,248995,10734,259729,4671
2021-03-26,Placer,061,380077,21500,20679,1240,21919,259
2021-03-26,Plumas,063,18699,668,654,10,664,4
2021-03-26,Riverside,065,2383286,289256,282602,13699,296301,4109
2021-03-26,Sacramento,067,1510023,98656,97040,1421,98461,1509
2021-03-26,San Benito,069,59416,5860,5855,94,5949,61
2021-03-26,San Bernardino,071,2135413,288979,285313,8750,294063,4288
2021-03-26,San Diego,073,3302833,270406,269045,13458,282503,3525
2021-03-26,San Francisco,075,870044,35218,35186,1208,36394,472
2021-03-26,San Joaquin,077,732212,69546,68249,3159,71408,1202
2021-03-26,San Luis Obispo,079,281455,20385,20118,623,20741,250
2021-03-26,San Mateo,081,765935,40721,40199,430,40629,348
2021-03-26,Santa Barbara,083,443738,33508,32895,1155,34050,439
2021-03-26,Santa Clara,085,1922200,113935,113959,650,114609,1868
2021-03-26,Santa Cruz,087,273765,15800,15199,803,16002,201
2021-03-26,Shasta,089,179085,11307,11276,1339,12615,182
2021-03-26,Sierra,091,2930,55,50,12,62,0
2021-03-26,Siskiyou,093,43540,1568,1493,261,1754,6
2021-03-26,Solano,095,438530,30812,30640,410,31050,205
2021-03-26,Sonoma,097,501317,29024,29101,262,29363,310
2021-03-26,Stanislaus,099,539301,52941,52420,5588,58008,678
2021-03-26,Sutter,101,95872,9146,9082,81,9163,104
2021-03-26,Tehama,103,63373,4769,4722,512,5234,51
2021-03-26,Trinity,105,12862,476,311,85,396,3
2021-03-26,Tulare,107,460477,49227,48179,8623,56802,813
2021-03-26,Tuolumne,109,53932,3904,3965,36,4001,57
2021-03-26,Ventura,111,848112,79796,79122,2883,82005,953
2021-03-26,Yolo,113,214977,13299,13299,245,13544,194
2021-03-26,Yuba,115,75493,5711,5653,106,5759,42
2021-03-25,Alameda,001,1643700,83595,82945,1806,84751,1206
2021-03-25,Alpine,003,1148,85,84,0,84,0
2021-03-25,Amador,005,37829,3562,3530,32,3562,45
2021-03-25,Butte,007,227075,11655,11270,1673,12943,188
2021-03-25,Calaveras,009,45235,1995,1982,12,1994,50
2021-03-25,Colusa,011,21464,1892,1888,274,2162,14
2021-03-25,Contra Costa,013,1133247,65585,64606,1127,65733,757
2021-03-25,Del Norte,015,27424,1165,1095,7,1102,6
2021-03-25,El Dorado,017,186661,9410,9331,611,9942,105
2021-03-25,Fresno,019,978130,99659,98602,8263,106865,1593
2021-03-25,Glenn,021,27897,2340,2302,525,2827,17
2021-03-25,Humboldt,023,135768,3444,3423,24,3447,34
2021-03-25,Imperial,025,180216,27561,27352,2660,30012,699
2021-03-25,Inyo,027,18085,1372,1369,9,1378,35
2021-03-25,Kern,029,883053,95312,93857,10284,104141,1206
2021-03-25,Kings,031,150075,22778,22472,1031,23503,237
2021-03-25,Lake,033,64148,3342,3312,8,3320,43
2021-03-25,Lassen,035,31185,5139,5129,102,5231,1
2021-03-25,Los Angeles,037,10098052,1185551,1177490,40337,1217827,23051
2021-03-25,Madera,039,155013,16083,15937,882,16819,210
2021-03-25,Marin,041,260295,13630,13538,199,13737,219
2021-03-25,Mariposa,043,17540,392,386,5,391,5
2021-03-25,Mendocino,045,87422,3748,3664,69,3733,45
2021-03-25,Merced,047,269075,29723,29576,937,30513,416
2021-03-25,Modoc,049,8938,355,343,120,463,3
2021-03-25,Mono,051,14174,1228,1235,15,1250,3
2021-03-25,Monterey,053,433212,42514,42220,1769,43989,336
2021-03-25,Napa,055,140530,9392,9321,34,9355,78
2021-03-25,Nevada,057,99092,4293,4202,178,4380,84
2021-03-25,Orange,059,3164182,250863,248871,10714,259585,4655
2021-03-25,Placer,061,380077,21459,20639,1233,21872,252
2021-03-25,Plumas,063,18699,668,654,10,664,4
2021-03-25,Riverside,065,2383286,289159,282492,13688,296180,4078
2021-03-25,Sacramento,067,1510023,98511,96823,1418,98241,1505
2021-03-25,San Benito,069,59416,5857,5850,94,5944,61
2021-03-25,San Bernardino,071,2135413,288897,285134,8745,293879,4222
2021-03-25,San Diego,073,3302833,270179,268623,13427,282050,3520
2021-03-25,San Francisco,075,870044,35179,35154,1206,36360,468
2021-03-25,San Joaquin,077,732212,69449,68089,3120,71209,1196
2021-03-25,San Luis Obispo,079,281455,20367,20076,623,20699,250
2021-03-25,San Mateo,081,765935,40681,40147,430,40577,348
2021-03-25,Santa Barbara,083,443738,33481,32857,1155,34012,439
2021-03-25,Santa Clara,085,1922200,113830,113877,648,114525,1868
2021-03-25,Santa Cruz,087,273765,15779,15170,803,15973,201
2021-03-25,Shasta,089,179085,11290,11262,1336,12598,181
2021-03-25,Sierra,091,2930,55,50,12,62,0
2021-03-25,Siskiyou,093,43540,1566,1491,260,1751,6
2021-03-25,Solano,095,438530,30751,30583,408,30991,193
2021-03-25,Sonoma,097,501317,28989,29060,258,29318,310
2021-03-25,Stanislaus,099,539301,52874,52321,5581,57902,678
2021-03-25,Sutter,101,95872,9137,9069,81,9150,104
2021-03-25,Tehama,103,63373,4767,4719,511,5230,52
2021-03-25,Trinity,105,12862,476,310,85,395,3
2021-03-25,Tulare,107,460477,49200,48148,8610,56758,811
2021-03-25,Tuolumne,109,53932,3903,3962,36,3998,57
2021-03-25,Ventura,111,848112,79755,79045,2879,81924,952
2021-03-25,Yolo,113,214977,13293,13287,245,13532,194
2021-03-25,Yuba,115,75493,5705,5647,100,5747,42
2021-03-24,Alameda,001,1643700,83501,82871,1803,84674,1199
2021-03-24,Alpine,003,1148,85,84,0,84,0
2021-03-24,Amador,005,37829,3556,3529,32,3561,45
2021-03-24,Butte,007,227075,11645,11252,1669,12921,187
2021-03-24,Calaveras,009,45235,1992,1975,12,1987,50
2021-03-24,Colusa,011,21464,1892,1886,274,2160,14
2021-03-24,Contra Costa,013,1133247,65505,64539,1126,65665,755
2021-03-24,Del Norte,015,27424,1160,1087,7,1094,6
2021-03-24,El Dorado,017,186661,9404,9319,610,9929,105
2021-03-24,Fresno,019,978130,99568,98437,8248,106685,1585
2021-03-24,Glenn,021,27897,2339,2297,524,2821,17
2021-03-24,Humboldt,023,135768,3441,3414,24,3438,34
2021-03-24,Imperial,025,180216,27552,27325,2659,29984,699
2021-03-24,Inyo,027,18085,1372,1368,9,1377,35
2021-03-24,Kern,029,883053,95264,93800,10275,104075,1198
2021-03-24,Kings,031,150075,22763,22456,1029,23485,237
2021-03-24,Lake,033,64148,3338,3307,8,3315,43
2021-03-24,Lassen,035,31185,5137,5130,101,5231,1
2021-03-24,Los Angeles,037,10098052,1185076,1177015,40301,1217316,22993
2021-03-24,Madera,039,155013,16074,15918,881,16799,210
2021-03-24,Marin,041,260295,13616,13526,197,13723,219
2021-03-24,Mariposa,043,17540,392,384,5,389,5
2021-03-24,Mendocino,045,87422,3745,3660,69,3729,45
2021-03-24,Merced,047,269075,29681,29525,937,30462,415
2021-03-24,Modoc,049,8938,354,341,120,461,3
2021-03-24,Mono,051,14174,1227,1243,15,1258,3
2021-03-24,Monterey,053,433212,42492,42201,1766,43967,335
2021-03-24,Napa,055,140530,9372,9310,34,9344,78
2021-03-24,Nevada,057,99092,4279,4191,177,4368,85
2021-03-24,Orange,059,3164182,250748,248775,10696,259471,4638
2021-03-24,Placer,061,380077,21428,20606,1225,21831,250
2021-03-24,Plumas,063,18699,666,652,10,662,4
2021-03-24,Riverside,065,2383286,289075,282410,13685,296095,4058
2021-03-24,Sacramento,067,1510023,98336,96628,1406,98034,1500
2021-03-24,San Benito,069,59416,5856,5847,94,5941,61
2021-03-24,San Bernardino,071,2135413,288812,284983,8743,293726,4170
2021-03-24,San Diego,073,3302833,269964,268413,13399,281812,3509
2021-03-24,San Francisco,075,870044,35151,35103,1203,36306,462
2021-03-24,San Joaquin,077,732212,69378,67978,3108,71086,1196
2021-03-24,San Luis Obispo,079,281455,20337,20021,622,20643,250
2021-03-24,San Mateo,081,765935,40631,40083,430,40513,348
2021-03-24,Santa Barbara,083,443738,33454,32810,1155,33965,438
2021-03-24,Santa Clara,085,1922200,113714,113757,645,114402,1851
2021-03-24,Santa Cruz,087,273765,15765,15138,802,15940,202
2021-03-24,Shasta,089,179085,11271,11243,1334,12577,181
2021-03-24,Sierra,091,2930,55,50,12,62,0
2021-03-24,Siskiyou,093,43540,1564,1490,260,1750,6
2021-03-24,Solano,095,438530,30714,30552,407,30959,178
2021-03-24,Sonoma,097,501317,28969,29034,254,29288,310
2021-03-24,Stanislaus,099,539301,52798,52259,5572,57831,677
2021-03-24,Sutter,101,95872,9121,9049,81,9130,104
2021-03-24,Tehama,103,63373,4761,4719,510,5229,49
2021-03-24,Trinity,105,12862,475,310,85,395,3
2021-03-24,Tulare,107,460477,49189,48109,8597,56706,808
2021-03-24,Tuolumne,109,53932,3902,3961,36,3997,57
2021-03-24,Ventura,111,848112,79703,78993,2872,81865,944
2021-03-24,Yolo,113,214977,13282,13269,245,13514,194
2021-03-24,Yuba,115,75493,5699,5634,97,5731,42
2021-03-23,Alameda,001,1643700,83399,82799,1799,84598,1190
2021-03-23,Alpine,003,1148,85,84,0,84,0
2021-03-23,Amador,005,37829,3550,3524,32,3556,45
2021-03-23,Butte,007,227075,11633,11227,1668,12895,187
2021-03-23,Calaveras,009,45235,1990,1971,12,1983,50
2021-03-23,Colusa,011,21464,1890,1885,273,2158,14
2021-03-23,Contra Costa,013,1133247,65406,64491,1125,65616,750
2021-03-23,Del Norte,015,27424,1155,1082,7,1089,6
2021-03-23,El Dorado,017,186661,9394,9318,608,9926,105
2021-03-23,Fresno,019,978130,99454,98362,8222,106584,1575
2021-03-23,Glenn,021,27897,2334,2293,522,2815,17
2021-03-23,Humboldt,023,135768,3432,3405,24,3429,34
2021-03-23,Imperial,025,180216,27544,27320,2659,29979,699
2021-03-23,Inyo,027,18085,1370,1364,9,1373,35
2021-03-23,Kern,029,883053,95157,93728,10268,103996,1191
2021-03-23,Kings,031,150075,22752,22439,1027,23466,237
2021-03-23,Lake,033,64148,3336,3294,8,3302,43
2021-03-23,Lassen,035,31185,5137,5130,101,5231,1
2021-03-23,Los Angeles,037,10098052,1184558,1176572,40263,1216835,22904
2021-03-23,Madera,039,155013,16058,15908,880,16788,210
2021-03-23,Marin,041,260295,13593,13514,195,13709,221
2021-03-23,Mariposa,043,17540,391,384,5,389,5
2021-03-23,Mendocino,045,87422,3743,3652,69,3721,45
2021-03-23,Merced,047,269075,29649,29485,937,30422,415
2021-03-23,Modoc,049,8938,353,342,120,462,3
2021-03-23,Mono,051,14174,1226,1263,15,1278,3
2021-03-23,Monterey,053,433212,42481,42180,1764,43944,335
2021-03-23,Napa,055,140530,9347,9299,34,9333,78
2021-03-23,Nevada,057,99092,4260,4179,176,4355,89
2021-03-23,Orange,059,3164182,250622,248661,10678,259339,4626
2021-03-23,Placer,061,380077,21393,20567,1221,21788,248
2021-03-23,Plumas,063,18699,666,652,10,662,4
2021-03-23,Riverside,065,2383286,288975,282317,13678,295995,4035
2021-03-23,Sacramento,067,1510023,98144,96521,1400,97921,1496
2021-03-23,San Benito,069,59416,5851,5845,93,5938,61
2021-03-23,San Bernardino,071,2135413,288728,284875,8735,293610,4134
2021-03-23,San Diego,073,3302833,269719,268156,13367,281523,3498
2021-03-23,San Francisco,075,870044,35093,35071,1197,36268,462
2021-03-23,San Joaquin,077,732212,69282,67903,3090,70993,1182
2021-03-23,San Luis Obispo,079,281455,20297,20009,621,20630,250
2021-03-23,San Mateo,081,765935,40575,40032,429,40461,348
2021-03-23,Santa Barbara,083,443738,33416,32771,1154,33925,438
2021-03-23,Santa Clara,085,1922200,113598,113645,642,114287,1848
2021-03-23,Santa Cruz,087,273765,15750,15106,802,15908,201
2021-03-23,Shasta,089,179085,11258,11234,1333,12567,175
2021-03-23,Sierra,091,2930,55,50,12,62,0
2021-03-23,Siskiyou,093,43540,1559,1485,258,1743,6
2021-03-23,Solano,095,438530,30673,30524,406,30930,178
2021-03-23,Sonoma,097,501317,28932,29020,253,29273,310
2021-03-23,Stanislaus,099,539301,52699,52148,5564,57712,677
2021-03-23,Sutter,101,95872,9113,9039,81,9120,104
2021-03-23,Tehama,103,63373,4750,4707,509,5216,46
2021-03-23,Trinity,105,12862,475,310,85,395,3
2021-03-23,Tulare,107,460477,49162,48095,8580,56675,808
2021-03-23,Tuolumne,109,53932,3899,3957,36,3993,57
2021-03-23,Ventura,111,848112,79642,78930,2869,81799,932
2021-03-23,Yolo,113,214977,13271,13255,245,13500,194
2021-03-23,Yuba,115,75493,5694,5628,97,5725,42
2021-03-22,Alameda,001,1643700,83306,82748,1792,84540,1189
2021-03-22,Alpine,003,1148,84,83,0,83,0
2021-03-22,Amador,005,37829,3542,3522,32,3554,44
2021-03-22,Butte,007,227075,11624,11211,1666,12877,185
2021-03-22,Calaveras,009,45235,1986,1963,12,1975,49
2021-03-22,Colusa,011,21464,1888,1885,273,2158,13
2021-03-22,Contra Costa,013,1133247,65311,64432,1123,65555,740
2021-03-22,Del Norte,015,27424,1149,1082,7,1089,6
2021-03-22,El Dorado,017,186661,9378,9310,605,9915,105
2021-03-22,Fresno,019,978130,99356,98276,8209,106485,1556
2021-03-22,Glenn,021,27897,2326,2291,522,2813,17
2021-03-22,Humboldt,023,135768,3427,3403,24,3427,34
2021-03-22,Imperial,025,180216,27529,27302,2655,29957,699
2021-03-22,Inyo,027,18085,1367,1363,9,1372,35
2021-03-22,Kern,029,883053,95086,93675,10251,103926,1178
2021-03-22,Kings,031,150075,22739,22433,1022,23455,236
2021-03-22,Lake,033,64148,3335,3290,8,3298,43
2021-03-22,Lassen,035,31185,5135,5129,101,5230,1
2021-03-22,Los Angeles,037,10098052,1184047,1176205,40230,1216435,22843
2021-03-22,Madera,039,155013,16043,15904,880,16784,210
2021-03-22,Marin,041,260295,13584,13501,194,13695,221
2021-03-22,Mariposa,043,17540,390,381,5,386,5
2021-03-22,Mendocino,045,87422,3741,3653,69,3722,45
2021-03-22,Merced,047,269075,29606,29468,934,30402,413
2021-03-22,Modoc,049,8938,351,342,120,462,3
2021-03-22,Mono,051,14174,1221,1263,15,1278,3
2021-03-22,Monterey,053,433212,42464,42161,1762,43923,335
2021-03-22,Napa,055,140530,9336,9288,34,9322,77
2021-03-22,Nevada,057,99092,4249,4174,172,4346,89
2021-03-22,Orange,059,3164182,250471,248517,10644,259161,4599
2021-03-22,Placer,061,380077,21358,20543,1216,21759,242
2021-03-22,Plumas,063,18699,666,652,10,662,4
2021-03-22,Riverside,065,2383286,288875,282242,13667,295909,4009
2021-03-22,Sacramento,067,1510023,97966,96385,1390,97775,1493
2021-03-22,San Benito,069,59416,5848,5844,92,5936,61
2021-03-22,San Bernardino,071,2135413,288641,284771,8723,293494,4107
2021-03-22,San Diego,073,3302833,269507,267913,13347,281260,3494
2021-03-22,San Francisco,075,870044,35051,35040,1193,36233,462
2021-03-22,San Joaquin,077,732212,69190,67815,3072,70887,1182
2021-03-22,San Luis Obispo,079,281455,20273,20000,620,20620,250
2021-03-22,San Mateo,081,765935,40524,40024,428,40452,348
2021-03-22,Santa Barbara,083,443738,33370,32756,1152,33908,437
2021-03-22,Santa Clara,085,1922200,113478,113575,642,114217,1845
2021-03-22,Santa Cruz,087,273765,15738,15077,801,15878,201
2021-03-22,Shasta,089,179085,11244,11218,1332,12550,150
2021-03-22,Sierra,091,2930,55,50,12,62,0
2021-03-22,Siskiyou,093,43540,1558,1487,257,1744,5
2021-03-22,Solano,095,438530,30633,30490,402,30892,171
2021-03-22,Sonoma,097,501317,28903,29010,249,29259,310
2021-03-22,Stanislaus,099,539301,52615,52083,5559,57642,677
2021-03-22,Sutter,101,95872,9100,9024,81,9105,104
2021-03-22,Tehama,103,63373,4742,4704,509,5213,45
2021-03-22,Trinity,105,12862,475,310,85,395,3
2021-03-22,Tulare,107,460477,49147,48074,8560,56634,807
2021-03-22,Tuolumne,109,53932,3896,3954,36,3990,57
2021-03-22,Ventura,111,848112,79594,78890,2866,81756,927
2021-03-22,Yolo,113,214977,13259,13243,244,13487,190
2021-03-22,Yuba,115,75493,5683,5627,95,5722,42
2021-03-21,Alameda,001,1643700,83215,82684,1789,84473,1187
2021-03-21,Alpine,003,1148,84,83,0,83,0
2021-03-21,Amador,005,37829,3538,3519,32,3551,44
2021-03-21,Butte,007,227075,11608,11208,1661,12869,185
2021-03-21,Calaveras,009,45235,1981,1962,12,1974,49
2021-03-21,Colusa,011,21464,1888,1885,273,2158,13
2021-03-21,Contra Costa,013,1133247,65228,64382,1120,65502,740
2021-03-21,Del Norte,015,27424,1134,1076,7,1083,6
2021-03-21,El Dorado,017,186661,9368,9302,600,9902,105
2021-03-21,Fresno,019,978130,99241,98211,8185,106396,1556
2021-03-21,Glenn,021,27897,2323,2288,521,2809,17
2021-03-21,Humboldt,023,135768,3422,3402,24,3426,34
2021-03-21,Imperial,025,180216,27511,27267,2647,29914,699
2021-03-21,Inyo,027,18085,1367,1363,9,1372,35
2021-03-21,Kern,029,883053,95020,93649,10242,103891,1170
2021-03-21,Kings,031,150075,22722,22422,1021,23443,236
2021-03-21,Lake,033,64148,3331,3286,8,3294,43
2021-03-21,Lassen,035,31185,5135,5129,101,5230,1
2021-03-21,Los Angeles,037,10098052,1183516,1175684,40182,1215866,22834
2021-03-21,Madera,039,155013,16023,15895,878,16773,210
2021-03-21,Marin,041,260295,13568,13495,193,13688,220
2021-03-21,Mariposa,043,17540,390,381,5,386,5
2021-03-21,Mendocino,045,87422,3738,3651,69,3720,45
2021-03-21,Merced,047,269075,29546,29446,928,30374,413
2021-03-21,Modoc,049,8938,351,341,120,461,3
2021-03-21,Mono,051,14174,1216,1263,15,1278,3
2021-03-21,Monterey,053,433212,42439,42153,1759,43912,335
2021-03-21,Napa,055,140530,9316,9282,34,9316,77
2021-03-21,Nevada,057,99092,4236,4169,172,4341,89
2021-03-21,Orange,059,3164182,250337,248442,10618,259060,4598
2021-03-21,Placer,061,380077,21322,20520,1208,21728,242
2021-03-21,Plumas,063,18699,666,653,10,663,4
2021-03-21,Riverside,065,2383286,288768,282187,13656,295843,4009
2021-03-21,Sacramento,067,1510023,97771,96269,1383,97652,1489
2021-03-21,San Benito,069,59416,5842,5842,92,5934,61
2021-03-21,San Bernardino,071,2135413,288553,284732,8717,293449,4094
2021-03-21,San Diego,073,3302833,269247,267724,13321,281045,3494
2021-03-21,San Francisco,075,870044,35005,35012,1186,36198,460
2021-03-21,San Joaquin,077,732212,69068,67729,3054,70783,1182
2021-03-21,San Luis Obispo,079,281455,20241,19979,618,20597,250
2021-03-21,San Mateo,081,765935,40479,39988,427,40415,344
2021-03-21,Santa Barbara,083,443738,33330,32743,1151,33894,437
2021-03-21,Santa Clara,085,1922200,113349,113487,639,114126,1840
2021-03-21,Santa Cruz,087,273765,15731,15064,801,15865,199
2021-03-21,Shasta,089,179085,11224,11215,1331,12546,150
2021-03-21,Sierra,091,2930,55,50,12,62,0
2021-03-21,Siskiyou,093,43540,1558,1486,256,1742,5
2021-03-21,Solano,095,438530,30593,30474,399,30873,171
2021-03-21,Sonoma,097,501317,28874,28986,248,29234,310
2021-03-21,Stanislaus,099,539301,52525,52014,5557,57571,677
2021-03-21,Sutter,101,95872,9087,9021,81,9102,104
2021-03-21,Tehama,103,63373,4738,4701,509,5210,45
2021-03-21,Trinity,105,12862,473,310,85,395,3
2021-03-21,Tulare,107,460477,49131,48060,8548,56608,807
2021-03-21,Tuolumne,109,53932,3894,3953,36,3989,57
2021-03-21,Ventura,111,848112,79530,78863,2861,81724,927
2021-03-21,Yolo,113,214977,13238,13235,244,13479,190
2021-03-21,Yuba,115,75493,5673,5624,95,5719,42
2021-03-20,Alameda,001,1643700,83147,82614,1787,84401,1178
2021-03-20,Alpine,003,1148,84,83,0,83,0
2021-03-20,Amador,005,37829,3536,3518,32,3550,44
2021-03-20,Butte,007,227075,11602,11199,1659,12858,185
2021-03-20,Calaveras,009,45235,1977,1961,12,1973,49
2021-03-20,Colusa,011,21464,1888,1883,273,2156,12
2021-03-20,Contra Costa,013,1133247,65168,64313,1120,65433,713
2021-03-20,Del Norte,015,27424,1133,1075,7,1082,6
2021-03-20,El Dorado,017,186661,9362,9290,600,9890,105
2021-03-20,Fresno,019,978130,99180,98112,8178,106290,1532
2021-03-20,Glenn,021,27897,2322,2288,519,2807,17
2021-03-20,Humboldt,023,135768,3415,3399,24,3423,33
2021-03-20,Imperial,025,180216,27505,27239,2645,29884,695
2021-03-20,Inyo,027,18085,1367,1362,9,1371,35
2021-03-20,Kern,029,883053,94991,93606,10238,103844,1155
2021-03-20,Kings,031,150075,22717,22415,1020,23435,236
2021-03-20,Lake,033,64148,3327,3280,8,3288,43
2021-03-20,Lassen,035,31185,5135,5128,101,5229,1
2021-03-20,Los Angeles,037,10098052,1183216,1175290,40157,1215447,22810
2021-03-20,Madera,039,155013,16015,15891,877,16768,210
2021-03-20,Marin,041,260295,13556,13470,189,13659,220
2021-03-20,Mariposa,043,17540,389,381,5,386,5
2021-03-20,Mendocino,045,87422,3737,3639,69,3708,43
2021-03-20,Merced,047,269075,29515,29411,925,30336,412
2021-03-20,Modoc,049,8938,350,341,120,461,3
2021-03-20,Mono,051,14174,1216,1256,15,1271,3
2021-03-20,Monterey,053,433212,42430,42146,1758,43904,334
2021-03-20,Napa,055,140530,9308,9274,34,9308,77
2021-03-20,Nevada,057,99092,4225,4164,171,4335,89
2021-03-20,Orange,059,3164182,250256,248348,10606,258954,4522
2021-03-20,Placer,061,380077,21300,20505,1206,21711,242
2021-03-20,Plumas,063,18699,663,652,10,662,4
2021-03-20,Riverside,065,2383286,288693,282081,13652,295733,4000
2021-03-20,Sacramento,067,1510023,97660,96126,1380,97506,1488
2021-03-20,San Benito,069,59416,5838,5840,92,5932,61
2021-03-20,San Bernardino,071,2135413,288488,284690,8713,293403,3965
2021-03-20,San Diego,073,3302833,269076,267532,13314,280846,3493
2021-03-20,San Francisco,075,870044,34982,34968,1179,36147,453
2021-03-20,San Joaquin,077,732212,69027,67662,3047,70709,1161
2021-03-20,San Luis Obispo,079,281455,20225,19951,612,20563,250
2021-03-20,San Mateo,081,765935,40445,39958,426,40384,344
2021-03-20,Santa Barbara,083,443738,33306,32723,1150,33873,434
2021-03-20,Santa Clara,085,1922200,113257,113384,638,114022,1799
2021-03-20,Santa Cruz,087,273765,15715,15053,801,15854,199
2021-03-20,Shasta,089,179085,11218,11211,1331,12542,147
2021-03-20,Sierra,091,2930,55,50,12,62,0
2021-03-20,Siskiyou,093,43540,1558,1483,256,1739,5
2021-03-20,Solano,095,438530,30563,30439,399,30838,170
2021-03-20,Sonoma,097,501317,28859,28962,248,29210,309
2021-03-20,Stanislaus,099,539301,52469,51925,5550,57475,673
2021-03-20,Sutter,101,95872,9079,9014,81,9095,103
2021-03-20,Tehama,103,63373,4733,4696,507,5203,33
2021-03-20,Trinity,105,12862,472,310,85,395,3
2021-03-20,Tulare,107,460477,49116,48030,8531,56561,804
2021-03-20,Tuolumne,109,53932,3891,3950,36,3986,57
2021-03-20,Ventura,111,848112,79493,78818,2859,81677,922
2021-03-20,Yolo,113,214977,13234,13226,244,13470,190
2021-03-20,Yuba,115,75493,5670,5621,94,5715,42
2021-03-19,Alameda,001,1643700,83075,82499,1786,84285,1187
2021-03-19,Alpine,003,1148,83,82,0,82,0
2021-03-19,Amador,005,37829,3533,3515,32,3547,44
2021-03-19,Butte,007,227075,11594,11191,1656,12847,185
2021-03-19,Calaveras,009,45235,1976,1957,12,1969,49
2021-03-19,Colusa,011,21464,1887,1883,273,2156,12
2021-03-19,Contra Costa,013,1133247,65109,64195,1117,65312,737
2021-03-19,Del Norte,015,27424,1127,1071,5,1076,6
2021-03-19,El Dorado,017,186661,9353,9274,600,9874,105
2021-03-19,Fresno,019,978130,99096,97969,8164,106133,1527
2021-03-19,Glenn,021,27897,2322,2282,519,2801,17
2021-03-19,Humboldt,023,135768,3406,3388,24,3412,33
2021-03-19,Imperial,025,180216,27493,27218,2641,29859,695
2021-03-19,Inyo,027,18085,1365,1356,9,1365,35
2021-03-19,Kern,029,883053,94958,93534,10225,103759,1152
2021-03-19,Kings,031,150075,22708,22369,1017,23386,235
2021-03-19,Lake,033,64148,3321,3262,8,3270,43
2021-03-19,Lassen,035,31185,5135,5126,101,5227,1
2021-03-19,Los Angeles,037,10098052,1182881,1174818,40141,1214959,22752
2021-03-19,Madera,039,155013,16008,15877,876,16753,210
2021-03-19,Marin,041,260295,13544,13441,189,13630,220
2021-03-19,Mariposa,043,17540,388,380,5,385,5
2021-03-19,Mendocino,045,87422,3736,3639,69,3708,45
2021-03-19,Merced,047,269075,29486,29376,924,30300,412
2021-03-19,Modoc,049,8938,350,341,120,461,3
2021-03-19,Mono,051,14174,1214,1244,15,1259,3
2021-03-19,Monterey,053,433212,42421,42125,1756,43881,335
2021-03-19,Napa,055,140530,9296,9256,34,9290,77
2021-03-19,Nevada,057,99092,4214,4156,171,4327,88
2021-03-19,Orange,059,3164182,250156,248146,10595,258741,4501
2021-03-19,Placer,061,380077,21282,20451,1204,21655,242
2021-03-19,Plumas,063,18699,663,650,10,660,4
2021-03-19,Riverside,065,2383286,288610,281937,13647,295584,3989
2021-03-19,Sacramento,067,1510023,97558,95934,1377,97311,1486
2021-03-19,San Benito,069,59416,5838,5845,92,5937,61
2021-03-19,San Bernardino,071,2135413,288416,284501,8711,293212,4017
2021-03-19,San Diego,073,3302833,268941,267173,13304,280477,3491
2021-03-19,San Francisco,075,870044,34937,34936,1176,36112,461
2021-03-19,San Joaquin,077,732212,68957,67515,3033,70548,1180
2021-03-19,San Luis Obispo,079,281455,20205,19913,610,20523,249
2021-03-19,San Mateo,081,765935,40421,39893,426,40319,344
2021-03-19,Santa Barbara,083,443738,33277,32685,1149,33834,435
2021-03-19,Santa Clara,085,1922200,113182,113232,637,113869,1797
2021-03-19,Santa Cruz,087,273765,15708,15026,801,15827,199
2021-03-19,Shasta,089,179085,11211,11104,1329,12433,103
2021-03-19,Sierra,091,2930,54,49,12,61,0
2021-03-19,Siskiyou,093,43540,1558,1480,255,1735,5
2021-03-19,Solano,095,438530,30533,30395,397,30792,172
2021-03-19,Sonoma,097,501317,28838,28932,246,29178,292
2021-03-19,Stanislaus,099,539301,52411,51755,5547,57302,679
2021-03-19,Sutter,101,95872,9077,9005,81,9086,103
2021-03-19,Tehama,103,63373,4725,4685,507,5192,33
2021-03-19,Trinity,105,12862,472,310,85,395,3
2021-03-19,Tulare,107,460477,49093,47989,8508,56497,805
2021-03-19,Tuolumne,109,53932,3888,3946,36,3982,57
2021-03-19,Ventura,111,848112,79455,78753,2855,81608,920
2021-03-19,Yolo,113,214977,13226,13197,244,13441,189
2021-03-19,Yuba,115,75493,5667,5615,93,5708,42
2021-03-18,Alameda,001,1643700,82994,82419,1783,84202,1189
2021-03-18,Alpine,003,1148,83,82,0,82,0
2021-03-18,Amador,005,37829,3529,3513,32,3545,44
2021-03-18,Butte,007,227075,11583,11179,1654,12833,185
2021-03-18,Calaveras,009,45235,1974,1954,12,1966,49
2021-03-18,Colusa,011,21464,1887,1882,273,2155,12
2021-03-18,Contra Costa,013,1133247,65036,64103,1114,65217,739
2021-03-18,Del Norte,015,27424,1118,1059,5,1064,6
2021-03-18,El Dorado,017,186661,9340,9261,599,9860,105
2021-03-18,Fresno,019,978130,98999,97856,8149,106005,1527
2021-03-18,Glenn,021,27897,2318,2275,518,2793,17
2021-03-18,Humboldt,023,135768,3398,3381,24,3405,34
2021-03-18,Imperial,025,180216,27477,27190,2635,29825,695
2021-03-18,Inyo,027,18085,1362,1354,9,1363,35
2021-03-18,Kern,029,883053,94901,93458,10211,103669,1158
2021-03-18,Kings,031,150075,22701,22354,1016,23370,235
2021-03-18,Lake,033,64148,3318,3260,8,3268,43
2021-03-18,Lassen,035,31185,5134,5126,101,5227,1
2021-03-18,Los Angeles,037,10098052,1182450,1174205,40112,1214317,22689
2021-03-18,Madera,039,155013,15996,15860,873,16733,211
2021-03-18,Marin,041,260295,13526,13435,188,13623,219
2021-03-18,Mariposa,043,17540,386,380,5,385,5
2021-03-18,Mendocino,045,87422,3726,3630,69,3699,45
2021-03-18,Merced,047,269075,29451,29317,924,30241,410
2021-03-18,Modoc,049,8938,350,341,120,461,3
2021-03-18,Mono,051,14174,1210,1215,15,1230,3
2021-03-18,Monterey,053,433212,42408,42105,1756,43861,335
2021-03-18,Napa,055,140530,9287,9243,34,9277,77
2021-03-18,Nevada,057,99092,4207,4154,171,4325,74
2021-03-18,Orange,059,3164182,250052,248050,10583,258633,4514
2021-03-18,Placer,061,380077,21249,20421,1201,21622,243
2021-03-18,Plumas,063,18699,661,648,10,658,4
2021-03-18,Riverside,065,2383286,288529,281789,13640,295429,3957
2021-03-18,Sacramento,067,1510023,97410,95819,1373,97192,1481
2021-03-18,San Benito,069,59416,5836,5842,92,5934,61
2021-03-18,San Bernardino,071,2135413,288335,284294,8681,292975,4076
2021-03-18,San Diego,073,3302833,268789,266752,13294,280046,3478
2021-03-18,San Francisco,075,870044,34898,34904,1175,36079,461
2021-03-18,San Joaquin,077,732212,68857,67301,3021,70322,1169
2021-03-18,San Luis Obispo,079,281455,20176,19894,609,20503,249
2021-03-18,San Mateo,081,765935,40380,39874,426,40300,344
2021-03-18,Santa Barbara,083,443738,33235,32640,1149,33789,434
2021-03-18,Santa Clara,085,1922200,113065,113119,633,113752,1808
2021-03-18,Santa Cruz,087,273765,15698,14998,801,15799,198
2021-03-18,Shasta,089,179085,11197,11059,1327,12386,100
2021-03-18,Sierra,091,2930,54,49,12,61,0
2021-03-18,Siskiyou,093,43540,1555,1480,254,1734,5
2021-03-18,Solano,095,438530,30491,30352,394,30746,172
2021-03-18,Sonoma,097,501317,28816,28915,244,29159,292
2021-03-18,Stanislaus,099,539301,52339,51615,5543,57158,682
2021-03-18,Sutter,101,95872,9065,8999,81,9080,103
2021-03-18,Tehama,103,63373,4719,4683,506,5189,35
2021-03-18,Trinity,105,12862,472,310,85,395,3
2021-03-18,Tulare,107,460477,49074,47964,8493,56457,805
2021-03-18,Tuolumne,109,53932,3888,3942,36,3978,57
2021-03-18,Ventura,111,848112,79398,78697,2855,81552,918
2021-03-18,Yolo,113,214977,13213,13183,244,13427,191
2021-03-18,Yuba,115,75493,5663,5612,93,5705,42
2021-03-17,Alameda,001,1643700,82918,82353,1778,84131,1185
2021-03-17,Alpine,003,1148,83,82,0,82,0
2021-03-17,Amador,005,37829,3527,3511,32,3543,44
2021-03-17,Butte,007,227075,11574,11170,1652,12822,185
2021-03-17,Calaveras,009,45235,1971,1946,12,1958,49
2021-03-17,Colusa,011,21464,1886,1882,273,2155,12
2021-03-17,Contra Costa,013,1133247,64967,64026,1113,65139,737
2021-03-17,Del Norte,015,27424,1114,1053,5,1058,6
2021-03-17,El Dorado,017,186661,9330,9252,599,9851,105
2021-03-17,Fresno,019,978130,98888,97727,8131,105858,1507
2021-03-17,Glenn,021,27897,2311,2269,517,2786,17
2021-03-17,Humboldt,023,135768,3390,3365,24,3389,33
2021-03-17,Imperial,025,180216,27461,27168,2633,29801,691
2021-03-17,Inyo,027,18085,1360,1351,9,1360,35
2021-03-17,Kern,029,883053,94845,93392,10198,103590,1149
2021-03-17,Kings,031,150075,22685,22336,1015,23351,233
2021-03-17,Lake,033,64148,3311,3251,8,3259,43
2021-03-17,Lassen,035,31185,5133,5125,101,5226,1
2021-03-17,Los Angeles,037,10098052,1181997,1173416,40079,1213495,22602
2021-03-17,Madera,039,155013,15989,15835,873,16708,214
2021-03-17,Marin,041,260295,13508,13428,187,13615,218
2021-03-17,Mariposa,043,17540,386,379,5,384,5
2021-03-17,Mendocino,045,87422,3722,3625,69,3694,44
2021-03-17,Merced,047,269075,29423,29250,920,30170,408
2021-03-17,Modoc,049,8938,350,341,120,461,3
2021-03-17,Mono,051,14174,1208,1212,15,1227,3
2021-03-17,Monterey,053,433212,42389,42061,1753,43814,334
2021-03-17,Napa,055,140530,9272,9219,34,9253,76
2021-03-17,Nevada,057,99092,4197,4145,171,4316,74
2021-03-17,Orange,059,3164182,249932,247943,10555,258498,4502
2021-03-17,Placer,061,380077,21222,20369,1199,21568,243
2021-03-17,Plumas,063,18699,660,645,10,655,4
2021-03-17,Riverside,065,2383286,288414,281649,13632,295281,3925
2021-03-17,Sacramento,067,1510023,97282,95650,1368,97018,1477
2021-03-17,San Benito,069,59416,5833,5841,92,5933,61
2021-03-17,San Bernardino,071,2135413,288218,284170,8676,292846,4049
2021-03-17,San Diego,073,3302833,268578,266313,13276,279589,3470
2021-03-17,San Francisco,075,870044,34863,34873,1174,36047,457
2021-03-17,San Joaquin,077,732212,68772,67093,3005,70098,1164
2021-03-17,San Luis Obispo,079,281455,20153,19858,605,20463,249
2021-03-17,San Mateo,081,765935,40350,39838,425,40263,344
2021-03-17,Santa Barbara,083,443738,33215,32585,1148,33733,433
2021-03-17,Santa Clara,085,1922200,112972,112983,632,113615,1805
2021-03-17,Santa Cruz,087,273765,15690,14967,801,15768,199
2021-03-17,Shasta,089,179085,11192,11045,1324,12369,100
2021-03-17,Sierra,091,2930,54,49,12,61,0
2021-03-17,Siskiyou,093,43540,1554,1479,252,1731,5
2021-03-17,Solano,095,438530,30465,30320,392,30712,171
2021-03-17,Sonoma,097,501317,28792,28877,243,29120,292
2021-03-17,Stanislaus,099,539301,52264,51524,5536,57060,682
2021-03-17,Sutter,101,95872,9055,8982,81,9063,103
2021-03-17,Tehama,103,63373,4713,4670,506,5176,34
2021-03-17,Trinity,105,12862,472,308,85,393,3
2021-03-17,Tulare,107,460477,49054,47929,8483,56412,805
2021-03-17,Tuolumne,109,53932,3885,3938,36,3974,57
2021-03-17,Ventura,111,848112,79343,78648,2852,81500,916
2021-03-17,Yolo,113,214977,13196,13169,244,13413,190
2021-03-17,Yuba,115,75493,5660,5603,93,5696,42
2021-03-16,Alameda,001,1643700,82806,82259,1776,84035,1177
2021-03-16,Alpine,003,1148,83,82,0,82,0
2021-03-16,Amador,005,37829,3525,3510,32,3542,44
2021-03-16,Butte,007,227075,11562,11154,1651,12805,184
2021-03-16,Calaveras,009,45235,1966,1945,12,1957,49
2021-03-16,Colusa,011,21464,1885,1882,273,2155,12
2021-03-16,Contra Costa,013,1133247,64884,63951,1110,65061,736
2021-03-16,Del Norte,015,27424,1106,1048,5,1053,6
2021-03-16,El Dorado,017,186661,9314,9249,599,9848,105
2021-03-16,Fresno,019,978130,98750,97638,8109,105747,1498
2021-03-16,Glenn,021,27897,2303,2267,513,2780,17
2021-03-16,Humboldt,023,135768,3386,3351,24,3375,33
2021-03-16,Imperial,025,180216,27450,27143,2631,29774,689
2021-03-16,Inyo,027,18085,1359,1346,9,1355,35
2021-03-16,Kern,029,883053,94779,93340,10183,103523,1144
2021-03-16,Kings,031,150075,22649,22320,1014,23334,233
2021-03-16,Lake,033,64148,3303,3246,8,3254,43
2021-03-16,Lassen,035,31185,5132,5126,101,5227,1
2021-03-16,Los Angeles,037,10098052,1181465,1172676,40041,1212717,22527
2021-03-16,Madera,039,155013,15973,15822,871,16693,214
2021-03-16,Marin,041,260295,13490,13419,187,13606,218
2021-03-16,Mariposa,043,17540,383,379,5,384,5
2021-03-16,Mendocino,045,87422,3717,3623,69,3692,44
2021-03-16,Merced,047,269075,29370,29198,919,30117,407
2021-03-16,Modoc,049,8938,350,341,120,461,3
2021-03-16,Mono,051,14174,1207,1207,15,1222,3
2021-03-16,Monterey,053,433212,42370,42023,1753,43776,334
2021-03-16,Napa,055,140530,9262,9209,34,9243,75
2021-03-16,Nevada,057,99092,4188,4132,170,4302,67
2021-03-16,Orange,059,3164182,249794,247843,10536,258379,4479
2021-03-16,Placer,061,380077,21188,20339,1195,21534,240
2021-03-16,Plumas,063,18699,659,643,10,653,4
2021-03-16,Riverside,065,2383286,288300,281540,13619,295159,3893
2021-03-16,Sacramento,067,1510023,97139,95522,1364,96886,1466
2021-03-16,San Benito,069,59416,5828,5831,92,5923,61
2021-03-16,San Bernardino,071,2135413,288088,283980,8669,292649,4032
2021-03-16,San Diego,073,3302833,268346,265903,13263,279166,3462
2021-03-16,San Francisco,075,870044,34834,34833,1169,36002,456
2021-03-16,San Joaquin,077,732212,68670,66856,2992,69848,1163
2021-03-16,San Luis Obispo,079,281455,20124,19832,603,20435,248
2021-03-16,San Mateo,081,765935,40316,39806,423,40229,344
2021-03-16,Santa Barbara,083,443738,33183,32556,1147,33703,433
2021-03-16,Santa Clara,085,1922200,112854,112845,629,113474,1797
2021-03-16,Santa Cruz,087,273765,15684,14926,801,15727,199
2021-03-16,Shasta,089,179085,11176,11035,1321,12356,100
2021-03-16,Sierra,091,2930,53,49,12,61,0
2021-03-16,Siskiyou,093,43540,1550,1477,252,1729,5
2021-03-16,Solano,095,438530,30431,30298,390,30688,171
2021-03-16,Sonoma,097,501317,28760,28850,241,29091,291
2021-03-16,Stanislaus,099,539301,52184,51410,5529,56939,683
2021-03-16,Sutter,101,95872,9047,8970,81,9051,102
2021-03-16,Tehama,103,63373,4709,4660,505,5165,34
2021-03-16,Trinity,105,12862,472,308,84,392,3
2021-03-16,Tulare,107,460477,49007,47895,8475,56370,803
2021-03-16,Tuolumne,109,53932,3882,3938,36,3974,57
2021-03-16,Ventura,111,848112,79276,78671,2845,81516,916
2021-03-16,Yolo,113,214977,13181,13162,244,13406,190
2021-03-16,Yuba,115,75493,5657,5596,92,5688,42
2021-03-15,Alameda,001,1643700,82718,82159,1776,83935,1167
2021-03-15,Alpine,003,1148,83,82,0,82,0
2021-03-15,Amador,005,37829,3524,3506,32,3538,44
2021-03-15,Butte,007,227075,11549,11141,1647,12788,185
2021-03-15,Calaveras,009,45235,1965,1941,12,1953,49
2021-03-15,Colusa,011,21464,1885,1883,273,2156,12
2021-03-15,Contra Costa,013,1133247,64822,63847,1109,64956,732
2021-03-15,Del Norte,015,27424,1103,1048,5,1053,6
2021-03-15,El Dorado,017,186661,9308,9235,598,9833,103
2021-03-15,Fresno,019,978130,98623,97520,8094,105614,1496
2021-03-15,Glenn,021,27897,2298,2261,510,2771,15
2021-03-15,Humboldt,023,135768,3380,3337,24,3361,32
2021-03-15,Imperial,025,180216,27429,27122,2629,29751,684
2021-03-15,Inyo,027,18085,1359,1346,9,1355,35
2021-03-15,Kern,029,883053,94719,93266,10176,103442,1141
2021-03-15,Kings,031,150075,22632,22294,1009,23303,233
2021-03-15,Lake,033,64148,3291,3237,8,3245,43
2021-03-15,Lassen,035,31185,5132,5125,101,5226,1
2021-03-15,Los Angeles,037,10098052,1180896,1172445,40006,1212451,22477
2021-03-15,Madera,039,155013,15962,15806,869,16675,214
2021-03-15,Marin,041,260295,13484,13408,186,13594,218
2021-03-15,Mariposa,043,17540,383,376,5,381,5
2021-03-15,Mendocino,045,87422,3713,3615,69,3684,44
2021-03-15,Merced,047,269075,29330,29169,918,30087,407
2021-03-15,Modoc,049,8938,350,340,120,460,3
2021-03-15,Mono,051,14174,1206,1206,15,1221,3
2021-03-15,Monterey,053,433212,42342,42011,1750,43761,333
2021-03-15,Napa,055,140530,9251,9196,34,9230,75
2021-03-15,Nevada,057,99092,4183,4123,169,4292,66
2021-03-15,Orange,059,3164182,249681,247697,10515,258212,4481
2021-03-15,Placer,061,380077,21165,20308,1195,21503,238
2021-03-15,Plumas,063,18699,659,642,10,652,4
2021-03-15,Riverside,065,2383286,288147,281367,13609,294976,3856
2021-03-15,Sacramento,067,1510023,96986,95414,1358,96772,1463
2021-03-15,San Benito,069,59416,5825,5831,92,5923,61
2021-03-15,San Bernardino,071,2135413,287995,283815,8661,292476,4004
2021-03-15,San Diego,073,3302833,268096,265646,13247,278893,3452
2021-03-15,San Francisco,075,870044,34799,34820,1165,35985,456
2021-03-15,San Joaquin,077,732212,68566,66622,2979,69601,1140
2021-03-15,San Luis Obispo,079,281455,20093,19813,599,20412,247
2021-03-15,San Mateo,081,765935,40262,39765,423,40188,344
2021-03-15,Santa Barbara,083,443738,33161,32529,1144,33673,431
2021-03-15,Santa Clara,085,1922200,112751,112729,627,113356,1798
2021-03-15,Santa Cruz,087,273765,15678,14899,799,15698,200
2021-03-15,Shasta,089,179085,11160,11019,1316,12335,92
2021-03-15,Sierra,091,2930,53,49,12,61,0
2021-03-15,Siskiyou,093,43540,1550,1475,252,1727,5
2021-03-15,Solano,095,438530,30402,30258,389,30647,171
2021-03-15,Sonoma,097,501317,28742,28814,238,29052,285
2021-03-15,Stanislaus,099,539301,52106,51357,5522,56879,683
2021-03-15,Sutter,101,95872,9041,8962,81,9043,102
2021-03-15,Tehama,103,63373,4699,4650,504,5154,34
2021-03-15,Trinity,105,12862,472,308,84,392,3
2021-03-15,Tulare,107,460477,48977,47857,8460,56317,800
2021-03-15,Tuolumne,109,53932,3880,3937,35,3972,57
2021-03-15,Ventura,111,848112,79222,78626,2844,81470,910
2021-03-15,Yolo,113,214977,13162,13131,242,13373,190
2021-03-15,Yuba,115,75493,5652,5585,91,5676,42
2021-03-14,Alameda,001,1643700,82632,82116,1773,83889,1168
2021-03-14,Alpine,003,1148,83,82,0,82,0
2021-03-14,Amador,005,37829,3519,3504,32,3536,44
2021-03-14,Butte,007,227075,11536,11140,1643,12783,185
2021-03-14,Calaveras,009,45235,1961,1939,12,1951,49
2021-03-14,Colusa,011,21464,1885,1883,273,2156,12
2021-03-14,Contra Costa,013,1133247,64716,63808,1108,64916,731
2021-03-14,Del Norte,015,27424,1089,1048,5,1053,6
2021-03-14,El Dorado,017,186661,9298,9231,598,9829,103
2021-03-14,Fresno,019,978130,98515,97461,8076,105537,1496
2021-03-14,Glenn,021,27897,2293,2260,507,2767,15
2021-03-14,Humboldt,023,135768,3366,3335,24,3359,32
2021-03-14,Imperial,025,180216,27411,27122,2625,29747,685
2021-03-14,Inyo,027,18085,1355,1346,9,1355,35
2021-03-14,Kern,029,883053,94636,93252,10158,103410,1141
2021-03-14,Kings,031,150075,22613,22292,1007,23299,232
2021-03-14,Lake,033,64148,3286,3237,8,3245,43
2021-03-14,Lassen,035,31185,5130,5125,101,5226,1
2021-03-14,Los Angeles,037,10098052,1180326,1172100,39970,1212070,22476
2021-03-14,Madera,039,155013,15937,15804,869,16673,214
2021-03-14,Marin,041,260295,13468,13405,184,13589,218
2021-03-14,Mariposa,043,17540,381,376,5,381,5
2021-03-14,Mendocino,045,87422,3708,3613,69,3682,44
2021-03-14,Merced,047,269075,29262,29149,914,30063,407
2021-03-14,Modoc,049,8938,350,340,120,460,3
2021-03-14,Mono,051,14174,1200,1206,15,1221,3
2021-03-14,Monterey,053,433212,42320,42007,1746,43753,333
2021-03-14,Napa,055,140530,9233,9194,34,9228,75
2021-03-14,Nevada,057,99092,4177,4122,167,4289,66
2021-03-14,Orange,059,3164182,249550,247656,10495,258151,4460
2021-03-14,Placer,061,380077,21131,20288,1187,21475,238
2021-03-14,Plumas,063,18699,657,642,10,652,4
2021-03-14,Riverside,065,2383286,287989,281332,13601,294933,3845
2021-03-14,Sacramento,067,1510023,96808,95343,1353,96696,1462
2021-03-14,San Benito,069,59416,5816,5829,92,5921,61
2021-03-14,San Bernardino,071,2135413,287871,283791,8650,292441,3996
2021-03-14,San Diego,073,3302833,267861,265468,13234,278702,3452
2021-03-14,San Francisco,075,870044,34760,34810,1162,35972,455
2021-03-14,San Joaquin,077,732212,68438,66563,2962,69525,1140
2021-03-14,San Luis Obispo,079,281455,20064,19806,597,20403,247
2021-03-14,San Mateo,081,765935,40223,39744,423,40167,342
2021-03-14,Santa Barbara,083,443738,33117,32514,1142,33656,431
2021-03-14,Santa Clara,085,1922200,112623,112648,626,113274,1796
2021-03-14,Santa Cruz,087,273765,15661,14887,797,15684,200
2021-03-14,Shasta,089,179085,11144,11019,1309,12328,92
2021-03-14,Sierra,091,2930,53,49,12,61,0
2021-03-14,Siskiyou,093,43540,1546,1473,251,1724,5
2021-03-14,Solano,095,438530,30370,30230,384,30614,171
2021-03-14,Sonoma,097,501317,28708,28798,234,29032,284
2021-03-14,Stanislaus,099,539301,51985,51306,5514,56820,690
2021-03-14,Sutter,101,95872,9025,8958,81,9039,102
2021-03-14,Tehama,103,63373,4687,4650,503,5153,34
2021-03-14,Trinity,105,12862,471,308,83,391,3
2021-03-14,Tulare,107,460477,48944,47845,8439,56284,800
2021-03-14,Tuolumne,109,53932,3878,3937,35,3972,57
2021-03-14,Ventura,111,848112,79169,78611,2838,81449,910
2021-03-14,Yolo,113,214977,13140,13128,238,13366,189
2021-03-14,Yuba,115,75493,5642,5583,91,5674,42
2021-03-13,Alameda,001,1643700,82572,82010,1773,83783,1168
2021-03-13,Alpine,003,1148,83,82,0,82,0
2021-03-13,Amador,005,37829,3516,3504,32,3536,44
2021-03-13,Butte,007,227075,11527,11131,1642,12773,185
2021-03-13,Calaveras,009,45235,1961,1939,12,1951,49
2021-03-13,Colusa,011,21464,1885,1882,273,2155,12
2021-03-13,Contra Costa,013,1133247,64655,63689,1108,64797,731
2021-03-13,Del Norte,015,27424,1085,1041,5,1046,6
2021-03-13,El Dorado,017,186661,9290,9221,598,9819,103
2021-03-13,Fresno,019,978130,98456,97324,8056,105380,1495
2021-03-13,Glenn,021,27897,2292,2260,506,2766,15
2021-03-13,Humboldt,023,135768,3359,3325,24,3349,32
2021-03-13,Imperial,025,180216,27406,27099,2620,29719,677
2021-03-13,Inyo,027,18085,1354,1344,9,1353,35
2021-03-13,Kern,029,883053,94597,93197,10152,103349,1140
2021-03-13,Kings,031,150075,22597,22265,1006,23271,232
2021-03-13,Lake,033,64148,3279,3234,7,3241,43
2021-03-13,Lassen,035,31185,5130,5125,101,5226,1
2021-03-13,Los Angeles,037,10098052,1180010,1171505,39927,1211432,22451
2021-03-13,Madera,039,155013,15925,15780,869,16649,214
2021-03-13,Marin,041,260295,13462,13391,182,13573,218
2021-03-13,Mariposa,043,17540,380,376,5,381,5
2021-03-13,Mendocino,045,87422,3704,3611,69,3680,44
2021-03-13,Merced,047,269075,29231,29106,914,30020,406
2021-03-13,Modoc,049,8938,350,340,119,459,3
2021-03-13,Mono,051,14174,1200,1207,15,1222,3
2021-03-13,Monterey,053,433212,42310,41989,1744,43733,332
2021-03-13,Napa,055,140530,9227,9190,34,9224,75
2021-03-13,Nevada,057,99092,4170,4111,166,4277,66
2021-03-13,Orange,059,3164182,249469,247514,10479,257993,4423
2021-03-13,Placer,061,380077,21110,20238,1184,21422,239
2021-03-13,Plumas,063,18699,655,642,10,652,4
2021-03-13,Riverside,065,2383286,287897,281191,13593,294784,3848
2021-03-13,Sacramento,067,1510023,96722,95192,1351,96543,1461
2021-03-13,San Benito,069,59416,5813,5823,92,5915,61
2021-03-13,San Bernardino,071,2135413,287818,283727,8644,292371,3972
2021-03-13,San Diego,073,3302833,267706,265270,13220,278490,3444
2021-03-13,San Francisco,075,870044,34743,34784,1153,35937,455
2021-03-13,San Joaquin,077,732212,68382,66480,2940,69420,1141
2021-03-13,San Luis Obispo,079,281455,20046,19789,596,20385,247
2021-03-13,San Mateo,081,765935,40196,39689,422,40111,341
2021-03-13,Santa Barbara,083,443738,33092,32486,1141,33627,431
2021-03-13,Santa Clara,085,1922200,112538,112531,625,113156,1790
2021-03-13,Santa Cruz,087,273765,15654,14875,797,15672,199
2021-03-13,Shasta,089,179085,11136,11021,1306,12327,108
2021-03-13,Sierra,091,2930,52,49,12,61,0
2021-03-13,Siskiyou,093,43540,1545,1470,251,1721,5
2021-03-13,Solano,095,438530,30353,30198,384,30582,171
2021-03-13,Sonoma,097,501317,28688,28762,230,28992,285
2021-03-13,Stanislaus,099,539301,51934,51257,5509,56766,695
2021-03-13,Sutter,101,95872,9018,8948,81,9029,102
2021-03-13,Tehama,103,63373,4685,4647,503,5150,33
2021-03-13,Trinity,105,12862,471,306,83,389,3
2021-03-13,Tulare,107,460477,48918,47818,8431,56249,798
2021-03-13,Tuolumne,109,53932,3875,3937,35,3972,57
2021-03-13,Ventura,111,848112,79120,78693,2838,81531,906
2021-03-13,Yolo,113,214977,13132,13087,237,13324,189
2021-03-13,Yuba,115,75493,5641,5577,91,5668,42
2021-03-12,Alameda,001,1643700,82496,81898,1772,83670,1164
2021-03-12,Alpine,003,1148,83,82,0,82,0
2021-03-12,Amador,005,37829,3513,3503,32,3535,44
2021-03-12,Butte,007,227075,11517,11126,1640,12766,184
2021-03-12,Calaveras,009,45235,1959,1916,12,1928,49
2021-03-12,Colusa,011,21464,1885,1883,273,2156,12
2021-03-12,Contra Costa,013,1133247,64579,63583,1108,64691,728
2021-03-12,Del Norte,015,27424,1079,1033,5,1038,6
2021-03-12,El Dorado,017,186661,9281,9219,598,9817,103
2021-03-12,Fresno,019,978130,98359,97185,8045,105230,1489
2021-03-12,Glenn,021,27897,2291,2258,505,2763,15
2021-03-12,Humboldt,023,135768,3354,3315,24,3339,32
2021-03-12,Imperial,025,180216,27395,27071,2618,29689,677
2021-03-12,Inyo,027,18085,1352,1339,9,1348,35
2021-03-12,Kern,029,883053,94563,93142,10136,103278,1132
2021-03-12,Kings,031,150075,22578,22233,1006,23239,232
2021-03-12,Lake,033,64148,3273,3226,6,3232,43
2021-03-12,Lassen,035,31185,5130,5125,100,5225,1
2021-03-12,Los Angeles,037,10098052,1179611,1170860,39910,1210770,22409
2021-03-12,Madera,039,155013,15913,15761,866,16627,214
2021-03-12,Marin,041,260295,13455,13375,182,13557,218
2021-03-12,Mariposa,043,17540,378,376,5,381,5
2021-03-12,Mendocino,045,87422,3701,3605,69,3674,43
2021-03-12,Merced,047,269075,29200,29064,914,29978,403
2021-03-12,Modoc,049,8938,350,340,119,459,3
2021-03-12,Mono,051,14174,1199,1206,15,1221,3
2021-03-12,Monterey,053,433212,42296,41964,1739,43703,329
2021-03-12,Napa,055,140530,9218,9180,34,9214,75
2021-03-12,Nevada,057,99092,4160,4101,166,4267,66
2021-03-12,Orange,059,3164182,249376,247388,10468,257856,4401
2021-03-12,Placer,061,380077,21077,20210,1179,21389,239
2021-03-12,Plumas,063,18699,654,641,10,651,4
2021-03-12,Riverside,065,2383286,287798,281037,13585,294622,3854
2021-03-12,Sacramento,067,1510023,96598,95061,1344,96405,1460
2021-03-12,San Benito,069,59416,5810,5817,92,5909,61
2021-03-12,San Bernardino,071,2135413,287761,283558,8639,292197,3917
2021-03-12,San Diego,073,3302833,267543,264886,13212,278098,3434
2021-03-12,San Francisco,075,870044,34722,34758,1150,35908,452
2021-03-12,San Joaquin,077,732212,68311,66482,2931,69413,1144
2021-03-12,San Luis Obispo,079,281455,20032,19769,594,20363,247
2021-03-12,San Mateo,081,765935,40160,39638,420,40058,341
2021-03-12,Santa Barbara,083,443738,33069,32457,1138,33595,429
2021-03-12,Santa Clara,085,1922200,112443,112396,624,113020,1766
2021-03-12,Santa Cruz,087,273765,15642,14846,795,15641,195
2021-03-12,Shasta,089,179085,11127,11143,1304,12447,153
2021-03-12,Sierra,091,2930,52,49,12,61,0
2021-03-12,Siskiyou,093,43540,1545,1468,250,1718,5
2021-03-12,Solano,095,438530,30334,30180,383,30563,171
2021-03-12,Sonoma,097,501317,28661,28714,230,28944,285
2021-03-12,Stanislaus,099,539301,51876,51146,5502,56648,701
2021-03-12,Sutter,101,95872,9012,8940,81,9021,101
2021-03-12,Tehama,103,63373,4681,4638,502,5140,33
2021-03-12,Trinity,105,12862,470,306,82,388,3
2021-03-12,Tulare,107,460477,48893,47772,8425,56197,798
2021-03-12,Tuolumne,109,53932,3874,3936,35,3971,57
2021-03-12,Ventura,111,848112,79077,78698,2834,81532,899
2021-03-12,Yolo,113,214977,13122,13061,230,13291,189
2021-03-12,Yuba,115,75493,5634,5563,90,5653,42
2021-03-11,Alameda,001,1643700,82403,81809,1767,83576,1164
2021-03-11,Alpine,003,1148,83,78,0,78,0
2021-03-11,Amador,005,37829,3512,3498,32,3530,42
2021-03-11,Butte,007,227075,11506,11110,1638,12748,185
2021-03-11,Calaveras,009,45235,1956,1915,12,1927,49
2021-03-11,Colusa,011,21464,1885,1883,273,2156,12
2021-03-11,Contra Costa,013,1133247,64506,63469,1106,64575,728
2021-03-11,Del Norte,015,27424,1074,1027,5,1032,6
2021-03-11,El Dorado,017,186661,9267,9211,598,9809,101
2021-03-11,Fresno,019,978130,98243,97026,8016,105042,1481
2021-03-11,Glenn,021,27897,2288,2255,505,2760,15
2021-03-11,Humboldt,023,135768,3337,3302,24,3326,32
2021-03-11,Imperial,025,180216,27388,27045,2615,29660,675
2021-03-11,Inyo,027,18085,1347,1335,9,1344,35
2021-03-11,Kern,029,883053,94507,93052,10097,103149,1121
2021-03-11,Kings,031,150075,22563,22183,1003,23186,230
2021-03-11,Lake,033,64148,3269,3214,6,3220,42
2021-03-11,Lassen,035,31185,5129,5124,100,5224,1
2021-03-11,Los Angeles,037,10098052,1179079,1170111,39878,1209989,22316
2021-03-11,Madera,039,155013,15902,15725,864,16589,214
2021-03-11,Marin,041,260295,13443,13356,181,13537,217
2021-03-11,Mariposa,043,17540,378,376,5,381,5
2021-03-11,Mendocino,045,87422,3694,3604,69,3673,42
2021-03-11,Merced,047,269075,29151,29001,913,29914,401
2021-03-11,Modoc,049,8938,350,340,119,459,3
2021-03-11,Mono,051,14174,1198,1206,15,1221,3
2021-03-11,Monterey,053,433212,42273,41936,1733,43669,329
2021-03-11,Napa,055,140530,9205,9173,34,9207,75
2021-03-11,Nevada,057,99092,4148,4085,164,4249,66
2021-03-11,Orange,059,3164182,249238,247217,10450,257667,4373
2021-03-11,Placer,061,380077,21034,20178,1175,21353,239
2021-03-11,Plumas,063,18699,653,640,10,650,4
2021-03-11,Riverside,065,2383286,287628,280881,13572,294453,3842
2021-03-11,Sacramento,067,1510023,96457,94912,1341,96253,1455
2021-03-11,San Benito,069,59416,5807,5816,92,5908,61
2021-03-11,San Bernardino,071,2135413,287664,283312,8633,291945,3869
2021-03-11,San Diego,073,3302833,267379,264524,13196,277720,3422
2021-03-11,San Francisco,075,870044,34686,34722,1144,35866,452
2021-03-11,San Joaquin,077,732212,68199,66522,2923,69445,1157
2021-03-11,San Luis Obispo,079,281455,20008,19748,593,20341,247
2021-03-11,San Mateo,081,765935,40123,39590,419,40009,341
2021-03-11,Santa Barbara,083,443738,33042,32408,1133,33541,430
2021-03-11,Santa Clara,085,1922200,112312,112246,621,112867,1765
2021-03-11,Santa Cruz,087,273765,15630,14812,794,15606,193
2021-03-11,Shasta,089,179085,11117,11139,1299,12438,158
2021-03-11,Sierra,091,2930,52,48,12,60,0
2021-03-11,Siskiyou,093,43540,1542,1466,250,1716,5
2021-03-11,Solano,095,438530,30306,30138,382,30520,171
2021-03-11,Sonoma,097,501317,28632,28677,230,28907,285
2021-03-11,Stanislaus,099,539301,51791,51038,5494,56532,707
2021-03-11,Sutter,101,95872,9006,8933,81,9014,101
2021-03-11,Tehama,103,63373,4672,4632,501,5133,33
2021-03-11,Trinity,105,12862,469,304,81,385,3
2021-03-11,Tulare,107,460477,48856,47709,8414,56123,797
2021-03-11,Tuolumne,109,53932,3872,3934,35,3969,57
2021-03-11,Ventura,111,848112,79027,78697,2830,81527,889
2021-03-11,Yolo,113,214977,13105,13041,228,13269,190
2021-03-11,Yuba,115,75493,5630,5553,90,5643,42
2021-03-10,Alameda,001,1643700,82295,81701,1762,83463,1160
2021-03-10,Alpine,003,1148,82,78,0,78,0
2021-03-10,Amador,005,37829,3510,3496,32,3528,42
2021-03-10,Butte,007,227075,11496,11096,1638,12734,185
2021-03-10,Calaveras,009,45235,1950,1913,12,1925,48
2021-03-10,Colusa,011,21464,1885,1882,273,2155,12
2021-03-10,Contra Costa,013,1133247,64407,63372,1102,64474,725
2021-03-10,Del Norte,015,27424,1072,1020,5,1025,5
2021-03-10,El Dorado,017,186661,9254,9203,598,9801,100
2021-03-10,Fresno,019,978130,98135,96866,8000,104866,1471
2021-03-10,Glenn,021,27897,2285,2253,503,2756,15
2021-03-10,Humboldt,023,135768,3327,3296,23,3319,32
2021-03-10,Imperial,025,180216,27373,27051,2615,29666,675
2021-03-10,Inyo,027,18085,1347,1328,9,1337,35
2021-03-10,Kern,029,883053,94441,92965,10076,103041,1102
2021-03-10,Kings,031,150075,22544,22166,1001,23167,226
2021-03-10,Lake,033,64148,3259,3207,6,3213,42
2021-03-10,Lassen,035,31185,5129,5120,100,5220,1
2021-03-10,Los Angeles,037,10098052,1178534,1169079,39851,1208930,22199
2021-03-10,Madera,039,155013,15881,15705,861,16566,212
2021-03-10,Marin,041,260295,13433,13348,180,13528,216
2021-03-10,Mariposa,043,17540,378,376,5,381,5
2021-03-10,Mendocino,045,87422,3689,3602,69,3671,42
2021-03-10,Merced,047,269075,29114,28927,910,29837,401
2021-03-10,Modoc,049,8938,349,338,119,457,3
2021-03-10,Mono,051,14174,1195,1204,15,1219,3
2021-03-10,Monterey,053,433212,42251,41920,1729,43649,329
2021-03-10,Napa,055,140530,9196,9165,34,9199,75
2021-03-10,Nevada,057,99092,4144,4074,164,4238,66
2021-03-10,Orange,059,3164182,249089,247075,10434,257509,4342
2021-03-10,Placer,061,380077,20999,20144,1169,21313,239
2021-03-10,Plumas,063,18699,652,639,10,649,4
2021-03-10,Riverside,065,2383286,287487,280708,13558,294266,3822
2021-03-10,Sacramento,067,1510023,96327,94796,1335,96131,1452
2021-03-10,San Benito,069,59416,5798,5811,92,5903,61
2021-03-10,San Bernardino,071,2135413,287572,283140,8627,291767,3841
2021-03-10,San Diego,073,3302833,267158,264094,13184,277278,3413
2021-03-10,San Francisco,075,870044,34651,34688,1136,35824,450
2021-03-10,San Joaquin,077,732212,68097,66483,2906,69389,1156
2021-03-10,San Luis Obispo,079,281455,19984,19710,589,20299,247
2021-03-10,San Mateo,081,765935,40099,39571,419,39990,338
2021-03-10,Santa Barbara,083,443738,33015,32356,1130,33486,429
2021-03-10,Santa Clara,085,1922200,112205,112103,617,112720,1759
2021-03-10,Santa Cruz,087,273765,15615,14790,793,15583,192
2021-03-10,Shasta,089,179085,11107,11125,1296,12421,155
2021-03-10,Sierra,091,2930,52,48,12,60,0
2021-03-10,Siskiyou,093,43540,1540,1458,250,1708,5
2021-03-10,Solano,095,438530,30276,30111,381,30492,170
2021-03-10,Sonoma,097,501317,28597,28638,229,28867,286
2021-03-10,Stanislaus,099,539301,51702,50968,5475,56443,706
2021-03-10,Sutter,101,95872,8995,8918,81,8999,101
2021-03-10,Tehama,103,63373,4662,4623,501,5124,33
2021-03-10,Trinity,105,12862,469,304,81,385,3
2021-03-10,Tulare,107,460477,48808,47659,8396,56055,793
2021-03-10,Tuolumne,109,53932,3871,3931,35,3966,57
2021-03-10,Ventura,111,848112,78950,78609,2828,81437,878
2021-03-10,Yolo,113,214977,13082,13021,227,13248,189
2021-03-10,Yuba,115,75493,5616,5545,89,5634,42
2021-03-09,Alameda,001,1643700,82208,81618,1762,83380,1151
2021-03-09,Alpine,003,1148,82,78,0,78,0
2021-03-09,Amador,005,37829,3508,3494,32,3526,42
2021-03-09,Butte,007,227075,11483,11092,1636,12728,185
2021-03-09,Calaveras,009,45235,1948,1913,12,1925,48
2021-03-09,Colusa,011,21464,1885,1880,273,2153,11
2021-03-09,Contra Costa,013,1133247,64314,63314,1100,64414,723
2021-03-09,Del Norte,015,27424,1064,1017,5,1022,5
2021-03-09,El Dorado,017,186661,9247,9198,598,9796,98
2021-03-09,Fresno,019,978130,98016,96744,7973,104717,1463
2021-03-09,Glenn,021,27897,2281,2251,501,2752,15
2021-03-09,Humboldt,023,135768,3315,3288,22,3310,32
2021-03-09,Imperial,025,180216,27364,27045,2611,29656,675
2021-03-09,Inyo,027,18085,1345,1324,9,1333,35
2021-03-09,Kern,029,883053,94362,92924,10058,102982,1088
2021-03-09,Kings,031,150075,22519,22143,999,23142,226
2021-03-09,Lake,033,64148,3253,3202,6,3208,42
2021-03-09,Lassen,035,31185,5129,5120,100,5220,1
2021-03-09,Los Angeles,037,10098052,1177938,1167967,39817,1207784,22080
2021-03-09,Madera,039,155013,15870,15701,859,16560,211
2021-03-09,Marin,041,260295,13415,13335,178,13513,214
2021-03-09,Mariposa,043,17540,378,376,5,381,5
2021-03-09,Mendocino,045,87422,3685,3595,69,3664,42
2021-03-09,Merced,047,269075,29052,28876,909,29785,399
2021-03-09,Modoc,049,8938,349,338,118,456,3
2021-03-09,Mono,051,14174,1194,1203,15,1218,3
2021-03-09,Monterey,053,433212,42232,41894,1721,43615,329
2021-03-09,Napa,055,140530,9182,9155,34,9189,75
2021-03-09,Nevada,057,99092,4136,4062,164,4226,66
2021-03-09,Orange,059,3164182,248946,246989,10414,257403,4310
2021-03-09,Placer,061,380077,20957,20122,1164,21286,239
2021-03-09,Plumas,063,18699,649,639,10,649,4
2021-03-09,Riverside,065,2383286,287352,280562,13554,294116,3821
2021-03-09,Sacramento,067,1510023,96159,94720,1329,96049,1442
2021-03-09,San Benito,069,59416,5794,5800,92,5892,61
2021-03-09,San Bernardino,071,2135413,287459,282971,8620,291591,3823
2021-03-09,San Diego,073,3302833,266926,263745,13163,276908,3405
2021-03-09,San Francisco,075,870044,34620,34654,1132,35786,450
2021-03-09,San Joaquin,077,732212,67969,66383,2896,69279,1150
2021-03-09,San Luis Obispo,079,281455,19966,19672,582,20254,245
2021-03-09,San Mateo,081,765935,40052,39535,417,39952,336
2021-03-09,Santa Barbara,083,443738,32974,32314,1128,33442,428
2021-03-09,Santa Clara,085,1922200,112094,111963,612,112575,1756
2021-03-09,Santa Cruz,087,273765,15593,14764,792,15556,188
2021-03-09,Shasta,089,179085,11100,11113,1291,12404,155
2021-03-09,Sierra,091,2930,52,48,12,60,0
2021-03-09,Siskiyou,093,43540,1536,1447,248,1695,5
2021-03-09,Solano,095,438530,30240,30090,379,30469,169
2021-03-09,Sonoma,097,501317,28547,28601,226,28827,284
2021-03-09,Stanislaus,099,539301,51605,50884,5466,56350,703
2021-03-09,Sutter,101,95872,8982,8914,81,8995,101
2021-03-09,Tehama,103,63373,4654,4620,500,5120,33
2021-03-09,Trinity,105,12862,469,304,81,385,3
2021-03-09,Tulare,107,460477,48781,47637,8375,56012,792
2021-03-09,Tuolumne,109,53932,3869,3929,35,3964,56
2021-03-09,Ventura,111,848112,78880,78526,2826,81352,863
2021-03-09,Yolo,113,214977,13071,13015,226,13241,189
2021-03-09,Yuba,115,75493,5609,5539,89,5628,42
2021-03-08,Alameda,001,1643700,82095,81543,1761,83304,1142
2021-03-08,Alpine,003,1148,82,78,0,78,0
2021-03-08,Amador,005,37829,3505,3490,32,3522,42
2021-03-08,Butte,007,227075,11468,11082,1635,12717,185
2021-03-08,Calaveras,009,45235,1944,1909,12,1921,48
2021-03-08,Colusa,011,21464,1885,1877,273,2150,11
2021-03-08,Contra Costa,013,1133247,64219,63240,1100,64340,719
2021-03-08,Del Norte,015,27424,1059,1012,5,1017,5
2021-03-08,El Dorado,017,186661,9244,9188,597,9785,97
2021-03-08,Fresno,019,978130,97917,96665,7952,104617,1442
2021-03-08,Glenn,021,27897,2280,2249,501,2750,15
2021-03-08,Humboldt,023,135768,3301,3278,22,3300,31
2021-03-08,Imperial,025,180216,27357,27033,2607,29640,663
2021-03-08,Inyo,027,18085,1343,1320,9,1329,35
2021-03-08,Kern,029,883053,94295,92857,10038,102895,1087
2021-03-08,Kings,031,150075,22498,22130,997,23127,226
2021-03-08,Lake,033,64148,3241,3195,6,3201,42
2021-03-08,Lassen,035,31185,5129,5119,100,5219,1
2021-03-08,Los Angeles,037,10098052,1177321,1163409,39785,1203194,21868
2021-03-08,Madera,039,155013,15860,15691,857,16548,211
2021-03-08,Marin,041,260295,13395,13328,176,13504,214
2021-03-08,Mariposa,043,17540,378,376,5,381,5
2021-03-08,Mendocino,045,87422,3683,3590,68,3658,42
2021-03-08,Merced,047,269075,28992,28841,908,29749,398
2021-03-08,Modoc,049,8938,349,338,118,456,3
2021-03-08,Mono,051,14174,1193,1200,15,1215,3
2021-03-08,Monterey,053,433212,42211,41863,1720,43583,328
2021-03-08,Napa,055,140530,9179,9146,34,9180,75
2021-03-08,Nevada,057,99092,4128,4059,164,4223,66
2021-03-08,Orange,059,3164182,248772,246900,10382,257282,4243
2021-03-08,Placer,061,380077,20922,20102,1153,21255,239
2021-03-08,Plumas,063,18699,648,635,10,645,4
2021-03-08,Riverside,065,2383286,287200,280463,13544,294007,3783
2021-03-08,Sacramento,067,1510023,95989,94654,1324,95978,1438
2021-03-08,San Benito,069,59416,5791,5797,92,5889,61
2021-03-08,San Bernardino,071,2135413,287350,282894,8613,291507,3811
2021-03-08,San Diego,073,3302833,266685,263272,13148,276420,3390
2021-03-08,San Francisco,075,870044,34593,34634,1128,35762,446
2021-03-08,San Joaquin,077,732212,67852,66307,2887,69194,1139
2021-03-08,San Luis Obispo,079,281455,19923,19656,579,20235,245
2021-03-08,San Mateo,081,765935,40003,39492,415,39907,335
2021-03-08,Santa Barbara,083,443738,32942,32293,1128,33421,427
2021-03-08,Santa Clara,085,1922200,111966,111882,610,112492,1756
2021-03-08,Santa Cruz,087,273765,15573,14729,792,15521,188
2021-03-08,Shasta,089,179085,11092,11088,1286,12374,155
2021-03-08,Sierra,091,2930,52,48,12,60,0
2021-03-08,Siskiyou,093,43540,1535,1440,248,1688,5
2021-03-08,Solano,095,438530,30200,30068,377,30445,169
2021-03-08,Sonoma,097,501317,28503,28571,225,28796,284
2021-03-08,Stanislaus,099,539301,51525,50825,5461,56286,690
2021-03-08,Sutter,101,95872,8979,8905,81,8986,100
2021-03-08,Tehama,103,63373,4651,4615,499,5114,33
2021-03-08,Trinity,105,12862,468,302,81,383,3
2021-03-08,Tulare,107,460477,48740,47587,8350,55937,791
2021-03-08,Tuolumne,109,53932,3868,3921,35,3956,56
2021-03-08,Ventura,111,848112,78809,78526,2818,81344,852
2021-03-08,Yolo,113,214977,13048,13000,225,13225,189
2021-03-08,Yuba,115,75493,5599,5530,89,5619,42
2021-03-07,Alameda,001,1643700,81977,81413,1760,83173,1145
2021-03-07,Alpine,003,1148,82,78,0,78,0
2021-03-07,Amador,005,37829,3502,3489,32,3521,42
2021-03-07,Butte,007,227075,11453,11075,1634,12709,185
2021-03-07,Calaveras,009,45235,1940,1906,12,1918,48
2021-03-07,Colusa,011,21464,1884,1876,273,2149,11
2021-03-07,Contra Costa,013,1133247,64120,63148,1098,64246,719
2021-03-07,Del Norte,015,27424,1054,1010,5,1015,5
2021-03-07,El Dorado,017,186661,9241,9184,596,9780,97
2021-03-07,Fresno,019,978130,97739,96549,7930,104479,1442
2021-03-07,Glenn,021,27897,2278,2244,501,2745,15
2021-03-07,Humboldt,023,135768,3291,3274,22,3296,31
2021-03-07,Imperial,025,180216,27348,27019,2605,29624,658
2021-03-07,Inyo,027,18085,1340,1320,9,1329,35
2021-03-07,Kern,029,883053,94208,92746,10008,102754,1086
2021-03-07,Kings,031,150075,22478,22103,996,23099,224
2021-03-07,Lake,033,64148,3235,3192,6,3198,42
2021-03-07,Lassen,035,31185,5128,5119,100,5219,1
2021-03-07,Los Angeles,037,10098052,1176597,1162749,39748,1202497,21857
2021-03-07,Madera,039,155013,15841,15675,857,16532,211
2021-03-07,Marin,041,260295,13387,13313,174,13487,214
2021-03-07,Mariposa,043,17540,377,376,5,381,5
2021-03-07,Mendocino,045,87422,3679,3581,68,3649,42
2021-03-07,Merced,047,269075,28919,28829,904,29733,399
2021-03-07,Modoc,049,8938,349,338,118,456,3
2021-03-07,Mono,051,14174,1191,1199,15,1214,3
2021-03-07,Monterey,053,433212,42190,41858,1717,43575,328
2021-03-07,Napa,055,140530,9169,9137,34,9171,75
2021-03-07,Nevada,057,99092,4114,4052,163,4215,66
2021-03-07,Orange,059,3164182,248580,246771,10354,257125,4218
2021-03-07,Placer,061,380077,20882,20070,1149,21219,239
2021-03-07,Plumas,063,18699,647,635,10,645,4
2021-03-07,Riverside,065,2383286,287051,280379,13535,293914,3779
2021-03-07,Sacramento,067,1510023,95812,94513,1316,95829,1437
2021-03-07,San Benito,069,59416,5784,5795,92,5887,61
2021-03-07,San Bernardino,071,2135413,287199,282860,8608,291468,3810
2021-03-07,San Diego,073,3302833,266403,262965,13124,276089,3390
2021-03-07,San Francisco,075,870044,34559,34594,1123,35717,445
2021-03-07,San Joaquin,077,732212,67717,66252,2873,69125,1139
2021-03-07,San Luis Obispo,079,281455,19886,19614,577,20191,245
2021-03-07,San Mateo,081,765935,39963,39436,412,39848,329
2021-03-07,Santa Barbara,083,443738,32895,32218,1127,33345,425
2021-03-07,Santa Clara,085,1922200,111820,111745,606,112351,1752
2021-03-07,Santa Cruz,087,273765,15551,14715,791,15506,189
2021-03-07,Shasta,089,179085,11079,11083,1278,12361,156
2021-03-07,Sierra,091,2930,51,48,12,60,0
2021-03-07,Siskiyou,093,43540,1532,1435,244,1679,5
2021-03-07,Solano,095,438530,30163,30027,377,30404,169
2021-03-07,Sonoma,097,501317,28454,28533,223,28756,284
2021-03-07,Stanislaus,099,539301,51393,50783,5444,56227,699
2021-03-07,Sutter,101,95872,8969,8900,81,8981,100
2021-03-07,Tehama,103,63373,4641,4614,496,5110,33
2021-03-07,Trinity,105,12862,468,302,81,383,3
2021-03-07,Tulare,107,460477,48681,47569,8319,55888,790
2021-03-07,Tuolumne,109,53932,3867,3922,34,3956,56
2021-03-07,Ventura,111,848112,78711,78487,2814,81301,851
2021-03-07,Yolo,113,214977,13029,12988,225,13213,189
2021-03-07,Yuba,115,75493,5594,5516,89,5605,42
2021-03-06,Alameda,001,1643700,81922,81310,1759,83069,1143
2021-03-06,Alpine,003,1148,82,78,0,78,0
2021-03-06,Amador,005,37829,3498,3487,32,3519,42
2021-03-06,Butte,007,227075,11450,11065,1633,12698,185
2021-03-06,Calaveras,009,45235,1937,1904,12,1916,48
2021-03-06,Colusa,011,21464,1882,1874,273,2147,11
2021-03-06,Contra Costa,013,1133247,64059,63040,1094,64134,719
2021-03-06,Del Norte,015,27424,1049,1000,5,1005,5
2021-03-06,El Dorado,017,186661,9237,9166,596,9762,97
2021-03-06,Fresno,019,978130,97644,96366,7919,104285,1440
2021-03-06,Glenn,021,27897,2278,2241,501,2742,15
2021-03-06,Humboldt,023,135768,3281,3260,22,3282,31
2021-03-06,Imperial,025,180216,27344,27009,2600,29609,658
2021-03-06,Inyo,027,18085,1337,1312,9,1321,35
2021-03-06,Kern,029,883053,94162,92684,9988,102672,1082
2021-03-06,Kings,031,150075,22461,22094,996,23090,224
2021-03-06,Lake,033,64148,3233,3189,6,3195,42
2021-03-06,Lassen,035,31185,5128,5119,100,5219,1
2021-03-06,Los Angeles,037,10098052,1176161,1161745,39718,1201463,21843
2021-03-06,Madera,039,155013,15832,15646,855,16501,211
2021-03-06,Marin,041,260295,13378,13289,174,13463,213
2021-03-06,Mariposa,043,17540,377,376,5,381,5
2021-03-06,Mendocino,045,87422,3677,3579,68,3647,42
2021-03-06,Merced,047,269075,28877,28771,904,29675,399
2021-03-06,Modoc,049,8938,348,338,118,456,3
2021-03-06,Mono,051,14174,1190,1198,15,1213,3
2021-03-06,Monterey,053,433212,42185,41838,1714,43552,327
2021-03-06,Napa,055,140530,9161,9129,34,9163,75
2021-03-06,Nevada,057,99092,4108,4044,163,4207,66
2021-03-06,Orange,059,3164182,248489,246634,10340,256974,4165
2021-03-06,Placer,061,380077,20859,20030,1147,21177,239
2021-03-06,Plumas,063,18699,647,634,10,644,4
2021-03-06,Riverside,065,2383286,286958,280225,13527,293752,3781
2021-03-06,Sacramento,067,1510023,95724,94332,1307,95639,1436
2021-03-06,San Benito,069,59416,5779,5793,92,5885,61
2021-03-06,San Bernardino,071,2135413,287115,282737,8606,291343,3791
2021-03-06,San Diego,073,3302833,266216,262778,13107,275885,3385
2021-03-06,San Francisco,075,870044,34528,34560,1119,35679,435
2021-03-06,San Joaquin,077,732212,67643,66162,2863,69025,1138
2021-03-06,San Luis Obispo,079,281455,19866,19592,575,20167,245
2021-03-06,San Mateo,081,765935,39938,39384,412,39796,329
2021-03-06,Santa Barbara,083,443738,32864,32176,1126,33302,424
2021-03-06,Santa Clara,085,1922200,111724,111570,604,112174,1749
2021-03-06,Santa Cruz,087,273765,15540,14701,791,15492,188
2021-03-06,Shasta,089,179085,11070,11076,1276,12352,158
2021-03-06,Sierra,091,2930,51,48,12,60,0
2021-03-06,Siskiyou,093,43540,1530,1432,244,1676,5
2021-03-06,Solano,095,438530,30134,30000,376,30376,169
2021-03-06,Sonoma,097,501317,28431,28484,221,28705,284
2021-03-06,Stanislaus,099,539301,51323,50691,5438,56129,711
2021-03-06,Sutter,101,95872,8963,8887,81,8968,100
2021-03-06,Tehama,103,63373,4641,4610,494,5104,33
2021-03-06,Trinity,105,12862,468,302,81,383,3
2021-03-06,Tulare,107,460477,48649,47515,8290,55805,789
2021-03-06,Tuolumne,109,53932,3865,3920,34,3954,56
2021-03-06,Ventura,111,848112,78656,78439,2813,81252,848
2021-03-06,Yolo,113,214977,13023,12951,225,13176,189
2021-03-06,Yuba,115,75493,5585,5504,89,5593,42
2021-03-05,Alameda,001,1643700,81832,81215,1757,82972,1141
2021-03-05,Alpine,003,1148,82,78,0,78,0
2021-03-05,Amador,005,37829,3497,3484,32,3516,42
2021-03-05,Butte,007,227075,11439,11050,1632,12682,185
2021-03-05,Calaveras,009,45235,1933,1902,12,1914,48
2021-03-05,Colusa,011,21464,1882,1874,273,2147,11
2021-03-05,Contra Costa,013,1133247,63979,62886,1091,63977,711
2021-03-05,Del Norte,015,27424,1045,995,5,1000,5
2021-03-05,El Dorado,017,186661,9232,9150,595,9745,97
2021-03-05,Fresno,019,978130,97536,96184,7900,104084,1432
2021-03-05,Glenn,021,27897,2273,2241,501,2742,15
2021-03-05,Humboldt,023,135768,3274,3234,22,3256,31
2021-03-05,Imperial,025,180216,27334,26970,2591,29561,651
2021-03-05,Inyo,027,18085,1333,1309,9,1318,35
2021-03-05,Kern,029,883053,94122,92601,9975,102576,1076
2021-03-05,Kings,031,150075,22443,22063,995,23058,224
2021-03-05,Lake,033,64148,3231,3185,6,3191,42
2021-03-05,Lassen,035,31185,5128,5117,98,5215,1
2021-03-05,Los Angeles,037,10098052,1175673,1160688,39687,1200375,21745
2021-03-05,Madera,039,155013,15822,15624,853,16477,211
2021-03-05,Marin,041,260295,13365,13275,173,13448,215
2021-03-05,Mariposa,043,17540,377,375,5,380,4
2021-03-05,Mendocino,045,87422,3674,3577,68,3645,42
2021-03-05,Merced,047,269075,28843,28734,903,29637,399
2021-03-05,Modoc,049,8938,348,337,118,455,3
2021-03-05,Mono,051,14174,1189,1197,15,1212,3
2021-03-05,Monterey,053,433212,42172,41802,1714,43516,325
2021-03-05,Napa,055,140530,9153,9109,34,9143,75
2021-03-05,Nevada,057,99092,4104,4033,163,4196,66
2021-03-05,Orange,059,3164182,248376,246489,10327,256816,4108
2021-03-05,Placer,061,380077,20833,19973,1143,21116,239
2021-03-05,Plumas,063,18699,647,635,10,645,4
2021-03-05,Riverside,065,2383286,286846,280075,13522,293597,3781
2021-03-05,Sacramento,067,1510023,95628,94182,1300,95482,1430
2021-03-05,San Benito,069,59416,5776,5790,92,5882,61
2021-03-05,San Bernardino,071,2135413,287021,282640,8602,291242,3774
2021-03-05,San Diego,073,3302833,265983,262357,13090,275447,3371
2021-03-05,San Francisco,075,870044,34488,34526,1115,35641,430
2021-03-05,San Joaquin,077,732212,67563,66041,2854,68895,1133
2021-03-05,San Luis Obispo,079,281455,19845,19557,573,20130,244
2021-03-05,San Mateo,081,765935,39906,39305,412,39717,326
2021-03-05,Santa Barbara,083,443738,32828,32139,1121,33260,424
2021-03-05,Santa Clara,085,1922200,111628,111384,604,111988,1745
2021-03-05,Santa Cruz,087,273765,15529,14694,791,15485,188
2021-03-05,Shasta,089,179085,11058,11062,1270,12332,148
2021-03-05,Sierra,091,2930,51,48,12,60,0
2021-03-05,Siskiyou,093,43540,1526,1429,243,1672,5
2021-03-05,Solano,095,438530,30117,29951,374,30325,168
2021-03-05,Sonoma,097,501317,28405,28417,221,28638,279
2021-03-05,Stanislaus,099,539301,51272,50606,5428,56034,721
2021-03-05,Sutter,101,95872,8956,8876,81,8957,100
2021-03-05,Tehama,103,63373,4632,4606,494,5100,33
2021-03-05,Trinity,105,12862,468,302,81,383,3
2021-03-05,Tulare,107,460477,48620,47469,8271,55740,789
2021-03-05,Tuolumne,109,53932,3863,3917,34,3951,56
2021-03-05,Ventura,111,848112,78589,78368,2812,81180,839
2021-03-05,Yolo,113,214977,13011,12920,224,13144,188
2021-03-05,Yuba,115,75493,5573,5496,89,5585,42
2021-03-04,Alameda,001,1643700,81723,81115,1757,82872,1136
2021-03-04,Alpine,003,1148,82,78,0,78,0
2021-03-04,Amador,005,37829,3496,3480,32,3512,42
2021-03-04,Butte,007,227075,11432,11033,1631,12664,185
2021-03-04,Calaveras,009,45235,1932,1896,12,1908,48
2021-03-04,Colusa,011,21464,1880,1873,268,2141,11
2021-03-04,Contra Costa,013,1133247,63879,62789,1089,63878,708
2021-03-04,Del Norte,015,27424,1037,989,5,994,5
2021-03-04,El Dorado,017,186661,9217,9133,595,9728,97
2021-03-04,Fresno,019,978130,97372,96023,7879,103902,1422
2021-03-04,Glenn,021,27897,2267,2236,500,2736,15
2021-03-04,Humboldt,023,135768,3260,3212,22,3234,31
2021-03-04,Imperial,025,180216,27322,26946,2588,29534,646
2021-03-04,Inyo,027,18085,1330,1300,9,1309,35
2021-03-04,Kern,029,883053,94033,92525,9956,102481,1070
2021-03-04,Kings,031,150075,22417,22025,992,23017,224
2021-03-04,Lake,033,64148,3223,3181,6,3187,42
2021-03-04,Lassen,035,31185,5128,5116,98,5214,1
2021-03-04,Los Angeles,037,10098052,1175064,1159405,39638,1199043,21610
2021-03-04,Madera,039,155013,15787,15596,850,16446,208
2021-03-04,Marin,041,260295,13348,13240,170,13410,215
2021-03-04,Mariposa,043,17540,377,376,5,381,4
2021-03-04,Mendocino,045,87422,3671,3569,68,3637,42
2021-03-04,Merced,047,269075,28793,28671,900,29571,396
2021-03-04,Modoc,049,8938,347,336,118,454,3
2021-03-04,Mono,051,14174,1189,1197,15,1212,3
2021-03-04,Monterey,053,433212,42152,41771,1711,43482,325
2021-03-04,Napa,055,140530,9145,9094,34,9128,74
2021-03-04,Nevada,057,99092,4094,4020,163,4183,66
2021-03-04,Orange,059,3164182,248219,246354,10310,256664,4096
2021-03-04,Placer,061,380077,20801,19900,1137,21037,239
2021-03-04,Plumas,063,18699,647,634,10,644,4
2021-03-04,Riverside,065,2383286,286716,279871,13509,293380,3766
2021-03-04,Sacramento,067,1510023,95493,93982,1297,95279,1426
2021-03-04,San Benito,069,59416,5776,5781,92,5873,61
2021-03-04,San Bernardino,071,2135413,286891,282407,8598,291005,3757
2021-03-04,San Diego,073,3302833,265724,261858,13046,274904,3359
2021-03-04,San Francisco,075,870044,34454,34480,1112,35592,426
2021-03-04,San Joaquin,077,732212,67470,65931,2844,68775,1129
2021-03-04,San Luis Obispo,079,281455,19807,19520,571,20091,243
2021-03-04,San Mateo,081,765935,39862,39225,411,39636,322
2021-03-04,Santa Barbara,083,443738,32791,32090,1120,33210,423
2021-03-04,Santa Clara,085,1922200,111494,111194,602,111796,1723
2021-03-04,Santa Cruz,087,273765,15510,14669,791,15460,186
2021-03-04,Shasta,089,179085,11055,11050,1261,12311,150
2021-03-04,Sierra,091,2930,51,48,12,60,0
2021-03-04,Siskiyou,093,43540,1520,1427,243,1670,5
2021-03-04,Solano,095,438530,30090,29905,373,30278,168
2021-03-04,Sonoma,097,501317,28350,28379,220,28599,279
2021-03-04,Stanislaus,099,539301,51182,50521,5420,55941,731
2021-03-04,Sutter,101,95872,8944,8849,81,8930,100
2021-03-04,Tehama,103,63373,4626,4604,494,5098,33
2021-03-04,Trinity,105,12862,468,302,81,383,3
2021-03-04,Tulare,107,460477,48575,47398,8246,55644,784
2021-03-04,Tuolumne,109,53932,3857,3916,34,3950,56
2021-03-04,Ventura,111,848112,78502,78184,2810,80994,831
2021-03-04,Yolo,113,214977,12991,12895,224,13119,189
2021-03-04,Yuba,115,75493,5561,5483,89,5572,41
2021-03-03,Alameda,001,1643700,81602,80972,1756,82728,1127
2021-03-03,Alpine,003,1148,82,77,0,77,0
2021-03-03,Amador,005,37829,3494,3478,31,3509,42
2021-03-03,Butte,007,227075,11425,11014,1630,12644,184
2021-03-03,Calaveras,009,45235,1931,1893,12,1905,48
2021-03-03,Colusa,011,21464,1879,1873,268,2141,11
2021-03-03,Contra Costa,013,1133247,63781,62668,1086,63754,708
2021-03-03,Del Norte,015,27424,1034,988,5,993,5
2021-03-03,El Dorado,017,186661,9207,9121,595,9716,97
2021-03-03,Fresno,019,978130,97228,95893,7861,103754,1415
2021-03-03,Glenn,021,27897,2267,2233,500,2733,15
2021-03-03,Humboldt,023,135768,3249,3196,22,3218,30
2021-03-03,Imperial,025,180216,27305,26939,2583,29522,640
2021-03-03,Inyo,027,18085,1322,1294,9,1303,35
2021-03-03,Kern,029,883053,93957,92434,9939,102373,1063
2021-03-03,Kings,031,150075,22401,22009,991,23000,223
2021-03-03,Lake,033,64148,3216,3175,6,3181,40
2021-03-03,Lassen,035,31185,5128,5115,98,5213,1
2021-03-03,Los Angeles,037,10098052,1174424,1157911,39597,1197508,21500
2021-03-03,Madera,039,155013,15768,15553,844,16397,203
2021-03-03,Marin,041,260295,13335,13216,170,13386,214
2021-03-03,Mariposa,043,17540,376,376,5,381,4
2021-03-03,Mendocino,045,87422,3663,3564,68,3632,42
2021-03-03,Merced,047,269075,28741,28625,900,29525,393
2021-03-03,Modoc,049,8938,347,333,117,450,3
2021-03-03,Mono,051,14174,1189,1191,15,1206,3
2021-03-03,Monterey,053,433212,42119,41731,1708,43439,325
2021-03-03,Napa,055,140530,9137,9090,34,9124,72
2021-03-03,Nevada,057,99092,4084,4009,163,4172,66
2021-03-03,Orange,059,3164182,248074,246120,10295,256415,4072
2021-03-03,Placer,061,380077,20775,19851,1134,20985,239
2021-03-03,Plumas,063,18699,646,631,10,641,4
2021-03-03,Riverside,065,2383286,286583,279626,13503,293129,3735
2021-03-03,Sacramento,067,1510023,95332,93819,1289,95108,1419
2021-03-03,San Benito,069,59416,5775,5774,92,5866,61
2021-03-03,San Bernardino,071,2135413,286750,282138,8591,290729,3664
2021-03-03,San Diego,073,3302833,265461,261350,13015,274365,3342
2021-03-03,San Francisco,075,870044,34422,34443,1109,35552,426
2021-03-03,San Joaquin,077,732212,67358,65855,2837,68692,1115
2021-03-03,San Luis Obispo,079,281455,19781,19479,568,20047,241
2021-03-03,San Mateo,081,765935,39816,39189,410,39599,319
2021-03-03,Santa Barbara,083,443738,32754,32027,1120,33147,421
2021-03-03,Santa Clara,085,1922200,111339,110991,600,111591,1720
2021-03-03,Santa Cruz,087,273765,15499,14645,791,15436,185
2021-03-03,Shasta,089,179085,11045,11023,1254,12277,150
2021-03-03,Sierra,091,2930,51,48,12,60,0
2021-03-03,Siskiyou,093,43540,1518,1424,243,1667,5
2021-03-03,Solano,095,438530,30054,29866,372,30238,167
2021-03-03,Sonoma,097,501317,28311,28307,219,28526,279
2021-03-03,Stanislaus,099,539301,51104,50438,5413,55851,730
2021-03-03,Sutter,101,95872,8935,8840,81,8921,99
2021-03-03,Tehama,103,63373,4623,4601,494,5095,32
2021-03-03,Trinity,105,12862,468,302,81,383,3
2021-03-03,Tulare,107,460477,48524,47348,8215,55563,778
2021-03-03,Tuolumne,109,53932,3855,3914,33,3947,56
2021-03-03,Ventura,111,848112,78419,78057,2804,80861,822
2021-03-03,Yolo,113,214977,12978,12890,224,13114,189
2021-03-03,Yuba,115,75493,5548,5479,89,5568,41
2021-03-02,Alameda,001,1643700,81483,80904,1754,82658,1116
2021-03-02,Alpine,003,1148,82,77,0,77,0
2021-03-02,Amador,005,37829,3492,3474,31,3505,42
2021-03-02,Butte,007,227075,11415,11007,1628,12635,182
2021-03-02,Calaveras,009,45235,1923,1890,12,1902,48
2021-03-02,Colusa,011,21464,1879,1872,267,2139,11
2021-03-02,Contra Costa,013,1133247,63669,62557,1082,63639,694
2021-03-02,Del Norte,015,27424,1027,983,5,988,5
2021-03-02,El Dorado,017,186661,9199,9116,595,9711,98
2021-03-02,Fresno,019,978130,97081,95785,7835,103620,1410
2021-03-02,Glenn,021,27897,2261,2232,499,2731,15
2021-03-02,Humboldt,023,135768,3230,3184,22,3206,30
2021-03-02,Imperial,025,180216,27295,26926,2581,29507,637
2021-03-02,Inyo,027,18085,1318,1292,9,1301,35
2021-03-02,Kern,029,883053,93851,92313,9912,102225,1046
2021-03-02,Kings,031,150075,22349,21999,989,22988,217
2021-03-02,Lake,033,64148,3210,3169,6,3175,40
2021-03-02,Lassen,035,31185,5123,5115,97,5212,1
2021-03-02,Los Angeles,037,10098052,1173787,1156826,39551,1196377,21395
2021-03-02,Madera,039,155013,15748,15523,841,16364,194
2021-03-02,Marin,041,260295,13312,13186,169,13355,214
2021-03-02,Mariposa,043,17540,376,376,5,381,4
2021-03-02,Mendocino,045,87422,3660,3562,67,3629,41
2021-03-02,Merced,047,269075,28684,28598,900,29498,389
2021-03-02,Modoc,049,8938,347,332,117,449,3
2021-03-02,Mono,051,14174,1188,1191,15,1206,3
2021-03-02,Monterey,053,433212,42092,41716,1706,43422,325
2021-03-02,Napa,055,140530,9125,9080,34,9114,71
2021-03-02,Nevada,057,99092,4075,3983,162,4145,66
2021-03-02,Orange,059,3164182,247928,246004,10278,256282,4037
2021-03-02,Placer,061,380077,20721,19828,1131,20959,239
2021-03-02,Plumas,063,18699,643,628,10,638,4
2021-03-02,Riverside,065,2383286,286410,279486,13495,292981,3721
2021-03-02,Sacramento,067,1510023,95165,93690,1287,94977,1411
2021-03-02,San Benito,069,59416,5768,5770,92,5862,60
2021-03-02,San Bernardino,071,2135413,286617,281919,8585,290504,3604
2021-03-02,San Diego,073,3302833,265217,260998,12993,273991,3317
2021-03-02,San Francisco,075,870044,34382,34387,1105,35492,424
2021-03-02,San Joaquin,077,732212,67250,65769,2819,68588,1111
2021-03-02,San Luis Obispo,079,281455,19748,19452,568,20020,241
2021-03-02,San Mateo,081,765935,39764,39148,409,39557,317
2021-03-02,Santa Barbara,083,443738,32705,31964,1116,33080,416
2021-03-02,Santa Clara,085,1922200,111160,110832,599,111431,1706
2021-03-02,Santa Cruz,087,273765,15485,14611,789,15400,185
2021-03-02,Shasta,089,179085,11031,11012,1243,12255,149
2021-03-02,Sierra,091,2930,51,48,12,60,0
2021-03-02,Siskiyou,093,43540,1514,1412,241,1653,5
2021-03-02,Solano,095,438530,30021,29827,370,30197,167
2021-03-02,Sonoma,097,501317,28256,28261,219,28480,279
2021-03-02,Stanislaus,099,539301,51017,50359,5400,55759,724
2021-03-02,Sutter,101,95872,8926,8832,81,8913,99
2021-03-02,Tehama,103,63373,4621,4597,494,5091,32
2021-03-02,Trinity,105,12862,468,301,81,382,3
2021-03-02,Tulare,107,460477,48461,47326,8195,55521,783
2021-03-02,Tuolumne,109,53932,3851,3908,33,3941,53
2021-03-02,Ventura,111,848112,78327,77952,2800,80752,780
2021-03-02,Yolo,113,214977,12961,12867,224,13091,189
2021-03-02,Yuba,115,75493,5540,5475,89,5564,41
2021-03-01,Alameda,001,1643700,81357,80805,1752,82557,1105
2021-03-01,Alpine,003,1148,80,77,0,77,0
2021-03-01,Amador,005,37829,3489,3469,31,3500,42
2021-03-01,Butte,007,227075,11399,10981,1623,12604,180
2021-03-01,Calaveras,009,45235,1919,1885,12,1897,46
2021-03-01,Colusa,011,21464,1878,1871,267,2138,11
2021-03-01,Contra Costa,013,1133247,63560,62458,1081,63539,694
2021-03-01,Del Norte,015,27424,1022,982,5,987,5
2021-03-01,El Dorado,017,186661,9175,9085,595,9680,98
2021-03-01,Fresno,019,978130,96943,95677,7813,103490,1405
2021-03-01,Glenn,021,27897,2256,2232,498,2730,15
2021-03-01,Humboldt,023,135768,3211,3179,22,3201,30
2021-03-01,Imperial,025,180216,27285,26913,2573,29486,636
2021-03-01,Inyo,027,18085,1315,1285,9,1294,35
2021-03-01,Kern,029,883053,93762,92219,9886,102105,1041
2021-03-01,Kings,031,150075,22332,21988,983,22971,217
2021-03-01,Lake,033,64148,3205,3164,6,3170,40
2021-03-01,Lassen,035,31185,5121,5111,97,5208,1
2021-03-01,Los Angeles,037,10098052,1173129,1155984,39509,1195493,21293
2021-03-01,Madera,039,155013,15719,15505,830,16335,194
2021-03-01,Marin,041,260295,13285,13161,168,13329,214
2021-03-01,Mariposa,043,17540,376,375,5,380,4
2021-03-01,Mendocino,045,87422,3653,3561,67,3628,41
2021-03-01,Merced,047,269075,28639,28575,896,29471,385
2021-03-01,Modoc,049,8938,344,331,116,447,3
2021-03-01,Mono,051,14174,1187,1192,15,1207,3
2021-03-01,Monterey,053,433212,42067,41697,1704,43401,324
2021-03-01,Napa,055,140530,9116,9056,34,9090,70
2021-03-01,Nevada,057,99092,4056,3979,162,4141,66
2021-03-01,Orange,059,3164182,247734,245852,10263,256115,3976
2021-03-01,Placer,061,380077,20683,19803,1128,20931,239
2021-03-01,Plumas,063,18699,643,628,10,638,4
2021-03-01,Riverside,065,2383286,286192,279323,13488,292811,3680
2021-03-01,Sacramento,067,1510023,95020,93546,1285,94831,1401
2021-03-01,San Benito,069,59416,5763,5772,92,5864,57
2021-03-01,San Bernardino,071,2135413,286474,281685,8581,290266,3603
2021-03-01,San Diego,073,3302833,264899,260622,12960,273582,3303
2021-03-01,San Francisco,075,870044,34338,34318,1097,35415,424
2021-03-01,San Joaquin,077,732212,67141,65699,2808,68507,1097
2021-03-01,San Luis Obispo,079,281455,19726,19429,566,19995,239
2021-03-01,San Mateo,081,765935,39712,39096,408,39504,314
2021-03-01,Santa Barbara,083,443738,32663,31909,1115,33024,413
2021-03-01,Santa Clara,085,1922200,111002,110684,596,111280,1704
2021-03-01,Santa Cruz,087,273765,15466,14575,788,15363,185
2021-03-01,Shasta,089,179085,11019,10990,1240,12230,149
2021-03-01,Sierra,091,2930,51,48,12,60,0
2021-03-01,Siskiyou,093,43540,1510,1408,239,1647,5
2021-03-01,Solano,095,438530,29978,29779,369,30148,166
2021-03-01,Sonoma,097,501317,28208,28222,217,28439,278
2021-03-01,Stanislaus,099,539301,50941,50293,5394,55687,722
2021-03-01,Sutter,101,95872,8914,8825,81,8906,99
2021-03-01,Tehama,103,63373,4617,4595,494,5089,32
2021-03-01,Trinity,105,12862,468,298,80,378,3
2021-03-01,Tulare,107,460477,48423,47275,8162,55437,781
2021-03-01,Tuolumne,109,53932,3848,3907,33,3940,53
2021-03-01,Ventura,111,848112,78245,77849,2798,80647,775
2021-03-01,Yolo,113,214977,12944,12854,222,13076,188
2021-03-01,Yuba,115,75493,5528,5466,89,5555,41
2021-02-28,Alameda,001,1643700,81236,80727,1750,82477,1105
2021-02-28,Alpine,003,1148,80,77,0,77,0
2021-02-28,Amador,005,37829,3484,3466,30,3496,42
2021-02-28,Butte,007,227075,11384,10970,1623,12593,180
2021-02-28,Calaveras,009,45235,1914,1881,12,1893,46
2021-02-28,Colusa,011,21464,1878,1871,266,2137,11
2021-02-28,Contra Costa,013,1133247,63433,62386,1076,63462,694
2021-02-28,Del Norte,015,27424,1020,981,5,986,5
2021-02-28,El Dorado,017,186661,9164,9082,595,9677,98
2021-02-28,Fresno,019,978130,96761,95548,7779,103327,1405
2021-02-28,Glenn,021,27897,2254,2230,496,2726,15
2021-02-28,Humboldt,023,135768,3188,3179,22,3201,30
2021-02-28,Imperial,025,180216,27258,26909,2567,29476,636
2021-02-28,Inyo,027,18085,1310,1282,9,1291,35
2021-02-28,Kern,029,883053,93647,92169,9865,102034,1012
2021-02-28,Kings,031,150075,22311,21967,982,22949,217
2021-02-28,Lake,033,64148,3200,3164,6,3170,40
2021-02-28,Lassen,035,31185,5120,5106,97,5203,1
2021-02-28,Los Angeles,037,10098052,1172343,1155141,39448,1194589,21261
2021-02-28,Madera,039,155013,15677,15496,827,16323,199
2021-02-28,Marin,041,260295,13262,13152,166,13318,214
2021-02-28,Mariposa,043,17540,376,374,5,379,4
2021-02-28,Mendocino,045,87422,3647,3558,67,3625,41
2021-02-28,Merced,047,269075,28575,28546,895,29441,384
2021-02-28,Modoc,049,8938,344,331,116,447,3
2021-02-28,Mono,051,14174,1184,1192,15,1207,3
2021-02-28,Monterey,053,433212,42035,41683,1703,43386,323
2021-02-28,Napa,055,140530,9097,9053,34,9087,70
2021-02-28,Nevada,057,99092,4043,3972,162,4134,66
2021-02-28,Orange,059,3164182,247535,245706,10256,255962,3970
2021-02-28,Placer,061,380077,20636,19775,1126,20901,239
2021-02-28,Plumas,063,18699,643,628,10,638,4
2021-02-28,Riverside,065,2383286,285959,279214,13477,292691,3661
2021-02-28,Sacramento,067,1510023,94836,93463,1280,94743,1398
2021-02-28,San Benito,069,59416,5752,5772,92,5864,57
2021-02-28,San Bernardino,071,2135413,286334,281620,8569,290189,3595
2021-02-28,San Diego,073,3302833,264603,260353,12926,273279,3303
2021-02-28,San Francisco,075,870044,34296,34291,1091,35382,417
2021-02-28,San Joaquin,077,732212,67033,65662,2799,68461,1097
2021-02-28,San Luis Obispo,079,281455,19690,19422,564,19986,237
2021-02-28,San Mateo,081,765935,39659,39059,407,39466,314
2021-02-28,Santa Barbara,083,443738,32610,31877,1115,32992,413
2021-02-28,Santa Clara,085,1922200,110803,110556,593,111149,1704
2021-02-28,Santa Cruz,087,273765,15437,14571,785,15356,185
2021-02-28,Shasta,089,179085,10998,10990,1236,12226,149
2021-02-28,Sierra,091,2930,51,48,12,60,0
2021-02-28,Siskiyou,093,43540,1502,1408,238,1646,5
2021-02-28,Solano,095,438530,29922,29758,363,30121,166
2021-02-28,Sonoma,097,501317,28145,28193,216,28409,279
2021-02-28,Stanislaus,099,539301,50851,50228,5381,55609,728
2021-02-28,Sutter,101,95872,8899,8825,81,8906,99
2021-02-28,Tehama,103,63373,4610,4590,494,5084,32
2021-02-28,Trinity,105,12862,468,298,80,378,3
2021-02-28,Tulare,107,460477,48361,47258,8131,55389,780
2021-02-28,Tuolumne,109,53932,3843,3905,33,3938,53
2021-02-28,Ventura,111,848112,78134,77749,2795,80544,775
2021-02-28,Yolo,113,214977,12922,12851,222,13073,188
2021-02-28,Yuba,115,75493,5518,5461,89,5550,41
2021-02-27,Alameda,001,1643700,81164,80565,1748,82313,1108
2021-02-27,Alpine,003,1148,80,77,0,77,0
2021-02-27,Amador,005,37829,3482,3463,30,3493,42
2021-02-27,Butte,007,227075,11372,10962,1623,12585,180
2021-02-27,Calaveras,009,45235,1909,1875,12,1887,46
2021-02-27,Colusa,011,21464,1877,1869,266,2135,11
2021-02-27,Contra Costa,013,1133247,63362,62248,1073,63321,693
2021-02-27,Del Norte,015,27424,1018,978,5,983,5
2021-02-27,El Dorado,017,186661,9160,9072,595,9667,98
2021-02-27,Fresno,019,978130,96684,95393,7768,103161,1400
2021-02-27,Glenn,021,27897,2254,2225,495,2720,15
2021-02-27,Humboldt,023,135768,3182,3167,22,3189,30
2021-02-27,Imperial,025,180216,27250,26903,2566,29469,633
2021-02-27,Inyo,027,18085,1307,1275,9,1284,35
2021-02-27,Kern,029,883053,93586,92053,9850,101903,996
2021-02-27,Kings,031,150075,22301,21955,979,22934,216
2021-02-27,Lake,033,64148,3197,3156,6,3162,40
2021-02-27,Lassen,035,31185,5120,5106,97,5203,1
2021-02-27,Los Angeles,037,10098052,1171849,1154275,39421,1193696,21158
2021-02-27,Madera,039,155013,15660,15467,826,16293,199
2021-02-27,Marin,041,260295,13238,13134,166,13300,214
2021-02-27,Mariposa,043,17540,376,374,5,379,4
2021-02-27,Mendocino,045,87422,3644,3555,67,3622,41
2021-02-27,Merced,047,269075,28533,28501,887,29388,384
2021-02-27,Modoc,049,8938,344,331,115,446,3
2021-02-27,Mono,051,14174,1182,1191,15,1206,3
2021-02-27,Monterey,053,433212,42026,41665,1703,43368,322
2021-02-27,Napa,055,140530,9086,9038,34,9072,71
2021-02-27,Nevada,057,99092,4037,3960,162,4122,66
2021-02-27,Orange,059,3164182,247408,245542,10245,255787,3960
2021-02-27,Placer,061,380077,20600,19726,1123,20849,239
2021-02-27,Plumas,063,18699,643,628,10,638,4
2021-02-27,Riverside,065,2383286,285848,279048,13467,292515,3663
2021-02-27,Sacramento,067,1510023,94753,93281,1270,94551,1396
2021-02-27,San Benito,069,59416,5751,5767,91,5858,57
2021-02-27,San Bernardino,071,2135413,286255,281471,8562,290033,3527
2021-02-27,San Diego,073,3302833,264413,260091,12888,272979,3284
2021-02-27,San Francisco,075,870044,34262,34260,1088,35348,413
2021-02-27,San Joaquin,077,732212,66987,65578,2797,68375,1100
2021-02-27,San Luis Obispo,079,281455,19669,19411,563,19974,237
2021-02-27,San Mateo,081,765935,39618,38998,406,39404,313
2021-02-27,Santa Barbara,083,443738,32576,31805,1114,32919,411
2021-02-27,Santa Clara,085,1922200,110655,110361,591,110952,1703
2021-02-27,Santa Cruz,087,273765,15428,14552,784,15336,185
2021-02-27,Shasta,089,179085,10992,10985,1232,12217,149
2021-02-27,Sierra,091,2930,51,48,12,60,0
2021-02-27,Siskiyou,093,43540,1500,1407,237,1644,5
2021-02-27,Solano,095,438530,29894,29718,362,30080,165
2021-02-27,Sonoma,097,501317,28101,28141,210,28351,281
2021-02-27,Stanislaus,099,539301,50796,50147,5371,55518,733
2021-02-27,Sutter,101,95872,8894,8820,81,8901,99
2021-02-27,Tehama,103,63373,4607,4584,494,5078,32
2021-02-27,Trinity,105,12862,468,298,80,378,3
2021-02-27,Tulare,107,460477,48324,47209,8105,55314,770
2021-02-27,Tuolumne,109,53932,3840,3899,33,3932,53
2021-02-27,Ventura,111,848112,78062,77623,2792,80415,771
2021-02-27,Yolo,113,214977,12910,12834,222,13056,188
2021-02-27,Yuba,115,75493,5515,5450,89,5539,39
2021-02-26,Alameda,001,1643700,81069,80387,1743,82130,1106
2021-02-26,Alpine,003,1148,80,77,0,77,0
2021-02-26,Amador,005,37829,3476,3457,30,3487,42
2021-02-26,Butte,007,227075,11361,10941,1623,12564,180
2021-02-26,Calaveras,009,45235,1906,1873,12,1885,46
2021-02-26,Colusa,011,21464,1877,1865,266,2131,11
2021-02-26,Contra Costa,013,1133247,63280,62114,1073,63187,685
2021-02-26,Del Norte,015,27424,1014,968,5,973,5
2021-02-26,El Dorado,017,186661,9155,9038,593,9631,98
2021-02-26,Fresno,019,978130,96579,95202,7760,102962,1391
2021-02-26,Glenn,021,27897,2251,2220,495,2715,15
2021-02-26,Humboldt,023,135768,3176,3152,22,3174,30
2021-02-26,Imperial,025,180216,27242,26888,2564,29452,631
2021-02-26,Inyo,027,18085,1305,1271,9,1280,34
2021-02-26,Kern,029,883053,93507,91884,9834,101718,997
2021-02-26,Kings,031,150075,22285,21917,976,22893,216
2021-02-26,Lake,033,64148,3192,3153,6,3159,40
2021-02-26,Lassen,035,31185,5120,5102,97,5199,1
2021-02-26,Los Angeles,037,10098052,1171274,1153131,39360,1192491,21070
2021-02-26,Madera,039,155013,15644,15436,824,16260,199
2021-02-26,Marin,041,260295,13224,13091,166,13257,214
2021-02-26,Mariposa,043,17540,376,375,5,380,4
2021-02-26,Mendocino,045,87422,3639,3549,67,3616,41
2021-02-26,Merced,047,269075,28499,28455,887,29342,382
2021-02-26,Modoc,049,8938,343,330,115,445,3
2021-02-26,Mono,051,14174,1180,1191,15,1206,3
2021-02-26,Monterey,053,433212,42000,41607,1703,43310,322
2021-02-26,Napa,055,140530,9080,9014,34,9048,70
2021-02-26,Nevada,057,99092,4026,3952,162,4114,66
2021-02-26,Orange,059,3164182,247268,245278,10235,255513,3918
2021-02-26,Placer,061,380077,20574,19712,1117,20829,239
2021-02-26,Plumas,063,18699,643,628,10,638,4
2021-02-26,Riverside,065,2383286,285704,278772,13461,292233,3653
2021-02-26,Sacramento,067,1510023,94630,93180,1267,94447,1390
2021-02-26,San Benito,069,59416,5750,5759,91,5850,57
2021-02-26,San Bernardino,071,2135413,286156,281132,8560,289692,3461
2021-02-26,San Diego,073,3302833,264186,259641,12867,272508,3271
2021-02-26,San Francisco,075,870044,34232,34213,1083,35296,413
2021-02-26,San Joaquin,077,732212,66906,65492,2791,68283,1070
2021-02-26,San Luis Obispo,079,281455,19653,19359,561,19920,234
2021-02-26,San Mateo,081,765935,39572,38922,406,39328,313
2021-02-26,Santa Barbara,083,443738,32532,31724,1113,32837,410
2021-02-26,Santa Clara,085,1922200,110523,110168,589,110757,1700
2021-02-26,Santa Cruz,087,273765,15416,14528,783,15311,185
2021-02-26,Shasta,089,179085,10985,10972,1223,12195,149
2021-02-26,Sierra,091,2930,51,47,12,59,0
2021-02-26,Siskiyou,093,43540,1500,1401,237,1638,5
2021-02-26,Solano,095,438530,29860,29651,361,30012,165
2021-02-26,Sonoma,097,501317,28072,28063,209,28272,280
2021-02-26,Stanislaus,099,539301,50739,50054,5363,55417,737
2021-02-26,Sutter,101,95872,8885,8806,81,8887,99
2021-02-26,Tehama,103,63373,4605,4581,494,5075,32
2021-02-26,Trinity,105,12862,467,298,80,378,3
2021-02-26,Tulare,107,460477,48289,47135,8075,55210,770
2021-02-26,Tuolumne,109,53932,3839,3896,33,3929,53
2021-02-26,Ventura,111,848112,77962,77534,2790,80324,765
2021-02-26,Yolo,113,214977,12903,12816,222,13038,188
2021-02-26,Yuba,115,75493,5510,5438,89,5527,39
2021-02-25,Alameda,001,1643700,80947,80181,1742,81923,1093
2021-02-25,Alpine,003,1148,80,77,0,77,0
2021-02-25,Amador,005,37829,3473,3448,30,3478,41
2021-02-25,Butte,007,227075,11340,10922,1618,12540,178
2021-02-25,Calaveras,009,45235,1898,1868,12,1880,46
2021-02-25,Colusa,011,21464,1874,1863,265,2128,11
2021-02-25,Contra Costa,013,1133247,63178,61910,1073,62983,686
2021-02-25,Del Norte,015,27424,1004,966,5,971,5
2021-02-25,El Dorado,017,186661,9139,9012,593,9605,98
2021-02-25,Fresno,019,978130,96435,95015,7737,102752,1377
2021-02-25,Glenn,021,27897,2248,2219,494,2713,15
2021-02-25,Humboldt,023,135768,3169,3129,22,3151,30
2021-02-25,Imperial,025,180216,27236,26855,2560,29415,628
2021-02-25,Inyo,027,18085,1299,1264,9,1273,33
2021-02-25,Kern,029,883053,93391,91735,9809,101544,992
2021-02-25,Kings,031,150075,22276,21900,973,22873,216
2021-02-25,Lake,033,64148,3183,3141,6,3147,40
2021-02-25,Lassen,035,31185,5119,5097,96,5193,1
2021-02-25,Los Angeles,037,10098052,1170533,1151846,39302,1191148,20931
2021-02-25,Madera,039,155013,15609,15414,820,16234,194
2021-02-25,Marin,041,260295,13200,13067,166,13233,214
2021-02-25,Mariposa,043,17540,376,375,5,380,4
2021-02-25,Mendocino,045,87422,3634,3542,67,3609,41
2021-02-25,Merced,047,269075,28449,28383,886,29269,382
2021-02-25,Modoc,049,8938,343,329,115,444,3
2021-02-25,Mono,051,14174,1179,1190,15,1205,3
2021-02-25,Monterey,053,433212,41975,41564,1698,43262,321
2021-02-25,Napa,055,140530,9054,8998,34,9032,70
2021-02-25,Nevada,057,99092,4009,3940,161,4101,66
2021-02-25,Orange,059,3164182,247096,245000,10225,255225,3882
2021-02-25,Placer,061,380077,20533,19661,1115,20776,239
2021-02-25,Plumas,063,18699,643,626,10,636,4
2021-02-25,Riverside,065,2383286,285516,278544,13440,291984,3646
2021-02-25,Sacramento,067,1510023,94472,92961,1255,94216,1386
2021-02-25,San Benito,069,59416,5745,5752,91,5843,58
2021-02-25,San Bernardino,071,2135413,286022,280946,8552,289498,3409
2021-02-25,San Diego,073,3302833,263892,258979,12837,271816,3260
2021-02-25,San Francisco,075,870044,34189,34138,1080,35218,408
2021-02-25,San Joaquin,077,732212,66822,65389,2779,68168,1047
2021-02-25,San Luis Obispo,079,281455,19632,19335,559,19894,234
2021-02-25,San Mateo,081,765935,39525,38872,406,39278,300
2021-02-25,Santa Barbara,083,443738,32455,31631,1112,32743,408
2021-02-25,Santa Clara,085,1922200,110359,109923,588,110511,1677
2021-02-25,Santa Cruz,087,273765,15397,14492,782,15274,185
2021-02-25,Shasta,089,179085,10973,10947,1218,12165,148
2021-02-25,Sierra,091,2930,51,47,12,59,0
2021-02-25,Siskiyou,093,43540,1496,1390,234,1624,4
2021-02-25,Solano,095,438530,29828,29616,361,29977,161
2021-02-25,Sonoma,097,501317,28018,28004,206,28210,278
2021-02-25,Stanislaus,099,539301,50649,49964,5353,55317,738
2021-02-25,Sutter,101,95872,8871,8789,80,8869,99
2021-02-25,Tehama,103,63373,4601,4578,492,5070,32
2021-02-25,Trinity,105,12862,467,297,80,377,3
2021-02-25,Tulare,107,460477,48239,47052,8049,55101,765
2021-02-25,Tuolumne,109,53932,3836,3894,33,3927,53
2021-02-25,Ventura,111,848112,77857,77395,2784,80179,751
2021-02-25,Yolo,113,214977,12886,12787,222,13009,188
2021-02-25,Yuba,115,75493,5503,5429,89,5518,39
2021-02-24,Alameda,001,1643700,80825,80070,1738,81808,1082
2021-02-24,Alpine,003,1148,79,77,0,77,0
2021-02-24,Amador,005,37829,3468,3444,30,3474,41
2021-02-24,Butte,007,227075,11328,10915,1614,12529,178
2021-02-24,Calaveras,009,45235,1896,1864,12,1876,31
2021-02-24,Colusa,011,21464,1872,1863,265,2128,11
2021-02-24,Contra Costa,013,1133247,63070,61776,1073,62849,663
2021-02-24,Del Norte,015,27424,1003,960,4,964,5
2021-02-24,El Dorado,017,186661,9127,8993,593,9586,98
2021-02-24,Fresno,019,978130,96288,94794,7721,102515,1369
2021-02-24,Glenn,021,27897,2246,2210,494,2704,14
2021-02-24,Humboldt,023,135768,3157,3123,22,3145,29
2021-02-24,Imperial,025,180216,27221,26843,2556,29399,596
2021-02-24,Inyo,027,18085,1294,1253,9,1262,32
2021-02-24,Kern,029,883053,93258,91525,9793,101318,992
2021-02-24,Kings,031,150075,22251,21871,971,22842,216
2021-02-24,Lake,033,64148,3176,3134,6,3140,40
2021-02-24,Lassen,035,31185,5115,5095,95,5190,1
2021-02-24,Los Angeles,037,10098052,1169771,1150322,39258,1189580,20817
2021-02-24,Madera,039,155013,15582,15390,820,16210,194
2021-02-24,Marin,041,260295,13177,13044,165,13209,214
2021-02-24,Mariposa,043,17540,376,374,5,379,4
2021-02-24,Mendocino,045,87422,3627,3540,67,3607,41
2021-02-24,Merced,047,269075,28410,28295,882,29177,383
2021-02-24,Modoc,049,8938,342,329,115,444,3
2021-02-24,Mono,051,14174,1177,1189,15,1204,3
2021-02-24,Monterey,053,433212,41950,41495,1696,43191,320
2021-02-24,Napa,055,140530,9037,8976,33,9009,70
2021-02-24,Nevada,057,99092,3999,3927,161,4088,66
2021-02-24,Orange,059,3164182,246879,244743,10212,254955,3835
2021-02-24,Placer,061,380077,20495,19648,1109,20757,239
2021-02-24,Plumas,063,18699,641,626,10,636,4
2021-02-24,Riverside,065,2383286,285288,278293,13431,291724,3603
2021-02-24,Sacramento,067,1510023,94318,92742,1250,93992,1375
2021-02-24,San Benito,069,59416,5744,5743,91,5834,57
2021-02-24,San Bernardino,071,2135413,285871,280583,8548,289131,3360
2021-02-24,San Diego,073,3302833,263598,258460,12821,271281,3230
2021-02-24,San Francisco,075,870044,34143,34061,1077,35138,406
2021-02-24,San Joaquin,077,732212,66711,65274,2777,68051,1019
2021-02-24,San Luis Obispo,079,281455,19609,19309,557,19866,233
2021-02-24,San Mateo,081,765935,39488,38763,406,39169,300
2021-02-24,Santa Barbara,083,443738,32404,31563,1109,32672,405
2021-02-24,Santa Clara,085,1922200,110208,109671,587,110258,1674
2021-02-24,Santa Cruz,087,273765,15376,14458,782,15240,185
2021-02-24,Shasta,089,179085,10959,10922,1215,12137,148
2021-02-24,Sierra,091,2930,51,47,12,59,0
2021-02-24,Siskiyou,093,43540,1489,1385,230,1615,4
2021-02-24,Solano,095,438530,29789,29577,358,29935,158
2021-02-24,Sonoma,097,501317,27954,27954,202,28156,278
2021-02-24,Stanislaus,099,539301,50578,49851,5345,55196,732
2021-02-24,Sutter,101,95872,8861,8778,80,8858,99
2021-02-24,Tehama,103,63373,4597,4566,492,5058,31
2021-02-24,Trinity,105,12862,467,294,79,373,3
2021-02-24,Tulare,107,460477,48183,46976,8021,54997,759
2021-02-24,Tuolumne,109,53932,3833,3887,33,3920,53
2021-02-24,Ventura,111,848112,77749,77238,2783,80021,718
2021-02-24,Yolo,113,214977,12873,12760,218,12978,188
2021-02-24,Yuba,115,75493,5492,5425,87,5512,39
2021-02-23,Alameda,001,1643700,80686,79948,1735,81683,1070
2021-02-23,Alpine,003,1148,78,77,0,77,0
2021-02-23,Amador,005,37829,3466,3440,30,3470,41
2021-02-23,Butte,007,227075,11313,10887,1610,12497,176
2021-02-23,Calaveras,009,45235,1895,1863,12,1875,21
2021-02-23,Colusa,011,21464,1869,1862,265,2127,11
2021-02-23,Contra Costa,013,1133247,62936,61613,1070,62683,661
2021-02-23,Del Norte,015,27424,1001,953,4,957,3
2021-02-23,El Dorado,017,186661,9114,8969,593,9562,96
2021-02-23,Fresno,019,978130,96127,94741,7707,102448,1356
2021-02-23,Glenn,021,27897,2244,2209,494,2703,14
2021-02-23,Humboldt,023,135768,3140,3108,22,3130,29
2021-02-23,Imperial,025,180216,27201,26816,2551,29367,591
2021-02-23,Inyo,027,18085,1290,1250,9,1259,32
2021-02-23,Kern,029,883053,93119,91390,9765,101155,982
2021-02-23,Kings,031,150075,22236,21839,967,22806,216
2021-02-23,Lake,033,64148,3168,3121,6,3127,40
2021-02-23,Lassen,035,31185,5112,5092,95,5187,1
2021-02-23,Los Angeles,037,10098052,1168905,1148965,39203,1188168,19887
2021-02-23,Madera,039,155013,15568,15352,814,16166,193
2021-02-23,Marin,041,260295,13157,13015,164,13179,214
2021-02-23,Mariposa,043,17540,376,374,5,379,4
2021-02-23,Mendocino,045,87422,3625,3540,66,3606,41
2021-02-23,Merced,047,269075,28322,28209,881,29090,381
2021-02-23,Modoc,049,8938,341,328,114,442,3
2021-02-23,Mono,051,14174,1177,1189,15,1204,3
2021-02-23,Monterey,053,433212,41909,41439,1690,43129,317
2021-02-23,Napa,055,140530,9025,8967,33,9000,70
2021-02-23,Nevada,057,99092,3991,3912,161,4073,66
2021-02-23,Orange,059,3164182,246681,244566,10193,254759,3843
2021-02-23,Placer,061,380077,20469,19608,1105,20713,238
2021-02-23,Plumas,063,18699,640,626,10,636,4
2021-02-23,Riverside,065,2383286,285051,278075,13416,291491,3599
2021-02-23,Sacramento,067,1510023,94161,92632,1244,93876,1370
2021-02-23,San Benito,069,59416,5738,5731,90,5821,57
2021-02-23,San Bernardino,071,2135413,285682,280279,8543,288822,3283
2021-02-23,San Diego,073,3302833,263223,257802,12791,270593,3218
2021-02-23,San Francisco,075,870044,34094,33994,1076,35070,405
2021-02-23,San Joaquin,077,732212,66612,65141,2770,67911,1004
2021-02-23,San Luis Obispo,079,281455,19580,19233,556,19789,230
2021-02-23,San Mateo,081,765935,39427,38662,406,39068,299
2021-02-23,Santa Barbara,083,443738,32351,31483,1107,32590,402
2021-02-23,Santa Clara,085,1922200,110011,109449,584,110033,1661
2021-02-23,Santa Cruz,087,273765,15347,14435,780,15215,178
2021-02-23,Shasta,089,179085,10947,10903,1211,12114,146
2021-02-23,Sierra,091,2930,51,47,12,59,0
2021-02-23,Siskiyou,093,43540,1484,1380,228,1608,4
2021-02-23,Solano,095,438530,29749,29545,355,29900,154
2021-02-23,Sonoma,097,501317,27911,27882,199,28081,278
2021-02-23,Stanislaus,099,539301,50500,49749,5329,55078,722
2021-02-23,Sutter,101,95872,8848,8766,80,8846,98
2021-02-23,Tehama,103,63373,4593,4556,491,5047,30
2021-02-23,Trinity,105,12862,467,292,78,370,3
2021-02-23,Tulare,107,460477,48104,46937,7987,54924,757
2021-02-23,Tuolumne,109,53932,3829,3864,33,3897,53
2021-02-23,Ventura,111,848112,77633,77093,2774,79867,689
2021-02-23,Yolo,113,214977,12844,12729,218,12947,188
2021-02-23,Yuba,115,75493,5479,5417,86,5503,38
2021-02-22,Alameda,001,1643700,80535,79796,1731,81527,1062
2021-02-22,Alpine,003,1148,78,77,0,77,0
2021-02-22,Amador,005,37829,3461,3438,30,3468,39
2021-02-22,Butte,007,227075,11300,10855,1605,12460,176
2021-02-22,Calaveras,009,45235,1893,1862,12,1874,21
2021-02-22,Colusa,011,21464,1869,1860,265,2125,11
2021-02-22,Contra Costa,013,1133247,62801,61478,1068,62546,661
2021-02-22,Del Norte,015,27424,1000,948,4,952,3
2021-02-22,El Dorado,017,186661,9097,8940,593,9533,96
2021-02-22,Fresno,019,978130,95965,94584,7690,102274,1351
2021-02-22,Glenn,021,27897,2238,2207,492,2699,14
2021-02-22,Humboldt,023,135768,3128,3095,22,3117,29
2021-02-22,Imperial,025,180216,27178,26778,2543,29321,590
2021-02-22,Inyo,027,18085,1285,1248,9,1257,32
2021-02-22,Kern,029,883053,93002,91201,9743,100944,982
2021-02-22,Kings,031,150075,22213,21801,964,22765,214
2021-02-22,Lake,033,64148,3162,3107,6,3113,40
2021-02-22,Lassen,035,31185,5112,5088,94,5182,1
2021-02-22,Los Angeles,037,10098052,1168033,1147541,39147,1186688,19730
2021-02-22,Madera,039,155013,15543,15325,810,16135,193
2021-02-22,Marin,041,260295,13133,12991,161,13152,213
2021-02-22,Mariposa,043,17540,375,374,5,379,4
2021-02-22,Mendocino,045,87422,3619,3535,66,3601,41
2021-02-22,Merced,047,269075,28254,28166,879,29045,379
2021-02-22,Modoc,049,8938,341,329,114,443,3
2021-02-22,Mono,051,14174,1173,1189,15,1204,3
2021-02-22,Monterey,053,433212,41858,41397,1683,43080,311
2021-02-22,Napa,055,140530,8998,8950,33,8983,69
2021-02-22,Nevada,057,99092,3982,3900,159,4059,66
2021-02-22,Orange,059,3164182,246445,244118,10175,254293,3843
2021-02-22,Placer,061,380077,20433,19587,1097,20684,238
2021-02-22,Plumas,063,18699,640,625,10,635,4
2021-02-22,Riverside,065,2383286,284787,277730,13408,291138,3567
2021-02-22,Sacramento,067,1510023,93994,92476,1233,93709,1359
2021-02-22,San Benito,069,59416,5736,5723,90,5813,57
2021-02-22,San Bernardino,071,2135413,285500,279984,8530,288514,3259
2021-02-22,San Diego,073,3302833,262813,257348,12758,270106,3189
2021-02-22,San Francisco,075,870044,34034,33947,1071,35018,405
2021-02-22,San Joaquin,077,732212,66513,65060,2757,67817,1001
2021-02-22,San Luis Obispo,079,281455,19543,19198,554,19752,229
2021-02-22,San Mateo,081,765935,39370,38542,403,38945,282
2021-02-22,Santa Barbara,083,443738,32286,31421,1104,32525,399
2021-02-22,Santa Clara,085,1922200,109799,109213,573,109786,1655
2021-02-22,Santa Cruz,087,273765,15321,14417,780,15197,176
2021-02-22,Shasta,089,179085,10932,10872,1206,12078,145
2021-02-22,Sierra,091,2930,51,47,12,59,0
2021-02-22,Siskiyou,093,43540,1478,1373,227,1600,4
2021-02-22,Solano,095,438530,29710,29508,354,29862,150
2021-02-22,Sonoma,097,501317,27866,27845,198,28043,278
2021-02-22,Stanislaus,099,539301,50395,49630,5310,54940,722
2021-02-22,Sutter,101,95872,8840,8698,80,8778,98
2021-02-22,Tehama,103,63373,4584,4550,491,5041,30
2021-02-22,Trinity,105,12862,467,287,77,364,3
2021-02-22,Tulare,107,460477,48041,46879,7955,54834,751
2021-02-22,Tuolumne,109,53932,3825,3856,33,3889,53
2021-02-22,Ventura,111,848112,77505,76947,2769,79716,677
2021-02-22,Yolo,113,214977,12817,12689,218,12907,183
2021-02-22,Yuba,115,75493,5476,5404,85,5489,38
2021-02-21,Alameda,001,1643700,80341,79649,1726,81375,1061
2021-02-21,Alpine,003,1148,78,77,0,77,0
2021-02-21,Amador,005,37829,3453,3435,30,3465,39
2021-02-21,Butte,007,227075,11277,10855,1603,12458,176
2021-02-21,Calaveras,009,45235,1892,1860,12,1872,21
2021-02-21,Colusa,011,21464,1868,1860,261,2121,11
2021-02-21,Contra Costa,013,1133247,62635,61364,1065,62429,661
2021-02-21,Del Norte,015,27424,994,942,4,946,3
2021-02-21,El Dorado,017,186661,9079,8927,592,9519,96
2021-02-21,Fresno,019,978130,95821,94374,7673,102047,1349
2021-02-21,Glenn,021,27897,2236,2201,490,2691,14
2021-02-21,Humboldt,023,135768,3116,3096,22,3118,29
2021-02-21,Imperial,025,180216,27159,26779,2539,29318,590
2021-02-21,Inyo,027,18085,1279,1232,9,1241,32
2021-02-21,Kern,029,883053,92877,91141,9704,100845,980
2021-02-21,Kings,031,150075,22177,21784,962,22746,213
2021-02-21,Lake,033,64148,3154,3100,6,3106,40
2021-02-21,Lassen,035,31185,5104,5077,94,5171,1
2021-02-21,Los Angeles,037,10098052,1166998,1146756,39099,1185855,19711
2021-02-21,Madera,039,155013,15510,15298,807,16105,192
2021-02-21,Marin,041,260295,13103,12968,161,13129,212
2021-02-21,Mariposa,043,17540,375,373,5,378,4
2021-02-21,Mendocino,045,87422,3614,3535,66,3601,41
2021-02-21,Merced,047,269075,28164,28106,867,28973,379
2021-02-21,Modoc,049,8938,338,329,114,443,3
2021-02-21,Mono,051,14174,1173,1189,15,1204,3
2021-02-21,Monterey,053,433212,41802,41373,1673,43046,309
2021-02-21,Napa,055,140530,8983,8929,33,8962,69
2021-02-21,Nevada,057,99092,3969,3895,159,4054,66
2021-02-21,Orange,059,3164182,246144,243985,10158,254143,3801
2021-02-21,Placer,061,380077,20397,19553,1093,20646,238
2021-02-21,Plumas,063,18699,640,625,10,635,4
2021-02-21,Riverside,065,2383286,284551,277555,13395,290950,3564
2021-02-21,Sacramento,067,1510023,93784,92288,1220,93508,1354
2021-02-21,San Benito,069,59416,5726,5716,87,5803,57
2021-02-21,San Bernardino,071,2135413,285253,279870,8516,288386,3247
2021-02-21,San Diego,073,3302833,262379,257027,12712,269739,3190
2021-02-21,San Francisco,075,870044,33970,33891,1067,34958,405
2021-02-21,San Joaquin,077,732212,66364,64997,2745,67742,1001
2021-02-21,San Luis Obispo,079,281455,19510,19178,552,19730,229
2021-02-21,San Mateo,081,765935,39310,38448,399,38847,282
2021-02-21,Santa Barbara,083,443738,32224,31374,1101,32475,399
2021-02-21,Santa Clara,085,1922200,109573,108992,564,109556,1654
2021-02-21,Santa Cruz,087,273765,15298,14401,779,15180,176
2021-02-21,Shasta,089,179085,10917,10867,1201,12068,145
2021-02-21,Sierra,091,2930,51,47,12,59,0
2021-02-21,Siskiyou,093,43540,1472,1371,227,1598,4
2021-02-21,Solano,095,438530,29653,29471,353,29824,150
2021-02-21,Sonoma,097,501317,27800,27793,191,27984,278
2021-02-21,Stanislaus,099,539301,50269,49527,5294,54821,726
2021-02-21,Sutter,101,95872,8822,8687,79,8766,97
2021-02-21,Tehama,103,63373,4572,4547,491,5038,30
2021-02-21,Trinity,105,12862,465,286,77,363,3
2021-02-21,Tulare,107,460477,47971,46830,7920,54750,749
2021-02-21,Tuolumne,109,53932,3811,3828,33,3861,53
2021-02-21,Ventura,111,848112,77357,76862,2755,79617,677
2021-02-21,Yolo,113,214977,12786,12670,218,12888,183
2021-02-21,Yuba,115,75493,5468,5396,84,5480,38
2021-02-20,Alameda,001,1643700,80251,79496,1722,81218,1055
2021-02-20,Alpine,003,1148,78,77,0,77,0
2021-02-20,Amador,005,37829,3451,3432,30,3462,39
2021-02-20,Butte,007,227075,11269,10838,1601,12439,176
2021-02-20,Calaveras,009,45235,1891,1858,12,1870,21
2021-02-20,Colusa,011,21464,1867,1858,261,2119,11
2021-02-20,Contra Costa,013,1133247,62546,61205,1063,62268,663
2021-02-20,Del Norte,015,27424,990,937,4,941,3
2021-02-20,El Dorado,017,186661,9069,8911,592,9503,96
2021-02-20,Fresno,019,978130,95737,94234,7653,101887,1341
2021-02-20,Glenn,021,27897,2233,2199,489,2688,14
2021-02-20,Humboldt,023,135768,3108,3073,22,3095,29
2021-02-20,Imperial,025,180216,27151,26771,2539,29310,590
2021-02-20,Inyo,027,18085,1275,1226,9,1235,32
2021-02-20,Kern,029,883053,92805,91025,9672,100697,968
2021-02-20,Kings,031,150075,22159,21773,961,22734,212
2021-02-20,Lake,033,64148,3147,3089,6,3095,40
2021-02-20,Lassen,035,31185,5102,5067,94,5161,1
2021-02-20,Los Angeles,037,10098052,1166432,1145594,39056,1184650,19630
2021-02-20,Madera,039,155013,15490,15274,806,16080,191
2021-02-20,Marin,041,260295,13082,12945,159,13104,211
2021-02-20,Mariposa,043,17540,375,372,5,377,4
2021-02-20,Mendocino,045,87422,3612,3533,66,3599,40
2021-02-20,Merced,047,269075,28119,28066,865,28931,379
2021-02-20,Modoc,049,8938,338,328,114,442,3
2021-02-20,Mono,051,14174,1172,1187,15,1202,3
2021-02-20,Monterey,053,433212,41782,41313,1671,42984,309
2021-02-20,Napa,055,140530,8974,8910,33,8943,69
2021-02-20,Nevada,057,99092,3959,3887,158,4045,66
2021-02-20,Orange,059,3164182,245975,243761,10145,253906,3755
2021-02-20,Placer,061,380077,20357,19509,1089,20598,236
2021-02-20,Plumas,063,18699,640,626,10,636,4
2021-02-20,Riverside,065,2383286,284396,277267,13385,290652,3559
2021-02-20,Sacramento,067,1510023,93660,92057,1218,93275,1352
2021-02-20,San Benito,069,59416,5714,5709,87,5796,57
2021-02-20,San Bernardino,071,2135413,285152,279608,8511,288119,3203
2021-02-20,San Diego,073,3302833,262137,256510,12683,269193,3188
2021-02-20,San Francisco,075,870044,33928,33820,1058,34878,399
2021-02-20,San Joaquin,077,732212,66291,64916,2740,67656,1001
2021-02-20,San Luis Obispo,079,281455,19486,19138,551,19689,229
2021-02-20,San Mateo,081,765935,39266,38371,398,38769,282
2021-02-20,Santa Barbara,083,443738,32190,31289,1100,32389,396
2021-02-20,Santa Clara,085,1922200,109397,108728,561,109289,1649
2021-02-20,Santa Cruz,087,273765,15287,14378,777,15155,176
2021-02-20,Shasta,089,179085,10903,10850,1196,12046,146
2021-02-20,Sierra,091,2930,51,47,12,59,0
2021-02-20,Siskiyou,093,43540,1469,1366,227,1593,4
2021-02-20,Solano,095,438530,29638,29440,351,29791,150
2021-02-20,Sonoma,097,501317,27771,27703,189,27892,278
2021-02-20,Stanislaus,099,539301,50214,49445,5281,54726,733
2021-02-20,Sutter,101,95872,8816,8681,79,8760,97
2021-02-20,Tehama,103,63373,4571,4545,491,5036,30
2021-02-20,Trinity,105,12862,464,285,76,361,3
2021-02-20,Tulare,107,460477,47935,46769,7898,54667,739
2021-02-20,Tuolumne,109,53932,3806,3823,33,3856,53
2021-02-20,Ventura,111,848112,77261,76757,2752,79509,671
2021-02-20,Yolo,113,214977,12772,12639,217,12856,183
2021-02-20,Yuba,115,75493,5465,5386,84,5470,38
2021-02-19,Alameda,001,1643700,80148,79318,1718,81036,1047
2021-02-19,Alpine,003,1148,78,77,0,77,0
2021-02-19,Amador,005,37829,3447,3427,30,3457,39
2021-02-19,Butte,007,227075,11259,10823,1596,12419,176
2021-02-19,Calaveras,009,45235,1890,1856,12,1868,21
2021-02-19,Colusa,011,21464,1867,1858,261,2119,11
2021-02-19,Contra Costa,013,1133247,62438,61017,1061,62078,651
2021-02-19,Del Norte,015,27424,985,932,4,936,2
2021-02-19,El Dorado,017,186661,9060,8882,591,9473,96
2021-02-19,Fresno,019,978130,95606,93973,7637,101610,1330
2021-02-19,Glenn,021,27897,2228,2199,488,2687,14
2021-02-19,Humboldt,023,135768,3096,3037,22,3059,29
2021-02-19,Imperial,025,180216,27146,26751,2536,29287,589
2021-02-19,Inyo,027,18085,1270,1212,9,1221,32
2021-02-19,Kern,029,883053,92735,90807,9631,100438,963
2021-02-19,Kings,031,150075,22145,21724,959,22683,211
2021-02-19,Lake,033,64148,3141,3078,6,3084,40
2021-02-19,Lassen,035,31185,5101,5057,94,5151,1
2021-02-19,Los Angeles,037,10098052,1165684,1143828,39015,1182843,19498
2021-02-19,Madera,039,155013,15473,15222,804,16026,188
2021-02-19,Marin,041,260295,13058,12919,157,13076,210
2021-02-19,Mariposa,043,17540,375,371,5,376,4
2021-02-19,Mendocino,045,87422,3610,3526,66,3592,39
2021-02-19,Merced,047,269075,28088,27985,862,28847,376
2021-02-19,Modoc,049,8938,338,328,114,442,3
2021-02-19,Mono,051,14174,1172,1186,15,1201,3
2021-02-19,Monterey,053,433212,41753,41209,1667,42876,309
2021-02-19,Napa,055,140530,8962,8899,33,8932,69
2021-02-19,Nevada,057,99092,3953,3863,158,4021,66
2021-02-19,Orange,059,3164182,245794,243397,10132,253529,3715
2021-02-19,Placer,061,380077,20335,19457,1089,20546,236
2021-02-19,Plumas,063,18699,638,624,10,634,4
2021-02-19,Riverside,065,2383286,284225,276941,13368,290309,3541
2021-02-19,Sacramento,067,1510023,93539,91815,1214,93029,1351
2021-02-19,San Benito,069,59416,5709,5699,87,5786,57
2021-02-19,San Bernardino,071,2135413,285025,279209,8506,287715,3117
2021-02-19,San Diego,073,3302833,261846,255799,12660,268459,3169
2021-02-19,San Francisco,075,870044,33880,33746,1052,34798,387
2021-02-19,San Joaquin,077,732212,66219,64774,2731,67505,988
2021-02-19,San Luis Obispo,079,281455,19456,19061,549,19610,230
2021-02-19,San Mateo,081,765935,39208,38256,396,38652,282
2021-02-19,Santa Barbara,083,443738,32126,31204,1099,32303,392
2021-02-19,Santa Clara,085,1922200,109184,108400,559,108959,1634
2021-02-19,Santa Cruz,087,273765,15272,14354,777,15131,176
2021-02-19,Shasta,089,179085,10891,10833,1193,12026,140
2021-02-19,Sierra,091,2930,51,47,12,59,0
2021-02-19,Siskiyou,093,43540,1465,1363,225,1588,4
2021-02-19,Solano,095,438530,29607,29383,350,29733,150
2021-02-19,Sonoma,097,501317,27724,27595,187,27782,280
2021-02-19,Stanislaus,099,539301,50153,49282,5265,54547,739
2021-02-19,Sutter,101,95872,8806,8665,79,8744,96
2021-02-19,Tehama,103,63373,4569,4535,491,5026,30
2021-02-19,Trinity,105,12862,462,282,74,356,3
2021-02-19,Tulare,107,460477,47888,46662,7873,54535,736
2021-02-19,Tuolumne,109,53932,3799,3817,33,3850,52
2021-02-19,Ventura,111,848112,77181,76582,2749,79331,667
2021-02-19,Yolo,113,214977,12756,12606,217,12823,183
2021-02-19,Yuba,115,75493,5455,5376,84,5460,38
2021-02-18,Alameda,001,1643700,80002,79111,1710,80821,1012
2021-02-18,Alpine,003,1148,78,77,0,77,0
2021-02-18,Amador,005,37829,3443,3417,29,3446,38
2021-02-18,Butte,007,227075,11241,10791,1593,12384,175
2021-02-18,Calaveras,009,45235,1885,1873,12,1885,21
2021-02-18,Colusa,011,21464,1865,1856,259,2115,11
2021-02-18,Contra Costa,013,1133247,62327,60868,1060,61928,640
2021-02-18,Del Norte,015,27424,980,929,4,933,2
2021-02-18,El Dorado,017,186661,9045,8850,590,9440,94
2021-02-18,Fresno,019,978130,95435,93734,7612,101346,1323
2021-02-18,Glenn,021,27897,2222,2195,488,2683,14
2021-02-18,Humboldt,023,135768,3084,3023,22,3045,29
2021-02-18,Imperial,025,180216,27120,26731,2531,29262,591
2021-02-18,Inyo,027,18085,1266,1213,8,1221,32
2021-02-18,Kern,029,883053,92577,90655,9600,100255,961
2021-02-18,Kings,031,150075,22121,21648,958,22606,211
2021-02-18,Lake,033,64148,3133,3066,6,3072,40
2021-02-18,Lassen,035,31185,5092,5052,94,5146,1
2021-02-18,Los Angeles,037,10098052,1164724,1141930,38949,1180879,19358
2021-02-18,Madera,039,155013,15451,15175,799,15974,188
2021-02-18,Marin,041,260295,13044,12895,157,13052,209
2021-02-18,Mariposa,043,17540,374,369,5,374,4
2021-02-18,Mendocino,045,87422,3607,3519,65,3584,39
2021-02-18,Merced,047,269075,28038,27870,856,28726,372
2021-02-18,Modoc,049,8938,336,327,113,440,3
2021-02-18,Mono,051,14174,1172,1182,15,1197,3
2021-02-18,Monterey,053,433212,41688,41091,1659,42750,307
2021-02-18,Napa,055,140530,8945,8877,33,8910,68
2021-02-18,Nevada,057,99092,3944,3836,157,3993,66
2021-02-18,Orange,059,3164182,245575,243098,10115,253213,3673
2021-02-18,Placer,061,380077,20308,19429,1088,20517,232
2021-02-18,Plumas,063,18699,638,624,10,634,4
2021-02-18,Riverside,065,2383286,283936,276595,13347,289942,3510
2021-02-18,Sacramento,067,1510023,93377,91476,1208,92684,1334
2021-02-18,San Benito,069,59416,5706,5697,86,5783,58
2021-02-18,San Bernardino,071,2135413,284815,278887,8492,287379,3066
2021-02-18,San Diego,073,3302833,261492,254987,12637,267624,3135
2021-02-18,San Francisco,075,870044,33822,33650,1049,34699,386
2021-02-18,San Joaquin,077,732212,66133,64634,2721,67355,982
2021-02-18,San Luis Obispo,079,281455,19414,18987,546,19533,230
2021-02-18,San Mateo,081,765935,39146,38185,392,38577,282
2021-02-18,Santa Barbara,083,443738,32046,31054,1092,32146,387
2021-02-18,Santa Clara,085,1922200,108957,108210,556,108766,1605
2021-02-18,Santa Cruz,087,273765,15246,14314,777,15091,176
2021-02-18,Shasta,089,179085,10871,10811,1190,12001,139
2021-02-18,Sierra,091,2930,50,47,12,59,0
2021-02-18,Siskiyou,093,43540,1460,1359,224,1583,4
2021-02-18,Solano,095,438530,29580,29349,349,29698,150
2021-02-18,Sonoma,097,501317,27656,27512,186,27698,281
2021-02-18,Stanislaus,099,539301,50055,49150,5250,54400,738
2021-02-18,Sutter,101,95872,8798,8654,79,8733,96
2021-02-18,Tehama,103,63373,4566,4528,490,5018,30
2021-02-18,Trinity,105,12862,461,282,74,356,3
2021-02-18,Tulare,107,460477,47827,46591,7833,54424,728
2021-02-18,Tuolumne,109,53932,3762,3811,33,3844,52
2021-02-18,Ventura,111,848112,77049,76442,2741,79183,659
2021-02-18,Yolo,113,214977,12729,12549,214,12763,183
2021-02-18,Yuba,115,75493,5438,5358,84,5442,38
2021-02-17,Alameda,001,1643700,79840,78895,1708,80603,1002
2021-02-17,Alpine,003,1148,78,77,0,77,0
2021-02-17,Amador,005,37829,3439,3415,29,3444,38
2021-02-17,Butte,007,227075,11223,10770,1590,12360,174
2021-02-17,Calaveras,009,45235,1885,1876,12,1888,21
2021-02-17,Colusa,011,21464,1862,1854,259,2113,10
2021-02-17,Contra Costa,013,1133247,62186,60723,1057,61780,635
2021-02-17,Del Norte,015,27424,973,920,4,924,2
2021-02-17,El Dorado,017,186661,9033,8847,590,9437,94
2021-02-17,Fresno,019,978130,95295,93555,7585,101140,1307
2021-02-17,Glenn,021,27897,2222,2189,487,2676,14
2021-02-17,Humboldt,023,135768,3069,3006,22,3028,29
2021-02-17,Imperial,025,180216,27105,26726,2529,29255,580
2021-02-17,Inyo,027,18085,1258,1197,8,1205,32
2021-02-17,Kern,029,883053,92458,90454,9554,100008,962
2021-02-17,Kings,031,150075,22083,21617,954,22571,211
2021-02-17,Lake,033,64148,3122,3057,2,3059,38
2021-02-17,Lassen,035,31185,5087,5052,93,5145,1
2021-02-17,Los Angeles,037,10098052,1163672,1139786,38886,1178672,19213
2021-02-17,Madera,039,155013,15425,15135,790,15925,177
2021-02-17,Marin,041,260295,13018,12881,157,13038,207
2021-02-17,Mariposa,043,17540,374,368,4,372,4
2021-02-17,Mendocino,045,87422,3605,3494,64,3558,39
2021-02-17,Merced,047,269075,27984,27824,847,28671,372
2021-02-17,Modoc,049,8938,336,327,113,440,3
2021-02-17,Mono,051,14174,1172,1180,15,1195,3
2021-02-17,Monterey,053,433212,41634,41014,1647,42661,304
2021-02-17,Napa,055,140530,8931,8865,33,8898,68
2021-02-17,Nevada,057,99092,3925,3822,154,3976,52
2021-02-17,Orange,059,3164182,245307,242716,10081,252797,3626
2021-02-17,Placer,061,380077,20275,19405,1084,20489,230
2021-02-17,Plumas,063,18699,637,623,10,633,4
2021-02-17,Riverside,065,2383286,283650,276289,13326,289615,3491
2021-02-17,Sacramento,067,1510023,93218,91309,1201,92510,1326
2021-02-17,San Benito,069,59416,5700,5661,86,5747,57
2021-02-17,San Bernardino,071,2135413,284607,278461,8473,286934,3020
2021-02-17,San Diego,073,3302833,261115,254177,12616,266793,3099
2021-02-17,San Francisco,075,870044,33746,33558,1044,34602,379
2021-02-17,San Joaquin,077,732212,66031,64556,2715,67271,979
2021-02-17,San Luis Obispo,079,281455,19368,18964,546,19510,230
2021-02-17,San Mateo,081,765935,39080,38124,391,38515,282
2021-02-17,Santa Barbara,083,443738,31978,30927,1091,32018,384
2021-02-17,Santa Clara,085,1922200,108725,107949,554,108503,1592
2021-02-17,Santa Cruz,087,273765,15213,14268,774,15042,174
2021-02-17,Shasta,089,179085,10851,10770,1189,11959,139
2021-02-17,Sierra,091,2930,50,47,12,59,0
2021-02-17,Siskiyou,093,43540,1454,1352,221,1573,4
2021-02-17,Solano,095,438530,29524,29288,349,29637,149
2021-02-17,Sonoma,097,501317,27582,27408,181,27589,281
2021-02-17,Stanislaus,099,539301,49946,49050,5234,54284,730
2021-02-17,Sutter,101,95872,8788,8681,79,8760,95
2021-02-17,Tehama,103,63373,4562,4511,489,5000,30
2021-02-17,Trinity,105,12862,461,277,72,349,3
2021-02-17,Tulare,107,460477,47761,46495,7806,54301,726
2021-02-17,Tuolumne,109,53932,3753,3806,33,3839,49
2021-02-17,Ventura,111,848112,76924,76234,2735,78969,646
2021-02-17,Yolo,113,214977,12712,12506,212,12718,182
2021-02-17,Yuba,115,75493,5429,5345,84,5429,38
2021-02-16,Alameda,001,1643700,79667,78756,1705,80461,997
2021-02-16,Alpine,003,1148,78,76,0,76,0
2021-02-16,Amador,005,37829,3432,3413,29,3442,39
2021-02-16,Butte,007,227075,11196,10748,1587,12335,164
2021-02-16,Calaveras,009,45235,1883,1872,12,1884,21
2021-02-16,Colusa,011,21464,1859,1852,257,2109,10
2021-02-16,Contra Costa,013,1133247,62038,60564,1052,61616,631
2021-02-16,Del Norte,015,27424,965,913,4,917,2
2021-02-16,El Dorado,017,186661,9023,8836,589,9425,94
2021-02-16,Fresno,019,978130,95131,93363,7555,100918,1293
2021-02-16,Glenn,021,27897,2213,2189,482,2671,14
2021-02-16,Humboldt,023,135768,3046,2994,21,3015,29
2021-02-16,Imperial,025,180216,27092,26711,2525,29236,580
2021-02-16,Inyo,027,18085,1250,1191,8,1199,32
2021-02-16,Kern,029,883053,92323,90267,9525,99792,959
2021-02-16,Kings,031,150075,22037,21583,950,22533,206
2021-02-16,Lake,033,64148,3113,3041,2,3043,38
2021-02-16,Lassen,035,31185,5075,5047,93,5140,1
2021-02-16,Los Angeles,037,10098052,1162420,1138262,38825,1177087,19044
2021-02-16,Madera,039,155013,15386,15120,785,15905,172
2021-02-16,Marin,041,260295,12994,12832,157,12989,205
2021-02-16,Mariposa,043,17540,374,367,4,371,4
2021-02-16,Mendocino,045,87422,3601,3489,64,3553,39
2021-02-16,Merced,047,269075,27911,27724,841,28565,368
2021-02-16,Modoc,049,8938,336,326,113,439,3
2021-02-16,Mono,051,14174,1172,1180,15,1195,3
2021-02-16,Monterey,053,433212,41560,40962,1638,42600,303
2021-02-16,Napa,055,140530,8918,8854,33,8887,66
2021-02-16,Nevada,057,99092,3912,3774,153,3927,47
2021-02-16,Orange,059,3164182,244985,242382,10065,252447,3612
2021-02-16,Placer,061,380077,20242,19367,1081,20448,230
2021-02-16,Plumas,063,18699,637,619,10,629,4
2021-02-16,Riverside,065,2383286,283344,275954,13302,289256,3471
2021-02-16,Sacramento,067,1510023,92963,91246,1195,92441,1305
2021-02-16,San Benito,069,59416,5692,5659,85,5744,56
2021-02-16,San Bernardino,071,2135413,284385,277947,8462,286409,2978
2021-02-16,San Diego,073,3302833,260651,253638,12577,266215,3042
2021-02-16,San Francisco,075,870044,33675,33491,1039,34530,373
2021-02-16,San Joaquin,077,732212,65908,64448,2712,67160,979
2021-02-16,San Luis Obispo,079,281455,19323,18925,543,19468,229
2021-02-16,San Mateo,081,765935,39021,38041,389,38430,277
2021-02-16,Santa Barbara,083,443738,31904,30865,1088,31953,378
2021-02-16,Santa Clara,085,1922200,108473,107754,551,108305,1591
2021-02-16,Santa Cruz,087,273765,15193,14256,773,15029,174
2021-02-16,Shasta,089,179085,10835,10736,1187,11923,139
2021-02-16,Sierra,091,2930,50,47,12,59,0
2021-02-16,Siskiyou,093,43540,1450,1351,221,1572,4
2021-02-16,Solano,095,438530,29484,29246,348,29594,148
2021-02-16,Sonoma,097,501317,27520,27380,175,27555,279
2021-02-16,Stanislaus,099,539301,49825,48927,5220,54147,716
2021-02-16,Sutter,101,95872,8765,8671,79,8750,95
2021-02-16,Tehama,103,63373,4553,4501,488,4989,30
2021-02-16,Trinity,105,12862,457,275,72,347,3
2021-02-16,Tulare,107,460477,47695,46444,7762,54206,716
2021-02-16,Tuolumne,109,53932,3751,3796,33,3829,49
2021-02-16,Ventura,111,848112,76779,76043,2731,78774,631
2021-02-16,Yolo,113,214977,12681,12457,212,12669,175
2021-02-16,Yuba,115,75493,5422,5332,83,5415,38
2021-02-15,Alameda,001,1643700,79469,78647,1694,80341,996
2021-02-15,Alpine,003,1148,78,76,0,76,0
2021-02-15,Amador,005,37829,3428,3409,29,3438,39
2021-02-15,Butte,007,227075,11178,10723,1583,12306,155
2021-02-15,Calaveras,009,45235,1879,1871,12,1883,21
2021-02-15,Colusa,011,21464,1859,1849,253,2102,10
2021-02-15,Contra Costa,013,1133247,61862,60444,1046,61490,631
2021-02-15,Del Norte,015,27424,961,913,4,917,2
2021-02-15,El Dorado,017,186661,9006,8816,589,9405,94
2021-02-15,Fresno,019,978130,94931,93231,7516,100747,1288
2021-02-15,Glenn,021,27897,2210,2185,479,2664,14
2021-02-15,Humboldt,023,135768,3039,2997,21,3018,29
2021-02-15,Imperial,025,180216,27072,26700,2521,29221,580
2021-02-15,Inyo,027,18085,1231,1184,8,1192,32
2021-02-15,Kern,029,883053,92179,90181,9492,99673,959
2021-02-15,Kings,031,150075,21992,21574,946,22520,205
2021-02-15,Lake,033,64148,3099,3030,1,3031,38
2021-02-15,Lassen,035,31185,5073,5047,92,5139,1
2021-02-15,Los Angeles,037,10098052,1161031,1137164,38761,1175925,18925
2021-02-15,Madera,039,155013,15355,15108,783,15891,106
2021-02-15,Marin,041,260295,12974,12810,154,12964,203
2021-02-15,Mariposa,043,17540,372,367,4,371,4
2021-02-15,Mendocino,045,87422,3589,3481,64,3545,39
2021-02-15,Merced,047,269075,27836,27656,834,28490,368
2021-02-15,Modoc,049,8938,336,326,113,439,3
2021-02-15,Mono,051,14174,1169,1178,15,1193,3
2021-02-15,Monterey,053,433212,41499,40911,1625,42536,302
2021-02-15,Napa,055,140530,8904,8837,33,8870,57
2021-02-15,Nevada,057,99092,3895,3767,152,3919,47
2021-02-15,Orange,059,3164182,244667,242176,10037,252213,3586
2021-02-15,Placer,061,380077,20216,19361,1080,20441,230
2021-02-15,Plumas,063,18699,637,620,10,630,4
2021-02-15,Riverside,065,2383286,282987,275771,13284,289055,3468
2021-02-15,Sacramento,067,1510023,92636,91091,1190,92281,1304
2021-02-15,San Benito,069,59416,5683,5649,85,5734,56
2021-02-15,San Bernardino,071,2135413,284128,277869,8454,286323,2945
2021-02-15,San Diego,073,3302833,260137,252940,12546,265486,3037
2021-02-15,San Francisco,075,870044,33601,33454,1032,34486,373
2021-02-15,San Joaquin,077,732212,65743,64382,2705,67087,979
2021-02-15,San Luis Obispo,079,281455,19270,18891,541,19432,227
2021-02-15,San Mateo,081,765935,38943,37969,386,38355,277
2021-02-15,Santa Barbara,083,443738,31802,30810,1085,31895,378
2021-02-15,Santa Clara,085,1922200,108238,107630,549,108179,1588
2021-02-15,Santa Cruz,087,273765,15161,14239,770,15009,175
2021-02-15,Shasta,089,179085,10815,10730,1182,11912,139
2021-02-15,Sierra,091,2930,50,47,12,59,0
2021-02-15,Siskiyou,093,43540,1442,1345,220,1565,4
2021-02-15,Solano,095,438530,29429,29225,348,29573,148
2021-02-15,Sonoma,097,501317,27434,27359,171,27530,276
2021-02-15,Stanislaus,099,539301,49700,48808,5207,54015,716
2021-02-15,Sutter,101,95872,8750,8652,79,8731,95
2021-02-15,Tehama,103,63373,4542,4492,486,4978,30
2021-02-15,Trinity,105,12862,456,274,72,346,3
2021-02-15,Tulare,107,460477,47622,46344,7723,54067,715
2021-02-15,Tuolumne,109,53932,3741,3794,33,3827,49
2021-02-15,Ventura,111,848112,76623,75889,2728,78617,629
2021-02-15,Yolo,113,214977,12644,12412,206,12618,175
2021-02-15,Yuba,115,75493,5405,5320,82,5402,38
2021-02-14,Alameda,001,1643700,79312,78442,1693,80135,995
2021-02-14,Alpine,003,1148,78,76,0,76,0
2021-02-14,Amador,005,37829,3423,3398,29,3427,39
2021-02-14,Butte,007,227075,11154,10717,1578,12295,155
2021-02-14,Calaveras,009,45235,1876,1866,12,1878,21
2021-02-14,Colusa,011,21464,1855,1845,250,2095,10
2021-02-14,Contra Costa,013,1133247,61714,60272,1043,61315,631
2021-02-14,Del Norte,015,27424,957,911,4,915,2
2021-02-14,El Dorado,017,186661,8975,8790,588,9378,94
2021-02-14,Fresno,019,978130,94760,93065,7493,100558,1287
2021-02-14,Glenn,021,27897,2208,2184,479,2663,14
2021-02-14,Humboldt,023,135768,3026,2992,21,3013,29
2021-02-14,Imperial,025,180216,27064,26696,2520,29216,580
2021-02-14,Inyo,027,18085,1225,1177,8,1185,32
2021-02-14,Kern,029,883053,92019,90038,9439,99477,959
2021-02-14,Kings,031,150075,21966,21538,944,22482,205
2021-02-14,Lake,033,64148,3090,3030,1,3031,38
2021-02-14,Lassen,035,31185,5069,5037,92,5129,1
2021-02-14,Los Angeles,037,10098052,1159692,1135450,38674,1174124,18898
2021-02-14,Madera,039,155013,15323,15089,779,15868,106
2021-02-14,Marin,041,260295,12950,12784,154,12938,201
2021-02-14,Mariposa,043,17540,372,365,4,369,4
2021-02-14,Mendocino,045,87422,3583,3475,64,3539,39
2021-02-14,Merced,047,269075,27758,27601,829,28430,368
2021-02-14,Modoc,049,8938,336,326,113,439,3
2021-02-14,Mono,051,14174,1168,1180,15,1195,3
2021-02-14,Monterey,053,433212,41449,40842,1621,42463,302
2021-02-14,Napa,055,140530,8884,8826,33,8859,57
2021-02-14,Nevada,057,99092,3879,3761,152,3913,47
2021-02-14,Orange,059,3164182,244355,241859,10018,251877,3564
2021-02-14,Placer,061,380077,20177,19313,1075,20388,230
2021-02-14,Plumas,063,18699,636,620,10,630,4
2021-02-14,Riverside,065,2383286,282653,275518,13265,288783,3471
2021-02-14,Sacramento,067,1510023,92429,90856,1186,92042,1304
2021-02-14,San Benito,069,59416,5675,5641,84,5725,56
2021-02-14,San Bernardino,071,2135413,283812,277664,8434,286098,2929
2021-02-14,San Diego,073,3302833,259645,252247,12498,264745,3037
2021-02-14,San Francisco,075,870044,33527,33374,1024,34398,372
2021-02-14,San Joaquin,077,732212,65644,64243,2691,66934,979
2021-02-14,San Luis Obispo,079,281455,19232,18868,538,19406,225
2021-02-14,San Mateo,081,765935,38859,37859,386,38245,277
2021-02-14,Santa Barbara,083,443738,31710,30744,1081,31825,377
2021-02-14,Santa Clara,085,1922200,108037,107412,545,107957,1582
2021-02-14,Santa Cruz,087,273765,15133,14225,765,14990,175
2021-02-14,Shasta,089,179085,10784,10720,1177,11897,139
2021-02-14,Sierra,091,2930,50,47,12,59,0
2021-02-14,Siskiyou,093,43540,1438,1340,220,1560,4
2021-02-14,Solano,095,438530,29391,29150,345,29495,148
2021-02-14,Sonoma,097,501317,27357,27266,169,27435,276
2021-02-14,Stanislaus,099,539301,49593,48672,5192,53864,716
2021-02-14,Sutter,101,95872,8727,8642,79,8721,95
2021-02-14,Tehama,103,63373,4534,4490,484,4974,30
2021-02-14,Trinity,105,12862,456,272,72,344,3
2021-02-14,Tulare,107,460477,47541,46263,7674,53937,715
2021-02-14,Tuolumne,109,53932,3740,3764,33,3797,49
2021-02-14,Ventura,111,848112,76448,75742,2717,78459,629
2021-02-14,Yolo,113,214977,12615,12399,205,12604,175
2021-02-14,Yuba,115,75493,5395,5314,82,5396,38
2021-02-13,Alameda,001,1643700,79197,78246,1690,79936,995
2021-02-13,Alpine,003,1148,78,76,0,76,0
2021-02-13,Amador,005,37829,3420,3387,29,3416,38
2021-02-13,Butte,007,227075,11138,10699,1577,12276,155
2021-02-13,Calaveras,009,45235,1872,1863,12,1875,21
2021-02-13,Colusa,011,21464,1855,1837,250,2087,10
2021-02-13,Contra Costa,013,1133247,61594,60100,1043,61143,629
2021-02-13,Del Norte,015,27424,955,908,4,912,2
2021-02-13,El Dorado,017,186661,8964,8758,587,9345,93
2021-02-13,Fresno,019,978130,94646,92807,7471,100278,1287
2021-02-13,Glenn,021,27897,2207,2182,479,2661,14
2021-02-13,Humboldt,023,135768,3013,2974,20,2994,29
2021-02-13,Imperial,025,180216,27057,26680,2518,29198,580
2021-02-13,Inyo,027,18085,1221,1168,8,1176,32
2021-02-13,Kern,029,883053,91930,89915,9413,99328,957
2021-02-13,Kings,031,150075,21951,21513,942,22455,205
2021-02-13,Lake,033,64148,3084,3025,1,3026,37
2021-02-13,Lassen,035,31185,5066,5028,92,5120,1
2021-02-13,Los Angeles,037,10098052,1158833,1133752,38627,1172379,18822
2021-02-13,Madera,039,155013,15314,15053,775,15828,106
2021-02-13,Marin,041,260295,12929,12757,154,12911,201
2021-02-13,Mariposa,043,17540,372,365,4,369,4
2021-02-13,Mendocino,045,87422,3573,3466,64,3530,38
2021-02-13,Merced,047,269075,27714,27541,826,28367,368
2021-02-13,Modoc,049,8938,336,325,113,438,3
2021-02-13,Mono,051,14174,1168,1176,15,1191,3
2021-02-13,Monterey,053,433212,41417,40731,1620,42351,301
2021-02-13,Napa,055,140530,8875,8809,33,8842,57
2021-02-13,Nevada,057,99092,3870,3742,151,3893,47
2021-02-13,Orange,059,3164182,244150,241545,9999,251544,3520
2021-02-13,Placer,061,380077,20157,19214,1075,20289,230
2021-02-13,Plumas,063,18699,636,616,10,626,4
2021-02-13,Riverside,065,2383286,282419,275276,13256,288532,3462
2021-02-13,Sacramento,067,1510023,92262,90401,1183,91584,1302
2021-02-13,San Benito,069,59416,5661,5633,84,5717,56
2021-02-13,San Bernardino,071,2135413,283660,277405,8422,285827,2899
2021-02-13,San Diego,073,3302833,259314,251679,12486,264165,3009
2021-02-13,San Francisco,075,870044,33477,33291,1014,34305,364
2021-02-13,San Joaquin,077,732212,65577,64105,2681,66786,977
2021-02-13,San Luis Obispo,079,281455,19204,18803,532,19335,225
2021-02-13,San Mateo,081,765935,38806,37745,386,38131,277
2021-02-13,Santa Barbara,083,443738,31659,30594,1079,31673,374
2021-02-13,Santa Clara,085,1922200,107852,107125,541,107666,1570
2021-02-13,Santa Cruz,087,273765,15106,14198,764,14962,173
2021-02-13,Shasta,089,179085,10772,10713,1172,11885,139
2021-02-13,Sierra,091,2930,50,47,12,59,0
2021-02-13,Siskiyou,093,43540,1435,1336,220,1556,4
2021-02-13,Solano,095,438530,29354,29084,345,29429,148
2021-02-13,Sonoma,097,501317,27311,27157,167,27324,276
2021-02-13,Stanislaus,099,539301,49524,48568,5186,53754,697
2021-02-13,Sutter,101,95872,8715,8626,79,8705,94
2021-02-13,Tehama,103,63373,4525,4484,483,4967,30
2021-02-13,Trinity,105,12862,455,272,71,343,3
2021-02-13,Tulare,107,460477,47492,46162,7643,53805,709
2021-02-13,Tuolumne,109,53932,3739,3752,33,3785,49
2021-02-13,Ventura,111,848112,76310,75481,2711,78192,618
2021-02-13,Yolo,113,214977,12603,12374,204,12578,175
2021-02-13,Yuba,115,75493,5387,5289,82,5371,38
2021-02-12,Alameda,001,1643700,79061,77958,1684,79642,974
2021-02-12,Alpine,003,1148,78,76,0,76,0
2021-02-12,Amador,005,37829,3416,3381,29,3410,38
2021-02-12,Butte,007,227075,11123,10655,1570,12225,155
2021-02-12,Calaveras,009,45235,1869,1860,12,1872,21
2021-02-12,Colusa,011,21464,1855,1836,250,2086,10
2021-02-12,Contra Costa,013,1133247,61444,59878,1039,60917,620
2021-02-12,Del Norte,015,27424,945,901,4,905,2
2021-02-12,El Dorado,017,186661,8948,8725,584,9309,92
2021-02-12,Fresno,019,978130,94492,92520,7451,99971,1273
2021-02-12,Glenn,021,27897,2204,2175,479,2654,14
2021-02-12,Humboldt,023,135768,3005,2961,20,2981,29
2021-02-12,Imperial,025,180216,27048,26646,2516,29162,585
2021-02-12,Inyo,027,18085,1215,1156,8,1164,32
2021-02-12,Kern,029,883053,91819,89532,9378,98910,949
2021-02-12,Kings,031,150075,21919,21462,937,22399,202
2021-02-12,Lake,033,64148,3080,3012,1,3013,36
2021-02-12,Lassen,035,31185,5064,5015,92,5107,1
2021-02-12,Los Angeles,037,10098052,1157629,1131185,38558,1169743,18637
2021-02-12,Madera,039,155013,15287,15022,772,15794,106
2021-02-12,Marin,041,260295,12903,12720,154,12874,200
2021-02-12,Mariposa,043,17540,371,365,4,369,4
2021-02-12,Mendocino,045,87422,3571,3447,64,3511,38
2021-02-12,Merced,047,269075,27663,27453,823,28276,367
2021-02-12,Modoc,049,8938,336,324,113,437,3
2021-02-12,Mono,051,14174,1167,1172,15,1187,3
2021-02-12,Monterey,053,433212,41370,40633,1611,42244,297
2021-02-12,Napa,055,140530,8863,8785,33,8818,55
2021-02-12,Nevada,057,99092,3865,3728,151,3879,47
2021-02-12,Orange,059,3164182,243911,241075,9985,251060,3505
2021-02-12,Placer,061,380077,20115,19174,1070,20244,230
2021-02-12,Plumas,063,18699,635,614,10,624,4
2021-02-12,Riverside,065,2383286,282142,274792,13238,288030,3438
2021-02-12,Sacramento,067,1510023,92059,90252,1182,91434,1295
2021-02-12,San Benito,069,59416,5645,5622,83,5705,56
2021-02-12,San Bernardino,071,2135413,283467,276890,8411,285301,2827
2021-02-12,San Diego,073,3302833,258932,250788,12460,263248,2979
2021-02-12,San Francisco,075,870044,33418,33179,1010,34189,359
2021-02-12,San Joaquin,077,732212,65483,63966,2673,66639,975
2021-02-12,San Luis Obispo,079,281455,19163,18687,531,19218,224
2021-02-12,San Mateo,081,765935,38734,37560,386,37946,254
2021-02-12,Santa Barbara,083,443738,31588,30454,1074,31528,372
2021-02-12,Santa Clara,085,1922200,107683,106759,538,107297,1543
2021-02-12,Santa Cruz,087,273765,15086,14147,764,14911,170
2021-02-12,Shasta,089,179085,10753,10693,1162,11855,142
2021-02-12,Sierra,091,2930,49,45,12,57,0
2021-02-12,Siskiyou,093,43540,1431,1324,217,1541,4
2021-02-12,Solano,095,438530,29322,28996,342,29338,147
2021-02-12,Sonoma,097,501317,27257,27064,163,27227,275
2021-02-12,Stanislaus,099,539301,49439,48418,5163,53581,697
2021-02-12,Sutter,101,95872,8701,8609,79,8688,93
2021-02-12,Tehama,103,63373,4517,4470,482,4952,27
2021-02-12,Trinity,105,12862,455,269,71,340,3
2021-02-12,Tulare,107,460477,47414,46016,7616,53632,710
2021-02-12,Tuolumne,109,53932,3736,3736,32,3768,49
2021-02-12,Ventura,111,848112,76142,75210,2704,77914,605
2021-02-12,Yolo,113,214977,12583,12340,204,12544,175
2021-02-12,Yuba,115,75493,5379,5274,82,5356,38
2021-02-11,Alameda,001,1643700,78834,77564,1679,79243,960
2021-02-11,Alpine,003,1148,77,76,0,76,0
2021-02-11,Amador,005,37829,3412,3368,29,3397,35
2021-02-11,Butte,007,227075,11099,10624,1568,12192,155
2021-02-11,Calaveras,009,45235,1866,1856,12,1868,21
2021-02-11,Colusa,011,21464,1850,1823,248,2071,10
2021-02-11,Contra Costa,013,1133247,61277,59633,1035,60668,605
2021-02-11,Del Norte,015,27424,940,894,4,898,2
2021-02-11,El Dorado,017,186661,8927,8698,584,9282,92
2021-02-11,Fresno,019,978130,94336,92168,7426,99594,1255
2021-02-11,Glenn,021,27897,2201,2166,478,2644,14
2021-02-11,Humboldt,023,135768,2992,2954,19,2973,29
2021-02-11,Imperial,025,180216,27025,26545,2514,29059,578
2021-02-11,Inyo,027,18085,1206,1144,8,1152,32
2021-02-11,Kern,029,883053,91628,89224,9334,98558,941
2021-02-11,Kings,031,150075,21889,21373,934,22307,202
2021-02-11,Lake,033,64148,3070,3002,1,3003,36
2021-02-11,Lassen,035,31185,5053,5004,89,5093,1
2021-02-11,Los Angeles,037,10098052,1155998,1128437,38488,1166925,18500
2021-02-11,Madera,039,155013,15266,14984,770,15754,106
2021-02-11,Marin,041,260295,12866,12682,154,12836,200
2021-02-11,Mariposa,043,17540,371,361,4,365,4
2021-02-11,Mendocino,045,87422,3564,3420,64,3484,38
2021-02-11,Merced,047,269075,27598,27325,819,28144,363
2021-02-11,Modoc,049,8938,335,317,113,430,3
2021-02-11,Mono,051,14174,1163,1173,15,1188,3
2021-02-11,Monterey,053,433212,41262,40469,1605,42074,295
2021-02-11,Napa,055,140530,8842,8777,33,8810,55
2021-02-11,Nevada,057,99092,3849,3720,151,3871,47
2021-02-11,Orange,059,3164182,243546,240590,9962,250552,3476
2021-02-11,Placer,061,380077,20075,19118,1069,20187,224
2021-02-11,Plumas,063,18699,634,592,10,602,4
2021-02-11,Riverside,065,2383286,281773,274313,13223,287536,3394
2021-02-11,Sacramento,067,1510023,91817,89988,1176,91164,1286
2021-02-11,San Benito,069,59416,5636,5609,83,5692,56
2021-02-11,San Bernardino,071,2135413,283151,276349,8397,284746,2774
2021-02-11,San Diego,073,3302833,258380,249971,12426,262397,2955
2021-02-11,San Francisco,075,870044,33333,33076,1000,34076,356
2021-02-11,San Joaquin,077,732212,65313,63719,2663,66382,971
2021-02-11,San Luis Obispo,079,281455,19098,18615,527,19142,219
2021-02-11,San Mateo,081,765935,38643,37439,384,37823,253
2021-02-11,Santa Barbara,083,443738,31494,30375,1069,31444,370
2021-02-11,Santa Clara,085,1922200,107426,106392,532,106924,1507
2021-02-11,Santa Cruz,087,273765,15063,14088,759,14847,165
2021-02-11,Shasta,089,179085,10729,10672,1158,11830,140
2021-02-11,Sierra,091,2930,49,45,12,57,0
2021-02-11,Siskiyou,093,43540,1416,1320,217,1537,4
2021-02-11,Solano,095,438530,29270,28885,342,29227,138
2021-02-11,Sonoma,097,501317,27174,26971,160,27131,272
2021-02-11,Stanislaus,099,539301,49295,48205,5152,53357,697
2021-02-11,Sutter,101,95872,8687,8590,78,8668,93
2021-02-11,Tehama,103,63373,4511,4463,482,4945,26
2021-02-11,Trinity,105,12862,455,269,71,340,3
2021-02-11,Tulare,107,460477,47320,45897,7574,53471,706
2021-02-11,Tuolumne,109,53932,3699,3716,32,3748,48
2021-02-11,Ventura,111,848112,75941,74959,2695,77654,590
2021-02-11,Yolo,113,214977,12560,12303,202,12505,173
2021-02-11,Yuba,115,75493,5365,5261,80,5341,38
2021-02-10,Alameda,001,1643700,78631,77344,1678,79022,944
2021-02-10,Alpine,003,1148,77,76,0,76,0
2021-02-10,Amador,005,37829,3400,3348,29,3377,35
2021-02-10,Butte,007,227075,11073,10594,1567,12161,155
2021-02-10,Calaveras,009,45235,1864,1850,12,1862,21
2021-02-10,Colusa,011,21464,1843,1815,246,2061,10
2021-02-10,Contra Costa,013,1133247,61105,59488,1033,60521,590
2021-02-10,Del Norte,015,27424,934,888,4,892,2
2021-02-10,El Dorado,017,186661,8896,8682,580,9262,87
2021-02-10,Fresno,019,978130,94161,91876,7400,99276,1247
2021-02-10,Glenn,021,27897,2199,2160,475,2635,14
2021-02-10,Humboldt,023,135768,2984,2924,19,2943,29
2021-02-10,Imperial,025,180216,26986,26522,2511,29033,578
2021-02-10,Inyo,027,18085,1194,1138,8,1146,30
2021-02-10,Kern,029,883053,91421,88933,9280,98213,926
2021-02-10,Kings,031,150075,21846,21294,932,22226,197
2021-02-10,Lake,033,64148,3057,2975,1,2976,36
2021-02-10,Lassen,035,31185,5049,4993,89,5082,1
2021-02-10,Los Angeles,037,10098052,1154253,1125437,38359,1163796,18338
2021-02-10,Madera,039,155013,15228,14925,768,15693,105
2021-02-10,Marin,041,260295,12829,12651,154,12805,199
2021-02-10,Mariposa,043,17540,369,360,4,364,4
2021-02-10,Mendocino,045,87422,3549,3395,64,3459,38
2021-02-10,Merced,047,269075,27516,27246,808,28054,359
2021-02-10,Modoc,049,8938,334,315,111,426,3
2021-02-10,Mono,051,14174,1158,1170,15,1185,3
2021-02-10,Monterey,053,433212,41181,40366,1591,41957,288
2021-02-10,Napa,055,140530,8823,8769,33,8802,55
2021-02-10,Nevada,057,99092,3834,3693,149,3842,47
2021-02-10,Orange,059,3164182,243127,239974,9931,249905,3439
2021-02-10,Placer,061,380077,20036,19062,1064,20126,220
2021-02-10,Plumas,063,18699,631,589,10,599,2
2021-02-10,Riverside,065,2383286,281347,273721,13213,286934,3374
2021-02-10,Sacramento,067,1510023,91566,89653,1172,90825,1275
2021-02-10,San Benito,069,59416,5622,5591,83,5674,55
2021-02-10,San Bernardino,071,2135413,282789,275616,8381,283997,2696
2021-02-10,San Diego,073,3302833,257799,248858,12388,261246,2904
2021-02-10,San Francisco,075,870044,33251,32955,997,33952,351
2021-02-10,San Joaquin,077,732212,65172,63484,2649,66133,954
2021-02-10,San Luis Obispo,079,281455,19019,18549,525,19074,216
2021-02-10,San Mateo,081,765935,38553,37323,384,37707,245
2021-02-10,Santa Barbara,083,443738,31405,30216,1064,31280,359
2021-02-10,Santa Clara,085,1922200,107187,106048,529,106577,1489
2021-02-10,Santa Cruz,087,273765,15027,14007,757,14764,165
2021-02-10,Shasta,089,179085,10706,10645,1155,11800,142
2021-02-10,Sierra,091,2930,49,45,12,57,0
2021-02-10,Siskiyou,093,43540,1411,1314,216,1530,4
2021-02-10,Solano,095,438530,29195,28835,340,29175,137
2021-02-10,Sonoma,097,501317,27082,26881,158,27039,271
2021-02-10,Stanislaus,099,539301,49179,48016,5135,53151,696
2021-02-10,Sutter,101,95872,8670,8571,78,8649,93
2021-02-10,Tehama,103,63373,4503,4445,482,4927,23
2021-02-10,Trinity,105,12862,452,268,71,339,3
2021-02-10,Tulare,107,460477,47203,45782,7535,53317,696
2021-02-10,Tuolumne,109,53932,3691,3691,32,3723,48
2021-02-10,Ventura,111,848112,75714,74651,2678,77329,580
2021-02-10,Yolo,113,214977,12536,12276,201,12477,174
2021-02-10,Yuba,115,75493,5347,5241,80,5321,38
2021-02-09,Alameda,001,1643700,78368,77018,1675,78693,936
2021-02-09,Alpine,003,1148,77,76,0,76,0
2021-02-09,Amador,005,37829,3392,3347,29,3376,35
2021-02-09,Butte,007,227075,11046,10563,1565,12128,153
2021-02-09,Calaveras,009,45235,1860,1847,12,1859,21
2021-02-09,Colusa,011,21464,1834,1812,241,2053,10
2021-02-09,Contra Costa,013,1133247,60917,59307,1027,60334,583
2021-02-09,Del Norte,015,27424,928,886,4,890,2
2021-02-09,El Dorado,017,186661,8869,8663,579,9242,87
2021-02-09,Fresno,019,978130,93918,91730,7372,99102,1211
2021-02-09,Glenn,021,27897,2195,2156,474,2630,14
2021-02-09,Humboldt,023,135768,2976,2904,19,2923,29
2021-02-09,Imperial,025,180216,26958,26509,2508,29017,568
2021-02-09,Inyo,027,18085,1186,1137,8,1145,30
2021-02-09,Kern,029,883053,91172,88684,9234,97918,920
2021-02-09,Kings,031,150075,21805,21275,930,22205,196
2021-02-09,Lake,033,64148,3046,2955,1,2956,36
2021-02-09,Lassen,035,31185,5042,4983,89,5072,1
2021-02-09,Los Angeles,037,10098052,1152283,1122745,38272,1161017,18198
2021-02-09,Madera,039,155013,15208,14912,765,15677,105
2021-02-09,Marin,041,260295,12796,12623,153,12776,197
2021-02-09,Mariposa,043,17540,367,355,4,359,4
2021-02-09,Mendocino,045,87422,3531,3369,64,3433,38
2021-02-09,Merced,047,269075,27418,27166,803,27969,354
2021-02-09,Modoc,049,8938,333,316,111,427,3
2021-02-09,Mono,051,14174,1157,1167,15,1182,3
2021-02-09,Monterey,053,433212,41075,40279,1580,41859,285
2021-02-09,Napa,055,140530,8810,8749,33,8782,55
2021-02-09,Nevada,057,99092,3818,3687,149,3836,44
2021-02-09,Orange,059,3164182,242712,239169,9900,249069,3406
2021-02-09,Placer,061,380077,19972,19008,1057,20065,220
2021-02-09,Plumas,063,18699,631,584,10,594,2
2021-02-09,Riverside,065,2383286,280853,273465,13197,286662,3334
2021-02-09,Sacramento,067,1510023,91255,89378,1171,90549,1265
2021-02-09,San Benito,069,59416,5610,5566,82,5648,54
2021-02-09,San Bernardino,071,2135413,282416,274998,8368,283366,2613
2021-02-09,San Diego,073,3302833,257142,248048,12345,260393,2853
2021-02-09,San Francisco,075,870044,33172,32782,987,33769,349
2021-02-09,San Joaquin,077,732212,64998,63341,2644,65985,937
2021-02-09,San Luis Obispo,079,281455,18960,18489,524,19013,216
2021-02-09,San Mateo,081,765935,38422,37227,383,37610,235
2021-02-09,Santa Barbara,083,443738,31295,30118,1057,31175,351
2021-02-09,Santa Clara,085,1922200,106880,105762,526,106288,1463
2021-02-09,Santa Cruz,087,273765,14977,13958,752,14710,162
2021-02-09,Shasta,089,179085,10680,10595,1153,11748,139
2021-02-09,Sierra,091,2930,49,44,12,56,0
2021-02-09,Siskiyou,093,43540,1403,1306,214,1520,4
2021-02-09,Solano,095,438530,29118,28769,337,29106,131
2021-02-09,Sonoma,097,501317,26993,26826,156,26982,267
2021-02-09,Stanislaus,099,539301,49018,47906,5119,53025,679
2021-02-09,Sutter,101,95872,8653,8541,78,8619,92
2021-02-09,Tehama,103,63373,4496,4416,480,4896,22
2021-02-09,Trinity,105,12862,452,266,71,337,3
2021-02-09,Tulare,107,460477,47069,45704,7481,53185,686
2021-02-09,Tuolumne,109,53932,3671,3673,32,3705,48
2021-02-09,Ventura,111,848112,75464,74333,2670,77003,567
2021-02-09,Yolo,113,214977,12494,12220,201,12421,174
2021-02-09,Yuba,115,75493,5338,5235,80,5315,35
2021-02-08,Alameda,001,1643700,78105,76735,1670,78405,924
2021-02-08,Alpine,003,1148,77,73,0,73,0
2021-02-08,Amador,005,37829,3385,3344,28,3372,33
2021-02-08,Butte,007,227075,11024,10524,1562,12086,152
2021-02-08,Calaveras,009,45235,1859,1840,12,1852,21
2021-02-08,Colusa,011,21464,1826,1802,237,2039,10
2021-02-08,Contra Costa,013,1133247,60709,59039,1025,60064,567
2021-02-08,Del Norte,015,27424,925,885,4,889,2
2021-02-08,El Dorado,017,186661,8838,8627,577,9204,86
2021-02-08,Fresno,019,978130,93705,91430,7346,98776,1207
2021-02-08,Glenn,021,27897,2188,2148,472,2620,14
2021-02-08,Humboldt,023,135768,2968,2902,19,2921,29
2021-02-08,Imperial,025,180216,26938,26526,2506,29032,567
2021-02-08,Inyo,027,18085,1173,1126,8,1134,30
2021-02-08,Kern,029,883053,90957,88380,9176,97556,920
2021-02-08,Kings,031,150075,21743,21232,927,22159,195
2021-02-08,Lake,033,64148,3027,2949,1,2950,36
2021-02-08,Lassen,035,31185,5029,4976,89,5065,1
2021-02-08,Los Angeles,037,10098052,1150188,1120179,38153,1158332,17977
2021-02-08,Madera,039,155013,15172,14887,758,15645,93
2021-02-08,Marin,041,260295,12767,12591,153,12744,194
2021-02-08,Mariposa,043,17540,367,355,4,359,4
2021-02-08,Mendocino,045,87422,3517,3355,64,3419,38
2021-02-08,Merced,047,269075,27333,27082,798,27880,346
2021-02-08,Modoc,049,8938,331,318,111,429,3
2021-02-08,Mono,051,14174,1157,1165,15,1180,3
2021-02-08,Monterey,053,433212,40952,40186,1561,41747,283
2021-02-08,Napa,055,140530,8795,8719,33,8752,55
2021-02-08,Nevada,057,99092,3806,3671,149,3820,44
2021-02-08,Orange,059,3164182,242243,238715,9876,248591,3361
2021-02-08,Placer,061,380077,19928,18944,1051,19995,211
2021-02-08,Plumas,063,18699,630,584,10,594,2
2021-02-08,Riverside,065,2383286,280284,272904,13171,286075,3301
2021-02-08,Sacramento,067,1510023,90968,89267,1168,90435,1247
2021-02-08,San Benito,069,59416,5605,5553,81,5634,52
2021-02-08,San Bernardino,071,2135413,282012,274661,8362,283023,2587
2021-02-08,San Diego,073,3302833,256400,247259,12304,259563,2821
2021-02-08,San Francisco,075,870044,33078,32679,979,33658,348
2021-02-08,San Joaquin,077,732212,64837,63148,2634,65782,929
2021-02-08,San Luis Obispo,079,281455,18903,18421,519,18940,214
2021-02-08,San Mateo,081,765935,38313,37084,383,37467,232
2021-02-08,Santa Barbara,083,443738,31180,29978,1050,31028,340
2021-02-08,Santa Clara,085,1922200,106555,105413,518,105931,1456
2021-02-08,Santa Cruz,087,273765,14938,13921,746,14667,161
2021-02-08,Shasta,089,179085,10654,10574,1147,11721,137
2021-02-08,Sierra,091,2930,49,44,12,56,0
2021-02-08,Siskiyou,093,43540,1400,1303,214,1517,4
2021-02-08,Solano,095,438530,29054,28644,335,28979,130
2021-02-08,Sonoma,097,501317,26902,26760,155,26915,259
2021-02-08,Stanislaus,099,539301,48865,47704,5091,52795,679
2021-02-08,Sutter,101,95872,8634,8526,78,8604,92
2021-02-08,Tehama,103,63373,4481,4403,478,4881,22
2021-02-08,Trinity,105,12862,450,266,71,337,3
2021-02-08,Tulare,107,460477,46962,45617,7441,53058,673
2021-02-08,Tuolumne,109,53932,3663,3647,32,3679,48
2021-02-08,Ventura,111,848112,75207,74068,2664,76732,565
2021-02-08,Yolo,113,214977,12462,12169,200,12369,162
2021-02-08,Yuba,115,75493,5322,5215,80,5295,35
2021-02-07,Alameda,001,1643700,77802,76500,1662,78162,924
2021-02-07,Alpine,003,1148,74,72,0,72,0
2021-02-07,Amador,005,37829,3364,3343,28,3371,33
2021-02-07,Butte,007,227075,10991,10513,1552,12065,152
2021-02-07,Calaveras,009,45235,1854,1837,12,1849,21
2021-02-07,Colusa,011,21464,1815,1795,235,2030,10
2021-02-07,Contra Costa,013,1133247,60470,58836,1020,59856,566
2021-02-07,Del Norte,015,27424,921,881,4,885,2
2021-02-07,El Dorado,017,186661,8809,8596,575,9171,86
2021-02-07,Fresno,019,978130,93475,91184,7308,98492,1207
2021-02-07,Glenn,021,27897,2185,2141,468,2609,14
2021-02-07,Humboldt,023,135768,2947,2895,19,2914,28
2021-02-07,Imperial,025,180216,26909,26518,2500,29018,567
2021-02-07,Inyo,027,18085,1162,1124,8,1132,27
2021-02-07,Kern,029,883053,90712,88146,9119,97265,920
2021-02-07,Kings,031,150075,21682,21180,924,22104,192
2021-02-07,Lake,033,64148,3011,2940,1,2941,36
2021-02-07,Lassen,035,31185,5018,4973,89,5062,1
2021-02-07,Los Angeles,037,10098052,1147432,1117551,38025,1155576,17889
2021-02-07,Madera,039,155013,15138,14850,754,15604,93
2021-02-07,Marin,041,260295,12733,12571,151,12722,194
2021-02-07,Mariposa,043,17540,366,355,4,359,4
2021-02-07,Mendocino,045,87422,3500,3348,64,3412,38
2021-02-07,Merced,047,269075,27222,26977,786,27763,346
2021-02-07,Modoc,049,8938,331,317,107,424,3
2021-02-07,Mono,051,14174,1154,1165,15,1180,3
2021-02-07,Monterey,053,433212,40817,40113,1540,41653,283
2021-02-07,Napa,055,140530,8772,8701,33,8734,55
2021-02-07,Nevada,057,99092,3795,3643,149,3792,44
2021-02-07,Orange,059,3164182,241645,238155,9844,247999,3336
2021-02-07,Placer,061,380077,19881,18903,1038,19941,211
2021-02-07,Plumas,063,18699,630,584,10,594,2
2021-02-07,Riverside,065,2383286,279756,272301,13150,285451,3267
2021-02-07,Sacramento,067,1510023,90636,88919,1161,90080,1246
2021-02-07,San Benito,069,59416,5586,5548,80,5628,52
2021-02-07,San Bernardino,071,2135413,281430,274316,8337,282653,2587
2021-02-07,San Diego,073,3302833,255614,246561,12240,258801,2821
2021-02-07,San Francisco,075,870044,32957,32609,967,33576,348
2021-02-07,San Joaquin,077,732212,64564,63051,2619,65670,929
2021-02-07,San Luis Obispo,079,281455,18830,18349,512,18861,214
2021-02-07,San Mateo,081,765935,38179,36984,381,37365,232
2021-02-07,Santa Barbara,083,443738,31041,29815,1039,30854,340
2021-02-07,Santa Clara,085,1922200,106215,105118,508,105626,1450
2021-02-07,Santa Cruz,087,273765,14884,13887,742,14629,161
2021-02-07,Shasta,089,179085,10634,10570,1139,11709,137
2021-02-07,Sierra,091,2930,49,43,12,55,0
2021-02-07,Siskiyou,093,43540,1393,1295,212,1507,4
2021-02-07,Solano,095,438530,28944,28567,334,28901,130
2021-02-07,Sonoma,097,501317,26795,26684,151,26835,257
2021-02-07,Stanislaus,099,539301,48675,47551,5059,52610,679
2021-02-07,Sutter,101,95872,8606,8515,78,8593,92
2021-02-07,Tehama,103,63373,4467,4396,476,4872,22
2021-02-07,Trinity,105,12862,447,264,69,333,3
2021-02-07,Tulare,107,460477,46840,45520,7363,52883,671
2021-02-07,Tuolumne,109,53932,3639,3619,31,3650,48
2021-02-07,Ventura,111,848112,74898,73759,2652,76411,561
2021-02-07,Yolo,113,214977,12418,12135,200,12335,162
2021-02-07,Yuba,115,75493,5307,5198,78,5276,35
2021-02-06,Alameda,001,1643700,77647,76170,1651,77821,922
2021-02-06,Alpine,003,1148,74,72,0,72,0
2021-02-06,Amador,005,37829,3358,3306,28,3334,33
2021-02-06,Butte,007,227075,10974,10480,1548,12028,150
2021-02-06,Calaveras,009,45235,1852,1832,12,1844,21
2021-02-06,Colusa,011,21464,1813,1791,234,2025,10
2021-02-06,Contra Costa,013,1133247,60324,58567,1014,59581,566
2021-02-06,Del Norte,015,27424,917,879,4,883,2
2021-02-06,El Dorado,017,186661,8802,8575,571,9146,86
2021-02-06,Fresno,019,978130,93362,90944,7288,98232,1207
2021-02-06,Glenn,021,27897,2184,2136,466,2602,14
2021-02-06,Humboldt,023,135768,2936,2880,19,2899,28
2021-02-06,Imperial,025,180216,26899,26514,2499,29013,567
2021-02-06,Inyo,027,18085,1159,1113,8,1121,27
2021-02-06,Kern,029,883053,90560,87919,9073,96992,912
2021-02-06,Kings,031,150075,21652,21156,924,22080,190
2021-02-06,Lake,033,64148,3006,2920,1,2921,34
2021-02-06,Lassen,035,31185,5014,4964,88,5052,1
2021-02-06,Los Angeles,037,10098052,1146078,1114718,37927,1152645,17793
2021-02-06,Madera,039,155013,15117,14807,752,15559,93
2021-02-06,Marin,041,260295,12713,12531,151,12682,194
2021-02-06,Mariposa,043,17540,365,355,3,358,4
2021-02-06,Mendocino,045,87422,3482,3316,63,3379,38
2021-02-06,Merced,047,269075,27136,26881,779,27660,346
2021-02-06,Modoc,049,8938,331,313,107,420,3
2021-02-06,Mono,051,14174,1153,1159,15,1174,3
2021-02-06,Monterey,053,433212,40761,39995,1532,41527,282
2021-02-06,Napa,055,140530,8759,8639,33,8672,55
2021-02-06,Nevada,057,99092,3783,3624,149,3773,43
2021-02-06,Orange,059,3164182,241281,237391,9810,247201,3293
2021-02-06,Placer,061,380077,19844,18836,1035,19871,211
2021-02-06,Plumas,063,18699,630,584,10,594,2
2021-02-06,Riverside,065,2383286,279390,271741,13131,284872,3243
2021-02-06,Sacramento,067,1510023,90419,88532,1151,89683,1237
2021-02-06,San Benito,069,59416,5568,5516,80,5596,52
2021-02-06,San Bernardino,071,2135413,281124,273718,8314,282032,2564
2021-02-06,San Diego,073,3302833,255118,245331,12205,257536,2812
2021-02-06,San Francisco,075,870044,32883,32437,957,33394,346
2021-02-06,San Joaquin,077,732212,64485,62840,2608,65448,906
2021-02-06,San Luis Obispo,079,281455,18788,18284,508,18792,214
2021-02-06,San Mateo,081,765935,38111,36824,378,37202,232
2021-02-06,Santa Barbara,083,443738,30965,29645,1037,30682,337
2021-02-06,Santa Clara,085,1922200,105994,104639,503,105142,1439
2021-02-06,Santa Cruz,087,273765,14853,13845,738,14583,161
2021-02-06,Shasta,089,179085,10623,10561,1137,11698,137
2021-02-06,Sierra,091,2930,49,43,12,55,0
2021-02-06,Siskiyou,093,43540,1390,1289,211,1500,4
2021-02-06,Solano,095,438530,28908,28446,333,28779,129
2021-02-06,Sonoma,097,501317,26759,26564,149,26713,257
2021-02-06,Stanislaus,099,539301,48577,47325,5043,52368,679
2021-02-06,Sutter,101,95872,8598,8485,78,8563,92
2021-02-06,Tehama,103,63373,4460,4380,474,4854,22
2021-02-06,Trinity,105,12862,447,263,69,332,3
2021-02-06,Tulare,107,460477,46772,45349,7316,52665,664
2021-02-06,Tuolumne,109,53932,3632,3612,31,3643,48
2021-02-06,Ventura,111,848112,74718,73431,2646,76077,552
2021-02-06,Yolo,113,214977,12395,12061,200,12261,161
2021-02-06,Yuba,115,75493,5297,5177,77,5254,35
2021-02-05,Alameda,001,1643700,77422,75716,1649,77365,916
2021-02-05,Alpine,003,1148,74,72,0,72,0
2021-02-05,Amador,005,37829,3353,3299,27,3326,33
2021-02-05,Butte,007,227075,10956,10421,1542,11963,150
2021-02-05,Calaveras,009,45235,1848,1818,12,1830,21
2021-02-05,Colusa,011,21464,1809,1785,234,2019,10
2021-02-05,Contra Costa,013,1133247,60163,58195,1012,59207,560
2021-02-05,Del Norte,015,27424,916,874,4,878,2
2021-02-05,El Dorado,017,186661,8782,8527,569,9096,86
2021-02-05,Fresno,019,978130,93160,90513,7267,97780,1194
2021-02-05,Glenn,021,27897,2178,2122,461,2583,14
2021-02-05,Humboldt,023,135768,2926,2857,19,2876,28
2021-02-05,Imperial,025,180216,26880,26474,2498,28972,557
2021-02-05,Inyo,027,18085,1155,1104,8,1112,27
2021-02-05,Kern,029,883053,90391,87470,9006,96476,906
2021-02-05,Kings,031,150075,21614,21021,921,21942,190
2021-02-05,Lake,033,64148,2994,2906,1,2907,33
2021-02-05,Lassen,035,31185,5010,4936,88,5024,1
2021-02-05,Los Angeles,037,10098052,1143982,1110384,37791,1148175,17608
2021-02-05,Madera,039,155013,15083,14752,747,15499,95
2021-02-05,Marin,041,260295,12678,12479,151,12630,193
2021-02-05,Mariposa,043,17540,365,352,3,355,4
2021-02-05,Mendocino,045,87422,3468,3272,63,3335,38
2021-02-05,Merced,047,269075,27076,26760,778,27538,345
2021-02-05,Modoc,049,8938,331,312,107,419,3
2021-02-05,Mono,051,14174,1152,1157,15,1172,3
2021-02-05,Monterey,053,433212,40694,39840,1521,41361,281
2021-02-05,Napa,055,140530,8745,8598,33,8631,55
2021-02-05,Nevada,057,99092,3780,3607,149,3756,43
2021-02-05,Orange,059,3164182,240854,236335,9783,246118,3260
2021-02-05,Placer,061,380077,19808,18756,1033,19789,211
2021-02-05,Plumas,063,18699,628,578,10,588,2
2021-02-05,Riverside,065,2383286,278979,270666,13112,283778,3235
2021-02-05,Sacramento,067,1510023,90239,87992,1144,89136,1231
2021-02-05,San Benito,069,59416,5557,5502,80,5582,51
2021-02-05,San Bernardino,071,2135413,280786,272938,8296,281234,2495
2021-02-05,San Diego,073,3302833,254542,244066,12170,256236,2777
2021-02-05,San Francisco,075,870044,32793,32229,946,33175,337
2021-02-05,San Joaquin,077,732212,64335,62565,2600,65165,902
2021-02-05,San Luis Obispo,079,281455,18727,18152,504,18656,213
2021-02-05,San Mateo,081,765935,38027,36582,377,36959,227
2021-02-05,Santa Barbara,083,443738,30870,29455,1024,30479,334
2021-02-05,Santa Clara,085,1922200,105746,104112,501,104613,1421
2021-02-05,Santa Cruz,087,273765,14832,13776,736,14512,161
2021-02-05,Shasta,089,179085,10607,10507,1130,11637,136
2021-02-05,Sierra,091,2930,49,42,12,54,0
2021-02-05,Siskiyou,093,43540,1383,1276,209,1485,4
2021-02-05,Solano,095,438530,28858,28283,333,28616,127
2021-02-05,Sonoma,097,501317,26690,26423,146,26569,252
2021-02-05,Stanislaus,099,539301,48435,47024,5025,52049,678
2021-02-05,Sutter,101,95872,8578,8443,78,8521,92
2021-02-05,Tehama,103,63373,4452,4355,474,4829,22
2021-02-05,Trinity,105,12862,446,260,69,329,3
2021-02-05,Tulare,107,460477,46696,45138,7266,52404,663
2021-02-05,Tuolumne,109,53932,3606,3595,31,3626,45
2021-02-05,Ventura,111,848112,74473,72953,2634,75587,546
2021-02-05,Yolo,113,214977,12376,12025,195,12220,162
2021-02-05,Yuba,115,75493,5280,5145,77,5222,35
2021-02-04,Alameda,001,1643700,77137,75422,1643,77065,899
2021-02-04,Alpine,003,1148,73,72,0,72,0
2021-02-04,Amador,005,37829,3350,3288,27,3315,33
2021-02-04,Butte,007,227075,10923,10386,1534,11920,147
2021-02-04,Calaveras,009,45235,1846,1808,12,1820,21
2021-02-04,Colusa,011,21464,1805,1777,232,2009,10
2021-02-04,Contra Costa,013,1133247,59974,57991,1008,58999,550
2021-02-04,Del Norte,015,27424,910,870,4,874,2
2021-02-04,El Dorado,017,186661,8756,8490,566,9056,86
2021-02-04,Fresno,019,978130,92945,90126,7240,97366,1114
2021-02-04,Glenn,021,27897,2174,2102,461,2563,14
2021-02-04,Humboldt,023,135768,2916,2827,19,2846,28
2021-02-04,Imperial,025,180216,26833,26411,2495,28906,556
2021-02-04,Inyo,027,18085,1143,1084,8,1092,27
2021-02-04,Kern,029,883053,90117,87156,8928,96084,898
2021-02-04,Kings,031,150075,21563,20918,914,21832,187
2021-02-04,Lake,033,64148,2982,2882,1,2883,34
2021-02-04,Lassen,035,31185,5007,4927,88,5015,1
2021-02-04,Los Angeles,037,10098052,1141189,1106323,37663,1143986,17396
2021-02-04,Madera,039,155013,15053,14706,744,15450,95
2021-02-04,Marin,041,260295,12642,12431,151,12582,192
2021-02-04,Mariposa,043,17540,365,348,3,351,4
2021-02-04,Mendocino,045,87422,3450,3240,61,3301,38
2021-02-04,Merced,047,269075,26983,26629,775,27404,345
2021-02-04,Modoc,049,8938,331,309,107,416,3
2021-02-04,Mono,051,14174,1150,1153,15,1168,3
2021-02-04,Monterey,053,433212,40585,39619,1504,41123,279
2021-02-04,Napa,055,140530,8716,8573,33,8606,55
2021-02-04,Nevada,057,99092,3760,3590,148,3738,37
2021-02-04,Orange,059,3164182,240212,235677,9741,245418,3238
2021-02-04,Placer,061,380077,19748,18711,1024,19735,210
2021-02-04,Plumas,063,18699,625,562,10,572,2
2021-02-04,Riverside,065,2383286,278218,269851,13073,282924,3230
2021-02-04,Sacramento,067,1510023,89938,87658,1134,88792,1222
2021-02-04,San Benito,069,59416,5543,5488,79,5567,51
2021-02-04,San Bernardino,071,2135413,280237,272223,8276,280499,2409
2021-02-04,San Diego,073,3302833,253754,242613,12104,254717,2738
2021-02-04,San Francisco,075,870044,32679,32116,937,33053,326
2021-02-04,San Joaquin,077,732212,64110,62374,2592,64966,883
2021-02-04,San Luis Obispo,079,281455,18660,18058,502,18560,211
2021-02-04,San Mateo,081,765935,37907,36437,374,36811,226
2021-02-04,Santa Barbara,083,443738,30736,29344,1007,30351,322
2021-02-04,Santa Clara,085,1922200,105398,103781,498,104279,1404
2021-02-04,Santa Cruz,087,273765,14799,13713,728,14441,156
2021-02-04,Shasta,089,179085,10581,10466,1125,11591,131
2021-02-04,Sierra,091,2930,49,42,12,54,0
2021-02-04,Siskiyou,093,43540,1374,1273,209,1482,4
2021-02-04,Solano,095,438530,28755,28192,332,28524,120
2021-02-04,Sonoma,097,501317,26608,26276,142,26418,249
2021-02-04,Stanislaus,099,539301,48272,46822,5006,51828,678
2021-02-04,Sutter,101,95872,8558,8401,78,8479,92
2021-02-04,Tehama,103,63373,4436,4327,474,4801,21
2021-02-04,Trinity,105,12862,445,260,68,328,3
2021-02-04,Tulare,107,460477,46569,44983,7203,52186,656
2021-02-04,Tuolumne,109,53932,3566,3585,31,3616,45
2021-02-04,Ventura,111,848112,74141,72595,2621,75216,537
2021-02-04,Yolo,113,214977,12342,11982,194,12176,161
2021-02-04,Yuba,115,75493,5254,5135,77,5212,34
2021-02-03,Alameda,001,1643700,76809,74968,1639,76607,880
2021-02-03,Alpine,003,1148,73,72,0,72,0
2021-02-03,Amador,005,37829,3346,3281,27,3308,33
2021-02-03,Butte,007,227075,10886,10355,1527,11882,144
2021-02-03,Calaveras,009,45235,1832,1799,11,1810,21
2021-02-03,Colusa,011,21464,1800,1773,231,2004,10
2021-02-03,Contra Costa,013,1133247,59735,57762,996,58758,537
2021-02-03,Del Norte,015,27424,905,869,4,873,2
2021-02-03,El Dorado,017,186661,8736,8428,565,8993,86
2021-02-03,Fresno,019,978130,92724,89748,7200,96948,1015
2021-02-03,Glenn,021,27897,2165,2098,459,2557,14
2021-02-03,Humboldt,023,135768,2906,2800,19,2819,27
2021-02-03,Imperial,025,180216,26799,26363,2489,28852,547
2021-02-03,Inyo,027,18085,1133,1071,8,1079,27
2021-02-03,Kern,029,883053,89875,86771,8887,95658,877
2021-02-03,Kings,031,150075,21502,20831,912,21743,172
2021-02-03,Lake,033,64148,2965,2869,1,2870,33
2021-02-03,Lassen,035,31185,4996,4910,88,4998,1
2021-02-03,Los Angeles,037,10098052,1138112,1101890,37537,1139427,17163
2021-02-03,Madera,039,155013,15014,14605,742,15347,94
2021-02-03,Marin,041,260295,12608,12406,151,12557,190
2021-02-03,Mariposa,043,17540,364,347,3,350,4
2021-02-03,Mendocino,045,87422,3424,3236,60,3296,38
2021-02-03,Merced,047,269075,26867,26520,770,27290,343
2021-02-03,Modoc,049,8938,330,308,107,415,3
2021-02-03,Mono,051,14174,1143,1146,15,1161,3
2021-02-03,Monterey,053,433212,40459,39500,1486,40986,279
2021-02-03,Napa,055,140530,8681,8534,33,8567,54
2021-02-03,Nevada,057,99092,3746,3572,148,3720,35
2021-02-03,Orange,059,3164182,239470,234738,9709,244447,3189
2021-02-03,Placer,061,380077,19692,18646,1022,19668,210
2021-02-03,Plumas,063,18699,625,559,10,569,2
2021-02-03,Riverside,065,2383286,277481,269019,13043,282062,3195
2021-02-03,Sacramento,067,1510023,89615,87415,1130,88545,1212
2021-02-03,San Benito,069,59416,5525,5463,76,5539,51
2021-02-03,San Bernardino,071,2135413,279755,271477,8253,279730,2308
2021-02-03,San Diego,073,3302833,252853,241015,12057,253072,2683
2021-02-03,San Francisco,075,870044,32549,31983,932,32915,325
2021-02-03,San Joaquin,077,732212,63882,61976,2582,64558,880
2021-02-03,San Luis Obispo,079,281455,18582,17922,499,18421,206
2021-02-03,San Mateo,081,765935,37769,36227,370,36597,225
2021-02-03,Santa Barbara,083,443738,30589,29121,997,30118,315
2021-02-03,Santa Clara,085,1922200,105080,103278,496,103774,1364
2021-02-03,Santa Cruz,087,273765,14744,13611,722,14333,154
2021-02-03,Shasta,089,179085,10538,10422,1120,11542,130
2021-02-03,Sierra,091,2930,49,42,12,54,0
2021-02-03,Siskiyou,093,43540,1363,1268,208,1476,4
2021-02-03,Solano,095,438530,28633,28057,332,28389,119
2021-02-03,Sonoma,097,501317,26524,26155,141,26296,248
2021-02-03,Stanislaus,099,539301,48096,46598,4987,51585,662
2021-02-03,Sutter,101,95872,8533,8379,78,8457,90
2021-02-03,Tehama,103,63373,4414,4309,471,4780,21
2021-02-03,Trinity,105,12862,445,260,67,327,3
2021-02-03,Tulare,107,460477,46398,44838,7147,51985,640
2021-02-03,Tuolumne,109,53932,3555,3568,31,3599,45
2021-02-03,Ventura,111,848112,73805,72124,2610,74734,526
2021-02-03,Yolo,113,214977,12318,11933,193,12126,161
2021-02-03,Yuba,115,75493,5236,5124,77,5201,34
2021-02-02,Alameda,001,1643700,76465,74642,1627,76269,869
2021-02-02,Alpine,003,1148,73,72,0,72,0
2021-02-02,Amador,005,37829,3315,3275,27,3302,33
2021-02-02,Butte,007,227075,10859,10307,1519,11826,141
2021-02-02,Calaveras,009,45235,1823,1786,11,1797,21
2021-02-02,Colusa,011,21464,1792,1769,226,1995,9
2021-02-02,Contra Costa,013,1133247,59454,57551,992,58543,536
2021-02-02,Del Norte,015,27424,899,868,4,872,2
2021-02-02,El Dorado,017,186661,8696,8405,565,8970,84
2021-02-02,Fresno,019,978130,92422,89542,7164,96706,1009
2021-02-02,Glenn,021,27897,2153,2090,456,2546,14
2021-02-02,Humboldt,023,135768,2894,2784,19,2803,25
2021-02-02,Imperial,025,180216,26747,26317,2483,28800,535
2021-02-02,Inyo,027,18085,1130,1074,8,1082,27
2021-02-02,Kern,029,883053,89573,86485,8811,95296,867
2021-02-02,Kings,031,150075,21424,20785,904,21689,172
2021-02-02,Lake,033,64148,2945,2857,1,2858,33
2021-02-02,Lassen,035,31185,4989,4908,88,4996,1
2021-02-02,Los Angeles,037,10098052,1134732,1097573,37371,1134944,16913
2021-02-02,Madera,039,155013,14963,14595,737,15332,94
2021-02-02,Marin,041,260295,12579,12367,151,12518,189
2021-02-02,Mariposa,043,17540,361,345,3,348,4
2021-02-02,Mendocino,045,87422,3391,3210,60,3270,38
2021-02-02,Merced,047,269075,26770,26427,763,27190,340
2021-02-02,Modoc,049,8938,325,306,107,413,3
2021-02-02,Mono,051,14174,1141,1147,15,1162,3
2021-02-02,Monterey,053,433212,40323,39371,1472,40843,278
2021-02-02,Napa,055,140530,8652,8505,33,8538,53
2021-02-02,Nevada,057,99092,3731,3548,148,3696,20
2021-02-02,Orange,059,3164182,238668,233783,9674,243457,3152
2021-02-02,Placer,061,380077,19634,18615,1018,19633,205
2021-02-02,Plumas,063,18699,625,560,10,570,2
2021-02-02,Riverside,065,2383286,276620,267901,13009,280910,3169
2021-02-02,Sacramento,067,1510023,89326,87107,1119,88226,1202
2021-02-02,San Benito,069,59416,5511,5444,75,5519,50
2021-02-02,San Bernardino,071,2135413,279078,270486,8223,278709,2244
2021-02-02,San Diego,073,3302833,251814,240047,11970,252017,2629
2021-02-02,San Francisco,075,870044,32395,31788,922,32710,324
2021-02-02,San Joaquin,077,732212,63662,61708,2568,64276,878
2021-02-02,San Luis Obispo,079,281455,18488,17811,497,18308,201
2021-02-02,San Mateo,081,765935,37605,36004,364,36368,225
2021-02-02,Santa Barbara,083,443738,30420,28951,990,29941,304
2021-02-02,Santa Clara,085,1922200,104616,102872,491,103363,1349
2021-02-02,Santa Cruz,087,273765,14685,13572,718,14290,150
2021-02-02,Shasta,089,179085,10512,10371,1110,11481,128
2021-02-02,Sierra,091,2930,49,42,12,54,0
2021-02-02,Siskiyou,093,43540,1356,1252,205,1457,4
2021-02-02,Solano,095,438530,28537,27963,328,28291,118
2021-02-02,Sonoma,097,501317,26406,26054,141,26195,247
2021-02-02,Stanislaus,099,539301,47876,46306,4955,51261,641
2021-02-02,Sutter,101,95872,8510,8340,78,8418,89
2021-02-02,Tehama,103,63373,4401,4289,470,4759,21
2021-02-02,Trinity,105,12862,445,260,67,327,3
2021-02-02,Tulare,107,460477,46242,44720,7081,51801,625
2021-02-02,Tuolumne,109,53932,3543,3548,31,3579,39
2021-02-02,Ventura,111,848112,73387,71557,2600,74157,514
2021-02-02,Yolo,113,214977,12273,11886,186,12072,158
2021-02-02,Yuba,115,75493,5218,5111,77,5188,34
2021-02-01,Alameda,001,1643700,76110,74374,1622,75996,858
2021-02-01,Alpine,003,1148,73,72,0,72,0
2021-02-01,Amador,005,37829,3304,3234,27,3261,32
2021-02-01,Butte,007,227075,10817,10263,1515,11778,141
2021-02-01,Calaveras,009,45235,1815,1785,11,1796,21
2021-02-01,Colusa,011,21464,1787,1763,217,1980,9
2021-02-01,Contra Costa,013,1133247,59209,57324,991,58315,531
2021-02-01,Del Norte,015,27424,896,865,4,869,2
2021-02-01,El Dorado,017,186661,8657,8337,565,8902,83
2021-02-01,Fresno,019,978130,92090,89272,7129,96401,994
2021-02-01,Glenn,021,27897,2138,2086,448,2534,14
2021-02-01,Humboldt,023,135768,2872,2773,18,2791,25
2021-02-01,Imperial,025,180216,26704,26224,2481,28705,530
2021-02-01,Inyo,027,18085,1120,1072,8,1080,27
2021-02-01,Kern,029,883053,89176,86170,8742,94912,862
2021-02-01,Kings,031,150075,21333,20746,896,21642,172
2021-02-01,Lake,033,64148,2929,2843,1,2844,33
2021-02-01,Lassen,035,31185,4969,4907,88,4995,1
2021-02-01,Los Angeles,037,10098052,1130915,1094341,37200,1131541,16695
2021-02-01,Madera,039,155013,14928,14572,734,15306,94
2021-02-01,Marin,041,260295,12539,12341,150,12491,188
2021-02-01,Mariposa,043,17540,359,344,3,347,4
2021-02-01,Mendocino,045,87422,3358,3192,60,3252,37
2021-02-01,Merced,047,269075,26644,26282,754,27036,337
2021-02-01,Modoc,049,8938,319,303,103,406,1
2021-02-01,Mono,051,14174,1138,1145,15,1160,3
2021-02-01,Monterey,053,433212,40142,39196,1450,40646,278
2021-02-01,Napa,055,140530,8620,8449,33,8482,52
2021-02-01,Nevada,057,99092,3714,3535,147,3682,20
2021-02-01,Orange,059,3164182,237757,233155,9628,242783,3100
2021-02-01,Placer,061,380077,19565,18574,1011,19585,204
2021-02-01,Plumas,063,18699,623,554,10,564,2
2021-02-01,Riverside,065,2383286,275681,267025,12972,279997,3092
2021-02-01,Sacramento,067,1510023,88925,86856,1108,87964,1193
2021-02-01,San Benito,069,59416,5493,5432,75,5507,48
2021-02-01,San Bernardino,071,2135413,278383,270012,8183,278195,2172
2021-02-01,San Diego,073,3302833,250590,239121,11894,251015,2619
2021-02-01,San Francisco,075,870044,32261,31703,910,32613,324
2021-02-01,San Joaquin,077,732212,63457,61542,2557,64099,877
2021-02-01,San Luis Obispo,079,281455,18368,17690,490,18180,199
2021-02-01,San Mateo,081,765935,37456,35843,364,36207,220
2021-02-01,Santa Barbara,083,443738,30250,28837,982,29819,297
2021-02-01,Santa Clara,085,1922200,104201,102462,490,102952,1343
2021-02-01,Santa Cruz,087,273765,14632,13524,716,14240,149
2021-02-01,Shasta,089,179085,10487,10329,1104,11433,112
2021-02-01,Sierra,091,2930,49,42,12,54,0
2021-02-01,Siskiyou,093,43540,1349,1238,202,1440,4
2021-02-01,Solano,095,438530,28432,27844,327,28171,117
2021-02-01,Sonoma,097,501317,26318,26011,140,26151,243
2021-02-01,Stanislaus,099,539301,47617,46112,4927,51039,642
2021-02-01,Sutter,101,95872,8471,8313,78,8391,89
2021-02-01,Tehama,103,63373,4377,4263,470,4733,21
2021-02-01,Trinity,105,12862,443,260,67,327,3
2021-02-01,Tulare,107,460477,46098,44569,7000,51569,618
2021-02-01,Tuolumne,109,53932,3535,3534,31,3565,39
2021-02-01,Ventura,111,848112,72981,71104,2584,73688,502
2021-02-01,Yolo,113,214977,12228,11824,178,12002,151
2021-02-01,Yuba,115,75493,5204,5084,76,5160,33
2021-01-31,Alameda,001,1643700,75685,73979,1614,75593,857
2021-01-31,Alpine,003,1148,73,72,0,72,0
2021-01-31,Amador,005,37829,3294,3212,25,3237,32
2021-01-31,Butte,007,227075,10775,10215,1504,11719,140
2021-01-31,Calaveras,009,45235,1795,1778,11,1789,21
2021-01-31,Colusa,011,21464,1780,1754,212,1966,9
2021-01-31,Contra Costa,013,1133247,58877,57079,991,58070,531
2021-01-31,Del Norte,015,27424,894,865,4,869,2
2021-01-31,El Dorado,017,186661,8621,8317,563,8880,83
2021-01-31,Fresno,019,978130,91778,88852,7075,95927,994
2021-01-31,Glenn,021,27897,2127,2083,447,2530,14
2021-01-31,Humboldt,023,135768,2856,2767,18,2785,25
2021-01-31,Imperial,025,180216,26632,26206,2472,28678,530
2021-01-31,Inyo,027,18085,1107,1072,8,1080,27
2021-01-31,Kern,029,883053,88680,85872,8656,94528,861
2021-01-31,Kings,031,150075,21248,20709,884,21593,172
2021-01-31,Lake,033,64148,2908,2826,1,2827,33
2021-01-31,Lassen,035,31185,4953,4900,88,4988,1
2021-01-31,Los Angeles,037,10098052,1126299,1090304,36996,1127300,16609
2021-01-31,Madera,039,155013,14874,14496,726,15222,94
2021-01-31,Marin,041,260295,12492,12297,146,12443,185
2021-01-31,Mariposa,043,17540,357,344,3,347,4
2021-01-31,Mendocino,045,87422,3335,3181,59,3240,37
2021-01-31,Merced,047,269075,26500,26222,749,26971,337
2021-01-31,Modoc,049,8938,316,304,101,405,1
2021-01-31,Mono,051,14174,1135,1146,15,1161,3
2021-01-31,Monterey,053,433212,39961,39035,1423,40458,278
2021-01-31,Napa,055,140530,8578,8404,33,8437,52
2021-01-31,Nevada,057,99092,3692,3518,145,3663,20
2021-01-31,Orange,059,3164182,236739,232347,9587,241934,3053
2021-01-31,Placer,061,380077,19492,18506,1000,19506,204
2021-01-31,Plumas,063,18699,622,554,10,564,2
2021-01-31,Riverside,065,2383286,274668,266145,12925,279070,3074
2021-01-31,Sacramento,067,1510023,88483,86560,1094,87654,1186
2021-01-31,San Benito,069,59416,5471,5425,73,5498,48
2021-01-31,San Bernardino,071,2135413,277353,269533,8152,277685,2156
2021-01-31,San Diego,073,3302833,249277,238039,11780,249819,2619
2021-01-31,San Francisco,075,870044,32070,31563,899,32462,323
2021-01-31,San Joaquin,077,732212,63053,61379,2547,63926,877
2021-01-31,San Luis Obispo,079,281455,18234,17615,485,18100,199
2021-01-31,San Mateo,081,765935,37266,35659,361,36020,219
2021-01-31,Santa Barbara,083,443738,30007,28570,973,29543,297
2021-01-31,Santa Clara,085,1922200,103653,101986,481,102467,1330
2021-01-31,Santa Cruz,087,273765,14537,13469,702,14171,149
2021-01-31,Shasta,089,179085,10442,10313,1095,11408,112
2021-01-31,Sierra,091,2930,48,43,12,55,0
2021-01-31,Siskiyou,093,43540,1339,1238,202,1440,4
2021-01-31,Solano,095,438530,28302,27678,327,28005,118
2021-01-31,Sonoma,097,501317,26216,25925,139,26064,243
2021-01-31,Stanislaus,099,539301,47331,45971,4889,50860,642
2021-01-31,Sutter,101,95872,8426,8289,78,8367,89
2021-01-31,Tehama,103,63373,4357,4256,469,4725,21
2021-01-31,Trinity,105,12862,441,260,67,327,3
2021-01-31,Tulare,107,460477,45931,44440,6919,51359,618
2021-01-31,Tuolumne,109,53932,3496,3519,31,3550,39
2021-01-31,Ventura,111,848112,72386,70635,2571,73206,502
2021-01-31,Yolo,113,214977,12167,11771,172,11943,151
2021-01-31,Yuba,115,75493,5184,5071,75,5146,33
2021-01-30,Alameda,001,1643700,75480,73622,1609,75231,850
2021-01-30,Alpine,003,1148,73,72,0,72,0
2021-01-30,Amador,005,37829,3290,3181,25,3206,32
2021-01-30,Butte,007,227075,10740,10177,1495,11672,139
2021-01-30,Calaveras,009,45235,1781,1763,11,1774,21
2021-01-30,Colusa,011,21464,1778,1748,212,1960,9
2021-01-30,Contra Costa,013,1133247,58693,56763,987,57750,531
2021-01-30,Del Norte,015,27424,893,865,4,869,2
2021-01-30,El Dorado,017,186661,8601,8299,562,8861,83
2021-01-30,Fresno,019,978130,91598,88476,7055,95531,964
2021-01-30,Glenn,021,27897,2124,2074,445,2519,14
2021-01-30,Humboldt,023,135768,2845,2742,18,2760,24
2021-01-30,Imperial,025,180216,26610,26160,2468,28628,530
2021-01-30,Inyo,027,18085,1103,1068,8,1076,27
2021-01-30,Kern,029,883053,88479,85572,8590,94162,848
2021-01-30,Kings,031,150075,21177,20605,879,21484,169
2021-01-30,Lake,033,64148,2902,2809,1,2810,33
2021-01-30,Lassen,035,31185,4949,4890,88,4978,1
2021-01-30,Los Angeles,037,10098052,1123916,1084763,36853,1121616,16484
2021-01-30,Madera,039,155013,14832,14443,721,15164,94
2021-01-30,Marin,041,260295,12464,12225,145,12370,185
2021-01-30,Mariposa,043,17540,355,344,3,347,4
2021-01-30,Mendocino,045,87422,3321,3153,58,3211,36
2021-01-30,Merced,047,269075,26425,26078,748,26826,335
2021-01-30,Modoc,049,8938,316,303,101,404,1
2021-01-30,Mono,051,14174,1135,1143,15,1158,3
2021-01-30,Monterey,053,433212,39901,38847,1420,40267,277
2021-01-30,Napa,055,140530,8562,8342,33,8375,52
2021-01-30,Nevada,057,99092,3673,3499,145,3644,20
2021-01-30,Orange,059,3164182,236195,231358,9550,240908,3013
2021-01-30,Placer,061,380077,19441,18430,994,19424,205
2021-01-30,Plumas,063,18699,620,554,10,564,2
2021-01-30,Riverside,065,2383286,274069,265137,12894,278031,3061
2021-01-30,Sacramento,067,1510023,88290,86388,1089,87477,1184
2021-01-30,San Benito,069,59416,5453,5401,72,5473,48
2021-01-30,San Bernardino,071,2135413,276934,268660,8133,276793,2122
2021-01-30,San Diego,073,3302833,248513,236765,11735,248500,2603
2021-01-30,San Francisco,075,870044,31969,31427,896,32323,316
2021-01-30,San Joaquin,077,732212,62921,61120,2538,63658,864
2021-01-30,San Luis Obispo,079,281455,18154,17522,483,18005,198
2021-01-30,San Mateo,081,765935,37127,35451,360,35811,219
2021-01-30,Santa Barbara,083,443738,29864,28342,971,29313,296
2021-01-30,Santa Clara,085,1922200,103307,101471,478,101949,1307
2021-01-30,Santa Cruz,087,273765,14497,13383,701,14084,149
2021-01-30,Shasta,089,179085,10423,10283,1092,11375,112
2021-01-30,Sierra,091,2930,48,43,12,55,0
2021-01-30,Siskiyou,093,43540,1336,1236,201,1437,4
2021-01-30,Solano,095,438530,28219,27511,325,27836,118
2021-01-30,Sonoma,097,501317,26167,25810,136,25946,243
2021-01-30,Stanislaus,099,539301,47202,45697,4866,50563,642
2021-01-30,Sutter,101,95872,8410,8226,78,8304,87
2021-01-30,Tehama,103,63373,4343,4229,468,4697,21
2021-01-30,Trinity,105,12862,441,259,67,326,3
2021-01-30,Tulare,107,460477,45796,44203,6882,51085,615
2021-01-30,Tuolumne,109,53932,3492,3508,31,3539,36
2021-01-30,Ventura,111,848112,72073,69931,2557,72488,493
2021-01-30,Yolo,113,214977,12153,11698,171,11869,151
2021-01-30,Yuba,115,75493,5174,5042,74,5116,33
2021-01-29,Alameda,001,1643700,75212,73210,1602,74812,841
2021-01-29,Alpine,003,1148,73,72,0,72,0
2021-01-29,Amador,005,37829,3278,3134,24,3158,32
2021-01-29,Butte,007,227075,10709,10122,1485,11607,138
2021-01-29,Calaveras,009,45235,1771,1757,11,1768,21
2021-01-29,Colusa,011,21464,1774,1734,211,1945,8
2021-01-29,Contra Costa,013,1133247,58521,56318,985,57303,529
2021-01-29,Del Norte,015,27424,892,865,4,869,2
2021-01-29,El Dorado,017,186661,8584,8231,561,8792,83
2021-01-29,Fresno,019,978130,91382,87936,7017,94953,962
2021-01-29,Glenn,021,27897,2119,2061,444,2505,14
2021-01-29,Humboldt,023,135768,2832,2707,18,2725,24
2021-01-29,Imperial,025,180216,26595,26045,2465,28510,521
2021-01-29,Inyo,027,18085,1091,1048,8,1056,27
2021-01-29,Kern,029,883053,88252,85044,8538,93582,836
2021-01-29,Kings,031,150075,21138,20466,874,21340,169
2021-01-29,Lake,033,64148,2893,2792,1,2793,32
2021-01-29,Lassen,035,31185,4946,4874,88,4962,1
2021-01-29,Los Angeles,037,10098052,1120441,1078329,36699,1115028,16190
2021-01-29,Madera,039,155013,14781,14377,721,15098,94
2021-01-29,Marin,041,260295,12421,12145,144,12289,185
2021-01-29,Mariposa,043,17540,354,342,3,345,4
2021-01-29,Mendocino,045,87422,3312,3131,57,3188,36
2021-01-29,Merced,047,269075,26350,25865,744,26609,334
2021-01-29,Modoc,049,8938,315,297,101,398,1
2021-01-29,Mono,051,14174,1133,1139,15,1154,3
2021-01-29,Monterey,053,433212,39781,38539,1412,39951,277
2021-01-29,Napa,055,140530,8530,8276,33,8309,52
2021-01-29,Nevada,057,99092,3664,3487,144,3631,20
2021-01-29,Orange,059,3164182,235517,229917,9512,239429,2967
2021-01-29,Placer,061,380077,19388,18367,990,19357,203
2021-01-29,Plumas,063,18699,619,548,10,558,2
2021-01-29,Riverside,065,2383286,273266,263504,12861,276365,3008
2021-01-29,Sacramento,067,1510023,88035,86320,1085,87405,1169
2021-01-29,San Benito,069,59416,5445,5386,72,5458,48
2021-01-29,San Bernardino,071,2135413,276418,267490,8093,275583,2095
2021-01-29,San Diego,073,3302833,247571,234637,11657,246294,2571
2021-01-29,San Francisco,075,870044,31829,31294,887,32181,307
2021-01-29,San Joaquin,077,732212,62776,60899,2523,63422,858
2021-01-29,San Luis Obispo,079,281455,18094,17440,478,17918,193
2021-01-29,San Mateo,081,765935,36993,35223,357,35580,218
2021-01-29,Santa Barbara,083,443738,29732,28105,965,29070,291
2021-01-29,Santa Clara,085,1922200,102943,101010,476,101486,1273
2021-01-29,Santa Cruz,087,273765,14444,13311,698,14009,148
2021-01-29,Shasta,089,179085,10406,10220,1088,11308,112
2021-01-29,Sierra,091,2930,48,43,12,55,0
2021-01-29,Siskiyou,093,43540,1335,1227,201,1428,4
2021-01-29,Solano,095,438530,28134,27352,322,27674,116
2021-01-29,Sonoma,097,501317,26106,25710,135,25845,243
2021-01-29,Stanislaus,099,539301,47054,45466,4847,50313,642
2021-01-29,Sutter,101,95872,8391,8181,78,8259,87
2021-01-29,Tehama,103,63373,4330,4191,466,4657,20
2021-01-29,Trinity,105,12862,441,260,67,327,3
2021-01-29,Tulare,107,460477,45689,43925,6843,50768,606
2021-01-29,Tuolumne,109,53932,3482,3483,31,3514,36
2021-01-29,Ventura,111,848112,71649,69511,2543,72054,484
2021-01-29,Yolo,113,214977,12115,11612,170,11782,151
2021-01-29,Yuba,115,75493,5158,5018,74,5092,32
2021-01-28,Alameda,001,1643700,74785,72758,1594,74352,833
2021-01-28,Alpine,003,1148,73,72,0,72,0
2021-01-28,Amador,005,37829,3241,3124,24,3148,31
2021-01-28,Butte,007,227075,10669,10037,1474,11511,138
2021-01-28,Calaveras,009,45235,1757,1747,10,1757,21
2021-01-28,Colusa,011,21464,1767,1731,207,1938,8
2021-01-28,Contra Costa,013,1133247,58277,55999,975,56974,525
2021-01-28,Del Norte,015,27424,891,862,4,866,2
2021-01-28,El Dorado,017,186661,8571,8198,556,8754,79
2021-01-28,Fresno,019,978130,91095,87401,6968,94369,949
2021-01-28,Glenn,021,27897,2114,2043,435,2478,14
2021-01-28,Humboldt,023,135768,2815,2686,18,2704,24
2021-01-28,Imperial,025,180216,26551,25984,2458,28442,517
2021-01-28,Inyo,027,18085,1086,1039,8,1047,27
2021-01-28,Kern,029,883053,87921,84708,8454,93162,817
2021-01-28,Kings,031,150075,21078,20328,870,21198,167
2021-01-28,Lake,033,64148,2878,2772,1,2773,32
2021-01-28,Lassen,035,31185,4940,4865,88,4953,1
2021-01-28,Los Angeles,037,10098052,1116543,1072412,36511,1108923,15967
2021-01-28,Madera,039,155013,14725,14301,717,15018,94
2021-01-28,Marin,041,260295,12368,12079,143,12222,183
2021-01-28,Mariposa,043,17540,354,334,3,337,4
2021-01-28,Mendocino,045,87422,3295,3110,57,3167,36
2021-01-28,Merced,047,269075,26225,25620,736,26356,328
2021-01-28,Modoc,049,8938,314,297,101,398,0
2021-01-28,Mono,051,14174,1131,1131,15,1146,3
2021-01-28,Monterey,053,433212,39580,38312,1394,39706,274
2021-01-28,Napa,055,140530,8483,8233,33,8266,50
2021-01-28,Nevada,057,99092,3649,3452,143,3595,19
2021-01-28,Orange,059,3164182,234538,228636,9482,238118,2860
2021-01-28,Placer,061,380077,19327,18246,987,19233,198
2021-01-28,Plumas,063,18699,618,547,10,557,2
2021-01-28,Riverside,065,2383286,272479,262342,12813,275155,2981
2021-01-28,Sacramento,067,1510023,87672,85698,1074,86772,1149
2021-01-28,San Benito,069,59416,5427,5344,71,5415,47
2021-01-28,San Bernardino,071,2135413,275723,266456,8072,274528,2057
2021-01-28,San Diego,073,3302833,246419,232967,11568,244535,2534
2021-01-28,San Francisco,075,870044,31692,31193,871,32064,290
2021-01-28,San Joaquin,077,732212,62511,60627,2508,63135,854
2021-01-28,San Luis Obispo,079,281455,17994,17279,476,17755,189
2021-01-28,San Mateo,081,765935,36824,34931,341,35272,218
2021-01-28,Santa Barbara,083,443738,29512,27674,952,28626,284
2021-01-28,Santa Clara,085,1922200,102475,100470,474,100944,1219
2021-01-28,Santa Cruz,087,273765,14355,13188,692,13880,145
2021-01-28,Shasta,089,179085,10372,10176,1080,11256,110
2021-01-28,Sierra,091,2930,48,43,12,55,0
2021-01-28,Siskiyou,093,43540,1328,1218,199,1417,4
2021-01-28,Solano,095,438530,27974,27163,321,27484,114
2021-01-28,Sonoma,097,501317,26014,25564,135,25699,236
2021-01-28,Stanislaus,099,539301,46837,45162,4825,49987,640
2021-01-28,Sutter,101,95872,8343,8136,78,8214,85
2021-01-28,Tehama,103,63373,4310,4163,463,4626,20
2021-01-28,Trinity,105,12862,439,260,67,327,3
2021-01-28,Tulare,107,460477,45532,43742,6763,50505,595
2021-01-28,Tuolumne,109,53932,3468,3472,31,3503,32
2021-01-28,Ventura,111,848112,71136,68896,2526,71422,475
2021-01-28,Yolo,113,214977,12073,11500,165,11665,151
2021-01-28,Yuba,115,75493,5142,4994,73,5067,32
2021-01-27,Alameda,001,1643700,74361,72188,1586,73774,815
2021-01-27,Alpine,003,1148,73,72,0,72,0
2021-01-27,Amador,005,37829,3225,3116,24,3140,31
2021-01-27,Butte,007,227075,10630,9988,1462,11450,138
2021-01-27,Calaveras,009,45235,1748,1737,10,1747,21
2021-01-27,Colusa,011,21464,1761,1724,205,1929,8
2021-01-27,Contra Costa,013,1133247,57979,55578,972,56550,507
2021-01-27,Del Norte,015,27424,890,859,4,863,2
2021-01-27,El Dorado,017,186661,8545,8141,555,8696,76
2021-01-27,Fresno,019,978130,90803,86886,6925,93811,938
2021-01-27,Glenn,021,27897,2110,2042,434,2476,14
2021-01-27,Humboldt,023,135768,2793,2630,18,2648,24
2021-01-27,Imperial,025,180216,26497,25861,2443,28304,504
2021-01-27,Inyo,027,18085,1082,1023,8,1031,27
2021-01-27,Kern,029,883053,87608,84244,8384,92628,809
2021-01-27,Kings,031,150075,20972,20211,862,21073,167
2021-01-27,Lake,033,64148,2858,2750,1,2751,32
2021-01-27,Lassen,035,31185,4934,4851,88,4939,1
2021-01-27,Los Angeles,037,10098052,1111758,1066569,36299,1102868,15757
2021-01-27,Madera,039,155013,14684,14194,712,14906,86
2021-01-27,Marin,041,260295,12331,12028,142,12170,180
2021-01-27,Mariposa,043,17540,354,333,3,336,4
2021-01-27,Mendocino,045,87422,3275,3095,57,3152,36
2021-01-27,Merced,047,269075,26066,25439,725,26164,315
2021-01-27,Modoc,049,8938,314,297,98,395,0
2021-01-27,Mono,051,14174,1129,1131,15,1146,3
2021-01-27,Monterey,053,433212,39375,38139,1375,39514,268
2021-01-27,Napa,055,140530,8411,8187,33,8220,46
2021-01-27,Nevada,057,99092,3627,3431,143,3574,18
2021-01-27,Orange,059,3164182,233418,227110,9428,236538,2832
2021-01-27,Placer,061,380077,19256,18106,976,19082,198
2021-01-27,Plumas,063,18699,618,544,10,554,2
2021-01-27,Riverside,065,2383286,271273,260796,12761,273557,2931
2021-01-27,Sacramento,067,1510023,87311,85428,1063,86491,1142
2021-01-27,San Benito,069,59416,5412,5284,71,5355,47
2021-01-27,San Bernardino,071,2135413,274871,265153,8041,273194,2019
2021-01-27,San Diego,073,3302833,245089,231478,11463,242941,2465
2021-01-27,San Francisco,075,870044,31549,31082,864,31946,287
2021-01-27,San Joaquin,077,732212,62242,60131,2485,62616,853
2021-01-27,San Luis Obispo,079,281455,17887,17119,472,17591,188
2021-01-27,San Mateo,081,765935,36669,34619,338,34957,216
2021-01-27,Santa Barbara,083,443738,29336,27435,946,28381,282
2021-01-27,Santa Clara,085,1922200,102071,99732,470,100202,1184
2021-01-27,Santa Cruz,087,273765,14285,13111,689,13800,143
2021-01-27,Shasta,089,179085,10338,10106,1074,11180,105
2021-01-27,Sierra,091,2930,48,44,12,56,0
2021-01-27,Siskiyou,093,43540,1322,1214,196,1410,4
2021-01-27,Solano,095,438530,27797,26982,314,27296,112
2021-01-27,Sonoma,097,501317,25916,25361,135,25496,237
2021-01-27,Stanislaus,099,539301,46651,44874,4797,49671,624
2021-01-27,Sutter,101,95872,8298,8093,77,8170,83
2021-01-27,Tehama,103,63373,4285,4133,459,4592,20
2021-01-27,Trinity,105,12862,439,260,67,327,3
2021-01-27,Tulare,107,460477,45344,43462,6692,50154,583
2021-01-27,Tuolumne,109,53932,3457,3464,31,3495,32
2021-01-27,Ventura,111,848112,70662,68291,2501,70792,468
2021-01-27,Yolo,113,214977,12026,11427,161,11588,151
2021-01-27,Yuba,115,75493,5126,4968,73,5041,32
2021-01-26,Alameda,001,1643700,73986,71851,1569,73420,789
2021-01-26,Alpine,003,1148,73,72,0,72,0
2021-01-26,Amador,005,37829,3214,3113,24,3137,31
2021-01-26,Butte,007,227075,10588,9943,1456,11399,136
2021-01-26,Calaveras,009,45235,1739,1723,10,1733,21
2021-01-26,Colusa,011,21464,1754,1719,202,1921,8
2021-01-26,Contra Costa,013,1133247,57698,55337,964,56301,491
2021-01-26,Del Norte,015,27424,889,856,4,860,2
2021-01-26,El Dorado,017,186661,8520,8115,552,8667,71
2021-01-26,Fresno,019,978130,90445,86673,6880,93553,923
2021-01-26,Glenn,021,27897,2100,2034,430,2464,13
2021-01-26,Humboldt,023,135768,2771,2612,17,2629,24
2021-01-26,Imperial,025,180216,26425,25812,2429,28241,498
2021-01-26,Inyo,027,18085,1075,1018,8,1026,27
2021-01-26,Kern,029,883053,87183,83868,8305,92173,790
2021-01-26,Kings,031,150075,20914,20156,857,21013,159
2021-01-26,Lake,033,64148,2849,2748,1,2749,32
2021-01-26,Lassen,035,31185,4928,4844,88,4932,1
2021-01-26,Los Angeles,037,10098052,1106487,1060492,36093,1096585,15458
2021-01-26,Madera,039,155013,14627,14130,706,14836,86
2021-01-26,Marin,041,260295,12286,11993,140,12133,179
2021-01-26,Mariposa,043,17540,352,332,3,335,3
2021-01-26,Mendocino,045,87422,3249,3076,56,3132,36
2021-01-26,Merced,047,269075,25926,25359,718,26077,309
2021-01-26,Modoc,049,8938,307,291,97,388,0
2021-01-26,Mono,051,14174,1127,1120,15,1135,3
2021-01-26,Monterey,053,433212,39181,37963,1354,39317,255
2021-01-26,Napa,055,140530,8354,8145,33,8178,43
2021-01-26,Nevada,057,99092,3620,3410,142,3552,18
2021-01-26,Orange,059,3164182,232295,225987,9383,235370,2760
2021-01-26,Placer,061,380077,19180,18016,974,18990,193
2021-01-26,Plumas,063,18699,616,536,10,546,2
2021-01-26,Riverside,065,2383286,269906,259399,12698,272097,2898
2021-01-26,Sacramento,067,1510023,86953,85062,1056,86118,1127
2021-01-26,San Benito,069,59416,5398,5251,70,5321,45
2021-01-26,San Bernardino,071,2135413,273872,263736,7997,271733,1970
2021-01-26,San Diego,073,3302833,243594,230063,11361,241424,2421
2021-01-26,San Francisco,075,870044,31416,30874,845,31719,286
2021-01-26,San Joaquin,077,732212,61989,59889,2469,62358,847
2021-01-26,San Luis Obispo,079,281455,17806,17016,469,17485,186
2021-01-26,San Mateo,081,765935,36475,34441,327,34768,213
2021-01-26,Santa Barbara,083,443738,29163,27321,934,28255,273
2021-01-26,Santa Clara,085,1922200,101593,99215,466,99681,1171
2021-01-26,Santa Cruz,087,273765,14219,13045,683,13728,134
2021-01-26,Shasta,089,179085,10303,10036,1066,11102,103
2021-01-26,Sierra,091,2930,48,43,12,55,0
2021-01-26,Siskiyou,093,43540,1308,1208,194,1402,4
2021-01-26,Solano,095,438530,27641,26858,308,27166,110
2021-01-26,Sonoma,097,501317,25793,25273,133,25406,236
2021-01-26,Stanislaus,099,539301,46466,44703,4756,49459,599
2021-01-26,Sutter,101,95872,8255,8067,77,8144,83
2021-01-26,Tehama,103,63373,4254,4115,459,4574,20
2021-01-26,Trinity,105,12862,439,260,67,327,3
2021-01-26,Tulare,107,460477,45141,43394,6623,50017,579
2021-01-26,Tuolumne,109,53932,3447,3451,31,3482,30
2021-01-26,Ventura,111,848112,70130,67526,2475,70001,448
2021-01-26,Yolo,113,214977,11981,11361,158,11519,148
2021-01-26,Yuba,115,75493,5101,4944,71,5015,31
2021-01-25,Alameda,001,1643700,73554,71255,1559,72814,780
2021-01-25,Alpine,003,1148,73,72,0,72,0
2021-01-25,Amador,005,37829,3174,3074,24,3098,30
2021-01-25,Butte,007,227075,10522,9865,1448,11313,133
2021-01-25,Calaveras,009,45235,1724,1713,10,1723,21
2021-01-25,Colusa,011,21464,1742,1709,198,1907,8
2021-01-25,Contra Costa,013,1133247,57341,54989,957,55946,488
2021-01-25,Del Norte,015,27424,888,855,4,859,2
2021-01-25,El Dorado,017,186661,8496,8060,552,8612,66
2021-01-25,Fresno,019,978130,90074,86336,6848,93184,913
2021-01-25,Glenn,021,27897,2089,2028,430,2458,13
2021-01-25,Humboldt,023,135768,2737,2587,17,2604,24
2021-01-25,Imperial,025,180216,26375,25745,2421,28166,491
2021-01-25,Inyo,027,18085,1069,1015,8,1023,27
2021-01-25,Kern,029,883053,86787,83401,8218,91619,787
2021-01-25,Kings,031,150075,20794,20067,853,20920,159
2021-01-25,Lake,033,64148,2830,2729,1,2730,32
2021-01-25,Lassen,035,31185,4902,4835,88,4923,1
2021-01-25,Los Angeles,037,10098052,1100547,1055181,35864,1091045,15163
2021-01-25,Madera,039,155013,14573,14068,701,14769,86
2021-01-25,Marin,041,260295,12234,11923,136,12059,177
2021-01-25,Mariposa,043,17540,349,331,3,334,3
2021-01-25,Mendocino,045,87422,3238,3054,56,3110,35
2021-01-25,Merced,047,269075,25787,25181,709,25890,305
2021-01-25,Modoc,049,8938,306,288,93,381,0
2021-01-25,Mono,051,14174,1124,1114,14,1128,3
2021-01-25,Monterey,053,433212,38927,37726,1335,39061,255
2021-01-25,Napa,055,140530,8320,8057,32,8089,43
2021-01-25,Nevada,057,99092,3606,3365,142,3507,18
2021-01-25,Orange,059,3164182,231086,225105,9342,234447,2696
2021-01-25,Placer,061,380077,19093,17936,959,18895,193
2021-01-25,Plumas,063,18699,613,533,10,543,2
2021-01-25,Riverside,065,2383286,268160,258082,12642,270724,2789
2021-01-25,Sacramento,067,1510023,86509,84653,1048,85701,1118
2021-01-25,San Benito,069,59416,5361,5238,69,5307,43
2021-01-25,San Bernardino,071,2135413,272923,263174,7961,271135,1947
2021-01-25,San Diego,073,3302833,241979,228630,11289,239919,2375
2021-01-25,San Francisco,075,870044,31267,30734,822,31556,288
2021-01-25,San Joaquin,077,732212,61694,59291,2444,61735,838
2021-01-25,San Luis Obispo,079,281455,17672,16868,464,17332,179
2021-01-25,San Mateo,081,765935,36241,34187,321,34508,213
2021-01-25,Santa Barbara,083,443738,28932,27065,924,27989,269
2021-01-25,Santa Clara,085,1922200,101022,98647,459,99106,1143
2021-01-25,Santa Cruz,087,273765,14132,12973,678,13651,133
2021-01-25,Shasta,089,179085,10262,9991,1055,11046,103
2021-01-25,Sierra,091,2930,48,42,12,54,0
2021-01-25,Siskiyou,093,43540,1300,1205,191,1396,4
2021-01-25,Solano,095,438530,27472,26648,307,26955,109
2021-01-25,Sonoma,097,501317,25683,25160,131,25291,233
2021-01-25,Stanislaus,099,539301,46220,44293,4712,49005,599
2021-01-25,Sutter,101,95872,8211,8023,77,8100,83
2021-01-25,Tehama,103,63373,4227,4082,455,4537,20
2021-01-25,Trinity,105,12862,439,262,67,329,3
2021-01-25,Tulare,107,460477,44926,43124,6518,49642,578
2021-01-25,Tuolumne,109,53932,3438,3422,31,3453,29
2021-01-25,Ventura,111,848112,69487,66910,2458,69368,439
2021-01-25,Yolo,113,214977,11894,11276,157,11433,140
2021-01-25,Yuba,115,75493,5077,4900,69,4969,31
2021-01-24,Alameda,001,1643700,73047,70823,1548,72371,780
2021-01-24,Alpine,003,1148,73,72,0,72,0
2021-01-24,Amador,005,37829,3141,3054,24,3078,30
2021-01-24,Butte,007,227075,10438,9820,1430,11250,133
2021-01-24,Calaveras,009,45235,1711,1704,10,1714,21
2021-01-24,Colusa,011,21464,1731,1689,192,1881,8
2021-01-24,Contra Costa,013,1133247,56950,54694,944,55638,488
2021-01-24,Del Norte,015,27424,884,855,4,859,2
2021-01-24,El Dorado,017,186661,8461,8003,548,8551,66
2021-01-24,Fresno,019,978130,89637,85808,6809,92617,911
2021-01-24,Glenn,021,27897,2083,2026,428,2454,13
2021-01-24,Humboldt,023,135768,2698,2562,17,2579,24
2021-01-24,Imperial,025,180216,26279,25707,2395,28102,488
2021-01-24,Inyo,027,18085,1053,1007,8,1015,27
2021-01-24,Kern,029,883053,86344,83125,8110,91235,785
2021-01-24,Kings,031,150075,20666,19988,837,20825,159
2021-01-24,Lake,033,64148,2812,2724,0,2724,32
2021-01-24,Lassen,035,31185,4891,4828,85,4913,1
2021-01-24,Los Angeles,037,10098052,1094164,1048757,35554,1084311,15119
2021-01-24,Madera,039,155013,14483,14000,695,14695,86
2021-01-24,Marin,041,260295,12167,11872,134,12006,177
2021-01-24,Mariposa,043,17540,345,322,3,325,3
2021-01-24,Mendocino,045,87422,3217,3037,55,3092,33
2021-01-24,Merced,047,269075,25574,25047,701,25748,305
2021-01-24,Modoc,049,8938,306,285,93,378,0
2021-01-24,Mono,051,14174,1117,1113,14,1127,3
2021-01-24,Monterey,053,433212,38649,37527,1303,38830,254
2021-01-24,Napa,055,140530,8278,8005,32,8037,43
2021-01-24,Nevada,057,99092,3564,3349,140,3489,18
2021-01-24,Orange,059,3164182,229654,223853,9272,233125,2632
2021-01-24,Placer,061,380077,18979,17839,939,18778,193
2021-01-24,Plumas,063,18699,610,532,10,542,2
2021-01-24,Riverside,065,2383286,266518,256767,12565,269332,2761
2021-01-24,Sacramento,067,1510023,85939,84110,1040,85150,1112
2021-01-24,San Benito,069,59416,5319,5223,66,5289,43
2021-01-24,San Bernardino,071,2135413,271598,262370,7907,270277,1935
2021-01-24,San Diego,073,3302833,240285,227193,11158,238351,2375
2021-01-24,San Francisco,075,870044,31080,30559,800,31359,275
2021-01-24,San Joaquin,077,732212,61266,59021,2428,61449,838
2021-01-24,San Luis Obispo,079,281455,17550,16758,462,17220,179
2021-01-24,San Mateo,081,765935,35996,33956,316,34272,213
2021-01-24,Santa Barbara,083,443738,28616,26735,914,27649,269
2021-01-24,Santa Clara,085,1922200,100375,98103,454,98557,1109
2021-01-24,Santa Cruz,087,273765,14046,12905,670,13575,133
2021-01-24,Shasta,089,179085,10191,9978,1046,11024,103
2021-01-24,Sierra,091,2930,47,42,12,54,0
2021-01-24,Siskiyou,093,43540,1293,1195,191,1386,4
2021-01-24,Solano,095,438530,27283,26515,303,26818,109
2021-01-24,Sonoma,097,501317,25507,25045,130,25175,233
2021-01-24,Stanislaus,099,539301,45909,44031,4652,48683,599
2021-01-24,Sutter,101,95872,8142,7980,77,8057,83
2021-01-24,Tehama,103,63373,4188,4062,448,4510,20
2021-01-24,Trinity,105,12862,439,262,67,329,3
2021-01-24,Tulare,107,460477,44707,43006,6425,49431,577
2021-01-24,Tuolumne,109,53932,3428,3416,31,3447,29
2021-01-24,Ventura,111,848112,68773,66347,2433,68780,439
2021-01-24,Yolo,113,214977,11809,11210,153,11363,140
2021-01-24,Yuba,115,75493,5037,4875,68,4943,31
2021-01-23,Alameda,001,1643700,72798,70080,1541,71621,780
2021-01-23,Alpine,003,1148,73,72,0,72,0
2021-01-23,Amador,005,37829,3138,3049,24,3073,30
2021-01-23,Butte,007,227075,10408,9757,1425,11182,133
2021-01-23,Calaveras,009,45235,1708,1695,10,1705,21
2021-01-23,Colusa,011,21464,1727,1672,191,1863,8
2021-01-23,Contra Costa,013,1133247,56736,54162,936,55098,487
2021-01-23,Del Norte,015,27424,883,855,4,859,2
2021-01-23,El Dorado,017,186661,8445,7984,546,8530,66
2021-01-23,Fresno,019,978130,89451,85274,6779,92053,910
2021-01-23,Glenn,021,27897,2080,2015,424,2439,13
2021-01-23,Humboldt,023,135768,2679,2493,16,2509,23
2021-01-23,Imperial,025,180216,26246,25581,2386,27967,487
2021-01-23,Inyo,027,18085,1044,987,8,995,27
2021-01-23,Kern,029,883053,86098,82602,8038,90640,783
2021-01-23,Kings,031,150075,20622,19904,835,20739,159
2021-01-23,Lake,033,64148,2804,2673,0,2673,32
2021-01-23,Lassen,035,31185,4890,4816,82,4898,1
2021-01-23,Los Angeles,037,10098052,1090945,1040961,35398,1076359,15034
2021-01-23,Madera,039,155013,14447,13858,693,14551,86
2021-01-23,Marin,041,260295,12111,11796,132,11928,177
2021-01-23,Mariposa,043,17540,345,323,3,326,3
2021-01-23,Mendocino,045,87422,3203,2991,55,3046,32
2021-01-23,Merced,047,269075,25481,24787,688,25475,303
2021-01-23,Modoc,049,8938,306,285,93,378,0
2021-01-23,Mono,051,14174,1115,1111,14,1125,3
2021-01-23,Monterey,053,433212,38566,37165,1298,38463,253
2021-01-23,Napa,055,140530,8253,7893,32,7925,43
2021-01-23,Nevada,057,99092,3553,3332,139,3471,18
2021-01-23,Orange,059,3164182,228885,221722,9232,230954,2618
2021-01-23,Placer,061,380077,18928,17617,934,18551,193
2021-01-23,Plumas,063,18699,609,528,10,538,2
2021-01-23,Riverside,065,2383286,265617,253636,12512,266148,2733
2021-01-23,Sacramento,067,1510023,85710,83408,1037,84445,1108
2021-01-23,San Benito,069,59416,5295,5166,65,5231,43
2021-01-23,San Bernardino,071,2135413,271053,260381,7875,268256,1922
2021-01-23,San Diego,073,3302833,239224,225556,11086,236642,2344
2021-01-23,San Francisco,075,870044,30975,30308,771,31079,268
2021-01-23,San Joaquin,077,732212,61140,58164,2418,60582,836
2021-01-23,San Luis Obispo,079,281455,17486,16652,459,17111,176
2021-01-23,San Mateo,081,765935,35820,33696,305,34001,213
2021-01-23,Santa Barbara,083,443738,28433,26234,905,27139,264
2021-01-23,Santa Clara,085,1922200,100020,97189,453,97642,1086
2021-01-23,Santa Cruz,087,273765,13988,12771,667,13438,127
2021-01-23,Shasta,089,179085,10161,9951,1045,10996,103
2021-01-23,Sierra,091,2930,47,41,12,53,0
2021-01-23,Siskiyou,093,43540,1283,1190,190,1380,4
2021-01-23,Solano,095,438530,27191,26261,301,26562,107
2021-01-23,Sonoma,097,501317,25431,24790,130,24920,232
2021-01-23,Stanislaus,099,539301,45745,43723,4623,48346,599
2021-01-23,Sutter,101,95872,8124,7943,76,8019,80
2021-01-23,Tehama,103,63373,4169,4006,447,4453,20
2021-01-23,Trinity,105,12862,439,262,67,329,3
2021-01-23,Tulare,107,460477,44554,42661,6365,49026,575
2021-01-23,Tuolumne,109,53932,3421,3407,31,3438,29
2021-01-23,Ventura,111,848112,68325,65581,2410,67991,438
2021-01-23,Yolo,113,214977,11767,11087,149,11236,141
2021-01-23,Yuba,115,75493,5025,4831,67,4898,30
2021-01-22,Alameda,001,1643700,72476,69693,1535,71228,751
2021-01-22,Alpine,003,1148,73,71,0,71,0
2021-01-22,Amador,005,37829,3133,3042,24,3066,30
2021-01-22,Butte,007,227075,10359,9711,1412,11123,133
2021-01-22,Calaveras,009,45235,1701,1672,10,1682,21
2021-01-22,Colusa,011,21464,1725,1668,191,1859,7
2021-01-22,Contra Costa,013,1133247,56498,53887,930,54817,485
2021-01-22,Del Norte,015,27424,882,852,4,856,2
2021-01-22,El Dorado,017,186661,8412,7877,543,8420,64
2021-01-22,Fresno,019,978130,89110,84744,6751,91495,892
2021-01-22,Glenn,021,27897,2076,1985,419,2404,13
2021-01-22,Humboldt,023,135768,2655,2452,16,2468,23
2021-01-22,Imperial,025,180216,26211,25562,2371,27933,474
2021-01-22,Inyo,027,18085,1033,961,8,969,26
2021-01-22,Kern,029,883053,85798,82101,7965,90066,771
2021-01-22,Kings,031,150075,20546,19760,831,20591,159
2021-01-22,Lake,033,64148,2792,2681,0,2681,32
2021-01-22,Lassen,035,31185,4882,4765,81,4846,1
2021-01-22,Los Angeles,037,10098052,1086495,1031177,35208,1066385,14777
2021-01-22,Madera,039,155013,14386,13781,692,14473,86
2021-01-22,Marin,041,260295,12074,11769,130,11899,177
2021-01-22,Mariposa,043,17540,345,323,3,326,3
2021-01-22,Mendocino,045,87422,3178,2994,54,3048,32
2021-01-22,Merced,047,269075,25358,24616,680,25296,290
2021-01-22,Modoc,049,8938,306,285,93,378,0
2021-01-22,Mono,051,14174,1115,1108,14,1122,3
2021-01-22,Monterey,053,433212,38412,36909,1293,38202,253
2021-01-22,Napa,055,140530,8207,7828,32,7860,40
2021-01-22,Nevada,057,99092,3528,3296,138,3434,18
2021-01-22,Orange,059,3164182,227932,220384,9185,229569,2542
2021-01-22,Placer,061,380077,18871,17636,919,18555,193
2021-01-22,Plumas,063,18699,607,522,10,532,2
2021-01-22,Riverside,065,2383286,264467,252440,12446,264886,2710
2021-01-22,Sacramento,067,1510023,85384,82861,1029,83890,1094
2021-01-22,San Benito,069,59416,5270,5143,65,5208,43
2021-01-22,San Bernardino,071,2135413,270231,259121,7842,266963,1849
2021-01-22,San Diego,073,3302833,237984,222576,11021,233597,2301
2021-01-22,San Francisco,075,870044,30862,30027,753,30780,266
2021-01-22,San Joaquin,077,732212,60958,58485,2405,60890,812
2021-01-22,San Luis Obispo,079,281455,17397,16336,456,16792,172
2021-01-22,San Mateo,081,765935,35599,33401,302,33703,211
2021-01-22,Santa Barbara,083,443738,28233,25989,894,26883,256
2021-01-22,Santa Clara,085,1922200,99580,96435,450,96885,1062
2021-01-22,Santa Cruz,087,273765,13930,12687,663,13350,123
2021-01-22,Shasta,089,179085,10142,9866,1043,10909,103
2021-01-22,Sierra,091,2930,47,40,12,52,0
2021-01-22,Siskiyou,093,43540,1279,1182,188,1370,4
2021-01-22,Solano,095,438530,27102,26048,299,26347,107
2021-01-22,Sonoma,097,501317,25352,24659,130,24789,232
2021-01-22,Stanislaus,099,539301,45588,43489,4590,48079,599
2021-01-22,Sutter,101,95872,8099,7878,76,7954,80
2021-01-22,Tehama,103,63373,4150,3993,446,4439,19
2021-01-22,Trinity,105,12862,438,263,67,330,3
2021-01-22,Tulare,107,460477,44374,42307,6295,48602,573
2021-01-22,Tuolumne,109,53932,3392,3379,31,3410,29
2021-01-22,Ventura,111,848112,67818,64404,2392,66796,426
2021-01-22,Yolo,113,214977,11733,11014,141,11155,141
2021-01-22,Yuba,115,75493,5001,4789,65,4854,29
2021-01-21,Alameda,001,1643700,72045,69314,1518,70832,739
2021-01-21,Alpine,003,1148,73,71,0,71,0
2021-01-21,Amador,005,37829,3111,3038,24,3062,29
2021-01-21,Butte,007,227075,10289,9643,1405,11048,130
2021-01-21,Calaveras,009,45235,1692,1647,10,1657,21
2021-01-21,Colusa,011,21464,1718,1662,188,1850,7
2021-01-21,Contra Costa,013,1133247,56079,53595,916,54511,478
2021-01-21,Del Norte,015,27424,880,850,3,853,2
2021-01-21,El Dorado,017,186661,8363,7823,540,8363,58
2021-01-21,Fresno,019,978130,88704,84137,6711,90848,889
2021-01-21,Glenn,021,27897,2067,1964,415,2379,13
2021-01-21,Humboldt,023,135768,2632,2423,16,2439,23
2021-01-21,Imperial,025,180216,26119,25509,2357,27866,463
2021-01-21,Inyo,027,18085,1024,946,8,954,26
2021-01-21,Kern,029,883053,85385,81328,7847,89175,769
2021-01-21,Kings,031,150075,20475,19633,813,20446,158
2021-01-21,Lake,033,64148,2775,2669,0,2669,32
2021-01-21,Lassen,035,31185,4876,4763,81,4844,1
2021-01-21,Los Angeles,037,10098052,1079841,1023055,34888,1057943,14537
2021-01-21,Madera,039,155013,14318,13664,684,14348,86
2021-01-21,Marin,041,260295,12018,11732,128,11860,173
2021-01-21,Mariposa,043,17540,341,322,3,325,3
2021-01-21,Mendocino,045,87422,3155,2967,52,3019,32
2021-01-21,Merced,047,269075,25203,24426,674,25100,245
2021-01-21,Modoc,049,8938,303,284,92,376,0
2021-01-21,Mono,051,14174,1110,1104,14,1118,3
2021-01-21,Monterey,053,433212,38135,36149,1283,37432,253
2021-01-21,Napa,055,140530,8143,7774,32,7806,40
2021-01-21,Nevada,057,99092,3499,3274,137,3411,18
2021-01-21,Orange,059,3164182,226555,218867,9130,227997,2540
2021-01-21,Placer,061,380077,18792,17553,915,18468,190
2021-01-21,Plumas,063,18699,603,518,10,528,2
2021-01-21,Riverside,065,2383286,262743,251007,12366,263373,2676
2021-01-21,Sacramento,067,1510023,84905,82303,1008,83311,1084
2021-01-21,San Benito,069,59416,5236,5100,60,5160,43
2021-01-21,San Bernardino,071,2135413,268882,257754,7777,265531,1832
2021-01-21,San Diego,073,3302833,236208,219729,10915,230644,2222
2021-01-21,San Francisco,075,870044,30685,29801,719,30520,266
2021-01-21,San Joaquin,077,732212,60649,58270,2385,60655,806
2021-01-21,San Luis Obispo,079,281455,17311,16153,448,16601,169
2021-01-21,San Mateo,081,765935,35353,33156,289,33445,210
2021-01-21,Santa Barbara,083,443738,27948,25654,881,26535,253
2021-01-21,Santa Clara,085,1922200,98952,96028,443,96471,1062
2021-01-21,Santa Cruz,087,273765,13846,12548,653,13201,119
2021-01-21,Shasta,089,179085,10099,9795,1027,10822,98
2021-01-21,Sierra,091,2930,47,40,12,52,0
2021-01-21,Siskiyou,093,43540,1276,1178,185,1363,4
2021-01-21,Solano,095,438530,26922,25885,295,26180,106
2021-01-21,Sonoma,097,501317,25216,24440,128,24568,230
2021-01-21,Stanislaus,099,539301,45285,43223,4546,47769,599
2021-01-21,Sutter,101,95872,8065,7822,76,7898,80
2021-01-21,Tehama,103,63373,4114,3938,446,4384,19
2021-01-21,Trinity,105,12862,438,261,67,328,3
2021-01-21,Tulare,107,460477,44163,42082,6219,48301,569
2021-01-21,Tuolumne,109,53932,3382,3365,30,3395,29
2021-01-21,Ventura,111,848112,67126,63995,2371,66366,420
2021-01-21,Yolo,113,214977,11645,10940,133,11073,141
2021-01-21,Yuba,115,75493,4970,4757,64,4821,29
2021-01-20,Alameda,001,1643700,71559,68785,1504,70289,702
2021-01-20,Alpine,003,1148,73,71,0,71,0
2021-01-20,Amador,005,37829,3080,3036,24,3060,29
2021-01-20,Butte,007,227075,10233,9582,1395,10977,130
2021-01-20,Calaveras,009,45235,1672,1637,9,1646,21
2021-01-20,Colusa,011,21464,1701,1630,183,1813,7
2021-01-20,Contra Costa,013,1133247,55626,53108,910,54018,461
2021-01-20,Del Norte,015,27424,879,848,3,851,2
2021-01-20,El Dorado,017,186661,8315,7785,537,8322,53
2021-01-20,Fresno,019,978130,88284,83591,6658,90249,872
2021-01-20,Glenn,021,27897,2049,1955,412,2367,13
2021-01-20,Humboldt,023,135768,2589,2390,16,2406,22
2021-01-20,Imperial,025,180216,26047,25380,2322,27702,461
2021-01-20,Inyo,027,18085,1014,901,8,909,26
2021-01-20,Kern,029,883053,84934,80701,7740,88441,754
2021-01-20,Kings,031,150075,20385,19522,805,20327,146
2021-01-20,Lake,033,64148,2753,2646,0,2646,31
2021-01-20,Lassen,035,31185,4868,4758,79,4837,1
2021-01-20,Los Angeles,037,10098052,1072362,1015608,34598,1050206,14299
2021-01-20,Madera,039,155013,14254,13585,679,14264,86
2021-01-20,Marin,041,260295,11964,11684,126,11810,171
2021-01-20,Mariposa,043,17540,339,322,3,325,3
2021-01-20,Mendocino,045,87422,3140,2957,52,3009,32
2021-01-20,Merced,047,269075,25029,24220,653,24873,243
2021-01-20,Modoc,049,8938,302,282,92,374,0
2021-01-20,Mono,051,14174,1103,1105,13,1118,3
2021-01-20,Monterey,053,433212,37817,35960,1261,37221,249
2021-01-20,Napa,055,140530,8074,7731,31,7762,40
2021-01-20,Nevada,057,99092,3467,3238,137,3375,18
2021-01-20,Orange,059,3164182,225016,216893,9069,225962,2500
2021-01-20,Placer,061,380077,18698,17455,897,18352,186
2021-01-20,Plumas,063,18699,601,512,10,522,2
2021-01-20,Riverside,065,2383286,260698,248686,12279,260965,2615
2021-01-20,Sacramento,067,1510023,84342,81687,997,82684,1072
2021-01-20,San Benito,069,59416,5206,5036,59,5095,35
2021-01-20,San Bernardino,071,2135413,267524,255921,7730,263651,1801
2021-01-20,San Diego,073,3302833,234352,218553,10812,229365,2174
2021-01-20,San Francisco,075,870044,30496,29665,699,30364,262
2021-01-20,San Joaquin,077,732212,60246,58025,2376,60401,783
2021-01-20,San Luis Obispo,079,281455,17130,15936,439,16375,164
2021-01-20,San Mateo,081,765935,35126,32929,288,33217,210
2021-01-20,Santa Barbara,083,443738,27631,25312,869,26181,248
2021-01-20,Santa Clara,085,1922200,98273,94995,441,95436,1040
2021-01-20,Santa Cruz,087,273765,13739,12460,640,13100,107
2021-01-20,Shasta,089,179085,10047,9697,1017,10714,98
2021-01-20,Sierra,091,2930,47,40,12,52,0
2021-01-20,Siskiyou,093,43540,1270,1163,184,1347,4
2021-01-20,Solano,095,438530,26729,25659,291,25950,106
2021-01-20,Sonoma,097,501317,25081,24262,126,24388,223
2021-01-20,Stanislaus,099,539301,44995,42955,4500,47455,585
2021-01-20,Sutter,101,95872,8013,7772,74,7846,80
2021-01-20,Tehama,103,63373,4089,3892,445,4337,19
2021-01-20,Trinity,105,12862,438,260,67,327,3
2021-01-20,Tulare,107,460477,43906,41799,6126,47925,559
2021-01-20,Tuolumne,109,53932,3368,3355,29,3384,29
2021-01-20,Ventura,111,848112,66170,63413,2342,65755,395
2021-01-20,Yolo,113,214977,11574,10852,130,10982,141
2021-01-20,Yuba,115,75493,4943,4729,64,4793,29
2021-01-19,Alameda,001,1643700,70902,68434,1494,69928,680
2021-01-19,Alpine,003,1148,73,71,0,71,0
2021-01-19,Amador,005,37829,3071,3024,24,3048,28
2021-01-19,Butte,007,227075,10167,9528,1381,10909,129
2021-01-19,Calaveras,009,45235,1656,1621,8,1629,21
2021-01-19,Colusa,011,21464,1679,1617,175,1792,7
2021-01-19,Contra Costa,013,1133247,55130,52730,897,53627,448
2021-01-19,Del Norte,015,27424,877,843,3,846,2
2021-01-19,El Dorado,017,186661,8255,7743,529,8272,47
2021-01-19,Fresno,019,978130,87763,83200,6606,89806,857
2021-01-19,Glenn,021,27897,2038,1948,407,2355,13
2021-01-19,Humboldt,023,135768,2565,2359,13,2372,22
2021-01-19,Imperial,025,180216,25965,25333,2303,27636,452
2021-01-19,Inyo,027,18085,1007,891,8,899,26
2021-01-19,Kern,029,883053,84347,80272,7633,87905,742
2021-01-19,Kings,031,150075,20246,19375,794,20169,143
2021-01-19,Lake,033,64148,2738,2625,0,2625,31
2021-01-19,Lassen,035,31185,4861,4753,79,4832,1
2021-01-19,Los Angeles,037,10098052,1063692,1010375,34327,1044702,14014
2021-01-19,Madera,039,155013,14138,13528,672,14200,86
2021-01-19,Marin,041,260295,11906,11654,122,11776,169
2021-01-19,Mariposa,043,17540,339,322,3,325,3
2021-01-19,Mendocino,045,87422,3123,2930,52,2982,32
2021-01-19,Merced,047,269075,24815,24108,647,24755,242
2021-01-19,Modoc,049,8938,301,281,92,373,0
2021-01-19,Mono,051,14174,1102,1106,13,1119,3
2021-01-19,Monterey,053,433212,37497,35840,1240,37080,248
2021-01-19,Napa,055,140530,8015,7672,31,7703,38
2021-01-19,Nevada,057,99092,3449,3216,135,3351,18
2021-01-19,Orange,059,3164182,223280,215244,9000,224244,2468
2021-01-19,Placer,061,380077,18600,17348,887,18235,182
2021-01-19,Plumas,063,18699,594,509,10,519,2
2021-01-19,Riverside,065,2383286,258614,246248,12200,258448,2585
2021-01-19,Sacramento,067,1510023,83804,81183,977,82160,1053
2021-01-19,San Benito,069,59416,5160,4988,58,5046,35
2021-01-19,San Bernardino,071,2135413,265781,253651,7672,261323,1777
2021-01-19,San Diego,073,3302833,231932,216833,10715,227548,2109
2021-01-19,San Francisco,075,870044,30278,29502,667,30169,261
2021-01-19,San Joaquin,077,732212,59862,57655,2363,60018,782
2021-01-19,San Luis Obispo,079,281455,16867,15855,436,16291,161
2021-01-19,San Mateo,081,765935,34840,32730,277,33007,208
2021-01-19,Santa Barbara,083,443738,27249,24991,853,25844,236
2021-01-19,Santa Clara,085,1922200,97495,94483,439,94922,1010
2021-01-19,Santa Cruz,087,273765,13622,12410,632,13042,106
2021-01-19,Shasta,089,179085,10011,9614,1007,10621,93
2021-01-19,Sierra,091,2930,47,40,10,50,0
2021-01-19,Siskiyou,093,43540,1262,1149,183,1332,4
2021-01-19,Solano,095,438530,26483,25520,290,25810,106
2021-01-19,Sonoma,097,501317,24901,24133,124,24257,223
2021-01-19,Stanislaus,099,539301,44644,42723,4443,47166,561
2021-01-19,Sutter,101,95872,7962,7709,68,7777,80
2021-01-19,Tehama,103,63373,4054,3876,443,4319,19
2021-01-19,Trinity,105,12862,437,260,67,327,3
2021-01-19,Tulare,107,460477,43628,41559,6029,47588,549
2021-01-19,Tuolumne,109,53932,3341,3328,29,3357,29
2021-01-19,Ventura,111,848112,65492,62656,2315,64971,383
2021-01-19,Yolo,113,214977,11488,10789,130,10919,134
2021-01-19,Yuba,115,75493,4910,4695,63,4758,29
2021-01-18,Alameda,001,1643700,70258,67938,1476,69414,680
2021-01-18,Alpine,003,1148,73,71,0,71,0
2021-01-18,Amador,005,37829,3057,3016,24,3040,28
2021-01-18,Butte,007,227075,10080,9474,1368,10842,129
2021-01-18,Calaveras,009,45235,1634,1617,7,1624,21
2021-01-18,Colusa,011,21464,1662,1608,170,1778,7
2021-01-18,Contra Costa,013,1133247,54614,52323,889,53212,448
2021-01-18,Del Norte,015,27424,876,840,3,843,2
2021-01-18,El Dorado,017,186661,8186,7707,527,8234,47
2021-01-18,Fresno,019,978130,87152,82485,6539,89024,857
2021-01-18,Glenn,021,27897,2021,1935,403,2338,13
2021-01-18,Humboldt,023,135768,2527,2343,13,2356,22
2021-01-18,Imperial,025,180216,25896,25317,2278,27595,452
2021-01-18,Inyo,027,18085,995,872,8,880,26
2021-01-18,Kern,029,883053,83707,79930,7541,87471,740
2021-01-18,Kings,031,150075,20076,19267,782,20049,141
2021-01-18,Lake,033,64148,2721,2591,0,2591,30
2021-01-18,Lassen,035,31185,4825,4749,78,4827,1
2021-01-18,Los Angeles,037,10098052,1054204,1002614,34036,1036650,13828
2021-01-18,Madera,039,155013,14024,13443,664,14107,85
2021-01-18,Marin,041,260295,11858,11607,120,11727,165
2021-01-18,Mariposa,043,17540,336,320,2,322,3
2021-01-18,Mendocino,045,87422,3100,2919,52,2971,31
2021-01-18,Merced,047,269075,24570,23927,631,24558,242
2021-01-18,Modoc,049,8938,298,281,89,370,0
2021-01-18,Mono,051,14174,1099,1101,13,1114,3
2021-01-18,Monterey,053,433212,37043,35549,1223,36772,247
2021-01-18,Napa,055,140530,7941,7601,31,7632,38
2021-01-18,Nevada,057,99092,3411,3199,134,3333,17
2021-01-18,Orange,059,3164182,221378,213866,8944,222810,2405
2021-01-18,Placer,061,380077,18484,17263,878,18141,182
2021-01-18,Plumas,063,18699,590,506,10,516,2
2021-01-18,Riverside,065,2383286,256296,244151,12106,256257,2568
2021-01-18,Sacramento,067,1510023,83125,80546,961,81507,1046
2021-01-18,San Benito,069,59416,5109,4963,56,5019,35
2021-01-18,San Bernardino,071,2135413,264009,252808,7614,260422,1775
2021-01-18,San Diego,073,3302833,229286,214335,10586,224921,2103
2021-01-18,San Francisco,075,870044,30072,29321,643,29964,259
2021-01-18,San Joaquin,077,732212,59344,57405,2341,59746,782
2021-01-18,San Luis Obispo,079,281455,16680,15742,426,16168,158
2021-01-18,San Mateo,081,765935,34526,32515,258,32773,208
2021-01-18,Santa Barbara,083,443738,26876,24638,839,25477,235
2021-01-18,Santa Clara,085,1922200,96603,93688,435,94123,992
2021-01-18,Santa Cruz,087,273765,13489,12298,619,12917,106
2021-01-18,Shasta,089,179085,9972,9600,997,10597,92
2021-01-18,Sierra,091,2930,46,40,10,50,0
2021-01-18,Siskiyou,093,43540,1250,1144,181,1325,4
2021-01-18,Solano,095,438530,26205,25344,285,25629,105
2021-01-18,Sonoma,097,501317,24631,24068,123,24191,223
2021-01-18,Stanislaus,099,539301,44286,42413,4393,46806,562
2021-01-18,Sutter,101,95872,7904,7680,66,7746,78
2021-01-18,Tehama,103,63373,4010,3854,436,4290,19
2021-01-18,Trinity,105,12862,437,260,67,327,3
2021-01-18,Tulare,107,460477,43339,41196,5917,47113,549
2021-01-18,Tuolumne,109,53932,3318,3318,28,3346,28
2021-01-18,Ventura,111,848112,65062,61859,2292,64151,379
2021-01-18,Yolo,113,214977,11358,10620,127,10747,134
2021-01-18,Yuba,115,75493,4882,4671,61,4732,29
2021-01-17,Alameda,001,1643700,69682,67375,1457,68832,676
2021-01-17,Alpine,003,1148,73,71,0,71,0
2021-01-17,Amador,005,37829,3050,3001,24,3025,28
2021-01-17,Butte,007,227075,10008,9411,1346,10757,129
2021-01-17,Calaveras,009,45235,1621,1608,7,1615,21
2021-01-17,Colusa,011,21464,1648,1588,165,1753,7
2021-01-17,Contra Costa,013,1133247,54126,51932,882,52814,447
2021-01-17,Del Norte,015,27424,876,838,3,841,2
2021-01-17,El Dorado,017,186661,8130,7659,515,8174,47
2021-01-17,Fresno,019,978130,86599,82039,6462,88501,857
2021-01-17,Glenn,021,27897,2010,1924,398,2322,9
2021-01-17,Humboldt,023,135768,2489,2322,11,2333,22
2021-01-17,Imperial,025,180216,25826,25253,2234,27487,451
2021-01-17,Inyo,027,18085,989,864,8,872,26
2021-01-17,Kern,029,883053,83159,79489,7455,86944,738
2021-01-17,Kings,031,150075,19940,19201,768,19969,131
2021-01-17,Lake,033,64148,2705,2572,0,2572,30
2021-01-17,Lassen,035,31185,4817,4740,77,4817,1
2021-01-17,Los Angeles,037,10098052,1047565,993028,33634,1026662,13741
2021-01-17,Madera,039,155013,13932,13328,659,13987,85
2021-01-17,Marin,041,260295,11805,11552,118,11670,164
2021-01-17,Mariposa,043,17540,336,319,2,321,3
2021-01-17,Mendocino,045,87422,3072,2912,51,2963,31
2021-01-17,Merced,047,269075,24355,23800,614,24414,242
2021-01-17,Modoc,049,8938,297,279,89,368,0
2021-01-17,Mono,051,14174,1093,1091,12,1103,3
2021-01-17,Monterey,053,433212,36806,35340,1198,36538,244
2021-01-17,Napa,055,140530,7885,7521,31,7552,38
2021-01-17,Nevada,057,99092,3386,3176,132,3308,17
2021-01-17,Orange,059,3164182,219372,212389,8869,221258,2359
2021-01-17,Placer,061,380077,18379,17194,863,18057,181
2021-01-17,Plumas,063,18699,589,505,9,514,2
2021-01-17,Riverside,065,2383286,254188,242206,11987,254193,2534
2021-01-17,Sacramento,067,1510023,82521,80154,948,81102,1045
2021-01-17,San Benito,069,59416,5071,4941,56,4997,35
2021-01-17,San Bernardino,071,2135413,261884,251487,7525,259012,1775
2021-01-17,San Diego,073,3302833,227091,211785,10479,222264,2103
2021-01-17,San Francisco,075,870044,29887,29139,604,29743,255
2021-01-17,San Joaquin,077,732212,58984,57094,2326,59420,780
2021-01-17,San Luis Obispo,079,281455,16558,15658,417,16075,157
2021-01-17,San Mateo,081,765935,34273,32186,235,32421,208
2021-01-17,Santa Barbara,083,443738,26424,24401,823,25224,235
2021-01-17,Santa Clara,085,1922200,95853,92752,432,93184,976
2021-01-17,Santa Cruz,087,273765,13377,12196,616,12812,106
2021-01-17,Shasta,089,179085,9914,9588,989,10577,92
2021-01-17,Sierra,091,2930,46,38,9,47,0
2021-01-17,Siskiyou,093,43540,1243,1136,178,1314,4
2021-01-17,Solano,095,438530,25975,25216,283,25499,105
2021-01-17,Sonoma,097,501317,24461,23871,123,23994,223
2021-01-17,Stanislaus,099,539301,43966,42221,4336,46557,562
2021-01-17,Sutter,101,95872,7840,7604,65,7669,77
2021-01-17,Tehama,103,63373,3980,3837,431,4268,18
2021-01-17,Trinity,105,12862,437,261,67,328,3
2021-01-17,Tulare,107,460477,43047,41016,5801,46817,549
2021-01-17,Tuolumne,109,53932,3301,3287,28,3315,27
2021-01-17,Ventura,111,848112,64218,61257,2245,63502,376
2021-01-17,Yolo,113,214977,11257,10519,125,10644,134
2021-01-17,Yuba,115,75493,4831,4640,59,4699,28
2021-01-16,Alameda,001,1643700,69357,66583,1444,68027,673
2021-01-16,Alpine,003,1148,73,71,0,71,0
2021-01-16,Amador,005,37829,3047,2986,24,3010,28
2021-01-16,Butte,007,227075,9978,9359,1326,10685,129
2021-01-16,Calaveras,009,45235,1607,1596,7,1603,21
2021-01-16,Colusa,011,21464,1636,1578,165,1743,7
2021-01-16,Contra Costa,013,1133247,53863,51363,875,52238,443
2021-01-16,Del Norte,015,27424,871,833,3,836,2
2021-01-16,El Dorado,017,186661,8108,7575,514,8089,47
2021-01-16,Fresno,019,978130,86325,81294,6409,87703,846
2021-01-16,Glenn,021,27897,2006,1894,394,2288,9
2021-01-16,Humboldt,023,135768,2469,2294,9,2303,22
2021-01-16,Imperial,025,180216,25792,25140,2227,27367,451
2021-01-16,Inyo,027,18085,985,845,8,853,25
2021-01-16,Kern,029,883053,82792,78865,7402,86267,733
2021-01-16,Kings,031,150075,19884,19072,765,19837,131
2021-01-16,Lake,033,64148,2695,2504,0,2504,30
2021-01-16,Lassen,035,31185,4805,4719,77,4796,1
2021-01-16,Los Angeles,037,10098052,1043489,982684,33393,1016077,13654
2021-01-16,Madera,039,155013,13866,13193,655,13848,85
2021-01-16,Marin,041,260295,11763,11482,118,11600,164
2021-01-16,Mariposa,043,17540,335,317,2,319,3
2021-01-16,Mendocino,045,87422,3058,2890,48,2938,31
2021-01-16,Merced,047,269075,24268,23478,600,24078,242
2021-01-16,Modoc,049,8938,297,278,89,367,0
2021-01-16,Mono,051,14174,1091,1079,12,1091,3
2021-01-16,Monterey,053,433212,36698,34972,1180,36152,243
2021-01-16,Napa,055,140530,7846,7356,31,7387,39
2021-01-16,Nevada,057,99092,3353,3144,132,3276,17
2021-01-16,Orange,059,3164182,218333,210111,8812,218923,2312
2021-01-16,Placer,061,380077,18314,16995,861,17856,177
2021-01-16,Plumas,063,18699,586,502,9,511,2
2021-01-16,Riverside,065,2383286,252831,239412,11870,251282,2506
2021-01-16,Sacramento,067,1510023,82143,79122,931,80053,1033
2021-01-16,San Benito,069,59416,5038,4875,56,4931,35
2021-01-16,San Bernardino,071,2135413,261103,249401,7459,256860,1755
2021-01-16,San Diego,073,3302833,225793,209895,10383,220278,2065
2021-01-16,San Francisco,075,870044,29760,28853,573,29426,244
2021-01-16,San Joaquin,077,732212,58737,56642,2295,58937,776
2021-01-16,San Luis Obispo,079,281455,16457,15466,415,15881,152
2021-01-16,San Mateo,081,765935,34109,31805,229,32034,208
2021-01-16,Santa Barbara,083,443738,26228,24088,816,24904,229
2021-01-16,Santa Clara,085,1922200,95386,91584,425,92009,954
2021-01-16,Santa Cruz,087,273765,13318,12026,614,12640,106
2021-01-16,Shasta,089,179085,9881,9547,985,10532,92
2021-01-16,Sierra,091,2930,45,38,9,47,0
2021-01-16,Siskiyou,093,43540,1238,1124,178,1302,4
2021-01-16,Solano,095,438530,25866,24732,277,25009,103
2021-01-16,Sonoma,097,501317,24373,23607,122,23729,223
2021-01-16,Stanislaus,099,539301,43776,41809,4285,46094,562
2021-01-16,Sutter,101,95872,7808,7560,65,7625,76
2021-01-16,Tehama,103,63373,3966,3783,431,4214,18
2021-01-16,Trinity,105,12862,437,261,67,328,3
2021-01-16,Tulare,107,460477,42866,40655,5728,46383,542
2021-01-16,Tuolumne,109,53932,3293,3269,28,3297,27
2021-01-16,Ventura,111,848112,63665,60368,2215,62583,369
2021-01-16,Yolo,113,214977,11209,10406,124,10530,134
2021-01-16,Yuba,115,75493,4800,4602,59,4661,27
2021-01-15,Alameda,001,1643700,68917,65416,1434,66850,672
2021-01-15,Alpine,003,1148,73,71,0,71,0
2021-01-15,Amador,005,37829,3040,2953,24,2977,28
2021-01-15,Butte,007,227075,9940,9233,1309,10542,129
2021-01-15,Calaveras,009,45235,1600,1538,7,1545,21
2021-01-15,Colusa,011,21464,1625,1541,161,1702,7
2021-01-15,Contra Costa,013,1133247,53533,50408,868,51276,428
2021-01-15,Del Norte,015,27424,867,828,2,830,2
2021-01-15,El Dorado,017,186661,8059,7439,505,7944,47
2021-01-15,Fresno,019,978130,85787,79950,6376,86326,832
2021-01-15,Glenn,021,27897,2001,1824,392,2216,9
2021-01-15,Humboldt,023,135768,2442,2218,8,2226,22
2021-01-15,Imperial,025,180216,25758,24944,2221,27165,446
2021-01-15,Inyo,027,18085,967,814,8,822,25
2021-01-15,Kern,029,883053,82380,77873,7338,85211,719
2021-01-15,Kings,031,150075,19775,18661,759,19420,131
2021-01-15,Lake,033,64148,2669,2434,0,2434,28
2021-01-15,Lassen,035,31185,4794,4693,75,4768,1
2021-01-15,Los Angeles,037,10098052,1036445,968979,33102,1002081,13404
2021-01-15,Madera,039,155013,13781,12883,652,13535,85
2021-01-15,Marin,041,260295,11712,11310,118,11428,160
2021-01-15,Mariposa,043,17540,333,307,2,309,3
2021-01-15,Mendocino,045,87422,3047,2835,48,2883,31
2021-01-15,Merced,047,269075,24155,23060,596,23656,239
2021-01-15,Modoc,049,8938,297,278,87,365,0
2021-01-15,Mono,051,14174,1088,1057,12,1069,3
2021-01-15,Monterey,053,433212,36486,34460,1121,35581,243
2021-01-15,Napa,055,140530,7784,7231,31,7262,38
2021-01-15,Nevada,057,99092,3340,3099,129,3228,17
2021-01-15,Orange,059,3164182,216975,207129,8760,215889,2254
2021-01-15,Placer,061,380077,18212,16712,852,17564,173
2021-01-15,Plumas,063,18699,583,499,9,508,2
2021-01-15,Riverside,065,2383286,250977,235235,11792,247027,2458
2021-01-15,Sacramento,067,1510023,81725,80279,923,81202,1023
2021-01-15,San Benito,069,59416,4995,4766,54,4820,35
2021-01-15,San Bernardino,071,2135413,259944,246182,7401,253583,1726
2021-01-15,San Diego,073,3302833,224044,206868,10318,217186,2037
2021-01-15,San Francisco,075,870044,29586,28574,553,29127,242
2021-01-15,San Joaquin,077,732212,58502,55885,2281,58166,748
2021-01-15,San Luis Obispo,079,281455,16324,15129,410,15539,148
2021-01-15,San Mateo,081,765935,33864,31291,225,31516,208
2021-01-15,Santa Barbara,083,443738,25949,23487,806,24293,226
2021-01-15,Santa Clara,085,1922200,94735,90103,420,90523,942
2021-01-15,Santa Cruz,087,273765,13209,11776,600,12376,105
2021-01-15,Shasta,089,179085,9842,9459,977,10436,91
2021-01-15,Sierra,091,2930,44,36,8,44,0
2021-01-15,Siskiyou,093,43540,1234,1119,177,1296,4
2021-01-15,Solano,095,438530,25717,24222,274,24496,103
2021-01-15,Sonoma,097,501317,24241,23204,121,23325,222
2021-01-15,Stanislaus,099,539301,43533,41178,4249,45427,562
2021-01-15,Sutter,101,95872,7761,7484,64,7548,75
2021-01-15,Tehama,103,63373,3945,3714,430,4144,17
2021-01-15,Trinity,105,12862,437,262,67,329,3
2021-01-15,Tulare,107,460477,42622,39951,5644,45595,535
2021-01-15,Tuolumne,109,53932,3277,3231,28,3259,27
2021-01-15,Ventura,111,848112,62920,59061,2182,61243,353
2021-01-15,Yolo,113,214977,11154,10240,123,10363,134
2021-01-15,Yuba,115,75493,4779,4549,59,4608,27
2021-01-14,Alameda,001,1643700,68265,64364,1418,65782,686
2021-01-14,Alpine,003,1148,73,71,0,71,0
2021-01-14,Amador,005,37829,3034,2940,24,2964,28
2021-01-14,Butte,007,227075,9855,9127,1288,10415,129
2021-01-14,Calaveras,009,45235,1583,1513,7,1520,21
2021-01-14,Colusa,011,21464,1610,1535,158,1693,7
2021-01-14,Contra Costa,013,1133247,52978,49545,854,50399,415
2021-01-14,Del Norte,015,27424,861,821,2,823,2
2021-01-14,El Dorado,017,186661,7985,7321,497,7818,45
2021-01-14,Fresno,019,978130,85154,79033,6300,85333,814
2021-01-14,Glenn,021,27897,1988,1798,387,2185,9
2021-01-14,Humboldt,023,135768,2399,2169,8,2177,22
2021-01-14,Imperial,025,180216,25648,24882,2185,27067,447
2021-01-14,Inyo,027,18085,960,790,8,798,25
2021-01-14,Kern,029,883053,81712,77070,7237,84307,705
2021-01-14,Kings,031,150075,19645,18405,755,19160,108
2021-01-14,Lake,033,64148,2626,2378,0,2378,27
2021-01-14,Lassen,035,31185,4784,4673,73,4746,1
2021-01-14,Los Angeles,037,10098052,1026441,954652,32722,987374,13147
2021-01-14,Madera,039,155013,13668,12742,641,13383,85
2021-01-14,Marin,041,260295,11638,11155,117,11272,159
2021-01-14,Mariposa,043,17540,330,302,2,304,3
2021-01-14,Mendocino,045,87422,3033,2801,46,2847,31
2021-01-14,Merced,047,269075,23926,22780,587,23367,239
2021-01-14,Modoc,049,8938,297,273,87,360,0
2021-01-14,Mono,051,14174,1080,1020,12,1032,3
2021-01-14,Monterey,053,433212,36071,34105,1101,35206,242
2021-01-14,Napa,055,140530,7699,7117,31,7148,38
2021-01-14,Nevada,057,99092,3313,3075,127,3202,17
2021-01-14,Orange,059,3164182,215044,204442,8674,213116,2162
2021-01-14,Placer,061,380077,18051,16488,845,17333,169
2021-01-14,Plumas,063,18699,575,496,9,505,2
2021-01-14,Riverside,065,2383286,248328,231684,11692,243376,2357
2021-01-14,Sacramento,067,1510023,81087,79137,899,80036,1007
2021-01-14,San Benito,069,59416,4961,4678,53,4731,35
2021-01-14,San Bernardino,071,2135413,257976,243379,7331,250710,1750
2021-01-14,San Diego,073,3302833,221650,204173,10198,214371,2005
2021-01-14,San Francisco,075,870044,29342,28200,504,28704,238
2021-01-14,San Joaquin,077,732212,57988,55058,2267,57325,739
2021-01-14,San Luis Obispo,079,281455,16163,14851,401,15252,146
2021-01-14,San Mateo,081,765935,33495,30694,216,30910,208
2021-01-14,Santa Barbara,083,443738,25538,23126,780,23906,219
2021-01-14,Santa Clara,085,1922200,93796,88505,413,88918,910
2021-01-14,Santa Cruz,087,273765,13062,11583,584,12167,109
2021-01-14,Shasta,089,179085,9792,9334,961,10295,90
2021-01-14,Sierra,091,2930,44,35,7,42,0
2021-01-14,Siskiyou,093,43540,1222,1108,174,1282,3
2021-01-14,Solano,095,438530,25458,23782,270,24052,103
2021-01-14,Sonoma,097,501317,23998,22910,121,23031,202
2021-01-14,Stanislaus,099,539301,43208,40597,4211,44808,574
2021-01-14,Sutter,101,95872,7702,7416,61,7477,74
2021-01-14,Tehama,103,63373,3916,3664,426,4090,17
2021-01-14,Trinity,105,12862,437,261,66,327,3
2021-01-14,Tulare,107,460477,42238,39565,5535,45100,533
2021-01-14,Tuolumne,109,53932,3256,3215,28,3243,28
2021-01-14,Ventura,111,848112,62048,57941,2144,60085,347
2021-01-14,Yolo,113,214977,11043,10097,117,10214,135
2021-01-14,Yuba,115,75493,4747,4496,59,4555,27
2021-01-13,Alameda,001,1643700,67509,63568,1401,64969,690
2021-01-13,Alpine,003,1148,73,71,0,71,0
2021-01-13,Amador,005,37829,3020,2914,24,2938,26
2021-01-13,Butte,007,227075,9776,9013,1274,10287,126
2021-01-13,Calaveras,009,45235,1561,1493,7,1500,21
2021-01-13,Colusa,011,21464,1598,1524,153,1677,7
2021-01-13,Contra Costa,013,1133247,52398,48877,842,49719,403
2021-01-13,Del Norte,015,27424,857,820,2,822,2
2021-01-13,El Dorado,017,186661,7892,7247,489,7736,43
2021-01-13,Fresno,019,978130,84436,78278,6258,84536,804
2021-01-13,Glenn,021,27897,1973,1792,379,2171,9
2021-01-13,Humboldt,023,135768,2367,2114,8,2122,22
2021-01-13,Imperial,025,180216,25524,24717,2152,26869,463
2021-01-13,Inyo,027,18085,948,785,8,793,25
2021-01-13,Kern,029,883053,81050,76049,7147,83196,704
2021-01-13,Kings,031,150075,19478,18121,733,18854,108
2021-01-13,Lake,033,64148,2582,2305,0,2305,27
2021-01-13,Lassen,035,31185,4777,4663,72,4735,1
2021-01-13,Los Angeles,037,10098052,1015669,937985,32312,970297,12873
2021-01-13,Madera,039,155013,13542,12570,636,13206,85
2021-01-13,Marin,041,260295,11582,11039,117,11156,161
2021-01-13,Mariposa,043,17540,328,304,2,306,3
2021-01-13,Mendocino,045,87422,3013,2790,46,2836,31
2021-01-13,Merced,047,269075,23686,22497,572,23069,241
2021-01-13,Modoc,049,8938,296,274,84,358,0
2021-01-13,Mono,051,14174,1076,1017,12,1029,3
2021-01-13,Monterey,053,433212,35651,33748,1077,34825,241
2021-01-13,Napa,055,140530,7585,7028,31,7059,36
2021-01-13,Nevada,057,99092,3288,3037,124,3161,17
2021-01-13,Orange,059,3164182,212957,201158,8605,209763,2172
2021-01-13,Placer,061,380077,17923,16272,831,17103,172
2021-01-13,Plumas,063,18699,573,490,9,499,2
2021-01-13,Riverside,065,2383286,245176,228192,11575,239767,2278
2021-01-13,Sacramento,067,1510023,80427,78268,892,79160,996
2021-01-13,San Benito,069,59416,4906,4583,52,4635,35
2021-01-13,San Bernardino,071,2135413,255602,240191,7259,247450,1759
2021-01-13,San Diego,073,3302833,219036,201578,10095,211673,1952
2021-01-13,San Francisco,075,870044,29102,27863,482,28345,238
2021-01-13,San Joaquin,077,732212,57364,54373,2237,56610,738
2021-01-13,San Luis Obispo,079,281455,16009,14625,390,15015,140
2021-01-13,San Mateo,081,765935,33154,30195,214,30409,207
2021-01-13,Santa Barbara,083,443738,25103,22714,756,23470,216
2021-01-13,Santa Clara,085,1922200,92820,87187,410,87597,911
2021-01-13,Santa Cruz,087,273765,12889,11423,570,11993,110
2021-01-13,Shasta,089,179085,9728,9180,947,10127,93
2021-01-13,Sierra,091,2930,44,33,7,40,0
2021-01-13,Siskiyou,093,43540,1216,1102,170,1272,3
2021-01-13,Solano,095,438530,25173,23503,269,23772,105
2021-01-13,Sonoma,097,501317,23748,22610,120,22730,206
2021-01-13,Stanislaus,099,539301,42806,40167,4157,44324,574
2021-01-13,Sutter,101,95872,7656,7350,60,7410,73
2021-01-13,Tehama,103,63373,3866,3589,421,4010,17
2021-01-13,Trinity,105,12862,437,260,66,326,3
2021-01-13,Tulare,107,460477,41830,39129,5431,44560,522
2021-01-13,Tuolumne,109,53932,3242,3196,28,3224,28
2021-01-13,Ventura,111,848112,61035,56453,2105,58558,338
2021-01-13,Yolo,113,214977,10942,9933,113,10046,135
2021-01-13,Yuba,115,75493,4705,4448,56,4504,27
2021-01-12,Alameda,001,1643700,66687,62642,1381,64023,677
2021-01-12,Alpine,003,1148,73,71,0,71,0
2021-01-12,Amador,005,37829,3003,2897,24,2921,26
2021-01-12,Butte,007,227075,9690,8883,1257,10140,124
2021-01-12,Calaveras,009,45235,1524,1475,7,1482,21
2021-01-12,Colusa,011,21464,1586,1510,149,1659,7
2021-01-12,Contra Costa,013,1133247,51753,48242,828,49070,399
2021-01-12,Del Norte,015,27424,852,816,2,818,2
2021-01-12,El Dorado,017,186661,7809,7156,478,7634,41
2021-01-12,Fresno,019,978130,83564,77651,6189,83840,796
2021-01-12,Glenn,021,27897,1944,1781,374,2155,9
2021-01-12,Humboldt,023,135768,2313,2077,7,2084,22
2021-01-12,Imperial,025,180216,25434,24566,2111,26677,457
2021-01-12,Inyo,027,18085,931,773,8,781,25
2021-01-12,Kern,029,883053,80344,75320,7049,82369,689
2021-01-12,Kings,031,150075,19266,18072,723,18795,108
2021-01-12,Lake,033,64148,2535,2260,0,2260,27
2021-01-12,Lassen,035,31185,4755,4659,70,4729,1
2021-01-12,Los Angeles,037,10098052,1004027,926295,31898,958193,12610
2021-01-12,Madera,039,155013,13401,12485,627,13112,85
2021-01-12,Marin,041,260295,11473,10960,117,11077,157
2021-01-12,Mariposa,043,17540,326,302,2,304,3
2021-01-12,Mendocino,045,87422,2993,2762,42,2804,31
2021-01-12,Merced,047,269075,23435,22172,550,22722,239
2021-01-12,Modoc,049,8938,294,274,84,358,0
2021-01-12,Mono,051,14174,1066,1008,12,1020,3
2021-01-12,Monterey,053,433212,35151,33381,1057,34438,240
2021-01-12,Napa,055,140530,7502,6936,31,6967,36
2021-01-12,Nevada,057,99092,3260,3014,122,3136,17
2021-01-12,Orange,059,3164182,210666,198260,8518,206778,2142
2021-01-12,Placer,061,380077,17753,16087,825,16912,163
2021-01-12,Plumas,063,18699,567,483,9,492,2
2021-01-12,Riverside,065,2383286,242045,225580,11435,237015,2266
2021-01-12,Sacramento,067,1510023,79687,77201,884,78085,985
2021-01-12,San Benito,069,59416,4839,4515,52,4567,35
2021-01-12,San Bernardino,071,2135413,253033,237008,7189,244197,1739
2021-01-12,San Diego,073,3302833,216123,198317,9978,208295,1898
2021-01-12,San Francisco,075,870044,28825,27531,449,27980,238
2021-01-12,San Joaquin,077,732212,56722,53630,2210,55840,725
2021-01-12,San Luis Obispo,079,281455,15761,14367,381,14748,132
2021-01-12,San Mateo,081,765935,32763,29747,202,29949,206
2021-01-12,Santa Barbara,083,443738,24690,22182,728,22910,209
2021-01-12,Santa Clara,085,1922200,91748,86075,402,86477,904
2021-01-12,Santa Cruz,087,273765,12674,11267,554,11821,110
2021-01-12,Shasta,089,179085,9655,9086,934,10020,84
2021-01-12,Sierra,091,2930,42,33,6,39,0
2021-01-12,Siskiyou,093,43540,1206,1091,164,1255,3
2021-01-12,Solano,095,438530,24870,23160,264,23424,102
2021-01-12,Sonoma,097,501317,23442,22403,120,22523,205
2021-01-12,Stanislaus,099,539301,42356,39615,4123,43738,571
2021-01-12,Sutter,101,95872,7593,7276,59,7335,73
2021-01-12,Tehama,103,63373,3830,3567,417,3984,17
2021-01-12,Trinity,105,12862,437,258,66,324,3
2021-01-12,Tulare,107,460477,41371,38797,5315,44112,509
2021-01-12,Tuolumne,109,53932,3208,3178,28,3206,28
2021-01-12,Ventura,111,848112,60063,55342,2072,57414,324
2021-01-12,Yolo,113,214977,10808,9857,103,9960,133
2021-01-12,Yuba,115,75493,4663,4389,56,4445,27
2021-01-11,Alameda,001,1643700,65825,61949,1364,63313,652
2021-01-11,Alpine,003,1148,73,70,0,70,0
2021-01-11,Amador,005,37829,2989,2867,24,2891,24
2021-01-11,Butte,007,227075,9576,8757,1239,9996,119
2021-01-11,Calaveras,009,45235,1506,1460,7,1467,21
2021-01-11,Colusa,011,21464,1568,1494,145,1639,7
2021-01-11,Contra Costa,013,1133247,51075,47728,819,48547,398
2021-01-11,Del Norte,015,27424,848,810,2,812,2
2021-01-11,El Dorado,017,186661,7715,6987,470,7457,36
2021-01-11,Fresno,019,978130,82684,76581,6111,82692,775
2021-01-11,Glenn,021,27897,1915,1763,365,2128,9
2021-01-11,Humboldt,023,135768,2274,2069,7,2076,22
2021-01-11,Imperial,025,180216,25319,24418,2076,26494,453
2021-01-11,Inyo,027,18085,913,763,8,771,25
2021-01-11,Kern,029,883053,79488,74489,6947,81436,682
2021-01-11,Kings,031,150075,19003,17909,715,18624,108
2021-01-11,Lake,033,64148,2483,2205,0,2205,26
2021-01-11,Lassen,035,31185,4732,4647,69,4716,1
2021-01-11,Los Angeles,037,10098052,990825,914434,31426,945860,12304
2021-01-11,Madera,039,155013,13268,12366,616,12982,85
2021-01-11,Marin,041,260295,11377,10814,114,10928,156
2021-01-11,Mariposa,043,17540,319,296,2,298,3
2021-01-11,Mendocino,045,87422,2965,2728,42,2770,31
2021-01-11,Merced,047,269075,23112,21884,536,22420,238
2021-01-11,Modoc,049,8938,293,271,83,354,0
2021-01-11,Mono,051,14174,1060,1006,12,1018,3
2021-01-11,Monterey,053,433212,34611,32858,993,33851,239
2021-01-11,Napa,055,140530,7400,6822,31,6853,36
2021-01-11,Nevada,057,99092,3232,2980,122,3102,17
2021-01-11,Orange,059,3164182,208084,196340,8417,204757,2113
2021-01-11,Placer,061,380077,17573,15919,815,16734,163
2021-01-11,Plumas,063,18699,563,477,9,486,2
2021-01-11,Riverside,065,2383286,238525,222907,11288,234195,2222
2021-01-11,Sacramento,067,1510023,78758,76009,868,76877,974
2021-01-11,San Benito,069,59416,4762,4482,45,4527,34
2021-01-11,San Bernardino,071,2135413,250197,235543,7090,242633,1739
2021-01-11,San Diego,073,3302833,212854,194793,9819,204612,1857
2021-01-11,San Francisco,075,870044,28550,27264,428,27692,238
2021-01-11,San Joaquin,077,732212,56111,53002,2180,55182,725
2021-01-11,San Luis Obispo,079,281455,15391,14213,373,14586,126
2021-01-11,San Mateo,081,765935,32318,29355,190,29545,206
2021-01-11,Santa Barbara,083,443738,24247,21740,711,22451,200
2021-01-11,Santa Clara,085,1922200,90546,84851,393,85244,877
2021-01-11,Santa Cruz,087,273765,12494,11093,530,11623,106
2021-01-11,Shasta,089,179085,9557,8977,921,9898,81
2021-01-11,Sierra,091,2930,41,33,6,39,0
2021-01-11,Siskiyou,093,43540,1197,1087,162,1249,3
2021-01-11,Solano,095,438530,24548,22893,259,23152,101
2021-01-11,Sonoma,097,501317,23196,22191,120,22311,205
2021-01-11,Stanislaus,099,539301,41864,39149,4072,43221,571
2021-01-11,Sutter,101,95872,7534,7204,58,7262,71
2021-01-11,Tehama,103,63373,3766,3524,395,3919,17
2021-01-11,Trinity,105,12862,437,256,66,322,2
2021-01-11,Tulare,107,460477,40956,38380,5236,43616,497
2021-01-11,Tuolumne,109,53932,3197,3165,28,3193,27
2021-01-11,Ventura,111,848112,58926,54202,2049,56251,320
2021-01-11,Yolo,113,214977,10597,9699,101,9800,129
2021-01-11,Yuba,115,75493,4625,4349,49,4398,27
2021-01-10,Alameda,001,1643700,64835,61111,1335,62446,650
2021-01-10,Alpine,003,1148,73,70,0,70,0
2021-01-10,Amador,005,37829,2965,2861,24,2885,24
2021-01-10,Butte,007,227075,9457,8665,1213,9878,119
2021-01-10,Calaveras,009,45235,1482,1449,7,1456,21
2021-01-10,Colusa,011,21464,1544,1478,144,1622,7
2021-01-10,Contra Costa,013,1133247,50288,47109,801,47910,398
2021-01-10,Del Norte,015,27424,845,809,2,811,2
2021-01-10,El Dorado,017,186661,7628,6904,452,7356,36
2021-01-10,Fresno,019,978130,81873,75621,5987,81608,775
2021-01-10,Glenn,021,27897,1891,1746,357,2103,9
2021-01-10,Humboldt,023,135768,2213,2049,7,2056,22
2021-01-10,Imperial,025,180216,25156,24233,2025,26258,453
2021-01-10,Inyo,027,18085,885,748,8,756,25
2021-01-10,Kern,029,883053,78662,73712,6814,80526,679
2021-01-10,Kings,031,150075,18784,17812,708,18520,108
2021-01-10,Lake,033,64148,2430,2174,0,2174,26
2021-01-10,Lassen,035,31185,4710,4642,69,4711,1
2021-01-10,Los Angeles,037,10098052,976244,901783,30797,932580,12170
2021-01-10,Madera,039,155013,13079,12179,601,12780,85
2021-01-10,Marin,041,260295,11256,10737,112,10849,155
2021-01-10,Mariposa,043,17540,319,291,2,293,3
2021-01-10,Mendocino,045,87422,2934,2706,39,2745,31
2021-01-10,Merced,047,269075,22838,21691,526,22217,238
2021-01-10,Modoc,049,8938,293,271,81,352,0
2021-01-10,Mono,051,14174,1042,965,12,977,3
2021-01-10,Monterey,053,433212,34171,32571,961,33532,237
2021-01-10,Napa,055,140530,7296,6687,29,6716,36
2021-01-10,Nevada,057,99092,3213,2959,118,3077,17
2021-01-10,Orange,059,3164182,205320,193766,8293,202059,2104
2021-01-10,Placer,061,380077,17387,15779,795,16574,163
2021-01-10,Plumas,063,18699,553,477,9,486,2
2021-01-10,Riverside,065,2383286,235148,219486,11098,230584,2216
2021-01-10,Sacramento,067,1510023,77796,75394,840,76234,965
2021-01-10,San Benito,069,59416,4665,4434,44,4478,34
2021-01-10,San Bernardino,071,2135413,246611,232171,6986,239157,1736
2021-01-10,San Diego,073,3302833,209189,191886,9652,201538,1857
2021-01-10,San Francisco,075,870044,28166,27054,397,27451,238
2021-01-10,San Joaquin,077,732212,55252,52535,2146,54681,725
2021-01-10,San Luis Obispo,079,281455,15061,13968,361,14329,122
2021-01-10,San Mateo,081,765935,31826,28972,176,29148,206
2021-01-10,Santa Barbara,083,443738,23698,21290,690,21980,200
2021-01-10,Santa Clara,085,1922200,89370,83779,384,84163,858
2021-01-10,Santa Cruz,087,273765,12281,10951,509,11460,106
2021-01-10,Shasta,089,179085,9445,8936,906,9842,81
2021-01-10,Sierra,091,2930,40,32,6,38,0
2021-01-10,Siskiyou,093,43540,1191,1075,159,1234,3
2021-01-10,Solano,095,438530,24147,22621,256,22877,101
2021-01-10,Sonoma,097,501317,22923,21925,119,22044,204
2021-01-10,Stanislaus,099,539301,41300,38809,3992,42801,571
2021-01-10,Sutter,101,95872,7473,7133,55,7188,71
2021-01-10,Tehama,103,63373,3693,3504,382,3886,17
2021-01-10,Trinity,105,12862,437,253,64,317,2
2021-01-10,Tulare,107,460477,40539,38012,5114,43126,497
2021-01-10,Tuolumne,109,53932,3163,3143,27,3170,27
2021-01-10,Ventura,111,848112,57657,53095,2005,55100,319
2021-01-10,Yolo,113,214977,10445,9610,100,9710,129
2021-01-10,Yuba,115,75493,4573,4300,46,4346,27
2021-01-09,Alameda,001,1643700,64311,60125,1319,61444,649
2021-01-09,Alpine,003,1148,73,70,0,70,0
2021-01-09,Amador,005,37829,2958,2809,24,2833,24
2021-01-09,Butte,007,227075,9376,8552,1189,9741,118
2021-01-09,Calaveras,009,45235,1472,1425,7,1432,21
2021-01-09,Colusa,011,21464,1538,1468,143,1611,7
2021-01-09,Contra Costa,013,1133247,49938,46406,786,47192,393
2021-01-09,Del Norte,015,27424,843,802,2,804,2
2021-01-09,El Dorado,017,186661,7596,6800,449,7249,36
2021-01-09,Fresno,019,978130,81464,74816,5947,80763,773
2021-01-09,Glenn,021,27897,1876,1707,352,2059,9
2021-01-09,Humboldt,023,135768,2195,2026,7,2033,22
2021-01-09,Imperial,025,180216,25088,24028,2011,26039,448
2021-01-09,Inyo,027,18085,875,734,8,742,25
2021-01-09,Kern,029,883053,78198,73015,6738,79753,677
2021-01-09,Kings,031,150075,18689,17679,704,18383,108
2021-01-09,Lake,033,64148,2395,2144,0,2144,26
2021-01-09,Lassen,035,31185,4698,4613,68,4681,1
2021-01-09,Los Angeles,037,10098052,970679,887949,30355,918304,12011
2021-01-09,Madera,039,155013,12988,12063,596,12659,85
2021-01-09,Marin,041,260295,11193,10634,111,10745,154
2021-01-09,Mariposa,043,17540,316,287,2,289,3
2021-01-09,Mendocino,045,87422,2916,2664,39,2703,31
2021-01-09,Merced,047,269075,22697,21357,516,21873,237
2021-01-09,Modoc,049,8938,293,271,80,351,0
2021-01-09,Mono,051,14174,1037,964,12,976,3
2021-01-09,Monterey,053,433212,34023,31948,952,32900,235
2021-01-09,Napa,055,140530,7226,6594,26,6620,36
2021-01-09,Nevada,057,99092,3191,2932,115,3047,17
2021-01-09,Orange,059,3164182,203813,191004,8200,199204,2034
2021-01-09,Placer,061,380077,17279,15609,793,16402,162
2021-01-09,Plumas,063,18699,551,477,9,486,2
2021-01-09,Riverside,065,2383286,233397,216076,10961,227037,2201
2021-01-09,Sacramento,067,1510023,77271,74482,835,75317,953
2021-01-09,San Benito,069,59416,4616,4335,44,4379,34
2021-01-09,San Bernardino,071,2135413,245424,228857,6917,235774,1714
2021-01-09,San Diego,073,3302833,207496,188598,9532,198130,1824
2021-01-09,San Francisco,075,870044,27991,26708,354,27062,235
2021-01-09,San Joaquin,077,732212,54903,51927,2126,54053,724
2021-01-09,San Luis Obispo,079,281455,14937,13647,350,13997,121
2021-01-09,San Mateo,081,765935,31529,28512,169,28681,205
2021-01-09,Santa Barbara,083,443738,23490,20971,681,21652,197
2021-01-09,Santa Clara,085,1922200,88528,82269,372,82641,808
2021-01-09,Santa Cruz,087,273765,12185,10717,504,11221,107
2021-01-09,Shasta,089,179085,9412,8893,902,9795,81
2021-01-09,Sierra,091,2930,38,32,6,38,0
2021-01-09,Siskiyou,093,43540,1187,1062,155,1217,3
2021-01-09,Solano,095,438530,23989,22226,255,22481,101
2021-01-09,Sonoma,097,501317,22802,21393,119,21512,202
2021-01-09,Stanislaus,099,539301,41004,38403,3954,42357,567
2021-01-09,Sutter,101,95872,7437,7072,54,7126,69
2021-01-09,Tehama,103,63373,3663,3451,370,3821,15
2021-01-09,Trinity,105,12862,437,252,64,316,2
2021-01-09,Tulare,107,460477,40284,37684,5048,42732,496
2021-01-09,Tuolumne,109,53932,3155,3117,26,3143,26
2021-01-09,Ventura,111,848112,56828,51988,1979,53967,306
2021-01-09,Yolo,113,214977,10374,9524,97,9621,129
2021-01-09,Yuba,115,75493,4545,4265,46,4311,27
2021-01-08,Alameda,001,1643700,63758,59172,1309,60481,646
2021-01-08,Alpine,003,1148,73,70,0,70,0
2021-01-08,Amador,005,37829,2951,2792,24,2816,24
2021-01-08,Butte,007,227075,9316,8430,1174,9604,115
2021-01-08,Calaveras,009,45235,1458,1385,7,1392,21
2021-01-08,Colusa,011,21464,1525,1448,142,1590,7
2021-01-08,Contra Costa,013,1133247,49412,45667,782,46449,381
2021-01-08,Del Norte,015,27424,841,795,2,797,2
2021-01-08,El Dorado,017,186661,7526,6690,437,7127,36
2021-01-08,Fresno,019,978130,80649,73689,5886,79575,771
2021-01-08,Glenn,021,27897,1860,1680,348,2028,9
2021-01-08,Humboldt,023,135768,2171,1988,7,1995,22
2021-01-08,Imperial,025,180216,25022,23751,1996,25747,446
2021-01-08,Inyo,027,18085,861,682,8,690,24
2021-01-08,Kern,029,883053,77636,71978,6665,78643,674
2021-01-08,Kings,031,150075,18561,17441,699,18140,108
2021-01-08,Lake,033,64148,2370,2098,0,2098,26
2021-01-08,Lassen,035,31185,4690,4598,66,4664,1
2021-01-08,Los Angeles,037,10098052,959887,871188,29924,901112,11796
2021-01-08,Madera,039,155013,12837,11846,587,12433,85
2021-01-08,Marin,041,260295,11099,10531,110,10641,153
2021-01-08,Mariposa,043,17540,315,273,2,275,3
2021-01-08,Mendocino,045,87422,2897,2634,36,2670,31
2021-01-08,Merced,047,269075,22502,20862,510,21372,236
2021-01-08,Modoc,049,8938,293,266,80,346,0
2021-01-08,Mono,051,14174,1027,951,12,963,3
2021-01-08,Monterey,053,433212,33764,31543,942,32485,224
2021-01-08,Napa,055,140530,7156,6544,26,6570,32
2021-01-08,Nevada,057,99092,3169,2888,115,3003,17
2021-01-08,Orange,059,3164182,201822,186608,8113,194721,1991
2021-01-08,Placer,061,380077,17148,15401,786,16187,161
2021-01-08,Plumas,063,18699,545,465,9,474,2
2021-01-08,Riverside,065,2383286,231000,212122,10830,222952,2184
2021-01-08,Sacramento,067,1510023,76690,73245,829,74074,939
2021-01-08,San Benito,069,59416,4579,4225,43,4268,33
2021-01-08,San Bernardino,071,2135413,243538,224267,6846,231113,1703
2021-01-08,San Diego,073,3302833,204961,185060,9438,194498,1771
2021-01-08,San Francisco,075,870044,27742,26378,330,26708,207
2021-01-08,San Joaquin,077,732212,54567,50990,2097,53087,710
2021-01-08,San Luis Obispo,079,281455,14803,13286,338,13624,119
2021-01-08,San Mateo,081,765935,31180,28072,166,28238,204
2021-01-08,Santa Barbara,083,443738,23210,20461,672,21133,189
2021-01-08,Santa Clara,085,1922200,87507,80561,369,80930,789
2021-01-08,Santa Cruz,087,273765,12045,10486,495,10981,106
2021-01-08,Shasta,089,179085,9362,8772,887,9659,81
2021-01-08,Sierra,091,2930,38,31,6,37,0
2021-01-08,Siskiyou,093,43540,1184,1027,154,1181,3
2021-01-08,Solano,095,438530,23818,21832,252,22084,100
2021-01-08,Sonoma,097,501317,22662,21178,119,21297,201
2021-01-08,Stanislaus,099,539301,40709,37858,3917,41775,566
2021-01-08,Sutter,101,95872,7387,6982,54,7036,68
2021-01-08,Tehama,103,63373,3640,3406,365,3771,15
2021-01-08,Trinity,105,12862,437,247,64,311,2
2021-01-08,Tulare,107,460477,40012,36946,4946,41892,491
2021-01-08,Tuolumne,109,53932,3146,3099,26,3125,19
2021-01-08,Ventura,111,848112,55962,50553,1955,52508,294
2021-01-08,Yolo,113,214977,10285,9391,93,9484,129
2021-01-08,Yuba,115,75493,4503,4195,45,4240,26
2021-01-07,Alameda,001,1643700,62884,57921,1282,59203,632
2021-01-07,Alpine,003,1148,71,70,0,70,0
2021-01-07,Amador,005,37829,2938,2740,23,2763,24
2021-01-07,Butte,007,227075,9219,8278,1147,9425,112
2021-01-07,Calaveras,009,45235,1441,1342,6,1348,21
2021-01-07,Colusa,011,21464,1513,1420,135,1555,7
2021-01-07,Contra Costa,013,1133247,48632,44756,765,45521,376
2021-01-07,Del Norte,015,27424,839,791,2,793,2
2021-01-07,El Dorado,017,186661,7425,6545,425,6970,36
2021-01-07,Fresno,019,978130,79693,72557,5785,78342,765
2021-01-07,Glenn,021,27897,1844,1639,339,1978,9
2021-01-07,Humboldt,023,135768,2144,1954,7,1961,22
2021-01-07,Imperial,025,180216,24830,23608,1943,25551,431
2021-01-07,Inyo,027,18085,848,656,8,664,20
2021-01-07,Kern,029,883053,76781,70953,6514,77467,660
2021-01-07,Kings,031,150075,18433,17238,690,17928,108
2021-01-07,Lake,033,64148,2315,2054,0,2054,26
2021-01-07,Lassen,035,31185,4685,4581,64,4645,1
2021-01-07,Los Angeles,037,10098052,945010,853187,29378,882565,11480
2021-01-07,Madera,039,155013,12680,11644,576,12220,76
2021-01-07,Marin,041,260295,11009,10364,108,10472,153
2021-01-07,Mariposa,043,17540,313,264,2,266,3
2021-01-07,Mendocino,045,87422,2842,2585,32,2617,30
2021-01-07,Merced,047,269075,22181,20510,495,21005,234
2021-01-07,Modoc,049,8938,293,265,80,345,0
2021-01-07,Mono,051,14174,1016,905,12,917,3
2021-01-07,Monterey,053,433212,33239,30903,919,31822,222
2021-01-07,Napa,055,140530,7046,6408,26,6434,32
2021-01-07,Nevada,057,99092,3135,2847,110,2957,17
2021-01-07,Orange,059,3164182,198981,181922,8015,189937,1974
2021-01-07,Placer,061,380077,16969,15155,757,15912,144
2021-01-07,Plumas,063,18699,543,454,9,463,2
2021-01-07,Riverside,065,2383286,227547,208177,10675,218852,2156
2021-01-07,Sacramento,067,1510023,75786,72342,808,73150,919
2021-01-07,San Benito,069,59416,4517,4112,39,4151,33
2021-01-07,San Bernardino,071,2135413,239999,219691,6765,226456,1666
2021-01-07,San Diego,073,3302833,201655,180510,9259,189769,1738
2021-01-07,San Francisco,075,870044,27409,25885,315,26200,202
2021-01-07,San Joaquin,077,732212,53883,50156,2066,52222,689
2021-01-07,San Luis Obispo,079,281455,14564,12810,325,13135,118
2021-01-07,San Mateo,081,765935,30670,27494,162,27656,201
2021-01-07,Santa Barbara,083,443738,22790,19931,659,20590,187
2021-01-07,Santa Clara,085,1922200,86291,78808,365,79173,775
2021-01-07,Santa Cruz,087,273765,11836,10228,488,10716,104
2021-01-07,Shasta,089,179085,9275,8612,879,9491,81
2021-01-07,Sierra,091,2930,38,31,6,37,0
2021-01-07,Siskiyou,093,43540,1179,1010,152,1162,3
2021-01-07,Solano,095,438530,23426,21384,248,21632,100
2021-01-07,Sonoma,097,501317,22398,20857,118,20975,200
2021-01-07,Stanislaus,099,539301,40282,37296,3865,41161,553
2021-01-07,Sutter,101,95872,7327,6890,53,6943,65
2021-01-07,Tehama,103,63373,3617,3330,358,3688,15
2021-01-07,Trinity,105,12862,437,247,64,311,2
2021-01-07,Tulare,107,460477,39611,36397,4809,41206,482
2021-01-07,Tuolumne,109,53932,3126,3068,25,3093,14
2021-01-07,Ventura,111,848112,54801,49083,1927,51010,288
2021-01-07,Yolo,113,214977,10147,9207,91,9298,128
2021-01-07,Yuba,115,75493,4461,4128,45,4173,25
2021-01-06,Alameda,001,1643700,62030,57081,1251,58332,616
2021-01-06,Alpine,003,1148,71,70,0,70,0
2021-01-06,Amador,005,37829,2917,2717,22,2739,24
2021-01-06,Butte,007,227075,9106,8147,1129,9276,110
2021-01-06,Calaveras,009,45235,1417,1321,6,1327,21
2021-01-06,Colusa,011,21464,1492,1385,130,1515,7
2021-01-06,Contra Costa,013,1133247,47827,44054,749,44803,358
2021-01-06,Del Norte,015,27424,833,780,2,782,2
2021-01-06,El Dorado,017,186661,7313,6397,412,6809,35
2021-01-06,Fresno,019,978130,78851,71404,5681,77085,752
2021-01-06,Glenn,021,27897,1819,1622,334,1956,9
2021-01-06,Humboldt,023,135768,2118,1912,7,1919,22
2021-01-06,Imperial,025,180216,24580,23400,1901,25301,431
2021-01-06,Inyo,027,18085,832,630,8,638,20
2021-01-06,Kern,029,883053,75837,69893,6383,76276,646
2021-01-06,Kings,031,150075,18235,17019,670,17689,108
2021-01-06,Lake,033,64148,2278,2033,0,2033,26
2021-01-06,Lassen,035,31185,4673,4560,60,4620,1
2021-01-06,Los Angeles,037,10098052,929076,835052,28677,863729,11285
2021-01-06,Madera,039,155013,12544,11407,570,11977,67
2021-01-06,Marin,041,260295,10881,10282,107,10389,153
2021-01-06,Mariposa,043,17540,310,259,2,261,3
2021-01-06,Mendocino,045,87422,2812,2561,32,2593,30
2021-01-06,Merced,047,269075,21843,20258,480,20738,232
2021-01-06,Modoc,049,8938,293,263,80,343,0
2021-01-06,Mono,051,14174,985,905,12,917,3
2021-01-06,Monterey,053,433212,32644,30387,886,31273,222
2021-01-06,Napa,055,140530,6916,6342,26,6368,32
2021-01-06,Nevada,057,99092,3115,2805,109,2914,15
2021-01-06,Orange,059,3164182,195525,177686,7873,185559,1935
2021-01-06,Placer,061,380077,16781,14940,739,15679,134
2021-01-06,Plumas,063,18699,535,445,9,454,2
2021-01-06,Riverside,065,2383286,223523,203714,10488,214202,2121
2021-01-06,Sacramento,067,1510023,74764,71572,791,72363,909
2021-01-06,San Benito,069,59416,4440,4031,38,4069,32
2021-01-06,San Bernardino,071,2135413,236274,215286,6658,221944,1634
2021-01-06,San Diego,073,3302833,198156,176660,9088,185748,1691
2021-01-06,San Francisco,075,870044,27038,25424,307,25731,199
2021-01-06,San Joaquin,077,732212,53124,49286,2024,51310,673
2021-01-06,San Luis Obispo,079,281455,14171,12305,318,12623,115
2021-01-06,San Mateo,081,765935,30246,27050,159,27209,200
2021-01-06,Santa Barbara,083,443738,22307,19453,649,20102,177
2021-01-06,Santa Clara,085,1922200,84884,77485,358,77843,746
2021-01-06,Santa Cruz,087,273765,11616,9954,470,10424,97
2021-01-06,Shasta,089,179085,9204,8482,872,9354,78
2021-01-06,Sierra,091,2930,37,31,6,37,0
2021-01-06,Siskiyou,093,43540,1167,998,148,1146,3
2021-01-06,Solano,095,438530,23040,21102,245,21347,99
2021-01-06,Sonoma,097,501317,22093,20558,118,20676,196
2021-01-06,Stanislaus,099,539301,39685,36751,3803,40554,553
2021-01-06,Sutter,101,95872,7245,6839,52,6891,59
2021-01-06,Tehama,103,63373,3589,3306,352,3658,15
2021-01-06,Trinity,105,12862,437,246,64,310,2
2021-01-06,Tulare,107,460477,39055,35882,4710,40592,465
2021-01-06,Tuolumne,109,53932,3106,3008,25,3033,14
2021-01-06,Ventura,111,848112,53556,47428,1903,49331,280
2021-01-06,Yolo,113,214977,9985,9083,88,9171,127
2021-01-06,Yuba,115,75493,4412,4097,45,4142,25
2021-01-05,Alameda,001,1643700,60909,56432,1216,57648,602
2021-01-05,Alpine,003,1148,71,70,0,70,0
2021-01-05,Amador,005,37829,2877,2695,22,2717,24
2021-01-05,Butte,007,227075,8966,8008,1103,9111,107
2021-01-05,Calaveras,009,45235,1371,1292,6,1298,21
2021-01-05,Colusa,011,21464,1467,1376,124,1500,7
2021-01-05,Contra Costa,013,1133247,46942,43442,738,44180,353
2021-01-05,Del Norte,015,27424,826,770,2,772,2
2021-01-05,El Dorado,017,186661,7195,6270,391,6661,32
2021-01-05,Fresno,019,978130,77628,70971,5588,76559,741
2021-01-05,Glenn,021,27897,1794,1608,322,1930,9
2021-01-05,Humboldt,023,135768,2082,1884,7,1891,22
2021-01-05,Imperial,025,180216,24407,23165,1857,25022,421
2021-01-05,Inyo,027,18085,818,627,8,635,20
2021-01-05,Kern,029,883053,74760,68257,6244,74501,624
2021-01-05,Kings,031,150075,18036,16860,647,17507,108
2021-01-05,Lake,033,64148,2231,2015,0,2015,25
2021-01-05,Lassen,035,31185,4659,4554,56,4610,1
2021-01-05,Los Angeles,037,10098052,910363,823783,28001,851784,11028
2021-01-05,Madera,039,155013,12368,11359,557,11916,67
2021-01-05,Marin,041,260295,10727,10214,105,10319,151
2021-01-05,Mariposa,043,17540,304,257,2,259,3
2021-01-05,Mendocino,045,87422,2776,2501,32,2533,30
2021-01-05,Merced,047,269075,21491,20051,469,20520,230
2021-01-05,Modoc,049,8938,293,254,80,334,0
2021-01-05,Mono,051,14174,979,896,12,908,3
2021-01-05,Monterey,053,433212,32072,30045,852,30897,213
2021-01-05,Napa,055,140530,6829,6264,26,6290,29
2021-01-05,Nevada,057,99092,3087,2781,107,2888,15
2021-01-05,Orange,059,3164182,191887,174869,7677,182546,1918
2021-01-05,Placer,061,380077,16558,14723,716,15439,133
2021-01-05,Plumas,063,18699,528,428,9,437,2
2021-01-05,Riverside,065,2383286,219392,200439,10315,210754,2069
2021-01-05,Sacramento,067,1510023,73837,70677,765,71442,888
2021-01-05,San Benito,069,59416,4338,3961,36,3997,28
2021-01-05,San Bernardino,071,2135413,232336,212522,6544,219066,1615
2021-01-05,San Diego,073,3302833,194017,172845,8874,181719,1654
2021-01-05,San Francisco,075,870044,26674,24989,289,25278,196
2021-01-05,San Joaquin,077,732212,52249,48969,1975,50944,663
2021-01-05,San Luis Obispo,079,281455,13771,12027,308,12335,106
2021-01-05,San Mateo,081,765935,29762,26486,157,26643,198
2021-01-05,Santa Barbara,083,443738,21869,19063,639,19702,172
2021-01-05,Santa Clara,085,1922200,83349,76355,345,76700,729
2021-01-05,Santa Cruz,087,273765,11343,9753,446,10199,93
2021-01-05,Shasta,089,179085,9097,8345,854,9199,73
2021-01-05,Sierra,091,2930,37,31,6,37,0
2021-01-05,Siskiyou,093,43540,1155,985,146,1131,3
2021-01-05,Solano,095,438530,22633,20860,240,21100,97
2021-01-05,Sonoma,097,501317,21728,20247,117,20364,194
2021-01-05,Stanislaus,099,539301,39140,36363,3755,40118,553
2021-01-05,Sutter,101,95872,7147,6769,51,6820,59
2021-01-05,Tehama,103,63373,3532,3255,347,3602,9
2021-01-05,Trinity,105,12862,437,246,64,310,2
2021-01-05,Tulare,107,460477,38433,35585,4564,40149,455
2021-01-05,Tuolumne,109,53932,3082,2996,20,3016,13
2021-01-05,Ventura,111,848112,52309,46456,1881,48337,264
2021-01-05,Yolo,113,214977,9809,8980,87,9067,127
2021-01-05,Yuba,115,75493,4353,4053,44,4097,21
2021-01-04,Alameda,001,1643700,59668,55899,1183,57082,583
2021-01-04,Alpine,003,1148,71,68,0,68,0
2021-01-04,Amador,005,37829,2837,2596,22,2618,24
2021-01-04,Butte,007,227075,8807,7893,1079,8972,105
2021-01-04,Calaveras,009,45235,1330,1276,5,1281,21
2021-01-04,Colusa,011,21464,1442,1368,110,1478,7
2021-01-04,Contra Costa,013,1133247,46093,43019,712,43731,353
2021-01-04,Del Norte,015,27424,817,770,2,772,2
2021-01-04,El Dorado,017,186661,7061,6152,375,6527,27
2021-01-04,Fresno,019,978130,76359,69871,5491,75362,726
2021-01-04,Glenn,021,27897,1763,1590,314,1904,9
2021-01-04,Humboldt,023,135768,2046,1845,7,1852,22
2021-01-04,Imperial,025,180216,24253,23035,1804,24839,420
2021-01-04,Inyo,027,18085,791,623,8,631,20
2021-01-04,Kern,029,883053,73674,67418,6047,73465,623
2021-01-04,Kings,031,150075,17759,16801,622,17423,108
2021-01-04,Lake,033,64148,2191,1984,0,1984,25
2021-01-04,Lassen,035,31185,4637,4550,55,4605,1
2021-01-04,Los Angeles,037,10098052,890270,813022,27127,840149,10790
2021-01-04,Madera,039,155013,12148,11204,535,11739,67
2021-01-04,Marin,041,260295,10591,10115,102,10217,151
2021-01-04,Mariposa,043,17540,298,253,2,255,3
2021-01-04,Mendocino,045,87422,2736,2460,28,2488,28
2021-01-04,Merced,047,269075,21076,19804,450,20254,230
2021-01-04,Modoc,049,8938,277,250,78,328,0
2021-01-04,Mono,051,14174,968,895,12,907,3
2021-01-04,Monterey,053,433212,31430,29659,829,30488,212
2021-01-04,Napa,055,140530,6688,6187,26,6213,29
2021-01-04,Nevada,057,99092,3049,2765,104,2869,15
2021-01-04,Orange,059,3164182,187995,172458,7550,180008,1918
2021-01-04,Placer,061,380077,16300,14622,703,15325,133
2021-01-04,Plumas,063,18699,518,419,9,428,1
2021-01-04,Riverside,065,2383286,214847,196809,10124,206933,2066
2021-01-04,Sacramento,067,1510023,72776,70164,755,70919,870
2021-01-04,San Benito,069,59416,4226,3914,36,3950,28
2021-01-04,San Bernardino,071,2135413,228109,210868,6393,217261,1615
2021-01-04,San Diego,073,3302833,189443,171031,8678,179709,1598
2021-01-04,San Francisco,075,870044,26290,24753,283,25036,191
2021-01-04,San Joaquin,077,732212,51347,48644,1934,50578,661
2021-01-04,San Luis Obispo,079,281455,13285,11945,300,12245,96
2021-01-04,San Mateo,081,765935,29198,26150,152,26302,198
2021-01-04,Santa Barbara,083,443738,21348,18735,608,19343,165
2021-01-04,Santa Clara,085,1922200,81602,75297,337,75634,727
2021-01-04,Santa Cruz,087,273765,11056,9680,429,10109,85
2021-01-04,Shasta,089,179085,8992,8224,837,9061,72
2021-01-04,Sierra,091,2930,36,30,6,36,0
2021-01-04,Siskiyou,093,43540,1138,980,143,1123,3
2021-01-04,Solano,095,438530,22130,20588,233,20821,97
2021-01-04,Sonoma,097,501317,21385,20210,116,20326,194
2021-01-04,Stanislaus,099,539301,38577,36141,3700,39841,553
2021-01-04,Sutter,101,95872,7049,6712,50,6762,56
2021-01-04,Tehama,103,63373,3458,3190,342,3532,9
2021-01-04,Trinity,105,12862,434,245,64,309,2
2021-01-04,Tulare,107,460477,37873,35060,4462,39522,455
2021-01-04,Tuolumne,109,53932,3057,2987,20,3007,13
2021-01-04,Ventura,111,848112,50808,45014,1861,46875,255
2021-01-04,Yolo,113,214977,9612,8834,81,8915,121
2021-01-04,Yuba,115,75493,4295,4023,44,4067,21
2021-01-03,Alameda,001,1643700,58414,55082,1153,56235,580
2021-01-03,Alpine,003,1148,69,68,0,68,0
2021-01-03,Amador,005,37829,2773,2565,22,2587,24
2021-01-03,Butte,007,227075,8615,7837,1026,8863,105
2021-01-03,Calaveras,009,45235,1293,1249,3,1252,21
2021-01-03,Colusa,011,21464,1413,1337,104,1441,7
2021-01-03,Contra Costa,013,1133247,45204,42432,687,43119,352
2021-01-03,Del Norte,015,27424,804,768,2,770,2
2021-01-03,El Dorado,017,186661,6933,6034,358,6392,27
2021-01-03,Fresno,019,978130,75208,69326,5370,74696,719
2021-01-03,Glenn,021,27897,1737,1581,304,1885,9
2021-01-03,Humboldt,023,135768,2009,1833,7,1840,21
2021-01-03,Imperial,025,180216,23993,22951,1726,24677,419
2021-01-03,Inyo,027,18085,774,615,8,623,20
2021-01-03,Kern,029,883053,72416,66895,5868,72763,609
2021-01-03,Kings,031,150075,17483,16593,592,17185,108
2021-01-03,Lake,033,64148,2138,1976,0,1976,24
2021-01-03,Lassen,035,31185,4604,4531,54,4585,1
2021-01-03,Los Angeles,037,10098052,868289,792168,26060,818228,10633
2021-01-03,Madera,039,155013,11926,11152,512,11664,67
2021-01-03,Marin,041,260295,10442,10034,97,10131,150
2021-01-03,Mariposa,043,17540,291,248,2,250,3
2021-01-03,Mendocino,045,87422,2696,2445,27,2472,24
2021-01-03,Merced,047,269075,20608,19600,424,20024,230
2021-01-03,Modoc,049,8938,273,245,77,322,0
2021-01-03,Mono,051,14174,943,893,12,905,3
2021-01-03,Monterey,053,433212,30836,29357,796,30153,191
2021-01-03,Napa,055,140530,6587,6094,26,6120,29
2021-01-03,Nevada,057,99092,2988,2742,101,2843,15
2021-01-03,Orange,059,3164182,183805,169881,7357,177238,1919
2021-01-03,Placer,061,380077,16051,14319,679,14998,133
2021-01-03,Plumas,063,18699,505,416,9,425,1
2021-01-03,Riverside,065,2383286,209978,195048,9877,204925,2005
2021-01-03,Sacramento,067,1510023,71569,68558,734,69292,859
2021-01-03,San Benito,069,59416,4129,3882,35,3917,28
2021-01-03,San Bernardino,071,2135413,222847,208294,6220,214514,1592
2021-01-03,San Diego,073,3302833,184185,168018,8451,176469,1592
2021-01-03,San Francisco,075,870044,25793,24588,266,24854,193
2021-01-03,San Joaquin,077,732212,50222,47899,1876,49775,661
2021-01-03,San Luis Obispo,079,281455,12815,11636,291,11927,95
2021-01-03,San Mateo,081,765935,28604,25770,145,25915,196
2021-01-03,Santa Barbara,083,443738,20629,18267,591,18858,164
2021-01-03,Santa Clara,085,1922200,80051,74534,331,74865,720
2021-01-03,Santa Cruz,087,273765,10752,9528,413,9941,84
2021-01-03,Shasta,089,179085,8865,8192,797,8989,72
2021-01-03,Sierra,091,2930,36,30,6,36,0
2021-01-03,Siskiyou,093,43540,1105,976,134,1110,3
2021-01-03,Solano,095,438530,21598,20105,227,20332,97
2021-01-03,Sonoma,097,501317,20993,19982,112,20094,193
2021-01-03,Stanislaus,099,539301,37888,35762,3618,39380,553
2021-01-03,Sutter,101,95872,6952,6664,49,6713,53
2021-01-03,Tehama,103,63373,3402,3176,334,3510,9
2021-01-03,Trinity,105,12862,429,243,62,305,2
2021-01-03,Tulare,107,460477,37311,34747,4312,39059,455
2021-01-03,Tuolumne,109,53932,2996,2978,17,2995,13
2021-01-03,Ventura,111,848112,48985,43748,1843,45591,254
2021-01-03,Yolo,113,214977,9454,8674,77,8751,121
2021-01-03,Yuba,115,75493,4241,3966,43,4009,20
2021-01-02,Alameda,001,1643700,57786,54518,1124,55642,581
2021-01-02,Alpine,003,1148,69,68,0,68,0
2021-01-02,Amador,005,37829,2754,2540,22,2562,24
2021-01-02,Butte,007,227075,8508,7750,1007,8757,105
2021-01-02,Calaveras,009,45235,1273,1230,3,1233,21
2021-01-02,Colusa,011,21464,1403,1332,103,1435,7
2021-01-02,Contra Costa,013,1133247,44682,41993,676,42669,352
2021-01-02,Del Norte,015,27424,802,764,2,766,2
2021-01-02,El Dorado,017,186661,6878,5959,354,6313,27
2021-01-02,Fresno,019,978130,74665,68740,5260,74000,717
2021-01-02,Glenn,021,27897,1721,1546,302,1848,9
2021-01-02,Humboldt,023,135768,1982,1815,7,1822,21
2021-01-02,Imperial,025,180216,23912,22867,1689,24556,420
2021-01-02,Inyo,027,18085,761,609,8,617,20
2021-01-02,Kern,029,883053,71697,66457,5756,72213,610
2021-01-02,Kings,031,150075,17389,16515,588,17103,108
2021-01-02,Lake,033,64148,2100,1925,0,1925,24
2021-01-02,Lassen,035,31185,4593,4457,53,4510,1
2021-01-02,Los Angeles,037,10098052,859930,791892,25360,817252,10633
2021-01-02,Madera,039,155013,11815,11039,501,11540,67
2021-01-02,Marin,041,260295,10396,9924,94,10018,151
2021-01-02,Mariposa,043,17540,284,243,2,245,3
2021-01-02,Mendocino,045,87422,2653,2428,26,2454,24
2021-01-02,Merced,047,269075,20466,19395,408,19803,230
2021-01-02,Modoc,049,8938,272,245,77,322,0
2021-01-02,Mono,051,14174,932,884,12,896,3
2021-01-02,Monterey,053,433212,30629,28991,785,29776,191
2021-01-02,Napa,055,140530,6528,5994,26,6020,29
2021-01-02,Nevada,057,99092,2959,2706,97,2803,15
2021-01-02,Orange,059,3164182,181602,168457,7208,175665,1918
2021-01-02,Placer,061,380077,15878,14182,670,14852,133
2021-01-02,Plumas,063,18699,502,413,9,422,1
2021-01-02,Riverside,065,2383286,207343,192069,9652,201721,2008
2021-01-02,Sacramento,067,1510023,70929,67810,717,68527,858
2021-01-02,San Benito,069,59416,4047,3829,35,3864,28
2021-01-02,San Bernardino,071,2135413,221225,206939,6095,213034,1597
2021-01-02,San Diego,073,3302833,181586,164498,8256,172754,1592
2021-01-02,San Francisco,075,870044,25534,24414,259,24673,194
2021-01-02,San Joaquin,077,732212,49844,47310,1846,49156,662
2021-01-02,San Luis Obispo,079,281455,12679,11467,285,11752,95
2021-01-02,San Mateo,081,765935,28268,25483,137,25620,196
2021-01-02,Santa Barbara,083,443738,20342,18135,588,18723,164
2021-01-02,Santa Clara,085,1922200,78887,73662,324,73986,720
2021-01-02,Santa Cruz,087,273765,10597,9340,404,9744,85
2021-01-02,Shasta,089,179085,8798,8154,786,8940,72
2021-01-02,Sierra,091,2930,36,28,6,34,0
2021-01-02,Siskiyou,093,43540,1094,949,132,1081,3
2021-01-02,Solano,095,438530,21402,19805,217,20022,97
2021-01-02,Sonoma,097,501317,20827,19761,112,19873,194
2021-01-02,Stanislaus,099,539301,37571,35431,3553,38984,553
2021-01-02,Sutter,101,95872,6899,6621,49,6670,53
2021-01-02,Tehama,103,63373,3376,3146,330,3476,9
2021-01-02,Trinity,105,12862,426,243,62,305,2
2021-01-02,Tulare,107,460477,36994,34479,4238,38717,455
2021-01-02,Tuolumne,109,53932,2982,2942,15,2957,13
2021-01-02,Ventura,111,848112,47832,43397,1808,45205,254
2021-01-02,Yolo,113,214977,9359,8571,75,8646,122
2021-01-02,Yuba,115,75493,4202,3930,42,3972,21
2021-01-01,Alameda,001,1643700,57126,53518,1108,54626,579
2021-01-01,Alpine,003,1148,69,68,0,68,0
2021-01-01,Amador,005,37829,2728,2513,20,2533,24
2021-01-01,Butte,007,227075,8407,7589,982,8571,105
2021-01-01,Calaveras,009,45235,1258,1186,3,1189,21
2021-01-01,Colusa,011,21464,1394,1314,101,1415,7
2021-01-01,Contra Costa,013,1133247,44199,41412,657,42069,351
2021-01-01,Del Norte,015,27424,796,758,2,760,2
2021-01-01,El Dorado,017,186661,6786,5832,346,6178,27
2021-01-01,Fresno,019,978130,73592,67484,5174,72658,717
2021-01-01,Glenn,021,27897,1705,1520,299,1819,9
2021-01-01,Humboldt,023,135768,1943,1783,7,1790,21
2021-01-01,Imperial,025,180216,23826,22715,1638,24353,418
2021-01-01,Inyo,027,18085,737,606,8,614,20
2021-01-01,Kern,029,883053,70871,65571,5648,71219,609
2021-01-01,Kings,031,150075,17206,16358,581,16939,108
2021-01-01,Lake,033,64148,2068,1888,0,1888,24
2021-01-01,Lassen,035,31185,4587,4377,53,4430,1
2021-01-01,Los Angeles,037,10098052,845758,775578,24656,800234,10515
2021-01-01,Madera,039,155013,11655,10752,492,11244,66
2021-01-01,Marin,041,260295,10290,9821,94,9915,148
2021-01-01,Mariposa,043,17540,276,236,2,238,3
2021-01-01,Mendocino,045,87422,2599,2400,26,2426,24
2021-01-01,Merced,047,269075,20282,19118,392,19510,229
2021-01-01,Modoc,049,8938,272,241,77,318,0
2021-01-01,Mono,051,14174,914,884,12,896,3
2021-01-01,Monterey,053,433212,30397,28465,777,29242,191
2021-01-01,Napa,055,140530,6442,5899,26,5925,28
2021-01-01,Nevada,057,99092,2935,2663,97,2760,15
2021-01-01,Orange,059,3164182,178805,165440,7064,172504,1893
2021-01-01,Placer,061,380077,15688,13987,654,14641,133
2021-01-01,Plumas,063,18699,497,412,9,421,1
2021-01-01,Riverside,065,2383286,204168,188674,9396,198070,1990
2021-01-01,Sacramento,067,1510023,70331,66956,700,67656,848
2021-01-01,San Benito,069,59416,4009,3773,35,3808,28
2021-01-01,San Bernardino,071,2135413,218417,203651,5963,209614,1590
2021-01-01,San Diego,073,3302833,178513,160071,8077,168148,1592
2021-01-01,San Francisco,075,870044,25259,24145,248,24393,187
2021-01-01,San Joaquin,077,732212,49557,46640,1800,48440,657
2021-01-01,San Luis Obispo,079,281455,12451,11160,277,11437,94
2021-01-01,San Mateo,081,765935,27820,25041,133,25174,194
2021-01-01,Santa Barbara,083,443738,20023,17759,578,18337,164
2021-01-01,Santa Clara,085,1922200,77624,71904,319,72223,680
2021-01-01,Santa Cruz,087,273765,10417,9146,394,9540,84
2021-01-01,Shasta,089,179085,8717,8102,769,8871,72
2021-01-01,Sierra,091,2930,36,26,6,32,0
2021-01-01,Siskiyou,093,43540,1080,944,127,1071,3
2021-01-01,Solano,095,438530,21190,19393,215,19608,97
2021-01-01,Sonoma,097,501317,20637,19513,112,19625,189
2021-01-01,Stanislaus,099,539301,37292,34978,3487,38465,553
2021-01-01,Sutter,101,95872,6842,6553,48,6601,52
2021-01-01,Tehama,103,63373,3318,3079,323,3402,9
2021-01-01,Trinity,105,12862,426,243,62,305,2
2021-01-01,Tulare,107,460477,36590,33994,4144,38138,454
2021-01-01,Tuolumne,109,53932,2966,2909,15,2924,13
2021-01-01,Ventura,111,848112,46339,42026,1781,43807,253
2021-01-01,Yolo,113,214977,9249,8461,72,8533,120
2021-01-01,Yuba,115,75493,4148,3845,41,3886,19
2020-12-31,Alameda,001,1643700,56585,52475,1077,53552,579
2020-12-31,Alpine,003,1148,69,66,0,66,0
2020-12-31,Amador,005,37829,2714,2493,20,2513,24
2020-12-31,Butte,007,227075,8333,7405,962,8367,105
2020-12-31,Calaveras,009,45235,1247,1161,3,1164,21
2020-12-31,Colusa,011,21464,1386,1301,98,1399,7
2020-12-31,Contra Costa,013,1133247,43822,40512,642,41154,336
2020-12-31,Del Norte,015,27424,795,748,2,750,2
2020-12-31,El Dorado,017,186661,6734,5662,337,5999,26
2020-12-31,Fresno,019,978130,73159,66442,5112,71554,711
2020-12-31,Glenn,021,27897,1685,1484,294,1778,9
2020-12-31,Humboldt,023,135768,1926,1713,7,1720,21
2020-12-31,Imperial,025,180216,23761,22494,1622,24116,417
2020-12-31,Inyo,027,18085,729,591,8,599,20
2020-12-31,Kern,029,883053,70401,64904,5556,70460,609
2020-12-31,Kings,031,150075,17131,16077,573,16650,108
2020-12-31,Lake,033,64148,2055,1848,0,1848,23
2020-12-31,Lassen,035,31185,4581,4340,52,4392,1
2020-12-31,Los Angeles,037,10098052,840435,755844,24188,780032,10320
2020-12-31,Madera,039,155013,11582,10609,484,11093,64
2020-12-31,Marin,041,260295,10247,9731,93,9824,148
2020-12-31,Mariposa,043,17540,274,217,2,219,3
2020-12-31,Mendocino,045,87422,2584,2367,22,2389,24
2020-12-31,Merced,047,269075,20192,18808,383,19191,226
2020-12-31,Modoc,049,8938,272,238,77,315,0
2020-12-31,Mono,051,14174,906,868,12,880,3
2020-12-31,Monterey,053,433212,30194,27720,765,28485,188
2020-12-31,Napa,055,140530,6379,5801,26,5827,28
2020-12-31,Nevada,057,99092,2912,2619,95,2714,15
2020-12-31,Orange,059,3164182,176925,161586,6931,168517,1866
2020-12-31,Placer,061,380077,15532,13708,651,14359,126
2020-12-31,Plumas,063,18699,492,401,8,409,1
2020-12-31,Riverside,065,2383286,202509,184193,9263,193456,1958
2020-12-31,Sacramento,067,1510023,69811,65817,689,66506,830
2020-12-31,San Benito,069,59416,3986,3673,35,3708,28
2020-12-31,San Bernardino,071,2135413,216834,199115,5894,205009,1586
2020-12-31,San Diego,073,3302833,176750,155593,7978,163571,1534
2020-12-31,San Francisco,075,870044,25031,23740,241,23981,183
2020-12-31,San Joaquin,077,732212,49245,45764,1762,47526,646
2020-12-31,San Luis Obispo,079,281455,12337,10846,277,11123,89
2020-12-31,San Mateo,081,765935,27491,24570,127,24697,192
2020-12-31,Santa Barbara,083,443738,19778,17434,571,18005,161
2020-12-31,Santa Clara,085,1922200,76842,70032,314,70346,665
2020-12-31,Santa Cruz,087,273765,10299,8909,382,9291,84
2020-12-31,Shasta,089,179085,8652,7996,759,8755,69
2020-12-31,Sierra,091,2930,36,26,6,32,0
2020-12-31,Siskiyou,093,43540,1064,940,124,1064,3
2020-12-31,Solano,095,438530,20961,18942,214,19156,97
2020-12-31,Sonoma,097,501317,20520,19129,111,19240,188
2020-12-31,Stanislaus,099,539301,36993,34398,3434,37832,552
2020-12-31,Sutter,101,95872,6811,6432,48,6480,51
2020-12-31,Tehama,103,63373,3286,3036,322,3358,9
2020-12-31,Trinity,105,12862,425,241,62,303,2
2020-12-31,Tulare,107,460477,36422,33412,4082,37494,446
2020-12-31,Tuolumne,109,53932,2957,2902,15,2917,12
2020-12-31,Ventura,111,848112,45829,40854,1764,42618,251
2020-12-31,Yolo,113,214977,9164,8295,71,8366,117
2020-12-31,Yuba,115,75493,4107,3799,40,3839,18
2020-12-30,Alameda,001,1643700,55823,50158,1026,51184,573
2020-12-30,Alpine,003,1148,69,66,0,66,0
2020-12-30,Amador,005,37829,2694,2418,19,2437,24
2020-12-30,Butte,007,227075,8172,7140,945,8085,103
2020-12-30,Calaveras,009,45235,1222,1135,3,1138,21
2020-12-30,Colusa,011,21464,1370,1289,92,1381,7
2020-12-30,Contra Costa,013,1133247,43239,39601,630,40231,337
2020-12-30,Del Norte,015,27424,790,726,2,728,2
2020-12-30,El Dorado,017,186661,6633,5595,327,5922,27
2020-12-30,Fresno,019,978130,72312,65566,4957,70523,711
2020-12-30,Glenn,021,27897,1656,1471,281,1752,9
2020-12-30,Humboldt,023,135768,1892,1654,7,1661,22
2020-12-30,Imperial,025,180216,23594,22098,1546,23644,412
2020-12-30,Inyo,027,18085,722,572,8,580,20
2020-12-30,Kern,029,883053,69673,63292,5412,68704,604
2020-12-30,Kings,031,150075,17012,15862,565,16427,108
2020-12-30,Lake,033,64148,2032,1731,0,1731,23
2020-12-30,Lassen,035,31185,4572,4300,52,4352,1
2020-12-30,Los Angeles,037,10098052,829545,741907,23490,765397,10046
2020-12-30,Madera,039,155013,11472,10249,473,10722,65
2020-12-30,Marin,041,260295,10157,9569,86,9655,148
2020-12-30,Mariposa,043,17540,270,214,2,216,3
2020-12-30,Mendocino,045,87422,2566,2291,19,2310,24
2020-12-30,Merced,047,269075,19901,18519,373,18892,225
2020-12-30,Modoc,049,8938,269,234,77,311,0
2020-12-30,Mono,051,14174,903,868,12,880,3
2020-12-30,Monterey,053,433212,29577,26977,744,27721,186
2020-12-30,Napa,055,140530,6273,5754,26,5780,28
2020-12-30,Nevada,057,99092,2877,2595,93,2688,15
2020-12-30,Orange,059,3164182,174269,153951,6741,160692,1863
2020-12-30,Placer,061,380077,15303,13540,639,14179,127
2020-12-30,Plumas,063,18699,487,397,8,405,1
2020-12-30,Riverside,065,2383286,199560,176402,9078,185480,1919
2020-12-30,Sacramento,067,1510023,68947,64119,671,64790,847
2020-12-30,San Benito,069,59416,3905,3464,31,3495,29
2020-12-30,San Bernardino,071,2135413,214268,192648,5808,198456,1591
2020-12-30,San Diego,073,3302833,173117,152510,7803,160313,1472
2020-12-30,San Francisco,075,870044,24738,23099,236,23335,182
2020-12-30,San Joaquin,077,732212,48554,44465,1720,46185,634
2020-12-30,San Luis Obispo,079,281455,12069,10542,269,10811,89
2020-12-30,San Mateo,081,765935,27062,24150,123,24273,190
2020-12-30,Santa Barbara,083,443738,19383,16895,548,17443,161
2020-12-30,Santa Clara,085,1922200,75584,67218,310,67528,661
2020-12-30,Santa Cruz,087,273765,10103,8787,373,9160,86
2020-12-30,Shasta,089,179085,8539,7818,745,8563,69
2020-12-30,Sierra,091,2930,36,25,6,31,0
2020-12-30,Siskiyou,093,43540,1057,913,115,1028,3
2020-12-30,Solano,095,438530,20569,18300,211,18511,96
2020-12-30,Sonoma,097,501317,20262,18947,111,19058,191
2020-12-30,Stanislaus,099,539301,36515,33730,3360,37090,526
2020-12-30,Sutter,101,95872,6748,6328,46,6374,51
2020-12-30,Tehama,103,63373,3242,2969,318,3287,9
2020-12-30,Trinity,105,12862,424,231,61,292,2
2020-12-30,Tulare,107,460477,35871,32413,4017,36430,430
2020-12-30,Tuolumne,109,53932,2945,2772,13,2785,12
2020-12-30,Ventura,111,848112,44541,39039,1740,40779,251
2020-12-30,Yolo,113,214977,9056,8067,69,8136,117
2020-12-30,Yuba,115,75493,4036,3612,40,3652,18
2020-12-29,Alameda,001,1643700,54762,50946,991,51937,552
2020-12-29,Alpine,003,1148,69,65,0,65,0
2020-12-29,Amador,005,37829,2642,2388,18,2406,23
2020-12-29,Butte,007,227075,7999,7178,923,8101,98
2020-12-29,Calaveras,009,45235,1177,1111,2,1113,21
2020-12-29,Colusa,011,21464,1349,1272,87,1359,7
2020-12-29,Contra Costa,013,1133247,42434,39225,599,39824,325
2020-12-29,Del Norte,015,27424,783,724,2,726,2
2020-12-29,El Dorado,017,186661,6504,5551,314,5865,22
2020-12-29,Fresno,019,978130,70935,65149,4801,69950,688
2020-12-29,Glenn,021,27897,1622,1454,274,1728,9
2020-12-29,Humboldt,023,135768,1845,1616,7,1623,19
2020-12-29,Imperial,025,180216,23383,22105,1459,23564,407
2020-12-29,Inyo,027,18085,705,571,8,579,19
2020-12-29,Kern,029,883053,68507,63096,5240,68336,589
2020-12-29,Kings,031,150075,16843,15777,553,16330,108
2020-12-29,Lake,033,64148,2000,1805,0,1805,22
2020-12-29,Lassen,035,31185,4557,4288,52,4340,1
2020-12-29,Los Angeles,037,10098052,809365,731907,22625,754532,9786
2020-12-29,Madera,039,155013,11159,10251,458,10709,64
2020-12-29,Marin,041,260295,10006,9595,83,9678,146
2020-12-29,Mariposa,043,17540,262,212,2,214,3
2020-12-29,Mendocino,045,87422,2523,2249,18,2267,24
2020-12-29,Merced,047,269075,19551,18464,358,18822,221
2020-12-29,Modoc,049,8938,266,232,77,309,0
2020-12-29,Mono,051,14174,894,868,12,880,3
2020-12-29,Monterey,053,433212,28935,26894,717,27611,185
2020-12-29,Napa,055,140530,6153,5663,26,5689,28
2020-12-29,Nevada,057,99092,2829,2550,92,2642,15
2020-12-29,Orange,059,3164182,170474,154411,6573,160984,1839
2020-12-29,Placer,061,380077,15092,13392,617,14009,126
2020-12-29,Plumas,063,18699,478,395,8,403,1
2020-12-29,Riverside,065,2383286,194957,177624,8824,186448,1904
2020-12-29,Sacramento,067,1510023,67901,65078,657,65735,820
2020-12-29,San Benito,069,59416,3786,3474,30,3504,25
2020-12-29,San Bernardino,071,2135413,209448,190476,5671,196147,1557
2020-12-29,San Diego,073,3302833,168894,150062,7572,157634,1435
2020-12-29,San Francisco,075,870044,24399,22996,228,23224,178
2020-12-29,San Joaquin,077,732212,47632,44699,1665,46364,622
2020-12-29,San Luis Obispo,079,281455,11773,10387,261,10648,80
2020-12-29,San Mateo,081,765935,26520,23773,111,23884,189
2020-12-29,Santa Barbara,083,443738,18916,16797,522,17319,155
2020-12-29,Santa Clara,085,1922200,74034,67581,307,67888,621
2020-12-29,Santa Cruz,087,273765,9833,8492,364,8856,84
2020-12-29,Shasta,089,179085,8434,7782,730,8512,65
2020-12-29,Sierra,091,2930,34,24,5,29,0
2020-12-29,Siskiyou,093,43540,1042,926,113,1039,3
2020-12-29,Solano,095,438530,20187,18412,206,18618,96
2020-12-29,Sonoma,097,501317,19927,18790,109,18899,187
2020-12-29,Stanislaus,099,539301,36013,33775,3297,37072,508
2020-12-29,Sutter,101,95872,6680,6302,46,6348,50
2020-12-29,Tehama,103,63373,3173,2962,304,3266,9
2020-12-29,Trinity,105,12862,423,241,61,302,2
2020-12-29,Tulare,107,460477,35211,32545,3884,36429,419
2020-12-29,Tuolumne,109,53932,2904,2797,13,2810,12
2020-12-29,Ventura,111,848112,43287,38669,1714,40383,235
2020-12-29,Yolo,113,214977,8927,8124,67,8191,111
2020-12-29,Yuba,115,75493,3954,3723,40,3763,18
2020-12-28,Alameda,001,1643700,53729,50405,970,51375,551
2020-12-28,Alpine,003,1148,68,65,0,65,0
2020-12-28,Amador,005,37829,2572,2255,18,2273,23
2020-12-28,Butte,007,227075,7832,7053,893,7946,86
2020-12-28,Calaveras,009,45235,1154,1102,2,1104,21
2020-12-28,Colusa,011,21464,1324,1255,73,1328,7
2020-12-28,Contra Costa,013,1133247,41499,38872,572,39444,324
2020-12-28,Del Norte,015,27424,773,718,2,720,2
2020-12-28,El Dorado,017,186661,6348,5441,302,5743,18
2020-12-28,Fresno,019,978130,69662,64274,4650,68924,679
2020-12-28,Glenn,021,27897,1588,1435,262,1697,9
2020-12-28,Humboldt,023,135768,1810,1579,7,1586,19
2020-12-28,Imperial,025,180216,23124,22003,1385,23388,405
2020-12-28,Inyo,027,18085,698,569,8,577,19
2020-12-28,Kern,029,883053,67439,62392,5039,67431,579
2020-12-28,Kings,031,150075,16626,15733,536,16269,108
2020-12-28,Lake,033,64148,1959,1785,0,1785,22
2020-12-28,Lassen,035,31185,4450,4284,51,4335,1
2020-12-28,Los Angeles,037,10098052,787028,720699,21811,742510,9544
2020-12-28,Madera,039,155013,10985,10123,435,10558,64
2020-12-28,Marin,041,260295,9898,9546,77,9623,145
2020-12-28,Mariposa,043,17540,238,211,2,213,3
2020-12-28,Mendocino,045,87422,2488,2214,18,2232,23
2020-12-28,Merced,047,269075,19231,18245,340,18585,213
2020-12-28,Modoc,049,8938,261,220,76,296,0
2020-12-28,Mono,051,14174,890,848,12,860,3
2020-12-28,Monterey,053,433212,28095,26529,706,27235,182
2020-12-28,Napa,055,140530,6044,5576,26,5602,26
2020-12-28,Nevada,057,99092,2781,2532,88,2620,15
2020-12-28,Orange,059,3164182,166368,152089,6395,158484,1839
2020-12-28,Placer,061,380077,14753,13234,590,13824,126
2020-12-28,Plumas,063,18699,474,391,8,399,0
2020-12-28,Riverside,065,2383286,190060,174029,8533,182562,1855
2020-12-28,Sacramento,067,1510023,66669,64322,632,64954,813
2020-12-28,San Benito,069,59416,3717,3429,29,3458,24
2020-12-28,San Bernardino,071,2135413,204355,188919,5554,194473,1552
2020-12-28,San Diego,073,3302833,164150,147528,7390,154918,1404
2020-12-28,San Francisco,075,870044,24039,22726,223,22949,178
2020-12-28,San Joaquin,077,732212,46698,44172,1633,45805,618
2020-12-28,San Luis Obispo,079,281455,11422,10260,257,10517,76
2020-12-28,San Mateo,081,765935,26046,23467,107,23574,189
2020-12-28,Santa Barbara,083,443738,18454,16579,510,17089,155
2020-12-28,Santa Clara,085,1922200,72546,66418,300,66718,619
2020-12-28,Santa Cruz,087,273765,9565,8310,354,8664,81
2020-12-28,Shasta,089,179085,8315,7688,717,8405,65
2020-12-28,Sierra,091,2930,31,24,5,29,0
2020-12-28,Siskiyou,093,43540,1026,915,108,1023,3
2020-12-28,Solano,095,438530,19615,18171,200,18371,96
2020-12-28,Sonoma,097,501317,19581,18667,107,18774,185
2020-12-28,Stanislaus,099,539301,35465,33473,3233,36706,507
2020-12-28,Sutter,101,95872,6597,6253,46,6299,49
2020-12-28,Tehama,103,63373,3120,2934,295,3229,9
2020-12-28,Trinity,105,12862,421,240,61,301,2
2020-12-28,Tulare,107,460477,34525,32010,3776,35786,404
2020-12-28,Tuolumne,109,53932,2887,2777,13,2790,12
2020-12-28,Ventura,111,848112,41618,37151,1667,38818,230
2020-12-28,Yolo,113,214977,8772,8031,66,8097,111
2020-12-28,Yuba,115,75493,3893,3679,39,3718,18
2020-12-27,Alameda,001,1643700,52486,49764,944,50708,551
2020-12-27,Alpine,003,1148,66,65,0,65,0
2020-12-27,Amador,005,37829,2451,2218,18,2236,23
2020-12-27,Butte,007,227075,7677,7016,857,7873,86
2020-12-27,Calaveras,009,45235,1107,1097,2,1099,21
2020-12-27,Colusa,011,21464,1299,1253,70,1323,7
2020-12-27,Contra Costa,013,1133247,40570,38428,543,38971,324
2020-12-27,Del Norte,015,27424,750,712,2,714,2
2020-12-27,El Dorado,017,186661,6134,5388,279,5667,18
2020-12-27,Fresno,019,978130,68415,63811,4443,68254,679
2020-12-27,Glenn,021,27897,1561,1434,248,1682,9
2020-12-27,Humboldt,023,135768,1766,1575,7,1582,17
2020-12-27,Imperial,025,180216,22828,21934,1272,23206,405
2020-12-27,Inyo,027,18085,676,565,7,572,18
2020-12-27,Kern,029,883053,66161,61914,4871,66785,568
2020-12-27,Kings,031,150075,16390,15593,502,16095,108
2020-12-27,Lake,033,64148,1903,1769,0,1769,22
2020-12-27,Lassen,035,31185,4373,4230,44,4274,1
2020-12-27,Los Angeles,037,10098052,765553,707260,20917,728177,9476
2020-12-27,Madera,039,155013,10727,10005,425,10430,64
2020-12-27,Marin,041,260295,9775,9477,71,9548,144
2020-12-27,Mariposa,043,17540,231,208,2,210,3
2020-12-27,Mendocino,045,87422,2441,2209,18,2227,23
2020-12-27,Merced,047,269075,18863,18075,324,18399,213
2020-12-27,Modoc,049,8938,252,221,72,293,0
2020-12-27,Mono,051,14174,877,849,12,861,3
2020-12-27,Monterey,053,433212,27546,26322,689,27011,181
2020-12-27,Napa,055,140530,5910,5496,26,5522,26
2020-12-27,Nevada,057,99092,2745,2519,88,2607,15
2020-12-27,Orange,059,3164182,161970,149276,6207,155483,1839
2020-12-27,Placer,061,380077,14457,13017,558,13575,126
2020-12-27,Plumas,063,18699,468,390,8,398,0
2020-12-27,Riverside,065,2383286,185145,171995,8226,180221,1836
2020-12-27,Sacramento,067,1510023,65463,63416,609,64025,811
2020-12-27,San Benito,069,59416,3631,3394,29,3423,24
2020-12-27,San Bernardino,071,2135413,199281,186776,5417,192193,1551
2020-12-27,San Diego,073,3302833,159743,145777,7203,152980,1402
2020-12-27,San Francisco,075,870044,23692,22514,214,22728,178
2020-12-27,San Joaquin,077,732212,45662,43529,1583,45112,618
2020-12-27,San Luis Obispo,079,281455,11014,10154,252,10406,76
2020-12-27,San Mateo,081,765935,25481,23136,103,23239,187
2020-12-27,Santa Barbara,083,443738,17930,16364,482,16846,155
2020-12-27,Santa Clara,085,1922200,70923,65288,295,65583,619
2020-12-27,Santa Cruz,087,273765,9299,8234,345,8579,81
2020-12-27,Shasta,089,179085,8191,7671,695,8366,65
2020-12-27,Sierra,091,2930,31,24,4,28,0
2020-12-27,Siskiyou,093,43540,1016,914,103,1017,3
2020-12-27,Solano,095,438530,19120,17840,194,18034,96
2020-12-27,Sonoma,097,501317,19291,18487,106,18593,185
2020-12-27,Stanislaus,099,539301,34862,33076,3139,36215,506
2020-12-27,Sutter,101,95872,6515,6218,44,6262,48
2020-12-27,Tehama,103,63373,3051,2922,278,3200,9
2020-12-27,Trinity,105,12862,414,240,59,299,2
2020-12-27,Tulare,107,460477,33928,31864,3657,35521,400
2020-12-27,Tuolumne,109,53932,2781,2750,11,2761,12
2020-12-27,Ventura,111,848112,40555,36661,1614,38275,230
2020-12-27,Yolo,113,214977,8581,7919,61,7980,111
2020-12-27,Yuba,115,75493,3829,3665,37,3702,18
2020-12-26,Alameda,001,1643700,51876,49084,931,50015,551
2020-12-26,Alpine,003,1148,66,65,0,65,0
2020-12-26,Amador,005,37829,2437,2189,18,2207,23
2020-12-26,Butte,007,227075,7582,6968,835,7803,86
2020-12-26,Calaveras,009,45235,1101,1084,2,1086,21
2020-12-26,Colusa,011,21464,1289,1240,70,1310,7
2020-12-26,Contra Costa,013,1133247,40106,38008,529,38537,324
2020-12-26,Del Norte,015,27424,744,709,2,711,2
2020-12-26,El Dorado,017,186661,6079,5279,275,5554,18
2020-12-26,Fresno,019,978130,67945,63080,4380,67460,679
2020-12-26,Glenn,021,27897,1540,1413,242,1655,9
2020-12-26,Humboldt,023,135768,1728,1545,7,1552,17
2020-12-26,Imperial,025,180216,22737,21734,1220,22954,405
2020-12-26,Inyo,027,18085,663,554,7,561,18
2020-12-26,Kern,029,883053,65489,61174,4719,65893,564
2020-12-26,Kings,031,150075,16272,15517,498,16015,108
2020-12-26,Lake,033,64148,1861,1710,0,1710,22
2020-12-26,Lassen,035,31185,4352,3981,44,4025,1
2020-12-26,Los Angeles,037,10098052,757006,694149,20411,714560,9424
2020-12-26,Madera,039,155013,10650,9908,413,10321,64
2020-12-26,Marin,041,260295,9740,9413,70,9483,143
2020-12-26,Mariposa,043,17540,230,206,2,208,3
2020-12-26,Mendocino,045,87422,2395,2194,18,2212,23
2020-12-26,Merced,047,269075,18704,17890,319,18209,213
2020-12-26,Modoc,049,8938,249,222,72,294,0
2020-12-26,Mono,051,14174,871,850,12,862,3
2020-12-26,Monterey,053,433212,27412,26010,680,26690,182
2020-12-26,Napa,055,140530,5852,5427,26,5453,26
2020-12-26,Nevada,057,99092,2717,2480,88,2568,15
2020-12-26,Orange,059,3164182,159765,147304,6114,153418,1838
2020-12-26,Placer,061,380077,14287,12816,543,13359,122
2020-12-26,Plumas,063,18699,465,381,8,389,0
2020-12-26,Riverside,065,2383286,182659,169360,8065,177425,1834
2020-12-26,Sacramento,067,1510023,64840,62435,599,63034,807
2020-12-26,San Benito,069,59416,3558,3330,29,3359,24
2020-12-26,San Bernardino,071,2135413,197615,185111,5335,190446,1551
2020-12-26,San Diego,073,3302833,157218,142644,7056,149700,1402
2020-12-26,San Francisco,075,870044,23457,22319,214,22533,177
2020-12-26,San Joaquin,077,732212,45275,42887,1534,44421,618
2020-12-26,San Luis Obispo,079,281455,10927,9945,247,10192,76
2020-12-26,San Mateo,081,765935,25142,22908,98,23006,187
2020-12-26,Santa Barbara,083,443738,17692,16159,476,16635,155
2020-12-26,Santa Clara,085,1922200,69854,64185,293,64478,618
2020-12-26,Santa Cruz,087,273765,9173,8113,336,8449,81
2020-12-26,Shasta,089,179085,8132,7641,682,8323,65
2020-12-26,Sierra,091,2930,31,24,4,28,0
2020-12-26,Siskiyou,093,43540,1009,909,99,1008,2
2020-12-26,Solano,095,438530,18875,17528,194,17722,96
2020-12-26,Sonoma,097,501317,19090,18261,104,18365,184
2020-12-26,Stanislaus,099,539301,34572,32678,3088,35766,505
2020-12-26,Sutter,101,95872,6456,6121,44,6165,48
2020-12-26,Tehama,103,63373,3023,2884,273,3157,9
2020-12-26,Trinity,105,12862,412,237,58,295,2
2020-12-26,Tulare,107,460477,33627,31665,3602,35267,398
2020-12-26,Tuolumne,109,53932,2770,2703,11,2714,12
2020-12-26,Ventura,111,848112,39590,36064,1583,37647,230
2020-12-26,Yolo,113,214977,8479,7785,59,7844,111
2020-12-26,Yuba,115,75493,3801,3599,37,3636,18
2020-12-25,Alameda,001,1643700,51311,48365,916,49281,542
2020-12-25,Alpine,003,1148,66,64,0,64,0
2020-12-25,Amador,005,37829,2394,2172,18,2190,23
2020-12-25,Butte,007,227075,7482,6873,817,7690,85
2020-12-25,Calaveras,009,45235,1098,1062,2,1064,21
2020-12-25,Colusa,011,21464,1277,1219,69,1288,7
2020-12-25,Contra Costa,013,1133247,39639,37480,503,37983,324
2020-12-25,Del Norte,015,27424,741,692,2,694,2
2020-12-25,El Dorado,017,186661,6014,5170,262,5432,16
2020-12-25,Fresno,019,978130,67080,62251,4298,66549,679
2020-12-25,Glenn,021,27897,1524,1390,235,1625,9
2020-12-25,Humboldt,023,135768,1688,1532,7,1539,16
2020-12-25,Imperial,025,180216,22643,21646,1209,22855,405
2020-12-25,Inyo,027,18085,654,546,7,553,18
2020-12-25,Kern,029,883053,64760,60417,4572,64989,562
2020-12-25,Kings,031,150075,16161,15460,494,15954,108
2020-12-25,Lake,033,64148,1842,1669,0,1669,20
2020-12-25,Lassen,035,31185,4337,3926,44,3970,1
2020-12-25,Los Angeles,037,10098052,743365,665600,19729,685329,9292
2020-12-25,Madera,039,155013,10482,9770,406,10176,64
2020-12-25,Marin,041,260295,9691,9375,67,9442,143
2020-12-25,Mariposa,043,17540,224,203,2,205,3
2020-12-25,Mendocino,045,87422,2352,2176,18,2194,23
2020-12-25,Merced,047,269075,18543,17726,312,18038,213
2020-12-25,Modoc,049,8938,248,221,72,293,0
2020-12-25,Mono,051,14174,869,843,12,855,3
2020-12-25,Monterey,053,433212,27137,25788,671,26459,182
2020-12-25,Napa,055,140530,5772,5351,26,5377,26
2020-12-25,Nevada,057,99092,2691,2458,86,2544,15
2020-12-25,Orange,059,3164182,157086,144542,5922,150464,1814
2020-12-25,Placer,061,380077,14102,12660,521,13181,122
2020-12-25,Plumas,063,18699,458,381,8,389,0
2020-12-25,Riverside,065,2383286,179374,166690,7749,174439,1825
2020-12-25,Sacramento,067,1510023,64149,61630,572,62202,796
2020-12-25,San Benito,069,59416,3518,3281,27,3308,24
2020-12-25,San Bernardino,071,2135413,194980,181812,5219,187031,1546
2020-12-25,San Diego,073,3302833,154738,139958,6878,146836,1402
2020-12-25,San Francisco,075,870044,23181,22130,209,22339,175
2020-12-25,San Joaquin,077,732212,44969,42089,1479,43568,614
2020-12-25,San Luis Obispo,079,281455,10744,9749,240,9989,76
2020-12-25,San Mateo,081,765935,24820,22568,96,22664,187
2020-12-25,Santa Barbara,083,443738,17468,15936,469,16405,155
2020-12-25,Santa Clara,085,1922200,68743,63173,284,63457,612
2020-12-25,Santa Cruz,087,273765,9030,8018,314,8332,81
2020-12-25,Shasta,089,179085,8059,7612,659,8271,65
2020-12-25,Sierra,091,2930,31,24,3,27,0
2020-12-25,Siskiyou,093,43540,1003,905,96,1001,2
2020-12-25,Solano,095,438530,18703,17280,192,17472,96
2020-12-25,Sonoma,097,501317,18914,18035,102,18137,184
2020-12-25,Stanislaus,099,539301,34279,32290,3041,35331,498
2020-12-25,Sutter,101,95872,6397,6051,43,6094,47
2020-12-25,Tehama,103,63373,2974,2839,260,3099,9
2020-12-25,Trinity,105,12862,408,236,58,294,2
2020-12-25,Tulare,107,460477,33239,31323,3536,34859,398
2020-12-25,Tuolumne,109,53932,2751,2674,11,2685,12
2020-12-25,Ventura,111,848112,38435,35514,1535,37049,230
2020-12-25,Yolo,113,214977,8382,7700,57,7757,111
2020-12-25,Yuba,115,75493,3765,3549,36,3585,17
2020-12-24,Alameda,001,1643700,50970,47527,897,48424,541
2020-12-24,Alpine,003,1148,66,64,0,64,0
2020-12-24,Amador,005,37829,2382,2145,18,2163,23
2020-12-24,Butte,007,227075,7443,6716,803,7519,84
2020-12-24,Calaveras,009,45235,1095,1032,2,1034,21
2020-12-24,Colusa,011,21464,1272,1188,68,1256,7
2020-12-24,Contra Costa,013,1133247,39394,36623,492,37115,311
2020-12-24,Del Norte,015,27424,741,678,2,680,2
2020-12-24,El Dorado,017,186661,5988,5042,254,5296,16
2020-12-24,Fresno,019,978130,66857,61435,4284,65719,663
2020-12-24,Glenn,021,27897,1513,1363,227,1590,9
2020-12-24,Humboldt,023,135768,1665,1516,7,1523,16
2020-12-24,Imperial,025,180216,22594,21545,1200,22745,402
2020-12-24,Inyo,027,18085,652,532,7,539,17
2020-12-24,Kern,029,883053,64473,59601,4559,64160,556
2020-12-24,Kings,031,150075,16121,15211,493,15704,108
2020-12-24,Lake,033,64148,1827,1629,0,1629,20
2020-12-24,Lassen,035,31185,4324,3894,44,3938,1
2020-12-24,Los Angeles,037,10098052,739198,664840,19469,684309,9288
2020-12-24,Madera,039,155013,10442,9547,399,9946,63
2020-12-24,Marin,041,260295,9657,9287,67,9354,143
2020-12-24,Mariposa,043,17540,220,197,2,199,3
2020-12-24,Mendocino,045,87422,2341,2150,18,2168,23
2020-12-24,Merced,047,269075,18472,17485,308,17793,212
2020-12-24,Modoc,049,8938,248,220,71,291,0
2020-12-24,Mono,051,14174,867,817,12,829,3
2020-12-24,Monterey,053,433212,27028,25131,664,25795,180
2020-12-24,Napa,055,140530,5717,5265,26,5291,26
2020-12-24,Nevada,057,99092,2667,2429,86,2515,15
2020-12-24,Orange,059,3164182,155606,141205,5871,147076,1775
2020-12-24,Placer,061,380077,14013,12457,514,12971,121
2020-12-24,Plumas,063,18699,455,376,8,384,0
2020-12-24,Riverside,065,2383286,178443,162435,7709,170144,1816
2020-12-24,Sacramento,067,1510023,63875,60596,570,61166,788
2020-12-24,San Benito,069,59416,3487,3183,27,3210,24
2020-12-24,San Bernardino,071,2135413,193944,176866,5185,182051,1533
2020-12-24,San Diego,073,3302833,153654,136952,6846,143798,1382
2020-12-24,San Francisco,075,870044,23013,21830,206,22036,175
2020-12-24,San Joaquin,077,732212,44805,41324,1461,42785,611
2020-12-24,San Luis Obispo,079,281455,10676,9504,238,9742,77
2020-12-24,San Mateo,081,765935,24624,22093,96,22189,186
2020-12-24,Santa Barbara,083,443738,17364,15644,461,16105,153
2020-12-24,Santa Clara,085,1922200,68138,61742,277,62019,591
2020-12-24,Santa Cruz,087,273765,8959,7856,302,8158,82
2020-12-24,Shasta,089,179085,8018,7540,642,8182,65
2020-12-24,Sierra,091,2930,28,23,1,24,0
2020-12-24,Siskiyou,093,43540,998,900,90,990,2
2020-12-24,Solano,095,438530,18562,16872,187,17059,96
2020-12-24,Sonoma,097,501317,18816,17710,102,17812,183
2020-12-24,Stanislaus,099,539301,34083,31848,3016,34864,498
2020-12-24,Sutter,101,95872,6356,5960,42,6002,47
2020-12-24,Tehama,103,63373,2958,2779,259,3038,9
2020-12-24,Trinity,105,12862,407,235,58,293,2
2020-12-24,Tulare,107,460477,33120,30827,3510,34337,390
2020-12-24,Tuolumne,109,53932,2743,2653,11,2664,12
2020-12-24,Ventura,111,848112,38155,34400,1528,35928,224
2020-12-24,Yolo,113,214977,8340,7566,57,7623,113
2020-12-24,Yuba,115,75493,3740,3483,36,3519,16
2020-12-23,Alameda,001,1643700,50397,46753,870,47623,537
2020-12-23,Alpine,003,1148,66,64,0,64,0
2020-12-23,Amador,005,37829,2313,2108,17,2125,23
2020-12-23,Butte,007,227075,7355,6588,777,7365,84
2020-12-23,Calaveras,009,45235,1087,1002,1,1003,21
2020-12-23,Colusa,011,21464,1261,1167,68,1235,7
2020-12-23,Contra Costa,013,1133247,38996,36190,479,36669,311
2020-12-23,Del Norte,015,27424,734,670,2,672,2
2020-12-23,El Dorado,017,186661,5913,4967,246,5213,14
2020-12-23,Fresno,019,978130,66249,60488,4218,64706,654
2020-12-23,Glenn,021,27897,1499,1349,223,1572,9
2020-12-23,Humboldt,023,135768,1640,1458,7,1465,16
2020-12-23,Imperial,025,180216,22499,21323,1171,22494,399
2020-12-23,Inyo,027,18085,640,517,7,524,17
2020-12-23,Kern,029,883053,63956,58656,4465,63121,549
2020-12-23,Kings,031,150075,16043,14923,490,15413,105
2020-12-23,Lake,033,64148,1813,1595,0,1595,20
2020-12-23,Lassen,035,31185,4314,3865,41,3906,1
2020-12-23,Los Angeles,037,10098052,730151,651958,18936,670894,9146
2020-12-23,Madera,039,155013,10283,9371,385,9756,63
2020-12-23,Marin,041,260295,9599,9199,64,9263,142
2020-12-23,Mariposa,043,17540,218,194,2,196,3
2020-12-23,Mendocino,045,87422,2329,2121,18,2139,23
2020-12-23,Merced,047,269075,18316,17250,301,17551,203
2020-12-23,Modoc,049,8938,244,197,70,267,0
2020-12-23,Mono,051,14174,864,814,12,826,3
2020-12-23,Monterey,053,433212,26729,24856,658,25514,176
2020-12-23,Napa,055,140530,5649,5172,26,5198,25
2020-12-23,Nevada,057,99092,2622,2406,85,2491,15
2020-12-23,Orange,059,3164182,153156,138050,5704,143754,1771
2020-12-23,Placer,061,380077,13803,12213,506,12719,111
2020-12-23,Plumas,063,18699,448,369,8,377,0
2020-12-23,Riverside,065,2383286,176171,158110,7551,165661,1790
2020-12-23,Sacramento,067,1510023,63227,59661,556,60217,779
2020-12-23,San Benito,069,59416,3433,3073,25,3098,24
2020-12-23,San Bernardino,071,2135413,191906,172888,5116,178004,1509
2020-12-23,San Diego,073,3302833,151228,134695,6709,141404,1350
2020-12-23,San Francisco,075,870044,22790,21498,203,21701,174
2020-12-23,San Joaquin,077,732212,44280,35664,1419,37083,602
2020-12-23,San Luis Obispo,079,281455,10534,9267,233,9500,74
2020-12-23,San Mateo,081,765935,24322,21780,94,21874,186
2020-12-23,Santa Barbara,083,443738,17153,15399,435,15834,152
2020-12-23,Santa Clara,085,1922200,67228,60455,272,60727,579
2020-12-23,Santa Cruz,087,273765,8799,7637,284,7921,75
2020-12-23,Shasta,089,179085,7945,7487,636,8123,66
2020-12-23,Sierra,091,2930,27,23,0,23,0
2020-12-23,Siskiyou,093,43540,977,891,89,980,2
2020-12-23,Solano,095,438530,18354,16626,182,16808,95
2020-12-23,Sonoma,097,501317,18612,17397,102,17499,182
2020-12-23,Stanislaus,099,539301,33740,31492,2963,34455,499
2020-12-23,Sutter,101,95872,6290,5871,42,5913,46
2020-12-23,Tehama,103,63373,2941,2737,255,2992,9
2020-12-23,Trinity,105,12862,407,234,57,291,2
2020-12-23,Tulare,107,460477,32828,30315,3471,33786,385
2020-12-23,Tuolumne,109,53932,2704,2540,11,2551,12
2020-12-23,Ventura,111,848112,37758,33377,1499,34876,216
2020-12-23,Yolo,113,214977,8262,7508,56,7564,112
2020-12-23,Yuba,115,75493,3687,3438,36,3474,14
2020-12-22,Alameda,001,1643700,49512,45751,840,46591,534
2020-12-22,Alpine,003,1148,66,64,0,64,0
2020-12-22,Amador,005,37829,2302,1839,17,1856,23
2020-12-22,Butte,007,227075,7227,6467,762,7229,85
2020-12-22,Calaveras,009,45235,1060,988,0,988,21
2020-12-22,Colusa,011,21464,1238,1150,64,1214,7
2020-12-22,Contra Costa,013,1133247,38369,35681,467,36148,301
2020-12-22,Del Norte,015,27424,727,666,2,668,2
2020-12-22,El Dorado,017,186661,5790,4885,234,5119,12
2020-12-22,Fresno,019,978130,65215,59640,4112,63752,640
2020-12-22,Glenn,021,27897,1476,1337,212,1549,9
2020-12-22,Humboldt,023,135768,1607,1440,7,1447,16
2020-12-22,Imperial,025,180216,22310,21128,1128,22256,398
2020-12-22,Inyo,027,18085,620,506,7,513,17
2020-12-22,Kern,029,883053,63005,57816,4328,62144,547
2020-12-22,Kings,031,150075,15901,14855,484,15339,102
2020-12-22,Lake,033,64148,1789,1569,0,1569,20
2020-12-22,Lassen,035,31185,4172,3848,39,3887,1
2020-12-22,Los Angeles,037,10098052,712905,635931,18248,654179,9013
2020-12-22,Madera,039,155013,10165,9187,369,9556,63
2020-12-22,Marin,041,260295,9535,9115,63,9178,142
2020-12-22,Mariposa,043,17540,215,194,2,196,3
2020-12-22,Mendocino,045,87422,2296,2092,18,2110,23
2020-12-22,Merced,047,269075,18070,17012,296,17308,201
2020-12-22,Modoc,049,8938,236,182,69,251,0
2020-12-22,Mono,051,14174,858,786,12,798,3
2020-12-22,Monterey,053,433212,26063,24152,637,24789,176
2020-12-22,Napa,055,140530,5562,5059,26,5085,23
2020-12-22,Nevada,057,99092,2594,2367,84,2451,14
2020-12-22,Orange,059,3164182,149815,134850,5532,140382,1774
2020-12-22,Placer,061,380077,13559,11943,486,12429,105
2020-12-22,Plumas,063,18699,442,360,8,368,0
2020-12-22,Riverside,065,2383286,172360,155059,7282,162341,1777
2020-12-22,Sacramento,067,1510023,62298,57966,537,58503,772
2020-12-22,San Benito,069,59416,3355,2998,25,3023,24
2020-12-22,San Bernardino,071,2135413,187328,169266,4968,174234,1500
2020-12-22,San Diego,073,3302833,147869,132097,6547,138644,1311
2020-12-22,San Francisco,075,870044,22521,21232,199,21431,174
2020-12-22,San Joaquin,077,732212,43523,39423,1370,40793,592
2020-12-22,San Luis Obispo,079,281455,10189,9174,228,9402,69
2020-12-22,San Mateo,081,765935,23995,21382,78,21460,186
2020-12-22,Santa Barbara,083,443738,16891,15189,425,15614,150
2020-12-22,Santa Clara,085,1922200,66061,59192,264,59456,569
2020-12-22,Santa Cruz,087,273765,8620,7471,258,7729,72
2020-12-22,Shasta,089,179085,7867,7371,619,7990,64
2020-12-22,Sierra,091,2930,27,23,0,23,0
2020-12-22,Siskiyou,093,43540,971,880,88,968,2
2020-12-22,Solano,095,438530,17951,16229,179,16408,95
2020-12-22,Sonoma,097,501317,18294,17216,102,17318,180
2020-12-22,Stanislaus,099,539301,33359,30914,2891,33805,499
2020-12-22,Sutter,101,95872,6229,5791,41,5832,46
2020-12-22,Tehama,103,63373,2891,2688,248,2936,9
2020-12-22,Trinity,105,12862,406,231,57,288,2
2020-12-22,Tulare,107,460477,32363,30025,3403,33428,377
2020-12-22,Tuolumne,109,53932,2652,2526,11,2537,12
2020-12-22,Ventura,111,848112,36993,32488,1456,33944,213
2020-12-22,Yolo,113,214977,8149,7388,55,7443,113
2020-12-22,Yuba,115,75493,3636,3379,36,3415,14
2020-12-21,Alameda,001,1643700,48611,44756,813,45569,518
2020-12-21,Alpine,003,1148,65,64,0,64,0
2020-12-21,Amador,005,37829,2225,1815,17,1832,23
2020-12-21,Butte,007,227075,7072,6335,738,7073,81
2020-12-21,Calaveras,009,45235,1030,963,0,963,21
2020-12-21,Colusa,011,21464,1211,1135,59,1194,7
2020-12-21,Contra Costa,013,1133247,37618,35207,430,35637,300
2020-12-21,Del Norte,015,27424,712,660,2,662,2
2020-12-21,El Dorado,017,186661,5643,4805,221,5026,10
2020-12-21,Fresno,019,978130,64062,58568,3968,62536,634
2020-12-21,Glenn,021,27897,1444,1323,204,1527,9
2020-12-21,Humboldt,023,135768,1584,1419,7,1426,16
2020-12-21,Imperial,025,180216,22041,20994,1084,22078,395
2020-12-21,Inyo,027,18085,599,482,7,489,17
2020-12-21,Kern,029,883053,62115,56836,4191,61027,541
2020-12-21,Kings,031,150075,15651,14760,469,15229,100
2020-12-21,Lake,033,64148,1734,1538,0,1538,20
2020-12-21,Lassen,035,31185,4012,3798,37,3835,1
2020-12-21,Los Angeles,037,10098052,693831,624129,17566,641695,8918
2020-12-21,Madera,039,155013,9971,9069,349,9418,63
2020-12-21,Marin,041,260295,9466,9035,63,9098,142
2020-12-21,Mariposa,043,17540,210,186,2,188,3
2020-12-21,Mendocino,045,87422,2265,2066,18,2084,23
2020-12-21,Merced,047,269075,17821,16710,280,16990,198
2020-12-21,Modoc,049,8938,222,181,68,249,0
2020-12-21,Mono,051,14174,846,781,12,793,3
2020-12-21,Monterey,053,433212,25531,23673,623,24296,174
2020-12-21,Napa,055,140530,5474,4952,26,4978,23
2020-12-21,Nevada,057,99092,2561,2337,84,2421,13
2020-12-21,Orange,059,3164182,146404,130444,5378,135822,1772
2020-12-21,Placer,061,380077,13328,11715,466,12181,105
2020-12-21,Plumas,063,18699,438,353,8,361,0
2020-12-21,Riverside,065,2383286,168135,151713,6955,158668,1743
2020-12-21,Sacramento,067,1510023,61278,57064,519,57583,759
2020-12-21,San Benito,069,59416,3287,2921,25,2946,22
2020-12-21,San Bernardino,071,2135413,182538,165086,4802,169888,1476
2020-12-21,San Diego,073,3302833,144418,129716,6383,136099,1284
2020-12-21,San Francisco,075,870044,22234,21086,197,21283,174
2020-12-21,San Joaquin,077,732212,42727,38811,1319,40130,586
2020-12-21,San Luis Obispo,079,281455,10001,9006,223,9229,64
2020-12-21,San Mateo,081,765935,23590,21035,75,21110,185
2020-12-21,Santa Barbara,083,443738,16618,14988,420,15408,149
2020-12-21,Santa Clara,085,1922200,64868,57699,252,57951,570
2020-12-21,Santa Cruz,087,273765,8408,7315,245,7560,69
2020-12-21,Shasta,089,179085,7802,7299,609,7908,64
2020-12-21,Sierra,091,2930,24,23,0,23,0
2020-12-21,Siskiyou,093,43540,963,878,87,965,2
2020-12-21,Solano,095,438530,17481,15878,174,16052,95
2020-12-21,Sonoma,097,501317,18021,17075,98,17173,176
2020-12-21,Stanislaus,099,539301,32901,30437,2817,33254,499
2020-12-21,Sutter,101,95872,6133,5708,41,5749,46
2020-12-21,Tehama,103,63373,2823,2656,240,2896,9
2020-12-21,Trinity,105,12862,404,226,55,281,2
2020-12-21,Tulare,107,460477,31863,29482,3314,32796,373
2020-12-21,Tuolumne,109,53932,2627,2423,9,2432,12
2020-12-21,Ventura,111,848112,35912,31759,1419,33178,212
2020-12-21,Yolo,113,214977,8004,7266,51,7317,109
2020-12-21,Yuba,115,75493,3577,3329,36,3365,14
2020-12-20,Alameda,001,1643700,47731,44004,790,44794,516
2020-12-20,Alpine,003,1148,65,64,0,64,0
2020-12-20,Amador,005,37829,2167,1771,17,1788,23
2020-12-20,Butte,007,227075,6927,6228,702,6930,81
2020-12-20,Calaveras,009,45235,1006,926,0,926,21
2020-12-20,Colusa,011,21464,1183,1121,52,1173,7
2020-12-20,Contra Costa,013,1133247,37032,34798,413,35211,301
2020-12-20,Del Norte,015,27424,690,652,2,654,2
2020-12-20,El Dorado,017,186661,5518,4697,212,4909,10
2020-12-20,Fresno,019,978130,63070,57616,3831,61447,634
2020-12-20,Glenn,021,27897,1435,1295,197,1492,9
2020-12-20,Humboldt,023,135768,1547,1386,6,1392,15
2020-12-20,Imperial,025,180216,21799,20882,979,21861,395
2020-12-20,Inyo,027,18085,584,476,7,483,17
2020-12-20,Kern,029,883053,61017,55983,4037,60020,540
2020-12-20,Kings,031,150075,15431,14629,452,15081,100
2020-12-20,Lake,033,64148,1688,1463,0,1463,20
2020-12-20,Lassen,035,31185,3958,3669,35,3704,1
2020-12-20,Los Angeles,037,10098052,675756,612975,16824,629799,8862
2020-12-20,Madera,039,155013,9761,8871,340,9211,63
2020-12-20,Marin,041,260295,9368,8948,59,9007,142
2020-12-20,Mariposa,043,17540,209,179,2,181,3
2020-12-20,Mendocino,045,87422,2240,2033,18,2051,23
2020-12-20,Merced,047,269075,17505,16435,273,16708,198
2020-12-20,Modoc,049,8938,222,181,66,247,0
2020-12-20,Mono,051,14174,828,774,12,786,3
2020-12-20,Monterey,053,433212,25048,23250,582,23832,173
2020-12-20,Napa,055,140530,5352,4865,24,4889,23
2020-12-20,Nevada,057,99092,2515,2289,78,2367,13
2020-12-20,Orange,059,3164182,142899,128780,5229,134009,1763
2020-12-20,Placer,061,380077,13102,11496,447,11943,105
2020-12-20,Plumas,063,18699,430,347,8,355,0
2020-12-20,Riverside,065,2383286,163929,148714,6663,155377,1742
2020-12-20,Sacramento,067,1510023,60278,56017,499,56516,755
2020-12-20,San Benito,069,59416,3215,2885,24,2909,21
2020-12-20,San Bernardino,071,2135413,177555,162810,4643,167453,1458
2020-12-20,San Diego,073,3302833,140700,126465,6213,132678,1280
2020-12-20,San Francisco,075,870044,21919,20937,194,21131,174
2020-12-20,San Joaquin,077,732212,41885,38268,1258,39526,587
2020-12-20,San Luis Obispo,079,281455,9708,8881,217,9098,63
2020-12-20,San Mateo,081,765935,23156,20764,71,20835,185
2020-12-20,Santa Barbara,083,443738,16301,14817,400,15217,148
2020-12-20,Santa Clara,085,1922200,63461,56860,246,57106,566
2020-12-20,Santa Cruz,087,273765,8200,7178,232,7410,69
2020-12-20,Shasta,089,179085,7687,7256,595,7851,64
2020-12-20,Sierra,091,2930,24,22,0,22,0
2020-12-20,Siskiyou,093,43540,953,870,86,956,2
2020-12-20,Solano,095,438530,17103,15533,163,15696,95
2020-12-20,Sonoma,097,501317,17746,16802,97,16899,175
2020-12-20,Stanislaus,099,539301,32378,29995,2715,32710,498
2020-12-20,Sutter,101,95872,6046,5601,41,5642,43
2020-12-20,Tehama,103,63373,2773,2602,222,2824,9
2020-12-20,Trinity,105,12862,396,221,54,275,2
2020-12-20,Tulare,107,460477,31345,29078,3218,32296,373
2020-12-20,Tuolumne,109,53932,2517,2152,8,2160,12
2020-12-20,Ventura,111,848112,35209,31335,1386,32721,210
2020-12-20,Yolo,113,214977,7853,7121,48,7169,109
2020-12-20,Yuba,115,75493,3530,3254,34,3288,12
2020-12-19,Alameda,001,1643700,47289,43109,783,43892,516
2020-12-19,Alpine,003,1148,65,64,0,64,0
2020-12-19,Amador,005,37829,2143,1754,17,1771,23
2020-12-19,Butte,007,227075,6827,6118,678,6796,81
2020-12-19,Calaveras,009,45235,989,900,0,900,21
2020-12-19,Colusa,011,21464,1175,1096,50,1146,7
2020-12-19,Contra Costa,013,1133247,36717,34321,399,34720,301
2020-12-19,Del Norte,015,27424,688,641,1,642,2
2020-12-19,El Dorado,017,186661,5451,4588,204,4792,10
2020-12-19,Fresno,019,978130,62746,55428,3762,59190,634
2020-12-19,Glenn,021,27897,1400,1286,196,1482,9
2020-12-19,Humboldt,023,135768,1530,1357,6,1363,15
2020-12-19,Imperial,025,180216,21709,20711,932,21643,395
2020-12-19,Inyo,027,18085,577,475,7,482,17
2020-12-19,Kern,029,883053,60531,55118,3929,59047,540
2020-12-19,Kings,031,150075,15352,14474,450,14924,100
2020-12-19,Lake,033,64148,1653,1438,0,1438,20
2020-12-19,Lassen,035,31185,3930,3595,35,3630,1
2020-12-19,Los Angeles,037,10098052,668662,599888,16288,616176,8804
2020-12-19,Madera,039,155013,9669,8717,328,9045,63
2020-12-19,Marin,041,260295,9329,8864,59,8923,142
2020-12-19,Mariposa,043,17540,207,177,2,179,3
2020-12-19,Mendocino,045,87422,2215,2008,18,2026,23
2020-12-19,Merced,047,269075,17366,16230,265,16495,198
2020-12-19,Modoc,049,8938,219,181,66,247,0
2020-12-19,Mono,051,14174,821,766,12,778,3
2020-12-19,Monterey,053,433212,24934,22799,576,23375,172
2020-12-19,Napa,055,140530,5290,4772,24,4796,23
2020-12-19,Nevada,057,99092,2493,2260,78,2338,13
2020-12-19,Orange,059,3164182,140977,125574,5078,130652,1733
2020-12-19,Placer,061,380077,12947,11246,441,11687,105
2020-12-19,Plumas,063,18699,427,343,8,351,0
2020-12-19,Riverside,065,2383286,161941,146703,6427,153130,1737
2020-12-19,Sacramento,067,1510023,59746,55169,485,55654,746
2020-12-19,San Benito,069,59416,3169,2820,23,2843,21
2020-12-19,San Bernardino,071,2135413,175988,159883,4536,164419,1433
2020-12-19,San Diego,073,3302833,138933,122972,6074,129046,1280
2020-12-19,San Francisco,075,870044,21768,20643,194,20837,174
2020-12-19,San Joaquin,077,732212,41482,37340,1208,38548,586
2020-12-19,San Luis Obispo,079,281455,9637,8788,214,9002,63
2020-12-19,San Mateo,081,765935,22946,20393,64,20457,182
2020-12-19,Santa Barbara,083,443738,16145,14667,394,15061,148
2020-12-19,Santa Clara,085,1922200,62649,55540,242,55782,558
2020-12-19,Santa Cruz,087,273765,8096,7054,227,7281,68
2020-12-19,Shasta,089,179085,7634,7221,583,7804,63
2020-12-19,Sierra,091,2930,24,23,0,23,0
2020-12-19,Siskiyou,093,43540,949,853,85,938,2
2020-12-19,Solano,095,438530,16937,15204,159,15363,95
2020-12-19,Sonoma,097,501317,17638,16553,97,16650,175
2020-12-19,Stanislaus,099,539301,32059,29555,2643,32198,498
2020-12-19,Sutter,101,95872,5989,5506,41,5547,41
2020-12-19,Tehama,103,63373,2722,2574,220,2794,9
2020-12-19,Trinity,105,12862,395,219,54,273,2
2020-12-19,Tulare,107,460477,31123,28734,3152,31886,375
2020-12-19,Tuolumne,109,53932,2504,2107,8,2115,12
2020-12-19,Ventura,111,848112,34928,30843,1356,32199,209
2020-12-19,Yolo,113,214977,7784,7025,47,7072,109
2020-12-19,Yuba,115,75493,3498,3168,34,3202,11
2020-12-18,Alameda,001,1643700,46753,42196,767,42963,515
2020-12-18,Alpine,003,1148,65,64,0,64,0
2020-12-18,Amador,005,37829,2126,1727,15,1742,20
2020-12-18,Butte,007,227075,6742,5891,652,6543,81
2020-12-18,Calaveras,009,45235,979,870,0,870,21
2020-12-18,Colusa,011,21464,1166,1068,50,1118,7
2020-12-18,Contra Costa,013,1133247,36432,33610,387,33997,300
2020-12-18,Del Norte,015,27424,683,627,0,627,2
2020-12-18,El Dorado,017,186661,5389,4494,195,4689,10
2020-12-18,Fresno,019,978130,61919,52643,3698,56341,613
2020-12-18,Glenn,021,27897,1383,1264,191,1455,9
2020-12-18,Humboldt,023,135768,1515,1331,6,1337,15
2020-12-18,Imperial,025,180216,21631,20430,885,21315,393
2020-12-18,Inyo,027,18085,557,454,7,461,17
2020-12-18,Kern,029,883053,59871,54220,3844,58064,533
2020-12-18,Kings,031,150075,15226,14284,444,14728,98
2020-12-18,Lake,033,64148,1642,1397,0,1397,20
2020-12-18,Lassen,035,31185,3922,3486,35,3521,1
2020-12-18,Los Angeles,037,10098052,656527,586413,15786,602199,8744
2020-12-18,Madera,039,155013,9567,8609,323,8932,63
2020-12-18,Marin,041,260295,9245,8799,59,8858,142
2020-12-18,Mariposa,043,17540,204,176,2,178,3
2020-12-18,Mendocino,045,87422,2197,1977,18,1995,24
2020-12-18,Merced,047,269075,17285,15956,262,16218,195
2020-12-18,Modoc,049,8938,219,179,66,245,0
2020-12-18,Mono,051,14174,813,731,12,743,3
2020-12-18,Monterey,053,433212,24640,22336,570,22906,165
2020-12-18,Napa,055,140530,5242,4688,24,4712,23
2020-12-18,Nevada,057,99092,2476,2220,77,2297,13
2020-12-18,Orange,059,3164182,138540,121681,4929,126610,1725
2020-12-18,Placer,061,380077,12776,10995,432,11427,104
2020-12-18,Plumas,063,18699,421,336,8,344,0
2020-12-18,Riverside,065,2383286,159100,142375,6158,148533,1733
2020-12-18,Sacramento,067,1510023,59120,53980,469,54449,736
2020-12-18,San Benito,069,59416,3120,2744,23,2767,21
2020-12-18,San Bernardino,071,2135413,173691,154272,4402,158674,1430
2020-12-18,San Diego,073,3302833,136755,120463,5935,126398,1253
2020-12-18,San Francisco,075,870044,21601,20315,188,20503,173
2020-12-18,San Joaquin,077,732212,41124,36484,1177,37661,559
2020-12-18,San Luis Obispo,079,281455,9538,8598,209,8807,62
2020-12-18,San Mateo,081,765935,22632,19971,60,20031,182
2020-12-18,Santa Barbara,083,443738,16005,14361,381,14742,148
2020-12-18,Santa Clara,085,1922200,61776,53992,233,54225,539
2020-12-18,Santa Cruz,087,273765,7981,6838,219,7057,68
2020-12-18,Shasta,089,179085,7597,7114,572,7686,62
2020-12-18,Sierra,091,2930,24,23,0,23,0
2020-12-18,Siskiyou,093,43540,947,840,85,925,2
2020-12-18,Solano,095,438530,16784,14667,155,14822,95
2020-12-18,Sonoma,097,501317,17518,16261,97,16358,173
2020-12-18,Stanislaus,099,539301,31786,28967,2607,31574,490
2020-12-18,Sutter,101,95872,5905,5399,41,5440,39
2020-12-18,Tehama,103,63373,2706,2523,210,2733,9
2020-12-18,Trinity,105,12862,394,215,54,269,2
2020-12-18,Tulare,107,460477,30846,28322,3073,31395,370
2020-12-18,Tuolumne,109,53932,2493,2067,8,2075,12
2020-12-18,Ventura,111,848112,34424,29907,1313,31220,209
2020-12-18,Yolo,113,214977,7716,6901,46,6947,109
2020-12-18,Yuba,115,75493,3440,3097,34,3131,11
2020-12-17,Alameda,001,1643700,45945,41548,734,42282,508
2020-12-17,Alpine,003,1148,65,64,0,64,0
2020-12-17,Amador,005,37829,2078,1703,13,1716,19
2020-12-17,Butte,007,227075,6616,5746,634,6380,78
2020-12-17,Calaveras,009,45235,956,848,0,848,21
2020-12-17,Colusa,011,21464,1155,1053,48,1101,7
2020-12-17,Contra Costa,013,1133247,35908,33006,354,33360,293
2020-12-17,Del Norte,015,27424,678,583,0,583,1
2020-12-17,El Dorado,017,186661,5244,4327,183,4510,9
2020-12-17,Fresno,019,978130,61056,49918,3572,53490,597
2020-12-17,Glenn,021,27897,1359,1244,184,1428,9
2020-12-17,Humboldt,023,135768,1482,1322,6,1328,14
2020-12-17,Imperial,025,180216,21466,20208,814,21022,391
2020-12-17,Inyo,027,18085,539,450,6,456,16
2020-12-17,Kern,029,883053,58914,53683,3710,57393,526
2020-12-17,Kings,031,150075,15123,14057,429,14486,98
2020-12-17,Lake,033,64148,1617,1374,0,1374,20
2020-12-17,Lassen,035,31185,3886,3417,35,3452,1
2020-12-17,Los Angeles,037,10098052,640880,571093,15232,586325,8657
2020-12-17,Madera,039,155013,9450,8465,319,8784,62
2020-12-17,Marin,041,260295,9181,8721,57,8778,142
2020-12-17,Mariposa,043,17540,200,172,2,174,3
2020-12-17,Mendocino,045,87422,2163,1942,18,1960,23
2020-12-17,Merced,047,269075,17022,15648,254,15902,192
2020-12-17,Modoc,049,8938,216,179,66,245,0
2020-12-17,Mono,051,14174,800,718,12,730,3
2020-12-17,Monterey,053,433212,24121,21951,555,22506,163
2020-12-17,Napa,055,140530,5130,4612,24,4636,23
2020-12-17,Nevada,057,99092,2435,2173,74,2247,13
2020-12-17,Orange,059,3164182,135159,118367,4793,123160,1725
2020-12-17,Placer,061,380077,12502,10756,418,11174,99
2020-12-17,Plumas,063,18699,412,324,8,332,0
2020-12-17,Riverside,065,2383286,155217,139325,5942,145267,1696
2020-12-17,Sacramento,067,1510023,58214,53189,446,53635,721
2020-12-17,San Benito,069,59416,3051,2645,22,2667,20
2020-12-17,San Bernardino,071,2135413,169756,149838,4285,154123,1425
2020-12-17,San Diego,073,3302833,133955,116852,5779,122631,1239
2020-12-17,San Francisco,075,870044,21314,19939,183,20122,170
2020-12-17,San Joaquin,077,732212,40397,35894,1140,37034,554
2020-12-17,San Luis Obispo,079,281455,9418,8365,207,8572,59
2020-12-17,San Mateo,081,765935,22261,19647,60,19707,181
2020-12-17,Santa Barbara,083,443738,15771,14207,374,14581,147
2020-12-17,Santa Clara,085,1922200,60608,52559,227,52786,527
2020-12-17,Santa Cruz,087,273765,7826,6687,205,6892,64
2020-12-17,Shasta,089,179085,7520,7000,553,7553,62
2020-12-17,Sierra,091,2930,23,23,0,23,0
2020-12-17,Siskiyou,093,43540,940,827,84,911,2
2020-12-17,Solano,095,438530,16478,14361,153,14514,96
2020-12-17,Sonoma,097,501317,17246,15993,96,16089,171
2020-12-17,Stanislaus,099,539301,31360,28582,2548,31130,489
2020-12-17,Sutter,101,95872,5806,5309,40,5349,39
2020-12-17,Tehama,103,63373,2658,2480,204,2684,9
2020-12-17,Trinity,105,12862,389,213,54,267,2
2020-12-17,Tulare,107,460477,30452,27852,2994,30846,358
2020-12-17,Tuolumne,109,53932,2202,1992,8,2000,11
2020-12-17,Ventura,111,848112,33814,29404,1276,30680,208
2020-12-17,Yolo,113,214977,7591,6800,45,6845,105
2020-12-17,Yuba,115,75493,3381,3035,32,3067,12
2020-12-16,Alameda,001,1643700,45090,40751,707,41458,497
2020-12-16,Alpine,003,1148,65,64,0,64,0
2020-12-16,Amador,005,37829,2031,1693,12,1705,19
2020-12-16,Butte,007,227075,6427,5659,605,6264,76
2020-12-16,Calaveras,009,45235,921,821,0,821,21
2020-12-16,Colusa,011,21464,1142,1038,43,1081,7
2020-12-16,Contra Costa,013,1133247,35351,32429,334,32763,293
2020-12-16,Del Norte,015,27424,676,575,0,575,1
2020-12-16,El Dorado,017,186661,5123,4237,174,4411,9
2020-12-16,Fresno,019,978130,60098,49173,3475,52648,584
2020-12-16,Glenn,021,27897,1341,1236,173,1409,9
2020-12-16,Humboldt,023,135768,1450,1308,5,1313,12
2020-12-16,Imperial,025,180216,21283,19980,747,20727,388
2020-12-16,Inyo,027,18085,526,444,6,450,16
2020-12-16,Kern,029,883053,58037,52896,3577,56473,522
2020-12-16,Kings,031,150075,14943,13734,412,14146,99
2020-12-16,Lake,033,64148,1577,1363,0,1363,20
2020-12-16,Lassen,035,31185,3853,3396,34,3430,1
2020-12-16,Los Angeles,037,10098052,624358,557907,14547,572454,8561
2020-12-16,Madera,039,155013,9325,8278,311,8589,62
2020-12-16,Marin,041,260295,9110,8641,57,8698,142
2020-12-16,Mariposa,043,17540,197,175,2,177,3
2020-12-16,Mendocino,045,87422,2128,1929,18,1947,23
2020-12-16,Merced,047,269075,16736,15443,250,15693,190
2020-12-16,Modoc,049,8938,213,178,66,244,0
2020-12-16,Mono,051,14174,781,702,12,714,3
2020-12-16,Monterey,053,433212,23563,21107,544,21651,163
2020-12-16,Napa,055,140530,5033,4544,24,4568,23
2020-12-16,Nevada,057,99092,2399,2149,72,2221,13
2020-12-16,Orange,059,3164182,131681,115260,4625,119885,1712
2020-12-16,Placer,061,380077,12265,10554,397,10951,96
2020-12-16,Plumas,063,18699,403,319,8,327,0
2020-12-16,Riverside,065,2383286,151092,135751,5694,141445,1664
2020-12-16,Sacramento,067,1510023,57242,52166,421,52587,715
2020-12-16,San Benito,069,59416,2960,2582,22,2604,20
2020-12-16,San Bernardino,071,2135413,165148,143565,4150,147715,1403
2020-12-16,San Diego,073,3302833,130851,114248,5625,119873,1217
2020-12-16,San Francisco,075,870044,21055,19624,183,19807,170
2020-12-16,San Joaquin,077,732212,39572,35010,1100,36110,547
2020-12-16,San Luis Obispo,079,281455,9222,8252,198,8450,58
2020-12-16,San Mateo,081,765935,21935,19292,56,19348,179
2020-12-16,Santa Barbara,083,443738,15525,13966,362,14328,144
2020-12-16,Santa Clara,085,1922200,59366,51502,224,51726,523
2020-12-16,Santa Cruz,087,273765,7642,6536,193,6729,63
2020-12-16,Shasta,089,179085,7447,6914,531,7445,62
2020-12-16,Sierra,091,2930,23,23,0,23,0
2020-12-16,Siskiyou,093,43540,932,818,84,902,2
2020-12-16,Solano,095,438530,16012,14157,149,14306,96
2020-12-16,Sonoma,097,501317,16990,15768,96,15864,170
2020-12-16,Stanislaus,099,539301,30856,28279,2475,30754,489
2020-12-16,Sutter,101,95872,5726,5223,40,5263,39
2020-12-16,Tehama,103,63373,2627,2441,178,2619,9
2020-12-16,Trinity,105,12862,383,212,54,266,2
2020-12-16,Tulare,107,460477,30029,27500,2894,30394,352
2020-12-16,Tuolumne,109,53932,2160,1941,8,1949,11
2020-12-16,Ventura,111,848112,33040,28566,1233,29799,203
2020-12-16,Yolo,113,214977,7462,6649,44,6693,103
2020-12-16,Yuba,115,75493,3295,2980,31,3011,11
2020-12-15,Alameda,001,1643700,44233,40026,685,40711,492
2020-12-15,Alpine,003,1148,65,64,0,64,0
2020-12-15,Amador,005,37829,1918,1669,10,1679,19
2020-12-15,Butte,007,227075,6289,5565,576,6141,75
2020-12-15,Calaveras,009,45235,889,799,0,799,21
2020-12-15,Colusa,011,21464,1129,1026,42,1068,7
2020-12-15,Contra Costa,013,1133247,34696,31423,320,31743,281
2020-12-15,Del Norte,015,27424,665,564,0,564,1
2020-12-15,El Dorado,017,186661,5015,4113,160,4273,9
2020-12-15,Fresno,019,978130,58724,47316,3341,50657,574
2020-12-15,Glenn,021,27897,1328,1207,157,1364,9
2020-12-15,Humboldt,023,135768,1430,1276,5,1281,12
2020-12-15,Imperial,025,180216,21064,19756,667,20423,380
2020-12-15,Inyo,027,18085,513,394,6,400,16
2020-12-15,Kern,029,883053,57025,52002,3474,55476,511
2020-12-15,Kings,031,150075,14779,13652,393,14045,97
2020-12-15,Lake,033,64148,1552,1341,0,1341,21
2020-12-15,Lassen,035,31185,3681,3378,33,3411,1
2020-12-15,Los Angeles,037,10098052,607996,536258,13910,550168,8429
2020-12-15,Madera,039,155013,9171,8118,304,8422,60
2020-12-15,Marin,041,260295,9003,8528,55,8583,141
2020-12-15,Mariposa,043,17540,193,171,2,173,3
2020-12-15,Mendocino,045,87422,2101,1883,18,1901,24
2020-12-15,Merced,047,269075,16441,15120,247,15367,190
2020-12-15,Modoc,049,8938,211,179,66,245,0
2020-12-15,Mono,051,14174,765,702,12,714,3
2020-12-15,Monterey,053,433212,22964,19905,483,20388,161
2020-12-15,Napa,055,140530,4929,4440,24,4464,23
2020-12-15,Nevada,057,99092,2366,2117,70,2187,11
2020-12-15,Orange,059,3164182,128026,112893,4472,117365,1689
2020-12-15,Placer,061,380077,12031,10301,375,10676,95
2020-12-15,Plumas,063,18699,398,313,8,321,0
2020-12-15,Riverside,065,2383286,147033,131822,5415,137237,1624
2020-12-15,Sacramento,067,1510023,56225,51076,408,51484,703
2020-12-15,San Benito,069,59416,2880,2520,21,2541,19
2020-12-15,San Bernardino,071,2135413,160691,137548,3998,141546,1351
2020-12-15,San Diego,073,3302833,127285,111441,5462,116903,1194
2020-12-15,San Francisco,075,870044,20746,19283,180,19463,171
2020-12-15,San Joaquin,077,732212,38648,33849,1063,34912,537
2020-12-15,San Luis Obispo,079,281455,9113,8074,195,8269,55
2020-12-15,San Mateo,081,765935,21525,18907,54,18961,178
2020-12-15,Santa Barbara,083,443738,15300,13782,354,14136,144
2020-12-15,Santa Clara,085,1922200,57931,50311,221,50532,505
2020-12-15,Santa Cruz,087,273765,7458,6361,178,6539,59
2020-12-15,Shasta,089,179085,7389,6794,506,7300,54
2020-12-15,Sierra,091,2930,23,23,0,23,0
2020-12-15,Siskiyou,093,43540,923,812,83,895,2
2020-12-15,Solano,095,438530,15662,13796,149,13945,95
2020-12-15,Sonoma,097,501317,16769,15406,96,15502,167
2020-12-15,Stanislaus,099,539301,30344,27823,2394,30217,485
2020-12-15,Sutter,101,95872,5628,5080,39,5119,36
2020-12-15,Tehama,103,63373,2590,2392,173,2565,9
2020-12-15,Trinity,105,12862,375,213,52,265,1
2020-12-15,Tulare,107,460477,29540,27026,2804,29830,342
2020-12-15,Tuolumne,109,53932,2130,1874,8,1882,8
2020-12-15,Ventura,111,848112,32418,27936,1186,29122,201
2020-12-15,Yolo,113,214977,7339,6531,42,6573,104
2020-12-15,Yuba,115,75493,3201,2891,30,2921,11
2020-12-14,Alameda,001,1643700,43339,39252,666,39918,487
2020-12-14,Alpine,003,1148,65,63,0,63,0
2020-12-14,Amador,005,37829,1846,1609,10,1619,19
2020-12-14,Butte,007,227075,6121,5202,559,5761,75
2020-12-14,Calaveras,009,45235,851,718,0,718,21
2020-12-14,Colusa,011,21464,1105,949,41,990,7
2020-12-14,Contra Costa,013,1133247,33998,30594,306,30900,281
2020-12-14,Del Norte,015,27424,659,560,0,560,1
2020-12-14,El Dorado,017,186661,4859,4018,144,4162,9
2020-12-14,Fresno,019,978130,57699,44726,3161,47887,560
2020-12-14,Glenn,021,27897,1302,1186,149,1335,9
2020-12-14,Humboldt,023,135768,1417,1256,5,1261,9
2020-12-14,Imperial,025,180216,20826,19608,589,20197,379
2020-12-14,Inyo,027,18085,499,382,6,388,16
2020-12-14,Kern,029,883053,55988,50538,3353,53891,510
2020-12-14,Kings,031,150075,14594,13491,366,13857,97
2020-12-14,Lake,033,64148,1503,1301,0,1301,21
2020-12-14,Lassen,035,31185,3582,2905,30,2935,1
2020-12-14,Los Angeles,037,10098052,590379,524668,13266,537934,8340
2020-12-14,Madera,039,155013,8904,8011,295,8306,60
2020-12-14,Marin,041,260295,8920,8475,53,8528,141
2020-12-14,Mariposa,043,17540,192,171,2,173,3
2020-12-14,Mendocino,045,87422,2080,1845,18,1863,24
2020-12-14,Merced,047,269075,16035,14572,233,14805,189
2020-12-14,Modoc,049,8938,205,180,64,244,0
2020-12-14,Mono,051,14174,757,685,12,697,3
2020-12-14,Monterey,053,433212,22443,19154,477,19631,155
2020-12-14,Napa,055,140530,4836,4289,24,4313,22
2020-12-14,Nevada,057,99092,2327,2070,67,2137,11
2020-12-14,Orange,059,3164182,124136,108602,4336,112938,1688
2020-12-14,Placer,061,380077,11750,9551,364,9915,95
2020-12-14,Plumas,063,18699,386,309,8,317,0
2020-12-14,Riverside,065,2383286,142904,123715,5152,128867,1588
2020-12-14,Sacramento,067,1510023,55118,50304,383,50687,691
2020-12-14,San Benito,069,59416,2814,2467,20,2487,19
2020-12-14,San Bernardino,071,2135413,156247,129151,3870,133021,1347
2020-12-14,San Diego,073,3302833,123549,109578,5277,114855,1162
2020-12-14,San Francisco,075,870044,20370,18904,178,19082,171
2020-12-14,San Joaquin,077,732212,37804,32522,1017,33539,534
2020-12-14,San Luis Obispo,079,281455,8865,7791,191,7982,52
2020-12-14,San Mateo,081,765935,21026,18361,51,18412,178
2020-12-14,Santa Barbara,083,443738,15029,13587,346,13933,144
2020-12-14,Santa Clara,085,1922200,56369,49180,209,49389,502
2020-12-14,Santa Cruz,087,273765,7272,6049,163,6212,54
2020-12-14,Shasta,089,179085,7300,6665,487,7152,54
2020-12-14,Sierra,091,2930,23,21,0,21,0
2020-12-14,Siskiyou,093,43540,900,764,77,841,2
2020-12-14,Solano,095,438530,15300,13352,148,13500,93
2020-12-14,Sonoma,097,501317,16462,14807,95,14902,167
2020-12-14,Stanislaus,099,539301,29811,27311,2345,29656,485
2020-12-14,Sutter,101,95872,5523,5001,32,5033,35
2020-12-14,Tehama,103,63373,2546,2344,170,2514,9
2020-12-14,Trinity,105,12862,371,205,50,255,1
2020-12-14,Tulare,107,460477,29067,25735,2712,28447,341
2020-12-14,Tuolumne,109,53932,2077,1647,8,1655,8
2020-12-14,Ventura,111,848112,31495,27436,1127,28563,202
2020-12-14,Yolo,113,214977,7179,6389,41,6430,95
2020-12-14,Yuba,115,75493,3139,2851,30,2881,11
2020-12-13,Alameda,001,1643700,42145,38064,639,38703,486
2020-12-13,Alpine,003,1148,65,63,0,63,0
2020-12-13,Amador,005,37829,1790,1457,9,1466,19
2020-12-13,Butte,007,227075,5971,5103,517,5620,75
2020-12-13,Calaveras,009,45235,815,710,0,710,21
2020-12-13,Colusa,011,21464,1089,945,37,982,7
2020-12-13,Contra Costa,013,1133247,33270,29667,300,29967,281
2020-12-13,Del Norte,015,27424,606,542,0,542,1
2020-12-13,El Dorado,017,186661,4758,3770,133,3903,9
2020-12-13,Fresno,019,978130,56593,44114,3002,47116,559
2020-12-13,Glenn,021,27897,1289,1171,138,1309,9
2020-12-13,Humboldt,023,135768,1394,1238,4,1242,9
2020-12-13,Imperial,025,180216,20533,19472,461,19933,379
2020-12-13,Inyo,027,18085,478,380,6,386,16
2020-12-13,Kern,029,883053,54962,49051,3199,52250,510
2020-12-13,Kings,031,150075,14314,13357,348,13705,97
2020-12-13,Lake,033,64148,1460,1271,0,1271,21
2020-12-13,Lassen,035,31185,3475,2867,25,2892,1
2020-12-13,Los Angeles,037,10098052,572776,517472,12558,530030,8294
2020-12-13,Madera,039,155013,8722,7909,281,8190,60
2020-12-13,Marin,041,260295,8800,8409,53,8462,141
2020-12-13,Mariposa,043,17540,188,167,2,169,3
2020-12-13,Mendocino,045,87422,2046,1793,18,1811,24
2020-12-13,Merced,047,269075,15685,14384,230,14614,189
2020-12-13,Modoc,049,8938,192,179,58,237,0
2020-12-13,Mono,051,14174,741,675,12,687,3
2020-12-13,Monterey,053,433212,22020,18913,463,19376,153
2020-12-13,Napa,055,140530,4730,4194,24,4218,22
2020-12-13,Nevada,057,99092,2279,2030,65,2095,11
2020-12-13,Orange,059,3164182,120203,104768,4162,108930,1688
2020-12-13,Placer,061,380077,11436,9405,346,9751,95
2020-12-13,Plumas,063,18699,380,291,8,299,0
2020-12-13,Riverside,065,2383286,138775,119691,4889,124580,1581
2020-12-13,Sacramento,067,1510023,53846,49480,353,49833,682
2020-12-13,San Benito,069,59416,2744,2408,19,2427,19
2020-12-13,San Bernardino,071,2135413,151350,126718,3707,130425,1333
2020-12-13,San Diego,073,3302833,119949,107372,5108,112480,1162
2020-12-13,San Francisco,075,870044,20025,18686,169,18855,167
2020-12-13,San Joaquin,077,732212,37000,32170,976,33146,534
2020-12-13,San Luis Obispo,079,281455,8673,7625,183,7808,52
2020-12-13,San Mateo,081,765935,20535,18090,45,18135,177
2020-12-13,Santa Barbara,083,443738,14764,13249,331,13580,144
2020-12-13,Santa Clara,085,1922200,54943,47920,200,48120,499
2020-12-13,Santa Cruz,087,273765,7023,5986,152,6138,54
2020-12-13,Shasta,089,179085,7226,6647,461,7108,54
2020-12-13,Sierra,091,2930,23,21,0,21,0
2020-12-13,Siskiyou,093,43540,888,762,72,834,2
2020-12-13,Solano,095,438530,14861,13276,145,13421,93
2020-12-13,Sonoma,097,501317,16147,14495,94,14589,167
2020-12-13,Stanislaus,099,539301,29248,26569,2280,28849,485
2020-12-13,Sutter,101,95872,5396,4798,28,4826,34
2020-12-13,Tehama,103,63373,2500,2325,155,2480,9
2020-12-13,Trinity,105,12862,365,204,49,253,1
2020-12-13,Tulare,107,460477,28576,25496,2625,28121,340
2020-12-13,Tuolumne,109,53932,2015,1611,8,1619,8
2020-12-13,Ventura,111,848112,30492,26588,1064,27652,202
2020-12-13,Yolo,113,214977,6995,6265,35,6300,95
2020-12-13,Yuba,115,75493,3074,2754,27,2781,11
2020-12-12,Alameda,001,1643700,41702,37027,619,37646,486
2020-12-12,Alpine,003,1148,65,63,0,63,0
2020-12-12,Amador,005,37829,1762,1236,8,1244,19
2020-12-12,Butte,007,227075,5898,4972,505,5477,73
2020-12-12,Calaveras,009,45235,805,708,0,708,21
2020-12-12,Colusa,011,21464,1069,945,35,980,7
2020-12-12,Contra Costa,013,1133247,32927,29506,291,29797,281
2020-12-12,Del Norte,015,27424,598,529,0,529,1
2020-12-12,El Dorado,017,186661,4683,3706,116,3822,9
2020-12-12,Fresno,019,978130,56240,43756,2941,46697,559
2020-12-12,Glenn,021,27897,1281,1143,134,1277,8
2020-12-12,Humboldt,023,135768,1375,1208,4,1212,9
2020-12-12,Imperial,025,180216,20449,18947,403,19350,379
2020-12-12,Inyo,027,18085,474,380,6,386,16
2020-12-12,Kern,029,883053,54442,48194,3111,51305,507
2020-12-12,Kings,031,150075,14225,13205,344,13549,96
2020-12-12,Lake,033,64148,1444,1232,0,1232,21
2020-12-12,Lassen,035,31185,3452,2866,22,2888,1
2020-12-12,Los Angeles,037,10098052,565978,504317,12050,516367,8269
2020-12-12,Madera,039,155013,8595,7765,278,8043,59
2020-12-12,Marin,041,260295,8746,8363,52,8415,141
2020-12-12,Mariposa,043,17540,187,164,2,166,3
2020-12-12,Mendocino,045,87422,2010,1771,18,1789,24
2020-12-12,Merced,047,269075,15594,14181,226,14407,188
2020-12-12,Modoc,049,8938,191,169,55,224,0
2020-12-12,Mono,051,14174,734,640,12,652,3
2020-12-12,Monterey,053,433212,21909,18596,434,19030,151
2020-12-12,Napa,055,140530,4685,4113,24,4137,22
2020-12-12,Nevada,057,99092,2261,1981,63,2044,10
2020-12-12,Orange,059,3164182,118319,100468,4013,104481,1674
2020-12-12,Placer,061,380077,11271,9390,341,9731,95
2020-12-12,Plumas,063,18699,374,291,8,299,0
2020-12-12,Riverside,065,2383286,136718,118335,4683,123018,1579
2020-12-12,Sacramento,067,1510023,53261,48319,340,48659,673
2020-12-12,San Benito,069,59416,2688,2355,19,2374,19
2020-12-12,San Bernardino,071,2135413,149719,125741,3605,129346,1321
2020-12-12,San Diego,073,3302833,118328,104958,5011,109969,1151
2020-12-12,San Francisco,075,870044,19835,18413,165,18578,167
2020-12-12,San Joaquin,077,732212,36673,32200,945,33145,534
2020-12-12,San Luis Obispo,079,281455,8574,7462,177,7639,50
2020-12-12,San Mateo,081,765935,20314,17574,44,17618,177
2020-12-12,Santa Barbara,083,443738,14612,13174,323,13497,144
2020-12-12,Santa Clara,085,1922200,53992,45892,197,46089,498
2020-12-12,Santa Cruz,087,273765,6925,5905,143,6048,54
2020-12-12,Shasta,089,179085,7191,6551,443,6994,54
2020-12-12,Sierra,091,2930,23,21,0,21,0
2020-12-12,Siskiyou,093,43540,886,762,69,831,2
2020-12-12,Solano,095,438530,14663,12748,138,12886,93
2020-12-12,Sonoma,097,501317,16027,14466,94,14560,166
2020-12-12,Stanislaus,099,539301,28947,26246,2227,28473,483
2020-12-12,Sutter,101,95872,5334,4717,28,4745,32
2020-12-12,Tehama,103,63373,2482,2252,150,2402,9
2020-12-12,Trinity,105,12862,363,204,47,251,1
2020-12-12,Tulare,107,460477,28317,25333,2567,27900,341
2020-12-12,Tuolumne,109,53932,1972,1536,8,1544,8
2020-12-12,Ventura,111,848112,30048,25955,1031,26986,202
2020-12-12,Yolo,113,214977,6913,6116,33,6149,95
2020-12-12,Yuba,115,75493,3047,2692,26,2718,10
2020-12-11,Alameda,001,1643700,41136,36281,607,36888,482
2020-12-11,Alpine,003,1148,65,63,0,63,0
2020-12-11,Amador,005,37829,1746,1213,8,1221,19
2020-12-11,Butte,007,227075,5825,4941,486,5427,73
2020-12-11,Calaveras,009,45235,789,697,0,697,21
2020-12-11,Colusa,011,21464,1059,923,33,956,7
2020-12-11,Contra Costa,013,1133247,32503,29036,287,29323,282
2020-12-11,Del Norte,015,27424,592,505,0,505,1
2020-12-11,El Dorado,017,186661,4602,3669,101,3770,9
2020-12-11,Fresno,019,978130,55227,43071,2875,45946,550
2020-12-11,Glenn,021,27897,1265,1135,129,1264,8
2020-12-11,Humboldt,023,135768,1357,1190,4,1194,9
2020-12-11,Imperial,025,180216,20359,18599,359,18958,377
2020-12-11,Inyo,027,18085,462,372,6,378,16
2020-12-11,Kern,029,883053,53764,47664,3049,50713,502
2020-12-11,Kings,031,150075,14081,13118,340,13458,94
2020-12-11,Lake,033,64148,1431,1205,0,1205,21
2020-12-11,Lassen,035,31185,3440,2790,21,2811,1
2020-12-11,Los Angeles,037,10098052,554177,493592,11639,505231,8198
2020-12-11,Madera,039,155013,8504,7648,268,7916,59
2020-12-11,Marin,041,260295,8653,8317,51,8368,141
2020-12-11,Mariposa,043,17540,186,164,2,166,3
2020-12-11,Mendocino,045,87422,1987,1769,18,1787,24
2020-12-11,Merced,047,269075,15474,14038,218,14256,186
2020-12-11,Modoc,049,8938,191,168,54,222,0
2020-12-11,Mono,051,14174,724,631,12,643,3
2020-12-11,Monterey,053,433212,21608,18421,429,18850,150
2020-12-11,Napa,055,140530,4629,4054,24,4078,22
2020-12-11,Nevada,057,99092,2244,1959,60,2019,10
2020-12-11,Orange,059,3164182,116012,98357,3910,102267,1656
2020-12-11,Placer,061,380077,11109,8904,325,9229,93
2020-12-11,Plumas,063,18699,366,286,8,294,0
2020-12-11,Riverside,065,2383286,133650,115329,4462,119791,1573
2020-12-11,Sacramento,067,1510023,52600,47468,332,47800,669
2020-12-11,San Benito,069,59416,2637,2319,19,2338,19
2020-12-11,San Bernardino,071,2135413,147029,123092,3489,126581,1313
2020-12-11,San Diego,073,3302833,116368,102468,4928,107396,1137
2020-12-11,San Francisco,075,870044,19605,18246,164,18410,165
2020-12-11,San Joaquin,077,732212,36327,32044,917,32961,534
2020-12-11,San Luis Obispo,079,281455,8413,7415,175,7590,49
2020-12-11,San Mateo,081,765935,20043,17240,33,17273,177
2020-12-11,Santa Barbara,083,443738,14468,12997,315,13312,144
2020-12-11,Santa Clara,085,1922200,52986,45101,188,45289,494
2020-12-11,Santa Cruz,087,273765,6812,5764,134,5898,50
2020-12-11,Shasta,089,179085,7146,6459,436,6895,54
2020-12-11,Sierra,091,2930,23,19,0,19,0
2020-12-11,Siskiyou,093,43540,879,753,66,819,2
2020-12-11,Solano,095,438530,14477,12554,134,12688,92
2020-12-11,Sonoma,097,501317,15860,14298,92,14390,166
2020-12-11,Stanislaus,099,539301,28680,25928,2186,28114,464
2020-12-11,Sutter,101,95872,5271,4600,27,4627,30
2020-12-11,Tehama,103,63373,2452,2232,146,2378,9
2020-12-11,Trinity,105,12862,360,204,47,251,1
2020-12-11,Tulare,107,460477,27957,24953,2519,27472,338
2020-12-11,Tuolumne,109,53932,1958,1510,8,1518,8
2020-12-11,Ventura,111,848112,29442,24999,1009,26008,202
2020-12-11,Yolo,113,214977,6807,6006,32,6038,95
2020-12-11,Yuba,115,75493,2987,2649,25,2674,10
2020-12-10,Alameda,001,1643700,40366,35686,585,36271,477
2020-12-10,Alpine,003,1148,65,63,0,63,0
2020-12-10,Amador,005,37829,1689,1191,8,1199,18
2020-12-10,Butte,007,227075,5709,4863,459,5322,72
2020-12-10,Calaveras,009,45235,771,684,0,684,21
2020-12-10,Colusa,011,21464,1036,909,28,937,7
2020-12-10,Contra Costa,013,1133247,31822,28413,281,28694,276
2020-12-10,Del Norte,015,27424,582,501,0,501,1
2020-12-10,El Dorado,017,186661,4484,3557,96,3653,9
2020-12-10,Fresno,019,978130,54246,42461,2732,45193,540
2020-12-10,Glenn,021,27897,1245,1126,120,1246,8
2020-12-10,Humboldt,023,135768,1337,1140,4,1144,9
2020-12-10,Imperial,025,180216,20143,18333,280,18613,370
2020-12-10,Inyo,027,18085,441,365,6,371,15
2020-12-10,Kern,029,883053,52780,47176,2882,50058,499
2020-12-10,Kings,031,150075,13923,12993,334,13327,92
2020-12-10,Lake,033,64148,1390,1167,0,1167,21
2020-12-10,Lassen,035,31185,3418,2764,17,2781,0
2020-12-10,Los Angeles,037,10098052,540218,480354,11112,491466,8149
2020-12-10,Madera,039,155013,8398,7445,253,7698,59
2020-12-10,Marin,041,260295,8600,8245,50,8295,140
2020-12-10,Mariposa,043,17540,185,160,2,162,3
2020-12-10,Mendocino,045,87422,1961,1748,15,1763,24
2020-12-10,Merced,047,269075,15228,13756,215,13971,186
2020-12-10,Modoc,049,8938,186,165,52,217,0
2020-12-10,Mono,051,14174,719,601,12,613,3
2020-12-10,Monterey,053,433212,21127,18266,419,18685,145
2020-12-10,Napa,055,140530,4543,3974,23,3997,22
2020-12-10,Nevada,057,99092,2208,1919,60,1979,10
2020-12-10,Orange,059,3164182,112915,95297,3746,99043,1651
2020-12-10,Placer,061,380077,10856,8906,307,9213,90
2020-12-10,Plumas,063,18699,355,281,8,289,0
2020-12-10,Riverside,065,2383286,129965,112794,4193,116987,1552
2020-12-10,Sacramento,067,1510023,51702,46471,311,46782,664
2020-12-10,San Benito,069,59416,2577,2268,18,2286,19
2020-12-10,San Bernardino,071,2135413,142800,120186,3315,123501,1306
2020-12-10,San Diego,073,3302833,113843,99601,4779,104380,1114
2020-12-10,San Francisco,075,870044,19293,17945,156,18101,164
2020-12-10,San Joaquin,077,732212,35692,31228,887,32115,534
2020-12-10,San Luis Obispo,079,281455,8250,7245,164,7409,49
2020-12-10,San Mateo,081,765935,19598,16701,23,16724,177
2020-12-10,Santa Barbara,083,443738,14292,12788,306,13094,143
2020-12-10,Santa Clara,085,1922200,51848,43939,173,44112,491
2020-12-10,Santa Cruz,087,273765,6645,5645,121,5766,48
2020-12-10,Shasta,089,179085,7078,6312,411,6723,53
2020-12-10,Sierra,091,2930,23,18,0,18,0
2020-12-10,Siskiyou,093,43540,869,712,65,777,2
2020-12-10,Solano,095,438530,14110,12017,128,12145,90
2020-12-10,Sonoma,097,501317,15605,14282,91,14373,167
2020-12-10,Stanislaus,099,539301,28216,25582,2117,27699,464
2020-12-10,Sutter,101,95872,5141,4528,25,4553,27
2020-12-10,Tehama,103,63373,2409,2190,136,2326,9
2020-12-10,Trinity,105,12862,356,202,45,247,1
2020-12-10,Tulare,107,460477,27503,24506,2453,26959,337
2020-12-10,Tuolumne,109,53932,1716,1451,8,1459,8
2020-12-10,Ventura,111,848112,28591,24075,965,25040,202
2020-12-10,Yolo,113,214977,6687,5896,31,5927,95
2020-12-10,Yuba,115,75493,2923,2604,24,2628,10
2020-12-09,Alameda,001,1643700,39522,35047,563,35610,470
2020-12-09,Alpine,003,1148,65,58,0,58,0
2020-12-09,Amador,005,37829,1646,1121,8,1129,19
2020-12-09,Butte,007,227075,5566,4733,439,5172,70
2020-12-09,Calaveras,009,45235,744,670,0,670,21
2020-12-09,Colusa,011,21464,1021,896,27,923,7
2020-12-09,Contra Costa,013,1133247,31116,28308,270,28578,273
2020-12-09,Del Norte,015,27424,569,481,0,481,2
2020-12-09,El Dorado,017,186661,4349,3449,88,3537,8
2020-12-09,Fresno,019,978130,53245,41954,2578,44532,533
2020-12-09,Glenn,021,27897,1231,1107,114,1221,8
2020-12-09,Humboldt,023,135768,1305,1086,4,1090,10
2020-12-09,Imperial,025,180216,19889,17757,243,18000,368
2020-12-09,Inyo,027,18085,428,356,6,362,15
2020-12-09,Kern,029,883053,51621,46379,2740,49119,494
2020-12-09,Kings,031,150075,13778,12716,326,13042,92
2020-12-09,Lake,033,64148,1363,1158,0,1158,20
2020-12-09,Lassen,035,31185,3349,2331,15,2346,0
2020-12-09,Los Angeles,037,10098052,526745,467971,10561,478532,8075
2020-12-09,Madera,039,155013,8285,7216,250,7466,59
2020-12-09,Marin,041,260295,8538,8182,49,8231,138
2020-12-09,Mariposa,043,17540,183,154,2,156,3
2020-12-09,Mendocino,045,87422,1935,1703,14,1717,24
2020-12-09,Merced,047,269075,14989,13588,208,13796,183
2020-12-09,Modoc,049,8938,181,146,43,189,0
2020-12-09,Mono,051,14174,707,601,12,613,3
2020-12-09,Monterey,053,433212,20727,17891,411,18302,143
2020-12-09,Napa,055,140530,4458,3858,22,3880,21
2020-12-09,Nevada,057,99092,2155,1864,60,1924,10
2020-12-09,Orange,059,3164182,109825,93763,3574,97337,1629
2020-12-09,Placer,061,380077,10594,8588,293,8881,85
2020-12-09,Plumas,063,18699,347,271,8,279,0
2020-12-09,Riverside,065,2383286,126268,110376,3986,114362,1543
2020-12-09,Sacramento,067,1510023,50639,45284,284,45568,659
2020-12-09,San Benito,069,59416,2504,2217,16,2233,19
2020-12-09,San Bernardino,071,2135413,138522,114516,3121,117637,1305
2020-12-09,San Diego,073,3302833,110863,97551,4640,102191,1103
2020-12-09,San Francisco,075,870044,18993,17628,155,17783,163
2020-12-09,San Joaquin,077,732212,34874,30539,862,31401,531
2020-12-09,San Luis Obispo,079,281455,8031,7105,156,7261,47
2020-12-09,San Mateo,081,765935,19147,16422,22,16444,175
2020-12-09,Santa Barbara,083,443738,14091,12630,296,12926,142
2020-12-09,Santa Clara,085,1922200,50701,42912,157,43069,489
2020-12-09,Santa Cruz,087,273765,6486,5527,106,5633,47
2020-12-09,Shasta,089,179085,7013,6105,396,6501,52
2020-12-09,Sierra,091,2930,23,18,0,18,0
2020-12-09,Siskiyou,093,43540,858,713,64,777,2
2020-12-09,Solano,095,438530,13762,11862,120,11982,90
2020-12-09,Sonoma,097,501317,15349,13994,88,14082,164
2020-12-09,Stanislaus,099,539301,27719,25157,2056,27213,463
2020-12-09,Sutter,101,95872,5023,4418,21,4439,24
2020-12-09,Tehama,103,63373,2373,2102,132,2234,9
2020-12-09,Trinity,105,12862,348,199,42,241,0
2020-12-09,Tulare,107,460477,26907,24124,2375,26499,334
2020-12-09,Tuolumne,109,53932,1683,1319,8,1327,8
2020-12-09,Ventura,111,848112,27728,23830,923,24753,201
2020-12-09,Yolo,113,214977,6563,5760,29,5789,95
2020-12-09,Yuba,115,75493,2855,2513,23,2536,10
2020-12-08,Alameda,001,1643700,38622,34373,547,34920,469
2020-12-08,Alpine,003,1148,64,53,0,53,0
2020-12-08,Amador,005,37829,1360,1043,8,1051,17
2020-12-08,Butte,007,227075,5407,4651,398,5049,70
2020-12-08,Calaveras,009,45235,720,657,0,657,21
2020-12-08,Colusa,011,21464,1005,875,26,901,6
2020-12-08,Contra Costa,013,1133247,30413,27926,254,28180,270
2020-12-08,Del Norte,015,27424,553,465,0,465,2
2020-12-08,El Dorado,017,186661,4225,3296,75,3371,8
2020-12-08,Fresno,019,978130,51982,41574,2420,43994,529
2020-12-08,Glenn,021,27897,1211,1094,106,1200,8
2020-12-08,Humboldt,023,135768,1279,1059,4,1063,10
2020-12-08,Imperial,025,180216,19372,17568,234,17802,363
2020-12-08,Inyo,027,18085,405,333,6,339,15
2020-12-08,Kern,029,883053,50328,45116,2584,47700,487
2020-12-08,Kings,031,150075,13624,12623,317,12940,90
2020-12-08,Lake,033,64148,1322,1127,0,1127,20
2020-12-08,Lassen,035,31185,3193,2165,15,2180,0
2020-12-08,Los Angeles,037,10098052,514061,459738,10077,469815,8004
2020-12-08,Madera,039,155013,8154,7082,237,7319,59
2020-12-08,Marin,041,260295,8458,8099,48,8147,137
2020-12-08,Mariposa,043,17540,179,150,2,152,2
2020-12-08,Mendocino,045,87422,1894,1666,14,1680,23
2020-12-08,Merced,047,269075,14679,13380,207,13587,181
2020-12-08,Modoc,049,8938,173,138,40,178,0
2020-12-08,Mono,051,14174,693,597,12,609,3
2020-12-08,Monterey,053,433212,20154,17752,404,18156,134
2020-12-08,Napa,055,140530,4370,3778,21,3799,22
2020-12-08,Nevada,057,99092,2101,1809,57,1866,11
2020-12-08,Orange,059,3164182,106604,91406,3409,94815,1629
2020-12-08,Placer,061,380077,10326,8224,288,8512,82
2020-12-08,Plumas,063,18699,337,258,8,266,0
2020-12-08,Riverside,065,2383286,122907,107620,3806,111426,1514
2020-12-08,Sacramento,067,1510023,49575,44635,268,44903,649
2020-12-08,San Benito,069,59416,2451,2180,16,2196,18
2020-12-08,San Bernardino,071,2135413,134174,110676,2995,113671,1301
2020-12-08,San Diego,073,3302833,107492,95447,4483,99930,1088
2020-12-08,San Francisco,075,870044,18683,17384,153,17537,162
2020-12-08,San Joaquin,077,732212,33979,30225,829,31054,530
2020-12-08,San Luis Obispo,079,281455,7902,6903,145,7048,45
2020-12-08,San Mateo,081,765935,18747,16305,22,16327,175
2020-12-08,Santa Barbara,083,443738,13906,12516,287,12803,141
2020-12-08,Santa Clara,085,1922200,49394,41309,148,41457,484
2020-12-08,Santa Cruz,087,273765,6308,5374,104,5478,45
2020-12-08,Shasta,089,179085,6904,5946,388,6334,50
2020-12-08,Sierra,091,2930,22,18,0,18,0
2020-12-08,Siskiyou,093,43540,844,704,62,766,2
2020-12-08,Solano,095,438530,13360,11669,118,11787,89
2020-12-08,Sonoma,097,501317,15090,13601,87,13688,164
2020-12-08,Stanislaus,099,539301,27228,24793,1993,26786,461
2020-12-08,Sutter,101,95872,4927,4342,20,4362,24
2020-12-08,Tehama,103,63373,2293,2057,124,2181,9
2020-12-08,Trinity,105,12862,339,198,41,239,0
2020-12-08,Tulare,107,460477,26303,23607,2312,25919,330
2020-12-08,Tuolumne,109,53932,1659,1264,8,1272,7
2020-12-08,Ventura,111,848112,27065,23665,880,24545,195
2020-12-08,Yolo,113,214977,6432,5560,29,5589,90
2020-12-08,Yuba,115,75493,2778,2477,23,2500,10
2020-12-07,Alameda,001,1643700,37756,33887,512,34399,466
2020-12-07,Alpine,003,1148,63,53,0,53,0
2020-12-07,Amador,005,37829,1285,993,7,1000,17
2020-12-07,Butte,007,227075,5271,4604,376,4980,67
2020-12-07,Calaveras,009,45235,688,606,0,606,21
2020-12-07,Colusa,011,21464,980,825,24,849,6
2020-12-07,Contra Costa,013,1133247,29799,27307,241,27548,270
2020-12-07,Del Norte,015,27424,541,424,0,424,2
2020-12-07,El Dorado,017,186661,4046,3275,68,3343,8
2020-12-07,Fresno,019,978130,50508,41098,2297,43395,526
2020-12-07,Glenn,021,27897,1192,1085,100,1185,8
2020-12-07,Humboldt,023,135768,1244,1023,4,1027,9
2020-12-07,Imperial,025,180216,18950,17234,220,17454,364
2020-12-07,Inyo,027,18085,390,333,6,339,15
2020-12-07,Kern,029,883053,49304,44409,2448,46857,486
2020-12-07,Kings,031,150075,13481,12412,307,12719,90
2020-12-07,Lake,033,64148,1293,1090,0,1090,20
2020-12-07,Lassen,035,31185,3096,2167,15,2182,0
2020-12-07,Los Angeles,037,10098052,500406,451052,9633,460685,7937
2020-12-07,Madera,039,155013,7889,6935,232,7167,59
2020-12-07,Marin,041,260295,8400,8049,47,8096,136
2020-12-07,Mariposa,043,17540,176,146,2,148,2
2020-12-07,Mendocino,045,87422,1858,1638,12,1650,23
2020-12-07,Merced,047,269075,14320,13250,197,13447,179
2020-12-07,Modoc,049,8938,166,128,37,165,0
2020-12-07,Mono,051,14174,680,590,12,602,3
2020-12-07,Monterey,053,433212,19673,17746,392,18138,132
2020-12-07,Napa,055,140530,4279,3684,21,3705,21
2020-12-07,Nevada,057,99092,2052,1777,56,1833,11
2020-12-07,Orange,059,3164182,103342,89793,3290,93083,1628
2020-12-07,Placer,061,380077,9999,7911,274,8185,82
2020-12-07,Plumas,063,18699,325,256,5,261,0
2020-12-07,Riverside,065,2383286,119709,102363,3623,105986,1491
2020-12-07,Sacramento,067,1510023,48479,43419,250,43669,638
2020-12-07,San Benito,069,59416,2400,2165,15,2180,18
2020-12-07,San Bernardino,071,2135413,130226,108161,2876,111037,1295
2020-12-07,San Diego,073,3302833,104703,94171,4302,98473,1062
2020-12-07,San Francisco,075,870044,18392,17220,145,17365,161
2020-12-07,San Joaquin,077,732212,33104,28188,802,28990,530
2020-12-07,San Luis Obispo,079,281455,7720,6782,138,6920,45
2020-12-07,San Mateo,081,765935,18306,16029,21,16050,175
2020-12-07,Santa Barbara,083,443738,13665,12362,277,12639,141
2020-12-07,Santa Clara,085,1922200,48007,40621,139,40760,484
2020-12-07,Santa Cruz,087,273765,6143,5152,99,5251,41
2020-12-07,Shasta,089,179085,6780,5742,373,6115,50
2020-12-07,Sierra,091,2930,20,18,0,18,0
2020-12-07,Siskiyou,093,43540,817,652,62,714,2
2020-12-07,Solano,095,438530,13020,11354,114,11468,89
2020-12-07,Sonoma,097,501317,14805,13376,87,13463,164
2020-12-07,Stanislaus,099,539301,26669,24479,1941,26420,454
2020-12-07,Sutter,101,95872,4786,4106,20,4126,24
2020-12-07,Tehama,103,63373,2239,2030,119,2149,9
2020-12-07,Trinity,105,12862,335,194,41,235,0
2020-12-07,Tulare,107,460477,25768,22760,2255,25015,328
2020-12-07,Tuolumne,109,53932,1574,1256,7,1263,7
2020-12-07,Ventura,111,848112,26478,23354,844,24198,191
2020-12-07,Yolo,113,214977,6268,5537,28,5565,90
2020-12-07,Yuba,115,75493,2710,2428,21,2449,10
2020-12-06,Alameda,001,1643700,36769,33477,492,33969,465
2020-12-06,Alpine,003,1148,59,53,0,53,0
2020-12-06,Amador,005,37829,1222,952,6,958,17
2020-12-06,Butte,007,227075,5118,4527,342,4869,67
2020-12-06,Calaveras,009,45235,669,606,0,606,21
2020-12-06,Colusa,011,21464,963,824,21,845,6
2020-12-06,Contra Costa,013,1133247,29193,26566,234,26800,270
2020-12-06,Del Norte,015,27424,486,414,0,414,2
2020-12-06,El Dorado,017,186661,3909,3086,63,3149,8
2020-12-06,Fresno,019,978130,49553,40869,2179,43048,526
2020-12-06,Glenn,021,27897,1182,1067,96,1163,8
2020-12-06,Humboldt,023,135768,1219,1004,4,1008,9
2020-12-06,Imperial,025,180216,18640,16922,211,17133,364
2020-12-06,Inyo,027,18085,377,333,6,339,15
2020-12-06,Kern,029,883053,48316,43899,2277,46176,486
2020-12-06,Kings,031,150075,13209,12056,290,12346,90
2020-12-06,Lake,033,64148,1255,1075,0,1075,20
2020-12-06,Lassen,035,31185,2992,2168,13,2181,0
2020-12-06,Los Angeles,037,10098052,486824,443230,9186,452416,7910
2020-12-06,Madera,039,155013,7718,6826,224,7050,59
2020-12-06,Marin,041,260295,8319,8013,45,8058,136
2020-12-06,Mariposa,043,17540,175,144,2,146,2
2020-12-06,Mendocino,045,87422,1818,1614,12,1626,23
2020-12-06,Merced,047,269075,13985,12928,188,13116,179
2020-12-06,Modoc,049,8938,153,125,29,154,0
2020-12-06,Mono,051,14174,658,586,10,596,3
2020-12-06,Monterey,053,433212,19053,17426,382,17808,130
2020-12-06,Napa,055,140530,4167,3644,21,3665,21
2020-12-06,Nevada,057,99092,1993,1710,53,1763,10
2020-12-06,Orange,059,3164182,100275,87737,3160,90897,1627
2020-12-06,Placer,061,380077,9718,7837,253,8090,82
2020-12-06,Plumas,063,18699,312,254,4,258,0
2020-12-06,Riverside,065,2383286,116616,100088,3399,103487,1482
2020-12-06,Sacramento,067,1510023,47238,42808,234,43042,638
2020-12-06,San Benito,069,59416,2363,2135,15,2150,18
2020-12-06,San Bernardino,071,2135413,126083,106927,2719,109646,1286
2020-12-06,San Diego,073,3302833,101671,92173,4148,96321,1062
2020-12-06,San Francisco,075,870044,18070,17107,137,17244,161
2020-12-06,San Joaquin,077,732212,32270,28188,773,28961,530
2020-12-06,San Luis Obispo,079,281455,7554,6723,133,6856,45
2020-12-06,San Mateo,081,765935,17801,15855,18,15873,175
2020-12-06,Santa Barbara,083,443738,13435,12252,268,12520,141
2020-12-06,Santa Clara,085,1922200,46631,39112,133,39245,482
2020-12-06,Santa Cruz,087,273765,5969,5069,93,5162,40
2020-12-06,Shasta,089,179085,6639,5743,351,6094,49
2020-12-06,Sierra,091,2930,20,17,0,17,0
2020-12-06,Siskiyou,093,43540,799,652,60,712,2
2020-12-06,Solano,095,438530,12733,11354,104,11458,88
2020-12-06,Sonoma,097,501317,14516,13238,86,13324,164
2020-12-06,Stanislaus,099,539301,26117,24036,1877,25913,454
2020-12-06,Sutter,101,95872,4670,4009,19,4028,21
2020-12-06,Tehama,103,63373,2180,1982,111,2093,9
2020-12-06,Trinity,105,12862,328,181,39,220,0
2020-12-06,Tulare,107,460477,25242,22756,2187,24943,327
2020-12-06,Tuolumne,109,53932,1478,1210,7,1217,7
2020-12-06,Ventura,111,848112,25936,23035,817,23852,191
2020-12-06,Yolo,113,214977,6107,5465,23,5488,90
2020-12-06,Yuba,115,75493,2666,2340,20,2360,10
2020-12-05,Alameda,001,1643700,36410,32781,481,33262,465
2020-12-05,Alpine,003,1148,58,53,0,53,0
2020-12-05,Amador,005,37829,1198,847,6,853,17
2020-12-05,Butte,007,227075,5050,4455,323,4778,66
2020-12-05,Calaveras,009,45235,657,606,0,606,21
2020-12-05,Colusa,011,21464,945,825,18,843,6
2020-12-05,Contra Costa,013,1133247,28901,26217,227,26444,270
2020-12-05,Del Norte,015,27424,480,408,0,408,2
2020-12-05,El Dorado,017,186661,3844,3061,58,3119,8
2020-12-05,Fresno,019,978130,49233,40568,2124,42692,525
2020-12-05,Glenn,021,27897,1169,1056,90,1146,8
2020-12-05,Humboldt,023,135768,1186,979,4,983,9
2020-12-05,Imperial,025,180216,18474,16544,209,16753,362
2020-12-05,Inyo,027,18085,372,332,6,338,15
2020-12-05,Kern,029,883053,47853,43332,2190,45522,484
2020-12-05,Kings,031,150075,13128,11898,287,12185,90
2020-12-05,Lake,033,64148,1230,1069,0,1069,20
2020-12-05,Lassen,035,31185,2801,2168,11,2179,0
2020-12-05,Los Angeles,037,10098052,481027,433120,8866,441986,7888
2020-12-05,Madera,039,155013,7625,6619,217,6836,59
2020-12-05,Marin,041,260295,8292,7961,45,8006,136
2020-12-05,Mariposa,043,17540,170,143,2,145,2
2020-12-05,Mendocino,045,87422,1779,1585,12,1597,23
2020-12-05,Merced,047,269075,13878,12747,177,12924,180
2020-12-05,Modoc,049,8938,153,118,28,146,0
2020-12-05,Mono,051,14174,653,554,10,564,3
2020-12-05,Monterey,053,433212,18907,17077,378,17455,127
2020-12-05,Napa,055,140530,4097,3565,21,3586,21
2020-12-05,Nevada,057,99092,1978,1642,51,1693,10
2020-12-05,Orange,059,3164182,98817,85735,3064,88799,1612
2020-12-05,Placer,061,380077,9598,7811,244,8055,78
2020-12-05,Plumas,063,18699,305,246,1,247,0
2020-12-05,Riverside,065,2383286,115004,98612,3221,101833,1477
2020-12-05,Sacramento,067,1510023,46570,41878,219,42097,625
2020-12-05,San Benito,069,59416,2319,2073,15,2088,18
2020-12-05,San Bernardino,071,2135413,124560,105382,2589,107971,1283
2020-12-05,San Diego,073,3302833,100320,90470,4067,94537,1055
2020-12-05,San Francisco,075,870044,17886,16786,133,16919,161
2020-12-05,San Joaquin,077,732212,32006,28105,740,28845,523
2020-12-05,San Luis Obispo,079,281455,7487,6623,130,6753,44
2020-12-05,San Mateo,081,765935,17543,15512,18,15530,175
2020-12-05,Santa Barbara,083,443738,13335,12107,262,12369,141
2020-12-05,Santa Clara,085,1922200,45893,38339,128,38467,474
2020-12-05,Santa Cruz,087,273765,5895,4997,91,5088,40
2020-12-05,Shasta,089,179085,6578,5653,340,5993,49
2020-12-05,Sierra,091,2930,20,17,0,17,0
2020-12-05,Siskiyou,093,43540,791,649,59,708,2
2020-12-05,Solano,095,438530,12564,11351,102,11453,87
2020-12-05,Sonoma,097,501317,14420,13137,86,13223,164
2020-12-05,Stanislaus,099,539301,25804,23662,1842,25504,454
2020-12-05,Sutter,101,95872,4603,3937,19,3956,20
2020-12-05,Tehama,103,63373,2164,1926,109,2035,9
2020-12-05,Trinity,105,12862,327,177,39,216,0
2020-12-05,Tulare,107,460477,25026,22660,2128,24788,324
2020-12-05,Tuolumne,109,53932,1421,1180,7,1187,7
2020-12-05,Ventura,111,848112,25565,22710,803,23513,191
2020-12-05,Yolo,113,214977,6030,5351,22,5373,90
2020-12-05,Yuba,115,75493,2629,2275,20,2295,10
2020-12-04,Alameda,001,1643700,35861,31871,468,32339,465
2020-12-04,Alpine,003,1148,58,53,0,53,0
2020-12-04,Amador,005,37829,1184,766,3,769,16
2020-12-04,Butte,007,227075,4978,4336,303,4639,65
2020-12-04,Calaveras,009,45235,652,585,0,585,21
2020-12-04,Colusa,011,21464,931,790,17,807,6
2020-12-04,Contra Costa,013,1133247,28556,25705,215,25920,264
2020-12-04,Del Norte,015,27424,469,401,0,401,2
2020-12-04,El Dorado,017,186661,3756,2933,55,2988,7
2020-12-04,Fresno,019,978130,48524,40108,2056,42164,522
2020-12-04,Glenn,021,27897,1163,1017,82,1099,8
2020-12-04,Humboldt,023,135768,1168,960,4,964,9
2020-12-04,Imperial,025,180216,18232,16484,209,16693,362
2020-12-04,Inyo,027,18085,364,324,6,330,15
2020-12-04,Kern,029,883053,47302,42497,2087,44584,485
2020-12-04,Kings,031,150075,13035,11767,281,12048,88
2020-12-04,Lake,033,64148,1202,1018,0,1018,20
2020-12-04,Lassen,035,31185,2794,2167,10,2177,0
2020-12-04,Los Angeles,037,10098052,472417,424164,8566,432730,7845
2020-12-04,Madera,039,155013,7534,6479,214,6693,58
2020-12-04,Marin,041,260295,8241,7896,43,7939,136
2020-12-04,Mariposa,043,17540,170,136,2,138,2
2020-12-04,Mendocino,045,87422,1760,1563,11,1574,23
2020-12-04,Merced,047,269075,13763,12474,169,12643,177
2020-12-04,Modoc,049,8938,153,115,28,143,0
2020-12-04,Mono,051,14174,648,549,10,559,3
2020-12-04,Monterey,053,433212,18697,16737,369,17106,127
2020-12-04,Napa,055,140530,4044,3432,21,3453,19
2020-12-04,Nevada,057,99092,1953,1560,48,1608,10
2020-12-04,Orange,059,3164182,96896,83738,2999,86737,1597
2020-12-04,Placer,061,380077,9473,7461,230,7691,76
2020-12-04,Plumas,063,18699,298,232,0,232,0
2020-12-04,Riverside,065,2383286,112805,95255,3064,98319,1475
2020-12-04,Sacramento,067,1510023,45805,41061,202,41263,618
2020-12-04,San Benito,069,59416,2286,2006,15,2021,17
2020-12-04,San Bernardino,071,2135413,122289,102418,2481,104899,1290
2020-12-04,San Diego,073,3302833,98837,88183,3980,92163,1047
2020-12-04,San Francisco,075,870044,17695,16499,133,16632,161
2020-12-04,San Joaquin,077,732212,31569,27806,703,28509,522
2020-12-04,San Luis Obispo,079,281455,7402,6473,127,6600,42
2020-12-04,San Mateo,081,765935,17255,15112,17,15129,173
2020-12-04,Santa Barbara,083,443738,13228,11947,255,12202,141
2020-12-04,Santa Clara,085,1922200,44973,37465,122,37587,468
2020-12-04,Santa Cruz,087,273765,5808,4985,89,5074,32
2020-12-04,Shasta,089,179085,6490,5439,330,5769,49
2020-12-04,Sierra,091,2930,19,17,0,17,0
2020-12-04,Siskiyou,093,43540,784,639,56,695,2
2020-12-04,Solano,095,438530,12418,11037,99,11136,87
2020-12-04,Sonoma,097,501317,14272,12962,85,13047,164
2020-12-04,Stanislaus,099,539301,25534,23206,1796,25002,448
2020-12-04,Sutter,101,95872,4530,3791,14,3805,20
2020-12-04,Tehama,103,63373,2124,1876,104,1980,9
2020-12-04,Trinity,105,12862,325,172,39,211,0
2020-12-04,Tulare,107,460477,24743,22273,2055,24328,322
2020-12-04,Tuolumne,109,53932,1390,1134,7,1141,7
2020-12-04,Ventura,111,848112,25188,22024,786,22810,189
2020-12-04,Yolo,113,214977,5956,5294,21,5315,87
2020-12-04,Yuba,115,75493,2586,2225,19,2244,10
2020-12-03,Alameda,001,1643700,35099,31184,449,31633,465
2020-12-03,Alpine,003,1148,57,53,0,53,0
2020-12-03,Amador,005,37829,1133,653,3,656,16
2020-12-03,Butte,007,227075,4882,4305,284,4589,65
2020-12-03,Calaveras,009,45235,633,572,0,572,21
2020-12-03,Colusa,011,21464,918,774,17,791,6
2020-12-03,Contra Costa,013,1133247,28055,25464,208,25672,265
2020-12-03,Del Norte,015,27424,465,388,0,388,2
2020-12-03,El Dorado,017,186661,3630,2740,53,2793,6
2020-12-03,Fresno,019,978130,47771,39680,1984,41664,516
2020-12-03,Glenn,021,27897,1145,997,74,1071,8
2020-12-03,Humboldt,023,135768,1138,923,4,927,9
2020-12-03,Imperial,025,180216,18026,16436,198,16634,359
2020-12-03,Inyo,027,18085,361,321,6,327,15
2020-12-03,Kern,029,883053,46455,42062,1986,44048,483
2020-12-03,Kings,031,150075,12935,11658,269,11927,87
2020-12-03,Lake,033,64148,1187,991,0,991,20
2020-12-03,Lassen,035,31185,2754,2128,9,2137,0
2020-12-03,Los Angeles,037,10098052,462323,415805,8202,424007,7787
2020-12-03,Madera,039,155013,7411,6398,209,6607,58
2020-12-03,Marin,041,260295,8181,7861,39,7900,136
2020-12-03,Mariposa,043,17540,166,132,2,134,2
2020-12-03,Mendocino,045,87422,1743,1547,8,1555,23
2020-12-03,Merced,047,269075,13518,12310,161,12471,177
2020-12-03,Modoc,049,8938,151,114,28,142,0
2020-12-03,Mono,051,14174,626,527,10,537,3
2020-12-03,Monterey,053,433212,18235,16218,358,16576,125
2020-12-03,Napa,055,140530,3931,3360,21,3381,19
2020-12-03,Nevada,057,99092,1875,1472,47,1519,10
2020-12-03,Orange,059,3164182,94363,82187,2929,85116,1591
2020-12-03,Placer,061,380077,9271,7270,214,7484,73
2020-12-03,Plumas,063,18699,284,223,0,223,0
2020-12-03,Riverside,065,2383286,110043,92489,2902,95391,1461
2020-12-03,Sacramento,067,1510023,44745,40280,187,40467,614
2020-12-03,San Benito,069,59416,2240,1967,15,1982,16
2020-12-03,San Bernardino,071,2135413,118966,100787,2397,103184,1283
2020-12-03,San Diego,073,3302833,97022,86144,3862,90006,1040
2020-12-03,San Francisco,075,870044,17473,16236,132,16368,161
2020-12-03,San Joaquin,077,732212,30846,27239,656,27895,522
2020-12-03,San Luis Obispo,079,281455,7234,6388,126,6514,42
2020-12-03,San Mateo,081,765935,16902,14909,17,14926,173
2020-12-03,Santa Barbara,083,443738,13100,11829,249,12078,141
2020-12-03,Santa Clara,085,1922200,43777,36621,116,36737,465
2020-12-03,Santa Cruz,087,273765,5665,4850,85,4935,28
2020-12-03,Shasta,089,179085,6381,5330,323,5653,48
2020-12-03,Sierra,091,2930,19,17,0,17,0
2020-12-03,Siskiyou,093,43540,769,629,53,682,2
2020-12-03,Solano,095,438530,12204,10857,96,10953,87
2020-12-03,Sonoma,097,501317,14029,12772,84,12856,164
2020-12-03,Stanislaus,099,539301,25125,22821,1747,24568,447
2020-12-03,Sutter,101,95872,4447,3727,14,3741,20
2020-12-03,Tehama,103,63373,2071,1832,95,1927,9
2020-12-03,Trinity,105,12862,322,166,39,205,0
2020-12-03,Tulare,107,460477,24344,21993,1962,23955,321
2020-12-03,Tuolumne,109,53932,1348,1105,7,1112,7
2020-12-03,Ventura,111,848112,24485,21555,773,22328,187
2020-12-03,Yolo,113,214977,5818,5069,21,5090,87
2020-12-03,Yuba,115,75493,2516,2182,18,2200,10
2020-12-02,Alameda,001,1643700,34474,30697,439,31136,463
2020-12-02,Alpine,003,1148,56,52,0,52,0
2020-12-02,Amador,005,37829,1061,585,3,588,16
2020-12-02,Butte,007,227075,4759,4243,274,4517,65
2020-12-02,Calaveras,009,45235,617,553,0,553,21
2020-12-02,Colusa,011,21464,902,756,16,772,6
2020-12-02,Contra Costa,013,1133247,27595,25147,196,25343,264
2020-12-02,Del Norte,015,27424,451,384,0,384,2
2020-12-02,El Dorado,017,186661,3528,2638,49,2687,5
2020-12-02,Fresno,019,978130,47013,39324,1884,41208,507
2020-12-02,Glenn,021,27897,1128,995,66,1061,7
2020-12-02,Humboldt,023,135768,1112,899,4,903,9
2020-12-02,Imperial,025,180216,17602,16360,190,16550,356
2020-12-02,Inyo,027,18085,354,314,6,320,15
2020-12-02,Kern,029,883053,45558,41660,1889,43549,479
2020-12-02,Kings,031,150075,12582,11531,255,11786,86
2020-12-02,Lake,033,64148,1157,971,0,971,20
2020-12-02,Lassen,035,31185,2695,2115,9,2124,0
2020-12-02,Los Angeles,037,10098052,452278,408289,7865,416154,7739
2020-12-02,Madera,039,155013,7287,6370,203,6573,57
2020-12-02,Marin,041,260295,8134,7819,37,7856,136
2020-12-02,Mariposa,043,17540,163,131,2,133,2
2020-12-02,Mendocino,045,87422,1710,1524,8,1532,23
2020-12-02,Merced,047,269075,13275,12168,154,12322,173
2020-12-02,Modoc,049,8938,148,113,28,141,0
2020-12-02,Mono,051,14174,617,520,10,530,3
2020-12-02,Monterey,053,433212,17755,16064,319,16383,121
2020-12-02,Napa,055,140530,3828,3298,20,3318,19
2020-12-02,Nevada,057,99092,1813,1430,46,1476,9
2020-12-02,Orange,059,3164182,92167,81046,2849,83895,1569
2020-12-02,Placer,061,380077,9039,6941,200,7141,73
2020-12-02,Plumas,063,18699,271,218,0,218,0
2020-12-02,Riverside,065,2383286,107323,90089,2721,92810,1451
2020-12-02,Sacramento,067,1510023,43705,39334,176,39510,597
2020-12-02,San Benito,069,59416,2175,1921,15,1936,16
2020-12-02,San Bernardino,071,2135413,115399,98567,2289,100856,1240
2020-12-02,San Diego,073,3302833,95106,84640,3747,88387,1035
2020-12-02,San Francisco,075,870044,17237,16058,130,16188,157
2020-12-02,San Joaquin,077,732212,30225,26740,632,27372,519
2020-12-02,San Luis Obispo,079,281455,7136,6324,124,6448,42
2020-12-02,San Mateo,081,765935,16539,14757,16,14773,170
2020-12-02,Santa Barbara,083,443738,12949,11705,237,11942,140
2020-12-02,Santa Clara,085,1922200,42663,35878,116,35994,458
2020-12-02,Santa Cruz,087,273765,5533,4766,82,4848,27
2020-12-02,Shasta,089,179085,6257,5188,306,5494,47
2020-12-02,Sierra,091,2930,19,17,0,17,0
2020-12-02,Siskiyou,093,43540,753,624,51,675,1
2020-12-02,Solano,095,438530,11958,10701,92,10793,87
2020-12-02,Sonoma,097,501317,13789,12635,83,12718,163
2020-12-02,Stanislaus,099,539301,24625,22615,1692,24307,448
2020-12-02,Sutter,101,95872,4286,3604,14,3618,18
2020-12-02,Tehama,103,63373,2027,1800,80,1880,9
2020-12-02,Trinity,105,12862,312,165,38,203,0
2020-12-02,Tulare,107,460477,23964,21789,1880,23669,321
2020-12-02,Tuolumne,109,53932,1307,1076,7,1083,7
2020-12-02,Ventura,111,848112,24074,21208,755,21963,186
2020-12-02,Yolo,113,214977,5707,5053,20,5073,87
2020-12-02,Yuba,115,75493,2439,2119,17,2136,10
2020-12-01,Alameda,001,1643700,33785,30252,429,30681,460
2020-12-01,Alpine,003,1148,56,41,0,41,0
2020-12-01,Amador,005,37829,914,575,2,577,16
2020-12-01,Butte,007,227075,4653,4177,260,4437,65
2020-12-01,Calaveras,009,45235,599,544,0,544,21
2020-12-01,Colusa,011,21464,885,747,16,763,6
2020-12-01,Contra Costa,013,1133247,27022,24788,188,24976,264
2020-12-01,Del Norte,015,27424,423,357,0,357,2
2020-12-01,El Dorado,017,186661,3383,2542,44,2586,4
2020-12-01,Fresno,019,978130,46111,39004,1806,40810,505
2020-12-01,Glenn,021,27897,1107,989,62,1051,7
2020-12-01,Humboldt,023,135768,1081,886,4,890,9
2020-12-01,Imperial,025,180216,17289,16278,186,16464,356
2020-12-01,Inyo,027,18085,347,304,6,310,15
2020-12-01,Kern,029,883053,44755,41345,1758,43103,478
2020-12-01,Kings,031,150075,12267,11415,241,11656,86
2020-12-01,Lake,033,64148,1139,969,0,969,19
2020-12-01,Lassen,035,31185,2529,2047,8,2055,0
2020-12-01,Los Angeles,037,10098052,441917,403266,7537,410803,7704
2020-12-01,Madera,039,155013,7170,6270,193,6463,57
2020-12-01,Marin,041,260295,8064,7787,36,7823,136
2020-12-01,Mariposa,043,17540,158,128,2,130,2
2020-12-01,Mendocino,045,87422,1676,1497,8,1505,23
2020-12-01,Merced,047,269075,13032,12032,145,12177,172
2020-12-01,Modoc,049,8938,143,113,24,137,0
2020-12-01,Mono,051,14174,604,520,10,530,3
2020-12-01,Monterey,053,433212,17248,15835,308,16143,121
2020-12-01,Napa,055,140530,3744,3124,19,3143,19
2020-12-01,Nevada,057,99092,1751,1411,45,1456,9
2020-12-01,Orange,059,3164182,90069,79468,2761,82229,1567
2020-12-01,Placer,061,380077,8715,6794,193,6987,72
2020-12-01,Plumas,063,18699,259,201,0,201,0
2020-12-01,Riverside,065,2383286,104515,88530,2559,91089,1448
2020-12-01,Sacramento,067,1510023,42657,38966,171,39137,589
2020-12-01,San Benito,069,59416,2120,1888,15,1903,15
2020-12-01,San Bernardino,071,2135413,111926,95854,2165,98019,1220
2020-12-01,San Diego,073,3302833,92849,83423,3637,87060,1019
2020-12-01,San Francisco,075,870044,16957,15797,126,15923,157
2020-12-01,San Joaquin,077,732212,29425,26432,610,27042,514
2020-12-01,San Luis Obispo,079,281455,6996,6264,119,6383,40
2020-12-01,San Mateo,081,765935,16214,14495,16,14511,170
2020-12-01,Santa Barbara,083,443738,12810,11611,227,11838,140
2020-12-01,Santa Clara,085,1922200,41406,35397,111,35508,452
2020-12-01,Santa Cruz,087,273765,5375,4638,74,4712,27
2020-12-01,Shasta,089,179085,6129,5077,286,5363,47
2020-12-01,Sierra,091,2930,19,17,0,17,0
2020-12-01,Siskiyou,093,43540,739,608,47,655,1
2020-12-01,Solano,095,438530,11698,10604,87,10691,87
2020-12-01,Sonoma,097,501317,13584,12491,80,12571,163
2020-12-01,Stanislaus,099,539301,24168,22351,1635,23986,447
2020-12-01,Sutter,101,95872,4145,3538,14,3552,17
2020-12-01,Tehama,103,63373,1965,1773,70,1843,9
2020-12-01,Trinity,105,12862,298,165,32,197,0
2020-12-01,Tulare,107,460477,23509,21645,1809,23454,319
2020-12-01,Tuolumne,109,53932,1271,1052,5,1057,7
2020-12-01,Ventura,111,848112,23461,20604,733,21337,186
2020-12-01,Yolo,113,214977,5566,4928,20,4948,86
2020-12-01,Yuba,115,75493,2373,2088,16,2104,10
2020-11-30,Alameda,001,1643700,32969,29972,411,30383,457
2020-11-30,Alpine,003,1148,54,41,0,41,0
2020-11-30,Amador,005,37829,873,559,2,561,16
2020-11-30,Butte,007,227075,4536,4148,244,4392,65
2020-11-30,Calaveras,009,45235,577,478,0,478,21
2020-11-30,Colusa,011,21464,858,737,12,749,6
2020-11-30,Contra Costa,013,1133247,26441,24365,184,24549,264
2020-11-30,Del Norte,015,27424,400,339,0,339,2
2020-11-30,El Dorado,017,186661,3209,2488,39,2527,4
2020-11-30,Fresno,019,978130,45000,38712,1692,40404,500
2020-11-30,Glenn,021,27897,1084,954,57,1011,5
2020-11-30,Humboldt,023,135768,1034,870,4,874,9
2020-11-30,Imperial,025,180216,17036,16212,164,16376,356
2020-11-30,Inyo,027,18085,342,304,5,309,15
2020-11-30,Kern,029,883053,43992,40941,1623,42564,473
2020-11-30,Kings,031,150075,12119,11346,226,11572,85
2020-11-30,Lake,033,64148,1108,939,0,939,18
2020-11-30,Lassen,035,31185,2436,1793,8,1801,0
2020-11-30,Los Angeles,037,10098052,431256,396202,7205,403407,7658
2020-11-30,Madera,039,155013,7004,6210,179,6389,57
2020-11-30,Marin,041,260295,8021,7764,35,7799,136
2020-11-30,Mariposa,043,17540,151,123,2,125,2
2020-11-30,Mendocino,045,87422,1648,1482,8,1490,23
2020-11-30,Merced,047,269075,12757,11913,134,12047,172
2020-11-30,Modoc,049,8938,133,113,24,137,0
2020-11-30,Mono,051,14174,582,519,10,529,3
2020-11-30,Monterey,053,433212,16817,15837,300,16137,119
2020-11-30,Napa,055,140530,3644,3091,19,3110,18
2020-11-30,Nevada,057,99092,1665,1347,42,1389,9
2020-11-30,Orange,059,3164182,87957,78711,2665,81376,1568
2020-11-30,Placer,061,380077,8420,6575,180,6755,72
2020-11-30,Plumas,063,18699,248,192,0,192,0
2020-11-30,Riverside,065,2383286,101521,87722,2412,90134,1446
2020-11-30,Sacramento,067,1510023,41577,37834,162,37996,586
2020-11-30,San Benito,069,59416,2073,1875,14,1889,15
2020-11-30,San Bernardino,071,2135413,108198,92704,2053,94757,1220
2020-11-30,San Diego,073,3302833,90487,82045,3510,85555,997
2020-11-30,San Francisco,075,870044,16657,15638,123,15761,157
2020-11-30,San Joaquin,077,732212,28718,25742,584,26326,509
2020-11-30,San Luis Obispo,079,281455,6861,6224,117,6341,36
2020-11-30,San Mateo,081,765935,15854,14276,16,14292,170
2020-11-30,Santa Barbara,083,443738,12632,11572,219,11791,140
2020-11-30,Santa Clara,085,1922200,40198,35019,110,35129,451
2020-11-30,Santa Cruz,087,273765,5237,4558,70,4628,26
2020-11-30,Shasta,089,179085,5985,4933,257,5190,44
2020-11-30,Sierra,091,2930,19,16,0,16,0
2020-11-30,Siskiyou,093,43540,730,605,43,648,1
2020-11-30,Solano,095,438530,11436,10392,82,10474,87
2020-11-30,Sonoma,097,501317,13339,12232,76,12308,163
2020-11-30,Stanislaus,099,539301,23707,22110,1591,23701,446
2020-11-30,Sutter,101,95872,3988,3430,13,3443,16
2020-11-30,Tehama,103,63373,1917,1724,64,1788,9
2020-11-30,Trinity,105,12862,292,162,32,194,0
2020-11-30,Tulare,107,460477,23122,20833,1714,22547,319
2020-11-30,Tuolumne,109,53932,1226,1027,5,1032,7
2020-11-30,Ventura,111,848112,22705,20308,717,21025,180
2020-11-30,Yolo,113,214977,5454,4894,20,4914,81
2020-11-30,Yuba,115,75493,2312,2028,14,2042,10
2020-11-29,Alameda,001,1643700,32184,29918,389,30307,457
2020-11-29,Alpine,003,1148,51,41,0,41,0
2020-11-29,Amador,005,37829,722,548,2,550,16
2020-11-29,Butte,007,227075,4434,4008,227,4235,65
2020-11-29,Calaveras,009,45235,545,478,0,478,21
2020-11-29,Colusa,011,21464,829,723,8,731,6
2020-11-29,Contra Costa,013,1133247,25938,24165,178,24343,264
2020-11-29,Del Norte,015,27424,394,339,0,339,2
2020-11-29,El Dorado,017,186661,3079,2447,38,2485,4
2020-11-29,Fresno,019,978130,44047,38568,1620,40188,500
2020-11-29,Glenn,021,27897,1061,951,55,1006,4
2020-11-29,Humboldt,023,135768,1005,856,4,860,9
2020-11-29,Imperial,025,180216,16807,16138,136,16274,356
2020-11-29,Inyo,027,18085,327,289,5,294,15
2020-11-29,Kern,029,883053,43229,40596,1475,42071,473
2020-11-29,Kings,031,150075,11969,11247,208,11455,85
2020-11-29,Lake,033,64148,1084,927,0,927,18
2020-11-29,Lassen,035,31185,2333,1793,8,1801,0
2020-11-29,Los Angeles,037,10098052,420866,391162,6906,398068,7642
2020-11-29,Madera,039,155013,6861,6184,173,6357,57
2020-11-29,Marin,041,260295,7955,7739,33,7772,135
2020-11-29,Mariposa,043,17540,147,123,2,125,2
2020-11-29,Mendocino,045,87422,1614,1473,8,1481,23
2020-11-29,Merced,047,269075,12518,11773,125,11898,172
2020-11-29,Modoc,049,8938,129,105,22,127,0
2020-11-29,Mono,051,14174,559,515,9,524,3
2020-11-29,Monterey,053,433212,16505,15621,293,15914,119
2020-11-29,Napa,055,140530,3539,3090,18,3108,18
2020-11-29,Nevada,057,99092,1584,1311,40,1351,9
2020-11-29,Orange,059,3164182,85938,78057,2618,80675,1567
2020-11-29,Placer,061,380077,8122,6535,168,6703,72
2020-11-29,Plumas,063,18699,243,191,0,191,0
2020-11-29,Riverside,065,2383286,99128,87383,2259,89642,1442
2020-11-29,Sacramento,067,1510023,40498,37415,153,37568,585
2020-11-29,San Benito,069,59416,2029,1860,14,1874,15
2020-11-29,San Bernardino,071,2135413,104849,92052,1937,93989,1223
2020-11-29,San Diego,073,3302833,88076,81086,3357,84443,997
2020-11-29,San Francisco,075,870044,16376,15571,116,15687,153
2020-11-29,San Joaquin,077,732212,27976,25740,578,26318,509
2020-11-29,San Luis Obispo,079,281455,6739,6145,117,6262,36
2020-11-29,San Mateo,081,765935,15521,14177,16,14193,169
2020-11-29,Santa Barbara,083,443738,12476,11520,215,11735,140
2020-11-29,Santa Clara,085,1922200,38992,34234,104,34338,451
2020-11-29,Santa Cruz,087,273765,5078,4490,68,4558,26
2020-11-29,Shasta,089,179085,5810,4935,229,5164,43
2020-11-29,Sierra,091,2930,19,16,0,16,0
2020-11-29,Siskiyou,093,43540,707,590,41,631,1
2020-11-29,Solano,095,438530,11204,10393,78,10471,87
2020-11-29,Sonoma,097,501317,13087,12052,72,12124,163
2020-11-29,Stanislaus,099,539301,23211,21701,1555,23256,446
2020-11-29,Sutter,101,95872,3870,3297,13,3310,16
2020-11-29,Tehama,103,63373,1866,1710,48,1758,9
2020-11-29,Trinity,105,12862,289,159,30,189,0
2020-11-29,Tulare,107,460477,22753,20793,1638,22431,319
2020-11-29,Tuolumne,109,53932,1190,988,5,993,7
2020-11-29,Ventura,111,848112,22020,19952,704,20656,179
2020-11-29,Yolo,113,214977,5316,4830,19,4849,80
2020-11-29,Yuba,115,75493,2256,1959,14,1973,10
2020-11-28,Alameda,001,1643700,31874,29368,384,29752,456
2020-11-28,Alpine,003,1148,51,41,0,41,0
2020-11-28,Amador,005,37829,645,536,2,538,16
2020-11-28,Butte,007,227075,4376,3894,223,4117,65
2020-11-28,Calaveras,009,45235,541,478,0,478,21
2020-11-28,Colusa,011,21464,820,711,6,717,6
2020-11-28,Contra Costa,013,1133247,25605,23798,174,23972,264
2020-11-28,Del Norte,015,27424,384,328,0,328,2
2020-11-28,El Dorado,017,186661,3011,2415,32,2447,4
2020-11-28,Fresno,019,978130,43699,38288,1581,39869,500
2020-11-28,Glenn,021,27897,1050,925,51,976,4
2020-11-28,Humboldt,023,135768,970,844,4,848,9
2020-11-28,Imperial,025,180216,16742,16019,134,16153,356
2020-11-28,Inyo,027,18085,319,289,5,294,15
2020-11-28,Kern,029,883053,42866,40255,1387,41642,473
2020-11-28,Kings,031,150075,11904,11070,201,11271,85
2020-11-28,Lake,033,64148,1069,920,0,920,18
2020-11-28,Lassen,035,31185,2266,1714,8,1722,0
2020-11-28,Los Angeles,037,10098052,415950,386194,6750,392944,7625
2020-11-28,Madera,039,155013,6759,6119,166,6285,57
2020-11-28,Marin,041,260295,7925,7696,29,7725,135
2020-11-28,Mariposa,043,17540,144,120,2,122,2
2020-11-28,Mendocino,045,87422,1583,1458,8,1466,22
2020-11-28,Merced,047,269075,12420,11688,119,11807,172
2020-11-28,Modoc,049,8938,126,103,22,125,0
2020-11-28,Mono,051,14174,553,505,9,514,3
2020-11-28,Monterey,053,433212,16339,15328,289,15617,118
2020-11-28,Napa,055,140530,3487,3033,18,3051,18
2020-11-28,Nevada,057,99092,1556,1272,38,1310,9
2020-11-28,Orange,059,3164182,84840,76882,2571,79453,1568
2020-11-28,Placer,061,380077,7961,6497,165,6662,70
2020-11-28,Plumas,063,18699,236,188,0,188,0
2020-11-28,Riverside,065,2383286,97718,86854,2157,89011,1440
2020-11-28,Sacramento,067,1510023,39919,36905,149,37054,580
2020-11-28,San Benito,069,59416,1982,1835,14,1849,15
2020-11-28,San Bernardino,071,2135413,103450,91183,1839,93022,1224
2020-11-28,San Diego,073,3302833,86822,80020,3273,83293,997
2020-11-28,San Francisco,075,870044,16200,15450,108,15558,153
2020-11-28,San Joaquin,077,732212,27779,25742,563,26305,509
2020-11-28,San Luis Obispo,079,281455,6669,6106,113,6219,36
2020-11-28,San Mateo,081,765935,15330,14040,16,14056,169
2020-11-28,Santa Barbara,083,443738,12374,11481,210,11691,140
2020-11-28,Santa Clara,085,1922200,38246,33701,102,33803,449
2020-11-28,Santa Cruz,087,273765,5001,4426,68,4494,26
2020-11-28,Shasta,089,179085,5732,4882,222,5104,43
2020-11-28,Sierra,091,2930,19,16,0,16,0
2020-11-28,Siskiyou,093,43540,697,558,38,596,1
2020-11-28,Solano,095,438530,11085,10252,76,10328,87
2020-11-28,Sonoma,097,501317,12984,12008,63,12071,162
2020-11-28,Stanislaus,099,539301,22972,21574,1519,23093,446
2020-11-28,Sutter,101,95872,3786,3244,13,3257,15
2020-11-28,Tehama,103,63373,1850,1678,44,1722,9
2020-11-28,Trinity,105,12862,286,157,28,185,0
2020-11-28,Tulare,107,460477,22557,20701,1596,22297,319
2020-11-28,Tuolumne,109,53932,1168,976,5,981,7
2020-11-28,Ventura,111,848112,21722,19510,694,20204,179
2020-11-28,Yolo,113,214977,5242,4739,17,4756,80
2020-11-28,Yuba,115,75493,2203,1912,14,1926,10
2020-11-27,Alameda,001,1643700,31435,29064,373,29437,450
2020-11-27,Alpine,003,1148,51,41,0,41,0
2020-11-27,Amador,005,37829,598,498,1,499,16
2020-11-27,Butte,007,227075,4335,3894,217,4111,65
2020-11-27,Calaveras,009,45235,532,478,0,478,21
2020-11-27,Colusa,011,21464,803,694,4,698,6
2020-11-27,Contra Costa,013,1133247,25345,23463,168,23631,264
2020-11-27,Del Norte,015,27424,378,307,0,307,2
2020-11-27,El Dorado,017,186661,2940,2238,29,2267,4
2020-11-27,Fresno,019,978130,43293,37994,1523,39517,500
2020-11-27,Glenn,021,27897,1037,891,46,937,4
2020-11-27,Humboldt,023,135768,951,795,3,798,9
2020-11-27,Imperial,025,180216,16674,15960,125,16085,356
2020-11-27,Inyo,027,18085,313,289,5,294,15
2020-11-27,Kern,029,883053,42442,39707,1317,41024,473
2020-11-27,Kings,031,150075,11818,10667,183,10850,85
2020-11-27,Lake,033,64148,1033,909,0,909,18
2020-11-27,Lassen,035,31185,2254,1714,8,1722,0
2020-11-27,Los Angeles,037,10098052,409443,382740,6594,389334,7606
2020-11-27,Madera,039,155013,6687,6050,160,6210,57
2020-11-27,Marin,041,260295,7882,7660,29,7689,135
2020-11-27,Mariposa,043,17540,142,118,2,120,2
2020-11-27,Mendocino,045,87422,1569,1387,7,1394,22
2020-11-27,Merced,047,269075,12314,11550,112,11662,172
2020-11-27,Modoc,049,8938,125,100,22,122,0
2020-11-27,Mono,051,14174,549,498,9,507,3
2020-11-27,Monterey,053,433212,16171,14753,289,15042,113
2020-11-27,Napa,055,140530,3447,2988,18,3006,18
2020-11-27,Nevada,057,99092,1526,1184,36,1220,9
2020-11-27,Orange,059,3164182,83550,75151,2532,77683,1568
2020-11-27,Placer,061,380077,7800,6283,155,6438,68
2020-11-27,Plumas,063,18699,233,188,0,188,0
2020-11-27,Riverside,065,2383286,96107,85769,2004,87773,1440
2020-11-27,Sacramento,067,1510023,39297,36579,144,36723,579
2020-11-27,San Benito,069,59416,1948,1805,13,1818,15
2020-11-27,San Bernardino,071,2135413,101940,90254,1758,92012,1224
2020-11-27,San Diego,073,3302833,85628,78161,3184,81345,996
2020-11-27,San Francisco,075,870044,16045,15377,106,15483,153
2020-11-27,San Joaquin,077,732212,27558,25741,543,26284,509
2020-11-27,San Luis Obispo,079,281455,6586,6039,110,6149,36
2020-11-27,San Mateo,081,765935,15127,13872,15,13887,169
2020-11-27,Santa Barbara,083,443738,12281,11340,207,11547,140
2020-11-27,Santa Clara,085,1922200,37571,32935,95,33030,449
2020-11-27,Santa Cruz,087,273765,4930,4358,66,4424,26
2020-11-27,Shasta,089,179085,5655,4710,209,4919,43
2020-11-27,Sierra,091,2930,18,16,0,16,0
2020-11-27,Siskiyou,093,43540,682,554,35,589,1
2020-11-27,Solano,095,438530,10966,10044,73,10117,87
2020-11-27,Sonoma,097,501317,12852,11924,61,11985,162
2020-11-27,Stanislaus,099,539301,22744,21185,1489,22674,446
2020-11-27,Sutter,101,95872,3719,3101,13,3114,15
2020-11-27,Tehama,103,63373,1822,1649,40,1689,9
2020-11-27,Trinity,105,12862,282,151,28,179,0
2020-11-27,Tulare,107,460477,22369,20634,1539,22173,319
2020-11-27,Tuolumne,109,53932,1136,881,5,886,7
2020-11-27,Ventura,111,848112,21398,19379,672,20051,179
2020-11-27,Yolo,113,214977,5193,4737,17,4754,79
2020-11-27,Yuba,115,75493,2174,1864,13,1877,10
2020-11-26,Alameda,001,1643700,31024,28797,354,29151,447
2020-11-26,Alpine,003,1148,51,41,0,41,0
2020-11-26,Amador,005,37829,590,488,1,489,16
2020-11-26,Butte,007,227075,4272,3894,211,4105,65
2020-11-26,Calaveras,009,45235,504,478,0,478,21
2020-11-26,Colusa,011,21464,789,694,4,698,6
2020-11-26,Contra Costa,013,1133247,25010,23468,162,23630,264
2020-11-26,Del Norte,015,27424,367,307,0,307,2
2020-11-26,El Dorado,017,186661,2859,2217,27,2244,4
2020-11-26,Fresno,019,978130,42886,37724,1478,39202,500
2020-11-26,Glenn,021,27897,1021,892,44,936,4
2020-11-26,Humboldt,023,135768,929,795,2,797,9
2020-11-26,Imperial,025,180216,16565,15722,121,15843,355
2020-11-26,Inyo,027,18085,312,289,5,294,15
2020-11-26,Kern,029,883053,41992,39123,1255,40378,471
2020-11-26,Kings,031,150075,11763,10475,171,10646,85
2020-11-26,Lake,033,64148,1020,890,0,890,18
2020-11-26,Lassen,035,31185,2239,1714,8,1722,0
2020-11-26,Los Angeles,037,10098052,404294,378340,6357,384697,7581
2020-11-26,Madera,039,155013,6612,6003,154,6157,57
2020-11-26,Marin,041,260295,7845,7610,29,7639,135
2020-11-26,Mariposa,043,17540,137,116,2,118,2
2020-11-26,Mendocino,045,87422,1555,1387,5,1392,22
2020-11-26,Merced,047,269075,12166,11440,110,11550,172
2020-11-26,Modoc,049,8938,123,100,22,122,0
2020-11-26,Mono,051,14174,541,485,9,494,2
2020-11-26,Monterey,053,433212,15934,14750,281,15031,113
2020-11-26,Napa,055,140530,3383,2988,18,3006,18
2020-11-26,Nevada,057,99092,1480,1184,36,1220,9
2020-11-26,Orange,059,3164182,82162,74264,2470,76734,1563
2020-11-26,Placer,061,380077,7638,6278,146,6424,68
2020-11-26,Plumas,063,18699,225,188,0,188,0
2020-11-26,Riverside,065,2383286,94503,85774,1880,87654,1440
2020-11-26,Sacramento,067,1510023,38655,35854,136,35990,580
2020-11-26,San Benito,069,59416,1921,1769,13,1782,15
2020-11-26,San Bernardino,071,2135413,100290,89727,1666,91393,1223
2020-11-26,San Diego,073,3302833,84018,76359,3080,79439,996
2020-11-26,San Francisco,075,870044,15908,15156,103,15259,153
2020-11-26,San Joaquin,077,732212,27302,25738,531,26269,509
2020-11-26,San Luis Obispo,079,281455,6493,5964,107,6071,36
2020-11-26,San Mateo,081,765935,14938,13715,14,13729,169
2020-11-26,Santa Barbara,083,443738,12200,11277,206,11483,139
2020-11-26,Santa Clara,085,1922200,36929,32411,87,32498,446
2020-11-26,Santa Cruz,087,273765,4799,4269,60,4329,26
2020-11-26,Shasta,089,179085,5573,4712,198,4910,43
2020-11-26,Sierra,091,2930,18,15,0,15,0
2020-11-26,Siskiyou,093,43540,672,526,34,560,1
2020-11-26,Solano,095,438530,10823,9941,71,10012,87
2020-11-26,Sonoma,097,501317,12704,11922,59,11981,162
2020-11-26,Stanislaus,099,539301,22513,21186,1448,22634,445
2020-11-26,Sutter,101,95872,3625,3101,12,3113,15
2020-11-26,Tehama,103,63373,1780,1612,37,1649,9
2020-11-26,Trinity,105,12862,278,139,28,167,0
2020-11-26,Tulare,107,460477,22130,20649,1475,22124,319
2020-11-26,Tuolumne,109,53932,1108,871,5,876,7
2020-11-26,Ventura,111,848112,20902,19058,658,19716,179
2020-11-26,Yolo,113,214977,5106,4566,17,4583,76
2020-11-26,Yuba,115,75493,2114,1865,11,1876,10
2020-11-25,Alameda,001,1643700,30808,28378,346,28724,447
2020-11-25,Alpine,003,1148,51,41,0,41,0
2020-11-25,Amador,005,37829,580,484,1,485,16
2020-11-25,Butte,007,227075,4241,3848,208,4056,64
2020-11-25,Calaveras,009,45235,501,475,0,475,21
2020-11-25,Colusa,011,21464,772,693,4,697,6
2020-11-25,Contra Costa,013,1133247,24855,23307,161,23468,263
2020-11-25,Del Norte,015,27424,366,304,0,304,2
2020-11-25,El Dorado,017,186661,2823,2154,27,2181,4
2020-11-25,Fresno,019,978130,42653,37349,1456,38805,494
2020-11-25,Glenn,021,27897,1004,891,42,933,4
2020-11-25,Humboldt,023,135768,921,777,2,779,9
2020-11-25,Imperial,025,180216,16495,15640,119,15759,355
2020-11-25,Inyo,027,18085,310,289,5,294,15
2020-11-25,Kern,029,883053,41836,38878,1236,40114,467
2020-11-25,Kings,031,150075,11728,10417,167,10584,85
2020-11-25,Lake,033,64148,1003,878,0,878,18
2020-11-25,Lassen,035,31185,2196,1701,8,1709,0
2020-11-25,Los Angeles,037,10098052,401266,373919,6253,380172,7545
2020-11-25,Madera,039,155013,6590,5989,151,6140,57
2020-11-25,Marin,041,260295,7818,7601,28,7629,135
2020-11-25,Mariposa,043,17540,136,114,2,116,2
2020-11-25,Mendocino,045,87422,1536,1373,5,1378,22
2020-11-25,Merced,047,269075,12108,11346,110,11456,172
2020-11-25,Modoc,049,8938,123,96,22,118,0
2020-11-25,Mono,051,14174,536,487,9,496,2
2020-11-25,Monterey,053,433212,15817,14695,279,14974,113
2020-11-25,Napa,055,140530,3350,2945,18,2963,17
2020-11-25,Nevada,057,99092,1462,1170,34,1204,9
2020-11-25,Orange,059,3164182,81408,73014,2450,75464,1551
2020-11-25,Placer,061,380077,7562,6221,145,6366,68
2020-11-25,Plumas,063,18699,220,183,0,183,0
2020-11-25,Riverside,065,2383286,93959,85077,1862,86939,1438
2020-11-25,Sacramento,067,1510023,38319,35687,133,35820,574
2020-11-25,San Benito,069,59416,1898,1764,13,1777,15
2020-11-25,San Bernardino,071,2135413,99450,88469,1638,90107,1225
2020-11-25,San Diego,073,3302833,83361,75307,3044,78351,988
2020-11-25,San Francisco,075,870044,15803,15053,101,15154,153
2020-11-25,San Joaquin,077,732212,27175,25556,519,26075,515
2020-11-25,San Luis Obispo,079,281455,6450,5913,106,6019,34
2020-11-25,San Mateo,081,765935,14823,13614,14,13628,170
2020-11-25,Santa Barbara,083,443738,12150,11183,206,11389,138
2020-11-25,Santa Clara,085,1922200,36482,32032,86,32118,442
2020-11-25,Santa Cruz,087,273765,4747,4202,59,4261,25
2020-11-25,Shasta,089,179085,5527,4588,191,4779,43
2020-11-25,Sierra,091,2930,18,15,0,15,0
2020-11-25,Siskiyou,093,43540,665,499,34,533,1
2020-11-25,Solano,095,438530,10718,9832,70,9902,87
2020-11-25,Sonoma,097,501317,12641,11775,58,11833,162
2020-11-25,Stanislaus,099,539301,22382,21022,1421,22443,445
2020-11-25,Sutter,101,95872,3581,3064,12,3076,14
2020-11-25,Tehama,103,63373,1768,1587,32,1619,9
2020-11-25,Trinity,105,12862,276,135,28,163,0
2020-11-25,Tulare,107,460477,22040,20528,1443,21971,318
2020-11-25,Tuolumne,109,53932,1091,842,5,847,7
2020-11-25,Ventura,111,848112,20807,18914,652,19566,179
2020-11-25,Yolo,113,214977,5070,4527,17,4544,76
2020-11-25,Yuba,115,75493,2088,1840,11,1851,10
2020-11-24,Alameda,001,1643700,30330,28030,335,28365,444
2020-11-24,Alpine,003,1148,51,41,0,41,0
2020-11-24,Amador,005,37829,555,470,1,471,16
2020-11-24,Butte,007,227075,4156,3798,200,3998,63
2020-11-24,Calaveras,009,45235,494,466,0,466,21
2020-11-24,Colusa,011,21464,754,682,4,686,6
2020-11-24,Contra Costa,013,1133247,24502,23072,155,23227,259
2020-11-24,Del Norte,015,27424,357,298,0,298,2
2020-11-24,El Dorado,017,186661,2718,2005,26,2031,4
2020-11-24,Fresno,019,978130,42250,37021,1379,38400,493
2020-11-24,Glenn,021,27897,986,883,38,921,4
2020-11-24,Humboldt,023,135768,902,774,2,776,9
2020-11-24,Imperial,025,180216,16392,15600,113,15713,355
2020-11-24,Inyo,027,18085,309,282,5,287,15
2020-11-24,Kern,029,883053,41362,38551,1158,39709,465
2020-11-24,Kings,031,150075,11461,10338,154,10492,85
2020-11-24,Lake,033,64148,987,872,0,872,18
2020-11-24,Lassen,035,31185,2173,1657,8,1665,0
2020-11-24,Los Angeles,037,10098052,394957,370008,6016,376024,7501
2020-11-24,Madera,039,155013,6505,5881,145,6026,57
2020-11-24,Marin,041,260295,7771,7591,28,7619,135
2020-11-24,Mariposa,043,17540,126,114,1,115,2
2020-11-24,Mendocino,045,87422,1514,1346,4,1350,22
2020-11-24,Merced,047,269075,11919,11268,105,11373,171
2020-11-24,Modoc,049,8938,119,91,22,113,0
2020-11-24,Mono,051,14174,532,483,9,492,2
2020-11-24,Monterey,053,433212,15556,14354,267,14621,113
2020-11-24,Napa,055,140530,3284,2904,18,2922,17
2020-11-24,Nevada,057,99092,1398,1156,32,1188,9
2020-11-24,Orange,059,3164182,79964,71975,2369,74344,1547
2020-11-24,Placer,061,380077,7381,6147,138,6285,67
2020-11-24,Plumas,063,18699,217,180,0,180,0
2020-11-24,Riverside,065,2383286,92200,83685,1733,85418,1420
2020-11-24,Sacramento,067,1510023,37639,35097,126,35223,568
2020-11-24,San Benito,069,59416,1866,1740,12,1752,15
2020-11-24,San Bernardino,071,2135413,97114,86645,1537,88182,1226
2020-11-24,San Diego,073,3302833,81951,74363,2973,77336,984
2020-11-24,San Francisco,075,870044,15608,14874,97,14971,153
2020-11-24,San Joaquin,077,732212,26859,25318,491,25809,517
2020-11-24,San Luis Obispo,079,281455,6387,5805,105,5910,34
2020-11-24,San Mateo,081,765935,14614,13558,13,13571,170
2020-11-24,Santa Barbara,083,443738,12044,11154,204,11358,138
2020-11-24,Santa Clara,085,1922200,35692,31564,82,31646,438
2020-11-24,Santa Cruz,087,273765,4634,4132,58,4190,25
2020-11-24,Shasta,089,179085,5427,4410,172,4582,43
2020-11-24,Sierra,091,2930,18,15,0,15,0
2020-11-24,Siskiyou,093,43540,647,473,31,504,1
2020-11-24,Solano,095,438530,10547,9716,69,9785,86
2020-11-24,Sonoma,097,501317,12461,11644,55,11699,162
2020-11-24,Stanislaus,099,539301,22140,20830,1378,22208,438
2020-11-24,Sutter,101,95872,3475,2974,12,2986,14
2020-11-24,Tehama,103,63373,1718,1565,27,1592,9
2020-11-24,Trinity,105,12862,269,129,27,156,0
2020-11-24,Tulare,107,460477,21791,20319,1378,21697,315
2020-11-24,Tuolumne,109,53932,1062,832,5,837,7
2020-11-24,Ventura,111,848112,20425,18637,642,19279,179
2020-11-24,Yolo,113,214977,4986,4420,17,4437,76
2020-11-24,Yuba,115,75493,2037,1804,9,1813,10
2020-11-23,Alameda,001,1643700,29916,27718,323,28041,444
2020-11-23,Alpine,003,1148,49,41,0,41,0
2020-11-23,Amador,005,37829,514,457,1,458,16
2020-11-23,Butte,007,227075,4092,3765,194,3959,61
2020-11-23,Calaveras,009,45235,477,434,0,434,21
2020-11-23,Colusa,011,21464,740,662,4,666,6
2020-11-23,Contra Costa,013,1133247,24230,22674,150,22824,260
2020-11-23,Del Norte,015,27424,335,296,0,296,2
2020-11-23,El Dorado,017,186661,2598,2005,25,2030,4
2020-11-23,Fresno,019,978130,41802,36688,1316,38004,488
2020-11-23,Glenn,021,27897,960,853,38,891,4
2020-11-23,Humboldt,023,135768,889,746,2,748,9
2020-11-23,Imperial,025,180216,16221,15104,107,15211,355
2020-11-23,Inyo,027,18085,301,279,5,284,15
2020-11-23,Kern,029,883053,40848,38245,1095,39340,463
2020-11-23,Kings,031,150075,11041,10204,147,10351,85
2020-11-23,Lake,033,64148,964,840,0,840,18
2020-11-23,Lassen,035,31185,2093,1271,7,1278,0
2020-11-23,Los Angeles,037,10098052,388866,366374,5767,372141,7447
2020-11-23,Madera,039,155013,6379,5787,140,5927,56
2020-11-23,Marin,041,260295,7729,7543,28,7571,135
2020-11-23,Mariposa,043,17540,125,97,1,98,2
2020-11-23,Mendocino,045,87422,1484,1330,4,1334,22
2020-11-23,Merced,047,269075,11731,11148,102,11250,169
2020-11-23,Modoc,049,8938,105,91,21,112,0
2020-11-23,Mono,051,14174,519,480,9,489,2
2020-11-23,Monterey,053,433212,15277,14265,261,14526,112
2020-11-23,Napa,055,140530,3218,2811,17,2828,17
2020-11-23,Nevada,057,99092,1309,1087,32,1119,9
2020-11-23,Orange,059,3164182,78560,71074,2323,73397,1546
2020-11-23,Placer,061,380077,7179,5999,137,6136,66
2020-11-23,Plumas,063,18699,213,172,0,172,0
2020-11-23,Riverside,065,2383286,90421,82175,1668,83843,1415
2020-11-23,Sacramento,067,1510023,37070,34141,119,34260,556
2020-11-23,San Benito,069,59416,1838,1729,11,1740,15
2020-11-23,San Bernardino,071,2135413,95007,84387,1474,85861,1224
2020-11-23,San Diego,073,3302833,80489,72817,2885,75702,968
2020-11-23,San Francisco,075,870044,15450,14646,95,14741,153
2020-11-23,San Joaquin,077,732212,26510,24622,487,25109,517
2020-11-23,San Luis Obispo,079,281455,6305,5772,103,5875,34
2020-11-23,San Mateo,081,765935,14422,13364,13,13377,170
2020-11-23,Santa Barbara,083,443738,11937,10944,200,11144,137
2020-11-23,Santa Clara,085,1922200,35041,31064,79,31143,435
2020-11-23,Santa Cruz,087,273765,4524,4003,54,4057,25
2020-11-23,Shasta,089,179085,5309,4100,160,4260,43
2020-11-23,Sierra,091,2930,17,15,0,15,0
2020-11-23,Siskiyou,093,43540,620,460,30,490,0
2020-11-23,Solano,095,438530,10390,9394,66,9460,86
2020-11-23,Sonoma,097,501317,12288,11507,51,11558,160
2020-11-23,Stanislaus,099,539301,21847,20487,1345,21832,436
2020-11-23,Sutter,101,95872,3338,2840,11,2851,14
2020-11-23,Tehama,103,63373,1670,1526,24,1550,9
2020-11-23,Trinity,105,12862,260,120,25,145,0
2020-11-23,Tulare,107,460477,21496,19818,1312,21130,315
2020-11-23,Tuolumne,109,53932,1022,774,5,779,7
2020-11-23,Ventura,111,848112,20049,18480,629,19109,179
2020-11-23,Yolo,113,214977,4906,4265,16,4281,75
2020-11-23,Yuba,115,75493,1970,1702,9,1711,10
2020-11-22,Alameda,001,1643700,29481,27472,312,27784,444
2020-11-22,Alpine,003,1148,46,41,0,41,0
2020-11-22,Amador,005,37829,502,450,1,451,16
2020-11-22,Butte,007,227075,4041,3712,187,3899,61
2020-11-22,Calaveras,009,45235,465,434,0,434,21
2020-11-22,Colusa,011,21464,722,642,3,645,6
2020-11-22,Contra Costa,013,1133247,23925,22407,145,22552,260
2020-11-22,Del Norte,015,27424,311,271,0,271,2
2020-11-22,El Dorado,017,186661,2488,1917,22,1939,4
2020-11-22,Fresno,019,978130,41320,36315,1260,37575,488
2020-11-22,Glenn,021,27897,938,832,34,866,4
2020-11-22,Humboldt,023,135768,873,729,2,731,9
2020-11-22,Imperial,025,180216,16016,15109,62,15171,355
2020-11-22,Inyo,027,18085,295,279,5,284,15
2020-11-22,Kern,029,883053,40269,37904,1061,38965,463
2020-11-22,Kings,031,150075,10940,10035,138,10173,85
2020-11-22,Lake,033,64148,942,834,0,834,18
2020-11-22,Lassen,035,31185,1928,1211,6,1217,0
2020-11-22,Los Angeles,037,10098052,382586,360341,5517,365858,7438
2020-11-22,Madera,039,155013,6299,5745,129,5874,56
2020-11-22,Marin,041,260295,7694,7506,27,7533,135
2020-11-22,Mariposa,043,17540,124,95,1,96,2
2020-11-22,Mendocino,045,87422,1460,1285,3,1288,22
2020-11-22,Merced,047,269075,11582,10939,102,11041,169
2020-11-22,Modoc,049,8938,104,87,19,106,0
2020-11-22,Mono,051,14174,504,481,9,490,2
2020-11-22,Monterey,053,433212,15035,13887,255,14142,111
2020-11-22,Napa,055,140530,3137,2778,17,2795,17
2020-11-22,Nevada,057,99092,1251,1052,32,1084,9
2020-11-22,Orange,059,3164182,77146,69913,2284,72197,1546
2020-11-22,Placer,061,380077,6952,5880,127,6007,66
2020-11-22,Plumas,063,18699,200,172,0,172,0
2020-11-22,Riverside,065,2383286,88826,81565,1607,83172,1409
2020-11-22,Sacramento,067,1510023,36338,33421,106,33527,555
2020-11-22,San Benito,069,59416,1809,1704,11,1715,15
2020-11-22,San Bernardino,071,2135413,92662,83505,1404,84909,1224
2020-11-22,San Diego,073,3302833,78752,71649,2810,74459,968
2020-11-22,San Francisco,075,870044,15279,14515,94,14609,153
2020-11-22,San Joaquin,077,732212,26211,24619,475,25094,517
2020-11-22,San Luis Obispo,079,281455,6203,5664,102,5766,34
2020-11-22,San Mateo,081,765935,14217,13228,13,13241,170
2020-11-22,Santa Barbara,083,443738,11802,10946,195,11141,137
2020-11-22,Santa Clara,085,1922200,34363,30633,77,30710,434
2020-11-22,Santa Cruz,087,273765,4442,3896,47,3943,25
2020-11-22,Shasta,089,179085,5151,4100,142,4242,43
2020-11-22,Sierra,091,2930,17,13,0,13,0
2020-11-22,Siskiyou,093,43540,588,411,30,441,0
2020-11-22,Solano,095,438530,10219,9363,62,9425,86
2020-11-22,Sonoma,097,501317,12130,11415,49,11464,159
2020-11-22,Stanislaus,099,539301,21520,20223,1315,21538,436
2020-11-22,Sutter,101,95872,3220,2677,11,2688,13
2020-11-22,Tehama,103,63373,1636,1457,19,1476,9
2020-11-22,Trinity,105,12862,254,114,25,139,0
2020-11-22,Tulare,107,460477,21245,19818,1242,21060,314
2020-11-22,Tuolumne,109,53932,996,689,5,694,7
2020-11-22,Ventura,111,848112,19688,18105,615,18720,179
2020-11-22,Yolo,113,214977,4805,4206,16,4222,75
2020-11-22,Yuba,115,75493,1917,1672,9,1681,10
2020-11-21,Alameda,001,1643700,29295,27424,310,27734,444
2020-11-21,Alpine,003,1148,46,41,0,41,0
2020-11-21,Amador,005,37829,488,450,1,451,16
2020-11-21,Butte,007,227075,3993,3664,184,3848,61
2020-11-21,Calaveras,009,45235,459,434,0,434,21
2020-11-21,Colusa,011,21464,713,642,3,645,6
2020-11-21,Contra Costa,013,1133247,23772,22338,143,22481,260
2020-11-21,Del Norte,015,27424,306,271,0,271,2
2020-11-21,El Dorado,017,186661,2439,1900,21,1921,4
2020-11-21,Fresno,019,978130,41064,35973,1226,37199,482
2020-11-21,Glenn,021,27897,933,829,32,861,4
2020-11-21,Humboldt,023,135768,863,728,2,730,9
2020-11-21,Imperial,025,180216,15939,15053,62,15115,355
2020-11-21,Inyo,027,18085,293,283,5,288,15
2020-11-21,Kern,029,883053,40013,37403,1026,38429,463
2020-11-21,Kings,031,150075,10892,10019,134,10153,85
2020-11-21,Lake,033,64148,929,832,0,832,18
2020-11-21,Lassen,035,31185,1860,1211,6,1217,0
2020-11-21,Los Angeles,037,10098052,379408,357754,5372,363126,7428
2020-11-21,Madera,039,155013,6262,5706,129,5835,56
2020-11-21,Marin,041,260295,7671,7488,26,7514,134
2020-11-21,Mariposa,043,17540,124,92,1,93,2
2020-11-21,Mendocino,045,87422,1429,1282,3,1285,22
2020-11-21,Merced,047,269075,11521,10849,101,10950,169
2020-11-21,Modoc,049,8938,100,87,18,105,0
2020-11-21,Mono,051,14174,499,469,9,478,2
2020-11-21,Monterey,053,433212,14937,13886,250,14136,110
2020-11-21,Napa,055,140530,3103,2757,17,2774,17
2020-11-21,Nevada,057,99092,1239,1018,31,1049,9
2020-11-21,Orange,059,3164182,76343,69021,2254,71275,1543
2020-11-21,Placer,061,380077,6839,5778,124,5902,65
2020-11-21,Plumas,063,18699,195,172,0,172,0
2020-11-21,Riverside,065,2383286,88049,80676,1561,82237,1407
2020-11-21,Sacramento,067,1510023,35943,33133,98,33231,548
2020-11-21,San Benito,069,59416,1790,1691,11,1702,15
2020-11-21,San Bernardino,071,2135413,91785,83206,1327,84533,1222
2020-11-21,San Diego,073,3302833,77973,70711,2755,73466,966
2020-11-21,San Francisco,075,870044,15176,14445,93,14538,153
2020-11-21,San Joaquin,077,732212,26078,24620,460,25080,517
2020-11-21,San Luis Obispo,079,281455,6150,5618,99,5717,34
2020-11-21,San Mateo,081,765935,14115,13138,13,13151,170
2020-11-21,Santa Barbara,083,443738,11751,10922,192,11114,137
2020-11-21,Santa Clara,085,1922200,33979,30377,74,30451,433
2020-11-21,Santa Cruz,087,273765,4385,3898,47,3945,25
2020-11-21,Shasta,089,179085,5078,4095,139,4234,42
2020-11-21,Sierra,091,2930,17,13,0,13,0
2020-11-21,Siskiyou,093,43540,572,403,30,433,0
2020-11-21,Solano,095,438530,10129,9290,59,9349,86
2020-11-21,Sonoma,097,501317,12055,11394,47,11441,158
2020-11-21,Stanislaus,099,539301,21377,20111,1290,21401,435
2020-11-21,Sutter,101,95872,3160,2615,10,2625,13
2020-11-21,Tehama,103,63373,1616,1435,18,1453,9
2020-11-21,Trinity,105,12862,251,110,24,134,0
2020-11-21,Tulare,107,460477,21119,19752,1208,20960,313
2020-11-21,Tuolumne,109,53932,977,690,5,695,7
2020-11-21,Ventura,111,848112,19524,18040,605,18645,177
2020-11-21,Yolo,113,214977,4730,4147,15,4162,75
2020-11-21,Yuba,115,75493,1885,1643,9,1652,10
2020-11-20,Alameda,001,1643700,29080,27221,303,27524,444
2020-11-20,Alpine,003,1148,46,20,0,20,0
2020-11-20,Amador,005,37829,484,446,1,447,16
2020-11-20,Butte,007,227075,3961,3618,180,3798,60
2020-11-20,Calaveras,009,45235,447,424,0,424,21
2020-11-20,Colusa,011,21464,705,631,2,633,6
2020-11-20,Contra Costa,013,1133247,23586,22116,139,22255,260
2020-11-20,Del Norte,015,27424,302,264,0,264,2
2020-11-20,El Dorado,017,186661,2343,1868,19,1887,4
2020-11-20,Fresno,019,978130,40770,35635,1196,36831,480
2020-11-20,Glenn,021,27897,921,826,30,856,4
2020-11-20,Humboldt,023,135768,854,714,1,715,9
2020-11-20,Imperial,025,180216,15877,14864,57,14921,353
2020-11-20,Inyo,027,18085,291,262,5,267,15
2020-11-20,Kern,029,883053,39720,37143,1000,38143,462
2020-11-20,Kings,031,150075,10844,9903,133,10036,85
2020-11-20,Lake,033,64148,920,820,0,820,18
2020-11-20,Lassen,035,31185,1775,1212,5,1217,0
2020-11-20,Los Angeles,037,10098052,375526,353554,5208,358762,7398
2020-11-20,Madera,039,155013,6169,5635,128,5763,54
2020-11-20,Marin,041,260295,7647,7467,25,7492,134
2020-11-20,Mariposa,043,17540,116,89,1,90,2
2020-11-20,Mendocino,045,87422,1409,1269,3,1272,22
2020-11-20,Merced,047,269075,11435,10729,101,10830,167
2020-11-20,Modoc,049,8938,100,83,18,101,0
2020-11-20,Mono,051,14174,497,469,9,478,2
2020-11-20,Monterey,053,433212,14812,13738,241,13979,110
2020-11-20,Napa,055,140530,3073,2718,17,2735,17
2020-11-20,Nevada,057,99092,1221,990,30,1020,9
2020-11-20,Orange,059,3164182,75506,68212,2216,70428,1532
2020-11-20,Placer,061,380077,6705,5687,109,5796,66
2020-11-20,Plumas,063,18699,193,163,0,163,0
2020-11-20,Riverside,065,2383286,87038,79613,1498,81111,1405
2020-11-20,Sacramento,067,1510023,35566,32832,89,32921,549
2020-11-20,San Benito,069,59416,1778,1668,11,1679,15
2020-11-20,San Bernardino,071,2135413,90419,81203,1246,82449,1220
2020-11-20,San Diego,073,3302833,76975,69233,2673,71906,960
2020-11-20,San Francisco,075,870044,15072,14327,92,14419,153
2020-11-20,San Joaquin,077,732212,25925,24460,447,24907,515
2020-11-20,San Luis Obispo,079,281455,6095,5524,96,5620,34
2020-11-20,San Mateo,081,765935,13982,12980,12,12992,169
2020-11-20,Santa Barbara,083,443738,11695,10825,186,11011,136
2020-11-20,Santa Clara,085,1922200,33557,30002,69,30071,431
2020-11-20,Santa Cruz,087,273765,4319,3815,47,3862,25
2020-11-20,Shasta,089,179085,5004,3861,134,3995,42
2020-11-20,Sierra,091,2930,17,12,0,12,0
2020-11-20,Siskiyou,093,43540,559,387,29,416,0
2020-11-20,Solano,095,438530,10037,9216,57,9273,85
2020-11-20,Sonoma,097,501317,11971,11316,46,11362,158
2020-11-20,Stanislaus,099,539301,21222,19889,1264,21153,433
2020-11-20,Sutter,101,95872,3110,2580,10,2590,13
2020-11-20,Tehama,103,63373,1601,1410,15,1425,9
2020-11-20,Trinity,105,12862,250,102,24,126,0
2020-11-20,Tulare,107,460477,20986,19568,1169,20737,311
2020-11-20,Tuolumne,109,53932,938,662,5,667,7
2020-11-20,Ventura,111,848112,19356,17741,577,18318,175
2020-11-20,Yolo,113,214977,4652,4081,14,4095,74
2020-11-20,Yuba,115,75493,1857,1611,9,1620,10
2020-11-19,Alameda,001,1643700,28734,26971,295,27266,441
2020-11-19,Alpine,003,1148,43,20,0,20,0
2020-11-19,Amador,005,37829,480,436,1,437,16
2020-11-19,Butte,007,227075,3912,3576,173,3749,60
2020-11-19,Calaveras,009,45235,437,417,0,417,21
2020-11-19,Colusa,011,21464,687,621,2,623,6
2020-11-19,Contra Costa,013,1133247,23313,21886,136,22022,259
2020-11-19,Del Norte,015,27424,294,251,0,251,2
2020-11-19,El Dorado,017,186661,2269,1825,18,1843,4
2020-11-19,Fresno,019,978130,40321,35278,1139,36417,478
2020-11-19,Glenn,021,27897,899,806,29,835,4
2020-11-19,Humboldt,023,135768,834,693,1,694,9
2020-11-19,Imperial,025,180216,15668,14507,57,14564,349
2020-11-19,Inyo,027,18085,289,262,5,267,15
2020-11-19,Kern,029,883053,39299,36779,958,37737,459
2020-11-19,Kings,031,150075,10696,9763,125,9888,85
2020-11-19,Lake,033,64148,906,809,0,809,18
2020-11-19,Lassen,035,31185,1658,1201,3,1204,0
2020-11-19,Los Angeles,037,10098052,370506,349493,5038,354531,7365
2020-11-19,Madera,039,155013,6097,5540,120,5660,54
2020-11-19,Marin,041,260295,7616,7451,25,7476,134
2020-11-19,Mariposa,043,17540,109,88,0,88,2
2020-11-19,Mendocino,045,87422,1388,1237,3,1240,23
2020-11-19,Merced,047,269075,11294,10634,95,10729,167
2020-11-19,Modoc,049,8938,97,82,18,100,0
2020-11-19,Mono,051,14174,489,468,9,477,2
2020-11-19,Monterey,053,433212,14597,13369,229,13598,108
2020-11-19,Napa,055,140530,3019,2641,17,2658,17
2020-11-19,Nevada,057,99092,1180,945,29,974,9
2020-11-19,Orange,059,3164182,74243,66998,2171,69169,1530
2020-11-19,Placer,061,380077,6514,5612,108,5720,65
2020-11-19,Plumas,063,18699,188,158,0,158,0
2020-11-19,Riverside,065,2383286,85553,78535,1427,79962,1402
2020-11-19,Sacramento,067,1510023,35053,32367,87,32454,546
2020-11-19,San Benito,069,59416,1755,1643,11,1654,15
2020-11-19,San Bernardino,071,2135413,88524,79244,1166,80410,1215
2020-11-19,San Diego,073,3302833,75725,68142,2569,70711,952
2020-11-19,San Francisco,075,870044,14915,14178,86,14264,153
2020-11-19,San Joaquin,077,732212,25605,24270,436,24706,516
2020-11-19,San Luis Obispo,079,281455,6018,5410,92,5502,34
2020-11-19,San Mateo,081,765935,13844,12714,12,12726,169
2020-11-19,Santa Barbara,083,443738,11615,10741,183,10924,136
2020-11-19,Santa Clara,085,1922200,32999,29630,68,29698,424
2020-11-19,Santa Cruz,087,273765,4228,3679,45,3724,25
2020-11-19,Shasta,089,179085,4866,3685,124,3809,42
2020-11-19,Sierra,091,2930,17,11,0,11,0
2020-11-19,Siskiyou,093,43540,534,360,28,388,0
2020-11-19,Solano,095,438530,9900,9093,53,9146,84
2020-11-19,Sonoma,097,501317,11801,11205,44,11249,156
2020-11-19,Stanislaus,099,539301,20982,19736,1222,20958,433
2020-11-19,Sutter,101,95872,3011,2509,10,2519,13
2020-11-19,Tehama,103,63373,1568,1373,12,1385,9
2020-11-19,Trinity,105,12862,244,97,24,121,0
2020-11-19,Tulare,107,460477,20764,19384,1104,20488,304
2020-11-19,Tuolumne,109,53932,905,602,5,607,7
2020-11-19,Ventura,111,848112,19003,17300,564,17864,174
2020-11-19,Yolo,113,214977,4556,3973,14,3987,72
2020-11-19,Yuba,115,75493,1817,1568,9,1577,10
2020-11-18,Alameda,001,1643700,28472,26610,290,26900,440
2020-11-18,Alpine,003,1148,42,16,0,16,0
2020-11-18,Amador,005,37829,475,430,1,431,16
2020-11-18,Butte,007,227075,3859,3537,160,3697,59
2020-11-18,Calaveras,009,45235,433,409,0,409,21
2020-11-18,Colusa,011,21464,674,611,2,613,6
2020-11-18,Contra Costa,013,1133247,23046,21685,132,21817,258
2020-11-18,Del Norte,015,27424,281,240,0,240,2
2020-11-18,El Dorado,017,186661,2181,1799,17,1816,4
2020-11-18,Fresno,019,978130,39880,34997,1088,36085,474
2020-11-18,Glenn,021,27897,883,803,27,830,4
2020-11-18,Humboldt,023,135768,820,690,1,691,9
2020-11-18,Imperial,025,180216,15446,14428,56,14484,348
2020-11-18,Inyo,027,18085,287,262,5,267,15
2020-11-18,Kern,029,883053,38910,36537,908,37445,456
2020-11-18,Kings,031,150075,10548,9696,122,9818,85
2020-11-18,Lake,033,64148,893,802,0,802,18
2020-11-18,Lassen,035,31185,1558,1124,3,1127,0
2020-11-18,Los Angeles,037,10098052,365639,344675,4852,349527,7338
2020-11-18,Madera,039,155013,6010,5519,108,5627,54
2020-11-18,Marin,041,260295,7592,7435,25,7460,134
2020-11-18,Mariposa,043,17540,106,88,0,88,2
2020-11-18,Mendocino,045,87422,1368,1237,3,1240,23
2020-11-18,Merced,047,269075,11178,10536,94,10630,166
2020-11-18,Modoc,049,8938,94,77,18,95,0
2020-11-18,Mono,051,14174,484,468,9,477,2
2020-11-18,Monterey,053,433212,14402,13340,215,13555,108
2020-11-18,Napa,055,140530,2972,2607,17,2624,17
2020-11-18,Nevada,057,99092,1140,933,27,960,9
2020-11-18,Orange,059,3164182,73147,66381,2146,68527,1521
2020-11-18,Placer,061,380077,6336,5543,103,5646,64
2020-11-18,Plumas,063,18699,183,143,0,143,0
2020-11-18,Riverside,065,2383286,84088,77739,1324,79063,1387
2020-11-18,Sacramento,067,1510023,34428,31816,79,31895,541
2020-11-18,San Benito,069,59416,1730,1632,10,1642,15
2020-11-18,San Bernardino,071,2135413,86764,77400,1086,78486,1206
2020-11-18,San Diego,073,3302833,74431,67243,2509,69752,945
2020-11-18,San Francisco,075,870044,14771,14057,84,14141,153
2020-11-18,San Joaquin,077,732212,25339,24146,421,24567,517
2020-11-18,San Luis Obispo,079,281455,5943,5322,91,5413,34
2020-11-18,San Mateo,081,765935,13691,12631,11,12642,169
2020-11-18,Santa Barbara,083,443738,11536,10684,176,10860,136
2020-11-18,Santa Clara,085,1922200,32534,29285,63,29348,421
2020-11-18,Santa Cruz,087,273765,4136,3618,43,3661,25
2020-11-18,Shasta,089,179085,4730,3547,120,3667,42
2020-11-18,Sierra,091,2930,17,11,0,11,0
2020-11-18,Siskiyou,093,43540,502,351,27,378,0
2020-11-18,Solano,095,438530,9768,8994,51,9045,84
2020-11-18,Sonoma,097,501317,11694,11129,41,11170,155
2020-11-18,Stanislaus,099,539301,20739,19609,1197,20806,431
2020-11-18,Sutter,101,95872,2893,2442,10,2452,13
2020-11-18,Tehama,103,63373,1529,1338,12,1350,8
2020-11-18,Trinity,105,12862,230,95,23,118,0
2020-11-18,Tulare,107,460477,20554,19286,1053,20339,306
2020-11-18,Tuolumne,109,53932,870,590,5,595,7
2020-11-18,Ventura,111,848112,18678,17169,549,17718,173
2020-11-18,Yolo,113,214977,4482,3929,14,3943,71
2020-11-18,Yuba,115,75493,1763,1540,9,1549,10
2020-11-17,Alameda,001,1643700,28145,26425,280,26705,439
2020-11-17,Alpine,003,1148,40,12,0,12,0
2020-11-17,Amador,005,37829,464,423,1,424,16
2020-11-17,Butte,007,227075,3816,3500,150,3650,59
2020-11-17,Calaveras,009,45235,418,405,0,405,21
2020-11-17,Colusa,011,21464,663,606,1,607,6
2020-11-17,Contra Costa,013,1133247,22773,21557,127,21684,256
2020-11-17,Del Norte,015,27424,275,233,0,233,2
2020-11-17,El Dorado,017,186661,2122,1758,17,1775,4
2020-11-17,Fresno,019,978130,39282,34765,1029,35794,472
2020-11-17,Glenn,021,27897,872,795,26,821,4
2020-11-17,Humboldt,023,135768,798,685,1,686,9
2020-11-17,Imperial,025,180216,15210,14204,54,14258,346
2020-11-17,Inyo,027,18085,286,263,5,268,15
2020-11-17,Kern,029,883053,38460,36164,855,37019,455
2020-11-17,Kings,031,150075,10475,9653,115,9768,85
2020-11-17,Lake,033,64148,873,792,0,792,18
2020-11-17,Lassen,035,31185,1479,1124,3,1127,0
2020-11-17,Los Angeles,037,10098052,360687,340933,4689,345622,7302
2020-11-17,Madera,039,155013,5921,5485,101,5586,54
2020-11-17,Marin,041,260295,7560,7404,24,7428,134
2020-11-17,Mariposa,043,17540,103,87,0,87,2
2020-11-17,Mendocino,045,87422,1347,1216,3,1219,23
2020-11-17,Merced,047,269075,11034,10457,87,10544,162
2020-11-17,Modoc,049,8938,88,71,17,88,0
2020-11-17,Mono,051,14174,479,459,9,468,2
2020-11-17,Monterey,053,433212,14173,13220,205,13425,108
2020-11-17,Napa,055,140530,2918,2568,17,2585,17
2020-11-17,Nevada,057,99092,1099,918,26,944,9
2020-11-17,Orange,059,3164182,71996,65757,2118,67875,1519
2020-11-17,Placer,061,380077,6174,5435,97,5532,63
2020-11-17,Plumas,063,18699,175,142,0,142,0
2020-11-17,Riverside,065,2383286,82701,77079,1233,78312,1379
2020-11-17,Sacramento,067,1510023,33829,31341,75,31416,538
2020-11-17,San Benito,069,59416,1714,1611,4,1615,15
2020-11-17,San Bernardino,071,2135413,84949,76134,997,77131,1188
2020-11-17,San Diego,073,3302833,73178,66321,2453,68774,933
2020-11-17,San Francisco,075,870044,14605,13952,83,14035,153
2020-11-17,San Joaquin,077,732212,25067,23997,401,24398,516
2020-11-17,San Luis Obispo,079,281455,5847,5235,91,5326,34
2020-11-17,San Mateo,081,765935,13529,12491,10,12501,169
2020-11-17,Santa Barbara,083,443738,11450,10597,171,10768,136
2020-11-17,Santa Clara,085,1922200,31987,29013,62,29075,419
2020-11-17,Santa Cruz,087,273765,4052,3548,40,3588,25
2020-11-17,Shasta,089,179085,4568,3457,108,3565,40
2020-11-17,Sierra,091,2930,15,11,0,11,0
2020-11-17,Siskiyou,093,43540,454,333,26,359,0
2020-11-17,Solano,095,438530,9623,8905,50,8955,84
2020-11-17,Sonoma,097,501317,11560,11084,39,11123,155
2020-11-17,Stanislaus,099,539301,20515,19466,1169,20635,425
2020-11-17,Sutter,101,95872,2810,2370,9,2379,12
2020-11-17,Tehama,103,63373,1479,1290,12,1302,7
2020-11-17,Trinity,105,12862,213,83,23,106,0
2020-11-17,Tulare,107,460477,20323,19176,991,20167,305
2020-11-17,Tuolumne,109,53932,832,568,5,573,7
2020-11-17,Ventura,111,848112,18406,16797,531,17328,173
2020-11-17,Yolo,113,214977,4305,3887,13,3900,70
2020-11-17,Yuba,115,75493,1715,1519,9,1528,10
2020-11-16,Alameda,001,1643700,27798,26063,275,26338,436
2020-11-16,Alpine,003,1148,37,12,0,12,0
2020-11-16,Amador,005,37829,456,414,1,415,16
2020-11-16,Butte,007,227075,3777,3490,142,3632,58
2020-11-16,Calaveras,009,45235,410,402,0,402,21
2020-11-16,Colusa,011,21464,654,601,1,602,6
2020-11-16,Contra Costa,013,1133247,22507,21386,122,21508,256
2020-11-16,Del Norte,015,27424,268,225,0,225,2
2020-11-16,El Dorado,017,186661,2062,1694,15,1709,4
2020-11-16,Fresno,019,978130,38792,34593,975,35568,471
2020-11-16,Glenn,021,27897,860,786,25,811,4
2020-11-16,Humboldt,023,135768,782,660,1,661,9
2020-11-16,Imperial,025,180216,14962,14111,54,14165,346
2020-11-16,Inyo,027,18085,283,263,5,268,15
2020-11-16,Kern,029,883053,38066,36049,812,36861,455
2020-11-16,Kings,031,150075,10208,9569,111,9680,85
2020-11-16,Lake,033,64148,861,784,0,784,18
2020-11-16,Lassen,035,31185,1298,1124,3,1127,0
2020-11-16,Los Angeles,037,10098052,355944,338778,4514,343292,7277
2020-11-16,Madera,039,155013,5834,5433,95,5528,54
2020-11-16,Marin,041,260295,7531,7359,24,7383,134
2020-11-16,Mariposa,043,17540,100,86,0,86,2
2020-11-16,Mendocino,045,87422,1322,1209,3,1212,23
2020-11-16,Merced,047,269075,10896,10399,84,10483,162
2020-11-16,Modoc,049,8938,86,71,17,88,0
2020-11-16,Mono,051,14174,477,453,9,462,2
2020-11-16,Monterey,053,433212,13927,13089,195,13284,107
2020-11-16,Napa,055,140530,2842,2536,17,2553,17
2020-11-16,Nevada,057,99092,1056,889,24,913,9
2020-11-16,Orange,059,3164182,70899,65396,2104,67500,1519
2020-11-16,Placer,061,380077,6054,5387,88,5475,63
2020-11-16,Plumas,063,18699,168,127,0,127,0
2020-11-16,Riverside,065,2383286,81326,76449,1168,77617,1379
2020-11-16,Sacramento,067,1510023,33191,30954,69,31023,534
2020-11-16,San Benito,069,59416,1696,1603,3,1606,15
2020-11-16,San Bernardino,071,2135413,83122,74401,928,75329,1186
2020-11-16,San Diego,073,3302833,71867,65603,2381,67984,926
2020-11-16,San Francisco,075,870044,14446,13847,80,13927,153
2020-11-16,San Joaquin,077,732212,24779,23515,392,23907,513
2020-11-16,San Luis Obispo,079,281455,5743,5161,86,5247,34
2020-11-16,San Mateo,081,765935,13369,12398,10,12408,169
2020-11-16,Santa Barbara,083,443738,11386,10565,167,10732,135
2020-11-16,Santa Clara,085,1922200,31422,28673,61,28734,419
2020-11-16,Santa Cruz,087,273765,3979,3520,40,3560,25
2020-11-16,Shasta,089,179085,4418,3284,103,3387,37
2020-11-16,Sierra,091,2930,15,11,0,11,0
2020-11-16,Siskiyou,093,43540,427,294,26,320,0
2020-11-16,Solano,095,438530,9424,8827,50,8877,84
2020-11-16,Sonoma,097,501317,11468,10961,38,10999,155
2020-11-16,Stanislaus,099,539301,20278,19333,1142,20475,425
2020-11-16,Sutter,101,95872,2704,2322,9,2331,12
2020-11-16,Tehama,103,63373,1434,1261,8,1269,7
2020-11-16,Trinity,105,12862,201,67,23,90,0
2020-11-16,Tulare,107,460477,20144,18891,938,19829,305
2020-11-16,Tuolumne,109,53932,796,543,5,548,7
2020-11-16,Ventura,111,848112,18068,16691,523,17214,172
2020-11-16,Yolo,113,214977,4209,3858,13,3871,70
2020-11-16,Yuba,115,75493,1679,1500,8,1508,10
2020-11-15,Alameda,001,1643700,27479,25879,269,26148,436
2020-11-15,Alpine,003,1148,35,12,0,12,0
2020-11-15,Amador,005,37829,444,409,1,410,16
2020-11-15,Butte,007,227075,3723,3452,133,3585,58
2020-11-15,Calaveras,009,45235,396,386,0,386,21
2020-11-15,Colusa,011,21464,645,601,1,602,6
2020-11-15,Contra Costa,013,1133247,22208,21179,121,21300,256
2020-11-15,Del Norte,015,27424,253,224,0,224,2
2020-11-15,El Dorado,017,186661,2000,1683,14,1697,4
2020-11-15,Fresno,019,978130,38279,34297,937,35234,471
2020-11-15,Glenn,021,27897,848,783,24,807,4
2020-11-15,Humboldt,023,135768,753,653,1,654,9
2020-11-15,Imperial,025,180216,14725,13940,54,13994,346
2020-11-15,Inyo,027,18085,273,263,5,268,15
2020-11-15,Kern,029,883053,37661,35911,777,36688,455
2020-11-15,Kings,031,150075,10015,9533,107,9640,85
2020-11-15,Lake,033,64148,852,777,0,777,17
2020-11-15,Lassen,035,31185,1251,1124,3,1127,0
2020-11-15,Los Angeles,037,10098052,350905,336035,4341,340376,7271
2020-11-15,Madera,039,155013,5737,5391,89,5480,54
2020-11-15,Marin,041,260295,7505,7347,24,7371,133
2020-11-15,Mariposa,043,17540,97,86,0,86,2
2020-11-15,Mendocino,045,87422,1303,1197,3,1200,22
2020-11-15,Merced,047,269075,10763,10350,84,10434,162
2020-11-15,Modoc,049,8938,85,68,17,85,0
2020-11-15,Mono,051,14174,475,453,9,462,2
2020-11-15,Monterey,053,433212,13730,12999,182,13181,107
2020-11-15,Napa,055,140530,2783,2509,15,2524,17
2020-11-15,Nevada,057,99092,1001,859,24,883,9
2020-11-15,Orange,059,3164182,69858,65008,2088,67096,1519
2020-11-15,Placer,061,380077,5899,5330,80,5410,63
2020-11-15,Plumas,063,18699,162,127,0,127,0
2020-11-15,Riverside,065,2383286,80002,75531,1109,76640,1374
2020-11-15,Sacramento,067,1510023,32565,30601,65,30666,534
2020-11-15,San Benito,069,59416,1671,1589,2,1591,15
2020-11-15,San Bernardino,071,2135413,80970,73769,853,74622,1185
2020-11-15,San Diego,073,3302833,70366,64770,2324,67094,926
2020-11-15,San Francisco,075,870044,14270,13757,79,13836,153
2020-11-15,San Joaquin,077,732212,24570,23516,376,23892,513
2020-11-15,San Luis Obispo,079,281455,5618,5120,84,5204,34
2020-11-15,San Mateo,081,765935,13192,12348,10,12358,169
2020-11-15,Santa Barbara,083,443738,11291,10516,165,10681,135
2020-11-15,Santa Clara,085,1922200,30968,28289,60,28349,418
2020-11-15,Santa Cruz,087,273765,3841,3439,39,3478,25
2020-11-15,Shasta,089,179085,4243,3290,94,3384,37
2020-11-15,Sierra,091,2930,15,11,0,11,0
2020-11-15,Siskiyou,093,43540,408,294,26,320,0
2020-11-15,Solano,095,438530,9263,8713,47,8760,84
2020-11-15,Sonoma,097,501317,11348,10833,37,10870,154
2020-11-15,Stanislaus,099,539301,20006,19228,1116,20344,425
2020-11-15,Sutter,101,95872,2614,2230,9,2239,12
2020-11-15,Tehama,103,63373,1383,1222,7,1229,7
2020-11-15,Trinity,105,12862,191,67,21,88,0
2020-11-15,Tulare,107,460477,19927,18891,885,19776,305
2020-11-15,Tuolumne,109,53932,754,486,5,491,7
2020-11-15,Ventura,111,848112,17794,16564,515,17079,172
2020-11-15,Yolo,113,214977,4106,3819,12,3831,67
2020-11-15,Yuba,115,75493,1638,1470,7,1477,10
2020-11-14,Alameda,001,1643700,27212,25714,267,25981,435
2020-11-14,Alpine,003,1148,35,12,0,12,0
2020-11-14,Amador,005,37829,435,404,0,404,16
2020-11-14,Butte,007,227075,3687,3434,119,3553,58
2020-11-14,Calaveras,009,45235,395,386,0,386,21
2020-11-14,Colusa,011,21464,633,601,1,602,6
2020-11-14,Contra Costa,013,1133247,22069,20975,114,21089,256
2020-11-14,Del Norte,015,27424,247,219,0,219,2
2020-11-14,El Dorado,017,186661,1956,1648,14,1662,4
2020-11-14,Fresno,019,978130,38028,33969,900,34869,471
2020-11-14,Glenn,021,27897,839,772,21,793,3
2020-11-14,Humboldt,023,135768,738,643,1,644,9
2020-11-14,Imperial,025,180216,14632,13932,53,13985,346
2020-11-14,Inyo,027,18085,272,263,5,268,15
2020-11-14,Kern,029,883053,37451,35626,758,36384,454
2020-11-14,Kings,031,150075,9980,9490,104,9594,85
2020-11-14,Lake,033,64148,843,773,0,773,17
2020-11-14,Lassen,035,31185,1237,833,3,836,0
2020-11-14,Los Angeles,037,10098052,348198,333021,4232,337253,7269
2020-11-14,Madera,039,155013,5707,5371,87,5458,54
2020-11-14,Marin,041,260295,7489,7325,24,7349,133
2020-11-14,Mariposa,043,17540,96,86,0,86,2
2020-11-14,Mendocino,045,87422,1287,1181,3,1184,22
2020-11-14,Merced,047,269075,10707,10286,82,10368,161
2020-11-14,Modoc,049,8938,84,64,16,80,0
2020-11-14,Mono,051,14174,475,453,9,462,2
2020-11-14,Monterey,053,433212,13634,12854,172,13026,105
2020-11-14,Napa,055,140530,2749,2473,15,2488,17
2020-11-14,Nevada,057,99092,985,835,24,859,9
2020-11-14,Orange,059,3164182,69237,64340,2077,66417,1517
2020-11-14,Placer,061,380077,5823,5215,74,5289,63
2020-11-14,Plumas,063,18699,157,128,0,128,0
2020-11-14,Riverside,065,2383286,79260,74910,1069,75979,1373
2020-11-14,Sacramento,067,1510023,32239,30298,65,30363,532
2020-11-14,San Benito,069,59416,1656,1573,2,1575,15
2020-11-14,San Bernardino,071,2135413,80036,72868,821,73689,1184
2020-11-14,San Diego,073,3302833,69601,63715,2272,65987,926
2020-11-14,San Francisco,075,870044,14182,13661,78,13739,153
2020-11-14,San Joaquin,077,732212,24479,23516,368,23884,511
2020-11-14,San Luis Obispo,079,281455,5554,5073,79,5152,34
2020-11-14,San Mateo,081,765935,13084,12293,10,12303,169
2020-11-14,Santa Barbara,083,443738,11237,10482,163,10645,135
2020-11-14,Santa Clara,085,1922200,30684,27962,58,28020,416
2020-11-14,Santa Cruz,087,273765,3786,3402,39,3441,25
2020-11-14,Shasta,089,179085,4159,3195,92,3287,37
2020-11-14,Sierra,091,2930,15,11,0,11,0
2020-11-14,Siskiyou,093,43540,395,292,26,318,0
2020-11-14,Solano,095,438530,9183,8655,46,8701,84
2020-11-14,Sonoma,097,501317,11295,10769,37,10806,154
2020-11-14,Stanislaus,099,539301,19864,19068,1094,20162,424
2020-11-14,Sutter,101,95872,2569,2182,9,2191,12
2020-11-14,Tehama,103,63373,1362,1206,6,1212,7
2020-11-14,Trinity,105,12862,186,67,21,88,0
2020-11-14,Tulare,107,460477,19832,18853,857,19710,305
2020-11-14,Tuolumne,109,53932,726,448,5,453,7
2020-11-14,Ventura,111,848112,17648,16297,504,16801,172
2020-11-14,Yolo,113,214977,4063,3765,10,3775,65
2020-11-14,Yuba,115,75493,1609,1453,7,1460,10
2020-11-13,Alameda,001,1643700,26996,25515,262,25777,434
2020-11-13,Alpine,003,1148,35,12,0,12,0
2020-11-13,Amador,005,37829,432,397,0,397,16
2020-11-13,Butte,007,227075,3663,3402,110,3512,58
2020-11-13,Calaveras,009,45235,391,378,0,378,21
2020-11-13,Colusa,011,21464,625,598,1,599,6
2020-11-13,Contra Costa,013,1133247,21896,20799,114,20913,256
2020-11-13,Del Norte,015,27424,244,208,0,208,2
2020-11-13,El Dorado,017,186661,1911,1611,13,1624,4
2020-11-13,Fresno,019,978130,37781,33693,886,34579,470
2020-11-13,Glenn,021,27897,825,755,17,772,3
2020-11-13,Humboldt,023,135768,723,638,1,639,9
2020-11-13,Imperial,025,180216,14562,13790,52,13842,341
2020-11-13,Inyo,027,18085,271,262,5,267,15
2020-11-13,Kern,029,883053,37249,35431,741,36172,453
2020-11-13,Kings,031,150075,9921,9428,103,9531,85
2020-11-13,Lake,033,64148,837,770,0,770,17
2020-11-13,Lassen,035,31185,1228,832,3,835,0
2020-11-13,Los Angeles,037,10098052,345072,329364,4125,333489,7248
2020-11-13,Madera,039,155013,5667,5340,86,5426,54
2020-11-13,Marin,041,260295,7476,7307,23,7330,133
2020-11-13,Mariposa,043,17540,94,86,0,86,2
2020-11-13,Mendocino,045,87422,1275,1173,3,1176,22
2020-11-13,Merced,047,269075,10651,10185,79,10264,159
2020-11-13,Modoc,049,8938,84,63,14,77,0
2020-11-13,Mono,051,14174,475,448,8,456,2
2020-11-13,Monterey,053,433212,13438,12681,160,12841,104
2020-11-13,Napa,055,140530,2710,2440,15,2455,17
2020-11-13,Nevada,057,99092,966,798,24,822,9
2020-11-13,Orange,059,3164182,68637,63804,2057,65861,1514
2020-11-13,Placer,061,380077,5718,5122,68,5190,63
2020-11-13,Plumas,063,18699,151,125,0,125,0
2020-11-13,Riverside,065,2383286,78522,74138,1040,75178,1372
2020-11-13,Sacramento,067,1510023,31921,29787,60,29847,524
2020-11-13,San Benito,069,59416,1644,1553,1,1554,15
2020-11-13,San Bernardino,071,2135413,78988,71895,800,72695,1184
2020-11-13,San Diego,073,3302833,68754,62978,2234,65212,921
2020-11-13,San Francisco,075,870044,14089,13516,76,13592,146
2020-11-13,San Joaquin,077,732212,24384,23314,362,23676,510
2020-11-13,San Luis Obispo,079,281455,5488,4960,76,5036,34
2020-11-13,San Mateo,081,765935,12990,12182,10,12192,169
2020-11-13,Santa Barbara,083,443738,11185,10405,161,10566,134
2020-11-13,Santa Clara,085,1922200,30357,27609,56,27665,415
2020-11-13,Santa Cruz,087,273765,3713,3343,39,3382,25
2020-11-13,Shasta,089,179085,4074,2983,88,3071,37
2020-11-13,Sierra,091,2930,15,11,0,11,0
2020-11-13,Siskiyou,093,43540,390,280,25,305,0
2020-11-13,Solano,095,438530,9092,8525,46,8571,84
2020-11-13,Sonoma,097,501317,11234,10685,35,10720,151
2020-11-13,Stanislaus,099,539301,19739,18936,1066,20002,422
2020-11-13,Sutter,101,95872,2523,2121,8,2129,12
2020-11-13,Tehama,103,63373,1334,1167,6,1173,7
2020-11-13,Trinity,105,12862,184,64,21,85,0
2020-11-13,Tulare,107,460477,19708,18714,816,19530,305
2020-11-13,Tuolumne,109,53932,693,427,5,432,7
2020-11-13,Ventura,111,848112,17502,16172,490,16662,171
2020-11-13,Yolo,113,214977,4012,3716,10,3726,65
2020-11-13,Yuba,115,75493,1582,1435,7,1442,10
2020-11-12,Alameda,001,1643700,26729,25345,262,25607,432
2020-11-12,Alpine,003,1148,34,12,0,12,0
2020-11-12,Amador,005,37829,431,392,0,392,16
2020-11-12,Butte,007,227075,3614,3347,107,3454,58
2020-11-12,Calaveras,009,45235,386,373,0,373,21
2020-11-12,Colusa,011,21464,620,591,1,592,6
2020-11-12,Contra Costa,013,1133247,21689,20619,112,20731,255
2020-11-12,Del Norte,015,27424,237,203,0,203,2
2020-11-12,El Dorado,017,186661,1865,1573,9,1582,4
2020-11-12,Fresno,019,978130,37433,33459,844,34303,468
2020-11-12,Glenn,021,27897,806,727,17,744,3
2020-11-12,Humboldt,023,135768,710,625,1,626,9
2020-11-12,Imperial,025,180216,14397,13619,52,13671,341
2020-11-12,Inyo,027,18085,270,255,5,260,15
2020-11-12,Kern,029,883053,36984,35207,726,35933,451
2020-11-12,Kings,031,150075,9854,9335,102,9437,85
2020-11-12,Lake,033,64148,828,764,0,764,17
2020-11-12,Lassen,035,31185,1159,832,2,834,0
2020-11-12,Los Angeles,037,10098052,341332,327001,4023,331024,7223
2020-11-12,Madera,039,155013,5632,5273,81,5354,54
2020-11-12,Marin,041,260295,7447,7268,23,7291,133
2020-11-12,Mariposa,043,17540,92,84,0,84,2
2020-11-12,Mendocino,045,87422,1256,1142,3,1145,22
2020-11-12,Merced,047,269075,10537,10107,76,10183,158
2020-11-12,Modoc,049,8938,84,63,14,77,0
2020-11-12,Mono,051,14174,474,442,8,450,2
2020-11-12,Monterey,053,433212,13317,12489,146,12635,100
2020-11-12,Napa,055,140530,2648,2398,15,2413,16
2020-11-12,Nevada,057,99092,943,780,23,803,9
2020-11-12,Orange,059,3164182,67892,63232,2038,65270,1514
2020-11-12,Placer,061,380077,5608,5044,58,5102,62
2020-11-12,Plumas,063,18699,147,121,0,121,0
2020-11-12,Riverside,065,2383286,77589,73381,997,74378,1362
2020-11-12,Sacramento,067,1510023,31430,29459,53,29512,520
2020-11-12,San Benito,069,59416,1624,1525,1,1526,15
2020-11-12,San Bernardino,071,2135413,77622,70758,761,71519,1183
2020-11-12,San Diego,073,3302833,67774,62336,2183,64519,918
2020-11-12,San Francisco,075,870044,13990,13289,75,13364,146
2020-11-12,San Joaquin,077,732212,24191,23002,341,23343,509
2020-11-12,San Luis Obispo,079,281455,5424,4898,75,4973,33
2020-11-12,San Mateo,081,765935,12866,12086,9,12095,169
2020-11-12,Santa Barbara,083,443738,11123,10325,156,10481,134
2020-11-12,Santa Clara,085,1922200,29981,27261,55,27316,414
2020-11-12,Santa Cruz,087,273765,3630,3317,37,3354,25
2020-11-12,Shasta,089,179085,3936,2825,77,2902,37
2020-11-12,Sierra,091,2930,15,11,0,11,0
2020-11-12,Siskiyou,093,43540,373,275,20,295,0
2020-11-12,Solano,095,438530,8992,8417,45,8462,85
2020-11-12,Sonoma,097,501317,11132,10602,34,10636,151
2020-11-12,Stanislaus,099,539301,19570,18787,1037,19824,422
2020-11-12,Sutter,101,95872,2439,2075,7,2082,12
2020-11-12,Tehama,103,63373,1307,1117,6,1123,7
2020-11-12,Trinity,105,12862,176,62,20,82,0
2020-11-12,Tulare,107,460477,19596,18545,778,19323,305
2020-11-12,Tuolumne,109,53932,654,353,5,358,7
2020-11-12,Ventura,111,848112,17252,16013,484,16497,158
2020-11-12,Yolo,113,214977,3968,3646,10,3656,63
2020-11-12,Yuba,115,75493,1547,1410,7,1417,10
2020-11-11,Alameda,001,1643700,26487,25140,260,25400,429
2020-11-11,Alpine,003,1148,29,12,0,12,0
2020-11-11,Amador,005,37829,424,389,0,389,16
2020-11-11,Butte,007,227075,3588,3348,94,3442,58
2020-11-11,Calaveras,009,45235,376,373,0,373,21
2020-11-11,Colusa,011,21464,614,591,1,592,6
2020-11-11,Contra Costa,013,1133247,21471,20452,110,20562,255
2020-11-11,Del Norte,015,27424,230,203,0,203,2
2020-11-11,El Dorado,017,186661,1819,1564,8,1572,4
2020-11-11,Fresno,019,978130,37113,33287,809,34096,468
2020-11-11,Glenn,021,27897,790,722,16,738,3
2020-11-11,Humboldt,023,135768,696,623,1,624,9
2020-11-11,Imperial,025,180216,14226,13623,50,13673,340
2020-11-11,Inyo,027,18085,268,255,5,260,15
2020-11-11,Kern,029,883053,36709,35014,709,35723,449
2020-11-11,Kings,031,150075,9748,9263,99,9362,85
2020-11-11,Lake,033,64148,818,763,0,763,17
2020-11-11,Lassen,035,31185,1134,831,2,833,0
2020-11-11,Los Angeles,037,10098052,337970,324567,3936,328503,7220
2020-11-11,Madera,039,155013,5597,5248,79,5327,54
2020-11-11,Marin,041,260295,7424,7268,23,7291,133
2020-11-11,Mariposa,043,17540,92,84,0,84,2
2020-11-11,Mendocino,045,87422,1244,1142,3,1145,22
2020-11-11,Merced,047,269075,10466,10074,74,10148,157
2020-11-11,Modoc,049,8938,80,62,13,75,0
2020-11-11,Mono,051,14174,472,443,8,451,2
2020-11-11,Monterey,053,433212,13173,12417,142,12559,100
2020-11-11,Napa,055,140530,2599,2365,12,2377,15
2020-11-11,Nevada,057,99092,901,741,23,764,9
2020-11-11,Orange,059,3164182,67254,62929,2015,64944,1506
2020-11-11,Placer,061,380077,5524,4981,50,5031,60
2020-11-11,Plumas,063,18699,145,111,0,111,0
2020-11-11,Riverside,065,2383286,76685,72953,951,73904,1361
2020-11-11,Sacramento,067,1510023,30973,28968,51,29019,520
2020-11-11,San Benito,069,59416,1610,1512,1,1513,15
2020-11-11,San Bernardino,071,2135413,76335,70374,734,71108,1182
2020-11-11,San Diego,073,3302833,66839,61746,2122,63868,918
2020-11-11,San Francisco,075,870044,13882,13287,74,13361,146
2020-11-11,San Joaquin,077,732212,24031,23001,335,23336,509
2020-11-11,San Luis Obispo,079,281455,5349,4832,72,4904,33
2020-11-11,San Mateo,081,765935,12751,12008,9,12017,169
2020-11-11,Santa Barbara,083,443738,11058,10278,156,10434,134
2020-11-11,Santa Clara,085,1922200,29628,27075,54,27129,413
2020-11-11,Santa Cruz,087,273765,3562,3247,37,3284,25
2020-11-11,Shasta,089,179085,3813,2766,67,2833,36
2020-11-11,Sierra,091,2930,13,11,0,11,0
2020-11-11,Siskiyou,093,43540,342,261,17,278,0
2020-11-11,Solano,095,438530,8874,8353,43,8396,85
2020-11-11,Sonoma,097,501317,11058,10498,34,10532,150
2020-11-11,Stanislaus,099,539301,19432,18671,1006,19677,422
2020-11-11,Sutter,101,95872,2391,2049,6,2055,12
2020-11-11,Tehama,103,63373,1265,1105,5,1110,7
2020-11-11,Trinity,105,12862,165,62,20,82,0
2020-11-11,Tulare,107,460477,19465,18500,747,19247,305
2020-11-11,Tuolumne,109,53932,598,354,4,358,7
2020-11-11,Ventura,111,848112,17037,15801,470,16271,158
2020-11-11,Yolo,113,214977,3917,3606,10,3616,63
2020-11-11,Yuba,115,75493,1532,1400,7,1407,10
2020-11-10,Alameda,001,1643700,26257,25008,257,25265,424
2020-11-10,Alpine,003,1148,29,9,0,9,0
2020-11-10,Amador,005,37829,418,384,0,384,16
2020-11-10,Butte,007,227075,3552,3327,90,3417,58
2020-11-10,Calaveras,009,45235,371,367,0,367,21
2020-11-10,Colusa,011,21464,606,590,1,591,6
2020-11-10,Contra Costa,013,1133247,21264,20326,108,20434,255
2020-11-10,Del Norte,015,27424,224,196,0,196,2
2020-11-10,El Dorado,017,186661,1758,1551,8,1559,4
2020-11-10,Fresno,019,978130,36843,33024,771,33795,465
2020-11-10,Glenn,021,27897,782,719,12,731,3
2020-11-10,Humboldt,023,135768,679,610,1,611,9
2020-11-10,Imperial,025,180216,14097,13570,50,13620,338
2020-11-10,Inyo,027,18085,267,252,5,257,14
2020-11-10,Kern,029,883053,36432,34858,690,35548,448
2020-11-10,Kings,031,150075,9701,9236,92,9328,85
2020-11-10,Lake,033,64148,808,762,0,762,16
2020-11-10,Lassen,035,31185,1119,830,2,832,0
2020-11-10,Los Angeles,037,10098052,334718,322569,3821,326390,7205
2020-11-10,Madera,039,155013,5555,5229,73,5302,54
2020-11-10,Marin,041,260295,7405,7259,23,7282,133
2020-11-10,Mariposa,043,17540,90,84,0,84,2
2020-11-10,Mendocino,045,87422,1236,1137,3,1140,22
2020-11-10,Merced,047,269075,10404,9992,68,10060,157
2020-11-10,Modoc,049,8938,78,61,13,74,0
2020-11-10,Mono,051,14174,470,443,8,451,2
2020-11-10,Monterey,053,433212,13035,12335,134,12469,100
2020-11-10,Napa,055,140530,2561,2341,10,2351,15
2020-11-10,Nevada,057,99092,885,734,23,757,9
2020-11-10,Orange,059,3164182,66703,62597,2005,64602,1504
2020-11-10,Placer,061,380077,5444,4902,49,4951,60
2020-11-10,Plumas,063,18699,141,108,0,108,0
2020-11-10,Riverside,065,2383286,76043,72316,924,73240,1359
2020-11-10,Sacramento,067,1510023,30566,28677,48,28725,519
2020-11-10,San Benito,069,59416,1595,1508,1,1509,15
2020-11-10,San Bernardino,071,2135413,75164,69666,701,70367,1182
2020-11-10,San Diego,073,3302833,65948,61085,2085,63170,915
2020-11-10,San Francisco,075,870044,13765,13210,74,13284,146
2020-11-10,San Joaquin,077,732212,23866,22865,328,23193,508
2020-11-10,San Luis Obispo,079,281455,5285,4780,69,4849,33
2020-11-10,San Mateo,081,765935,12650,11939,9,11948,169
2020-11-10,Santa Barbara,083,443738,10991,10252,152,10404,134
2020-11-10,Santa Clara,085,1922200,29284,26917,53,26970,409
2020-11-10,Santa Cruz,087,273765,3498,3221,37,3258,25
2020-11-10,Shasta,089,179085,3671,2686,59,2745,36
2020-11-10,Sierra,091,2930,12,10,0,10,0
2020-11-10,Siskiyou,093,43540,326,263,16,279,0
2020-11-10,Solano,095,438530,8776,8299,43,8342,85
2020-11-10,Sonoma,097,501317,10971,10414,34,10448,150
2020-11-10,Stanislaus,099,539301,19298,18592,982,19574,420
2020-11-10,Sutter,101,95872,2296,2035,5,2040,12
2020-11-10,Tehama,103,63373,1239,1099,4,1103,7
2020-11-10,Trinity,105,12862,156,62,18,80,0
2020-11-10,Tulare,107,460477,19351,18430,723,19153,305
2020-11-10,Tuolumne,109,53932,550,353,4,357,7
2020-11-10,Ventura,111,848112,16854,15625,468,16093,158
2020-11-10,Yolo,113,214977,3856,3573,10,3583,63
2020-11-10,Yuba,115,75493,1509,1392,7,1399,10
2020-11-09,Alameda,001,1643700,26008,24899,253,25152,424
2020-11-09,Alpine,003,1148,27,6,0,6,0
2020-11-09,Amador,005,37829,409,380,0,380,16
2020-11-09,Butte,007,227075,3507,3301,81,3382,57
2020-11-09,Calaveras,009,45235,367,360,0,360,21
2020-11-09,Colusa,011,21464,600,583,1,584,6
2020-11-09,Contra Costa,013,1133247,21091,20193,106,20299,255
2020-11-09,Del Norte,015,27424,218,195,0,195,2
2020-11-09,El Dorado,017,186661,1717,1515,8,1523,4
2020-11-09,Fresno,019,978130,36532,32755,731,33486,465
2020-11-09,Glenn,021,27897,776,714,9,723,3
2020-11-09,Humboldt,023,135768,666,607,1,608,9
2020-11-09,Imperial,025,180216,13980,13508,48,13556,338
2020-11-09,Inyo,027,18085,267,252,5,257,14
2020-11-09,Kern,029,883053,36201,34764,654,35418,448
2020-11-09,Kings,031,150075,9631,9141,90,9231,84
2020-11-09,Lake,033,64148,799,755,0,755,16
2020-11-09,Lassen,035,31185,1023,799,2,801,0
2020-11-09,Los Angeles,037,10098052,331621,320370,3745,324115,7180
2020-11-09,Madera,039,155013,5509,5209,70,5279,54
2020-11-09,Marin,041,260295,7379,7237,22,7259,131
2020-11-09,Mariposa,043,17540,90,84,0,84,2
2020-11-09,Mendocino,045,87422,1224,1132,3,1135,22
2020-11-09,Merced,047,269075,10301,9922,65,9987,157
2020-11-09,Modoc,049,8938,74,54,12,66,0
2020-11-09,Mono,051,14174,467,352,8,360,2
2020-11-09,Monterey,053,433212,12888,12148,126,12274,98
2020-11-09,Napa,055,140530,2518,2309,10,2319,15
2020-11-09,Nevada,057,99092,848,729,22,751,9
2020-11-09,Orange,059,3164182,66062,62335,1993,64328,1501
2020-11-09,Placer,061,380077,5359,4843,37,4880,60
2020-11-09,Plumas,063,18699,134,102,0,102,0
2020-11-09,Riverside,065,2383286,75260,72059,890,72949,1346
2020-11-09,Sacramento,067,1510023,30094,28200,48,28248,516
2020-11-09,San Benito,069,59416,1586,1506,1,1507,15
2020-11-09,San Bernardino,071,2135413,74110,69015,659,69674,1182
2020-11-09,San Diego,073,3302833,65093,60572,2045,62617,908
2020-11-09,San Francisco,075,870044,13646,12984,71,13055,146
2020-11-09,San Joaquin,077,732212,23701,22512,323,22835,505
2020-11-09,San Luis Obispo,079,281455,5199,4746,67,4813,32
2020-11-09,San Mateo,081,765935,12543,11857,9,11866,169
2020-11-09,Santa Barbara,083,443738,10934,10214,146,10360,134
2020-11-09,Santa Clara,085,1922200,28889,26693,53,26746,409
2020-11-09,Santa Cruz,087,273765,3440,3194,37,3231,25
2020-11-09,Shasta,089,179085,3516,2581,50,2631,36
2020-11-09,Sierra,091,2930,10,10,0,10,0
2020-11-09,Siskiyou,093,43540,315,257,14,271,0
2020-11-09,Solano,095,438530,8660,8254,42,8296,85
2020-11-09,Sonoma,097,501317,10863,10310,34,10344,150
2020-11-09,Stanislaus,099,539301,19145,18482,965,19447,418
2020-11-09,Sutter,101,95872,2229,2010,4,2014,12
2020-11-09,Tehama,103,63373,1203,1071,3,1074,7
2020-11-09,Trinity,105,12862,149,46,18,64,0
2020-11-09,Tulare,107,460477,19231,18272,691,18963,304
2020-11-09,Tuolumne,109,53932,496,346,4,350,7
2020-11-09,Ventura,111,848112,16652,15568,465,16033,156
2020-11-09,Yolo,113,214977,3796,3522,9,3531,62
2020-11-09,Yuba,115,75493,1476,1380,7,1387,10
2020-11-08,Alameda,001,1643700,25779,24731,253,24984,424
2020-11-08,Alpine,003,1148,24,6,0,6,0
2020-11-08,Amador,005,37829,402,376,0,376,16
2020-11-08,Butte,007,227075,3469,3285,74,3359,57
2020-11-08,Calaveras,009,45235,365,360,0,360,21
2020-11-08,Colusa,011,21464,597,583,1,584,6
2020-11-08,Contra Costa,013,1133247,20921,20031,104,20135,254
2020-11-08,Del Norte,015,27424,210,195,0,195,2
2020-11-08,El Dorado,017,186661,1679,1502,8,1510,4
2020-11-08,Fresno,019,978130,36195,32619,693,33312,465
2020-11-08,Glenn,021,27897,770,707,8,715,3
2020-11-08,Humboldt,023,135768,650,605,1,606,9
2020-11-08,Imperial,025,180216,13864,13428,48,13476,338
2020-11-08,Inyo,027,18085,263,252,5,257,14
2020-11-08,Kern,029,883053,35982,34644,637,35281,448
2020-11-08,Kings,031,150075,9497,9026,87,9113,84
2020-11-08,Lake,033,64148,791,754,0,754,16
2020-11-08,Lassen,035,31185,875,799,2,801,0
2020-11-08,Los Angeles,037,10098052,328495,318960,3677,322637,7176
2020-11-08,Madera,039,155013,5440,5196,67,5263,54
2020-11-08,Marin,041,260295,7359,7227,22,7249,131
2020-11-08,Mariposa,043,17540,90,83,0,83,2
2020-11-08,Mendocino,045,87422,1215,1129,3,1132,22
2020-11-08,Merced,047,269075,10226,9885,63,9948,157
2020-11-08,Modoc,049,8938,70,54,12,66,0
2020-11-08,Mono,051,14174,461,352,8,360,2
2020-11-08,Monterey,053,433212,12743,12122,115,12237,98
2020-11-08,Napa,055,140530,2478,2274,10,2284,15
2020-11-08,Nevada,057,99092,832,715,22,737,9
2020-11-08,Orange,059,3164182,65473,62034,1979,64013,1501
2020-11-08,Placer,061,380077,5256,4800,32,4832,60
2020-11-08,Plumas,063,18699,129,102,0,102,0
2020-11-08,Riverside,065,2383286,74605,71442,848,72290,1345
2020-11-08,Sacramento,067,1510023,29534,28059,45,28104,515
2020-11-08,San Benito,069,59416,1571,1496,1,1497,15
2020-11-08,San Bernardino,071,2135413,72859,68412,620,69032,1182
2020-11-08,San Diego,073,3302833,64248,60199,2001,62200,908
2020-11-08,San Francisco,075,870044,13515,12985,66,13051,146
2020-11-08,San Joaquin,077,732212,23507,22514,319,22833,505
2020-11-08,San Luis Obispo,079,281455,5133,4698,62,4760,32
2020-11-08,San Mateo,081,765935,12424,11783,9,11792,169
2020-11-08,Santa Barbara,083,443738,10864,10180,144,10324,134
2020-11-08,Santa Clara,085,1922200,28515,26442,52,26494,410
2020-11-08,Santa Cruz,087,273765,3383,3134,37,3171,25
2020-11-08,Shasta,089,179085,3380,2582,44,2626,36
2020-11-08,Sierra,091,2930,10,7,0,7,0
2020-11-08,Siskiyou,093,43540,303,246,13,259,0
2020-11-08,Solano,095,438530,8539,8132,41,8173,85
2020-11-08,Sonoma,097,501317,10756,10229,34,10263,149
2020-11-08,Stanislaus,099,539301,18969,18413,944,19357,418
2020-11-08,Sutter,101,95872,2171,1980,4,1984,12
2020-11-08,Tehama,103,63373,1179,1054,3,1057,7
2020-11-08,Trinity,105,12862,146,46,17,63,0
2020-11-08,Tulare,107,460477,19088,18272,661,18933,304
2020-11-08,Tuolumne,109,53932,469,341,4,345,7
2020-11-08,Ventura,111,848112,16457,15504,457,15961,156
2020-11-08,Yolo,113,214977,3735,3492,9,3501,61
2020-11-08,Yuba,115,75493,1455,1369,7,1376,10
2020-11-07,Alameda,001,1643700,25669,24578,251,24829,424
2020-11-07,Alpine,003,1148,24,6,0,6,0
2020-11-07,Amador,005,37829,399,375,0,375,16
2020-11-07,Butte,007,227075,3457,3277,69,3346,57
2020-11-07,Calaveras,009,45235,363,360,0,360,21
2020-11-07,Colusa,011,21464,597,583,1,584,6
2020-11-07,Contra Costa,013,1133247,20820,19943,103,20046,254
2020-11-07,Del Norte,015,27424,206,194,0,194,2
2020-11-07,El Dorado,017,186661,1654,1495,7,1502,4
2020-11-07,Fresno,019,978130,36041,32497,670,33167,465
2020-11-07,Glenn,021,27897,762,707,8,715,3
2020-11-07,Humboldt,023,135768,639,590,1,591,9
2020-11-07,Imperial,025,180216,13806,13388,47,13435,338
2020-11-07,Inyo,027,18085,261,252,5,257,14
2020-11-07,Kern,029,883053,35827,34513,627,35140,448
2020-11-07,Kings,031,150075,9464,9005,81,9086,84
2020-11-07,Lake,033,64148,787,751,0,751,16
2020-11-07,Lassen,035,31185,859,799,2,801,0
2020-11-07,Los Angeles,037,10098052,326987,316756,3609,320365,7174
2020-11-07,Madera,039,155013,5418,5177,65,5242,54
2020-11-07,Marin,041,260295,7348,7215,22,7237,131
2020-11-07,Mariposa,043,17540,90,81,0,81,2
2020-11-07,Mendocino,045,87422,1205,1118,3,1121,22
2020-11-07,Merced,047,269075,10194,9855,59,9914,157
2020-11-07,Modoc,049,8938,70,51,12,63,0
2020-11-07,Mono,051,14174,458,352,8,360,2
2020-11-07,Monterey,053,433212,12674,12030,111,12141,98
2020-11-07,Napa,055,140530,2448,2260,9,2269,15
2020-11-07,Nevada,057,99092,815,710,22,732,9
2020-11-07,Orange,059,3164182,65187,62038,1973,64011,1505
2020-11-07,Placer,061,380077,5193,4745,32,4777,60
2020-11-07,Plumas,063,18699,127,94,0,94,0
2020-11-07,Riverside,065,2383286,74210,71153,820,71973,1345
2020-11-07,Sacramento,067,1510023,29283,27773,45,27818,515
2020-11-07,San Benito,069,59416,1559,1489,1,1490,15
2020-11-07,San Bernardino,071,2135413,72344,67935,609,68544,1182
2020-11-07,San Diego,073,3302833,63736,59682,1969,61651,909
2020-11-07,San Francisco,075,870044,13454,12980,65,13045,146
2020-11-07,San Joaquin,077,732212,23398,22517,313,22830,505
2020-11-07,San Luis Obispo,079,281455,5084,4668,59,4727,32
2020-11-07,San Mateo,081,765935,12361,11711,9,11720,169
2020-11-07,Santa Barbara,083,443738,10822,10157,142,10299,134
2020-11-07,Santa Clara,085,1922200,28310,26244,51,26295,410
2020-11-07,Santa Cruz,087,273765,3345,3130,37,3167,25
2020-11-07,Shasta,089,179085,3311,2547,42,2589,36
2020-11-07,Sierra,091,2930,10,7,0,7,0
2020-11-07,Siskiyou,093,43540,299,241,13,254,0
2020-11-07,Solano,095,438530,8487,8066,41,8107,85
2020-11-07,Sonoma,097,501317,10710,10200,34,10234,149
2020-11-07,Stanislaus,099,539301,18860,18386,928,19314,418
2020-11-07,Sutter,101,95872,2131,1973,4,1977,12
2020-11-07,Tehama,103,63373,1155,1043,3,1046,7
2020-11-07,Trinity,105,12862,146,42,16,58,0
2020-11-07,Tulare,107,460477,19032,18229,644,18873,304
2020-11-07,Tuolumne,109,53932,458,327,4,331,7
2020-11-07,Ventura,111,848112,16397,15364,452,15816,156
2020-11-07,Yolo,113,214977,3704,3486,9,3495,61
2020-11-07,Yuba,115,75493,1440,1349,7,1356,10
2020-11-06,Alameda,001,1643700,25537,24389,249,24638,420
2020-11-06,Alpine,003,1148,24,6,0,6,0
2020-11-06,Amador,005,37829,397,369,0,369,16
2020-11-06,Butte,007,227075,3432,3254,61,3315,57
2020-11-06,Calaveras,009,45235,362,359,0,359,21
2020-11-06,Colusa,011,21464,595,580,1,581,6
2020-11-06,Contra Costa,013,1133247,20671,19744,103,19847,252
2020-11-06,Del Norte,015,27424,203,194,0,194,2
2020-11-06,El Dorado,017,186661,1628,1475,7,1482,4
2020-11-06,Fresno,019,978130,35853,32278,653,32931,460
2020-11-06,Glenn,021,27897,756,707,7,714,3
2020-11-06,Humboldt,023,135768,636,587,1,588,9
2020-11-06,Imperial,025,180216,13753,13230,47,13277,338
2020-11-06,Inyo,027,18085,259,246,5,251,14
2020-11-06,Kern,029,883053,35662,34360,609,34969,443
2020-11-06,Kings,031,150075,9440,8883,79,8962,83
2020-11-06,Lake,033,64148,786,741,0,741,16
2020-11-06,Lassen,035,31185,851,794,2,796,0
2020-11-06,Los Angeles,037,10098052,325014,314356,3556,317912,7160
2020-11-06,Madera,039,155013,5402,5136,64,5200,54
2020-11-06,Marin,041,260295,7327,7184,22,7206,131
2020-11-06,Mariposa,043,17540,89,79,0,79,2
2020-11-06,Mendocino,045,87422,1200,1113,3,1116,22
2020-11-06,Merced,047,269075,10154,9778,56,9834,157
2020-11-06,Modoc,049,8938,70,48,12,60,0
2020-11-06,Mono,051,14174,452,308,8,316,1
2020-11-06,Monterey,053,433212,12557,11914,110,12024,96
2020-11-06,Napa,055,140530,2423,2189,9,2198,15
2020-11-06,Nevada,057,99092,802,692,21,713,9
2020-11-06,Orange,059,3164182,64884,61049,1963,63012,1494
2020-11-06,Placer,061,380077,5120,4680,32,4712,60
2020-11-06,Plumas,063,18699,122,90,0,90,0
2020-11-06,Riverside,065,2383286,73760,70409,779,71188,1341
2020-11-06,Sacramento,067,1510023,28991,27489,43,27532,514
2020-11-06,San Benito,069,59416,1550,1479,1,1480,15
2020-11-06,San Bernardino,071,2135413,71748,66740,588,67328,1179
2020-11-06,San Diego,073,3302833,63212,59143,1937,61080,907
2020-11-06,San Francisco,075,870044,13384,12825,64,12889,146
2020-11-06,San Joaquin,077,732212,23313,22424,303,22727,502
2020-11-06,San Luis Obispo,079,281455,5019,4531,53,4584,32
2020-11-06,San Mateo,081,765935,12286,11587,9,11596,168
2020-11-06,Santa Barbara,083,443738,10786,10118,137,10255,133
2020-11-06,Santa Clara,085,1922200,28068,25831,51,25882,402
2020-11-06,Santa Cruz,087,273765,3308,3063,37,3100,25
2020-11-06,Shasta,089,179085,3238,2475,41,2516,35
2020-11-06,Sierra,091,2930,9,7,0,7,0
2020-11-06,Siskiyou,093,43540,286,237,12,249,0
2020-11-06,Solano,095,438530,8422,7959,41,8000,85
2020-11-06,Sonoma,097,501317,10660,10142,34,10176,149
2020-11-06,Stanislaus,099,539301,18772,18250,919,19169,417
2020-11-06,Sutter,101,95872,2104,1937,2,1939,12
2020-11-06,Tehama,103,63373,1134,1024,3,1027,6
2020-11-06,Trinity,105,12862,143,41,16,57,0
2020-11-06,Tulare,107,460477,18968,18136,619,18755,300
2020-11-06,Tuolumne,109,53932,437,316,4,320,5
2020-11-06,Ventura,111,848112,16311,15222,449,15671,154
2020-11-06,Yolo,113,214977,3675,3420,9,3429,62
2020-11-06,Yuba,115,75493,1427,1335,7,1342,10
2020-11-05,Alameda,001,1643700,25359,24270,249,24519,420
2020-11-05,Alpine,003,1148,24,6,0,6,0
2020-11-05,Amador,005,37829,394,363,0,363,16
2020-11-05,Butte,007,227075,3409,3239,55,3294,57
2020-11-05,Calaveras,009,45235,355,333,0,333,19
2020-11-05,Colusa,011,21464,591,574,1,575,6
2020-11-05,Contra Costa,013,1133247,20489,19656,101,19757,252
2020-11-05,Del Norte,015,27424,201,192,0,192,2
2020-11-05,El Dorado,017,186661,1604,1466,7,1473,4
2020-11-05,Fresno,019,978130,35610,32056,628,32684,460
2020-11-05,Glenn,021,27897,736,702,7,709,3
2020-11-05,Humboldt,023,135768,625,581,1,582,9
2020-11-05,Imperial,025,180216,13661,13178,45,13223,337
2020-11-05,Inyo,027,18085,259,247,5,252,14
2020-11-05,Kern,029,883053,35460,34232,595,34827,443
2020-11-05,Kings,031,150075,9285,8846,76,8922,83
2020-11-05,Lake,033,64148,782,739,0,739,16
2020-11-05,Lassen,035,31185,820,782,2,784,0
2020-11-05,Los Angeles,037,10098052,322658,312381,3503,315884,7146
2020-11-05,Madera,039,155013,5363,5129,61,5190,54
2020-11-05,Marin,041,260295,7305,7171,22,7193,131
2020-11-05,Mariposa,043,17540,88,79,0,79,2
2020-11-05,Mendocino,045,87422,1188,1112,3,1115,22
2020-11-05,Merced,047,269075,10095,9753,51,9804,155
2020-11-05,Modoc,049,8938,69,47,11,58,0
2020-11-05,Mono,051,14174,450,307,8,315,1
2020-11-05,Monterey,053,433212,12449,11784,106,11890,96
2020-11-05,Napa,055,140530,2396,2158,9,2167,15
2020-11-05,Nevada,057,99092,780,687,20,707,9
2020-11-05,Orange,059,3164182,64437,60740,1953,62693,1484
2020-11-05,Placer,061,380077,5051,4627,27,4654,60
2020-11-05,Plumas,063,18699,114,90,0,90,0
2020-11-05,Riverside,065,2383286,73049,70094,721,70815,1338
2020-11-05,Sacramento,067,1510023,28610,27232,42,27274,512
2020-11-05,San Benito,069,59416,1535,1477,1,1478,15
2020-11-05,San Bernardino,071,2135413,70921,66407,575,66982,1174
2020-11-05,San Diego,073,3302833,62586,58659,1911,60570,904
2020-11-05,San Francisco,075,870044,13272,12726,63,12789,146
2020-11-05,San Joaquin,077,732212,23149,22318,299,22617,502
2020-11-05,San Luis Obispo,079,281455,4952,4459,51,4510,32
2020-11-05,San Mateo,081,765935,12192,11535,9,11544,168
2020-11-05,Santa Barbara,083,443738,10742,10080,134,10214,133
2020-11-05,Santa Clara,085,1922200,27801,25651,51,25702,402
2020-11-05,Santa Cruz,087,273765,3270,3023,37,3060,25
2020-11-05,Shasta,089,179085,3148,2401,40,2441,34
2020-11-05,Sierra,091,2930,9,6,0,6,0
2020-11-05,Siskiyou,093,43540,275,228,12,240,0
2020-11-05,Solano,095,438530,8339,7842,41,7883,85
2020-11-05,Sonoma,097,501317,10548,10064,33,10097,145
2020-11-05,Stanislaus,099,539301,18658,18194,906,19100,417
2020-11-05,Sutter,101,95872,2072,1925,2,1927,12
2020-11-05,Tehama,103,63373,1112,1015,2,1017,6
2020-11-05,Trinity,105,12862,127,41,15,56,0
2020-11-05,Tulare,107,460477,18880,18049,591,18640,301
2020-11-05,Tuolumne,109,53932,408,312,4,316,5
2020-11-05,Ventura,111,848112,16145,15113,438,15551,155
2020-11-05,Yolo,113,214977,3625,3391,9,3400,61
2020-11-05,Yuba,115,75493,1409,1322,7,1329,10
2020-11-04,Alameda,001,1643700,25182,24172,247,24419,418
2020-11-04,Alpine,003,1148,20,5,0,5,0
2020-11-04,Amador,005,37829,391,362,0,362,16
2020-11-04,Butte,007,227075,3383,3218,52,3270,57
2020-11-04,Calaveras,009,45235,352,290,0,290,19
2020-11-04,Colusa,011,21464,589,571,1,572,6
2020-11-04,Contra Costa,013,1133247,20322,19472,98,19570,251
2020-11-04,Del Norte,015,27424,197,188,0,188,2
2020-11-04,El Dorado,017,186661,1589,1448,4,1452,4
2020-11-04,Fresno,019,978130,35376,31952,600,32552,457
2020-11-04,Glenn,021,27897,732,701,6,707,3
2020-11-04,Humboldt,023,135768,616,571,1,572,9
2020-11-04,Imperial,025,180216,13563,13087,45,13132,335
2020-11-04,Inyo,027,18085,258,247,5,252,14
2020-11-04,Kern,029,883053,35305,34027,584,34611,439
2020-11-04,Kings,031,150075,9251,8817,74,8891,83
2020-11-04,Lake,033,64148,775,735,0,735,16
2020-11-04,Lassen,035,31185,815,781,2,783,0
2020-11-04,Los Angeles,037,10098052,320348,310456,3423,313879,7124
2020-11-04,Madera,039,155013,5343,5083,57,5140,54
2020-11-04,Marin,041,260295,7293,7157,22,7179,131
2020-11-04,Mariposa,043,17540,88,79,0,79,2
2020-11-04,Mendocino,045,87422,1170,1089,3,1092,22
2020-11-04,Merced,047,269075,10045,9717,49,9766,153
2020-11-04,Modoc,049,8938,59,47,11,58,0
2020-11-04,Mono,051,14174,447,237,7,244,1
2020-11-04,Monterey,053,433212,12244,11743,100,11843,96
2020-11-04,Napa,055,140530,2342,2133,9,2142,15
2020-11-04,Nevada,057,99092,761,675,20,695,9
2020-11-04,Orange,059,3164182,64003,60463,1930,62393,1483
2020-11-04,Placer,061,380077,4972,4526,24,4550,60
2020-11-04,Plumas,063,18699,112,88,0,88,0
2020-11-04,Riverside,065,2383286,72432,69562,662,70224,1335
2020-11-04,Sacramento,067,1510023,28259,27005,41,27046,510
2020-11-04,San Benito,069,59416,1520,1464,1,1465,15
2020-11-04,San Bernardino,071,2135413,70124,65891,552,66443,1169
2020-11-04,San Diego,073,3302833,61940,58126,1885,60011,904
2020-11-04,San Francisco,075,870044,13188,12649,60,12709,146
2020-11-04,San Joaquin,077,732212,23012,22197,286,22483,500
2020-11-04,San Luis Obispo,079,281455,4885,4389,49,4438,32
2020-11-04,San Mateo,081,765935,12097,11456,9,11465,168
2020-11-04,Santa Barbara,083,443738,10703,10026,133,10159,132
2020-11-04,Santa Clara,085,1922200,27538,25487,51,25538,393
2020-11-04,Santa Cruz,087,273765,3233,2997,37,3034,25
2020-11-04,Shasta,089,179085,3017,2321,35,2356,34
2020-11-04,Sierra,091,2930,9,6,0,6,0
2020-11-04,Siskiyou,093,43540,266,222,12,234,0
2020-11-04,Solano,095,438530,8240,7733,41,7774,85
2020-11-04,Sonoma,097,501317,10454,9965,33,9998,142
2020-11-04,Stanislaus,099,539301,18541,18114,891,19005,416
2020-11-04,Sutter,101,95872,2038,1916,2,1918,12
2020-11-04,Tehama,103,63373,1088,997,2,999,6
2020-11-04,Trinity,105,12862,123,37,15,52,0
2020-11-04,Tulare,107,460477,18771,17952,563,18515,298
2020-11-04,Tuolumne,109,53932,386,310,4,314,5
2020-11-04,Ventura,111,848112,16004,14936,435,15371,155
2020-11-04,Yolo,113,214977,3584,3361,9,3370,62
2020-11-04,Yuba,115,75493,1388,1312,7,1319,10
2020-11-03,Alameda,001,1643700,24998,24055,245,24300,418
2020-11-03,Alpine,003,1148,19,4,0,4,0
2020-11-03,Amador,005,37829,386,361,0,361,16
2020-11-03,Butte,007,227075,3359,3211,47,3258,57
2020-11-03,Calaveras,009,45235,348,287,0,287,19
2020-11-03,Colusa,011,21464,584,572,1,573,6
2020-11-03,Contra Costa,013,1133247,20167,19416,98,19514,250
2020-11-03,Del Norte,015,27424,196,187,0,187,2
2020-11-03,El Dorado,017,186661,1567,1445,3,1448,4
2020-11-03,Fresno,019,978130,35105,31856,577,32433,457
2020-11-03,Glenn,021,27897,726,698,6,704,3
2020-11-03,Humboldt,023,135768,610,570,1,571,8
2020-11-03,Imperial,025,180216,13474,13044,44,13088,335
2020-11-03,Inyo,027,18085,257,244,5,249,14
2020-11-03,Kern,029,883053,35114,33957,573,34530,439
2020-11-03,Kings,031,150075,9088,8783,69,8852,83
2020-11-03,Lake,033,64148,765,732,0,732,16
2020-11-03,Lassen,035,31185,806,782,2,784,0
2020-11-03,Los Angeles,037,10098052,317892,308812,3354,312166,7104
2020-11-03,Madera,039,155013,5306,5058,56,5114,54
2020-11-03,Marin,041,260295,7273,7147,21,7168,131
2020-11-03,Mariposa,043,17540,87,79,0,79,2
2020-11-03,Mendocino,045,87422,1155,1084,3,1087,22
2020-11-03,Merced,047,269075,9992,9713,48,9761,153
2020-11-03,Modoc,049,8938,57,47,9,56,0
2020-11-03,Mono,051,14174,443,210,7,217,1
2020-11-03,Monterey,053,433212,12175,11703,93,11796,94
2020-11-03,Napa,055,140530,2306,2130,9,2139,15
2020-11-03,Nevada,057,99092,741,670,19,689,9
2020-11-03,Orange,059,3164182,63575,60283,1919,62202,1477
2020-11-03,Placer,061,380077,4898,4514,24,4538,60
2020-11-03,Plumas,063,18699,109,86,0,86,0
2020-11-03,Riverside,065,2383286,71813,69300,637,69937,1325
2020-11-03,Sacramento,067,1510023,27879,26841,40,26881,510
2020-11-03,San Benito,069,59416,1510,1463,1,1464,15
2020-11-03,San Bernardino,071,2135413,69313,65320,544,65864,1159
2020-11-03,San Diego,073,3302833,61264,57722,1841,59563,901
2020-11-03,San Francisco,075,870044,13065,12585,60,12645,146
2020-11-03,San Joaquin,077,732212,22877,22109,280,22389,500
2020-11-03,San Luis Obispo,079,281455,4803,4371,47,4418,32
2020-11-03,San Mateo,081,765935,12002,11406,9,11415,162
2020-11-03,Santa Barbara,083,443738,10649,10008,128,10136,132
2020-11-03,Santa Clara,085,1922200,27266,25386,50,25436,393
2020-11-03,Santa Cruz,087,273765,3183,2980,36,3016,25
2020-11-03,Shasta,089,179085,2922,2288,28,2316,33
2020-11-03,Sierra,091,2930,7,6,0,6,0
2020-11-03,Siskiyou,093,43540,262,219,11,230,0
2020-11-03,Solano,095,438530,8157,7691,41,7732,85
2020-11-03,Sonoma,097,501317,10352,9906,33,9939,142
2020-11-03,Stanislaus,099,539301,18420,18080,880,18960,416
2020-11-03,Sutter,101,95872,2005,1914,2,1916,12
2020-11-03,Tehama,103,63373,1067,988,2,990,6
2020-11-03,Trinity,105,12862,116,36,14,50,0
2020-11-03,Tulare,107,460477,18665,17890,538,18428,297
2020-11-03,Tuolumne,109,53932,363,302,4,306,5
2020-11-03,Ventura,111,848112,15877,14816,428,15244,155
2020-11-03,Yolo,113,214977,3533,3343,9,3352,61
2020-11-03,Yuba,115,75493,1375,1295,7,1302,10
2020-11-02,Alameda,001,1643700,24802,23991,242,24233,419
2020-11-02,Alpine,003,1148,16,4,0,4,0
2020-11-02,Amador,005,37829,378,357,0,357,16
2020-11-02,Butte,007,227075,3339,3198,44,3242,57
2020-11-02,Calaveras,009,45235,348,282,0,282,18
2020-11-02,Colusa,011,21464,579,571,1,572,6
2020-11-02,Contra Costa,013,1133247,20013,19339,97,19436,250
2020-11-02,Del Norte,015,27424,193,175,0,175,2
2020-11-02,El Dorado,017,186661,1543,1405,3,1408,4
2020-11-02,Fresno,019,978130,34835,31738,560,32298,451
2020-11-02,Glenn,021,27897,720,692,5,697,3
2020-11-02,Humboldt,023,135768,601,569,1,570,8
2020-11-02,Imperial,025,180216,13394,13004,42,13046,334
2020-11-02,Inyo,027,18085,254,243,5,248,14
2020-11-02,Kern,029,883053,34956,33834,563,34397,437
2020-11-02,Kings,031,150075,9058,8654,66,8720,82
2020-11-02,Lake,033,64148,759,728,0,728,17
2020-11-02,Lassen,035,31185,798,782,2,784,0
2020-11-02,Los Angeles,037,10098052,315547,307620,3276,310896,7079
2020-11-02,Madera,039,155013,5276,5033,55,5088,54
2020-11-02,Marin,041,260295,7255,7132,20,7152,125
2020-11-02,Mariposa,043,17540,87,79,0,79,2
2020-11-02,Mendocino,045,87422,1141,1076,3,1079,21
2020-11-02,Merced,047,269075,9930,9664,42,9706,152
2020-11-02,Modoc,049,8938,54,45,5,50,0
2020-11-02,Mono,051,14174,441,211,7,218,1
2020-11-02,Monterey,053,433212,12068,11602,90,11692,93
2020-11-02,Napa,055,140530,2264,2081,9,2090,15
2020-11-02,Nevada,057,99092,725,656,19,675,9
2020-11-02,Orange,059,3164182,63169,59996,1903,61899,1474
2020-11-02,Placer,061,380077,4830,4461,22,4483,60
2020-11-02,Plumas,063,18699,101,86,0,86,0
2020-11-02,Riverside,065,2383286,71182,68833,596,69429,1321
2020-11-02,Sacramento,067,1510023,27537,26676,38,26714,508
2020-11-02,San Benito,069,59416,1498,1459,1,1460,15
2020-11-02,San Bernardino,071,2135413,68459,64629,533,65162,1157
2020-11-02,San Diego,073,3302833,60541,57429,1796,59225,891
2020-11-02,San Francisco,075,870044,12968,12436,59,12495,145
2020-11-02,San Joaquin,077,732212,22737,21919,272,22191,500
2020-11-02,San Luis Obispo,079,281455,4703,4303,44,4347,31
2020-11-02,San Mateo,081,765935,11893,11328,9,11337,161
2020-11-02,Santa Barbara,083,443738,10608,9985,123,10108,130
2020-11-02,Santa Clara,085,1922200,26976,25222,50,25272,387
2020-11-02,Santa Cruz,087,273765,3141,2943,36,2979,25
2020-11-02,Shasta,089,179085,2817,2174,24,2198,33
2020-11-02,Sierra,091,2930,7,6,0,6,0
2020-11-02,Siskiyou,093,43540,252,216,11,227,0
2020-11-02,Solano,095,438530,8039,7665,41,7706,84
2020-11-02,Sonoma,097,501317,10269,9796,32,9828,140
2020-11-02,Stanislaus,099,539301,18324,18005,871,18876,412
2020-11-02,Sutter,101,95872,1981,1895,2,1897,12
2020-11-02,Tehama,103,63373,1044,971,2,973,6
2020-11-02,Trinity,105,12862,110,30,14,44,0
2020-11-02,Tulare,107,460477,18572,17774,518,18292,299
2020-11-02,Tuolumne,109,53932,343,302,4,306,5
2020-11-02,Ventura,111,848112,15736,14767,414,15181,156
2020-11-02,Yolo,113,214977,3484,3318,9,3327,61
2020-11-02,Yuba,115,75493,1362,1280,7,1287,10
2020-11-01,Alameda,001,1643700,24639,23892,240,24132,419
2020-11-01,Alpine,003,1148,10,4,0,4,0
2020-11-01,Amador,005,37829,375,352,0,352,16
2020-11-01,Butte,007,227075,3315,3185,43,3228,57
2020-11-01,Calaveras,009,45235,347,282,0,282,18
2020-11-01,Colusa,011,21464,577,567,1,568,6
2020-11-01,Contra Costa,013,1133247,19839,19246,96,19342,250
2020-11-01,Del Norte,015,27424,189,175,0,175,2
2020-11-01,El Dorado,017,186661,1527,1394,3,1397,4
2020-11-01,Fresno,019,978130,34577,31613,540,32153,451
2020-11-01,Glenn,021,27897,711,688,3,691,3
2020-11-01,Humboldt,023,135768,593,568,1,569,8
2020-11-01,Imperial,025,180216,13303,12969,40,13009,334
2020-11-01,Inyo,027,18085,252,241,5,246,14
2020-11-01,Kern,029,883053,34775,33760,468,34228,437
2020-11-01,Kings,031,150075,9020,8641,65,8706,82
2020-11-01,Lake,033,64148,753,727,0,727,17
2020-11-01,Lassen,035,31185,798,782,2,784,0
2020-11-01,Los Angeles,037,10098052,312979,306217,3183,309400,7077
2020-11-01,Madera,039,155013,5228,5019,53,5072,54
2020-11-01,Marin,041,260295,7238,7124,20,7144,125
2020-11-01,Mariposa,043,17540,83,79,0,79,2
2020-11-01,Mendocino,045,87422,1128,1074,3,1077,21
2020-11-01,Merced,047,269075,9869,9626,42,9668,152
2020-11-01,Modoc,049,8938,53,45,5,50,0
2020-11-01,Mono,051,14174,412,211,6,217,1
2020-11-01,Monterey,053,433212,11960,11587,87,11674,93
2020-11-01,Napa,055,140530,2230,2067,9,2076,15
2020-11-01,Nevada,057,99092,709,646,18,664,9
2020-11-01,Orange,059,3164182,62767,59733,1876,61609,1475
2020-11-01,Placer,061,380077,4764,4422,21,4443,58
2020-11-01,Plumas,063,18699,96,86,0,86,0
2020-11-01,Riverside,065,2383286,70552,68493,560,69053,1319
2020-11-01,Sacramento,067,1510023,27216,26442,38,26480,508
2020-11-01,San Benito,069,59416,1483,1451,1,1452,15
2020-11-01,San Bernardino,071,2135413,67616,64339,512,64851,1157
2020-11-01,San Diego,073,3302833,59853,57122,1756,58878,891
2020-11-01,San Francisco,075,870044,12845,12436,54,12490,145
2020-11-01,San Joaquin,077,732212,22609,21919,266,22185,500
2020-11-01,San Luis Obispo,079,281455,4623,4303,43,4346,31
2020-11-01,San Mateo,081,765935,11812,11280,9,11289,160
2020-11-01,Santa Barbara,083,443738,10557,9969,107,10076,130
2020-11-01,Santa Clara,085,1922200,26696,25090,50,25140,386
2020-11-01,Santa Cruz,087,273765,3088,2921,36,2957,25
2020-11-01,Shasta,089,179085,2682,2172,23,2195,33
2020-11-01,Sierra,091,2930,7,6,0,6,0
2020-11-01,Siskiyou,093,43540,247,205,11,216,0
2020-11-01,Solano,095,438530,7949,7591,41,7632,84
2020-11-01,Sonoma,097,501317,10177,9688,32,9720,140
2020-11-01,Stanislaus,099,539301,18223,17961,851,18812,412
2020-11-01,Sutter,101,95872,1955,1888,1,1889,12
2020-11-01,Tehama,103,63373,1027,965,2,967,5
2020-11-01,Trinity,105,12862,108,30,13,43,0
2020-11-01,Tulare,107,460477,18460,17774,487,18261,299
2020-11-01,Tuolumne,109,53932,321,295,4,299,5
2020-11-01,Ventura,111,848112,15587,14686,383,15069,156
2020-11-01,Yolo,113,214977,3436,3303,9,3312,60
2020-11-01,Yuba,115,75493,1345,1273,7,1280,10
2020-10-31,Alameda,001,1643700,24524,23780,236,24016,416
2020-10-31,Alpine,003,1148,10,4,0,4,0
2020-10-31,Amador,005,37829,371,347,0,347,16
2020-10-31,Butte,007,227075,3302,3172,41,3213,57
2020-10-31,Calaveras,009,45235,347,280,0,280,18
2020-10-31,Colusa,011,21464,575,555,1,556,6
2020-10-31,Contra Costa,013,1133247,19733,19161,96,19257,249
2020-10-31,Del Norte,015,27424,188,175,0,175,2
2020-10-31,El Dorado,017,186661,1518,1390,3,1393,4
2020-10-31,Fresno,019,978130,34441,31558,537,32095,451
2020-10-31,Glenn,021,27897,709,678,3,681,3
2020-10-31,Humboldt,023,135768,590,561,1,562,8
2020-10-31,Imperial,025,180216,13261,12912,40,12952,334
2020-10-31,Inyo,027,18085,251,241,5,246,14
2020-10-31,Kern,029,883053,34672,33666,458,34124,437
2020-10-31,Kings,031,150075,8999,8612,64,8676,82
2020-10-31,Lake,033,64148,749,724,0,724,16
2020-10-31,Lassen,035,31185,793,782,2,784,0
2020-10-31,Los Angeles,037,10098052,311607,304704,3139,307843,7073
2020-10-31,Madera,039,155013,5210,5013,50,5063,54
2020-10-31,Marin,041,260295,7222,7112,20,7132,125
2020-10-31,Mariposa,043,17540,83,79,0,79,2
2020-10-31,Mendocino,045,87422,1120,1066,3,1069,21
2020-10-31,Merced,047,269075,9836,9597,41,9638,151
2020-10-31,Modoc,049,8938,52,34,4,38,0
2020-10-31,Mono,051,14174,263,194,5,199,1
2020-10-31,Monterey,053,433212,11892,11539,83,11622,93
2020-10-31,Napa,055,140530,2211,2040,9,2049,15
2020-10-31,Nevada,057,99092,691,644,18,662,9
2020-10-31,Orange,059,3164182,62508,59488,1858,61346,1473
2020-10-31,Placer,061,380077,4714,4374,20,4394,58
2020-10-31,Plumas,063,18699,95,85,0,85,0
2020-10-31,Riverside,065,2383286,70195,68178,537,68715,1319
2020-10-31,Sacramento,067,1510023,27017,26316,36,26352,507
2020-10-31,San Benito,069,59416,1476,1448,1,1449,15
2020-10-31,San Bernardino,071,2135413,67191,64016,502,64518,1157
2020-10-31,San Diego,073,3302833,59400,56769,1728,58497,891
2020-10-31,San Francisco,075,870044,12771,12438,53,12491,145
2020-10-31,San Joaquin,077,732212,22534,21918,257,22175,500
2020-10-31,San Luis Obispo,079,281455,4554,4285,40,4325,31
2020-10-31,San Mateo,081,765935,11760,11253,9,11262,160
2020-10-31,Santa Barbara,083,443738,10529,9957,99,10056,130
2020-10-31,Santa Clara,085,1922200,26528,24957,50,25007,379
2020-10-31,Santa Cruz,087,273765,3053,2895,35,2930,25
2020-10-31,Shasta,089,179085,2632,2122,22,2144,33
2020-10-31,Sierra,091,2930,7,6,0,6,0
2020-10-31,Siskiyou,093,43540,245,200,11,211,0
2020-10-31,Solano,095,438530,7885,7545,41,7586,84
2020-10-31,Sonoma,097,501317,10124,9648,32,9680,140
2020-10-31,Stanislaus,099,539301,18160,17920,835,18755,412
2020-10-31,Sutter,101,95872,1946,1876,1,1877,12
2020-10-31,Tehama,103,63373,1017,953,2,955,5
2020-10-31,Trinity,105,12862,105,30,13,43,0
2020-10-31,Tulare,107,460477,18411,17758,479,18237,299
2020-10-31,Tuolumne,109,53932,314,290,4,294,5
2020-10-31,Ventura,111,848112,15503,14635,365,15000,155
2020-10-31,Yolo,113,214977,3401,3290,9,3299,60
2020-10-31,Yuba,115,75493,1329,1260,6,1266,10
2020-10-30,Alameda,001,1643700,24444,23676,234,23910,401
2020-10-30,Alpine,003,1148,10,4,0,4,0
2020-10-30,Amador,005,37829,371,344,0,344,16
2020-10-30,Butte,007,227075,3297,3160,41,3201,57
2020-10-30,Calaveras,009,45235,346,279,0,279,18
2020-10-30,Colusa,011,21464,573,554,1,555,6
2020-10-30,Contra Costa,013,1133247,19661,19074,96,19170,249
2020-10-30,Del Norte,015,27424,187,175,0,175,2
2020-10-30,El Dorado,017,186661,1505,1386,3,1389,4
2020-10-30,Fresno,019,978130,34319,31409,528,31937,446
2020-10-30,Glenn,021,27897,703,674,2,676,3
2020-10-30,Humboldt,023,135768,589,561,1,562,7
2020-10-30,Imperial,025,180216,13220,12853,40,12893,334
2020-10-30,Inyo,027,18085,250,241,5,246,14
2020-10-30,Kern,029,883053,34579,33583,457,34040,437
2020-10-30,Kings,031,150075,8989,8564,62,8626,82
2020-10-30,Lake,033,64148,749,720,0,720,16
2020-10-30,Lassen,035,31185,787,777,2,779,0
2020-10-30,Los Angeles,037,10098052,310171,303425,3104,306529,7060
2020-10-30,Madera,039,155013,5198,4991,48,5039,54
2020-10-30,Marin,041,260295,7202,7097,20,7117,125
2020-10-30,Mariposa,043,17540,83,78,0,78,2
2020-10-30,Mendocino,045,87422,1118,1062,3,1065,21
2020-10-30,Merced,047,269075,9804,9539,41,9580,150
2020-10-30,Modoc,049,8938,51,34,3,37,0
2020-10-30,Mono,051,14174,262,193,5,198,1
2020-10-30,Monterey,053,433212,11829,11491,78,11569,92
2020-10-30,Napa,055,140530,2193,2028,9,2037,15
2020-10-30,Nevada,057,99092,685,634,18,652,9
2020-10-30,Orange,059,3164182,62266,59334,1846,61180,1469
2020-10-30,Placer,061,380077,4667,4335,20,4355,58
2020-10-30,Plumas,063,18699,92,80,0,80,0
2020-10-30,Riverside,065,2383286,69855,67752,517,68269,1317
2020-10-30,Sacramento,067,1510023,26869,26147,36,26183,505
2020-10-30,San Benito,069,59416,1470,1440,1,1441,15
2020-10-30,San Bernardino,071,2135413,66776,63512,499,64011,1156
2020-10-30,San Diego,073,3302833,58995,56387,1706,58093,888
2020-10-30,San Francisco,075,870044,12716,12384,53,12437,145
2020-10-30,San Joaquin,077,732212,22467,21849,251,22100,500
2020-10-30,San Luis Obispo,079,281455,4511,4256,40,4296,31
2020-10-30,San Mateo,081,765935,11701,11207,9,11216,159
2020-10-30,Santa Barbara,083,443738,10506,9937,99,10036,128
2020-10-30,Santa Clara,085,1922200,26379,24811,50,24861,378
2020-10-30,Santa Cruz,087,273765,3035,2874,35,2909,25
2020-10-30,Shasta,089,179085,2588,2048,21,2069,32
2020-10-30,Sierra,091,2930,7,6,0,6,0
2020-10-30,Siskiyou,093,43540,245,192,11,203,0
2020-10-30,Solano,095,438530,7824,7497,41,7538,84
2020-10-30,Sonoma,097,501317,10049,9602,32,9634,140
2020-10-30,Stanislaus,099,539301,18112,17861,819,18680,410
2020-10-30,Sutter,101,95872,1933,1860,1,1861,12
2020-10-30,Tehama,103,63373,1013,932,2,934,5
2020-10-30,Trinity,105,12862,105,29,13,42,0
2020-10-30,Tulare,107,460477,18366,17682,464,18146,299
2020-10-30,Tuolumne,109,53932,307,286,4,290,4
2020-10-30,Ventura,111,848112,15430,14578,353,14931,154
2020-10-30,Yolo,113,214977,3384,3263,9,3272,60
2020-10-30,Yuba,115,75493,1321,1256,6,1262,10
2020-10-29,Alameda,001,1643700,24280,23530,233,23763,401
2020-10-29,Alpine,003,1148,7,4,0,4,0
2020-10-29,Amador,005,37829,367,338,0,338,16
2020-10-29,Butte,007,227075,3279,3143,40,3183,57
2020-10-29,Calaveras,009,45235,344,278,0,278,13
2020-10-29,Colusa,011,21464,569,552,1,553,6
2020-10-29,Contra Costa,013,1133247,19562,18933,95,19028,249
2020-10-29,Del Norte,015,27424,185,174,0,174,2
2020-10-29,El Dorado,017,186661,1483,1370,3,1373,4
2020-10-29,Fresno,019,978130,34162,31321,521,31842,445
2020-10-29,Glenn,021,27897,701,673,2,675,3
2020-10-29,Humboldt,023,135768,584,559,1,560,7
2020-10-29,Imperial,025,180216,13176,12769,40,12809,334
2020-10-29,Inyo,027,18085,248,238,5,243,14
2020-10-29,Kern,029,883053,34478,33460,452,33912,437
2020-10-29,Kings,031,150075,8835,8502,61,8563,82
2020-10-29,Lake,033,64148,746,702,0,702,16
2020-10-29,Lassen,035,31185,786,772,2,774,0
2020-10-29,Los Angeles,037,10098052,308543,302246,3057,305303,7046
2020-10-29,Madera,039,155013,5168,4970,46,5016,53
2020-10-29,Marin,041,260295,7188,7083,20,7103,125
2020-10-29,Mariposa,043,17540,81,78,0,78,2
2020-10-29,Mendocino,045,87422,1112,1058,3,1061,21
2020-10-29,Merced,047,269075,9751,9496,41,9537,150
2020-10-29,Modoc,049,8938,49,31,3,34,0
2020-10-29,Mono,051,14174,255,176,5,181,1
2020-10-29,Monterey,053,433212,11748,11425,76,11501,92
2020-10-29,Napa,055,140530,2169,2009,9,2018,15
2020-10-29,Nevada,057,99092,678,632,18,650,9
2020-10-29,Orange,059,3164182,61998,59046,1826,60872,1464
2020-10-29,Placer,061,380077,4622,4270,18,4288,58
2020-10-29,Plumas,063,18699,90,69,0,69,0
2020-10-29,Riverside,065,2383286,69478,67268,487,67755,1304
2020-10-29,Sacramento,067,1510023,26657,25978,35,26013,507
2020-10-29,San Benito,069,59416,1465,1431,1,1432,15
2020-10-29,San Bernardino,071,2135413,66208,62968,489,63457,1150
2020-10-29,San Diego,073,3302833,58529,55916,1677,57593,885
2020-10-29,San Francisco,075,870044,12637,12312,53,12365,145
2020-10-29,San Joaquin,077,732212,22383,21736,239,21975,498
2020-10-29,San Luis Obispo,079,281455,4481,4223,38,4261,31
2020-10-29,San Mateo,081,765935,11655,11145,9,11154,157
2020-10-29,Santa Barbara,083,443738,10473,9902,97,9999,128
2020-10-29,Santa Clara,085,1922200,26227,24614,50,24664,377
2020-10-29,Santa Cruz,087,273765,3010,2850,35,2885,24
2020-10-29,Shasta,089,179085,2525,2008,21,2029,32
2020-10-29,Sierra,091,2930,6,6,0,6,0
2020-10-29,Siskiyou,093,43540,229,185,11,196,0
2020-10-29,Solano,095,438530,7762,7453,41,7494,78
2020-10-29,Sonoma,097,501317,9985,9533,32,9565,140
2020-10-29,Stanislaus,099,539301,18059,17790,798,18588,410
2020-10-29,Sutter,101,95872,1925,1852,1,1853,12
2020-10-29,Tehama,103,63373,995,925,2,927,5
2020-10-29,Trinity,105,12862,100,28,12,40,0
2020-10-29,Tulare,107,460477,18288,17627,445,18072,299
2020-10-29,Tuolumne,109,53932,302,279,4,283,4
2020-10-29,Ventura,111,848112,15339,14486,349,14835,154
2020-10-29,Yolo,113,214977,3355,3246,9,3255,60
2020-10-29,Yuba,115,75493,1310,1248,6,1254,10
2020-10-28,Alameda,001,1643700,24180,23468,232,23700,400
2020-10-28,Alpine,003,1148,6,4,0,4,0
2020-10-28,Amador,005,37829,364,337,0,337,16
2020-10-28,Butte,007,227075,3263,3134,37,3171,56
2020-10-28,Calaveras,009,45235,343,278,0,278,13
2020-10-28,Colusa,011,21464,566,551,1,552,6
2020-10-28,Contra Costa,013,1133247,19475,18828,94,18922,246
2020-10-28,Del Norte,015,27424,182,173,0,173,2
2020-10-28,El Dorado,017,186661,1471,1363,3,1366,4
2020-10-28,Fresno,019,978130,34041,31195,515,31710,444
2020-10-28,Glenn,021,27897,697,673,2,675,3
2020-10-28,Humboldt,023,135768,580,559,1,560,7
2020-10-28,Imperial,025,180216,13127,12730,40,12770,333
2020-10-28,Inyo,027,18085,248,238,5,243,14
2020-10-28,Kern,029,883053,34376,33424,433,33857,436
2020-10-28,Kings,031,150075,8813,8486,60,8546,82
2020-10-28,Lake,033,64148,743,700,0,700,15
2020-10-28,Lassen,035,31185,782,771,2,773,0
2020-10-28,Los Angeles,037,10098052,307084,300726,3015,303741,7031
2020-10-28,Madera,039,155013,5151,4954,45,4999,53
2020-10-28,Marin,041,260295,7177,7079,20,7099,126
2020-10-28,Mariposa,043,17540,81,78,0,78,2
2020-10-28,Mendocino,045,87422,1111,1037,3,1040,20
2020-10-28,Merced,047,269075,9725,9480,40,9520,150
2020-10-28,Modoc,049,8938,48,31,2,33,0
2020-10-28,Mono,051,14174,237,176,5,181,1
2020-10-28,Monterey,053,433212,11690,11330,74,11404,89
2020-10-28,Napa,055,140530,2143,1998,8,2006,15
2020-10-28,Nevada,057,99092,670,629,18,647,9
2020-10-28,Orange,059,3164182,61734,58801,1810,60611,1459
2020-10-28,Placer,061,380077,4566,4236,18,4254,57
2020-10-28,Plumas,063,18699,89,67,0,67,0
2020-10-28,Riverside,065,2383286,69080,67003,463,67466,1302
2020-10-28,Sacramento,067,1510023,26461,25838,34,25872,506
2020-10-28,San Benito,069,59416,1457,1429,1,1430,15
2020-10-28,San Bernardino,071,2135413,65748,62778,480,63258,1154
2020-10-28,San Diego,073,3302833,58146,55556,1648,57204,881
2020-10-28,San Francisco,075,870044,12579,12261,52,12313,145
2020-10-28,San Joaquin,077,732212,22299,21707,228,21935,498
2020-10-28,San Luis Obispo,079,281455,4440,4197,35,4232,31
2020-10-28,San Mateo,081,765935,11588,11101,9,11110,157
2020-10-28,Santa Barbara,083,443738,10449,9872,95,9967,127
2020-10-28,Santa Clara,085,1922200,26083,24503,50,24553,375
2020-10-28,Santa Cruz,087,273765,2979,2836,35,2871,24
2020-10-28,Shasta,089,179085,2445,1996,20,2016,31
2020-10-28,Sierra,091,2930,6,6,0,6,0
2020-10-28,Siskiyou,093,43540,226,182,10,192,0
2020-10-28,Solano,095,438530,7703,7362,41,7403,77
2020-10-28,Sonoma,097,501317,9895,9457,27,9484,140
2020-10-28,Stanislaus,099,539301,17994,17765,789,18554,409
2020-10-28,Sutter,101,95872,1916,1840,1,1841,12
2020-10-28,Tehama,103,63373,984,921,2,923,5
2020-10-28,Trinity,105,12862,93,28,11,39,0
2020-10-28,Tulare,107,460477,18231,17569,429,17998,297
2020-10-28,Tuolumne,109,53932,299,277,4,281,4
2020-10-28,Ventura,111,848112,15266,14409,340,14749,153
2020-10-28,Yolo,113,214977,3331,3230,9,3239,60
2020-10-28,Yuba,115,75493,1298,1245,6,1251,10
2020-10-27,Alameda,001,1643700,24065,23365,230,23595,400
2020-10-27,Alpine,003,1148,6,3,0,3,0
2020-10-27,Amador,005,37829,361,335,0,335,16
2020-10-27,Butte,007,227075,3247,3107,34,3141,56
2020-10-27,Calaveras,009,45235,341,277,0,277,13
2020-10-27,Colusa,011,21464,561,549,1,550,6
2020-10-27,Contra Costa,013,1133247,19370,18766,94,18860,246
2020-10-27,Del Norte,015,27424,179,173,0,173,2
2020-10-27,El Dorado,017,186661,1458,1351,3,1354,4
2020-10-27,Fresno,019,978130,33922,31096,510,31606,442
2020-10-27,Glenn,021,27897,695,667,1,668,3
2020-10-27,Humboldt,023,135768,577,559,1,560,7
2020-10-27,Imperial,025,180216,13078,12680,39,12719,333
2020-10-27,Inyo,027,18085,248,231,5,236,14
2020-10-27,Kern,029,883053,34259,33328,429,33757,436
2020-10-27,Kings,031,150075,8782,8411,60,8471,83
2020-10-27,Lake,033,64148,740,700,0,700,15
2020-10-27,Lassen,035,31185,780,764,2,766,0
2020-10-27,Los Angeles,037,10098052,305699,299438,2986,302424,7008
2020-10-27,Madera,039,155013,5121,4942,44,4986,53
2020-10-27,Marin,041,260295,7161,7070,20,7090,126
2020-10-27,Mariposa,043,17540,80,78,0,78,2
2020-10-27,Mendocino,045,87422,1105,1033,2,1035,20
2020-10-27,Merced,047,269075,9685,9449,40,9489,150
2020-10-27,Modoc,049,8938,46,31,2,33,0
2020-10-27,Mono,051,14174,223,169,5,174,1
2020-10-27,Monterey,053,433212,11634,11261,72,11333,88
2020-10-27,Napa,055,140530,2127,1979,8,1987,15
2020-10-27,Nevada,057,99092,664,622,18,640,8
2020-10-27,Orange,059,3164182,61463,58550,1794,60344,1448
2020-10-27,Placer,061,380077,4517,4197,16,4213,57
2020-10-27,Plumas,063,18699,86,63,0,63,0
2020-10-27,Riverside,065,2383286,68727,66699,418,67117,1299
2020-10-27,Sacramento,067,1510023,26274,25701,33,25734,501
2020-10-27,San Benito,069,59416,1452,1428,1,1429,15
2020-10-27,San Bernardino,071,2135413,65285,62357,467,62824,1154
2020-10-27,San Diego,073,3302833,57673,55226,1625,56851,877
2020-10-27,San Francisco,075,870044,12504,12218,51,12269,140
2020-10-27,San Joaquin,077,732212,22208,21637,219,21856,496
2020-10-27,San Luis Obispo,079,281455,4412,4148,31,4179,31
2020-10-27,San Mateo,081,765935,11539,11074,9,11083,156
2020-10-27,Santa Barbara,083,443738,10419,9874,94,9968,125
2020-10-27,Santa Clara,085,1922200,25941,24368,50,24418,367
2020-10-27,Santa Cruz,087,273765,2949,2815,34,2849,24
2020-10-27,Shasta,089,179085,2358,1962,20,1982,29
2020-10-27,Sierra,091,2930,6,6,0,6,0
2020-10-27,Siskiyou,093,43540,217,181,10,191,0
2020-10-27,Solano,095,438530,7634,7298,41,7339,77
2020-10-27,Sonoma,097,501317,9828,9389,27,9416,140
2020-10-27,Stanislaus,099,539301,17926,17720,782,18502,408
2020-10-27,Sutter,101,95872,1903,1832,1,1833,12
2020-10-27,Tehama,103,63373,970,913,2,915,5
2020-10-27,Trinity,105,12862,90,28,11,39,0
2020-10-27,Tulare,107,460477,18168,17520,406,17926,296
2020-10-27,Tuolumne,109,53932,295,275,4,279,4
2020-10-27,Ventura,111,848112,15183,14347,333,14680,153
2020-10-27,Yolo,113,214977,3317,3216,9,3225,58
2020-10-27,Yuba,115,75493,1285,1235,6,1241,10
2020-10-26,Alameda,001,1643700,23952,23284,229,23513,398
2020-10-26,Alpine,003,1148,4,3,0,3,0
2020-10-26,Amador,005,37829,357,331,0,331,16
2020-10-26,Butte,007,227075,3235,3095,32,3127,56
2020-10-26,Calaveras,009,45235,337,274,0,274,13
2020-10-26,Colusa,011,21464,559,548,1,549,6
2020-10-26,Contra Costa,013,1133247,19274,18718,93,18811,245
2020-10-26,Del Norte,015,27424,179,171,0,171,2
2020-10-26,El Dorado,017,186661,1444,1336,3,1339,4
2020-10-26,Fresno,019,978130,33808,30969,503,31472,441
2020-10-26,Glenn,021,27897,688,660,1,661,3
2020-10-26,Humboldt,023,135768,569,554,1,555,7
2020-10-26,Imperial,025,180216,13024,12654,35,12689,333
2020-10-26,Inyo,027,18085,248,226,5,231,14
2020-10-26,Kern,029,883053,34175,33233,424,33657,432
2020-10-26,Kings,031,150075,8760,8264,58,8322,82
2020-10-26,Lake,033,64148,738,697,0,697,15
2020-10-26,Lassen,035,31185,777,764,2,766,0
2020-10-26,Los Angeles,037,10098052,304271,297961,2944,300905,6979
2020-10-26,Madera,039,155013,5100,4922,43,4965,53
2020-10-26,Marin,041,260295,7155,7064,19,7083,104
2020-10-26,Mariposa,043,17540,80,77,0,77,2
2020-10-26,Mendocino,045,87422,1097,1026,2,1028,20
2020-10-26,Merced,047,269075,9638,9375,39,9414,150
2020-10-26,Modoc,049,8938,44,28,0,28,0
2020-10-26,Mono,051,14174,217,167,5,172,1
2020-10-26,Monterey,053,433212,11584,11207,68,11275,87
2020-10-26,Napa,055,140530,2095,1966,8,1974,14
2020-10-26,Nevada,057,99092,657,618,18,636,8
2020-10-26,Orange,059,3164182,61260,58377,1775,60152,1442
2020-10-26,Placer,061,380077,4475,4161,15,4176,57
2020-10-26,Plumas,063,18699,84,63,0,63,0
2020-10-26,Riverside,065,2383286,68275,66475,392,66867,1294
2020-10-26,Sacramento,067,1510023,26091,25555,31,25586,496
2020-10-26,San Benito,069,59416,1444,1424,1,1425,15
2020-10-26,San Bernardino,071,2135413,64815,61871,464,62335,1153
2020-10-26,San Diego,073,3302833,57280,54957,1587,56544,870
2020-10-26,San Francisco,075,870044,12444,12072,51,12123,138
2020-10-26,San Joaquin,077,732212,22125,21459,213,21672,495
2020-10-26,San Luis Obispo,079,281455,4387,4133,31,4164,31
2020-10-26,San Mateo,081,765935,11495,11037,9,11046,156
2020-10-26,Santa Barbara,083,443738,10395,9827,94,9921,122
2020-10-26,Santa Clara,085,1922200,25751,24258,49,24307,365
2020-10-26,Santa Cruz,087,273765,2923,2808,34,2842,24
2020-10-26,Shasta,089,179085,2305,1889,20,1909,29
2020-10-26,Sierra,091,2930,6,6,0,6,0
2020-10-26,Siskiyou,093,43540,209,179,10,189,0
2020-10-26,Solano,095,438530,7554,7271,41,7312,62
2020-10-26,Sonoma,097,501317,9748,9315,27,9342,140
2020-10-26,Stanislaus,099,539301,17876,17666,772,18438,400
2020-10-26,Sutter,101,95872,1895,1817,1,1818,12
2020-10-26,Tehama,103,63373,950,892,2,894,5
2020-10-26,Trinity,105,12862,89,26,11,37,0
2020-10-26,Tulare,107,460477,18091,17432,383,17815,296
2020-10-26,Tuolumne,109,53932,286,271,4,275,4
2020-10-26,Ventura,111,848112,15113,14330,330,14660,154
2020-10-26,Yolo,113,214977,3298,3206,9,3215,58
2020-10-26,Yuba,115,75493,1269,1226,6,1232,10
2020-10-25,Alameda,001,1643700,23846,23192,229,23421,398
2020-10-25,Alpine,003,1148,3,3,0,3,0
2020-10-25,Amador,005,37829,346,330,0,330,16
2020-10-25,Butte,007,227075,3216,3087,32,3119,56
2020-10-25,Calaveras,009,45235,336,274,0,274,13
2020-10-25,Colusa,011,21464,555,548,1,549,6
2020-10-25,Contra Costa,013,1133247,19173,18640,93,18733,245
2020-10-25,Del Norte,015,27424,175,171,0,171,2
2020-10-25,El Dorado,017,186661,1429,1328,3,1331,4
2020-10-25,Fresno,019,978130,33674,30858,490,31348,441
2020-10-25,Glenn,021,27897,685,652,1,653,3
2020-10-25,Humboldt,023,135768,566,554,1,555,7
2020-10-25,Imperial,025,180216,12974,12572,35,12607,333
2020-10-25,Inyo,027,18085,245,226,5,231,14
2020-10-25,Kern,029,883053,34068,33185,420,33605,432
2020-10-25,Kings,031,150075,8727,8246,56,8302,82
2020-10-25,Lake,033,64148,721,695,0,695,15
2020-10-25,Lassen,035,31185,774,764,2,766,0
2020-10-25,Los Angeles,037,10098052,302709,297110,2907,300017,6973
2020-10-25,Madera,039,155013,5070,4909,38,4947,53
2020-10-25,Marin,041,260295,7145,7052,19,7071,102
2020-10-25,Mariposa,043,17540,80,77,0,77,2
2020-10-25,Mendocino,045,87422,1090,1024,2,1026,20
2020-10-25,Merced,047,269075,9573,9352,37,9389,150
2020-10-25,Modoc,049,8938,39,28,0,28,0
2020-10-25,Mono,051,14174,209,167,5,172,1
2020-10-25,Monterey,053,433212,11501,11182,63,11245,87
2020-10-25,Napa,055,140530,2065,1962,8,1970,14
2020-10-25,Nevada,057,99092,649,616,18,634,8
2020-10-25,Orange,059,3164182,60972,58185,1766,59951,1443
2020-10-25,Placer,061,380077,4423,4140,15,4155,57
2020-10-25,Plumas,063,18699,84,63,0,63,0
2020-10-25,Riverside,065,2383286,67823,66192,376,66568,1289
2020-10-25,Sacramento,067,1510023,25875,25445,28,25473,496
2020-10-25,San Benito,069,59416,1437,1423,1,1424,15
2020-10-25,San Bernardino,071,2135413,64274,61551,452,62003,1153
2020-10-25,San Diego,073,3302833,56817,54599,1555,56154,870
2020-10-25,San Francisco,075,870044,12371,12072,51,12123,137
2020-10-25,San Joaquin,077,732212,22017,21459,205,21664,495
2020-10-25,San Luis Obispo,079,281455,4345,4126,29,4155,31
2020-10-25,San Mateo,081,765935,11450,10987,9,10996,156
2020-10-25,Santa Barbara,083,443738,10375,9814,94,9908,122
2020-10-25,Santa Clara,085,1922200,25563,24087,49,24136,365
2020-10-25,Santa Cruz,087,273765,2896,2789,34,2823,24
2020-10-25,Shasta,089,179085,2241,1889,20,1909,29
2020-10-25,Sierra,091,2930,6,6,0,6,0
2020-10-25,Siskiyou,093,43540,206,176,10,186,0
2020-10-25,Solano,095,438530,7476,7197,41,7238,60
2020-10-25,Sonoma,097,501317,9655,9235,26,9261,140
2020-10-25,Stanislaus,099,539301,17819,17641,762,18403,400
2020-10-25,Sutter,101,95872,1877,1811,1,1812,12
2020-10-25,Tehama,103,63373,933,880,2,882,5
2020-10-25,Trinity,105,12862,85,26,11,37,0
2020-10-25,Tulare,107,460477,18018,17431,373,17804,296
2020-10-25,Tuolumne,109,53932,281,271,4,275,4
2020-10-25,Ventura,111,848112,15020,14300,324,14624,154
2020-10-25,Yolo,113,214977,3277,3190,9,3199,58
2020-10-25,Yuba,115,75493,1261,1219,6,1225,10
2020-10-24,Alameda,001,1643700,23775,23099,226,23325,398
2020-10-24,Alpine,003,1148,3,3,0,3,0
2020-10-24,Amador,005,37829,345,328,0,328,16
2020-10-24,Butte,007,227075,3207,3078,32,3110,56
2020-10-24,Calaveras,009,45235,334,274,0,274,13
2020-10-24,Colusa,011,21464,550,548,1,549,6
2020-10-24,Contra Costa,013,1133247,19106,18567,93,18660,244
2020-10-24,Del Norte,015,27424,174,171,0,171,2
2020-10-24,El Dorado,017,186661,1413,1317,3,1320,4
2020-10-24,Fresno,019,978130,33613,30752,485,31237,441
2020-10-24,Glenn,021,27897,682,650,1,651,3
2020-10-24,Humboldt,023,135768,564,553,1,554,7
2020-10-24,Imperial,025,180216,12947,12469,35,12504,333
2020-10-24,Inyo,027,18085,245,226,5,231,14
2020-10-24,Kern,029,883053,34010,33105,414,33519,432
2020-10-24,Kings,031,150075,8717,8228,55,8283,82
2020-10-24,Lake,033,64148,716,696,0,696,15
2020-10-24,Lassen,035,31185,773,764,2,766,0
2020-10-24,Los Angeles,037,10098052,301889,296323,2885,299208,6969
2020-10-24,Madera,039,155013,5057,4898,37,4935,53
2020-10-24,Marin,041,260295,7136,7042,19,7061,102
2020-10-24,Mariposa,043,17540,80,77,0,77,2
2020-10-24,Mendocino,045,87422,1078,1022,2,1024,20
2020-10-24,Merced,047,269075,9549,9351,37,9388,150
2020-10-24,Modoc,049,8938,38,28,0,28,0
2020-10-24,Mono,051,14174,195,167,5,172,1
2020-10-24,Monterey,053,433212,11432,11153,62,11215,87
2020-10-24,Napa,055,140530,2048,1957,8,1965,14
2020-10-24,Nevada,057,99092,645,608,18,626,8
2020-10-24,Orange,059,3164182,60817,57928,1756,59684,1441
2020-10-24,Placer,061,380077,4392,4093,15,4108,57
2020-10-24,Plumas,063,18699,78,63,0,63,0
2020-10-24,Riverside,065,2383286,67615,65902,361,66263,1288
2020-10-24,Sacramento,067,1510023,25794,25372,28,25400,496
2020-10-24,San Benito,069,59416,1432,1417,1,1418,15
2020-10-24,San Bernardino,071,2135413,64034,61351,443,61794,1153
2020-10-24,San Diego,073,3302833,56540,54330,1542,55872,868
2020-10-24,San Francisco,075,870044,12313,12073,50,12123,137
2020-10-24,San Joaquin,077,732212,21965,21458,200,21658,495
2020-10-24,San Luis Obispo,079,281455,4320,4119,28,4147,31
2020-10-24,San Mateo,081,765935,11411,10942,9,10951,155
2020-10-24,Santa Barbara,083,443738,10358,9781,94,9875,122
2020-10-24,Santa Clara,085,1922200,25476,23978,49,24027,365
2020-10-24,Santa Cruz,087,273765,2877,2775,34,2809,24
2020-10-24,Shasta,089,179085,2196,1878,20,1898,29
2020-10-24,Sierra,091,2930,6,6,0,6,0
2020-10-24,Siskiyou,093,43540,205,174,10,184,0
2020-10-24,Solano,095,438530,7423,7189,41,7230,60
2020-10-24,Sonoma,097,501317,9621,9179,26,9205,140
2020-10-24,Stanislaus,099,539301,17775,17574,746,18320,400
2020-10-24,Sutter,101,95872,1868,1804,1,1805,12
2020-10-24,Tehama,103,63373,925,872,2,874,5
2020-10-24,Trinity,105,12862,85,25,11,36,0
2020-10-24,Tulare,107,460477,17995,17406,362,17768,295
2020-10-24,Tuolumne,109,53932,278,269,4,273,4
2020-10-24,Ventura,111,848112,14967,14240,323,14563,154
2020-10-24,Yolo,113,214977,3265,3164,9,3173,57
2020-10-24,Yuba,115,75493,1258,1210,6,1216,10
2020-10-23,Alameda,001,1643700,23703,23047,224,23271,393
2020-10-23,Alpine,003,1148,3,3,0,3,0
2020-10-23,Amador,005,37829,344,324,0,324,16
2020-10-23,Butte,007,227075,3198,3059,32,3091,55
2020-10-23,Calaveras,009,45235,333,273,0,273,13
2020-10-23,Colusa,011,21464,550,547,1,548,6
2020-10-23,Contra Costa,013,1133247,19036,18483,92,18575,244
2020-10-23,Del Norte,015,27424,174,171,0,171,2
2020-10-23,El Dorado,017,186661,1404,1310,3,1313,4
2020-10-23,Fresno,019,978130,33546,30590,481,31071,441
2020-10-23,Glenn,021,27897,679,644,1,645,3
2020-10-23,Humboldt,023,135768,562,553,1,554,7
2020-10-23,Imperial,025,180216,12916,12398,34,12432,333
2020-10-23,Inyo,027,18085,244,226,5,231,14
2020-10-23,Kern,029,883053,33942,33077,409,33486,431
2020-10-23,Kings,031,150075,8708,8218,55,8273,82
2020-10-23,Lake,033,64148,714,689,0,689,15
2020-10-23,Lassen,035,31185,772,764,2,766,0
2020-10-23,Los Angeles,037,10098052,300807,294287,2857,297144,6956
2020-10-23,Madera,039,155013,5052,4888,37,4925,53
2020-10-23,Marin,041,260295,7123,7029,19,7048,102
2020-10-23,Mariposa,043,17540,80,77,0,77,2
2020-10-23,Mendocino,045,87422,1075,1019,2,1021,20
2020-10-23,Merced,047,269075,9535,9327,37,9364,149
2020-10-23,Modoc,049,8938,38,28,0,28,0
2020-10-23,Mono,051,14174,194,159,5,164,1
2020-10-23,Monterey,053,433212,11385,11099,58,11157,86
2020-10-23,Napa,055,140530,2040,1942,8,1950,14
2020-10-23,Nevada,057,99092,642,604,18,622,8
2020-10-23,Orange,059,3164182,60646,57595,1741,59336,1430
2020-10-23,Placer,061,380077,4346,4073,15,4088,57
2020-10-23,Plumas,063,18699,75,63,0,63,0
2020-10-23,Riverside,065,2383286,67376,65512,353,65865,1279
2020-10-23,Sacramento,067,1510023,25688,25224,28,25252,496
2020-10-23,San Benito,069,59416,1430,1412,1,1413,15
2020-10-23,San Bernardino,071,2135413,63747,60854,429,61283,1150
2020-10-23,San Diego,073,3302833,56234,53944,1515,55459,867
2020-10-23,San Francisco,075,870044,12282,12015,50,12065,137
2020-10-23,San Joaquin,077,732212,21909,21361,194,21555,495
2020-10-23,San Luis Obispo,079,281455,4294,4102,28,4130,31
2020-10-23,San Mateo,081,765935,11362,10872,9,10881,155
2020-10-23,Santa Barbara,083,443738,10342,9751,94,9845,121
2020-10-23,Santa Clara,085,1922200,25374,23822,49,23871,364
2020-10-23,Santa Cruz,087,273765,2863,2757,34,2791,24
2020-10-23,Shasta,089,179085,2160,1846,19,1865,29
2020-10-23,Sierra,091,2930,6,6,0,6,0
2020-10-23,Siskiyou,093,43540,201,172,10,182,0
2020-10-23,Solano,095,438530,7392,7174,41,7215,59
2020-10-23,Sonoma,097,501317,9565,9112,26,9138,139
2020-10-23,Stanislaus,099,539301,17738,17496,739,18235,395
2020-10-23,Sutter,101,95872,1861,1797,1,1798,12
2020-10-23,Tehama,103,63373,916,862,2,864,5
2020-10-23,Trinity,105,12862,85,26,11,37,0
2020-10-23,Tulare,107,460477,17950,17334,350,17684,295
2020-10-23,Tuolumne,109,53932,276,254,4,258,4
2020-10-23,Ventura,111,848112,14938,14192,323,14515,155
2020-10-23,Yolo,113,214977,3253,3140,9,3149,57
2020-10-23,Yuba,115,75493,1254,1206,6,1212,10
2020-10-22,Alameda,001,1643700,23600,22915,224,23139,393
2020-10-22,Alpine,003,1148,3,3,0,3,0
2020-10-22,Amador,005,37829,340,317,0,317,16
2020-10-22,Butte,007,227075,3188,3046,30,3076,55
2020-10-22,Calaveras,009,45235,330,273,0,273,13
2020-10-22,Colusa,011,21464,550,547,1,548,6
2020-10-22,Contra Costa,013,1133247,18964,18393,92,18485,243
2020-10-22,Del Norte,015,27424,173,168,0,168,2
2020-10-22,El Dorado,017,186661,1394,1308,3,1311,4
2020-10-22,Fresno,019,978130,33434,30471,471,30942,438
2020-10-22,Glenn,021,27897,672,643,1,644,3
2020-10-22,Humboldt,023,135768,561,548,1,549,7
2020-10-22,Imperial,025,180216,12863,12311,33,12344,333
2020-10-22,Inyo,027,18085,241,220,5,225,14
2020-10-22,Kern,029,883053,33861,32991,406,33397,431
2020-10-22,Kings,031,150075,8457,8201,55,8256,82
2020-10-22,Lake,033,64148,710,678,0,678,15
2020-10-22,Lassen,035,31185,769,764,2,766,0
2020-10-22,Los Angeles,037,10098052,299432,291599,2798,294397,6935
2020-10-22,Madera,039,155013,5031,4847,37,4884,52
2020-10-22,Marin,041,260295,7116,7014,19,7033,102
2020-10-22,Mariposa,043,17540,80,77,0,77,2
2020-10-22,Mendocino,045,87422,1070,1016,2,1018,20
2020-10-22,Merced,047,269075,9507,9323,37,9360,149
2020-10-22,Modoc,049,8938,34,26,0,26,0
2020-10-22,Mono,051,14174,189,156,5,161,1
2020-10-22,Monterey,053,433212,11326,11059,55,11114,84
2020-10-22,Napa,055,140530,2025,1928,8,1936,14
2020-10-22,Nevada,057,99092,636,600,18,618,8
2020-10-22,Orange,059,3164182,60431,57418,1724,59142,1422
2020-10-22,Placer,061,380077,4297,4036,15,4051,57
2020-10-22,Plumas,063,18699,72,62,0,62,0
2020-10-22,Riverside,065,2383286,67042,65104,333,65437,1279
2020-10-22,Sacramento,067,1510023,25548,25054,28,25082,492
2020-10-22,San Benito,069,59416,1426,1403,1,1404,15
2020-10-22,San Bernardino,071,2135413,63345,60402,414,60816,1149
2020-10-22,San Diego,073,3302833,55847,53514,1496,55010,866
2020-10-22,San Francisco,075,870044,12224,11991,48,12039,137
2020-10-22,San Joaquin,077,732212,21836,21282,188,21470,495
2020-10-22,San Luis Obispo,079,281455,4278,4081,28,4109,31
2020-10-22,San Mateo,081,765935,11306,10796,9,10805,155
2020-10-22,Santa Barbara,083,443738,10308,9710,92,9802,120
2020-10-22,Santa Clara,085,1922200,25220,23621,49,23670,363
2020-10-22,Santa Cruz,087,273765,2845,2738,33,2771,24
2020-10-22,Shasta,089,179085,2114,1799,19,1818,29
2020-10-22,Sierra,091,2930,6,6,0,6,0
2020-10-22,Siskiyou,093,43540,201,169,10,179,0
2020-10-22,Solano,095,438530,7346,7116,41,7157,59
2020-10-22,Sonoma,097,501317,9499,9052,25,9077,139
2020-10-22,Stanislaus,099,539301,17684,17440,727,18167,395
2020-10-22,Sutter,101,95872,1847,1794,1,1795,12
2020-10-22,Tehama,103,63373,905,852,2,854,5
2020-10-22,Trinity,105,12862,84,26,11,37,0
2020-10-22,Tulare,107,460477,17884,17265,337,17602,293
2020-10-22,Tuolumne,109,53932,274,252,4,256,4
2020-10-22,Ventura,111,848112,14891,14124,321,14445,154
2020-10-22,Yolo,113,214977,3241,3116,9,3125,58
2020-10-22,Yuba,115,75493,1247,1199,5,1204,10
2020-10-21,Alameda,001,1643700,23512,22853,222,23075,392
2020-10-21,Alpine,003,1148,3,3,0,3,0
2020-10-21,Amador,005,37829,335,313,0,313,16
2020-10-21,Butte,007,227075,3176,3041,30,3071,55
2020-10-21,Calaveras,009,45235,329,272,0,272,13
2020-10-21,Colusa,011,21464,550,546,1,547,6
2020-10-21,Contra Costa,013,1133247,18890,18299,92,18391,243
2020-10-21,Del Norte,015,27424,173,169,0,169,2
2020-10-21,El Dorado,017,186661,1382,1305,2,1307,4
2020-10-21,Fresno,019,978130,33338,30328,466,30794,433
2020-10-21,Glenn,021,27897,667,640,1,641,3
2020-10-21,Humboldt,023,135768,560,548,1,549,7
2020-10-21,Imperial,025,180216,12806,12210,33,12243,331
2020-10-21,Inyo,027,18085,237,220,5,225,14
2020-10-21,Kern,029,883053,33786,32956,405,33361,430
2020-10-21,Kings,031,150075,8430,8186,55,8241,80
2020-10-21,Lake,033,64148,709,676,0,676,15
2020-10-21,Lassen,035,31185,768,764,2,766,0
2020-10-21,Los Angeles,037,10098052,298092,288096,2756,290852,6923
2020-10-21,Madera,039,155013,5006,4831,37,4868,52
2020-10-21,Marin,041,260295,7107,7002,19,7021,102
2020-10-21,Mariposa,043,17540,80,77,0,77,2
2020-10-21,Mendocino,045,87422,1068,1011,2,1013,21
2020-10-21,Merced,047,269075,9483,9319,35,9354,149
2020-10-21,Modoc,049,8938,33,26,0,26,0
2020-10-21,Mono,051,14174,187,156,5,161,1
2020-10-21,Monterey,053,433212,11288,11005,54,11059,83
2020-10-21,Napa,055,140530,2009,1918,8,1926,13
2020-10-21,Nevada,057,99092,630,597,18,615,8
2020-10-21,Orange,059,3164182,60218,57189,1715,58904,1409
2020-10-21,Placer,061,380077,4260,4007,15,4022,56
2020-10-21,Plumas,063,18699,69,58,0,58,0
2020-10-21,Riverside,065,2383286,66746,64778,309,65087,1278
2020-10-21,Sacramento,067,1510023,25354,24908,28,24936,490
2020-10-21,San Benito,069,59416,1425,1401,1,1402,14
2020-10-21,San Bernardino,071,2135413,62937,59948,407,60355,1141
2020-10-21,San Diego,073,3302833,55495,53279,1468,54747,863
2020-10-21,San Francisco,075,870044,12175,11976,47,12023,137
2020-10-21,San Joaquin,077,732212,21760,21201,182,21383,495
2020-10-21,San Luis Obispo,079,281455,4264,4055,26,4081,31
2020-10-21,San Mateo,081,765935,11257,10730,9,10739,155
2020-10-21,Santa Barbara,083,443738,10290,9681,91,9772,121
2020-10-21,Santa Clara,085,1922200,25094,23537,49,23586,361
2020-10-21,Santa Cruz,087,273765,2822,2729,33,2762,24
2020-10-21,Shasta,089,179085,2077,1777,19,1796,27
2020-10-21,Sierra,091,2930,6,6,0,6,0
2020-10-21,Siskiyou,093,43540,197,169,10,179,0
2020-10-21,Solano,095,438530,7300,7088,41,7129,59
2020-10-21,Sonoma,097,501317,9419,8987,25,9012,138
2020-10-21,Stanislaus,099,539301,17634,17419,719,18138,392
2020-10-21,Sutter,101,95872,1832,1786,1,1787,12
2020-10-21,Tehama,103,63373,889,824,2,826,5
2020-10-21,Trinity,105,12862,78,25,10,35,0
2020-10-21,Tulare,107,460477,17846,17204,323,17527,292
2020-10-21,Tuolumne,109,53932,273,251,4,255,4
2020-10-21,Ventura,111,848112,14828,14050,318,14368,153
2020-10-21,Yolo,113,214977,3222,3095,9,3104,58
2020-10-21,Yuba,115,75493,1238,1194,5,1199,10
2020-10-20,Alameda,001,1643700,23409,22750,218,22968,391
2020-10-20,Alpine,003,1148,3,3,0,3,0
2020-10-20,Amador,005,37829,334,313,0,313,16
2020-10-20,Butte,007,227075,3164,3027,30,3057,56
2020-10-20,Calaveras,009,45235,328,273,0,273,13
2020-10-20,Colusa,011,21464,547,546,1,547,6
2020-10-20,Contra Costa,013,1133247,18798,18246,92,18338,241
2020-10-20,Del Norte,015,27424,172,169,0,169,2
2020-10-20,El Dorado,017,186661,1376,1295,2,1297,4
2020-10-20,Fresno,019,978130,33235,30220,460,30680,431
2020-10-20,Glenn,021,27897,662,638,1,639,3
2020-10-20,Humboldt,023,135768,556,545,1,546,7
2020-10-20,Imperial,025,180216,12737,12114,33,12147,330
2020-10-20,Inyo,027,18085,237,218,5,223,14
2020-10-20,Kern,029,883053,33711,32889,392,33281,429
2020-10-20,Kings,031,150075,8412,8178,54,8232,80
2020-10-20,Lake,033,64148,707,675,0,675,15
2020-10-20,Lassen,035,31185,767,757,2,759,0
2020-10-20,Los Angeles,037,10098052,296600,287727,2706,290433,6891
2020-10-20,Madera,039,155013,4989,4823,37,4860,52
2020-10-20,Marin,041,260295,7092,6994,19,7013,101
2020-10-20,Mariposa,043,17540,79,77,0,77,2
2020-10-20,Mendocino,045,87422,1066,1004,2,1006,21
2020-10-20,Merced,047,269075,9461,9323,35,9358,149
2020-10-20,Modoc,049,8938,32,26,0,26,0
2020-10-20,Mono,051,14174,187,156,5,161,1
2020-10-20,Monterey,053,433212,11245,10942,51,10993,81
2020-10-20,Napa,055,140530,1990,1912,8,1920,13
2020-10-20,Nevada,057,99092,620,596,18,614,8
2020-10-20,Orange,059,3164182,59954,56914,1705,58619,1397
2020-10-20,Placer,061,380077,4222,3997,15,4012,56
2020-10-20,Plumas,063,18699,66,53,0,53,0
2020-10-20,Riverside,065,2383286,66366,64452,297,64749,1275
2020-10-20,Sacramento,067,1510023,25227,24767,27,24794,485
2020-10-20,San Benito,069,59416,1422,1398,1,1399,14
2020-10-20,San Bernardino,071,2135413,62555,59571,405,59976,1109
2020-10-20,San Diego,073,3302833,55159,53004,1448,54452,857
2020-10-20,San Francisco,075,870044,12128,12013,46,12059,126
2020-10-20,San Joaquin,077,732212,21681,21173,172,21345,490
2020-10-20,San Luis Obispo,079,281455,4246,4043,25,4068,31
2020-10-20,San Mateo,081,765935,11210,10659,9,10668,155
2020-10-20,Santa Barbara,083,443738,10261,9664,89,9753,121
2020-10-20,Santa Clara,085,1922200,24957,23406,49,23455,358
2020-10-20,Santa Cruz,087,273765,2799,2710,33,2743,23
2020-10-20,Shasta,089,179085,2054,1747,19,1766,20
2020-10-20,Sierra,091,2930,6,6,0,6,0
2020-10-20,Siskiyou,093,43540,189,168,10,178,0
2020-10-20,Solano,095,438530,7251,7044,41,7085,57
2020-10-20,Sonoma,097,501317,9356,8904,23,8927,135
2020-10-20,Stanislaus,099,539301,17580,17367,715,18082,393
2020-10-20,Sutter,101,95872,1823,1783,1,1784,12
2020-10-20,Tehama,103,63373,874,813,2,815,5
2020-10-20,Trinity,105,12862,77,25,10,35,0
2020-10-20,Tulare,107,460477,17779,17156,318,17474,289
2020-10-20,Tuolumne,109,53932,271,250,4,254,4
2020-10-20,Ventura,111,848112,14764,13980,316,14296,152
2020-10-20,Yolo,113,214977,3199,3083,9,3092,56
2020-10-20,Yuba,115,75493,1228,1191,5,1196,10
2020-10-19,Alameda,001,1643700,23297,22647,217,22864,392
2020-10-19,Alpine,003,1148,3,3,0,3,0
2020-10-19,Amador,005,37829,328,313,0,313,16
2020-10-19,Butte,007,227075,3153,3026,30,3056,55
2020-10-19,Calaveras,009,45235,327,268,0,268,13
2020-10-19,Colusa,011,21464,547,544,1,545,6
2020-10-19,Contra Costa,013,1133247,18700,18173,92,18265,239
2020-10-19,Del Norte,015,27424,169,167,0,167,2
2020-10-19,El Dorado,017,186661,1355,1287,2,1289,4
2020-10-19,Fresno,019,978130,33126,30152,454,30606,431
2020-10-19,Glenn,021,27897,657,635,0,635,3
2020-10-19,Humboldt,023,135768,556,543,1,544,7
2020-10-19,Imperial,025,180216,12683,12036,31,12067,330
2020-10-19,Inyo,027,18085,236,218,5,223,14
2020-10-19,Kern,029,883053,33635,32840,389,33229,428
2020-10-19,Kings,031,150075,8394,8173,54,8227,80
2020-10-19,Lake,033,64148,704,673,0,673,15
2020-10-19,Lassen,035,31185,766,757,2,759,0
2020-10-19,Los Angeles,037,10098052,295113,287119,2668,289787,6858
2020-10-19,Madera,039,155013,4974,4787,37,4824,52
2020-10-19,Marin,041,260295,7074,6981,19,7000,100
2020-10-19,Mariposa,043,17540,79,77,0,77,2
2020-10-19,Mendocino,045,87422,1061,1001,2,1003,21
2020-10-19,Merced,047,269075,9436,9305,31,9336,148
2020-10-19,Modoc,049,8938,31,26,0,26,0
2020-10-19,Mono,051,14174,182,156,5,161,1
2020-10-19,Monterey,053,433212,11184,10907,51,10958,80
2020-10-19,Napa,055,140530,1976,1892,8,1900,12
2020-10-19,Nevada,057,99092,617,590,18,608,8
2020-10-19,Orange,059,3164182,59669,56652,1690,58342,1396
2020-10-19,Placer,061,380077,4173,3962,15,3977,49
2020-10-19,Plumas,063,18699,64,52,0,52,0
2020-10-19,Riverside,065,2383286,65935,64016,281,64297,1272
2020-10-19,Sacramento,067,1510023,25088,24542,27,24569,483
2020-10-19,San Benito,069,59416,1415,1395,1,1396,14
2020-10-19,San Bernardino,071,2135413,62105,59265,394,59659,1100
2020-10-19,San Diego,073,3302833,54773,52739,1423,54162,853
2020-10-19,San Francisco,075,870044,12084,11879,46,11925,126
2020-10-19,San Joaquin,077,732212,21606,20930,164,21094,489
2020-10-19,San Luis Obispo,079,281455,4230,4016,25,4041,31
2020-10-19,San Mateo,081,765935,11164,10568,9,10577,154
2020-10-19,Santa Barbara,083,443738,10226,9632,89,9721,121
2020-10-19,Santa Clara,085,1922200,24806,23301,49,23350,352
2020-10-19,Santa Cruz,087,273765,2782,2705,33,2738,19
2020-10-19,Shasta,089,179085,2010,1709,18,1727,20
2020-10-19,Sierra,091,2930,6,6,0,6,0
2020-10-19,Siskiyou,093,43540,182,167,10,177,0
2020-10-19,Solano,095,438530,7210,7003,41,7044,57
2020-10-19,Sonoma,097,501317,9269,8830,23,8853,135
2020-10-19,Stanislaus,099,539301,17529,17342,705,18047,390
2020-10-19,Sutter,101,95872,1818,1773,1,1774,12
2020-10-19,Tehama,103,63373,871,793,2,795,5
2020-10-19,Trinity,105,12862,75,23,10,33,0
2020-10-19,Tulare,107,460477,17729,17047,311,17358,291
2020-10-19,Tuolumne,109,53932,269,247,4,251,4
2020-10-19,Ventura,111,848112,14698,13930,313,14243,152
2020-10-19,Yolo,113,214977,3186,3069,9,3078,56
2020-10-19,Yuba,115,75493,1221,1183,5,1188,10
2020-10-18,Alameda,001,1643700,23193,22546,216,22762,392
2020-10-18,Alpine,003,1148,3,3,0,3,0
2020-10-18,Amador,005,37829,316,313,0,313,16
2020-10-18,Butte,007,227075,3140,3019,30,3049,55
2020-10-18,Calaveras,009,45235,326,267,0,267,13
2020-10-18,Colusa,011,21464,545,544,1,545,6
2020-10-18,Contra Costa,013,1133247,18601,18120,92,18212,237
2020-10-18,Del Norte,015,27424,169,167,0,167,2
2020-10-18,El Dorado,017,186661,1346,1283,2,1285,4
2020-10-18,Fresno,019,978130,32997,30051,446,30497,430
2020-10-18,Glenn,021,27897,655,634,0,634,3
2020-10-18,Humboldt,023,135768,553,540,1,541,7
2020-10-18,Imperial,025,180216,12621,11987,29,12016,330
2020-10-18,Inyo,027,18085,233,215,5,220,14
2020-10-18,Kern,029,883053,33562,32799,382,33181,428
2020-10-18,Kings,031,150075,8379,8159,54,8213,80
2020-10-18,Lake,033,64148,697,670,0,670,15
2020-10-18,Lassen,035,31185,766,757,2,759,0
2020-10-18,Los Angeles,037,10098052,293406,286187,2625,288812,6857
2020-10-18,Madera,039,155013,4949,4770,36,4806,52
2020-10-18,Marin,041,260295,7053,6969,19,6988,99
2020-10-18,Mariposa,043,17540,79,77,0,77,2
2020-10-18,Mendocino,045,87422,1059,988,2,990,21
2020-10-18,Merced,047,269075,9401,9292,31,9323,148
2020-10-18,Modoc,049,8938,30,26,0,26,0
2020-10-18,Mono,051,14174,177,155,5,160,1
2020-10-18,Monterey,053,433212,11131,10872,51,10923,80
2020-10-18,Napa,055,140530,1963,1882,8,1890,12
2020-10-18,Nevada,057,99092,611,582,18,600,8
2020-10-18,Orange,059,3164182,59371,56394,1674,58068,1396
2020-10-18,Placer,061,380077,4125,3938,15,3953,49
2020-10-18,Plumas,063,18699,62,52,0,52,0
2020-10-18,Riverside,065,2383286,65622,63765,260,64025,1270
2020-10-18,Sacramento,067,1510023,24933,24425,27,24452,482
2020-10-18,San Benito,069,59416,1408,1395,1,1396,14
2020-10-18,San Bernardino,071,2135413,61605,58893,386,59279,1098
2020-10-18,San Diego,073,3302833,54384,52359,1402,53761,853
2020-10-18,San Francisco,075,870044,12045,11878,46,11924,126
2020-10-18,San Joaquin,077,732212,21523,20931,151,21082,489
2020-10-18,San Luis Obispo,079,281455,4199,4009,23,4032,31
2020-10-18,San Mateo,081,765935,11105,10503,9,10512,154
2020-10-18,Santa Barbara,083,443738,10187,9608,88,9696,121
2020-10-18,Santa Clara,085,1922200,24633,23169,49,23218,352
2020-10-18,Santa Cruz,087,273765,2768,2692,33,2725,19
2020-10-18,Shasta,089,179085,1985,1708,18,1726,20
2020-10-18,Sierra,091,2930,6,6,0,6,0
2020-10-18,Siskiyou,093,43540,182,167,10,177,0
2020-10-18,Solano,095,438530,7163,6962,41,7003,57
2020-10-18,Sonoma,097,501317,9192,8781,22,8803,134
2020-10-18,Stanislaus,099,539301,17473,17290,696,17986,390
2020-10-18,Sutter,101,95872,1809,1764,1,1765,12
2020-10-18,Tehama,103,63373,839,774,2,776,5
2020-10-18,Trinity,105,12862,75,20,10,30,0
2020-10-18,Tulare,107,460477,17635,17048,302,17350,290
2020-10-18,Tuolumne,109,53932,264,245,4,249,4
2020-10-18,Ventura,111,848112,14619,13901,312,14213,151
2020-10-18,Yolo,113,214977,3147,3059,9,3068,55
2020-10-18,Yuba,115,75493,1210,1176,5,1181,10
2020-10-17,Alameda,001,1643700,23147,22394,214,22608,398
2020-10-17,Alpine,003,1148,3,3,0,3,0
2020-10-17,Amador,005,37829,314,309,0,309,16
2020-10-17,Butte,007,227075,3132,3012,28,3040,55
2020-10-17,Calaveras,009,45235,326,267,0,267,13
2020-10-17,Colusa,011,21464,544,544,1,545,6
2020-10-17,Contra Costa,013,1133247,18548,18005,92,18097,237
2020-10-17,Del Norte,015,27424,169,167,0,167,2
2020-10-17,El Dorado,017,186661,1342,1277,2,1279,4
2020-10-17,Fresno,019,978130,32943,29911,444,30355,430
2020-10-17,Glenn,021,27897,652,633,0,633,3
2020-10-17,Humboldt,023,135768,550,535,1,536,7
2020-10-17,Imperial,025,180216,12593,11962,29,11991,330
2020-10-17,Inyo,027,18085,228,212,5,217,14
2020-10-17,Kern,029,883053,33511,32710,379,33089,428
2020-10-17,Kings,031,150075,8373,8151,53,8204,80
2020-10-17,Lake,033,64148,694,663,0,663,15
2020-10-17,Lassen,035,31185,766,757,2,759,0
2020-10-17,Los Angeles,037,10098052,292653,285858,2598,288456,6844
2020-10-17,Madera,039,155013,4943,4759,36,4795,53
2020-10-17,Marin,041,260295,7050,6958,19,6977,99
2020-10-17,Mariposa,043,17540,78,77,0,77,2
2020-10-17,Mendocino,045,87422,1052,977,2,979,21
2020-10-17,Merced,047,269075,9387,9275,31,9306,148
2020-10-17,Modoc,049,8938,30,26,0,26,0
2020-10-17,Mono,051,14174,176,155,5,160,1
2020-10-17,Monterey,053,433212,11091,10807,50,10857,80
2020-10-17,Napa,055,140530,1956,1866,8,1874,12
2020-10-17,Nevada,057,99092,610,580,18,598,8
2020-10-17,Orange,059,3164182,59229,56197,1667,57864,1396
2020-10-17,Placer,061,380077,4098,3898,15,3913,49
2020-10-17,Plumas,063,18699,62,52,0,52,0
2020-10-17,Riverside,065,2383286,65424,63171,250,63421,1270
2020-10-17,Sacramento,067,1510023,24849,24304,27,24331,482
2020-10-17,San Benito,069,59416,1404,1389,1,1390,14
2020-10-17,San Bernardino,071,2135413,61335,58415,379,58794,1097
2020-10-17,San Diego,073,3302833,54159,51986,1391,53377,853
2020-10-17,San Francisco,075,870044,12017,11877,45,11922,126
2020-10-17,San Joaquin,077,732212,21469,20932,145,21077,489
2020-10-17,San Luis Obispo,079,281455,4184,3979,23,4002,31
2020-10-17,San Mateo,081,765935,11077,10423,9,10432,153
2020-10-17,Santa Barbara,083,443738,10168,9588,86,9674,121
2020-10-17,Santa Clara,085,1922200,24544,22997,49,23046,349
2020-10-17,Santa Cruz,087,273765,2754,2680,33,2713,19
2020-10-17,Shasta,089,179085,1959,1679,18,1697,20
2020-10-17,Sierra,091,2930,6,6,0,6,0
2020-10-17,Siskiyou,093,43540,181,167,10,177,0
2020-10-17,Solano,095,438530,7137,6929,41,6970,57
2020-10-17,Sonoma,097,501317,9149,8725,22,8747,134
2020-10-17,Stanislaus,099,539301,17433,17232,687,17919,390
2020-10-17,Sutter,101,95872,1807,1762,1,1763,12
2020-10-17,Tehama,103,63373,823,764,2,766,5
2020-10-17,Trinity,105,12862,75,20,10,30,0
2020-10-17,Tulare,107,460477,17605,16995,293,17288,290
2020-10-17,Tuolumne,109,53932,264,241,4,245,4
2020-10-17,Ventura,111,848112,14574,13845,309,14154,151
2020-10-17,Yolo,113,214977,3132,3045,7,3052,55
2020-10-17,Yuba,115,75493,1205,1164,5,1169,10
2020-10-16,Alameda,001,1643700,23093,22315,214,22529,397
2020-10-16,Alpine,003,1148,3,3,0,3,0
2020-10-16,Amador,005,37829,314,309,0,309,16
2020-10-16,Butte,007,227075,3121,3004,28,3032,54
2020-10-16,Calaveras,009,45235,326,267,0,267,13
2020-10-16,Colusa,011,21464,543,544,1,545,6
2020-10-16,Contra Costa,013,1133247,18495,17956,92,18048,237
2020-10-16,Del Norte,015,27424,169,166,0,166,2
2020-10-16,El Dorado,017,186661,1336,1273,2,1275,4
2020-10-16,Fresno,019,978130,32867,29796,443,30239,427
2020-10-16,Glenn,021,27897,647,632,0,632,3
2020-10-16,Humboldt,023,135768,550,533,1,534,7
2020-10-16,Imperial,025,180216,12553,11885,29,11914,330
2020-10-16,Inyo,027,18085,224,212,5,217,14
2020-10-16,Kern,029,883053,33468,32660,377,33037,428
2020-10-16,Kings,031,150075,8364,8146,52,8198,80
2020-10-16,Lake,033,64148,692,644,0,644,14
2020-10-16,Lassen,035,31185,766,757,2,759,0
2020-10-16,Los Angeles,037,10098052,291591,284988,2577,287565,6835
2020-10-16,Madera,039,155013,4931,4736,35,4771,53
2020-10-16,Marin,041,260295,7040,6933,19,6952,99
2020-10-16,Mariposa,043,17540,78,76,0,76,2
2020-10-16,Mendocino,045,87422,1045,974,2,976,21
2020-10-16,Merced,047,269075,9370,9246,31,9277,148
2020-10-16,Modoc,049,8938,30,26,0,26,0
2020-10-16,Mono,051,14174,174,155,5,160,1
2020-10-16,Monterey,053,433212,11056,10727,50,10777,79
2020-10-16,Napa,055,140530,1947,1855,8,1863,12
2020-10-16,Nevada,057,99092,608,579,18,597,8
2020-10-16,Orange,059,3164182,59051,56091,1661,57752,1388
2020-10-16,Placer,061,380077,4078,3864,15,3879,49
2020-10-16,Plumas,063,18699,61,52,0,52,0
2020-10-16,Riverside,065,2383286,65199,62986,249,63235,1267
2020-10-16,Sacramento,067,1510023,24755,24144,27,24171,479
2020-10-16,San Benito,069,59416,1401,1388,1,1389,14
2020-10-16,San Bernardino,071,2135413,61065,58233,379,58612,1069
2020-10-16,San Diego,073,3302833,53917,51785,1377,53162,850
2020-10-16,San Francisco,075,870044,11995,11840,44,11884,126
2020-10-16,San Joaquin,077,732212,21424,20910,144,21054,489
2020-10-16,San Luis Obispo,079,281455,4170,3952,23,3975,32
2020-10-16,San Mateo,081,765935,11052,10405,9,10414,153
2020-10-16,Santa Barbara,083,443738,10150,9549,86,9635,119
2020-10-16,Santa Clara,085,1922200,24457,22920,49,22969,345
2020-10-16,Santa Cruz,087,273765,2741,2666,33,2699,20
2020-10-16,Shasta,089,179085,1937,1660,18,1678,20
2020-10-16,Sierra,091,2930,6,6,0,6,0
2020-10-16,Siskiyou,093,43540,179,167,10,177,0
2020-10-16,Solano,095,438530,7114,6879,41,6920,55
2020-10-16,Sonoma,097,501317,9093,8652,22,8674,133
2020-10-16,Stanislaus,099,539301,17399,17201,679,17880,366
2020-10-16,Sutter,101,95872,1799,1756,1,1757,12
2020-10-16,Tehama,103,63373,822,737,2,739,3
2020-10-16,Trinity,105,12862,75,20,10,30,0
2020-10-16,Tulare,107,460477,17573,16965,285,17250,290
2020-10-16,Tuolumne,109,53932,261,237,4,241,4
2020-10-16,Ventura,111,848112,14531,13805,304,14109,152
2020-10-16,Yolo,113,214977,3123,3030,7,3037,55
2020-10-16,Yuba,115,75493,1205,1155,5,1160,10
2020-10-15,Alameda,001,1643700,23025,22267,213,22480,390
2020-10-15,Alpine,003,1148,3,3,0,3,0
2020-10-15,Amador,005,37829,314,309,0,309,16
2020-10-15,Butte,007,227075,3109,3000,27,3027,54
2020-10-15,Calaveras,009,45235,325,267,0,267,13
2020-10-15,Colusa,011,21464,542,543,1,544,6
2020-10-15,Contra Costa,013,1133247,18428,17893,91,17984,237
2020-10-15,Del Norte,015,27424,169,164,0,164,2
2020-10-15,El Dorado,017,186661,1331,1265,2,1267,4
2020-10-15,Fresno,019,978130,32770,29727,440,30167,425
2020-10-15,Glenn,021,27897,642,632,0,632,3
2020-10-15,Humboldt,023,135768,546,531,1,532,7
2020-10-15,Imperial,025,180216,12512,11820,28,11848,330
2020-10-15,Inyo,027,18085,224,210,5,215,14
2020-10-15,Kern,029,883053,33387,32593,374,32967,427
2020-10-15,Kings,031,150075,8349,8134,52,8186,80
2020-10-15,Lake,033,64148,690,642,0,642,14
2020-10-15,Lassen,035,31185,765,752,2,754,0
2020-10-15,Los Angeles,037,10098052,290306,284019,2543,286562,6807
2020-10-15,Madera,039,155013,4919,4723,34,4757,50
2020-10-15,Marin,041,260295,7032,6912,19,6931,99
2020-10-15,Mariposa,043,17540,78,76,0,76,2
2020-10-15,Mendocino,045,87422,1039,963,2,965,21
2020-10-15,Merced,047,269075,9343,9213,31,9244,147
2020-10-15,Modoc,049,8938,30,26,0,26,0
2020-10-15,Mono,051,14174,174,155,5,160,1
2020-10-15,Monterey,053,433212,10989,10677,49,10726,79
2020-10-15,Napa,055,140530,1934,1842,8,1850,12
2020-10-15,Nevada,057,99092,604,575,18,593,8
2020-10-15,Orange,059,3164182,58834,55952,1649,57601,1379
2020-10-15,Placer,061,380077,4049,3848,15,3863,48
2020-10-15,Plumas,063,18699,58,52,0,52,0
2020-10-15,Riverside,065,2383286,64868,62819,246,63065,1266
2020-10-15,Sacramento,067,1510023,24639,24068,27,24095,474
2020-10-15,San Benito,069,59416,1398,1384,1,1385,14
2020-10-15,San Bernardino,071,2135413,60726,58068,376,58444,1067
2020-10-15,San Diego,073,3302833,53633,51472,1361,52833,847
2020-10-15,San Francisco,075,870044,11967,11808,41,11849,126
2020-10-15,San Joaquin,077,732212,21351,20880,138,21018,487
2020-10-15,San Luis Obispo,079,281455,4155,3934,23,3957,32
2020-10-15,San Mateo,081,765935,11012,10340,9,10349,152
2020-10-15,Santa Barbara,083,443738,10126,9526,85,9611,117
2020-10-15,Santa Clara,085,1922200,24341,22808,49,22857,343
2020-10-15,Santa Cruz,087,273765,2727,2656,33,2689,13
2020-10-15,Shasta,089,179085,1926,1635,18,1653,20
2020-10-15,Sierra,091,2930,6,6,0,6,0
2020-10-15,Siskiyou,093,43540,175,166,10,176,0
2020-10-15,Solano,095,438530,7075,6830,41,6871,55
2020-10-15,Sonoma,097,501317,9001,8571,22,8593,133
2020-10-15,Stanislaus,099,539301,17361,17151,665,17816,366
2020-10-15,Sutter,101,95872,1796,1752,1,1753,12
2020-10-15,Tehama,103,63373,795,726,2,728,3
2020-10-15,Trinity,105,12862,75,20,10,30,0
2020-10-15,Tulare,107,460477,17513,16918,270,17188,289
2020-10-15,Tuolumne,109,53932,259,236,4,240,4
2020-10-15,Ventura,111,848112,14475,13750,299,14049,152
2020-10-15,Yolo,113,214977,3103,3014,7,3021,55
2020-10-15,Yuba,115,75493,1198,1151,5,1156,10
2020-10-14,Alameda,001,1643700,22926,22227,212,22439,398
2020-10-14,Alpine,003,1148,3,3,0,3,0
2020-10-14,Amador,005,37829,312,308,0,308,16
2020-10-14,Butte,007,227075,3101,2995,27,3022,54
2020-10-14,Calaveras,009,45235,325,266,0,266,12
2020-10-14,Colusa,011,21464,542,543,1,544,6
2020-10-14,Contra Costa,013,1133247,18371,17820,89,17909,236
2020-10-14,Del Norte,015,27424,168,163,0,163,2
2020-10-14,El Dorado,017,186661,1325,1264,2,1266,4
2020-10-14,Fresno,019,978130,32655,29650,433,30083,424
2020-10-14,Glenn,021,27897,641,629,0,629,3
2020-10-14,Humboldt,023,135768,543,531,1,532,7
2020-10-14,Imperial,025,180216,12475,11765,26,11791,330
2020-10-14,Inyo,027,18085,223,209,4,213,14
2020-10-14,Kern,029,883053,33312,32528,372,32900,425
2020-10-14,Kings,031,150075,8331,8118,52,8170,80
2020-10-14,Lake,033,64148,689,642,0,642,14
2020-10-14,Lassen,035,31185,763,752,2,754,0
2020-10-14,Los Angeles,037,10098052,288993,282918,2499,285417,6786
2020-10-14,Madera,039,155013,4904,4713,33,4746,50
2020-10-14,Marin,041,260295,7026,6907,19,6926,99
2020-10-14,Mariposa,043,17540,77,76,0,76,2
2020-10-14,Mendocino,045,87422,1033,955,2,957,21
2020-10-14,Merced,047,269075,9318,9201,29,9230,147
2020-10-14,Modoc,049,8938,30,27,0,27,0
2020-10-14,Mono,051,14174,174,155,5,160,1
2020-10-14,Monterey,053,433212,10938,10616,49,10665,78
2020-10-14,Napa,055,140530,1917,1837,8,1845,12
2020-10-14,Nevada,057,99092,602,573,18,591,7
2020-10-14,Orange,059,3164182,58620,55756,1640,57396,1348
2020-10-14,Placer,061,380077,4026,3829,15,3844,48
2020-10-14,Plumas,063,18699,54,52,0,52,0
2020-10-14,Riverside,065,2383286,64585,62607,245,62852,1261
2020-10-14,Sacramento,067,1510023,24495,24013,27,24040,472
2020-10-14,San Benito,069,59416,1396,1381,0,1381,14
2020-10-14,San Bernardino,071,2135413,60399,57774,373,58147,1063
2020-10-14,San Diego,073,3302833,53314,51329,1337,52666,844
2020-10-14,San Francisco,075,870044,11935,11783,40,11823,123
2020-10-14,San Joaquin,077,732212,21272,20845,124,20969,487
2020-10-14,San Luis Obispo,079,281455,4132,3901,22,3923,32
2020-10-14,San Mateo,081,765935,10961,10309,9,10318,132
2020-10-14,Santa Barbara,083,443738,10091,9509,85,9594,117
2020-10-14,Santa Clara,085,1922200,24192,22735,49,22784,343
2020-10-14,Santa Cruz,087,273765,2717,2618,33,2651,13
2020-10-14,Shasta,089,179085,1888,1553,18,1571,20
2020-10-14,Sierra,091,2930,6,6,0,6,0
2020-10-14,Siskiyou,093,43540,175,166,10,176,0
2020-10-14,Solano,095,438530,7019,6786,41,6827,55
2020-10-14,Sonoma,097,501317,8948,8514,22,8536,133
2020-10-14,Stanislaus,099,539301,17316,17105,662,17767,365
2020-10-14,Sutter,101,95872,1787,1747,1,1748,12
2020-10-14,Tehama,103,63373,784,721,2,723,3
2020-10-14,Trinity,105,12862,74,20,10,30,0
2020-10-14,Tulare,107,460477,17451,16863,257,17120,287
2020-10-14,Tuolumne,109,53932,258,236,4,240,4
2020-10-14,Ventura,111,848112,14422,13697,295,13992,152
2020-10-14,Yolo,113,214977,3085,3007,7,3014,55
2020-10-14,Yuba,115,75493,1190,1147,5,1152,10
2020-10-13,Alameda,001,1643700,22822,22185,210,22395,389
2020-10-13,Alpine,003,1148,3,3,0,3,0
2020-10-13,Amador,005,37829,310,306,0,306,16
2020-10-13,Butte,007,227075,3092,2992,27,3019,54
2020-10-13,Calaveras,009,45235,321,262,0,262,12
2020-10-13,Colusa,011,21464,542,541,1,542,6
2020-10-13,Contra Costa,013,1133247,18313,17783,89,17872,234
2020-10-13,Del Norte,015,27424,168,163,0,163,2
2020-10-13,El Dorado,017,186661,1316,1262,2,1264,4
2020-10-13,Fresno,019,978130,32533,29579,429,30008,424
2020-10-13,Glenn,021,27897,640,629,0,629,3
2020-10-13,Humboldt,023,135768,541,523,1,524,7
2020-10-13,Imperial,025,180216,12440,11727,26,11753,327
2020-10-13,Inyo,027,18085,220,207,4,211,14
2020-10-13,Kern,029,883053,33237,32497,370,32867,419
2020-10-13,Kings,031,150075,8322,8111,52,8163,80
2020-10-13,Lake,033,64148,686,639,0,639,12
2020-10-13,Lassen,035,31185,761,752,2,754,0
2020-10-13,Los Angeles,037,10098052,287716,281716,2456,284172,6767
2020-10-13,Madera,039,155013,4886,4700,33,4733,50
2020-10-13,Marin,041,260295,7004,6900,18,6918,97
2020-10-13,Mariposa,043,17540,77,76,0,76,2
2020-10-13,Mendocino,045,87422,1024,950,2,952,21
2020-10-13,Merced,047,269075,9301,9181,29,9210,146
2020-10-13,Modoc,049,8938,29,28,0,28,0
2020-10-13,Mono,051,14174,174,155,4,159,1
2020-10-13,Monterey,053,433212,10877,10574,48,10622,78
2020-10-13,Napa,055,140530,1908,1825,8,1833,12
2020-10-13,Nevada,057,99092,596,572,18,590,7
2020-10-13,Orange,059,3164182,58407,55515,1627,57142,1326
2020-10-13,Placer,061,380077,3988,3825,15,3840,48
2020-10-13,Plumas,063,18699,52,51,0,51,0
2020-10-13,Riverside,065,2383286,64265,62279,243,62522,1254
2020-10-13,Sacramento,067,1510023,24418,23930,27,23957,466
2020-10-13,San Benito,069,59416,1388,1380,0,1380,14
2020-10-13,San Bernardino,071,2135413,60059,57411,371,57782,1061
2020-10-13,San Diego,073,3302833,53021,51026,1320,52346,840
2020-10-13,San Francisco,075,870044,11900,11659,40,11699,122
2020-10-13,San Joaquin,077,732212,21211,20822,120,20942,481
2020-10-13,San Luis Obispo,079,281455,4121,3892,21,3913,32
2020-10-13,San Mateo,081,765935,10918,10286,9,10295,130
2020-10-13,Santa Barbara,083,443738,10060,9489,85,9574,117
2020-10-13,Santa Clara,085,1922200,24065,22678,49,22727,343
2020-10-13,Santa Cruz,087,273765,2699,2603,33,2636,13
2020-10-13,Shasta,089,179085,1864,1606,18,1624,20
2020-10-13,Sierra,091,2930,6,6,0,6,0
2020-10-13,Siskiyou,093,43540,174,163,10,173,0
2020-10-13,Solano,095,438530,6984,6761,41,6802,55
2020-10-13,Sonoma,097,501317,8865,8456,22,8478,133
2020-10-13,Stanislaus,099,539301,17271,17082,657,17739,362
2020-10-13,Sutter,101,95872,1778,1748,1,1749,12
2020-10-13,Tehama,103,63373,776,717,2,719,3
2020-10-13,Trinity,105,12862,70,19,9,28,0
2020-10-13,Tulare,107,460477,17392,16822,249,17071,286
2020-10-13,Tuolumne,109,53932,256,235,4,239,4
2020-10-13,Ventura,111,848112,14368,13645,291,13936,151
2020-10-13,Yolo,113,214977,3077,2983,6,2989,55
2020-10-13,Yuba,115,75493,1185,1143,5,1148,10
2020-10-12,Alameda,001,1643700,22742,22126,209,22335,389
2020-10-12,Alpine,003,1148,3,3,0,3,0
2020-10-12,Amador,005,37829,309,305,0,305,16
2020-10-12,Butte,007,227075,3086,2975,27,3002,54
2020-10-12,Calaveras,009,45235,321,262,0,262,12
2020-10-12,Colusa,011,21464,542,541,1,542,6
2020-10-12,Contra Costa,013,1133247,18238,17728,89,17817,233
2020-10-12,Del Norte,015,27424,168,161,0,161,2
2020-10-12,El Dorado,017,186661,1313,1254,2,1256,4
2020-10-12,Fresno,019,978130,32400,29523,425,29948,421
2020-10-12,Glenn,021,27897,639,626,0,626,3
2020-10-12,Humboldt,023,135768,538,522,1,523,7
2020-10-12,Imperial,025,180216,12401,11689,25,11714,328
2020-10-12,Inyo,027,18085,217,201,4,205,14
2020-10-12,Kern,029,883053,33144,32425,367,32792,419
2020-10-12,Kings,031,150075,8316,8106,51,8157,80
2020-10-12,Lake,033,64148,680,633,0,633,12
2020-10-12,Lassen,035,31185,761,752,2,754,0
2020-10-12,Los Angeles,037,10098052,286498,280961,2428,283389,6747
2020-10-12,Madera,039,155013,4867,4689,33,4722,50
2020-10-12,Marin,041,260295,6987,6886,18,6904,97
2020-10-12,Mariposa,043,17540,77,76,0,76,2
2020-10-12,Mendocino,045,87422,1018,947,2,949,21
2020-10-12,Merced,047,269075,9280,9141,29,9170,146
2020-10-12,Modoc,049,8938,29,27,0,27,0
2020-10-12,Mono,051,14174,174,154,4,158,1
2020-10-12,Monterey,053,433212,10811,10473,48,10521,77
2020-10-12,Napa,055,140530,1900,1819,8,1827,11
2020-10-12,Nevada,057,99092,592,570,18,588,7
2020-10-12,Orange,059,3164182,58177,55373,1617,56990,1326
2020-10-12,Placer,061,380077,3956,3808,14,3822,48
2020-10-12,Plumas,063,18699,52,51,0,51,0
2020-10-12,Riverside,065,2383286,63954,62279,239,62518,1254
2020-10-12,Sacramento,067,1510023,24312,23807,27,23834,466
2020-10-12,San Benito,069,59416,1385,1376,0,1376,13
2020-10-12,San Bernardino,071,2135413,59685,57235,370,57605,1061
2020-10-12,San Diego,073,3302833,52731,50748,1293,52041,826
2020-10-12,San Francisco,075,870044,11868,11659,40,11699,122
2020-10-12,San Joaquin,077,732212,21148,20701,114,20815,480
2020-10-12,San Luis Obispo,079,281455,4097,3874,21,3895,32
2020-10-12,San Mateo,081,765935,10870,10262,9,10271,130
2020-10-12,Santa Barbara,083,443738,10022,9462,85,9547,117
2020-10-12,Santa Clara,085,1922200,23950,22578,49,22627,343
2020-10-12,Santa Cruz,087,273765,2682,2590,33,2623,13
2020-10-12,Shasta,089,179085,1839,1515,18,1533,20
2020-10-12,Sierra,091,2930,6,6,0,6,0
2020-10-12,Siskiyou,093,43540,173,162,10,172,0
2020-10-12,Solano,095,438530,6945,6742,41,6783,55
2020-10-12,Sonoma,097,501317,8794,8377,22,8399,133
2020-10-12,Stanislaus,099,539301,17222,17051,648,17699,361
2020-10-12,Sutter,101,95872,1770,1741,1,1742,12
2020-10-12,Tehama,103,63373,760,708,2,710,3
2020-10-12,Trinity,105,12862,69,19,9,28,0
2020-10-12,Tulare,107,460477,17340,16742,242,16984,286
2020-10-12,Tuolumne,109,53932,251,234,4,238,4
2020-10-12,Ventura,111,848112,14306,13617,287,13904,151
2020-10-12,Yolo,113,214977,3062,2964,6,2970,55
2020-10-12,Yuba,115,75493,1174,1141,5,1146,10
2020-10-11,Alameda,001,1643700,22652,22057,205,22262,392
2020-10-11,Alpine,003,1148,3,3,0,3,0
2020-10-11,Amador,005,37829,307,305,0,305,16
2020-10-11,Butte,007,227075,3078,2967,26,2993,54
2020-10-11,Calaveras,009,45235,319,262,0,262,12
2020-10-11,Colusa,011,21464,540,541,1,542,6
2020-10-11,Contra Costa,013,1133247,18154,17678,89,17767,233
2020-10-11,Del Norte,015,27424,166,161,0,161,2
2020-10-11,El Dorado,017,186661,1304,1242,2,1244,4
2020-10-11,Fresno,019,978130,32262,29419,417,29836,421
2020-10-11,Glenn,021,27897,637,625,0,625,3
2020-10-11,Humboldt,023,135768,537,521,1,522,7
2020-10-11,Imperial,025,180216,12341,11614,23,11637,328
2020-10-11,Inyo,027,18085,213,201,4,205,14
2020-10-11,Kern,029,883053,33057,32399,360,32759,418
2020-10-11,Kings,031,150075,8299,8094,50,8144,80
2020-10-11,Lake,033,64148,667,631,0,631,12
2020-10-11,Lassen,035,31185,760,752,2,754,0
2020-10-11,Los Angeles,037,10098052,285060,280190,2386,282576,6745
2020-10-11,Madera,039,155013,4839,4680,32,4712,50
2020-10-11,Marin,041,260295,6978,6870,18,6888,97
2020-10-11,Mariposa,043,17540,77,76,0,76,2
2020-10-11,Mendocino,045,87422,1011,944,2,946,21
2020-10-11,Merced,047,269075,9262,9124,29,9153,146
2020-10-11,Modoc,049,8938,29,27,0,27,0
2020-10-11,Mono,051,14174,174,154,4,158,1
2020-10-11,Monterey,053,433212,10760,10445,46,10491,77
2020-10-11,Napa,055,140530,1884,1811,8,1819,11
2020-10-11,Nevada,057,99092,590,569,18,587,7
2020-10-11,Orange,059,3164182,57947,55202,1611,56813,1326
2020-10-11,Placer,061,380077,3935,3787,14,3801,48
2020-10-11,Plumas,063,18699,52,51,0,51,0
2020-10-11,Riverside,065,2383286,63665,62112,235,62347,1254
2020-10-11,Sacramento,067,1510023,24170,23778,27,23805,466
2020-10-11,San Benito,069,59416,1384,1374,0,1374,13
2020-10-11,San Bernardino,071,2135413,59230,56997,368,57365,1061
2020-10-11,San Diego,073,3302833,52381,50553,1271,51824,826
2020-10-11,San Francisco,075,870044,11825,11659,40,11699,122
2020-10-11,San Joaquin,077,732212,21073,20700,104,20804,480
2020-10-11,San Luis Obispo,079,281455,4080,3874,20,3894,32
2020-10-11,San Mateo,081,765935,10839,10240,9,10249,130
2020-10-11,Santa Barbara,083,443738,9991,9440,84,9524,117
2020-10-11,Santa Clara,085,1922200,23807,22487,48,22535,336
2020-10-11,Santa Cruz,087,273765,2668,2578,33,2611,13
2020-10-11,Shasta,089,179085,1809,1515,17,1532,20
2020-10-11,Sierra,091,2930,6,6,0,6,0
2020-10-11,Siskiyou,093,43540,172,162,10,172,0
2020-10-11,Solano,095,438530,6891,6685,41,6726,53
2020-10-11,Sonoma,097,501317,8737,8319,22,8341,133
2020-10-11,Stanislaus,099,539301,17158,17007,632,17639,360
2020-10-11,Sutter,101,95872,1767,1742,1,1743,12
2020-10-11,Tehama,103,63373,736,702,2,704,3
2020-10-11,Trinity,105,12862,69,19,9,28,0
2020-10-11,Tulare,107,460477,17276,16741,234,16975,286
2020-10-11,Tuolumne,109,53932,247,234,4,238,4
2020-10-11,Ventura,111,848112,14245,13604,282,13886,151
2020-10-11,Yolo,113,214977,3032,2952,6,2958,55
2020-10-11,Yuba,115,75493,1162,1137,5,1142,10
2020-10-10,Alameda,001,1643700,22602,21979,204,22183,398
2020-10-10,Alpine,003,1148,3,3,0,3,0
2020-10-10,Amador,005,37829,306,304,0,304,16
2020-10-10,Butte,007,227075,3073,2962,25,2987,54
2020-10-10,Calaveras,009,45235,318,262,0,262,12
2020-10-10,Colusa,011,21464,540,541,1,542,6
2020-10-10,Contra Costa,013,1133247,18118,17566,88,17654,233
2020-10-10,Del Norte,015,27424,166,161,0,161,2
2020-10-10,El Dorado,017,186661,1302,1240,2,1242,4
2020-10-10,Fresno,019,978130,32198,29286,415,29701,421
2020-10-10,Glenn,021,27897,637,623,0,623,3
2020-10-10,Humboldt,023,135768,534,518,1,519,7
2020-10-10,Imperial,025,180216,12326,11591,23,11614,327
2020-10-10,Inyo,027,18085,210,201,4,205,14
2020-10-10,Kern,029,883053,33020,32338,360,32698,418
2020-10-10,Kings,031,150075,8295,8078,50,8128,80
2020-10-10,Lake,033,64148,666,630,0,630,11
2020-10-10,Lassen,035,31185,760,752,2,754,0
2020-10-10,Los Angeles,037,10098052,284340,279213,2352,281565,6743
2020-10-10,Madera,039,155013,4826,4662,32,4694,50
2020-10-10,Marin,041,260295,6969,6852,18,6870,97
2020-10-10,Mariposa,043,17540,77,76,0,76,2
2020-10-10,Mendocino,045,87422,1004,935,2,937,21
2020-10-10,Merced,047,269075,9256,9105,28,9133,146
2020-10-10,Modoc,049,8938,29,27,0,27,0
2020-10-10,Mono,051,14174,174,154,4,158,1
2020-10-10,Monterey,053,433212,10727,10410,46,10456,75
2020-10-10,Napa,055,140530,1877,1804,8,1812,11
2020-10-10,Nevada,057,99092,587,564,18,582,6
2020-10-10,Orange,059,3164182,57826,54965,1606,56571,1324
2020-10-10,Placer,061,380077,3918,3757,14,3771,48
2020-10-10,Plumas,063,18699,52,51,0,51,0
2020-10-10,Riverside,065,2383286,63461,61845,233,62078,1254
2020-10-10,Sacramento,067,1510023,24103,23689,27,23716,466
2020-10-10,San Benito,069,59416,1382,1370,0,1370,13
2020-10-10,San Bernardino,071,2135413,59068,56683,366,57049,1061
2020-10-10,San Diego,073,3302833,52151,50145,1253,51398,825
2020-10-10,San Francisco,075,870044,11804,11663,40,11703,122
2020-10-10,San Joaquin,077,732212,21045,20700,100,20800,481
2020-10-10,San Luis Obispo,079,281455,4060,3832,20,3852,32
2020-10-10,San Mateo,081,765935,10802,10218,9,10227,130
2020-10-10,Santa Barbara,083,443738,9980,9417,84,9501,116
2020-10-10,Santa Clara,085,1922200,23715,22354,48,22402,330
2020-10-10,Santa Cruz,087,273765,2654,2572,33,2605,13
2020-10-10,Shasta,089,179085,1792,1473,17,1490,20
2020-10-10,Sierra,091,2930,6,6,0,6,0
2020-10-10,Siskiyou,093,43540,172,161,10,171,0
2020-10-10,Solano,095,438530,6865,6655,41,6696,53
2020-10-10,Sonoma,097,501317,8717,8235,22,8257,133
2020-10-10,Stanislaus,099,539301,17123,16960,624,17584,360
2020-10-10,Sutter,101,95872,1764,1735,1,1736,12
2020-10-10,Tehama,103,63373,729,693,2,695,3
2020-10-10,Trinity,105,12862,69,19,9,28,0
2020-10-10,Tulare,107,460477,17241,16709,229,16938,286
2020-10-10,Tuolumne,109,53932,247,233,4,237,4
2020-10-10,Ventura,111,848112,14220,13520,282,13802,151
2020-10-10,Yolo,113,214977,3023,2939,6,2945,55
2020-10-10,Yuba,115,75493,1160,1134,5,1139,10
2020-10-09,Alameda,001,1643700,22554,21924,204,22128,399
2020-10-09,Alpine,003,1148,3,3,0,3,0
2020-10-09,Amador,005,37829,306,303,0,303,16
2020-10-09,Butte,007,227075,3070,2956,25,2981,51
2020-10-09,Calaveras,009,45235,316,262,0,262,11
2020-10-09,Colusa,011,21464,540,541,1,542,6
2020-10-09,Contra Costa,013,1133247,18068,17487,88,17575,229
2020-10-09,Del Norte,015,27424,165,161,0,161,2
2020-10-09,El Dorado,017,186661,1298,1234,2,1236,4
2020-10-09,Fresno,019,978130,32125,29208,413,29621,417
2020-10-09,Glenn,021,27897,632,617,0,617,3
2020-10-09,Humboldt,023,135768,532,516,1,517,7
2020-10-09,Imperial,025,180216,12299,11516,23,11539,330
2020-10-09,Inyo,027,18085,207,200,4,204,14
2020-10-09,Kern,029,883053,32977,32237,358,32595,417
2020-10-09,Kings,031,150075,8288,7993,48,8041,80
2020-10-09,Lake,033,64148,656,610,0,610,11
2020-10-09,Lassen,035,31185,760,751,2,753,0
2020-10-09,Los Angeles,037,10098052,283206,278039,2327,280366,6715
2020-10-09,Madera,039,155013,4816,4646,32,4678,50
2020-10-09,Marin,041,260295,6955,6838,18,6856,96
2020-10-09,Mariposa,043,17540,77,76,0,76,2
2020-10-09,Mendocino,045,87422,994,933,2,935,20
2020-10-09,Merced,047,269075,9242,9095,28,9123,145
2020-10-09,Modoc,049,8938,29,27,0,27,0
2020-10-09,Mono,051,14174,174,154,4,158,1
2020-10-09,Monterey,053,433212,10693,10369,46,10415,75
2020-10-09,Napa,055,140530,1867,1795,8,1803,11
2020-10-09,Nevada,057,99092,582,561,18,579,6
2020-10-09,Orange,059,3164182,57654,54746,1601,56347,1305
2020-10-09,Placer,061,380077,3904,3737,14,3751,48
2020-10-09,Plumas,063,18699,52,50,0,50,0
2020-10-09,Riverside,065,2383286,63225,61529,232,61761,1252
2020-10-09,Sacramento,067,1510023,24033,23606,27,23633,457
2020-10-09,San Benito,069,59416,1377,1367,0,1367,13
2020-10-09,San Bernardino,071,2135413,58828,56434,364,56798,1057
2020-10-09,San Diego,073,3302833,51875,49825,1242,51067,821
2020-10-09,San Francisco,075,870044,11774,11620,40,11660,120
2020-10-09,San Joaquin,077,732212,21015,20648,91,20739,481
2020-10-09,San Luis Obispo,079,281455,4041,3810,20,3830,32
2020-10-09,San Mateo,081,765935,10774,10140,9,10149,130
2020-10-09,Santa Barbara,083,443738,9952,9396,84,9480,116
2020-10-09,Santa Clara,085,1922200,23613,22251,47,22298,328
2020-10-09,Santa Cruz,087,273765,2645,2555,33,2588,13
2020-10-09,Shasta,089,179085,1765,1353,16,1369,20
2020-10-09,Sierra,091,2930,6,6,0,6,0
2020-10-09,Siskiyou,093,43540,170,156,10,166,0
2020-10-09,Solano,095,438530,6826,6614,41,6655,53
2020-10-09,Sonoma,097,501317,8663,8133,22,8155,133
2020-10-09,Stanislaus,099,539301,17099,16904,615,17519,362
2020-10-09,Sutter,101,95872,1760,1732,1,1733,12
2020-10-09,Tehama,103,63373,723,682,2,684,3
2020-10-09,Trinity,105,12862,69,25,9,34,0
2020-10-09,Tulare,107,460477,17201,16644,220,16864,286
2020-10-09,Tuolumne,109,53932,244,230,4,234,4
2020-10-09,Ventura,111,848112,14184,13469,279,13748,151
2020-10-09,Yolo,113,214977,3016,2928,6,2934,55
2020-10-09,Yuba,115,75493,1159,1129,5,1134,10
2020-10-08,Alameda,001,1643700,22473,21826,203,22029,395
2020-10-08,Alpine,003,1148,3,3,0,3,0
2020-10-08,Amador,005,37829,305,302,0,302,16
2020-10-08,Butte,007,227075,3060,2935,25,2960,51
2020-10-08,Calaveras,009,45235,315,262,0,262,11
2020-10-08,Colusa,011,21464,540,539,1,540,6
2020-10-08,Contra Costa,013,1133247,18008,17418,87,17505,228
2020-10-08,Del Norte,015,27424,165,151,0,151,2
2020-10-08,El Dorado,017,186661,1297,1230,2,1232,4
2020-10-08,Fresno,019,978130,32020,29111,413,29524,416
2020-10-08,Glenn,021,27897,629,616,0,616,3
2020-10-08,Humboldt,023,135768,528,515,1,516,7
2020-10-08,Imperial,025,180216,12260,11405,23,11428,330
2020-10-08,Inyo,027,18085,204,199,4,203,14
2020-10-08,Kern,029,883053,32919,32169,353,32522,411
2020-10-08,Kings,031,150075,8282,7968,48,8016,80
2020-10-08,Lake,033,64148,651,604,0,604,11
2020-10-08,Lassen,035,31185,755,751,2,753,0
2020-10-08,Los Angeles,037,10098052,282006,276763,2287,279050,6699
2020-10-08,Madera,039,155013,4797,4637,32,4669,50
2020-10-08,Marin,041,260295,6941,6810,18,6828,96
2020-10-08,Mariposa,043,17540,77,76,0,76,2
2020-10-08,Mendocino,045,87422,989,930,2,932,20
2020-10-08,Merced,047,269075,9222,9069,28,9097,144
2020-10-08,Modoc,049,8938,29,27,0,27,0
2020-10-08,Mono,051,14174,174,153,4,157,1
2020-10-08,Monterey,053,433212,10626,10343,46,10389,75
2020-10-08,Napa,055,140530,1852,1779,8,1787,11
2020-10-08,Nevada,057,99092,579,556,18,574,6
2020-10-08,Orange,059,3164182,57460,54523,1590,56113,1293
2020-10-08,Placer,061,380077,3886,3715,14,3729,48
2020-10-08,Plumas,063,18699,52,50,0,50,0
2020-10-08,Riverside,065,2383286,62956,61105,230,61335,1244
2020-10-08,Sacramento,067,1510023,23925,23482,27,23509,454
2020-10-08,San Benito,069,59416,1372,1367,0,1367,13
2020-10-08,San Bernardino,071,2135413,58463,56152,363,56515,1048
2020-10-08,San Diego,073,3302833,51595,49468,1210,50678,819
2020-10-08,San Francisco,075,870044,11736,11608,40,11648,115
2020-10-08,San Joaquin,077,732212,20964,20576,86,20662,478
2020-10-08,San Luis Obispo,079,281455,4025,3785,20,3805,32
2020-10-08,San Mateo,081,765935,10742,10044,9,10053,130
2020-10-08,Santa Barbara,083,443738,9923,9374,84,9458,116
2020-10-08,Santa Clara,085,1922200,23511,22095,47,22142,323
2020-10-08,Santa Cruz,087,273765,2633,2535,33,2568,13
2020-10-08,Shasta,089,179085,1731,1305,16,1321,20
2020-10-08,Sierra,091,2930,6,6,0,6,0
2020-10-08,Siskiyou,093,43540,170,156,10,166,0
2020-10-08,Solano,095,438530,6802,6556,41,6597,53
2020-10-08,Sonoma,097,501317,8597,8063,22,8085,132
2020-10-08,Stanislaus,099,539301,17053,16821,607,17428,360
2020-10-08,Sutter,101,95872,1760,1725,1,1726,12
2020-10-08,Tehama,103,63373,714,676,2,678,3
2020-10-08,Trinity,105,12862,68,25,9,34,0
2020-10-08,Tulare,107,460477,17140,16573,211,16784,283
2020-10-08,Tuolumne,109,53932,243,230,4,234,4
2020-10-08,Ventura,111,848112,14136,13399,277,13676,151
2020-10-08,Yolo,113,214977,2999,2914,6,2920,55
2020-10-08,Yuba,115,75493,1154,1126,5,1131,10
2020-10-07,Alameda,001,1643700,22396,21736,203,21939,395
2020-10-07,Alpine,003,1148,3,3,0,3,0
2020-10-07,Amador,005,37829,305,302,0,302,16
2020-10-07,Butte,007,227075,3048,2927,25,2952,47
2020-10-07,Calaveras,009,45235,313,262,0,262,11
2020-10-07,Colusa,011,21464,539,539,0,539,6
2020-10-07,Contra Costa,013,1133247,17938,17346,86,17432,225
2020-10-07,Del Norte,015,27424,164,149,0,149,2
2020-10-07,El Dorado,017,186661,1289,1219,2,1221,4
2020-10-07,Fresno,019,978130,31899,29069,408,29477,413
2020-10-07,Glenn,021,27897,629,615,0,615,3
2020-10-07,Humboldt,023,135768,525,512,1,513,7
2020-10-07,Imperial,025,180216,12223,11289,21,11310,330
2020-10-07,Inyo,027,18085,204,199,4,203,14
2020-10-07,Kern,029,883053,32846,32068,352,32420,410
2020-10-07,Kings,031,150075,8267,7948,48,7996,80
2020-10-07,Lake,033,64148,650,599,0,599,11
2020-10-07,Lassen,035,31185,755,751,2,753,0
2020-10-07,Los Angeles,037,10098052,280827,275559,2253,277812,6681
2020-10-07,Madera,039,155013,4777,4618,32,4650,50
2020-10-07,Marin,041,260295,6914,6790,18,6808,95
2020-10-07,Mariposa,043,17540,77,75,0,75,2
2020-10-07,Mendocino,045,87422,983,927,2,929,19
2020-10-07,Merced,047,269075,9185,9045,27,9072,144
2020-10-07,Modoc,049,8938,29,27,0,27,0
2020-10-07,Mono,051,14174,173,153,3,156,1
2020-10-07,Monterey,053,433212,10567,10272,46,10318,75
2020-10-07,Napa,055,140530,1839,1774,8,1782,11
2020-10-07,Nevada,057,99092,575,552,18,570,6
2020-10-07,Orange,059,3164182,57242,54332,1580,55912,1277
2020-10-07,Placer,061,380077,3870,3693,14,3707,48
2020-10-07,Plumas,063,18699,52,50,0,50,0
2020-10-07,Riverside,065,2383286,62609,60857,226,61083,1241
2020-10-07,Sacramento,067,1510023,23828,23380,27,23407,452
2020-10-07,San Benito,069,59416,1369,1363,0,1363,13
2020-10-07,San Bernardino,071,2135413,58115,55738,362,56100,1043
2020-10-07,San Diego,073,3302833,51279,49177,1186,50363,813
2020-10-07,San Francisco,075,870044,11701,11551,40,11591,115
2020-10-07,San Joaquin,077,732212,20911,20527,79,20606,478
2020-10-07,San Luis Obispo,079,281455,3995,3749,20,3769,32
2020-10-07,San Mateo,081,765935,10699,9980,9,9989,130
2020-10-07,Santa Barbara,083,443738,9897,9350,83,9433,116
2020-10-07,Santa Clara,085,1922200,23383,21993,47,22040,320
2020-10-07,Santa Cruz,087,273765,2621,2518,33,2551,14
2020-10-07,Shasta,089,179085,1688,1268,16,1284,20
2020-10-07,Sierra,091,2930,6,6,0,6,0
2020-10-07,Siskiyou,093,43540,168,154,10,164,0
2020-10-07,Solano,095,438530,6767,6526,41,6567,53
2020-10-07,Sonoma,097,501317,8521,7993,21,8014,130
2020-10-07,Stanislaus,099,539301,17018,16786,601,17387,357
2020-10-07,Sutter,101,95872,1756,1723,1,1724,12
2020-10-07,Tehama,103,63373,705,666,2,668,3
2020-10-07,Trinity,105,12862,64,25,8,33,0
2020-10-07,Tulare,107,460477,17097,16483,202,16685,282
2020-10-07,Tuolumne,109,53932,243,227,4,231,3
2020-10-07,Ventura,111,848112,14086,13333,271,13604,150
2020-10-07,Yolo,113,214977,2973,2904,6,2910,55
2020-10-07,Yuba,115,75493,1148,1120,5,1125,10
2020-10-06,Alameda,001,1643700,22305,21698,201,21899,385
2020-10-06,Alpine,003,1148,3,3,0,3,0
2020-10-06,Amador,005,37829,303,301,0,301,16
2020-10-06,Butte,007,227075,3041,2925,25,2950,47
2020-10-06,Calaveras,009,45235,313,261,0,261,11
2020-10-06,Colusa,011,21464,538,538,0,538,6
2020-10-06,Contra Costa,013,1133247,17859,17295,86,17381,219
2020-10-06,Del Norte,015,27424,164,144,0,144,2
2020-10-06,El Dorado,017,186661,1285,1211,2,1213,4
2020-10-06,Fresno,019,978130,31755,29022,405,29427,412
2020-10-06,Glenn,021,27897,626,604,0,604,3
2020-10-06,Humboldt,023,135768,522,508,1,509,7
2020-10-06,Imperial,025,180216,12185,11196,20,11216,327
2020-10-06,Inyo,027,18085,202,198,4,202,14
2020-10-06,Kern,029,883053,32769,32006,350,32356,407
2020-10-06,Kings,031,150075,8251,7943,48,7991,81
2020-10-06,Lake,033,64148,644,596,0,596,11
2020-10-06,Lassen,035,31185,755,743,2,745,0
2020-10-06,Los Angeles,037,10098052,279590,274115,2203,276318,6657
2020-10-06,Madera,039,155013,4765,4608,32,4640,50
2020-10-06,Marin,041,260295,6900,6766,18,6784,91
2020-10-06,Mariposa,043,17540,77,75,0,75,2
2020-10-06,Mendocino,045,87422,976,920,2,922,19
2020-10-06,Merced,047,269075,9149,9034,26,9060,143
2020-10-06,Modoc,049,8938,29,26,0,26,0
2020-10-06,Mono,051,14174,173,153,3,156,1
2020-10-06,Monterey,053,433212,10511,10235,44,10279,72
2020-10-06,Napa,055,140530,1833,1770,8,1778,11
2020-10-06,Nevada,057,99092,573,551,18,569,6
2020-10-06,Orange,059,3164182,57027,54203,1571,55774,1273
2020-10-06,Placer,061,380077,3848,3680,14,3694,48
2020-10-06,Plumas,063,18699,52,49,0,49,0
2020-10-06,Riverside,065,2383286,62344,60593,223,60816,1238
2020-10-06,Sacramento,067,1510023,23741,23322,27,23349,442
2020-10-06,San Benito,069,59416,1368,1358,0,1358,12
2020-10-06,San Bernardino,071,2135413,57800,55416,358,55774,1040
2020-10-06,San Diego,073,3302833,50942,48823,1169,49992,806
2020-10-06,San Francisco,075,870044,11675,11513,39,11552,115
2020-10-06,San Joaquin,077,732212,20871,20481,76,20557,477
2020-10-06,San Luis Obispo,079,281455,3960,3723,20,3743,32
2020-10-06,San Mateo,081,765935,10666,9934,9,9943,129
2020-10-06,Santa Barbara,083,443738,9868,9331,82,9413,116
2020-10-06,Santa Clara,085,1922200,23288,21914,47,21961,320
2020-10-06,Santa Cruz,087,273765,2599,2510,33,2543,12
2020-10-06,Shasta,089,179085,1648,1242,16,1258,18
2020-10-06,Sierra,091,2930,6,6,0,6,0
2020-10-06,Siskiyou,093,43540,168,154,10,164,0
2020-10-06,Solano,095,438530,6721,6506,41,6547,52
2020-10-06,Sonoma,097,501317,8429,7895,21,7916,130
2020-10-06,Stanislaus,099,539301,16973,16759,595,17354,354
2020-10-06,Sutter,101,95872,1754,1722,1,1723,12
2020-10-06,Tehama,103,63373,696,660,2,662,3
2020-10-06,Trinity,105,12862,64,25,8,33,0
2020-10-06,Tulare,107,460477,17055,16456,194,16650,280
2020-10-06,Tuolumne,109,53932,242,227,4,231,2
2020-10-06,Ventura,111,848112,14019,13242,266,13508,150
2020-10-06,Yolo,113,214977,2959,2899,6,2905,56
2020-10-06,Yuba,115,75493,1147,1114,5,1119,10
2020-10-05,Alameda,001,1643700,22217,21637,198,21835,383
2020-10-05,Alpine,003,1148,3,2,0,2,0
2020-10-05,Amador,005,37829,303,299,0,299,16
2020-10-05,Butte,007,227075,3031,2910,25,2935,46
2020-10-05,Calaveras,009,45235,313,259,0,259,11
2020-10-05,Colusa,011,21464,538,537,0,537,6
2020-10-05,Contra Costa,013,1133247,17782,17250,86,17336,216
2020-10-05,Del Norte,015,27424,161,142,0,142,2
2020-10-05,El Dorado,017,186661,1281,1202,2,1204,4
2020-10-05,Fresno,019,978130,31638,29136,405,29541,408
2020-10-05,Glenn,021,27897,624,603,0,603,3
2020-10-05,Humboldt,023,135768,521,506,1,507,6
2020-10-05,Imperial,025,180216,12146,11169,18,11187,327
2020-10-05,Inyo,027,18085,202,197,4,201,14
2020-10-05,Kern,029,883053,32690,31933,346,32279,404
2020-10-05,Kings,031,150075,8154,7932,48,7980,80
2020-10-05,Lake,033,64148,640,592,0,592,10
2020-10-05,Lassen,035,31185,754,743,2,745,0
2020-10-05,Los Angeles,037,10098052,278504,273200,2161,275361,6632
2020-10-05,Madera,039,155013,4757,4598,30,4628,50
2020-10-05,Marin,041,260295,6883,6751,18,6769,91
2020-10-05,Mariposa,043,17540,77,75,0,75,2
2020-10-05,Mendocino,045,87422,968,913,2,915,19
2020-10-05,Merced,047,269075,9130,9021,25,9046,143
2020-10-05,Modoc,049,8938,29,26,0,26,0
2020-10-05,Mono,051,14174,173,152,3,155,1
2020-10-05,Monterey,053,433212,10464,10187,44,10231,72
2020-10-05,Napa,055,140530,1823,1760,8,1768,11
2020-10-05,Nevada,057,99092,570,550,17,567,6
2020-10-05,Orange,059,3164182,56811,54103,1558,55661,1271
2020-10-05,Placer,061,380077,3822,3670,14,3684,46
2020-10-05,Plumas,063,18699,51,49,0,49,0
2020-10-05,Riverside,065,2383286,62024,60454,219,60673,1232
2020-10-05,Sacramento,067,1510023,23637,23207,27,23234,438
2020-10-05,San Benito,069,59416,1365,1356,0,1356,12
2020-10-05,San Bernardino,071,2135413,57492,55100,357,55457,1031
2020-10-05,San Diego,073,3302833,50606,48662,1145,49807,803
2020-10-05,San Francisco,075,870044,11636,11476,36,11512,110
2020-10-05,San Joaquin,077,732212,20800,20319,73,20392,476
2020-10-05,San Luis Obispo,079,281455,3933,3710,20,3730,32
2020-10-05,San Mateo,081,765935,10639,9896,9,9905,128
2020-10-05,Santa Barbara,083,443738,9846,9309,82,9391,116
2020-10-05,Santa Clara,085,1922200,23171,21861,47,21908,319
2020-10-05,Santa Cruz,087,273765,2587,2492,33,2525,9
2020-10-05,Shasta,089,179085,1615,1158,16,1174,18
2020-10-05,Sierra,091,2930,6,6,0,6,0
2020-10-05,Siskiyou,093,43540,168,153,10,163,0
2020-10-05,Solano,095,438530,6682,6475,41,6516,52
2020-10-05,Sonoma,097,501317,8337,7817,21,7838,130
2020-10-05,Stanislaus,099,539301,16938,16730,588,17318,351
2020-10-05,Sutter,101,95872,1746,1719,1,1720,12
2020-10-05,Tehama,103,63373,688,642,2,644,3
2020-10-05,Trinity,105,12862,62,22,8,30,0
2020-10-05,Tulare,107,460477,16996,16343,190,16533,278
2020-10-05,Tuolumne,109,53932,239,226,4,230,2
2020-10-05,Ventura,111,848112,13950,13224,246,13470,149
2020-10-05,Yolo,113,214977,2940,2889,6,2895,56
2020-10-05,Yuba,115,75493,1134,1108,5,1113,9
2020-10-04,Alameda,001,1643700,22121,21597,198,21795,383
2020-10-04,Alpine,003,1148,3,2,0,2,0
2020-10-04,Amador,005,37829,301,297,0,297,16
2020-10-04,Butte,007,227075,3017,2903,25,2928,46
2020-10-04,Calaveras,009,45235,313,259,0,259,11
2020-10-04,Colusa,011,21464,537,537,0,537,6
2020-10-04,Contra Costa,013,1133247,17717,17192,86,17278,214
2020-10-04,Del Norte,015,27424,157,142,0,142,2
2020-10-04,El Dorado,017,186661,1277,1196,2,1198,4
2020-10-04,Fresno,019,978130,31515,29065,405,29470,408
2020-10-04,Glenn,021,27897,622,601,0,601,3
2020-10-04,Humboldt,023,135768,520,506,1,507,6
2020-10-04,Imperial,025,180216,12106,11127,18,11145,327
2020-10-04,Inyo,027,18085,199,195,4,199,14
2020-10-04,Kern,029,883053,32616,31906,343,32249,404
2020-10-04,Kings,031,150075,8139,7919,48,7967,80
2020-10-04,Lake,033,64148,626,589,0,589,10
2020-10-04,Lassen,035,31185,754,743,2,745,0
2020-10-04,Los Angeles,037,10098052,277115,272822,2115,274937,6625
2020-10-04,Madera,039,155013,4741,4587,30,4617,50
2020-10-04,Marin,041,260295,6863,6741,18,6759,91
2020-10-04,Mariposa,043,17540,77,75,0,75,2
2020-10-04,Mendocino,045,87422,955,905,2,907,18
2020-10-04,Merced,047,269075,9105,9006,25,9031,140
2020-10-04,Modoc,049,8938,29,26,0,26,0
2020-10-04,Mono,051,14174,172,152,2,154,1
2020-10-04,Monterey,053,433212,10423,10141,43,10184,72
2020-10-04,Napa,055,140530,1811,1759,8,1767,11
2020-10-04,Nevada,057,99092,566,547,16,563,6
2020-10-04,Orange,059,3164182,56575,53966,1549,55515,1270
2020-10-04,Placer,061,380077,3801,3664,14,3678,46
2020-10-04,Plumas,063,18699,51,49,0,49,0
2020-10-04,Riverside,065,2383286,61738,60251,215,60466,1226
2020-10-04,Sacramento,067,1510023,23524,23162,27,23189,438
2020-10-04,San Benito,069,59416,1365,1355,0,1355,12
2020-10-04,San Bernardino,071,2135413,57046,55100,355,55455,1031
2020-10-04,San Diego,073,3302833,50239,48438,1120,49558,803
2020-10-04,San Francisco,075,870044,11604,11474,34,11508,110
2020-10-04,San Joaquin,077,732212,20723,20320,67,20387,476
2020-10-04,San Luis Obispo,079,281455,3908,3688,20,3708,31
2020-10-04,San Mateo,081,765935,10578,9858,9,9867,128
2020-10-04,Santa Barbara,083,443738,9820,9276,80,9356,116
2020-10-04,Santa Clara,085,1922200,23034,21780,47,21827,316
2020-10-04,Santa Cruz,087,273765,2571,2483,33,2516,9
2020-10-04,Shasta,089,179085,1517,1158,15,1173,18
2020-10-04,Sierra,091,2930,6,6,0,6,0
2020-10-04,Siskiyou,093,43540,168,153,10,163,0
2020-10-04,Solano,095,438530,6631,6445,41,6486,52
2020-10-04,Sonoma,097,501317,8249,7794,21,7815,129
2020-10-04,Stanislaus,099,539301,16888,16711,579,17290,351
2020-10-04,Sutter,101,95872,1742,1711,1,1712,11
2020-10-04,Tehama,103,63373,673,637,2,639,3
2020-10-04,Trinity,105,12862,61,21,8,29,0
2020-10-04,Tulare,107,460477,16919,16343,178,16521,278
2020-10-04,Tuolumne,109,53932,237,226,4,230,2
2020-10-04,Ventura,111,848112,13868,13197,229,13426,149
2020-10-04,Yolo,113,214977,2929,2875,6,2881,56
2020-10-04,Yuba,115,75493,1130,1103,5,1108,9
2020-10-03,Alameda,001,1643700,22075,21510,197,21707,386
2020-10-03,Alpine,003,1148,3,2,0,2,0
2020-10-03,Amador,005,37829,300,296,0,296,16
2020-10-03,Butte,007,227075,3011,2894,25,2919,46
2020-10-03,Calaveras,009,45235,313,259,0,259,11
2020-10-03,Colusa,011,21464,536,537,0,537,6
2020-10-03,Contra Costa,013,1133247,17667,17087,84,17171,213
2020-10-03,Del Norte,015,27424,153,142,0,142,2
2020-10-03,El Dorado,017,186661,1270,1188,2,1190,4
2020-10-03,Fresno,019,978130,31455,28975,404,29379,408
2020-10-03,Glenn,021,27897,620,601,0,601,3
2020-10-03,Humboldt,023,135768,519,504,1,505,6
2020-10-03,Imperial,025,180216,12083,11090,18,11108,327
2020-10-03,Inyo,027,18085,199,194,4,198,14
2020-10-03,Kern,029,883053,32565,31864,340,32204,403
2020-10-03,Kings,031,150075,8135,7887,48,7935,80
2020-10-03,Lake,033,64148,616,588,0,588,10
2020-10-03,Lassen,035,31185,754,743,2,745,0
2020-10-03,Los Angeles,037,10098052,276410,271869,2086,273955,6620
2020-10-03,Madera,039,155013,4724,4565,30,4595,50
2020-10-03,Marin,041,260295,6857,6728,18,6746,91
2020-10-03,Mariposa,043,17540,77,75,0,75,2
2020-10-03,Mendocino,045,87422,953,898,2,900,18
2020-10-03,Merced,047,269075,9092,8986,25,9011,139
2020-10-03,Modoc,049,8938,29,26,0,26,0
2020-10-03,Mono,051,14174,171,152,2,154,1
2020-10-03,Monterey,053,433212,10389,10092,40,10132,72
2020-10-03,Napa,055,140530,1807,1752,8,1760,11
2020-10-03,Nevada,057,99092,564,544,16,560,6
2020-10-03,Orange,059,3164182,56458,53573,1544,55117,1268
2020-10-03,Placer,061,380077,3790,3648,14,3662,47
2020-10-03,Plumas,063,18699,51,48,0,48,0
2020-10-03,Riverside,065,2383286,61586,59991,213,60204,1226
2020-10-03,Sacramento,067,1510023,23473,23076,27,23103,437
2020-10-03,San Benito,069,59416,1365,1351,0,1351,12
2020-10-03,San Bernardino,071,2135413,56873,55004,352,55356,1031
2020-10-03,San Diego,073,3302833,50008,48202,1103,49305,798
2020-10-03,San Francisco,075,870044,11579,11475,32,11507,110
2020-10-03,San Joaquin,077,732212,20697,20322,67,20389,476
2020-10-03,San Luis Obispo,079,281455,3884,3670,20,3690,31
2020-10-03,San Mateo,081,765935,10552,9822,8,9830,128
2020-10-03,Santa Barbara,083,443738,9807,9256,80,9336,116
2020-10-03,Santa Clara,085,1922200,22954,21672,47,21719,309
2020-10-03,Santa Cruz,087,273765,2563,2476,33,2509,9
2020-10-03,Shasta,089,179085,1489,1117,14,1131,18
2020-10-03,Sierra,091,2930,6,6,0,6,0
2020-10-03,Siskiyou,093,43540,168,152,10,162,0
2020-10-03,Solano,095,438530,6605,6419,41,6460,52
2020-10-03,Sonoma,097,501317,8206,7747,21,7768,129
2020-10-03,Stanislaus,099,539301,16855,16645,575,17220,351
2020-10-03,Sutter,101,95872,1738,1705,1,1706,11
2020-10-03,Tehama,103,63373,667,630,2,632,3
2020-10-03,Trinity,105,12862,61,15,8,23,0
2020-10-03,Tulare,107,460477,16875,16322,174,16496,278
2020-10-03,Tuolumne,109,53932,236,224,4,228,2
2020-10-03,Ventura,111,848112,13829,13150,225,13375,148
2020-10-03,Yolo,113,214977,2922,2863,6,2869,56
2020-10-03,Yuba,115,75493,1122,1097,5,1102,8
2020-10-02,Alameda,001,1643700,22020,21404,196,21600,382
2020-10-02,Alpine,003,1148,3,2,0,2,0
2020-10-02,Amador,005,37829,299,296,0,296,16
2020-10-02,Butte,007,227075,3001,2879,25,2904,46
2020-10-02,Calaveras,009,45235,312,259,0,259,11
2020-10-02,Colusa,011,21464,535,537,0,537,6
2020-10-02,Contra Costa,013,1133247,17624,17002,83,17085,213
2020-10-02,Del Norte,015,27424,152,141,0,141,2
2020-10-02,El Dorado,017,186661,1263,1168,2,1170,4
2020-10-02,Fresno,019,978130,31372,28855,404,29259,403
2020-10-02,Glenn,021,27897,615,594,0,594,3
2020-10-02,Humboldt,023,135768,518,503,1,504,6
2020-10-02,Imperial,025,180216,12061,11024,18,11042,327
2020-10-02,Inyo,027,18085,197,191,4,195,14
2020-10-02,Kern,029,883053,32513,31790,338,32128,399
2020-10-02,Kings,031,150075,8126,7716,48,7764,79
2020-10-02,Lake,033,64148,610,579,0,579,10
2020-10-02,Lassen,035,31185,754,742,2,744,0
2020-10-02,Los Angeles,037,10098052,275509,270935,2058,272993,6602
2020-10-02,Madera,039,155013,4715,4537,30,4567,49
2020-10-02,Marin,041,260295,6840,6717,18,6735,91
2020-10-02,Mariposa,043,17540,77,75,0,75,2
2020-10-02,Mendocino,045,87422,948,883,2,885,18
2020-10-02,Merced,047,269075,9082,8961,25,8986,139
2020-10-02,Modoc,049,8938,29,26,0,26,0
2020-10-02,Mono,051,14174,171,150,2,152,1
2020-10-02,Monterey,053,433212,10355,9997,40,10037,71
2020-10-02,Napa,055,140530,1801,1737,8,1745,11
2020-10-02,Nevada,057,99092,561,543,16,559,6
2020-10-02,Orange,059,3164182,56327,53299,1537,54836,1262
2020-10-02,Placer,061,380077,3770,3612,14,3626,46
2020-10-02,Plumas,063,18699,51,48,0,48,0
2020-10-02,Riverside,065,2383286,61365,59673,210,59883,1223
2020-10-02,Sacramento,067,1510023,23408,22818,27,22845,436
2020-10-02,San Benito,069,59416,1361,1347,0,1347,12
2020-10-02,San Bernardino,071,2135413,56686,54613,352,54965,1028
2020-10-02,San Diego,073,3302833,49755,47793,1088,48881,794
2020-10-02,San Francisco,075,870044,11556,11398,32,11430,110
2020-10-02,San Joaquin,077,732212,20663,20235,66,20301,474
2020-10-02,San Luis Obispo,079,281455,3861,3654,20,3674,31
2020-10-02,San Mateo,081,765935,10511,9745,8,9753,128
2020-10-02,Santa Barbara,083,443738,9785,9234,80,9314,116
2020-10-02,Santa Clara,085,1922200,22868,21545,46,21591,305
2020-10-02,Santa Cruz,087,273765,2546,2463,33,2496,9
2020-10-02,Shasta,089,179085,1454,1046,14,1060,18
2020-10-02,Sierra,091,2930,6,6,0,6,0
2020-10-02,Siskiyou,093,43540,168,151,10,161,0
2020-10-02,Solano,095,438530,6575,6385,41,6426,52
2020-10-02,Sonoma,097,501317,8149,7662,21,7683,125
2020-10-02,Stanislaus,099,539301,16814,16609,566,17175,349
2020-10-02,Sutter,101,95872,1737,1693,1,1694,11
2020-10-02,Tehama,103,63373,662,619,2,621,3
2020-10-02,Trinity,105,12862,61,15,8,23,0
2020-10-02,Tulare,107,460477,16834,16245,167,16412,278
2020-10-02,Tuolumne,109,53932,234,225,4,229,2
2020-10-02,Ventura,111,848112,13790,13120,221,13341,146
2020-10-02,Yolo,113,214977,2917,2845,6,2851,55
2020-10-02,Yuba,115,75493,1120,1090,5,1095,8
2020-10-01,Alameda,001,1643700,21959,21349,192,21541,383
2020-10-01,Alpine,003,1148,3,2,0,2,0
2020-10-01,Amador,005,37829,299,294,0,294,16
2020-10-01,Butte,007,227075,2993,2865,25,2890,45
2020-10-01,Calaveras,009,45235,312,257,0,257,11
2020-10-01,Colusa,011,21464,535,536,0,536,6
2020-10-01,Contra Costa,013,1133247,17562,16898,83,16981,211
2020-10-01,Del Norte,015,27424,147,140,0,140,2
2020-10-01,El Dorado,017,186661,1259,1162,1,1163,4
2020-10-01,Fresno,019,978130,31292,28796,402,29198,397
2020-10-01,Glenn,021,27897,611,593,0,593,3
2020-10-01,Humboldt,023,135768,518,499,1,500,6
2020-10-01,Imperial,025,180216,12018,10928,16,10944,325
2020-10-01,Inyo,027,18085,197,191,4,195,14
2020-10-01,Kern,029,883053,32450,31678,333,32011,399
2020-10-01,Kings,031,150075,8115,7688,45,7733,79
2020-10-01,Lake,033,64148,604,572,0,572,11
2020-10-01,Lassen,035,31185,751,742,2,744,0
2020-10-01,Los Angeles,037,10098052,274467,271513,2024,273537,6621
2020-10-01,Madera,039,155013,4692,4508,30,4538,48
2020-10-01,Marin,041,260295,6826,6710,18,6728,92
2020-10-01,Mariposa,043,17540,77,76,0,76,2
2020-10-01,Mendocino,045,87422,943,874,2,876,19
2020-10-01,Merced,047,269075,9054,8942,25,8967,138
2020-10-01,Modoc,049,8938,29,26,0,26,0
2020-10-01,Mono,051,14174,169,150,2,152,1
2020-10-01,Monterey,053,433212,10279,9958,40,9998,71
2020-10-01,Napa,055,140530,1793,1729,8,1737,11
2020-10-01,Nevada,057,99092,560,543,16,559,6
2020-10-01,Orange,059,3164182,56162,53088,1524,54612,1257
2020-10-01,Placer,061,380077,3743,3599,14,3613,45
2020-10-01,Plumas,063,18699,51,48,0,48,0
2020-10-01,Riverside,065,2383286,61113,59293,204,59497,1223
2020-10-01,Sacramento,067,1510023,23296,22714,26,22740,433
2020-10-01,San Benito,069,59416,1359,1346,0,1346,12
2020-10-01,San Bernardino,071,2135413,56392,54350,349,54699,1021
2020-10-01,San Diego,073,3302833,49473,47487,1068,48555,792
2020-10-01,San Francisco,075,870044,11525,11284,30,11314,110
2020-10-01,San Joaquin,077,732212,20616,20204,63,20267,471
2020-10-01,San Luis Obispo,079,281455,3834,3625,20,3645,31
2020-10-01,San Mateo,081,765935,10466,9681,8,9689,128
2020-10-01,Santa Barbara,083,443738,9743,9215,80,9295,118
2020-10-01,Santa Clara,085,1922200,22767,21398,46,21444,305
2020-10-01,Santa Cruz,087,273765,2531,2418,33,2451,10
2020-10-01,Shasta,089,179085,1403,991,14,1005,18
2020-10-01,Sierra,091,2930,6,6,0,6,0
2020-10-01,Siskiyou,093,43540,165,150,10,160,0
2020-10-01,Solano,095,438530,6537,6352,41,6393,52
2020-10-01,Sonoma,097,501317,8082,7569,21,7590,125
2020-10-01,Stanislaus,099,539301,16781,16555,560,17115,346
2020-10-01,Sutter,101,95872,1732,1684,1,1685,11
2020-10-01,Tehama,103,63373,652,606,2,608,3
2020-10-01,Trinity,105,12862,61,15,8,23,0
2020-10-01,Tulare,107,460477,16759,16182,164,16346,275
2020-10-01,Tuolumne,109,53932,234,223,4,227,2
2020-10-01,Ventura,111,848112,13738,13057,207,13264,146
2020-10-01,Yolo,113,214977,2899,2833,6,2839,55
2020-10-01,Yuba,115,75493,1116,1082,5,1087,8
2020-09-30,Alameda,001,1643700,21880,21271,189,21460,380
2020-09-30,Alpine,003,1148,3,2,0,2,0
2020-09-30,Amador,005,37829,299,294,0,294,16
2020-09-30,Butte,007,227075,2985,2858,25,2883,44
2020-09-30,Calaveras,009,45235,311,258,0,258,11
2020-09-30,Colusa,011,21464,534,534,0,534,6
2020-09-30,Contra Costa,013,1133247,17493,16819,83,16902,211
2020-09-30,Del Norte,015,27424,146,140,0,140,2
2020-09-30,El Dorado,017,186661,1247,1157,1,1158,4
2020-09-30,Fresno,019,978130,31201,28706,399,29105,395
2020-09-30,Glenn,021,27897,606,592,0,592,3
2020-09-30,Humboldt,023,135768,516,497,1,498,6
2020-09-30,Imperial,025,180216,11993,10868,16,10884,287
2020-09-30,Inyo,027,18085,196,189,4,193,14
2020-09-30,Kern,029,883053,32375,31601,332,31933,398
2020-09-30,Kings,031,150075,8086,7685,45,7730,79
2020-09-30,Lake,033,64148,598,567,0,567,10
2020-09-30,Lassen,035,31185,748,742,2,744,0
2020-09-30,Los Angeles,037,10098052,273242,270260,1991,272251,6568
2020-09-30,Madera,039,155013,4683,4477,30,4507,47
2020-09-30,Marin,041,260295,6802,6700,17,6717,91
2020-09-30,Mariposa,043,17540,77,76,0,76,2
2020-09-30,Mendocino,045,87422,937,867,2,869,17
2020-09-30,Merced,047,269075,9034,8926,25,8951,136
2020-09-30,Modoc,049,8938,29,26,0,26,0
2020-09-30,Mono,051,14174,169,150,2,152,1
2020-09-30,Monterey,053,433212,10229,9898,39,9937,70
2020-09-30,Napa,055,140530,1779,1728,8,1736,11
2020-09-30,Nevada,057,99092,558,540,16,556,6
2020-09-30,Orange,059,3164182,55971,52916,1508,54424,1251
2020-09-30,Placer,061,380077,3722,3585,14,3599,43
2020-09-30,Plumas,063,18699,51,48,0,48,0
2020-09-30,Riverside,065,2383286,60758,59074,200,59274,1220
2020-09-30,Sacramento,067,1510023,23192,22613,26,22639,429
2020-09-30,San Benito,069,59416,1356,1342,0,1342,12
2020-09-30,San Bernardino,071,2135413,56114,53988,347,54335,1018
2020-09-30,San Diego,073,3302833,49169,47182,1047,48229,783
2020-09-30,San Francisco,075,870044,11495,11247,30,11277,106
2020-09-30,San Joaquin,077,732212,20533,20150,61,20211,461
2020-09-30,San Luis Obispo,079,281455,3809,3597,20,3617,31
2020-09-30,San Mateo,081,765935,10424,9634,8,9642,128
2020-09-30,Santa Barbara,083,443738,9718,9186,80,9266,115
2020-09-30,Santa Clara,085,1922200,22662,21318,46,21364,302
2020-09-30,Santa Cruz,087,273765,2518,2405,33,2438,10
2020-09-30,Shasta,089,179085,1347,976,13,989,17
2020-09-30,Sierra,091,2930,6,6,0,6,0
2020-09-30,Siskiyou,093,43540,163,150,10,160,0
2020-09-30,Solano,095,438530,6495,6315,41,6356,51
2020-09-30,Sonoma,097,501317,7993,7494,21,7515,125
2020-09-30,Stanislaus,099,539301,16734,16531,554,17085,343
2020-09-30,Sutter,101,95872,1716,1680,1,1681,10
2020-09-30,Tehama,103,63373,646,594,2,596,3
2020-09-30,Trinity,105,12862,58,15,8,23,0
2020-09-30,Tulare,107,460477,16693,16117,157,16274,274
2020-09-30,Tuolumne,109,53932,232,224,4,228,2
2020-09-30,Ventura,111,848112,13703,12968,191,13159,145
2020-09-30,Yolo,113,214977,2886,2822,6,2828,55
2020-09-30,Yuba,115,75493,1113,1075,5,1080,8
2020-09-29,Alameda,001,1643700,21801,21241,185,21426,374
2020-09-29,Alpine,003,1148,3,2,0,2,0
2020-09-29,Amador,005,37829,297,294,0,294,16
2020-09-29,Butte,007,227075,2971,2848,25,2873,44
2020-09-29,Calaveras,009,45235,309,261,0,261,11
2020-09-29,Colusa,011,21464,534,534,0,534,6
2020-09-29,Contra Costa,013,1133247,17438,16716,81,16797,209
2020-09-29,Del Norte,015,27424,142,142,0,142,2
2020-09-29,El Dorado,017,186661,1238,1151,1,1152,4
2020-09-29,Fresno,019,978130,31106,28621,398,29019,394
2020-09-29,Glenn,021,27897,602,589,0,589,3
2020-09-29,Humboldt,023,135768,514,497,1,498,6
2020-09-29,Imperial,025,180216,11959,10811,16,10827,283
2020-09-29,Inyo,027,18085,195,188,4,192,14
2020-09-29,Kern,029,883053,32320,31534,331,31865,397
2020-09-29,Kings,031,150075,8030,7681,45,7726,78
2020-09-29,Lake,033,64148,596,566,0,566,11
2020-09-29,Lassen,035,31185,748,741,2,743,0
2020-09-29,Los Angeles,037,10098052,272026,269246,1962,271208,6545
2020-09-29,Madera,039,155013,4659,4453,30,4483,47
2020-09-29,Marin,041,260295,6781,6692,17,6709,91
2020-09-29,Mariposa,043,17540,77,74,0,74,2
2020-09-29,Mendocino,045,87422,927,854,2,856,17
2020-09-29,Merced,047,269075,9021,8892,23,8915,136
2020-09-29,Modoc,049,8938,29,26,0,26,0
2020-09-29,Mono,051,14174,169,149,2,151,1
2020-09-29,Monterey,053,433212,10174,9826,37,9863,70
2020-09-29,Napa,055,140530,1776,1727,8,1735,11
2020-09-29,Nevada,057,99092,553,539,16,555,6
2020-09-29,Orange,059,3164182,55785,52755,1497,54252,1231
2020-09-29,Placer,061,380077,3700,3570,14,3584,42
2020-09-29,Plumas,063,18699,51,48,0,48,0
2020-09-29,Riverside,065,2383286,60428,58863,193,59056,1208
2020-09-29,Sacramento,067,1510023,23071,22547,26,22573,425
2020-09-29,San Benito,069,59416,1351,1341,0,1341,12
2020-09-29,San Bernardino,071,2135413,55805,53753,346,54099,1012
2020-09-29,San Diego,073,3302833,48892,46987,1024,48011,781
2020-09-29,San Francisco,075,870044,11459,11142,30,11172,104
2020-09-29,San Joaquin,077,732212,20467,20094,59,20153,454
2020-09-29,San Luis Obispo,079,281455,3789,3581,20,3601,31
2020-09-29,San Mateo,081,765935,10377,9619,8,9627,127
2020-09-29,Santa Barbara,083,443738,9698,9149,79,9228,114
2020-09-29,Santa Clara,085,1922200,22526,21233,45,21278,302
2020-09-29,Santa Cruz,087,273765,2503,2383,32,2415,10
2020-09-29,Shasta,089,179085,1286,943,13,956,17
2020-09-29,Sierra,091,2930,6,6,0,6,0
2020-09-29,Siskiyou,093,43540,157,150,10,160,0
2020-09-29,Solano,095,438530,6461,6303,41,6344,51
2020-09-29,Sonoma,097,501317,7921,7426,21,7447,125
2020-09-29,Stanislaus,099,539301,16704,16505,548,17053,341
2020-09-29,Sutter,101,95872,1710,1677,1,1678,10
2020-09-29,Tehama,103,63373,628,585,2,587,2
2020-09-29,Trinity,105,12862,56,16,8,24,0
2020-09-29,Tulare,107,460477,16629,16055,150,16205,270
2020-09-29,Tuolumne,109,53932,232,224,4,228,2
2020-09-29,Ventura,111,848112,13646,12875,188,13063,145
2020-09-29,Yolo,113,214977,2873,2818,6,2824,55
2020-09-29,Yuba,115,75493,1111,1071,5,1076,8
2020-09-28,Alameda,001,1643700,21714,21133,185,21318,370
2020-09-28,Alpine,003,1148,3,2,0,2,0
2020-09-28,Amador,005,37829,295,294,0,294,16
2020-09-28,Butte,007,227075,2956,2837,25,2862,44
2020-09-28,Calaveras,009,45235,309,257,0,257,11
2020-09-28,Colusa,011,21464,533,531,0,531,6
2020-09-28,Contra Costa,013,1133247,17373,16653,81,16734,195
2020-09-28,Del Norte,015,27424,142,138,0,138,2
2020-09-28,El Dorado,017,186661,1231,1144,1,1145,4
2020-09-28,Fresno,019,978130,31024,28517,390,28907,389
2020-09-28,Glenn,021,27897,600,585,0,585,3
2020-09-28,Humboldt,023,135768,508,495,1,496,6
2020-09-28,Imperial,025,180216,11924,10777,16,10793,283
2020-09-28,Inyo,027,18085,194,188,4,192,14
2020-09-28,Kern,029,883053,32255,31481,327,31808,395
2020-09-28,Kings,031,150075,7889,7661,43,7704,78
2020-09-28,Lake,033,64148,592,559,0,559,10
2020-09-28,Lassen,035,31185,747,737,2,739,0
2020-09-28,Los Angeles,037,10098052,270920,268404,1932,270336,6508
2020-09-28,Madera,039,155013,4638,4438,30,4468,47
2020-09-28,Marin,041,260295,6765,6676,17,6693,91
2020-09-28,Mariposa,043,17540,77,74,0,74,2
2020-09-28,Mendocino,045,87422,912,850,2,852,17
2020-09-28,Merced,047,269075,8993,8869,23,8892,136
2020-09-28,Modoc,049,8938,29,26,0,26,0
2020-09-28,Mono,051,14174,169,148,2,150,1
2020-09-28,Monterey,053,433212,10109,9780,35,9815,69
2020-09-28,Napa,055,140530,1764,1705,8,1713,11
2020-09-28,Nevada,057,99092,545,538,16,554,6
2020-09-28,Orange,059,3164182,55579,52633,1488,54121,1196
2020-09-28,Placer,061,380077,3679,3572,14,3586,42
2020-09-28,Plumas,063,18699,50,48,0,48,0
2020-09-28,Riverside,065,2383286,60130,58570,184,58754,1198
2020-09-28,Sacramento,067,1510023,22924,22392,26,22418,423
2020-09-28,San Benito,069,59416,1348,1336,0,1336,11
2020-09-28,San Bernardino,071,2135413,55458,53501,346,53847,988
2020-09-28,San Diego,073,3302833,48574,46736,1004,47740,776
2020-09-28,San Francisco,075,870044,11425,11114,30,11144,100
2020-09-28,San Joaquin,077,732212,20418,19982,58,20040,448
2020-09-28,San Luis Obispo,079,281455,3768,3567,20,3587,31
2020-09-28,San Mateo,081,765935,10326,9582,8,9590,127
2020-09-28,Santa Barbara,083,443738,9680,9121,79,9200,114
2020-09-28,Santa Clara,085,1922200,22409,21180,45,21225,271
2020-09-28,Santa Cruz,087,273765,2493,2359,32,2391,9
2020-09-28,Shasta,089,179085,1232,883,10,893,17
2020-09-28,Sierra,091,2930,6,6,0,6,0
2020-09-28,Siskiyou,093,43540,157,149,10,159,0
2020-09-28,Solano,095,438530,6425,6254,41,6295,51
2020-09-28,Sonoma,097,501317,7845,7369,21,7390,125
2020-09-28,Stanislaus,099,539301,16664,16467,541,17008,336
2020-09-28,Sutter,101,95872,1703,1676,1,1677,10
2020-09-28,Tehama,103,63373,620,579,2,581,2
2020-09-28,Trinity,105,12862,56,16,8,24,0
2020-09-28,Tulare,107,460477,16576,15918,145,16063,270
2020-09-28,Tuolumne,109,53932,232,225,4,229,2
2020-09-28,Ventura,111,848112,13568,12812,181,12993,139
2020-09-28,Yolo,113,214977,2856,2809,6,2815,55
2020-09-28,Yuba,115,75493,1108,1062,5,1067,7
2020-09-27,Alameda,001,1643700,21633,21077,181,21258,370
2020-09-27,Alpine,003,1148,3,2,0,2,0
2020-09-27,Amador,005,37829,295,291,0,291,16
2020-09-27,Butte,007,227075,2944,2833,25,2858,44
2020-09-27,Calaveras,009,45235,308,257,0,257,11
2020-09-27,Colusa,011,21464,532,531,0,531,6
2020-09-27,Contra Costa,013,1133247,17271,16596,80,16676,195
2020-09-27,Del Norte,015,27424,142,138,0,138,2
2020-09-27,El Dorado,017,186661,1216,1130,1,1131,4
2020-09-27,Fresno,019,978130,30918,28441,390,28831,389
2020-09-27,Glenn,021,27897,596,576,0,576,3
2020-09-27,Humboldt,023,135768,506,492,1,493,6
2020-09-27,Imperial,025,180216,11890,10743,16,10759,283
2020-09-27,Inyo,027,18085,192,188,4,192,14
2020-09-27,Kern,029,883053,32136,31462,324,31786,395
2020-09-27,Kings,031,150075,7869,7641,43,7684,78
2020-09-27,Lake,033,64148,588,555,0,555,10
2020-09-27,Lassen,035,31185,747,737,2,739,0
2020-09-27,Los Angeles,037,10098052,269745,267754,1911,269665,6507
2020-09-27,Madera,039,155013,4609,4416,30,4446,47
2020-09-27,Marin,041,260295,6755,6663,17,6680,91
2020-09-27,Mariposa,043,17540,77,74,0,74,2
2020-09-27,Mendocino,045,87422,906,846,2,848,17
2020-09-27,Merced,047,269075,8959,8853,23,8876,136
2020-09-27,Modoc,049,8938,29,26,0,26,0
2020-09-27,Mono,051,14174,169,148,2,150,1
2020-09-27,Monterey,053,433212,10049,9724,34,9758,69
2020-09-27,Napa,055,140530,1759,1690,8,1698,11
2020-09-27,Nevada,057,99092,544,537,16,553,6
2020-09-27,Orange,059,3164182,55304,52458,1479,53937,1195
2020-09-27,Placer,061,380077,3666,3562,14,3576,42
2020-09-27,Plumas,063,18699,50,48,0,48,0
2020-09-27,Riverside,065,2383286,59834,58509,176,58685,1191
2020-09-27,Sacramento,067,1510023,22826,22356,26,22382,422
2020-09-27,San Benito,069,59416,1348,1331,0,1331,11
2020-09-27,San Bernardino,071,2135413,55022,53127,346,53473,988
2020-09-27,San Diego,073,3302833,48230,46612,987,47599,776
2020-09-27,San Francisco,075,870044,11373,11114,30,11144,100
2020-09-27,San Joaquin,077,732212,20358,19981,58,20039,448
2020-09-27,San Luis Obispo,079,281455,3747,3562,20,3582,31
2020-09-27,San Mateo,081,765935,10258,9566,8,9574,127
2020-09-27,Santa Barbara,083,443738,9659,9090,78,9168,114
2020-09-27,Santa Clara,085,1922200,22300,21091,45,21136,271
2020-09-27,Santa Cruz,087,273765,2471,2359,32,2391,9
2020-09-27,Shasta,089,179085,1189,883,9,892,17
2020-09-27,Sierra,091,2930,6,6,0,6,0
2020-09-27,Siskiyou,093,43540,156,149,10,159,0
2020-09-27,Solano,095,438530,6390,6211,41,6252,51
2020-09-27,Sonoma,097,501317,7764,7336,21,7357,124
2020-09-27,Stanislaus,099,539301,16613,16448,535,16983,336
2020-09-27,Sutter,101,95872,1696,1672,1,1673,10
2020-09-27,Tehama,103,63373,603,573,2,575,2
2020-09-27,Trinity,105,12862,56,16,8,24,0
2020-09-27,Tulare,107,460477,16498,15918,136,16054,270
2020-09-27,Tuolumne,109,53932,231,224,4,228,2
2020-09-27,Ventura,111,848112,13479,12775,172,12947,139
2020-09-27,Yolo,113,214977,2842,2796,6,2802,55
2020-09-27,Yuba,115,75493,1098,1059,5,1064,7
2020-09-26,Alameda,001,1643700,21575,21019,180,21199,370
2020-09-26,Alpine,003,1148,3,2,0,2,0
2020-09-26,Amador,005,37829,294,291,0,291,16
2020-09-26,Butte,007,227075,2936,2827,25,2852,44
2020-09-26,Calaveras,009,45235,308,257,0,257,11
2020-09-26,Colusa,011,21464,532,529,0,529,6
2020-09-26,Contra Costa,013,1133247,17229,16508,80,16588,194
2020-09-26,Del Norte,015,27424,142,138,0,138,2
2020-09-26,El Dorado,017,186661,1211,1127,1,1128,4
2020-09-26,Fresno,019,978130,30851,28336,390,28726,389
2020-09-26,Glenn,021,27897,596,576,0,576,3
2020-09-26,Humboldt,023,135768,506,491,1,492,6
2020-09-26,Imperial,025,180216,11873,10721,16,10737,283
2020-09-26,Inyo,027,18085,191,187,4,191,14
2020-09-26,Kern,029,883053,32085,31410,324,31734,394
2020-09-26,Kings,031,150075,7857,7537,43,7580,78
2020-09-26,Lake,033,64148,585,549,0,549,10
2020-09-26,Lassen,035,31185,747,737,2,739,0
2020-09-26,Los Angeles,037,10098052,269111,266931,1896,268827,6497
2020-09-26,Madera,039,155013,4593,4410,30,4440,47
2020-09-26,Marin,041,260295,6742,6641,17,6658,91
2020-09-26,Mariposa,043,17540,76,74,0,74,2
2020-09-26,Mendocino,045,87422,901,836,2,838,17
2020-09-26,Merced,047,269075,8947,8841,22,8863,136
2020-09-26,Modoc,049,8938,29,26,0,26,0
2020-09-26,Mono,051,14174,169,148,2,150,1
2020-09-26,Monterey,053,433212,10022,9651,34,9685,68
2020-09-26,Napa,055,140530,1757,1681,8,1689,11
2020-09-26,Nevada,057,99092,544,534,16,550,6
2020-09-26,Orange,059,3164182,55164,52203,1473,53676,1194
2020-09-26,Placer,061,380077,3653,3551,14,3565,42
2020-09-26,Plumas,063,18699,49,48,0,48,0
2020-09-26,Riverside,065,2383286,59699,58076,174,58250,1190
2020-09-26,Sacramento,067,1510023,22770,22269,26,22295,421
2020-09-26,San Benito,069,59416,1346,1325,0,1325,11
2020-09-26,San Bernardino,071,2135413,54888,53122,346,53468,988
2020-09-26,San Diego,073,3302833,48025,46333,973,47306,775
2020-09-26,San Francisco,075,870044,11345,11113,30,11143,100
2020-09-26,San Joaquin,077,732212,20323,19982,56,20038,449
2020-09-26,San Luis Obispo,079,281455,3730,3546,20,3566,31
2020-09-26,San Mateo,081,765935,10224,9509,8,9517,127
2020-09-26,Santa Barbara,083,443738,9648,9061,78,9139,114
2020-09-26,Santa Clara,085,1922200,22229,20967,44,21011,270
2020-09-26,Santa Cruz,087,273765,2463,2336,32,2368,9
2020-09-26,Shasta,089,179085,1139,856,8,864,17
2020-09-26,Sierra,091,2930,6,6,0,6,0
2020-09-26,Siskiyou,093,43540,155,149,10,159,0
2020-09-26,Solano,095,438530,6371,6209,41,6250,51
2020-09-26,Sonoma,097,501317,7739,7285,20,7305,124
2020-09-26,Stanislaus,099,539301,16588,16421,526,16947,336
2020-09-26,Sutter,101,95872,1691,1662,1,1663,10
2020-09-26,Tehama,103,63373,591,560,2,562,2
2020-09-26,Trinity,105,12862,54,16,8,24,0
2020-09-26,Tulare,107,460477,16472,15881,134,16015,270
2020-09-26,Tuolumne,109,53932,231,223,4,227,2
2020-09-26,Ventura,111,848112,13444,12729,171,12900,137
2020-09-26,Yolo,113,214977,2840,2789,6,2795,55
2020-09-26,Yuba,115,75493,1094,1056,5,1061,7
2020-09-25,Alameda,001,1643700,21521,20911,180,21091,367
2020-09-25,Alpine,003,1148,3,2,0,2,0
2020-09-25,Amador,005,37829,294,289,0,289,16
2020-09-25,Butte,007,227075,2931,2819,25,2844,43
2020-09-25,Calaveras,009,45235,308,257,0,257,11
2020-09-25,Colusa,011,21464,532,528,0,528,6
2020-09-25,Contra Costa,013,1133247,17170,16401,80,16481,194
2020-09-25,Del Norte,015,27424,142,138,0,138,2
2020-09-25,El Dorado,017,186661,1207,1104,1,1105,4
2020-09-25,Fresno,019,978130,30791,28199,389,28588,385
2020-09-25,Glenn,021,27897,594,570,0,570,3
2020-09-25,Humboldt,023,135768,505,489,1,490,5
2020-09-25,Imperial,025,180216,11855,10681,16,10697,283
2020-09-25,Inyo,027,18085,189,187,4,191,14
2020-09-25,Kern,029,883053,32032,31333,322,31655,393
2020-09-25,Kings,031,150075,7852,7450,43,7493,77
2020-09-25,Lake,033,64148,584,539,0,539,9
2020-09-25,Lassen,035,31185,747,737,2,739,0
2020-09-25,Los Angeles,037,10098052,268322,265713,1882,267595,6483
2020-09-25,Madera,039,155013,4574,4369,30,4399,48
2020-09-25,Marin,041,260295,6739,6622,17,6639,90
2020-09-25,Mariposa,043,17540,76,74,0,74,2
2020-09-25,Mendocino,045,87422,886,819,2,821,17
2020-09-25,Merced,047,269075,8931,8830,22,8852,135
2020-09-25,Modoc,049,8938,29,26,0,26,0
2020-09-25,Mono,051,14174,169,149,2,151,1
2020-09-25,Monterey,053,433212,9970,9581,34,9615,68
2020-09-25,Napa,055,140530,1755,1669,8,1677,11
2020-09-25,Nevada,057,99092,542,529,16,545,6
2020-09-25,Orange,059,3164182,55037,52031,1465,53496,1184
2020-09-25,Placer,061,380077,3642,3527,14,3541,41
2020-09-25,Plumas,063,18699,49,48,0,48,0
2020-09-25,Riverside,065,2383286,59523,57783,169,57952,1183
2020-09-25,Sacramento,067,1510023,22693,22132,26,22158,418
2020-09-25,San Benito,069,59416,1345,1318,0,1318,11
2020-09-25,San Bernardino,071,2135413,54734,52814,346,53160,987
2020-09-25,San Diego,073,3302833,47823,46003,957,46960,775
2020-09-25,San Francisco,075,870044,11311,11066,29,11095,100
2020-09-25,San Joaquin,077,732212,20271,19909,56,19965,449
2020-09-25,San Luis Obispo,079,281455,3718,3512,20,3532,31
2020-09-25,San Mateo,081,765935,10188,9447,8,9455,127
2020-09-25,Santa Barbara,083,443738,9624,9026,78,9104,114
2020-09-25,Santa Clara,085,1922200,22165,20812,43,20855,265
2020-09-25,Santa Cruz,087,273765,2451,2309,31,2340,9
2020-09-25,Shasta,089,179085,1105,806,8,814,16
2020-09-25,Sierra,091,2930,6,6,0,6,0
2020-09-25,Siskiyou,093,43540,155,149,10,159,0
2020-09-25,Solano,095,438530,6355,6179,41,6220,50
2020-09-25,Sonoma,097,501317,7699,7202,20,7222,124
2020-09-25,Stanislaus,099,539301,16570,16381,524,16905,326
2020-09-25,Sutter,101,95872,1688,1655,1,1656,10
2020-09-25,Tehama,103,63373,583,546,2,548,2
2020-09-25,Trinity,105,12862,54,15,8,23,0
2020-09-25,Tulare,107,460477,16432,15815,132,15947,267
2020-09-25,Tuolumne,109,53932,231,223,4,227,2
2020-09-25,Ventura,111,848112,13401,12664,168,12832,137
2020-09-25,Yolo,113,214977,2832,2784,6,2790,55
2020-09-25,Yuba,115,75493,1089,1049,5,1054,5
2020-09-24,Alameda,001,1643700,21446,20838,177,21015,364
2020-09-24,Alpine,003,1148,3,2,0,2,0
2020-09-24,Amador,005,37829,294,288,0,288,16
2020-09-24,Butte,007,227075,2920,2803,25,2828,43
2020-09-24,Calaveras,009,45235,308,258,0,258,11
2020-09-24,Colusa,011,21464,532,523,0,523,6
2020-09-24,Contra Costa,013,1133247,17088,16252,80,16332,192
2020-09-24,Del Norte,015,27424,138,137,0,137,2
2020-09-24,El Dorado,017,186661,1198,1093,1,1094,4
2020-09-24,Fresno,019,978130,30686,28106,385,28491,375
2020-09-24,Glenn,021,27897,590,567,0,567,3
2020-09-24,Humboldt,023,135768,502,482,1,483,5
2020-09-24,Imperial,025,180216,11831,10622,16,10638,283
2020-09-24,Inyo,027,18085,189,187,4,191,13
2020-09-24,Kern,029,883053,31969,31273,320,31593,388
2020-09-24,Kings,031,150075,7836,7428,43,7471,76
2020-09-24,Lake,033,64148,575,531,0,531,9
2020-09-24,Lassen,035,31185,746,737,2,739,0
2020-09-24,Los Angeles,037,10098052,267280,264374,1864,266238,6452
2020-09-24,Madera,039,155013,4555,4344,30,4374,48
2020-09-24,Marin,041,260295,6711,6588,17,6605,85
2020-09-24,Mariposa,043,17540,76,74,0,74,2
2020-09-24,Mendocino,045,87422,882,810,2,812,17
2020-09-24,Merced,047,269075,8902,8813,21,8834,135
2020-09-24,Modoc,049,8938,29,24,0,24,0
2020-09-24,Mono,051,14174,169,149,2,151,1
2020-09-24,Monterey,053,433212,9904,9544,31,9575,67
2020-09-24,Napa,055,140530,1743,1661,8,1669,11
2020-09-24,Nevada,057,99092,541,527,16,543,6
2020-09-24,Orange,059,3164182,54829,51749,1447,53196,1164
2020-09-24,Placer,061,380077,3627,3514,14,3528,41
2020-09-24,Plumas,063,18699,49,48,0,48,0
2020-09-24,Riverside,065,2383286,59256,57491,163,57654,1172
2020-09-24,Sacramento,067,1510023,22567,21985,25,22010,417
2020-09-24,San Benito,069,59416,1343,1308,0,1308,11
2020-09-24,San Bernardino,071,2135413,54398,52455,345,52800,988
2020-09-24,San Diego,073,3302833,47554,45598,942,46540,773
2020-09-24,San Francisco,075,870044,11264,10992,29,11021,99
2020-09-24,San Joaquin,077,732212,20233,19851,55,19906,444
2020-09-24,San Luis Obispo,079,281455,3702,3480,20,3500,31
2020-09-24,San Mateo,081,765935,10140,9376,8,9384,127
2020-09-24,Santa Barbara,083,443738,9573,8988,77,9065,114
2020-09-24,Santa Clara,085,1922200,22077,20689,43,20732,262
2020-09-24,Santa Cruz,087,273765,2431,2300,29,2329,9
2020-09-24,Shasta,089,179085,1068,773,5,778,14
2020-09-24,Sierra,091,2930,6,6,0,6,0
2020-09-24,Siskiyou,093,43540,155,149,10,159,0
2020-09-24,Solano,095,438530,6322,6137,41,6178,49
2020-09-24,Sonoma,097,501317,7618,7163,20,7183,122
2020-09-24,Stanislaus,099,539301,16533,16326,519,16845,326
2020-09-24,Sutter,101,95872,1685,1646,1,1647,10
2020-09-24,Tehama,103,63373,580,540,2,542,2
2020-09-24,Trinity,105,12862,54,15,8,23,0
2020-09-24,Tulare,107,460477,16367,15754,131,15885,267
2020-09-24,Tuolumne,109,53932,231,224,4,228,2
2020-09-24,Ventura,111,848112,13319,12617,167,12784,138
2020-09-24,Yolo,113,214977,2825,2776,6,2782,55
2020-09-24,Yuba,115,75493,1084,1042,5,1047,5
2020-09-23,Alameda,001,1643700,21378,20718,175,20893,361
2020-09-23,Alpine,003,1148,3,2,0,2,0
2020-09-23,Amador,005,37829,293,288,0,288,16
2020-09-23,Butte,007,227075,2912,2790,25,2815,43
2020-09-23,Calaveras,009,45235,307,258,0,258,11
2020-09-23,Colusa,011,21464,531,521,0,521,6
2020-09-23,Contra Costa,013,1133247,17024,16167,79,16246,192
2020-09-23,Del Norte,015,27424,136,137,0,137,2
2020-09-23,El Dorado,017,186661,1184,1088,1,1089,4
2020-09-23,Fresno,019,978130,30590,28019,383,28402,371
2020-09-23,Glenn,021,27897,583,561,0,561,3
2020-09-23,Humboldt,023,135768,498,477,1,478,5
2020-09-23,Imperial,025,180216,11805,10587,16,10603,284
2020-09-23,Inyo,027,18085,188,177,4,181,13
2020-09-23,Kern,029,883053,31925,31172,318,31490,387
2020-09-23,Kings,031,150075,7814,7406,43,7449,76
2020-09-23,Lake,033,64148,570,519,0,519,9
2020-09-23,Lassen,035,31185,746,736,2,738,0
2020-09-23,Los Angeles,037,10098052,266262,263318,1835,265153,6421
2020-09-23,Madera,039,155013,4540,4311,30,4341,48
2020-09-23,Marin,041,260295,6692,6567,17,6584,85
2020-09-23,Mariposa,043,17540,76,74,0,74,2
2020-09-23,Mendocino,045,87422,881,801,1,802,17
2020-09-23,Merced,047,269075,8881,8785,20,8805,134
2020-09-23,Modoc,049,8938,29,24,0,24,0
2020-09-23,Mono,051,14174,169,149,2,151,1
2020-09-23,Monterey,053,433212,9835,9452,30,9482,67
2020-09-23,Napa,055,140530,1734,1653,8,1661,11
2020-09-23,Nevada,057,99092,540,523,16,539,6
2020-09-23,Orange,059,3164182,54602,51658,1439,53097,1155
2020-09-23,Placer,061,380077,3615,3506,14,3520,41
2020-09-23,Plumas,063,18699,49,48,0,48,0
2020-09-23,Riverside,065,2383286,58951,57257,160,57417,1165
2020-09-23,Sacramento,067,1510023,22490,21821,25,21846,415
2020-09-23,San Benito,069,59416,1337,1305,0,1305,10
2020-09-23,San Bernardino,071,2135413,54103,52132,344,52476,973
2020-09-23,San Diego,073,3302833,47278,45427,923,46350,767
2020-09-23,San Francisco,075,870044,11215,10926,29,10955,95
2020-09-23,San Joaquin,077,732212,20180,19785,55,19840,439
2020-09-23,San Luis Obispo,079,281455,3684,3447,20,3467,31
2020-09-23,San Mateo,081,765935,10100,9351,8,9359,127
2020-09-23,Santa Barbara,083,443738,9545,8952,77,9029,112
2020-09-23,Santa Clara,085,1922200,21966,20575,40,20615,260
2020-09-23,Santa Cruz,087,273765,2412,2283,29,2312,9
2020-09-23,Shasta,089,179085,1029,756,4,760,14
2020-09-23,Sierra,091,2930,6,6,0,6,0
2020-09-23,Siskiyou,093,43540,155,149,10,159,0
2020-09-23,Solano,095,438530,6297,6123,41,6164,50
2020-09-23,Sonoma,097,501317,7542,7091,20,7111,122
2020-09-23,Stanislaus,099,539301,16503,16271,516,16787,317
2020-09-23,Sutter,101,95872,1681,1646,1,1647,10
2020-09-23,Tehama,103,63373,574,533,2,535,2
2020-09-23,Trinity,105,12862,53,15,8,23,0
2020-09-23,Tulare,107,460477,16302,15664,130,15794,266
2020-09-23,Tuolumne,109,53932,231,223,4,227,2
2020-09-23,Ventura,111,848112,13263,12591,164,12755,137
2020-09-23,Yolo,113,214977,2807,2766,6,2772,55
2020-09-23,Yuba,115,75493,1082,1038,5,1043,5
2020-09-22,Alameda,001,1643700,21298,20607,173,20780,355
2020-09-22,Alpine,003,1148,2,2,0,2,0
2020-09-22,Amador,005,37829,292,287,0,287,16
2020-09-22,Butte,007,227075,2907,2776,25,2801,43
2020-09-22,Calaveras,009,45235,307,258,0,258,11
2020-09-22,Colusa,011,21464,529,518,0,518,6
2020-09-22,Contra Costa,013,1133247,16934,16090,79,16169,190
2020-09-22,Del Norte,015,27424,136,137,0,137,2
2020-09-22,El Dorado,017,186661,1165,1076,1,1077,4
2020-09-22,Fresno,019,978130,30495,27944,380,28324,369
2020-09-22,Glenn,021,27897,580,560,0,560,3
2020-09-22,Humboldt,023,135768,497,476,1,477,5
2020-09-22,Imperial,025,180216,11776,10529,16,10545,284
2020-09-22,Inyo,027,18085,188,177,4,181,13
2020-09-22,Kern,029,883053,31857,31110,311,31421,383
2020-09-22,Kings,031,150075,7757,7395,42,7437,76
2020-09-22,Lake,033,64148,562,516,0,516,9
2020-09-22,Lassen,035,31185,745,736,2,738,0
2020-09-22,Los Angeles,037,10098052,265196,262117,1809,263926,6394
2020-09-22,Madera,039,155013,4524,4303,30,4333,47
2020-09-22,Marin,041,260295,6678,6561,17,6578,84
2020-09-22,Mariposa,043,17540,76,74,0,74,2
2020-09-22,Mendocino,045,87422,861,794,1,795,18
2020-09-22,Merced,047,269075,8851,8769,20,8789,132
2020-09-22,Modoc,049,8938,29,24,0,24,0
2020-09-22,Mono,051,14174,168,149,2,151,1
2020-09-22,Monterey,053,433212,9777,9393,30,9423,67
2020-09-22,Napa,055,140530,1717,1652,8,1660,11
2020-09-22,Nevada,057,99092,540,523,16,539,6
2020-09-22,Orange,059,3164182,54352,51528,1431,52959,1132
2020-09-22,Placer,061,380077,3603,3492,14,3506,40
2020-09-22,Plumas,063,18699,49,48,0,48,0
2020-09-22,Riverside,065,2383286,58464,57066,156,57222,1162
2020-09-22,Sacramento,067,1510023,22370,21745,25,21770,410
2020-09-22,San Benito,069,59416,1332,1305,0,1305,10
2020-09-22,San Bernardino,071,2135413,53829,51899,344,52243,971
2020-09-22,San Diego,073,3302833,46971,45149,904,46053,765
2020-09-22,San Francisco,075,870044,11171,10893,28,10921,95
2020-09-22,San Joaquin,077,732212,20133,19755,54,19809,426
2020-09-22,San Luis Obispo,079,281455,3667,3420,20,3440,31
2020-09-22,San Mateo,081,765935,10062,9291,8,9299,127
2020-09-22,Santa Barbara,083,443738,9515,8927,76,9003,111
2020-09-22,Santa Clara,085,1922200,21847,20514,40,20554,253
2020-09-22,Santa Cruz,087,273765,2389,2264,29,2293,8
2020-09-22,Shasta,089,179085,994,723,4,727,14
2020-09-22,Sierra,091,2930,6,6,0,6,0
2020-09-22,Siskiyou,093,43540,155,149,10,159,0
2020-09-22,Solano,095,438530,6266,6107,41,6148,48
2020-09-22,Sonoma,097,501317,7463,7068,19,7087,117
2020-09-22,Stanislaus,099,539301,16480,16231,509,16740,316
2020-09-22,Sutter,101,95872,1675,1638,1,1639,10
2020-09-22,Tehama,103,63373,566,529,2,531,2
2020-09-22,Trinity,105,12862,53,15,8,23,0
2020-09-22,Tulare,107,460477,16235,15616,126,15742,263
2020-09-22,Tuolumne,109,53932,230,224,4,228,1
2020-09-22,Ventura,111,848112,13211,12507,160,12667,136
2020-09-22,Yolo,113,214977,2800,2763,6,2769,54
2020-09-22,Yuba,115,75493,1073,1035,5,1040,5
2020-09-21,Alameda,001,1643700,21219,20501,172,20673,343
2020-09-21,Alpine,003,1148,2,2,0,2,0
2020-09-21,Amador,005,37829,290,286,0,286,16
2020-09-21,Butte,007,227075,2893,2769,25,2794,41
2020-09-21,Calaveras,009,45235,305,256,0,256,10
2020-09-21,Colusa,011,21464,528,517,0,517,6
2020-09-21,Contra Costa,013,1133247,16847,16008,79,16087,189
2020-09-21,Del Norte,015,27424,136,132,0,132,2
2020-09-21,El Dorado,017,186661,1156,1074,1,1075,4
2020-09-21,Fresno,019,978130,30393,27843,373,28216,362
2020-09-21,Glenn,021,27897,576,556,0,556,3
2020-09-21,Humboldt,023,135768,493,473,1,474,5
2020-09-21,Imperial,025,180216,11745,10521,15,10536,284
2020-09-21,Inyo,027,18085,187,177,4,181,12
2020-09-21,Kern,029,883053,31785,31031,309,31340,379
2020-09-21,Kings,031,150075,7644,7297,41,7338,76
2020-09-21,Lake,033,64148,557,508,0,508,8
2020-09-21,Lassen,035,31185,743,735,2,737,0
2020-09-21,Los Angeles,037,10098052,264109,261418,1764,263182,6360
2020-09-21,Madera,039,155013,4513,4275,29,4304,47
2020-09-21,Marin,041,260295,6667,6538,16,6554,84
2020-09-21,Mariposa,043,17540,75,74,0,74,2
2020-09-21,Mendocino,045,87422,846,778,0,778,18
2020-09-21,Merced,047,269075,8832,8749,18,8767,128
2020-09-21,Modoc,049,8938,29,22,0,22,0
2020-09-21,Mono,051,14174,168,147,2,149,1
2020-09-21,Monterey,053,433212,9713,9331,27,9358,66
2020-09-21,Napa,055,140530,1706,1641,8,1649,11
2020-09-21,Nevada,057,99092,538,515,16,531,6
2020-09-21,Orange,059,3164182,54130,51363,1424,52787,1110
2020-09-21,Placer,061,380077,3593,3473,14,3487,40
2020-09-21,Plumas,063,18699,49,47,0,47,0
2020-09-21,Riverside,065,2383286,58190,57001,149,57150,1153
2020-09-21,Sacramento,067,1510023,22189,21568,25,21593,404
2020-09-21,San Benito,069,59416,1330,1298,0,1298,10
2020-09-21,San Bernardino,071,2135413,53543,51654,344,51998,970
2020-09-21,San Diego,073,3302833,46687,44927,883,45810,760
2020-09-21,San Francisco,075,870044,11123,10743,28,10771,95
2020-09-21,San Joaquin,077,732212,20075,19579,54,19633,423
2020-09-21,San Luis Obispo,079,281455,3641,3406,20,3426,27
2020-09-21,San Mateo,081,765935,10010,9239,8,9247,127
2020-09-21,Santa Barbara,083,443738,9487,8911,76,8987,110
2020-09-21,Santa Clara,085,1922200,21746,20432,40,20472,252
2020-09-21,Santa Cruz,087,273765,2372,2257,27,2284,8
2020-09-21,Shasta,089,179085,944,696,4,700,14
2020-09-21,Sierra,091,2930,6,6,0,6,0
2020-09-21,Siskiyou,093,43540,155,146,10,156,0
2020-09-21,Solano,095,438530,6242,6019,41,6060,46
2020-09-21,Sonoma,097,501317,7387,7017,19,7036,117
2020-09-21,Stanislaus,099,539301,16450,16186,509,16695,310
2020-09-21,Sutter,101,95872,1668,1634,1,1635,10
2020-09-21,Tehama,103,63373,547,513,2,515,2
2020-09-21,Trinity,105,12862,53,15,8,23,0
2020-09-21,Tulare,107,460477,16161,15528,117,15645,260
2020-09-21,Tuolumne,109,53932,230,221,4,225,1
2020-09-21,Ventura,111,848112,13127,12477,154,12631,133
2020-09-21,Yolo,113,214977,2794,2752,6,2758,54
2020-09-21,Yuba,115,75493,1069,1033,5,1038,1
2020-09-20,Alameda,001,1643700,21119,20425,169,20594,343
2020-09-20,Alpine,003,1148,2,2,0,2,0
2020-09-20,Amador,005,37829,289,286,0,286,16
2020-09-20,Butte,007,227075,2881,2764,25,2789,39
2020-09-20,Calaveras,009,45235,301,256,0,256,10
2020-09-20,Colusa,011,21464,526,510,0,510,6
2020-09-20,Contra Costa,013,1133247,16713,15917,78,15995,189
2020-09-20,Del Norte,015,27424,134,132,0,132,2
2020-09-20,El Dorado,017,186661,1141,1073,1,1074,4
2020-09-20,Fresno,019,978130,30278,27769,368,28137,362
2020-09-20,Glenn,021,27897,572,550,0,550,3
2020-09-20,Humboldt,023,135768,493,472,1,473,5
2020-09-20,Imperial,025,180216,11718,10496,13,10509,284
2020-09-20,Inyo,027,18085,187,177,4,181,12
2020-09-20,Kern,029,883053,31702,30992,306,31298,379
2020-09-20,Kings,031,150075,7597,7159,40,7199,76
2020-09-20,Lake,033,64148,545,492,0,492,8
2020-09-20,Lassen,035,31185,743,735,2,737,0
2020-09-20,Los Angeles,037,10098052,262880,260770,1738,262508,6347
2020-09-20,Madera,039,155013,4493,4257,29,4286,47
2020-09-20,Marin,041,260295,6641,6533,16,6549,83
2020-09-20,Mariposa,043,17540,75,74,0,74,2
2020-09-20,Mendocino,045,87422,834,765,0,765,18
2020-09-20,Merced,047,269075,8805,8745,18,8763,128
2020-09-20,Modoc,049,8938,27,22,0,22,0
2020-09-20,Mono,051,14174,167,147,2,149,1
2020-09-20,Monterey,053,433212,9635,9312,27,9339,65
2020-09-20,Napa,055,140530,1697,1626,8,1634,11
2020-09-20,Nevada,057,99092,535,511,16,527,6
2020-09-20,Orange,059,3164182,53889,51233,1414,52647,1110
2020-09-20,Placer,061,380077,3578,3452,14,3466,40
2020-09-20,Plumas,063,18699,49,47,0,47,0
2020-09-20,Riverside,065,2383286,57989,56783,143,56926,1147
2020-09-20,Sacramento,067,1510023,22002,21394,24,21418,401
2020-09-20,San Benito,069,59416,1319,1291,0,1291,9
2020-09-20,San Bernardino,071,2135413,53222,51559,342,51901,970
2020-09-20,San Diego,073,3302833,46314,44579,854,45433,760
2020-09-20,San Francisco,075,870044,11069,10743,28,10771,95
2020-09-20,San Joaquin,077,732212,20010,19578,47,19625,423
2020-09-20,San Luis Obispo,079,281455,3613,3393,20,3413,27
2020-09-20,San Mateo,081,765935,9943,9198,8,9206,127
2020-09-20,Santa Barbara,083,443738,9452,8880,75,8955,110
2020-09-20,Santa Clara,085,1922200,21625,20330,39,20369,252
2020-09-20,Santa Cruz,087,273765,2352,2199,27,2226,8
2020-09-20,Shasta,089,179085,903,696,3,699,14
2020-09-20,Sierra,091,2930,6,6,0,6,0
2020-09-20,Siskiyou,093,43540,155,146,10,156,0
2020-09-20,Solano,095,438530,6198,6020,41,6061,46
2020-09-20,Sonoma,097,501317,7283,6954,19,6973,117
2020-09-20,Stanislaus,099,539301,16419,16159,502,16661,310
2020-09-20,Sutter,101,95872,1662,1624,1,1625,10
2020-09-20,Tehama,103,63373,534,509,2,511,2
2020-09-20,Trinity,105,12862,53,15,8,23,0
2020-09-20,Tulare,107,460477,16075,15528,111,15639,260
2020-09-20,Tuolumne,109,53932,230,221,4,225,1
2020-09-20,Ventura,111,848112,13061,12406,150,12556,133
2020-09-20,Yolo,113,214977,2786,2745,6,2751,54
2020-09-20,Yuba,115,75493,1062,1029,5,1034,1
2020-09-19,Alameda,001,1643700,21068,20349,166,20515,343
2020-09-19,Alpine,003,1148,2,2,0,2,0
2020-09-19,Amador,005,37829,289,285,0,285,16
2020-09-19,Butte,007,227075,2875,2748,25,2773,38
2020-09-19,Calaveras,009,45235,301,256,0,256,10
2020-09-19,Colusa,011,21464,526,507,0,507,6
2020-09-19,Contra Costa,013,1133247,16650,15783,78,15861,186
2020-09-19,Del Norte,015,27424,133,132,0,132,2
2020-09-19,El Dorado,017,186661,1135,1068,0,1068,4
2020-09-19,Fresno,019,978130,30205,27668,368,28036,362
2020-09-19,Glenn,021,27897,569,547,0,547,3
2020-09-19,Humboldt,023,135768,492,471,1,472,5
2020-09-19,Imperial,025,180216,11703,10496,13,10509,284
2020-09-19,Inyo,027,18085,187,177,4,181,12
2020-09-19,Kern,029,883053,31648,30886,303,31189,379
2020-09-19,Kings,031,150075,7591,7130,40,7170,76
2020-09-19,Lake,033,64148,545,465,0,465,8
2020-09-19,Lassen,035,31185,743,731,2,733,0
2020-09-19,Los Angeles,037,10098052,262254,259801,1724,261525,6325
2020-09-19,Madera,039,155013,4470,4237,29,4266,47
2020-09-19,Marin,041,260295,6634,6513,15,6528,81
2020-09-19,Mariposa,043,17540,75,74,0,74,2
2020-09-19,Mendocino,045,87422,831,750,0,750,18
2020-09-19,Merced,047,269075,8794,8717,17,8734,128
2020-09-19,Modoc,049,8938,27,22,0,22,0
2020-09-19,Mono,051,14174,167,147,2,149,1
2020-09-19,Monterey,053,433212,9593,9237,27,9264,65
2020-09-19,Napa,055,140530,1689,1614,8,1622,11
2020-09-19,Nevada,057,99092,533,505,16,521,6
2020-09-19,Orange,059,3164182,53760,50999,1407,52406,1105
2020-09-19,Placer,061,380077,3569,3412,14,3426,40
2020-09-19,Plumas,063,18699,49,47,0,47,0
2020-09-19,Riverside,065,2383286,57864,56562,142,56704,1147
2020-09-19,Sacramento,067,1510023,21948,21297,24,21321,396
2020-09-19,San Benito,069,59416,1315,1276,0,1276,9
2020-09-19,San Bernardino,071,2135413,53066,51353,339,51692,971
2020-09-19,San Diego,073,3302833,46086,44295,831,45126,773
2020-09-19,San Francisco,075,870044,11036,10741,28,10769,95
2020-09-19,San Joaquin,077,732212,19973,19580,47,19627,424
2020-09-19,San Luis Obispo,079,281455,3592,3369,20,3389,27
2020-09-19,San Mateo,081,765935,9912,9158,8,9166,127
2020-09-19,Santa Barbara,083,443738,9431,8862,75,8937,106
2020-09-19,Santa Clara,085,1922200,21536,20170,39,20209,251
2020-09-19,Santa Cruz,087,273765,2338,2198,26,2224,8
2020-09-19,Shasta,089,179085,876,687,3,690,14
2020-09-19,Sierra,091,2930,6,6,0,6,0
2020-09-19,Siskiyou,093,43540,155,146,10,156,0
2020-09-19,Solano,095,438530,6182,5998,41,6039,46
2020-09-19,Sonoma,097,501317,7250,6905,19,6924,117
2020-09-19,Stanislaus,099,539301,16379,16109,495,16604,313
2020-09-19,Sutter,101,95872,1661,1602,1,1603,10
2020-09-19,Tehama,103,63373,529,498,2,500,2
2020-09-19,Trinity,105,12862,53,15,8,23,0
2020-09-19,Tulare,107,460477,16026,15485,108,15593,260
2020-09-19,Tuolumne,109,53932,230,217,4,221,1
2020-09-19,Ventura,111,848112,13029,12328,150,12478,133
2020-09-19,Yolo,113,214977,2778,2739,6,2745,54
2020-09-19,Yuba,115,75493,1055,1023,5,1028,1
2020-09-18,Alameda,001,1643700,21003,20222,160,20382,341
2020-09-18,Alpine,003,1148,2,2,0,2,0
2020-09-18,Amador,005,37829,289,285,0,285,16
2020-09-18,Butte,007,227075,2873,2738,25,2763,37
2020-09-18,Calaveras,009,45235,301,255,0,255,9
2020-09-18,Colusa,011,21464,526,504,0,504,6
2020-09-18,Contra Costa,013,1133247,16565,15667,78,15745,185
2020-09-18,Del Norte,015,27424,133,131,0,131,2
2020-09-18,El Dorado,017,186661,1122,1063,0,1063,4
2020-09-18,Fresno,019,978130,30140,27560,368,27928,359
2020-09-18,Glenn,021,27897,566,541,0,541,3
2020-09-18,Humboldt,023,135768,489,470,1,471,5
2020-09-18,Imperial,025,180216,11688,10460,13,10473,283
2020-09-18,Inyo,027,18085,187,177,4,181,12
2020-09-18,Kern,029,883053,31590,30742,300,31042,373
2020-09-18,Kings,031,150075,7581,7062,40,7102,74
2020-09-18,Lake,033,64148,539,458,0,458,8
2020-09-18,Lassen,035,31185,742,731,2,733,0
2020-09-18,Los Angeles,037,10098052,261493,258488,1706,260194,6324
2020-09-18,Madera,039,155013,4458,4211,29,4240,45
2020-09-18,Marin,041,260295,6619,6475,15,6490,81
2020-09-18,Mariposa,043,17540,75,74,0,74,2
2020-09-18,Mendocino,045,87422,823,739,0,739,18
2020-09-18,Merced,047,269075,8782,8691,16,8707,127
2020-09-18,Modoc,049,8938,27,22,0,22,0
2020-09-18,Mono,051,14174,165,147,2,149,1
2020-09-18,Monterey,053,433212,9551,9183,27,9210,64
2020-09-18,Napa,055,140530,1683,1604,8,1612,11
2020-09-18,Nevada,057,99092,530,504,16,520,6
2020-09-18,Orange,059,3164182,53613,50733,1395,52128,1107
2020-09-18,Placer,061,380077,3558,3389,14,3403,40
2020-09-18,Plumas,063,18699,49,45,0,45,0
2020-09-18,Riverside,065,2383286,57744,56248,138,56386,1143
2020-09-18,Sacramento,067,1510023,21865,21105,24,21129,391
2020-09-18,San Benito,069,59416,1307,1257,0,1257,8
2020-09-18,San Bernardino,071,2135413,52922,51106,336,51442,970
2020-09-18,San Diego,073,3302833,45836,44009,826,44835,757
2020-09-18,San Francisco,075,870044,10998,10644,27,10671,95
2020-09-18,San Joaquin,077,732212,19929,19531,46,19577,423
2020-09-18,San Luis Obispo,079,281455,3568,3328,20,3348,27
2020-09-18,San Mateo,081,765935,9872,9062,8,9070,127
2020-09-18,Santa Barbara,083,443738,9409,8824,75,8899,107
2020-09-18,Santa Clara,085,1922200,21438,20058,39,20097,252
2020-09-18,Santa Cruz,087,273765,2317,2180,25,2205,8
2020-09-18,Shasta,089,179085,841,668,3,671,14
2020-09-18,Sierra,091,2930,6,6,0,6,0
2020-09-18,Siskiyou,093,43540,154,146,10,156,0
2020-09-18,Solano,095,438530,6166,5961,41,6002,46
2020-09-18,Sonoma,097,501317,7202,6856,19,6875,114
2020-09-18,Stanislaus,099,539301,16351,16042,489,16531,277
2020-09-18,Sutter,101,95872,1653,1586,1,1587,10
2020-09-18,Tehama,103,63373,529,490,2,492,2
2020-09-18,Trinity,105,12862,53,15,7,22,0
2020-09-18,Tulare,107,460477,15993,15435,104,15539,259
2020-09-18,Tuolumne,109,53932,229,216,4,220,1
2020-09-18,Ventura,111,848112,12968,12236,146,12382,133
2020-09-18,Yolo,113,214977,2772,2732,6,2738,54
2020-09-18,Yuba,115,75493,1051,1020,5,1025,1
2020-09-17,Alameda,001,1643700,20904,20146,160,20306,339
2020-09-17,Alpine,003,1148,2,2,0,2,0
2020-09-17,Amador,005,37829,287,284,0,284,16
2020-09-17,Butte,007,227075,2855,2720,25,2745,38
2020-09-17,Calaveras,009,45235,301,254,0,254,9
2020-09-17,Colusa,011,21464,524,499,0,499,6
2020-09-17,Contra Costa,013,1133247,16475,15576,78,15654,184
2020-09-17,Del Norte,015,27424,133,131,0,131,2
2020-09-17,El Dorado,017,186661,1113,1057,0,1057,4
2020-09-17,Fresno,019,978130,30030,27487,363,27850,355
2020-09-17,Glenn,021,27897,565,541,0,541,3
2020-09-17,Humboldt,023,135768,483,466,1,467,5
2020-09-17,Imperial,025,180216,11671,10436,13,10449,281
2020-09-17,Inyo,027,18085,187,176,4,180,12
2020-09-17,Kern,029,883053,31529,30627,293,30920,372
2020-09-17,Kings,031,150075,7510,7015,40,7055,72
2020-09-17,Lake,033,64148,529,433,0,433,8
2020-09-17,Lassen,035,31185,740,731,2,733,0
2020-09-17,Los Angeles,037,10098052,260553,257246,1692,258938,6318
2020-09-17,Madera,039,155013,4424,4152,29,4181,45
2020-09-17,Marin,041,260295,6598,6457,15,6472,81
2020-09-17,Mariposa,043,17540,75,74,0,74,2
2020-09-17,Mendocino,045,87422,812,737,0,737,18
2020-09-17,Merced,047,269075,8763,8671,16,8687,119
2020-09-17,Modoc,049,8938,27,22,0,22,0
2020-09-17,Mono,051,14174,165,147,2,149,1
2020-09-17,Monterey,053,433212,9489,9113,25,9138,62
2020-09-17,Napa,055,140530,1672,1592,8,1600,11
2020-09-17,Nevada,057,99092,528,494,16,510,6
2020-09-17,Orange,059,3164182,53433,50537,1383,51920,1098
2020-09-17,Placer,061,380077,3537,3368,14,3382,40
2020-09-17,Plumas,063,18699,49,45,0,45,0
2020-09-17,Riverside,065,2383286,57518,56007,137,56144,1134
2020-09-17,Sacramento,067,1510023,21630,20895,24,20919,385
2020-09-17,San Benito,069,59416,1304,1252,0,1252,8
2020-09-17,San Bernardino,071,2135413,52721,50770,336,51106,904
2020-09-17,San Diego,073,3302833,45556,43621,814,44435,754
2020-09-17,San Francisco,075,870044,10903,10564,27,10591,95
2020-09-17,San Joaquin,077,732212,19870,19439,46,19485,416
2020-09-17,San Luis Obispo,079,281455,3540,3299,20,3319,27
2020-09-17,San Mateo,081,765935,9830,8984,8,8992,127
2020-09-17,Santa Barbara,083,443738,9385,8779,75,8854,107
2020-09-17,Santa Clara,085,1922200,21321,19825,39,19864,254
2020-09-17,Santa Cruz,087,273765,2301,2155,25,2180,7
2020-09-17,Shasta,089,179085,802,660,3,663,12
2020-09-17,Sierra,091,2930,6,6,0,6,0
2020-09-17,Siskiyou,093,43540,154,146,10,156,0
2020-09-17,Solano,095,438530,6143,5915,41,5956,44
2020-09-17,Sonoma,097,501317,7138,6754,19,6773,114
2020-09-17,Stanislaus,099,539301,16318,15984,485,16469,277
2020-09-17,Sutter,101,95872,1648,1572,1,1573,10
2020-09-17,Tehama,103,63373,515,487,2,489,2
2020-09-17,Trinity,105,12862,53,15,7,22,0
2020-09-17,Tulare,107,460477,15940,15344,102,15446,258
2020-09-17,Tuolumne,109,53932,228,214,4,218,1
2020-09-17,Ventura,111,848112,12881,12167,142,12309,130
2020-09-17,Yolo,113,214977,2763,2724,6,2730,53
2020-09-17,Yuba,115,75493,1047,1015,5,1020,1
2020-09-16,Alameda,001,1643700,20806,20009,158,20167,333
2020-09-16,Alpine,003,1148,2,2,0,2,0
2020-09-16,Amador,005,37829,287,284,0,284,16
2020-09-16,Butte,007,227075,2845,2704,25,2729,38
2020-09-16,Calaveras,009,45235,301,254,0,254,9
2020-09-16,Colusa,011,21464,522,497,0,497,6
2020-09-16,Contra Costa,013,1133247,16389,15473,78,15551,183
2020-09-16,Del Norte,015,27424,133,131,0,131,2
2020-09-16,El Dorado,017,186661,1105,1049,0,1049,4
2020-09-16,Fresno,019,978130,29923,27381,361,27742,343
2020-09-16,Glenn,021,27897,563,539,0,539,3
2020-09-16,Humboldt,023,135768,482,455,1,456,4
2020-09-16,Imperial,025,180216,11648,10401,13,10414,277
2020-09-16,Inyo,027,18085,186,176,4,180,12
2020-09-16,Kern,029,883053,31469,30570,292,30862,371
2020-09-16,Kings,031,150075,7485,7002,37,7039,71
2020-09-16,Lake,033,64148,518,417,0,417,6
2020-09-16,Lassen,035,31185,739,730,2,732,0
2020-09-16,Los Angeles,037,10098052,259575,256101,1674,257775,6299
2020-09-16,Madera,039,155013,4401,4138,29,4167,45
2020-09-16,Marin,041,260295,6570,6430,15,6445,77
2020-09-16,Mariposa,043,17540,75,74,0,74,2
2020-09-16,Mendocino,045,87422,803,727,0,727,18
2020-09-16,Merced,047,269075,8742,8646,16,8662,118
2020-09-16,Modoc,049,8938,27,22,0,22,0
2020-09-16,Mono,051,14174,165,147,2,149,1
2020-09-16,Monterey,053,433212,9435,8997,25,9022,62
2020-09-16,Napa,055,140530,1658,1587,8,1595,11
2020-09-16,Nevada,057,99092,523,495,15,510,6
2020-09-16,Orange,059,3164182,53233,50414,1374,51788,1096
2020-09-16,Placer,061,380077,3519,3351,14,3365,39
2020-09-16,Plumas,063,18699,49,45,0,45,0
2020-09-16,Riverside,065,2383286,57322,55811,129,55940,1127
2020-09-16,Sacramento,067,1510023,21535,20610,24,20634,377
2020-09-16,San Benito,069,59416,1296,1244,0,1244,8
2020-09-16,San Bernardino,071,2135413,52495,50509,335,50844,907
2020-09-16,San Diego,073,3302833,45264,43447,793,44240,748
2020-09-16,San Francisco,075,870044,10856,10502,27,10529,90
2020-09-16,San Joaquin,077,732212,19816,19377,45,19422,409
2020-09-16,San Luis Obispo,079,281455,3510,3285,20,3305,28
2020-09-16,San Mateo,081,765935,9765,8944,8,8952,127
2020-09-16,Santa Barbara,083,443738,9353,8764,75,8839,107
2020-09-16,Santa Clara,085,1922200,21202,19684,39,19723,253
2020-09-16,Santa Cruz,087,273765,2260,2089,24,2113,7
2020-09-16,Shasta,089,179085,776,635,3,638,11
2020-09-16,Sierra,091,2930,6,6,0,6,0
2020-09-16,Siskiyou,093,43540,153,145,10,155,0
2020-09-16,Solano,095,438530,6113,5899,41,5940,44
2020-09-16,Sonoma,097,501317,7077,6731,19,6750,104
2020-09-16,Stanislaus,099,539301,16270,15897,477,16374,263
2020-09-16,Sutter,101,95872,1635,1567,1,1568,10
2020-09-16,Tehama,103,63373,507,485,2,487,2
2020-09-16,Trinity,105,12862,53,15,7,22,0
2020-09-16,Tulare,107,460477,15896,15314,95,15409,258
2020-09-16,Tuolumne,109,53932,227,210,4,214,1
2020-09-16,Ventura,111,848112,12810,12073,140,12213,130
2020-09-16,Yolo,113,214977,2756,2709,6,2715,53
2020-09-16,Yuba,115,75493,1045,1000,5,1005,1
2020-09-15,Alameda,001,1643700,20699,19931,155,20086,327
2020-09-15,Alpine,003,1148,2,2,0,2,0
2020-09-15,Amador,005,37829,286,282,0,282,16
2020-09-15,Butte,007,227075,2832,2695,23,2718,38
2020-09-15,Calaveras,009,45235,301,248,0,248,5
2020-09-15,Colusa,011,21464,516,497,0,497,6
2020-09-15,Contra Costa,013,1133247,16286,15423,77,15500,180
2020-09-15,Del Norte,015,27424,133,129,0,129,2
2020-09-15,El Dorado,017,186661,1100,1046,0,1046,4
2020-09-15,Fresno,019,978130,29816,27312,356,27668,343
2020-09-15,Glenn,021,27897,562,531,0,531,3
2020-09-15,Humboldt,023,135768,480,456,1,457,4
2020-09-15,Imperial,025,180216,11623,10376,13,10389,277
2020-09-15,Inyo,027,18085,186,176,4,180,12
2020-09-15,Kern,029,883053,31356,30429,289,30718,368
2020-09-15,Kings,031,150075,7327,6977,37,7014,70
2020-09-15,Lake,033,64148,504,416,0,416,4
2020-09-15,Lassen,035,31185,735,719,2,721,0
2020-09-15,Los Angeles,037,10098052,258468,255048,1652,256700,6269
2020-09-15,Madera,039,155013,4382,4122,29,4151,45
2020-09-15,Marin,041,260295,6539,6423,15,6438,77
2020-09-15,Mariposa,043,17540,75,74,0,74,2
2020-09-15,Mendocino,045,87422,785,724,0,724,18
2020-09-15,Merced,047,269075,8712,8633,16,8649,114
2020-09-15,Modoc,049,8938,26,21,0,21,0
2020-09-15,Mono,051,14174,165,147,2,149,1
2020-09-15,Monterey,053,433212,9386,8943,25,8968,62
2020-09-15,Napa,055,140530,1644,1580,8,1588,11
2020-09-15,Nevada,057,99092,518,494,15,509,6
2020-09-15,Orange,059,3164182,53051,50294,1359,51653,1088
2020-09-15,Placer,061,380077,3495,3331,14,3345,38
2020-09-15,Plumas,063,18699,49,44,0,44,0
2020-09-15,Riverside,065,2383286,57029,55569,119,55688,1118
2020-09-15,Sacramento,067,1510023,21392,20487,24,20511,372
2020-09-15,San Benito,069,59416,1289,1237,0,1237,7
2020-09-15,San Bernardino,071,2135413,52279,50333,334,50667,904
2020-09-15,San Diego,073,3302833,44945,43183,773,43956,742
2020-09-15,San Francisco,075,870044,10798,10414,27,10441,90
2020-09-15,San Joaquin,077,732212,19764,19313,45,19358,401
2020-09-15,San Luis Obispo,079,281455,3490,3262,20,3282,28
2020-09-15,San Mateo,081,765935,9695,8895,8,8903,127
2020-09-15,Santa Barbara,083,443738,9328,8724,74,8798,104
2020-09-15,Santa Clara,085,1922200,21066,19610,39,19649,252
2020-09-15,Santa Cruz,087,273765,2234,2079,23,2102,7
2020-09-15,Shasta,089,179085,764,627,3,630,11
2020-09-15,Sierra,091,2930,6,6,0,6,0
2020-09-15,Siskiyou,093,43540,153,143,10,153,0
2020-09-15,Solano,095,438530,6079,5878,41,5919,45
2020-09-15,Sonoma,097,501317,7038,6701,19,6720,104
2020-09-15,Stanislaus,099,539301,16222,15880,475,16355,260
2020-09-15,Sutter,101,95872,1623,1556,1,1557,10
2020-09-15,Tehama,103,63373,495,484,2,486,2
2020-09-15,Trinity,105,12862,53,15,7,22,0
2020-09-15,Tulare,107,460477,15819,15203,93,15296,254
2020-09-15,Tuolumne,109,53932,227,209,4,213,1
2020-09-15,Ventura,111,848112,12757,11932,139,12071,128
2020-09-15,Yolo,113,214977,2752,2708,6,2714,53
2020-09-15,Yuba,115,75493,1039,991,4,995,1
2020-09-14,Alameda,001,1643700,20572,19851,154,20005,306
2020-09-14,Alpine,003,1148,2,2,0,2,0
2020-09-14,Amador,005,37829,284,281,0,281,16
2020-09-14,Butte,007,227075,2815,2642,23,2665,37
2020-09-14,Calaveras,009,45235,301,244,0,244,3
2020-09-14,Colusa,011,21464,515,486,0,486,6
2020-09-14,Contra Costa,013,1133247,16162,15354,76,15430,174
2020-09-14,Del Norte,015,27424,130,116,0,116,2
2020-09-14,El Dorado,017,186661,1096,1039,0,1039,3
2020-09-14,Fresno,019,978130,29730,27232,353,27585,344
2020-09-14,Glenn,021,27897,554,521,0,521,3
2020-09-14,Humboldt,023,135768,477,437,1,438,4
2020-09-14,Imperial,025,180216,11603,10340,13,10353,273
2020-09-14,Inyo,027,18085,186,176,4,180,12
2020-09-14,Kern,029,883053,31268,30344,288,30632,368
2020-09-14,Kings,031,150075,7245,6950,37,6987,70
2020-09-14,Lake,033,64148,484,407,0,407,4
2020-09-14,Lassen,035,31185,735,719,2,721,0
2020-09-14,Los Angeles,037,10098052,257441,254622,1627,256249,6226
2020-09-14,Madera,039,155013,4368,4104,29,4133,45
2020-09-14,Marin,041,260295,6518,6409,15,6424,70
2020-09-14,Mariposa,043,17540,75,74,0,74,2
2020-09-14,Mendocino,045,87422,768,710,0,710,17
2020-09-14,Merced,047,269075,8693,8593,16,8609,112
2020-09-14,Modoc,049,8938,26,21,0,21,0
2020-09-14,Mono,051,14174,165,147,2,149,1
2020-09-14,Monterey,053,433212,9315,8845,24,8869,61
2020-09-14,Napa,055,140530,1627,1576,8,1584,11
2020-09-14,Nevada,057,99092,513,489,15,504,6
2020-09-14,Orange,059,3164182,52890,50149,1343,51492,1079
2020-09-14,Placer,061,380077,3474,3302,14,3316,38
2020-09-14,Plumas,063,18699,48,42,0,42,0
2020-09-14,Riverside,065,2383286,56810,55488,114,55602,1113
2020-09-14,Sacramento,067,1510023,21197,20377,23,20400,367
2020-09-14,San Benito,069,59416,1274,1233,0,1233,7
2020-09-14,San Bernardino,071,2135413,52055,50163,333,50496,895
2020-09-14,San Diego,073,3302833,44634,42889,753,43642,734
2020-09-14,San Francisco,075,870044,10731,10255,25,10280,90
2020-09-14,San Joaquin,077,732212,19690,19111,44,19155,397
2020-09-14,San Luis Obispo,079,281455,3465,3248,20,3268,25
2020-09-14,San Mateo,081,765935,9633,8847,8,8855,127
2020-09-14,Santa Barbara,083,443738,9302,8692,74,8766,104
2020-09-14,Santa Clara,085,1922200,20877,19545,39,19584,247
2020-09-14,Santa Cruz,087,273765,2213,2016,22,2038,7
2020-09-14,Shasta,089,179085,741,584,3,587,10
2020-09-14,Sierra,091,2930,6,6,0,6,0
2020-09-14,Siskiyou,093,43540,152,143,10,153,0
2020-09-14,Solano,095,438530,6044,5834,41,5875,44
2020-09-14,Sonoma,097,501317,6975,6630,19,6649,102
2020-09-14,Stanislaus,099,539301,16177,15812,472,16284,253
2020-09-14,Sutter,101,95872,1612,1549,1,1550,10
2020-09-14,Tehama,103,63373,493,475,2,477,1
2020-09-14,Trinity,105,12862,52,14,7,21,0
2020-09-14,Tulare,107,460477,15749,15096,87,15183,254
2020-09-14,Tuolumne,109,53932,226,208,4,212,1
2020-09-14,Ventura,111,848112,12655,11903,136,12039,125
2020-09-14,Yolo,113,214977,2741,2687,6,2693,53
2020-09-14,Yuba,115,75493,1031,977,4,981,1
2020-09-13,Alameda,001,1643700,20466,19815,151,19966,306
2020-09-13,Alpine,003,1148,2,2,0,2,0
2020-09-13,Amador,005,37829,281,279,0,279,16
2020-09-13,Butte,007,227075,2793,2640,23,2663,37
2020-09-13,Calaveras,009,45235,300,246,0,246,3
2020-09-13,Colusa,011,21464,511,486,0,486,6
2020-09-13,Contra Costa,013,1133247,16054,15284,76,15360,172
2020-09-13,Del Norte,015,27424,127,116,0,116,1
2020-09-13,El Dorado,017,186661,1091,1035,0,1035,2
2020-09-13,Fresno,019,978130,29622,27196,344,27540,345
2020-09-13,Glenn,021,27897,550,517,0,517,3
2020-09-13,Humboldt,023,135768,477,434,1,435,4
2020-09-13,Imperial,025,180216,11566,10304,12,10316,273
2020-09-13,Inyo,027,18085,186,176,4,180,12
2020-09-13,Kern,029,883053,31175,30277,281,30558,368
2020-09-13,Kings,031,150075,7226,6937,37,6974,70
2020-09-13,Lake,033,64148,465,397,0,397,4
2020-09-13,Lassen,035,31185,732,719,2,721,0
2020-09-13,Los Angeles,037,10098052,256294,253950,1611,255561,6203
2020-09-13,Madera,039,155013,4311,4090,29,4119,45
2020-09-13,Marin,041,260295,6497,6395,15,6410,70
2020-09-13,Mariposa,043,17540,75,74,0,74,2
2020-09-13,Mendocino,045,87422,761,707,0,707,17
2020-09-13,Merced,047,269075,8659,8575,15,8590,112
2020-09-13,Modoc,049,8938,26,21,0,21,0
2020-09-13,Mono,051,14174,165,147,2,149,1
2020-09-13,Monterey,053,433212,9233,8826,23,8849,61
2020-09-13,Napa,055,140530,1620,1563,8,1571,11
2020-09-13,Nevada,057,99092,505,486,15,501,6
2020-09-13,Orange,059,3164182,52674,50061,1336,51397,1075
2020-09-13,Placer,061,380077,3444,3291,14,3305,38
2020-09-13,Plumas,063,18699,48,42,0,42,0
2020-09-13,Riverside,065,2383286,56602,55235,103,55338,1108
2020-09-13,Sacramento,067,1510023,20851,20279,23,20302,367
2020-09-13,San Benito,069,59416,1266,1217,0,1217,7
2020-09-13,San Bernardino,071,2135413,51770,49968,331,50299,895
2020-09-13,San Diego,073,3302833,44308,42681,719,43400,734
2020-09-13,San Francisco,075,870044,10653,10254,25,10279,90
2020-09-13,San Joaquin,077,732212,19618,19110,43,19153,396
2020-09-13,San Luis Obispo,079,281455,3429,3240,20,3260,24
2020-09-13,San Mateo,081,765935,9572,8811,8,8819,127
2020-09-13,Santa Barbara,083,443738,9265,8690,74,8764,104
2020-09-13,Santa Clara,085,1922200,20741,19456,38,19494,245
2020-09-13,Santa Cruz,087,273765,2180,2016,20,2036,7
2020-09-13,Shasta,089,179085,729,583,3,586,10
2020-09-13,Sierra,091,2930,6,6,0,6,0
2020-09-13,Siskiyou,093,43540,152,143,9,152,0
2020-09-13,Solano,095,438530,5998,5810,41,5851,43
2020-09-13,Sonoma,097,501317,6910,6592,19,6611,95
2020-09-13,Stanislaus,099,539301,16114,15759,460,16219,253
2020-09-13,Sutter,101,95872,1599,1539,1,1540,10
2020-09-13,Tehama,103,63373,489,476,2,478,1
2020-09-13,Trinity,105,12862,52,14,7,21,0
2020-09-13,Tulare,107,460477,15678,15098,86,15184,254
2020-09-13,Tuolumne,109,53932,223,208,4,212,1
2020-09-13,Ventura,111,848112,12547,11855,135,11990,123
2020-09-13,Yolo,113,214977,2729,2675,6,2681,53
2020-09-13,Yuba,115,75493,1026,967,4,971,1
2020-09-12,Alameda,001,1643700,20407,19758,151,19909,307
2020-09-12,Alpine,003,1148,2,2,0,2,0
2020-09-12,Amador,005,37829,280,278,0,278,16
2020-09-12,Butte,007,227075,2786,2629,22,2651,37
2020-09-12,Calaveras,009,45235,298,246,0,246,3
2020-09-12,Colusa,011,21464,507,486,0,486,6
2020-09-12,Contra Costa,013,1133247,15979,15135,75,15210,174
2020-09-12,Del Norte,015,27424,126,116,0,116,1
2020-09-12,El Dorado,017,186661,1084,1034,0,1034,2
2020-09-12,Fresno,019,978130,29551,27076,344,27420,345
2020-09-12,Glenn,021,27897,549,517,0,517,3
2020-09-12,Humboldt,023,135768,476,430,1,431,4
2020-09-12,Imperial,025,180216,11554,10305,12,10317,273
2020-09-12,Inyo,027,18085,186,177,4,181,12
2020-09-12,Kern,029,883053,31109,30202,281,30483,368
2020-09-12,Kings,031,150075,7216,6895,37,6932,70
2020-09-12,Lake,033,64148,459,393,0,393,4
2020-09-12,Lassen,035,31185,732,719,2,721,0
2020-09-12,Los Angeles,037,10098052,255735,253156,1590,254746,6193
2020-09-12,Madera,039,155013,4300,4058,29,4087,43
2020-09-12,Marin,041,260295,6488,6393,15,6408,69
2020-09-12,Mariposa,043,17540,75,72,0,72,2
2020-09-12,Mendocino,045,87422,758,700,0,700,17
2020-09-12,Merced,047,269075,8650,8533,15,8548,112
2020-09-12,Modoc,049,8938,25,21,0,21,0
2020-09-12,Mono,051,14174,165,147,2,149,1
2020-09-12,Monterey,053,433212,9197,8743,23,8766,61
2020-09-12,Napa,055,140530,1617,1556,8,1564,11
2020-09-12,Nevada,057,99092,504,482,15,497,6
2020-09-12,Orange,059,3164182,52559,49895,1333,51228,1078
2020-09-12,Placer,061,380077,3427,3280,14,3294,38
2020-09-12,Plumas,063,18699,48,42,0,42,0
2020-09-12,Riverside,065,2383286,56474,55058,99,55157,1108
2020-09-12,Sacramento,067,1510023,20782,20184,23,20207,367
2020-09-12,San Benito,069,59416,1263,1208,0,1208,7
2020-09-12,San Bernardino,071,2135413,51679,49945,329,50274,896
2020-09-12,San Diego,073,3302833,44113,42416,710,43126,747
2020-09-12,San Francisco,075,870044,10608,10257,25,10282,90
2020-09-12,San Joaquin,077,732212,19590,19108,43,19151,396
2020-09-12,San Luis Obispo,079,281455,3403,3220,20,3240,24
2020-09-12,San Mateo,081,765935,9527,8759,8,8767,127
2020-09-12,Santa Barbara,083,443738,9250,8642,74,8716,104
2020-09-12,Santa Clara,085,1922200,20657,19330,38,19368,237
2020-09-12,Santa Cruz,087,273765,2168,2016,20,2036,7
2020-09-12,Shasta,089,179085,717,569,3,572,10
2020-09-12,Sierra,091,2930,6,6,0,6,0
2020-09-12,Siskiyou,093,43540,152,141,9,150,0
2020-09-12,Solano,095,438530,5974,5772,41,5813,43
2020-09-12,Sonoma,097,501317,6886,6531,19,6550,95
2020-09-12,Stanislaus,099,539301,16082,15675,457,16132,253
2020-09-12,Sutter,101,95872,1593,1529,1,1530,10
2020-09-12,Tehama,103,63373,486,471,2,473,1
2020-09-12,Trinity,105,12862,52,15,7,22,0
2020-09-12,Tulare,107,460477,15632,15018,85,15103,254
2020-09-12,Tuolumne,109,53932,223,208,4,212,1
2020-09-12,Ventura,111,848112,12496,11759,133,11892,123
2020-09-12,Yolo,113,214977,2722,2646,6,2652,53
2020-09-12,Yuba,115,75493,1022,963,4,967,1
2020-09-11,Alameda,001,1643700,20352,19625,150,19775,298
2020-09-11,Alpine,003,1148,2,2,0,2,0
2020-09-11,Amador,005,37829,280,277,0,277,16
2020-09-11,Butte,007,227075,2775,2605,22,2627,37
2020-09-11,Calaveras,009,45235,297,242,0,242,1
2020-09-11,Colusa,011,21464,506,484,0,484,6
2020-09-11,Contra Costa,013,1133247,15927,15001,72,15073,173
2020-09-11,Del Norte,015,27424,126,115,0,115,1
2020-09-11,El Dorado,017,186661,1081,1024,0,1024,2
2020-09-11,Fresno,019,978130,29471,26917,343,27260,344
2020-09-11,Glenn,021,27897,544,515,0,515,3
2020-09-11,Humboldt,023,135768,474,426,1,427,4
2020-09-11,Imperial,025,180216,11536,10286,12,10298,273
2020-09-11,Inyo,027,18085,186,176,4,180,12
2020-09-11,Kern,029,883053,31041,30059,280,30339,365
2020-09-11,Kings,031,150075,7199,6770,37,6807,70
2020-09-11,Lake,033,64148,452,382,0,382,4
2020-09-11,Lassen,035,31185,732,719,2,721,0
2020-09-11,Los Angeles,037,10098052,255054,252057,1579,253636,6172
2020-09-11,Madera,039,155013,4281,4018,29,4047,43
2020-09-11,Marin,041,260295,6485,6364,15,6379,69
2020-09-11,Mariposa,043,17540,75,72,0,72,2
2020-09-11,Mendocino,045,87422,747,700,0,700,17
2020-09-11,Merced,047,269075,8629,8489,15,8504,109
2020-09-11,Modoc,049,8938,25,21,0,21,0
2020-09-11,Mono,051,14174,165,145,2,147,1
2020-09-11,Monterey,053,433212,9149,8595,23,8618,61
2020-09-11,Napa,055,140530,1606,1543,8,1551,11
2020-09-11,Nevada,057,99092,497,483,15,498,6
2020-09-11,Orange,059,3164182,52430,49755,1321,51076,1068
2020-09-11,Placer,061,380077,3412,3254,14,3268,37
2020-09-11,Plumas,063,18699,48,42,0,42,0
2020-09-11,Riverside,065,2383286,56340,54717,96,54813,1099
2020-09-11,Sacramento,067,1510023,20697,20012,23,20035,358
2020-09-11,San Benito,069,59416,1253,1202,0,1202,7
2020-09-11,San Bernardino,071,2135413,51579,49682,329,50011,871
2020-09-11,San Diego,073,3302833,43893,41971,704,42675,730
2020-09-11,San Francisco,075,870044,10560,10133,24,10157,89
2020-09-11,San Joaquin,077,732212,19542,19019,43,19062,391
2020-09-11,San Luis Obispo,079,281455,3385,3190,20,3210,24
2020-09-11,San Mateo,081,765935,9485,8611,8,8619,127
2020-09-11,Santa Barbara,083,443738,9216,8592,73,8665,103
2020-09-11,Santa Clara,085,1922200,20568,19065,38,19103,234
2020-09-11,Santa Cruz,087,273765,2151,1997,20,2017,7
2020-09-11,Shasta,089,179085,707,568,3,571,10
2020-09-11,Sierra,091,2930,6,6,0,6,0
2020-09-11,Siskiyou,093,43540,151,139,9,148,0
2020-09-11,Solano,095,438530,5957,5742,41,5783,42
2020-09-11,Sonoma,097,501317,6841,6469,19,6488,91
2020-09-11,Stanislaus,099,539301,16044,15613,454,16067,253
2020-09-11,Sutter,101,95872,1583,1505,1,1506,11
2020-09-11,Tehama,103,63373,483,466,2,468,1
2020-09-11,Trinity,105,12862,52,16,7,23,0
2020-09-11,Tulare,107,460477,15601,14932,83,15015,251
2020-09-11,Tuolumne,109,53932,223,208,4,212,1
2020-09-11,Ventura,111,848112,12442,11700,131,11831,123
2020-09-11,Yolo,113,214977,2711,2632,6,2638,53
2020-09-11,Yuba,115,75493,1014,946,4,950,1
2020-09-10,Alameda,001,1643700,20278,19509,150,19659,292
2020-09-10,Alpine,003,1148,2,2,0,2,0
2020-09-10,Amador,005,37829,279,277,0,277,16
2020-09-10,Butte,007,227075,2758,2590,22,2612,37
2020-09-10,Calaveras,009,45235,297,244,0,244,1
2020-09-10,Colusa,011,21464,504,482,0,482,6
2020-09-10,Contra Costa,013,1133247,15857,14909,72,14981,172
2020-09-10,Del Norte,015,27424,125,112,0,112,1
2020-09-10,El Dorado,017,186661,1078,1020,0,1020,2
2020-09-10,Fresno,019,978130,29349,26783,343,27126,338
2020-09-10,Glenn,021,27897,534,511,0,511,3
2020-09-10,Humboldt,023,135768,463,422,1,423,4
2020-09-10,Imperial,025,180216,11520,10251,12,10263,270
2020-09-10,Inyo,027,18085,185,176,4,180,11
2020-09-10,Kern,029,883053,30959,29988,276,30264,363
2020-09-10,Kings,031,150075,7169,6739,37,6776,70
2020-09-10,Lake,033,64148,445,377,0,377,4
2020-09-10,Lassen,035,31185,731,716,2,718,0
2020-09-10,Los Angeles,037,10098052,254083,251003,1557,252560,6132
2020-09-10,Madera,039,155013,4263,3979,29,4008,43
2020-09-10,Marin,041,260295,6473,6344,15,6359,68
2020-09-10,Mariposa,043,17540,75,72,0,72,2
2020-09-10,Mendocino,045,87422,737,697,0,697,16
2020-09-10,Merced,047,269075,8583,8461,15,8476,109
2020-09-10,Modoc,049,8938,25,21,0,21,0
2020-09-10,Mono,051,14174,165,145,2,147,1
2020-09-10,Monterey,053,433212,9079,8570,23,8593,59
2020-09-10,Napa,055,140530,1600,1536,8,1544,11
2020-09-10,Nevada,057,99092,493,478,15,493,6
2020-09-10,Orange,059,3164182,52267,49617,1315,50932,1057
2020-09-10,Placer,061,380077,3393,3233,14,3247,37
2020-09-10,Plumas,063,18699,48,42,0,42,0
2020-09-10,Riverside,065,2383286,56022,54417,93,54510,1091
2020-09-10,Sacramento,067,1510023,20575,19618,22,19640,354
2020-09-10,San Benito,069,59416,1247,1201,0,1201,5
2020-09-10,San Bernardino,071,2135413,51390,49467,327,49794,867
2020-09-10,San Diego,073,3302833,43627,41610,677,42287,725
2020-09-10,San Francisco,075,870044,10483,10082,24,10106,89
2020-09-10,San Joaquin,077,732212,19489,18854,43,18897,389
2020-09-10,San Luis Obispo,079,281455,3372,3161,20,3181,24
2020-09-10,San Mateo,081,765935,9439,8529,8,8537,125
2020-09-10,Santa Barbara,083,443738,9172,8552,73,8625,100
2020-09-10,Santa Clara,085,1922200,20454,18870,38,18908,231
2020-09-10,Santa Cruz,087,273765,2136,1986,18,2004,7
2020-09-10,Shasta,089,179085,696,566,3,569,10
2020-09-10,Sierra,091,2930,6,6,0,6,0
2020-09-10,Siskiyou,093,43540,151,137,9,146,0
2020-09-10,Solano,095,438530,5917,5696,41,5737,42
2020-09-10,Sonoma,097,501317,6792,6424,19,6443,91
2020-09-10,Stanislaus,099,539301,15990,15509,449,15958,243
2020-09-10,Sutter,101,95872,1571,1494,1,1495,11
2020-09-10,Tehama,103,63373,476,466,2,468,1
2020-09-10,Trinity,105,12862,52,15,7,22,0
2020-09-10,Tulare,107,460477,15546,14860,80,14940,250
2020-09-10,Tuolumne,109,53932,222,205,4,209,1
2020-09-10,Ventura,111,848112,12348,11600,124,11724,122
2020-09-10,Yolo,113,214977,2706,2612,6,2618,53
2020-09-10,Yuba,115,75493,1008,941,4,945,1
2020-09-09,Alameda,001,1643700,20199,19399,149,19548,289
2020-09-09,Alpine,003,1148,2,2,0,2,0
2020-09-09,Amador,005,37829,278,276,0,276,16
2020-09-09,Butte,007,227075,2741,2561,22,2583,37
2020-09-09,Calaveras,009,45235,297,242,0,242,1
2020-09-09,Colusa,011,21464,499,479,0,479,6
2020-09-09,Contra Costa,013,1133247,15771,14816,72,14888,171
2020-09-09,Del Norte,015,27424,121,109,0,109,1
2020-09-09,El Dorado,017,186661,1075,1020,0,1020,2
2020-09-09,Fresno,019,978130,29246,26724,338,27062,329
2020-09-09,Glenn,021,27897,531,508,0,508,3
2020-09-09,Humboldt,023,135768,461,420,1,421,4
2020-09-09,Imperial,025,180216,11499,10233,12,10245,268
2020-09-09,Inyo,027,18085,184,173,4,177,2
2020-09-09,Kern,029,883053,30861,29925,273,30198,355
2020-09-09,Kings,031,150075,7151,6721,37,6758,72
2020-09-09,Lake,033,64148,437,371,0,371,4
2020-09-09,Lassen,035,31185,730,714,2,716,0
2020-09-09,Los Angeles,037,10098052,253214,249876,1538,251414,6091
2020-09-09,Madera,039,155013,4237,3926,29,3955,43
2020-09-09,Marin,041,260295,6454,6321,15,6336,68
2020-09-09,Mariposa,043,17540,74,72,0,72,2
2020-09-09,Mendocino,045,87422,729,695,0,695,16
2020-09-09,Merced,047,269075,8557,8441,15,8456,107
2020-09-09,Modoc,049,8938,24,20,0,20,0
2020-09-09,Mono,051,14174,165,145,2,147,1
2020-09-09,Monterey,053,433212,9007,8527,23,8550,59
2020-09-09,Napa,055,140530,1590,1531,8,1539,11
2020-09-09,Nevada,057,99092,489,476,15,491,6
2020-09-09,Orange,059,3164182,52087,49394,1307,50701,1054
2020-09-09,Placer,061,380077,3373,3222,14,3236,36
2020-09-09,Plumas,063,18699,46,42,0,42,0
2020-09-09,Riverside,065,2383286,55793,54320,90,54410,1081
2020-09-09,Sacramento,067,1510023,20469,19474,21,19495,347
2020-09-09,San Benito,069,59416,1243,1199,0,1199,5
2020-09-09,San Bernardino,071,2135413,51192,49264,326,49590,866
2020-09-09,San Diego,073,3302833,43338,41326,665,41991,721
2020-09-09,San Francisco,075,870044,10433,9996,23,10019,86
2020-09-09,San Joaquin,077,732212,19425,18799,42,18841,388
2020-09-09,San Luis Obispo,079,281455,3354,3131,20,3151,24
2020-09-09,San Mateo,081,765935,9378,8478,8,8486,125
2020-09-09,Santa Barbara,083,443738,9129,8528,73,8601,97
2020-09-09,Santa Clara,085,1922200,20322,18759,38,18797,228
2020-09-09,Santa Cruz,087,273765,2113,1967,18,1985,7
2020-09-09,Shasta,089,179085,684,562,3,565,10
2020-09-09,Sierra,091,2930,6,6,0,6,0
2020-09-09,Siskiyou,093,43540,149,137,9,146,0
2020-09-09,Solano,095,438530,5885,5680,41,5721,36
2020-09-09,Sonoma,097,501317,6725,6397,19,6416,92
2020-09-09,Stanislaus,099,539301,15951,15469,438,15907,243
2020-09-09,Sutter,101,95872,1563,1487,1,1488,11
2020-09-09,Tehama,103,63373,473,462,2,464,1
2020-09-09,Trinity,105,12862,52,14,7,21,0
2020-09-09,Tulare,107,460477,15497,14787,75,14862,249
2020-09-09,Tuolumne,109,53932,221,204,3,207,1
2020-09-09,Ventura,111,848112,12257,11497,121,11618,121
2020-09-09,Yolo,113,214977,2695,2604,6,2610,53
2020-09-09,Yuba,115,75493,1003,936,4,940,1
2020-09-08,Alameda,001,1643700,20091,19293,149,19442,288
2020-09-08,Alpine,003,1148,2,2,0,2,0
2020-09-08,Amador,005,37829,278,276,0,276,16
2020-09-08,Butte,007,227075,2723,2453,22,2475,36
2020-09-08,Calaveras,009,45235,295,233,0,233,1
2020-09-08,Colusa,011,21464,497,475,0,475,6
2020-09-08,Contra Costa,013,1133247,15643,14740,69,14809,171
2020-09-08,Del Norte,015,27424,121,109,0,109,2
2020-09-08,El Dorado,017,186661,1072,1011,0,1011,2
2020-09-08,Fresno,019,978130,29126,26640,333,26973,329
2020-09-08,Glenn,021,27897,527,492,0,492,3
2020-09-08,Humboldt,023,135768,459,420,1,421,4
2020-09-08,Imperial,025,180216,11483,10198,12,10210,267
2020-09-08,Inyo,027,18085,184,169,4,173,2
2020-09-08,Kern,029,883053,30775,29850,271,30121,351
2020-09-08,Kings,031,150075,7113,6658,37,6695,72
2020-09-08,Lake,033,64148,427,370,0,370,4
2020-09-08,Lassen,035,31185,730,710,2,712,0
2020-09-08,Los Angeles,037,10098052,252287,249217,1510,250727,6034
2020-09-08,Madera,039,155013,4213,3904,29,3933,43
2020-09-08,Marin,041,260295,6423,6313,15,6328,68
2020-09-08,Mariposa,043,17540,74,72,0,72,2
2020-09-08,Mendocino,045,87422,722,690,0,690,16
2020-09-08,Merced,047,269075,8534,8381,15,8396,104
2020-09-08,Modoc,049,8938,24,20,0,20,0
2020-09-08,Mono,051,14174,165,145,2,147,1
2020-09-08,Monterey,053,433212,8922,8491,23,8514,59
2020-09-08,Napa,055,140530,1586,1518,8,1526,11
2020-09-08,Nevada,057,99092,489,470,15,485,6
2020-09-08,Orange,059,3164182,51946,49214,1303,50517,1044
2020-09-08,Placer,061,380077,3359,3205,14,3219,36
2020-09-08,Plumas,063,18699,46,42,0,42,0
2020-09-08,Riverside,065,2383286,55580,54168,87,54255,1069
2020-09-08,Sacramento,067,1510023,20234,19411,20,19431,347
2020-09-08,San Benito,069,59416,1236,1188,0,1188,5
2020-09-08,San Bernardino,071,2135413,51003,49034,325,49359,856
2020-09-08,San Diego,073,3302833,43022,41079,653,41732,709
2020-09-08,San Francisco,075,870044,10360,9821,23,9844,86
2020-09-08,San Joaquin,077,732212,19347,18550,42,18592,388
2020-09-08,San Luis Obispo,079,281455,3340,3120,20,3140,23
2020-09-08,San Mateo,081,765935,9302,8460,8,8468,125
2020-09-08,Santa Barbara,083,443738,9095,8488,72,8560,96
2020-09-08,Santa Clara,085,1922200,20146,18645,38,18683,228
2020-09-08,Santa Cruz,087,273765,2085,1903,18,1921,7
2020-09-08,Shasta,089,179085,676,556,3,559,10
2020-09-08,Sierra,091,2930,6,6,0,6,0
2020-09-08,Siskiyou,093,43540,147,136,9,145,0
2020-09-08,Solano,095,438530,5848,5654,41,5695,36
2020-09-08,Sonoma,097,501317,6656,6356,19,6375,92
2020-09-08,Stanislaus,099,539301,15887,15415,426,15841,238
2020-09-08,Sutter,101,95872,1548,1473,1,1474,11
2020-09-08,Tehama,103,63373,469,458,2,460,1
2020-09-08,Trinity,105,12862,51,13,7,20,0
2020-09-08,Tulare,107,460477,15417,14635,74,14709,249
2020-09-08,Tuolumne,109,53932,220,197,3,200,1
2020-09-08,Ventura,111,848112,12188,11475,118,11593,118
2020-09-08,Yolo,113,214977,2685,2580,6,2586,53
2020-09-08,Yuba,115,75493,991,923,4,927,1
2020-09-07,Alameda,001,1643700,19969,19188,143,19331,281
2020-09-07,Alpine,003,1148,2,2,0,2,0
2020-09-07,Amador,005,37829,278,276,0,276,16
2020-09-07,Butte,007,227075,2690,2450,21,2471,30
2020-09-07,Calaveras,009,45235,285,234,0,234,1
2020-09-07,Colusa,011,21464,496,475,0,475,6
2020-09-07,Contra Costa,013,1133247,15530,14637,66,14703,172
2020-09-07,Del Norte,015,27424,121,109,0,109,2
2020-09-07,El Dorado,017,186661,1061,1011,0,1011,2
2020-09-07,Fresno,019,978130,29032,26565,330,26895,329
2020-09-07,Glenn,021,27897,522,488,0,488,3
2020-09-07,Humboldt,023,135768,450,416,1,417,4
2020-09-07,Imperial,025,180216,11452,10199,11,10210,267
2020-09-07,Inyo,027,18085,184,169,4,173,2
2020-09-07,Kern,029,883053,30654,29790,266,30056,348
2020-09-07,Kings,031,150075,6988,6630,37,6667,72
2020-09-07,Lake,033,64148,404,367,0,367,2
2020-09-07,Lassen,035,31185,730,709,2,711,0
2020-09-07,Los Angeles,037,10098052,251243,248804,1488,250292,6030
2020-09-07,Madera,039,155013,4182,3889,28,3917,43
2020-09-07,Marin,041,260295,6393,6296,15,6311,67
2020-09-07,Mariposa,043,17540,74,72,0,72,2
2020-09-07,Mendocino,045,87422,714,687,0,687,16
2020-09-07,Merced,047,269075,8487,8381,15,8396,104
2020-09-07,Modoc,049,8938,23,20,0,20,0
2020-09-07,Mono,051,14174,165,145,2,147,1
2020-09-07,Monterey,053,433212,8843,8463,23,8486,57
2020-09-07,Napa,055,140530,1574,1514,8,1522,11
2020-09-07,Nevada,057,99092,487,469,15,484,6
2020-09-07,Orange,059,3164182,51775,49132,1299,50431,1042
2020-09-07,Placer,061,380077,3328,3188,13,3201,36
2020-09-07,Plumas,063,18699,45,42,0,42,0
2020-09-07,Riverside,065,2383286,55305,54178,81,54259,1069
2020-09-07,Sacramento,067,1510023,19991,19292,19,19311,345
2020-09-07,San Benito,069,59416,1230,1180,0,1180,4
2020-09-07,San Bernardino,071,2135413,50775,49043,323,49366,821
2020-09-07,San Diego,073,3302833,42622,40868,626,41494,708
2020-09-07,San Francisco,075,870044,10309,9813,22,9835,85
2020-09-07,San Joaquin,077,732212,19266,18552,40,18592,386
2020-09-07,San Luis Obispo,079,281455,3303,3116,20,3136,23
2020-09-07,San Mateo,081,765935,9220,8409,8,8417,125
2020-09-07,Santa Barbara,083,443738,9053,8479,72,8551,95
2020-09-07,Santa Clara,085,1922200,19988,18596,37,18633,226
2020-09-07,Santa Cruz,087,273765,2057,1902,18,1920,7
2020-09-07,Shasta,089,179085,666,556,3,559,10
2020-09-07,Sierra,091,2930,6,6,0,6,0
2020-09-07,Siskiyou,093,43540,146,133,9,142,0
2020-09-07,Solano,095,438530,5783,5640,41,5681,36
2020-09-07,Sonoma,097,501317,6589,6268,19,6287,85
2020-09-07,Stanislaus,099,539301,15822,15343,414,15757,236
2020-09-07,Sutter,101,95872,1531,1468,1,1469,11
2020-09-07,Tehama,103,63373,466,453,2,455,1
2020-09-07,Trinity,105,12862,51,13,7,20,0
2020-09-07,Tulare,107,460477,15311,14637,72,14709,249
2020-09-07,Tuolumne,109,53932,219,196,3,199,1
2020-09-07,Ventura,111,848112,12093,11463,115,11578,118
2020-09-07,Yolo,113,214977,2668,2565,5,2570,53
2020-09-07,Yuba,115,75493,975,923,3,926,1
2020-09-06,Alameda,001,1643700,19911,19029,141,19170,281
2020-09-06,Alpine,003,1148,2,2,0,2,0
2020-09-06,Amador,005,37829,276,275,0,275,16
2020-09-06,Butte,007,227075,2681,2446,21,2467,30
2020-09-06,Calaveras,009,45235,285,235,0,235,1
2020-09-06,Colusa,011,21464,492,475,0,475,6
2020-09-06,Contra Costa,013,1133247,15450,14565,65,14630,171
2020-09-06,Del Norte,015,27424,121,109,0,109,2
2020-09-06,El Dorado,017,186661,1059,1008,0,1008,2
2020-09-06,Fresno,019,978130,28968,26471,328,26799,329
2020-09-06,Glenn,021,27897,516,474,0,474,3
2020-09-06,Humboldt,023,135768,447,404,1,405,4
2020-09-06,Imperial,025,180216,11435,10152,11,10163,267
2020-09-06,Inyo,027,18085,184,169,4,173,2
2020-09-06,Kern,029,883053,30598,29699,262,29961,348
2020-09-06,Kings,031,150075,6968,6561,36,6597,72
2020-09-06,Lake,033,64148,401,362,0,362,2
2020-09-06,Lassen,035,31185,730,709,2,711,0
2020-09-06,Los Angeles,037,10098052,250613,248316,1474,249790,6004
2020-09-06,Madera,039,155013,4138,3867,28,3895,42
2020-09-06,Marin,041,260295,6381,6276,15,6291,67
2020-09-06,Mariposa,043,17540,74,72,0,72,2
2020-09-06,Mendocino,045,87422,713,672,0,672,16
2020-09-06,Merced,047,269075,8467,8327,15,8342,104
2020-09-06,Modoc,049,8938,23,20,0,20,0
2020-09-06,Mono,051,14174,164,145,2,147,1
2020-09-06,Monterey,053,433212,8803,8403,22,8425,56
2020-09-06,Napa,055,140530,1570,1501,6,1507,11
2020-09-06,Nevada,057,99092,487,467,14,481,6
2020-09-06,Orange,059,3164182,51662,48931,1295,50226,1042
2020-09-06,Placer,061,380077,3311,3169,13,3182,36
2020-09-06,Plumas,063,18699,44,42,0,42,0
2020-09-06,Riverside,065,2383286,55189,53970,79,54049,1069
2020-09-06,Sacramento,067,1510023,19896,19128,19,19147,340
2020-09-06,San Benito,069,59416,1228,1178,0,1178,4
2020-09-06,San Bernardino,071,2135413,50666,48923,323,49246,823
2020-09-06,San Diego,073,3302833,42374,40652,620,41272,707
2020-09-06,San Francisco,075,870044,10235,9813,22,9835,85
2020-09-06,San Joaquin,077,732212,19217,18558,40,18598,386
2020-09-06,San Luis Obispo,079,281455,3292,3101,20,3121,23
2020-09-06,San Mateo,081,765935,9167,8387,8,8395,125
2020-09-06,Santa Barbara,083,443738,9022,8434,72,8506,95
2020-09-06,Santa Clara,085,1922200,19887,18495,37,18532,207
2020-09-06,Santa Cruz,087,273765,2050,1902,18,1920,7
2020-09-06,Shasta,089,179085,660,550,3,553,10
2020-09-06,Sierra,091,2930,6,6,0,6,0
2020-09-06,Siskiyou,093,43540,146,132,9,141,0
2020-09-06,Solano,095,438530,5757,5619,41,5660,37
2020-09-06,Sonoma,097,501317,6560,6212,19,6231,85
2020-09-06,Stanislaus,099,539301,15778,15288,410,15698,236
2020-09-06,Sutter,101,95872,1518,1451,1,1452,11
2020-09-06,Tehama,103,63373,465,455,2,457,1
2020-09-06,Trinity,105,12862,50,13,7,20,0
2020-09-06,Tulare,107,460477,15268,14636,71,14707,249
2020-09-06,Tuolumne,109,53932,216,194,3,197,1
2020-09-06,Ventura,111,848112,12048,11315,115,11430,118
2020-09-06,Yolo,113,214977,2654,2556,5,2561,53
2020-09-06,Yuba,115,75493,966,913,3,916,1
2020-09-05,Alameda,001,1643700,19864,18973,139,19112,279
2020-09-05,Alpine,003,1148,2,2,0,2,0
2020-09-05,Amador,005,37829,276,274,0,274,16
2020-09-05,Butte,007,227075,2665,2406,20,2426,30
2020-09-05,Calaveras,009,45235,285,237,0,237,1
2020-09-05,Colusa,011,21464,488,472,0,472,6
2020-09-05,Contra Costa,013,1133247,15373,14456,63,14519,173
2020-09-05,Del Norte,015,27424,121,109,0,109,2
2020-09-05,El Dorado,017,186661,1059,1007,0,1007,2
2020-09-05,Fresno,019,978130,28900,26325,328,26653,331
2020-09-05,Glenn,021,27897,515,474,0,474,3
2020-09-05,Humboldt,023,135768,445,402,1,403,4
2020-09-05,Imperial,025,180216,11418,10151,11,10162,268
2020-09-05,Inyo,027,18085,184,169,4,173,2
2020-09-05,Kern,029,883053,30538,29645,258,29903,347
2020-09-05,Kings,031,150075,6959,6518,36,6554,66
2020-09-05,Lake,033,64148,398,359,0,359,2
2020-09-05,Lassen,035,31185,730,709,2,711,0
2020-09-05,Los Angeles,037,10098052,250078,247572,1462,249034,6001
2020-09-05,Madera,039,155013,4097,3851,28,3879,42
2020-09-05,Marin,041,260295,6374,6259,15,6274,66
2020-09-05,Mariposa,043,17540,74,72,0,72,2
2020-09-05,Mendocino,045,87422,712,658,0,658,16
2020-09-05,Merced,047,269075,8435,8297,13,8310,104
2020-09-05,Modoc,049,8938,23,19,0,19,0
2020-09-05,Mono,051,14174,164,145,2,147,1
2020-09-05,Monterey,053,433212,8773,8301,22,8323,56
2020-09-05,Napa,055,140530,1564,1484,6,1490,11
2020-09-05,Nevada,057,99092,484,461,14,475,6
2020-09-05,Orange,059,3164182,51560,48726,1290,50016,1039
2020-09-05,Placer,061,380077,3301,3141,13,3154,35
2020-09-05,Plumas,063,18699,44,42,0,42,0
2020-09-05,Riverside,065,2383286,55083,53780,79,53859,1066
2020-09-05,Sacramento,067,1510023,19805,18955,19,18974,339
2020-09-05,San Benito,069,59416,1226,1153,0,1153,4
2020-09-05,San Bernardino,071,2135413,50591,48800,322,49122,825
2020-09-05,San Diego,073,3302833,42181,40344,608,40952,717
2020-09-05,San Francisco,075,870044,10202,9812,21,9833,85
2020-09-05,San Joaquin,077,732212,19189,18557,40,18597,386
2020-09-05,San Luis Obispo,079,281455,3282,3083,20,3103,23
2020-09-05,San Mateo,081,765935,9122,8352,8,8360,124
2020-09-05,Santa Barbara,083,443738,9005,8404,72,8476,96
2020-09-05,Santa Clara,085,1922200,19803,18311,37,18348,207
2020-09-05,Santa Cruz,087,273765,2042,1904,18,1922,7
2020-09-05,Shasta,089,179085,659,544,3,547,10
2020-09-05,Sierra,091,2930,6,6,0,6,0
2020-09-05,Siskiyou,093,43540,145,131,9,140,0
2020-09-05,Solano,095,438530,5745,5579,41,5620,37
2020-09-05,Sonoma,097,501317,6527,6149,19,6168,85
2020-09-05,Stanislaus,099,539301,15730,15198,406,15604,236
2020-09-05,Sutter,101,95872,1511,1445,1,1446,11
2020-09-05,Tehama,103,63373,464,447,2,449,1
2020-09-05,Trinity,105,12862,50,13,7,20,0
2020-09-05,Tulare,107,460477,15211,14576,69,14645,249
2020-09-05,Tuolumne,109,53932,216,194,3,197,1
2020-09-05,Ventura,111,848112,12005,11254,115,11369,118
2020-09-05,Yolo,113,214977,2644,2534,5,2539,53
2020-09-05,Yuba,115,75493,960,902,3,905,1
2020-09-04,Alameda,001,1643700,19796,18843,137,18980,276
2020-09-04,Alpine,003,1148,2,2,0,2,0
2020-09-04,Amador,005,37829,275,274,0,274,16
2020-09-04,Butte,007,227075,2642,2325,20,2345,28
2020-09-04,Calaveras,009,45235,283,237,0,237,1
2020-09-04,Colusa,011,21464,486,467,0,467,6
2020-09-04,Contra Costa,013,1133247,15293,14355,62,14417,164
2020-09-04,Del Norte,015,27424,121,109,0,109,2
2020-09-04,El Dorado,017,186661,1055,992,0,992,2
2020-09-04,Fresno,019,978130,28795,26147,327,26474,321
2020-09-04,Glenn,021,27897,507,463,0,463,3
2020-09-04,Humboldt,023,135768,440,390,1,391,4
2020-09-04,Imperial,025,180216,11409,10136,11,10147,267
2020-09-04,Inyo,027,18085,184,169,4,173,2
2020-09-04,Kern,029,883053,30470,29526,255,29781,345
2020-09-04,Kings,031,150075,6946,6259,36,6295,66
2020-09-04,Lake,033,64148,398,347,0,347,2
2020-09-04,Lassen,035,31185,730,708,2,710,0
2020-09-04,Los Angeles,037,10098052,249512,246396,1442,247838,5977
2020-09-04,Madera,039,155013,4084,3838,28,3866,42
2020-09-04,Marin,041,260295,6362,6251,15,6266,66
2020-09-04,Mariposa,043,17540,74,72,0,72,2
2020-09-04,Mendocino,045,87422,710,646,0,646,16
2020-09-04,Merced,047,269075,8415,8214,13,8227,104
2020-09-04,Modoc,049,8938,23,15,0,15,0
2020-09-04,Mono,051,14174,164,145,2,147,1
2020-09-04,Monterey,053,433212,8728,8208,22,8230,56
2020-09-04,Napa,055,140530,1555,1475,6,1481,11
2020-09-04,Nevada,057,99092,481,455,14,469,6
2020-09-04,Orange,059,3164182,51436,48488,1283,49771,1031
2020-09-04,Placer,061,380077,3289,3101,13,3114,35
2020-09-04,Plumas,063,18699,44,42,0,42,0
2020-09-04,Riverside,065,2383286,54970,53606,74,53680,1066
2020-09-04,Sacramento,067,1510023,19717,18765,19,18784,337
2020-09-04,San Benito,069,59416,1217,1137,0,1137,4
2020-09-04,San Bernardino,071,2135413,50498,48497,320,48817,800
2020-09-04,San Diego,073,3302833,41951,39901,599,40500,701
2020-09-04,San Francisco,075,870044,10162,9694,20,9714,85
2020-09-04,San Joaquin,077,732212,19135,18438,40,18478,376
2020-09-04,San Luis Obispo,079,281455,3267,3049,19,3068,21
2020-09-04,San Mateo,081,765935,9078,8275,8,8283,122
2020-09-04,Santa Barbara,083,443738,8974,8340,72,8412,96
2020-09-04,Santa Clara,085,1922200,19695,18074,37,18111,209
2020-09-04,Santa Cruz,087,273765,2025,1896,17,1913,7
2020-09-04,Shasta,089,179085,656,536,3,539,10
2020-09-04,Sierra,091,2930,6,6,0,6,0
2020-09-04,Siskiyou,093,43540,145,129,9,138,0
2020-09-04,Solano,095,438530,5732,5552,41,5593,37
2020-09-04,Sonoma,097,501317,6462,6050,19,6069,85
2020-09-04,Stanislaus,099,539301,15696,15074,397,15471,233
2020-09-04,Sutter,101,95872,1495,1425,1,1426,11
2020-09-04,Tehama,103,63373,460,442,2,444,1
2020-09-04,Trinity,105,12862,50,13,7,20,0
2020-09-04,Tulare,107,460477,15183,14501,65,14566,247
2020-09-04,Tuolumne,109,53932,216,193,3,196,1
2020-09-04,Ventura,111,848112,11963,11171,115,11286,114
2020-09-04,Yolo,113,214977,2630,2495,5,2500,53
2020-09-04,Yuba,115,75493,955,884,3,887,1
2020-09-03,Alameda,001,1643700,19693,18687,137,18824,275
2020-09-03,Alpine,003,1148,2,2,0,2,0
2020-09-03,Amador,005,37829,275,274,0,274,16
2020-09-03,Butte,007,227075,2597,2274,20,2294,27
2020-09-03,Calaveras,009,45235,282,238,0,238,1
2020-09-03,Colusa,011,21464,484,464,0,464,6
2020-09-03,Contra Costa,013,1133247,15186,14206,59,14265,159
2020-09-03,Del Norte,015,27424,118,109,0,109,2
2020-09-03,El Dorado,017,186661,1051,983,0,983,2
2020-09-03,Fresno,019,978130,28676,25978,322,26300,313
2020-09-03,Glenn,021,27897,503,460,0,460,3
2020-09-03,Humboldt,023,135768,435,390,1,391,4
2020-09-03,Imperial,025,180216,11389,10083,10,10093,255
2020-09-03,Inyo,027,18085,182,171,4,175,3
2020-09-03,Kern,029,883053,30378,29426,241,29667,340
2020-09-03,Kings,031,150075,6866,6200,36,6236,64
2020-09-03,Lake,033,64148,389,347,0,347,2
2020-09-03,Lassen,035,31185,730,707,2,709,0
2020-09-03,Los Angeles,037,10098052,248653,245026,1421,246447,5931
2020-09-03,Madera,039,155013,4065,3780,28,3808,43
2020-09-03,Marin,041,260295,6343,6175,15,6190,66
2020-09-03,Mariposa,043,17540,74,71,0,71,2
2020-09-03,Mendocino,045,87422,701,638,0,638,16
2020-09-03,Merced,047,269075,8373,8136,13,8149,105
2020-09-03,Modoc,049,8938,23,14,0,14,0
2020-09-03,Mono,051,14174,163,144,2,146,1
2020-09-03,Monterey,053,433212,8674,8128,22,8150,56
2020-09-03,Napa,055,140530,1548,1466,6,1472,10
2020-09-03,Nevada,057,99092,478,453,14,467,6
2020-09-03,Orange,059,3164182,51249,48226,1268,49494,1009
2020-09-03,Placer,061,380077,3271,3069,13,3082,34
2020-09-03,Plumas,063,18699,44,39,0,39,0
2020-09-03,Riverside,065,2383286,54790,53341,70,53411,1052
2020-09-03,Sacramento,067,1510023,19589,18553,18,18571,328
2020-09-03,San Benito,069,59416,1206,1121,0,1121,4
2020-09-03,San Bernardino,071,2135413,50333,48165,319,48484,800
2020-09-03,San Diego,073,3302833,41637,39448,583,40031,700
2020-09-03,San Francisco,075,870044,10096,9636,18,9654,84
2020-09-03,San Joaquin,077,732212,19058,18331,40,18371,371
2020-09-03,San Luis Obispo,079,281455,3250,3023,19,3042,21
2020-09-03,San Mateo,081,765935,9004,8211,8,8219,122
2020-09-03,Santa Barbara,083,443738,8927,8277,72,8349,96
2020-09-03,Santa Clara,085,1922200,19515,17879,37,17916,208
2020-09-03,Santa Cruz,087,273765,2010,1870,17,1887,7
2020-09-03,Shasta,089,179085,651,535,3,538,10
2020-09-03,Sierra,091,2930,6,6,0,6,0
2020-09-03,Siskiyou,093,43540,145,128,9,137,0
2020-09-03,Solano,095,438530,5712,5499,40,5539,36
2020-09-03,Sonoma,097,501317,6400,5997,19,6016,62
2020-09-03,Stanislaus,099,539301,15644,14985,393,15378,217
2020-09-03,Sutter,101,95872,1485,1412,1,1413,11
2020-09-03,Tehama,103,63373,456,436,2,438,1
2020-09-03,Trinity,105,12862,48,13,7,20,0
2020-09-03,Tulare,107,460477,15117,14408,64,14472,244
2020-09-03,Tuolumne,109,53932,216,193,3,196,1
2020-09-03,Ventura,111,848112,11845,11109,112,11221,112
2020-09-03,Yolo,113,214977,2614,2475,5,2480,53
2020-09-03,Yuba,115,75493,948,867,3,870,1
2020-09-02,Alameda,001,1643700,19573,18522,134,18656,260
2020-09-02,Alpine,003,1148,2,2,0,2,0
2020-09-02,Amador,005,37829,275,245,0,245,14
2020-09-02,Butte,007,227075,2551,2241,20,2261,27
2020-09-02,Calaveras,009,45235,281,235,0,235,1
2020-09-02,Colusa,011,21464,480,460,0,460,6
2020-09-02,Contra Costa,013,1133247,15097,14097,57,14154,159
2020-09-02,Del Norte,015,27424,117,109,0,109,2
2020-09-02,El Dorado,017,186661,1047,975,0,975,2
2020-09-02,Fresno,019,978130,28528,25785,319,26104,292
2020-09-02,Glenn,021,27897,498,457,0,457,3
2020-09-02,Humboldt,023,135768,432,381,1,382,4
2020-09-02,Imperial,025,180216,11373,9832,10,9842,255
2020-09-02,Inyo,027,18085,182,171,4,175,3
2020-09-02,Kern,029,883053,30286,29288,235,29523,335
2020-09-02,Kings,031,150075,6781,6142,36,6178,64
2020-09-02,Lake,033,64148,385,342,0,342,2
2020-09-02,Lassen,035,31185,728,706,2,708,0
2020-09-02,Los Angeles,037,10098052,247723,243999,1393,245392,5887
2020-09-02,Madera,039,155013,4045,3735,28,3763,41
2020-09-02,Marin,041,260295,6328,6131,15,6146,66
2020-09-02,Mariposa,043,17540,74,71,0,71,2
2020-09-02,Mendocino,045,87422,691,636,0,636,15
2020-09-02,Merced,047,269075,8342,8097,12,8109,103
2020-09-02,Modoc,049,8938,22,11,0,11,0
2020-09-02,Mono,051,14174,163,145,2,147,1
2020-09-02,Monterey,053,433212,8610,8070,22,8092,56
2020-09-02,Napa,055,140530,1536,1454,6,1460,10
2020-09-02,Nevada,057,99092,472,452,13,465,6
2020-09-02,Orange,059,3164182,51068,47871,1258,49129,994
2020-09-02,Placer,061,380077,3246,3047,12,3059,33
2020-09-02,Plumas,063,18699,44,39,0,39,0
2020-09-02,Riverside,065,2383286,54588,52923,67,52990,1032
2020-09-02,Sacramento,067,1510023,19356,18355,17,18372,316
2020-09-02,San Benito,069,59416,1193,1107,0,1107,4
2020-09-02,San Bernardino,071,2135413,50170,47766,316,48082,794
2020-09-02,San Diego,073,3302833,41317,39123,569,39692,695
2020-09-02,San Francisco,075,870044,10027,9587,18,9605,84
2020-09-02,San Joaquin,077,732212,18977,18194,39,18233,352
2020-09-02,San Luis Obispo,079,281455,3224,3002,18,3020,21
2020-09-02,San Mateo,081,765935,8947,8148,8,8156,122
2020-09-02,Santa Barbara,083,443738,8872,8206,71,8277,94
2020-09-02,Santa Clara,085,1922200,19361,17673,37,17710,206
2020-09-02,Santa Cruz,087,273765,1987,1850,17,1867,7
2020-09-02,Shasta,089,179085,650,531,3,534,10
2020-09-02,Sierra,091,2930,6,6,0,6,0
2020-09-02,Siskiyou,093,43540,144,127,9,136,0
2020-09-02,Solano,095,438530,5684,5463,40,5503,36
2020-09-02,Sonoma,097,501317,6338,5846,19,5865,62
2020-09-02,Stanislaus,099,539301,15574,14854,386,15240,220
2020-09-02,Sutter,101,95872,1470,1401,1,1402,10
2020-09-02,Tehama,103,63373,453,429,2,431,1
2020-09-02,Trinity,105,12862,48,13,7,20,0
2020-09-02,Tulare,107,460477,15050,14298,63,14361,244
2020-09-02,Tuolumne,109,53932,216,190,3,193,1
2020-09-02,Ventura,111,848112,11758,11031,111,11142,111
2020-09-02,Yolo,113,214977,2593,2449,5,2454,54
2020-09-02,Yuba,115,75493,941,856,3,859,1
2020-09-01,Alameda,001,1643700,19433,18382,131,18513,248
2020-09-01,Alpine,003,1148,2,2,0,2,0
2020-09-01,Amador,005,37829,274,244,0,244,13
2020-09-01,Butte,007,227075,2494,2146,20,2166,26
2020-09-01,Calaveras,009,45235,273,228,0,228,1
2020-09-01,Colusa,011,21464,476,454,0,454,6
2020-09-01,Contra Costa,013,1133247,15003,13998,55,14053,158
2020-09-01,Del Norte,015,27424,116,108,0,108,2
2020-09-01,El Dorado,017,186661,1039,972,0,972,2
2020-09-01,Fresno,019,978130,28381,25542,316,25858,290
2020-09-01,Glenn,021,27897,491,449,0,449,3
2020-09-01,Humboldt,023,135768,426,378,1,379,4
2020-09-01,Imperial,025,180216,11347,9782,10,9792,250
2020-09-01,Inyo,027,18085,182,171,4,175,3
2020-09-01,Kern,029,883053,30195,29162,230,29392,332
2020-09-01,Kings,031,150075,6750,6088,36,6124,62
2020-09-01,Lake,033,64148,382,341,0,341,2
2020-09-01,Lassen,035,31185,725,706,2,708,0
2020-09-01,Los Angeles,037,10098052,246634,242633,1369,244002,5832
2020-09-01,Madera,039,155013,4016,3703,27,3730,41
2020-09-01,Marin,041,260295,6313,6102,15,6117,67
2020-09-01,Mariposa,043,17540,73,72,0,72,2
2020-09-01,Mendocino,045,87422,676,626,0,626,15
2020-09-01,Merced,047,269075,8289,8046,11,8057,103
2020-09-01,Modoc,049,8938,20,10,0,10,0
2020-09-01,Mono,051,14174,163,145,2,147,1
2020-09-01,Monterey,053,433212,8503,7926,22,7948,56
2020-09-01,Napa,055,140530,1521,1446,6,1452,10
2020-09-01,Nevada,057,99092,466,450,13,463,6
2020-09-01,Orange,059,3164182,50904,47671,1239,48910,976
2020-09-01,Placer,061,380077,3224,3013,12,3025,33
2020-09-01,Plumas,063,18699,44,39,0,39,0
2020-09-01,Riverside,065,2383286,54369,52785,66,52851,1027
2020-09-01,Sacramento,067,1510023,19172,18217,16,18233,305
2020-09-01,San Benito,069,59416,1181,1089,0,1089,4
2020-09-01,San Bernardino,071,2135413,49963,47371,315,47686,786
2020-09-01,San Diego,073,3302833,40959,38873,531,39404,688
2020-09-01,San Francisco,075,870044,9958,9492,18,9510,83
2020-09-01,San Joaquin,077,732212,18895,17915,38,17953,341
2020-09-01,San Luis Obispo,079,281455,3198,2970,18,2988,21
2020-09-01,San Mateo,081,765935,8867,8132,8,8140,122
2020-09-01,Santa Barbara,083,443738,8822,8142,70,8212,93
2020-09-01,Santa Clara,085,1922200,19182,17319,37,17356,204
2020-09-01,Santa Cruz,087,273765,1963,1752,17,1769,7
2020-09-01,Shasta,089,179085,642,527,3,530,9
2020-09-01,Sierra,091,2930,6,6,0,6,0
2020-09-01,Siskiyou,093,43540,141,128,8,136,0
2020-09-01,Solano,095,438530,5658,5438,40,5478,34
2020-09-01,Sonoma,097,501317,6248,5733,19,5752,60
2020-09-01,Stanislaus,099,539301,15498,14784,376,15160,212
2020-09-01,Sutter,101,95872,1459,1389,1,1390,10
2020-09-01,Tehama,103,63373,449,422,2,424,1
2020-09-01,Trinity,105,12862,47,13,6,19,0
2020-09-01,Tulare,107,460477,14967,14156,63,14219,241
2020-09-01,Tuolumne,109,53932,210,183,3,186,1
2020-09-01,Ventura,111,848112,11680,10899,106,11005,108
2020-09-01,Yolo,113,214977,2577,2440,5,2445,51
2020-09-01,Yuba,115,75493,932,841,3,844,1
2020-08-31,Alameda,001,1643700,19288,18148,131,18279,248
2020-08-31,Alpine,003,1148,2,2,0,2,0
2020-08-31,Amador,005,37829,274,243,0,243,13
2020-08-31,Butte,007,227075,2430,2069,20,2089,26
2020-08-31,Calaveras,009,45235,268,212,0,212,1
2020-08-31,Colusa,011,21464,475,443,0,443,6
2020-08-31,Contra Costa,013,1133247,14876,13902,52,13954,153
2020-08-31,Del Norte,015,27424,116,108,0,108,2
2020-08-31,El Dorado,017,186661,1032,965,0,965,2
2020-08-31,Fresno,019,978130,28160,25185,310,25495,290
2020-08-31,Glenn,021,27897,479,437,0,437,3
2020-08-31,Humboldt,023,135768,424,374,1,375,4
2020-08-31,Imperial,025,180216,11316,9759,10,9769,250
2020-08-31,Inyo,027,18085,181,160,4,164,3
2020-08-31,Kern,029,883053,30097,29067,229,29296,318
2020-08-31,Kings,031,150075,6482,6037,36,6073,62
2020-08-31,Lake,033,64148,366,341,0,341,2
2020-08-31,Lassen,035,31185,722,706,2,708,0
2020-08-31,Los Angeles,037,10098052,245531,241793,1341,243134,5787
2020-08-31,Madera,039,155013,3993,3662,26,3688,35
2020-08-31,Marin,041,260295,6277,6074,15,6089,67
2020-08-31,Mariposa,043,17540,73,69,0,69,2
2020-08-31,Mendocino,045,87422,664,618,0,618,15
2020-08-31,Merced,047,269075,8227,7991,11,8002,79
2020-08-31,Modoc,049,8938,18,10,0,10,0
2020-08-31,Mono,051,14174,163,145,2,147,1
2020-08-31,Monterey,053,433212,8396,7839,22,7861,56
2020-08-31,Napa,055,140530,1513,1434,6,1440,10
2020-08-31,Nevada,057,99092,464,447,13,460,6
2020-08-31,Orange,059,3164182,50704,47392,1211,48603,965
2020-08-31,Placer,061,380077,3175,2989,12,3001,33
2020-08-31,Plumas,063,18699,43,39,0,39,0
2020-08-31,Riverside,065,2383286,54148,52508,64,52572,1020
2020-08-31,Sacramento,067,1510023,18935,17999,16,18015,303
2020-08-31,San Benito,069,59416,1165,1080,0,1080,4
2020-08-31,San Bernardino,071,2135413,49753,47370,314,47684,755
2020-08-31,San Diego,073,3302833,40592,38606,498,39104,682
2020-08-31,San Francisco,075,870044,9879,9293,15,9308,83
2020-08-31,San Joaquin,077,732212,18808,17807,37,17844,338
2020-08-31,San Luis Obispo,079,281455,3175,2951,17,2968,21
2020-08-31,San Mateo,081,765935,8797,8065,8,8073,122
2020-08-31,Santa Barbara,083,443738,8775,8124,70,8194,94
2020-08-31,Santa Clara,085,1922200,18993,17211,37,17248,202
2020-08-31,Santa Cruz,087,273765,1938,1742,17,1759,7
2020-08-31,Shasta,089,179085,637,528,3,531,9
2020-08-31,Sierra,091,2930,6,6,0,6,0
2020-08-31,Siskiyou,093,43540,140,127,8,135,0
2020-08-31,Solano,095,438530,5626,5302,39,5341,34
2020-08-31,Sonoma,097,501317,6173,5650,19,5669,60
2020-08-31,Stanislaus,099,539301,15423,14685,367,15052,213
2020-08-31,Sutter,101,95872,1444,1365,1,1366,10
2020-08-31,Tehama,103,63373,446,421,2,423,1
2020-08-31,Trinity,105,12862,47,13,6,19,0
2020-08-31,Tulare,107,460477,14880,13985,61,14046,237
2020-08-31,Tuolumne,109,53932,210,178,3,181,1
2020-08-31,Ventura,111,848112,11592,10866,105,10971,108
2020-08-31,Yolo,113,214977,2559,2423,5,2428,51
2020-08-31,Yuba,115,75493,918,830,3,833,1
2020-08-30,Alameda,001,1643700,19164,18099,129,18228,248
2020-08-30,Alpine,003,1148,2,2,0,2,0
2020-08-30,Amador,005,37829,273,240,0,240,13
2020-08-30,Butte,007,227075,2349,1988,20,2008,26
2020-08-30,Calaveras,009,45235,259,211,0,211,1
2020-08-30,Colusa,011,21464,474,440,0,440,6
2020-08-30,Contra Costa,013,1133247,14738,13780,52,13832,150
2020-08-30,Del Norte,015,27424,115,108,0,108,2
2020-08-30,El Dorado,017,186661,1022,962,0,962,2
2020-08-30,Fresno,019,978130,28033,24963,309,25272,291
2020-08-30,Glenn,021,27897,472,437,0,437,3
2020-08-30,Humboldt,023,135768,413,362,1,363,4
2020-08-30,Imperial,025,180216,11297,9703,10,9713,250
2020-08-30,Inyo,027,18085,181,160,4,164,3
2020-08-30,Kern,029,883053,30004,28987,229,29216,317
2020-08-30,Kings,031,150075,6436,6000,36,6036,62
2020-08-30,Lake,033,64148,361,334,0,334,2
2020-08-30,Lassen,035,31185,720,706,2,708,0
2020-08-30,Los Angeles,037,10098052,244395,240775,1308,242083,5772
2020-08-30,Madera,039,155013,3964,3626,26,3652,33
2020-08-30,Marin,041,260295,6247,6060,15,6075,66
2020-08-30,Mariposa,043,17540,73,69,0,69,2
2020-08-30,Mendocino,045,87422,658,611,0,611,13
2020-08-30,Merced,047,269075,8152,7960,11,7971,79
2020-08-30,Modoc,049,8938,13,10,0,10,0
2020-08-30,Mono,051,14174,163,145,2,147,1
2020-08-30,Monterey,053,433212,8312,7816,22,7838,54
2020-08-30,Napa,055,140530,1501,1423,6,1429,10
2020-08-30,Nevada,057,99092,461,445,13,458,6
2020-08-30,Orange,059,3164182,50509,47283,1197,48480,965
2020-08-30,Placer,061,380077,3142,2961,12,2973,32
2020-08-30,Plumas,063,18699,42,39,0,39,0
2020-08-30,Riverside,065,2383286,53968,52227,63,52290,1017
2020-08-30,Sacramento,067,1510023,18757,17751,16,17767,300
2020-08-30,San Benito,069,59416,1155,1071,0,1071,4
2020-08-30,San Bernardino,071,2135413,49496,47201,314,47515,755
2020-08-30,San Diego,073,3302833,40194,38302,477,38779,682
2020-08-30,San Francisco,075,870044,9781,9294,12,9306,83
2020-08-30,San Joaquin,077,732212,18691,17637,36,17673,338
2020-08-30,San Luis Obispo,079,281455,3150,2934,17,2951,21
2020-08-30,San Mateo,081,765935,8720,8013,7,8020,122
2020-08-30,Santa Barbara,083,443738,8715,8088,70,8158,93
2020-08-30,Santa Clara,085,1922200,18817,17045,37,17082,202
2020-08-30,Santa Cruz,087,273765,1912,1743,17,1760,7
2020-08-30,Shasta,089,179085,634,525,3,528,9
2020-08-30,Sierra,091,2930,6,6,0,6,0
2020-08-30,Siskiyou,093,43540,138,125,8,133,0
2020-08-30,Solano,095,438530,5582,5303,39,5342,34
2020-08-30,Sonoma,097,501317,6115,5590,19,5609,60
2020-08-30,Stanislaus,099,539301,15352,14580,358,14938,209
2020-08-30,Sutter,101,95872,1422,1351,1,1352,10
2020-08-30,Tehama,103,63373,437,419,2,421,1
2020-08-30,Trinity,105,12862,47,13,6,19,0
2020-08-30,Tulare,107,460477,14785,13985,60,14045,236
2020-08-30,Tuolumne,109,53932,206,178,3,181,1
2020-08-30,Ventura,111,848112,11479,10775,100,10875,108
2020-08-30,Yolo,113,214977,2531,2391,4,2395,51
2020-08-30,Yuba,115,75493,904,832,3,835,1
2020-08-29,Alameda,001,1643700,19097,17888,129,18017,250
2020-08-29,Alpine,003,1148,2,2,0,2,0
2020-08-29,Amador,005,37829,273,239,0,239,13
2020-08-29,Butte,007,227075,2318,1948,20,1968,26
2020-08-29,Calaveras,009,45235,255,211,0,211,1
2020-08-29,Colusa,011,21464,471,440,0,440,6
2020-08-29,Contra Costa,013,1133247,14665,13663,51,13714,159
2020-08-29,Del Norte,015,27424,115,108,0,108,1
2020-08-29,El Dorado,017,186661,1019,958,0,958,2
2020-08-29,Fresno,019,978130,27978,24821,309,25130,291
2020-08-29,Glenn,021,27897,466,437,0,437,3
2020-08-29,Humboldt,023,135768,410,363,1,364,4
2020-08-29,Imperial,025,180216,11282,9698,10,9708,250
2020-08-29,Inyo,027,18085,181,160,4,164,3
2020-08-29,Kern,029,883053,29963,28947,228,29175,317
2020-08-29,Kings,031,150075,6421,5906,36,5942,62
2020-08-29,Lake,033,64148,360,329,0,329,2
2020-08-29,Lassen,035,31185,720,706,2,708,0
2020-08-29,Los Angeles,037,10098052,243765,239815,1295,241110,5762
2020-08-29,Madera,039,155013,3955,3605,25,3630,33
2020-08-29,Marin,041,260295,6235,6007,15,6022,64
2020-08-29,Mariposa,043,17540,73,69,0,69,2
2020-08-29,Mendocino,045,87422,653,596,0,596,13
2020-08-29,Merced,047,269075,8122,7867,11,7878,79
2020-08-29,Modoc,049,8938,13,9,0,9,0
2020-08-29,Mono,051,14174,163,145,2,147,1
2020-08-29,Monterey,053,433212,8267,7680,22,7702,53
2020-08-29,Napa,055,140530,1498,1413,6,1419,10
2020-08-29,Nevada,057,99092,461,442,13,455,5
2020-08-29,Orange,059,3164182,50399,47007,1187,48194,960
2020-08-29,Placer,061,380077,3125,2935,12,2947,32
2020-08-29,Plumas,063,18699,41,39,0,39,0
2020-08-29,Riverside,065,2383286,53857,51918,61,51979,1016
2020-08-29,Sacramento,067,1510023,18685,17588,16,17604,291
2020-08-29,San Benito,069,59416,1146,1045,0,1045,4
2020-08-29,San Bernardino,071,2135413,49381,46849,314,47163,755
2020-08-29,San Diego,073,3302833,39928,38049,459,38508,694
2020-08-29,San Francisco,075,870044,9753,9291,11,9302,83
2020-08-29,San Joaquin,077,732212,18647,17493,36,17529,335
2020-08-29,San Luis Obispo,079,281455,3126,2917,17,2934,21
2020-08-29,San Mateo,081,765935,8678,7928,7,7935,122
2020-08-29,Santa Barbara,083,443738,8689,8052,69,8121,93
2020-08-29,Santa Clara,085,1922200,18720,16898,36,16934,202
2020-08-29,Santa Cruz,087,273765,1900,1746,17,1763,7
2020-08-29,Shasta,089,179085,626,522,3,525,9
2020-08-29,Sierra,091,2930,6,6,0,6,0
2020-08-29,Siskiyou,093,43540,138,121,8,129,0
2020-08-29,Solano,095,438530,5561,5303,39,5342,34
2020-08-29,Sonoma,097,501317,6081,5537,19,5556,60
2020-08-29,Stanislaus,099,539301,15303,14479,348,14827,208
2020-08-29,Sutter,101,95872,1417,1333,1,1334,9
2020-08-29,Tehama,103,63373,436,417,2,419,1
2020-08-29,Trinity,105,12862,46,11,6,17,0
2020-08-29,Tulare,107,460477,14747,13890,59,13949,236
2020-08-29,Tuolumne,109,53932,206,178,3,181,1
2020-08-29,Ventura,111,848112,11437,10705,100,10805,108
2020-08-29,Yolo,113,214977,2513,2357,4,2361,51
2020-08-29,Yuba,115,75493,895,822,3,825,1
2020-08-28,Alameda,001,1643700,19014,17729,128,17857,237
2020-08-28,Alpine,003,1148,2,2,0,2,0
2020-08-28,Amador,005,37829,273,234,0,234,13
2020-08-28,Butte,007,227075,2288,1886,20,1906,25
2020-08-28,Calaveras,009,45235,253,207,0,207,1
2020-08-28,Colusa,011,21464,470,441,0,441,6
2020-08-28,Contra Costa,013,1133247,14594,13522,50,13572,158
2020-08-28,Del Norte,015,27424,115,107,0,107,1
2020-08-28,El Dorado,017,186661,1013,949,0,949,2
2020-08-28,Fresno,019,978130,27843,24612,309,24921,282
2020-08-28,Glenn,021,27897,459,429,0,429,3
2020-08-28,Humboldt,023,135768,406,362,1,363,4
2020-08-28,Imperial,025,180216,11268,9656,10,9666,241
2020-08-28,Inyo,027,18085,180,160,4,164,2
2020-08-28,Kern,029,883053,29915,28744,228,28972,306
2020-08-28,Kings,031,150075,6414,5829,35,5864,62
2020-08-28,Lake,033,64148,355,320,0,320,2
2020-08-28,Lassen,035,31185,720,704,2,706,0
2020-08-28,Los Angeles,037,10098052,242955,238544,1271,239815,5740
2020-08-28,Madera,039,155013,3936,3552,25,3577,33
2020-08-28,Marin,041,260295,6213,5991,15,6006,63
2020-08-28,Mariposa,043,17540,73,67,0,67,2
2020-08-28,Mendocino,045,87422,648,588,0,588,11
2020-08-28,Merced,047,269075,8092,7803,11,7814,77
2020-08-28,Modoc,049,8938,13,6,0,6,0
2020-08-28,Mono,051,14174,163,145,2,147,1
2020-08-28,Monterey,053,433212,8210,7591,22,7613,53
2020-08-28,Napa,055,140530,1490,1403,5,1408,10
2020-08-28,Nevada,057,99092,460,438,13,451,5
2020-08-28,Orange,059,3164182,50299,46696,1172,47868,942
2020-08-28,Placer,061,380077,3114,2891,12,2903,32
2020-08-28,Plumas,063,18699,41,39,0,39,0
2020-08-28,Riverside,065,2383286,53726,51510,58,51568,1008
2020-08-28,Sacramento,067,1510023,18588,17119,16,17135,283
2020-08-28,San Benito,069,59416,1130,1016,0,1016,3
2020-08-28,San Bernardino,071,2135413,49263,46553,310,46863,754
2020-08-28,San Diego,073,3302833,39698,37786,444,38230,676
2020-08-28,San Francisco,075,870044,9700,9135,11,9146,83
2020-08-28,San Joaquin,077,732212,18594,17114,35,17149,314
2020-08-28,San Luis Obispo,079,281455,3109,2849,17,2866,20
2020-08-28,San Mateo,081,765935,8631,7783,7,7790,121
2020-08-28,Santa Barbara,083,443738,8655,8001,69,8070,92
2020-08-28,Santa Clara,085,1922200,18589,16696,36,16732,201
2020-08-28,Santa Cruz,087,273765,1888,1747,17,1764,7
2020-08-28,Shasta,089,179085,622,516,3,519,9
2020-08-28,Sierra,091,2930,6,6,0,6,0
2020-08-28,Siskiyou,093,43540,136,119,8,127,0
2020-08-28,Solano,095,438530,5542,5219,39,5258,34
2020-08-28,Sonoma,097,501317,6046,5425,18,5443,58
2020-08-28,Stanislaus,099,539301,15261,14176,344,14520,190
2020-08-28,Sutter,101,95872,1407,1308,1,1309,9
2020-08-28,Tehama,103,63373,431,410,2,412,1
2020-08-28,Trinity,105,12862,46,11,6,17,0
2020-08-28,Tulare,107,460477,14701,13776,59,13835,236
2020-08-28,Tuolumne,109,53932,206,176,3,179,1
2020-08-28,Ventura,111,848112,11401,10606,98,10704,103
2020-08-28,Yolo,113,214977,2504,2323,4,2327,51
2020-08-28,Yuba,115,75493,886,810,3,813,1
2020-08-27,Alameda,001,1643700,18869,17584,125,17709,234
2020-08-27,Alpine,003,1148,2,2,0,2,0
2020-08-27,Amador,005,37829,272,233,0,233,13
2020-08-27,Butte,007,227075,2222,1803,19,1822,25
2020-08-27,Calaveras,009,45235,247,204,0,204,1
2020-08-27,Colusa,011,21464,468,438,0,438,6
2020-08-27,Contra Costa,013,1133247,14493,13379,49,13428,158
2020-08-27,Del Norte,015,27424,115,107,0,107,1
2020-08-27,El Dorado,017,186661,1009,942,0,942,2
2020-08-27,Fresno,019,978130,27660,24367,304,24671,272
2020-08-27,Glenn,021,27897,451,429,0,429,3
2020-08-27,Humboldt,023,135768,398,358,1,359,4
2020-08-27,Imperial,025,180216,11241,9608,10,9618,235
2020-08-27,Inyo,027,18085,180,157,3,160,2
2020-08-27,Kern,029,883053,29843,28635,219,28854,294
2020-08-27,Kings,031,150075,6392,5759,35,5794,62
2020-08-27,Lake,033,64148,353,314,0,314,2
2020-08-27,Lassen,035,31185,720,703,2,705,0
2020-08-27,Los Angeles,037,10098052,241953,237103,1255,238358,5704
2020-08-27,Madera,039,155013,3910,3465,25,3490,33
2020-08-27,Marin,041,260295,6189,5929,15,5944,62
2020-08-27,Mariposa,043,17540,73,67,0,67,2
2020-08-27,Mendocino,045,87422,639,581,0,581,10
2020-08-27,Merced,047,269075,8047,7765,11,7776,75
2020-08-27,Modoc,049,8938,11,5,0,5,0
2020-08-27,Mono,051,14174,163,145,2,147,1
2020-08-27,Monterey,053,433212,8116,7501,22,7523,52
2020-08-27,Napa,055,140530,1484,1397,5,1402,10
2020-08-27,Nevada,057,99092,457,435,13,448,5
2020-08-27,Orange,059,3164182,50142,46449,1161,47610,935
2020-08-27,Placer,061,380077,3083,2869,12,2881,32
2020-08-27,Plumas,063,18699,40,39,0,39,0
2020-08-27,Riverside,065,2383286,53518,51306,55,51361,999
2020-08-27,Sacramento,067,1510023,18390,16875,16,16891,281
2020-08-27,San Benito,069,59416,1114,987,0,987,3
2020-08-27,San Bernardino,071,2135413,49037,46345,303,46648,751
2020-08-27,San Diego,073,3302833,39427,37501,424,37925,673
2020-08-27,San Francisco,075,870044,9634,9014,11,9025,83
2020-08-27,San Joaquin,077,732212,18514,16989,35,17024,314
2020-08-27,San Luis Obispo,079,281455,3084,2808,17,2825,20
2020-08-27,San Mateo,081,765935,8522,7728,7,7735,121
2020-08-27,Santa Barbara,083,443738,8617,7934,69,8003,92
2020-08-27,Santa Clara,085,1922200,18406,16495,36,16531,199
2020-08-27,Santa Cruz,087,273765,1871,1734,17,1751,7
2020-08-27,Shasta,089,179085,616,512,3,515,9
2020-08-27,Sierra,091,2930,6,6,0,6,0
2020-08-27,Siskiyou,093,43540,136,118,8,126,0
2020-08-27,Solano,095,438530,5504,5167,39,5206,34
2020-08-27,Sonoma,097,501317,5934,5357,18,5375,58
2020-08-27,Stanislaus,099,539301,15180,14080,341,14421,186
2020-08-27,Sutter,101,95872,1387,1296,1,1297,9
2020-08-27,Tehama,103,63373,427,398,2,400,1
2020-08-27,Trinity,105,12862,46,11,6,17,0
2020-08-27,Tulare,107,460477,14609,13666,58,13724,231
2020-08-27,Tuolumne,109,53932,201,174,3,177,1
2020-08-27,Ventura,111,848112,11338,10483,94,10577,102
2020-08-27,Yolo,113,214977,2480,2293,4,2297,51
2020-08-27,Yuba,115,75493,875,807,3,810,1
2020-08-26,Alameda,001,1643700,18707,17373,125,17498,233
2020-08-26,Alpine,003,1148,2,2,0,2,0
2020-08-26,Amador,005,37829,272,229,0,229,13
2020-08-26,Butte,007,227075,2155,1765,17,1782,25
2020-08-26,Calaveras,009,45235,240,201,0,201,1
2020-08-26,Colusa,011,21464,462,433,0,433,5
2020-08-26,Contra Costa,013,1133247,14356,13248,49,13297,157
2020-08-26,Del Norte,015,27424,114,86,0,86,1
2020-08-26,El Dorado,017,186661,1007,938,0,938,2
2020-08-26,Fresno,019,978130,27512,24071,302,24373,255
2020-08-26,Glenn,021,27897,449,429,0,429,3
2020-08-26,Humboldt,023,135768,386,357,1,358,4
2020-08-26,Imperial,025,180216,11219,9453,10,9463,227
2020-08-26,Inyo,027,18085,177,157,3,160,2
2020-08-26,Kern,029,883053,29704,28507,216,28723,286
2020-08-26,Kings,031,150075,6371,5720,35,5755,62
2020-08-26,Lake,033,64148,348,308,0,308,2
2020-08-26,Lassen,035,31185,720,702,2,704,0
2020-08-26,Los Angeles,037,10098052,240943,235499,1223,236722,5665
2020-08-26,Madera,039,155013,3881,3458,25,3483,32
2020-08-26,Marin,041,260295,6172,5887,15,5902,56
2020-08-26,Mariposa,043,17540,73,68,0,68,2
2020-08-26,Mendocino,045,87422,628,581,0,581,10
2020-08-26,Merced,047,269075,8014,7720,11,7731,74
2020-08-26,Modoc,049,8938,8,5,0,5,0
2020-08-26,Mono,051,14174,163,141,2,143,1
2020-08-26,Monterey,053,433212,8023,7439,22,7461,51
2020-08-26,Napa,055,140530,1471,1382,5,1387,10
2020-08-26,Nevada,057,99092,454,432,13,445,2
2020-08-26,Orange,059,3164182,49958,46157,1146,47303,905
2020-08-26,Placer,061,380077,3061,2846,10,2856,32
2020-08-26,Plumas,063,18699,39,39,0,39,0
2020-08-26,Riverside,065,2383286,53276,51138,55,51193,987
2020-08-26,Sacramento,067,1510023,18227,16708,16,16724,271
2020-08-26,San Benito,069,59416,1099,978,0,978,3
2020-08-26,San Bernardino,071,2135413,48828,45840,299,46139,743
2020-08-26,San Diego,073,3302833,39089,37224,397,37621,668
2020-08-26,San Francisco,075,870044,9558,8938,11,8949,81
2020-08-26,San Joaquin,077,732212,18425,16845,34,16879,309
2020-08-26,San Luis Obispo,079,281455,3056,2761,17,2778,20
2020-08-26,San Mateo,081,765935,8455,7655,7,7662,121
2020-08-26,Santa Barbara,083,443738,8583,7904,69,7973,90
2020-08-26,Santa Clara,085,1922200,18229,16283,36,16319,198
2020-08-26,Santa Cruz,087,273765,1860,1726,17,1743,7
2020-08-26,Shasta,089,179085,611,511,3,514,9
2020-08-26,Sierra,091,2930,6,6,0,6,0
2020-08-26,Siskiyou,093,43540,133,109,8,117,0
2020-08-26,Solano,095,438530,5480,5131,38,5169,34
2020-08-26,Sonoma,097,501317,5860,5283,18,5301,58
2020-08-26,Stanislaus,099,539301,15103,13964,335,14299,186
2020-08-26,Sutter,101,95872,1369,1275,1,1276,9
2020-08-26,Tehama,103,63373,424,396,2,398,1
2020-08-26,Trinity,105,12862,45,10,6,16,0
2020-08-26,Tulare,107,460477,14542,13568,58,13626,232
2020-08-26,Tuolumne,109,53932,200,172,3,175,1
2020-08-26,Ventura,111,848112,11266,10412,87,10499,100
2020-08-26,Yolo,113,214977,2458,2279,4,2283,49
2020-08-26,Yuba,115,75493,860,779,3,782,1
2020-08-25,Alameda,001,1643700,18550,17278,125,17403,232
2020-08-25,Alpine,003,1148,2,2,0,2,0
2020-08-25,Amador,005,37829,272,227,0,227,13
2020-08-25,Butte,007,227075,2088,1718,17,1735,24
2020-08-25,Calaveras,009,45235,238,196,0,196,1
2020-08-25,Colusa,011,21464,455,430,0,430,5
2020-08-25,Contra Costa,013,1133247,14218,13181,48,13229,156
2020-08-25,Del Norte,015,27424,113,83,0,83,1
2020-08-25,El Dorado,017,186661,1004,928,0,928,2
2020-08-25,Fresno,019,978130,27323,23932,301,24233,250
2020-08-25,Glenn,021,27897,446,429,0,429,3
2020-08-25,Humboldt,023,135768,381,342,1,343,4
2020-08-25,Imperial,025,180216,11191,9381,10,9391,217
2020-08-25,Inyo,027,18085,175,144,3,147,1
2020-08-25,Kern,029,883053,29567,28416,216,28632,285
2020-08-25,Kings,031,150075,6214,5702,35,5737,59
2020-08-25,Lake,033,64148,343,304,0,304,2
2020-08-25,Lassen,035,31185,719,692,2,694,0
2020-08-25,Los Angeles,037,10098052,239649,233961,1173,235134,5612
2020-08-25,Madera,039,155013,3866,3446,24,3470,32
2020-08-25,Marin,041,260295,6134,5860,15,5875,56
2020-08-25,Mariposa,043,17540,73,67,0,67,2
2020-08-25,Mendocino,045,87422,620,571,0,571,10
2020-08-25,Merced,047,269075,7947,7693,10,7703,69
2020-08-25,Modoc,049,8938,8,5,0,5,0
2020-08-25,Mono,051,14174,163,129,2,131,1
2020-08-25,Monterey,053,433212,7943,7333,22,7355,51
2020-08-25,Napa,055,140530,1464,1374,5,1379,10
2020-08-25,Nevada,057,99092,451,430,13,443,2
2020-08-25,Orange,059,3164182,49765,45737,1130,46867,902
2020-08-25,Placer,061,380077,3042,2829,7,2836,31
2020-08-25,Plumas,063,18699,39,39,0,39,0
2020-08-25,Riverside,065,2383286,53045,50889,55,50944,981
2020-08-25,Sacramento,067,1510023,18074,16601,16,16617,265
2020-08-25,San Benito,069,59416,1083,973,0,973,3
2020-08-25,San Bernardino,071,2135413,48593,45544,296,45840,727
2020-08-25,San Diego,073,3302833,38810,36996,375,37371,665
2020-08-25,San Francisco,075,870044,9480,8848,11,8859,81
2020-08-25,San Joaquin,077,732212,18298,16795,34,16829,306
2020-08-25,San Luis Obispo,079,281455,2998,2731,16,2747,20
2020-08-25,San Mateo,081,765935,8395,7636,7,7643,120
2020-08-25,Santa Barbara,083,443738,8531,7854,69,7923,90
2020-08-25,Santa Clara,085,1922200,18056,16199,36,16235,194
2020-08-25,Santa Cruz,087,273765,1841,1708,17,1725,7
2020-08-25,Shasta,089,179085,607,511,3,514,9
2020-08-25,Sierra,091,2930,6,6,0,6,0
2020-08-25,Siskiyou,093,43540,132,109,8,117,0
2020-08-25,Solano,095,438530,5419,5114,38,5152,34
2020-08-25,Sonoma,097,501317,5775,5148,18,5166,56
2020-08-25,Stanislaus,099,539301,14995,13886,324,14210,182
2020-08-25,Sutter,101,95872,1352,1259,1,1260,9
2020-08-25,Tehama,103,63373,421,394,2,396,1
2020-08-25,Trinity,105,12862,44,10,6,16,0
2020-08-25,Tulare,107,460477,14439,13514,57,13571,224
2020-08-25,Tuolumne,109,53932,198,172,3,175,1
2020-08-25,Ventura,111,848112,11181,10313,82,10395,99
2020-08-25,Yolo,113,214977,2445,2254,4,2258,50
2020-08-25,Yuba,115,75493,850,775,3,778,1
2020-08-24,Alameda,001,1643700,18356,16913,124,17037,231
2020-08-24,Alpine,003,1148,2,2,0,2,0
2020-08-24,Amador,005,37829,270,227,0,227,13
2020-08-24,Butte,007,227075,2004,1649,17,1666,23
2020-08-24,Calaveras,009,45235,228,187,0,187,1
2020-08-24,Colusa,011,21464,451,425,0,425,5
2020-08-24,Contra Costa,013,1133247,14103,12906,46,12952,153
2020-08-24,Del Norte,015,27424,113,80,0,80,1
2020-08-24,El Dorado,017,186661,996,908,0,908,2
2020-08-24,Fresno,019,978130,27136,23618,294,23912,235
2020-08-24,Glenn,021,27897,444,421,0,421,2
2020-08-24,Humboldt,023,135768,377,340,1,341,4
2020-08-24,Imperial,025,180216,11157,9323,10,9333,210
2020-08-24,Inyo,027,18085,171,144,3,147,2
2020-08-24,Kern,029,883053,29470,28157,210,28367,277
2020-08-24,Kings,031,150075,6126,5652,35,5687,60
2020-08-24,Lake,033,64148,329,302,0,302,2
2020-08-24,Lassen,035,31185,719,693,2,695,0
2020-08-24,Los Angeles,037,10098052,238288,233036,1154,234190,5562
2020-08-24,Madera,039,155013,3839,3418,24,3442,32
2020-08-24,Marin,041,260295,6071,5834,15,5849,56
2020-08-24,Mariposa,043,17540,71,66,0,66,2
2020-08-24,Mendocino,045,87422,605,550,0,550,10
2020-08-24,Merced,047,269075,7869,7605,10,7615,69
2020-08-24,Modoc,049,8938,8,5,0,5,0
2020-08-24,Mono,051,14174,163,129,2,131,1
2020-08-24,Monterey,053,433212,7834,7212,21,7233,50
2020-08-24,Napa,055,140530,1451,1358,5,1363,10
2020-08-24,Nevada,057,99092,446,423,13,436,2
2020-08-24,Orange,059,3164182,49572,45536,1120,46656,887
2020-08-24,Placer,061,380077,2996,2793,7,2800,31
2020-08-24,Plumas,063,18699,39,37,0,37,0
2020-08-24,Riverside,065,2383286,52767,50496,55,50551,975
2020-08-24,Sacramento,067,1510023,17877,16318,16,16334,249
2020-08-24,San Benito,069,59416,1062,961,0,961,3
2020-08-24,San Bernardino,071,2135413,48330,45199,294,45493,720
2020-08-24,San Diego,073,3302833,38522,36729,347,37076,660
2020-08-24,San Francisco,075,870044,9397,8621,10,8631,81
2020-08-24,San Joaquin,077,732212,18157,16565,33,16598,305
2020-08-24,San Luis Obispo,079,281455,2970,2705,16,2721,20
2020-08-24,San Mateo,081,765935,8328,7502,7,7509,120
2020-08-24,Santa Barbara,083,443738,8489,7784,69,7853,90
2020-08-24,Santa Clara,085,1922200,17852,16049,36,16085,192
2020-08-24,Santa Cruz,087,273765,1821,1627,16,1643,6
2020-08-24,Shasta,089,179085,605,505,3,508,9
2020-08-24,Sierra,091,2930,6,6,0,6,0
2020-08-24,Siskiyou,093,43540,128,107,8,115,0
2020-08-24,Solano,095,438530,5370,4979,36,5015,32
2020-08-24,Sonoma,097,501317,5673,5071,18,5089,56
2020-08-24,Stanislaus,099,539301,14896,13521,310,13831,171
2020-08-24,Sutter,101,95872,1333,1219,1,1220,9
2020-08-24,Tehama,103,63373,416,388,2,390,1
2020-08-24,Trinity,105,12862,44,10,6,16,0
2020-08-24,Tulare,107,460477,14332,13360,56,13416,223
2020-08-24,Tuolumne,109,53932,197,170,3,173,1
2020-08-24,Ventura,111,848112,11101,10261,78,10339,99
2020-08-24,Yolo,113,214977,2411,2239,4,2243,47
2020-08-24,Yuba,115,75493,833,750,3,753,1
2020-08-23,Alameda,001,1643700,18133,16786,123,16909,231
2020-08-23,Alpine,003,1148,2,2,0,2,0
2020-08-23,Amador,005,37829,267,227,0,227,13
2020-08-23,Butte,007,227075,1890,1637,17,1654,23
2020-08-23,Calaveras,009,45235,218,187,0,187,1
2020-08-23,Colusa,011,21464,444,424,0,424,5
2020-08-23,Contra Costa,013,1133247,13943,12642,46,12688,153
2020-08-23,Del Norte,015,27424,113,80,0,80,1
2020-08-23,El Dorado,017,186661,983,901,0,901,2
2020-08-23,Fresno,019,978130,26932,23414,290,23704,235
2020-08-23,Glenn,021,27897,437,421,0,421,2
2020-08-23,Humboldt,023,135768,375,341,1,342,4
2020-08-23,Imperial,025,180216,11129,9243,10,9253,210
2020-08-23,Inyo,027,18085,168,144,3,147,2
2020-08-23,Kern,029,883053,29321,28028,205,28233,277
2020-08-23,Kings,031,150075,6083,5628,35,5663,60
2020-08-23,Lake,033,64148,325,299,0,299,2
2020-08-23,Lassen,035,31185,718,693,2,695,0
2020-08-23,Los Angeles,037,10098052,236695,231833,1084,232917,5549
2020-08-23,Madera,039,155013,3807,3401,23,3424,32
2020-08-23,Marin,041,260295,6032,5807,14,5821,50
2020-08-23,Mariposa,043,17540,71,66,0,66,2
2020-08-23,Mendocino,045,87422,601,550,0,550,10
2020-08-23,Merced,047,269075,7800,7574,9,7583,69
2020-08-23,Modoc,049,8938,7,5,0,5,0
2020-08-23,Mono,051,14174,163,129,2,131,1
2020-08-23,Monterey,053,433212,7744,7173,21,7194,50
2020-08-23,Napa,055,140530,1439,1348,5,1353,10
2020-08-23,Nevada,057,99092,441,421,13,434,2
2020-08-23,Orange,059,3164182,49335,45267,1109,46376,887
2020-08-23,Placer,061,380077,2957,2772,7,2779,31
2020-08-23,Plumas,063,18699,39,37,0,37,0
2020-08-23,Riverside,065,2383286,52497,50293,53,50346,955
2020-08-23,Sacramento,067,1510023,17653,16084,15,16099,243
2020-08-23,San Benito,069,59416,1049,938,0,938,3
2020-08-23,San Bernardino,071,2135413,48061,45010,284,45294,719
2020-08-23,San Diego,073,3302833,38201,36542,320,36862,660
2020-08-23,San Francisco,075,870044,9302,8564,9,8573,80
2020-08-23,San Joaquin,077,732212,18024,16069,32,16101,305
2020-08-23,San Luis Obispo,079,281455,2928,2679,16,2695,20
2020-08-23,San Mateo,081,765935,8233,7450,7,7457,120
2020-08-23,Santa Barbara,083,443738,8421,7725,69,7794,90
2020-08-23,Santa Clara,085,1922200,17657,15912,34,15946,191
2020-08-23,Santa Cruz,087,273765,1795,1627,16,1643,6
2020-08-23,Shasta,089,179085,600,501,3,504,9
2020-08-23,Sierra,091,2930,6,6,0,6,0
2020-08-23,Siskiyou,093,43540,123,107,8,115,0
2020-08-23,Solano,095,438530,5312,4977,34,5011,32
2020-08-23,Sonoma,097,501317,5585,5018,18,5036,56
2020-08-23,Stanislaus,099,539301,14761,13483,287,13770,171
2020-08-23,Sutter,101,95872,1311,1203,1,1204,9
2020-08-23,Tehama,103,63373,406,381,2,383,1
2020-08-23,Trinity,105,12862,44,10,6,16,0
2020-08-23,Tulare,107,460477,14200,13303,53,13356,223
2020-08-23,Tuolumne,109,53932,194,164,3,167,1
2020-08-23,Ventura,111,848112,11000,10126,74,10200,99
2020-08-23,Yolo,113,214977,2383,2210,4,2214,47
2020-08-23,Yuba,115,75493,812,750,3,753,1
2020-08-22,Alameda,001,1643700,18039,16648,122,16770,231
2020-08-22,Alpine,003,1148,2,2,0,2,0
2020-08-22,Amador,005,37829,266,224,0,224,13
2020-08-22,Butte,007,227075,1839,1618,17,1635,22
2020-08-22,Calaveras,009,45235,215,187,0,187,1
2020-08-22,Colusa,011,21464,440,419,0,419,5
2020-08-22,Contra Costa,013,1133247,13856,12522,46,12568,153
2020-08-22,Del Norte,015,27424,112,80,0,80,1
2020-08-22,El Dorado,017,186661,981,900,0,900,2
2020-08-22,Fresno,019,978130,26835,23197,289,23486,235
2020-08-22,Glenn,021,27897,436,421,0,421,2
2020-08-22,Humboldt,023,135768,365,334,1,335,4
2020-08-22,Imperial,025,180216,11121,9244,10,9254,210
2020-08-22,Inyo,027,18085,168,144,3,147,1
2020-08-22,Kern,029,883053,29267,27807,205,28012,277
2020-08-22,Kings,031,150075,6074,5447,35,5482,60
2020-08-22,Lake,033,64148,323,291,0,291,2
2020-08-22,Lassen,035,31185,718,693,2,695,0
2020-08-22,Los Angeles,037,10098052,236038,230858,1066,231924,5540
2020-08-22,Madera,039,155013,3788,3330,23,3353,32
2020-08-22,Marin,041,260295,6020,5789,14,5803,49
2020-08-22,Mariposa,043,17540,71,66,0,66,2
2020-08-22,Mendocino,045,87422,598,529,0,529,10
2020-08-22,Merced,047,269075,7772,7493,9,7502,69
2020-08-22,Modoc,049,8938,7,5,0,5,0
2020-08-22,Mono,051,14174,163,129,2,131,1
2020-08-22,Monterey,053,433212,7696,7081,21,7102,50
2020-08-22,Napa,055,140530,1434,1328,5,1333,11
2020-08-22,Nevada,057,99092,441,411,13,424,2
2020-08-22,Orange,059,3164182,49193,45131,1103,46234,885
2020-08-22,Placer,061,380077,2943,2734,7,2741,30
2020-08-22,Plumas,063,18699,39,37,0,37,0
2020-08-22,Riverside,065,2383286,52348,49944,52,49996,953
2020-08-22,Sacramento,067,1510023,17541,15516,15,15531,239
2020-08-22,San Benito,069,59416,1033,912,0,912,3
2020-08-22,San Bernardino,071,2135413,47932,44803,280,45083,719
2020-08-22,San Diego,073,3302833,38019,36205,309,36514,673
2020-08-22,San Francisco,075,870044,9242,8568,9,8577,80
2020-08-22,San Joaquin,077,732212,17968,16068,32,16100,305
2020-08-22,San Luis Obispo,079,281455,2903,2660,16,2676,20
2020-08-22,San Mateo,081,765935,8186,7361,7,7368,120
2020-08-22,Santa Barbara,083,443738,8395,7685,69,7754,90
2020-08-22,Santa Clara,085,1922200,17549,15590,34,15624,190
2020-08-22,Santa Cruz,087,273765,1779,1628,15,1643,6
2020-08-22,Shasta,089,179085,598,493,3,496,9
2020-08-22,Sierra,091,2930,6,6,0,6,0
2020-08-22,Siskiyou,093,43540,123,106,8,114,0
2020-08-22,Solano,095,438530,5282,4944,33,4977,32
2020-08-22,Sonoma,097,501317,5539,4891,18,4909,57
2020-08-22,Stanislaus,099,539301,14711,13380,270,13650,170
2020-08-22,Sutter,101,95872,1304,1189,1,1190,8
2020-08-22,Tehama,103,63373,405,368,2,370,1
2020-08-22,Trinity,105,12862,44,8,6,14,0
2020-08-22,Tulare,107,460477,14133,13196,53,13249,222
2020-08-22,Tuolumne,109,53932,192,162,3,165,1
2020-08-22,Ventura,111,848112,10945,9959,72,10031,99
2020-08-22,Yolo,113,214977,2367,2188,4,2192,47
2020-08-22,Yuba,115,75493,800,738,3,741,1
2020-08-21,Alameda,001,1643700,17947,16413,122,16535,232
2020-08-21,Alpine,003,1148,2,2,0,2,0
2020-08-21,Amador,005,37829,265,223,0,223,11
2020-08-21,Butte,007,227075,1800,1582,17,1599,19
2020-08-21,Calaveras,009,45235,215,182,0,182,1
2020-08-21,Colusa,011,21464,438,418,0,418,5
2020-08-21,Contra Costa,013,1133247,13766,12333,45,12378,149
2020-08-21,Del Norte,015,27424,112,78,0,78,1
2020-08-21,El Dorado,017,186661,977,885,0,885,2
2020-08-21,Fresno,019,978130,26665,22840,288,23128,232
2020-08-21,Glenn,021,27897,432,418,0,418,2
2020-08-21,Humboldt,023,135768,362,331,1,332,4
2020-08-21,Imperial,025,180216,11105,9166,10,9176,204
2020-08-21,Inyo,027,18085,168,144,3,147,1
2020-08-21,Kern,029,883053,29208,27567,203,27770,269
2020-08-21,Kings,031,150075,6052,5391,35,5426,60
2020-08-21,Lake,033,64148,321,281,0,281,2
2020-08-21,Lassen,035,31185,718,693,2,695,0
2020-08-21,Los Angeles,037,10098052,235165,229235,1046,230281,5494
2020-08-21,Madera,039,155013,3758,3271,23,3294,31
2020-08-21,Marin,041,260295,6000,5762,14,5776,49
2020-08-21,Mariposa,043,17540,71,66,0,66,2
2020-08-21,Mendocino,045,87422,588,505,0,505,10
2020-08-21,Merced,047,269075,7743,7357,9,7366,69
2020-08-21,Modoc,049,8938,7,5,0,5,0
2020-08-21,Mono,051,14174,163,128,2,130,1
2020-08-21,Monterey,053,433212,7624,6974,21,6995,49
2020-08-21,Napa,055,140530,1425,1317,5,1322,10
2020-08-21,Nevada,057,99092,440,406,13,419,2
2020-08-21,Orange,059,3164182,49052,44625,1094,45719,875
2020-08-21,Placer,061,380077,2927,2698,6,2704,30
2020-08-21,Plumas,063,18699,39,36,0,36,0
2020-08-21,Riverside,065,2383286,52154,49409,52,49461,932
2020-08-21,Sacramento,067,1510023,17418,15247,15,15262,237
2020-08-21,San Benito,069,59416,1023,891,0,891,3
2020-08-21,San Bernardino,071,2135413,47812,44249,276,44525,668
2020-08-21,San Diego,073,3302833,37815,35914,292,36206,652
2020-08-21,San Francisco,075,870044,9192,8375,9,8384,80
2020-08-21,San Joaquin,077,732212,17885,15888,30,15918,301
2020-08-21,San Luis Obispo,079,281455,2880,2640,16,2656,19
2020-08-21,San Mateo,081,765935,8128,7253,7,7260,120
2020-08-21,Santa Barbara,083,443738,8354,7645,69,7714,86
2020-08-21,Santa Clara,085,1922200,17397,15399,34,15433,190
2020-08-21,Santa Cruz,087,273765,1767,1617,15,1632,6
2020-08-21,Shasta,089,179085,598,486,3,489,9
2020-08-21,Sierra,091,2930,6,6,0,6,0
2020-08-21,Siskiyou,093,43540,123,103,6,109,0
2020-08-21,Solano,095,438530,5259,4891,32,4923,32
2020-08-21,Sonoma,097,501317,5469,4816,18,4834,57
2020-08-21,Stanislaus,099,539301,14642,13282,255,13537,161
2020-08-21,Sutter,101,95872,1291,1173,1,1174,8
2020-08-21,Tehama,103,63373,403,357,2,359,1
2020-08-21,Trinity,105,12862,44,8,6,14,0
2020-08-21,Tulare,107,460477,14061,13002,52,13054,217
2020-08-21,Tuolumne,109,53932,184,161,3,164,1
2020-08-21,Ventura,111,848112,10880,9865,70,9935,98
2020-08-21,Yolo,113,214977,2352,2164,4,2168,46
2020-08-21,Yuba,115,75493,796,717,3,720,1
2020-08-20,Alameda,001,1643700,17788,16174,122,16296,229
2020-08-20,Alpine,003,1148,2,2,0,2,0
2020-08-20,Amador,005,37829,263,222,0,222,11
2020-08-20,Butte,007,227075,1749,1549,17,1566,18
2020-08-20,Calaveras,009,45235,212,179,0,179,1
2020-08-20,Colusa,011,21464,436,415,0,415,5
2020-08-20,Contra Costa,013,1133247,13638,12108,44,12152,144
2020-08-20,Del Norte,015,27424,112,78,0,78,1
2020-08-20,El Dorado,017,186661,973,881,0,881,2
2020-08-20,Fresno,019,978130,26483,22535,283,22818,228
2020-08-20,Glenn,021,27897,427,414,0,414,2
2020-08-20,Humboldt,023,135768,357,318,1,319,4
2020-08-20,Imperial,025,180216,11086,9086,10,9096,196
2020-08-20,Inyo,027,18085,167,144,3,147,1
2020-08-20,Kern,029,883053,29040,27337,192,27529,267
2020-08-20,Kings,031,150075,6012,5347,34,5381,59
2020-08-20,Lake,033,64148,316,280,0,280,2
2020-08-20,Lassen,035,31185,717,693,2,695,0
2020-08-20,Los Angeles,037,10098052,233942,227492,1027,228519,5445
2020-08-20,Madera,039,155013,3732,3197,23,3220,31
2020-08-20,Marin,041,260295,5982,5745,14,5759,47
2020-08-20,Mariposa,043,17540,71,67,0,67,2
2020-08-20,Mendocino,045,87422,577,497,0,497,10
2020-08-20,Merced,047,269075,7668,7173,9,7182,68
2020-08-20,Modoc,049,8938,7,5,0,5,0
2020-08-20,Mono,051,14174,163,128,2,130,1
2020-08-20,Monterey,053,433212,7553,6892,21,6913,47
2020-08-20,Napa,055,140530,1417,1306,5,1311,10
2020-08-20,Nevada,057,99092,439,401,13,414,2
2020-08-20,Orange,059,3164182,48825,44299,1083,45382,849
2020-08-20,Placer,061,380077,2911,2681,6,2687,30
2020-08-20,Plumas,063,18699,39,36,0,36,0
2020-08-20,Riverside,065,2383286,51934,48953,51,49004,927
2020-08-20,Sacramento,067,1510023,17176,14992,15,15007,231
2020-08-20,San Benito,069,59416,1010,866,0,866,3
2020-08-20,San Bernardino,071,2135413,47556,43627,272,43899,665
2020-08-20,San Diego,073,3302833,37595,35610,274,35884,644
2020-08-20,San Francisco,075,870044,9106,8262,9,8271,72
2020-08-20,San Joaquin,077,732212,17792,15778,30,15808,297
2020-08-20,San Luis Obispo,079,281455,2860,2590,16,2606,19
2020-08-20,San Mateo,081,765935,8062,7188,7,7195,120
2020-08-20,Santa Barbara,083,443738,8316,7571,69,7640,81
2020-08-20,Santa Clara,085,1922200,17225,15162,34,15196,190
2020-08-20,Santa Cruz,087,273765,1754,1581,15,1596,6
2020-08-20,Shasta,089,179085,597,478,3,481,9
2020-08-20,Sierra,091,2930,6,6,0,6,0
2020-08-20,Siskiyou,093,43540,122,102,1,103,0
2020-08-20,Solano,095,438530,5215,4843,32,4875,31
2020-08-20,Sonoma,097,501317,5397,4737,18,4755,54
2020-08-20,Stanislaus,099,539301,14546,13120,246,13366,161
2020-08-20,Sutter,101,95872,1267,1158,1,1159,8
2020-08-20,Tehama,103,63373,397,350,2,352,1
2020-08-20,Trinity,105,12862,44,8,6,14,0
2020-08-20,Tulare,107,460477,13953,12907,51,12958,217
2020-08-20,Tuolumne,109,53932,180,159,3,162,1
2020-08-20,Ventura,111,848112,10767,9744,69,9813,93
2020-08-20,Yolo,113,214977,2330,2150,4,2154,47
2020-08-20,Yuba,115,75493,779,709,3,712,1
2020-08-19,Alameda,001,1643700,17629,15874,121,15995,226
2020-08-19,Alpine,003,1148,2,2,0,2,0
2020-08-19,Amador,005,37829,262,219,0,219,9
2020-08-19,Butte,007,227075,1706,1517,17,1534,16
2020-08-19,Calaveras,009,45235,209,177,0,177,1
2020-08-19,Colusa,011,21464,435,415,0,415,5
2020-08-19,Contra Costa,013,1133247,13526,11895,42,11937,142
2020-08-19,Del Norte,015,27424,112,78,0,78,1
2020-08-19,El Dorado,017,186661,967,870,0,870,2
2020-08-19,Fresno,019,978130,26294,22167,274,22441,221
2020-08-19,Glenn,021,27897,425,414,0,414,2
2020-08-19,Humboldt,023,135768,354,316,1,317,4
2020-08-19,Imperial,025,180216,11058,9041,10,9051,192
2020-08-19,Inyo,027,18085,165,140,3,143,1
2020-08-19,Kern,029,883053,28923,27142,188,27330,263
2020-08-19,Kings,031,150075,5839,5301,32,5333,59
2020-08-19,Lake,033,64148,313,277,0,277,2
2020-08-19,Lassen,035,31185,709,693,2,695,0
2020-08-19,Los Angeles,037,10098052,232670,226006,987,226993,5399
2020-08-19,Madera,039,155013,3698,3158,21,3179,30
2020-08-19,Marin,041,260295,5958,5723,13,5736,46
2020-08-19,Mariposa,043,17540,71,64,0,64,2
2020-08-19,Mendocino,045,87422,561,495,0,495,8
2020-08-19,Merced,047,269075,7541,7082,6,7088,66
2020-08-19,Modoc,049,8938,7,5,0,5,0
2020-08-19,Mono,051,14174,163,128,2,130,1
2020-08-19,Monterey,053,433212,7451,6693,21,6714,45
2020-08-19,Napa,055,140530,1412,1293,5,1298,10
2020-08-19,Nevada,057,99092,432,398,13,411,2
2020-08-19,Orange,059,3164182,48620,43938,1080,45018,829
2020-08-19,Placer,061,380077,2889,2659,6,2665,28
2020-08-19,Plumas,063,18699,39,36,0,36,0
2020-08-19,Riverside,065,2383286,51685,48741,51,48792,922
2020-08-19,Sacramento,067,1510023,16995,14764,15,14779,229
2020-08-19,San Benito,069,59416,993,853,0,853,3
2020-08-19,San Bernardino,071,2135413,47257,43224,266,43490,661
2020-08-19,San Diego,073,3302833,37346,35378,259,35637,638
2020-08-19,San Francisco,075,870044,9041,8236,9,8245,72
2020-08-19,San Joaquin,077,732212,17666,15677,29,15706,296
2020-08-19,San Luis Obispo,079,281455,2821,2553,16,2569,19
2020-08-19,San Mateo,081,765935,7994,7146,7,7153,119
2020-08-19,Santa Barbara,083,443738,8267,7499,69,7568,80
2020-08-19,Santa Clara,085,1922200,17079,14994,34,15028,189
2020-08-19,Santa Cruz,087,273765,1728,1554,15,1569,6
2020-08-19,Shasta,089,179085,593,475,3,478,9
2020-08-19,Sierra,091,2930,6,6,0,6,0
2020-08-19,Siskiyou,093,43540,121,103,1,104,0
2020-08-19,Solano,095,438530,5174,4807,32,4839,31
2020-08-19,Sonoma,097,501317,5318,4614,18,4632,54
2020-08-19,Stanislaus,099,539301,14443,13084,224,13308,160
2020-08-19,Sutter,101,95872,1233,1146,1,1147,8
2020-08-19,Tehama,103,63373,391,342,2,344,1
2020-08-19,Trinity,105,12862,43,8,6,14,0
2020-08-19,Tulare,107,460477,13855,12756,51,12807,217
2020-08-19,Tuolumne,109,53932,177,159,3,162,1
2020-08-19,Ventura,111,848112,10675,9587,67,9654,91
2020-08-19,Yolo,113,214977,2307,2126,4,2130,47
2020-08-19,Yuba,115,75493,767,701,3,704,1
2020-08-18,Alameda,001,1643700,17452,15627,119,15746,223
2020-08-18,Alpine,003,1148,2,2,0,2,0
2020-08-18,Amador,005,37829,261,215,0,215,9
2020-08-18,Butte,007,227075,1673,1491,17,1508,16
2020-08-18,Calaveras,009,45235,205,174,0,174,1
2020-08-18,Colusa,011,21464,434,415,0,415,5
2020-08-18,Contra Costa,013,1133247,13406,11689,40,11729,141
2020-08-18,Del Norte,015,27424,111,78,0,78,0
2020-08-18,El Dorado,017,186661,962,866,0,866,2
2020-08-18,Fresno,019,978130,26073,21798,268,22066,212
2020-08-18,Glenn,021,27897,425,407,0,407,2
2020-08-18,Humboldt,023,135768,352,315,1,316,4
2020-08-18,Imperial,025,180216,11024,8968,10,8978,189
2020-08-18,Inyo,027,18085,164,140,3,143,1
2020-08-18,Kern,029,883053,28770,26978,184,27162,263
2020-08-18,Kings,031,150075,5804,5269,31,5300,58
2020-08-18,Lake,033,64148,310,274,0,274,2
2020-08-18,Lassen,035,31185,709,693,2,695,0
2020-08-18,Los Angeles,037,10098052,231410,224218,950,225168,5339
2020-08-18,Madera,039,155013,3670,3125,21,3146,28
2020-08-18,Marin,041,260295,5928,5708,13,5721,47
2020-08-18,Mariposa,043,17540,71,61,0,61,2
2020-08-18,Mendocino,045,87422,552,468,0,468,8
2020-08-18,Merced,047,269075,7493,6940,6,6946,66
2020-08-18,Modoc,049,8938,7,5,0,5,0
2020-08-18,Mono,051,14174,162,129,2,131,1
2020-08-18,Monterey,053,433212,7359,6691,20,6711,44
2020-08-18,Napa,055,140530,1409,1274,5,1279,10
2020-08-18,Nevada,057,99092,425,389,13,402,2
2020-08-18,Orange,059,3164182,48394,43659,1065,44724,809
2020-08-18,Placer,061,380077,2863,2644,5,2649,28
2020-08-18,Plumas,063,18699,39,34,0,34,0
2020-08-18,Riverside,065,2383286,51355,48447,51,48498,917
2020-08-18,Sacramento,067,1510023,16766,14610,14,14624,222
2020-08-18,San Benito,069,59416,973,836,0,836,3
2020-08-18,San Bernardino,071,2135413,46975,42827,260,43087,648
2020-08-18,San Diego,073,3302833,37053,35164,227,35391,633
2020-08-18,San Francisco,075,870044,8955,8016,9,8025,72
2020-08-18,San Joaquin,077,732212,17550,15509,28,15537,290
2020-08-18,San Luis Obispo,079,281455,2797,2535,15,2550,18
2020-08-18,San Mateo,081,765935,7932,7074,7,7081,119
2020-08-18,Santa Barbara,083,443738,8225,7472,69,7541,81
2020-08-18,Santa Clara,085,1922200,16906,14786,33,14819,184
2020-08-18,Santa Cruz,087,273765,1715,1509,15,1524,6
2020-08-18,Shasta,089,179085,589,468,3,471,9
2020-08-18,Sierra,091,2930,6,6,0,6,0
2020-08-18,Siskiyou,093,43540,120,103,1,104,0
2020-08-18,Solano,095,438530,5147,4700,32,4732,31
2020-08-18,Sonoma,097,501317,5249,4506,18,4524,48
2020-08-18,Stanislaus,099,539301,14345,12935,208,13143,149
2020-08-18,Sutter,101,95872,1214,1126,1,1127,8
2020-08-18,Tehama,103,63373,381,333,2,335,1
2020-08-18,Trinity,105,12862,41,8,6,14,0
2020-08-18,Tulare,107,460477,13724,12637,48,12685,212
2020-08-18,Tuolumne,109,53932,174,159,3,162,1
2020-08-18,Ventura,111,848112,10585,9536,62,9598,89
2020-08-18,Yolo,113,214977,2284,2102,4,2106,47
2020-08-18,Yuba,115,75493,759,679,3,682,1
2020-08-17,Alameda,001,1643700,17258,15454,118,15572,221
2020-08-17,Alpine,003,1148,2,2,0,2,0
2020-08-17,Amador,005,37829,261,215,0,215,9
2020-08-17,Butte,007,227075,1628,1463,17,1480,15
2020-08-17,Calaveras,009,45235,201,167,0,167,1
2020-08-17,Colusa,011,21464,431,408,0,408,5
2020-08-17,Contra Costa,013,1133247,13269,11442,40,11482,141
2020-08-17,Del Norte,015,27424,107,77,0,77,0
2020-08-17,El Dorado,017,186661,959,846,0,846,2
2020-08-17,Fresno,019,978130,25864,21316,261,21577,211
2020-08-17,Glenn,021,27897,424,402,0,402,2
2020-08-17,Humboldt,023,135768,348,302,1,303,4
2020-08-17,Imperial,025,180216,10983,8897,10,8907,188
2020-08-17,Inyo,027,18085,156,124,3,127,1
2020-08-17,Kern,029,883053,28622,26773,173,26946,249
2020-08-17,Kings,031,150075,5766,5249,31,5280,58
2020-08-17,Lake,033,64148,305,270,0,270,2
2020-08-17,Lassen,035,31185,709,666,2,668,0
2020-08-17,Los Angeles,037,10098052,229899,223418,902,224320,5282
2020-08-17,Madera,039,155013,3627,3050,20,3070,26
2020-08-17,Marin,041,260295,5905,5683,12,5695,46
2020-08-17,Mariposa,043,17540,71,61,0,61,2
2020-08-17,Mendocino,045,87422,534,454,0,454,8
2020-08-17,Merced,047,269075,7398,6814,6,6820,66
2020-08-17,Modoc,049,8938,7,5,0,5,0
2020-08-17,Mono,051,14174,162,126,2,128,1
2020-08-17,Monterey,053,433212,7259,6553,20,6573,44
2020-08-17,Napa,055,140530,1388,1255,5,1260,10
2020-08-17,Nevada,057,99092,420,383,13,396,2
2020-08-17,Orange,059,3164182,48184,43621,1052,44673,804
2020-08-17,Placer,061,380077,2838,2609,5,2614,28
2020-08-17,Plumas,063,18699,39,33,0,33,0
2020-08-17,Riverside,065,2383286,51023,48062,49,48111,916
2020-08-17,Sacramento,067,1510023,16546,14333,14,14347,219
2020-08-17,San Benito,069,59416,958,822,0,822,2
2020-08-17,San Bernardino,071,2135413,46630,42005,252,42257,604
2020-08-17,San Diego,073,3302833,36787,34962,213,35175,626
2020-08-17,San Francisco,075,870044,8884,7600,9,7609,72
2020-08-17,San Joaquin,077,732212,17387,15323,27,15350,280
2020-08-17,San Luis Obispo,079,281455,2764,2527,15,2542,18
2020-08-17,San Mateo,081,765935,7875,6987,6,6993,118
2020-08-17,Santa Barbara,083,443738,8183,7438,69,7507,80
2020-08-17,Santa Clara,085,1922200,16685,14546,33,14579,183
2020-08-17,Santa Cruz,087,273765,1699,1453,14,1467,6
2020-08-17,Shasta,089,179085,583,467,3,470,9
2020-08-17,Sierra,091,2930,6,6,0,6,0
2020-08-17,Siskiyou,093,43540,119,103,0,103,0
2020-08-17,Solano,095,438530,5090,4479,32,4511,31
2020-08-17,Sonoma,097,501317,5160,4402,16,4418,48
2020-08-17,Stanislaus,099,539301,14220,12745,201,12946,148
2020-08-17,Sutter,101,95872,1198,1071,1,1072,8
2020-08-17,Tehama,103,63373,372,324,2,326,1
2020-08-17,Trinity,105,12862,41,8,6,14,0
2020-08-17,Tulare,107,460477,13611,12487,47,12534,210
2020-08-17,Tuolumne,109,53932,171,157,3,160,1
2020-08-17,Ventura,111,848112,10462,9490,57,9547,89
2020-08-17,Yolo,113,214977,2257,2083,4,2087,47
2020-08-17,Yuba,115,75493,744,647,3,650,1
2020-08-16,Alameda,001,1643700,16967,15338,118,15456,221
2020-08-16,Alpine,003,1148,2,2,0,2,0
2020-08-16,Amador,005,37829,258,215,0,215,9
2020-08-16,Butte,007,227075,1590,1432,17,1449,15
2020-08-16,Calaveras,009,45235,194,167,0,167,1
2020-08-16,Colusa,011,21464,429,407,0,407,5
2020-08-16,Contra Costa,013,1133247,13083,11255,40,11295,140
2020-08-16,Del Norte,015,27424,103,77,0,77,0
2020-08-16,El Dorado,017,186661,947,843,0,843,2
2020-08-16,Fresno,019,978130,25643,21010,256,21266,211
2020-08-16,Glenn,021,27897,422,400,0,400,2
2020-08-16,Humboldt,023,135768,346,301,1,302,4
2020-08-16,Imperial,025,180216,10939,8883,10,8893,188
2020-08-16,Inyo,027,18085,149,125,2,127,1
2020-08-16,Kern,029,883053,28421,26520,165,26685,249
2020-08-16,Kings,031,150075,5735,5146,31,5177,58
2020-08-16,Lake,033,64148,301,269,0,269,2
2020-08-16,Lassen,035,31185,709,666,2,668,0
2020-08-16,Los Angeles,037,10098052,228335,222236,872,223108,5263
2020-08-16,Madera,039,155013,3582,3013,20,3033,26
2020-08-16,Marin,041,260295,5879,5664,12,5676,46
2020-08-16,Mariposa,043,17540,71,61,0,61,2
2020-08-16,Mendocino,045,87422,526,451,0,451,8
2020-08-16,Merced,047,269075,7316,6744,6,6750,66
2020-08-16,Modoc,049,8938,7,5,0,5,0
2020-08-16,Mono,051,14174,162,126,2,128,1
2020-08-16,Monterey,053,433212,7161,6516,19,6535,44
2020-08-16,Napa,055,140530,1370,1241,3,1244,10
2020-08-16,Nevada,057,99092,409,379,13,392,2
2020-08-16,Orange,059,3164182,47935,43303,1041,44344,803
2020-08-16,Placer,061,380077,2810,2583,4,2587,28
2020-08-16,Plumas,063,18699,39,33,0,33,0
2020-08-16,Riverside,065,2383286,50693,47669,48,47717,910
2020-08-16,Sacramento,067,1510023,16306,14210,14,14224,219
2020-08-16,San Benito,069,59416,929,815,0,815,2
2020-08-16,San Bernardino,071,2135413,46206,41724,244,41968,603
2020-08-16,San Diego,073,3302833,36523,34680,198,34878,626
2020-08-16,San Francisco,075,870044,8796,7602,9,7611,72
2020-08-16,San Joaquin,077,732212,17184,15288,27,15315,280
2020-08-16,San Luis Obispo,079,281455,2735,2494,15,2509,17
2020-08-16,San Mateo,081,765935,7800,6942,6,6948,118
2020-08-16,Santa Barbara,083,443738,8134,7368,69,7437,79
2020-08-16,Santa Clara,085,1922200,16487,14329,33,14362,183
2020-08-16,Santa Cruz,087,273765,1672,1449,13,1462,6
2020-08-16,Shasta,089,179085,576,465,3,468,9
2020-08-16,Sierra,091,2930,6,6,0,6,0
2020-08-16,Siskiyou,093,43540,118,102,0,102,0
2020-08-16,Solano,095,438530,5030,4479,32,4511,31
2020-08-16,Sonoma,097,501317,5056,4329,16,4345,46
2020-08-16,Stanislaus,099,539301,14062,12668,190,12858,148
2020-08-16,Sutter,101,95872,1180,1071,1,1072,8
2020-08-16,Tehama,103,63373,362,318,2,320,1
2020-08-16,Trinity,105,12862,38,8,6,14,0
2020-08-16,Tulare,107,460477,13479,12334,44,12378,211
2020-08-16,Tuolumne,109,53932,171,156,3,159,1
2020-08-16,Ventura,111,848112,10353,9408,52,9460,89
2020-08-16,Yolo,113,214977,2238,2057,4,2061,47
2020-08-16,Yuba,115,75493,735,647,2,649,1
2020-08-15,Alameda,001,1643700,16890,15165,118,15283,221
2020-08-15,Alpine,003,1148,2,2,0,2,0
2020-08-15,Amador,005,37829,258,210,0,210,9
2020-08-15,Butte,007,227075,1568,1409,17,1426,15
2020-08-15,Calaveras,009,45235,192,167,0,167,1
2020-08-15,Colusa,011,21464,428,401,0,401,5
2020-08-15,Contra Costa,013,1133247,12987,11106,40,11146,138
2020-08-15,Del Norte,015,27424,103,77,0,77,0
2020-08-15,El Dorado,017,186661,942,838,0,838,2
2020-08-15,Fresno,019,978130,25527,20603,254,20857,211
2020-08-15,Glenn,021,27897,422,398,0,398,2
2020-08-15,Humboldt,023,135768,345,301,1,302,4
2020-08-15,Imperial,025,180216,10919,8794,10,8804,188
2020-08-15,Inyo,027,18085,149,123,2,125,1
2020-08-15,Kern,029,883053,28333,26338,165,26503,249
2020-08-15,Kings,031,150075,5717,5039,31,5070,56
2020-08-15,Lake,033,64148,299,268,0,268,2
2020-08-15,Lassen,035,31185,709,666,2,668,0
2020-08-15,Los Angeles,037,10098052,227583,221043,863,221906,5252
2020-08-15,Madera,039,155013,3532,2950,20,2970,26
2020-08-15,Marin,041,260295,5872,5628,12,5640,46
2020-08-15,Mariposa,043,17540,71,61,0,61,2
2020-08-15,Mendocino,045,87422,522,444,0,444,8
2020-08-15,Merced,047,269075,7282,6656,6,6662,66
2020-08-15,Modoc,049,8938,7,5,0,5,0
2020-08-15,Mono,051,14174,162,126,2,128,1
2020-08-15,Monterey,053,433212,7116,6162,19,6181,44
2020-08-15,Napa,055,140530,1360,1232,3,1235,10
2020-08-15,Nevada,057,99092,409,376,13,389,2
2020-08-15,Orange,059,3164182,47822,42811,1030,43841,801
2020-08-15,Placer,061,380077,2789,2551,4,2555,27
2020-08-15,Plumas,063,18699,39,33,0,33,0
2020-08-15,Riverside,065,2383286,50542,46720,48,46768,910
2020-08-15,Sacramento,067,1510023,16196,14018,14,14032,219
2020-08-15,San Benito,069,59416,916,805,0,805,2
2020-08-15,San Bernardino,071,2135413,46054,41231,242,41473,602
2020-08-15,San Diego,073,3302833,36357,34346,184,34530,639
2020-08-15,San Francisco,075,870044,8732,7601,9,7610,69
2020-08-15,San Joaquin,077,732212,17111,15113,27,15140,280
2020-08-15,San Luis Obispo,079,281455,2718,2461,15,2476,17
2020-08-15,San Mateo,081,765935,7763,6860,6,6866,118
2020-08-15,Santa Barbara,083,443738,8106,7338,69,7407,79
2020-08-15,Santa Clara,085,1922200,16391,14105,33,14138,183
2020-08-15,Santa Cruz,087,273765,1651,1449,13,1462,6
2020-08-15,Shasta,089,179085,573,458,3,461,9
2020-08-15,Sierra,091,2930,6,6,0,6,0
2020-08-15,Siskiyou,093,43540,117,100,0,100,0
2020-08-15,Solano,095,438530,5008,4477,32,4509,31
2020-08-15,Sonoma,097,501317,5001,4134,16,4150,45
2020-08-15,Stanislaus,099,539301,13998,12541,189,12730,149
2020-08-15,Sutter,101,95872,1169,1046,1,1047,8
2020-08-15,Tehama,103,63373,361,312,2,314,1
2020-08-15,Trinity,105,12862,36,6,6,12,0
2020-08-15,Tulare,107,460477,13441,12262,44,12306,211
2020-08-15,Tuolumne,109,53932,171,155,3,158,1
2020-08-15,Ventura,111,848112,10294,9379,50,9429,89
2020-08-15,Yolo,113,214977,2226,2031,4,2035,46
2020-08-15,Yuba,115,75493,731,623,2,625,1
2020-08-14,Alameda,001,1643700,16751,14909,118,15027,221
2020-08-14,Alpine,003,1148,2,2,0,2,0
2020-08-14,Amador,005,37829,258,209,0,209,9
2020-08-14,Butte,007,227075,1559,1384,17,1401,15
2020-08-14,Calaveras,009,45235,188,165,0,165,1
2020-08-14,Colusa,011,21464,426,399,0,399,5
2020-08-14,Contra Costa,013,1133247,12875,10893,40,10933,137
2020-08-14,Del Norte,015,27424,103,76,0,76,0
2020-08-14,El Dorado,017,186661,934,827,0,827,2
2020-08-14,Fresno,019,978130,25393,19900,254,20154,208
2020-08-14,Glenn,021,27897,420,395,0,395,2
2020-08-14,Humboldt,023,135768,339,294,1,295,4
2020-08-14,Imperial,025,180216,10895,8756,10,8766,185
2020-08-14,Inyo,027,18085,148,115,2,117,1
2020-08-14,Kern,029,883053,28229,25893,164,26057,249
2020-08-14,Kings,031,150075,5703,4953,31,4984,56
2020-08-14,Lake,033,64148,290,267,0,267,2
2020-08-14,Lassen,035,31185,709,665,2,667,0
2020-08-14,Los Angeles,037,10098052,226416,219083,846,219929,5222
2020-08-14,Madera,039,155013,3502,2876,20,2896,26
2020-08-14,Marin,041,260295,5861,5601,12,5613,46
2020-08-14,Mariposa,043,17540,70,61,0,61,2
2020-08-14,Mendocino,045,87422,513,432,0,432,8
2020-08-14,Merced,047,269075,7252,6466,6,6472,67
2020-08-14,Modoc,049,8938,7,5,0,5,0
2020-08-14,Mono,051,14174,162,126,2,128,1
2020-08-14,Monterey,053,433212,7065,6121,19,6140,41
2020-08-14,Napa,055,140530,1350,1230,3,1233,10
2020-08-14,Nevada,057,99092,405,377,13,390,2
2020-08-14,Orange,059,3164182,47672,42399,1017,43416,798
2020-08-14,Placer,061,380077,2770,2546,4,2550,26
2020-08-14,Plumas,063,18699,38,33,0,33,0
2020-08-14,Riverside,065,2383286,50313,46456,48,46504,891
2020-08-14,Sacramento,067,1510023,16046,13645,14,13659,212
2020-08-14,San Benito,069,59416,899,783,0,783,2
2020-08-14,San Bernardino,071,2135413,45867,40442,239,40681,594
2020-08-14,San Diego,073,3302833,36163,34067,177,34244,622
2020-08-14,San Francisco,075,870044,8673,7467,9,7476,69
2020-08-14,San Joaquin,077,732212,17011,14925,27,14952,276
2020-08-14,San Luis Obispo,079,281455,2703,2422,15,2437,17
2020-08-14,San Mateo,081,765935,7704,6655,6,6661,118
2020-08-14,Santa Barbara,083,443738,8056,7302,69,7371,77
2020-08-14,Santa Clara,085,1922200,16225,13785,32,13817,183
2020-08-14,Santa Cruz,087,273765,1629,1418,12,1430,6
2020-08-14,Shasta,089,179085,568,446,3,449,9
2020-08-14,Sierra,091,2930,6,5,0,5,0
2020-08-14,Siskiyou,093,43540,117,98,0,98,0
2020-08-14,Solano,095,438530,4987,4421,32,4453,31
2020-08-14,Sonoma,097,501317,4942,4087,13,4100,45
2020-08-14,Stanislaus,099,539301,13921,12379,185,12564,140
2020-08-14,Sutter,101,95872,1161,1039,1,1040,8
2020-08-14,Tehama,103,63373,357,305,2,307,1
2020-08-14,Trinity,105,12862,36,6,6,12,0
2020-08-14,Tulare,107,460477,13364,12009,44,12053,211
2020-08-14,Tuolumne,109,53932,170,155,3,158,1
2020-08-14,Ventura,111,848112,10219,9313,50,9363,89
2020-08-14,Yolo,113,214977,2212,1991,4,1995,45
2020-08-14,Yuba,115,75493,715,606,2,608,1
2020-08-13,Alameda,001,1643700,16474,14385,118,14503,218
2020-08-13,Alpine,003,1148,2,2,0,2,0
2020-08-13,Amador,005,37829,258,198,0,198,8
2020-08-13,Butte,007,227075,1534,1345,17,1362,15
2020-08-13,Calaveras,009,45235,186,162,0,162,1
2020-08-13,Colusa,011,21464,426,395,0,395,5
2020-08-13,Contra Costa,013,1133247,12721,10545,39,10584,136
2020-08-13,Del Norte,015,27424,102,74,0,74,0
2020-08-13,El Dorado,017,186661,929,803,0,803,2
2020-08-13,Fresno,019,978130,25166,19157,248,19405,201
2020-08-13,Glenn,021,27897,416,392,0,392,1
2020-08-13,Humboldt,023,135768,331,281,1,282,4
2020-08-13,Imperial,025,180216,10864,8640,10,8650,170
2020-08-13,Inyo,027,18085,144,97,2,99,1
2020-08-13,Kern,029,883053,28062,25472,161,25633,242
2020-08-13,Kings,031,150075,5668,4824,31,4855,52
2020-08-13,Lake,033,64148,285,263,0,263,2
2020-08-13,Lassen,035,31185,709,652,2,654,0
2020-08-13,Los Angeles,037,10098052,225039,216497,824,217321,5179
2020-08-13,Madera,039,155013,3458,2675,19,2694,25
2020-08-13,Marin,041,260295,5845,5503,12,5515,44
2020-08-13,Mariposa,043,17540,69,61,0,61,2
2020-08-13,Mendocino,045,87422,508,401,0,401,8
2020-08-13,Merced,047,269075,7135,5945,6,5951,63
2020-08-13,Modoc,049,8938,7,5,0,5,0
2020-08-13,Mono,051,14174,162,124,2,126,1
2020-08-13,Monterey,053,433212,6982,5925,19,5944,38
2020-08-13,Napa,055,140530,1341,1179,3,1182,10
2020-08-13,Nevada,057,99092,401,362,13,375,1
2020-08-13,Orange,059,3164182,47433,42019,1005,43024,773
2020-08-13,Placer,061,380077,2747,2460,4,2464,26
2020-08-13,Plumas,063,18699,38,32,0,32,0
2020-08-13,Riverside,065,2383286,50017,45327,48,45375,885
2020-08-13,Sacramento,067,1510023,15844,13237,14,13251,197
2020-08-13,San Benito,069,59416,870,757,0,757,2
2020-08-13,San Bernardino,071,2135413,45472,39395,233,39628,591
2020-08-13,San Diego,073,3302833,35927,33661,159,33820,627
2020-08-13,San Francisco,075,870044,8579,7277,9,7286,69
2020-08-13,San Joaquin,077,732212,16856,14537,26,14563,261
2020-08-13,San Luis Obispo,079,281455,2682,2283,15,2298,16
2020-08-13,San Mateo,081,765935,7642,6503,6,6509,117
2020-08-13,Santa Barbara,083,443738,8011,7129,68,7197,74
2020-08-13,Santa Clara,085,1922200,16002,13257,32,13289,182
2020-08-13,Santa Cruz,087,273765,1604,1383,12,1395,6
2020-08-13,Shasta,089,179085,563,428,3,431,9
2020-08-13,Sierra,091,2930,6,5,0,5,0
2020-08-13,Siskiyou,093,43540,117,95,0,95,0
2020-08-13,Solano,095,438530,4950,4305,32,4337,31
2020-08-13,Sonoma,097,501317,4868,3902,13,3915,45
2020-08-13,Stanislaus,099,539301,13791,11953,169,12122,136
2020-08-13,Sutter,101,95872,1139,992,1,993,8
2020-08-13,Tehama,103,63373,348,302,2,304,1
2020-08-13,Trinity,105,12862,35,6,6,12,0
2020-08-13,Tulare,107,460477,13220,11692,41,11733,210
2020-08-13,Tuolumne,109,53932,169,152,3,155,1
2020-08-13,Ventura,111,848112,10130,9114,50,9164,90
2020-08-13,Yolo,113,214977,2185,1938,4,1942,44
2020-08-13,Yuba,115,75493,699,568,2,570,1
2020-08-12,Alameda,001,1643700,16262,14214,118,14332,215
2020-08-12,Alpine,003,1148,2,2,0,2,0
2020-08-12,Amador,005,37829,255,197,0,197,8
2020-08-12,Butte,007,227075,1506,1317,17,1334,15
2020-08-12,Calaveras,009,45235,183,157,0,157,1
2020-08-12,Colusa,011,21464,421,394,0,394,5
2020-08-12,Contra Costa,013,1133247,12576,10304,38,10342,134
2020-08-12,Del Norte,015,27424,101,74,0,74,0
2020-08-12,El Dorado,017,186661,911,794,0,794,2
2020-08-12,Fresno,019,978130,24936,18690,242,18932,194
2020-08-12,Glenn,021,27897,413,388,0,388,1
2020-08-12,Humboldt,023,135768,324,281,1,282,4
2020-08-12,Imperial,025,180216,10841,8566,10,8576,167
2020-08-12,Inyo,027,18085,127,97,2,99,1
2020-08-12,Kern,029,883053,27870,25191,159,25350,232
2020-08-12,Kings,031,150075,5629,4736,31,4767,50
2020-08-12,Lake,033,64148,283,253,0,253,2
2020-08-12,Lassen,035,31185,708,651,2,653,0
2020-08-12,Los Angeles,037,10098052,223648,214542,808,215350,5119
2020-08-12,Madera,039,155013,3424,2681,17,2698,23
2020-08-12,Marin,041,260295,5823,5423,12,5435,44
2020-08-12,Mariposa,043,17540,69,61,0,61,2
2020-08-12,Mendocino,045,87422,489,386,0,386,9
2020-08-12,Merced,047,269075,7073,5777,6,5783,66
2020-08-12,Modoc,049,8938,7,5,0,5,0
2020-08-12,Mono,051,14174,161,124,2,126,1
2020-08-12,Monterey,053,433212,6878,5919,19,5938,38
2020-08-12,Napa,055,140530,1331,1161,3,1164,10
2020-08-12,Nevada,057,99092,396,357,13,370,1
2020-08-12,Orange,059,3164182,47182,41576,981,42557,754
2020-08-12,Placer,061,380077,2715,2417,4,2421,25
2020-08-12,Plumas,063,18699,38,31,0,31,0
2020-08-12,Riverside,065,2383286,49669,44747,48,44795,867
2020-08-12,Sacramento,067,1510023,15632,12528,14,12542,189
2020-08-12,San Benito,069,59416,857,751,0,751,2
2020-08-12,San Bernardino,071,2135413,45129,38811,224,39035,589
2020-08-12,San Diego,073,3302833,35718,33395,139,33534,608
2020-08-12,San Francisco,075,870044,8496,7194,9,7203,66
2020-08-12,San Joaquin,077,732212,16709,14154,26,14180,253
2020-08-12,San Luis Obispo,079,281455,2657,2263,15,2278,15
2020-08-12,San Mateo,081,765935,7563,6427,6,6433,117
2020-08-12,Santa Barbara,083,443738,7951,7049,66,7115,74
2020-08-12,Santa Clara,085,1922200,15826,13002,32,13034,182
2020-08-12,Santa Cruz,087,273765,1575,1382,11,1393,6
2020-08-12,Shasta,089,179085,559,417,3,420,9
2020-08-12,Sierra,091,2930,5,4,0,4,0
2020-08-12,Siskiyou,093,43540,116,90,0,90,0
2020-08-12,Solano,095,438530,4905,4258,32,4290,31
2020-08-12,Sonoma,097,501317,4794,3847,13,3860,47
2020-08-12,Stanislaus,099,539301,13652,11682,161,11843,136
2020-08-12,Sutter,101,95872,1115,987,1,988,7
2020-08-12,Tehama,103,63373,338,289,2,291,1
2020-08-12,Trinity,105,12862,34,6,6,12,0
2020-08-12,Tulare,107,460477,13092,11460,41,11501,211
2020-08-12,Tuolumne,109,53932,168,150,3,153,1
2020-08-12,Ventura,111,848112,10043,9005,50,9055,87
2020-08-12,Yolo,113,214977,2161,1921,4,1925,44
2020-08-12,Yuba,115,75493,677,549,1,550,1
2020-08-11,Alameda,001,1643700,16002,13960,115,14075,204
2020-08-11,Alpine,003,1148,2,2,0,2,0
2020-08-11,Amador,005,37829,249,187,0,187,3
2020-08-11,Butte,007,227075,1479,1296,17,1313,15
2020-08-11,Calaveras,009,45235,181,161,0,161,1
2020-08-11,Colusa,011,21464,416,390,0,390,5
2020-08-11,Contra Costa,013,1133247,12387,10012,36,10048,131
2020-08-11,Del Norte,015,27424,100,73,0,73,0
2020-08-11,El Dorado,017,186661,904,786,0,786,2
2020-08-11,Fresno,019,978130,24613,18344,239,18583,187
2020-08-11,Glenn,021,27897,411,380,0,380,1
2020-08-11,Humboldt,023,135768,319,283,1,284,4
2020-08-11,Imperial,025,180216,10786,8518,10,8528,165
2020-08-11,Inyo,027,18085,122,97,2,99,1
2020-08-11,Kern,029,883053,27535,25042,157,25199,230
2020-08-11,Kings,031,150075,5438,4696,31,4727,50
2020-08-11,Lake,033,64148,280,243,0,243,2
2020-08-11,Lassen,035,31185,702,605,2,607,0
2020-08-11,Los Angeles,037,10098052,222154,212421,784,213205,5065
2020-08-11,Madera,039,155013,3370,2673,17,2690,22
2020-08-11,Marin,041,260295,5795,5287,11,5298,44
2020-08-11,Mariposa,043,17540,68,60,0,60,2
2020-08-11,Mendocino,045,87422,479,385,0,385,9
2020-08-11,Merced,047,269075,6978,5322,5,5327,65
2020-08-11,Modoc,049,8938,7,5,0,5,0
2020-08-11,Mono,051,14174,161,124,2,126,1
2020-08-11,Monterey,053,433212,6770,5624,19,5643,36
2020-08-11,Napa,055,140530,1320,1143,2,1145,11
2020-08-11,Nevada,057,99092,393,358,13,371,1
2020-08-11,Orange,059,3164182,46962,41205,958,42163,742
2020-08-11,Placer,061,380077,2683,2393,4,2397,24
2020-08-11,Plumas,063,18699,38,31,0,31,0
2020-08-11,Riverside,065,2383286,49311,44237,48,44285,836
2020-08-11,Sacramento,067,1510023,15341,12298,14,12312,182
2020-08-11,San Benito,069,59416,845,750,0,750,2
2020-08-11,San Bernardino,071,2135413,44788,38467,217,38684,584
2020-08-11,San Diego,073,3302833,35451,33159,120,33279,602
2020-08-11,San Francisco,075,870044,8400,6988,9,6997,66
2020-08-11,San Joaquin,077,732212,16532,13997,21,14018,251
2020-08-11,San Luis Obispo,079,281455,2600,2234,15,2249,15
2020-08-11,San Mateo,081,765935,7488,6339,6,6345,117
2020-08-11,Santa Barbara,083,443738,7901,6942,66,7008,70
2020-08-11,Santa Clara,085,1922200,15605,12920,32,12952,183
2020-08-11,Santa Cruz,087,273765,1552,1352,11,1363,4
2020-08-11,Shasta,089,179085,555,416,3,419,9
2020-08-11,Sierra,091,2930,5,4,0,4,0
2020-08-11,Siskiyou,093,43540,116,90,0,90,0
2020-08-11,Solano,095,438530,4857,4206,31,4237,31
2020-08-11,Sonoma,097,501317,4700,3752,13,3765,45
2020-08-11,Stanislaus,099,539301,13548,11592,149,11741,128
2020-08-11,Sutter,101,95872,1093,964,1,965,7
2020-08-11,Tehama,103,63373,334,289,2,291,1
2020-08-11,Trinity,105,12862,34,5,6,11,0
2020-08-11,Tulare,107,460477,12967,11392,40,11432,201
2020-08-11,Tuolumne,109,53932,163,146,3,149,1
2020-08-11,Ventura,111,848112,9975,8953,49,9002,88
2020-08-11,Yolo,113,214977,2139,1912,4,1916,44
2020-08-11,Yuba,115,75493,666,540,1,541,1
2020-08-10,Alameda,001,1643700,15760,13420,114,13534,203
2020-08-10,Alpine,003,1148,2,2,0,2,0
2020-08-10,Amador,005,37829,248,172,0,172,2
2020-08-10,Butte,007,227075,1455,1174,15,1189,15
2020-08-10,Calaveras,009,45235,171,121,0,121,1
2020-08-10,Colusa,011,21464,414,387,0,387,4
2020-08-10,Contra Costa,013,1133247,12234,9454,34,9488,130
2020-08-10,Del Norte,015,27424,98,69,0,69,0
2020-08-10,El Dorado,017,186661,892,771,0,771,2
2020-08-10,Fresno,019,978130,24332,17978,238,18216,183
2020-08-10,Glenn,021,27897,408,381,0,381,1
2020-08-10,Humboldt,023,135768,313,277,1,278,4
2020-08-10,Imperial,025,180216,10742,8465,10,8475,165
2020-08-10,Inyo,027,18085,122,97,2,99,1
2020-08-10,Kern,029,883053,27309,24499,156,24655,215
2020-08-10,Kings,031,150075,5332,4588,31,4619,50
2020-08-10,Lake,033,64148,273,239,0,239,2
2020-08-10,Lassen,035,31185,702,588,2,590,0
2020-08-10,Los Angeles,037,10098052,220584,211035,766,211801,5003
2020-08-10,Madera,039,155013,3337,2365,16,2381,22
2020-08-10,Marin,041,260295,5750,5242,10,5252,44
2020-08-10,Mariposa,043,17540,68,57,0,57,2
2020-08-10,Mendocino,045,87422,455,364,0,364,1
2020-08-10,Merced,047,269075,6897,4913,5,4918,51
2020-08-10,Modoc,049,8938,7,5,0,5,0
2020-08-10,Mono,051,14174,161,123,2,125,1
2020-08-10,Monterey,053,433212,6660,5358,19,5377,34
2020-08-10,Napa,055,140530,1302,1084,2,1086,8
2020-08-10,Nevada,057,99092,385,356,13,369,1
2020-08-10,Orange,059,3164182,46692,40445,940,41385,721
2020-08-10,Placer,061,380077,2644,2298,4,2302,21
2020-08-10,Plumas,063,18699,38,27,0,27,0
2020-08-10,Riverside,065,2383286,48926,43296,47,43343,830
2020-08-10,Sacramento,067,1510023,15030,12059,14,12073,168
2020-08-10,San Benito,069,59416,832,743,0,743,2
2020-08-10,San Bernardino,071,2135413,44411,37367,208,37575,579
2020-08-10,San Diego,073,3302833,35185,32977,104,33081,594
2020-08-10,San Francisco,075,870044,8310,6816,8,6824,66
2020-08-10,San Joaquin,077,732212,16350,13308,21,13329,240
2020-08-10,San Luis Obispo,079,281455,2501,2208,14,2222,15
2020-08-10,San Mateo,081,765935,7411,6222,6,6228,117
2020-08-10,Santa Barbara,083,443738,7846,6869,66,6935,66
2020-08-10,Santa Clara,085,1922200,15345,12615,31,12646,182
2020-08-10,Santa Cruz,087,273765,1532,1239,10,1249,4
2020-08-10,Shasta,089,179085,551,384,3,387,9
2020-08-10,Sierra,091,2930,5,3,0,3,0
2020-08-10,Siskiyou,093,43540,113,88,0,88,0
2020-08-10,Solano,095,438530,4797,4101,31,4132,31
2020-08-10,Sonoma,097,501317,4531,3640,9,3649,42
2020-08-10,Stanislaus,099,539301,13366,10855,132,10987,106
2020-08-10,Sutter,101,95872,1068,865,1,866,7
2020-08-10,Tehama,103,63373,327,282,2,284,1
2020-08-10,Trinity,105,12862,31,5,6,11,0
2020-08-10,Tulare,107,460477,12794,10750,38,10788,194
2020-08-10,Tuolumne,109,53932,163,143,2,145,1
2020-08-10,Ventura,111,848112,9891,8851,48,8899,85
2020-08-10,Yolo,113,214977,2116,1840,4,1844,45
2020-08-10,Yuba,115,75493,649,527,1,528,1
2020-08-09,Alameda,001,1643700,15480,13241,112,13353,203
2020-08-09,Alpine,003,1148,2,2,0,2,0
2020-08-09,Amador,005,37829,243,153,0,153,2
2020-08-09,Butte,007,227075,1411,1155,15,1170,15
2020-08-09,Calaveras,009,45235,166,122,0,122,1
2020-08-09,Colusa,011,21464,410,371,0,371,4
2020-08-09,Contra Costa,013,1133247,12006,9214,33,9247,130
2020-08-09,Del Norte,015,27424,98,69,0,69,0
2020-08-09,El Dorado,017,186661,884,748,0,748,2
2020-08-09,Fresno,019,978130,24023,17846,234,18080,183
2020-08-09,Glenn,021,27897,406,354,0,354,1
2020-08-09,Humboldt,023,135768,307,279,1,280,4
2020-08-09,Imperial,025,180216,10699,8310,9,8319,165
2020-08-09,Inyo,027,18085,117,86,1,87,1
2020-08-09,Kern,029,883053,27053,23680,156,23836,215
2020-08-09,Kings,031,150075,5289,4446,30,4476,50
2020-08-09,Lake,033,64148,266,225,0,225,2
2020-08-09,Lassen,035,31185,696,589,2,591,0
2020-08-09,Los Angeles,037,10098052,218527,208810,744,209554,4984
2020-08-09,Madera,039,155013,3278,2322,12,2334,22
2020-08-09,Marin,041,260295,5707,5204,10,5214,44
2020-08-09,Mariposa,043,17540,66,56,0,56,2
2020-08-09,Mendocino,045,87422,445,283,0,283,1
2020-08-09,Merced,047,269075,6799,4735,4,4739,51
2020-08-09,Modoc,049,8938,7,4,0,4,0
2020-08-09,Mono,051,14174,160,113,2,115,1
2020-08-09,Monterey,053,433212,6536,5199,19,5218,34
2020-08-09,Napa,055,140530,1283,1062,2,1064,8
2020-08-09,Nevada,057,99092,377,332,13,345,1
2020-08-09,Orange,059,3164182,46393,39244,925,40169,722
2020-08-09,Placer,061,380077,2615,2211,4,2215,20
2020-08-09,Plumas,063,18699,38,27,0,27,0
2020-08-09,Riverside,065,2383286,48580,41894,47,41941,828
2020-08-09,Sacramento,067,1510023,14750,11301,14,11315,167
2020-08-09,San Benito,069,59416,813,687,0,687,2
2020-08-09,San Bernardino,071,2135413,43936,36092,208,36300,579
2020-08-09,San Diego,073,3302833,34894,32749,93,32842,594
2020-08-09,San Francisco,075,870044,8195,6820,8,6828,66
2020-08-09,San Joaquin,077,732212,16145,12933,20,12953,240
2020-08-09,San Luis Obispo,079,281455,2465,2124,14,2138,15
2020-08-09,San Mateo,081,765935,7316,6094,6,6100,117
2020-08-09,Santa Barbara,083,443738,7759,6669,66,6735,66
2020-08-09,Santa Clara,085,1922200,15075,11878,31,11909,181
2020-08-09,Santa Cruz,087,273765,1508,1246,10,1256,4
2020-08-09,Shasta,089,179085,547,361,3,364,9
2020-08-09,Sierra,091,2930,5,3,0,3,0
2020-08-09,Siskiyou,093,43540,112,74,0,74,0
2020-08-09,Solano,095,438530,4744,3954,30,3984,31
2020-08-09,Sonoma,097,501317,4395,3531,7,3538,41
2020-08-09,Stanislaus,099,539301,13158,10264,119,10383,106
2020-08-09,Sutter,101,95872,1034,857,1,858,7
2020-08-09,Tehama,103,63373,319,265,2,267,1
2020-08-09,Trinity,105,12862,31,5,6,11,0
2020-08-09,Tulare,107,460477,12602,10630,35,10665,194
2020-08-09,Tuolumne,109,53932,160,143,2,145,1
2020-08-09,Ventura,111,848112,9743,8633,47,8680,85
2020-08-09,Yolo,113,214977,2085,1765,4,1769,44
2020-08-09,Yuba,115,75493,629,442,1,443,1
2020-08-08,Alameda,001,1643700,15370,13087,112,13199,204
2020-08-08,Alpine,003,1148,2,2,0,2,0
2020-08-08,Amador,005,37829,243,139,0,139,2
2020-08-08,Butte,007,227075,1393,1140,15,1155,15
2020-08-08,Calaveras,009,45235,165,122,0,122,1
2020-08-08,Colusa,011,21464,409,368,0,368,4
2020-08-08,Contra Costa,013,1133247,11897,9104,33,9137,129
2020-08-08,Del Norte,015,27424,97,69,0,69,0
2020-08-08,El Dorado,017,186661,877,734,0,734,2
2020-08-08,Fresno,019,978130,23886,17538,232,17770,183
2020-08-08,Glenn,021,27897,406,344,0,344,1
2020-08-08,Humboldt,023,135768,304,277,1,278,4
2020-08-08,Imperial,025,180216,10684,8213,9,8222,165
2020-08-08,Inyo,027,18085,113,86,1,87,1
2020-08-08,Kern,029,883053,26939,22803,156,22959,215
2020-08-08,Kings,031,150075,5275,4367,30,4397,49
2020-08-08,Lake,033,64148,264,221,0,221,2
2020-08-08,Lassen,035,31185,696,589,2,591,0
2020-08-08,Los Angeles,037,10098052,217641,206971,733,207704,4974
2020-08-08,Madera,039,155013,3247,2275,12,2287,22
2020-08-08,Marin,041,260295,5687,5118,10,5128,44
2020-08-08,Mariposa,043,17540,65,55,0,55,2
2020-08-08,Mendocino,045,87422,443,264,0,264,1
2020-08-08,Merced,047,269075,6759,4570,4,4574,51
2020-08-08,Modoc,049,8938,7,4,0,4,0
2020-08-08,Mono,051,14174,160,113,2,115,1
2020-08-08,Monterey,053,433212,6478,5101,19,5120,33
2020-08-08,Napa,055,140530,1275,1062,2,1064,8
2020-08-08,Nevada,057,99092,375,325,13,338,1
2020-08-08,Orange,059,3164182,46263,38688,916,39604,718
2020-08-08,Placer,061,380077,2598,2153,4,2157,20
2020-08-08,Plumas,063,18699,38,27,0,27,0
2020-08-08,Riverside,065,2383286,48376,41412,47,41459,823
2020-08-08,Sacramento,067,1510023,14621,11144,14,11158,166
2020-08-08,San Benito,069,59416,805,684,0,684,2
2020-08-08,San Bernardino,071,2135413,43740,35691,207,35898,531
2020-08-08,San Diego,073,3302833,34705,32332,84,32416,593
2020-08-08,San Francisco,075,870044,8129,6820,8,6828,66
2020-08-08,San Joaquin,077,732212,16064,12559,19,12578,240
2020-08-08,San Luis Obispo,079,281455,2442,2081,14,2095,15
2020-08-08,San Mateo,081,765935,7258,6021,6,6027,117
2020-08-08,Santa Barbara,083,443738,7721,6598,66,6664,66
2020-08-08,Santa Clara,085,1922200,14923,11615,31,11646,181
2020-08-08,Santa Cruz,087,273765,1494,1247,10,1257,4
2020-08-08,Shasta,089,179085,545,343,3,346,9
2020-08-08,Sierra,091,2930,5,3,0,3,0
2020-08-08,Siskiyou,093,43540,112,73,0,73,0
2020-08-08,Solano,095,438530,4723,3889,29,3918,31
2020-08-08,Sonoma,097,501317,4363,3399,7,3406,41
2020-08-08,Stanislaus,099,539301,13083,9963,113,10076,105
2020-08-08,Sutter,101,95872,1024,830,1,831,7
2020-08-08,Tehama,103,63373,318,251,2,253,1
2020-08-08,Trinity,105,12862,31,5,6,11,0
2020-08-08,Tulare,107,460477,12526,10505,35,10540,192
2020-08-08,Tuolumne,109,53932,160,143,2,145,1
2020-08-08,Ventura,111,848112,9688,8462,46,8508,85
2020-08-08,Yolo,113,214977,2072,1725,4,1729,44
2020-08-08,Yuba,115,75493,620,430,1,431,1
2020-08-07,Alameda,001,1643700,15260,12805,112,12917,204
2020-08-07,Alpine,003,1148,2,2,0,2,0
2020-08-07,Amador,005,37829,241,125,0,125,2
2020-08-07,Butte,007,227075,1375,1092,15,1107,13
2020-08-07,Calaveras,009,45235,165,119,0,119,1
2020-08-07,Colusa,011,21464,408,358,0,358,4
2020-08-07,Contra Costa,013,1133247,11748,8810,33,8843,126
2020-08-07,Del Norte,015,27424,97,69,0,69,0
2020-08-07,El Dorado,017,186661,872,724,0,724,2
2020-08-07,Fresno,019,978130,23726,17290,232,17522,171
2020-08-07,Glenn,021,27897,405,339,0,339,1
2020-08-07,Humboldt,023,135768,300,274,1,275,4
2020-08-07,Imperial,025,180216,10659,8085,9,8094,164
2020-08-07,Inyo,027,18085,112,81,1,82,1
2020-08-07,Kern,029,883053,26813,22143,153,22296,206
2020-08-07,Kings,031,150075,5258,4315,30,4345,48
2020-08-07,Lake,033,64148,262,215,0,215,1
2020-08-07,Lassen,035,31185,695,588,2,590,0
2020-08-07,Los Angeles,037,10098052,216189,204406,721,205127,4924
2020-08-07,Madera,039,155013,3215,2245,12,2257,20
2020-08-07,Marin,041,260295,5658,5094,10,5104,43
2020-08-07,Mariposa,043,17540,65,53,0,53,2
2020-08-07,Mendocino,045,87422,429,262,0,262,1
2020-08-07,Merced,047,269075,6716,4358,4,4362,30
2020-08-07,Modoc,049,8938,7,4,0,4,0
2020-08-07,Mono,051,14174,160,112,2,114,1
2020-08-07,Monterey,053,433212,6403,5041,19,5060,33
2020-08-07,Napa,055,140530,1270,1055,2,1057,8
2020-08-07,Nevada,057,99092,372,324,13,337,1
2020-08-07,Orange,059,3164182,46051,38459,899,39358,701
2020-08-07,Placer,061,380077,2580,2078,4,2082,20
2020-08-07,Plumas,063,18699,38,25,0,25,0
2020-08-07,Riverside,065,2383286,48113,40902,46,40948,810
2020-08-07,Sacramento,067,1510023,14476,10798,14,10812,160
2020-08-07,San Benito,069,59416,799,647,0,647,2
2020-08-07,San Bernardino,071,2135413,43493,35200,206,35406,524
2020-08-07,San Diego,073,3302833,34520,31781,81,31862,586
2020-08-07,San Francisco,075,870044,8051,6765,8,6773,66
2020-08-07,San Joaquin,077,732212,15979,12392,19,12411,223
2020-08-07,San Luis Obispo,079,281455,2411,2050,14,2064,14
2020-08-07,San Mateo,081,765935,7199,5948,6,5954,117
2020-08-07,Santa Barbara,083,443738,7670,6509,66,6575,66
2020-08-07,Santa Clara,085,1922200,14724,11409,31,11440,180
2020-08-07,Santa Cruz,087,273765,1476,1234,10,1244,5
2020-08-07,Shasta,089,179085,540,342,3,345,9
2020-08-07,Sierra,091,2930,5,3,0,3,0
2020-08-07,Siskiyou,093,43540,109,73,0,73,0
2020-08-07,Solano,095,438530,4691,3844,28,3872,31
2020-08-07,Sonoma,097,501317,4299,3329,7,3336,34
2020-08-07,Stanislaus,099,539301,12961,9665,103,9768,98
2020-08-07,Sutter,101,95872,1020,807,1,808,6
2020-08-07,Tehama,103,63373,314,246,2,248,1
2020-08-07,Trinity,105,12862,30,5,6,11,0
2020-08-07,Tulare,107,460477,12449,10292,35,10327,195
2020-08-07,Tuolumne,109,53932,159,136,2,138,1
2020-08-07,Ventura,111,848112,9628,8356,44,8400,84
2020-08-07,Yolo,113,214977,2045,1689,4,1693,37
2020-08-07,Yuba,115,75493,615,413,1,414,1
2020-08-06,Alameda,001,1643700,15038,12474,111,12585,200
2020-08-06,Alpine,003,1148,2,2,0,2,0
2020-08-06,Amador,005,37829,227,125,0,125,0
2020-08-06,Butte,007,227075,1356,1060,15,1075,13
2020-08-06,Calaveras,009,45235,163,117,0,117,1
2020-08-06,Colusa,011,21464,405,358,0,358,3
2020-08-06,Contra Costa,013,1133247,11554,8583,32,8615,124
2020-08-06,Del Norte,015,27424,97,69,0,69,0
2020-08-06,El Dorado,017,186661,861,703,0,703,1
2020-08-06,Fresno,019,978130,23428,17031,225,17256,161
2020-08-06,Glenn,021,27897,400,332,0,332,1
2020-08-06,Humboldt,023,135768,295,266,1,267,4
2020-08-06,Imperial,025,180216,10616,8064,9,8073,163
2020-08-06,Inyo,027,18085,104,83,1,84,1
2020-08-06,Kern,029,883053,26577,21843,152,21995,197
2020-08-06,Kings,031,150075,5196,4264,29,4293,47
2020-08-06,Lake,033,64148,259,209,0,209,1
2020-08-06,Lassen,035,31185,693,588,2,590,0
2020-08-06,Los Angeles,037,10098052,214123,201372,705,202077,4874
2020-08-06,Madera,039,155013,3167,2240,11,2251,19
2020-08-06,Marin,041,260295,5626,5058,10,5068,43
2020-08-06,Mariposa,043,17540,64,52,0,52,2
2020-08-06,Mendocino,045,87422,415,260,0,260,1
2020-08-06,Merced,047,269075,6615,4235,4,4239,30
2020-08-06,Modoc,049,8938,7,4,0,4,0
2020-08-06,Mono,051,14174,159,111,2,113,1
2020-08-06,Monterey,053,433212,6294,5001,18,5019,33
2020-08-06,Napa,055,140530,1256,1032,2,1034,8
2020-08-06,Nevada,057,99092,367,321,13,334,1
2020-08-06,Orange,059,3164182,45758,38399,894,39293,694
2020-08-06,Placer,061,380077,2554,2045,4,2049,20
2020-08-06,Plumas,063,18699,37,25,0,25,0
2020-08-06,Riverside,065,2383286,47718,40269,46,40315,781
2020-08-06,Sacramento,067,1510023,14247,10548,14,10562,153
2020-08-06,San Benito,069,59416,791,626,0,626,2
2020-08-06,San Bernardino,071,2135413,43089,34819,204,35023,516
2020-08-06,San Diego,073,3302833,34253,31129,74,31203,583
2020-08-06,San Francisco,075,870044,7958,6737,7,6744,60
2020-08-06,San Joaquin,077,732212,15820,12269,19,12288,203
2020-08-06,San Luis Obispo,079,281455,2387,2000,13,2013,13
2020-08-06,San Mateo,081,765935,7099,5885,6,5891,117
2020-08-06,Santa Barbara,083,443738,7610,6620,66,6686,65
2020-08-06,Santa Clara,085,1922200,14495,11280,31,11311,178
2020-08-06,Santa Cruz,087,273765,1455,1215,10,1225,4
2020-08-06,Shasta,089,179085,531,343,3,346,9
2020-08-06,Sierra,091,2930,5,3,0,3,0
2020-08-06,Siskiyou,093,43540,109,73,0,73,0
2020-08-06,Solano,095,438530,4648,3784,28,3812,29
2020-08-06,Sonoma,097,501317,4235,3259,7,3266,33
2020-08-06,Stanislaus,099,539301,12811,9566,87,9653,98
2020-08-06,Sutter,101,95872,989,797,1,798,6
2020-08-06,Tehama,103,63373,311,242,2,244,1
2020-08-06,Trinity,105,12862,27,5,6,11,0
2020-08-06,Tulare,107,460477,12290,10169,35,10204,195
2020-08-06,Tuolumne,109,53932,158,136,2,138,1
2020-08-06,Ventura,111,848112,9513,8245,41,8286,80
2020-08-06,Yolo,113,214977,2021,1662,4,1666,36
2020-08-06,Yuba,115,75493,606,407,0,407,1
2020-08-05,Alameda,001,1643700,14824,12140,111,12251,193
2020-08-05,Alpine,003,1148,2,2,0,2,0
2020-08-05,Amador,005,37829,217,123,0,123,0
2020-08-05,Butte,007,227075,1322,1038,14,1052,13
2020-08-05,Calaveras,009,45235,160,116,0,116,1
2020-08-05,Colusa,011,21464,401,354,0,354,3
2020-08-05,Contra Costa,013,1133247,11390,8362,32,8394,122
2020-08-05,Del Norte,015,27424,96,69,0,69,0
2020-08-05,El Dorado,017,186661,853,692,0,692,1
2020-08-05,Fresno,019,978130,23183,16625,220,16845,159
2020-08-05,Glenn,021,27897,397,330,0,330,1
2020-08-05,Humboldt,023,135768,293,249,1,250,4
2020-08-05,Imperial,025,180216,10581,8036,9,8045,163
2020-08-05,Inyo,027,18085,102,62,1,63,1
2020-08-05,Kern,029,883053,26389,21540,147,21687,194
2020-08-05,Kings,031,150075,5151,4192,27,4219,47
2020-08-05,Lake,033,64148,252,209,0,209,1
2020-08-05,Lassen,035,31185,646,557,2,559,0
2020-08-05,Los Angeles,037,10098052,212210,198355,686,199041,4832
2020-08-05,Madera,039,155013,3125,2172,11,2183,19
2020-08-05,Marin,041,260295,5594,5036,10,5046,43
2020-08-05,Mariposa,043,17540,64,52,0,52,2
2020-08-05,Mendocino,045,87422,403,248,0,248,1
2020-08-05,Merced,047,269075,6480,4119,4,4123,30
2020-08-05,Modoc,049,8938,7,3,0,3,0
2020-08-05,Mono,051,14174,159,104,2,106,1
2020-08-05,Monterey,053,433212,6179,4936,18,4954,32
2020-08-05,Napa,055,140530,1244,1020,2,1022,8
2020-08-05,Nevada,057,99092,358,327,13,340,2
2020-08-05,Orange,059,3164182,45449,37907,886,38793,663
2020-08-05,Placer,061,380077,2513,1989,4,1993,18
2020-08-05,Plumas,063,18699,36,25,0,25,0
2020-08-05,Riverside,065,2383286,47326,39454,44,39498,761
2020-08-05,Sacramento,067,1510023,14028,10261,13,10274,151
2020-08-05,San Benito,069,59416,782,613,0,613,2
2020-08-05,San Bernardino,071,2135413,42627,34442,199,34641,504
2020-08-05,San Diego,073,3302833,34029,30866,58,30924,578
2020-08-05,San Francisco,075,870044,7865,6701,7,6708,60
2020-08-05,San Joaquin,077,732212,15657,12148,19,12167,199
2020-08-05,San Luis Obispo,079,281455,2364,1928,13,1941,13
2020-08-05,San Mateo,081,765935,7003,5695,6,5701,116
2020-08-05,Santa Barbara,083,443738,7549,6597,66,6663,63
2020-08-05,Santa Clara,085,1922200,14261,11074,31,11105,176
2020-08-05,Santa Cruz,087,273765,1435,1192,8,1200,4
2020-08-05,Shasta,089,179085,525,338,3,341,9
2020-08-05,Sierra,091,2930,5,3,0,3,0
2020-08-05,Siskiyou,093,43540,105,72,0,72,0
2020-08-05,Solano,095,438530,4597,3750,27,3777,29
2020-08-05,Sonoma,097,501317,4153,3173,7,3180,33
2020-08-05,Stanislaus,099,539301,12652,9408,82,9490,97
2020-08-05,Sutter,101,95872,978,780,1,781,6
2020-08-05,Tehama,103,63373,308,231,2,233,1
2020-08-05,Trinity,105,12862,27,5,6,11,0
2020-08-05,Tulare,107,460477,12150,9924,35,9959,192
2020-08-05,Tuolumne,109,53932,158,137,2,139,0
2020-08-05,Ventura,111,848112,9397,8162,37,8199,75
2020-08-05,Yolo,113,214977,1993,1634,4,1638,36
2020-08-05,Yuba,115,75493,589,400,0,400,1
2020-08-04,Alameda,001,1643700,14607,11983,110,12093,192
2020-08-04,Alpine,003,1148,2,2,0,2,0
2020-08-04,Amador,005,37829,202,123,0,123,0
2020-08-04,Butte,007,227075,1298,1011,14,1025,10
2020-08-04,Calaveras,009,45235,156,116,0,116,1
2020-08-04,Colusa,011,21464,396,354,0,354,3
2020-08-04,Contra Costa,013,1133247,11223,8210,32,8242,122
2020-08-04,Del Norte,015,27424,94,69,0,69,0
2020-08-04,El Dorado,017,186661,843,668,0,668,1
2020-08-04,Fresno,019,978130,22899,16272,212,16484,154
2020-08-04,Glenn,021,27897,396,325,0,325,1
2020-08-04,Humboldt,023,135768,283,241,1,242,4
2020-08-04,Imperial,025,180216,10544,7974,9,7983,163
2020-08-04,Inyo,027,18085,88,59,1,60,1
2020-08-04,Kern,029,883053,26105,21403,147,21550,190
2020-08-04,Kings,031,150075,5086,4163,27,4190,47
2020-08-04,Lake,033,64148,252,206,0,206,1
2020-08-04,Lassen,035,31185,643,556,2,558,0
2020-08-04,Los Angeles,037,10098052,210285,196014,655,196669,4764
2020-08-04,Madera,039,155013,3081,2161,7,2168,19
2020-08-04,Marin,041,260295,5563,5020,9,5029,43
2020-08-04,Mariposa,043,17540,64,51,0,51,2
2020-08-04,Mendocino,045,87422,378,248,0,248,1
2020-08-04,Merced,047,269075,6366,4085,4,4089,30
2020-08-04,Modoc,049,8938,7,3,0,3,0
2020-08-04,Mono,051,14174,158,104,1,105,1
2020-08-04,Monterey,053,433212,6065,4892,18,4910,32
2020-08-04,Napa,055,140530,1231,994,0,994,8
2020-08-04,Nevada,057,99092,357,322,13,335,2
2020-08-04,Orange,059,3164182,45073,37844,880,38724,659
2020-08-04,Placer,061,380077,2476,1964,4,1968,17
2020-08-04,Plumas,063,18699,36,25,0,25,0
2020-08-04,Riverside,065,2383286,46941,38991,43,39034,743
2020-08-04,Sacramento,067,1510023,13810,10205,13,10218,146
2020-08-04,San Benito,069,59416,766,608,0,608,2
2020-08-04,San Bernardino,071,2135413,42078,34215,194,34409,495
2020-08-04,San Diego,073,3302833,33736,30518,46,30564,568
2020-08-04,San Francisco,075,870044,7777,6568,7,6575,60
2020-08-04,San Joaquin,077,732212,15528,12087,16,12103,189
2020-08-04,San Luis Obispo,079,281455,2334,1886,13,1899,13
2020-08-04,San Mateo,081,765935,6897,5690,6,5696,116
2020-08-04,Santa Barbara,083,443738,7489,6591,66,6657,61
2020-08-04,Santa Clara,085,1922200,13960,10986,30,11016,175
2020-08-04,Santa Cruz,087,273765,1416,1202,8,1210,4
2020-08-04,Shasta,089,179085,519,335,3,338,9
2020-08-04,Sierra,091,2930,5,1,0,1,0
2020-08-04,Siskiyou,093,43540,103,71,0,71,0
2020-08-04,Solano,095,438530,4526,3690,27,3717,29
2020-08-04,Sonoma,097,501317,4086,3108,7,3115,33
2020-08-04,Stanislaus,099,539301,12484,9359,74,9433,97
2020-08-04,Sutter,101,95872,964,761,1,762,6
2020-08-04,Tehama,103,63373,301,226,2,228,1
2020-08-04,Trinity,105,12862,27,5,6,11,0
2020-08-04,Tulare,107,460477,11970,9866,35,9901,192
2020-08-04,Tuolumne,109,53932,157,127,2,129,0
2020-08-04,Ventura,111,848112,9283,8134,35,8169,75
2020-08-04,Yolo,113,214977,1967,1626,4,1630,37
2020-08-04,Yuba,115,75493,574,398,0,398,1
2020-08-03,Alameda,001,1643700,14423,11817,106,11923,189
2020-08-03,Alpine,003,1148,2,2,0,2,0
2020-08-03,Amador,005,37829,198,119,0,119,0
2020-08-03,Butte,007,227075,1252,989,13,1002,9
2020-08-03,Calaveras,009,45235,153,117,0,117,1
2020-08-03,Colusa,011,21464,392,336,0,336,2
2020-08-03,Contra Costa,013,1133247,11026,8069,29,8098,120
2020-08-03,Del Norte,015,27424,90,68,0,68,0
2020-08-03,El Dorado,017,186661,832,645,0,645,1
2020-08-03,Fresno,019,978130,22605,15945,206,16151,151
2020-08-03,Glenn,021,27897,389,316,0,316,1
2020-08-03,Humboldt,023,135768,276,234,1,235,4
2020-08-03,Imperial,025,180216,10490,7953,9,7962,161
2020-08-03,Inyo,027,18085,85,57,1,58,1
2020-08-03,Kern,029,883053,25738,21285,140,21425,176
2020-08-03,Kings,031,150075,4974,4107,26,4133,47
2020-08-03,Lake,033,64148,245,201,0,201,1
2020-08-03,Lassen,035,31185,643,555,2,557,0
2020-08-03,Los Angeles,037,10098052,208258,194103,624,194727,4706
2020-08-03,Madera,039,155013,3032,2143,6,2149,18
2020-08-03,Marin,041,260295,5516,5001,9,5010,43
2020-08-03,Mariposa,043,17540,63,52,0,52,2
2020-08-03,Mendocino,045,87422,355,248,0,248,1
2020-08-03,Merced,047,269075,6244,4028,4,4032,29
2020-08-03,Modoc,049,8938,7,2,0,2,0
2020-08-03,Mono,051,14174,158,104,1,105,1
2020-08-03,Monterey,053,433212,5914,4806,15,4821,28
2020-08-03,Napa,055,140530,1216,973,0,973,8
2020-08-03,Nevada,057,99092,352,315,13,328,2
2020-08-03,Orange,059,3164182,44679,37705,870,38575,651
2020-08-03,Placer,061,380077,2421,1947,3,1950,16
2020-08-03,Plumas,063,18699,36,25,0,25,0
2020-08-03,Riverside,065,2383286,46473,38642,43,38685,740
2020-08-03,Sacramento,067,1510023,13615,10143,13,10156,142
2020-08-03,San Benito,069,59416,754,603,0,603,2
2020-08-03,San Bernardino,071,2135413,41551,33979,188,34167,444
2020-08-03,San Diego,073,3302833,33422,30228,36,30264,565
2020-08-03,San Francisco,075,870044,7683,6319,7,6326,60
2020-08-03,San Joaquin,077,732212,15331,12007,15,12022,189
2020-08-03,San Luis Obispo,079,281455,2292,1863,10,1873,14
2020-08-03,San Mateo,081,765935,6816,5661,6,5667,115
2020-08-03,Santa Barbara,083,443738,7444,6580,66,6646,59
2020-08-03,Santa Clara,085,1922200,13684,10747,30,10777,172
2020-08-03,Santa Cruz,087,273765,1396,1154,8,1162,4
2020-08-03,Shasta,089,179085,512,322,3,325,9
2020-08-03,Sierra,091,2930,5,1,0,1,0
2020-08-03,Siskiyou,093,43540,99,67,0,67,0
2020-08-03,Solano,095,438530,4457,3610,26,3636,29
2020-08-03,Sonoma,097,501317,3986,3079,6,3085,33
2020-08-03,Stanislaus,099,539301,12275,9308,66,9374,96
2020-08-03,Sutter,101,95872,940,713,1,714,6
2020-08-03,Tehama,103,63373,293,225,2,227,1
2020-08-03,Trinity,105,12862,27,5,6,11,0
2020-08-03,Tulare,107,460477,11786,9703,35,9738,188
2020-08-03,Tuolumne,109,53932,157,123,2,125,0
2020-08-03,Ventura,111,848112,9192,8084,32,8116,74
2020-08-03,Yolo,113,214977,1932,1598,3,1601,37
2020-08-03,Yuba,115,75493,550,393,0,393,1
2020-08-02,Alameda,001,1643700,14176,11696,94,11790,188
2020-08-02,Alpine,003,1148,2,2,0,2,0
2020-08-02,Amador,005,37829,193,117,0,117,0
2020-08-02,Butte,007,227075,1217,987,13,1000,9
2020-08-02,Calaveras,009,45235,150,116,0,116,1
2020-08-02,Colusa,011,21464,387,335,0,335,2
2020-08-02,Contra Costa,013,1133247,10787,7995,29,8024,118
2020-08-02,Del Norte,015,27424,89,68,0,68,0
2020-08-02,El Dorado,017,186661,822,643,0,643,1
2020-08-02,Fresno,019,978130,22330,15759,200,15959,151
2020-08-02,Glenn,021,27897,388,315,0,315,1
2020-08-02,Humboldt,023,135768,271,232,1,233,4
2020-08-02,Imperial,025,180216,10427,7919,8,7927,157
2020-08-02,Inyo,027,18085,84,45,1,46,1
2020-08-02,Kern,029,883053,25440,21162,138,21300,176
2020-08-02,Kings,031,150075,4912,3964,25,3989,47
2020-08-02,Lake,033,64148,240,201,0,201,1
2020-08-02,Lassen,035,31185,643,555,2,557,0
2020-08-02,Los Angeles,037,10098052,206178,192480,606,193086,4698
2020-08-02,Madera,039,155013,2966,2123,4,2127,18
2020-08-02,Marin,041,260295,5481,4985,9,4994,43
2020-08-02,Mariposa,043,17540,61,52,0,52,2
2020-08-02,Mendocino,045,87422,345,247,0,247,1
2020-08-02,Merced,047,269075,6103,4011,4,4015,29
2020-08-02,Modoc,049,8938,7,2,0,2,0
2020-08-02,Mono,051,14174,151,104,1,105,1
2020-08-02,Monterey,053,433212,5788,4698,15,4713,28
2020-08-02,Napa,055,140530,1201,956,0,956,8
2020-08-02,Nevada,057,99092,349,314,13,327,2
2020-08-02,Orange,059,3164182,44298,37266,859,38125,651
2020-08-02,Placer,061,380077,2382,1920,3,1923,15
2020-08-02,Plumas,063,18699,36,25,0,25,0
2020-08-02,Riverside,065,2383286,46040,38507,42,38549,735
2020-08-02,Sacramento,067,1510023,13336,10099,13,10112,142
2020-08-02,San Benito,069,59416,740,599,0,599,2
2020-08-02,San Bernardino,071,2135413,40950,33643,184,33827,443
2020-08-02,San Diego,073,3302833,33082,29885,27,29912,565
2020-08-02,San Francisco,075,870044,7565,6297,7,6304,60
2020-08-02,San Joaquin,077,732212,15045,11937,13,11950,189
2020-08-02,San Luis Obispo,079,281455,2229,1821,10,1831,14
2020-08-02,San Mateo,081,765935,6701,5618,6,5624,115
2020-08-02,Santa Barbara,083,443738,7353,6532,66,6598,59
2020-08-02,Santa Clara,085,1922200,13466,10577,30,10607,172
2020-08-02,Santa Cruz,087,273765,1376,1162,8,1170,4
2020-08-02,Shasta,089,179085,508,318,3,321,9
2020-08-02,Sierra,091,2930,4,1,0,1,0
2020-08-02,Siskiyou,093,43540,99,65,0,65,0
2020-08-02,Solano,095,438530,4398,3609,26,3635,29
2020-08-02,Sonoma,097,501317,3902,3005,6,3011,33
2020-08-02,Stanislaus,099,539301,12060,9277,61,9338,96
2020-08-02,Sutter,101,95872,905,714,1,715,6
2020-08-02,Tehama,103,63373,287,222,2,224,1
2020-08-02,Trinity,105,12862,27,5,6,11,0
2020-08-02,Tulare,107,460477,11577,9593,35,9628,188
2020-08-02,Tuolumne,109,53932,154,123,2,125,0
2020-08-02,Ventura,111,848112,9045,8014,32,8046,73
2020-08-02,Yolo,113,214977,1907,1588,3,1591,37
2020-08-02,Yuba,115,75493,530,393,0,393,1
2020-08-01,Alameda,001,1643700,14064,11590,94,11684,188
2020-08-01,Alpine,003,1148,2,2,0,2,0
2020-08-01,Amador,005,37829,189,109,0,109,0
2020-08-01,Butte,007,227075,1203,976,13,989,9
2020-08-01,Calaveras,009,45235,146,116,0,116,1
2020-08-01,Colusa,011,21464,386,327,0,327,2
2020-08-01,Contra Costa,013,1133247,10654,7867,28,7895,116
2020-08-01,Del Norte,015,27424,89,68,0,68,0
2020-08-01,El Dorado,017,186661,819,637,0,637,1
2020-08-01,Fresno,019,978130,22193,15448,200,15648,149
2020-08-01,Glenn,021,27897,387,311,0,311,1
2020-08-01,Humboldt,023,135768,270,232,1,233,4
2020-08-01,Imperial,025,180216,10391,7919,8,7927,156
2020-08-01,Inyo,027,18085,82,45,1,46,1
2020-08-01,Kern,029,883053,25280,20796,134,20930,176
2020-08-01,Kings,031,150075,4886,3948,25,3973,47
2020-08-01,Lake,033,64148,238,194,0,194,1
2020-08-01,Lassen,035,31185,642,555,2,557,0
2020-08-01,Los Angeles,037,10098052,205285,191023,579,191602,4674
2020-08-01,Madera,039,155013,2927,2103,4,2107,18
2020-08-01,Marin,041,260295,5466,4945,9,4954,43
2020-08-01,Mariposa,043,17540,61,50,0,50,2
2020-08-01,Mendocino,045,87422,338,243,0,243,1
2020-08-01,Merced,047,269075,6055,3972,4,3976,29
2020-08-01,Modoc,049,8938,7,2,0,2,0
2020-08-01,Mono,051,14174,150,104,1,105,1
2020-08-01,Monterey,053,433212,5721,4611,14,4625,28
2020-08-01,Napa,055,140530,1192,923,0,923,8
2020-08-01,Nevada,057,99092,345,305,13,318,2
2020-08-01,Orange,059,3164182,44071,36703,853,37556,648
2020-08-01,Placer,061,380077,2348,1891,3,1894,14
2020-08-01,Plumas,063,18699,35,25,0,25,0
2020-08-01,Riverside,065,2383286,45828,38216,40,38256,704
2020-08-01,Sacramento,067,1510023,13185,10044,13,10057,141
2020-08-01,San Benito,069,59416,729,579,0,579,2
2020-08-01,San Bernardino,071,2135413,40714,32947,183,33130,440
2020-08-01,San Diego,073,3302833,32865,29579,19,29598,565
2020-08-01,San Francisco,075,870044,7503,6296,7,6303,60
2020-08-01,San Joaquin,077,732212,14972,11807,12,11819,189
2020-08-01,San Luis Obispo,079,281455,2202,1798,10,1808,13
2020-08-01,San Mateo,081,765935,6647,5520,6,5526,115
2020-08-01,Santa Barbara,083,443738,7313,6465,66,6531,59
2020-08-01,Santa Clara,085,1922200,13315,10281,29,10310,171
2020-08-01,Santa Cruz,087,273765,1360,1164,8,1172,4
2020-08-01,Shasta,089,179085,503,312,3,315,9
2020-08-01,Sierra,091,2930,3,1,0,1,0
2020-08-01,Siskiyou,093,43540,99,64,0,64,0
2020-08-01,Solano,095,438530,4364,3591,25,3616,29
2020-08-01,Sonoma,097,501317,3856,2890,6,2896,29
2020-08-01,Stanislaus,099,539301,11942,9221,53,9274,96
2020-08-01,Sutter,101,95872,901,714,1,715,6
2020-08-01,Tehama,103,63373,284,220,2,222,1
2020-08-01,Trinity,105,12862,27,5,6,11,0
2020-08-01,Tulare,107,460477,11509,9520,35,9555,188
2020-08-01,Tuolumne,109,53932,154,123,2,125,0
2020-08-01,Ventura,111,848112,8999,7819,32,7851,73
2020-08-01,Yolo,113,214977,1897,1557,3,1560,37
2020-08-01,Yuba,115,75493,525,387,0,387,1
2020-07-31,Alameda,001,1643700,13933,11441,94,11535,187
2020-07-31,Alpine,003,1148,2,2,0,2,0
2020-07-31,Amador,005,37829,188,98,0,98,0
2020-07-31,Butte,007,227075,1180,925,13,938,7
2020-07-31,Calaveras,009,45235,146,112,0,112,1
2020-07-31,Colusa,011,21464,376,319,0,319,2
2020-07-31,Contra Costa,013,1133247,10506,7697,27,7724,113
2020-07-31,Del Norte,015,27424,88,68,0,68,0
2020-07-31,El Dorado,017,186661,808,616,0,616,1
2020-07-31,Fresno,019,978130,21973,15083,200,15283,133
2020-07-31,Glenn,021,27897,380,304,0,304,1
2020-07-31,Humboldt,023,135768,263,229,1,230,4
2020-07-31,Imperial,025,180216,10359,7886,8,7894,155
2020-07-31,Inyo,027,18085,72,45,1,46,1
2020-07-31,Kern,029,883053,25038,20061,130,20191,173
2020-07-31,Kings,031,150075,4858,3807,25,3832,45
2020-07-31,Lake,033,64148,237,191,0,191,1
2020-07-31,Lassen,035,31185,637,544,2,546,0
2020-07-31,Los Angeles,037,10098052,203685,188688,566,189254,4628
2020-07-31,Madera,039,155013,2880,2036,4,2040,19
2020-07-31,Marin,041,260295,5422,4885,6,4891,43
2020-07-31,Mariposa,043,17540,61,49,0,49,2
2020-07-31,Mendocino,045,87422,323,232,0,232,1
2020-07-31,Merced,047,269075,5972,3789,4,3793,30
2020-07-31,Modoc,049,8938,6,0,0,0,0
2020-07-31,Mono,051,14174,149,104,1,105,1
2020-07-31,Monterey,053,433212,5629,4493,14,4507,24
2020-07-31,Napa,055,140530,1180,897,0,897,7
2020-07-31,Nevada,057,99092,343,302,13,315,2
2020-07-31,Orange,059,3164182,43772,36196,838,37034,620
2020-07-31,Placer,061,380077,2323,1853,3,1856,14
2020-07-31,Plumas,063,18699,34,25,0,25,0
2020-07-31,Riverside,065,2383286,45438,37612,39,37651,694
2020-07-31,Sacramento,067,1510023,13007,9872,13,9885,132
2020-07-31,San Benito,069,59416,721,567,0,567,2
2020-07-31,San Bernardino,071,2135413,40384,32332,182,32514,434
2020-07-31,San Diego,073,3302833,32631,29050,11,29061,561
2020-07-31,San Francisco,075,870044,7404,6126,7,6133,60
2020-07-31,San Joaquin,077,732212,14832,11561,12,11573,177
2020-07-31,San Luis Obispo,079,281455,2133,1746,10,1756,12
2020-07-31,San Mateo,081,765935,6575,5416,6,5422,115
2020-07-31,Santa Barbara,083,443738,7246,6375,66,6441,58
2020-07-31,Santa Clara,085,1922200,13094,9863,29,9892,171
2020-07-31,Santa Cruz,087,273765,1337,1118,8,1126,4
2020-07-31,Shasta,089,179085,493,305,3,308,9
2020-07-31,Sierra,091,2930,3,1,0,1,0
2020-07-31,Siskiyou,093,43540,97,61,0,61,0
2020-07-31,Solano,095,438530,4317,3510,24,3534,29
2020-07-31,Sonoma,097,501317,3798,2745,6,2751,27
2020-07-31,Stanislaus,099,539301,11835,9061,48,9109,94
2020-07-31,Sutter,101,95872,896,714,1,715,6
2020-07-31,Tehama,103,63373,281,213,2,215,1
2020-07-31,Trinity,105,12862,27,5,6,11,0
2020-07-31,Tulare,107,460477,11388,9365,35,9400,184
2020-07-31,Tuolumne,109,53932,154,120,2,122,0
2020-07-31,Ventura,111,848112,8924,7521,32,7553,71
2020-07-31,Yolo,113,214977,1871,1522,3,1525,38
2020-07-31,Yuba,115,75493,516,369,0,369,1
2020-07-30,Alameda,001,1643700,13730,11303,54,11357,185
2020-07-30,Alpine,003,1148,2,2,0,2,0
2020-07-30,Amador,005,37829,170,97,0,97,0
2020-07-30,Butte,007,227075,1164,915,13,928,7
2020-07-30,Calaveras,009,45235,142,111,0,111,1
2020-07-30,Colusa,011,21464,373,315,0,315,2
2020-07-30,Contra Costa,013,1133247,10321,7615,26,7641,112
2020-07-30,Del Norte,015,27424,88,68,0,68,0
2020-07-30,El Dorado,017,186661,801,608,0,608,1
2020-07-30,Fresno,019,978130,21637,14793,194,14987,133
2020-07-30,Glenn,021,27897,373,297,0,297,1
2020-07-30,Humboldt,023,135768,261,228,1,229,4
2020-07-30,Imperial,025,180216,10300,7849,8,7857,151
2020-07-30,Inyo,027,18085,68,44,1,45,1
2020-07-30,Kern,029,883053,24745,19552,126,19678,171
2020-07-30,Kings,031,150075,4754,3785,25,3810,43
2020-07-30,Lake,033,64148,231,181,0,181,1
2020-07-30,Lassen,035,31185,634,544,2,546,0
2020-07-30,Los Angeles,037,10098052,201656,186177,535,186712,4564
2020-07-30,Madera,039,155013,2810,2007,4,2011,18
2020-07-30,Marin,041,260295,5380,4835,5,4840,39
2020-07-30,Mariposa,043,17540,61,49,0,49,1
2020-07-30,Mendocino,045,87422,316,232,0,232,1
2020-07-30,Merced,047,269075,5807,3695,4,3699,30
2020-07-30,Modoc,049,8938,6,0,0,0,0
2020-07-30,Mono,051,14174,148,104,1,105,1
2020-07-30,Monterey,053,433212,5517,4352,14,4366,24
2020-07-30,Napa,055,140530,1163,874,0,874,7
2020-07-30,Nevada,057,99092,338,292,13,305,2
2020-07-30,Orange,059,3164182,43357,36105,813,36918,607
2020-07-30,Placer,061,380077,2272,1821,3,1824,14
2020-07-30,Plumas,063,18699,33,25,0,25,0
2020-07-30,Riverside,065,2383286,44897,37308,39,37347,685
2020-07-30,Sacramento,067,1510023,12788,9704,13,9717,126
2020-07-30,San Benito,069,59416,708,558,0,558,2
2020-07-30,San Bernardino,071,2135413,39860,32010,182,32192,427
2020-07-30,San Diego,073,3302833,32284,28670,9,28679,558
2020-07-30,San Francisco,075,870044,7304,6107,7,6114,59
2020-07-30,San Joaquin,077,732212,14638,11435,12,11447,161
2020-07-30,San Luis Obispo,079,281455,2098,1703,10,1713,12
2020-07-30,San Mateo,081,765935,6480,5369,6,5375,115
2020-07-30,Santa Barbara,083,443738,7166,6273,66,6339,52
2020-07-30,Santa Clara,085,1922200,12858,9708,28,9736,170
2020-07-30,Santa Cruz,087,273765,1309,1087,8,1095,4
2020-07-30,Shasta,089,179085,489,306,3,309,8
2020-07-30,Sierra,091,2930,3,1,0,1,0
2020-07-30,Siskiyou,093,43540,96,60,0,60,0
2020-07-30,Solano,095,438530,4266,3463,24,3487,29
2020-07-30,Sonoma,097,501317,3726,2684,6,2690,25
2020-07-30,Stanislaus,099,539301,11622,8890,40,8930,94
2020-07-30,Sutter,101,95872,877,698,1,699,6
2020-07-30,Tehama,103,63373,278,208,2,210,1
2020-07-30,Trinity,105,12862,26,4,6,10,0
2020-07-30,Tulare,107,460477,11259,9167,35,9202,177
2020-07-30,Tuolumne,109,53932,153,119,2,121,0
2020-07-30,Ventura,111,848112,8812,7304,30,7334,69
2020-07-30,Yolo,113,214977,1851,1511,3,1514,37
2020-07-30,Yuba,115,75493,503,362,0,362,1
2020-07-29,Alameda,001,1643700,13511,11177,49,11226,180
2020-07-29,Alpine,003,1148,2,2,0,2,0
2020-07-29,Amador,005,37829,162,80,0,80,0
2020-07-29,Butte,007,227075,1138,889,11,900,7
2020-07-29,Calaveras,009,45235,136,107,0,107,1
2020-07-29,Colusa,011,21464,369,302,0,302,2
2020-07-29,Contra Costa,013,1133247,10117,7520,26,7546,108
2020-07-29,Del Norte,015,27424,88,68,0,68,0
2020-07-29,El Dorado,017,186661,791,588,0,588,1
2020-07-29,Fresno,019,978130,21345,14312,194,14506,125
2020-07-29,Glenn,021,27897,366,294,0,294,1
2020-07-29,Humboldt,023,135768,258,221,1,222,4
2020-07-29,Imperial,025,180216,10252,7825,8,7833,147
2020-07-29,Inyo,027,18085,63,44,1,45,1
2020-07-29,Kern,029,883053,24407,19073,123,19196,162
2020-07-29,Kings,031,150075,4706,3755,25,3780,43
2020-07-29,Lake,033,64148,229,179,0,179,1
2020-07-29,Lassen,035,31185,619,513,2,515,0
2020-07-29,Los Angeles,037,10098052,199630,183600,518,184118,4523
2020-07-29,Madera,039,155013,2756,1941,4,1945,18
2020-07-29,Marin,041,260295,5342,4747,5,4752,34
2020-07-29,Mariposa,043,17540,60,47,0,47,1
2020-07-29,Mendocino,045,87422,308,228,0,228,0
2020-07-29,Merced,047,269075,5667,3605,4,3609,25
2020-07-29,Modoc,049,8938,5,0,0,0,0
2020-07-29,Mono,051,14174,145,102,1,103,1
2020-07-29,Monterey,053,433212,5418,4252,14,4266,24
2020-07-29,Napa,055,140530,1135,866,0,866,7
2020-07-29,Nevada,057,99092,334,288,13,301,1
2020-07-29,Orange,059,3164182,42923,35339,801,36140,589
2020-07-29,Placer,061,380077,2240,1798,3,1801,14
2020-07-29,Plumas,063,18699,33,25,0,25,0
2020-07-29,Riverside,065,2383286,44305,36968,39,37007,678
2020-07-29,Sacramento,067,1510023,12542,9538,13,9551,122
2020-07-29,San Benito,069,59416,693,537,0,537,2
2020-07-29,San Bernardino,071,2135413,39371,31168,171,31339,417
2020-07-29,San Diego,073,3302833,31959,28289,8,28297,552
2020-07-29,San Francisco,075,870044,7210,6041,7,6048,56
2020-07-29,San Joaquin,077,732212,14390,11249,9,11258,154
2020-07-29,San Luis Obispo,079,281455,2078,1673,10,1683,11
2020-07-29,San Mateo,081,765935,6392,5305,6,5311,114
2020-07-29,Santa Barbara,083,443738,7096,6215,66,6281,31
2020-07-29,Santa Clara,085,1922200,12651,9567,28,9595,165
2020-07-29,Santa Cruz,087,273765,1285,1051,8,1059,4
2020-07-29,Shasta,089,179085,477,297,3,300,8
2020-07-29,Sierra,091,2930,2,1,0,1,0
2020-07-29,Siskiyou,093,43540,94,58,0,58,0
2020-07-29,Solano,095,438530,4212,3380,24,3404,29
2020-07-29,Sonoma,097,501317,3649,2598,6,2604,26
2020-07-29,Stanislaus,099,539301,11401,8745,34,8779,94
2020-07-29,Sutter,101,95872,849,678,1,679,6
2020-07-29,Tehama,103,63373,274,206,2,208,1
2020-07-29,Trinity,105,12862,26,4,6,10,0
2020-07-29,Tulare,107,460477,11088,9028,35,9063,156
2020-07-29,Tuolumne,109,53932,153,118,2,120,0
2020-07-29,Ventura,111,848112,8707,7161,30,7191,68
2020-07-29,Yolo,113,214977,1825,1488,3,1491,36
2020-07-29,Yuba,115,75493,487,350,0,350,1
2020-07-28,Alameda,001,1643700,13283,10875,48,10923,180
2020-07-28,Alpine,003,1148,2,2,0,2,0
2020-07-28,Amador,005,37829,152,77,0,77,0
2020-07-28,Butte,007,227075,1103,857,11,868,7
2020-07-28,Calaveras,009,45235,135,105,0,105,1
2020-07-28,Colusa,011,21464,363,290,0,290,2
2020-07-28,Contra Costa,013,1133247,9895,7426,26,7452,107
2020-07-28,Del Norte,015,27424,87,68,0,68,0
2020-07-28,El Dorado,017,186661,776,558,0,558,1
2020-07-28,Fresno,019,978130,21009,13933,188,14121,125
2020-07-28,Glenn,021,27897,364,289,0,289,1
2020-07-28,Humboldt,023,135768,257,218,1,219,4
2020-07-28,Imperial,025,180216,10216,7804,8,7812,145
2020-07-28,Inyo,027,18085,61,43,1,44,1
2020-07-28,Kern,029,883053,24044,18834,117,18951,155
2020-07-28,Kings,031,150075,4660,3721,25,3746,41
2020-07-28,Lake,033,64148,225,179,0,179,1
2020-07-28,Lassen,035,31185,613,508,2,510,0
2020-07-28,Los Angeles,037,10098052,197401,179107,495,179602,4435
2020-07-28,Madera,039,155013,2690,1889,4,1893,18
2020-07-28,Marin,041,260295,5273,4698,5,4703,23
2020-07-28,Mariposa,043,17540,58,45,0,45,1
2020-07-28,Mendocino,045,87422,297,222,0,222,0
2020-07-28,Merced,047,269075,5522,3446,4,3450,23
2020-07-28,Modoc,049,8938,4,0,0,0,0
2020-07-28,Mono,051,14174,144,102,1,103,1
2020-07-28,Monterey,053,433212,5297,4047,14,4061,22
2020-07-28,Napa,055,140530,1113,824,0,824,6
2020-07-28,Nevada,057,99092,329,278,13,291,1
2020-07-28,Orange,059,3164182,42465,34832,788,35620,582
2020-07-28,Placer,061,380077,2205,1759,3,1762,14
2020-07-28,Plumas,063,18699,33,22,0,22,0
2020-07-28,Riverside,065,2383286,43703,36458,39,36497,668
2020-07-28,Sacramento,067,1510023,12283,9429,12,9441,117
2020-07-28,San Benito,069,59416,683,503,0,503,2
2020-07-28,San Bernardino,071,2135413,38847,30493,167,30660,412
2020-07-28,San Diego,073,3302833,31609,28007,6,28013,547
2020-07-28,San Francisco,075,870044,7097,5888,7,5895,56
2020-07-28,San Joaquin,077,732212,14107,10958,7,10965,141
2020-07-28,San Luis Obispo,079,281455,2047,1636,10,1646,9
2020-07-28,San Mateo,081,765935,6318,5171,6,5177,114
2020-07-28,Santa Barbara,083,443738,7033,6110,64,6174,31
2020-07-28,Santa Clara,085,1922200,12416,9307,28,9335,165
2020-07-28,Santa Cruz,087,273765,1258,1018,8,1026,4
2020-07-28,Shasta,089,179085,465,275,3,278,8
2020-07-28,Sierra,091,2930,2,1,0,1,0
2020-07-28,Siskiyou,093,43540,90,57,0,57,0
2020-07-28,Solano,095,438530,4165,3292,23,3315,29
2020-07-28,Sonoma,097,501317,3576,2553,6,2559,20
2020-07-28,Stanislaus,099,539301,11179,8492,26,8518,92
2020-07-28,Sutter,101,95872,812,653,0,653,2
2020-07-28,Tehama,103,63373,269,199,2,201,1
2020-07-28,Trinity,105,12862,26,3,6,9,0
2020-07-28,Tulare,107,460477,10901,8787,35,8822,96
2020-07-28,Tuolumne,109,53932,152,116,2,118,0
2020-07-28,Ventura,111,848112,8581,7045,29,7074,68
2020-07-28,Yolo,113,214977,1797,1459,3,1462,36
2020-07-28,Yuba,115,75493,470,333,0,333,1
2020-07-27,Alameda,001,1643700,13056,10645,45,10690,176
2020-07-27,Alpine,003,1148,2,2,0,2,0
2020-07-27,Amador,005,37829,147,72,0,72,0
2020-07-27,Butte,007,227075,1076,843,11,854,7
2020-07-27,Calaveras,009,45235,131,103,0,103,1
2020-07-27,Colusa,011,21464,356,271,0,271,2
2020-07-27,Contra Costa,013,1133247,9673,7256,26,7282,104
2020-07-27,Del Norte,015,27424,86,67,0,67,0
2020-07-27,El Dorado,017,186661,764,548,0,548,1
2020-07-27,Fresno,019,978130,20662,13485,182,13667,117
2020-07-27,Glenn,021,27897,362,277,0,277,1
2020-07-27,Humboldt,023,135768,252,218,1,219,4
2020-07-27,Imperial,025,180216,10166,7789,8,7797,144
2020-07-27,Inyo,027,18085,61,43,1,44,1
2020-07-27,Kern,029,883053,23542,17994,111,18105,148
2020-07-27,Kings,031,150075,4411,3685,25,3710,39
2020-07-27,Lake,033,64148,221,176,0,176,1
2020-07-27,Lassen,035,31185,613,503,2,505,0
2020-07-27,Los Angeles,037,10098052,194981,176351,477,176828,4379
2020-07-27,Madera,039,155013,2625,1793,4,1797,17
2020-07-27,Marin,041,260295,5185,4669,5,4674,22
2020-07-27,Mariposa,043,17540,58,43,0,43,1
2020-07-27,Mendocino,045,87422,284,209,0,209,0
2020-07-27,Merced,047,269075,5382,3292,4,3296,23
2020-07-27,Modoc,049,8938,3,0,0,0,0
2020-07-27,Mono,051,14174,140,99,1,100,1
2020-07-27,Monterey,053,433212,5107,3960,14,3974,21
2020-07-27,Napa,055,140530,1098,769,0,769,6
2020-07-27,Nevada,057,99092,325,268,13,281,1
2020-07-27,Orange,059,3164182,42025,34649,772,35421,566
2020-07-27,Placer,061,380077,2155,1679,3,1682,12
2020-07-27,Plumas,063,18699,33,22,0,22,0
2020-07-27,Riverside,065,2383286,43025,35822,39,35861,667
2020-07-27,Sacramento,067,1510023,11990,9091,12,9103,114
2020-07-27,San Benito,069,59416,668,498,0,498,2
2020-07-27,San Bernardino,071,2135413,38254,29928,157,30085,401
2020-07-27,San Diego,073,3302833,31235,27509,5,27514,533
2020-07-27,San Francisco,075,870044,7010,5825,7,5832,55
2020-07-27,San Joaquin,077,732212,13817,10728,7,10735,129
2020-07-27,San Luis Obispo,079,281455,2002,1612,10,1622,9
2020-07-27,San Mateo,081,765935,6209,5108,6,5114,113
2020-07-27,Santa Barbara,083,443738,6951,6026,62,6088,30
2020-07-27,Santa Clara,085,1922200,12147,9157,27,9184,166
2020-07-27,Santa Cruz,087,273765,1235,984,8,992,4
2020-07-27,Shasta,089,179085,458,275,3,278,8
2020-07-27,Sierra,091,2930,2,1,0,1,0
2020-07-27,Siskiyou,093,43540,88,54,0,54,0
2020-07-27,Solano,095,438530,4098,3198,22,3220,29
2020-07-27,Sonoma,097,501317,3485,2504,6,2510,20
2020-07-27,Stanislaus,099,539301,10952,8288,18,8306,84
2020-07-27,Sutter,101,95872,786,620,0,620,2
2020-07-27,Tehama,103,63373,261,192,2,194,1
2020-07-27,Trinity,105,12862,26,3,6,9,0
2020-07-27,Tulare,107,460477,10683,8462,35,8497,172
2020-07-27,Tuolumne,109,53932,149,115,2,117,0
2020-07-27,Ventura,111,848112,8453,6998,28,7026,68
2020-07-27,Yolo,113,214977,1752,1439,3,1442,33
2020-07-27,Yuba,115,75493,450,328,0,328,1
2020-07-26,Alameda,001,1643700,12818,10489,44,10533,176
2020-07-26,Alpine,003,1148,2,2,0,2,0
2020-07-26,Amador,005,37829,141,67,0,67,0
2020-07-26,Butte,007,227075,1039,822,11,833,5
2020-07-26,Calaveras,009,45235,128,103,0,103,1
2020-07-26,Colusa,011,21464,347,270,0,270,2
2020-07-26,Contra Costa,013,1133247,9436,7095,26,7121,104
2020-07-26,Del Norte,015,27424,84,67,0,67,0
2020-07-26,El Dorado,017,186661,746,539,0,539,1
2020-07-26,Fresno,019,978130,20270,13209,174,13383,117
2020-07-26,Glenn,021,27897,354,265,0,265,1
2020-07-26,Humboldt,023,135768,246,214,1,215,4
2020-07-26,Imperial,025,180216,10093,7781,8,7789,144
2020-07-26,Inyo,027,18085,56,43,1,44,1
2020-07-26,Kern,029,883053,23018,17394,108,17502,148
2020-07-26,Kings,031,150075,4352,3591,25,3616,39
2020-07-26,Lake,033,64148,213,174,0,174,1
2020-07-26,Lassen,035,31185,572,503,2,505,0
2020-07-26,Los Angeles,037,10098052,192414,174322,459,174781,4364
2020-07-26,Madera,039,155013,2538,1744,4,1748,17
2020-07-26,Marin,041,260295,5139,4595,5,4600,22
2020-07-26,Mariposa,043,17540,56,43,0,43,1
2020-07-26,Mendocino,045,87422,275,206,0,206,0
2020-07-26,Merced,047,269075,5202,3251,3,3254,23
2020-07-26,Modoc,049,8938,3,0,0,0,0
2020-07-26,Mono,051,14174,136,82,1,83,1
2020-07-26,Monterey,053,433212,4941,3901,14,3915,21
2020-07-26,Napa,055,140530,1079,769,0,769,6
2020-07-26,Nevada,057,99092,322,261,13,274,1
2020-07-26,Orange,059,3164182,41500,34352,740,35092,564
2020-07-26,Placer,061,380077,2090,1628,3,1631,12
2020-07-26,Plumas,063,18699,33,22,0,22,0
2020-07-26,Riverside,065,2383286,42465,35636,39,35675,665
2020-07-26,Sacramento,067,1510023,11686,8972,12,8984,114
2020-07-26,San Benito,069,59416,656,495,0,495,2
2020-07-26,San Bernardino,071,2135413,37613,29545,148,29693,400
2020-07-26,San Diego,073,3302833,30839,26986,4,26990,533
2020-07-26,San Francisco,075,870044,6902,5823,7,5830,55
2020-07-26,San Joaquin,077,732212,13524,10637,7,10644,129
2020-07-26,San Luis Obispo,079,281455,1959,1565,10,1575,8
2020-07-26,San Mateo,081,765935,6103,5078,6,5084,113
2020-07-26,Santa Barbara,083,443738,6848,5939,62,6001,30
2020-07-26,Santa Clara,085,1922200,11918,8986,27,9013,166
2020-07-26,Santa Cruz,087,273765,1208,970,8,978,4
2020-07-26,Shasta,089,179085,451,265,3,268,8
2020-07-26,Sierra,091,2930,2,1,0,1,0
2020-07-26,Siskiyou,093,43540,86,54,0,54,0
2020-07-26,Solano,095,438530,4018,3197,20,3217,29
2020-07-26,Sonoma,097,501317,3396,2503,5,2508,20
2020-07-26,Stanislaus,099,539301,10691,8228,17,8245,84
2020-07-26,Sutter,101,95872,772,612,0,612,2
2020-07-26,Tehama,103,63373,254,175,2,177,1
2020-07-26,Trinity,105,12862,26,3,6,9,0
2020-07-26,Tulare,107,460477,10476,8392,35,8427,172
2020-07-26,Tuolumne,109,53932,144,113,2,115,0
2020-07-26,Ventura,111,848112,8246,6844,28,6872,67
2020-07-26,Yolo,113,214977,1721,1408,3,1411,33
2020-07-26,Yuba,115,75493,431,313,0,313,1
2020-07-25,Alameda,001,1643700,12721,10361,42,10403,176
2020-07-25,Alpine,003,1148,2,2,0,2,0
2020-07-25,Amador,005,37829,138,67,0,67,0
2020-07-25,Butte,007,227075,1030,810,11,821,5
2020-07-25,Calaveras,009,45235,124,103,0,103,1
2020-07-25,Colusa,011,21464,340,265,0,265,2
2020-07-25,Contra Costa,013,1133247,9291,6920,26,6946,104
2020-07-25,Del Norte,015,27424,84,67,0,67,0
2020-07-25,El Dorado,017,186661,735,528,0,528,1
2020-07-25,Fresno,019,978130,20084,12866,174,13040,117
2020-07-25,Glenn,021,27897,352,260,0,260,1
2020-07-25,Humboldt,023,135768,243,212,1,213,4
2020-07-25,Imperial,025,180216,10067,7727,8,7735,144
2020-07-25,Inyo,027,18085,55,43,1,44,1
2020-07-25,Kern,029,883053,22800,16910,107,17017,148
2020-07-25,Kings,031,150075,4335,3516,25,3541,39
2020-07-25,Lake,033,64148,211,173,0,173,1
2020-07-25,Lassen,035,31185,572,503,2,505,0
2020-07-25,Los Angeles,037,10098052,191283,172611,452,173063,4357
2020-07-25,Madera,039,155013,2506,1724,4,1728,17
2020-07-25,Marin,041,260295,5123,4562,5,4567,22
2020-07-25,Mariposa,043,17540,55,43,0,43,1
2020-07-25,Mendocino,045,87422,269,190,0,190,0
2020-07-25,Merced,047,269075,5123,3176,3,3179,23
2020-07-25,Modoc,049,8938,3,0,0,0,0
2020-07-25,Mono,051,14174,136,82,1,83,1
2020-07-25,Monterey,053,433212,4864,3805,14,3819,21
2020-07-25,Napa,055,140530,1066,746,0,746,6
2020-07-25,Nevada,057,99092,320,257,13,270,1
2020-07-25,Orange,059,3164182,41280,33978,719,34697,561
2020-07-25,Placer,061,380077,2074,1596,3,1599,12
2020-07-25,Plumas,063,18699,33,22,0,22,0
2020-07-25,Riverside,065,2383286,42197,34921,39,34960,655
2020-07-25,Sacramento,067,1510023,11540,8674,12,8686,113
2020-07-25,San Benito,069,59416,640,492,0,492,2
2020-07-25,San Bernardino,071,2135413,37334,29265,145,29410,394
2020-07-25,San Diego,073,3302833,30578,26703,3,26706,533
2020-07-25,San Francisco,075,870044,6844,5644,7,5651,55
2020-07-25,San Joaquin,077,732212,13398,10347,6,10353,129
2020-07-25,San Luis Obispo,079,281455,1939,1530,9,1539,8
2020-07-25,San Mateo,081,765935,6040,5023,6,5029,113
2020-07-25,Santa Barbara,083,443738,6812,5880,62,5942,30
2020-07-25,Santa Clara,085,1922200,11784,8767,27,8794,166
2020-07-25,Santa Cruz,087,273765,1191,939,8,947,4
2020-07-25,Shasta,089,179085,446,263,1,264,8
2020-07-25,Sierra,091,2930,2,1,0,1,0
2020-07-25,Siskiyou,093,43540,84,54,0,54,0
2020-07-25,Solano,095,438530,3978,3107,18,3125,29
2020-07-25,Sonoma,097,501317,3357,2412,5,2417,20
2020-07-25,Stanislaus,099,539301,10588,7994,14,8008,84
2020-07-25,Sutter,101,95872,753,603,0,603,2
2020-07-25,Tehama,103,63373,253,169,2,171,1
2020-07-25,Trinity,105,12862,26,3,6,9,0
2020-07-25,Tulare,107,460477,10376,8310,35,8345,172
2020-07-25,Tuolumne,109,53932,143,99,2,101,0
2020-07-25,Ventura,111,848112,8173,6662,28,6690,62
2020-07-25,Yolo,113,214977,1706,1357,3,1360,35
2020-07-25,Yuba,115,75493,425,312,0,312,1
2020-07-24,Alameda,001,1643700,12579,10216,39,10255,176
2020-07-24,Alpine,003,1148,2,2,0,2,0
2020-07-24,Amador,005,37829,136,66,0,66,0
2020-07-24,Butte,007,227075,1018,751,11,762,5
2020-07-24,Calaveras,009,45235,120,102,0,102,0
2020-07-24,Colusa,011,21464,337,255,0,255,2
2020-07-24,Contra Costa,013,1133247,9145,6814,26,6840,100
2020-07-24,Del Norte,015,27424,84,66,0,66,0
2020-07-24,El Dorado,017,186661,713,516,0,516,1
2020-07-24,Fresno,019,978130,19857,12564,174,12738,115
2020-07-24,Glenn,021,27897,349,251,0,251,1
2020-07-24,Humboldt,023,135768,240,210,1,211,4
2020-07-24,Imperial,025,180216,10045,7686,8,7694,141
2020-07-24,Inyo,027,18085,55,41,1,42,1
2020-07-24,Kern,029,883053,22559,16124,107,16231,143
2020-07-24,Kings,031,150075,4305,3471,25,3496,39
2020-07-24,Lake,033,64148,209,167,0,167,1
2020-07-24,Lassen,035,31185,572,503,2,505,0
2020-07-24,Los Angeles,037,10098052,189264,169078,441,169519,4302
2020-07-24,Madera,039,155013,2473,1679,4,1683,16
2020-07-24,Marin,041,260295,5096,4517,5,4522,22
2020-07-24,Mariposa,043,17540,55,41,0,41,1
2020-07-24,Mendocino,045,87422,262,188,0,188,0
2020-07-24,Merced,047,269075,5038,3100,3,3103,23
2020-07-24,Modoc,049,8938,3,0,0,0,0
2020-07-24,Mono,051,14174,135,82,1,83,1
2020-07-24,Monterey,053,433212,4792,3748,14,3762,21
2020-07-24,Napa,055,140530,1053,741,0,741,6
2020-07-24,Nevada,057,99092,317,255,13,268,1
2020-07-24,Orange,059,3164182,40992,33530,703,34233,557
2020-07-24,Placer,061,380077,2043,1551,3,1554,12
2020-07-24,Plumas,063,18699,33,22,0,22,0
2020-07-24,Riverside,065,2383286,41774,34513,38,34551,631
2020-07-24,Sacramento,067,1510023,11352,8570,12,8582,110
2020-07-24,San Benito,069,59416,633,485,0,485,2
2020-07-24,San Bernardino,071,2135413,36960,28990,140,29130,386
2020-07-24,San Diego,073,3302833,30278,26100,3,26103,524
2020-07-24,San Francisco,075,870044,6750,5611,7,5618,55
2020-07-24,San Joaquin,077,732212,13249,10190,6,10196,118
2020-07-24,San Luis Obispo,079,281455,1915,1476,9,1485,8
2020-07-24,San Mateo,081,765935,5977,4954,6,4960,112
2020-07-24,Santa Barbara,083,443738,6758,5776,60,5836,30
2020-07-24,Santa Clara,085,1922200,11619,8658,27,8685,165
2020-07-24,Santa Cruz,087,273765,1171,930,8,938,4
2020-07-24,Shasta,089,179085,438,262,1,263,8
2020-07-24,Sierra,091,2930,2,1,0,1,0
2020-07-24,Siskiyou,093,43540,84,53,0,53,0
2020-07-24,Solano,095,438530,3942,3062,15,3077,29
2020-07-24,Sonoma,097,501317,3304,2345,5,2350,20
2020-07-24,Stanislaus,099,539301,10416,7861,11,7872,82
2020-07-24,Sutter,101,95872,742,593,0,593,2
2020-07-24,Tehama,103,63373,245,170,2,172,1
2020-07-24,Trinity,105,12862,25,3,6,9,0
2020-07-24,Tulare,107,460477,10282,8167,33,8200,167
2020-07-24,Tuolumne,109,53932,137,99,2,101,0
2020-07-24,Ventura,111,848112,8088,6553,28,6581,60
2020-07-24,Yolo,113,214977,1692,1329,3,1332,35
2020-07-24,Yuba,115,75493,410,307,0,307,1
2020-07-23,Alameda,001,1643700,12338,9924,39,9963,171
2020-07-23,Alpine,003,1148,2,2,0,2,0
2020-07-23,Amador,005,37829,119,61,0,61,0
2020-07-23,Butte,007,227075,1003,726,10,736,5
2020-07-23,Calaveras,009,45235,113,102,0,102,0
2020-07-23,Colusa,011,21464,329,242,0,242,2
2020-07-23,Contra Costa,013,1133247,8945,6619,24,6643,98
2020-07-23,Del Norte,015,27424,84,66,0,66,0
2020-07-23,El Dorado,017,186661,702,491,0,491,1
2020-07-23,Fresno,019,978130,19501,12164,171,12335,112
2020-07-23,Glenn,021,27897,344,246,0,246,1
2020-07-23,Humboldt,023,135768,239,208,1,209,4
2020-07-23,Imperial,025,180216,9995,7604,8,7612,138
2020-07-23,Inyo,027,18085,53,38,1,39,1
2020-07-23,Kern,029,883053,22152,14491,103,14594,128
2020-07-23,Kings,031,150075,4193,3371,25,3396,39
2020-07-23,Lake,033,64148,200,160,0,160,1
2020-07-23,Lassen,035,31185,569,503,2,505,0
2020-07-23,Los Angeles,037,10098052,186720,167198,415,167613,4265
2020-07-23,Madera,039,155013,2407,1659,3,1662,13
2020-07-23,Marin,041,260295,5044,4423,5,4428,22
2020-07-23,Mariposa,043,17540,55,40,0,40,1
2020-07-23,Mendocino,045,87422,252,178,0,178,0
2020-07-23,Merced,047,269075,4882,2972,3,2975,22
2020-07-23,Modoc,049,8938,3,0,0,0,0
2020-07-23,Mono,051,14174,131,82,1,83,1
2020-07-23,Monterey,053,433212,4674,3655,14,3669,21
2020-07-23,Napa,055,140530,1029,713,0,713,5
2020-07-23,Nevada,057,99092,314,247,13,260,1
2020-07-23,Orange,059,3164182,40496,32863,673,33536,544
2020-07-23,Placer,061,380077,2000,1519,3,1522,12
2020-07-23,Plumas,063,18699,32,21,0,21,0
2020-07-23,Riverside,065,2383286,41169,33833,38,33871,630
2020-07-23,Sacramento,067,1510023,11121,8222,12,8234,108
2020-07-23,San Benito,069,59416,618,478,0,478,2
2020-07-23,San Bernardino,071,2135413,36440,28121,134,28255,369
2020-07-23,San Diego,073,3302833,29904,25109,3,25112,505
2020-07-23,San Francisco,075,870044,6649,5543,7,5550,55
2020-07-23,San Joaquin,077,732212,13030,9861,6,9867,111
2020-07-23,San Luis Obispo,079,281455,1887,1438,9,1447,7
2020-07-23,San Mateo,081,765935,5872,4895,6,4901,113
2020-07-23,Santa Barbara,083,443738,6679,5628,60,5688,30
2020-07-23,Santa Clara,085,1922200,11401,8458,27,8485,165
2020-07-23,Santa Cruz,087,273765,1135,887,8,895,3
2020-07-23,Shasta,089,179085,427,254,1,255,9
2020-07-23,Sierra,091,2930,2,1,0,1,0
2020-07-23,Siskiyou,093,43540,82,53,0,53,0
2020-07-23,Solano,095,438530,3878,2962,13,2975,29
2020-07-23,Sonoma,097,501317,3228,2289,5,2294,18
2020-07-23,Stanislaus,099,539301,10174,7603,11,7614,71
2020-07-23,Sutter,101,95872,709,570,0,570,2
2020-07-23,Tehama,103,63373,239,158,2,160,1
2020-07-23,Trinity,105,12862,24,3,6,9,0
2020-07-23,Tulare,107,460477,10093,7898,33,7931,168
2020-07-23,Tuolumne,109,53932,137,93,2,95,0
2020-07-23,Ventura,111,848112,7964,6303,28,6331,56
2020-07-23,Yolo,113,214977,1674,1279,3,1282,35
2020-07-23,Yuba,115,75493,390,297,0,297,1
2020-07-22,Alameda,001,1643700,12119,9678,38,9716,169
2020-07-22,Alpine,003,1148,2,2,0,2,0
2020-07-22,Amador,005,37829,117,58,0,58,0
2020-07-22,Butte,007,227075,967,694,10,704,5
2020-07-22,Calaveras,009,45235,113,98,0,98,0
2020-07-22,Colusa,011,21464,322,236,0,236,0
2020-07-22,Contra Costa,013,1133247,8719,6401,24,6425,98
2020-07-22,Del Norte,015,27424,84,66,0,66,0
2020-07-22,El Dorado,017,186661,689,466,0,466,1
2020-07-22,Fresno,019,978130,19139,11756,165,11921,110
2020-07-22,Glenn,021,27897,338,236,0,236,1
2020-07-22,Humboldt,023,135768,237,201,1,202,4
2020-07-22,Imperial,025,180216,9935,7533,8,7541,134
2020-07-22,Inyo,027,18085,49,38,1,39,1
2020-07-22,Kern,029,883053,21719,13513,96,13609,127
2020-07-22,Kings,031,150075,4137,3271,25,3296,38
2020-07-22,Lake,033,64148,197,160,0,160,1
2020-07-22,Lassen,035,31185,566,500,2,502,0
2020-07-22,Los Angeles,037,10098052,184072,165242,392,165634,4218
2020-07-22,Madera,039,155013,2332,1578,3,1581,10
2020-07-22,Marin,041,260295,4988,4373,5,4378,23
2020-07-22,Mariposa,043,17540,55,38,0,38,1
2020-07-22,Mendocino,045,87422,245,166,0,166,0
2020-07-22,Merced,047,269075,4755,2828,3,2831,15
2020-07-22,Modoc,049,8938,3,0,0,0,0
2020-07-22,Mono,051,14174,128,82,1,83,1
2020-07-22,Monterey,053,433212,4573,3533,14,3547,20
2020-07-22,Napa,055,140530,1007,687,0,687,5
2020-07-22,Nevada,057,99092,308,239,12,251,1
2020-07-22,Orange,059,3164182,39997,32047,664,32711,522
2020-07-22,Placer,061,380077,1944,1469,3,1472,12
2020-07-22,Plumas,063,18699,31,20,0,20,0
2020-07-22,Riverside,065,2383286,40534,33093,38,33131,612
2020-07-22,Sacramento,067,1510023,10857,8028,11,8039,106
2020-07-22,San Benito,069,59416,604,465,0,465,2
2020-07-22,San Bernardino,071,2135413,35918,26820,123,26943,348
2020-07-22,San Diego,073,3302833,29516,25109,2,25111,505
2020-07-22,San Francisco,075,870044,6545,5473,6,5479,53
2020-07-22,San Joaquin,077,732212,12754,9628,6,9634,102
2020-07-22,San Luis Obispo,079,281455,1841,1373,9,1382,7
2020-07-22,San Mateo,081,765935,5783,4796,6,4802,112
2020-07-22,Santa Barbara,083,443738,6587,5508,58,5566,29
2020-07-22,Santa Clara,085,1922200,11155,8266,27,8293,166
2020-07-22,Santa Cruz,087,273765,1112,866,8,874,3
2020-07-22,Shasta,089,179085,417,246,1,247,9
2020-07-22,Sierra,091,2930,1,1,0,1,0
2020-07-22,Siskiyou,093,43540,81,52,0,52,0
2020-07-22,Solano,095,438530,3817,2839,12,2851,29
2020-07-22,Sonoma,097,501317,3151,2255,5,2260,17
2020-07-22,Stanislaus,099,539301,10003,7401,11,7412,71
2020-07-22,Sutter,101,95872,685,551,0,551,2
2020-07-22,Tehama,103,63373,231,155,2,157,1
2020-07-22,Trinity,105,12862,23,3,6,9,0
2020-07-22,Tulare,107,460477,9860,7640,33,7673,167
2020-07-22,Tuolumne,109,53932,133,91,2,93,0
2020-07-22,Ventura,111,848112,7836,6223,26,6249,56
2020-07-22,Yolo,113,214977,1631,1233,3,1236,34
2020-07-22,Yuba,115,75493,375,288,0,288,1
2020-07-21,Alameda,001,1643700,11905,9390,38,9428,166
2020-07-21,Alpine,003,1148,2,2,0,2,0
2020-07-21,Amador,005,37829,112,55,0,55,0
2020-07-21,Butte,007,227075,922,659,9,668,5
2020-07-21,Calaveras,009,45235,107,96,0,96,0
2020-07-21,Colusa,011,21464,298,227,0,227,0
2020-07-21,Contra Costa,013,1133247,8477,6210,24,6234,98
2020-07-21,Del Norte,015,27424,84,66,0,66,0
2020-07-21,El Dorado,017,186661,681,440,0,440,1
2020-07-21,Fresno,019,978130,18740,11412,159,11571,107
2020-07-21,Glenn,021,27897,331,229,0,229,1
2020-07-21,Humboldt,023,135768,235,198,1,199,4
2020-07-21,Imperial,025,180216,9886,7458,8,7466,128
2020-07-21,Inyo,027,18085,48,38,1,39,1
2020-07-21,Kern,029,883053,21297,11998,90,12088,119
2020-07-21,Kings,031,150075,4072,3187,24,3211,38
2020-07-21,Lake,033,64148,197,157,0,157,1
2020-07-21,Lassen,035,31185,564,474,2,476,0
2020-07-21,Los Angeles,037,10098052,181088,162205,370,162575,4159
2020-07-21,Madera,039,155013,2267,1508,3,1511,10
2020-07-21,Marin,041,260295,4916,4318,5,4323,21
2020-07-21,Mariposa,043,17540,54,37,0,37,1
2020-07-21,Mendocino,045,87422,234,160,0,160,0
2020-07-21,Merced,047,269075,4576,2725,3,2728,15
2020-07-21,Modoc,049,8938,3,0,0,0,0
2020-07-21,Mono,051,14174,124,79,1,80,1
2020-07-21,Monterey,053,433212,4441,3404,13,3417,20
2020-07-21,Napa,055,140530,980,660,0,660,5
2020-07-21,Nevada,057,99092,306,228,10,238,1
2020-07-21,Orange,059,3164182,39500,31356,632,31988,515
2020-07-21,Placer,061,380077,1903,1413,3,1416,11
2020-07-21,Plumas,063,18699,31,19,0,19,0
2020-07-21,Riverside,065,2383286,39833,32231,38,32269,583
2020-07-21,Sacramento,067,1510023,10585,7789,10,7799,102
2020-07-21,San Benito,069,59416,593,444,0,444,2
2020-07-21,San Bernardino,071,2135413,35269,25323,116,25439,343
2020-07-21,San Diego,073,3302833,29067,24522,2,24524,487
2020-07-21,San Francisco,075,870044,6436,5377,6,5383,53
2020-07-21,San Joaquin,077,732212,12425,9150,6,9156,99
2020-07-21,San Luis Obispo,079,281455,1792,1338,9,1347,7
2020-07-21,San Mateo,081,765935,5691,4733,6,4739,111
2020-07-21,Santa Barbara,083,443738,6502,5422,57,5479,29
2020-07-21,Santa Clara,085,1922200,10892,7989,27,8016,164
2020-07-21,Santa Cruz,087,273765,1079,835,8,843,3
2020-07-21,Shasta,089,179085,409,241,1,242,9
2020-07-21,Sierra,091,2930,1,1,0,1,0
2020-07-21,Siskiyou,093,43540,81,48,0,48,0
2020-07-21,Solano,095,438530,3744,2727,12,2739,27
2020-07-21,Sonoma,097,501317,3094,2200,5,2205,17
2020-07-21,Stanislaus,099,539301,9740,6984,11,6995,69
2020-07-21,Sutter,101,95872,669,533,0,533,2
2020-07-21,Tehama,103,63373,221,150,2,152,1
2020-07-21,Trinity,105,12862,23,2,6,8,0
2020-07-21,Tulare,107,460477,9658,7447,33,7480,167
2020-07-21,Tuolumne,109,53932,131,75,2,77,0
2020-07-21,Ventura,111,848112,7704,6131,26,6157,55
2020-07-21,Yolo,113,214977,1577,1204,3,1207,34
2020-07-21,Yuba,115,75493,369,269,0,269,1
2020-07-20,Alameda,001,1643700,11651,9244,37,9281,162
2020-07-20,Alpine,003,1148,2,2,0,2,0
2020-07-20,Amador,005,37829,109,53,0,53,0
2020-07-20,Butte,007,227075,884,586,9,595,4
2020-07-20,Calaveras,009,45235,104,90,0,90,0
2020-07-20,Colusa,011,21464,287,217,0,217,0
2020-07-20,Contra Costa,013,1133247,8269,5823,24,5847,97
2020-07-20,Del Norte,015,27424,84,61,0,61,0
2020-07-20,El Dorado,017,186661,658,407,0,407,0
2020-07-20,Fresno,019,978130,18298,10891,157,11048,106
2020-07-20,Glenn,021,27897,323,225,0,225,1
2020-07-20,Humboldt,023,135768,228,194,1,195,4
2020-07-20,Imperial,025,180216,9846,7337,8,7345,124
2020-07-20,Inyo,027,18085,46,38,1,39,1
2020-07-20,Kern,029,883053,20787,10908,86,10994,118
2020-07-20,Kings,031,150075,4022,3093,24,3117,37
2020-07-20,Lake,033,64148,194,147,0,147,1
2020-07-20,Lassen,035,31185,562,474,2,476,0
2020-07-20,Los Angeles,037,10098052,178130,159202,343,159545,4108
2020-07-20,Madera,039,155013,2192,1433,3,1436,10
2020-07-20,Marin,041,260295,4835,4255,5,4260,21
2020-07-20,Mariposa,043,17540,53,36,0,36,1
2020-07-20,Mendocino,045,87422,221,153,0,153,0
2020-07-20,Merced,047,269075,4406,2584,3,2587,15
2020-07-20,Modoc,049,8938,3,0,0,0,0
2020-07-20,Mono,051,14174,118,78,1,79,1
2020-07-20,Monterey,053,433212,4335,3205,13,3218,19
2020-07-20,Napa,055,140530,943,632,0,632,5
2020-07-20,Nevada,057,99092,298,218,10,228,1
2020-07-20,Orange,059,3164182,38891,30337,602,30939,507
2020-07-20,Placer,061,380077,1851,1364,3,1367,11
2020-07-20,Plumas,063,18699,30,17,0,17,0
2020-07-20,Riverside,065,2383286,39003,31163,38,31201,581
2020-07-20,Sacramento,067,1510023,10257,7369,10,7379,99
2020-07-20,San Benito,069,59416,575,433,0,433,2
2020-07-20,San Bernardino,071,2135413,34459,24226,112,24338,338
2020-07-20,San Diego,073,3302833,28625,24137,2,24139,478
2020-07-20,San Francisco,075,870044,6315,5090,6,5096,53
2020-07-20,San Joaquin,077,732212,12069,8583,6,8589,97
2020-07-20,San Luis Obispo,079,281455,1752,1282,9,1291,6
2020-07-20,San Mateo,081,765935,5590,4609,6,4615,111
2020-07-20,Santa Barbara,083,443738,6374,5266,55,5321,29
2020-07-20,Santa Clara,085,1922200,10663,7711,26,7737,164
2020-07-20,Santa Cruz,087,273765,1047,758,8,766,3
2020-07-20,Shasta,089,179085,394,233,1,234,9
2020-07-20,Sierra,091,2930,1,1,0,1,0
2020-07-20,Siskiyou,093,43540,77,42,0,42,0
2020-07-20,Solano,095,438530,3661,2537,12,2549,26
2020-07-20,Sonoma,097,501317,2987,2148,5,2153,17
2020-07-20,Stanislaus,099,539301,9457,6835,11,6846,58
2020-07-20,Sutter,101,95872,636,507,0,507,2
2020-07-20,Tehama,103,63373,211,146,2,148,1
2020-07-20,Trinity,105,12862,23,2,6,8,0
2020-07-20,Tulare,107,460477,9424,6974,33,7007,166
2020-07-20,Tuolumne,109,53932,130,75,2,77,0
2020-07-20,Ventura,111,848112,7570,5912,26,5938,52
2020-07-20,Yolo,113,214977,1537,1155,3,1158,30
2020-07-20,Yuba,115,75493,349,258,0,258,1
2020-07-19,Alameda,001,1643700,11412,9227,31,9258,162
2020-07-19,Alpine,003,1148,2,2,0,2,0
2020-07-19,Amador,005,37829,102,51,0,51,0
2020-07-19,Butte,007,227075,859,555,9,564,4
2020-07-19,Calaveras,009,45235,102,89,0,89,0
2020-07-19,Colusa,011,21464,279,187,0,187,0
2020-07-19,Contra Costa,013,1133247,7978,5691,22,5713,95
2020-07-19,Del Norte,015,27424,83,61,0,61,0
2020-07-19,El Dorado,017,186661,640,385,0,385,0
2020-07-19,Fresno,019,978130,17774,10639,145,10784,106
2020-07-19,Glenn,021,27897,309,215,0,215,0
2020-07-19,Humboldt,023,135768,220,195,1,196,4
2020-07-19,Imperial,025,180216,9755,7280,8,7288,124
2020-07-19,Inyo,027,18085,42,38,1,39,1
2020-07-19,Kern,029,883053,20170,10094,79,10173,115
2020-07-19,Kings,031,150075,3936,3035,24,3059,37
2020-07-19,Lake,033,64148,189,144,0,144,1
2020-07-19,Lassen,035,31185,543,474,2,476,0
2020-07-19,Los Angeles,037,10098052,174688,156039,320,156359,4100
2020-07-19,Madera,039,155013,2115,1301,3,1304,10
2020-07-19,Marin,041,260295,4780,4172,5,4177,21
2020-07-19,Mariposa,043,17540,49,35,0,35,1
2020-07-19,Mendocino,045,87422,216,137,0,137,0
2020-07-19,Merced,047,269075,4199,2460,3,2463,15
2020-07-19,Modoc,049,8938,3,0,0,0,0
2020-07-19,Mono,051,14174,107,63,1,64,1
2020-07-19,Monterey,053,433212,4215,3079,13,3092,18
2020-07-19,Napa,055,140530,914,612,0,612,5
2020-07-19,Nevada,057,99092,292,210,10,220,1
2020-07-19,Orange,059,3164182,38327,29941,589,30530,505
2020-07-19,Placer,061,380077,1803,1246,3,1249,11
2020-07-19,Plumas,063,18699,30,17,0,17,0
2020-07-19,Riverside,065,2383286,38298,30340,38,30378,581
2020-07-19,Sacramento,067,1510023,9865,6985,10,6995,97
2020-07-19,San Benito,069,59416,559,412,0,412,2
2020-07-19,San Bernardino,071,2135413,33687,23928,100,24028,337
2020-07-19,San Diego,073,3302833,28124,23684,2,23686,478
2020-07-19,San Francisco,075,870044,6168,5094,6,5100,52
2020-07-19,San Joaquin,077,732212,11662,8308,6,8314,93
2020-07-19,San Luis Obispo,079,281455,1708,1262,8,1270,6
2020-07-19,San Mateo,081,765935,5483,4522,6,4528,110
2020-07-19,Santa Barbara,083,443738,6266,5145,52,5197,29
2020-07-19,Santa Clara,085,1922200,10419,7403,26,7429,164
2020-07-19,Santa Cruz,087,273765,1003,753,8,761,3
2020-07-19,Shasta,089,179085,381,218,1,219,9
2020-07-19,Sierra,091,2930,1,1,0,1,0
2020-07-19,Siskiyou,093,43540,75,42,0,42,0
2020-07-19,Solano,095,438530,3556,2551,12,2563,26
2020-07-19,Sonoma,097,501317,2887,2074,5,2079,17
2020-07-19,Stanislaus,099,539301,9161,6508,11,6519,58
2020-07-19,Sutter,101,95872,605,480,0,480,2
2020-07-19,Tehama,103,63373,207,138,2,140,1
2020-07-19,Trinity,105,12862,23,2,6,8,0
2020-07-19,Tulare,107,460477,9176,6856,33,6889,166
2020-07-19,Tuolumne,109,53932,125,75,2,77,0
2020-07-19,Ventura,111,848112,7380,5706,26,5732,52
2020-07-19,Yolo,113,214977,1497,1127,3,1130,30
2020-07-19,Yuba,115,75493,329,240,0,240,1
2020-07-18,Alameda,001,1643700,11276,9089,30,9119,162
2020-07-18,Alpine,003,1148,2,2,0,2,0
2020-07-18,Amador,005,37829,98,49,0,49,0
2020-07-18,Butte,007,227075,850,551,9,560,4
2020-07-18,Calaveras,009,45235,98,89,0,89,0
2020-07-18,Colusa,011,21464,274,182,0,182,0
2020-07-18,Contra Costa,013,1133247,7843,5617,22,5639,95
2020-07-18,Del Norte,015,27424,83,61,0,61,0
2020-07-18,El Dorado,017,186661,637,385,0,385,0
2020-07-18,Fresno,019,978130,17525,10381,143,10524,106
2020-07-18,Glenn,021,27897,303,212,0,212,0
2020-07-18,Humboldt,023,135768,217,189,1,190,4
2020-07-18,Imperial,025,180216,9724,7268,8,7276,124
2020-07-18,Inyo,027,18085,42,38,1,39,1
2020-07-18,Kern,029,883053,19867,9250,76,9326,114
2020-07-18,Kings,031,150075,3896,2996,23,3019,37
2020-07-18,Lake,033,64148,186,142,0,142,1
2020-07-18,Lassen,035,31185,542,474,2,476,0
2020-07-18,Los Angeles,037,10098052,173243,153265,309,153574,4088
2020-07-18,Madera,039,155013,2069,1260,3,1263,9
2020-07-18,Marin,041,260295,4751,4089,5,4094,21
2020-07-18,Mariposa,043,17540,49,35,0,35,1
2020-07-18,Mendocino,045,87422,209,137,0,137,0
2020-07-18,Merced,047,269075,4080,2424,3,2427,15
2020-07-18,Modoc,049,8938,3,0,0,0,0
2020-07-18,Mono,051,14174,105,54,1,55,1
2020-07-18,Monterey,053,433212,4147,3020,13,3033,17
2020-07-18,Napa,055,140530,903,609,0,609,5
2020-07-18,Nevada,057,99092,288,204,9,213,1
2020-07-18,Orange,059,3164182,38008,29603,568,30171,493
2020-07-18,Placer,061,380077,1780,1233,3,1236,11
2020-07-18,Plumas,063,18699,30,17,0,17,0
2020-07-18,Riverside,065,2383286,37945,30245,37,30282,581
2020-07-18,Sacramento,067,1510023,9620,6739,10,6749,95
2020-07-18,San Benito,069,59416,544,407,0,407,2
2020-07-18,San Bernardino,071,2135413,33226,23680,93,23773,336
2020-07-18,San Diego,073,3302833,27821,23116,2,23118,478
2020-07-18,San Francisco,075,870044,6066,5051,6,5057,52
2020-07-18,San Joaquin,077,732212,11449,8118,6,8124,93
2020-07-18,San Luis Obispo,079,281455,1675,1234,8,1242,6
2020-07-18,San Mateo,081,765935,5423,4488,6,4494,110
2020-07-18,Santa Barbara,083,443738,6206,5110,50,5160,29
2020-07-18,Santa Clara,085,1922200,10269,7255,25,7280,164
2020-07-18,Santa Cruz,087,273765,986,751,8,759,3
2020-07-18,Shasta,089,179085,372,216,1,217,9
2020-07-18,Sierra,091,2930,1,1,0,1,0
2020-07-18,Siskiyou,093,43540,71,42,0,42,0
2020-07-18,Solano,095,438530,3515,2503,12,2515,26
2020-07-18,Sonoma,097,501317,2836,2019,5,2024,15
2020-07-18,Stanislaus,099,539301,9026,6344,11,6355,58
2020-07-18,Sutter,101,95872,599,473,0,473,2
2020-07-18,Tehama,103,63373,202,136,2,138,1
2020-07-18,Trinity,105,12862,23,2,6,8,0
2020-07-18,Tulare,107,460477,9085,6810,32,6842,167
2020-07-18,Tuolumne,109,53932,122,75,2,77,0
2020-07-18,Ventura,111,848112,7298,5630,26,5656,52
2020-07-18,Yolo,113,214977,1469,1077,3,1080,30
2020-07-18,Yuba,115,75493,318,237,0,237,1
2020-07-17,Alameda,001,1643700,11135,8893,29,8922,160
2020-07-17,Alpine,003,1148,2,1,0,1,0
2020-07-17,Amador,005,37829,96,48,0,48,0
2020-07-17,Butte,007,227075,836,497,9,506,4
2020-07-17,Calaveras,009,45235,96,86,0,86,0
2020-07-17,Colusa,011,21464,272,146,0,146,0
2020-07-17,Contra Costa,013,1133247,7695,5483,22,5505,93
2020-07-17,Del Norte,015,27424,82,60,0,60,0
2020-07-17,El Dorado,017,186661,621,368,0,368,0
2020-07-17,Fresno,019,978130,17225,9954,143,10097,104
2020-07-17,Glenn,021,27897,296,203,0,203,0
2020-07-17,Humboldt,023,135768,216,185,1,186,4
2020-07-17,Imperial,025,180216,9702,7193,8,7201,120
2020-07-17,Inyo,027,18085,42,38,1,39,1
2020-07-17,Kern,029,883053,19547,8291,75,8366,113
2020-07-17,Kings,031,150075,3857,2978,23,3001,37
2020-07-17,Lake,033,64148,184,139,0,139,1
2020-07-17,Lassen,035,31185,523,391,2,393,0
2020-07-17,Los Angeles,037,10098052,170870,150481,297,150778,4052
2020-07-17,Madera,039,155013,2025,1214,3,1217,9
2020-07-17,Marin,041,260295,4714,3839,5,3844,21
2020-07-17,Mariposa,043,17540,47,35,0,35,1
2020-07-17,Mendocino,045,87422,201,126,0,126,0
2020-07-17,Merced,047,269075,4004,2328,3,2331,12
2020-07-17,Modoc,049,8938,2,0,0,0,0
2020-07-17,Mono,051,14174,100,54,1,55,1
2020-07-17,Monterey,053,433212,4018,2922,13,2935,18
2020-07-17,Napa,055,140530,889,598,0,598,5
2020-07-17,Nevada,057,99092,281,200,9,209,1
2020-07-17,Orange,059,3164182,37545,28962,535,29497,485
2020-07-17,Placer,061,380077,1751,1207,3,1210,11
2020-07-17,Plumas,063,18699,27,16,0,16,0
2020-07-17,Riverside,065,2383286,37347,29639,37,29676,580
2020-07-17,Sacramento,067,1510023,9376,6563,10,6573,95
2020-07-17,San Benito,069,59416,529,399,0,399,2
2020-07-17,San Bernardino,071,2135413,32706,23057,90,23147,322
2020-07-17,San Diego,073,3302833,27432,22491,2,22493,472
2020-07-17,San Francisco,075,870044,5972,4967,6,4973,52
2020-07-17,San Joaquin,077,732212,11205,7925,6,7931,86
2020-07-17,San Luis Obispo,079,281455,1639,1190,8,1198,6
2020-07-17,San Mateo,081,765935,5327,4407,6,4413,110
2020-07-17,Santa Barbara,083,443738,6132,5001,49,5050,29
2020-07-17,Santa Clara,085,1922200,10051,7080,25,7105,164
2020-07-17,Santa Cruz,087,273765,964,716,8,724,3
2020-07-17,Shasta,089,179085,360,213,1,214,8
2020-07-17,Sierra,091,2930,1,1,0,1,0
2020-07-17,Siskiyou,093,43540,70,40,0,40,0
2020-07-17,Solano,095,438530,3466,2452,12,2464,26
2020-07-17,Sonoma,097,501317,2788,1982,5,1987,15
2020-07-17,Stanislaus,099,539301,8852,6220,11,6231,56
2020-07-17,Sutter,101,95872,586,458,0,458,2
2020-07-17,Tehama,103,63373,198,128,2,130,1
2020-07-17,Trinity,105,12862,23,2,6,8,0
2020-07-17,Tulare,107,460477,8949,6671,32,6703,166
2020-07-17,Tuolumne,109,53932,121,73,2,75,0
2020-07-17,Ventura,111,848112,7214,5451,26,5477,51
2020-07-17,Yolo,113,214977,1445,1055,3,1058,30
2020-07-17,Yuba,115,75493,308,231,0,231,1
2020-07-16,Alameda,001,1643700,10901,8719,24,8743,153
2020-07-16,Alpine,003,1148,2,1,0,1,0
2020-07-16,Amador,005,37829,93,46,0,46,0
2020-07-16,Butte,007,227075,799,465,8,473,4
2020-07-16,Calaveras,009,45235,94,82,0,82,0
2020-07-16,Colusa,011,21464,263,140,0,140,0
2020-07-16,Contra Costa,013,1133247,7483,5338,16,5354,91
2020-07-16,Del Norte,015,27424,82,60,0,60,0
2020-07-16,El Dorado,017,186661,604,357,0,357,0
2020-07-16,Fresno,019,978130,16713,9481,134,9615,101
2020-07-16,Glenn,021,27897,287,190,0,190,0
2020-07-16,Humboldt,023,135768,214,184,1,185,4
2020-07-16,Imperial,025,180216,9607,7148,8,7156,113
2020-07-16,Inyo,027,18085,42,38,1,39,1
2020-07-16,Kern,029,883053,19025,7435,73,7508,112
2020-07-16,Kings,031,150075,3690,2937,23,2960,37
2020-07-16,Lake,033,64148,179,128,0,128,1
2020-07-16,Lassen,035,31185,522,355,2,357,0
2020-07-16,Los Angeles,037,10098052,167652,147759,274,148033,3994
2020-07-16,Madera,039,155013,1961,1192,3,1195,8
2020-07-16,Marin,041,260295,4642,3546,5,3551,21
2020-07-16,Mariposa,043,17540,45,34,0,34,1
2020-07-16,Mendocino,045,87422,196,121,0,121,0
2020-07-16,Merced,047,269075,3842,2228,3,2231,12
2020-07-16,Modoc,049,8938,1,0,0,0,0
2020-07-16,Mono,051,14174,97,53,1,54,1
2020-07-16,Monterey,053,433212,3914,2857,12,2869,18
2020-07-16,Napa,055,140530,860,581,0,581,5
2020-07-16,Nevada,057,99092,278,191,9,200,1
2020-07-16,Orange,059,3164182,36844,28525,499,29024,471
2020-07-16,Placer,061,380077,1703,1168,3,1171,11
2020-07-16,Plumas,063,18699,25,16,0,16,0
2020-07-16,Riverside,065,2383286,36602,28904,35,28939,577
2020-07-16,Sacramento,067,1510023,9063,6440,9,6449,91
2020-07-16,San Benito,069,59416,512,389,0,389,2
2020-07-16,San Bernardino,071,2135413,31845,22355,72,22427,321
2020-07-16,San Diego,073,3302833,26945,21857,2,21859,465
2020-07-16,San Francisco,075,870044,5831,4838,6,4844,52
2020-07-16,San Joaquin,077,732212,10842,7713,6,7719,82
2020-07-16,San Luis Obispo,079,281455,1595,1146,8,1154,6
2020-07-16,San Mateo,081,765935,5223,4336,6,4342,110
2020-07-16,Santa Barbara,083,443738,6032,4872,48,4920,28
2020-07-16,Santa Clara,085,1922200,9771,6990,23,7013,164
2020-07-16,Santa Cruz,087,273765,923,698,8,706,3
2020-07-16,Shasta,089,179085,345,208,1,209,7
2020-07-16,Sierra,091,2930,1,1,0,1,0
2020-07-16,Siskiyou,093,43540,67,39,0,39,0
2020-07-16,Solano,095,438530,3372,2372,12,2384,25
2020-07-16,Sonoma,097,501317,2698,1954,5,1959,14
2020-07-16,Stanislaus,099,539301,8570,6077,10,6087,56
2020-07-16,Sutter,101,95872,570,444,0,444,2
2020-07-16,Tehama,103,63373,188,126,2,128,1
2020-07-16,Trinity,105,12862,23,2,5,7,0
2020-07-16,Tulare,107,460477,8733,6467,31,6498,163
2020-07-16,Tuolumne,109,53932,116,71,2,73,0
2020-07-16,Ventura,111,848112,7052,5231,26,5257,50
2020-07-16,Yolo,113,214977,1404,1034,3,1037,29
2020-07-16,Yuba,115,75493,290,221,0,221,1
2020-07-15,Alameda,001,1643700,10696,8615,19,8634,153
2020-07-15,Alpine,003,1148,2,1,0,1,0
2020-07-15,Amador,005,37829,72,44,0,44,0
2020-07-15,Butte,007,227075,757,420,8,428,4
2020-07-15,Calaveras,009,45235,94,75,0,75,0
2020-07-15,Colusa,011,21464,258,135,0,135,0
2020-07-15,Contra Costa,013,1133247,7252,5246,16,5262,90
2020-07-15,Del Norte,015,27424,81,60,0,60,0
2020-07-15,El Dorado,017,186661,580,339,0,339,0
2020-07-15,Fresno,019,978130,16239,9124,127,9251,101
2020-07-15,Glenn,021,27897,278,184,0,184,0
2020-07-15,Humboldt,023,135768,212,181,1,182,4
2020-07-15,Imperial,025,180216,9540,7110,8,7118,110
2020-07-15,Inyo,027,18085,42,36,1,37,1
2020-07-15,Kern,029,883053,18405,7155,70,7225,108
2020-07-15,Kings,031,150075,3629,2906,23,2929,37
2020-07-15,Lake,033,64148,177,122,0,122,1
2020-07-15,Lassen,035,31185,518,319,2,321,0
2020-07-15,Los Angeles,037,10098052,164189,143343,259,143602,3946
2020-07-15,Madera,039,155013,1892,1147,3,1150,4
2020-07-15,Marin,041,260295,4587,3458,5,3463,21
2020-07-15,Mariposa,043,17540,45,34,0,34,1
2020-07-15,Mendocino,045,87422,193,119,0,119,0
2020-07-15,Merced,047,269075,3692,2156,3,2159,12
2020-07-15,Modoc,049,8938,1,0,0,0,0
2020-07-15,Mono,051,14174,95,52,1,53,1
2020-07-15,Monterey,053,433212,3802,2780,12,2792,18
2020-07-15,Napa,055,140530,834,573,0,573,5
2020-07-15,Nevada,057,99092,274,185,7,192,1
2020-07-15,Orange,059,3164182,36044,27718,465,28183,454
2020-07-15,Placer,061,380077,1645,1145,3,1148,11
2020-07-15,Plumas,063,18699,25,16,0,16,0
2020-07-15,Riverside,065,2383286,35820,28492,33,28525,568
2020-07-15,Sacramento,067,1510023,8682,6217,9,6226,91
2020-07-15,San Benito,069,59416,503,388,0,388,2
2020-07-15,San Bernardino,071,2135413,31055,21508,56,21564,317
2020-07-15,San Diego,073,3302833,26478,21448,2,21450,448
2020-07-15,San Francisco,075,870044,5717,4757,6,4763,50
2020-07-15,San Joaquin,077,732212,10410,7381,5,7386,75
2020-07-15,San Luis Obispo,079,281455,1552,1097,8,1105,6
2020-07-15,San Mateo,081,765935,5110,4258,6,4264,109
2020-07-15,Santa Barbara,083,443738,5915,4733,48,4781,28
2020-07-15,Santa Clara,085,1922200,9467,6900,23,6923,164
2020-07-15,Santa Cruz,087,273765,887,660,7,667,3
2020-07-15,Shasta,089,179085,336,193,1,194,7
2020-07-15,Sierra,091,2930,1,1,0,1,0
2020-07-15,Siskiyou,093,43540,66,38,0,38,0
2020-07-15,Solano,095,438530,3277,2343,12,2355,25
2020-07-15,Sonoma,097,501317,2600,1920,5,1925,14
2020-07-15,Stanislaus,099,539301,8273,5777,10,5787,56
2020-07-15,Sutter,101,95872,544,433,0,433,2
2020-07-15,Tehama,103,63373,180,126,2,128,1
2020-07-15,Trinity,105,12862,22,2,5,7,0
2020-07-15,Tulare,107,460477,8522,6320,30,6350,156
2020-07-15,Tuolumne,109,53932,109,68,2,70,0
2020-07-15,Ventura,111,848112,6875,5087,26,5113,50
2020-07-15,Yolo,113,214977,1372,1002,3,1005,27
2020-07-15,Yuba,115,75493,278,221,0,221,1
2020-07-14,Alameda,001,1643700,10354,8388,13,8401,151
2020-07-14,Alpine,003,1148,2,1,0,1,0
2020-07-14,Amador,005,37829,68,44,0,44,0
2020-07-14,Butte,007,227075,711,382,8,390,4
2020-07-14,Calaveras,009,45235,92,74,0,74,0
2020-07-14,Colusa,011,21464,248,128,0,128,0
2020-07-14,Contra Costa,013,1133247,7015,5110,14,5124,90
2020-07-14,Del Norte,015,27424,80,60,0,60,0
2020-07-14,El Dorado,017,186661,565,324,0,324,0
2020-07-14,Fresno,019,978130,15819,8941,122,9063,98
2020-07-14,Glenn,021,27897,268,177,0,177,0
2020-07-14,Humboldt,023,135768,209,175,1,176,4
2020-07-14,Imperial,025,180216,9412,7095,8,7103,109
2020-07-14,Inyo,027,18085,42,35,1,36,1
2020-07-14,Kern,029,883053,17646,6979,57,7036,107
2020-07-14,Kings,031,150075,3562,2867,22,2889,37
2020-07-14,Lake,033,64148,171,120,0,120,1
2020-07-14,Lassen,035,31185,501,263,2,265,0
2020-07-14,Los Angeles,037,10098052,161056,140632,229,140861,3900
2020-07-14,Madera,039,155013,1818,1118,3,1121,4
2020-07-14,Marin,041,260295,4473,3451,5,3456,21
2020-07-14,Mariposa,043,17540,41,32,0,32,1
2020-07-14,Mendocino,045,87422,185,110,0,110,0
2020-07-14,Merced,047,269075,3513,2084,3,2087,12
2020-07-14,Modoc,049,8938,1,0,0,0,0
2020-07-14,Mono,051,14174,85,48,1,49,1
2020-07-14,Monterey,053,433212,3688,2724,12,2736,18
2020-07-14,Napa,055,140530,778,557,0,557,4
2020-07-14,Nevada,057,99092,257,180,6,186,1
2020-07-14,Orange,059,3164182,35164,26915,418,27333,432
2020-07-14,Placer,061,380077,1587,1122,3,1125,11
2020-07-14,Plumas,063,18699,24,14,0,14,0
2020-07-14,Riverside,065,2383286,35063,27850,32,27882,547
2020-07-14,Sacramento,067,1510023,8328,5978,9,5987,87
2020-07-14,San Benito,069,59416,484,360,0,360,2
2020-07-14,San Bernardino,071,2135413,30203,20489,46,20535,316
2020-07-14,San Diego,073,3302833,25858,20887,2,20889,436
2020-07-14,San Francisco,075,870044,5567,4659,5,4664,50
2020-07-14,San Joaquin,077,732212,9982,7143,5,7148,75
2020-07-14,San Luis Obispo,079,281455,1514,1060,8,1068,5
2020-07-14,San Mateo,081,765935,5017,4173,6,4179,108
2020-07-14,Santa Barbara,083,443738,5791,4641,46,4687,28
2020-07-14,Santa Clara,085,1922200,9139,6686,20,6706,164
2020-07-14,Santa Cruz,087,273765,848,639,7,646,3
2020-07-14,Shasta,089,179085,327,190,1,191,7
2020-07-14,Sierra,091,2930,1,1,0,1,0
2020-07-14,Siskiyou,093,43540,65,38,0,38,0
2020-07-14,Solano,095,438530,3177,2266,10,2276,25
2020-07-14,Sonoma,097,501317,2507,1866,5,1871,14
2020-07-14,Stanislaus,099,539301,7899,5631,9,5640,53
2020-07-14,Sutter,101,95872,525,405,0,405,2
2020-07-14,Tehama,103,63373,168,123,2,125,1
2020-07-14,Trinity,105,12862,21,2,5,7,0
2020-07-14,Tulare,107,460477,8276,6199,30,6229,156
2020-07-14,Tuolumne,109,53932,104,68,2,70,0
2020-07-14,Ventura,111,848112,6714,4950,26,4976,50
2020-07-14,Yolo,113,214977,1324,966,3,969,27
2020-07-14,Yuba,115,75493,261,210,0,210,1
2020-07-13,Alameda,001,1643700,10045,8115,13,8128,148
2020-07-13,Alpine,003,1148,2,1,0,1,0
2020-07-13,Amador,005,37829,64,42,0,42,0
2020-07-13,Butte,007,227075,675,354,8,362,4
2020-07-13,Calaveras,009,45235,84,63,0,63,0
2020-07-13,Colusa,011,21464,242,116,0,116,0
2020-07-13,Contra Costa,013,1133247,6742,4882,12,4894,88
2020-07-13,Del Norte,015,27424,74,59,0,59,0
2020-07-13,El Dorado,017,186661,534,298,0,298,0
2020-07-13,Fresno,019,978130,15388,8666,117,8783,95
2020-07-13,Glenn,021,27897,261,168,0,168,0
2020-07-13,Humboldt,023,135768,204,174,1,175,4
2020-07-13,Imperial,025,180216,9327,7052,8,7060,109
2020-07-13,Inyo,027,18085,41,35,1,36,1
2020-07-13,Kern,029,883053,16961,6808,52,6860,107
2020-07-13,Kings,031,150075,3511,2824,22,2846,37
2020-07-13,Lake,033,64148,166,118,0,118,1
2020-07-13,Lassen,035,31185,496,237,2,239,0
2020-07-13,Los Angeles,037,10098052,157826,136368,215,136583,3829
2020-07-13,Madera,039,155013,1749,1059,3,1062,4
2020-07-13,Marin,041,260295,4370,3402,5,3407,21
2020-07-13,Mariposa,043,17540,40,31,0,31,1
2020-07-13,Mendocino,045,87422,181,87,0,87,0
2020-07-13,Merced,047,269075,3364,2007,3,2010,12
2020-07-13,Modoc,049,8938,1,0,0,0,0
2020-07-13,Mono,051,14174,81,47,0,47,1
2020-07-13,Monterey,053,433212,3565,2613,9,2622,18
2020-07-13,Napa,055,140530,742,534,0,534,4
2020-07-13,Nevada,057,99092,243,172,6,178,1
2020-07-13,Orange,059,3164182,34300,25978,388,26366,423
2020-07-13,Placer,061,380077,1542,1096,3,1099,11
2020-07-13,Plumas,063,18699,22,14,0,14,0
2020-07-13,Riverside,065,2383286,34137,27136,30,27166,545
2020-07-13,Sacramento,067,1510023,8031,5747,9,5756,85
2020-07-13,San Benito,069,59416,471,343,0,343,2
2020-07-13,San Bernardino,071,2135413,29325,19610,40,19650,313
2020-07-13,San Diego,073,3302833,25291,20348,2,20350,422
2020-07-13,San Francisco,075,870044,5439,4534,4,4538,50
2020-07-13,San Joaquin,077,732212,9565,6927,5,6932,71
2020-07-13,San Luis Obispo,079,281455,1483,989,8,997,5
2020-07-13,San Mateo,081,765935,4886,4057,6,4063,108
2020-07-13,Santa Barbara,083,443738,5677,4441,45,4486,28
2020-07-13,Santa Clara,085,1922200,8816,6488,19,6507,164
2020-07-13,Santa Cruz,087,273765,810,574,7,581,3
2020-07-13,Shasta,089,179085,316,185,1,186,6
2020-07-13,Sierra,091,2930,1,1,0,1,0
2020-07-13,Siskiyou,093,43540,61,37,0,37,0
2020-07-13,Solano,095,438530,3065,2046,10,2056,23
2020-07-13,Sonoma,097,501317,2396,1818,5,1823,14
2020-07-13,Stanislaus,099,539301,7596,5324,8,5332,53
2020-07-13,Sutter,101,95872,487,379,0,379,2
2020-07-13,Tehama,103,63373,155,112,2,114,1
2020-07-13,Trinity,105,12862,21,2,5,7,0
2020-07-13,Tulare,107,460477,8015,5930,28,5958,147
2020-07-13,Tuolumne,109,53932,96,56,2,58,0
2020-07-13,Ventura,111,848112,6524,4800,23,4823,50
2020-07-13,Yolo,113,214977,1278,941,3,944,27
2020-07-13,Yuba,115,75493,246,194,0,194,1
2020-07-12,Alameda,001,1643700,9774,8056,13,8069,148
2020-07-12,Alpine,003,1148,2,1,0,1,0
2020-07-12,Amador,005,37829,54,40,0,40,0
2020-07-12,Butte,007,227075,625,341,7,348,4
2020-07-12,Calaveras,009,45235,84,62,0,62,0
2020-07-12,Colusa,011,21464,208,116,0,116,0
2020-07-12,Contra Costa,013,1133247,6471,4708,10,4718,88
2020-07-12,Del Norte,015,27424,63,59,0,59,0
2020-07-12,El Dorado,017,186661,512,290,0,290,0
2020-07-12,Fresno,019,978130,14961,8407,112,8519,95
2020-07-12,Glenn,021,27897,248,166,0,166,0
2020-07-12,Humboldt,023,135768,200,174,1,175,4
2020-07-12,Imperial,025,180216,9208,6999,7,7006,109
2020-07-12,Inyo,027,18085,39,35,1,36,1
2020-07-12,Kern,029,883053,16217,6662,49,6711,105
2020-07-12,Kings,031,150075,3449,2779,22,2801,34
2020-07-12,Lake,033,64148,157,114,0,114,1
2020-07-12,Lassen,035,31185,489,237,2,239,0
2020-07-12,Los Angeles,037,10098052,154411,133830,186,134016,3816
2020-07-12,Madera,039,155013,1694,1025,3,1028,4
2020-07-12,Marin,041,260295,4293,3358,5,3363,21
2020-07-12,Mariposa,043,17540,39,31,0,31,1
2020-07-12,Mendocino,045,87422,162,88,0,88,0
2020-07-12,Merced,047,269075,3234,1908,3,1911,12
2020-07-12,Modoc,049,8938,1,0,0,0,0
2020-07-12,Mono,051,14174,71,45,0,45,1
2020-07-12,Monterey,053,433212,3450,2521,9,2530,18
2020-07-12,Napa,055,140530,710,519,0,519,4
2020-07-12,Nevada,057,99092,233,166,6,172,1
2020-07-12,Orange,059,3164182,33425,25399,379,25778,422
2020-07-12,Placer,061,380077,1486,1058,3,1061,11
2020-07-12,Plumas,063,18699,21,14,0,14,0
2020-07-12,Riverside,065,2383286,33377,26404,30,26434,542
2020-07-12,Sacramento,067,1510023,7719,5515,7,5522,85
2020-07-12,San Benito,069,59416,456,324,0,324,2
2020-07-12,San Bernardino,071,2135413,28412,19042,35,19077,312
2020-07-12,San Diego,073,3302833,24662,19929,2,19931,422
2020-07-12,San Francisco,075,870044,5289,4535,4,4539,50
2020-07-12,San Joaquin,077,732212,9203,6703,5,6708,71
2020-07-12,San Luis Obispo,079,281455,1436,972,7,979,5
2020-07-12,San Mateo,081,765935,4768,3988,6,3994,108
2020-07-12,Santa Barbara,083,443738,5547,4353,44,4397,28
2020-07-12,Santa Clara,085,1922200,8578,6252,18,6270,164
2020-07-12,Santa Cruz,087,273765,768,573,5,578,3
2020-07-12,Shasta,089,179085,310,173,1,174,6
2020-07-12,Sierra,091,2930,1,1,0,1,0
2020-07-12,Siskiyou,093,43540,59,36,0,36,0
2020-07-12,Solano,095,438530,2940,2037,10,2047,23
2020-07-12,Sonoma,097,501317,2302,1743,5,1748,13
2020-07-12,Stanislaus,099,539301,7292,5177,8,5185,53
2020-07-12,Sutter,101,95872,469,362,0,362,2
2020-07-12,Tehama,103,63373,148,111,2,113,1
2020-07-12,Trinity,105,12862,21,2,5,7,0
2020-07-12,Tulare,107,460477,7760,5864,27,5891,146
2020-07-12,Tuolumne,109,53932,88,52,2,54,0
2020-07-12,Ventura,111,848112,6308,4724,22,4746,50
2020-07-12,Yolo,113,214977,1237,889,3,892,27
2020-07-12,Yuba,115,75493,235,188,0,188,1
2020-07-11,Alameda,001,1643700,9672,7845,13,7858,148
2020-07-11,Alpine,003,1148,2,1,0,1,0
2020-07-11,Amador,005,37829,50,37,0,37,0
2020-07-11,Butte,007,227075,609,325,7,332,4
2020-07-11,Calaveras,009,45235,81,62,0,62,0
2020-07-11,Colusa,011,21464,203,110,0,110,0
2020-07-11,Contra Costa,013,1133247,6354,4650,10,4660,87
2020-07-11,Del Norte,015,27424,63,59,0,59,0
2020-07-11,El Dorado,017,186661,501,283,0,283,0
2020-07-11,Fresno,019,978130,14701,8086,110,8196,95
2020-07-11,Glenn,021,27897,240,161,0,161,0
2020-07-11,Humboldt,023,135768,199,174,1,175,4
2020-07-11,Imperial,025,180216,9169,6884,7,6891,109
2020-07-11,Inyo,027,18085,39,35,1,36,1
2020-07-11,Kern,029,883053,15860,6509,48,6557,103
2020-07-11,Kings,031,150075,3422,2753,22,2775,33
2020-07-11,Lake,033,64148,156,110,0,110,1
2020-07-11,Lassen,035,31185,488,237,2,239,0
2020-07-11,Los Angeles,037,10098052,152694,130479,176,130655,3802
2020-07-11,Madera,039,155013,1653,988,3,991,4
2020-07-11,Marin,041,260295,4265,3191,5,3196,21
2020-07-11,Mariposa,043,17540,39,31,0,31,1
2020-07-11,Mendocino,045,87422,158,88,0,88,0
2020-07-11,Merced,047,269075,3153,1851,3,1854,12
2020-07-11,Modoc,049,8938,1,0,0,0,0
2020-07-11,Mono,051,14174,68,45,0,45,1
2020-07-11,Monterey,053,433212,3361,2376,8,2384,18
2020-07-11,Napa,055,140530,698,509,0,509,4
2020-07-11,Nevada,057,99092,224,163,5,168,1
2020-07-11,Orange,059,3164182,33048,24430,365,24795,422
2020-07-11,Placer,061,380077,1451,1029,3,1032,11
2020-07-11,Plumas,063,18699,21,12,0,12,0
2020-07-11,Riverside,065,2383286,32986,25994,30,26024,538
2020-07-11,Sacramento,067,1510023,7545,5367,7,5374,84
2020-07-11,San Benito,069,59416,441,314,0,314,2
2020-07-11,San Bernardino,071,2135413,27975,18907,33,18940,310
2020-07-11,San Diego,073,3302833,24277,19371,2,19373,422
2020-07-11,San Francisco,075,870044,5193,4430,3,4433,50
2020-07-11,San Joaquin,077,732212,9025,6518,5,6523,72
2020-07-11,San Luis Obispo,079,281455,1388,930,7,937,4
2020-07-11,San Mateo,081,765935,4700,3956,6,3962,108
2020-07-11,Santa Barbara,083,443738,5478,4283,43,4326,28
2020-07-11,Santa Clara,085,1922200,8419,5959,18,5977,164
2020-07-11,Santa Cruz,087,273765,737,571,5,576,3
2020-07-11,Shasta,089,179085,303,168,1,169,6
2020-07-11,Sierra,091,2930,1,1,0,1,0
2020-07-11,Siskiyou,093,43540,59,36,0,36,0
2020-07-11,Solano,095,438530,2899,2034,10,2044,23
2020-07-11,Sonoma,097,501317,2265,1690,5,1695,13
2020-07-11,Stanislaus,099,539301,7151,4911,8,4919,51
2020-07-11,Sutter,101,95872,453,352,0,352,2
2020-07-11,Tehama,103,63373,146,111,2,113,1
2020-07-11,Trinity,105,12862,21,2,5,7,0
2020-07-11,Tulare,107,460477,7654,5780,27,5807,149
2020-07-11,Tuolumne,109,53932,86,50,2,52,0
2020-07-11,Ventura,111,848112,6212,4545,21,4566,49
2020-07-11,Yolo,113,214977,1208,833,3,836,27
2020-07-11,Yuba,115,75493,225,175,0,175,1
2020-07-10,Alameda,001,1643700,9515,7551,13,7564,147
2020-07-10,Alpine,003,1148,2,1,0,1,0
2020-07-10,Amador,005,37829,46,37,0,37,0
2020-07-10,Butte,007,227075,598,318,7,325,4
2020-07-10,Calaveras,009,45235,81,61,0,61,0
2020-07-10,Colusa,011,21464,197,103,0,103,0
2020-07-10,Contra Costa,013,1133247,6211,4482,10,4492,86
2020-07-10,Del Norte,015,27424,63,57,0,57,0
2020-07-10,El Dorado,017,186661,483,266,0,266,0
2020-07-10,Fresno,019,978130,14369,7760,107,7867,93
2020-07-10,Glenn,021,27897,235,157,0,157,0
2020-07-10,Humboldt,023,135768,198,168,1,169,4
2020-07-10,Imperial,025,180216,9124,6878,6,6884,98
2020-07-10,Inyo,027,18085,39,35,1,36,1
2020-07-10,Kern,029,883053,15427,6344,47,6391,102
2020-07-10,Kings,031,150075,3386,2707,22,2729,33
2020-07-10,Lake,033,64148,149,104,0,104,1
2020-07-10,Lassen,035,31185,487,235,2,237,0
2020-07-10,Los Angeles,037,10098052,150275,127503,170,127673,3750
2020-07-10,Madera,039,155013,1607,914,3,917,4
2020-07-10,Marin,041,260295,4202,3101,5,3106,21
2020-07-10,Mariposa,043,17540,38,31,0,31,1
2020-07-10,Mendocino,045,87422,150,88,0,88,0
2020-07-10,Merced,047,269075,3074,1802,3,1805,12
2020-07-10,Modoc,049,8938,1,0,0,0,0
2020-07-10,Mono,051,14174,67,45,0,45,1
2020-07-10,Monterey,053,433212,3282,2285,8,2293,18
2020-07-10,Napa,055,140530,687,496,0,496,4
2020-07-10,Nevada,057,99092,219,161,5,166,1
2020-07-10,Orange,059,3164182,32460,23692,362,24054,416
2020-07-10,Placer,061,380077,1411,1002,3,1005,11
2020-07-10,Plumas,063,18699,19,12,0,12,0
2020-07-10,Riverside,065,2383286,32470,25481,30,25511,533
2020-07-10,Sacramento,067,1510023,7290,5181,7,5188,81
2020-07-10,San Benito,069,59416,432,302,0,302,2
2020-07-10,San Bernardino,071,2135413,27449,18242,30,18272,308
2020-07-10,San Diego,073,3302833,23896,18862,2,18864,420
2020-07-10,San Francisco,075,870044,5102,4305,3,4308,50
2020-07-10,San Joaquin,077,732212,8792,6225,5,6230,67
2020-07-10,San Luis Obispo,079,281455,1350,891,7,898,4
2020-07-10,San Mateo,081,765935,4635,3844,6,3850,107
2020-07-10,Santa Barbara,083,443738,5381,4177,42,4219,28
2020-07-10,Santa Clara,085,1922200,8195,5819,18,5837,164
2020-07-10,Santa Cruz,087,273765,710,540,5,545,3
2020-07-10,Shasta,089,179085,299,158,1,159,6
2020-07-10,Sierra,091,2930,1,1,0,1,0
2020-07-10,Siskiyou,093,43540,59,31,0,31,0
2020-07-10,Solano,095,438530,2852,1950,10,1960,23
2020-07-10,Sonoma,097,501317,2218,1606,4,1610,13
2020-07-10,Stanislaus,099,539301,6981,4781,8,4789,46
2020-07-10,Sutter,101,95872,446,338,0,338,2
2020-07-10,Tehama,103,63373,145,107,2,109,1
2020-07-10,Trinity,105,12862,21,2,5,7,0
2020-07-10,Tulare,107,460477,7517,5677,27,5704,150
2020-07-10,Tuolumne,109,53932,85,49,2,51,0
2020-07-10,Ventura,111,848112,6098,4416,21,4437,48
2020-07-10,Yolo,113,214977,1184,794,3,797,27
2020-07-10,Yuba,115,75493,211,164,0,164,1
2020-07-09,Alameda,001,1643700,9279,7433,13,7446,146
2020-07-09,Alpine,003,1148,2,1,0,1,0
2020-07-09,Amador,005,37829,43,36,0,36,0
2020-07-09,Butte,007,227075,566,295,7,302,4
2020-07-09,Calaveras,009,45235,80,59,0,59,0
2020-07-09,Colusa,011,21464,189,97,0,97,0
2020-07-09,Contra Costa,013,1133247,5968,4388,10,4398,86
2020-07-09,Del Norte,015,27424,63,57,0,57,0
2020-07-09,El Dorado,017,186661,458,255,0,255,0
2020-07-09,Fresno,019,978130,13912,7385,104,7489,90
2020-07-09,Glenn,021,27897,225,150,0,150,0
2020-07-09,Humboldt,023,135768,195,166,1,167,4
2020-07-09,Imperial,025,180216,9029,6778,6,6784,87
2020-07-09,Inyo,027,18085,37,35,1,36,1
2020-07-09,Kern,029,883053,14782,6100,45,6145,95
2020-07-09,Kings,031,150075,3322,2686,21,2707,33
2020-07-09,Lake,033,64148,146,99,0,99,1
2020-07-09,Lassen,035,31185,431,221,2,223,0
2020-07-09,Los Angeles,037,10098052,147017,125062,146,125208,3698
2020-07-09,Madera,039,155013,1530,850,3,853,4
2020-07-09,Marin,041,260295,4051,2975,4,2979,20
2020-07-09,Mariposa,043,17540,38,32,0,32,1
2020-07-09,Mendocino,045,87422,146,88,0,88,0
2020-07-09,Merced,047,269075,2941,1728,3,1731,11
2020-07-09,Modoc,049,8938,1,0,0,0,0
2020-07-09,Mono,051,14174,63,45,0,45,1
2020-07-09,Monterey,053,433212,3157,2223,8,2231,17
2020-07-09,Napa,055,140530,670,468,0,468,4
2020-07-09,Nevada,057,99092,213,156,5,161,1
2020-07-09,Orange,059,3164182,31489,22960,344,23304,407
2020-07-09,Placer,061,380077,1368,982,3,985,11
2020-07-09,Plumas,063,18699,19,12,0,12,0
2020-07-09,Riverside,065,2383286,31576,24980,29,25009,529
2020-07-09,Sacramento,067,1510023,6963,4950,7,4957,81
2020-07-09,San Benito,069,59416,416,295,0,295,2
2020-07-09,San Bernardino,071,2135413,26576,17339,24,17363,307
2020-07-09,San Diego,073,3302833,23304,18404,2,18406,415
2020-07-09,San Francisco,075,870044,4970,4143,3,4146,50
2020-07-09,San Joaquin,077,732212,8433,6004,5,6009,66
2020-07-09,San Luis Obispo,079,281455,1310,869,7,876,3
2020-07-09,San Mateo,081,765935,4508,3792,6,3798,106
2020-07-09,Santa Barbara,083,443738,5247,4068,42,4110,28
2020-07-09,Santa Clara,085,1922200,7938,5638,18,5656,164
2020-07-09,Santa Cruz,087,273765,683,526,5,531,3
2020-07-09,Shasta,089,179085,293,155,1,156,5
2020-07-09,Sierra,091,2930,1,1,0,1,0
2020-07-09,Siskiyou,093,43540,55,31,0,31,0
2020-07-09,Solano,095,438530,2754,1892,10,1902,23
2020-07-09,Sonoma,097,501317,2132,1584,4,1588,13
2020-07-09,Stanislaus,099,539301,6665,4633,7,4640,46
2020-07-09,Sutter,101,95872,429,321,0,321,2
2020-07-09,Tehama,103,63373,140,102,2,104,1
2020-07-09,Trinity,105,12862,21,2,5,7,0
2020-07-09,Tulare,107,460477,7298,5501,26,5527,146
2020-07-09,Tuolumne,109,53932,84,47,2,49,0
2020-07-09,Ventura,111,848112,5930,4278,21,4299,47
2020-07-09,Yolo,113,214977,1137,764,3,767,27
2020-07-09,Yuba,115,75493,194,152,0,152,1
2020-07-08,Alameda,001,1643700,8987,7335,13,7348,142
2020-07-08,Alpine,003,1148,2,1,0,1,0
2020-07-08,Amador,005,37829,40,35,0,35,0
2020-07-08,Butte,007,227075,529,281,7,288,3
2020-07-08,Calaveras,009,45235,75,58,0,58,0
2020-07-08,Colusa,011,21464,176,90,0,90,0
2020-07-08,Contra Costa,013,1133247,5722,4268,8,4276,84
2020-07-08,Del Norte,015,27424,61,57,0,57,0
2020-07-08,El Dorado,017,186661,437,248,0,248,0
2020-07-08,Fresno,019,978130,13495,7102,96,7198,86
2020-07-08,Glenn,021,27897,214,146,0,146,0
2020-07-08,Humboldt,023,135768,192,162,1,163,4
2020-07-08,Imperial,025,180216,8942,6727,5,6732,76
2020-07-08,Inyo,027,18085,37,35,1,36,1
2020-07-08,Kern,029,883053,14204,5873,43,5916,91
2020-07-08,Kings,031,150075,3262,2629,18,2647,33
2020-07-08,Lake,033,64148,139,97,0,97,1
2020-07-08,Lassen,035,31185,335,221,2,223,0
2020-07-08,Los Angeles,037,10098052,143817,123462,119,123581,3650
2020-07-08,Madera,039,155013,1460,828,3,831,4
2020-07-08,Marin,041,260295,3952,2756,4,2760,17
2020-07-08,Mariposa,043,17540,38,31,0,31,1
2020-07-08,Mendocino,045,87422,133,84,0,84,0
2020-07-08,Merced,047,269075,2822,1578,3,1581,11
2020-07-08,Modoc,049,8938,1,0,0,0,0
2020-07-08,Mono,051,14174,60,45,0,45,1
2020-07-08,Monterey,053,433212,3039,2182,7,2189,17
2020-07-08,Napa,055,140530,647,468,0,468,4
2020-07-08,Nevada,057,99092,204,156,5,161,1
2020-07-08,Orange,059,3164182,30536,22088,339,22427,378
2020-07-08,Placer,061,380077,1321,948,3,951,11
2020-07-08,Plumas,063,18699,19,12,0,12,0
2020-07-08,Riverside,065,2383286,30612,24042,28,24070,508
2020-07-08,Sacramento,067,1510023,6675,4799,7,4806,80
2020-07-08,San Benito,069,59416,400,282,0,282,2
2020-07-08,San Bernardino,071,2135413,25721,16510,20,16530,296
2020-07-08,San Diego,073,3302833,22737,17844,2,17846,406
2020-07-08,San Francisco,075,870044,4881,4093,3,4096,50
2020-07-08,San Joaquin,077,732212,8090,5759,5,5764,61
2020-07-08,San Luis Obispo,079,281455,1258,825,7,832,2
2020-07-08,San Mateo,081,765935,4387,3733,6,3739,106
2020-07-08,Santa Barbara,083,443738,5128,3985,42,4027,28
2020-07-08,Santa Clara,085,1922200,7705,5510,18,5528,164
2020-07-08,Santa Cruz,087,273765,650,509,4,513,3
2020-07-08,Shasta,089,179085,284,148,1,149,6
2020-07-08,Sierra,091,2930,1,1,0,1,0
2020-07-08,Siskiyou,093,43540,55,31,0,31,0
2020-07-08,Solano,095,438530,2638,1821,10,1831,23
2020-07-08,Sonoma,097,501317,2057,1495,4,1499,9
2020-07-08,Stanislaus,099,539301,6365,4344,7,4351,46
2020-07-08,Sutter,101,95872,404,298,0,298,2
2020-07-08,Tehama,103,63373,134,100,2,102,1
2020-07-08,Trinity,105,12862,20,2,5,7,0
2020-07-08,Tulare,107,460477,7106,5307,21,5328,138
2020-07-08,Tuolumne,109,53932,80,42,2,44,0
2020-07-08,Ventura,111,848112,5765,4139,21,4160,47
2020-07-08,Yolo,113,214977,1094,727,3,730,26
2020-07-08,Yuba,115,75493,181,145,0,145,1
2020-07-07,Alameda,001,1643700,8667,7097,12,7109,141
2020-07-07,Alpine,003,1148,2,1,0,1,0
2020-07-07,Amador,005,37829,40,33,0,33,0
2020-07-07,Butte,007,227075,486,269,7,276,3
2020-07-07,Calaveras,009,45235,73,58,0,58,0
2020-07-07,Colusa,011,21464,143,84,0,84,0
2020-07-07,Contra Costa,013,1133247,5486,4131,7,4138,84
2020-07-07,Del Norte,015,27424,61,57,0,57,0
2020-07-07,El Dorado,017,186661,417,244,0,244,0
2020-07-07,Fresno,019,978130,13042,6738,95,6833,84
2020-07-07,Glenn,021,27897,205,145,0,145,0
2020-07-07,Humboldt,023,135768,189,150,1,151,4
2020-07-07,Imperial,025,180216,8843,6678,5,6683,51
2020-07-07,Inyo,027,18085,36,32,1,33,1
2020-07-07,Kern,029,883053,13505,5645,39,5684,88
2020-07-07,Kings,031,150075,3199,2623,16,2639,33
2020-07-07,Lake,033,64148,129,94,0,94,1
2020-07-07,Lassen,035,31185,264,219,2,221,0
2020-07-07,Los Angeles,037,10098052,140249,121026,111,121137,3588
2020-07-07,Madera,039,155013,1416,794,3,797,4
2020-07-07,Marin,041,260295,3863,2627,4,2631,17
2020-07-07,Mariposa,043,17540,38,31,0,31,1
2020-07-07,Mendocino,045,87422,125,82,0,82,0
2020-07-07,Merced,047,269075,2648,1531,3,1534,10
2020-07-07,Modoc,049,8938,1,0,0,0,0
2020-07-07,Mono,051,14174,59,42,0,42,1
2020-07-07,Monterey,053,433212,2896,2166,7,2173,17
2020-07-07,Napa,055,140530,628,459,0,459,4
2020-07-07,Nevada,057,99092,198,150,5,155,1
2020-07-07,Orange,059,3164182,29525,21741,325,22066,373
2020-07-07,Placer,061,380077,1280,930,3,933,11
2020-07-07,Plumas,063,18699,17,12,0,12,0
2020-07-07,Riverside,065,2383286,29598,23279,28,23307,499
2020-07-07,Sacramento,067,1510023,6331,4592,7,4599,76
2020-07-07,San Benito,069,59416,382,274,0,274,2
2020-07-07,San Bernardino,071,2135413,24850,16004,18,16022,277
2020-07-07,San Diego,073,3302833,22022,17580,2,17582,399
2020-07-07,San Francisco,075,870044,4788,4045,2,4047,50
2020-07-07,San Joaquin,077,732212,7748,5547,5,5552,59
2020-07-07,San Luis Obispo,079,281455,1197,795,7,802,2
2020-07-07,San Mateo,081,765935,4272,3691,6,3697,106
2020-07-07,Santa Barbara,083,443738,4999,3866,41,3907,27
2020-07-07,Santa Clara,085,1922200,7436,5438,18,5456,164
2020-07-07,Santa Cruz,087,273765,616,502,3,505,2
2020-07-07,Shasta,089,179085,271,144,1,145,6
2020-07-07,Sierra,091,2930,1,1,0,1,0
2020-07-07,Siskiyou,093,43540,54,30,0,30,0
2020-07-07,Solano,095,438530,2527,1776,9,1785,22
2020-07-07,Sonoma,097,501317,1986,1473,4,1477,8
2020-07-07,Stanislaus,099,539301,6026,4101,7,4108,46
2020-07-07,Sutter,101,95872,378,273,0,273,2
2020-07-07,Tehama,103,63373,125,95,2,97,1
2020-07-07,Trinity,105,12862,20,2,5,7,0
2020-07-07,Tulare,107,460477,6926,5189,19,5208,137
2020-07-07,Tuolumne,109,53932,74,40,2,42,0
2020-07-07,Ventura,111,848112,5596,3992,19,4011,46
2020-07-07,Yolo,113,214977,1026,706,3,709,26
2020-07-07,Yuba,115,75493,161,138,0,138,1
2020-07-06,Alameda,001,1643700,8429,6970,12,6982,141
2020-07-06,Alpine,003,1148,1,1,0,1,0
2020-07-06,Amador,005,37829,38,33,0,33,0
2020-07-06,Butte,007,227075,430,257,7,264,2
2020-07-06,Calaveras,009,45235,70,45,0,45,0
2020-07-06,Colusa,011,21464,134,80,0,80,0
2020-07-06,Contra Costa,013,1133247,5256,3901,6,3907,83
2020-07-06,Del Norte,015,27424,60,57,0,57,0
2020-07-06,El Dorado,017,186661,402,232,0,232,0
2020-07-06,Fresno,019,978130,12574,6364,89,6453,82
2020-07-06,Glenn,021,27897,197,129,0,129,0
2020-07-06,Humboldt,023,135768,187,148,1,149,3
2020-07-06,Imperial,025,180216,8724,6443,5,6448,47
2020-07-06,Inyo,027,18085,36,32,1,33,1
2020-07-06,Kern,029,883053,12699,5491,37,5528,82
2020-07-06,Kings,031,150075,3148,2583,11,2594,33
2020-07-06,Lake,033,64148,122,93,0,93,1
2020-07-06,Lassen,035,31185,262,219,2,221,0
2020-07-06,Los Angeles,037,10098052,136649,116707,97,116804,3541
2020-07-06,Madera,039,155013,1346,734,3,737,4
2020-07-06,Marin,041,260295,3623,2136,4,2140,17
2020-07-06,Mariposa,043,17540,36,31,0,31,1
2020-07-06,Mendocino,045,87422,108,72,0,72,0
2020-07-06,Merced,047,269075,2497,1396,3,1399,10
2020-07-06,Modoc,049,8938,1,0,0,0,0
2020-07-06,Mono,051,14174,58,40,0,40,1
2020-07-06,Monterey,053,433212,2806,2078,7,2085,15
2020-07-06,Napa,055,140530,610,454,0,454,4
2020-07-06,Nevada,057,99092,192,146,5,151,1
2020-07-06,Orange,059,3164182,28463,20167,288,20455,372
2020-07-06,Placer,061,380077,1218,904,3,907,11
2020-07-06,Plumas,063,18699,17,11,0,11,0
2020-07-06,Riverside,065,2383286,28546,22485,27,22512,477
2020-07-06,Sacramento,067,1510023,5981,4420,7,4427,71
2020-07-06,San Benito,069,59416,367,264,0,264,2
2020-07-06,San Bernardino,071,2135413,23994,15346,15,15361,272
2020-07-06,San Diego,073,3302833,21308,17002,2,17004,387
2020-07-06,San Francisco,075,870044,4667,3861,2,3863,50
2020-07-06,San Joaquin,077,732212,7378,5104,5,5109,57
2020-07-06,San Luis Obispo,079,281455,1140,751,7,758,2
2020-07-06,San Mateo,081,765935,4180,3650,5,3655,106
2020-07-06,Santa Barbara,083,443738,4862,3763,40,3803,27
2020-07-06,Santa Clara,085,1922200,7165,5369,18,5387,165
2020-07-06,Santa Cruz,087,273765,594,466,2,468,2
2020-07-06,Shasta,089,179085,261,143,1,144,6
2020-07-06,Sierra,091,2930,1,1,0,1,0
2020-07-06,Siskiyou,093,43540,50,30,0,30,0
2020-07-06,Solano,095,438530,2394,1668,9,1677,22
2020-07-06,Sonoma,097,501317,1922,1369,4,1373,8
2020-07-06,Stanislaus,099,539301,5624,3983,7,3990,46
2020-07-06,Sutter,101,95872,351,250,0,250,2
2020-07-06,Tehama,103,63373,122,95,2,97,1
2020-07-06,Trinity,105,12862,19,2,5,7,0
2020-07-06,Tulare,107,460477,6721,5039,17,5056,136
2020-07-06,Tuolumne,109,53932,71,30,2,32,0
2020-07-06,Ventura,111,848112,5403,3912,19,3931,44
2020-07-06,Yolo,113,214977,970,685,3,688,26
2020-07-06,Yuba,115,75493,147,124,0,124,1
2020-07-05,Alameda,001,1643700,8177,6861,12,6873,141
2020-07-05,Alpine,003,1148,1,1,0,1,0
2020-07-05,Amador,005,37829,36,31,0,31,0
2020-07-05,Butte,007,227075,395,248,7,255,2
2020-07-05,Calaveras,009,45235,66,45,0,45,0
2020-07-05,Colusa,011,21464,124,79,0,79,0
2020-07-05,Contra Costa,013,1133247,5016,3665,5,3670,80
2020-07-05,Del Norte,015,27424,60,57,0,57,0
2020-07-05,El Dorado,017,186661,384,227,0,227,0
2020-07-05,Fresno,019,978130,12006,6186,87,6273,82
2020-07-05,Glenn,021,27897,194,129,0,129,0
2020-07-05,Humboldt,023,135768,183,147,1,148,3
2020-07-05,Imperial,025,180216,8590,6441,5,6446,47
2020-07-05,Inyo,027,18085,35,32,1,33,1
2020-07-05,Kern,029,883053,11990,5351,37,5388,82
2020-07-05,Kings,031,150075,3065,2546,10,2556,31
2020-07-05,Lake,033,64148,122,92,0,92,1
2020-07-05,Lassen,035,31185,256,219,2,221,0
2020-07-05,Los Angeles,037,10098052,133429,115133,91,115224,3495
2020-07-05,Madera,039,155013,1268,564,3,567,4
2020-07-05,Marin,041,260295,3440,2080,4,2084,17
2020-07-05,Mariposa,043,17540,36,31,0,31,1
2020-07-05,Mendocino,045,87422,105,72,0,72,0
2020-07-05,Merced,047,269075,2352,1340,3,1343,10
2020-07-05,Modoc,049,8938,1,0,0,0,0
2020-07-05,Mono,051,14174,54,39,0,39,1
2020-07-05,Monterey,053,433212,2703,1994,7,2001,15
2020-07-05,Napa,055,140530,580,450,0,450,4
2020-07-05,Nevada,057,99092,186,141,5,146,1
2020-07-05,Orange,059,3164182,27522,19430,275,19705,372
2020-07-05,Placer,061,380077,1161,855,3,858,11
2020-07-05,Plumas,063,18699,16,11,0,11,0
2020-07-05,Riverside,065,2383286,27689,21511,27,21538,474
2020-07-05,Sacramento,067,1510023,5666,4265,6,4271,71
2020-07-05,San Benito,069,59416,348,258,0,258,2
2020-07-05,San Bernardino,071,2135413,23116,15026,15,15041,270
2020-07-05,San Diego,073,3302833,20620,16728,2,16730,387
2020-07-05,San Francisco,075,870044,4549,3861,2,3863,50
2020-07-05,San Joaquin,077,732212,7059,5015,5,5020,57
2020-07-05,San Luis Obispo,079,281455,1061,730,7,737,2
2020-07-05,San Mateo,081,765935,4069,3575,5,3580,106
2020-07-05,Santa Barbara,083,443738,4714,3671,37,3708,27
2020-07-05,Santa Clara,085,1922200,6873,5237,18,5255,162
2020-07-05,Santa Cruz,087,273765,576,467,0,467,2
2020-07-05,Shasta,089,179085,255,138,1,139,6
2020-07-05,Sierra,091,2930,1,1,0,1,0
2020-07-05,Siskiyou,093,43540,46,30,0,30,0
2020-07-05,Solano,095,438530,2274,1547,9,1556,22
2020-07-05,Sonoma,097,501317,1841,1369,4,1373,8
2020-07-05,Stanislaus,099,539301,5293,3777,6,3783,45
2020-07-05,Sutter,101,95872,323,241,0,241,2
2020-07-05,Tehama,103,63373,120,95,2,97,1
2020-07-05,Trinity,105,12862,19,2,5,7,0
2020-07-05,Tulare,107,460477,6462,4981,15,4996,135
2020-07-05,Tuolumne,109,53932,66,30,2,32,0
2020-07-05,Ventura,111,848112,5200,3866,19,3885,44
2020-07-05,Yolo,113,214977,930,644,3,647,26
2020-07-05,Yuba,115,75493,137,115,0,115,1
2020-07-04,Alameda,001,1643700,8065,6737,12,6749,141
2020-07-04,Alpine,003,1148,1,1,0,1,0
2020-07-04,Amador,005,37829,35,31,0,31,0
2020-07-04,Butte,007,227075,377,224,7,231,2
2020-07-04,Calaveras,009,45235,66,45,0,45,0
2020-07-04,Colusa,011,21464,123,76,0,76,0
2020-07-04,Contra Costa,013,1133247,4868,3583,5,3588,80
2020-07-04,Del Norte,015,27424,60,50,0,50,0
2020-07-04,El Dorado,017,186661,365,211,0,211,0
2020-07-04,Fresno,019,978130,11689,5999,85,6084,82
2020-07-04,Glenn,021,27897,187,128,0,128,0
2020-07-04,Humboldt,023,135768,176,144,1,145,3
2020-07-04,Imperial,025,180216,8542,6441,5,6446,47
2020-07-04,Inyo,027,18085,35,32,1,33,1
2020-07-04,Kern,029,883053,11686,5231,37,5268,81
2020-07-04,Kings,031,150075,3022,2509,10,2519,31
2020-07-04,Lake,033,64148,115,86,0,86,1
2020-07-04,Lassen,035,31185,256,219,2,221,0
2020-07-04,Los Angeles,037,10098052,131613,107256,80,107336,3462
2020-07-04,Madera,039,155013,1222,568,3,571,4
2020-07-04,Marin,041,260295,3411,1962,4,1966,17
2020-07-04,Mariposa,043,17540,36,28,0,28,1
2020-07-04,Mendocino,045,87422,105,72,0,72,0
2020-07-04,Merced,047,269075,2249,1252,2,1254,10
2020-07-04,Modoc,049,8938,1,0,0,0,0
2020-07-04,Mono,051,14174,54,37,0,37,1
2020-07-04,Monterey,053,433212,2623,1878,7,1885,15
2020-07-04,Napa,055,140530,571,426,0,426,4
2020-07-04,Nevada,057,99092,183,125,5,130,1
2020-07-04,Orange,059,3164182,27089,19247,262,19509,372
2020-07-04,Placer,061,380077,1126,796,3,799,11
2020-07-04,Plumas,063,18699,16,11,0,11,0
2020-07-04,Riverside,065,2383286,27322,21508,27,21535,474
2020-07-04,Sacramento,067,1510023,5495,4039,6,4045,71
2020-07-04,San Benito,069,59416,335,255,0,255,2
2020-07-04,San Bernardino,071,2135413,22689,14636,13,14649,270
2020-07-04,San Diego,073,3302833,20160,16166,2,16168,387
2020-07-04,San Francisco,075,870044,4457,3861,2,3863,50
2020-07-04,San Joaquin,077,732212,6846,4807,5,4812,57
2020-07-04,San Luis Obispo,079,281455,1021,699,7,706,2
2020-07-04,San Mateo,081,765935,4006,3532,5,3537,106
2020-07-04,Santa Barbara,083,443738,4638,3520,35,3555,27
2020-07-04,Santa Clara,085,1922200,6681,5045,17,5062,161
2020-07-04,Santa Cruz,087,273765,566,466,0,466,2
2020-07-04,Shasta,089,179085,252,135,1,136,6
2020-07-04,Sierra,091,2930,1,1,0,1,0
2020-07-04,Siskiyou,093,43540,39,30,0,30,0
2020-07-04,Solano,095,438530,2238,1548,9,1557,22
2020-07-04,Sonoma,097,501317,1815,1370,4,1374,8
2020-07-04,Stanislaus,099,539301,5135,3572,6,3578,44
2020-07-04,Sutter,101,95872,304,225,0,225,2
2020-07-04,Tehama,103,63373,117,92,2,94,1
2020-07-04,Trinity,105,12862,19,2,5,7,0
2020-07-04,Tulare,107,460477,6350,4802,14,4816,135
2020-07-04,Tuolumne,109,53932,62,30,2,32,0
2020-07-04,Ventura,111,848112,5076,3687,19,3706,44
2020-07-04,Yolo,113,214977,905,615,3,618,26
2020-07-04,Yuba,115,75493,130,102,0,102,1
2020-07-03,Alameda,001,1643700,7944,6486,12,6498,141
2020-07-03,Alpine,003,1148,1,1,0,1,0
2020-07-03,Amador,005,37829,35,25,0,25,0
2020-07-03,Butte,007,227075,365,212,7,219,2
2020-07-03,Calaveras,009,45235,66,44,0,44,0
2020-07-03,Colusa,011,21464,117,70,0,70,0
2020-07-03,Contra Costa,013,1133247,4734,3447,5,3452,78
2020-07-03,Del Norte,015,27424,60,50,0,50,0
2020-07-03,El Dorado,017,186661,353,201,0,201,0
2020-07-03,Fresno,019,978130,11384,5783,83,5866,81
2020-07-03,Glenn,021,27897,182,122,0,122,0
2020-07-03,Humboldt,023,135768,172,143,1,144,3
2020-07-03,Imperial,025,180216,8494,6345,5,6350,47
2020-07-03,Inyo,027,18085,35,32,1,33,1
2020-07-03,Kern,029,883053,11425,5213,37,5250,81
2020-07-03,Kings,031,150075,2986,2492,10,2502,31
2020-07-03,Lake,033,64148,108,83,0,83,0
2020-07-03,Lassen,035,31185,256,219,2,221,0
2020-07-03,Los Angeles,037,10098052,130097,107236,76,107312,3461
2020-07-03,Madera,039,155013,1177,565,3,568,4
2020-07-03,Marin,041,260295,3382,1776,4,1780,17
2020-07-03,Mariposa,043,17540,36,28,0,28,1
2020-07-03,Mendocino,045,87422,104,72,0,72,0
2020-07-03,Merced,047,269075,2183,1188,2,1190,10
2020-07-03,Modoc,049,8938,1,0,0,0,0
2020-07-03,Mono,051,14174,54,37,0,37,1
2020-07-03,Monterey,053,433212,2552,1804,7,1811,15
2020-07-03,Napa,055,140530,553,388,0,388,4
2020-07-03,Nevada,057,99092,182,125,5,130,1
2020-07-03,Orange,059,3164182,26698,18819,254,19073,366
2020-07-03,Placer,061,380077,1099,745,3,748,11
2020-07-03,Plumas,063,18699,16,11,0,11,0
2020-07-03,Riverside,065,2383286,27016,21171,27,21198,472
2020-07-03,Sacramento,067,1510023,5361,3711,6,3717,71
2020-07-03,San Benito,069,59416,328,243,0,243,2
2020-07-03,San Bernardino,071,2135413,22300,14040,13,14053,269
2020-07-03,San Diego,073,3302833,19704,15698,2,15700,387
2020-07-03,San Francisco,075,870044,4410,3781,2,3783,50
2020-07-03,San Joaquin,077,732212,6708,4416,4,4420,56
2020-07-03,San Luis Obispo,079,281455,986,676,7,683,2
2020-07-03,San Mateo,081,765935,3949,3439,5,3444,106
2020-07-03,Santa Barbara,083,443738,4551,3406,34,3440,27
2020-07-03,Santa Clara,085,1922200,6569,4820,17,4837,161
2020-07-03,Santa Cruz,087,273765,553,436,0,436,2
2020-07-03,Shasta,089,179085,244,113,1,114,6
2020-07-03,Sierra,091,2930,1,1,0,1,0
2020-07-03,Siskiyou,093,43540,36,30,0,30,0
2020-07-03,Solano,095,438530,2194,1496,8,1504,22
2020-07-03,Sonoma,097,501317,1767,1282,4,1286,8
2020-07-03,Stanislaus,099,539301,5010,3021,6,3027,43
2020-07-03,Sutter,101,95872,294,205,0,205,2
2020-07-03,Tehama,103,63373,115,89,2,91,1
2020-07-03,Trinity,105,12862,19,2,5,7,0
2020-07-03,Tulare,107,460477,6235,4656,14,4670,134
2020-07-03,Tuolumne,109,53932,60,27,2,29,0
2020-07-03,Ventura,111,848112,4980,3536,19,3555,44
2020-07-03,Yolo,113,214977,871,586,3,589,25
2020-07-03,Yuba,115,75493,125,96,0,96,1
2020-07-02,Alameda,001,1643700,7818,6386,12,6398,139
2020-07-02,Alpine,003,1148,1,1,0,1,0
2020-07-02,Amador,005,37829,34,23,0,23,0
2020-07-02,Butte,007,227075,348,199,7,206,2
2020-07-02,Calaveras,009,45235,62,42,0,42,0
2020-07-02,Colusa,011,21464,109,60,0,60,0
2020-07-02,Contra Costa,013,1133247,4550,3347,5,3352,77
2020-07-02,Del Norte,015,27424,59,50,0,50,0
2020-07-02,El Dorado,017,186661,342,193,0,193,0
2020-07-02,Fresno,019,978130,10925,5402,83,5485,78
2020-07-02,Glenn,021,27897,176,114,0,114,0
2020-07-02,Humboldt,023,135768,168,138,1,139,3
2020-07-02,Imperial,025,180216,8392,6236,5,6241,47
2020-07-02,Inyo,027,18085,35,29,1,30,1
2020-07-02,Kern,029,883053,10889,5036,35,5071,78
2020-07-02,Kings,031,150075,2935,2419,10,2429,31
2020-07-02,Lake,033,64148,104,81,0,81,0
2020-07-02,Lassen,035,31185,254,218,2,220,0
2020-07-02,Los Angeles,037,10098052,128079,107144,53,107197,3458
2020-07-02,Madera,039,155013,1109,548,3,551,4
2020-07-02,Marin,041,260295,3297,1706,4,1710,17
2020-07-02,Mariposa,043,17540,35,28,0,28,1
2020-07-02,Mendocino,045,87422,100,71,0,71,0
2020-07-02,Merced,047,269075,2086,1122,2,1124,10
2020-07-02,Modoc,049,8938,1,0,0,0,0
2020-07-02,Mono,051,14174,54,37,0,37,1
2020-07-02,Monterey,053,433212,2492,1796,7,1803,15
2020-07-02,Napa,055,140530,536,352,0,352,4
2020-07-02,Nevada,057,99092,176,118,4,122,1
2020-07-02,Orange,059,3164182,25934,17056,241,17297,360
2020-07-02,Placer,061,380077,1075,740,3,743,11
2020-07-02,Plumas,063,18699,15,8,0,8,0
2020-07-02,Riverside,065,2383286,26443,20253,27,20280,458
2020-07-02,Sacramento,067,1510023,5134,3587,6,3593,70
2020-07-02,San Benito,069,59416,320,236,0,236,2
2020-07-02,San Bernardino,071,2135413,21763,13185,13,13198,260
2020-07-02,San Diego,073,3302833,19242,15208,2,15210,377
2020-07-02,San Francisco,075,870044,4315,3676,2,3678,50
2020-07-02,San Joaquin,077,732212,6361,4243,4,4247,56
2020-07-02,San Luis Obispo,079,281455,941,659,7,666,2
2020-07-02,San Mateo,081,765935,3869,3390,5,3395,107
2020-07-02,Santa Barbara,083,443738,4451,3385,32,3417,27
2020-07-02,Santa Clara,085,1922200,6443,4722,17,4739,160
2020-07-02,Santa Cruz,087,273765,530,414,0,414,2
2020-07-02,Shasta,089,179085,241,110,1,111,5
2020-07-02,Sierra,091,2930,1,1,0,1,0
2020-07-02,Siskiyou,093,43540,36,30,0,30,0
2020-07-02,Solano,095,438530,2111,1429,8,1437,21
2020-07-02,Sonoma,097,501317,1709,1244,4,1248,6
2020-07-02,Stanislaus,099,539301,4838,2850,6,2856,41
2020-07-02,Sutter,101,95872,282,195,0,195,2
2020-07-02,Tehama,103,63373,113,86,2,88,1
2020-07-02,Trinity,105,12862,19,2,5,7,0
2020-07-02,Tulare,107,460477,6068,4559,13,4572,132
2020-07-02,Tuolumne,109,53932,57,23,2,25,0
2020-07-02,Ventura,111,848112,4824,3394,19,3413,42
2020-07-02,Yolo,113,214977,839,554,3,557,24
2020-07-02,Yuba,115,75493,115,93,0,93,1
2020-07-01,Alameda,001,1643700,7596,6125,12,6137,137
2020-07-01,Alpine,003,1148,1,1,0,1,0
2020-07-01,Amador,005,37829,33,22,0,22,0
2020-07-01,Butte,007,227075,323,185,7,192,2
2020-07-01,Calaveras,009,45235,60,37,0,37,0
2020-07-01,Colusa,011,21464,103,53,0,53,0
2020-07-01,Contra Costa,013,1133247,4338,3259,5,3264,76
2020-07-01,Del Norte,015,27424,59,50,0,50,0
2020-07-01,El Dorado,017,186661,315,183,0,183,0
2020-07-01,Fresno,019,978130,10490,5111,80,5191,76
2020-07-01,Glenn,021,27897,170,110,0,110,0
2020-07-01,Humboldt,023,135768,163,134,0,134,3
2020-07-01,Imperial,025,180216,8295,6150,5,6155,46
2020-07-01,Inyo,027,18085,34,30,1,31,1
2020-07-01,Kern,029,883053,10256,4853,33,4886,78
2020-07-01,Kings,031,150075,2867,2360,10,2370,30
2020-07-01,Lake,033,64148,103,75,0,75,0
2020-07-01,Lassen,035,31185,253,217,2,219,0
2020-07-01,Los Angeles,037,10098052,124877,105325,44,105369,3408
2020-07-01,Madera,039,155013,1068,519,3,522,4
2020-07-01,Marin,041,260295,3140,1636,4,1640,17
2020-07-01,Mariposa,043,17540,35,29,0,29,1
2020-07-01,Mendocino,045,87422,96,70,0,70,0
2020-07-01,Merced,047,269075,1986,1052,2,1054,10
2020-07-01,Modoc,049,8938,1,0,0,0,0
2020-07-01,Mono,051,14174,51,37,0,37,1
2020-07-01,Monterey,053,433212,2384,1703,6,1709,15
2020-07-01,Napa,055,140530,513,347,0,347,4
2020-07-01,Nevada,057,99092,166,115,4,119,1
2020-07-01,Orange,059,3164182,25049,15662,220,15882,343
2020-07-01,Placer,061,380077,1028,713,3,716,11
2020-07-01,Plumas,063,18699,13,8,0,8,0
2020-07-01,Riverside,065,2383286,25601,19537,26,19563,457
2020-07-01,Sacramento,067,1510023,4879,3425,6,3431,64
2020-07-01,San Benito,069,59416,311,219,0,219,2
2020-07-01,San Bernardino,071,2135413,20866,12712,10,12722,253
2020-07-01,San Diego,073,3302833,18683,14624,2,14626,372
2020-07-01,San Francisco,075,870044,4222,3626,2,3628,50
2020-07-01,San Joaquin,077,732212,6003,3990,4,3994,54
2020-07-01,San Luis Obispo,079,281455,914,613,7,620,1
2020-07-01,San Mateo,081,765935,3807,3326,5,3331,84
2020-07-01,Santa Barbara,083,443738,4331,3268,31,3299,27
2020-07-01,Santa Clara,085,1922200,6256,4547,16,4563,159
2020-07-01,Santa Cruz,087,273765,508,398,0,398,2
2020-07-01,Shasta,089,179085,236,104,1,105,5
2020-07-01,Sierra,091,2930,1,1,0,1,0
2020-07-01,Siskiyou,093,43540,36,28,0,28,0
2020-07-01,Solano,095,438530,2022,1350,8,1358,21
2020-07-01,Sonoma,097,501317,1613,1178,4,1182,6
2020-07-01,Stanislaus,099,539301,4559,2619,6,2625,41
2020-07-01,Sutter,101,95872,269,188,0,188,2
2020-07-01,Tehama,103,63373,106,80,2,82,1
2020-07-01,Trinity,105,12862,19,2,4,6,0
2020-07-01,Tulare,107,460477,5890,4359,13,4372,128
2020-07-01,Tuolumne,109,53932,54,17,2,19,0
2020-07-01,Ventura,111,848112,4681,3224,17,3241,41
2020-07-01,Yolo,113,214977,789,526,3,529,24
2020-07-01,Yuba,115,75493,110,57,0,57,1
2020-06-30,Alameda,001,1643700,7347,5959,10,5969,137
2020-06-30,Alpine,003,1148,1,1,0,1,0
2020-06-30,Amador,005,37829,33,21,0,21,0
2020-06-30,Butte,007,227075,306,163,7,170,2
2020-06-30,Calaveras,009,45235,55,31,0,31,0
2020-06-30,Colusa,011,21464,94,33,0,33,0
2020-06-30,Contra Costa,013,1133247,4131,3140,5,3145,75
2020-06-30,Del Norte,015,27424,59,48,0,48,0
2020-06-30,El Dorado,017,186661,302,175,0,175,0
2020-06-30,Fresno,019,978130,10041,4826,75,4901,75
2020-06-30,Glenn,021,27897,165,96,0,96,0
2020-06-30,Humboldt,023,135768,159,132,0,132,3
2020-06-30,Imperial,025,180216,8198,5968,5,5973,45
2020-06-30,Inyo,027,18085,34,30,1,31,1
2020-06-30,Kern,029,883053,9609,4721,30,4751,75
2020-06-30,Kings,031,150075,2818,2315,7,2322,30
2020-06-30,Lake,033,64148,95,56,0,56,0
2020-06-30,Lassen,035,31185,246,215,2,217,0
2020-06-30,Los Angeles,037,10098052,121298,103640,41,103681,3378
2020-06-30,Madera,039,155013,1011,475,3,478,4
2020-06-30,Marin,041,260295,3069,1614,4,1618,17
2020-06-30,Mariposa,043,17540,34,27,0,27,1
2020-06-30,Mendocino,045,87422,91,65,0,65,0
2020-06-30,Merced,047,269075,1849,970,2,972,10
2020-06-30,Modoc,049,8938,1,0,0,0,0
2020-06-30,Mono,051,14174,49,36,0,36,1
2020-06-30,Monterey,053,433212,2286,1657,6,1663,15
2020-06-30,Napa,055,140530,488,342,0,342,4
2020-06-30,Nevada,057,99092,158,113,4,117,1
2020-06-30,Orange,059,3164182,24118,14354,210,14564,335
2020-06-30,Placer,061,380077,1001,667,3,670,11
2020-06-30,Plumas,063,18699,12,8,0,8,0
2020-06-30,Riverside,065,2383286,24885,18656,25,18681,449
2020-06-30,Sacramento,067,1510023,4590,3246,6,3252,64
2020-06-30,San Benito,069,59416,300,200,0,200,2
2020-06-30,San Bernardino,071,2135413,19882,12375,10,12385,249
2020-06-30,San Diego,073,3302833,17979,14150,2,14152,365
2020-06-30,San Francisco,075,870044,4117,3555,1,3556,50
2020-06-30,San Joaquin,077,732212,5628,3744,4,3748,52
2020-06-30,San Luis Obispo,079,281455,877,583,7,590,1
2020-06-30,San Mateo,081,765935,3729,3268,5,3273,84
2020-06-30,Santa Barbara,083,443738,4214,3102,31,3133,25
2020-06-30,Santa Clara,085,1922200,6054,4346,16,4362,157
2020-06-30,Santa Cruz,087,273765,483,379,0,379,2
2020-06-30,Shasta,089,179085,220,100,1,101,5
2020-06-30,Sierra,091,2930,1,1,0,1,0
2020-06-30,Siskiyou,093,43540,35,26,0,26,0
2020-06-30,Solano,095,438530,1930,1256,8,1264,21
2020-06-30,Sonoma,097,501317,1549,1122,4,1126,6
2020-06-30,Stanislaus,099,539301,4261,2578,6,2584,41
2020-06-30,Sutter,101,95872,246,168,0,168,2
2020-06-30,Tehama,103,63373,104,75,2,77,1
2020-06-30,Trinity,105,12862,19,2,4,6,0
2020-06-30,Tulare,107,460477,5681,4207,13,4220,117
2020-06-30,Tuolumne,109,53932,50,16,2,18,0
2020-06-30,Ventura,111,848112,4547,3030,17,3047,40
2020-06-30,Yolo,113,214977,751,515,3,518,24
2020-06-30,Yuba,115,75493,106,55,0,55,1
2020-06-29,Alameda,001,1643700,7137,5766,10,5776,135
2020-06-29,Alpine,003,1148,1,1,0,1,0
2020-06-29,Amador,005,37829,30,20,0,20,0
2020-06-29,Butte,007,227075,285,157,7,164,2
2020-06-29,Calaveras,009,45235,53,30,0,30,0
2020-06-29,Colusa,011,21464,89,17,0,17,0
2020-06-29,Contra Costa,013,1133247,3968,2976,4,2980,75
2020-06-29,Del Norte,015,27424,59,47,0,47,0
2020-06-29,El Dorado,017,186661,288,163,0,163,0
2020-06-29,Fresno,019,978130,9693,4531,74,4605,74
2020-06-29,Glenn,021,27897,156,77,0,77,0
2020-06-29,Humboldt,023,135768,158,128,0,128,3
2020-06-29,Imperial,025,180216,8067,5512,5,5517,45
2020-06-29,Inyo,027,18085,33,29,0,29,1
2020-06-29,Kern,029,883053,8945,4613,28,4641,73
2020-06-29,Kings,031,150075,2753,2280,7,2287,20
2020-06-29,Lake,033,64148,88,53,0,53,0
2020-06-29,Lassen,035,31185,238,77,2,79,0
2020-06-29,Los Angeles,037,10098052,118259,100846,35,100881,3337
2020-06-29,Madera,039,155013,954,422,3,425,4
2020-06-29,Marin,041,260295,2993,1517,4,1521,17
2020-06-29,Mariposa,043,17540,32,25,0,25,1
2020-06-29,Mendocino,045,87422,88,63,0,63,0
2020-06-29,Merced,047,269075,1743,848,2,850,10
2020-06-29,Modoc,049,8938,1,0,0,0,0
2020-06-29,Mono,051,14174,47,35,0,35,1
2020-06-29,Monterey,053,433212,2214,1614,6,1620,14
2020-06-29,Napa,055,140530,467,317,0,317,4
2020-06-29,Nevada,057,99092,155,107,3,110,1
2020-06-29,Orange,059,3164182,23128,13682,194,13876,324
2020-06-29,Placer,061,380077,965,628,3,631,11
2020-06-29,Plumas,063,18699,12,6,0,6,0
2020-06-29,Riverside,065,2383286,23852,17683,25,17708,432
2020-06-29,Sacramento,067,1510023,4303,2985,6,2991,62
2020-06-29,San Benito,069,59416,285,193,0,193,2
2020-06-29,San Bernardino,071,2135413,18921,11643,10,11653,245
2020-06-29,San Diego,073,3302833,17402,13834,2,13836,361
2020-06-29,San Francisco,075,870044,4040,3389,1,3390,50
2020-06-29,San Joaquin,077,732212,5270,3202,4,3206,52
2020-06-29,San Luis Obispo,079,281455,843,544,7,551,1
2020-06-29,San Mateo,081,765935,3675,3170,5,3175,84
2020-06-29,Santa Barbara,083,443738,4104,2933,30,2963,25
2020-06-29,Santa Clara,085,1922200,5882,4231,16,4247,157
2020-06-29,Santa Cruz,087,273765,465,348,0,348,2
2020-06-29,Shasta,089,179085,212,94,1,95,5
2020-06-29,Sierra,091,2930,1,1,0,1,0
2020-06-29,Siskiyou,093,43540,35,25,0,25,0
2020-06-29,Solano,095,438530,1828,1077,8,1085,21
2020-06-29,Sonoma,097,501317,1477,1103,4,1107,5
2020-06-29,Stanislaus,099,539301,4055,2400,5,2405,36
2020-06-29,Sutter,101,95872,224,152,0,152,2
2020-06-29,Tehama,103,63373,100,63,2,65,1
2020-06-29,Trinity,105,12862,18,2,4,6,0
2020-06-29,Tulare,107,460477,5526,3906,12,3918,117
2020-06-29,Tuolumne,109,53932,46,16,2,18,0
2020-06-29,Ventura,111,848112,4400,2794,17,2811,40
2020-06-29,Yolo,113,214977,718,483,3,486,24
2020-06-29,Yuba,115,75493,93,55,0,55,1
2020-06-28,Alameda,001,1643700,6878,5698,10,5708,135
2020-06-28,Alpine,003,1148,1,1,0,1,0
2020-06-28,Amador,005,37829,28,20,0,20,0
2020-06-28,Butte,007,227075,265,150,7,157,2
2020-06-28,Calaveras,009,45235,48,30,0,30,0
2020-06-28,Colusa,011,21464,74,17,0,17,0
2020-06-28,Contra Costa,013,1133247,3778,2803,4,2807,73
2020-06-28,Del Norte,015,27424,58,47,0,47,0
2020-06-28,El Dorado,017,186661,276,162,0,162,0
2020-06-28,Fresno,019,978130,9332,4365,74,4439,74
2020-06-28,Glenn,021,27897,148,77,0,77,0
2020-06-28,Humboldt,023,135768,155,127,0,127,3
2020-06-28,Imperial,025,180216,7879,5513,4,5517,45
2020-06-28,Inyo,027,18085,33,29,0,29,1
2020-06-28,Kern,029,883053,8393,4541,26,4567,72
2020-06-28,Kings,031,150075,2694,2234,7,2241,18
2020-06-28,Lake,033,64148,84,53,0,53,0
2020-06-28,Lassen,035,31185,238,77,2,79,0
2020-06-28,Los Angeles,037,10098052,115057,98003,31,98034,3316
2020-06-28,Madera,039,155013,906,424,3,427,4
2020-06-28,Marin,041,260295,2647,1473,4,1477,17
2020-06-28,Mariposa,043,17540,32,24,0,24,1
2020-06-28,Mendocino,045,87422,86,63,0,63,0
2020-06-28,Merced,047,269075,1630,814,2,816,10
2020-06-28,Modoc,049,8938,1,0,0,0,0
2020-06-28,Mono,051,14174,47,35,0,35,1
2020-06-28,Monterey,053,433212,2132,1560,6,1566,13
2020-06-28,Napa,055,140530,433,307,0,307,4
2020-06-28,Nevada,057,99092,144,102,3,105,1
2020-06-28,Orange,059,3164182,22154,13213,176,13389,324
2020-06-28,Placer,061,380077,926,618,3,621,11
2020-06-28,Plumas,063,18699,11,6,0,6,0
2020-06-28,Riverside,065,2383286,23025,16848,24,16872,432
2020-06-28,Sacramento,067,1510023,4075,2803,6,2809,63
2020-06-28,San Benito,069,59416,274,190,0,190,2
2020-06-28,San Bernardino,071,2135413,18167,11344,9,11353,245
2020-06-28,San Diego,073,3302833,16857,13333,2,13335,361
2020-06-28,San Francisco,075,870044,3961,3388,1,3389,50
2020-06-28,San Joaquin,077,732212,4933,3201,4,3205,52
2020-06-28,San Luis Obispo,079,281455,804,531,6,537,1
2020-06-28,San Mateo,081,765935,3597,3124,5,3129,84
2020-06-28,Santa Barbara,083,443738,3959,2872,30,2902,25
2020-06-28,Santa Clara,085,1922200,5720,4131,16,4147,156
2020-06-28,Santa Cruz,087,273765,442,349,0,349,2
2020-06-28,Shasta,089,179085,199,89,0,89,5
2020-06-28,Sierra,091,2930,1,1,0,1,0
2020-06-28,Siskiyou,093,43540,35,25,0,25,0
2020-06-28,Solano,095,438530,1753,1077,8,1085,21
2020-06-28,Sonoma,097,501317,1423,1084,4,1088,5
2020-06-28,Stanislaus,099,539301,3849,2376,5,2381,36
2020-06-28,Sutter,101,95872,198,145,0,145,2
2020-06-28,Tehama,103,63373,93,63,2,65,1
2020-06-28,Trinity,105,12862,17,2,4,6,0
2020-06-28,Tulare,107,460477,5358,3812,12,3824,117
2020-06-28,Tuolumne,109,53932,41,14,2,16,0
2020-06-28,Ventura,111,848112,4242,2650,17,2667,40
2020-06-28,Yolo,113,214977,683,468,3,471,24
2020-06-28,Yuba,115,75493,89,39,0,39,1
2020-06-27,Alameda,001,1643700,6782,5581,10,5591,135
2020-06-27,Alpine,003,1148,1,1,0,1,0
2020-06-27,Amador,005,37829,26,20,0,20,0
2020-06-27,Butte,007,227075,257,137,7,144,2
2020-06-27,Calaveras,009,45235,46,30,0,30,0
2020-06-27,Colusa,011,21464,68,17,0,17,0
2020-06-27,Contra Costa,013,1133247,3683,2717,3,2720,72
2020-06-27,Del Norte,015,27424,58,47,0,47,0
2020-06-27,El Dorado,017,186661,270,159,0,159,0
2020-06-27,Fresno,019,978130,9086,4238,74,4312,74
2020-06-27,Glenn,021,27897,144,77,0,77,0
2020-06-27,Humboldt,023,135768,153,127,0,127,3
2020-06-27,Imperial,025,180216,7818,5513,4,5517,45
2020-06-27,Inyo,027,18085,33,29,0,29,1
2020-06-27,Kern,029,883053,8129,4411,25,4436,70
2020-06-27,Kings,031,150075,2668,2187,7,2194,18
2020-06-27,Lake,033,64148,81,42,0,42,0
2020-06-27,Lassen,035,31185,238,33,2,35,0
2020-06-27,Los Angeles,037,10098052,113315,95341,28,95369,3291
2020-06-27,Madera,039,155013,863,427,2,429,4
2020-06-27,Marin,041,260295,2602,1423,4,1427,17
2020-06-27,Mariposa,043,17540,31,22,0,22,1
2020-06-27,Mendocino,045,87422,86,63,0,63,0
2020-06-27,Merced,047,269075,1572,807,1,808,10
2020-06-27,Modoc,049,8938,1,0,0,0,0
2020-06-27,Mono,051,14174,46,35,0,35,1
2020-06-27,Monterey,053,433212,2068,1455,6,1461,12
2020-06-27,Napa,055,140530,423,282,0,282,3
2020-06-27,Nevada,057,99092,140,102,2,104,1
2020-06-27,Orange,059,3164182,21643,12951,171,13122,320
2020-06-27,Placer,061,380077,905,584,3,587,10
2020-06-27,Plumas,063,18699,11,6,0,6,0
2020-06-27,Riverside,065,2383286,22636,16209,24,16233,432
2020-06-27,Sacramento,067,1510023,3958,2685,6,2691,63
2020-06-27,San Benito,069,59416,267,182,0,182,2
2020-06-27,San Bernardino,071,2135413,17788,11238,9,11247,243
2020-06-27,San Diego,073,3302833,16492,12836,2,12838,360
2020-06-27,San Francisco,075,870044,3906,3332,1,3333,49
2020-06-27,San Joaquin,077,732212,4767,2995,4,2999,52
2020-06-27,San Luis Obispo,079,281455,780,505,6,511,1
2020-06-27,San Mateo,081,765935,3540,3083,5,3088,83
2020-06-27,Santa Barbara,083,443738,3887,2799,30,2829,25
2020-06-27,Santa Clara,085,1922200,5614,4006,16,4022,157
2020-06-27,Santa Cruz,087,273765,435,347,0,347,2
2020-06-27,Shasta,089,179085,194,87,0,87,5
2020-06-27,Sierra,091,2930,1,1,0,1,0
2020-06-27,Siskiyou,093,43540,35,25,0,25,0
2020-06-27,Solano,095,438530,1720,1076,8,1084,21
2020-06-27,Sonoma,097,501317,1392,1004,4,1008,5
2020-06-27,Stanislaus,099,539301,3749,2164,5,2169,36
2020-06-27,Sutter,101,95872,191,141,0,141,2
2020-06-27,Tehama,103,63373,90,63,2,65,1
2020-06-27,Trinity,105,12862,17,2,4,6,0
2020-06-27,Tulare,107,460477,5262,3810,12,3822,117
2020-06-27,Tuolumne,109,53932,40,13,2,15,0
2020-06-27,Ventura,111,848112,4142,2471,17,2488,40
2020-06-27,Yolo,113,214977,659,432,3,435,24
2020-06-27,Yuba,115,75493,81,39,0,39,1
2020-06-26,Alameda,001,1643700,6696,5502,9,5511,132
2020-06-26,Alpine,003,1148,1,1,0,1,0
2020-06-26,Amador,005,37829,25,20,0,20,0
2020-06-26,Butte,007,227075,242,135,7,142,2
2020-06-26,Calaveras,009,45235,44,30,0,30,0
2020-06-26,Colusa,011,21464,63,17,0,17,0
2020-06-26,Contra Costa,013,1133247,3570,2676,3,2679,72
2020-06-26,Del Norte,015,27424,57,47,0,47,0
2020-06-26,El Dorado,017,186661,262,159,0,159,0
2020-06-26,Fresno,019,978130,8860,4166,74,4240,74
2020-06-26,Glenn,021,27897,137,71,0,71,0
2020-06-26,Humboldt,023,135768,151,126,0,126,3
2020-06-26,Imperial,025,180216,7755,5400,4,5404,44
2020-06-26,Inyo,027,18085,32,29,0,29,1
2020-06-26,Kern,029,883053,7798,4366,25,4391,70
2020-06-26,Kings,031,150075,2636,2176,6,2182,18
2020-06-26,Lake,033,64148,80,42,0,42,0
2020-06-26,Lassen,035,31185,237,30,2,32,0
2020-06-26,Los Angeles,037,10098052,111149,93328,28,93356,3275
2020-06-26,Madera,039,155013,831,409,2,411,4
2020-06-26,Marin,041,260295,2566,1406,4,1410,17
2020-06-26,Mariposa,043,17540,30,21,0,21,1
2020-06-26,Mendocino,045,87422,83,63,0,63,0
2020-06-26,Merced,047,269075,1526,797,1,798,10
2020-06-26,Modoc,049,8938,1,0,0,0,0
2020-06-26,Mono,051,14174,45,35,0,35,1
2020-06-26,Monterey,053,433212,2016,1449,6,1455,12
2020-06-26,Napa,055,140530,413,277,0,277,3
2020-06-26,Nevada,057,99092,136,101,1,102,1
2020-06-26,Orange,059,3164182,20967,12659,168,12827,320
2020-06-26,Placer,061,380077,877,584,3,587,10
2020-06-26,Plumas,063,18699,11,6,0,6,0
2020-06-26,Riverside,065,2383286,22173,15858,24,15882,430
2020-06-26,Sacramento,067,1510023,3793,2687,6,2693,63
2020-06-26,San Benito,069,59416,263,176,0,176,2
2020-06-26,San Bernardino,071,2135413,17411,11111,9,11120,243
2020-06-26,San Diego,073,3302833,16127,12402,2,12404,358
2020-06-26,San Francisco,075,870044,3850,3330,1,3331,49
2020-06-26,San Joaquin,077,732212,4553,2943,4,2947,52
2020-06-26,San Luis Obispo,079,281455,765,498,6,504,1
2020-06-26,San Mateo,081,765935,3488,3055,5,3060,83
2020-06-26,Santa Barbara,083,443738,3797,2784,28,2812,25
2020-06-26,Santa Clara,085,1922200,5513,3968,16,3984,156
2020-06-26,Santa Cruz,087,273765,428,344,0,344,2
2020-06-26,Shasta,089,179085,187,86,0,86,5
2020-06-26,Sierra,091,2930,1,1,0,1,0
2020-06-26,Siskiyou,093,43540,34,24,0,24,0
2020-06-26,Solano,095,438530,1678,1068,8,1076,21
2020-06-26,Sonoma,097,501317,1360,977,4,981,5
2020-06-26,Stanislaus,099,539301,3636,2157,5,2162,36
2020-06-26,Sutter,101,95872,184,138,0,138,2
2020-06-26,Tehama,103,63373,87,63,2,65,1
2020-06-26,Trinity,105,12862,17,2,4,6,0
2020-06-26,Tulare,107,460477,5173,3720,12,3732,117
2020-06-26,Tuolumne,109,53932,38,10,2,12,0
2020-06-26,Ventura,111,848112,4056,2444,17,2461,40
2020-06-26,Yolo,113,214977,635,418,3,421,24
2020-06-26,Yuba,115,75493,75,38,0,38,1
2020-06-25,Alameda,001,1643700,6507,5398,9,5407,130
2020-06-25,Alpine,003,1148,1,1,0,1,0
2020-06-25,Amador,005,37829,24,18,0,18,0
2020-06-25,Butte,007,227075,237,127,7,134,1
2020-06-25,Calaveras,009,45235,39,26,0,26,0
2020-06-25,Colusa,011,21464,53,14,0,14,0
2020-06-25,Contra Costa,013,1133247,3385,2591,3,2594,71
2020-06-25,Del Norte,015,27424,55,47,0,47,0
2020-06-25,El Dorado,017,186661,254,150,0,150,0
2020-06-25,Fresno,019,978130,8547,3938,73,4011,71
2020-06-25,Glenn,021,27897,132,59,0,59,0
2020-06-25,Humboldt,023,135768,150,121,0,121,3
2020-06-25,Imperial,025,180216,7626,5192,4,5196,44
2020-06-25,Inyo,027,18085,29,27,0,27,1
2020-06-25,Kern,029,883053,7373,4236,22,4258,69
2020-06-25,Kings,031,150075,2584,2110,6,2116,17
2020-06-25,Lake,033,64148,79,42,0,42,0
2020-06-25,Lassen,035,31185,231,13,2,15,0
2020-06-25,Los Angeles,037,10098052,108382,91524,28,91552,3239
2020-06-25,Madera,039,155013,787,380,2,382,4
2020-06-25,Marin,041,260295,2464,1321,4,1325,17
2020-06-25,Mariposa,043,17540,29,20,0,20,1
2020-06-25,Mendocino,045,87422,80,61,0,61,0
2020-06-25,Merced,047,269075,1439,747,1,748,10
2020-06-25,Modoc,049,8938,1,0,0,0,0
2020-06-25,Mono,051,14174,44,35,0,35,1
2020-06-25,Monterey,053,433212,1928,1426,5,1431,12
2020-06-25,Napa,055,140530,395,260,0,260,3
2020-06-25,Nevada,057,99092,128,92,1,93,1
2020-06-25,Orange,059,3164182,20045,12221,166,12387,311
2020-06-25,Placer,061,380077,823,574,3,577,10
2020-06-25,Plumas,063,18699,10,6,0,6,0
2020-06-25,Riverside,065,2383286,21418,15224,24,15248,427
2020-06-25,Sacramento,067,1510023,3570,2519,6,2525,62
2020-06-25,San Benito,069,59416,255,174,0,174,2
2020-06-25,San Bernardino,071,2135413,16660,10590,9,10599,242
2020-06-25,San Diego,073,3302833,15588,11963,2,11965,352
2020-06-25,San Francisco,075,870044,3785,3252,1,3253,48
2020-06-25,San Joaquin,077,732212,4280,2803,4,2807,50
2020-06-25,San Luis Obispo,079,281455,733,473,6,479,1
2020-06-25,San Mateo,081,765935,3420,2996,5,3001,82
2020-06-25,Santa Barbara,083,443738,3690,2622,27,2649,25
2020-06-25,Santa Clara,085,1922200,5364,3871,16,3887,156
2020-06-25,Santa Cruz,087,273765,416,335,0,335,2
2020-06-25,Shasta,089,179085,177,84,0,84,5
2020-06-25,Sierra,091,2930,1,1,0,1,0
2020-06-25,Siskiyou,093,43540,33,24,0,24,0
2020-06-25,Solano,095,438530,1625,1034,8,1042,21
2020-06-25,Sonoma,097,501317,1313,953,3,956,5
2020-06-25,Stanislaus,099,539301,3424,2130,5,2135,36
2020-06-25,Sutter,101,95872,172,126,0,126,2
2020-06-25,Tehama,103,63373,83,59,2,61,1
2020-06-25,Trinity,105,12862,17,2,4,6,0
2020-06-25,Tulare,107,460477,5042,3656,12,3668,117
2020-06-25,Tuolumne,109,53932,37,10,1,11,0
2020-06-25,Ventura,111,848112,3874,2346,16,2362,40
2020-06-25,Yolo,113,214977,605,397,3,400,24
2020-06-25,Yuba,115,75493,64,38,0,38,1
2020-06-24,Alameda,001,1643700,6345,5242,9,5251,123
2020-06-24,Alpine,003,1148,1,1,0,1,0
2020-06-24,Amador,005,37829,22,16,0,16,0
2020-06-24,Butte,007,227075,221,119,7,126,1
2020-06-24,Calaveras,009,45235,37,26,0,26,0
2020-06-24,Colusa,011,21464,44,11,0,11,0
2020-06-24,Contra Costa,013,1133247,3230,2520,3,2523,66
2020-06-24,Del Norte,015,27424,49,47,0,47,0
2020-06-24,El Dorado,017,186661,238,149,0,149,0
2020-06-24,Fresno,019,978130,8216,3765,73,3838,71
2020-06-24,Glenn,021,27897,124,54,0,54,0
2020-06-24,Humboldt,023,135768,150,117,0,117,3
2020-06-24,Imperial,025,180216,7508,5138,4,5142,38
2020-06-24,Inyo,027,18085,29,28,0,28,1
2020-06-24,Kern,029,883053,6980,4155,20,4175,67
2020-06-24,Kings,031,150075,2520,2063,6,2069,16
2020-06-24,Lake,033,64148,66,40,0,40,0
2020-06-24,Lassen,035,31185,230,9,2,11,0
2020-06-24,Los Angeles,037,10098052,105622,89566,28,89594,3186
2020-06-24,Madera,039,155013,765,373,2,375,4
2020-06-24,Marin,041,260295,2236,1261,4,1265,17
2020-06-24,Mariposa,043,17540,28,19,0,19,1
2020-06-24,Mendocino,045,87422,80,60,0,60,0
2020-06-24,Merced,047,269075,1353,696,1,697,8
2020-06-24,Modoc,049,8938,1,0,0,0,0
2020-06-24,Mono,051,14174,42,35,0,35,1
2020-06-24,Monterey,053,433212,1851,1407,5,1412,12
2020-06-24,Napa,055,140530,377,258,0,258,3
2020-06-24,Nevada,057,99092,122,92,1,93,1
2020-06-24,Orange,059,3164182,19048,11804,148,11952,303
2020-06-24,Placer,061,380077,784,548,3,551,10
2020-06-24,Plumas,063,18699,10,6,0,6,0
2020-06-24,Riverside,065,2383286,20571,14946,24,14970,410
2020-06-24,Sacramento,067,1510023,3365,2446,5,2451,62
2020-06-24,San Benito,069,59416,251,171,0,171,2
2020-06-24,San Bernardino,071,2135413,15847,10211,9,10220,239
2020-06-24,San Diego,073,3302833,15085,11628,2,11630,347
2020-06-24,San Francisco,075,870044,3722,3216,1,3217,48
2020-06-24,San Joaquin,077,732212,4059,2680,4,2684,49
2020-06-24,San Luis Obispo,079,281455,701,461,5,466,1
2020-06-24,San Mateo,081,765935,3363,2964,5,2969,82
2020-06-24,Santa Barbara,083,443738,3569,2569,25,2594,22
2020-06-24,Santa Clara,085,1922200,5233,3812,16,3828,155
2020-06-24,Santa Cruz,087,273765,404,329,0,329,2
2020-06-24,Shasta,089,179085,169,83,0,83,5
2020-06-24,Sierra,091,2930,1,1,0,1,0
2020-06-24,Siskiyou,093,43540,32,24,0,24,0
2020-06-24,Solano,095,438530,1535,979,7,986,21
2020-06-24,Sonoma,097,501317,1264,933,3,936,4
2020-06-24,Stanislaus,099,539301,3245,2039,5,2044,36
2020-06-24,Sutter,101,95872,159,118,0,118,2
2020-06-24,Tehama,103,63373,81,55,2,57,1
2020-06-24,Trinity,105,12862,16,2,3,5,0
2020-06-24,Tulare,107,460477,4887,3541,10,3551,116
2020-06-24,Tuolumne,109,53932,32,9,1,10,0
2020-06-24,Ventura,111,848112,3533,2314,16,2330,42
2020-06-24,Yolo,113,214977,570,376,3,379,24
2020-06-24,Yuba,115,75493,58,37,0,37,1
2020-06-23,Alameda,001,1643700,6164,5159,9,5168,121
2020-06-23,Alpine,003,1148,1,1,0,1,0
2020-06-23,Amador,005,37829,21,13,0,13,0
2020-06-23,Butte,007,227075,203,111,7,118,1
2020-06-23,Calaveras,009,45235,37,26,0,26,0
2020-06-23,Colusa,011,21464,40,7,0,7,0
2020-06-23,Contra Costa,013,1133247,3104,2453,3,2456,60
2020-06-23,Del Norte,015,27424,48,46,0,46,0
2020-06-23,El Dorado,017,186661,229,142,0,142,0
2020-06-23,Fresno,019,978130,7565,3569,71,3640,67
2020-06-23,Glenn,021,27897,120,47,0,47,0
2020-06-23,Humboldt,023,135768,150,110,0,110,3
2020-06-23,Imperial,025,180216,7345,5025,4,5029,38
2020-06-23,Inyo,027,18085,29,26,0,26,1
2020-06-23,Kern,029,883053,6612,4087,17,4104,64
2020-06-23,Kings,031,150075,2455,1727,6,1733,16
2020-06-23,Lake,033,64148,60,40,0,40,0
2020-06-23,Lassen,035,31185,226,9,2,11,0
2020-06-23,Los Angeles,037,10098052,102682,88433,27,88460,3152
2020-06-23,Madera,039,155013,726,369,2,371,4
2020-06-23,Marin,041,260295,1968,1139,4,1143,17
2020-06-23,Mariposa,043,17540,26,18,0,18,1
2020-06-23,Mendocino,045,87422,79,61,0,61,0
2020-06-23,Merced,047,269075,1256,656,1,657,8
2020-06-23,Modoc,049,8938,1,0,0,0,0
2020-06-23,Mono,051,14174,42,35,0,35,1
2020-06-23,Monterey,053,433212,1781,1346,5,1351,12
2020-06-23,Napa,055,140530,362,230,0,230,3
2020-06-23,Nevada,057,99092,116,81,1,82,1
2020-06-23,Orange,059,3164182,18080,11071,145,11216,278
2020-06-23,Placer,061,380077,758,525,3,528,10
2020-06-23,Plumas,063,18699,9,6,0,6,0
2020-06-23,Riverside,065,2383286,19550,14469,24,14493,406
2020-06-23,Sacramento,067,1510023,3186,2374,5,2379,62
2020-06-23,San Benito,069,59416,237,167,0,167,2
2020-06-23,San Bernardino,071,2135413,15065,9771,9,9780,229
2020-06-23,San Diego,073,3302833,14565,11296,2,11298,341
2020-06-23,San Francisco,075,870044,3648,3177,1,3178,48
2020-06-23,San Joaquin,077,732212,3800,2502,4,2506,48
2020-06-23,San Luis Obispo,079,281455,670,445,5,450,1
2020-06-23,San Mateo,081,765935,3298,2907,5,2912,81
2020-06-23,Santa Barbara,083,443738,3472,2498,25,2523,22
2020-06-23,Santa Clara,085,1922200,5087,3700,16,3716,155
2020-06-23,Santa Cruz,087,273765,394,313,0,313,2
2020-06-23,Shasta,089,179085,160,81,0,81,5
2020-06-23,Sierra,091,2930,1,1,0,1,0
2020-06-23,Siskiyou,093,43540,30,24,0,24,0
2020-06-23,Solano,095,438530,1478,941,6,947,21
2020-06-23,Sonoma,097,501317,1211,912,3,915,4
2020-06-23,Stanislaus,099,539301,3069,1850,5,1855,35
2020-06-23,Sutter,101,95872,149,112,0,112,2
2020-06-23,Tehama,103,63373,79,50,2,52,1
2020-06-23,Trinity,105,12862,16,2,3,5,0
2020-06-23,Tulare,107,460477,4765,3456,10,3466,111
2020-06-23,Tuolumne,109,53932,27,9,0,9,0
2020-06-23,Ventura,111,848112,3373,2209,15,2224,40
2020-06-23,Yolo,113,214977,544,350,0,350,24
2020-06-23,Yuba,115,75493,55,35,0,35,1
2020-06-22,Alameda,001,1643700,6013,4944,9,4953,121
2020-06-22,Alpine,003,1148,1,1,0,1,0
2020-06-22,Amador,005,37829,18,12,0,12,0
2020-06-22,Butte,007,227075,184,104,7,111,1
2020-06-22,Calaveras,009,45235,35,20,0,20,0
2020-06-22,Colusa,011,21464,37,7,0,7,0
2020-06-22,Contra Costa,013,1133247,2962,2363,3,2366,60
2020-06-22,Del Norte,015,27424,48,46,0,46,0
2020-06-22,El Dorado,017,186661,220,137,0,137,0
2020-06-22,Fresno,019,978130,7032,3425,71,3496,67
2020-06-22,Glenn,021,27897,111,40,0,40,0
2020-06-22,Humboldt,023,135768,147,110,0,110,3
2020-06-22,Imperial,025,180216,7189,4700,4,4704,38
2020-06-22,Inyo,027,18085,29,26,0,26,1
2020-06-22,Kern,029,883053,6260,3982,15,3997,60
2020-06-22,Kings,031,150075,2406,1513,6,1519,13
2020-06-22,Lake,033,64148,54,37,0,37,0
2020-06-22,Lassen,035,31185,116,7,2,9,0
2020-06-22,Los Angeles,037,10098052,99785,85925,26,85951,3117
2020-06-22,Madera,039,155013,701,333,2,335,4
2020-06-22,Marin,041,260295,1711,1029,4,1033,17
2020-06-22,Mariposa,043,17540,25,18,0,18,1
2020-06-22,Mendocino,045,87422,74,48,0,48,0
2020-06-22,Merced,047,269075,1167,619,1,620,8
2020-06-22,Modoc,049,8938,1,0,0,0,0
2020-06-22,Mono,051,14174,42,34,0,34,1
2020-06-22,Monterey,053,433212,1720,1293,5,1298,12
2020-06-22,Napa,055,140530,338,222,0,222,3
2020-06-22,Nevada,057,99092,111,79,1,80,1
2020-06-22,Orange,059,3164182,17148,10711,142,10853,275
2020-06-22,Placer,061,380077,732,512,3,515,9
2020-06-22,Plumas,063,18699,7,6,0,6,0
2020-06-22,Riverside,065,2383286,18578,13948,24,13972,403
2020-06-22,Sacramento,067,1510023,2969,2243,5,2248,62
2020-06-22,San Benito,069,59416,228,164,0,164,2
2020-06-22,San Bernardino,071,2135413,14289,9133,9,9142,229
2020-06-22,San Diego,073,3302833,14073,11098,2,11100,338
2020-06-22,San Francisco,075,870044,3555,3000,1,3001,47
2020-06-22,San Joaquin,077,732212,3552,2332,4,2336,48
2020-06-22,San Luis Obispo,079,281455,637,422,5,427,1
2020-06-22,San Mateo,081,765935,3225,2813,4,2817,81
2020-06-22,Santa Barbara,083,443738,3380,2447,25,2472,21
2020-06-22,Santa Clara,085,1922200,4924,3580,16,3596,155
2020-06-22,Santa Cruz,087,273765,381,290,0,290,3
2020-06-22,Shasta,089,179085,157,77,0,77,5
2020-06-22,Sierra,091,2930,1,1,0,1,0
2020-06-22,Siskiyou,093,43540,30,23,0,23,0
2020-06-22,Solano,095,438530,1400,784,5,789,21
2020-06-22,Sonoma,097,501317,1166,860,1,861,4
2020-06-22,Stanislaus,099,539301,2884,1784,5,1789,35
2020-06-22,Sutter,101,95872,140,100,0,100,2
2020-06-22,Tehama,103,63373,75,38,2,40,1
2020-06-22,Trinity,105,12862,16,2,3,5,0
2020-06-22,Tulare,107,460477,4627,3185,10,3195,111
2020-06-22,Tuolumne,109,53932,18,8,0,8,0
2020-06-22,Ventura,111,848112,3224,2065,15,2080,39
2020-06-22,Yolo,113,214977,518,333,0,333,24
2020-06-22,Yuba,115,75493,50,36,0,36,1
2020-06-21,Alameda,001,1643700,5818,4835,9,4844,121
2020-06-21,Alpine,003,1148,1,1,0,1,0
2020-06-21,Amador,005,37829,13,12,0,12,0
2020-06-21,Butte,007,227075,170,97,7,104,1
2020-06-21,Calaveras,009,45235,35,20,0,20,0
2020-06-21,Colusa,011,21464,29,7,0,7,0
2020-06-21,Contra Costa,013,1133247,2836,2282,3,2285,60
2020-06-21,Del Norte,015,27424,47,46,0,46,0
2020-06-21,El Dorado,017,186661,211,132,0,132,0
2020-06-21,Fresno,019,978130,6461,3296,69,3365,67
2020-06-21,Glenn,021,27897,102,40,0,40,0
2020-06-21,Humboldt,023,135768,142,108,0,108,3
2020-06-21,Imperial,025,180216,7006,4701,4,4705,38
2020-06-21,Inyo,027,18085,27,26,0,26,1
2020-06-21,Kern,029,883053,5968,3918,14,3932,60
2020-06-21,Kings,031,150075,2342,1334,6,1340,11
2020-06-21,Lake,033,64148,49,36,0,36,0
2020-06-21,Lassen,035,31185,23,7,2,9,0
2020-06-21,Los Angeles,037,10098052,96903,83383,25,83408,3101
2020-06-21,Madera,039,155013,667,319,2,321,4
2020-06-21,Marin,041,260295,1554,907,4,911,17
2020-06-21,Mariposa,043,17540,22,18,0,18,1
2020-06-21,Mendocino,045,87422,71,48,0,48,0
2020-06-21,Merced,047,269075,1072,577,1,578,8
2020-06-21,Modoc,049,8938,1,0,0,0,0
2020-06-21,Mono,051,14174,42,34,0,34,1
2020-06-21,Monterey,053,433212,1647,1227,5,1232,12
2020-06-21,Napa,055,140530,323,218,0,218,3
2020-06-21,Nevada,057,99092,108,79,1,80,1
2020-06-21,Orange,059,3164182,16316,10563,138,10701,275
2020-06-21,Placer,061,380077,692,498,3,501,9
2020-06-21,Plumas,063,18699,7,6,0,6,0
2020-06-21,Riverside,065,2383286,17872,13528,23,13551,402
2020-06-21,Sacramento,067,1510023,2768,2156,4,2160,62
2020-06-21,San Benito,069,59416,214,151,0,151,2
2020-06-21,San Bernardino,071,2135413,13513,8925,8,8933,229
2020-06-21,San Diego,073,3302833,13527,10796,2,10798,338
2020-06-21,San Francisco,075,870044,3449,3000,1,3001,47
2020-06-21,San Joaquin,077,732212,3316,2188,4,2192,48
2020-06-21,San Luis Obispo,079,281455,612,418,5,423,1
2020-06-21,San Mateo,081,765935,3167,2781,4,2785,81
2020-06-21,Santa Barbara,083,443738,3273,2430,24,2454,21
2020-06-21,Santa Clara,085,1922200,4786,3514,16,3530,154
2020-06-21,Santa Cruz,087,273765,371,290,0,290,3
2020-06-21,Shasta,089,179085,147,75,0,75,5
2020-06-21,Sierra,091,2930,1,1,0,1,0
2020-06-21,Siskiyou,093,43540,30,23,0,23,0
2020-06-21,Solano,095,438530,1300,783,4,787,21
2020-06-21,Sonoma,097,501317,1116,836,1,837,4
2020-06-21,Stanislaus,099,539301,2698,1688,5,1693,35
2020-06-21,Sutter,101,95872,132,96,0,96,2
2020-06-21,Tehama,103,63373,64,35,2,37,1
2020-06-21,Trinity,105,12862,15,2,3,5,0
2020-06-21,Tulare,107,460477,4458,3173,10,3183,111
2020-06-21,Tuolumne,109,53932,16,8,0,8,0
2020-06-21,Ventura,111,848112,3046,2021,15,2036,39
2020-06-21,Yolo,113,214977,486,323,0,323,24
2020-06-21,Yuba,115,75493,46,35,0,35,1
2020-06-20,Alameda,001,1643700,5756,4758,9,4767,119
2020-06-20,Alpine,003,1148,1,1,0,1,0
2020-06-20,Amador,005,37829,13,12,0,12,0
2020-06-20,Butte,007,227075,163,94,7,101,1
2020-06-20,Calaveras,009,45235,35,20,0,20,0
2020-06-20,Colusa,011,21464,26,7,0,7,0
2020-06-20,Contra Costa,013,1133247,2777,2231,3,2234,54
2020-06-20,Del Norte,015,27424,47,46,0,46,0
2020-06-20,El Dorado,017,186661,206,130,0,130,0
2020-06-20,Fresno,019,978130,6335,3222,66,3288,67
2020-06-20,Glenn,021,27897,97,40,0,40,0
2020-06-20,Humboldt,023,135768,142,108,0,108,3
2020-06-20,Imperial,025,180216,6925,4616,4,4620,37
2020-06-20,Inyo,027,18085,27,26,0,26,1
2020-06-20,Kern,029,883053,5803,3836,14,3850,59
2020-06-20,Kings,031,150075,2318,1331,6,1337,9
2020-06-20,Lake,033,64148,49,37,0,37,0
2020-06-20,Lassen,035,31185,22,7,2,9,0
2020-06-20,Los Angeles,037,10098052,95331,81604,24,81628,3093
2020-06-20,Madera,039,155013,634,321,2,323,4
2020-06-20,Marin,041,260295,1534,879,4,883,17
2020-06-20,Mariposa,043,17540,22,18,0,18,1
2020-06-20,Mendocino,045,87422,70,48,0,48,0
2020-06-20,Merced,047,269075,1032,566,1,567,8
2020-06-20,Modoc,049,8938,1,0,0,0,0
2020-06-20,Mono,051,14174,42,34,0,34,1
2020-06-20,Monterey,053,433212,1611,1181,5,1186,12
2020-06-20,Napa,055,140530,314,212,0,212,3
2020-06-20,Nevada,057,99092,105,73,1,74,1
2020-06-20,Orange,059,3164182,15966,10284,134,10418,273
2020-06-20,Placer,061,380077,667,483,3,486,9
2020-06-20,Plumas,063,18699,6,6,0,6,0
2020-06-20,Riverside,065,2383286,17573,13021,23,13044,402
2020-06-20,Sacramento,067,1510023,2697,2069,4,2073,63
2020-06-20,San Benito,069,59416,210,139,0,139,2
2020-06-20,San Bernardino,071,2135413,13151,8718,8,8726,229
2020-06-20,San Diego,073,3302833,13204,10486,2,10488,338
2020-06-20,San Francisco,075,870044,3405,2999,1,3000,47
2020-06-20,San Joaquin,077,732212,3234,2046,4,2050,48
2020-06-20,San Luis Obispo,079,281455,599,405,5,410,1
2020-06-20,San Mateo,081,765935,3119,2755,4,2759,81
2020-06-20,Santa Barbara,083,443738,3217,2358,23,2381,21
2020-06-20,Santa Clara,085,1922200,4712,3435,16,3451,154
2020-06-20,Santa Cruz,087,273765,369,287,0,287,3
2020-06-20,Shasta,089,179085,141,66,0,66,5
2020-06-20,Sierra,091,2930,1,1,0,1,0
2020-06-20,Siskiyou,093,43540,29,22,0,22,0
2020-06-20,Solano,095,438530,1276,784,4,788,21
2020-06-20,Sonoma,097,501317,1080,806,1,807,4
2020-06-20,Stanislaus,099,539301,2590,1598,5,1603,35
2020-06-20,Sutter,101,95872,130,89,0,89,2
2020-06-20,Tehama,103,63373,62,35,2,37,1
2020-06-20,Trinity,105,12862,15,2,3,5,0
2020-06-20,Tulare,107,460477,4385,3172,10,3182,111
2020-06-20,Tuolumne,109,53932,13,8,0,8,0
2020-06-20,Ventura,111,848112,2981,1946,15,1961,37
2020-06-20,Yolo,113,214977,470,309,0,309,24
2020-06-20,Yuba,115,75493,44,34,0,34,1
2020-06-19,Alameda,001,1643700,5685,4646,9,4655,119
2020-06-19,Alpine,003,1148,1,1,0,1,0
2020-06-19,Amador,005,37829,13,12,0,12,0
2020-06-19,Butte,007,227075,158,91,7,98,1
2020-06-19,Calaveras,009,45235,34,20,0,20,0
2020-06-19,Colusa,011,21464,24,7,0,7,0
2020-06-19,Contra Costa,013,1133247,2697,2106,3,2109,54
2020-06-19,Del Norte,015,27424,47,46,0,46,0
2020-06-19,El Dorado,017,186661,197,124,0,124,0
2020-06-19,Fresno,019,978130,6173,3109,64,3173,61
2020-06-19,Glenn,021,27897,91,40,0,40,0
2020-06-19,Humboldt,023,135768,140,106,0,106,3
2020-06-19,Imperial,025,180216,6834,4504,4,4508,36
2020-06-19,Inyo,027,18085,27,26,0,26,1
2020-06-19,Kern,029,883053,5580,3742,13,3755,57
2020-06-19,Kings,031,150075,2297,1285,6,1291,9
2020-06-19,Lake,033,64148,46,36,0,36,0
2020-06-19,Lassen,035,31185,21,7,2,9,0
2020-06-19,Los Angeles,037,10098052,93352,79572,23,79595,3047
2020-06-19,Madera,039,155013,615,300,2,302,4
2020-06-19,Marin,041,260295,1505,829,4,833,17
2020-06-19,Mariposa,043,17540,21,18,0,18,1
2020-06-19,Mendocino,045,87422,69,48,0,48,0
2020-06-19,Merced,047,269075,987,529,1,530,8
2020-06-19,Modoc,049,8938,1,0,0,0,0
2020-06-19,Mono,051,14174,42,34,0,34,1
2020-06-19,Monterey,053,433212,1582,1159,5,1164,12
2020-06-19,Napa,055,140530,304,209,0,209,3
2020-06-19,Nevada,057,99092,102,71,1,72,1
2020-06-19,Orange,059,3164182,15433,9972,127,10099,260
2020-06-19,Placer,061,380077,649,464,3,467,9
2020-06-19,Plumas,063,18699,6,5,0,5,0
2020-06-19,Riverside,065,2383286,17168,12710,23,12733,398
2020-06-19,Sacramento,067,1510023,2614,1976,4,1980,64
2020-06-19,San Benito,069,59416,209,136,0,136,2
2020-06-19,San Bernardino,071,2135413,12745,8454,7,8461,226
2020-06-19,San Diego,073,3302833,12841,10352,2,10354,332
2020-06-19,San Francisco,075,870044,3350,2968,1,2969,47
2020-06-19,San Joaquin,077,732212,3111,1969,4,1973,48
2020-06-19,San Luis Obispo,079,281455,583,392,5,397,1
2020-06-19,San Mateo,081,765935,3080,2713,4,2717,81
2020-06-19,Santa Barbara,083,443738,3144,2284,21,2305,21
2020-06-19,Santa Clara,085,1922200,4638,3376,16,3392,154
2020-06-19,Santa Cruz,087,273765,359,283,0,283,3
2020-06-19,Shasta,089,179085,137,58,0,58,5
2020-06-19,Sierra,091,2930,1,1,0,1,0
2020-06-19,Siskiyou,093,43540,29,21,0,21,0
2020-06-19,Solano,095,438530,1238,755,4,759,21
2020-06-19,Sonoma,097,501317,1053,803,1,804,4
2020-06-19,Stanislaus,099,539301,2480,1549,5,1554,35
2020-06-19,Sutter,101,95872,129,89,0,89,2
2020-06-19,Tehama,103,63373,61,35,2,37,1
2020-06-19,Trinity,105,12862,15,2,3,5,0
2020-06-19,Tulare,107,460477,4314,3053,10,3063,107
2020-06-19,Tuolumne,109,53932,12,8,0,8,0
2020-06-19,Ventura,111,848112,2897,1865,15,1880,37
2020-06-19,Yolo,113,214977,451,303,0,303,24
2020-06-19,Yuba,115,75493,43,33,0,33,1
2020-06-18,Alameda,001,1643700,5555,4589,9,4598,118
2020-06-18,Alpine,003,1148,1,1,0,1,0
2020-06-18,Amador,005,37829,12,12,0,12,0
2020-06-18,Butte,007,227075,153,88,7,95,1
2020-06-18,Calaveras,009,45235,34,20,0,20,0
2020-06-18,Colusa,011,21464,20,7,0,7,0
2020-06-18,Contra Costa,013,1133247,2591,2072,3,2075,53
2020-06-18,Del Norte,015,27424,47,46,0,46,0
2020-06-18,El Dorado,017,186661,193,121,0,121,0
2020-06-18,Fresno,019,978130,5906,2947,63,3010,57
2020-06-18,Glenn,021,27897,82,35,0,35,0
2020-06-18,Humboldt,023,135768,139,106,0,106,3
2020-06-18,Imperial,025,180216,6685,4366,4,4370,36
2020-06-18,Inyo,027,18085,26,25,0,25,1
2020-06-18,Kern,029,883053,5362,3634,13,3647,57
2020-06-18,Kings,031,150075,2238,1141,6,1147,8
2020-06-18,Lake,033,64148,45,36,0,36,0
2020-06-18,Lassen,035,31185,20,5,2,7,0
2020-06-18,Los Angeles,037,10098052,91083,78244,23,78267,3009
2020-06-18,Madera,039,155013,580,288,2,290,4
2020-06-18,Marin,041,260295,1442,819,4,823,17
2020-06-18,Mariposa,043,17540,19,18,0,18,1
2020-06-18,Mendocino,045,87422,65,45,0,45,0
2020-06-18,Merced,047,269075,934,486,1,487,7
2020-06-18,Modoc,049,8938,1,0,0,0,0
2020-06-18,Mono,051,14174,42,34,0,34,1
2020-06-18,Monterey,053,433212,1514,1127,5,1132,12
2020-06-18,Napa,055,140530,289,205,0,205,3
2020-06-18,Nevada,057,99092,98,68,1,69,1
2020-06-18,Orange,059,3164182,14778,9597,108,9705,255
2020-06-18,Placer,061,380077,626,457,3,460,9
2020-06-18,Plumas,063,18699,6,5,0,5,0
2020-06-18,Riverside,065,2383286,16553,12410,23,12433,392
2020-06-18,Sacramento,067,1510023,2498,1938,4,1942,63
2020-06-18,San Benito,069,59416,203,134,0,134,2
2020-06-18,San Bernardino,071,2135413,12105,8141,7,8148,226
2020-06-18,San Diego,073,3302833,12419,10094,2,10096,331
2020-06-18,San Francisco,075,870044,3301,2951,1,2952,47
2020-06-18,San Joaquin,077,732212,2959,1908,4,1912,47
2020-06-18,San Luis Obispo,079,281455,564,378,5,383,1
2020-06-18,San Mateo,081,765935,3041,2674,4,2678,78
2020-06-18,Santa Barbara,083,443738,3070,2201,21,2222,19
2020-06-18,Santa Clara,085,1922200,4535,3338,16,3354,152
2020-06-18,Santa Cruz,087,273765,342,275,0,275,3
2020-06-18,Shasta,089,179085,126,51,0,51,4
2020-06-18,Sierra,091,2930,1,1,0,1,0
2020-06-18,Siskiyou,093,43540,29,18,0,18,0
2020-06-18,Solano,095,438530,1200,735,4,739,21
2020-06-18,Sonoma,097,501317,1011,789,1,790,4
2020-06-18,Stanislaus,099,539301,2346,1495,5,1500,35
2020-06-18,Sutter,101,95872,125,85,0,85,2
2020-06-18,Tehama,103,63373,56,31,2,33,1
2020-06-18,Trinity,105,12862,15,2,3,5,0
2020-06-18,Tulare,107,460477,4192,3005,10,3015,107
2020-06-18,Tuolumne,109,53932,11,8,0,8,0
2020-06-18,Ventura,111,848112,2771,1781,15,1796,37
2020-06-18,Yolo,113,214977,418,294,0,294,24
2020-06-18,Yuba,115,75493,42,32,0,32,1
2020-06-17,Alameda,001,1643700,5432,4485,9,4494,117
2020-06-17,Alpine,003,1148,1,1,0,1,0
2020-06-17,Amador,005,37829,11,10,0,10,0
2020-06-17,Butte,007,227075,144,81,7,88,1
2020-06-17,Calaveras,009,45235,34,20,0,20,0
2020-06-17,Colusa,011,21464,19,7,0,7,0
2020-06-17,Contra Costa,013,1133247,2494,2020,3,2023,45
2020-06-17,Del Norte,015,27424,47,45,0,45,0
2020-06-17,El Dorado,017,186661,186,116,0,116,0
2020-06-17,Fresno,019,978130,5680,2801,60,2861,56
2020-06-17,Glenn,021,27897,75,31,0,31,0
2020-06-17,Humboldt,023,135768,137,105,0,105,3
2020-06-17,Imperial,025,180216,6512,4108,4,4112,36
2020-06-17,Inyo,027,18085,25,25,0,25,1
2020-06-17,Kern,029,883053,5161,3547,13,3560,56
2020-06-17,Kings,031,150075,2208,1097,6,1103,7
2020-06-17,Lake,033,64148,44,32,0,32,0
2020-06-17,Lassen,035,31185,16,5,2,7,0
2020-06-17,Los Angeles,037,10098052,88776,77166,23,77189,2973
2020-06-17,Madera,039,155013,558,258,2,260,4
2020-06-17,Marin,041,260295,1250,771,3,774,17
2020-06-17,Mariposa,043,17540,18,18,0,18,1
2020-06-17,Mendocino,045,87422,63,42,0,42,0
2020-06-17,Merced,047,269075,862,460,1,461,7
2020-06-17,Modoc,049,8938,1,0,0,0,0
2020-06-17,Mono,051,14174,42,34,0,34,1
2020-06-17,Monterey,053,433212,1462,1077,5,1082,12
2020-06-17,Napa,055,140530,274,202,0,202,3
2020-06-17,Nevada,057,99092,94,57,1,58,1
2020-06-17,Orange,059,3164182,14172,9278,102,9380,230
2020-06-17,Placer,061,380077,606,427,3,430,9
2020-06-17,Plumas,063,18699,6,5,0,5,0
2020-06-17,Riverside,065,2383286,15917,11859,23,11882,370
2020-06-17,Sacramento,067,1510023,2391,1889,4,1893,63
2020-06-17,San Benito,069,59416,198,116,0,116,2
2020-06-17,San Bernardino,071,2135413,11553,7670,7,7677,225
2020-06-17,San Diego,073,3302833,12040,9856,2,9858,327
2020-06-17,San Francisco,075,870044,3262,2906,1,2907,46
2020-06-17,San Joaquin,077,732212,2786,1825,4,1829,46
2020-06-17,San Luis Obispo,079,281455,547,362,5,367,1
2020-06-17,San Mateo,081,765935,2994,2649,4,2653,78
2020-06-17,Santa Barbara,083,443738,2997,2147,19,2166,19
2020-06-17,Santa Clara,085,1922200,4442,3264,15,3279,148
2020-06-17,Santa Cruz,087,273765,336,265,0,265,2
2020-06-17,Shasta,089,179085,124,51,0,51,4
2020-06-17,Sierra,091,2930,1,1,0,1,0
2020-06-17,Siskiyou,093,43540,28,16,0,16,0
2020-06-17,Solano,095,438530,1150,722,4,726,21
2020-06-17,Sonoma,097,501317,985,748,1,749,4
2020-06-17,Stanislaus,099,539301,2222,1387,5,1392,35
2020-06-17,Sutter,101,95872,119,79,0,79,2
2020-06-17,Tehama,103,63373,41,24,2,26,1
2020-06-17,Trinity,105,12862,14,2,3,5,0
2020-06-17,Tulare,107,460477,4082,2882,10,2892,106
2020-06-17,Tuolumne,109,53932,11,7,0,7,0
2020-06-17,Ventura,111,848112,2671,1729,15,1744,37
2020-06-17,Yolo,113,214977,398,277,0,277,24
2020-06-17,Yuba,115,75493,41,30,0,30,1
2020-06-16,Alameda,001,1643700,5314,4428,9,4437,113
2020-06-16,Alpine,003,1148,1,1,0,1,0
2020-06-16,Amador,005,37829,11,10,0,10,0
2020-06-16,Butte,007,227075,140,79,7,86,1
2020-06-16,Calaveras,009,45235,31,19,0,19,0
2020-06-16,Colusa,011,21464,16,7,0,7,0
2020-06-16,Contra Costa,013,1133247,2403,1971,2,1973,45
2020-06-16,Del Norte,015,27424,47,45,0,45,0
2020-06-16,El Dorado,017,186661,180,115,0,115,0
2020-06-16,Fresno,019,978130,5442,2731,58,2789,50
2020-06-16,Glenn,021,27897,71,30,0,30,0
2020-06-16,Humboldt,023,135768,134,105,0,105,3
2020-06-16,Imperial,025,180216,6353,3939,4,3943,36
2020-06-16,Inyo,027,18085,25,24,0,24,1
2020-06-16,Kern,029,883053,4937,3496,13,3509,55
2020-06-16,Kings,031,150075,2162,1044,6,1050,6
2020-06-16,Lake,033,64148,44,31,0,31,0
2020-06-16,Lassen,035,31185,13,5,2,7,0
2020-06-16,Los Angeles,037,10098052,86454,75051,23,75074,2942
2020-06-16,Madera,039,155013,532,239,2,241,3
2020-06-16,Marin,041,260295,1197,725,3,728,17
2020-06-16,Mariposa,043,17540,18,17,0,17,1
2020-06-16,Mendocino,045,87422,62,35,0,35,0
2020-06-16,Merced,047,269075,814,436,1,437,7
2020-06-16,Modoc,049,8938,1,0,0,0,0
2020-06-16,Mono,051,14174,42,34,0,34,1
2020-06-16,Monterey,053,433212,1414,1019,5,1024,12
2020-06-16,Napa,055,140530,259,196,0,196,3
2020-06-16,Nevada,057,99092,91,53,1,54,1
2020-06-16,Orange,059,3164182,13588,9163,98,9261,223
2020-06-16,Placer,061,380077,574,392,3,395,9
2020-06-16,Plumas,063,18699,6,5,0,5,0
2020-06-16,Riverside,065,2383286,15242,11638,23,11661,364
2020-06-16,Sacramento,067,1510023,2282,1825,4,1829,60
2020-06-16,San Benito,069,59416,190,110,0,110,2
2020-06-16,San Bernardino,071,2135413,11010,7463,7,7470,225
2020-06-16,San Diego,073,3302833,11678,9732,1,9733,323
2020-06-16,San Francisco,075,870044,3211,2893,1,2894,46
2020-06-16,San Joaquin,077,732212,2633,1718,4,1722,47
2020-06-16,San Luis Obispo,079,281455,523,343,5,348,1
2020-06-16,San Mateo,081,765935,2940,2618,4,2622,77
2020-06-16,Santa Barbara,083,443738,2930,2090,19,2109,16
2020-06-16,Santa Clara,085,1922200,4331,3228,14,3242,148
2020-06-16,Santa Cruz,087,273765,320,257,0,257,2
2020-06-16,Shasta,089,179085,115,51,0,51,4
2020-06-16,Sierra,091,2930,1,1,0,1,0
2020-06-16,Siskiyou,093,43540,27,15,0,15,0
2020-06-16,Solano,095,438530,1060,694,4,698,19
2020-06-16,Sonoma,097,501317,953,739,1,740,4
2020-06-16,Stanislaus,099,539301,2069,1278,5,1283,36
2020-06-16,Sutter,101,95872,112,73,0,73,2
2020-06-16,Tehama,103,63373,37,24,2,26,1
2020-06-16,Trinity,105,12862,14,2,3,5,0
2020-06-16,Tulare,107,460477,3963,2802,10,2812,96
2020-06-16,Tuolumne,109,53932,11,7,0,7,0
2020-06-16,Ventura,111,848112,2570,1676,15,1691,37
2020-06-16,Yolo,113,214977,375,262,0,262,24
2020-06-16,Yuba,115,75493,39,29,0,29,1
2020-06-15,Alameda,001,1643700,5187,4323,9,4332,112
2020-06-15,Alpine,003,1148,1,1,0,1,0
2020-06-15,Amador,005,37829,11,10,0,10,0
2020-06-15,Butte,007,227075,132,78,7,85,1
2020-06-15,Calaveras,009,45235,31,18,0,18,0
2020-06-15,Colusa,011,21464,14,7,0,7,0
2020-06-15,Contra Costa,013,1133247,2326,1918,2,1920,43
2020-06-15,Del Norte,015,27424,47,45,0,45,0
2020-06-15,El Dorado,017,186661,170,114,0,114,0
2020-06-15,Fresno,019,978130,5229,2616,57,2673,48
2020-06-15,Glenn,021,27897,66,21,0,21,0
2020-06-15,Humboldt,023,135768,132,105,0,105,3
2020-06-15,Imperial,025,180216,6178,3726,4,3730,36
2020-06-15,Inyo,027,18085,25,23,0,23,1
2020-06-15,Kern,029,883053,4713,3417,13,3430,55
2020-06-15,Kings,031,150075,2085,1022,6,1028,6
2020-06-15,Lake,033,64148,44,31,0,31,0
2020-06-15,Lassen,035,31185,13,5,2,7,0
2020-06-15,Los Angeles,037,10098052,84267,73705,23,73728,2908
2020-06-15,Madera,039,155013,510,203,2,205,3
2020-06-15,Marin,041,260295,1030,708,3,711,17
2020-06-15,Mariposa,043,17540,18,17,0,17,1
2020-06-15,Mendocino,045,87422,53,33,0,33,0
2020-06-15,Merced,047,269075,768,414,1,415,7
2020-06-15,Modoc,049,8938,1,0,0,0,0
2020-06-15,Mono,051,14174,42,34,0,34,1
2020-06-15,Monterey,053,433212,1348,998,5,1003,12
2020-06-15,Napa,055,140530,251,187,0,187,3
2020-06-15,Nevada,057,99092,85,52,1,53,1
2020-06-15,Orange,059,3164182,13020,8944,90,9034,212
2020-06-15,Placer,061,380077,552,386,3,389,9
2020-06-15,Plumas,063,18699,6,4,0,4,0
2020-06-15,Riverside,065,2383286,14624,11376,22,11398,364
2020-06-15,Sacramento,067,1510023,2166,1791,4,1795,60
2020-06-15,San Benito,069,59416,184,108,0,108,2
2020-06-15,San Bernardino,071,2135413,10506,7189,7,7196,224
2020-06-15,San Diego,073,3302833,11338,9612,1,9613,320
2020-06-15,San Francisco,075,870044,3167,2833,1,2834,45
2020-06-15,San Joaquin,077,732212,2497,1667,4,1671,43
2020-06-15,San Luis Obispo,079,281455,508,332,5,337,1
2020-06-15,San Mateo,081,765935,2893,2591,4,2595,75
2020-06-15,Santa Barbara,083,443738,2860,2054,19,2073,16
2020-06-15,Santa Clara,085,1922200,4231,3204,14,3218,148
2020-06-15,Santa Cruz,087,273765,309,254,0,254,2
2020-06-15,Shasta,089,179085,109,50,0,50,4
2020-06-15,Sierra,091,2930,1,1,0,1,0
2020-06-15,Siskiyou,093,43540,26,14,0,14,0
2020-06-15,Solano,095,438530,1000,638,4,642,19
2020-06-15,Sonoma,097,501317,924,726,1,727,4
2020-06-15,Stanislaus,099,539301,1952,1253,5,1258,35
2020-06-15,Sutter,101,95872,102,71,0,71,2
2020-06-15,Tehama,103,63373,37,17,2,19,1
2020-06-15,Trinity,105,12862,13,2,3,5,0
2020-06-15,Tulare,107,460477,3849,2662,10,2672,96
2020-06-15,Tuolumne,109,53932,10,7,0,7,0
2020-06-15,Ventura,111,848112,2489,1656,15,1671,37
2020-06-15,Yolo,113,214977,355,255,0,255,24
2020-06-15,Yuba,115,75493,39,28,0,28,1
2020-06-14,Alameda,001,1643700,5042,4271,9,4280,112
2020-06-14,Alpine,003,1148,1,1,0,1,0
2020-06-14,Amador,005,37829,11,10,0,10,0
2020-06-14,Butte,007,227075,124,78,7,85,1
2020-06-14,Calaveras,009,45235,30,18,0,18,0
2020-06-14,Colusa,011,21464,13,7,0,7,0
2020-06-14,Contra Costa,013,1133247,2257,1893,2,1895,43
2020-06-14,Del Norte,015,27424,47,45,0,45,0
2020-06-14,El Dorado,017,186661,166,110,0,110,0
2020-06-14,Fresno,019,978130,5044,2585,56,2641,48
2020-06-14,Glenn,021,27897,51,21,0,21,0
2020-06-14,Humboldt,023,135768,128,105,0,105,3
2020-06-14,Imperial,025,180216,5947,3730,4,3734,36
2020-06-14,Inyo,027,18085,24,23,0,23,1
2020-06-14,Kern,029,883053,4502,3328,13,3341,55
2020-06-14,Kings,031,150075,2034,1022,5,1027,6
2020-06-14,Lake,033,64148,41,31,0,31,0
2020-06-14,Lassen,035,31185,13,5,2,7,0
2020-06-14,Los Angeles,037,10098052,81941,72932,22,72954,2887
2020-06-14,Madera,039,155013,491,203,2,205,3
2020-06-14,Marin,041,260295,865,689,2,691,17
2020-06-14,Mariposa,043,17540,18,16,0,16,1
2020-06-14,Mendocino,045,87422,50,33,0,33,0
2020-06-14,Merced,047,269075,717,403,1,404,7
2020-06-14,Modoc,049,8938,1,0,0,0,0
2020-06-14,Mono,051,14174,42,34,0,34,1
2020-06-14,Monterey,053,433212,1287,949,5,954,12
2020-06-14,Napa,055,140530,229,181,0,181,3
2020-06-14,Nevada,057,99092,81,52,1,53,1
2020-06-14,Orange,059,3164182,12593,8744,85,8829,211
2020-06-14,Placer,061,380077,526,369,3,372,9
2020-06-14,Plumas,063,18699,5,4,0,4,0
2020-06-14,Riverside,065,2383286,14182,11218,22,11240,364
2020-06-14,Sacramento,067,1510023,2079,1750,4,1754,60
2020-06-14,San Benito,069,59416,173,104,0,104,2
2020-06-14,San Bernardino,071,2135413,9965,7015,7,7022,224
2020-06-14,San Diego,073,3302833,10963,9442,1,9443,319
2020-06-14,San Francisco,075,870044,3127,2834,1,2835,45
2020-06-14,San Joaquin,077,732212,2346,1603,4,1607,43
2020-06-14,San Luis Obispo,079,281455,493,330,5,335,1
2020-06-14,San Mateo,081,765935,2835,2571,4,2575,75
2020-06-14,Santa Barbara,083,443738,2782,2049,19,2068,17
2020-06-14,Santa Clara,085,1922200,4136,3178,14,3192,148
2020-06-14,Santa Cruz,087,273765,295,254,0,254,2
2020-06-14,Shasta,089,179085,103,48,0,48,4
2020-06-14,Sierra,091,2930,1,1,0,1,0
2020-06-14,Siskiyou,093,43540,25,13,0,13,0
2020-06-14,Solano,095,438530,951,638,4,642,19
2020-06-14,Sonoma,097,501317,896,724,1,725,4
2020-06-14,Stanislaus,099,539301,1804,1159,5,1164,35
2020-06-14,Sutter,101,95872,97,63,0,63,2
2020-06-14,Tehama,103,63373,34,17,2,19,1
2020-06-14,Trinity,105,12862,13,2,3,5,0
2020-06-14,Tulare,107,460477,3715,2646,10,2656,96
2020-06-14,Tuolumne,109,53932,10,7,0,7,0
2020-06-14,Ventura,111,848112,2390,1610,14,1624,37
2020-06-14,Yolo,113,214977,339,254,0,254,24
2020-06-14,Yuba,115,75493,38,28,0,28,1
2020-06-13,Alameda,001,1643700,4979,4196,9,4205,112
2020-06-13,Alpine,003,1148,1,1,0,1,0
2020-06-13,Amador,005,37829,10,10,0,10,0
2020-06-13,Butte,007,227075,115,72,7,79,1
2020-06-13,Calaveras,009,45235,28,18,0,18,0
2020-06-13,Colusa,011,21464,12,7,0,7,0
2020-06-13,Contra Costa,013,1133247,2221,1868,2,1870,43
2020-06-13,Del Norte,015,27424,47,45,0,45,0
2020-06-13,El Dorado,017,186661,162,110,0,110,0
2020-06-13,Fresno,019,978130,4946,2499,56,2555,48
2020-06-13,Glenn,021,27897,49,21,0,21,0
2020-06-13,Humboldt,023,135768,127,104,0,104,3
2020-06-13,Imperial,025,180216,5874,3646,4,3650,36
2020-06-13,Inyo,027,18085,24,23,0,23,1
2020-06-13,Kern,029,883053,4393,3239,13,3252,55
2020-06-13,Kings,031,150075,2014,1023,5,1028,6
2020-06-13,Lake,033,64148,40,29,0,29,0
2020-06-13,Lassen,035,31185,13,5,2,7,0
2020-06-13,Los Angeles,037,10098052,80903,71938,22,71960,2874
2020-06-13,Madera,039,155013,487,203,2,205,3
2020-06-13,Marin,041,260295,834,677,2,679,17
2020-06-13,Mariposa,043,17540,18,16,0,16,1
2020-06-13,Mendocino,045,87422,50,33,0,33,0
2020-06-13,Merced,047,269075,699,376,1,377,7
2020-06-13,Modoc,049,8938,1,0,0,0,0
2020-06-13,Mono,051,14174,42,35,0,35,1
2020-06-13,Monterey,053,433212,1249,900,5,905,11
2020-06-13,Napa,055,140530,226,171,0,171,3
2020-06-13,Nevada,057,99092,79,52,1,53,1
2020-06-13,Orange,059,3164182,12349,8581,82,8663,211
2020-06-13,Placer,061,380077,509,346,3,349,9
2020-06-13,Plumas,063,18699,5,4,0,4,0
2020-06-13,Riverside,065,2383286,13903,10931,22,10953,364
2020-06-13,Sacramento,067,1510023,2025,1713,4,1717,60
2020-06-13,San Benito,069,59416,166,99,0,99,2
2020-06-13,San Bernardino,071,2135413,9740,6885,7,6892,224
2020-06-13,San Diego,073,3302833,10791,9316,1,9317,319
2020-06-13,San Francisco,075,870044,3107,2834,1,2835,44
2020-06-13,San Joaquin,077,732212,2265,1461,4,1465,43
2020-06-13,San Luis Obispo,079,281455,482,326,5,331,1
2020-06-13,San Mateo,081,765935,2812,2551,4,2555,75
2020-06-13,Santa Barbara,083,443738,2724,1999,19,2018,15
2020-06-13,Santa Clara,085,1922200,4093,3141,14,3155,148
2020-06-13,Santa Cruz,087,273765,289,254,0,254,2
2020-06-13,Shasta,089,179085,101,48,0,48,4
2020-06-13,Sierra,091,2930,1,1,0,1,0
2020-06-13,Siskiyou,093,43540,25,13,0,13,0
2020-06-13,Solano,095,438530,923,637,4,641,19
2020-06-13,Sonoma,097,501317,881,711,1,712,4
2020-06-13,Stanislaus,099,539301,1747,1122,5,1127,33
2020-06-13,Sutter,101,95872,96,62,0,62,2
2020-06-13,Tehama,103,63373,33,17,2,19,1
2020-06-13,Trinity,105,12862,13,2,3,5,0
2020-06-13,Tulare,107,460477,3683,2626,10,2636,96
2020-06-13,Tuolumne,109,53932,9,7,0,7,0
2020-06-13,Ventura,111,848112,2344,1567,14,1581,37
2020-06-13,Yolo,113,214977,318,251,0,251,24
2020-06-13,Yuba,115,75493,38,28,0,28,1
2020-06-12,Alameda,001,1643700,4906,4167,9,4176,109
2020-06-12,Alpine,003,1148,1,1,0,1,0
2020-06-12,Amador,005,37829,10,10,0,10,0
2020-06-12,Butte,007,227075,111,71,7,78,1
2020-06-12,Calaveras,009,45235,25,18,0,18,0
2020-06-12,Colusa,011,21464,12,7,0,7,0
2020-06-12,Contra Costa,013,1133247,2184,1827,2,1829,43
2020-06-12,Del Norte,015,27424,47,45,0,45,0
2020-06-12,El Dorado,017,186661,162,110,0,110,0
2020-06-12,Fresno,019,978130,4809,2428,56,2484,47
2020-06-12,Glenn,021,27897,46,21,0,21,0
2020-06-12,Humboldt,023,135768,125,105,0,105,3
2020-06-12,Imperial,025,180216,5790,3543,4,3547,36
2020-06-12,Inyo,027,18085,24,23,0,23,1
2020-06-12,Kern,029,883053,4276,3152,13,3165,54
2020-06-12,Kings,031,150075,2001,987,5,992,6
2020-06-12,Lake,033,64148,39,29,0,29,0
2020-06-12,Lassen,035,31185,13,5,2,7,0
2020-06-12,Los Angeles,037,10098052,79497,70385,22,70407,2814
2020-06-12,Madera,039,155013,462,187,2,189,3
2020-06-12,Marin,041,260295,831,649,2,651,17
2020-06-12,Mariposa,043,17540,18,16,0,16,1
2020-06-12,Mendocino,045,87422,50,33,0,33,0
2020-06-12,Merced,047,269075,665,372,1,373,7
2020-06-12,Modoc,049,8938,1,0,0,0,0
2020-06-12,Mono,051,14174,39,35,0,35,1
2020-06-12,Monterey,053,433212,1208,864,4,868,11
2020-06-12,Napa,055,140530,223,162,0,162,3
2020-06-12,Nevada,057,99092,73,52,1,53,1
2020-06-12,Orange,059,3164182,12043,8440,81,8521,203
2020-06-12,Placer,061,380077,492,333,3,336,9
2020-06-12,Plumas,063,18699,5,4,0,4,0
2020-06-12,Riverside,065,2383286,13566,10616,22,10638,364
2020-06-12,Sacramento,067,1510023,1970,1702,4,1706,60
2020-06-12,San Benito,069,59416,159,96,0,96,2
2020-06-12,San Bernardino,071,2135413,9472,6707,7,6714,223
2020-06-12,San Diego,073,3302833,10621,9132,1,9133,313
2020-06-12,San Francisco,075,870044,3073,2823,1,2824,44
2020-06-12,San Joaquin,077,732212,2185,1406,4,1410,43
2020-06-12,San Luis Obispo,079,281455,466,321,5,326,1
2020-06-12,San Mateo,081,765935,2777,2533,4,2537,75
2020-06-12,Santa Barbara,083,443738,2669,1969,19,1988,14
2020-06-12,Santa Clara,085,1922200,4049,3099,14,3113,149
2020-06-12,Santa Cruz,087,273765,281,251,0,251,2
2020-06-12,Shasta,089,179085,94,48,0,48,5
2020-06-12,Sierra,091,2930,1,1,0,1,0
2020-06-12,Siskiyou,093,43540,25,13,0,13,0
2020-06-12,Solano,095,438530,909,620,4,624,19
2020-06-12,Sonoma,097,501317,862,696,1,697,4
2020-06-12,Stanislaus,099,539301,1688,1092,5,1097,33
2020-06-12,Sutter,101,95872,95,56,0,56,2
2020-06-12,Tehama,103,63373,32,13,2,15,1
2020-06-12,Trinity,105,12862,13,2,3,5,0
2020-06-12,Tulare,107,460477,3629,2552,10,2562,95
2020-06-12,Tuolumne,109,53932,9,7,0,7,0
2020-06-12,Ventura,111,848112,2292,1534,14,1548,35
2020-06-12,Yolo,113,214977,306,243,0,243,24
2020-06-12,Yuba,115,75493,36,27,0,27,1
2020-06-11,Alameda,001,1643700,4776,4073,8,4081,108
2020-06-11,Alpine,003,1148,1,1,0,1,0
2020-06-11,Amador,005,37829,9,10,0,10,0
2020-06-11,Butte,007,227075,105,72,7,79,1
2020-06-11,Calaveras,009,45235,24,16,0,16,0
2020-06-11,Colusa,011,21464,12,7,0,7,0
2020-06-11,Contra Costa,013,1133247,2131,1797,2,1799,43
2020-06-11,Del Norte,015,27424,47,45,0,45,0
2020-06-11,El Dorado,017,186661,154,109,0,109,0
2020-06-11,Fresno,019,978130,4654,2338,56,2394,45
2020-06-11,Glenn,021,27897,42,21,0,21,0
2020-06-11,Humboldt,023,135768,121,113,0,113,3
2020-06-11,Imperial,025,180216,5634,3463,4,3467,36
2020-06-11,Inyo,027,18085,22,23,0,23,1
2020-06-11,Kern,029,883053,4124,3047,11,3058,54
2020-06-11,Kings,031,150075,1968,963,5,968,6
2020-06-11,Lake,033,64148,39,28,0,28,0
2020-06-11,Lassen,035,31185,13,5,2,7,0
2020-06-11,Los Angeles,037,10098052,77831,68807,21,68828,2800
2020-06-11,Madera,039,155013,444,178,2,180,3
2020-06-11,Marin,041,260295,783,637,2,639,17
2020-06-11,Mariposa,043,17540,18,16,0,16,1
2020-06-11,Mendocino,045,87422,41,35,0,35,0
2020-06-11,Merced,047,269075,625,370,1,371,7
2020-06-11,Modoc,049,8938,1,0,0,0,0
2020-06-11,Mono,051,14174,39,35,0,35,1
2020-06-11,Monterey,053,433212,1161,813,4,817,11
2020-06-11,Napa,055,140530,214,162,0,162,3
2020-06-11,Nevada,057,99092,67,50,1,51,1
2020-06-11,Orange,059,3164182,11734,8304,80,8384,188
2020-06-11,Placer,061,380077,473,321,3,324,9
2020-06-11,Plumas,063,18699,5,4,0,4,0
2020-06-11,Riverside,065,2383286,13213,10014,22,10036,361
2020-06-11,Sacramento,067,1510023,1922,1669,4,1673,60
2020-06-11,San Benito,069,59416,153,94,0,94,2
2020-06-11,San Bernardino,071,2135413,9175,6509,7,6516,221
2020-06-11,San Diego,073,3302833,10391,9000,0,9000,308
2020-06-11,San Francisco,075,870044,3044,2766,1,2767,44
2020-06-11,San Joaquin,077,732212,2073,1351,4,1355,43
2020-06-11,San Luis Obispo,079,281455,452,307,5,312,1
2020-06-11,San Mateo,081,765935,2739,2499,4,2503,74
2020-06-11,Santa Barbara,083,443738,2603,1895,19,1914,14
2020-06-11,Santa Clara,085,1922200,3982,3049,14,3063,149
2020-06-11,Santa Cruz,087,273765,277,247,0,247,2
2020-06-11,Shasta,089,179085,87,47,0,47,5
2020-06-11,Sierra,091,2930,1,1,0,1,0
2020-06-11,Siskiyou,093,43540,25,14,0,14,0
2020-06-11,Solano,095,438530,883,616,4,620,19
2020-06-11,Sonoma,097,501317,839,682,1,683,4
2020-06-11,Stanislaus,099,539301,1597,1062,5,1067,30
2020-06-11,Sutter,101,95872,92,56,0,56,2
2020-06-11,Tehama,103,63373,27,10,2,12,1
2020-06-11,Trinity,105,12862,11,2,3,5,0
2020-06-11,Tulare,107,460477,3530,2473,10,2483,95
2020-06-11,Tuolumne,109,53932,9,7,0,7,0
2020-06-11,Ventura,111,848112,2215,1491,13,1504,34
2020-06-11,Yolo,113,214977,298,230,0,230,24
2020-06-11,Yuba,115,75493,36,27,0,27,1
2020-06-10,Alameda,001,1643700,4676,4027,7,4034,107
2020-06-10,Alpine,003,1148,1,1,0,1,0
2020-06-10,Amador,005,37829,9,10,0,10,0
2020-06-10,Butte,007,227075,102,71,7,78,1
2020-06-10,Calaveras,009,45235,24,16,0,16,0
2020-06-10,Colusa,011,21464,11,7,0,7,0
2020-06-10,Contra Costa,013,1133247,2087,1778,2,1780,43
2020-06-10,Del Norte,015,27424,47,45,0,45,0
2020-06-10,El Dorado,017,186661,151,109,0,109,0
2020-06-10,Fresno,019,978130,4477,2324,56,2380,45
2020-06-10,Glenn,021,27897,39,21,0,21,0
2020-06-10,Humboldt,023,135768,117,112,0,112,3
2020-06-10,Imperial,025,180216,5486,3454,4,3458,36
2020-06-10,Inyo,027,18085,22,23,0,23,1
2020-06-10,Kern,029,883053,3999,3000,10,3010,54
2020-06-10,Kings,031,150075,1922,952,4,956,6
2020-06-10,Lake,033,64148,39,28,0,28,0
2020-06-10,Lassen,035,31185,13,5,2,7,0
2020-06-10,Los Angeles,037,10098052,76311,67018,21,67039,2752
2020-06-10,Madera,039,155013,430,176,1,177,3
2020-06-10,Marin,041,260295,752,633,2,635,17
2020-06-10,Mariposa,043,17540,17,16,0,16,1
2020-06-10,Mendocino,045,87422,40,35,0,35,0
2020-06-10,Merced,047,269075,592,370,1,371,7
2020-06-10,Modoc,049,8938,1,0,0,0,0
2020-06-10,Mono,051,14174,39,35,0,35,1
2020-06-10,Monterey,053,433212,1107,791,4,795,11
2020-06-10,Napa,055,140530,211,159,0,159,3
2020-06-10,Nevada,057,99092,65,50,1,51,1
2020-06-10,Orange,059,3164182,11458,8222,77,8299,184
2020-06-10,Placer,061,380077,448,309,3,312,9
2020-06-10,Plumas,063,18699,5,4,0,4,0
2020-06-10,Riverside,065,2383286,12890,9857,22,9879,361
2020-06-10,Sacramento,067,1510023,1883,1643,2,1645,59
2020-06-10,San Benito,069,59416,144,94,0,94,2
2020-06-10,San Bernardino,071,2135413,8883,6438,7,6445,219
2020-06-10,San Diego,073,3302833,10227,8839,0,8839,305
2020-06-10,San Francisco,075,870044,3019,2774,1,2775,44
2020-06-10,San Joaquin,077,732212,1944,1282,4,1286,41
2020-06-10,San Luis Obispo,079,281455,433,306,5,311,1
2020-06-10,San Mateo,081,765935,2699,2492,4,2496,74
2020-06-10,Santa Barbara,083,443738,2547,1878,19,1897,13
2020-06-10,Santa Clara,085,1922200,3931,3032,14,3046,149
2020-06-10,Santa Cruz,087,273765,273,242,0,242,2
2020-06-10,Shasta,089,179085,82,45,0,45,5
2020-06-10,Sierra,091,2930,1,1,0,1,0
2020-06-10,Siskiyou,093,43540,25,14,0,14,0
2020-06-10,Solano,095,438530,847,608,4,612,19
2020-06-10,Sonoma,097,501317,821,673,1,674,4
2020-06-10,Stanislaus,099,539301,1507,1030,5,1035,29
2020-06-10,Sutter,101,95872,91,56,0,56,2
2020-06-10,Tehama,103,63373,25,10,2,12,1
2020-06-10,Trinity,105,12862,11,2,3,5,0
2020-06-10,Tulare,107,460477,3437,2455,10,2465,95
2020-06-10,Tuolumne,109,53932,9,7,0,7,0
2020-06-10,Ventura,111,848112,2169,1446,12,1458,34
2020-06-10,Yolo,113,214977,290,226,0,226,24
2020-06-10,Yuba,115,75493,35,27,0,27,1
2020-06-09,Alameda,001,1643700,4566,3963,7,3970,103
2020-06-09,Alpine,003,1148,1,1,0,1,0
2020-06-09,Amador,005,37829,9,10,0,10,0
2020-06-09,Butte,007,227075,101,70,6,76,1
2020-06-09,Calaveras,009,45235,24,16,0,16,0
2020-06-09,Colusa,011,21464,10,7,0,7,0
2020-06-09,Contra Costa,013,1133247,2046,1744,2,1746,42
2020-06-09,Del Norte,015,27424,47,45,0,45,0
2020-06-09,El Dorado,017,186661,141,108,0,108,0
2020-06-09,Fresno,019,978130,4324,2278,56,2334,43
2020-06-09,Glenn,021,27897,38,19,0,19,0
2020-06-09,Humboldt,023,135768,115,113,0,113,2
2020-06-09,Imperial,025,180216,5334,3067,4,3071,36
2020-06-09,Inyo,027,18085,22,22,0,22,1
2020-06-09,Kern,029,883053,3871,2920,10,2930,51
2020-06-09,Kings,031,150075,1890,934,4,938,6
2020-06-09,Lake,033,64148,39,28,0,28,0
2020-06-09,Lassen,035,31185,13,5,2,7,0
2020-06-09,Los Angeles,037,10098052,74653,65827,21,65848,2692
2020-06-09,Madera,039,155013,415,172,1,173,3
2020-06-09,Marin,041,260295,716,616,2,618,17
2020-06-09,Mariposa,043,17540,17,16,0,16,1
2020-06-09,Mendocino,045,87422,36,35,0,35,0
2020-06-09,Merced,047,269075,563,349,1,350,7
2020-06-09,Modoc,049,8938,1,0,0,0,0
2020-06-09,Mono,051,14174,39,35,0,35,1
2020-06-09,Monterey,053,433212,1066,772,4,776,11
2020-06-09,Napa,055,140530,201,156,0,156,3
2020-06-09,Nevada,057,99092,57,50,1,51,1
2020-06-09,Orange,059,3164182,11217,7991,75,8066,174
2020-06-09,Placer,061,380077,435,301,3,304,9
2020-06-09,Plumas,063,18699,5,4,0,4,0
2020-06-09,Riverside,065,2383286,12512,9511,22,9533,354
2020-06-09,Sacramento,067,1510023,1829,1625,2,1627,59
2020-06-09,San Benito,069,59416,138,95,0,95,2
2020-06-09,San Bernardino,071,2135413,8559,6268,6,6274,217
2020-06-09,San Diego,073,3302833,10042,8731,0,8731,301
2020-06-09,San Francisco,075,870044,2994,2749,1,2750,44
2020-06-09,San Joaquin,077,732212,1838,1240,4,1244,41
2020-06-09,San Luis Obispo,079,281455,420,301,4,305,1
2020-06-09,San Mateo,081,765935,2668,2463,4,2467,74
2020-06-09,Santa Barbara,083,443738,2482,1854,19,1873,13
2020-06-09,Santa Clara,085,1922200,3863,3006,13,3019,147
2020-06-09,Santa Cruz,087,273765,267,237,0,237,2
2020-06-09,Shasta,089,179085,78,44,0,44,4
2020-06-09,Sierra,091,2930,1,1,0,1,0
2020-06-09,Siskiyou,093,43540,20,10,0,10,0
2020-06-09,Solano,095,438530,812,596,4,600,18
2020-06-09,Sonoma,097,501317,798,661,1,662,4
2020-06-09,Stanislaus,099,539301,1406,993,5,998,25
2020-06-09,Sutter,101,95872,88,56,0,56,2
2020-06-09,Tehama,103,63373,25,9,2,11,1
2020-06-09,Trinity,105,12862,10,2,3,5,0
2020-06-09,Tulare,107,460477,3371,2393,10,2403,91
2020-06-09,Tuolumne,109,53932,9,8,0,8,0
2020-06-09,Ventura,111,848112,2103,1407,12,1419,34
2020-06-09,Yolo,113,214977,279,226,0,226,24
2020-06-09,Yuba,115,75493,34,27,0,27,1
2020-06-08,Alameda,001,1643700,4486,3937,7,3944,103
2020-06-08,Alpine,003,1148,1,1,0,1,0
2020-06-08,Amador,005,37829,9,10,0,10,0
2020-06-08,Butte,007,227075,97,68,6,74,1
2020-06-08,Calaveras,009,45235,24,16,0,16,0
2020-06-08,Colusa,011,21464,9,7,0,7,0
2020-06-08,Contra Costa,013,1133247,2003,1714,2,1716,41
2020-06-08,Del Norte,015,27424,47,45,0,45,0
2020-06-08,El Dorado,017,186661,137,107,0,107,0
2020-06-08,Fresno,019,978130,4200,2194,55,2249,42
2020-06-08,Glenn,021,27897,36,17,0,17,0
2020-06-08,Humboldt,023,135768,115,112,0,112,2
2020-06-08,Imperial,025,180216,5182,3051,4,3055,21
2020-06-08,Inyo,027,18085,22,22,0,22,1
2020-06-08,Kern,029,883053,3740,2853,9,2862,49
2020-06-08,Kings,031,150075,1814,892,4,896,6
2020-06-08,Lake,033,64148,39,28,0,28,0
2020-06-08,Lassen,035,31185,13,4,2,6,0
2020-06-08,Los Angeles,037,10098052,73191,64634,21,64655,2640
2020-06-08,Madera,039,155013,385,154,1,155,3
2020-06-08,Marin,041,260295,675,596,2,598,17
2020-06-08,Mariposa,043,17540,16,16,0,16,1
2020-06-08,Mendocino,045,87422,34,32,0,32,0
2020-06-08,Merced,047,269075,529,331,1,332,7
2020-06-08,Modoc,049,8938,1,0,0,0,0
2020-06-08,Mono,051,14174,39,35,0,35,1
2020-06-08,Monterey,053,433212,1015,751,3,754,10
2020-06-08,Napa,055,140530,185,151,0,151,3
2020-06-08,Nevada,057,99092,56,50,1,51,1
2020-06-08,Orange,059,3164182,10966,7786,73,7859,160
2020-06-08,Placer,061,380077,418,290,3,293,9
2020-06-08,Plumas,063,18699,5,4,0,4,0
2020-06-08,Riverside,065,2383286,12143,9246,22,9268,347
2020-06-08,Sacramento,067,1510023,1779,1591,2,1593,59
2020-06-08,San Benito,069,59416,131,93,0,93,2
2020-06-08,San Bernardino,071,2135413,8238,6122,6,6128,214
2020-06-08,San Diego,073,3302833,9885,8621,0,8621,296
2020-06-08,San Francisco,075,870044,2966,2715,1,2716,43
2020-06-08,San Joaquin,077,732212,1731,1198,4,1202,40
2020-06-08,San Luis Obispo,079,281455,414,300,4,304,1
2020-06-08,San Mateo,081,765935,2638,2431,3,2434,74
2020-06-08,Santa Barbara,083,443738,2414,1824,17,1841,13
2020-06-08,Santa Clara,085,1922200,3817,2971,13,2984,146
2020-06-08,Santa Cruz,087,273765,266,234,0,234,2
2020-06-08,Shasta,089,179085,74,43,0,43,4
2020-06-08,Sierra,091,2930,1,1,0,1,0
2020-06-08,Siskiyou,093,43540,20,8,0,8,0
2020-06-08,Solano,095,438530,785,560,4,564,19
2020-06-08,Sonoma,097,501317,782,654,1,655,4
2020-06-08,Stanislaus,099,539301,1324,956,5,961,28
2020-06-08,Sutter,101,95872,81,55,0,55,2
2020-06-08,Tehama,103,63373,19,8,2,10,1
2020-06-08,Trinity,105,12862,10,2,3,5,0
2020-06-08,Tulare,107,460477,3288,2301,10,2311,91
2020-06-08,Tuolumne,109,53932,8,8,0,8,0
2020-06-08,Ventura,111,848112,2045,1382,12,1394,30
2020-06-08,Yolo,113,214977,268,228,0,228,24
2020-06-08,Yuba,115,75493,32,27,0,27,1
2020-06-07,Alameda,001,1643700,4373,3866,7,3873,102
2020-06-07,Alpine,003,1148,1,1,0,1,0
2020-06-07,Amador,005,37829,9,10,0,10,0
2020-06-07,Butte,007,227075,95,64,5,69,1
2020-06-07,Calaveras,009,45235,22,16,0,16,0
2020-06-07,Colusa,011,21464,9,7,0,7,0
2020-06-07,Contra Costa,013,1133247,1952,1653,1,1654,38
2020-06-07,Del Norte,015,27424,45,45,0,45,0
2020-06-07,El Dorado,017,186661,137,104,0,104,0
2020-06-07,Fresno,019,978130,4070,2144,55,2199,41
2020-06-07,Glenn,021,27897,29,16,0,16,0
2020-06-07,Humboldt,023,135768,115,112,0,112,2
2020-06-07,Imperial,025,180216,5031,3048,4,3052,19
2020-06-07,Inyo,027,18085,22,21,0,21,1
2020-06-07,Kern,029,883053,3609,2771,9,2780,46
2020-06-07,Kings,031,150075,1765,882,4,886,6
2020-06-07,Lake,033,64148,36,28,0,28,0
2020-06-07,Lassen,035,31185,12,4,2,6,0
2020-06-07,Los Angeles,037,10098052,71488,63750,21,63771,2629
2020-06-07,Madera,039,155013,368,149,1,150,3
2020-06-07,Marin,041,260295,661,584,2,586,17
2020-06-07,Mariposa,043,17540,16,16,0,16,1
2020-06-07,Mendocino,045,87422,34,32,0,32,0
2020-06-07,Merced,047,269075,496,318,1,319,7
2020-06-07,Modoc,049,8938,1,0,0,0,0
2020-06-07,Mono,051,14174,39,35,0,35,1
2020-06-07,Monterey,053,433212,968,732,3,735,10
2020-06-07,Napa,055,140530,177,142,0,142,3
2020-06-07,Nevada,057,99092,55,50,1,51,1
2020-06-07,Orange,059,3164182,10709,7643,71,7714,158
2020-06-07,Placer,061,380077,397,273,2,275,9
2020-06-07,Plumas,063,18699,5,4,0,4,0
2020-06-07,Riverside,065,2383286,11847,9105,22,9127,344
2020-06-07,Sacramento,067,1510023,1731,1568,2,1570,59
2020-06-07,San Benito,069,59416,128,92,0,92,2
2020-06-07,San Bernardino,071,2135413,7953,6033,6,6039,214
2020-06-07,San Diego,073,3302833,9706,8478,0,8478,296
2020-06-07,San Francisco,075,870044,2922,2674,0,2674,43
2020-06-07,San Joaquin,077,732212,1630,1126,4,1130,37
2020-06-07,San Luis Obispo,079,281455,404,296,4,300,1
2020-06-07,San Mateo,081,765935,2611,2399,3,2402,73
2020-06-07,Santa Barbara,083,443738,2346,1818,17,1835,13
2020-06-07,Santa Clara,085,1922200,3765,2947,13,2960,146
2020-06-07,Santa Cruz,087,273765,258,230,0,230,2
2020-06-07,Shasta,089,179085,73,41,0,41,4
2020-06-07,Sierra,091,2930,1,1,0,1,0
2020-06-07,Siskiyou,093,43540,20,8,0,8,0
2020-06-07,Solano,095,438530,762,560,4,564,19
2020-06-07,Sonoma,097,501317,751,639,1,640,4
2020-06-07,Stanislaus,099,539301,1244,905,5,910,28
2020-06-07,Sutter,101,95872,73,55,0,55,2
2020-06-07,Tehama,103,63373,16,8,2,10,1
2020-06-07,Trinity,105,12862,8,2,3,5,0
2020-06-07,Tulare,107,460477,3166,2219,10,2229,90
2020-06-07,Tuolumne,109,53932,8,4,0,4,0
2020-06-07,Ventura,111,848112,1979,1337,12,1349,30
2020-06-07,Yolo,113,214977,258,224,0,224,24
2020-06-07,Yuba,115,75493,32,27,0,27,1
2020-06-06,Alameda,001,1643700,4328,3801,7,3808,102
2020-06-06,Alpine,003,1148,1,1,0,1,0
2020-06-06,Amador,005,37829,9,10,0,10,0
2020-06-06,Butte,007,227075,94,63,5,68,1
2020-06-06,Calaveras,009,45235,20,16,0,16,0
2020-06-06,Colusa,011,21464,9,7,0,7,0
2020-06-06,Contra Costa,013,1133247,1931,1619,1,1620,37
2020-06-06,Del Norte,015,27424,45,45,0,45,0
2020-06-06,El Dorado,017,186661,132,104,0,104,0
2020-06-06,Fresno,019,978130,4015,2117,55,2172,41
2020-06-06,Glenn,021,27897,27,16,0,16,0
2020-06-06,Humboldt,023,135768,115,112,0,112,2
2020-06-06,Imperial,025,180216,4955,3047,4,3051,19
2020-06-06,Inyo,027,18085,22,21,0,21,1
2020-06-06,Kern,029,883053,3539,2695,9,2704,46
2020-06-06,Kings,031,150075,1746,882,4,886,6
2020-06-06,Lake,033,64148,36,28,0,28,0
2020-06-06,Lassen,035,31185,12,4,2,6,0
2020-06-06,Los Angeles,037,10098052,70741,62269,21,62290,2607
2020-06-06,Madera,039,155013,359,149,1,150,3
2020-06-06,Marin,041,260295,656,556,2,558,17
2020-06-06,Mariposa,043,17540,16,16,0,16,1
2020-06-06,Mendocino,045,87422,34,32,0,32,0
2020-06-06,Merced,047,269075,494,315,1,316,7
2020-06-06,Modoc,049,8938,1,0,0,0,0
2020-06-06,Mono,051,14174,39,35,0,35,1
2020-06-06,Monterey,053,433212,944,679,3,682,10
2020-06-06,Napa,055,140530,171,136,0,136,3
2020-06-06,Nevada,057,99092,54,50,1,51,1
2020-06-06,Orange,059,3164182,10550,7576,70,7646,157
2020-06-06,Placer,061,380077,385,270,2,272,9
2020-06-06,Plumas,063,18699,5,4,0,4,0
2020-06-06,Riverside,065,2383286,11669,8935,22,8957,345
2020-06-06,Sacramento,067,1510023,1708,1533,2,1535,59
2020-06-06,San Benito,069,59416,118,92,0,92,2
2020-06-06,San Bernardino,071,2135413,7805,5946,6,5952,214
2020-06-06,San Diego,073,3302833,9585,8347,0,8347,296
2020-06-06,San Francisco,075,870044,2907,2674,0,2674,43
2020-06-06,San Joaquin,077,732212,1590,1076,4,1080,37
2020-06-06,San Luis Obispo,079,281455,398,295,4,299,1
2020-06-06,San Mateo,081,765935,2596,2342,3,2345,72
2020-06-06,Santa Barbara,083,443738,2301,1815,17,1832,13
2020-06-06,Santa Clara,085,1922200,3724,2934,13,2947,144
2020-06-06,Santa Cruz,087,273765,256,226,0,226,2
2020-06-06,Shasta,089,179085,73,40,0,40,4
2020-06-06,Sierra,091,2930,1,1,0,1,0
2020-06-06,Siskiyou,093,43540,18,8,0,8,0
2020-06-06,Solano,095,438530,747,560,4,564,19
2020-06-06,Sonoma,097,501317,739,622,1,623,4
2020-06-06,Stanislaus,099,539301,1210,858,5,863,27
2020-06-06,Sutter,101,95872,73,51,0,51,2
2020-06-06,Tehama,103,63373,15,8,2,10,1
2020-06-06,Trinity,105,12862,8,2,2,4,0
2020-06-06,Tulare,107,460477,3133,2213,10,2223,90
2020-06-06,Tuolumne,109,53932,8,4,0,4,0
2020-06-06,Ventura,111,848112,1955,1303,12,1315,30
2020-06-06,Yolo,113,214977,256,223,0,223,24
2020-06-06,Yuba,115,75493,32,27,0,27,1
2020-06-05,Alameda,001,1643700,4277,3734,7,3741,102
2020-06-05,Alpine,003,1148,1,1,0,1,0
2020-06-05,Amador,005,37829,9,10,0,10,0
2020-06-05,Butte,007,227075,91,61,5,66,1
2020-06-05,Calaveras,009,45235,19,16,0,16,0
2020-06-05,Colusa,011,21464,9,7,0,7,0
2020-06-05,Contra Costa,013,1133247,1916,1575,1,1576,37
2020-06-05,Del Norte,015,27424,45,45,0,45,0
2020-06-05,El Dorado,017,186661,130,101,0,101,0
2020-06-05,Fresno,019,978130,3951,2051,54,2105,38
2020-06-05,Glenn,021,27897,25,16,0,16,0
2020-06-05,Humboldt,023,135768,114,111,0,111,2
2020-06-05,Imperial,025,180216,4849,2778,4,2782,19
2020-06-05,Inyo,027,18085,22,21,0,21,1
2020-06-05,Kern,029,883053,3450,2624,9,2633,46
2020-06-05,Kings,031,150075,1731,865,4,869,6
2020-06-05,Lake,033,64148,35,28,0,28,0
2020-06-05,Lassen,035,31185,11,4,2,6,0
2020-06-05,Los Angeles,037,10098052,69594,60955,21,60976,2553
2020-06-05,Madera,039,155013,337,144,1,145,3
2020-06-05,Marin,041,260295,647,546,2,548,17
2020-06-05,Mariposa,043,17540,16,16,0,16,1
2020-06-05,Mendocino,045,87422,34,32,0,32,0
2020-06-05,Merced,047,269075,492,309,1,310,7
2020-06-05,Modoc,049,8938,1,0,0,0,0
2020-06-05,Mono,051,14174,39,35,0,35,1
2020-06-05,Monterey,053,433212,912,649,3,652,10
2020-06-05,Napa,055,140530,168,123,0,123,3
2020-06-05,Nevada,057,99092,54,50,1,51,1
2020-06-05,Orange,059,3164182,10354,7391,68,7459,153
2020-06-05,Placer,061,380077,375,265,2,267,9
2020-06-05,Plumas,063,18699,5,4,0,4,0
2020-06-05,Riverside,065,2383286,11410,8700,22,8722,345
2020-06-05,Sacramento,067,1510023,1686,1514,2,1516,59
2020-06-05,San Benito,069,59416,116,92,0,92,2
2020-06-05,San Bernardino,071,2135413,7623,5869,5,5874,212
2020-06-05,San Diego,073,3302833,9470,8182,0,8182,294
2020-06-05,San Francisco,075,870044,2889,2675,0,2675,43
2020-06-05,San Joaquin,077,732212,1511,1046,4,1050,36
2020-06-05,San Luis Obispo,079,281455,391,293,4,297,1
2020-06-05,San Mateo,081,765935,2571,2331,3,2334,72
2020-06-05,Santa Barbara,083,443738,2260,1795,17,1812,13
2020-06-05,Santa Clara,085,1922200,3689,2902,13,2915,144
2020-06-05,Santa Cruz,087,273765,253,222,0,222,2
2020-06-05,Shasta,089,179085,72,40,0,40,4
2020-06-05,Sierra,091,2930,1,1,0,1,0
2020-06-05,Siskiyou,093,43540,16,8,0,8,0
2020-06-05,Solano,095,438530,740,558,4,562,19
2020-06-05,Sonoma,097,501317,718,618,1,619,4
2020-06-05,Stanislaus,099,539301,1177,842,5,847,27
2020-06-05,Sutter,101,95872,73,49,0,49,2
2020-06-05,Tehama,103,63373,15,7,2,9,1
2020-06-05,Trinity,105,12862,8,1,2,3,0
2020-06-05,Tulare,107,460477,3084,2180,10,2190,90
2020-06-05,Tuolumne,109,53932,8,4,0,4,0
2020-06-05,Ventura,111,848112,1922,1274,12,1286,30
2020-06-05,Yolo,113,214977,255,216,0,216,24
2020-06-05,Yuba,115,75493,32,27,0,27,1
2020-06-04,Alameda,001,1643700,4178,3643,7,3650,99
2020-06-04,Alpine,003,1148,1,1,0,1,0
2020-06-04,Amador,005,37829,9,10,0,10,0
2020-06-04,Butte,007,227075,87,57,4,61,1
2020-06-04,Calaveras,009,45235,19,15,0,15,0
2020-06-04,Colusa,011,21464,9,7,0,7,0
2020-06-04,Contra Costa,013,1133247,1858,1551,1,1552,37
2020-06-04,Del Norte,015,27424,45,45,0,45,0
2020-06-04,El Dorado,017,186661,128,101,0,101,0
2020-06-04,Fresno,019,978130,3845,2007,53,2060,35
2020-06-04,Glenn,021,27897,22,16,0,16,0
2020-06-04,Humboldt,023,135768,114,109,0,109,2
2020-06-04,Imperial,025,180216,4666,2631,4,2635,19
2020-06-04,Inyo,027,18085,22,20,0,20,1
2020-06-04,Kern,029,883053,3334,2530,9,2539,46
2020-06-04,Kings,031,150075,1661,842,4,846,6
2020-06-04,Lake,033,64148,34,27,0,27,0
2020-06-04,Lassen,035,31185,9,4,2,6,0
2020-06-04,Los Angeles,037,10098052,68126,59596,21,59617,2515
2020-06-04,Madera,039,155013,329,127,1,128,3
2020-06-04,Marin,041,260295,625,533,2,535,14
2020-06-04,Mariposa,043,17540,16,16,0,16,1
2020-06-04,Mendocino,045,87422,34,29,0,29,0
2020-06-04,Merced,047,269075,472,304,1,305,7
2020-06-04,Modoc,049,8938,1,0,0,0,0
2020-06-04,Mono,051,14174,39,35,0,35,1
2020-06-04,Monterey,053,433212,877,621,2,623,10
2020-06-04,Napa,055,140530,164,117,0,117,3
2020-06-04,Nevada,057,99092,53,49,1,50,1
2020-06-04,Orange,059,3164182,10100,7192,67,7259,148
2020-06-04,Placer,061,380077,359,256,2,258,9
2020-06-04,Plumas,063,18699,4,4,0,4,0
2020-06-04,Riverside,065,2383286,11132,8473,22,8495,341
2020-06-04,Sacramento,067,1510023,1659,1492,2,1494,58
2020-06-04,San Benito,069,59416,114,88,0,88,2
2020-06-04,San Bernardino,071,2135413,7355,5726,5,5731,207
2020-06-04,San Diego,073,3302833,9307,7942,0,7942,288
2020-06-04,San Francisco,075,870044,2856,2636,0,2636,43
2020-06-04,San Joaquin,077,732212,1449,1016,4,1020,36
2020-06-04,San Luis Obispo,079,281455,382,288,4,292,1
2020-06-04,San Mateo,081,765935,2545,2284,3,2287,72
2020-06-04,Santa Barbara,083,443738,2209,1750,16,1766,13
2020-06-04,Santa Clara,085,1922200,3655,2871,13,2884,144
2020-06-04,Santa Cruz,087,273765,247,218,0,218,2
2020-06-04,Shasta,089,179085,66,40,0,40,4
2020-06-04,Sierra,091,2930,1,1,0,1,0
2020-06-04,Siskiyou,093,43540,15,8,0,8,0
2020-06-04,Solano,095,438530,723,551,4,555,19
2020-06-04,Sonoma,097,501317,699,591,1,592,4
2020-06-04,Stanislaus,099,539301,1101,806,5,811,28
2020-06-04,Sutter,101,95872,68,46,0,46,2
2020-06-04,Tehama,103,63373,14,6,1,7,1
2020-06-04,Trinity,105,12862,8,1,2,3,0
2020-06-04,Tulare,107,460477,2967,2086,10,2096,90
2020-06-04,Tuolumne,109,53932,7,4,0,4,0
2020-06-04,Ventura,111,848112,1878,1236,11,1247,30
2020-06-04,Yolo,113,214977,250,216,0,216,24
2020-06-04,Yuba,115,75493,31,27,0,27,1
2020-06-03,Alameda,001,1643700,4119,3589,6,3595,99
2020-06-03,Alpine,003,1148,1,1,0,1,0
2020-06-03,Amador,005,37829,9,10,0,10,0
2020-06-03,Butte,007,227075,85,53,4,57,1
2020-06-03,Calaveras,009,45235,18,15,0,15,0
2020-06-03,Colusa,011,21464,9,7,0,7,0
2020-06-03,Contra Costa,013,1133247,1810,1511,1,1512,37
2020-06-03,Del Norte,015,27424,45,39,0,39,0
2020-06-03,El Dorado,017,186661,125,90,0,90,0
2020-06-03,Fresno,019,978130,3746,1943,53,1996,35
2020-06-03,Glenn,021,27897,22,16,0,16,0
2020-06-03,Humboldt,023,135768,114,103,0,103,2
2020-06-03,Imperial,025,180216,4493,2540,4,2544,19
2020-06-03,Inyo,027,18085,22,20,0,20,1
2020-06-03,Kern,029,883053,3238,2452,8,2460,44
2020-06-03,Kings,031,150075,1596,744,4,748,6
2020-06-03,Lake,033,64148,32,26,0,26,0
2020-06-03,Lassen,035,31185,9,4,2,6,0
2020-06-03,Los Angeles,037,10098052,66519,58166,21,58187,2472
2020-06-03,Madera,039,155013,321,117,1,118,3
2020-06-03,Marin,041,260295,607,527,2,529,14
2020-06-03,Mariposa,043,17540,16,16,0,16,1
2020-06-03,Mendocino,045,87422,33,29,0,29,0
2020-06-03,Merced,047,269075,458,299,1,300,7
2020-06-03,Modoc,049,8938,1,0,0,0,0
2020-06-03,Mono,051,14174,39,35,0,35,1
2020-06-03,Monterey,053,433212,849,592,2,594,10
2020-06-03,Napa,055,140530,163,116,0,116,3
2020-06-03,Nevada,057,99092,52,43,1,44,1
2020-06-03,Orange,059,3164182,9874,6939,66,7005,145
2020-06-03,Placer,061,380077,339,243,2,245,9
2020-06-03,Plumas,063,18699,4,4,0,4,0
2020-06-03,Riverside,065,2383286,10857,8208,22,8230,335
2020-06-03,Sacramento,067,1510023,1629,1457,2,1459,58
2020-06-03,San Benito,069,59416,108,88,0,88,2
2020-06-03,San Bernardino,071,2135413,7132,5565,5,5570,203
2020-06-03,San Diego,073,3302833,9159,7800,0,7800,283
2020-06-03,San Francisco,075,870044,2825,2608,0,2608,43
2020-06-03,San Joaquin,077,732212,1385,1004,4,1008,35
2020-06-03,San Luis Obispo,079,281455,377,279,4,283,1
2020-06-03,San Mateo,081,765935,2517,2243,3,2246,71
2020-06-03,Santa Barbara,083,443738,2164,1722,15,1737,12
2020-06-03,Santa Clara,085,1922200,3613,2836,13,2849,144
2020-06-03,Santa Cruz,087,273765,241,217,0,217,2
2020-06-03,Shasta,089,179085,63,40,0,40,4
2020-06-03,Sierra,091,2930,1,1,0,1,0
2020-06-03,Siskiyou,093,43540,14,8,0,8,0
2020-06-03,Solano,095,438530,698,543,2,545,18
2020-06-03,Sonoma,097,501317,687,578,1,579,4
2020-06-03,Stanislaus,099,539301,1061,780,5,785,27
2020-06-03,Sutter,101,95872,60,45,0,45,2
2020-06-03,Tehama,103,63373,14,6,1,7,1
2020-06-03,Trinity,105,12862,8,1,2,3,0
2020-06-03,Tulare,107,460477,2898,2041,10,2051,88
2020-06-03,Tuolumne,109,53932,5,4,0,4,0
2020-06-03,Ventura,111,848112,1811,1202,11,1213,30
2020-06-03,Yolo,113,214977,246,213,0,213,24
2020-06-03,Yuba,115,75493,31,27,0,27,1
2020-06-02,Alameda,001,1643700,4043,3517,6,3523,99
2020-06-02,Alpine,003,1148,1,1,0,1,0
2020-06-02,Amador,005,37829,9,10,0,10,0
2020-06-02,Butte,007,227075,81,51,3,54,1
2020-06-02,Calaveras,009,45235,18,15,0,15,0
2020-06-02,Colusa,011,21464,9,7,0,7,0
2020-06-02,Contra Costa,013,1133247,1778,1505,1,1506,37
2020-06-02,Del Norte,015,27424,45,39,0,39,0
2020-06-02,El Dorado,017,186661,124,88,0,88,0
2020-06-02,Fresno,019,978130,3633,1917,53,1970,34
2020-06-02,Glenn,021,27897,21,16,0,16,0
2020-06-02,Humboldt,023,135768,114,101,0,101,2
2020-06-02,Imperial,025,180216,4300,2459,4,2463,19
2020-06-02,Inyo,027,18085,20,20,0,20,1
2020-06-02,Kern,029,883053,3139,2406,6,2412,41
2020-06-02,Kings,031,150075,1568,720,4,724,5
2020-06-02,Lake,033,64148,32,25,0,25,0
2020-06-02,Lassen,035,31185,8,4,2,6,0
2020-06-02,Los Angeles,037,10098052,65117,57144,21,57165,2430
2020-06-02,Madera,039,155013,300,110,1,111,2
2020-06-02,Marin,041,260295,580,509,2,511,14
2020-06-02,Mariposa,043,17540,16,16,0,16,1
2020-06-02,Mendocino,045,87422,33,29,0,29,0
2020-06-02,Merced,047,269075,442,297,1,298,6
2020-06-02,Modoc,049,8938,1,0,0,0,0
2020-06-02,Mono,051,14174,39,35,0,35,1
2020-06-02,Monterey,053,433212,819,582,2,584,10
2020-06-02,Napa,055,140530,154,116,0,116,3
2020-06-02,Nevada,057,99092,51,41,1,42,1
2020-06-02,Orange,059,3164182,9673,6790,65,6855,142
2020-06-02,Placer,061,380077,325,226,2,228,9
2020-06-02,Plumas,063,18699,4,4,0,4,0
2020-06-02,Riverside,065,2383286,10561,8091,21,8112,330
2020-06-02,Sacramento,067,1510023,1600,1428,2,1430,58
2020-06-02,San Benito,069,59416,107,86,0,86,2
2020-06-02,San Bernardino,071,2135413,6924,5438,5,5443,202
2020-06-02,San Diego,073,3302833,9013,7676,0,7676,276
2020-06-02,San Francisco,075,870044,2790,2554,0,2554,43
2020-06-02,San Joaquin,077,732212,1319,985,4,989,35
2020-06-02,San Luis Obispo,079,281455,372,275,4,279,1
2020-06-02,San Mateo,081,765935,2482,2203,3,2206,71
2020-06-02,Santa Barbara,083,443738,2119,1703,15,1718,12
2020-06-02,Santa Clara,085,1922200,3563,2819,13,2832,144
2020-06-02,Santa Cruz,087,273765,236,215,0,215,2
2020-06-02,Shasta,089,179085,62,38,0,38,4
2020-06-02,Sierra,091,2930,1,1,0,1,0
2020-06-02,Siskiyou,093,43540,13,8,0,8,0
2020-06-02,Solano,095,438530,683,537,1,538,18
2020-06-02,Sonoma,097,501317,676,571,1,572,4
2020-06-02,Stanislaus,099,539301,1002,772,5,777,27
2020-06-02,Sutter,101,95872,57,43,0,43,2
2020-06-02,Tehama,103,63373,14,6,1,7,1
2020-06-02,Trinity,105,12862,8,1,2,3,0
2020-06-02,Tulare,107,460477,2818,2012,10,2022,86
2020-06-02,Tuolumne,109,53932,5,4,0,4,0
2020-06-02,Ventura,111,848112,1758,1178,11,1189,30
2020-06-02,Yolo,113,214977,244,213,0,213,24
2020-06-02,Yuba,115,75493,31,27,0,27,1
2020-06-01,Alameda,001,1643700,3977,3460,6,3466,98
2020-06-01,Alpine,003,1148,1,1,0,1,0
2020-06-01,Amador,005,37829,9,10,0,10,0
2020-06-01,Butte,007,227075,80,50,2,52,1
2020-06-01,Calaveras,009,45235,18,15,0,15,0
2020-06-01,Colusa,011,21464,9,7,0,7,0
2020-06-01,Contra Costa,013,1133247,1742,1486,1,1487,37
2020-06-01,Del Norte,015,27424,45,38,0,38,0
2020-06-01,El Dorado,017,186661,122,88,0,88,0
2020-06-01,Fresno,019,978130,3538,1854,51,1905,33
2020-06-01,Glenn,021,27897,21,16,0,16,0
2020-06-01,Humboldt,023,135768,114,98,0,98,2
2020-06-01,Imperial,025,180216,4078,2366,4,2370,14
2020-06-01,Inyo,027,18085,20,20,0,20,1
2020-06-01,Kern,029,883053,3056,2366,6,2372,38
2020-06-01,Kings,031,150075,1300,703,4,707,4
2020-06-01,Lake,033,64148,32,22,0,22,0
2020-06-01,Lassen,035,31185,8,4,2,6,0
2020-06-01,Los Angeles,037,10098052,63654,55899,21,55920,2367
2020-06-01,Madera,039,155013,288,103,1,104,2
2020-06-01,Marin,041,260295,539,495,2,497,14
2020-06-01,Mariposa,043,17540,16,16,0,16,1
2020-06-01,Mendocino,045,87422,33,28,0,28,0
2020-06-01,Merced,047,269075,423,289,1,290,6
2020-06-01,Modoc,049,8938,1,0,0,0,0
2020-06-01,Mono,051,14174,39,35,0,35,1
2020-06-01,Monterey,053,433212,794,554,2,556,10
2020-06-01,Napa,055,140530,151,114,0,114,3
2020-06-01,Nevada,057,99092,51,41,1,42,1
2020-06-01,Orange,059,3164182,9476,6640,64,6704,135
2020-06-01,Placer,061,380077,313,218,2,220,9
2020-06-01,Plumas,063,18699,4,4,0,4,0
2020-06-01,Riverside,065,2383286,10109,7921,20,7941,322
2020-06-01,Sacramento,067,1510023,1561,1415,2,1417,58
2020-06-01,San Benito,069,59416,104,86,0,86,2
2020-06-01,San Bernardino,071,2135413,6718,5310,5,5315,202
2020-06-01,San Diego,073,3302833,8833,7556,0,7556,269
2020-06-01,San Francisco,075,870044,2753,2546,0,2546,43
2020-06-01,San Joaquin,077,732212,1254,957,4,961,35
2020-06-01,San Luis Obispo,079,281455,368,275,4,279,1
2020-06-01,San Mateo,081,765935,2452,2190,3,2193,71
2020-06-01,Santa Barbara,083,443738,2081,1671,14,1685,10
2020-06-01,Santa Clara,085,1922200,3525,2797,12,2809,142
2020-06-01,Santa Cruz,087,273765,232,215,0,215,2
2020-06-01,Shasta,089,179085,62,38,0,38,4
2020-06-01,Sierra,091,2930,1,1,0,1,0
2020-06-01,Siskiyou,093,43540,13,7,0,7,0
2020-06-01,Solano,095,438530,659,529,1,530,17
2020-06-01,Sonoma,097,501317,660,565,1,566,4
2020-06-01,Stanislaus,099,539301,965,758,5,763,27
2020-06-01,Sutter,101,95872,52,43,0,43,2
2020-06-01,Tehama,103,63373,11,5,1,6,1
2020-06-01,Trinity,105,12862,7,1,2,3,0
2020-06-01,Tulare,107,460477,2703,1976,10,1986,84
2020-06-01,Tuolumne,109,53932,4,4,0,4,0
2020-06-01,Ventura,111,848112,1706,1163,11,1174,29
2020-06-01,Yolo,113,214977,241,212,0,212,24
2020-06-01,Yuba,115,75493,30,26,0,26,1
2020-05-31,Alameda,001,1643700,3872,3362,6,3368,98
2020-05-31,Alpine,003,1148,1,1,0,1,0
2020-05-31,Amador,005,37829,9,10,0,10,0
2020-05-31,Butte,007,227075,78,51,2,53,0
2020-05-31,Calaveras,009,45235,15,15,0,15,0
2020-05-31,Colusa,011,21464,9,5,0,5,0
2020-05-31,Contra Costa,013,1133247,1708,1458,1,1459,37
2020-05-31,Del Norte,015,27424,45,37,0,37,0
2020-05-31,El Dorado,017,186661,118,88,0,88,0
2020-05-31,Fresno,019,978130,3373,1780,44,1824,31
2020-05-31,Glenn,021,27897,20,16,0,16,0
2020-05-31,Humboldt,023,135768,112,98,0,98,2
2020-05-31,Imperial,025,180216,3811,2197,4,2201,14
2020-05-31,Inyo,027,18085,20,20,0,20,1
2020-05-31,Kern,029,883053,2921,2300,6,2306,38
2020-05-31,Kings,031,150075,1263,703,4,707,3
2020-05-31,Lake,033,64148,32,19,0,19,0
2020-05-31,Lassen,035,31185,8,4,2,6,0
2020-05-31,Los Angeles,037,10098052,62364,54925,21,54946,2344
2020-05-31,Madera,039,155013,270,101,1,102,2
2020-05-31,Marin,041,260295,529,486,2,488,14
2020-05-31,Mariposa,043,17540,16,16,0,16,1
2020-05-31,Mendocino,045,87422,33,24,0,24,0
2020-05-31,Merced,047,269075,396,288,0,288,6
2020-05-31,Modoc,049,8938,0,0,0,0,0
2020-05-31,Mono,051,14174,39,34,0,34,1
2020-05-31,Monterey,053,433212,720,545,2,547,10
2020-05-31,Napa,055,140530,149,114,0,114,3
2020-05-31,Nevada,057,99092,50,41,1,42,1
2020-05-31,Orange,059,3164182,9266,6532,63,6595,135
2020-05-31,Placer,061,380077,291,215,2,217,9
2020-05-31,Plumas,063,18699,4,4,0,4,0
2020-05-31,Riverside,065,2383286,9853,7704,20,7724,321
2020-05-31,Sacramento,067,1510023,1530,1398,2,1400,57
2020-05-31,San Benito,069,59416,98,85,0,85,2
2020-05-31,San Bernardino,071,2135413,6450,5185,5,5190,198
2020-05-31,San Diego,073,3302833,8639,7483,0,7483,269
2020-05-31,San Francisco,075,870044,2717,2501,0,2501,43
2020-05-31,San Joaquin,077,732212,1189,888,4,892,34
2020-05-31,San Luis Obispo,079,281455,358,271,4,275,1
2020-05-31,San Mateo,081,765935,2406,2169,3,2172,71
2020-05-31,Santa Barbara,083,443738,2027,1662,13,1675,9
2020-05-31,Santa Clara,085,1922200,3481,2785,12,2797,142
2020-05-31,Santa Cruz,087,273765,229,210,0,210,2
2020-05-31,Shasta,089,179085,60,38,0,38,4
2020-05-31,Sierra,091,2930,1,1,0,1,0
2020-05-31,Siskiyou,093,43540,12,7,0,7,0
2020-05-31,Solano,095,438530,633,512,1,513,6
2020-05-31,Sonoma,097,501317,640,555,1,556,4
2020-05-31,Stanislaus,099,539301,911,738,5,743,27
2020-05-31,Sutter,101,95872,50,42,0,42,2
2020-05-31,Tehama,103,63373,10,4,1,5,1
2020-05-31,Trinity,105,12862,7,1,2,3,0
2020-05-31,Tulare,107,460477,2630,1884,10,1894,82
2020-05-31,Tuolumne,109,53932,4,4,0,4,0
2020-05-31,Ventura,111,848112,1645,1151,11,1162,30
2020-05-31,Yolo,113,214977,235,211,0,211,24
2020-05-31,Yuba,115,75493,30,26,0,26,1
2020-05-30,Alameda,001,1643700,3846,3304,6,3310,96
2020-05-30,Alpine,003,1148,1,1,0,1,0
2020-05-30,Amador,005,37829,9,10,0,10,0
2020-05-30,Butte,007,227075,77,44,2,46,0
2020-05-30,Calaveras,009,45235,14,15,0,15,0
2020-05-30,Colusa,011,21464,8,5,0,5,0
2020-05-30,Contra Costa,013,1133247,1692,1429,1,1430,37
2020-05-30,Del Norte,015,27424,45,37,0,37,0
2020-05-30,El Dorado,017,186661,117,86,0,86,0
2020-05-30,Fresno,019,978130,3312,1744,43,1787,31
2020-05-30,Glenn,021,27897,19,16,0,16,0
2020-05-30,Humboldt,023,135768,111,98,0,98,2
2020-05-30,Imperial,025,180216,3721,2091,4,2095,14
2020-05-30,Inyo,027,18085,20,20,0,20,1
2020-05-30,Kern,029,883053,2852,2217,6,2223,38
2020-05-30,Kings,031,150075,1249,703,4,707,3
2020-05-30,Lake,033,64148,31,18,0,18,0
2020-05-30,Lassen,035,31185,8,4,2,6,0
2020-05-30,Los Angeles,037,10098052,61828,53627,21,53648,2319
2020-05-30,Madera,039,155013,265,101,1,102,2
2020-05-30,Marin,041,260295,529,462,2,464,14
2020-05-30,Mariposa,043,17540,16,16,0,16,1
2020-05-30,Mendocino,045,87422,33,24,0,24,0
2020-05-30,Merced,047,269075,395,285,0,285,6
2020-05-30,Modoc,049,8938,0,0,0,0,0
2020-05-30,Mono,051,14174,39,34,0,34,1
2020-05-30,Monterey,053,433212,704,520,2,522,10
2020-05-30,Napa,055,140530,147,113,0,113,3
2020-05-30,Nevada,057,99092,50,41,1,42,1
2020-05-30,Orange,059,3164182,9109,6354,63,6417,134
2020-05-30,Placer,061,380077,283,199,1,200,9
2020-05-30,Plumas,063,18699,4,4,0,4,0
2020-05-30,Riverside,065,2383286,9709,7492,20,7512,316
2020-05-30,Sacramento,067,1510023,1519,1384,2,1386,57
2020-05-30,San Benito,069,59416,97,85,0,85,2
2020-05-30,San Bernardino,071,2135413,6341,5122,5,5127,198
2020-05-30,San Diego,073,3302833,8546,7387,0,7387,269
2020-05-30,San Francisco,075,870044,2692,2496,0,2496,41
2020-05-30,San Joaquin,077,732212,1151,888,4,892,34
2020-05-30,San Luis Obispo,079,281455,353,270,4,274,1
2020-05-30,San Mateo,081,765935,2382,2129,3,2132,71
2020-05-30,Santa Barbara,083,443738,2007,1660,13,1673,9
2020-05-30,Santa Clara,085,1922200,3465,2741,12,2753,141
2020-05-30,Santa Cruz,087,273765,229,206,0,206,2
2020-05-30,Shasta,089,179085,60,36,0,36,4
2020-05-30,Sierra,091,2930,1,1,0,1,0
2020-05-30,Siskiyou,093,43540,11,7,0,7,0
2020-05-30,Solano,095,438530,626,512,1,513,6
2020-05-30,Sonoma,097,501317,630,551,1,552,4
2020-05-30,Stanislaus,099,539301,894,712,5,717,27
2020-05-30,Sutter,101,95872,49,40,0,40,2
2020-05-30,Tehama,103,63373,10,4,1,5,1
2020-05-30,Trinity,105,12862,7,1,2,3,0
2020-05-30,Tulare,107,460477,2593,1879,10,1889,81
2020-05-30,Tuolumne,109,53932,4,4,0,4,0
2020-05-30,Ventura,111,848112,1628,1116,11,1127,30
2020-05-30,Yolo,113,214977,231,210,0,210,24
2020-05-30,Yuba,115,75493,30,25,0,25,1
2020-05-29,Alameda,001,1643700,3811,3209,6,3215,96
2020-05-29,Alpine,003,1148,1,1,0,1,0
2020-05-29,Amador,005,37829,9,10,0,10,0
2020-05-29,Butte,007,227075,72,41,2,43,0
2020-05-29,Calaveras,009,45235,14,15,0,15,0
2020-05-29,Colusa,011,21464,8,5,0,5,0
2020-05-29,Contra Costa,013,1133247,1676,1411,1,1412,37
2020-05-29,Del Norte,015,27424,45,37,0,37,0
2020-05-29,El Dorado,017,186661,116,85,0,85,0
2020-05-29,Fresno,019,978130,3262,1687,43,1730,31
2020-05-29,Glenn,021,27897,19,14,0,14,0
2020-05-29,Humboldt,023,135768,110,98,0,98,2
2020-05-29,Imperial,025,180216,3603,1607,4,1611,14
2020-05-29,Inyo,027,18085,20,20,0,20,1
2020-05-29,Kern,029,883053,2794,2128,6,2134,36
2020-05-29,Kings,031,150075,1238,693,4,697,3
2020-05-29,Lake,033,64148,30,17,0,17,0
2020-05-29,Lassen,035,31185,8,0,2,2,0
2020-05-29,Los Angeles,037,10098052,60873,51578,21,51599,2273
2020-05-29,Madera,039,155013,250,98,1,99,2
2020-05-29,Marin,041,260295,521,448,2,450,14
2020-05-29,Mariposa,043,17540,16,16,0,16,1
2020-05-29,Mendocino,045,87422,31,25,0,25,0
2020-05-29,Merced,047,269075,390,285,0,285,7
2020-05-29,Modoc,049,8938,0,0,0,0,0
2020-05-29,Mono,051,14174,38,34,0,34,1
2020-05-29,Monterey,053,433212,674,479,2,481,10
2020-05-29,Napa,055,140530,144,113,0,113,3
2020-05-29,Nevada,057,99092,50,41,1,42,1
2020-05-29,Orange,059,3164182,8924,6176,61,6237,133
2020-05-29,Placer,061,380077,261,199,1,200,9
2020-05-29,Plumas,063,18699,4,4,0,4,0
2020-05-29,Riverside,065,2383286,9523,7376,20,7396,313
2020-05-29,Sacramento,067,1510023,1496,1360,2,1362,57
2020-05-29,San Benito,069,59416,97,84,0,84,2
2020-05-29,San Bernardino,071,2135413,6233,4983,5,4988,196
2020-05-29,San Diego,073,3302833,8423,7242,0,7242,266
2020-05-29,San Francisco,075,870044,2668,2453,0,2453,41
2020-05-29,San Joaquin,077,732212,1114,855,4,859,34
2020-05-29,San Luis Obispo,079,281455,349,270,4,274,1
2020-05-29,San Mateo,081,765935,2366,2103,3,2106,71
2020-05-29,Santa Barbara,083,443738,1978,1656,13,1669,9
2020-05-29,Santa Clara,085,1922200,3437,2707,12,2719,141
2020-05-29,Santa Cruz,087,273765,226,203,0,203,2
2020-05-29,Shasta,089,179085,60,36,0,36,4
2020-05-29,Sierra,091,2930,1,1,0,1,0
2020-05-29,Siskiyou,093,43540,11,7,0,7,0
2020-05-29,Solano,095,438530,618,498,1,499,6
2020-05-29,Sonoma,097,501317,619,537,1,538,4
2020-05-29,Stanislaus,099,539301,864,698,5,703,27
2020-05-29,Sutter,101,95872,47,40,0,40,2
2020-05-29,Tehama,103,63373,9,4,1,5,1
2020-05-29,Trinity,105,12862,7,1,2,3,0
2020-05-29,Tulare,107,460477,2555,1852,10,1862,80
2020-05-29,Tuolumne,109,53932,4,4,0,4,0
2020-05-29,Ventura,111,848112,1604,1093,11,1104,29
2020-05-29,Yolo,113,214977,227,211,0,211,24
2020-05-29,Yuba,115,75493,29,25,0,25,1
2020-05-28,Alameda,001,1643700,3711,3083,6,3089,94
2020-05-28,Alpine,003,1148,1,1,0,1,0
2020-05-28,Amador,005,37829,9,10,0,10,0
2020-05-28,Butte,007,227075,71,40,2,42,0
2020-05-28,Calaveras,009,45235,13,15,0,15,0
2020-05-28,Colusa,011,21464,8,5,0,5,0
2020-05-28,Contra Costa,013,1133247,1637,1392,1,1393,37
2020-05-28,Del Norte,015,27424,45,37,0,37,0
2020-05-28,El Dorado,017,186661,113,82,0,82,0
2020-05-28,Fresno,019,978130,3181,1653,42,1695,31
2020-05-28,Glenn,021,27897,18,14,0,14,0
2020-05-28,Humboldt,023,135768,109,97,0,97,2
2020-05-28,Imperial,025,180216,3408,1430,4,1434,14
2020-05-28,Inyo,027,18085,20,20,0,20,1
2020-05-28,Kern,029,883053,2716,2069,6,2075,36
2020-05-28,Kings,031,150075,901,626,4,630,3
2020-05-28,Lake,033,64148,29,17,0,17,0
2020-05-28,Lassen,035,31185,8,0,2,2,0
2020-05-28,Los Angeles,037,10098052,59294,49861,21,49882,2222
2020-05-28,Madera,039,155013,232,93,1,94,2
2020-05-28,Marin,041,260295,496,443,2,445,14
2020-05-28,Mariposa,043,17540,16,16,0,16,1
2020-05-28,Mendocino,045,87422,29,24,0,24,0
2020-05-28,Merced,047,269075,381,283,0,283,7
2020-05-28,Modoc,049,8938,0,0,0,0,0
2020-05-28,Mono,051,14174,38,34,0,34,1
2020-05-28,Monterey,053,433212,642,471,2,473,10
2020-05-28,Napa,055,140530,141,113,0,113,3
2020-05-28,Nevada,057,99092,45,41,1,42,1
2020-05-28,Orange,059,3164182,8728,6045,61,6106,130
2020-05-28,Placer,061,380077,254,196,1,197,9
2020-05-28,Plumas,063,18699,4,4,0,4,0
2020-05-28,Riverside,065,2383286,9121,7240,19,7259,304
2020-05-28,Sacramento,067,1510023,1476,1339,2,1341,57
2020-05-28,San Benito,069,59416,96,82,0,82,2
2020-05-28,San Bernardino,071,2135413,6068,4831,5,4836,191
2020-05-28,San Diego,073,3302833,8266,7102,0,7102,260
2020-05-28,San Francisco,075,870044,2634,2417,0,2417,40
2020-05-28,San Joaquin,077,732212,1079,840,4,844,34
2020-05-28,San Luis Obispo,079,281455,346,267,4,271,1
2020-05-28,San Mateo,081,765935,2339,2070,3,2073,71
2020-05-28,Santa Barbara,083,443738,1942,1642,12,1654,9
2020-05-28,Santa Clara,085,1922200,3397,2698,12,2710,140
2020-05-28,Santa Cruz,087,273765,225,201,0,201,2
2020-05-28,Shasta,089,179085,58,36,0,36,4
2020-05-28,Sierra,091,2930,1,1,0,1,0
2020-05-28,Siskiyou,093,43540,9,6,0,6,0
2020-05-28,Solano,095,438530,601,489,1,490,6
2020-05-28,Sonoma,097,501317,597,529,1,530,4
2020-05-28,Stanislaus,099,539301,823,684,5,689,27
2020-05-28,Sutter,101,95872,47,40,0,40,2
2020-05-28,Tehama,103,63373,9,4,1,5,1
2020-05-28,Trinity,105,12862,6,1,2,3,0
2020-05-28,Tulare,107,460477,2519,1832,10,1842,79
2020-05-28,Tuolumne,109,53932,4,4,0,4,0
2020-05-28,Ventura,111,848112,1571,1083,11,1094,29
2020-05-28,Yolo,113,214977,224,206,0,206,22
2020-05-28,Yuba,115,75493,28,24,0,24,1
2020-05-27,Alameda,001,1643700,3627,3037,6,3043,94
2020-05-27,Alpine,003,1148,1,1,0,1,0
2020-05-27,Amador,005,37829,9,10,0,10,0
2020-05-27,Butte,007,227075,68,40,1,41,0
2020-05-27,Calaveras,009,45235,12,15,0,15,0
2020-05-27,Colusa,011,21464,8,5,0,5,0
2020-05-27,Contra Costa,013,1133247,1597,1373,1,1374,37
2020-05-27,Del Norte,015,27424,45,34,0,34,0
2020-05-27,El Dorado,017,186661,112,82,0,82,0
2020-05-27,Fresno,019,978130,3093,1620,42,1662,27
2020-05-27,Glenn,021,27897,18,14,0,14,0
2020-05-27,Humboldt,023,135768,109,86,0,86,2
2020-05-27,Imperial,025,180216,3227,1369,4,1373,14
2020-05-27,Inyo,027,18085,20,20,0,20,1
2020-05-27,Kern,029,883053,2651,1999,6,2005,37
2020-05-27,Kings,031,150075,874,586,4,590,3
2020-05-27,Lake,033,64148,29,13,0,13,0
2020-05-27,Lassen,035,31185,8,0,2,2,0
2020-05-27,Los Angeles,037,10098052,57919,48711,21,48732,2177
2020-05-27,Madera,039,155013,223,91,1,92,2
2020-05-27,Marin,041,260295,467,439,2,441,14
2020-05-27,Mariposa,043,17540,16,16,0,16,1
2020-05-27,Mendocino,045,87422,28,21,0,21,0
2020-05-27,Merced,047,269075,377,278,0,278,7
2020-05-27,Modoc,049,8938,0,0,0,0,0
2020-05-27,Mono,051,14174,38,34,0,34,1
2020-05-27,Monterey,053,433212,602,443,2,445,8
2020-05-27,Napa,055,140530,136,112,0,112,3
2020-05-27,Nevada,057,99092,44,41,1,42,1
2020-05-27,Orange,059,3164182,8573,5849,61,5910,121
2020-05-27,Placer,061,380077,235,196,0,196,9
2020-05-27,Plumas,063,18699,4,4,0,4,0
2020-05-27,Riverside,065,2383286,8742,7156,19,7175,299
2020-05-27,Sacramento,067,1510023,1448,1318,2,1320,50
2020-05-27,San Benito,069,59416,93,74,0,74,2
2020-05-27,San Bernardino,071,2135413,5884,4708,5,4713,183
2020-05-27,San Diego,073,3302833,8115,6985,0,6985,255
2020-05-27,San Francisco,075,870044,2605,2394,0,2394,40
2020-05-27,San Joaquin,077,732212,1038,825,4,829,34
2020-05-27,San Luis Obispo,079,281455,341,266,4,270,1
2020-05-27,San Mateo,081,765935,2299,2045,3,2048,71
2020-05-27,Santa Barbara,083,443738,1924,1629,12,1641,9
2020-05-27,Santa Clara,085,1922200,3364,2680,12,2692,140
2020-05-27,Santa Cruz,087,273765,221,202,0,202,2
2020-05-27,Shasta,089,179085,55,36,0,36,4
2020-05-27,Sierra,091,2930,1,1,0,1,0
2020-05-27,Siskiyou,093,43540,9,6,0,6,0
2020-05-27,Solano,095,438530,581,477,1,478,5
2020-05-27,Sonoma,097,501317,583,521,1,522,4
2020-05-27,Stanislaus,099,539301,798,675,5,680,27
2020-05-27,Sutter,101,95872,46,40,0,40,2
2020-05-27,Tehama,103,63373,9,3,1,4,1
2020-05-27,Trinity,105,12862,6,1,2,3,0
2020-05-27,Tulare,107,460477,2467,1817,10,1827,77
2020-05-27,Tuolumne,109,53932,4,4,0,4,0
2020-05-27,Ventura,111,848112,1546,1065,11,1076,28
2020-05-27,Yolo,113,214977,223,204,0,204,22
2020-05-27,Yuba,115,75493,28,24,0,24,1
2020-05-26,Alameda,001,1643700,3532,2956,6,2962,92
2020-05-26,Alpine,003,1148,1,1,0,1,0
2020-05-26,Amador,005,37829,9,10,0,10,0
2020-05-26,Butte,007,227075,66,37,1,38,0
2020-05-26,Calaveras,009,45235,12,13,0,13,0
2020-05-26,Colusa,011,21464,8,4,0,4,0
2020-05-26,Contra Costa,013,1133247,1562,1352,1,1353,37
2020-05-26,Del Norte,015,27424,44,30,0,30,0
2020-05-26,El Dorado,017,186661,108,79,0,79,0
2020-05-26,Fresno,019,978130,3005,1496,42,1538,22
2020-05-26,Glenn,021,27897,16,12,0,12,0
2020-05-26,Humboldt,023,135768,107,81,0,81,2
2020-05-26,Imperial,025,180216,3011,1369,4,1373,14
2020-05-26,Inyo,027,18085,20,20,0,20,1
2020-05-26,Kern,029,883053,2573,1890,6,1896,31
2020-05-26,Kings,031,150075,806,449,3,452,2
2020-05-26,Lake,033,64148,27,12,0,12,0
2020-05-26,Lassen,035,31185,7,0,2,2,0
2020-05-26,Los Angeles,037,10098052,56452,47760,21,47781,2121
2020-05-26,Madera,039,155013,207,83,1,84,2
2020-05-26,Marin,041,260295,455,424,2,426,14
2020-05-26,Mariposa,043,17540,16,16,0,16,1
2020-05-26,Mendocino,045,87422,26,20,0,20,0
2020-05-26,Merced,047,269075,363,266,0,266,7
2020-05-26,Modoc,049,8938,0,1,0,1,0
2020-05-26,Mono,051,14174,37,34,0,34,1
2020-05-26,Monterey,053,433212,574,424,1,425,8
2020-05-26,Napa,055,140530,131,109,0,109,3
2020-05-26,Nevada,057,99092,43,41,1,42,1
2020-05-26,Orange,059,3164182,8303,5651,60,5711,115
2020-05-26,Placer,061,380077,230,188,0,188,9
2020-05-26,Plumas,063,18699,4,4,0,4,0
2020-05-26,Riverside,065,2383286,8295,6917,19,6936,284
2020-05-26,Sacramento,067,1510023,1422,1298,2,1300,50
2020-05-26,San Benito,069,59416,88,69,0,69,2
2020-05-26,San Bernardino,071,2135413,5716,4430,5,4435,175
2020-05-26,San Diego,073,3302833,7972,6884,0,6884,249
2020-05-26,San Francisco,075,870044,2572,2363,0,2363,40
2020-05-26,San Joaquin,077,732212,991,760,4,764,33
2020-05-26,San Luis Obispo,079,281455,339,260,4,264,1
2020-05-26,San Mateo,081,765935,2261,1967,2,1969,71
2020-05-26,Santa Barbara,083,443738,1904,1590,11,1601,9
2020-05-26,Santa Clara,085,1922200,3331,2659,12,2671,139
2020-05-26,Santa Cruz,087,273765,219,197,0,197,2
2020-05-26,Shasta,089,179085,55,36,0,36,4
2020-05-26,Sierra,091,2930,1,1,0,1,0
2020-05-26,Siskiyou,093,43540,8,6,0,6,0
2020-05-26,Solano,095,438530,563,470,1,471,5
2020-05-26,Sonoma,097,501317,575,509,0,509,4
2020-05-26,Stanislaus,099,539301,777,663,5,668,27
2020-05-26,Sutter,101,95872,45,39,0,39,2
2020-05-26,Tehama,103,63373,8,2,1,3,1
2020-05-26,Trinity,105,12862,6,1,2,3,0
2020-05-26,Tulare,107,460477,2411,1768,10,1778,76
2020-05-26,Tuolumne,109,53932,4,2,0,2,0
2020-05-26,Ventura,111,848112,1509,1033,8,1041,27
2020-05-26,Yolo,113,214977,217,198,0,198,22
2020-05-26,Yuba,115,75493,27,24,0,24,1
2020-05-25,Alameda,001,1643700,3439,2900,5,2905,92
2020-05-25,Alpine,003,1148,1,1,0,1,0
2020-05-25,Amador,005,37829,9,10,0,10,0
2020-05-25,Butte,007,227075,63,37,1,38,0
2020-05-25,Calaveras,009,45235,12,13,0,13,0
2020-05-25,Colusa,011,21464,7,4,0,4,0
2020-05-25,Contra Costa,013,1133247,1529,1348,1,1349,37
2020-05-25,Del Norte,015,27424,44,20,0,20,0
2020-05-25,El Dorado,017,186661,100,78,0,78,0
2020-05-25,Fresno,019,978130,2901,1496,40,1536,22
2020-05-25,Glenn,021,27897,16,12,0,12,0
2020-05-25,Humboldt,023,135768,106,81,0,81,2
2020-05-25,Imperial,025,180216,2800,1369,4,1373,14
2020-05-25,Inyo,027,18085,19,20,0,20,1
2020-05-25,Kern,029,883053,2502,1890,6,1896,31
2020-05-25,Kings,031,150075,776,447,3,450,2
2020-05-25,Lake,033,64148,25,13,0,13,0
2020-05-25,Lassen,035,31185,7,0,2,2,0
2020-05-25,Los Angeles,037,10098052,54641,45952,20,45972,2094
2020-05-25,Madera,039,155013,194,83,1,84,2
2020-05-25,Marin,041,260295,437,415,2,417,14
2020-05-25,Mariposa,043,17540,16,15,0,15,1
2020-05-25,Mendocino,045,87422,23,19,0,19,0
2020-05-25,Merced,047,269075,356,262,0,262,6
2020-05-25,Modoc,049,8938,0,1,0,1,0
2020-05-25,Mono,051,14174,37,34,0,34,1
2020-05-25,Monterey,053,433212,544,418,1,419,8
2020-05-25,Napa,055,140530,131,107,0,107,3
2020-05-25,Nevada,057,99092,43,41,1,42,1
2020-05-25,Orange,059,3164182,8081,5601,59,5660,115
2020-05-25,Placer,061,380077,226,186,0,186,9
2020-05-25,Plumas,063,18699,4,4,0,4,0
2020-05-25,Riverside,065,2383286,8064,6900,19,6919,284
2020-05-25,Sacramento,067,1510023,1402,1290,1,1291,50
2020-05-25,San Benito,069,59416,87,70,0,70,2
2020-05-25,San Bernardino,071,2135413,5526,4393,4,4397,175
2020-05-25,San Diego,073,3302833,7796,6799,0,6799,249
2020-05-25,San Francisco,075,870044,2535,2358,0,2358,40
2020-05-25,San Joaquin,077,732212,965,760,4,764,33
2020-05-25,San Luis Obispo,079,281455,337,260,4,264,1
2020-05-25,San Mateo,081,765935,2225,1938,2,1940,71
2020-05-25,Santa Barbara,083,443738,1894,1590,11,1601,9
2020-05-25,Santa Clara,085,1922200,3298,2647,12,2659,139
2020-05-25,Santa Cruz,087,273765,217,191,0,191,2
2020-05-25,Shasta,089,179085,54,36,0,36,4
2020-05-25,Sierra,091,2930,1,1,0,1,0
2020-05-25,Siskiyou,093,43540,8,6,0,6,0
2020-05-25,Solano,095,438530,549,437,1,438,5
2020-05-25,Sonoma,097,501317,563,496,0,496,4
2020-05-25,Stanislaus,099,539301,747,651,5,656,27
2020-05-25,Sutter,101,95872,45,38,0,38,2
2020-05-25,Tehama,103,63373,7,2,1,3,1
2020-05-25,Trinity,105,12862,6,1,2,3,0
2020-05-25,Tulare,107,460477,2347,1747,10,1757,76
2020-05-25,Tuolumne,109,53932,4,2,0,2,0
2020-05-25,Ventura,111,848112,1468,1020,8,1028,27
2020-05-25,Yolo,113,214977,215,197,0,197,22
2020-05-25,Yuba,115,75493,26,24,0,24,1
2020-05-24,Alameda,001,1643700,3366,2830,5,2835,92
2020-05-24,Alpine,003,1148,1,1,0,1,0
2020-05-24,Amador,005,37829,9,9,0,9,0
2020-05-24,Butte,007,227075,61,35,1,36,0
2020-05-24,Calaveras,009,45235,12,13,0,13,0
2020-05-24,Colusa,011,21464,7,4,0,4,0
2020-05-24,Contra Costa,013,1133247,1501,1325,1,1326,37
2020-05-24,Del Norte,015,27424,43,16,0,16,0
2020-05-24,El Dorado,017,186661,99,76,0,76,0
2020-05-24,Fresno,019,978130,2834,1455,39,1494,22
2020-05-24,Glenn,021,27897,15,12,0,12,0
2020-05-24,Humboldt,023,135768,106,81,0,81,2
2020-05-24,Imperial,025,180216,2674,1369,4,1373,14
2020-05-24,Inyo,027,18085,19,20,0,20,1
2020-05-24,Kern,029,883053,2429,1861,5,1866,31
2020-05-24,Kings,031,150075,765,446,3,449,2
2020-05-24,Lake,033,64148,24,12,0,12,0
2020-05-24,Lassen,035,31185,6,0,2,2,0
2020-05-24,Los Angeles,037,10098052,53627,44954,20,44974,2085
2020-05-24,Madera,039,155013,188,83,1,84,2
2020-05-24,Marin,041,260295,435,401,2,403,14
2020-05-24,Mariposa,043,17540,16,15,0,15,1
2020-05-24,Mendocino,045,87422,22,19,0,19,0
2020-05-24,Merced,047,269075,355,258,0,258,6
2020-05-24,Modoc,049,8938,0,0,0,0,0
2020-05-24,Mono,051,14174,37,34,0,34,1
2020-05-24,Monterey,053,433212,516,405,1,406,8
2020-05-24,Napa,055,140530,129,104,0,104,3
2020-05-24,Nevada,057,99092,43,41,1,42,1
2020-05-24,Orange,059,3164182,7927,5439,58,5497,113
2020-05-24,Placer,061,380077,218,184,0,184,9
2020-05-24,Plumas,063,18699,4,4,0,4,0
2020-05-24,Riverside,065,2383286,7923,6571,19,6590,284
2020-05-24,Sacramento,067,1510023,1386,1283,1,1284,50
2020-05-24,San Benito,069,59416,86,67,0,67,2
2020-05-24,San Bernardino,071,2135413,5418,4262,4,4266,175
2020-05-24,San Diego,073,3302833,7653,6703,0,6703,249
2020-05-24,San Francisco,075,870044,2511,2318,0,2318,40
2020-05-24,San Joaquin,077,732212,946,760,4,764,33
2020-05-24,San Luis Obispo,079,281455,335,257,4,261,1
2020-05-24,San Mateo,081,765935,2190,1925,2,1927,71
2020-05-24,Santa Barbara,083,443738,1881,1573,11,1584,9
2020-05-24,Santa Clara,085,1922200,3278,2623,12,2635,139
2020-05-24,Santa Cruz,087,273765,214,185,0,185,2
2020-05-24,Shasta,089,179085,53,36,0,36,4
2020-05-24,Sierra,091,2930,1,1,0,1,0
2020-05-24,Siskiyou,093,43540,7,6,0,6,0
2020-05-24,Solano,095,438530,541,436,0,436,5
2020-05-24,Sonoma,097,501317,552,485,0,485,4
2020-05-24,Stanislaus,099,539301,727,634,5,639,27
2020-05-24,Sutter,101,95872,45,38,0,38,2
2020-05-24,Tehama,103,63373,5,2,1,3,1
2020-05-24,Trinity,105,12862,6,1,2,3,0
2020-05-24,Tulare,107,460477,2301,1684,10,1694,74
2020-05-24,Tuolumne,109,53932,4,2,0,2,0
2020-05-24,Ventura,111,848112,1456,982,8,990,27
2020-05-24,Yolo,113,214977,213,192,0,192,22
2020-05-24,Yuba,115,75493,26,24,0,24,1
2020-05-23,Alameda,001,1643700,3325,2783,5,2788,91
2020-05-23,Alpine,003,1148,1,1,0,1,0
2020-05-23,Amador,005,37829,9,9,0,9,0
2020-05-23,Butte,007,227075,60,34,1,35,0
2020-05-23,Calaveras,009,45235,12,13,0,13,0
2020-05-23,Colusa,011,21464,7,4,0,4,0
2020-05-23,Contra Costa,013,1133247,1490,1302,1,1303,36
2020-05-23,Del Norte,015,27424,43,10,0,10,0
2020-05-23,El Dorado,017,186661,99,74,0,74,0
2020-05-23,Fresno,019,978130,2814,1447,39,1486,21
2020-05-23,Glenn,021,27897,15,12,0,12,0
2020-05-23,Humboldt,023,135768,104,80,0,80,2
2020-05-23,Imperial,025,180216,2586,1283,4,1287,14
2020-05-23,Inyo,027,18085,19,20,0,20,1
2020-05-23,Kern,029,883053,2386,1806,5,1811,31
2020-05-23,Kings,031,150075,761,444,3,447,2
2020-05-23,Lake,033,64148,23,10,0,10,0
2020-05-23,Lassen,035,31185,6,0,2,2,0
2020-05-23,Los Angeles,037,10098052,53086,44029,20,44049,2069
2020-05-23,Madera,039,155013,184,83,1,84,2
2020-05-23,Marin,041,260295,435,393,1,394,14
2020-05-23,Mariposa,043,17540,16,15,0,15,1
2020-05-23,Mendocino,045,87422,22,13,0,13,0
2020-05-23,Merced,047,269075,352,247,0,247,6
2020-05-23,Modoc,049,8938,0,0,0,0,0
2020-05-23,Mono,051,14174,36,34,0,34,1
2020-05-23,Monterey,053,433212,502,397,1,398,8
2020-05-23,Napa,055,140530,125,101,0,101,3
2020-05-23,Nevada,057,99092,43,41,1,42,1
2020-05-23,Orange,059,3164182,7768,5313,57,5370,113
2020-05-23,Placer,061,380077,212,184,0,184,9
2020-05-23,Plumas,063,18699,4,4,0,4,0
2020-05-23,Riverside,065,2383286,7832,6460,19,6479,284
2020-05-23,Sacramento,067,1510023,1370,1275,1,1276,50
2020-05-23,San Benito,069,59416,81,67,0,67,2
2020-05-23,San Bernardino,071,2135413,5324,4172,4,4176,175
2020-05-23,San Diego,073,3302833,7562,6561,0,6561,249
2020-05-23,San Francisco,075,870044,2492,2312,0,2312,40
2020-05-23,San Joaquin,077,732212,931,759,4,763,33
2020-05-23,San Luis Obispo,079,281455,332,256,4,260,1
2020-05-23,San Mateo,081,765935,2162,1862,2,1864,71
2020-05-23,Santa Barbara,083,443738,1872,1566,11,1577,9
2020-05-23,Santa Clara,085,1922200,3264,2593,11,2604,139
2020-05-23,Santa Cruz,087,273765,212,177,0,177,2
2020-05-23,Shasta,089,179085,53,35,0,35,4
2020-05-23,Sierra,091,2930,1,1,0,1,0
2020-05-23,Siskiyou,093,43540,7,6,0,6,0
2020-05-23,Solano,095,438530,536,435,0,435,5
2020-05-23,Sonoma,097,501317,538,462,0,462,4
2020-05-23,Stanislaus,099,539301,719,625,5,630,27
2020-05-23,Sutter,101,95872,44,38,0,38,2
2020-05-23,Tehama,103,63373,5,2,1,3,1
2020-05-23,Trinity,105,12862,6,1,2,3,0
2020-05-23,Tulare,107,460477,2280,1682,10,1692,73
2020-05-23,Tuolumne,109,53932,4,2,0,2,0
2020-05-23,Ventura,111,848112,1436,961,8,969,27
2020-05-23,Yolo,113,214977,212,188,0,188,22
2020-05-23,Yuba,115,75493,26,24,0,24,1
2020-05-22,Alameda,001,1643700,3271,2722,5,2727,91
2020-05-22,Alpine,003,1148,1,1,0,1,0
2020-05-22,Amador,005,37829,9,9,0,9,0
2020-05-22,Butte,007,227075,58,34,1,35,0
2020-05-22,Calaveras,009,45235,12,13,0,13,0
2020-05-22,Colusa,011,21464,7,4,0,4,0
2020-05-22,Contra Costa,013,1133247,1478,1272,1,1273,36
2020-05-22,Del Norte,015,27424,41,9,0,9,0
2020-05-22,El Dorado,017,186661,96,74,0,74,0
2020-05-22,Fresno,019,978130,2755,1399,38,1437,20
2020-05-22,Glenn,021,27897,15,12,0,12,0
2020-05-22,Humboldt,023,135768,104,80,0,80,2
2020-05-22,Imperial,025,180216,2485,1214,4,1218,14
2020-05-22,Inyo,027,18085,19,20,0,20,1
2020-05-22,Kern,029,883053,2337,1749,5,1754,28
2020-05-22,Kings,031,150075,758,428,3,431,2
2020-05-22,Lake,033,64148,22,10,0,10,0
2020-05-22,Lassen,035,31185,4,0,2,2,0
2020-05-22,Los Angeles,037,10098052,52294,43025,20,43045,2027
2020-05-22,Madera,039,155013,180,82,1,83,2
2020-05-22,Marin,041,260295,431,372,1,373,14
2020-05-22,Mariposa,043,17540,16,15,0,15,1
2020-05-22,Mendocino,045,87422,21,13,0,13,0
2020-05-22,Merced,047,269075,352,233,0,233,6
2020-05-22,Modoc,049,8938,0,0,0,0,0
2020-05-22,Mono,051,14174,36,34,0,34,1
2020-05-22,Monterey,053,433212,491,372,1,373,8
2020-05-22,Napa,055,140530,123,97,0,97,3
2020-05-22,Nevada,057,99092,42,41,1,42,1
2020-05-22,Orange,059,3164182,7571,5144,55,5199,113
2020-05-22,Placer,061,380077,212,181,0,181,9
2020-05-22,Plumas,063,18699,4,4,0,4,0
2020-05-22,Riverside,065,2383286,7717,6351,19,6370,283
2020-05-22,Sacramento,067,1510023,1354,1262,1,1263,50
2020-05-22,San Benito,069,59416,80,64,0,64,2
2020-05-22,San Bernardino,071,2135413,5249,4107,4,4111,173
2020-05-22,San Diego,073,3302833,7476,6436,0,6436,242
2020-05-22,San Francisco,075,870044,2474,2251,0,2251,40
2020-05-22,San Joaquin,077,732212,918,747,4,751,33
2020-05-22,San Luis Obispo,079,281455,332,254,4,258,1
2020-05-22,San Mateo,081,765935,2143,1847,2,1849,71
2020-05-22,Santa Barbara,083,443738,1862,1554,11,1565,9
2020-05-22,Santa Clara,085,1922200,3243,2537,11,2548,139
2020-05-22,Santa Cruz,087,273765,209,171,0,171,2
2020-05-22,Shasta,089,179085,53,34,0,34,4
2020-05-22,Sierra,091,2930,1,0,0,0,0
2020-05-22,Siskiyou,093,43540,7,6,0,6,0
2020-05-22,Solano,095,438530,533,431,0,431,4
2020-05-22,Sonoma,097,501317,534,444,0,444,4
2020-05-22,Stanislaus,099,539301,709,616,5,621,27
2020-05-22,Sutter,101,95872,44,38,0,38,2
2020-05-22,Tehama,103,63373,5,2,0,2,1
2020-05-22,Trinity,105,12862,6,1,2,3,0
2020-05-22,Tulare,107,460477,2250,1662,10,1672,73
2020-05-22,Tuolumne,109,53932,4,2,0,2,0
2020-05-22,Ventura,111,848112,1418,937,8,945,27
2020-05-22,Yolo,113,214977,210,187,0,187,22
2020-05-22,Yuba,115,75493,26,24,0,24,1
2020-05-21,Alameda,001,1643700,3206,2606,5,2611,89
2020-05-21,Alpine,003,1148,1,1,0,1,0
2020-05-21,Amador,005,37829,9,9,0,9,0
2020-05-21,Butte,007,227075,57,31,1,32,0
2020-05-21,Calaveras,009,45235,11,13,0,13,0
2020-05-21,Colusa,011,21464,7,4,0,4,0
2020-05-21,Contra Costa,013,1133247,1442,1243,1,1244,36
2020-05-21,Del Norte,015,27424,38,9,0,9,0
2020-05-21,El Dorado,017,186661,94,67,0,67,0
2020-05-21,Fresno,019,978130,2662,1362,38,1400,20
2020-05-21,Glenn,021,27897,14,12,0,12,0
2020-05-21,Humboldt,023,135768,103,79,0,79,0
2020-05-21,Imperial,025,180216,2327,1096,4,1100,14
2020-05-21,Inyo,027,18085,19,20,0,20,1
2020-05-21,Kern,029,883053,2261,1684,4,1688,27
2020-05-21,Kings,031,150075,737,417,2,419,2
2020-05-21,Lake,033,64148,17,10,0,10,0
2020-05-21,Lassen,035,31185,4,0,2,2,0
2020-05-21,Los Angeles,037,10098052,51260,42063,20,42083,1996
2020-05-21,Madera,039,155013,177,82,1,83,2
2020-05-21,Marin,041,260295,420,359,1,360,14
2020-05-21,Mariposa,043,17540,16,15,0,15,1
2020-05-21,Mendocino,045,87422,21,12,0,12,0
2020-05-21,Merced,047,269075,341,226,0,226,6
2020-05-21,Modoc,049,8938,0,0,0,0,0
2020-05-21,Mono,051,14174,36,33,0,33,1
2020-05-21,Monterey,053,433212,480,363,1,364,8
2020-05-21,Napa,055,140530,121,96,0,96,3
2020-05-21,Nevada,057,99092,42,41,1,42,1
2020-05-21,Orange,059,3164182,7368,4975,54,5029,106
2020-05-21,Placer,061,380077,205,176,0,176,8
2020-05-21,Plumas,063,18699,4,4,0,4,0
2020-05-21,Riverside,065,2383286,7530,6245,19,6264,279
2020-05-21,Sacramento,067,1510023,1341,1258,1,1259,56
2020-05-21,San Benito,069,59416,77,61,0,61,2
2020-05-21,San Bernardino,071,2135413,5102,3950,4,3954,167
2020-05-21,San Diego,073,3302833,7340,6317,0,6317,241
2020-05-21,San Francisco,075,870044,2450,2248,0,2248,37
2020-05-21,San Joaquin,077,732212,882,730,4,734,33
2020-05-21,San Luis Obispo,079,281455,332,251,3,254,1
2020-05-21,San Mateo,081,765935,2106,1791,2,1793,74
2020-05-21,Santa Barbara,083,443738,1844,1541,11,1552,10
2020-05-21,Santa Clara,085,1922200,3221,2520,11,2531,138
2020-05-21,Santa Cruz,087,273765,201,164,0,164,3
2020-05-21,Shasta,089,179085,51,34,0,34,4
2020-05-21,Sierra,091,2930,1,0,0,0,0
2020-05-21,Siskiyou,093,43540,7,6,0,6,0
2020-05-21,Solano,095,438530,524,424,0,424,4
2020-05-21,Sonoma,097,501317,516,427,0,427,4
2020-05-21,Stanislaus,099,539301,698,602,5,607,27
2020-05-21,Sutter,101,95872,43,38,0,38,2
2020-05-21,Tehama,103,63373,4,2,0,2,1
2020-05-21,Trinity,105,12862,5,1,2,3,0
2020-05-21,Tulare,107,460477,2200,1606,8,1614,73
2020-05-21,Tuolumne,109,53932,2,2,0,2,0
2020-05-21,Ventura,111,848112,1369,907,8,915,30
2020-05-21,Yolo,113,214977,207,185,0,185,22
2020-05-21,Yuba,115,75493,26,24,0,24,1
2020-05-20,Alameda,001,1643700,3132,2554,5,2559,89
2020-05-20,Alpine,003,1148,1,1,0,1,0
2020-05-20,Amador,005,37829,9,9,0,9,0
2020-05-20,Butte,007,227075,54,30,1,31,0
2020-05-20,Calaveras,009,45235,11,13,0,13,0
2020-05-20,Colusa,011,21464,7,3,0,3,0
2020-05-20,Contra Costa,013,1133247,1412,1223,1,1224,33
2020-05-20,Del Norte,015,27424,31,9,0,9,0
2020-05-20,El Dorado,017,186661,93,67,0,67,0
2020-05-20,Fresno,019,978130,2589,1329,37,1366,17
2020-05-20,Glenn,021,27897,13,12,0,12,0
2020-05-20,Humboldt,023,135768,100,73,0,73,0
2020-05-20,Imperial,025,180216,2214,1047,4,1051,14
2020-05-20,Inyo,027,18085,19,20,0,20,1
2020-05-20,Kern,029,883053,2198,1639,3,1642,27
2020-05-20,Kings,031,150075,593,403,2,405,2
2020-05-20,Lake,033,64148,17,9,0,9,0
2020-05-20,Lassen,035,31185,3,0,2,2,0
2020-05-20,Los Angeles,037,10098052,50266,40932,20,40952,1955
2020-05-20,Madera,039,155013,175,82,1,83,2
2020-05-20,Marin,041,260295,393,348,1,349,14
2020-05-20,Mariposa,043,17540,16,15,0,15,1
2020-05-20,Mendocino,045,87422,21,12,0,12,0
2020-05-20,Merced,047,269075,334,225,0,225,6
2020-05-20,Modoc,049,8938,0,0,0,0,0
2020-05-20,Mono,051,14174,36,33,0,33,1
2020-05-20,Monterey,053,433212,466,356,1,357,8
2020-05-20,Napa,055,140530,114,93,0,93,3
2020-05-20,Nevada,057,99092,42,41,1,42,1
2020-05-20,Orange,059,3164182,7160,4866,52,4918,96
2020-05-20,Placer,061,380077,203,176,0,176,8
2020-05-20,Plumas,063,18699,4,4,0,4,0
2020-05-20,Riverside,065,2383286,7387,6090,19,6109,265
2020-05-20,Sacramento,067,1510023,1331,1244,1,1245,56
2020-05-20,San Benito,069,59416,76,61,0,61,2
2020-05-20,San Bernardino,071,2135413,4975,3771,4,3775,161
2020-05-20,San Diego,073,3302833,7223,6142,0,6142,230
2020-05-20,San Francisco,075,870044,2427,2199,0,2199,37
2020-05-20,San Joaquin,077,732212,845,713,4,717,33
2020-05-20,San Luis Obispo,079,281455,326,249,3,252,1
2020-05-20,San Mateo,081,765935,2053,1739,2,1741,74
2020-05-20,Santa Barbara,083,443738,1822,1524,11,1535,10
2020-05-20,Santa Clara,085,1922200,3200,2508,10,2518,138
2020-05-20,Santa Cruz,087,273765,198,163,0,163,3
2020-05-20,Shasta,089,179085,51,34,0,34,4
2020-05-20,Sierra,091,2930,1,0,0,0,0
2020-05-20,Siskiyou,093,43540,7,6,0,6,0
2020-05-20,Solano,095,438530,519,418,0,418,4
2020-05-20,Sonoma,097,501317,507,411,0,411,4
2020-05-20,Stanislaus,099,539301,682,584,4,588,25
2020-05-20,Sutter,101,95872,43,38,0,38,2
2020-05-20,Tehama,103,63373,4,2,0,2,1
2020-05-20,Trinity,105,12862,4,1,1,2,0
2020-05-20,Tulare,107,460477,2159,1585,8,1593,71
2020-05-20,Tuolumne,109,53932,2,2,0,2,0
2020-05-20,Ventura,111,848112,1333,879,8,887,29
2020-05-20,Yolo,113,214977,204,184,0,184,22
2020-05-20,Yuba,115,75493,26,23,0,23,1
2020-05-19,Alameda,001,1643700,3055,2493,3,2496,88
2020-05-19,Alpine,003,1148,1,1,0,1,0
2020-05-19,Amador,005,37829,9,9,0,9,0
2020-05-19,Butte,007,227075,52,25,1,26,0
2020-05-19,Calaveras,009,45235,11,13,0,13,0
2020-05-19,Colusa,011,21464,5,3,0,3,0
2020-05-19,Contra Costa,013,1133247,1389,1205,1,1206,33
2020-05-19,Del Norte,015,27424,28,8,0,8,0
2020-05-19,El Dorado,017,186661,90,67,0,67,0
2020-05-19,Fresno,019,978130,2475,1288,36,1324,15
2020-05-19,Glenn,021,27897,13,12,0,12,0
2020-05-19,Humboldt,023,135768,100,72,0,72,0
2020-05-19,Imperial,025,180216,2052,1012,4,1016,14
2020-05-19,Inyo,027,18085,19,20,0,20,1
2020-05-19,Kern,029,883053,2100,1601,3,1604,26
2020-05-19,Kings,031,150075,582,393,2,395,2
2020-05-19,Lake,033,64148,14,11,0,11,0
2020-05-19,Lassen,035,31185,3,0,2,2,0
2020-05-19,Los Angeles,037,10098052,49060,39670,20,39690,1906
2020-05-19,Madera,039,155013,171,80,1,81,2
2020-05-19,Marin,041,260295,369,340,1,341,14
2020-05-19,Mariposa,043,17540,16,15,0,15,1
2020-05-19,Mendocino,045,87422,21,12,0,12,0
2020-05-19,Merced,047,269075,326,222,0,222,5
2020-05-19,Modoc,049,8938,0,0,0,0,0
2020-05-19,Mono,051,14174,36,33,0,33,1
2020-05-19,Monterey,053,433212,454,350,1,351,8
2020-05-19,Napa,055,140530,113,93,0,93,3
2020-05-19,Nevada,057,99092,42,41,1,42,1
2020-05-19,Orange,059,3164182,6966,4746,50,4796,90
2020-05-19,Placer,061,380077,201,177,0,177,8
2020-05-19,Plumas,063,18699,4,5,0,5,0
2020-05-19,Riverside,065,2383286,7227,5963,18,5981,265
2020-05-19,Sacramento,067,1510023,1317,1239,1,1240,57
2020-05-19,San Benito,069,59416,74,59,0,59,2
2020-05-19,San Bernardino,071,2135413,4825,3656,4,3660,158
2020-05-19,San Diego,073,3302833,7079,6028,0,6028,222
2020-05-19,San Francisco,075,870044,2393,2186,0,2186,37
2020-05-19,San Joaquin,077,732212,823,705,4,709,33
2020-05-19,San Luis Obispo,079,281455,325,245,3,248,1
2020-05-19,San Mateo,081,765935,2012,1704,2,1706,71
2020-05-19,Santa Barbara,083,443738,1806,1521,11,1532,10
2020-05-19,Santa Clara,085,1922200,3150,2480,10,2490,138
2020-05-19,Santa Cruz,087,273765,187,161,0,161,3
2020-05-19,Shasta,089,179085,51,34,0,34,4
2020-05-19,Sierra,091,2930,0,0,0,0,0
2020-05-19,Siskiyou,093,43540,7,6,0,6,0
2020-05-19,Solano,095,438530,505,415,0,415,4
2020-05-19,Sonoma,097,501317,496,389,0,389,4
2020-05-19,Stanislaus,099,539301,668,582,4,586,25
2020-05-19,Sutter,101,95872,43,38,0,38,2
2020-05-19,Tehama,103,63373,4,2,0,2,1
2020-05-19,Trinity,105,12862,3,1,0,1,0
2020-05-19,Tulare,107,460477,2111,1551,8,1559,68
2020-05-19,Tuolumne,109,53932,2,2,0,2,0
2020-05-19,Ventura,111,848112,1292,861,7,868,28
2020-05-19,Yolo,113,214977,202,183,0,183,22
2020-05-19,Yuba,115,75493,26,23,0,23,1
2020-05-18,Alameda,001,1643700,2982,2442,3,2445,84
2020-05-18,Alpine,003,1148,1,1,0,1,0
2020-05-18,Amador,005,37829,9,8,0,8,0
2020-05-18,Butte,007,227075,50,24,1,25,0
2020-05-18,Calaveras,009,45235,11,13,0,13,0
2020-05-18,Colusa,011,21464,5,3,0,3,0
2020-05-18,Contra Costa,013,1133247,1358,1173,1,1174,33
2020-05-18,Del Norte,015,27424,23,8,0,8,0
2020-05-18,El Dorado,017,186661,88,67,0,67,0
2020-05-18,Fresno,019,978130,2396,1244,35,1279,14
2020-05-18,Glenn,021,27897,13,11,0,11,0
2020-05-18,Humboldt,023,135768,100,70,0,70,0
2020-05-18,Imperial,025,180216,1899,767,4,771,14
2020-05-18,Inyo,027,18085,19,20,0,20,1
2020-05-18,Kern,029,883053,2051,1566,3,1569,26
2020-05-18,Kings,031,150075,551,381,2,383,2
2020-05-18,Lake,033,64148,13,9,0,9,0
2020-05-18,Lassen,035,31185,3,0,2,2,0
2020-05-18,Los Angeles,037,10098052,48039,38477,20,38497,1825
2020-05-18,Madera,039,155013,165,74,1,75,2
2020-05-18,Marin,041,260295,356,329,1,330,14
2020-05-18,Mariposa,043,17540,16,15,0,15,1
2020-05-18,Mendocino,045,87422,16,12,0,12,0
2020-05-18,Merced,047,269075,316,217,0,217,5
2020-05-18,Modoc,049,8938,0,0,0,0,0
2020-05-18,Mono,051,14174,36,33,0,33,1
2020-05-18,Monterey,053,433212,443,345,1,346,8
2020-05-18,Napa,055,140530,109,92,0,92,3
2020-05-18,Nevada,057,99092,42,41,1,42,1
2020-05-18,Orange,059,3164182,6777,4558,48,4606,88
2020-05-18,Placer,061,380077,199,176,0,176,8
2020-05-18,Plumas,063,18699,4,5,0,5,0
2020-05-18,Riverside,065,2383286,7027,5873,18,5891,253
2020-05-18,Sacramento,067,1510023,1311,1233,0,1233,57
2020-05-18,San Benito,069,59416,72,59,0,59,2
2020-05-18,San Bernardino,071,2135413,4678,3558,4,3562,156
2020-05-18,San Diego,073,3302833,6946,5948,0,5948,211
2020-05-18,San Francisco,075,870044,2370,2183,0,2183,36
2020-05-18,San Joaquin,077,732212,811,697,4,701,33
2020-05-18,San Luis Obispo,079,281455,321,243,3,246,1
2020-05-18,San Mateo,081,765935,1974,1701,2,1703,68
2020-05-18,Santa Barbara,083,443738,1794,1501,11,1512,10
2020-05-18,Santa Clara,085,1922200,3117,2468,10,2478,137
2020-05-18,Santa Cruz,087,273765,185,160,0,160,3
2020-05-18,Shasta,089,179085,50,34,0,34,4
2020-05-18,Sierra,091,2930,0,0,0,0,0
2020-05-18,Siskiyou,093,43540,7,6,0,6,0
2020-05-18,Solano,095,438530,495,398,0,398,4
2020-05-18,Sonoma,097,501317,478,387,0,387,4
2020-05-18,Stanislaus,099,539301,656,572,4,576,25
2020-05-18,Sutter,101,95872,43,38,0,38,2
2020-05-18,Tehama,103,63373,4,2,0,2,1
2020-05-18,Trinity,105,12862,3,1,0,1,0
2020-05-18,Tulare,107,460477,2067,1491,8,1499,63
2020-05-18,Tuolumne,109,53932,2,2,0,2,0
2020-05-18,Ventura,111,848112,1269,850,6,856,27
2020-05-18,Yolo,113,214977,197,183,0,183,22
2020-05-18,Yuba,115,75493,26,23,0,23,1
2020-05-17,Alameda,001,1643700,2887,2389,3,2392,83
2020-05-17,Alpine,003,1148,1,1,0,1,0
2020-05-17,Amador,005,37829,9,8,0,8,0
2020-05-17,Butte,007,227075,49,23,1,24,0
2020-05-17,Calaveras,009,45235,11,13,0,13,0
2020-05-17,Colusa,011,21464,3,3,0,3,0
2020-05-17,Contra Costa,013,1133247,1319,1155,1,1156,33
2020-05-17,Del Norte,015,27424,23,7,0,7,0
2020-05-17,El Dorado,017,186661,88,65,0,65,0
2020-05-17,Fresno,019,978130,2291,1213,32,1245,14
2020-05-17,Glenn,021,27897,13,9,0,9,0
2020-05-17,Humboldt,023,135768,93,70,0,70,0
2020-05-17,Imperial,025,180216,1751,715,4,719,14
2020-05-17,Inyo,027,18085,19,20,0,20,1
2020-05-17,Kern,029,883053,1973,1546,3,1549,26
2020-05-17,Kings,031,150075,504,356,2,358,2
2020-05-17,Lake,033,64148,13,7,0,7,0
2020-05-17,Lassen,035,31185,3,0,2,2,0
2020-05-17,Los Angeles,037,10098052,46801,37996,20,38016,1807
2020-05-17,Madera,039,155013,163,69,1,70,2
2020-05-17,Marin,041,260295,345,315,1,316,14
2020-05-17,Mariposa,043,17540,15,15,0,15,1
2020-05-17,Mendocino,045,87422,15,10,0,10,0
2020-05-17,Merced,047,269075,305,214,0,214,5
2020-05-17,Modoc,049,8938,0,0,0,0,0
2020-05-17,Mono,051,14174,36,32,0,32,1
2020-05-17,Monterey,053,433212,423,342,1,343,8
2020-05-17,Napa,055,140530,105,89,0,89,3
2020-05-17,Nevada,057,99092,42,41,1,42,1
2020-05-17,Orange,059,3164182,6598,4466,47,4513,88
2020-05-17,Placer,061,380077,194,175,0,175,8
2020-05-17,Plumas,063,18699,4,4,0,4,0
2020-05-17,Riverside,065,2383286,6854,5776,18,5794,245
2020-05-17,Sacramento,067,1510023,1300,1224,0,1224,56
2020-05-17,San Benito,069,59416,71,59,0,59,2
2020-05-17,San Bernardino,071,2135413,4528,3467,4,3471,155
2020-05-17,San Diego,073,3302833,6814,5838,0,5838,209
2020-05-17,San Francisco,075,870044,2343,2132,0,2132,36
2020-05-17,San Joaquin,077,732212,781,688,4,692,32
2020-05-17,San Luis Obispo,079,281455,319,242,3,245,1
2020-05-17,San Mateo,081,765935,1937,1680,2,1682,68
2020-05-17,Santa Barbara,083,443738,1771,1457,11,1468,10
2020-05-17,Santa Clara,085,1922200,3079,2453,10,2463,135
2020-05-17,Santa Cruz,087,273765,174,155,0,155,3
2020-05-17,Shasta,089,179085,49,34,0,34,4
2020-05-17,Sierra,091,2930,0,0,0,0,0
2020-05-17,Siskiyou,093,43540,7,6,0,6,0
2020-05-17,Solano,095,438530,483,392,0,392,4
2020-05-17,Sonoma,097,501317,457,376,0,376,4
2020-05-17,Stanislaus,099,539301,645,566,4,570,25
2020-05-17,Sutter,101,95872,42,38,0,38,2
2020-05-17,Tehama,103,63373,3,2,0,2,1
2020-05-17,Trinity,105,12862,2,1,0,1,0
2020-05-17,Tulare,107,460477,1991,1430,7,1437,63
2020-05-17,Tuolumne,109,53932,2,2,0,2,0
2020-05-17,Ventura,111,848112,1224,838,6,844,27
2020-05-17,Yolo,113,214977,195,182,0,182,22
2020-05-17,Yuba,115,75493,26,21,0,21,1
2020-05-16,Alameda,001,1643700,2837,2327,3,2330,83
2020-05-16,Alpine,003,1148,1,1,0,1,0
2020-05-16,Amador,005,37829,9,8,0,8,0
2020-05-16,Butte,007,227075,44,22,1,23,0
2020-05-16,Calaveras,009,45235,11,13,0,13,0
2020-05-16,Colusa,011,21464,3,3,0,3,0
2020-05-16,Contra Costa,013,1133247,1301,1136,1,1137,33
2020-05-16,Del Norte,015,27424,19,4,0,4,0
2020-05-16,El Dorado,017,186661,88,65,0,65,0
2020-05-16,Fresno,019,978130,2235,1177,32,1209,14
2020-05-16,Glenn,021,27897,13,9,0,9,0
2020-05-16,Humboldt,023,135768,91,69,0,69,0
2020-05-16,Imperial,025,180216,1687,712,4,716,14
2020-05-16,Inyo,027,18085,19,20,0,20,1
2020-05-16,Kern,029,883053,1937,1509,3,1512,26
2020-05-16,Kings,031,150075,494,356,2,358,2
2020-05-16,Lake,033,64148,13,7,0,7,0
2020-05-16,Lassen,035,31185,2,0,2,2,0
2020-05-16,Los Angeles,037,10098052,46224,37352,20,37372,1778
2020-05-16,Madera,039,155013,161,70,1,71,2
2020-05-16,Marin,041,260295,341,297,1,298,14
2020-05-16,Mariposa,043,17540,15,15,0,15,1
2020-05-16,Mendocino,045,87422,15,10,0,10,0
2020-05-16,Merced,047,269075,303,201,0,201,5
2020-05-16,Modoc,049,8938,0,0,0,0,0
2020-05-16,Mono,051,14174,36,32,0,32,1
2020-05-16,Monterey,053,433212,408,329,1,330,8
2020-05-16,Napa,055,140530,105,86,0,86,3
2020-05-16,Nevada,057,99092,42,41,1,42,1
2020-05-16,Orange,059,3164182,6522,4396,47,4443,87
2020-05-16,Placer,061,380077,192,174,0,174,8
2020-05-16,Plumas,063,18699,4,4,0,4,0
2020-05-16,Riverside,065,2383286,6769,5633,18,5651,243
2020-05-16,Sacramento,067,1510023,1293,1209,0,1209,55
2020-05-16,San Benito,069,59416,66,58,0,58,2
2020-05-16,San Bernardino,071,2135413,4456,3362,4,3366,155
2020-05-16,San Diego,073,3302833,6728,5664,0,5664,209
2020-05-16,San Francisco,075,870044,2320,2094,0,2094,36
2020-05-16,San Joaquin,077,732212,773,668,4,672,32
2020-05-16,San Luis Obispo,079,281455,318,240,3,243,1
2020-05-16,San Mateo,081,765935,1922,1652,2,1654,68
2020-05-16,Santa Barbara,083,443738,1758,1422,10,1432,10
2020-05-16,Santa Clara,085,1922200,3061,2420,10,2430,135
2020-05-16,Santa Cruz,087,273765,171,154,0,154,3
2020-05-16,Shasta,089,179085,49,33,0,33,4
2020-05-16,Sierra,091,2930,0,0,0,0,0
2020-05-16,Siskiyou,093,43540,7,6,0,6,0
2020-05-16,Solano,095,438530,478,392,0,392,4
2020-05-16,Sonoma,097,501317,444,356,0,356,4
2020-05-16,Stanislaus,099,539301,636,546,4,550,24
2020-05-16,Sutter,101,95872,42,35,0,35,2
2020-05-16,Tehama,103,63373,3,2,0,2,1
2020-05-16,Trinity,105,12862,2,1,0,1,0
2020-05-16,Tulare,107,460477,1973,1426,7,1433,63
2020-05-16,Tuolumne,109,53932,2,2,0,2,0
2020-05-16,Ventura,111,848112,1198,813,6,819,25
2020-05-16,Yolo,113,214977,194,181,0,181,22
2020-05-16,Yuba,115,75493,26,21,0,21,1
2020-05-15,Alameda,001,1643700,2803,2289,3,2292,83
2020-05-15,Alpine,003,1148,1,1,0,1,0
2020-05-15,Amador,005,37829,9,8,0,8,0
2020-05-15,Butte,007,227075,42,22,1,23,0
2020-05-15,Calaveras,009,45235,11,13,0,13,0
2020-05-15,Colusa,011,21464,3,3,0,3,0
2020-05-15,Contra Costa,013,1133247,1283,1106,1,1107,33
2020-05-15,Del Norte,015,27424,14,4,0,4,0
2020-05-15,El Dorado,017,186661,88,64,0,64,0
2020-05-15,Fresno,019,978130,2167,1126,32,1158,14
2020-05-15,Glenn,021,27897,13,9,0,9,0
2020-05-15,Humboldt,023,135768,90,60,0,60,0
2020-05-15,Imperial,025,180216,1603,680,0,680,14
2020-05-15,Inyo,027,18085,19,20,0,20,1
2020-05-15,Kern,029,883053,1881,1472,3,1475,25
2020-05-15,Kings,031,150075,491,347,2,349,2
2020-05-15,Lake,033,64148,13,7,0,7,0
2020-05-15,Lassen,035,31185,2,0,2,2,0
2020-05-15,Los Angeles,037,10098052,45438,36317,20,36337,1734
2020-05-15,Madera,039,155013,160,71,1,72,2
2020-05-15,Marin,041,260295,333,295,1,296,14
2020-05-15,Mariposa,043,17540,15,15,0,15,1
2020-05-15,Mendocino,045,87422,15,10,0,10,0
2020-05-15,Merced,047,269075,300,191,0,191,5
2020-05-15,Modoc,049,8938,0,0,0,0,0
2020-05-15,Mono,051,14174,36,31,0,31,1
2020-05-15,Monterey,053,433212,402,321,1,322,8
2020-05-15,Napa,055,140530,105,83,0,83,3
2020-05-15,Nevada,057,99092,42,41,1,42,1
2020-05-15,Orange,059,3164182,6349,4281,47,4328,87
2020-05-15,Placer,061,380077,190,174,0,174,8
2020-05-15,Plumas,063,18699,4,4,0,4,0
2020-05-15,Riverside,065,2383286,6655,5496,18,5514,233
2020-05-15,Sacramento,067,1510023,1283,1203,0,1203,55
2020-05-15,San Benito,069,59416,63,57,0,57,2
2020-05-15,San Bernardino,071,2135413,4378,3225,4,3229,153
2020-05-15,San Diego,073,3302833,6621,5525,0,5525,208
2020-05-15,San Francisco,075,870044,2304,2062,0,2062,36
2020-05-15,San Joaquin,077,732212,767,656,4,660,32
2020-05-15,San Luis Obispo,079,281455,316,237,3,240,1
2020-05-15,San Mateo,081,765935,1900,1612,2,1614,68
2020-05-15,Santa Barbara,083,443738,1749,1409,9,1418,10
2020-05-15,Santa Clara,085,1922200,3018,2395,9,2404,135
2020-05-15,Santa Cruz,087,273765,170,146,0,146,3
2020-05-15,Shasta,089,179085,48,33,0,33,4
2020-05-15,Sierra,091,2930,0,0,0,0,0
2020-05-15,Siskiyou,093,43540,6,5,0,5,0
2020-05-15,Solano,095,438530,474,388,0,388,4
2020-05-15,Sonoma,097,501317,436,349,0,349,4
2020-05-15,Stanislaus,099,539301,629,540,4,544,23
2020-05-15,Sutter,101,95872,41,35,0,35,2
2020-05-15,Tehama,103,63373,3,1,0,1,1
2020-05-15,Trinity,105,12862,2,1,0,1,0
2020-05-15,Tulare,107,460477,1945,1356,7,1363,61
2020-05-15,Tuolumne,109,53932,2,2,0,2,0
2020-05-15,Ventura,111,848112,1180,789,5,794,25
2020-05-15,Yolo,113,214977,193,182,0,182,22
2020-05-15,Yuba,115,75493,26,21,0,21,1
2020-05-14,Alameda,001,1643700,2710,2255,3,2258,80
2020-05-14,Alpine,003,1148,1,1,0,1,0
2020-05-14,Amador,005,37829,9,8,0,8,0
2020-05-14,Butte,007,227075,40,22,1,23,0
2020-05-14,Calaveras,009,45235,11,13,0,13,0
2020-05-14,Colusa,011,21464,3,3,0,3,0
2020-05-14,Contra Costa,013,1133247,1257,1090,1,1091,32
2020-05-14,Del Norte,015,27424,14,4,0,4,0
2020-05-14,El Dorado,017,186661,79,59,0,59,0
2020-05-14,Fresno,019,978130,2105,1038,28,1066,12
2020-05-14,Glenn,021,27897,12,8,0,8,0
2020-05-14,Humboldt,023,135768,88,59,0,59,0
2020-05-14,Imperial,025,180216,1486,652,0,652,13
2020-05-14,Inyo,027,18085,19,20,0,20,1
2020-05-14,Kern,029,883053,1839,1430,3,1433,21
2020-05-14,Kings,031,150075,475,342,2,344,1
2020-05-14,Lake,033,64148,13,7,0,7,0
2020-05-14,Lassen,035,31185,2,0,2,2,0
2020-05-14,Los Angeles,037,10098052,44263,35427,20,35447,1693
2020-05-14,Madera,039,155013,151,69,1,70,2
2020-05-14,Marin,041,260295,315,283,1,284,14
2020-05-14,Mariposa,043,17540,15,15,0,15,0
2020-05-14,Mendocino,045,87422,14,10,0,10,0
2020-05-14,Merced,047,269075,290,182,0,182,3
2020-05-14,Modoc,049,8938,0,0,0,0,0
2020-05-14,Mono,051,14174,36,31,0,31,1
2020-05-14,Monterey,053,433212,392,317,1,318,7
2020-05-14,Napa,055,140530,103,83,0,83,3
2020-05-14,Nevada,057,99092,41,41,1,42,1
2020-05-14,Orange,059,3164182,6173,4163,45,4208,83
2020-05-14,Placer,061,380077,190,172,0,172,8
2020-05-14,Plumas,063,18699,4,4,0,4,0
2020-05-14,Riverside,065,2383286,6471,5339,18,5357,224
2020-05-14,Sacramento,067,1510023,1271,1181,0,1181,55
2020-05-14,San Benito,069,59416,61,56,0,56,2
2020-05-14,San Bernardino,071,2135413,4200,3149,4,3153,149
2020-05-14,San Diego,073,3302833,6486,5393,0,5393,200
2020-05-14,San Francisco,075,870044,2271,2029,0,2029,36
2020-05-14,San Joaquin,077,732212,752,643,4,647,31
2020-05-14,San Luis Obispo,079,281455,313,236,3,239,1
2020-05-14,San Mateo,081,765935,1868,1588,2,1590,67
2020-05-14,Santa Barbara,083,443738,1735,1395,9,1404,11
2020-05-14,Santa Clara,085,1922200,2995,2380,9,2389,134
2020-05-14,Santa Cruz,087,273765,168,145,0,145,3
2020-05-14,Shasta,089,179085,48,33,0,33,4
2020-05-14,Sierra,091,2930,0,0,0,0,0
2020-05-14,Siskiyou,093,43540,6,5,0,5,0
2020-05-14,Solano,095,438530,465,372,0,372,4
2020-05-14,Sonoma,097,501317,419,333,0,333,4
2020-05-14,Stanislaus,099,539301,610,533,4,537,23
2020-05-14,Sutter,101,95872,41,34,0,34,2
2020-05-14,Tehama,103,63373,3,1,0,1,1
2020-05-14,Trinity,105,12862,2,1,0,1,0
2020-05-14,Tulare,107,460477,1906,1317,7,1324,55
2020-05-14,Tuolumne,109,53932,2,2,0,2,0
2020-05-14,Ventura,111,848112,1149,760,5,765,25
2020-05-14,Yolo,113,214977,193,180,0,180,22
2020-05-14,Yuba,115,75493,26,21,0,21,1
2020-05-13,Alameda,001,1643700,2652,2181,3,2184,78
2020-05-13,Alpine,003,1148,1,1,0,1,0
2020-05-13,Amador,005,37829,9,8,0,8,0
2020-05-13,Butte,007,227075,40,21,1,22,0
2020-05-13,Calaveras,009,45235,11,13,0,13,0
2020-05-13,Colusa,011,21464,3,3,0,3,0
2020-05-13,Contra Costa,013,1133247,1235,1082,1,1083,32
2020-05-13,Del Norte,015,27424,13,4,0,4,0
2020-05-13,El Dorado,017,186661,78,58,0,58,0
2020-05-13,Fresno,019,978130,2012,993,28,1021,10
2020-05-13,Glenn,021,27897,11,6,0,6,0
2020-05-13,Humboldt,023,135768,82,58,0,58,0
2020-05-13,Imperial,025,180216,1416,610,0,610,11
2020-05-13,Inyo,027,18085,19,20,0,20,1
2020-05-13,Kern,029,883053,1793,1390,3,1393,19
2020-05-13,Kings,031,150075,461,314,2,316,1
2020-05-13,Lake,033,64148,13,7,0,7,0
2020-05-13,Lassen,035,31185,2,0,2,2,0
2020-05-13,Los Angeles,037,10098052,42957,34574,20,34594,1643
2020-05-13,Madera,039,155013,142,69,1,70,2
2020-05-13,Marin,041,260295,302,278,1,279,14
2020-05-13,Mariposa,043,17540,15,15,0,15,0
2020-05-13,Mendocino,045,87422,14,10,0,10,0
2020-05-13,Merced,047,269075,287,176,0,176,3
2020-05-13,Modoc,049,8938,0,0,0,0,0
2020-05-13,Mono,051,14174,35,31,0,31,1
2020-05-13,Monterey,053,433212,382,309,1,310,6
2020-05-13,Napa,055,140530,103,81,0,81,3
2020-05-13,Nevada,057,99092,41,41,1,42,1
2020-05-13,Orange,059,3164182,5927,4025,43,4068,79
2020-05-13,Placer,061,380077,189,170,0,170,8
2020-05-13,Plumas,063,18699,4,4,0,4,0
2020-05-13,Riverside,065,2383286,6348,5204,18,5222,216
2020-05-13,Sacramento,067,1510023,1256,1173,0,1173,53
2020-05-13,San Benito,069,59416,61,55,0,55,2
2020-05-13,San Bernardino,071,2135413,3944,3064,3,3067,140
2020-05-13,San Diego,073,3302833,6350,5280,0,5280,194
2020-05-13,San Francisco,075,870044,2243,2004,0,2004,35
2020-05-13,San Joaquin,077,732212,731,639,3,642,31
2020-05-13,San Luis Obispo,079,281455,311,231,3,234,1
2020-05-13,San Mateo,081,765935,1836,1550,2,1552,66
2020-05-13,Santa Barbara,083,443738,1722,1382,9,1391,10
2020-05-13,Santa Clara,085,1922200,2975,2370,9,2379,132
2020-05-13,Santa Cruz,087,273765,164,142,0,142,2
2020-05-13,Shasta,089,179085,48,32,0,32,4
2020-05-13,Sierra,091,2930,0,0,0,0,0
2020-05-13,Siskiyou,093,43540,6,5,0,5,0
2020-05-13,Solano,095,438530,452,368,0,368,4
2020-05-13,Sonoma,097,501317,409,330,0,330,4
2020-05-13,Stanislaus,099,539301,601,521,4,525,15
2020-05-13,Sutter,101,95872,41,33,0,33,2
2020-05-13,Tehama,103,63373,3,1,0,1,1
2020-05-13,Trinity,105,12862,2,2,0,2,0
2020-05-13,Tulare,107,460477,1873,1283,7,1290,54
2020-05-13,Tuolumne,109,53932,2,2,0,2,0
2020-05-13,Ventura,111,848112,1118,742,5,747,25
2020-05-13,Yolo,113,214977,191,178,0,178,22
2020-05-13,Yuba,115,75493,24,19,0,19,1
2020-05-12,Alameda,001,1643700,2587,2146,3,2149,74
2020-05-12,Alpine,003,1148,1,1,0,1,0
2020-05-12,Amador,005,37829,9,8,0,8,0
2020-05-12,Butte,007,227075,38,20,1,21,0
2020-05-12,Calaveras,009,45235,10,13,0,13,0
2020-05-12,Colusa,011,21464,3,3,0,3,0
2020-05-12,Contra Costa,013,1133247,1204,1067,1,1068,32
2020-05-12,Del Norte,015,27424,10,3,0,3,0
2020-05-12,El Dorado,017,186661,75,56,0,56,0
2020-05-12,Fresno,019,978130,1928,978,26,1004,9
2020-05-12,Glenn,021,27897,10,6,0,6,0
2020-05-12,Humboldt,023,135768,79,58,0,58,0
2020-05-12,Imperial,025,180216,1284,602,0,602,9
2020-05-12,Inyo,027,18085,19,20,0,20,1
2020-05-12,Kern,029,883053,1752,1363,3,1366,18
2020-05-12,Kings,031,150075,440,302,2,304,1
2020-05-12,Lake,033,64148,13,7,0,7,0
2020-05-12,Lassen,035,31185,2,0,2,2,0
2020-05-12,Los Angeles,037,10098052,41962,33281,19,33300,1601
2020-05-12,Madera,039,155013,136,69,1,70,2
2020-05-12,Marin,041,260295,297,274,1,275,14
2020-05-12,Mariposa,043,17540,15,15,0,15,0
2020-05-12,Mendocino,045,87422,14,10,0,10,0
2020-05-12,Merced,047,269075,276,175,0,175,3
2020-05-12,Modoc,049,8938,0,0,0,0,0
2020-05-12,Mono,051,14174,35,31,0,31,1
2020-05-12,Monterey,053,433212,375,298,1,299,6
2020-05-12,Napa,055,140530,101,80,0,80,3
2020-05-12,Nevada,057,99092,41,41,1,42,1
2020-05-12,Orange,059,3164182,5744,3843,41,3884,78
2020-05-12,Placer,061,380077,188,170,0,170,8
2020-05-12,Plumas,063,18699,4,4,0,4,0
2020-05-12,Riverside,065,2383286,6226,5134,18,5152,210
2020-05-12,Sacramento,067,1510023,1236,1166,0,1166,52
2020-05-12,San Benito,069,59416,61,55,0,55,2
2020-05-12,San Bernardino,071,2135413,3792,2997,3,3000,131
2020-05-12,San Diego,073,3302833,6206,3,0,3,0
2020-05-12,San Francisco,075,870044,2208,1981,0,1981,35
2020-05-12,San Joaquin,077,732212,716,625,3,628,30
2020-05-12,San Luis Obispo,079,281455,308,226,3,229,1
2020-05-12,San Mateo,081,765935,1810,1533,2,1535,66
2020-05-12,Santa Barbara,083,443738,1688,1377,9,1386,10
2020-05-12,Santa Clara,085,1922200,2945,2362,9,2371,131
2020-05-12,Santa Cruz,087,273765,162,141,0,141,2
2020-05-12,Shasta,089,179085,47,33,0,33,4
2020-05-12,Sierra,091,2930,0,0,0,0,0
2020-05-12,Siskiyou,093,43540,6,5,0,5,0
2020-05-12,Solano,095,438530,444,361,0,361,4
2020-05-12,Sonoma,097,501317,386,308,0,308,4
2020-05-12,Stanislaus,099,539301,594,515,4,519,15
2020-05-12,Sutter,101,95872,41,33,0,33,2
2020-05-12,Tehama,103,63373,3,1,0,1,1
2020-05-12,Trinity,105,12862,2,1,0,1,0
2020-05-12,Tulare,107,460477,1841,1261,7,1268,52
2020-05-12,Tuolumne,109,53932,2,2,0,2,0
2020-05-12,Ventura,111,848112,1062,718,5,723,20
2020-05-12,Yolo,113,214977,190,176,0,176,22
2020-05-12,Yuba,115,75493,24,19,0,19,1
2020-05-11,Alameda,001,1643700,2537,2103,3,2106,71
2020-05-11,Alpine,003,1148,1,1,0,1,0
2020-05-11,Amador,005,37829,9,8,0,8,0
2020-05-11,Butte,007,227075,37,19,1,20,0
2020-05-11,Calaveras,009,45235,10,13,0,13,0
2020-05-11,Colusa,011,21464,3,3,0,3,0
2020-05-11,Contra Costa,013,1133247,1190,1052,1,1053,32
2020-05-11,Del Norte,015,27424,8,3,0,3,0
2020-05-11,El Dorado,017,186661,75,55,0,55,0
2020-05-11,Fresno,019,978130,1837,937,25,962,8
2020-05-11,Glenn,021,27897,10,6,0,6,0
2020-05-11,Humboldt,023,135768,76,56,0,56,0
2020-05-11,Imperial,025,180216,1178,562,0,562,9
2020-05-11,Inyo,027,18085,19,20,0,20,1
2020-05-11,Kern,029,883053,1700,1331,3,1334,17
2020-05-11,Kings,031,150075,417,289,1,290,1
2020-05-11,Lake,033,64148,12,7,0,7,0
2020-05-11,Lassen,035,31185,2,0,2,2,0
2020-05-11,Los Angeles,037,10098052,40783,32279,19,32298,1553
2020-05-11,Madera,039,155013,127,68,1,69,2
2020-05-11,Marin,041,260295,288,271,1,272,14
2020-05-11,Mariposa,043,17540,15,15,0,15,0
2020-05-11,Mendocino,045,87422,14,10,0,10,0
2020-05-11,Merced,047,269075,261,158,0,158,3
2020-05-11,Modoc,049,8938,0,0,0,0,0
2020-05-11,Mono,051,14174,35,30,0,30,1
2020-05-11,Monterey,053,433212,372,286,1,287,6
2020-05-11,Napa,055,140530,95,79,0,79,2
2020-05-11,Nevada,057,99092,41,41,1,42,1
2020-05-11,Orange,059,3164182,5529,3699,34,3733,77
2020-05-11,Placer,061,380077,188,170,0,170,8
2020-05-11,Plumas,063,18699,4,4,0,4,0
2020-05-11,Riverside,065,2383286,6068,5082,17,5099,203
2020-05-11,Sacramento,067,1510023,1221,1160,0,1160,52
2020-05-11,San Benito,069,59416,59,52,0,52,2
2020-05-11,San Bernardino,071,2135413,3682,2945,3,2948,124
2020-05-11,San Diego,073,3302833,6053,5067,0,5067,175
2020-05-11,San Francisco,075,870044,2161,1974,0,1974,35
2020-05-11,San Joaquin,077,732212,706,620,3,623,30
2020-05-11,San Luis Obispo,079,281455,306,224,3,227,1
2020-05-11,San Mateo,081,765935,1784,1499,2,1501,66
2020-05-11,Santa Barbara,083,443738,1667,1372,8,1380,10
2020-05-11,Santa Clara,085,1922200,2928,2340,9,2349,129
2020-05-11,Santa Cruz,087,273765,159,140,0,140,2
2020-05-11,Shasta,089,179085,47,31,0,31,4
2020-05-11,Sierra,091,2930,0,0,0,0,0
2020-05-11,Siskiyou,093,43540,6,5,0,5,0
2020-05-11,Solano,095,438530,439,354,0,354,4
2020-05-11,Sonoma,097,501317,376,303,0,303,3
2020-05-11,Stanislaus,099,539301,584,507,4,511,14
2020-05-11,Sutter,101,95872,40,32,0,32,2
2020-05-11,Tehama,103,63373,3,1,0,1,1
2020-05-11,Trinity,105,12862,2,1,0,1,0
2020-05-11,Tulare,107,460477,1792,1203,7,1210,49
2020-05-11,Tuolumne,109,53932,2,2,0,2,0
2020-05-11,Ventura,111,848112,1001,698,4,702,19
2020-05-11,Yolo,113,214977,190,174,0,174,20
2020-05-11,Yuba,115,75493,24,18,0,18,1
2020-05-10,Alameda,001,1643700,2460,2047,3,2050,71
2020-05-10,Alpine,003,1148,1,1,0,1,0
2020-05-10,Amador,005,37829,9,8,0,8,0
2020-05-10,Butte,007,227075,32,18,1,19,0
2020-05-10,Calaveras,009,45235,10,13,0,13,0
2020-05-10,Colusa,011,21464,3,3,0,3,0
2020-05-10,Contra Costa,013,1133247,1176,1046,0,1046,31
2020-05-10,Del Norte,015,27424,7,3,0,3,0
2020-05-10,El Dorado,017,186661,75,55,0,55,0
2020-05-10,Fresno,019,978130,1750,894,25,919,8
2020-05-10,Glenn,021,27897,10,6,0,6,0
2020-05-10,Humboldt,023,135768,72,56,0,56,0
2020-05-10,Imperial,025,180216,1082,509,0,509,7
2020-05-10,Inyo,027,18085,19,20,0,20,1
2020-05-10,Kern,029,883053,1649,1300,2,1302,16
2020-05-10,Kings,031,150075,404,266,1,267,1
2020-05-10,Lake,033,64148,12,7,0,7,0
2020-05-10,Lassen,035,31185,2,0,2,2,0
2020-05-10,Los Angeles,037,10098052,39523,31711,19,31730,1514
2020-05-10,Madera,039,155013,125,65,1,66,2
2020-05-10,Marin,041,260295,280,267,1,268,14
2020-05-10,Mariposa,043,17540,15,15,0,15,0
2020-05-10,Mendocino,045,87422,13,10,0,10,0
2020-05-10,Merced,047,269075,246,154,0,154,3
2020-05-10,Modoc,049,8938,0,0,0,0,0
2020-05-10,Mono,051,14174,35,27,0,27,1
2020-05-10,Monterey,053,433212,358,282,1,283,6
2020-05-10,Napa,055,140530,89,79,0,79,2
2020-05-10,Nevada,057,99092,41,41,1,42,1
2020-05-10,Orange,059,3164182,5386,3627,34,3661,76
2020-05-10,Placer,061,380077,187,168,0,168,8
2020-05-10,Plumas,063,18699,4,4,0,4,0
2020-05-10,Riverside,065,2383286,5946,4951,17,4968,193
2020-05-10,Sacramento,067,1510023,1205,1152,0,1152,52
2020-05-10,San Benito,069,59416,59,52,0,52,2
2020-05-10,San Bernardino,071,2135413,3584,2910,3,2913,121
2020-05-10,San Diego,073,3302833,5901,4928,0,4928,175
2020-05-10,San Francisco,075,870044,2143,1953,0,1953,35
2020-05-10,San Joaquin,077,732212,691,611,3,614,29
2020-05-10,San Luis Obispo,079,281455,303,218,3,221,1
2020-05-10,San Mateo,081,765935,1762,1463,2,1465,65
2020-05-10,Santa Barbara,083,443738,1654,1323,8,1331,10
2020-05-10,Santa Clara,085,1922200,2901,2331,9,2340,129
2020-05-10,Santa Cruz,087,273765,158,139,0,139,2
2020-05-10,Shasta,089,179085,47,31,0,31,4
2020-05-10,Sierra,091,2930,0,0,0,0,0
2020-05-10,Siskiyou,093,43540,5,5,0,5,0
2020-05-10,Solano,095,438530,429,322,0,322,4
2020-05-10,Sonoma,097,501317,366,290,0,290,3
2020-05-10,Stanislaus,099,539301,577,498,4,502,14
2020-05-10,Sutter,101,95872,37,31,0,31,2
2020-05-10,Tehama,103,63373,3,1,0,1,1
2020-05-10,Trinity,105,12862,2,1,0,1,0
2020-05-10,Tulare,107,460477,1722,1143,7,1150,47
2020-05-10,Tuolumne,109,53932,2,2,0,2,0
2020-05-10,Ventura,111,848112,943,690,2,692,19
2020-05-10,Yolo,113,214977,190,173,0,173,20
2020-05-10,Yuba,115,75493,23,17,0,17,1
2020-05-09,Alameda,001,1643700,2417,2011,3,2014,71
2020-05-09,Alpine,003,1148,1,1,0,1,0
2020-05-09,Amador,005,37829,8,8,0,8,0
2020-05-09,Butte,007,227075,31,18,1,19,0
2020-05-09,Calaveras,009,45235,10,13,0,13,0
2020-05-09,Colusa,011,21464,3,3,0,3,0
2020-05-09,Contra Costa,013,1133247,1162,1039,0,1039,31
2020-05-09,Del Norte,015,27424,7,3,0,3,0
2020-05-09,El Dorado,017,186661,72,54,0,54,0
2020-05-09,Fresno,019,978130,1712,861,24,885,8
2020-05-09,Glenn,021,27897,9,6,0,6,0
2020-05-09,Humboldt,023,135768,70,55,0,55,0
2020-05-09,Imperial,025,180216,1026,474,0,474,7
2020-05-09,Inyo,027,18085,19,20,0,20,1
2020-05-09,Kern,029,883053,1613,1262,1,1263,15
2020-05-09,Kings,031,150075,399,264,1,265,1
2020-05-09,Lake,033,64148,12,7,0,7,0
2020-05-09,Lassen,035,31185,2,0,2,2,0
2020-05-09,Los Angeles,037,10098052,38901,31268,19,31287,1499
2020-05-09,Madera,039,155013,124,61,1,62,2
2020-05-09,Marin,041,260295,279,261,1,262,14
2020-05-09,Mariposa,043,17540,15,15,0,15,0
2020-05-09,Mendocino,045,87422,13,10,0,10,0
2020-05-09,Merced,047,269075,242,153,0,153,3
2020-05-09,Modoc,049,8938,0,0,0,0,0
2020-05-09,Mono,051,14174,35,27,0,27,1
2020-05-09,Monterey,053,433212,351,273,1,274,6
2020-05-09,Napa,055,140530,88,78,0,78,2
2020-05-09,Nevada,057,99092,41,41,1,42,1
2020-05-09,Orange,059,3164182,5304,3506,33,3539,75
2020-05-09,Placer,061,380077,186,168,0,168,8
2020-05-09,Plumas,063,18699,4,4,0,4,0
2020-05-09,Riverside,065,2383286,5851,4871,17,4888,183
2020-05-09,Sacramento,067,1510023,1201,1150,0,1150,52
2020-05-09,San Benito,069,59416,58,52,0,52,2
2020-05-09,San Bernardino,071,2135413,3528,2825,3,2828,121
2020-05-09,San Diego,073,3302833,5789,4778,0,4778,175
2020-05-09,San Francisco,075,870044,2128,1944,0,1944,34
2020-05-09,San Joaquin,077,732212,682,605,3,608,28
2020-05-09,San Luis Obispo,079,281455,299,213,3,216,1
2020-05-09,San Mateo,081,765935,1743,1453,2,1455,65
2020-05-09,Santa Barbara,083,443738,1644,1245,8,1253,10
2020-05-09,Santa Clara,085,1922200,2887,2317,9,2326,128
2020-05-09,Santa Cruz,087,273765,157,138,0,138,2
2020-05-09,Shasta,089,179085,47,31,0,31,4
2020-05-09,Sierra,091,2930,0,0,0,0,0
2020-05-09,Siskiyou,093,43540,5,5,0,5,0
2020-05-09,Solano,095,438530,423,321,0,321,4
2020-05-09,Sonoma,097,501317,362,288,0,288,3
2020-05-09,Stanislaus,099,539301,569,491,4,495,12
2020-05-09,Sutter,101,95872,37,31,0,31,2
2020-05-09,Tehama,103,63373,2,1,0,1,1
2020-05-09,Trinity,105,12862,2,1,0,1,0
2020-05-09,Tulare,107,460477,1694,1083,7,1090,47
2020-05-09,Tuolumne,109,53932,2,2,0,2,0
2020-05-09,Ventura,111,848112,922,679,2,681,19
2020-05-09,Yolo,113,214977,190,172,0,172,18
2020-05-09,Yuba,115,75493,23,17,0,17,1
2020-05-08,Alameda,001,1643700,2374,1955,3,1958,70
2020-05-08,Alpine,003,1148,1,1,0,1,0
2020-05-08,Amador,005,37829,8,8,0,8,0
2020-05-08,Butte,007,227075,31,18,1,19,0
2020-05-08,Calaveras,009,45235,10,13,0,13,0
2020-05-08,Colusa,011,21464,3,3,0,3,0
2020-05-08,Contra Costa,013,1133247,1150,1024,0,1024,29
2020-05-08,Del Norte,015,27424,7,3,0,3,0
2020-05-08,El Dorado,017,186661,71,54,0,54,0
2020-05-08,Fresno,019,978130,1667,838,22,860,8
2020-05-08,Glenn,021,27897,8,6,0,6,0
2020-05-08,Humboldt,023,135768,67,54,0,54,0
2020-05-08,Imperial,025,180216,981,467,0,467,7
2020-05-08,Inyo,027,18085,19,20,0,20,1
2020-05-08,Kern,029,883053,1582,1214,1,1215,13
2020-05-08,Kings,031,150075,390,236,1,237,1
2020-05-08,Lake,033,64148,12,7,0,7,0
2020-05-08,Lassen,035,31185,2,0,2,2,0
2020-05-08,Los Angeles,037,10098052,38169,30357,19,30376,1447
2020-05-08,Madera,039,155013,121,57,1,58,2
2020-05-08,Marin,041,260295,279,257,1,258,14
2020-05-08,Mariposa,043,17540,15,15,0,15,0
2020-05-08,Mendocino,045,87422,13,10,0,10,0
2020-05-08,Merced,047,269075,241,151,0,151,3
2020-05-08,Modoc,049,8938,0,0,0,0,0
2020-05-08,Mono,051,14174,32,27,0,27,1
2020-05-08,Monterey,053,433212,343,265,1,266,6
2020-05-08,Napa,055,140530,87,78,0,78,2
2020-05-08,Nevada,057,99092,41,41,1,42,1
2020-05-08,Orange,059,3164182,5158,3395,33,3428,72
2020-05-08,Placer,061,380077,184,166,0,166,8
2020-05-08,Plumas,063,18699,4,4,0,4,0
2020-05-08,Riverside,065,2383286,5751,4672,16,4688,181
2020-05-08,Sacramento,067,1510023,1196,1145,0,1145,51
2020-05-08,San Benito,069,59416,58,51,0,51,2
2020-05-08,San Bernardino,071,2135413,3480,2631,3,2634,119
2020-05-08,San Diego,073,3302833,5682,4664,0,4664,169
2020-05-08,San Francisco,075,870044,2110,1890,0,1890,33
2020-05-08,San Joaquin,077,732212,675,595,3,598,28
2020-05-08,San Luis Obispo,079,281455,296,210,3,213,1
2020-05-08,San Mateo,081,765935,1658,1423,2,1425,62
2020-05-08,Santa Barbara,083,443738,1635,1054,6,1060,8
2020-05-08,Santa Clara,085,1922200,2864,2285,9,2294,128
2020-05-08,Santa Cruz,087,273765,153,137,0,137,2
2020-05-08,Shasta,089,179085,47,31,0,31,4
2020-05-08,Sierra,091,2930,0,0,0,0,0
2020-05-08,Siskiyou,093,43540,5,5,0,5,0
2020-05-08,Solano,095,438530,418,314,0,314,4
2020-05-08,Sonoma,097,501317,357,285,0,285,3
2020-05-08,Stanislaus,099,539301,555,487,4,491,12
2020-05-08,Sutter,101,95872,37,30,0,30,2
2020-05-08,Tehama,103,63373,2,1,0,1,1
2020-05-08,Trinity,105,12862,2,0,0,0,0
2020-05-08,Tulare,107,460477,1649,1050,6,1056,43
2020-05-08,Tuolumne,109,53932,2,2,0,2,0
2020-05-08,Ventura,111,848112,904,665,2,667,19
2020-05-08,Yolo,113,214977,189,172,0,172,18
2020-05-08,Yuba,115,75493,22,16,0,16,1
2020-05-07,Alameda,001,1643700,2314,1914,3,1917,68
2020-05-07,Alpine,003,1148,1,1,0,1,0
2020-05-07,Amador,005,37829,8,8,0,8,0
2020-05-07,Butte,007,227075,31,19,1,20,0
2020-05-07,Calaveras,009,45235,10,13,0,13,0
2020-05-07,Colusa,011,21464,3,3,0,3,0
2020-05-07,Contra Costa,013,1133247,1136,1005,0,1005,29
2020-05-07,Del Norte,015,27424,6,3,0,3,0
2020-05-07,El Dorado,017,186661,70,54,0,54,0
2020-05-07,Fresno,019,978130,1582,812,21,833,8
2020-05-07,Glenn,021,27897,8,5,0,5,0
2020-05-07,Humboldt,023,135768,66,54,0,54,0
2020-05-07,Imperial,025,180216,918,442,0,442,6
2020-05-07,Inyo,027,18085,19,20,0,20,1
2020-05-07,Kern,029,883053,1538,1176,1,1177,13
2020-05-07,Kings,031,150075,367,219,1,220,1
2020-05-07,Lake,033,64148,11,7,0,7,0
2020-05-07,Lassen,035,31185,2,0,2,2,0
2020-05-07,Los Angeles,037,10098052,37048,29544,19,29563,1399
2020-05-07,Madera,039,155013,117,54,1,55,2
2020-05-07,Marin,041,260295,272,252,1,253,14
2020-05-07,Mariposa,043,17540,15,15,0,15,0
2020-05-07,Mendocino,045,87422,13,10,0,10,0
2020-05-07,Merced,047,269075,233,146,0,146,3
2020-05-07,Modoc,049,8938,0,0,0,0,0
2020-05-07,Mono,051,14174,32,26,0,26,1
2020-05-07,Monterey,053,433212,335,249,1,250,6
2020-05-07,Napa,055,140530,87,78,0,78,2
2020-05-07,Nevada,057,99092,41,41,1,42,1
2020-05-07,Orange,059,3164182,4973,3283,32,3315,69
2020-05-07,Placer,061,380077,184,165,0,165,8
2020-05-07,Plumas,063,18699,4,4,0,4,0
2020-05-07,Riverside,065,2383286,5635,4608,16,4624,170
2020-05-07,Sacramento,067,1510023,1190,1139,0,1139,50
2020-05-07,San Benito,069,59416,58,50,0,50,2
2020-05-07,San Bernardino,071,2135413,3388,2522,3,2525,115
2020-05-07,San Diego,073,3302833,5525,4431,0,4431,165
2020-05-07,San Francisco,075,870044,2079,1852,0,1852,33
2020-05-07,San Joaquin,077,732212,662,583,3,586,28
2020-05-07,San Luis Obispo,079,281455,285,209,3,212,1
2020-05-07,San Mateo,081,765935,1636,1398,2,1400,58
2020-05-07,Santa Barbara,083,443738,1607,720,5,725,8
2020-05-07,Santa Clara,085,1922200,2826,2281,9,2290,127
2020-05-07,Santa Cruz,087,273765,150,136,0,136,2
2020-05-07,Shasta,089,179085,46,31,0,31,4
2020-05-07,Sierra,091,2930,0,0,0,0,0
2020-05-07,Siskiyou,093,43540,5,5,0,5,0
2020-05-07,Solano,095,438530,412,307,0,307,4
2020-05-07,Sonoma,097,501317,345,282,0,282,3
2020-05-07,Stanislaus,099,539301,546,466,4,470,10
2020-05-07,Sutter,101,95872,37,29,0,29,2
2020-05-07,Tehama,103,63373,2,1,0,1,1
2020-05-07,Trinity,105,12862,2,0,0,0,0
2020-05-07,Tulare,107,460477,1581,1001,6,1007,41
2020-05-07,Tuolumne,109,53932,2,2,0,2,0
2020-05-07,Ventura,111,848112,880,647,1,648,19
2020-05-07,Yolo,113,214977,188,172,0,172,18
2020-05-07,Yuba,115,75493,22,16,0,16,1
2020-05-06,Alameda,001,1643700,2276,1864,3,1867,67
2020-05-06,Alpine,003,1148,1,1,0,1,0
2020-05-06,Amador,005,37829,8,8,0,8,0
2020-05-06,Butte,007,227075,30,19,1,20,0
2020-05-06,Calaveras,009,45235,10,13,0,13,0
2020-05-06,Colusa,011,21464,3,3,0,3,0
2020-05-06,Contra Costa,013,1133247,1115,990,0,990,29
2020-05-06,Del Norte,015,27424,6,3,0,3,0
2020-05-06,El Dorado,017,186661,68,53,0,53,0
2020-05-06,Fresno,019,978130,1520,773,19,792,8
2020-05-06,Glenn,021,27897,8,3,0,3,0
2020-05-06,Humboldt,023,135768,65,54,0,54,0
2020-05-06,Imperial,025,180216,850,399,0,399,6
2020-05-06,Inyo,027,18085,19,20,0,20,1
2020-05-06,Kern,029,883053,1483,1112,1,1113,12
2020-05-06,Kings,031,150075,349,208,1,209,1
2020-05-06,Lake,033,64148,11,7,0,7,0
2020-05-06,Lassen,035,31185,2,0,2,2,0
2020-05-06,Los Angeles,037,10098052,36043,28687,19,28706,1347
2020-05-06,Madera,039,155013,115,55,1,56,2
2020-05-06,Marin,041,260295,265,244,1,245,14
2020-05-06,Mariposa,043,17540,15,14,0,14,0
2020-05-06,Mendocino,045,87422,13,10,0,10,0
2020-05-06,Merced,047,269075,226,140,0,140,3
2020-05-06,Modoc,049,8938,0,0,0,0,0
2020-05-06,Mono,051,14174,32,26,0,26,1
2020-05-06,Monterey,053,433212,327,246,1,247,6
2020-05-06,Napa,055,140530,86,78,0,78,2
2020-05-06,Nevada,057,99092,41,41,1,42,1
2020-05-06,Orange,059,3164182,4789,3156,31,3187,66
2020-05-06,Placer,061,380077,181,164,0,164,8
2020-05-06,Plumas,063,18699,4,4,0,4,0
2020-05-06,Riverside,065,2383286,5491,4535,16,4551,163
2020-05-06,Sacramento,067,1510023,1184,1135,0,1135,49
2020-05-06,San Benito,069,59416,57,50,0,50,2
2020-05-06,San Bernardino,071,2135413,3266,2426,2,2428,110
2020-05-06,San Diego,073,3302833,5392,4321,0,4321,158
2020-05-06,San Francisco,075,870044,2053,1804,0,1804,32
2020-05-06,San Joaquin,077,732212,649,581,3,584,28
2020-05-06,San Luis Obispo,079,281455,282,207,3,210,1
2020-05-06,San Mateo,081,765935,1606,1348,2,1350,57
2020-05-06,Santa Barbara,083,443738,1563,565,4,569,8
2020-05-06,Santa Clara,085,1922200,2810,2270,8,2278,127
2020-05-06,Santa Cruz,087,273765,146,135,0,135,2
2020-05-06,Shasta,089,179085,45,31,0,31,4
2020-05-06,Sierra,091,2930,0,0,0,0,0
2020-05-06,Siskiyou,093,43540,5,5,0,5,0
2020-05-06,Solano,095,438530,402,300,0,300,4
2020-05-06,Sonoma,097,501317,329,269,0,269,3
2020-05-06,Stanislaus,099,539301,530,434,4,438,9
2020-05-06,Sutter,101,95872,37,29,0,29,2
2020-05-06,Tehama,103,63373,2,1,0,1,1
2020-05-06,Trinity,105,12862,2,0,0,0,0
2020-05-06,Tulare,107,460477,1533,963,6,969,40
2020-05-06,Tuolumne,109,53932,2,2,0,2,0
2020-05-06,Ventura,111,848112,853,619,1,620,19
2020-05-06,Yolo,113,214977,187,172,0,172,18
2020-05-06,Yuba,115,75493,22,15,0,15,1
2020-05-05,Alameda,001,1643700,2233,1819,3,1822,67
2020-05-05,Alpine,003,1148,1,1,0,1,0
2020-05-05,Amador,005,37829,8,8,0,8,0
2020-05-05,Butte,007,227075,29,19,1,20,0
2020-05-05,Calaveras,009,45235,10,13,0,13,0
2020-05-05,Colusa,011,21464,3,3,0,3,0
2020-05-05,Contra Costa,013,1133247,1097,976,0,976,29
2020-05-05,Del Norte,015,27424,6,3,0,3,0
2020-05-05,El Dorado,017,186661,66,54,0,54,0
2020-05-05,Fresno,019,978130,1447,726,17,743,8
2020-05-05,Glenn,021,27897,8,3,0,3,0
2020-05-05,Humboldt,023,135768,62,54,0,54,0
2020-05-05,Imperial,025,180216,795,389,0,389,6
2020-05-05,Inyo,027,18085,19,20,0,20,1
2020-05-05,Kern,029,883053,1431,1084,1,1085,11
2020-05-05,Kings,031,150075,331,187,1,188,1
2020-05-05,Lake,033,64148,10,7,0,7,0
2020-05-05,Lassen,035,31185,2,0,2,2,0
2020-05-05,Los Angeles,037,10098052,34972,27867,19,27886,1289
2020-05-05,Madera,039,155013,112,53,1,54,2
2020-05-05,Marin,041,260295,259,244,1,245,14
2020-05-05,Mariposa,043,17540,15,14,0,14,0
2020-05-05,Mendocino,045,87422,13,10,0,10,0
2020-05-05,Merced,047,269075,221,141,0,141,3
2020-05-05,Modoc,049,8938,0,0,0,0,0
2020-05-05,Mono,051,14174,32,25,0,25,1
2020-05-05,Monterey,053,433212,313,240,1,241,6
2020-05-05,Napa,055,140530,86,74,0,74,2
2020-05-05,Nevada,057,99092,41,41,1,42,1
2020-05-05,Orange,059,3164182,4665,3041,31,3072,63
2020-05-05,Placer,061,380077,181,162,0,162,8
2020-05-05,Plumas,063,18699,4,4,0,4,0
2020-05-05,Riverside,065,2383286,5381,4309,16,4325,161
2020-05-05,Sacramento,067,1510023,1177,1125,0,1125,48
2020-05-05,San Benito,069,59416,56,50,0,50,2
2020-05-05,San Bernardino,071,2135413,3173,2345,2,2347,104
2020-05-05,San Diego,073,3302833,5249,4162,0,4162,150
2020-05-05,San Francisco,075,870044,2018,1779,0,1779,31
2020-05-05,San Joaquin,077,732212,640,577,3,580,26
2020-05-05,San Luis Obispo,079,281455,281,203,3,206,1
2020-05-05,San Mateo,081,765935,1574,1335,2,1337,56
2020-05-05,Santa Barbara,083,443738,1334,541,4,545,7
2020-05-05,Santa Clara,085,1922200,2764,2249,7,2256,124
2020-05-05,Santa Cruz,087,273765,143,134,0,134,2
2020-05-05,Shasta,089,179085,44,31,0,31,4
2020-05-05,Sierra,091,2930,0,0,0,0,0
2020-05-05,Siskiyou,093,43540,5,5,0,5,0
2020-05-05,Solano,095,438530,386,299,0,299,4
2020-05-05,Sonoma,097,501317,326,263,0,263,3
2020-05-05,Stanislaus,099,539301,518,430,4,434,9
2020-05-05,Sutter,101,95872,36,29,0,29,2
2020-05-05,Tehama,103,63373,2,1,0,1,1
2020-05-05,Trinity,105,12862,2,0,0,0,0
2020-05-05,Tulare,107,460477,1437,869,6,875,40
2020-05-05,Tuolumne,109,53932,2,2,0,2,0
2020-05-05,Ventura,111,848112,829,607,1,608,19
2020-05-05,Yolo,113,214977,185,171,0,171,18
2020-05-05,Yuba,115,75493,22,15,0,15,1
2020-05-04,Alameda,001,1643700,2174,1762,3,1765,65
2020-05-04,Alpine,003,1148,1,1,0,1,0
2020-05-04,Amador,005,37829,7,8,0,8,0
2020-05-04,Butte,007,227075,28,16,1,17,0
2020-05-04,Calaveras,009,45235,10,13,0,13,0
2020-05-04,Colusa,011,21464,3,3,0,3,0
2020-05-04,Contra Costa,013,1133247,1079,949,0,949,28
2020-05-04,Del Norte,015,27424,5,3,0,3,0
2020-05-04,El Dorado,017,186661,65,51,0,51,0
2020-05-04,Fresno,019,978130,1375,680,16,696,8
2020-05-04,Glenn,021,27897,8,4,0,4,0
2020-05-04,Humboldt,023,135768,60,54,0,54,0
2020-05-04,Imperial,025,180216,743,351,0,351,6
2020-05-04,Inyo,027,18085,19,20,0,20,1
2020-05-04,Kern,029,883053,1389,1047,1,1048,8
2020-05-04,Kings,031,150075,314,153,1,154,1
2020-05-04,Lake,033,64148,9,7,0,7,0
2020-05-04,Lassen,035,31185,1,0,2,2,0
2020-05-04,Los Angeles,037,10098052,33673,26243,18,26261,1235
2020-05-04,Madera,039,155013,110,52,1,53,2
2020-05-04,Marin,041,260295,254,244,1,245,13
2020-05-04,Mariposa,043,17540,15,13,0,13,0
2020-05-04,Mendocino,045,87422,13,10,0,10,0
2020-05-04,Merced,047,269075,221,138,0,138,3
2020-05-04,Modoc,049,8938,0,0,0,0,0
2020-05-04,Mono,051,14174,32,25,0,25,1
2020-05-04,Monterey,053,433212,302,237,1,238,6
2020-05-04,Napa,055,140530,86,72,0,72,2
2020-05-04,Nevada,057,99092,41,41,1,42,1
2020-05-04,Orange,059,3164182,4527,2931,28,2959,57
2020-05-04,Placer,061,380077,179,162,0,162,8
2020-05-04,Plumas,063,18699,4,4,0,4,0
2020-05-04,Riverside,065,2383286,5287,4221,16,4237,147
2020-05-04,Sacramento,067,1510023,1167,1119,0,1119,44
2020-05-04,San Benito,069,59416,54,49,0,49,2
2020-05-04,San Bernardino,071,2135413,3032,2184,2,2186,99
2020-05-04,San Diego,073,3302833,5108,4022,0,4022,144
2020-05-04,San Francisco,075,870044,1980,1760,0,1760,31
2020-05-04,San Joaquin,077,732212,626,574,3,577,26
2020-05-04,San Luis Obispo,079,281455,278,202,3,205,1
2020-05-04,San Mateo,081,765935,1549,1313,2,1315,53
2020-05-04,Santa Barbara,083,443738,1075,524,4,528,7
2020-05-04,Santa Clara,085,1922200,2749,2238,7,2245,119
2020-05-04,Santa Cruz,087,273765,142,133,0,133,2
2020-05-04,Shasta,089,179085,42,31,0,31,4
2020-05-04,Sierra,091,2930,0,0,0,0,0
2020-05-04,Siskiyou,093,43540,5,5,0,5,0
2020-05-04,Solano,095,438530,372,293,0,293,4
2020-05-04,Sonoma,097,501317,312,256,0,256,4
2020-05-04,Stanislaus,099,539301,512,422,4,426,8
2020-05-04,Sutter,101,95872,33,28,0,28,2
2020-05-04,Tehama,103,63373,2,1,0,1,1
2020-05-04,Trinity,105,12862,1,0,0,0,0
2020-05-04,Tulare,107,460477,1358,760,6,766,40
2020-05-04,Tuolumne,109,53932,2,3,0,3,0
2020-05-04,Ventura,111,848112,808,590,1,591,19
2020-05-04,Yolo,113,214977,184,171,0,171,18
2020-05-04,Yuba,115,75493,19,16,0,16,1
2020-05-03,Alameda,001,1643700,2117,1731,3,1734,64
2020-05-03,Alpine,003,1148,1,1,0,1,0
2020-05-03,Amador,005,37829,7,8,0,8,0
2020-05-03,Butte,007,227075,28,17,1,18,0
2020-05-03,Calaveras,009,45235,10,13,0,13,0
2020-05-03,Colusa,011,21464,3,3,0,3,0
2020-05-03,Contra Costa,013,1133247,1063,945,0,945,28
2020-05-03,Del Norte,015,27424,5,3,0,3,0
2020-05-03,El Dorado,017,186661,63,49,0,49,0
2020-05-03,Fresno,019,978130,1282,646,14,660,8
2020-05-03,Glenn,021,27897,7,5,0,5,0
2020-05-03,Humboldt,023,135768,59,54,0,54,0
2020-05-03,Imperial,025,180216,687,351,0,351,6
2020-05-03,Inyo,027,18085,19,20,0,20,1
2020-05-03,Kern,029,883053,1334,1025,1,1026,8
2020-05-03,Kings,031,150075,294,137,1,138,1
2020-05-03,Lake,033,64148,9,7,0,7,0
2020-05-03,Lassen,035,31185,1,0,2,2,0
2020-05-03,Los Angeles,037,10098052,32689,25708,18,25726,1210
2020-05-03,Madera,039,155013,103,46,1,47,2
2020-05-03,Marin,041,260295,249,243,1,244,13
2020-05-03,Mariposa,043,17540,15,13,0,13,0
2020-05-03,Mendocino,045,87422,13,10,0,10,0
2020-05-03,Merced,047,269075,213,134,0,134,3
2020-05-03,Modoc,049,8938,0,0,0,0,0
2020-05-03,Mono,051,14174,32,25,0,25,1
2020-05-03,Monterey,053,433212,293,235,1,236,6
2020-05-03,Napa,055,140530,86,72,0,72,2
2020-05-03,Nevada,057,99092,41,41,1,42,1
2020-05-03,Orange,059,3164182,4353,2859,27,2886,55
2020-05-03,Placer,061,380077,179,161,0,161,8
2020-05-03,Plumas,063,18699,4,4,0,4,0
2020-05-03,Riverside,065,2383286,5182,4034,16,4050,139
2020-05-03,Sacramento,067,1510023,1158,1109,0,1109,43
2020-05-03,San Benito,069,59416,54,49,0,49,2
2020-05-03,San Bernardino,071,2135413,2971,2123,2,2125,99
2020-05-03,San Diego,073,3302833,4970,3929,0,3929,142
2020-05-03,San Francisco,075,870044,1951,1692,0,1692,30
2020-05-03,San Joaquin,077,732212,619,570,3,573,26
2020-05-03,San Luis Obispo,079,281455,275,200,3,203,1
2020-05-03,San Mateo,081,765935,1521,1277,2,1279,53
2020-05-03,Santa Barbara,083,443738,707,512,4,516,7
2020-05-03,Santa Clara,085,1922200,2712,2235,7,2242,116
2020-05-03,Santa Cruz,087,273765,142,133,0,133,2
2020-05-03,Shasta,089,179085,40,31,0,31,4
2020-05-03,Sierra,091,2930,0,0,0,0,0
2020-05-03,Siskiyou,093,43540,5,5,0,5,0
2020-05-03,Solano,095,438530,362,266,0,266,4
2020-05-03,Sonoma,097,501317,303,254,0,254,4
2020-05-03,Stanislaus,099,539301,484,411,4,415,8
2020-05-03,Sutter,101,95872,31,28,0,28,2
2020-05-03,Tehama,103,63373,2,1,0,1,1
2020-05-03,Trinity,105,12862,1,0,0,0,0
2020-05-03,Tulare,107,460477,1279,736,6,742,40
2020-05-03,Tuolumne,109,53932,2,3,0,3,0
2020-05-03,Ventura,111,848112,774,583,1,584,19
2020-05-03,Yolo,113,214977,183,171,0,171,18
2020-05-03,Yuba,115,75493,19,16,0,16,1
2020-05-02,Alameda,001,1643700,2080,1678,3,1681,63
2020-05-02,Alpine,003,1148,1,1,0,1,0
2020-05-02,Amador,005,37829,7,8,0,8,0
2020-05-02,Butte,007,227075,28,17,1,18,0
2020-05-02,Calaveras,009,45235,10,13,0,13,0
2020-05-02,Colusa,011,21464,3,3,0,3,0
2020-05-02,Contra Costa,013,1133247,1046,929,0,929,28
2020-05-02,Del Norte,015,27424,5,3,0,3,0
2020-05-02,El Dorado,017,186661,63,47,0,47,0
2020-05-02,Fresno,019,978130,1256,629,13,642,8
2020-05-02,Glenn,021,27897,7,5,0,5,0
2020-05-02,Humboldt,023,135768,59,54,0,54,0
2020-05-02,Imperial,025,180216,660,345,0,345,6
2020-05-02,Inyo,027,18085,19,20,0,20,1
2020-05-02,Kern,029,883053,1308,1007,1,1008,8
2020-05-02,Kings,031,150075,291,120,1,121,1
2020-05-02,Lake,033,64148,9,7,0,7,0
2020-05-02,Lassen,035,31185,1,0,2,2,0
2020-05-02,Los Angeles,037,10098052,32160,24955,18,24973,1192
2020-05-02,Madera,039,155013,103,46,1,47,2
2020-05-02,Marin,041,260295,248,243,1,244,13
2020-05-02,Mariposa,043,17540,15,13,0,13,0
2020-05-02,Mendocino,045,87422,13,10,0,10,0
2020-05-02,Merced,047,269075,210,131,0,131,3
2020-05-02,Modoc,049,8938,0,0,0,0,0
2020-05-02,Mono,051,14174,32,25,0,25,1
2020-05-02,Monterey,053,433212,287,225,1,226,5
2020-05-02,Napa,055,140530,86,71,0,71,2
2020-05-02,Nevada,057,99092,41,41,1,42,1
2020-05-02,Orange,059,3164182,4239,2774,27,2801,52
2020-05-02,Placer,061,380077,177,150,0,150,8
2020-05-02,Plumas,063,18699,4,4,0,4,0
2020-05-02,Riverside,065,2383286,5116,3997,16,4013,137
2020-05-02,Sacramento,067,1510023,1155,1097,0,1097,43
2020-05-02,San Benito,069,59416,54,49,0,49,2
2020-05-02,San Bernardino,071,2135413,2932,2124,2,2126,99
2020-05-02,San Diego,073,3302833,4868,3844,0,3844,138
2020-05-02,San Francisco,075,870044,1928,1632,0,1632,29
2020-05-02,San Joaquin,077,732212,611,559,3,562,25
2020-05-02,San Luis Obispo,079,281455,269,193,3,196,1
2020-05-02,San Mateo,081,765935,1505,1272,2,1274,52
2020-05-02,Santa Barbara,083,443738,695,506,4,510,7
2020-05-02,Santa Clara,085,1922200,2702,2203,7,2210,115
2020-05-02,Santa Cruz,087,273765,141,131,0,131,2
2020-05-02,Shasta,089,179085,40,31,0,31,4
2020-05-02,Sierra,091,2930,0,0,0,0,0
2020-05-02,Siskiyou,093,43540,5,5,0,5,0
2020-05-02,Solano,095,438530,355,267,0,267,4
2020-05-02,Sonoma,097,501317,300,250,0,250,3
2020-05-02,Stanislaus,099,539301,476,388,4,392,8
2020-05-02,Sutter,101,95872,31,28,0,28,2
2020-05-02,Tehama,103,63373,2,1,0,1,1
2020-05-02,Trinity,105,12862,1,0,0,0,0
2020-05-02,Tulare,107,460477,1236,711,6,717,35
2020-05-02,Tuolumne,109,53932,2,3,0,3,0
2020-05-02,Ventura,111,848112,760,564,1,565,19
2020-05-02,Yolo,113,214977,183,169,0,169,17
2020-05-02,Yuba,115,75493,19,16,0,16,1
2020-05-01,Alameda,001,1643700,2042,1630,3,1633,63
2020-05-01,Alpine,003,1148,1,1,0,1,0
2020-05-01,Amador,005,37829,7,8,0,8,0
2020-05-01,Butte,007,227075,28,17,1,18,0
2020-05-01,Calaveras,009,45235,10,13,0,13,0
2020-05-01,Colusa,011,21464,3,3,0,3,0
2020-05-01,Contra Costa,013,1133247,1032,915,0,915,28
2020-05-01,Del Norte,015,27424,5,3,0,3,0
2020-05-01,El Dorado,017,186661,63,47,0,47,0
2020-05-01,Fresno,019,978130,1225,617,13,630,7
2020-05-01,Glenn,021,27897,7,4,0,4,0
2020-05-01,Humboldt,023,135768,59,54,0,54,0
2020-05-01,Imperial,025,180216,623,337,0,337,6
2020-05-01,Inyo,027,18085,19,20,0,20,1
2020-05-01,Kern,029,883053,1281,972,1,973,8
2020-05-01,Kings,031,150075,274,112,1,113,1
2020-05-01,Lake,033,64148,9,6,0,6,0
2020-05-01,Lassen,035,31185,1,0,2,2,0
2020-05-01,Los Angeles,037,10098052,31404,24306,18,24324,1155
2020-05-01,Madera,039,155013,99,46,1,47,2
2020-05-01,Marin,041,260295,248,242,1,243,13
2020-05-01,Mariposa,043,17540,15,10,0,10,0
2020-05-01,Mendocino,045,87422,13,11,0,11,0
2020-05-01,Merced,047,269075,207,131,0,131,3
2020-05-01,Modoc,049,8938,0,0,0,0,0
2020-05-01,Mono,051,14174,32,25,0,25,1
2020-05-01,Monterey,053,433212,283,222,1,223,5
2020-05-01,Napa,055,140530,86,69,0,69,2
2020-05-01,Nevada,057,99092,41,41,1,42,1
2020-05-01,Orange,059,3164182,4162,2660,25,2685,51
2020-05-01,Placer,061,380077,176,149,0,149,8
2020-05-01,Plumas,063,18699,4,4,0,4,0
2020-05-01,Riverside,065,2383286,5052,3893,16,3909,132
2020-05-01,Sacramento,067,1510023,1150,1081,0,1081,43
2020-05-01,San Benito,069,59416,54,49,0,49,2
2020-05-01,San Bernardino,071,2135413,2877,2084,2,2086,98
2020-05-01,San Diego,073,3302833,4777,3713,0,3713,134
2020-05-01,San Francisco,075,870044,1884,1552,0,1552,29
2020-05-01,San Joaquin,077,732212,607,554,3,557,25
2020-05-01,San Luis Obispo,079,281455,266,186,3,189,1
2020-05-01,San Mateo,081,765935,1483,1222,2,1224,52
2020-05-01,Santa Barbara,083,443738,684,499,3,502,7
2020-05-01,Santa Clara,085,1922200,2690,2176,7,2183,112
2020-05-01,Santa Cruz,087,273765,141,127,0,127,2
2020-05-01,Shasta,089,179085,40,31,0,31,4
2020-05-01,Sierra,091,2930,0,0,0,0,0
2020-05-01,Siskiyou,093,43540,5,5,0,5,0
2020-05-01,Solano,095,438530,347,266,0,266,4
2020-05-01,Sonoma,097,501317,297,242,0,242,3
2020-05-01,Stanislaus,099,539301,471,384,4,388,8
2020-05-01,Sutter,101,95872,31,28,0,28,2
2020-05-01,Tehama,103,63373,2,1,0,1,1
2020-05-01,Trinity,105,12862,1,0,0,0,0
2020-05-01,Tulare,107,460477,1192,685,6,691,32
2020-05-01,Tuolumne,109,53932,2,3,0,3,0
2020-05-01,Ventura,111,848112,747,556,1,557,18
2020-05-01,Yolo,113,214977,183,165,0,165,18
2020-05-01,Yuba,115,75493,19,16,0,16,1
2020-04-30,Alameda,001,1643700,1982,1599,3,1602,60
2020-04-30,Alpine,003,1148,1,1,0,1,0
2020-04-30,Amador,005,37829,7,8,0,8,0
2020-04-30,Butte,007,227075,28,16,1,17,0
2020-04-30,Calaveras,009,45235,10,13,0,13,0
2020-04-30,Colusa,011,21464,3,3,0,3,0
2020-04-30,Contra Costa,013,1133247,1010,900,0,900,25
2020-04-30,Del Norte,015,27424,4,3,0,3,0
2020-04-30,El Dorado,017,186661,63,44,0,44,0
2020-04-30,Fresno,019,978130,1160,562,10,572,7
2020-04-30,Glenn,021,27897,7,4,0,4,0
2020-04-30,Humboldt,023,135768,59,54,0,54,0
2020-04-30,Imperial,025,180216,577,322,0,322,6
2020-04-30,Inyo,027,18085,19,20,0,20,1
2020-04-30,Kern,029,883053,1249,941,1,942,8
2020-04-30,Kings,031,150075,262,87,1,88,1
2020-04-30,Lake,033,64148,9,6,0,6,0
2020-04-30,Lassen,035,31185,1,0,2,2,0
2020-04-30,Los Angeles,037,10098052,30397,23284,18,23302,1099
2020-04-30,Madera,039,155013,88,46,1,47,2
2020-04-30,Marin,041,260295,248,240,1,241,13
2020-04-30,Mariposa,043,17540,15,3,0,3,0
2020-04-30,Mendocino,045,87422,13,11,0,11,0
2020-04-30,Merced,047,269075,200,122,0,122,3
2020-04-30,Modoc,049,8938,0,0,0,0,0
2020-04-30,Mono,051,14174,31,25,0,25,1
2020-04-30,Monterey,053,433212,273,213,1,214,5
2020-04-30,Napa,055,140530,84,69,0,69,2
2020-04-30,Nevada,057,99092,41,41,1,42,1
2020-04-30,Orange,059,3164182,3939,2591,22,2613,46
2020-04-30,Placer,061,380077,175,148,0,148,8
2020-04-30,Plumas,063,18699,4,4,0,4,0
2020-04-30,Riverside,065,2383286,4952,3820,15,3835,124
2020-04-30,Sacramento,067,1510023,1144,1071,0,1071,43
2020-04-30,San Benito,069,59416,54,48,0,48,2
2020-04-30,San Bernardino,071,2135413,2675,2020,2,2022,96
2020-04-30,San Diego,073,3302833,4606,3566,0,3566,124
2020-04-30,San Francisco,075,870044,1850,1518,0,1518,26
2020-04-30,San Joaquin,077,732212,599,548,3,551,25
2020-04-30,San Luis Obispo,079,281455,263,182,3,185,1
2020-04-30,San Mateo,081,765935,1453,1194,2,1196,52
2020-04-30,Santa Barbara,083,443738,666,490,3,493,7
2020-04-30,Santa Clara,085,1922200,2650,2172,7,2179,111
2020-04-30,Santa Cruz,087,273765,140,126,0,126,2
2020-04-30,Shasta,089,179085,39,31,0,31,4
2020-04-30,Sierra,091,2930,0,0,0,0,0
2020-04-30,Siskiyou,093,43540,5,5,0,5,0
2020-04-30,Solano,095,438530,337,262,0,262,4
2020-04-30,Sonoma,097,501317,288,233,0,233,3
2020-04-30,Stanislaus,099,539301,464,378,4,382,7
2020-04-30,Sutter,101,95872,31,28,0,28,2
2020-04-30,Tehama,103,63373,1,1,0,1,1
2020-04-30,Trinity,105,12862,1,0,0,0,0
2020-04-30,Tulare,107,460477,1127,637,6,643,31
2020-04-30,Tuolumne,109,53932,2,3,0,3,0
2020-04-30,Ventura,111,848112,719,547,1,548,18
2020-04-30,Yolo,113,214977,182,164,0,164,16
2020-04-30,Yuba,115,75493,19,15,0,15,1
2020-04-29,Alameda,001,1643700,1924,1564,2,1566,60
2020-04-29,Alpine,003,1148,1,1,0,1,0
2020-04-29,Amador,005,37829,7,8,0,8,0
2020-04-29,Butte,007,227075,28,16,1,17,0
2020-04-29,Calaveras,009,45235,10,13,0,13,0
2020-04-29,Colusa,011,21464,3,3,0,3,0
2020-04-29,Contra Costa,013,1133247,991,885,0,885,25
2020-04-29,Del Norte,015,27424,4,3,0,3,0
2020-04-29,El Dorado,017,186661,61,44,0,44,0
2020-04-29,Fresno,019,978130,1108,544,10,554,7
2020-04-29,Glenn,021,27897,7,4,0,4,0
2020-04-29,Humboldt,023,135768,59,53,0,53,0
2020-04-29,Imperial,025,180216,547,300,0,300,6
2020-04-29,Inyo,027,18085,19,20,0,20,1
2020-04-29,Kern,029,883053,1206,910,1,911,6
2020-04-29,Kings,031,150075,243,80,1,81,1
2020-04-29,Lake,033,64148,9,6,0,6,0
2020-04-29,Lassen,035,31185,1,0,2,2,0
2020-04-29,Los Angeles,037,10098052,29420,22560,18,22578,1043
2020-04-29,Madera,039,155013,86,45,1,46,2
2020-04-29,Marin,041,260295,245,234,1,235,13
2020-04-29,Mariposa,043,17540,15,1,0,1,0
2020-04-29,Mendocino,045,87422,13,11,0,11,0
2020-04-29,Merced,047,269075,193,116,0,116,3
2020-04-29,Modoc,049,8938,0,0,0,0,0
2020-04-29,Mono,051,14174,31,25,0,25,1
2020-04-29,Monterey,053,433212,265,204,1,205,5
2020-04-29,Napa,055,140530,82,68,0,68,2
2020-04-29,Nevada,057,99092,41,41,1,42,1
2020-04-29,Orange,059,3164182,3803,2421,21,2442,43
2020-04-29,Placer,061,380077,173,145,0,145,8
2020-04-29,Plumas,063,18699,4,4,0,4,0
2020-04-29,Riverside,065,2383286,4876,3700,15,3715,116
2020-04-29,Sacramento,067,1510023,1122,1055,0,1055,41
2020-04-29,San Benito,069,59416,54,48,0,48,2
2020-04-29,San Bernardino,071,2135413,2588,1975,1,1976,91
2020-04-29,San Diego,073,3302833,4464,3434,0,3434,120
2020-04-29,San Francisco,075,870044,1821,1489,0,1489,23
2020-04-29,San Joaquin,077,732212,591,540,3,543,25
2020-04-29,San Luis Obispo,079,281455,261,181,3,184,1
2020-04-29,San Mateo,081,765935,1427,1170,2,1172,50
2020-04-29,Santa Barbara,083,443738,650,477,3,480,7
2020-04-29,Santa Clara,085,1922200,2624,2147,7,2154,108
2020-04-29,Santa Cruz,087,273765,139,124,0,124,2
2020-04-29,Shasta,089,179085,38,31,0,31,4
2020-04-29,Sierra,091,2930,0,0,0,0,0
2020-04-29,Siskiyou,093,43540,5,5,0,5,0
2020-04-29,Solano,095,438530,313,252,0,252,3
2020-04-29,Sonoma,097,501317,280,230,0,230,2
2020-04-29,Stanislaus,099,539301,451,374,4,378,5
2020-04-29,Sutter,101,95872,31,28,0,28,2
2020-04-29,Tehama,103,63373,1,1,0,1,1
2020-04-29,Trinity,105,12862,1,0,0,0,0
2020-04-29,Tulare,107,460477,1054,615,5,620,30
2020-04-29,Tuolumne,109,53932,2,4,0,4,0
2020-04-29,Ventura,111,848112,695,530,1,531,18
2020-04-29,Yolo,113,214977,179,161,0,161,11
2020-04-29,Yuba,115,75493,19,15,0,15,1
2020-04-28,Alameda,001,1643700,1867,1525,2,1527,55
2020-04-28,Alpine,003,1148,1,1,0,1,0
2020-04-28,Amador,005,37829,7,8,0,8,0
2020-04-28,Butte,007,227075,28,16,1,17,0
2020-04-28,Calaveras,009,45235,10,13,0,13,0
2020-04-28,Colusa,011,21464,3,3,0,3,0
2020-04-28,Contra Costa,013,1133247,984,866,0,866,25
2020-04-28,Del Norte,015,27424,4,3,0,3,0
2020-04-28,El Dorado,017,186661,60,43,0,43,0
2020-04-28,Fresno,019,978130,1057,525,8,533,7
2020-04-28,Glenn,021,27897,5,4,0,4,0
2020-04-28,Humboldt,023,135768,58,53,0,53,0
2020-04-28,Imperial,025,180216,513,295,0,295,6
2020-04-28,Inyo,027,18085,19,20,0,20,1
2020-04-28,Kern,029,883053,1163,882,1,883,5
2020-04-28,Kings,031,150075,230,57,1,58,1
2020-04-28,Lake,033,64148,9,6,0,6,0
2020-04-28,Lassen,035,31185,1,0,2,2,0
2020-04-28,Los Angeles,037,10098052,28354,21029,18,21047,984
2020-04-28,Madera,039,155013,86,44,1,45,2
2020-04-28,Marin,041,260295,244,228,1,229,12
2020-04-28,Mariposa,043,17540,15,0,0,0,0
2020-04-28,Mendocino,045,87422,13,10,0,10,0
2020-04-28,Merced,047,269075,186,108,0,108,3
2020-04-28,Modoc,049,8938,0,0,0,0,0
2020-04-28,Mono,051,14174,31,25,0,25,1
2020-04-28,Monterey,053,433212,259,191,1,192,5
2020-04-28,Napa,055,140530,81,67,0,67,2
2020-04-28,Nevada,057,99092,41,41,1,42,1
2020-04-28,Orange,059,3164182,3638,2324,20,2344,42
2020-04-28,Placer,061,380077,163,143,0,143,8
2020-04-28,Plumas,063,18699,4,4,0,4,0
2020-04-28,Riverside,065,2383286,4781,3504,15,3519,113
2020-04-28,Sacramento,067,1510023,1107,1044,0,1044,41
2020-04-28,San Benito,069,59416,52,46,0,46,2
2020-04-28,San Bernardino,071,2135413,2511,1891,1,1892,89
2020-04-28,San Diego,073,3302833,4334,3316,0,3316,118
2020-04-28,San Francisco,075,870044,1786,1471,0,1471,23
2020-04-28,San Joaquin,077,732212,585,532,3,535,25
2020-04-28,San Luis Obispo,079,281455,254,172,3,175,1
2020-04-28,San Mateo,081,765935,1414,1129,2,1131,48
2020-04-28,Santa Barbara,083,443738,643,469,2,471,7
2020-04-28,Santa Clara,085,1922200,2590,2130,7,2137,106
2020-04-28,Santa Cruz,087,273765,139,123,0,123,2
2020-04-28,Shasta,089,179085,38,29,0,29,4
2020-04-28,Sierra,091,2930,0,0,0,0,0
2020-04-28,Siskiyou,093,43540,5,5,0,5,0
2020-04-28,Solano,095,438530,294,246,0,246,3
2020-04-28,Sonoma,097,501317,277,226,0,226,1
2020-04-28,Stanislaus,099,539301,435,330,4,334,5
2020-04-28,Sutter,101,95872,31,25,0,25,2
2020-04-28,Tehama,103,63373,1,1,0,1,1
2020-04-28,Trinity,105,12862,1,0,0,0,0
2020-04-28,Tulare,107,460477,958,579,5,584,30
2020-04-28,Tuolumne,109,53932,2,4,0,4,0
2020-04-28,Ventura,111,848112,675,517,1,518,17
2020-04-28,Yolo,113,214977,179,160,0,160,10
2020-04-28,Yuba,115,75493,19,15,0,15,1
2020-04-27,Alameda,001,1643700,1807,1494,2,1496,53
2020-04-27,Alpine,003,1148,1,1,0,1,0
2020-04-27,Amador,005,37829,7,8,0,8,0
2020-04-27,Butte,007,227075,27,16,1,17,0
2020-04-27,Calaveras,009,45235,10,13,0,13,0
2020-04-27,Colusa,011,21464,3,3,0,3,0
2020-04-27,Contra Costa,013,1133247,972,843,0,843,25
2020-04-27,Del Norte,015,27424,4,3,0,3,0
2020-04-27,El Dorado,017,186661,59,43,0,43,0
2020-04-27,Fresno,019,978130,952,504,7,511,7
2020-04-27,Glenn,021,27897,5,4,0,4,0
2020-04-27,Humboldt,023,135768,58,52,0,52,0
2020-04-27,Imperial,025,180216,483,290,0,290,6
2020-04-27,Inyo,027,18085,19,20,0,20,1
2020-04-27,Kern,029,883053,1124,865,1,866,4
2020-04-27,Kings,031,150075,207,48,1,49,1
2020-04-27,Lake,033,64148,8,6,0,6,0
2020-04-27,Lassen,035,31185,1,0,2,2,0
2020-04-27,Los Angeles,037,10098052,27336,20456,18,20474,931
2020-04-27,Madera,039,155013,84,42,1,43,2
2020-04-27,Marin,041,260295,239,227,1,228,12
2020-04-27,Mariposa,043,17540,14,0,0,0,0
2020-04-27,Mendocino,045,87422,13,10,0,10,0
2020-04-27,Merced,047,269075,183,108,0,108,3
2020-04-27,Modoc,049,8938,0,0,0,0,0
2020-04-27,Mono,051,14174,31,23,0,23,1
2020-04-27,Monterey,053,433212,252,185,1,186,4
2020-04-27,Napa,055,140530,77,64,0,64,2
2020-04-27,Nevada,057,99092,41,39,1,40,1
2020-04-27,Orange,059,3164182,3468,2198,20,2218,42
2020-04-27,Placer,061,380077,163,142,0,142,8
2020-04-27,Plumas,063,18699,4,4,0,4,0
2020-04-27,Riverside,065,2383286,4658,3381,15,3396,100
2020-04-27,Sacramento,067,1510023,1092,1035,0,1035,41
2020-04-27,San Benito,069,59416,50,45,0,45,2
2020-04-27,San Bernardino,071,2135413,2397,1742,1,1743,82
2020-04-27,San Diego,073,3302833,4208,3143,0,3143,113
2020-04-27,San Francisco,075,870044,1732,1453,0,1453,23
2020-04-27,San Joaquin,077,732212,579,522,3,525,25
2020-04-27,San Luis Obispo,079,281455,246,166,3,169,1
2020-04-27,San Mateo,081,765935,1392,1092,2,1094,46
2020-04-27,Santa Barbara,083,443738,629,466,2,468,7
2020-04-27,Santa Clara,085,1922200,2565,2104,6,2110,105
2020-04-27,Santa Cruz,087,273765,139,123,0,123,2
2020-04-27,Shasta,089,179085,38,29,0,29,4
2020-04-27,Sierra,091,2930,0,0,0,0,0
2020-04-27,Siskiyou,093,43540,5,5,0,5,0
2020-04-27,Solano,095,438530,294,222,0,222,3
2020-04-27,Sonoma,097,501317,268,220,0,220,1
2020-04-27,Stanislaus,099,539301,419,316,4,320,5
2020-04-27,Sutter,101,95872,29,26,0,26,2
2020-04-27,Tehama,103,63373,1,1,0,1,1
2020-04-27,Trinity,105,12862,1,0,0,0,0
2020-04-27,Tulare,107,460477,887,535,5,540,28
2020-04-27,Tuolumne,109,53932,2,3,0,3,0
2020-04-27,Ventura,111,848112,656,513,1,514,17
2020-04-27,Yolo,113,214977,176,160,0,160,9
2020-04-27,Yuba,115,75493,19,15,0,15,1
2020-04-26,Alameda,001,1643700,1746,1449,2,1451,52
2020-04-26,Alpine,003,1148,1,1,0,1,0
2020-04-26,Amador,005,37829,7,8,0,8,0
2020-04-26,Butte,007,227075,27,16,1,17,0
2020-04-26,Calaveras,009,45235,10,13,0,13,0
2020-04-26,Colusa,011,21464,3,3,0,3,0
2020-04-26,Contra Costa,013,1133247,956,830,0,830,25
2020-04-26,Del Norte,015,27424,3,3,0,3,0
2020-04-26,El Dorado,017,186661,57,41,0,41,0
2020-04-26,Fresno,019,978130,859,476,7,483,7
2020-04-26,Glenn,021,27897,5,4,0,4,0
2020-04-26,Humboldt,023,135768,58,53,0,53,0
2020-04-26,Imperial,025,180216,449,272,0,272,6
2020-04-26,Inyo,027,18085,19,20,0,20,1
2020-04-26,Kern,029,883053,1074,831,1,832,4
2020-04-26,Kings,031,150075,182,33,1,34,1
2020-04-26,Lake,033,64148,8,6,0,6,0
2020-04-26,Lassen,035,31185,1,0,2,2,0
2020-04-26,Los Angeles,037,10098052,26186,19570,18,19588,901
2020-04-26,Madera,039,155013,82,39,1,40,2
2020-04-26,Marin,041,260295,233,225,1,226,12
2020-04-26,Mariposa,043,17540,14,0,0,0,0
2020-04-26,Mendocino,045,87422,13,5,0,5,0
2020-04-26,Merced,047,269075,166,104,0,104,3
2020-04-26,Modoc,049,8938,0,0,0,0,0
2020-04-26,Mono,051,14174,31,23,0,23,1
2020-04-26,Monterey,053,433212,245,182,1,183,4
2020-04-26,Napa,055,140530,76,62,0,62,2
2020-04-26,Nevada,057,99092,41,37,1,38,1
2020-04-26,Orange,059,3164182,3303,2124,20,2144,40
2020-04-26,Placer,061,380077,162,141,0,141,8
2020-04-26,Plumas,063,18699,4,4,0,4,0
2020-04-26,Riverside,065,2383286,4515,3301,15,3316,95
2020-04-26,Sacramento,067,1510023,1083,1027,0,1027,41
2020-04-26,San Benito,069,59416,50,45,0,45,2
2020-04-26,San Bernardino,071,2135413,2300,1681,1,1682,82
2020-04-26,San Diego,073,3302833,4066,3045,0,3045,111
2020-04-26,San Francisco,075,870044,1693,1403,0,1403,23
2020-04-26,San Joaquin,077,732212,571,514,3,517,25
2020-04-26,San Luis Obispo,079,281455,243,165,3,168,1
2020-04-26,San Mateo,081,765935,1366,1070,2,1072,46
2020-04-26,Santa Barbara,083,443738,618,464,2,466,7
2020-04-26,Santa Clara,085,1922200,2542,2097,5,2102,102
2020-04-26,Santa Cruz,087,273765,139,116,0,116,2
2020-04-26,Shasta,089,179085,35,29,0,29,4
2020-04-26,Sierra,091,2930,0,0,0,0,0
2020-04-26,Siskiyou,093,43540,5,5,0,5,0
2020-04-26,Solano,095,438530,285,205,0,205,3
2020-04-26,Sonoma,097,501317,257,216,0,216,1
2020-04-26,Stanislaus,099,539301,404,294,4,298,4
2020-04-26,Sutter,101,95872,29,26,0,26,2
2020-04-26,Tehama,103,63373,1,1,0,1,1
2020-04-26,Trinity,105,12862,1,0,0,0,0
2020-04-26,Tulare,107,460477,828,497,5,502,28
2020-04-26,Tuolumne,109,53932,2,3,0,3,0
2020-04-26,Ventura,111,848112,638,509,1,510,17
2020-04-26,Yolo,113,214977,175,158,0,158,8
2020-04-26,Yuba,115,75493,18,15,0,15,1
2020-04-25,Alameda,001,1643700,1721,1396,2,1398,52
2020-04-25,Alpine,003,1148,1,1,0,1,0
2020-04-25,Amador,005,37829,7,8,0,8,0
2020-04-25,Butte,007,227075,26,16,1,17,0
2020-04-25,Calaveras,009,45235,10,12,0,12,0
2020-04-25,Colusa,011,21464,3,3,0,3,0
2020-04-25,Contra Costa,013,1133247,942,821,0,821,24
2020-04-25,Del Norte,015,27424,2,2,0,2,0
2020-04-25,El Dorado,017,186661,56,41,0,41,0
2020-04-25,Fresno,019,978130,828,459,6,465,7
2020-04-25,Glenn,021,27897,5,4,0,4,0
2020-04-25,Humboldt,023,135768,58,53,0,53,0
2020-04-25,Imperial,025,180216,432,232,0,232,6
2020-04-25,Inyo,027,18085,19,20,0,20,1
2020-04-25,Kern,029,883053,1043,802,1,803,4
2020-04-25,Kings,031,150075,170,33,1,34,1
2020-04-25,Lake,033,64148,6,6,0,6,0
2020-04-25,Lassen,035,31185,1,0,2,2,0
2020-04-25,Los Angeles,037,10098052,25552,19144,18,19162,881
2020-04-25,Madera,039,155013,79,39,1,40,2
2020-04-25,Marin,041,260295,233,215,1,216,12
2020-04-25,Mariposa,043,17540,14,0,0,0,0
2020-04-25,Mendocino,045,87422,12,5,0,5,0
2020-04-25,Merced,047,269075,166,103,0,103,3
2020-04-25,Modoc,049,8938,0,0,0,0,0
2020-04-25,Mono,051,14174,31,23,0,23,1
2020-04-25,Monterey,053,433212,243,173,1,174,4
2020-04-25,Napa,055,140530,76,60,0,60,2
2020-04-25,Nevada,057,99092,41,37,1,38,1
2020-04-25,Orange,059,3164182,3194,2047,20,2067,40
2020-04-25,Placer,061,380077,162,137,0,137,8
2020-04-25,Plumas,063,18699,4,4,0,4,0
2020-04-25,Riverside,065,2383286,4425,3037,15,3052,93
2020-04-25,Sacramento,067,1510023,1081,1015,0,1015,41
2020-04-25,San Benito,069,59416,50,45,0,45,2
2020-04-25,San Bernardino,071,2135413,2255,1675,1,1676,82
2020-04-25,San Diego,073,3302833,3966,2945,0,2945,111
2020-04-25,San Francisco,075,870044,1668,1341,0,1341,22
2020-04-25,San Joaquin,077,732212,564,497,3,500,24
2020-04-25,San Luis Obispo,079,281455,242,159,3,162,1
2020-04-25,San Mateo,081,765935,1348,1054,2,1056,46
2020-04-25,Santa Barbara,083,443738,610,457,2,459,7
2020-04-25,Santa Clara,085,1922200,2520,2045,4,2049,99
2020-04-25,Santa Cruz,087,273765,139,112,0,112,2
2020-04-25,Shasta,089,179085,35,29,0,29,4
2020-04-25,Sierra,091,2930,0,0,0,0,0
2020-04-25,Siskiyou,093,43540,5,5,0,5,0
2020-04-25,Solano,095,438530,281,203,0,203,3
2020-04-25,Sonoma,097,501317,253,199,0,199,1
2020-04-25,Stanislaus,099,539301,396,276,4,280,4
2020-04-25,Sutter,101,95872,29,24,0,24,2
2020-04-25,Tehama,103,63373,1,1,0,1,1
2020-04-25,Trinity,105,12862,0,0,0,0,0
2020-04-25,Tulare,107,460477,795,478,5,483,28
2020-04-25,Tuolumne,109,53932,2,2,0,2,0
2020-04-25,Ventura,111,848112,624,494,1,495,16
2020-04-25,Yolo,113,214977,175,157,0,157,8
2020-04-25,Yuba,115,75493,17,15,0,15,1
2020-04-24,Alameda,001,1643700,1690,1385,2,1387,50
2020-04-24,Alpine,003,1148,1,1,0,1,0
2020-04-24,Amador,005,37829,7,8,0,8,0
2020-04-24,Butte,007,227075,25,15,1,16,0
2020-04-24,Calaveras,009,45235,10,12,0,12,0
2020-04-24,Colusa,011,21464,3,3,0,3,0
2020-04-24,Contra Costa,013,1133247,933,806,0,806,23
2020-04-24,Del Norte,015,27424,2,2,0,2,0
2020-04-24,El Dorado,017,186661,55,41,0,41,0
2020-04-24,Fresno,019,978130,805,449,6,455,7
2020-04-24,Glenn,021,27897,5,4,0,4,0
2020-04-24,Humboldt,023,135768,58,53,0,53,0
2020-04-24,Imperial,025,180216,416,232,0,232,6
2020-04-24,Inyo,027,18085,19,20,0,20,0
2020-04-24,Kern,029,883053,1019,770,1,771,4
2020-04-24,Kings,031,150075,141,30,1,31,1
2020-04-24,Lake,033,64148,6,6,0,6,0
2020-04-24,Lassen,035,31185,1,0,2,2,0
2020-04-24,Los Angeles,037,10098052,24620,18553,18,18571,836
2020-04-24,Madera,039,155013,79,39,1,40,2
2020-04-24,Marin,041,260295,233,211,1,212,11
2020-04-24,Mariposa,043,17540,8,0,0,0,0
2020-04-24,Mendocino,045,87422,12,5,0,5,0
2020-04-24,Merced,047,269075,163,102,0,102,3
2020-04-24,Modoc,049,8938,0,0,0,0,0
2020-04-24,Mono,051,14174,30,23,0,23,1
2020-04-24,Monterey,053,433212,236,167,1,168,4
2020-04-24,Napa,055,140530,75,59,0,59,2
2020-04-24,Nevada,057,99092,41,36,1,37,1
2020-04-24,Orange,059,3164182,3087,1945,20,1965,39
2020-04-24,Placer,061,380077,160,137,0,137,8
2020-04-24,Plumas,063,18699,4,4,0,4,0
2020-04-24,Riverside,065,2383286,4344,3044,15,3059,87
2020-04-24,Sacramento,067,1510023,1075,1009,0,1009,41
2020-04-24,San Benito,069,59416,50,45,0,45,2
2020-04-24,San Bernardino,071,2135413,2220,1667,1,1668,80
2020-04-24,San Diego,073,3302833,3855,2828,0,2828,102
2020-04-24,San Francisco,075,870044,1610,1345,0,1345,22
2020-04-24,San Joaquin,077,732212,557,484,3,487,24
2020-04-24,San Luis Obispo,079,281455,239,151,3,154,1
2020-04-24,San Mateo,081,765935,1325,1004,2,1006,43
2020-04-24,Santa Barbara,083,443738,603,450,2,452,6
2020-04-24,Santa Clara,085,1922200,2477,2026,4,2030,98
2020-04-24,Santa Cruz,087,273765,135,111,0,111,2
2020-04-24,Shasta,089,179085,35,28,0,28,4
2020-04-24,Sierra,091,2930,0,0,0,0,0
2020-04-24,Siskiyou,093,43540,5,5,0,5,0
2020-04-24,Solano,095,438530,279,203,0,203,3
2020-04-24,Sonoma,097,501317,249,199,0,199,1
2020-04-24,Stanislaus,099,539301,393,273,4,277,4
2020-04-24,Sutter,101,95872,28,24,0,24,2
2020-04-24,Tehama,103,63373,1,1,0,1,1
2020-04-24,Trinity,105,12862,0,0,0,0,0
2020-04-24,Tulare,107,460477,767,459,5,464,27
2020-04-24,Tuolumne,109,53932,2,2,0,2,0
2020-04-24,Ventura,111,848112,614,489,1,490,16
2020-04-24,Yolo,113,214977,174,155,0,155,8
2020-04-24,Yuba,115,75493,16,15,0,15,1
2020-04-23,Alameda,001,1643700,1652,1336,2,1338,46
2020-04-23,Alpine,003,1148,1,1,0,1,0
2020-04-23,Amador,005,37829,7,8,0,8,0
2020-04-23,Butte,007,227075,25,15,1,16,0
2020-04-23,Calaveras,009,45235,10,12,0,12,0
2020-04-23,Colusa,011,21464,3,3,0,3,0
2020-04-23,Contra Costa,013,1133247,912,786,0,786,23
2020-04-23,Del Norte,015,27424,2,2,0,2,0
2020-04-23,El Dorado,017,186661,54,39,0,39,0
2020-04-23,Fresno,019,978130,767,426,6,432,7
2020-04-23,Glenn,021,27897,5,3,0,3,0
2020-04-23,Humboldt,023,135768,58,53,0,53,0
2020-04-23,Imperial,025,180216,395,181,0,181,4
2020-04-23,Inyo,027,18085,19,19,0,19,0
2020-04-23,Kern,029,883053,971,732,1,733,4
2020-04-23,Kings,031,150075,126,28,1,29,1
2020-04-23,Lake,033,64148,6,6,0,6,0
2020-04-23,Lassen,035,31185,1,0,2,2,0
2020-04-23,Los Angeles,037,10098052,23560,17548,17,17565,784
2020-04-23,Madera,039,155013,77,37,1,38,2
2020-04-23,Marin,041,260295,220,209,1,210,11
2020-04-23,Mariposa,043,17540,7,0,0,0,0
2020-04-23,Mendocino,045,87422,10,5,0,5,0
2020-04-23,Merced,047,269075,159,98,0,98,3
2020-04-23,Modoc,049,8938,0,0,0,0,0
2020-04-23,Mono,051,14174,30,23,0,23,1
2020-04-23,Monterey,053,433212,232,161,1,162,4
2020-04-23,Napa,055,140530,68,59,0,59,2
2020-04-23,Nevada,057,99092,41,36,1,37,1
2020-04-23,Orange,059,3164182,2909,1841,19,1860,37
2020-04-23,Placer,061,380077,157,136,0,136,8
2020-04-23,Plumas,063,18699,4,4,0,4,0
2020-04-23,Riverside,065,2383286,4230,2935,14,2949,78
2020-04-23,Sacramento,067,1510023,1063,978,0,978,41
2020-04-23,San Benito,069,59416,47,43,0,43,2
2020-04-23,San Bernardino,071,2135413,2155,1604,1,1605,79
2020-04-23,San Diego,073,3302833,3694,2645,0,2645,100
2020-04-23,San Francisco,075,870044,1585,1312,0,1312,21
2020-04-23,San Joaquin,077,732212,547,479,3,482,20
2020-04-23,San Luis Obispo,079,281455,235,146,3,149,1
2020-04-23,San Mateo,081,765935,1286,970,2,972,42
2020-04-23,Santa Barbara,083,443738,593,445,2,447,6
2020-04-23,Santa Clara,085,1922200,2442,1996,4,2000,95
2020-04-23,Santa Cruz,087,273765,134,110,0,110,2
2020-04-23,Shasta,089,179085,35,27,0,27,3
2020-04-23,Sierra,091,2930,0,0,0,0,0
2020-04-23,Siskiyou,093,43540,5,5,0,5,0
2020-04-23,Solano,095,438530,265,196,0,196,3
2020-04-23,Sonoma,097,501317,237,187,0,187,1
2020-04-23,Stanislaus,099,539301,389,254,4,258,4
2020-04-23,Sutter,101,95872,28,24,0,24,2
2020-04-23,Tehama,103,63373,1,1,0,1,1
2020-04-23,Trinity,105,12862,0,0,0,0,0
2020-04-23,Tulare,107,460477,738,440,5,445,25
2020-04-23,Tuolumne,109,53932,2,2,0,2,0
2020-04-23,Ventura,111,848112,600,479,1,480,16
2020-04-23,Yolo,113,214977,171,151,0,151,8
2020-04-23,Yuba,115,75493,16,15,0,15,1
2020-04-22,Alameda,001,1643700,1603,1275,2,1277,46
2020-04-22,Alpine,003,1148,1,1,0,1,0
2020-04-22,Amador,005,37829,7,7,0,7,0
2020-04-22,Butte,007,227075,24,15,1,16,0
2020-04-22,Calaveras,009,45235,10,12,0,12,0
2020-04-22,Colusa,011,21464,3,3,0,3,0
2020-04-22,Contra Costa,013,1133247,897,772,0,772,22
2020-04-22,Del Norte,015,27424,2,2,0,2,0
2020-04-22,El Dorado,017,186661,54,39,0,39,0
2020-04-22,Fresno,019,978130,727,388,6,394,7
2020-04-22,Glenn,021,27897,5,3,0,3,0
2020-04-22,Humboldt,023,135768,58,53,0,53,0
2020-04-22,Imperial,025,180216,384,170,0,170,3
2020-04-22,Inyo,027,18085,19,18,0,18,0
2020-04-22,Kern,029,883053,949,713,1,714,4
2020-04-22,Kings,031,150075,105,28,1,29,1
2020-04-22,Lake,033,64148,6,6,0,6,0
2020-04-22,Lassen,035,31185,1,0,2,2,0
2020-04-22,Los Angeles,037,10098052,22534,16400,17,16417,715
2020-04-22,Madera,039,155013,75,37,1,38,2
2020-04-22,Marin,041,260295,218,202,1,203,11
2020-04-22,Mariposa,043,17540,6,0,0,0,0
2020-04-22,Mendocino,045,87422,7,5,0,5,0
2020-04-22,Merced,047,269075,147,92,0,92,3
2020-04-22,Modoc,049,8938,0,0,0,0,0
2020-04-22,Mono,051,14174,29,23,0,23,1
2020-04-22,Monterey,053,433212,225,154,1,155,4
2020-04-22,Napa,055,140530,67,58,0,58,2
2020-04-22,Nevada,057,99092,41,36,1,37,1
2020-04-22,Orange,059,3164182,2815,1785,18,1803,36
2020-04-22,Placer,061,380077,155,133,0,133,8
2020-04-22,Plumas,063,18699,4,4,0,4,0
2020-04-22,Riverside,065,2383286,4126,2822,14,2836,76
2020-04-22,Sacramento,067,1510023,1058,959,0,959,36
2020-04-22,San Benito,069,59416,46,43,0,43,2
2020-04-22,San Bernardino,071,2135413,2092,1564,1,1565,74
2020-04-22,San Diego,073,3302833,3566,2493,0,2493,96
2020-04-22,San Francisco,075,870044,1548,1255,0,1255,21
2020-04-22,San Joaquin,077,732212,536,462,3,465,20
2020-04-22,San Luis Obispo,079,281455,226,142,3,145,1
2020-04-22,San Mateo,081,765935,1263,945,2,947,40
2020-04-22,Santa Barbara,083,443738,585,437,2,439,6
2020-04-22,Santa Clara,085,1922200,2426,1969,4,1973,95
2020-04-22,Santa Cruz,087,273765,130,106,0,106,2
2020-04-22,Shasta,089,179085,34,26,0,26,3
2020-04-22,Sierra,091,2930,0,0,0,0,0
2020-04-22,Siskiyou,093,43540,5,5,0,5,0
2020-04-22,Solano,095,438530,246,195,0,195,3
2020-04-22,Sonoma,097,501317,234,185,0,185,1
2020-04-22,Stanislaus,099,539301,332,247,4,251,4
2020-04-22,Sutter,101,95872,28,22,0,22,2
2020-04-22,Tehama,103,63373,1,1,0,1,1
2020-04-22,Trinity,105,12862,0,0,0,0,0
2020-04-22,Tulare,107,460477,704,425,5,430,23
2020-04-22,Tuolumne,109,53932,2,2,0,2,0
2020-04-22,Ventura,111,848112,590,465,1,466,15
2020-04-22,Yolo,113,214977,171,147,0,147,8
2020-04-22,Yuba,115,75493,16,15,0,15,1
2020-04-21,Alameda,001,1643700,1573,1234,2,1236,46
2020-04-21,Alpine,003,1148,1,1,0,1,0
2020-04-21,Amador,005,37829,7,7,0,7,0
2020-04-21,Butte,007,227075,23,15,1,16,0
2020-04-21,Calaveras,009,45235,9,12,0,12,0
2020-04-21,Colusa,011,21464,3,3,0,3,0
2020-04-21,Contra Costa,013,1133247,883,766,0,766,22
2020-04-21,Del Norte,015,27424,2,2,0,2,0
2020-04-21,El Dorado,017,186661,53,36,0,36,0
2020-04-21,Fresno,019,978130,693,372,6,378,7
2020-04-21,Glenn,021,27897,5,3,0,3,0
2020-04-21,Humboldt,023,135768,57,53,0,53,0
2020-04-21,Imperial,025,180216,364,165,0,165,2
2020-04-21,Inyo,027,18085,19,18,0,18,0
2020-04-21,Kern,029,883053,907,676,1,677,4
2020-04-21,Kings,031,150075,91,28,1,29,1
2020-04-21,Lake,033,64148,6,6,0,6,0
2020-04-21,Lassen,035,31185,1,0,2,2,0
2020-04-21,Los Angeles,037,10098052,21674,15096,17,15113,650
2020-04-21,Madera,039,155013,75,37,1,38,2
2020-04-21,Marin,041,260295,212,202,1,203,10
2020-04-21,Mariposa,043,17540,5,0,0,0,0
2020-04-21,Mendocino,045,87422,7,5,0,5,0
2020-04-21,Merced,047,269075,143,89,0,89,3
2020-04-21,Modoc,049,8938,0,0,0,0,0
2020-04-21,Mono,051,14174,29,23,0,23,1
2020-04-21,Monterey,053,433212,222,151,1,152,4
2020-04-21,Napa,055,140530,66,58,0,58,2
2020-04-21,Nevada,057,99092,41,36,1,37,1
2020-04-21,Orange,059,3164182,2692,1717,17,1734,36
2020-04-21,Placer,061,380077,153,133,0,133,8
2020-04-21,Plumas,063,18699,4,4,0,4,0
2020-04-21,Riverside,065,2383286,3995,2631,14,2645,68
2020-04-21,Sacramento,067,1510023,1048,941,0,941,33
2020-04-21,San Benito,069,59416,45,43,0,43,2
2020-04-21,San Bernardino,071,2135413,2031,1499,1,1500,71
2020-04-21,San Diego,073,3302833,3410,2436,0,2436,87
2020-04-21,San Francisco,075,870044,1518,1232,0,1232,20
2020-04-21,San Joaquin,077,732212,526,447,3,450,20
2020-04-21,San Luis Obispo,079,281455,218,134,3,137,1
2020-04-21,San Mateo,081,765935,1217,933,2,935,34
2020-04-21,Santa Barbara,083,443738,573,414,2,416,5
2020-04-21,Santa Clara,085,1922200,2376,1943,4,1947,91
2020-04-21,Santa Cruz,087,273765,128,104,0,104,2
2020-04-21,Shasta,089,179085,33,26,0,26,3
2020-04-21,Sierra,091,2930,0,0,0,0,0
2020-04-21,Siskiyou,093,43540,5,5,0,5,0
2020-04-21,Solano,095,438530,238,193,0,193,3
2020-04-21,Sonoma,097,501317,224,182,0,182,1
2020-04-21,Stanislaus,099,539301,313,235,4,239,4
2020-04-21,Sutter,101,95872,28,22,0,22,2
2020-04-21,Tehama,103,63373,1,1,0,1,1
2020-04-21,Trinity,105,12862,0,0,0,0,0
2020-04-21,Tulare,107,460477,667,410,5,415,23
2020-04-21,Tuolumne,109,53932,2,2,0,2,0
2020-04-21,Ventura,111,848112,578,455,1,456,14
2020-04-21,Yolo,113,214977,169,143,0,143,8
2020-04-21,Yuba,115,75493,16,15,0,15,1
2020-04-20,Alameda,001,1643700,1540,1181,2,1183,42
2020-04-20,Alpine,003,1148,1,1,0,1,0
2020-04-20,Amador,005,37829,7,7,0,7,0
2020-04-20,Butte,007,227075,23,15,1,16,0
2020-04-20,Calaveras,009,45235,9,12,0,12,0
2020-04-20,Colusa,011,21464,3,3,0,3,0
2020-04-20,Contra Costa,013,1133247,873,753,0,753,22
2020-04-20,Del Norte,015,27424,2,2,0,2,0
2020-04-20,El Dorado,017,186661,53,36,0,36,0
2020-04-20,Fresno,019,978130,675,356,6,362,7
2020-04-20,Glenn,021,27897,4,3,0,3,0
2020-04-20,Humboldt,023,135768,57,53,0,53,0
2020-04-20,Imperial,025,180216,345,149,0,149,2
2020-04-20,Inyo,027,18085,19,17,0,17,0
2020-04-20,Kern,029,883053,875,651,1,652,3
2020-04-20,Kings,031,150075,80,19,1,20,1
2020-04-20,Lake,033,64148,6,6,0,6,0
2020-04-20,Lassen,035,31185,1,0,2,2,0
2020-04-20,Los Angeles,037,10098052,20759,13787,17,13804,608
2020-04-20,Madera,039,155013,74,35,1,36,2
2020-04-20,Marin,041,260295,208,200,1,201,10
2020-04-20,Mariposa,043,17540,5,0,0,0,0
2020-04-20,Mendocino,045,87422,7,5,0,5,0
2020-04-20,Merced,047,269075,136,88,0,88,3
2020-04-20,Modoc,049,8938,0,0,0,0,0
2020-04-20,Mono,051,14174,29,23,0,23,1
2020-04-20,Monterey,053,433212,213,147,1,148,4
2020-04-20,Napa,055,140530,66,55,0,55,2
2020-04-20,Nevada,057,99092,41,34,1,35,1
2020-04-20,Orange,059,3164182,2608,1679,17,1696,33
2020-04-20,Placer,061,380077,152,132,0,132,8
2020-04-20,Plumas,063,18699,4,4,0,4,0
2020-04-20,Riverside,065,2383286,3870,2477,14,2491,61
2020-04-20,Sacramento,067,1510023,1038,924,0,924,32
2020-04-20,San Benito,069,59416,45,43,0,43,2
2020-04-20,San Bernardino,071,2135413,1944,1344,1,1345,63
2020-04-20,San Diego,073,3302833,3268,2327,0,2327,72
2020-04-20,San Francisco,075,870044,1486,1223,0,1223,19
2020-04-20,San Joaquin,077,732212,522,422,3,425,17
2020-04-20,San Luis Obispo,079,281455,204,132,3,135,1
2020-04-20,San Mateo,081,765935,1194,890,2,892,31
2020-04-20,Santa Barbara,083,443738,562,388,2,390,4
2020-04-20,Santa Clara,085,1922200,2345,1920,4,1924,84
2020-04-20,Santa Cruz,087,273765,126,102,0,102,2
2020-04-20,Shasta,089,179085,33,26,0,26,3
2020-04-20,Sierra,091,2930,0,0,0,0,0
2020-04-20,Siskiyou,093,43540,5,5,0,5,0
2020-04-20,Solano,095,438530,235,185,0,185,2
2020-04-20,Sonoma,097,501317,216,178,0,178,1
2020-04-20,Stanislaus,099,539301,299,228,4,232,3
2020-04-20,Sutter,101,95872,27,22,0,22,2
2020-04-20,Tehama,103,63373,1,1,0,1,1
2020-04-20,Trinity,105,12862,0,0,0,0,0
2020-04-20,Tulare,107,460477,657,401,5,406,20
2020-04-20,Tuolumne,109,53932,2,2,0,2,0
2020-04-20,Ventura,111,848112,564,426,1,427,13
2020-04-20,Yolo,113,214977,168,125,0,125,5
2020-04-20,Yuba,115,75493,16,15,0,15,1
2020-04-19,Alameda,001,1643700,1490,1134,2,1136,41
2020-04-19,Alpine,003,1148,1,1,0,1,0
2020-04-19,Amador,005,37829,6,7,0,7,0
2020-04-19,Butte,007,227075,22,15,1,16,0
2020-04-19,Calaveras,009,45235,9,12,0,12,0
2020-04-19,Colusa,011,21464,3,3,0,3,0
2020-04-19,Contra Costa,013,1133247,859,731,0,731,20
2020-04-19,Del Norte,015,27424,2,2,0,2,0
2020-04-19,El Dorado,017,186661,53,36,0,36,0
2020-04-19,Fresno,019,978130,639,326,6,332,7
2020-04-19,Glenn,021,27897,4,3,0,3,0
2020-04-19,Humboldt,023,135768,57,53,0,53,0
2020-04-19,Imperial,025,180216,319,144,0,144,2
2020-04-19,Inyo,027,18085,19,17,0,17,0
2020-04-19,Kern,029,883053,850,629,1,630,3
2020-04-19,Kings,031,150075,70,17,1,18,1
2020-04-19,Lake,033,64148,6,6,0,6,0
2020-04-19,Lassen,035,31185,1,0,2,2,0
2020-04-19,Los Angeles,037,10098052,19764,12299,17,12316,589
2020-04-19,Madera,039,155013,72,34,1,35,2
2020-04-19,Marin,041,260295,207,194,1,195,10
2020-04-19,Mariposa,043,17540,2,0,0,0,0
2020-04-19,Mendocino,045,87422,7,4,0,4,0
2020-04-19,Merced,047,269075,131,85,0,85,3
2020-04-19,Modoc,049,8938,0,0,0,0,0
2020-04-19,Mono,051,14174,29,23,0,23,1
2020-04-19,Monterey,053,433212,204,140,1,141,4
2020-04-19,Napa,055,140530,64,49,0,49,2
2020-04-19,Nevada,057,99092,40,34,1,35,1
2020-04-19,Orange,059,3164182,2511,1591,15,1606,32
2020-04-19,Placer,061,380077,151,131,0,131,8
2020-04-19,Plumas,063,18699,4,4,0,4,0
2020-04-19,Riverside,065,2383286,3727,2316,14,2330,56
2020-04-19,Sacramento,067,1510023,1011,912,0,912,32
2020-04-19,San Benito,069,59416,43,40,0,40,2
2020-04-19,San Bernardino,071,2135413,1881,1262,1,1263,58
2020-04-19,San Diego,073,3302833,3101,2270,0,2270,71
2020-04-19,San Francisco,075,870044,1453,1153,0,1153,19
2020-04-19,San Joaquin,077,732212,504,404,3,407,17
2020-04-19,San Luis Obispo,079,281455,199,132,3,135,1
2020-04-19,San Mateo,081,765935,1158,845,2,847,31
2020-04-19,Santa Barbara,083,443738,552,377,2,379,3
2020-04-19,Santa Clara,085,1922200,2301,1878,4,1882,81
2020-04-19,Santa Cruz,087,273765,123,98,0,98,2
2020-04-19,Shasta,089,179085,31,26,0,26,3
2020-04-19,Sierra,091,2930,0,0,0,0,0
2020-04-19,Siskiyou,093,43540,5,5,0,5,0
2020-04-19,Solano,095,438530,227,174,0,174,2
2020-04-19,Sonoma,097,501317,210,172,0,172,1
2020-04-19,Stanislaus,099,539301,291,221,4,225,3
2020-04-19,Sutter,101,95872,26,21,0,21,2
2020-04-19,Tehama,103,63373,1,1,0,1,1
2020-04-19,Trinity,105,12862,0,0,0,0,0
2020-04-19,Tulare,107,460477,611,391,5,396,17
2020-04-19,Tuolumne,109,53932,2,2,0,2,0
2020-04-19,Ventura,111,848112,556,418,1,419,13
2020-04-19,Yolo,113,214977,168,120,0,120,5
2020-04-19,Yuba,115,75493,16,15,0,15,1
2020-04-18,Alameda,001,1643700,1465,1085,2,1087,40
2020-04-18,Alpine,003,1148,1,1,0,1,0
2020-04-18,Amador,005,37829,6,7,0,7,0
2020-04-18,Butte,007,227075,21,15,1,16,0
2020-04-18,Calaveras,009,45235,9,12,0,12,0
2020-04-18,Colusa,011,21464,3,3,0,3,0
2020-04-18,Contra Costa,013,1133247,847,721,0,721,17
2020-04-18,Del Norte,015,27424,2,2,0,2,0
2020-04-18,El Dorado,017,186661,53,36,0,36,0
2020-04-18,Fresno,019,978130,619,319,6,325,7
2020-04-18,Glenn,021,27897,4,3,0,3,0
2020-04-18,Humboldt,023,135768,57,52,0,52,0
2020-04-18,Imperial,025,180216,310,137,0,137,2
2020-04-18,Inyo,027,18085,19,17,0,17,0
2020-04-18,Kern,029,883053,828,626,1,627,3
2020-04-18,Kings,031,150075,69,17,1,18,1
2020-04-18,Lake,033,64148,6,6,0,6,0
2020-04-18,Lassen,035,31185,1,0,2,2,0
2020-04-18,Los Angeles,037,10098052,19239,11984,16,12000,566
2020-04-18,Madera,039,155013,71,34,1,35,2
2020-04-18,Marin,041,260295,205,193,1,194,10
2020-04-18,Mariposa,043,17540,2,0,0,0,0
2020-04-18,Mendocino,045,87422,7,4,0,4,0
2020-04-18,Merced,047,269075,129,82,0,82,3
2020-04-18,Modoc,049,8938,0,0,0,0,0
2020-04-18,Mono,051,14174,29,22,0,22,1
2020-04-18,Monterey,053,433212,200,135,1,136,3
2020-04-18,Napa,055,140530,64,49,0,49,2
2020-04-18,Nevada,057,99092,39,34,1,35,1
2020-04-18,Orange,059,3164182,2447,1569,14,1583,32
2020-04-18,Placer,061,380077,149,130,0,130,8
2020-04-18,Plumas,063,18699,4,4,0,4,0
2020-04-18,Riverside,065,2383286,3652,2257,14,2271,56
2020-04-18,Sacramento,067,1510023,999,901,0,901,32
2020-04-18,San Benito,069,59416,43,40,0,40,2
2020-04-18,San Bernardino,071,2135413,1836,1255,1,1256,58
2020-04-18,San Diego,073,3302833,2999,2215,0,2215,71
2020-04-18,San Francisco,075,870044,1414,1144,0,1144,19
2020-04-18,San Joaquin,077,732212,495,392,3,395,17
2020-04-18,San Luis Obispo,079,281455,195,129,3,132,1
2020-04-18,San Mateo,081,765935,1136,821,2,823,31
2020-04-18,Santa Barbara,083,443738,546,372,2,374,3
2020-04-18,Santa Clara,085,1922200,2268,1862,4,1866,79
2020-04-18,Santa Cruz,087,273765,121,96,0,96,2
2020-04-18,Shasta,089,179085,31,26,0,26,3
2020-04-18,Sierra,091,2930,0,0,0,0,0
2020-04-18,Siskiyou,093,43540,5,5,0,5,0
2020-04-18,Solano,095,438530,224,175,0,175,2
2020-04-18,Sonoma,097,501317,206,168,0,168,1
2020-04-18,Stanislaus,099,539301,283,216,4,220,3
2020-04-18,Sutter,101,95872,26,21,0,21,2
2020-04-18,Tehama,103,63373,1,1,0,1,1
2020-04-18,Trinity,105,12862,0,0,0,0,0
2020-04-18,Tulare,107,460477,600,385,5,390,17
2020-04-18,Tuolumne,109,53932,2,2,0,2,0
2020-04-18,Ventura,111,848112,548,416,1,417,13
2020-04-18,Yolo,113,214977,166,118,0,118,5
2020-04-18,Yuba,115,75493,16,14,0,14,1
2020-04-17,Alameda,001,1643700,1409,1043,1,1044,40
2020-04-17,Alpine,003,1148,1,1,0,1,0
2020-04-17,Amador,005,37829,6,7,0,7,0
2020-04-17,Butte,007,227075,21,15,1,16,0
2020-04-17,Calaveras,009,45235,9,11,0,11,0
2020-04-17,Colusa,011,21464,3,3,0,3,0
2020-04-17,Contra Costa,013,1133247,836,687,0,687,15
2020-04-17,Del Norte,015,27424,2,2,0,2,0
2020-04-17,El Dorado,017,186661,53,35,0,35,0
2020-04-17,Fresno,019,978130,597,315,6,321,7
2020-04-17,Glenn,021,27897,4,3,0,3,0
2020-04-17,Humboldt,023,135768,56,52,0,52,0
2020-04-17,Imperial,025,180216,301,135,0,135,2
2020-04-17,Inyo,027,18085,19,17,0,17,0
2020-04-17,Kern,029,883053,808,612,1,613,3
2020-04-17,Kings,031,150075,67,15,1,16,1
2020-04-17,Lake,033,64148,6,6,0,6,0
2020-04-17,Lassen,035,31185,1,0,2,2,0
2020-04-17,Los Angeles,037,10098052,18596,11354,16,11370,489
2020-04-17,Madera,039,155013,71,34,1,35,2
2020-04-17,Marin,041,260295,202,189,1,190,10
2020-04-17,Mariposa,043,17540,1,0,0,0,0
2020-04-17,Mendocino,045,87422,7,4,0,4,0
2020-04-17,Merced,047,269075,128,80,0,80,3
2020-04-17,Modoc,049,8938,0,0,0,0,0
2020-04-17,Mono,051,14174,29,22,0,22,1
2020-04-17,Monterey,053,433212,195,119,1,120,3
2020-04-17,Napa,055,140530,62,46,0,46,2
2020-04-17,Nevada,057,99092,38,34,1,35,1
2020-04-17,Orange,059,3164182,2396,1496,14,1510,31
2020-04-17,Placer,061,380077,149,130,0,130,8
2020-04-17,Plumas,063,18699,4,4,0,4,0
2020-04-17,Riverside,065,2383286,3525,2080,14,2094,50
2020-04-17,Sacramento,067,1510023,992,882,0,882,32
2020-04-17,San Benito,069,59416,43,38,0,38,2
2020-04-17,San Bernardino,071,2135413,1797,1229,1,1230,57
2020-04-17,San Diego,073,3302833,2909,2160,0,2160,70
2020-04-17,San Francisco,075,870044,1388,1090,0,1090,19
2020-04-17,San Joaquin,077,732212,484,356,3,359,17
2020-04-17,San Luis Obispo,079,281455,188,116,3,119,1
2020-04-17,San Mateo,081,765935,1120,768,2,770,31
2020-04-17,Santa Barbara,083,443738,541,349,2,351,3
2020-04-17,Santa Clara,085,1922200,2232,1834,4,1838,74
2020-04-17,Santa Cruz,087,273765,120,94,0,94,2
2020-04-17,Shasta,089,179085,31,26,0,26,3
2020-04-17,Sierra,091,2930,0,0,0,0,0
2020-04-17,Siskiyou,093,43540,5,5,0,5,0
2020-04-17,Solano,095,438530,223,173,0,173,2
2020-04-17,Sonoma,097,501317,203,167,0,167,1
2020-04-17,Stanislaus,099,539301,281,201,4,205,3
2020-04-17,Sutter,101,95872,26,20,0,20,2
2020-04-17,Tehama,103,63373,1,1,0,1,1
2020-04-17,Trinity,105,12862,0,0,0,0,0
2020-04-17,Tulare,107,460477,593,370,5,375,17
2020-04-17,Tuolumne,109,53932,2,2,0,2,0
2020-04-17,Ventura,111,848112,543,398,1,399,13
2020-04-17,Yolo,113,214977,165,117,0,117,5
2020-04-17,Yuba,115,75493,16,14,0,14,1
2020-04-16,Alameda,001,1643700,1374,981,1,982,39
2020-04-16,Alpine,003,1148,1,1,0,1,0
2020-04-16,Amador,005,37829,6,7,0,7,0
2020-04-16,Butte,007,227075,20,15,1,16,0
2020-04-16,Calaveras,009,45235,9,10,0,10,0
2020-04-16,Colusa,011,21464,3,3,0,3,0
2020-04-16,Contra Costa,013,1133247,822,675,0,675,14
2020-04-16,Del Norte,015,27424,2,2,0,2,0
2020-04-16,El Dorado,017,186661,52,34,0,34,0
2020-04-16,Fresno,019,978130,567,289,6,295,7
2020-04-16,Glenn,021,27897,4,3,0,3,0
2020-04-16,Humboldt,023,135768,56,47,0,47,0
2020-04-16,Imperial,025,180216,287,132,0,132,2
2020-04-16,Inyo,027,18085,17,17,0,17,0
2020-04-16,Kern,029,883053,781,587,1,588,3
2020-04-16,Kings,031,150075,63,12,1,13,1
2020-04-16,Lake,033,64148,6,6,0,6,0
2020-04-16,Lassen,035,31185,1,0,2,2,0
2020-04-16,Los Angeles,037,10098052,17711,10786,16,10802,447
2020-04-16,Madera,039,155013,69,34,1,35,2
2020-04-16,Marin,041,260295,198,170,1,171,10
2020-04-16,Mariposa,043,17540,1,1,0,1,0
2020-04-16,Mendocino,045,87422,7,4,0,4,0
2020-04-16,Merced,047,269075,122,76,0,76,3
2020-04-16,Modoc,049,8938,0,0,0,0,0
2020-04-16,Mono,051,14174,29,22,0,22,1
2020-04-16,Monterey,053,433212,192,116,1,117,3
2020-04-16,Napa,055,140530,59,44,0,44,2
2020-04-16,Nevada,057,99092,38,34,1,35,1
2020-04-16,Orange,059,3164182,2331,1439,13,1452,28
2020-04-16,Placer,061,380077,147,129,0,129,7
2020-04-16,Plumas,063,18699,4,4,0,4,0
2020-04-16,Riverside,065,2383286,3405,1913,14,1927,45
2020-04-16,Sacramento,067,1510023,984,865,0,865,32
2020-04-16,San Benito,069,59416,43,36,0,36,2
2020-04-16,San Bernardino,071,2135413,1714,1143,0,1143,54
2020-04-16,San Diego,073,3302833,2801,2089,0,2089,63
2020-04-16,San Francisco,075,870044,1344,1039,0,1039,16
2020-04-16,San Joaquin,077,732212,469,345,3,348,17
2020-04-16,San Luis Obispo,079,281455,184,113,3,116,1
2020-04-16,San Mateo,081,765935,1091,745,2,747,29
2020-04-16,Santa Barbara,083,443738,528,331,2,333,3
2020-04-16,Santa Clara,085,1922200,2195,1789,4,1793,70
2020-04-16,Santa Cruz,087,273765,118,90,0,90,2
2020-04-16,Shasta,089,179085,31,25,0,25,3
2020-04-16,Sierra,091,2930,0,0,0,0,0
2020-04-16,Siskiyou,093,43540,5,5,0,5,0
2020-04-16,Solano,095,438530,220,162,0,162,2
2020-04-16,Sonoma,097,501317,198,145,0,145,1
2020-04-16,Stanislaus,099,539301,278,185,4,189,3
2020-04-16,Sutter,101,95872,25,21,0,21,2
2020-04-16,Tehama,103,63373,1,1,0,1,1
2020-04-16,Trinity,105,12862,0,0,0,0,0
2020-04-16,Tulare,107,460477,576,305,5,310,16
2020-04-16,Tuolumne,109,53932,2,1,0,1,0
2020-04-16,Ventura,111,848112,531,384,1,385,13
2020-04-16,Yolo,113,214977,163,98,0,98,4
2020-04-16,Yuba,115,75493,15,14,0,14,1
2020-04-15,Alameda,001,1643700,1324,915,1,916,38
2020-04-15,Alpine,003,1148,1,1,0,1,0
2020-04-15,Amador,005,37829,6,7,0,7,0
2020-04-15,Butte,007,227075,20,14,1,15,0
2020-04-15,Calaveras,009,45235,8,9,0,9,0
2020-04-15,Colusa,011,21464,3,3,0,3,0
2020-04-15,Contra Costa,013,1133247,800,645,0,645,14
2020-04-15,Del Norte,015,27424,2,2,0,2,0
2020-04-15,El Dorado,017,186661,50,33,0,33,0
2020-04-15,Fresno,019,978130,542,264,6,270,7
2020-04-15,Glenn,021,27897,4,3,0,3,0
2020-04-15,Humboldt,023,135768,56,47,0,47,0
2020-04-15,Imperial,025,180216,260,115,0,115,2
2020-04-15,Inyo,027,18085,17,12,0,12,0
2020-04-15,Kern,029,883053,759,500,1,501,3
2020-04-15,Kings,031,150075,59,12,1,13,1
2020-04-15,Lake,033,64148,6,4,0,4,0
2020-04-15,Lassen,035,31185,1,0,2,2,0
2020-04-15,Los Angeles,037,10098052,16891,10416,15,10431,394
2020-04-15,Madera,039,155013,69,30,1,31,2
2020-04-15,Marin,041,260295,195,162,1,163,10
2020-04-15,Mariposa,043,17540,0,0,0,0,0
2020-04-15,Mendocino,045,87422,6,4,0,4,0
2020-04-15,Merced,047,269075,120,74,0,74,3
2020-04-15,Modoc,049,8938,0,0,0,0,0
2020-04-15,Mono,051,14174,29,22,0,22,1
2020-04-15,Monterey,053,433212,184,106,1,107,3
2020-04-15,Napa,055,140530,56,34,0,34,2
2020-04-15,Nevada,057,99092,37,34,1,35,1
2020-04-15,Orange,059,3164182,2228,1377,13,1390,24
2020-04-15,Placer,061,380077,146,123,0,123,6
2020-04-15,Plumas,063,18699,4,4,0,4,0
2020-04-15,Riverside,065,2383286,3210,1723,14,1737,42
2020-04-15,Sacramento,067,1510023,975,839,0,839,32
2020-04-15,San Benito,069,59416,43,34,0,34,2
2020-04-15,San Bernardino,071,2135413,1644,1063,0,1063,45
2020-04-15,San Diego,073,3302833,2713,2014,0,2014,60
2020-04-15,San Francisco,075,870044,1308,1006,0,1006,16
2020-04-15,San Joaquin,077,732212,461,329,3,332,17
2020-04-15,San Luis Obispo,079,281455,176,112,3,115,1
2020-04-15,San Mateo,081,765935,1042,707,2,709,28
2020-04-15,Santa Barbara,083,443738,508,317,2,319,2
2020-04-15,Santa Clara,085,1922200,2156,1692,4,1696,69
2020-04-15,Santa Cruz,087,273765,114,92,0,92,2
2020-04-15,Shasta,089,179085,31,25,0,25,3
2020-04-15,Sierra,091,2930,0,0,0,0,0
2020-04-15,Siskiyou,093,43540,5,5,0,5,0
2020-04-15,Solano,095,438530,215,153,0,153,2
2020-04-15,Sonoma,097,501317,196,140,0,140,1
2020-04-15,Stanislaus,099,539301,271,174,4,178,3
2020-04-15,Sutter,101,95872,25,19,0,19,2
2020-04-15,Tehama,103,63373,1,1,0,1,1
2020-04-15,Trinity,105,12862,0,0,0,0,0
2020-04-15,Tulare,107,460477,558,289,5,294,14
2020-04-15,Tuolumne,109,53932,2,1,0,1,0
2020-04-15,Ventura,111,848112,516,365,1,366,13
2020-04-15,Yolo,113,214977,159,93,0,93,3
2020-04-15,Yuba,115,75493,15,15,0,15,1
2020-04-14,Alameda,001,1643700,1279,843,1,844,30
2020-04-14,Alpine,003,1148,1,1,0,1,0
2020-04-14,Amador,005,37829,6,6,0,6,0
2020-04-14,Butte,007,227075,20,13,1,14,0
2020-04-14,Calaveras,009,45235,8,5,0,5,0
2020-04-14,Colusa,011,21464,3,3,0,3,0
2020-04-14,Contra Costa,013,1133247,788,617,0,617,12
2020-04-14,Del Norte,015,27424,2,2,0,2,0
2020-04-14,El Dorado,017,186661,50,30,0,30,0
2020-04-14,Fresno,019,978130,519,244,6,250,6
2020-04-14,Glenn,021,27897,4,3,0,3,0
2020-04-14,Humboldt,023,135768,56,44,0,44,0
2020-04-14,Imperial,025,180216,240,86,0,86,2
2020-04-14,Inyo,027,18085,17,12,0,12,0
2020-04-14,Kern,029,883053,736,453,1,454,3
2020-04-14,Kings,031,150075,58,12,1,13,1
2020-04-14,Lake,033,64148,6,3,0,3,0
2020-04-14,Lassen,035,31185,1,0,2,2,0
2020-04-14,Los Angeles,037,10098052,15997,9948,14,9962,357
2020-04-14,Madera,039,155013,68,29,1,30,2
2020-04-14,Marin,041,260295,191,147,1,148,9
2020-04-14,Mariposa,043,17540,0,0,0,0,0
2020-04-14,Mendocino,045,87422,6,4,0,4,0
2020-04-14,Merced,047,269075,113,61,0,61,3
2020-04-14,Modoc,049,8938,0,0,0,0,0
2020-04-14,Mono,051,14174,29,22,0,22,1
2020-04-14,Monterey,053,433212,179,98,1,99,3
2020-04-14,Napa,055,140530,56,33,0,33,2
2020-04-14,Nevada,057,99092,37,34,1,35,1
2020-04-14,Orange,059,3164182,2126,1362,13,1375,24
2020-04-14,Placer,061,380077,145,117,0,117,5
2020-04-14,Plumas,063,18699,4,3,0,3,0
2020-04-14,Riverside,065,2383286,3075,1467,14,1481,40
2020-04-14,Sacramento,067,1510023,966,737,0,737,29
2020-04-14,San Benito,069,59416,40,34,0,34,2
2020-04-14,San Bernardino,071,2135413,1589,933,0,933,37
2020-04-14,San Diego,073,3302833,2618,1932,0,1932,53
2020-04-14,San Francisco,075,870044,1254,968,0,968,14
2020-04-14,San Joaquin,077,732212,451,280,3,283,17
2020-04-14,San Luis Obispo,079,281455,173,109,3,112,1
2020-04-14,San Mateo,081,765935,1008,681,2,683,28
2020-04-14,Santa Barbara,083,443738,483,292,2,294,2
2020-04-14,Santa Clara,085,1922200,2123,1561,4,1565,63
2020-04-14,Santa Cruz,087,273765,106,84,0,84,2
2020-04-14,Shasta,089,179085,31,24,0,24,3
2020-04-14,Sierra,091,2930,0,0,0,0,0
2020-04-14,Siskiyou,093,43540,5,5,0,5,0
2020-04-14,Solano,095,438530,212,140,0,140,2
2020-04-14,Sonoma,097,501317,192,133,0,133,1
2020-04-14,Stanislaus,099,539301,258,136,4,140,3
2020-04-14,Sutter,101,95872,24,19,0,19,2
2020-04-14,Tehama,103,63373,1,1,0,1,1
2020-04-14,Trinity,105,12862,0,0,0,0,0
2020-04-14,Tulare,107,460477,534,228,5,233,12
2020-04-14,Tuolumne,109,53932,2,0,0,0,0
2020-04-14,Ventura,111,848112,503,328,1,329,11
2020-04-14,Yolo,113,214977,155,81,0,81,3
2020-04-14,Yuba,115,75493,14,14,0,14,1
2020-04-13,Alameda,001,1643700,1240,821,1,822,23
2020-04-13,Alpine,003,1148,1,1,0,1,0
2020-04-13,Amador,005,37829,6,6,0,6,0
2020-04-13,Butte,007,227075,20,13,1,14,0
2020-04-13,Calaveras,009,45235,7,5,0,5,0
2020-04-13,Colusa,011,21464,3,3,0,3,0
2020-04-13,Contra Costa,013,1133247,772,569,0,569,12
2020-04-13,Del Norte,015,27424,2,2,0,2,0
2020-04-13,El Dorado,017,186661,48,29,0,29,0
2020-04-13,Fresno,019,978130,497,205,5,210,4
2020-04-13,Glenn,021,27897,4,3,0,3,0
2020-04-13,Humboldt,023,135768,56,44,0,44,0
2020-04-13,Imperial,025,180216,222,82,0,82,2
2020-04-13,Inyo,027,18085,17,12,0,12,0
2020-04-13,Kern,029,883053,711,346,1,347,3
2020-04-13,Kings,031,150075,54,9,1,10,0
2020-04-13,Lake,033,64148,6,3,0,3,0
2020-04-13,Lassen,035,31185,1,0,2,2,0
2020-04-13,Los Angeles,037,10098052,15283,9367,14,9381,317
2020-04-13,Madera,039,155013,66,29,1,30,2
2020-04-13,Marin,041,260295,187,144,1,145,6
2020-04-13,Mariposa,043,17540,0,0,0,0,0
2020-04-13,Mendocino,045,87422,6,4,0,4,0
2020-04-13,Merced,047,269075,112,60,0,60,3
2020-04-13,Modoc,049,8938,0,0,0,0,0
2020-04-13,Mono,051,14174,29,21,0,21,1
2020-04-13,Monterey,053,433212,172,86,1,87,3
2020-04-13,Napa,055,140530,55,30,0,30,2
2020-04-13,Nevada,057,99092,37,24,1,25,1
2020-04-13,Orange,059,3164182,2053,1313,13,1326,21
2020-04-13,Placer,061,380077,144,116,0,116,5
2020-04-13,Plumas,063,18699,4,3,0,3,0
2020-04-13,Riverside,065,2383286,2934,1460,13,1473,35
2020-04-13,Sacramento,067,1510023,954,723,0,723,25
2020-04-13,San Benito,069,59416,39,33,0,33,2
2020-04-13,San Bernardino,071,2135413,1514,920,0,920,30
2020-04-13,San Diego,073,3302833,2535,1849,0,1849,47
2020-04-13,San Francisco,075,870044,1216,948,0,948,12
2020-04-13,San Joaquin,077,732212,436,255,3,258,16
2020-04-13,San Luis Obispo,079,281455,168,106,3,109,1
2020-04-13,San Mateo,081,765935,968,679,2,681,25
2020-04-13,Santa Barbara,083,443738,464,271,1,272,2
2020-04-13,Santa Clara,085,1922200,2077,1540,4,1544,58
2020-04-13,Santa Cruz,087,273765,100,82,0,82,1
2020-04-13,Shasta,089,179085,30,24,0,24,3
2020-04-13,Sierra,091,2930,0,0,0,0,0
2020-04-13,Siskiyou,093,43540,5,5,0,5,0
2020-04-13,Solano,095,438530,209,136,0,136,2
2020-04-13,Sonoma,097,501317,185,133,0,133,1
2020-04-13,Stanislaus,099,539301,252,130,4,134,1
2020-04-13,Sutter,101,95872,24,18,0,18,2
2020-04-13,Tehama,103,63373,1,1,0,1,0
2020-04-13,Trinity,105,12862,0,0,0,0,0
2020-04-13,Tulare,107,460477,498,185,5,190,11
2020-04-13,Tuolumne,109,53932,2,0,0,0,0
2020-04-13,Ventura,111,848112,482,309,0,309,9
2020-04-13,Yolo,113,214977,149,81,0,81,3
2020-04-13,Yuba,115,75493,14,13,0,13,1
2020-04-12,Alameda,001,1643700,1197,774,1,775,23
2020-04-12,Alpine,003,1148,1,1,0,1,0
2020-04-12,Amador,005,37829,6,6,0,6,0
2020-04-12,Butte,007,227075,20,13,1,14,0
2020-04-12,Calaveras,009,45235,7,5,0,5,0
2020-04-12,Colusa,011,21464,3,3,0,3,0
2020-04-12,Contra Costa,013,1133247,760,553,0,553,12
2020-04-12,Del Norte,015,27424,2,2,0,2,0
2020-04-12,El Dorado,017,186661,48,28,0,28,0
2020-04-12,Fresno,019,978130,468,205,5,210,4
2020-04-12,Glenn,021,27897,4,3,0,3,0
2020-04-12,Humboldt,023,135768,56,43,0,43,0
2020-04-12,Imperial,025,180216,199,78,0,78,2
2020-04-12,Inyo,027,18085,15,12,0,12,0
2020-04-12,Kern,029,883053,679,319,0,319,3
2020-04-12,Kings,031,150075,52,9,1,10,0
2020-04-12,Lake,033,64148,6,3,0,3,0
2020-04-12,Lassen,035,31185,1,0,2,2,0
2020-04-12,Los Angeles,037,10098052,14570,9133,14,9147,294
2020-04-12,Madera,039,155013,65,29,1,30,2
2020-04-12,Marin,041,260295,176,138,1,139,6
2020-04-12,Mariposa,043,17540,0,0,0,0,0
2020-04-12,Mendocino,045,87422,6,4,0,4,0
2020-04-12,Merced,047,269075,106,58,0,58,3
2020-04-12,Modoc,049,8938,0,0,0,0,0
2020-04-12,Mono,051,14174,29,20,0,20,1
2020-04-12,Monterey,053,433212,158,85,1,86,3
2020-04-12,Napa,055,140530,53,29,0,29,2
2020-04-12,Nevada,057,99092,37,24,1,25,1
2020-04-12,Orange,059,3164182,1993,1283,12,1295,21
2020-04-12,Placer,061,380077,143,114,0,114,4
2020-04-12,Plumas,063,18699,4,3,0,3,0
2020-04-12,Riverside,065,2383286,2752,1330,13,1343,34
2020-04-12,Sacramento,067,1510023,917,689,0,689,25
2020-04-12,San Benito,069,59416,37,33,0,33,2
2020-04-12,San Bernardino,071,2135413,1438,827,0,827,30
2020-04-12,San Diego,073,3302833,2445,1806,0,1806,45
2020-04-12,San Francisco,075,870044,1189,886,0,886,11
2020-04-12,San Joaquin,077,732212,418,246,3,249,15
2020-04-12,San Luis Obispo,079,281455,165,102,2,104,1
2020-04-12,San Mateo,081,765935,942,664,2,666,25
2020-04-12,Santa Barbara,083,443738,438,261,1,262,2
2020-04-12,Santa Clara,085,1922200,2049,1461,4,1465,53
2020-04-12,Santa Cruz,087,273765,98,80,0,80,1
2020-04-12,Shasta,089,179085,30,24,0,24,3
2020-04-12,Sierra,091,2930,0,0,0,0,0
2020-04-12,Siskiyou,093,43540,5,5,0,5,0
2020-04-12,Solano,095,438530,203,136,0,136,2
2020-04-12,Sonoma,097,501317,182,131,0,131,1
2020-04-12,Stanislaus,099,539301,244,117,4,121,1
2020-04-12,Sutter,101,95872,23,18,0,18,2
2020-04-12,Tehama,103,63373,1,1,0,1,0
2020-04-12,Trinity,105,12862,0,0,0,0,0
2020-04-12,Tulare,107,460477,486,166,5,171,11
2020-04-12,Tuolumne,109,53932,2,0,0,0,0
2020-04-12,Ventura,111,848112,473,306,0,306,9
2020-04-12,Yolo,113,214977,136,67,0,67,3
2020-04-12,Yuba,115,75493,14,13,0,13,1
2020-04-11,Alameda,001,1643700,1156,751,1,752,23
2020-04-11,Alpine,003,1148,1,1,0,1,0
2020-04-11,Amador,005,37829,6,6,0,6,0
2020-04-11,Butte,007,227075,20,13,1,14,0
2020-04-11,Calaveras,009,45235,7,5,0,5,0
2020-04-11,Colusa,011,21464,3,3,0,3,0
2020-04-11,Contra Costa,013,1133247,751,550,0,550,12
2020-04-11,Del Norte,015,27424,2,2,0,2,0
2020-04-11,El Dorado,017,186661,47,29,0,29,0
2020-04-11,Fresno,019,978130,458,201,5,206,4
2020-04-11,Glenn,021,27897,4,3,0,3,0
2020-04-11,Humboldt,023,135768,56,38,0,38,0
2020-04-11,Imperial,025,180216,189,78,0,78,2
2020-04-11,Inyo,027,18085,15,12,0,12,0
2020-04-11,Kern,029,883053,651,304,0,304,3
2020-04-11,Kings,031,150075,49,9,1,10,0
2020-04-11,Lake,033,64148,6,3,0,3,0
2020-04-11,Lassen,035,31185,1,0,2,2,0
2020-04-11,Los Angeles,037,10098052,14100,8823,14,8837,262
2020-04-11,Madera,039,155013,64,29,1,30,2
2020-04-11,Marin,041,260295,173,136,1,137,6
2020-04-11,Mariposa,043,17540,0,0,0,0,0
2020-04-11,Mendocino,045,87422,6,4,0,4,0
2020-04-11,Merced,047,269075,103,59,0,59,3
2020-04-11,Modoc,049,8938,0,0,0,0,0
2020-04-11,Mono,051,14174,29,20,0,20,1
2020-04-11,Monterey,053,433212,152,78,1,79,3
2020-04-11,Napa,055,140530,53,29,0,29,2
2020-04-11,Nevada,057,99092,37,24,1,25,1
2020-04-11,Orange,059,3164182,1931,1267,12,1279,21
2020-04-11,Placer,061,380077,143,113,0,113,4
2020-04-11,Plumas,063,18699,4,3,0,3,0
2020-04-11,Riverside,065,2383286,2673,1260,13,1273,33
2020-04-11,Sacramento,067,1510023,906,685,0,685,25
2020-04-11,San Benito,069,59416,37,33,0,33,2
2020-04-11,San Bernardino,071,2135413,1402,826,0,826,28
2020-04-11,San Diego,073,3302833,2379,1763,0,1763,45
2020-04-11,San Francisco,075,870044,1167,860,0,860,11
2020-04-11,San Joaquin,077,732212,413,244,3,247,15
2020-04-11,San Luis Obispo,079,281455,165,100,1,101,1
2020-04-11,San Mateo,081,765935,930,662,2,664,25
2020-04-11,Santa Barbara,083,443738,430,258,1,259,2
2020-04-11,Santa Clara,085,1922200,1990,1441,4,1445,51
2020-04-11,Santa Cruz,087,273765,98,79,0,79,1
2020-04-11,Shasta,089,179085,30,24,0,24,3
2020-04-11,Sierra,091,2930,0,0,0,0,0
2020-04-11,Siskiyou,093,43540,5,5,0,5,0
2020-04-11,Solano,095,438530,199,138,0,138,2
2020-04-11,Sonoma,097,501317,180,131,0,131,1
2020-04-11,Stanislaus,099,539301,236,119,3,122,1
2020-04-11,Sutter,101,95872,23,18,0,18,2
2020-04-11,Tehama,103,63373,1,1,0,1,0
2020-04-11,Trinity,105,12862,0,0,0,0,0
2020-04-11,Tulare,107,460477,464,168,5,173,10
2020-04-11,Tuolumne,109,53932,2,0,0,0,0
2020-04-11,Ventura,111,848112,463,304,0,304,9
2020-04-11,Yolo,113,214977,133,67,0,67,3
2020-04-11,Yuba,115,75493,14,13,0,13,1
2020-04-10,Alameda,001,1643700,1115,706,1,707,21
2020-04-10,Alpine,003,1148,1,1,0,1,0
2020-04-10,Amador,005,37829,6,5,0,5,0
2020-04-10,Butte,007,227075,20,13,1,14,0
2020-04-10,Calaveras,009,45235,7,5,0,5,0
2020-04-10,Colusa,011,21464,3,3,0,3,0
2020-04-10,Contra Costa,013,1133247,738,537,0,537,10
2020-04-10,Del Norte,015,27424,2,2,0,2,0
2020-04-10,El Dorado,017,186661,47,26,0,26,0
2020-04-10,Fresno,019,978130,451,186,4,190,3
2020-04-10,Glenn,021,27897,4,3,0,3,0
2020-04-10,Humboldt,023,135768,56,36,0,36,0
2020-04-10,Imperial,025,180216,182,70,0,70,2
2020-04-10,Inyo,027,18085,13,11,0,11,0
2020-04-10,Kern,029,883053,627,272,0,272,3
2020-04-10,Kings,031,150075,46,7,1,8,0
2020-04-10,Lake,033,64148,6,3,0,3,0
2020-04-10,Lassen,035,31185,1,0,2,2,0
2020-04-10,Los Angeles,037,10098052,13587,8384,13,8397,239
2020-04-10,Madera,039,155013,63,29,1,30,2
2020-04-10,Marin,041,260295,168,128,1,129,6
2020-04-10,Mariposa,043,17540,0,0,0,0,0
2020-04-10,Mendocino,045,87422,6,4,0,4,0
2020-04-10,Merced,047,269075,100,56,0,56,3
2020-04-10,Modoc,049,8938,0,0,0,0,0
2020-04-10,Mono,051,14174,29,20,0,20,1
2020-04-10,Monterey,053,433212,141,78,1,79,3
2020-04-10,Napa,055,140530,50,28,0,28,2
2020-04-10,Nevada,057,99092,37,23,1,24,1
2020-04-10,Orange,059,3164182,1884,1167,12,1179,21
2020-04-10,Placer,061,380077,142,112,0,112,4
2020-04-10,Plumas,063,18699,4,3,0,3,0
2020-04-10,Riverside,065,2383286,2607,1162,13,1175,30
2020-04-10,Sacramento,067,1510023,897,642,0,642,24
2020-04-10,San Benito,069,59416,37,32,0,32,2
2020-04-10,San Bernardino,071,2135413,1354,779,0,779,27
2020-04-10,San Diego,073,3302833,2319,1695,0,1695,44
2020-04-10,San Francisco,075,870044,1136,797,0,797,10
2020-04-10,San Joaquin,077,732212,401,234,3,237,14
2020-04-10,San Luis Obispo,079,281455,165,97,1,98,1
2020-04-10,San Mateo,081,765935,914,642,2,644,24
2020-04-10,Santa Barbara,083,443738,418,254,1,255,2
2020-04-10,Santa Clara,085,1922200,1938,1351,4,1355,50
2020-04-10,Santa Cruz,087,273765,97,75,0,75,1
2020-04-10,Shasta,089,179085,30,24,0,24,3
2020-04-10,Sierra,091,2930,0,0,0,0,0
2020-04-10,Siskiyou,093,43540,5,5,0,5,0
2020-04-10,Solano,095,438530,196,129,0,129,2
2020-04-10,Sonoma,097,501317,179,129,0,129,1
2020-04-10,Stanislaus,099,539301,229,101,3,104,0
2020-04-10,Sutter,101,95872,23,18,0,18,2
2020-04-10,Tehama,103,63373,1,1,0,1,0
2020-04-10,Trinity,105,12862,0,0,0,0,0
2020-04-10,Tulare,107,460477,422,163,5,168,10
2020-04-10,Tuolumne,109,53932,2,0,0,0,0
2020-04-10,Ventura,111,848112,454,290,0,290,9
2020-04-10,Yolo,113,214977,131,62,0,62,3
2020-04-10,Yuba,115,75493,14,13,0,13,1
2020-04-09,Alameda,001,1643700,1065,641,1,642,17
2020-04-09,Alpine,003,1148,1,1,0,1,0
2020-04-09,Amador,005,37829,6,2,0,2,0
2020-04-09,Butte,007,227075,19,12,1,13,0
2020-04-09,Calaveras,009,45235,7,5,0,5,0
2020-04-09,Colusa,011,21464,3,3,0,3,0
2020-04-09,Contra Costa,013,1133247,695,505,0,505,7
2020-04-09,Del Norte,015,27424,2,2,0,2,0
2020-04-09,El Dorado,017,186661,46,25,0,25,0
2020-04-09,Fresno,019,978130,426,165,4,169,3
2020-04-09,Glenn,021,27897,4,2,0,2,0
2020-04-09,Humboldt,023,135768,56,36,0,36,0
2020-04-09,Imperial,025,180216,161,67,0,67,2
2020-04-09,Inyo,027,18085,12,11,0,11,0
2020-04-09,Kern,029,883053,591,241,0,241,2
2020-04-09,Kings,031,150075,43,5,1,6,0
2020-04-09,Lake,033,64148,5,1,0,1,0
2020-04-09,Lassen,035,31185,1,0,2,2,0
2020-04-09,Los Angeles,037,10098052,12959,7919,13,7932,220
2020-04-09,Madera,039,155013,63,28,1,29,2
2020-04-09,Marin,041,260295,166,126,1,127,7
2020-04-09,Mariposa,043,17540,0,0,0,0,0
2020-04-09,Mendocino,045,87422,6,4,0,4,0
2020-04-09,Merced,047,269075,97,41,0,41,3
2020-04-09,Modoc,049,8938,0,0,0,0,0
2020-04-09,Mono,051,14174,29,19,0,19,1
2020-04-09,Monterey,053,433212,123,70,1,71,3
2020-04-09,Napa,055,140530,46,27,0,27,2
2020-04-09,Nevada,057,99092,36,23,1,24,1
2020-04-09,Orange,059,3164182,1810,1105,12,1117,19
2020-04-09,Placer,061,380077,141,107,0,107,4
2020-04-09,Plumas,063,18699,4,3,0,3,0
2020-04-09,Riverside,065,2383286,2464,1083,13,1096,29
2020-04-09,Sacramento,067,1510023,874,601,0,601,21
2020-04-09,San Benito,069,59416,37,32,0,32,2
2020-04-09,San Bernardino,071,2135413,1285,717,0,717,27
2020-04-09,San Diego,073,3302833,2223,1630,0,1630,40
2020-04-09,San Francisco,075,870044,1116,748,0,748,8
2020-04-09,San Joaquin,077,732212,380,223,3,226,14
2020-04-09,San Luis Obispo,079,281455,157,93,1,94,1
2020-04-09,San Mateo,081,765935,898,630,2,632,23
2020-04-09,Santa Barbara,083,443738,407,232,1,233,2
2020-04-09,Santa Clara,085,1922200,1868,1301,4,1305,49
2020-04-09,Santa Cruz,087,273765,97,73,0,73,1
2020-04-09,Shasta,089,179085,30,22,0,22,3
2020-04-09,Sierra,091,2930,0,0,0,0,0
2020-04-09,Siskiyou,093,43540,5,4,0,4,0
2020-04-09,Solano,095,438530,187,118,0,118,2
2020-04-09,Sonoma,097,501317,175,113,0,113,1
2020-04-09,Stanislaus,099,539301,217,93,3,96,0
2020-04-09,Sutter,101,95872,23,17,0,17,2
2020-04-09,Tehama,103,63373,1,1,0,1,0
2020-04-09,Trinity,105,12862,0,0,0,0,0
2020-04-09,Tulare,107,460477,394,147,5,152,9
2020-04-09,Tuolumne,109,53932,2,0,0,0,0
2020-04-09,Ventura,111,848112,435,273,0,273,9
2020-04-09,Yolo,113,214977,122,59,0,59,3
2020-04-09,Yuba,115,75493,14,13,0,13,0
2020-04-08,Alameda,001,1643700,1024,594,1,595,15
2020-04-08,Alpine,003,1148,1,1,0,1,0
2020-04-08,Amador,005,37829,6,2,0,2,0
2020-04-08,Butte,007,227075,18,11,1,12,0
2020-04-08,Calaveras,009,45235,7,5,0,5,0
2020-04-08,Colusa,011,21464,3,3,0,3,0
2020-04-08,Contra Costa,013,1133247,682,481,0,481,7
2020-04-08,Del Norte,015,27424,2,2,0,2,0
2020-04-08,El Dorado,017,186661,46,25,0,25,0
2020-04-08,Fresno,019,978130,406,151,4,155,3
2020-04-08,Glenn,021,27897,4,2,0,2,0
2020-04-08,Humboldt,023,135768,56,40,0,40,0
2020-04-08,Imperial,025,180216,150,59,0,59,2
2020-04-08,Inyo,027,18085,12,11,0,11,0
2020-04-08,Kern,029,883053,550,198,0,198,2
2020-04-08,Kings,031,150075,43,5,1,6,0
2020-04-08,Lake,033,64148,5,1,0,1,0
2020-04-08,Lassen,035,31185,1,0,2,2,0
2020-04-08,Los Angeles,037,10098052,12356,7505,13,7518,196
2020-04-08,Madera,039,155013,62,28,1,29,2
2020-04-08,Marin,041,260295,160,125,1,126,7
2020-04-08,Mariposa,043,17540,0,0,0,0,0
2020-04-08,Mendocino,045,87422,6,4,0,4,0
2020-04-08,Merced,047,269075,82,35,0,35,1
2020-04-08,Modoc,049,8938,0,0,0,0,0
2020-04-08,Mono,051,14174,29,19,0,19,1
2020-04-08,Monterey,053,433212,114,68,1,69,3
2020-04-08,Napa,055,140530,44,21,0,21,2
2020-04-08,Nevada,057,99092,36,21,1,22,1
2020-04-08,Orange,059,3164182,1747,1034,12,1046,19
2020-04-08,Placer,061,380077,141,102,0,102,4
2020-04-08,Plumas,063,18699,4,3,0,3,0
2020-04-08,Riverside,065,2383286,2307,974,13,987,28
2020-04-08,Sacramento,067,1510023,840,565,0,565,21
2020-04-08,San Benito,069,59416,37,31,0,31,2
2020-04-08,San Bernardino,071,2135413,1228,635,0,635,22
2020-04-08,San Diego,073,3302833,2149,1532,0,1532,36
2020-04-08,San Francisco,075,870044,1048,687,0,687,7
2020-04-08,San Joaquin,077,732212,363,211,3,214,12
2020-04-08,San Luis Obispo,079,281455,155,90,1,91,1
2020-04-08,San Mateo,081,765935,883,608,2,610,22
2020-04-08,Santa Barbara,083,443738,386,221,1,222,2
2020-04-08,Santa Clara,085,1922200,1823,1257,4,1261,47
2020-04-08,Santa Cruz,087,273765,96,69,0,69,1
2020-04-08,Shasta,089,179085,30,18,0,18,3
2020-04-08,Sierra,091,2930,0,0,0,0,0
2020-04-08,Siskiyou,093,43540,5,4,0,4,0
2020-04-08,Solano,095,438530,174,111,0,111,2
2020-04-08,Sonoma,097,501317,170,107,0,107,1
2020-04-08,Stanislaus,099,539301,201,86,3,89,0
2020-04-08,Sutter,101,95872,22,17,0,17,2
2020-04-08,Tehama,103,63373,1,1,0,1,0
2020-04-08,Trinity,105,12862,0,0,0,0,0
2020-04-08,Tulare,107,460477,363,145,5,150,6
2020-04-08,Tuolumne,109,53932,2,0,0,0,0
2020-04-08,Ventura,111,848112,426,263,0,263,7
2020-04-08,Yolo,113,214977,105,56,0,56,3
2020-04-08,Yuba,115,75493,14,10,0,10,0
2020-04-07,Alameda,001,1643700,989,560,1,561,14
2020-04-07,Alpine,003,1148,1,1,0,1,0
2020-04-07,Amador,005,37829,6,2,0,2,0
2020-04-07,Butte,007,227075,17,11,1,12,0
2020-04-07,Calaveras,009,45235,6,5,0,5,0
2020-04-07,Colusa,011,21464,3,2,0,2,0
2020-04-07,Contra Costa,013,1133247,662,471,0,471,7
2020-04-07,Del Norte,015,27424,2,2,0,2,0
2020-04-07,El Dorado,017,186661,45,22,0,22,0
2020-04-07,Fresno,019,978130,390,138,4,142,3
2020-04-07,Glenn,021,27897,4,2,0,2,0
2020-04-07,Humboldt,023,135768,55,40,0,40,0
2020-04-07,Imperial,025,180216,132,53,0,53,2
2020-04-07,Inyo,027,18085,12,11,0,11,0
2020-04-07,Kern,029,883053,507,134,0,134,2
2020-04-07,Kings,031,150075,40,5,1,6,0
2020-04-07,Lake,033,64148,4,1,0,1,0
2020-04-07,Lassen,035,31185,1,0,2,2,0
2020-04-07,Los Angeles,037,10098052,11707,6885,13,6898,170
2020-04-07,Madera,039,155013,60,28,0,28,2
2020-04-07,Marin,041,260295,158,122,1,123,7
2020-04-07,Mariposa,043,17540,0,0,0,0,0
2020-04-07,Mendocino,045,87422,6,4,0,4,0
2020-04-07,Merced,047,269075,67,27,0,27,1
2020-04-07,Modoc,049,8938,0,0,0,0,0
2020-04-07,Mono,051,14174,28,18,0,18,1
2020-04-07,Monterey,053,433212,106,63,1,64,2
2020-04-07,Napa,055,140530,42,18,0,18,2
2020-04-07,Nevada,057,99092,36,20,1,21,1
2020-04-07,Orange,059,3164182,1700,971,11,982,19
2020-04-07,Placer,061,380077,136,94,0,94,3
2020-04-07,Plumas,063,18699,4,3,0,3,0
2020-04-07,Riverside,065,2383286,2150,905,13,918,25
2020-04-07,Sacramento,067,1510023,810,513,0,513,18
2020-04-07,San Benito,069,59416,37,26,0,26,2
2020-04-07,San Bernardino,071,2135413,1161,554,0,554,19
2020-04-07,San Diego,073,3302833,2072,1456,0,1456,31
2020-04-07,San Francisco,075,870044,988,636,0,636,6
2020-04-07,San Joaquin,077,732212,345,198,3,201,12
2020-04-07,San Luis Obispo,079,281455,148,87,1,88,1
2020-04-07,San Mateo,081,765935,862,573,2,575,22
2020-04-07,Santa Barbara,083,443738,370,209,1,210,2
2020-04-07,Santa Clara,085,1922200,1754,1193,3,1196,46
2020-04-07,Santa Cruz,087,273765,96,67,0,67,1
2020-04-07,Shasta,089,179085,29,16,0,16,3
2020-04-07,Sierra,091,2930,0,0,0,0,0
2020-04-07,Siskiyou,093,43540,5,4,0,4,0
2020-04-07,Solano,095,438530,169,99,0,99,1
2020-04-07,Sonoma,097,501317,167,102,0,102,1
2020-04-07,Stanislaus,099,539301,184,83,3,86,0
2020-04-07,Sutter,101,95872,22,16,0,16,2
2020-04-07,Tehama,103,63373,1,1,0,1,0
2020-04-07,Trinity,105,12862,0,0,0,0,0
2020-04-07,Tulare,107,460477,334,144,5,149,5
2020-04-07,Tuolumne,109,53932,2,1,0,1,0
2020-04-07,Ventura,111,848112,409,247,0,247,6
2020-04-07,Yolo,113,214977,98,51,0,51,2
2020-04-07,Yuba,115,75493,14,10,0,10,0
2020-04-06,Alameda,001,1643700,959,527,1,528,13
2020-04-06,Alpine,003,1148,1,1,0,1,0
2020-04-06,Amador,005,37829,5,2,0,2,0
2020-04-06,Butte,007,227075,16,11,1,12,0
2020-04-06,Calaveras,009,45235,6,4,0,4,0
2020-04-06,Colusa,011,21464,3,1,0,1,0
2020-04-06,Contra Costa,013,1133247,637,447,0,447,7
2020-04-06,Del Norte,015,27424,2,2,0,2,0
2020-04-06,El Dorado,017,186661,43,23,0,23,0
2020-04-06,Fresno,019,978130,368,122,4,126,1
2020-04-06,Glenn,021,27897,4,2,0,2,0
2020-04-06,Humboldt,023,135768,54,37,0,37,0
2020-04-06,Imperial,025,180216,125,47,0,47,1
2020-04-06,Inyo,027,18085,11,11,0,11,0
2020-04-06,Kern,029,883053,470,117,0,117,2
2020-04-06,Kings,031,150075,40,3,1,4,0
2020-04-06,Lake,033,64148,4,1,0,1,0
2020-04-06,Lassen,035,31185,1,0,2,2,0
2020-04-06,Los Angeles,037,10098052,10974,6346,13,6359,145
2020-04-06,Madera,039,155013,58,29,0,29,2
2020-04-06,Marin,041,260295,155,119,1,120,7
2020-04-06,Mariposa,043,17540,0,0,0,0,0
2020-04-06,Mendocino,045,87422,6,4,0,4,0
2020-04-06,Merced,047,269075,60,25,0,25,1
2020-04-06,Modoc,049,8938,0,0,0,0,0
2020-04-06,Mono,051,14174,28,18,0,18,1
2020-04-06,Monterey,053,433212,101,62,1,63,2
2020-04-06,Napa,055,140530,42,18,0,18,2
2020-04-06,Nevada,057,99092,36,19,1,20,1
2020-04-06,Orange,059,3164182,1656,910,10,920,17
2020-04-06,Placer,061,380077,136,90,0,90,3
2020-04-06,Plumas,063,18699,4,2,0,2,0
2020-04-06,Riverside,065,2383286,2024,854,13,867,17
2020-04-06,Sacramento,067,1510023,780,448,0,448,15
2020-04-06,San Benito,069,59416,35,25,0,25,1
2020-04-06,San Bernardino,071,2135413,1102,550,0,550,13
2020-04-06,San Diego,073,3302833,1990,1406,0,1406,19
2020-04-06,San Francisco,075,870044,948,586,0,586,6
2020-04-06,San Joaquin,077,732212,330,191,3,194,10
2020-04-06,San Luis Obispo,079,281455,146,85,1,86,1
2020-04-06,San Mateo,081,765935,844,569,2,571,20
2020-04-06,Santa Barbara,083,443738,358,189,1,190,2
2020-04-06,Santa Clara,085,1922200,1701,1128,3,1131,43
2020-04-06,Santa Cruz,087,273765,94,65,0,65,1
2020-04-06,Shasta,089,179085,29,16,0,16,3
2020-04-06,Sierra,091,2930,0,0,0,0,0
2020-04-06,Siskiyou,093,43540,4,4,0,4,0
2020-04-06,Solano,095,438530,162,95,0,95,1
2020-04-06,Sonoma,097,501317,166,102,0,102,1
2020-04-06,Stanislaus,099,539301,168,72,3,75,0
2020-04-06,Sutter,101,95872,22,14,0,14,2
2020-04-06,Tehama,103,63373,1,1,0,1,0
2020-04-06,Trinity,105,12862,0,0,0,0,0
2020-04-06,Tulare,107,460477,318,126,5,131,5
2020-04-06,Tuolumne,109,53932,2,1,0,1,0
2020-04-06,Ventura,111,848112,391,234,0,234,6
2020-04-06,Yolo,113,214977,94,43,0,43,1
2020-04-06,Yuba,115,75493,14,8,0,8,0
2020-04-05,Alameda,001,1643700,917,475,1,476,12
2020-04-05,Alpine,003,1148,1,1,0,1,0
2020-04-05,Amador,005,37829,5,2,0,2,0
2020-04-05,Butte,007,227075,16,10,1,11,0
2020-04-05,Calaveras,009,45235,6,3,0,3,0
2020-04-05,Colusa,011,21464,3,1,0,1,0
2020-04-05,Contra Costa,013,1133247,620,415,0,415,6
2020-04-05,Del Norte,015,27424,2,1,0,1,0
2020-04-05,El Dorado,017,186661,41,19,0,19,0
2020-04-05,Fresno,019,978130,334,102,4,106,1
2020-04-05,Glenn,021,27897,4,2,0,2,0
2020-04-05,Humboldt,023,135768,54,29,0,29,0
2020-04-05,Imperial,025,180216,117,42,0,42,1
2020-04-05,Inyo,027,18085,11,10,0,10,0
2020-04-05,Kern,029,883053,415,109,0,109,2
2020-04-05,Kings,031,150075,39,4,1,5,0
2020-04-05,Lake,033,64148,4,0,0,0,0
2020-04-05,Lassen,035,31185,1,0,2,2,0
2020-04-05,Los Angeles,037,10098052,10402,5892,13,5905,130
2020-04-05,Madera,039,155013,57,27,0,27,2
2020-04-05,Marin,041,260295,155,113,1,114,6
2020-04-05,Mariposa,043,17540,0,0,0,0,0
2020-04-05,Mendocino,045,87422,6,4,0,4,0
2020-04-05,Merced,047,269075,53,16,0,16,0
2020-04-05,Modoc,049,8938,0,0,0,0,0
2020-04-05,Mono,051,14174,28,18,0,18,1
2020-04-05,Monterey,053,433212,94,61,1,62,2
2020-04-05,Napa,055,140530,40,15,0,15,2
2020-04-05,Nevada,057,99092,36,19,1,20,1
2020-04-05,Orange,059,3164182,1599,820,10,830,15
2020-04-05,Placer,061,380077,133,86,0,86,3
2020-04-05,Plumas,063,18699,3,2,0,2,0
2020-04-05,Riverside,065,2383286,1895,669,13,682,17
2020-04-05,Sacramento,067,1510023,749,393,0,393,11
2020-04-05,San Benito,069,59416,35,22,0,22,1
2020-04-05,San Bernardino,071,2135413,1028,375,0,375,13
2020-04-05,San Diego,073,3302833,1908,1328,0,1328,19
2020-04-05,San Francisco,075,870044,901,559,0,559,6
2020-04-05,San Joaquin,077,732212,315,179,3,182,10
2020-04-05,San Luis Obispo,079,281455,144,83,1,84,1
2020-04-05,San Mateo,081,765935,824,528,2,530,19
2020-04-05,Santa Barbara,083,443738,339,171,1,172,1
2020-04-05,Santa Clara,085,1922200,1653,1052,3,1055,42
2020-04-05,Santa Cruz,087,273765,94,59,0,59,1
2020-04-05,Shasta,089,179085,28,11,0,11,2
2020-04-05,Sierra,091,2930,0,0,0,0,0
2020-04-05,Siskiyou,093,43540,4,3,0,3,0
2020-04-05,Solano,095,438530,158,78,0,78,1
2020-04-05,Sonoma,097,501317,164,88,0,88,1
2020-04-05,Stanislaus,099,539301,154,51,3,54,0
2020-04-05,Sutter,101,95872,22,14,0,14,1
2020-04-05,Tehama,103,63373,1,1,0,1,0
2020-04-05,Trinity,105,12862,0,0,0,0,0
2020-04-05,Tulare,107,460477,281,81,5,86,4
2020-04-05,Tuolumne,109,53932,2,1,0,1,0
2020-04-05,Ventura,111,848112,377,196,0,196,6
2020-04-05,Yolo,113,214977,76,37,0,37,2
2020-04-05,Yuba,115,75493,14,7,0,7,0
2020-04-04,Alameda,001,1643700,894,468,1,469,12
2020-04-04,Alpine,003,1148,1,1,0,1,0
2020-04-04,Amador,005,37829,4,2,0,2,0
2020-04-04,Butte,007,227075,16,10,1,11,0
2020-04-04,Calaveras,009,45235,6,3,0,3,0
2020-04-04,Colusa,011,21464,3,1,0,1,0
2020-04-04,Contra Costa,013,1133247,612,382,0,382,5
2020-04-04,Del Norte,015,27424,2,1,0,1,0
2020-04-04,El Dorado,017,186661,41,19,0,19,0
2020-04-04,Fresno,019,978130,324,102,4,106,1
2020-04-04,Glenn,021,27897,4,2,0,2,0
2020-04-04,Humboldt,023,135768,54,29,0,29,0
2020-04-04,Imperial,025,180216,116,42,0,42,1
2020-04-04,Inyo,027,18085,11,10,0,10,0
2020-04-04,Kern,029,883053,385,103,0,103,2
2020-04-04,Kings,031,150075,39,3,1,4,0
2020-04-04,Lake,033,64148,4,0,0,0,0
2020-04-04,Lassen,035,31185,1,0,2,2,0
2020-04-04,Los Angeles,037,10098052,9786,5275,13,5288,117
2020-04-04,Madera,039,155013,55,27,0,27,2
2020-04-04,Marin,041,260295,153,111,0,111,6
2020-04-04,Mariposa,043,17540,0,0,0,0,0
2020-04-04,Mendocino,045,87422,6,4,0,4,0
2020-04-04,Merced,047,269075,49,11,0,11,0
2020-04-04,Modoc,049,8938,0,0,0,0,0
2020-04-04,Mono,051,14174,28,18,0,18,1
2020-04-04,Monterey,053,433212,90,61,1,62,2
2020-04-04,Napa,055,140530,40,15,0,15,2
2020-04-04,Nevada,057,99092,36,19,1,20,1
2020-04-04,Orange,059,3164182,1557,781,9,790,15
2020-04-04,Placer,061,380077,132,87,0,87,2
2020-04-04,Plumas,063,18699,3,2,0,2,0
2020-04-04,Riverside,065,2383286,1794,652,13,665,15
2020-04-04,Sacramento,067,1510023,731,393,0,393,11
2020-04-04,San Benito,069,59416,35,22,0,22,1
2020-04-04,San Bernardino,071,2135413,980,373,0,373,13
2020-04-04,San Diego,073,3302833,1860,1211,0,1211,18
2020-04-04,San Francisco,075,870044,863,537,0,537,6
2020-04-04,San Joaquin,077,732212,292,171,3,174,10
2020-04-04,San Luis Obispo,079,281455,144,82,1,83,0
2020-04-04,San Mateo,081,765935,813,520,2,522,17
2020-04-04,Santa Barbara,083,443738,330,167,1,168,1
2020-04-04,Santa Clara,085,1922200,1601,1045,3,1048,39
2020-04-04,Santa Cruz,087,273765,94,56,0,56,1
2020-04-04,Shasta,089,179085,27,11,0,11,2
2020-04-04,Sierra,091,2930,0,0,0,0,0
2020-04-04,Siskiyou,093,43540,4,3,0,3,0
2020-04-04,Solano,095,438530,153,79,0,79,1
2020-04-04,Sonoma,097,501317,161,88,0,88,1
2020-04-04,Stanislaus,099,539301,143,51,3,54,0
2020-04-04,Sutter,101,95872,22,14,0,14,1
2020-04-04,Tehama,103,63373,1,1,0,1,0
2020-04-04,Trinity,105,12862,0,0,0,0,0
2020-04-04,Tulare,107,460477,267,79,5,84,4
2020-04-04,Tuolumne,109,53932,2,1,0,1,0
2020-04-04,Ventura,111,848112,364,194,0,194,6
2020-04-04,Yolo,113,214977,74,40,0,40,2
2020-04-04,Yuba,115,75493,13,7,0,7,0
2020-04-03,Alameda,001,1643700,858,395,1,396,11
2020-04-03,Alpine,003,1148,1,1,0,1,0
2020-04-03,Amador,005,37829,4,2,0,2,0
2020-04-03,Butte,007,227075,16,8,1,9,0
2020-04-03,Calaveras,009,45235,6,3,0,3,0
2020-04-03,Colusa,011,21464,3,1,0,1,0
2020-04-03,Contra Costa,013,1133247,589,327,0,327,5
2020-04-03,Del Norte,015,27424,2,1,0,1,0
2020-04-03,El Dorado,017,186661,39,16,0,16,0
2020-04-03,Fresno,019,978130,312,98,4,102,1
2020-04-03,Glenn,021,27897,4,2,0,2,0
2020-04-03,Humboldt,023,135768,54,34,0,34,0
2020-04-03,Imperial,025,180216,107,35,0,35,0
2020-04-03,Inyo,027,18085,11,10,0,10,0
2020-04-03,Kern,029,883053,359,87,0,87,1
2020-04-03,Kings,031,150075,37,3,1,4,0
2020-04-03,Lake,033,64148,3,0,0,0,0
2020-04-03,Lassen,035,31185,1,0,2,2,0
2020-04-03,Los Angeles,037,10098052,9171,4566,13,4579,91
2020-04-03,Madera,039,155013,54,28,0,28,2
2020-04-03,Marin,041,260295,151,106,0,106,6
2020-04-03,Mariposa,043,17540,0,0,0,0,0
2020-04-03,Mendocino,045,87422,6,4,0,4,0
2020-04-03,Merced,047,269075,46,9,0,9,0
2020-04-03,Modoc,049,8938,0,0,0,0,0
2020-04-03,Mono,051,14174,28,18,0,18,1
2020-04-03,Monterey,053,433212,87,58,1,59,2
2020-04-03,Napa,055,140530,39,13,0,13,1
2020-04-03,Nevada,057,99092,36,19,1,20,1
2020-04-03,Orange,059,3164182,1518,713,9,722,13
2020-04-03,Placer,061,380077,128,76,0,76,2
2020-04-03,Plumas,063,18699,3,2,0,2,0
2020-04-03,Riverside,065,2383286,1714,540,13,553,14
2020-04-03,Sacramento,067,1510023,710,363,0,363,11
2020-04-03,San Benito,069,59416,35,22,0,22,1
2020-04-03,San Bernardino,071,2135413,935,356,0,356,11
2020-04-03,San Diego,073,3302833,1800,1114,0,1114,17
2020-04-03,San Francisco,075,870044,839,506,0,506,6
2020-04-03,San Joaquin,077,732212,280,162,3,165,10
2020-04-03,San Luis Obispo,079,281455,144,82,1,83,0
2020-04-03,San Mateo,081,765935,796,474,2,476,13
2020-04-03,Santa Barbara,083,443738,318,154,1,155,1
2020-04-03,Santa Clara,085,1922200,1565,983,3,986,39
2020-04-03,Santa Cruz,087,273765,94,52,0,52,1
2020-04-03,Shasta,089,179085,27,10,0,10,1
2020-04-03,Sierra,091,2930,0,0,0,0,0
2020-04-03,Siskiyou,093,43540,4,3,0,3,0
2020-04-03,Solano,095,438530,145,72,0,72,1
2020-04-03,Sonoma,097,501317,161,84,0,84,1
2020-04-03,Stanislaus,099,539301,137,48,3,51,0
2020-04-03,Sutter,101,95872,22,12,0,12,1
2020-04-03,Tehama,103,63373,1,1,0,1,0
2020-04-03,Trinity,105,12862,0,0,0,0,0
2020-04-03,Tulare,107,460477,253,73,5,78,3
2020-04-03,Tuolumne,109,53932,2,1,0,1,0
2020-04-03,Ventura,111,848112,354,186,0,186,6
2020-04-03,Yolo,113,214977,73,33,0,33,1
2020-04-03,Yuba,115,75493,13,6,0,6,0
2020-04-02,Alameda,001,1643700,807,345,1,346,10
2020-04-02,Alpine,003,1148,1,1,0,1,0
2020-04-02,Amador,005,37829,4,2,0,2,0
2020-04-02,Butte,007,227075,16,7,0,7,0
2020-04-02,Calaveras,009,45235,4,3,0,3,0
2020-04-02,Colusa,011,21464,3,1,0,1,0
2020-04-02,Contra Costa,013,1133247,559,297,0,297,3
2020-04-02,Del Norte,015,27424,2,0,0,0,0
2020-04-02,El Dorado,017,186661,37,16,0,16,0
2020-04-02,Fresno,019,978130,296,92,4,96,0
2020-04-02,Glenn,021,27897,3,2,0,2,0
2020-04-02,Humboldt,023,135768,50,23,0,23,0
2020-04-02,Imperial,025,180216,103,24,0,24,0
2020-04-02,Inyo,027,18085,10,8,0,8,0
2020-04-02,Kern,029,883053,332,74,0,74,0
2020-04-02,Kings,031,150075,37,3,1,4,0
2020-04-02,Lake,033,64148,3,0,0,0,0
2020-04-02,Lassen,035,31185,1,0,2,2,0
2020-04-02,Los Angeles,037,10098052,8339,4040,13,4053,79
2020-04-02,Madera,039,155013,52,25,0,25,1
2020-04-02,Marin,041,260295,145,102,0,102,1
2020-04-02,Mariposa,043,17540,0,0,0,0,0
2020-04-02,Mendocino,045,87422,6,4,0,4,0
2020-04-02,Merced,047,269075,41,9,0,9,0
2020-04-02,Modoc,049,8938,0,0,0,0,0
2020-04-02,Mono,051,14174,28,16,0,16,1
2020-04-02,Monterey,053,433212,85,50,1,51,2
2020-04-02,Napa,055,140530,39,13,0,13,0
2020-04-02,Nevada,057,99092,35,17,1,18,0
2020-04-02,Orange,059,3164182,1466,640,8,648,12
2020-04-02,Placer,061,380077,127,72,0,72,2
2020-04-02,Plumas,063,18699,3,1,0,1,0
2020-04-02,Riverside,065,2383286,1597,438,13,451,13
2020-04-02,Sacramento,067,1510023,692,322,0,322,9
2020-04-02,San Benito,069,59416,33,18,0,18,1
2020-04-02,San Bernardino,071,2135413,880,335,0,335,8
2020-04-02,San Diego,073,3302833,1733,968,0,968,16
2020-04-02,San Francisco,075,870044,812,473,0,473,6
2020-04-02,San Joaquin,077,732212,261,148,3,151,9
2020-04-02,San Luis Obispo,079,281455,139,79,1,80,0
2020-04-02,San Mateo,081,765935,775,423,2,425,13
2020-04-02,Santa Barbara,083,443738,304,125,1,126,1
2020-04-02,Santa Clara,085,1922200,1514,908,3,911,38
2020-04-02,Santa Cruz,087,273765,92,49,0,49,1
2020-04-02,Shasta,089,179085,26,7,0,7,1
2020-04-02,Sierra,091,2930,0,0,0,0,0
2020-04-02,Siskiyou,093,43540,4,3,0,3,0
2020-04-02,Solano,095,438530,135,65,0,65,0
2020-04-02,Sonoma,097,501317,157,76,0,76,1
2020-04-02,Stanislaus,099,539301,126,40,3,43,0
2020-04-02,Sutter,101,95872,21,10,0,10,1
2020-04-02,Tehama,103,63373,1,1,0,1,0
2020-04-02,Trinity,105,12862,0,0,0,0,0
2020-04-02,Tulare,107,460477,219,64,5,69,1
2020-04-02,Tuolumne,109,53932,2,1,0,1,0
2020-04-02,Ventura,111,848112,336,178,0,178,5
2020-04-02,Yolo,113,214977,71,29,0,29,1
2020-04-02,Yuba,115,75493,10,5,0,5,0
2020-04-01,Alameda,001,1643700,780,287,1,288,8
2020-04-01,Alpine,003,1148,1,1,0,1,0
2020-04-01,Amador,005,37829,4,1,0,1,0
2020-04-01,Butte,007,227075,16,6,0,6,0
2020-04-01,Calaveras,009,45235,3,3,0,3,0
2020-04-01,Colusa,011,21464,3,1,0,1,0
2020-04-01,Contra Costa,013,1133247,515,267,0,267,3
2020-04-01,Del Norte,015,27424,2,0,0,0,0
2020-04-01,El Dorado,017,186661,36,14,0,14,0
2020-04-01,Fresno,019,978130,274,75,3,78,0
2020-04-01,Glenn,021,27897,3,2,0,2,0
2020-04-01,Humboldt,023,135768,50,19,0,19,0
2020-04-01,Imperial,025,180216,96,25,0,25,0
2020-04-01,Inyo,027,18085,10,8,0,8,0
2020-04-01,Kern,029,883053,305,53,0,53,0
2020-04-01,Kings,031,150075,35,3,1,4,0
2020-04-01,Lake,033,64148,3,0,0,0,0
2020-04-01,Lassen,035,31185,1,0,2,2,0
2020-04-01,Los Angeles,037,10098052,7689,3502,13,3515,66
2020-04-01,Madera,039,155013,50,17,0,17,1
2020-04-01,Marin,041,260295,141,87,0,87,1
2020-04-01,Mariposa,043,17540,0,0,0,0,0
2020-04-01,Mendocino,045,87422,6,4,0,4,0
2020-04-01,Merced,047,269075,38,7,0,7,0
2020-04-01,Modoc,049,8938,0,0,0,0,0
2020-04-01,Mono,051,14174,28,12,0,12,1
2020-04-01,Monterey,053,433212,84,47,1,48,2
2020-04-01,Napa,055,140530,36,11,0,11,0
2020-04-01,Nevada,057,99092,35,15,1,16,0
2020-04-01,Orange,059,3164182,1414,579,8,587,11
2020-04-01,Placer,061,380077,125,52,0,52,2
2020-04-01,Plumas,063,18699,3,1,0,1,0
2020-04-01,Riverside,065,2383286,1429,306,12,318,11
2020-04-01,Sacramento,067,1510023,659,299,0,299,8
2020-04-01,San Benito,069,59416,30,14,0,14,1
2020-04-01,San Bernardino,071,2135413,831,245,0,245,5
2020-04-01,San Diego,073,3302833,1663,851,0,851,11
2020-04-01,San Francisco,075,870044,784,432,0,432,6
2020-04-01,San Joaquin,077,732212,250,132,3,135,8
2020-04-01,San Luis Obispo,079,281455,133,69,1,70,0
2020-04-01,San Mateo,081,765935,757,354,2,356,13
2020-04-01,Santa Barbara,083,443738,286,103,1,104,0
2020-04-01,Santa Clara,085,1922200,1472,805,3,808,33
2020-04-01,Santa Cruz,087,273765,87,44,0,44,1
2020-04-01,Shasta,089,179085,25,5,0,5,1
2020-04-01,Sierra,091,2930,0,0,0,0,0
2020-04-01,Siskiyou,093,43540,4,3,0,3,0
2020-04-01,Solano,095,438530,130,57,0,57,0
2020-04-01,Sonoma,097,501317,153,60,0,60,1
2020-04-01,Stanislaus,099,539301,115,29,3,32,0
2020-04-01,Sutter,101,95872,21,9,0,9,1
2020-04-01,Tehama,103,63373,1,0,0,0,0
2020-04-01,Trinity,105,12862,0,0,0,0,0
2020-04-01,Tulare,107,460477,181,43,5,48,1
2020-04-01,Tuolumne,109,53932,2,1,0,1,0
2020-04-01,Ventura,111,848112,323,154,0,154,5
2020-04-01,Yolo,113,214977,66,22,0,22,1
2020-04-01,Yuba,115,75493,9,5,0,5,0
2020-03-31,Alameda,001,1643700,712,269,1,270,7
2020-03-31,Alpine,003,1148,1,1,0,1,0
2020-03-31,Amador,005,37829,4,1,0,1,0
2020-03-31,Butte,007,227075,16,6,0,6,0
2020-03-31,Calaveras,009,45235,3,3,0,3,0
2020-03-31,Colusa,011,21464,3,1,0,1,0
2020-03-31,Contra Costa,013,1133247,490,246,0,246,3
2020-03-31,Del Norte,015,27424,1,0,0,0,0
2020-03-31,El Dorado,017,186661,32,14,0,14,0
2020-03-31,Fresno,019,978130,249,59,3,62,0
2020-03-31,Glenn,021,27897,3,2,0,2,0
2020-03-31,Humboldt,023,135768,50,18,0,18,0
2020-03-31,Imperial,025,180216,91,17,0,17,0
2020-03-31,Inyo,027,18085,10,8,0,8,0
2020-03-31,Kern,029,883053,281,47,0,47,0
2020-03-31,Kings,031,150075,33,2,1,3,0
2020-03-31,Lake,033,64148,1,0,0,0,0
2020-03-31,Lassen,035,31185,1,0,2,2,0
2020-03-31,Los Angeles,037,10098052,7024,3001,13,3014,53
2020-03-31,Madera,039,155013,49,17,0,17,1
2020-03-31,Marin,041,260295,132,85,0,85,1
2020-03-31,Mariposa,043,17540,0,0,0,0,0
2020-03-31,Mendocino,045,87422,6,4,0,4,0
2020-03-31,Merced,047,269075,33,6,0,6,0
2020-03-31,Modoc,049,8938,0,0,0,0,0
2020-03-31,Mono,051,14174,26,12,0,12,0
2020-03-31,Monterey,053,433212,82,43,1,44,2
2020-03-31,Napa,055,140530,35,9,0,9,0
2020-03-31,Nevada,057,99092,35,15,1,16,0
2020-03-31,Orange,059,3164182,1344,506,8,514,7
2020-03-31,Placer,061,380077,118,49,0,49,2
2020-03-31,Plumas,063,18699,1,0,0,0,0
2020-03-31,Riverside,065,2383286,1283,284,12,296,8
2020-03-31,Sacramento,067,1510023,607,271,0,271,8
2020-03-31,San Benito,069,59416,30,14,0,14,1
2020-03-31,San Bernardino,071,2135413,746,193,0,193,5
2020-03-31,San Diego,073,3302833,1581,736,0,736,9
2020-03-31,San Francisco,075,870044,749,404,0,404,5
2020-03-31,San Joaquin,077,732212,234,122,3,125,7
2020-03-31,San Luis Obispo,079,281455,129,67,1,68,0
2020-03-31,San Mateo,081,765935,738,297,2,299,12
2020-03-31,Santa Barbara,083,443738,270,89,1,90,0
2020-03-31,Santa Clara,085,1922200,1422,777,3,780,30
2020-03-31,Santa Cruz,087,273765,80,40,0,40,1
2020-03-31,Shasta,089,179085,22,5,0,5,1
2020-03-31,Sierra,091,2930,0,0,0,0,0
2020-03-31,Siskiyou,093,43540,4,3,0,3,0
2020-03-31,Solano,095,438530,116,56,0,56,0
2020-03-31,Sonoma,097,501317,148,58,0,58,1
2020-03-31,Stanislaus,099,539301,100,28,3,31,0
2020-03-31,Sutter,101,95872,21,8,0,8,0
2020-03-31,Tehama,103,63373,1,0,0,0,0
2020-03-31,Trinity,105,12862,0,0,0,0,0
2020-03-31,Tulare,107,460477,158,42,4,46,1
2020-03-31,Tuolumne,109,53932,2,1,0,1,0
2020-03-31,Ventura,111,848112,312,143,0,143,4
2020-03-31,Yolo,113,214977,59,21,0,21,1
2020-03-31,Yuba,115,75493,9,5,0,5,0
2020-03-30,Alameda,001,1643700,672,250,1,251,7
2020-03-30,Alpine,003,1148,1,1,0,1,0
2020-03-30,Amador,005,37829,4,1,0,1,0
2020-03-30,Butte,007,227075,14,5,0,5,0
2020-03-30,Calaveras,009,45235,3,3,0,3,0
2020-03-30,Colusa,011,21464,3,1,0,1,0
2020-03-30,Contra Costa,013,1133247,464,212,0,212,3
2020-03-30,Del Norte,015,27424,0,0,0,0,0
2020-03-30,El Dorado,017,186661,32,11,0,11,0
2020-03-30,Fresno,019,978130,224,46,3,49,0
2020-03-30,Glenn,021,27897,3,2,0,2,0
2020-03-30,Humboldt,023,135768,48,11,0,11,0
2020-03-30,Imperial,025,180216,88,9,0,9,0
2020-03-30,Inyo,027,18085,10,5,0,5,0
2020-03-30,Kern,029,883053,248,30,0,30,0
2020-03-30,Kings,031,150075,33,1,1,2,0
2020-03-30,Lake,033,64148,1,0,0,0,0
2020-03-30,Lassen,035,31185,1,0,1,1,0
2020-03-30,Los Angeles,037,10098052,6369,2467,13,2480,44
2020-03-30,Madera,039,155013,48,14,0,14,1
2020-03-30,Marin,041,260295,125,78,0,78,0
2020-03-30,Mariposa,043,17540,0,0,0,0,0
2020-03-30,Mendocino,045,87422,5,2,0,2,0
2020-03-30,Merced,047,269075,29,6,0,6,0
2020-03-30,Modoc,049,8938,0,0,0,0,0
2020-03-30,Mono,051,14174,26,11,0,11,0
2020-03-30,Monterey,053,433212,77,41,1,42,1
2020-03-30,Napa,055,140530,34,9,0,9,0
2020-03-30,Nevada,057,99092,34,14,1,15,0
2020-03-30,Orange,059,3164182,1278,418,8,426,5
2020-03-30,Placer,061,380077,115,44,0,44,2
2020-03-30,Plumas,063,18699,1,0,0,0,0
2020-03-30,Riverside,065,2383286,1203,204,12,216,7
2020-03-30,Sacramento,067,1510023,583,238,0,238,8
2020-03-30,San Benito,069,59416,30,11,0,11,1
2020-03-30,San Bernardino,071,2135413,702,145,0,145,4
2020-03-30,San Diego,073,3302833,1511,605,0,605,7
2020-03-30,San Francisco,075,870044,709,368,0,368,5
2020-03-30,San Joaquin,077,732212,227,112,3,115,5
2020-03-30,San Luis Obispo,079,281455,126,62,1,63,0
2020-03-30,San Mateo,081,765935,714,257,2,259,11
2020-03-30,Santa Barbara,083,443738,260,79,1,80,0
2020-03-30,Santa Clara,085,1922200,1391,745,3,748,31
2020-03-30,Santa Cruz,087,273765,77,36,0,36,1
2020-03-30,Shasta,089,179085,21,4,0,4,1
2020-03-30,Sierra,091,2930,0,0,0,0,0
2020-03-30,Siskiyou,093,43540,4,2,0,2,0
2020-03-30,Solano,095,438530,110,50,0,50,0
2020-03-30,Sonoma,097,501317,145,57,0,57,1
2020-03-30,Stanislaus,099,539301,93,28,3,31,0
2020-03-30,Sutter,101,95872,20,6,0,6,0
2020-03-30,Tehama,103,63373,1,0,0,0,0
2020-03-30,Trinity,105,12862,0,0,0,0,0
2020-03-30,Tulare,107,460477,146,40,3,43,1
2020-03-30,Tuolumne,109,53932,2,1,0,1,0
2020-03-30,Ventura,111,848112,301,118,0,118,2
2020-03-30,Yolo,113,214977,56,17,0,17,1
2020-03-30,Yuba,115,75493,8,5,0,5,0
2020-03-29,Alameda,001,1643700,638,207,1,208,6
2020-03-29,Alpine,003,1148,1,0,0,0,0
2020-03-29,Amador,005,37829,4,1,0,1,0
2020-03-29,Butte,007,227075,14,4,0,4,0
2020-03-29,Calaveras,009,45235,3,2,0,2,0
2020-03-29,Colusa,011,21464,3,1,0,1,0
2020-03-29,Contra Costa,013,1133247,434,187,0,187,3
2020-03-29,Del Norte,015,27424,0,0,0,0,0
2020-03-29,El Dorado,017,186661,31,9,0,9,0
2020-03-29,Fresno,019,978130,200,31,3,34,0
2020-03-29,Glenn,021,27897,2,1,0,1,0
2020-03-29,Humboldt,023,135768,45,9,0,9,0
2020-03-29,Imperial,025,180216,82,9,0,9,0
2020-03-29,Inyo,027,18085,9,0,0,0,0
2020-03-29,Kern,029,883053,230,20,0,20,0
2020-03-29,Kings,031,150075,30,1,1,2,0
2020-03-29,Lake,033,64148,0,0,0,0,0
2020-03-29,Lassen,035,31185,1,0,1,1,0
2020-03-29,Los Angeles,037,10098052,5724,2119,13,2132,37
2020-03-29,Madera,039,155013,43,11,0,11,1
2020-03-29,Marin,041,260295,120,60,0,60,0
2020-03-29,Mariposa,043,17540,0,0,0,0,0
2020-03-29,Mendocino,045,87422,5,2,0,2,0
2020-03-29,Merced,047,269075,28,4,0,4,0
2020-03-29,Modoc,049,8938,0,0,0,0,0
2020-03-29,Mono,051,14174,26,8,0,8,0
2020-03-29,Monterey,053,433212,72,36,1,37,1
2020-03-29,Napa,055,140530,32,5,0,5,0
2020-03-29,Nevada,057,99092,32,13,1,14,0
2020-03-29,Orange,059,3164182,1205,343,8,351,2
2020-03-29,Placer,061,380077,114,35,0,35,2
2020-03-29,Plumas,063,18699,1,0,0,0,0
2020-03-29,Riverside,065,2383286,1079,122,12,134,7
2020-03-29,Sacramento,067,1510023,543,217,0,217,7
2020-03-29,San Benito,069,59416,29,10,0,10,1
2020-03-29,San Bernardino,071,2135413,650,94,0,94,2
2020-03-29,San Diego,073,3302833,1439,521,0,521,7
2020-03-29,San Francisco,075,870044,665,333,0,333,5
2020-03-29,San Joaquin,077,732212,218,86,3,89,4
2020-03-29,San Luis Obispo,079,281455,119,55,0,55,0
2020-03-29,San Mateo,081,765935,689,234,2,236,12
2020-03-29,Santa Barbara,083,443738,249,52,1,53,0
2020-03-29,Santa Clara,085,1922200,1334,591,3,594,30
2020-03-29,Santa Cruz,087,273765,77,33,0,33,1
2020-03-29,Shasta,089,179085,20,4,0,4,1
2020-03-29,Sierra,091,2930,0,0,0,0,0
2020-03-29,Siskiyou,093,43540,4,2,0,2,0
2020-03-29,Solano,095,438530,102,48,0,48,0
2020-03-29,Sonoma,097,501317,143,35,0,35,1
2020-03-29,Stanislaus,099,539301,88,19,3,22,0
2020-03-29,Sutter,101,95872,17,6,0,6,0
2020-03-29,Tehama,103,63373,1,0,0,0,0
2020-03-29,Trinity,105,12862,0,0,0,0,0
2020-03-29,Tulare,107,460477,121,24,3,27,1
2020-03-29,Tuolumne,109,53932,1,1,0,1,0
2020-03-29,Ventura,111,848112,274,92,0,92,2
2020-03-29,Yolo,113,214977,51,13,0,13,1
2020-03-29,Yuba,115,75493,8,3,0,3,0
2020-03-28,Alameda,001,1643700,611,410,1,411,12
2020-03-28,Alpine,003,1148,1,0,0,0,0
2020-03-28,Amador,005,37829,4,2,0,2,0
2020-03-28,Butte,007,227075,14,8,0,8,0
2020-03-28,Calaveras,009,45235,3,4,0,4,0
2020-03-28,Colusa,011,21464,3,2,0,2,0
2020-03-28,Contra Costa,013,1133247,411,350,0,350,4
2020-03-28,Del Norte,015,27424,0,0,0,0,0
2020-03-28,El Dorado,017,186661,30,18,0,18,0
2020-03-28,Fresno,019,978130,190,62,3,65,0
2020-03-28,Glenn,021,27897,2,2,0,2,0
2020-03-28,Humboldt,023,135768,45,18,0,18,0
2020-03-28,Imperial,025,180216,77,18,0,18,0
2020-03-28,Inyo,027,18085,9,0,0,0,0
2020-03-28,Kern,029,883053,213,40,0,40,0
2020-03-28,Kings,031,150075,29,2,1,3,0
2020-03-28,Lake,033,64148,0,0,0,0,0
2020-03-28,Lassen,035,31185,1,0,1,1,0
2020-03-28,Los Angeles,037,10098052,5337,3600,12,3612,64
2020-03-28,Madera,039,155013,43,22,0,22,2
2020-03-28,Marin,041,260295,115,116,0,116,0
2020-03-28,Mariposa,043,17540,0,0,0,0,0
2020-03-28,Mendocino,045,87422,5,4,0,4,0
2020-03-28,Merced,047,269075,27,8,0,8,0
2020-03-28,Modoc,049,8938,0,0,0,0,0
2020-03-28,Mono,051,14174,24,12,0,12,0
2020-03-28,Monterey,053,433212,71,64,1,65,2
2020-03-28,Napa,055,140530,27,10,0,10,0
2020-03-28,Nevada,057,99092,32,22,1,23,0
2020-03-28,Orange,059,3164182,1169,656,8,664,4
2020-03-28,Placer,061,380077,109,70,0,70,2
2020-03-28,Plumas,063,18699,1,0,0,0,0
2020-03-28,Riverside,065,2383286,1011,242,12,254,14
2020-03-28,Sacramento,067,1510023,525,406,0,406,14
2020-03-28,San Benito,069,59416,29,20,0,20,2
2020-03-28,San Bernardino,071,2135413,602,162,0,162,4
2020-03-28,San Diego,073,3302833,1380,980,0,980,14
2020-03-28,San Francisco,075,870044,641,600,0,600,6
2020-03-28,San Joaquin,077,732212,210,166,3,169,8
2020-03-28,San Luis Obispo,079,281455,117,104,0,104,0
2020-03-28,San Mateo,081,765935,669,462,2,464,17
2020-03-28,Santa Barbara,083,443738,238,98,1,99,0
2020-03-28,Santa Clara,085,1922200,1315,1174,3,1177,54
2020-03-28,Santa Cruz,087,273765,76,62,0,62,0
2020-03-28,Shasta,089,179085,20,8,0,8,2
2020-03-28,Sierra,091,2930,0,0,0,0,0
2020-03-28,Siskiyou,093,43540,4,4,0,4,0
2020-03-28,Solano,095,438530,98,96,0,96,0
2020-03-28,Sonoma,097,501317,141,70,0,70,2
2020-03-28,Stanislaus,099,539301,83,34,3,37,0
2020-03-28,Sutter,101,95872,17,6,0,6,0
2020-03-28,Tehama,103,63373,1,0,0,0,0
2020-03-28,Trinity,105,12862,0,0,0,0,0
2020-03-28,Tulare,107,460477,114,46,3,49,0
2020-03-28,Tuolumne,109,53932,1,2,0,2,0
2020-03-28,Ventura,111,848112,270,178,0,178,4
2020-03-28,Yolo,113,214977,50,26,0,26,2
2020-03-28,Yuba,115,75493,8,6,0,6,0
2020-03-27,Alameda,001,1643700,593,185,1,186,4
2020-03-27,Alpine,003,1148,1,0,0,0,0
2020-03-27,Amador,005,37829,3,1,0,1,0
2020-03-27,Butte,007,227075,12,4,0,4,0
2020-03-27,Calaveras,009,45235,3,2,0,2,0
2020-03-27,Colusa,011,21464,3,0,0,0,0
2020-03-27,Contra Costa,013,1133247,390,161,0,161,2
2020-03-27,Del Norte,015,27424,0,0,0,0,0
2020-03-27,El Dorado,017,186661,28,9,0,9,0
2020-03-27,Fresno,019,978130,178,29,2,31,0
2020-03-27,Glenn,021,27897,2,0,0,0,0
2020-03-27,Humboldt,023,135768,41,9,0,9,0
2020-03-27,Imperial,025,180216,72,9,0,9,0
2020-03-27,Inyo,027,18085,9,0,0,0,0
2020-03-27,Kern,029,883053,200,20,0,20,0
2020-03-27,Kings,031,150075,28,0,1,1,0
2020-03-27,Lake,033,64148,0,0,0,0,0
2020-03-27,Lassen,035,31185,1,0,1,1,0
2020-03-27,Los Angeles,037,10098052,4926,1474,12,1486,26
2020-03-27,Madera,039,155013,41,10,0,10,1
2020-03-27,Marin,041,260295,110,58,0,58,0
2020-03-27,Mariposa,043,17540,0,0,0,0,0
2020-03-27,Mendocino,045,87422,5,2,0,2,0
2020-03-27,Merced,047,269075,26,3,0,3,0
2020-03-27,Modoc,049,8938,0,0,0,0,0
2020-03-27,Mono,051,14174,24,6,0,6,0
2020-03-27,Monterey,053,433212,68,26,1,27,1
2020-03-27,Napa,055,140530,27,5,0,5,0
2020-03-27,Nevada,057,99092,32,6,1,7,0
2020-03-27,Orange,059,3164182,1119,299,8,307,2
2020-03-27,Placer,061,380077,106,33,0,33,1
2020-03-27,Plumas,063,18699,0,0,0,0,0
2020-03-27,Riverside,065,2383286,955,121,12,133,7
2020-03-27,Sacramento,067,1510023,502,163,0,163,6
2020-03-27,San Benito,069,59416,28,9,0,9,1
2020-03-27,San Bernardino,071,2135413,512,77,0,77,2
2020-03-27,San Diego,073,3302833,1323,419,0,419,5
2020-03-27,San Francisco,075,870044,616,285,0,285,2
2020-03-27,San Joaquin,077,732212,199,73,3,76,3
2020-03-27,San Luis Obispo,079,281455,115,46,0,46,0
2020-03-27,San Mateo,081,765935,643,213,2,215,7
2020-03-27,Santa Barbara,083,443738,222,37,1,38,0
2020-03-27,Santa Clara,085,1922200,1277,557,3,560,25
2020-03-27,Santa Cruz,087,273765,75,31,0,31,0
2020-03-27,Shasta,089,179085,17,3,0,3,1
2020-03-27,Sierra,091,2930,0,0,0,0,0
2020-03-27,Siskiyou,093,43540,4,2,0,2,0
2020-03-27,Solano,095,438530,92,48,0,48,0
2020-03-27,Sonoma,097,501317,133,35,0,35,1
2020-03-27,Stanislaus,099,539301,81,16,3,19,0
2020-03-27,Sutter,101,95872,16,2,0,2,0
2020-03-27,Tehama,103,63373,1,0,0,0,0
2020-03-27,Trinity,105,12862,0,0,0,0,0
2020-03-27,Tulare,107,460477,106,15,3,18,0
2020-03-27,Tuolumne,109,53932,1,1,0,1,0
2020-03-27,Ventura,111,848112,261,80,0,80,2
2020-03-27,Yolo,113,214977,49,13,0,13,1
2020-03-27,Yuba,115,75493,7,3,0,3,0
2020-03-26,Alameda,001,1643700,553,172,1,173,4
2020-03-26,Alpine,003,1148,1,0,0,0,0
2020-03-26,Amador,005,37829,3,1,0,1,0
2020-03-26,Butte,007,227075,12,4,0,4,0
2020-03-26,Calaveras,009,45235,3,2,0,2,0
2020-03-26,Colusa,011,21464,3,0,0,0,0
2020-03-26,Contra Costa,013,1133247,380,147,0,147,2
2020-03-26,Del Norte,015,27424,0,0,0,0,0
2020-03-26,El Dorado,017,186661,26,7,0,7,0
2020-03-26,Fresno,019,978130,169,25,2,27,0
2020-03-26,Glenn,021,27897,2,0,0,0,0
2020-03-26,Humboldt,023,135768,37,8,0,8,0
2020-03-26,Imperial,025,180216,68,8,0,8,0
2020-03-26,Inyo,027,18085,8,0,0,0,0
2020-03-26,Kern,029,883053,184,20,0,20,0
2020-03-26,Kings,031,150075,28,0,1,1,0
2020-03-26,Lake,033,64148,0,0,0,0,0
2020-03-26,Lassen,035,31185,1,0,1,1,0
2020-03-26,Los Angeles,037,10098052,4523,1075,12,1087,19
2020-03-26,Madera,039,155013,39,8,0,8,0
2020-03-26,Marin,041,260295,101,56,0,56,0
2020-03-26,Mariposa,043,17540,0,0,0,0,0
2020-03-26,Mendocino,045,87422,4,1,0,1,0
2020-03-26,Merced,047,269075,23,1,0,1,0
2020-03-26,Modoc,049,8938,0,0,0,0,0
2020-03-26,Mono,051,14174,23,5,0,5,0
2020-03-26,Monterey,053,433212,65,25,1,26,1
2020-03-26,Napa,055,140530,26,5,0,5,0
2020-03-26,Nevada,057,99092,32,7,1,8,0
2020-03-26,Orange,059,3164182,1057,279,8,287,1
2020-03-26,Placer,061,380077,103,34,0,34,1
2020-03-26,Plumas,063,18699,0,0,0,0,0
2020-03-26,Riverside,065,2383286,884,118,12,130,7
2020-03-26,Sacramento,067,1510023,469,147,0,147,5
2020-03-26,San Benito,069,59416,28,8,0,8,1
2020-03-26,San Bernardino,071,2135413,446,57,0,57,1
2020-03-26,San Diego,073,3302833,1256,299,0,299,2
2020-03-26,San Francisco,075,870044,589,261,0,261,1
2020-03-26,San Joaquin,077,732212,188,69,3,72,3
2020-03-26,San Luis Obispo,079,281455,110,38,0,38,0
2020-03-26,San Mateo,081,765935,609,122,2,124,5
2020-03-26,Santa Barbara,083,443738,206,33,1,34,0
2020-03-26,Santa Clara,085,1922200,1232,487,2,489,20
2020-03-26,Santa Cruz,087,273765,71,30,0,30,0
2020-03-26,Shasta,089,179085,17,3,0,3,1
2020-03-26,Sierra,091,2930,0,0,0,0,0
2020-03-26,Siskiyou,093,43540,4,2,0,2,0
2020-03-26,Solano,095,438530,84,41,0,41,0
2020-03-26,Sonoma,097,501317,128,33,0,33,1
2020-03-26,Stanislaus,099,539301,79,15,3,18,0
2020-03-26,Sutter,101,95872,12,2,0,2,0
2020-03-26,Tehama,103,63373,1,0,0,0,0
2020-03-26,Trinity,105,12862,0,0,0,0,0
2020-03-26,Tulare,107,460477,97,15,3,18,0
2020-03-26,Tuolumne,109,53932,1,0,0,0,0
2020-03-26,Ventura,111,848112,245,70,0,70,1
2020-03-26,Yolo,113,214977,45,13,0,13,1
2020-03-26,Yuba,115,75493,7,3,0,3,0
2020-03-25,Alameda,001,1643700,532,134,1,135,3
2020-03-25,Alpine,003,1148,1,0,0,0,0
2020-03-25,Amador,005,37829,3,1,0,1,0
2020-03-25,Butte,007,227075,12,4,0,4,0
2020-03-25,Calaveras,009,45235,3,2,0,2,0
2020-03-25,Colusa,011,21464,2,0,0,0,0
2020-03-25,Contra Costa,013,1133247,366,131,0,131,1
2020-03-25,Del Norte,015,27424,0,0,0,0,0
2020-03-25,El Dorado,017,186661,26,5,0,5,0
2020-03-25,Fresno,019,978130,151,21,2,23,0
2020-03-25,Glenn,021,27897,2,0,0,0,0
2020-03-25,Humboldt,023,135768,34,3,0,3,0
2020-03-25,Imperial,025,180216,60,8,0,8,0
2020-03-25,Inyo,027,18085,5,0,0,0,0
2020-03-25,Kern,029,883053,164,13,0,13,0
2020-03-25,Kings,031,150075,26,0,1,1,0
2020-03-25,Lake,033,64148,0,0,0,0,0
2020-03-25,Lassen,035,31185,1,0,1,1,0
2020-03-25,Los Angeles,037,10098052,4128,725,12,737,10
2020-03-25,Madera,039,155013,37,6,0,6,0
2020-03-25,Marin,041,260295,95,47,0,47,0
2020-03-25,Mariposa,043,17540,0,0,0,0,0
2020-03-25,Mendocino,045,87422,3,1,0,1,0
2020-03-25,Merced,047,269075,19,0,0,0,0
2020-03-25,Modoc,049,8938,0,0,0,0,0
2020-03-25,Mono,051,14174,22,4,0,4,0
2020-03-25,Monterey,053,433212,62,23,1,24,1
2020-03-25,Napa,055,140530,26,5,0,5,0
2020-03-25,Nevada,057,99092,31,5,1,6,0
2020-03-25,Orange,059,3164182,999,214,8,222,1
2020-03-25,Placer,061,380077,97,30,0,30,1
2020-03-25,Plumas,063,18699,0,1,0,1,0
2020-03-25,Riverside,065,2383286,813,87,12,99,5
2020-03-25,Sacramento,067,1510023,443,114,0,114,5
2020-03-25,San Benito,069,59416,27,4,0,4,1
2020-03-25,San Bernardino,071,2135413,407,46,0,46,1
2020-03-25,San Diego,073,3302833,1194,238,0,238,2
2020-03-25,San Francisco,075,870044,548,212,0,212,1
2020-03-25,San Joaquin,077,732212,175,64,3,67,2
2020-03-25,San Luis Obispo,079,281455,105,35,0,35,0
2020-03-25,San Mateo,081,765935,574,111,2,113,5
2020-03-25,Santa Barbara,083,443738,195,25,1,26,0
2020-03-25,Santa Clara,085,1922200,1188,452,2,454,20
2020-03-25,Santa Cruz,087,273765,68,26,0,26,0
2020-03-25,Shasta,089,179085,16,3,0,3,1
2020-03-25,Sierra,091,2930,0,0,0,0,0
2020-03-25,Siskiyou,093,43540,4,2,0,2,0
2020-03-25,Solano,095,438530,79,39,0,39,0
2020-03-25,Sonoma,097,501317,123,31,0,31,1
2020-03-25,Stanislaus,099,539301,72,14,3,17,0
2020-03-25,Sutter,101,95872,9,1,0,1,0
2020-03-25,Tehama,103,63373,1,0,0,0,0
2020-03-25,Trinity,105,12862,0,0,0,0,0
2020-03-25,Tulare,107,460477,87,11,3,14,0
2020-03-25,Tuolumne,109,53932,1,0,0,0,0
2020-03-25,Ventura,111,848112,229,53,0,53,1
2020-03-25,Yolo,113,214977,43,9,0,9,1
2020-03-25,Yuba,115,75493,7,2,0,2,0
2020-03-24,Alameda,001,1643700,499,96,1,97,2
2020-03-24,Alpine,003,1148,1,0,0,0,0
2020-03-24,Amador,005,37829,1,1,0,1,0
2020-03-24,Butte,007,227075,11,3,0,3,0
2020-03-24,Calaveras,009,45235,2,2,0,2,0
2020-03-24,Colusa,011,21464,2,0,0,0,0
2020-03-24,Contra Costa,013,1133247,352,108,0,108,1
2020-03-24,Del Norte,015,27424,0,0,0,0,0
2020-03-24,El Dorado,017,186661,26,3,0,3,0
2020-03-24,Fresno,019,978130,132,18,2,20,0
2020-03-24,Glenn,021,27897,2,0,0,0,0
2020-03-24,Humboldt,023,135768,32,2,0,2,0
2020-03-24,Imperial,025,180216,57,3,0,3,0
2020-03-24,Inyo,027,18085,5,0,0,0,0
2020-03-24,Kern,029,883053,144,5,0,5,0
2020-03-24,Kings,031,150075,25,0,1,1,0
2020-03-24,Lake,033,64148,0,0,0,0,0
2020-03-24,Lassen,035,31185,1,0,1,1,0
2020-03-24,Los Angeles,037,10098052,3676,633,12,645,7
2020-03-24,Madera,039,155013,36,6,0,6,0
2020-03-24,Marin,041,260295,84,44,0,44,0
2020-03-24,Mariposa,043,17540,0,0,0,0,0
2020-03-24,Mendocino,045,87422,3,1,0,1,0
2020-03-24,Merced,047,269075,17,0,0,0,0
2020-03-24,Modoc,049,8938,0,0,0,0,0
2020-03-24,Mono,051,14174,21,1,0,1,0
2020-03-24,Monterey,053,433212,58,23,1,24,1
2020-03-24,Napa,055,140530,23,2,0,2,0
2020-03-24,Nevada,057,99092,30,4,1,5,0
2020-03-24,Orange,059,3164182,937,166,8,174,0
2020-03-24,Placer,061,380077,90,22,0,22,1
2020-03-24,Plumas,063,18699,0,1,0,1,0
2020-03-24,Riverside,065,2383286,746,56,12,68,5
2020-03-24,Sacramento,067,1510023,424,93,0,93,4
2020-03-24,San Benito,069,59416,26,4,0,4,1
2020-03-24,San Bernardino,071,2135413,363,27,0,27,0
2020-03-24,San Diego,073,3302833,1127,231,0,231,2
2020-03-24,San Francisco,075,870044,516,181,0,181,1
2020-03-24,San Joaquin,077,732212,164,52,3,55,2
2020-03-24,San Luis Obispo,079,281455,102,32,0,32,0
2020-03-24,San Mateo,081,765935,533,100,2,102,2
2020-03-24,Santa Barbara,083,443738,189,20,1,21,0
2020-03-24,Santa Clara,085,1922200,1119,389,2,391,17
2020-03-24,Santa Cruz,087,273765,63,22,0,22,0
2020-03-24,Shasta,089,179085,15,3,0,3,0
2020-03-24,Sierra,091,2930,0,0,0,0,0
2020-03-24,Siskiyou,093,43540,4,2,0,2,0
2020-03-24,Solano,095,438530,77,34,0,34,0
2020-03-24,Sonoma,097,501317,116,27,0,27,1
2020-03-24,Stanislaus,099,539301,63,13,3,16,0
2020-03-24,Sutter,101,95872,9,0,0,0,0
2020-03-24,Tehama,103,63373,1,0,0,0,0
2020-03-24,Trinity,105,12862,0,0,0,0,0
2020-03-24,Tulare,107,460477,77,10,3,13,0
2020-03-24,Tuolumne,109,53932,1,0,0,0,0
2020-03-24,Ventura,111,848112,213,44,0,44,1
2020-03-24,Yolo,113,214977,39,8,0,8,0
2020-03-24,Yuba,115,75493,7,2,0,2,0
2020-03-23,Alameda,001,1643700,468,88,1,89,1
2020-03-23,Alpine,003,1148,1,0,0,0,0
2020-03-23,Amador,005,37829,1,1,0,1,0
2020-03-23,Butte,007,227075,11,2,0,2,0
2020-03-23,Calaveras,009,45235,2,2,0,2,0
2020-03-23,Colusa,011,21464,1,0,0,0,0
2020-03-23,Contra Costa,013,1133247,332,91,0,91,2
2020-03-23,Del Norte,015,27424,0,0,0,0,0
2020-03-23,El Dorado,017,186661,25,3,0,3,0
2020-03-23,Fresno,019,978130,122,10,2,12,0
2020-03-23,Glenn,021,27897,2,0,0,0,0
2020-03-23,Humboldt,023,135768,30,2,0,2,0
2020-03-23,Imperial,025,180216,53,2,0,2,0
2020-03-23,Inyo,027,18085,3,0,0,0,0
2020-03-23,Kern,029,883053,130,5,0,5,0
2020-03-23,Kings,031,150075,25,0,1,1,0
2020-03-23,Lake,033,64148,0,0,0,0,0
2020-03-23,Lassen,035,31185,1,0,1,1,0
2020-03-23,Los Angeles,037,10098052,3372,389,12,401,4
2020-03-23,Madera,039,155013,36,4,0,4,0
2020-03-23,Marin,041,260295,79,30,0,30,0
2020-03-23,Mariposa,043,17540,0,0,0,0,0
2020-03-23,Mendocino,045,87422,3,1,0,1,0
2020-03-23,Merced,047,269075,11,0,0,0,0
2020-03-23,Modoc,049,8938,0,0,0,0,0
2020-03-23,Mono,051,14174,19,1,0,1,0
2020-03-23,Monterey,053,433212,53,14,1,15,1
2020-03-23,Napa,055,140530,21,1,0,1,0
2020-03-23,Nevada,057,99092,27,2,1,3,0
2020-03-23,Orange,059,3164182,882,138,7,145,0
2020-03-23,Placer,061,380077,87,19,0,19,1
2020-03-23,Plumas,063,18699,0,0,0,0,0
2020-03-23,Riverside,065,2383286,703,39,12,51,5
2020-03-23,Sacramento,067,1510023,391,87,0,87,4
2020-03-23,San Benito,069,59416,25,4,0,4,1
2020-03-23,San Bernardino,071,2135413,333,17,0,17,0
2020-03-23,San Diego,073,3302833,1068,178,0,178,1
2020-03-23,San Francisco,075,870044,487,152,0,152,0
2020-03-23,San Joaquin,077,732212,153,37,3,40,2
2020-03-23,San Luis Obispo,079,281455,96,23,0,23,0
2020-03-23,San Mateo,081,765935,495,88,2,90,1
2020-03-23,Santa Barbara,083,443738,168,18,1,19,0
2020-03-23,Santa Clara,085,1922200,1071,336,2,338,13
2020-03-23,Santa Cruz,087,273765,61,21,0,21,0
2020-03-23,Shasta,089,179085,13,2,0,2,0
2020-03-23,Sierra,091,2930,0,0,0,0,0
2020-03-23,Siskiyou,093,43540,4,2,0,2,0
2020-03-23,Solano,095,438530,73,33,0,33,0
2020-03-23,Sonoma,097,501317,104,19,0,19,1
2020-03-23,Stanislaus,099,539301,55,10,3,13,0
2020-03-23,Sutter,101,95872,9,0,0,0,0
2020-03-23,Tehama,103,63373,1,0,0,0,0
2020-03-23,Trinity,105,12862,0,0,0,0,0
2020-03-23,Tulare,107,460477,68,9,3,12,0
2020-03-23,Tuolumne,109,53932,1,0,0,0,0
2020-03-23,Ventura,111,848112,196,30,0,30,0
2020-03-23,Yolo,113,214977,38,8,0,8,0
2020-03-23,Yuba,115,75493,7,2,0,2,0
2020-03-22,Alameda,001,1643700,429,72,1,73,1
2020-03-22,Alpine,003,1148,1,0,0,0,0
2020-03-22,Amador,005,37829,1,1,0,1,0
2020-03-22,Butte,007,227075,8,1,0,1,0
2020-03-22,Calaveras,009,45235,2,2,0,2,0
2020-03-22,Colusa,011,21464,1,0,0,0,0
2020-03-22,Contra Costa,013,1133247,305,79,0,79,1
2020-03-22,Del Norte,015,27424,0,0,0,0,0
2020-03-22,El Dorado,017,186661,23,1,0,1,0
2020-03-22,Fresno,019,978130,102,8,2,10,0
2020-03-22,Glenn,021,27897,2,0,0,0,0
2020-03-22,Humboldt,023,135768,27,1,0,1,0
2020-03-22,Imperial,025,180216,51,2,0,2,0
2020-03-22,Inyo,027,18085,1,0,0,0,0
2020-03-22,Kern,029,883053,114,3,0,3,0
2020-03-22,Kings,031,150075,22,0,1,1,0
2020-03-22,Lake,033,64148,0,0,0,0,0
2020-03-22,Lassen,035,31185,1,0,1,1,0
2020-03-22,Los Angeles,037,10098052,3051,384,12,396,3
2020-03-22,Madera,039,155013,33,4,0,4,0
2020-03-22,Marin,041,260295,69,30,0,30,0
2020-03-22,Mariposa,043,17540,0,0,0,0,0
2020-03-22,Mendocino,045,87422,3,1,0,1,0
2020-03-22,Merced,047,269075,7,0,0,0,0
2020-03-22,Modoc,049,8938,0,0,0,0,0
2020-03-22,Mono,051,14174,14,1,0,1,0
2020-03-22,Monterey,053,433212,50,14,1,15,1
2020-03-22,Napa,055,140530,17,1,0,1,0
2020-03-22,Nevada,057,99092,23,2,1,3,0
2020-03-22,Orange,059,3164182,810,102,4,106,0
2020-03-22,Placer,061,380077,84,18,0,18,1
2020-03-22,Plumas,063,18699,0,0,0,0,0
2020-03-22,Riverside,065,2383286,613,26,8,34,5
2020-03-22,Sacramento,067,1510023,359,82,0,82,4
2020-03-22,San Benito,069,59416,20,4,0,4,1
2020-03-22,San Bernardino,071,2135413,290,16,0,16,0
2020-03-22,San Diego,073,3302833,980,161,0,161,0
2020-03-22,San Francisco,075,870044,450,134,0,134,0
2020-03-22,San Joaquin,077,732212,139,30,3,33,2
2020-03-22,San Luis Obispo,079,281455,90,19,0,19,0
2020-03-22,San Mateo,081,765935,462,82,2,84,1
2020-03-22,Santa Barbara,083,443738,150,16,1,17,0
2020-03-22,Santa Clara,085,1922200,1007,284,2,286,13
2020-03-22,Santa Cruz,087,273765,60,19,0,19,0
2020-03-22,Shasta,089,179085,13,1,0,1,0
2020-03-22,Sierra,091,2930,0,0,0,0,0
2020-03-22,Siskiyou,093,43540,4,2,0,2,0
2020-03-22,Solano,095,438530,64,30,0,30,0
2020-03-22,Sonoma,097,501317,99,18,0,18,1
2020-03-22,Stanislaus,099,539301,49,8,3,11,0
2020-03-22,Sutter,101,95872,8,0,0,0,0
2020-03-22,Tehama,103,63373,0,0,0,0,0
2020-03-22,Trinity,105,12862,0,0,0,0,0
2020-03-22,Tulare,107,460477,62,5,3,8,0
2020-03-22,Tuolumne,109,53932,1,0,0,0,0
2020-03-22,Ventura,111,848112,174,26,0,26,0
2020-03-22,Yolo,113,214977,32,6,0,6,0
2020-03-22,Yuba,115,75493,7,2,0,2,0
2020-03-21,Alameda,001,1643700,405,62,1,63,0
2020-03-21,Alpine,003,1148,1,0,0,0,0
2020-03-21,Amador,005,37829,1,1,0,1,0
2020-03-21,Butte,007,227075,7,1,0,1,0
2020-03-21,Calaveras,009,45235,2,2,0,2,0
2020-03-21,Colusa,011,21464,1,0,0,0,0
2020-03-21,Contra Costa,013,1133247,294,62,0,62,1
2020-03-21,Del Norte,015,27424,0,0,0,0,0
2020-03-21,El Dorado,017,186661,20,1,0,1,0
2020-03-21,Fresno,019,978130,98,8,2,10,0
2020-03-21,Glenn,021,27897,2,0,0,0,0
2020-03-21,Humboldt,023,135768,25,1,0,1,0
2020-03-21,Imperial,025,180216,47,2,0,2,0
2020-03-21,Inyo,027,18085,1,0,0,0,0
2020-03-21,Kern,029,883053,108,3,0,3,0
2020-03-21,Kings,031,150075,22,0,1,1,0
2020-03-21,Lake,033,64148,0,0,0,0,0
2020-03-21,Lassen,035,31185,1,0,1,1,0
2020-03-21,Los Angeles,037,10098052,2778,322,12,334,2
2020-03-21,Madera,039,155013,33,4,0,4,0
2020-03-21,Marin,041,260295,64,30,0,30,0
2020-03-21,Mariposa,043,17540,0,0,0,0,0
2020-03-21,Mendocino,045,87422,3,1,0,1,0
2020-03-21,Merced,047,269075,6,0,0,0,0
2020-03-21,Modoc,049,8938,0,0,0,0,0
2020-03-21,Mono,051,14174,14,1,0,1,0
2020-03-21,Monterey,053,433212,47,8,1,9,1
2020-03-21,Napa,055,140530,17,0,0,0,0
2020-03-21,Nevada,057,99092,23,2,1,3,0
2020-03-21,Orange,059,3164182,761,85,4,89,0
2020-03-21,Placer,061,380077,75,11,0,11,1
2020-03-21,Plumas,063,18699,0,0,0,0,0
2020-03-21,Riverside,065,2383286,566,20,8,28,3
2020-03-21,Sacramento,067,1510023,332,66,0,66,3
2020-03-21,San Benito,069,59416,18,4,0,4,1
2020-03-21,San Bernardino,071,2135413,270,13,0,13,0
2020-03-21,San Diego,073,3302833,903,121,0,121,0
2020-03-21,San Francisco,075,870044,414,106,0,106,0
2020-03-21,San Joaquin,077,732212,130,26,3,29,2
2020-03-21,San Luis Obispo,079,281455,85,16,0,16,0
2020-03-21,San Mateo,081,765935,424,78,2,80,1
2020-03-21,Santa Barbara,083,443738,135,8,1,9,0
2020-03-21,Santa Clara,085,1922200,946,269,2,271,10
2020-03-21,Santa Cruz,087,273765,58,17,0,17,0
2020-03-21,Shasta,089,179085,12,1,0,1,0
2020-03-21,Sierra,091,2930,0,0,0,0,0
2020-03-21,Siskiyou,093,43540,4,0,0,0,0
2020-03-21,Solano,095,438530,62,30,0,30,0
2020-03-21,Sonoma,097,501317,98,15,0,15,1
2020-03-21,Stanislaus,099,539301,43,7,3,10,0
2020-03-21,Sutter,101,95872,7,0,0,0,0
2020-03-21,Tehama,103,63373,0,0,0,0,0
2020-03-21,Trinity,105,12862,0,0,0,0,0
2020-03-21,Tulare,107,460477,54,5,3,8,0
2020-03-21,Tuolumne,109,53932,1,0,0,0,0
2020-03-21,Ventura,111,848112,166,22,0,22,0
2020-03-21,Yolo,113,214977,32,6,0,6,0
2020-03-21,Yuba,115,75493,7,1,0,1,0
2020-03-20,Alameda,001,1643700,384,42,1,43,0
2020-03-20,Alpine,003,1148,1,0,0,0,0
2020-03-20,Amador,005,37829,0,0,0,0,0
2020-03-20,Butte,007,227075,7,0,0,0,0
2020-03-20,Calaveras,009,45235,2,2,0,2,0
2020-03-20,Colusa,011,21464,1,0,0,0,0
2020-03-20,Contra Costa,013,1133247,264,52,0,52,1
2020-03-20,Del Norte,015,27424,0,0,0,0,0
2020-03-20,El Dorado,017,186661,19,1,0,1,0
2020-03-20,Fresno,019,978130,95,7,2,9,0
2020-03-20,Glenn,021,27897,1,0,0,0,0
2020-03-20,Humboldt,023,135768,25,1,0,1,0
2020-03-20,Imperial,025,180216,46,2,0,2,0
2020-03-20,Inyo,027,18085,0,0,0,0,0
2020-03-20,Kern,029,883053,93,3,0,3,0
2020-03-20,Kings,031,150075,21,0,1,1,0
2020-03-20,Lake,033,64148,0,0,0,0,0
2020-03-20,Lassen,035,31185,1,0,1,1,0
2020-03-20,Los Angeles,037,10098052,2552,267,11,278,1
2020-03-20,Madera,039,155013,32,4,0,4,0
2020-03-20,Marin,041,260295,61,30,0,30,0
2020-03-20,Mariposa,043,17540,0,0,0,0,0
2020-03-20,Mendocino,045,87422,3,1,0,1,0
2020-03-20,Merced,047,269075,6,0,0,0,0
2020-03-20,Modoc,049,8938,0,0,0,0,0
2020-03-20,Mono,051,14174,14,0,0,0,0
2020-03-20,Monterey,053,433212,46,4,1,5,0
2020-03-20,Napa,055,140530,16,0,0,0,0
2020-03-20,Nevada,057,99092,20,2,1,3,0
2020-03-20,Orange,059,3164182,714,71,4,75,2
2020-03-20,Placer,061,380077,69,9,0,9,1
2020-03-20,Plumas,063,18699,0,0,0,0,0
2020-03-20,Riverside,065,2383286,507,19,8,27,3
2020-03-20,Sacramento,067,1510023,311,56,0,56,4
2020-03-20,San Benito,069,59416,18,4,0,4,1
2020-03-20,San Bernardino,071,2135413,243,9,0,9,0
2020-03-20,San Diego,073,3302833,851,98,0,98,0
2020-03-20,San Francisco,075,870044,382,87,0,87,0
2020-03-20,San Joaquin,077,732212,115,18,3,21,2
2020-03-20,San Luis Obispo,079,281455,81,11,0,11,0
2020-03-20,San Mateo,081,765935,394,71,2,73,1
2020-03-20,Santa Barbara,083,443738,118,7,1,8,0
2020-03-20,Santa Clara,085,1922200,908,246,2,248,8
2020-03-20,Santa Cruz,087,273765,56,13,0,13,0
2020-03-20,Shasta,089,179085,11,1,0,1,0
2020-03-20,Sierra,091,2930,0,0,0,0,0
2020-03-20,Siskiyou,093,43540,4,0,0,0,0
2020-03-20,Solano,095,438530,58,29,0,29,0
2020-03-20,Sonoma,097,501317,90,7,0,7,0
2020-03-20,Stanislaus,099,539301,37,7,3,10,0
2020-03-20,Sutter,101,95872,7,0,0,0,0
2020-03-20,Tehama,103,63373,0,0,0,0,0
2020-03-20,Trinity,105,12862,0,0,0,0,0
2020-03-20,Tulare,107,460477,50,4,3,7,0
2020-03-20,Tuolumne,109,53932,1,0,0,0,0
2020-03-20,Ventura,111,848112,156,18,0,18,0
2020-03-20,Yolo,113,214977,30,5,0,5,0
2020-03-20,Yuba,115,75493,6,0,0,0,0
2020-03-19,Alameda,001,1643700,348,36,1,37,0
2020-03-19,Alpine,003,1148,1,0,0,0,0
2020-03-19,Amador,005,37829,0,0,0,0,0
2020-03-19,Butte,007,227075,5,0,0,0,0
2020-03-19,Calaveras,009,45235,2,2,0,2,0
2020-03-19,Colusa,011,21464,0,0,0,0,0
2020-03-19,Contra Costa,013,1133247,248,46,0,46,0
2020-03-19,Del Norte,015,27424,0,0,0,0,0
2020-03-19,El Dorado,017,186661,17,0,0,0,0
2020-03-19,Fresno,019,978130,86,6,2,8,0
2020-03-19,Glenn,021,27897,1,0,0,0,0
2020-03-19,Humboldt,023,135768,23,1,0,1,0
2020-03-19,Imperial,025,180216,39,2,0,2,0
2020-03-19,Inyo,027,18085,0,0,0,0,0
2020-03-19,Kern,029,883053,81,3,0,3,0
2020-03-19,Kings,031,150075,17,0,1,1,0
2020-03-19,Lake,033,64148,0,0,0,0,0
2020-03-19,Lassen,035,31185,0,0,1,1,0
2020-03-19,Los Angeles,037,10098052,2265,233,11,244,0
2020-03-19,Madera,039,155013,31,3,0,3,0
2020-03-19,Marin,041,260295,58,19,0,19,0
2020-03-19,Mariposa,043,17540,0,0,0,0,0
2020-03-19,Mendocino,045,87422,2,1,0,1,0
2020-03-19,Merced,047,269075,5,0,0,0,0
2020-03-19,Modoc,049,8938,0,0,0,0,0
2020-03-19,Mono,051,14174,12,0,0,0,0
2020-03-19,Monterey,053,433212,38,3,1,4,0
2020-03-19,Napa,055,140530,14,0,0,0,0
2020-03-19,Nevada,057,99092,18,2,1,3,0
2020-03-19,Orange,059,3164182,632,59,4,63,0
2020-03-19,Placer,061,380077,61,8,0,8,1
2020-03-19,Plumas,063,18699,0,0,0,0,0
2020-03-19,Riverside,065,2383286,396,14,6,20,3
2020-03-19,Sacramento,067,1510023,278,52,0,52,3
2020-03-19,San Benito,069,59416,15,3,0,3,0
2020-03-19,San Bernardino,071,2135413,213,7,0,7,0
2020-03-19,San Diego,073,3302833,768,68,0,68,0
2020-03-19,San Francisco,075,870044,346,80,0,80,0
2020-03-19,San Joaquin,077,732212,102,15,3,18,2
2020-03-19,San Luis Obispo,079,281455,78,6,0,6,0
2020-03-19,San Mateo,081,765935,359,58,2,60,1
2020-03-19,Santa Barbara,083,443738,103,5,0,5,0
2020-03-19,Santa Clara,085,1922200,841,183,2,185,8
2020-03-19,Santa Cruz,087,273765,53,13,0,13,0
2020-03-19,Shasta,089,179085,10,1,0,1,0
2020-03-19,Sierra,091,2930,0,0,0,0,0
2020-03-19,Siskiyou,093,43540,3,0,0,0,0
2020-03-19,Solano,095,438530,54,26,0,26,0
2020-03-19,Sonoma,097,501317,87,8,0,8,0
2020-03-19,Stanislaus,099,539301,36,7,3,10,0
2020-03-19,Sutter,101,95872,7,0,0,0,0
2020-03-19,Tehama,103,63373,0,0,0,0,0
2020-03-19,Trinity,105,12862,0,0,0,0,0
2020-03-19,Tulare,107,460477,44,3,3,6,0
2020-03-19,Tuolumne,109,53932,1,0,0,0,0
2020-03-19,Ventura,111,848112,134,15,0,15,0
2020-03-19,Yolo,113,214977,26,5,0,5,0
2020-03-19,Yuba,115,75493,5,0,0,0,0
2020-03-18,Alameda,001,1643700,320,29,1,30,0
2020-03-18,Alpine,003,1148,1,0,0,0,0
2020-03-18,Amador,005,37829,0,0,0,0,0
2020-03-18,Butte,007,227075,4,0,0,0,0
2020-03-18,Calaveras,009,45235,2,2,0,2,0
2020-03-18,Colusa,011,21464,0,0,0,0,0
2020-03-18,Contra Costa,013,1133247,227,44,0,44,0
2020-03-18,Del Norte,015,27424,0,0,0,0,0
2020-03-18,El Dorado,017,186661,16,0,0,0,0
2020-03-18,Fresno,019,978130,77,3,1,4,0
2020-03-18,Glenn,021,27897,1,0,0,0,0
2020-03-18,Humboldt,023,135768,19,1,0,1,0
2020-03-18,Imperial,025,180216,33,2,0,2,0
2020-03-18,Inyo,027,18085,0,0,0,0,0
2020-03-18,Kern,029,883053,66,1,0,1,0
2020-03-18,Kings,031,150075,15,0,1,1,0
2020-03-18,Lake,033,64148,0,0,0,0,0
2020-03-18,Lassen,035,31185,0,0,1,1,0
2020-03-18,Los Angeles,037,10098052,2026,47,11,58,0
2020-03-18,Madera,039,155013,30,2,0,2,0
2020-03-18,Marin,041,260295,53,10,0,10,0
2020-03-18,Mariposa,043,17540,0,0,0,0,0
2020-03-18,Mendocino,045,87422,2,0,0,0,0
2020-03-18,Merced,047,269075,5,0,0,0,0
2020-03-18,Modoc,049,8938,0,0,0,0,0
2020-03-18,Mono,051,14174,11,0,0,0,0
2020-03-18,Monterey,053,433212,30,1,0,1,0
2020-03-18,Napa,055,140530,11,0,0,0,0
2020-03-18,Nevada,057,99092,16,2,1,3,0
2020-03-18,Orange,059,3164182,575,38,4,42,0
2020-03-18,Placer,061,380077,54,8,0,8,1
2020-03-18,Plumas,063,18699,0,0,0,0,0
2020-03-18,Riverside,065,2383286,333,11,5,16,2
2020-03-18,Sacramento,067,1510023,255,46,0,46,3
2020-03-18,San Benito,069,59416,14,3,0,3,0
2020-03-18,San Bernardino,071,2135413,191,3,0,3,0
2020-03-18,San Diego,073,3302833,683,40,0,40,0
2020-03-18,San Francisco,075,870044,327,65,0,65,0
2020-03-18,San Joaquin,077,732212,90,14,3,17,2
2020-03-18,San Luis Obispo,079,281455,71,5,0,5,0
2020-03-18,San Mateo,081,765935,337,57,2,59,1
2020-03-18,Santa Barbara,083,443738,90,2,0,2,0
2020-03-18,Santa Clara,085,1922200,791,151,2,153,6
2020-03-18,Santa Cruz,087,273765,51,11,0,11,0
2020-03-18,Shasta,089,179085,9,1,0,1,0
2020-03-18,Sierra,091,2930,0,0,0,0,0
2020-03-18,Siskiyou,093,43540,3,0,0,0,0
2020-03-18,Solano,095,438530,50,26,0,26,0
2020-03-18,Sonoma,097,501317,78,6,0,6,0
2020-03-18,Stanislaus,099,539301,32,5,2,7,0
2020-03-18,Sutter,101,95872,5,0,0,0,0
2020-03-18,Tehama,103,63373,0,0,0,0,0
2020-03-18,Trinity,105,12862,0,0,0,0,0
2020-03-18,Tulare,107,460477,34,3,3,6,0
2020-03-18,Tuolumne,109,53932,1,0,0,0,0
2020-03-18,Ventura,111,848112,115,11,0,11,0
2020-03-18,Yolo,113,214977,23,4,0,4,0
2020-03-18,Yuba,115,75493,4,0,0,0,0
2020-03-17,Alameda,001,1643700,288,19,0,19,0
2020-03-17,Alpine,003,1148,0,0,0,0,0
2020-03-17,Amador,005,37829,0,0,0,0,0
2020-03-17,Butte,007,227075,4,0,0,0,0
2020-03-17,Calaveras,009,45235,2,2,0,2,0
2020-03-17,Colusa,011,21464,0,0,0,0,0
2020-03-17,Contra Costa,013,1133247,205,37,0,37,0
2020-03-17,Del Norte,015,27424,0,0,0,0,0
2020-03-17,El Dorado,017,186661,15,0,0,0,0
2020-03-17,Fresno,019,978130,67,2,1,3,0
2020-03-17,Glenn,021,27897,1,0,0,0,0
2020-03-17,Humboldt,023,135768,17,1,0,1,0
2020-03-17,Imperial,025,180216,27,2,0,2,0
2020-03-17,Inyo,027,18085,0,0,0,0,0
2020-03-17,Kern,029,883053,52,0,0,0,0
2020-03-17,Kings,031,150075,12,0,1,1,0
2020-03-17,Lake,033,64148,0,0,0,0,0
2020-03-17,Lassen,035,31185,0,0,1,1,0
2020-03-17,Los Angeles,037,10098052,1825,41,11,52,0
2020-03-17,Madera,039,155013,23,2,0,2,0
2020-03-17,Marin,041,260295,46,4,0,4,0
2020-03-17,Mariposa,043,17540,0,0,0,0,0
2020-03-17,Mendocino,045,87422,2,0,0,0,0
2020-03-17,Merced,047,269075,5,0,0,0,0
2020-03-17,Modoc,049,8938,0,0,0,0,0
2020-03-17,Mono,051,14174,9,0,0,0,0
2020-03-17,Monterey,053,433212,28,0,0,0,0
2020-03-17,Napa,055,140530,8,0,0,0,0
2020-03-17,Nevada,057,99092,15,1,1,2,0
2020-03-17,Orange,059,3164182,497,24,3,27,0
2020-03-17,Placer,061,380077,44,7,0,7,1
2020-03-17,Plumas,063,18699,0,0,0,0,0
2020-03-17,Riverside,065,2383286,271,11,5,16,0
2020-03-17,Sacramento,067,1510023,235,36,0,36,1
2020-03-17,San Benito,069,59416,12,2,0,2,0
2020-03-17,San Bernardino,071,2135413,163,2,0,2,0
2020-03-17,San Diego,073,3302833,616,17,0,17,0
2020-03-17,San Francisco,075,870044,300,46,0,46,0
2020-03-17,San Joaquin,077,732212,84,11,3,14,0
2020-03-17,San Luis Obispo,079,281455,63,1,0,1,0
2020-03-17,San Mateo,081,765935,305,46,2,48,1
2020-03-17,Santa Barbara,083,443738,76,0,0,0,0
2020-03-17,Santa Clara,085,1922200,733,121,2,123,4
2020-03-17,Santa Cruz,087,273765,48,10,0,10,0
2020-03-17,Shasta,089,179085,5,1,0,1,0
2020-03-17,Sierra,091,2930,0,0,0,0,0
2020-03-17,Siskiyou,093,43540,3,0,0,0,0
2020-03-17,Solano,095,438530,47,27,0,27,0
2020-03-17,Sonoma,097,501317,70,4,0,4,0
2020-03-17,Stanislaus,099,539301,29,4,2,6,0
2020-03-17,Sutter,101,95872,5,0,0,0,0
2020-03-17,Tehama,103,63373,0,0,0,0,0
2020-03-17,Trinity,105,12862,0,0,0,0,0
2020-03-17,Tulare,107,460477,29,2,3,5,0
2020-03-17,Tuolumne,109,53932,1,0,0,0,0
2020-03-17,Ventura,111,848112,98,7,0,7,0
2020-03-17,Yolo,113,214977,19,2,0,2,0
2020-03-17,Yuba,115,75493,4,0,0,0,0
2020-03-16,Alameda,001,1643700,260,17,0,17,0
2020-03-16,Alpine,003,1148,0,0,0,0,0
2020-03-16,Amador,005,37829,0,0,0,0,0
2020-03-16,Butte,007,227075,3,0,0,0,0
2020-03-16,Calaveras,009,45235,2,2,0,2,0
2020-03-16,Colusa,011,21464,0,0,0,0,0
2020-03-16,Contra Costa,013,1133247,183,36,0,36,0
2020-03-16,Del Norte,015,27424,0,0,0,0,0
2020-03-16,El Dorado,017,186661,14,0,0,0,0
2020-03-16,Fresno,019,978130,52,2,1,3,0
2020-03-16,Glenn,021,27897,0,0,0,0,0
2020-03-16,Humboldt,023,135768,13,1,0,1,0
2020-03-16,Imperial,025,180216,22,2,0,2,0
2020-03-16,Inyo,027,18085,0,0,0,0,0
2020-03-16,Kern,029,883053,43,0,0,0,0
2020-03-16,Kings,031,150075,11,0,1,1,0
2020-03-16,Lake,033,64148,0,0,0,0,0
2020-03-16,Lassen,035,31185,0,0,0,0,0
2020-03-16,Los Angeles,037,10098052,1590,43,11,54,0
2020-03-16,Madera,039,155013,22,2,0,2,0
2020-03-16,Marin,041,260295,43,4,0,4,0
2020-03-16,Mariposa,043,17540,0,0,0,0,0
2020-03-16,Mendocino,045,87422,2,0,0,0,0
2020-03-16,Merced,047,269075,5,0,0,0,0
2020-03-16,Modoc,049,8938,0,0,0,0,0
2020-03-16,Mono,051,14174,7,0,0,0,0
2020-03-16,Monterey,053,433212,27,0,0,0,0
2020-03-16,Napa,055,140530,7,0,0,0,0
2020-03-16,Nevada,057,99092,11,1,1,2,0
2020-03-16,Orange,059,3164182,414,18,3,21,0
2020-03-16,Placer,061,380077,36,7,0,7,1
2020-03-16,Plumas,063,18699,0,0,0,0,0
2020-03-16,Riverside,065,2383286,235,10,5,15,0
2020-03-16,Sacramento,067,1510023,208,34,0,34,1
2020-03-16,San Benito,069,59416,8,2,0,2,0
2020-03-16,San Bernardino,071,2135413,143,1,0,1,0
2020-03-16,San Diego,073,3302833,525,17,0,17,0
2020-03-16,San Francisco,075,870044,262,40,0,40,0
2020-03-16,San Joaquin,077,732212,74,9,3,12,0
2020-03-16,San Luis Obispo,079,281455,56,1,0,1,0
2020-03-16,San Mateo,081,765935,269,42,2,44,1
2020-03-16,Santa Barbara,083,443738,64,0,0,0,0
2020-03-16,Santa Clara,085,1922200,657,115,1,116,2
2020-03-16,Santa Cruz,087,273765,44,9,0,9,0
2020-03-16,Shasta,089,179085,5,1,0,1,0
2020-03-16,Sierra,091,2930,0,0,0,0,0
2020-03-16,Siskiyou,093,43540,2,0,0,0,0
2020-03-16,Solano,095,438530,43,27,0,27,0
2020-03-16,Sonoma,097,501317,63,4,0,4,0
2020-03-16,Stanislaus,099,539301,26,2,2,4,0
2020-03-16,Sutter,101,95872,3,0,0,0,0
2020-03-16,Tehama,103,63373,0,0,0,0,0
2020-03-16,Trinity,105,12862,0,0,0,0,0
2020-03-16,Tulare,107,460477,25,2,3,5,0
2020-03-16,Tuolumne,109,53932,1,0,0,0,0
2020-03-16,Ventura,111,848112,88,7,0,7,0
2020-03-16,Yolo,113,214977,18,2,0,2,0
2020-03-16,Yuba,115,75493,3,0,0,0,0
2020-03-15,Alameda,001,1643700,214,17,0,17,0
2020-03-15,Alpine,003,1148,0,0,0,0,0
2020-03-15,Amador,005,37829,0,0,0,0,0
2020-03-15,Butte,007,227075,3,0,0,0,0
2020-03-15,Calaveras,009,45235,2,2,0,2,0
2020-03-15,Colusa,011,21464,0,0,0,0,0
2020-03-15,Contra Costa,013,1133247,160,34,0,34,0
2020-03-15,Del Norte,015,27424,0,0,0,0,0
2020-03-15,El Dorado,017,186661,13,0,0,0,0
2020-03-15,Fresno,019,978130,32,1,1,2,0
2020-03-15,Glenn,021,27897,0,0,0,0,0
2020-03-15,Humboldt,023,135768,11,1,0,1,0
2020-03-15,Imperial,025,180216,17,2,0,2,0
2020-03-15,Inyo,027,18085,0,0,0,0,0
2020-03-15,Kern,029,883053,37,0,0,0,0
2020-03-15,Kings,031,150075,11,0,1,1,0
2020-03-15,Lake,033,64148,0,0,0,0,0
2020-03-15,Lassen,035,31185,0,0,0,0,0
2020-03-15,Los Angeles,037,10098052,1350,41,11,52,0
2020-03-15,Madera,039,155013,21,2,0,2,0
2020-03-15,Marin,041,260295,37,3,0,3,0
2020-03-15,Mariposa,043,17540,0,0,0,0,0
2020-03-15,Mendocino,045,87422,2,0,0,0,0
2020-03-15,Merced,047,269075,3,0,0,0,0
2020-03-15,Modoc,049,8938,0,0,0,0,0
2020-03-15,Mono,051,14174,6,0,0,0,0
2020-03-15,Monterey,053,433212,20,0,0,0,0
2020-03-15,Napa,055,140530,7,0,0,0,0
2020-03-15,Nevada,057,99092,11,0,1,1,0
2020-03-15,Orange,059,3164182,346,16,1,17,0
2020-03-15,Placer,061,380077,31,7,0,7,1
2020-03-15,Plumas,063,18699,0,0,0,0,0
2020-03-15,Riverside,065,2383286,183,10,5,15,0
2020-03-15,Sacramento,067,1510023,172,30,0,30,1
2020-03-15,San Benito,069,59416,8,2,0,2,0
2020-03-15,San Bernardino,071,2135413,121,0,0,0,0
2020-03-15,San Diego,073,3302833,438,16,0,16,0
2020-03-15,San Francisco,075,870044,206,31,0,31,0
2020-03-15,San Joaquin,077,732212,63,6,3,9,0
2020-03-15,San Luis Obispo,079,281455,46,1,0,1,0
2020-03-15,San Mateo,081,765935,236,29,1,30,1
2020-03-15,Santa Barbara,083,443738,54,0,0,0,0
2020-03-15,Santa Clara,085,1922200,585,79,1,80,2
2020-03-15,Santa Cruz,087,273765,38,8,0,8,0
2020-03-15,Shasta,089,179085,5,1,0,1,0
2020-03-15,Sierra,091,2930,0,0,0,0,0
2020-03-15,Siskiyou,093,43540,2,0,0,0,0
2020-03-15,Solano,095,438530,42,26,0,26,0
2020-03-15,Sonoma,097,501317,54,4,0,4,0
2020-03-15,Stanislaus,099,539301,26,2,2,4,0
2020-03-15,Sutter,101,95872,2,0,0,0,0
2020-03-15,Tehama,103,63373,0,0,0,0,0
2020-03-15,Trinity,105,12862,0,0,0,0,0
2020-03-15,Tulare,107,460477,19,2,3,5,0
2020-03-15,Tuolumne,109,53932,1,0,0,0,0
2020-03-15,Ventura,111,848112,77,5,0,5,0
2020-03-15,Yolo,113,214977,15,2,0,2,0
2020-03-15,Yuba,115,75493,2,0,0,0,0
2020-03-14,Alameda,001,1643700,195,11,0,11,0
2020-03-14,Alpine,003,1148,0,0,0,0,0
2020-03-14,Amador,005,37829,0,0,0,0,0
2020-03-14,Butte,007,227075,2,0,0,0,0
2020-03-14,Calaveras,009,45235,2,2,0,2,0
2020-03-14,Colusa,011,21464,0,0,0,0,0
2020-03-14,Contra Costa,013,1133247,138,30,0,30,0
2020-03-14,Del Norte,015,27424,0,0,0,0,0
2020-03-14,El Dorado,017,186661,11,0,0,0,0
2020-03-14,Fresno,019,978130,24,1,1,2,0
2020-03-14,Glenn,021,27897,0,0,0,0,0
2020-03-14,Humboldt,023,135768,7,1,0,1,0
2020-03-14,Imperial,025,180216,13,2,0,2,0
2020-03-14,Inyo,027,18085,0,0,0,0,0
2020-03-14,Kern,029,883053,32,0,0,0,0
2020-03-14,Kings,031,150075,11,0,1,1,0
2020-03-14,Lake,033,64148,0,0,0,0,0
2020-03-14,Lassen,035,31185,0,0,0,0,0
2020-03-14,Los Angeles,037,10098052,1172,35,11,46,0
2020-03-14,Madera,039,155013,20,2,0,2,0
2020-03-14,Marin,041,260295,36,3,0,3,0
2020-03-14,Mariposa,043,17540,0,0,0,0,0
2020-03-14,Mendocino,045,87422,2,0,0,0,0
2020-03-14,Merced,047,269075,3,0,0,0,0
2020-03-14,Modoc,049,8938,0,0,0,0,0
2020-03-14,Mono,051,14174,5,0,0,0,0
2020-03-14,Monterey,053,433212,14,0,0,0,0
2020-03-14,Napa,055,140530,5,0,0,0,0
2020-03-14,Nevada,057,99092,8,0,1,1,0
2020-03-14,Orange,059,3164182,307,14,0,14,0
2020-03-14,Placer,061,380077,28,6,0,6,1
2020-03-14,Plumas,063,18699,0,0,0,0,0
2020-03-14,Riverside,065,2383286,163,10,5,15,0
2020-03-14,Sacramento,067,1510023,151,31,0,31,1
2020-03-14,San Benito,069,59416,8,2,0,2,0
2020-03-14,San Bernardino,071,2135413,102,0,0,0,0
2020-03-14,San Diego,073,3302833,363,10,0,10,0
2020-03-14,San Francisco,075,870044,185,29,0,29,0
2020-03-14,San Joaquin,077,732212,54,6,3,9,0
2020-03-14,San Luis Obispo,079,281455,41,0,0,0,0
2020-03-14,San Mateo,081,765935,213,27,1,28,0
2020-03-14,Santa Barbara,083,443738,42,0,0,0,0
2020-03-14,Santa Clara,085,1922200,529,62,1,63,2
2020-03-14,Santa Cruz,087,273765,33,8,0,8,0
2020-03-14,Shasta,089,179085,5,1,0,1,0
2020-03-14,Sierra,091,2930,0,0,0,0,0
2020-03-14,Siskiyou,093,43540,1,0,0,0,0
2020-03-14,Solano,095,438530,40,26,0,26,0
2020-03-14,Sonoma,097,501317,41,2,0,2,0
2020-03-14,Stanislaus,099,539301,22,2,2,4,0
2020-03-14,Sutter,101,95872,2,0,0,0,0
2020-03-14,Tehama,103,63373,0,0,0,0,0
2020-03-14,Trinity,105,12862,0,0,0,0,0
2020-03-14,Tulare,107,460477,17,2,2,4,0
2020-03-14,Tuolumne,109,53932,1,0,0,0,0
2020-03-14,Ventura,111,848112,68,5,0,5,0
2020-03-14,Yolo,113,214977,15,2,0,2,0
2020-03-14,Yuba,115,75493,1,0,0,0,0
2020-03-13,Alameda,001,1643700,176,12,0,12,0
2020-03-13,Alpine,003,1148,0,0,0,0,0
2020-03-13,Amador,005,37829,0,0,0,0,0
2020-03-13,Butte,007,227075,0,0,0,0,0
2020-03-13,Calaveras,009,45235,2,2,0,2,0
2020-03-13,Colusa,011,21464,0,0,0,0,0
2020-03-13,Contra Costa,013,1133247,125,22,0,22,0
2020-03-13,Del Norte,015,27424,0,0,0,0,0
2020-03-13,El Dorado,017,186661,10,0,0,0,0
2020-03-13,Fresno,019,978130,19,1,1,2,0
2020-03-13,Glenn,021,27897,0,0,0,0,0
2020-03-13,Humboldt,023,135768,7,1,0,1,0
2020-03-13,Imperial,025,180216,12,2,0,2,0
2020-03-13,Inyo,027,18085,0,0,0,0,0
2020-03-13,Kern,029,883053,27,0,0,0,0
2020-03-13,Kings,031,150075,10,0,1,1,0
2020-03-13,Lake,033,64148,0,0,0,0,0
2020-03-13,Lassen,035,31185,0,0,0,0,0
2020-03-13,Los Angeles,037,10098052,1019,30,10,40,0
2020-03-13,Madera,039,155013,19,1,0,1,0
2020-03-13,Marin,041,260295,34,3,0,3,0
2020-03-13,Mariposa,043,17540,0,0,0,0,0
2020-03-13,Mendocino,045,87422,2,0,0,0,0
2020-03-13,Merced,047,269075,2,0,0,0,0
2020-03-13,Modoc,049,8938,0,0,0,0,0
2020-03-13,Mono,051,14174,3,0,0,0,0
2020-03-13,Monterey,053,433212,9,0,0,0,0
2020-03-13,Napa,055,140530,3,0,0,0,0
2020-03-13,Nevada,057,99092,7,0,1,1,0
2020-03-13,Orange,059,3164182,268,10,0,10,0
2020-03-13,Placer,061,380077,27,6,0,6,1
2020-03-13,Plumas,063,18699,0,0,0,0,0
2020-03-13,Riverside,065,2383286,133,5,4,9,0
2020-03-13,Sacramento,067,1510023,129,18,0,18,1
2020-03-13,San Benito,069,59416,6,2,0,2,0
2020-03-13,San Bernardino,071,2135413,95,0,0,0,0
2020-03-13,San Diego,073,3302833,313,8,0,8,0
2020-03-13,San Francisco,075,870044,171,28,0,28,0
2020-03-13,San Joaquin,077,732212,50,6,3,9,0
2020-03-13,San Luis Obispo,079,281455,33,0,0,0,0
2020-03-13,San Mateo,081,765935,192,24,1,25,0
2020-03-13,Santa Barbara,083,443738,38,0,0,0,0
2020-03-13,Santa Clara,085,1922200,467,59,1,60,1
2020-03-13,Santa Cruz,087,273765,32,7,0,7,0
2020-03-13,Shasta,089,179085,3,1,0,1,0
2020-03-13,Sierra,091,2930,0,0,0,0,0
2020-03-13,Siskiyou,093,43540,0,0,0,0,0
2020-03-13,Solano,095,438530,39,26,0,26,0
2020-03-13,Sonoma,097,501317,40,2,0,2,0
2020-03-13,Stanislaus,099,539301,17,2,2,4,0
2020-03-13,Sutter,101,95872,2,0,0,0,0
2020-03-13,Tehama,103,63373,0,0,0,0,0
2020-03-13,Trinity,105,12862,0,0,0,0,0
2020-03-13,Tulare,107,460477,14,2,2,4,0
2020-03-13,Tuolumne,109,53932,1,0,0,0,0
2020-03-13,Ventura,111,848112,54,5,0,5,0
2020-03-13,Yolo,113,214977,15,1,0,1,0
2020-03-13,Yuba,115,75493,1,0,0,0,0
2020-03-12,Alameda,001,1643700,151,9,0,9,0
2020-03-12,Alpine,003,1148,0,0,0,0,0
2020-03-12,Amador,005,37829,0,0,0,0,0
2020-03-12,Butte,007,227075,0,0,0,0,0
2020-03-12,Calaveras,009,45235,2,2,0,2,0
2020-03-12,Colusa,011,21464,0,0,0,0,0
2020-03-12,Contra Costa,013,1133247,108,18,0,18,0
2020-03-12,Del Norte,015,27424,0,0,0,0,0
2020-03-12,El Dorado,017,186661,8,0,0,0,0
2020-03-12,Fresno,019,978130,11,1,1,2,0
2020-03-12,Glenn,021,27897,0,0,0,0,0
2020-03-12,Humboldt,023,135768,6,1,0,1,0
2020-03-12,Imperial,025,180216,11,2,0,2,0
2020-03-12,Inyo,027,18085,0,0,0,0,0
2020-03-12,Kern,029,883053,18,0,0,0,0
2020-03-12,Kings,031,150075,7,0,1,1,0
2020-03-12,Lake,033,64148,0,0,0,0,0
2020-03-12,Lassen,035,31185,0,0,0,0,0
2020-03-12,Los Angeles,037,10098052,860,30,10,40,0
2020-03-12,Madera,039,155013,16,1,0,1,0
2020-03-12,Marin,041,260295,24,1,0,1,0
2020-03-12,Mariposa,043,17540,0,0,0,0,0
2020-03-12,Mendocino,045,87422,2,0,0,0,0
2020-03-12,Merced,047,269075,2,0,0,0,0
2020-03-12,Modoc,049,8938,0,0,0,0,0
2020-03-12,Mono,051,14174,3,0,0,0,0
2020-03-12,Monterey,053,433212,7,0,0,0,0
2020-03-12,Napa,055,140530,3,0,0,0,0
2020-03-12,Nevada,057,99092,4,0,1,1,0
2020-03-12,Orange,059,3164182,231,7,0,7,0
2020-03-12,Placer,061,380077,23,6,0,6,1
2020-03-12,Plumas,063,18699,0,0,0,0,0
2020-03-12,Riverside,065,2383286,107,5,2,7,0
2020-03-12,Sacramento,067,1510023,105,17,0,17,1
2020-03-12,San Benito,069,59416,5,2,0,2,0
2020-03-12,San Bernardino,071,2135413,79,0,0,0,0
2020-03-12,San Diego,073,3302833,258,9,0,9,0
2020-03-12,San Francisco,075,870044,147,20,0,20,0
2020-03-12,San Joaquin,077,732212,44,3,3,6,1
2020-03-12,San Luis Obispo,079,281455,26,0,0,0,0
2020-03-12,San Mateo,081,765935,158,21,1,22,0
2020-03-12,Santa Barbara,083,443738,25,0,0,0,0
2020-03-12,Santa Clara,085,1922200,409,51,1,52,1
2020-03-12,Santa Cruz,087,273765,29,5,0,5,0
2020-03-12,Shasta,089,179085,2,1,0,1,0
2020-03-12,Sierra,091,2930,0,0,0,0,0
2020-03-12,Siskiyou,093,43540,0,0,0,0,0
2020-03-12,Solano,095,438530,34,26,0,26,0
2020-03-12,Sonoma,097,501317,34,2,0,2,0
2020-03-12,Stanislaus,099,539301,15,2,2,4,0
2020-03-12,Sutter,101,95872,0,0,0,0,0
2020-03-12,Tehama,103,63373,0,0,0,0,0
2020-03-12,Trinity,105,12862,0,0,0,0,0
2020-03-12,Tulare,107,460477,12,1,1,2,0
2020-03-12,Tuolumne,109,53932,1,0,0,0,0
2020-03-12,Ventura,111,848112,45,3,0,3,0
2020-03-12,Yolo,113,214977,14,1,0,1,0
2020-03-12,Yuba,115,75493,1,0,0,0,0
2020-03-11,Alameda,001,1643700,120,5,0,5,0
2020-03-11,Alpine,003,1148,0,0,0,0,0
2020-03-11,Amador,005,37829,0,0,0,0,0
2020-03-11,Butte,007,227075,0,0,0,0,0
2020-03-11,Calaveras,009,45235,2,2,0,2,0
2020-03-11,Colusa,011,21464,0,0,0,0,0
2020-03-11,Contra Costa,013,1133247,93,16,0,16,0
2020-03-11,Del Norte,015,27424,0,0,0,0,0
2020-03-11,El Dorado,017,186661,7,0,0,0,0
2020-03-11,Fresno,019,978130,8,1,1,2,0
2020-03-11,Glenn,021,27897,0,0,0,0,0
2020-03-11,Humboldt,023,135768,6,1,0,1,0
2020-03-11,Imperial,025,180216,9,0,0,0,0
2020-03-11,Inyo,027,18085,0,0,0,0,0
2020-03-11,Kern,029,883053,16,0,0,0,0
2020-03-11,Kings,031,150075,5,0,1,1,0
2020-03-11,Lake,033,64148,0,0,0,0,0
2020-03-11,Lassen,035,31185,0,0,0,0,0
2020-03-11,Los Angeles,037,10098052,692,21,10,31,0
2020-03-11,Madera,039,155013,13,1,0,1,0
2020-03-11,Marin,041,260295,17,1,0,1,0
2020-03-11,Mariposa,043,17540,0,0,0,0,0
2020-03-11,Mendocino,045,87422,1,0,0,0,0
2020-03-11,Merced,047,269075,2,0,0,0,0
2020-03-11,Modoc,049,8938,0,0,0,0,0
2020-03-11,Mono,051,14174,3,0,0,0,0
2020-03-11,Monterey,053,433212,6,0,0,0,0
2020-03-11,Napa,055,140530,2,0,0,0,0
2020-03-11,Nevada,057,99092,4,0,1,1,0
2020-03-11,Orange,059,3164182,202,6,0,6,0
2020-03-11,Placer,061,380077,18,6,0,6,1
2020-03-11,Plumas,063,18699,0,0,0,0,0
2020-03-11,Riverside,065,2383286,81,4,1,5,0
2020-03-11,Sacramento,067,1510023,87,9,0,9,1
2020-03-11,San Benito,069,59416,5,2,0,2,0
2020-03-11,San Bernardino,071,2135413,72,0,0,0,0
2020-03-11,San Diego,073,3302833,208,4,0,4,0
2020-03-11,San Francisco,075,870044,124,17,0,17,0
2020-03-11,San Joaquin,077,732212,33,1,3,4,0
2020-03-11,San Luis Obispo,079,281455,23,0,0,0,0
2020-03-11,San Mateo,081,765935,140,16,0,16,0
2020-03-11,Santa Barbara,083,443738,15,0,0,0,0
2020-03-11,Santa Clara,085,1922200,369,48,1,49,1
2020-03-11,Santa Cruz,087,273765,26,2,0,2,0
2020-03-11,Shasta,089,179085,2,1,0,1,0
2020-03-11,Sierra,091,2930,0,0,0,0,0
2020-03-11,Siskiyou,093,43540,0,0,0,0,0
2020-03-11,Solano,095,438530,29,26,0,26,0
2020-03-11,Sonoma,097,501317,30,2,0,2,0
2020-03-11,Stanislaus,099,539301,15,2,2,4,0
2020-03-11,Sutter,101,95872,0,0,0,0,0
2020-03-11,Tehama,103,63373,0,0,0,0,0
2020-03-11,Trinity,105,12862,0,0,0,0,0
2020-03-11,Tulare,107,460477,10,0,1,1,0
2020-03-11,Tuolumne,109,53932,1,0,0,0,0
2020-03-11,Ventura,111,848112,37,3,0,3,0
2020-03-11,Yolo,113,214977,10,1,0,1,0
2020-03-11,Yuba,115,75493,1,0,0,0,0
2020-03-10,Alameda,001,1643700,98,4,0,4,0
2020-03-10,Alpine,003,1148,0,0,0,0,0
2020-03-10,Amador,005,37829,0,0,0,0,0
2020-03-10,Butte,007,227075,0,0,0,0,0
2020-03-10,Calaveras,009,45235,2,2,0,2,0
2020-03-10,Colusa,011,21464,0,0,0,0,0
2020-03-10,Contra Costa,013,1133247,84,11,0,11,0
2020-03-10,Del Norte,015,27424,0,0,0,0,0
2020-03-10,El Dorado,017,186661,6,0,0,0,0
2020-03-10,Fresno,019,978130,6,1,1,2,0
2020-03-10,Glenn,021,27897,0,0,0,0,0
2020-03-10,Humboldt,023,135768,6,1,0,1,0
2020-03-10,Imperial,025,180216,8,0,0,0,0
2020-03-10,Inyo,027,18085,0,0,0,0,0
2020-03-10,Kern,029,883053,11,0,0,0,0
2020-03-10,Kings,031,150075,5,0,1,1,0
2020-03-10,Lake,033,64148,0,0,0,0,0
2020-03-10,Lassen,035,31185,0,0,0,0,0
2020-03-10,Los Angeles,037,10098052,556,20,10,30,0
2020-03-10,Madera,039,155013,8,1,0,1,0
2020-03-10,Marin,041,260295,16,1,0,1,0
2020-03-10,Mariposa,043,17540,0,0,0,0,0
2020-03-10,Mendocino,045,87422,0,0,0,0,0
2020-03-10,Merced,047,269075,2,0,0,0,0
2020-03-10,Modoc,049,8938,0,0,0,0,0
2020-03-10,Mono,051,14174,3,0,0,0,0
2020-03-10,Monterey,053,433212,4,0,0,0,0
2020-03-10,Napa,055,140530,2,0,0,0,0
2020-03-10,Nevada,057,99092,3,0,1,1,0
2020-03-10,Orange,059,3164182,182,5,0,5,1
2020-03-10,Placer,061,380077,14,7,0,7,1
2020-03-10,Plumas,063,18699,0,0,0,0,0
2020-03-10,Riverside,065,2383286,59,4,1,5,0
2020-03-10,Sacramento,067,1510023,78,8,0,8,0
2020-03-10,San Benito,069,59416,5,2,0,2,0
2020-03-10,San Bernardino,071,2135413,64,0,0,0,0
2020-03-10,San Diego,073,3302833,165,3,0,3,0
2020-03-10,San Francisco,075,870044,92,16,0,16,0
2020-03-10,San Joaquin,077,732212,30,1,3,4,0
2020-03-10,San Luis Obispo,079,281455,15,0,0,0,0
2020-03-10,San Mateo,081,765935,124,11,0,11,0
2020-03-10,Santa Barbara,083,443738,11,0,0,0,0
2020-03-10,Santa Clara,085,1922200,321,45,1,46,1
2020-03-10,Santa Cruz,087,273765,22,2,0,2,0
2020-03-10,Shasta,089,179085,2,1,0,1,0
2020-03-10,Sierra,091,2930,0,0,0,0,0
2020-03-10,Siskiyou,093,43540,0,0,0,0,0
2020-03-10,Solano,095,438530,27,26,0,26,0
2020-03-10,Sonoma,097,501317,27,2,0,2,0
2020-03-10,Stanislaus,099,539301,11,0,2,2,0
2020-03-10,Sutter,101,95872,0,0,0,0,0
2020-03-10,Tehama,103,63373,0,0,0,0,0
2020-03-10,Trinity,105,12862,0,0,0,0,0
2020-03-10,Tulare,107,460477,9,0,1,1,0
2020-03-10,Tuolumne,109,53932,1,0,0,0,0
2020-03-10,Ventura,111,848112,29,1,0,1,0
2020-03-10,Yolo,113,214977,7,2,0,2,0
2020-03-10,Yuba,115,75493,1,0,0,0,0
2020-03-09,Alameda,001,1643700,70,4,0,4,0
2020-03-09,Alpine,003,1148,0,0,0,0,0
2020-03-09,Amador,005,37829,0,0,0,0,0
2020-03-09,Butte,007,227075,0,0,0,0,0
2020-03-09,Calaveras,009,45235,2,0,0,0,0
2020-03-09,Colusa,011,21464,0,0,0,0,0
2020-03-09,Contra Costa,013,1133247,72,9,0,9,0
2020-03-09,Del Norte,015,27424,0,0,0,0,0
2020-03-09,El Dorado,017,186661,4,0,0,0,0
2020-03-09,Fresno,019,978130,6,1,1,2,0
2020-03-09,Glenn,021,27897,0,0,0,0,0
2020-03-09,Humboldt,023,135768,5,1,0,1,0
2020-03-09,Imperial,025,180216,8,0,0,0,0
2020-03-09,Inyo,027,18085,0,0,0,0,0
2020-03-09,Kern,029,883053,8,0,0,0,0
2020-03-09,Kings,031,150075,4,0,1,1,0
2020-03-09,Lake,033,64148,0,0,0,0,0
2020-03-09,Lassen,035,31185,0,0,0,0,0
2020-03-09,Los Angeles,037,10098052,454,17,9,26,0
2020-03-09,Madera,039,155013,8,1,0,1,0
2020-03-09,Marin,041,260295,15,1,0,1,0
2020-03-09,Mariposa,043,17540,0,0,0,0,0
2020-03-09,Mendocino,045,87422,0,0,0,0,0
2020-03-09,Merced,047,269075,2,0,0,0,0
2020-03-09,Modoc,049,8938,0,0,0,0,0
2020-03-09,Mono,051,14174,3,0,0,0,0
2020-03-09,Monterey,053,433212,2,0,0,0,0
2020-03-09,Napa,055,140530,2,0,0,0,0
2020-03-09,Nevada,057,99092,2,0,1,1,0
2020-03-09,Orange,059,3164182,154,4,0,4,0
2020-03-09,Placer,061,380077,12,7,0,7,1
2020-03-09,Plumas,063,18699,0,0,0,0,0
2020-03-09,Riverside,065,2383286,49,4,1,5,0
2020-03-09,Sacramento,067,1510023,74,8,0,8,0
2020-03-09,San Benito,069,59416,3,2,0,2,0
2020-03-09,San Bernardino,071,2135413,53,0,0,0,0
2020-03-09,San Diego,073,3302833,126,2,0,2,0
2020-03-09,San Francisco,075,870044,72,14,0,14,0
2020-03-09,San Joaquin,077,732212,21,0,3,3,0
2020-03-09,San Luis Obispo,079,281455,15,0,0,0,0
2020-03-09,San Mateo,081,765935,110,6,0,6,0
2020-03-09,Santa Barbara,083,443738,9,0,0,0,0
2020-03-09,Santa Clara,085,1922200,277,42,1,43,1
2020-03-09,Santa Cruz,087,273765,19,2,0,2,0
2020-03-09,Shasta,089,179085,2,1,0,1,0
2020-03-09,Sierra,091,2930,0,0,0,0,0
2020-03-09,Siskiyou,093,43540,0,0,0,0,0
2020-03-09,Solano,095,438530,25,26,0,26,0
2020-03-09,Sonoma,097,501317,22,2,0,2,0
2020-03-09,Stanislaus,099,539301,11,0,2,2,0
2020-03-09,Sutter,101,95872,0,0,0,0,0
2020-03-09,Tehama,103,63373,0,0,0,0,0
2020-03-09,Trinity,105,12862,0,0,0,0,0
2020-03-09,Tulare,107,460477,9,0,1,1,0
2020-03-09,Tuolumne,109,53932,1,0,0,0,0
2020-03-09,Ventura,111,848112,25,1,0,1,0
2020-03-09,Yolo,113,214977,6,2,0,2,0
2020-03-09,Yuba,115,75493,0,0,0,0,0
2020-03-08,Alameda,001,1643700,45,4,0,4,0
2020-03-08,Alpine,003,1148,0,0,0,0,0
2020-03-08,Amador,005,37829,0,0,0,0,0
2020-03-08,Butte,007,227075,0,0,0,0,0
2020-03-08,Calaveras,009,45235,2,0,0,0,0
2020-03-08,Colusa,011,21464,0,0,0,0,0
2020-03-08,Contra Costa,013,1133247,58,9,0,9,0
2020-03-08,Del Norte,015,27424,0,0,0,0,0
2020-03-08,El Dorado,017,186661,4,0,0,0,0
2020-03-08,Fresno,019,978130,4,1,1,2,0
2020-03-08,Glenn,021,27897,0,0,0,0,0
2020-03-08,Humboldt,023,135768,5,1,0,1,0
2020-03-08,Imperial,025,180216,8,0,0,0,0
2020-03-08,Inyo,027,18085,0,0,0,0,0
2020-03-08,Kern,029,883053,8,0,0,0,0
2020-03-08,Kings,031,150075,3,0,1,1,0
2020-03-08,Lake,033,64148,0,0,0,0,0
2020-03-08,Lassen,035,31185,0,0,0,0,0
2020-03-08,Los Angeles,037,10098052,361,14,9,23,0
2020-03-08,Madera,039,155013,8,1,0,1,0
2020-03-08,Marin,041,260295,13,1,0,1,0
2020-03-08,Mariposa,043,17540,0,0,0,0,0
2020-03-08,Mendocino,045,87422,0,0,0,0,0
2020-03-08,Merced,047,269075,2,0,0,0,0
2020-03-08,Modoc,049,8938,0,0,0,0,0
2020-03-08,Mono,051,14174,3,0,0,0,0
2020-03-08,Monterey,053,433212,2,0,0,0,0
2020-03-08,Napa,055,140530,2,0,0,0,0
2020-03-08,Nevada,057,99092,1,0,1,1,0
2020-03-08,Orange,059,3164182,129,4,0,4,0
2020-03-08,Placer,061,380077,11,7,0,7,1
2020-03-08,Plumas,063,18699,0,0,0,0,0
2020-03-08,Riverside,065,2383286,41,1,1,2,0
2020-03-08,Sacramento,067,1510023,64,5,0,5,0
2020-03-08,San Benito,069,59416,3,2,0,2,0
2020-03-08,San Bernardino,071,2135413,42,0,0,0,0
2020-03-08,San Diego,073,3302833,92,2,0,2,0
2020-03-08,San Francisco,075,870044,53,9,0,9,0
2020-03-08,San Joaquin,077,732212,18,0,3,3,0
2020-03-08,San Luis Obispo,079,281455,9,0,0,0,0
2020-03-08,San Mateo,081,765935,97,4,0,4,0
2020-03-08,Santa Barbara,083,443738,6,0,0,0,0
2020-03-08,Santa Clara,085,1922200,235,36,1,37,0
2020-03-08,Santa Cruz,087,273765,17,1,0,1,0
2020-03-08,Shasta,089,179085,2,0,0,0,0
2020-03-08,Sierra,091,2930,0,0,0,0,0
2020-03-08,Siskiyou,093,43540,0,0,0,0,0
2020-03-08,Solano,095,438530,24,26,0,26,0
2020-03-08,Sonoma,097,501317,17,2,0,2,0
2020-03-08,Stanislaus,099,539301,10,0,2,2,0
2020-03-08,Sutter,101,95872,0,0,0,0,0
2020-03-08,Tehama,103,63373,0,0,0,0,0
2020-03-08,Trinity,105,12862,0,0,0,0,0
2020-03-08,Tulare,107,460477,9,0,0,0,0
2020-03-08,Tuolumne,109,53932,1,0,0,0,0
2020-03-08,Ventura,111,848112,21,1,0,1,0
2020-03-08,Yolo,113,214977,3,2,0,2,0
2020-03-08,Yuba,115,75493,0,0,0,0,0
2020-03-07,Alameda,001,1643700,40,3,0,3,0
2020-03-07,Alpine,003,1148,0,0,0,0,0
2020-03-07,Amador,005,37829,0,0,0,0,0
2020-03-07,Butte,007,227075,0,0,0,0,0
2020-03-07,Calaveras,009,45235,2,0,0,0,0
2020-03-07,Colusa,011,21464,0,0,0,0,0
2020-03-07,Contra Costa,013,1133247,55,4,0,4,0
2020-03-07,Del Norte,015,27424,0,0,0,0,0
2020-03-07,El Dorado,017,186661,3,0,0,0,0
2020-03-07,Fresno,019,978130,3,1,1,2,0
2020-03-07,Glenn,021,27897,0,0,0,0,0
2020-03-07,Humboldt,023,135768,5,1,0,1,0
2020-03-07,Imperial,025,180216,7,0,0,0,0
2020-03-07,Inyo,027,18085,0,0,0,0,0
2020-03-07,Kern,029,883053,7,0,0,0,0
2020-03-07,Kings,031,150075,3,0,1,1,0
2020-03-07,Lake,033,64148,0,0,0,0,0
2020-03-07,Lassen,035,31185,0,0,0,0,0
2020-03-07,Los Angeles,037,10098052,311,14,9,23,0
2020-03-07,Madera,039,155013,7,1,0,1,0
2020-03-07,Marin,041,260295,11,0,0,0,0
2020-03-07,Mariposa,043,17540,0,0,0,0,0
2020-03-07,Mendocino,045,87422,0,0,0,0,0
2020-03-07,Merced,047,269075,2,0,0,0,0
2020-03-07,Modoc,049,8938,0,0,0,0,0
2020-03-07,Mono,051,14174,3,0,0,0,0
2020-03-07,Monterey,053,433212,2,0,0,0,0
2020-03-07,Napa,055,140530,1,0,0,0,0
2020-03-07,Nevada,057,99092,1,0,1,1,0
2020-03-07,Orange,059,3164182,121,4,0,4,0
2020-03-07,Placer,061,380077,11,6,0,6,1
2020-03-07,Plumas,063,18699,0,0,0,0,0
2020-03-07,Riverside,065,2383286,31,0,1,1,0
2020-03-07,Sacramento,067,1510023,51,4,0,4,0
2020-03-07,San Benito,069,59416,3,2,0,2,0
2020-03-07,San Bernardino,071,2135413,40,0,0,0,0
2020-03-07,San Diego,073,3302833,74,2,0,2,0
2020-03-07,San Francisco,075,870044,47,9,0,9,0
2020-03-07,San Joaquin,077,732212,16,0,3,3,0
2020-03-07,San Luis Obispo,079,281455,6,0,0,0,0
2020-03-07,San Mateo,081,765935,87,1,0,1,0
2020-03-07,Santa Barbara,083,443738,5,0,0,0,0
2020-03-07,Santa Clara,085,1922200,205,31,1,32,0
2020-03-07,Santa Cruz,087,273765,17,1,0,1,0
2020-03-07,Shasta,089,179085,2,0,0,0,0
2020-03-07,Sierra,091,2930,0,0,0,0,0
2020-03-07,Siskiyou,093,43540,0,0,0,0,0
2020-03-07,Solano,095,438530,23,25,0,25,0
2020-03-07,Sonoma,097,501317,13,2,0,2,0
2020-03-07,Stanislaus,099,539301,9,0,2,2,0
2020-03-07,Sutter,101,95872,0,0,0,0,0
2020-03-07,Tehama,103,63373,0,0,0,0,0
2020-03-07,Trinity,105,12862,0,0,0,0,0
2020-03-07,Tulare,107,460477,6,0,0,0,0
2020-03-07,Tuolumne,109,53932,1,0,0,0,0
2020-03-07,Ventura,111,848112,18,1,0,1,0
2020-03-07,Yolo,113,214977,3,2,0,2,0
2020-03-07,Yuba,115,75493,0,0,0,0,0
2020-03-06,Alameda,001,1643700,38,3,0,3,0
2020-03-06,Alpine,003,1148,0,0,0,0,0
2020-03-06,Amador,005,37829,0,0,0,0,0
2020-03-06,Butte,007,227075,0,0,0,0,0
2020-03-06,Calaveras,009,45235,2,0,0,0,0
2020-03-06,Colusa,011,21464,0,0,0,0,0
2020-03-06,Contra Costa,013,1133247,46,4,0,4,0
2020-03-06,Del Norte,015,27424,0,0,0,0,0
2020-03-06,El Dorado,017,186661,3,0,0,0,0
2020-03-06,Fresno,019,978130,2,0,1,1,0
2020-03-06,Glenn,021,27897,0,0,0,0,0
2020-03-06,Humboldt,023,135768,4,1,0,1,0
2020-03-06,Imperial,025,180216,6,0,0,0,0
2020-03-06,Inyo,027,18085,0,0,0,0,0
2020-03-06,Kern,029,883053,6,0,0,0,0
2020-03-06,Kings,031,150075,3,0,1,1,0
2020-03-06,Lake,033,64148,0,0,0,0,0
2020-03-06,Lassen,035,31185,0,0,0,0,0
2020-03-06,Los Angeles,037,10098052,268,13,9,22,0
2020-03-06,Madera,039,155013,6,0,0,0,0
2020-03-06,Marin,041,260295,10,0,0,0,0
2020-03-06,Mariposa,043,17540,0,0,0,0,0
2020-03-06,Mendocino,045,87422,0,0,0,0,0
2020-03-06,Merced,047,269075,2,0,0,0,0
2020-03-06,Modoc,049,8938,0,0,0,0,0
2020-03-06,Mono,051,14174,1,0,0,0,0
2020-03-06,Monterey,053,433212,2,0,0,0,0
2020-03-06,Napa,055,140530,1,0,0,0,0
2020-03-06,Nevada,057,99092,1,0,1,1,0
2020-03-06,Orange,059,3164182,95,4,0,4,0
2020-03-06,Placer,061,380077,10,5,0,5,1
2020-03-06,Plumas,063,18699,0,0,0,0,0
2020-03-06,Riverside,065,2383286,30,0,1,1,0
2020-03-06,Sacramento,067,1510023,42,2,0,2,0
2020-03-06,San Benito,069,59416,3,2,0,2,0
2020-03-06,San Bernardino,071,2135413,38,0,0,0,0
2020-03-06,San Diego,073,3302833,61,2,0,2,0
2020-03-06,San Francisco,075,870044,41,2,0,2,0
2020-03-06,San Joaquin,077,732212,13,0,3,3,0
2020-03-06,San Luis Obispo,079,281455,4,0,0,0,0
2020-03-06,San Mateo,081,765935,79,1,0,1,0
2020-03-06,Santa Barbara,083,443738,3,0,0,0,0
2020-03-06,Santa Clara,085,1922200,187,20,1,21,0
2020-03-06,Santa Cruz,087,273765,15,0,0,0,0
2020-03-06,Shasta,089,179085,2,0,0,0,0
2020-03-06,Sierra,091,2930,0,0,0,0,0
2020-03-06,Siskiyou,093,43540,0,0,0,0,0
2020-03-06,Solano,095,438530,22,25,0,25,0
2020-03-06,Sonoma,097,501317,13,2,0,2,0
2020-03-06,Stanislaus,099,539301,5,0,2,2,0
2020-03-06,Sutter,101,95872,0,0,0,0,0
2020-03-06,Tehama,103,63373,0,0,0,0,0
2020-03-06,Trinity,105,12862,0,0,0,0,0
2020-03-06,Tulare,107,460477,6,0,0,0,0
2020-03-06,Tuolumne,109,53932,1,0,0,0,0
2020-03-06,Ventura,111,848112,15,1,0,1,0
2020-03-06,Yolo,113,214977,3,1,0,1,0
2020-03-06,Yuba,115,75493,0,0,0,0,0
2020-03-05,Alameda,001,1643700,33,2,0,2,0
2020-03-05,Alpine,003,1148,0,0,0,0,0
2020-03-05,Amador,005,37829,0,0,0,0,0
2020-03-05,Butte,007,227075,0,0,0,0,0
2020-03-05,Calaveras,009,45235,2,0,0,0,0
2020-03-05,Colusa,011,21464,0,0,0,0,0
2020-03-05,Contra Costa,013,1133247,39,1,0,1,0
2020-03-05,Del Norte,015,27424,0,0,0,0,0
2020-03-05,El Dorado,017,186661,1,0,0,0,0
2020-03-05,Fresno,019,978130,2,0,1,1,0
2020-03-05,Glenn,021,27897,0,0,0,0,0
2020-03-05,Humboldt,023,135768,4,1,0,1,0
2020-03-05,Imperial,025,180216,5,0,0,0,0
2020-03-05,Inyo,027,18085,0,0,0,0,0
2020-03-05,Kern,029,883053,6,0,0,0,0
2020-03-05,Kings,031,150075,3,0,1,1,0
2020-03-05,Lake,033,64148,0,0,0,0,0
2020-03-05,Lassen,035,31185,0,0,0,0,0
2020-03-05,Los Angeles,037,10098052,221,11,9,20,0
2020-03-05,Madera,039,155013,5,0,0,0,0
2020-03-05,Marin,041,260295,10,0,0,0,0
2020-03-05,Mariposa,043,17540,0,0,0,0,0
2020-03-05,Mendocino,045,87422,0,0,0,0,0
2020-03-05,Merced,047,269075,2,0,0,0,0
2020-03-05,Modoc,049,8938,0,0,0,0,0
2020-03-05,Mono,051,14174,1,0,0,0,0
2020-03-05,Monterey,053,433212,2,0,0,0,0
2020-03-05,Napa,055,140530,1,0,0,0,0
2020-03-05,Nevada,057,99092,0,0,1,1,0
2020-03-05,Orange,059,3164182,80,3,0,3,0
2020-03-05,Placer,061,380077,10,2,0,2,1
2020-03-05,Plumas,063,18699,0,0,0,0,0
2020-03-05,Riverside,065,2383286,27,0,1,1,0
2020-03-05,Sacramento,067,1510023,36,2,0,2,0
2020-03-05,San Benito,069,59416,1,2,0,2,0
2020-03-05,San Bernardino,071,2135413,33,0,0,0,0
2020-03-05,San Diego,073,3302833,54,2,0,2,0
2020-03-05,San Francisco,075,870044,31,2,0,2,0
2020-03-05,San Joaquin,077,732212,10,0,3,3,0
2020-03-05,San Luis Obispo,079,281455,4,0,0,0,0
2020-03-05,San Mateo,081,765935,65,1,0,1,0
2020-03-05,Santa Barbara,083,443738,2,0,0,0,0
2020-03-05,Santa Clara,085,1922200,163,14,1,15,0
2020-03-05,Santa Cruz,087,273765,13,0,0,0,0
2020-03-05,Shasta,089,179085,2,0,0,0,0
2020-03-05,Sierra,091,2930,0,0,0,0,0
2020-03-05,Siskiyou,093,43540,0,0,0,0,0
2020-03-05,Solano,095,438530,22,24,0,24,0
2020-03-05,Sonoma,097,501317,12,2,0,2,0
2020-03-05,Stanislaus,099,539301,4,0,2,2,0
2020-03-05,Sutter,101,95872,0,0,0,0,0
2020-03-05,Tehama,103,63373,0,0,0,0,0
2020-03-05,Trinity,105,12862,0,0,0,0,0
2020-03-05,Tulare,107,460477,6,0,0,0,0
2020-03-05,Tuolumne,109,53932,1,0,0,0,0
2020-03-05,Ventura,111,848112,13,0,0,0,0
2020-03-05,Yolo,113,214977,3,0,0,0,0
2020-03-05,Yuba,115,75493,0,0,0,0,0
2020-03-04,Alameda,001,1643700,29,2,0,2,0
2020-03-04,Alpine,003,1148,0,0,0,0,0
2020-03-04,Amador,005,37829,0,0,0,0,0
2020-03-04,Butte,007,227075,0,0,0,0,0
2020-03-04,Calaveras,009,45235,0,0,0,0,0
2020-03-04,Colusa,011,21464,0,0,0,0,0
2020-03-04,Contra Costa,013,1133247,34,1,0,1,0
2020-03-04,Del Norte,015,27424,0,0,0,0,0
2020-03-04,El Dorado,017,186661,1,0,0,0,0
2020-03-04,Fresno,019,978130,2,0,1,1,0
2020-03-04,Glenn,021,27897,0,0,0,0,0
2020-03-04,Humboldt,023,135768,1,1,0,1,0
2020-03-04,Imperial,025,180216,5,0,0,0,0
2020-03-04,Inyo,027,18085,0,0,0,0,0
2020-03-04,Kern,029,883053,6,0,0,0,0
2020-03-04,Kings,031,150075,3,0,1,1,0
2020-03-04,Lake,033,64148,0,0,0,0,0
2020-03-04,Lassen,035,31185,0,0,0,0,0
2020-03-04,Los Angeles,037,10098052,186,7,9,16,0
2020-03-04,Madera,039,155013,5,0,0,0,0
2020-03-04,Marin,041,260295,10,0,0,0,0
2020-03-04,Mariposa,043,17540,0,0,0,0,0
2020-03-04,Mendocino,045,87422,0,0,0,0,0
2020-03-04,Merced,047,269075,2,0,0,0,0
2020-03-04,Modoc,049,8938,0,0,0,0,0
2020-03-04,Mono,051,14174,1,0,0,0,0
2020-03-04,Monterey,053,433212,2,0,0,0,0
2020-03-04,Napa,055,140530,1,0,0,0,0
2020-03-04,Nevada,057,99092,0,0,1,1,0
2020-03-04,Orange,059,3164182,77,3,0,3,0
2020-03-04,Placer,061,380077,9,2,0,2,1
2020-03-04,Plumas,063,18699,0,0,0,0,0
2020-03-04,Riverside,065,2383286,23,0,1,1,0
2020-03-04,Sacramento,067,1510023,31,1,0,1,0
2020-03-04,San Benito,069,59416,1,2,0,2,0
2020-03-04,San Bernardino,071,2135413,30,0,0,0,0
2020-03-04,San Diego,073,3302833,41,2,0,2,0
2020-03-04,San Francisco,075,870044,26,0,0,0,0
2020-03-04,San Joaquin,077,732212,9,0,3,3,0
2020-03-04,San Luis Obispo,079,281455,4,0,0,0,0
2020-03-04,San Mateo,081,765935,60,1,0,1,0
2020-03-04,Santa Barbara,083,443738,2,0,0,0,0
2020-03-04,Santa Clara,085,1922200,146,12,1,13,0
2020-03-04,Santa Cruz,087,273765,13,0,0,0,0
2020-03-04,Shasta,089,179085,2,0,0,0,0
2020-03-04,Sierra,091,2930,0,0,0,0,0
2020-03-04,Siskiyou,093,43540,0,0,0,0,0
2020-03-04,Solano,095,438530,21,24,0,24,0
2020-03-04,Sonoma,097,501317,11,2,0,2,0
2020-03-04,Stanislaus,099,539301,4,0,2,2,0
2020-03-04,Sutter,101,95872,0,0,0,0,0
2020-03-04,Tehama,103,63373,0,0,0,0,0
2020-03-04,Trinity,105,12862,0,0,0,0,0
2020-03-04,Tulare,107,460477,6,0,0,0,0
2020-03-04,Tuolumne,109,53932,0,0,0,0,0
2020-03-04,Ventura,111,848112,12,0,0,0,0
2020-03-04,Yolo,113,214977,3,0,0,0,0
2020-03-04,Yuba,115,75493,0,0,0,0,0
2020-03-03,Alameda,001,1643700,24,2,0,2,0
2020-03-03,Alpine,003,1148,0,0,0,0,0
2020-03-03,Amador,005,37829,0,0,0,0,0
2020-03-03,Butte,007,227075,0,0,0,0,0
2020-03-03,Calaveras,009,45235,0,0,0,0,0
2020-03-03,Colusa,011,21464,0,0,0,0,0
2020-03-03,Contra Costa,013,1133247,30,0,0,0,0
2020-03-03,Del Norte,015,27424,0,0,0,0,0
2020-03-03,El Dorado,017,186661,1,0,0,0,0
2020-03-03,Fresno,019,978130,1,0,1,1,0
2020-03-03,Glenn,021,27897,0,0,0,0,0
2020-03-03,Humboldt,023,135768,1,1,0,1,0
2020-03-03,Imperial,025,180216,5,0,0,0,0
2020-03-03,Inyo,027,18085,0,0,0,0,0
2020-03-03,Kern,029,883053,4,0,0,0,0
2020-03-03,Kings,031,150075,3,0,1,1,0
2020-03-03,Lake,033,64148,0,0,0,0,0
2020-03-03,Lassen,035,31185,0,0,0,0,0
2020-03-03,Los Angeles,037,10098052,167,5,9,14,0
2020-03-03,Madera,039,155013,4,0,0,0,0
2020-03-03,Marin,041,260295,6,0,0,0,0
2020-03-03,Mariposa,043,17540,0,0,0,0,0
2020-03-03,Mendocino,045,87422,0,0,0,0,0
2020-03-03,Merced,047,269075,2,0,0,0,0
2020-03-03,Modoc,049,8938,0,0,0,0,0
2020-03-03,Mono,051,14174,1,0,0,0,0
2020-03-03,Monterey,053,433212,1,0,0,0,0
2020-03-03,Napa,055,140530,1,0,0,0,0
2020-03-03,Nevada,057,99092,0,0,1,1,0
2020-03-03,Orange,059,3164182,69,1,0,1,0
2020-03-03,Placer,061,380077,8,2,0,2,0
2020-03-03,Plumas,063,18699,0,0,0,0,0
2020-03-03,Riverside,065,2383286,20,0,1,1,0
2020-03-03,Sacramento,067,1510023,30,1,0,1,0
2020-03-03,San Benito,069,59416,1,2,0,2,0
2020-03-03,San Bernardino,071,2135413,27,0,0,0,0
2020-03-03,San Diego,073,3302833,34,2,0,2,0
2020-03-03,San Francisco,075,870044,24,0,0,0,0
2020-03-03,San Joaquin,077,732212,8,0,3,3,0
2020-03-03,San Luis Obispo,079,281455,2,0,0,0,0
2020-03-03,San Mateo,081,765935,53,1,0,1,0
2020-03-03,Santa Barbara,083,443738,1,0,0,0,0
2020-03-03,Santa Clara,085,1922200,131,11,1,12,0
2020-03-03,Santa Cruz,087,273765,10,0,0,0,0
2020-03-03,Shasta,089,179085,2,0,0,0,0
2020-03-03,Sierra,091,2930,0,0,0,0,0
2020-03-03,Siskiyou,093,43540,0,0,0,0,0
2020-03-03,Solano,095,438530,20,24,0,24,0
2020-03-03,Sonoma,097,501317,11,1,0,1,0
2020-03-03,Stanislaus,099,539301,4,0,2,2,0
2020-03-03,Sutter,101,95872,0,0,0,0,0
2020-03-03,Tehama,103,63373,0,0,0,0,0
2020-03-03,Trinity,105,12862,0,0,0,0,0
2020-03-03,Tulare,107,460477,6,0,0,0,0
2020-03-03,Tuolumne,109,53932,0,0,0,0,0
2020-03-03,Ventura,111,848112,11,0,0,0,0
2020-03-03,Yolo,113,214977,2,0,0,0,0
2020-03-03,Yuba,115,75493,0,0,0,0,0
2020-03-02,Alameda,001,1643700,21,1,0,1,0
2020-03-02,Alpine,003,1148,0,0,0,0,0
2020-03-02,Amador,005,37829,0,0,0,0,0
2020-03-02,Butte,007,227075,0,0,0,0,0
2020-03-02,Calaveras,009,45235,0,0,0,0,0
2020-03-02,Colusa,011,21464,0,0,0,0,0
2020-03-02,Contra Costa,013,1133247,27,0,0,0,0
2020-03-02,Del Norte,015,27424,0,0,0,0,0
2020-03-02,El Dorado,017,186661,1,0,0,0,0
2020-03-02,Fresno,019,978130,1,0,1,1,0
2020-03-02,Glenn,021,27897,0,0,0,0,0
2020-03-02,Humboldt,023,135768,1,1,0,1,0
2020-03-02,Imperial,025,180216,5,0,0,0,0
2020-03-02,Inyo,027,18085,0,0,0,0,0
2020-03-02,Kern,029,883053,4,0,0,0,0
2020-03-02,Kings,031,150075,3,0,1,1,0
2020-03-02,Lake,033,64148,0,0,0,0,0
2020-03-02,Lassen,035,31185,0,0,0,0,0
2020-03-02,Los Angeles,037,10098052,152,1,9,10,0
2020-03-02,Madera,039,155013,4,0,0,0,0
2020-03-02,Marin,041,260295,6,0,0,0,0
2020-03-02,Mariposa,043,17540,0,0,0,0,0
2020-03-02,Mendocino,045,87422,0,0,0,0,0
2020-03-02,Merced,047,269075,1,0,0,0,0
2020-03-02,Modoc,049,8938,0,0,0,0,0
2020-03-02,Mono,051,14174,1,0,0,0,0
2020-03-02,Monterey,053,433212,1,0,0,0,0
2020-03-02,Napa,055,140530,1,0,0,0,0
2020-03-02,Nevada,057,99092,0,0,1,1,0
2020-03-02,Orange,059,3164182,64,1,0,1,0
2020-03-02,Placer,061,380077,8,1,0,1,0
2020-03-02,Plumas,063,18699,0,0,0,0,0
2020-03-02,Riverside,065,2383286,19,0,1,1,0
2020-03-02,Sacramento,067,1510023,25,1,0,1,0
2020-03-02,San Benito,069,59416,1,2,0,2,0
2020-03-02,San Bernardino,071,2135413,27,0,0,0,0
2020-03-02,San Diego,073,3302833,28,2,0,2,0
2020-03-02,San Francisco,075,870044,17,0,0,0,0
2020-03-02,San Joaquin,077,732212,7,0,3,3,0
2020-03-02,San Luis Obispo,079,281455,2,0,0,0,0
2020-03-02,San Mateo,081,765935,44,1,0,1,0
2020-03-02,Santa Barbara,083,443738,1,0,0,0,0
2020-03-02,Santa Clara,085,1922200,109,7,1,8,0
2020-03-02,Santa Cruz,087,273765,9,0,0,0,0
2020-03-02,Shasta,089,179085,2,0,0,0,0
2020-03-02,Sierra,091,2930,0,0,0,0,0
2020-03-02,Siskiyou,093,43540,0,0,0,0,0
2020-03-02,Solano,095,438530,19,24,0,24,0
2020-03-02,Sonoma,097,501317,10,1,0,1,0
2020-03-02,Stanislaus,099,539301,2,0,2,2,0
2020-03-02,Sutter,101,95872,0,0,0,0,0
2020-03-02,Tehama,103,63373,0,0,0,0,0
2020-03-02,Trinity,105,12862,0,0,0,0,0
2020-03-02,Tulare,107,460477,6,0,0,0,0
2020-03-02,Tuolumne,109,53932,0,0,0,0,0
2020-03-02,Ventura,111,848112,10,0,0,0,0
2020-03-02,Yolo,113,214977,2,0,0,0,0
2020-03-02,Yuba,115,75493,0,0,0,0,0
2020-03-01,Alameda,001,1643700,20,1,0,1,0
2020-03-01,Alpine,003,1148,0,0,0,0,0
2020-03-01,Amador,005,37829,0,0,0,0,0
2020-03-01,Butte,007,227075,0,0,0,0,0
2020-03-01,Calaveras,009,45235,0,0,0,0,0
2020-03-01,Colusa,011,21464,0,0,0,0,0
2020-03-01,Contra Costa,013,1133247,24,0,0,0,0
2020-03-01,Del Norte,015,27424,0,0,0,0,0
2020-03-01,El Dorado,017,186661,1,0,0,0,0
2020-03-01,Fresno,019,978130,0,0,1,1,0
2020-03-01,Glenn,021,27897,0,0,0,0,0
2020-03-01,Humboldt,023,135768,1,1,0,1,0
2020-03-01,Imperial,025,180216,5,0,0,0,0
2020-03-01,Inyo,027,18085,0,0,0,0,0
2020-03-01,Kern,029,883053,2,0,0,0,0
2020-03-01,Kings,031,150075,3,0,1,1,0
2020-03-01,Lake,033,64148,0,0,0,0,0
2020-03-01,Lassen,035,31185,0,0,0,0,0
2020-03-01,Los Angeles,037,10098052,133,1,9,10,0
2020-03-01,Madera,039,155013,2,0,0,0,0
2020-03-01,Marin,041,260295,5,0,0,0,0
2020-03-01,Mariposa,043,17540,0,0,0,0,0
2020-03-01,Mendocino,045,87422,0,0,0,0,0
2020-03-01,Merced,047,269075,1,0,0,0,0
2020-03-01,Modoc,049,8938,0,0,0,0,0
2020-03-01,Mono,051,14174,1,0,0,0,0
2020-03-01,Monterey,053,433212,0,0,0,0,0
2020-03-01,Napa,055,140530,1,0,0,0,0
2020-03-01,Nevada,057,99092,0,0,1,1,0
2020-03-01,Orange,059,3164182,61,1,0,1,0
2020-03-01,Placer,061,380077,8,0,0,0,0
2020-03-01,Plumas,063,18699,0,0,0,0,0
2020-03-01,Riverside,065,2383286,18,0,1,1,0
2020-03-01,Sacramento,067,1510023,21,1,0,1,0
2020-03-01,San Benito,069,59416,0,2,0,2,0
2020-03-01,San Bernardino,071,2135413,25,0,0,0,0
2020-03-01,San Diego,073,3302833,21,2,0,2,0
2020-03-01,San Francisco,075,870044,13,0,0,0,0
2020-03-01,San Joaquin,077,732212,7,0,3,3,0
2020-03-01,San Luis Obispo,079,281455,2,0,0,0,0
2020-03-01,San Mateo,081,765935,36,0,0,0,0
2020-03-01,Santa Barbara,083,443738,1,0,0,0,0
2020-03-01,Santa Clara,085,1922200,96,6,1,7,0
2020-03-01,Santa Cruz,087,273765,8,0,0,0,0
2020-03-01,Shasta,089,179085,2,0,0,0,0
2020-03-01,Sierra,091,2930,0,0,0,0,0
2020-03-01,Siskiyou,093,43540,0,0,0,0,0
2020-03-01,Solano,095,438530,19,24,0,24,0
2020-03-01,Sonoma,097,501317,9,0,0,0,0
2020-03-01,Stanislaus,099,539301,2,0,2,2,0
2020-03-01,Sutter,101,95872,0,0,0,0,0
2020-03-01,Tehama,103,63373,0,0,0,0,0
2020-03-01,Trinity,105,12862,0,0,0,0,0
2020-03-01,Tulare,107,460477,6,0,0,0,0
2020-03-01,Tuolumne,109,53932,0,0,0,0,0
2020-03-01,Ventura,111,848112,8,0,0,0,0
2020-03-01,Yolo,113,214977,2,0,0,0,0
2020-03-01,Yuba,115,75493,0,0,0,0,0
2020-02-29,Alameda,001,1643700,16,0,0,0,0
2020-02-29,Alpine,003,1148,0,0,0,0,0
2020-02-29,Amador,005,37829,0,0,0,0,0
2020-02-29,Butte,007,227075,0,0,0,0,0
2020-02-29,Calaveras,009,45235,0,0,0,0,0
2020-02-29,Colusa,011,21464,0,0,0,0,0
2020-02-29,Contra Costa,013,1133247,20,0,0,0,0
2020-02-29,Del Norte,015,27424,0,0,0,0,0
2020-02-29,El Dorado,017,186661,1,0,0,0,0
2020-02-29,Fresno,019,978130,0,0,0,0,0
2020-02-29,Glenn,021,27897,0,0,0,0,0
2020-02-29,Humboldt,023,135768,1,1,0,1,0
2020-02-29,Imperial,025,180216,3,0,0,0,0
2020-02-29,Inyo,027,18085,0,0,0,0,0
2020-02-29,Kern,029,883053,2,0,0,0,0
2020-02-29,Kings,031,150075,3,0,1,1,0
2020-02-29,Lake,033,64148,0,0,0,0,0
2020-02-29,Lassen,035,31185,0,0,0,0,0
2020-02-29,Los Angeles,037,10098052,105,1,9,10,0
2020-02-29,Madera,039,155013,2,0,0,0,0
2020-02-29,Marin,041,260295,4,0,0,0,0
2020-02-29,Mariposa,043,17540,0,0,0,0,0
2020-02-29,Mendocino,045,87422,0,0,0,0,0
2020-02-29,Merced,047,269075,1,0,0,0,0
2020-02-29,Modoc,049,8938,0,0,0,0,0
2020-02-29,Mono,051,14174,1,0,0,0,0
2020-02-29,Monterey,053,433212,0,0,0,0,0
2020-02-29,Napa,055,140530,1,0,0,0,0
2020-02-29,Nevada,057,99092,0,0,1,1,0
2020-02-29,Orange,059,3164182,56,1,0,1,0
2020-02-29,Placer,061,380077,7,0,0,0,0
2020-02-29,Plumas,063,18699,0,0,0,0,0
2020-02-29,Riverside,065,2383286,15,0,1,1,0
2020-02-29,Sacramento,067,1510023,16,1,0,1,0
2020-02-29,San Benito,069,59416,0,2,0,2,0
2020-02-29,San Bernardino,071,2135413,23,0,0,0,0
2020-02-29,San Diego,073,3302833,16,2,0,2,0
2020-02-29,San Francisco,075,870044,12,0,0,0,0
2020-02-29,San Joaquin,077,732212,6,0,3,3,0
2020-02-29,San Luis Obispo,079,281455,2,0,0,0,0
2020-02-29,San Mateo,081,765935,29,0,0,0,0
2020-02-29,Santa Barbara,083,443738,0,0,0,0,0
2020-02-29,Santa Clara,085,1922200,74,3,1,4,0
2020-02-29,Santa Cruz,087,273765,8,0,0,0,0
2020-02-29,Shasta,089,179085,2,0,0,0,0
2020-02-29,Sierra,091,2930,0,0,0,0,0
2020-02-29,Siskiyou,093,43540,0,0,0,0,0
2020-02-29,Solano,095,438530,18,23,0,23,0
2020-02-29,Sonoma,097,501317,6,0,0,0,0
2020-02-29,Stanislaus,099,539301,2,0,2,2,0
2020-02-29,Sutter,101,95872,0,0,0,0,0
2020-02-29,Tehama,103,63373,0,0,0,0,0
2020-02-29,Trinity,105,12862,0,0,0,0,0
2020-02-29,Tulare,107,460477,4,0,0,0,0
2020-02-29,Tuolumne,109,53932,0,0,0,0,0
2020-02-29,Ventura,111,848112,6,0,0,0,0
2020-02-29,Yolo,113,214977,2,0,0,0,0
2020-02-29,Yuba,115,75493,0,0,0,0,0
2020-02-28,Alameda,001,1643700,14,0,0,0,0
2020-02-28,Alpine,003,1148,0,0,0,0,0
2020-02-28,Amador,005,37829,0,0,0,0,0
2020-02-28,Butte,007,227075,0,0,0,0,0
2020-02-28,Calaveras,009,45235,0,0,0,0,0
2020-02-28,Colusa,011,21464,0,0,0,0,0
2020-02-28,Contra Costa,013,1133247,20,0,0,0,0
2020-02-28,Del Norte,015,27424,0,0,0,0,0
2020-02-28,El Dorado,017,186661,0,0,0,0,0
2020-02-28,Fresno,019,978130,0,0,0,0,0
2020-02-28,Glenn,021,27897,0,0,0,0,0
2020-02-28,Humboldt,023,135768,1,1,0,1,0
2020-02-28,Imperial,025,180216,3,0,0,0,0
2020-02-28,Inyo,027,18085,0,0,0,0,0
2020-02-28,Kern,029,883053,2,0,0,0,0
2020-02-28,Kings,031,150075,3,0,1,1,0
2020-02-28,Lake,033,64148,0,0,0,0,0
2020-02-28,Lassen,035,31185,0,0,0,0,0
2020-02-28,Los Angeles,037,10098052,97,1,9,10,0
2020-02-28,Madera,039,155013,2,0,0,0,0
2020-02-28,Marin,041,260295,2,0,0,0,0
2020-02-28,Mariposa,043,17540,0,0,0,0,0
2020-02-28,Mendocino,045,87422,0,0,0,0,0
2020-02-28,Merced,047,269075,1,0,0,0,0
2020-02-28,Modoc,049,8938,0,0,0,0,0
2020-02-28,Mono,051,14174,0,0,0,0,0
2020-02-28,Monterey,053,433212,0,0,0,0,0
2020-02-28,Napa,055,140530,1,0,0,0,0
2020-02-28,Nevada,057,99092,0,0,1,1,0
2020-02-28,Orange,059,3164182,54,1,0,1,0
2020-02-28,Placer,061,380077,7,0,0,0,0
2020-02-28,Plumas,063,18699,0,0,0,0,0
2020-02-28,Riverside,065,2383286,13,0,1,1,0
2020-02-28,Sacramento,067,1510023,10,1,0,1,0
2020-02-28,San Benito,069,59416,0,2,0,2,0
2020-02-28,San Bernardino,071,2135413,23,0,0,0,0
2020-02-28,San Diego,073,3302833,13,2,0,2,0
2020-02-28,San Francisco,075,870044,10,0,0,0,0
2020-02-28,San Joaquin,077,732212,6,0,3,3,0
2020-02-28,San Luis Obispo,079,281455,2,0,0,0,0
2020-02-28,San Mateo,081,765935,24,0,0,0,0
2020-02-28,Santa Barbara,083,443738,0,0,0,0,0
2020-02-28,Santa Clara,085,1922200,69,3,1,4,0
2020-02-28,Santa Cruz,087,273765,8,0,0,0,0
2020-02-28,Shasta,089,179085,2,0,0,0,0
2020-02-28,Sierra,091,2930,0,0,0,0,0
2020-02-28,Siskiyou,093,43540,0,0,0,0,0
2020-02-28,Solano,095,438530,17,23,0,23,0
2020-02-28,Sonoma,097,501317,6,0,0,0,0
2020-02-28,Stanislaus,099,539301,2,0,2,2,0
2020-02-28,Sutter,101,95872,0,0,0,0,0
2020-02-28,Tehama,103,63373,0,0,0,0,0
2020-02-28,Trinity,105,12862,0,0,0,0,0
2020-02-28,Tulare,107,460477,3,0,0,0,0
2020-02-28,Tuolumne,109,53932,0,0,0,0,0
2020-02-28,Ventura,111,848112,6,0,0,0,0
2020-02-28,Yolo,113,214977,2,0,0,0,0
2020-02-28,Yuba,115,75493,0,0,0,0,0
2020-02-27,Alameda,001,1643700,13,0,0,0,0
2020-02-27,Alpine,003,1148,0,0,0,0,0
2020-02-27,Amador,005,37829,0,0,0,0,0
2020-02-27,Butte,007,227075,0,0,0,0,0
2020-02-27,Calaveras,009,45235,0,0,0,0,0
2020-02-27,Colusa,011,21464,0,0,0,0,0
2020-02-27,Contra Costa,013,1133247,14,0,0,0,0
2020-02-27,Del Norte,015,27424,0,0,0,0,0
2020-02-27,El Dorado,017,186661,0,0,0,0,0
2020-02-27,Fresno,019,978130,0,0,0,0,0
2020-02-27,Glenn,021,27897,0,0,0,0,0
2020-02-27,Humboldt,023,135768,1,1,0,1,0
2020-02-27,Imperial,025,180216,3,0,0,0,0
2020-02-27,Inyo,027,18085,0,0,0,0,0
2020-02-27,Kern,029,883053,2,0,0,0,0
2020-02-27,Kings,031,150075,3,0,1,1,0
2020-02-27,Lake,033,64148,0,0,0,0,0
2020-02-27,Lassen,035,31185,0,0,0,0,0
2020-02-27,Los Angeles,037,10098052,90,1,9,10,0
2020-02-27,Madera,039,155013,2,0,0,0,0
2020-02-27,Marin,041,260295,1,0,0,0,0
2020-02-27,Mariposa,043,17540,0,0,0,0,0
2020-02-27,Mendocino,045,87422,0,0,0,0,0
2020-02-27,Merced,047,269075,1,0,0,0,0
2020-02-27,Modoc,049,8938,0,0,0,0,0
2020-02-27,Mono,051,14174,0,0,0,0,0
2020-02-27,Monterey,053,433212,0,0,0,0,0
2020-02-27,Napa,055,140530,1,0,0,0,0
2020-02-27,Nevada,057,99092,0,0,1,1,0
2020-02-27,Orange,059,3164182,48,1,0,1,0
2020-02-27,Placer,061,380077,6,0,0,0,0
2020-02-27,Plumas,063,18699,0,0,0,0,0
2020-02-27,Riverside,065,2383286,12,0,1,1,0
2020-02-27,Sacramento,067,1510023,10,1,0,1,0
2020-02-27,San Benito,069,59416,0,2,0,2,0
2020-02-27,San Bernardino,071,2135413,23,0,0,0,0
2020-02-27,San Diego,073,3302833,12,2,0,2,0
2020-02-27,San Francisco,075,870044,9,0,0,0,0
2020-02-27,San Joaquin,077,732212,5,0,3,3,0
2020-02-27,San Luis Obispo,079,281455,2,0,0,0,0
2020-02-27,San Mateo,081,765935,20,0,0,0,0
2020-02-27,Santa Barbara,083,443738,0,0,0,0,0
2020-02-27,Santa Clara,085,1922200,58,2,1,3,0
2020-02-27,Santa Cruz,087,273765,6,0,0,0,0
2020-02-27,Shasta,089,179085,0,0,0,0,0
2020-02-27,Sierra,091,2930,0,0,0,0,0
2020-02-27,Siskiyou,093,43540,0,0,0,0,0
2020-02-27,Solano,095,438530,17,23,0,23,0
2020-02-27,Sonoma,097,501317,5,0,0,0,0
2020-02-27,Stanislaus,099,539301,2,0,2,2,0
2020-02-27,Sutter,101,95872,0,0,0,0,0
2020-02-27,Tehama,103,63373,0,0,0,0,0
2020-02-27,Trinity,105,12862,0,0,0,0,0
2020-02-27,Tulare,107,460477,3,0,0,0,0
2020-02-27,Tuolumne,109,53932,0,0,0,0,0
2020-02-27,Ventura,111,848112,4,0,0,0,0
2020-02-27,Yolo,113,214977,2,0,0,0,0
2020-02-27,Yuba,115,75493,0,0,0,0,0
2020-02-26,Alameda,001,1643700,13,0,0,0,0
2020-02-26,Alpine,003,1148,0,0,0,0,0
2020-02-26,Amador,005,37829,0,0,0,0,0
2020-02-26,Butte,007,227075,0,0,0,0,0
2020-02-26,Calaveras,009,45235,0,0,0,0,0
2020-02-26,Colusa,011,21464,0,0,0,0,0
2020-02-26,Contra Costa,013,1133247,13,0,0,0,0
2020-02-26,Del Norte,015,27424,0,0,0,0,0
2020-02-26,El Dorado,017,186661,0,0,0,0,0
2020-02-26,Fresno,019,978130,0,0,0,0,0
2020-02-26,Glenn,021,27897,0,0,0,0,0
2020-02-26,Humboldt,023,135768,1,1,0,1,0
2020-02-26,Imperial,025,180216,3,0,0,0,0
2020-02-26,Inyo,027,18085,0,0,0,0,0
2020-02-26,Kern,029,883053,2,0,0,0,0
2020-02-26,Kings,031,150075,3,0,1,1,0
2020-02-26,Lake,033,64148,0,0,0,0,0
2020-02-26,Lassen,035,31185,0,0,0,0,0
2020-02-26,Los Angeles,037,10098052,84,1,9,10,0
2020-02-26,Madera,039,155013,2,0,0,0,0
2020-02-26,Marin,041,260295,1,0,0,0,0
2020-02-26,Mariposa,043,17540,0,0,0,0,0
2020-02-26,Mendocino,045,87422,0,0,0,0,0
2020-02-26,Merced,047,269075,1,0,0,0,0
2020-02-26,Modoc,049,8938,0,0,0,0,0
2020-02-26,Mono,051,14174,0,0,0,0,0
2020-02-26,Monterey,053,433212,0,0,0,0,0
2020-02-26,Napa,055,140530,0,0,0,0,0
2020-02-26,Nevada,057,99092,0,0,1,1,0
2020-02-26,Orange,059,3164182,47,1,0,1,0
2020-02-26,Placer,061,380077,5,0,0,0,0
2020-02-26,Plumas,063,18699,0,0,0,0,0
2020-02-26,Riverside,065,2383286,10,0,1,1,0
2020-02-26,Sacramento,067,1510023,10,1,0,1,0
2020-02-26,San Benito,069,59416,0,2,0,2,0
2020-02-26,San Bernardino,071,2135413,21,0,0,0,0
2020-02-26,San Diego,073,3302833,11,2,0,2,0
2020-02-26,San Francisco,075,870044,9,0,0,0,0
2020-02-26,San Joaquin,077,732212,5,0,3,3,0
2020-02-26,San Luis Obispo,079,281455,2,0,0,0,0
2020-02-26,San Mateo,081,765935,18,0,0,0,0
2020-02-26,Santa Barbara,083,443738,0,0,0,0,0
2020-02-26,Santa Clara,085,1922200,49,2,1,3,0
2020-02-26,Santa Cruz,087,273765,6,0,0,0,0
2020-02-26,Shasta,089,179085,0,0,0,0,0
2020-02-26,Sierra,091,2930,0,0,0,0,0
2020-02-26,Siskiyou,093,43540,0,0,0,0,0
2020-02-26,Solano,095,438530,17,23,0,23,0
2020-02-26,Sonoma,097,501317,5,0,0,0,0
2020-02-26,Stanislaus,099,539301,2,0,2,2,0
2020-02-26,Sutter,101,95872,0,0,0,0,0
2020-02-26,Tehama,103,63373,0,0,0,0,0
2020-02-26,Trinity,105,12862,0,0,0,0,0
2020-02-26,Tulare,107,460477,3,0,0,0,0
2020-02-26,Tuolumne,109,53932,0,0,0,0,0
2020-02-26,Ventura,111,848112,4,0,0,0,0
2020-02-26,Yolo,113,214977,2,0,0,0,0
2020-02-26,Yuba,115,75493,0,0,0,0,0
2020-02-25,Alameda,001,1643700,13,0,0,0,0
2020-02-25,Alpine,003,1148,0,0,0,0,0
2020-02-25,Amador,005,37829,0,0,0,0,0
2020-02-25,Butte,007,227075,0,0,0,0,0
2020-02-25,Calaveras,009,45235,0,0,0,0,0
2020-02-25,Colusa,011,21464,0,0,0,0,0
2020-02-25,Contra Costa,013,1133247,11,0,0,0,0
2020-02-25,Del Norte,015,27424,0,0,0,0,0
2020-02-25,El Dorado,017,186661,0,0,0,0,0
2020-02-25,Fresno,019,978130,0,0,0,0,0
2020-02-25,Glenn,021,27897,0,0,0,0,0
2020-02-25,Humboldt,023,135768,1,1,0,1,0
2020-02-25,Imperial,025,180216,3,0,0,0,0
2020-02-25,Inyo,027,18085,0,0,0,0,0
2020-02-25,Kern,029,883053,2,0,0,0,0
2020-02-25,Kings,031,150075,3,0,1,1,0
2020-02-25,Lake,033,64148,0,0,0,0,0
2020-02-25,Lassen,035,31185,0,0,0,0,0
2020-02-25,Los Angeles,037,10098052,72,1,9,10,0
2020-02-25,Madera,039,155013,2,0,0,0,0
2020-02-25,Marin,041,260295,1,0,0,0,0
2020-02-25,Mariposa,043,17540,0,0,0,0,0
2020-02-25,Mendocino,045,87422,0,0,0,0,0
2020-02-25,Merced,047,269075,0,0,0,0,0
2020-02-25,Modoc,049,8938,0,0,0,0,0
2020-02-25,Mono,051,14174,0,0,0,0,0
2020-02-25,Monterey,053,433212,0,0,0,0,0
2020-02-25,Napa,055,140530,0,0,0,0,0
2020-02-25,Nevada,057,99092,0,0,1,1,0
2020-02-25,Orange,059,3164182,46,1,0,1,0
2020-02-25,Placer,061,380077,5,0,0,0,0
2020-02-25,Plumas,063,18699,0,0,0,0,0
2020-02-25,Riverside,065,2383286,10,0,1,1,0
2020-02-25,Sacramento,067,1510023,8,1,0,1,0
2020-02-25,San Benito,069,59416,0,2,0,2,0
2020-02-25,San Bernardino,071,2135413,19,0,0,0,0
2020-02-25,San Diego,073,3302833,7,2,0,2,0
2020-02-25,San Francisco,075,870044,7,0,0,0,0
2020-02-25,San Joaquin,077,732212,5,0,2,2,0
2020-02-25,San Luis Obispo,079,281455,2,0,0,0,0
2020-02-25,San Mateo,081,765935,17,0,0,0,0
2020-02-25,Santa Barbara,083,443738,0,0,0,0,0
2020-02-25,Santa Clara,085,1922200,40,2,1,3,0
2020-02-25,Santa Cruz,087,273765,5,0,0,0,0
2020-02-25,Shasta,089,179085,0,0,0,0,0
2020-02-25,Sierra,091,2930,0,0,0,0,0
2020-02-25,Siskiyou,093,43540,0,0,0,0,0
2020-02-25,Solano,095,438530,16,21,0,21,0
2020-02-25,Sonoma,097,501317,5,0,0,0,0
2020-02-25,Stanislaus,099,539301,2,0,2,2,0
2020-02-25,Sutter,101,95872,0,0,0,0,0
2020-02-25,Tehama,103,63373,0,0,0,0,0
2020-02-25,Trinity,105,12862,0,0,0,0,0
2020-02-25,Tulare,107,460477,3,0,0,0,0
2020-02-25,Tuolumne,109,53932,0,0,0,0,0
2020-02-25,Ventura,111,848112,4,0,0,0,0
2020-02-25,Yolo,113,214977,2,0,0,0,0
2020-02-25,Yuba,115,75493,0,0,0,0,0
2020-02-24,Alameda,001,1643700,13,0,0,0,0
2020-02-24,Alpine,003,1148,0,0,0,0,0
2020-02-24,Amador,005,37829,0,0,0,0,0
2020-02-24,Butte,007,227075,0,0,0,0,0
2020-02-24,Calaveras,009,45235,0,0,0,0,0
2020-02-24,Colusa,011,21464,0,0,0,0,0
2020-02-24,Contra Costa,013,1133247,9,0,0,0,0
2020-02-24,Del Norte,015,27424,0,0,0,0,0
2020-02-24,El Dorado,017,186661,0,0,0,0,0
2020-02-24,Fresno,019,978130,0,0,0,0,0
2020-02-24,Glenn,021,27897,0,0,0,0,0
2020-02-24,Humboldt,023,135768,1,1,0,1,0
2020-02-24,Imperial,025,180216,3,0,0,0,0
2020-02-24,Inyo,027,18085,0,0,0,0,0
2020-02-24,Kern,029,883053,2,0,0,0,0
2020-02-24,Kings,031,150075,3,0,1,1,0
2020-02-24,Lake,033,64148,0,0,0,0,0
2020-02-24,Lassen,035,31185,0,0,0,0,0
2020-02-24,Los Angeles,037,10098052,67,1,9,10,0
2020-02-24,Madera,039,155013,1,0,0,0,0
2020-02-24,Marin,041,260295,1,0,0,0,0
2020-02-24,Mariposa,043,17540,0,0,0,0,0
2020-02-24,Mendocino,045,87422,0,0,0,0,0
2020-02-24,Merced,047,269075,0,0,0,0,0
2020-02-24,Modoc,049,8938,0,0,0,0,0
2020-02-24,Mono,051,14174,0,0,0,0,0
2020-02-24,Monterey,053,433212,0,0,0,0,0
2020-02-24,Napa,055,140530,0,0,0,0,0
2020-02-24,Nevada,057,99092,0,0,1,1,0
2020-02-24,Orange,059,3164182,44,1,0,1,0
2020-02-24,Placer,061,380077,3,0,0,0,0
2020-02-24,Plumas,063,18699,0,0,0,0,0
2020-02-24,Riverside,065,2383286,9,0,1,1,0
2020-02-24,Sacramento,067,1510023,7,1,0,1,0
2020-02-24,San Benito,069,59416,0,2,0,2,0
2020-02-24,San Bernardino,071,2135413,19,0,0,0,0
2020-02-24,San Diego,073,3302833,7,2,0,2,0
2020-02-24,San Francisco,075,870044,6,0,0,0,0
2020-02-24,San Joaquin,077,732212,5,0,1,1,0
2020-02-24,San Luis Obispo,079,281455,2,0,0,0,0
2020-02-24,San Mateo,081,765935,13,0,0,0,0
2020-02-24,Santa Barbara,083,443738,0,0,0,0,0
2020-02-24,Santa Clara,085,1922200,38,2,1,3,0
2020-02-24,Santa Cruz,087,273765,5,0,0,0,0
2020-02-24,Shasta,089,179085,0,0,0,0,0
2020-02-24,Sierra,091,2930,0,0,0,0,0
2020-02-24,Siskiyou,093,43540,0,0,0,0,0
2020-02-24,Solano,095,438530,13,15,0,15,0
2020-02-24,Sonoma,097,501317,5,0,0,0,0
2020-02-24,Stanislaus,099,539301,2,0,2,2,0
2020-02-24,Sutter,101,95872,0,0,0,0,0
2020-02-24,Tehama,103,63373,0,0,0,0,0
2020-02-24,Trinity,105,12862,0,0,0,0,0
2020-02-24,Tulare,107,460477,3,0,0,0,0
2020-02-24,Tuolumne,109,53932,0,0,0,0,0
2020-02-24,Ventura,111,848112,4,0,0,0,0
2020-02-24,Yolo,113,214977,2,0,0,0,0
2020-02-24,Yuba,115,75493,0,0,0,0,0
2020-02-23,Alameda,001,1643700,11,0,0,0,0
2020-02-23,Alpine,003,1148,0,0,0,0,0
2020-02-23,Amador,005,37829,0,0,0,0,0
2020-02-23,Butte,007,227075,0,0,0,0,0
2020-02-23,Calaveras,009,45235,0,0,0,0,0
2020-02-23,Colusa,011,21464,0,0,0,0,0
2020-02-23,Contra Costa,013,1133247,6,0,0,0,0
2020-02-23,Del Norte,015,27424,0,0,0,0,0
2020-02-23,El Dorado,017,186661,0,0,0,0,0
2020-02-23,Fresno,019,978130,0,0,0,0,0
2020-02-23,Glenn,021,27897,0,0,0,0,0
2020-02-23,Humboldt,023,135768,1,1,0,1,0
2020-02-23,Imperial,025,180216,3,0,0,0,0
2020-02-23,Inyo,027,18085,0,0,0,0,0
2020-02-23,Kern,029,883053,2,0,0,0,0
2020-02-23,Kings,031,150075,3,0,1,1,0
2020-02-23,Lake,033,64148,0,0,0,0,0
2020-02-23,Lassen,035,31185,0,0,0,0,0
2020-02-23,Los Angeles,037,10098052,59,1,9,10,0
2020-02-23,Madera,039,155013,1,0,0,0,0
2020-02-23,Marin,041,260295,1,0,0,0,0
2020-02-23,Mariposa,043,17540,0,0,0,0,0
2020-02-23,Mendocino,045,87422,0,0,0,0,0
2020-02-23,Merced,047,269075,0,0,0,0,0
2020-02-23,Modoc,049,8938,0,0,0,0,0
2020-02-23,Mono,051,14174,0,0,0,0,0
2020-02-23,Monterey,053,433212,0,0,0,0,0
2020-02-23,Napa,055,140530,0,0,0,0,0
2020-02-23,Nevada,057,99092,0,0,1,1,0
2020-02-23,Orange,059,3164182,44,1,0,1,0
2020-02-23,Placer,061,380077,3,0,0,0,0
2020-02-23,Plumas,063,18699,0,0,0,0,0
2020-02-23,Riverside,065,2383286,9,0,0,0,0
2020-02-23,Sacramento,067,1510023,6,1,0,1,0
2020-02-23,San Benito,069,59416,0,2,0,2,0
2020-02-23,San Bernardino,071,2135413,18,0,0,0,0
2020-02-23,San Diego,073,3302833,6,2,0,2,0
2020-02-23,San Francisco,075,870044,5,0,0,0,0
2020-02-23,San Joaquin,077,732212,4,0,1,1,0
2020-02-23,San Luis Obispo,079,281455,2,0,0,0,0
2020-02-23,San Mateo,081,765935,10,0,0,0,0
2020-02-23,Santa Barbara,083,443738,0,0,0,0,0
2020-02-23,Santa Clara,085,1922200,26,2,1,3,0
2020-02-23,Santa Cruz,087,273765,2,0,0,0,0
2020-02-23,Shasta,089,179085,0,0,0,0,0
2020-02-23,Sierra,091,2930,0,0,0,0,0
2020-02-23,Siskiyou,093,43540,0,0,0,0,0
2020-02-23,Solano,095,438530,11,15,0,15,0
2020-02-23,Sonoma,097,501317,5,0,0,0,0
2020-02-23,Stanislaus,099,539301,2,0,2,2,0
2020-02-23,Sutter,101,95872,0,0,0,0,0
2020-02-23,Tehama,103,63373,0,0,0,0,0
2020-02-23,Trinity,105,12862,0,0,0,0,0
2020-02-23,Tulare,107,460477,2,0,0,0,0
2020-02-23,Tuolumne,109,53932,0,0,0,0,0
2020-02-23,Ventura,111,848112,4,0,0,0,0
2020-02-23,Yolo,113,214977,2,0,0,0,0
2020-02-23,Yuba,115,75493,0,0,0,0,0
2020-02-22,Alameda,001,1643700,10,0,0,0,0
2020-02-22,Alpine,003,1148,0,0,0,0,0
2020-02-22,Amador,005,37829,0,0,0,0,0
2020-02-22,Butte,007,227075,0,0,0,0,0
2020-02-22,Calaveras,009,45235,0,0,0,0,0
2020-02-22,Colusa,011,21464,0,0,0,0,0
2020-02-22,Contra Costa,013,1133247,5,0,0,0,0
2020-02-22,Del Norte,015,27424,0,0,0,0,0
2020-02-22,El Dorado,017,186661,0,0,0,0,0
2020-02-22,Fresno,019,978130,0,0,0,0,0
2020-02-22,Glenn,021,27897,0,0,0,0,0
2020-02-22,Humboldt,023,135768,1,1,0,1,0
2020-02-22,Imperial,025,180216,2,0,0,0,0
2020-02-22,Inyo,027,18085,0,0,0,0,0
2020-02-22,Kern,029,883053,2,0,0,0,0
2020-02-22,Kings,031,150075,3,0,1,1,0
2020-02-22,Lake,033,64148,0,0,0,0,0
2020-02-22,Lassen,035,31185,0,0,0,0,0
2020-02-22,Los Angeles,037,10098052,57,1,9,10,0
2020-02-22,Madera,039,155013,0,0,0,0,0
2020-02-22,Marin,041,260295,1,0,0,0,0
2020-02-22,Mariposa,043,17540,0,0,0,0,0
2020-02-22,Mendocino,045,87422,0,0,0,0,0
2020-02-22,Merced,047,269075,0,0,0,0,0
2020-02-22,Modoc,049,8938,0,0,0,0,0
2020-02-22,Mono,051,14174,0,0,0,0,0
2020-02-22,Monterey,053,433212,0,0,0,0,0
2020-02-22,Napa,055,140530,0,0,0,0,0
2020-02-22,Nevada,057,99092,0,0,1,1,0
2020-02-22,Orange,059,3164182,43,1,0,1,0
2020-02-22,Placer,061,380077,3,0,0,0,0
2020-02-22,Plumas,063,18699,0,0,0,0,0
2020-02-22,Riverside,065,2383286,9,0,0,0,0
2020-02-22,Sacramento,067,1510023,6,1,0,1,0
2020-02-22,San Benito,069,59416,0,2,0,2,0
2020-02-22,San Bernardino,071,2135413,16,0,0,0,0
2020-02-22,San Diego,073,3302833,5,2,0,2,0
2020-02-22,San Francisco,075,870044,3,0,0,0,0
2020-02-22,San Joaquin,077,732212,4,0,1,1,0
2020-02-22,San Luis Obispo,079,281455,2,0,0,0,0
2020-02-22,San Mateo,081,765935,8,0,0,0,0
2020-02-22,Santa Barbara,083,443738,0,0,0,0,0
2020-02-22,Santa Clara,085,1922200,23,2,1,3,0
2020-02-22,Santa Cruz,087,273765,2,0,0,0,0
2020-02-22,Shasta,089,179085,0,0,0,0,0
2020-02-22,Sierra,091,2930,0,0,0,0,0
2020-02-22,Siskiyou,093,43540,0,0,0,0,0
2020-02-22,Solano,095,438530,11,11,0,11,0
2020-02-22,Sonoma,097,501317,4,0,0,0,0
2020-02-22,Stanislaus,099,539301,2,0,2,2,0
2020-02-22,Sutter,101,95872,0,0,0,0,0
2020-02-22,Tehama,103,63373,0,0,0,0,0
2020-02-22,Trinity,105,12862,0,0,0,0,0
2020-02-22,Tulare,107,460477,2,0,0,0,0
2020-02-22,Tuolumne,109,53932,0,0,0,0,0
2020-02-22,Ventura,111,848112,4,0,0,0,0
2020-02-22,Yolo,113,214977,1,0,0,0,0
2020-02-22,Yuba,115,75493,0,0,0,0,0
2020-02-21,Alameda,001,1643700,9,0,0,0,0
2020-02-21,Alpine,003,1148,0,0,0,0,0
2020-02-21,Amador,005,37829,0,0,0,0,0
2020-02-21,Butte,007,227075,0,0,0,0,0
2020-02-21,Calaveras,009,45235,0,0,0,0,0
2020-02-21,Colusa,011,21464,0,0,0,0,0
2020-02-21,Contra Costa,013,1133247,4,0,0,0,0
2020-02-21,Del Norte,015,27424,0,0,0,0,0
2020-02-21,El Dorado,017,186661,0,0,0,0,0
2020-02-21,Fresno,019,978130,0,0,0,0,0
2020-02-21,Glenn,021,27897,0,0,0,0,0
2020-02-21,Humboldt,023,135768,1,1,0,1,0
2020-02-21,Imperial,025,180216,2,0,0,0,0
2020-02-21,Inyo,027,18085,0,0,0,0,0
2020-02-21,Kern,029,883053,2,0,0,0,0
2020-02-21,Kings,031,150075,3,0,1,1,0
2020-02-21,Lake,033,64148,0,0,0,0,0
2020-02-21,Lassen,035,31185,0,0,0,0,0
2020-02-21,Los Angeles,037,10098052,53,1,9,10,0
2020-02-21,Madera,039,155013,0,0,0,0,0
2020-02-21,Marin,041,260295,1,0,0,0,0
2020-02-21,Mariposa,043,17540,0,0,0,0,0
2020-02-21,Mendocino,045,87422,0,0,0,0,0
2020-02-21,Merced,047,269075,0,0,0,0,0
2020-02-21,Modoc,049,8938,0,0,0,0,0
2020-02-21,Mono,051,14174,0,0,0,0,0
2020-02-21,Monterey,053,433212,0,0,0,0,0
2020-02-21,Napa,055,140530,0,0,0,0,0
2020-02-21,Nevada,057,99092,0,0,1,1,0
2020-02-21,Orange,059,3164182,41,1,0,1,0
2020-02-21,Placer,061,380077,2,0,0,0,0
2020-02-21,Plumas,063,18699,0,0,0,0,0
2020-02-21,Riverside,065,2383286,9,0,0,0,0
2020-02-21,Sacramento,067,1510023,5,1,0,1,0
2020-02-21,San Benito,069,59416,0,2,0,2,0
2020-02-21,San Bernardino,071,2135413,15,0,0,0,0
2020-02-21,San Diego,073,3302833,5,2,0,2,0
2020-02-21,San Francisco,075,870044,3,0,0,0,0
2020-02-21,San Joaquin,077,732212,2,0,1,1,0
2020-02-21,San Luis Obispo,079,281455,2,0,0,0,0
2020-02-21,San Mateo,081,765935,8,0,0,0,0
2020-02-21,Santa Barbara,083,443738,0,0,0,0,0
2020-02-21,Santa Clara,085,1922200,21,2,1,3,0
2020-02-21,Santa Cruz,087,273765,2,0,0,0,0
2020-02-21,Shasta,089,179085,0,0,0,0,0
2020-02-21,Sierra,091,2930,0,0,0,0,0
2020-02-21,Siskiyou,093,43540,0,0,0,0,0
2020-02-21,Solano,095,438530,10,11,0,11,0
2020-02-21,Sonoma,097,501317,3,0,0,0,0
2020-02-21,Stanislaus,099,539301,2,0,2,2,0
2020-02-21,Sutter,101,95872,0,0,0,0,0
2020-02-21,Tehama,103,63373,0,0,0,0,0
2020-02-21,Trinity,105,12862,0,0,0,0,0
2020-02-21,Tulare,107,460477,2,0,0,0,0
2020-02-21,Tuolumne,109,53932,0,0,0,0,0
2020-02-21,Ventura,111,848112,4,0,0,0,0
2020-02-21,Yolo,113,214977,1,0,0,0,0
2020-02-21,Yuba,115,75493,0,0,0,0,0
2020-02-20,Alameda,001,1643700,7,0,0,0,0
2020-02-20,Alpine,003,1148,0,0,0,0,0
2020-02-20,Amador,005,37829,0,0,0,0,0
2020-02-20,Butte,007,227075,0,0,0,0,0
2020-02-20,Calaveras,009,45235,0,0,0,0,0
2020-02-20,Colusa,011,21464,0,0,0,0,0
2020-02-20,Contra Costa,013,1133247,3,0,0,0,0
2020-02-20,Del Norte,015,27424,0,0,0,0,0
2020-02-20,El Dorado,017,186661,0,0,0,0,0
2020-02-20,Fresno,019,978130,0,0,0,0,0
2020-02-20,Glenn,021,27897,0,0,0,0,0
2020-02-20,Humboldt,023,135768,1,1,0,1,0
2020-02-20,Imperial,025,180216,2,0,0,0,0
2020-02-20,Inyo,027,18085,0,0,0,0,0
2020-02-20,Kern,029,883053,2,0,0,0,0
2020-02-20,Kings,031,150075,3,0,1,1,0
2020-02-20,Lake,033,64148,0,0,0,0,0
2020-02-20,Lassen,035,31185,0,0,0,0,0
2020-02-20,Los Angeles,037,10098052,52,1,8,9,0
2020-02-20,Madera,039,155013,0,0,0,0,0
2020-02-20,Marin,041,260295,0,0,0,0,0
2020-02-20,Mariposa,043,17540,0,0,0,0,0
2020-02-20,Mendocino,045,87422,0,0,0,0,0
2020-02-20,Merced,047,269075,0,0,0,0,0
2020-02-20,Modoc,049,8938,0,0,0,0,0
2020-02-20,Mono,051,14174,0,0,0,0,0
2020-02-20,Monterey,053,433212,0,0,0,0,0
2020-02-20,Napa,055,140530,0,0,0,0,0
2020-02-20,Nevada,057,99092,0,0,1,1,0
2020-02-20,Orange,059,3164182,41,1,0,1,0
2020-02-20,Placer,061,380077,2,0,0,0,0
2020-02-20,Plumas,063,18699,0,0,0,0,0
2020-02-20,Riverside,065,2383286,7,0,0,0,0
2020-02-20,Sacramento,067,1510023,2,1,0,1,0
2020-02-20,San Benito,069,59416,0,2,0,2,0
2020-02-20,San Bernardino,071,2135413,14,0,0,0,0
2020-02-20,San Diego,073,3302833,5,2,0,2,0
2020-02-20,San Francisco,075,870044,3,0,0,0,0
2020-02-20,San Joaquin,077,732212,2,0,1,1,0
2020-02-20,San Luis Obispo,079,281455,2,0,0,0,0
2020-02-20,San Mateo,081,765935,7,0,0,0,0
2020-02-20,Santa Barbara,083,443738,0,0,0,0,0
2020-02-20,Santa Clara,085,1922200,17,2,1,3,0
2020-02-20,Santa Cruz,087,273765,2,0,0,0,0
2020-02-20,Shasta,089,179085,0,0,0,0,0
2020-02-20,Sierra,091,2930,0,0,0,0,0
2020-02-20,Siskiyou,093,43540,0,0,0,0,0
2020-02-20,Solano,095,438530,8,7,0,7,0
2020-02-20,Sonoma,097,501317,2,0,0,0,0
2020-02-20,Stanislaus,099,539301,2,0,2,2,0
2020-02-20,Sutter,101,95872,0,0,0,0,0
2020-02-20,Tehama,103,63373,0,0,0,0,0
2020-02-20,Trinity,105,12862,0,0,0,0,0
2020-02-20,Tulare,107,460477,2,0,0,0,0
2020-02-20,Tuolumne,109,53932,0,0,0,0,0
2020-02-20,Ventura,111,848112,4,0,0,0,0
2020-02-20,Yolo,113,214977,1,0,0,0,0
2020-02-20,Yuba,115,75493,0,0,0,0,0
2020-02-19,Alameda,001,1643700,6,0,0,0,0
2020-02-19,Alpine,003,1148,0,0,0,0,0
2020-02-19,Amador,005,37829,0,0,0,0,0
2020-02-19,Butte,007,227075,0,0,0,0,0
2020-02-19,Calaveras,009,45235,0,0,0,0,0
2020-02-19,Colusa,011,21464,0,0,0,0,0
2020-02-19,Contra Costa,013,1133247,3,0,0,0,0
2020-02-19,Del Norte,015,27424,0,0,0,0,0
2020-02-19,El Dorado,017,186661,0,0,0,0,0
2020-02-19,Fresno,019,978130,0,0,0,0,0
2020-02-19,Glenn,021,27897,0,0,0,0,0
2020-02-19,Humboldt,023,135768,1,0,0,0,0
2020-02-19,Imperial,025,180216,2,0,0,0,0
2020-02-19,Inyo,027,18085,0,0,0,0,0
2020-02-19,Kern,029,883053,2,0,0,0,0
2020-02-19,Kings,031,150075,3,0,1,1,0
2020-02-19,Lake,033,64148,0,0,0,0,0
2020-02-19,Lassen,035,31185,0,0,0,0,0
2020-02-19,Los Angeles,037,10098052,49,1,8,9,0
2020-02-19,Madera,039,155013,0,0,0,0,0
2020-02-19,Marin,041,260295,0,0,0,0,0
2020-02-19,Mariposa,043,17540,0,0,0,0,0
2020-02-19,Mendocino,045,87422,0,0,0,0,0
2020-02-19,Merced,047,269075,0,0,0,0,0
2020-02-19,Modoc,049,8938,0,0,0,0,0
2020-02-19,Mono,051,14174,0,0,0,0,0
2020-02-19,Monterey,053,433212,0,0,0,0,0
2020-02-19,Napa,055,140530,0,0,0,0,0
2020-02-19,Nevada,057,99092,0,0,1,1,0
2020-02-19,Orange,059,3164182,40,1,0,1,0
2020-02-19,Placer,061,380077,2,0,0,0,0
2020-02-19,Plumas,063,18699,0,0,0,0,0
2020-02-19,Riverside,065,2383286,5,0,0,0,0
2020-02-19,Sacramento,067,1510023,2,0,0,0,0
2020-02-19,San Benito,069,59416,0,2,0,2,0
2020-02-19,San Bernardino,071,2135413,13,0,0,0,0
2020-02-19,San Diego,073,3302833,4,2,0,2,0
2020-02-19,San Francisco,075,870044,2,0,0,0,0
2020-02-19,San Joaquin,077,732212,2,0,1,1,0
2020-02-19,San Luis Obispo,079,281455,2,0,0,0,0
2020-02-19,San Mateo,081,765935,6,0,0,0,0
2020-02-19,Santa Barbara,083,443738,0,0,0,0,0
2020-02-19,Santa Clara,085,1922200,15,2,1,3,0
2020-02-19,Santa Cruz,087,273765,0,0,0,0,0
2020-02-19,Shasta,089,179085,0,0,0,0,0
2020-02-19,Sierra,091,2930,0,0,0,0,0
2020-02-19,Siskiyou,093,43540,0,0,0,0,0
2020-02-19,Solano,095,438530,5,7,0,7,0
2020-02-19,Sonoma,097,501317,2,0,0,0,0
2020-02-19,Stanislaus,099,539301,1,0,2,2,0
2020-02-19,Sutter,101,95872,0,0,0,0,0
2020-02-19,Tehama,103,63373,0,0,0,0,0
2020-02-19,Trinity,105,12862,0,0,0,0,0
2020-02-19,Tulare,107,460477,2,0,0,0,0
2020-02-19,Tuolumne,109,53932,0,0,0,0,0
2020-02-19,Ventura,111,848112,2,0,0,0,0
2020-02-19,Yolo,113,214977,1,0,0,0,0
2020-02-19,Yuba,115,75493,0,0,0,0,0
2020-02-18,Alameda,001,1643700,6,0,0,0,0
2020-02-18,Alpine,003,1148,0,0,0,0,0
2020-02-18,Amador,005,37829,0,0,0,0,0
2020-02-18,Butte,007,227075,0,0,0,0,0
2020-02-18,Calaveras,009,45235,0,0,0,0,0
2020-02-18,Colusa,011,21464,0,0,0,0,0
2020-02-18,Contra Costa,013,1133247,3,0,0,0,0
2020-02-18,Del Norte,015,27424,0,0,0,0,0
2020-02-18,El Dorado,017,186661,0,0,0,0,0
2020-02-18,Fresno,019,978130,0,0,0,0,0
2020-02-18,Glenn,021,27897,0,0,0,0,0
2020-02-18,Humboldt,023,135768,1,0,0,0,0
2020-02-18,Imperial,025,180216,1,0,0,0,0
2020-02-18,Inyo,027,18085,0,0,0,0,0
2020-02-18,Kern,029,883053,2,0,0,0,0
2020-02-18,Kings,031,150075,3,0,1,1,0
2020-02-18,Lake,033,64148,0,0,0,0,0
2020-02-18,Lassen,035,31185,0,0,0,0,0
2020-02-18,Los Angeles,037,10098052,46,1,7,8,0
2020-02-18,Madera,039,155013,0,0,0,0,0
2020-02-18,Marin,041,260295,0,0,0,0,0
2020-02-18,Mariposa,043,17540,0,0,0,0,0
2020-02-18,Mendocino,045,87422,0,0,0,0,0
2020-02-18,Merced,047,269075,0,0,0,0,0
2020-02-18,Modoc,049,8938,0,0,0,0,0
2020-02-18,Mono,051,14174,0,0,0,0,0
2020-02-18,Monterey,053,433212,0,0,0,0,0
2020-02-18,Napa,055,140530,0,0,0,0,0
2020-02-18,Nevada,057,99092,0,0,1,1,0
2020-02-18,Orange,059,3164182,39,1,0,1,0
2020-02-18,Placer,061,380077,0,0,0,0,0
2020-02-18,Plumas,063,18699,0,0,0,0,0
2020-02-18,Riverside,065,2383286,5,0,0,0,0
2020-02-18,Sacramento,067,1510023,2,0,0,0,0
2020-02-18,San Benito,069,59416,0,2,0,2,0
2020-02-18,San Bernardino,071,2135413,13,0,0,0,0
2020-02-18,San Diego,073,3302833,4,2,0,2,0
2020-02-18,San Francisco,075,870044,2,0,0,0,0
2020-02-18,San Joaquin,077,732212,1,0,1,1,0
2020-02-18,San Luis Obispo,079,281455,2,0,0,0,0
2020-02-18,San Mateo,081,765935,5,0,0,0,0
2020-02-18,Santa Barbara,083,443738,0,0,0,0,0
2020-02-18,Santa Clara,085,1922200,14,2,1,3,0
2020-02-18,Santa Cruz,087,273765,0,0,0,0,0
2020-02-18,Shasta,089,179085,0,0,0,0,0
2020-02-18,Sierra,091,2930,0,0,0,0,0
2020-02-18,Siskiyou,093,43540,0,0,0,0,0
2020-02-18,Solano,095,438530,5,7,0,7,0
2020-02-18,Sonoma,097,501317,1,0,0,0,0
2020-02-18,Stanislaus,099,539301,1,0,2,2,0
2020-02-18,Sutter,101,95872,0,0,0,0,0
2020-02-18,Tehama,103,63373,0,0,0,0,0
2020-02-18,Trinity,105,12862,0,0,0,0,0
2020-02-18,Tulare,107,460477,2,0,0,0,0
2020-02-18,Tuolumne,109,53932,0,0,0,0,0
2020-02-18,Ventura,111,848112,2,0,0,0,0
2020-02-18,Yolo,113,214977,1,0,0,0,0
2020-02-18,Yuba,115,75493,0,0,0,0,0
2020-02-17,Alameda,001,1643700,6,0,0,0,0
2020-02-17,Alpine,003,1148,0,0,0,0,0
2020-02-17,Amador,005,37829,0,0,0,0,0
2020-02-17,Butte,007,227075,0,0,0,0,0
2020-02-17,Calaveras,009,45235,0,0,0,0,0
2020-02-17,Colusa,011,21464,0,0,0,0,0
2020-02-17,Contra Costa,013,1133247,3,0,0,0,0
2020-02-17,Del Norte,015,27424,0,0,0,0,0
2020-02-17,El Dorado,017,186661,0,0,0,0,0
2020-02-17,Fresno,019,978130,0,0,0,0,0
2020-02-17,Glenn,021,27897,0,0,0,0,0
2020-02-17,Humboldt,023,135768,1,0,0,0,0
2020-02-17,Imperial,025,180216,1,0,0,0,0
2020-02-17,Inyo,027,18085,0,0,0,0,0
2020-02-17,Kern,029,883053,2,0,0,0,0
2020-02-17,Kings,031,150075,3,0,0,0,0
2020-02-17,Lake,033,64148,0,0,0,0,0
2020-02-17,Lassen,035,31185,0,0,0,0,0
2020-02-17,Los Angeles,037,10098052,43,1,6,7,0
2020-02-17,Madera,039,155013,0,0,0,0,0
2020-02-17,Marin,041,260295,0,0,0,0,0
2020-02-17,Mariposa,043,17540,0,0,0,0,0
2020-02-17,Mendocino,045,87422,0,0,0,0,0
2020-02-17,Merced,047,269075,0,0,0,0,0
2020-02-17,Modoc,049,8938,0,0,0,0,0
2020-02-17,Mono,051,14174,0,0,0,0,0
2020-02-17,Monterey,053,433212,0,0,0,0,0
2020-02-17,Napa,055,140530,0,0,0,0,0
2020-02-17,Nevada,057,99092,0,0,1,1,0
2020-02-17,Orange,059,3164182,39,1,0,1,0
2020-02-17,Placer,061,380077,0,0,0,0,0
2020-02-17,Plumas,063,18699,0,0,0,0,0
2020-02-17,Riverside,065,2383286,5,0,0,0,0
2020-02-17,Sacramento,067,1510023,2,0,0,0,0
2020-02-17,San Benito,069,59416,0,2,0,2,0
2020-02-17,San Bernardino,071,2135413,11,0,0,0,0
2020-02-17,San Diego,073,3302833,4,2,0,2,0
2020-02-17,San Francisco,075,870044,2,0,0,0,0
2020-02-17,San Joaquin,077,732212,1,0,1,1,0
2020-02-17,San Luis Obispo,079,281455,1,0,0,0,0
2020-02-17,San Mateo,081,765935,5,0,0,0,0
2020-02-17,Santa Barbara,083,443738,0,0,0,0,0
2020-02-17,Santa Clara,085,1922200,12,2,1,3,0
2020-02-17,Santa Cruz,087,273765,0,0,0,0,0
2020-02-17,Shasta,089,179085,0,0,0,0,0
2020-02-17,Sierra,091,2930,0,0,0,0,0
2020-02-17,Siskiyou,093,43540,0,0,0,0,0
2020-02-17,Solano,095,438530,3,5,0,5,0
2020-02-17,Sonoma,097,501317,1,0,0,0,0
2020-02-17,Stanislaus,099,539301,1,0,2,2,0
2020-02-17,Sutter,101,95872,0,0,0,0,0
2020-02-17,Tehama,103,63373,0,0,0,0,0
2020-02-17,Trinity,105,12862,0,0,0,0,0
2020-02-17,Tulare,107,460477,2,0,0,0,0
2020-02-17,Tuolumne,109,53932,0,0,0,0,0
2020-02-17,Ventura,111,848112,2,0,0,0,0
2020-02-17,Yolo,113,214977,1,0,0,0,0
2020-02-17,Yuba,115,75493,0,0,0,0,0
2020-02-16,Alameda,001,1643700,5,0,0,0,0
2020-02-16,Alpine,003,1148,0,0,0,0,0
2020-02-16,Amador,005,37829,0,0,0,0,0
2020-02-16,Butte,007,227075,0,0,0,0,0
2020-02-16,Calaveras,009,45235,0,0,0,0,0
2020-02-16,Colusa,011,21464,0,0,0,0,0
2020-02-16,Contra Costa,013,1133247,3,0,0,0,0
2020-02-16,Del Norte,015,27424,0,0,0,0,0
2020-02-16,El Dorado,017,186661,0,0,0,0,0
2020-02-16,Fresno,019,978130,0,0,0,0,0
2020-02-16,Glenn,021,27897,0,0,0,0,0
2020-02-16,Humboldt,023,135768,1,0,0,0,0
2020-02-16,Imperial,025,180216,1,0,0,0,0
2020-02-16,Inyo,027,18085,0,0,0,0,0
2020-02-16,Kern,029,883053,2,0,0,0,0
2020-02-16,Kings,031,150075,3,0,0,0,0
2020-02-16,Lake,033,64148,0,0,0,0,0
2020-02-16,Lassen,035,31185,0,0,0,0,0
2020-02-16,Los Angeles,037,10098052,37,1,6,7,0
2020-02-16,Madera,039,155013,0,0,0,0,0
2020-02-16,Marin,041,260295,0,0,0,0,0
2020-02-16,Mariposa,043,17540,0,0,0,0,0
2020-02-16,Mendocino,045,87422,0,0,0,0,0
2020-02-16,Merced,047,269075,0,0,0,0,0
2020-02-16,Modoc,049,8938,0,0,0,0,0
2020-02-16,Mono,051,14174,0,0,0,0,0
2020-02-16,Monterey,053,433212,0,0,0,0,0
2020-02-16,Napa,055,140530,0,0,0,0,0
2020-02-16,Nevada,057,99092,0,0,0,0,0
2020-02-16,Orange,059,3164182,38,1,0,1,0
2020-02-16,Placer,061,380077,0,0,0,0,0
2020-02-16,Plumas,063,18699,0,0,0,0,0
2020-02-16,Riverside,065,2383286,5,0,0,0,0
2020-02-16,Sacramento,067,1510023,2,0,0,0,0
2020-02-16,San Benito,069,59416,0,2,0,2,0
2020-02-16,San Bernardino,071,2135413,10,0,0,0,0
2020-02-16,San Diego,073,3302833,4,2,0,2,0
2020-02-16,San Francisco,075,870044,2,0,0,0,0
2020-02-16,San Joaquin,077,732212,1,0,1,1,0
2020-02-16,San Luis Obispo,079,281455,1,0,0,0,0
2020-02-16,San Mateo,081,765935,4,0,0,0,0
2020-02-16,Santa Barbara,083,443738,0,0,0,0,0
2020-02-16,Santa Clara,085,1922200,10,2,1,3,0
2020-02-16,Santa Cruz,087,273765,0,0,0,0,0
2020-02-16,Shasta,089,179085,0,0,0,0,0
2020-02-16,Sierra,091,2930,0,0,0,0,0
2020-02-16,Siskiyou,093,43540,0,0,0,0,0
2020-02-16,Solano,095,438530,1,0,0,0,0
2020-02-16,Sonoma,097,501317,1,0,0,0,0
2020-02-16,Stanislaus,099,539301,1,0,2,2,0
2020-02-16,Sutter,101,95872,0,0,0,0,0
2020-02-16,Tehama,103,63373,0,0,0,0,0
2020-02-16,Trinity,105,12862,0,0,0,0,0
2020-02-16,Tulare,107,460477,2,0,0,0,0
2020-02-16,Tuolumne,109,53932,0,0,0,0,0
2020-02-16,Ventura,111,848112,2,0,0,0,0
2020-02-16,Yolo,113,214977,1,0,0,0,0
2020-02-16,Yuba,115,75493,0,0,0,0,0
2020-02-15,Alameda,001,1643700,5,0,0,0,0
2020-02-15,Alpine,003,1148,0,0,0,0,0
2020-02-15,Amador,005,37829,0,0,0,0,0
2020-02-15,Butte,007,227075,0,0,0,0,0
2020-02-15,Calaveras,009,45235,0,0,0,0,0
2020-02-15,Colusa,011,21464,0,0,0,0,0
2020-02-15,Contra Costa,013,1133247,3,0,0,0,0
2020-02-15,Del Norte,015,27424,0,0,0,0,0
2020-02-15,El Dorado,017,186661,0,0,0,0,0
2020-02-15,Fresno,019,978130,0,0,0,0,0
2020-02-15,Glenn,021,27897,0,0,0,0,0
2020-02-15,Humboldt,023,135768,1,0,0,0,0
2020-02-15,Imperial,025,180216,1,0,0,0,0
2020-02-15,Inyo,027,18085,0,0,0,0,0
2020-02-15,Kern,029,883053,2,0,0,0,0
2020-02-15,Kings,031,150075,3,0,0,0,0
2020-02-15,Lake,033,64148,0,0,0,0,0
2020-02-15,Lassen,035,31185,0,0,0,0,0
2020-02-15,Los Angeles,037,10098052,34,1,6,7,0
2020-02-15,Madera,039,155013,0,0,0,0,0
2020-02-15,Marin,041,260295,0,0,0,0,0
2020-02-15,Mariposa,043,17540,0,0,0,0,0
2020-02-15,Mendocino,045,87422,0,0,0,0,0
2020-02-15,Merced,047,269075,0,0,0,0,0
2020-02-15,Modoc,049,8938,0,0,0,0,0
2020-02-15,Mono,051,14174,0,0,0,0,0
2020-02-15,Monterey,053,433212,0,0,0,0,0
2020-02-15,Napa,055,140530,0,0,0,0,0
2020-02-15,Nevada,057,99092,0,0,0,0,0
2020-02-15,Orange,059,3164182,37,1,0,1,0
2020-02-15,Placer,061,380077,0,0,0,0,0
2020-02-15,Plumas,063,18699,0,0,0,0,0
2020-02-15,Riverside,065,2383286,4,0,0,0,0
2020-02-15,Sacramento,067,1510023,2,0,0,0,0
2020-02-15,San Benito,069,59416,0,2,0,2,0
2020-02-15,San Bernardino,071,2135413,9,0,0,0,0
2020-02-15,San Diego,073,3302833,4,2,0,2,0
2020-02-15,San Francisco,075,870044,2,0,0,0,0
2020-02-15,San Joaquin,077,732212,1,0,1,1,0
2020-02-15,San Luis Obispo,079,281455,1,0,0,0,0
2020-02-15,San Mateo,081,765935,4,0,0,0,0
2020-02-15,Santa Barbara,083,443738,0,0,0,0,0
2020-02-15,Santa Clara,085,1922200,10,2,1,3,0
2020-02-15,Santa Cruz,087,273765,0,0,0,0,0
2020-02-15,Shasta,089,179085,0,0,0,0,0
2020-02-15,Sierra,091,2930,0,0,0,0,0
2020-02-15,Siskiyou,093,43540,0,0,0,0,0
2020-02-15,Solano,095,438530,1,0,0,0,0
2020-02-15,Sonoma,097,501317,0,0,0,0,0
2020-02-15,Stanislaus,099,539301,1,0,2,2,0
2020-02-15,Sutter,101,95872,0,0,0,0,0
2020-02-15,Tehama,103,63373,0,0,0,0,0
2020-02-15,Trinity,105,12862,0,0,0,0,0
2020-02-15,Tulare,107,460477,2,0,0,0,0
2020-02-15,Tuolumne,109,53932,0,0,0,0,0
2020-02-15,Ventura,111,848112,2,0,0,0,0
2020-02-15,Yolo,113,214977,1,0,0,0,0
2020-02-15,Yuba,115,75493,0,0,0,0,0
2020-02-14,Alameda,001,1643700,4,0,0,0,0
2020-02-14,Alpine,003,1148,0,0,0,0,0
2020-02-14,Amador,005,37829,0,0,0,0,0
2020-02-14,Butte,007,227075,0,0,0,0,0
2020-02-14,Calaveras,009,45235,0,0,0,0,0
2020-02-14,Colusa,011,21464,0,0,0,0,0
2020-02-14,Contra Costa,013,1133247,3,0,0,0,0
2020-02-14,Del Norte,015,27424,0,0,0,0,0
2020-02-14,El Dorado,017,186661,0,0,0,0,0
2020-02-14,Fresno,019,978130,0,0,0,0,0
2020-02-14,Glenn,021,27897,0,0,0,0,0
2020-02-14,Humboldt,023,135768,1,0,0,0,0
2020-02-14,Imperial,025,180216,1,0,0,0,0
2020-02-14,Inyo,027,18085,0,0,0,0,0
2020-02-14,Kern,029,883053,2,0,0,0,0
2020-02-14,Kings,031,150075,1,0,0,0,0
2020-02-14,Lake,033,64148,0,0,0,0,0
2020-02-14,Lassen,035,31185,0,0,0,0,0
2020-02-14,Los Angeles,037,10098052,29,1,6,7,0
2020-02-14,Madera,039,155013,0,0,0,0,0
2020-02-14,Marin,041,260295,0,0,0,0,0
2020-02-14,Mariposa,043,17540,0,0,0,0,0
2020-02-14,Mendocino,045,87422,0,0,0,0,0
2020-02-14,Merced,047,269075,0,0,0,0,0
2020-02-14,Modoc,049,8938,0,0,0,0,0
2020-02-14,Mono,051,14174,0,0,0,0,0
2020-02-14,Monterey,053,433212,0,0,0,0,0
2020-02-14,Napa,055,140530,0,0,0,0,0
2020-02-14,Nevada,057,99092,0,0,0,0,0
2020-02-14,Orange,059,3164182,37,1,0,1,0
2020-02-14,Placer,061,380077,0,0,0,0,0
2020-02-14,Plumas,063,18699,0,0,0,0,0
2020-02-14,Riverside,065,2383286,4,0,0,0,0
2020-02-14,Sacramento,067,1510023,1,0,0,0,0
2020-02-14,San Benito,069,59416,0,2,0,2,0
2020-02-14,San Bernardino,071,2135413,9,0,0,0,0
2020-02-14,San Diego,073,3302833,3,2,0,2,0
2020-02-14,San Francisco,075,870044,2,0,0,0,0
2020-02-14,San Joaquin,077,732212,1,0,1,1,0
2020-02-14,San Luis Obispo,079,281455,0,0,0,0,0
2020-02-14,San Mateo,081,765935,3,0,0,0,0
2020-02-14,Santa Barbara,083,443738,0,0,0,0,0
2020-02-14,Santa Clara,085,1922200,8,2,1,3,0
2020-02-14,Santa Cruz,087,273765,0,0,0,0,0
2020-02-14,Shasta,089,179085,0,0,0,0,0
2020-02-14,Sierra,091,2930,0,0,0,0,0
2020-02-14,Siskiyou,093,43540,0,0,0,0,0
2020-02-14,Solano,095,438530,1,0,0,0,0
2020-02-14,Sonoma,097,501317,0,0,0,0,0
2020-02-14,Stanislaus,099,539301,1,0,2,2,0
2020-02-14,Sutter,101,95872,0,0,0,0,0
2020-02-14,Tehama,103,63373,0,0,0,0,0
2020-02-14,Trinity,105,12862,0,0,0,0,0
2020-02-14,Tulare,107,460477,2,0,0,0,0
2020-02-14,Tuolumne,109,53932,0,0,0,0,0
2020-02-14,Ventura,111,848112,2,0,0,0,0
2020-02-14,Yolo,113,214977,1,0,0,0,0
2020-02-14,Yuba,115,75493,0,0,0,0,0
2020-02-13,Alameda,001,1643700,4,0,0,0,0
2020-02-13,Alpine,003,1148,0,0,0,0,0
2020-02-13,Amador,005,37829,0,0,0,0,0
2020-02-13,Butte,007,227075,0,0,0,0,0
2020-02-13,Calaveras,009,45235,0,0,0,0,0
2020-02-13,Colusa,011,21464,0,0,0,0,0
2020-02-13,Contra Costa,013,1133247,3,0,0,0,0
2020-02-13,Del Norte,015,27424,0,0,0,0,0
2020-02-13,El Dorado,017,186661,0,0,0,0,0
2020-02-13,Fresno,019,978130,0,0,0,0,0
2020-02-13,Glenn,021,27897,0,0,0,0,0
2020-02-13,Humboldt,023,135768,1,0,0,0,0
2020-02-13,Imperial,025,180216,1,0,0,0,0
2020-02-13,Inyo,027,18085,0,0,0,0,0
2020-02-13,Kern,029,883053,2,0,0,0,0
2020-02-13,Kings,031,150075,1,0,0,0,0
2020-02-13,Lake,033,64148,0,0,0,0,0
2020-02-13,Lassen,035,31185,0,0,0,0,0
2020-02-13,Los Angeles,037,10098052,25,1,5,6,0
2020-02-13,Madera,039,155013,0,0,0,0,0
2020-02-13,Marin,041,260295,0,0,0,0,0
2020-02-13,Mariposa,043,17540,0,0,0,0,0
2020-02-13,Mendocino,045,87422,0,0,0,0,0
2020-02-13,Merced,047,269075,0,0,0,0,0
2020-02-13,Modoc,049,8938,0,0,0,0,0
2020-02-13,Mono,051,14174,0,0,0,0,0
2020-02-13,Monterey,053,433212,0,0,0,0,0
2020-02-13,Napa,055,140530,0,0,0,0,0
2020-02-13,Nevada,057,99092,0,0,0,0,0
2020-02-13,Orange,059,3164182,36,1,0,1,0
2020-02-13,Placer,061,380077,0,0,0,0,0
2020-02-13,Plumas,063,18699,0,0,0,0,0
2020-02-13,Riverside,065,2383286,4,0,0,0,0
2020-02-13,Sacramento,067,1510023,1,0,0,0,0
2020-02-13,San Benito,069,59416,0,2,0,2,0
2020-02-13,San Bernardino,071,2135413,8,0,0,0,0
2020-02-13,San Diego,073,3302833,2,2,0,2,0
2020-02-13,San Francisco,075,870044,2,0,0,0,0
2020-02-13,San Joaquin,077,732212,1,0,1,1,0
2020-02-13,San Luis Obispo,079,281455,0,0,0,0,0
2020-02-13,San Mateo,081,765935,2,0,0,0,0
2020-02-13,Santa Barbara,083,443738,0,0,0,0,0
2020-02-13,Santa Clara,085,1922200,7,2,0,2,0
2020-02-13,Santa Cruz,087,273765,0,0,0,0,0
2020-02-13,Shasta,089,179085,0,0,0,0,0
2020-02-13,Sierra,091,2930,0,0,0,0,0
2020-02-13,Siskiyou,093,43540,0,0,0,0,0
2020-02-13,Solano,095,438530,0,0,0,0,0
2020-02-13,Sonoma,097,501317,0,0,0,0,0
2020-02-13,Stanislaus,099,539301,1,0,1,1,0
2020-02-13,Sutter,101,95872,0,0,0,0,0
2020-02-13,Tehama,103,63373,0,0,0,0,0
2020-02-13,Trinity,105,12862,0,0,0,0,0
2020-02-13,Tulare,107,460477,2,0,0,0,0
2020-02-13,Tuolumne,109,53932,0,0,0,0,0
2020-02-13,Ventura,111,848112,2,0,0,0,0
2020-02-13,Yolo,113,214977,1,0,0,0,0
2020-02-13,Yuba,115,75493,0,0,0,0,0
2020-02-12,Alameda,001,1643700,4,0,0,0,0
2020-02-12,Alpine,003,1148,0,0,0,0,0
2020-02-12,Amador,005,37829,0,0,0,0,0
2020-02-12,Butte,007,227075,0,0,0,0,0
2020-02-12,Calaveras,009,45235,0,0,0,0,0
2020-02-12,Colusa,011,21464,0,0,0,0,0
2020-02-12,Contra Costa,013,1133247,3,0,0,0,0
2020-02-12,Del Norte,015,27424,0,0,0,0,0
2020-02-12,El Dorado,017,186661,0,0,0,0,0
2020-02-12,Fresno,019,978130,0,0,0,0,0
2020-02-12,Glenn,021,27897,0,0,0,0,0
2020-02-12,Humboldt,023,135768,1,0,0,0,0
2020-02-12,Imperial,025,180216,1,0,0,0,0
2020-02-12,Inyo,027,18085,0,0,0,0,0
2020-02-12,Kern,029,883053,2,0,0,0,0
2020-02-12,Kings,031,150075,1,0,0,0,0
2020-02-12,Lake,033,64148,0,0,0,0,0
2020-02-12,Lassen,035,31185,0,0,0,0,0
2020-02-12,Los Angeles,037,10098052,24,1,5,6,0
2020-02-12,Madera,039,155013,0,0,0,0,0
2020-02-12,Marin,041,260295,0,0,0,0,0
2020-02-12,Mariposa,043,17540,0,0,0,0,0
2020-02-12,Mendocino,045,87422,0,0,0,0,0
2020-02-12,Merced,047,269075,0,0,0,0,0
2020-02-12,Modoc,049,8938,0,0,0,0,0
2020-02-12,Mono,051,14174,0,0,0,0,0
2020-02-12,Monterey,053,433212,0,0,0,0,0
2020-02-12,Napa,055,140530,0,0,0,0,0
2020-02-12,Nevada,057,99092,0,0,0,0,0
2020-02-12,Orange,059,3164182,36,1,0,1,0
2020-02-12,Placer,061,380077,0,0,0,0,0
2020-02-12,Plumas,063,18699,0,0,0,0,0
2020-02-12,Riverside,065,2383286,4,0,0,0,0
2020-02-12,Sacramento,067,1510023,1,0,0,0,0
2020-02-12,San Benito,069,59416,0,2,0,2,0
2020-02-12,San Bernardino,071,2135413,8,0,0,0,0
2020-02-12,San Diego,073,3302833,2,2,0,2,0
2020-02-12,San Francisco,075,870044,2,0,0,0,0
2020-02-12,San Joaquin,077,732212,1,0,1,1,0
2020-02-12,San Luis Obispo,079,281455,0,0,0,0,0
2020-02-12,San Mateo,081,765935,2,0,0,0,0
2020-02-12,Santa Barbara,083,443738,0,0,0,0,0
2020-02-12,Santa Clara,085,1922200,6,2,0,2,0
2020-02-12,Santa Cruz,087,273765,0,0,0,0,0
2020-02-12,Shasta,089,179085,0,0,0,0,0
2020-02-12,Sierra,091,2930,0,0,0,0,0
2020-02-12,Siskiyou,093,43540,0,0,0,0,0
2020-02-12,Solano,095,438530,0,0,0,0,0
2020-02-12,Sonoma,097,501317,0,0,0,0,0
2020-02-12,Stanislaus,099,539301,1,0,1,1,0
2020-02-12,Sutter,101,95872,0,0,0,0,0
2020-02-12,Tehama,103,63373,0,0,0,0,0
2020-02-12,Trinity,105,12862,0,0,0,0,0
2020-02-12,Tulare,107,460477,2,0,0,0,0
2020-02-12,Tuolumne,109,53932,0,0,0,0,0
2020-02-12,Ventura,111,848112,2,0,0,0,0
2020-02-12,Yolo,113,214977,1,0,0,0,0
2020-02-12,Yuba,115,75493,0,0,0,0,0
2020-02-11,Alameda,001,1643700,4,0,0,0,0
2020-02-11,Alpine,003,1148,0,0,0,0,0
2020-02-11,Amador,005,37829,0,0,0,0,0
2020-02-11,Butte,007,227075,0,0,0,0,0
2020-02-11,Calaveras,009,45235,0,0,0,0,0
2020-02-11,Colusa,011,21464,0,0,0,0,0
2020-02-11,Contra Costa,013,1133247,3,0,0,0,0
2020-02-11,Del Norte,015,27424,0,0,0,0,0
2020-02-11,El Dorado,017,186661,0,0,0,0,0
2020-02-11,Fresno,019,978130,0,0,0,0,0
2020-02-11,Glenn,021,27897,0,0,0,0,0
2020-02-11,Humboldt,023,135768,1,0,0,0,0
2020-02-11,Imperial,025,180216,1,0,0,0,0
2020-02-11,Inyo,027,18085,0,0,0,0,0
2020-02-11,Kern,029,883053,2,0,0,0,0
2020-02-11,Kings,031,150075,1,0,0,0,0
2020-02-11,Lake,033,64148,0,0,0,0,0
2020-02-11,Lassen,035,31185,0,0,0,0,0
2020-02-11,Los Angeles,037,10098052,24,1,5,6,0
2020-02-11,Madera,039,155013,0,0,0,0,0
2020-02-11,Marin,041,260295,0,0,0,0,0
2020-02-11,Mariposa,043,17540,0,0,0,0,0
2020-02-11,Mendocino,045,87422,0,0,0,0,0
2020-02-11,Merced,047,269075,0,0,0,0,0
2020-02-11,Modoc,049,8938,0,0,0,0,0
2020-02-11,Mono,051,14174,0,0,0,0,0
2020-02-11,Monterey,053,433212,0,0,0,0,0
2020-02-11,Napa,055,140530,0,0,0,0,0
2020-02-11,Nevada,057,99092,0,0,0,0,0
2020-02-11,Orange,059,3164182,35,1,0,1,0
2020-02-11,Placer,061,380077,0,0,0,0,0
2020-02-11,Plumas,063,18699,0,0,0,0,0
2020-02-11,Riverside,065,2383286,4,0,0,0,0
2020-02-11,Sacramento,067,1510023,1,0,0,0,0
2020-02-11,San Benito,069,59416,0,2,0,2,0
2020-02-11,San Bernardino,071,2135413,8,0,0,0,0
2020-02-11,San Diego,073,3302833,2,1,0,1,0
2020-02-11,San Francisco,075,870044,2,0,0,0,0
2020-02-11,San Joaquin,077,732212,0,0,1,1,0
2020-02-11,San Luis Obispo,079,281455,0,0,0,0,0
2020-02-11,San Mateo,081,765935,2,0,0,0,0
2020-02-11,Santa Barbara,083,443738,0,0,0,0,0
2020-02-11,Santa Clara,085,1922200,5,2,0,2,0
2020-02-11,Santa Cruz,087,273765,0,0,0,0,0
2020-02-11,Shasta,089,179085,0,0,0,0,0
2020-02-11,Sierra,091,2930,0,0,0,0,0
2020-02-11,Siskiyou,093,43540,0,0,0,0,0
2020-02-11,Solano,095,438530,0,0,0,0,0
2020-02-11,Sonoma,097,501317,0,0,0,0,0
2020-02-11,Stanislaus,099,539301,1,0,1,1,0
2020-02-11,Sutter,101,95872,0,0,0,0,0
2020-02-11,Tehama,103,63373,0,0,0,0,0
2020-02-11,Trinity,105,12862,0,0,0,0,0
2020-02-11,Tulare,107,460477,2,0,0,0,0
2020-02-11,Tuolumne,109,53932,0,0,0,0,0
2020-02-11,Ventura,111,848112,2,0,0,0,0
2020-02-11,Yolo,113,214977,1,0,0,0,0
2020-02-11,Yuba,115,75493,0,0,0,0,0
2020-02-10,Alameda,001,1643700,4,0,0,0,0
2020-02-10,Alpine,003,1148,0,0,0,0,0
2020-02-10,Amador,005,37829,0,0,0,0,0
2020-02-10,Butte,007,227075,0,0,0,0,0
2020-02-10,Calaveras,009,45235,0,0,0,0,0
2020-02-10,Colusa,011,21464,0,0,0,0,0
2020-02-10,Contra Costa,013,1133247,3,0,0,0,0
2020-02-10,Del Norte,015,27424,0,0,0,0,0
2020-02-10,El Dorado,017,186661,0,0,0,0,0
2020-02-10,Fresno,019,978130,0,0,0,0,0
2020-02-10,Glenn,021,27897,0,0,0,0,0
2020-02-10,Humboldt,023,135768,0,0,0,0,0
2020-02-10,Imperial,025,180216,1,0,0,0,0
2020-02-10,Inyo,027,18085,0,0,0,0,0
2020-02-10,Kern,029,883053,2,0,0,0,0
2020-02-10,Kings,031,150075,1,0,0,0,0
2020-02-10,Lake,033,64148,0,0,0,0,0
2020-02-10,Lassen,035,31185,0,0,0,0,0
2020-02-10,Los Angeles,037,10098052,22,1,5,6,0
2020-02-10,Madera,039,155013,0,0,0,0,0
2020-02-10,Marin,041,260295,0,0,0,0,0
2020-02-10,Mariposa,043,17540,0,0,0,0,0
2020-02-10,Mendocino,045,87422,0,0,0,0,0
2020-02-10,Merced,047,269075,0,0,0,0,0
2020-02-10,Modoc,049,8938,0,0,0,0,0
2020-02-10,Mono,051,14174,0,0,0,0,0
2020-02-10,Monterey,053,433212,0,0,0,0,0
2020-02-10,Napa,055,140530,0,0,0,0,0
2020-02-10,Nevada,057,99092,0,0,0,0,0
2020-02-10,Orange,059,3164182,35,1,0,1,0
2020-02-10,Placer,061,380077,0,0,0,0,0
2020-02-10,Plumas,063,18699,0,0,0,0,0
2020-02-10,Riverside,065,2383286,4,0,0,0,0
2020-02-10,Sacramento,067,1510023,1,0,0,0,0
2020-02-10,San Benito,069,59416,0,2,0,2,0
2020-02-10,San Bernardino,071,2135413,7,0,0,0,0
2020-02-10,San Diego,073,3302833,2,0,0,0,0
2020-02-10,San Francisco,075,870044,2,0,0,0,0
2020-02-10,San Joaquin,077,732212,0,0,1,1,0
2020-02-10,San Luis Obispo,079,281455,0,0,0,0,0
2020-02-10,San Mateo,081,765935,2,0,0,0,0
2020-02-10,Santa Barbara,083,443738,0,0,0,0,0
2020-02-10,Santa Clara,085,1922200,5,2,0,2,0
2020-02-10,Santa Cruz,087,273765,0,0,0,0,0
2020-02-10,Shasta,089,179085,0,0,0,0,0
2020-02-10,Sierra,091,2930,0,0,0,0,0
2020-02-10,Siskiyou,093,43540,0,0,0,0,0
2020-02-10,Solano,095,438530,0,0,0,0,0
2020-02-10,Sonoma,097,501317,0,0,0,0,0
2020-02-10,Stanislaus,099,539301,1,0,0,0,0
2020-02-10,Sutter,101,95872,0,0,0,0,0
2020-02-10,Tehama,103,63373,0,0,0,0,0
2020-02-10,Trinity,105,12862,0,0,0,0,0
2020-02-10,Tulare,107,460477,2,0,0,0,0
2020-02-10,Tuolumne,109,53932,0,0,0,0,0
2020-02-10,Ventura,111,848112,2,0,0,0,0
2020-02-10,Yolo,113,214977,1,0,0,0,0
2020-02-10,Yuba,115,75493,0,0,0,0,0
2020-02-09,Alameda,001,1643700,4,0,0,0,0
2020-02-09,Alpine,003,1148,0,0,0,0,0
2020-02-09,Amador,005,37829,0,0,0,0,0
2020-02-09,Butte,007,227075,0,0,0,0,0
2020-02-09,Calaveras,009,45235,0,0,0,0,0
2020-02-09,Colusa,011,21464,0,0,0,0,0
2020-02-09,Contra Costa,013,1133247,3,0,0,0,0
2020-02-09,Del Norte,015,27424,0,0,0,0,0
2020-02-09,El Dorado,017,186661,0,0,0,0,0
2020-02-09,Fresno,019,978130,0,0,0,0,0
2020-02-09,Glenn,021,27897,0,0,0,0,0
2020-02-09,Humboldt,023,135768,0,0,0,0,0
2020-02-09,Imperial,025,180216,1,0,0,0,0
2020-02-09,Inyo,027,18085,0,0,0,0,0
2020-02-09,Kern,029,883053,2,0,0,0,0
2020-02-09,Kings,031,150075,1,0,0,0,0
2020-02-09,Lake,033,64148,0,0,0,0,0
2020-02-09,Lassen,035,31185,0,0,0,0,0
2020-02-09,Los Angeles,037,10098052,21,1,5,6,0
2020-02-09,Madera,039,155013,0,0,0,0,0
2020-02-09,Marin,041,260295,0,0,0,0,0
2020-02-09,Mariposa,043,17540,0,0,0,0,0
2020-02-09,Mendocino,045,87422,0,0,0,0,0
2020-02-09,Merced,047,269075,0,0,0,0,0
2020-02-09,Modoc,049,8938,0,0,0,0,0
2020-02-09,Mono,051,14174,0,0,0,0,0
2020-02-09,Monterey,053,433212,0,0,0,0,0
2020-02-09,Napa,055,140530,0,0,0,0,0
2020-02-09,Nevada,057,99092,0,0,0,0,0
2020-02-09,Orange,059,3164182,35,1,0,1,0
2020-02-09,Placer,061,380077,0,0,0,0,0
2020-02-09,Plumas,063,18699,0,0,0,0,0
2020-02-09,Riverside,065,2383286,4,0,0,0,0
2020-02-09,Sacramento,067,1510023,0,0,0,0,0
2020-02-09,San Benito,069,59416,0,2,0,2,0
2020-02-09,San Bernardino,071,2135413,7,0,0,0,0
2020-02-09,San Diego,073,3302833,2,0,0,0,0
2020-02-09,San Francisco,075,870044,1,0,0,0,0
2020-02-09,San Joaquin,077,732212,0,0,1,1,0
2020-02-09,San Luis Obispo,079,281455,0,0,0,0,0
2020-02-09,San Mateo,081,765935,2,0,0,0,0
2020-02-09,Santa Barbara,083,443738,0,0,0,0,0
2020-02-09,Santa Clara,085,1922200,4,2,0,2,0
2020-02-09,Santa Cruz,087,273765,0,0,0,0,0
2020-02-09,Shasta,089,179085,0,0,0,0,0
2020-02-09,Sierra,091,2930,0,0,0,0,0
2020-02-09,Siskiyou,093,43540,0,0,0,0,0
2020-02-09,Solano,095,438530,0,0,0,0,0
2020-02-09,Sonoma,097,501317,0,0,0,0,0
2020-02-09,Stanislaus,099,539301,0,0,0,0,0
2020-02-09,Sutter,101,95872,0,0,0,0,0
2020-02-09,Tehama,103,63373,0,0,0,0,0
2020-02-09,Trinity,105,12862,0,0,0,0,0
2020-02-09,Tulare,107,460477,2,0,0,0,0
2020-02-09,Tuolumne,109,53932,0,0,0,0,0
2020-02-09,Ventura,111,848112,1,0,0,0,0
2020-02-09,Yolo,113,214977,1,0,0,0,0
2020-02-09,Yuba,115,75493,0,0,0,0,0
2020-02-08,Alameda,001,1643700,3,0,0,0,0
2020-02-08,Alpine,003,1148,0,0,0,0,0
2020-02-08,Amador,005,37829,0,0,0,0,0
2020-02-08,Butte,007,227075,0,0,0,0,0
2020-02-08,Calaveras,009,45235,0,0,0,0,0
2020-02-08,Colusa,011,21464,0,0,0,0,0
2020-02-08,Contra Costa,013,1133247,2,0,0,0,0
2020-02-08,Del Norte,015,27424,0,0,0,0,0
2020-02-08,El Dorado,017,186661,0,0,0,0,0
2020-02-08,Fresno,019,978130,0,0,0,0,0
2020-02-08,Glenn,021,27897,0,0,0,0,0
2020-02-08,Humboldt,023,135768,0,0,0,0,0
2020-02-08,Imperial,025,180216,1,0,0,0,0
2020-02-08,Inyo,027,18085,0,0,0,0,0
2020-02-08,Kern,029,883053,2,0,0,0,0
2020-02-08,Kings,031,150075,1,0,0,0,0
2020-02-08,Lake,033,64148,0,0,0,0,0
2020-02-08,Lassen,035,31185,0,0,0,0,0
2020-02-08,Los Angeles,037,10098052,17,1,3,4,0
2020-02-08,Madera,039,155013,0,0,0,0,0
2020-02-08,Marin,041,260295,0,0,0,0,0
2020-02-08,Mariposa,043,17540,0,0,0,0,0
2020-02-08,Mendocino,045,87422,0,0,0,0,0
2020-02-08,Merced,047,269075,0,0,0,0,0
2020-02-08,Modoc,049,8938,0,0,0,0,0
2020-02-08,Mono,051,14174,0,0,0,0,0
2020-02-08,Monterey,053,433212,0,0,0,0,0
2020-02-08,Napa,055,140530,0,0,0,0,0
2020-02-08,Nevada,057,99092,0,0,0,0,0
2020-02-08,Orange,059,3164182,35,1,0,1,0
2020-02-08,Placer,061,380077,0,0,0,0,0
2020-02-08,Plumas,063,18699,0,0,0,0,0
2020-02-08,Riverside,065,2383286,4,0,0,0,0
2020-02-08,Sacramento,067,1510023,0,0,0,0,0
2020-02-08,San Benito,069,59416,0,2,0,2,0
2020-02-08,San Bernardino,071,2135413,7,0,0,0,0
2020-02-08,San Diego,073,3302833,1,0,0,0,0
2020-02-08,San Francisco,075,870044,1,0,0,0,0
2020-02-08,San Joaquin,077,732212,0,0,1,1,0
2020-02-08,San Luis Obispo,079,281455,0,0,0,0,0
2020-02-08,San Mateo,081,765935,2,0,0,0,0
2020-02-08,Santa Barbara,083,443738,0,0,0,0,0
2020-02-08,Santa Clara,085,1922200,4,2,0,2,0
2020-02-08,Santa Cruz,087,273765,0,0,0,0,0
2020-02-08,Shasta,089,179085,0,0,0,0,0
2020-02-08,Sierra,091,2930,0,0,0,0,0
2020-02-08,Siskiyou,093,43540,0,0,0,0,0
2020-02-08,Solano,095,438530,0,0,0,0,0
2020-02-08,Sonoma,097,501317,0,0,0,0,0
2020-02-08,Stanislaus,099,539301,0,0,0,0,0
2020-02-08,Sutter,101,95872,0,0,0,0,0
2020-02-08,Tehama,103,63373,0,0,0,0,0
2020-02-08,Trinity,105,12862,0,0,0,0,0
2020-02-08,Tulare,107,460477,2,0,0,0,0
2020-02-08,Tuolumne,109,53932,0,0,0,0,0
2020-02-08,Ventura,111,848112,1,0,0,0,0
2020-02-08,Yolo,113,214977,1,0,0,0,0
2020-02-08,Yuba,115,75493,0,0,0,0,0
2020-02-07,Alameda,001,1643700,3,0,0,0,0
2020-02-07,Alpine,003,1148,0,0,0,0,0
2020-02-07,Amador,005,37829,0,0,0,0,0
2020-02-07,Butte,007,227075,0,0,0,0,0
2020-02-07,Calaveras,009,45235,0,0,0,0,0
2020-02-07,Colusa,011,21464,0,0,0,0,0
2020-02-07,Contra Costa,013,1133247,2,0,0,0,0
2020-02-07,Del Norte,015,27424,0,0,0,0,0
2020-02-07,El Dorado,017,186661,0,0,0,0,0
2020-02-07,Fresno,019,978130,0,0,0,0,0
2020-02-07,Glenn,021,27897,0,0,0,0,0
2020-02-07,Humboldt,023,135768,0,0,0,0,0
2020-02-07,Imperial,025,180216,1,0,0,0,0
2020-02-07,Inyo,027,18085,0,0,0,0,0
2020-02-07,Kern,029,883053,2,0,0,0,0
2020-02-07,Kings,031,150075,1,0,0,0,0
2020-02-07,Lake,033,64148,0,0,0,0,0
2020-02-07,Lassen,035,31185,0,0,0,0,0
2020-02-07,Los Angeles,037,10098052,16,1,2,3,0
2020-02-07,Madera,039,155013,0,0,0,0,0
2020-02-07,Marin,041,260295,0,0,0,0,0
2020-02-07,Mariposa,043,17540,0,0,0,0,0
2020-02-07,Mendocino,045,87422,0,0,0,0,0
2020-02-07,Merced,047,269075,0,0,0,0,0
2020-02-07,Modoc,049,8938,0,0,0,0,0
2020-02-07,Mono,051,14174,0,0,0,0,0
2020-02-07,Monterey,053,433212,0,0,0,0,0
2020-02-07,Napa,055,140530,0,0,0,0,0
2020-02-07,Nevada,057,99092,0,0,0,0,0
2020-02-07,Orange,059,3164182,33,1,0,1,0
2020-02-07,Placer,061,380077,0,0,0,0,0
2020-02-07,Plumas,063,18699,0,0,0,0,0
2020-02-07,Riverside,065,2383286,4,0,0,0,0
2020-02-07,Sacramento,067,1510023,0,0,0,0,0
2020-02-07,San Benito,069,59416,0,2,0,2,0
2020-02-07,San Bernardino,071,2135413,4,0,0,0,0
2020-02-07,San Diego,073,3302833,1,0,0,0,0
2020-02-07,San Francisco,075,870044,1,0,0,0,0
2020-02-07,San Joaquin,077,732212,0,0,1,1,0
2020-02-07,San Luis Obispo,079,281455,0,0,0,0,0
2020-02-07,San Mateo,081,765935,1,0,0,0,0
2020-02-07,Santa Barbara,083,443738,0,0,0,0,0
2020-02-07,Santa Clara,085,1922200,4,2,0,2,0
2020-02-07,Santa Cruz,087,273765,0,0,0,0,0
2020-02-07,Shasta,089,179085,0,0,0,0,0
2020-02-07,Sierra,091,2930,0,0,0,0,0
2020-02-07,Siskiyou,093,43540,0,0,0,0,0
2020-02-07,Solano,095,438530,0,0,0,0,0
2020-02-07,Sonoma,097,501317,0,0,0,0,0
2020-02-07,Stanislaus,099,539301,0,0,0,0,0
2020-02-07,Sutter,101,95872,0,0,0,0,0
2020-02-07,Tehama,103,63373,0,0,0,0,0
2020-02-07,Trinity,105,12862,0,0,0,0,0
2020-02-07,Tulare,107,460477,2,0,0,0,0
2020-02-07,Tuolumne,109,53932,0,0,0,0,0
2020-02-07,Ventura,111,848112,1,0,0,0,0
2020-02-07,Yolo,113,214977,1,0,0,0,0
2020-02-07,Yuba,115,75493,0,0,0,0,0
2020-02-06,Alameda,001,1643700,3,0,0,0,0
2020-02-06,Alpine,003,1148,0,0,0,0,0
2020-02-06,Amador,005,37829,0,0,0,0,0
2020-02-06,Butte,007,227075,0,0,0,0,0
2020-02-06,Calaveras,009,45235,0,0,0,0,0
2020-02-06,Colusa,011,21464,0,0,0,0,0
2020-02-06,Contra Costa,013,1133247,2,0,0,0,0
2020-02-06,Del Norte,015,27424,0,0,0,0,0
2020-02-06,El Dorado,017,186661,0,0,0,0,0
2020-02-06,Fresno,019,978130,0,0,0,0,0
2020-02-06,Glenn,021,27897,0,0,0,0,0
2020-02-06,Humboldt,023,135768,0,0,0,0,0
2020-02-06,Imperial,025,180216,1,0,0,0,0
2020-02-06,Inyo,027,18085,0,0,0,0,0
2020-02-06,Kern,029,883053,2,0,0,0,0
2020-02-06,Kings,031,150075,0,0,0,0,0
2020-02-06,Lake,033,64148,0,0,0,0,0
2020-02-06,Lassen,035,31185,0,0,0,0,0
2020-02-06,Los Angeles,037,10098052,15,1,2,3,0
2020-02-06,Madera,039,155013,0,0,0,0,0
2020-02-06,Marin,041,260295,0,0,0,0,0
2020-02-06,Mariposa,043,17540,0,0,0,0,0
2020-02-06,Mendocino,045,87422,0,0,0,0,0
2020-02-06,Merced,047,269075,0,0,0,0,0
2020-02-06,Modoc,049,8938,0,0,0,0,0
2020-02-06,Mono,051,14174,0,0,0,0,0
2020-02-06,Monterey,053,433212,0,0,0,0,0
2020-02-06,Napa,055,140530,0,0,0,0,0
2020-02-06,Nevada,057,99092,0,0,0,0,0
2020-02-06,Orange,059,3164182,3,1,0,1,0
2020-02-06,Placer,061,380077,0,0,0,0,0
2020-02-06,Plumas,063,18699,0,0,0,0,0
2020-02-06,Riverside,065,2383286,4,0,0,0,0
2020-02-06,Sacramento,067,1510023,0,0,0,0,0
2020-02-06,San Benito,069,59416,0,2,0,2,0
2020-02-06,San Bernardino,071,2135413,4,0,0,0,0
2020-02-06,San Diego,073,3302833,1,0,0,0,0
2020-02-06,San Francisco,075,870044,1,0,0,0,0
2020-02-06,San Joaquin,077,732212,0,0,1,1,0
2020-02-06,San Luis Obispo,079,281455,0,0,0,0,0
2020-02-06,San Mateo,081,765935,1,0,0,0,0
2020-02-06,Santa Barbara,083,443738,0,0,0,0,0
2020-02-06,Santa Clara,085,1922200,4,2,0,2,0
2020-02-06,Santa Cruz,087,273765,0,0,0,0,0
2020-02-06,Shasta,089,179085,0,0,0,0,0
2020-02-06,Sierra,091,2930,0,0,0,0,0
2020-02-06,Siskiyou,093,43540,0,0,0,0,0
2020-02-06,Solano,095,438530,0,0,0,0,0
2020-02-06,Sonoma,097,501317,0,0,0,0,0
2020-02-06,Stanislaus,099,539301,0,0,0,0,0
2020-02-06,Sutter,101,95872,0,0,0,0,0
2020-02-06,Tehama,103,63373,0,0,0,0,0
2020-02-06,Trinity,105,12862,0,0,0,0,0
2020-02-06,Tulare,107,460477,2,0,0,0,0
2020-02-06,Tuolumne,109,53932,0,0,0,0,0
2020-02-06,Ventura,111,848112,1,0,0,0,0
2020-02-06,Yolo,113,214977,1,0,0,0,0
2020-02-06,Yuba,115,75493,0,0,0,0,0
2020-02-05,Alameda,001,1643700,3,0,0,0,0
2020-02-05,Alpine,003,1148,0,0,0,0,0
2020-02-05,Amador,005,37829,0,0,0,0,0
2020-02-05,Butte,007,227075,0,0,0,0,0
2020-02-05,Calaveras,009,45235,0,0,0,0,0
2020-02-05,Colusa,011,21464,0,0,0,0,0
2020-02-05,Contra Costa,013,1133247,2,0,0,0,0
2020-02-05,Del Norte,015,27424,0,0,0,0,0
2020-02-05,El Dorado,017,186661,0,0,0,0,0
2020-02-05,Fresno,019,978130,0,0,0,0,0
2020-02-05,Glenn,021,27897,0,0,0,0,0
2020-02-05,Humboldt,023,135768,0,0,0,0,0
2020-02-05,Imperial,025,180216,1,0,0,0,0
2020-02-05,Inyo,027,18085,0,0,0,0,0
2020-02-05,Kern,029,883053,1,0,0,0,0
2020-02-05,Kings,031,150075,0,0,0,0,0
2020-02-05,Lake,033,64148,0,0,0,0,0
2020-02-05,Lassen,035,31185,0,0,0,0,0
2020-02-05,Los Angeles,037,10098052,15,1,1,2,0
2020-02-05,Madera,039,155013,0,0,0,0,0
2020-02-05,Marin,041,260295,0,0,0,0,0
2020-02-05,Mariposa,043,17540,0,0,0,0,0
2020-02-05,Mendocino,045,87422,0,0,0,0,0
2020-02-05,Merced,047,269075,0,0,0,0,0
2020-02-05,Modoc,049,8938,0,0,0,0,0
2020-02-05,Mono,051,14174,0,0,0,0,0
2020-02-05,Monterey,053,433212,0,0,0,0,0
2020-02-05,Napa,055,140530,0,0,0,0,0
2020-02-05,Nevada,057,99092,0,0,0,0,0
2020-02-05,Orange,059,3164182,1,1,0,1,0
2020-02-05,Placer,061,380077,0,0,0,0,0
2020-02-05,Plumas,063,18699,0,0,0,0,0
2020-02-05,Riverside,065,2383286,4,0,0,0,0
2020-02-05,Sacramento,067,1510023,0,0,0,0,0
2020-02-05,San Benito,069,59416,0,2,0,2,0
2020-02-05,San Bernardino,071,2135413,4,0,0,0,0
2020-02-05,San Diego,073,3302833,0,0,0,0,0
2020-02-05,San Francisco,075,870044,1,0,0,0,0
2020-02-05,San Joaquin,077,732212,0,0,1,1,0
2020-02-05,San Luis Obispo,079,281455,0,0,0,0,0
2020-02-05,San Mateo,081,765935,1,0,0,0,0
2020-02-05,Santa Barbara,083,443738,0,0,0,0,0
2020-02-05,Santa Clara,085,1922200,2,2,0,2,0
2020-02-05,Santa Cruz,087,273765,0,0,0,0,0
2020-02-05,Shasta,089,179085,0,0,0,0,0
2020-02-05,Sierra,091,2930,0,0,0,0,0
2020-02-05,Siskiyou,093,43540,0,0,0,0,0
2020-02-05,Solano,095,438530,0,0,0,0,0
2020-02-05,Sonoma,097,501317,0,0,0,0,0
2020-02-05,Stanislaus,099,539301,0,0,0,0,0
2020-02-05,Sutter,101,95872,0,0,0,0,0
2020-02-05,Tehama,103,63373,0,0,0,0,0
2020-02-05,Trinity,105,12862,0,0,0,0,0
2020-02-05,Tulare,107,460477,2,0,0,0,0
2020-02-05,Tuolumne,109,53932,0,0,0,0,0
2020-02-05,Ventura,111,848112,0,0,0,0,0
2020-02-05,Yolo,113,214977,1,0,0,0,0
2020-02-05,Yuba,115,75493,0,0,0,0,0
2020-02-04,Alameda,001,1643700,3,0,0,0,0
2020-02-04,Alpine,003,1148,0,0,0,0,0
2020-02-04,Amador,005,37829,0,0,0,0,0
2020-02-04,Butte,007,227075,0,0,0,0,0
2020-02-04,Calaveras,009,45235,0,0,0,0,0
2020-02-04,Colusa,011,21464,0,0,0,0,0
2020-02-04,Contra Costa,013,1133247,2,0,0,0,0
2020-02-04,Del Norte,015,27424,0,0,0,0,0
2020-02-04,El Dorado,017,186661,0,0,0,0,0
2020-02-04,Fresno,019,978130,0,0,0,0,0
2020-02-04,Glenn,021,27897,0,0,0,0,0
2020-02-04,Humboldt,023,135768,0,0,0,0,0
2020-02-04,Imperial,025,180216,1,0,0,0,0
2020-02-04,Inyo,027,18085,0,0,0,0,0
2020-02-04,Kern,029,883053,0,0,0,0,0
2020-02-04,Kings,031,150075,0,0,0,0,0
2020-02-04,Lake,033,64148,0,0,0,0,0
2020-02-04,Lassen,035,31185,0,0,0,0,0
2020-02-04,Los Angeles,037,10098052,15,1,1,2,0
2020-02-04,Madera,039,155013,0,0,0,0,0
2020-02-04,Marin,041,260295,0,0,0,0,0
2020-02-04,Mariposa,043,17540,0,0,0,0,0
2020-02-04,Mendocino,045,87422,0,0,0,0,0
2020-02-04,Merced,047,269075,0,0,0,0,0
2020-02-04,Modoc,049,8938,0,0,0,0,0
2020-02-04,Mono,051,14174,0,0,0,0,0
2020-02-04,Monterey,053,433212,0,0,0,0,0
2020-02-04,Napa,055,140530,0,0,0,0,0
2020-02-04,Nevada,057,99092,0,0,0,0,0
2020-02-04,Orange,059,3164182,1,1,0,1,0
2020-02-04,Placer,061,380077,0,0,0,0,0
2020-02-04,Plumas,063,18699,0,0,0,0,0
2020-02-04,Riverside,065,2383286,4,0,0,0,0
2020-02-04,Sacramento,067,1510023,0,0,0,0,0
2020-02-04,San Benito,069,59416,0,2,0,2,0
2020-02-04,San Bernardino,071,2135413,3,0,0,0,0
2020-02-04,San Diego,073,3302833,0,0,0,0,0
2020-02-04,San Francisco,075,870044,1,0,0,0,0
2020-02-04,San Joaquin,077,732212,0,0,1,1,0
2020-02-04,San Luis Obispo,079,281455,0,0,0,0,0
2020-02-04,San Mateo,081,765935,0,0,0,0,0
2020-02-04,Santa Barbara,083,443738,0,0,0,0,0
2020-02-04,Santa Clara,085,1922200,2,2,0,2,0
2020-02-04,Santa Cruz,087,273765,0,0,0,0,0
2020-02-04,Shasta,089,179085,0,0,0,0,0
2020-02-04,Sierra,091,2930,0,0,0,0,0
2020-02-04,Siskiyou,093,43540,0,0,0,0,0
2020-02-04,Solano,095,438530,0,0,0,0,0
2020-02-04,Sonoma,097,501317,0,0,0,0,0
2020-02-04,Stanislaus,099,539301,0,0,0,0,0
2020-02-04,Sutter,101,95872,0,0,0,0,0
2020-02-04,Tehama,103,63373,0,0,0,0,0
2020-02-04,Trinity,105,12862,0,0,0,0,0
2020-02-04,Tulare,107,460477,2,0,0,0,0
2020-02-04,Tuolumne,109,53932,0,0,0,0,0
2020-02-04,Ventura,111,848112,0,0,0,0,0
2020-02-04,Yolo,113,214977,1,0,0,0,0
2020-02-04,Yuba,115,75493,0,0,0,0,0
2020-02-03,Alameda,001,1643700,3,0,0,0,0
2020-02-03,Alpine,003,1148,0,0,0,0,0
2020-02-03,Amador,005,37829,0,0,0,0,0
2020-02-03,Butte,007,227075,0,0,0,0,0
2020-02-03,Calaveras,009,45235,0,0,0,0,0
2020-02-03,Colusa,011,21464,0,0,0,0,0
2020-02-03,Contra Costa,013,1133247,2,0,0,0,0
2020-02-03,Del Norte,015,27424,0,0,0,0,0
2020-02-03,El Dorado,017,186661,0,0,0,0,0
2020-02-03,Fresno,019,978130,0,0,0,0,0
2020-02-03,Glenn,021,27897,0,0,0,0,0
2020-02-03,Humboldt,023,135768,0,0,0,0,0
2020-02-03,Imperial,025,180216,1,0,0,0,0
2020-02-03,Inyo,027,18085,0,0,0,0,0
2020-02-03,Kern,029,883053,0,0,0,0,0
2020-02-03,Kings,031,150075,0,0,0,0,0
2020-02-03,Lake,033,64148,0,0,0,0,0
2020-02-03,Lassen,035,31185,0,0,0,0,0
2020-02-03,Los Angeles,037,10098052,15,1,0,1,0
2020-02-03,Madera,039,155013,0,0,0,0,0
2020-02-03,Marin,041,260295,0,0,0,0,0
2020-02-03,Mariposa,043,17540,0,0,0,0,0
2020-02-03,Mendocino,045,87422,0,0,0,0,0
2020-02-03,Merced,047,269075,0,0,0,0,0
2020-02-03,Modoc,049,8938,0,0,0,0,0
2020-02-03,Mono,051,14174,0,0,0,0,0
2020-02-03,Monterey,053,433212,0,0,0,0,0
2020-02-03,Napa,055,140530,0,0,0,0,0
2020-02-03,Nevada,057,99092,0,0,0,0,0
2020-02-03,Orange,059,3164182,1,1,0,1,0
2020-02-03,Placer,061,380077,0,0,0,0,0
2020-02-03,Plumas,063,18699,0,0,0,0,0
2020-02-03,Riverside,065,2383286,4,0,0,0,0
2020-02-03,Sacramento,067,1510023,0,0,0,0,0
2020-02-03,San Benito,069,59416,0,2,0,2,0
2020-02-03,San Bernardino,071,2135413,3,0,0,0,0
2020-02-03,San Diego,073,3302833,0,0,0,0,0
2020-02-03,San Francisco,075,870044,1,0,0,0,0
2020-02-03,San Joaquin,077,732212,0,0,1,1,0
2020-02-03,San Luis Obispo,079,281455,0,0,0,0,0
2020-02-03,San Mateo,081,765935,0,0,0,0,0
2020-02-03,Santa Barbara,083,443738,0,0,0,0,0
2020-02-03,Santa Clara,085,1922200,2,2,0,2,0
2020-02-03,Santa Cruz,087,273765,0,0,0,0,0
2020-02-03,Shasta,089,179085,0,0,0,0,0
2020-02-03,Sierra,091,2930,0,0,0,0,0
2020-02-03,Siskiyou,093,43540,0,0,0,0,0
2020-02-03,Solano,095,438530,0,0,0,0,0
2020-02-03,Sonoma,097,501317,0,0,0,0,0
2020-02-03,Stanislaus,099,539301,0,0,0,0,0
2020-02-03,Sutter,101,95872,0,0,0,0,0
2020-02-03,Tehama,103,63373,0,0,0,0,0
2020-02-03,Trinity,105,12862,0,0,0,0,0
2020-02-03,Tulare,107,460477,2,0,0,0,0
2020-02-03,Tuolumne,109,53932,0,0,0,0,0
2020-02-03,Ventura,111,848112,0,0,0,0,0
2020-02-03,Yolo,113,214977,1,0,0,0,0
2020-02-03,Yuba,115,75493,0,0,0,0,0
2020-02-02,Alameda,001,1643700,3,0,0,0,0
2020-02-02,Alpine,003,1148,0,0,0,0,0
2020-02-02,Amador,005,37829,0,0,0,0,0
2020-02-02,Butte,007,227075,0,0,0,0,0
2020-02-02,Calaveras,009,45235,0,0,0,0,0
2020-02-02,Colusa,011,21464,0,0,0,0,0
2020-02-02,Contra Costa,013,1133247,1,0,0,0,0
2020-02-02,Del Norte,015,27424,0,0,0,0,0
2020-02-02,El Dorado,017,186661,0,0,0,0,0
2020-02-02,Fresno,019,978130,0,0,0,0,0
2020-02-02,Glenn,021,27897,0,0,0,0,0
2020-02-02,Humboldt,023,135768,0,0,0,0,0
2020-02-02,Imperial,025,180216,1,0,0,0,0
2020-02-02,Inyo,027,18085,0,0,0,0,0
2020-02-02,Kern,029,883053,0,0,0,0,0
2020-02-02,Kings,031,150075,0,0,0,0,0
2020-02-02,Lake,033,64148,0,0,0,0,0
2020-02-02,Lassen,035,31185,0,0,0,0,0
2020-02-02,Los Angeles,037,10098052,13,1,0,1,0
2020-02-02,Madera,039,155013,0,0,0,0,0
2020-02-02,Marin,041,260295,0,0,0,0,0
2020-02-02,Mariposa,043,17540,0,0,0,0,0
2020-02-02,Mendocino,045,87422,0,0,0,0,0
2020-02-02,Merced,047,269075,0,0,0,0,0
2020-02-02,Modoc,049,8938,0,0,0,0,0
2020-02-02,Mono,051,14174,0,0,0,0,0
2020-02-02,Monterey,053,433212,0,0,0,0,0
2020-02-02,Napa,055,140530,0,0,0,0,0
2020-02-02,Nevada,057,99092,0,0,0,0,0
2020-02-02,Orange,059,3164182,1,1,0,1,0
2020-02-02,Placer,061,380077,0,0,0,0,0
2020-02-02,Plumas,063,18699,0,0,0,0,0
2020-02-02,Riverside,065,2383286,3,0,0,0,0
2020-02-02,Sacramento,067,1510023,0,0,0,0,0
2020-02-02,San Benito,069,59416,0,2,0,2,0
2020-02-02,San Bernardino,071,2135413,2,0,0,0,0
2020-02-02,San Diego,073,3302833,0,0,0,0,0
2020-02-02,San Francisco,075,870044,1,0,0,0,0
2020-02-02,San Joaquin,077,732212,0,0,1,1,0
2020-02-02,San Luis Obispo,079,281455,0,0,0,0,0
2020-02-02,San Mateo,081,765935,0,0,0,0,0
2020-02-02,Santa Barbara,083,443738,0,0,0,0,0
2020-02-02,Santa Clara,085,1922200,2,2,0,2,0
2020-02-02,Santa Cruz,087,273765,0,0,0,0,0
2020-02-02,Shasta,089,179085,0,0,0,0,0
2020-02-02,Sierra,091,2930,0,0,0,0,0
2020-02-02,Siskiyou,093,43540,0,0,0,0,0
2020-02-02,Solano,095,438530,0,0,0,0,0
2020-02-02,Sonoma,097,501317,0,0,0,0,0
2020-02-02,Stanislaus,099,539301,0,0,0,0,0
2020-02-02,Sutter,101,95872,0,0,0,0,0
2020-02-02,Tehama,103,63373,0,0,0,0,0
2020-02-02,Trinity,105,12862,0,0,0,0,0
2020-02-02,Tulare,107,460477,2,0,0,0,0
2020-02-02,Tuolumne,109,53932,0,0,0,0,0
2020-02-02,Ventura,111,848112,0,0,0,0,0
2020-02-02,Yolo,113,214977,1,0,0,0,0
2020-02-02,Yuba,115,75493,0,0,0,0,0
2020-02-01,Alameda,001,1643700,3,0,0,0,0
2020-02-01,Alpine,003,1148,0,0,0,0,0
2020-02-01,Amador,005,37829,0,0,0,0,0
2020-02-01,Butte,007,227075,0,0,0,0,0
2020-02-01,Calaveras,009,45235,0,0,0,0,0
2020-02-01,Colusa,011,21464,0,0,0,0,0
2020-02-01,Contra Costa,013,1133247,0,0,0,0,0
2020-02-01,Del Norte,015,27424,0,0,0,0,0
2020-02-01,El Dorado,017,186661,0,0,0,0,0
2020-02-01,Fresno,019,978130,0,0,0,0,0
2020-02-01,Glenn,021,27897,0,0,0,0,0
2020-02-01,Humboldt,023,135768,0,0,0,0,0
2020-02-01,Imperial,025,180216,0,0,0,0,0
2020-02-01,Inyo,027,18085,0,0,0,0,0
2020-02-01,Kern,029,883053,0,0,0,0,0
2020-02-01,Kings,031,150075,0,0,0,0,0
2020-02-01,Lake,033,64148,0,0,0,0,0
2020-02-01,Lassen,035,31185,0,0,0,0,0
2020-02-01,Los Angeles,037,10098052,12,1,0,1,0
2020-02-01,Madera,039,155013,0,0,0,0,0
2020-02-01,Marin,041,260295,0,0,0,0,0
2020-02-01,Mariposa,043,17540,0,0,0,0,0
2020-02-01,Mendocino,045,87422,0,0,0,0,0
2020-02-01,Merced,047,269075,0,0,0,0,0
2020-02-01,Modoc,049,8938,0,0,0,0,0
2020-02-01,Mono,051,14174,0,0,0,0,0
2020-02-01,Monterey,053,433212,0,0,0,0,0
2020-02-01,Napa,055,140530,0,0,0,0,0
2020-02-01,Nevada,057,99092,0,0,0,0,0
2020-02-01,Orange,059,3164182,1,1,0,1,0
2020-02-01,Placer,061,380077,0,0,0,0,0
2020-02-01,Plumas,063,18699,0,0,0,0,0
2020-02-01,Riverside,065,2383286,2,0,0,0,0
2020-02-01,Sacramento,067,1510023,0,0,0,0,0
2020-02-01,San Benito,069,59416,0,0,0,0,0
2020-02-01,San Bernardino,071,2135413,1,0,0,0,0
2020-02-01,San Diego,073,3302833,0,0,0,0,0
2020-02-01,San Francisco,075,870044,1,0,0,0,0
2020-02-01,San Joaquin,077,732212,0,0,1,1,0
2020-02-01,San Luis Obispo,079,281455,0,0,0,0,0
2020-02-01,San Mateo,081,765935,0,0,0,0,0
2020-02-01,Santa Barbara,083,443738,0,0,0,0,0
2020-02-01,Santa Clara,085,1922200,2,1,0,1,0
2020-02-01,Santa Cruz,087,273765,0,0,0,0,0
2020-02-01,Shasta,089,179085,0,0,0,0,0
2020-02-01,Sierra,091,2930,0,0,0,0,0
2020-02-01,Siskiyou,093,43540,0,0,0,0,0
2020-02-01,Solano,095,438530,0,0,0,0,0
2020-02-01,Sonoma,097,501317,0,0,0,0,0
2020-02-01,Stanislaus,099,539301,0,0,0,0,0
2020-02-01,Sutter,101,95872,0,0,0,0,0
2020-02-01,Tehama,103,63373,0,0,0,0,0
2020-02-01,Trinity,105,12862,0,0,0,0,0
2020-02-01,Tulare,107,460477,1,0,0,0,0
2020-02-01,Tuolumne,109,53932,0,0,0,0,0
2020-02-01,Ventura,111,848112,0,0,0,0,0
2020-02-01,Yolo,113,214977,0,0,0,0,0
2020-02-01,Yuba,115,75493,0,0,0,0,0
